,TIME,SRC,PACKET_SIZE,CUMULATIVE_PACKET_SIZE,PAGE_NUMBER,TOTAL_PACKET_SIZE
0,0.0,172.217.194.0-255,153,153,87,180268
1,2.4e-05,172.31.47.0-255,66,219,87,180268
2,3e-05,172.217.194.0-255,1484,1703,87,180268
3,3.4e-05,172.31.47.0-255,66,1769,87,180268
4,3.8e-05,172.217.194.0-255,2902,4671,87,180268
5,4.6e-05,172.31.47.0-255,66,4737,87,180268
6,5.3e-05,172.217.194.0-255,5738,10475,87,180268
7,5.5e-05,172.31.47.0-255,66,10541,87,180268
8,9.7e-05,172.217.194.0-255,5738,16279,87,180268
9,0.0001,172.31.47.0-255,66,16345,87,180268
10,0.000125,172.217.194.0-255,4823,21168,87,180268
11,0.000128,172.31.47.0-255,66,21234,87,180268
12,0.000138,172.217.194.0-255,1484,22718,87,180268
13,0.000143,172.31.47.0-255,66,22784,87,180268
14,0.000174,172.31.47.0-255,66,22850,87,180268
15,0.000192,172.217.194.0-255,7156,30006,87,180268
16,0.000194,172.31.47.0-255,66,30072,87,180268
17,0.000205,172.217.194.0-255,2902,32974,87,180268
18,0.000207,172.31.47.0-255,66,33040,87,180268
19,0.000216,172.217.194.0-255,6797,39837,87,180268
20,0.000218,172.31.47.0-255,66,39903,87,180268
21,0.000264,172.217.194.0-255,2902,42805,87,180268
22,0.000267,172.31.47.0-255,66,42871,87,180268
23,0.000303,172.31.47.0-255,66,42937,87,180268
24,0.000335,172.217.194.0-255,382,43319,87,180268
25,0.000337,172.31.47.0-255,66,43385,87,180268
26,0.000706,172.217.194.0-255,1484,44869,87,180268
27,0.000709,172.31.47.0-255,66,44935,87,180268
28,0.000717,172.217.194.0-255,2902,47837,87,180268
29,0.000719,172.31.47.0-255,66,47903,87,180268
30,0.000729,172.217.194.0-255,5738,53641,87,180268
31,0.000731,172.31.47.0-255,66,53707,87,180268
32,0.000747,172.217.194.0-255,4320,58027,87,180268
33,0.00075,172.31.47.0-255,66,58093,87,180268
34,0.000781,172.31.47.0-255,66,58159,87,180268
35,0.000792,172.31.47.0-255,66,58225,87,180268
36,0.000794,172.217.194.0-255,766,58991,87,180268
37,0.000967,172.217.194.0-255,1484,60475,87,180268
38,0.000973,172.31.47.0-255,66,60541,87,180268
39,0.000978,172.217.194.0-255,2902,63443,87,180268
40,0.000979,172.31.47.0-255,66,63509,87,180268
41,0.000984,172.217.194.0-255,2902,66411,87,180268
42,0.000985,172.31.47.0-255,66,66477,87,180268
43,0.001028,172.217.194.0-255,2902,69379,87,180268
44,0.001031,172.31.47.0-255,66,69445,87,180268
45,0.001047,172.31.47.0-255,66,69511,87,180268
46,0.001056,172.31.47.0-255,66,69577,87,180268
47,0.001059,172.217.194.0-255,2184,71761,87,180268
48,0.001061,172.31.47.0-255,66,71827,87,180268
49,0.001176,172.217.194.0-255,1484,73311,87,180268
50,0.001182,172.217.194.0-255,2902,76213,87,180268
51,0.001186,172.31.47.0-255,66,76279,87,180268
52,0.001189,172.217.194.0-255,1484,77763,87,180268
53,0.001216,172.217.194.0-255,4320,82083,87,180268
54,0.001218,172.31.47.0-255,66,82149,87,180268
55,0.001226,172.31.47.0-255,66,82215,87,180268
56,0.001244,172.217.194.0-255,4320,86535,87,180268
57,0.001245,172.31.47.0-255,66,86601,87,180268
58,0.001251,172.217.194.0-255,1484,88085,87,180268
59,0.00127,172.217.194.0-255,4320,92405,87,180268
60,0.001273,172.31.47.0-255,66,92471,87,180268
61,0.001298,172.217.194.0-255,5020,97491,87,180268
62,0.001302,172.31.47.0-255,66,97557,87,180268
63,0.001571,172.217.194.0-255,1484,99041,87,180268
64,0.001577,172.217.194.0-255,2902,101943,87,180268
65,0.001579,172.31.47.0-255,66,102009,87,180268
66,0.001616,172.217.194.0-255,5738,107747,87,180268
67,0.001619,172.31.47.0-255,66,107813,87,180268
68,0.001623,172.217.194.0-255,2902,110715,87,180268
69,0.001624,172.31.47.0-255,66,110781,87,180268
70,0.001666,172.31.47.0-255,66,110847,87,180268
71,0.001676,172.31.47.0-255,66,110913,87,180268
72,0.00189,172.217.194.0-255,1484,112397,87,180268
73,0.001896,172.217.194.0-255,2902,115299,87,180268
74,0.001898,172.31.47.0-255,66,115365,87,180268
75,0.001926,172.217.194.0-255,5738,121103,87,180268
76,0.001928,172.31.47.0-255,66,121169,87,180268
77,0.001965,172.217.194.0-255,4320,125489,87,180268
78,0.001968,172.31.47.0-255,66,125555,87,180268
79,0.00197,172.31.47.0-255,66,125621,87,180268
80,0.001979,172.217.194.0-255,5738,131359,87,180268
81,0.001981,172.31.47.0-255,66,131425,87,180268
82,0.001986,172.217.194.0-255,766,132191,87,180268
83,0.002048,172.217.194.0-255,1484,133675,87,180268
84,0.002052,172.31.47.0-255,66,133741,87,180268
85,0.002069,172.217.194.0-255,2902,136643,87,180268
86,0.002071,172.31.47.0-255,66,136709,87,180268
87,0.002077,172.217.194.0-255,5738,142447,87,180268
88,0.002078,172.31.47.0-255,66,142513,87,180268
89,0.002131,172.31.47.0-255,66,142579,87,180268
90,0.002149,172.31.47.0-255,66,142645,87,180268
91,0.002199,172.217.194.0-255,4320,146965,87,180268
92,0.002203,172.31.47.0-255,66,147031,87,180268
93,0.00224,172.31.47.0-255,66,147097,87,180268
94,0.002246,172.217.194.0-255,7156,154253,87,180268
95,0.002249,172.31.47.0-255,66,154319,87,180268
96,0.002331,172.31.47.0-255,66,154385,87,180268
97,0.00235,172.31.47.0-255,66,154451,87,180268
98,0.002368,172.31.47.0-255,66,154517,87,180268
99,0.002464,172.217.194.0-255,1484,156001,87,180268
100,0.00247,172.217.194.0-255,2902,158903,87,180268
101,0.002473,172.31.47.0-255,66,158969,87,180268
102,0.002478,172.217.194.0-255,2902,161871,87,180268
103,0.00248,172.31.47.0-255,66,161937,87,180268
104,0.002498,172.217.194.0-255,2902,164839,87,180268
105,0.002501,172.31.47.0-255,66,164905,87,180268
106,0.002516,172.31.47.0-255,66,164971,87,180268
107,0.002547,172.217.194.0-255,2902,167873,87,180268
108,0.002549,172.31.47.0-255,66,167939,87,180268
109,0.002558,172.31.47.0-255,66,168005,87,180268
110,0.002596,172.31.47.0-255,66,168071,87,180268
111,0.002636,172.31.47.0-255,66,168137,87,180268
112,0.002641,172.217.194.0-255,4320,172457,87,180268
113,0.002643,172.31.47.0-255,66,172523,87,180268
114,0.002646,172.217.194.0-255,97,172620,87,180268
115,0.002648,172.31.47.0-255,78,172698,87,180268
116,0.002669,172.31.47.0-255,66,172764,87,180268
117,0.002694,172.217.194.0-255,105,172869,87,180268
118,0.003971,172.31.47.0-255,66,172935,87,180268
119,0.004003,172.31.47.0-255,105,173040,87,180268
120,0.006549,172.217.194.0-255,66,173106,87,180268
121,0.022205,172.31.47.0-255,172,173278,87,180268
122,0.022245,172.31.47.0-255,1111,174389,87,180268
123,0.022312,172.31.47.0-255,1514,175903,87,180268
124,0.022313,172.31.47.0-255,1514,177417,87,180268
125,0.022317,172.31.47.0-255,1514,178931,87,180268
126,0.022319,172.31.47.0-255,1073,180004,87,180268
127,0.023752,104.244.42.0-255,66,180070,87,180268
128,0.023794,104.244.42.0-255,66,180136,87,180268
129,0.023893,104.244.42.0-255,66,180202,87,180268
130,0.023896,104.244.42.0-255,66,180268,87,180268
131,0.0,74.125.24.0-255,152,152,87,377969
132,2.2e-05,172.31.47.0-255,66,218,87,377969
133,2.8e-05,74.125.24.0-255,1484,1702,87,377969
134,3.1e-05,172.31.47.0-255,66,1768,87,377969
135,3.5e-05,74.125.24.0-255,2902,4670,87,377969
136,3.7e-05,172.31.47.0-255,66,4736,87,377969
137,7.2e-05,74.125.24.0-255,4320,9056,87,377969
138,7.6e-05,172.31.47.0-255,66,9122,87,377969
139,8e-05,74.125.24.0-255,4320,13442,87,377969
140,8.2e-05,172.31.47.0-255,66,13508,87,377969
141,0.0001,74.125.24.0-255,628,14136,87,377969
142,0.000103,172.31.47.0-255,66,14202,87,377969
143,0.000156,74.125.24.0-255,1484,15686,87,377969
144,0.000159,172.31.47.0-255,66,15752,87,377969
145,0.000177,74.125.24.0-255,2902,18654,87,377969
146,0.000179,172.31.47.0-255,66,18720,87,377969
147,0.000215,74.125.24.0-255,5738,24458,87,377969
148,0.000219,172.31.47.0-255,66,24524,87,377969
149,0.000222,74.125.24.0-255,1484,26008,87,377969
150,0.000224,172.31.47.0-255,66,26074,87,377969
151,0.000267,74.125.24.0-255,4320,30394,87,377969
152,0.00027,172.31.47.0-255,66,30460,87,377969
153,0.000293,74.125.24.0-255,1125,31585,87,377969
154,0.000295,172.31.47.0-255,66,31651,87,377969
155,0.000319,74.125.24.0-255,5738,37389,87,377969
156,0.000322,172.31.47.0-255,66,37455,87,377969
157,0.000325,74.125.24.0-255,1484,38939,87,377969
158,0.000327,172.31.47.0-255,66,39005,87,377969
159,0.00033,74.125.24.0-255,1484,40489,87,377969
160,0.000332,172.31.47.0-255,66,40555,87,377969
161,0.000369,74.125.24.0-255,7156,47711,87,377969
162,0.000371,172.31.47.0-255,66,47777,87,377969
163,0.000375,74.125.24.0-255,1125,48902,87,377969
164,0.000505,172.31.47.0-255,66,48968,87,377969
165,0.000837,74.125.24.0-255,1484,50452,87,377969
166,0.000873,74.125.24.0-255,2902,53354,87,377969
167,0.000889,74.125.24.0-255,4320,57674,87,377969
168,0.000916,74.125.24.0-255,2902,60576,87,377969
169,0.000934,74.125.24.0-255,5958,66534,87,377969
170,0.001024,74.125.24.0-255,1484,68018,87,377969
171,0.001028,74.125.24.0-255,1484,69502,87,377969
172,0.001037,74.125.24.0-255,1484,70986,87,377969
173,0.001049,74.125.24.0-255,4320,75306,87,377969
174,0.001057,74.125.24.0-255,1484,76790,87,377969
175,0.001074,74.125.24.0-255,2902,79692,87,377969
176,0.001087,74.125.24.0-255,3961,83653,87,377969
177,0.001098,74.125.24.0-255,1484,85137,87,377969
178,0.001118,74.125.24.0-255,5738,90875,87,377969
179,0.001198,74.125.24.0-255,1125,92000,87,377969
180,0.001338,74.125.24.0-255,1484,93484,87,377969
181,0.001346,74.125.24.0-255,1484,94968,87,377969
182,0.001369,74.125.24.0-255,1484,96452,87,377969
183,0.001374,74.125.24.0-255,5738,102190,87,377969
184,0.001378,74.125.24.0-255,4320,106510,87,377969
185,0.001406,74.125.24.0-255,7156,113666,87,377969
186,0.001417,74.125.24.0-255,4320,117986,87,377969
187,0.001438,74.125.24.0-255,7156,125142,87,377969
188,0.001446,74.125.24.0-255,766,125908,87,377969
189,0.00147,74.125.24.0-255,4320,130228,87,377969
190,0.001489,74.125.24.0-255,4320,134548,87,377969
191,0.001494,74.125.24.0-255,5738,140286,87,377969
192,0.001536,74.125.24.0-255,1484,141770,87,377969
193,0.001585,74.125.24.0-255,3602,145372,87,377969
194,0.001877,74.125.24.0-255,1484,146856,87,377969
195,0.00188,74.125.24.0-255,1484,148340,87,377969
196,0.001883,172.31.47.0-255,66,148406,87,377969
197,0.001897,74.125.24.0-255,1484,149890,87,377969
198,0.001906,74.125.24.0-255,5738,155628,87,377969
199,0.001911,172.31.47.0-255,66,155694,87,377969
200,0.001938,74.125.24.0-255,1484,157178,87,377969
201,0.001941,172.31.47.0-255,66,157244,87,377969
202,0.001975,172.31.47.0-255,66,157310,87,377969
203,0.00228,74.125.24.0-255,1484,158794,87,377969
204,0.002284,74.125.24.0-255,1484,160278,87,377969
205,0.002288,172.31.47.0-255,66,160344,87,377969
206,0.002294,74.125.24.0-255,1484,161828,87,377969
207,0.002312,74.125.24.0-255,4320,166148,87,377969
208,0.00232,172.31.47.0-255,66,166214,87,377969
209,0.002323,74.125.24.0-255,1484,167698,87,377969
210,0.002341,74.125.24.0-255,7156,174854,87,377969
211,0.002346,172.31.47.0-255,66,174920,87,377969
212,0.002356,74.125.24.0-255,5738,180658,87,377969
213,0.002359,74.125.24.0-255,2902,183560,87,377969
214,0.002361,172.31.47.0-255,66,183626,87,377969
215,0.002371,172.31.47.0-255,66,183692,87,377969
216,0.002389,74.125.24.0-255,4320,188012,87,377969
217,0.002395,74.125.24.0-255,3602,191614,87,377969
218,0.002397,172.31.47.0-255,66,191680,87,377969
219,0.002401,172.31.47.0-255,66,191746,87,377969
220,0.004935,74.125.24.0-255,1484,193230,87,377969
221,0.00496,74.125.24.0-255,4320,197550,87,377969
222,0.004963,172.31.47.0-255,66,197616,87,377969
223,0.007625,74.125.24.0-255,5738,203354,87,377969
224,0.007632,172.31.47.0-255,66,203420,87,377969
225,0.010212,74.125.24.0-255,5738,209158,87,377969
226,0.010221,172.31.47.0-255,66,209224,87,377969
227,0.012784,74.125.24.0-255,5738,214962,87,377969
228,0.012793,172.31.47.0-255,66,215028,87,377969
229,0.015344,74.125.24.0-255,5738,220766,87,377969
230,0.015356,172.31.47.0-255,66,220832,87,377969
231,0.017962,74.125.24.0-255,5738,226570,87,377969
232,0.017972,172.31.47.0-255,66,226636,87,377969
233,0.020527,74.125.24.0-255,5738,232374,87,377969
234,0.020535,172.31.47.0-255,66,232440,87,377969
235,0.022494,172.31.47.0-255,171,232611,87,377969
236,0.022523,172.31.47.0-255,1112,233723,87,377969
237,0.022549,172.31.47.0-255,1514,235237,87,377969
238,0.022551,172.31.47.0-255,1292,236529,87,377969
239,0.023094,74.125.24.0-255,5738,242267,87,377969
240,0.0231,172.31.47.0-255,66,242333,87,377969
241,0.024054,104.244.42.0-255,66,242399,87,377969
242,0.024073,104.244.42.0-255,66,242465,87,377969
243,0.024076,104.244.42.0-255,66,242531,87,377969
244,0.025688,74.125.24.0-255,5738,248269,87,377969
245,0.025693,172.31.47.0-255,66,248335,87,377969
246,0.028237,74.125.24.0-255,2902,251237,87,377969
247,0.028242,172.31.47.0-255,66,251303,87,377969
248,0.028271,74.125.24.0-255,2902,254205,87,377969
249,0.028289,172.31.47.0-255,66,254271,87,377969
250,0.030796,74.125.24.0-255,2902,257173,87,377969
251,0.030801,172.31.47.0-255,66,257239,87,377969
252,0.030845,74.125.24.0-255,2902,260141,87,377969
253,0.030864,172.31.47.0-255,66,260207,87,377969
254,0.033342,74.125.24.0-255,2902,263109,87,377969
255,0.033346,172.31.47.0-255,66,263175,87,377969
256,0.033414,74.125.24.0-255,2902,266077,87,377969
257,0.033421,172.31.47.0-255,66,266143,87,377969
258,0.035909,74.125.24.0-255,2902,269045,87,377969
259,0.035914,172.31.47.0-255,66,269111,87,377969
260,0.035961,74.125.24.0-255,2902,272013,87,377969
261,0.035989,172.31.47.0-255,66,272079,87,377969
262,0.038466,74.125.24.0-255,2902,274981,87,377969
263,0.038471,172.31.47.0-255,66,275047,87,377969
264,0.038548,74.125.24.0-255,2902,277949,87,377969
265,0.038556,172.31.47.0-255,66,278015,87,377969
266,0.041028,74.125.24.0-255,2902,280917,87,377969
267,0.041034,172.31.47.0-255,66,280983,87,377969
268,0.041124,74.125.24.0-255,2902,283885,87,377969
269,0.041129,172.31.47.0-255,66,283951,87,377969
270,0.043582,74.125.24.0-255,2902,286853,87,377969
271,0.043588,172.31.47.0-255,66,286919,87,377969
272,0.04371,74.125.24.0-255,2902,289821,87,377969
273,0.04372,172.31.47.0-255,66,289887,87,377969
274,0.046162,74.125.24.0-255,2902,292789,87,377969
275,0.046168,172.31.47.0-255,66,292855,87,377969
276,0.046302,74.125.24.0-255,2902,295757,87,377969
277,0.046308,172.31.47.0-255,66,295823,87,377969
278,0.048729,74.125.24.0-255,2902,298725,87,377969
279,0.048735,172.31.47.0-255,66,298791,87,377969
280,0.048872,74.125.24.0-255,2902,301693,87,377969
281,0.048877,172.31.47.0-255,66,301759,87,377969
282,0.051261,74.125.24.0-255,2902,304661,87,377969
283,0.051266,172.31.47.0-255,66,304727,87,377969
284,0.051441,74.125.24.0-255,2902,307629,87,377969
285,0.051446,172.31.47.0-255,66,307695,87,377969
286,0.053867,74.125.24.0-255,2902,310597,87,377969
287,0.053871,172.31.47.0-255,66,310663,87,377969
288,0.053995,74.125.24.0-255,2902,313565,87,377969
289,0.054,172.31.47.0-255,66,313631,87,377969
290,0.056452,74.125.24.0-255,2902,316533,87,377969
291,0.056457,172.31.47.0-255,66,316599,87,377969
292,0.056532,74.125.24.0-255,2902,319501,87,377969
293,0.056553,172.31.47.0-255,66,319567,87,377969
294,0.059013,74.125.24.0-255,2902,322469,87,377969
295,0.059018,172.31.47.0-255,66,322535,87,377969
296,0.059117,74.125.24.0-255,2902,325437,87,377969
297,0.059132,172.31.47.0-255,66,325503,87,377969
298,0.06157,74.125.24.0-255,2902,328405,87,377969
299,0.061574,172.31.47.0-255,66,328471,87,377969
300,0.06167,74.125.24.0-255,1484,329955,87,377969
301,0.061692,74.125.24.0-255,1484,331439,87,377969
302,0.061695,172.31.47.0-255,66,331505,87,377969
303,0.064132,74.125.24.0-255,2902,334407,87,377969
304,0.064136,172.31.47.0-255,66,334473,87,377969
305,0.064266,74.125.24.0-255,2902,337375,87,377969
306,0.06427,172.31.47.0-255,66,337441,87,377969
307,0.066681,74.125.24.0-255,2902,340343,87,377969
308,0.066686,172.31.47.0-255,66,340409,87,377969
309,0.066814,74.125.24.0-255,2902,343311,87,377969
310,0.066819,172.31.47.0-255,66,343377,87,377969
311,0.06924,74.125.24.0-255,2902,346279,87,377969
312,0.069244,172.31.47.0-255,66,346345,87,377969
313,0.069378,74.125.24.0-255,2902,349247,87,377969
314,0.069382,172.31.47.0-255,66,349313,87,377969
315,0.071779,74.125.24.0-255,1484,350797,87,377969
316,0.071801,74.125.24.0-255,1484,352281,87,377969
317,0.071804,172.31.47.0-255,66,352347,87,377969
318,0.071942,74.125.24.0-255,2902,355249,87,377969
319,0.071947,172.31.47.0-255,66,355315,87,377969
320,0.074373,74.125.24.0-255,2902,358217,87,377969
321,0.074378,172.31.47.0-255,66,358283,87,377969
322,0.074487,74.125.24.0-255,2902,361185,87,377969
323,0.074491,172.31.47.0-255,66,361251,87,377969
324,0.076939,74.125.24.0-255,2902,364153,87,377969
325,0.076945,172.31.47.0-255,66,364219,87,377969
326,0.077082,74.125.24.0-255,2902,367121,87,377969
327,0.077087,172.31.47.0-255,66,367187,87,377969
328,0.079469,74.125.24.0-255,2902,370089,87,377969
329,0.079473,172.31.47.0-255,66,370155,87,377969
330,0.079653,74.125.24.0-255,2902,373057,87,377969
331,0.079658,172.31.47.0-255,66,373123,87,377969
332,0.08202,74.125.24.0-255,2902,376025,87,377969
333,0.082025,172.31.47.0-255,66,376091,87,377969
334,0.082254,74.125.24.0-255,1641,377732,87,377969
335,0.082259,172.31.47.0-255,66,377798,87,377969
336,0.08238,172.31.47.0-255,105,377903,87,377969
337,0.084895,74.125.24.0-255,66,377969,87,377969
338,0.0,74.125.24.0-255,150,150,87,174237
339,2.1e-05,172.31.47.0-255,66,216,87,174237
340,2.8e-05,74.125.24.0-255,1484,1700,87,174237
341,3.2e-05,172.31.47.0-255,66,1766,87,174237
342,4.4e-05,74.125.24.0-255,2902,4668,87,174237
343,4.8e-05,172.31.47.0-255,66,4734,87,174237
344,5.5e-05,74.125.24.0-255,5738,10472,87,174237
345,5.7e-05,172.31.47.0-255,66,10538,87,174237
346,6e-05,74.125.24.0-255,1484,12022,87,174237
347,6.2e-05,172.31.47.0-255,66,12088,87,174237
348,0.000115,172.31.47.0-255,66,12154,87,174237
349,0.000122,74.125.24.0-255,6797,18951,87,174237
350,0.000125,172.31.47.0-255,66,19017,87,174237
351,0.000172,74.125.24.0-255,1484,20501,87,174237
352,0.000174,172.31.47.0-255,66,20567,87,174237
353,0.000207,74.125.24.0-255,2902,23469,87,174237
354,0.00021,172.31.47.0-255,66,23535,87,174237
355,0.000217,74.125.24.0-255,5738,29273,87,174237
356,0.000219,172.31.47.0-255,66,29339,87,174237
357,0.000236,172.31.47.0-255,66,29405,87,174237
358,0.000247,74.125.24.0-255,2543,31948,87,174237
359,0.000249,172.31.47.0-255,66,32014,87,174237
360,0.00028,74.125.24.0-255,1484,33498,87,174237
361,0.000283,172.31.47.0-255,66,33564,87,174237
362,0.000319,172.31.47.0-255,66,33630,87,174237
363,0.000322,74.125.24.0-255,130,33760,87,174237
364,0.000324,172.31.47.0-255,66,33826,87,174237
365,0.000367,74.125.24.0-255,347,34173,87,174237
366,0.00037,172.31.47.0-255,66,34239,87,174237
367,0.000827,74.125.24.0-255,1484,35723,87,174237
368,0.000834,74.125.24.0-255,2902,38625,87,174237
369,0.000839,172.31.47.0-255,66,38691,87,174237
370,0.000846,74.125.24.0-255,5738,44429,87,174237
371,0.000848,172.31.47.0-255,66,44495,87,174237
372,0.000894,172.31.47.0-255,66,44561,87,174237
373,0.000908,172.31.47.0-255,66,44627,87,174237
374,0.0013,74.125.24.0-255,1484,46111,87,174237
375,0.001306,74.125.24.0-255,2902,49013,87,174237
376,0.001309,172.31.47.0-255,66,49079,87,174237
377,0.001314,74.125.24.0-255,2902,51981,87,174237
378,0.001315,172.31.47.0-255,66,52047,87,174237
379,0.001336,74.125.24.0-255,2902,54949,87,174237
380,0.001342,172.31.47.0-255,66,55015,87,174237
381,0.001347,74.125.24.0-255,5738,60753,87,174237
382,0.001349,172.31.47.0-255,66,60819,87,174237
383,0.001372,74.125.24.0-255,5738,66557,87,174237
384,0.001377,172.31.47.0-255,66,66623,87,174237
385,0.001388,172.31.47.0-255,66,66689,87,174237
386,0.001435,74.125.24.0-255,1484,68173,87,174237
387,0.001448,74.125.24.0-255,2902,71075,87,174237
388,0.00145,172.31.47.0-255,66,71141,87,174237
389,0.001455,74.125.24.0-255,4320,75461,87,174237
390,0.001456,172.31.47.0-255,66,75527,87,174237
391,0.001473,74.125.24.0-255,1484,77011,87,174237
392,0.001475,74.125.24.0-255,1484,78495,87,174237
393,0.001477,172.31.47.0-255,66,78561,87,174237
394,0.001513,172.31.47.0-255,66,78627,87,174237
395,0.001518,74.125.24.0-255,7156,85783,87,174237
396,0.00152,172.31.47.0-255,66,85849,87,174237
397,0.001545,74.125.24.0-255,3602,89451,87,174237
398,0.001548,172.31.47.0-255,66,89517,87,174237
399,0.00155,74.125.24.0-255,1484,91001,87,174237
400,0.001572,74.125.24.0-255,2902,93903,87,174237
401,0.001575,172.31.47.0-255,66,93969,87,174237
402,0.001581,74.125.24.0-255,7156,101125,87,174237
403,0.001582,172.31.47.0-255,66,101191,87,174237
404,0.001599,74.125.24.0-255,2902,104093,87,174237
405,0.001601,172.31.47.0-255,66,104159,87,174237
406,0.001603,74.125.24.0-255,1484,105643,87,174237
407,0.001641,74.125.24.0-255,766,106409,87,174237
408,0.001645,172.31.47.0-255,66,106475,87,174237
409,0.001793,74.125.24.0-255,1484,107959,87,174237
410,0.001796,74.125.24.0-255,1484,109443,87,174237
411,0.0018,172.31.47.0-255,66,109509,87,174237
412,0.001809,74.125.24.0-255,1484,110993,87,174237
413,0.001811,172.31.47.0-255,66,111059,87,174237
414,0.001819,74.125.24.0-255,4320,115379,87,174237
415,0.00182,172.31.47.0-255,66,115445,87,174237
416,0.001854,74.125.24.0-255,1484,116929,87,174237
417,0.001865,172.31.47.0-255,66,116995,87,174237
418,0.001871,74.125.24.0-255,7156,124151,87,174237
419,0.001873,172.31.47.0-255,66,124217,87,174237
420,0.0019,74.125.24.0-255,3602,127819,87,174237
421,0.001906,172.31.47.0-255,66,127885,87,174237
422,0.002021,74.125.24.0-255,1484,129369,87,174237
423,0.002026,74.125.24.0-255,2902,132271,87,174237
424,0.002028,172.31.47.0-255,66,132337,87,174237
425,0.002031,74.125.24.0-255,1484,133821,87,174237
426,0.002061,74.125.24.0-255,4320,138141,87,174237
427,0.002063,172.31.47.0-255,66,138207,87,174237
428,0.002079,172.31.47.0-255,66,138273,87,174237
429,0.002124,172.31.47.0-255,66,138339,87,174237
430,0.002159,74.125.24.0-255,4320,142659,87,174237
431,0.002162,172.31.47.0-255,66,142725,87,174237
432,0.002189,74.125.24.0-255,4320,147045,87,174237
433,0.002233,172.31.47.0-255,66,147111,87,174237
434,0.002236,172.31.47.0-255,66,147177,87,174237
435,0.002281,172.31.47.0-255,66,147243,87,174237
436,0.002295,172.31.47.0-255,66,147309,87,174237
437,0.002309,172.31.47.0-255,66,147375,87,174237
438,0.002374,172.31.47.0-255,66,147441,87,174237
439,0.002379,74.125.24.0-255,3602,151043,87,174237
440,0.002381,172.31.47.0-255,66,151109,87,174237
441,0.002442,74.125.24.0-255,1484,152593,87,174237
442,0.002446,74.125.24.0-255,1484,154077,87,174237
443,0.002448,172.31.47.0-255,66,154143,87,174237
444,0.002475,74.125.24.0-255,1484,155627,87,174237
445,0.002481,74.125.24.0-255,5738,161365,87,174237
446,0.002483,172.31.47.0-255,66,161431,87,174237
447,0.002529,172.31.47.0-255,66,161497,87,174237
448,0.002544,172.31.47.0-255,66,161563,87,174237
449,0.00257,74.125.24.0-255,1484,163047,87,174237
450,0.002594,74.125.24.0-255,6494,169541,87,174237
451,0.002598,172.31.47.0-255,66,169607,87,174237
452,0.0026,74.125.24.0-255,105,169712,87,174237
453,0.004296,172.31.47.0-255,66,169778,87,174237
454,0.004325,172.31.47.0-255,105,169883,87,174237
455,0.006865,74.125.24.0-255,66,169949,87,174237
456,0.023113,172.31.47.0-255,172,170121,87,174237
457,0.023175,172.31.47.0-255,1111,171232,87,174237
458,0.02325,172.31.47.0-255,1514,172746,87,174237
459,0.023252,172.31.47.0-255,1293,174039,87,174237
460,0.024592,104.244.42.0-255,66,174105,87,174237
461,0.024641,104.244.42.0-255,66,174171,87,174237
462,0.024731,104.244.42.0-255,66,174237,87,174237
463,0.0,74.125.24.0-255,150,150,87,363330
464,1.8e-05,172.31.47.0-255,66,216,87,363330
465,2.4e-05,74.125.24.0-255,1484,1700,87,363330
466,2.8e-05,172.31.47.0-255,66,1766,87,363330
467,3.3e-05,74.125.24.0-255,2902,4668,87,363330
468,3.6e-05,172.31.47.0-255,66,4734,87,363330
469,4.1e-05,74.125.24.0-255,4320,9054,87,363330
470,4.3e-05,172.31.47.0-255,66,9120,87,363330
471,4.8e-05,74.125.24.0-255,4783,13903,87,363330
472,5e-05,172.31.47.0-255,66,13969,87,363330
473,0.000253,74.125.24.0-255,1484,15453,87,363330
474,0.000258,172.31.47.0-255,66,15519,87,363330
475,0.000263,74.125.24.0-255,2902,18421,87,363330
476,0.000265,172.31.47.0-255,66,18487,87,363330
477,0.000267,74.125.24.0-255,1484,19971,87,363330
478,0.000269,172.31.47.0-255,66,20037,87,363330
479,0.000296,74.125.24.0-255,2902,22939,87,363330
480,0.000299,172.31.47.0-255,66,23005,87,363330
481,0.000304,74.125.24.0-255,5738,28743,87,363330
482,0.000306,172.31.47.0-255,66,28809,87,363330
483,0.00032,74.125.24.0-255,2902,31711,87,363330
484,0.000324,172.31.47.0-255,66,31777,87,363330
485,0.000347,74.125.24.0-255,2543,34320,87,363330
486,0.00035,172.31.47.0-255,66,34386,87,363330
487,0.000355,74.125.24.0-255,5738,40124,87,363330
488,0.000357,172.31.47.0-255,66,40190,87,363330
489,0.000396,172.31.47.0-255,66,40256,87,363330
490,0.000427,74.125.24.0-255,7156,47412,87,363330
491,0.00043,172.31.47.0-255,66,47478,87,363330
492,0.000452,74.125.24.0-255,1484,48962,87,363330
493,0.000454,172.31.47.0-255,66,49028,87,363330
494,0.000457,74.125.24.0-255,1484,50512,87,363330
495,0.000482,74.125.24.0-255,7106,57618,87,363330
496,0.000484,172.31.47.0-255,66,57684,87,363330
497,0.000534,74.125.24.0-255,5784,63468,87,363330
498,0.000537,172.31.47.0-255,66,63534,87,363330
499,0.000543,74.125.24.0-255,4320,67854,87,363330
500,0.000546,172.31.47.0-255,66,67920,87,363330
501,0.000558,74.125.24.0-255,2902,70822,87,363330
502,0.000561,172.31.47.0-255,66,70888,87,363330
503,0.000578,74.125.24.0-255,3961,74849,87,363330
504,0.00058,172.31.47.0-255,66,74915,87,363330
505,0.000623,74.125.24.0-255,4320,79235,87,363330
506,0.000626,172.31.47.0-255,66,79301,87,363330
507,0.000629,74.125.24.0-255,1484,80785,87,363330
508,0.000682,74.125.24.0-255,5738,86523,87,363330
509,0.000685,172.31.47.0-255,66,86589,87,363330
510,0.0007,74.125.24.0-255,1484,88073,87,363330
511,0.000705,74.125.24.0-255,3961,92034,87,363330
512,0.000707,172.31.47.0-255,66,92100,87,363330
513,0.000741,74.125.24.0-255,1484,93584,87,363330
514,0.000743,74.125.24.0-255,1484,95068,87,363330
515,0.000749,172.31.47.0-255,66,95134,87,363330
516,0.000761,74.125.24.0-255,1484,96618,87,363330
517,0.000767,74.125.24.0-255,5738,102356,87,363330
518,0.000769,172.31.47.0-255,66,102422,87,363330
519,0.000786,74.125.24.0-255,2902,105324,87,363330
520,0.000789,172.31.47.0-255,66,105390,87,363330
521,0.000809,172.31.47.0-255,66,105456,87,363330
522,0.000819,172.31.47.0-255,66,105522,87,363330
523,0.000841,74.125.24.0-255,3602,109124,87,363330
524,0.000843,172.31.47.0-255,66,109190,87,363330
525,0.000845,74.125.24.0-255,331,109521,87,363330
526,0.000957,74.125.24.0-255,1484,111005,87,363330
527,0.000961,172.31.47.0-255,66,111071,87,363330
528,0.000965,74.125.24.0-255,2902,113973,87,363330
529,0.000967,172.31.47.0-255,66,114039,87,363330
530,0.000981,74.125.24.0-255,5738,119777,87,363330
531,0.000983,172.31.47.0-255,66,119843,87,363330
532,0.000998,74.125.24.0-255,1484,121327,87,363330
533,0.001016,172.31.47.0-255,66,121393,87,363330
534,0.00106,74.125.24.0-255,5738,127131,87,363330
535,0.001063,172.31.47.0-255,66,127197,87,363330
536,0.001088,172.31.47.0-255,66,127263,87,363330
537,0.00146,74.125.24.0-255,1484,128747,87,363330
538,0.001465,74.125.24.0-255,2902,131649,87,363330
539,0.001467,172.31.47.0-255,66,131715,87,363330
540,0.001471,74.125.24.0-255,1484,133199,87,363330
541,0.001493,74.125.24.0-255,4320,137519,87,363330
542,0.001495,172.31.47.0-255,66,137585,87,363330
543,0.0015,74.125.24.0-255,5738,143323,87,363330
544,0.001502,172.31.47.0-255,66,143389,87,363330
545,0.001543,172.31.47.0-255,66,143455,87,363330
546,0.001548,74.125.24.0-255,5020,148475,87,363330
547,0.00155,172.31.47.0-255,66,148541,87,363330
548,0.002039,74.125.24.0-255,1484,150025,87,363330
549,0.003592,74.125.24.0-255,4320,154345,87,363330
550,0.003598,172.31.47.0-255,66,154411,87,363330
551,0.005612,74.125.24.0-255,2902,157313,87,363330
552,0.005615,172.31.47.0-255,66,157379,87,363330
553,0.005631,74.125.24.0-255,2902,160281,87,363330
554,0.005633,172.31.47.0-255,66,160347,87,363330
555,0.007652,74.125.24.0-255,5738,166085,87,363330
556,0.007657,172.31.47.0-255,66,166151,87,363330
557,0.00971,74.125.24.0-255,5738,171889,87,363330
558,0.009718,172.31.47.0-255,66,171955,87,363330
559,0.011777,74.125.24.0-255,5738,177693,87,363330
560,0.011789,172.31.47.0-255,66,177759,87,363330
561,0.013855,74.125.24.0-255,5738,183497,87,363330
562,0.013863,172.31.47.0-255,66,183563,87,363330
563,0.015911,74.125.24.0-255,5738,189301,87,363330
564,0.015919,172.31.47.0-255,66,189367,87,363330
565,0.017964,74.125.24.0-255,5738,195105,87,363330
566,0.01797,172.31.47.0-255,66,195171,87,363330
567,0.01947,172.31.47.0-255,172,195343,87,363330
568,0.019504,172.31.47.0-255,1111,196454,87,363330
569,0.01957,172.31.47.0-255,1514,197968,87,363330
570,0.019572,172.31.47.0-255,1295,199263,87,363330
571,0.020001,74.125.24.0-255,5738,205001,87,363330
572,0.020007,172.31.47.0-255,66,205067,87,363330
573,0.020965,104.244.42.0-255,66,205133,87,363330
574,0.020994,104.244.42.0-255,66,205199,87,363330
575,0.021073,104.244.42.0-255,66,205265,87,363330
576,0.022056,74.125.24.0-255,5738,211003,87,363330
577,0.02206,172.31.47.0-255,66,211069,87,363330
578,0.024083,74.125.24.0-255,5738,216807,87,363330
579,0.024087,172.31.47.0-255,66,216873,87,363330
580,0.026153,74.125.24.0-255,5738,222611,87,363330
581,0.026158,172.31.47.0-255,66,222677,87,363330
582,0.028177,74.125.24.0-255,5738,228415,87,363330
583,0.028184,172.31.47.0-255,66,228481,87,363330
584,0.030241,74.125.24.0-255,5738,234219,87,363330
585,0.030246,172.31.47.0-255,66,234285,87,363330
586,0.03228,74.125.24.0-255,5738,240023,87,363330
587,0.032286,172.31.47.0-255,66,240089,87,363330
588,0.034306,74.125.24.0-255,5738,245827,87,363330
589,0.03431,172.31.47.0-255,66,245893,87,363330
590,0.036345,74.125.24.0-255,5738,251631,87,363330
591,0.036349,172.31.47.0-255,66,251697,87,363330
592,0.038368,74.125.24.0-255,1484,253181,87,363330
593,0.038392,74.125.24.0-255,4320,257501,87,363330
594,0.038396,172.31.47.0-255,66,257567,87,363330
595,0.040433,74.125.24.0-255,5738,263305,87,363330
596,0.040438,172.31.47.0-255,66,263371,87,363330
597,0.042479,74.125.24.0-255,5738,269109,87,363330
598,0.042484,172.31.47.0-255,66,269175,87,363330
599,0.044541,74.125.24.0-255,5738,274913,87,363330
600,0.044546,172.31.47.0-255,66,274979,87,363330
601,0.046587,74.125.24.0-255,5738,280717,87,363330
602,0.046591,172.31.47.0-255,66,280783,87,363330
603,0.048628,74.125.24.0-255,5738,286521,87,363330
604,0.048632,172.31.47.0-255,66,286587,87,363330
605,0.050663,74.125.24.0-255,2902,289489,87,363330
606,0.050668,172.31.47.0-255,66,289555,87,363330
607,0.050692,74.125.24.0-255,2902,292457,87,363330
608,0.050695,172.31.47.0-255,66,292523,87,363330
609,0.052705,74.125.24.0-255,5738,298261,87,363330
610,0.05271,172.31.47.0-255,66,298327,87,363330
611,0.054718,74.125.24.0-255,5738,304065,87,363330
612,0.054723,172.31.47.0-255,66,304131,87,363330
613,0.056805,74.125.24.0-255,5738,309869,87,363330
614,0.056809,172.31.47.0-255,66,309935,87,363330
615,0.058831,74.125.24.0-255,5738,315673,87,363330
616,0.058835,172.31.47.0-255,66,315739,87,363330
617,0.06089,74.125.24.0-255,5738,321477,87,363330
618,0.060895,172.31.47.0-255,66,321543,87,363330
619,0.062946,74.125.24.0-255,5738,327281,87,363330
620,0.062953,172.31.47.0-255,66,327347,87,363330
621,0.06499,74.125.24.0-255,5738,333085,87,363330
622,0.064996,172.31.47.0-255,66,333151,87,363330
623,0.067038,74.125.24.0-255,2902,336053,87,363330
624,0.067042,172.31.47.0-255,66,336119,87,363330
625,0.067071,74.125.24.0-255,2902,339021,87,363330
626,0.067074,172.31.47.0-255,66,339087,87,363330
627,0.069082,74.125.24.0-255,5738,344825,87,363330
628,0.069086,172.31.47.0-255,66,344891,87,363330
629,0.071151,74.125.24.0-255,5738,350629,87,363330
630,0.071156,172.31.47.0-255,66,350695,87,363330
631,0.073206,74.125.24.0-255,5738,356433,87,363330
632,0.073212,172.31.47.0-255,66,356499,87,363330
633,0.075267,74.125.24.0-255,4320,360819,87,363330
634,0.075271,172.31.47.0-255,66,360885,87,363330
635,0.075296,74.125.24.0-255,1484,362369,87,363330
636,0.077294,74.125.24.0-255,724,363093,87,363330
637,0.077299,172.31.47.0-255,66,363159,87,363330
638,0.07743,172.31.47.0-255,105,363264,87,363330
639,0.07942,74.125.24.0-255,66,363330,87,363330
640,0.0,172.217.194.0-255,146,146,87,282335
641,2.5e-05,172.31.47.0-255,66,212,87,282335
642,3.1e-05,172.217.194.0-255,1484,1696,87,282335
643,3.4e-05,172.31.47.0-255,66,1762,87,282335
644,3.9e-05,172.217.194.0-255,2902,4664,87,282335
645,4.1e-05,172.31.47.0-255,66,4730,87,282335
646,4.7e-05,172.217.194.0-255,7156,11886,87,282335
647,5e-05,172.31.47.0-255,66,11952,87,282335
648,7.3e-05,172.217.194.0-255,5738,17690,87,282335
649,7.6e-05,172.31.47.0-255,66,17756,87,282335
650,0.000103,172.31.47.0-255,66,17822,87,282335
651,0.000106,172.217.194.0-255,1484,19306,87,282335
652,0.000108,172.31.47.0-255,66,19372,87,282335
653,0.00012,172.217.194.0-255,1125,20497,87,282335
654,0.000122,172.31.47.0-255,66,20563,87,282335
655,0.000143,172.217.194.0-255,2902,23465,87,282335
656,0.000147,172.31.47.0-255,66,23531,87,282335
657,0.000168,172.217.194.0-255,2902,26433,87,282335
658,0.000171,172.31.47.0-255,66,26499,87,282335
659,0.000191,172.217.194.0-255,4320,30819,87,282335
660,0.000193,172.31.47.0-255,66,30885,87,282335
661,0.000214,172.217.194.0-255,4320,35205,87,282335
662,0.000216,172.31.47.0-255,66,35271,87,282335
663,0.000237,172.31.47.0-255,66,35337,87,282335
664,0.000248,172.31.47.0-255,66,35403,87,282335
665,0.00025,172.217.194.0-255,382,35785,87,282335
666,0.000253,172.31.47.0-255,66,35851,87,282335
667,0.000478,172.217.194.0-255,1484,37335,87,282335
668,0.000482,172.31.47.0-255,66,37401,87,282335
669,0.000485,172.217.194.0-255,1484,38885,87,282335
670,0.000498,172.217.194.0-255,1484,40369,87,282335
671,0.000501,172.31.47.0-255,66,40435,87,282335
672,0.000507,172.217.194.0-255,5738,46173,87,282335
673,0.000509,172.31.47.0-255,66,46239,87,282335
674,0.000529,172.217.194.0-255,5738,51977,87,282335
675,0.000532,172.31.47.0-255,66,52043,87,282335
676,0.000571,172.31.47.0-255,66,52109,87,282335
677,0.000576,172.217.194.0-255,5020,57129,87,282335
678,0.000578,172.31.47.0-255,66,57195,87,282335
679,0.000614,172.217.194.0-255,1484,58679,87,282335
680,0.000629,172.217.194.0-255,2902,61581,87,282335
681,0.000632,172.31.47.0-255,66,61647,87,282335
682,0.000651,172.217.194.0-255,5738,67385,87,282335
683,0.000655,172.31.47.0-255,66,67451,87,282335
684,0.000672,172.217.194.0-255,2902,70353,87,282335
685,0.000675,172.31.47.0-255,66,70419,87,282335
686,0.000693,172.217.194.0-255,3662,74081,87,282335
687,0.000697,172.31.47.0-255,66,74147,87,282335
688,0.000699,172.217.194.0-255,7156,81303,87,282335
689,0.000701,172.31.47.0-255,66,81369,87,282335
690,0.000716,172.217.194.0-255,1484,82853,87,282335
691,0.000736,172.31.47.0-255,66,82919,87,282335
692,0.000757,172.217.194.0-255,5738,88657,87,282335
693,0.000761,172.31.47.0-255,66,88723,87,282335
694,0.000767,172.217.194.0-255,7156,95879,87,282335
695,0.000769,172.31.47.0-255,66,95945,87,282335
696,0.000795,172.217.194.0-255,2570,98515,87,282335
697,0.000798,172.31.47.0-255,66,98581,87,282335
698,0.000802,172.217.194.0-255,2902,101483,87,282335
699,0.000804,172.31.47.0-255,66,101549,87,282335
700,0.000817,172.217.194.0-255,2902,104451,87,282335
701,0.000819,172.31.47.0-255,66,104517,87,282335
702,0.000842,172.217.194.0-255,4320,108837,87,282335
703,0.000845,172.31.47.0-255,66,108903,87,282335
704,0.00085,172.217.194.0-255,4320,113223,87,282335
705,0.000852,172.31.47.0-255,66,113289,87,282335
706,0.000875,172.217.194.0-255,4320,117609,87,282335
707,0.000878,172.31.47.0-255,66,117675,87,282335
708,0.000892,172.217.194.0-255,5738,123413,87,282335
709,0.000895,172.31.47.0-255,66,123479,87,282335
710,0.000919,172.31.47.0-255,66,123545,87,282335
711,0.001246,172.217.194.0-255,1484,125029,87,282335
712,0.001259,172.217.194.0-255,2902,127931,87,282335
713,0.001263,172.31.47.0-255,66,127997,87,282335
714,0.001288,172.217.194.0-255,5738,133735,87,282335
715,0.001292,172.31.47.0-255,66,133801,87,282335
716,0.001295,172.217.194.0-255,1484,135285,87,282335
717,0.001313,172.217.194.0-255,7156,142441,87,282335
718,0.001316,172.31.47.0-255,66,142507,87,282335
719,0.001323,172.217.194.0-255,7156,149663,87,282335
720,0.001326,172.31.47.0-255,66,149729,87,282335
721,0.001344,172.217.194.0-255,2902,152631,87,282335
722,0.001347,172.31.47.0-255,66,152697,87,282335
723,0.001352,172.217.194.0-255,5020,157717,87,282335
724,0.001354,172.31.47.0-255,66,157783,87,282335
725,0.001469,172.217.194.0-255,1484,159267,87,282335
726,0.001473,172.217.194.0-255,1484,160751,87,282335
727,0.001476,172.31.47.0-255,66,160817,87,282335
728,0.001495,172.217.194.0-255,1484,162301,87,282335
729,0.001501,172.217.194.0-255,5738,168039,87,282335
730,0.001504,172.31.47.0-255,66,168105,87,282335
731,0.001576,172.217.194.0-255,7156,175261,87,282335
732,0.00158,172.31.47.0-255,66,175327,87,282335
733,0.001594,172.31.47.0-255,66,175393,87,282335
734,0.001598,172.217.194.0-255,2184,177577,87,282335
735,0.001601,172.31.47.0-255,66,177643,87,282335
736,0.001611,172.217.194.0-255,5738,183381,87,282335
737,0.001614,172.31.47.0-255,66,183447,87,282335
738,0.001633,172.217.194.0-255,1484,184931,87,282335
739,0.001645,172.31.47.0-255,66,184997,87,282335
740,0.001648,172.217.194.0-255,1484,186481,87,282335
741,0.001673,172.31.47.0-255,66,186547,87,282335
742,0.001694,172.217.194.0-255,4320,190867,87,282335
743,0.001697,172.31.47.0-255,66,190933,87,282335
744,0.0017,172.217.194.0-255,766,191699,87,282335
745,0.002196,172.31.47.0-255,66,191765,87,282335
746,0.002255,172.217.194.0-255,1484,193249,87,282335
747,0.002276,172.217.194.0-255,2902,196151,87,282335
748,0.002279,172.31.47.0-255,66,196217,87,282335
749,0.002286,172.217.194.0-255,5738,201955,87,282335
750,0.002288,172.31.47.0-255,66,202021,87,282335
751,0.00231,172.217.194.0-255,2902,204923,87,282335
752,0.002312,172.31.47.0-255,66,204989,87,282335
753,0.002339,172.31.47.0-255,66,205055,87,282335
754,0.002366,172.31.47.0-255,66,205121,87,282335
755,0.002532,172.217.194.0-255,1484,206605,87,282335
756,0.002548,172.217.194.0-255,2902,209507,87,282335
757,0.002551,172.31.47.0-255,66,209573,87,282335
758,0.002557,172.217.194.0-255,4320,213893,87,282335
759,0.00256,172.31.47.0-255,66,213959,87,282335
760,0.002582,172.217.194.0-255,1484,215443,87,282335
761,0.002596,172.31.47.0-255,66,215509,87,282335
762,0.002609,172.217.194.0-255,1484,216993,87,282335
763,0.002621,172.217.194.0-255,4320,221313,87,282335
764,0.002624,172.31.47.0-255,66,221379,87,282335
765,0.002638,172.217.194.0-255,6438,227817,87,282335
766,0.00264,172.31.47.0-255,66,227883,87,282335
767,0.002798,172.217.194.0-255,1484,229367,87,282335
768,0.002802,172.217.194.0-255,1484,230851,87,282335
769,0.002806,172.31.47.0-255,66,230917,87,282335
770,0.002819,172.217.194.0-255,1484,232401,87,282335
771,0.002823,172.217.194.0-255,1484,233885,87,282335
772,0.002825,172.31.47.0-255,66,233951,87,282335
773,0.002848,172.217.194.0-255,2902,236853,87,282335
774,0.002851,172.31.47.0-255,66,236919,87,282335
775,0.002869,172.217.194.0-255,1484,238403,87,282335
776,0.002887,172.217.194.0-255,2902,241305,87,282335
777,0.00289,172.31.47.0-255,66,241371,87,282335
778,0.00291,172.217.194.0-255,4320,245691,87,282335
779,0.002912,172.31.47.0-255,66,245757,87,282335
780,0.002916,172.217.194.0-255,1484,247241,87,282335
781,0.002939,172.217.194.0-255,4320,251561,87,282335
782,0.002941,172.31.47.0-255,66,251627,87,282335
783,0.00296,172.217.194.0-255,5738,257365,87,282335
784,0.002963,172.31.47.0-255,66,257431,87,282335
785,0.002982,172.217.194.0-255,2902,260333,87,282335
786,0.002987,172.31.47.0-255,66,260399,87,282335
787,0.003002,172.217.194.0-255,5738,266137,87,282335
788,0.003005,172.31.47.0-255,66,266203,87,282335
789,0.003032,172.217.194.0-255,5020,271223,87,282335
790,0.003036,172.31.47.0-255,66,271289,87,282335
791,0.003069,172.31.47.0-255,66,271355,87,282335
792,0.003076,172.217.194.0-255,6284,277639,87,282335
793,0.003078,172.31.47.0-255,66,277705,87,282335
794,0.003081,172.217.194.0-255,105,277810,87,282335
795,0.0061,172.31.47.0-255,66,277876,87,282335
796,0.006126,172.31.47.0-255,105,277981,87,282335
797,0.008676,172.217.194.0-255,66,278047,87,282335
798,0.02856,172.31.47.0-255,172,278219,87,282335
799,0.028589,172.31.47.0-255,1112,279331,87,282335
800,0.02862,172.31.47.0-255,1514,280845,87,282335
801,0.028622,172.31.47.0-255,1292,282137,87,282335
802,0.030112,104.244.42.0-255,66,282203,87,282335
803,0.030154,104.244.42.0-255,66,282269,87,282335
804,0.030198,104.244.42.0-255,66,282335,87,282335
805,0.0,74.125.200.0-255,152,152,87,400659
806,2.2e-05,172.31.47.0-255,66,218,87,400659
807,2.9e-05,74.125.200.0-255,1484,1702,87,400659
808,3.3e-05,172.31.47.0-255,66,1768,87,400659
809,4.8e-05,74.125.200.0-255,2902,4670,87,400659
810,5.2e-05,172.31.47.0-255,66,4736,87,400659
811,5.7e-05,74.125.200.0-255,2902,7638,87,400659
812,6e-05,172.31.47.0-255,66,7704,87,400659
813,8.4e-05,172.31.47.0-255,66,7770,87,400659
814,0.000109,74.125.200.0-255,5738,13508,87,400659
815,0.000112,172.31.47.0-255,66,13574,87,400659
816,0.000143,74.125.200.0-255,2902,16476,87,400659
817,0.000146,172.31.47.0-255,66,16542,87,400659
818,0.000183,74.125.200.0-255,4320,20862,87,400659
819,0.000185,172.31.47.0-255,66,20928,87,400659
820,0.000197,74.125.200.0-255,2543,23471,87,400659
821,0.000204,172.31.47.0-255,66,23537,87,400659
822,0.000235,74.125.200.0-255,7156,30693,87,400659
823,0.000238,172.31.47.0-255,66,30759,87,400659
824,0.000299,74.125.200.0-255,4320,35079,87,400659
825,0.000303,172.31.47.0-255,66,35145,87,400659
826,0.000334,74.125.200.0-255,4320,39465,87,400659
827,0.000337,172.31.47.0-255,66,39531,87,400659
828,0.000368,74.125.200.0-255,6797,46328,87,400659
829,0.000371,172.31.47.0-255,66,46394,87,400659
830,0.000431,74.125.200.0-255,2902,49296,87,400659
831,0.000434,172.31.47.0-255,66,49362,87,400659
832,0.00047,172.31.47.0-255,66,49428,87,400659
833,0.00049,74.125.200.0-255,131,49559,87,400659
834,0.000493,172.31.47.0-255,66,49625,87,400659
835,0.00055,74.125.200.0-255,1484,51109,87,400659
836,0.000557,74.125.200.0-255,2902,54011,87,400659
837,0.000583,74.125.200.0-255,5738,59749,87,400659
838,0.000605,74.125.200.0-255,1484,61233,87,400659
839,0.000626,74.125.200.0-255,5738,66971,87,400659
840,0.000647,74.125.200.0-255,3961,70932,87,400659
841,0.000667,172.31.47.0-255,66,70998,87,400659
842,0.000699,74.125.200.0-255,1484,72482,87,400659
843,0.000715,74.125.200.0-255,2902,75384,87,400659
844,0.000722,172.31.47.0-255,66,75450,87,400659
845,0.000761,74.125.200.0-255,5738,81188,87,400659
846,0.000788,74.125.200.0-255,2543,83731,87,400659
847,0.0008,172.31.47.0-255,66,83797,87,400659
848,0.001305,74.125.200.0-255,1484,85281,87,400659
849,0.001343,74.125.200.0-255,2902,88183,87,400659
850,0.001347,172.31.47.0-255,66,88249,87,400659
851,0.001355,74.125.200.0-255,5738,93987,87,400659
852,0.001357,172.31.47.0-255,66,94053,87,400659
853,0.001396,172.31.47.0-255,66,94119,87,400659
854,0.001443,74.125.200.0-255,4320,98439,87,400659
855,0.001447,172.31.47.0-255,66,98505,87,400659
856,0.001479,74.125.200.0-255,5738,104243,87,400659
857,0.001482,172.31.47.0-255,66,104309,87,400659
858,0.001538,74.125.200.0-255,2902,107211,87,400659
859,0.001543,172.31.47.0-255,66,107277,87,400659
860,0.001565,74.125.200.0-255,2184,109461,87,400659
861,0.001577,172.31.47.0-255,66,109527,87,400659
862,0.001659,74.125.200.0-255,1484,111011,87,400659
863,0.001682,74.125.200.0-255,2902,113913,87,400659
864,0.001696,172.31.47.0-255,66,113979,87,400659
865,0.001704,74.125.200.0-255,1484,115463,87,400659
866,0.001729,74.125.200.0-255,4320,119783,87,400659
867,0.001731,74.125.200.0-255,1484,121267,87,400659
868,0.001733,74.125.200.0-255,1484,122751,87,400659
869,0.001739,172.31.47.0-255,66,122817,87,400659
870,0.001747,172.31.47.0-255,66,122883,87,400659
871,0.001755,74.125.200.0-255,1484,124367,87,400659
872,0.001758,74.125.200.0-255,1484,125851,87,400659
873,0.00176,172.31.47.0-255,66,125917,87,400659
874,0.001784,74.125.200.0-255,4320,130237,87,400659
875,0.001787,172.31.47.0-255,66,130303,87,400659
876,0.00182,74.125.200.0-255,2902,133205,87,400659
877,0.001844,74.125.200.0-255,7156,140361,87,400659
878,0.001852,172.31.47.0-255,66,140427,87,400659
879,0.00186,74.125.200.0-255,2902,143329,87,400659
880,0.00187,172.31.47.0-255,66,143395,87,400659
881,0.001907,74.125.200.0-255,766,144161,87,400659
882,0.002012,74.125.200.0-255,1484,145645,87,400659
883,0.002018,172.31.47.0-255,66,145711,87,400659
884,0.002034,74.125.200.0-255,2902,148613,87,400659
885,0.002037,172.31.47.0-255,66,148679,87,400659
886,0.002065,74.125.200.0-255,5738,154417,87,400659
887,0.002106,172.31.47.0-255,66,154483,87,400659
888,0.002115,74.125.200.0-255,4320,158803,87,400659
889,0.002126,74.125.200.0-255,5738,164541,87,400659
890,0.002137,172.31.47.0-255,66,164607,87,400659
891,0.002168,74.125.200.0-255,5738,170345,87,400659
892,0.002173,172.31.47.0-255,66,170411,87,400659
893,0.002191,74.125.200.0-255,2902,173313,87,400659
894,0.002201,172.31.47.0-255,66,173379,87,400659
895,0.002228,74.125.200.0-255,1484,174863,87,400659
896,0.00225,74.125.200.0-255,3602,178465,87,400659
897,0.002256,172.31.47.0-255,66,178531,87,400659
898,0.004567,74.125.200.0-255,5738,184269,87,400659
899,0.004574,172.31.47.0-255,66,184335,87,400659
900,0.006879,74.125.200.0-255,5738,190073,87,400659
901,0.006883,172.31.47.0-255,66,190139,87,400659
902,0.009204,74.125.200.0-255,5738,195877,87,400659
903,0.009212,172.31.47.0-255,66,195943,87,400659
904,0.011524,74.125.200.0-255,4320,200263,87,400659
905,0.011531,172.31.47.0-255,66,200329,87,400659
906,0.01156,74.125.200.0-255,1484,201813,87,400659
907,0.013847,74.125.200.0-255,4320,206133,87,400659
908,0.013853,172.31.47.0-255,66,206199,87,400659
909,0.016169,74.125.200.0-255,5738,211937,87,400659
910,0.016178,172.31.47.0-255,66,212003,87,400659
911,0.018488,74.125.200.0-255,5738,217741,87,400659
912,0.018495,172.31.47.0-255,66,217807,87,400659
913,0.020806,74.125.200.0-255,5738,223545,87,400659
914,0.020816,172.31.47.0-255,66,223611,87,400659
915,0.023126,74.125.200.0-255,5738,229349,87,400659
916,0.023133,172.31.47.0-255,66,229415,87,400659
917,0.025439,74.125.200.0-255,5738,235153,87,400659
918,0.025446,172.31.47.0-255,66,235219,87,400659
919,0.027749,74.125.200.0-255,5738,240957,87,400659
920,0.027756,172.31.47.0-255,66,241023,87,400659
921,0.029084,172.31.47.0-255,172,241195,87,400659
922,0.029113,172.31.47.0-255,1112,242307,87,400659
923,0.029164,172.31.47.0-255,1514,243821,87,400659
924,0.029165,172.31.47.0-255,1292,245113,87,400659
925,0.030069,74.125.200.0-255,5738,250851,87,400659
926,0.030075,172.31.47.0-255,66,250917,87,400659
927,0.030615,104.244.42.0-255,66,250983,87,400659
928,0.030639,104.244.42.0-255,66,251049,87,400659
929,0.030687,104.244.42.0-255,66,251115,87,400659
930,0.032382,74.125.200.0-255,5738,256853,87,400659
931,0.032387,172.31.47.0-255,66,256919,87,400659
932,0.0347,74.125.200.0-255,5738,262657,87,400659
933,0.034707,172.31.47.0-255,66,262723,87,400659
934,0.037021,74.125.200.0-255,5738,268461,87,400659
935,0.037026,172.31.47.0-255,66,268527,87,400659
936,0.039342,74.125.200.0-255,5738,274265,87,400659
937,0.039349,172.31.47.0-255,66,274331,87,400659
938,0.041661,74.125.200.0-255,5738,280069,87,400659
939,0.041668,172.31.47.0-255,66,280135,87,400659
940,0.043997,74.125.200.0-255,5738,285873,87,400659
941,0.044002,172.31.47.0-255,66,285939,87,400659
942,0.046319,74.125.200.0-255,5738,291677,87,400659
943,0.046324,172.31.47.0-255,66,291743,87,400659
944,0.04863,74.125.200.0-255,5738,297481,87,400659
945,0.048639,172.31.47.0-255,66,297547,87,400659
946,0.050982,74.125.200.0-255,5738,303285,87,400659
947,0.050989,172.31.47.0-255,66,303351,87,400659
948,0.053311,74.125.200.0-255,5738,309089,87,400659
949,0.053316,172.31.47.0-255,66,309155,87,400659
950,0.055624,74.125.200.0-255,5738,314893,87,400659
951,0.055631,172.31.47.0-255,66,314959,87,400659
952,0.057942,74.125.200.0-255,5738,320697,87,400659
953,0.05795,172.31.47.0-255,66,320763,87,400659
954,0.060269,74.125.200.0-255,5738,326501,87,400659
955,0.060275,172.31.47.0-255,66,326567,87,400659
956,0.062576,74.125.200.0-255,5738,332305,87,400659
957,0.062582,172.31.47.0-255,66,332371,87,400659
958,0.064898,74.125.200.0-255,5738,338109,87,400659
959,0.064904,172.31.47.0-255,66,338175,87,400659
960,0.065021,172.31.47.0-255,101,338276,87,400659
961,0.067254,74.125.200.0-255,5738,344014,87,400659
962,0.067261,172.31.47.0-255,66,344080,87,400659
963,0.067296,74.125.200.0-255,66,344146,87,400659
964,0.069592,74.125.200.0-255,5738,349884,87,400659
965,0.069597,172.31.47.0-255,66,349950,87,400659
966,0.07191,74.125.200.0-255,5738,355688,87,400659
967,0.071916,172.31.47.0-255,66,355754,87,400659
968,0.074235,74.125.200.0-255,5738,361492,87,400659
969,0.074243,172.31.47.0-255,66,361558,87,400659
970,0.076565,74.125.200.0-255,5738,367296,87,400659
971,0.076572,172.31.47.0-255,66,367362,87,400659
972,0.078899,74.125.200.0-255,5738,373100,87,400659
973,0.078905,172.31.47.0-255,66,373166,87,400659
974,0.081208,74.125.200.0-255,5738,378904,87,400659
975,0.081215,172.31.47.0-255,66,378970,87,400659
976,0.083535,74.125.200.0-255,5738,384708,87,400659
977,0.083541,172.31.47.0-255,66,384774,87,400659
978,0.085863,74.125.200.0-255,5738,390512,87,400659
979,0.085868,172.31.47.0-255,66,390578,87,400659
980,0.088172,74.125.200.0-255,5738,396316,87,400659
981,0.088178,172.31.47.0-255,66,396382,87,400659
982,0.090486,74.125.200.0-255,4040,400422,87,400659
983,0.090492,172.31.47.0-255,66,400488,87,400659
984,0.09086,172.31.47.0-255,105,400593,87,400659
985,0.097802,74.125.200.0-255,66,400659,87,400659
986,0.0,172.217.194.0-255,297,297,87,168139
987,1.6e-05,172.31.47.0-255,66,363,87,168139
988,2.4e-05,172.217.194.0-255,1484,1847,87,168139
989,2.8e-05,172.31.47.0-255,66,1913,87,168139
990,3.5e-05,172.217.194.0-255,4320,6233,87,168139
991,3.8e-05,172.31.47.0-255,66,6299,87,168139
992,5.9e-05,172.217.194.0-255,2902,9201,87,168139
993,6.1e-05,172.31.47.0-255,66,9267,87,168139
994,7.4e-05,172.217.194.0-255,4809,14076,87,168139
995,7.6e-05,172.31.47.0-255,66,14142,87,168139
996,9e-05,172.217.194.0-255,4320,18462,87,168139
997,9.2e-05,172.31.47.0-255,66,18528,87,168139
998,0.000106,172.217.194.0-255,4320,22848,87,168139
999,0.000108,172.31.47.0-255,66,22914,87,168139
1000,0.000134,172.217.194.0-255,2902,25816,87,168139
1001,0.000136,172.31.47.0-255,66,25882,87,168139
1002,0.00016,172.217.194.0-255,5379,31261,87,168139
1003,0.000162,172.31.47.0-255,66,31327,87,168139
1004,0.000194,172.217.194.0-255,1484,32811,87,168139
1005,0.000196,172.31.47.0-255,66,32877,87,168139
1006,0.000199,172.217.194.0-255,1484,34361,87,168139
1007,0.000201,172.31.47.0-255,66,34427,87,168139
1008,0.000218,172.217.194.0-255,1484,35911,87,168139
1009,0.00022,172.31.47.0-255,66,35977,87,168139
1010,0.000225,172.217.194.0-255,5738,41715,87,168139
1011,0.000227,172.31.47.0-255,66,41781,87,168139
1012,0.000274,172.31.47.0-255,66,41847,87,168139
1013,0.000278,172.217.194.0-255,5738,47585,87,168139
1014,0.00028,172.31.47.0-255,66,47651,87,168139
1015,0.000325,172.217.194.0-255,4284,51935,87,168139
1016,0.000327,172.31.47.0-255,66,52001,87,168139
1017,0.00033,172.217.194.0-255,363,52364,87,168139
1018,0.000496,172.217.194.0-255,1484,53848,87,168139
1019,0.0005,172.31.47.0-255,66,53914,87,168139
1020,0.000505,172.217.194.0-255,2902,56816,87,168139
1021,0.000507,172.31.47.0-255,66,56882,87,168139
1022,0.000527,172.217.194.0-255,5738,62620,87,168139
1023,0.000529,172.31.47.0-255,66,62686,87,168139
1024,0.000569,172.31.47.0-255,66,62752,87,168139
1025,0.00058,172.31.47.0-255,66,62818,87,168139
1026,0.00084,172.217.194.0-255,1484,64302,87,168139
1027,0.000845,172.217.194.0-255,1484,65786,87,168139
1028,0.000848,172.31.47.0-255,66,65852,87,168139
1029,0.000868,172.217.194.0-255,1484,67336,87,168139
1030,0.000875,172.217.194.0-255,5738,73074,87,168139
1031,0.000877,172.31.47.0-255,66,73140,87,168139
1032,0.000882,172.217.194.0-255,5738,78878,87,168139
1033,0.000884,172.31.47.0-255,66,78944,87,168139
1034,0.000902,172.217.194.0-255,7156,86100,87,168139
1035,0.000906,172.31.47.0-255,66,86166,87,168139
1036,0.000914,172.217.194.0-255,2902,89068,87,168139
1037,0.000916,172.31.47.0-255,66,89134,87,168139
1038,0.000936,172.31.47.0-255,66,89200,87,168139
1039,0.001069,172.217.194.0-255,1484,90684,87,168139
1040,0.001074,172.217.194.0-255,2902,93586,87,168139
1041,0.001076,172.31.47.0-255,66,93652,87,168139
1042,0.0011,172.217.194.0-255,5738,99390,87,168139
1043,0.001102,172.31.47.0-255,66,99456,87,168139
1044,0.001107,172.217.194.0-255,4320,103776,87,168139
1045,0.001109,172.31.47.0-255,66,103842,87,168139
1046,0.00113,172.31.47.0-255,66,103908,87,168139
1047,0.001142,172.31.47.0-255,66,103974,87,168139
1048,0.001182,172.217.194.0-255,2902,106876,87,168139
1049,0.001185,172.31.47.0-255,66,106942,87,168139
1050,0.001214,172.31.47.0-255,66,107008,87,168139
1051,0.001226,172.31.47.0-255,66,107074,87,168139
1052,0.001236,172.31.47.0-255,66,107140,87,168139
1053,0.001494,172.217.194.0-255,1484,108624,87,168139
1054,0.001514,172.217.194.0-255,2902,111526,87,168139
1055,0.001517,172.31.47.0-255,66,111592,87,168139
1056,0.001523,172.217.194.0-255,5738,117330,87,168139
1057,0.001525,172.31.47.0-255,66,117396,87,168139
1058,0.001588,172.31.47.0-255,66,117462,87,168139
1059,0.001598,172.31.47.0-255,66,117528,87,168139
1060,0.001612,172.217.194.0-255,1484,119012,87,168139
1061,0.00162,172.217.194.0-255,1484,120496,87,168139
1062,0.001622,172.31.47.0-255,66,120562,87,168139
1063,0.001637,172.217.194.0-255,1484,122046,87,168139
1064,0.001643,172.217.194.0-255,5738,127784,87,168139
1065,0.001646,172.31.47.0-255,66,127850,87,168139
1066,0.00165,172.217.194.0-255,4320,132170,87,168139
1067,0.001652,172.31.47.0-255,66,132236,87,168139
1068,0.001685,172.31.47.0-255,66,132302,87,168139
1069,0.001695,172.31.47.0-255,66,132368,87,168139
1070,0.001697,172.217.194.0-255,766,133134,87,168139
1071,0.001783,172.217.194.0-255,1484,134618,87,168139
1072,0.001786,172.31.47.0-255,66,134684,87,168139
1073,0.001791,172.217.194.0-255,2902,137586,87,168139
1074,0.001792,172.31.47.0-255,66,137652,87,168139
1075,0.001795,172.217.194.0-255,1484,139136,87,168139
1076,0.001816,172.217.194.0-255,4320,143456,87,168139
1077,0.001819,172.31.47.0-255,66,143522,87,168139
1078,0.001837,172.217.194.0-255,5738,149260,87,168139
1079,0.001839,172.31.47.0-255,66,149326,87,168139
1080,0.001842,172.217.194.0-255,1484,150810,87,168139
1081,0.001878,172.31.47.0-255,66,150876,87,168139
1082,0.00188,172.217.194.0-255,766,151642,87,168139
1083,0.001921,172.217.194.0-255,2902,154544,87,168139
1084,0.001923,172.31.47.0-255,66,154610,87,168139
1085,0.001958,172.31.47.0-255,66,154676,87,168139
1086,0.00197,172.31.47.0-255,66,154742,87,168139
1087,0.001998,172.217.194.0-255,5020,159762,87,168139
1088,0.002,172.31.47.0-255,66,159828,87,168139
1089,0.002015,172.31.47.0-255,66,159894,87,168139
1090,0.002033,172.217.194.0-255,4320,164214,87,168139
1091,0.002035,172.31.47.0-255,66,164280,87,168139
1092,0.002063,172.31.47.0-255,66,164346,87,168139
1093,0.002108,172.31.47.0-255,66,164412,87,168139
1094,0.002127,172.31.47.0-255,66,164478,87,168139
1095,0.00213,172.217.194.0-255,105,164583,87,168139
1096,0.011185,172.31.47.0-255,66,164649,87,168139
1097,0.011227,172.31.47.0-255,105,164754,87,168139
1098,0.013825,172.217.194.0-255,66,164820,87,168139
1099,0.032006,172.31.47.0-255,167,164987,87,168139
1100,0.032042,172.31.47.0-255,1111,166098,87,168139
1101,0.0321,172.31.47.0-255,1514,167612,87,168139
1102,0.032101,172.31.47.0-255,329,167941,87,168139
1103,0.033586,104.244.42.0-255,66,168007,87,168139
1104,0.033616,104.244.42.0-255,66,168073,87,168139
1105,0.033658,104.244.42.0-255,66,168139,87,168139
1106,0.0,74.125.24.0-255,153,153,87,278127
1107,2.5e-05,172.31.47.0-255,66,219,87,278127
1108,3.1e-05,74.125.24.0-255,1484,1703,87,278127
1109,3.5e-05,172.31.47.0-255,66,1769,87,278127
1110,3.9e-05,74.125.24.0-255,2902,4671,87,278127
1111,4.2e-05,172.31.47.0-255,66,4737,87,278127
1112,5.4e-05,74.125.24.0-255,7156,11893,87,278127
1113,5.6e-05,172.31.47.0-255,66,11959,87,278127
1114,5.9e-05,74.125.24.0-255,1484,13443,87,278127
1115,6.1e-05,172.31.47.0-255,66,13509,87,278127
1116,8.2e-05,74.125.24.0-255,765,14274,87,278127
1117,8.4e-05,172.31.47.0-255,66,14340,87,278127
1118,0.000119,74.125.24.0-255,1484,15824,87,278127
1119,0.000122,172.31.47.0-255,66,15890,87,278127
1120,0.000126,74.125.24.0-255,2902,18792,87,278127
1121,0.000128,172.31.47.0-255,66,18858,87,278127
1122,0.000149,74.125.24.0-255,5738,24596,87,278127
1123,0.000152,172.31.47.0-255,66,24662,87,278127
1124,0.000192,74.125.24.0-255,1484,26146,87,278127
1125,0.000194,172.31.47.0-255,66,26212,87,278127
1126,0.000218,74.125.24.0-255,5379,31591,87,278127
1127,0.000221,172.31.47.0-255,66,31657,87,278127
1128,0.00032,74.125.24.0-255,1484,33141,87,278127
1129,0.000323,172.31.47.0-255,66,33207,87,278127
1130,0.00034,74.125.24.0-255,1484,34691,87,278127
1131,0.000343,172.31.47.0-255,66,34757,87,278127
1132,0.000368,74.125.24.0-255,1484,36241,87,278127
1133,0.000371,172.31.47.0-255,66,36307,87,278127
1134,0.000376,74.125.24.0-255,5738,42045,87,278127
1135,0.000378,172.31.47.0-255,66,42111,87,278127
1136,0.000387,74.125.24.0-255,4320,46431,87,278127
1137,0.000389,172.31.47.0-255,66,46497,87,278127
1138,0.000441,172.31.47.0-255,66,46563,87,278127
1139,0.000447,74.125.24.0-255,6797,53360,87,278127
1140,0.000449,172.31.47.0-255,66,53426,87,278127
1141,0.000451,74.125.24.0-255,412,53838,87,278127
1142,0.00049,74.125.24.0-255,332,54170,87,278127
1143,0.000694,172.31.47.0-255,66,54236,87,278127
1144,0.000701,74.125.24.0-255,1484,55720,87,278127
1145,0.000719,74.125.24.0-255,2902,58622,87,278127
1146,0.000721,172.31.47.0-255,66,58688,87,278127
1147,0.000728,74.125.24.0-255,5738,64426,87,278127
1148,0.000731,172.31.47.0-255,66,64492,87,278127
1149,0.000764,172.31.47.0-255,66,64558,87,278127
1150,0.00079,74.125.24.0-255,4320,68878,87,278127
1151,0.000793,172.31.47.0-255,66,68944,87,278127
1152,0.000819,74.125.24.0-255,6438,75382,87,278127
1153,0.000822,172.31.47.0-255,66,75448,87,278127
1154,0.000918,74.125.24.0-255,1484,76932,87,278127
1155,0.000939,74.125.24.0-255,2902,79834,87,278127
1156,0.000942,172.31.47.0-255,66,79900,87,278127
1157,0.000947,74.125.24.0-255,4320,84220,87,278127
1158,0.000949,172.31.47.0-255,66,84286,87,278127
1159,0.000965,74.125.24.0-255,1484,85770,87,278127
1160,0.00097,74.125.24.0-255,5738,91508,87,278127
1161,0.000974,172.31.47.0-255,66,91574,87,278127
1162,0.000991,74.125.24.0-255,7156,98730,87,278127
1163,0.000994,172.31.47.0-255,66,98796,87,278127
1164,0.001002,172.31.47.0-255,66,98862,87,278127
1165,0.001022,74.125.24.0-255,1484,100346,87,278127
1166,0.001038,74.125.24.0-255,766,101112,87,278127
1167,0.00104,172.31.47.0-255,66,101178,87,278127
1168,0.00108,74.125.24.0-255,1484,102662,87,278127
1169,0.001094,74.125.24.0-255,2902,105564,87,278127
1170,0.001097,172.31.47.0-255,66,105630,87,278127
1171,0.001109,74.125.24.0-255,5738,111368,87,278127
1172,0.001112,172.31.47.0-255,66,111434,87,278127
1173,0.001138,74.125.24.0-255,7156,118590,87,278127
1174,0.001141,172.31.47.0-255,66,118656,87,278127
1175,0.001165,74.125.24.0-255,5738,124394,87,278127
1176,0.001168,172.31.47.0-255,66,124460,87,278127
1177,0.00118,74.125.24.0-255,2902,127362,87,278127
1178,0.001186,172.31.47.0-255,66,127428,87,278127
1179,0.001215,172.31.47.0-255,66,127494,87,278127
1180,0.001226,172.31.47.0-255,66,127560,87,278127
1181,0.001242,172.31.47.0-255,66,127626,87,278127
1182,0.001265,74.125.24.0-255,5738,133364,87,278127
1183,0.001268,172.31.47.0-255,66,133430,87,278127
1184,0.001272,74.125.24.0-255,1484,134914,87,278127
1185,0.001301,74.125.24.0-255,5020,139934,87,278127
1186,0.001305,172.31.47.0-255,66,140000,87,278127
1187,0.001348,74.125.24.0-255,1484,141484,87,278127
1188,0.00136,74.125.24.0-255,2902,144386,87,278127
1189,0.001362,172.31.47.0-255,66,144452,87,278127
1190,0.001393,74.125.24.0-255,5738,150190,87,278127
1191,0.001396,172.31.47.0-255,66,150256,87,278127
1192,0.001403,74.125.24.0-255,5738,155994,87,278127
1193,0.001405,172.31.47.0-255,66,156060,87,278127
1194,0.001424,172.31.47.0-255,66,156126,87,278127
1195,0.001464,74.125.24.0-255,2902,159028,87,278127
1196,0.001468,172.31.47.0-255,66,159094,87,278127
1197,0.001498,74.125.24.0-255,2184,161278,87,278127
1198,0.001502,172.31.47.0-255,66,161344,87,278127
1199,0.001505,74.125.24.0-255,1484,162828,87,278127
1200,0.001509,74.125.24.0-255,2902,165730,87,278127
1201,0.001512,172.31.47.0-255,66,165796,87,278127
1202,0.001517,74.125.24.0-255,5738,171534,87,278127
1203,0.00152,172.31.47.0-255,66,171600,87,278127
1204,0.001523,74.125.24.0-255,2902,174502,87,278127
1205,0.001532,172.31.47.0-255,66,174568,87,278127
1206,0.00155,74.125.24.0-255,7156,181724,87,278127
1207,0.001554,172.31.47.0-255,66,181790,87,278127
1208,0.001583,74.125.24.0-255,2902,184692,87,278127
1209,0.001586,172.31.47.0-255,66,184758,87,278127
1210,0.001594,74.125.24.0-255,7156,191914,87,278127
1211,0.001596,172.31.47.0-255,66,191980,87,278127
1212,0.001615,74.125.24.0-255,3602,195582,87,278127
1213,0.001618,172.31.47.0-255,66,195648,87,278127
1214,0.001638,74.125.24.0-255,1484,197132,87,278127
1215,0.001642,74.125.24.0-255,1484,198616,87,278127
1216,0.001644,172.31.47.0-255,66,198682,87,278127
1217,0.001668,74.125.24.0-255,1484,200166,87,278127
1218,0.001675,74.125.24.0-255,5738,205904,87,278127
1219,0.001678,172.31.47.0-255,66,205970,87,278127
1220,0.001691,172.31.47.0-255,66,206036,87,278127
1221,0.001723,74.125.24.0-255,1484,207520,87,278127
1222,0.001728,74.125.24.0-255,5738,213258,87,278127
1223,0.001731,172.31.47.0-255,66,213324,87,278127
1224,0.001734,74.125.24.0-255,1484,214808,87,278127
1225,0.001757,74.125.24.0-255,3602,218410,87,278127
1226,0.00176,172.31.47.0-255,66,218476,87,278127
1227,0.001787,74.125.24.0-255,5738,224214,87,278127
1228,0.00179,172.31.47.0-255,66,224280,87,278127
1229,0.001795,74.125.24.0-255,2902,227182,87,278127
1230,0.001797,172.31.47.0-255,66,227248,87,278127
1231,0.001801,74.125.24.0-255,2902,230150,87,278127
1232,0.001803,172.31.47.0-255,66,230216,87,278127
1233,0.001832,74.125.24.0-255,7156,237372,87,278127
1234,0.001835,172.31.47.0-255,66,237438,87,278127
1235,0.001885,172.31.47.0-255,66,237504,87,278127
1236,0.002311,74.125.24.0-255,1484,238988,87,278127
1237,0.002316,74.125.24.0-255,2902,241890,87,278127
1238,0.00232,172.31.47.0-255,66,241956,87,278127
1239,0.002338,74.125.24.0-255,2902,244858,87,278127
1240,0.002341,172.31.47.0-255,66,244924,87,278127
1241,0.002371,74.125.24.0-255,2902,247826,87,278127
1242,0.002374,172.31.47.0-255,66,247892,87,278127
1243,0.00238,74.125.24.0-255,4320,252212,87,278127
1244,0.002383,172.31.47.0-255,66,252278,87,278127
1245,0.002396,172.31.47.0-255,66,252344,87,278127
1246,0.002399,74.125.24.0-255,1484,253828,87,278127
1247,0.002405,74.125.24.0-255,6438,260266,87,278127
1248,0.002407,172.31.47.0-255,66,260332,87,278127
1249,0.002448,74.125.24.0-255,5738,266070,87,278127
1250,0.002451,172.31.47.0-255,66,266136,87,278127
1251,0.002477,74.125.24.0-255,1484,267620,87,278127
1252,0.002492,172.31.47.0-255,66,267686,87,278127
1253,0.002497,172.31.47.0-255,66,267752,87,278127
1254,0.002539,172.31.47.0-255,66,267818,87,278127
1255,0.002542,74.125.24.0-255,766,268584,87,278127
1256,0.002548,74.125.24.0-255,4320,272904,87,278127
1257,0.00255,172.31.47.0-255,66,272970,87,278127
1258,0.002569,74.125.24.0-255,532,273502,87,278127
1259,0.002573,74.125.24.0-255,105,273607,87,278127
1260,0.00335,172.31.47.0-255,66,273673,87,278127
1261,0.003377,172.31.47.0-255,105,273778,87,278127
1262,0.005326,74.125.24.0-255,66,273844,87,278127
1263,0.028064,172.31.47.0-255,167,274011,87,278127
1264,0.028094,172.31.47.0-255,1111,275122,87,278127
1265,0.028152,172.31.47.0-255,1514,276636,87,278127
1266,0.028154,172.31.47.0-255,1293,277929,87,278127
1267,0.029598,104.244.42.0-255,66,277995,87,278127
1268,0.029639,104.244.42.0-255,66,278061,87,278127
1269,0.029693,104.244.42.0-255,66,278127,87,278127
1270,0.0,74.125.24.0-255,153,153,87,367197
1271,3e-05,172.31.47.0-255,66,219,87,367197
1272,3.6e-05,74.125.24.0-255,1484,1703,87,367197
1273,4e-05,172.31.47.0-255,66,1769,87,367197
1274,5.2e-05,74.125.24.0-255,2902,4671,87,367197
1275,5.5e-05,172.31.47.0-255,66,4737,87,367197
1276,6e-05,74.125.24.0-255,5738,10475,87,367197
1277,6.3e-05,172.31.47.0-255,66,10541,87,367197
1278,0.000101,172.31.47.0-255,66,10607,87,367197
1279,0.000125,74.125.24.0-255,6797,17404,87,367197
1280,0.000129,172.31.47.0-255,66,17470,87,367197
1281,0.000269,74.125.24.0-255,1484,18954,87,367197
1282,0.000274,172.31.47.0-255,66,19020,87,367197
1283,0.00028,74.125.24.0-255,2902,21922,87,367197
1284,0.000282,172.31.47.0-255,66,21988,87,367197
1285,0.000285,74.125.24.0-255,1484,23472,87,367197
1286,0.000293,172.31.47.0-255,66,23538,87,367197
1287,0.00032,74.125.24.0-255,2902,26440,87,367197
1288,0.000324,172.31.47.0-255,66,26506,87,367197
1289,0.00033,74.125.24.0-255,5738,32244,87,367197
1290,0.000334,172.31.47.0-255,66,32310,87,367197
1291,0.000379,172.31.47.0-255,66,32376,87,367197
1292,0.000387,74.125.24.0-255,7156,39532,87,367197
1293,0.000389,172.31.47.0-255,66,39598,87,367197
1294,0.000414,74.125.24.0-255,1484,41082,87,367197
1295,0.000416,172.31.47.0-255,66,41148,87,367197
1296,0.000421,74.125.24.0-255,2850,43998,87,367197
1297,0.000423,74.125.24.0-255,116,44114,87,367197
1298,0.000426,172.31.47.0-255,66,44180,87,367197
1299,0.00043,172.31.47.0-255,66,44246,87,367197
1300,0.000444,74.125.24.0-255,330,44576,87,367197
1301,0.000759,74.125.24.0-255,1484,46060,87,367197
1302,0.000764,172.31.47.0-255,66,46126,87,367197
1303,0.00077,74.125.24.0-255,2902,49028,87,367197
1304,0.000773,172.31.47.0-255,66,49094,87,367197
1305,0.000778,74.125.24.0-255,4320,53414,87,367197
1306,0.000786,172.31.47.0-255,66,53480,87,367197
1307,0.000813,74.125.24.0-255,1484,54964,87,367197
1308,0.000819,74.125.24.0-255,4320,59284,87,367197
1309,0.000823,172.31.47.0-255,66,59350,87,367197
1310,0.000828,74.125.24.0-255,4320,63670,87,367197
1311,0.00083,172.31.47.0-255,66,63736,87,367197
1312,0.000849,74.125.24.0-255,1484,65220,87,367197
1313,0.000856,74.125.24.0-255,1484,66704,87,367197
1314,0.000859,172.31.47.0-255,66,66770,87,367197
1315,0.000894,172.31.47.0-255,66,66836,87,367197
1316,0.000907,74.125.24.0-255,2184,69020,87,367197
1317,0.000914,172.31.47.0-255,66,69086,87,367197
1318,0.001573,74.125.24.0-255,1484,70570,87,367197
1319,0.001584,74.125.24.0-255,2902,73472,87,367197
1320,0.001589,172.31.47.0-255,66,73538,87,367197
1321,0.001597,74.125.24.0-255,5738,79276,87,367197
1322,0.001599,172.31.47.0-255,66,79342,87,367197
1323,0.001635,74.125.24.0-255,4320,83662,87,367197
1324,0.001639,172.31.47.0-255,66,83728,87,367197
1325,0.00168,172.31.47.0-255,66,83794,87,367197
1326,0.001692,172.31.47.0-255,66,83860,87,367197
1327,0.003661,74.125.24.0-255,5738,89598,87,367197
1328,0.003664,172.31.47.0-255,66,89664,87,367197
1329,0.005659,74.125.24.0-255,5738,95402,87,367197
1330,0.005664,172.31.47.0-255,66,95468,87,367197
1331,0.007652,74.125.24.0-255,5738,101206,87,367197
1332,0.007658,172.31.47.0-255,66,101272,87,367197
1333,0.009641,74.125.24.0-255,5738,107010,87,367197
1334,0.009649,172.31.47.0-255,66,107076,87,367197
1335,0.011652,74.125.24.0-255,5738,112814,87,367197
1336,0.01166,172.31.47.0-255,66,112880,87,367197
1337,0.013662,74.125.24.0-255,5738,118618,87,367197
1338,0.01367,172.31.47.0-255,66,118684,87,367197
1339,0.015657,74.125.24.0-255,5738,124422,87,367197
1340,0.015664,172.31.47.0-255,66,124488,87,367197
1341,0.017671,74.125.24.0-255,5738,130226,87,367197
1342,0.017678,172.31.47.0-255,66,130292,87,367197
1343,0.019666,74.125.24.0-255,5738,136030,87,367197
1344,0.019673,172.31.47.0-255,66,136096,87,367197
1345,0.021658,74.125.24.0-255,5738,141834,87,367197
1346,0.021664,172.31.47.0-255,66,141900,87,367197
1347,0.023647,74.125.24.0-255,4320,146220,87,367197
1348,0.023653,172.31.47.0-255,66,146286,87,367197
1349,0.023681,74.125.24.0-255,1484,147770,87,367197
1350,0.025643,74.125.24.0-255,2902,150672,87,367197
1351,0.025649,172.31.47.0-255,66,150738,87,367197
1352,0.025721,172.31.47.0-255,167,150905,87,367197
1353,0.02574,172.31.47.0-255,1112,152017,87,367197
1354,0.025776,172.31.47.0-255,1514,153531,87,367197
1355,0.025778,172.31.47.0-255,1292,154823,87,367197
1356,0.027263,104.244.42.0-255,66,154889,87,367197
1357,0.027302,104.244.42.0-255,66,154955,87,367197
1358,0.027343,104.244.42.0-255,66,155021,87,367197
1359,0.027632,74.125.24.0-255,5738,160759,87,367197
1360,0.027636,172.31.47.0-255,66,160825,87,367197
1361,0.029638,74.125.24.0-255,5738,166563,87,367197
1362,0.029645,172.31.47.0-255,66,166629,87,367197
1363,0.031626,74.125.24.0-255,5738,172367,87,367197
1364,0.031631,172.31.47.0-255,66,172433,87,367197
1365,0.033601,74.125.24.0-255,5738,178171,87,367197
1366,0.033607,172.31.47.0-255,66,178237,87,367197
1367,0.035592,74.125.24.0-255,5738,183975,87,367197
1368,0.035598,172.31.47.0-255,66,184041,87,367197
1369,0.037589,74.125.24.0-255,5738,189779,87,367197
1370,0.037595,172.31.47.0-255,66,189845,87,367197
1371,0.039578,74.125.24.0-255,5738,195583,87,367197
1372,0.039583,172.31.47.0-255,66,195649,87,367197
1373,0.041569,74.125.24.0-255,5738,201387,87,367197
1374,0.041576,172.31.47.0-255,66,201453,87,367197
1375,0.043556,74.125.24.0-255,4320,205773,87,367197
1376,0.04356,172.31.47.0-255,66,205839,87,367197
1377,0.043584,74.125.24.0-255,1484,207323,87,367197
1378,0.045544,74.125.24.0-255,4320,211643,87,367197
1379,0.045548,172.31.47.0-255,66,211709,87,367197
1380,0.04754,74.125.24.0-255,5738,217447,87,367197
1381,0.047544,172.31.47.0-255,66,217513,87,367197
1382,0.049527,74.125.24.0-255,5738,223251,87,367197
1383,0.049533,172.31.47.0-255,66,223317,87,367197
1384,0.051501,74.125.24.0-255,5738,229055,87,367197
1385,0.051507,172.31.47.0-255,66,229121,87,367197
1386,0.053524,74.125.24.0-255,5738,234859,87,367197
1387,0.053529,172.31.47.0-255,66,234925,87,367197
1388,0.055499,74.125.24.0-255,5738,240663,87,367197
1389,0.055504,172.31.47.0-255,66,240729,87,367197
1390,0.05748,74.125.24.0-255,5738,246467,87,367197
1391,0.057485,172.31.47.0-255,66,246533,87,367197
1392,0.059488,74.125.24.0-255,5738,252271,87,367197
1393,0.059494,172.31.47.0-255,66,252337,87,367197
1394,0.061491,74.125.24.0-255,5738,258075,87,367197
1395,0.061495,172.31.47.0-255,66,258141,87,367197
1396,0.063477,74.125.24.0-255,4320,262461,87,367197
1397,0.063481,172.31.47.0-255,66,262527,87,367197
1398,0.063509,74.125.24.0-255,1484,264011,87,367197
1399,0.065471,74.125.24.0-255,4320,268331,87,367197
1400,0.065476,172.31.47.0-255,66,268397,87,367197
1401,0.06745,74.125.24.0-255,5738,274135,87,367197
1402,0.067454,172.31.47.0-255,66,274201,87,367197
1403,0.069455,74.125.24.0-255,5738,279939,87,367197
1404,0.069461,172.31.47.0-255,66,280005,87,367197
1405,0.071441,74.125.24.0-255,5738,285743,87,367197
1406,0.071446,172.31.47.0-255,66,285809,87,367197
1407,0.073435,74.125.24.0-255,2902,288711,87,367197
1408,0.073441,172.31.47.0-255,66,288777,87,367197
1409,0.073471,74.125.24.0-255,2902,291679,87,367197
1410,0.073474,172.31.47.0-255,66,291745,87,367197
1411,0.075436,74.125.24.0-255,5738,297483,87,367197
1412,0.075442,172.31.47.0-255,66,297549,87,367197
1413,0.077416,74.125.24.0-255,5738,303287,87,367197
1414,0.07742,172.31.47.0-255,66,303353,87,367197
1415,0.079405,74.125.24.0-255,5738,309091,87,367197
1416,0.079411,172.31.47.0-255,66,309157,87,367197
1417,0.081403,74.125.24.0-255,5738,314895,87,367197
1418,0.081408,172.31.47.0-255,66,314961,87,367197
1419,0.083421,74.125.24.0-255,5738,320699,87,367197
1420,0.083426,172.31.47.0-255,66,320765,87,367197
1421,0.085397,74.125.24.0-255,5738,326503,87,367197
1422,0.085402,172.31.47.0-255,66,326569,87,367197
1423,0.087416,74.125.24.0-255,5738,332307,87,367197
1424,0.087421,172.31.47.0-255,66,332373,87,367197
1425,0.089411,74.125.24.0-255,5738,338111,87,367197
1426,0.089417,172.31.47.0-255,66,338177,87,367197
1427,0.091438,74.125.24.0-255,5738,343915,87,367197
1428,0.091444,172.31.47.0-255,66,343981,87,367197
1429,0.093422,74.125.24.0-255,5738,349719,87,367197
1430,0.093428,172.31.47.0-255,66,349785,87,367197
1431,0.095427,74.125.24.0-255,5738,355523,87,367197
1432,0.095433,172.31.47.0-255,66,355589,87,367197
1433,0.097416,74.125.24.0-255,5738,361327,87,367197
1434,0.097422,172.31.47.0-255,66,361393,87,367197
1435,0.099439,74.125.24.0-255,5738,367131,87,367197
1436,0.099445,172.31.47.0-255,66,367197,87,367197
1437,0.0,74.125.24.0-255,153,153,87,234955
1438,2.9e-05,172.31.47.0-255,66,219,87,234955
1439,3.5e-05,74.125.24.0-255,1484,1703,87,234955
1440,3.9e-05,172.31.47.0-255,66,1769,87,234955
1441,4.3e-05,74.125.24.0-255,2902,4671,87,234955
1442,4.5e-05,172.31.47.0-255,66,4737,87,234955
1443,5.9e-05,74.125.24.0-255,7156,11893,87,234955
1444,6.2e-05,172.31.47.0-255,66,11959,87,234955
1445,6.7e-05,74.125.24.0-255,4812,16771,87,234955
1446,7e-05,172.31.47.0-255,66,16837,87,234955
1447,0.000123,172.31.47.0-255,66,16903,87,234955
1448,0.00065,74.125.24.0-255,1484,18387,87,234955
1449,0.000656,172.31.47.0-255,66,18453,87,234955
1450,0.000665,74.125.24.0-255,2902,21355,87,234955
1451,0.000668,172.31.47.0-255,66,21421,87,234955
1452,0.000682,74.125.24.0-255,5738,27159,87,234955
1453,0.000685,172.31.47.0-255,66,27225,87,234955
1454,0.000694,74.125.24.0-255,7156,34381,87,234955
1455,0.000697,172.31.47.0-255,66,34447,87,234955
1456,0.000711,74.125.24.0-255,2902,37349,87,234955
1457,0.000714,172.31.47.0-255,66,37415,87,234955
1458,0.000728,74.125.24.0-255,7156,44571,87,234955
1459,0.000731,172.31.47.0-255,66,44637,87,234955
1460,0.000765,74.125.24.0-255,6438,51075,87,234955
1461,0.000769,172.31.47.0-255,66,51141,87,234955
1462,0.001045,74.125.24.0-255,396,51537,87,234955
1463,0.001051,172.31.47.0-255,66,51603,87,234955
1464,0.001056,74.125.24.0-255,348,51951,87,234955
1465,0.001057,172.31.47.0-255,66,52017,87,234955
1466,0.001166,74.125.24.0-255,1484,53501,87,234955
1467,0.001171,172.31.47.0-255,66,53567,87,234955
1468,0.001177,74.125.24.0-255,2902,56469,87,234955
1469,0.00118,172.31.47.0-255,66,56535,87,234955
1470,0.001182,74.125.24.0-255,1484,58019,87,234955
1471,0.001209,74.125.24.0-255,4320,62339,87,234955
1472,0.001213,172.31.47.0-255,66,62405,87,234955
1473,0.001232,172.31.47.0-255,66,62471,87,234955
1474,0.001268,74.125.24.0-255,2902,65373,87,234955
1475,0.001271,172.31.47.0-255,66,65439,87,234955
1476,0.001286,172.31.47.0-255,66,65505,87,234955
1477,0.001348,74.125.24.0-255,1484,66989,87,234955
1478,0.001365,74.125.24.0-255,2902,69891,87,234955
1479,0.001368,172.31.47.0-255,66,69957,87,234955
1480,0.001372,74.125.24.0-255,2902,72859,87,234955
1481,0.001374,172.31.47.0-255,66,72925,87,234955
1482,0.001403,74.125.24.0-255,2902,75827,87,234955
1483,0.001406,172.31.47.0-255,66,75893,87,234955
1484,0.00141,74.125.24.0-255,4320,80213,87,234955
1485,0.001413,172.31.47.0-255,66,80279,87,234955
1486,0.001431,172.31.47.0-255,66,80345,87,234955
1487,0.001435,74.125.24.0-255,2902,83247,87,234955
1488,0.001437,172.31.47.0-255,66,83313,87,234955
1489,0.001469,74.125.24.0-255,5020,88333,87,234955
1490,0.001471,172.31.47.0-255,66,88399,87,234955
1491,0.002834,74.125.24.0-255,1484,89883,87,234955
1492,0.00284,74.125.24.0-255,2902,92785,87,234955
1493,0.002843,172.31.47.0-255,66,92851,87,234955
1494,0.002857,74.125.24.0-255,4320,97171,87,234955
1495,0.002864,172.31.47.0-255,66,97237,87,234955
1496,0.002887,74.125.24.0-255,1484,98721,87,234955
1497,0.002899,172.31.47.0-255,66,98787,87,234955
1498,0.002927,74.125.24.0-255,2902,101689,87,234955
1499,0.002929,172.31.47.0-255,66,101755,87,234955
1500,0.002936,74.125.24.0-255,7156,108911,87,234955
1501,0.002938,172.31.47.0-255,66,108977,87,234955
1502,0.002956,74.125.24.0-255,3602,112579,87,234955
1503,0.002962,172.31.47.0-255,66,112645,87,234955
1504,0.00307,74.125.24.0-255,1484,114129,87,234955
1505,0.003083,74.125.24.0-255,2902,117031,87,234955
1506,0.003085,172.31.47.0-255,66,117097,87,234955
1507,0.003088,74.125.24.0-255,1484,118581,87,234955
1508,0.003108,74.125.24.0-255,4320,122901,87,234955
1509,0.00311,172.31.47.0-255,66,122967,87,234955
1510,0.003114,74.125.24.0-255,2902,125869,87,234955
1511,0.003115,172.31.47.0-255,66,125935,87,234955
1512,0.003151,172.31.47.0-255,66,126001,87,234955
1513,0.003155,74.125.24.0-255,2902,128903,87,234955
1514,0.003157,172.31.47.0-255,66,128969,87,234955
1515,0.003194,172.31.47.0-255,66,129035,87,234955
1516,0.00351,74.125.24.0-255,1484,130519,87,234955
1517,0.003513,74.125.24.0-255,1484,132003,87,234955
1518,0.003515,172.31.47.0-255,66,132069,87,234955
1519,0.003518,74.125.24.0-255,1484,133553,87,234955
1520,0.003542,74.125.24.0-255,4320,137873,87,234955
1521,0.003545,172.31.47.0-255,66,137939,87,234955
1522,0.003576,74.125.24.0-255,2902,140841,87,234955
1523,0.003578,172.31.47.0-255,66,140907,87,234955
1524,0.003582,74.125.24.0-255,2902,143809,87,234955
1525,0.003584,172.31.47.0-255,66,143875,87,234955
1526,0.003588,74.125.24.0-255,2902,146777,87,234955
1527,0.00359,172.31.47.0-255,66,146843,87,234955
1528,0.003592,74.125.24.0-255,1484,148327,87,234955
1529,0.0036,74.125.24.0-255,1484,149811,87,234955
1530,0.003602,172.31.47.0-255,66,149877,87,234955
1531,0.003608,74.125.24.0-255,5738,155615,87,234955
1532,0.00361,172.31.47.0-255,66,155681,87,234955
1533,0.003612,74.125.24.0-255,1484,157165,87,234955
1534,0.003643,74.125.24.0-255,1484,158649,87,234955
1535,0.003646,172.31.47.0-255,66,158715,87,234955
1536,0.003675,74.125.24.0-255,5020,163735,87,234955
1537,0.003677,172.31.47.0-255,66,163801,87,234955
1538,0.00368,74.125.24.0-255,1484,165285,87,234955
1539,0.003705,74.125.24.0-255,5738,171023,87,234955
1540,0.003707,172.31.47.0-255,66,171089,87,234955
1541,0.00371,74.125.24.0-255,1484,172573,87,234955
1542,0.003771,172.31.47.0-255,66,172639,87,234955
1543,0.003774,74.125.24.0-255,1484,174123,87,234955
1544,0.00381,74.125.24.0-255,2902,177025,87,234955
1545,0.003813,172.31.47.0-255,66,177091,87,234955
1546,0.003851,172.31.47.0-255,66,177157,87,234955
1547,0.003895,74.125.24.0-255,1484,178641,87,234955
1548,0.003911,74.125.24.0-255,1484,180125,87,234955
1549,0.003914,172.31.47.0-255,66,180191,87,234955
1550,0.003943,74.125.24.0-255,1484,181675,87,234955
1551,0.00395,74.125.24.0-255,5738,187413,87,234955
1552,0.003953,172.31.47.0-255,66,187479,87,234955
1553,0.003966,172.31.47.0-255,66,187545,87,234955
1554,0.003983,172.31.47.0-255,66,187611,87,234955
1555,0.004024,74.125.24.0-255,1484,189095,87,234955
1556,0.004029,74.125.24.0-255,2902,191997,87,234955
1557,0.004032,172.31.47.0-255,66,192063,87,234955
1558,0.004039,74.125.24.0-255,5738,197801,87,234955
1559,0.004042,172.31.47.0-255,66,197867,87,234955
1560,0.004076,172.31.47.0-255,66,197933,87,234955
1561,0.004111,74.125.24.0-255,4320,202253,87,234955
1562,0.004114,172.31.47.0-255,66,202319,87,234955
1563,0.004121,74.125.24.0-255,7156,209475,87,234955
1564,0.004124,172.31.47.0-255,66,209541,87,234955
1565,0.004133,74.125.24.0-255,3602,213143,87,234955
1566,0.004135,172.31.47.0-255,66,213209,87,234955
1567,0.004163,74.125.24.0-255,4320,217529,87,234955
1568,0.00417,172.31.47.0-255,66,217595,87,234955
1569,0.004177,74.125.24.0-255,7156,224751,87,234955
1570,0.004179,172.31.47.0-255,66,224817,87,234955
1571,0.004211,74.125.24.0-255,1484,226301,87,234955
1572,0.004236,172.31.47.0-255,66,226367,87,234955
1573,0.004252,172.31.47.0-255,66,226433,87,234955
1574,0.004284,74.125.24.0-255,3602,230035,87,234955
1575,0.004288,172.31.47.0-255,66,230101,87,234955
1576,0.004313,172.31.47.0-255,66,230167,87,234955
1577,0.004328,172.31.47.0-255,66,230233,87,234955
1578,0.004331,74.125.24.0-255,97,230330,87,234955
1579,0.004333,74.125.24.0-255,105,230435,87,234955
1580,0.006892,172.31.47.0-255,66,230501,87,234955
1581,0.00692,172.31.47.0-255,105,230606,87,234955
1582,0.009247,74.125.24.0-255,66,230672,87,234955
1583,0.026754,172.31.47.0-255,167,230839,87,234955
1584,0.026784,172.31.47.0-255,1112,231951,87,234955
1585,0.026813,172.31.47.0-255,1514,233465,87,234955
1586,0.026815,172.31.47.0-255,1292,234757,87,234955
1587,0.028295,104.244.42.0-255,66,234823,87,234955
1588,0.028303,104.244.42.0-255,66,234889,87,234955
1589,0.028396,104.244.42.0-255,66,234955,87,234955
1590,0.0,74.125.130.0-255,153,153,87,376193
1591,2.1e-05,172.31.47.0-255,66,219,87,376193
1592,2.7e-05,74.125.130.0-255,1484,1703,87,376193
1593,3.1e-05,172.31.47.0-255,66,1769,87,376193
1594,3.6e-05,74.125.130.0-255,2902,4671,87,376193
1595,3.8e-05,172.31.47.0-255,66,4737,87,376193
1596,6.2e-05,74.125.130.0-255,2902,7639,87,376193
1597,6.5e-05,172.31.47.0-255,66,7705,87,376193
1598,7.9e-05,74.125.130.0-255,2902,10607,87,376193
1599,8.2e-05,172.31.47.0-255,66,10673,87,376193
1600,0.000121,74.125.130.0-255,3483,14156,87,376193
1601,0.000123,172.31.47.0-255,66,14222,87,376193
1602,0.000283,74.125.130.0-255,1484,15706,87,376193
1603,0.000287,172.31.47.0-255,66,15772,87,376193
1604,0.000292,74.125.130.0-255,2902,18674,87,376193
1605,0.000294,172.31.47.0-255,66,18740,87,376193
1606,0.000321,74.125.130.0-255,5738,24478,87,376193
1607,0.000323,172.31.47.0-255,66,24544,87,376193
1608,0.000345,74.125.130.0-255,6797,31341,87,376193
1609,0.000348,172.31.47.0-255,66,31407,87,376193
1610,0.00038,74.125.130.0-255,7156,38563,87,376193
1611,0.000382,172.31.47.0-255,66,38629,87,376193
1612,0.000387,74.125.130.0-255,4320,42949,87,376193
1613,0.000389,172.31.47.0-255,66,43015,87,376193
1614,0.000406,74.125.130.0-255,4320,47335,87,376193
1615,0.000408,172.31.47.0-255,66,47401,87,376193
1616,0.000411,74.125.130.0-255,1484,48885,87,376193
1617,0.000413,172.31.47.0-255,66,48951,87,376193
1618,0.000442,74.125.130.0-255,7156,56107,87,376193
1619,0.000445,172.31.47.0-255,66,56173,87,376193
1620,0.000455,172.31.47.0-255,66,56239,87,376193
1621,0.00073,74.125.130.0-255,647,56886,87,376193
1622,0.000873,172.31.47.0-255,66,56952,87,376193
1623,0.000939,74.125.130.0-255,1484,58436,87,376193
1624,0.000954,74.125.130.0-255,2902,61338,87,376193
1625,0.000957,172.31.47.0-255,66,61404,87,376193
1626,0.000975,74.125.130.0-255,1484,62888,87,376193
1627,0.000979,74.125.130.0-255,2902,65790,87,376193
1628,0.000981,172.31.47.0-255,66,65856,87,376193
1629,0.000998,74.125.130.0-255,2902,68758,87,376193
1630,0.001,172.31.47.0-255,66,68824,87,376193
1631,0.001026,74.125.130.0-255,2902,71726,87,376193
1632,0.001028,172.31.47.0-255,66,71792,87,376193
1633,0.001033,74.125.130.0-255,4320,76112,87,376193
1634,0.001035,172.31.47.0-255,66,76178,87,376193
1635,0.001051,74.125.130.0-255,5738,81916,87,376193
1636,0.001053,172.31.47.0-255,66,81982,87,376193
1637,0.001075,74.125.130.0-255,1484,83466,87,376193
1638,0.001102,172.31.47.0-255,66,83532,87,376193
1639,0.001305,74.125.130.0-255,1484,85016,87,376193
1640,0.001319,74.125.130.0-255,2902,87918,87,376193
1641,0.001322,172.31.47.0-255,66,87984,87,376193
1642,0.00134,74.125.130.0-255,4320,92304,87,376193
1643,0.001342,172.31.47.0-255,66,92370,87,376193
1644,0.001368,74.125.130.0-255,2902,95272,87,376193
1645,0.00137,172.31.47.0-255,66,95338,87,376193
1646,0.001391,74.125.130.0-255,5738,101076,87,376193
1647,0.001393,172.31.47.0-255,66,101142,87,376193
1648,0.001397,74.125.130.0-255,2902,104044,87,376193
1649,0.001399,172.31.47.0-255,66,104110,87,376193
1650,0.001421,74.125.130.0-255,7156,111266,87,376193
1651,0.001423,172.31.47.0-255,66,111332,87,376193
1652,0.001445,74.125.130.0-255,5738,117070,87,376193
1653,0.001447,172.31.47.0-255,66,117136,87,376193
1654,0.00145,74.125.130.0-255,766,117902,87,376193
1655,0.00221,74.125.130.0-255,1484,119386,87,376193
1656,0.002215,172.31.47.0-255,66,119452,87,376193
1657,0.002222,74.125.130.0-255,2902,122354,87,376193
1658,0.002225,172.31.47.0-255,66,122420,87,376193
1659,0.002242,74.125.130.0-255,2902,125322,87,376193
1660,0.002244,172.31.47.0-255,66,125388,87,376193
1661,0.002247,74.125.130.0-255,1484,126872,87,376193
1662,0.002267,74.125.130.0-255,2902,129774,87,376193
1663,0.00227,172.31.47.0-255,66,129840,87,376193
1664,0.002275,74.125.130.0-255,5738,135578,87,376193
1665,0.002276,172.31.47.0-255,66,135644,87,376193
1666,0.00229,74.125.130.0-255,2902,138546,87,376193
1667,0.002292,172.31.47.0-255,66,138612,87,376193
1668,0.002296,74.125.130.0-255,2902,141514,87,376193
1669,0.002298,172.31.47.0-255,66,141580,87,376193
1670,0.002303,74.125.130.0-255,4320,145900,87,376193
1671,0.002305,172.31.47.0-255,66,145966,87,376193
1672,0.002345,74.125.130.0-255,6438,152404,87,376193
1673,0.002347,172.31.47.0-255,66,152470,87,376193
1674,0.004878,74.125.130.0-255,4320,156790,87,376193
1675,0.004881,172.31.47.0-255,66,156856,87,376193
1676,0.004894,74.125.130.0-255,1484,158340,87,376193
1677,0.007434,74.125.130.0-255,4320,162660,87,376193
1678,0.00744,172.31.47.0-255,66,162726,87,376193
1679,0.009988,74.125.130.0-255,5738,168464,87,376193
1680,0.009995,172.31.47.0-255,66,168530,87,376193
1681,0.012557,74.125.130.0-255,5738,174268,87,376193
1682,0.012567,172.31.47.0-255,66,174334,87,376193
1683,0.015134,74.125.130.0-255,5738,180072,87,376193
1684,0.015152,172.31.47.0-255,66,180138,87,376193
1685,0.017711,74.125.130.0-255,5738,185876,87,376193
1686,0.017723,172.31.47.0-255,66,185942,87,376193
1687,0.020283,74.125.130.0-255,5738,191680,87,376193
1688,0.020292,172.31.47.0-255,66,191746,87,376193
1689,0.022848,74.125.130.0-255,5738,197484,87,376193
1690,0.022855,172.31.47.0-255,66,197550,87,376193
1691,0.024632,172.31.47.0-255,172,197722,87,376193
1692,0.024663,172.31.47.0-255,1107,198829,87,376193
1693,0.024711,172.31.47.0-255,1514,200343,87,376193
1694,0.024713,172.31.47.0-255,1299,201642,87,376193
1695,0.025409,74.125.130.0-255,1484,203126,87,376193
1696,0.025425,74.125.130.0-255,4320,207446,87,376193
1697,0.02543,172.31.47.0-255,66,207512,87,376193
1698,0.02619,104.244.42.0-255,66,207578,87,376193
1699,0.026214,104.244.42.0-255,66,207644,87,376193
1700,0.026254,104.244.42.0-255,66,207710,87,376193
1701,0.02798,74.125.130.0-255,5738,213448,87,376193
1702,0.027986,172.31.47.0-255,66,213514,87,376193
1703,0.030536,74.125.130.0-255,5738,219252,87,376193
1704,0.030542,172.31.47.0-255,66,219318,87,376193
1705,0.033093,74.125.130.0-255,5738,225056,87,376193
1706,0.033099,172.31.47.0-255,66,225122,87,376193
1707,0.035658,74.125.130.0-255,5738,230860,87,376193
1708,0.035664,172.31.47.0-255,66,230926,87,376193
1709,0.038227,74.125.130.0-255,5738,236664,87,376193
1710,0.038233,172.31.47.0-255,66,236730,87,376193
1711,0.040797,74.125.130.0-255,5738,242468,87,376193
1712,0.040802,172.31.47.0-255,66,242534,87,376193
1713,0.043384,74.125.130.0-255,5738,248272,87,376193
1714,0.04339,172.31.47.0-255,66,248338,87,376193
1715,0.045944,74.125.130.0-255,5738,254076,87,376193
1716,0.045949,172.31.47.0-255,66,254142,87,376193
1717,0.048503,74.125.130.0-255,5738,259880,87,376193
1718,0.04851,172.31.47.0-255,66,259946,87,376193
1719,0.051066,74.125.130.0-255,5738,265684,87,376193
1720,0.051072,172.31.47.0-255,66,265750,87,376193
1721,0.053643,74.125.130.0-255,5738,271488,87,376193
1722,0.053649,172.31.47.0-255,66,271554,87,376193
1723,0.056202,74.125.130.0-255,5738,277292,87,376193
1724,0.056207,172.31.47.0-255,66,277358,87,376193
1725,0.05877,74.125.130.0-255,5738,283096,87,376193
1726,0.058775,172.31.47.0-255,66,283162,87,376193
1727,0.061339,74.125.130.0-255,5738,288900,87,376193
1728,0.061346,172.31.47.0-255,66,288966,87,376193
1729,0.063911,74.125.130.0-255,5738,294704,87,376193
1730,0.063918,172.31.47.0-255,66,294770,87,376193
1731,0.066466,74.125.130.0-255,5738,300508,87,376193
1732,0.066474,172.31.47.0-255,66,300574,87,376193
1733,0.069059,74.125.130.0-255,5738,306312,87,376193
1734,0.069065,172.31.47.0-255,66,306378,87,376193
1735,0.071627,74.125.130.0-255,5738,312116,87,376193
1736,0.071636,172.31.47.0-255,66,312182,87,376193
1737,0.074192,74.125.130.0-255,5738,317920,87,376193
1738,0.074198,172.31.47.0-255,66,317986,87,376193
1739,0.076755,74.125.130.0-255,5738,323724,87,376193
1740,0.076761,172.31.47.0-255,66,323790,87,376193
1741,0.079323,74.125.130.0-255,5738,329528,87,376193
1742,0.079328,172.31.47.0-255,66,329594,87,376193
1743,0.079444,172.31.47.0-255,101,329695,87,376193
1744,0.081881,74.125.130.0-255,5738,335433,87,376193
1745,0.081887,172.31.47.0-255,66,335499,87,376193
1746,0.081946,74.125.130.0-255,66,335565,87,376193
1747,0.084448,74.125.130.0-255,5738,341303,87,376193
1748,0.084454,172.31.47.0-255,66,341369,87,376193
1749,0.087009,74.125.130.0-255,5738,347107,87,376193
1750,0.087015,172.31.47.0-255,66,347173,87,376193
1751,0.089572,74.125.130.0-255,5738,352911,87,376193
1752,0.089577,172.31.47.0-255,66,352977,87,376193
1753,0.092135,74.125.130.0-255,5738,358715,87,376193
1754,0.09214,172.31.47.0-255,66,358781,87,376193
1755,0.094708,74.125.130.0-255,5738,364519,87,376193
1756,0.094714,172.31.47.0-255,66,364585,87,376193
1757,0.097263,74.125.130.0-255,5738,370323,87,376193
1758,0.097268,172.31.47.0-255,66,370389,87,376193
1759,0.099821,74.125.130.0-255,5738,376127,87,376193
1760,0.099827,172.31.47.0-255,66,376193,87,376193
1761,0.0,74.125.24.0-255,143,143,87,223631
1762,2.2e-05,172.31.47.0-255,66,209,87,223631
1763,2.9e-05,74.125.24.0-255,1484,1693,87,223631
1764,3.2e-05,172.31.47.0-255,66,1759,87,223631
1765,3.6e-05,74.125.24.0-255,2902,4661,87,223631
1766,3.8e-05,172.31.47.0-255,66,4727,87,223631
1767,4.2e-05,74.125.24.0-255,4320,9047,87,223631
1768,4.5e-05,172.31.47.0-255,66,9113,87,223631
1769,4.9e-05,74.125.24.0-255,5046,14159,87,223631
1770,5.1e-05,172.31.47.0-255,66,14225,87,223631
1771,8.7e-05,172.31.47.0-255,66,14291,87,223631
1772,9.2e-05,74.125.24.0-255,5379,19670,87,223631
1773,9.3e-05,172.31.47.0-255,66,19736,87,223631
1774,0.00027,74.125.24.0-255,1484,21220,87,223631
1775,0.000275,172.31.47.0-255,66,21286,87,223631
1776,0.000279,74.125.24.0-255,2902,24188,87,223631
1777,0.000282,172.31.47.0-255,66,24254,87,223631
1778,0.000327,74.125.24.0-255,1484,25738,87,223631
1779,0.00033,172.31.47.0-255,66,25804,87,223631
1780,0.000334,74.125.24.0-255,2902,28706,87,223631
1781,0.000336,172.31.47.0-255,66,28772,87,223631
1782,0.000359,74.125.24.0-255,5738,34510,87,223631
1783,0.000362,172.31.47.0-255,66,34576,87,223631
1784,0.000365,74.125.24.0-255,1484,36060,87,223631
1785,0.000368,172.31.47.0-255,66,36126,87,223631
1786,0.000393,172.31.47.0-255,66,36192,87,223631
1787,0.000399,74.125.24.0-255,6438,42630,87,223631
1788,0.000401,172.31.47.0-255,66,42696,87,223631
1789,0.000424,74.125.24.0-255,362,43058,87,223631
1790,0.000426,172.31.47.0-255,66,43124,87,223631
1791,0.000457,74.125.24.0-255,126,43250,87,223631
1792,0.000521,74.125.24.0-255,1484,44734,87,223631
1793,0.000524,172.31.47.0-255,66,44800,87,223631
1794,0.00054,74.125.24.0-255,2902,47702,87,223631
1795,0.000542,172.31.47.0-255,66,47768,87,223631
1796,0.000565,74.125.24.0-255,5738,53506,87,223631
1797,0.000568,172.31.47.0-255,66,53572,87,223631
1798,0.000572,74.125.24.0-255,4320,57892,87,223631
1799,0.000574,172.31.47.0-255,66,57958,87,223631
1800,0.000593,172.31.47.0-255,66,58024,87,223631
1801,0.000603,172.31.47.0-255,66,58090,87,223631
1802,0.000632,74.125.24.0-255,352,58442,87,223631
1803,0.000887,172.31.47.0-255,66,58508,87,223631
1804,0.001029,74.125.24.0-255,1484,59992,87,223631
1805,0.001037,74.125.24.0-255,2902,62894,87,223631
1806,0.001041,172.31.47.0-255,66,62960,87,223631
1807,0.001044,74.125.24.0-255,1484,64444,87,223631
1808,0.00106,74.125.24.0-255,2902,67346,87,223631
1809,0.001062,172.31.47.0-255,66,67412,87,223631
1810,0.001081,74.125.24.0-255,1484,68896,87,223631
1811,0.001095,172.31.47.0-255,66,68962,87,223631
1812,0.001123,172.31.47.0-255,66,69028,87,223631
1813,0.001282,74.125.24.0-255,1484,70512,87,223631
1814,0.001289,74.125.24.0-255,2902,73414,87,223631
1815,0.001293,172.31.47.0-255,66,73480,87,223631
1816,0.001313,74.125.24.0-255,5738,79218,87,223631
1817,0.001315,172.31.47.0-255,66,79284,87,223631
1818,0.001357,172.31.47.0-255,66,79350,87,223631
1819,0.001361,74.125.24.0-255,2902,82252,87,223631
1820,0.001363,172.31.47.0-255,66,82318,87,223631
1821,0.001377,74.125.24.0-255,2902,85220,87,223631
1822,0.001379,172.31.47.0-255,66,85286,87,223631
1823,0.001408,74.125.24.0-255,5020,90306,87,223631
1824,0.00141,172.31.47.0-255,66,90372,87,223631
1825,0.001452,74.125.24.0-255,1484,91856,87,223631
1826,0.001471,74.125.24.0-255,2902,94758,87,223631
1827,0.001475,172.31.47.0-255,66,94824,87,223631
1828,0.001478,74.125.24.0-255,1484,96308,87,223631
1829,0.001496,74.125.24.0-255,4320,100628,87,223631
1830,0.001498,172.31.47.0-255,66,100694,87,223631
1831,0.001524,74.125.24.0-255,5738,106432,87,223631
1832,0.001528,172.31.47.0-255,66,106498,87,223631
1833,0.001545,74.125.24.0-255,2902,109400,87,223631
1834,0.001547,172.31.47.0-255,66,109466,87,223631
1835,0.00156,74.125.24.0-255,1484,110950,87,223631
1836,0.001588,172.31.47.0-255,66,111016,87,223631
1837,0.001632,74.125.24.0-255,1484,112500,87,223631
1838,0.00165,74.125.24.0-255,2902,115402,87,223631
1839,0.001653,172.31.47.0-255,66,115468,87,223631
1840,0.001658,74.125.24.0-255,5738,121206,87,223631
1841,0.00166,172.31.47.0-255,66,121272,87,223631
1842,0.001688,172.31.47.0-255,66,121338,87,223631
1843,0.001731,172.31.47.0-255,66,121404,87,223631
1844,0.001815,74.125.24.0-255,1484,122888,87,223631
1845,0.001829,74.125.24.0-255,2902,125790,87,223631
1846,0.001831,172.31.47.0-255,66,125856,87,223631
1847,0.001866,74.125.24.0-255,5738,131594,87,223631
1848,0.001869,172.31.47.0-255,66,131660,87,223631
1849,0.001882,172.31.47.0-255,66,131726,87,223631
1850,0.001891,172.31.47.0-255,66,131792,87,223631
1851,0.001913,74.125.24.0-255,2184,133976,87,223631
1852,0.001914,172.31.47.0-255,66,134042,87,223631
1853,0.001986,74.125.24.0-255,1484,135526,87,223631
1854,0.00199,74.125.24.0-255,2902,138428,87,223631
1855,0.001992,172.31.47.0-255,66,138494,87,223631
1856,0.002012,74.125.24.0-255,5738,144232,87,223631
1857,0.002014,172.31.47.0-255,66,144298,87,223631
1858,0.002019,74.125.24.0-255,5738,150036,87,223631
1859,0.00202,172.31.47.0-255,66,150102,87,223631
1860,0.002055,172.31.47.0-255,66,150168,87,223631
1861,0.002066,74.125.24.0-255,2902,153070,87,223631
1862,0.002068,172.31.47.0-255,66,153136,87,223631
1863,0.002073,74.125.24.0-255,5020,158156,87,223631
1864,0.002075,172.31.47.0-255,66,158222,87,223631
1865,0.002124,74.125.24.0-255,7156,165378,87,223631
1866,0.002127,172.31.47.0-255,66,165444,87,223631
1867,0.002152,172.31.47.0-255,66,165510,87,223631
1868,0.002212,172.31.47.0-255,66,165576,87,223631
1869,0.002215,74.125.24.0-255,766,166342,87,223631
1870,0.002242,74.125.24.0-255,4320,170662,87,223631
1871,0.002244,172.31.47.0-255,66,170728,87,223631
1872,0.002268,172.31.47.0-255,66,170794,87,223631
1873,0.002273,74.125.24.0-255,5738,176532,87,223631
1874,0.002275,172.31.47.0-255,66,176598,87,223631
1875,0.002295,172.31.47.0-255,66,176664,87,223631
1876,0.002297,74.125.24.0-255,766,177430,87,223631
1877,0.004585,74.125.24.0-255,1484,178914,87,223631
1878,0.004588,172.31.47.0-255,66,178980,87,223631
1879,0.004599,74.125.24.0-255,2902,181882,87,223631
1880,0.004601,172.31.47.0-255,66,181948,87,223631
1881,0.006836,74.125.24.0-255,2902,184850,87,223631
1882,0.006841,172.31.47.0-255,66,184916,87,223631
1883,0.006861,74.125.24.0-255,2902,187818,87,223631
1884,0.006864,172.31.47.0-255,66,187884,87,223631
1885,0.009109,74.125.24.0-255,5738,193622,87,223631
1886,0.009115,172.31.47.0-255,66,193688,87,223631
1887,0.011346,74.125.24.0-255,4320,198008,87,223631
1888,0.011352,172.31.47.0-255,66,198074,87,223631
1889,0.01137,74.125.24.0-255,1484,199558,87,223631
1890,0.013596,74.125.24.0-255,4320,203878,87,223631
1891,0.013603,172.31.47.0-255,66,203944,87,223631
1892,0.015891,74.125.24.0-255,5738,209682,87,223631
1893,0.015898,172.31.47.0-255,66,209748,87,223631
1894,0.018209,74.125.24.0-255,5738,215486,87,223631
1895,0.018215,172.31.47.0-255,66,215552,87,223631
1896,0.020496,74.125.24.0-255,4523,220075,87,223631
1897,0.020501,172.31.47.0-255,66,220141,87,223631
1898,0.020668,172.31.47.0-255,105,220246,87,223631
1899,0.022893,74.125.24.0-255,66,220312,87,223631
1900,0.025535,172.31.47.0-255,167,220479,87,223631
1901,0.025566,172.31.47.0-255,1111,221590,87,223631
1902,0.025611,172.31.47.0-255,1514,223104,87,223631
1903,0.025613,172.31.47.0-255,329,223433,87,223631
1904,0.027089,104.244.42.0-255,66,223499,87,223631
1905,0.027124,104.244.42.0-255,66,223565,87,223631
1906,0.027182,104.244.42.0-255,66,223631,87,223631
1907,0.0,172.217.194.0-255,153,153,87,326804
1908,1.8e-05,172.31.47.0-255,66,219,87,326804
1909,2.5e-05,172.217.194.0-255,1484,1703,87,326804
1910,2.9e-05,172.31.47.0-255,66,1769,87,326804
1911,3.2e-05,172.217.194.0-255,1484,3253,87,326804
1912,3.4e-05,172.31.47.0-255,66,3319,87,326804
1913,4.7e-05,172.217.194.0-255,2902,6221,87,326804
1914,5.1e-05,172.31.47.0-255,66,6287,87,326804
1915,5.7e-05,172.217.194.0-255,5738,12025,87,326804
1916,6e-05,172.31.47.0-255,66,12091,87,326804
1917,8.1e-05,172.217.194.0-255,1989,14080,87,326804
1918,8.8e-05,172.31.47.0-255,66,14146,87,326804
1919,0.000116,172.217.194.0-255,2902,17048,87,326804
1920,0.000119,172.31.47.0-255,66,17114,87,326804
1921,0.000146,172.217.194.0-255,4320,21434,87,326804
1922,0.000148,172.31.47.0-255,66,21500,87,326804
1923,0.000178,172.217.194.0-255,2902,24402,87,326804
1924,0.00018,172.31.47.0-255,66,24468,87,326804
1925,0.000191,172.31.47.0-255,66,24534,87,326804
1926,0.0002,172.217.194.0-255,4320,28854,87,326804
1927,0.000203,172.31.47.0-255,66,28920,87,326804
1928,0.000235,172.31.47.0-255,66,28986,87,326804
1929,0.000262,172.217.194.0-255,2184,31170,87,326804
1930,0.000265,172.31.47.0-255,66,31236,87,326804
1931,0.000328,172.217.194.0-255,1484,32720,87,326804
1932,0.000332,172.31.47.0-255,66,32786,87,326804
1933,0.000351,172.217.194.0-255,2902,35688,87,326804
1934,0.000354,172.31.47.0-255,66,35754,87,326804
1935,0.000358,172.217.194.0-255,1484,37238,87,326804
1936,0.00036,172.31.47.0-255,66,37304,87,326804
1937,0.000395,172.217.194.0-255,4320,41624,87,326804
1938,0.000404,172.217.194.0-255,6797,48421,87,326804
1939,0.000484,172.217.194.0-255,365,48786,87,326804
1940,0.000551,172.31.47.0-255,66,48852,87,326804
1941,0.000956,172.217.194.0-255,378,49230,87,326804
1942,0.001014,172.31.47.0-255,66,49296,87,326804
1943,0.001188,172.217.194.0-255,1484,50780,87,326804
1944,0.001194,172.217.194.0-255,1484,52264,87,326804
1945,0.001214,172.217.194.0-255,1484,53748,87,326804
1946,0.00122,172.217.194.0-255,5738,59486,87,326804
1947,0.001243,172.217.194.0-255,4320,63806,87,326804
1948,0.00126,172.217.194.0-255,5738,69544,87,326804
1949,0.001272,172.217.194.0-255,1484,71028,87,326804
1950,0.001283,172.217.194.0-255,2902,73930,87,326804
1951,0.002326,172.31.47.0-255,66,73996,87,326804
1952,0.004645,172.217.194.0-255,5738,79734,87,326804
1953,0.00465,172.31.47.0-255,66,79800,87,326804
1954,0.006951,172.217.194.0-255,5738,85538,87,326804
1955,0.006957,172.31.47.0-255,66,85604,87,326804
1956,0.009258,172.217.194.0-255,5738,91342,87,326804
1957,0.009366,172.31.47.0-255,66,91408,87,326804
1958,0.011668,172.217.194.0-255,5738,97146,87,326804
1959,0.01168,172.31.47.0-255,66,97212,87,326804
1960,0.013989,172.217.194.0-255,5738,102950,87,326804
1961,0.013997,172.31.47.0-255,66,103016,87,326804
1962,0.016286,172.217.194.0-255,5738,108754,87,326804
1963,0.016293,172.31.47.0-255,66,108820,87,326804
1964,0.018621,172.217.194.0-255,2902,111722,87,326804
1965,0.018627,172.31.47.0-255,66,111788,87,326804
1966,0.018655,172.217.194.0-255,2902,114690,87,326804
1967,0.018805,172.31.47.0-255,66,114756,87,326804
1968,0.020351,172.31.47.0-255,172,114928,87,326804
1969,0.020383,172.31.47.0-255,1111,116039,87,326804
1970,0.020441,172.31.47.0-255,1514,117553,87,326804
1971,0.020443,172.31.47.0-255,1293,118846,87,326804
1972,0.020958,172.217.194.0-255,2902,121748,87,326804
1973,0.020963,172.31.47.0-255,66,121814,87,326804
1974,0.021098,172.217.194.0-255,2902,124716,87,326804
1975,0.021103,172.31.47.0-255,66,124782,87,326804
1976,0.021921,104.244.42.0-255,66,124848,87,326804
1977,0.021928,104.244.42.0-255,66,124914,87,326804
1978,0.022026,104.244.42.0-255,66,124980,87,326804
1979,0.023254,172.217.194.0-255,2902,127882,87,326804
1980,0.023258,172.31.47.0-255,66,127948,87,326804
1981,0.023423,172.217.194.0-255,2902,130850,87,326804
1982,0.023428,172.31.47.0-255,66,130916,87,326804
1983,0.02556,172.217.194.0-255,2902,133818,87,326804
1984,0.025566,172.31.47.0-255,66,133884,87,326804
1985,0.025706,172.217.194.0-255,2902,136786,87,326804
1986,0.025711,172.31.47.0-255,66,136852,87,326804
1987,0.027903,172.217.194.0-255,2902,139754,87,326804
1988,0.027908,172.31.47.0-255,66,139820,87,326804
1989,0.027986,172.217.194.0-255,2902,142722,87,326804
1990,0.02799,172.31.47.0-255,66,142788,87,326804
1991,0.030216,172.217.194.0-255,2902,145690,87,326804
1992,0.030222,172.31.47.0-255,66,145756,87,326804
1993,0.030318,172.217.194.0-255,2902,148658,87,326804
1994,0.03047,172.31.47.0-255,66,148724,87,326804
1995,0.032532,172.217.194.0-255,2902,151626,87,326804
1996,0.032537,172.31.47.0-255,66,151692,87,326804
1997,0.032796,172.217.194.0-255,2902,154594,87,326804
1998,0.032803,172.31.47.0-255,66,154660,87,326804
1999,0.034839,172.217.194.0-255,2902,157562,87,326804
2000,0.034845,172.31.47.0-255,66,157628,87,326804
2001,0.035083,172.217.194.0-255,2902,160530,87,326804
2002,0.035088,172.31.47.0-255,66,160596,87,326804
2003,0.037173,172.217.194.0-255,2902,163498,87,326804
2004,0.03718,172.31.47.0-255,66,163564,87,326804
2005,0.037397,172.217.194.0-255,2902,166466,87,326804
2006,0.037402,172.31.47.0-255,66,166532,87,326804
2007,0.039502,172.217.194.0-255,2902,169434,87,326804
2008,0.039507,172.31.47.0-255,66,169500,87,326804
2009,0.039743,172.217.194.0-255,2902,172402,87,326804
2010,0.039749,172.31.47.0-255,66,172468,87,326804
2011,0.041792,172.217.194.0-255,2902,175370,87,326804
2012,0.041797,172.31.47.0-255,66,175436,87,326804
2013,0.042072,172.217.194.0-255,2902,178338,87,326804
2014,0.042077,172.31.47.0-255,66,178404,87,326804
2015,0.044094,172.217.194.0-255,2902,181306,87,326804
2016,0.044099,172.31.47.0-255,66,181372,87,326804
2017,0.044398,172.217.194.0-255,2902,184274,87,326804
2018,0.044403,172.31.47.0-255,66,184340,87,326804
2019,0.046393,172.217.194.0-255,2902,187242,87,326804
2020,0.046399,172.31.47.0-255,66,187308,87,326804
2021,0.046701,172.217.194.0-255,2902,190210,87,326804
2022,0.046706,172.31.47.0-255,66,190276,87,326804
2023,0.048673,172.217.194.0-255,2902,193178,87,326804
2024,0.048679,172.31.47.0-255,66,193244,87,326804
2025,0.049015,172.217.194.0-255,2902,196146,87,326804
2026,0.04902,172.31.47.0-255,66,196212,87,326804
2027,0.05101,172.217.194.0-255,2902,199114,87,326804
2028,0.051016,172.31.47.0-255,66,199180,87,326804
2029,0.051335,172.217.194.0-255,2902,202082,87,326804
2030,0.05134,172.31.47.0-255,66,202148,87,326804
2031,0.053312,172.217.194.0-255,2902,205050,87,326804
2032,0.053318,172.31.47.0-255,66,205116,87,326804
2033,0.05367,172.217.194.0-255,2902,208018,87,326804
2034,0.053675,172.31.47.0-255,66,208084,87,326804
2035,0.05565,172.217.194.0-255,2902,210986,87,326804
2036,0.055656,172.31.47.0-255,66,211052,87,326804
2037,0.055988,172.217.194.0-255,2902,213954,87,326804
2038,0.055993,172.31.47.0-255,66,214020,87,326804
2039,0.057975,172.217.194.0-255,2902,216922,87,326804
2040,0.057981,172.31.47.0-255,66,216988,87,326804
2041,0.058284,172.217.194.0-255,2902,219890,87,326804
2042,0.058304,172.31.47.0-255,66,219956,87,326804
2043,0.060288,172.217.194.0-255,2902,222858,87,326804
2044,0.060294,172.31.47.0-255,66,222924,87,326804
2045,0.060631,172.217.194.0-255,2902,225826,87,326804
2046,0.060637,172.31.47.0-255,66,225892,87,326804
2047,0.062655,172.217.194.0-255,2902,228794,87,326804
2048,0.06266,172.31.47.0-255,66,228860,87,326804
2049,0.062947,172.217.194.0-255,2902,231762,87,326804
2050,0.062952,172.31.47.0-255,66,231828,87,326804
2051,0.064992,172.217.194.0-255,2902,234730,87,326804
2052,0.064999,172.31.47.0-255,66,234796,87,326804
2053,0.065247,172.217.194.0-255,2902,237698,87,326804
2054,0.065253,172.31.47.0-255,66,237764,87,326804
2055,0.067329,172.217.194.0-255,2902,240666,87,326804
2056,0.067335,172.31.47.0-255,66,240732,87,326804
2057,0.067545,172.217.194.0-255,2902,243634,87,326804
2058,0.067551,172.31.47.0-255,66,243700,87,326804
2059,0.069655,172.217.194.0-255,2902,246602,87,326804
2060,0.069662,172.31.47.0-255,66,246668,87,326804
2061,0.069833,172.217.194.0-255,2902,249570,87,326804
2062,0.069838,172.31.47.0-255,66,249636,87,326804
2063,0.07198,172.217.194.0-255,2902,252538,87,326804
2064,0.07199,172.31.47.0-255,66,252604,87,326804
2065,0.072118,172.217.194.0-255,2902,255506,87,326804
2066,0.072123,172.31.47.0-255,66,255572,87,326804
2067,0.074312,172.217.194.0-255,2902,258474,87,326804
2068,0.074318,172.31.47.0-255,66,258540,87,326804
2069,0.074431,172.217.194.0-255,2902,261442,87,326804
2070,0.074435,172.31.47.0-255,66,261508,87,326804
2071,0.076617,172.217.194.0-255,2902,264410,87,326804
2072,0.076623,172.31.47.0-255,66,264476,87,326804
2073,0.076732,172.217.194.0-255,2902,267378,87,326804
2074,0.076736,172.31.47.0-255,66,267444,87,326804
2075,0.07892,172.217.194.0-255,2902,270346,87,326804
2076,0.078926,172.31.47.0-255,66,270412,87,326804
2077,0.079023,172.217.194.0-255,2902,273314,87,326804
2078,0.079036,172.31.47.0-255,66,273380,87,326804
2079,0.081244,172.217.194.0-255,2902,276282,87,326804
2080,0.08125,172.31.47.0-255,66,276348,87,326804
2081,0.081319,172.217.194.0-255,2902,279250,87,326804
2082,0.081325,172.31.47.0-255,66,279316,87,326804
2083,0.083561,172.217.194.0-255,2902,282218,87,326804
2084,0.083567,172.31.47.0-255,66,282284,87,326804
2085,0.083629,172.217.194.0-255,2902,285186,87,326804
2086,0.083656,172.31.47.0-255,66,285252,87,326804
2087,0.085864,172.217.194.0-255,2902,288154,87,326804
2088,0.085869,172.31.47.0-255,66,288220,87,326804
2089,0.085959,172.217.194.0-255,2902,291122,87,326804
2090,0.085969,172.31.47.0-255,66,291188,87,326804
2091,0.088165,172.217.194.0-255,2902,294090,87,326804
2092,0.08817,172.31.47.0-255,66,294156,87,326804
2093,0.088259,172.217.194.0-255,2902,297058,87,326804
2094,0.088262,172.31.47.0-255,66,297124,87,326804
2095,0.090465,172.217.194.0-255,2902,300026,87,326804
2096,0.090471,172.31.47.0-255,66,300092,87,326804
2097,0.090548,172.217.194.0-255,2902,302994,87,326804
2098,0.090559,172.31.47.0-255,66,303060,87,326804
2099,0.092792,172.217.194.0-255,2902,305962,87,326804
2100,0.092798,172.31.47.0-255,66,306028,87,326804
2101,0.092861,172.217.194.0-255,2902,308930,87,326804
2102,0.092885,172.31.47.0-255,66,308996,87,326804
2103,0.095108,172.217.194.0-255,2902,311898,87,326804
2104,0.095113,172.31.47.0-255,66,311964,87,326804
2105,0.095196,172.217.194.0-255,2902,314866,87,326804
2106,0.095216,172.31.47.0-255,66,314932,87,326804
2107,0.097418,172.217.194.0-255,2902,317834,87,326804
2108,0.097425,172.31.47.0-255,66,317900,87,326804
2109,0.097536,172.217.194.0-255,2902,320802,87,326804
2110,0.09754,172.31.47.0-255,66,320868,87,326804
2111,0.099723,172.217.194.0-255,2902,323770,87,326804
2112,0.099729,172.31.47.0-255,66,323836,87,326804
2113,0.099822,172.217.194.0-255,2902,326738,87,326804
2114,0.099832,172.31.47.0-255,66,326804,87,326804
2115,0.0,172.217.194.0-255,153,153,87,272315
2116,1.6e-05,172.31.47.0-255,66,219,87,272315
2117,2.2e-05,172.217.194.0-255,1484,1703,87,272315
2118,2.6e-05,172.31.47.0-255,66,1769,87,272315
2119,3.1e-05,172.217.194.0-255,2902,4671,87,272315
2120,3.4e-05,172.31.47.0-255,66,4737,87,272315
2121,4e-05,172.217.194.0-255,4320,9057,87,272315
2122,4.2e-05,172.31.47.0-255,66,9123,87,272315
2123,6.7e-05,172.217.194.0-255,2902,12025,87,272315
2124,7e-05,172.31.47.0-255,66,12091,87,272315
2125,7.4e-05,172.217.194.0-255,2254,14345,87,272315
2126,7.6e-05,172.31.47.0-255,66,14411,87,272315
2127,0.000113,172.217.194.0-255,1484,15895,87,272315
2128,0.000115,172.31.47.0-255,66,15961,87,272315
2129,0.000119,172.217.194.0-255,2902,18863,87,272315
2130,0.000121,172.31.47.0-255,66,18929,87,272315
2131,0.000126,172.217.194.0-255,5738,24667,87,272315
2132,0.000128,172.31.47.0-255,66,24733,87,272315
2133,0.000155,172.217.194.0-255,6797,31530,87,272315
2134,0.000158,172.31.47.0-255,66,31596,87,272315
2135,0.00024,172.217.194.0-255,1484,33080,87,272315
2136,0.000243,172.31.47.0-255,66,33146,87,272315
2137,0.000246,172.217.194.0-255,1484,34630,87,272315
2138,0.000248,172.31.47.0-255,66,34696,87,272315
2139,0.000261,172.217.194.0-255,1484,36180,87,272315
2140,0.000263,172.31.47.0-255,66,36246,87,272315
2141,0.000268,172.217.194.0-255,5738,41984,87,272315
2142,0.00027,172.31.47.0-255,66,42050,87,272315
2143,0.000318,172.31.47.0-255,66,42116,87,272315
2144,0.000324,172.217.194.0-255,7156,49272,87,272315
2145,0.000326,172.31.47.0-255,66,49338,87,272315
2146,0.000338,172.217.194.0-255,2543,51881,87,272315
2147,0.00034,172.31.47.0-255,66,51947,87,272315
2148,0.000343,172.217.194.0-255,362,52309,87,272315
2149,0.000755,172.217.194.0-255,382,52691,87,272315
2150,0.000846,172.31.47.0-255,66,52757,87,272315
2151,0.001062,172.217.194.0-255,1484,54241,87,272315
2152,0.001071,172.217.194.0-255,2902,57143,87,272315
2153,0.001074,172.31.47.0-255,66,57209,87,272315
2154,0.001079,172.217.194.0-255,1484,58693,87,272315
2155,0.001096,172.217.194.0-255,4320,63013,87,272315
2156,0.001098,172.31.47.0-255,66,63079,87,272315
2157,0.001125,172.31.47.0-255,66,63145,87,272315
2158,0.001151,172.217.194.0-255,1484,64629,87,272315
2159,0.001163,172.31.47.0-255,66,64695,87,272315
2160,0.001166,172.217.194.0-255,766,65461,87,272315
2161,0.001749,172.217.194.0-255,1484,66945,87,272315
2162,0.001756,172.31.47.0-255,66,67011,87,272315
2163,0.001762,172.217.194.0-255,2902,69913,87,272315
2164,0.001764,172.31.47.0-255,66,69979,87,272315
2165,0.001772,172.217.194.0-255,5738,75717,87,272315
2166,0.001774,172.31.47.0-255,66,75783,87,272315
2167,0.00178,172.217.194.0-255,5738,81521,87,272315
2168,0.001782,172.31.47.0-255,66,81587,87,272315
2169,0.001812,172.217.194.0-255,7156,88743,87,272315
2170,0.001815,172.31.47.0-255,66,88809,87,272315
2171,0.00183,172.217.194.0-255,5738,94547,87,272315
2172,0.001832,172.31.47.0-255,66,94613,87,272315
2173,0.001839,172.217.194.0-255,5020,99633,87,272315
2174,0.00184,172.31.47.0-255,66,99699,87,272315
2175,0.002087,172.217.194.0-255,1484,101183,87,272315
2176,0.002093,172.217.194.0-255,2902,104085,87,272315
2177,0.002096,172.31.47.0-255,66,104151,87,272315
2178,0.002117,172.217.194.0-255,5738,109889,87,272315
2179,0.00212,172.31.47.0-255,66,109955,87,272315
2180,0.002139,172.217.194.0-255,5738,115693,87,272315
2181,0.002142,172.31.47.0-255,66,115759,87,272315
2182,0.002161,172.217.194.0-255,5738,121497,87,272315
2183,0.002164,172.31.47.0-255,66,121563,87,272315
2184,0.002179,172.217.194.0-255,2902,124465,87,272315
2185,0.002181,172.31.47.0-255,66,124531,87,272315
2186,0.002203,172.31.47.0-255,66,124597,87,272315
2187,0.002206,172.217.194.0-255,1484,126081,87,272315
2188,0.002223,172.217.194.0-255,7156,133237,87,272315
2189,0.002226,172.31.47.0-255,66,133303,87,272315
2190,0.002246,172.31.47.0-255,66,133369,87,272315
2191,0.002289,172.31.47.0-255,66,133435,87,272315
2192,0.002359,172.217.194.0-255,766,134201,87,272315
2193,0.002374,172.31.47.0-255,66,134267,87,272315
2194,0.002397,172.31.47.0-255,66,134333,87,272315
2195,0.002419,172.31.47.0-255,66,134399,87,272315
2196,0.002454,172.217.194.0-255,4320,138719,87,272315
2197,0.002457,172.31.47.0-255,66,138785,87,272315
2198,0.002489,172.31.47.0-255,66,138851,87,272315
2199,0.002527,172.31.47.0-255,66,138917,87,272315
2200,0.002565,172.217.194.0-255,2902,141819,87,272315
2201,0.002568,172.31.47.0-255,66,141885,87,272315
2202,0.002589,172.31.47.0-255,66,141951,87,272315
2203,0.002609,172.217.194.0-255,1484,143435,87,272315
2204,0.002628,172.217.194.0-255,7156,150591,87,272315
2205,0.002632,172.31.47.0-255,66,150657,87,272315
2206,0.00518,172.217.194.0-255,5738,156395,87,272315
2207,0.005187,172.31.47.0-255,66,156461,87,272315
2208,0.007732,172.217.194.0-255,5738,162199,87,272315
2209,0.00774,172.31.47.0-255,66,162265,87,272315
2210,0.010304,172.217.194.0-255,5738,168003,87,272315
2211,0.010315,172.31.47.0-255,66,168069,87,272315
2212,0.012906,172.217.194.0-255,5738,173807,87,272315
2213,0.012919,172.31.47.0-255,66,173873,87,272315
2214,0.015461,172.217.194.0-255,5738,179611,87,272315
2215,0.015477,172.31.47.0-255,66,179677,87,272315
2216,0.018024,172.217.194.0-255,5738,185415,87,272315
2217,0.018032,172.31.47.0-255,66,185481,87,272315
2218,0.019989,172.31.47.0-255,172,185653,87,272315
2219,0.020024,172.31.47.0-255,1107,186760,87,272315
2220,0.020068,172.31.47.0-255,1514,188274,87,272315
2221,0.02007,172.31.47.0-255,1297,189571,87,272315
2222,0.02057,172.217.194.0-255,5738,195309,87,272315
2223,0.020576,172.31.47.0-255,66,195375,87,272315
2224,0.021505,104.244.42.0-255,66,195441,87,272315
2225,0.021559,104.244.42.0-255,66,195507,87,272315
2226,0.021585,104.244.42.0-255,66,195573,87,272315
2227,0.023098,172.217.194.0-255,5738,201311,87,272315
2228,0.023102,172.31.47.0-255,66,201377,87,272315
2229,0.025631,172.217.194.0-255,5738,207115,87,272315
2230,0.025637,172.31.47.0-255,66,207181,87,272315
2231,0.028176,172.217.194.0-255,5738,212919,87,272315
2232,0.028181,172.31.47.0-255,66,212985,87,272315
2233,0.030701,172.217.194.0-255,5738,218723,87,272315
2234,0.030705,172.31.47.0-255,66,218789,87,272315
2235,0.033233,172.217.194.0-255,5738,224527,87,272315
2236,0.033239,172.31.47.0-255,66,224593,87,272315
2237,0.035758,172.217.194.0-255,5738,230331,87,272315
2238,0.035763,172.31.47.0-255,66,230397,87,272315
2239,0.038273,172.217.194.0-255,5738,236135,87,272315
2240,0.038278,172.31.47.0-255,66,236201,87,272315
2241,0.040842,172.217.194.0-255,5738,241939,87,272315
2242,0.04086,172.31.47.0-255,66,242005,87,272315
2243,0.043418,172.217.194.0-255,5738,247743,87,272315
2244,0.043422,172.31.47.0-255,66,247809,87,272315
2245,0.04597,172.217.194.0-255,4320,252129,87,272315
2246,0.045975,172.31.47.0-255,66,252195,87,272315
2247,0.045999,172.217.194.0-255,1484,253679,87,272315
2248,0.048509,172.217.194.0-255,4320,257999,87,272315
2249,0.048515,172.31.47.0-255,66,258065,87,272315
2250,0.051064,172.217.194.0-255,5738,263803,87,272315
2251,0.051069,172.31.47.0-255,66,263869,87,272315
2252,0.053581,172.217.194.0-255,2902,266771,87,272315
2253,0.053586,172.31.47.0-255,66,266837,87,272315
2254,0.053609,172.217.194.0-255,2902,269739,87,272315
2255,0.053612,172.31.47.0-255,66,269805,87,272315
2256,0.056118,172.217.194.0-255,2273,272078,87,272315
2257,0.056123,172.31.47.0-255,66,272144,87,272315
2258,0.056275,172.31.47.0-255,105,272249,87,272315
2259,0.058789,172.217.194.0-255,66,272315,87,272315
2260,0.0,74.125.200.0-255,153,153,87,298897
2261,2.9e-05,172.31.47.0-255,66,219,87,298897
2262,3.6e-05,74.125.200.0-255,1484,1703,87,298897
2263,4.1e-05,172.31.47.0-255,66,1769,87,298897
2264,5.2e-05,74.125.200.0-255,2902,4671,87,298897
2265,5.5e-05,172.31.47.0-255,66,4737,87,298897
2266,5.8e-05,74.125.200.0-255,1484,6221,87,298897
2267,6e-05,172.31.47.0-255,66,6287,87,298897
2268,9.4e-05,74.125.200.0-255,5738,12025,87,298897
2269,9.7e-05,172.31.47.0-255,66,12091,87,298897
2270,9.9e-05,74.125.200.0-255,1484,13575,87,298897
2271,0.000101,172.31.47.0-255,66,13641,87,298897
2272,0.000104,74.125.200.0-255,2062,15703,87,298897
2273,0.000106,172.31.47.0-255,66,15769,87,298897
2274,0.00014,74.125.200.0-255,5738,21507,87,298897
2275,0.000143,172.31.47.0-255,66,21573,87,298897
2276,0.000148,74.125.200.0-255,2902,24475,87,298897
2277,0.00015,172.31.47.0-255,66,24541,87,298897
2278,0.000176,74.125.200.0-255,4320,28861,87,298897
2279,0.000179,172.31.47.0-255,66,28927,87,298897
2280,0.000183,74.125.200.0-255,2543,31470,87,298897
2281,0.000184,172.31.47.0-255,66,31536,87,298897
2282,0.000248,74.125.200.0-255,1484,33020,87,298897
2283,0.000251,172.31.47.0-255,66,33086,87,298897
2284,0.000278,74.125.200.0-255,2902,35988,87,298897
2285,0.000281,172.31.47.0-255,66,36054,87,298897
2286,0.000286,74.125.200.0-255,4320,40374,87,298897
2287,0.000288,172.31.47.0-255,66,40440,87,298897
2288,0.000291,74.125.200.0-255,1484,41924,87,298897
2289,0.000292,172.31.47.0-255,66,41990,87,298897
2290,0.000314,74.125.200.0-255,4320,46310,87,298897
2291,0.000317,172.31.47.0-255,66,46376,87,298897
2292,0.000346,172.31.47.0-255,66,46442,87,298897
2293,0.000412,74.125.200.0-255,4320,50762,87,298897
2294,0.000415,172.31.47.0-255,66,50828,87,298897
2295,0.000441,74.125.200.0-255,5659,56487,87,298897
2296,0.000443,172.31.47.0-255,66,56553,87,298897
2297,0.000446,74.125.200.0-255,130,56683,87,298897
2298,0.000465,74.125.200.0-255,343,57026,87,298897
2299,0.000585,74.125.200.0-255,1484,58510,87,298897
2300,0.000587,74.125.200.0-255,1484,59994,87,298897
2301,0.00059,172.31.47.0-255,66,60060,87,298897
2302,0.000599,74.125.200.0-255,1484,61544,87,298897
2303,0.000601,172.31.47.0-255,66,61610,87,298897
2304,0.000624,74.125.200.0-255,1484,63094,87,298897
2305,0.000634,74.125.200.0-255,5738,68832,87,298897
2306,0.000636,172.31.47.0-255,66,68898,87,298897
2307,0.000661,74.125.200.0-255,4320,73218,87,298897
2308,0.000664,172.31.47.0-255,66,73284,87,298897
2309,0.000669,74.125.200.0-255,5738,79022,87,298897
2310,0.000671,172.31.47.0-255,66,79088,87,298897
2311,0.000701,74.125.200.0-255,7156,86244,87,298897
2312,0.000704,172.31.47.0-255,66,86310,87,298897
2313,0.000729,74.125.200.0-255,4320,90630,87,298897
2314,0.000732,172.31.47.0-255,66,90696,87,298897
2315,0.000735,74.125.200.0-255,766,91462,87,298897
2316,0.000847,74.125.200.0-255,1484,92946,87,298897
2317,0.00085,172.31.47.0-255,66,93012,87,298897
2318,0.000868,74.125.200.0-255,2902,95914,87,298897
2319,0.000871,172.31.47.0-255,66,95980,87,298897
2320,0.000876,74.125.200.0-255,4320,100300,87,298897
2321,0.000878,172.31.47.0-255,66,100366,87,298897
2322,0.000893,74.125.200.0-255,1484,101850,87,298897
2323,0.000981,74.125.200.0-255,2902,104752,87,298897
2324,0.000984,172.31.47.0-255,66,104818,87,298897
2325,0.00102,172.31.47.0-255,66,104884,87,298897
2326,0.00104,172.31.47.0-255,66,104950,87,298897
2327,0.001186,74.125.200.0-255,1484,106434,87,298897
2328,0.001249,74.125.200.0-255,2902,109336,87,298897
2329,0.001253,172.31.47.0-255,66,109402,87,298897
2330,0.001261,74.125.200.0-255,5738,115140,87,298897
2331,0.001263,172.31.47.0-255,66,115206,87,298897
2332,0.001279,172.31.47.0-255,66,115272,87,298897
2333,0.001291,172.31.47.0-255,66,115338,87,298897
2334,0.001316,74.125.200.0-255,3602,118940,87,298897
2335,0.001319,172.31.47.0-255,66,119006,87,298897
2336,0.001368,74.125.200.0-255,4320,123326,87,298897
2337,0.001371,172.31.47.0-255,66,123392,87,298897
2338,0.001375,74.125.200.0-255,1484,124876,87,298897
2339,0.001377,74.125.200.0-255,1484,126360,87,298897
2340,0.001379,172.31.47.0-255,66,126426,87,298897
2341,0.001404,74.125.200.0-255,5738,132164,87,298897
2342,0.001407,172.31.47.0-255,66,132230,87,298897
2343,0.001447,74.125.200.0-255,5738,137968,87,298897
2344,0.001451,172.31.47.0-255,66,138034,87,298897
2345,0.001478,74.125.200.0-255,7156,145190,87,298897
2346,0.00148,172.31.47.0-255,66,145256,87,298897
2347,0.00149,172.31.47.0-255,66,145322,87,298897
2348,0.001527,74.125.200.0-255,1484,146806,87,298897
2349,0.00154,74.125.200.0-255,2902,149708,87,298897
2350,0.001543,172.31.47.0-255,66,149774,87,298897
2351,0.001573,74.125.200.0-255,5738,155512,87,298897
2352,0.001576,172.31.47.0-255,66,155578,87,298897
2353,0.001578,74.125.200.0-255,1484,157062,87,298897
2354,0.001582,74.125.200.0-255,2902,159964,87,298897
2355,0.001584,172.31.47.0-255,66,160030,87,298897
2356,0.001615,74.125.200.0-255,2902,162932,87,298897
2357,0.001618,172.31.47.0-255,66,162998,87,298897
2358,0.001632,74.125.200.0-255,2902,165900,87,298897
2359,0.00164,172.31.47.0-255,66,165966,87,298897
2360,0.001652,172.31.47.0-255,66,166032,87,298897
2361,0.001654,74.125.200.0-255,766,166798,87,298897
2362,0.001759,74.125.200.0-255,1484,168282,87,298897
2363,0.001762,172.31.47.0-255,66,168348,87,298897
2364,0.001767,74.125.200.0-255,2902,171250,87,298897
2365,0.001769,172.31.47.0-255,66,171316,87,298897
2366,0.001772,74.125.200.0-255,1484,172800,87,298897
2367,0.001829,74.125.200.0-255,1484,174284,87,298897
2368,0.001831,172.31.47.0-255,66,174350,87,298897
2369,0.001854,74.125.200.0-255,1484,175834,87,298897
2370,0.001873,74.125.200.0-255,5738,181572,87,298897
2371,0.001876,172.31.47.0-255,66,181638,87,298897
2372,0.001879,74.125.200.0-255,1484,183122,87,298897
2373,0.001883,74.125.200.0-255,2902,186024,87,298897
2374,0.001885,172.31.47.0-255,66,186090,87,298897
2375,0.00189,74.125.200.0-255,5738,191828,87,298897
2376,0.001897,172.31.47.0-255,66,191894,87,298897
2377,0.001905,172.31.47.0-255,66,191960,87,298897
2378,0.002015,74.125.200.0-255,1484,193444,87,298897
2379,0.002031,74.125.200.0-255,2902,196346,87,298897
2380,0.002033,172.31.47.0-255,66,196412,87,298897
2381,0.002057,74.125.200.0-255,1484,197896,87,298897
2382,0.002061,74.125.200.0-255,2902,200798,87,298897
2383,0.002064,172.31.47.0-255,66,200864,87,298897
2384,0.00207,74.125.200.0-255,5738,206602,87,298897
2385,0.002072,172.31.47.0-255,66,206668,87,298897
2386,0.002101,74.125.200.0-255,7156,213824,87,298897
2387,0.002103,172.31.47.0-255,66,213890,87,298897
2388,0.002127,74.125.200.0-255,4320,218210,87,298897
2389,0.00213,172.31.47.0-255,66,218276,87,298897
2390,0.002165,74.125.200.0-255,4320,222596,87,298897
2391,0.002169,172.31.47.0-255,66,222662,87,298897
2392,0.002201,172.31.47.0-255,66,222728,87,298897
2393,0.002207,74.125.200.0-255,7156,229884,87,298897
2394,0.002209,172.31.47.0-255,66,229950,87,298897
2395,0.002233,172.31.47.0-255,66,230016,87,298897
2396,0.002235,74.125.200.0-255,766,230782,87,298897
2397,0.002302,172.31.47.0-255,66,230848,87,298897
2398,0.002308,74.125.200.0-255,5738,236586,87,298897
2399,0.00231,172.31.47.0-255,66,236652,87,298897
2400,0.002339,74.125.200.0-255,7156,243808,87,298897
2401,0.002342,172.31.47.0-255,66,243874,87,298897
2402,0.002346,74.125.200.0-255,4320,248194,87,298897
2403,0.002348,172.31.47.0-255,66,248260,87,298897
2404,0.002357,74.125.200.0-255,5020,253280,87,298897
2405,0.002361,172.31.47.0-255,66,253346,87,298897
2406,0.004658,74.125.200.0-255,5738,259084,87,298897
2407,0.004663,172.31.47.0-255,66,259150,87,298897
2408,0.006964,74.125.200.0-255,5738,264888,87,298897
2409,0.006969,172.31.47.0-255,66,264954,87,298897
2410,0.009284,74.125.200.0-255,5738,270692,87,298897
2411,0.009294,172.31.47.0-255,66,270758,87,298897
2412,0.011605,74.125.200.0-255,5738,276496,87,298897
2413,0.011611,172.31.47.0-255,66,276562,87,298897
2414,0.013926,74.125.200.0-255,5738,282300,87,298897
2415,0.013934,172.31.47.0-255,66,282366,87,298897
2416,0.01624,74.125.200.0-255,4320,286686,87,298897
2417,0.016248,172.31.47.0-255,66,286752,87,298897
2418,0.016276,74.125.200.0-255,1484,288236,87,298897
2419,0.018559,74.125.200.0-255,4320,292556,87,298897
2420,0.018567,172.31.47.0-255,66,292622,87,298897
2421,0.020876,74.125.200.0-255,2717,295339,87,298897
2422,0.020884,172.31.47.0-255,66,295405,87,298897
2423,0.021077,172.31.47.0-255,105,295510,87,298897
2424,0.023349,74.125.200.0-255,66,295576,87,298897
2425,0.025826,172.31.47.0-255,167,295743,87,298897
2426,0.025856,172.31.47.0-255,1107,296850,87,298897
2427,0.025881,172.31.47.0-255,1514,298364,87,298897
2428,0.025882,172.31.47.0-255,335,298699,87,298897
2429,0.027344,104.244.42.0-255,66,298765,87,298897
2430,0.027397,104.244.42.0-255,66,298831,87,298897
2431,0.027411,104.244.42.0-255,66,298897,87,298897
2432,0.0,74.125.24.0-255,153,153,87,353129
2433,3.1e-05,172.31.47.0-255,66,219,87,353129
2434,3.8e-05,74.125.24.0-255,1484,1703,87,353129
2435,4.3e-05,172.31.47.0-255,66,1769,87,353129
2436,4.8e-05,74.125.24.0-255,2902,4671,87,353129
2437,5.1e-05,172.31.47.0-255,66,4737,87,353129
2438,5.5e-05,74.125.24.0-255,1484,6221,87,353129
2439,5.7e-05,172.31.47.0-255,66,6287,87,353129
2440,6.4e-05,74.125.24.0-255,5738,12025,87,353129
2441,6.6e-05,172.31.47.0-255,66,12091,87,353129
2442,7e-05,74.125.24.0-255,2030,14121,87,353129
2443,7.2e-05,172.31.47.0-255,66,14187,87,353129
2444,0.000139,74.125.24.0-255,1484,15671,87,353129
2445,0.000144,172.31.47.0-255,66,15737,87,353129
2446,0.000149,74.125.24.0-255,2902,18639,87,353129
2447,0.000151,172.31.47.0-255,66,18705,87,353129
2448,0.000153,74.125.24.0-255,1484,20189,87,353129
2449,0.000155,172.31.47.0-255,66,20255,87,353129
2450,0.000183,74.125.24.0-255,4320,24575,87,353129
2451,0.000186,172.31.47.0-255,66,24641,87,353129
2452,0.000192,74.125.24.0-255,5738,30379,87,353129
2453,0.000194,172.31.47.0-255,66,30445,87,353129
2454,0.000209,74.125.24.0-255,1125,31570,87,353129
2455,0.000211,172.31.47.0-255,66,31636,87,353129
2456,0.000409,74.125.24.0-255,1484,33120,87,353129
2457,0.000414,172.31.47.0-255,66,33186,87,353129
2458,0.000419,74.125.24.0-255,2902,36088,87,353129
2459,0.000422,172.31.47.0-255,66,36154,87,353129
2460,0.000437,74.125.24.0-255,4320,40474,87,353129
2461,0.00044,172.31.47.0-255,66,40540,87,353129
2462,0.000457,74.125.24.0-255,1484,42024,87,353129
2463,0.00046,172.31.47.0-255,66,42090,87,353129
2464,0.000468,74.125.24.0-255,6797,48887,87,353129
2465,0.000471,172.31.47.0-255,66,48953,87,353129
2466,0.000474,74.125.24.0-255,1484,50437,87,353129
2467,0.000506,172.31.47.0-255,66,50503,87,353129
2468,0.00053,74.125.24.0-255,2889,53392,87,353129
2469,0.000533,172.31.47.0-255,66,53458,87,353129
2470,0.000562,74.125.24.0-255,331,53789,87,353129
2471,0.000779,172.31.47.0-255,66,53855,87,353129
2472,0.000857,74.125.24.0-255,1484,55339,87,353129
2473,0.000867,74.125.24.0-255,2902,58241,87,353129
2474,0.00087,172.31.47.0-255,66,58307,87,353129
2475,0.000877,74.125.24.0-255,5738,64045,87,353129
2476,0.000878,172.31.47.0-255,66,64111,87,353129
2477,0.000908,74.125.24.0-255,7156,71267,87,353129
2478,0.000911,172.31.47.0-255,66,71333,87,353129
2479,0.000934,74.125.24.0-255,5738,77071,87,353129
2480,0.000949,172.31.47.0-255,66,77137,87,353129
2481,0.000951,172.31.47.0-255,66,77203,87,353129
2482,0.001144,74.125.24.0-255,1484,78687,87,353129
2483,0.001152,74.125.24.0-255,2902,81589,87,353129
2484,0.001156,172.31.47.0-255,66,81655,87,353129
2485,0.001162,74.125.24.0-255,5738,87393,87,353129
2486,0.001165,172.31.47.0-255,66,87459,87,353129
2487,0.00121,172.31.47.0-255,66,87525,87,353129
2488,0.001218,74.125.24.0-255,7156,94681,87,353129
2489,0.00122,172.31.47.0-255,66,94747,87,353129
2490,0.001244,74.125.24.0-255,3602,98349,87,353129
2491,0.001247,172.31.47.0-255,66,98415,87,353129
2492,0.001654,74.125.24.0-255,1484,99899,87,353129
2493,0.001661,74.125.24.0-255,2902,102801,87,353129
2494,0.001665,172.31.47.0-255,66,102867,87,353129
2495,0.001671,74.125.24.0-255,5738,108605,87,353129
2496,0.001673,172.31.47.0-255,66,108671,87,353129
2497,0.001727,172.31.47.0-255,66,108737,87,353129
2498,0.001733,74.125.24.0-255,7156,115893,87,353129
2499,0.001735,172.31.47.0-255,66,115959,87,353129
2500,0.001754,74.125.24.0-255,3602,119561,87,353129
2501,0.001757,172.31.47.0-255,66,119627,87,353129
2502,0.001944,74.125.24.0-255,1484,121111,87,353129
2503,0.001957,74.125.24.0-255,2902,124013,87,353129
2504,0.00196,172.31.47.0-255,66,124079,87,353129
2505,0.001986,74.125.24.0-255,5738,129817,87,353129
2506,0.001988,172.31.47.0-255,66,129883,87,353129
2507,0.001998,172.31.47.0-255,66,129949,87,353129
2508,0.002023,74.125.24.0-255,4320,134269,87,353129
2509,0.002026,172.31.47.0-255,66,134335,87,353129
2510,0.00205,172.31.47.0-255,66,134401,87,353129
2511,0.004327,74.125.24.0-255,5738,140139,87,353129
2512,0.004332,172.31.47.0-255,66,140205,87,353129
2513,0.00661,74.125.24.0-255,5738,145943,87,353129
2514,0.006616,172.31.47.0-255,66,146009,87,353129
2515,0.008928,74.125.24.0-255,5738,151747,87,353129
2516,0.008935,172.31.47.0-255,66,151813,87,353129
2517,0.011282,74.125.24.0-255,5738,157551,87,353129
2518,0.011289,172.31.47.0-255,66,157617,87,353129
2519,0.01359,74.125.24.0-255,5738,163355,87,353129
2520,0.013597,172.31.47.0-255,66,163421,87,353129
2521,0.01593,74.125.24.0-255,5738,169159,87,353129
2522,0.015938,172.31.47.0-255,66,169225,87,353129
2523,0.018233,74.125.24.0-255,5738,174963,87,353129
2524,0.018239,172.31.47.0-255,66,175029,87,353129
2525,0.020396,172.31.47.0-255,167,175196,87,353129
2526,0.02044,172.31.47.0-255,1107,176303,87,353129
2527,0.02051,74.125.24.0-255,5738,182041,87,353129
2528,0.020515,172.31.47.0-255,66,182107,87,353129
2529,0.020521,172.31.47.0-255,1514,183621,87,353129
2530,0.020528,172.31.47.0-255,334,183955,87,353129
2531,0.021924,104.244.42.0-255,66,184021,87,353129
2532,0.021969,104.244.42.0-255,66,184087,87,353129
2533,0.02207,104.244.42.0-255,66,184153,87,353129
2534,0.022856,74.125.24.0-255,5738,189891,87,353129
2535,0.022862,172.31.47.0-255,66,189957,87,353129
2536,0.025129,74.125.24.0-255,4320,194277,87,353129
2537,0.025133,172.31.47.0-255,66,194343,87,353129
2538,0.025158,74.125.24.0-255,1484,195827,87,353129
2539,0.027458,74.125.24.0-255,4320,200147,87,353129
2540,0.027464,172.31.47.0-255,66,200213,87,353129
2541,0.029797,74.125.24.0-255,5738,205951,87,353129
2542,0.029804,172.31.47.0-255,66,206017,87,353129
2543,0.032092,74.125.24.0-255,5738,211755,87,353129
2544,0.032097,172.31.47.0-255,66,211821,87,353129
2545,0.034426,74.125.24.0-255,4320,216141,87,353129
2546,0.03443,172.31.47.0-255,66,216207,87,353129
2547,0.034454,74.125.24.0-255,1484,217691,87,353129
2548,0.036708,74.125.24.0-255,4320,222011,87,353129
2549,0.036712,172.31.47.0-255,66,222077,87,353129
2550,0.039033,74.125.24.0-255,5738,227815,87,353129
2551,0.039038,172.31.47.0-255,66,227881,87,353129
2552,0.041316,74.125.24.0-255,5738,233619,87,353129
2553,0.041322,172.31.47.0-255,66,233685,87,353129
2554,0.043603,74.125.24.0-255,5738,239423,87,353129
2555,0.043609,172.31.47.0-255,66,239489,87,353129
2556,0.045885,74.125.24.0-255,5738,245227,87,353129
2557,0.04589,172.31.47.0-255,66,245293,87,353129
2558,0.048216,74.125.24.0-255,5738,251031,87,353129
2559,0.048221,172.31.47.0-255,66,251097,87,353129
2560,0.050536,74.125.24.0-255,2902,253999,87,353129
2561,0.05054,172.31.47.0-255,66,254065,87,353129
2562,0.050569,74.125.24.0-255,2902,256967,87,353129
2563,0.050572,172.31.47.0-255,66,257033,87,353129
2564,0.052839,74.125.24.0-255,5738,262771,87,353129
2565,0.052844,172.31.47.0-255,66,262837,87,353129
2566,0.055171,74.125.24.0-255,4320,267157,87,353129
2567,0.055176,172.31.47.0-255,66,267223,87,353129
2568,0.055201,74.125.24.0-255,1484,268707,87,353129
2569,0.057448,74.125.24.0-255,2902,271609,87,353129
2570,0.057452,172.31.47.0-255,66,271675,87,353129
2571,0.059754,74.125.24.0-255,5738,277413,87,353129
2572,0.059759,172.31.47.0-255,66,277479,87,353129
2573,0.062101,74.125.24.0-255,5738,283217,87,353129
2574,0.062106,172.31.47.0-255,66,283283,87,353129
2575,0.064403,74.125.24.0-255,5738,289021,87,353129
2576,0.064407,172.31.47.0-255,66,289087,87,353129
2577,0.066721,74.125.24.0-255,5738,294825,87,353129
2578,0.066725,172.31.47.0-255,66,294891,87,353129
2579,0.069036,74.125.24.0-255,5738,300629,87,353129
2580,0.06904,172.31.47.0-255,66,300695,87,353129
2581,0.071348,74.125.24.0-255,5738,306433,87,353129
2582,0.071353,172.31.47.0-255,66,306499,87,353129
2583,0.073643,74.125.24.0-255,5738,312237,87,353129
2584,0.073648,172.31.47.0-255,66,312303,87,353129
2585,0.075975,74.125.24.0-255,4320,316623,87,353129
2586,0.075979,172.31.47.0-255,66,316689,87,353129
2587,0.076008,74.125.24.0-255,1484,318173,87,353129
2588,0.078287,74.125.24.0-255,4320,322493,87,353129
2589,0.078291,172.31.47.0-255,66,322559,87,353129
2590,0.080612,74.125.24.0-255,5738,328297,87,353129
2591,0.080617,172.31.47.0-255,66,328363,87,353129
2592,0.082924,74.125.24.0-255,5738,334101,87,353129
2593,0.082929,172.31.47.0-255,66,334167,87,353129
2594,0.085247,74.125.24.0-255,5738,339905,87,353129
2595,0.08525,172.31.47.0-255,66,339971,87,353129
2596,0.087575,74.125.24.0-255,5738,345709,87,353129
2597,0.087579,172.31.47.0-255,66,345775,87,353129
2598,0.089857,74.125.24.0-255,5738,351513,87,353129
2599,0.089862,172.31.47.0-255,66,351579,87,353129
2600,0.09216,74.125.24.0-255,1313,352892,87,353129
2601,0.092292,172.31.47.0-255,66,352958,87,353129
2602,0.092319,172.31.47.0-255,105,353063,87,353129
2603,0.09459,74.125.24.0-255,66,353129,87,353129
2604,0.0,172.217.194.0-255,153,153,87,276538
2605,3.1e-05,172.31.47.0-255,66,219,87,276538
2606,3.7e-05,172.217.194.0-255,1484,1703,87,276538
2607,4e-05,172.31.47.0-255,66,1769,87,276538
2608,4.5e-05,172.217.194.0-255,2902,4671,87,276538
2609,4.7e-05,172.31.47.0-255,66,4737,87,276538
2610,6.1e-05,172.217.194.0-255,7156,11893,87,276538
2611,6.3e-05,172.31.47.0-255,66,11959,87,276538
2612,6.6e-05,172.217.194.0-255,1484,13443,87,276538
2613,6.7e-05,172.31.47.0-255,66,13509,87,276538
2614,0.000109,172.31.47.0-255,66,13575,87,276538
2615,0.000115,172.217.194.0-255,6797,20372,87,276538
2616,0.000117,172.31.47.0-255,66,20438,87,276538
2617,0.000281,172.217.194.0-255,1484,21922,87,276538
2618,0.000285,172.31.47.0-255,66,21988,87,276538
2619,0.00029,172.217.194.0-255,2902,24890,87,276538
2620,0.000291,172.31.47.0-255,66,24956,87,276538
2621,0.000294,172.217.194.0-255,1484,26440,87,276538
2622,0.000296,172.31.47.0-255,66,26506,87,276538
2623,0.000323,172.217.194.0-255,4320,30826,87,276538
2624,0.000326,172.31.47.0-255,66,30892,87,276538
2625,0.000332,172.217.194.0-255,5738,36630,87,276538
2626,0.000334,172.31.47.0-255,66,36696,87,276538
2627,0.000369,172.217.194.0-255,7156,43852,87,276538
2628,0.000375,172.31.47.0-255,66,43918,87,276538
2629,0.000379,172.217.194.0-255,122,44040,87,276538
2630,0.00038,172.31.47.0-255,66,44106,87,276538
2631,0.000383,172.31.47.0-255,66,44172,87,276538
2632,0.000425,172.217.194.0-255,381,44553,87,276538
2633,0.000427,172.31.47.0-255,66,44619,87,276538
2634,0.000497,172.217.194.0-255,1484,46103,87,276538
2635,0.000502,172.217.194.0-255,1484,47587,87,276538
2636,0.000505,172.31.47.0-255,66,47653,87,276538
2637,0.000531,172.217.194.0-255,1484,49137,87,276538
2638,0.000538,172.217.194.0-255,5738,54875,87,276538
2639,0.000541,172.31.47.0-255,66,54941,87,276538
2640,0.000566,172.217.194.0-255,4320,59261,87,276538
2641,0.000569,172.31.47.0-255,66,59327,87,276538
2642,0.000606,172.31.47.0-255,66,59393,87,276538
2643,0.000634,172.217.194.0-255,7156,66549,87,276538
2644,0.000637,172.31.47.0-255,66,66615,87,276538
2645,0.000656,172.217.194.0-255,3602,70217,87,276538
2646,0.000659,172.31.47.0-255,66,70283,87,276538
2647,0.000953,172.217.194.0-255,1484,71767,87,276538
2648,0.000959,172.217.194.0-255,2902,74669,87,276538
2649,0.000962,172.31.47.0-255,66,74735,87,276538
2650,0.000969,172.217.194.0-255,5738,80473,87,276538
2651,0.000971,172.31.47.0-255,66,80539,87,276538
2652,0.000989,172.217.194.0-255,1484,82023,87,276538
2653,0.001029,172.31.47.0-255,66,82089,87,276538
2654,0.001037,172.31.47.0-255,66,82155,87,276538
2655,0.001198,172.217.194.0-255,1484,83639,87,276538
2656,0.001212,172.217.194.0-255,2902,86541,87,276538
2657,0.001216,172.31.47.0-255,66,86607,87,276538
2658,0.001222,172.217.194.0-255,5738,92345,87,276538
2659,0.001225,172.31.47.0-255,66,92411,87,276538
2660,0.001255,172.217.194.0-255,7156,99567,87,276538
2661,0.001258,172.31.47.0-255,66,99633,87,276538
2662,0.001304,172.31.47.0-255,66,99699,87,276538
2663,0.00133,172.217.194.0-255,2902,102601,87,276538
2664,0.001334,172.31.47.0-255,66,102667,87,276538
2665,0.001338,172.217.194.0-255,2184,104851,87,276538
2666,0.00134,172.31.47.0-255,66,104917,87,276538
2667,0.001409,172.217.194.0-255,1484,106401,87,276538
2668,0.001425,172.217.194.0-255,2902,109303,87,276538
2669,0.001428,172.31.47.0-255,66,109369,87,276538
2670,0.001433,172.217.194.0-255,2902,112271,87,276538
2671,0.001434,172.31.47.0-255,66,112337,87,276538
2672,0.001464,172.217.194.0-255,2902,115239,87,276538
2673,0.001467,172.31.47.0-255,66,115305,87,276538
2674,0.001478,172.31.47.0-255,66,115371,87,276538
2675,0.0015,172.217.194.0-255,2902,118273,87,276538
2676,0.001504,172.31.47.0-255,66,118339,87,276538
2677,0.001515,172.31.47.0-255,66,118405,87,276538
2678,0.001543,172.31.47.0-255,66,118471,87,276538
2679,0.001555,172.31.47.0-255,66,118537,87,276538
2680,0.001587,172.217.194.0-255,7156,125693,87,276538
2681,0.001591,172.31.47.0-255,66,125759,87,276538
2682,0.001609,172.217.194.0-255,5020,130779,87,276538
2683,0.001612,172.31.47.0-255,66,130845,87,276538
2684,0.001773,172.217.194.0-255,1484,132329,87,276538
2685,0.001792,172.217.194.0-255,2902,135231,87,276538
2686,0.001795,172.31.47.0-255,66,135297,87,276538
2687,0.001798,172.217.194.0-255,1484,136781,87,276538
2688,0.001819,172.217.194.0-255,4320,141101,87,276538
2689,0.001822,172.31.47.0-255,66,141167,87,276538
2690,0.001862,172.31.47.0-255,66,141233,87,276538
2691,0.001872,172.31.47.0-255,66,141299,87,276538
2692,0.001902,172.217.194.0-255,2184,143483,87,276538
2693,0.001905,172.31.47.0-255,66,143549,87,276538
2694,0.001978,172.217.194.0-255,1484,145033,87,276538
2695,0.001982,172.217.194.0-255,1484,146517,87,276538
2696,0.001985,172.31.47.0-255,66,146583,87,276538
2697,0.002014,172.217.194.0-255,1484,148067,87,276538
2698,0.00202,172.217.194.0-255,5738,153805,87,276538
2699,0.002024,172.31.47.0-255,66,153871,87,276538
2700,0.002025,172.217.194.0-255,5738,159609,87,276538
2701,0.002027,172.31.47.0-255,66,159675,87,276538
2702,0.002062,172.217.194.0-255,7156,166831,87,276538
2703,0.002066,172.31.47.0-255,66,166897,87,276538
2704,0.002072,172.217.194.0-255,7156,174053,87,276538
2705,0.002075,172.31.47.0-255,66,174119,87,276538
2706,0.002109,172.217.194.0-255,3602,177721,87,276538
2707,0.002113,172.31.47.0-255,66,177787,87,276538
2708,0.002145,172.31.47.0-255,66,177853,87,276538
2709,0.002155,172.217.194.0-255,1484,179337,87,276538
2710,0.004203,172.217.194.0-255,4320,183657,87,276538
2711,0.004211,172.31.47.0-255,66,183723,87,276538
2712,0.006272,172.217.194.0-255,5738,189461,87,276538
2713,0.006277,172.31.47.0-255,66,189527,87,276538
2714,0.008319,172.217.194.0-255,5738,195265,87,276538
2715,0.008326,172.31.47.0-255,66,195331,87,276538
2716,0.010411,172.217.194.0-255,5738,201069,87,276538
2717,0.010425,172.31.47.0-255,66,201135,87,276538
2718,0.012536,172.217.194.0-255,5738,206873,87,276538
2719,0.012553,172.31.47.0-255,66,206939,87,276538
2720,0.014663,172.217.194.0-255,5738,212677,87,276538
2721,0.014677,172.31.47.0-255,66,212743,87,276538
2722,0.016744,172.217.194.0-255,5738,218481,87,276538
2723,0.016758,172.31.47.0-255,66,218547,87,276538
2724,0.018837,172.217.194.0-255,5738,224285,87,276538
2725,0.018847,172.31.47.0-255,66,224351,87,276538
2726,0.020921,172.217.194.0-255,5738,230089,87,276538
2727,0.020936,172.31.47.0-255,66,230155,87,276538
2728,0.022993,172.217.194.0-255,5738,235893,87,276538
2729,0.023003,172.31.47.0-255,66,235959,87,276538
2730,0.024412,172.31.47.0-255,167,236126,87,276538
2731,0.024438,172.31.47.0-255,1107,237233,87,276538
2732,0.024469,172.31.47.0-255,1514,238747,87,276538
2733,0.024471,172.31.47.0-255,1297,240044,87,276538
2734,0.02505,172.217.194.0-255,1484,241528,87,276538
2735,0.025083,172.217.194.0-255,4320,245848,87,276538
2736,0.025088,172.31.47.0-255,66,245914,87,276538
2737,0.025942,104.244.42.0-255,66,245980,87,276538
2738,0.025948,104.244.42.0-255,66,246046,87,276538
2739,0.026013,104.244.42.0-255,66,246112,87,276538
2740,0.027137,172.217.194.0-255,4320,250432,87,276538
2741,0.027142,172.31.47.0-255,66,250498,87,276538
2742,0.027173,172.217.194.0-255,1484,251982,87,276538
2743,0.029216,172.217.194.0-255,4320,256302,87,276538
2744,0.029225,172.31.47.0-255,66,256368,87,276538
2745,0.031282,172.217.194.0-255,5738,262106,87,276538
2746,0.031291,172.31.47.0-255,66,262172,87,276538
2747,0.033339,172.217.194.0-255,5738,267910,87,276538
2748,0.033346,172.31.47.0-255,66,267976,87,276538
2749,0.035415,172.217.194.0-255,5738,273714,87,276538
2750,0.035424,172.31.47.0-255,66,273780,87,276538
2751,0.037492,172.217.194.0-255,2521,276301,87,276538
2752,0.037501,172.31.47.0-255,66,276367,87,276538
2753,0.037708,172.31.47.0-255,105,276472,87,276538
2754,0.039731,172.217.194.0-255,66,276538,87,276538
2755,0.0,74.125.24.0-255,153,153,87,215026
2756,2.3e-05,172.31.47.0-255,66,219,87,215026
2757,3e-05,74.125.24.0-255,1484,1703,87,215026
2758,3.5e-05,172.31.47.0-255,66,1769,87,215026
2759,3.9e-05,74.125.24.0-255,1484,3253,87,215026
2760,5.1e-05,172.31.47.0-255,66,3319,87,215026
2761,5.9e-05,74.125.24.0-255,4320,7639,87,215026
2762,6.2e-05,172.31.47.0-255,66,7705,87,215026
2763,6.9e-05,74.125.24.0-255,4320,12025,87,215026
2764,7.1e-05,172.31.47.0-255,66,12091,87,215026
2765,9.2e-05,74.125.24.0-255,2012,14103,87,215026
2766,9.4e-05,172.31.47.0-255,66,14169,87,215026
2767,0.000107,74.125.24.0-255,7156,21325,87,215026
2768,0.000109,172.31.47.0-255,66,21391,87,215026
2769,0.000123,74.125.24.0-255,4320,25711,87,215026
2770,0.000125,172.31.47.0-255,66,25777,87,215026
2771,0.000152,74.125.24.0-255,5379,31156,87,215026
2772,0.000155,172.31.47.0-255,66,31222,87,215026
2773,0.000238,74.125.24.0-255,1484,32706,87,215026
2774,0.000242,172.31.47.0-255,66,32772,87,215026
2775,0.000247,74.125.24.0-255,2902,35674,87,215026
2776,0.000249,172.31.47.0-255,66,35740,87,215026
2777,0.000253,74.125.24.0-255,1484,37224,87,215026
2778,0.00026,172.31.47.0-255,66,37290,87,215026
2779,0.000273,74.125.24.0-255,4320,41610,87,215026
2780,0.000276,172.31.47.0-255,66,41676,87,215026
2781,0.000282,74.125.24.0-255,5738,47414,87,215026
2782,0.000289,172.31.47.0-255,66,47480,87,215026
2783,0.000326,172.31.47.0-255,66,47546,87,215026
2784,0.000361,74.125.24.0-255,2902,50448,87,215026
2785,0.000364,172.31.47.0-255,66,50514,87,215026
2786,0.000392,74.125.24.0-255,1421,51935,87,215026
2787,0.000396,74.125.24.0-255,382,52317,87,215026
2788,0.000399,172.31.47.0-255,66,52383,87,215026
2789,0.000618,74.125.24.0-255,1484,53867,87,215026
2790,0.000642,74.125.24.0-255,2902,56769,87,215026
2791,0.000646,172.31.47.0-255,66,56835,87,215026
2792,0.000653,74.125.24.0-255,5738,62573,87,215026
2793,0.000656,172.31.47.0-255,66,62639,87,215026
2794,0.000674,172.31.47.0-255,66,62705,87,215026
2795,0.000704,172.31.47.0-255,66,62771,87,215026
2796,0.000724,74.125.24.0-255,2184,64955,87,215026
2797,0.000726,172.31.47.0-255,66,65021,87,215026
2798,0.000839,74.125.24.0-255,1484,66505,87,215026
2799,0.000843,74.125.24.0-255,2902,69407,87,215026
2800,0.000852,74.125.24.0-255,1484,70891,87,215026
2801,0.000858,172.31.47.0-255,66,70957,87,215026
2802,0.000873,74.125.24.0-255,4320,75277,87,215026
2803,0.000876,172.31.47.0-255,66,75343,87,215026
2804,0.000881,74.125.24.0-255,4320,79663,87,215026
2805,0.000883,172.31.47.0-255,66,79729,87,215026
2806,0.000921,172.31.47.0-255,66,79795,87,215026
2807,0.000928,74.125.24.0-255,7156,86951,87,215026
2808,0.000931,172.31.47.0-255,66,87017,87,215026
2809,0.000936,74.125.24.0-255,3602,90619,87,215026
2810,0.000938,172.31.47.0-255,66,90685,87,215026
2811,0.001353,74.125.24.0-255,1484,92169,87,215026
2812,0.00136,74.125.24.0-255,2902,95071,87,215026
2813,0.001363,172.31.47.0-255,66,95137,87,215026
2814,0.001368,74.125.24.0-255,1484,96621,87,215026
2815,0.001397,74.125.24.0-255,4320,100941,87,215026
2816,0.0014,172.31.47.0-255,66,101007,87,215026
2817,0.001406,74.125.24.0-255,5738,106745,87,215026
2818,0.001408,172.31.47.0-255,66,106811,87,215026
2819,0.001419,74.125.24.0-255,7156,113967,87,215026
2820,0.001421,172.31.47.0-255,66,114033,87,215026
2821,0.001461,172.31.47.0-255,66,114099,87,215026
2822,0.001503,74.125.24.0-255,1484,115583,87,215026
2823,0.001517,74.125.24.0-255,2902,118485,87,215026
2824,0.00152,172.31.47.0-255,66,118551,87,215026
2825,0.001525,74.125.24.0-255,2902,121453,87,215026
2826,0.001526,172.31.47.0-255,66,121519,87,215026
2827,0.001552,74.125.24.0-255,2902,124421,87,215026
2828,0.001558,172.31.47.0-255,66,124487,87,215026
2829,0.001569,172.31.47.0-255,66,124553,87,215026
2830,0.001596,74.125.24.0-255,1484,126037,87,215026
2831,0.001619,172.31.47.0-255,66,126103,87,215026
2832,0.001643,74.125.24.0-255,2184,128287,87,215026
2833,0.001646,172.31.47.0-255,66,128353,87,215026
2834,0.001651,74.125.24.0-255,2902,131255,87,215026
2835,0.001652,172.31.47.0-255,66,131321,87,215026
2836,0.001675,74.125.24.0-255,5738,137059,87,215026
2837,0.001678,172.31.47.0-255,66,137125,87,215026
2838,0.001695,172.31.47.0-255,66,137191,87,215026
2839,0.001739,172.31.47.0-255,66,137257,87,215026
2840,0.002167,74.125.24.0-255,1484,138741,87,215026
2841,0.002174,74.125.24.0-255,2902,141643,87,215026
2842,0.002177,172.31.47.0-255,66,141709,87,215026
2843,0.00221,74.125.24.0-255,5738,147447,87,215026
2844,0.002213,172.31.47.0-255,66,147513,87,215026
2845,0.002231,172.31.47.0-255,66,147579,87,215026
2846,0.002301,172.31.47.0-255,66,147645,87,215026
2847,0.00237,74.125.24.0-255,1484,149129,87,215026
2848,0.002376,74.125.24.0-255,2902,152031,87,215026
2849,0.002378,172.31.47.0-255,66,152097,87,215026
2850,0.002383,74.125.24.0-255,2902,154999,87,215026
2851,0.002399,172.31.47.0-255,66,155065,87,215026
2852,0.002425,74.125.24.0-255,2902,157967,87,215026
2853,0.002428,172.31.47.0-255,66,158033,87,215026
2854,0.002456,172.31.47.0-255,66,158099,87,215026
2855,0.00247,172.31.47.0-255,66,158165,87,215026
2856,0.002559,74.125.24.0-255,1484,159649,87,215026
2857,0.002566,74.125.24.0-255,2902,162551,87,215026
2858,0.002568,172.31.47.0-255,66,162617,87,215026
2859,0.002573,74.125.24.0-255,2902,165519,87,215026
2860,0.002576,172.31.47.0-255,66,165585,87,215026
2861,0.002594,74.125.24.0-255,2902,168487,87,215026
2862,0.002596,172.31.47.0-255,66,168553,87,215026
2863,0.002618,74.125.24.0-255,5738,174291,87,215026
2864,0.00262,172.31.47.0-255,66,174357,87,215026
2865,0.002647,74.125.24.0-255,5738,180095,87,215026
2866,0.002649,172.31.47.0-255,66,180161,87,215026
2867,0.002663,172.31.47.0-255,66,180227,87,215026
2868,0.002668,74.125.24.0-255,4320,184547,87,215026
2869,0.00267,172.31.47.0-255,66,184613,87,215026
2870,0.002701,74.125.24.0-255,4320,188933,87,215026
2871,0.002704,172.31.47.0-255,66,188999,87,215026
2872,0.002707,74.125.24.0-255,1484,190483,87,215026
2873,0.00272,172.31.47.0-255,66,190549,87,215026
2874,0.00273,172.31.47.0-255,66,190615,87,215026
2875,0.002735,74.125.24.0-255,3602,194217,87,215026
2876,0.002737,172.31.47.0-255,66,194283,87,215026
2877,0.002765,74.125.24.0-255,5738,200021,87,215026
2878,0.002768,172.31.47.0-255,66,200087,87,215026
2879,0.002798,172.31.47.0-255,66,200153,87,215026
2880,0.00281,172.31.47.0-255,66,200219,87,215026
2881,0.002813,74.125.24.0-255,2902,203121,87,215026
2882,0.002816,172.31.47.0-255,66,203187,87,215026
2883,0.002852,74.125.24.0-255,7141,210328,87,215026
2884,0.002857,172.31.47.0-255,66,210394,87,215026
2885,0.00286,74.125.24.0-255,105,210499,87,215026
2886,0.00795,172.31.47.0-255,66,210565,87,215026
2887,0.007985,172.31.47.0-255,105,210670,87,215026
2888,0.010321,74.125.24.0-255,66,210736,87,215026
2889,0.031542,172.31.47.0-255,172,210908,87,215026
2890,0.031572,172.31.47.0-255,1113,212021,87,215026
2891,0.031625,172.31.47.0-255,1514,213535,87,215026
2892,0.031626,172.31.47.0-255,1293,214828,87,215026
2893,0.033112,104.244.42.0-255,66,214894,87,215026
2894,0.033122,104.244.42.0-255,66,214960,87,215026
2895,0.033192,104.244.42.0-255,66,215026,87,215026
2896,0.0,74.125.68.0-255,297,297,87,395853
2897,3.2e-05,172.31.47.0-255,66,363,87,395853
2898,6.2e-05,74.125.68.0-255,1484,1847,87,395853
2899,6.7e-05,172.31.47.0-255,66,1913,87,395853
2900,7.3e-05,74.125.68.0-255,4320,6233,87,395853
2901,7.5e-05,172.31.47.0-255,66,6299,87,395853
2902,7.8e-05,74.125.68.0-255,1484,7783,87,395853
2903,8.1e-05,172.31.47.0-255,66,7849,87,395853
2904,8.5e-05,74.125.68.0-255,2902,10751,87,395853
2905,8.7e-05,172.31.47.0-255,66,10817,87,395853
2906,0.000124,74.125.68.0-255,3276,14093,87,395853
2907,0.000128,172.31.47.0-255,66,14159,87,395853
2908,0.000183,74.125.68.0-255,1484,15643,87,395853
2909,0.000186,172.31.47.0-255,66,15709,87,395853
2910,0.000213,74.125.68.0-255,2902,18611,87,395853
2911,0.000215,172.31.47.0-255,66,18677,87,395853
2912,0.000218,74.125.68.0-255,1484,20161,87,395853
2913,0.000221,172.31.47.0-255,66,20227,87,395853
2914,0.000225,74.125.68.0-255,2902,23129,87,395853
2915,0.000227,172.31.47.0-255,66,23195,87,395853
2916,0.000263,74.125.68.0-255,5738,28933,87,395853
2917,0.000266,172.31.47.0-255,66,28999,87,395853
2918,0.00027,74.125.68.0-255,2543,31542,87,395853
2919,0.000272,172.31.47.0-255,66,31608,87,395853
2920,0.000288,74.125.68.0-255,1484,33092,87,395853
2921,0.00029,172.31.47.0-255,66,33158,87,395853
2922,0.00032,74.125.68.0-255,1484,34642,87,395853
2923,0.000327,74.125.68.0-255,7156,41798,87,395853
2924,0.000327,172.31.47.0-255,66,41864,87,395853
2925,0.000329,74.125.68.0-255,1484,43348,87,395853
2926,0.000331,172.31.47.0-255,66,43414,87,395853
2927,0.000332,74.125.68.0-255,2902,46316,87,395853
2928,0.000333,172.31.47.0-255,66,46382,87,395853
2929,0.000336,172.31.47.0-255,66,46448,87,395853
2930,0.000371,74.125.68.0-255,2543,48991,87,395853
2931,0.000375,172.31.47.0-255,66,49057,87,395853
2932,0.000675,74.125.68.0-255,1484,50541,87,395853
2933,0.000688,74.125.68.0-255,2902,53443,87,395853
2934,0.000692,172.31.47.0-255,66,53509,87,395853
2935,0.000722,74.125.68.0-255,5738,59247,87,395853
2936,0.000726,172.31.47.0-255,66,59313,87,395853
2937,0.000731,74.125.68.0-255,4320,63633,87,395853
2938,0.000733,172.31.47.0-255,66,63699,87,395853
2939,0.000764,74.125.68.0-255,5379,69078,87,395853
2940,0.000768,172.31.47.0-255,66,69144,87,395853
2941,0.000797,172.31.47.0-255,66,69210,87,395853
2942,0.000837,74.125.68.0-255,4320,73530,87,395853
2943,0.00084,172.31.47.0-255,66,73596,87,395853
2944,0.000865,74.125.68.0-255,1704,75300,87,395853
2945,0.000868,172.31.47.0-255,66,75366,87,395853
2946,0.000951,74.125.68.0-255,1484,76850,87,395853
2947,0.000957,74.125.68.0-255,2902,79752,87,395853
2948,0.00096,172.31.47.0-255,66,79818,87,395853
2949,0.000991,74.125.68.0-255,5738,85556,87,395853
2950,0.000994,172.31.47.0-255,66,85622,87,395853
2951,0.000999,74.125.68.0-255,2902,88524,87,395853
2952,0.001001,172.31.47.0-255,66,88590,87,395853
2953,0.001028,172.31.47.0-255,66,88656,87,395853
2954,0.001049,74.125.68.0-255,1484,90140,87,395853
2955,0.001054,74.125.68.0-255,2902,93042,87,395853
2956,0.001056,172.31.47.0-255,66,93108,87,395853
2957,0.001061,74.125.68.0-255,4320,97428,87,395853
2958,0.001063,172.31.47.0-255,66,97494,87,395853
2959,0.001127,74.125.68.0-255,3602,101096,87,395853
2960,0.00113,172.31.47.0-255,66,101162,87,395853
2961,0.001183,74.125.68.0-255,1484,102646,87,395853
2962,0.0012,74.125.68.0-255,2902,105548,87,395853
2963,0.001203,172.31.47.0-255,66,105614,87,395853
2964,0.001207,74.125.68.0-255,2902,108516,87,395853
2965,0.00121,172.31.47.0-255,66,108582,87,395853
2966,0.00123,74.125.68.0-255,2902,111484,87,395853
2967,0.001233,172.31.47.0-255,66,111550,87,395853
2968,0.001269,74.125.68.0-255,6797,118347,87,395853
2969,0.001274,172.31.47.0-255,66,118413,87,395853
2970,0.001275,74.125.68.0-255,7156,125569,87,395853
2971,0.001277,172.31.47.0-255,66,125635,87,395853
2972,0.001304,74.125.68.0-255,7156,132791,87,395853
2973,0.001307,172.31.47.0-255,66,132857,87,395853
2974,0.001315,74.125.68.0-255,1484,134341,87,395853
2975,0.001341,74.125.68.0-255,7156,141497,87,395853
2976,0.001345,172.31.47.0-255,66,141563,87,395853
2977,0.001351,74.125.68.0-255,5738,147301,87,395853
2978,0.001354,172.31.47.0-255,66,147367,87,395853
2979,0.001385,74.125.68.0-255,5020,152387,87,395853
2980,0.001388,172.31.47.0-255,66,152453,87,395853
2981,0.001578,74.125.68.0-255,1484,153937,87,395853
2982,0.001598,74.125.68.0-255,2902,156839,87,395853
2983,0.0016,74.125.68.0-255,1484,158323,87,395853
2984,0.001602,172.31.47.0-255,66,158389,87,395853
2985,0.001626,74.125.68.0-255,1484,159873,87,395853
2986,0.001629,172.31.47.0-255,66,159939,87,395853
2987,0.001634,74.125.68.0-255,4320,164259,87,395853
2988,0.001636,172.31.47.0-255,66,164325,87,395853
2989,0.001676,74.125.68.0-255,7156,171481,87,395853
2990,0.001679,172.31.47.0-255,66,171547,87,395853
2991,0.001702,74.125.68.0-255,2902,174449,87,395853
2992,0.001705,172.31.47.0-255,66,174515,87,395853
2993,0.001729,74.125.68.0-255,5738,180253,87,395853
2994,0.001731,74.125.68.0-255,1484,181737,87,395853
2995,0.001732,172.31.47.0-255,66,181803,87,395853
2996,0.001769,74.125.68.0-255,5020,186823,87,395853
2997,0.001773,172.31.47.0-255,66,186889,87,395853
2998,0.001868,74.125.68.0-255,1484,188373,87,395853
2999,0.001888,74.125.68.0-255,1484,189857,87,395853
3000,0.00189,172.31.47.0-255,66,189923,87,395853
3001,0.001905,74.125.68.0-255,1484,191407,87,395853
3002,0.001908,74.125.68.0-255,1484,192891,87,395853
3003,0.001911,172.31.47.0-255,66,192957,87,395853
3004,0.001936,74.125.68.0-255,4320,197277,87,395853
3005,0.001939,172.31.47.0-255,66,197343,87,395853
3006,0.001959,74.125.68.0-255,7156,204499,87,395853
3007,0.001961,74.125.68.0-255,1484,205983,87,395853
3008,0.001962,172.31.47.0-255,66,206049,87,395853
3009,0.002029,172.31.47.0-255,66,206115,87,395853
3010,0.002034,74.125.68.0-255,5020,211135,87,395853
3011,0.002036,172.31.47.0-255,66,211201,87,395853
3012,0.00229,74.125.68.0-255,1484,212685,87,395853
3013,0.00231,74.125.68.0-255,2902,215587,87,395853
3014,0.002314,172.31.47.0-255,66,215653,87,395853
3015,0.002344,74.125.68.0-255,4320,219973,87,395853
3016,0.00235,172.31.47.0-255,66,220039,87,395853
3017,0.002355,74.125.68.0-255,2902,222941,87,395853
3018,0.002357,172.31.47.0-255,66,223007,87,395853
3019,0.002373,74.125.68.0-255,1484,224491,87,395853
3020,0.004673,74.125.68.0-255,4320,228811,87,395853
3021,0.004679,172.31.47.0-255,66,228877,87,395853
3022,0.007007,74.125.68.0-255,5738,234615,87,395853
3023,0.007014,172.31.47.0-255,66,234681,87,395853
3024,0.00934,74.125.68.0-255,5738,240419,87,395853
3025,0.009346,172.31.47.0-255,66,240485,87,395853
3026,0.011675,74.125.68.0-255,5738,246223,87,395853
3027,0.011681,172.31.47.0-255,66,246289,87,395853
3028,0.014031,74.125.68.0-255,5738,252027,87,395853
3029,0.014041,172.31.47.0-255,66,252093,87,395853
3030,0.016374,74.125.68.0-255,5738,257831,87,395853
3031,0.016382,172.31.47.0-255,66,257897,87,395853
3032,0.01872,74.125.68.0-255,5738,263635,87,395853
3033,0.018728,172.31.47.0-255,66,263701,87,395853
3034,0.021072,74.125.68.0-255,5738,269439,87,395853
3035,0.021079,172.31.47.0-255,66,269505,87,395853
3036,0.023423,74.125.68.0-255,5738,275243,87,395853
3037,0.02343,172.31.47.0-255,66,275309,87,395853
3038,0.025765,74.125.68.0-255,5738,281047,87,395853
3039,0.025772,172.31.47.0-255,66,281113,87,395853
3040,0.028106,74.125.68.0-255,5738,286851,87,395853
3041,0.028112,172.31.47.0-255,66,286917,87,395853
3042,0.028733,172.31.47.0-255,172,287089,87,395853
3043,0.028764,172.31.47.0-255,1107,288196,87,395853
3044,0.028801,172.31.47.0-255,1514,289710,87,395853
3045,0.028803,172.31.47.0-255,1297,291007,87,395853
3046,0.030281,104.244.42.0-255,66,291073,87,395853
3047,0.030427,74.125.68.0-255,2902,293975,87,395853
3048,0.030432,172.31.47.0-255,66,294041,87,395853
3049,0.030462,104.244.42.0-255,66,294107,87,395853
3050,0.030466,74.125.68.0-255,2902,297009,87,395853
3051,0.030469,172.31.47.0-255,66,297075,87,395853
3052,0.030493,104.244.42.0-255,66,297141,87,395853
3053,0.032763,74.125.68.0-255,2902,300043,87,395853
3054,0.032769,172.31.47.0-255,66,300109,87,395853
3055,0.032805,74.125.68.0-255,2902,303011,87,395853
3056,0.032808,172.31.47.0-255,66,303077,87,395853
3057,0.035095,74.125.68.0-255,2902,305979,87,395853
3058,0.035101,172.31.47.0-255,66,306045,87,395853
3059,0.035138,74.125.68.0-255,2902,308947,87,395853
3060,0.035142,172.31.47.0-255,66,309013,87,395853
3061,0.037425,74.125.68.0-255,2902,311915,87,395853
3062,0.037431,172.31.47.0-255,66,311981,87,395853
3063,0.037461,74.125.68.0-255,2902,314883,87,395853
3064,0.037464,172.31.47.0-255,66,314949,87,395853
3065,0.039758,74.125.68.0-255,2902,317851,87,395853
3066,0.039764,172.31.47.0-255,66,317917,87,395853
3067,0.0398,74.125.68.0-255,2902,320819,87,395853
3068,0.039803,172.31.47.0-255,66,320885,87,395853
3069,0.042146,74.125.68.0-255,2902,323787,87,395853
3070,0.042168,172.31.47.0-255,66,323853,87,395853
3071,0.042193,74.125.68.0-255,2902,326755,87,395853
3072,0.042199,172.31.47.0-255,66,326821,87,395853
3073,0.044482,74.125.68.0-255,2902,329723,87,395853
3074,0.044486,172.31.47.0-255,66,329789,87,395853
3075,0.044531,74.125.68.0-255,2902,332691,87,395853
3076,0.044534,172.31.47.0-255,66,332757,87,395853
3077,0.046806,74.125.68.0-255,2902,335659,87,395853
3078,0.046811,172.31.47.0-255,66,335725,87,395853
3079,0.046847,74.125.68.0-255,2902,338627,87,395853
3080,0.04685,172.31.47.0-255,66,338693,87,395853
3081,0.049136,74.125.68.0-255,2902,341595,87,395853
3082,0.049142,172.31.47.0-255,66,341661,87,395853
3083,0.049182,74.125.68.0-255,2902,344563,87,395853
3084,0.049186,172.31.47.0-255,66,344629,87,395853
3085,0.051482,74.125.68.0-255,2902,347531,87,395853
3086,0.051487,172.31.47.0-255,66,347597,87,395853
3087,0.051525,74.125.68.0-255,2902,350499,87,395853
3088,0.051528,172.31.47.0-255,66,350565,87,395853
3089,0.053807,74.125.68.0-255,2902,353467,87,395853
3090,0.053812,172.31.47.0-255,66,353533,87,395853
3091,0.05385,74.125.68.0-255,2902,356435,87,395853
3092,0.053853,172.31.47.0-255,66,356501,87,395853
3093,0.056128,74.125.68.0-255,1484,357985,87,395853
3094,0.05616,74.125.68.0-255,1484,359469,87,395853
3095,0.056164,172.31.47.0-255,66,359535,87,395853
3096,0.05619,74.125.68.0-255,2902,362437,87,395853
3097,0.056193,172.31.47.0-255,66,362503,87,395853
3098,0.058478,74.125.68.0-255,2902,365405,87,395853
3099,0.058483,172.31.47.0-255,66,365471,87,395853
3100,0.058515,74.125.68.0-255,2902,368373,87,395853
3101,0.058518,172.31.47.0-255,66,368439,87,395853
3102,0.060807,74.125.68.0-255,2902,371341,87,395853
3103,0.060813,172.31.47.0-255,66,371407,87,395853
3104,0.060843,74.125.68.0-255,2902,374309,87,395853
3105,0.060845,172.31.47.0-255,66,374375,87,395853
3106,0.063139,74.125.68.0-255,2902,377277,87,395853
3107,0.063145,172.31.47.0-255,66,377343,87,395853
3108,0.06317,74.125.68.0-255,1484,378827,87,395853
3109,0.063181,74.125.68.0-255,1484,380311,87,395853
3110,0.063184,172.31.47.0-255,66,380377,87,395853
3111,0.065472,74.125.68.0-255,2902,383279,87,395853
3112,0.065479,172.31.47.0-255,66,383345,87,395853
3113,0.065544,74.125.68.0-255,2902,386247,87,395853
3114,0.065548,172.31.47.0-255,66,386313,87,395853
3115,0.067799,74.125.68.0-255,2902,389215,87,395853
3116,0.067804,172.31.47.0-255,66,389281,87,395853
3117,0.067854,74.125.68.0-255,2902,392183,87,395853
3118,0.067857,172.31.47.0-255,66,392249,87,395853
3119,0.070133,74.125.68.0-255,2902,395151,87,395853
3120,0.070139,172.31.47.0-255,66,395217,87,395853
3121,0.070171,74.125.68.0-255,399,395616,87,395853
3122,0.070297,172.31.47.0-255,66,395682,87,395853
3123,0.070324,172.31.47.0-255,105,395787,87,395853
3124,0.072611,74.125.68.0-255,66,395853,87,395853
3125,0.0,74.125.24.0-255,153,153,87,315851
3126,2.3e-05,172.31.47.0-255,66,219,87,315851
3127,3e-05,74.125.24.0-255,1484,1703,87,315851
3128,3.3e-05,172.31.47.0-255,66,1769,87,315851
3129,3.9e-05,74.125.24.0-255,2902,4671,87,315851
3130,4.1e-05,172.31.47.0-255,66,4737,87,315851
3131,4.4e-05,74.125.24.0-255,1484,6221,87,315851
3132,4.6e-05,172.31.47.0-255,66,6287,87,315851
3133,5e-05,74.125.24.0-255,2902,9189,87,315851
3134,5.2e-05,172.31.47.0-255,66,9255,87,315851
3135,6.9e-05,74.125.24.0-255,2902,12157,87,315851
3136,7.2e-05,172.31.47.0-255,66,12223,87,315851
3137,7.7e-05,74.125.24.0-255,1484,13707,87,315851
3138,8e-05,172.31.47.0-255,66,13773,87,315851
3139,9.2e-05,74.125.24.0-255,1967,15740,87,315851
3140,9.4e-05,172.31.47.0-255,66,15806,87,315851
3141,0.0001,74.125.24.0-255,5738,21544,87,315851
3142,0.000102,172.31.47.0-255,66,21610,87,315851
3143,0.000113,74.125.24.0-255,1484,23094,87,315851
3144,0.000116,172.31.47.0-255,66,23160,87,315851
3145,0.000152,172.31.47.0-255,66,23226,87,315851
3146,0.000269,74.125.24.0-255,1484,24710,87,315851
3147,0.000273,172.31.47.0-255,66,24776,87,315851
3148,0.000277,74.125.24.0-255,1484,26260,87,315851
3149,0.000279,172.31.47.0-255,66,26326,87,315851
3150,0.000289,74.125.24.0-255,1484,27810,87,315851
3151,0.000292,172.31.47.0-255,66,27876,87,315851
3152,0.000296,74.125.24.0-255,2902,30778,87,315851
3153,0.000299,172.31.47.0-255,66,30844,87,315851
3154,0.000304,74.125.24.0-255,4320,35164,87,315851
3155,0.000306,172.31.47.0-255,66,35230,87,315851
3156,0.00032,74.125.24.0-255,2902,38132,87,315851
3157,0.000323,172.31.47.0-255,66,38198,87,315851
3158,0.000339,74.125.24.0-255,5738,43936,87,315851
3159,0.000342,172.31.47.0-255,66,44002,87,315851
3160,0.00037,74.125.24.0-255,7156,51158,87,315851
3161,0.000373,172.31.47.0-255,66,51224,87,315851
3162,0.00039,74.125.24.0-255,1484,52708,87,315851
3163,0.000414,74.125.24.0-255,5350,58058,87,315851
3164,0.000417,172.31.47.0-255,66,58124,87,315851
3165,0.00042,74.125.24.0-255,111,58235,87,315851
3166,0.000627,74.125.24.0-255,1484,59719,87,315851
3167,0.000632,172.31.47.0-255,66,59785,87,315851
3168,0.000641,74.125.24.0-255,2902,62687,87,315851
3169,0.000643,172.31.47.0-255,66,62753,87,315851
3170,0.000649,74.125.24.0-255,5738,68491,87,315851
3171,0.00065,172.31.47.0-255,66,68557,87,315851
3172,0.000688,172.31.47.0-255,66,68623,87,315851
3173,0.000724,74.125.24.0-255,4320,72943,87,315851
3174,0.000727,172.31.47.0-255,66,73009,87,315851
3175,0.00075,172.31.47.0-255,66,73075,87,315851
3176,0.001396,74.125.24.0-255,1484,74559,87,315851
3177,0.001406,74.125.24.0-255,2902,77461,87,315851
3178,0.001409,172.31.47.0-255,66,77527,87,315851
3179,0.001415,74.125.24.0-255,2902,80429,87,315851
3180,0.001416,172.31.47.0-255,66,80495,87,315851
3181,0.001441,74.125.24.0-255,2902,83397,87,315851
3182,0.001442,172.31.47.0-255,66,83463,87,315851
3183,0.001447,74.125.24.0-255,5738,89201,87,315851
3184,0.001449,172.31.47.0-255,66,89267,87,315851
3185,0.001476,172.31.47.0-255,66,89333,87,315851
3186,0.001525,74.125.24.0-255,5020,94353,87,315851
3187,0.001527,172.31.47.0-255,66,94419,87,315851
3188,0.001573,74.125.24.0-255,2902,97321,87,315851
3189,0.001575,172.31.47.0-255,66,97387,87,315851
3190,0.001592,74.125.24.0-255,2902,100289,87,315851
3191,0.001594,172.31.47.0-255,66,100355,87,315851
3192,0.001597,74.125.24.0-255,2902,103257,87,315851
3193,0.001599,172.31.47.0-255,66,103323,87,315851
3194,0.001604,74.125.24.0-255,5738,109061,87,315851
3195,0.001606,172.31.47.0-255,66,109127,87,315851
3196,0.001629,74.125.24.0-255,4320,113447,87,315851
3197,0.00163,172.31.47.0-255,66,113513,87,315851
3198,0.001685,172.31.47.0-255,66,113579,87,315851
3199,0.001722,74.125.24.0-255,1484,115063,87,315851
3200,0.001725,74.125.24.0-255,2902,117965,87,315851
3201,0.001727,172.31.47.0-255,66,118031,87,315851
3202,0.001745,74.125.24.0-255,5738,123769,87,315851
3203,0.001747,172.31.47.0-255,66,123835,87,315851
3204,0.001775,74.125.24.0-255,2902,126737,87,315851
3205,0.001777,172.31.47.0-255,66,126803,87,315851
3206,0.0018,172.31.47.0-255,66,126869,87,315851
3207,0.001846,74.125.24.0-255,4320,131189,87,315851
3208,0.001848,172.31.47.0-255,66,131255,87,315851
3209,0.001863,74.125.24.0-255,6438,137693,87,315851
3210,0.001865,172.31.47.0-255,66,137759,87,315851
3211,0.0019,74.125.24.0-255,1484,139243,87,315851
3212,0.001926,172.31.47.0-255,66,139309,87,315851
3213,0.001955,74.125.24.0-255,2902,142211,87,315851
3214,0.001957,172.31.47.0-255,66,142277,87,315851
3215,0.001974,74.125.24.0-255,4320,146597,87,315851
3216,0.001976,172.31.47.0-255,66,146663,87,315851
3217,0.001988,74.125.24.0-255,2902,149565,87,315851
3218,0.00199,172.31.47.0-255,66,149631,87,315851
3219,0.002024,172.31.47.0-255,66,149697,87,315851
3220,0.002091,74.125.24.0-255,1484,151181,87,315851
3221,0.002105,74.125.24.0-255,2902,154083,87,315851
3222,0.002107,172.31.47.0-255,66,154149,87,315851
3223,0.002125,74.125.24.0-255,5738,159887,87,315851
3224,0.002127,172.31.47.0-255,66,159953,87,315851
3225,0.002146,74.125.24.0-255,5738,165691,87,315851
3226,0.002148,172.31.47.0-255,66,165757,87,315851
3227,0.002166,74.125.24.0-255,7156,172913,87,315851
3228,0.002168,172.31.47.0-255,66,172979,87,315851
3229,0.002207,74.125.24.0-255,4320,177299,87,315851
3230,0.002209,172.31.47.0-255,66,177365,87,315851
3231,0.002225,74.125.24.0-255,1484,178849,87,315851
3232,0.00223,74.125.24.0-255,4320,183169,87,315851
3233,0.002232,172.31.47.0-255,66,183235,87,315851
3234,0.002264,172.31.47.0-255,66,183301,87,315851
3235,0.002338,74.125.24.0-255,2902,186203,87,315851
3236,0.00234,172.31.47.0-255,66,186269,87,315851
3237,0.002359,74.125.24.0-255,7156,193425,87,315851
3238,0.002361,172.31.47.0-255,66,193491,87,315851
3239,0.002398,74.125.24.0-255,4320,197811,87,315851
3240,0.0024,172.31.47.0-255,66,197877,87,315851
3241,0.002414,74.125.24.0-255,3602,201479,87,315851
3242,0.002416,172.31.47.0-255,66,201545,87,315851
3243,0.004604,74.125.24.0-255,1484,203029,87,315851
3244,0.00462,74.125.24.0-255,4320,207349,87,315851
3245,0.004624,172.31.47.0-255,66,207415,87,315851
3246,0.006827,74.125.24.0-255,5738,213153,87,315851
3247,0.006832,172.31.47.0-255,66,213219,87,315851
3248,0.009025,74.125.24.0-255,5738,218957,87,315851
3249,0.00903,172.31.47.0-255,66,219023,87,315851
3250,0.011249,74.125.24.0-255,5738,224761,87,315851
3251,0.01126,172.31.47.0-255,66,224827,87,315851
3252,0.013468,74.125.24.0-255,5738,230565,87,315851
3253,0.01348,172.31.47.0-255,66,230631,87,315851
3254,0.015798,74.125.24.0-255,5738,236369,87,315851
3255,0.015806,172.31.47.0-255,66,236435,87,315851
3256,0.01801,74.125.24.0-255,5738,242173,87,315851
3257,0.018016,172.31.47.0-255,66,242239,87,315851
3258,0.020231,74.125.24.0-255,5738,247977,87,315851
3259,0.020236,172.31.47.0-255,66,248043,87,315851
3260,0.022452,74.125.24.0-255,5738,253781,87,315851
3261,0.022457,172.31.47.0-255,66,253847,87,315851
3262,0.02468,74.125.24.0-255,5738,259585,87,315851
3263,0.024686,172.31.47.0-255,66,259651,87,315851
3264,0.02549,172.31.47.0-255,171,259822,87,315851
3265,0.025533,172.31.47.0-255,1111,260933,87,315851
3266,0.025625,172.31.47.0-255,1514,262447,87,315851
3267,0.025627,172.31.47.0-255,1293,263740,87,315851
3268,0.026888,74.125.24.0-255,5738,269478,87,315851
3269,0.026894,172.31.47.0-255,66,269544,87,315851
3270,0.02705,104.244.42.0-255,66,269610,87,315851
3271,0.027096,104.244.42.0-255,66,269676,87,315851
3272,0.027199,104.244.42.0-255,66,269742,87,315851
3273,0.029074,74.125.24.0-255,5738,275480,87,315851
3274,0.029079,172.31.47.0-255,66,275546,87,315851
3275,0.031271,74.125.24.0-255,5738,281284,87,315851
3276,0.031275,172.31.47.0-255,66,281350,87,315851
3277,0.033459,74.125.24.0-255,4320,285670,87,315851
3278,0.033464,172.31.47.0-255,66,285736,87,315851
3279,0.033488,74.125.24.0-255,1484,287220,87,315851
3280,0.035669,74.125.24.0-255,4320,291540,87,315851
3281,0.035675,172.31.47.0-255,66,291606,87,315851
3282,0.037867,74.125.24.0-255,5738,297344,87,315851
3283,0.037871,172.31.47.0-255,66,297410,87,315851
3284,0.040074,74.125.24.0-255,4320,301730,87,315851
3285,0.040079,172.31.47.0-255,66,301796,87,315851
3286,0.040105,74.125.24.0-255,1484,303280,87,315851
3287,0.042284,74.125.24.0-255,4320,307600,87,315851
3288,0.042288,172.31.47.0-255,66,307666,87,315851
3289,0.044498,74.125.24.0-255,5738,313404,87,315851
3290,0.044502,172.31.47.0-255,66,313470,87,315851
3291,0.046712,74.125.24.0-255,2144,315614,87,315851
3292,0.046719,172.31.47.0-255,66,315680,87,315851
3293,0.046944,172.31.47.0-255,105,315785,87,315851
3294,0.049112,74.125.24.0-255,66,315851,87,315851
3295,0.0,172.217.194.0-255,153,153,87,337816
3296,2.5e-05,172.31.47.0-255,66,219,87,337816
3297,3.2e-05,172.217.194.0-255,1484,1703,87,337816
3298,3.5e-05,172.31.47.0-255,66,1769,87,337816
3299,4e-05,172.217.194.0-255,2902,4671,87,337816
3300,4.3e-05,172.31.47.0-255,66,4737,87,337816
3301,4.9e-05,172.217.194.0-255,7156,11893,87,337816
3302,5.3e-05,172.31.47.0-255,66,11959,87,337816
3303,5.7e-05,172.217.194.0-255,2216,14175,87,337816
3304,5.9e-05,172.31.47.0-255,66,14241,87,337816
3305,6.3e-05,172.217.194.0-255,2902,17143,87,337816
3306,6.6e-05,172.31.47.0-255,66,17209,87,337816
3307,0.000105,172.31.47.0-255,66,17275,87,337816
3308,0.000111,172.217.194.0-255,5379,22654,87,337816
3309,0.000113,172.31.47.0-255,66,22720,87,337816
3310,0.000193,172.217.194.0-255,1484,24204,87,337816
3311,0.000197,172.31.47.0-255,66,24270,87,337816
3312,0.000202,172.217.194.0-255,2902,27172,87,337816
3313,0.000204,172.31.47.0-255,66,27238,87,337816
3314,0.00021,172.217.194.0-255,5738,32976,87,337816
3315,0.000213,172.31.47.0-255,66,33042,87,337816
3316,0.000217,172.217.194.0-255,2902,35944,87,337816
3317,0.000219,172.31.47.0-255,66,36010,87,337816
3318,0.000234,172.217.194.0-255,2902,38912,87,337816
3319,0.000236,172.31.47.0-255,66,38978,87,337816
3320,0.000256,172.217.194.0-255,1125,40103,87,337816
3321,0.000259,172.31.47.0-255,66,40169,87,337816
3322,0.000277,172.217.194.0-255,1484,41653,87,337816
3323,0.00028,172.31.47.0-255,66,41719,87,337816
3324,0.000286,172.217.194.0-255,4320,46039,87,337816
3325,0.000288,172.31.47.0-255,66,46105,87,337816
3326,0.000307,172.217.194.0-255,5738,51843,87,337816
3327,0.000316,172.31.47.0-255,66,51909,87,337816
3328,0.000333,172.217.194.0-255,4320,56229,87,337816
3329,0.000336,172.217.194.0-255,1439,57668,87,337816
3330,0.000346,172.31.47.0-255,66,57734,87,337816
3331,0.000427,172.217.194.0-255,98,57832,87,337816
3332,0.000556,172.217.194.0-255,364,58196,87,337816
3333,0.000706,172.217.194.0-255,1484,59680,87,337816
3334,0.00071,172.31.47.0-255,66,59746,87,337816
3335,0.000716,172.217.194.0-255,2902,62648,87,337816
3336,0.000723,172.217.194.0-255,5738,68386,87,337816
3337,0.000728,172.217.194.0-255,4320,72706,87,337816
3338,0.000741,172.217.194.0-255,2543,75249,87,337816
3339,0.000747,172.217.194.0-255,5738,80987,87,337816
3340,0.000761,172.217.194.0-255,1484,82471,87,337816
3341,0.000782,172.217.194.0-255,7156,89627,87,337816
3342,0.000792,172.217.194.0-255,1992,91619,87,337816
3343,0.00143,172.217.194.0-255,1484,93103,87,337816
3344,0.001436,172.217.194.0-255,2902,96005,87,337816
3345,0.001459,172.217.194.0-255,5738,101743,87,337816
3346,0.001466,172.217.194.0-255,4320,106063,87,337816
3347,0.001488,172.217.194.0-255,4320,110383,87,337816
3348,0.00151,172.217.194.0-255,7156,117539,87,337816
3349,0.001515,172.217.194.0-255,4320,121859,87,337816
3350,0.001531,172.217.194.0-255,3602,125461,87,337816
3351,0.001786,172.217.194.0-255,1484,126945,87,337816
3352,0.001791,172.217.194.0-255,1484,128429,87,337816
3353,0.001804,172.217.194.0-255,1484,129913,87,337816
3354,0.001831,172.217.194.0-255,4320,134233,87,337816
3355,0.001846,172.217.194.0-255,1484,135717,87,337816
3356,0.001852,172.217.194.0-255,7156,142873,87,337816
3357,0.001905,172.217.194.0-255,2184,145057,87,337816
3358,0.001925,172.217.194.0-255,7156,152213,87,337816
3359,0.001952,172.217.194.0-255,4320,156533,87,337816
3360,0.001981,172.217.194.0-255,1484,158017,87,337816
3361,0.002002,172.217.194.0-255,2902,160919,87,337816
3362,0.002006,172.217.194.0-255,4320,165239,87,337816
3363,0.002019,172.217.194.0-255,1484,166723,87,337816
3364,0.002036,172.217.194.0-255,7156,173879,87,337816
3365,0.002045,172.217.194.0-255,4320,178199,87,337816
3366,0.002058,172.217.194.0-255,1484,179683,87,337816
3367,0.002088,172.217.194.0-255,4320,184003,87,337816
3368,0.0021,172.217.194.0-255,2184,186187,87,337816
3369,0.002109,172.217.194.0-255,1484,187671,87,337816
3370,0.002122,172.217.194.0-255,5738,193409,87,337816
3371,0.002135,172.217.194.0-255,1484,194893,87,337816
3372,0.00215,172.217.194.0-255,5738,200631,87,337816
3373,0.002165,172.217.194.0-255,2902,203533,87,337816
3374,0.00217,172.217.194.0-255,5738,209271,87,337816
3375,0.002183,172.217.194.0-255,5738,215009,87,337816
3376,0.002188,172.217.194.0-255,6438,221447,87,337816
3377,0.00222,172.217.194.0-255,1484,222931,87,337816
3378,0.002241,172.217.194.0-255,7156,230087,87,337816
3379,0.002255,172.217.194.0-255,5738,235825,87,337816
3380,0.002263,172.217.194.0-255,2902,238727,87,337816
3381,0.002274,172.217.194.0-255,2902,241629,87,337816
3382,0.002278,172.217.194.0-255,4320,245949,87,337816
3383,0.00229,172.217.194.0-255,3602,249551,87,337816
3384,0.00231,172.217.194.0-255,1484,251035,87,337816
3385,0.002344,172.217.194.0-255,7156,258191,87,337816
3386,0.00236,172.217.194.0-255,5738,263929,87,337816
3387,0.002363,172.217.194.0-255,2902,266831,87,337816
3388,0.004733,172.31.47.0-255,66,266897,87,337816
3389,0.007038,172.217.194.0-255,5738,272635,87,337816
3390,0.007043,172.31.47.0-255,66,272701,87,337816
3391,0.009309,172.217.194.0-255,5738,278439,87,337816
3392,0.009314,172.31.47.0-255,66,278505,87,337816
3393,0.011597,172.217.194.0-255,5738,284243,87,337816
3394,0.011604,172.31.47.0-255,66,284309,87,337816
3395,0.013897,172.217.194.0-255,5738,290047,87,337816
3396,0.013904,172.31.47.0-255,66,290113,87,337816
3397,0.016166,172.217.194.0-255,5738,295851,87,337816
3398,0.016175,172.31.47.0-255,66,295917,87,337816
3399,0.018452,172.217.194.0-255,5738,301655,87,337816
3400,0.018459,172.31.47.0-255,66,301721,87,337816
3401,0.020751,172.217.194.0-255,5738,307459,87,337816
3402,0.02076,172.31.47.0-255,66,307525,87,337816
3403,0.023047,172.217.194.0-255,5738,313263,87,337816
3404,0.023052,172.31.47.0-255,66,313329,87,337816
3405,0.025326,172.217.194.0-255,5738,319067,87,337816
3406,0.025334,172.31.47.0-255,66,319133,87,337816
3407,0.027595,172.217.194.0-255,5738,324871,87,337816
3408,0.0276,172.31.47.0-255,66,324937,87,337816
3409,0.028317,172.31.47.0-255,172,325109,87,337816
3410,0.02835,172.31.47.0-255,1107,326216,87,337816
3411,0.028374,172.31.47.0-255,1514,327730,87,337816
3412,0.028376,172.31.47.0-255,1297,329027,87,337816
3413,0.029862,104.244.42.0-255,66,329093,87,337816
3414,0.02987,104.244.42.0-255,66,329159,87,337816
3415,0.029875,172.217.194.0-255,5738,334897,87,337816
3416,0.029879,172.31.47.0-255,66,334963,87,337816
3417,0.030002,104.244.42.0-255,66,335029,87,337816
3418,0.032128,172.217.194.0-255,2550,337579,87,337816
3419,0.032133,172.31.47.0-255,66,337645,87,337816
3420,0.032291,172.31.47.0-255,105,337750,87,337816
3421,0.034532,172.217.194.0-255,66,337816,87,337816
3422,0.0,74.125.68.0-255,156,156,87,311546
3423,1.5e-05,172.31.47.0-255,66,222,87,311546
3424,2.2e-05,74.125.68.0-255,1484,1706,87,311546
3425,2.5e-05,172.31.47.0-255,66,1772,87,311546
3426,4e-05,74.125.68.0-255,2902,4674,87,311546
3427,4.4e-05,172.31.47.0-255,66,4740,87,311546
3428,4.9e-05,74.125.68.0-255,4320,9060,87,311546
3429,5.2e-05,172.31.47.0-255,66,9126,87,311546
3430,6.7e-05,74.125.68.0-255,4968,14094,87,311546
3431,6.9e-05,172.31.47.0-255,66,14160,87,311546
3432,0.000104,74.125.68.0-255,4320,18480,87,311546
3433,0.000106,172.31.47.0-255,66,18546,87,311546
3434,0.000125,74.125.68.0-255,5738,24284,87,311546
3435,0.000128,172.31.47.0-255,66,24350,87,311546
3436,0.000162,74.125.68.0-255,6797,31147,87,311546
3437,0.000165,172.31.47.0-255,66,31213,87,311546
3438,0.000245,74.125.68.0-255,1484,32697,87,311546
3439,0.000249,172.31.47.0-255,66,32763,87,311546
3440,0.000253,74.125.68.0-255,1484,34247,87,311546
3441,0.000254,172.31.47.0-255,66,34313,87,311546
3442,0.000271,74.125.68.0-255,2902,37215,87,311546
3443,0.000273,172.31.47.0-255,66,37281,87,311546
3444,0.000296,74.125.68.0-255,2902,40183,87,311546
3445,0.000298,172.31.47.0-255,66,40249,87,311546
3446,0.000313,74.125.68.0-255,2902,43151,87,311546
3447,0.000316,172.31.47.0-255,66,43217,87,311546
3448,0.00032,74.125.68.0-255,2902,46119,87,311546
3449,0.000322,172.31.47.0-255,66,46185,87,311546
3450,0.000355,74.125.68.0-255,2543,48728,87,311546
3451,0.000357,172.31.47.0-255,66,48794,87,311546
3452,0.000395,74.125.68.0-255,2902,51696,87,311546
3453,0.000399,172.31.47.0-255,66,51762,87,311546
3454,0.000439,74.125.68.0-255,1484,53246,87,311546
3455,0.000467,74.125.68.0-255,1484,54730,87,311546
3456,0.00047,172.31.47.0-255,66,54796,87,311546
3457,0.000507,74.125.68.0-255,2902,57698,87,311546
3458,0.00051,172.31.47.0-255,66,57764,87,311546
3459,0.000513,74.125.68.0-255,1484,59248,87,311546
3460,0.000529,74.125.68.0-255,2902,62150,87,311546
3461,0.000532,172.31.47.0-255,66,62216,87,311546
3462,0.000577,74.125.68.0-255,4230,66446,87,311546
3463,0.000581,172.31.47.0-255,66,66512,87,311546
3464,0.000911,74.125.68.0-255,387,66899,87,311546
3465,0.001067,172.31.47.0-255,66,66965,87,311546
3466,0.001131,74.125.68.0-255,1484,68449,87,311546
3467,0.001138,74.125.68.0-255,2902,71351,87,311546
3468,0.001141,172.31.47.0-255,66,71417,87,311546
3469,0.001167,74.125.68.0-255,5738,77155,87,311546
3470,0.00117,172.31.47.0-255,66,77221,87,311546
3471,0.001178,74.125.68.0-255,4320,81541,87,311546
3472,0.00118,172.31.47.0-255,66,81607,87,311546
3473,0.001195,74.125.68.0-255,1484,83091,87,311546
3474,0.001197,74.125.68.0-255,1484,84575,87,311546
3475,0.001199,172.31.47.0-255,66,84641,87,311546
3476,0.001224,74.125.68.0-255,5738,90379,87,311546
3477,0.001226,172.31.47.0-255,66,90445,87,311546
3478,0.001232,74.125.68.0-255,7156,97601,87,311546
3479,0.001234,172.31.47.0-255,66,97667,87,311546
3480,0.001248,74.125.68.0-255,3602,101269,87,311546
3481,0.00125,172.31.47.0-255,66,101335,87,311546
3482,0.001275,74.125.68.0-255,1484,102819,87,311546
3483,0.001289,74.125.68.0-255,2902,105721,87,311546
3484,0.001291,172.31.47.0-255,66,105787,87,311546
3485,0.001303,74.125.68.0-255,4320,110107,87,311546
3486,0.001305,172.31.47.0-255,66,110173,87,311546
3487,0.001327,74.125.68.0-255,1484,111657,87,311546
3488,0.001333,74.125.68.0-255,5738,117395,87,311546
3489,0.001334,172.31.47.0-255,66,117461,87,311546
3490,0.00134,74.125.68.0-255,4320,121781,87,311546
3491,0.001341,172.31.47.0-255,66,121847,87,311546
3492,0.001357,74.125.68.0-255,2902,124749,87,311546
3493,0.001359,172.31.47.0-255,66,124815,87,311546
3494,0.001371,74.125.68.0-255,2902,127717,87,311546
3495,0.001373,172.31.47.0-255,66,127783,87,311546
3496,0.001399,172.31.47.0-255,66,127849,87,311546
3497,0.001431,172.31.47.0-255,66,127915,87,311546
3498,0.001436,74.125.68.0-255,4320,132235,87,311546
3499,0.001438,172.31.47.0-255,66,132301,87,311546
3500,0.001497,74.125.68.0-255,4320,136621,87,311546
3501,0.0015,172.31.47.0-255,66,136687,87,311546
3502,0.001522,172.31.47.0-255,66,136753,87,311546
3503,0.001524,74.125.68.0-255,766,137519,87,311546
3504,0.001548,74.125.68.0-255,5738,143257,87,311546
3505,0.00155,172.31.47.0-255,66,143323,87,311546
3506,0.001557,74.125.68.0-255,7156,150479,87,311546
3507,0.001559,172.31.47.0-255,66,150545,87,311546
3508,0.001582,74.125.68.0-255,2902,153447,87,311546
3509,0.001584,172.31.47.0-255,66,153513,87,311546
3510,0.001602,74.125.68.0-255,4320,157833,87,311546
3511,0.001604,172.31.47.0-255,66,157899,87,311546
3512,0.00161,74.125.68.0-255,5738,163637,87,311546
3513,0.001612,172.31.47.0-255,66,163703,87,311546
3514,0.001632,74.125.68.0-255,2902,166605,87,311546
3515,0.001635,172.31.47.0-255,66,166671,87,311546
3516,0.00164,74.125.68.0-255,5020,171691,87,311546
3517,0.001642,172.31.47.0-255,66,171757,87,311546
3518,0.001686,74.125.68.0-255,1484,173241,87,311546
3519,0.001702,74.125.68.0-255,2902,176143,87,311546
3520,0.001705,172.31.47.0-255,66,176209,87,311546
3521,0.001737,74.125.68.0-255,2902,179111,87,311546
3522,0.00174,172.31.47.0-255,66,179177,87,311546
3523,0.001758,74.125.68.0-255,1484,180661,87,311546
3524,0.001764,74.125.68.0-255,5738,186399,87,311546
3525,0.001766,172.31.47.0-255,66,186465,87,311546
3526,0.001791,172.31.47.0-255,66,186531,87,311546
3527,0.001809,74.125.68.0-255,1484,188015,87,311546
3528,0.001814,74.125.68.0-255,4320,192335,87,311546
3529,0.001816,172.31.47.0-255,66,192401,87,311546
3530,0.001851,74.125.68.0-255,4320,196721,87,311546
3531,0.001854,172.31.47.0-255,66,196787,87,311546
3532,0.001873,172.31.47.0-255,66,196853,87,311546
3533,0.001899,74.125.68.0-255,5738,202591,87,311546
3534,0.001903,172.31.47.0-255,66,202657,87,311546
3535,0.001932,172.31.47.0-255,66,202723,87,311546
3536,0.001937,74.125.68.0-255,4320,207043,87,311546
3537,0.001939,172.31.47.0-255,66,207109,87,311546
3538,0.001967,172.31.47.0-255,66,207175,87,311546
3539,0.001993,172.31.47.0-255,66,207241,87,311546
3540,0.00201,74.125.68.0-255,1484,208725,87,311546
3541,0.00203,172.31.47.0-255,66,208791,87,311546
3542,0.002033,74.125.68.0-255,1484,210275,87,311546
3543,0.002056,172.31.47.0-255,66,210341,87,311546
3544,0.002058,74.125.68.0-255,766,211107,87,311546
3545,0.002061,74.125.68.0-255,1484,212591,87,311546
3546,0.002063,172.31.47.0-255,66,212657,87,311546
3547,0.002078,74.125.68.0-255,4320,216977,87,311546
3548,0.00208,172.31.47.0-255,66,217043,87,311546
3549,0.00211,74.125.68.0-255,4320,221363,87,311546
3550,0.002113,172.31.47.0-255,66,221429,87,311546
3551,0.002135,74.125.68.0-255,5738,227167,87,311546
3552,0.002137,172.31.47.0-255,66,227233,87,311546
3553,0.002142,74.125.68.0-255,4320,231553,87,311546
3554,0.002144,172.31.47.0-255,66,231619,87,311546
3555,0.00216,74.125.68.0-255,7156,238775,87,311546
3556,0.002162,172.31.47.0-255,66,238841,87,311546
3557,0.002169,74.125.68.0-255,6438,245279,87,311546
3558,0.002172,172.31.47.0-255,66,245345,87,311546
3559,0.002204,74.125.68.0-255,1484,246829,87,311546
3560,0.002231,74.125.68.0-255,5738,252567,87,311546
3561,0.002234,172.31.47.0-255,66,252633,87,311546
3562,0.002244,172.31.47.0-255,66,252699,87,311546
3563,0.002254,172.31.47.0-255,66,252765,87,311546
3564,0.002269,74.125.68.0-255,1484,254249,87,311546
3565,0.002274,74.125.68.0-255,4320,258569,87,311546
3566,0.002276,172.31.47.0-255,66,258635,87,311546
3567,0.00229,74.125.68.0-255,3602,262237,87,311546
3568,0.002292,172.31.47.0-255,66,262303,87,311546
3569,0.004528,74.125.68.0-255,1484,263787,87,311546
3570,0.004549,74.125.68.0-255,4320,268107,87,311546
3571,0.004553,172.31.47.0-255,66,268173,87,311546
3572,0.006832,74.125.68.0-255,5738,273911,87,311546
3573,0.006839,172.31.47.0-255,66,273977,87,311546
3574,0.009109,74.125.68.0-255,5738,279715,87,311546
3575,0.009117,172.31.47.0-255,66,279781,87,311546
3576,0.011387,74.125.68.0-255,5738,285519,87,311546
3577,0.011394,172.31.47.0-255,66,285585,87,311546
3578,0.013685,74.125.68.0-255,5738,291323,87,311546
3579,0.0137,172.31.47.0-255,66,291389,87,311546
3580,0.015972,74.125.68.0-255,5738,297127,87,311546
3581,0.015979,172.31.47.0-255,66,297193,87,311546
3582,0.01825,74.125.68.0-255,5738,302931,87,311546
3583,0.018257,172.31.47.0-255,66,302997,87,311546
3584,0.020467,172.31.47.0-255,164,303161,87,311546
3585,0.020508,74.125.68.0-255,984,304145,87,311546
3586,0.020516,172.31.47.0-255,1121,305266,87,311546
3587,0.020638,172.31.47.0-255,1514,306780,87,311546
3588,0.02064,172.31.47.0-255,1514,308294,87,311546
3589,0.020645,172.31.47.0-255,1514,309808,87,311546
3590,0.020646,172.31.47.0-255,1063,310871,87,311546
3591,0.020699,172.31.47.0-255,66,310937,87,311546
3592,0.020727,172.31.47.0-255,105,311042,87,311546
3593,0.022035,104.244.42.0-255,66,311108,87,311546
3594,0.022059,104.244.42.0-255,66,311174,87,311546
3595,0.022216,104.244.42.0-255,66,311240,87,311546
3596,0.022227,104.244.42.0-255,66,311306,87,311546
3597,0.022903,104.244.42.0-255,108,311414,87,311546
3598,0.022907,172.31.47.0-255,66,311480,87,311546
3599,0.023024,74.125.68.0-255,66,311546,87,311546
3600,0.0,172.217.194.0-255,153,153,87,162436
3601,3.1e-05,172.31.47.0-255,66,219,87,162436
3602,3.8e-05,172.217.194.0-255,1484,1703,87,162436
3603,4.2e-05,172.31.47.0-255,66,1769,87,162436
3604,4.7e-05,172.217.194.0-255,2902,4671,87,162436
3605,5.5e-05,172.31.47.0-255,66,4737,87,162436
3606,6.1e-05,172.217.194.0-255,7156,11893,87,162436
3607,6.4e-05,172.31.47.0-255,66,11959,87,162436
3608,6.7e-05,172.217.194.0-255,2100,14059,87,162436
3609,6.9e-05,172.31.47.0-255,66,14125,87,162436
3610,8e-05,172.31.47.0-255,66,14191,87,162436
3611,0.000109,172.217.194.0-255,5379,19570,87,162436
3612,0.000111,172.31.47.0-255,66,19636,87,162436
3613,0.000144,172.217.194.0-255,1484,21120,87,162436
3614,0.000147,172.31.47.0-255,66,21186,87,162436
3615,0.000151,172.217.194.0-255,2902,24088,87,162436
3616,0.000153,172.31.47.0-255,66,24154,87,162436
3617,0.000174,172.217.194.0-255,5738,29892,87,162436
3618,0.000177,172.31.47.0-255,66,29958,87,162436
3619,0.000241,172.31.47.0-255,66,30024,87,162436
3620,0.000257,172.31.47.0-255,66,30090,87,162436
3621,0.000259,172.217.194.0-255,99,30189,87,162436
3622,0.000262,172.31.47.0-255,66,30255,87,162436
3623,0.000266,172.217.194.0-255,364,30619,87,162436
3624,0.000268,172.31.47.0-255,66,30685,87,162436
3625,0.0004,172.217.194.0-255,1484,32169,87,162436
3626,0.000405,172.31.47.0-255,66,32235,87,162436
3627,0.00041,172.217.194.0-255,2902,35137,87,162436
3628,0.000411,172.31.47.0-255,66,35203,87,162436
3629,0.000439,172.217.194.0-255,5738,40941,87,162436
3630,0.000442,172.31.47.0-255,66,41007,87,162436
3631,0.000453,172.31.47.0-255,66,41073,87,162436
3632,0.000477,172.217.194.0-255,1484,42557,87,162436
3633,0.00048,172.31.47.0-255,66,42623,87,162436
3634,0.000497,172.31.47.0-255,66,42689,87,162436
3635,0.000838,172.217.194.0-255,1484,44173,87,162436
3636,0.000842,172.31.47.0-255,66,44239,87,162436
3637,0.00087,172.217.194.0-255,2902,47141,87,162436
3638,0.000872,172.31.47.0-255,66,47207,87,162436
3639,0.000878,172.217.194.0-255,5738,52945,87,162436
3640,0.00088,172.31.47.0-255,66,53011,87,162436
3641,0.000883,172.217.194.0-255,1484,54495,87,162436
3642,0.000889,172.31.47.0-255,66,54561,87,162436
3643,0.000927,172.31.47.0-255,66,54627,87,162436
3644,0.000936,172.31.47.0-255,66,54693,87,162436
3645,0.000949,172.217.194.0-255,766,55459,87,162436
3646,0.001077,172.217.194.0-255,1484,56943,87,162436
3647,0.00108,172.31.47.0-255,66,57009,87,162436
3648,0.001084,172.217.194.0-255,2902,59911,87,162436
3649,0.001086,172.31.47.0-255,66,59977,87,162436
3650,0.001112,172.217.194.0-255,5738,65715,87,162436
3651,0.001115,172.31.47.0-255,66,65781,87,162436
3652,0.001119,172.217.194.0-255,4320,70101,87,162436
3653,0.001131,172.31.47.0-255,66,70167,87,162436
3654,0.001142,172.217.194.0-255,7156,77323,87,162436
3655,0.001155,172.31.47.0-255,66,77389,87,162436
3656,0.001192,172.31.47.0-255,66,77455,87,162436
3657,0.001233,172.217.194.0-255,1484,78939,87,162436
3658,0.00125,172.217.194.0-255,2902,81841,87,162436
3659,0.001253,172.31.47.0-255,66,81907,87,162436
3660,0.001258,172.217.194.0-255,5738,87645,87,162436
3661,0.001264,172.31.47.0-255,66,87711,87,162436
3662,0.00129,172.217.194.0-255,5738,93449,87,162436
3663,0.001295,172.217.194.0-255,4320,97769,87,162436
3664,0.001299,172.31.47.0-255,66,97835,87,162436
3665,0.001336,172.31.47.0-255,66,97901,87,162436
3666,0.001341,172.31.47.0-255,66,97967,87,162436
3667,0.001375,172.217.194.0-255,2184,100151,87,162436
3668,0.00138,172.31.47.0-255,66,100217,87,162436
3669,0.001392,172.31.47.0-255,66,100283,87,162436
3670,0.001424,172.217.194.0-255,2902,103185,87,162436
3671,0.001426,172.31.47.0-255,66,103251,87,162436
3672,0.001466,172.217.194.0-255,4320,107571,87,162436
3673,0.00147,172.217.194.0-255,5738,113309,87,162436
3674,0.001476,172.31.47.0-255,66,113375,87,162436
3675,0.001486,172.31.47.0-255,66,113441,87,162436
3676,0.001516,172.31.47.0-255,66,113507,87,162436
3677,0.001572,172.217.194.0-255,1484,114991,87,162436
3678,0.001577,172.217.194.0-255,2902,117893,87,162436
3679,0.001581,172.31.47.0-255,66,117959,87,162436
3680,0.001603,172.217.194.0-255,5738,123697,87,162436
3681,0.001608,172.31.47.0-255,66,123763,87,162436
3682,0.001618,172.217.194.0-255,5738,129501,87,162436
3683,0.001632,172.31.47.0-255,66,129567,87,162436
3684,0.001648,172.217.194.0-255,7156,136723,87,162436
3685,0.001652,172.31.47.0-255,66,136789,87,162436
3686,0.001654,172.217.194.0-255,7156,143945,87,162436
3687,0.001666,172.31.47.0-255,66,144011,87,162436
3688,0.001684,172.217.194.0-255,7156,151167,87,162436
3689,0.001689,172.31.47.0-255,66,151233,87,162436
3690,0.001734,172.31.47.0-255,66,151299,87,162436
3691,0.001747,172.31.47.0-255,66,151365,87,162436
3692,0.001777,172.31.47.0-255,66,151431,87,162436
3693,0.001827,172.31.47.0-255,66,151497,87,162436
3694,0.001867,172.31.47.0-255,66,151563,87,162436
3695,0.001904,172.31.47.0-255,66,151629,87,162436
3696,0.001942,172.31.47.0-255,66,151695,87,162436
3697,0.00195,172.217.194.0-255,6043,157738,87,162436
3698,0.001958,172.217.194.0-255,105,157843,87,162436
3699,0.00196,172.31.47.0-255,66,157909,87,162436
3700,0.010928,172.31.47.0-255,66,157975,87,162436
3701,0.010956,172.31.47.0-255,105,158080,87,162436
3702,0.012967,172.217.194.0-255,66,158146,87,162436
3703,0.044409,172.31.47.0-255,172,158318,87,162436
3704,0.044439,172.31.47.0-255,1103,159421,87,162436
3705,0.04448,172.31.47.0-255,1514,160935,87,162436
3706,0.044482,172.31.47.0-255,1303,162238,87,162436
3707,0.045894,104.244.42.0-255,66,162304,87,162436
3708,0.04592,104.244.42.0-255,66,162370,87,162436
3709,0.045972,104.244.42.0-255,66,162436,87,162436
3710,0.0,172.217.194.0-255,153,153,87,336786
3711,3.5e-05,172.31.47.0-255,66,219,87,336786
3712,4.3e-05,172.217.194.0-255,1484,1703,87,336786
3713,4.7e-05,172.31.47.0-255,66,1769,87,336786
3714,5.2e-05,172.217.194.0-255,2902,4671,87,336786
3715,5.4e-05,172.31.47.0-255,66,4737,87,336786
3716,5.9e-05,172.217.194.0-255,4320,9057,87,336786
3717,6.1e-05,172.31.47.0-255,66,9123,87,336786
3718,6.8e-05,172.217.194.0-255,4913,14036,87,336786
3719,7e-05,172.31.47.0-255,66,14102,87,336786
3720,0.000201,172.217.194.0-255,1484,15586,87,336786
3721,0.000206,172.31.47.0-255,66,15652,87,336786
3722,0.000212,172.217.194.0-255,2902,18554,87,336786
3723,0.000214,172.31.47.0-255,66,18620,87,336786
3724,0.00022,172.217.194.0-255,5738,24358,87,336786
3725,0.000223,172.31.47.0-255,66,24424,87,336786
3726,0.000261,172.217.194.0-255,6797,31221,87,336786
3727,0.000265,172.31.47.0-255,66,31287,87,336786
3728,0.000272,172.217.194.0-255,7156,38443,87,336786
3729,0.000275,172.31.47.0-255,66,38509,87,336786
3730,0.000293,172.217.194.0-255,1484,39993,87,336786
3731,0.000296,172.31.47.0-255,66,40059,87,336786
3732,0.000329,172.31.47.0-255,66,40125,87,336786
3733,0.000923,172.217.194.0-255,1484,41609,87,336786
3734,0.00093,172.31.47.0-255,66,41675,87,336786
3735,0.000939,172.217.194.0-255,2902,44577,87,336786
3736,0.000957,172.31.47.0-255,66,44643,87,336786
3737,0.000963,172.217.194.0-255,5738,50381,87,336786
3738,0.000965,172.31.47.0-255,66,50447,87,336786
3739,0.00097,172.217.194.0-255,4320,54767,87,336786
3740,0.000973,172.31.47.0-255,66,54833,87,336786
3741,0.000996,172.217.194.0-255,1484,56317,87,336786
3742,0.001001,172.217.194.0-255,1426,57743,87,336786
3743,0.001003,172.31.47.0-255,66,57809,87,336786
3744,0.001154,172.217.194.0-255,375,58184,87,336786
3745,0.001311,172.217.194.0-255,1484,59668,87,336786
3746,0.001316,172.31.47.0-255,66,59734,87,336786
3747,0.001322,172.217.194.0-255,2902,62636,87,336786
3748,0.001324,172.31.47.0-255,66,62702,87,336786
3749,0.001327,172.217.194.0-255,1484,64186,87,336786
3750,0.001351,172.217.194.0-255,4320,68506,87,336786
3751,0.001353,172.31.47.0-255,66,68572,87,336786
3752,0.001374,172.31.47.0-255,66,68638,87,336786
3753,0.001397,172.217.194.0-255,4320,72958,87,336786
3754,0.001399,172.31.47.0-255,66,73024,87,336786
3755,0.001421,172.217.194.0-255,2902,75926,87,336786
3756,0.001422,172.31.47.0-255,66,75992,87,336786
3757,0.001444,172.31.47.0-255,66,76058,87,336786
3758,0.002001,172.217.194.0-255,1484,77542,87,336786
3759,0.002031,172.217.194.0-255,2902,80444,87,336786
3760,0.002034,172.31.47.0-255,66,80510,87,336786
3761,0.002038,172.217.194.0-255,4320,84830,87,336786
3762,0.00204,172.31.47.0-255,66,84896,87,336786
3763,0.002049,172.217.194.0-255,1484,86380,87,336786
3764,0.002096,172.217.194.0-255,4320,90700,87,336786
3765,0.002098,172.31.47.0-255,66,90766,87,336786
3766,0.002122,172.31.47.0-255,66,90832,87,336786
3767,0.002131,172.31.47.0-255,66,90898,87,336786
3768,0.002133,172.217.194.0-255,766,91664,87,336786
3769,0.002312,172.217.194.0-255,1484,93148,87,336786
3770,0.002314,172.31.47.0-255,66,93214,87,336786
3771,0.002331,172.217.194.0-255,2902,96116,87,336786
3772,0.002333,172.31.47.0-255,66,96182,87,336786
3773,0.002354,172.217.194.0-255,5738,101920,87,336786
3774,0.002356,172.31.47.0-255,66,101986,87,336786
3775,0.002359,172.217.194.0-255,1484,103470,87,336786
3776,0.002386,172.31.47.0-255,66,103536,87,336786
3777,0.002389,172.217.194.0-255,2902,106438,87,336786
3778,0.002391,172.31.47.0-255,66,106504,87,336786
3779,0.002415,172.31.47.0-255,66,106570,87,336786
3780,0.002467,172.217.194.0-255,1484,108054,87,336786
3781,0.002478,172.217.194.0-255,2902,110956,87,336786
3782,0.00248,172.31.47.0-255,66,111022,87,336786
3783,0.002497,172.217.194.0-255,2902,113924,87,336786
3784,0.002498,172.31.47.0-255,66,113990,87,336786
3785,0.002515,172.217.194.0-255,2902,116892,87,336786
3786,0.002517,172.31.47.0-255,66,116958,87,336786
3787,0.002528,172.217.194.0-255,4320,121278,87,336786
3788,0.00253,172.31.47.0-255,66,121344,87,336786
3789,0.002548,172.31.47.0-255,66,121410,87,336786
3790,0.002552,172.217.194.0-255,2902,124312,87,336786
3791,0.002553,172.31.47.0-255,66,124378,87,336786
3792,0.002573,172.31.47.0-255,66,124444,87,336786
3793,0.005161,172.217.194.0-255,5738,130182,87,336786
3794,0.005165,172.31.47.0-255,66,130248,87,336786
3795,0.007765,172.217.194.0-255,5738,135986,87,336786
3796,0.007772,172.31.47.0-255,66,136052,87,336786
3797,0.010371,172.217.194.0-255,5738,141790,87,336786
3798,0.010378,172.31.47.0-255,66,141856,87,336786
3799,0.01298,172.217.194.0-255,5738,147594,87,336786
3800,0.01299,172.31.47.0-255,66,147660,87,336786
3801,0.015588,172.217.194.0-255,5738,153398,87,336786
3802,0.015598,172.31.47.0-255,66,153464,87,336786
3803,0.018178,172.217.194.0-255,5738,159202,87,336786
3804,0.018186,172.31.47.0-255,66,159268,87,336786
3805,0.02078,172.217.194.0-255,4320,163588,87,336786
3806,0.020788,172.31.47.0-255,66,163654,87,336786
3807,0.02082,172.217.194.0-255,1484,165138,87,336786
3808,0.022636,172.31.47.0-255,172,165310,87,336786
3809,0.022666,172.31.47.0-255,1112,166422,87,336786
3810,0.0227,172.31.47.0-255,1514,167936,87,336786
3811,0.022702,172.31.47.0-255,1292,169228,87,336786
3812,0.023389,172.217.194.0-255,4320,173548,87,336786
3813,0.023396,172.31.47.0-255,66,173614,87,336786
3814,0.0242,104.244.42.0-255,66,173680,87,336786
3815,0.024238,104.244.42.0-255,66,173746,87,336786
3816,0.024241,104.244.42.0-255,66,173812,87,336786
3817,0.025967,172.217.194.0-255,5738,179550,87,336786
3818,0.025973,172.31.47.0-255,66,179616,87,336786
3819,0.028555,172.217.194.0-255,5738,185354,87,336786
3820,0.028562,172.31.47.0-255,66,185420,87,336786
3821,0.031142,172.217.194.0-255,5738,191158,87,336786
3822,0.031148,172.31.47.0-255,66,191224,87,336786
3823,0.033719,172.217.194.0-255,5738,196962,87,336786
3824,0.033726,172.31.47.0-255,66,197028,87,336786
3825,0.036299,172.217.194.0-255,4320,201348,87,336786
3826,0.036305,172.31.47.0-255,66,201414,87,336786
3827,0.036332,172.217.194.0-255,1484,202898,87,336786
3828,0.038888,172.217.194.0-255,4320,207218,87,336786
3829,0.038892,172.31.47.0-255,66,207284,87,336786
3830,0.041459,172.217.194.0-255,5738,213022,87,336786
3831,0.041463,172.31.47.0-255,66,213088,87,336786
3832,0.044035,172.217.194.0-255,4320,217408,87,336786
3833,0.044041,172.31.47.0-255,66,217474,87,336786
3834,0.044105,172.217.194.0-255,1484,218958,87,336786
3835,0.046612,172.217.194.0-255,4320,223278,87,336786
3836,0.046617,172.31.47.0-255,66,223344,87,336786
3837,0.049196,172.217.194.0-255,5738,229082,87,336786
3838,0.049203,172.31.47.0-255,66,229148,87,336786
3839,0.051785,172.217.194.0-255,5738,234886,87,336786
3840,0.05179,172.31.47.0-255,66,234952,87,336786
3841,0.054364,172.217.194.0-255,5738,240690,87,336786
3842,0.054371,172.31.47.0-255,66,240756,87,336786
3843,0.056968,172.217.194.0-255,5738,246494,87,336786
3844,0.056975,172.31.47.0-255,66,246560,87,336786
3845,0.059535,172.217.194.0-255,5738,252298,87,336786
3846,0.05954,172.31.47.0-255,66,252364,87,336786
3847,0.062128,172.217.194.0-255,5738,258102,87,336786
3848,0.062133,172.31.47.0-255,66,258168,87,336786
3849,0.064714,172.217.194.0-255,5738,263906,87,336786
3850,0.06472,172.31.47.0-255,66,263972,87,336786
3851,0.067295,172.217.194.0-255,5738,269710,87,336786
3852,0.067299,172.31.47.0-255,66,269776,87,336786
3853,0.069877,172.217.194.0-255,5738,275514,87,336786
3854,0.069883,172.31.47.0-255,66,275580,87,336786
3855,0.072469,172.217.194.0-255,5738,281318,87,336786
3856,0.072473,172.31.47.0-255,66,281384,87,336786
3857,0.075081,172.217.194.0-255,5738,287122,87,336786
3858,0.075086,172.31.47.0-255,66,287188,87,336786
3859,0.077683,172.217.194.0-255,5738,292926,87,336786
3860,0.077688,172.31.47.0-255,66,292992,87,336786
3861,0.080289,172.217.194.0-255,5738,298730,87,336786
3862,0.080296,172.31.47.0-255,66,298796,87,336786
3863,0.082874,172.217.194.0-255,4320,303116,87,336786
3864,0.082894,172.31.47.0-255,66,303182,87,336786
3865,0.082909,172.217.194.0-255,1484,304666,87,336786
3866,0.085497,172.217.194.0-255,4320,308986,87,336786
3867,0.085501,172.31.47.0-255,66,309052,87,336786
3868,0.088084,172.217.194.0-255,5738,314790,87,336786
3869,0.088089,172.31.47.0-255,66,314856,87,336786
3870,0.090669,172.217.194.0-255,5738,320594,87,336786
3871,0.090674,172.31.47.0-255,66,320660,87,336786
3872,0.093303,172.217.194.0-255,5738,326398,87,336786
3873,0.093308,172.31.47.0-255,66,326464,87,336786
3874,0.095894,172.217.194.0-255,4320,330784,87,336786
3875,0.095898,172.31.47.0-255,66,330850,87,336786
3876,0.095927,172.217.194.0-255,1484,332334,87,336786
3877,0.098465,172.217.194.0-255,2902,335236,87,336786
3878,0.09847,172.31.47.0-255,66,335302,87,336786
3879,0.098499,172.217.194.0-255,1484,336786,87,336786
3880,0.0,172.217.194.0-255,153,153,87,207537
3881,2e-05,172.31.47.0-255,66,219,87,207537
3882,2.7e-05,172.217.194.0-255,1484,1703,87,207537
3883,3.1e-05,172.31.47.0-255,66,1769,87,207537
3884,3.6e-05,172.217.194.0-255,2902,4671,87,207537
3885,4.6e-05,172.31.47.0-255,66,4737,87,207537
3886,5.3e-05,172.217.194.0-255,7156,11893,87,207537
3887,5.6e-05,172.31.47.0-255,66,11959,87,207537
3888,6e-05,172.217.194.0-255,2175,14134,87,207537
3889,7.2e-05,172.31.47.0-255,66,14200,87,207537
3890,0.000131,172.217.194.0-255,1484,15684,87,207537
3891,0.000134,172.31.47.0-255,66,15750,87,207537
3892,0.000146,172.217.194.0-255,2902,18652,87,207537
3893,0.000152,172.31.47.0-255,66,18718,87,207537
3894,0.000157,172.217.194.0-255,4320,23038,87,207537
3895,0.000159,172.31.47.0-255,66,23104,87,207537
3896,0.000176,172.217.194.0-255,1484,24588,87,207537
3897,0.000178,172.31.47.0-255,66,24654,87,207537
3898,0.000206,172.217.194.0-255,6797,31451,87,207537
3899,0.000208,172.31.47.0-255,66,31517,87,207537
3900,0.00027,172.217.194.0-255,1484,33001,87,207537
3901,0.000273,172.31.47.0-255,66,33067,87,207537
3902,0.000305,172.217.194.0-255,1484,34551,87,207537
3903,0.000307,172.31.47.0-255,66,34617,87,207537
3904,0.000325,172.217.194.0-255,2902,37519,87,207537
3905,0.000328,172.31.47.0-255,66,37585,87,207537
3906,0.000366,172.217.194.0-255,5738,43323,87,207537
3907,0.000369,172.31.47.0-255,66,43389,87,207537
3908,0.00038,172.31.47.0-255,66,43455,87,207537
3909,0.00044,172.31.47.0-255,66,43521,87,207537
3910,0.000443,172.217.194.0-255,403,43924,87,207537
3911,0.000658,172.217.194.0-255,1484,45408,87,207537
3912,0.000662,172.31.47.0-255,66,45474,87,207537
3913,0.000668,172.217.194.0-255,2902,48376,87,207537
3914,0.000671,172.31.47.0-255,66,48442,87,207537
3915,0.000682,172.217.194.0-255,5738,54180,87,207537
3916,0.000685,172.31.47.0-255,66,54246,87,207537
3917,0.000689,172.217.194.0-255,2902,57148,87,207537
3918,0.000694,172.31.47.0-255,66,57214,87,207537
3919,0.000724,172.31.47.0-255,66,57280,87,207537
3920,0.00074,172.31.47.0-255,66,57346,87,207537
3921,0.001164,172.217.194.0-255,1484,58830,87,207537
3922,0.001179,172.217.194.0-255,2902,61732,87,207537
3923,0.001183,172.31.47.0-255,66,61798,87,207537
3924,0.001189,172.217.194.0-255,5738,67536,87,207537
3925,0.001191,172.31.47.0-255,66,67602,87,207537
3926,0.001227,172.31.47.0-255,66,67668,87,207537
3927,0.00126,172.217.194.0-255,1484,69152,87,207537
3928,0.001273,172.31.47.0-255,66,69218,87,207537
3929,0.001281,172.217.194.0-255,7156,76374,87,207537
3930,0.001283,172.31.47.0-255,66,76440,87,207537
3931,0.001325,172.31.47.0-255,66,76506,87,207537
3932,0.001337,172.31.47.0-255,66,76572,87,207537
3933,0.001376,172.31.47.0-255,66,76638,87,207537
3934,0.001379,172.217.194.0-255,766,77404,87,207537
3935,0.001407,172.217.194.0-255,1484,78888,87,207537
3936,0.00141,172.31.47.0-255,66,78954,87,207537
3937,0.001415,172.217.194.0-255,2902,81856,87,207537
3938,0.001417,172.31.47.0-255,66,81922,87,207537
3939,0.001422,172.217.194.0-255,4320,86242,87,207537
3940,0.001429,172.31.47.0-255,66,86308,87,207537
3941,0.001452,172.217.194.0-255,1484,87792,87,207537
3942,0.001465,172.31.47.0-255,66,87858,87,207537
3943,0.001486,172.217.194.0-255,2902,90760,87,207537
3944,0.001488,172.31.47.0-255,66,90826,87,207537
3945,0.001495,172.217.194.0-255,5738,96564,87,207537
3946,0.001497,172.31.47.0-255,66,96630,87,207537
3947,0.00152,172.217.194.0-255,5020,101650,87,207537
3948,0.001523,172.31.47.0-255,66,101716,87,207537
3949,0.001536,172.31.47.0-255,66,101782,87,207537
3950,0.001579,172.31.47.0-255,66,101848,87,207537
3951,0.001591,172.31.47.0-255,66,101914,87,207537
3952,0.001593,172.217.194.0-255,766,102680,87,207537
3953,0.001643,172.217.194.0-255,1484,104164,87,207537
3954,0.001645,172.31.47.0-255,66,104230,87,207537
3955,0.001651,172.217.194.0-255,4320,108550,87,207537
3956,0.001653,172.31.47.0-255,66,108616,87,207537
3957,0.001664,172.31.47.0-255,66,108682,87,207537
3958,0.001682,172.31.47.0-255,66,108748,87,207537
3959,0.001716,172.217.194.0-255,6438,115186,87,207537
3960,0.001718,172.31.47.0-255,66,115252,87,207537
3961,0.001959,172.217.194.0-255,1484,116736,87,207537
3962,0.001975,172.217.194.0-255,2902,119638,87,207537
3963,0.001978,172.31.47.0-255,66,119704,87,207537
3964,0.001985,172.217.194.0-255,5738,125442,87,207537
3965,0.001987,172.31.47.0-255,66,125508,87,207537
3966,0.001992,172.217.194.0-255,2902,128410,87,207537
3967,0.002002,172.31.47.0-255,66,128476,87,207537
3968,0.002028,172.217.194.0-255,7156,135632,87,207537
3969,0.002031,172.31.47.0-255,66,135698,87,207537
3970,0.002052,172.217.194.0-255,2902,138600,87,207537
3971,0.002054,172.31.47.0-255,66,138666,87,207537
3972,0.002059,172.217.194.0-255,2902,141568,87,207537
3973,0.002061,172.31.47.0-255,66,141634,87,207537
3974,0.002106,172.31.47.0-255,66,141700,87,207537
3975,0.002134,172.217.194.0-255,1484,143184,87,207537
3976,0.002138,172.217.194.0-255,2902,146086,87,207537
3977,0.002142,172.31.47.0-255,66,146152,87,207537
3978,0.002163,172.217.194.0-255,5738,151890,87,207537
3979,0.002165,172.31.47.0-255,66,151956,87,207537
3980,0.002204,172.31.47.0-255,66,152022,87,207537
3981,0.002211,172.217.194.0-255,7156,159178,87,207537
3982,0.002213,172.31.47.0-255,66,159244,87,207537
3983,0.002246,172.217.194.0-255,3602,162846,87,207537
3984,0.002249,172.31.47.0-255,66,162912,87,207537
3985,0.002252,172.217.194.0-255,1484,164396,87,207537
3986,0.002293,172.31.47.0-255,66,164462,87,207537
3987,0.002297,172.217.194.0-255,2902,167364,87,207537
3988,0.002298,172.31.47.0-255,66,167430,87,207537
3989,0.002333,172.217.194.0-255,5738,173168,87,207537
3990,0.002337,172.31.47.0-255,66,173234,87,207537
3991,0.00237,172.31.47.0-255,66,173300,87,207537
3992,0.004634,172.217.194.0-255,5738,179038,87,207537
3993,0.00464,172.31.47.0-255,66,179104,87,207537
3994,0.006928,172.217.194.0-255,5738,184842,87,207537
3995,0.006937,172.31.47.0-255,66,184908,87,207537
3996,0.009275,172.217.194.0-255,5738,190646,87,207537
3997,0.009287,172.31.47.0-255,66,190712,87,207537
3998,0.011581,172.217.194.0-255,5738,196450,87,207537
3999,0.011589,172.31.47.0-255,66,196516,87,207537
4000,0.013897,172.217.194.0-255,5738,202254,87,207537
4001,0.013904,172.31.47.0-255,66,202320,87,207537
4002,0.016177,172.217.194.0-255,404,202724,87,207537
4003,0.021362,172.31.47.0-255,105,202829,87,207537
4004,0.021733,172.31.47.0-255,90,202919,87,207537
4005,0.021754,172.31.47.0-255,66,202985,87,207537
4006,0.023616,172.217.194.0-255,66,203051,87,207537
4007,0.024018,172.217.194.0-255,66,203117,87,207537
4008,0.024189,172.217.194.0-255,66,203183,87,207537
4009,0.024198,172.31.47.0-255,66,203249,87,207537
4010,0.043623,172.31.47.0-255,172,203421,87,207537
4011,0.043652,172.31.47.0-255,1103,204524,87,207537
4012,0.04371,172.31.47.0-255,1514,206038,87,207537
4013,0.043731,172.31.47.0-255,1301,207339,87,207537
4014,0.045212,104.244.42.0-255,66,207405,87,207537
4015,0.045222,104.244.42.0-255,66,207471,87,207537
4016,0.045304,104.244.42.0-255,66,207537,87,207537
4017,0.0,172.217.194.0-255,146,146,87,347575
4018,3.1e-05,172.31.47.0-255,66,212,87,347575
4019,3.8e-05,172.217.194.0-255,1484,1696,87,347575
4020,4.3e-05,172.31.47.0-255,66,1762,87,347575
4021,4.7e-05,172.217.194.0-255,2902,4664,87,347575
4022,5.8e-05,172.31.47.0-255,66,4730,87,347575
4023,6.5e-05,172.217.194.0-255,7156,11886,87,347575
4024,6.9e-05,172.31.47.0-255,66,11952,87,347575
4025,7.5e-05,172.217.194.0-255,6307,18259,87,347575
4026,7.8e-05,172.31.47.0-255,66,18325,87,347575
4027,0.000118,172.217.194.0-255,2902,21227,87,347575
4028,0.000121,172.31.47.0-255,66,21293,87,347575
4029,0.000151,172.31.47.0-255,66,21359,87,347575
4030,0.000178,172.217.194.0-255,7156,28515,87,347575
4031,0.000181,172.31.47.0-255,66,28581,87,347575
4032,0.000203,172.217.194.0-255,1484,30065,87,347575
4033,0.000205,172.31.47.0-255,66,30131,87,347575
4034,0.000216,172.31.47.0-255,66,30197,87,347575
4035,0.000225,172.217.194.0-255,4320,34517,87,347575
4036,0.000227,172.31.47.0-255,66,34583,87,347575
4037,0.000264,172.31.47.0-255,66,34649,87,347575
4038,0.000267,172.217.194.0-255,98,34747,87,347575
4039,0.000269,172.31.47.0-255,66,34813,87,347575
4040,0.000337,172.217.194.0-255,1484,36297,87,347575
4041,0.00034,172.31.47.0-255,66,36363,87,347575
4042,0.000345,172.217.194.0-255,2902,39265,87,347575
4043,0.000347,172.31.47.0-255,66,39331,87,347575
4044,0.000379,172.217.194.0-255,5738,45069,87,347575
4045,0.000384,172.217.194.0-255,5738,50807,87,347575
4046,0.000385,172.31.47.0-255,66,50873,87,347575
4047,0.000389,172.31.47.0-255,66,50939,87,347575
4048,0.000428,172.217.194.0-255,4320,55259,87,347575
4049,0.000432,172.31.47.0-255,66,55325,87,347575
4050,0.000472,172.31.47.0-255,66,55391,87,347575
4051,0.000478,172.217.194.0-255,5677,61068,87,347575
4052,0.00048,172.31.47.0-255,66,61134,87,347575
4053,0.000927,172.217.194.0-255,1484,62618,87,347575
4054,0.000934,172.217.194.0-255,2902,65520,87,347575
4055,0.000938,172.31.47.0-255,66,65586,87,347575
4056,0.000944,172.217.194.0-255,5738,71324,87,347575
4057,0.000947,172.31.47.0-255,66,71390,87,347575
4058,0.000965,172.217.194.0-255,2902,74292,87,347575
4059,0.000968,172.31.47.0-255,66,74358,87,347575
4060,0.001006,172.31.47.0-255,66,74424,87,347575
4061,0.001023,172.31.47.0-255,66,74490,87,347575
4062,0.003088,172.217.194.0-255,5738,80228,87,347575
4063,0.003094,172.31.47.0-255,66,80294,87,347575
4064,0.005189,172.217.194.0-255,5738,86032,87,347575
4065,0.005196,172.31.47.0-255,66,86098,87,347575
4066,0.007255,172.217.194.0-255,5738,91836,87,347575
4067,0.007262,172.31.47.0-255,66,91902,87,347575
4068,0.009326,172.217.194.0-255,5738,97640,87,347575
4069,0.009333,172.31.47.0-255,66,97706,87,347575
4070,0.011407,172.217.194.0-255,5738,103444,87,347575
4071,0.011413,172.31.47.0-255,66,103510,87,347575
4072,0.013464,172.217.194.0-255,5738,109248,87,347575
4073,0.013471,172.31.47.0-255,66,109314,87,347575
4074,0.015528,172.217.194.0-255,5738,115052,87,347575
4075,0.015536,172.31.47.0-255,66,115118,87,347575
4076,0.017593,172.217.194.0-255,5738,120856,87,347575
4077,0.0176,172.31.47.0-255,66,120922,87,347575
4078,0.019676,172.217.194.0-255,5738,126660,87,347575
4079,0.019686,172.31.47.0-255,66,126726,87,347575
4080,0.02176,172.217.194.0-255,5738,132464,87,347575
4081,0.021767,172.31.47.0-255,66,132530,87,347575
4082,0.023811,172.217.194.0-255,5738,138268,87,347575
4083,0.02382,172.31.47.0-255,66,138334,87,347575
4084,0.025906,172.217.194.0-255,5738,144072,87,347575
4085,0.025913,172.31.47.0-255,66,144138,87,347575
4086,0.028003,172.217.194.0-255,5738,149876,87,347575
4087,0.028009,172.31.47.0-255,66,149942,87,347575
4088,0.030053,172.217.194.0-255,5738,155680,87,347575
4089,0.03006,172.31.47.0-255,66,155746,87,347575
4090,0.032127,172.217.194.0-255,5738,161484,87,347575
4091,0.032134,172.31.47.0-255,66,161550,87,347575
4092,0.034196,172.217.194.0-255,5738,167288,87,347575
4093,0.034221,172.31.47.0-255,66,167354,87,347575
4094,0.035736,172.31.47.0-255,171,167525,87,347575
4095,0.035764,172.31.47.0-255,1136,168661,87,347575
4096,0.035793,172.31.47.0-255,1514,170175,87,347575
4097,0.035795,172.31.47.0-255,1268,171443,87,347575
4098,0.03627,172.217.194.0-255,5738,177181,87,347575
4099,0.036276,172.31.47.0-255,66,177247,87,347575
4100,0.03728,104.244.42.0-255,66,177313,87,347575
4101,0.037323,104.244.42.0-255,66,177379,87,347575
4102,0.037371,104.244.42.0-255,66,177445,87,347575
4103,0.038336,172.217.194.0-255,5738,183183,87,347575
4104,0.038353,172.31.47.0-255,66,183249,87,347575
4105,0.040439,172.217.194.0-255,4320,187569,87,347575
4106,0.040443,172.31.47.0-255,66,187635,87,347575
4107,0.040476,172.217.194.0-255,1484,189119,87,347575
4108,0.042495,172.217.194.0-255,4320,193439,87,347575
4109,0.0425,172.31.47.0-255,66,193505,87,347575
4110,0.044567,172.217.194.0-255,5738,199243,87,347575
4111,0.044573,172.31.47.0-255,66,199309,87,347575
4112,0.046677,172.217.194.0-255,5738,205047,87,347575
4113,0.046683,172.31.47.0-255,66,205113,87,347575
4114,0.048755,172.217.194.0-255,5738,210851,87,347575
4115,0.04876,172.31.47.0-255,66,210917,87,347575
4116,0.050802,172.217.194.0-255,1484,212401,87,347575
4117,0.050833,172.217.194.0-255,4320,216721,87,347575
4118,0.050837,172.31.47.0-255,66,216787,87,347575
4119,0.052919,172.217.194.0-255,5738,222525,87,347575
4120,0.052925,172.31.47.0-255,66,222591,87,347575
4121,0.054973,172.217.194.0-255,5738,228329,87,347575
4122,0.054978,172.31.47.0-255,66,228395,87,347575
4123,0.057043,172.217.194.0-255,5738,234133,87,347575
4124,0.057048,172.31.47.0-255,66,234199,87,347575
4125,0.059107,172.217.194.0-255,5738,239937,87,347575
4126,0.059112,172.31.47.0-255,66,240003,87,347575
4127,0.061161,172.217.194.0-255,5738,245741,87,347575
4128,0.061166,172.31.47.0-255,66,245807,87,347575
4129,0.063235,172.217.194.0-255,5738,251545,87,347575
4130,0.06324,172.31.47.0-255,66,251611,87,347575
4131,0.065282,172.217.194.0-255,5738,257349,87,347575
4132,0.065288,172.31.47.0-255,66,257415,87,347575
4133,0.06738,172.217.194.0-255,5738,263153,87,347575
4134,0.067386,172.31.47.0-255,66,263219,87,347575
4135,0.069443,172.217.194.0-255,5738,268957,87,347575
4136,0.069449,172.31.47.0-255,66,269023,87,347575
4137,0.071513,172.217.194.0-255,5738,274761,87,347575
4138,0.071519,172.31.47.0-255,66,274827,87,347575
4139,0.07357,172.217.194.0-255,5738,280565,87,347575
4140,0.073575,172.31.47.0-255,66,280631,87,347575
4141,0.075632,172.217.194.0-255,5738,286369,87,347575
4142,0.075638,172.31.47.0-255,66,286435,87,347575
4143,0.077698,172.217.194.0-255,5738,292173,87,347575
4144,0.077704,172.31.47.0-255,66,292239,87,347575
4145,0.079764,172.217.194.0-255,4320,296559,87,347575
4146,0.079769,172.31.47.0-255,66,296625,87,347575
4147,0.079802,172.217.194.0-255,1484,298109,87,347575
4148,0.081822,172.217.194.0-255,4320,302429,87,347575
4149,0.081826,172.31.47.0-255,66,302495,87,347575
4150,0.083904,172.217.194.0-255,5738,308233,87,347575
4151,0.083909,172.31.47.0-255,66,308299,87,347575
4152,0.085954,172.217.194.0-255,4320,312619,87,347575
4153,0.085959,172.31.47.0-255,66,312685,87,347575
4154,0.08599,172.217.194.0-255,1484,314169,87,347575
4155,0.088029,172.217.194.0-255,4320,318489,87,347575
4156,0.088035,172.31.47.0-255,66,318555,87,347575
4157,0.090104,172.217.194.0-255,5738,324293,87,347575
4158,0.090109,172.31.47.0-255,66,324359,87,347575
4159,0.092172,172.217.194.0-255,5738,330097,87,347575
4160,0.092177,172.31.47.0-255,66,330163,87,347575
4161,0.09423,172.217.194.0-255,5738,335901,87,347575
4162,0.094236,172.31.47.0-255,66,335967,87,347575
4163,0.096308,172.217.194.0-255,5738,341705,87,347575
4164,0.096313,172.31.47.0-255,66,341771,87,347575
4165,0.098413,172.217.194.0-255,5738,347509,87,347575
4166,0.09842,172.31.47.0-255,66,347575,87,347575
4167,0.0,172.31.47.0-255,105,105,87,276
4168,0.074683,31.13.82.0-255,105,210,87,276
4169,0.07472,172.31.47.0-255,66,276,87,276
4170,0.0,172.31.47.0-255,66,66,87,66
4171,0.0,172.217.194.0-255,153,153,87,312588
4172,2.8e-05,172.31.47.0-255,66,219,87,312588
4173,3.4e-05,172.217.194.0-255,1484,1703,87,312588
4174,3.9e-05,172.31.47.0-255,66,1769,87,312588
4175,4.4e-05,172.217.194.0-255,2902,4671,87,312588
4176,4.6e-05,172.31.47.0-255,66,4737,87,312588
4177,5.2e-05,172.217.194.0-255,7156,11893,87,312588
4178,5.5e-05,172.31.47.0-255,66,11959,87,312588
4179,7.1e-05,172.217.194.0-255,2127,14086,87,312588
4180,7.3e-05,172.31.47.0-255,66,14152,87,312588
4181,0.000108,172.217.194.0-255,2902,17054,87,312588
4182,0.000111,172.31.47.0-255,66,17120,87,312588
4183,0.000132,172.217.194.0-255,5738,22858,87,312588
4184,0.000135,172.31.47.0-255,66,22924,87,312588
4185,0.000174,172.31.47.0-255,66,22990,87,312588
4186,0.000177,172.217.194.0-255,2902,25892,87,312588
4187,0.000179,172.31.47.0-255,66,25958,87,312588
4188,0.000201,172.31.47.0-255,66,26024,87,312588
4189,0.000219,172.217.194.0-255,1125,27149,87,312588
4190,0.000221,172.31.47.0-255,66,27215,87,312588
4191,0.000932,172.217.194.0-255,1484,28699,87,312588
4192,0.000937,172.31.47.0-255,66,28765,87,312588
4193,0.000946,172.217.194.0-255,2902,31667,87,312588
4194,0.000948,172.31.47.0-255,66,31733,87,312588
4195,0.000965,172.217.194.0-255,5738,37471,87,312588
4196,0.000967,172.31.47.0-255,66,37537,87,312588
4197,0.000969,172.217.194.0-255,1484,39021,87,312588
4198,0.000971,172.31.47.0-255,66,39087,87,312588
4199,0.001012,172.217.194.0-255,2902,41989,87,312588
4200,0.001015,172.31.47.0-255,66,42055,87,312588
4201,0.001032,172.217.194.0-255,2543,44598,87,312588
4202,0.001034,172.31.47.0-255,66,44664,87,312588
4203,0.001253,172.217.194.0-255,646,45310,87,312588
4204,0.001431,172.217.194.0-255,1484,46794,87,312588
4205,0.001434,172.31.47.0-255,66,46860,87,312588
4206,0.001457,172.217.194.0-255,1484,48344,87,312588
4207,0.001469,172.217.194.0-255,1484,49828,87,312588
4208,0.001471,172.31.47.0-255,66,49894,87,312588
4209,0.001477,172.217.194.0-255,5738,55632,87,312588
4210,0.001479,172.31.47.0-255,66,55698,87,312588
4211,0.0015,172.217.194.0-255,5738,61436,87,312588
4212,0.001501,172.31.47.0-255,66,61502,87,312588
4213,0.00151,172.217.194.0-255,1484,62986,87,312588
4214,0.001513,172.217.194.0-255,1484,64470,87,312588
4215,0.001514,172.31.47.0-255,66,64536,87,312588
4216,0.001539,172.31.47.0-255,66,64602,87,312588
4217,0.001554,172.217.194.0-255,2184,66786,87,312588
4218,0.001557,172.31.47.0-255,66,66852,87,312588
4219,0.001667,172.217.194.0-255,1484,68336,87,312588
4220,0.001671,172.217.194.0-255,2902,71238,87,312588
4221,0.001673,172.31.47.0-255,66,71304,87,312588
4222,0.001677,172.217.194.0-255,4320,75624,87,312588
4223,0.001679,172.31.47.0-255,66,75690,87,312588
4224,0.001689,172.217.194.0-255,1484,77174,87,312588
4225,0.001702,172.217.194.0-255,5738,82912,87,312588
4226,0.001704,172.31.47.0-255,66,82978,87,312588
4227,0.001722,172.217.194.0-255,5738,88716,87,312588
4228,0.001724,172.31.47.0-255,66,88782,87,312588
4229,0.001735,172.217.194.0-255,2902,91684,87,312588
4230,0.001736,172.31.47.0-255,66,91750,87,312588
4231,0.001756,172.31.47.0-255,66,91816,87,312588
4232,0.001791,172.217.194.0-255,1484,93300,87,312588
4233,0.001804,172.217.194.0-255,1484,94784,87,312588
4234,0.001805,172.31.47.0-255,66,94850,87,312588
4235,0.001821,172.217.194.0-255,1484,96334,87,312588
4236,0.001826,172.217.194.0-255,4320,100654,87,312588
4237,0.001828,172.31.47.0-255,66,100720,87,312588
4238,0.001837,172.217.194.0-255,1484,102204,87,312588
4239,0.001842,172.217.194.0-255,4320,106524,87,312588
4240,0.001844,172.31.47.0-255,66,106590,87,312588
4241,0.001856,172.217.194.0-255,1484,108074,87,312588
4242,0.001865,172.31.47.0-255,66,108140,87,312588
4243,0.001877,172.217.194.0-255,4320,112460,87,312588
4244,0.001879,172.31.47.0-255,66,112526,87,312588
4245,0.001882,172.217.194.0-255,2902,115428,87,312588
4246,0.001884,172.31.47.0-255,66,115494,87,312588
4247,0.001905,172.217.194.0-255,2184,117678,87,312588
4248,0.001907,172.31.47.0-255,66,117744,87,312588
4249,0.001909,172.217.194.0-255,1484,119228,87,312588
4250,0.001926,172.217.194.0-255,4320,123548,87,312588
4251,0.001928,172.31.47.0-255,66,123614,87,312588
4252,0.001941,172.217.194.0-255,1484,125098,87,312588
4253,0.001952,172.217.194.0-255,4320,129418,87,312588
4254,0.001954,172.31.47.0-255,66,129484,87,312588
4255,0.001968,172.217.194.0-255,4320,133804,87,312588
4256,0.00197,172.31.47.0-255,66,133870,87,312588
4257,0.001975,172.217.194.0-255,2902,136772,87,312588
4258,0.001977,172.31.47.0-255,66,136838,87,312588
4259,0.002007,172.31.47.0-255,66,136904,87,312588
4260,0.002025,172.217.194.0-255,2902,139806,87,312588
4261,0.002028,172.31.47.0-255,66,139872,87,312588
4262,0.00203,172.217.194.0-255,766,140638,87,312588
4263,0.002069,172.217.194.0-255,1484,142122,87,312588
4264,0.002071,172.31.47.0-255,66,142188,87,312588
4265,0.002075,172.217.194.0-255,2902,145090,87,312588
4266,0.002077,172.31.47.0-255,66,145156,87,312588
4267,0.002098,172.217.194.0-255,5738,150894,87,312588
4268,0.0021,172.31.47.0-255,66,150960,87,312588
4269,0.002128,172.31.47.0-255,66,151026,87,312588
4270,0.00214,172.31.47.0-255,66,151092,87,312588
4271,0.00216,172.217.194.0-255,1484,152576,87,312588
4272,0.002184,172.31.47.0-255,66,152642,87,312588
4273,0.002195,172.217.194.0-255,7156,159798,87,312588
4274,0.002198,172.31.47.0-255,66,159864,87,312588
4275,0.002256,172.217.194.0-255,1484,161348,87,312588
4276,0.00228,172.31.47.0-255,66,161414,87,312588
4277,0.002298,172.217.194.0-255,2184,163598,87,312588
4278,0.0023,172.31.47.0-255,66,163664,87,312588
4279,0.002304,172.217.194.0-255,2902,166566,87,312588
4280,0.002306,172.31.47.0-255,66,166632,87,312588
4281,0.002311,172.217.194.0-255,4320,170952,87,312588
4282,0.002314,172.31.47.0-255,66,171018,87,312588
4283,0.002319,172.217.194.0-255,5738,176756,87,312588
4284,0.002322,172.31.47.0-255,66,176822,87,312588
4285,0.002335,172.217.194.0-255,2902,179724,87,312588
4286,0.002337,172.31.47.0-255,66,179790,87,312588
4287,0.002343,172.217.194.0-255,5738,185528,87,312588
4288,0.002345,172.31.47.0-255,66,185594,87,312588
4289,0.002357,172.217.194.0-255,2902,188496,87,312588
4290,0.002359,172.31.47.0-255,66,188562,87,312588
4291,0.004642,172.217.194.0-255,1484,190046,87,312588
4292,0.004662,172.217.194.0-255,4320,194366,87,312588
4293,0.004664,172.31.47.0-255,66,194432,87,312588
4294,0.006951,172.217.194.0-255,5738,200170,87,312588
4295,0.006955,172.31.47.0-255,66,200236,87,312588
4296,0.009253,172.217.194.0-255,5738,205974,87,312588
4297,0.009267,172.31.47.0-255,66,206040,87,312588
4298,0.011575,172.217.194.0-255,5738,211778,87,312588
4299,0.011585,172.31.47.0-255,66,211844,87,312588
4300,0.013869,172.217.194.0-255,5738,217582,87,312588
4301,0.013878,172.31.47.0-255,66,217648,87,312588
4302,0.016187,172.217.194.0-255,5738,223386,87,312588
4303,0.016199,172.31.47.0-255,66,223452,87,312588
4304,0.018498,172.217.194.0-255,5738,229190,87,312588
4305,0.018511,172.31.47.0-255,66,229256,87,312588
4306,0.020701,172.31.47.0-255,166,229422,87,312588
4307,0.020738,172.31.47.0-255,1135,230557,87,312588
4308,0.020806,172.31.47.0-255,1514,232071,87,312588
4309,0.020808,172.31.47.0-255,1269,233340,87,312588
4310,0.020816,172.217.194.0-255,5738,239078,87,312588
4311,0.020821,172.31.47.0-255,66,239144,87,312588
4312,0.022261,104.244.42.0-255,66,239210,87,312588
4313,0.022267,104.244.42.0-255,66,239276,87,312588
4314,0.022353,104.244.42.0-255,66,239342,87,312588
4315,0.023088,172.217.194.0-255,5738,245080,87,312588
4316,0.023094,172.31.47.0-255,66,245146,87,312588
4317,0.025373,172.217.194.0-255,4320,249466,87,312588
4318,0.025379,172.31.47.0-255,66,249532,87,312588
4319,0.025408,172.217.194.0-255,1484,251016,87,312588
4320,0.027662,172.217.194.0-255,4320,255336,87,312588
4321,0.027668,172.31.47.0-255,66,255402,87,312588
4322,0.029963,172.217.194.0-255,5738,261140,87,312588
4323,0.029969,172.31.47.0-255,66,261206,87,312588
4324,0.032252,172.217.194.0-255,5738,266944,87,312588
4325,0.032256,172.31.47.0-255,66,267010,87,312588
4326,0.034528,172.217.194.0-255,4320,271330,87,312588
4327,0.034535,172.31.47.0-255,66,271396,87,312588
4328,0.03455,172.217.194.0-255,1484,272880,87,312588
4329,0.036822,172.217.194.0-255,4320,277200,87,312588
4330,0.036828,172.31.47.0-255,66,277266,87,312588
4331,0.039094,172.217.194.0-255,4320,281586,87,312588
4332,0.039099,172.31.47.0-255,66,281652,87,312588
4333,0.039126,172.217.194.0-255,1484,283136,87,312588
4334,0.041388,172.217.194.0-255,4320,287456,87,312588
4335,0.041392,172.31.47.0-255,66,287522,87,312588
4336,0.04369,172.217.194.0-255,5738,293260,87,312588
4337,0.043695,172.31.47.0-255,66,293326,87,312588
4338,0.045989,172.217.194.0-255,4320,297646,87,312588
4339,0.045993,172.31.47.0-255,66,297712,87,312588
4340,0.046019,172.217.194.0-255,1484,299196,87,312588
4341,0.048276,172.217.194.0-255,4320,303516,87,312588
4342,0.048281,172.31.47.0-255,66,303582,87,312588
4343,0.050572,172.217.194.0-255,2902,306484,87,312588
4344,0.050577,172.31.47.0-255,66,306550,87,312588
4345,0.050603,172.217.194.0-255,2902,309452,87,312588
4346,0.050605,172.31.47.0-255,66,309518,87,312588
4347,0.052852,172.217.194.0-255,2833,312351,87,312588
4348,0.052856,172.31.47.0-255,66,312417,87,312588
4349,0.052997,172.31.47.0-255,105,312522,87,312588
4350,0.055245,172.217.194.0-255,66,312588,87,312588
4351,0.0,74.125.200.0-255,153,153,87,331008
4352,2.1e-05,172.31.47.0-255,66,219,87,331008
4353,2.8e-05,74.125.200.0-255,1484,1703,87,331008
4354,3.2e-05,172.31.47.0-255,66,1769,87,331008
4355,4.5e-05,74.125.200.0-255,2902,4671,87,331008
4356,4.9e-05,172.31.47.0-255,66,4737,87,331008
4357,5.3e-05,74.125.200.0-255,2902,7639,87,331008
4358,5.6e-05,172.31.47.0-255,66,7705,87,331008
4359,6.3e-05,74.125.200.0-255,4320,12025,87,331008
4360,6.5e-05,172.31.47.0-255,66,12091,87,331008
4361,0.000115,172.31.47.0-255,66,12157,87,331008
4362,0.000121,74.125.200.0-255,4320,16477,87,331008
4363,0.000124,172.31.47.0-255,66,16543,87,331008
4364,0.000154,74.125.200.0-255,5379,21922,87,331008
4365,0.000157,172.31.47.0-255,66,21988,87,331008
4366,0.000271,74.125.200.0-255,1484,23472,87,331008
4367,0.000275,172.31.47.0-255,66,23538,87,331008
4368,0.00028,74.125.200.0-255,2902,26440,87,331008
4369,0.000282,172.31.47.0-255,66,26506,87,331008
4370,0.000287,74.125.200.0-255,2902,29408,87,331008
4371,0.000289,172.31.47.0-255,66,29474,87,331008
4372,0.000298,74.125.200.0-255,1484,30958,87,331008
4373,0.000299,172.31.47.0-255,66,31024,87,331008
4374,0.000329,74.125.200.0-255,2902,33926,87,331008
4375,0.000332,172.31.47.0-255,66,33992,87,331008
4376,0.000338,74.125.200.0-255,4320,38312,87,331008
4377,0.00034,172.31.47.0-255,66,38378,87,331008
4378,0.000379,74.125.200.0-255,5379,43757,87,331008
4379,0.000383,172.31.47.0-255,66,43823,87,331008
4380,0.000388,74.125.200.0-255,4320,48143,87,331008
4381,0.000391,172.31.47.0-255,66,48209,87,331008
4382,0.000428,74.125.200.0-255,108,48317,87,331008
4383,0.0006,172.31.47.0-255,66,48383,87,331008
4384,0.000628,74.125.200.0-255,333,48716,87,331008
4385,0.000763,74.125.200.0-255,1484,50200,87,331008
4386,0.000782,74.125.200.0-255,2902,53102,87,331008
4387,0.000802,172.31.47.0-255,66,53168,87,331008
4388,0.000807,74.125.200.0-255,1484,54652,87,331008
4389,0.000809,74.125.200.0-255,1484,56136,87,331008
4390,0.000816,172.31.47.0-255,66,56202,87,331008
4391,0.000833,74.125.200.0-255,1484,57686,87,331008
4392,0.000844,74.125.200.0-255,5738,63424,87,331008
4393,0.000848,74.125.200.0-255,2543,65967,87,331008
4394,0.000893,74.125.200.0-255,2902,68869,87,331008
4395,0.0009,74.125.200.0-255,5738,74607,87,331008
4396,0.00092,172.31.47.0-255,66,74673,87,331008
4397,0.000928,74.125.200.0-255,7156,81829,87,331008
4398,0.00093,74.125.200.0-255,1125,82954,87,331008
4399,0.000968,172.31.47.0-255,66,83020,87,331008
4400,0.001175,74.125.200.0-255,1484,84504,87,331008
4401,0.001182,74.125.200.0-255,2902,87406,87,331008
4402,0.001186,172.31.47.0-255,66,87472,87,331008
4403,0.001193,74.125.200.0-255,5738,93210,87,331008
4404,0.00123,74.125.200.0-255,1484,94694,87,331008
4405,0.001249,74.125.200.0-255,5738,100432,87,331008
4406,0.001295,172.31.47.0-255,66,100498,87,331008
4407,0.00137,74.125.200.0-255,1484,101982,87,331008
4408,0.001378,74.125.200.0-255,2902,104884,87,331008
4409,0.001395,74.125.200.0-255,5738,110622,87,331008
4410,0.001399,74.125.200.0-255,2902,113524,87,331008
4411,0.001402,172.31.47.0-255,66,113590,87,331008
4412,0.001434,74.125.200.0-255,4320,117910,87,331008
4413,0.001449,74.125.200.0-255,1484,119394,87,331008
4414,0.001472,74.125.200.0-255,6438,125832,87,331008
4415,0.001479,172.31.47.0-255,66,125898,87,331008
4416,0.001505,74.125.200.0-255,1484,127382,87,331008
4417,0.001509,74.125.200.0-255,2902,130284,87,331008
4418,0.001533,74.125.200.0-255,5738,136022,87,331008
4419,0.001537,172.31.47.0-255,66,136088,87,331008
4420,0.00158,74.125.200.0-255,1484,137572,87,331008
4421,0.001585,74.125.200.0-255,4320,141892,87,331008
4422,0.001588,172.31.47.0-255,66,141958,87,331008
4423,0.001592,172.31.47.0-255,66,142024,87,331008
4424,0.001637,172.31.47.0-255,66,142090,87,331008
4425,0.001859,74.125.200.0-255,1484,143574,87,331008
4426,0.001878,74.125.200.0-255,2902,146476,87,331008
4427,0.001881,172.31.47.0-255,66,146542,87,331008
4428,0.001884,74.125.200.0-255,1484,148026,87,331008
4429,0.001908,74.125.200.0-255,4320,152346,87,331008
4430,0.001916,172.31.47.0-255,66,152412,87,331008
4431,0.001928,74.125.200.0-255,4320,156732,87,331008
4432,0.001947,74.125.200.0-255,5738,162470,87,331008
4433,0.001967,172.31.47.0-255,66,162536,87,331008
4434,0.001975,74.125.200.0-255,2902,165438,87,331008
4435,0.001988,74.125.200.0-255,2184,167622,87,331008
4436,0.001995,172.31.47.0-255,66,167688,87,331008
4437,0.002158,74.125.200.0-255,1484,169172,87,331008
4438,0.002163,74.125.200.0-255,2902,172074,87,331008
4439,0.002166,172.31.47.0-255,66,172140,87,331008
4440,0.002197,74.125.200.0-255,5738,177878,87,331008
4441,0.002212,74.125.200.0-255,4320,182198,87,331008
4442,0.002215,172.31.47.0-255,66,182264,87,331008
4443,0.002219,172.31.47.0-255,66,182330,87,331008
4444,0.002257,74.125.200.0-255,1484,183814,87,331008
4445,0.00229,74.125.200.0-255,3602,187416,87,331008
4446,0.002295,74.125.200.0-255,5738,193154,87,331008
4447,0.003367,172.31.47.0-255,66,193220,87,331008
4448,0.005641,74.125.200.0-255,5738,198958,87,331008
4449,0.005647,172.31.47.0-255,66,199024,87,331008
4450,0.007912,74.125.200.0-255,5738,204762,87,331008
4451,0.00792,172.31.47.0-255,66,204828,87,331008
4452,0.010201,74.125.200.0-255,5738,210566,87,331008
4453,0.010209,172.31.47.0-255,66,210632,87,331008
4454,0.012475,74.125.200.0-255,5738,216370,87,331008
4455,0.012487,172.31.47.0-255,66,216436,87,331008
4456,0.014749,74.125.200.0-255,5738,222174,87,331008
4457,0.014758,172.31.47.0-255,66,222240,87,331008
4458,0.017017,74.125.200.0-255,5738,227978,87,331008
4459,0.017025,172.31.47.0-255,66,228044,87,331008
4460,0.01929,74.125.200.0-255,5738,233782,87,331008
4461,0.019296,172.31.47.0-255,66,233848,87,331008
4462,0.021551,74.125.200.0-255,5738,239586,87,331008
4463,0.021557,172.31.47.0-255,66,239652,87,331008
4464,0.023811,74.125.200.0-255,5738,245390,87,331008
4465,0.023817,172.31.47.0-255,66,245456,87,331008
4466,0.025338,172.31.47.0-255,171,245627,87,331008
4467,0.025369,172.31.47.0-255,1137,246764,87,331008
4468,0.025429,172.31.47.0-255,1514,248278,87,331008
4469,0.02543,172.31.47.0-255,1267,249545,87,331008
4470,0.026071,74.125.200.0-255,5738,255283,87,331008
4471,0.026078,172.31.47.0-255,66,255349,87,331008
4472,0.026884,104.244.42.0-255,66,255415,87,331008
4473,0.026913,104.244.42.0-255,66,255481,87,331008
4474,0.027004,104.244.42.0-255,66,255547,87,331008
4475,0.028338,74.125.200.0-255,5738,261285,87,331008
4476,0.028343,172.31.47.0-255,66,261351,87,331008
4477,0.030601,74.125.200.0-255,5738,267089,87,331008
4478,0.030606,172.31.47.0-255,66,267155,87,331008
4479,0.032875,74.125.200.0-255,5738,272893,87,331008
4480,0.032879,172.31.47.0-255,66,272959,87,331008
4481,0.035132,74.125.200.0-255,5738,278697,87,331008
4482,0.035138,172.31.47.0-255,66,278763,87,331008
4483,0.037398,74.125.200.0-255,5738,284501,87,331008
4484,0.037403,172.31.47.0-255,66,284567,87,331008
4485,0.039659,74.125.200.0-255,5738,290305,87,331008
4486,0.039666,172.31.47.0-255,66,290371,87,331008
4487,0.041934,74.125.200.0-255,5738,296109,87,331008
4488,0.04194,172.31.47.0-255,66,296175,87,331008
4489,0.0442,74.125.200.0-255,5738,301913,87,331008
4490,0.044208,172.31.47.0-255,66,301979,87,331008
4491,0.046512,74.125.200.0-255,5738,307717,87,331008
4492,0.046519,172.31.47.0-255,66,307783,87,331008
4493,0.048781,74.125.200.0-255,5738,313521,87,331008
4494,0.048787,172.31.47.0-255,66,313587,87,331008
4495,0.051044,74.125.200.0-255,5738,319325,87,331008
4496,0.051049,172.31.47.0-255,66,319391,87,331008
4497,0.053312,74.125.200.0-255,5738,325129,87,331008
4498,0.053319,172.31.47.0-255,66,325195,87,331008
4499,0.055581,74.125.200.0-255,5576,330771,87,331008
4500,0.055588,172.31.47.0-255,66,330837,87,331008
4501,0.055785,172.31.47.0-255,105,330942,87,331008
4502,0.058006,74.125.200.0-255,66,331008,87,331008
4503,0.0,74.125.68.0-255,152,152,87,268357
4504,2.5e-05,172.31.47.0-255,66,218,87,268357
4505,3.2e-05,74.125.68.0-255,1484,1702,87,268357
4506,3.6e-05,172.31.47.0-255,66,1768,87,268357
4507,3.8e-05,74.125.68.0-255,1484,3252,87,268357
4508,4e-05,172.31.47.0-255,66,3318,87,268357
4509,6.5e-05,74.125.68.0-255,2902,6220,87,268357
4510,6.8e-05,172.31.47.0-255,66,6286,87,268357
4511,7.4e-05,74.125.68.0-255,5738,12024,87,268357
4512,7.6e-05,172.31.47.0-255,66,12090,87,268357
4513,9.9e-05,74.125.68.0-255,2139,14229,87,268357
4514,0.000101,172.31.47.0-255,66,14295,87,268357
4515,0.000154,74.125.68.0-255,1484,15779,87,268357
4516,0.000158,172.31.47.0-255,66,15845,87,268357
4517,0.000163,74.125.68.0-255,1484,17329,87,268357
4518,0.000165,172.31.47.0-255,66,17395,87,268357
4519,0.000179,74.125.68.0-255,1484,18879,87,268357
4520,0.000182,172.31.47.0-255,66,18945,87,268357
4521,0.000188,74.125.68.0-255,5738,24683,87,268357
4522,0.00019,172.31.47.0-255,66,24749,87,268357
4523,0.000218,74.125.68.0-255,6797,31546,87,268357
4524,0.00022,172.31.47.0-255,66,31612,87,268357
4525,0.000232,74.125.68.0-255,1484,33096,87,268357
4526,0.000234,172.31.47.0-255,66,33162,87,268357
4527,0.00025,74.125.68.0-255,2902,36064,87,268357
4528,0.000252,172.31.47.0-255,66,36130,87,268357
4529,0.000278,74.125.68.0-255,5738,41868,87,268357
4530,0.000282,172.31.47.0-255,66,41934,87,268357
4531,0.000301,74.125.68.0-255,6797,48731,87,268357
4532,0.000304,172.31.47.0-255,66,48797,87,268357
4533,0.000344,74.125.68.0-255,2902,51699,87,268357
4534,0.000348,172.31.47.0-255,66,51765,87,268357
4535,0.000352,74.125.68.0-255,2902,54667,87,268357
4536,0.000357,172.31.47.0-255,66,54733,87,268357
4537,0.000365,74.125.68.0-255,1484,56217,87,268357
4538,0.000404,74.125.68.0-255,1125,57342,87,268357
4539,0.000405,172.31.47.0-255,66,57408,87,268357
4540,0.000423,74.125.68.0-255,679,58087,87,268357
4541,0.000437,172.31.47.0-255,66,58153,87,268357
4542,0.000611,74.125.68.0-255,1484,59637,87,268357
4543,0.000629,74.125.68.0-255,2902,62539,87,268357
4544,0.000633,74.125.68.0-255,2902,65441,87,268357
4545,0.000642,172.31.47.0-255,66,65507,87,268357
4546,0.000648,74.125.68.0-255,2902,68409,87,268357
4547,0.000659,172.31.47.0-255,66,68475,87,268357
4548,0.000678,74.125.68.0-255,7156,75631,87,268357
4549,0.000682,172.31.47.0-255,66,75697,87,268357
4550,0.000699,74.125.68.0-255,4320,80017,87,268357
4551,0.000702,172.31.47.0-255,66,80083,87,268357
4552,0.000743,172.31.47.0-255,66,80149,87,268357
4553,0.000776,74.125.68.0-255,2184,82333,87,268357
4554,0.000784,172.31.47.0-255,66,82399,87,268357
4555,0.000827,74.125.68.0-255,1484,83883,87,268357
4556,0.000848,74.125.68.0-255,2902,86785,87,268357
4557,0.000853,74.125.68.0-255,4320,91105,87,268357
4558,0.000854,172.31.47.0-255,66,91171,87,268357
4559,0.000869,172.31.47.0-255,66,91237,87,268357
4560,0.000871,74.125.68.0-255,1484,92721,87,268357
4561,0.000895,74.125.68.0-255,7156,99877,87,268357
4562,0.000898,172.31.47.0-255,66,99943,87,268357
4563,0.000904,74.125.68.0-255,7156,107099,87,268357
4564,0.000914,172.31.47.0-255,66,107165,87,268357
4565,0.000918,74.125.68.0-255,4320,111485,87,268357
4566,0.000931,172.31.47.0-255,66,111551,87,268357
4567,0.000937,74.125.68.0-255,4320,115871,87,268357
4568,0.00094,74.125.68.0-255,766,116637,87,268357
4569,0.000944,172.31.47.0-255,66,116703,87,268357
4570,0.001074,74.125.68.0-255,1484,118187,87,268357
4571,0.001097,74.125.68.0-255,2902,121089,87,268357
4572,0.001101,172.31.47.0-255,66,121155,87,268357
4573,0.001105,74.125.68.0-255,1484,122639,87,268357
4574,0.001109,74.125.68.0-255,2902,125541,87,268357
4575,0.001114,172.31.47.0-255,66,125607,87,268357
4576,0.001136,74.125.68.0-255,5738,131345,87,268357
4577,0.001141,172.31.47.0-255,66,131411,87,268357
4578,0.001172,74.125.68.0-255,1484,132895,87,268357
4579,0.001175,172.31.47.0-255,66,132961,87,268357
4580,0.001199,74.125.68.0-255,1484,134445,87,268357
4581,0.001215,172.31.47.0-255,66,134511,87,268357
4582,0.001219,172.31.47.0-255,66,134577,87,268357
4583,0.001252,74.125.68.0-255,1484,136061,87,268357
4584,0.001271,172.31.47.0-255,66,136127,87,268357
4585,0.001298,74.125.68.0-255,1484,137611,87,268357
4586,0.001303,172.31.47.0-255,66,137677,87,268357
4587,0.001315,74.125.68.0-255,5738,143415,87,268357
4588,0.001318,172.31.47.0-255,66,143481,87,268357
4589,0.001358,74.125.68.0-255,5020,148501,87,268357
4590,0.001364,172.31.47.0-255,66,148567,87,268357
4591,0.001449,74.125.68.0-255,1484,150051,87,268357
4592,0.001454,74.125.68.0-255,2902,152953,87,268357
4593,0.001457,172.31.47.0-255,66,153019,87,268357
4594,0.001472,74.125.68.0-255,2902,155921,87,268357
4595,0.001477,172.31.47.0-255,66,155987,87,268357
4596,0.001485,74.125.68.0-255,2902,158889,87,268357
4597,0.001488,172.31.47.0-255,66,158955,87,268357
4598,0.001506,74.125.68.0-255,2902,161857,87,268357
4599,0.001511,172.31.47.0-255,66,161923,87,268357
4600,0.001539,74.125.68.0-255,5738,167661,87,268357
4601,0.001539,172.31.47.0-255,66,167727,87,268357
4602,0.001543,172.31.47.0-255,66,167793,87,268357
4603,0.001561,74.125.68.0-255,6438,174231,87,268357
4604,0.001565,172.31.47.0-255,66,174297,87,268357
4605,0.001732,74.125.68.0-255,1484,175781,87,268357
4606,0.001736,74.125.68.0-255,1484,177265,87,268357
4607,0.00174,172.31.47.0-255,66,177331,87,268357
4608,0.001751,74.125.68.0-255,1484,178815,87,268357
4609,0.001753,74.125.68.0-255,1484,180299,87,268357
4610,0.001757,74.125.68.0-255,2902,183201,87,268357
4611,0.001767,172.31.47.0-255,66,183267,87,268357
4612,0.001776,74.125.68.0-255,4320,187587,87,268357
4613,0.001786,172.31.47.0-255,66,187653,87,268357
4614,0.001792,74.125.68.0-255,1484,189137,87,268357
4615,0.001812,74.125.68.0-255,5738,194875,87,268357
4616,0.00182,172.31.47.0-255,66,194941,87,268357
4617,0.001826,74.125.68.0-255,5738,200679,87,268357
4618,0.001833,172.31.47.0-255,66,200745,87,268357
4619,0.001866,74.125.68.0-255,2902,203647,87,268357
4620,0.001871,172.31.47.0-255,66,203713,87,268357
4621,0.001884,172.31.47.0-255,66,203779,87,268357
4622,0.001891,74.125.68.0-255,1484,205263,87,268357
4623,0.001915,74.125.68.0-255,7156,212419,87,268357
4624,0.001915,172.31.47.0-255,66,212485,87,268357
4625,0.001919,172.31.47.0-255,66,212551,87,268357
4626,0.001973,172.31.47.0-255,66,212617,87,268357
4627,0.001974,74.125.68.0-255,3602,216219,87,268357
4628,0.001976,172.31.47.0-255,66,216285,87,268357
4629,0.001978,74.125.68.0-255,4320,220605,87,268357
4630,0.001985,172.31.47.0-255,66,220671,87,268357
4631,0.001998,74.125.68.0-255,2902,223573,87,268357
4632,0.002007,172.31.47.0-255,66,223639,87,268357
4633,0.002027,74.125.68.0-255,7156,230795,87,268357
4634,0.002031,74.125.68.0-255,4320,235115,87,268357
4635,0.002035,172.31.47.0-255,66,235181,87,268357
4636,0.002072,74.125.68.0-255,5738,240919,87,268357
4637,0.002076,172.31.47.0-255,66,240985,87,268357
4638,0.002104,172.31.47.0-255,66,241051,87,268357
4639,0.002132,172.31.47.0-255,66,241117,87,268357
4640,0.002147,74.125.68.0-255,1484,242601,87,268357
4641,0.002165,74.125.68.0-255,5738,248339,87,268357
4642,0.002169,172.31.47.0-255,66,248405,87,268357
4643,0.002196,74.125.68.0-255,2184,250589,87,268357
4644,0.002206,172.31.47.0-255,66,250655,87,268357
4645,0.002235,74.125.68.0-255,7156,257811,87,268357
4646,0.002244,172.31.47.0-255,66,257877,87,268357
4647,0.002273,172.31.47.0-255,66,257943,87,268357
4648,0.002282,74.125.68.0-255,2902,260845,87,268357
4649,0.002294,172.31.47.0-255,66,260911,87,268357
4650,0.002328,74.125.68.0-255,1484,262395,87,268357
4651,0.002335,172.31.47.0-255,66,262461,87,268357
4652,0.004583,74.125.68.0-255,1369,263830,87,268357
4653,0.011668,172.31.47.0-255,66,263896,87,268357
4654,0.011695,172.31.47.0-255,105,264001,87,268357
4655,0.013927,74.125.68.0-255,66,264067,87,268357
4656,0.042968,172.31.47.0-255,172,264239,87,268357
4657,0.042998,172.31.47.0-255,1103,265342,87,268357
4658,0.043034,172.31.47.0-255,1514,266856,87,268357
4659,0.043036,172.31.47.0-255,1303,268159,87,268357
4660,0.044479,104.244.42.0-255,66,268225,87,268357
4661,0.04454,104.244.42.0-255,66,268291,87,268357
4662,0.044544,104.244.42.0-255,66,268357,87,268357
4663,0.0,172.217.194.0-255,153,153,87,255159
4664,2.4e-05,172.31.47.0-255,66,219,87,255159
4665,3e-05,172.217.194.0-255,1484,1703,87,255159
4666,3.4e-05,172.31.47.0-255,66,1769,87,255159
4667,3.8e-05,172.217.194.0-255,2902,4671,87,255159
4668,4.1e-05,172.31.47.0-255,66,4737,87,255159
4669,5.1e-05,172.217.194.0-255,1484,6221,87,255159
4670,5.3e-05,172.31.47.0-255,66,6287,87,255159
4671,5.9e-05,172.217.194.0-255,4320,10607,87,255159
4672,6.1e-05,172.31.47.0-255,66,10673,87,255159
4673,8.7e-05,172.217.194.0-255,1484,12157,87,255159
4674,9e-05,172.31.47.0-255,66,12223,87,255159
4675,9.5e-05,172.217.194.0-255,1939,14162,87,255159
4676,9.7e-05,172.31.47.0-255,66,14228,87,255159
4677,0.000151,172.217.194.0-255,1484,15712,87,255159
4678,0.000154,172.31.47.0-255,66,15778,87,255159
4679,0.000161,172.217.194.0-255,2902,18680,87,255159
4680,0.000163,172.31.47.0-255,66,18746,87,255159
4681,0.000182,172.217.194.0-255,4320,23066,87,255159
4682,0.00019,172.31.47.0-255,66,23132,87,255159
4683,0.000201,172.217.194.0-255,1484,24616,87,255159
4684,0.000203,172.31.47.0-255,66,24682,87,255159
4685,0.000216,172.217.194.0-255,6797,31479,87,255159
4686,0.000219,172.31.47.0-255,66,31545,87,255159
4687,0.000248,172.217.194.0-255,2902,34447,87,255159
4688,0.000252,172.31.47.0-255,66,34513,87,255159
4689,0.000261,172.217.194.0-255,2902,37415,87,255159
4690,0.000264,172.31.47.0-255,66,37481,87,255159
4691,0.000278,172.217.194.0-255,1484,38965,87,255159
4692,0.000281,172.31.47.0-255,66,39031,87,255159
4693,0.000294,172.217.194.0-255,7156,46187,87,255159
4694,0.000297,172.31.47.0-255,66,46253,87,255159
4695,0.000332,172.217.194.0-255,1484,47737,87,255159
4696,0.000336,172.217.194.0-255,1125,48862,87,255159
4697,0.000339,172.31.47.0-255,66,48928,87,255159
4698,0.00043,172.217.194.0-255,1484,50412,87,255159
4699,0.000434,172.217.194.0-255,2902,53314,87,255159
4700,0.000437,172.31.47.0-255,66,53380,87,255159
4701,0.00047,172.217.194.0-255,5738,59118,87,255159
4702,0.000474,172.31.47.0-255,66,59184,87,255159
4703,0.000512,172.217.194.0-255,5738,64922,87,255159
4704,0.000515,172.31.47.0-255,66,64988,87,255159
4705,0.000541,172.217.194.0-255,1705,66693,87,255159
4706,0.000543,172.31.47.0-255,66,66759,87,255159
4707,0.000607,172.217.194.0-255,1484,68243,87,255159
4708,0.000612,172.217.194.0-255,2902,71145,87,255159
4709,0.000615,172.31.47.0-255,66,71211,87,255159
4710,0.000621,172.217.194.0-255,5738,76949,87,255159
4711,0.000623,172.31.47.0-255,66,77015,87,255159
4712,0.000701,172.217.194.0-255,5738,82753,87,255159
4713,0.000705,172.31.47.0-255,66,82819,87,255159
4714,0.000734,172.217.194.0-255,2543,85362,87,255159
4715,0.000737,172.31.47.0-255,66,85428,87,255159
4716,0.000746,172.31.47.0-255,66,85494,87,255159
4717,0.000776,172.217.194.0-255,4320,89814,87,255159
4718,0.000779,172.31.47.0-255,66,89880,87,255159
4719,0.000803,172.217.194.0-255,2543,92423,87,255159
4720,0.000806,172.31.47.0-255,66,92489,87,255159
4721,0.000976,172.217.194.0-255,1484,93973,87,255159
4722,0.000982,172.217.194.0-255,2902,96875,87,255159
4723,0.000986,172.31.47.0-255,66,96941,87,255159
4724,0.001015,172.217.194.0-255,5738,102679,87,255159
4725,0.001018,172.31.47.0-255,66,102745,87,255159
4726,0.001022,172.217.194.0-255,4320,107065,87,255159
4727,0.001024,172.31.47.0-255,66,107131,87,255159
4728,0.001064,172.31.47.0-255,66,107197,87,255159
4729,0.001068,172.217.194.0-255,2902,110099,87,255159
4730,0.00107,172.31.47.0-255,66,110165,87,255159
4731,0.001099,172.217.194.0-255,5020,115185,87,255159
4732,0.001102,172.31.47.0-255,66,115251,87,255159
4733,0.001702,172.217.194.0-255,1484,116735,87,255159
4734,0.001715,172.217.194.0-255,2902,119637,87,255159
4735,0.001718,172.31.47.0-255,66,119703,87,255159
4736,0.001724,172.217.194.0-255,5738,125441,87,255159
4737,0.001726,172.31.47.0-255,66,125507,87,255159
4738,0.00176,172.31.47.0-255,66,125573,87,255159
4739,0.001785,172.217.194.0-255,5738,131311,87,255159
4740,0.001787,172.31.47.0-255,66,131377,87,255159
4741,0.001813,172.217.194.0-255,5020,136397,87,255159
4742,0.001816,172.31.47.0-255,66,136463,87,255159
4743,0.002164,172.217.194.0-255,1484,137947,87,255159
4744,0.002169,172.217.194.0-255,2902,140849,87,255159
4745,0.002171,172.31.47.0-255,66,140915,87,255159
4746,0.002191,172.217.194.0-255,5738,146653,87,255159
4747,0.002194,172.31.47.0-255,66,146719,87,255159
4748,0.002228,172.31.47.0-255,66,146785,87,255159
4749,0.002261,172.217.194.0-255,5738,152523,87,255159
4750,0.002264,172.31.47.0-255,66,152589,87,255159
4751,0.002283,172.217.194.0-255,5020,157609,87,255159
4752,0.002285,172.31.47.0-255,66,157675,87,255159
4753,0.002318,172.31.47.0-255,66,157741,87,255159
4754,0.00234,172.217.194.0-255,1484,159225,87,255159
4755,0.002342,172.217.194.0-255,1484,160709,87,255159
4756,0.002344,172.31.47.0-255,66,160775,87,255159
4757,0.002357,172.31.47.0-255,66,160841,87,255159
4758,0.002363,172.217.194.0-255,5738,166579,87,255159
4759,0.002365,172.31.47.0-255,66,166645,87,255159
4760,0.002377,172.217.194.0-255,2184,168829,87,255159
4761,0.002379,172.31.47.0-255,66,168895,87,255159
4762,0.002388,172.31.47.0-255,66,168961,87,255159
4763,0.002395,172.217.194.0-255,1484,170445,87,255159
4764,0.002424,172.217.194.0-255,5738,176183,87,255159
4765,0.002426,172.31.47.0-255,66,176249,87,255159
4766,0.00246,172.31.47.0-255,66,176315,87,255159
4767,0.002466,172.217.194.0-255,5020,181335,87,255159
4768,0.002468,172.31.47.0-255,66,181401,87,255159
4769,0.002523,172.217.194.0-255,1484,182885,87,255159
4770,0.002527,172.217.194.0-255,2902,185787,87,255159
4771,0.002529,172.31.47.0-255,66,185853,87,255159
4772,0.002534,172.217.194.0-255,4320,190173,87,255159
4773,0.002536,172.31.47.0-255,66,190239,87,255159
4774,0.002563,172.217.194.0-255,1484,191723,87,255159
4775,0.002566,172.217.194.0-255,1484,193207,87,255159
4776,0.002568,172.31.47.0-255,66,193273,87,255159
4777,0.002574,172.217.194.0-255,7156,200429,87,255159
4778,0.002576,172.31.47.0-255,66,200495,87,255159
4779,0.002611,172.217.194.0-255,7156,207651,87,255159
4780,0.002613,172.31.47.0-255,66,207717,87,255159
4781,0.002619,172.217.194.0-255,5738,213455,87,255159
4782,0.002621,172.31.47.0-255,66,213521,87,255159
4783,0.002623,172.217.194.0-255,1484,215005,87,255159
4784,0.002626,172.217.194.0-255,766,215771,87,255159
4785,0.002628,172.31.47.0-255,66,215837,87,255159
4786,0.002688,172.217.194.0-255,1484,217321,87,255159
4787,0.002693,172.217.194.0-255,2902,220223,87,255159
4788,0.002695,172.31.47.0-255,66,220289,87,255159
4789,0.002725,172.217.194.0-255,5738,226027,87,255159
4790,0.002728,172.31.47.0-255,66,226093,87,255159
4791,0.002733,172.217.194.0-255,5738,231831,87,255159
4792,0.002735,172.31.47.0-255,66,231897,87,255159
4793,0.002775,172.217.194.0-255,7156,239053,87,255159
4794,0.002777,172.31.47.0-255,66,239119,87,255159
4795,0.002793,172.31.47.0-255,66,239185,87,255159
4796,0.002795,172.217.194.0-255,1484,240669,87,255159
4797,0.002844,172.31.47.0-255,66,240735,87,255159
4798,0.002855,172.31.47.0-255,66,240801,87,255159
4799,0.002858,172.217.194.0-255,2902,243703,87,255159
4800,0.002862,172.217.194.0-255,1484,245187,87,255159
4801,0.002864,172.31.47.0-255,66,245253,87,255159
4802,0.002911,172.31.47.0-255,66,245319,87,255159
4803,0.002922,172.31.47.0-255,66,245385,87,255159
4804,0.002955,172.217.194.0-255,5079,250464,87,255159
4805,0.002957,172.31.47.0-255,66,250530,87,255159
4806,0.00296,172.217.194.0-255,105,250635,87,255159
4807,0.008009,172.31.47.0-255,66,250701,87,255159
4808,0.008036,172.31.47.0-255,105,250806,87,255159
4809,0.01037,172.217.194.0-255,66,250872,87,255159
4810,0.02907,172.31.47.0-255,171,251043,87,255159
4811,0.029099,172.31.47.0-255,1135,252178,87,255159
4812,0.029145,172.31.47.0-255,1514,253692,87,255159
4813,0.029165,172.31.47.0-255,1269,254961,87,255159
4814,0.030602,104.244.42.0-255,66,255027,87,255159
4815,0.030642,104.244.42.0-255,66,255093,87,255159
4816,0.030734,104.244.42.0-255,66,255159,87,255159
4817,0.0,74.125.24.0-255,152,152,87,295361
4818,3e-05,172.31.47.0-255,66,218,87,295361
4819,3.6e-05,74.125.24.0-255,1484,1702,87,295361
4820,4e-05,172.31.47.0-255,66,1768,87,295361
4821,4.4e-05,74.125.24.0-255,2902,4670,87,295361
4822,4.6e-05,172.31.47.0-255,66,4736,87,295361
4823,5.8e-05,74.125.24.0-255,7156,11892,87,295361
4824,6.1e-05,172.31.47.0-255,66,11958,87,295361
4825,6.4e-05,74.125.24.0-255,2008,13966,87,295361
4826,6.7e-05,172.31.47.0-255,66,14032,87,295361
4827,0.000204,74.125.24.0-255,1484,15516,87,295361
4828,0.000208,172.31.47.0-255,66,15582,87,295361
4829,0.000214,74.125.24.0-255,2902,18484,87,295361
4830,0.000216,172.31.47.0-255,66,18550,87,295361
4831,0.000238,74.125.24.0-255,1484,20034,87,295361
4832,0.00024,172.31.47.0-255,66,20100,87,295361
4833,0.000276,74.125.24.0-255,4320,24420,87,295361
4834,0.000279,172.31.47.0-255,66,24486,87,295361
4835,0.000286,74.125.24.0-255,6797,31283,87,295361
4836,0.000288,172.31.47.0-255,66,31349,87,295361
4837,0.000836,74.125.24.0-255,1484,32833,87,295361
4838,0.000841,172.31.47.0-255,66,32899,87,295361
4839,0.000849,74.125.24.0-255,2902,35801,87,295361
4840,0.000851,172.31.47.0-255,66,35867,87,295361
4841,0.000862,74.125.24.0-255,5738,41605,87,295361
4842,0.000863,172.31.47.0-255,66,41671,87,295361
4843,0.000866,74.125.24.0-255,1484,43155,87,295361
4844,0.000868,172.31.47.0-255,66,43221,87,295361
4845,0.000902,172.31.47.0-255,66,43287,87,295361
4846,0.000909,74.125.24.0-255,5738,49025,87,295361
4847,0.00091,172.31.47.0-255,66,49091,87,295361
4848,0.000946,74.125.24.0-255,6797,55888,87,295361
4849,0.000949,172.31.47.0-255,66,55954,87,295361
4850,0.000951,74.125.24.0-255,367,56321,87,295361
4851,0.000996,74.125.24.0-255,129,56450,87,295361
4852,0.001029,74.125.24.0-255,344,56794,87,295361
4853,0.001219,172.31.47.0-255,66,56860,87,295361
4854,0.001578,74.125.24.0-255,1484,58344,87,295361
4855,0.001584,74.125.24.0-255,2902,61246,87,295361
4856,0.001587,172.31.47.0-255,66,61312,87,295361
4857,0.001612,74.125.24.0-255,5738,67050,87,295361
4858,0.001614,172.31.47.0-255,66,67116,87,295361
4859,0.001617,74.125.24.0-255,1484,68600,87,295361
4860,0.001639,74.125.24.0-255,2902,71502,87,295361
4861,0.001641,172.31.47.0-255,66,71568,87,295361
4862,0.001646,74.125.24.0-255,5738,77306,87,295361
4863,0.001648,172.31.47.0-255,66,77372,87,295361
4864,0.001685,172.31.47.0-255,66,77438,87,295361
4865,0.001695,74.125.24.0-255,2902,80340,87,295361
4866,0.001701,172.31.47.0-255,66,80406,87,295361
4867,0.001704,74.125.24.0-255,2184,82590,87,295361
4868,0.001706,172.31.47.0-255,66,82656,87,295361
4869,0.004264,74.125.24.0-255,4320,86976,87,295361
4870,0.004269,172.31.47.0-255,66,87042,87,295361
4871,0.004298,74.125.24.0-255,1484,88526,87,295361
4872,0.006907,74.125.24.0-255,4320,92846,87,295361
4873,0.006915,172.31.47.0-255,66,92912,87,295361
4874,0.009479,74.125.24.0-255,5738,98650,87,295361
4875,0.009488,172.31.47.0-255,66,98716,87,295361
4876,0.01206,74.125.24.0-255,5738,104454,87,295361
4877,0.01207,172.31.47.0-255,66,104520,87,295361
4878,0.014677,74.125.24.0-255,5738,110258,87,295361
4879,0.014689,172.31.47.0-255,66,110324,87,295361
4880,0.017254,74.125.24.0-255,5738,116062,87,295361
4881,0.017262,172.31.47.0-255,66,116128,87,295361
4882,0.018034,172.31.47.0-255,171,116299,87,295361
4883,0.018062,172.31.47.0-255,1137,117436,87,295361
4884,0.01809,172.31.47.0-255,1514,118950,87,295361
4885,0.018109,172.31.47.0-255,1267,120217,87,295361
4886,0.019595,104.244.42.0-255,66,120283,87,295361
4887,0.019612,104.244.42.0-255,66,120349,87,295361
4888,0.019654,104.244.42.0-255,66,120415,87,295361
4889,0.019656,104.244.42.0-255,66,120481,87,295361
4890,0.019817,74.125.24.0-255,2902,123383,87,295361
4891,0.01982,172.31.47.0-255,66,123449,87,295361
4892,0.019856,74.125.24.0-255,2902,126351,87,295361
4893,0.019859,172.31.47.0-255,66,126417,87,295361
4894,0.02239,74.125.24.0-255,2902,129319,87,295361
4895,0.022395,172.31.47.0-255,66,129385,87,295361
4896,0.022441,74.125.24.0-255,2902,132287,87,295361
4897,0.022445,172.31.47.0-255,66,132353,87,295361
4898,0.024973,74.125.24.0-255,2902,135255,87,295361
4899,0.024979,172.31.47.0-255,66,135321,87,295361
4900,0.025013,74.125.24.0-255,2902,138223,87,295361
4901,0.025016,172.31.47.0-255,66,138289,87,295361
4902,0.027515,74.125.24.0-255,2902,141191,87,295361
4903,0.027521,172.31.47.0-255,66,141257,87,295361
4904,0.027572,74.125.24.0-255,2902,144159,87,295361
4905,0.027578,172.31.47.0-255,66,144225,87,295361
4906,0.030089,74.125.24.0-255,2902,147127,87,295361
4907,0.030094,172.31.47.0-255,66,147193,87,295361
4908,0.030126,74.125.24.0-255,2902,150095,87,295361
4909,0.03013,172.31.47.0-255,66,150161,87,295361
4910,0.032653,74.125.24.0-255,2902,153063,87,295361
4911,0.032659,172.31.47.0-255,66,153129,87,295361
4912,0.032693,74.125.24.0-255,2902,156031,87,295361
4913,0.032696,172.31.47.0-255,66,156097,87,295361
4914,0.035251,74.125.24.0-255,5738,161835,87,295361
4915,0.035255,172.31.47.0-255,66,161901,87,295361
4916,0.037852,74.125.24.0-255,5738,167639,87,295361
4917,0.037858,172.31.47.0-255,66,167705,87,295361
4918,0.04042,74.125.24.0-255,5738,173443,87,295361
4919,0.040425,172.31.47.0-255,66,173509,87,295361
4920,0.042979,74.125.24.0-255,5738,179247,87,295361
4921,0.042983,172.31.47.0-255,66,179313,87,295361
4922,0.045575,74.125.24.0-255,5738,185051,87,295361
4923,0.045593,172.31.47.0-255,66,185117,87,295361
4924,0.048145,74.125.24.0-255,4320,189437,87,295361
4925,0.04815,172.31.47.0-255,66,189503,87,295361
4926,0.048187,74.125.24.0-255,1484,190987,87,295361
4927,0.050746,74.125.24.0-255,4320,195307,87,295361
4928,0.05075,172.31.47.0-255,66,195373,87,295361
4929,0.053308,74.125.24.0-255,5738,201111,87,295361
4930,0.053312,172.31.47.0-255,66,201177,87,295361
4931,0.055889,74.125.24.0-255,4320,205497,87,295361
4932,0.055893,172.31.47.0-255,66,205563,87,295361
4933,0.055924,74.125.24.0-255,1484,207047,87,295361
4934,0.058439,74.125.24.0-255,4320,211367,87,295361
4935,0.058444,172.31.47.0-255,66,211433,87,295361
4936,0.061003,74.125.24.0-255,4320,215753,87,295361
4937,0.061008,172.31.47.0-255,66,215819,87,295361
4938,0.061041,74.125.24.0-255,1484,217303,87,295361
4939,0.063629,74.125.24.0-255,4320,221623,87,295361
4940,0.063633,172.31.47.0-255,66,221689,87,295361
4941,0.066216,74.125.24.0-255,4320,226009,87,295361
4942,0.066222,172.31.47.0-255,66,226075,87,295361
4943,0.06625,74.125.24.0-255,1484,227559,87,295361
4944,0.068809,74.125.24.0-255,4320,231879,87,295361
4945,0.068814,172.31.47.0-255,66,231945,87,295361
4946,0.071435,74.125.24.0-255,4320,236265,87,295361
4947,0.07144,172.31.47.0-255,66,236331,87,295361
4948,0.071468,74.125.24.0-255,1484,237815,87,295361
4949,0.074007,74.125.24.0-255,4320,242135,87,295361
4950,0.074013,172.31.47.0-255,66,242201,87,295361
4951,0.076605,74.125.24.0-255,5738,247939,87,295361
4952,0.07661,172.31.47.0-255,66,248005,87,295361
4953,0.079174,74.125.24.0-255,5738,253743,87,295361
4954,0.079181,172.31.47.0-255,66,253809,87,295361
4955,0.082033,74.125.24.0-255,2902,256711,87,295361
4956,0.082038,172.31.47.0-255,66,256777,87,295361
4957,0.082066,74.125.24.0-255,2902,259679,87,295361
4958,0.082069,172.31.47.0-255,66,259745,87,295361
4959,0.084594,74.125.24.0-255,2902,262647,87,295361
4960,0.084599,172.31.47.0-255,66,262713,87,295361
4961,0.084636,74.125.24.0-255,2902,265615,87,295361
4962,0.08464,172.31.47.0-255,66,265681,87,295361
4963,0.08716,74.125.24.0-255,2902,268583,87,295361
4964,0.087165,172.31.47.0-255,66,268649,87,295361
4965,0.0872,74.125.24.0-255,2902,271551,87,295361
4966,0.087203,172.31.47.0-255,66,271617,87,295361
4967,0.08977,74.125.24.0-255,2902,274519,87,295361
4968,0.089774,172.31.47.0-255,66,274585,87,295361
4969,0.089806,74.125.24.0-255,2902,277487,87,295361
4970,0.089809,172.31.47.0-255,66,277553,87,295361
4971,0.092336,74.125.24.0-255,2902,280455,87,295361
4972,0.092341,172.31.47.0-255,66,280521,87,295361
4973,0.092396,74.125.24.0-255,2902,283423,87,295361
4974,0.0924,172.31.47.0-255,66,283489,87,295361
4975,0.094895,74.125.24.0-255,2902,286391,87,295361
4976,0.094899,172.31.47.0-255,66,286457,87,295361
4977,0.094941,74.125.24.0-255,2902,289359,87,295361
4978,0.094945,172.31.47.0-255,66,289425,87,295361
4979,0.097482,74.125.24.0-255,2902,292327,87,295361
4980,0.097487,172.31.47.0-255,66,292393,87,295361
4981,0.097522,74.125.24.0-255,2902,295295,87,295361
4982,0.097525,172.31.47.0-255,66,295361,87,295361
4983,0.0,172.217.160.0-255,143,143,87,323222
4984,3.3e-05,172.31.47.0-255,66,209,87,323222
4985,4e-05,172.217.160.0-255,1484,1693,87,323222
4986,4.3e-05,172.31.47.0-255,66,1759,87,323222
4987,4.8e-05,172.217.160.0-255,2902,4661,87,323222
4988,5.8e-05,172.31.47.0-255,66,4727,87,323222
4989,6.6e-05,172.217.160.0-255,7156,11883,87,323222
4990,6.8e-05,172.31.47.0-255,66,11949,87,323222
4991,7.1e-05,172.217.160.0-255,1484,13433,87,323222
4992,7.3e-05,172.31.47.0-255,66,13499,87,323222
4993,7.8e-05,172.217.160.0-255,2902,16401,87,323222
4994,7.9e-05,172.31.47.0-255,66,16467,87,323222
4995,0.000103,172.217.160.0-255,2136,18603,87,323222
4996,0.000105,172.31.47.0-255,66,18669,87,323222
4997,0.000116,172.217.160.0-255,5738,24407,87,323222
4998,0.000118,172.31.47.0-255,66,24473,87,323222
4999,0.000134,172.217.160.0-255,4320,28793,87,323222
5000,0.000136,172.31.47.0-255,66,28859,87,323222
5001,0.000158,172.217.160.0-255,2543,31402,87,323222
5002,0.000164,172.31.47.0-255,66,31468,87,323222
5003,0.000187,172.217.160.0-255,2902,34370,87,323222
5004,0.00019,172.31.47.0-255,66,34436,87,323222
5005,0.000193,172.217.160.0-255,1484,35920,87,323222
5006,0.000194,172.31.47.0-255,66,35986,87,323222
5007,0.000219,172.217.160.0-255,2902,38888,87,323222
5008,0.000225,172.31.47.0-255,66,38954,87,323222
5009,0.000235,172.31.47.0-255,66,39020,87,323222
5010,0.000239,172.217.160.0-255,4320,43340,87,323222
5011,0.000241,172.31.47.0-255,66,43406,87,323222
5012,0.000285,172.31.47.0-255,66,43472,87,323222
5013,0.00029,172.217.160.0-255,4210,47682,87,323222
5014,0.000292,172.31.47.0-255,66,47748,87,323222
5015,0.000891,172.217.160.0-255,122,47870,87,323222
5016,0.000998,172.217.160.0-255,1484,49354,87,323222
5017,0.001003,172.31.47.0-255,66,49420,87,323222
5018,0.00101,172.217.160.0-255,2902,52322,87,323222
5019,0.001012,172.31.47.0-255,66,52388,87,323222
5020,0.001024,172.217.160.0-255,5738,58126,87,323222
5021,0.001026,172.31.47.0-255,66,58192,87,323222
5022,0.00108,172.217.160.0-255,6797,64989,87,323222
5023,0.001084,172.31.47.0-255,66,65055,87,323222
5024,0.001092,172.217.160.0-255,7156,72211,87,323222
5025,0.001093,172.31.47.0-255,66,72277,87,323222
5026,0.001111,172.31.47.0-255,66,72343,87,323222
5027,0.001147,172.31.47.0-255,66,72409,87,323222
5028,0.001157,172.217.160.0-255,5738,78147,87,323222
5029,0.001159,172.31.47.0-255,66,78213,87,323222
5030,0.001162,172.217.160.0-255,1484,79697,87,323222
5031,0.001222,172.31.47.0-255,66,79763,87,323222
5032,0.001225,172.217.160.0-255,501,80264,87,323222
5033,0.001415,172.217.160.0-255,1484,81748,87,323222
5034,0.00142,172.31.47.0-255,66,81814,87,323222
5035,0.001426,172.217.160.0-255,2902,84716,87,323222
5036,0.001428,172.31.47.0-255,66,84782,87,323222
5037,0.001439,172.217.160.0-255,5738,90520,87,323222
5038,0.001441,172.31.47.0-255,66,90586,87,323222
5039,0.001486,172.31.47.0-255,66,90652,87,323222
5040,0.001516,172.31.47.0-255,66,90718,87,323222
5041,0.001533,172.217.160.0-255,2184,92902,87,323222
5042,0.001538,172.31.47.0-255,66,92968,87,323222
5043,0.00192,172.217.160.0-255,1484,94452,87,323222
5044,0.001925,172.217.160.0-255,2902,97354,87,323222
5045,0.00193,172.31.47.0-255,66,97420,87,323222
5046,0.001941,172.217.160.0-255,5738,103158,87,323222
5047,0.001947,172.31.47.0-255,66,103224,87,323222
5048,0.001984,172.31.47.0-255,66,103290,87,323222
5049,0.001989,172.217.160.0-255,4320,107610,87,323222
5050,0.001991,172.31.47.0-255,66,107676,87,323222
5051,0.002022,172.31.47.0-255,66,107742,87,323222
5052,0.003971,172.217.160.0-255,5738,113480,87,323222
5053,0.003978,172.31.47.0-255,66,113546,87,323222
5054,0.00593,172.217.160.0-255,5738,119284,87,323222
5055,0.005937,172.31.47.0-255,66,119350,87,323222
5056,0.007888,172.217.160.0-255,5738,125088,87,323222
5057,0.007898,172.31.47.0-255,66,125154,87,323222
5058,0.009843,172.217.160.0-255,5738,130892,87,323222
5059,0.009853,172.31.47.0-255,66,130958,87,323222
5060,0.011805,172.217.160.0-255,5738,136696,87,323222
5061,0.011815,172.31.47.0-255,66,136762,87,323222
5062,0.013781,172.217.160.0-255,5738,142500,87,323222
5063,0.013794,172.31.47.0-255,66,142566,87,323222
5064,0.015754,172.217.160.0-255,5738,148304,87,323222
5065,0.015764,172.31.47.0-255,66,148370,87,323222
5066,0.017723,172.217.160.0-255,5738,154108,87,323222
5067,0.017735,172.31.47.0-255,66,154174,87,323222
5068,0.019708,172.217.160.0-255,5738,159912,87,323222
5069,0.019723,172.31.47.0-255,66,159978,87,323222
5070,0.021774,172.217.160.0-255,5738,165716,87,323222
5071,0.021796,172.31.47.0-255,66,165782,87,323222
5072,0.023803,172.217.160.0-255,5738,171520,87,323222
5073,0.023822,172.31.47.0-255,66,171586,87,323222
5074,0.025795,172.217.160.0-255,5738,177324,87,323222
5075,0.025817,172.31.47.0-255,66,177390,87,323222
5076,0.027807,172.217.160.0-255,5738,183128,87,323222
5077,0.027825,172.31.47.0-255,66,183194,87,323222
5078,0.029787,172.217.160.0-255,5738,188932,87,323222
5079,0.029806,172.31.47.0-255,66,188998,87,323222
5080,0.031764,172.217.160.0-255,5738,194736,87,323222
5081,0.031779,172.31.47.0-255,66,194802,87,323222
5082,0.033729,172.217.160.0-255,5738,200540,87,323222
5083,0.033741,172.31.47.0-255,66,200606,87,323222
5084,0.035687,172.217.160.0-255,5738,206344,87,323222
5085,0.0357,172.31.47.0-255,66,206410,87,323222
5086,0.037675,172.217.160.0-255,5738,212148,87,323222
5087,0.037698,172.31.47.0-255,66,212214,87,323222
5088,0.039676,172.217.160.0-255,5738,217952,87,323222
5089,0.039695,172.31.47.0-255,66,218018,87,323222
5090,0.041634,172.217.160.0-255,5738,223756,87,323222
5091,0.041642,172.31.47.0-255,66,223822,87,323222
5092,0.042348,172.31.47.0-255,172,223994,87,323222
5093,0.042389,172.31.47.0-255,1103,225097,87,323222
5094,0.042465,172.31.47.0-255,1514,226611,87,323222
5095,0.042467,172.31.47.0-255,1301,227912,87,323222
5096,0.043604,172.217.160.0-255,5738,233650,87,323222
5097,0.043619,172.31.47.0-255,66,233716,87,323222
5098,0.043842,104.244.42.0-255,66,233782,87,323222
5099,0.043918,104.244.42.0-255,66,233848,87,323222
5100,0.044009,104.244.42.0-255,66,233914,87,323222
5101,0.045591,172.217.160.0-255,5738,239652,87,323222
5102,0.045609,172.31.47.0-255,66,239718,87,323222
5103,0.047566,172.217.160.0-255,5738,245456,87,323222
5104,0.04758,172.31.47.0-255,66,245522,87,323222
5105,0.04954,172.217.160.0-255,5738,251260,87,323222
5106,0.049549,172.31.47.0-255,66,251326,87,323222
5107,0.051502,172.217.160.0-255,5738,257064,87,323222
5108,0.051512,172.31.47.0-255,66,257130,87,323222
5109,0.053493,172.217.160.0-255,5738,262868,87,323222
5110,0.053506,172.31.47.0-255,66,262934,87,323222
5111,0.055459,172.217.160.0-255,5738,268672,87,323222
5112,0.055471,172.31.47.0-255,66,268738,87,323222
5113,0.05742,172.217.160.0-255,5738,274476,87,323222
5114,0.057431,172.31.47.0-255,66,274542,87,323222
5115,0.059371,172.217.160.0-255,4320,278862,87,323222
5116,0.05938,172.31.47.0-255,66,278928,87,323222
5117,0.059414,172.217.160.0-255,1484,280412,87,323222
5118,0.061328,172.217.160.0-255,4320,284732,87,323222
5119,0.061334,172.31.47.0-255,66,284798,87,323222
5120,0.063288,172.217.160.0-255,5738,290536,87,323222
5121,0.063295,172.31.47.0-255,66,290602,87,323222
5122,0.065247,172.217.160.0-255,5738,296340,87,323222
5123,0.065253,172.31.47.0-255,66,296406,87,323222
5124,0.067203,172.217.160.0-255,5738,302144,87,323222
5125,0.067213,172.31.47.0-255,66,302210,87,323222
5126,0.069154,172.217.160.0-255,5738,307948,87,323222
5127,0.069165,172.31.47.0-255,66,308014,87,323222
5128,0.071121,172.217.160.0-255,5738,313752,87,323222
5129,0.071131,172.31.47.0-255,66,313818,87,323222
5130,0.073082,172.217.160.0-255,5738,319556,87,323222
5131,0.073091,172.31.47.0-255,66,319622,87,323222
5132,0.075045,172.217.160.0-255,3363,322985,87,323222
5133,0.075059,172.31.47.0-255,66,323051,87,323222
5134,0.075337,172.31.47.0-255,105,323156,87,323222
5135,0.07726,172.217.160.0-255,66,323222,87,323222
5136,0.0,172.217.194.0-255,153,153,87,344287
5137,0.000104,172.31.47.0-255,66,219,87,344287
5138,0.000112,172.217.194.0-255,1484,1703,87,344287
5139,0.000116,172.31.47.0-255,66,1769,87,344287
5140,0.000128,172.217.194.0-255,2902,4671,87,344287
5141,0.000131,172.31.47.0-255,66,4737,87,344287
5142,0.000137,172.217.194.0-255,5738,10475,87,344287
5143,0.000139,172.31.47.0-255,66,10541,87,344287
5144,0.000145,172.217.194.0-255,4931,15472,87,344287
5145,0.000148,172.31.47.0-255,66,15538,87,344287
5146,0.000153,172.217.194.0-255,5738,21276,87,344287
5147,0.000156,172.31.47.0-255,66,21342,87,344287
5148,0.000167,172.31.47.0-255,66,21408,87,344287
5149,0.000301,172.217.194.0-255,1484,22892,87,344287
5150,0.000306,172.31.47.0-255,66,22958,87,344287
5151,0.000311,172.217.194.0-255,2902,25860,87,344287
5152,0.000314,172.31.47.0-255,66,25926,87,344287
5153,0.000345,172.217.194.0-255,5738,31664,87,344287
5154,0.000349,172.31.47.0-255,66,31730,87,344287
5155,0.000353,172.217.194.0-255,1484,33214,87,344287
5156,0.000355,172.31.47.0-255,66,33280,87,344287
5157,0.000388,172.217.194.0-255,5379,38659,87,344287
5158,0.000392,172.31.47.0-255,66,38725,87,344287
5159,0.000399,172.217.194.0-255,5738,44463,87,344287
5160,0.000402,172.31.47.0-255,66,44529,87,344287
5161,0.000443,172.31.47.0-255,66,44595,87,344287
5162,0.000447,172.217.194.0-255,2833,47428,87,344287
5163,0.000449,172.31.47.0-255,66,47494,87,344287
5164,0.000513,172.217.194.0-255,386,47880,87,344287
5165,0.000517,172.31.47.0-255,66,47946,87,344287
5166,0.000717,172.217.194.0-255,1484,49430,87,344287
5167,0.000723,172.217.194.0-255,2902,52332,87,344287
5168,0.000727,172.31.47.0-255,66,52398,87,344287
5169,0.000751,172.217.194.0-255,5738,58136,87,344287
5170,0.000756,172.217.194.0-255,4320,62456,87,344287
5171,0.000756,172.31.47.0-255,66,62522,87,344287
5172,0.00076,172.31.47.0-255,66,62588,87,344287
5173,0.000805,172.217.194.0-255,2543,65131,87,344287
5174,0.000809,172.31.47.0-255,66,65197,87,344287
5175,0.000836,172.217.194.0-255,2902,68099,87,344287
5176,0.00084,172.31.47.0-255,66,68165,87,344287
5177,0.000847,172.217.194.0-255,5738,73903,87,344287
5178,0.000849,172.31.47.0-255,66,73969,87,344287
5179,0.00088,172.217.194.0-255,1484,75453,87,344287
5180,0.000887,172.217.194.0-255,4320,79773,87,344287
5181,0.000889,172.31.47.0-255,66,79839,87,344287
5182,0.000918,172.217.194.0-255,2543,82382,87,344287
5183,0.000921,172.31.47.0-255,66,82448,87,344287
5184,0.001339,172.217.194.0-255,1484,83932,87,344287
5185,0.001349,172.217.194.0-255,2902,86834,87,344287
5186,0.001352,172.31.47.0-255,66,86900,87,344287
5187,0.001355,172.217.194.0-255,1484,88384,87,344287
5188,0.001383,172.217.194.0-255,4320,92704,87,344287
5189,0.001385,172.31.47.0-255,66,92770,87,344287
5190,0.001418,172.31.47.0-255,66,92836,87,344287
5191,0.001449,172.217.194.0-255,4320,97156,87,344287
5192,0.001452,172.31.47.0-255,66,97222,87,344287
5193,0.001458,172.217.194.0-255,7156,104378,87,344287
5194,0.00146,172.31.47.0-255,66,104444,87,344287
5195,0.001464,172.217.194.0-255,3602,108046,87,344287
5196,0.001471,172.31.47.0-255,66,108112,87,344287
5197,0.001497,172.217.194.0-255,4320,112432,87,344287
5198,0.001504,172.31.47.0-255,66,112498,87,344287
5199,0.001535,172.31.47.0-255,66,112564,87,344287
5200,0.001541,172.217.194.0-255,5738,118302,87,344287
5201,0.001543,172.31.47.0-255,66,118368,87,344287
5202,0.001571,172.217.194.0-255,5738,124106,87,344287
5203,0.001575,172.31.47.0-255,66,124172,87,344287
5204,0.001585,172.31.47.0-255,66,124238,87,344287
5205,0.001893,172.217.194.0-255,1484,125722,87,344287
5206,0.001897,172.217.194.0-255,2902,128624,87,344287
5207,0.001902,172.31.47.0-255,66,128690,87,344287
5208,0.00193,172.217.194.0-255,4320,133010,87,344287
5209,0.001932,172.31.47.0-255,66,133076,87,344287
5210,0.001954,172.217.194.0-255,1484,134560,87,344287
5211,0.00196,172.217.194.0-255,7156,141716,87,344287
5212,0.001963,172.217.194.0-255,4320,146036,87,344287
5213,0.001967,172.31.47.0-255,66,146102,87,344287
5214,0.001969,172.31.47.0-255,66,146168,87,344287
5215,0.001992,172.31.47.0-255,66,146234,87,344287
5216,0.001996,172.217.194.0-255,2184,148418,87,344287
5217,0.001997,172.31.47.0-255,66,148484,87,344287
5218,0.002206,172.217.194.0-255,1484,149968,87,344287
5219,0.002219,172.217.194.0-255,2902,152870,87,344287
5220,0.002222,172.31.47.0-255,66,152936,87,344287
5221,0.002225,172.217.194.0-255,1484,154420,87,344287
5222,0.002251,172.217.194.0-255,4320,158740,87,344287
5223,0.002254,172.31.47.0-255,66,158806,87,344287
5224,0.002257,172.217.194.0-255,2902,161708,87,344287
5225,0.002259,172.31.47.0-255,66,161774,87,344287
5226,0.002301,172.31.47.0-255,66,161840,87,344287
5227,0.002323,172.217.194.0-255,2902,164742,87,344287
5228,0.002324,172.31.47.0-255,66,164808,87,344287
5229,0.002334,172.217.194.0-255,6438,171246,87,344287
5230,0.002335,172.31.47.0-255,66,171312,87,344287
5231,0.002338,172.217.194.0-255,1484,172796,87,344287
5232,0.002376,172.217.194.0-255,2902,175698,87,344287
5233,0.002379,172.31.47.0-255,66,175764,87,344287
5234,0.002383,172.217.194.0-255,5738,181502,87,344287
5235,0.002385,172.31.47.0-255,66,181568,87,344287
5236,0.002405,172.31.47.0-255,66,181634,87,344287
5237,0.002411,172.217.194.0-255,7156,188790,87,344287
5238,0.002413,172.31.47.0-255,66,188856,87,344287
5239,0.004707,172.217.194.0-255,5738,194594,87,344287
5240,0.004712,172.31.47.0-255,66,194660,87,344287
5241,0.00701,172.217.194.0-255,5738,200398,87,344287
5242,0.007016,172.31.47.0-255,66,200464,87,344287
5243,0.00931,172.217.194.0-255,5738,206202,87,344287
5244,0.009318,172.31.47.0-255,66,206268,87,344287
5245,0.01163,172.217.194.0-255,5738,212006,87,344287
5246,0.01164,172.31.47.0-255,66,212072,87,344287
5247,0.013922,172.217.194.0-255,5738,217810,87,344287
5248,0.013928,172.31.47.0-255,66,217876,87,344287
5249,0.016222,172.217.194.0-255,5738,223614,87,344287
5250,0.016228,172.31.47.0-255,66,223680,87,344287
5251,0.018519,172.217.194.0-255,5738,229418,87,344287
5252,0.018525,172.31.47.0-255,66,229484,87,344287
5253,0.020816,172.217.194.0-255,5738,235222,87,344287
5254,0.020823,172.31.47.0-255,66,235288,87,344287
5255,0.023119,172.217.194.0-255,5738,241026,87,344287
5256,0.023125,172.31.47.0-255,66,241092,87,344287
5257,0.024548,172.31.47.0-255,172,241264,87,344287
5258,0.024583,172.31.47.0-255,1107,242371,87,344287
5259,0.024642,172.31.47.0-255,1514,243885,87,344287
5260,0.024644,172.31.47.0-255,1514,245399,87,344287
5261,0.024645,172.31.47.0-255,1514,246913,87,344287
5262,0.024646,172.31.47.0-255,1077,247990,87,344287
5263,0.025418,172.217.194.0-255,5738,253728,87,344287
5264,0.025423,172.31.47.0-255,66,253794,87,344287
5265,0.026081,104.244.42.0-255,66,253860,87,344287
5266,0.026102,104.244.42.0-255,66,253926,87,344287
5267,0.0262,104.244.42.0-255,66,253992,87,344287
5268,0.026228,104.244.42.0-255,66,254058,87,344287
5269,0.02771,172.217.194.0-255,5738,259796,87,344287
5270,0.027714,172.31.47.0-255,66,259862,87,344287
5271,0.029976,172.217.194.0-255,5738,265600,87,344287
5272,0.02998,172.31.47.0-255,66,265666,87,344287
5273,0.03227,172.217.194.0-255,5738,271404,87,344287
5274,0.032276,172.31.47.0-255,66,271470,87,344287
5275,0.034581,172.217.194.0-255,5738,277208,87,344287
5276,0.034587,172.31.47.0-255,66,277274,87,344287
5277,0.036886,172.217.194.0-255,5738,283012,87,344287
5278,0.036891,172.31.47.0-255,66,283078,87,344287
5279,0.03918,172.217.194.0-255,5738,288816,87,344287
5280,0.039196,172.31.47.0-255,66,288882,87,344287
5281,0.041454,172.217.194.0-255,5738,294620,87,344287
5282,0.04146,172.31.47.0-255,66,294686,87,344287
5283,0.043754,172.217.194.0-255,5738,300424,87,344287
5284,0.043759,172.31.47.0-255,66,300490,87,344287
5285,0.046043,172.217.194.0-255,4320,304810,87,344287
5286,0.046048,172.31.47.0-255,66,304876,87,344287
5287,0.046088,172.217.194.0-255,1484,306360,87,344287
5288,0.048337,172.217.194.0-255,4320,310680,87,344287
5289,0.048342,172.31.47.0-255,66,310746,87,344287
5290,0.050639,172.217.194.0-255,5738,316484,87,344287
5291,0.050645,172.31.47.0-255,66,316550,87,344287
5292,0.05293,172.217.194.0-255,2902,319452,87,344287
5293,0.052935,172.31.47.0-255,66,319518,87,344287
5294,0.052963,172.217.194.0-255,2902,322420,87,344287
5295,0.052966,172.31.47.0-255,66,322486,87,344287
5296,0.055233,172.217.194.0-255,5738,328224,87,344287
5297,0.055238,172.31.47.0-255,66,328290,87,344287
5298,0.057511,172.217.194.0-255,4320,332610,87,344287
5299,0.057516,172.31.47.0-255,66,332676,87,344287
5300,0.057543,172.217.194.0-255,1484,334160,87,344287
5301,0.059803,172.217.194.0-255,4320,338480,87,344287
5302,0.059808,172.31.47.0-255,66,338546,87,344287
5303,0.062112,172.217.194.0-255,5504,344050,87,344287
5304,0.062116,172.31.47.0-255,66,344116,87,344287
5305,0.062284,172.31.47.0-255,105,344221,87,344287
5306,0.06453,172.217.194.0-255,66,344287,87,344287
5307,0.0,74.125.200.0-255,153,153,87,360379
5308,3e-05,172.31.47.0-255,66,219,87,360379
5309,3.7e-05,74.125.200.0-255,1484,1703,87,360379
5310,4.1e-05,172.31.47.0-255,66,1769,87,360379
5311,4.6e-05,74.125.200.0-255,2902,4671,87,360379
5312,5.6e-05,172.31.47.0-255,66,4737,87,360379
5313,6.1e-05,74.125.200.0-255,4320,9057,87,360379
5314,6.3e-05,172.31.47.0-255,66,9123,87,360379
5315,6.6e-05,74.125.200.0-255,1484,10607,87,360379
5316,6.8e-05,172.31.47.0-255,66,10673,87,360379
5317,0.000115,172.31.47.0-255,66,10739,87,360379
5318,0.00012,74.125.200.0-255,4320,15059,87,360379
5319,0.000122,172.31.47.0-255,66,15125,87,360379
5320,0.000156,172.31.47.0-255,66,15191,87,360379
5321,0.000197,74.125.200.0-255,1484,16675,87,360379
5322,0.0002,172.31.47.0-255,66,16741,87,360379
5323,0.000218,74.125.200.0-255,2902,19643,87,360379
5324,0.000221,172.31.47.0-255,66,19709,87,360379
5325,0.000228,74.125.200.0-255,5738,25447,87,360379
5326,0.00023,172.31.47.0-255,66,25513,87,360379
5327,0.000233,74.125.200.0-255,1484,26997,87,360379
5328,0.000234,172.31.47.0-255,66,27063,87,360379
5329,0.000266,74.125.200.0-255,2902,29965,87,360379
5330,0.00027,172.31.47.0-255,66,30031,87,360379
5331,0.000298,74.125.200.0-255,6797,36828,87,360379
5332,0.000304,74.125.200.0-255,5738,42566,87,360379
5333,0.000304,172.31.47.0-255,66,42632,87,360379
5334,0.000308,172.31.47.0-255,66,42698,87,360379
5335,0.000332,74.125.200.0-255,1484,44182,87,360379
5336,0.00034,172.31.47.0-255,66,44248,87,360379
5337,0.000347,74.125.200.0-255,5379,49627,87,360379
5338,0.000351,172.31.47.0-255,66,49693,87,360379
5339,0.000472,74.125.200.0-255,390,50083,87,360379
5340,0.000575,74.125.200.0-255,353,50436,87,360379
5341,0.00079,172.31.47.0-255,66,50502,87,360379
5342,0.00087,74.125.200.0-255,1484,51986,87,360379
5343,0.000879,74.125.200.0-255,1484,53470,87,360379
5344,0.000882,172.31.47.0-255,66,53536,87,360379
5345,0.000904,74.125.200.0-255,1484,55020,87,360379
5346,0.000909,74.125.200.0-255,2902,57922,87,360379
5347,0.000911,172.31.47.0-255,66,57988,87,360379
5348,0.000916,74.125.200.0-255,4320,62308,87,360379
5349,0.000918,172.31.47.0-255,66,62374,87,360379
5350,0.000955,172.31.47.0-255,66,62440,87,360379
5351,0.000963,74.125.200.0-255,7156,69596,87,360379
5352,0.000965,172.31.47.0-255,66,69662,87,360379
5353,0.000997,74.125.200.0-255,1484,71146,87,360379
5354,0.00102,74.125.200.0-255,5020,76166,87,360379
5355,0.001024,172.31.47.0-255,66,76232,87,360379
5356,0.001293,74.125.200.0-255,1484,77716,87,360379
5357,0.001299,74.125.200.0-255,1484,79200,87,360379
5358,0.001303,172.31.47.0-255,66,79266,87,360379
5359,0.00133,74.125.200.0-255,1484,80750,87,360379
5360,0.001337,74.125.200.0-255,5738,86488,87,360379
5361,0.001339,172.31.47.0-255,66,86554,87,360379
5362,0.00137,74.125.200.0-255,5738,92292,87,360379
5363,0.001376,172.31.47.0-255,66,92358,87,360379
5364,0.001377,74.125.200.0-255,7156,99514,87,360379
5365,0.00138,172.31.47.0-255,66,99580,87,360379
5366,0.001409,74.125.200.0-255,5738,105318,87,360379
5367,0.001412,172.31.47.0-255,66,105384,87,360379
5368,0.001436,74.125.200.0-255,4320,109704,87,360379
5369,0.001439,172.31.47.0-255,66,109770,87,360379
5370,0.001441,74.125.200.0-255,766,110536,87,360379
5371,0.001729,172.31.47.0-255,66,110602,87,360379
5372,0.001754,74.125.200.0-255,1484,112086,87,360379
5373,0.00176,74.125.200.0-255,2902,114988,87,360379
5374,0.001762,172.31.47.0-255,66,115054,87,360379
5375,0.001785,74.125.200.0-255,4320,119374,87,360379
5376,0.001789,172.31.47.0-255,66,119440,87,360379
5377,0.001811,74.125.200.0-255,1484,120924,87,360379
5378,0.001821,172.31.47.0-255,66,120990,87,360379
5379,0.001843,74.125.200.0-255,1484,122474,87,360379
5380,0.001853,172.31.47.0-255,66,122540,87,360379
5381,0.001878,74.125.200.0-255,3602,126142,87,360379
5382,0.001881,172.31.47.0-255,66,126208,87,360379
5383,0.001943,74.125.200.0-255,1484,127692,87,360379
5384,0.001946,74.125.200.0-255,1484,129176,87,360379
5385,0.001949,172.31.47.0-255,66,129242,87,360379
5386,0.001974,74.125.200.0-255,1484,130726,87,360379
5387,0.001977,74.125.200.0-255,1484,132210,87,360379
5388,0.001979,172.31.47.0-255,66,132276,87,360379
5389,0.001983,74.125.200.0-255,2902,135178,87,360379
5390,0.001984,172.31.47.0-255,66,135244,87,360379
5391,0.001989,74.125.200.0-255,5738,140982,87,360379
5392,0.001996,172.31.47.0-255,66,141048,87,360379
5393,0.002054,172.31.47.0-255,66,141114,87,360379
5394,0.002077,172.31.47.0-255,66,141180,87,360379
5395,0.004134,74.125.200.0-255,5738,146918,87,360379
5396,0.004139,172.31.47.0-255,66,146984,87,360379
5397,0.00618,74.125.200.0-255,2902,149886,87,360379
5398,0.006184,172.31.47.0-255,66,149952,87,360379
5399,0.006209,74.125.200.0-255,2902,152854,87,360379
5400,0.006211,172.31.47.0-255,66,152920,87,360379
5401,0.008237,74.125.200.0-255,2902,155822,87,360379
5402,0.008243,172.31.47.0-255,66,155888,87,360379
5403,0.008274,74.125.200.0-255,2902,158790,87,360379
5404,0.008277,172.31.47.0-255,66,158856,87,360379
5405,0.01031,74.125.200.0-255,2902,161758,87,360379
5406,0.010317,172.31.47.0-255,66,161824,87,360379
5407,0.010347,74.125.200.0-255,2902,164726,87,360379
5408,0.01035,172.31.47.0-255,66,164792,87,360379
5409,0.012379,74.125.200.0-255,2902,167694,87,360379
5410,0.012385,172.31.47.0-255,66,167760,87,360379
5411,0.012411,74.125.200.0-255,2902,170662,87,360379
5412,0.012414,172.31.47.0-255,66,170728,87,360379
5413,0.014456,74.125.200.0-255,5738,176466,87,360379
5414,0.014463,172.31.47.0-255,66,176532,87,360379
5415,0.016517,74.125.200.0-255,5738,182270,87,360379
5416,0.016527,172.31.47.0-255,66,182336,87,360379
5417,0.018594,74.125.200.0-255,5738,188074,87,360379
5418,0.018603,172.31.47.0-255,66,188140,87,360379
5419,0.020688,74.125.200.0-255,5738,193878,87,360379
5420,0.020694,172.31.47.0-255,66,193944,87,360379
5421,0.022243,172.31.47.0-255,172,194116,87,360379
5422,0.022272,172.31.47.0-255,1112,195228,87,360379
5423,0.022306,172.31.47.0-255,1514,196742,87,360379
5424,0.022308,172.31.47.0-255,1292,198034,87,360379
5425,0.022749,74.125.200.0-255,5738,203772,87,360379
5426,0.022756,172.31.47.0-255,66,203838,87,360379
5427,0.02375,104.244.42.0-255,66,203904,87,360379
5428,0.023819,104.244.42.0-255,66,203970,87,360379
5429,0.023823,104.244.42.0-255,66,204036,87,360379
5430,0.024806,74.125.200.0-255,4320,208356,87,360379
5431,0.02481,172.31.47.0-255,66,208422,87,360379
5432,0.024843,74.125.200.0-255,1484,209906,87,360379
5433,0.02686,74.125.200.0-255,4320,214226,87,360379
5434,0.026864,172.31.47.0-255,66,214292,87,360379
5435,0.028915,74.125.200.0-255,2902,217194,87,360379
5436,0.02892,172.31.47.0-255,66,217260,87,360379
5437,0.028958,74.125.200.0-255,2902,220162,87,360379
5438,0.028961,172.31.47.0-255,66,220228,87,360379
5439,0.030966,74.125.200.0-255,2902,223130,87,360379
5440,0.030971,172.31.47.0-255,66,223196,87,360379
5441,0.031002,74.125.200.0-255,2902,226098,87,360379
5442,0.031005,172.31.47.0-255,66,226164,87,360379
5443,0.033029,74.125.200.0-255,2902,229066,87,360379
5444,0.033034,172.31.47.0-255,66,229132,87,360379
5445,0.033066,74.125.200.0-255,2902,232034,87,360379
5446,0.033069,172.31.47.0-255,66,232100,87,360379
5447,0.0351,74.125.200.0-255,2902,235002,87,360379
5448,0.035106,172.31.47.0-255,66,235068,87,360379
5449,0.035141,74.125.200.0-255,2902,237970,87,360379
5450,0.035144,172.31.47.0-255,66,238036,87,360379
5451,0.037163,74.125.200.0-255,2902,240938,87,360379
5452,0.037167,172.31.47.0-255,66,241004,87,360379
5453,0.037207,74.125.200.0-255,2902,243906,87,360379
5454,0.03721,172.31.47.0-255,66,243972,87,360379
5455,0.039223,74.125.200.0-255,2902,246874,87,360379
5456,0.039228,172.31.47.0-255,66,246940,87,360379
5457,0.039261,74.125.200.0-255,2902,249842,87,360379
5458,0.039264,172.31.47.0-255,66,249908,87,360379
5459,0.041282,74.125.200.0-255,2902,252810,87,360379
5460,0.041286,172.31.47.0-255,66,252876,87,360379
5461,0.041317,74.125.200.0-255,2902,255778,87,360379
5462,0.04132,172.31.47.0-255,66,255844,87,360379
5463,0.043341,74.125.200.0-255,2902,258746,87,360379
5464,0.043345,172.31.47.0-255,66,258812,87,360379
5465,0.04339,74.125.200.0-255,2902,261714,87,360379
5466,0.043393,172.31.47.0-255,66,261780,87,360379
5467,0.045404,74.125.200.0-255,2902,264682,87,360379
5468,0.04541,172.31.47.0-255,66,264748,87,360379
5469,0.045446,74.125.200.0-255,2902,267650,87,360379
5470,0.04545,172.31.47.0-255,66,267716,87,360379
5471,0.047463,74.125.200.0-255,2902,270618,87,360379
5472,0.047468,172.31.47.0-255,66,270684,87,360379
5473,0.047505,74.125.200.0-255,2902,273586,87,360379
5474,0.047508,172.31.47.0-255,66,273652,87,360379
5475,0.049522,74.125.200.0-255,1484,275136,87,360379
5476,0.049553,74.125.200.0-255,1484,276620,87,360379
5477,0.049558,172.31.47.0-255,66,276686,87,360379
5478,0.049585,74.125.200.0-255,2902,279588,87,360379
5479,0.049589,172.31.47.0-255,66,279654,87,360379
5480,0.051611,74.125.200.0-255,2902,282556,87,360379
5481,0.051617,172.31.47.0-255,66,282622,87,360379
5482,0.051653,74.125.200.0-255,2902,285524,87,360379
5483,0.051656,172.31.47.0-255,66,285590,87,360379
5484,0.053664,74.125.200.0-255,2902,288492,87,360379
5485,0.053669,172.31.47.0-255,66,288558,87,360379
5486,0.053698,74.125.200.0-255,2902,291460,87,360379
5487,0.0537,172.31.47.0-255,66,291526,87,360379
5488,0.055731,74.125.200.0-255,2902,294428,87,360379
5489,0.055736,172.31.47.0-255,66,294494,87,360379
5490,0.05576,74.125.200.0-255,2902,297396,87,360379
5491,0.055764,172.31.47.0-255,66,297462,87,360379
5492,0.057787,74.125.200.0-255,2902,300364,87,360379
5493,0.057792,172.31.47.0-255,66,300430,87,360379
5494,0.057824,74.125.200.0-255,2902,303332,87,360379
5495,0.057827,172.31.47.0-255,66,303398,87,360379
5496,0.059856,74.125.200.0-255,2902,306300,87,360379
5497,0.059861,172.31.47.0-255,66,306366,87,360379
5498,0.059897,74.125.200.0-255,2902,309268,87,360379
5499,0.0599,172.31.47.0-255,66,309334,87,360379
5500,0.06194,74.125.200.0-255,2902,312236,87,360379
5501,0.061944,172.31.47.0-255,66,312302,87,360379
5502,0.061971,74.125.200.0-255,2902,315204,87,360379
5503,0.061974,172.31.47.0-255,66,315270,87,360379
5504,0.064005,74.125.200.0-255,2902,318172,87,360379
5505,0.06401,172.31.47.0-255,66,318238,87,360379
5506,0.064042,74.125.200.0-255,2902,321140,87,360379
5507,0.064045,172.31.47.0-255,66,321206,87,360379
5508,0.066054,74.125.200.0-255,2902,324108,87,360379
5509,0.066059,172.31.47.0-255,66,324174,87,360379
5510,0.066089,74.125.200.0-255,2902,327076,87,360379
5511,0.066093,172.31.47.0-255,66,327142,87,360379
5512,0.068114,74.125.200.0-255,2902,330044,87,360379
5513,0.068118,172.31.47.0-255,66,330110,87,360379
5514,0.068152,74.125.200.0-255,2902,333012,87,360379
5515,0.068155,172.31.47.0-255,66,333078,87,360379
5516,0.070173,74.125.200.0-255,2902,335980,87,360379
5517,0.070178,172.31.47.0-255,66,336046,87,360379
5518,0.07021,74.125.200.0-255,2902,338948,87,360379
5519,0.070214,172.31.47.0-255,66,339014,87,360379
5520,0.07223,74.125.200.0-255,1484,340498,87,360379
5521,0.072266,74.125.200.0-255,4320,344818,87,360379
5522,0.072271,172.31.47.0-255,66,344884,87,360379
5523,0.074329,74.125.200.0-255,5738,350622,87,360379
5524,0.074334,172.31.47.0-255,66,350688,87,360379
5525,0.076398,74.125.200.0-255,5738,356426,87,360379
5526,0.076403,172.31.47.0-255,66,356492,87,360379
5527,0.078464,74.125.200.0-255,3650,360142,87,360379
5528,0.078469,172.31.47.0-255,66,360208,87,360379
5529,0.078669,172.31.47.0-255,105,360313,87,360379
5530,0.080673,74.125.200.0-255,66,360379,87,360379
5531,0.0,74.125.200.0-255,153,153,87,410324
5532,2.4e-05,172.31.47.0-255,66,219,87,410324
5533,3e-05,74.125.200.0-255,1484,1703,87,410324
5534,3.3e-05,172.31.47.0-255,66,1769,87,410324
5535,3.7e-05,74.125.200.0-255,2902,4671,87,410324
5536,3.9e-05,172.31.47.0-255,66,4737,87,410324
5537,7.5e-05,74.125.200.0-255,1484,6221,87,410324
5538,7.7e-05,172.31.47.0-255,66,6287,87,410324
5539,8.1e-05,74.125.200.0-255,2902,9189,87,410324
5540,8.3e-05,172.31.47.0-255,66,9255,87,410324
5541,0.000114,74.125.200.0-255,2902,12157,87,410324
5542,0.000116,172.31.47.0-255,66,12223,87,410324
5543,0.000132,74.125.200.0-255,2134,14357,87,410324
5544,0.000134,172.31.47.0-255,66,14423,87,410324
5545,0.000199,74.125.200.0-255,1484,15907,87,410324
5546,0.000202,172.31.47.0-255,66,15973,87,410324
5547,0.000207,74.125.200.0-255,2902,18875,87,410324
5548,0.000209,172.31.47.0-255,66,18941,87,410324
5549,0.00024,74.125.200.0-255,5738,24679,87,410324
5550,0.000243,172.31.47.0-255,66,24745,87,410324
5551,0.000269,74.125.200.0-255,6797,31542,87,410324
5552,0.000273,172.31.47.0-255,66,31608,87,410324
5553,0.000474,74.125.200.0-255,1484,33092,87,410324
5554,0.000477,172.31.47.0-255,66,33158,87,410324
5555,0.000501,74.125.200.0-255,2902,36060,87,410324
5556,0.000504,172.31.47.0-255,66,36126,87,410324
5557,0.000533,74.125.200.0-255,2902,39028,87,410324
5558,0.000535,172.31.47.0-255,66,39094,87,410324
5559,0.00054,74.125.200.0-255,4320,43414,87,410324
5560,0.000542,172.31.47.0-255,66,43480,87,410324
5561,0.000568,74.125.200.0-255,4320,47800,87,410324
5562,0.000571,172.31.47.0-255,66,47866,87,410324
5563,0.000595,74.125.200.0-255,4320,52186,87,410324
5564,0.000597,172.31.47.0-255,66,52252,87,410324
5565,0.000609,74.125.200.0-255,1125,53377,87,410324
5566,0.000616,74.125.200.0-255,1484,54861,87,410324
5567,0.000631,172.31.47.0-255,66,54927,87,410324
5568,0.000635,74.125.200.0-255,2902,57829,87,410324
5569,0.000637,172.31.47.0-255,66,57895,87,410324
5570,0.000657,74.125.200.0-255,2902,60797,87,410324
5571,0.000659,172.31.47.0-255,66,60863,87,410324
5572,0.000678,74.125.200.0-255,2902,63765,87,410324
5573,0.000684,172.31.47.0-255,66,63831,87,410324
5574,0.000687,74.125.200.0-255,1484,65315,87,410324
5575,0.000703,74.125.200.0-255,1395,66710,87,410324
5576,0.000705,172.31.47.0-255,66,66776,87,410324
5577,0.000839,74.125.200.0-255,132,66908,87,410324
5578,0.000991,74.125.200.0-255,1484,68392,87,410324
5579,0.001005,172.31.47.0-255,66,68458,87,410324
5580,0.00101,74.125.200.0-255,2902,71360,87,410324
5581,0.001012,172.31.47.0-255,66,71426,87,410324
5582,0.001014,74.125.200.0-255,1484,72910,87,410324
5583,0.001033,74.125.200.0-255,2902,75812,87,410324
5584,0.001035,172.31.47.0-255,66,75878,87,410324
5585,0.001039,74.125.200.0-255,2902,78780,87,410324
5586,0.001041,172.31.47.0-255,66,78846,87,410324
5587,0.00106,74.125.200.0-255,2902,81748,87,410324
5588,0.001062,172.31.47.0-255,66,81814,87,410324
5589,0.001092,74.125.200.0-255,3961,85775,87,410324
5590,0.001096,172.31.47.0-255,66,85841,87,410324
5591,0.001101,74.125.200.0-255,4320,90161,87,410324
5592,0.001103,172.31.47.0-255,66,90227,87,410324
5593,0.001109,74.125.200.0-255,5738,95965,87,410324
5594,0.001118,172.31.47.0-255,66,96031,87,410324
5595,0.001151,74.125.200.0-255,4320,100351,87,410324
5596,0.001154,172.31.47.0-255,66,100417,87,410324
5597,0.001157,74.125.200.0-255,1125,101542,87,410324
5598,0.001186,74.125.200.0-255,1484,103026,87,410324
5599,0.001189,172.31.47.0-255,66,103092,87,410324
5600,0.001192,74.125.200.0-255,1484,104576,87,410324
5601,0.00122,74.125.200.0-255,1484,106060,87,410324
5602,0.001225,172.31.47.0-255,66,106126,87,410324
5603,0.001233,74.125.200.0-255,5738,111864,87,410324
5604,0.001235,172.31.47.0-255,66,111930,87,410324
5605,0.001239,74.125.200.0-255,2902,114832,87,410324
5606,0.001247,172.31.47.0-255,66,114898,87,410324
5607,0.001286,74.125.200.0-255,4320,119218,87,410324
5608,0.001289,172.31.47.0-255,66,119284,87,410324
5609,0.001307,172.31.47.0-255,66,119350,87,410324
5610,0.00131,74.125.200.0-255,2184,121534,87,410324
5611,0.001313,172.31.47.0-255,66,121600,87,410324
5612,0.001338,74.125.200.0-255,1484,123084,87,410324
5613,0.001352,74.125.200.0-255,2902,125986,87,410324
5614,0.001354,172.31.47.0-255,66,126052,87,410324
5615,0.001357,74.125.200.0-255,1484,127536,87,410324
5616,0.001383,74.125.200.0-255,4320,131856,87,410324
5617,0.001385,172.31.47.0-255,66,131922,87,410324
5618,0.001387,74.125.200.0-255,1484,133406,87,410324
5619,0.001391,74.125.200.0-255,2902,136308,87,410324
5620,0.001393,172.31.47.0-255,66,136374,87,410324
5621,0.001424,74.125.200.0-255,5738,142112,87,410324
5622,0.001426,172.31.47.0-255,66,142178,87,410324
5623,0.001429,74.125.200.0-255,2902,145080,87,410324
5624,0.001432,172.31.47.0-255,66,145146,87,410324
5625,0.00146,74.125.200.0-255,4320,149466,87,410324
5626,0.001462,172.31.47.0-255,66,149532,87,410324
5627,0.001491,74.125.200.0-255,5738,155270,87,410324
5628,0.001493,172.31.47.0-255,66,155336,87,410324
5629,0.001519,74.125.200.0-255,470,155806,87,410324
5630,0.001613,74.125.200.0-255,1484,157290,87,410324
5631,0.001615,172.31.47.0-255,66,157356,87,410324
5632,0.001625,74.125.200.0-255,1484,158840,87,410324
5633,0.001639,74.125.200.0-255,2902,161742,87,410324
5634,0.001641,172.31.47.0-255,66,161808,87,410324
5635,0.001668,74.125.200.0-255,5738,167546,87,410324
5636,0.00167,172.31.47.0-255,66,167612,87,410324
5637,0.001674,74.125.200.0-255,2902,170514,87,410324
5638,0.001676,172.31.47.0-255,66,170580,87,410324
5639,0.001713,74.125.200.0-255,3961,174541,87,410324
5640,0.001715,172.31.47.0-255,66,174607,87,410324
5641,0.001736,74.125.200.0-255,1484,176091,87,410324
5642,0.00174,74.125.200.0-255,2902,178993,87,410324
5643,0.001742,172.31.47.0-255,66,179059,87,410324
5644,0.001768,74.125.200.0-255,5738,184797,87,410324
5645,0.00177,172.31.47.0-255,66,184863,87,410324
5646,0.001785,74.125.200.0-255,1484,186347,87,410324
5647,0.001796,74.125.200.0-255,1484,187831,87,410324
5648,0.001797,172.31.47.0-255,66,187897,87,410324
5649,0.001826,74.125.200.0-255,4320,192217,87,410324
5650,0.001828,172.31.47.0-255,66,192283,87,410324
5651,0.001854,74.125.200.0-255,5738,198021,87,410324
5652,0.001856,172.31.47.0-255,66,198087,87,410324
5653,0.001877,74.125.200.0-255,1484,199571,87,410324
5654,0.001894,74.125.200.0-255,7156,206727,87,410324
5655,0.001896,172.31.47.0-255,66,206793,87,410324
5656,0.001906,74.125.200.0-255,766,207559,87,410324
5657,0.002143,74.125.200.0-255,1484,209043,87,410324
5658,0.002145,172.31.47.0-255,66,209109,87,410324
5659,0.002148,74.125.200.0-255,1484,210593,87,410324
5660,0.002168,74.125.200.0-255,1484,212077,87,410324
5661,0.00217,172.31.47.0-255,66,212143,87,410324
5662,0.002177,74.125.200.0-255,5738,217881,87,410324
5663,0.002179,172.31.47.0-255,66,217947,87,410324
5664,0.002206,74.125.200.0-255,2902,220849,87,410324
5665,0.002208,172.31.47.0-255,66,220915,87,410324
5666,0.002213,74.125.200.0-255,4320,225235,87,410324
5667,0.002214,172.31.47.0-255,66,225301,87,410324
5668,0.002218,74.125.200.0-255,2902,228203,87,410324
5669,0.00222,172.31.47.0-255,66,228269,87,410324
5670,0.002252,74.125.200.0-255,5738,234007,87,410324
5671,0.002255,172.31.47.0-255,66,234073,87,410324
5672,0.002264,74.125.200.0-255,2902,236975,87,410324
5673,0.00227,172.31.47.0-255,66,237041,87,410324
5674,0.002327,74.125.200.0-255,5020,242061,87,410324
5675,0.002329,172.31.47.0-255,66,242127,87,410324
5676,0.004613,74.125.200.0-255,4320,246447,87,410324
5677,0.004616,172.31.47.0-255,66,246513,87,410324
5678,0.004643,74.125.200.0-255,1484,247997,87,410324
5679,0.006899,74.125.200.0-255,4320,252317,87,410324
5680,0.006905,172.31.47.0-255,66,252383,87,410324
5681,0.009194,74.125.200.0-255,5738,258121,87,410324
5682,0.009201,172.31.47.0-255,66,258187,87,410324
5683,0.011494,74.125.200.0-255,5738,263925,87,410324
5684,0.011502,172.31.47.0-255,66,263991,87,410324
5685,0.013801,74.125.200.0-255,5738,269729,87,410324
5686,0.01381,172.31.47.0-255,66,269795,87,410324
5687,0.016109,74.125.200.0-255,5738,275533,87,410324
5688,0.016117,172.31.47.0-255,66,275599,87,410324
5689,0.018443,74.125.200.0-255,5738,281337,87,410324
5690,0.01845,172.31.47.0-255,66,281403,87,410324
5691,0.020737,74.125.200.0-255,4320,285723,87,410324
5692,0.020743,172.31.47.0-255,66,285789,87,410324
5693,0.02077,74.125.200.0-255,1484,287273,87,410324
5694,0.023024,74.125.200.0-255,4320,291593,87,410324
5695,0.023028,172.31.47.0-255,66,291659,87,410324
5696,0.02532,74.125.200.0-255,5738,297397,87,410324
5697,0.025327,172.31.47.0-255,66,297463,87,410324
5698,0.027619,74.125.200.0-255,4320,301783,87,410324
5699,0.027625,172.31.47.0-255,66,301849,87,410324
5700,0.027656,74.125.200.0-255,1484,303333,87,410324
5701,0.028317,172.31.47.0-255,172,303505,87,410324
5702,0.028344,172.31.47.0-255,1112,304617,87,410324
5703,0.028378,172.31.47.0-255,1514,306131,87,410324
5704,0.028398,172.31.47.0-255,1292,307423,87,410324
5705,0.029828,104.244.42.0-255,66,307489,87,410324
5706,0.029847,104.244.42.0-255,66,307555,87,410324
5707,0.029901,74.125.200.0-255,1484,309039,87,410324
5708,0.029904,172.31.47.0-255,66,309105,87,410324
5709,0.02993,104.244.42.0-255,66,309171,87,410324
5710,0.029933,74.125.200.0-255,1484,310655,87,410324
5711,0.03219,74.125.200.0-255,4320,314975,87,410324
5712,0.032196,172.31.47.0-255,66,315041,87,410324
5713,0.034481,74.125.200.0-255,5738,320779,87,410324
5714,0.034486,172.31.47.0-255,66,320845,87,410324
5715,0.036777,74.125.200.0-255,5738,326583,87,410324
5716,0.036781,172.31.47.0-255,66,326649,87,410324
5717,0.039081,74.125.200.0-255,2902,329551,87,410324
5718,0.039087,172.31.47.0-255,66,329617,87,410324
5719,0.03912,74.125.200.0-255,2902,332519,87,410324
5720,0.039124,172.31.47.0-255,66,332585,87,410324
5721,0.041361,74.125.200.0-255,2902,335487,87,410324
5722,0.041365,172.31.47.0-255,66,335553,87,410324
5723,0.041411,74.125.200.0-255,2902,338455,87,410324
5724,0.041415,172.31.47.0-255,66,338521,87,410324
5725,0.043647,74.125.200.0-255,2902,341423,87,410324
5726,0.043652,172.31.47.0-255,66,341489,87,410324
5727,0.043696,74.125.200.0-255,2902,344391,87,410324
5728,0.0437,172.31.47.0-255,66,344457,87,410324
5729,0.045928,74.125.200.0-255,2902,347359,87,410324
5730,0.045932,172.31.47.0-255,66,347425,87,410324
5731,0.045975,74.125.200.0-255,2902,350327,87,410324
5732,0.045979,172.31.47.0-255,66,350393,87,410324
5733,0.048213,74.125.200.0-255,2902,353295,87,410324
5734,0.048218,172.31.47.0-255,66,353361,87,410324
5735,0.048266,74.125.200.0-255,2902,356263,87,410324
5736,0.048269,172.31.47.0-255,66,356329,87,410324
5737,0.050578,74.125.200.0-255,2902,359231,87,410324
5738,0.050583,172.31.47.0-255,66,359297,87,410324
5739,0.050614,74.125.200.0-255,2902,362199,87,410324
5740,0.050618,172.31.47.0-255,66,362265,87,410324
5741,0.052859,74.125.200.0-255,2902,365167,87,410324
5742,0.052865,172.31.47.0-255,66,365233,87,410324
5743,0.052896,74.125.200.0-255,2902,368135,87,410324
5744,0.052899,172.31.47.0-255,66,368201,87,410324
5745,0.055144,74.125.200.0-255,2902,371103,87,410324
5746,0.055148,172.31.47.0-255,66,371169,87,410324
5747,0.055178,74.125.200.0-255,2902,374071,87,410324
5748,0.055181,172.31.47.0-255,66,374137,87,410324
5749,0.057429,74.125.200.0-255,1484,375621,87,410324
5750,0.057455,74.125.200.0-255,4320,379941,87,410324
5751,0.057459,172.31.47.0-255,66,380007,87,410324
5752,0.059743,74.125.200.0-255,2902,382909,87,410324
5753,0.059748,172.31.47.0-255,66,382975,87,410324
5754,0.059776,74.125.200.0-255,2902,385877,87,410324
5755,0.059779,172.31.47.0-255,66,385943,87,410324
5756,0.062033,74.125.200.0-255,2902,388845,87,410324
5757,0.062039,172.31.47.0-255,66,388911,87,410324
5758,0.062072,74.125.200.0-255,2902,391813,87,410324
5759,0.062075,172.31.47.0-255,66,391879,87,410324
5760,0.064325,74.125.200.0-255,2902,394781,87,410324
5761,0.064329,172.31.47.0-255,66,394847,87,410324
5762,0.064362,74.125.200.0-255,2902,397749,87,410324
5763,0.064364,172.31.47.0-255,66,397815,87,410324
5764,0.066624,74.125.200.0-255,2902,400717,87,410324
5765,0.066629,172.31.47.0-255,66,400783,87,410324
5766,0.066657,74.125.200.0-255,2902,403685,87,410324
5767,0.06666,172.31.47.0-255,66,403751,87,410324
5768,0.068918,74.125.200.0-255,2902,406653,87,410324
5769,0.068923,172.31.47.0-255,66,406719,87,410324
5770,0.068954,74.125.200.0-255,2902,409621,87,410324
5771,0.068957,172.31.47.0-255,66,409687,87,410324
5772,0.071185,74.125.200.0-255,400,410087,87,410324
5773,0.071378,172.31.47.0-255,66,410153,87,410324
5774,0.071404,172.31.47.0-255,105,410258,87,410324
5775,0.073653,74.125.200.0-255,66,410324,87,410324
5776,0.0,172.217.160.0-255,153,153,87,392771
5777,1.7e-05,172.31.47.0-255,66,219,87,392771
5778,2.3e-05,172.217.160.0-255,1484,1703,87,392771
5779,2.8e-05,172.31.47.0-255,66,1769,87,392771
5780,3.3e-05,172.217.160.0-255,2902,4671,87,392771
5781,4.5e-05,172.31.47.0-255,66,4737,87,392771
5782,7.3e-05,172.217.160.0-255,5738,10475,87,392771
5783,7.7e-05,172.31.47.0-255,66,10541,87,392771
5784,0.000106,172.217.160.0-255,3432,13973,87,392771
5785,0.000108,172.31.47.0-255,66,14039,87,392771
5786,0.000134,172.217.160.0-255,1484,15523,87,392771
5787,0.000138,172.31.47.0-255,66,15589,87,392771
5788,0.000164,172.217.160.0-255,2902,18491,87,392771
5789,0.000167,172.31.47.0-255,66,18557,87,392771
5790,0.000172,172.217.160.0-255,2902,21459,87,392771
5791,0.000174,172.31.47.0-255,66,21525,87,392771
5792,0.000204,172.217.160.0-255,1484,23009,87,392771
5793,0.000208,172.31.47.0-255,66,23075,87,392771
5794,0.000213,172.217.160.0-255,2902,25977,87,392771
5795,0.000215,172.31.47.0-255,66,26043,87,392771
5796,0.000225,172.217.160.0-255,4320,30363,87,392771
5797,0.000228,172.31.47.0-255,66,30429,87,392771
5798,0.000241,172.217.160.0-255,1125,31554,87,392771
5799,0.000244,172.31.47.0-255,66,31620,87,392771
5800,0.000288,172.217.160.0-255,1484,33104,87,392771
5801,0.000292,172.31.47.0-255,66,33170,87,392771
5802,0.000298,172.217.160.0-255,4320,37490,87,392771
5803,0.0003,172.31.47.0-255,66,37556,87,392771
5804,0.000338,172.217.160.0-255,5738,43294,87,392771
5805,0.000342,172.31.47.0-255,66,43360,87,392771
5806,0.000371,172.217.160.0-255,5379,48739,87,392771
5807,0.000374,172.31.47.0-255,66,48805,87,392771
5808,0.000725,172.217.160.0-255,1484,50289,87,392771
5809,0.000734,172.217.160.0-255,2902,53191,87,392771
5810,0.000738,172.31.47.0-255,66,53257,87,392771
5811,0.000769,172.217.160.0-255,5738,58995,87,392771
5812,0.000773,172.31.47.0-255,66,59061,87,392771
5813,0.00078,172.217.160.0-255,5738,64799,87,392771
5814,0.000783,172.31.47.0-255,66,64865,87,392771
5815,0.000821,172.217.160.0-255,1397,66262,87,392771
5816,0.001247,172.31.47.0-255,66,66328,87,392771
5817,0.0013,172.217.160.0-255,1484,67812,87,392771
5818,0.001307,172.217.160.0-255,2902,70714,87,392771
5819,0.00131,172.31.47.0-255,66,70780,87,392771
5820,0.001315,172.217.160.0-255,1484,72264,87,392771
5821,0.001344,172.217.160.0-255,4320,76584,87,392771
5822,0.001347,172.31.47.0-255,66,76650,87,392771
5823,0.001353,172.217.160.0-255,4320,80970,87,392771
5824,0.001354,172.31.47.0-255,66,81036,87,392771
5825,0.001359,172.217.160.0-255,2543,83579,87,392771
5826,0.001361,172.31.47.0-255,66,83645,87,392771
5827,0.001369,172.217.160.0-255,406,84051,87,392771
5828,0.00142,172.217.160.0-255,1484,85535,87,392771
5829,0.001424,172.31.47.0-255,66,85601,87,392771
5830,0.001453,172.217.160.0-255,2902,88503,87,392771
5831,0.001456,172.31.47.0-255,66,88569,87,392771
5832,0.001463,172.217.160.0-255,5738,94307,87,392771
5833,0.001465,172.31.47.0-255,66,94373,87,392771
5834,0.001494,172.217.160.0-255,2902,97275,87,392771
5835,0.001497,172.31.47.0-255,66,97341,87,392771
5836,0.001521,172.217.160.0-255,1484,98825,87,392771
5837,0.001527,172.217.160.0-255,2902,101727,87,392771
5838,0.001529,172.31.47.0-255,66,101793,87,392771
5839,0.001535,172.217.160.0-255,4320,106113,87,392771
5840,0.001537,172.31.47.0-255,66,106179,87,392771
5841,0.00161,172.217.160.0-255,5738,111917,87,392771
5842,0.001618,172.217.160.0-255,5770,117687,87,392771
5843,0.001621,172.217.160.0-255,2902,120589,87,392771
5844,0.001625,172.31.47.0-255,66,120655,87,392771
5845,0.001629,172.31.47.0-255,66,120721,87,392771
5846,0.001631,172.31.47.0-255,66,120787,87,392771
5847,0.001662,172.217.160.0-255,3601,124388,87,392771
5848,0.001665,172.31.47.0-255,66,124454,87,392771
5849,0.00167,172.217.160.0-255,4320,128774,87,392771
5850,0.001672,172.31.47.0-255,66,128840,87,392771
5851,0.00169,172.31.47.0-255,66,128906,87,392771
5852,0.001703,172.31.47.0-255,66,128972,87,392771
5853,0.001774,172.31.47.0-255,66,129038,87,392771
5854,0.001781,172.217.160.0-255,5738,134776,87,392771
5855,0.001783,172.31.47.0-255,66,134842,87,392771
5856,0.00179,172.217.160.0-255,575,135417,87,392771
5857,0.001948,172.217.160.0-255,1484,136901,87,392771
5858,0.001952,172.31.47.0-255,66,136967,87,392771
5859,0.003712,172.217.160.0-255,2902,139869,87,392771
5860,0.003718,172.31.47.0-255,66,139935,87,392771
5861,0.003877,172.217.160.0-255,2902,142837,87,392771
5862,0.00388,172.31.47.0-255,66,142903,87,392771
5863,0.005643,172.217.160.0-255,2902,145805,87,392771
5864,0.005646,172.31.47.0-255,66,145871,87,392771
5865,0.005798,172.217.160.0-255,2902,148773,87,392771
5866,0.0058,172.31.47.0-255,66,148839,87,392771
5867,0.00757,172.217.160.0-255,2902,151741,87,392771
5868,0.007573,172.31.47.0-255,66,151807,87,392771
5869,0.007716,172.217.160.0-255,2902,154709,87,392771
5870,0.00772,172.31.47.0-255,66,154775,87,392771
5871,0.009514,172.217.160.0-255,2902,157677,87,392771
5872,0.009521,172.31.47.0-255,66,157743,87,392771
5873,0.00964,172.217.160.0-255,2902,160645,87,392771
5874,0.009645,172.31.47.0-255,66,160711,87,392771
5875,0.011445,172.217.160.0-255,2902,163613,87,392771
5876,0.011451,172.31.47.0-255,66,163679,87,392771
5877,0.011557,172.217.160.0-255,2902,166581,87,392771
5878,0.011561,172.31.47.0-255,66,166647,87,392771
5879,0.013379,172.217.160.0-255,2902,169549,87,392771
5880,0.013388,172.31.47.0-255,66,169615,87,392771
5881,0.01348,172.217.160.0-255,2902,172517,87,392771
5882,0.013485,172.31.47.0-255,66,172583,87,392771
5883,0.015313,172.217.160.0-255,2902,175485,87,392771
5884,0.015318,172.31.47.0-255,66,175551,87,392771
5885,0.015403,172.217.160.0-255,2902,178453,87,392771
5886,0.015407,172.31.47.0-255,66,178519,87,392771
5887,0.017246,172.217.160.0-255,2902,181421,87,392771
5888,0.017252,172.31.47.0-255,66,181487,87,392771
5889,0.017323,172.217.160.0-255,2902,184389,87,392771
5890,0.017326,172.31.47.0-255,66,184455,87,392771
5891,0.019176,172.217.160.0-255,2902,187357,87,392771
5892,0.019182,172.31.47.0-255,66,187423,87,392771
5893,0.019246,172.217.160.0-255,2902,190325,87,392771
5894,0.01925,172.31.47.0-255,66,190391,87,392771
5895,0.020191,172.31.47.0-255,167,190558,87,392771
5896,0.020219,172.31.47.0-255,1112,191670,87,392771
5897,0.02025,172.31.47.0-255,1514,193184,87,392771
5898,0.020251,172.31.47.0-255,1292,194476,87,392771
5899,0.021116,172.217.160.0-255,2902,197378,87,392771
5900,0.021121,172.31.47.0-255,66,197444,87,392771
5901,0.021171,172.217.160.0-255,2902,200346,87,392771
5902,0.021174,172.31.47.0-255,66,200412,87,392771
5903,0.021758,104.244.42.0-255,66,200478,87,392771
5904,0.021794,104.244.42.0-255,66,200544,87,392771
5905,0.021797,104.244.42.0-255,66,200610,87,392771
5906,0.023051,172.217.160.0-255,2902,203512,87,392771
5907,0.023056,172.31.47.0-255,66,203578,87,392771
5908,0.023096,172.217.160.0-255,2902,206480,87,392771
5909,0.023098,172.31.47.0-255,66,206546,87,392771
5910,0.024972,172.217.160.0-255,2902,209448,87,392771
5911,0.024978,172.31.47.0-255,66,209514,87,392771
5912,0.025009,172.217.160.0-255,1484,210998,87,392771
5913,0.02503,172.217.160.0-255,1484,212482,87,392771
5914,0.025034,172.31.47.0-255,66,212548,87,392771
5915,0.026905,172.217.160.0-255,2902,215450,87,392771
5916,0.02691,172.31.47.0-255,66,215516,87,392771
5917,0.026952,172.217.160.0-255,2902,218418,87,392771
5918,0.026957,172.31.47.0-255,66,218484,87,392771
5919,0.028832,172.217.160.0-255,2902,221386,87,392771
5920,0.028838,172.31.47.0-255,66,221452,87,392771
5921,0.028876,172.217.160.0-255,1484,222936,87,392771
5922,0.028892,172.217.160.0-255,1484,224420,87,392771
5923,0.028896,172.31.47.0-255,66,224486,87,392771
5924,0.030755,172.217.160.0-255,2902,227388,87,392771
5925,0.03076,172.31.47.0-255,66,227454,87,392771
5926,0.030805,172.217.160.0-255,1484,228938,87,392771
5927,0.030816,172.217.160.0-255,1484,230422,87,392771
5928,0.030819,172.31.47.0-255,66,230488,87,392771
5929,0.032688,172.217.160.0-255,2902,233390,87,392771
5930,0.032693,172.31.47.0-255,66,233456,87,392771
5931,0.032727,172.217.160.0-255,1484,234940,87,392771
5932,0.03274,172.217.160.0-255,1484,236424,87,392771
5933,0.032742,172.31.47.0-255,66,236490,87,392771
5934,0.034616,172.217.160.0-255,2902,239392,87,392771
5935,0.034621,172.31.47.0-255,66,239458,87,392771
5936,0.034669,172.217.160.0-255,2902,242360,87,392771
5937,0.034673,172.31.47.0-255,66,242426,87,392771
5938,0.036547,172.217.160.0-255,2902,245328,87,392771
5939,0.036552,172.31.47.0-255,66,245394,87,392771
5940,0.036599,172.217.160.0-255,2902,248296,87,392771
5941,0.036603,172.31.47.0-255,66,248362,87,392771
5942,0.038482,172.217.160.0-255,2902,251264,87,392771
5943,0.038487,172.31.47.0-255,66,251330,87,392771
5944,0.038524,172.217.160.0-255,2902,254232,87,392771
5945,0.038527,172.31.47.0-255,66,254298,87,392771
5946,0.040416,172.217.160.0-255,2902,257200,87,392771
5947,0.040421,172.31.47.0-255,66,257266,87,392771
5948,0.040495,172.217.160.0-255,2902,260168,87,392771
5949,0.0405,172.31.47.0-255,66,260234,87,392771
5950,0.042342,172.217.160.0-255,2902,263136,87,392771
5951,0.042346,172.31.47.0-255,66,263202,87,392771
5952,0.042416,172.217.160.0-255,2902,266104,87,392771
5953,0.04242,172.31.47.0-255,66,266170,87,392771
5954,0.04427,172.217.160.0-255,2902,269072,87,392771
5955,0.044275,172.31.47.0-255,66,269138,87,392771
5956,0.044336,172.217.160.0-255,2902,272040,87,392771
5957,0.04434,172.31.47.0-255,66,272106,87,392771
5958,0.046224,172.217.160.0-255,2902,275008,87,392771
5959,0.04623,172.31.47.0-255,66,275074,87,392771
5960,0.046256,172.217.160.0-255,2902,277976,87,392771
5961,0.046259,172.31.47.0-255,66,278042,87,392771
5962,0.048148,172.217.160.0-255,2902,280944,87,392771
5963,0.048153,172.31.47.0-255,66,281010,87,392771
5964,0.048184,172.217.160.0-255,2902,283912,87,392771
5965,0.048186,172.31.47.0-255,66,283978,87,392771
5966,0.050076,172.217.160.0-255,2902,286880,87,392771
5967,0.05008,172.31.47.0-255,66,286946,87,392771
5968,0.05011,172.217.160.0-255,2902,289848,87,392771
5969,0.050113,172.31.47.0-255,66,289914,87,392771
5970,0.052022,172.217.160.0-255,2902,292816,87,392771
5971,0.052027,172.31.47.0-255,66,292882,87,392771
5972,0.052058,172.217.160.0-255,2902,295784,87,392771
5973,0.05206,172.31.47.0-255,66,295850,87,392771
5974,0.053947,172.217.160.0-255,2902,298752,87,392771
5975,0.053952,172.31.47.0-255,66,298818,87,392771
5976,0.054006,172.217.160.0-255,2902,301720,87,392771
5977,0.054008,172.31.47.0-255,66,301786,87,392771
5978,0.055893,172.217.160.0-255,2902,304688,87,392771
5979,0.055897,172.31.47.0-255,66,304754,87,392771
5980,0.055931,172.217.160.0-255,2902,307656,87,392771
5981,0.055933,172.31.47.0-255,66,307722,87,392771
5982,0.057821,172.217.160.0-255,2902,310624,87,392771
5983,0.057825,172.31.47.0-255,66,310690,87,392771
5984,0.057858,172.217.160.0-255,2902,313592,87,392771
5985,0.057861,172.31.47.0-255,66,313658,87,392771
5986,0.059743,172.217.160.0-255,2902,316560,87,392771
5987,0.059749,172.31.47.0-255,66,316626,87,392771
5988,0.059786,172.217.160.0-255,2902,319528,87,392771
5989,0.059789,172.31.47.0-255,66,319594,87,392771
5990,0.061691,172.217.160.0-255,1484,321078,87,392771
5991,0.061719,172.217.160.0-255,4320,325398,87,392771
5992,0.061724,172.31.47.0-255,66,325464,87,392771
5993,0.063662,172.217.160.0-255,5738,331202,87,392771
5994,0.063668,172.31.47.0-255,66,331268,87,392771
5995,0.065592,172.217.160.0-255,4320,335588,87,392771
5996,0.065597,172.31.47.0-255,66,335654,87,392771
5997,0.065631,172.217.160.0-255,1484,337138,87,392771
5998,0.067522,172.217.160.0-255,4320,341458,87,392771
5999,0.067526,172.31.47.0-255,66,341524,87,392771
6000,0.069463,172.217.160.0-255,5738,347262,87,392771
6001,0.069468,172.31.47.0-255,66,347328,87,392771
6002,0.071398,172.217.160.0-255,5738,353066,87,392771
6003,0.071403,172.31.47.0-255,66,353132,87,392771
6004,0.073319,172.217.160.0-255,5738,358870,87,392771
6005,0.073324,172.31.47.0-255,66,358936,87,392771
6006,0.075261,172.217.160.0-255,5738,364674,87,392771
6007,0.075266,172.31.47.0-255,66,364740,87,392771
6008,0.077186,172.217.160.0-255,4320,369060,87,392771
6009,0.07719,172.31.47.0-255,66,369126,87,392771
6010,0.077216,172.217.160.0-255,1484,370610,87,392771
6011,0.079108,172.217.160.0-255,4320,374930,87,392771
6012,0.079113,172.31.47.0-255,66,374996,87,392771
6013,0.081035,172.217.160.0-255,4320,379316,87,392771
6014,0.08104,172.31.47.0-255,66,379382,87,392771
6015,0.081071,172.217.160.0-255,1484,380866,87,392771
6016,0.082969,172.217.160.0-255,4320,385186,87,392771
6017,0.082975,172.31.47.0-255,66,385252,87,392771
6018,0.084903,172.217.160.0-255,4320,389572,87,392771
6019,0.084908,172.31.47.0-255,66,389638,87,392771
6020,0.084939,172.217.160.0-255,1484,391122,87,392771
6021,0.086824,172.217.160.0-255,1412,392534,87,392771
6022,0.086828,172.31.47.0-255,66,392600,87,392771
6023,0.086973,172.31.47.0-255,105,392705,87,392771
6024,0.088868,172.217.160.0-255,66,392771,87,392771
6025,0.0,172.217.24.0-255,153,153,87,363071
6026,2.4e-05,172.31.47.0-255,66,219,87,363071
6027,3e-05,172.217.24.0-255,1484,1703,87,363071
6028,3.4e-05,172.31.47.0-255,66,1769,87,363071
6029,3.8e-05,172.217.24.0-255,2902,4671,87,363071
6030,4e-05,172.31.47.0-255,66,4737,87,363071
6031,5.3e-05,172.217.24.0-255,5738,10475,87,363071
6032,5.5e-05,172.31.47.0-255,66,10541,87,363071
6033,9e-05,172.217.24.0-255,1484,12025,87,363071
6034,9.2e-05,172.31.47.0-255,66,12091,87,363071
6035,0.000101,172.31.47.0-255,66,12157,87,363071
6036,0.000105,172.217.24.0-255,4320,16477,87,363071
6037,0.000111,172.31.47.0-255,66,16543,87,363071
6038,0.000145,172.217.24.0-255,6797,23340,87,363071
6039,0.000149,172.31.47.0-255,66,23406,87,363071
6040,0.000153,172.217.24.0-255,2902,26308,87,363071
6041,0.000154,172.31.47.0-255,66,26374,87,363071
6042,0.000158,172.217.24.0-255,2902,29276,87,363071
6043,0.000159,172.31.47.0-255,66,29342,87,363071
6044,0.000192,172.217.24.0-255,1484,30826,87,363071
6045,0.000195,172.31.47.0-255,66,30892,87,363071
6046,0.000211,172.31.47.0-255,66,30958,87,363071
6047,0.000213,172.217.24.0-255,1125,32083,87,363071
6048,0.000215,172.31.47.0-255,66,32149,87,363071
6049,0.00047,172.217.24.0-255,1484,33633,87,363071
6050,0.000474,172.31.47.0-255,66,33699,87,363071
6051,0.000479,172.217.24.0-255,2902,36601,87,363071
6052,0.00048,172.31.47.0-255,66,36667,87,363071
6053,0.000483,172.217.24.0-255,1484,38151,87,363071
6054,0.000484,172.31.47.0-255,66,38217,87,363071
6055,0.000517,172.217.24.0-255,4320,42537,87,363071
6056,0.000522,172.31.47.0-255,66,42603,87,363071
6057,0.000526,172.217.24.0-255,4320,46923,87,363071
6058,0.000528,172.31.47.0-255,66,46989,87,363071
6059,0.000554,172.217.24.0-255,2836,49825,87,363071
6060,0.000556,172.31.47.0-255,66,49891,87,363071
6061,0.001782,172.217.24.0-255,1484,51375,87,363071
6062,0.001795,172.217.24.0-255,2902,54277,87,363071
6063,0.001799,172.31.47.0-255,66,54343,87,363071
6064,0.001807,172.217.24.0-255,5738,60081,87,363071
6065,0.001809,172.31.47.0-255,66,60147,87,363071
6066,0.001875,172.217.24.0-255,6797,66944,87,363071
6067,0.001878,172.31.47.0-255,66,67010,87,363071
6068,0.001887,172.217.24.0-255,7156,74166,87,363071
6069,0.001889,172.31.47.0-255,66,74232,87,363071
6070,0.001905,172.31.47.0-255,66,74298,87,363071
6071,0.001918,172.31.47.0-255,66,74364,87,363071
6072,0.001926,172.217.24.0-255,4640,79004,87,363071
6073,0.001931,172.31.47.0-255,66,79070,87,363071
6074,0.003861,172.217.24.0-255,5738,84808,87,363071
6075,0.003866,172.31.47.0-255,66,84874,87,363071
6076,0.0058,172.217.24.0-255,4320,89194,87,363071
6077,0.005805,172.31.47.0-255,66,89260,87,363071
6078,0.005831,172.217.24.0-255,1484,90744,87,363071
6079,0.007758,172.217.24.0-255,4320,95064,87,363071
6080,0.007764,172.31.47.0-255,66,95130,87,363071
6081,0.009721,172.217.24.0-255,5738,100868,87,363071
6082,0.009728,172.31.47.0-255,66,100934,87,363071
6083,0.011679,172.217.24.0-255,5738,106672,87,363071
6084,0.011685,172.31.47.0-255,66,106738,87,363071
6085,0.013637,172.217.24.0-255,5738,112476,87,363071
6086,0.013646,172.31.47.0-255,66,112542,87,363071
6087,0.015592,172.217.24.0-255,5738,118280,87,363071
6088,0.0156,172.31.47.0-255,66,118346,87,363071
6089,0.017541,172.217.24.0-255,5738,124084,87,363071
6090,0.01755,172.31.47.0-255,66,124150,87,363071
6091,0.019505,172.217.24.0-255,5738,129888,87,363071
6092,0.019512,172.31.47.0-255,66,129954,87,363071
6093,0.021451,172.217.24.0-255,5738,135692,87,363071
6094,0.021458,172.31.47.0-255,66,135758,87,363071
6095,0.023416,172.217.24.0-255,5738,141496,87,363071
6096,0.023427,172.31.47.0-255,66,141562,87,363071
6097,0.025379,172.217.24.0-255,5738,147300,87,363071
6098,0.025389,172.31.47.0-255,66,147366,87,363071
6099,0.027347,172.217.24.0-255,5738,153104,87,363071
6100,0.027359,172.31.47.0-255,66,153170,87,363071
6101,0.028204,172.31.47.0-255,171,153341,87,363071
6102,0.028235,172.31.47.0-255,1127,154468,87,363071
6103,0.028284,172.31.47.0-255,1514,155982,87,363071
6104,0.028286,172.31.47.0-255,1277,157259,87,363071
6105,0.029296,172.217.24.0-255,5738,162997,87,363071
6106,0.029302,172.31.47.0-255,66,163063,87,363071
6107,0.029784,104.244.42.0-255,66,163129,87,363071
6108,0.029791,104.244.42.0-255,66,163195,87,363071
6109,0.029822,104.244.42.0-255,66,163261,87,363071
6110,0.031241,172.217.24.0-255,1484,164745,87,363071
6111,0.031274,172.217.24.0-255,4320,169065,87,363071
6112,0.031279,172.31.47.0-255,66,169131,87,363071
6113,0.033215,172.217.24.0-255,5738,174869,87,363071
6114,0.03322,172.31.47.0-255,66,174935,87,363071
6115,0.03517,172.217.24.0-255,5738,180673,87,363071
6116,0.035176,172.31.47.0-255,66,180739,87,363071
6117,0.03713,172.217.24.0-255,4320,185059,87,363071
6118,0.037135,172.31.47.0-255,66,185125,87,363071
6119,0.037159,172.217.24.0-255,1484,186609,87,363071
6120,0.039068,172.217.24.0-255,4320,190929,87,363071
6121,0.039073,172.31.47.0-255,66,190995,87,363071
6122,0.041015,172.217.24.0-255,4320,195315,87,363071
6123,0.041021,172.31.47.0-255,66,195381,87,363071
6124,0.041052,172.217.24.0-255,1484,196865,87,363071
6125,0.042973,172.217.24.0-255,4320,201185,87,363071
6126,0.042978,172.31.47.0-255,66,201251,87,363071
6127,0.044922,172.217.24.0-255,5738,206989,87,363071
6128,0.044929,172.31.47.0-255,66,207055,87,363071
6129,0.046864,172.217.24.0-255,5738,212793,87,363071
6130,0.046869,172.31.47.0-255,66,212859,87,363071
6131,0.048829,172.217.24.0-255,5738,218597,87,363071
6132,0.048836,172.31.47.0-255,66,218663,87,363071
6133,0.05085,172.217.24.0-255,5738,224401,87,363071
6134,0.05087,172.31.47.0-255,66,224467,87,363071
6135,0.052825,172.217.24.0-255,5738,230205,87,363071
6136,0.052839,172.31.47.0-255,66,230271,87,363071
6137,0.054793,172.217.24.0-255,5738,236009,87,363071
6138,0.054806,172.31.47.0-255,66,236075,87,363071
6139,0.056773,172.217.24.0-255,5738,241813,87,363071
6140,0.056791,172.31.47.0-255,66,241879,87,363071
6141,0.058738,172.217.24.0-255,5738,247617,87,363071
6142,0.058747,172.31.47.0-255,66,247683,87,363071
6143,0.060711,172.217.24.0-255,5738,253421,87,363071
6144,0.060727,172.31.47.0-255,66,253487,87,363071
6145,0.062691,172.217.24.0-255,5738,259225,87,363071
6146,0.062705,172.31.47.0-255,66,259291,87,363071
6147,0.064667,172.217.24.0-255,5738,265029,87,363071
6148,0.064686,172.31.47.0-255,66,265095,87,363071
6149,0.066668,172.217.24.0-255,5738,270833,87,363071
6150,0.066687,172.31.47.0-255,66,270899,87,363071
6151,0.068651,172.217.24.0-255,5738,276637,87,363071
6152,0.068671,172.31.47.0-255,66,276703,87,363071
6153,0.070651,172.217.24.0-255,5738,282441,87,363071
6154,0.070671,172.31.47.0-255,66,282507,87,363071
6155,0.072665,172.217.24.0-255,5738,288245,87,363071
6156,0.072682,172.31.47.0-255,66,288311,87,363071
6157,0.074647,172.217.24.0-255,5738,294049,87,363071
6158,0.074659,172.31.47.0-255,66,294115,87,363071
6159,0.076629,172.217.24.0-255,5738,299853,87,363071
6160,0.076647,172.31.47.0-255,66,299919,87,363071
6161,0.078605,172.217.24.0-255,5738,305657,87,363071
6162,0.078616,172.31.47.0-255,66,305723,87,363071
6163,0.080568,172.217.24.0-255,5738,311461,87,363071
6164,0.08058,172.31.47.0-255,66,311527,87,363071
6165,0.08252,172.217.24.0-255,4320,315847,87,363071
6166,0.082544,172.31.47.0-255,66,315913,87,363071
6167,0.08257,172.217.24.0-255,1484,317397,87,363071
6168,0.084483,172.217.24.0-255,4320,321717,87,363071
6169,0.084491,172.31.47.0-255,66,321783,87,363071
6170,0.086426,172.217.24.0-255,5738,327521,87,363071
6171,0.086431,172.31.47.0-255,66,327587,87,363071
6172,0.088368,172.217.24.0-255,5738,333325,87,363071
6173,0.088372,172.31.47.0-255,66,333391,87,363071
6174,0.090297,172.217.24.0-255,2902,336293,87,363071
6175,0.090301,172.31.47.0-255,66,336359,87,363071
6176,0.090335,172.217.24.0-255,2902,339261,87,363071
6177,0.090338,172.31.47.0-255,66,339327,87,363071
6178,0.092233,172.217.24.0-255,2902,342229,87,363071
6179,0.092237,172.31.47.0-255,66,342295,87,363071
6180,0.092271,172.217.24.0-255,2902,345197,87,363071
6181,0.092274,172.31.47.0-255,66,345263,87,363071
6182,0.094173,172.217.24.0-255,2902,348165,87,363071
6183,0.09419,172.31.47.0-255,66,348231,87,363071
6184,0.094217,172.217.24.0-255,2902,351133,87,363071
6185,0.094219,172.31.47.0-255,66,351199,87,363071
6186,0.09613,172.217.24.0-255,2902,354101,87,363071
6187,0.096135,172.31.47.0-255,66,354167,87,363071
6188,0.09616,172.217.24.0-255,2902,357069,87,363071
6189,0.096162,172.31.47.0-255,66,357135,87,363071
6190,0.098067,172.217.24.0-255,2902,360037,87,363071
6191,0.098072,172.31.47.0-255,66,360103,87,363071
6192,0.098114,172.217.24.0-255,2902,363005,87,363071
6193,0.098117,172.31.47.0-255,66,363071,87,363071
6194,0.0,74.125.24.0-255,153,153,87,283646
6195,2.9e-05,172.31.47.0-255,66,219,87,283646
6196,3.6e-05,74.125.24.0-255,1484,1703,87,283646
6197,4e-05,172.31.47.0-255,66,1769,87,283646
6198,4.5e-05,74.125.24.0-255,2902,4671,87,283646
6199,4.7e-05,172.31.47.0-255,66,4737,87,283646
6200,5.3e-05,74.125.24.0-255,7156,11893,87,283646
6201,5.6e-05,172.31.47.0-255,66,11959,87,283646
6202,5.9e-05,74.125.24.0-255,2064,14023,87,283646
6203,6.2e-05,172.31.47.0-255,66,14089,87,283646
6204,0.000121,74.125.24.0-255,5738,19827,87,283646
6205,0.000125,172.31.47.0-255,66,19893,87,283646
6206,0.000141,74.125.24.0-255,2902,22795,87,283646
6207,0.000144,172.31.47.0-255,66,22861,87,283646
6208,0.000162,74.125.24.0-255,2902,25763,87,283646
6209,0.000165,172.31.47.0-255,66,25829,87,283646
6210,0.000189,74.125.24.0-255,5379,31208,87,283646
6211,0.000193,172.31.47.0-255,66,31274,87,283646
6212,0.00021,74.125.24.0-255,1484,32758,87,283646
6213,0.000212,172.31.47.0-255,66,32824,87,283646
6214,0.000225,74.125.24.0-255,4320,37144,87,283646
6215,0.000227,172.31.47.0-255,66,37210,87,283646
6216,0.000234,74.125.24.0-255,7156,44366,87,283646
6217,0.000236,172.31.47.0-255,66,44432,87,283646
6218,0.000279,74.125.24.0-255,7156,51588,87,283646
6219,0.000283,172.31.47.0-255,66,51654,87,283646
6220,0.000303,74.125.24.0-255,1125,52779,87,283646
6221,0.000305,172.31.47.0-255,66,52845,87,283646
6222,0.000316,172.31.47.0-255,66,52911,87,283646
6223,0.000321,74.125.24.0-255,4294,57205,87,283646
6224,0.000324,172.31.47.0-255,66,57271,87,283646
6225,0.000339,74.125.24.0-255,375,57646,87,283646
6226,0.000594,74.125.24.0-255,1484,59130,87,283646
6227,0.000599,172.31.47.0-255,66,59196,87,283646
6228,0.000621,74.125.24.0-255,2902,62098,87,283646
6229,0.000624,172.31.47.0-255,66,62164,87,283646
6230,0.000628,74.125.24.0-255,1484,63648,87,283646
6231,0.000631,74.125.24.0-255,1484,65132,87,283646
6232,0.000633,172.31.47.0-255,66,65198,87,283646
6233,0.000658,74.125.24.0-255,4320,69518,87,283646
6234,0.000661,172.31.47.0-255,66,69584,87,283646
6235,0.000674,172.31.47.0-255,66,69650,87,283646
6236,0.000678,74.125.24.0-255,2902,72552,87,283646
6237,0.00068,172.31.47.0-255,66,72618,87,283646
6238,0.000696,74.125.24.0-255,6438,79056,87,283646
6239,0.000699,172.31.47.0-255,66,79122,87,283646
6240,0.000959,74.125.24.0-255,1484,80606,87,283646
6241,0.000975,74.125.24.0-255,2902,83508,87,283646
6242,0.000979,172.31.47.0-255,66,83574,87,283646
6243,0.000985,74.125.24.0-255,5738,89312,87,283646
6244,0.000987,172.31.47.0-255,66,89378,87,283646
6245,0.001001,74.125.24.0-255,4320,93698,87,283646
6246,0.001004,172.31.47.0-255,66,93764,87,283646
6247,0.001029,172.31.47.0-255,66,93830,87,283646
6248,0.001039,172.31.47.0-255,66,93896,87,283646
6249,0.001053,74.125.24.0-255,2184,96080,87,283646
6250,0.001055,172.31.47.0-255,66,96146,87,283646
6251,0.001451,74.125.24.0-255,1484,97630,87,283646
6252,0.001462,74.125.24.0-255,2902,100532,87,283646
6253,0.001466,172.31.47.0-255,66,100598,87,283646
6254,0.001473,74.125.24.0-255,5738,106336,87,283646
6255,0.001476,172.31.47.0-255,66,106402,87,283646
6256,0.001496,74.125.24.0-255,1484,107886,87,283646
6257,0.001526,172.31.47.0-255,66,107952,87,283646
6258,0.001544,74.125.24.0-255,7156,115108,87,283646
6259,0.001549,172.31.47.0-255,66,115174,87,283646
6260,0.001563,74.125.24.0-255,6438,121612,87,283646
6261,0.001604,172.31.47.0-255,66,121678,87,283646
6262,0.001621,74.125.24.0-255,1484,123162,87,283646
6263,0.001627,74.125.24.0-255,2902,126064,87,283646
6264,0.001629,172.31.47.0-255,66,126130,87,283646
6265,0.001635,74.125.24.0-255,5738,131868,87,283646
6266,0.001637,172.31.47.0-255,66,131934,87,283646
6267,0.001643,74.125.24.0-255,5738,137672,87,283646
6268,0.001645,172.31.47.0-255,66,137738,87,283646
6269,0.001669,74.125.24.0-255,1484,139222,87,283646
6270,0.001685,172.31.47.0-255,66,139288,87,283646
6271,0.001689,74.125.24.0-255,2184,141472,87,283646
6272,0.001692,172.31.47.0-255,66,141538,87,283646
6273,0.001751,74.125.24.0-255,1484,143022,87,283646
6274,0.001756,74.125.24.0-255,1484,144506,87,283646
6275,0.001761,172.31.47.0-255,66,144572,87,283646
6276,0.001779,74.125.24.0-255,1484,146056,87,283646
6277,0.001786,74.125.24.0-255,5738,151794,87,283646
6278,0.001788,172.31.47.0-255,66,151860,87,283646
6279,0.001794,74.125.24.0-255,5738,157598,87,283646
6280,0.001796,172.31.47.0-255,66,157664,87,283646
6281,0.001831,172.31.47.0-255,66,157730,87,283646
6282,0.001849,74.125.24.0-255,1484,159214,87,283646
6283,0.001879,74.125.24.0-255,3602,162816,87,283646
6284,0.001883,172.31.47.0-255,66,162882,87,283646
6285,0.002006,74.125.24.0-255,1484,164366,87,283646
6286,0.002012,74.125.24.0-255,2902,167268,87,283646
6287,0.002015,172.31.47.0-255,66,167334,87,283646
6288,0.00202,74.125.24.0-255,2902,170236,87,283646
6289,0.002023,172.31.47.0-255,66,170302,87,283646
6290,0.002037,74.125.24.0-255,2902,173204,87,283646
6291,0.002039,172.31.47.0-255,66,173270,87,283646
6292,0.002062,74.125.24.0-255,7156,180426,87,283646
6293,0.002066,172.31.47.0-255,66,180492,87,283646
6294,0.002095,74.125.24.0-255,5738,186230,87,283646
6295,0.002098,172.31.47.0-255,66,186296,87,283646
6296,0.002107,172.31.47.0-255,66,186362,87,283646
6297,0.002111,74.125.24.0-255,4320,190682,87,283646
6298,0.002113,172.31.47.0-255,66,190748,87,283646
6299,0.002161,172.31.47.0-255,66,190814,87,283646
6300,0.002166,74.125.24.0-255,5738,196552,87,283646
6301,0.002168,172.31.47.0-255,66,196618,87,283646
6302,0.002174,74.125.24.0-255,6438,203056,87,283646
6303,0.002176,172.31.47.0-255,66,203122,87,283646
6304,0.002206,74.125.24.0-255,7156,210278,87,283646
6305,0.002209,172.31.47.0-255,66,210344,87,283646
6306,0.002222,172.31.47.0-255,66,210410,87,283646
6307,0.002233,172.31.47.0-255,66,210476,87,283646
6308,0.002268,172.31.47.0-255,66,210542,87,283646
6309,0.004447,74.125.24.0-255,1484,212026,87,283646
6310,0.0045,74.125.24.0-255,4320,216346,87,283646
6311,0.004504,172.31.47.0-255,66,216412,87,283646
6312,0.006711,74.125.24.0-255,4320,220732,87,283646
6313,0.006716,172.31.47.0-255,66,220798,87,283646
6314,0.006739,74.125.24.0-255,1484,222282,87,283646
6315,0.008935,74.125.24.0-255,4320,226602,87,283646
6316,0.008943,172.31.47.0-255,66,226668,87,283646
6317,0.011151,74.125.24.0-255,5738,232406,87,283646
6318,0.01116,172.31.47.0-255,66,232472,87,283646
6319,0.013347,74.125.24.0-255,5738,238210,87,283646
6320,0.013353,172.31.47.0-255,66,238276,87,283646
6321,0.015569,74.125.24.0-255,5738,244014,87,283646
6322,0.01558,172.31.47.0-255,66,244080,87,283646
6323,0.01779,74.125.24.0-255,5738,249818,87,283646
6324,0.017801,172.31.47.0-255,66,249884,87,283646
6325,0.019989,74.125.24.0-255,5738,255622,87,283646
6326,0.020001,172.31.47.0-255,66,255688,87,283646
6327,0.022236,74.125.24.0-255,5738,261426,87,283646
6328,0.022249,172.31.47.0-255,66,261492,87,283646
6329,0.024468,74.125.24.0-255,5738,267230,87,283646
6330,0.024474,172.31.47.0-255,66,267296,87,283646
6331,0.025306,172.31.47.0-255,172,267468,87,283646
6332,0.025335,172.31.47.0-255,1107,268575,87,283646
6333,0.025381,172.31.47.0-255,1514,270089,87,283646
6334,0.025383,172.31.47.0-255,1298,271387,87,283646
6335,0.026672,74.125.24.0-255,5738,277125,87,283646
6336,0.026679,172.31.47.0-255,66,277191,87,283646
6337,0.026845,104.244.42.0-255,66,277257,87,283646
6338,0.026881,104.244.42.0-255,66,277323,87,283646
6339,0.026923,104.244.42.0-255,66,277389,87,283646
6340,0.028853,74.125.24.0-255,5738,283127,87,283646
6341,0.028859,172.31.47.0-255,66,283193,87,283646
6342,0.031046,74.125.24.0-255,216,283409,87,283646
6343,0.031185,172.31.47.0-255,66,283475,87,283646
6344,0.031212,172.31.47.0-255,105,283580,87,283646
6345,0.033374,74.125.24.0-255,66,283646,87,283646
6346,0.0,74.125.68.0-255,154,154,87,319630
6347,2.1e-05,172.31.47.0-255,66,220,87,319630
6348,2.6e-05,74.125.68.0-255,1484,1704,87,319630
6349,3e-05,172.31.47.0-255,66,1770,87,319630
6350,5.1e-05,74.125.68.0-255,2902,4672,87,319630
6351,5.4e-05,172.31.47.0-255,66,4738,87,319630
6352,8.4e-05,74.125.68.0-255,7156,11894,87,319630
6353,8.7e-05,172.31.47.0-255,66,11960,87,319630
6354,0.000119,172.31.47.0-255,66,12026,87,319630
6355,0.000121,74.125.68.0-255,1484,13510,87,319630
6356,0.000123,172.31.47.0-255,66,13576,87,319630
6357,0.000144,74.125.68.0-255,1484,15060,87,319630
6358,0.000146,172.31.47.0-255,66,15126,87,319630
6359,0.00015,74.125.68.0-255,1484,16610,87,319630
6360,0.000151,172.31.47.0-255,66,16676,87,319630
6361,0.000183,74.125.68.0-255,6797,23473,87,319630
6362,0.000185,172.31.47.0-255,66,23539,87,319630
6363,0.000296,74.125.68.0-255,1484,25023,87,319630
6364,0.000299,172.31.47.0-255,66,25089,87,319630
6365,0.000326,74.125.68.0-255,2902,27991,87,319630
6366,0.000329,74.125.68.0-255,2902,30893,87,319630
6367,0.00033,172.31.47.0-255,66,30959,87,319630
6368,0.000333,172.31.47.0-255,66,31025,87,319630
6369,0.000355,74.125.68.0-255,2902,33927,87,319630
6370,0.000358,172.31.47.0-255,66,33993,87,319630
6371,0.000362,74.125.68.0-255,2902,36895,87,319630
6372,0.000364,172.31.47.0-255,66,36961,87,319630
6373,0.000392,74.125.68.0-255,1484,38445,87,319630
6374,0.000395,172.31.47.0-255,66,38511,87,319630
6375,0.0004,74.125.68.0-255,5738,44249,87,319630
6376,0.000402,172.31.47.0-255,66,44315,87,319630
6377,0.000428,74.125.68.0-255,1484,45799,87,319630
6378,0.000445,74.125.68.0-255,4320,50119,87,319630
6379,0.000447,172.31.47.0-255,66,50185,87,319630
6380,0.000452,74.125.68.0-255,4320,54505,87,319630
6381,0.000454,172.31.47.0-255,66,54571,87,319630
6382,0.000478,74.125.68.0-255,2902,57473,87,319630
6383,0.000487,172.31.47.0-255,66,57539,87,319630
6384,0.00049,74.125.68.0-255,766,58305,87,319630
6385,0.000509,74.125.68.0-255,400,58705,87,319630
6386,0.000538,74.125.68.0-255,108,58813,87,319630
6387,0.000678,172.31.47.0-255,66,58879,87,319630
6388,0.000832,74.125.68.0-255,1484,60363,87,319630
6389,0.000841,74.125.68.0-255,2902,63265,87,319630
6390,0.000845,172.31.47.0-255,66,63331,87,319630
6391,0.000852,74.125.68.0-255,5738,69069,87,319630
6392,0.000854,172.31.47.0-255,66,69135,87,319630
6393,0.000915,74.125.68.0-255,7156,76291,87,319630
6394,0.00092,172.31.47.0-255,66,76357,87,319630
6395,0.000924,74.125.68.0-255,1484,77841,87,319630
6396,0.000948,74.125.68.0-255,7156,84997,87,319630
6397,0.000951,172.31.47.0-255,66,85063,87,319630
6398,0.000955,74.125.68.0-255,1484,86547,87,319630
6399,0.000993,74.125.68.0-255,4320,90867,87,319630
6400,0.000997,172.31.47.0-255,66,90933,87,319630
6401,0.001016,74.125.68.0-255,2184,93117,87,319630
6402,0.001019,172.31.47.0-255,66,93183,87,319630
6403,0.001269,74.125.68.0-255,1484,94667,87,319630
6404,0.001279,74.125.68.0-255,2902,97569,87,319630
6405,0.001285,172.31.47.0-255,66,97635,87,319630
6406,0.001293,74.125.68.0-255,5738,103373,87,319630
6407,0.001295,172.31.47.0-255,66,103439,87,319630
6408,0.001318,74.125.68.0-255,4320,107759,87,319630
6409,0.001321,172.31.47.0-255,66,107825,87,319630
6410,0.001351,74.125.68.0-255,7156,114981,87,319630
6411,0.001353,172.31.47.0-255,66,115047,87,319630
6412,0.00136,74.125.68.0-255,7156,122203,87,319630
6413,0.001362,172.31.47.0-255,66,122269,87,319630
6414,0.001387,74.125.68.0-255,5020,127289,87,319630
6415,0.001389,172.31.47.0-255,66,127355,87,319630
6416,0.001392,74.125.68.0-255,1484,128839,87,319630
6417,0.001397,74.125.68.0-255,2902,131741,87,319630
6418,0.001399,172.31.47.0-255,66,131807,87,319630
6419,0.001422,74.125.68.0-255,5738,137545,87,319630
6420,0.001424,172.31.47.0-255,66,137611,87,319630
6421,0.001427,74.125.68.0-255,1484,139095,87,319630
6422,0.001445,74.125.68.0-255,5738,144833,87,319630
6423,0.001447,172.31.47.0-255,66,144899,87,319630
6424,0.001471,74.125.68.0-255,2902,147801,87,319630
6425,0.001472,172.31.47.0-255,66,147867,87,319630
6426,0.001491,74.125.68.0-255,1484,149351,87,319630
6427,0.001506,74.125.68.0-255,5738,155089,87,319630
6428,0.001508,172.31.47.0-255,66,155155,87,319630
6429,0.001533,74.125.68.0-255,4320,159475,87,319630
6430,0.001535,172.31.47.0-255,66,159541,87,319630
6431,0.001538,74.125.68.0-255,2184,161725,87,319630
6432,0.001539,172.31.47.0-255,66,161791,87,319630
6433,0.001542,74.125.68.0-255,1484,163275,87,319630
6434,0.001549,74.125.68.0-255,2902,166177,87,319630
6435,0.001551,172.31.47.0-255,66,166243,87,319630
6436,0.001555,74.125.68.0-255,4320,170563,87,319630
6437,0.001557,172.31.47.0-255,66,170629,87,319630
6438,0.00158,74.125.68.0-255,1484,172113,87,319630
6439,0.001583,74.125.68.0-255,1484,173597,87,319630
6440,0.001585,172.31.47.0-255,66,173663,87,319630
6441,0.001614,172.31.47.0-255,66,173729,87,319630
6442,0.001619,74.125.68.0-255,5738,179467,87,319630
6443,0.001621,172.31.47.0-255,66,179533,87,319630
6444,0.001642,74.125.68.0-255,5738,185271,87,319630
6445,0.001644,172.31.47.0-255,66,185337,87,319630
6446,0.001647,74.125.68.0-255,2184,187521,87,319630
6447,0.001649,172.31.47.0-255,66,187587,87,319630
6448,0.001652,74.125.68.0-255,2902,190489,87,319630
6449,0.001654,172.31.47.0-255,66,190555,87,319630
6450,0.001656,74.125.68.0-255,1484,192039,87,319630
6451,0.001689,74.125.68.0-255,5738,197777,87,319630
6452,0.001691,172.31.47.0-255,66,197843,87,319630
6453,0.001693,74.125.68.0-255,1484,199327,87,319630
6454,0.001723,74.125.68.0-255,1484,200811,87,319630
6455,0.001724,172.31.47.0-255,66,200877,87,319630
6456,0.001734,172.31.47.0-255,66,200943,87,319630
6457,0.001746,172.31.47.0-255,66,201009,87,319630
6458,0.001787,74.125.68.0-255,2902,203911,87,319630
6459,0.001789,172.31.47.0-255,66,203977,87,319630
6460,0.001817,74.125.68.0-255,6438,210415,87,319630
6461,0.001819,172.31.47.0-255,66,210481,87,319630
6462,0.001837,172.31.47.0-255,66,210547,87,319630
6463,0.001876,172.31.47.0-255,66,210613,87,319630
6464,0.001892,74.125.68.0-255,1484,212097,87,319630
6465,0.001903,172.31.47.0-255,66,212163,87,319630
6466,0.001907,74.125.68.0-255,4320,216483,87,319630
6467,0.001908,172.31.47.0-255,66,216549,87,319630
6468,0.001968,74.125.68.0-255,2902,219451,87,319630
6469,0.001971,172.31.47.0-255,66,219517,87,319630
6470,0.001991,74.125.68.0-255,7156,226673,87,319630
6471,0.001993,172.31.47.0-255,66,226739,87,319630
6472,0.002021,74.125.68.0-255,7156,233895,87,319630
6473,0.002024,172.31.47.0-255,66,233961,87,319630
6474,0.002028,74.125.68.0-255,5738,239699,87,319630
6475,0.00203,172.31.47.0-255,66,239765,87,319630
6476,0.002044,172.31.47.0-255,66,239831,87,319630
6477,0.002069,74.125.68.0-255,766,240597,87,319630
6478,0.002074,74.125.68.0-255,5738,246335,87,319630
6479,0.002076,172.31.47.0-255,66,246401,87,319630
6480,0.002103,74.125.68.0-255,7156,253557,87,319630
6481,0.002105,172.31.47.0-255,66,253623,87,319630
6482,0.002111,74.125.68.0-255,7156,260779,87,319630
6483,0.002113,172.31.47.0-255,66,260845,87,319630
6484,0.002117,74.125.68.0-255,4320,265165,87,319630
6485,0.002119,172.31.47.0-255,66,265231,87,319630
6486,0.002154,74.125.68.0-255,3602,268833,87,319630
6487,0.002156,172.31.47.0-255,66,268899,87,319630
6488,0.002161,74.125.68.0-255,5738,274637,87,319630
6489,0.002163,172.31.47.0-255,66,274703,87,319630
6490,0.002169,74.125.68.0-255,7156,281859,87,319630
6491,0.00217,172.31.47.0-255,66,281925,87,319630
6492,0.002181,172.31.47.0-255,66,281991,87,319630
6493,0.002201,74.125.68.0-255,1484,283475,87,319630
6494,0.002229,172.31.47.0-255,66,283541,87,319630
6495,0.002251,74.125.68.0-255,3602,287143,87,319630
6496,0.002252,172.31.47.0-255,66,287209,87,319630
6497,0.002273,74.125.68.0-255,2902,290111,87,319630
6498,0.002274,172.31.47.0-255,66,290177,87,319630
6499,0.002299,74.125.68.0-255,7156,297333,87,319630
6500,0.002301,172.31.47.0-255,66,297399,87,319630
6501,0.002325,74.125.68.0-255,4320,301719,87,319630
6502,0.002327,172.31.47.0-255,66,301785,87,319630
6503,0.002332,74.125.68.0-255,5738,307523,87,319630
6504,0.002334,172.31.47.0-255,66,307589,87,319630
6505,0.002338,74.125.68.0-255,5738,313327,87,319630
6506,0.00234,172.31.47.0-255,66,313393,87,319630
6507,0.002365,74.125.68.0-255,1541,314934,87,319630
6508,0.002367,172.31.47.0-255,66,315000,87,319630
6509,0.002369,74.125.68.0-255,105,315105,87,319630
6510,0.012966,172.31.47.0-255,66,315171,87,319630
6511,0.012994,172.31.47.0-255,105,315276,87,319630
6512,0.015532,74.125.68.0-255,66,315342,87,319630
6513,0.052728,172.31.47.0-255,172,315514,87,319630
6514,0.052753,172.31.47.0-255,1103,316617,87,319630
6515,0.052806,172.31.47.0-255,1514,318131,87,319630
6516,0.052808,172.31.47.0-255,1301,319432,87,319630
6517,0.054293,104.244.42.0-255,66,319498,87,319630
6518,0.05433,104.244.42.0-255,66,319564,87,319630
6519,0.054377,104.244.42.0-255,66,319630,87,319630
6520,0.0,74.125.24.0-255,297,297,87,250752
6521,2.9e-05,172.31.47.0-255,66,363,87,250752
6522,3.5e-05,74.125.24.0-255,1484,1847,87,250752
6523,3.8e-05,172.31.47.0-255,66,1913,87,250752
6524,4.3e-05,74.125.24.0-255,4320,6233,87,250752
6525,5.1e-05,172.31.47.0-255,66,6299,87,250752
6526,5.8e-05,74.125.24.0-255,7156,13455,87,250752
6527,6e-05,172.31.47.0-255,66,13521,87,250752
6528,8.9e-05,74.125.24.0-255,2009,15530,87,250752
6529,9.2e-05,172.31.47.0-255,66,15596,87,250752
6530,9.9e-05,74.125.24.0-255,4320,19916,87,250752
6531,0.000102,172.31.47.0-255,66,19982,87,250752
6532,0.000149,74.125.24.0-255,4320,24302,87,250752
6533,0.000152,172.31.47.0-255,66,24368,87,250752
6534,0.00018,74.125.24.0-255,6797,31165,87,250752
6535,0.000183,172.31.47.0-255,66,31231,87,250752
6536,0.000205,74.125.24.0-255,1484,32715,87,250752
6537,0.000207,172.31.47.0-255,66,32781,87,250752
6538,0.000211,74.125.24.0-255,2902,35683,87,250752
6539,0.000213,172.31.47.0-255,66,35749,87,250752
6540,0.000219,74.125.24.0-255,5738,41487,87,250752
6541,0.000221,172.31.47.0-255,66,41553,87,250752
6542,0.000233,74.125.24.0-255,6797,48350,87,250752
6543,0.000236,172.31.47.0-255,66,48416,87,250752
6544,0.000284,74.125.24.0-255,2822,51238,87,250752
6545,0.000285,172.31.47.0-255,66,51304,87,250752
6546,0.000288,172.31.47.0-255,66,51370,87,250752
6547,0.000335,74.125.24.0-255,127,51497,87,250752
6548,0.000338,172.31.47.0-255,66,51563,87,250752
6549,0.000478,74.125.24.0-255,1484,53047,87,250752
6550,0.000482,172.31.47.0-255,66,53113,87,250752
6551,0.000506,74.125.24.0-255,2902,56015,87,250752
6552,0.000512,74.125.24.0-255,5738,61753,87,250752
6553,0.000515,74.125.24.0-255,1484,63237,87,250752
6554,0.000516,172.31.47.0-255,66,63303,87,250752
6555,0.000564,74.125.24.0-255,5738,69041,87,250752
6556,0.000569,172.31.47.0-255,66,69107,87,250752
6557,0.000595,74.125.24.0-255,3961,73068,87,250752
6558,0.000598,172.31.47.0-255,66,73134,87,250752
6559,0.000605,74.125.24.0-255,5738,78872,87,250752
6560,0.000615,172.31.47.0-255,66,78938,87,250752
6561,0.000627,74.125.24.0-255,1484,80422,87,250752
6562,0.00066,74.125.24.0-255,5638,86060,87,250752
6563,0.000663,74.125.24.0-255,2902,88962,87,250752
6564,0.000688,74.125.24.0-255,4320,93282,87,250752
6565,0.000692,74.125.24.0-255,4320,97602,87,250752
6566,0.000694,74.125.24.0-255,1484,99086,87,250752
6567,0.000766,74.125.24.0-255,1484,100570,87,250752
6568,0.000805,74.125.24.0-255,1484,102054,87,250752
6569,0.000819,74.125.24.0-255,2902,104956,87,250752
6570,0.000821,74.125.24.0-255,1484,106440,87,250752
6571,0.000833,74.125.24.0-255,4320,110760,87,250752
6572,0.000848,74.125.24.0-255,4320,115080,87,250752
6573,0.000927,74.125.24.0-255,2902,117982,87,250752
6574,0.000939,74.125.24.0-255,4320,122302,87,250752
6575,0.000982,74.125.24.0-255,1484,123786,87,250752
6576,0.001019,74.125.24.0-255,766,124552,87,250752
6577,0.001088,74.125.24.0-255,1484,126036,87,250752
6578,0.001094,74.125.24.0-255,2902,128938,87,250752
6579,0.001114,74.125.24.0-255,5738,134676,87,250752
6580,0.001134,74.125.24.0-255,4320,138996,87,250752
6581,0.001188,74.125.24.0-255,7156,146152,87,250752
6582,0.001205,74.125.24.0-255,3602,149754,87,250752
6583,0.001234,74.125.24.0-255,1484,151238,87,250752
6584,0.001251,74.125.24.0-255,2902,154140,87,250752
6585,0.001254,74.125.24.0-255,1484,155624,87,250752
6586,0.001272,74.125.24.0-255,4320,159944,87,250752
6587,0.001277,74.125.24.0-255,4320,164264,87,250752
6588,0.001311,74.125.24.0-255,5738,170002,87,250752
6589,0.001338,74.125.24.0-255,5738,175740,87,250752
6590,0.001395,74.125.24.0-255,4320,180060,87,250752
6591,0.001411,74.125.24.0-255,3602,183662,87,250752
6592,0.001483,74.125.24.0-255,5738,189400,87,250752
6593,0.0015,74.125.24.0-255,2902,192302,87,250752
6594,0.001505,74.125.24.0-255,4320,196622,87,250752
6595,0.001523,74.125.24.0-255,6438,203060,87,250752
6596,0.00155,74.125.24.0-255,4320,207380,87,250752
6597,0.001571,74.125.24.0-255,2902,210282,87,250752
6598,0.001595,74.125.24.0-255,7156,217438,87,250752
6599,0.001617,74.125.24.0-255,7156,224594,87,250752
6600,0.001635,74.125.24.0-255,2902,227496,87,250752
6601,0.001637,74.125.24.0-255,766,228262,87,250752
6602,0.001661,74.125.24.0-255,1484,229746,87,250752
6603,0.001703,74.125.24.0-255,2902,232648,87,250752
6604,0.001709,74.125.24.0-255,5738,238386,87,250752
6605,0.001756,74.125.24.0-255,2902,241288,87,250752
6606,0.001777,74.125.24.0-255,4835,246123,87,250752
6607,0.00178,74.125.24.0-255,105,246228,87,250752
6608,0.005688,172.31.47.0-255,66,246294,87,250752
6609,0.007976,172.31.47.0-255,105,246399,87,250752
6610,0.009968,74.125.24.0-255,66,246465,87,250752
6611,0.028073,172.31.47.0-255,171,246636,87,250752
6612,0.028102,172.31.47.0-255,1135,247771,87,250752
6613,0.028135,172.31.47.0-255,1514,249285,87,250752
6614,0.028137,172.31.47.0-255,1269,250554,87,250752
6615,0.029641,104.244.42.0-255,66,250620,87,250752
6616,0.029649,104.244.42.0-255,66,250686,87,250752
6617,0.029681,104.244.42.0-255,66,250752,87,250752
6618,0.0,74.125.24.0-255,146,146,87,224127
6619,1.8e-05,172.31.47.0-255,66,212,87,224127
6620,2.4e-05,74.125.24.0-255,1484,1696,87,224127
6621,2.8e-05,172.31.47.0-255,66,1762,87,224127
6622,3.9e-05,74.125.24.0-255,2902,4664,87,224127
6623,4.2e-05,172.31.47.0-255,66,4730,87,224127
6624,4.9e-05,74.125.24.0-255,7156,11886,87,224127
6625,5.2e-05,172.31.47.0-255,66,11952,87,224127
6626,6.8e-05,74.125.24.0-255,1484,13436,87,224127
6627,7.1e-05,172.31.47.0-255,66,13502,87,224127
6628,0.00011,172.31.47.0-255,66,13568,87,224127
6629,0.000147,74.125.24.0-255,5379,18947,87,224127
6630,0.00015,172.31.47.0-255,66,19013,87,224127
6631,0.000178,74.125.24.0-255,1484,20497,87,224127
6632,0.00018,172.31.47.0-255,66,20563,87,224127
6633,0.000204,74.125.24.0-255,2902,23465,87,224127
6634,0.000206,172.31.47.0-255,66,23531,87,224127
6635,0.00021,74.125.24.0-255,4320,27851,87,224127
6636,0.000212,172.31.47.0-255,66,27917,87,224127
6637,0.000259,74.125.24.0-255,2902,30819,87,224127
6638,0.000262,172.31.47.0-255,66,30885,87,224127
6639,0.000279,74.125.24.0-255,5379,36264,87,224127
6640,0.000282,172.31.47.0-255,66,36330,87,224127
6641,0.000328,74.125.24.0-255,1484,37814,87,224127
6642,0.000331,172.31.47.0-255,66,37880,87,224127
6643,0.000334,74.125.24.0-255,1484,39364,87,224127
6644,0.000336,172.31.47.0-255,66,39430,87,224127
6645,0.000355,74.125.24.0-255,1484,40914,87,224127
6646,0.000357,172.31.47.0-255,66,40980,87,224127
6647,0.000378,74.125.24.0-255,5738,46718,87,224127
6648,0.000381,172.31.47.0-255,66,46784,87,224127
6649,0.000387,74.125.24.0-255,5738,52522,87,224127
6650,0.000389,172.31.47.0-255,66,52588,87,224127
6651,0.000435,74.125.24.0-255,1458,54046,87,224127
6652,0.000465,74.125.24.0-255,110,54156,87,224127
6653,0.000468,172.31.47.0-255,66,54222,87,224127
6654,0.000484,74.125.24.0-255,331,54553,87,224127
6655,0.000744,74.125.24.0-255,1484,56037,87,224127
6656,0.00075,172.31.47.0-255,66,56103,87,224127
6657,0.000756,74.125.24.0-255,2902,59005,87,224127
6658,0.000758,172.31.47.0-255,66,59071,87,224127
6659,0.000761,74.125.24.0-255,1484,60555,87,224127
6660,0.000789,74.125.24.0-255,4320,64875,87,224127
6661,0.000792,172.31.47.0-255,66,64941,87,224127
6662,0.0008,74.125.24.0-255,5738,70679,87,224127
6663,0.000803,172.31.47.0-255,66,70745,87,224127
6664,0.000831,74.125.24.0-255,7156,77901,87,224127
6665,0.000834,172.31.47.0-255,66,77967,87,224127
6666,0.000849,172.31.47.0-255,66,78033,87,224127
6667,0.000878,74.125.24.0-255,1635,79668,87,224127
6668,0.00088,172.31.47.0-255,66,79734,87,224127
6669,0.00093,74.125.24.0-255,1484,81218,87,224127
6670,0.000935,74.125.24.0-255,2902,84120,87,224127
6671,0.000938,172.31.47.0-255,66,84186,87,224127
6672,0.000972,74.125.24.0-255,5738,89924,87,224127
6673,0.000976,172.31.47.0-255,66,89990,87,224127
6674,0.000986,172.31.47.0-255,66,90056,87,224127
6675,0.001005,74.125.24.0-255,2902,92958,87,224127
6676,0.001007,172.31.47.0-255,66,93024,87,224127
6677,0.001041,172.31.47.0-255,66,93090,87,224127
6678,0.00166,74.125.24.0-255,1484,94574,87,224127
6679,0.001675,74.125.24.0-255,2902,97476,87,224127
6680,0.001679,172.31.47.0-255,66,97542,87,224127
6681,0.001685,74.125.24.0-255,2902,100444,87,224127
6682,0.001687,172.31.47.0-255,66,100510,87,224127
6683,0.001712,74.125.24.0-255,2902,103412,87,224127
6684,0.001714,172.31.47.0-255,66,103478,87,224127
6685,0.00173,172.31.47.0-255,66,103544,87,224127
6686,0.001776,172.31.47.0-255,66,103610,87,224127
6687,0.001804,74.125.24.0-255,5738,109348,87,224127
6688,0.001806,172.31.47.0-255,66,109414,87,224127
6689,0.001812,74.125.24.0-255,2902,112316,87,224127
6690,0.001814,172.31.47.0-255,66,112382,87,224127
6691,0.001849,74.125.24.0-255,4320,116702,87,224127
6692,0.001851,172.31.47.0-255,66,116768,87,224127
6693,0.001868,172.31.47.0-255,66,116834,87,224127
6694,0.001895,74.125.24.0-255,7156,123990,87,224127
6695,0.001898,172.31.47.0-255,66,124056,87,224127
6696,0.001936,172.31.47.0-255,66,124122,87,224127
6697,0.002012,172.31.47.0-255,66,124188,87,224127
6698,0.00204,74.125.24.0-255,4320,128508,87,224127
6699,0.002042,172.31.47.0-255,66,128574,87,224127
6700,0.002046,74.125.24.0-255,766,129340,87,224127
6701,0.002048,74.125.24.0-255,1484,130824,87,224127
6702,0.00205,172.31.47.0-255,66,130890,87,224127
6703,0.002059,74.125.24.0-255,2902,133792,87,224127
6704,0.002062,172.31.47.0-255,66,133858,87,224127
6705,0.002066,74.125.24.0-255,2902,136760,87,224127
6706,0.002068,172.31.47.0-255,66,136826,87,224127
6707,0.002074,74.125.24.0-255,7156,143982,87,224127
6708,0.002076,172.31.47.0-255,66,144048,87,224127
6709,0.002126,172.31.47.0-255,66,144114,87,224127
6710,0.002132,74.125.24.0-255,3602,147716,87,224127
6711,0.002134,172.31.47.0-255,66,147782,87,224127
6712,0.002237,74.125.24.0-255,1484,149266,87,224127
6713,0.00225,74.125.24.0-255,2902,152168,87,224127
6714,0.002253,172.31.47.0-255,66,152234,87,224127
6715,0.002257,74.125.24.0-255,1484,153718,87,224127
6716,0.002285,74.125.24.0-255,2902,156620,87,224127
6717,0.002289,172.31.47.0-255,66,156686,87,224127
6718,0.002293,74.125.24.0-255,2902,159588,87,224127
6719,0.002295,172.31.47.0-255,66,159654,87,224127
6720,0.002298,74.125.24.0-255,1484,161138,87,224127
6721,0.002318,172.31.47.0-255,66,161204,87,224127
6722,0.002349,74.125.24.0-255,2902,164106,87,224127
6723,0.002352,172.31.47.0-255,66,164172,87,224127
6724,0.002356,74.125.24.0-255,1484,165656,87,224127
6725,0.002359,74.125.24.0-255,1484,167140,87,224127
6726,0.002361,172.31.47.0-255,66,167206,87,224127
6727,0.002369,74.125.24.0-255,2184,169390,87,224127
6728,0.002371,172.31.47.0-255,66,169456,87,224127
6729,0.002433,74.125.24.0-255,1484,170940,87,224127
6730,0.002449,74.125.24.0-255,2902,173842,87,224127
6731,0.002452,172.31.47.0-255,66,173908,87,224127
6732,0.002456,74.125.24.0-255,1484,175392,87,224127
6733,0.002481,74.125.24.0-255,4320,179712,87,224127
6734,0.002483,172.31.47.0-255,66,179778,87,224127
6735,0.00249,74.125.24.0-255,5738,185516,87,224127
6736,0.002492,172.31.47.0-255,66,185582,87,224127
6737,0.002502,74.125.24.0-255,2902,188484,87,224127
6738,0.002504,172.31.47.0-255,66,188550,87,224127
6739,0.002528,74.125.24.0-255,4320,192870,87,224127
6740,0.002531,172.31.47.0-255,66,192936,87,224127
6741,0.002577,172.31.47.0-255,66,193002,87,224127
6742,0.002581,74.125.24.0-255,2902,195904,87,224127
6743,0.002584,172.31.47.0-255,66,195970,87,224127
6744,0.002588,74.125.24.0-255,2902,198872,87,224127
6745,0.00259,172.31.47.0-255,66,198938,87,224127
6746,0.00261,172.31.47.0-255,66,199004,87,224127
6747,0.002621,172.31.47.0-255,66,199070,87,224127
6748,0.002623,74.125.24.0-255,766,199836,87,224127
6749,0.002629,74.125.24.0-255,4320,204156,87,224127
6750,0.00263,172.31.47.0-255,66,204222,87,224127
6751,0.002634,74.125.24.0-255,2902,207124,87,224127
6752,0.002635,172.31.47.0-255,66,207190,87,224127
6753,0.002687,172.31.47.0-255,66,207256,87,224127
6754,0.002693,74.125.24.0-255,5020,212276,87,224127
6755,0.002695,172.31.47.0-255,66,212342,87,224127
6756,0.002735,74.125.24.0-255,1484,213826,87,224127
6757,0.002747,74.125.24.0-255,2902,216728,87,224127
6758,0.002749,172.31.47.0-255,66,216794,87,224127
6759,0.002786,74.125.24.0-255,3602,220396,87,224127
6760,0.002789,172.31.47.0-255,66,220462,87,224127
6761,0.002856,74.125.24.0-255,105,220567,87,224127
6762,0.009578,172.31.47.0-255,66,220633,87,224127
6763,0.009611,172.31.47.0-255,105,220738,87,224127
6764,0.011823,74.125.24.0-255,66,220804,87,224127
6765,0.025351,172.31.47.0-255,172,220976,87,224127
6766,0.025395,172.31.47.0-255,1111,222087,87,224127
6767,0.025473,172.31.47.0-255,1514,223601,87,224127
6768,0.025475,172.31.47.0-255,328,223929,87,224127
6769,0.026937,104.244.42.0-255,66,223995,87,224127
6770,0.026965,104.244.42.0-255,66,224061,87,224127
6771,0.027028,104.244.42.0-255,66,224127,87,224127
6772,0.0,74.125.24.0-255,153,153,87,289285
6773,2.2e-05,172.31.47.0-255,66,219,87,289285
6774,2.9e-05,74.125.24.0-255,1484,1703,87,289285
6775,3.4e-05,172.31.47.0-255,66,1769,87,289285
6776,3.9e-05,74.125.24.0-255,2902,4671,87,289285
6777,4.2e-05,172.31.47.0-255,66,4737,87,289285
6778,4.8e-05,74.125.24.0-255,5738,10475,87,289285
6779,5.1e-05,172.31.47.0-255,66,10541,87,289285
6780,7.7e-05,74.125.24.0-255,1484,12025,87,289285
6781,7.9e-05,172.31.47.0-255,66,12091,87,289285
6782,8.6e-05,74.125.24.0-255,6465,18556,87,289285
6783,8.9e-05,172.31.47.0-255,66,18622,87,289285
6784,9.5e-05,74.125.24.0-255,7156,25778,87,289285
6785,9.7e-05,172.31.47.0-255,66,25844,87,289285
6786,0.000114,74.125.24.0-255,1484,27328,87,289285
6787,0.000116,172.31.47.0-255,66,27394,87,289285
6788,0.000141,74.125.24.0-255,3961,31355,87,289285
6789,0.000143,172.31.47.0-255,66,31421,87,289285
6790,0.000211,74.125.24.0-255,1484,32905,87,289285
6791,0.000214,172.31.47.0-255,66,32971,87,289285
6792,0.000226,74.125.24.0-255,2902,35873,87,289285
6793,0.000228,172.31.47.0-255,66,35939,87,289285
6794,0.000231,74.125.24.0-255,1484,37423,87,289285
6795,0.000233,172.31.47.0-255,66,37489,87,289285
6796,0.000255,74.125.24.0-255,4320,41809,87,289285
6797,0.000257,172.31.47.0-255,66,41875,87,289285
6798,0.000261,74.125.24.0-255,2902,44777,87,289285
6799,0.000262,172.31.47.0-255,66,44843,87,289285
6800,0.000293,172.31.47.0-255,66,44909,87,289285
6801,0.000299,74.125.24.0-255,7156,52065,87,289285
6802,0.000301,172.31.47.0-255,66,52131,87,289285
6803,0.000338,74.125.24.0-255,3602,55733,87,289285
6804,0.00034,172.31.47.0-255,66,55799,87,289285
6805,0.000342,74.125.24.0-255,429,56228,87,289285
6806,0.000379,74.125.24.0-255,1484,57712,87,289285
6807,0.000381,172.31.47.0-255,66,57778,87,289285
6808,0.000402,74.125.24.0-255,4320,62098,87,289285
6809,0.000404,172.31.47.0-255,66,62164,87,289285
6810,0.000409,74.125.24.0-255,4320,66484,87,289285
6811,0.000411,172.31.47.0-255,66,66550,87,289285
6812,0.000429,74.125.24.0-255,5738,72288,87,289285
6813,0.000431,172.31.47.0-255,66,72354,87,289285
6814,0.000436,74.125.24.0-255,4320,76674,87,289285
6815,0.000438,172.31.47.0-255,66,76740,87,289285
6816,0.000453,74.125.24.0-255,7156,83896,87,289285
6817,0.000456,172.31.47.0-255,66,83962,87,289285
6818,0.000476,74.125.24.0-255,4320,88282,87,289285
6819,0.000479,172.31.47.0-255,66,88348,87,289285
6820,0.000496,74.125.24.0-255,2464,90812,87,289285
6821,0.000498,172.31.47.0-255,66,90878,87,289285
6822,0.000582,74.125.24.0-255,1484,92362,87,289285
6823,0.000585,74.125.24.0-255,1484,93846,87,289285
6824,0.000587,172.31.47.0-255,66,93912,87,289285
6825,0.000608,74.125.24.0-255,1484,95396,87,289285
6826,0.000614,74.125.24.0-255,5738,101134,87,289285
6827,0.000617,172.31.47.0-255,66,101200,87,289285
6828,0.000648,172.31.47.0-255,66,101266,87,289285
6829,0.000688,74.125.24.0-255,4320,105586,87,289285
6830,0.00069,172.31.47.0-255,66,105652,87,289285
6831,0.00071,74.125.24.0-255,6438,112090,87,289285
6832,0.000712,172.31.47.0-255,66,112156,87,289285
6833,0.000779,74.125.24.0-255,1484,113640,87,289285
6834,0.000782,74.125.24.0-255,1484,115124,87,289285
6835,0.000784,172.31.47.0-255,66,115190,87,289285
6836,0.000804,74.125.24.0-255,1484,116674,87,289285
6837,0.000809,74.125.24.0-255,5738,122412,87,289285
6838,0.000811,172.31.47.0-255,66,122478,87,289285
6839,0.00084,74.125.24.0-255,5738,128216,87,289285
6840,0.000843,172.31.47.0-255,66,128282,87,289285
6841,0.000855,74.125.24.0-255,5738,134020,87,289285
6842,0.000857,172.31.47.0-255,66,134086,87,289285
6843,0.000864,74.125.24.0-255,7156,141242,87,289285
6844,0.000867,172.31.47.0-255,66,141308,87,289285
6845,0.00089,74.125.24.0-255,5020,146328,87,289285
6846,0.000893,172.31.47.0-255,66,146394,87,289285
6847,0.000896,74.125.24.0-255,1484,147878,87,289285
6848,0.00091,74.125.24.0-255,2902,150780,87,289285
6849,0.000911,172.31.47.0-255,66,150846,87,289285
6850,0.000942,74.125.24.0-255,5738,156584,87,289285
6851,0.000944,172.31.47.0-255,66,156650,87,289285
6852,0.000961,74.125.24.0-255,1484,158134,87,289285
6853,0.000964,74.125.24.0-255,1484,159618,87,289285
6854,0.000965,172.31.47.0-255,66,159684,87,289285
6855,0.000992,74.125.24.0-255,7156,166840,87,289285
6856,0.000995,172.31.47.0-255,66,166906,87,289285
6857,0.001001,74.125.24.0-255,7156,174062,87,289285
6858,0.001003,172.31.47.0-255,66,174128,87,289285
6859,0.001018,74.125.24.0-255,6438,180566,87,289285
6860,0.001021,172.31.47.0-255,66,180632,87,289285
6861,0.001062,74.125.24.0-255,1484,182116,87,289285
6862,0.001065,74.125.24.0-255,1484,183600,87,289285
6863,0.001067,172.31.47.0-255,66,183666,87,289285
6864,0.001082,74.125.24.0-255,1484,185150,87,289285
6865,0.001088,74.125.24.0-255,5738,190888,87,289285
6866,0.00109,172.31.47.0-255,66,190954,87,289285
6867,0.001092,74.125.24.0-255,1484,192438,87,289285
6868,0.001111,74.125.24.0-255,7156,199594,87,289285
6869,0.001113,172.31.47.0-255,66,199660,87,289285
6870,0.001137,74.125.24.0-255,1484,201144,87,289285
6871,0.001162,172.31.47.0-255,66,201210,87,289285
6872,0.001184,74.125.24.0-255,2184,203394,87,289285
6873,0.001187,172.31.47.0-255,66,203460,87,289285
6874,0.001197,172.31.47.0-255,66,203526,87,289285
6875,0.001263,172.31.47.0-255,66,203592,87,289285
6876,0.001364,74.125.24.0-255,1484,205076,87,289285
6877,0.001381,74.125.24.0-255,2902,207978,87,289285
6878,0.001404,74.125.24.0-255,5738,213716,87,289285
6879,0.001428,74.125.24.0-255,5738,219454,87,289285
6880,0.001456,74.125.24.0-255,4320,223774,87,289285
6881,0.001492,74.125.24.0-255,5020,228794,87,289285
6882,0.001704,172.31.47.0-255,66,228860,87,289285
6883,0.00242,74.125.24.0-255,1484,230344,87,289285
6884,0.002427,74.125.24.0-255,2902,233246,87,289285
6885,0.002431,172.31.47.0-255,66,233312,87,289285
6886,0.002437,74.125.24.0-255,5738,239050,87,289285
6887,0.002439,172.31.47.0-255,66,239116,87,289285
6888,0.002484,172.31.47.0-255,66,239182,87,289285
6889,0.002506,74.125.24.0-255,2902,242084,87,289285
6890,0.002509,172.31.47.0-255,66,242150,87,289285
6891,0.002578,172.31.47.0-255,66,242216,87,289285
6892,0.002582,74.125.24.0-255,2184,244400,87,289285
6893,0.002593,172.31.47.0-255,66,244466,87,289285
6894,0.005111,74.125.24.0-255,5738,250204,87,289285
6895,0.005118,172.31.47.0-255,66,250270,87,289285
6896,0.007702,74.125.24.0-255,5738,256008,87,289285
6897,0.007707,172.31.47.0-255,66,256074,87,289285
6898,0.010261,74.125.24.0-255,5738,261812,87,289285
6899,0.010268,172.31.47.0-255,66,261878,87,289285
6900,0.01281,74.125.24.0-255,5738,267616,87,289285
6901,0.012819,172.31.47.0-255,66,267682,87,289285
6902,0.015371,74.125.24.0-255,5738,273420,87,289285
6903,0.015378,172.31.47.0-255,66,273486,87,289285
6904,0.017938,74.125.24.0-255,5738,279224,87,289285
6905,0.017948,172.31.47.0-255,66,279290,87,289285
6906,0.020568,74.125.24.0-255,5738,285028,87,289285
6907,0.02058,172.31.47.0-255,66,285094,87,289285
6908,0.023132,74.125.24.0-255,763,285857,87,289285
6909,0.023292,172.31.47.0-255,66,285923,87,289285
6910,0.023332,172.31.47.0-255,105,286028,87,289285
6911,0.025849,74.125.24.0-255,66,286094,87,289285
6912,0.028477,172.31.47.0-255,172,286266,87,289285
6913,0.028505,172.31.47.0-255,1111,287377,87,289285
6914,0.02856,172.31.47.0-255,1514,288891,87,289285
6915,0.028561,172.31.47.0-255,328,289219,87,289285
6916,0.030091,104.244.42.0-255,66,289285,87,289285
6917,0.0,74.125.200.0-255,148,148,87,414535
6918,3.4e-05,172.31.47.0-255,66,214,87,414535
6919,4.1e-05,74.125.200.0-255,1484,1698,87,414535
6920,4.6e-05,172.31.47.0-255,66,1764,87,414535
6921,5e-05,74.125.200.0-255,2902,4666,87,414535
6922,5.2e-05,172.31.47.0-255,66,4732,87,414535
6923,5.8e-05,74.125.200.0-255,7156,11888,87,414535
6924,6.1e-05,172.31.47.0-255,66,11954,87,414535
6925,6.5e-05,74.125.200.0-255,2015,13969,87,414535
6926,6.8e-05,172.31.47.0-255,66,14035,87,414535
6927,0.000111,74.125.200.0-255,2902,16937,87,414535
6928,0.000114,172.31.47.0-255,66,17003,87,414535
6929,0.000121,74.125.200.0-255,7156,24159,87,414535
6930,0.000123,172.31.47.0-255,66,24225,87,414535
6931,0.00013,74.125.200.0-255,6797,31022,87,414535
6932,0.000132,172.31.47.0-255,66,31088,87,414535
6933,0.000198,74.125.200.0-255,1484,32572,87,414535
6934,0.000201,172.31.47.0-255,66,32638,87,414535
6935,0.000205,74.125.200.0-255,2902,35540,87,414535
6936,0.000208,172.31.47.0-255,66,35606,87,414535
6937,0.000213,74.125.200.0-255,5738,41344,87,414535
6938,0.000215,172.31.47.0-255,66,41410,87,414535
6939,0.00022,74.125.200.0-255,2902,44312,87,414535
6940,0.000222,172.31.47.0-255,66,44378,87,414535
6941,0.000237,74.125.200.0-255,1484,45862,87,414535
6942,0.000239,172.31.47.0-255,66,45928,87,414535
6943,0.00026,74.125.200.0-255,2543,48471,87,414535
6944,0.000263,172.31.47.0-255,66,48537,87,414535
6945,0.000381,74.125.200.0-255,1484,50021,87,414535
6946,0.000384,172.31.47.0-255,66,50087,87,414535
6947,0.000389,74.125.200.0-255,2902,52989,87,414535
6948,0.000392,172.31.47.0-255,66,53055,87,414535
6949,0.000419,74.125.200.0-255,5738,58793,87,414535
6950,0.000423,74.125.200.0-255,2902,61695,87,414535
6951,0.000425,74.125.200.0-255,1484,63179,87,414535
6952,0.000425,172.31.47.0-255,66,63245,87,414535
6953,0.000428,172.31.47.0-255,66,63311,87,414535
6954,0.000442,74.125.200.0-255,2543,65854,87,414535
6955,0.000445,172.31.47.0-255,66,65920,87,414535
6956,0.000481,74.125.200.0-255,4320,70240,87,414535
6957,0.000485,172.31.47.0-255,66,70306,87,414535
6958,0.000489,74.125.200.0-255,2902,73208,87,414535
6959,0.000493,172.31.47.0-255,66,73274,87,414535
6960,0.000504,74.125.200.0-255,2902,76176,87,414535
6961,0.000506,172.31.47.0-255,66,76242,87,414535
6962,0.000529,74.125.200.0-255,4320,80562,87,414535
6963,0.000532,172.31.47.0-255,66,80628,87,414535
6964,0.000569,74.125.200.0-255,2543,83171,87,414535
6965,0.000573,172.31.47.0-255,66,83237,87,414535
6966,0.000613,74.125.200.0-255,2902,86139,87,414535
6967,0.000617,172.31.47.0-255,66,86205,87,414535
6968,0.000626,74.125.200.0-255,1484,87689,87,414535
6969,0.00063,74.125.200.0-255,1484,89173,87,414535
6970,0.000633,172.31.47.0-255,66,89239,87,414535
6971,0.000657,74.125.200.0-255,4320,93559,87,414535
6972,0.000675,172.31.47.0-255,66,93625,87,414535
6973,0.000682,74.125.200.0-255,6797,100422,87,414535
6974,0.000686,172.31.47.0-255,66,100488,87,414535
6975,0.000781,74.125.200.0-255,1484,101972,87,414535
6976,0.000813,74.125.200.0-255,2902,104874,87,414535
6977,0.000817,172.31.47.0-255,66,104940,87,414535
6978,0.000833,74.125.200.0-255,1484,106424,87,414535
6979,0.000856,74.125.200.0-255,5738,112162,87,414535
6980,0.00086,172.31.47.0-255,66,112228,87,414535
6981,0.000894,74.125.200.0-255,1484,113712,87,414535
6982,0.000913,74.125.200.0-255,3961,117673,87,414535
6983,0.000918,172.31.47.0-255,66,117739,87,414535
6984,0.000936,74.125.200.0-255,1484,119223,87,414535
6985,0.000956,74.125.200.0-255,2902,122125,87,414535
6986,0.00096,172.31.47.0-255,66,122191,87,414535
6987,0.000988,74.125.200.0-255,5738,127929,87,414535
6988,0.00099,172.31.47.0-255,66,127995,87,414535
6989,0.000993,74.125.200.0-255,1484,129479,87,414535
6990,0.001008,74.125.200.0-255,4320,133799,87,414535
6991,0.00101,172.31.47.0-255,66,133865,87,414535
6992,0.001025,74.125.200.0-255,4320,138185,87,414535
6993,0.001027,172.31.47.0-255,66,138251,87,414535
6994,0.001049,74.125.200.0-255,7156,145407,87,414535
6995,0.001051,172.31.47.0-255,66,145473,87,414535
6996,0.001074,74.125.200.0-255,6438,151911,87,414535
6997,0.001077,172.31.47.0-255,66,151977,87,414535
6998,0.001125,74.125.200.0-255,1484,153461,87,414535
6999,0.001145,74.125.200.0-255,2902,156363,87,414535
7000,0.001147,172.31.47.0-255,66,156429,87,414535
7001,0.001183,74.125.200.0-255,4320,160749,87,414535
7002,0.001186,172.31.47.0-255,66,160815,87,414535
7003,0.001196,74.125.200.0-255,1484,162299,87,414535
7004,0.001213,74.125.200.0-255,5738,168037,87,414535
7005,0.001216,172.31.47.0-255,66,168103,87,414535
7006,0.00123,74.125.200.0-255,1484,169587,87,414535
7007,0.001241,74.125.200.0-255,4320,173907,87,414535
7008,0.001243,172.31.47.0-255,66,173973,87,414535
7009,0.00127,172.31.47.0-255,66,174039,87,414535
7010,0.001287,74.125.200.0-255,2184,176223,87,414535
7011,0.00129,172.31.47.0-255,66,176289,87,414535
7012,0.002178,74.125.200.0-255,1484,177773,87,414535
7013,0.00219,74.125.200.0-255,2902,180675,87,414535
7014,0.002195,172.31.47.0-255,66,180741,87,414535
7015,0.00221,74.125.200.0-255,1484,182225,87,414535
7016,0.002213,74.125.200.0-255,1484,183709,87,414535
7017,0.002215,172.31.47.0-255,66,183775,87,414535
7018,0.002237,74.125.200.0-255,1484,185259,87,414535
7019,0.002242,74.125.200.0-255,5738,190997,87,414535
7020,0.002244,172.31.47.0-255,66,191063,87,414535
7021,0.002282,74.125.200.0-255,1484,192547,87,414535
7022,0.002298,74.125.200.0-255,4320,196867,87,414535
7023,0.0023,172.31.47.0-255,66,196933,87,414535
7024,0.002307,74.125.200.0-255,7156,204089,87,414535
7025,0.002309,172.31.47.0-255,66,204155,87,414535
7026,0.002315,74.125.200.0-255,6438,210593,87,414535
7027,0.002317,172.31.47.0-255,66,210659,87,414535
7028,0.004599,74.125.200.0-255,5738,216397,87,414535
7029,0.004603,172.31.47.0-255,66,216463,87,414535
7030,0.006904,74.125.200.0-255,4320,220783,87,414535
7031,0.006909,172.31.47.0-255,66,220849,87,414535
7032,0.006927,74.125.200.0-255,1484,222333,87,414535
7033,0.009196,74.125.200.0-255,4320,226653,87,414535
7034,0.009204,172.31.47.0-255,66,226719,87,414535
7035,0.011546,74.125.200.0-255,5738,232457,87,414535
7036,0.011554,172.31.47.0-255,66,232523,87,414535
7037,0.013856,74.125.200.0-255,5738,238261,87,414535
7038,0.013864,172.31.47.0-255,66,238327,87,414535
7039,0.016185,74.125.200.0-255,5738,244065,87,414535
7040,0.016194,172.31.47.0-255,66,244131,87,414535
7041,0.018487,74.125.200.0-255,5738,249869,87,414535
7042,0.018495,172.31.47.0-255,66,249935,87,414535
7043,0.020787,74.125.200.0-255,5738,255673,87,414535
7044,0.020793,172.31.47.0-255,66,255739,87,414535
7045,0.023087,74.125.200.0-255,5738,261477,87,414535
7046,0.023092,172.31.47.0-255,66,261543,87,414535
7047,0.025386,74.125.200.0-255,5738,267281,87,414535
7048,0.025391,172.31.47.0-255,66,267347,87,414535
7049,0.025748,172.31.47.0-255,172,267519,87,414535
7050,0.025779,172.31.47.0-255,1112,268631,87,414535
7051,0.025809,172.31.47.0-255,1514,270145,87,414535
7052,0.025811,172.31.47.0-255,1292,271437,87,414535
7053,0.027288,104.244.42.0-255,66,271503,87,414535
7054,0.027329,104.244.42.0-255,66,271569,87,414535
7055,0.027375,104.244.42.0-255,66,271635,87,414535
7056,0.027727,74.125.200.0-255,2902,274537,87,414535
7057,0.027731,172.31.47.0-255,66,274603,87,414535
7058,0.027757,74.125.200.0-255,2902,277505,87,414535
7059,0.02776,172.31.47.0-255,66,277571,87,414535
7060,0.030011,74.125.200.0-255,1484,279055,87,414535
7061,0.030048,74.125.200.0-255,2902,281957,87,414535
7062,0.030053,172.31.47.0-255,66,282023,87,414535
7063,0.030067,74.125.200.0-255,1484,283507,87,414535
7064,0.032368,74.125.200.0-255,4320,287827,87,414535
7065,0.032372,172.31.47.0-255,66,287893,87,414535
7066,0.034656,74.125.200.0-255,5738,293631,87,414535
7067,0.03466,172.31.47.0-255,66,293697,87,414535
7068,0.036968,74.125.200.0-255,5738,299435,87,414535
7069,0.036974,172.31.47.0-255,66,299501,87,414535
7070,0.039371,74.125.200.0-255,5738,305239,87,414535
7071,0.039375,172.31.47.0-255,66,305305,87,414535
7072,0.041667,74.125.200.0-255,4320,309625,87,414535
7073,0.041674,172.31.47.0-255,66,309691,87,414535
7074,0.041704,74.125.200.0-255,1484,311175,87,414535
7075,0.043978,74.125.200.0-255,4320,315495,87,414535
7076,0.043985,172.31.47.0-255,66,315561,87,414535
7077,0.046288,74.125.200.0-255,4320,319881,87,414535
7078,0.046293,172.31.47.0-255,66,319947,87,414535
7079,0.046323,74.125.200.0-255,1484,321431,87,414535
7080,0.048594,74.125.200.0-255,2902,324333,87,414535
7081,0.048598,172.31.47.0-255,66,324399,87,414535
7082,0.048627,74.125.200.0-255,1484,325883,87,414535
7083,0.050884,74.125.200.0-255,4320,330203,87,414535
7084,0.05089,172.31.47.0-255,66,330269,87,414535
7085,0.053183,74.125.200.0-255,5738,336007,87,414535
7086,0.053188,172.31.47.0-255,66,336073,87,414535
7087,0.05548,74.125.200.0-255,4320,340393,87,414535
7088,0.055484,172.31.47.0-255,66,340459,87,414535
7089,0.055507,74.125.200.0-255,1484,341943,87,414535
7090,0.057766,74.125.200.0-255,4320,346263,87,414535
7091,0.05777,172.31.47.0-255,66,346329,87,414535
7092,0.060056,74.125.200.0-255,5738,352067,87,414535
7093,0.060062,172.31.47.0-255,66,352133,87,414535
7094,0.062349,74.125.200.0-255,2902,355035,87,414535
7095,0.062354,172.31.47.0-255,66,355101,87,414535
7096,0.062379,74.125.200.0-255,2902,358003,87,414535
7097,0.062383,172.31.47.0-255,66,358069,87,414535
7098,0.064639,74.125.200.0-255,2902,360971,87,414535
7099,0.064643,172.31.47.0-255,66,361037,87,414535
7100,0.064677,74.125.200.0-255,2902,363939,87,414535
7101,0.06468,172.31.47.0-255,66,364005,87,414535
7102,0.066928,74.125.200.0-255,2902,366907,87,414535
7103,0.066933,172.31.47.0-255,66,366973,87,414535
7104,0.066966,74.125.200.0-255,2902,369875,87,414535
7105,0.066969,172.31.47.0-255,66,369941,87,414535
7106,0.069209,74.125.200.0-255,2902,372843,87,414535
7107,0.069214,172.31.47.0-255,66,372909,87,414535
7108,0.069239,74.125.200.0-255,1484,374393,87,414535
7109,0.069256,74.125.200.0-255,1484,375877,87,414535
7110,0.069259,172.31.47.0-255,66,375943,87,414535
7111,0.071506,74.125.200.0-255,2902,378845,87,414535
7112,0.071511,172.31.47.0-255,66,378911,87,414535
7113,0.071539,74.125.200.0-255,1484,380395,87,414535
7114,0.071591,74.125.200.0-255,1484,381879,87,414535
7115,0.071595,172.31.47.0-255,66,381945,87,414535
7116,0.073799,74.125.200.0-255,2902,384847,87,414535
7117,0.073805,172.31.47.0-255,66,384913,87,414535
7118,0.07387,74.125.200.0-255,2902,387815,87,414535
7119,0.073874,172.31.47.0-255,66,387881,87,414535
7120,0.07608,74.125.200.0-255,2902,390783,87,414535
7121,0.076084,172.31.47.0-255,66,390849,87,414535
7122,0.076148,74.125.200.0-255,2902,393751,87,414535
7123,0.076152,172.31.47.0-255,66,393817,87,414535
7124,0.078368,74.125.200.0-255,2902,396719,87,414535
7125,0.078372,172.31.47.0-255,66,396785,87,414535
7126,0.078424,74.125.200.0-255,2902,399687,87,414535
7127,0.078427,172.31.47.0-255,66,399753,87,414535
7128,0.080653,74.125.200.0-255,2902,402655,87,414535
7129,0.080658,172.31.47.0-255,66,402721,87,414535
7130,0.080705,74.125.200.0-255,1484,404205,87,414535
7131,0.080717,74.125.200.0-255,1484,405689,87,414535
7132,0.080721,172.31.47.0-255,66,405755,87,414535
7133,0.082973,74.125.200.0-255,2902,408657,87,414535
7134,0.082978,172.31.47.0-255,66,408723,87,414535
7135,0.08301,74.125.200.0-255,2902,411625,87,414535
7136,0.083012,172.31.47.0-255,66,411691,87,414535
7137,0.085272,74.125.200.0-255,2607,414298,87,414535
7138,0.085276,172.31.47.0-255,66,414364,87,414535
7139,0.085431,172.31.47.0-255,105,414469,87,414535
7140,0.087674,74.125.200.0-255,66,414535,87,414535
7141,0.0,172.217.194.0-255,153,153,87,302289
7142,3.2e-05,172.31.47.0-255,66,219,87,302289
7143,6.3e-05,172.217.194.0-255,1484,1703,87,302289
7144,6.7e-05,172.31.47.0-255,66,1769,87,302289
7145,7.3e-05,172.217.194.0-255,2902,4671,87,302289
7146,7.5e-05,172.31.47.0-255,66,4737,87,302289
7147,8e-05,172.217.194.0-255,4320,9057,87,302289
7148,9e-05,172.31.47.0-255,66,9123,87,302289
7149,0.00011,172.217.194.0-255,1484,10607,87,302289
7150,0.000112,172.31.47.0-255,66,10673,87,302289
7151,0.000117,172.217.194.0-255,3366,14039,87,302289
7152,0.000124,172.31.47.0-255,66,14105,87,302289
7153,0.000721,172.217.194.0-255,1484,15589,87,302289
7154,0.000728,172.31.47.0-255,66,15655,87,302289
7155,0.000738,172.217.194.0-255,2902,18557,87,302289
7156,0.000746,172.31.47.0-255,66,18623,87,302289
7157,0.000772,172.217.194.0-255,5738,24361,87,302289
7158,0.000775,172.31.47.0-255,66,24427,87,302289
7159,0.000779,172.217.194.0-255,1484,25911,87,302289
7160,0.00078,172.31.47.0-255,66,25977,87,302289
7161,0.000807,172.217.194.0-255,5379,31356,87,302289
7162,0.00081,172.31.47.0-255,66,31422,87,302289
7163,0.000815,172.217.194.0-255,2902,34324,87,302289
7164,0.000818,172.31.47.0-255,66,34390,87,302289
7165,0.00085,172.217.194.0-255,1484,35874,87,302289
7166,0.000853,172.31.47.0-255,66,35940,87,302289
7167,0.00086,172.217.194.0-255,5738,41678,87,302289
7168,0.000862,172.31.47.0-255,66,41744,87,302289
7169,0.0009,172.31.47.0-255,66,41810,87,302289
7170,0.000908,172.217.194.0-255,7156,48966,87,302289
7171,0.00091,172.31.47.0-255,66,49032,87,302289
7172,0.000928,172.217.194.0-255,2902,51934,87,302289
7173,0.00093,172.217.194.0-255,1484,53418,87,302289
7174,0.000939,172.31.47.0-255,66,53484,87,302289
7175,0.000966,172.217.194.0-255,3602,57086,87,302289
7176,0.00097,172.31.47.0-255,66,57152,87,302289
7177,0.003196,172.217.194.0-255,411,57563,87,302289
7178,0.003257,172.31.47.0-255,66,57629,87,302289
7179,0.007131,172.217.194.0-255,1484,59113,87,302289
7180,0.007145,172.217.194.0-255,2902,62015,87,302289
7181,0.00715,172.31.47.0-255,66,62081,87,302289
7182,0.007156,172.217.194.0-255,1484,63565,87,302289
7183,0.009427,172.217.194.0-255,4320,67885,87,302289
7184,0.009435,172.31.47.0-255,66,67951,87,302289
7185,0.011672,172.217.194.0-255,5738,73689,87,302289
7186,0.011681,172.31.47.0-255,66,73755,87,302289
7187,0.013932,172.217.194.0-255,5738,79493,87,302289
7188,0.013941,172.31.47.0-255,66,79559,87,302289
7189,0.016198,172.217.194.0-255,5738,85297,87,302289
7190,0.016206,172.31.47.0-255,66,85363,87,302289
7191,0.016457,172.31.47.0-255,172,85535,87,302289
7192,0.0165,172.31.47.0-255,1111,86646,87,302289
7193,0.01664,172.31.47.0-255,1514,88160,87,302289
7194,0.016666,172.31.47.0-255,1293,89453,87,302289
7195,0.01801,104.244.42.0-255,66,89519,87,302289
7196,0.018053,104.244.42.0-255,66,89585,87,302289
7197,0.018191,104.244.42.0-255,66,89651,87,302289
7198,0.01846,172.217.194.0-255,1484,91135,87,302289
7199,0.018487,172.217.194.0-255,4320,95455,87,302289
7200,0.018492,172.31.47.0-255,66,95521,87,302289
7201,0.020757,172.217.194.0-255,5738,101259,87,302289
7202,0.020762,172.31.47.0-255,66,101325,87,302289
7203,0.023014,172.217.194.0-255,5738,107063,87,302289
7204,0.02302,172.31.47.0-255,66,107129,87,302289
7205,0.025286,172.217.194.0-255,5738,112867,87,302289
7206,0.025291,172.31.47.0-255,66,112933,87,302289
7207,0.027527,172.217.194.0-255,5738,118671,87,302289
7208,0.027532,172.31.47.0-255,66,118737,87,302289
7209,0.029799,172.217.194.0-255,5738,124475,87,302289
7210,0.029804,172.31.47.0-255,66,124541,87,302289
7211,0.032071,172.217.194.0-255,5738,130279,87,302289
7212,0.032075,172.31.47.0-255,66,130345,87,302289
7213,0.034316,172.217.194.0-255,5738,136083,87,302289
7214,0.03432,172.31.47.0-255,66,136149,87,302289
7215,0.036601,172.217.194.0-255,5738,141887,87,302289
7216,0.036606,172.31.47.0-255,66,141953,87,302289
7217,0.038882,172.217.194.0-255,5738,147691,87,302289
7218,0.038887,172.31.47.0-255,66,147757,87,302289
7219,0.04114,172.217.194.0-255,5738,153495,87,302289
7220,0.041145,172.31.47.0-255,66,153561,87,302289
7221,0.043487,172.217.194.0-255,5738,159299,87,302289
7222,0.043491,172.31.47.0-255,66,159365,87,302289
7223,0.04572,172.217.194.0-255,5738,165103,87,302289
7224,0.045726,172.31.47.0-255,66,165169,87,302289
7225,0.047953,172.217.194.0-255,5738,170907,87,302289
7226,0.047958,172.31.47.0-255,66,170973,87,302289
7227,0.050189,172.217.194.0-255,5738,176711,87,302289
7228,0.050193,172.31.47.0-255,66,176777,87,302289
7229,0.052431,172.217.194.0-255,5738,182515,87,302289
7230,0.052436,172.31.47.0-255,66,182581,87,302289
7231,0.054703,172.217.194.0-255,5738,188319,87,302289
7232,0.054707,172.31.47.0-255,66,188385,87,302289
7233,0.056972,172.217.194.0-255,5738,194123,87,302289
7234,0.056994,172.31.47.0-255,66,194189,87,302289
7235,0.059222,172.217.194.0-255,5738,199927,87,302289
7236,0.059226,172.31.47.0-255,66,199993,87,302289
7237,0.061483,172.217.194.0-255,5738,205731,87,302289
7238,0.061487,172.31.47.0-255,66,205797,87,302289
7239,0.063746,172.217.194.0-255,2902,208699,87,302289
7240,0.063749,172.31.47.0-255,66,208765,87,302289
7241,0.063781,172.217.194.0-255,2902,211667,87,302289
7242,0.063784,172.31.47.0-255,66,211733,87,302289
7243,0.065988,172.217.194.0-255,2902,214635,87,302289
7244,0.065992,172.31.47.0-255,66,214701,87,302289
7245,0.066026,172.217.194.0-255,2902,217603,87,302289
7246,0.066029,172.31.47.0-255,66,217669,87,302289
7247,0.068236,172.217.194.0-255,2902,220571,87,302289
7248,0.06824,172.31.47.0-255,66,220637,87,302289
7249,0.068276,172.217.194.0-255,2902,223539,87,302289
7250,0.06828,172.31.47.0-255,66,223605,87,302289
7251,0.070489,172.217.194.0-255,2902,226507,87,302289
7252,0.070494,172.31.47.0-255,66,226573,87,302289
7253,0.070526,172.217.194.0-255,2902,229475,87,302289
7254,0.070528,172.31.47.0-255,66,229541,87,302289
7255,0.072765,172.217.194.0-255,5738,235279,87,302289
7256,0.072771,172.31.47.0-255,66,235345,87,302289
7257,0.07502,172.217.194.0-255,5738,241083,87,302289
7258,0.075025,172.31.47.0-255,66,241149,87,302289
7259,0.077283,172.217.194.0-255,4320,245469,87,302289
7260,0.077289,172.31.47.0-255,66,245535,87,302289
7261,0.077315,172.217.194.0-255,1484,247019,87,302289
7262,0.079527,172.217.194.0-255,4320,251339,87,302289
7263,0.079532,172.31.47.0-255,66,251405,87,302289
7264,0.08179,172.217.194.0-255,5738,257143,87,302289
7265,0.081794,172.31.47.0-255,66,257209,87,302289
7266,0.084034,172.217.194.0-255,5738,262947,87,302289
7267,0.084039,172.31.47.0-255,66,263013,87,302289
7268,0.086298,172.217.194.0-255,5738,268751,87,302289
7269,0.086303,172.31.47.0-255,66,268817,87,302289
7270,0.088532,172.217.194.0-255,4320,273137,87,302289
7271,0.088536,172.31.47.0-255,66,273203,87,302289
7272,0.088566,172.217.194.0-255,1484,274687,87,302289
7273,0.090822,172.217.194.0-255,4320,279007,87,302289
7274,0.090828,172.31.47.0-255,66,279073,87,302289
7275,0.093077,172.217.194.0-255,5738,284811,87,302289
7276,0.093083,172.31.47.0-255,66,284877,87,302289
7277,0.095352,172.217.194.0-255,5738,290615,87,302289
7278,0.095356,172.31.47.0-255,66,290681,87,302289
7279,0.097624,172.217.194.0-255,5738,296419,87,302289
7280,0.09763,172.31.47.0-255,66,296485,87,302289
7281,0.099886,172.217.194.0-255,5738,302223,87,302289
7282,0.099891,172.31.47.0-255,66,302289,87,302289
7283,0.0,172.217.194.0-255,297,297,87,348590
7284,3.5e-05,172.31.47.0-255,66,363,87,348590
7285,4.2e-05,172.217.194.0-255,1484,1847,87,348590
7286,4.7e-05,172.31.47.0-255,66,1913,87,348590
7287,5.4e-05,172.217.194.0-255,4320,6233,87,348590
7288,5.7e-05,172.31.47.0-255,66,6299,87,348590
7289,6.9e-05,172.31.47.0-255,66,6365,87,348590
7290,8.1e-05,172.31.47.0-255,66,6431,87,348590
7291,0.0001,172.217.194.0-255,5379,11810,87,348590
7292,0.000103,172.31.47.0-255,66,11876,87,348590
7293,0.000169,172.217.194.0-255,1484,13360,87,348590
7294,0.000173,172.31.47.0-255,66,13426,87,348590
7295,0.000178,172.217.194.0-255,2902,16328,87,348590
7296,0.000181,172.31.47.0-255,66,16394,87,348590
7297,0.00021,172.217.194.0-255,5738,22132,87,348590
7298,0.000213,172.31.47.0-255,66,22198,87,348590
7299,0.000219,172.217.194.0-255,5738,27936,87,348590
7300,0.000222,172.31.47.0-255,66,28002,87,348590
7301,0.000226,172.217.194.0-255,2902,30904,87,348590
7302,0.000228,172.31.47.0-255,66,30970,87,348590
7303,0.000266,172.31.47.0-255,66,31036,87,348590
7304,0.000271,172.217.194.0-255,3961,34997,87,348590
7305,0.000273,172.31.47.0-255,66,35063,87,348590
7306,0.000397,172.217.194.0-255,646,35709,87,348590
7307,0.000403,172.31.47.0-255,66,35775,87,348590
7308,0.001107,172.217.194.0-255,1484,37259,87,348590
7309,0.001113,172.31.47.0-255,66,37325,87,348590
7310,0.001119,172.217.194.0-255,2902,40227,87,348590
7311,0.001122,172.31.47.0-255,66,40293,87,348590
7312,0.00114,172.217.194.0-255,5738,46031,87,348590
7313,0.001143,172.31.47.0-255,66,46097,87,348590
7314,0.001171,172.217.194.0-255,6248,52345,87,348590
7315,0.001175,172.31.47.0-255,66,52411,87,348590
7316,0.001366,172.217.194.0-255,1484,53895,87,348590
7317,0.001376,172.217.194.0-255,2902,56797,87,348590
7318,0.00138,172.31.47.0-255,66,56863,87,348590
7319,0.001386,172.217.194.0-255,5738,62601,87,348590
7320,0.001389,172.31.47.0-255,66,62667,87,348590
7321,0.00143,172.217.194.0-255,1484,64151,87,348590
7322,0.001444,172.217.194.0-255,5379,69530,87,348590
7323,0.001448,172.31.47.0-255,66,69596,87,348590
7324,0.003491,172.217.194.0-255,5738,75334,87,348590
7325,0.003507,172.31.47.0-255,66,75400,87,348590
7326,0.005535,172.217.194.0-255,5738,81138,87,348590
7327,0.005546,172.31.47.0-255,66,81204,87,348590
7328,0.007629,172.217.194.0-255,5738,86942,87,348590
7329,0.007642,172.31.47.0-255,66,87008,87,348590
7330,0.009729,172.217.194.0-255,5738,92746,87,348590
7331,0.009741,172.31.47.0-255,66,92812,87,348590
7332,0.011786,172.217.194.0-255,5738,98550,87,348590
7333,0.011797,172.31.47.0-255,66,98616,87,348590
7334,0.013844,172.217.194.0-255,5738,104354,87,348590
7335,0.013862,172.31.47.0-255,66,104420,87,348590
7336,0.015998,172.217.194.0-255,5738,110158,87,348590
7337,0.016011,172.31.47.0-255,66,110224,87,348590
7338,0.018063,172.217.194.0-255,5738,115962,87,348590
7339,0.018079,172.31.47.0-255,66,116028,87,348590
7340,0.020153,172.217.194.0-255,5738,121766,87,348590
7341,0.020173,172.31.47.0-255,66,121832,87,348590
7342,0.022241,172.217.194.0-255,5738,127570,87,348590
7343,0.022258,172.31.47.0-255,66,127636,87,348590
7344,0.024347,172.217.194.0-255,5738,133374,87,348590
7345,0.024364,172.31.47.0-255,66,133440,87,348590
7346,0.025799,172.31.47.0-255,172,133612,87,348590
7347,0.025832,172.31.47.0-255,1103,134715,87,348590
7348,0.025876,172.31.47.0-255,1514,136229,87,348590
7349,0.025878,172.31.47.0-255,1514,137743,87,348590
7350,0.025882,172.31.47.0-255,1514,139257,87,348590
7351,0.025883,172.31.47.0-255,1081,140338,87,348590
7352,0.026421,172.217.194.0-255,5738,146076,87,348590
7353,0.02643,172.31.47.0-255,66,146142,87,348590
7354,0.027358,104.244.42.0-255,66,146208,87,348590
7355,0.027403,104.244.42.0-255,66,146274,87,348590
7356,0.027427,104.244.42.0-255,66,146340,87,348590
7357,0.027433,104.244.42.0-255,66,146406,87,348590
7358,0.028513,172.217.194.0-255,5738,152144,87,348590
7359,0.028526,172.31.47.0-255,66,152210,87,348590
7360,0.030602,172.217.194.0-255,5738,157948,87,348590
7361,0.030616,172.31.47.0-255,66,158014,87,348590
7362,0.032683,172.217.194.0-255,5738,163752,87,348590
7363,0.032698,172.31.47.0-255,66,163818,87,348590
7364,0.034746,172.217.194.0-255,5738,169556,87,348590
7365,0.03476,172.31.47.0-255,66,169622,87,348590
7366,0.036802,172.217.194.0-255,5738,175360,87,348590
7367,0.036813,172.31.47.0-255,66,175426,87,348590
7368,0.038843,172.217.194.0-255,5738,181164,87,348590
7369,0.038852,172.31.47.0-255,66,181230,87,348590
7370,0.040958,172.217.194.0-255,5738,186968,87,348590
7371,0.040983,172.31.47.0-255,66,187034,87,348590
7372,0.043058,172.217.194.0-255,5738,192772,87,348590
7373,0.043065,172.31.47.0-255,66,192838,87,348590
7374,0.045112,172.217.194.0-255,5738,198576,87,348590
7375,0.045129,172.31.47.0-255,66,198642,87,348590
7376,0.047256,172.217.194.0-255,5738,204380,87,348590
7377,0.047274,172.31.47.0-255,66,204446,87,348590
7378,0.049357,172.217.194.0-255,5738,210184,87,348590
7379,0.049372,172.31.47.0-255,66,210250,87,348590
7380,0.05147,172.217.194.0-255,5738,215988,87,348590
7381,0.051488,172.31.47.0-255,66,216054,87,348590
7382,0.053552,172.217.194.0-255,5738,221792,87,348590
7383,0.053564,172.31.47.0-255,66,221858,87,348590
7384,0.055659,172.217.194.0-255,5738,227596,87,348590
7385,0.055666,172.31.47.0-255,66,227662,87,348590
7386,0.057736,172.217.194.0-255,5738,233400,87,348590
7387,0.05776,172.31.47.0-255,66,233466,87,348590
7388,0.05982,172.217.194.0-255,5738,239204,87,348590
7389,0.059839,172.31.47.0-255,66,239270,87,348590
7390,0.061872,172.217.194.0-255,5738,245008,87,348590
7391,0.061889,172.31.47.0-255,66,245074,87,348590
7392,0.063948,172.217.194.0-255,5738,250812,87,348590
7393,0.063963,172.31.47.0-255,66,250878,87,348590
7394,0.06601,172.217.194.0-255,5738,256616,87,348590
7395,0.066022,172.31.47.0-255,66,256682,87,348590
7396,0.068089,172.217.194.0-255,5738,262420,87,348590
7397,0.068106,172.31.47.0-255,66,262486,87,348590
7398,0.070156,172.217.194.0-255,5738,268224,87,348590
7399,0.070174,172.31.47.0-255,66,268290,87,348590
7400,0.072242,172.217.194.0-255,5738,274028,87,348590
7401,0.072259,172.31.47.0-255,66,274094,87,348590
7402,0.074309,172.217.194.0-255,5738,279832,87,348590
7403,0.07432,172.31.47.0-255,66,279898,87,348590
7404,0.07638,172.217.194.0-255,5738,285636,87,348590
7405,0.076386,172.31.47.0-255,66,285702,87,348590
7406,0.078423,172.217.194.0-255,5738,291440,87,348590
7407,0.07843,172.31.47.0-255,66,291506,87,348590
7408,0.080478,172.217.194.0-255,5738,297244,87,348590
7409,0.080486,172.31.47.0-255,66,297310,87,348590
7410,0.082544,172.217.194.0-255,5738,303048,87,348590
7411,0.082564,172.31.47.0-255,66,303114,87,348590
7412,0.084615,172.217.194.0-255,4320,307434,87,348590
7413,0.084623,172.31.47.0-255,66,307500,87,348590
7414,0.08465,172.217.194.0-255,1484,308984,87,348590
7415,0.086658,172.217.194.0-255,4320,313304,87,348590
7416,0.086664,172.31.47.0-255,66,313370,87,348590
7417,0.088735,172.217.194.0-255,5738,319108,87,348590
7418,0.08874,172.31.47.0-255,66,319174,87,348590
7419,0.090784,172.217.194.0-255,5738,324912,87,348590
7420,0.090791,172.31.47.0-255,66,324978,87,348590
7421,0.092857,172.217.194.0-255,5738,330716,87,348590
7422,0.092865,172.31.47.0-255,66,330782,87,348590
7423,0.094881,172.217.194.0-255,2902,333684,87,348590
7424,0.09489,172.31.47.0-255,66,333750,87,348590
7425,0.094909,172.217.194.0-255,2902,336652,87,348590
7426,0.094912,172.31.47.0-255,66,336718,87,348590
7427,0.096969,172.217.194.0-255,2902,339620,87,348590
7428,0.096974,172.31.47.0-255,66,339686,87,348590
7429,0.097005,172.217.194.0-255,2902,342588,87,348590
7430,0.097008,172.31.47.0-255,66,342654,87,348590
7431,0.099087,172.217.194.0-255,2902,345556,87,348590
7432,0.099093,172.31.47.0-255,66,345622,87,348590
7433,0.099123,172.217.194.0-255,2902,348524,87,348590
7434,0.099126,172.31.47.0-255,66,348590,87,348590
7435,0.0,172.217.194.0-255,153,153,87,183404
7436,3.1e-05,172.31.47.0-255,66,219,87,183404
7437,3.8e-05,172.217.194.0-255,1484,1703,87,183404
7438,4.1e-05,172.31.47.0-255,66,1769,87,183404
7439,4.7e-05,172.217.194.0-255,2902,4671,87,183404
7440,4.9e-05,172.31.47.0-255,66,4737,87,183404
7441,6.2e-05,172.217.194.0-255,7156,11893,87,183404
7442,6.5e-05,172.31.47.0-255,66,11959,87,183404
7443,9.6e-05,172.217.194.0-255,2084,14043,87,183404
7444,9.9e-05,172.31.47.0-255,66,14109,87,183404
7445,0.000103,172.217.194.0-255,2902,17011,87,183404
7446,0.000105,172.31.47.0-255,66,17077,87,183404
7447,0.00011,172.217.194.0-255,7156,24233,87,183404
7448,0.000112,172.31.47.0-255,66,24299,87,183404
7449,0.00014,172.217.194.0-255,6797,31096,87,183404
7450,0.000142,172.31.47.0-255,66,31162,87,183404
7451,0.000357,172.217.194.0-255,1484,32646,87,183404
7452,0.000361,172.31.47.0-255,66,32712,87,183404
7453,0.000367,172.217.194.0-255,2902,35614,87,183404
7454,0.000369,172.31.47.0-255,66,35680,87,183404
7455,0.000379,172.217.194.0-255,4320,40000,87,183404
7456,0.000382,172.31.47.0-255,66,40066,87,183404
7457,0.000408,172.217.194.0-255,1484,41550,87,183404
7458,0.000411,172.31.47.0-255,66,41616,87,183404
7459,0.000424,172.31.47.0-255,66,41682,87,183404
7460,0.000435,172.31.47.0-255,66,41748,87,183404
7461,0.000841,172.217.194.0-255,646,42394,87,183404
7462,0.000847,172.31.47.0-255,66,42460,87,183404
7463,0.000945,172.217.194.0-255,1484,43944,87,183404
7464,0.000949,172.31.47.0-255,66,44010,87,183404
7465,0.000954,172.217.194.0-255,2902,46912,87,183404
7466,0.000957,172.31.47.0-255,66,46978,87,183404
7467,0.000969,172.217.194.0-255,5738,52716,87,183404
7468,0.000972,172.31.47.0-255,66,52782,87,183404
7469,0.001017,172.31.47.0-255,66,52848,87,183404
7470,0.00105,172.31.47.0-255,66,52914,87,183404
7471,0.001117,172.217.194.0-255,1484,54398,87,183404
7472,0.00113,172.217.194.0-255,2902,57300,87,183404
7473,0.001133,172.31.47.0-255,66,57366,87,183404
7474,0.001141,172.217.194.0-255,5738,63104,87,183404
7475,0.001143,172.31.47.0-255,66,63170,87,183404
7476,0.001205,172.217.194.0-255,5738,68908,87,183404
7477,0.001209,172.31.47.0-255,66,68974,87,183404
7478,0.001225,172.31.47.0-255,66,69040,87,183404
7479,0.00123,172.217.194.0-255,5020,74060,87,183404
7480,0.001232,172.31.47.0-255,66,74126,87,183404
7481,0.001276,172.217.194.0-255,1484,75610,87,183404
7482,0.001283,172.217.194.0-255,2902,78512,87,183404
7483,0.001286,172.31.47.0-255,66,78578,87,183404
7484,0.001292,172.217.194.0-255,5738,84316,87,183404
7485,0.001294,172.31.47.0-255,66,84382,87,183404
7486,0.001306,172.217.194.0-255,1484,85866,87,183404
7487,0.001322,172.217.194.0-255,5738,91604,87,183404
7488,0.001324,172.31.47.0-255,66,91670,87,183404
7489,0.001348,172.217.194.0-255,5738,97408,87,183404
7490,0.00135,172.31.47.0-255,66,97474,87,183404
7491,0.001359,172.31.47.0-255,66,97540,87,183404
7492,0.001383,172.217.194.0-255,2184,99724,87,183404
7493,0.001385,172.31.47.0-255,66,99790,87,183404
7494,0.001413,172.217.194.0-255,4320,104110,87,183404
7495,0.001415,172.31.47.0-255,66,104176,87,183404
7496,0.00144,172.217.194.0-255,7156,111332,87,183404
7497,0.001442,172.31.47.0-255,66,111398,87,183404
7498,0.001445,172.217.194.0-255,2902,114300,87,183404
7499,0.001447,172.31.47.0-255,66,114366,87,183404
7500,0.001477,172.31.47.0-255,66,114432,87,183404
7501,0.001506,172.31.47.0-255,66,114498,87,183404
7502,0.001527,172.217.194.0-255,1484,115982,87,183404
7503,0.00153,172.217.194.0-255,2902,118884,87,183404
7504,0.001532,172.31.47.0-255,66,118950,87,183404
7505,0.001552,172.217.194.0-255,2902,121852,87,183404
7506,0.001555,172.31.47.0-255,66,121918,87,183404
7507,0.001578,172.217.194.0-255,2902,124820,87,183404
7508,0.00158,172.31.47.0-255,66,124886,87,183404
7509,0.001591,172.31.47.0-255,66,124952,87,183404
7510,0.001593,172.217.194.0-255,1484,126436,87,183404
7511,0.001649,172.31.47.0-255,66,126502,87,183404
7512,0.00166,172.217.194.0-255,5738,132240,87,183404
7513,0.001663,172.31.47.0-255,66,132306,87,183404
7514,0.001692,172.31.47.0-255,66,132372,87,183404
7515,0.001706,172.31.47.0-255,66,132438,87,183404
7516,0.001737,172.217.194.0-255,1484,133922,87,183404
7517,0.001751,172.31.47.0-255,66,133988,87,183404
7518,0.00181,172.217.194.0-255,1484,135472,87,183404
7519,0.001815,172.217.194.0-255,2902,138374,87,183404
7520,0.001817,172.31.47.0-255,66,138440,87,183404
7521,0.001822,172.217.194.0-255,5738,144178,87,183404
7522,0.001824,172.31.47.0-255,66,144244,87,183404
7523,0.001836,172.31.47.0-255,66,144310,87,183404
7524,0.001864,172.217.194.0-255,7156,151466,87,183404
7525,0.001867,172.31.47.0-255,66,151532,87,183404
7526,0.001903,172.31.47.0-255,66,151598,87,183404
7527,0.001922,172.31.47.0-255,66,151664,87,183404
7528,0.001946,172.217.194.0-255,5738,157402,87,183404
7529,0.001949,172.31.47.0-255,66,157468,87,183404
7530,0.001952,172.217.194.0-255,2184,159652,87,183404
7531,0.001954,172.31.47.0-255,66,159718,87,183404
7532,0.001984,172.31.47.0-255,66,159784,87,183404
7533,0.00201,172.217.194.0-255,5738,165522,87,183404
7534,0.002013,172.31.47.0-255,66,165588,87,183404
7535,0.002022,172.31.47.0-255,66,165654,87,183404
7536,0.00205,172.217.194.0-255,5020,170674,87,183404
7537,0.002053,172.31.47.0-255,66,170740,87,183404
7538,0.002058,172.217.194.0-255,4320,175060,87,183404
7539,0.00206,172.31.47.0-255,66,175126,87,183404
7540,0.002083,172.217.194.0-255,3582,178708,87,183404
7541,0.002085,172.31.47.0-255,66,178774,87,183404
7542,0.002088,172.217.194.0-255,105,178879,87,183404
7543,0.0086,172.31.47.0-255,66,178945,87,183404
7544,0.008628,172.31.47.0-255,105,179050,87,183404
7545,0.010637,172.217.194.0-255,66,179116,87,183404
7546,0.036982,172.31.47.0-255,172,179288,87,183404
7547,0.037008,172.31.47.0-255,1112,180400,87,183404
7548,0.03706,172.31.47.0-255,1514,181914,87,183404
7549,0.037079,172.31.47.0-255,1292,183206,87,183404
7550,0.038524,104.244.42.0-255,66,183272,87,183404
7551,0.038561,104.244.42.0-255,66,183338,87,183404
7552,0.038605,104.244.42.0-255,66,183404,87,183404
7553,0.0,172.217.194.0-255,153,153,87,206414
7554,2.4e-05,172.31.47.0-255,66,219,87,206414
7555,2.9e-05,172.217.194.0-255,1484,1703,87,206414
7556,3.3e-05,172.31.47.0-255,66,1769,87,206414
7557,3.7e-05,172.217.194.0-255,2902,4671,87,206414
7558,4.6e-05,172.31.47.0-255,66,4737,87,206414
7559,5.2e-05,172.217.194.0-255,7156,11893,87,206414
7560,5.4e-05,172.31.47.0-255,66,11959,87,206414
7561,5.7e-05,172.217.194.0-255,1484,13443,87,206414
7562,5.9e-05,172.31.47.0-255,66,13509,87,206414
7563,9.4e-05,172.217.194.0-255,2217,15726,87,206414
7564,9.6e-05,172.31.47.0-255,66,15792,87,206414
7565,0.000112,172.31.47.0-255,66,15858,87,206414
7566,0.000116,172.217.194.0-255,2543,18401,87,206414
7567,0.000118,172.31.47.0-255,66,18467,87,206414
7568,0.000184,172.217.194.0-255,1484,19951,87,206414
7569,0.000187,172.31.47.0-255,66,20017,87,206414
7570,0.00019,172.217.194.0-255,1484,21501,87,206414
7571,0.000192,172.31.47.0-255,66,21567,87,206414
7572,0.00021,172.217.194.0-255,1484,23051,87,206414
7573,0.000212,172.31.47.0-255,66,23117,87,206414
7574,0.000223,172.217.194.0-255,5738,28855,87,206414
7575,0.000226,172.31.47.0-255,66,28921,87,206414
7576,0.000265,172.31.47.0-255,66,28987,87,206414
7577,0.000288,172.217.194.0-255,5738,34725,87,206414
7578,0.000291,172.31.47.0-255,66,34791,87,206414
7579,0.000312,172.217.194.0-255,4250,39041,87,206414
7580,0.000314,172.217.194.0-255,100,39141,87,206414
7581,0.000315,172.31.47.0-255,66,39207,87,206414
7582,0.000319,172.31.47.0-255,66,39273,87,206414
7583,0.000345,172.217.194.0-255,1484,40757,87,206414
7584,0.000349,172.217.194.0-255,2902,43659,87,206414
7585,0.000352,172.31.47.0-255,66,43725,87,206414
7586,0.000356,172.217.194.0-255,2902,46627,87,206414
7587,0.000358,172.31.47.0-255,66,46693,87,206414
7588,0.000393,172.217.194.0-255,2902,49595,87,206414
7589,0.000396,172.31.47.0-255,66,49661,87,206414
7590,0.000401,172.217.194.0-255,6797,56458,87,206414
7591,0.000403,172.31.47.0-255,66,56524,87,206414
7592,0.000434,172.31.47.0-255,66,56590,87,206414
7593,0.000469,172.217.194.0-255,4258,60848,87,206414
7594,0.000473,172.31.47.0-255,66,60914,87,206414
7595,0.000499,172.217.194.0-255,4320,65234,87,206414
7596,0.000501,172.31.47.0-255,66,65300,87,206414
7597,0.000522,172.217.194.0-255,7156,72456,87,206414
7598,0.000526,172.31.47.0-255,66,72522,87,206414
7599,0.00053,172.217.194.0-255,4320,76842,87,206414
7600,0.000532,172.31.47.0-255,66,76908,87,206414
7601,0.000565,172.31.47.0-255,66,76974,87,206414
7602,0.000567,172.217.194.0-255,7156,84130,87,206414
7603,0.00057,172.31.47.0-255,66,84196,87,206414
7604,0.000599,172.217.194.0-255,1635,85831,87,206414
7605,0.000602,172.31.47.0-255,66,85897,87,206414
7606,0.000623,172.217.194.0-255,7156,93053,87,206414
7607,0.000626,172.31.47.0-255,66,93119,87,206414
7608,0.000647,172.217.194.0-255,2902,96021,87,206414
7609,0.00065,172.31.47.0-255,66,96087,87,206414
7610,0.000656,172.217.194.0-255,7156,103243,87,206414
7611,0.000658,172.31.47.0-255,66,103309,87,206414
7612,0.000692,172.31.47.0-255,66,103375,87,206414
7613,0.000716,172.217.194.0-255,3602,106977,87,206414
7614,0.000718,172.31.47.0-255,66,107043,87,206414
7615,0.000986,172.217.194.0-255,1484,108527,87,206414
7616,0.000991,172.217.194.0-255,2902,111429,87,206414
7617,0.000994,172.31.47.0-255,66,111495,87,206414
7618,0.000997,172.217.194.0-255,1484,112979,87,206414
7619,0.001022,172.217.194.0-255,4320,117299,87,206414
7620,0.001025,172.31.47.0-255,66,117365,87,206414
7621,0.001052,172.217.194.0-255,2902,120267,87,206414
7622,0.001054,172.31.47.0-255,66,120333,87,206414
7623,0.00106,172.217.194.0-255,4320,124653,87,206414
7624,0.001062,172.31.47.0-255,66,124719,87,206414
7625,0.00107,172.31.47.0-255,66,124785,87,206414
7626,0.001111,172.217.194.0-255,5738,130523,87,206414
7627,0.001114,172.31.47.0-255,66,130589,87,206414
7628,0.001138,172.217.194.0-255,2184,132773,87,206414
7629,0.00114,172.31.47.0-255,66,132839,87,206414
7630,0.001224,172.217.194.0-255,1484,134323,87,206414
7631,0.001253,172.217.194.0-255,2902,137225,87,206414
7632,0.001256,172.31.47.0-255,66,137291,87,206414
7633,0.001259,172.217.194.0-255,1484,138775,87,206414
7634,0.001283,172.217.194.0-255,4320,143095,87,206414
7635,0.001286,172.31.47.0-255,66,143161,87,206414
7636,0.001315,172.217.194.0-255,7156,150317,87,206414
7637,0.001317,172.31.47.0-255,66,150383,87,206414
7638,0.001342,172.217.194.0-255,7156,157539,87,206414
7639,0.001344,172.31.47.0-255,66,157605,87,206414
7640,0.001376,172.31.47.0-255,66,157671,87,206414
7641,0.001378,172.217.194.0-255,766,158437,87,206414
7642,0.001505,172.217.194.0-255,1484,159921,87,206414
7643,0.001508,172.31.47.0-255,66,159987,87,206414
7644,0.001534,172.217.194.0-255,2902,162889,87,206414
7645,0.001537,172.31.47.0-255,66,162955,87,206414
7646,0.001543,172.217.194.0-255,5738,168693,87,206414
7647,0.001544,172.31.47.0-255,66,168759,87,206414
7648,0.001549,172.217.194.0-255,4320,173079,87,206414
7649,0.00155,172.31.47.0-255,66,173145,87,206414
7650,0.001627,172.31.47.0-255,66,173211,87,206414
7651,0.001636,172.31.47.0-255,66,173277,87,206414
7652,0.001662,172.217.194.0-255,1484,174761,87,206414
7653,0.001666,172.217.194.0-255,1484,176245,87,206414
7654,0.001668,172.31.47.0-255,66,176311,87,206414
7655,0.00169,172.217.194.0-255,1484,177795,87,206414
7656,0.001696,172.217.194.0-255,5738,183533,87,206414
7657,0.001698,172.31.47.0-255,66,183599,87,206414
7658,0.001713,172.217.194.0-255,1484,185083,87,206414
7659,0.001726,172.217.194.0-255,5738,190821,87,206414
7660,0.001729,172.31.47.0-255,66,190887,87,206414
7661,0.001767,172.217.194.0-255,2184,193071,87,206414
7662,0.001767,172.31.47.0-255,66,193137,87,206414
7663,0.00177,172.31.47.0-255,66,193203,87,206414
7664,0.001807,172.217.194.0-255,4320,197523,87,206414
7665,0.00181,172.31.47.0-255,66,197589,87,206414
7666,0.001847,172.217.194.0-255,1484,199073,87,206414
7667,0.001848,172.31.47.0-255,66,199139,87,206414
7668,0.001892,172.31.47.0-255,66,199205,87,206414
7669,0.001927,172.31.47.0-255,66,199271,87,206414
7670,0.001962,172.31.47.0-255,66,199337,87,206414
7671,0.001978,172.31.47.0-255,66,199403,87,206414
7672,0.002019,172.217.194.0-255,2184,201587,87,206414
7673,0.002022,172.31.47.0-255,66,201653,87,206414
7674,0.002034,172.31.47.0-255,66,201719,87,206414
7675,0.002047,172.217.194.0-255,105,201824,87,206414
7676,0.002051,172.31.47.0-255,66,201890,87,206414
7677,0.007031,172.31.47.0-255,66,201956,87,206414
7678,0.007057,172.31.47.0-255,105,202061,87,206414
7679,0.009321,172.217.194.0-255,66,202127,87,206414
7680,0.024593,172.31.47.0-255,172,202299,87,206414
7681,0.024621,172.31.47.0-255,1107,203406,87,206414
7682,0.024665,172.31.47.0-255,1514,204920,87,206414
7683,0.024686,172.31.47.0-255,1296,206216,87,206414
7684,0.026138,104.244.42.0-255,66,206282,87,206414
7685,0.02618,104.244.42.0-255,66,206348,87,206414
7686,0.026225,104.244.42.0-255,66,206414,87,206414
7687,0.0,74.125.24.0-255,153,153,87,378638
7688,3.3e-05,172.31.47.0-255,66,219,87,378638
7689,4.1e-05,74.125.24.0-255,1484,1703,87,378638
7690,4.5e-05,172.31.47.0-255,66,1769,87,378638
7691,5e-05,74.125.24.0-255,2902,4671,87,378638
7692,5.2e-05,172.31.47.0-255,66,4737,87,378638
7693,5.8e-05,74.125.24.0-255,7156,11893,87,378638
7694,6.2e-05,172.31.47.0-255,66,11959,87,378638
7695,8.2e-05,74.125.24.0-255,2171,14130,87,378638
7696,8.5e-05,172.31.47.0-255,66,14196,87,378638
7697,0.000414,74.125.24.0-255,1484,15680,87,378638
7698,0.00042,172.31.47.0-255,66,15746,87,378638
7699,0.000425,74.125.24.0-255,2902,18648,87,378638
7700,0.000427,172.31.47.0-255,66,18714,87,378638
7701,0.000432,74.125.24.0-255,4320,23034,87,378638
7702,0.000433,172.31.47.0-255,66,23100,87,378638
7703,0.000445,74.125.24.0-255,1484,24584,87,378638
7704,0.000447,172.31.47.0-255,66,24650,87,378638
7705,0.000467,74.125.24.0-255,5738,30388,87,378638
7706,0.00047,172.31.47.0-255,66,30454,87,378638
7707,0.000485,74.125.24.0-255,1125,31579,87,378638
7708,0.000488,172.31.47.0-255,66,31645,87,378638
7709,0.000529,74.125.24.0-255,1484,33129,87,378638
7710,0.000531,172.31.47.0-255,66,33195,87,378638
7711,0.000536,74.125.24.0-255,2902,36097,87,378638
7712,0.000538,172.31.47.0-255,66,36163,87,378638
7713,0.000541,74.125.24.0-255,2902,39065,87,378638
7714,0.000543,172.31.47.0-255,66,39131,87,378638
7715,0.000567,74.125.24.0-255,2902,42033,87,378638
7716,0.00057,172.31.47.0-255,66,42099,87,378638
7717,0.000576,74.125.24.0-255,6797,48896,87,378638
7718,0.00058,172.31.47.0-255,66,48962,87,378638
7719,0.000628,172.31.47.0-255,66,49028,87,378638
7720,0.000632,74.125.24.0-255,2543,51571,87,378638
7721,0.000634,172.31.47.0-255,66,51637,87,378638
7722,0.000645,74.125.24.0-255,400,52037,87,378638
7723,0.000687,74.125.24.0-255,110,52147,87,378638
7724,0.000703,74.125.24.0-255,330,52477,87,378638
7725,0.000796,172.31.47.0-255,66,52543,87,378638
7726,0.001037,74.125.24.0-255,1484,54027,87,378638
7727,0.001045,74.125.24.0-255,2902,56929,87,378638
7728,0.001048,172.31.47.0-255,66,56995,87,378638
7729,0.001071,74.125.24.0-255,5738,62733,87,378638
7730,0.001073,172.31.47.0-255,66,62799,87,378638
7731,0.001076,74.125.24.0-255,1484,64283,87,378638
7732,0.001107,74.125.24.0-255,1484,65767,87,378638
7733,0.001109,172.31.47.0-255,66,65833,87,378638
7734,0.001137,172.31.47.0-255,66,65899,87,378638
7735,0.001143,74.125.24.0-255,5738,71637,87,378638
7736,0.001144,172.31.47.0-255,66,71703,87,378638
7737,0.001187,74.125.24.0-255,3602,75305,87,378638
7738,0.00119,172.31.47.0-255,66,75371,87,378638
7739,0.001478,74.125.24.0-255,1484,76855,87,378638
7740,0.001494,74.125.24.0-255,1484,78339,87,378638
7741,0.001498,172.31.47.0-255,66,78405,87,378638
7742,0.001514,74.125.24.0-255,1484,79889,87,378638
7743,0.001531,74.125.24.0-255,5738,85627,87,378638
7744,0.001533,172.31.47.0-255,66,85693,87,378638
7745,0.001547,74.125.24.0-255,1484,87177,87,378638
7746,0.001567,74.125.24.0-255,1484,88661,87,378638
7747,0.001569,172.31.47.0-255,66,88727,87,378638
7748,0.001583,74.125.24.0-255,1484,90211,87,378638
7749,0.001588,74.125.24.0-255,4320,94531,87,378638
7750,0.00159,172.31.47.0-255,66,94597,87,378638
7751,0.001599,74.125.24.0-255,1484,96081,87,378638
7752,0.001604,74.125.24.0-255,5738,101819,87,378638
7753,0.001606,172.31.47.0-255,66,101885,87,378638
7754,0.001634,74.125.24.0-255,7156,109041,87,378638
7755,0.001636,172.31.47.0-255,66,109107,87,378638
7756,0.001638,74.125.24.0-255,766,109873,87,378638
7757,0.001988,74.125.24.0-255,1484,111357,87,378638
7758,0.00199,172.31.47.0-255,66,111423,87,378638
7759,0.002,74.125.24.0-255,2902,114325,87,378638
7760,0.002002,172.31.47.0-255,66,114391,87,378638
7761,0.002021,74.125.24.0-255,5738,120129,87,378638
7762,0.002022,172.31.47.0-255,66,120195,87,378638
7763,0.002057,74.125.24.0-255,4320,124515,87,378638
7764,0.002059,172.31.47.0-255,66,124581,87,378638
7765,0.00208,172.31.47.0-255,66,124647,87,378638
7766,0.002093,74.125.24.0-255,2902,127549,87,378638
7767,0.002095,172.31.47.0-255,66,127615,87,378638
7768,0.002125,172.31.47.0-255,66,127681,87,378638
7769,0.004184,74.125.24.0-255,5738,133419,87,378638
7770,0.004188,172.31.47.0-255,66,133485,87,378638
7771,0.006253,74.125.24.0-255,5738,139223,87,378638
7772,0.006259,172.31.47.0-255,66,139289,87,378638
7773,0.008327,74.125.24.0-255,5738,145027,87,378638
7774,0.008335,172.31.47.0-255,66,145093,87,378638
7775,0.010397,74.125.24.0-255,5738,150831,87,378638
7776,0.010402,172.31.47.0-255,66,150897,87,378638
7777,0.012458,74.125.24.0-255,5738,156635,87,378638
7778,0.012464,172.31.47.0-255,66,156701,87,378638
7779,0.014542,74.125.24.0-255,5738,162439,87,378638
7780,0.014549,172.31.47.0-255,66,162505,87,378638
7781,0.016606,74.125.24.0-255,5738,168243,87,378638
7782,0.016612,172.31.47.0-255,66,168309,87,378638
7783,0.018678,74.125.24.0-255,5738,174047,87,378638
7784,0.018684,172.31.47.0-255,66,174113,87,378638
7785,0.020737,74.125.24.0-255,5738,179851,87,378638
7786,0.020742,172.31.47.0-255,66,179917,87,378638
7787,0.021745,172.31.47.0-255,167,180084,87,378638
7788,0.021776,172.31.47.0-255,1111,181195,87,378638
7789,0.021802,172.31.47.0-255,1514,182709,87,378638
7790,0.021804,172.31.47.0-255,329,183038,87,378638
7791,0.022859,74.125.24.0-255,5738,188776,87,378638
7792,0.022864,172.31.47.0-255,66,188842,87,378638
7793,0.023348,104.244.42.0-255,66,188908,87,378638
7794,0.024932,74.125.24.0-255,5738,194646,87,378638
7795,0.024937,172.31.47.0-255,66,194712,87,378638
7796,0.026978,74.125.24.0-255,5738,200450,87,378638
7797,0.026983,172.31.47.0-255,66,200516,87,378638
7798,0.029045,74.125.24.0-255,5738,206254,87,378638
7799,0.02905,172.31.47.0-255,66,206320,87,378638
7800,0.031096,74.125.24.0-255,5738,212058,87,378638
7801,0.031102,172.31.47.0-255,66,212124,87,378638
7802,0.033143,74.125.24.0-255,5738,217862,87,378638
7803,0.033148,172.31.47.0-255,66,217928,87,378638
7804,0.035193,74.125.24.0-255,5738,223666,87,378638
7805,0.035199,172.31.47.0-255,66,223732,87,378638
7806,0.037243,74.125.24.0-255,5738,229470,87,378638
7807,0.037247,172.31.47.0-255,66,229536,87,378638
7808,0.039316,74.125.24.0-255,5738,235274,87,378638
7809,0.03932,172.31.47.0-255,66,235340,87,378638
7810,0.041363,74.125.24.0-255,5738,241078,87,378638
7811,0.041368,172.31.47.0-255,66,241144,87,378638
7812,0.043438,74.125.24.0-255,5738,246882,87,378638
7813,0.043445,172.31.47.0-255,66,246948,87,378638
7814,0.045493,74.125.24.0-255,5738,252686,87,378638
7815,0.0455,172.31.47.0-255,66,252752,87,378638
7816,0.047552,74.125.24.0-255,4320,257072,87,378638
7817,0.047557,172.31.47.0-255,66,257138,87,378638
7818,0.047585,74.125.24.0-255,1484,258622,87,378638
7819,0.049616,74.125.24.0-255,4320,262942,87,378638
7820,0.049622,172.31.47.0-255,66,263008,87,378638
7821,0.051666,74.125.24.0-255,5738,268746,87,378638
7822,0.051671,172.31.47.0-255,66,268812,87,378638
7823,0.053726,74.125.24.0-255,2902,271714,87,378638
7824,0.053732,172.31.47.0-255,66,271780,87,378638
7825,0.053751,74.125.24.0-255,2902,274682,87,378638
7826,0.053754,172.31.47.0-255,66,274748,87,378638
7827,0.055816,74.125.24.0-255,5738,280486,87,378638
7828,0.055824,172.31.47.0-255,66,280552,87,378638
7829,0.057887,74.125.24.0-255,4320,284872,87,378638
7830,0.057893,172.31.47.0-255,66,284938,87,378638
7831,0.05792,74.125.24.0-255,1484,286422,87,378638
7832,0.059949,74.125.24.0-255,4320,290742,87,378638
7833,0.059953,172.31.47.0-255,66,290808,87,378638
7834,0.062016,74.125.24.0-255,5738,296546,87,378638
7835,0.062021,172.31.47.0-255,66,296612,87,378638
7836,0.064089,74.125.24.0-255,4320,300932,87,378638
7837,0.064092,172.31.47.0-255,66,300998,87,378638
7838,0.064115,74.125.24.0-255,1484,302482,87,378638
7839,0.066149,74.125.24.0-255,4320,306802,87,378638
7840,0.066153,172.31.47.0-255,66,306868,87,378638
7841,0.068183,74.125.24.0-255,5738,312606,87,378638
7842,0.068188,172.31.47.0-255,66,312672,87,378638
7843,0.070245,74.125.24.0-255,2902,315574,87,378638
7844,0.07025,172.31.47.0-255,66,315640,87,378638
7845,0.070282,74.125.24.0-255,2902,318542,87,378638
7846,0.070285,172.31.47.0-255,66,318608,87,378638
7847,0.072284,74.125.24.0-255,2902,321510,87,378638
7848,0.072289,172.31.47.0-255,66,321576,87,378638
7849,0.072339,74.125.24.0-255,1484,323060,87,378638
7850,0.07235,74.125.24.0-255,1484,324544,87,378638
7851,0.072353,172.31.47.0-255,66,324610,87,378638
7852,0.074318,74.125.24.0-255,2902,327512,87,378638
7853,0.074323,172.31.47.0-255,66,327578,87,378638
7854,0.074396,74.125.24.0-255,2902,330480,87,378638
7855,0.0744,172.31.47.0-255,66,330546,87,378638
7856,0.076364,74.125.24.0-255,1484,332030,87,378638
7857,0.07648,74.125.24.0-255,4320,336350,87,378638
7858,0.076485,172.31.47.0-255,66,336416,87,378638
7859,0.078537,74.125.24.0-255,5738,342154,87,378638
7860,0.078541,172.31.47.0-255,66,342220,87,378638
7861,0.080588,74.125.24.0-255,5738,347958,87,378638
7862,0.080593,172.31.47.0-255,66,348024,87,378638
7863,0.082631,74.125.24.0-255,2902,350926,87,378638
7864,0.082635,172.31.47.0-255,66,350992,87,378638
7865,0.082663,74.125.24.0-255,2902,353894,87,378638
7866,0.082665,172.31.47.0-255,66,353960,87,378638
7867,0.084659,74.125.24.0-255,2902,356862,87,378638
7868,0.084663,172.31.47.0-255,66,356928,87,378638
7869,0.084699,74.125.24.0-255,2902,359830,87,378638
7870,0.084701,172.31.47.0-255,66,359896,87,378638
7871,0.086708,74.125.24.0-255,2902,362798,87,378638
7872,0.086712,172.31.47.0-255,66,362864,87,378638
7873,0.08676,74.125.24.0-255,2902,365766,87,378638
7874,0.086764,172.31.47.0-255,66,365832,87,378638
7875,0.088776,74.125.24.0-255,2902,368734,87,378638
7876,0.08878,172.31.47.0-255,66,368800,87,378638
7877,0.088842,74.125.24.0-255,2902,371702,87,378638
7878,0.088847,172.31.47.0-255,66,371768,87,378638
7879,0.090821,74.125.24.0-255,2902,374670,87,378638
7880,0.090826,172.31.47.0-255,66,374736,87,378638
7881,0.090898,74.125.24.0-255,2902,377638,87,378638
7882,0.090902,172.31.47.0-255,66,377704,87,378638
7883,0.092855,74.125.24.0-255,697,378401,87,378638
7884,0.092977,172.31.47.0-255,66,378467,87,378638
7885,0.093001,172.31.47.0-255,105,378572,87,378638
7886,0.095014,74.125.24.0-255,66,378638,87,378638
7887,0.0,172.217.194.0-255,153,153,87,330222
7888,3.1e-05,172.31.47.0-255,66,219,87,330222
7889,3.8e-05,172.217.194.0-255,1484,1703,87,330222
7890,4.3e-05,172.31.47.0-255,66,1769,87,330222
7891,4.7e-05,172.217.194.0-255,2902,4671,87,330222
7892,5e-05,172.31.47.0-255,66,4737,87,330222
7893,5.7e-05,172.217.194.0-255,7156,11893,87,330222
7894,5.9e-05,172.31.47.0-255,66,11959,87,330222
7895,8.6e-05,172.217.194.0-255,7156,19115,87,330222
7896,8.8e-05,172.31.47.0-255,66,19181,87,330222
7897,0.000114,172.31.47.0-255,66,19247,87,330222
7898,0.000133,172.217.194.0-255,3961,23208,87,330222
7899,0.000135,172.31.47.0-255,66,23274,87,330222
7900,0.000227,172.217.194.0-255,1484,24758,87,330222
7901,0.000231,172.31.47.0-255,66,24824,87,330222
7902,0.000234,172.217.194.0-255,1484,26308,87,330222
7903,0.000236,172.31.47.0-255,66,26374,87,330222
7904,0.00025,172.217.194.0-255,1484,27858,87,330222
7905,0.000252,172.217.194.0-255,1484,29342,87,330222
7906,0.000255,172.31.47.0-255,66,29408,87,330222
7907,0.000258,172.31.47.0-255,66,29474,87,330222
7908,0.00028,172.217.194.0-255,4320,33794,87,330222
7909,0.000283,172.31.47.0-255,66,33860,87,330222
7910,0.000297,172.217.194.0-255,2902,36762,87,330222
7911,0.0003,172.31.47.0-255,66,36828,87,330222
7912,0.000315,172.217.194.0-255,5738,42566,87,330222
7913,0.000318,172.31.47.0-255,66,42632,87,330222
7914,0.000334,172.217.194.0-255,5379,48011,87,330222
7915,0.000337,172.31.47.0-255,66,48077,87,330222
7916,0.000368,172.217.194.0-255,1484,49561,87,330222
7917,0.000371,172.31.47.0-255,66,49627,87,330222
7918,0.000396,172.31.47.0-255,66,49693,87,330222
7919,0.000507,172.217.194.0-255,378,50071,87,330222
7920,0.000641,172.217.194.0-255,98,50169,87,330222
7921,0.00067,172.217.194.0-255,364,50533,87,330222
7922,0.000717,172.31.47.0-255,66,50599,87,330222
7923,0.001042,172.217.194.0-255,1484,52083,87,330222
7924,0.001052,172.217.194.0-255,2902,54985,87,330222
7925,0.001056,172.31.47.0-255,66,55051,87,330222
7926,0.001063,172.217.194.0-255,5738,60789,87,330222
7927,0.001065,172.31.47.0-255,66,60855,87,330222
7928,0.00107,172.217.194.0-255,5738,66593,87,330222
7929,0.001072,172.31.47.0-255,66,66659,87,330222
7930,0.001083,172.31.47.0-255,66,66725,87,330222
7931,0.001089,172.217.194.0-255,5020,71745,87,330222
7932,0.001091,172.31.47.0-255,66,71811,87,330222
7933,0.001562,172.217.194.0-255,1484,73295,87,330222
7934,0.001568,172.217.194.0-255,1484,74779,87,330222
7935,0.001572,172.31.47.0-255,66,74845,87,330222
7936,0.00159,172.217.194.0-255,1484,76329,87,330222
7937,0.001596,172.217.194.0-255,5738,82067,87,330222
7938,0.001598,172.31.47.0-255,66,82133,87,330222
7939,0.001622,172.31.47.0-255,66,82199,87,330222
7940,0.001632,172.217.194.0-255,4320,86519,87,330222
7941,0.001634,172.31.47.0-255,66,86585,87,330222
7942,0.001652,172.217.194.0-255,2902,89487,87,330222
7943,0.001654,172.31.47.0-255,66,89553,87,330222
7944,0.001678,172.31.47.0-255,66,89619,87,330222
7945,0.001763,172.217.194.0-255,1484,91103,87,330222
7946,0.001779,172.217.194.0-255,2902,94005,87,330222
7947,0.001781,172.31.47.0-255,66,94071,87,330222
7948,0.001784,172.217.194.0-255,1484,95555,87,330222
7949,0.0018,172.217.194.0-255,4320,99875,87,330222
7950,0.001802,172.31.47.0-255,66,99941,87,330222
7951,0.001823,172.217.194.0-255,2902,102843,87,330222
7952,0.001825,172.31.47.0-255,66,102909,87,330222
7953,0.001845,172.31.47.0-255,66,102975,87,330222
7954,0.001847,172.217.194.0-255,1484,104459,87,330222
7955,0.001875,172.31.47.0-255,66,104525,87,330222
7956,0.002583,172.217.194.0-255,1484,106009,87,330222
7957,0.002602,172.217.194.0-255,2902,108911,87,330222
7958,0.002604,172.31.47.0-255,66,108977,87,330222
7959,0.002609,172.217.194.0-255,5738,114715,87,330222
7960,0.002611,172.31.47.0-255,66,114781,87,330222
7961,0.002634,172.217.194.0-255,2902,117683,87,330222
7962,0.002636,172.31.47.0-255,66,117749,87,330222
7963,0.002661,172.31.47.0-255,66,117815,87,330222
7964,0.002664,172.217.194.0-255,2902,120717,87,330222
7965,0.002667,172.31.47.0-255,66,120783,87,330222
7966,0.002695,172.31.47.0-255,66,120849,87,330222
7967,0.005346,172.217.194.0-255,5738,126587,87,330222
7968,0.005352,172.31.47.0-255,66,126653,87,330222
7969,0.007985,172.217.194.0-255,5738,132391,87,330222
7970,0.007991,172.31.47.0-255,66,132457,87,330222
7971,0.010644,172.217.194.0-255,5738,138195,87,330222
7972,0.01065,172.31.47.0-255,66,138261,87,330222
7973,0.013331,172.217.194.0-255,5738,143999,87,330222
7974,0.01334,172.31.47.0-255,66,144065,87,330222
7975,0.016008,172.217.194.0-255,5738,149803,87,330222
7976,0.016017,172.31.47.0-255,66,149869,87,330222
7977,0.018668,172.217.194.0-255,5738,155607,87,330222
7978,0.018675,172.31.47.0-255,66,155673,87,330222
7979,0.02136,172.217.194.0-255,5738,161411,87,330222
7980,0.021368,172.31.47.0-255,66,161477,87,330222
7981,0.02401,172.217.194.0-255,5738,167215,87,330222
7982,0.024018,172.31.47.0-255,66,167281,87,330222
7983,0.026122,172.31.47.0-255,172,167453,87,330222
7984,0.026147,172.31.47.0-255,1106,168559,87,330222
7985,0.026181,172.31.47.0-255,1514,170073,87,330222
7986,0.026186,172.31.47.0-255,1297,171370,87,330222
7987,0.026719,172.217.194.0-255,5738,177108,87,330222
7988,0.026727,172.31.47.0-255,66,177174,87,330222
7989,0.027659,104.244.42.0-255,66,177240,87,330222
7990,0.027721,104.244.42.0-255,66,177306,87,330222
7991,0.027755,104.244.42.0-255,66,177372,87,330222
7992,0.029425,172.217.194.0-255,5738,183110,87,330222
7993,0.02944,172.31.47.0-255,66,183176,87,330222
7994,0.032129,172.217.194.0-255,5738,188914,87,330222
7995,0.032144,172.31.47.0-255,66,188980,87,330222
7996,0.034791,172.217.194.0-255,5738,194718,87,330222
7997,0.034804,172.31.47.0-255,66,194784,87,330222
7998,0.03746,172.217.194.0-255,5738,200522,87,330222
7999,0.037466,172.31.47.0-255,66,200588,87,330222
8000,0.040128,172.217.194.0-255,5738,206326,87,330222
8001,0.040133,172.31.47.0-255,66,206392,87,330222
8002,0.042803,172.217.194.0-255,5738,212130,87,330222
8003,0.042821,172.31.47.0-255,66,212196,87,330222
8004,0.045462,172.217.194.0-255,5738,217934,87,330222
8005,0.045468,172.31.47.0-255,66,218000,87,330222
8006,0.048146,172.217.194.0-255,4320,222320,87,330222
8007,0.048151,172.31.47.0-255,66,222386,87,330222
8008,0.048182,172.217.194.0-255,1484,223870,87,330222
8009,0.050791,172.217.194.0-255,4320,228190,87,330222
8010,0.050797,172.31.47.0-255,66,228256,87,330222
8011,0.053471,172.217.194.0-255,5738,233994,87,330222
8012,0.053475,172.31.47.0-255,66,234060,87,330222
8013,0.056134,172.217.194.0-255,5738,239798,87,330222
8014,0.056142,172.31.47.0-255,66,239864,87,330222
8015,0.058793,172.217.194.0-255,5738,245602,87,330222
8016,0.058798,172.31.47.0-255,66,245668,87,330222
8017,0.061445,172.217.194.0-255,5738,251406,87,330222
8018,0.061451,172.31.47.0-255,66,251472,87,330222
8019,0.064108,172.217.194.0-255,5738,257210,87,330222
8020,0.064112,172.31.47.0-255,66,257276,87,330222
8021,0.066746,172.217.194.0-255,1484,258760,87,330222
8022,0.066834,172.217.194.0-255,4320,263080,87,330222
8023,0.066839,172.31.47.0-255,66,263146,87,330222
8024,0.069485,172.217.194.0-255,4320,267466,87,330222
8025,0.069489,172.31.47.0-255,66,267532,87,330222
8026,0.069511,172.217.194.0-255,1484,269016,87,330222
8027,0.072153,172.217.194.0-255,4320,273336,87,330222
8028,0.072158,172.31.47.0-255,66,273402,87,330222
8029,0.074808,172.217.194.0-255,4320,277722,87,330222
8030,0.074813,172.31.47.0-255,66,277788,87,330222
8031,0.074834,172.217.194.0-255,1484,279272,87,330222
8032,0.077473,172.217.194.0-255,4320,283592,87,330222
8033,0.077479,172.31.47.0-255,66,283658,87,330222
8034,0.080128,172.217.194.0-255,5738,289396,87,330222
8035,0.080135,172.31.47.0-255,66,289462,87,330222
8036,0.082772,172.217.194.0-255,5738,295200,87,330222
8037,0.082778,172.31.47.0-255,66,295266,87,330222
8038,0.08542,172.217.194.0-255,5738,301004,87,330222
8039,0.085425,172.31.47.0-255,66,301070,87,330222
8040,0.088067,172.217.194.0-255,5738,306808,87,330222
8041,0.088072,172.31.47.0-255,66,306874,87,330222
8042,0.090731,172.217.194.0-255,5738,312612,87,330222
8043,0.090736,172.31.47.0-255,66,312678,87,330222
8044,0.093361,172.217.194.0-255,5738,318416,87,330222
8045,0.093365,172.31.47.0-255,66,318482,87,330222
8046,0.096029,172.217.194.0-255,5738,324220,87,330222
8047,0.096035,172.31.47.0-255,66,324286,87,330222
8048,0.098678,172.217.194.0-255,2902,327188,87,330222
8049,0.098683,172.31.47.0-255,66,327254,87,330222
8050,0.09871,172.217.194.0-255,2902,330156,87,330222
8051,0.098713,172.31.47.0-255,66,330222,87,330222
8052,0.0,172.217.27.0-255,153,153,87,361829
8053,2.9e-05,172.31.47.0-255,66,219,87,361829
8054,3.6e-05,172.217.27.0-255,1484,1703,87,361829
8055,3.9e-05,172.31.47.0-255,66,1769,87,361829
8056,4.3e-05,172.217.27.0-255,2902,4671,87,361829
8057,4.5e-05,172.31.47.0-255,66,4737,87,361829
8058,6e-05,172.217.27.0-255,7156,11893,87,361829
8059,6.3e-05,172.31.47.0-255,66,11959,87,361829
8060,6.6e-05,172.217.27.0-255,2211,14170,87,361829
8061,6.7e-05,172.31.47.0-255,66,14236,87,361829
8062,0.00021,172.217.27.0-255,1484,15720,87,361829
8063,0.000214,172.31.47.0-255,66,15786,87,361829
8064,0.000219,172.217.27.0-255,2902,18688,87,361829
8065,0.000221,172.31.47.0-255,66,18754,87,361829
8066,0.000223,172.217.27.0-255,1484,20238,87,361829
8067,0.000225,172.31.47.0-255,66,20304,87,361829
8068,0.000263,172.217.27.0-255,4320,24624,87,361829
8069,0.000267,172.31.47.0-255,66,24690,87,361829
8070,0.000278,172.31.47.0-255,66,24756,87,361829
8071,0.000293,172.31.47.0-255,66,24822,87,361829
8072,0.000335,172.31.47.0-255,66,24888,87,361829
8073,0.00036,172.31.47.0-255,66,24954,87,361829
8074,0.000446,172.217.27.0-255,355,25309,87,361829
8075,0.000449,172.31.47.0-255,66,25375,87,361829
8076,0.000972,172.217.27.0-255,388,25763,87,361829
8077,0.000977,172.31.47.0-255,66,25829,87,361829
8078,0.001193,172.217.27.0-255,1484,27313,87,361829
8079,0.001198,172.31.47.0-255,66,27379,87,361829
8080,0.001205,172.217.27.0-255,2902,30281,87,361829
8081,0.001206,172.31.47.0-255,66,30347,87,361829
8082,0.001216,172.217.27.0-255,5738,36085,87,361829
8083,0.001218,172.31.47.0-255,66,36151,87,361829
8084,0.001221,172.217.27.0-255,2902,39053,87,361829
8085,0.001223,172.31.47.0-255,66,39119,87,361829
8086,0.00126,172.31.47.0-255,66,39185,87,361829
8087,0.001304,172.31.47.0-255,66,39251,87,361829
8088,0.002963,172.217.27.0-255,4320,43571,87,361829
8089,0.002967,172.31.47.0-255,66,43637,87,361829
8090,0.002991,172.217.27.0-255,1484,45121,87,361829
8091,0.004623,172.217.27.0-255,4320,49441,87,361829
8092,0.004626,172.31.47.0-255,66,49507,87,361829
8093,0.006305,172.217.27.0-255,5738,55245,87,361829
8094,0.006312,172.31.47.0-255,66,55311,87,361829
8095,0.007972,172.217.27.0-255,5738,61049,87,361829
8096,0.007978,172.31.47.0-255,66,61115,87,361829
8097,0.009646,172.217.27.0-255,5738,66853,87,361829
8098,0.009651,172.31.47.0-255,66,66919,87,361829
8099,0.011321,172.217.27.0-255,5738,72657,87,361829
8100,0.011328,172.31.47.0-255,66,72723,87,361829
8101,0.012996,172.217.27.0-255,5738,78461,87,361829
8102,0.013002,172.31.47.0-255,66,78527,87,361829
8103,0.014673,172.217.27.0-255,5738,84265,87,361829
8104,0.014681,172.31.47.0-255,66,84331,87,361829
8105,0.016342,172.217.27.0-255,5738,90069,87,361829
8106,0.016348,172.31.47.0-255,66,90135,87,361829
8107,0.018019,172.217.27.0-255,5738,95873,87,361829
8108,0.018024,172.31.47.0-255,66,95939,87,361829
8109,0.018094,172.31.47.0-255,167,96106,87,361829
8110,0.018137,172.31.47.0-255,1111,97217,87,361829
8111,0.018205,172.31.47.0-255,1514,98731,87,361829
8112,0.018207,172.31.47.0-255,329,99060,87,361829
8113,0.019623,104.244.42.0-255,66,99126,87,361829
8114,0.019678,172.217.27.0-255,2902,102028,87,361829
8115,0.019684,172.31.47.0-255,66,102094,87,361829
8116,0.0197,104.244.42.0-255,66,102160,87,361829
8117,0.019718,172.217.27.0-255,2902,105062,87,361829
8118,0.019721,172.31.47.0-255,66,105128,87,361829
8119,0.019733,104.244.42.0-255,66,105194,87,361829
8120,0.021333,172.217.27.0-255,1484,106678,87,361829
8121,0.021373,172.217.27.0-255,4320,110998,87,361829
8122,0.021377,172.31.47.0-255,66,111064,87,361829
8123,0.023039,172.217.27.0-255,4320,115384,87,361829
8124,0.023044,172.31.47.0-255,66,115450,87,361829
8125,0.023069,172.217.27.0-255,1484,116934,87,361829
8126,0.024716,172.217.27.0-255,4320,121254,87,361829
8127,0.02472,172.31.47.0-255,66,121320,87,361829
8128,0.026381,172.217.27.0-255,1484,122804,87,361829
8129,0.026406,172.217.27.0-255,4320,127124,87,361829
8130,0.02641,172.31.47.0-255,66,127190,87,361829
8131,0.028076,172.217.27.0-255,5738,132928,87,361829
8132,0.028081,172.31.47.0-255,66,132994,87,361829
8133,0.029741,172.217.27.0-255,4320,137314,87,361829
8134,0.029745,172.31.47.0-255,66,137380,87,361829
8135,0.029778,172.217.27.0-255,1484,138864,87,361829
8136,0.031405,172.217.27.0-255,4320,143184,87,361829
8137,0.031409,172.31.47.0-255,66,143250,87,361829
8138,0.033067,172.217.27.0-255,5738,148988,87,361829
8139,0.033071,172.31.47.0-255,66,149054,87,361829
8140,0.034734,172.217.27.0-255,2902,151956,87,361829
8141,0.03474,172.31.47.0-255,66,152022,87,361829
8142,0.034769,172.217.27.0-255,2902,154924,87,361829
8143,0.034771,172.31.47.0-255,66,154990,87,361829
8144,0.036405,172.217.27.0-255,2902,157892,87,361829
8145,0.03641,172.31.47.0-255,66,157958,87,361829
8146,0.036443,172.217.27.0-255,2902,160860,87,361829
8147,0.036446,172.31.47.0-255,66,160926,87,361829
8148,0.038076,172.217.27.0-255,2902,163828,87,361829
8149,0.03808,172.31.47.0-255,66,163894,87,361829
8150,0.038108,172.217.27.0-255,2902,166796,87,361829
8151,0.03811,172.31.47.0-255,66,166862,87,361829
8152,0.039752,172.217.27.0-255,2902,169764,87,361829
8153,0.039756,172.31.47.0-255,66,169830,87,361829
8154,0.039786,172.217.27.0-255,2902,172732,87,361829
8155,0.039788,172.31.47.0-255,66,172798,87,361829
8156,0.041432,172.217.27.0-255,2902,175700,87,361829
8157,0.041436,172.31.47.0-255,66,175766,87,361829
8158,0.041464,172.217.27.0-255,2902,178668,87,361829
8159,0.041466,172.31.47.0-255,66,178734,87,361829
8160,0.043093,172.217.27.0-255,2902,181636,87,361829
8161,0.043097,172.31.47.0-255,66,181702,87,361829
8162,0.043127,172.217.27.0-255,2902,184604,87,361829
8163,0.043131,172.31.47.0-255,66,184670,87,361829
8164,0.044766,172.217.27.0-255,2902,187572,87,361829
8165,0.04477,172.31.47.0-255,66,187638,87,361829
8166,0.044804,172.217.27.0-255,2902,190540,87,361829
8167,0.044807,172.31.47.0-255,66,190606,87,361829
8168,0.046428,172.217.27.0-255,2902,193508,87,361829
8169,0.046433,172.31.47.0-255,66,193574,87,361829
8170,0.046467,172.217.27.0-255,2902,196476,87,361829
8171,0.04647,172.31.47.0-255,66,196542,87,361829
8172,0.048096,172.217.27.0-255,2902,199444,87,361829
8173,0.048101,172.31.47.0-255,66,199510,87,361829
8174,0.048132,172.217.27.0-255,2902,202412,87,361829
8175,0.048134,172.31.47.0-255,66,202478,87,361829
8176,0.049771,172.217.27.0-255,2902,205380,87,361829
8177,0.049775,172.31.47.0-255,66,205446,87,361829
8178,0.049805,172.217.27.0-255,2902,208348,87,361829
8179,0.049808,172.31.47.0-255,66,208414,87,361829
8180,0.051433,172.217.27.0-255,2902,211316,87,361829
8181,0.051437,172.31.47.0-255,66,211382,87,361829
8182,0.05147,172.217.27.0-255,2902,214284,87,361829
8183,0.051473,172.31.47.0-255,66,214350,87,361829
8184,0.053094,172.217.27.0-255,2902,217252,87,361829
8185,0.053098,172.31.47.0-255,66,217318,87,361829
8186,0.053131,172.217.27.0-255,2902,220220,87,361829
8187,0.053133,172.31.47.0-255,66,220286,87,361829
8188,0.054751,172.217.27.0-255,2902,223188,87,361829
8189,0.054756,172.31.47.0-255,66,223254,87,361829
8190,0.054786,172.217.27.0-255,2902,226156,87,361829
8191,0.054789,172.31.47.0-255,66,226222,87,361829
8192,0.056449,172.217.27.0-255,2902,229124,87,361829
8193,0.056454,172.31.47.0-255,66,229190,87,361829
8194,0.056481,172.217.27.0-255,2902,232092,87,361829
8195,0.056484,172.31.47.0-255,66,232158,87,361829
8196,0.05812,172.217.27.0-255,2902,235060,87,361829
8197,0.058127,172.31.47.0-255,66,235126,87,361829
8198,0.058153,172.217.27.0-255,2902,238028,87,361829
8199,0.058155,172.31.47.0-255,66,238094,87,361829
8200,0.059788,172.217.27.0-255,2902,240996,87,361829
8201,0.059793,172.31.47.0-255,66,241062,87,361829
8202,0.059824,172.217.27.0-255,2902,243964,87,361829
8203,0.059826,172.31.47.0-255,66,244030,87,361829
8204,0.06145,172.217.27.0-255,2902,246932,87,361829
8205,0.061455,172.31.47.0-255,66,246998,87,361829
8206,0.061488,172.217.27.0-255,2902,249900,87,361829
8207,0.061491,172.31.47.0-255,66,249966,87,361829
8208,0.063118,172.217.27.0-255,2902,252868,87,361829
8209,0.063122,172.31.47.0-255,66,252934,87,361829
8210,0.06315,172.217.27.0-255,2902,255836,87,361829
8211,0.063152,172.31.47.0-255,66,255902,87,361829
8212,0.064789,172.217.27.0-255,2902,258804,87,361829
8213,0.064794,172.31.47.0-255,66,258870,87,361829
8214,0.064826,172.217.27.0-255,2902,261772,87,361829
8215,0.064829,172.31.47.0-255,66,261838,87,361829
8216,0.066448,172.217.27.0-255,1484,263322,87,361829
8217,0.066476,172.217.27.0-255,2902,266224,87,361829
8218,0.066481,172.31.47.0-255,66,266290,87,361829
8219,0.066503,172.217.27.0-255,1484,267774,87,361829
8220,0.068151,172.217.27.0-255,4320,272094,87,361829
8221,0.068155,172.31.47.0-255,66,272160,87,361829
8222,0.069816,172.217.27.0-255,5738,277898,87,361829
8223,0.06982,172.31.47.0-255,66,277964,87,361829
8224,0.071478,172.217.27.0-255,4320,282284,87,361829
8225,0.071483,172.31.47.0-255,66,282350,87,361829
8226,0.071512,172.217.27.0-255,1484,283834,87,361829
8227,0.073147,172.217.27.0-255,4320,288154,87,361829
8228,0.073151,172.31.47.0-255,66,288220,87,361829
8229,0.074816,172.217.27.0-255,2902,291122,87,361829
8230,0.07482,172.31.47.0-255,66,291188,87,361829
8231,0.074855,172.217.27.0-255,2902,294090,87,361829
8232,0.074858,172.31.47.0-255,66,294156,87,361829
8233,0.076482,172.217.27.0-255,2902,297058,87,361829
8234,0.076487,172.31.47.0-255,66,297124,87,361829
8235,0.076519,172.217.27.0-255,2902,300026,87,361829
8236,0.076522,172.31.47.0-255,66,300092,87,361829
8237,0.078138,172.217.27.0-255,1484,301576,87,361829
8238,0.078168,172.217.27.0-255,1484,303060,87,361829
8239,0.078172,172.31.47.0-255,66,303126,87,361829
8240,0.078197,172.217.27.0-255,2902,306028,87,361829
8241,0.0782,172.31.47.0-255,66,306094,87,361829
8242,0.079829,172.217.27.0-255,2902,308996,87,361829
8243,0.079834,172.31.47.0-255,66,309062,87,361829
8244,0.07986,172.217.27.0-255,2902,311964,87,361829
8245,0.079863,172.31.47.0-255,66,312030,87,361829
8246,0.081501,172.217.27.0-255,2902,314932,87,361829
8247,0.081505,172.31.47.0-255,66,314998,87,361829
8248,0.081537,172.217.27.0-255,2902,317900,87,361829
8249,0.081539,172.31.47.0-255,66,317966,87,361829
8250,0.083156,172.217.27.0-255,2902,320868,87,361829
8251,0.08316,172.31.47.0-255,66,320934,87,361829
8252,0.083192,172.217.27.0-255,2902,323836,87,361829
8253,0.083195,172.31.47.0-255,66,323902,87,361829
8254,0.084825,172.217.27.0-255,2902,326804,87,361829
8255,0.08483,172.31.47.0-255,66,326870,87,361829
8256,0.084861,172.217.27.0-255,2902,329772,87,361829
8257,0.084864,172.31.47.0-255,66,329838,87,361829
8258,0.086488,172.217.27.0-255,2902,332740,87,361829
8259,0.086492,172.31.47.0-255,66,332806,87,361829
8260,0.086518,172.217.27.0-255,2902,335708,87,361829
8261,0.086521,172.31.47.0-255,66,335774,87,361829
8262,0.088153,172.217.27.0-255,2902,338676,87,361829
8263,0.088157,172.31.47.0-255,66,338742,87,361829
8264,0.088189,172.217.27.0-255,2902,341644,87,361829
8265,0.088192,172.31.47.0-255,66,341710,87,361829
8266,0.089823,172.217.27.0-255,2902,344612,87,361829
8267,0.089829,172.31.47.0-255,66,344678,87,361829
8268,0.089862,172.217.27.0-255,2902,347580,87,361829
8269,0.089866,172.31.47.0-255,66,347646,87,361829
8270,0.091487,172.217.27.0-255,2902,350548,87,361829
8271,0.091491,172.31.47.0-255,66,350614,87,361829
8272,0.091519,172.217.27.0-255,2902,353516,87,361829
8273,0.091522,172.31.47.0-255,66,353582,87,361829
8274,0.093153,172.217.27.0-255,2902,356484,87,361829
8275,0.093158,172.31.47.0-255,66,356550,87,361829
8276,0.093187,172.217.27.0-255,2902,359452,87,361829
8277,0.09319,172.31.47.0-255,66,359518,87,361829
8278,0.09481,172.217.27.0-255,2074,361592,87,361829
8279,0.094815,172.31.47.0-255,66,361658,87,361829
8280,0.094967,172.31.47.0-255,105,361763,87,361829
8281,0.096591,172.217.27.0-255,66,361829,87,361829
8282,0.0,74.125.130.0-255,152,152,87,357049
8283,2.6e-05,172.31.47.0-255,66,218,87,357049
8284,3.3e-05,74.125.130.0-255,1484,1702,87,357049
8285,3.7e-05,172.31.47.0-255,66,1768,87,357049
8286,5.9e-05,74.125.130.0-255,2902,4670,87,357049
8287,6.6e-05,172.31.47.0-255,66,4736,87,357049
8288,9.8e-05,74.125.130.0-255,4320,9056,87,357049
8289,0.0001,172.31.47.0-255,66,9122,87,357049
8290,0.000106,74.125.130.0-255,4884,14006,87,357049
8291,0.000107,172.31.47.0-255,66,14072,87,357049
8292,0.000304,74.125.130.0-255,1484,15556,87,357049
8293,0.000308,172.31.47.0-255,66,15622,87,357049
8294,0.000333,74.125.130.0-255,2902,18524,87,357049
8295,0.000336,172.31.47.0-255,66,18590,87,357049
8296,0.000366,74.125.130.0-255,4320,22910,87,357049
8297,0.000369,172.31.47.0-255,66,22976,87,357049
8298,0.000374,74.125.130.0-255,4320,27296,87,357049
8299,0.000376,172.31.47.0-255,66,27362,87,357049
8300,0.000402,74.125.130.0-255,3961,31323,87,357049
8301,0.000405,172.31.47.0-255,66,31389,87,357049
8302,0.00042,172.31.47.0-255,66,31455,87,357049
8303,0.000424,74.125.130.0-255,2902,34357,87,357049
8304,0.000427,172.31.47.0-255,66,34423,87,357049
8305,0.000459,74.125.130.0-255,2902,37325,87,357049
8306,0.000462,172.31.47.0-255,66,37391,87,357049
8307,0.000469,74.125.130.0-255,7156,44547,87,357049
8308,0.000471,172.31.47.0-255,66,44613,87,357049
8309,0.000516,172.31.47.0-255,66,44679,87,357049
8310,0.000518,74.125.130.0-255,366,45045,87,357049
8311,0.00052,172.31.47.0-255,66,45111,87,357049
8312,0.000652,74.125.130.0-255,379,45490,87,357049
8313,0.000702,172.31.47.0-255,66,45556,87,357049
8314,0.000888,74.125.130.0-255,1484,47040,87,357049
8315,0.000938,74.125.130.0-255,2902,49942,87,357049
8316,0.000942,172.31.47.0-255,66,50008,87,357049
8317,0.000949,74.125.130.0-255,5738,55746,87,357049
8318,0.000951,172.31.47.0-255,66,55812,87,357049
8319,0.000959,74.125.130.0-255,2902,58714,87,357049
8320,0.000961,172.31.47.0-255,66,58780,87,357049
8321,0.000966,74.125.130.0-255,3961,62741,87,357049
8322,0.000968,172.31.47.0-255,66,62807,87,357049
8323,0.001067,74.125.130.0-255,1484,64291,87,357049
8324,0.001082,74.125.130.0-255,2902,67193,87,357049
8325,0.001085,172.31.47.0-255,66,67259,87,357049
8326,0.00109,74.125.130.0-255,4320,71579,87,357049
8327,0.001091,172.31.47.0-255,66,71645,87,357049
8328,0.001139,74.125.130.0-255,5738,77383,87,357049
8329,0.001142,172.31.47.0-255,66,77449,87,357049
8330,0.001166,74.125.130.0-255,2543,79992,87,357049
8331,0.00117,172.31.47.0-255,66,80058,87,357049
8332,0.001462,74.125.130.0-255,1484,81542,87,357049
8333,0.001479,74.125.130.0-255,2902,84444,87,357049
8334,0.001483,172.31.47.0-255,66,84510,87,357049
8335,0.001486,74.125.130.0-255,1484,85994,87,357049
8336,0.001512,74.125.130.0-255,2902,88896,87,357049
8337,0.001514,172.31.47.0-255,66,88962,87,357049
8338,0.001545,172.31.47.0-255,66,89028,87,357049
8339,0.001549,74.125.130.0-255,2902,91930,87,357049
8340,0.001552,172.31.47.0-255,66,91996,87,357049
8341,0.001554,74.125.130.0-255,1484,93480,87,357049
8342,0.001589,172.31.47.0-255,66,93546,87,357049
8343,0.001592,74.125.130.0-255,766,94312,87,357049
8344,0.001856,74.125.130.0-255,1484,95796,87,357049
8345,0.001859,172.31.47.0-255,66,95862,87,357049
8346,0.001885,74.125.130.0-255,2902,98764,87,357049
8347,0.001887,172.31.47.0-255,66,98830,87,357049
8348,0.001891,74.125.130.0-255,4320,103150,87,357049
8349,0.001894,172.31.47.0-255,66,103216,87,357049
8350,0.001897,74.125.130.0-255,2902,106118,87,357049
8351,0.001899,172.31.47.0-255,66,106184,87,357049
8352,0.001926,74.125.130.0-255,2902,109086,87,357049
8353,0.001928,172.31.47.0-255,66,109152,87,357049
8354,0.00194,172.31.47.0-255,66,109218,87,357049
8355,0.001944,74.125.130.0-255,4320,113538,87,357049
8356,0.001947,172.31.47.0-255,66,113604,87,357049
8357,0.001991,74.125.130.0-255,3602,117206,87,357049
8358,0.001994,172.31.47.0-255,66,117272,87,357049
8359,0.004216,74.125.130.0-255,1484,118756,87,357049
8360,0.004263,74.125.130.0-255,2902,121658,87,357049
8361,0.004266,172.31.47.0-255,66,121724,87,357049
8362,0.004277,74.125.130.0-255,1484,123208,87,357049
8363,0.006574,74.125.130.0-255,4320,127528,87,357049
8364,0.006581,172.31.47.0-255,66,127594,87,357049
8365,0.008881,74.125.130.0-255,5738,133332,87,357049
8366,0.008895,172.31.47.0-255,66,133398,87,357049
8367,0.011185,74.125.130.0-255,5738,139136,87,357049
8368,0.011193,172.31.47.0-255,66,139202,87,357049
8369,0.013484,74.125.130.0-255,5738,144940,87,357049
8370,0.013494,172.31.47.0-255,66,145006,87,357049
8371,0.01578,74.125.130.0-255,5738,150744,87,357049
8372,0.01579,172.31.47.0-255,66,150810,87,357049
8373,0.018076,74.125.130.0-255,5738,156548,87,357049
8374,0.018084,172.31.47.0-255,66,156614,87,357049
8375,0.020367,74.125.130.0-255,5738,162352,87,357049
8376,0.020373,172.31.47.0-255,66,162418,87,357049
8377,0.022653,74.125.130.0-255,5738,168156,87,357049
8378,0.02266,172.31.47.0-255,66,168222,87,357049
8379,0.023059,172.31.47.0-255,167,168389,87,357049
8380,0.023086,172.31.47.0-255,1112,169501,87,357049
8381,0.023115,172.31.47.0-255,1514,171015,87,357049
8382,0.023117,172.31.47.0-255,1294,172309,87,357049
8383,0.024582,104.244.42.0-255,66,172375,87,357049
8384,0.024611,104.244.42.0-255,66,172441,87,357049
8385,0.024613,104.244.42.0-255,66,172507,87,357049
8386,0.024936,74.125.130.0-255,5738,178245,87,357049
8387,0.02494,172.31.47.0-255,66,178311,87,357049
8388,0.027223,74.125.130.0-255,5738,184049,87,357049
8389,0.027228,172.31.47.0-255,66,184115,87,357049
8390,0.02951,74.125.130.0-255,1484,185599,87,357049
8391,0.029536,74.125.130.0-255,4320,189919,87,357049
8392,0.02954,172.31.47.0-255,66,189985,87,357049
8393,0.031818,74.125.130.0-255,5738,195723,87,357049
8394,0.031824,172.31.47.0-255,66,195789,87,357049
8395,0.034116,74.125.130.0-255,4320,200109,87,357049
8396,0.034121,172.31.47.0-255,66,200175,87,357049
8397,0.034182,74.125.130.0-255,1484,201659,87,357049
8398,0.0364,74.125.130.0-255,4320,205979,87,357049
8399,0.036406,172.31.47.0-255,66,206045,87,357049
8400,0.03869,74.125.130.0-255,5738,211783,87,357049
8401,0.038696,172.31.47.0-255,66,211849,87,357049
8402,0.040974,74.125.130.0-255,2902,214751,87,357049
8403,0.040979,172.31.47.0-255,66,214817,87,357049
8404,0.041008,74.125.130.0-255,2902,217719,87,357049
8405,0.041011,172.31.47.0-255,66,217785,87,357049
8406,0.043257,74.125.130.0-255,2902,220687,87,357049
8407,0.043262,172.31.47.0-255,66,220753,87,357049
8408,0.043296,74.125.130.0-255,2902,223655,87,357049
8409,0.043299,172.31.47.0-255,66,223721,87,357049
8410,0.045543,74.125.130.0-255,2902,226623,87,357049
8411,0.045549,172.31.47.0-255,66,226689,87,357049
8412,0.045584,74.125.130.0-255,2902,229591,87,357049
8413,0.045587,172.31.47.0-255,66,229657,87,357049
8414,0.047829,74.125.130.0-255,2902,232559,87,357049
8415,0.047834,172.31.47.0-255,66,232625,87,357049
8416,0.047873,74.125.130.0-255,2902,235527,87,357049
8417,0.047876,172.31.47.0-255,66,235593,87,357049
8418,0.050113,74.125.130.0-255,2902,238495,87,357049
8419,0.050119,172.31.47.0-255,66,238561,87,357049
8420,0.050154,74.125.130.0-255,2902,241463,87,357049
8421,0.050157,172.31.47.0-255,66,241529,87,357049
8422,0.052411,74.125.130.0-255,2902,244431,87,357049
8423,0.052416,172.31.47.0-255,66,244497,87,357049
8424,0.052452,74.125.130.0-255,2902,247399,87,357049
8425,0.052455,172.31.47.0-255,66,247465,87,357049
8426,0.054694,74.125.130.0-255,2902,250367,87,357049
8427,0.054699,172.31.47.0-255,66,250433,87,357049
8428,0.054726,74.125.130.0-255,1484,251917,87,357049
8429,0.054736,74.125.130.0-255,1484,253401,87,357049
8430,0.05474,172.31.47.0-255,66,253467,87,357049
8431,0.05698,74.125.130.0-255,1484,254951,87,357049
8432,0.057011,74.125.130.0-255,2902,257853,87,357049
8433,0.057014,172.31.47.0-255,66,257919,87,357049
8434,0.057036,74.125.130.0-255,1484,259403,87,357049
8435,0.059289,74.125.130.0-255,4320,263723,87,357049
8436,0.059295,172.31.47.0-255,66,263789,87,357049
8437,0.061572,74.125.130.0-255,5738,269527,87,357049
8438,0.06158,172.31.47.0-255,66,269593,87,357049
8439,0.063865,74.125.130.0-255,5738,275331,87,357049
8440,0.06387,172.31.47.0-255,66,275397,87,357049
8441,0.06615,74.125.130.0-255,4320,279717,87,357049
8442,0.066155,172.31.47.0-255,66,279783,87,357049
8443,0.066186,74.125.130.0-255,1484,281267,87,357049
8444,0.068439,74.125.130.0-255,4320,285587,87,357049
8445,0.068444,172.31.47.0-255,66,285653,87,357049
8446,0.070714,74.125.130.0-255,5738,291391,87,357049
8447,0.070718,172.31.47.0-255,66,291457,87,357049
8448,0.072996,74.125.130.0-255,4320,295777,87,357049
8449,0.073001,172.31.47.0-255,66,295843,87,357049
8450,0.073035,74.125.130.0-255,1484,297327,87,357049
8451,0.075279,74.125.130.0-255,4320,301647,87,357049
8452,0.075284,172.31.47.0-255,66,301713,87,357049
8453,0.077564,74.125.130.0-255,5738,307451,87,357049
8454,0.077569,172.31.47.0-255,66,307517,87,357049
8455,0.079847,74.125.130.0-255,5738,313255,87,357049
8456,0.079852,172.31.47.0-255,66,313321,87,357049
8457,0.082135,74.125.130.0-255,5738,319059,87,357049
8458,0.08214,172.31.47.0-255,66,319125,87,357049
8459,0.084421,74.125.130.0-255,5738,324863,87,357049
8460,0.084426,172.31.47.0-255,66,324929,87,357049
8461,0.086707,74.125.130.0-255,4320,329249,87,357049
8462,0.086712,172.31.47.0-255,66,329315,87,357049
8463,0.086743,74.125.130.0-255,1484,330799,87,357049
8464,0.08899,74.125.130.0-255,2902,333701,87,357049
8465,0.088995,172.31.47.0-255,66,333767,87,357049
8466,0.089027,74.125.130.0-255,1484,335251,87,357049
8467,0.091271,74.125.130.0-255,4320,339571,87,357049
8468,0.091276,172.31.47.0-255,66,339637,87,357049
8469,0.093557,74.125.130.0-255,5738,345375,87,357049
8470,0.093562,172.31.47.0-255,66,345441,87,357049
8471,0.09584,74.125.130.0-255,5738,351179,87,357049
8472,0.095845,172.31.47.0-255,66,351245,87,357049
8473,0.098127,74.125.130.0-255,5738,356983,87,357049
8474,0.098132,172.31.47.0-255,66,357049,87,357049
8475,0.0,74.125.68.0-255,143,143,87,401481
8476,9.7e-05,172.31.47.0-255,66,209,87,401481
8477,0.000104,74.125.68.0-255,1484,1693,87,401481
8478,0.000109,172.31.47.0-255,66,1759,87,401481
8479,0.000114,74.125.68.0-255,2902,4661,87,401481
8480,0.000116,172.31.47.0-255,66,4727,87,401481
8481,0.000122,74.125.68.0-255,5738,10465,87,401481
8482,0.000125,172.31.47.0-255,66,10531,87,401481
8483,0.00013,74.125.68.0-255,3458,13989,87,401481
8484,0.000132,172.31.47.0-255,66,14055,87,401481
8485,0.00015,74.125.68.0-255,1484,15539,87,401481
8486,0.000152,172.31.47.0-255,66,15605,87,401481
8487,0.000192,74.125.68.0-255,2902,18507,87,401481
8488,0.000195,172.31.47.0-255,66,18573,87,401481
8489,0.000201,74.125.68.0-255,4320,22893,87,401481
8490,0.000203,172.31.47.0-255,66,22959,87,401481
8491,0.000243,74.125.68.0-255,5738,28697,87,401481
8492,0.000246,172.31.47.0-255,66,28763,87,401481
8493,0.000257,74.125.68.0-255,2543,31306,87,401481
8494,0.000259,172.31.47.0-255,66,31372,87,401481
8495,0.000267,74.125.68.0-255,7156,38528,87,401481
8496,0.000269,172.31.47.0-255,66,38594,87,401481
8497,0.000292,74.125.68.0-255,1484,40078,87,401481
8498,0.000294,172.31.47.0-255,66,40144,87,401481
8499,0.000304,172.31.47.0-255,66,40210,87,401481
8500,0.000345,74.125.68.0-255,1484,41694,87,401481
8501,0.000348,172.31.47.0-255,66,41760,87,401481
8502,0.000352,74.125.68.0-255,1484,43244,87,401481
8503,0.000354,172.31.47.0-255,66,43310,87,401481
8504,0.000368,74.125.68.0-255,1484,44794,87,401481
8505,0.000371,172.31.47.0-255,66,44860,87,401481
8506,0.000376,74.125.68.0-255,4320,49180,87,401481
8507,0.000381,172.31.47.0-255,66,49246,87,401481
8508,0.000389,74.125.68.0-255,1484,50730,87,401481
8509,0.000394,74.125.68.0-255,2902,53632,87,401481
8510,0.000413,172.31.47.0-255,66,53698,87,401481
8511,0.000419,74.125.68.0-255,3961,57659,87,401481
8512,0.000421,172.31.47.0-255,66,57725,87,401481
8513,0.000423,74.125.68.0-255,362,58087,87,401481
8514,0.000426,74.125.68.0-255,381,58468,87,401481
8515,0.00057,74.125.68.0-255,1484,59952,87,401481
8516,0.000575,172.31.47.0-255,66,60018,87,401481
8517,0.000593,74.125.68.0-255,1484,61502,87,401481
8518,0.000609,74.125.68.0-255,1484,62986,87,401481
8519,0.000611,172.31.47.0-255,66,63052,87,401481
8520,0.00062,74.125.68.0-255,5738,68790,87,401481
8521,0.000622,172.31.47.0-255,66,68856,87,401481
8522,0.000629,74.125.68.0-255,6797,75653,87,401481
8523,0.000631,172.31.47.0-255,66,75719,87,401481
8524,0.000652,74.125.68.0-255,5738,81457,87,401481
8525,0.000655,172.31.47.0-255,66,81523,87,401481
8526,0.000671,74.125.68.0-255,1484,83007,87,401481
8527,0.000687,74.125.68.0-255,5738,88745,87,401481
8528,0.000689,172.31.47.0-255,66,88811,87,401481
8529,0.000706,74.125.68.0-255,3412,92223,87,401481
8530,0.000708,172.31.47.0-255,66,92289,87,401481
8531,0.000757,74.125.68.0-255,1484,93773,87,401481
8532,0.000761,74.125.68.0-255,2902,96675,87,401481
8533,0.000763,172.31.47.0-255,66,96741,87,401481
8534,0.000768,74.125.68.0-255,2902,99643,87,401481
8535,0.00077,172.31.47.0-255,66,99709,87,401481
8536,0.000785,74.125.68.0-255,2902,102611,87,401481
8537,0.000787,172.31.47.0-255,66,102677,87,401481
8538,0.000804,74.125.68.0-255,1484,104161,87,401481
8539,0.000828,74.125.68.0-255,5738,109899,87,401481
8540,0.000831,172.31.47.0-255,66,109965,87,401481
8541,0.000846,74.125.68.0-255,3961,113926,87,401481
8542,0.000849,172.31.47.0-255,66,113992,87,401481
8543,0.000854,74.125.68.0-255,4320,118312,87,401481
8544,0.000856,172.31.47.0-255,66,118378,87,401481
8545,0.000903,172.31.47.0-255,66,118444,87,401481
8546,0.000963,74.125.68.0-255,1484,119928,87,401481
8547,0.000967,74.125.68.0-255,1484,121412,87,401481
8548,0.00097,172.31.47.0-255,66,121478,87,401481
8549,0.000984,74.125.68.0-255,1484,122962,87,401481
8550,0.000988,74.125.68.0-255,2902,125864,87,401481
8551,0.000991,172.31.47.0-255,66,125930,87,401481
8552,0.001006,74.125.68.0-255,2902,128832,87,401481
8553,0.001009,172.31.47.0-255,66,128898,87,401481
8554,0.001024,74.125.68.0-255,4320,133218,87,401481
8555,0.001027,172.31.47.0-255,66,133284,87,401481
8556,0.001031,74.125.68.0-255,2543,135827,87,401481
8557,0.001033,172.31.47.0-255,66,135893,87,401481
8558,0.001337,74.125.68.0-255,1484,137377,87,401481
8559,0.001351,74.125.68.0-255,2902,140279,87,401481
8560,0.001355,172.31.47.0-255,66,140345,87,401481
8561,0.001359,74.125.68.0-255,2902,143247,87,401481
8562,0.001361,172.31.47.0-255,66,143313,87,401481
8563,0.001366,74.125.68.0-255,4320,147633,87,401481
8564,0.001368,172.31.47.0-255,66,147699,87,401481
8565,0.001371,74.125.68.0-255,1484,149183,87,401481
8566,0.0014,74.125.68.0-255,7156,156339,87,401481
8567,0.001403,172.31.47.0-255,66,156405,87,401481
8568,0.00141,74.125.68.0-255,5738,162143,87,401481
8569,0.001412,172.31.47.0-255,66,162209,87,401481
8570,0.00142,74.125.68.0-255,7156,169365,87,401481
8571,0.001422,74.125.68.0-255,766,170131,87,401481
8572,0.001423,172.31.47.0-255,66,170197,87,401481
8573,0.001753,172.31.47.0-255,66,170263,87,401481
8574,0.001901,74.125.68.0-255,1484,171747,87,401481
8575,0.00191,74.125.68.0-255,2902,174649,87,401481
8576,0.001913,172.31.47.0-255,66,174715,87,401481
8577,0.001935,74.125.68.0-255,5738,180453,87,401481
8578,0.001937,172.31.47.0-255,66,180519,87,401481
8579,0.001951,74.125.68.0-255,2902,183421,87,401481
8580,0.001954,172.31.47.0-255,66,183487,87,401481
8581,0.001972,74.125.68.0-255,5738,189225,87,401481
8582,0.001975,172.31.47.0-255,66,189291,87,401481
8583,0.001977,74.125.68.0-255,1484,190775,87,401481
8584,0.002002,172.31.47.0-255,66,190841,87,401481
8585,0.002008,74.125.68.0-255,5020,195861,87,401481
8586,0.002009,172.31.47.0-255,66,195927,87,401481
8587,0.004046,74.125.68.0-255,5738,201665,87,401481
8588,0.004053,172.31.47.0-255,66,201731,87,401481
8589,0.006076,74.125.68.0-255,5738,207469,87,401481
8590,0.006081,172.31.47.0-255,66,207535,87,401481
8591,0.008098,74.125.68.0-255,5738,213273,87,401481
8592,0.008104,172.31.47.0-255,66,213339,87,401481
8593,0.010144,74.125.68.0-255,5738,219077,87,401481
8594,0.010153,172.31.47.0-255,66,219143,87,401481
8595,0.012188,74.125.68.0-255,5738,224881,87,401481
8596,0.012197,172.31.47.0-255,66,224947,87,401481
8597,0.014246,74.125.68.0-255,5738,230685,87,401481
8598,0.014254,172.31.47.0-255,66,230751,87,401481
8599,0.016285,74.125.68.0-255,5738,236489,87,401481
8600,0.016293,172.31.47.0-255,66,236555,87,401481
8601,0.018323,74.125.68.0-255,5738,242293,87,401481
8602,0.01833,172.31.47.0-255,66,242359,87,401481
8603,0.02036,74.125.68.0-255,5738,248097,87,401481
8604,0.020367,172.31.47.0-255,66,248163,87,401481
8605,0.022401,74.125.68.0-255,5738,253901,87,401481
8606,0.022407,172.31.47.0-255,66,253967,87,401481
8607,0.023762,172.31.47.0-255,171,254138,87,401481
8608,0.023791,172.31.47.0-255,1112,255250,87,401481
8609,0.023822,172.31.47.0-255,1514,256764,87,401481
8610,0.023824,172.31.47.0-255,1292,258056,87,401481
8611,0.024436,74.125.68.0-255,5738,263794,87,401481
8612,0.024442,172.31.47.0-255,66,263860,87,401481
8613,0.025338,104.244.42.0-255,66,263926,87,401481
8614,0.025384,104.244.42.0-255,66,263992,87,401481
8615,0.025386,104.244.42.0-255,66,264058,87,401481
8616,0.026469,74.125.68.0-255,5738,269796,87,401481
8617,0.026475,172.31.47.0-255,66,269862,87,401481
8618,0.028496,74.125.68.0-255,5738,275600,87,401481
8619,0.0285,172.31.47.0-255,66,275666,87,401481
8620,0.030511,74.125.68.0-255,4320,279986,87,401481
8621,0.030516,172.31.47.0-255,66,280052,87,401481
8622,0.030544,74.125.68.0-255,1484,281536,87,401481
8623,0.032557,74.125.68.0-255,4320,285856,87,401481
8624,0.032562,172.31.47.0-255,66,285922,87,401481
8625,0.034593,74.125.68.0-255,5738,291660,87,401481
8626,0.034599,172.31.47.0-255,66,291726,87,401481
8627,0.036622,74.125.68.0-255,4320,296046,87,401481
8628,0.036627,172.31.47.0-255,66,296112,87,401481
8629,0.036657,74.125.68.0-255,1484,297596,87,401481
8630,0.038657,74.125.68.0-255,1484,299080,87,401481
8631,0.038662,172.31.47.0-255,66,299146,87,401481
8632,0.038692,74.125.68.0-255,2902,302048,87,401481
8633,0.038695,172.31.47.0-255,66,302114,87,401481
8634,0.040692,74.125.68.0-255,2902,305016,87,401481
8635,0.040697,172.31.47.0-255,66,305082,87,401481
8636,0.040726,74.125.68.0-255,2902,307984,87,401481
8637,0.040728,172.31.47.0-255,66,308050,87,401481
8638,0.042719,74.125.68.0-255,2902,310952,87,401481
8639,0.042724,172.31.47.0-255,66,311018,87,401481
8640,0.042769,74.125.68.0-255,2902,313920,87,401481
8641,0.042774,172.31.47.0-255,66,313986,87,401481
8642,0.044742,74.125.68.0-255,2902,316888,87,401481
8643,0.044747,172.31.47.0-255,66,316954,87,401481
8644,0.044792,74.125.68.0-255,2902,319856,87,401481
8645,0.044796,172.31.47.0-255,66,319922,87,401481
8646,0.046774,74.125.68.0-255,2902,322824,87,401481
8647,0.04678,172.31.47.0-255,66,322890,87,401481
8648,0.046813,74.125.68.0-255,2902,325792,87,401481
8649,0.046816,172.31.47.0-255,66,325858,87,401481
8650,0.048811,74.125.68.0-255,2902,328760,87,401481
8651,0.048816,172.31.47.0-255,66,328826,87,401481
8652,0.048846,74.125.68.0-255,2902,331728,87,401481
8653,0.048849,172.31.47.0-255,66,331794,87,401481
8654,0.050857,74.125.68.0-255,1484,333278,87,401481
8655,0.050891,74.125.68.0-255,4320,337598,87,401481
8656,0.050895,172.31.47.0-255,66,337664,87,401481
8657,0.052921,74.125.68.0-255,5738,343402,87,401481
8658,0.052926,172.31.47.0-255,66,343468,87,401481
8659,0.054947,74.125.68.0-255,5738,349206,87,401481
8660,0.054952,172.31.47.0-255,66,349272,87,401481
8661,0.056971,74.125.68.0-255,5738,355010,87,401481
8662,0.056975,172.31.47.0-255,66,355076,87,401481
8663,0.059007,74.125.68.0-255,5738,360814,87,401481
8664,0.059012,172.31.47.0-255,66,360880,87,401481
8665,0.061038,74.125.68.0-255,5738,366618,87,401481
8666,0.061044,172.31.47.0-255,66,366684,87,401481
8667,0.063067,74.125.68.0-255,5738,372422,87,401481
8668,0.063072,172.31.47.0-255,66,372488,87,401481
8669,0.065096,74.125.68.0-255,5738,378226,87,401481
8670,0.065101,172.31.47.0-255,66,378292,87,401481
8671,0.06713,74.125.68.0-255,4320,382612,87,401481
8672,0.067134,172.31.47.0-255,66,382678,87,401481
8673,0.067157,74.125.68.0-255,1484,384162,87,401481
8674,0.069159,74.125.68.0-255,4320,388482,87,401481
8675,0.069165,172.31.47.0-255,66,388548,87,401481
8676,0.071209,74.125.68.0-255,4320,392868,87,401481
8677,0.071214,172.31.47.0-255,66,392934,87,401481
8678,0.071237,74.125.68.0-255,1484,394418,87,401481
8679,0.073235,74.125.68.0-255,4320,398738,87,401481
8680,0.073239,172.31.47.0-255,66,398804,87,401481
8681,0.075271,74.125.68.0-255,2440,401244,87,401481
8682,0.075276,172.31.47.0-255,66,401310,87,401481
8683,0.075434,172.31.47.0-255,105,401415,87,401481
8684,0.077416,74.125.68.0-255,66,401481,87,401481
8685,0.0,74.125.68.0-255,153,153,87,311859
8686,2.8e-05,172.31.47.0-255,66,219,87,311859
8687,3.5e-05,74.125.68.0-255,1484,1703,87,311859
8688,3.9e-05,172.31.47.0-255,66,1769,87,311859
8689,4.4e-05,74.125.68.0-255,2902,4671,87,311859
8690,5.4e-05,172.31.47.0-255,66,4737,87,311859
8691,5.9e-05,74.125.68.0-255,2902,7639,87,311859
8692,6.1e-05,172.31.47.0-255,66,7705,87,311859
8693,9.8e-05,74.125.68.0-255,2902,10607,87,311859
8694,0.000102,172.31.47.0-255,66,10673,87,311859
8695,0.000105,74.125.68.0-255,2902,13575,87,311859
8696,0.000107,172.31.47.0-255,66,13641,87,311859
8697,0.000178,172.31.47.0-255,66,13707,87,311859
8698,0.000185,74.125.68.0-255,6797,20504,87,311859
8699,0.000187,172.31.47.0-255,66,20570,87,311859
8700,0.000386,74.125.68.0-255,1484,22054,87,311859
8701,0.000391,172.31.47.0-255,66,22120,87,311859
8702,0.000396,74.125.68.0-255,2902,25022,87,311859
8703,0.000398,172.31.47.0-255,66,25088,87,311859
8704,0.000416,74.125.68.0-255,5738,30826,87,311859
8705,0.000426,172.31.47.0-255,66,30892,87,311859
8706,0.000435,74.125.68.0-255,1484,32376,87,311859
8707,0.000442,172.31.47.0-255,66,32442,87,311859
8708,0.000449,74.125.68.0-255,5738,38180,87,311859
8709,0.000451,172.31.47.0-255,66,38246,87,311859
8710,0.00048,74.125.68.0-255,2902,41148,87,311859
8711,0.000483,172.31.47.0-255,66,41214,87,311859
8712,0.000502,172.31.47.0-255,66,41280,87,311859
8713,0.000513,74.125.68.0-255,357,41637,87,311859
8714,0.000519,172.31.47.0-255,66,41703,87,311859
8715,0.000545,74.125.68.0-255,134,41837,87,311859
8716,0.000703,74.125.68.0-255,1484,43321,87,311859
8717,0.000707,172.31.47.0-255,66,43387,87,311859
8718,0.00071,74.125.68.0-255,1484,44871,87,311859
8719,0.000732,74.125.68.0-255,1484,46355,87,311859
8720,0.000735,172.31.47.0-255,66,46421,87,311859
8721,0.000741,74.125.68.0-255,5738,52159,87,311859
8722,0.000744,172.31.47.0-255,66,52225,87,311859
8723,0.000753,74.125.68.0-255,2902,55127,87,311859
8724,0.000756,172.31.47.0-255,66,55193,87,311859
8725,0.00076,74.125.68.0-255,4320,59513,87,311859
8726,0.000762,172.31.47.0-255,66,59579,87,311859
8727,0.000793,74.125.68.0-255,5738,65317,87,311859
8728,0.000797,172.31.47.0-255,66,65383,87,311859
8729,0.0008,74.125.68.0-255,1484,66867,87,311859
8730,0.000819,74.125.68.0-255,5738,72605,87,311859
8731,0.000825,172.31.47.0-255,66,72671,87,311859
8732,0.00083,74.125.68.0-255,3602,76273,87,311859
8733,0.000831,172.31.47.0-255,66,76339,87,311859
8734,0.001034,74.125.68.0-255,1484,77823,87,311859
8735,0.001055,74.125.68.0-255,2902,80725,87,311859
8736,0.001058,172.31.47.0-255,66,80791,87,311859
8737,0.001063,74.125.68.0-255,4320,85111,87,311859
8738,0.001065,172.31.47.0-255,66,85177,87,311859
8739,0.001087,74.125.68.0-255,1484,86661,87,311859
8740,0.001103,172.31.47.0-255,66,86727,87,311859
8741,0.001137,172.31.47.0-255,66,86793,87,311859
8742,0.001142,74.125.68.0-255,5020,91813,87,311859
8743,0.001144,172.31.47.0-255,66,91879,87,311859
8744,0.00144,74.125.68.0-255,1484,93363,87,311859
8745,0.001464,74.125.68.0-255,2902,96265,87,311859
8746,0.001468,172.31.47.0-255,66,96331,87,311859
8747,0.001473,74.125.68.0-255,1484,97815,87,311859
8748,0.001495,74.125.68.0-255,2902,100717,87,311859
8749,0.001498,172.31.47.0-255,66,100783,87,311859
8750,0.001523,74.125.68.0-255,4320,105103,87,311859
8751,0.001526,172.31.47.0-255,66,105169,87,311859
8752,0.00155,74.125.68.0-255,1484,106653,87,311859
8753,0.001554,74.125.68.0-255,1484,108137,87,311859
8754,0.001556,172.31.47.0-255,66,108203,87,311859
8755,0.001586,74.125.68.0-255,5738,113941,87,311859
8756,0.001589,172.31.47.0-255,66,114007,87,311859
8757,0.001593,74.125.68.0-255,2902,116909,87,311859
8758,0.001595,172.31.47.0-255,66,116975,87,311859
8759,0.001599,74.125.68.0-255,4320,121295,87,311859
8760,0.001601,172.31.47.0-255,66,121361,87,311859
8761,0.001635,74.125.68.0-255,5020,126381,87,311859
8762,0.001638,172.31.47.0-255,66,126447,87,311859
8763,0.001795,74.125.68.0-255,1484,127931,87,311859
8764,0.001802,74.125.68.0-255,2902,130833,87,311859
8765,0.001806,172.31.47.0-255,66,130899,87,311859
8766,0.001809,74.125.68.0-255,1484,132383,87,311859
8767,0.001839,74.125.68.0-255,4320,136703,87,311859
8768,0.001842,172.31.47.0-255,66,136769,87,311859
8769,0.001847,74.125.68.0-255,2902,139671,87,311859
8770,0.001849,172.31.47.0-255,66,139737,87,311859
8771,0.00186,74.125.68.0-255,4320,144057,87,311859
8772,0.001862,172.31.47.0-255,66,144123,87,311859
8773,0.001874,172.31.47.0-255,66,144189,87,311859
8774,0.001913,74.125.68.0-255,1484,145673,87,311859
8775,0.001953,74.125.68.0-255,5738,151411,87,311859
8776,0.001957,172.31.47.0-255,66,151477,87,311859
8777,0.001966,172.31.47.0-255,66,151543,87,311859
8778,0.001974,74.125.68.0-255,2902,154445,87,311859
8779,0.001975,172.31.47.0-255,66,154511,87,311859
8780,0.001987,172.31.47.0-255,66,154577,87,311859
8781,0.002012,74.125.68.0-255,1484,156061,87,311859
8782,0.002017,74.125.68.0-255,4320,160381,87,311859
8783,0.002019,172.31.47.0-255,66,160447,87,311859
8784,0.002046,74.125.68.0-255,6438,166885,87,311859
8785,0.002049,172.31.47.0-255,66,166951,87,311859
8786,0.002134,74.125.68.0-255,1484,168435,87,311859
8787,0.002146,74.125.68.0-255,1484,169919,87,311859
8788,0.002148,172.31.47.0-255,66,169985,87,311859
8789,0.002174,74.125.68.0-255,1484,171469,87,311859
8790,0.002179,74.125.68.0-255,5738,177207,87,311859
8791,0.002181,172.31.47.0-255,66,177273,87,311859
8792,0.002184,74.125.68.0-255,1484,178757,87,311859
8793,0.002214,74.125.68.0-255,2902,181659,87,311859
8794,0.002216,172.31.47.0-255,66,181725,87,311859
8795,0.002221,74.125.68.0-255,5738,187463,87,311859
8796,0.002224,172.31.47.0-255,66,187529,87,311859
8797,0.002226,74.125.68.0-255,1484,189013,87,311859
8798,0.002258,172.31.47.0-255,66,189079,87,311859
8799,0.002287,74.125.68.0-255,2184,191263,87,311859
8800,0.00229,172.31.47.0-255,66,191329,87,311859
8801,0.002344,74.125.68.0-255,1484,192813,87,311859
8802,0.002355,74.125.68.0-255,2902,195715,87,311859
8803,0.002358,172.31.47.0-255,66,195781,87,311859
8804,0.002388,74.125.68.0-255,5738,201519,87,311859
8805,0.002391,172.31.47.0-255,66,201585,87,311859
8806,0.002394,74.125.68.0-255,2902,204487,87,311859
8807,0.002396,172.31.47.0-255,66,204553,87,311859
8808,0.002401,74.125.68.0-255,4320,208873,87,311859
8809,0.002407,172.31.47.0-255,66,208939,87,311859
8810,0.00241,74.125.68.0-255,1484,210423,87,311859
8811,0.002442,74.125.68.0-255,7156,217579,87,311859
8812,0.002445,172.31.47.0-255,66,217645,87,311859
8813,0.002454,172.31.47.0-255,66,217711,87,311859
8814,0.002494,172.31.47.0-255,66,217777,87,311859
8815,0.002498,74.125.68.0-255,4320,222097,87,311859
8816,0.0025,172.31.47.0-255,66,222163,87,311859
8817,0.002509,74.125.68.0-255,5738,227901,87,311859
8818,0.002511,172.31.47.0-255,66,227967,87,311859
8819,0.002514,74.125.68.0-255,1484,229451,87,311859
8820,0.002548,172.31.47.0-255,66,229517,87,311859
8821,0.002552,74.125.68.0-255,3602,233119,87,311859
8822,0.002554,172.31.47.0-255,66,233185,87,311859
8823,0.005063,74.125.68.0-255,1484,234669,87,311859
8824,0.005083,74.125.68.0-255,4320,238989,87,311859
8825,0.005086,172.31.47.0-255,66,239055,87,311859
8826,0.007653,74.125.68.0-255,5738,244793,87,311859
8827,0.007675,172.31.47.0-255,66,244859,87,311859
8828,0.010221,74.125.68.0-255,5738,250597,87,311859
8829,0.010234,172.31.47.0-255,66,250663,87,311859
8830,0.012783,74.125.68.0-255,5738,256401,87,311859
8831,0.012795,172.31.47.0-255,66,256467,87,311859
8832,0.015333,74.125.68.0-255,5738,262205,87,311859
8833,0.015341,172.31.47.0-255,66,262271,87,311859
8834,0.017892,74.125.68.0-255,5738,268009,87,311859
8835,0.01791,172.31.47.0-255,66,268075,87,311859
8836,0.020498,74.125.68.0-255,5738,273813,87,311859
8837,0.020506,172.31.47.0-255,66,273879,87,311859
8838,0.023045,74.125.68.0-255,5738,279617,87,311859
8839,0.023054,172.31.47.0-255,66,279683,87,311859
8840,0.025586,74.125.68.0-255,5738,285421,87,311859
8841,0.025593,172.31.47.0-255,66,285487,87,311859
8842,0.028162,74.125.68.0-255,5738,291225,87,311859
8843,0.028169,172.31.47.0-255,66,291291,87,311859
8844,0.030703,74.125.68.0-255,5738,297029,87,311859
8845,0.030711,172.31.47.0-255,66,297095,87,311859
8846,0.033248,74.125.68.0-255,5738,302833,87,311859
8847,0.033259,172.31.47.0-255,66,302899,87,311859
8848,0.035795,74.125.68.0-255,4435,307334,87,311859
8849,0.035803,172.31.47.0-255,66,307400,87,311859
8850,0.036006,172.31.47.0-255,105,307505,87,311859
8851,0.038526,74.125.68.0-255,66,307571,87,311859
8852,0.045003,172.31.47.0-255,172,307743,87,311859
8853,0.045039,172.31.47.0-255,1103,308846,87,311859
8854,0.045076,172.31.47.0-255,1514,310360,87,311859
8855,0.045078,172.31.47.0-255,1301,311661,87,311859
8856,0.046567,104.244.42.0-255,66,311727,87,311859
8857,0.046602,104.244.42.0-255,66,311793,87,311859
8858,0.046649,104.244.42.0-255,66,311859,87,311859
8859,0.0,74.125.200.0-255,153,153,87,357180
8860,2.3e-05,172.31.47.0-255,66,219,87,357180
8861,3e-05,74.125.200.0-255,1484,1703,87,357180
8862,3.3e-05,172.31.47.0-255,66,1769,87,357180
8863,6.3e-05,74.125.200.0-255,2902,4671,87,357180
8864,6.9e-05,172.31.47.0-255,66,4737,87,357180
8865,7.2e-05,74.125.200.0-255,1484,6221,87,357180
8866,7.4e-05,172.31.47.0-255,66,6287,87,357180
8867,7.7e-05,74.125.200.0-255,2902,9189,87,357180
8868,7.9e-05,172.31.47.0-255,66,9255,87,357180
8869,0.000113,74.125.200.0-255,4785,14040,87,357180
8870,0.000117,172.31.47.0-255,66,14106,87,357180
8871,0.00024,74.125.200.0-255,1484,15590,87,357180
8872,0.000244,172.31.47.0-255,66,15656,87,357180
8873,0.000248,74.125.200.0-255,1484,17140,87,357180
8874,0.000249,172.31.47.0-255,66,17206,87,357180
8875,0.000268,74.125.200.0-255,1484,18690,87,357180
8876,0.000271,172.31.47.0-255,66,18756,87,357180
8877,0.00028,74.125.200.0-255,4320,23076,87,357180
8878,0.000284,172.31.47.0-255,66,23142,87,357180
8879,0.000323,74.125.200.0-255,5738,28880,87,357180
8880,0.000326,172.31.47.0-255,66,28946,87,357180
8881,0.000351,74.125.200.0-255,2543,31489,87,357180
8882,0.000354,172.31.47.0-255,66,31555,87,357180
8883,0.000357,74.125.200.0-255,1484,33039,87,357180
8884,0.00036,172.31.47.0-255,66,33105,87,357180
8885,0.000364,74.125.200.0-255,2902,36007,87,357180
8886,0.000366,172.31.47.0-255,66,36073,87,357180
8887,0.000395,74.125.200.0-255,5738,41811,87,357180
8888,0.000398,172.31.47.0-255,66,41877,87,357180
8889,0.000401,74.125.200.0-255,1484,43361,87,357180
8890,0.000404,172.31.47.0-255,66,43427,87,357180
8891,0.000432,74.125.200.0-255,5379,48806,87,357180
8892,0.000435,172.31.47.0-255,66,48872,87,357180
8893,0.001594,74.125.200.0-255,1484,50356,87,357180
8894,0.001603,74.125.200.0-255,2902,53258,87,357180
8895,0.001607,172.31.47.0-255,66,53324,87,357180
8896,0.001612,74.125.200.0-255,2902,56226,87,357180
8897,0.001614,172.31.47.0-255,66,56292,87,357180
8898,0.00164,74.125.200.0-255,2902,59194,87,357180
8899,0.001645,172.31.47.0-255,66,59260,87,357180
8900,0.001651,74.125.200.0-255,4320,63580,87,357180
8901,0.001653,172.31.47.0-255,66,63646,87,357180
8902,0.001679,74.125.200.0-255,3124,66770,87,357180
8903,0.001681,172.31.47.0-255,66,66836,87,357180
8904,0.001838,74.125.200.0-255,1484,68320,87,357180
8905,0.001842,74.125.200.0-255,1484,69804,87,357180
8906,0.001845,172.31.47.0-255,66,69870,87,357180
8907,0.001875,74.125.200.0-255,1484,71354,87,357180
8908,0.001882,74.125.200.0-255,5738,77092,87,357180
8909,0.001884,172.31.47.0-255,66,77158,87,357180
8910,0.001891,74.125.200.0-255,7156,84314,87,357180
8911,0.001894,172.31.47.0-255,66,84380,87,357180
8912,0.001903,74.125.200.0-255,4320,88700,87,357180
8913,0.001905,172.31.47.0-255,66,88766,87,357180
8914,0.001934,74.125.200.0-255,4320,93086,87,357180
8915,0.001936,172.31.47.0-255,66,93152,87,357180
8916,0.00194,74.125.200.0-255,2902,96054,87,357180
8917,0.001942,172.31.47.0-255,66,96120,87,357180
8918,0.001967,74.125.200.0-255,5020,101140,87,357180
8919,0.00197,172.31.47.0-255,66,101206,87,357180
8920,0.002287,74.125.200.0-255,1484,102690,87,357180
8921,0.004208,74.125.200.0-255,4320,107010,87,357180
8922,0.004212,172.31.47.0-255,66,107076,87,357180
8923,0.006479,74.125.200.0-255,5738,112814,87,357180
8924,0.006487,172.31.47.0-255,66,112880,87,357180
8925,0.008728,74.125.200.0-255,2902,115782,87,357180
8926,0.008735,172.31.47.0-255,66,115848,87,357180
8927,0.008766,74.125.200.0-255,2902,118750,87,357180
8928,0.008769,172.31.47.0-255,66,118816,87,357180
8929,0.010983,74.125.200.0-255,2902,121718,87,357180
8930,0.010991,172.31.47.0-255,66,121784,87,357180
8931,0.011025,74.125.200.0-255,2902,124686,87,357180
8932,0.011028,172.31.47.0-255,66,124752,87,357180
8933,0.013252,74.125.200.0-255,2902,127654,87,357180
8934,0.01326,172.31.47.0-255,66,127720,87,357180
8935,0.013297,74.125.200.0-255,2902,130622,87,357180
8936,0.013302,172.31.47.0-255,66,130688,87,357180
8937,0.015525,74.125.200.0-255,2902,133590,87,357180
8938,0.015536,172.31.47.0-255,66,133656,87,357180
8939,0.015573,74.125.200.0-255,2902,136558,87,357180
8940,0.015576,172.31.47.0-255,66,136624,87,357180
8941,0.017797,74.125.200.0-255,2902,139526,87,357180
8942,0.017804,172.31.47.0-255,66,139592,87,357180
8943,0.017837,74.125.200.0-255,2902,142494,87,357180
8944,0.017841,172.31.47.0-255,66,142560,87,357180
8945,0.020064,74.125.200.0-255,2902,145462,87,357180
8946,0.020071,172.31.47.0-255,66,145528,87,357180
8947,0.020101,74.125.200.0-255,2902,148430,87,357180
8948,0.020105,172.31.47.0-255,66,148496,87,357180
8949,0.020674,172.31.47.0-255,172,148668,87,357180
8950,0.020707,172.31.47.0-255,1111,149779,87,357180
8951,0.020768,172.31.47.0-255,1514,151293,87,357180
8952,0.020801,172.31.47.0-255,1293,152586,87,357180
8953,0.022212,104.244.42.0-255,66,152652,87,357180
8954,0.02226,104.244.42.0-255,66,152718,87,357180
8955,0.022314,104.244.42.0-255,66,152784,87,357180
8956,0.022316,74.125.200.0-255,2902,155686,87,357180
8957,0.022319,172.31.47.0-255,66,155752,87,357180
8958,0.022349,74.125.200.0-255,2902,158654,87,357180
8959,0.022352,172.31.47.0-255,66,158720,87,357180
8960,0.022371,104.244.42.0-255,66,158786,87,357180
8961,0.02457,74.125.200.0-255,2902,161688,87,357180
8962,0.024575,172.31.47.0-255,66,161754,87,357180
8963,0.024611,74.125.200.0-255,2902,164656,87,357180
8964,0.024614,172.31.47.0-255,66,164722,87,357180
8965,0.026861,74.125.200.0-255,2902,167624,87,357180
8966,0.026865,172.31.47.0-255,66,167690,87,357180
8967,0.026892,74.125.200.0-255,2902,170592,87,357180
8968,0.026895,172.31.47.0-255,66,170658,87,357180
8969,0.029112,74.125.200.0-255,1484,172142,87,357180
8970,0.029136,74.125.200.0-255,2902,175044,87,357180
8971,0.029141,172.31.47.0-255,66,175110,87,357180
8972,0.02917,74.125.200.0-255,1484,176594,87,357180
8973,0.031395,74.125.200.0-255,4320,180914,87,357180
8974,0.0314,172.31.47.0-255,66,180980,87,357180
8975,0.033648,74.125.200.0-255,4320,185300,87,357180
8976,0.033654,172.31.47.0-255,66,185366,87,357180
8977,0.033684,74.125.200.0-255,1484,186850,87,357180
8978,0.035906,74.125.200.0-255,4320,191170,87,357180
8979,0.035911,172.31.47.0-255,66,191236,87,357180
8980,0.038163,74.125.200.0-255,5738,196974,87,357180
8981,0.038168,172.31.47.0-255,66,197040,87,357180
8982,0.040404,74.125.200.0-255,2902,199942,87,357180
8983,0.040409,172.31.47.0-255,66,200008,87,357180
8984,0.040437,74.125.200.0-255,2902,202910,87,357180
8985,0.040439,172.31.47.0-255,66,202976,87,357180
8986,0.042661,74.125.200.0-255,2902,205878,87,357180
8987,0.042666,172.31.47.0-255,66,205944,87,357180
8988,0.0427,74.125.200.0-255,2902,208846,87,357180
8989,0.042703,172.31.47.0-255,66,208912,87,357180
8990,0.044906,74.125.200.0-255,2902,211814,87,357180
8991,0.044911,172.31.47.0-255,66,211880,87,357180
8992,0.044944,74.125.200.0-255,2902,214782,87,357180
8993,0.044947,172.31.47.0-255,66,214848,87,357180
8994,0.047156,74.125.200.0-255,2902,217750,87,357180
8995,0.047162,172.31.47.0-255,66,217816,87,357180
8996,0.047197,74.125.200.0-255,2902,220718,87,357180
8997,0.0472,172.31.47.0-255,66,220784,87,357180
8998,0.049402,74.125.200.0-255,2902,223686,87,357180
8999,0.049407,172.31.47.0-255,66,223752,87,357180
9000,0.049448,74.125.200.0-255,2902,226654,87,357180
9001,0.049451,172.31.47.0-255,66,226720,87,357180
9002,0.051659,74.125.200.0-255,2902,229622,87,357180
9003,0.051664,172.31.47.0-255,66,229688,87,357180
9004,0.051696,74.125.200.0-255,2902,232590,87,357180
9005,0.051699,172.31.47.0-255,66,232656,87,357180
9006,0.053905,74.125.200.0-255,2902,235558,87,357180
9007,0.05391,172.31.47.0-255,66,235624,87,357180
9008,0.053949,74.125.200.0-255,2902,238526,87,357180
9009,0.053952,172.31.47.0-255,66,238592,87,357180
9010,0.05615,74.125.200.0-255,2902,241494,87,357180
9011,0.056154,172.31.47.0-255,66,241560,87,357180
9012,0.0562,74.125.200.0-255,1484,243044,87,357180
9013,0.056211,74.125.200.0-255,1484,244528,87,357180
9014,0.056213,172.31.47.0-255,66,244594,87,357180
9015,0.058408,74.125.200.0-255,2902,247496,87,357180
9016,0.058413,172.31.47.0-255,66,247562,87,357180
9017,0.058461,74.125.200.0-255,2902,250464,87,357180
9018,0.058465,172.31.47.0-255,66,250530,87,357180
9019,0.060651,74.125.200.0-255,2902,253432,87,357180
9020,0.060656,172.31.47.0-255,66,253498,87,357180
9021,0.060699,74.125.200.0-255,2902,256400,87,357180
9022,0.060702,172.31.47.0-255,66,256466,87,357180
9023,0.062909,74.125.200.0-255,2902,259368,87,357180
9024,0.062915,172.31.47.0-255,66,259434,87,357180
9025,0.062955,74.125.200.0-255,2902,262336,87,357180
9026,0.062959,172.31.47.0-255,66,262402,87,357180
9027,0.065166,74.125.200.0-255,2902,265304,87,357180
9028,0.065173,172.31.47.0-255,66,265370,87,357180
9029,0.065208,74.125.200.0-255,2902,268272,87,357180
9030,0.065212,172.31.47.0-255,66,268338,87,357180
9031,0.067422,74.125.200.0-255,2902,271240,87,357180
9032,0.067427,172.31.47.0-255,66,271306,87,357180
9033,0.067458,74.125.200.0-255,2902,274208,87,357180
9034,0.06746,172.31.47.0-255,66,274274,87,357180
9035,0.069675,74.125.200.0-255,2902,277176,87,357180
9036,0.069681,172.31.47.0-255,66,277242,87,357180
9037,0.069716,74.125.200.0-255,2902,280144,87,357180
9038,0.069719,172.31.47.0-255,66,280210,87,357180
9039,0.071923,74.125.200.0-255,2902,283112,87,357180
9040,0.071928,172.31.47.0-255,66,283178,87,357180
9041,0.07196,74.125.200.0-255,2902,286080,87,357180
9042,0.071963,172.31.47.0-255,66,286146,87,357180
9043,0.074169,74.125.200.0-255,2902,289048,87,357180
9044,0.074174,172.31.47.0-255,66,289114,87,357180
9045,0.074212,74.125.200.0-255,2902,292016,87,357180
9046,0.074215,172.31.47.0-255,66,292082,87,357180
9047,0.076425,74.125.200.0-255,2902,294984,87,357180
9048,0.076432,172.31.47.0-255,66,295050,87,357180
9049,0.076469,74.125.200.0-255,2902,297952,87,357180
9050,0.076472,172.31.47.0-255,66,298018,87,357180
9051,0.078675,74.125.200.0-255,2902,300920,87,357180
9052,0.078681,172.31.47.0-255,66,300986,87,357180
9053,0.078711,74.125.200.0-255,2902,303888,87,357180
9054,0.078715,172.31.47.0-255,66,303954,87,357180
9055,0.080934,74.125.200.0-255,2902,306856,87,357180
9056,0.08094,172.31.47.0-255,66,306922,87,357180
9057,0.080973,74.125.200.0-255,2902,309824,87,357180
9058,0.080976,172.31.47.0-255,66,309890,87,357180
9059,0.083257,74.125.200.0-255,2902,312792,87,357180
9060,0.083263,172.31.47.0-255,66,312858,87,357180
9061,0.083292,74.125.200.0-255,2902,315760,87,357180
9062,0.083296,172.31.47.0-255,66,315826,87,357180
9063,0.085525,74.125.200.0-255,2902,318728,87,357180
9064,0.085531,172.31.47.0-255,66,318794,87,357180
9065,0.085561,74.125.200.0-255,2902,321696,87,357180
9066,0.085564,172.31.47.0-255,66,321762,87,357180
9067,0.087775,74.125.200.0-255,2902,324664,87,357180
9068,0.087779,172.31.47.0-255,66,324730,87,357180
9069,0.087813,74.125.200.0-255,2902,327632,87,357180
9070,0.087816,172.31.47.0-255,66,327698,87,357180
9071,0.090037,74.125.200.0-255,2902,330600,87,357180
9072,0.090042,172.31.47.0-255,66,330666,87,357180
9073,0.090064,74.125.200.0-255,2902,333568,87,357180
9074,0.090066,172.31.47.0-255,66,333634,87,357180
9075,0.092291,74.125.200.0-255,2902,336536,87,357180
9076,0.092295,172.31.47.0-255,66,336602,87,357180
9077,0.092325,74.125.200.0-255,2902,339504,87,357180
9078,0.092328,172.31.47.0-255,66,339570,87,357180
9079,0.094545,74.125.200.0-255,2902,342472,87,357180
9080,0.094566,172.31.47.0-255,66,342538,87,357180
9081,0.094584,74.125.200.0-255,2902,345440,87,357180
9082,0.094588,172.31.47.0-255,66,345506,87,357180
9083,0.096815,74.125.200.0-255,5738,351244,87,357180
9084,0.096821,172.31.47.0-255,66,351310,87,357180
9085,0.099065,74.125.200.0-255,4320,355630,87,357180
9086,0.09907,172.31.47.0-255,66,355696,87,357180
9087,0.099095,74.125.200.0-255,1484,357180,87,357180
9088,0.0,172.31.47.0-255,105,105,87,276
9089,0.002139,157.240.13.0-255,105,210,87,276
9090,0.00215,172.31.47.0-255,66,276,87,276
9091,0.0,74.125.24.0-255,158,158,87,319189
9092,4.1e-05,172.31.47.0-255,66,224,87,319189
9093,5e-05,74.125.24.0-255,1484,1708,87,319189
9094,5.5e-05,172.31.47.0-255,66,1774,87,319189
9095,6.7e-05,74.125.24.0-255,2902,4676,87,319189
9096,6.9e-05,172.31.47.0-255,66,4742,87,319189
9097,7.5e-05,74.125.24.0-255,5738,10480,87,319189
9098,7.9e-05,172.31.47.0-255,66,10546,87,319189
9099,8.4e-05,74.125.24.0-255,3583,14129,87,319189
9100,8.7e-05,172.31.47.0-255,66,14195,87,319189
9101,0.000137,74.125.24.0-255,4320,18515,87,319189
9102,0.000142,172.31.47.0-255,66,18581,87,319189
9103,0.00016,172.31.47.0-255,66,18647,87,319189
9104,0.000165,74.125.24.0-255,2543,21190,87,319189
9105,0.000167,172.31.47.0-255,66,21256,87,319189
9106,0.000202,74.125.24.0-255,1484,22740,87,319189
9107,0.000205,172.31.47.0-255,66,22806,87,319189
9108,0.00021,74.125.24.0-255,2902,25708,87,319189
9109,0.000214,172.31.47.0-255,66,25774,87,319189
9110,0.000226,74.125.24.0-255,5738,31512,87,319189
9111,0.000228,172.31.47.0-255,66,31578,87,319189
9112,0.000235,74.125.24.0-255,6797,38375,87,319189
9113,0.000237,172.31.47.0-255,66,38441,87,319189
9114,0.000285,172.31.47.0-255,66,38507,87,319189
9115,0.000292,74.125.24.0-255,2543,41050,87,319189
9116,0.000294,172.31.47.0-255,66,41116,87,319189
9117,0.000323,74.125.24.0-255,363,41479,87,319189
9118,0.000326,172.31.47.0-255,66,41545,87,319189
9119,0.00036,74.125.24.0-255,128,41673,87,319189
9120,0.000362,172.31.47.0-255,66,41739,87,319189
9121,0.000366,74.125.24.0-255,349,42088,87,319189
9122,0.00069,74.125.24.0-255,1484,43572,87,319189
9123,0.000695,172.31.47.0-255,66,43638,87,319189
9124,0.000701,74.125.24.0-255,2902,46540,87,319189
9125,0.000703,172.31.47.0-255,66,46606,87,319189
9126,0.00071,74.125.24.0-255,5738,52344,87,319189
9127,0.000718,172.31.47.0-255,66,52410,87,319189
9128,0.000758,172.31.47.0-255,66,52476,87,319189
9129,0.000762,74.125.24.0-255,2902,55378,87,319189
9130,0.000765,172.31.47.0-255,66,55444,87,319189
9131,0.000816,172.31.47.0-255,66,55510,87,319189
9132,0.000919,74.125.24.0-255,1484,56994,87,319189
9133,0.000941,74.125.24.0-255,2902,59896,87,319189
9134,0.000945,172.31.47.0-255,66,59962,87,319189
9135,0.000952,74.125.24.0-255,5738,65700,87,319189
9136,0.000954,172.31.47.0-255,66,65766,87,319189
9137,0.000994,172.31.47.0-255,66,65832,87,319189
9138,0.001032,74.125.24.0-255,5738,71570,87,319189
9139,0.001036,172.31.47.0-255,66,71636,87,319189
9140,0.001071,172.31.47.0-255,66,71702,87,319189
9141,0.00109,172.31.47.0-255,66,71768,87,319189
9142,0.001097,74.125.24.0-255,6438,78206,87,319189
9143,0.001103,172.31.47.0-255,66,78272,87,319189
9144,0.001636,74.125.24.0-255,1484,79756,87,319189
9145,0.001642,74.125.24.0-255,2902,82658,87,319189
9146,0.001646,172.31.47.0-255,66,82724,87,319189
9147,0.001654,74.125.24.0-255,5738,88462,87,319189
9148,0.001656,172.31.47.0-255,66,88528,87,319189
9149,0.001693,74.125.24.0-255,5738,94266,87,319189
9150,0.001699,172.31.47.0-255,66,94332,87,319189
9151,0.001727,74.125.24.0-255,5738,100070,87,319189
9152,0.00173,172.31.47.0-255,66,100136,87,319189
9153,0.00175,172.31.47.0-255,66,100202,87,319189
9154,0.003716,74.125.24.0-255,5738,105940,87,319189
9155,0.003729,172.31.47.0-255,66,106006,87,319189
9156,0.005691,74.125.24.0-255,5738,111744,87,319189
9157,0.005696,172.31.47.0-255,66,111810,87,319189
9158,0.007681,74.125.24.0-255,5738,117548,87,319189
9159,0.007689,172.31.47.0-255,66,117614,87,319189
9160,0.009658,74.125.24.0-255,5738,123352,87,319189
9161,0.009673,172.31.47.0-255,66,123418,87,319189
9162,0.011675,74.125.24.0-255,5738,129156,87,319189
9163,0.011694,172.31.47.0-255,66,129222,87,319189
9164,0.013692,74.125.24.0-255,5738,134960,87,319189
9165,0.01371,172.31.47.0-255,66,135026,87,319189
9166,0.015659,74.125.24.0-255,5738,140764,87,319189
9167,0.01568,172.31.47.0-255,66,140830,87,319189
9168,0.017659,74.125.24.0-255,5738,146568,87,319189
9169,0.017679,172.31.47.0-255,66,146634,87,319189
9170,0.019638,74.125.24.0-255,5738,152372,87,319189
9171,0.019668,172.31.47.0-255,66,152438,87,319189
9172,0.02163,74.125.24.0-255,5738,158176,87,319189
9173,0.021643,172.31.47.0-255,66,158242,87,319189
9174,0.023593,74.125.24.0-255,5738,163980,87,319189
9175,0.023608,172.31.47.0-255,66,164046,87,319189
9176,0.025572,74.125.24.0-255,5738,169784,87,319189
9177,0.025582,172.31.47.0-255,66,169850,87,319189
9178,0.026899,172.31.47.0-255,172,170022,87,319189
9179,0.026979,172.31.47.0-255,1514,171536,87,319189
9180,0.02698,172.31.47.0-255,1514,173050,87,319189
9181,0.026982,172.31.47.0-255,890,173940,87,319189
9182,0.027544,74.125.24.0-255,5738,179678,87,319189
9183,0.027555,172.31.47.0-255,66,179744,87,319189
9184,0.028528,104.244.42.0-255,66,179810,87,319189
9185,0.028569,104.244.42.0-255,66,179876,87,319189
9186,0.028589,104.244.42.0-255,66,179942,87,319189
9187,0.029502,74.125.24.0-255,5738,185680,87,319189
9188,0.029514,172.31.47.0-255,66,185746,87,319189
9189,0.031486,74.125.24.0-255,5738,191484,87,319189
9190,0.031504,172.31.47.0-255,66,191550,87,319189
9191,0.033477,74.125.24.0-255,5738,197288,87,319189
9192,0.033491,172.31.47.0-255,66,197354,87,319189
9193,0.03546,74.125.24.0-255,5738,203092,87,319189
9194,0.035472,172.31.47.0-255,66,203158,87,319189
9195,0.037438,74.125.24.0-255,5738,208896,87,319189
9196,0.037452,172.31.47.0-255,66,208962,87,319189
9197,0.03942,74.125.24.0-255,5738,214700,87,319189
9198,0.039428,172.31.47.0-255,66,214766,87,319189
9199,0.041386,74.125.24.0-255,5738,220504,87,319189
9200,0.041396,172.31.47.0-255,66,220570,87,319189
9201,0.04336,74.125.24.0-255,5738,226308,87,319189
9202,0.043368,172.31.47.0-255,66,226374,87,319189
9203,0.04533,74.125.24.0-255,5738,232112,87,319189
9204,0.045341,172.31.47.0-255,66,232178,87,319189
9205,0.047324,74.125.24.0-255,5738,237916,87,319189
9206,0.047337,172.31.47.0-255,66,237982,87,319189
9207,0.04932,74.125.24.0-255,5738,243720,87,319189
9208,0.049327,172.31.47.0-255,66,243786,87,319189
9209,0.051295,74.125.24.0-255,5738,249524,87,319189
9210,0.051307,172.31.47.0-255,66,249590,87,319189
9211,0.053279,74.125.24.0-255,5738,255328,87,319189
9212,0.053291,172.31.47.0-255,66,255394,87,319189
9213,0.055272,74.125.24.0-255,5738,261132,87,319189
9214,0.055282,172.31.47.0-255,66,261198,87,319189
9215,0.05725,74.125.24.0-255,5738,266936,87,319189
9216,0.057259,172.31.47.0-255,66,267002,87,319189
9217,0.059257,74.125.24.0-255,5738,272740,87,319189
9218,0.059268,172.31.47.0-255,66,272806,87,319189
9219,0.061214,74.125.24.0-255,5738,278544,87,319189
9220,0.061221,172.31.47.0-255,66,278610,87,319189
9221,0.063223,74.125.24.0-255,5738,284348,87,319189
9222,0.063243,172.31.47.0-255,66,284414,87,319189
9223,0.065249,74.125.24.0-255,5738,290152,87,319189
9224,0.065267,172.31.47.0-255,66,290218,87,319189
9225,0.06726,74.125.24.0-255,5738,295956,87,319189
9226,0.067275,172.31.47.0-255,66,296022,87,319189
9227,0.069244,74.125.24.0-255,5738,301760,87,319189
9228,0.069255,172.31.47.0-255,66,301826,87,319189
9229,0.071218,74.125.24.0-255,5738,307564,87,319189
9230,0.071232,172.31.47.0-255,66,307630,87,319189
9231,0.073224,74.125.24.0-255,5738,313368,87,319189
9232,0.073236,172.31.47.0-255,66,313434,87,319189
9233,0.075172,74.125.24.0-255,5518,318952,87,319189
9234,0.075178,172.31.47.0-255,66,319018,87,319189
9235,0.075365,172.31.47.0-255,105,319123,87,319189
9236,0.077284,74.125.24.0-255,66,319189,87,319189
9237,0.0,172.217.194.0-255,153,153,87,364177
9238,2.6e-05,172.31.47.0-255,66,219,87,364177
9239,4.3e-05,172.217.194.0-255,1484,1703,87,364177
9240,4.7e-05,172.31.47.0-255,66,1769,87,364177
9241,5.3e-05,172.217.194.0-255,2902,4671,87,364177
9242,5.5e-05,172.31.47.0-255,66,4737,87,364177
9243,6.2e-05,172.217.194.0-255,7156,11893,87,364177
9244,6.5e-05,172.31.47.0-255,66,11959,87,364177
9245,8.4e-05,172.217.194.0-255,2030,13989,87,364177
9246,8.8e-05,172.31.47.0-255,66,14055,87,364177
9247,0.000454,172.217.194.0-255,1484,15539,87,364177
9248,0.000459,172.31.47.0-255,66,15605,87,364177
9249,0.000468,172.217.194.0-255,2902,18507,87,364177
9250,0.000471,172.31.47.0-255,66,18573,87,364177
9251,0.000478,172.217.194.0-255,5738,24311,87,364177
9252,0.000481,172.31.47.0-255,66,24377,87,364177
9253,0.000486,172.217.194.0-255,5738,30115,87,364177
9254,0.000489,172.31.47.0-255,66,30181,87,364177
9255,0.000514,172.217.194.0-255,1125,31306,87,364177
9256,0.000518,172.31.47.0-255,66,31372,87,364177
9257,0.000565,172.217.194.0-255,1484,32856,87,364177
9258,0.000568,172.31.47.0-255,66,32922,87,364177
9259,0.000573,172.217.194.0-255,2902,35824,87,364177
9260,0.000575,172.31.47.0-255,66,35890,87,364177
9261,0.000598,172.217.194.0-255,5738,41628,87,364177
9262,0.000602,172.31.47.0-255,66,41694,87,364177
9263,0.000607,172.217.194.0-255,2902,44596,87,364177
9264,0.000609,172.31.47.0-255,66,44662,87,364177
9265,0.000624,172.217.194.0-255,3961,48623,87,364177
9266,0.000628,172.31.47.0-255,66,48689,87,364177
9267,0.000634,172.217.194.0-255,5738,54427,87,364177
9268,0.000636,172.31.47.0-255,66,54493,87,364177
9269,0.000659,172.31.47.0-255,66,54559,87,364177
9270,0.000663,172.217.194.0-255,2543,57102,87,364177
9271,0.000665,172.31.47.0-255,66,57168,87,364177
9272,0.000761,172.217.194.0-255,379,57547,87,364177
9273,0.000826,172.217.194.0-255,365,57912,87,364177
9274,0.001046,172.217.194.0-255,1484,59396,87,364177
9275,0.001051,172.31.47.0-255,66,59462,87,364177
9276,0.001057,172.217.194.0-255,2902,62364,87,364177
9277,0.00106,172.31.47.0-255,66,62430,87,364177
9278,0.001062,172.217.194.0-255,1484,63914,87,364177
9279,0.001078,172.217.194.0-255,4320,68234,87,364177
9280,0.001081,172.31.47.0-255,66,68300,87,364177
9281,0.001113,172.31.47.0-255,66,68366,87,364177
9282,0.00112,172.217.194.0-255,7156,75522,87,364177
9283,0.001122,172.31.47.0-255,66,75588,87,364177
9284,0.001188,172.217.194.0-255,3602,79190,87,364177
9285,0.001192,172.31.47.0-255,66,79256,87,364177
9286,0.00197,172.217.194.0-255,1484,80740,87,364177
9287,0.001979,172.217.194.0-255,2902,83642,87,364177
9288,0.001983,172.31.47.0-255,66,83708,87,364177
9289,0.00199,172.217.194.0-255,5738,89446,87,364177
9290,0.001992,172.31.47.0-255,66,89512,87,364177
9291,0.002019,172.31.47.0-255,66,89578,87,364177
9292,0.002038,172.217.194.0-255,2902,92480,87,364177
9293,0.00204,172.31.47.0-255,66,92546,87,364177
9294,0.002043,172.217.194.0-255,1484,94030,87,364177
9295,0.002056,172.217.194.0-255,2902,96932,87,364177
9296,0.002057,172.31.47.0-255,66,96998,87,364177
9297,0.002082,172.217.194.0-255,6438,103436,87,364177
9298,0.002084,172.31.47.0-255,66,103502,87,364177
9299,0.002277,172.217.194.0-255,1484,104986,87,364177
9300,0.00228,172.217.194.0-255,1484,106470,87,364177
9301,0.002282,172.31.47.0-255,66,106536,87,364177
9302,0.002298,172.217.194.0-255,1484,108020,87,364177
9303,0.002303,172.217.194.0-255,5738,113758,87,364177
9304,0.002305,172.31.47.0-255,66,113824,87,364177
9305,0.002321,172.217.194.0-255,1484,115308,87,364177
9306,0.002335,172.217.194.0-255,5738,121046,87,364177
9307,0.002337,172.31.47.0-255,66,121112,87,364177
9308,0.002348,172.217.194.0-255,2902,124014,87,364177
9309,0.002349,172.31.47.0-255,66,124080,87,364177
9310,0.002355,172.217.194.0-255,4320,128400,87,364177
9311,0.002357,172.31.47.0-255,66,128466,87,364177
9312,0.002389,172.31.47.0-255,66,128532,87,364177
9313,0.004728,172.217.194.0-255,5738,134270,87,364177
9314,0.004736,172.31.47.0-255,66,134336,87,364177
9315,0.007044,172.217.194.0-255,5738,140074,87,364177
9316,0.007051,172.31.47.0-255,66,140140,87,364177
9317,0.009357,172.217.194.0-255,5738,145878,87,364177
9318,0.009364,172.31.47.0-255,66,145944,87,364177
9319,0.011688,172.217.194.0-255,5738,151682,87,364177
9320,0.011693,172.31.47.0-255,66,151748,87,364177
9321,0.013987,172.217.194.0-255,1484,153232,87,364177
9322,0.014015,172.217.194.0-255,4320,157552,87,364177
9323,0.01402,172.31.47.0-255,66,157618,87,364177
9324,0.016367,172.217.194.0-255,5738,163356,87,364177
9325,0.016373,172.31.47.0-255,66,163422,87,364177
9326,0.018384,172.31.47.0-255,167,163589,87,364177
9327,0.018413,172.31.47.0-255,1107,164696,87,364177
9328,0.018441,172.31.47.0-255,1514,166210,87,364177
9329,0.018442,172.31.47.0-255,333,166543,87,364177
9330,0.018741,172.217.194.0-255,5738,172281,87,364177
9331,0.018747,172.31.47.0-255,66,172347,87,364177
9332,0.020009,104.244.42.0-255,66,172413,87,364177
9333,0.021054,172.217.194.0-255,4320,176733,87,364177
9334,0.021058,172.31.47.0-255,66,176799,87,364177
9335,0.021079,172.217.194.0-255,1484,178283,87,364177
9336,0.023387,172.217.194.0-255,4320,182603,87,364177
9337,0.023392,172.31.47.0-255,66,182669,87,364177
9338,0.02568,172.217.194.0-255,1484,184153,87,364177
9339,0.025705,172.217.194.0-255,4320,188473,87,364177
9340,0.025709,172.31.47.0-255,66,188539,87,364177
9341,0.028035,172.217.194.0-255,5738,194277,87,364177
9342,0.028041,172.31.47.0-255,66,194343,87,364177
9343,0.030352,172.217.194.0-255,4320,198663,87,364177
9344,0.030357,172.31.47.0-255,66,198729,87,364177
9345,0.030385,172.217.194.0-255,1484,200213,87,364177
9346,0.032777,172.217.194.0-255,1484,201697,87,364177
9347,0.032782,172.31.47.0-255,66,201763,87,364177
9348,0.032812,172.217.194.0-255,2902,204665,87,364177
9349,0.032814,172.31.47.0-255,66,204731,87,364177
9350,0.035107,172.217.194.0-255,2902,207633,87,364177
9351,0.035112,172.31.47.0-255,66,207699,87,364177
9352,0.03514,172.217.194.0-255,2902,210601,87,364177
9353,0.035142,172.31.47.0-255,66,210667,87,364177
9354,0.037462,172.217.194.0-255,5738,216405,87,364177
9355,0.037469,172.31.47.0-255,66,216471,87,364177
9356,0.039768,172.217.194.0-255,5738,222209,87,364177
9357,0.039773,172.31.47.0-255,66,222275,87,364177
9358,0.042085,172.217.194.0-255,4320,226595,87,364177
9359,0.042091,172.31.47.0-255,66,226661,87,364177
9360,0.04212,172.217.194.0-255,1484,228145,87,364177
9361,0.044383,172.217.194.0-255,4320,232465,87,364177
9362,0.044388,172.31.47.0-255,66,232531,87,364177
9363,0.046702,172.217.194.0-255,5738,238269,87,364177
9364,0.046708,172.31.47.0-255,66,238335,87,364177
9365,0.049071,172.217.194.0-255,5738,244073,87,364177
9366,0.049076,172.31.47.0-255,66,244139,87,364177
9367,0.051396,172.217.194.0-255,5738,249877,87,364177
9368,0.051402,172.31.47.0-255,66,249943,87,364177
9369,0.053712,172.217.194.0-255,5738,255681,87,364177
9370,0.053717,172.31.47.0-255,66,255747,87,364177
9371,0.056076,172.217.194.0-255,5738,261485,87,364177
9372,0.056082,172.31.47.0-255,66,261551,87,364177
9373,0.058384,172.217.194.0-255,5738,267289,87,364177
9374,0.058391,172.31.47.0-255,66,267355,87,364177
9375,0.060713,172.217.194.0-255,5738,273093,87,364177
9376,0.06072,172.31.47.0-255,66,273159,87,364177
9377,0.063034,172.217.194.0-255,5738,278897,87,364177
9378,0.063039,172.31.47.0-255,66,278963,87,364177
9379,0.065345,172.217.194.0-255,4320,283283,87,364177
9380,0.065349,172.31.47.0-255,66,283349,87,364177
9381,0.065376,172.217.194.0-255,1484,284833,87,364177
9382,0.067664,172.217.194.0-255,4320,289153,87,364177
9383,0.067669,172.31.47.0-255,66,289219,87,364177
9384,0.070006,172.217.194.0-255,5738,294957,87,364177
9385,0.070012,172.31.47.0-255,66,295023,87,364177
9386,0.072316,172.217.194.0-255,5738,300761,87,364177
9387,0.072321,172.31.47.0-255,66,300827,87,364177
9388,0.074683,172.217.194.0-255,1484,302311,87,364177
9389,0.074712,172.217.194.0-255,4320,306631,87,364177
9390,0.074716,172.31.47.0-255,66,306697,87,364177
9391,0.077032,172.217.194.0-255,4320,311017,87,364177
9392,0.077037,172.31.47.0-255,66,311083,87,364177
9393,0.077061,172.217.194.0-255,1484,312567,87,364177
9394,0.079366,172.217.194.0-255,4320,316887,87,364177
9395,0.079372,172.31.47.0-255,66,316953,87,364177
9396,0.081695,172.217.194.0-255,5738,322691,87,364177
9397,0.0817,172.31.47.0-255,66,322757,87,364177
9398,0.084019,172.217.194.0-255,5738,328495,87,364177
9399,0.084024,172.31.47.0-255,66,328561,87,364177
9400,0.086331,172.217.194.0-255,2902,331463,87,364177
9401,0.086335,172.31.47.0-255,66,331529,87,364177
9402,0.086363,172.217.194.0-255,2902,334431,87,364177
9403,0.086365,172.31.47.0-255,66,334497,87,364177
9404,0.08865,172.217.194.0-255,2902,337399,87,364177
9405,0.088655,172.31.47.0-255,66,337465,87,364177
9406,0.088687,172.217.194.0-255,2902,340367,87,364177
9407,0.08869,172.31.47.0-255,66,340433,87,364177
9408,0.090966,172.217.194.0-255,2902,343335,87,364177
9409,0.090971,172.31.47.0-255,66,343401,87,364177
9410,0.091004,172.217.194.0-255,2902,346303,87,364177
9411,0.091007,172.31.47.0-255,66,346369,87,364177
9412,0.093302,172.217.194.0-255,2902,349271,87,364177
9413,0.093306,172.31.47.0-255,66,349337,87,364177
9414,0.093353,172.217.194.0-255,2902,352239,87,364177
9415,0.093357,172.31.47.0-255,66,352305,87,364177
9416,0.095634,172.217.194.0-255,2902,355207,87,364177
9417,0.095639,172.31.47.0-255,66,355273,87,364177
9418,0.095666,172.217.194.0-255,2902,358175,87,364177
9419,0.09567,172.31.47.0-255,66,358241,87,364177
9420,0.097929,172.217.194.0-255,2902,361143,87,364177
9421,0.097933,172.31.47.0-255,66,361209,87,364177
9422,0.097975,172.217.194.0-255,2902,364111,87,364177
9423,0.097978,172.31.47.0-255,66,364177,87,364177
9424,0.0,74.125.24.0-255,153,153,87,301277
9425,2.1e-05,172.31.47.0-255,66,219,87,301277
9426,2.7e-05,74.125.24.0-255,1484,1703,87,301277
9427,3.1e-05,172.31.47.0-255,66,1769,87,301277
9428,3.6e-05,74.125.24.0-255,2902,4671,87,301277
9429,4.6e-05,172.31.47.0-255,66,4737,87,301277
9430,5.3e-05,74.125.24.0-255,7156,11893,87,301277
9431,5.5e-05,172.31.47.0-255,66,11959,87,301277
9432,5.9e-05,74.125.24.0-255,2003,13962,87,301277
9433,6.2e-05,172.31.47.0-255,66,14028,87,301277
9434,8.8e-05,74.125.24.0-255,5738,19766,87,301277
9435,9.1e-05,172.31.47.0-255,66,19832,87,301277
9436,0.00012,74.125.24.0-255,5738,25570,87,301277
9437,0.000123,172.31.47.0-255,66,25636,87,301277
9438,0.000133,172.31.47.0-255,66,25702,87,301277
9439,0.000163,74.125.24.0-255,2902,28604,87,301277
9440,0.000166,172.31.47.0-255,66,28670,87,301277
9441,0.000182,74.125.24.0-255,2902,31572,87,301277
9442,0.000184,172.31.47.0-255,66,31638,87,301277
9443,0.000204,74.125.24.0-255,6438,38076,87,301277
9444,0.000206,172.31.47.0-255,66,38142,87,301277
9445,0.000425,74.125.24.0-255,1484,39626,87,301277
9446,0.00043,172.31.47.0-255,66,39692,87,301277
9447,0.000435,74.125.24.0-255,2902,42594,87,301277
9448,0.000437,172.31.47.0-255,66,42660,87,301277
9449,0.000442,74.125.24.0-255,4320,46980,87,301277
9450,0.000444,172.31.47.0-255,66,47046,87,301277
9451,0.000468,74.125.24.0-255,1484,48530,87,301277
9452,0.000471,172.31.47.0-255,66,48596,87,301277
9453,0.000478,74.125.24.0-255,7152,55748,87,301277
9454,0.00048,172.31.47.0-255,66,55814,87,301277
9455,0.001681,74.125.24.0-255,1484,57298,87,301277
9456,0.001688,74.125.24.0-255,1484,58782,87,301277
9457,0.001691,172.31.47.0-255,66,58848,87,301277
9458,0.001717,74.125.24.0-255,1484,60332,87,301277
9459,0.001723,74.125.24.0-255,5738,66070,87,301277
9460,0.001725,172.31.47.0-255,66,66136,87,301277
9461,0.001766,172.31.47.0-255,66,66202,87,301277
9462,0.001785,172.31.47.0-255,66,66268,87,301277
9463,0.002018,74.125.24.0-255,1484,67752,87,301277
9464,0.002024,74.125.24.0-255,2902,70654,87,301277
9465,0.002027,172.31.47.0-255,66,70720,87,301277
9466,0.002056,74.125.24.0-255,5738,76458,87,301277
9467,0.00206,172.31.47.0-255,66,76524,87,301277
9468,0.002065,74.125.24.0-255,4320,80844,87,301277
9469,0.002067,172.31.47.0-255,66,80910,87,301277
9470,0.002105,172.31.47.0-255,66,80976,87,301277
9471,0.002114,172.31.47.0-255,66,81042,87,301277
9472,0.00216,172.31.47.0-255,66,81108,87,301277
9473,0.002188,74.125.24.0-255,6438,87546,87,301277
9474,0.002191,172.31.47.0-255,66,87612,87,301277
9475,0.002194,74.125.24.0-255,1484,89096,87,301277
9476,0.002238,172.31.47.0-255,66,89162,87,301277
9477,0.002244,74.125.24.0-255,7156,96318,87,301277
9478,0.002246,172.31.47.0-255,66,96384,87,301277
9479,0.002282,172.31.47.0-255,66,96450,87,301277
9480,0.002351,172.31.47.0-255,66,96516,87,301277
9481,0.002363,172.31.47.0-255,66,96582,87,301277
9482,0.002395,74.125.24.0-255,7156,103738,87,301277
9483,0.002398,172.31.47.0-255,66,103804,87,301277
9484,0.002406,74.125.24.0-255,5738,109542,87,301277
9485,0.002408,172.31.47.0-255,66,109608,87,301277
9486,0.002413,74.125.24.0-255,3602,113210,87,301277
9487,0.002415,172.31.47.0-255,66,113276,87,301277
9488,0.004741,74.125.24.0-255,1484,114760,87,301277
9489,0.004761,74.125.24.0-255,4320,119080,87,301277
9490,0.004765,172.31.47.0-255,66,119146,87,301277
9491,0.007112,74.125.24.0-255,5738,124884,87,301277
9492,0.007118,172.31.47.0-255,66,124950,87,301277
9493,0.009454,74.125.24.0-255,5738,130688,87,301277
9494,0.009465,172.31.47.0-255,66,130754,87,301277
9495,0.011861,74.125.24.0-255,5738,136492,87,301277
9496,0.011872,172.31.47.0-255,66,136558,87,301277
9497,0.014232,74.125.24.0-255,5738,142296,87,301277
9498,0.01424,172.31.47.0-255,66,142362,87,301277
9499,0.016576,74.125.24.0-255,5738,148100,87,301277
9500,0.016584,172.31.47.0-255,66,148166,87,301277
9501,0.018925,74.125.24.0-255,5738,153904,87,301277
9502,0.018931,172.31.47.0-255,66,153970,87,301277
9503,0.021279,74.125.24.0-255,5738,159708,87,301277
9504,0.02129,172.31.47.0-255,66,159774,87,301277
9505,0.02245,172.31.47.0-255,172,159946,87,301277
9506,0.022487,172.31.47.0-255,1112,161058,87,301277
9507,0.022557,172.31.47.0-255,1514,162572,87,301277
9508,0.022559,172.31.47.0-255,1514,164086,87,301277
9509,0.02256,172.31.47.0-255,1514,165600,87,301277
9510,0.022561,172.31.47.0-255,1074,166674,87,301277
9511,0.023627,74.125.24.0-255,5738,172412,87,301277
9512,0.023633,172.31.47.0-255,66,172478,87,301277
9513,0.023983,104.244.42.0-255,66,172544,87,301277
9514,0.02404,104.244.42.0-255,66,172610,87,301277
9515,0.024126,104.244.42.0-255,66,172676,87,301277
9516,0.024129,104.244.42.0-255,66,172742,87,301277
9517,0.025194,104.244.42.0-255,108,172850,87,301277
9518,0.025199,172.31.47.0-255,66,172916,87,301277
9519,0.025969,74.125.24.0-255,5738,178654,87,301277
9520,0.025975,172.31.47.0-255,66,178720,87,301277
9521,0.02832,74.125.24.0-255,5738,184458,87,301277
9522,0.028325,172.31.47.0-255,66,184524,87,301277
9523,0.030666,74.125.24.0-255,2902,187426,87,301277
9524,0.03067,172.31.47.0-255,66,187492,87,301277
9525,0.0307,74.125.24.0-255,2902,190394,87,301277
9526,0.030703,172.31.47.0-255,66,190460,87,301277
9527,0.033028,74.125.24.0-255,4320,194780,87,301277
9528,0.033033,172.31.47.0-255,66,194846,87,301277
9529,0.033061,74.125.24.0-255,1484,196330,87,301277
9530,0.035371,74.125.24.0-255,4320,200650,87,301277
9531,0.035376,172.31.47.0-255,66,200716,87,301277
9532,0.037728,74.125.24.0-255,5738,206454,87,301277
9533,0.037733,172.31.47.0-255,66,206520,87,301277
9534,0.040076,74.125.24.0-255,5738,212258,87,301277
9535,0.040083,172.31.47.0-255,66,212324,87,301277
9536,0.042404,74.125.24.0-255,5738,218062,87,301277
9537,0.042411,172.31.47.0-255,66,218128,87,301277
9538,0.044748,74.125.24.0-255,5738,223866,87,301277
9539,0.044751,172.31.47.0-255,66,223932,87,301277
9540,0.047095,74.125.24.0-255,5738,229670,87,301277
9541,0.047099,172.31.47.0-255,66,229736,87,301277
9542,0.04942,74.125.24.0-255,5738,235474,87,301277
9543,0.049425,172.31.47.0-255,66,235540,87,301277
9544,0.051783,74.125.24.0-255,5738,241278,87,301277
9545,0.051788,172.31.47.0-255,66,241344,87,301277
9546,0.054141,74.125.24.0-255,5738,247082,87,301277
9547,0.054147,172.31.47.0-255,66,247148,87,301277
9548,0.056528,74.125.24.0-255,5738,252886,87,301277
9549,0.056535,172.31.47.0-255,66,252952,87,301277
9550,0.05888,74.125.24.0-255,5738,258690,87,301277
9551,0.058886,172.31.47.0-255,66,258756,87,301277
9552,0.06123,74.125.24.0-255,4320,263076,87,301277
9553,0.061235,172.31.47.0-255,66,263142,87,301277
9554,0.06126,74.125.24.0-255,1484,264626,87,301277
9555,0.063591,74.125.24.0-255,4320,268946,87,301277
9556,0.063597,172.31.47.0-255,66,269012,87,301277
9557,0.065945,74.125.24.0-255,5738,274750,87,301277
9558,0.06595,172.31.47.0-255,66,274816,87,301277
9559,0.068279,74.125.24.0-255,2902,277718,87,301277
9560,0.068284,172.31.47.0-255,66,277784,87,301277
9561,0.068314,74.125.24.0-255,2902,280686,87,301277
9562,0.068317,172.31.47.0-255,66,280752,87,301277
9563,0.070622,74.125.24.0-255,2902,283654,87,301277
9564,0.070628,172.31.47.0-255,66,283720,87,301277
9565,0.070667,74.125.24.0-255,2902,286622,87,301277
9566,0.07067,172.31.47.0-255,66,286688,87,301277
9567,0.072965,74.125.24.0-255,2902,289590,87,301277
9568,0.07297,172.31.47.0-255,66,289656,87,301277
9569,0.073004,74.125.24.0-255,2902,292558,87,301277
9570,0.073007,172.31.47.0-255,66,292624,87,301277
9571,0.07531,74.125.24.0-255,2902,295526,87,301277
9572,0.075316,172.31.47.0-255,66,295592,87,301277
9573,0.075349,74.125.24.0-255,2902,298494,87,301277
9574,0.075351,172.31.47.0-255,66,298560,87,301277
9575,0.077666,74.125.24.0-255,2480,301040,87,301277
9576,0.077672,172.31.47.0-255,66,301106,87,301277
9577,0.077855,172.31.47.0-255,105,301211,87,301277
9578,0.080167,74.125.24.0-255,66,301277,87,301277
9579,0.0,172.217.194.0-255,153,153,87,337194
9580,2.6e-05,172.31.47.0-255,66,219,87,337194
9581,3.2e-05,172.217.194.0-255,1484,1703,87,337194
9582,3.7e-05,172.31.47.0-255,66,1769,87,337194
9583,4.1e-05,172.217.194.0-255,2902,4671,87,337194
9584,5.3e-05,172.31.47.0-255,66,4737,87,337194
9585,6.1e-05,172.217.194.0-255,7156,11893,87,337194
9586,6.4e-05,172.31.47.0-255,66,11959,87,337194
9587,6.7e-05,172.217.194.0-255,2085,14044,87,337194
9588,7e-05,172.31.47.0-255,66,14110,87,337194
9589,0.00028,172.217.194.0-255,1484,15594,87,337194
9590,0.000287,172.31.47.0-255,66,15660,87,337194
9591,0.000293,172.217.194.0-255,2902,18562,87,337194
9592,0.000296,172.31.47.0-255,66,18628,87,337194
9593,0.000328,172.217.194.0-255,4320,22948,87,337194
9594,0.000333,172.31.47.0-255,66,23014,87,337194
9595,0.000365,172.217.194.0-255,2902,25916,87,337194
9596,0.000368,172.31.47.0-255,66,25982,87,337194
9597,0.000396,172.217.194.0-255,5379,31361,87,337194
9598,0.000401,172.31.47.0-255,66,31427,87,337194
9599,0.000412,172.31.47.0-255,66,31493,87,337194
9600,0.000449,172.31.47.0-255,66,31559,87,337194
9601,0.000452,172.217.194.0-255,1484,33043,87,337194
9602,0.000455,172.31.47.0-255,66,33109,87,337194
9603,0.000484,172.217.194.0-255,2902,36011,87,337194
9604,0.000487,172.31.47.0-255,66,36077,87,337194
9605,0.000493,172.217.194.0-255,5738,41815,87,337194
9606,0.000495,172.31.47.0-255,66,41881,87,337194
9607,0.000519,172.217.194.0-255,5738,47619,87,337194
9608,0.000522,172.31.47.0-255,66,47685,87,337194
9609,0.00055,172.217.194.0-255,1401,49086,87,337194
9610,0.000554,172.217.194.0-255,117,49203,87,337194
9611,0.00059,172.217.194.0-255,1484,50687,87,337194
9612,0.000593,172.31.47.0-255,66,50753,87,337194
9613,0.000617,172.217.194.0-255,1484,52237,87,337194
9614,0.00063,172.217.194.0-255,1484,53721,87,337194
9615,0.000633,172.31.47.0-255,66,53787,87,337194
9616,0.000636,172.217.194.0-255,1484,55271,87,337194
9617,0.000663,172.217.194.0-255,4320,59591,87,337194
9618,0.000667,172.31.47.0-255,66,59657,87,337194
9619,0.000699,172.217.194.0-255,6797,66454,87,337194
9620,0.000702,172.31.47.0-255,66,66520,87,337194
9621,0.000709,172.217.194.0-255,7156,73676,87,337194
9622,0.000712,172.31.47.0-255,66,73742,87,337194
9623,0.000717,172.217.194.0-255,4320,78062,87,337194
9624,0.00072,172.31.47.0-255,66,78128,87,337194
9625,0.000751,172.217.194.0-255,5379,83507,87,337194
9626,0.000755,172.31.47.0-255,66,83573,87,337194
9627,0.001352,172.217.194.0-255,1484,85057,87,337194
9628,0.001362,172.217.194.0-255,2902,87959,87,337194
9629,0.001366,172.31.47.0-255,66,88025,87,337194
9630,0.001372,172.217.194.0-255,2902,90927,87,337194
9631,0.001374,172.31.47.0-255,66,90993,87,337194
9632,0.001399,172.217.194.0-255,2902,93895,87,337194
9633,0.001401,172.31.47.0-255,66,93961,87,337194
9634,0.00142,172.31.47.0-255,66,94027,87,337194
9635,0.001425,172.217.194.0-255,4320,98347,87,337194
9636,0.001427,172.31.47.0-255,66,98413,87,337194
9637,0.001443,172.217.194.0-255,6438,104851,87,337194
9638,0.001445,172.31.47.0-255,66,104917,87,337194
9639,0.001576,172.217.194.0-255,1484,106401,87,337194
9640,0.001584,172.217.194.0-255,2902,109303,87,337194
9641,0.001588,172.31.47.0-255,66,109369,87,337194
9642,0.001623,172.217.194.0-255,5738,115107,87,337194
9643,0.001626,172.31.47.0-255,66,115173,87,337194
9644,0.001633,172.217.194.0-255,4320,119493,87,337194
9645,0.001635,172.31.47.0-255,66,119559,87,337194
9646,0.001655,172.217.194.0-255,4320,123879,87,337194
9647,0.001661,172.31.47.0-255,66,123945,87,337194
9648,0.001686,172.217.194.0-255,1484,125429,87,337194
9649,0.001716,172.31.47.0-255,66,125495,87,337194
9650,0.001939,172.217.194.0-255,1484,126979,87,337194
9651,0.001951,172.217.194.0-255,2902,129881,87,337194
9652,0.001953,172.31.47.0-255,66,129947,87,337194
9653,0.001979,172.217.194.0-255,5738,135685,87,337194
9654,0.001981,172.31.47.0-255,66,135751,87,337194
9655,0.002013,172.31.47.0-255,66,135817,87,337194
9656,0.002029,172.217.194.0-255,2902,138719,87,337194
9657,0.002031,172.31.47.0-255,66,138785,87,337194
9658,0.002065,172.31.47.0-255,66,138851,87,337194
9659,0.002218,172.217.194.0-255,1484,140335,87,337194
9660,0.002241,172.217.194.0-255,2902,143237,87,337194
9661,0.002243,172.31.47.0-255,66,143303,87,337194
9662,0.002246,172.217.194.0-255,1484,144787,87,337194
9663,0.002268,172.217.194.0-255,4320,149107,87,337194
9664,0.002271,172.31.47.0-255,66,149173,87,337194
9665,0.002273,172.217.194.0-255,1484,150657,87,337194
9666,0.002305,172.31.47.0-255,66,150723,87,337194
9667,0.00231,172.217.194.0-255,4320,155043,87,337194
9668,0.002313,172.31.47.0-255,66,155109,87,337194
9669,0.002345,172.217.194.0-255,6438,161547,87,337194
9670,0.002348,172.31.47.0-255,66,161613,87,337194
9671,0.002366,172.217.194.0-255,4320,165933,87,337194
9672,0.002368,172.31.47.0-255,66,165999,87,337194
9673,0.00239,172.31.47.0-255,66,166065,87,337194
9674,0.002435,172.217.194.0-255,7156,173221,87,337194
9675,0.002438,172.31.47.0-255,66,173287,87,337194
9676,0.002444,172.217.194.0-255,7156,180443,87,337194
9677,0.002447,172.31.47.0-255,66,180509,87,337194
9678,0.00472,172.217.194.0-255,5738,186247,87,337194
9679,0.004727,172.31.47.0-255,66,186313,87,337194
9680,0.007012,172.217.194.0-255,5738,192051,87,337194
9681,0.007018,172.31.47.0-255,66,192117,87,337194
9682,0.009288,172.217.194.0-255,5738,197855,87,337194
9683,0.009293,172.31.47.0-255,66,197921,87,337194
9684,0.011519,172.217.194.0-255,5738,203659,87,337194
9685,0.011525,172.31.47.0-255,66,203725,87,337194
9686,0.013837,172.217.194.0-255,5738,209463,87,337194
9687,0.013843,172.31.47.0-255,66,209529,87,337194
9688,0.016122,172.217.194.0-255,5738,215267,87,337194
9689,0.016128,172.31.47.0-255,66,215333,87,337194
9690,0.018416,172.217.194.0-255,5738,221071,87,337194
9691,0.018428,172.31.47.0-255,66,221137,87,337194
9692,0.020675,172.217.194.0-255,5738,226875,87,337194
9693,0.020686,172.31.47.0-255,66,226941,87,337194
9694,0.022954,172.217.194.0-255,4320,231261,87,337194
9695,0.022961,172.31.47.0-255,66,231327,87,337194
9696,0.022992,172.217.194.0-255,1484,232811,87,337194
9697,0.025215,172.217.194.0-255,4320,237131,87,337194
9698,0.025222,172.31.47.0-255,66,237197,87,337194
9699,0.026446,172.31.47.0-255,172,237369,87,337194
9700,0.026476,172.31.47.0-255,1112,238481,87,337194
9701,0.026504,172.31.47.0-255,1514,239995,87,337194
9702,0.026505,172.31.47.0-255,1292,241287,87,337194
9703,0.027515,172.217.194.0-255,5738,247025,87,337194
9704,0.027521,172.31.47.0-255,66,247091,87,337194
9705,0.028012,104.244.42.0-255,66,247157,87,337194
9706,0.02802,104.244.42.0-255,66,247223,87,337194
9707,0.02806,104.244.42.0-255,66,247289,87,337194
9708,0.029813,172.217.194.0-255,5738,253027,87,337194
9709,0.029818,172.31.47.0-255,66,253093,87,337194
9710,0.032081,172.217.194.0-255,5738,258831,87,337194
9711,0.032087,172.31.47.0-255,66,258897,87,337194
9712,0.034397,172.217.194.0-255,5738,264635,87,337194
9713,0.034402,172.31.47.0-255,66,264701,87,337194
9714,0.036639,172.217.194.0-255,5738,270439,87,337194
9715,0.036644,172.31.47.0-255,66,270505,87,337194
9716,0.038922,172.217.194.0-255,5738,276243,87,337194
9717,0.038927,172.31.47.0-255,66,276309,87,337194
9718,0.041198,172.217.194.0-255,4320,280629,87,337194
9719,0.041202,172.31.47.0-255,66,280695,87,337194
9720,0.041229,172.217.194.0-255,1484,282179,87,337194
9721,0.04347,172.217.194.0-255,4320,286499,87,337194
9722,0.043475,172.31.47.0-255,66,286565,87,337194
9723,0.045805,172.217.194.0-255,4320,290885,87,337194
9724,0.04581,172.31.47.0-255,66,290951,87,337194
9725,0.045846,172.217.194.0-255,1484,292435,87,337194
9726,0.048053,172.217.194.0-255,4320,296755,87,337194
9727,0.048059,172.31.47.0-255,66,296821,87,337194
9728,0.050371,172.217.194.0-255,4320,301141,87,337194
9729,0.050377,172.31.47.0-255,66,301207,87,337194
9730,0.050406,172.217.194.0-255,1484,302691,87,337194
9731,0.052631,172.217.194.0-255,4320,307011,87,337194
9732,0.052635,172.31.47.0-255,66,307077,87,337194
9733,0.054896,172.217.194.0-255,2902,309979,87,337194
9734,0.054901,172.31.47.0-255,66,310045,87,337194
9735,0.054935,172.217.194.0-255,2902,312947,87,337194
9736,0.054938,172.31.47.0-255,66,313013,87,337194
9737,0.057176,172.217.194.0-255,5738,318751,87,337194
9738,0.057181,172.31.47.0-255,66,318817,87,337194
9739,0.059408,172.217.194.0-255,2902,321719,87,337194
9740,0.059413,172.31.47.0-255,66,321785,87,337194
9741,0.059443,172.217.194.0-255,2902,324687,87,337194
9742,0.059446,172.31.47.0-255,66,324753,87,337194
9743,0.061655,172.217.194.0-255,2902,327655,87,337194
9744,0.061659,172.31.47.0-255,66,327721,87,337194
9745,0.061705,172.217.194.0-255,2902,330623,87,337194
9746,0.061708,172.31.47.0-255,66,330689,87,337194
9747,0.063912,172.217.194.0-255,2902,333591,87,337194
9748,0.063916,172.31.47.0-255,66,333657,87,337194
9749,0.063968,172.217.194.0-255,2902,336559,87,337194
9750,0.063972,172.31.47.0-255,66,336625,87,337194
9751,0.066177,172.217.194.0-255,332,336957,87,337194
9752,0.0663,172.31.47.0-255,66,337023,87,337194
9753,0.066324,172.31.47.0-255,105,337128,87,337194
9754,0.068575,172.217.194.0-255,66,337194,87,337194
9755,0.0,172.217.24.0-255,153,153,87,385300
9756,2.3e-05,172.31.47.0-255,66,219,87,385300
9757,3.1e-05,172.217.24.0-255,1484,1703,87,385300
9758,3.5e-05,172.31.47.0-255,66,1769,87,385300
9759,3.9e-05,172.217.24.0-255,1484,3253,87,385300
9760,4.1e-05,172.31.47.0-255,66,3319,87,385300
9761,4.8e-05,172.217.24.0-255,2902,6221,87,385300
9762,5.2e-05,172.31.47.0-255,66,6287,87,385300
9763,5.9e-05,172.217.24.0-255,5738,12025,87,385300
9764,6.2e-05,172.31.47.0-255,66,12091,87,385300
9765,6.6e-05,172.217.24.0-255,1985,14076,87,385300
9766,6.8e-05,172.31.47.0-255,66,14142,87,385300
9767,0.000108,172.217.24.0-255,2902,17044,87,385300
9768,0.000112,172.31.47.0-255,66,17110,87,385300
9769,0.000116,172.217.24.0-255,2902,20012,87,385300
9770,0.000118,172.31.47.0-255,66,20078,87,385300
9771,0.000133,172.217.24.0-255,4320,24398,87,385300
9772,0.000135,172.31.47.0-255,66,24464,87,385300
9773,0.000162,172.217.24.0-255,1484,25948,87,385300
9774,0.000165,172.31.47.0-255,66,26014,87,385300
9775,0.000185,172.217.24.0-255,5379,31393,87,385300
9776,0.000188,172.31.47.0-255,66,31459,87,385300
9777,0.000215,172.217.24.0-255,1484,32943,87,385300
9778,0.000218,172.31.47.0-255,66,33009,87,385300
9779,0.000223,172.217.24.0-255,2902,35911,87,385300
9780,0.000225,172.31.47.0-255,66,35977,87,385300
9781,0.000243,172.217.24.0-255,5738,41715,87,385300
9782,0.000245,172.31.47.0-255,66,41781,87,385300
9783,0.000269,172.217.24.0-255,6797,48578,87,385300
9784,0.000272,172.31.47.0-255,66,48644,87,385300
9785,0.000526,172.217.24.0-255,1484,50128,87,385300
9786,0.000532,172.31.47.0-255,66,50194,87,385300
9787,0.000538,172.217.24.0-255,2902,53096,87,385300
9788,0.000541,172.31.47.0-255,66,53162,87,385300
9789,0.000547,172.217.24.0-255,5738,58900,87,385300
9790,0.000549,172.31.47.0-255,66,58966,87,385300
9791,0.000581,172.217.24.0-255,7127,66093,87,385300
9792,0.000584,172.31.47.0-255,66,66159,87,385300
9793,0.001141,172.217.24.0-255,347,66506,87,385300
9794,0.001397,172.217.24.0-255,1484,67990,87,385300
9795,0.001402,172.31.47.0-255,66,68056,87,385300
9796,0.001409,172.217.24.0-255,2902,70958,87,385300
9797,0.001411,172.31.47.0-255,66,71024,87,385300
9798,0.001418,172.217.24.0-255,5738,76762,87,385300
9799,0.00142,172.31.47.0-255,66,76828,87,385300
9800,0.001438,172.217.24.0-255,5738,82566,87,385300
9801,0.00144,172.31.47.0-255,66,82632,87,385300
9802,0.001472,172.217.24.0-255,3961,86593,87,385300
9803,0.001475,172.31.47.0-255,66,86659,87,385300
9804,0.001486,172.31.47.0-255,66,86725,87,385300
9805,0.001492,172.217.24.0-255,3961,90686,87,385300
9806,0.001494,172.31.47.0-255,66,90752,87,385300
9807,0.003419,172.217.24.0-255,1484,92236,87,385300
9808,0.003435,172.217.24.0-255,4320,96556,87,385300
9809,0.00344,172.31.47.0-255,66,96622,87,385300
9810,0.005384,172.217.24.0-255,5738,102360,87,385300
9811,0.005391,172.31.47.0-255,66,102426,87,385300
9812,0.007335,172.217.24.0-255,5738,108164,87,385300
9813,0.00734,172.31.47.0-255,66,108230,87,385300
9814,0.009289,172.217.24.0-255,5738,113968,87,385300
9815,0.009297,172.31.47.0-255,66,114034,87,385300
9816,0.011261,172.217.24.0-255,5738,119772,87,385300
9817,0.011275,172.31.47.0-255,66,119838,87,385300
9818,0.013224,172.217.24.0-255,5738,125576,87,385300
9819,0.013232,172.31.47.0-255,66,125642,87,385300
9820,0.015179,172.217.24.0-255,5738,131380,87,385300
9821,0.015189,172.31.47.0-255,66,131446,87,385300
9822,0.017136,172.217.24.0-255,5738,137184,87,385300
9823,0.017143,172.31.47.0-255,66,137250,87,385300
9824,0.019087,172.217.24.0-255,5738,142988,87,385300
9825,0.019094,172.31.47.0-255,66,143054,87,385300
9826,0.021037,172.217.24.0-255,5738,148792,87,385300
9827,0.021044,172.31.47.0-255,66,148858,87,385300
9828,0.022987,172.217.24.0-255,5738,154596,87,385300
9829,0.022994,172.31.47.0-255,66,154662,87,385300
9830,0.024946,172.217.24.0-255,5738,160400,87,385300
9831,0.024952,172.31.47.0-255,66,160466,87,385300
9832,0.025026,172.31.47.0-255,166,160632,87,385300
9833,0.025054,172.31.47.0-255,1136,161768,87,385300
9834,0.025124,172.31.47.0-255,1514,163282,87,385300
9835,0.025126,172.31.47.0-255,1268,164550,87,385300
9836,0.026586,104.244.42.0-255,66,164616,87,385300
9837,0.026622,104.244.42.0-255,66,164682,87,385300
9838,0.026671,104.244.42.0-255,66,164748,87,385300
9839,0.026891,172.217.24.0-255,5738,170486,87,385300
9840,0.026897,172.31.47.0-255,66,170552,87,385300
9841,0.028851,172.217.24.0-255,5738,176290,87,385300
9842,0.028857,172.31.47.0-255,66,176356,87,385300
9843,0.03081,172.217.24.0-255,5738,182094,87,385300
9844,0.030817,172.31.47.0-255,66,182160,87,385300
9845,0.032768,172.217.24.0-255,5738,187898,87,385300
9846,0.032775,172.31.47.0-255,66,187964,87,385300
9847,0.034714,172.217.24.0-255,5738,193702,87,385300
9848,0.034721,172.31.47.0-255,66,193768,87,385300
9849,0.036661,172.217.24.0-255,5738,199506,87,385300
9850,0.036668,172.31.47.0-255,66,199572,87,385300
9851,0.038608,172.217.24.0-255,5738,205310,87,385300
9852,0.038613,172.31.47.0-255,66,205376,87,385300
9853,0.040549,172.217.24.0-255,5738,211114,87,385300
9854,0.040556,172.31.47.0-255,66,211180,87,385300
9855,0.042502,172.217.24.0-255,5738,216918,87,385300
9856,0.042511,172.31.47.0-255,66,216984,87,385300
9857,0.044476,172.217.24.0-255,5738,222722,87,385300
9858,0.044485,172.31.47.0-255,66,222788,87,385300
9859,0.046448,172.217.24.0-255,5738,228526,87,385300
9860,0.046455,172.31.47.0-255,66,228592,87,385300
9861,0.048408,172.217.24.0-255,5738,234330,87,385300
9862,0.048415,172.31.47.0-255,66,234396,87,385300
9863,0.050369,172.217.24.0-255,5738,240134,87,385300
9864,0.050375,172.31.47.0-255,66,240200,87,385300
9865,0.05233,172.217.24.0-255,5738,245938,87,385300
9866,0.052337,172.31.47.0-255,66,246004,87,385300
9867,0.05429,172.217.24.0-255,5738,251742,87,385300
9868,0.0543,172.31.47.0-255,66,251808,87,385300
9869,0.056265,172.217.24.0-255,5738,257546,87,385300
9870,0.056272,172.31.47.0-255,66,257612,87,385300
9871,0.058216,172.217.24.0-255,5738,263350,87,385300
9872,0.058221,172.31.47.0-255,66,263416,87,385300
9873,0.060171,172.217.24.0-255,5738,269154,87,385300
9874,0.060177,172.31.47.0-255,66,269220,87,385300
9875,0.062123,172.217.24.0-255,5738,274958,87,385300
9876,0.062128,172.31.47.0-255,66,275024,87,385300
9877,0.064086,172.217.24.0-255,5738,280762,87,385300
9878,0.064093,172.31.47.0-255,66,280828,87,385300
9879,0.066068,172.217.24.0-255,5738,286566,87,385300
9880,0.066073,172.31.47.0-255,66,286632,87,385300
9881,0.068019,172.217.24.0-255,5738,292370,87,385300
9882,0.068025,172.31.47.0-255,66,292436,87,385300
9883,0.069978,172.217.24.0-255,5738,298174,87,385300
9884,0.069985,172.31.47.0-255,66,298240,87,385300
9885,0.071938,172.217.24.0-255,5738,303978,87,385300
9886,0.071944,172.31.47.0-255,66,304044,87,385300
9887,0.073904,172.217.24.0-255,5738,309782,87,385300
9888,0.073911,172.31.47.0-255,66,309848,87,385300
9889,0.075873,172.217.24.0-255,5738,315586,87,385300
9890,0.075879,172.31.47.0-255,66,315652,87,385300
9891,0.077831,172.217.24.0-255,5738,321390,87,385300
9892,0.077837,172.31.47.0-255,66,321456,87,385300
9893,0.079817,172.217.24.0-255,5738,327194,87,385300
9894,0.079824,172.31.47.0-255,66,327260,87,385300
9895,0.081783,172.217.24.0-255,5738,332998,87,385300
9896,0.081789,172.31.47.0-255,66,333064,87,385300
9897,0.083739,172.217.24.0-255,5738,338802,87,385300
9898,0.083745,172.31.47.0-255,66,338868,87,385300
9899,0.085688,172.217.24.0-255,5738,344606,87,385300
9900,0.085694,172.31.47.0-255,66,344672,87,385300
9901,0.087644,172.217.24.0-255,5738,350410,87,385300
9902,0.08765,172.31.47.0-255,66,350476,87,385300
9903,0.089598,172.217.24.0-255,5738,356214,87,385300
9904,0.089604,172.31.47.0-255,66,356280,87,385300
9905,0.091561,172.217.24.0-255,5738,362018,87,385300
9906,0.091569,172.31.47.0-255,66,362084,87,385300
9907,0.093532,172.217.24.0-255,5738,367822,87,385300
9908,0.093539,172.31.47.0-255,66,367888,87,385300
9909,0.09549,172.217.24.0-255,5738,373626,87,385300
9910,0.095497,172.31.47.0-255,66,373692,87,385300
9911,0.097446,172.217.24.0-255,5738,379430,87,385300
9912,0.097452,172.31.47.0-255,66,379496,87,385300
9913,0.099393,172.217.24.0-255,5738,385234,87,385300
9914,0.099399,172.31.47.0-255,66,385300,87,385300
9915,0.0,172.253.118.0-255,153,153,87,376310
9916,3.2e-05,172.31.47.0-255,66,219,87,376310
9917,3.9e-05,172.253.118.0-255,1484,1703,87,376310
9918,4.4e-05,172.31.47.0-255,66,1769,87,376310
9919,4.9e-05,172.253.118.0-255,2902,4671,87,376310
9920,5.9e-05,172.31.47.0-255,66,4737,87,376310
9921,6.6e-05,172.253.118.0-255,7156,11893,87,376310
9922,6.9e-05,172.31.47.0-255,66,11959,87,376310
9923,7.3e-05,172.253.118.0-255,2013,13972,87,376310
9924,7.5e-05,172.31.47.0-255,66,14038,87,376310
9925,0.000202,172.253.118.0-255,1484,15522,87,376310
9926,0.000206,172.31.47.0-255,66,15588,87,376310
9927,0.000235,172.253.118.0-255,2902,18490,87,376310
9928,0.000239,172.31.47.0-255,66,18556,87,376310
9929,0.000242,172.253.118.0-255,1484,20040,87,376310
9930,0.000243,172.31.47.0-255,66,20106,87,376310
9931,0.00027,172.253.118.0-255,4320,24426,87,376310
9932,0.000274,172.31.47.0-255,66,24492,87,376310
9933,0.00028,172.253.118.0-255,6797,31289,87,376310
9934,0.000288,172.31.47.0-255,66,31355,87,376310
9935,0.000398,172.253.118.0-255,1484,32839,87,376310
9936,0.000402,172.31.47.0-255,66,32905,87,376310
9937,0.000407,172.253.118.0-255,2902,35807,87,376310
9938,0.000413,172.31.47.0-255,66,35873,87,376310
9939,0.000434,172.253.118.0-255,5738,41611,87,376310
9940,0.000442,172.31.47.0-255,66,41677,87,376310
9941,0.000449,172.253.118.0-255,6797,48474,87,376310
9942,0.000451,172.31.47.0-255,66,48540,87,376310
9943,0.000761,172.253.118.0-255,1484,50024,87,376310
9944,0.000766,172.31.47.0-255,66,50090,87,376310
9945,0.000774,172.253.118.0-255,2902,52992,87,376310
9946,0.000777,172.31.47.0-255,66,53058,87,376310
9947,0.000789,172.253.118.0-255,5738,58796,87,376310
9948,0.000791,172.31.47.0-255,66,58862,87,376310
9949,0.000831,172.31.47.0-255,66,58928,87,376310
9950,0.000873,172.31.47.0-255,66,58994,87,376310
9951,0.0009,172.253.118.0-255,1125,60119,87,376310
9952,0.000904,172.253.118.0-255,1484,61603,87,376310
9953,0.000907,172.31.47.0-255,66,61669,87,376310
9954,0.000912,172.253.118.0-255,2902,64571,87,376310
9955,0.000914,172.31.47.0-255,66,64637,87,376310
9956,0.000923,172.253.118.0-255,5738,70375,87,376310
9957,0.000925,172.31.47.0-255,66,70441,87,376310
9958,0.000927,172.253.118.0-255,1484,71925,87,376310
9959,0.000958,172.253.118.0-255,5961,77886,87,376310
9960,0.000962,172.31.47.0-255,66,77952,87,376310
9961,0.001845,172.253.118.0-255,1484,79436,87,376310
9962,0.001852,172.253.118.0-255,2902,82338,87,376310
9963,0.001855,172.31.47.0-255,66,82404,87,376310
9964,0.001863,172.253.118.0-255,5738,88142,87,376310
9965,0.001864,172.31.47.0-255,66,88208,87,376310
9966,0.001897,172.31.47.0-255,66,88274,87,376310
9967,0.001911,172.253.118.0-255,2902,91176,87,376310
9968,0.001916,172.31.47.0-255,66,91242,87,376310
9969,0.001921,172.253.118.0-255,7156,98398,87,376310
9970,0.001923,172.31.47.0-255,66,98464,87,376310
9971,0.00195,172.253.118.0-255,3602,102066,87,376310
9972,0.001952,172.31.47.0-255,66,102132,87,376310
9973,0.00204,172.253.118.0-255,1484,103616,87,376310
9974,0.002052,172.253.118.0-255,2902,106518,87,376310
9975,0.002056,172.31.47.0-255,66,106584,87,376310
9976,0.002086,172.253.118.0-255,5738,112322,87,376310
9977,0.00209,172.31.47.0-255,66,112388,87,376310
9978,0.002105,172.253.118.0-255,1484,113872,87,376310
9979,0.002129,172.31.47.0-255,66,113938,87,376310
9980,0.002135,172.253.118.0-255,7156,121094,87,376310
9981,0.002137,172.31.47.0-255,66,121160,87,376310
9982,0.002154,172.253.118.0-255,5020,126180,87,376310
9983,0.002159,172.31.47.0-255,66,126246,87,376310
9984,0.004402,172.253.118.0-255,5738,131984,87,376310
9985,0.004407,172.31.47.0-255,66,132050,87,376310
9986,0.006655,172.253.118.0-255,5738,137788,87,376310
9987,0.006662,172.31.47.0-255,66,137854,87,376310
9988,0.008915,172.253.118.0-255,5738,143592,87,376310
9989,0.008922,172.31.47.0-255,66,143658,87,376310
9990,0.011177,172.253.118.0-255,5738,149396,87,376310
9991,0.011187,172.31.47.0-255,66,149462,87,376310
9992,0.013444,172.253.118.0-255,5738,155200,87,376310
9993,0.013453,172.31.47.0-255,66,155266,87,376310
9994,0.01569,172.253.118.0-255,5738,161004,87,376310
9995,0.015697,172.31.47.0-255,66,161070,87,376310
9996,0.01794,172.253.118.0-255,5738,166808,87,376310
9997,0.017946,172.31.47.0-255,66,166874,87,376310
9998,0.019374,172.31.47.0-255,172,167046,87,376310
9999,0.019427,172.31.47.0-255,1112,168158,87,376310
10000,0.019491,172.31.47.0-255,1514,169672,87,376310
10001,0.019493,172.31.47.0-255,1292,170964,87,376310
10002,0.020193,172.253.118.0-255,5738,176702,87,376310
10003,0.020199,172.31.47.0-255,66,176768,87,376310
10004,0.020918,104.244.42.0-255,66,176834,87,376310
10005,0.020995,104.244.42.0-255,66,176900,87,376310
10006,0.021035,104.244.42.0-255,66,176966,87,376310
10007,0.02245,172.253.118.0-255,5738,182704,87,376310
10008,0.022455,172.31.47.0-255,66,182770,87,376310
10009,0.024704,172.253.118.0-255,5738,188508,87,376310
10010,0.024713,172.31.47.0-255,66,188574,87,376310
10011,0.026983,172.253.118.0-255,5738,194312,87,376310
10012,0.02699,172.31.47.0-255,66,194378,87,376310
10013,0.029252,172.253.118.0-255,5738,200116,87,376310
10014,0.029259,172.31.47.0-255,66,200182,87,376310
10015,0.031519,172.253.118.0-255,5738,205920,87,376310
10016,0.031525,172.31.47.0-255,66,205986,87,376310
10017,0.033774,172.253.118.0-255,5738,211724,87,376310
10018,0.03378,172.31.47.0-255,66,211790,87,376310
10019,0.036044,172.253.118.0-255,5738,217528,87,376310
10020,0.036064,172.31.47.0-255,66,217594,87,376310
10021,0.038307,172.253.118.0-255,5738,223332,87,376310
10022,0.038313,172.31.47.0-255,66,223398,87,376310
10023,0.040592,172.253.118.0-255,5738,229136,87,376310
10024,0.040598,172.31.47.0-255,66,229202,87,376310
10025,0.042865,172.253.118.0-255,5738,234940,87,376310
10026,0.042874,172.31.47.0-255,66,235006,87,376310
10027,0.045136,172.253.118.0-255,5738,240744,87,376310
10028,0.045142,172.31.47.0-255,66,240810,87,376310
10029,0.047414,172.253.118.0-255,5738,246548,87,376310
10030,0.047422,172.31.47.0-255,66,246614,87,376310
10031,0.049673,172.253.118.0-255,5738,252352,87,376310
10032,0.049679,172.31.47.0-255,66,252418,87,376310
10033,0.051949,172.253.118.0-255,5738,258156,87,376310
10034,0.051956,172.31.47.0-255,66,258222,87,376310
10035,0.054211,172.253.118.0-255,5738,263960,87,376310
10036,0.054217,172.31.47.0-255,66,264026,87,376310
10037,0.056473,172.253.118.0-255,5738,269764,87,376310
10038,0.05648,172.31.47.0-255,66,269830,87,376310
10039,0.058745,172.253.118.0-255,5738,275568,87,376310
10040,0.058752,172.31.47.0-255,66,275634,87,376310
10041,0.061015,172.253.118.0-255,5738,281372,87,376310
10042,0.061021,172.31.47.0-255,66,281438,87,376310
10043,0.06329,172.253.118.0-255,5738,287176,87,376310
10044,0.063297,172.31.47.0-255,66,287242,87,376310
10045,0.065551,172.253.118.0-255,5738,292980,87,376310
10046,0.065558,172.31.47.0-255,66,293046,87,376310
10047,0.06781,172.253.118.0-255,5738,298784,87,376310
10048,0.067816,172.31.47.0-255,66,298850,87,376310
10049,0.07008,172.253.118.0-255,5738,304588,87,376310
10050,0.070086,172.31.47.0-255,66,304654,87,376310
10051,0.07234,172.253.118.0-255,5738,310392,87,376310
10052,0.072346,172.31.47.0-255,66,310458,87,376310
10053,0.074595,172.253.118.0-255,5738,316196,87,376310
10054,0.074602,172.31.47.0-255,66,316262,87,376310
10055,0.076858,172.253.118.0-255,5738,322000,87,376310
10056,0.076864,172.31.47.0-255,66,322066,87,376310
10057,0.079158,172.253.118.0-255,5738,327804,87,376310
10058,0.079165,172.31.47.0-255,66,327870,87,376310
10059,0.081425,172.253.118.0-255,5738,333608,87,376310
10060,0.081432,172.31.47.0-255,66,333674,87,376310
10061,0.083706,172.253.118.0-255,5738,339412,87,376310
10062,0.083712,172.31.47.0-255,66,339478,87,376310
10063,0.085964,172.253.118.0-255,5738,345216,87,376310
10064,0.085971,172.31.47.0-255,66,345282,87,376310
10065,0.088238,172.253.118.0-255,5738,351020,87,376310
10066,0.088244,172.31.47.0-255,66,351086,87,376310
10067,0.090484,172.253.118.0-255,5738,356824,87,376310
10068,0.09049,172.31.47.0-255,66,356890,87,376310
10069,0.092756,172.253.118.0-255,5738,362628,87,376310
10070,0.092763,172.31.47.0-255,66,362694,87,376310
10071,0.095012,172.253.118.0-255,5738,368432,87,376310
10072,0.095018,172.31.47.0-255,66,368498,87,376310
10073,0.097275,172.253.118.0-255,5738,374236,87,376310
10074,0.09728,172.31.47.0-255,66,374302,87,376310
10075,0.099537,172.253.118.0-255,1837,376139,87,376310
10076,0.099543,172.31.47.0-255,66,376205,87,376310
10077,0.099719,172.31.47.0-255,105,376310,87,376310
10078,0.0,172.217.194.0-255,150,150,87,159254
10079,2.5e-05,172.31.47.0-255,66,216,87,159254
10080,3.1e-05,172.217.194.0-255,1484,1700,87,159254
10081,3.4e-05,172.31.47.0-255,66,1766,87,159254
10082,3.9e-05,172.217.194.0-255,2902,4668,87,159254
10083,4.2e-05,172.31.47.0-255,66,4734,87,159254
10084,5.5e-05,172.217.194.0-255,7156,11890,87,159254
10085,5.8e-05,172.31.47.0-255,66,11956,87,159254
10086,8.8e-05,172.217.194.0-255,7156,19112,87,159254
10087,9e-05,172.31.47.0-255,66,19178,87,159254
10088,0.000124,172.31.47.0-255,66,19244,87,159254
10089,0.000129,172.217.194.0-255,2543,21787,87,159254
10090,0.000131,172.31.47.0-255,66,21853,87,159254
10091,0.000175,172.217.194.0-255,1484,23337,87,159254
10092,0.000178,172.31.47.0-255,66,23403,87,159254
10093,0.000182,172.217.194.0-255,2902,26305,87,159254
10094,0.000184,172.31.47.0-255,66,26371,87,159254
10095,0.000188,172.217.194.0-255,2902,29273,87,159254
10096,0.00019,172.31.47.0-255,66,29339,87,159254
10097,0.000218,172.217.194.0-255,2902,32241,87,159254
10098,0.000221,172.31.47.0-255,66,32307,87,159254
10099,0.000237,172.31.47.0-255,66,32373,87,159254
10100,0.000266,172.31.47.0-255,66,32439,87,159254
10101,0.000269,172.217.194.0-255,393,32832,87,159254
10102,0.000271,172.31.47.0-255,66,32898,87,159254
10103,0.000299,172.217.194.0-255,1484,34382,87,159254
10104,0.000302,172.31.47.0-255,66,34448,87,159254
10105,0.000308,172.217.194.0-255,4320,38768,87,159254
10106,0.00031,172.31.47.0-255,66,38834,87,159254
10107,0.000344,172.31.47.0-255,66,38900,87,159254
10108,0.000347,172.217.194.0-255,1418,40318,87,159254
10109,0.000394,172.31.47.0-255,66,40384,87,159254
10110,0.0004,172.217.194.0-255,3961,44345,87,159254
10111,0.000403,172.31.47.0-255,66,44411,87,159254
10112,0.000881,172.217.194.0-255,1484,45895,87,159254
10113,0.000885,172.217.194.0-255,1484,47379,87,159254
10114,0.00089,172.31.47.0-255,66,47445,87,159254
10115,0.000915,172.217.194.0-255,1484,48929,87,159254
10116,0.000922,172.217.194.0-255,5738,54667,87,159254
10117,0.000926,172.31.47.0-255,66,54733,87,159254
10118,0.000939,172.31.47.0-255,66,54799,87,159254
10119,0.000992,172.31.47.0-255,66,54865,87,159254
10120,0.001016,172.217.194.0-255,1484,56349,87,159254
10121,0.001021,172.217.194.0-255,2902,59251,87,159254
10122,0.001024,172.217.194.0-255,1484,60735,87,159254
10123,0.001025,172.31.47.0-255,66,60801,87,159254
10124,0.001036,172.217.194.0-255,4320,65121,87,159254
10125,0.001043,172.31.47.0-255,66,65187,87,159254
10126,0.001051,172.217.194.0-255,7156,72343,87,159254
10127,0.001053,172.31.47.0-255,66,72409,87,159254
10128,0.001081,172.217.194.0-255,5738,78147,87,159254
10129,0.001084,172.31.47.0-255,66,78213,87,159254
10130,0.001102,172.31.47.0-255,66,78279,87,159254
10131,0.001104,172.217.194.0-255,766,79045,87,159254
10132,0.001136,172.217.194.0-255,1484,80529,87,159254
10133,0.001139,172.31.47.0-255,66,80595,87,159254
10134,0.001144,172.217.194.0-255,4320,84915,87,159254
10135,0.001146,172.31.47.0-255,66,84981,87,159254
10136,0.001165,172.31.47.0-255,66,85047,87,159254
10137,0.001177,172.31.47.0-255,66,85113,87,159254
10138,0.001206,172.217.194.0-255,1484,86597,87,159254
10139,0.00121,172.217.194.0-255,1484,88081,87,159254
10140,0.001213,172.31.47.0-255,66,88147,87,159254
10141,0.001237,172.31.47.0-255,66,88213,87,159254
10142,0.001245,172.31.47.0-255,66,88279,87,159254
10143,0.001321,172.31.47.0-255,66,88345,87,159254
10144,0.001328,172.217.194.0-255,7156,95501,87,159254
10145,0.001331,172.31.47.0-255,66,95567,87,159254
10146,0.001349,172.31.47.0-255,66,95633,87,159254
10147,0.001359,172.217.194.0-255,4320,99953,87,159254
10148,0.001362,172.31.47.0-255,66,100019,87,159254
10149,0.001405,172.31.47.0-255,66,100085,87,159254
10150,0.001408,172.217.194.0-255,766,100851,87,159254
10151,0.001411,172.217.194.0-255,1484,102335,87,159254
10152,0.001412,172.31.47.0-255,66,102401,87,159254
10153,0.001451,172.217.194.0-255,7156,109557,87,159254
10154,0.001455,172.31.47.0-255,66,109623,87,159254
10155,0.001467,172.31.47.0-255,66,109689,87,159254
10156,0.001483,172.31.47.0-255,66,109755,87,159254
10157,0.001511,172.217.194.0-255,6438,116193,87,159254
10158,0.001516,172.31.47.0-255,66,116259,87,159254
10159,0.001528,172.31.47.0-255,66,116325,87,159254
10160,0.001556,172.217.194.0-255,5738,122063,87,159254
10161,0.001564,172.31.47.0-255,66,122129,87,159254
10162,0.001576,172.31.47.0-255,66,122195,87,159254
10163,0.001579,172.217.194.0-255,1484,123679,87,159254
10164,0.001617,172.217.194.0-255,6438,130117,87,159254
10165,0.001621,172.31.47.0-255,66,130183,87,159254
10166,0.001631,172.31.47.0-255,66,130249,87,159254
10167,0.00166,172.31.47.0-255,66,130315,87,159254
10168,0.001665,172.217.194.0-255,5020,135335,87,159254
10169,0.001668,172.31.47.0-255,66,135401,87,159254
10170,0.001694,172.217.194.0-255,1484,136885,87,159254
10171,0.001704,172.217.194.0-255,2902,139787,87,159254
10172,0.001707,172.31.47.0-255,66,139853,87,159254
10173,0.001712,172.217.194.0-255,2902,142755,87,159254
10174,0.001714,172.31.47.0-255,66,142821,87,159254
10175,0.001762,172.217.194.0-255,2902,145723,87,159254
10176,0.001767,172.31.47.0-255,66,145789,87,159254
10177,0.001785,172.31.47.0-255,66,145855,87,159254
10178,0.001796,172.31.47.0-255,66,145921,87,159254
10179,0.001834,172.217.194.0-255,5738,151659,87,159254
10180,0.001838,172.31.47.0-255,66,151725,87,159254
10181,0.001869,172.217.194.0-255,2734,154459,87,159254
10182,0.001874,172.31.47.0-255,66,154525,87,159254
10183,0.001877,172.217.194.0-255,97,154622,87,159254
10184,0.00188,172.217.194.0-255,105,154727,87,159254
10185,0.008297,172.31.47.0-255,66,154793,87,159254
10186,0.008321,172.31.47.0-255,105,154898,87,159254
10187,0.010808,172.217.194.0-255,66,154964,87,159254
10188,0.029736,172.31.47.0-255,172,155136,87,159254
10189,0.02978,172.31.47.0-255,1112,156248,87,159254
10190,0.029837,172.31.47.0-255,1514,157762,87,159254
10191,0.029839,172.31.47.0-255,1294,159056,87,159254
10192,0.031273,104.244.42.0-255,66,159122,87,159254
10193,0.031327,104.244.42.0-255,66,159188,87,159254
10194,0.031369,104.244.42.0-255,66,159254,87,159254
10195,0.0,172.31.47.0-255,66,66,87,66
10196,0.0,172.217.194.0-255,152,152,87,303059
10197,2e-05,172.31.47.0-255,66,218,87,303059
10198,2.7e-05,172.217.194.0-255,1484,1702,87,303059
10199,3.1e-05,172.31.47.0-255,66,1768,87,303059
10200,4.2e-05,172.217.194.0-255,2902,4670,87,303059
10201,4.5e-05,172.31.47.0-255,66,4736,87,303059
10202,4.7e-05,172.217.194.0-255,1484,6220,87,303059
10203,4.9e-05,172.31.47.0-255,66,6286,87,303059
10204,9.3e-05,172.31.47.0-255,66,6352,87,303059
10205,0.000121,172.217.194.0-255,7156,13508,87,303059
10206,0.000123,172.31.47.0-255,66,13574,87,303059
10207,0.000135,172.217.194.0-255,1484,15058,87,303059
10208,0.000137,172.31.47.0-255,66,15124,87,303059
10209,0.000144,172.217.194.0-255,1484,16608,87,303059
10210,0.000146,172.31.47.0-255,66,16674,87,303059
10211,0.000185,172.217.194.0-255,4320,20994,87,303059
10212,0.000188,172.31.47.0-255,66,21060,87,303059
10213,0.00021,172.217.194.0-255,2543,23603,87,303059
10214,0.000212,172.31.47.0-255,66,23669,87,303059
10215,0.000249,172.217.194.0-255,1484,25153,87,303059
10216,0.000252,172.31.47.0-255,66,25219,87,303059
10217,0.000277,172.217.194.0-255,2902,28121,87,303059
10218,0.00028,172.31.47.0-255,66,28187,87,303059
10219,0.000285,172.217.194.0-255,5738,33925,87,303059
10220,0.000287,172.31.47.0-255,66,33991,87,303059
10221,0.000292,172.217.194.0-255,5738,39729,87,303059
10222,0.000293,172.31.47.0-255,66,39795,87,303059
10223,0.000327,172.217.194.0-255,1125,40920,87,303059
10224,0.000329,172.31.47.0-255,66,40986,87,303059
10225,0.000404,172.217.194.0-255,1484,42470,87,303059
10226,0.000407,172.31.47.0-255,66,42536,87,303059
10227,0.000438,172.217.194.0-255,1484,44020,87,303059
10228,0.00045,172.217.194.0-255,1484,45504,87,303059
10229,0.000452,172.31.47.0-255,66,45570,87,303059
10230,0.000479,172.217.194.0-255,5738,51308,87,303059
10231,0.000482,172.31.47.0-255,66,51374,87,303059
10232,0.000486,172.217.194.0-255,4320,55694,87,303059
10233,0.000488,172.31.47.0-255,66,55760,87,303059
10234,0.000517,172.217.194.0-255,2543,58303,87,303059
10235,0.000519,172.31.47.0-255,66,58369,87,303059
10236,0.001118,172.217.194.0-255,647,59016,87,303059
10237,0.001487,172.217.194.0-255,1484,60500,87,303059
10238,0.001493,172.31.47.0-255,66,60566,87,303059
10239,0.001499,172.217.194.0-255,2902,63468,87,303059
10240,0.001501,172.31.47.0-255,66,63534,87,303059
10241,0.001521,172.217.194.0-255,5738,69272,87,303059
10242,0.001522,172.31.47.0-255,66,69338,87,303059
10243,0.00153,172.217.194.0-255,2902,72240,87,303059
10244,0.001532,172.31.47.0-255,66,72306,87,303059
10245,0.00156,172.217.194.0-255,4320,76626,87,303059
10246,0.001562,172.31.47.0-255,66,76692,87,303059
10247,0.001574,172.31.47.0-255,66,76758,87,303059
10248,0.001594,172.217.194.0-255,1484,78242,87,303059
10249,0.001598,172.217.194.0-255,2184,80426,87,303059
10250,0.001599,172.31.47.0-255,66,80492,87,303059
10251,0.002384,172.217.194.0-255,1484,81976,87,303059
10252,0.002403,172.217.194.0-255,2902,84878,87,303059
10253,0.002405,172.31.47.0-255,66,84944,87,303059
10254,0.002411,172.217.194.0-255,5738,90682,87,303059
10255,0.002413,172.31.47.0-255,66,90748,87,303059
10256,0.002472,172.31.47.0-255,66,90814,87,303059
10257,0.002474,172.217.194.0-255,1484,92298,87,303059
10258,0.002507,172.31.47.0-255,66,92364,87,303059
10259,0.005157,172.217.194.0-255,4320,96684,87,303059
10260,0.00516,172.31.47.0-255,66,96750,87,303059
10261,0.005181,172.217.194.0-255,1484,98234,87,303059
10262,0.007797,172.217.194.0-255,4320,102554,87,303059
10263,0.007803,172.31.47.0-255,66,102620,87,303059
10264,0.010434,172.217.194.0-255,5738,108358,87,303059
10265,0.010447,172.31.47.0-255,66,108424,87,303059
10266,0.013097,172.217.194.0-255,5738,114162,87,303059
10267,0.013105,172.31.47.0-255,66,114228,87,303059
10268,0.015726,172.217.194.0-255,5738,119966,87,303059
10269,0.015731,172.31.47.0-255,66,120032,87,303059
10270,0.018392,172.217.194.0-255,5738,125770,87,303059
10271,0.018408,172.31.47.0-255,66,125836,87,303059
10272,0.021082,172.217.194.0-255,5738,131574,87,303059
10273,0.021093,172.31.47.0-255,66,131640,87,303059
10274,0.023733,172.217.194.0-255,5738,137378,87,303059
10275,0.02374,172.31.47.0-255,66,137444,87,303059
10276,0.024886,172.31.47.0-255,172,137616,87,303059
10277,0.024914,172.31.47.0-255,1111,138727,87,303059
10278,0.024946,172.31.47.0-255,1514,140241,87,303059
10279,0.024948,172.31.47.0-255,1293,141534,87,303059
10280,0.02639,172.217.194.0-255,5738,147272,87,303059
10281,0.026396,172.31.47.0-255,66,147338,87,303059
10282,0.026421,104.244.42.0-255,66,147404,87,303059
10283,0.026465,104.244.42.0-255,66,147470,87,303059
10284,0.026519,104.244.42.0-255,66,147536,87,303059
10285,0.029029,172.217.194.0-255,5738,153274,87,303059
10286,0.029036,172.31.47.0-255,66,153340,87,303059
10287,0.031679,172.217.194.0-255,5738,159078,87,303059
10288,0.031685,172.31.47.0-255,66,159144,87,303059
10289,0.034326,172.217.194.0-255,5738,164882,87,303059
10290,0.034333,172.31.47.0-255,66,164948,87,303059
10291,0.036994,172.217.194.0-255,5738,170686,87,303059
10292,0.037,172.31.47.0-255,66,170752,87,303059
10293,0.039628,172.217.194.0-255,5738,176490,87,303059
10294,0.039633,172.31.47.0-255,66,176556,87,303059
10295,0.042273,172.217.194.0-255,5738,182294,87,303059
10296,0.042279,172.31.47.0-255,66,182360,87,303059
10297,0.04494,172.217.194.0-255,5738,188098,87,303059
10298,0.04495,172.31.47.0-255,66,188164,87,303059
10299,0.047614,172.217.194.0-255,5738,193902,87,303059
10300,0.047622,172.31.47.0-255,66,193968,87,303059
10301,0.050288,172.217.194.0-255,5738,199706,87,303059
10302,0.050296,172.31.47.0-255,66,199772,87,303059
10303,0.05293,172.217.194.0-255,5738,205510,87,303059
10304,0.052937,172.31.47.0-255,66,205576,87,303059
10305,0.053017,172.31.47.0-255,101,205677,87,303059
10306,0.055597,172.217.194.0-255,5738,211415,87,303059
10307,0.055604,172.31.47.0-255,66,211481,87,303059
10308,0.055634,172.217.194.0-255,66,211547,87,303059
10309,0.058249,172.217.194.0-255,5738,217285,87,303059
10310,0.058257,172.31.47.0-255,66,217351,87,303059
10311,0.060888,172.217.194.0-255,5738,223089,87,303059
10312,0.060896,172.31.47.0-255,66,223155,87,303059
10313,0.063559,172.217.194.0-255,5738,228893,87,303059
10314,0.063568,172.31.47.0-255,66,228959,87,303059
10315,0.066203,172.217.194.0-255,5738,234697,87,303059
10316,0.066211,172.31.47.0-255,66,234763,87,303059
10317,0.068835,172.217.194.0-255,5738,240501,87,303059
10318,0.068842,172.31.47.0-255,66,240567,87,303059
10319,0.071489,172.217.194.0-255,5738,246305,87,303059
10320,0.071493,172.31.47.0-255,66,246371,87,303059
10321,0.074155,172.217.194.0-255,5738,252109,87,303059
10322,0.074163,172.31.47.0-255,66,252175,87,303059
10323,0.076812,172.217.194.0-255,5738,257913,87,303059
10324,0.076821,172.31.47.0-255,66,257979,87,303059
10325,0.079483,172.217.194.0-255,5738,263717,87,303059
10326,0.07949,172.31.47.0-255,66,263783,87,303059
10327,0.08213,172.217.194.0-255,5738,269521,87,303059
10328,0.082137,172.31.47.0-255,66,269587,87,303059
10329,0.084769,172.217.194.0-255,5738,275325,87,303059
10330,0.084775,172.31.47.0-255,66,275391,87,303059
10331,0.087411,172.217.194.0-255,4320,279711,87,303059
10332,0.087417,172.31.47.0-255,66,279777,87,303059
10333,0.087447,172.217.194.0-255,1484,281261,87,303059
10334,0.090069,172.217.194.0-255,4320,285581,87,303059
10335,0.090075,172.31.47.0-255,66,285647,87,303059
10336,0.092737,172.217.194.0-255,5738,291385,87,303059
10337,0.092743,172.31.47.0-255,66,291451,87,303059
10338,0.095381,172.217.194.0-255,5738,297189,87,303059
10339,0.095387,172.31.47.0-255,66,297255,87,303059
10340,0.098055,172.217.194.0-255,5738,302993,87,303059
10341,0.098062,172.31.47.0-255,66,303059,87,303059
10342,0.0,172.217.194.0-255,153,153,87,258563
10343,2.4e-05,172.31.47.0-255,66,219,87,258563
10344,3.1e-05,172.217.194.0-255,1484,1703,87,258563
10345,3.4e-05,172.31.47.0-255,66,1769,87,258563
10346,3.9e-05,172.217.194.0-255,2902,4671,87,258563
10347,4.2e-05,172.31.47.0-255,66,4737,87,258563
10348,4.4e-05,172.217.194.0-255,1484,6221,87,258563
10349,4.6e-05,172.31.47.0-255,66,6287,87,258563
10350,5.6e-05,172.31.47.0-255,66,6353,87,258563
10351,7e-05,172.217.194.0-255,756,7109,87,258563
10352,7.2e-05,172.31.47.0-255,66,7175,87,258563
10353,9.5e-05,172.31.47.0-255,66,7241,87,258563
10354,0.00012,172.217.194.0-255,3961,11202,87,258563
10355,0.000123,172.31.47.0-255,66,11268,87,258563
10356,0.000242,172.217.194.0-255,1484,12752,87,258563
10357,0.000245,172.31.47.0-255,66,12818,87,258563
10358,0.00025,172.217.194.0-255,2902,15720,87,258563
10359,0.000252,172.31.47.0-255,66,15786,87,258563
10360,0.000271,172.217.194.0-255,5738,21524,87,258563
10361,0.000274,172.31.47.0-255,66,21590,87,258563
10362,0.000278,172.217.194.0-255,2902,24492,87,258563
10363,0.000281,172.31.47.0-255,66,24558,87,258563
10364,0.000302,172.217.194.0-255,3961,28519,87,258563
10365,0.000305,172.31.47.0-255,66,28585,87,258563
10366,0.000322,172.217.194.0-255,4320,32905,87,258563
10367,0.000325,172.31.47.0-255,66,32971,87,258563
10368,0.000361,172.31.47.0-255,66,33037,87,258563
10369,0.000365,172.217.194.0-255,2834,35871,87,258563
10370,0.000368,172.31.47.0-255,66,35937,87,258563
10371,0.000371,172.217.194.0-255,365,36302,87,258563
10372,0.000422,172.217.194.0-255,1484,37786,87,258563
10373,0.000427,172.217.194.0-255,1484,39270,87,258563
10374,0.000436,172.217.194.0-255,1484,40754,87,258563
10375,0.000439,172.217.194.0-255,1484,42238,87,258563
10376,0.000462,172.217.194.0-255,4320,46558,87,258563
10377,0.000478,172.217.194.0-255,1484,48042,87,258563
10378,0.0006,172.217.194.0-255,1484,49526,87,258563
10379,0.000616,172.217.194.0-255,2902,52428,87,258563
10380,0.000619,172.217.194.0-255,1484,53912,87,258563
10381,0.000635,172.217.194.0-255,4320,58232,87,258563
10382,0.000638,172.217.194.0-255,1484,59716,87,258563
10383,0.000662,172.217.194.0-255,5379,65095,87,258563
10384,0.00081,172.217.194.0-255,1484,66579,87,258563
10385,0.000817,172.217.194.0-255,2902,69481,87,258563
10386,0.000821,172.217.194.0-255,1484,70965,87,258563
10387,0.000842,172.217.194.0-255,4320,75285,87,258563
10388,0.000845,172.217.194.0-255,1484,76769,87,258563
10389,0.000899,172.217.194.0-255,2902,79671,87,258563
10390,0.001058,172.217.194.0-255,1484,81155,87,258563
10391,0.001064,172.217.194.0-255,2902,84057,87,258563
10392,0.001091,172.217.194.0-255,5738,89795,87,258563
10393,0.001099,172.217.194.0-255,7156,96951,87,258563
10394,0.001125,172.217.194.0-255,5738,102689,87,258563
10395,0.001157,172.217.194.0-255,1484,104173,87,258563
10396,0.001194,172.217.194.0-255,6438,110611,87,258563
10397,0.001203,172.217.194.0-255,1484,112095,87,258563
10398,0.001219,172.217.194.0-255,2543,114638,87,258563
10399,0.001223,172.217.194.0-255,4320,118958,87,258563
10400,0.001299,172.217.194.0-255,1484,120442,87,258563
10401,0.001302,172.217.194.0-255,766,121208,87,258563
10402,0.001375,172.217.194.0-255,1484,122692,87,258563
10403,0.001388,172.217.194.0-255,2902,125594,87,258563
10404,0.00139,172.217.194.0-255,1484,127078,87,258563
10405,0.001412,172.217.194.0-255,4320,131398,87,258563
10406,0.001417,172.217.194.0-255,5738,137136,87,258563
10407,0.001436,172.217.194.0-255,4320,141456,87,258563
10408,0.001479,172.217.194.0-255,2902,144358,87,258563
10409,0.001493,172.217.194.0-255,2184,146542,87,258563
10410,0.001514,172.217.194.0-255,1484,148026,87,258563
10411,0.001516,172.217.194.0-255,1484,149510,87,258563
10412,0.001526,172.217.194.0-255,1484,150994,87,258563
10413,0.001532,172.217.194.0-255,5738,156732,87,258563
10414,0.001588,172.217.194.0-255,5738,162470,87,258563
10415,0.001608,172.217.194.0-255,7156,169626,87,258563
10416,0.001619,172.217.194.0-255,2184,171810,87,258563
10417,0.001633,172.217.194.0-255,2902,174712,87,258563
10418,0.001636,172.217.194.0-255,1484,176196,87,258563
10419,0.001643,172.217.194.0-255,1484,177680,87,258563
10420,0.001656,172.217.194.0-255,4320,182000,87,258563
10421,0.00167,172.217.194.0-255,1484,183484,87,258563
10422,0.001704,172.217.194.0-255,2902,186386,87,258563
10423,0.00172,172.217.194.0-255,2902,189288,87,258563
10424,0.001733,172.217.194.0-255,4320,193608,87,258563
10425,0.001751,172.217.194.0-255,3602,197210,87,258563
10426,0.001779,172.217.194.0-255,4320,201530,87,258563
10427,0.001808,172.217.194.0-255,7156,208686,87,258563
10428,0.001815,172.217.194.0-255,7156,215842,87,258563
10429,0.001836,172.217.194.0-255,5738,221580,87,258563
10430,0.001849,172.217.194.0-255,5738,227318,87,258563
10431,0.001862,172.217.194.0-255,3602,230920,87,258563
10432,0.001868,172.217.194.0-255,7156,238076,87,258563
10433,0.001895,172.217.194.0-255,2902,240978,87,258563
10434,0.001909,172.217.194.0-255,7156,248134,87,258563
10435,0.001923,172.217.194.0-255,4320,252454,87,258563
10436,0.001938,172.217.194.0-255,1484,253938,87,258563
10437,0.001984,172.217.194.0-255,105,254043,87,258563
10438,0.003669,172.31.47.0-255,66,254109,87,258563
10439,0.006339,172.31.47.0-255,105,254214,87,258563
10440,0.008898,172.217.194.0-255,66,254280,87,258563
10441,0.026557,172.31.47.0-255,167,254447,87,258563
10442,0.026584,172.31.47.0-255,1111,255558,87,258563
10443,0.026618,172.31.47.0-255,1514,257072,87,258563
10444,0.02662,172.31.47.0-255,1293,258365,87,258563
10445,0.02809,104.244.42.0-255,66,258431,87,258563
10446,0.028129,104.244.42.0-255,66,258497,87,258563
10447,0.028166,104.244.42.0-255,66,258563,87,258563
10448,0.0,172.217.194.0-255,153,153,87,224031
10449,1.7e-05,172.31.47.0-255,66,219,87,224031
10450,2.4e-05,172.217.194.0-255,1484,1703,87,224031
10451,2.8e-05,172.31.47.0-255,66,1769,87,224031
10452,3.9e-05,172.217.194.0-255,2902,4671,87,224031
10453,4.1e-05,172.31.47.0-255,66,4737,87,224031
10454,4.6e-05,172.217.194.0-255,4320,9057,87,224031
10455,4.8e-05,172.31.47.0-255,66,9123,87,224031
10456,7.9e-05,172.217.194.0-255,2902,12025,87,224031
10457,8.3e-05,172.31.47.0-255,66,12091,87,224031
10458,8.8e-05,172.217.194.0-255,3462,15553,87,224031
10459,9e-05,172.31.47.0-255,66,15619,87,224031
10460,9.4e-05,172.217.194.0-255,4320,19939,87,224031
10461,9.7e-05,172.31.47.0-255,66,20005,87,224031
10462,0.000126,172.31.47.0-255,66,20071,87,224031
10463,0.000131,172.217.194.0-255,2543,22614,87,224031
10464,0.000132,172.31.47.0-255,66,22680,87,224031
10465,0.000137,172.217.194.0-255,2902,25582,87,224031
10466,0.000139,172.31.47.0-255,66,25648,87,224031
10467,0.000145,172.217.194.0-255,7156,32804,87,224031
10468,0.000148,172.31.47.0-255,66,32870,87,224031
10469,0.000193,172.217.194.0-255,6797,39667,87,224031
10470,0.000195,172.31.47.0-255,66,39733,87,224031
10471,0.000219,172.217.194.0-255,4320,44053,87,224031
10472,0.000222,172.31.47.0-255,66,44119,87,224031
10473,0.000255,172.31.47.0-255,66,44185,87,224031
10474,0.000258,172.217.194.0-255,2543,46728,87,224031
10475,0.00026,172.31.47.0-255,66,46794,87,224031
10476,0.000351,172.217.194.0-255,646,47440,87,224031
10477,0.000353,172.31.47.0-255,66,47506,87,224031
10478,0.000482,172.217.194.0-255,1484,48990,87,224031
10479,0.000485,172.31.47.0-255,66,49056,87,224031
10480,0.000489,172.217.194.0-255,2902,51958,87,224031
10481,0.000491,172.31.47.0-255,66,52024,87,224031
10482,0.000496,172.217.194.0-255,5738,57762,87,224031
10483,0.000502,172.31.47.0-255,66,57828,87,224031
10484,0.000509,172.217.194.0-255,7156,64984,87,224031
10485,0.000511,172.31.47.0-255,66,65050,87,224031
10486,0.000535,172.217.194.0-255,2902,67952,87,224031
10487,0.000537,172.31.47.0-255,66,68018,87,224031
10488,0.000559,172.217.194.0-255,5738,73756,87,224031
10489,0.000565,172.31.47.0-255,66,73822,87,224031
10490,0.000595,172.31.47.0-255,66,73888,87,224031
10491,0.000615,172.217.194.0-255,1484,75372,87,224031
10492,0.000617,172.31.47.0-255,66,75438,87,224031
10493,0.000622,172.217.194.0-255,2902,78340,87,224031
10494,0.000623,172.31.47.0-255,66,78406,87,224031
10495,0.000626,172.217.194.0-255,1484,79890,87,224031
10496,0.000628,172.31.47.0-255,66,79956,87,224031
10497,0.000654,172.217.194.0-255,4320,84276,87,224031
10498,0.000656,172.31.47.0-255,66,84342,87,224031
10499,0.000672,172.31.47.0-255,66,84408,87,224031
10500,0.000696,172.217.194.0-255,2902,87310,87,224031
10501,0.000698,172.31.47.0-255,66,87376,87,224031
10502,0.000736,172.31.47.0-255,66,87442,87,224031
10503,0.000795,172.217.194.0-255,1484,88926,87,224031
10504,0.000797,172.31.47.0-255,66,88992,87,224031
10505,0.000802,172.217.194.0-255,2902,91894,87,224031
10506,0.000805,172.217.194.0-255,1484,93378,87,224031
10507,0.000823,172.217.194.0-255,4320,97698,87,224031
10508,0.000827,172.217.194.0-255,2902,100600,87,224031
10509,0.000845,172.217.194.0-255,2902,103502,87,224031
10510,0.00085,172.217.194.0-255,4320,107822,87,224031
10511,0.000881,172.217.194.0-255,1484,109306,87,224031
10512,0.000893,172.217.194.0-255,3602,112908,87,224031
10513,0.000973,172.217.194.0-255,1484,114392,87,224031
10514,0.000978,172.217.194.0-255,2902,117294,87,224031
10515,0.000991,172.217.194.0-255,2902,120196,87,224031
10516,0.001003,172.217.194.0-255,2902,123098,87,224031
10517,0.001032,172.217.194.0-255,1484,124582,87,224031
10518,0.001084,172.217.194.0-255,2902,127484,87,224031
10519,0.00109,172.31.47.0-255,66,127550,87,224031
10520,0.001172,172.217.194.0-255,4320,131870,87,224031
10521,0.001193,172.217.194.0-255,5020,136890,87,224031
10522,0.001196,172.217.194.0-255,1484,138374,87,224031
10523,0.0012,172.217.194.0-255,2902,141276,87,224031
10524,0.001218,172.31.47.0-255,66,141342,87,224031
10525,0.001229,172.217.194.0-255,4320,145662,87,224031
10526,0.001246,172.217.194.0-255,1484,147146,87,224031
10527,0.001273,172.217.194.0-255,4320,151466,87,224031
10528,0.001276,172.217.194.0-255,1484,152950,87,224031
10529,0.001303,172.217.194.0-255,766,153716,87,224031
10530,0.00131,172.31.47.0-255,66,153782,87,224031
10531,0.001335,172.217.194.0-255,1484,155266,87,224031
10532,0.001341,172.217.194.0-255,4320,159586,87,224031
10533,0.00136,172.31.47.0-255,66,159652,87,224031
10534,0.001367,172.217.194.0-255,7156,166808,87,224031
10535,0.001378,172.31.47.0-255,66,166874,87,224031
10536,0.001417,172.31.47.0-255,66,166940,87,224031
10537,0.001423,172.217.194.0-255,7156,174096,87,224031
10538,0.001434,172.217.194.0-255,5020,179116,87,224031
10539,0.001447,172.31.47.0-255,66,179182,87,224031
10540,0.001471,172.217.194.0-255,1484,180666,87,224031
10541,0.001476,172.217.194.0-255,2902,183568,87,224031
10542,0.001485,172.31.47.0-255,66,183634,87,224031
10543,0.001506,172.217.194.0-255,5738,189372,87,224031
10544,0.001513,172.217.194.0-255,7156,196528,87,224031
10545,0.001516,172.217.194.0-255,1484,198012,87,224031
10546,0.001552,172.31.47.0-255,66,198078,87,224031
10547,0.001599,172.31.47.0-255,66,198144,87,224031
10548,0.001604,172.217.194.0-255,4320,202464,87,224031
10549,0.001609,172.31.47.0-255,66,202530,87,224031
10550,0.001643,172.217.194.0-255,7156,209686,87,224031
10551,0.00167,172.31.47.0-255,66,209752,87,224031
10552,0.001695,172.217.194.0-255,1484,211236,87,224031
10553,0.001706,172.217.194.0-255,1484,212720,87,224031
10554,0.001712,172.31.47.0-255,66,212786,87,224031
10555,0.00174,172.217.194.0-255,6617,219403,87,224031
10556,0.001743,172.217.194.0-255,105,219508,87,224031
10557,0.001779,172.31.47.0-255,66,219574,87,224031
10558,0.004286,172.31.47.0-255,105,219679,87,224031
10559,0.00651,172.217.194.0-255,66,219745,87,224031
10560,0.027697,172.31.47.0-255,170,219915,87,224031
10561,0.027727,172.31.47.0-255,1136,221051,87,224031
10562,0.027786,172.31.47.0-255,1514,222565,87,224031
10563,0.027788,172.31.47.0-255,1268,223833,87,224031
10564,0.02924,104.244.42.0-255,66,223899,87,224031
10565,0.029271,104.244.42.0-255,66,223965,87,224031
10566,0.029354,104.244.42.0-255,66,224031,87,224031
10567,0.0,74.125.24.0-255,143,143,87,272404
10568,3.2e-05,172.31.47.0-255,66,209,87,272404
10569,4e-05,74.125.24.0-255,1484,1693,87,272404
10570,4.6e-05,172.31.47.0-255,66,1759,87,272404
10571,5.2e-05,74.125.24.0-255,2902,4661,87,272404
10572,5.6e-05,172.31.47.0-255,66,4727,87,272404
10573,6.4e-05,74.125.24.0-255,7156,11883,87,272404
10574,6.8e-05,172.31.47.0-255,66,11949,87,272404
10575,7.3e-05,74.125.24.0-255,2146,14095,87,272404
10576,7.6e-05,172.31.47.0-255,66,14161,87,272404
10577,8.2e-05,74.125.24.0-255,2902,17063,87,272404
10578,8.5e-05,172.31.47.0-255,66,17129,87,272404
10579,0.000118,74.125.24.0-255,2902,20031,87,272404
10580,0.000121,172.31.47.0-255,66,20097,87,272404
10581,0.00013,74.125.24.0-255,7156,27253,87,272404
10582,0.000133,172.31.47.0-255,66,27319,87,272404
10583,0.000139,74.125.24.0-255,3961,31280,87,272404
10584,0.000142,172.31.47.0-255,66,31346,87,272404
10585,0.000315,74.125.24.0-255,1484,32830,87,272404
10586,0.000319,172.31.47.0-255,66,32896,87,272404
10587,0.000324,74.125.24.0-255,2902,35798,87,272404
10588,0.000326,172.31.47.0-255,66,35864,87,272404
10589,0.000331,74.125.24.0-255,2902,38766,87,272404
10590,0.000333,172.31.47.0-255,66,38832,87,272404
10591,0.000364,74.125.24.0-255,2902,41734,87,272404
10592,0.000368,172.31.47.0-255,66,41800,87,272404
10593,0.000373,74.125.24.0-255,4320,46120,87,272404
10594,0.000375,172.31.47.0-255,66,46186,87,272404
10595,0.000385,172.31.47.0-255,66,46252,87,272404
10596,0.000404,74.125.24.0-255,3961,50213,87,272404
10597,0.000407,172.31.47.0-255,66,50279,87,272404
10598,0.000415,74.125.24.0-255,7071,57350,87,272404
10599,0.000418,172.31.47.0-255,66,57416,87,272404
10600,0.000567,74.125.24.0-255,130,57546,87,272404
10601,0.000717,74.125.24.0-255,1484,59030,87,272404
10602,0.000725,172.31.47.0-255,66,59096,87,272404
10603,0.00073,74.125.24.0-255,2902,61998,87,272404
10604,0.000733,172.31.47.0-255,66,62064,87,272404
10605,0.000739,74.125.24.0-255,5738,67802,87,272404
10606,0.000742,172.31.47.0-255,66,67868,87,272404
10607,0.000765,74.125.24.0-255,2902,70770,87,272404
10608,0.000768,172.31.47.0-255,66,70836,87,272404
10609,0.000773,74.125.24.0-255,3961,74797,87,272404
10610,0.000777,172.31.47.0-255,66,74863,87,272404
10611,0.000783,74.125.24.0-255,4320,79183,87,272404
10612,0.000786,172.31.47.0-255,66,79249,87,272404
10613,0.000819,74.125.24.0-255,4320,83569,87,272404
10614,0.000823,172.31.47.0-255,66,83635,87,272404
10615,0.000834,172.31.47.0-255,66,83701,87,272404
10616,0.001439,74.125.24.0-255,1484,85185,87,272404
10617,0.001446,74.125.24.0-255,2902,88087,87,272404
10618,0.00145,172.31.47.0-255,66,88153,87,272404
10619,0.001457,74.125.24.0-255,5738,93891,87,272404
10620,0.001459,172.31.47.0-255,66,93957,87,272404
10621,0.001522,172.31.47.0-255,66,94023,87,272404
10622,0.001528,74.125.24.0-255,4320,98343,87,272404
10623,0.00153,172.31.47.0-255,66,98409,87,272404
10624,0.00156,74.125.24.0-255,6438,104847,87,272404
10625,0.001564,172.31.47.0-255,66,104913,87,272404
10626,0.001863,74.125.24.0-255,1484,106397,87,272404
10627,0.00188,74.125.24.0-255,2902,109299,87,272404
10628,0.001884,172.31.47.0-255,66,109365,87,272404
10629,0.0019,74.125.24.0-255,1484,110849,87,272404
10630,0.001912,74.125.24.0-255,2902,113751,87,272404
10631,0.001915,172.31.47.0-255,66,113817,87,272404
10632,0.001923,74.125.24.0-255,1484,115301,87,272404
10633,0.001926,74.125.24.0-255,1484,116785,87,272404
10634,0.001928,172.31.47.0-255,66,116851,87,272404
10635,0.001957,74.125.24.0-255,7156,124007,87,272404
10636,0.00196,172.31.47.0-255,66,124073,87,272404
10637,0.001977,74.125.24.0-255,1484,125557,87,272404
10638,0.00201,172.31.47.0-255,66,125623,87,272404
10639,0.002032,74.125.24.0-255,2184,127807,87,272404
10640,0.002034,172.31.47.0-255,66,127873,87,272404
10641,0.002052,172.31.47.0-255,66,127939,87,272404
10642,0.002064,172.31.47.0-255,66,128005,87,272404
10643,0.002069,74.125.24.0-255,3602,131607,87,272404
10644,0.002071,172.31.47.0-255,66,131673,87,272404
10645,0.002074,74.125.24.0-255,1484,133157,87,272404
10646,0.002099,74.125.24.0-255,2902,136059,87,272404
10647,0.002102,172.31.47.0-255,66,136125,87,272404
10648,0.002115,172.31.47.0-255,66,136191,87,272404
10649,0.002122,74.125.24.0-255,7156,143347,87,272404
10650,0.002124,172.31.47.0-255,66,143413,87,272404
10651,0.00215,74.125.24.0-255,1484,144897,87,272404
10652,0.002171,172.31.47.0-255,66,144963,87,272404
10653,0.002197,172.31.47.0-255,66,145029,87,272404
10654,0.002205,74.125.24.0-255,7156,152185,87,272404
10655,0.002207,172.31.47.0-255,66,152251,87,272404
10656,0.002238,74.125.24.0-255,7156,159407,87,272404
10657,0.002242,172.31.47.0-255,66,159473,87,272404
10658,0.002282,172.31.47.0-255,66,159539,87,272404
10659,0.002334,172.31.47.0-255,66,159605,87,272404
10660,0.002363,172.31.47.0-255,66,159671,87,272404
10661,0.002367,74.125.24.0-255,2184,161855,87,272404
10662,0.002369,172.31.47.0-255,66,161921,87,272404
10663,0.002377,74.125.24.0-255,7156,169077,87,272404
10664,0.002379,172.31.47.0-255,66,169143,87,272404
10665,0.004652,74.125.24.0-255,5738,174881,87,272404
10666,0.004661,172.31.47.0-255,66,174947,87,272404
10667,0.006973,74.125.24.0-255,5738,180685,87,272404
10668,0.006995,172.31.47.0-255,66,180751,87,272404
10669,0.009244,74.125.24.0-255,5738,186489,87,272404
10670,0.009262,172.31.47.0-255,66,186555,87,272404
10671,0.011547,74.125.24.0-255,5738,192293,87,272404
10672,0.011567,172.31.47.0-255,66,192359,87,272404
10673,0.013855,74.125.24.0-255,5738,198097,87,272404
10674,0.013863,172.31.47.0-255,66,198163,87,272404
10675,0.016146,74.125.24.0-255,5738,203901,87,272404
10676,0.016153,172.31.47.0-255,66,203967,87,272404
10677,0.018412,74.125.24.0-255,5738,209705,87,272404
10678,0.018421,172.31.47.0-255,66,209771,87,272404
10679,0.020691,74.125.24.0-255,4320,214091,87,272404
10680,0.020703,172.31.47.0-255,66,214157,87,272404
10681,0.020724,74.125.24.0-255,1484,215641,87,272404
10682,0.022972,74.125.24.0-255,4320,219961,87,272404
10683,0.022989,172.31.47.0-255,66,220027,87,272404
10684,0.025218,74.125.24.0-255,5738,225765,87,272404
10685,0.02523,172.31.47.0-255,66,225831,87,272404
10686,0.027444,74.125.24.0-255,5738,231569,87,272404
10687,0.027452,172.31.47.0-255,66,231635,87,272404
10688,0.029707,74.125.24.0-255,5738,237373,87,272404
10689,0.029719,172.31.47.0-255,66,237439,87,272404
10690,0.031952,74.125.24.0-255,5738,243177,87,272404
10691,0.03197,172.31.47.0-255,66,243243,87,272404
10692,0.034219,74.125.24.0-255,5738,248981,87,272404
10693,0.034235,172.31.47.0-255,66,249047,87,272404
10694,0.036514,74.125.24.0-255,5738,254785,87,272404
10695,0.036527,172.31.47.0-255,66,254851,87,272404
10696,0.038282,172.31.47.0-255,172,255023,87,272404
10697,0.038323,172.31.47.0-255,1103,256126,87,272404
10698,0.038397,172.31.47.0-255,1514,257640,87,272404
10699,0.038399,172.31.47.0-255,1301,258941,87,272404
10700,0.038796,74.125.24.0-255,5738,264679,87,272404
10701,0.038806,172.31.47.0-255,66,264745,87,272404
10702,0.039828,104.244.42.0-255,66,264811,87,272404
10703,0.039869,104.244.42.0-255,66,264877,87,272404
10704,0.039913,104.244.42.0-255,66,264943,87,272404
10705,0.041071,74.125.24.0-255,5738,270681,87,272404
10706,0.041084,172.31.47.0-255,66,270747,87,272404
10707,0.043309,74.125.24.0-255,1420,272167,87,272404
10708,0.043512,172.31.47.0-255,66,272233,87,272404
10709,0.043562,172.31.47.0-255,105,272338,87,272404
10710,0.045782,74.125.24.0-255,66,272404,87,272404
10711,0.0,74.125.68.0-255,579,579,87,122093
10712,1.7e-05,74.125.68.0-255,1484,2063,87,122093
10713,2.9e-05,172.31.47.0-255,66,2129,87,122093
10714,6.4e-05,74.125.68.0-255,1484,3613,87,122093
10715,9.2e-05,74.125.68.0-255,2902,6515,87,122093
10716,9.6e-05,172.31.47.0-255,66,6581,87,122093
10717,0.000119,74.125.68.0-255,2902,9483,87,122093
10718,0.000122,172.31.47.0-255,66,9549,87,122093
10719,0.00014,74.125.68.0-255,2902,12451,87,122093
10720,0.000142,172.31.47.0-255,66,12517,87,122093
10721,0.000306,74.125.68.0-255,1905,14422,87,122093
10722,0.000313,172.31.47.0-255,66,14488,87,122093
10723,0.000426,74.125.68.0-255,2902,17390,87,122093
10724,0.00043,172.31.47.0-255,66,17456,87,122093
10725,0.00053,74.125.68.0-255,5738,23194,87,122093
10726,0.000533,172.31.47.0-255,66,23260,87,122093
10727,0.000559,74.125.68.0-255,1484,24744,87,122093
10728,0.000863,74.125.68.0-255,5628,30372,87,122093
10729,0.000869,172.31.47.0-255,66,30438,87,122093
10730,0.002358,74.125.68.0-255,5738,36176,87,122093
10731,0.002365,172.31.47.0-255,66,36242,87,122093
10732,0.002451,74.125.68.0-255,4320,40562,87,122093
10733,0.002476,74.125.68.0-255,4320,44882,87,122093
10734,0.00352,74.125.68.0-255,5738,50620,87,122093
10735,0.004114,74.125.68.0-255,5738,56358,87,122093
10736,0.004584,74.125.68.0-255,5738,62096,87,122093
10737,0.005022,172.31.47.0-255,66,62162,87,122093
10738,0.005488,172.31.47.0-255,66,62228,87,122093
10739,0.007325,74.125.68.0-255,2902,65130,87,122093
10740,0.007335,172.31.47.0-255,66,65196,87,122093
10741,0.007399,74.125.68.0-255,2902,68098,87,122093
10742,0.007443,74.125.68.0-255,1484,69582,87,122093
10743,0.007604,74.125.68.0-255,5498,75080,87,122093
10744,0.007776,74.125.68.0-255,1484,76564,87,122093
10745,0.007839,74.125.68.0-255,2902,79466,87,122093
10746,0.009114,172.31.47.0-255,66,79532,87,122093
10747,0.009644,74.125.68.0-255,1708,81240,87,122093
10748,0.009652,172.31.47.0-255,66,81306,87,122093
10749,0.009665,172.31.47.0-255,66,81372,87,122093
10750,0.009723,172.31.47.0-255,66,81438,87,122093
10751,0.011452,172.31.47.0-255,66,81504,87,122093
10752,0.011548,172.31.47.0-255,66,81570,87,122093
10753,0.011574,74.125.68.0-255,2902,84472,87,122093
10754,0.011576,172.31.47.0-255,66,84538,87,122093
10755,0.011695,74.125.68.0-255,1484,86022,87,122093
10756,0.011715,74.125.68.0-255,5738,91760,87,122093
10757,0.011718,172.31.47.0-255,66,91826,87,122093
10758,0.011767,172.31.47.0-255,66,91892,87,122093
10759,0.011805,172.31.47.0-255,66,91958,87,122093
10760,0.012204,74.125.68.0-255,7156,99114,87,122093
10761,0.012209,172.31.47.0-255,66,99180,87,122093
10762,0.012244,74.125.68.0-255,6318,105498,87,122093
10763,0.012248,172.31.47.0-255,66,105564,87,122093
10764,0.012342,74.125.68.0-255,2902,108466,87,122093
10765,0.012347,172.31.47.0-255,66,108532,87,122093
10766,0.012374,172.31.47.0-255,66,108598,87,122093
10767,0.012443,172.31.47.0-255,66,108664,87,122093
10768,0.012768,74.125.68.0-255,7156,115820,87,122093
10769,0.012774,172.31.47.0-255,66,115886,87,122093
10770,0.012803,172.31.47.0-255,66,115952,87,122093
10771,0.013793,172.31.47.0-255,66,116018,87,122093
10772,0.01384,172.31.47.0-255,66,116084,87,122093
10773,0.013875,74.125.68.0-255,1484,117568,87,122093
10774,0.013915,172.31.47.0-255,66,117634,87,122093
10775,0.014428,172.31.47.0-255,105,117739,87,122093
10776,0.022028,74.125.68.0-255,66,117805,87,122093
10777,0.036855,172.31.47.0-255,172,117977,87,122093
10778,0.036894,172.31.47.0-255,1107,119084,87,122093
10779,0.036999,172.31.47.0-255,1514,120598,87,122093
10780,0.037001,172.31.47.0-255,1297,121895,87,122093
10781,0.038379,104.244.42.0-255,66,121961,87,122093
10782,0.038431,104.244.42.0-255,66,122027,87,122093
10783,0.038527,104.244.42.0-255,66,122093,87,122093
10784,0.0,74.125.24.0-255,153,153,87,340877
10785,2.3e-05,172.31.47.0-255,66,219,87,340877
10786,3e-05,74.125.24.0-255,1484,1703,87,340877
10787,3.5e-05,172.31.47.0-255,66,1769,87,340877
10788,4e-05,74.125.24.0-255,2902,4671,87,340877
10789,4.2e-05,172.31.47.0-255,66,4737,87,340877
10790,4.9e-05,74.125.24.0-255,7156,11893,87,340877
10791,5.2e-05,172.31.47.0-255,66,11959,87,340877
10792,5.6e-05,74.125.24.0-255,2012,13971,87,340877
10793,5.8e-05,172.31.47.0-255,66,14037,87,340877
10794,8.1e-05,74.125.24.0-255,2902,16939,87,340877
10795,8.3e-05,172.31.47.0-255,66,17005,87,340877
10796,0.000109,172.31.47.0-255,66,17071,87,340877
10797,0.000144,74.125.24.0-255,5738,22809,87,340877
10798,0.000146,172.31.47.0-255,66,22875,87,340877
10799,0.000169,74.125.24.0-255,1484,24359,87,340877
10800,0.000171,172.31.47.0-255,66,24425,87,340877
10801,0.000185,172.31.47.0-255,66,24491,87,340877
10802,0.000534,74.125.24.0-255,1484,25975,87,340877
10803,0.00054,172.31.47.0-255,66,26041,87,340877
10804,0.000561,74.125.24.0-255,2902,28943,87,340877
10805,0.000563,172.31.47.0-255,66,29009,87,340877
10806,0.00057,74.125.24.0-255,5738,34747,87,340877
10807,0.000571,172.31.47.0-255,66,34813,87,340877
10808,0.000613,74.125.24.0-255,2902,37715,87,340877
10809,0.000615,172.31.47.0-255,66,37781,87,340877
10810,0.000635,74.125.24.0-255,3961,41742,87,340877
10811,0.000638,172.31.47.0-255,66,41808,87,340877
10812,0.00067,74.125.24.0-255,1484,43292,87,340877
10813,0.000672,172.31.47.0-255,66,43358,87,340877
10814,0.000685,74.125.24.0-255,2902,46260,87,340877
10815,0.000688,172.31.47.0-255,66,46326,87,340877
10816,0.000709,74.125.24.0-255,4320,50646,87,340877
10817,0.000712,172.31.47.0-255,66,50712,87,340877
10818,0.00073,74.125.24.0-255,2902,53614,87,340877
10819,0.000732,172.31.47.0-255,66,53680,87,340877
10820,0.000753,74.125.24.0-255,6797,60477,87,340877
10821,0.000755,172.31.47.0-255,66,60543,87,340877
10822,0.000762,74.125.24.0-255,7156,67699,87,340877
10823,0.000764,172.31.47.0-255,66,67765,87,340877
10824,0.000784,74.125.24.0-255,5738,73503,87,340877
10825,0.000786,172.31.47.0-255,66,73569,87,340877
10826,0.000798,74.125.24.0-255,2543,76112,87,340877
10827,0.0008,172.31.47.0-255,66,76178,87,340877
10828,0.000848,74.125.24.0-255,1484,77662,87,340877
10829,0.000865,74.125.24.0-255,2902,80564,87,340877
10830,0.000867,172.31.47.0-255,66,80630,87,340877
10831,0.000897,74.125.24.0-255,5738,86368,87,340877
10832,0.0009,172.31.47.0-255,66,86434,87,340877
10833,0.000908,74.125.24.0-255,6783,93217,87,340877
10834,0.00091,172.31.47.0-255,66,93283,87,340877
10835,0.00099,74.125.24.0-255,1484,94767,87,340877
10836,0.000993,74.125.24.0-255,1484,96251,87,340877
10837,0.000996,172.31.47.0-255,66,96317,87,340877
10838,0.001015,74.125.24.0-255,1484,97801,87,340877
10839,0.001021,74.125.24.0-255,5738,103539,87,340877
10840,0.001023,172.31.47.0-255,66,103605,87,340877
10841,0.001053,172.31.47.0-255,66,103671,87,340877
10842,0.001078,172.31.47.0-255,66,103737,87,340877
10843,0.001128,74.125.24.0-255,1484,105221,87,340877
10844,0.00114,74.125.24.0-255,1484,106705,87,340877
10845,0.001142,172.31.47.0-255,66,106771,87,340877
10846,0.001163,74.125.24.0-255,1484,108255,87,340877
10847,0.001167,74.125.24.0-255,5738,113993,87,340877
10848,0.00117,172.31.47.0-255,66,114059,87,340877
10849,0.001173,74.125.24.0-255,1484,115543,87,340877
10850,0.001201,172.31.47.0-255,66,115609,87,340877
10851,0.001205,74.125.24.0-255,2902,118511,87,340877
10852,0.001207,172.31.47.0-255,66,118577,87,340877
10853,0.001237,172.31.47.0-255,66,118643,87,340877
10854,0.001333,74.125.24.0-255,1484,120127,87,340877
10855,0.001338,74.125.24.0-255,2902,123029,87,340877
10856,0.001341,172.31.47.0-255,66,123095,87,340877
10857,0.001361,74.125.24.0-255,5738,128833,87,340877
10858,0.001364,172.31.47.0-255,66,128899,87,340877
10859,0.001367,74.125.24.0-255,1484,130383,87,340877
10860,0.001369,74.125.24.0-255,1484,131867,87,340877
10861,0.001371,172.31.47.0-255,66,131933,87,340877
10862,0.0014,74.125.24.0-255,7156,139089,87,340877
10863,0.001402,172.31.47.0-255,66,139155,87,340877
10864,0.001456,172.31.47.0-255,66,139221,87,340877
10865,0.001469,74.125.24.0-255,3602,142823,87,340877
10866,0.001471,172.31.47.0-255,66,142889,87,340877
10867,0.003741,74.125.24.0-255,5738,148627,87,340877
10868,0.003747,172.31.47.0-255,66,148693,87,340877
10869,0.006043,74.125.24.0-255,5738,154431,87,340877
10870,0.006049,172.31.47.0-255,66,154497,87,340877
10871,0.008346,74.125.24.0-255,5738,160235,87,340877
10872,0.008352,172.31.47.0-255,66,160301,87,340877
10873,0.010644,74.125.24.0-255,5738,166039,87,340877
10874,0.010651,172.31.47.0-255,66,166105,87,340877
10875,0.012942,74.125.24.0-255,5738,171843,87,340877
10876,0.012948,172.31.47.0-255,66,171909,87,340877
10877,0.015247,74.125.24.0-255,5738,177647,87,340877
10878,0.015255,172.31.47.0-255,66,177713,87,340877
10879,0.017523,74.125.24.0-255,5738,183451,87,340877
10880,0.017532,172.31.47.0-255,66,183517,87,340877
10881,0.019825,74.125.24.0-255,5738,189255,87,340877
10882,0.019833,172.31.47.0-255,66,189321,87,340877
10883,0.022135,74.125.24.0-255,5738,195059,87,340877
10884,0.022142,172.31.47.0-255,66,195125,87,340877
10885,0.024429,74.125.24.0-255,5738,200863,87,340877
10886,0.024434,172.31.47.0-255,66,200929,87,340877
10887,0.02673,74.125.24.0-255,5738,206667,87,340877
10888,0.026736,172.31.47.0-255,66,206733,87,340877
10889,0.029012,74.125.24.0-255,5738,212471,87,340877
10890,0.02902,172.31.47.0-255,66,212537,87,340877
10891,0.031329,74.125.24.0-255,5738,218275,87,340877
10892,0.031336,172.31.47.0-255,66,218341,87,340877
10893,0.031841,172.31.47.0-255,172,218513,87,340877
10894,0.031873,172.31.47.0-255,1113,219626,87,340877
10895,0.031931,172.31.47.0-255,1514,221140,87,340877
10896,0.031933,172.31.47.0-255,1291,222431,87,340877
10897,0.033394,104.244.42.0-255,66,222497,87,340877
10898,0.033577,104.244.42.0-255,66,222563,87,340877
10899,0.033581,104.244.42.0-255,66,222629,87,340877
10900,0.033629,74.125.24.0-255,4320,226949,87,340877
10901,0.033634,172.31.47.0-255,66,227015,87,340877
10902,0.033651,74.125.24.0-255,1484,228499,87,340877
10903,0.035914,74.125.24.0-255,4320,232819,87,340877
10904,0.035922,172.31.47.0-255,66,232885,87,340877
10905,0.0382,74.125.24.0-255,5738,238623,87,340877
10906,0.038206,172.31.47.0-255,66,238689,87,340877
10907,0.040493,74.125.24.0-255,5738,244427,87,340877
10908,0.040498,172.31.47.0-255,66,244493,87,340877
10909,0.042786,74.125.24.0-255,5738,250231,87,340877
10910,0.042792,172.31.47.0-255,66,250297,87,340877
10911,0.045078,74.125.24.0-255,5738,256035,87,340877
10912,0.045085,172.31.47.0-255,66,256101,87,340877
10913,0.047376,74.125.24.0-255,5738,261839,87,340877
10914,0.047382,172.31.47.0-255,66,261905,87,340877
10915,0.049671,74.125.24.0-255,5738,267643,87,340877
10916,0.049676,172.31.47.0-255,66,267709,87,340877
10917,0.051963,74.125.24.0-255,5738,273447,87,340877
10918,0.05197,172.31.47.0-255,66,273513,87,340877
10919,0.054256,74.125.24.0-255,5738,279251,87,340877
10920,0.054264,172.31.47.0-255,66,279317,87,340877
10921,0.056536,74.125.24.0-255,5738,285055,87,340877
10922,0.056545,172.31.47.0-255,66,285121,87,340877
10923,0.058799,74.125.24.0-255,5738,290859,87,340877
10924,0.058805,172.31.47.0-255,66,290925,87,340877
10925,0.061091,74.125.24.0-255,5738,296663,87,340877
10926,0.061096,172.31.47.0-255,66,296729,87,340877
10927,0.063405,74.125.24.0-255,5738,302467,87,340877
10928,0.063411,172.31.47.0-255,66,302533,87,340877
10929,0.065692,74.125.24.0-255,5738,308271,87,340877
10930,0.065699,172.31.47.0-255,66,308337,87,340877
10931,0.067984,74.125.24.0-255,5738,314075,87,340877
10932,0.06799,172.31.47.0-255,66,314141,87,340877
10933,0.070309,74.125.24.0-255,5738,319879,87,340877
10934,0.070315,172.31.47.0-255,66,319945,87,340877
10935,0.072679,74.125.24.0-255,5738,325683,87,340877
10936,0.072685,172.31.47.0-255,66,325749,87,340877
10937,0.074962,74.125.24.0-255,5738,331487,87,340877
10938,0.074972,172.31.47.0-255,66,331553,87,340877
10939,0.077284,74.125.24.0-255,5738,337291,87,340877
10940,0.077289,172.31.47.0-255,66,337357,87,340877
10941,0.079567,74.125.24.0-255,3283,340640,87,340877
10942,0.079572,172.31.47.0-255,66,340706,87,340877
10943,0.079716,172.31.47.0-255,105,340811,87,340877
10944,0.081942,74.125.24.0-255,66,340877,87,340877
10945,0.0,172.217.194.0-255,153,153,87,320535
10946,2.6e-05,172.31.47.0-255,66,219,87,320535
10947,3.2e-05,172.217.194.0-255,1484,1703,87,320535
10948,3.5e-05,172.31.47.0-255,66,1769,87,320535
10949,4.6e-05,172.217.194.0-255,1484,3253,87,320535
10950,4.8e-05,172.31.47.0-255,66,3319,87,320535
10951,6.6e-05,172.217.194.0-255,1484,4803,87,320535
10952,6.8e-05,172.31.47.0-255,66,4869,87,320535
10953,7.4e-05,172.217.194.0-255,4320,9189,87,320535
10954,7.6e-05,172.31.47.0-255,66,9255,87,320535
10955,8.8e-05,172.217.194.0-255,2902,12157,87,320535
10956,9e-05,172.31.47.0-255,66,12223,87,320535
10957,9.4e-05,172.217.194.0-255,1977,14200,87,320535
10958,9.6e-05,172.31.47.0-255,66,14266,87,320535
10959,0.0001,172.217.194.0-255,2902,17168,87,320535
10960,0.000102,172.31.47.0-255,66,17234,87,320535
10961,0.000123,172.217.194.0-255,7156,24390,87,320535
10962,0.000126,172.31.47.0-255,66,24456,87,320535
10963,0.000139,172.217.194.0-255,1484,25940,87,320535
10964,0.000141,172.31.47.0-255,66,26006,87,320535
10965,0.000175,172.217.194.0-255,5379,31385,87,320535
10966,0.000178,172.31.47.0-255,66,31451,87,320535
10967,0.000181,172.217.194.0-255,1484,32935,87,320535
10968,0.000183,172.31.47.0-255,66,33001,87,320535
10969,0.000187,172.217.194.0-255,2902,35903,87,320535
10970,0.00019,172.31.47.0-255,66,35969,87,320535
10971,0.000216,172.217.194.0-255,5738,41707,87,320535
10972,0.000218,172.31.47.0-255,66,41773,87,320535
10973,0.000223,172.217.194.0-255,4320,46093,87,320535
10974,0.000225,172.31.47.0-255,66,46159,87,320535
10975,0.000237,172.217.194.0-255,2543,48702,87,320535
10976,0.000239,172.31.47.0-255,66,48768,87,320535
10977,0.000261,172.217.194.0-255,2902,51670,87,320535
10978,0.000266,172.31.47.0-255,66,51736,87,320535
10979,0.000284,172.31.47.0-255,66,51802,87,320535
10980,0.000288,172.217.194.0-255,2794,54596,87,320535
10981,0.00029,172.31.47.0-255,66,54662,87,320535
10982,0.000337,172.217.194.0-255,118,54780,87,320535
10983,0.000456,172.217.194.0-255,1484,56264,87,320535
10984,0.000459,172.31.47.0-255,66,56330,87,320535
10985,0.000478,172.217.194.0-255,2902,59232,87,320535
10986,0.000481,172.31.47.0-255,66,59298,87,320535
10987,0.000486,172.217.194.0-255,4320,63618,87,320535
10988,0.000488,172.31.47.0-255,66,63684,87,320535
10989,0.000505,172.217.194.0-255,1484,65168,87,320535
10990,0.00052,172.217.194.0-255,4320,69488,87,320535
10991,0.000523,172.31.47.0-255,66,69554,87,320535
10992,0.000546,172.31.47.0-255,66,69620,87,320535
10993,0.000575,172.217.194.0-255,4320,73940,87,320535
10994,0.000577,172.31.47.0-255,66,74006,87,320535
10995,0.000603,172.217.194.0-255,5379,79385,87,320535
10996,0.000606,172.31.47.0-255,66,79451,87,320535
10997,0.000608,172.217.194.0-255,383,79834,87,320535
10998,0.000909,172.31.47.0-255,66,79900,87,320535
10999,0.001241,172.217.194.0-255,1484,81384,87,320535
11000,0.001253,172.217.194.0-255,2902,84286,87,320535
11001,0.001257,172.31.47.0-255,66,84352,87,320535
11002,0.001263,172.217.194.0-255,4320,88672,87,320535
11003,0.001265,172.31.47.0-255,66,88738,87,320535
11004,0.001277,172.217.194.0-255,1484,90222,87,320535
11005,0.001283,172.217.194.0-255,4320,94542,87,320535
11006,0.001284,172.31.47.0-255,66,94608,87,320535
11007,0.001305,172.31.47.0-255,66,94674,87,320535
11008,0.001314,172.31.47.0-255,66,94740,87,320535
11009,0.001336,172.217.194.0-255,2184,96924,87,320535
11010,0.001338,172.31.47.0-255,66,96990,87,320535
11011,0.001411,172.217.194.0-255,1484,98474,87,320535
11012,0.001417,172.217.194.0-255,2902,101376,87,320535
11013,0.00142,172.31.47.0-255,66,101442,87,320535
11014,0.001441,172.217.194.0-255,5738,107180,87,320535
11015,0.001444,172.31.47.0-255,66,107246,87,320535
11016,0.001459,172.217.194.0-255,2902,110148,87,320535
11017,0.001461,172.31.47.0-255,66,110214,87,320535
11018,0.00149,172.31.47.0-255,66,110280,87,320535
11019,0.001504,172.31.47.0-255,66,110346,87,320535
11020,0.00154,172.217.194.0-255,2902,113248,87,320535
11021,0.001543,172.31.47.0-255,66,113314,87,320535
11022,0.001549,172.217.194.0-255,4320,117634,87,320535
11023,0.00155,172.31.47.0-255,66,117700,87,320535
11024,0.001556,172.217.194.0-255,5738,123438,87,320535
11025,0.001559,172.31.47.0-255,66,123504,87,320535
11026,0.001577,172.217.194.0-255,2902,126406,87,320535
11027,0.00158,172.31.47.0-255,66,126472,87,320535
11028,0.001588,172.31.47.0-255,66,126538,87,320535
11029,0.001605,172.31.47.0-255,66,126604,87,320535
11030,0.001775,172.217.194.0-255,1484,128088,87,320535
11031,0.001778,172.217.194.0-255,1484,129572,87,320535
11032,0.00178,172.31.47.0-255,66,129638,87,320535
11033,0.00179,172.217.194.0-255,1484,131122,87,320535
11034,0.001805,172.217.194.0-255,4320,135442,87,320535
11035,0.001807,172.31.47.0-255,66,135508,87,320535
11036,0.001826,172.217.194.0-255,1484,136992,87,320535
11037,0.001837,172.31.47.0-255,66,137058,87,320535
11038,0.001841,172.217.194.0-255,5738,142796,87,320535
11039,0.001843,172.31.47.0-255,66,142862,87,320535
11040,0.001857,172.217.194.0-255,5020,147882,87,320535
11041,0.001859,172.31.47.0-255,66,147948,87,320535
11042,0.00196,172.217.194.0-255,1484,149432,87,320535
11043,0.001962,172.217.194.0-255,1484,150916,87,320535
11044,0.001964,172.31.47.0-255,66,150982,87,320535
11045,0.001981,172.217.194.0-255,1484,152466,87,320535
11046,0.001986,172.217.194.0-255,5738,158204,87,320535
11047,0.001988,172.31.47.0-255,66,158270,87,320535
11048,0.002014,172.217.194.0-255,7156,165426,87,320535
11049,0.002017,172.31.47.0-255,66,165492,87,320535
11050,0.002034,172.217.194.0-255,5738,171230,87,320535
11051,0.002036,172.31.47.0-255,66,171296,87,320535
11052,0.002041,172.217.194.0-255,5738,177034,87,320535
11053,0.002043,172.31.47.0-255,66,177100,87,320535
11054,0.002055,172.217.194.0-255,5020,182120,87,320535
11055,0.002057,172.31.47.0-255,66,182186,87,320535
11056,0.002272,172.217.194.0-255,1484,183670,87,320535
11057,0.002288,172.217.194.0-255,1484,185154,87,320535
11058,0.00229,172.31.47.0-255,66,185220,87,320535
11059,0.002307,172.217.194.0-255,1484,186704,87,320535
11060,0.002311,172.217.194.0-255,5738,192442,87,320535
11061,0.002313,172.31.47.0-255,66,192508,87,320535
11062,0.00237,172.31.47.0-255,66,192574,87,320535
11063,0.004691,172.217.194.0-255,4320,196894,87,320535
11064,0.004696,172.31.47.0-255,66,196960,87,320535
11065,0.004721,172.217.194.0-255,1484,198444,87,320535
11066,0.007021,172.217.194.0-255,4320,202764,87,320535
11067,0.007026,172.31.47.0-255,66,202830,87,320535
11068,0.009338,172.217.194.0-255,5738,208568,87,320535
11069,0.009345,172.31.47.0-255,66,208634,87,320535
11070,0.011667,172.217.194.0-255,5738,214372,87,320535
11071,0.011674,172.31.47.0-255,66,214438,87,320535
11072,0.014026,172.217.194.0-255,5738,220176,87,320535
11073,0.014035,172.31.47.0-255,66,220242,87,320535
11074,0.016385,172.217.194.0-255,5738,225980,87,320535
11075,0.016394,172.31.47.0-255,66,226046,87,320535
11076,0.018693,172.217.194.0-255,5738,231784,87,320535
11077,0.018701,172.31.47.0-255,66,231850,87,320535
11078,0.021028,172.217.194.0-255,4320,236170,87,320535
11079,0.021038,172.31.47.0-255,66,236236,87,320535
11080,0.021061,172.217.194.0-255,1484,237720,87,320535
11081,0.02337,172.217.194.0-255,4320,242040,87,320535
11082,0.023381,172.31.47.0-255,66,242106,87,320535
11083,0.025703,172.217.194.0-255,5738,247844,87,320535
11084,0.025711,172.31.47.0-255,66,247910,87,320535
11085,0.02805,172.217.194.0-255,5738,253648,87,320535
11086,0.028057,172.31.47.0-255,66,253714,87,320535
11087,0.028861,172.31.47.0-255,172,253886,87,320535
11088,0.028903,172.31.47.0-255,1111,254997,87,320535
11089,0.028979,172.31.47.0-255,1514,256511,87,320535
11090,0.028981,172.31.47.0-255,1514,258025,87,320535
11091,0.028986,172.31.47.0-255,1514,259539,87,320535
11092,0.028987,172.31.47.0-255,1073,260612,87,320535
11093,0.030381,172.217.194.0-255,4320,264932,87,320535
11094,0.030386,172.31.47.0-255,66,264998,87,320535
11095,0.030419,104.244.42.0-255,66,265064,87,320535
11096,0.030423,172.217.194.0-255,1484,266548,87,320535
11097,0.03046,104.244.42.0-255,66,266614,87,320535
11098,0.030565,104.244.42.0-255,66,266680,87,320535
11099,0.03057,104.244.42.0-255,66,266746,87,320535
11100,0.032702,172.217.194.0-255,4320,271066,87,320535
11101,0.032708,172.31.47.0-255,66,271132,87,320535
11102,0.035005,172.217.194.0-255,5738,276870,87,320535
11103,0.03501,172.31.47.0-255,66,276936,87,320535
11104,0.037363,172.217.194.0-255,5738,282674,87,320535
11105,0.037368,172.31.47.0-255,66,282740,87,320535
11106,0.039697,172.217.194.0-255,5738,288478,87,320535
11107,0.039701,172.31.47.0-255,66,288544,87,320535
11108,0.042024,172.217.194.0-255,5738,294282,87,320535
11109,0.042029,172.31.47.0-255,66,294348,87,320535
11110,0.044359,172.217.194.0-255,5738,300086,87,320535
11111,0.044363,172.31.47.0-255,66,300152,87,320535
11112,0.046671,172.217.194.0-255,5738,305890,87,320535
11113,0.046675,172.31.47.0-255,66,305956,87,320535
11114,0.048975,172.217.194.0-255,5738,311694,87,320535
11115,0.04898,172.31.47.0-255,66,311760,87,320535
11116,0.051299,172.217.194.0-255,4320,316080,87,320535
11117,0.051304,172.31.47.0-255,66,316146,87,320535
11118,0.051325,172.217.194.0-255,1484,317630,87,320535
11119,0.053632,172.217.194.0-255,2668,320298,87,320535
11120,0.053637,172.31.47.0-255,66,320364,87,320535
11121,0.05378,172.31.47.0-255,105,320469,87,320535
11122,0.056043,172.217.194.0-255,66,320535,87,320535
11123,0.0,172.31.47.0-255,66,66,87,66
11124,0.0,74.125.130.0-255,152,152,87,411149
11125,2.1e-05,172.31.47.0-255,66,218,87,411149
11126,5e-05,74.125.130.0-255,1484,1702,87,411149
11127,5.4e-05,172.31.47.0-255,66,1768,87,411149
11128,5.9e-05,74.125.130.0-255,2902,4670,87,411149
11129,6.2e-05,172.31.47.0-255,66,4736,87,411149
11130,8.7e-05,74.125.130.0-255,4320,9056,87,411149
11131,9e-05,172.31.47.0-255,66,9122,87,411149
11132,0.000133,74.125.130.0-255,5033,14155,87,411149
11133,0.000137,172.31.47.0-255,66,14221,87,411149
11134,0.000156,74.125.130.0-255,5738,19959,87,411149
11135,0.000158,172.31.47.0-255,66,20025,87,411149
11136,0.000161,74.125.130.0-255,1484,21509,87,411149
11137,0.000163,172.31.47.0-255,66,21575,87,411149
11138,0.000209,172.31.47.0-255,66,21641,87,411149
11139,0.000213,74.125.130.0-255,1125,22766,87,411149
11140,0.000214,172.31.47.0-255,66,22832,87,411149
11141,0.00039,74.125.130.0-255,1484,24316,87,411149
11142,0.000394,172.31.47.0-255,66,24382,87,411149
11143,0.000424,74.125.130.0-255,2902,27284,87,411149
11144,0.000426,172.31.47.0-255,66,27350,87,411149
11145,0.00043,74.125.130.0-255,1484,28834,87,411149
11146,0.000433,172.31.47.0-255,66,28900,87,411149
11147,0.000433,74.125.130.0-255,2902,31802,87,411149
11148,0.000435,172.31.47.0-255,66,31868,87,411149
11149,0.000467,74.125.130.0-255,5738,37606,87,411149
11150,0.000471,172.31.47.0-255,66,37672,87,411149
11151,0.000476,74.125.130.0-255,2543,40215,87,411149
11152,0.000478,172.31.47.0-255,66,40281,87,411149
11153,0.000508,74.125.130.0-255,2902,43183,87,411149
11154,0.000511,172.31.47.0-255,66,43249,87,411149
11155,0.000533,74.125.130.0-255,1484,44733,87,411149
11156,0.000535,74.125.130.0-255,1484,46217,87,411149
11157,0.000537,172.31.47.0-255,66,46283,87,411149
11158,0.00056,74.125.130.0-255,1484,47767,87,411149
11159,0.000566,74.125.130.0-255,5738,53505,87,411149
11160,0.000568,74.125.130.0-255,1484,54989,87,411149
11161,0.00057,172.31.47.0-255,66,55055,87,411149
11162,0.000594,74.125.130.0-255,2800,57855,87,411149
11163,0.000599,172.31.47.0-255,66,57921,87,411149
11164,0.000664,74.125.130.0-255,118,58039,87,411149
11165,0.000706,172.31.47.0-255,66,58105,87,411149
11166,0.000993,74.125.130.0-255,1484,59589,87,411149
11167,0.001001,74.125.130.0-255,2902,62491,87,411149
11168,0.001023,74.125.130.0-255,2902,65393,87,411149
11169,0.001032,74.125.130.0-255,2902,68295,87,411149
11170,0.001053,74.125.130.0-255,4320,72615,87,411149
11171,0.001067,74.125.130.0-255,2902,75517,87,411149
11172,0.001088,74.125.130.0-255,5738,81255,87,411149
11173,0.0011,74.125.130.0-255,4320,85575,87,411149
11174,0.001115,74.125.130.0-255,2902,88477,87,411149
11175,0.001125,74.125.130.0-255,1484,89961,87,411149
11176,0.001142,74.125.130.0-255,2184,92145,87,411149
11177,0.001168,74.125.130.0-255,2902,95047,87,411149
11178,0.001181,74.125.130.0-255,1484,96531,87,411149
11179,0.001184,74.125.130.0-255,1484,98015,87,411149
11180,0.001195,74.125.130.0-255,2902,100917,87,411149
11181,0.001216,74.125.130.0-255,2902,103819,87,411149
11182,0.001226,74.125.130.0-255,2902,106721,87,411149
11183,0.001228,74.125.130.0-255,1484,108205,87,411149
11184,0.001245,74.125.130.0-255,2902,111107,87,411149
11185,0.001267,74.125.130.0-255,5738,116845,87,411149
11186,0.001281,74.125.130.0-255,2902,119747,87,411149
11187,0.001301,74.125.130.0-255,4320,124067,87,411149
11188,0.001336,74.125.130.0-255,2184,126251,87,411149
11189,0.001354,74.125.130.0-255,2902,129153,87,411149
11190,0.001379,74.125.130.0-255,2902,132055,87,411149
11191,0.001396,74.125.130.0-255,4320,136375,87,411149
11192,0.001415,74.125.130.0-255,4320,140695,87,411149
11193,0.001432,74.125.130.0-255,4320,145015,87,411149
11194,0.001437,74.125.130.0-255,4320,149335,87,411149
11195,0.001463,74.125.130.0-255,5738,155073,87,411149
11196,0.001504,74.125.130.0-255,5020,160093,87,411149
11197,0.001656,74.125.130.0-255,378,160471,87,411149
11198,0.001702,74.125.130.0-255,1484,161955,87,411149
11199,0.001719,74.125.130.0-255,1484,163439,87,411149
11200,0.001729,74.125.130.0-255,2902,166341,87,411149
11201,0.001746,74.125.130.0-255,2902,169243,87,411149
11202,0.001755,74.125.130.0-255,2902,172145,87,411149
11203,0.001763,74.125.130.0-255,1484,173629,87,411149
11204,0.001787,74.125.130.0-255,2902,176531,87,411149
11205,0.001803,74.125.130.0-255,4320,180851,87,411149
11206,0.001824,74.125.130.0-255,1484,182335,87,411149
11207,0.001835,74.125.130.0-255,5738,188073,87,411149
11208,0.001846,74.125.130.0-255,1484,189557,87,411149
11209,0.001848,74.125.130.0-255,1484,191041,87,411149
11210,0.001851,74.125.130.0-255,1484,192525,87,411149
11211,0.001863,74.125.130.0-255,1484,194009,87,411149
11212,0.001872,74.125.130.0-255,766,194775,87,411149
11213,0.002159,74.125.130.0-255,1484,196259,87,411149
11214,0.002169,74.125.130.0-255,1484,197743,87,411149
11215,0.002179,74.125.130.0-255,1484,199227,87,411149
11216,0.002192,74.125.130.0-255,2902,202129,87,411149
11217,0.002207,74.125.130.0-255,2902,205031,87,411149
11218,0.00221,74.125.130.0-255,1484,206515,87,411149
11219,0.002222,74.125.130.0-255,5738,212253,87,411149
11220,0.002251,74.125.130.0-255,4320,216573,87,411149
11221,0.002263,74.125.130.0-255,5738,222311,87,411149
11222,0.002273,74.125.130.0-255,2902,225213,87,411149
11223,0.002293,74.125.130.0-255,2902,228115,87,411149
11224,0.002305,74.125.130.0-255,766,228881,87,411149
11225,0.002444,74.125.130.0-255,1484,230365,87,411149
11226,0.002454,74.125.130.0-255,2902,233267,87,411149
11227,0.002465,74.125.130.0-255,1484,234751,87,411149
11228,0.002477,74.125.130.0-255,4320,239071,87,411149
11229,0.002493,74.125.130.0-255,1484,240555,87,411149
11230,0.002513,74.125.130.0-255,5738,246293,87,411149
11231,0.002517,74.125.130.0-255,2902,249195,87,411149
11232,0.002531,74.125.130.0-255,5738,254933,87,411149
11233,0.002547,74.125.130.0-255,2902,257835,87,411149
11234,0.002558,74.125.130.0-255,5020,262855,87,411149
11235,0.002578,74.125.130.0-255,2902,265757,87,411149
11236,0.002596,74.125.130.0-255,5738,271495,87,411149
11237,0.002598,74.125.130.0-255,1484,272979,87,411149
11238,0.002618,74.125.130.0-255,4320,277299,87,411149
11239,0.002621,74.125.130.0-255,2902,280201,87,411149
11240,0.003923,172.31.47.0-255,66,280267,87,411149
11241,0.004809,172.31.47.0-255,101,280368,87,411149
11242,0.006539,74.125.130.0-255,5738,286106,87,411149
11243,0.006544,172.31.47.0-255,66,286172,87,411149
11244,0.007372,74.125.130.0-255,66,286238,87,411149
11245,0.009145,74.125.130.0-255,5738,291976,87,411149
11246,0.009152,172.31.47.0-255,66,292042,87,411149
11247,0.011755,74.125.130.0-255,5738,297780,87,411149
11248,0.011781,172.31.47.0-255,66,297846,87,411149
11249,0.014384,74.125.130.0-255,5738,303584,87,411149
11250,0.014393,172.31.47.0-255,66,303650,87,411149
11251,0.017005,74.125.130.0-255,5738,309388,87,411149
11252,0.017012,172.31.47.0-255,66,309454,87,411149
11253,0.019616,74.125.130.0-255,5738,315192,87,411149
11254,0.019622,172.31.47.0-255,66,315258,87,411149
11255,0.022224,74.125.130.0-255,5738,320996,87,411149
11256,0.022231,172.31.47.0-255,66,321062,87,411149
11257,0.023654,172.31.47.0-255,172,321234,87,411149
11258,0.023682,172.31.47.0-255,1111,322345,87,411149
11259,0.023714,172.31.47.0-255,1514,323859,87,411149
11260,0.023715,172.31.47.0-255,1295,325154,87,411149
11261,0.024827,74.125.130.0-255,5738,330892,87,411149
11262,0.024833,172.31.47.0-255,66,330958,87,411149
11263,0.02515,104.244.42.0-255,66,331024,87,411149
11264,0.025168,104.244.42.0-255,66,331090,87,411149
11265,0.025208,104.244.42.0-255,66,331156,87,411149
11266,0.027453,74.125.130.0-255,4320,335476,87,411149
11267,0.027458,172.31.47.0-255,66,335542,87,411149
11268,0.027482,74.125.130.0-255,1484,337026,87,411149
11269,0.030053,74.125.130.0-255,4320,341346,87,411149
11270,0.030058,172.31.47.0-255,66,341412,87,411149
11271,0.032658,74.125.130.0-255,5738,347150,87,411149
11272,0.032704,172.31.47.0-255,66,347216,87,411149
11273,0.035294,74.125.130.0-255,1484,348700,87,411149
11274,0.035324,74.125.130.0-255,4320,353020,87,411149
11275,0.035329,172.31.47.0-255,66,353086,87,411149
11276,0.037921,74.125.130.0-255,5738,358824,87,411149
11277,0.037925,172.31.47.0-255,66,358890,87,411149
11278,0.040516,74.125.130.0-255,4320,363210,87,411149
11279,0.04052,172.31.47.0-255,66,363276,87,411149
11280,0.04055,74.125.130.0-255,1484,364760,87,411149
11281,0.043117,74.125.130.0-255,4320,369080,87,411149
11282,0.043121,172.31.47.0-255,66,369146,87,411149
11283,0.045715,74.125.130.0-255,5738,374884,87,411149
11284,0.045761,172.31.47.0-255,66,374950,87,411149
11285,0.048354,74.125.130.0-255,5738,380688,87,411149
11286,0.048359,172.31.47.0-255,66,380754,87,411149
11287,0.050955,74.125.130.0-255,5738,386492,87,411149
11288,0.050959,172.31.47.0-255,66,386558,87,411149
11289,0.053551,74.125.130.0-255,4320,390878,87,411149
11290,0.053555,172.31.47.0-255,66,390944,87,411149
11291,0.053581,74.125.130.0-255,1484,392428,87,411149
11292,0.056146,74.125.130.0-255,4320,396748,87,411149
11293,0.056151,172.31.47.0-255,66,396814,87,411149
11294,0.058744,74.125.130.0-255,5738,402552,87,411149
11295,0.058796,172.31.47.0-255,66,402618,87,411149
11296,0.061383,74.125.130.0-255,5738,408356,87,411149
11297,0.061387,172.31.47.0-255,66,408422,87,411149
11298,0.063973,74.125.130.0-255,2490,410912,87,411149
11299,0.06398,172.31.47.0-255,66,410978,87,411149
11300,0.064312,172.31.47.0-255,105,411083,87,411149
11301,0.071685,74.125.130.0-255,66,411149,87,411149
11302,0.0,74.125.24.0-255,153,153,87,330290
11303,3.3e-05,172.31.47.0-255,66,219,87,330290
11304,3.9e-05,74.125.24.0-255,1484,1703,87,330290
11305,4.4e-05,172.31.47.0-255,66,1769,87,330290
11306,4.8e-05,74.125.24.0-255,2902,4671,87,330290
11307,5.9e-05,172.31.47.0-255,66,4737,87,330290
11308,6.4e-05,74.125.24.0-255,4320,9057,87,330290
11309,6.6e-05,172.31.47.0-255,66,9123,87,330290
11310,9.6e-05,74.125.24.0-255,4830,13953,87,330290
11311,0.000105,172.31.47.0-255,66,14019,87,330290
11312,0.000134,74.125.24.0-255,2902,16921,87,330290
11313,0.000137,172.31.47.0-255,66,16987,87,330290
11314,0.000169,74.125.24.0-255,2902,19889,87,330290
11315,0.000174,172.31.47.0-255,66,19955,87,330290
11316,0.000181,74.125.24.0-255,7156,27111,87,330290
11317,0.000184,172.31.47.0-255,66,27177,87,330290
11318,0.000207,74.125.24.0-255,3961,31138,87,330290
11319,0.00021,172.31.47.0-255,66,31204,87,330290
11320,0.000905,74.125.24.0-255,1484,32688,87,330290
11321,0.000913,172.31.47.0-255,66,32754,87,330290
11322,0.000945,74.125.24.0-255,2902,35656,87,330290
11323,0.000948,172.31.47.0-255,66,35722,87,330290
11324,0.000955,74.125.24.0-255,5738,41460,87,330290
11325,0.000956,172.31.47.0-255,66,41526,87,330290
11326,0.000963,74.125.24.0-255,2902,44428,87,330290
11327,0.000964,172.31.47.0-255,66,44494,87,330290
11328,0.000999,172.31.47.0-255,66,44560,87,330290
11329,0.001003,74.125.24.0-255,2902,47462,87,330290
11330,0.001005,172.31.47.0-255,66,47528,87,330290
11331,0.001038,74.125.24.0-255,6797,54325,87,330290
11332,0.001041,172.31.47.0-255,66,54391,87,330290
11333,0.001677,74.125.24.0-255,397,54788,87,330290
11334,0.001699,172.31.47.0-255,66,54854,87,330290
11335,0.001833,74.125.24.0-255,1484,56338,87,330290
11336,0.001849,74.125.24.0-255,2902,59240,87,330290
11337,0.001851,172.31.47.0-255,66,59306,87,330290
11338,0.001878,74.125.24.0-255,5738,65044,87,330290
11339,0.00188,172.31.47.0-255,66,65110,87,330290
11340,0.001906,74.125.24.0-255,6797,71907,87,330290
11341,0.001908,172.31.47.0-255,66,71973,87,330290
11342,0.00195,74.125.24.0-255,4320,76293,87,330290
11343,0.001953,172.31.47.0-255,66,76359,87,330290
11344,0.001969,74.125.24.0-255,1484,77843,87,330290
11345,0.001975,74.125.24.0-255,7156,84999,87,330290
11346,0.001977,172.31.47.0-255,66,85065,87,330290
11347,0.002005,74.125.24.0-255,3961,89026,87,330290
11348,0.002007,172.31.47.0-255,66,89092,87,330290
11349,0.004243,74.125.24.0-255,1484,90576,87,330290
11350,0.004301,74.125.24.0-255,4320,94896,87,330290
11351,0.004305,172.31.47.0-255,66,94962,87,330290
11352,0.006596,74.125.24.0-255,5738,100700,87,330290
11353,0.006602,172.31.47.0-255,66,100766,87,330290
11354,0.008886,74.125.24.0-255,5738,106504,87,330290
11355,0.008892,172.31.47.0-255,66,106570,87,330290
11356,0.011218,74.125.24.0-255,5738,112308,87,330290
11357,0.011226,172.31.47.0-255,66,112374,87,330290
11358,0.01354,74.125.24.0-255,5738,118112,87,330290
11359,0.013552,172.31.47.0-255,66,118178,87,330290
11360,0.015867,74.125.24.0-255,4320,122498,87,330290
11361,0.015876,172.31.47.0-255,66,122564,87,330290
11362,0.015904,74.125.24.0-255,1484,124048,87,330290
11363,0.018168,74.125.24.0-255,4320,128368,87,330290
11364,0.018174,172.31.47.0-255,66,128434,87,330290
11365,0.018191,172.31.47.0-255,172,128606,87,330290
11366,0.018216,172.31.47.0-255,1112,129718,87,330290
11367,0.018295,172.31.47.0-255,1514,131232,87,330290
11368,0.018297,172.31.47.0-255,1292,132524,87,330290
11369,0.01978,104.244.42.0-255,66,132590,87,330290
11370,0.019786,104.244.42.0-255,66,132656,87,330290
11371,0.01987,104.244.42.0-255,66,132722,87,330290
11372,0.020471,74.125.24.0-255,4320,137042,87,330290
11373,0.020475,172.31.47.0-255,66,137108,87,330290
11374,0.020503,74.125.24.0-255,1484,138592,87,330290
11375,0.022793,74.125.24.0-255,2902,141494,87,330290
11376,0.022798,172.31.47.0-255,66,141560,87,330290
11377,0.022857,74.125.24.0-255,1484,143044,87,330290
11378,0.025125,74.125.24.0-255,4320,147364,87,330290
11379,0.02513,172.31.47.0-255,66,147430,87,330290
11380,0.027415,74.125.24.0-255,5738,153168,87,330290
11381,0.02742,172.31.47.0-255,66,153234,87,330290
11382,0.02974,74.125.24.0-255,5738,158972,87,330290
11383,0.029745,172.31.47.0-255,66,159038,87,330290
11384,0.032036,74.125.24.0-255,4320,163358,87,330290
11385,0.032041,172.31.47.0-255,66,163424,87,330290
11386,0.032079,74.125.24.0-255,1484,164908,87,330290
11387,0.034326,74.125.24.0-255,1484,166392,87,330290
11388,0.03433,172.31.47.0-255,66,166458,87,330290
11389,0.034361,74.125.24.0-255,2902,169360,87,330290
11390,0.034364,172.31.47.0-255,66,169426,87,330290
11391,0.036622,74.125.24.0-255,2902,172328,87,330290
11392,0.036627,172.31.47.0-255,66,172394,87,330290
11393,0.036672,74.125.24.0-255,2902,175296,87,330290
11394,0.036676,172.31.47.0-255,66,175362,87,330290
11395,0.038955,74.125.24.0-255,5738,181100,87,330290
11396,0.03896,172.31.47.0-255,66,181166,87,330290
11397,0.041264,74.125.24.0-255,5738,186904,87,330290
11398,0.041268,172.31.47.0-255,66,186970,87,330290
11399,0.043554,74.125.24.0-255,5738,192708,87,330290
11400,0.043559,172.31.47.0-255,66,192774,87,330290
11401,0.04587,74.125.24.0-255,5738,198512,87,330290
11402,0.045875,172.31.47.0-255,66,198578,87,330290
11403,0.048204,74.125.24.0-255,5738,204316,87,330290
11404,0.048208,172.31.47.0-255,66,204382,87,330290
11405,0.050478,74.125.24.0-255,5738,210120,87,330290
11406,0.050483,172.31.47.0-255,66,210186,87,330290
11407,0.052809,74.125.24.0-255,5738,215924,87,330290
11408,0.052815,172.31.47.0-255,66,215990,87,330290
11409,0.055131,74.125.24.0-255,5738,221728,87,330290
11410,0.055136,172.31.47.0-255,66,221794,87,330290
11411,0.057424,74.125.24.0-255,2902,224696,87,330290
11412,0.057429,172.31.47.0-255,66,224762,87,330290
11413,0.057464,74.125.24.0-255,2902,227664,87,330290
11414,0.057467,172.31.47.0-255,66,227730,87,330290
11415,0.05972,74.125.24.0-255,1484,229214,87,330290
11416,0.05975,74.125.24.0-255,4320,233534,87,330290
11417,0.059753,172.31.47.0-255,66,233600,87,330290
11418,0.062126,74.125.24.0-255,5738,239338,87,330290
11419,0.062131,172.31.47.0-255,66,239404,87,330290
11420,0.064478,74.125.24.0-255,5738,245142,87,330290
11421,0.064484,172.31.47.0-255,66,245208,87,330290
11422,0.066815,74.125.24.0-255,2902,248110,87,330290
11423,0.066819,172.31.47.0-255,66,248176,87,330290
11424,0.066853,74.125.24.0-255,2902,251078,87,330290
11425,0.066855,172.31.47.0-255,66,251144,87,330290
11426,0.069136,74.125.24.0-255,1484,252628,87,330290
11427,0.069165,74.125.24.0-255,4320,256948,87,330290
11428,0.069169,172.31.47.0-255,66,257014,87,330290
11429,0.071478,74.125.24.0-255,5738,262752,87,330290
11430,0.071482,172.31.47.0-255,66,262818,87,330290
11431,0.073767,74.125.24.0-255,5738,268556,87,330290
11432,0.073773,172.31.47.0-255,66,268622,87,330290
11433,0.076057,74.125.24.0-255,5738,274360,87,330290
11434,0.076061,172.31.47.0-255,66,274426,87,330290
11435,0.078326,74.125.24.0-255,4320,278746,87,330290
11436,0.07833,172.31.47.0-255,66,278812,87,330290
11437,0.078356,74.125.24.0-255,1484,280296,87,330290
11438,0.080637,74.125.24.0-255,4320,284616,87,330290
11439,0.080642,172.31.47.0-255,66,284682,87,330290
11440,0.082957,74.125.24.0-255,5738,290420,87,330290
11441,0.082964,172.31.47.0-255,66,290486,87,330290
11442,0.085247,74.125.24.0-255,5738,296224,87,330290
11443,0.085252,172.31.47.0-255,66,296290,87,330290
11444,0.087545,74.125.24.0-255,4320,300610,87,330290
11445,0.087549,172.31.47.0-255,66,300676,87,330290
11446,0.087576,74.125.24.0-255,1484,302160,87,330290
11447,0.089861,74.125.24.0-255,4320,306480,87,330290
11448,0.089866,172.31.47.0-255,66,306546,87,330290
11449,0.09218,74.125.24.0-255,2902,309448,87,330290
11450,0.092185,172.31.47.0-255,66,309514,87,330290
11451,0.092215,74.125.24.0-255,2902,312416,87,330290
11452,0.092217,172.31.47.0-255,66,312482,87,330290
11453,0.094458,74.125.24.0-255,2902,315384,87,330290
11454,0.094463,172.31.47.0-255,66,315450,87,330290
11455,0.094538,74.125.24.0-255,2902,318352,87,330290
11456,0.094542,172.31.47.0-255,66,318418,87,330290
11457,0.096754,74.125.24.0-255,2902,321320,87,330290
11458,0.096758,172.31.47.0-255,66,321386,87,330290
11459,0.096848,74.125.24.0-255,2902,324288,87,330290
11460,0.096852,172.31.47.0-255,66,324354,87,330290
11461,0.099068,74.125.24.0-255,2902,327256,87,330290
11462,0.099073,172.31.47.0-255,66,327322,87,330290
11463,0.099158,74.125.24.0-255,2902,330224,87,330290
11464,0.099163,172.31.47.0-255,66,330290,87,330290
11465,0.0,74.125.24.0-255,153,153,87,369416
11466,2.7e-05,172.31.47.0-255,66,219,87,369416
11467,3.3e-05,74.125.24.0-255,1484,1703,87,369416
11468,3.7e-05,172.31.47.0-255,66,1769,87,369416
11469,4.9e-05,74.125.24.0-255,2902,4671,87,369416
11470,5.2e-05,172.31.47.0-255,66,4737,87,369416
11471,6e-05,74.125.24.0-255,7156,11893,87,369416
11472,6.2e-05,172.31.47.0-255,66,11959,87,369416
11473,9.4e-05,74.125.24.0-255,2053,14012,87,369416
11474,9.7e-05,172.31.47.0-255,66,14078,87,369416
11475,0.000123,74.125.24.0-255,1484,15562,87,369416
11476,0.000126,172.31.47.0-255,66,15628,87,369416
11477,0.000129,74.125.24.0-255,1484,17112,87,369416
11478,0.000132,172.31.47.0-255,66,17178,87,369416
11479,0.000153,74.125.24.0-255,1484,18662,87,369416
11480,0.000161,172.31.47.0-255,66,18728,87,369416
11481,0.000168,74.125.24.0-255,5738,24466,87,369416
11482,0.000171,172.31.47.0-255,66,24532,87,369416
11483,0.000178,74.125.24.0-255,6797,31329,87,369416
11484,0.00018,172.31.47.0-255,66,31395,87,369416
11485,0.000298,74.125.24.0-255,1484,32879,87,369416
11486,0.000302,172.31.47.0-255,66,32945,87,369416
11487,0.000308,74.125.24.0-255,2902,35847,87,369416
11488,0.000312,172.31.47.0-255,66,35913,87,369416
11489,0.000342,74.125.24.0-255,4320,40233,87,369416
11490,0.000347,172.31.47.0-255,66,40299,87,369416
11491,0.000377,74.125.24.0-255,5738,46037,87,369416
11492,0.000381,172.31.47.0-255,66,46103,87,369416
11493,0.00041,74.125.24.0-255,3961,50064,87,369416
11494,0.000414,172.31.47.0-255,66,50130,87,369416
11495,0.000421,74.125.24.0-255,5738,55868,87,369416
11496,0.000424,172.31.47.0-255,66,55934,87,369416
11497,0.000464,172.31.47.0-255,66,56000,87,369416
11498,0.000467,74.125.24.0-255,413,56413,87,369416
11499,0.000508,74.125.24.0-255,329,56742,87,369416
11500,0.000734,74.125.24.0-255,1484,58226,87,369416
11501,0.000738,172.31.47.0-255,66,58292,87,369416
11502,0.000743,74.125.24.0-255,2902,61194,87,369416
11503,0.000746,172.31.47.0-255,66,61260,87,369416
11504,0.000778,74.125.24.0-255,5738,66998,87,369416
11505,0.000782,172.31.47.0-255,66,67064,87,369416
11506,0.000788,74.125.24.0-255,5738,72802,87,369416
11507,0.00079,172.31.47.0-255,66,72868,87,369416
11508,0.000822,74.125.24.0-255,5738,78606,87,369416
11509,0.000826,172.31.47.0-255,66,78672,87,369416
11510,0.000847,74.125.24.0-255,7156,85828,87,369416
11511,0.000851,172.31.47.0-255,66,85894,87,369416
11512,0.000857,74.125.24.0-255,5020,90914,87,369416
11513,0.000859,172.31.47.0-255,66,90980,87,369416
11514,0.00141,74.125.24.0-255,1484,92464,87,369416
11515,0.00142,74.125.24.0-255,2902,95366,87,369416
11516,0.001425,172.31.47.0-255,66,95432,87,369416
11517,0.001429,74.125.24.0-255,1484,96916,87,369416
11518,0.001459,74.125.24.0-255,4320,101236,87,369416
11519,0.001462,172.31.47.0-255,66,101302,87,369416
11520,0.001476,74.125.24.0-255,4320,105622,87,369416
11521,0.001478,172.31.47.0-255,66,105688,87,369416
11522,0.00152,172.31.47.0-255,66,105754,87,369416
11523,0.001562,74.125.24.0-255,4320,110074,87,369416
11524,0.001566,172.31.47.0-255,66,110140,87,369416
11525,0.001596,74.125.24.0-255,6438,116578,87,369416
11526,0.001599,172.31.47.0-255,66,116644,87,369416
11527,0.001624,74.125.24.0-255,1484,118128,87,369416
11528,0.00163,74.125.24.0-255,2902,121030,87,369416
11529,0.001632,172.31.47.0-255,66,121096,87,369416
11530,0.001639,74.125.24.0-255,5738,126834,87,369416
11531,0.001641,172.31.47.0-255,66,126900,87,369416
11532,0.001662,74.125.24.0-255,4320,131220,87,369416
11533,0.001672,172.31.47.0-255,66,131286,87,369416
11534,0.001695,172.31.47.0-255,66,131352,87,369416
11535,0.001705,74.125.24.0-255,7156,138508,87,369416
11536,0.001709,172.31.47.0-255,66,138574,87,369416
11537,0.001752,172.31.47.0-255,66,138640,87,369416
11538,0.001795,172.31.47.0-255,66,138706,87,369416
11539,0.001801,74.125.24.0-255,5738,144444,87,369416
11540,0.001803,172.31.47.0-255,66,144510,87,369416
11541,0.001826,74.125.24.0-255,1484,145994,87,369416
11542,0.001839,74.125.24.0-255,2184,148178,87,369416
11543,0.001841,172.31.47.0-255,66,148244,87,369416
11544,0.004066,74.125.24.0-255,1484,149728,87,369416
11545,0.004092,74.125.24.0-255,2902,152630,87,369416
11546,0.004096,172.31.47.0-255,66,152696,87,369416
11547,0.004108,74.125.24.0-255,1484,154180,87,369416
11548,0.006377,74.125.24.0-255,4320,158500,87,369416
11549,0.006383,172.31.47.0-255,66,158566,87,369416
11550,0.008652,74.125.24.0-255,5738,164304,87,369416
11551,0.008657,172.31.47.0-255,66,164370,87,369416
11552,0.010901,74.125.24.0-255,5738,170108,87,369416
11553,0.010909,172.31.47.0-255,66,170174,87,369416
11554,0.013174,74.125.24.0-255,5738,175912,87,369416
11555,0.01318,172.31.47.0-255,66,175978,87,369416
11556,0.015419,74.125.24.0-255,5738,181716,87,369416
11557,0.015426,172.31.47.0-255,66,181782,87,369416
11558,0.017677,74.125.24.0-255,5738,187520,87,369416
11559,0.017686,172.31.47.0-255,66,187586,87,369416
11560,0.019945,74.125.24.0-255,5738,193324,87,369416
11561,0.019954,172.31.47.0-255,66,193390,87,369416
11562,0.022209,74.125.24.0-255,5738,199128,87,369416
11563,0.022215,172.31.47.0-255,66,199194,87,369416
11564,0.024483,74.125.24.0-255,5738,204932,87,369416
11565,0.024489,172.31.47.0-255,66,204998,87,369416
11566,0.026783,74.125.24.0-255,5738,210736,87,369416
11567,0.026791,172.31.47.0-255,66,210802,87,369416
11568,0.028672,172.31.47.0-255,172,210974,87,369416
11569,0.0287,172.31.47.0-255,1112,212086,87,369416
11570,0.028729,172.31.47.0-255,1514,213600,87,369416
11571,0.028731,172.31.47.0-255,1514,215114,87,369416
11572,0.028735,172.31.47.0-255,1514,216628,87,369416
11573,0.028735,172.31.47.0-255,1072,217700,87,369416
11574,0.029042,74.125.24.0-255,5738,223438,87,369416
11575,0.029048,172.31.47.0-255,66,223504,87,369416
11576,0.030241,104.244.42.0-255,66,223570,87,369416
11577,0.030286,104.244.42.0-255,66,223636,87,369416
11578,0.030289,104.244.42.0-255,66,223702,87,369416
11579,0.030328,104.244.42.0-255,66,223768,87,369416
11580,0.031294,74.125.24.0-255,5738,229506,87,369416
11581,0.031299,172.31.47.0-255,66,229572,87,369416
11582,0.033556,74.125.24.0-255,2902,232474,87,369416
11583,0.03356,172.31.47.0-255,66,232540,87,369416
11584,0.033593,74.125.24.0-255,2902,235442,87,369416
11585,0.033597,172.31.47.0-255,66,235508,87,369416
11586,0.035811,74.125.24.0-255,2902,238410,87,369416
11587,0.035816,172.31.47.0-255,66,238476,87,369416
11588,0.035849,74.125.24.0-255,2902,241378,87,369416
11589,0.035853,172.31.47.0-255,66,241444,87,369416
11590,0.038057,74.125.24.0-255,2902,244346,87,369416
11591,0.038063,172.31.47.0-255,66,244412,87,369416
11592,0.038117,74.125.24.0-255,2902,247314,87,369416
11593,0.038121,172.31.47.0-255,66,247380,87,369416
11594,0.040308,74.125.24.0-255,2902,250282,87,369416
11595,0.040314,172.31.47.0-255,66,250348,87,369416
11596,0.040353,74.125.24.0-255,2902,253250,87,369416
11597,0.040357,172.31.47.0-255,66,253316,87,369416
11598,0.042541,74.125.24.0-255,2902,256218,87,369416
11599,0.04256,172.31.47.0-255,66,256284,87,369416
11600,0.042635,74.125.24.0-255,2902,259186,87,369416
11601,0.04264,172.31.47.0-255,66,259252,87,369416
11602,0.044816,74.125.24.0-255,2902,262154,87,369416
11603,0.044821,172.31.47.0-255,66,262220,87,369416
11604,0.0449,74.125.24.0-255,2902,265122,87,369416
11605,0.044906,172.31.47.0-255,66,265188,87,369416
11606,0.047067,74.125.24.0-255,2902,268090,87,369416
11607,0.047072,172.31.47.0-255,66,268156,87,369416
11608,0.047159,74.125.24.0-255,2902,271058,87,369416
11609,0.047164,172.31.47.0-255,66,271124,87,369416
11610,0.049311,74.125.24.0-255,2902,274026,87,369416
11611,0.049316,172.31.47.0-255,66,274092,87,369416
11612,0.049393,74.125.24.0-255,2902,276994,87,369416
11613,0.049397,172.31.47.0-255,66,277060,87,369416
11614,0.051547,74.125.24.0-255,2902,279962,87,369416
11615,0.051552,172.31.47.0-255,66,280028,87,369416
11616,0.051619,74.125.24.0-255,2902,282930,87,369416
11617,0.051623,172.31.47.0-255,66,282996,87,369416
11618,0.05381,74.125.24.0-255,2902,285898,87,369416
11619,0.053816,172.31.47.0-255,66,285964,87,369416
11620,0.053884,74.125.24.0-255,2902,288866,87,369416
11621,0.053889,172.31.47.0-255,66,288932,87,369416
11622,0.056062,74.125.24.0-255,1484,290416,87,369416
11623,0.056159,74.125.24.0-255,4320,294736,87,369416
11624,0.056164,172.31.47.0-255,66,294802,87,369416
11625,0.058408,74.125.24.0-255,5738,300540,87,369416
11626,0.058412,172.31.47.0-255,66,300606,87,369416
11627,0.060689,74.125.24.0-255,5738,306344,87,369416
11628,0.060694,172.31.47.0-255,66,306410,87,369416
11629,0.062945,74.125.24.0-255,5738,312148,87,369416
11630,0.06295,172.31.47.0-255,66,312214,87,369416
11631,0.065205,74.125.24.0-255,5738,317952,87,369416
11632,0.065211,172.31.47.0-255,66,318018,87,369416
11633,0.067465,74.125.24.0-255,5738,323756,87,369416
11634,0.06747,172.31.47.0-255,66,323822,87,369416
11635,0.069728,74.125.24.0-255,5738,329560,87,369416
11636,0.069733,172.31.47.0-255,66,329626,87,369416
11637,0.071989,74.125.24.0-255,5738,335364,87,369416
11638,0.072001,172.31.47.0-255,66,335430,87,369416
11639,0.074254,74.125.24.0-255,4320,339750,87,369416
11640,0.074259,172.31.47.0-255,66,339816,87,369416
11641,0.07429,74.125.24.0-255,1484,341300,87,369416
11642,0.076531,74.125.24.0-255,4320,345620,87,369416
11643,0.076537,172.31.47.0-255,66,345686,87,369416
11644,0.07881,74.125.24.0-255,2902,348588,87,369416
11645,0.078815,172.31.47.0-255,66,348654,87,369416
11646,0.078843,74.125.24.0-255,2902,351556,87,369416
11647,0.078845,172.31.47.0-255,66,351622,87,369416
11648,0.081039,74.125.24.0-255,2902,354524,87,369416
11649,0.081044,172.31.47.0-255,66,354590,87,369416
11650,0.081124,74.125.24.0-255,2902,357492,87,369416
11651,0.081128,172.31.47.0-255,66,357558,87,369416
11652,0.083292,74.125.24.0-255,2902,360460,87,369416
11653,0.083297,172.31.47.0-255,66,360526,87,369416
11654,0.083364,74.125.24.0-255,2902,363428,87,369416
11655,0.083369,172.31.47.0-255,66,363494,87,369416
11656,0.085549,74.125.24.0-255,2902,366396,87,369416
11657,0.085554,172.31.47.0-255,66,366462,87,369416
11658,0.085619,74.125.24.0-255,2717,369179,87,369416
11659,0.085623,172.31.47.0-255,66,369245,87,369416
11660,0.085753,172.31.47.0-255,105,369350,87,369416
11661,0.087984,74.125.24.0-255,66,369416,87,369416
11662,0.0,74.125.68.0-255,153,153,87,394233
11663,1.9e-05,172.31.47.0-255,66,219,87,394233
11664,5.2e-05,74.125.68.0-255,1484,1703,87,394233
11665,5.7e-05,172.31.47.0-255,66,1769,87,394233
11666,8.4e-05,74.125.68.0-255,2902,4671,87,394233
11667,8.7e-05,172.31.47.0-255,66,4737,87,394233
11668,8.9e-05,74.125.68.0-255,1484,6221,87,394233
11669,9.1e-05,172.31.47.0-255,66,6287,87,394233
11670,0.000113,74.125.68.0-255,2902,9189,87,394233
11671,0.000115,172.31.47.0-255,66,9255,87,394233
11672,0.000118,74.125.68.0-255,1484,10739,87,394233
11673,0.00012,172.31.47.0-255,66,10805,87,394233
11674,0.000123,74.125.68.0-255,1484,12289,87,394233
11675,0.000125,172.31.47.0-255,66,12355,87,394233
11676,0.000152,74.125.68.0-255,2104,14459,87,394233
11677,0.000154,172.31.47.0-255,66,14525,87,394233
11678,0.000182,74.125.68.0-255,2902,17427,87,394233
11679,0.000185,172.31.47.0-255,66,17493,87,394233
11680,0.000211,74.125.68.0-255,4320,21813,87,394233
11681,0.000214,172.31.47.0-255,66,21879,87,394233
11682,0.000234,172.31.47.0-255,66,21945,87,394233
11683,0.000238,74.125.68.0-255,2902,24847,87,394233
11684,0.00024,172.31.47.0-255,66,24913,87,394233
11685,0.000287,74.125.68.0-255,2902,27815,87,394233
11686,0.000289,172.31.47.0-255,66,27881,87,394233
11687,0.000322,172.31.47.0-255,66,27947,87,394233
11688,0.000349,74.125.68.0-255,2184,30131,87,394233
11689,0.000351,172.31.47.0-255,66,30197,87,394233
11690,0.000965,74.125.68.0-255,1484,31681,87,394233
11691,0.00097,172.31.47.0-255,66,31747,87,394233
11692,0.000978,74.125.68.0-255,2902,34649,87,394233
11693,0.00098,172.31.47.0-255,66,34715,87,394233
11694,0.001009,74.125.68.0-255,4320,39035,87,394233
11695,0.001011,172.31.47.0-255,66,39101,87,394233
11696,0.001027,74.125.68.0-255,1484,40585,87,394233
11697,0.001038,74.125.68.0-255,2902,43487,87,394233
11698,0.00104,172.31.47.0-255,66,43553,87,394233
11699,0.001065,74.125.68.0-255,4233,47786,87,394233
11700,0.001067,172.31.47.0-255,66,47852,87,394233
11701,0.001169,74.125.68.0-255,133,47985,87,394233
11702,0.001208,74.125.68.0-255,1484,49469,87,394233
11703,0.001212,172.31.47.0-255,66,49535,87,394233
11704,0.001216,74.125.68.0-255,1484,51019,87,394233
11705,0.001241,74.125.68.0-255,1484,52503,87,394233
11706,0.001244,172.31.47.0-255,66,52569,87,394233
11707,0.00125,74.125.68.0-255,5738,58307,87,394233
11708,0.001252,172.31.47.0-255,66,58373,87,394233
11709,0.001274,74.125.68.0-255,4320,62693,87,394233
11710,0.001276,172.31.47.0-255,66,62759,87,394233
11711,0.001298,74.125.68.0-255,2902,65661,87,394233
11712,0.0013,172.31.47.0-255,66,65727,87,394233
11713,0.001325,74.125.68.0-255,5738,71465,87,394233
11714,0.001327,172.31.47.0-255,66,71531,87,394233
11715,0.001351,74.125.68.0-255,2902,74433,87,394233
11716,0.001353,172.31.47.0-255,66,74499,87,394233
11717,0.001364,172.31.47.0-255,66,74565,87,394233
11718,0.001387,74.125.68.0-255,1484,76049,87,394233
11719,0.001392,74.125.68.0-255,2902,78951,87,394233
11720,0.001394,172.31.47.0-255,66,79017,87,394233
11721,0.001418,74.125.68.0-255,2902,81919,87,394233
11722,0.00142,172.31.47.0-255,66,81985,87,394233
11723,0.001444,74.125.68.0-255,2902,84887,87,394233
11724,0.001445,172.31.47.0-255,66,84953,87,394233
11725,0.00145,74.125.68.0-255,2902,87855,87,394233
11726,0.001451,172.31.47.0-255,66,87921,87,394233
11727,0.001454,74.125.68.0-255,1484,89405,87,394233
11728,0.001476,74.125.68.0-255,2902,92307,87,394233
11729,0.001478,172.31.47.0-255,66,92373,87,394233
11730,0.001493,74.125.68.0-255,2902,95275,87,394233
11731,0.001495,172.31.47.0-255,66,95341,87,394233
11732,0.001521,74.125.68.0-255,5738,101079,87,394233
11733,0.001523,172.31.47.0-255,66,101145,87,394233
11734,0.001528,74.125.68.0-255,4320,105465,87,394233
11735,0.00153,172.31.47.0-255,66,105531,87,394233
11736,0.001555,74.125.68.0-255,3602,109133,87,394233
11737,0.001558,172.31.47.0-255,66,109199,87,394233
11738,0.001703,74.125.68.0-255,1484,110683,87,394233
11739,0.001727,74.125.68.0-255,2902,113585,87,394233
11740,0.001731,172.31.47.0-255,66,113651,87,394233
11741,0.001754,74.125.68.0-255,5738,119389,87,394233
11742,0.001757,172.31.47.0-255,66,119455,87,394233
11743,0.001783,74.125.68.0-255,7156,126611,87,394233
11744,0.001786,172.31.47.0-255,66,126677,87,394233
11745,0.001808,74.125.68.0-255,2902,129579,87,394233
11746,0.00181,172.31.47.0-255,66,129645,87,394233
11747,0.001831,74.125.68.0-255,7156,136801,87,394233
11748,0.001849,74.125.68.0-255,1484,138285,87,394233
11749,0.001862,74.125.68.0-255,4320,142605,87,394233
11750,0.001871,74.125.68.0-255,766,143371,87,394233
11751,0.001905,74.125.68.0-255,4320,147691,87,394233
11752,0.001922,74.125.68.0-255,2902,150593,87,394233
11753,0.001925,74.125.68.0-255,2902,153495,87,394233
11754,0.001946,74.125.68.0-255,5738,159233,87,394233
11755,0.001963,74.125.68.0-255,4320,163553,87,394233
11756,0.001985,74.125.68.0-255,7156,170709,87,394233
11757,0.00201,74.125.68.0-255,1484,172193,87,394233
11758,0.002031,74.125.68.0-255,5020,177213,87,394233
11759,0.003807,172.31.47.0-255,66,177279,87,394233
11760,0.005879,74.125.68.0-255,5738,183017,87,394233
11761,0.005885,172.31.47.0-255,66,183083,87,394233
11762,0.007947,74.125.68.0-255,2902,185985,87,394233
11763,0.007952,172.31.47.0-255,66,186051,87,394233
11764,0.007982,74.125.68.0-255,2902,188953,87,394233
11765,0.007985,172.31.47.0-255,66,189019,87,394233
11766,0.010017,74.125.68.0-255,2902,191921,87,394233
11767,0.010024,172.31.47.0-255,66,191987,87,394233
11768,0.010049,74.125.68.0-255,2902,194889,87,394233
11769,0.010051,172.31.47.0-255,66,194955,87,394233
11770,0.012082,74.125.68.0-255,2902,197857,87,394233
11771,0.012088,172.31.47.0-255,66,197923,87,394233
11772,0.012115,74.125.68.0-255,2902,200825,87,394233
11773,0.012118,172.31.47.0-255,66,200891,87,394233
11774,0.014156,74.125.68.0-255,2902,203793,87,394233
11775,0.014167,172.31.47.0-255,66,203859,87,394233
11776,0.014238,74.125.68.0-255,2902,206761,87,394233
11777,0.01424,172.31.47.0-255,66,206827,87,394233
11778,0.016228,74.125.68.0-255,2902,209729,87,394233
11779,0.016235,172.31.47.0-255,66,209795,87,394233
11780,0.016292,74.125.68.0-255,2902,212697,87,394233
11781,0.016295,172.31.47.0-255,66,212763,87,394233
11782,0.0183,74.125.68.0-255,2902,215665,87,394233
11783,0.018306,172.31.47.0-255,66,215731,87,394233
11784,0.018348,74.125.68.0-255,2902,218633,87,394233
11785,0.01835,172.31.47.0-255,66,218699,87,394233
11786,0.020368,74.125.68.0-255,2902,221601,87,394233
11787,0.020375,172.31.47.0-255,66,221667,87,394233
11788,0.02042,74.125.68.0-255,2902,224569,87,394233
11789,0.020423,172.31.47.0-255,66,224635,87,394233
11790,0.022431,74.125.68.0-255,2902,227537,87,394233
11791,0.022438,172.31.47.0-255,66,227603,87,394233
11792,0.022468,74.125.68.0-255,2902,230505,87,394233
11793,0.022471,172.31.47.0-255,66,230571,87,394233
11794,0.024512,74.125.68.0-255,2902,233473,87,394233
11795,0.024524,172.31.47.0-255,66,233539,87,394233
11796,0.024557,74.125.68.0-255,2902,236441,87,394233
11797,0.02456,172.31.47.0-255,66,236507,87,394233
11798,0.026603,74.125.68.0-255,2902,239409,87,394233
11799,0.02661,172.31.47.0-255,66,239475,87,394233
11800,0.026637,74.125.68.0-255,2902,242377,87,394233
11801,0.02664,172.31.47.0-255,66,242443,87,394233
11802,0.028266,172.31.47.0-255,172,242615,87,394233
11803,0.028296,172.31.47.0-255,1107,243722,87,394233
11804,0.028346,172.31.47.0-255,1514,245236,87,394233
11805,0.028348,172.31.47.0-255,1297,246533,87,394233
11806,0.028674,74.125.68.0-255,2902,249435,87,394233
11807,0.028681,172.31.47.0-255,66,249501,87,394233
11808,0.028702,74.125.68.0-255,2902,252403,87,394233
11809,0.028705,172.31.47.0-255,66,252469,87,394233
11810,0.029808,104.244.42.0-255,66,252535,87,394233
11811,0.029833,104.244.42.0-255,66,252601,87,394233
11812,0.029952,104.244.42.0-255,66,252667,87,394233
11813,0.030756,74.125.68.0-255,5738,258405,87,394233
11814,0.030761,172.31.47.0-255,66,258471,87,394233
11815,0.032835,74.125.68.0-255,5738,264209,87,394233
11816,0.03284,172.31.47.0-255,66,264275,87,394233
11817,0.034922,74.125.68.0-255,5738,270013,87,394233
11818,0.034929,172.31.47.0-255,66,270079,87,394233
11819,0.037001,74.125.68.0-255,5738,275817,87,394233
11820,0.037007,172.31.47.0-255,66,275883,87,394233
11821,0.039077,74.125.68.0-255,5738,281621,87,394233
11822,0.039082,172.31.47.0-255,66,281687,87,394233
11823,0.041168,74.125.68.0-255,5738,287425,87,394233
11824,0.041175,172.31.47.0-255,66,287491,87,394233
11825,0.043233,74.125.68.0-255,1484,288975,87,394233
11826,0.043264,74.125.68.0-255,4320,293295,87,394233
11827,0.043269,172.31.47.0-255,66,293361,87,394233
11828,0.045348,74.125.68.0-255,5738,299099,87,394233
11829,0.045354,172.31.47.0-255,66,299165,87,394233
11830,0.047454,74.125.68.0-255,5738,304903,87,394233
11831,0.047459,172.31.47.0-255,66,304969,87,394233
11832,0.049537,74.125.68.0-255,5738,310707,87,394233
11833,0.049542,172.31.47.0-255,66,310773,87,394233
11834,0.051628,74.125.68.0-255,5738,316511,87,394233
11835,0.051634,172.31.47.0-255,66,316577,87,394233
11836,0.053708,74.125.68.0-255,5738,322315,87,394233
11837,0.053714,172.31.47.0-255,66,322381,87,394233
11838,0.055792,74.125.68.0-255,5738,328119,87,394233
11839,0.055803,172.31.47.0-255,66,328185,87,394233
11840,0.057914,74.125.68.0-255,5738,333923,87,394233
11841,0.057921,172.31.47.0-255,66,333989,87,394233
11842,0.060015,74.125.68.0-255,5738,339727,87,394233
11843,0.06002,172.31.47.0-255,66,339793,87,394233
11844,0.062094,74.125.68.0-255,5738,345531,87,394233
11845,0.0621,172.31.47.0-255,66,345597,87,394233
11846,0.064183,74.125.68.0-255,5738,351335,87,394233
11847,0.064189,172.31.47.0-255,66,351401,87,394233
11848,0.06627,74.125.68.0-255,5738,357139,87,394233
11849,0.066276,172.31.47.0-255,66,357205,87,394233
11850,0.06835,74.125.68.0-255,5738,362943,87,394233
11851,0.068356,172.31.47.0-255,66,363009,87,394233
11852,0.070426,74.125.68.0-255,5738,368747,87,394233
11853,0.070432,172.31.47.0-255,66,368813,87,394233
11854,0.072529,74.125.68.0-255,5738,374551,87,394233
11855,0.072535,172.31.47.0-255,66,374617,87,394233
11856,0.07461,74.125.68.0-255,5738,380355,87,394233
11857,0.074616,172.31.47.0-255,66,380421,87,394233
11858,0.076696,74.125.68.0-255,5738,386159,87,394233
11859,0.076703,172.31.47.0-255,66,386225,87,394233
11860,0.078777,74.125.68.0-255,5738,391963,87,394233
11861,0.078784,172.31.47.0-255,66,392029,87,394233
11862,0.080863,74.125.68.0-255,1967,393996,87,394233
11863,0.080873,172.31.47.0-255,66,394062,87,394233
11864,0.081055,172.31.47.0-255,105,394167,87,394233
11865,0.083107,74.125.68.0-255,66,394233,87,394233
11866,0.0,74.125.24.0-255,152,152,87,392942
11867,1.6e-05,172.31.47.0-255,66,218,87,392942
11868,2.2e-05,74.125.24.0-255,1484,1702,87,392942
11869,2.6e-05,172.31.47.0-255,66,1768,87,392942
11870,3.2e-05,74.125.24.0-255,2902,4670,87,392942
11871,3.4e-05,172.31.47.0-255,66,4736,87,392942
11872,3.9e-05,74.125.24.0-255,4320,9056,87,392942
11873,4.1e-05,172.31.47.0-255,66,9122,87,392942
11874,6.6e-05,74.125.24.0-255,2902,12024,87,392942
11875,6.8e-05,172.31.47.0-255,66,12090,87,392942
11876,7.1e-05,74.125.24.0-255,2172,14262,87,392942
11877,7.3e-05,172.31.47.0-255,66,14328,87,392942
11878,0.000116,74.125.24.0-255,4320,18648,87,392942
11879,0.000118,172.31.47.0-255,66,18714,87,392942
11880,0.000133,74.125.24.0-255,7156,25870,87,392942
11881,0.000135,172.31.47.0-255,66,25936,87,392942
11882,0.000163,74.125.24.0-255,5379,31315,87,392942
11883,0.000165,172.31.47.0-255,66,31381,87,392942
11884,0.000223,74.125.24.0-255,1484,32865,87,392942
11885,0.000226,172.31.47.0-255,66,32931,87,392942
11886,0.000243,74.125.24.0-255,2902,35833,87,392942
11887,0.000244,172.31.47.0-255,66,35899,87,392942
11888,0.000249,74.125.24.0-255,4320,40219,87,392942
11889,0.00025,172.31.47.0-255,66,40285,87,392942
11890,0.000276,74.125.24.0-255,1484,41769,87,392942
11891,0.000278,172.31.47.0-255,66,41835,87,392942
11892,0.000284,74.125.24.0-255,6797,48632,87,392942
11893,0.000286,172.31.47.0-255,66,48698,87,392942
11894,0.000291,74.125.24.0-255,7156,55854,87,392942
11895,0.000293,172.31.47.0-255,66,55920,87,392942
11896,0.000338,172.31.47.0-255,66,55986,87,392942
11897,0.00034,74.125.24.0-255,109,56095,87,392942
11898,0.000546,74.125.24.0-255,331,56426,87,392942
11899,0.000765,172.31.47.0-255,66,56492,87,392942
11900,0.001248,74.125.24.0-255,1484,57976,87,392942
11901,0.001256,74.125.24.0-255,1484,59460,87,392942
11902,0.00126,172.31.47.0-255,66,59526,87,392942
11903,0.001293,74.125.24.0-255,1484,61010,87,392942
11904,0.001297,74.125.24.0-255,2902,63912,87,392942
11905,0.001299,172.31.47.0-255,66,63978,87,392942
11906,0.001306,74.125.24.0-255,7156,71134,87,392942
11907,0.001308,172.31.47.0-255,66,71200,87,392942
11908,0.001334,74.125.24.0-255,5738,76938,87,392942
11909,0.001336,172.31.47.0-255,66,77004,87,392942
11910,0.001358,74.125.24.0-255,7156,84160,87,392942
11911,0.001361,172.31.47.0-255,66,84226,87,392942
11912,0.001379,74.125.24.0-255,1484,85710,87,392942
11913,0.001385,74.125.24.0-255,5020,90730,87,392942
11914,0.001387,172.31.47.0-255,66,90796,87,392942
11915,0.001467,74.125.24.0-255,1484,92280,87,392942
11916,0.00148,74.125.24.0-255,2902,95182,87,392942
11917,0.001482,172.31.47.0-255,66,95248,87,392942
11918,0.001497,74.125.24.0-255,2902,98150,87,392942
11919,0.001499,172.31.47.0-255,66,98216,87,392942
11920,0.001512,74.125.24.0-255,2902,101118,87,392942
11921,0.001513,172.31.47.0-255,66,101184,87,392942
11922,0.001526,74.125.24.0-255,4320,105504,87,392942
11923,0.001528,172.31.47.0-255,66,105570,87,392942
11924,0.001541,74.125.24.0-255,4320,109890,87,392942
11925,0.001544,172.31.47.0-255,66,109956,87,392942
11926,0.001558,74.125.24.0-255,1484,111440,87,392942
11927,0.001569,172.31.47.0-255,66,111506,87,392942
11928,0.001582,74.125.24.0-255,2184,113690,87,392942
11929,0.001584,172.31.47.0-255,66,113756,87,392942
11930,0.001956,74.125.24.0-255,1484,115240,87,392942
11931,0.001968,74.125.24.0-255,2902,118142,87,392942
11932,0.001972,172.31.47.0-255,66,118208,87,392942
11933,0.001974,74.125.24.0-255,1484,119692,87,392942
11934,0.001992,74.125.24.0-255,4320,124012,87,392942
11935,0.001995,172.31.47.0-255,66,124078,87,392942
11936,0.001998,74.125.24.0-255,2902,126980,87,392942
11937,0.001999,172.31.47.0-255,66,127046,87,392942
11938,0.002021,172.31.47.0-255,66,127112,87,392942
11939,0.002037,74.125.24.0-255,1484,128596,87,392942
11940,0.002043,74.125.24.0-255,5738,134334,87,392942
11941,0.002045,172.31.47.0-255,66,134400,87,392942
11942,0.002069,74.125.24.0-255,5020,139420,87,392942
11943,0.002071,172.31.47.0-255,66,139486,87,392942
11944,0.00411,74.125.24.0-255,5738,145224,87,392942
11945,0.004114,172.31.47.0-255,66,145290,87,392942
11946,0.006154,74.125.24.0-255,5738,151028,87,392942
11947,0.006161,172.31.47.0-255,66,151094,87,392942
11948,0.008222,74.125.24.0-255,5738,156832,87,392942
11949,0.008235,172.31.47.0-255,66,156898,87,392942
11950,0.01026,74.125.24.0-255,5738,162636,87,392942
11951,0.010268,172.31.47.0-255,66,162702,87,392942
11952,0.012321,74.125.24.0-255,5738,168440,87,392942
11953,0.012329,172.31.47.0-255,66,168506,87,392942
11954,0.014375,74.125.24.0-255,5738,174244,87,392942
11955,0.014381,172.31.47.0-255,66,174310,87,392942
11956,0.016408,74.125.24.0-255,2902,177212,87,392942
11957,0.016418,172.31.47.0-255,66,177278,87,392942
11958,0.016452,74.125.24.0-255,2902,180180,87,392942
11959,0.016455,172.31.47.0-255,66,180246,87,392942
11960,0.018463,74.125.24.0-255,2902,183148,87,392942
11961,0.018468,172.31.47.0-255,66,183214,87,392942
11962,0.018501,74.125.24.0-255,2902,186116,87,392942
11963,0.018503,172.31.47.0-255,66,186182,87,392942
11964,0.020046,172.31.47.0-255,172,186354,87,392942
11965,0.020077,172.31.47.0-255,1111,187465,87,392942
11966,0.020105,172.31.47.0-255,1514,188979,87,392942
11967,0.020106,172.31.47.0-255,328,189307,87,392942
11968,0.020497,74.125.24.0-255,2902,192209,87,392942
11969,0.020502,172.31.47.0-255,66,192275,87,392942
11970,0.020534,74.125.24.0-255,2902,195177,87,392942
11971,0.020537,172.31.47.0-255,66,195243,87,392942
11972,0.020635,172.31.47.0-255,101,195344,87,392942
11973,0.021577,104.244.42.0-255,66,195410,87,392942
11974,0.021609,104.244.42.0-255,66,195476,87,392942
11975,0.021654,104.244.42.0-255,66,195542,87,392942
11976,0.022501,74.125.24.0-255,2902,198444,87,392942
11977,0.022505,172.31.47.0-255,66,198510,87,392942
11978,0.022555,74.125.24.0-255,2902,201412,87,392942
11979,0.022557,172.31.47.0-255,66,201478,87,392942
11980,0.022624,74.125.24.0-255,66,201544,87,392942
11981,0.024569,74.125.24.0-255,2902,204446,87,392942
11982,0.024573,172.31.47.0-255,66,204512,87,392942
11983,0.024589,74.125.24.0-255,2902,207414,87,392942
11984,0.024591,172.31.47.0-255,66,207480,87,392942
11985,0.026578,74.125.24.0-255,2902,210382,87,392942
11986,0.026584,172.31.47.0-255,66,210448,87,392942
11987,0.026617,74.125.24.0-255,2902,213350,87,392942
11988,0.026619,172.31.47.0-255,66,213416,87,392942
11989,0.02861,74.125.24.0-255,2902,216318,87,392942
11990,0.028615,172.31.47.0-255,66,216384,87,392942
11991,0.028652,74.125.24.0-255,2902,219286,87,392942
11992,0.028655,172.31.47.0-255,66,219352,87,392942
11993,0.030671,74.125.24.0-255,2902,222254,87,392942
11994,0.030679,172.31.47.0-255,66,222320,87,392942
11995,0.030698,74.125.24.0-255,2902,225222,87,392942
11996,0.030701,172.31.47.0-255,66,225288,87,392942
11997,0.032726,74.125.24.0-255,5738,231026,87,392942
11998,0.032732,172.31.47.0-255,66,231092,87,392942
11999,0.034744,74.125.24.0-255,4320,235412,87,392942
12000,0.034749,172.31.47.0-255,66,235478,87,392942
12001,0.034772,74.125.24.0-255,1484,236962,87,392942
12002,0.03678,74.125.24.0-255,4320,241282,87,392942
12003,0.036785,172.31.47.0-255,66,241348,87,392942
12004,0.038822,74.125.24.0-255,2902,244250,87,392942
12005,0.038826,172.31.47.0-255,66,244316,87,392942
12006,0.038844,74.125.24.0-255,2902,247218,87,392942
12007,0.038847,172.31.47.0-255,66,247284,87,392942
12008,0.040851,74.125.24.0-255,2902,250186,87,392942
12009,0.040857,172.31.47.0-255,66,250252,87,392942
12010,0.040885,74.125.24.0-255,2902,253154,87,392942
12011,0.040887,172.31.47.0-255,66,253220,87,392942
12012,0.042892,74.125.24.0-255,4320,257540,87,392942
12013,0.042897,172.31.47.0-255,66,257606,87,392942
12014,0.04291,74.125.24.0-255,1484,259090,87,392942
12015,0.044951,74.125.24.0-255,4320,263410,87,392942
12016,0.044959,172.31.47.0-255,66,263476,87,392942
12017,0.046987,74.125.24.0-255,5738,269214,87,392942
12018,0.046991,172.31.47.0-255,66,269280,87,392942
12019,0.049006,74.125.24.0-255,1484,270764,87,392942
12020,0.049039,74.125.24.0-255,4320,275084,87,392942
12021,0.049043,172.31.47.0-255,66,275150,87,392942
12022,0.051141,74.125.24.0-255,5738,280888,87,392942
12023,0.051145,172.31.47.0-255,66,280954,87,392942
12024,0.053193,74.125.24.0-255,5738,286692,87,392942
12025,0.053198,172.31.47.0-255,66,286758,87,392942
12026,0.055214,74.125.24.0-255,5738,292496,87,392942
12027,0.055218,172.31.47.0-255,66,292562,87,392942
12028,0.057256,74.125.24.0-255,5738,298300,87,392942
12029,0.057261,172.31.47.0-255,66,298366,87,392942
12030,0.059337,74.125.24.0-255,5738,304104,87,392942
12031,0.059349,172.31.47.0-255,66,304170,87,392942
12032,0.061397,74.125.24.0-255,5738,309908,87,392942
12033,0.061404,172.31.47.0-255,66,309974,87,392942
12034,0.063487,74.125.24.0-255,5738,315712,87,392942
12035,0.063492,172.31.47.0-255,66,315778,87,392942
12036,0.065515,74.125.24.0-255,2902,318680,87,392942
12037,0.06552,172.31.47.0-255,66,318746,87,392942
12038,0.065543,74.125.24.0-255,2902,321648,87,392942
12039,0.065545,172.31.47.0-255,66,321714,87,392942
12040,0.067559,74.125.24.0-255,2902,324616,87,392942
12041,0.067562,172.31.47.0-255,66,324682,87,392942
12042,0.06759,74.125.24.0-255,2902,327584,87,392942
12043,0.067592,172.31.47.0-255,66,327650,87,392942
12044,0.069594,74.125.24.0-255,5738,333388,87,392942
12045,0.069598,172.31.47.0-255,66,333454,87,392942
12046,0.071614,74.125.24.0-255,5738,339192,87,392942
12047,0.071622,172.31.47.0-255,66,339258,87,392942
12048,0.073658,74.125.24.0-255,5738,344996,87,392942
12049,0.073663,172.31.47.0-255,66,345062,87,392942
12050,0.075664,74.125.24.0-255,5738,350800,87,392942
12051,0.075668,172.31.47.0-255,66,350866,87,392942
12052,0.077718,74.125.24.0-255,5738,356604,87,392942
12053,0.077723,172.31.47.0-255,66,356670,87,392942
12054,0.079762,74.125.24.0-255,5738,362408,87,392942
12055,0.079767,172.31.47.0-255,66,362474,87,392942
12056,0.081809,74.125.24.0-255,5738,368212,87,392942
12057,0.081816,172.31.47.0-255,66,368278,87,392942
12058,0.083872,74.125.24.0-255,5738,374016,87,392942
12059,0.083878,172.31.47.0-255,66,374082,87,392942
12060,0.085919,74.125.24.0-255,5738,379820,87,392942
12061,0.085936,172.31.47.0-255,66,379886,87,392942
12062,0.087957,74.125.24.0-255,5738,385624,87,392942
12063,0.087962,172.31.47.0-255,66,385690,87,392942
12064,0.09,74.125.24.0-255,5738,391428,87,392942
12065,0.090007,172.31.47.0-255,66,391494,87,392942
12066,0.092001,74.125.24.0-255,1277,392771,87,392942
12067,0.092181,172.31.47.0-255,105,392876,87,392942
12068,0.09963,74.125.24.0-255,66,392942,87,392942
12069,0.0,172.217.194.0-255,153,153,87,358514
12070,2.6e-05,172.31.47.0-255,66,219,87,358514
12071,6.1e-05,172.217.194.0-255,1484,1703,87,358514
12072,6.6e-05,172.31.47.0-255,66,1769,87,358514
12073,7.3e-05,172.217.194.0-255,2902,4671,87,358514
12074,7.7e-05,172.31.47.0-255,66,4737,87,358514
12075,8.4e-05,172.217.194.0-255,7156,11893,87,358514
12076,8.7e-05,172.31.47.0-255,66,11959,87,358514
12077,9.1e-05,172.217.194.0-255,1985,13944,87,358514
12078,9.4e-05,172.31.47.0-255,66,14010,87,358514
12079,0.000768,172.217.194.0-255,1484,15494,87,358514
12080,0.000774,172.31.47.0-255,66,15560,87,358514
12081,0.000785,172.217.194.0-255,2902,18462,87,358514
12082,0.000796,172.31.47.0-255,66,18528,87,358514
12083,0.0008,172.217.194.0-255,1484,20012,87,358514
12084,0.000802,172.31.47.0-255,66,20078,87,358514
12085,0.000806,172.217.194.0-255,2902,22980,87,358514
12086,0.000808,172.31.47.0-255,66,23046,87,358514
12087,0.000841,172.217.194.0-255,5738,28784,87,358514
12088,0.000845,172.31.47.0-255,66,28850,87,358514
12089,0.000857,172.217.194.0-255,6797,35647,87,358514
12090,0.00086,172.31.47.0-255,66,35713,87,358514
12091,0.000867,172.217.194.0-255,7156,42869,87,358514
12092,0.000869,172.31.47.0-255,66,42935,87,358514
12093,0.0009,172.217.194.0-255,5379,48314,87,358514
12094,0.000904,172.31.47.0-255,66,48380,87,358514
12095,0.000953,172.217.194.0-255,1484,49864,87,358514
12096,0.000958,172.31.47.0-255,66,49930,87,358514
12097,0.000964,172.217.194.0-255,2902,52832,87,358514
12098,0.000966,172.31.47.0-255,66,52898,87,358514
12099,0.000994,172.217.194.0-255,5738,58636,87,358514
12100,0.001002,172.31.47.0-255,66,58702,87,358514
12101,0.00101,172.217.194.0-255,7070,65772,87,358514
12102,0.001012,172.31.47.0-255,66,65838,87,358514
12103,0.001052,172.217.194.0-255,2902,68740,87,358514
12104,0.001055,172.31.47.0-255,66,68806,87,358514
12105,0.00106,172.217.194.0-255,4320,73126,87,358514
12106,0.001062,172.31.47.0-255,66,73192,87,358514
12107,0.001106,172.31.47.0-255,66,73258,87,358514
12108,0.001112,172.217.194.0-255,7156,80414,87,358514
12109,0.001114,172.31.47.0-255,66,80480,87,358514
12110,0.001155,172.31.47.0-255,66,80546,87,358514
12111,0.001186,172.217.194.0-255,1484,82030,87,358514
12112,0.001191,172.217.194.0-255,2902,84932,87,358514
12113,0.001193,172.31.47.0-255,66,84998,87,358514
12114,0.001199,172.217.194.0-255,5738,90736,87,358514
12115,0.001201,172.31.47.0-255,66,90802,87,358514
12116,0.001205,172.217.194.0-255,4320,95122,87,358514
12117,0.001207,172.31.47.0-255,66,95188,87,358514
12118,0.001235,172.217.194.0-255,2902,98090,87,358514
12119,0.001238,172.31.47.0-255,66,98156,87,358514
12120,0.001263,172.217.194.0-255,5738,103894,87,358514
12121,0.001266,172.31.47.0-255,66,103960,87,358514
12122,0.001299,172.31.47.0-255,66,104026,87,358514
12123,0.002321,172.217.194.0-255,1484,105510,87,358514
12124,0.002336,172.217.194.0-255,2902,108412,87,358514
12125,0.002339,172.31.47.0-255,66,108478,87,358514
12126,0.002344,172.217.194.0-255,2902,111380,87,358514
12127,0.002345,172.31.47.0-255,66,111446,87,358514
12128,0.002364,172.217.194.0-255,2902,114348,87,358514
12129,0.002365,172.31.47.0-255,66,114414,87,358514
12130,0.004638,172.217.194.0-255,2902,117316,87,358514
12131,0.004645,172.31.47.0-255,66,117382,87,358514
12132,0.00467,172.217.194.0-255,1484,118866,87,358514
12133,0.004689,172.217.194.0-255,1484,120350,87,358514
12134,0.004692,172.31.47.0-255,66,120416,87,358514
12135,0.006946,172.217.194.0-255,2902,123318,87,358514
12136,0.006952,172.31.47.0-255,66,123384,87,358514
12137,0.006986,172.217.194.0-255,2902,126286,87,358514
12138,0.00699,172.31.47.0-255,66,126352,87,358514
12139,0.009274,172.217.194.0-255,2902,129254,87,358514
12140,0.009281,172.31.47.0-255,66,129320,87,358514
12141,0.009305,172.217.194.0-255,2902,132222,87,358514
12142,0.009308,172.31.47.0-255,66,132288,87,358514
12143,0.011595,172.217.194.0-255,2902,135190,87,358514
12144,0.01161,172.31.47.0-255,66,135256,87,358514
12145,0.011646,172.217.194.0-255,2902,138158,87,358514
12146,0.01165,172.31.47.0-255,66,138224,87,358514
12147,0.013911,172.217.194.0-255,2902,141126,87,358514
12148,0.013918,172.31.47.0-255,66,141192,87,358514
12149,0.013949,172.217.194.0-255,2902,144094,87,358514
12150,0.013953,172.31.47.0-255,66,144160,87,358514
12151,0.016229,172.217.194.0-255,2902,147062,87,358514
12152,0.016236,172.31.47.0-255,66,147128,87,358514
12153,0.016269,172.217.194.0-255,2902,150030,87,358514
12154,0.016272,172.31.47.0-255,66,150096,87,358514
12155,0.016949,172.31.47.0-255,172,150268,87,358514
12156,0.016983,172.31.47.0-255,1111,151379,87,358514
12157,0.017046,172.31.47.0-255,1514,152893,87,358514
12158,0.017048,172.31.47.0-255,1293,154186,87,358514
12159,0.018514,104.244.42.0-255,66,154252,87,358514
12160,0.018563,104.244.42.0-255,66,154318,87,358514
12161,0.018567,172.217.194.0-255,5738,160056,87,358514
12162,0.01857,172.31.47.0-255,66,160122,87,358514
12163,0.018606,104.244.42.0-255,66,160188,87,358514
12164,0.020866,172.217.194.0-255,5738,165926,87,358514
12165,0.020871,172.31.47.0-255,66,165992,87,358514
12166,0.02318,172.217.194.0-255,4320,170312,87,358514
12167,0.023184,172.31.47.0-255,66,170378,87,358514
12168,0.023211,172.217.194.0-255,1484,171862,87,358514
12169,0.025489,172.217.194.0-255,4320,176182,87,358514
12170,0.025496,172.31.47.0-255,66,176248,87,358514
12171,0.027807,172.217.194.0-255,1484,177732,87,358514
12172,0.027835,172.217.194.0-255,4320,182052,87,358514
12173,0.027839,172.31.47.0-255,66,182118,87,358514
12174,0.030152,172.217.194.0-255,5738,187856,87,358514
12175,0.030157,172.31.47.0-255,66,187922,87,358514
12176,0.032447,172.217.194.0-255,4320,192242,87,358514
12177,0.032452,172.31.47.0-255,66,192308,87,358514
12178,0.032482,172.217.194.0-255,1484,193792,87,358514
12179,0.034741,172.217.194.0-255,4320,198112,87,358514
12180,0.034746,172.31.47.0-255,66,198178,87,358514
12181,0.037054,172.217.194.0-255,5738,203916,87,358514
12182,0.03706,172.31.47.0-255,66,203982,87,358514
12183,0.039377,172.217.194.0-255,5738,209720,87,358514
12184,0.039384,172.31.47.0-255,66,209786,87,358514
12185,0.041689,172.217.194.0-255,5738,215524,87,358514
12186,0.041695,172.31.47.0-255,66,215590,87,358514
12187,0.04401,172.217.194.0-255,5738,221328,87,358514
12188,0.044017,172.31.47.0-255,66,221394,87,358514
12189,0.046339,172.217.194.0-255,5738,227132,87,358514
12190,0.046344,172.31.47.0-255,66,227198,87,358514
12191,0.048659,172.217.194.0-255,5738,232936,87,358514
12192,0.048664,172.31.47.0-255,66,233002,87,358514
12193,0.050965,172.217.194.0-255,5738,238740,87,358514
12194,0.050971,172.31.47.0-255,66,238806,87,358514
12195,0.053291,172.217.194.0-255,5738,244544,87,358514
12196,0.053296,172.31.47.0-255,66,244610,87,358514
12197,0.055629,172.217.194.0-255,5738,250348,87,358514
12198,0.055633,172.31.47.0-255,66,250414,87,358514
12199,0.057934,172.217.194.0-255,5738,256152,87,358514
12200,0.057939,172.31.47.0-255,66,256218,87,358514
12201,0.060247,172.217.194.0-255,5738,261956,87,358514
12202,0.060252,172.31.47.0-255,66,262022,87,358514
12203,0.062567,172.217.194.0-255,5738,267760,87,358514
12204,0.062573,172.31.47.0-255,66,267826,87,358514
12205,0.064892,172.217.194.0-255,4320,272146,87,358514
12206,0.064897,172.31.47.0-255,66,272212,87,358514
12207,0.064931,172.217.194.0-255,1484,273696,87,358514
12208,0.067205,172.217.194.0-255,4320,278016,87,358514
12209,0.06721,172.31.47.0-255,66,278082,87,358514
12210,0.069485,172.217.194.0-255,2902,280984,87,358514
12211,0.06949,172.31.47.0-255,66,281050,87,358514
12212,0.069524,172.217.194.0-255,2902,283952,87,358514
12213,0.069527,172.31.47.0-255,66,284018,87,358514
12214,0.07179,172.217.194.0-255,2902,286920,87,358514
12215,0.071795,172.31.47.0-255,66,286986,87,358514
12216,0.071834,172.217.194.0-255,2902,289888,87,358514
12217,0.071837,172.31.47.0-255,66,289954,87,358514
12218,0.074126,172.217.194.0-255,2902,292856,87,358514
12219,0.074132,172.31.47.0-255,66,292922,87,358514
12220,0.07416,172.217.194.0-255,2902,295824,87,358514
12221,0.074164,172.31.47.0-255,66,295890,87,358514
12222,0.076474,172.217.194.0-255,5738,301628,87,358514
12223,0.07648,172.31.47.0-255,66,301694,87,358514
12224,0.078783,172.217.194.0-255,5738,307432,87,358514
12225,0.078788,172.31.47.0-255,66,307498,87,358514
12226,0.081087,172.217.194.0-255,5738,313236,87,358514
12227,0.081093,172.31.47.0-255,66,313302,87,358514
12228,0.0834,172.217.194.0-255,5738,319040,87,358514
12229,0.083406,172.31.47.0-255,66,319106,87,358514
12230,0.085699,172.217.194.0-255,2902,322008,87,358514
12231,0.085704,172.31.47.0-255,66,322074,87,358514
12232,0.085738,172.217.194.0-255,2902,324976,87,358514
12233,0.085741,172.31.47.0-255,66,325042,87,358514
12234,0.088027,172.217.194.0-255,5738,330780,87,358514
12235,0.088033,172.31.47.0-255,66,330846,87,358514
12236,0.090319,172.217.194.0-255,5738,336584,87,358514
12237,0.090325,172.31.47.0-255,66,336650,87,358514
12238,0.092667,172.217.194.0-255,5738,342388,87,358514
12239,0.092672,172.31.47.0-255,66,342454,87,358514
12240,0.094965,172.217.194.0-255,5738,348192,87,358514
12241,0.09497,172.31.47.0-255,66,348258,87,358514
12242,0.097278,172.217.194.0-255,4320,352578,87,358514
12243,0.097283,172.31.47.0-255,66,352644,87,358514
12244,0.097318,172.217.194.0-255,1484,354128,87,358514
12245,0.099562,172.217.194.0-255,4320,358448,87,358514
12246,0.099568,172.31.47.0-255,66,358514,87,358514
12247,0.0,74.125.24.0-255,153,153,87,359064
12248,3e-05,172.31.47.0-255,66,219,87,359064
12249,3.6e-05,74.125.24.0-255,1484,1703,87,359064
12250,3.9e-05,172.31.47.0-255,66,1769,87,359064
12251,4.4e-05,74.125.24.0-255,2902,4671,87,359064
12252,4.7e-05,172.31.47.0-255,66,4737,87,359064
12253,6e-05,74.125.24.0-255,7156,11893,87,359064
12254,6.3e-05,172.31.47.0-255,66,11959,87,359064
12255,8.9e-05,74.125.24.0-255,2902,14861,87,359064
12256,9.1e-05,172.31.47.0-255,66,14927,87,359064
12257,0.000133,172.31.47.0-255,66,14993,87,359064
12258,0.000136,74.125.24.0-255,1484,16477,87,359064
12259,0.000138,172.31.47.0-255,66,16543,87,359064
12260,0.000165,74.125.24.0-255,2543,19086,87,359064
12261,0.000168,172.31.47.0-255,66,19152,87,359064
12262,0.000231,74.125.24.0-255,1484,20636,87,359064
12263,0.000234,172.31.47.0-255,66,20702,87,359064
12264,0.000238,74.125.24.0-255,2902,23604,87,359064
12265,0.00024,172.31.47.0-255,66,23670,87,359064
12266,0.000272,74.125.24.0-255,5738,29408,87,359064
12267,0.000276,172.31.47.0-255,66,29474,87,359064
12268,0.00028,74.125.24.0-255,4320,33794,87,359064
12269,0.000283,172.31.47.0-255,66,33860,87,359064
12270,0.000301,74.125.24.0-255,2543,36403,87,359064
12271,0.000304,172.31.47.0-255,66,36469,87,359064
12272,0.000322,172.31.47.0-255,66,36535,87,359064
12273,0.000325,74.125.24.0-255,2840,39375,87,359064
12274,0.000331,172.31.47.0-255,66,39441,87,359064
12275,0.000402,74.125.24.0-255,381,39822,87,359064
12276,0.000405,172.31.47.0-255,66,39888,87,359064
12277,0.000557,74.125.24.0-255,1484,41372,87,359064
12278,0.00056,172.31.47.0-255,66,41438,87,359064
12279,0.000579,74.125.24.0-255,2902,44340,87,359064
12280,0.000582,172.31.47.0-255,66,44406,87,359064
12281,0.000607,74.125.24.0-255,5738,50144,87,359064
12282,0.000611,172.31.47.0-255,66,50210,87,359064
12283,0.000618,74.125.24.0-255,6797,57007,87,359064
12284,0.00062,172.31.47.0-255,66,57073,87,359064
12285,0.000631,172.31.47.0-255,66,57139,87,359064
12286,0.000652,74.125.24.0-255,2902,60041,87,359064
12287,0.000655,172.31.47.0-255,66,60107,87,359064
12288,0.000659,74.125.24.0-255,2543,62650,87,359064
12289,0.00066,172.31.47.0-255,66,62716,87,359064
12290,0.000859,74.125.24.0-255,1484,64200,87,359064
12291,0.000865,172.31.47.0-255,66,64266,87,359064
12292,0.000888,74.125.24.0-255,2902,67168,87,359064
12293,0.000891,172.31.47.0-255,66,67234,87,359064
12294,0.000897,74.125.24.0-255,5738,72972,87,359064
12295,0.000899,172.31.47.0-255,66,73038,87,359064
12296,0.000937,172.31.47.0-255,66,73104,87,359064
12297,0.00097,74.125.24.0-255,4320,77424,87,359064
12298,0.000973,172.31.47.0-255,66,77490,87,359064
12299,0.000999,74.125.24.0-255,5738,83228,87,359064
12300,0.001001,172.31.47.0-255,66,83294,87,359064
12301,0.001004,74.125.24.0-255,766,84060,87,359064
12302,0.001005,172.31.47.0-255,66,84126,87,359064
12303,0.001421,74.125.24.0-255,1484,85610,87,359064
12304,0.001427,172.31.47.0-255,66,85676,87,359064
12305,0.001436,74.125.24.0-255,2902,88578,87,359064
12306,0.001438,172.31.47.0-255,66,88644,87,359064
12307,0.001451,74.125.24.0-255,5738,94382,87,359064
12308,0.001453,172.31.47.0-255,66,94448,87,359064
12309,0.001487,172.31.47.0-255,66,94514,87,359064
12310,0.001516,74.125.24.0-255,1484,95998,87,359064
12311,0.001519,172.31.47.0-255,66,96064,87,359064
12312,0.001525,74.125.24.0-255,4320,100384,87,359064
12313,0.001527,172.31.47.0-255,66,100450,87,359064
12314,0.001542,74.125.24.0-255,6438,106888,87,359064
12315,0.001545,172.31.47.0-255,66,106954,87,359064
12316,0.003594,74.125.24.0-255,5738,112692,87,359064
12317,0.003599,172.31.47.0-255,66,112758,87,359064
12318,0.005667,74.125.24.0-255,4320,117078,87,359064
12319,0.005671,172.31.47.0-255,66,117144,87,359064
12320,0.005694,74.125.24.0-255,1484,118628,87,359064
12321,0.005697,172.31.47.0-255,66,118694,87,359064
12322,0.00773,74.125.24.0-255,4320,123014,87,359064
12323,0.007736,172.31.47.0-255,66,123080,87,359064
12324,0.007765,74.125.24.0-255,1484,124564,87,359064
12325,0.009782,74.125.24.0-255,4320,128884,87,359064
12326,0.009792,172.31.47.0-255,66,128950,87,359064
12327,0.011889,74.125.24.0-255,5738,134688,87,359064
12328,0.011944,172.31.47.0-255,66,134754,87,359064
12329,0.013998,74.125.24.0-255,5738,140492,87,359064
12330,0.014005,172.31.47.0-255,66,140558,87,359064
12331,0.016088,74.125.24.0-255,5738,146296,87,359064
12332,0.016094,172.31.47.0-255,66,146362,87,359064
12333,0.018173,74.125.24.0-255,5738,152100,87,359064
12334,0.018179,172.31.47.0-255,66,152166,87,359064
12335,0.020264,74.125.24.0-255,5738,157904,87,359064
12336,0.020269,172.31.47.0-255,66,157970,87,359064
12337,0.020359,172.31.47.0-255,172,158142,87,359064
12338,0.020382,172.31.47.0-255,1113,159255,87,359064
12339,0.020414,172.31.47.0-255,1514,160769,87,359064
12340,0.020431,172.31.47.0-255,1291,162060,87,359064
12341,0.021925,104.244.42.0-255,66,162126,87,359064
12342,0.021932,104.244.42.0-255,66,162192,87,359064
12343,0.021956,104.244.42.0-255,66,162258,87,359064
12344,0.022294,74.125.24.0-255,2902,165160,87,359064
12345,0.0223,172.31.47.0-255,66,165226,87,359064
12346,0.022327,74.125.24.0-255,2902,168128,87,359064
12347,0.022341,172.31.47.0-255,66,168194,87,359064
12348,0.024368,74.125.24.0-255,2902,171096,87,359064
12349,0.024378,172.31.47.0-255,66,171162,87,359064
12350,0.024431,74.125.24.0-255,2902,174064,87,359064
12351,0.024453,172.31.47.0-255,66,174130,87,359064
12352,0.026421,74.125.24.0-255,2902,177032,87,359064
12353,0.026426,172.31.47.0-255,66,177098,87,359064
12354,0.026476,74.125.24.0-255,2902,180000,87,359064
12355,0.026491,172.31.47.0-255,66,180066,87,359064
12356,0.028491,74.125.24.0-255,2902,182968,87,359064
12357,0.028496,172.31.47.0-255,66,183034,87,359064
12358,0.028561,74.125.24.0-255,2902,185936,87,359064
12359,0.028576,172.31.47.0-255,66,186002,87,359064
12360,0.030548,74.125.24.0-255,2902,188904,87,359064
12361,0.030552,172.31.47.0-255,66,188970,87,359064
12362,0.030662,74.125.24.0-255,2902,191872,87,359064
12363,0.030666,172.31.47.0-255,66,191938,87,359064
12364,0.032613,74.125.24.0-255,2902,194840,87,359064
12365,0.032618,172.31.47.0-255,66,194906,87,359064
12366,0.032757,74.125.24.0-255,2902,197808,87,359064
12367,0.032762,172.31.47.0-255,66,197874,87,359064
12368,0.034704,74.125.24.0-255,2902,200776,87,359064
12369,0.034709,172.31.47.0-255,66,200842,87,359064
12370,0.034785,74.125.24.0-255,2902,203744,87,359064
12371,0.034794,172.31.47.0-255,66,203810,87,359064
12372,0.036819,74.125.24.0-255,2902,206712,87,359064
12373,0.036825,172.31.47.0-255,66,206778,87,359064
12374,0.03687,74.125.24.0-255,2902,209680,87,359064
12375,0.036891,172.31.47.0-255,66,209746,87,359064
12376,0.038861,74.125.24.0-255,2902,212648,87,359064
12377,0.038868,172.31.47.0-255,66,212714,87,359064
12378,0.038981,74.125.24.0-255,2902,215616,87,359064
12379,0.039006,172.31.47.0-255,66,215682,87,359064
12380,0.040966,74.125.24.0-255,2902,218584,87,359064
12381,0.040973,172.31.47.0-255,66,218650,87,359064
12382,0.041106,74.125.24.0-255,2902,221552,87,359064
12383,0.04111,172.31.47.0-255,66,221618,87,359064
12384,0.04306,74.125.24.0-255,2902,224520,87,359064
12385,0.04307,172.31.47.0-255,66,224586,87,359064
12386,0.043195,74.125.24.0-255,2902,227488,87,359064
12387,0.043201,172.31.47.0-255,66,227554,87,359064
12388,0.045128,74.125.24.0-255,2902,230456,87,359064
12389,0.045134,172.31.47.0-255,66,230522,87,359064
12390,0.045261,74.125.24.0-255,2902,233424,87,359064
12391,0.045265,172.31.47.0-255,66,233490,87,359064
12392,0.047203,74.125.24.0-255,2902,236392,87,359064
12393,0.047208,172.31.47.0-255,66,236458,87,359064
12394,0.047326,74.125.24.0-255,1484,237942,87,359064
12395,0.047331,172.31.47.0-255,66,238008,87,359064
12396,0.047359,74.125.24.0-255,1484,239492,87,359064
12397,0.049267,74.125.24.0-255,2902,242394,87,359064
12398,0.049323,172.31.47.0-255,66,242460,87,359064
12399,0.051411,74.125.24.0-255,2902,245362,87,359064
12400,0.051416,172.31.47.0-255,66,245428,87,359064
12401,0.051482,74.125.24.0-255,2902,248330,87,359064
12402,0.051503,172.31.47.0-255,66,248396,87,359064
12403,0.053501,74.125.24.0-255,2902,251298,87,359064
12404,0.053505,172.31.47.0-255,66,251364,87,359064
12405,0.053606,74.125.24.0-255,2902,254266,87,359064
12406,0.05361,172.31.47.0-255,66,254332,87,359064
12407,0.055629,74.125.24.0-255,2902,257234,87,359064
12408,0.055634,172.31.47.0-255,66,257300,87,359064
12409,0.055684,74.125.24.0-255,2902,260202,87,359064
12410,0.055697,172.31.47.0-255,66,260268,87,359064
12411,0.057716,74.125.24.0-255,2902,263170,87,359064
12412,0.057721,172.31.47.0-255,66,263236,87,359064
12413,0.057797,74.125.24.0-255,2902,266138,87,359064
12414,0.057801,172.31.47.0-255,66,266204,87,359064
12415,0.059791,74.125.24.0-255,2902,269106,87,359064
12416,0.059797,172.31.47.0-255,66,269172,87,359064
12417,0.059842,74.125.24.0-255,2902,272074,87,359064
12418,0.059881,172.31.47.0-255,66,272140,87,359064
12419,0.061873,74.125.24.0-255,2902,275042,87,359064
12420,0.06188,172.31.47.0-255,66,275108,87,359064
12421,0.061941,74.125.24.0-255,2902,278010,87,359064
12422,0.062333,172.31.47.0-255,66,278076,87,359064
12423,0.063946,74.125.24.0-255,2902,280978,87,359064
12424,0.063951,172.31.47.0-255,66,281044,87,359064
12425,0.064385,74.125.24.0-255,1484,282528,87,359064
12426,0.064413,74.125.24.0-255,1484,284012,87,359064
12427,0.064417,172.31.47.0-255,66,284078,87,359064
12428,0.065988,74.125.24.0-255,2902,286980,87,359064
12429,0.065993,172.31.47.0-255,66,287046,87,359064
12430,0.066464,74.125.24.0-255,2902,289948,87,359064
12431,0.066468,172.31.47.0-255,66,290014,87,359064
12432,0.068063,74.125.24.0-255,2902,292916,87,359064
12433,0.068068,172.31.47.0-255,66,292982,87,359064
12434,0.068525,74.125.24.0-255,2902,295884,87,359064
12435,0.068529,172.31.47.0-255,66,295950,87,359064
12436,0.070162,74.125.24.0-255,2902,298852,87,359064
12437,0.070167,172.31.47.0-255,66,298918,87,359064
12438,0.070573,74.125.24.0-255,2902,301820,87,359064
12439,0.070579,172.31.47.0-255,66,301886,87,359064
12440,0.072278,74.125.24.0-255,2902,304788,87,359064
12441,0.072284,172.31.47.0-255,66,304854,87,359064
12442,0.072689,74.125.24.0-255,2902,307756,87,359064
12443,0.072694,172.31.47.0-255,66,307822,87,359064
12444,0.074333,74.125.24.0-255,2902,310724,87,359064
12445,0.074339,172.31.47.0-255,66,310790,87,359064
12446,0.074752,74.125.24.0-255,2902,313692,87,359064
12447,0.074757,172.31.47.0-255,66,313758,87,359064
12448,0.076411,74.125.24.0-255,1484,315242,87,359064
12449,0.076831,74.125.24.0-255,4320,319562,87,359064
12450,0.076871,172.31.47.0-255,66,319628,87,359064
12451,0.078964,74.125.24.0-255,5738,325366,87,359064
12452,0.079015,172.31.47.0-255,66,325432,87,359064
12453,0.081072,74.125.24.0-255,5738,331170,87,359064
12454,0.081079,172.31.47.0-255,66,331236,87,359064
12455,0.083182,74.125.24.0-255,5738,336974,87,359064
12456,0.08319,172.31.47.0-255,66,337040,87,359064
12457,0.08526,74.125.24.0-255,5738,342778,87,359064
12458,0.085265,172.31.47.0-255,66,342844,87,359064
12459,0.087343,74.125.24.0-255,5738,348582,87,359064
12460,0.087347,172.31.47.0-255,66,348648,87,359064
12461,0.089442,74.125.24.0-255,5738,354386,87,359064
12462,0.089447,172.31.47.0-255,66,354452,87,359064
12463,0.091495,74.125.24.0-255,4375,358827,87,359064
12464,0.091501,172.31.47.0-255,66,358893,87,359064
12465,0.091711,172.31.47.0-255,105,358998,87,359064
12466,0.093763,74.125.24.0-255,66,359064,87,359064
12467,0.0,172.31.47.0-255,176,176,87,242
12468,0.006356,74.125.68.0-255,66,242,87,242
12469,0.0,74.125.24.0-255,66,66,87,66
12470,0.0,74.125.130.0-255,153,153,87,297887
12471,3.2e-05,172.31.47.0-255,66,219,87,297887
12472,3.9e-05,74.125.130.0-255,1484,1703,87,297887
12473,4.4e-05,172.31.47.0-255,66,1769,87,297887
12474,5.6e-05,74.125.130.0-255,2902,4671,87,297887
12475,5.8e-05,172.31.47.0-255,66,4737,87,297887
12476,6.4e-05,74.125.130.0-255,5738,10475,87,297887
12477,6.7e-05,172.31.47.0-255,66,10541,87,297887
12478,7e-05,74.125.130.0-255,1484,12025,87,297887
12479,7.2e-05,172.31.47.0-255,66,12091,87,297887
12480,9.8e-05,74.125.130.0-255,2139,14230,87,297887
12481,0.000105,172.31.47.0-255,66,14296,87,297887
12482,0.000122,74.125.130.0-255,4320,18616,87,297887
12483,0.000125,172.31.47.0-255,66,18682,87,297887
12484,0.000128,74.125.130.0-255,2902,21584,87,297887
12485,0.00013,172.31.47.0-255,66,21650,87,297887
12486,0.000136,74.125.130.0-255,4320,25970,87,297887
12487,0.000138,172.31.47.0-255,66,26036,87,297887
12488,0.000196,74.125.130.0-255,5379,31415,87,297887
12489,0.000199,172.31.47.0-255,66,31481,87,297887
12490,0.000252,74.125.130.0-255,1484,32965,87,297887
12491,0.000256,172.31.47.0-255,66,33031,87,297887
12492,0.000259,74.125.130.0-255,1484,34515,87,297887
12493,0.000261,172.31.47.0-255,66,34581,87,297887
12494,0.00028,74.125.130.0-255,1484,36065,87,297887
12495,0.000283,172.31.47.0-255,66,36131,87,297887
12496,0.000292,74.125.130.0-255,2902,39033,87,297887
12497,0.000295,172.31.47.0-255,66,39099,87,297887
12498,0.000299,74.125.130.0-255,4320,43419,87,297887
12499,0.000301,172.31.47.0-255,66,43485,87,297887
12500,0.000303,74.125.130.0-255,1484,44969,87,297887
12501,0.000306,172.31.47.0-255,66,45035,87,297887
12502,0.000347,172.31.47.0-255,66,45101,87,297887
12503,0.000365,172.31.47.0-255,66,45167,87,297887
12504,0.000392,74.125.130.0-255,1398,46565,87,297887
12505,0.000408,74.125.130.0-255,114,46679,87,297887
12506,0.000422,74.125.130.0-255,387,47066,87,297887
12507,0.000426,172.31.47.0-255,66,47132,87,297887
12508,0.000773,74.125.130.0-255,1484,48616,87,297887
12509,0.000777,74.125.130.0-255,1484,50100,87,297887
12510,0.000781,172.31.47.0-255,66,50166,87,297887
12511,0.000808,74.125.130.0-255,1484,51650,87,297887
12512,0.000814,74.125.130.0-255,5738,57388,87,297887
12513,0.000817,172.31.47.0-255,66,57454,87,297887
12514,0.000822,74.125.130.0-255,4320,61774,87,297887
12515,0.000825,172.31.47.0-255,66,61840,87,297887
12516,0.000861,172.31.47.0-255,66,61906,87,297887
12517,0.000868,74.125.130.0-255,7156,69062,87,297887
12518,0.00087,172.31.47.0-255,66,69128,87,297887
12519,0.000908,74.125.130.0-255,3602,72730,87,297887
12520,0.000911,172.31.47.0-255,66,72796,87,297887
12521,0.001285,74.125.130.0-255,1484,74280,87,297887
12522,0.001294,74.125.130.0-255,2902,77182,87,297887
12523,0.001299,172.31.47.0-255,66,77248,87,297887
12524,0.001304,74.125.130.0-255,1484,78732,87,297887
12525,0.001328,74.125.130.0-255,4320,83052,87,297887
12526,0.001331,172.31.47.0-255,66,83118,87,297887
12527,0.00135,74.125.130.0-255,5738,88856,87,297887
12528,0.001353,172.31.47.0-255,66,88922,87,297887
12529,0.001384,74.125.130.0-255,7156,96078,87,297887
12530,0.001386,172.31.47.0-255,66,96144,87,297887
12531,0.001404,172.31.47.0-255,66,96210,87,297887
12532,0.001408,74.125.130.0-255,2184,98394,87,297887
12533,0.00141,172.31.47.0-255,66,98460,87,297887
12534,0.001618,74.125.130.0-255,1484,99944,87,297887
12535,0.001625,74.125.130.0-255,2902,102846,87,297887
12536,0.001629,172.31.47.0-255,66,102912,87,297887
12537,0.001635,74.125.130.0-255,4320,107232,87,297887
12538,0.001637,172.31.47.0-255,66,107298,87,297887
12539,0.001653,74.125.130.0-255,1484,108782,87,297887
12540,0.001659,74.125.130.0-255,4320,113102,87,297887
12541,0.001666,172.31.47.0-255,66,113168,87,297887
12542,0.001674,74.125.130.0-255,5738,118906,87,297887
12543,0.001677,172.31.47.0-255,66,118972,87,297887
12544,0.001719,172.31.47.0-255,66,119038,87,297887
12545,0.001723,74.125.130.0-255,2184,121222,87,297887
12546,0.001725,172.31.47.0-255,66,121288,87,297887
12547,0.001771,74.125.130.0-255,1484,122772,87,297887
12548,0.001789,74.125.130.0-255,2902,125674,87,297887
12549,0.001793,172.31.47.0-255,66,125740,87,297887
12550,0.001796,74.125.130.0-255,2902,128642,87,297887
12551,0.001798,172.31.47.0-255,66,128708,87,297887
12552,0.001802,74.125.130.0-255,2902,131610,87,297887
12553,0.001809,172.31.47.0-255,66,131676,87,297887
12554,0.001836,74.125.130.0-255,1484,133160,87,297887
12555,0.001846,172.31.47.0-255,66,133226,87,297887
12556,0.001869,74.125.130.0-255,2902,136128,87,297887
12557,0.00187,172.31.47.0-255,66,136194,87,297887
12558,0.001905,172.31.47.0-255,66,136260,87,297887
12559,0.002099,74.125.130.0-255,1484,137744,87,297887
12560,0.002126,74.125.130.0-255,2902,140646,87,297887
12561,0.002129,172.31.47.0-255,66,140712,87,297887
12562,0.002135,74.125.130.0-255,5738,146450,87,297887
12563,0.002137,172.31.47.0-255,66,146516,87,297887
12564,0.002188,74.125.130.0-255,4320,150836,87,297887
12565,0.002191,172.31.47.0-255,66,150902,87,297887
12566,0.002225,172.31.47.0-255,66,150968,87,297887
12567,0.002234,172.31.47.0-255,66,151034,87,297887
12568,0.002242,74.125.130.0-255,2184,153218,87,297887
12569,0.002244,172.31.47.0-255,66,153284,87,297887
12570,0.002248,74.125.130.0-255,2902,156186,87,297887
12571,0.00225,172.31.47.0-255,66,156252,87,297887
12572,0.002255,74.125.130.0-255,5738,161990,87,297887
12573,0.002258,172.31.47.0-255,66,162056,87,297887
12574,0.002304,74.125.130.0-255,7156,169212,87,297887
12575,0.002307,172.31.47.0-255,66,169278,87,297887
12576,0.002321,172.31.47.0-255,66,169344,87,297887
12577,0.002325,74.125.130.0-255,3602,172946,87,297887
12578,0.002327,172.31.47.0-255,66,173012,87,297887
12579,0.002457,74.125.130.0-255,1484,174496,87,297887
12580,0.002475,74.125.130.0-255,2902,177398,87,297887
12581,0.002479,172.31.47.0-255,66,177464,87,297887
12582,0.002502,74.125.130.0-255,5738,183202,87,297887
12583,0.002506,172.31.47.0-255,66,183268,87,297887
12584,0.002544,172.31.47.0-255,66,183334,87,297887
12585,0.002562,172.31.47.0-255,66,183400,87,297887
12586,0.005078,74.125.130.0-255,5738,189138,87,297887
12587,0.005098,172.31.47.0-255,66,189204,87,297887
12588,0.007618,74.125.130.0-255,5738,194942,87,297887
12589,0.007664,172.31.47.0-255,66,195008,87,297887
12590,0.010157,74.125.130.0-255,4320,199328,87,297887
12591,0.010163,172.31.47.0-255,66,199394,87,297887
12592,0.01019,74.125.130.0-255,1484,200878,87,297887
12593,0.012669,74.125.130.0-255,4320,205198,87,297887
12594,0.012674,172.31.47.0-255,66,205264,87,297887
12595,0.015186,74.125.130.0-255,5738,211002,87,297887
12596,0.015198,172.31.47.0-255,66,211068,87,297887
12597,0.017713,74.125.130.0-255,5738,216806,87,297887
12598,0.01773,172.31.47.0-255,66,216872,87,297887
12599,0.020238,74.125.130.0-255,5738,222610,87,297887
12600,0.020254,172.31.47.0-255,66,222676,87,297887
12601,0.022755,74.125.130.0-255,5738,228414,87,297887
12602,0.022762,172.31.47.0-255,66,228480,87,297887
12603,0.025258,74.125.130.0-255,5738,234218,87,297887
12604,0.025265,172.31.47.0-255,66,234284,87,297887
12605,0.027752,74.125.130.0-255,5738,240022,87,297887
12606,0.027759,172.31.47.0-255,66,240088,87,297887
12607,0.030298,74.125.130.0-255,5738,245826,87,297887
12608,0.030316,172.31.47.0-255,66,245892,87,297887
12609,0.032814,74.125.130.0-255,5738,251630,87,297887
12610,0.032825,172.31.47.0-255,66,251696,87,297887
12611,0.035328,74.125.130.0-255,5738,257434,87,297887
12612,0.035337,172.31.47.0-255,66,257500,87,297887
12613,0.037841,74.125.130.0-255,5738,263238,87,297887
12614,0.037849,172.31.47.0-255,66,263304,87,297887
12615,0.040367,74.125.130.0-255,5738,269042,87,297887
12616,0.040374,172.31.47.0-255,66,269108,87,297887
12617,0.042896,74.125.130.0-255,5738,274846,87,297887
12618,0.042916,172.31.47.0-255,66,274912,87,297887
12619,0.04543,74.125.130.0-255,5738,280650,87,297887
12620,0.04544,172.31.47.0-255,66,280716,87,297887
12621,0.047964,74.125.130.0-255,5738,286454,87,297887
12622,0.047972,172.31.47.0-255,66,286520,87,297887
12623,0.048162,172.31.47.0-255,172,286692,87,297887
12624,0.048203,172.31.47.0-255,1103,287795,87,297887
12625,0.048337,172.31.47.0-255,1514,289309,87,297887
12626,0.048341,172.31.47.0-255,1301,290610,87,297887
12627,0.049744,104.244.42.0-255,66,290676,87,297887
12628,0.049753,104.244.42.0-255,66,290742,87,297887
12629,0.049931,104.244.42.0-255,66,290808,87,297887
12630,0.050483,74.125.130.0-255,5738,296546,87,297887
12631,0.050489,172.31.47.0-255,66,296612,87,297887
12632,0.052961,74.125.130.0-255,1038,297650,87,297887
12633,0.053096,172.31.47.0-255,66,297716,87,297887
12634,0.053123,172.31.47.0-255,105,297821,87,297887
12635,0.055579,74.125.130.0-255,66,297887,87,297887
12636,0.0,172.217.194.0-255,153,153,87,136487
12637,2e-05,172.31.47.0-255,66,219,87,136487
12638,2.7e-05,172.217.194.0-255,1484,1703,87,136487
12639,3.1e-05,172.31.47.0-255,66,1769,87,136487
12640,4.5e-05,172.217.194.0-255,2902,4671,87,136487
12641,5e-05,172.31.47.0-255,66,4737,87,136487
12642,5.7e-05,172.217.194.0-255,7156,11893,87,136487
12643,5.9e-05,172.31.47.0-255,66,11959,87,136487
12644,6.4e-05,172.217.194.0-255,3448,15407,87,136487
12645,6.6e-05,172.31.47.0-255,66,15473,87,136487
12646,0.000134,172.31.47.0-255,66,15539,87,136487
12647,0.000138,172.217.194.0-255,2543,18082,87,136487
12648,0.000141,172.31.47.0-255,66,18148,87,136487
12649,0.000209,172.217.194.0-255,1484,19632,87,136487
12650,0.000214,172.31.47.0-255,66,19698,87,136487
12651,0.000221,172.217.194.0-255,2902,22600,87,136487
12652,0.000224,172.31.47.0-255,66,22666,87,136487
12653,0.000236,172.217.194.0-255,5738,28404,87,136487
12654,0.000239,172.31.47.0-255,66,28470,87,136487
12655,0.000252,172.217.194.0-255,4320,32790,87,136487
12656,0.000255,172.31.47.0-255,66,32856,87,136487
12657,0.000294,172.31.47.0-255,66,32922,87,136487
12658,0.000297,172.217.194.0-255,1484,34406,87,136487
12659,0.000299,172.31.47.0-255,66,34472,87,136487
12660,0.000303,172.217.194.0-255,2902,37374,87,136487
12661,0.000305,172.31.47.0-255,66,37440,87,136487
12662,0.000343,172.217.194.0-255,5669,43109,87,136487
12663,0.000348,172.31.47.0-255,66,43175,87,136487
12664,0.000352,172.217.194.0-255,98,43273,87,136487
12665,0.000354,172.31.47.0-255,66,43339,87,136487
12666,0.000482,172.217.194.0-255,1484,44823,87,136487
12667,0.00049,172.217.194.0-255,2902,47725,87,136487
12668,0.000494,172.31.47.0-255,66,47791,87,136487
12669,0.0005,172.217.194.0-255,5738,53529,87,136487
12670,0.000503,172.31.47.0-255,66,53595,87,136487
12671,0.000539,172.217.194.0-255,6797,60392,87,136487
12672,0.000544,172.31.47.0-255,66,60458,87,136487
12673,0.000555,172.31.47.0-255,66,60524,87,136487
12674,0.000597,172.217.194.0-255,4320,64844,87,136487
12675,0.0006,172.31.47.0-255,66,64910,87,136487
12676,0.000616,172.31.47.0-255,66,64976,87,136487
12677,0.000619,172.217.194.0-255,484,65460,87,136487
12678,0.000644,172.217.194.0-255,1484,66944,87,136487
12679,0.000648,172.31.47.0-255,66,67010,87,136487
12680,0.000675,172.217.194.0-255,4320,71330,87,136487
12681,0.00068,172.31.47.0-255,66,71396,87,136487
12682,0.000686,172.217.194.0-255,7156,78552,87,136487
12683,0.000688,172.31.47.0-255,66,78618,87,136487
12684,0.000707,172.217.194.0-255,2902,81520,87,136487
12685,0.00071,172.31.47.0-255,66,81586,87,136487
12686,0.000753,172.31.47.0-255,66,81652,87,136487
12687,0.000759,172.217.194.0-255,5020,86672,87,136487
12688,0.000762,172.31.47.0-255,66,86738,87,136487
12689,0.000766,172.217.194.0-255,4320,91058,87,136487
12690,0.000768,172.31.47.0-255,66,91124,87,136487
12691,0.000836,172.31.47.0-255,66,91190,87,136487
12692,0.000849,172.31.47.0-255,66,91256,87,136487
12693,0.000906,172.31.47.0-255,66,91322,87,136487
12694,0.000951,172.31.47.0-255,66,91388,87,136487
12695,0.000956,172.217.194.0-255,2902,94290,87,136487
12696,0.000958,172.31.47.0-255,66,94356,87,136487
12697,0.000963,172.217.194.0-255,4320,98676,87,136487
12698,0.000965,172.31.47.0-255,66,98742,87,136487
12699,0.000974,172.31.47.0-255,66,98808,87,136487
12700,0.000992,172.31.47.0-255,66,98874,87,136487
12701,0.001021,172.31.47.0-255,66,98940,87,136487
12702,0.001061,172.217.194.0-255,6438,105378,87,136487
12703,0.001065,172.31.47.0-255,66,105444,87,136487
12704,0.001082,172.31.47.0-255,66,105510,87,136487
12705,0.001098,172.31.47.0-255,66,105576,87,136487
12706,0.001112,172.31.47.0-255,66,105642,87,136487
12707,0.001141,172.217.194.0-255,2543,108185,87,136487
12708,0.001154,172.31.47.0-255,66,108251,87,136487
12709,0.001305,172.217.194.0-255,1484,109735,87,136487
12710,0.001311,172.217.194.0-255,2902,112637,87,136487
12711,0.001315,172.31.47.0-255,66,112703,87,136487
12712,0.001319,172.217.194.0-255,2902,115605,87,136487
12713,0.001321,172.31.47.0-255,66,115671,87,136487
12714,0.001345,172.217.194.0-255,2902,118573,87,136487
12715,0.001353,172.31.47.0-255,66,118639,87,136487
12716,0.001366,172.31.47.0-255,66,118705,87,136487
12717,0.001377,172.31.47.0-255,66,118771,87,136487
12718,0.001391,172.217.194.0-255,2184,120955,87,136487
12719,0.001394,172.31.47.0-255,66,121021,87,136487
12720,0.001401,172.217.194.0-255,7156,128177,87,136487
12721,0.001403,172.31.47.0-255,66,128243,87,136487
12722,0.001447,172.217.194.0-255,4320,132563,87,136487
12723,0.001453,172.31.47.0-255,66,132629,87,136487
12724,0.001468,172.31.47.0-255,66,132695,87,136487
12725,0.001486,172.31.47.0-255,66,132761,87,136487
12726,0.001558,172.31.47.0-255,66,132827,87,136487
12727,0.001561,172.217.194.0-255,105,132932,87,136487
12728,0.008871,172.31.47.0-255,66,132998,87,136487
12729,0.008913,172.31.47.0-255,105,133103,87,136487
12730,0.010938,172.217.194.0-255,66,133169,87,136487
12731,0.019374,172.31.47.0-255,166,133335,87,136487
12732,0.019403,172.31.47.0-255,1131,134466,87,136487
12733,0.019454,172.31.47.0-255,1514,135980,87,136487
12734,0.019455,172.31.47.0-255,309,136289,87,136487
12735,0.020932,104.244.42.0-255,66,136355,87,136487
12736,0.020975,104.244.42.0-255,66,136421,87,136487
12737,0.021015,104.244.42.0-255,66,136487,87,136487
12738,0.0,74.125.24.0-255,158,158,87,317935
12739,2.1e-05,172.31.47.0-255,66,224,87,317935
12740,2.8e-05,74.125.24.0-255,1484,1708,87,317935
12741,3.2e-05,172.31.47.0-255,66,1774,87,317935
12742,3.6e-05,74.125.24.0-255,2902,4676,87,317935
12743,3.9e-05,172.31.47.0-255,66,4742,87,317935
12744,5.3e-05,74.125.24.0-255,7156,11898,87,317935
12745,5.6e-05,172.31.47.0-255,66,11964,87,317935
12746,5.9e-05,74.125.24.0-255,1484,13448,87,317935
12747,6.1e-05,172.31.47.0-255,66,13514,87,317935
12748,6.5e-05,74.125.24.0-255,1484,14998,87,317935
12749,6.7e-05,172.31.47.0-255,66,15064,87,317935
12750,0.000129,172.31.47.0-255,66,15130,87,317935
12751,0.000138,172.31.47.0-255,66,15196,87,317935
12752,0.000141,74.125.24.0-255,1484,16680,87,317935
12753,0.000143,172.31.47.0-255,66,16746,87,317935
12754,0.00018,172.31.47.0-255,66,16812,87,317935
12755,0.000693,74.125.24.0-255,1484,18296,87,317935
12756,0.000699,172.31.47.0-255,66,18362,87,317935
12757,0.000705,74.125.24.0-255,2902,21264,87,317935
12758,0.000707,172.31.47.0-255,66,21330,87,317935
12759,0.000729,74.125.24.0-255,5738,27068,87,317935
12760,0.000736,172.31.47.0-255,66,27134,87,317935
12761,0.000765,74.125.24.0-255,7135,34269,87,317935
12762,0.00077,172.31.47.0-255,66,34335,87,317935
12763,0.000962,74.125.24.0-255,1484,35819,87,317935
12764,0.000966,172.31.47.0-255,66,35885,87,317935
12765,0.000971,74.125.24.0-255,1484,37369,87,317935
12766,0.000973,172.31.47.0-255,66,37435,87,317935
12767,0.001005,74.125.24.0-255,1484,38919,87,317935
12768,0.001011,74.125.24.0-255,5738,44657,87,317935
12769,0.001015,74.125.24.0-255,4320,48977,87,317935
12770,0.001022,172.31.47.0-255,66,49043,87,317935
12771,0.001029,172.31.47.0-255,66,49109,87,317935
12772,0.001057,172.31.47.0-255,66,49175,87,317935
12773,0.001063,74.125.24.0-255,5738,54913,87,317935
12774,0.001065,172.31.47.0-255,66,54979,87,317935
12775,0.001087,74.125.24.0-255,2184,57163,87,317935
12776,0.00109,172.31.47.0-255,66,57229,87,317935
12777,0.001127,172.31.47.0-255,66,57295,87,317935
12778,0.00113,74.125.24.0-255,1484,58779,87,317935
12779,0.001163,172.31.47.0-255,66,58845,87,317935
12780,0.001174,172.31.47.0-255,66,58911,87,317935
12781,0.00126,74.125.24.0-255,5020,63931,87,317935
12782,0.001265,74.125.24.0-255,2902,66833,87,317935
12783,0.00127,172.31.47.0-255,66,66899,87,317935
12784,0.001305,74.125.24.0-255,7156,74055,87,317935
12785,0.00133,172.31.47.0-255,66,74121,87,317935
12786,0.001334,74.125.24.0-255,2184,76305,87,317935
12787,0.001339,172.31.47.0-255,66,76371,87,317935
12788,0.001795,74.125.24.0-255,1484,77855,87,317935
12789,0.001811,74.125.24.0-255,2902,80757,87,317935
12790,0.001815,172.31.47.0-255,66,80823,87,317935
12791,0.001842,74.125.24.0-255,4320,85143,87,317935
12792,0.001845,172.31.47.0-255,66,85209,87,317935
12793,0.00188,172.31.47.0-255,66,85275,87,317935
12794,0.001886,74.125.24.0-255,4320,89595,87,317935
12795,0.001887,172.31.47.0-255,66,89661,87,317935
12796,0.001919,74.125.24.0-255,1484,91145,87,317935
12797,0.001927,74.125.24.0-255,7156,98301,87,317935
12798,0.001931,74.125.24.0-255,3602,101903,87,317935
12799,0.001936,172.31.47.0-255,66,101969,87,317935
12800,0.001943,172.31.47.0-255,66,102035,87,317935
12801,0.00391,74.125.24.0-255,5738,107773,87,317935
12802,0.003919,172.31.47.0-255,66,107839,87,317935
12803,0.005994,74.125.24.0-255,5738,113577,87,317935
12804,0.005999,172.31.47.0-255,66,113643,87,317935
12805,0.00796,74.125.24.0-255,5738,119381,87,317935
12806,0.007966,172.31.47.0-255,66,119447,87,317935
12807,0.009953,74.125.24.0-255,5738,125185,87,317935
12808,0.009961,172.31.47.0-255,66,125251,87,317935
12809,0.011937,74.125.24.0-255,5738,130989,87,317935
12810,0.011947,172.31.47.0-255,66,131055,87,317935
12811,0.013956,74.125.24.0-255,5738,136793,87,317935
12812,0.013967,172.31.47.0-255,66,136859,87,317935
12813,0.015955,74.125.24.0-255,5738,142597,87,317935
12814,0.015966,172.31.47.0-255,66,142663,87,317935
12815,0.017942,74.125.24.0-255,5738,148401,87,317935
12816,0.017951,172.31.47.0-255,66,148467,87,317935
12817,0.019958,74.125.24.0-255,5738,154205,87,317935
12818,0.01997,172.31.47.0-255,66,154271,87,317935
12819,0.021974,74.125.24.0-255,5738,160009,87,317935
12820,0.021982,172.31.47.0-255,66,160075,87,317935
12821,0.024041,74.125.24.0-255,5738,165813,87,317935
12822,0.024052,172.31.47.0-255,66,165879,87,317935
12823,0.026059,74.125.24.0-255,5738,171617,87,317935
12824,0.026068,172.31.47.0-255,66,171683,87,317935
12825,0.028047,74.125.24.0-255,5738,177421,87,317935
12826,0.028055,172.31.47.0-255,66,177487,87,317935
12827,0.028803,172.31.47.0-255,172,177659,87,317935
12828,0.028831,172.31.47.0-255,1107,178766,87,317935
12829,0.028877,172.31.47.0-255,1514,180280,87,317935
12830,0.028879,172.31.47.0-255,1297,181577,87,317935
12831,0.030061,74.125.24.0-255,5738,187315,87,317935
12832,0.030072,172.31.47.0-255,66,187381,87,317935
12833,0.030316,104.244.42.0-255,66,187447,87,317935
12834,0.030373,104.244.42.0-255,66,187513,87,317935
12835,0.030379,104.244.42.0-255,66,187579,87,317935
12836,0.032062,74.125.24.0-255,5738,193317,87,317935
12837,0.032072,172.31.47.0-255,66,193383,87,317935
12838,0.034072,74.125.24.0-255,5738,199121,87,317935
12839,0.034081,172.31.47.0-255,66,199187,87,317935
12840,0.036096,74.125.24.0-255,5738,204925,87,317935
12841,0.036109,172.31.47.0-255,66,204991,87,317935
12842,0.038086,74.125.24.0-255,5738,210729,87,317935
12843,0.0381,172.31.47.0-255,66,210795,87,317935
12844,0.040147,74.125.24.0-255,5738,216533,87,317935
12845,0.040159,172.31.47.0-255,66,216599,87,317935
12846,0.042168,74.125.24.0-255,5738,222337,87,317935
12847,0.042178,172.31.47.0-255,66,222403,87,317935
12848,0.044176,74.125.24.0-255,5738,228141,87,317935
12849,0.044185,172.31.47.0-255,66,228207,87,317935
12850,0.046181,74.125.24.0-255,5738,233945,87,317935
12851,0.046201,172.31.47.0-255,66,234011,87,317935
12852,0.048184,74.125.24.0-255,5738,239749,87,317935
12853,0.048203,172.31.47.0-255,66,239815,87,317935
12854,0.05024,74.125.24.0-255,5738,245553,87,317935
12855,0.050258,172.31.47.0-255,66,245619,87,317935
12856,0.052275,74.125.24.0-255,5738,251357,87,317935
12857,0.052287,172.31.47.0-255,66,251423,87,317935
12858,0.054297,74.125.24.0-255,5738,257161,87,317935
12859,0.054309,172.31.47.0-255,66,257227,87,317935
12860,0.056363,74.125.24.0-255,5738,262965,87,317935
12861,0.056374,172.31.47.0-255,66,263031,87,317935
12862,0.058347,74.125.24.0-255,5738,268769,87,317935
12863,0.058355,172.31.47.0-255,66,268835,87,317935
12864,0.060347,74.125.24.0-255,5738,274573,87,317935
12865,0.060354,172.31.47.0-255,66,274639,87,317935
12866,0.062344,74.125.24.0-255,5738,280377,87,317935
12867,0.062353,172.31.47.0-255,66,280443,87,317935
12868,0.064311,74.125.24.0-255,5738,286181,87,317935
12869,0.064318,172.31.47.0-255,66,286247,87,317935
12870,0.066312,74.125.24.0-255,5738,291985,87,317935
12871,0.066318,172.31.47.0-255,66,292051,87,317935
12872,0.068289,74.125.24.0-255,5738,297789,87,317935
12873,0.068296,172.31.47.0-255,66,297855,87,317935
12874,0.070263,74.125.24.0-255,5738,303593,87,317935
12875,0.070271,172.31.47.0-255,66,303659,87,317935
12876,0.072239,74.125.24.0-255,5738,309397,87,317935
12877,0.072246,172.31.47.0-255,66,309463,87,317935
12878,0.074213,74.125.24.0-255,5738,315201,87,317935
12879,0.07422,172.31.47.0-255,66,315267,87,317935
12880,0.076194,74.125.24.0-255,2431,317698,87,317935
12881,0.076201,172.31.47.0-255,66,317764,87,317935
12882,0.076376,172.31.47.0-255,105,317869,87,317935
12883,0.078361,74.125.24.0-255,66,317935,87,317935
12884,0.0,74.125.24.0-255,153,153,87,247122
12885,1.4e-05,172.31.47.0-255,66,219,87,247122
12886,2.1e-05,74.125.24.0-255,1484,1703,87,247122
12887,2.6e-05,172.31.47.0-255,66,1769,87,247122
12888,3.2e-05,74.125.24.0-255,2902,4671,87,247122
12889,3.6e-05,172.31.47.0-255,66,4737,87,247122
12890,4.3e-05,74.125.24.0-255,7156,11893,87,247122
12891,4.6e-05,172.31.47.0-255,66,11959,87,247122
12892,5.1e-05,74.125.24.0-255,2053,14012,87,247122
12893,5.4e-05,172.31.47.0-255,66,14078,87,247122
12894,0.000104,74.125.24.0-255,1484,15562,87,247122
12895,0.000106,172.31.47.0-255,66,15628,87,247122
12896,0.000111,74.125.24.0-255,2902,18530,87,247122
12897,0.000114,172.31.47.0-255,66,18596,87,247122
12898,0.000138,74.125.24.0-255,1484,20080,87,247122
12899,0.00014,172.31.47.0-255,66,20146,87,247122
12900,0.000145,74.125.24.0-255,2902,23048,87,247122
12901,0.000147,172.31.47.0-255,66,23114,87,247122
12902,0.00015,74.125.24.0-255,1484,24598,87,247122
12903,0.000152,172.31.47.0-255,66,24664,87,247122
12904,0.000165,74.125.24.0-255,4320,28984,87,247122
12905,0.000168,172.31.47.0-255,66,29050,87,247122
12906,0.000191,74.125.24.0-255,5738,34788,87,247122
12907,0.000194,172.31.47.0-255,66,34854,87,247122
12908,0.000215,74.125.24.0-255,2543,37397,87,247122
12909,0.000217,172.31.47.0-255,66,37463,87,247122
12910,0.000228,172.31.47.0-255,66,37529,87,247122
12911,0.000246,74.125.24.0-255,2543,40072,87,247122
12912,0.000248,172.31.47.0-255,66,40138,87,247122
12913,0.000274,74.125.24.0-255,2902,43040,87,247122
12914,0.000276,172.31.47.0-255,66,43106,87,247122
12915,0.000279,74.125.24.0-255,1484,44590,87,247122
12916,0.000301,74.125.24.0-255,5738,50328,87,247122
12917,0.000303,172.31.47.0-255,66,50394,87,247122
12918,0.000338,74.125.24.0-255,1484,51878,87,247122
12919,0.000358,74.125.24.0-255,5379,57257,87,247122
12920,0.000361,172.31.47.0-255,66,57323,87,247122
12921,0.000363,74.125.24.0-255,411,57734,87,247122
12922,0.000415,74.125.24.0-255,331,58065,87,247122
12923,0.000651,74.125.24.0-255,1484,59549,87,247122
12924,0.000656,172.31.47.0-255,66,59615,87,247122
12925,0.000662,74.125.24.0-255,2902,62517,87,247122
12926,0.000664,172.31.47.0-255,66,62583,87,247122
12927,0.000685,74.125.24.0-255,5738,68321,87,247122
12928,0.000688,172.31.47.0-255,66,68387,87,247122
12929,0.00074,74.125.24.0-255,5738,74125,87,247122
12930,0.000744,172.31.47.0-255,66,74191,87,247122
12931,0.000757,172.31.47.0-255,66,74257,87,247122
12932,0.000763,74.125.24.0-255,5020,79277,87,247122
12933,0.000765,172.31.47.0-255,66,79343,87,247122
12934,0.001592,74.125.24.0-255,1484,80827,87,247122
12935,0.001603,74.125.24.0-255,2902,83729,87,247122
12936,0.001608,172.31.47.0-255,66,83795,87,247122
12937,0.001615,74.125.24.0-255,2902,86697,87,247122
12938,0.001617,172.31.47.0-255,66,86763,87,247122
12939,0.001631,74.125.24.0-255,2902,89665,87,247122
12940,0.001633,172.31.47.0-255,66,89731,87,247122
12941,0.001655,74.125.24.0-255,1484,91215,87,247122
12942,0.001677,172.31.47.0-255,66,91281,87,247122
12943,0.001709,74.125.24.0-255,2902,94183,87,247122
12944,0.001711,172.31.47.0-255,66,94249,87,247122
12945,0.001738,172.31.47.0-255,66,94315,87,247122
12946,0.002151,74.125.24.0-255,1484,95799,87,247122
12947,0.002158,74.125.24.0-255,2902,98701,87,247122
12948,0.002163,172.31.47.0-255,66,98767,87,247122
12949,0.002187,74.125.24.0-255,5738,104505,87,247122
12950,0.002189,172.31.47.0-255,66,104571,87,247122
12951,0.002195,74.125.24.0-255,4320,108891,87,247122
12952,0.002197,172.31.47.0-255,66,108957,87,247122
12953,0.002228,172.31.47.0-255,66,109023,87,247122
12954,0.00224,172.31.47.0-255,66,109089,87,247122
12955,0.002269,74.125.24.0-255,4320,113409,87,247122
12956,0.002272,172.31.47.0-255,66,113475,87,247122
12957,0.002307,172.31.47.0-255,66,113541,87,247122
12958,0.002329,74.125.24.0-255,4320,117861,87,247122
12959,0.002331,172.31.47.0-255,66,117927,87,247122
12960,0.002342,172.31.47.0-255,66,117993,87,247122
12961,0.002372,74.125.24.0-255,1484,119477,87,247122
12962,0.002409,74.125.24.0-255,4320,123797,87,247122
12963,0.002412,74.125.24.0-255,1484,125281,87,247122
12964,0.002497,74.125.24.0-255,7156,132437,87,247122
12965,0.002504,74.125.24.0-255,6438,138875,87,247122
12966,0.002538,74.125.24.0-255,2902,141777,87,247122
12967,0.002562,74.125.24.0-255,4320,146097,87,247122
12968,0.002578,74.125.24.0-255,1484,147581,87,247122
12969,0.003749,172.31.47.0-255,66,147647,87,247122
12970,0.006293,74.125.24.0-255,4320,151967,87,247122
12971,0.006298,172.31.47.0-255,66,152033,87,247122
12972,0.006314,74.125.24.0-255,1484,153517,87,247122
12973,0.008868,74.125.24.0-255,4320,157837,87,247122
12974,0.008875,172.31.47.0-255,66,157903,87,247122
12975,0.011459,74.125.24.0-255,5738,163641,87,247122
12976,0.011466,172.31.47.0-255,66,163707,87,247122
12977,0.014029,74.125.24.0-255,5738,169445,87,247122
12978,0.01404,172.31.47.0-255,66,169511,87,247122
12979,0.016589,74.125.24.0-255,5738,175249,87,247122
12980,0.016598,172.31.47.0-255,66,175315,87,247122
12981,0.019194,74.125.24.0-255,5738,181053,87,247122
12982,0.019202,172.31.47.0-255,66,181119,87,247122
12983,0.021754,74.125.24.0-255,5738,186857,87,247122
12984,0.021761,172.31.47.0-255,66,186923,87,247122
12985,0.02431,74.125.24.0-255,5738,192661,87,247122
12986,0.024318,172.31.47.0-255,66,192727,87,247122
12987,0.02687,74.125.24.0-255,5738,198465,87,247122
12988,0.026877,172.31.47.0-255,66,198531,87,247122
12989,0.027836,172.31.47.0-255,172,198703,87,247122
12990,0.027868,172.31.47.0-255,1112,199815,87,247122
12991,0.027925,172.31.47.0-255,1514,201329,87,247122
12992,0.027927,172.31.47.0-255,1292,202621,87,247122
12993,0.029427,104.244.42.0-255,66,202687,87,247122
12994,0.029435,104.244.42.0-255,66,202753,87,247122
12995,0.02944,74.125.24.0-255,5738,208491,87,247122
12996,0.029444,172.31.47.0-255,66,208557,87,247122
12997,0.029513,104.244.42.0-255,66,208623,87,247122
12998,0.031981,74.125.24.0-255,5738,214361,87,247122
12999,0.031986,172.31.47.0-255,66,214427,87,247122
13000,0.034534,74.125.24.0-255,5738,220165,87,247122
13001,0.03454,172.31.47.0-255,66,220231,87,247122
13002,0.037093,74.125.24.0-255,5738,225969,87,247122
13003,0.037099,172.31.47.0-255,66,226035,87,247122
13004,0.039669,74.125.24.0-255,5738,231773,87,247122
13005,0.039676,172.31.47.0-255,66,231839,87,247122
13006,0.042276,74.125.24.0-255,5738,237577,87,247122
13007,0.042282,172.31.47.0-255,66,237643,87,247122
13008,0.04487,74.125.24.0-255,5738,243381,87,247122
13009,0.04488,172.31.47.0-255,66,243447,87,247122
13010,0.047446,74.125.24.0-255,3438,246885,87,247122
13011,0.047453,172.31.47.0-255,66,246951,87,247122
13012,0.047623,172.31.47.0-255,105,247056,87,247122
13013,0.050145,74.125.24.0-255,66,247122,87,247122
13014,0.0,74.125.24.0-255,153,153,87,262123
13015,2.2e-05,172.31.47.0-255,66,219,87,262123
13016,2.9e-05,74.125.24.0-255,1484,1703,87,262123
13017,3.3e-05,172.31.47.0-255,66,1769,87,262123
13018,3.9e-05,74.125.24.0-255,2902,4671,87,262123
13019,4.9e-05,172.31.47.0-255,66,4737,87,262123
13020,5.6e-05,74.125.24.0-255,7156,11893,87,262123
13021,6e-05,172.31.47.0-255,66,11959,87,262123
13022,8.5e-05,172.31.47.0-255,66,12025,87,262123
13023,9e-05,74.125.24.0-255,2902,14927,87,262123
13024,9.2e-05,172.31.47.0-255,66,14993,87,262123
13025,0.000116,74.125.24.0-255,5738,20731,87,262123
13026,0.000119,172.31.47.0-255,66,20797,87,262123
13027,0.000123,74.125.24.0-255,2543,23340,87,262123
13028,0.000125,172.31.47.0-255,66,23406,87,262123
13029,0.0002,74.125.24.0-255,1484,24890,87,262123
13030,0.000203,172.31.47.0-255,66,24956,87,262123
13031,0.000208,74.125.24.0-255,2902,27858,87,262123
13032,0.00021,172.31.47.0-255,66,27924,87,262123
13033,0.000214,74.125.24.0-255,2902,30826,87,262123
13034,0.000221,172.31.47.0-255,66,30892,87,262123
13035,0.000248,74.125.24.0-255,2902,33794,87,262123
13036,0.00025,172.31.47.0-255,66,33860,87,262123
13037,0.000271,74.125.24.0-255,7156,41016,87,262123
13038,0.000273,172.31.47.0-255,66,41082,87,262123
13039,0.000296,74.125.24.0-255,6797,47879,87,262123
13040,0.000298,172.31.47.0-255,66,47945,87,262123
13041,0.000304,74.125.24.0-255,4320,52265,87,262123
13042,0.000306,172.31.47.0-255,66,52331,87,262123
13043,0.000335,74.125.24.0-255,5969,58300,87,262123
13044,0.000338,172.31.47.0-255,66,58366,87,262123
13045,0.000452,74.125.24.0-255,1484,59850,87,262123
13046,0.000458,74.125.24.0-255,2902,62752,87,262123
13047,0.000485,74.125.24.0-255,5738,68490,87,262123
13048,0.000532,74.125.24.0-255,5379,73869,87,262123
13049,0.000591,172.31.47.0-255,66,73935,87,262123
13050,0.000725,74.125.24.0-255,1484,75419,87,262123
13051,0.000755,74.125.24.0-255,1484,76903,87,262123
13052,0.000765,74.125.24.0-255,1484,78387,87,262123
13053,0.000771,74.125.24.0-255,5738,84125,87,262123
13054,0.000776,74.125.24.0-255,4320,88445,87,262123
13055,0.000788,74.125.24.0-255,5738,94183,87,262123
13056,0.000793,74.125.24.0-255,2902,97085,87,262123
13057,0.00082,74.125.24.0-255,2184,99269,87,262123
13058,0.000858,74.125.24.0-255,1484,100753,87,262123
13059,0.000867,74.125.24.0-255,1484,102237,87,262123
13060,0.00087,172.31.47.0-255,66,102303,87,262123
13061,0.000882,74.125.24.0-255,5738,108041,87,262123
13062,0.000893,74.125.24.0-255,7156,115197,87,262123
13063,0.000907,74.125.24.0-255,2902,118099,87,262123
13064,0.000933,172.31.47.0-255,66,118165,87,262123
13065,0.000971,172.31.47.0-255,66,118231,87,262123
13066,0.000979,74.125.24.0-255,3602,121833,87,262123
13067,0.000987,172.31.47.0-255,66,121899,87,262123
13068,0.001066,74.125.24.0-255,1484,123383,87,262123
13069,0.001079,74.125.24.0-255,2902,126285,87,262123
13070,0.001088,172.31.47.0-255,66,126351,87,262123
13071,0.0011,74.125.24.0-255,5738,132089,87,262123
13072,0.001142,74.125.24.0-255,4320,136409,87,262123
13073,0.001153,172.31.47.0-255,66,136475,87,262123
13074,0.001194,74.125.24.0-255,2902,139377,87,262123
13075,0.001208,74.125.24.0-255,3602,142979,87,262123
13076,0.001221,172.31.47.0-255,66,143045,87,262123
13077,0.001303,74.125.24.0-255,1484,144529,87,262123
13078,0.001319,74.125.24.0-255,2902,147431,87,262123
13079,0.001327,172.31.47.0-255,66,147497,87,262123
13080,0.001334,74.125.24.0-255,1484,148981,87,262123
13081,0.001338,74.125.24.0-255,2902,151883,87,262123
13082,0.001354,172.31.47.0-255,66,151949,87,262123
13083,0.001364,74.125.24.0-255,5738,157687,87,262123
13084,0.001399,74.125.24.0-255,5738,163425,87,262123
13085,0.001406,172.31.47.0-255,66,163491,87,262123
13086,0.001412,74.125.24.0-255,1484,164975,87,262123
13087,0.001428,172.31.47.0-255,66,165041,87,262123
13088,0.001438,74.125.24.0-255,3602,168643,87,262123
13089,0.001461,172.31.47.0-255,66,168709,87,262123
13090,0.001581,74.125.24.0-255,1484,170193,87,262123
13091,0.001594,74.125.24.0-255,2902,173095,87,262123
13092,0.001608,74.125.24.0-255,5738,178833,87,262123
13093,0.001612,172.31.47.0-255,66,178899,87,262123
13094,0.001637,74.125.24.0-255,7156,186055,87,262123
13095,0.001644,172.31.47.0-255,66,186121,87,262123
13096,0.001669,74.125.24.0-255,5738,191859,87,262123
13097,0.001674,74.125.24.0-255,4320,196179,87,262123
13098,0.001685,172.31.47.0-255,66,196245,87,262123
13099,0.001705,74.125.24.0-255,6438,202683,87,262123
13100,0.00172,172.31.47.0-255,66,202749,87,262123
13101,0.001739,74.125.24.0-255,5738,208487,87,262123
13102,0.001747,172.31.47.0-255,66,208553,87,262123
13103,0.001754,74.125.24.0-255,1484,210037,87,262123
13104,0.001758,74.125.24.0-255,2902,212939,87,262123
13105,0.001766,74.125.24.0-255,4320,217259,87,262123
13106,0.001788,74.125.24.0-255,7156,224415,87,262123
13107,0.001822,172.31.47.0-255,66,224481,87,262123
13108,0.001895,172.31.47.0-255,66,224547,87,262123
13109,0.001906,74.125.24.0-255,4320,228867,87,262123
13110,0.001914,172.31.47.0-255,66,228933,87,262123
13111,0.001956,74.125.24.0-255,5020,233953,87,262123
13112,0.001958,74.125.24.0-255,1484,235437,87,262123
13113,0.001975,74.125.24.0-255,4320,239757,87,262123
13114,0.001981,172.31.47.0-255,66,239823,87,262123
13115,0.002005,74.125.24.0-255,5738,245561,87,262123
13116,0.002014,172.31.47.0-255,66,245627,87,262123
13117,0.002049,74.125.24.0-255,7156,252783,87,262123
13118,0.002068,74.125.24.0-255,1832,254615,87,262123
13119,0.002078,74.125.24.0-255,105,254720,87,262123
13120,0.002098,172.31.47.0-255,66,254786,87,262123
13121,0.004237,172.31.47.0-255,105,254891,87,262123
13122,0.006458,74.125.24.0-255,66,254957,87,262123
13123,0.025259,172.31.47.0-255,172,255129,87,262123
13124,0.025293,172.31.47.0-255,1112,256241,87,262123
13125,0.025361,172.31.47.0-255,1514,257755,87,262123
13126,0.025363,172.31.47.0-255,1514,259269,87,262123
13127,0.025368,172.31.47.0-255,1514,260783,87,262123
13128,0.02537,172.31.47.0-255,1076,261859,87,262123
13129,0.026781,104.244.42.0-255,66,261925,87,262123
13130,0.026802,104.244.42.0-255,66,261991,87,262123
13131,0.02695,104.244.42.0-255,66,262057,87,262123
13132,0.02697,104.244.42.0-255,66,262123,87,262123
13133,0.0,172.31.47.0-255,105,105,87,276
13134,0.002093,157.240.13.0-255,105,210,87,276
13135,0.002105,172.31.47.0-255,66,276,87,276
13136,0.0,172.31.47.0-255,105,105,87,276
13137,0.071441,31.13.82.0-255,105,210,87,276
13138,0.071463,172.31.47.0-255,66,276,87,276
13139,0.0,74.125.200.0-255,298,298,87,393602
13140,3.3e-05,172.31.47.0-255,66,364,87,393602
13141,3.9e-05,74.125.200.0-255,1484,1848,87,393602
13142,4.3e-05,172.31.47.0-255,66,1914,87,393602
13143,4.9e-05,74.125.200.0-255,4320,6234,87,393602
13144,5.3e-05,172.31.47.0-255,66,6300,87,393602
13145,8.3e-05,172.31.47.0-255,66,6366,87,393602
13146,0.000159,74.125.200.0-255,1484,7850,87,393602
13147,0.000163,172.31.47.0-255,66,7916,87,393602
13148,0.00018,74.125.200.0-255,2902,10818,87,393602
13149,0.000182,172.31.47.0-255,66,10884,87,393602
13150,0.0002,74.125.200.0-255,4320,15204,87,393602
13151,0.000204,172.31.47.0-255,66,15270,87,393602
13152,0.000222,74.125.200.0-255,1484,16754,87,393602
13153,0.000226,172.31.47.0-255,66,16820,87,393602
13154,0.000253,74.125.200.0-255,5738,22558,87,393602
13155,0.000256,172.31.47.0-255,66,22624,87,393602
13156,0.000273,74.125.200.0-255,1125,23749,87,393602
13157,0.000275,172.31.47.0-255,66,23815,87,393602
13158,0.000278,74.125.200.0-255,1484,25299,87,393602
13159,0.000281,172.31.47.0-255,66,25365,87,393602
13160,0.000285,74.125.200.0-255,2902,28267,87,393602
13161,0.000287,172.31.47.0-255,66,28333,87,393602
13162,0.000312,74.125.200.0-255,1484,29817,87,393602
13163,0.000315,172.31.47.0-255,66,29883,87,393602
13164,0.000333,74.125.200.0-255,1484,31367,87,393602
13165,0.000335,172.31.47.0-255,66,31433,87,393602
13166,0.000355,74.125.200.0-255,1484,32917,87,393602
13167,0.000358,172.31.47.0-255,66,32983,87,393602
13168,0.000365,74.125.200.0-255,5738,38721,87,393602
13169,0.000367,172.31.47.0-255,66,38787,87,393602
13170,0.000371,74.125.200.0-255,2543,41330,87,393602
13171,0.000373,172.31.47.0-255,66,41396,87,393602
13172,0.000597,74.125.200.0-255,1484,42880,87,393602
13173,0.000604,74.125.200.0-255,2902,45782,87,393602
13174,0.000607,172.31.47.0-255,66,45848,87,393602
13175,0.000611,74.125.200.0-255,1484,47332,87,393602
13176,0.000628,74.125.200.0-255,2902,50234,87,393602
13177,0.000631,172.31.47.0-255,66,50300,87,393602
13178,0.000637,74.125.200.0-255,5738,56038,87,393602
13179,0.000639,172.31.47.0-255,66,56104,87,393602
13180,0.00067,74.125.200.0-255,2543,58647,87,393602
13181,0.000673,172.31.47.0-255,66,58713,87,393602
13182,0.000688,74.125.200.0-255,1484,60197,87,393602
13183,0.000699,74.125.200.0-255,1484,61681,87,393602
13184,0.000701,172.31.47.0-255,66,61747,87,393602
13185,0.000715,74.125.200.0-255,2902,64649,87,393602
13186,0.000718,172.31.47.0-255,66,64715,87,393602
13187,0.000743,74.125.200.0-255,4320,69035,87,393602
13188,0.000746,172.31.47.0-255,66,69101,87,393602
13189,0.000785,74.125.200.0-255,4320,73421,87,393602
13190,0.00079,172.31.47.0-255,66,73487,87,393602
13191,0.000802,74.125.200.0-255,2543,76030,87,393602
13192,0.000805,172.31.47.0-255,66,76096,87,393602
13193,0.001007,74.125.200.0-255,1484,77580,87,393602
13194,0.001013,74.125.200.0-255,2902,80482,87,393602
13195,0.001016,172.31.47.0-255,66,80548,87,393602
13196,0.00102,74.125.200.0-255,1484,82032,87,393602
13197,0.001032,74.125.200.0-255,1484,83516,87,393602
13198,0.001034,172.31.47.0-255,66,83582,87,393602
13199,0.00104,74.125.200.0-255,4320,87902,87,393602
13200,0.001042,172.31.47.0-255,66,87968,87,393602
13201,0.001075,172.31.47.0-255,66,88034,87,393602
13202,0.001076,74.125.200.0-255,4320,92354,87,393602
13203,0.001079,172.31.47.0-255,66,92420,87,393602
13204,0.001093,74.125.200.0-255,1484,93904,87,393602
13205,0.001097,74.125.200.0-255,4320,98224,87,393602
13206,0.0011,172.31.47.0-255,66,98290,87,393602
13207,0.001122,74.125.200.0-255,2902,101192,87,393602
13208,0.001125,172.31.47.0-255,66,101258,87,393602
13209,0.00113,74.125.200.0-255,5020,106278,87,393602
13210,0.001132,172.31.47.0-255,66,106344,87,393602
13211,0.001135,74.125.200.0-255,1484,107828,87,393602
13212,0.001157,74.125.200.0-255,4320,112148,87,393602
13213,0.00116,172.31.47.0-255,66,112214,87,393602
13214,0.001178,74.125.200.0-255,1484,113698,87,393602
13215,0.001195,74.125.200.0-255,4320,118018,87,393602
13216,0.001197,172.31.47.0-255,66,118084,87,393602
13217,0.001226,74.125.200.0-255,1125,119209,87,393602
13218,0.001257,74.125.200.0-255,1484,120693,87,393602
13219,0.00126,172.31.47.0-255,66,120759,87,393602
13220,0.001278,74.125.200.0-255,4320,125079,87,393602
13221,0.001281,172.31.47.0-255,66,125145,87,393602
13222,0.001308,74.125.200.0-255,5738,130883,87,393602
13223,0.001312,172.31.47.0-255,66,130949,87,393602
13224,0.001328,74.125.200.0-255,2902,133851,87,393602
13225,0.001331,172.31.47.0-255,66,133917,87,393602
13226,0.001343,74.125.200.0-255,4320,138237,87,393602
13227,0.001346,172.31.47.0-255,66,138303,87,393602
13228,0.001369,74.125.200.0-255,1484,139787,87,393602
13229,0.001388,74.125.200.0-255,7156,146943,87,393602
13230,0.001391,172.31.47.0-255,66,147009,87,393602
13231,0.001434,74.125.200.0-255,2902,149911,87,393602
13232,0.001438,172.31.47.0-255,66,149977,87,393602
13233,0.001449,74.125.200.0-255,3602,153579,87,393602
13234,0.001452,172.31.47.0-255,66,153645,87,393602
13235,0.001506,74.125.200.0-255,1484,155129,87,393602
13236,0.00151,74.125.200.0-255,1484,156613,87,393602
13237,0.001512,172.31.47.0-255,66,156679,87,393602
13238,0.001528,74.125.200.0-255,1484,158163,87,393602
13239,0.001531,74.125.200.0-255,1484,159647,87,393602
13240,0.001533,172.31.47.0-255,66,159713,87,393602
13241,0.001538,74.125.200.0-255,2902,162615,87,393602
13242,0.00154,172.31.47.0-255,66,162681,87,393602
13243,0.001569,74.125.200.0-255,5738,168419,87,393602
13244,0.001572,172.31.47.0-255,66,168485,87,393602
13245,0.001589,74.125.200.0-255,5738,174223,87,393602
13246,0.001592,172.31.47.0-255,66,174289,87,393602
13247,0.001612,74.125.200.0-255,5738,180027,87,393602
13248,0.001614,172.31.47.0-255,66,180093,87,393602
13249,0.001625,74.125.200.0-255,1484,181577,87,393602
13250,0.001648,74.125.200.0-255,6438,188015,87,393602
13251,0.001651,172.31.47.0-255,66,188081,87,393602
13252,0.00169,74.125.200.0-255,4320,192401,87,393602
13253,0.001693,172.31.47.0-255,66,192467,87,393602
13254,0.001711,74.125.200.0-255,1484,193951,87,393602
13255,0.001731,74.125.200.0-255,4320,198271,87,393602
13256,0.001734,172.31.47.0-255,66,198337,87,393602
13257,0.00174,74.125.200.0-255,4320,202657,87,393602
13258,0.001742,172.31.47.0-255,66,202723,87,393602
13259,0.001793,74.125.200.0-255,5738,208461,87,393602
13260,0.001797,172.31.47.0-255,66,208527,87,393602
13261,0.001801,74.125.200.0-255,2902,211429,87,393602
13262,0.001803,172.31.47.0-255,66,211495,87,393602
13263,0.001831,172.31.47.0-255,66,211561,87,393602
13264,0.001834,74.125.200.0-255,2184,213745,87,393602
13265,0.001836,172.31.47.0-255,66,213811,87,393602
13266,0.001868,74.125.200.0-255,1484,215295,87,393602
13267,0.001886,74.125.200.0-255,1484,216779,87,393602
13268,0.001889,172.31.47.0-255,66,216845,87,393602
13269,0.001915,74.125.200.0-255,1484,218329,87,393602
13270,0.00193,74.125.200.0-255,2902,221231,87,393602
13271,0.001932,172.31.47.0-255,66,221297,87,393602
13272,0.001935,74.125.200.0-255,1484,222781,87,393602
13273,0.001956,74.125.200.0-255,2902,225683,87,393602
13274,0.001958,172.31.47.0-255,66,225749,87,393602
13275,0.001964,74.125.200.0-255,4320,230069,87,393602
13276,0.001966,172.31.47.0-255,66,230135,87,393602
13277,0.001983,74.125.200.0-255,4320,234455,87,393602
13278,0.001986,172.31.47.0-255,66,234521,87,393602
13279,0.001992,74.125.200.0-255,4320,238841,87,393602
13280,0.001994,172.31.47.0-255,66,238907,87,393602
13281,0.002013,74.125.200.0-255,2902,241809,87,393602
13282,0.002016,172.31.47.0-255,66,241875,87,393602
13283,0.002043,74.125.200.0-255,4320,246195,87,393602
13284,0.002046,172.31.47.0-255,66,246261,87,393602
13285,0.002062,74.125.200.0-255,2184,248445,87,393602
13286,0.002065,172.31.47.0-255,66,248511,87,393602
13287,0.00209,74.125.200.0-255,1484,249995,87,393602
13288,0.002109,74.125.200.0-255,2902,252897,87,393602
13289,0.002112,172.31.47.0-255,66,252963,87,393602
13290,0.002116,74.125.200.0-255,2902,255865,87,393602
13291,0.002119,172.31.47.0-255,66,255931,87,393602
13292,0.002136,74.125.200.0-255,2902,258833,87,393602
13293,0.002138,172.31.47.0-255,66,258899,87,393602
13294,0.002144,74.125.200.0-255,5738,264637,87,393602
13295,0.002146,172.31.47.0-255,66,264703,87,393602
13296,0.002151,74.125.200.0-255,4320,269023,87,393602
13297,0.002152,172.31.47.0-255,66,269089,87,393602
13298,0.002171,74.125.200.0-255,2902,271991,87,393602
13299,0.002174,172.31.47.0-255,66,272057,87,393602
13300,0.002186,74.125.200.0-255,2902,274959,87,393602
13301,0.002189,172.31.47.0-255,66,275025,87,393602
13302,0.002215,172.31.47.0-255,66,275091,87,393602
13303,0.004457,74.125.200.0-255,5738,280829,87,393602
13304,0.004464,172.31.47.0-255,66,280895,87,393602
13305,0.006716,74.125.200.0-255,5738,286633,87,393602
13306,0.006722,172.31.47.0-255,66,286699,87,393602
13307,0.008977,74.125.200.0-255,5738,292437,87,393602
13308,0.008984,172.31.47.0-255,66,292503,87,393602
13309,0.011235,74.125.200.0-255,5738,298241,87,393602
13310,0.011242,172.31.47.0-255,66,298307,87,393602
13311,0.013484,74.125.200.0-255,5738,304045,87,393602
13312,0.013492,172.31.47.0-255,66,304111,87,393602
13313,0.015747,74.125.200.0-255,5738,309849,87,393602
13314,0.015759,172.31.47.0-255,66,309915,87,393602
13315,0.01802,74.125.200.0-255,5738,315653,87,393602
13316,0.018027,172.31.47.0-255,66,315719,87,393602
13317,0.020269,74.125.200.0-255,5738,321457,87,393602
13318,0.020278,172.31.47.0-255,66,321523,87,393602
13319,0.022535,74.125.200.0-255,4320,325843,87,393602
13320,0.022542,172.31.47.0-255,66,325909,87,393602
13321,0.022562,74.125.200.0-255,1484,327393,87,393602
13322,0.024787,74.125.200.0-255,4320,331713,87,393602
13323,0.024794,172.31.47.0-255,66,331779,87,393602
13324,0.027043,74.125.200.0-255,5738,337517,87,393602
13325,0.027049,172.31.47.0-255,66,337583,87,393602
13326,0.029288,74.125.200.0-255,4320,341903,87,393602
13327,0.029296,172.31.47.0-255,66,341969,87,393602
13328,0.029315,74.125.200.0-255,1484,343453,87,393602
13329,0.031536,74.125.200.0-255,4320,347773,87,393602
13330,0.03154,172.31.47.0-255,66,347839,87,393602
13331,0.033778,74.125.200.0-255,5738,353577,87,393602
13332,0.033787,172.31.47.0-255,66,353643,87,393602
13333,0.03424,172.31.47.0-255,172,353815,87,393602
13334,0.034264,172.31.47.0-255,1111,354926,87,393602
13335,0.034301,172.31.47.0-255,1514,356440,87,393602
13336,0.034302,172.31.47.0-255,1514,357954,87,393602
13337,0.034303,172.31.47.0-255,1514,359468,87,393602
13338,0.034325,172.31.47.0-255,1073,360541,87,393602
13339,0.035776,104.244.42.0-255,66,360607,87,393602
13340,0.035793,104.244.42.0-255,66,360673,87,393602
13341,0.035883,104.244.42.0-255,66,360739,87,393602
13342,0.035885,104.244.42.0-255,66,360805,87,393602
13343,0.036018,74.125.200.0-255,5738,366543,87,393602
13344,0.036022,172.31.47.0-255,66,366609,87,393602
13345,0.038269,74.125.200.0-255,5738,372347,87,393602
13346,0.038275,172.31.47.0-255,66,372413,87,393602
13347,0.040528,74.125.200.0-255,4320,376733,87,393602
13348,0.040533,172.31.47.0-255,66,376799,87,393602
13349,0.040557,74.125.200.0-255,1484,378283,87,393602
13350,0.042767,74.125.200.0-255,2902,381185,87,393602
13351,0.042771,172.31.47.0-255,66,381251,87,393602
13352,0.042796,74.125.200.0-255,1484,382735,87,393602
13353,0.045007,74.125.200.0-255,4320,387055,87,393602
13354,0.045011,172.31.47.0-255,66,387121,87,393602
13355,0.047237,74.125.200.0-255,5738,392859,87,393602
13356,0.047242,172.31.47.0-255,66,392925,87,393602
13357,0.049457,74.125.200.0-255,440,393365,87,393602
13358,0.049569,172.31.47.0-255,66,393431,87,393602
13359,0.049591,172.31.47.0-255,105,393536,87,393602
13360,0.051781,74.125.200.0-255,66,393602,87,393602
13361,0.0,74.125.68.0-255,153,153,87,387463
13362,2.6e-05,172.31.47.0-255,66,219,87,387463
13363,3.2e-05,74.125.68.0-255,1484,1703,87,387463
13364,3.6e-05,172.31.47.0-255,66,1769,87,387463
13365,6e-05,74.125.68.0-255,2902,4671,87,387463
13366,6.6e-05,172.31.47.0-255,66,4737,87,387463
13367,7e-05,74.125.68.0-255,1484,6221,87,387463
13368,7.2e-05,172.31.47.0-255,66,6287,87,387463
13369,0.0001,74.125.68.0-255,2902,9189,87,387463
13370,0.000103,172.31.47.0-255,66,9255,87,387463
13371,0.000108,74.125.68.0-255,5092,14347,87,387463
13372,0.00011,172.31.47.0-255,66,14413,87,387463
13373,0.000935,74.125.68.0-255,1484,15897,87,387463
13374,0.000942,172.31.47.0-255,66,15963,87,387463
13375,0.000951,74.125.68.0-255,2902,18865,87,387463
13376,0.000958,172.31.47.0-255,66,18931,87,387463
13377,0.000963,74.125.68.0-255,1484,20415,87,387463
13378,0.000965,172.31.47.0-255,66,20481,87,387463
13379,0.000997,74.125.68.0-255,2902,23383,87,387463
13380,0.000999,172.31.47.0-255,66,23449,87,387463
13381,0.001006,74.125.68.0-255,5738,29187,87,387463
13382,0.001008,172.31.47.0-255,66,29253,87,387463
13383,0.001015,74.125.68.0-255,1484,30737,87,387463
13384,0.001017,172.31.47.0-255,66,30803,87,387463
13385,0.001036,74.125.68.0-255,1125,31928,87,387463
13386,0.001038,172.31.47.0-255,66,31994,87,387463
13387,0.001042,74.125.68.0-255,2902,34896,87,387463
13388,0.001045,172.31.47.0-255,66,34962,87,387463
13389,0.001074,74.125.68.0-255,4320,39282,87,387463
13390,0.001076,172.31.47.0-255,66,39348,87,387463
13391,0.001098,74.125.68.0-255,2902,42250,87,387463
13392,0.0011,172.31.47.0-255,66,42316,87,387463
13393,0.001128,74.125.68.0-255,6797,49113,87,387463
13394,0.001131,172.31.47.0-255,66,49179,87,387463
13395,0.001231,74.125.68.0-255,1484,50663,87,387463
13396,0.001245,74.125.68.0-255,2902,53565,87,387463
13397,0.001247,172.31.47.0-255,66,53631,87,387463
13398,0.001286,74.125.68.0-255,5738,59369,87,387463
13399,0.001288,172.31.47.0-255,66,59435,87,387463
13400,0.001318,74.125.68.0-255,6797,66232,87,387463
13401,0.001321,172.31.47.0-255,66,66298,87,387463
13402,0.001588,74.125.68.0-255,646,66944,87,387463
13403,0.002156,74.125.68.0-255,1484,68428,87,387463
13404,0.002158,172.31.47.0-255,66,68494,87,387463
13405,0.002168,74.125.68.0-255,1484,69978,87,387463
13406,0.002186,74.125.68.0-255,2902,72880,87,387463
13407,0.002188,172.31.47.0-255,66,72946,87,387463
13408,0.002221,74.125.68.0-255,1484,74430,87,387463
13409,0.00224,74.125.68.0-255,4320,78750,87,387463
13410,0.002242,172.31.47.0-255,66,78816,87,387463
13411,0.002245,74.125.68.0-255,1484,80300,87,387463
13412,0.002262,74.125.68.0-255,2902,83202,87,387463
13413,0.002264,172.31.47.0-255,66,83268,87,387463
13414,0.002285,74.125.68.0-255,1484,84752,87,387463
13415,0.002315,74.125.68.0-255,1484,86236,87,387463
13416,0.002317,172.31.47.0-255,66,86302,87,387463
13417,0.002335,74.125.68.0-255,1484,87786,87,387463
13418,0.002338,74.125.68.0-255,1484,89270,87,387463
13419,0.00234,172.31.47.0-255,66,89336,87,387463
13420,0.002342,74.125.68.0-255,1484,90820,87,387463
13421,0.002386,74.125.68.0-255,4320,95140,87,387463
13422,0.002388,172.31.47.0-255,66,95206,87,387463
13423,0.00239,74.125.68.0-255,1484,96690,87,387463
13424,0.002393,74.125.68.0-255,1484,98174,87,387463
13425,0.002394,172.31.47.0-255,66,98240,87,387463
13426,0.002409,74.125.68.0-255,1484,99724,87,387463
13427,0.002432,74.125.68.0-255,2184,101908,87,387463
13428,0.002434,172.31.47.0-255,66,101974,87,387463
13429,0.003409,74.125.68.0-255,1484,103458,87,387463
13430,0.003417,74.125.68.0-255,2902,106360,87,387463
13431,0.00342,172.31.47.0-255,66,106426,87,387463
13432,0.003425,74.125.68.0-255,2902,109328,87,387463
13433,0.003427,172.31.47.0-255,66,109394,87,387463
13434,0.00346,74.125.68.0-255,2902,112296,87,387463
13435,0.003463,172.31.47.0-255,66,112362,87,387463
13436,0.003468,74.125.68.0-255,4320,116682,87,387463
13437,0.00347,172.31.47.0-255,66,116748,87,387463
13438,0.003476,74.125.68.0-255,5738,122486,87,387463
13439,0.003486,172.31.47.0-255,66,122552,87,387463
13440,0.00349,74.125.68.0-255,2902,125454,87,387463
13441,0.003492,172.31.47.0-255,66,125520,87,387463
13442,0.003525,74.125.68.0-255,1484,127004,87,387463
13443,0.00353,74.125.68.0-255,2902,129906,87,387463
13444,0.003537,172.31.47.0-255,66,129972,87,387463
13445,0.003541,74.125.68.0-255,2902,132874,87,387463
13446,0.003543,172.31.47.0-255,66,132940,87,387463
13447,0.003565,74.125.68.0-255,2902,135842,87,387463
13448,0.003567,172.31.47.0-255,66,135908,87,387463
13449,0.003574,74.125.68.0-255,766,136674,87,387463
13450,0.003757,172.31.47.0-255,66,136740,87,387463
13451,0.003901,74.125.68.0-255,1484,138224,87,387463
13452,0.00391,74.125.68.0-255,2902,141126,87,387463
13453,0.003914,172.31.47.0-255,66,141192,87,387463
13454,0.003947,74.125.68.0-255,5738,146930,87,387463
13455,0.003951,172.31.47.0-255,66,146996,87,387463
13456,0.003958,74.125.68.0-255,5738,152734,87,387463
13457,0.00396,172.31.47.0-255,66,152800,87,387463
13458,0.003991,74.125.68.0-255,7156,159956,87,387463
13459,0.003994,172.31.47.0-255,66,160022,87,387463
13460,0.003998,74.125.68.0-255,2902,162924,87,387463
13461,0.004,172.31.47.0-255,66,162990,87,387463
13462,0.004032,172.31.47.0-255,66,163056,87,387463
13463,0.004374,74.125.68.0-255,1484,164540,87,387463
13464,0.004382,74.125.68.0-255,2902,167442,87,387463
13465,0.004386,172.31.47.0-255,66,167508,87,387463
13466,0.004415,74.125.68.0-255,4320,171828,87,387463
13467,0.004417,172.31.47.0-255,66,171894,87,387463
13468,0.00442,74.125.68.0-255,1484,173378,87,387463
13469,0.004424,74.125.68.0-255,2902,176280,87,387463
13470,0.004426,172.31.47.0-255,66,176346,87,387463
13471,0.004453,74.125.68.0-255,5738,182084,87,387463
13472,0.004456,172.31.47.0-255,66,182150,87,387463
13473,0.004462,74.125.68.0-255,5738,187888,87,387463
13474,0.004464,172.31.47.0-255,66,187954,87,387463
13475,0.004486,74.125.68.0-255,1484,189438,87,387463
13476,0.004496,74.125.68.0-255,2902,192340,87,387463
13477,0.004499,172.31.47.0-255,66,192406,87,387463
13478,0.004502,74.125.68.0-255,1484,193890,87,387463
13479,0.004521,74.125.68.0-255,1484,195374,87,387463
13480,0.004523,172.31.47.0-255,66,195440,87,387463
13481,0.004528,74.125.68.0-255,2184,197624,87,387463
13482,0.00453,172.31.47.0-255,66,197690,87,387463
13483,0.004678,74.125.68.0-255,1484,199174,87,387463
13484,0.004684,74.125.68.0-255,2902,202076,87,387463
13485,0.004688,172.31.47.0-255,66,202142,87,387463
13486,0.004721,74.125.68.0-255,5738,207880,87,387463
13487,0.004724,172.31.47.0-255,66,207946,87,387463
13488,0.00473,74.125.68.0-255,5738,213684,87,387463
13489,0.004732,172.31.47.0-255,66,213750,87,387463
13490,0.004737,74.125.68.0-255,4320,218070,87,387463
13491,0.004745,172.31.47.0-255,66,218136,87,387463
13492,0.004766,74.125.68.0-255,2902,221038,87,387463
13493,0.004772,172.31.47.0-255,66,221104,87,387463
13494,0.004778,74.125.68.0-255,7156,228260,87,387463
13495,0.00478,172.31.47.0-255,66,228326,87,387463
13496,0.004819,74.125.68.0-255,1484,229810,87,387463
13497,0.004834,74.125.68.0-255,2184,231994,87,387463
13498,0.004838,172.31.47.0-255,66,232060,87,387463
13499,0.004862,74.125.68.0-255,4320,236380,87,387463
13500,0.004865,172.31.47.0-255,66,236446,87,387463
13501,0.00487,74.125.68.0-255,4320,240766,87,387463
13502,0.004872,172.31.47.0-255,66,240832,87,387463
13503,0.004905,74.125.68.0-255,5738,246570,87,387463
13504,0.004907,172.31.47.0-255,66,246636,87,387463
13505,0.004911,74.125.68.0-255,1484,248120,87,387463
13506,0.004947,172.31.47.0-255,66,248186,87,387463
13507,0.00497,74.125.68.0-255,4320,252506,87,387463
13508,0.004972,172.31.47.0-255,66,252572,87,387463
13509,0.005,74.125.68.0-255,3602,256174,87,387463
13510,0.005003,172.31.47.0-255,66,256240,87,387463
13511,0.00503,74.125.68.0-255,1484,257724,87,387463
13512,0.005067,74.125.68.0-255,1484,259208,87,387463
13513,0.00507,172.31.47.0-255,66,259274,87,387463
13514,0.005097,74.125.68.0-255,1484,260758,87,387463
13515,0.005104,74.125.68.0-255,5738,266496,87,387463
13516,0.005107,172.31.47.0-255,66,266562,87,387463
13517,0.005111,74.125.68.0-255,4320,270882,87,387463
13518,0.005113,172.31.47.0-255,66,270948,87,387463
13519,0.005142,74.125.68.0-255,4320,275268,87,387463
13520,0.005146,172.31.47.0-255,66,275334,87,387463
13521,0.005151,74.125.68.0-255,2902,278236,87,387463
13522,0.005153,172.31.47.0-255,66,278302,87,387463
13523,0.005174,74.125.68.0-255,2902,281204,87,387463
13524,0.005177,172.31.47.0-255,66,281270,87,387463
13525,0.005187,74.125.68.0-255,5738,287008,87,387463
13526,0.00519,172.31.47.0-255,66,287074,87,387463
13527,0.005218,74.125.68.0-255,3602,290676,87,387463
13528,0.005221,172.31.47.0-255,66,290742,87,387463
13529,0.005233,74.125.68.0-255,1484,292226,87,387463
13530,0.00526,74.125.68.0-255,2902,295128,87,387463
13531,0.005263,172.31.47.0-255,66,295194,87,387463
13532,0.005284,74.125.68.0-255,5738,300932,87,387463
13533,0.005287,172.31.47.0-255,66,300998,87,387463
13534,0.00529,74.125.68.0-255,1484,302482,87,387463
13535,0.005295,74.125.68.0-255,2902,305384,87,387463
13536,0.005297,172.31.47.0-255,66,305450,87,387463
13537,0.005329,74.125.68.0-255,4320,309770,87,387463
13538,0.005334,172.31.47.0-255,66,309836,87,387463
13539,0.005345,74.125.68.0-255,1484,311320,87,387463
13540,0.005354,74.125.68.0-255,2902,314222,87,387463
13541,0.005357,172.31.47.0-255,66,314288,87,387463
13542,0.005363,74.125.68.0-255,7156,321444,87,387463
13543,0.005366,172.31.47.0-255,66,321510,87,387463
13544,0.0054,74.125.68.0-255,2902,324412,87,387463
13545,0.005405,74.125.68.0-255,3602,328014,87,387463
13546,0.00541,74.125.68.0-255,4320,332334,87,387463
13547,0.005437,74.125.68.0-255,5738,338072,87,387463
13548,0.00546,74.125.68.0-255,4320,342392,87,387463
13549,0.005486,74.125.68.0-255,5020,347412,87,387463
13550,0.005653,74.125.68.0-255,1484,348896,87,387463
13551,0.005668,74.125.68.0-255,2902,351798,87,387463
13552,0.005682,74.125.68.0-255,1484,353282,87,387463
13553,0.005704,74.125.68.0-255,2902,356184,87,387463
13554,0.005723,74.125.68.0-255,1484,357668,87,387463
13555,0.005726,74.125.68.0-255,1484,359152,87,387463
13556,0.00576,74.125.68.0-255,2902,362054,87,387463
13557,0.005777,74.125.68.0-255,1484,363538,87,387463
13558,0.005788,74.125.68.0-255,1484,365022,87,387463
13559,0.005809,74.125.68.0-255,2902,367924,87,387463
13560,0.005823,74.125.68.0-255,1484,369408,87,387463
13561,0.005826,74.125.68.0-255,2902,372310,87,387463
13562,0.005829,74.125.68.0-255,1484,373794,87,387463
13563,0.005867,74.125.68.0-255,5738,379532,87,387463
13564,0.005884,74.125.68.0-255,2184,381716,87,387463
13565,0.005935,74.125.68.0-255,1025,382741,87,387463
13566,0.006285,74.125.68.0-255,97,382838,87,387463
13567,0.006424,74.125.68.0-255,105,382943,87,387463
13568,0.009898,172.31.47.0-255,66,383009,87,387463
13569,0.011606,172.31.47.0-255,105,383114,87,387463
13570,0.013834,74.125.68.0-255,66,383180,87,387463
13571,0.024819,172.31.47.0-255,167,383347,87,387463
13572,0.024848,172.31.47.0-255,1107,384454,87,387463
13573,0.024885,172.31.47.0-255,1514,385968,87,387463
13574,0.024887,172.31.47.0-255,1297,387265,87,387463
13575,0.026342,104.244.42.0-255,66,387331,87,387463
13576,0.026395,104.244.42.0-255,66,387397,87,387463
13577,0.026444,104.244.42.0-255,66,387463,87,387463
13578,0.0,172.253.118.0-255,143,143,87,353263
13579,3e-05,172.31.47.0-255,66,209,87,353263
13580,3.7e-05,172.253.118.0-255,1484,1693,87,353263
13581,4.1e-05,172.31.47.0-255,66,1759,87,353263
13582,4.6e-05,172.253.118.0-255,2902,4661,87,353263
13583,4.9e-05,172.31.47.0-255,66,4727,87,353263
13584,5.5e-05,172.253.118.0-255,5738,10465,87,353263
13585,5.8e-05,172.31.47.0-255,66,10531,87,353263
13586,7.3e-05,172.253.118.0-255,1484,12015,87,353263
13587,7.6e-05,172.31.47.0-255,66,12081,87,353263
13588,0.000101,172.31.47.0-255,66,12147,87,353263
13589,0.000105,172.253.118.0-255,4320,16467,87,353263
13590,0.000108,172.31.47.0-255,66,16533,87,353263
13591,0.000153,172.253.118.0-255,2902,19435,87,353263
13592,0.000157,172.31.47.0-255,66,19501,87,353263
13593,0.000173,172.253.118.0-255,3961,23462,87,353263
13594,0.000176,172.31.47.0-255,66,23528,87,353263
13595,0.000251,172.253.118.0-255,1484,25012,87,353263
13596,0.000255,172.31.47.0-255,66,25078,87,353263
13597,0.000259,172.253.118.0-255,2902,27980,87,353263
13598,0.000262,172.31.47.0-255,66,28046,87,353263
13599,0.000265,172.253.118.0-255,1484,29530,87,353263
13600,0.000267,172.31.47.0-255,66,29596,87,353263
13601,0.000288,172.253.118.0-255,4320,33916,87,353263
13602,0.000291,172.31.47.0-255,66,33982,87,353263
13603,0.000315,172.31.47.0-255,66,34048,87,353263
13604,0.000341,172.253.118.0-255,2543,36591,87,353263
13605,0.000344,172.31.47.0-255,66,36657,87,353263
13606,0.000351,172.253.118.0-255,7156,43813,87,353263
13607,0.000354,172.31.47.0-255,66,43879,87,353263
13608,0.000357,172.253.118.0-255,1484,45363,87,353263
13609,0.000371,172.253.118.0-255,1397,46760,87,353263
13610,0.000374,172.31.47.0-255,66,46826,87,353263
13611,0.000399,172.253.118.0-255,133,46959,87,353263
13612,0.000528,172.253.118.0-255,1484,48443,87,353263
13613,0.000533,172.31.47.0-255,66,48509,87,353263
13614,0.000539,172.253.118.0-255,2902,51411,87,353263
13615,0.000541,172.31.47.0-255,66,51477,87,353263
13616,0.000547,172.253.118.0-255,4320,55797,87,353263
13617,0.00055,172.31.47.0-255,66,55863,87,353263
13618,0.000575,172.253.118.0-255,1484,57347,87,353263
13619,0.000583,172.253.118.0-255,6797,64144,87,353263
13620,0.000586,172.31.47.0-255,66,64210,87,353263
13621,0.00062,172.253.118.0-255,4320,68530,87,353263
13622,0.000624,172.31.47.0-255,66,68596,87,353263
13623,0.000643,172.253.118.0-255,4320,72916,87,353263
13624,0.000648,172.31.47.0-255,66,72982,87,353263
13625,0.000667,172.253.118.0-255,5738,78720,87,353263
13626,0.00067,172.31.47.0-255,66,78786,87,353263
13627,0.000688,172.253.118.0-255,2244,81030,87,353263
13628,0.00069,172.31.47.0-255,66,81096,87,353263
13629,0.001258,172.253.118.0-255,1484,82580,87,353263
13630,0.001266,172.253.118.0-255,1484,84064,87,353263
13631,0.00127,172.31.47.0-255,66,84130,87,353263
13632,0.00129,172.253.118.0-255,1484,85614,87,353263
13633,0.001297,172.253.118.0-255,5738,91352,87,353263
13634,0.0013,172.31.47.0-255,66,91418,87,353263
13635,0.001319,172.253.118.0-255,2902,94320,87,353263
13636,0.001323,172.31.47.0-255,66,94386,87,353263
13637,0.001342,172.253.118.0-255,3961,98347,87,353263
13638,0.001346,172.31.47.0-255,66,98413,87,353263
13639,0.00139,172.253.118.0-255,1484,99897,87,353263
13640,0.001403,172.253.118.0-255,2902,102799,87,353263
13641,0.001405,172.31.47.0-255,66,102865,87,353263
13642,0.001428,172.253.118.0-255,5738,108603,87,353263
13643,0.00143,172.31.47.0-255,66,108669,87,353263
13644,0.001436,172.253.118.0-255,7156,115825,87,353263
13645,0.001439,172.31.47.0-255,66,115891,87,353263
13646,0.001461,172.253.118.0-255,5738,121629,87,353263
13647,0.001464,172.31.47.0-255,66,121695,87,353263
13648,0.001483,172.31.47.0-255,66,121761,87,353263
13649,0.001487,172.253.118.0-255,2184,123945,87,353263
13650,0.00149,172.31.47.0-255,66,124011,87,353263
13651,0.001521,172.253.118.0-255,1484,125495,87,353263
13652,0.001533,172.253.118.0-255,2902,128397,87,353263
13653,0.001536,172.31.47.0-255,66,128463,87,353263
13654,0.00154,172.253.118.0-255,1484,129947,87,353263
13655,0.001556,172.253.118.0-255,4320,134267,87,353263
13656,0.001558,172.31.47.0-255,66,134333,87,353263
13657,0.001561,172.253.118.0-255,1484,135817,87,353263
13658,0.001594,172.31.47.0-255,66,135883,87,353263
13659,0.001601,172.253.118.0-255,7156,143039,87,353263
13660,0.001603,172.31.47.0-255,66,143105,87,353263
13661,0.001629,172.253.118.0-255,3602,146707,87,353263
13662,0.001632,172.31.47.0-255,66,146773,87,353263
13663,0.001678,172.253.118.0-255,4320,151093,87,353263
13664,0.00168,172.31.47.0-255,66,151159,87,353263
13665,0.001696,172.253.118.0-255,5738,156897,87,353263
13666,0.001699,172.31.47.0-255,66,156963,87,353263
13667,0.001733,172.31.47.0-255,66,157029,87,353263
13668,0.001774,172.253.118.0-255,5738,162767,87,353263
13669,0.001777,172.31.47.0-255,66,162833,87,353263
13670,0.001798,172.253.118.0-255,6438,169271,87,353263
13671,0.0018,172.31.47.0-255,66,169337,87,353263
13672,0.001856,172.253.118.0-255,1484,170821,87,353263
13673,0.001872,172.253.118.0-255,2902,173723,87,353263
13674,0.001874,172.31.47.0-255,66,173789,87,353263
13675,0.001889,172.253.118.0-255,2902,176691,87,353263
13676,0.001891,172.31.47.0-255,66,176757,87,353263
13677,0.001905,172.253.118.0-255,1484,178241,87,353263
13678,0.00191,172.253.118.0-255,2902,181143,87,353263
13679,0.001912,172.31.47.0-255,66,181209,87,353263
13680,0.001933,172.253.118.0-255,5738,186947,87,353263
13681,0.001935,172.31.47.0-255,66,187013,87,353263
13682,0.001955,172.31.47.0-255,66,187079,87,353263
13683,0.001979,172.31.47.0-255,66,187145,87,353263
13684,0.00394,172.253.118.0-255,5738,192883,87,353263
13685,0.003945,172.31.47.0-255,66,192949,87,353263
13686,0.005928,172.253.118.0-255,5738,198687,87,353263
13687,0.005934,172.31.47.0-255,66,198753,87,353263
13688,0.007886,172.253.118.0-255,5738,204491,87,353263
13689,0.00789,172.31.47.0-255,66,204557,87,353263
13690,0.009835,172.253.118.0-255,5738,210295,87,353263
13691,0.009842,172.31.47.0-255,66,210361,87,353263
13692,0.011795,172.253.118.0-255,5738,216099,87,353263
13693,0.011803,172.31.47.0-255,66,216165,87,353263
13694,0.013774,172.253.118.0-255,5738,221903,87,353263
13695,0.013781,172.31.47.0-255,66,221969,87,353263
13696,0.015732,172.253.118.0-255,5738,227707,87,353263
13697,0.01574,172.31.47.0-255,66,227773,87,353263
13698,0.01768,172.253.118.0-255,5738,233511,87,353263
13699,0.017687,172.31.47.0-255,66,233577,87,353263
13700,0.019636,172.253.118.0-255,5738,239315,87,353263
13701,0.019642,172.31.47.0-255,66,239381,87,353263
13702,0.021592,172.253.118.0-255,5738,245119,87,353263
13703,0.021602,172.31.47.0-255,66,245185,87,353263
13704,0.023559,172.253.118.0-255,5738,250923,87,353263
13705,0.023566,172.31.47.0-255,66,250989,87,353263
13706,0.025506,172.253.118.0-255,5738,256727,87,353263
13707,0.025518,172.31.47.0-255,66,256793,87,353263
13708,0.026817,172.31.47.0-255,171,256964,87,353263
13709,0.026844,172.31.47.0-255,1135,258099,87,353263
13710,0.026875,172.31.47.0-255,1514,259613,87,353263
13711,0.026876,172.31.47.0-255,1269,260882,87,353263
13712,0.027492,172.253.118.0-255,5738,266620,87,353263
13713,0.027497,172.31.47.0-255,66,266686,87,353263
13714,0.0284,104.244.42.0-255,66,266752,87,353263
13715,0.028405,104.244.42.0-255,66,266818,87,353263
13716,0.02842,104.244.42.0-255,66,266884,87,353263
13717,0.02944,172.253.118.0-255,5738,272622,87,353263
13718,0.029444,172.31.47.0-255,66,272688,87,353263
13719,0.031374,172.253.118.0-255,5738,278426,87,353263
13720,0.031379,172.31.47.0-255,66,278492,87,353263
13721,0.033311,172.253.118.0-255,5738,284230,87,353263
13722,0.033317,172.31.47.0-255,66,284296,87,353263
13723,0.035254,172.253.118.0-255,5738,290034,87,353263
13724,0.03526,172.31.47.0-255,66,290100,87,353263
13725,0.037198,172.253.118.0-255,5738,295838,87,353263
13726,0.037203,172.31.47.0-255,66,295904,87,353263
13727,0.039144,172.253.118.0-255,5738,301642,87,353263
13728,0.039149,172.31.47.0-255,66,301708,87,353263
13729,0.041089,172.253.118.0-255,5738,307446,87,353263
13730,0.041094,172.31.47.0-255,66,307512,87,353263
13731,0.043025,172.253.118.0-255,5738,313250,87,353263
13732,0.043031,172.31.47.0-255,66,313316,87,353263
13733,0.044983,172.253.118.0-255,4320,317636,87,353263
13734,0.044989,172.31.47.0-255,66,317702,87,353263
13735,0.045016,172.253.118.0-255,1484,319186,87,353263
13736,0.046931,172.253.118.0-255,2902,322088,87,353263
13737,0.046936,172.31.47.0-255,66,322154,87,353263
13738,0.04696,172.253.118.0-255,1484,323638,87,353263
13739,0.048869,172.253.118.0-255,4320,327958,87,353263
13740,0.048874,172.31.47.0-255,66,328024,87,353263
13741,0.050813,172.253.118.0-255,5738,333762,87,353263
13742,0.050817,172.31.47.0-255,66,333828,87,353263
13743,0.052779,172.253.118.0-255,5738,339566,87,353263
13744,0.052784,172.31.47.0-255,66,339632,87,353263
13745,0.054718,172.253.118.0-255,5738,345370,87,353263
13746,0.054724,172.31.47.0-255,66,345436,87,353263
13747,0.056664,172.253.118.0-255,5738,351174,87,353263
13748,0.056668,172.31.47.0-255,66,351240,87,353263
13749,0.058614,172.253.118.0-255,1786,353026,87,353263
13750,0.058619,172.31.47.0-255,66,353092,87,353263
13751,0.058798,172.31.47.0-255,105,353197,87,353263
13752,0.060708,172.253.118.0-255,66,353263,87,353263
13753,0.0,172.217.194.0-255,297,297,87,379570
13754,3.4e-05,172.31.47.0-255,66,363,87,379570
13755,4e-05,172.217.194.0-255,1484,1847,87,379570
13756,4.5e-05,172.31.47.0-255,66,1913,87,379570
13757,5.1e-05,172.217.194.0-255,4320,6233,87,379570
13758,5.4e-05,172.31.47.0-255,66,6299,87,379570
13759,6.4e-05,172.31.47.0-255,66,6365,87,379570
13760,8.9e-05,172.217.194.0-255,5738,12103,87,379570
13761,9.2e-05,172.31.47.0-255,66,12169,87,379570
13762,0.000124,172.31.47.0-255,66,12235,87,379570
13763,0.000129,172.217.194.0-255,2543,14778,87,379570
13764,0.000131,172.31.47.0-255,66,14844,87,379570
13765,0.00043,172.217.194.0-255,1484,16328,87,379570
13766,0.000436,172.31.47.0-255,66,16394,87,379570
13767,0.000442,172.217.194.0-255,2902,19296,87,379570
13768,0.000446,172.31.47.0-255,66,19362,87,379570
13769,0.000475,172.217.194.0-255,5738,25100,87,379570
13770,0.000479,172.31.47.0-255,66,25166,87,379570
13771,0.000485,172.217.194.0-255,5738,30904,87,379570
13772,0.000488,172.31.47.0-255,66,30970,87,379570
13773,0.000515,172.31.47.0-255,66,31036,87,379570
13774,0.000538,172.217.194.0-255,3961,34997,87,379570
13775,0.000542,172.31.47.0-255,66,35063,87,379570
13776,0.000549,172.217.194.0-255,3961,39024,87,379570
13777,0.000551,172.31.47.0-255,66,39090,87,379570
13778,0.001164,172.217.194.0-255,645,39735,87,379570
13779,0.001169,172.31.47.0-255,66,39801,87,379570
13780,0.0013,172.217.194.0-255,1484,41285,87,379570
13781,0.001305,172.31.47.0-255,66,41351,87,379570
13782,0.001318,172.217.194.0-255,2902,44253,87,379570
13783,0.001321,172.31.47.0-255,66,44319,87,379570
13784,0.001342,172.217.194.0-255,1484,45803,87,379570
13785,0.001357,172.217.194.0-255,4320,50123,87,379570
13786,0.001359,172.31.47.0-255,66,50189,87,379570
13787,0.001414,172.217.194.0-255,7156,57345,87,379570
13788,0.001418,172.31.47.0-255,66,57411,87,379570
13789,0.001438,172.217.194.0-255,5738,63149,87,379570
13790,0.00144,172.31.47.0-255,66,63215,87,379570
13791,0.001449,172.31.47.0-255,66,63281,87,379570
13792,0.001453,172.217.194.0-255,2184,65465,87,379570
13793,0.001454,172.31.47.0-255,66,65531,87,379570
13794,0.001702,172.217.194.0-255,1484,67015,87,379570
13795,0.001716,172.217.194.0-255,2902,69917,87,379570
13796,0.001719,172.31.47.0-255,66,69983,87,379570
13797,0.001724,172.217.194.0-255,2902,72885,87,379570
13798,0.001726,172.31.47.0-255,66,72951,87,379570
13799,0.001739,172.217.194.0-255,2902,75853,87,379570
13800,0.001742,172.31.47.0-255,66,75919,87,379570
13801,0.001746,172.217.194.0-255,2902,78821,87,379570
13802,0.001747,172.31.47.0-255,66,78887,87,379570
13803,0.00177,172.217.194.0-255,4320,83207,87,379570
13804,0.001773,172.31.47.0-255,66,83273,87,379570
13805,0.001785,172.217.194.0-255,2902,86175,87,379570
13806,0.001787,172.31.47.0-255,66,86241,87,379570
13807,0.001808,172.217.194.0-255,5738,91979,87,379570
13808,0.00181,172.31.47.0-255,66,92045,87,379570
13809,0.001817,172.217.194.0-255,7156,99201,87,379570
13810,0.001819,172.31.47.0-255,66,99267,87,379570
13811,0.001821,172.217.194.0-255,766,100033,87,379570
13812,0.003787,172.217.194.0-255,4320,104353,87,379570
13813,0.003794,172.31.47.0-255,66,104419,87,379570
13814,0.005794,172.217.194.0-255,4320,108739,87,379570
13815,0.005799,172.31.47.0-255,66,108805,87,379570
13816,0.005814,172.217.194.0-255,1484,110289,87,379570
13817,0.007789,172.217.194.0-255,2902,113191,87,379570
13818,0.007794,172.31.47.0-255,66,113257,87,379570
13819,0.00781,172.217.194.0-255,1484,114741,87,379570
13820,0.009786,172.217.194.0-255,4320,119061,87,379570
13821,0.009792,172.31.47.0-255,66,119127,87,379570
13822,0.01177,172.217.194.0-255,4320,123447,87,379570
13823,0.011776,172.31.47.0-255,66,123513,87,379570
13824,0.011795,172.217.194.0-255,1484,124997,87,379570
13825,0.013744,172.217.194.0-255,4320,129317,87,379570
13826,0.013752,172.31.47.0-255,66,129383,87,379570
13827,0.015711,172.217.194.0-255,5738,135121,87,379570
13828,0.015717,172.31.47.0-255,66,135187,87,379570
13829,0.017691,172.217.194.0-255,5738,140925,87,379570
13830,0.017696,172.31.47.0-255,66,140991,87,379570
13831,0.019659,172.217.194.0-255,5738,146729,87,379570
13832,0.019666,172.31.47.0-255,66,146795,87,379570
13833,0.021614,172.217.194.0-255,5738,152533,87,379570
13834,0.021622,172.31.47.0-255,66,152599,87,379570
13835,0.023556,172.217.194.0-255,4320,156919,87,379570
13836,0.023564,172.31.47.0-255,66,156985,87,379570
13837,0.023578,172.217.194.0-255,1484,158469,87,379570
13838,0.023581,172.31.47.0-255,167,158636,87,379570
13839,0.023609,172.31.47.0-255,1111,159747,87,379570
13840,0.023707,172.31.47.0-255,1514,161261,87,379570
13841,0.023709,172.31.47.0-255,329,161590,87,379570
13842,0.025285,104.244.42.0-255,66,161656,87,379570
13843,0.025563,172.217.194.0-255,4320,165976,87,379570
13844,0.025567,172.31.47.0-255,66,166042,87,379570
13845,0.027537,172.217.194.0-255,5738,171780,87,379570
13846,0.027543,172.31.47.0-255,66,171846,87,379570
13847,0.029485,172.217.194.0-255,5738,177584,87,379570
13848,0.02949,172.31.47.0-255,66,177650,87,379570
13849,0.031451,172.217.194.0-255,5738,183388,87,379570
13850,0.031458,172.31.47.0-255,66,183454,87,379570
13851,0.03341,172.217.194.0-255,5738,189192,87,379570
13852,0.033416,172.31.47.0-255,66,189258,87,379570
13853,0.035375,172.217.194.0-255,5738,194996,87,379570
13854,0.035381,172.31.47.0-255,66,195062,87,379570
13855,0.037322,172.217.194.0-255,5738,200800,87,379570
13856,0.037328,172.31.47.0-255,66,200866,87,379570
13857,0.039305,172.217.194.0-255,5738,206604,87,379570
13858,0.039311,172.31.47.0-255,66,206670,87,379570
13859,0.041258,172.217.194.0-255,5738,212408,87,379570
13860,0.041264,172.31.47.0-255,66,212474,87,379570
13861,0.043236,172.217.194.0-255,5738,218212,87,379570
13862,0.043242,172.31.47.0-255,66,218278,87,379570
13863,0.045197,172.217.194.0-255,5738,224016,87,379570
13864,0.045202,172.31.47.0-255,66,224082,87,379570
13865,0.047162,172.217.194.0-255,5738,229820,87,379570
13866,0.047169,172.31.47.0-255,66,229886,87,379570
13867,0.049112,172.217.194.0-255,5738,235624,87,379570
13868,0.049119,172.31.47.0-255,66,235690,87,379570
13869,0.051113,172.217.194.0-255,5738,241428,87,379570
13870,0.051122,172.31.47.0-255,66,241494,87,379570
13871,0.053114,172.217.194.0-255,5738,247232,87,379570
13872,0.053119,172.31.47.0-255,66,247298,87,379570
13873,0.055047,172.217.194.0-255,5738,253036,87,379570
13874,0.055052,172.31.47.0-255,66,253102,87,379570
13875,0.057001,172.217.194.0-255,2902,256004,87,379570
13876,0.057006,172.31.47.0-255,66,256070,87,379570
13877,0.057036,172.217.194.0-255,2902,258972,87,379570
13878,0.057039,172.31.47.0-255,66,259038,87,379570
13879,0.058946,172.217.194.0-255,5738,264776,87,379570
13880,0.058951,172.31.47.0-255,66,264842,87,379570
13881,0.060916,172.217.194.0-255,5738,270580,87,379570
13882,0.060922,172.31.47.0-255,66,270646,87,379570
13883,0.062867,172.217.194.0-255,5738,276384,87,379570
13884,0.062873,172.31.47.0-255,66,276450,87,379570
13885,0.064862,172.217.194.0-255,5738,282188,87,379570
13886,0.064881,172.31.47.0-255,66,282254,87,379570
13887,0.066847,172.217.194.0-255,5738,287992,87,379570
13888,0.066853,172.31.47.0-255,66,288058,87,379570
13889,0.068826,172.217.194.0-255,5738,293796,87,379570
13890,0.068833,172.31.47.0-255,66,293862,87,379570
13891,0.070836,172.217.194.0-255,5738,299600,87,379570
13892,0.070844,172.31.47.0-255,66,299666,87,379570
13893,0.072924,172.217.194.0-255,5738,305404,87,379570
13894,0.07293,172.31.47.0-255,66,305470,87,379570
13895,0.074876,172.217.194.0-255,5738,311208,87,379570
13896,0.074881,172.31.47.0-255,66,311274,87,379570
13897,0.076833,172.217.194.0-255,5738,317012,87,379570
13898,0.076838,172.31.47.0-255,66,317078,87,379570
13899,0.078831,172.217.194.0-255,5738,322816,87,379570
13900,0.078836,172.31.47.0-255,66,322882,87,379570
13901,0.080831,172.217.194.0-255,5738,328620,87,379570
13902,0.080836,172.31.47.0-255,66,328686,87,379570
13903,0.082831,172.217.194.0-255,5738,334424,87,379570
13904,0.082838,172.31.47.0-255,66,334490,87,379570
13905,0.084798,172.217.194.0-255,5738,340228,87,379570
13906,0.084804,172.31.47.0-255,66,340294,87,379570
13907,0.086774,172.217.194.0-255,5738,346032,87,379570
13908,0.086779,172.31.47.0-255,66,346098,87,379570
13909,0.088788,172.217.194.0-255,5738,351836,87,379570
13910,0.088799,172.31.47.0-255,66,351902,87,379570
13911,0.090759,172.217.194.0-255,5738,357640,87,379570
13912,0.090765,172.31.47.0-255,66,357706,87,379570
13913,0.09276,172.217.194.0-255,5738,363444,87,379570
13914,0.092766,172.31.47.0-255,66,363510,87,379570
13915,0.09471,172.217.194.0-255,5738,369248,87,379570
13916,0.094715,172.31.47.0-255,66,369314,87,379570
13917,0.096714,172.217.194.0-255,4320,373634,87,379570
13918,0.09672,172.31.47.0-255,66,373700,87,379570
13919,0.096751,172.217.194.0-255,1484,375184,87,379570
13920,0.098669,172.217.194.0-255,4320,379504,87,379570
13921,0.098674,172.31.47.0-255,66,379570,87,379570
13922,0.0,172.217.194.0-255,153,153,87,320633
13923,2.6e-05,172.31.47.0-255,66,219,87,320633
13924,3.4e-05,172.217.194.0-255,1484,1703,87,320633
13925,3.8e-05,172.31.47.0-255,66,1769,87,320633
13926,4.3e-05,172.217.194.0-255,2902,4671,87,320633
13927,5.5e-05,172.31.47.0-255,66,4737,87,320633
13928,6.1e-05,172.217.194.0-255,7156,11893,87,320633
13929,6.4e-05,172.31.47.0-255,66,11959,87,320633
13930,6.7e-05,172.217.194.0-255,2174,14133,87,320633
13931,7e-05,172.31.47.0-255,66,14199,87,320633
13932,0.000177,172.217.194.0-255,1484,15683,87,320633
13933,0.000181,172.31.47.0-255,66,15749,87,320633
13934,0.000187,172.217.194.0-255,2902,18651,87,320633
13935,0.00019,172.31.47.0-255,66,18717,87,320633
13936,0.000193,172.217.194.0-255,1484,20201,87,320633
13937,0.0002,172.31.47.0-255,66,20267,87,320633
13938,0.000232,172.217.194.0-255,4320,24587,87,320633
13939,0.000235,172.31.47.0-255,66,24653,87,320633
13940,0.000248,172.217.194.0-255,2902,27555,87,320633
13941,0.00025,172.31.47.0-255,66,27621,87,320633
13942,0.000278,172.217.194.0-255,3961,31582,87,320633
13943,0.000282,172.31.47.0-255,66,31648,87,320633
13944,0.000494,172.217.194.0-255,1484,33132,87,320633
13945,0.000499,172.31.47.0-255,66,33198,87,320633
13946,0.000506,172.217.194.0-255,2902,36100,87,320633
13947,0.000508,172.31.47.0-255,66,36166,87,320633
13948,0.000514,172.217.194.0-255,4320,40486,87,320633
13949,0.000523,172.31.47.0-255,66,40552,87,320633
13950,0.000546,172.217.194.0-255,1484,42036,87,320633
13951,0.000549,172.31.47.0-255,66,42102,87,320633
13952,0.000564,172.31.47.0-255,66,42168,87,320633
13953,0.000578,172.31.47.0-255,66,42234,87,320633
13954,0.000924,172.217.194.0-255,367,42601,87,320633
13955,0.000957,172.31.47.0-255,66,42667,87,320633
13956,0.001221,172.217.194.0-255,1484,44151,87,320633
13957,0.001231,172.217.194.0-255,2902,47053,87,320633
13958,0.001235,172.31.47.0-255,66,47119,87,320633
13959,0.001242,172.217.194.0-255,5738,52857,87,320633
13960,0.001244,172.31.47.0-255,66,52923,87,320633
13961,0.001286,172.31.47.0-255,66,52989,87,320633
13962,0.001317,172.217.194.0-255,4320,57309,87,320633
13963,0.001321,172.31.47.0-255,66,57375,87,320633
13964,0.001334,172.31.47.0-255,66,57441,87,320633
13965,0.001533,172.217.194.0-255,1484,58925,87,320633
13966,0.001539,172.217.194.0-255,2902,61827,87,320633
13967,0.001546,172.31.47.0-255,66,61893,87,320633
13968,0.001568,172.217.194.0-255,5738,67631,87,320633
13969,0.001571,172.31.47.0-255,66,67697,87,320633
13970,0.001581,172.31.47.0-255,66,67763,87,320633
13971,0.00162,172.217.194.0-255,4320,72083,87,320633
13972,0.001624,172.31.47.0-255,66,72149,87,320633
13973,0.001634,172.31.47.0-255,66,72215,87,320633
13974,0.001637,172.217.194.0-255,766,72981,87,320633
13975,0.001941,172.31.47.0-255,66,73047,87,320633
13976,0.002165,172.217.194.0-255,1484,74531,87,320633
13977,0.002173,172.217.194.0-255,2902,77433,87,320633
13978,0.002176,172.31.47.0-255,66,77499,87,320633
13979,0.002183,172.217.194.0-255,5738,83237,87,320633
13980,0.002185,172.31.47.0-255,66,83303,87,320633
13981,0.002188,172.217.194.0-255,1484,84787,87,320633
13982,0.002219,172.31.47.0-255,66,84853,87,320633
13983,0.00223,172.31.47.0-255,66,84919,87,320633
13984,0.004559,172.217.194.0-255,5738,90657,87,320633
13985,0.004562,172.31.47.0-255,66,90723,87,320633
13986,0.006936,172.217.194.0-255,5738,96461,87,320633
13987,0.006941,172.31.47.0-255,66,96527,87,320633
13988,0.009287,172.217.194.0-255,5738,102265,87,320633
13989,0.009293,172.31.47.0-255,66,102331,87,320633
13990,0.011602,172.217.194.0-255,5738,108069,87,320633
13991,0.011608,172.31.47.0-255,66,108135,87,320633
13992,0.01399,172.217.194.0-255,5738,113873,87,320633
13993,0.014,172.31.47.0-255,66,113939,87,320633
13994,0.016335,172.217.194.0-255,5738,119677,87,320633
13995,0.01634,172.31.47.0-255,66,119743,87,320633
13996,0.018692,172.217.194.0-255,5738,125481,87,320633
13997,0.018698,172.31.47.0-255,66,125547,87,320633
13998,0.018957,172.31.47.0-255,171,125718,87,320633
13999,0.018984,172.31.47.0-255,1135,126853,87,320633
14000,0.019009,172.31.47.0-255,1514,128367,87,320633
14001,0.019011,172.31.47.0-255,304,128671,87,320633
14002,0.020497,104.244.42.0-255,66,128737,87,320633
14003,0.020675,104.244.42.0-255,66,128803,87,320633
14004,0.020717,104.244.42.0-255,66,128869,87,320633
14005,0.021012,172.217.194.0-255,4320,133189,87,320633
14006,0.021016,172.31.47.0-255,66,133255,87,320633
14007,0.021046,172.217.194.0-255,1484,134739,87,320633
14008,0.023362,172.217.194.0-255,4320,139059,87,320633
14009,0.023367,172.31.47.0-255,66,139125,87,320633
14010,0.025705,172.217.194.0-255,5738,144863,87,320633
14011,0.02571,172.31.47.0-255,66,144929,87,320633
14012,0.028031,172.217.194.0-255,4320,149249,87,320633
14013,0.028036,172.31.47.0-255,66,149315,87,320633
14014,0.028069,172.217.194.0-255,1484,150799,87,320633
14015,0.03036,172.217.194.0-255,2902,153701,87,320633
14016,0.030364,172.31.47.0-255,66,153767,87,320633
14017,0.030393,172.217.194.0-255,1484,155251,87,320633
14018,0.032701,172.217.194.0-255,4320,159571,87,320633
14019,0.032705,172.31.47.0-255,66,159637,87,320633
14020,0.035432,172.217.194.0-255,2902,162539,87,320633
14021,0.035436,172.31.47.0-255,66,162605,87,320633
14022,0.035498,172.217.194.0-255,2902,165507,87,320633
14023,0.035502,172.31.47.0-255,66,165573,87,320633
14024,0.037754,172.217.194.0-255,2902,168475,87,320633
14025,0.037772,172.31.47.0-255,66,168541,87,320633
14026,0.037807,172.217.194.0-255,2902,171443,87,320633
14027,0.03781,172.31.47.0-255,66,171509,87,320633
14028,0.040075,172.217.194.0-255,2902,174411,87,320633
14029,0.040079,172.31.47.0-255,66,174477,87,320633
14030,0.04011,172.217.194.0-255,2902,177379,87,320633
14031,0.040112,172.31.47.0-255,66,177445,87,320633
14032,0.042385,172.217.194.0-255,2902,180347,87,320633
14033,0.042389,172.31.47.0-255,66,180413,87,320633
14034,0.042427,172.217.194.0-255,2902,183315,87,320633
14035,0.042431,172.31.47.0-255,66,183381,87,320633
14036,0.044739,172.217.194.0-255,5738,189119,87,320633
14037,0.044744,172.31.47.0-255,66,189185,87,320633
14038,0.047066,172.217.194.0-255,5738,194923,87,320633
14039,0.047071,172.31.47.0-255,66,194989,87,320633
14040,0.04941,172.217.194.0-255,5738,200727,87,320633
14041,0.049414,172.31.47.0-255,66,200793,87,320633
14042,0.051741,172.217.194.0-255,4320,205113,87,320633
14043,0.051746,172.31.47.0-255,66,205179,87,320633
14044,0.051777,172.217.194.0-255,1484,206663,87,320633
14045,0.054051,172.217.194.0-255,4320,210983,87,320633
14046,0.054056,172.31.47.0-255,66,211049,87,320633
14047,0.05639,172.217.194.0-255,5738,216787,87,320633
14048,0.056395,172.31.47.0-255,66,216853,87,320633
14049,0.058731,172.217.194.0-255,5738,222591,87,320633
14050,0.058736,172.31.47.0-255,66,222657,87,320633
14051,0.061084,172.217.194.0-255,5738,228395,87,320633
14052,0.06109,172.31.47.0-255,66,228461,87,320633
14053,0.063427,172.217.194.0-255,5738,234199,87,320633
14054,0.063432,172.31.47.0-255,66,234265,87,320633
14055,0.065744,172.217.194.0-255,5738,240003,87,320633
14056,0.065749,172.31.47.0-255,66,240069,87,320633
14057,0.06808,172.217.194.0-255,5738,245807,87,320633
14058,0.068085,172.31.47.0-255,66,245873,87,320633
14059,0.070433,172.217.194.0-255,4320,250193,87,320633
14060,0.070436,172.31.47.0-255,66,250259,87,320633
14061,0.070462,172.217.194.0-255,1484,251743,87,320633
14062,0.072744,172.217.194.0-255,4320,256063,87,320633
14063,0.072748,172.31.47.0-255,66,256129,87,320633
14064,0.075101,172.217.194.0-255,5738,261867,87,320633
14065,0.075106,172.31.47.0-255,66,261933,87,320633
14066,0.077455,172.217.194.0-255,5738,267671,87,320633
14067,0.077461,172.31.47.0-255,66,267737,87,320633
14068,0.079789,172.217.194.0-255,5738,273475,87,320633
14069,0.079793,172.31.47.0-255,66,273541,87,320633
14070,0.082103,172.217.194.0-255,2902,276443,87,320633
14071,0.082108,172.31.47.0-255,66,276509,87,320633
14072,0.082137,172.217.194.0-255,2902,279411,87,320633
14073,0.082139,172.31.47.0-255,66,279477,87,320633
14074,0.084531,172.217.194.0-255,5738,285215,87,320633
14075,0.084536,172.31.47.0-255,66,285281,87,320633
14076,0.086852,172.217.194.0-255,5738,291019,87,320633
14077,0.086857,172.31.47.0-255,66,291085,87,320633
14078,0.089171,172.217.194.0-255,5738,296823,87,320633
14079,0.089175,172.31.47.0-255,66,296889,87,320633
14080,0.091502,172.217.194.0-255,2902,299791,87,320633
14081,0.091507,172.31.47.0-255,66,299857,87,320633
14082,0.091535,172.217.194.0-255,2902,302759,87,320633
14083,0.091538,172.31.47.0-255,66,302825,87,320633
14084,0.093809,172.217.194.0-255,2902,305727,87,320633
14085,0.093815,172.31.47.0-255,66,305793,87,320633
14086,0.093849,172.217.194.0-255,2902,308695,87,320633
14087,0.093852,172.31.47.0-255,66,308761,87,320633
14088,0.096134,172.217.194.0-255,2902,311663,87,320633
14089,0.096138,172.31.47.0-255,66,311729,87,320633
14090,0.096171,172.217.194.0-255,2902,314631,87,320633
14091,0.096174,172.31.47.0-255,66,314697,87,320633
14092,0.098436,172.217.194.0-255,2902,317599,87,320633
14093,0.09844,172.31.47.0-255,66,317665,87,320633
14094,0.09848,172.217.194.0-255,2902,320567,87,320633
14095,0.098483,172.31.47.0-255,66,320633,87,320633
14096,0.0,172.217.194.0-255,153,153,87,316039
14097,2.6e-05,172.31.47.0-255,66,219,87,316039
14098,3.3e-05,172.217.194.0-255,1484,1703,87,316039
14099,3.7e-05,172.31.47.0-255,66,1769,87,316039
14100,4.2e-05,172.217.194.0-255,2902,4671,87,316039
14101,4.5e-05,172.31.47.0-255,66,4737,87,316039
14102,5.9e-05,172.217.194.0-255,7156,11893,87,316039
14103,6.2e-05,172.31.47.0-255,66,11959,87,316039
14104,0.000105,172.31.47.0-255,66,12025,87,316039
14105,0.000116,172.31.47.0-255,66,12091,87,316039
14106,0.000227,172.217.194.0-255,1484,13575,87,316039
14107,0.000231,172.31.47.0-255,66,13641,87,316039
14108,0.000249,172.217.194.0-255,2902,16543,87,316039
14109,0.000252,172.31.47.0-255,66,16609,87,316039
14110,0.000258,172.217.194.0-255,4320,20929,87,316039
14111,0.000261,172.31.47.0-255,66,20995,87,316039
14112,0.00029,172.217.194.0-255,1484,22479,87,316039
14113,0.000293,172.31.47.0-255,66,22545,87,316039
14114,0.000304,172.31.47.0-255,66,22611,87,316039
14115,0.000314,172.31.47.0-255,66,22677,87,316039
14116,0.000342,172.217.194.0-255,6797,29474,87,316039
14117,0.000346,172.31.47.0-255,66,29540,87,316039
14118,0.001413,172.217.194.0-255,646,30186,87,316039
14119,0.00142,172.31.47.0-255,66,30252,87,316039
14120,0.001441,172.217.194.0-255,1484,31736,87,316039
14121,0.001444,172.31.47.0-255,66,31802,87,316039
14122,0.00145,172.217.194.0-255,4320,36122,87,316039
14123,0.001458,172.31.47.0-255,66,36188,87,316039
14124,0.001486,172.31.47.0-255,66,36254,87,316039
14125,0.001502,172.31.47.0-255,66,36320,87,316039
14126,0.001557,172.31.47.0-255,66,36386,87,316039
14127,0.001638,172.217.194.0-255,1484,37870,87,316039
14128,0.001651,172.217.194.0-255,2902,40772,87,316039
14129,0.001653,172.31.47.0-255,66,40838,87,316039
14130,0.001676,172.217.194.0-255,5738,46576,87,316039
14131,0.001678,172.31.47.0-255,66,46642,87,316039
14132,0.001683,172.217.194.0-255,2902,49544,87,316039
14133,0.001685,172.31.47.0-255,66,49610,87,316039
14134,0.001707,172.217.194.0-255,4320,53930,87,316039
14135,0.001713,172.31.47.0-255,66,53996,87,316039
14136,0.001719,172.217.194.0-255,5738,59734,87,316039
14137,0.001721,172.31.47.0-255,66,59800,87,316039
14138,0.001755,172.31.47.0-255,66,59866,87,316039
14139,0.001759,172.217.194.0-255,2184,62050,87,316039
14140,0.001761,172.31.47.0-255,66,62116,87,316039
14141,0.001786,172.217.194.0-255,2902,65018,87,316039
14142,0.001789,172.31.47.0-255,66,65084,87,316039
14143,0.001794,172.217.194.0-255,4320,69404,87,316039
14144,0.001796,172.31.47.0-255,66,69470,87,316039
14145,0.001839,172.217.194.0-255,2902,72372,87,316039
14146,0.001919,172.217.194.0-255,1484,73856,87,316039
14147,0.001923,172.217.194.0-255,2902,76758,87,316039
14148,0.001937,172.217.194.0-255,2902,79660,87,316039
14149,0.00195,172.217.194.0-255,2902,82562,87,316039
14150,0.001955,172.217.194.0-255,2902,85464,87,316039
14151,0.001968,172.217.194.0-255,7156,92620,87,316039
14152,0.001982,172.217.194.0-255,2902,95522,87,316039
14153,0.001994,172.217.194.0-255,2902,98424,87,316039
14154,0.005502,172.31.47.0-255,66,98490,87,316039
14155,0.007798,172.217.194.0-255,5738,104228,87,316039
14156,0.007805,172.31.47.0-255,66,104294,87,316039
14157,0.010083,172.217.194.0-255,5738,110032,87,316039
14158,0.010091,172.31.47.0-255,66,110098,87,316039
14159,0.012368,172.217.194.0-255,5738,115836,87,316039
14160,0.012375,172.31.47.0-255,66,115902,87,316039
14161,0.014669,172.217.194.0-255,5738,121640,87,316039
14162,0.014676,172.31.47.0-255,66,121706,87,316039
14163,0.016961,172.217.194.0-255,5738,127444,87,316039
14164,0.016971,172.31.47.0-255,66,127510,87,316039
14165,0.019272,172.217.194.0-255,5738,133248,87,316039
14166,0.019277,172.31.47.0-255,66,133314,87,316039
14167,0.021578,172.217.194.0-255,5738,139052,87,316039
14168,0.021584,172.31.47.0-255,66,139118,87,316039
14169,0.023854,172.217.194.0-255,5738,144856,87,316039
14170,0.02386,172.31.47.0-255,66,144922,87,316039
14171,0.023981,172.31.47.0-255,172,145094,87,316039
14172,0.024008,172.31.47.0-255,1103,146197,87,316039
14173,0.024041,172.31.47.0-255,1514,147711,87,316039
14174,0.024043,172.31.47.0-255,1514,149225,87,316039
14175,0.024048,172.31.47.0-255,1514,150739,87,316039
14176,0.024049,172.31.47.0-255,1081,151820,87,316039
14177,0.025503,104.244.42.0-255,66,151886,87,316039
14178,0.025512,104.244.42.0-255,66,151952,87,316039
14179,0.025587,104.244.42.0-255,66,152018,87,316039
14180,0.025592,104.244.42.0-255,66,152084,87,316039
14181,0.026147,172.217.194.0-255,5738,157822,87,316039
14182,0.026158,172.31.47.0-255,66,157888,87,316039
14183,0.02845,172.217.194.0-255,5738,163626,87,316039
14184,0.028465,172.31.47.0-255,66,163692,87,316039
14185,0.030758,172.217.194.0-255,5738,169430,87,316039
14186,0.030774,172.31.47.0-255,66,169496,87,316039
14187,0.033107,172.217.194.0-255,5738,175234,87,316039
14188,0.033121,172.31.47.0-255,66,175300,87,316039
14189,0.035424,172.217.194.0-255,5738,181038,87,316039
14190,0.035434,172.31.47.0-255,66,181104,87,316039
14191,0.037746,172.217.194.0-255,5738,186842,87,316039
14192,0.037765,172.31.47.0-255,66,186908,87,316039
14193,0.040084,172.217.194.0-255,5738,192646,87,316039
14194,0.040103,172.31.47.0-255,66,192712,87,316039
14195,0.042394,172.217.194.0-255,5738,198450,87,316039
14196,0.042429,172.31.47.0-255,66,198516,87,316039
14197,0.044754,172.217.194.0-255,5738,204254,87,316039
14198,0.044772,172.31.47.0-255,66,204320,87,316039
14199,0.047053,172.217.194.0-255,5738,210058,87,316039
14200,0.047062,172.31.47.0-255,66,210124,87,316039
14201,0.049359,172.217.194.0-255,5738,215862,87,316039
14202,0.049363,172.31.47.0-255,66,215928,87,316039
14203,0.051633,172.217.194.0-255,5738,221666,87,316039
14204,0.051638,172.31.47.0-255,66,221732,87,316039
14205,0.053916,172.217.194.0-255,5738,227470,87,316039
14206,0.053921,172.31.47.0-255,66,227536,87,316039
14207,0.056208,172.217.194.0-255,5738,233274,87,316039
14208,0.056213,172.31.47.0-255,66,233340,87,316039
14209,0.058509,172.217.194.0-255,5738,239078,87,316039
14210,0.058513,172.31.47.0-255,66,239144,87,316039
14211,0.0608,172.217.194.0-255,5738,244882,87,316039
14212,0.060807,172.31.47.0-255,66,244948,87,316039
14213,0.063081,172.217.194.0-255,5738,250686,87,316039
14214,0.063088,172.31.47.0-255,66,250752,87,316039
14215,0.065381,172.217.194.0-255,4320,255072,87,316039
14216,0.065386,172.31.47.0-255,66,255138,87,316039
14217,0.065415,172.217.194.0-255,1484,256622,87,316039
14218,0.06767,172.217.194.0-255,4320,260942,87,316039
14219,0.067675,172.31.47.0-255,66,261008,87,316039
14220,0.069961,172.217.194.0-255,5738,266746,87,316039
14221,0.069965,172.31.47.0-255,66,266812,87,316039
14222,0.072254,172.217.194.0-255,5738,272550,87,316039
14223,0.07226,172.31.47.0-255,66,272616,87,316039
14224,0.074536,172.217.194.0-255,5738,278354,87,316039
14225,0.074541,172.31.47.0-255,66,278420,87,316039
14226,0.076828,172.217.194.0-255,5738,284158,87,316039
14227,0.076833,172.31.47.0-255,66,284224,87,316039
14228,0.079128,172.217.194.0-255,5738,289962,87,316039
14229,0.079132,172.31.47.0-255,66,290028,87,316039
14230,0.081411,172.217.194.0-255,4320,294348,87,316039
14231,0.081416,172.31.47.0-255,66,294414,87,316039
14232,0.08146,172.217.194.0-255,1484,295898,87,316039
14233,0.083682,172.217.194.0-255,4320,300218,87,316039
14234,0.083688,172.31.47.0-255,66,300284,87,316039
14235,0.085979,172.217.194.0-255,5738,306022,87,316039
14236,0.085985,172.31.47.0-255,66,306088,87,316039
14237,0.088256,172.217.194.0-255,5738,311826,87,316039
14238,0.088263,172.31.47.0-255,66,311892,87,316039
14239,0.090542,172.217.194.0-255,3910,315802,87,316039
14240,0.090547,172.31.47.0-255,66,315868,87,316039
14241,0.090713,172.31.47.0-255,105,315973,87,316039
14242,0.092974,172.217.194.0-255,66,316039,87,316039
14243,0.0,172.217.24.0-255,150,150,87,381880
14244,2.5e-05,172.31.47.0-255,66,216,87,381880
14245,3e-05,172.217.24.0-255,1484,1700,87,381880
14246,3.4e-05,172.31.47.0-255,66,1766,87,381880
14247,3.8e-05,172.217.24.0-255,2902,4668,87,381880
14248,4.7e-05,172.31.47.0-255,66,4734,87,381880
14249,5.4e-05,172.217.24.0-255,5738,10472,87,381880
14250,5.6e-05,172.31.47.0-255,66,10538,87,381880
14251,0.000109,172.31.47.0-255,66,10604,87,381880
14252,0.000116,172.217.24.0-255,6797,17401,87,381880
14253,0.000118,172.31.47.0-255,66,17467,87,381880
14254,0.000248,172.217.24.0-255,1484,18951,87,381880
14255,0.000253,172.31.47.0-255,66,19017,87,381880
14256,0.000258,172.217.24.0-255,2902,21919,87,381880
14257,0.00026,172.31.47.0-255,66,21985,87,381880
14258,0.000295,172.217.24.0-255,5738,27723,87,381880
14259,0.000299,172.31.47.0-255,66,27789,87,381880
14260,0.000306,172.217.24.0-255,6797,34586,87,381880
14261,0.000308,172.31.47.0-255,66,34652,87,381880
14262,0.000559,172.217.24.0-255,1484,36136,87,381880
14263,0.000563,172.217.24.0-255,2902,39038,87,381880
14264,0.000564,172.31.47.0-255,66,39104,87,381880
14265,0.000568,172.31.47.0-255,66,39170,87,381880
14266,0.000604,172.217.24.0-255,5738,44908,87,381880
14267,0.000607,172.31.47.0-255,66,44974,87,381880
14268,0.000614,172.217.24.0-255,6797,51771,87,381880
14269,0.000616,172.31.47.0-255,66,51837,87,381880
14270,0.000619,172.217.24.0-255,350,52187,87,381880
14271,0.000622,172.31.47.0-255,66,52253,87,381880
14272,0.000939,172.217.24.0-255,142,52395,87,381880
14273,0.000945,172.31.47.0-255,66,52461,87,381880
14274,0.001061,172.217.24.0-255,1484,53945,87,381880
14275,0.001068,172.217.24.0-255,2902,56847,87,381880
14276,0.001072,172.31.47.0-255,66,56913,87,381880
14277,0.0011,172.217.24.0-255,5738,62651,87,381880
14278,0.001102,172.31.47.0-255,66,62717,87,381880
14279,0.001109,172.217.24.0-255,6797,69514,87,381880
14280,0.001111,172.31.47.0-255,66,69580,87,381880
14281,0.001152,172.217.24.0-255,2902,72482,87,381880
14282,0.001155,172.31.47.0-255,66,72548,87,381880
14283,0.001185,172.217.24.0-255,4320,76868,87,381880
14284,0.001188,172.31.47.0-255,66,76934,87,381880
14285,0.001198,172.31.47.0-255,66,77000,87,381880
14286,0.001206,172.217.24.0-255,1125,78125,87,381880
14287,0.001273,172.217.24.0-255,1484,79609,87,381880
14288,0.001279,172.31.47.0-255,66,79675,87,381880
14289,0.001284,172.217.24.0-255,2902,82577,87,381880
14290,0.001286,172.31.47.0-255,66,82643,87,381880
14291,0.001291,172.217.24.0-255,4320,86963,87,381880
14292,0.001299,172.31.47.0-255,66,87029,87,381880
14293,0.001329,172.217.24.0-255,1484,88513,87,381880
14294,0.001335,172.217.24.0-255,2902,91415,87,381880
14295,0.001337,172.31.47.0-255,66,91481,87,381880
14296,0.001341,172.217.24.0-255,3546,95027,87,381880
14297,0.001343,172.31.47.0-255,66,95093,87,381880
14298,0.001345,172.217.24.0-255,214,95307,87,381880
14299,0.001447,172.217.24.0-255,1484,96791,87,381880
14300,0.001449,172.31.47.0-255,66,96857,87,381880
14301,0.00146,172.217.24.0-255,2902,99759,87,381880
14302,0.001466,172.31.47.0-255,66,99825,87,381880
14303,0.001489,172.217.24.0-255,5738,105563,87,381880
14304,0.001491,172.31.47.0-255,66,105629,87,381880
14305,0.001519,172.31.47.0-255,66,105695,87,381880
14306,0.001539,172.217.24.0-255,1484,107179,87,381880
14307,0.001549,172.31.47.0-255,66,107245,87,381880
14308,0.001551,172.217.24.0-255,1484,108729,87,381880
14309,0.001553,172.217.24.0-255,766,109495,87,381880
14310,0.001554,172.31.47.0-255,66,109561,87,381880
14311,0.001802,172.217.24.0-255,1484,111045,87,381880
14312,0.001814,172.217.24.0-255,2902,113947,87,381880
14313,0.001817,172.31.47.0-255,66,114013,87,381880
14314,0.001819,172.217.24.0-255,1484,115497,87,381880
14315,0.001841,172.217.24.0-255,4320,119817,87,381880
14316,0.001845,172.217.24.0-255,2902,122719,87,381880
14317,0.001855,172.217.24.0-255,5738,128457,87,381880
14318,0.001869,172.217.24.0-255,4320,132777,87,381880
14319,0.001875,172.217.24.0-255,7156,139933,87,381880
14320,0.001909,172.217.24.0-255,3602,143535,87,381880
14321,0.002434,172.31.47.0-255,66,143601,87,381880
14322,0.004353,172.217.24.0-255,2902,146503,87,381880
14323,0.004358,172.31.47.0-255,66,146569,87,381880
14324,0.004374,172.217.24.0-255,2902,149471,87,381880
14325,0.004376,172.31.47.0-255,66,149537,87,381880
14326,0.006256,172.217.24.0-255,5738,155275,87,381880
14327,0.006261,172.31.47.0-255,66,155341,87,381880
14328,0.008158,172.217.24.0-255,5738,161079,87,381880
14329,0.008164,172.31.47.0-255,66,161145,87,381880
14330,0.010064,172.217.24.0-255,5738,166883,87,381880
14331,0.010071,172.31.47.0-255,66,166949,87,381880
14332,0.011967,172.217.24.0-255,5738,172687,87,381880
14333,0.011975,172.31.47.0-255,66,172753,87,381880
14334,0.013867,172.217.24.0-255,5738,178491,87,381880
14335,0.013874,172.31.47.0-255,66,178557,87,381880
14336,0.015771,172.217.24.0-255,5738,184295,87,381880
14337,0.015777,172.31.47.0-255,66,184361,87,381880
14338,0.017704,172.217.24.0-255,5738,190099,87,381880
14339,0.017709,172.31.47.0-255,66,190165,87,381880
14340,0.019606,172.217.24.0-255,5738,195903,87,381880
14341,0.019613,172.31.47.0-255,66,195969,87,381880
14342,0.021511,172.217.24.0-255,5738,201707,87,381880
14343,0.021517,172.31.47.0-255,66,201773,87,381880
14344,0.023045,172.31.47.0-255,171,201944,87,381880
14345,0.023072,172.31.47.0-255,1111,203055,87,381880
14346,0.023104,172.31.47.0-255,1514,204569,87,381880
14347,0.023105,172.31.47.0-255,1293,205862,87,381880
14348,0.023425,172.217.24.0-255,5738,211600,87,381880
14349,0.023432,172.31.47.0-255,66,211666,87,381880
14350,0.024608,104.244.42.0-255,66,211732,87,381880
14351,0.024644,104.244.42.0-255,66,211798,87,381880
14352,0.024646,104.244.42.0-255,66,211864,87,381880
14353,0.025318,172.217.24.0-255,5738,217602,87,381880
14354,0.025321,172.31.47.0-255,66,217668,87,381880
14355,0.027214,172.217.24.0-255,5738,223406,87,381880
14356,0.027219,172.31.47.0-255,66,223472,87,381880
14357,0.029114,172.217.24.0-255,5738,229210,87,381880
14358,0.029118,172.31.47.0-255,66,229276,87,381880
14359,0.031023,172.217.24.0-255,5738,235014,87,381880
14360,0.031033,172.31.47.0-255,66,235080,87,381880
14361,0.03293,172.217.24.0-255,5738,240818,87,381880
14362,0.032937,172.31.47.0-255,66,240884,87,381880
14363,0.034832,172.217.24.0-255,5738,246622,87,381880
14364,0.034838,172.31.47.0-255,66,246688,87,381880
14365,0.036734,172.217.24.0-255,5738,252426,87,381880
14366,0.036739,172.31.47.0-255,66,252492,87,381880
14367,0.038635,172.217.24.0-255,5738,258230,87,381880
14368,0.038655,172.31.47.0-255,66,258296,87,381880
14369,0.040552,172.217.24.0-255,5738,264034,87,381880
14370,0.040558,172.31.47.0-255,66,264100,87,381880
14371,0.042445,172.217.24.0-255,5738,269838,87,381880
14372,0.04245,172.31.47.0-255,66,269904,87,381880
14373,0.044339,172.217.24.0-255,5738,275642,87,381880
14374,0.044343,172.31.47.0-255,66,275708,87,381880
14375,0.046244,172.217.24.0-255,5738,281446,87,381880
14376,0.04625,172.31.47.0-255,66,281512,87,381880
14377,0.048143,172.217.24.0-255,2902,284414,87,381880
14378,0.048148,172.31.47.0-255,66,284480,87,381880
14379,0.04819,172.217.24.0-255,2902,287382,87,381880
14380,0.048194,172.31.47.0-255,66,287448,87,381880
14381,0.050044,172.217.24.0-255,2902,290350,87,381880
14382,0.050049,172.31.47.0-255,66,290416,87,381880
14383,0.050094,172.217.24.0-255,2902,293318,87,381880
14384,0.050098,172.31.47.0-255,66,293384,87,381880
14385,0.05194,172.217.24.0-255,2902,296286,87,381880
14386,0.051945,172.31.47.0-255,66,296352,87,381880
14387,0.051978,172.217.24.0-255,2902,299254,87,381880
14388,0.051981,172.31.47.0-255,66,299320,87,381880
14389,0.05383,172.217.24.0-255,2902,302222,87,381880
14390,0.053835,172.31.47.0-255,66,302288,87,381880
14391,0.053872,172.217.24.0-255,2902,305190,87,381880
14392,0.053876,172.31.47.0-255,66,305256,87,381880
14393,0.055722,172.217.24.0-255,2902,308158,87,381880
14394,0.055727,172.31.47.0-255,66,308224,87,381880
14395,0.055766,172.217.24.0-255,2902,311126,87,381880
14396,0.055769,172.31.47.0-255,66,311192,87,381880
14397,0.05762,172.217.24.0-255,2902,314094,87,381880
14398,0.057626,172.31.47.0-255,66,314160,87,381880
14399,0.057658,172.217.24.0-255,2902,317062,87,381880
14400,0.057662,172.31.47.0-255,66,317128,87,381880
14401,0.059517,172.217.24.0-255,2902,320030,87,381880
14402,0.059522,172.31.47.0-255,66,320096,87,381880
14403,0.059555,172.217.24.0-255,2902,322998,87,381880
14404,0.059558,172.31.47.0-255,66,323064,87,381880
14405,0.06141,172.217.24.0-255,2902,325966,87,381880
14406,0.061416,172.31.47.0-255,66,326032,87,381880
14407,0.061451,172.217.24.0-255,2902,328934,87,381880
14408,0.061455,172.31.47.0-255,66,329000,87,381880
14409,0.063305,172.217.24.0-255,2902,331902,87,381880
14410,0.063311,172.31.47.0-255,66,331968,87,381880
14411,0.063343,172.217.24.0-255,2902,334870,87,381880
14412,0.063346,172.31.47.0-255,66,334936,87,381880
14413,0.065203,172.217.24.0-255,2902,337838,87,381880
14414,0.065209,172.31.47.0-255,66,337904,87,381880
14415,0.065244,172.217.24.0-255,2902,340806,87,381880
14416,0.065248,172.31.47.0-255,66,340872,87,381880
14417,0.067098,172.217.24.0-255,2902,343774,87,381880
14418,0.067103,172.31.47.0-255,66,343840,87,381880
14419,0.067141,172.217.24.0-255,2902,346742,87,381880
14420,0.067144,172.31.47.0-255,66,346808,87,381880
14421,0.068994,172.217.24.0-255,2902,349710,87,381880
14422,0.068999,172.31.47.0-255,66,349776,87,381880
14423,0.069038,172.217.24.0-255,2902,352678,87,381880
14424,0.069041,172.31.47.0-255,66,352744,87,381880
14425,0.070882,172.217.24.0-255,2902,355646,87,381880
14426,0.070888,172.31.47.0-255,66,355712,87,381880
14427,0.070924,172.217.24.0-255,2902,358614,87,381880
14428,0.070928,172.31.47.0-255,66,358680,87,381880
14429,0.072795,172.217.24.0-255,2902,361582,87,381880
14430,0.0728,172.31.47.0-255,66,361648,87,381880
14431,0.072851,172.217.24.0-255,2902,364550,87,381880
14432,0.072855,172.31.47.0-255,66,364616,87,381880
14433,0.074687,172.217.24.0-255,2902,367518,87,381880
14434,0.074692,172.31.47.0-255,66,367584,87,381880
14435,0.074733,172.217.24.0-255,2902,370486,87,381880
14436,0.074737,172.31.47.0-255,66,370552,87,381880
14437,0.076601,172.217.24.0-255,2902,373454,87,381880
14438,0.076605,172.31.47.0-255,66,373520,87,381880
14439,0.076633,172.217.24.0-255,2902,376422,87,381880
14440,0.076635,172.31.47.0-255,66,376488,87,381880
14441,0.078491,172.217.24.0-255,2902,379390,87,381880
14442,0.078495,172.31.47.0-255,66,379456,87,381880
14443,0.078524,172.217.24.0-255,2187,381643,87,381880
14444,0.078527,172.31.47.0-255,66,381709,87,381880
14445,0.078645,172.31.47.0-255,105,381814,87,381880
14446,0.080506,172.217.24.0-255,66,381880,87,381880
14447,0.0,172.217.194.0-255,152,152,87,130334
14448,2.1e-05,172.31.47.0-255,66,218,87,130334
14449,2.8e-05,172.217.194.0-255,1484,1702,87,130334
14450,3.4e-05,172.31.47.0-255,66,1768,87,130334
14451,4e-05,172.217.194.0-255,2902,4670,87,130334
14452,5.2e-05,172.31.47.0-255,66,4736,87,130334
14453,6e-05,172.217.194.0-255,7156,11892,87,130334
14454,6.3e-05,172.31.47.0-255,66,11958,87,130334
14455,6.8e-05,172.217.194.0-255,1966,13924,87,130334
14456,7.1e-05,172.31.47.0-255,66,13990,87,130334
14457,0.000109,172.31.47.0-255,66,14056,87,130334
14458,0.000141,172.217.194.0-255,1484,15540,87,130334
14459,0.000144,172.31.47.0-255,66,15606,87,130334
14460,0.000201,172.217.194.0-255,6797,22403,87,130334
14461,0.000205,172.31.47.0-255,66,22469,87,130334
14462,0.000221,172.31.47.0-255,66,22535,87,130334
14463,0.000232,172.31.47.0-255,66,22601,87,130334
14464,0.000243,172.31.47.0-255,66,22667,87,130334
14465,0.000278,172.217.194.0-255,2902,25569,87,130334
14466,0.00028,172.31.47.0-255,66,25635,87,130334
14467,0.000309,172.217.194.0-255,5379,31014,87,130334
14468,0.000317,172.31.47.0-255,66,31080,87,130334
14469,0.000319,172.217.194.0-255,378,31458,87,130334
14470,0.000321,172.31.47.0-255,66,31524,87,130334
14471,0.000365,172.217.194.0-255,366,31890,87,130334
14472,0.000368,172.31.47.0-255,66,31956,87,130334
14473,0.000503,172.217.194.0-255,1484,33440,87,130334
14474,0.000508,172.31.47.0-255,66,33506,87,130334
14475,0.000514,172.217.194.0-255,2902,36408,87,130334
14476,0.000517,172.31.47.0-255,66,36474,87,130334
14477,0.000527,172.217.194.0-255,5738,42212,87,130334
14478,0.000529,172.31.47.0-255,66,42278,87,130334
14479,0.000556,172.217.194.0-255,6797,49075,87,130334
14480,0.000558,172.31.47.0-255,66,49141,87,130334
14481,0.00058,172.217.194.0-255,1484,50625,87,130334
14482,0.000601,172.217.194.0-255,5738,56363,87,130334
14483,0.000604,172.31.47.0-255,66,56429,87,130334
14484,0.000614,172.31.47.0-255,66,56495,87,130334
14485,0.001269,172.217.194.0-255,1484,57979,87,130334
14486,0.001275,172.217.194.0-255,2902,60881,87,130334
14487,0.001278,172.31.47.0-255,66,60947,87,130334
14488,0.001311,172.217.194.0-255,5738,66685,87,130334
14489,0.001313,172.31.47.0-255,66,66751,87,130334
14490,0.001346,172.31.47.0-255,66,66817,87,130334
14491,0.001363,172.217.194.0-255,2902,69719,87,130334
14492,0.001365,172.31.47.0-255,66,69785,87,130334
14493,0.001397,172.31.47.0-255,66,69851,87,130334
14494,0.001518,172.217.194.0-255,1484,71335,87,130334
14495,0.00154,172.217.194.0-255,2902,74237,87,130334
14496,0.001546,172.31.47.0-255,66,74303,87,130334
14497,0.001552,172.217.194.0-255,5738,80041,87,130334
14498,0.001553,172.31.47.0-255,66,80107,87,130334
14499,0.001566,172.31.47.0-255,66,80173,87,130334
14500,0.001597,172.217.194.0-255,4320,84493,87,130334
14501,0.001599,172.31.47.0-255,66,84559,87,130334
14502,0.00162,172.31.47.0-255,66,84625,87,130334
14503,0.001625,172.217.194.0-255,5738,90363,87,130334
14504,0.001627,172.31.47.0-255,66,90429,87,130334
14505,0.001659,172.31.47.0-255,66,90495,87,130334
14506,0.00167,172.31.47.0-255,66,90561,87,130334
14507,0.001723,172.31.47.0-255,66,90627,87,130334
14508,0.001759,172.31.47.0-255,66,90693,87,130334
14509,0.001769,172.31.47.0-255,66,90759,87,130334
14510,0.001799,172.31.47.0-255,66,90825,87,130334
14511,0.001808,172.31.47.0-255,66,90891,87,130334
14512,0.001884,172.31.47.0-255,66,90957,87,130334
14513,0.00189,172.217.194.0-255,7156,98113,87,130334
14514,0.001893,172.31.47.0-255,66,98179,87,130334
14515,0.001929,172.31.47.0-255,66,98245,87,130334
14516,0.001962,172.217.194.0-255,7156,105401,87,130334
14517,0.001965,172.31.47.0-255,66,105467,87,130334
14518,0.001971,172.217.194.0-255,6438,111905,87,130334
14519,0.001974,172.31.47.0-255,66,111971,87,130334
14520,0.001977,172.217.194.0-255,1484,113455,87,130334
14521,0.002002,172.217.194.0-255,5738,119193,87,130334
14522,0.002004,172.31.47.0-255,66,119259,87,130334
14523,0.00204,172.31.47.0-255,66,119325,87,130334
14524,0.002065,172.217.194.0-255,4320,123645,87,130334
14525,0.002068,172.31.47.0-255,66,123711,87,130334
14526,0.002104,172.31.47.0-255,66,123777,87,130334
14527,0.002122,172.31.47.0-255,66,123843,87,130334
14528,0.002133,172.31.47.0-255,66,123909,87,130334
14529,0.002191,172.31.47.0-255,66,123975,87,130334
14530,0.002221,172.31.47.0-255,66,124041,87,130334
14531,0.002234,172.31.47.0-255,66,124107,87,130334
14532,0.002258,172.217.194.0-255,1529,125636,87,130334
14533,0.002264,172.31.47.0-255,66,125702,87,130334
14534,0.002267,172.217.194.0-255,105,125807,87,130334
14535,0.004594,172.31.47.0-255,66,125873,87,130334
14536,0.004633,172.31.47.0-255,105,125978,87,130334
14537,0.006883,172.217.194.0-255,66,126044,87,130334
14538,0.028382,172.31.47.0-255,172,126216,87,130334
14539,0.028409,172.31.47.0-255,1112,127328,87,130334
14540,0.028466,172.31.47.0-255,1514,128842,87,130334
14541,0.028468,172.31.47.0-255,1294,130136,87,130334
14542,0.029928,104.244.42.0-255,66,130202,87,130334
14543,0.030144,104.244.42.0-255,66,130268,87,130334
14544,0.030164,104.244.42.0-255,66,130334,87,130334
14545,0.0,74.125.24.0-255,153,153,87,195041
14546,3.1e-05,172.31.47.0-255,66,219,87,195041
14547,3.6e-05,74.125.24.0-255,1484,1703,87,195041
14548,4e-05,172.31.47.0-255,66,1769,87,195041
14549,4.4e-05,74.125.24.0-255,2902,4671,87,195041
14550,4.6e-05,172.31.47.0-255,66,4737,87,195041
14551,5.2e-05,74.125.24.0-255,5738,10475,87,195041
14552,5.5e-05,172.31.47.0-255,66,10541,87,195041
14553,7.6e-05,74.125.24.0-255,1484,12025,87,195041
14554,8.1e-05,74.125.24.0-255,4826,16851,87,195041
14555,8.1e-05,172.31.47.0-255,66,16917,87,195041
14556,8.4e-05,74.125.24.0-255,2902,19819,87,195041
14557,8.4e-05,172.31.47.0-255,66,19885,87,195041
14558,8.6e-05,172.31.47.0-255,66,19951,87,195041
14559,0.0001,74.125.24.0-255,2902,22853,87,195041
14560,0.000103,172.31.47.0-255,66,22919,87,195041
14561,0.000117,74.125.24.0-255,1484,24403,87,195041
14562,0.000119,172.31.47.0-255,66,24469,87,195041
14563,0.000138,74.125.24.0-255,6797,31266,87,195041
14564,0.00014,172.31.47.0-255,66,31332,87,195041
14565,0.000229,74.125.24.0-255,1484,32816,87,195041
14566,0.000232,172.31.47.0-255,66,32882,87,195041
14567,0.000236,74.125.24.0-255,2902,35784,87,195041
14568,0.000238,172.31.47.0-255,66,35850,87,195041
14569,0.00024,74.125.24.0-255,1484,37334,87,195041
14570,0.000242,172.31.47.0-255,66,37400,87,195041
14571,0.000267,74.125.24.0-255,4320,41720,87,195041
14572,0.00027,172.31.47.0-255,66,41786,87,195041
14573,0.000274,74.125.24.0-255,2902,44688,87,195041
14574,0.000276,172.31.47.0-255,66,44754,87,195041
14575,0.000297,172.31.47.0-255,66,44820,87,195041
14576,0.000315,74.125.24.0-255,1125,45945,87,195041
14577,0.000346,172.31.47.0-255,66,46011,87,195041
14578,0.00051,74.125.24.0-255,402,46413,87,195041
14579,0.000552,74.125.24.0-255,342,46755,87,195041
14580,0.000696,172.31.47.0-255,66,46821,87,195041
14581,0.00106,74.125.24.0-255,1484,48305,87,195041
14582,0.00107,74.125.24.0-255,2902,51207,87,195041
14583,0.001074,172.31.47.0-255,66,51273,87,195041
14584,0.001079,74.125.24.0-255,2902,54175,87,195041
14585,0.00108,172.31.47.0-255,66,54241,87,195041
14586,0.001095,74.125.24.0-255,2902,57143,87,195041
14587,0.001098,172.31.47.0-255,66,57209,87,195041
14588,0.001101,74.125.24.0-255,1484,58693,87,195041
14589,0.001119,74.125.24.0-255,5738,64431,87,195041
14590,0.001121,172.31.47.0-255,66,64497,87,195041
14591,0.00113,172.31.47.0-255,66,64563,87,195041
14592,0.001151,74.125.24.0-255,5738,70301,87,195041
14593,0.001154,172.31.47.0-255,66,70367,87,195041
14594,0.001174,74.125.24.0-255,2184,72551,87,195041
14595,0.001176,172.31.47.0-255,66,72617,87,195041
14596,0.001817,74.125.24.0-255,1484,74101,87,195041
14597,0.001823,74.125.24.0-255,1484,75585,87,195041
14598,0.001826,172.31.47.0-255,66,75651,87,195041
14599,0.001842,74.125.24.0-255,1484,77135,87,195041
14600,0.001858,74.125.24.0-255,4320,81455,87,195041
14601,0.001861,172.31.47.0-255,66,81521,87,195041
14602,0.001866,74.125.24.0-255,5738,87259,87,195041
14603,0.001867,172.31.47.0-255,66,87325,87,195041
14604,0.001882,74.125.24.0-255,2902,90227,87,195041
14605,0.001884,172.31.47.0-255,66,90293,87,195041
14606,0.00192,74.125.24.0-255,4320,94613,87,195041
14607,0.001922,172.31.47.0-255,66,94679,87,195041
14608,0.001942,172.31.47.0-255,66,94745,87,195041
14609,0.001944,74.125.24.0-255,1484,96229,87,195041
14610,0.001966,172.31.47.0-255,66,96295,87,195041
14611,0.001992,74.125.24.0-255,1484,97779,87,195041
14612,0.002005,172.31.47.0-255,66,97845,87,195041
14613,0.002011,74.125.24.0-255,6438,104283,87,195041
14614,0.002013,172.31.47.0-255,66,104349,87,195041
14615,0.002039,74.125.24.0-255,7156,111505,87,195041
14616,0.002041,172.31.47.0-255,66,111571,87,195041
14617,0.002044,74.125.24.0-255,2902,114473,87,195041
14618,0.002046,172.31.47.0-255,66,114539,87,195041
14619,0.002068,172.31.47.0-255,66,114605,87,195041
14620,0.002103,74.125.24.0-255,1484,116089,87,195041
14621,0.002133,172.31.47.0-255,66,116155,87,195041
14622,0.002536,74.125.24.0-255,1484,117639,87,195041
14623,0.002549,74.125.24.0-255,1484,119123,87,195041
14624,0.002551,172.31.47.0-255,66,119189,87,195041
14625,0.002567,74.125.24.0-255,1484,120673,87,195041
14626,0.002592,74.125.24.0-255,2902,123575,87,195041
14627,0.002594,172.31.47.0-255,66,123641,87,195041
14628,0.002614,74.125.24.0-255,2902,126543,87,195041
14629,0.002616,172.31.47.0-255,66,126609,87,195041
14630,0.002619,74.125.24.0-255,2902,129511,87,195041
14631,0.00262,172.31.47.0-255,66,129577,87,195041
14632,0.002629,172.31.47.0-255,66,129643,87,195041
14633,0.002633,74.125.24.0-255,2902,132545,87,195041
14634,0.002635,172.31.47.0-255,66,132611,87,195041
14635,0.002666,172.31.47.0-255,66,132677,87,195041
14636,0.002749,74.125.24.0-255,1484,134161,87,195041
14637,0.002765,74.125.24.0-255,2902,137063,87,195041
14638,0.002767,172.31.47.0-255,66,137129,87,195041
14639,0.002773,74.125.24.0-255,5738,142867,87,195041
14640,0.002775,172.31.47.0-255,66,142933,87,195041
14641,0.002785,74.125.24.0-255,1484,144417,87,195041
14642,0.002801,74.125.24.0-255,4320,148737,87,195041
14643,0.002803,172.31.47.0-255,66,148803,87,195041
14644,0.002824,74.125.24.0-255,7156,155959,87,195041
14645,0.002826,172.31.47.0-255,66,156025,87,195041
14646,0.002837,172.31.47.0-255,66,156091,87,195041
14647,0.002841,74.125.24.0-255,4320,160411,87,195041
14648,0.002843,172.31.47.0-255,66,160477,87,195041
14649,0.002875,172.31.47.0-255,66,160543,87,195041
14650,0.002879,74.125.24.0-255,5738,166281,87,195041
14651,0.002881,172.31.47.0-255,66,166347,87,195041
14652,0.002901,172.31.47.0-255,66,166413,87,195041
14653,0.002913,74.125.24.0-255,766,167179,87,195041
14654,0.002926,172.31.47.0-255,66,167245,87,195041
14655,0.002963,74.125.24.0-255,7156,174401,87,195041
14656,0.002965,172.31.47.0-255,66,174467,87,195041
14657,0.002993,172.31.47.0-255,66,174533,87,195041
14658,0.003006,172.31.47.0-255,66,174599,87,195041
14659,0.003028,172.31.47.0-255,66,174665,87,195041
14660,0.003033,74.125.24.0-255,5738,180403,87,195041
14661,0.003037,172.31.47.0-255,66,180469,87,195041
14662,0.00308,172.31.47.0-255,66,180535,87,195041
14663,0.003097,74.125.24.0-255,3602,184137,87,195041
14664,0.003099,172.31.47.0-255,66,184203,87,195041
14665,0.003105,74.125.24.0-255,6142,190345,87,195041
14666,0.003108,172.31.47.0-255,66,190411,87,195041
14667,0.00311,74.125.24.0-255,105,190516,87,195041
14668,0.004784,172.31.47.0-255,66,190582,87,195041
14669,0.004814,172.31.47.0-255,105,190687,87,195041
14670,0.007166,74.125.24.0-255,66,190753,87,195041
14671,0.026749,172.31.47.0-255,172,190925,87,195041
14672,0.026791,172.31.47.0-255,1112,192037,87,195041
14673,0.026856,172.31.47.0-255,1514,193551,87,195041
14674,0.026859,172.31.47.0-255,1292,194843,87,195041
14675,0.028271,104.244.42.0-255,66,194909,87,195041
14676,0.028353,104.244.42.0-255,66,194975,87,195041
14677,0.028468,104.244.42.0-255,66,195041,87,195041
14678,0.0,172.31.47.0-255,66,66,87,66
14679,0.0,172.31.47.0-255,105,105,87,276
14680,0.079307,31.13.82.0-255,105,210,87,276
14681,0.079327,172.31.47.0-255,66,276,87,276
14682,0.0,74.125.68.0-255,152,152,87,346007
14683,2.6e-05,172.31.47.0-255,66,218,87,346007
14684,3.3e-05,74.125.68.0-255,1484,1702,87,346007
14685,3.7e-05,172.31.47.0-255,66,1768,87,346007
14686,4.2e-05,74.125.68.0-255,2902,4670,87,346007
14687,5.2e-05,172.31.47.0-255,66,4736,87,346007
14688,5.9e-05,74.125.68.0-255,5738,10474,87,346007
14689,6.3e-05,172.31.47.0-255,66,10540,87,346007
14690,0.000108,74.125.68.0-255,3482,14022,87,346007
14691,0.000111,172.31.47.0-255,66,14088,87,346007
14692,0.000139,74.125.68.0-255,4320,18408,87,346007
14693,0.000143,172.31.47.0-255,66,18474,87,346007
14694,0.000172,74.125.68.0-255,4320,22794,87,346007
14695,0.000175,172.31.47.0-255,66,22860,87,346007
14696,0.000183,74.125.68.0-255,5738,28598,87,346007
14697,0.000185,172.31.47.0-255,66,28664,87,346007
14698,0.000211,74.125.68.0-255,2543,31207,87,346007
14699,0.000215,172.31.47.0-255,66,31273,87,346007
14700,0.000278,74.125.68.0-255,1484,32757,87,346007
14701,0.000281,172.31.47.0-255,66,32823,87,346007
14702,0.000312,74.125.68.0-255,2902,35725,87,346007
14703,0.000317,172.31.47.0-255,66,35791,87,346007
14704,0.000322,74.125.68.0-255,4320,40111,87,346007
14705,0.000327,172.31.47.0-255,66,40177,87,346007
14706,0.000328,74.125.68.0-255,5738,45915,87,346007
14707,0.000331,172.31.47.0-255,66,45981,87,346007
14708,0.000362,74.125.68.0-255,7156,53137,87,346007
14709,0.000366,172.31.47.0-255,66,53203,87,346007
14710,0.000389,74.125.68.0-255,2543,55746,87,346007
14711,0.000393,172.31.47.0-255,66,55812,87,346007
14712,0.000411,172.31.47.0-255,66,55878,87,346007
14713,0.000414,74.125.68.0-255,111,55989,87,346007
14714,0.000418,74.125.68.0-255,332,56321,87,346007
14715,0.000551,74.125.68.0-255,1484,57805,87,346007
14716,0.000556,172.31.47.0-255,66,57871,87,346007
14717,0.000587,74.125.68.0-255,2902,60773,87,346007
14718,0.00059,172.31.47.0-255,66,60839,87,346007
14719,0.000596,74.125.68.0-255,5738,66577,87,346007
14720,0.000599,172.31.47.0-255,66,66643,87,346007
14721,0.000612,74.125.68.0-255,7156,73799,87,346007
14722,0.000614,172.31.47.0-255,66,73865,87,346007
14723,0.000655,172.31.47.0-255,66,73931,87,346007
14724,0.000663,74.125.68.0-255,7156,81087,87,346007
14725,0.000665,172.31.47.0-255,66,81153,87,346007
14726,0.000691,74.125.68.0-255,766,81919,87,346007
14727,0.000787,74.125.68.0-255,1484,83403,87,346007
14728,0.000791,172.31.47.0-255,66,83469,87,346007
14729,0.000795,74.125.68.0-255,1484,84953,87,346007
14730,0.000817,74.125.68.0-255,1484,86437,87,346007
14731,0.00082,172.31.47.0-255,66,86503,87,346007
14732,0.000852,74.125.68.0-255,4320,90823,87,346007
14733,0.000854,172.31.47.0-255,66,90889,87,346007
14734,0.000887,74.125.68.0-255,5738,96627,87,346007
14735,0.000892,172.31.47.0-255,66,96693,87,346007
14736,0.000915,172.31.47.0-255,66,96759,87,346007
14737,0.000921,74.125.68.0-255,4320,101079,87,346007
14738,0.000923,172.31.47.0-255,66,101145,87,346007
14739,0.000963,74.125.68.0-255,3602,104747,87,346007
14740,0.000967,172.31.47.0-255,66,104813,87,346007
14741,0.001038,74.125.68.0-255,1484,106297,87,346007
14742,0.001054,74.125.68.0-255,2902,109199,87,346007
14743,0.001057,74.125.68.0-255,1484,110683,87,346007
14744,0.001059,172.31.47.0-255,66,110749,87,346007
14745,0.001085,74.125.68.0-255,2902,113651,87,346007
14746,0.001088,172.31.47.0-255,66,113717,87,346007
14747,0.001122,74.125.68.0-255,4320,118037,87,346007
14748,0.001126,172.31.47.0-255,66,118103,87,346007
14749,0.001131,74.125.68.0-255,4320,122423,87,346007
14750,0.001133,172.31.47.0-255,66,122489,87,346007
14751,0.001163,74.125.68.0-255,1484,123973,87,346007
14752,0.001205,74.125.68.0-255,7156,131129,87,346007
14753,0.001209,172.31.47.0-255,66,131195,87,346007
14754,0.001239,74.125.68.0-255,4320,135515,87,346007
14755,0.001241,172.31.47.0-255,66,135581,87,346007
14756,0.001246,74.125.68.0-255,3602,139183,87,346007
14757,0.001248,172.31.47.0-255,66,139249,87,346007
14758,0.001272,74.125.68.0-255,4320,143569,87,346007
14759,0.001275,172.31.47.0-255,66,143635,87,346007
14760,0.00128,74.125.68.0-255,4320,147955,87,346007
14761,0.001288,172.31.47.0-255,66,148021,87,346007
14762,0.001313,74.125.68.0-255,1484,149505,87,346007
14763,0.001331,172.31.47.0-255,66,149571,87,346007
14764,0.001337,74.125.68.0-255,4320,153891,87,346007
14765,0.00134,172.31.47.0-255,66,153957,87,346007
14766,0.001381,74.125.68.0-255,7156,161113,87,346007
14767,0.001385,172.31.47.0-255,66,161179,87,346007
14768,0.001409,74.125.68.0-255,766,161945,87,346007
14769,0.001461,74.125.68.0-255,1484,163429,87,346007
14770,0.001464,172.31.47.0-255,66,163495,87,346007
14771,0.001468,74.125.68.0-255,1484,164979,87,346007
14772,0.001493,74.125.68.0-255,2902,167881,87,346007
14773,0.001495,172.31.47.0-255,66,167947,87,346007
14774,0.0015,74.125.68.0-255,2902,170849,87,346007
14775,0.001503,172.31.47.0-255,66,170915,87,346007
14776,0.001525,74.125.68.0-255,2902,173817,87,346007
14777,0.001527,74.125.68.0-255,1484,175301,87,346007
14778,0.001528,172.31.47.0-255,66,175367,87,346007
14779,0.001564,172.31.47.0-255,66,175433,87,346007
14780,0.001576,172.31.47.0-255,66,175499,87,346007
14781,0.001603,74.125.68.0-255,1484,176983,87,346007
14782,0.001605,74.125.68.0-255,766,177749,87,346007
14783,0.001608,172.31.47.0-255,66,177815,87,346007
14784,0.001634,74.125.68.0-255,1484,179299,87,346007
14785,0.00164,74.125.68.0-255,2902,182201,87,346007
14786,0.001642,172.31.47.0-255,66,182267,87,346007
14787,0.001662,74.125.68.0-255,5738,188005,87,346007
14788,0.001665,172.31.47.0-255,66,188071,87,346007
14789,0.001683,74.125.68.0-255,1484,189555,87,346007
14790,0.001706,74.125.68.0-255,2902,192457,87,346007
14791,0.00171,172.31.47.0-255,66,192523,87,346007
14792,0.001737,74.125.68.0-255,4320,196843,87,346007
14793,0.001741,172.31.47.0-255,66,196909,87,346007
14794,0.001784,74.125.68.0-255,2902,199811,87,346007
14795,0.001788,172.31.47.0-255,66,199877,87,346007
14796,0.001813,74.125.68.0-255,4320,204197,87,346007
14797,0.001817,172.31.47.0-255,66,204263,87,346007
14798,0.001845,74.125.68.0-255,5738,210001,87,346007
14799,0.001848,172.31.47.0-255,66,210067,87,346007
14800,0.00188,74.125.68.0-255,2184,212251,87,346007
14801,0.001883,172.31.47.0-255,66,212317,87,346007
14802,0.002051,74.125.68.0-255,1484,213801,87,346007
14803,0.002068,74.125.68.0-255,2902,216703,87,346007
14804,0.002071,172.31.47.0-255,66,216769,87,346007
14805,0.002074,74.125.68.0-255,1484,218253,87,346007
14806,0.002099,74.125.68.0-255,4320,222573,87,346007
14807,0.002102,172.31.47.0-255,66,222639,87,346007
14808,0.002105,74.125.68.0-255,1484,224123,87,346007
14809,0.00213,74.125.68.0-255,5738,229861,87,346007
14810,0.002133,172.31.47.0-255,66,229927,87,346007
14811,0.002137,74.125.68.0-255,2902,232829,87,346007
14812,0.002139,172.31.47.0-255,66,232895,87,346007
14813,0.002169,172.31.47.0-255,66,232961,87,346007
14814,0.002198,74.125.68.0-255,5020,237981,87,346007
14815,0.002201,172.31.47.0-255,66,238047,87,346007
14816,0.002206,74.125.68.0-255,4320,242367,87,346007
14817,0.002208,172.31.47.0-255,66,242433,87,346007
14818,0.002232,74.125.68.0-255,1484,243917,87,346007
14819,0.002239,74.125.68.0-255,7156,251073,87,346007
14820,0.002242,172.31.47.0-255,66,251139,87,346007
14821,0.002259,74.125.68.0-255,4320,255459,87,346007
14822,0.002262,172.31.47.0-255,66,255525,87,346007
14823,0.002266,74.125.68.0-255,4320,259845,87,346007
14824,0.002269,172.31.47.0-255,66,259911,87,346007
14825,0.002305,172.31.47.0-255,66,259977,87,346007
14826,0.002309,74.125.68.0-255,3602,263579,87,346007
14827,0.002311,172.31.47.0-255,66,263645,87,346007
14828,0.002313,74.125.68.0-255,1484,265129,87,346007
14829,0.004616,74.125.68.0-255,4320,269449,87,346007
14830,0.004625,172.31.47.0-255,66,269515,87,346007
14831,0.006898,74.125.68.0-255,4320,273835,87,346007
14832,0.006906,172.31.47.0-255,66,273901,87,346007
14833,0.006933,74.125.68.0-255,1484,275385,87,346007
14834,0.009173,74.125.68.0-255,4320,279705,87,346007
14835,0.009178,172.31.47.0-255,66,279771,87,346007
14836,0.011467,74.125.68.0-255,5738,285509,87,346007
14837,0.011477,172.31.47.0-255,66,285575,87,346007
14838,0.013759,74.125.68.0-255,5738,291313,87,346007
14839,0.013768,172.31.47.0-255,66,291379,87,346007
14840,0.016053,74.125.68.0-255,5738,297117,87,346007
14841,0.016062,172.31.47.0-255,66,297183,87,346007
14842,0.018344,74.125.68.0-255,5738,302921,87,346007
14843,0.018353,172.31.47.0-255,66,302987,87,346007
14844,0.020633,74.125.68.0-255,5738,308725,87,346007
14845,0.02064,172.31.47.0-255,66,308791,87,346007
14846,0.022918,74.125.68.0-255,5738,314529,87,346007
14847,0.022927,172.31.47.0-255,66,314595,87,346007
14848,0.025218,74.125.68.0-255,5738,320333,87,346007
14849,0.025229,172.31.47.0-255,66,320399,87,346007
14850,0.027516,74.125.68.0-255,5738,326137,87,346007
14851,0.027526,172.31.47.0-255,66,326203,87,346007
14852,0.029828,74.125.68.0-255,5738,331941,87,346007
14853,0.02984,172.31.47.0-255,66,332007,87,346007
14854,0.032139,74.125.68.0-255,5738,337745,87,346007
14855,0.032149,172.31.47.0-255,66,337811,87,346007
14856,0.033211,172.31.47.0-255,171,337982,87,346007
14857,0.033253,172.31.47.0-255,1131,339113,87,346007
14858,0.033333,172.31.47.0-255,1514,340627,87,346007
14859,0.033336,172.31.47.0-255,1514,342141,87,346007
14860,0.033337,172.31.47.0-255,1514,343655,87,346007
14861,0.033371,172.31.47.0-255,1057,344712,87,346007
14862,0.034407,74.125.68.0-255,620,345332,87,346007
14863,0.034531,172.31.47.0-255,66,345398,87,346007
14864,0.034572,172.31.47.0-255,105,345503,87,346007
14865,0.034755,104.244.42.0-255,66,345569,87,346007
14866,0.034763,104.244.42.0-255,66,345635,87,346007
14867,0.034851,104.244.42.0-255,66,345701,87,346007
14868,0.034901,104.244.42.0-255,66,345767,87,346007
14869,0.035535,104.244.42.0-255,108,345875,87,346007
14870,0.035557,172.31.47.0-255,66,345941,87,346007
14871,0.036809,74.125.68.0-255,66,346007,87,346007
14872,0.0,172.31.47.0-255,236,236,87,1624
14873,2.3e-05,172.31.47.0-255,366,602,87,1624
14874,0.001775,172.217.194.0-255,630,1232,87,1624
14875,0.002584,172.217.194.0-255,97,1329,87,1624
14876,0.002594,172.31.47.0-255,66,1395,87,1624
14877,0.004904,172.217.194.0-255,66,1461,87,1624
14878,0.012183,172.31.47.0-255,97,1558,87,1624
14879,0.018504,172.217.194.0-255,66,1624,87,1624
14880,0.0,172.31.47.0-255,66,66,87,66
14881,0.0,172.31.47.0-255,105,105,87,210
14882,0.081014,31.13.82.0-255,105,210,87,210
14883,0.0,172.217.194.0-255,153,153,87,304891
14884,1.5e-05,172.31.47.0-255,66,219,87,304891
14885,2e-05,172.217.194.0-255,1484,1703,87,304891
14886,2.4e-05,172.31.47.0-255,66,1769,87,304891
14887,4.2e-05,172.217.194.0-255,2902,4671,87,304891
14888,4.5e-05,172.31.47.0-255,66,4737,87,304891
14889,7.8e-05,172.217.194.0-255,5738,10475,87,304891
14890,8e-05,172.31.47.0-255,66,10541,87,304891
14891,0.000105,172.217.194.0-255,4846,15387,87,304891
14892,0.000107,172.31.47.0-255,66,15453,87,304891
14893,0.000122,172.217.194.0-255,4320,19773,87,304891
14894,0.000124,172.31.47.0-255,66,19839,87,304891
14895,0.00016,172.31.47.0-255,66,19905,87,304891
14896,0.000164,172.217.194.0-255,2543,22448,87,304891
14897,0.000166,172.31.47.0-255,66,22514,87,304891
14898,0.000437,172.217.194.0-255,1484,23998,87,304891
14899,0.000443,172.31.47.0-255,66,24064,87,304891
14900,0.000449,172.217.194.0-255,2902,26966,87,304891
14901,0.000451,172.31.47.0-255,66,27032,87,304891
14902,0.000474,172.217.194.0-255,5738,32770,87,304891
14903,0.000476,172.31.47.0-255,66,32836,87,304891
14904,0.000491,172.217.194.0-255,2902,35738,87,304891
14905,0.000493,172.31.47.0-255,66,35804,87,304891
14906,0.000508,172.217.194.0-255,4320,40124,87,304891
14907,0.000511,172.31.47.0-255,66,40190,87,304891
14908,0.00054,172.31.47.0-255,66,40256,87,304891
14909,0.000555,172.217.194.0-255,5738,45994,87,304891
14910,0.000558,172.31.47.0-255,66,46060,87,304891
14911,0.000571,172.217.194.0-255,2184,48244,87,304891
14912,0.000573,172.31.47.0-255,66,48310,87,304891
14913,0.000643,172.217.194.0-255,344,48654,87,304891
14914,0.000665,172.217.194.0-255,116,48770,87,304891
14915,0.000839,172.217.194.0-255,1484,50254,87,304891
14916,0.000844,172.217.194.0-255,2902,53156,87,304891
14917,0.000851,172.31.47.0-255,66,53222,87,304891
14918,0.000859,172.31.47.0-255,66,53288,87,304891
14919,0.000863,172.217.194.0-255,1484,54772,87,304891
14920,0.000885,172.217.194.0-255,4320,59092,87,304891
14921,0.000887,172.31.47.0-255,66,59158,87,304891
14922,0.000901,172.217.194.0-255,1484,60642,87,304891
14923,0.000949,172.31.47.0-255,66,60708,87,304891
14924,0.000967,172.217.194.0-255,1484,62192,87,304891
14925,0.000981,172.31.47.0-255,66,62258,87,304891
14926,0.001643,172.217.194.0-255,1484,63742,87,304891
14927,0.001654,172.217.194.0-255,2902,66644,87,304891
14928,0.001658,172.31.47.0-255,66,66710,87,304891
14929,0.001683,172.217.194.0-255,5738,72448,87,304891
14930,0.001685,172.31.47.0-255,66,72514,87,304891
14931,0.001718,172.217.194.0-255,5738,78252,87,304891
14932,0.00172,172.31.47.0-255,66,78318,87,304891
14933,0.001749,172.217.194.0-255,7156,85474,87,304891
14934,0.001752,172.31.47.0-255,66,85540,87,304891
14935,0.001765,172.217.194.0-255,1484,87024,87,304891
14936,0.001787,172.31.47.0-255,66,87090,87,304891
14937,0.002293,172.217.194.0-255,1484,88574,87,304891
14938,0.002312,172.217.194.0-255,2902,91476,87,304891
14939,0.002317,172.31.47.0-255,66,91542,87,304891
14940,0.002333,172.217.194.0-255,1484,93026,87,304891
14941,0.002336,172.217.194.0-255,1484,94510,87,304891
14942,0.002338,172.31.47.0-255,66,94576,87,304891
14943,0.002357,172.217.194.0-255,4320,98896,87,304891
14944,0.002359,172.31.47.0-255,66,98962,87,304891
14945,0.002363,172.217.194.0-255,1484,100446,87,304891
14946,0.002395,172.217.194.0-255,4320,104766,87,304891
14947,0.002398,172.31.47.0-255,66,104832,87,304891
14948,0.002411,172.217.194.0-255,2902,107734,87,304891
14949,0.002413,172.31.47.0-255,66,107800,87,304891
14950,0.002427,172.217.194.0-255,2902,110702,87,304891
14951,0.00243,172.31.47.0-255,66,110768,87,304891
14952,0.002463,172.217.194.0-255,7156,117924,87,304891
14953,0.002467,172.31.47.0-255,66,117990,87,304891
14954,0.00247,172.217.194.0-255,1484,119474,87,304891
14955,0.002472,172.217.194.0-255,1484,120958,87,304891
14956,0.002474,172.31.47.0-255,66,121024,87,304891
14957,0.002478,172.217.194.0-255,766,121790,87,304891
14958,0.002706,172.31.47.0-255,66,121856,87,304891
14959,0.002939,172.217.194.0-255,1484,123340,87,304891
14960,0.002949,172.217.194.0-255,2902,126242,87,304891
14961,0.002954,172.31.47.0-255,66,126308,87,304891
14962,0.002977,172.217.194.0-255,5738,132046,87,304891
14963,0.00298,172.31.47.0-255,66,132112,87,304891
14964,0.002996,172.217.194.0-255,1484,133596,87,304891
14965,0.002999,172.217.194.0-255,1484,135080,87,304891
14966,0.003001,172.31.47.0-255,66,135146,87,304891
14967,0.003021,172.217.194.0-255,7156,142302,87,304891
14968,0.003024,172.31.47.0-255,66,142368,87,304891
14969,0.003043,172.217.194.0-255,5738,148106,87,304891
14970,0.003045,172.31.47.0-255,66,148172,87,304891
14971,0.003071,172.217.194.0-255,5738,153910,87,304891
14972,0.003074,172.31.47.0-255,66,153976,87,304891
14973,0.003088,172.217.194.0-255,2902,156878,87,304891
14974,0.00309,172.31.47.0-255,66,156944,87,304891
14975,0.003122,172.31.47.0-255,66,157010,87,304891
14976,0.003134,172.31.47.0-255,66,157076,87,304891
14977,0.003137,172.217.194.0-255,1484,158560,87,304891
14978,0.003156,172.217.194.0-255,1484,160044,87,304891
14979,0.003158,172.31.47.0-255,66,160110,87,304891
14980,0.003164,172.217.194.0-255,4320,164430,87,304891
14981,0.003166,172.31.47.0-255,66,164496,87,304891
14982,0.003205,172.217.194.0-255,6438,170934,87,304891
14983,0.003208,172.31.47.0-255,66,171000,87,304891
14984,0.003237,172.217.194.0-255,2902,173902,87,304891
14985,0.00324,172.31.47.0-255,66,173968,87,304891
14986,0.003259,172.217.194.0-255,2902,176870,87,304891
14987,0.003261,172.31.47.0-255,66,176936,87,304891
14988,0.003286,172.217.194.0-255,7156,184092,87,304891
14989,0.003289,172.31.47.0-255,66,184158,87,304891
14990,0.003297,172.217.194.0-255,1484,185642,87,304891
14991,0.003329,172.217.194.0-255,2902,188544,87,304891
14992,0.003332,172.31.47.0-255,66,188610,87,304891
14993,0.003358,172.217.194.0-255,7156,195766,87,304891
14994,0.00336,172.31.47.0-255,66,195832,87,304891
14995,0.003368,172.217.194.0-255,7156,202988,87,304891
14996,0.003371,172.31.47.0-255,66,203054,87,304891
14997,0.003424,172.217.194.0-255,1484,204538,87,304891
14998,0.003441,172.217.194.0-255,3602,208140,87,304891
14999,0.003444,172.31.47.0-255,66,208206,87,304891
15000,0.003449,172.217.194.0-255,5738,213944,87,304891
15001,0.003452,172.217.194.0-255,1484,215428,87,304891
15002,0.0035,172.217.194.0-255,4320,219748,87,304891
15003,0.003543,172.217.194.0-255,4320,224068,87,304891
15004,0.003571,172.217.194.0-255,1484,225552,87,304891
15005,0.003611,172.217.194.0-255,4320,229872,87,304891
15006,0.003631,172.217.194.0-255,5020,234892,87,304891
15007,0.003781,172.217.194.0-255,1484,236376,87,304891
15008,0.003797,172.217.194.0-255,2902,239278,87,304891
15009,0.003813,172.217.194.0-255,2902,242180,87,304891
15010,0.00385,172.217.194.0-255,7156,249336,87,304891
15011,0.003872,172.217.194.0-255,4320,253656,87,304891
15012,0.003892,172.217.194.0-255,7156,260812,87,304891
15013,0.003894,172.217.194.0-255,1484,262296,87,304891
15014,0.003907,172.217.194.0-255,1484,263780,87,304891
15015,0.003917,172.31.47.0-255,66,263846,87,304891
15016,0.003926,172.217.194.0-255,2902,266748,87,304891
15017,0.003939,172.217.194.0-255,2184,268932,87,304891
15018,0.003953,172.31.47.0-255,66,268998,87,304891
15019,0.005827,172.217.194.0-255,1484,270482,87,304891
15020,0.005854,172.217.194.0-255,2902,273384,87,304891
15021,0.005859,172.31.47.0-255,66,273450,87,304891
15022,0.005865,172.217.194.0-255,2902,276352,87,304891
15023,0.005866,172.31.47.0-255,66,276418,87,304891
15024,0.00588,172.217.194.0-255,2902,279320,87,304891
15025,0.005883,172.31.47.0-255,66,279386,87,304891
15026,0.005899,172.217.194.0-255,2902,282288,87,304891
15027,0.005901,172.31.47.0-255,66,282354,87,304891
15028,0.005932,172.217.194.0-255,7156,289510,87,304891
15029,0.005934,172.31.47.0-255,66,289576,87,304891
15030,0.005944,172.31.47.0-255,66,289642,87,304891
15031,0.005956,172.217.194.0-255,2902,292544,87,304891
15032,0.005959,172.31.47.0-255,66,292610,87,304891
15033,0.005962,172.217.194.0-255,2184,294794,87,304891
15034,0.005964,172.31.47.0-255,66,294860,87,304891
15035,0.006003,172.217.194.0-255,5335,300195,87,304891
15036,0.006005,172.31.47.0-255,66,300261,87,304891
15037,0.00607,172.217.194.0-255,105,300366,87,304891
15038,0.006424,172.31.47.0-255,66,300432,87,304891
15039,0.006453,172.31.47.0-255,105,300537,87,304891
15040,0.008648,172.217.194.0-255,66,300603,87,304891
15041,0.025889,172.31.47.0-255,172,300775,87,304891
15042,0.025919,172.31.47.0-255,1113,301888,87,304891
15043,0.02597,172.31.47.0-255,1514,303402,87,304891
15044,0.025972,172.31.47.0-255,1291,304693,87,304891
15045,0.027421,104.244.42.0-255,66,304759,87,304891
15046,0.027466,104.244.42.0-255,66,304825,87,304891
15047,0.027522,104.244.42.0-255,66,304891,87,304891
15048,0.0,172.31.47.0-255,66,66,87,66
15049,0.0,74.125.130.0-255,152,152,87,367743
15050,2.9e-05,172.31.47.0-255,66,218,87,367743
15051,3.5e-05,74.125.130.0-255,1484,1702,87,367743
15052,3.8e-05,172.31.47.0-255,66,1768,87,367743
15053,4.3e-05,74.125.130.0-255,2902,4670,87,367743
15054,4.5e-05,172.31.47.0-255,66,4736,87,367743
15055,5.9e-05,74.125.130.0-255,7156,11892,87,367743
15056,6.2e-05,172.31.47.0-255,66,11958,87,367743
15057,6.5e-05,74.125.130.0-255,2171,14129,87,367743
15058,6.8e-05,172.31.47.0-255,66,14195,87,367743
15059,0.000205,74.125.130.0-255,1484,15679,87,367743
15060,0.000209,172.31.47.0-255,66,15745,87,367743
15061,0.000213,74.125.130.0-255,2902,18647,87,367743
15062,0.000216,172.31.47.0-255,66,18713,87,367743
15063,0.000242,74.125.130.0-255,5738,24451,87,367743
15064,0.000245,172.31.47.0-255,66,24517,87,367743
15065,0.000274,74.125.130.0-255,2902,27419,87,367743
15066,0.000278,172.31.47.0-255,66,27485,87,367743
15067,0.000303,74.125.130.0-255,3961,31446,87,367743
15068,0.000306,172.31.47.0-255,66,31512,87,367743
15069,0.000312,74.125.130.0-255,7156,38668,87,367743
15070,0.000314,172.31.47.0-255,66,38734,87,367743
15071,0.000354,172.31.47.0-255,66,38800,87,367743
15072,0.00041,74.125.130.0-255,1484,40284,87,367743
15073,0.000415,172.31.47.0-255,66,40350,87,367743
15074,0.000422,74.125.130.0-255,2902,43252,87,367743
15075,0.000424,172.31.47.0-255,66,43318,87,367743
15076,0.000432,74.125.130.0-255,1484,44802,87,367743
15077,0.000434,172.31.47.0-255,66,44868,87,367743
15078,0.000464,74.125.130.0-255,4320,49188,87,367743
15079,0.000467,172.31.47.0-255,66,49254,87,367743
15080,0.000472,74.125.130.0-255,4320,53574,87,367743
15081,0.000474,172.31.47.0-255,66,53640,87,367743
15082,0.000492,74.125.130.0-255,2854,56494,87,367743
15083,0.000495,172.31.47.0-255,66,56560,87,367743
15084,0.000606,74.125.130.0-255,100,56660,87,367743
15085,0.000695,172.31.47.0-255,66,56726,87,367743
15086,0.00081,74.125.130.0-255,1484,58210,87,367743
15087,0.000818,74.125.130.0-255,2902,61112,87,367743
15088,0.000821,172.31.47.0-255,66,61178,87,367743
15089,0.000847,74.125.130.0-255,5738,66916,87,367743
15090,0.00085,172.31.47.0-255,66,66982,87,367743
15091,0.000882,74.125.130.0-255,4320,71302,87,367743
15092,0.000885,172.31.47.0-255,66,71368,87,367743
15093,0.000913,74.125.130.0-255,3961,75329,87,367743
15094,0.000916,172.31.47.0-255,66,75395,87,367743
15095,0.000922,74.125.130.0-255,5738,81133,87,367743
15096,0.000924,172.31.47.0-255,66,81199,87,367743
15097,0.000947,74.125.130.0-255,2902,84101,87,367743
15098,0.00095,172.31.47.0-255,66,84167,87,367743
15099,0.000956,74.125.130.0-255,6797,90964,87,367743
15100,0.000958,172.31.47.0-255,66,91030,87,367743
15101,0.00164,74.125.130.0-255,1484,92514,87,367743
15102,0.001647,74.125.130.0-255,2902,95416,87,367743
15103,0.00165,172.31.47.0-255,66,95482,87,367743
15104,0.001654,74.125.130.0-255,1484,96966,87,367743
15105,0.00167,74.125.130.0-255,4320,101286,87,367743
15106,0.001671,172.31.47.0-255,66,101352,87,367743
15107,0.001689,74.125.130.0-255,5738,107090,87,367743
15108,0.001691,172.31.47.0-255,66,107156,87,367743
15109,0.001711,74.125.130.0-255,7156,114312,87,367743
15110,0.001713,172.31.47.0-255,66,114378,87,367743
15111,0.001716,74.125.130.0-255,1484,115862,87,367743
15112,0.001734,74.125.130.0-255,1484,117346,87,367743
15113,0.001736,172.31.47.0-255,66,117412,87,367743
15114,0.001755,74.125.130.0-255,5738,123150,87,367743
15115,0.001757,172.31.47.0-255,66,123216,87,367743
15116,0.001783,74.125.130.0-255,2184,125400,87,367743
15117,0.001785,172.31.47.0-255,66,125466,87,367743
15118,0.001875,74.125.130.0-255,1484,126950,87,367743
15119,0.001892,74.125.130.0-255,2902,129852,87,367743
15120,0.001894,172.31.47.0-255,66,129918,87,367743
15121,0.001896,74.125.130.0-255,1484,131402,87,367743
15122,0.001918,74.125.130.0-255,4320,135722,87,367743
15123,0.00192,172.31.47.0-255,66,135788,87,367743
15124,0.001923,74.125.130.0-255,1484,137272,87,367743
15125,0.001956,172.31.47.0-255,66,137338,87,367743
15126,0.001962,74.125.130.0-255,7156,144494,87,367743
15127,0.001964,172.31.47.0-255,66,144560,87,367743
15128,0.001994,74.125.130.0-255,3602,148162,87,367743
15129,0.001996,172.31.47.0-255,66,148228,87,367743
15130,0.002006,172.31.47.0-255,66,148294,87,367743
15131,0.002008,74.125.130.0-255,1484,149778,87,367743
15132,0.002035,172.31.47.0-255,66,149844,87,367743
15133,0.002069,172.31.47.0-255,66,149910,87,367743
15134,0.004081,74.125.130.0-255,5738,155648,87,367743
15135,0.004084,172.31.47.0-255,66,155714,87,367743
15136,0.006118,74.125.130.0-255,5738,161452,87,367743
15137,0.00613,172.31.47.0-255,66,161518,87,367743
15138,0.008151,74.125.130.0-255,5738,167256,87,367743
15139,0.008157,172.31.47.0-255,66,167322,87,367743
15140,0.010186,74.125.130.0-255,5738,173060,87,367743
15141,0.010193,172.31.47.0-255,66,173126,87,367743
15142,0.012231,74.125.130.0-255,5738,178864,87,367743
15143,0.012241,172.31.47.0-255,66,178930,87,367743
15144,0.014258,74.125.130.0-255,5738,184668,87,367743
15145,0.014264,172.31.47.0-255,66,184734,87,367743
15146,0.016282,74.125.130.0-255,5738,190472,87,367743
15147,0.016288,172.31.47.0-255,66,190538,87,367743
15148,0.018304,74.125.130.0-255,5738,196276,87,367743
15149,0.01831,172.31.47.0-255,66,196342,87,367743
15150,0.020354,74.125.130.0-255,5738,202080,87,367743
15151,0.02036,172.31.47.0-255,66,202146,87,367743
15152,0.022387,74.125.130.0-255,5738,207884,87,367743
15153,0.022392,172.31.47.0-255,66,207950,87,367743
15154,0.024403,74.125.130.0-255,1484,209434,87,367743
15155,0.024433,74.125.130.0-255,4320,213754,87,367743
15156,0.024437,172.31.47.0-255,66,213820,87,367743
15157,0.025142,172.31.47.0-255,172,213992,87,367743
15158,0.025167,172.31.47.0-255,1111,215103,87,367743
15159,0.025199,172.31.47.0-255,1514,216617,87,367743
15160,0.025218,172.31.47.0-255,1293,217910,87,367743
15161,0.026468,74.125.130.0-255,4320,222230,87,367743
15162,0.026473,172.31.47.0-255,66,222296,87,367743
15163,0.026504,74.125.130.0-255,1484,223780,87,367743
15164,0.02669,104.244.42.0-255,66,223846,87,367743
15165,0.02674,104.244.42.0-255,66,223912,87,367743
15166,0.026791,104.244.42.0-255,66,223978,87,367743
15167,0.026795,104.244.42.0-255,66,224044,87,367743
15168,0.028497,74.125.130.0-255,4320,228364,87,367743
15169,0.028502,172.31.47.0-255,66,228430,87,367743
15170,0.03052,74.125.130.0-255,5738,234168,87,367743
15171,0.030524,172.31.47.0-255,66,234234,87,367743
15172,0.032539,74.125.130.0-255,5738,239972,87,367743
15173,0.032544,172.31.47.0-255,66,240038,87,367743
15174,0.034559,74.125.130.0-255,5738,245776,87,367743
15175,0.034564,172.31.47.0-255,66,245842,87,367743
15176,0.036584,74.125.130.0-255,5738,251580,87,367743
15177,0.036589,172.31.47.0-255,66,251646,87,367743
15178,0.038608,74.125.130.0-255,5738,257384,87,367743
15179,0.038614,172.31.47.0-255,66,257450,87,367743
15180,0.040623,74.125.130.0-255,2902,260352,87,367743
15181,0.040629,172.31.47.0-255,66,260418,87,367743
15182,0.040656,74.125.130.0-255,2902,263320,87,367743
15183,0.040659,172.31.47.0-255,66,263386,87,367743
15184,0.042663,74.125.130.0-255,2902,266288,87,367743
15185,0.042669,172.31.47.0-255,66,266354,87,367743
15186,0.042699,74.125.130.0-255,2902,269256,87,367743
15187,0.042702,172.31.47.0-255,66,269322,87,367743
15188,0.044676,74.125.130.0-255,2902,272224,87,367743
15189,0.044682,172.31.47.0-255,66,272290,87,367743
15190,0.044719,74.125.130.0-255,2902,275192,87,367743
15191,0.044722,172.31.47.0-255,66,275258,87,367743
15192,0.046695,74.125.130.0-255,2902,278160,87,367743
15193,0.0467,172.31.47.0-255,66,278226,87,367743
15194,0.046732,74.125.130.0-255,2902,281128,87,367743
15195,0.046735,172.31.47.0-255,66,281194,87,367743
15196,0.048708,74.125.130.0-255,1484,282678,87,367743
15197,0.048746,74.125.130.0-255,4320,286998,87,367743
15198,0.04875,172.31.47.0-255,66,287064,87,367743
15199,0.050762,74.125.130.0-255,5738,292802,87,367743
15200,0.050767,172.31.47.0-255,66,292868,87,367743
15201,0.052781,74.125.130.0-255,5738,298606,87,367743
15202,0.052786,172.31.47.0-255,66,298672,87,367743
15203,0.054795,74.125.130.0-255,4320,302992,87,367743
15204,0.0548,172.31.47.0-255,66,303058,87,367743
15205,0.054828,74.125.130.0-255,1484,304542,87,367743
15206,0.056813,74.125.130.0-255,4320,308862,87,367743
15207,0.056817,172.31.47.0-255,66,308928,87,367743
15208,0.058841,74.125.130.0-255,5738,314666,87,367743
15209,0.058845,172.31.47.0-255,66,314732,87,367743
15210,0.060885,74.125.130.0-255,5738,320470,87,367743
15211,0.06089,172.31.47.0-255,66,320536,87,367743
15212,0.062903,74.125.130.0-255,4320,324856,87,367743
15213,0.062907,172.31.47.0-255,66,324922,87,367743
15214,0.062934,74.125.130.0-255,1484,326406,87,367743
15215,0.064914,74.125.130.0-255,4320,330726,87,367743
15216,0.064918,172.31.47.0-255,66,330792,87,367743
15217,0.066976,74.125.130.0-255,4320,335112,87,367743
15218,0.066981,172.31.47.0-255,66,335178,87,367743
15219,0.067011,74.125.130.0-255,1484,336662,87,367743
15220,0.068991,74.125.130.0-255,4320,340982,87,367743
15221,0.068996,172.31.47.0-255,66,341048,87,367743
15222,0.071066,74.125.130.0-255,5738,346786,87,367743
15223,0.071071,172.31.47.0-255,66,346852,87,367743
15224,0.073079,74.125.130.0-255,5738,352590,87,367743
15225,0.073083,172.31.47.0-255,66,352656,87,367743
15226,0.075095,74.125.130.0-255,1484,354140,87,367743
15227,0.075126,74.125.130.0-255,4320,358460,87,367743
15228,0.07513,172.31.47.0-255,66,358526,87,367743
15229,0.077144,74.125.130.0-255,1484,360010,87,367743
15230,0.07717,74.125.130.0-255,4320,364330,87,367743
15231,0.077174,172.31.47.0-255,66,364396,87,367743
15232,0.079185,74.125.130.0-255,3110,367506,87,367743
15233,0.079189,172.31.47.0-255,66,367572,87,367743
15234,0.079349,172.31.47.0-255,105,367677,87,367743
15235,0.081331,74.125.130.0-255,66,367743,87,367743
15236,0.0,172.217.27.0-255,630,630,87,1574
15237,0.002507,172.31.47.0-255,236,866,87,1574
15238,0.002538,172.31.47.0-255,382,1248,87,1574
15239,0.003005,172.31.47.0-255,97,1345,87,1574
15240,0.004133,172.217.27.0-255,97,1442,87,1574
15241,0.008092,172.217.27.0-255,66,1508,87,1574
15242,0.042084,172.31.47.0-255,66,1574,87,1574
15243,0.0,74.125.68.0-255,153,153,87,360657
15244,1.3e-05,172.31.47.0-255,66,219,87,360657
15245,5.4e-05,74.125.68.0-255,1484,1703,87,360657
15246,5.8e-05,172.31.47.0-255,66,1769,87,360657
15247,7e-05,74.125.68.0-255,1484,3253,87,360657
15248,7.6e-05,172.31.47.0-255,66,3319,87,360657
15249,0.000106,74.125.68.0-255,1484,4803,87,360657
15250,0.000109,172.31.47.0-255,66,4869,87,360657
15251,0.000112,74.125.68.0-255,1484,6353,87,360657
15252,0.000113,172.31.47.0-255,66,6419,87,360657
15253,0.000135,74.125.68.0-255,2902,9321,87,360657
15254,0.000141,172.31.47.0-255,66,9387,87,360657
15255,0.000184,74.125.68.0-255,4320,13707,87,360657
15256,0.000187,172.31.47.0-255,66,13773,87,360657
15257,0.000243,74.125.68.0-255,682,14455,87,360657
15258,0.000247,172.31.47.0-255,66,14521,87,360657
15259,0.000573,74.125.68.0-255,1484,16005,87,360657
15260,0.000579,172.31.47.0-255,66,16071,87,360657
15261,0.000588,74.125.68.0-255,2902,18973,87,360657
15262,0.000591,172.31.47.0-255,66,19039,87,360657
15263,0.000618,74.125.68.0-255,4320,23359,87,360657
15264,0.000622,172.31.47.0-255,66,23425,87,360657
15265,0.000634,74.125.68.0-255,5738,29163,87,360657
15266,0.000636,172.31.47.0-255,66,29229,87,360657
15267,0.000663,74.125.68.0-255,2543,31772,87,360657
15268,0.000672,172.31.47.0-255,66,31838,87,360657
15269,0.000677,74.125.68.0-255,2902,34740,87,360657
15270,0.000679,172.31.47.0-255,66,34806,87,360657
15271,0.000683,74.125.68.0-255,2902,37708,87,360657
15272,0.000685,172.31.47.0-255,66,37774,87,360657
15273,0.000721,74.125.68.0-255,4320,42094,87,360657
15274,0.000725,172.31.47.0-255,66,42160,87,360657
15275,0.000736,74.125.68.0-255,4320,46480,87,360657
15276,0.000739,172.31.47.0-255,66,46546,87,360657
15277,0.000745,74.125.68.0-255,5738,52284,87,360657
15278,0.000747,172.31.47.0-255,66,52350,87,360657
15279,0.000749,74.125.68.0-255,1484,53834,87,360657
15280,0.000786,74.125.68.0-255,7156,60990,87,360657
15281,0.000794,172.31.47.0-255,66,61056,87,360657
15282,0.000823,74.125.68.0-255,5020,66076,87,360657
15283,0.000826,172.31.47.0-255,66,66142,87,360657
15284,0.000885,74.125.68.0-255,399,66541,87,360657
15285,0.000922,74.125.68.0-255,110,66651,87,360657
15286,0.000997,74.125.68.0-255,1484,68135,87,360657
15287,0.001003,172.31.47.0-255,66,68201,87,360657
15288,0.001008,74.125.68.0-255,2902,71103,87,360657
15289,0.00101,172.31.47.0-255,66,71169,87,360657
15290,0.001013,74.125.68.0-255,1484,72653,87,360657
15291,0.001049,74.125.68.0-255,2902,75555,87,360657
15292,0.001054,172.31.47.0-255,66,75621,87,360657
15293,0.001063,172.31.47.0-255,66,75687,87,360657
15294,0.001073,74.125.68.0-255,4320,80007,87,360657
15295,0.001076,172.31.47.0-255,66,80073,87,360657
15296,0.00108,74.125.68.0-255,2902,82975,87,360657
15297,0.001082,172.31.47.0-255,66,83041,87,360657
15298,0.001107,74.125.68.0-255,2902,85943,87,360657
15299,0.00111,172.31.47.0-255,66,86009,87,360657
15300,0.001119,74.125.68.0-255,4320,90329,87,360657
15301,0.001121,172.31.47.0-255,66,90395,87,360657
15302,0.00115,74.125.68.0-255,2184,92579,87,360657
15303,0.001156,172.31.47.0-255,66,92645,87,360657
15304,0.001161,74.125.68.0-255,2902,95547,87,360657
15305,0.001163,172.31.47.0-255,66,95613,87,360657
15306,0.001185,74.125.68.0-255,332,95945,87,360657
15307,0.001195,74.125.68.0-255,4320,100265,87,360657
15308,0.001197,172.31.47.0-255,66,100331,87,360657
15309,0.00123,74.125.68.0-255,5738,106069,87,360657
15310,0.001233,172.31.47.0-255,66,106135,87,360657
15311,0.001265,74.125.68.0-255,4320,110455,87,360657
15312,0.001268,172.31.47.0-255,66,110521,87,360657
15313,0.001273,74.125.68.0-255,4320,114841,87,360657
15314,0.001275,172.31.47.0-255,66,114907,87,360657
15315,0.001292,172.31.47.0-255,66,114973,87,360657
15316,0.001329,74.125.68.0-255,1484,116457,87,360657
15317,0.001348,74.125.68.0-255,2902,119359,87,360657
15318,0.001352,172.31.47.0-255,66,119425,87,360657
15319,0.001367,74.125.68.0-255,5738,125163,87,360657
15320,0.001373,172.31.47.0-255,66,125229,87,360657
15321,0.001378,74.125.68.0-255,5738,130967,87,360657
15322,0.001381,172.31.47.0-255,66,131033,87,360657
15323,0.001413,74.125.68.0-255,1484,132517,87,360657
15324,0.001416,74.125.68.0-255,1484,134001,87,360657
15325,0.001419,172.31.47.0-255,66,134067,87,360657
15326,0.001451,172.31.47.0-255,66,134133,87,360657
15327,0.001481,74.125.68.0-255,2902,137035,87,360657
15328,0.001483,172.31.47.0-255,66,137101,87,360657
15329,0.001488,74.125.68.0-255,3602,140703,87,360657
15330,0.00149,172.31.47.0-255,66,140769,87,360657
15331,0.001533,74.125.68.0-255,1484,142253,87,360657
15332,0.001545,74.125.68.0-255,2902,145155,87,360657
15333,0.001547,172.31.47.0-255,66,145221,87,360657
15334,0.001575,74.125.68.0-255,5738,150959,87,360657
15335,0.001578,172.31.47.0-255,66,151025,87,360657
15336,0.001633,74.125.68.0-255,2902,153927,87,360657
15337,0.001635,172.31.47.0-255,66,153993,87,360657
15338,0.00166,74.125.68.0-255,4320,158313,87,360657
15339,0.001663,172.31.47.0-255,66,158379,87,360657
15340,0.001673,172.31.47.0-255,66,158445,87,360657
15341,0.001681,74.125.68.0-255,5020,163465,87,360657
15342,0.001683,172.31.47.0-255,66,163531,87,360657
15343,0.001704,74.125.68.0-255,4320,167851,87,360657
15344,0.001706,172.31.47.0-255,66,167917,87,360657
15345,0.001728,74.125.68.0-255,1484,169401,87,360657
15346,0.001731,74.125.68.0-255,1484,170885,87,360657
15347,0.001733,172.31.47.0-255,66,170951,87,360657
15348,0.001737,74.125.68.0-255,4320,175271,87,360657
15349,0.001739,172.31.47.0-255,66,175337,87,360657
15350,0.001766,74.125.68.0-255,4320,179657,87,360657
15351,0.001768,172.31.47.0-255,66,179723,87,360657
15352,0.001771,74.125.68.0-255,1484,181207,87,360657
15353,0.001799,74.125.68.0-255,5738,186945,87,360657
15354,0.001801,172.31.47.0-255,66,187011,87,360657
15355,0.00182,74.125.68.0-255,5738,192749,87,360657
15356,0.001822,172.31.47.0-255,66,192815,87,360657
15357,0.001841,74.125.68.0-255,2902,195717,87,360657
15358,0.001843,172.31.47.0-255,66,195783,87,360657
15359,0.001846,74.125.68.0-255,2184,197967,87,360657
15360,0.001848,172.31.47.0-255,66,198033,87,360657
15361,0.001885,74.125.68.0-255,5738,203771,87,360657
15362,0.001895,172.31.47.0-255,66,203837,87,360657
15363,0.001903,74.125.68.0-255,5738,209575,87,360657
15364,0.001908,172.31.47.0-255,66,209641,87,360657
15365,0.001948,172.31.47.0-255,66,209707,87,360657
15366,0.001957,74.125.68.0-255,2902,212609,87,360657
15367,0.001965,74.125.68.0-255,4320,216929,87,360657
15368,0.00197,74.125.68.0-255,5020,221949,87,360657
15369,0.001985,172.31.47.0-255,66,222015,87,360657
15370,0.002055,74.125.68.0-255,1484,223499,87,360657
15371,0.002068,74.125.68.0-255,2902,226401,87,360657
15372,0.00207,172.31.47.0-255,66,226467,87,360657
15373,0.002072,74.125.68.0-255,1484,227951,87,360657
15374,0.002097,74.125.68.0-255,2902,230853,87,360657
15375,0.002101,74.125.68.0-255,2902,233755,87,360657
15376,0.002113,74.125.68.0-255,2902,236657,87,360657
15377,0.00212,172.31.47.0-255,66,236723,87,360657
15378,0.00213,74.125.68.0-255,5738,242461,87,360657
15379,0.002148,74.125.68.0-255,4320,246781,87,360657
15380,0.002155,172.31.47.0-255,66,246847,87,360657
15381,0.002182,74.125.68.0-255,7156,254003,87,360657
15382,0.002186,172.31.47.0-255,66,254069,87,360657
15383,0.002209,74.125.68.0-255,2184,256253,87,360657
15384,0.002215,172.31.47.0-255,66,256319,87,360657
15385,0.00225,74.125.68.0-255,1484,257803,87,360657
15386,0.00227,74.125.68.0-255,2902,260705,87,360657
15387,0.002273,74.125.68.0-255,1484,262189,87,360657
15388,0.002289,172.31.47.0-255,66,262255,87,360657
15389,0.002293,74.125.68.0-255,2902,265157,87,360657
15390,0.002296,172.31.47.0-255,66,265223,87,360657
15391,0.002323,74.125.68.0-255,5738,270961,87,360657
15392,0.002326,74.125.68.0-255,1484,272445,87,360657
15393,0.00233,172.31.47.0-255,66,272511,87,360657
15394,0.002347,74.125.68.0-255,2902,275413,87,360657
15395,0.002363,74.125.68.0-255,2902,278315,87,360657
15396,0.002366,172.31.47.0-255,66,278381,87,360657
15397,0.002369,172.31.47.0-255,66,278447,87,360657
15398,0.002408,74.125.68.0-255,3602,282049,87,360657
15399,0.002411,74.125.68.0-255,4320,286369,87,360657
15400,0.002424,172.31.47.0-255,66,286435,87,360657
15401,0.002441,74.125.68.0-255,1484,287919,87,360657
15402,0.002445,74.125.68.0-255,2902,290821,87,360657
15403,0.002457,172.31.47.0-255,66,290887,87,360657
15404,0.002465,74.125.68.0-255,1484,292371,87,360657
15405,0.002483,74.125.68.0-255,4320,296691,87,360657
15406,0.002487,74.125.68.0-255,2902,299593,87,360657
15407,0.002492,172.31.47.0-255,66,299659,87,360657
15408,0.00251,74.125.68.0-255,4320,303979,87,360657
15409,0.002513,74.125.68.0-255,1484,305463,87,360657
15410,0.00252,172.31.47.0-255,66,305529,87,360657
15411,0.002532,74.125.68.0-255,7156,312685,87,360657
15412,0.002538,74.125.68.0-255,1484,314169,87,360657
15413,0.002541,74.125.68.0-255,2184,316353,87,360657
15414,0.002592,172.31.47.0-255,66,316419,87,360657
15415,0.005139,74.125.68.0-255,5738,322157,87,360657
15416,0.005161,172.31.47.0-255,66,322223,87,360657
15417,0.007693,74.125.68.0-255,5738,327961,87,360657
15418,0.007703,172.31.47.0-255,66,328027,87,360657
15419,0.010228,74.125.68.0-255,5738,333765,87,360657
15420,0.010238,172.31.47.0-255,66,333831,87,360657
15421,0.01278,74.125.68.0-255,5738,339569,87,360657
15422,0.012798,172.31.47.0-255,66,339635,87,360657
15423,0.01531,74.125.68.0-255,5738,345373,87,360657
15424,0.015319,172.31.47.0-255,66,345439,87,360657
15425,0.017838,74.125.68.0-255,5738,351177,87,360657
15426,0.01785,172.31.47.0-255,66,351243,87,360657
15427,0.020359,74.125.68.0-255,2902,354145,87,360657
15428,0.020365,172.31.47.0-255,66,354211,87,360657
15429,0.020398,74.125.68.0-255,1922,356133,87,360657
15430,0.020402,172.31.47.0-255,66,356199,87,360657
15431,0.020603,172.31.47.0-255,105,356304,87,360657
15432,0.023115,74.125.68.0-255,66,356370,87,360657
15433,0.032593,172.31.47.0-255,171,356541,87,360657
15434,0.032637,172.31.47.0-255,1127,357668,87,360657
15435,0.032699,172.31.47.0-255,1514,359182,87,360657
15436,0.0327,172.31.47.0-255,1277,360459,87,360657
15437,0.034165,104.244.42.0-255,66,360525,87,360657
15438,0.034195,104.244.42.0-255,66,360591,87,360657
15439,0.034257,104.244.42.0-255,66,360657,87,360657
15440,0.0,74.125.68.0-255,153,153,87,354625
15441,3.3e-05,172.31.47.0-255,66,219,87,354625
15442,4e-05,74.125.68.0-255,1484,1703,87,354625
15443,4.4e-05,172.31.47.0-255,66,1769,87,354625
15444,4.7e-05,74.125.68.0-255,1484,3253,87,354625
15445,5.6e-05,172.31.47.0-255,66,3319,87,354625
15446,6.2e-05,74.125.68.0-255,2902,6221,87,354625
15447,6.4e-05,172.31.47.0-255,66,6287,87,354625
15448,0.000102,74.125.68.0-255,5738,12025,87,354625
15449,0.000105,172.31.47.0-255,66,12091,87,354625
15450,0.000109,74.125.68.0-255,2255,14346,87,354625
15451,0.000111,172.31.47.0-255,66,14412,87,354625
15452,0.000171,74.125.68.0-255,1484,15896,87,354625
15453,0.000177,172.31.47.0-255,66,15962,87,354625
15454,0.000181,74.125.68.0-255,2902,18864,87,354625
15455,0.000183,172.31.47.0-255,66,18930,87,354625
15456,0.000195,74.125.68.0-255,5738,24668,87,354625
15457,0.000197,172.31.47.0-255,66,24734,87,354625
15458,0.000202,74.125.68.0-255,4320,29054,87,354625
15459,0.000204,172.31.47.0-255,66,29120,87,354625
15460,0.000248,74.125.68.0-255,2543,31663,87,354625
15461,0.000251,172.31.47.0-255,66,31729,87,354625
15462,0.000321,74.125.68.0-255,1484,33213,87,354625
15463,0.000325,172.31.47.0-255,66,33279,87,354625
15464,0.000358,74.125.68.0-255,2902,36181,87,354625
15465,0.000362,172.31.47.0-255,66,36247,87,354625
15466,0.000365,74.125.68.0-255,1484,37731,87,354625
15467,0.000367,172.31.47.0-255,66,37797,87,354625
15468,0.000379,74.125.68.0-255,5738,43535,87,354625
15469,0.000382,172.31.47.0-255,66,43601,87,354625
15470,0.000424,172.31.47.0-255,66,43667,87,354625
15471,0.000435,172.31.47.0-255,66,43733,87,354625
15472,0.000458,74.125.68.0-255,1484,45217,87,354625
15473,0.000463,74.125.68.0-255,2543,47760,87,354625
15474,0.000465,172.31.47.0-255,66,47826,87,354625
15475,0.000488,74.125.68.0-255,676,48502,87,354625
15476,0.000755,172.31.47.0-255,66,48568,87,354625
15477,0.000789,74.125.68.0-255,1484,50052,87,354625
15478,0.000794,74.125.68.0-255,2902,52954,87,354625
15479,0.000796,172.31.47.0-255,66,53020,87,354625
15480,0.000799,74.125.68.0-255,1484,54504,87,354625
15481,0.000818,74.125.68.0-255,1484,55988,87,354625
15482,0.000821,172.31.47.0-255,66,56054,87,354625
15483,0.000827,74.125.68.0-255,4320,60374,87,354625
15484,0.000828,172.31.47.0-255,66,60440,87,354625
15485,0.000861,172.31.47.0-255,66,60506,87,354625
15486,0.000864,74.125.68.0-255,2902,63408,87,354625
15487,0.000866,172.31.47.0-255,66,63474,87,354625
15488,0.000871,74.125.68.0-255,4320,67794,87,354625
15489,0.000877,172.31.47.0-255,66,67860,87,354625
15490,0.000916,74.125.68.0-255,6438,74298,87,354625
15491,0.000919,172.31.47.0-255,66,74364,87,354625
15492,0.001163,74.125.68.0-255,1484,75848,87,354625
15493,0.001184,74.125.68.0-255,2902,78750,87,354625
15494,0.001187,172.31.47.0-255,66,78816,87,354625
15495,0.001192,74.125.68.0-255,2902,81718,87,354625
15496,0.001194,172.31.47.0-255,66,81784,87,354625
15497,0.00121,74.125.68.0-255,2902,84686,87,354625
15498,0.001212,172.31.47.0-255,66,84752,87,354625
15499,0.001216,74.125.68.0-255,2902,87654,87,354625
15500,0.001219,172.31.47.0-255,66,87720,87,354625
15501,0.00125,74.125.68.0-255,4320,92040,87,354625
15502,0.001253,172.31.47.0-255,66,92106,87,354625
15503,0.001269,172.31.47.0-255,66,92172,87,354625
15504,0.001278,172.31.47.0-255,66,92238,87,354625
15505,0.001917,74.125.68.0-255,1484,93722,87,354625
15506,0.001932,74.125.68.0-255,2902,96624,87,354625
15507,0.001936,172.31.47.0-255,66,96690,87,354625
15508,0.001964,74.125.68.0-255,5738,102428,87,354625
15509,0.001967,172.31.47.0-255,66,102494,87,354625
15510,0.001971,74.125.68.0-255,2902,105396,87,354625
15511,0.001973,172.31.47.0-255,66,105462,87,354625
15512,0.002001,74.125.68.0-255,2902,108364,87,354625
15513,0.002003,172.31.47.0-255,66,108430,87,354625
15514,0.00201,74.125.68.0-255,7156,115586,87,354625
15515,0.002012,172.31.47.0-255,66,115652,87,354625
15516,0.002049,172.31.47.0-255,66,115718,87,354625
15517,0.002142,74.125.68.0-255,1484,117202,87,354625
15518,0.002156,74.125.68.0-255,2902,120104,87,354625
15519,0.002158,172.31.47.0-255,66,120170,87,354625
15520,0.002182,74.125.68.0-255,2902,123072,87,354625
15521,0.002184,172.31.47.0-255,66,123138,87,354625
15522,0.002189,74.125.68.0-255,4320,127458,87,354625
15523,0.002192,172.31.47.0-255,66,127524,87,354625
15524,0.002222,172.31.47.0-255,66,127590,87,354625
15525,0.002226,74.125.68.0-255,4320,131910,87,354625
15526,0.002229,172.31.47.0-255,66,131976,87,354625
15527,0.004455,74.125.68.0-255,4320,136296,87,354625
15528,0.004459,172.31.47.0-255,66,136362,87,354625
15529,0.004482,74.125.68.0-255,1484,137846,87,354625
15530,0.006653,74.125.68.0-255,4320,142166,87,354625
15531,0.006658,172.31.47.0-255,66,142232,87,354625
15532,0.008863,74.125.68.0-255,5738,147970,87,354625
15533,0.008869,172.31.47.0-255,66,148036,87,354625
15534,0.011073,74.125.68.0-255,5738,153774,87,354625
15535,0.011083,172.31.47.0-255,66,153840,87,354625
15536,0.01329,74.125.68.0-255,5738,159578,87,354625
15537,0.013304,172.31.47.0-255,66,159644,87,354625
15538,0.015507,74.125.68.0-255,5738,165382,87,354625
15539,0.015514,172.31.47.0-255,66,165448,87,354625
15540,0.017701,74.125.68.0-255,5738,171186,87,354625
15541,0.017706,172.31.47.0-255,66,171252,87,354625
15542,0.019903,74.125.68.0-255,5738,176990,87,354625
15543,0.019911,172.31.47.0-255,66,177056,87,354625
15544,0.022112,74.125.68.0-255,5738,182794,87,354625
15545,0.022121,172.31.47.0-255,66,182860,87,354625
15546,0.023008,172.31.47.0-255,172,183032,87,354625
15547,0.023037,172.31.47.0-255,1107,184139,87,354625
15548,0.023079,172.31.47.0-255,1514,185653,87,354625
15549,0.023081,172.31.47.0-255,1296,186949,87,354625
15550,0.024342,74.125.68.0-255,4320,191269,87,354625
15551,0.024349,172.31.47.0-255,66,191335,87,354625
15552,0.024375,74.125.68.0-255,1484,192819,87,354625
15553,0.024566,104.244.42.0-255,66,192885,87,354625
15554,0.024573,104.244.42.0-255,66,192951,87,354625
15555,0.024716,104.244.42.0-255,66,193017,87,354625
15556,0.026563,74.125.68.0-255,4320,197337,87,354625
15557,0.026577,172.31.47.0-255,66,197403,87,354625
15558,0.028782,74.125.68.0-255,5738,203141,87,354625
15559,0.028792,172.31.47.0-255,66,203207,87,354625
15560,0.030995,74.125.68.0-255,5738,208945,87,354625
15561,0.031001,172.31.47.0-255,66,209011,87,354625
15562,0.033239,74.125.68.0-255,5738,214749,87,354625
15563,0.033244,172.31.47.0-255,66,214815,87,354625
15564,0.035441,74.125.68.0-255,5738,220553,87,354625
15565,0.035447,172.31.47.0-255,66,220619,87,354625
15566,0.03766,74.125.68.0-255,5738,226357,87,354625
15567,0.037665,172.31.47.0-255,66,226423,87,354625
15568,0.039862,74.125.68.0-255,2902,229325,87,354625
15569,0.039866,172.31.47.0-255,66,229391,87,354625
15570,0.039893,74.125.68.0-255,2902,232293,87,354625
15571,0.039896,172.31.47.0-255,66,232359,87,354625
15572,0.042053,74.125.68.0-255,2902,235261,87,354625
15573,0.042057,172.31.47.0-255,66,235327,87,354625
15574,0.042084,74.125.68.0-255,2902,238229,87,354625
15575,0.042086,172.31.47.0-255,66,238295,87,354625
15576,0.044246,74.125.68.0-255,2902,241197,87,354625
15577,0.044252,172.31.47.0-255,66,241263,87,354625
15578,0.044289,74.125.68.0-255,2902,244165,87,354625
15579,0.044293,172.31.47.0-255,66,244231,87,354625
15580,0.046437,74.125.68.0-255,2902,247133,87,354625
15581,0.046442,172.31.47.0-255,66,247199,87,354625
15582,0.046472,74.125.68.0-255,1484,248683,87,354625
15583,0.046483,74.125.68.0-255,1484,250167,87,354625
15584,0.046486,172.31.47.0-255,66,250233,87,354625
15585,0.048632,74.125.68.0-255,2902,253135,87,354625
15586,0.048637,172.31.47.0-255,66,253201,87,354625
15587,0.048676,74.125.68.0-255,2902,256103,87,354625
15588,0.04868,172.31.47.0-255,66,256169,87,354625
15589,0.050822,74.125.68.0-255,1484,257653,87,354625
15590,0.050848,74.125.68.0-255,1484,259137,87,354625
15591,0.050851,172.31.47.0-255,66,259203,87,354625
15592,0.050877,74.125.68.0-255,2902,262105,87,354625
15593,0.05088,172.31.47.0-255,66,262171,87,354625
15594,0.053039,74.125.68.0-255,2902,265073,87,354625
15595,0.053043,172.31.47.0-255,66,265139,87,354625
15596,0.05307,74.125.68.0-255,2902,268041,87,354625
15597,0.053073,172.31.47.0-255,66,268107,87,354625
15598,0.055228,74.125.68.0-255,2902,271009,87,354625
15599,0.055233,172.31.47.0-255,66,271075,87,354625
15600,0.055264,74.125.68.0-255,2902,273977,87,354625
15601,0.055267,172.31.47.0-255,66,274043,87,354625
15602,0.057425,74.125.68.0-255,1484,275527,87,354625
15603,0.057451,74.125.68.0-255,4320,279847,87,354625
15604,0.057454,172.31.47.0-255,66,279913,87,354625
15605,0.059657,74.125.68.0-255,5738,285651,87,354625
15606,0.059662,172.31.47.0-255,66,285717,87,354625
15607,0.061847,74.125.68.0-255,5738,291455,87,354625
15608,0.061852,172.31.47.0-255,66,291521,87,354625
15609,0.064053,74.125.68.0-255,5738,297259,87,354625
15610,0.064058,172.31.47.0-255,66,297325,87,354625
15611,0.066247,74.125.68.0-255,5738,303063,87,354625
15612,0.066253,172.31.47.0-255,66,303129,87,354625
15613,0.068452,74.125.68.0-255,5738,308867,87,354625
15614,0.068459,172.31.47.0-255,66,308933,87,354625
15615,0.070648,74.125.68.0-255,5738,314671,87,354625
15616,0.070653,172.31.47.0-255,66,314737,87,354625
15617,0.072851,74.125.68.0-255,5738,320475,87,354625
15618,0.072858,172.31.47.0-255,66,320541,87,354625
15619,0.075086,74.125.68.0-255,5738,326279,87,354625
15620,0.075092,172.31.47.0-255,66,326345,87,354625
15621,0.077289,74.125.68.0-255,5738,332083,87,354625
15622,0.077295,172.31.47.0-255,66,332149,87,354625
15623,0.079645,74.125.68.0-255,4320,336469,87,354625
15624,0.079651,172.31.47.0-255,66,336535,87,354625
15625,0.079682,74.125.68.0-255,1484,338019,87,354625
15626,0.081872,74.125.68.0-255,4320,342339,87,354625
15627,0.081877,172.31.47.0-255,66,342405,87,354625
15628,0.084083,74.125.68.0-255,5738,348143,87,354625
15629,0.084089,172.31.47.0-255,66,348209,87,354625
15630,0.086283,74.125.68.0-255,5738,353947,87,354625
15631,0.086289,172.31.47.0-255,66,354013,87,354625
15632,0.088466,74.125.68.0-255,375,354388,87,354625
15633,0.088599,172.31.47.0-255,66,354454,87,354625
15634,0.08863,172.31.47.0-255,105,354559,87,354625
15635,0.090782,74.125.68.0-255,66,354625,87,354625
15636,0.0,172.31.47.0-255,105,105,87,276
15637,0.00175,157.240.13.0-255,105,210,87,276
15638,0.039457,172.31.47.0-255,66,276,87,276
15639,0.0,74.125.24.0-255,153,153,87,368266
15640,2.3e-05,172.31.47.0-255,66,219,87,368266
15641,2.9e-05,74.125.24.0-255,1484,1703,87,368266
15642,3.3e-05,172.31.47.0-255,66,1769,87,368266
15643,5.5e-05,74.125.24.0-255,2902,4671,87,368266
15644,5.8e-05,172.31.47.0-255,66,4737,87,368266
15645,6.8e-05,74.125.24.0-255,5738,10475,87,368266
15646,7e-05,172.31.47.0-255,66,10541,87,368266
15647,0.00011,74.125.24.0-255,3469,14010,87,368266
15648,0.000112,172.31.47.0-255,66,14076,87,368266
15649,0.000202,74.125.24.0-255,1484,15560,87,368266
15650,0.000206,172.31.47.0-255,66,15626,87,368266
15651,0.000231,74.125.24.0-255,2902,18528,87,368266
15652,0.000234,172.31.47.0-255,66,18594,87,368266
15653,0.00024,74.125.24.0-255,4320,22914,87,368266
15654,0.000242,172.31.47.0-255,66,22980,87,368266
15655,0.000259,74.125.24.0-255,1484,24464,87,368266
15656,0.000265,172.31.47.0-255,66,24530,87,368266
15657,0.000268,74.125.24.0-255,1484,26014,87,368266
15658,0.00027,172.31.47.0-255,66,26080,87,368266
15659,0.000294,74.125.24.0-255,5379,31459,87,368266
15660,0.000301,172.31.47.0-255,66,31525,87,368266
15661,0.000325,74.125.24.0-255,4320,35845,87,368266
15662,0.000327,172.31.47.0-255,66,35911,87,368266
15663,0.000353,74.125.24.0-255,2902,38813,87,368266
15664,0.000356,172.31.47.0-255,66,38879,87,368266
15665,0.000359,74.125.24.0-255,1484,40363,87,368266
15666,0.00036,172.31.47.0-255,66,40429,87,368266
15667,0.00039,74.125.24.0-255,7156,47585,87,368266
15668,0.000394,172.31.47.0-255,66,47651,87,368266
15669,0.000396,74.125.24.0-255,1125,48776,87,368266
15670,0.000398,172.31.47.0-255,66,48842,87,368266
15671,0.0007,74.125.24.0-255,1484,50326,87,368266
15672,0.000709,74.125.24.0-255,2902,53228,87,368266
15673,0.000712,172.31.47.0-255,66,53294,87,368266
15674,0.000716,74.125.24.0-255,1484,54778,87,368266
15675,0.000741,74.125.24.0-255,4320,59098,87,368266
15676,0.000744,172.31.47.0-255,66,59164,87,368266
15677,0.000775,172.31.47.0-255,66,59230,87,368266
15678,0.000804,172.31.47.0-255,66,59296,87,368266
15679,0.000847,172.31.47.0-255,66,59362,87,368266
15680,0.00088,74.125.24.0-255,5738,65100,87,368266
15681,0.000882,172.31.47.0-255,66,65166,87,368266
15682,0.000919,172.31.47.0-255,66,65232,87,368266
15683,0.001869,74.125.24.0-255,1484,66716,87,368266
15684,0.001877,74.125.24.0-255,2902,69618,87,368266
15685,0.001881,172.31.47.0-255,66,69684,87,368266
15686,0.001888,74.125.24.0-255,5738,75422,87,368266
15687,0.00189,172.31.47.0-255,66,75488,87,368266
15688,0.001912,74.125.24.0-255,2902,78390,87,368266
15689,0.001914,172.31.47.0-255,66,78456,87,368266
15690,0.00195,172.31.47.0-255,66,78522,87,368266
15691,0.001956,74.125.24.0-255,7156,85678,87,368266
15692,0.001959,172.31.47.0-255,66,85744,87,368266
15693,0.001982,74.125.24.0-255,3602,89346,87,368266
15694,0.001985,172.31.47.0-255,66,89412,87,368266
15695,0.003938,74.125.24.0-255,1484,90896,87,368266
15696,0.003966,74.125.24.0-255,2902,93798,87,368266
15697,0.003968,172.31.47.0-255,66,93864,87,368266
15698,0.003988,74.125.24.0-255,1484,95348,87,368266
15699,0.005946,74.125.24.0-255,4320,99668,87,368266
15700,0.005952,172.31.47.0-255,66,99734,87,368266
15701,0.007949,74.125.24.0-255,5738,105472,87,368266
15702,0.007954,172.31.47.0-255,66,105538,87,368266
15703,0.010008,74.125.24.0-255,5738,111276,87,368266
15704,0.010015,172.31.47.0-255,66,111342,87,368266
15705,0.012012,74.125.24.0-255,5738,117080,87,368266
15706,0.012019,172.31.47.0-255,66,117146,87,368266
15707,0.014022,74.125.24.0-255,5738,122884,87,368266
15708,0.014029,172.31.47.0-255,66,122950,87,368266
15709,0.016023,74.125.24.0-255,5738,128688,87,368266
15710,0.016031,172.31.47.0-255,66,128754,87,368266
15711,0.018033,74.125.24.0-255,5738,134492,87,368266
15712,0.01804,172.31.47.0-255,66,134558,87,368266
15713,0.020042,74.125.24.0-255,5738,140296,87,368266
15714,0.020048,172.31.47.0-255,66,140362,87,368266
15715,0.022047,74.125.24.0-255,5738,146100,87,368266
15716,0.022054,172.31.47.0-255,66,146166,87,368266
15717,0.024067,74.125.24.0-255,5738,151904,87,368266
15718,0.02408,172.31.47.0-255,66,151970,87,368266
15719,0.026076,74.125.24.0-255,5738,157708,87,368266
15720,0.026085,172.31.47.0-255,66,157774,87,368266
15721,0.028104,74.125.24.0-255,5738,163512,87,368266
15722,0.028112,172.31.47.0-255,66,163578,87,368266
15723,0.030112,74.125.24.0-255,5738,169316,87,368266
15724,0.030119,172.31.47.0-255,66,169382,87,368266
15725,0.03213,74.125.24.0-255,4320,173702,87,368266
15726,0.032138,172.31.47.0-255,66,173768,87,368266
15727,0.032156,74.125.24.0-255,1484,175252,87,368266
15728,0.032743,172.31.47.0-255,200,175452,87,368266
15729,0.03277,172.31.47.0-255,1112,176564,87,368266
15730,0.032825,172.31.47.0-255,1514,178078,87,368266
15731,0.032827,172.31.47.0-255,1292,179370,87,368266
15732,0.034126,74.125.24.0-255,4320,183690,87,368266
15733,0.034131,172.31.47.0-255,66,183756,87,368266
15734,0.034267,104.244.42.0-255,66,183822,87,368266
15735,0.034273,104.244.42.0-255,66,183888,87,368266
15736,0.034346,104.244.42.0-255,66,183954,87,368266
15737,0.03612,74.125.24.0-255,4320,188274,87,368266
15738,0.036126,172.31.47.0-255,66,188340,87,368266
15739,0.036157,74.125.24.0-255,1484,189824,87,368266
15740,0.038111,74.125.24.0-255,4320,194144,87,368266
15741,0.038116,172.31.47.0-255,66,194210,87,368266
15742,0.040121,74.125.24.0-255,4320,198530,87,368266
15743,0.040127,172.31.47.0-255,66,198596,87,368266
15744,0.04016,74.125.24.0-255,1484,200080,87,368266
15745,0.042135,74.125.24.0-255,4320,204400,87,368266
15746,0.042141,172.31.47.0-255,66,204466,87,368266
15747,0.044154,74.125.24.0-255,5738,210204,87,368266
15748,0.044159,172.31.47.0-255,66,210270,87,368266
15749,0.046193,74.125.24.0-255,5738,216008,87,368266
15750,0.046197,172.31.47.0-255,66,216074,87,368266
15751,0.048228,74.125.24.0-255,5738,221812,87,368266
15752,0.048232,172.31.47.0-255,66,221878,87,368266
15753,0.050228,74.125.24.0-255,2902,224780,87,368266
15754,0.050232,172.31.47.0-255,66,224846,87,368266
15755,0.050262,74.125.24.0-255,2902,227748,87,368266
15756,0.050264,172.31.47.0-255,66,227814,87,368266
15757,0.052234,74.125.24.0-255,5738,233552,87,368266
15758,0.052239,172.31.47.0-255,66,233618,87,368266
15759,0.054252,74.125.24.0-255,5738,239356,87,368266
15760,0.054257,172.31.47.0-255,66,239422,87,368266
15761,0.056257,74.125.24.0-255,5738,245160,87,368266
15762,0.056263,172.31.47.0-255,66,245226,87,368266
15763,0.058259,74.125.24.0-255,4320,249546,87,368266
15764,0.058264,172.31.47.0-255,66,249612,87,368266
15765,0.058294,74.125.24.0-255,1484,251096,87,368266
15766,0.060267,74.125.24.0-255,4320,255416,87,368266
15767,0.060272,172.31.47.0-255,66,255482,87,368266
15768,0.06228,74.125.24.0-255,2902,258384,87,368266
15769,0.062285,172.31.47.0-255,66,258450,87,368266
15770,0.062321,74.125.24.0-255,2902,261352,87,368266
15771,0.062325,172.31.47.0-255,66,261418,87,368266
15772,0.064275,74.125.24.0-255,2902,264320,87,368266
15773,0.064279,172.31.47.0-255,66,264386,87,368266
15774,0.064307,74.125.24.0-255,2902,267288,87,368266
15775,0.064309,172.31.47.0-255,66,267354,87,368266
15776,0.066262,74.125.24.0-255,2902,270256,87,368266
15777,0.066267,172.31.47.0-255,66,270322,87,368266
15778,0.066302,74.125.24.0-255,2902,273224,87,368266
15779,0.066305,172.31.47.0-255,66,273290,87,368266
15780,0.068242,74.125.24.0-255,2902,276192,87,368266
15781,0.068248,172.31.47.0-255,66,276258,87,368266
15782,0.068282,74.125.24.0-255,2902,279160,87,368266
15783,0.068285,172.31.47.0-255,66,279226,87,368266
15784,0.070254,74.125.24.0-255,2902,282128,87,368266
15785,0.07026,172.31.47.0-255,66,282194,87,368266
15786,0.0703,74.125.24.0-255,2902,285096,87,368266
15787,0.070303,172.31.47.0-255,66,285162,87,368266
15788,0.072248,74.125.24.0-255,2902,288064,87,368266
15789,0.072255,172.31.47.0-255,66,288130,87,368266
15790,0.072295,74.125.24.0-255,2902,291032,87,368266
15791,0.072298,172.31.47.0-255,66,291098,87,368266
15792,0.074235,74.125.24.0-255,2902,294000,87,368266
15793,0.074241,172.31.47.0-255,66,294066,87,368266
15794,0.074287,74.125.24.0-255,2902,296968,87,368266
15795,0.07429,172.31.47.0-255,66,297034,87,368266
15796,0.076236,74.125.24.0-255,2902,299936,87,368266
15797,0.076241,172.31.47.0-255,66,300002,87,368266
15798,0.076282,74.125.24.0-255,2902,302904,87,368266
15799,0.076285,172.31.47.0-255,66,302970,87,368266
15800,0.078238,74.125.24.0-255,2902,305872,87,368266
15801,0.078244,172.31.47.0-255,66,305938,87,368266
15802,0.078284,74.125.24.0-255,2902,308840,87,368266
15803,0.078287,172.31.47.0-255,66,308906,87,368266
15804,0.08022,74.125.24.0-255,2902,311808,87,368266
15805,0.080226,172.31.47.0-255,66,311874,87,368266
15806,0.080268,74.125.24.0-255,2902,314776,87,368266
15807,0.080271,172.31.47.0-255,66,314842,87,368266
15808,0.082239,74.125.24.0-255,2902,317744,87,368266
15809,0.082244,172.31.47.0-255,66,317810,87,368266
15810,0.082277,74.125.24.0-255,2902,320712,87,368266
15811,0.08228,172.31.47.0-255,66,320778,87,368266
15812,0.08424,74.125.24.0-255,2902,323680,87,368266
15813,0.084246,172.31.47.0-255,66,323746,87,368266
15814,0.084287,74.125.24.0-255,2902,326648,87,368266
15815,0.084291,172.31.47.0-255,66,326714,87,368266
15816,0.086254,74.125.24.0-255,2902,329616,87,368266
15817,0.086259,172.31.47.0-255,66,329682,87,368266
15818,0.086298,74.125.24.0-255,2902,332584,87,368266
15819,0.086301,172.31.47.0-255,66,332650,87,368266
15820,0.088236,74.125.24.0-255,2902,335552,87,368266
15821,0.08824,172.31.47.0-255,66,335618,87,368266
15822,0.088293,74.125.24.0-255,1484,337102,87,368266
15823,0.088309,74.125.24.0-255,1484,338586,87,368266
15824,0.088312,172.31.47.0-255,66,338652,87,368266
15825,0.090234,74.125.24.0-255,2902,341554,87,368266
15826,0.090239,172.31.47.0-255,66,341620,87,368266
15827,0.090297,74.125.24.0-255,1484,343104,87,368266
15828,0.090309,74.125.24.0-255,1484,344588,87,368266
15829,0.090313,172.31.47.0-255,66,344654,87,368266
15830,0.09222,74.125.24.0-255,2902,347556,87,368266
15831,0.092226,172.31.47.0-255,66,347622,87,368266
15832,0.092298,74.125.24.0-255,2902,350524,87,368266
15833,0.092303,172.31.47.0-255,66,350590,87,368266
15834,0.094223,74.125.24.0-255,2902,353492,87,368266
15835,0.094226,172.31.47.0-255,66,353558,87,368266
15836,0.094272,74.125.24.0-255,2902,356460,87,368266
15837,0.094276,172.31.47.0-255,66,356526,87,368266
15838,0.096214,74.125.24.0-255,2902,359428,87,368266
15839,0.096218,172.31.47.0-255,66,359494,87,368266
15840,0.096245,74.125.24.0-255,2902,362396,87,368266
15841,0.096247,172.31.47.0-255,66,362462,87,368266
15842,0.098232,74.125.24.0-255,5738,368200,87,368266
15843,0.098236,172.31.47.0-255,66,368266,87,368266
15844,0.0,74.125.24.0-255,153,153,87,194787
15845,2.8e-05,172.31.47.0-255,66,219,87,194787
15846,3.5e-05,74.125.24.0-255,1484,1703,87,194787
15847,3.9e-05,172.31.47.0-255,66,1769,87,194787
15848,4.3e-05,74.125.24.0-255,2902,4671,87,194787
15849,5.3e-05,172.31.47.0-255,66,4737,87,194787
15850,5.9e-05,74.125.24.0-255,4320,9057,87,194787
15851,6.2e-05,172.31.47.0-255,66,9123,87,194787
15852,6.7e-05,74.125.24.0-255,4841,13964,87,194787
15853,7e-05,172.31.47.0-255,66,14030,87,194787
15854,0.000181,74.125.24.0-255,1484,15514,87,194787
15855,0.000185,172.31.47.0-255,66,15580,87,194787
15856,0.000189,74.125.24.0-255,1484,17064,87,194787
15857,0.000191,172.31.47.0-255,66,17130,87,194787
15858,0.000219,74.125.24.0-255,1484,18614,87,194787
15859,0.000221,172.31.47.0-255,66,18680,87,194787
15860,0.000226,74.125.24.0-255,2902,21582,87,194787
15861,0.000229,172.31.47.0-255,66,21648,87,194787
15862,0.000235,74.125.24.0-255,7156,28804,87,194787
15863,0.000238,172.31.47.0-255,66,28870,87,194787
15864,0.000242,74.125.24.0-255,2902,31772,87,194787
15865,0.000243,172.31.47.0-255,66,31838,87,194787
15866,0.000283,172.31.47.0-255,66,31904,87,194787
15867,0.000298,172.31.47.0-255,66,31970,87,194787
15868,0.000321,172.31.47.0-255,66,32036,87,194787
15869,0.000324,74.125.24.0-255,349,32385,87,194787
15870,0.000326,172.31.47.0-255,66,32451,87,194787
15871,0.000438,74.125.24.0-255,1484,33935,87,194787
15872,0.000442,172.31.47.0-255,66,34001,87,194787
15873,0.000447,74.125.24.0-255,2902,36903,87,194787
15874,0.000449,74.125.24.0-255,1484,38387,87,194787
15875,0.000451,172.31.47.0-255,66,38453,87,194787
15876,0.000474,74.125.24.0-255,4320,42773,87,194787
15877,0.000477,172.31.47.0-255,66,42839,87,194787
15878,0.000485,74.125.24.0-255,7156,49995,87,194787
15879,0.000487,172.31.47.0-255,66,50061,87,194787
15880,0.000518,74.125.24.0-255,5738,55799,87,194787
15881,0.000521,172.31.47.0-255,66,55865,87,194787
15882,0.000535,172.31.47.0-255,66,55931,87,194787
15883,0.000537,74.125.24.0-255,766,56697,87,194787
15884,0.000658,74.125.24.0-255,1484,58181,87,194787
15885,0.000662,172.31.47.0-255,66,58247,87,194787
15886,0.000667,74.125.24.0-255,2902,61149,87,194787
15887,0.000669,172.31.47.0-255,66,61215,87,194787
15888,0.000672,74.125.24.0-255,1484,62699,87,194787
15889,0.000703,74.125.24.0-255,4320,67019,87,194787
15890,0.000706,172.31.47.0-255,66,67085,87,194787
15891,0.00072,172.31.47.0-255,66,67151,87,194787
15892,0.000727,74.125.24.0-255,7156,74307,87,194787
15893,0.000729,172.31.47.0-255,66,74373,87,194787
15894,0.000759,74.125.24.0-255,3053,77426,87,194787
15895,0.000762,172.31.47.0-255,66,77492,87,194787
15896,0.00079,74.125.24.0-255,4320,81812,87,194787
15897,0.000794,172.31.47.0-255,66,81878,87,194787
15898,0.000805,172.31.47.0-255,66,81944,87,194787
15899,0.000842,74.125.24.0-255,1484,83428,87,194787
15900,0.000876,172.31.47.0-255,66,83494,87,194787
15901,0.000883,74.125.24.0-255,6438,89932,87,194787
15902,0.000885,172.31.47.0-255,66,89998,87,194787
15903,0.001073,74.125.24.0-255,1484,91482,87,194787
15904,0.001079,74.125.24.0-255,2902,94384,87,194787
15905,0.001082,172.31.47.0-255,66,94450,87,194787
15906,0.001085,74.125.24.0-255,1484,95934,87,194787
15907,0.001112,74.125.24.0-255,4320,100254,87,194787
15908,0.001115,172.31.47.0-255,66,100320,87,194787
15909,0.001122,74.125.24.0-255,5738,106058,87,194787
15910,0.001124,172.31.47.0-255,66,106124,87,194787
15911,0.001151,74.125.24.0-255,7156,113280,87,194787
15912,0.001154,172.31.47.0-255,66,113346,87,194787
15913,0.001174,74.125.24.0-255,7156,120502,87,194787
15914,0.001177,172.31.47.0-255,66,120568,87,194787
15915,0.001206,74.125.24.0-255,3602,124170,87,194787
15916,0.001209,172.31.47.0-255,66,124236,87,194787
15917,0.001342,74.125.24.0-255,1484,125720,87,194787
15918,0.001347,74.125.24.0-255,2902,128622,87,194787
15919,0.00135,172.31.47.0-255,66,128688,87,194787
15920,0.001354,74.125.24.0-255,1484,130172,87,194787
15921,0.001386,74.125.24.0-255,4320,134492,87,194787
15922,0.00139,172.31.47.0-255,66,134558,87,194787
15923,0.001397,74.125.24.0-255,7156,141714,87,194787
15924,0.001399,172.31.47.0-255,66,141780,87,194787
15925,0.001409,172.31.47.0-255,66,141846,87,194787
15926,0.001437,74.125.24.0-255,4320,146166,87,194787
15927,0.001441,172.31.47.0-255,66,146232,87,194787
15928,0.001445,74.125.24.0-255,2184,148416,87,194787
15929,0.001447,172.31.47.0-255,66,148482,87,194787
15930,0.00146,74.125.24.0-255,2902,151384,87,194787
15931,0.001466,172.31.47.0-255,66,151450,87,194787
15932,0.00147,74.125.24.0-255,2902,154352,87,194787
15933,0.001472,172.31.47.0-255,66,154418,87,194787
15934,0.001509,74.125.24.0-255,7156,161574,87,194787
15935,0.001513,172.31.47.0-255,66,161640,87,194787
15936,0.001535,172.31.47.0-255,66,161706,87,194787
15937,0.001541,74.125.24.0-255,5020,166726,87,194787
15938,0.001545,172.31.47.0-255,66,166792,87,194787
15939,0.001651,74.125.24.0-255,1484,168276,87,194787
15940,0.001657,74.125.24.0-255,2902,171178,87,194787
15941,0.001661,172.31.47.0-255,66,171244,87,194787
15942,0.001664,74.125.24.0-255,1484,172728,87,194787
15943,0.001689,74.125.24.0-255,4320,177048,87,194787
15944,0.001693,172.31.47.0-255,66,177114,87,194787
15945,0.00171,172.31.47.0-255,66,177180,87,194787
15946,0.001743,172.31.47.0-255,66,177246,87,194787
15947,0.00178,74.125.24.0-255,1484,178730,87,194787
15948,0.001807,172.31.47.0-255,66,178796,87,194787
15949,0.001827,172.31.47.0-255,66,178862,87,194787
15950,0.001871,172.31.47.0-255,66,178928,87,194787
15951,0.001911,74.125.24.0-255,6438,185366,87,194787
15952,0.001915,172.31.47.0-255,66,185432,87,194787
15953,0.001931,172.31.47.0-255,66,185498,87,194787
15954,0.001946,172.31.47.0-255,66,185564,87,194787
15955,0.001976,74.125.24.0-255,4540,190104,87,194787
15956,0.002016,74.125.24.0-255,105,190209,87,194787
15957,0.005673,172.31.47.0-255,66,190275,87,194787
15958,0.007645,172.31.47.0-255,105,190380,87,194787
15959,0.009679,74.125.24.0-255,66,190446,87,194787
15960,0.026574,172.31.47.0-255,223,190669,87,194787
15961,0.026605,172.31.47.0-255,1135,191804,87,194787
15962,0.026649,172.31.47.0-255,1514,193318,87,194787
15963,0.026669,172.31.47.0-255,1271,194589,87,194787
15964,0.028054,104.244.42.0-255,66,194655,87,194787
15965,0.028082,104.244.42.0-255,66,194721,87,194787
15966,0.028155,104.244.42.0-255,66,194787,87,194787
15967,0.0,74.125.24.0-255,152,152,87,303396
15968,1.8e-05,172.31.47.0-255,66,218,87,303396
15969,2.5e-05,74.125.24.0-255,1484,1702,87,303396
15970,2.9e-05,172.31.47.0-255,66,1768,87,303396
15971,3.5e-05,74.125.24.0-255,2902,4670,87,303396
15972,3.7e-05,172.31.47.0-255,66,4736,87,303396
15973,4.5e-05,74.125.24.0-255,7156,11892,87,303396
15974,4.7e-05,172.31.47.0-255,66,11958,87,303396
15975,7.3e-05,74.125.24.0-255,2066,14024,87,303396
15976,7.6e-05,172.31.47.0-255,66,14090,87,303396
15977,0.000317,74.125.24.0-255,1484,15574,87,303396
15978,0.000322,172.31.47.0-255,66,15640,87,303396
15979,0.000328,74.125.24.0-255,2902,18542,87,303396
15980,0.000331,172.31.47.0-255,66,18608,87,303396
15981,0.000338,74.125.24.0-255,5738,24346,87,303396
15982,0.00034,172.31.47.0-255,66,24412,87,303396
15983,0.000376,74.125.24.0-255,6797,31209,87,303396
15984,0.000379,172.31.47.0-255,66,31275,87,303396
15985,0.000571,74.125.24.0-255,1484,32759,87,303396
15986,0.000576,172.31.47.0-255,66,32825,87,303396
15987,0.000582,74.125.24.0-255,2902,35727,87,303396
15988,0.000584,172.31.47.0-255,66,35793,87,303396
15989,0.000601,74.125.24.0-255,5738,41531,87,303396
15990,0.000604,172.31.47.0-255,66,41597,87,303396
15991,0.000609,74.125.24.0-255,4320,45917,87,303396
15992,0.000612,172.31.47.0-255,66,45983,87,303396
15993,0.000652,172.31.47.0-255,66,46049,87,303396
15994,0.000657,74.125.24.0-255,2902,48951,87,303396
15995,0.000659,172.31.47.0-255,66,49017,87,303396
15996,0.00068,74.125.24.0-255,3961,52978,87,303396
15997,0.000683,172.31.47.0-255,66,53044,87,303396
15998,0.0009,74.125.24.0-255,646,53690,87,303396
15999,0.001276,74.125.24.0-255,1484,55174,87,303396
16000,0.001281,172.31.47.0-255,66,55240,87,303396
16001,0.001287,74.125.24.0-255,2902,58142,87,303396
16002,0.001289,172.31.47.0-255,66,58208,87,303396
16003,0.00131,74.125.24.0-255,5738,63946,87,303396
16004,0.001313,172.31.47.0-255,66,64012,87,303396
16005,0.001347,172.31.47.0-255,66,64078,87,303396
16006,0.001375,74.125.24.0-255,4320,68398,87,303396
16007,0.001378,172.31.47.0-255,66,68464,87,303396
16008,0.001396,172.31.47.0-255,66,68530,87,303396
16009,0.003791,74.125.24.0-255,2902,71432,87,303396
16010,0.003798,172.31.47.0-255,66,71498,87,303396
16011,0.003817,74.125.24.0-255,2902,74400,87,303396
16012,0.00382,172.31.47.0-255,66,74466,87,303396
16013,0.006134,74.125.24.0-255,2902,77368,87,303396
16014,0.006139,172.31.47.0-255,66,77434,87,303396
16015,0.00623,74.125.24.0-255,2902,80336,87,303396
16016,0.006234,172.31.47.0-255,66,80402,87,303396
16017,0.008523,74.125.24.0-255,2902,83304,87,303396
16018,0.00853,172.31.47.0-255,66,83370,87,303396
16019,0.008609,74.125.24.0-255,2902,86272,87,303396
16020,0.008613,172.31.47.0-255,66,86338,87,303396
16021,0.010927,74.125.24.0-255,2902,89240,87,303396
16022,0.010937,172.31.47.0-255,66,89306,87,303396
16023,0.010974,74.125.24.0-255,2902,92208,87,303396
16024,0.010977,172.31.47.0-255,66,92274,87,303396
16025,0.013358,74.125.24.0-255,5738,98012,87,303396
16026,0.013366,172.31.47.0-255,66,98078,87,303396
16027,0.015745,74.125.24.0-255,5738,103816,87,303396
16028,0.015754,172.31.47.0-255,66,103882,87,303396
16029,0.018264,74.125.24.0-255,5738,109620,87,303396
16030,0.01827,172.31.47.0-255,66,109686,87,303396
16031,0.020669,74.125.24.0-255,5738,115424,87,303396
16032,0.020676,172.31.47.0-255,66,115490,87,303396
16033,0.02302,74.125.24.0-255,5738,121228,87,303396
16034,0.023027,172.31.47.0-255,66,121294,87,303396
16035,0.025366,74.125.24.0-255,5738,127032,87,303396
16036,0.025373,172.31.47.0-255,66,127098,87,303396
16037,0.027208,172.31.47.0-255,172,127270,87,303396
16038,0.027242,172.31.47.0-255,1107,128377,87,303396
16039,0.0273,172.31.47.0-255,1514,129891,87,303396
16040,0.027302,172.31.47.0-255,1297,131188,87,303396
16041,0.027757,74.125.24.0-255,5738,136926,87,303396
16042,0.027763,172.31.47.0-255,66,136992,87,303396
16043,0.028734,104.244.42.0-255,66,137058,87,303396
16044,0.028961,104.244.42.0-255,66,137124,87,303396
16045,0.028967,104.244.42.0-255,66,137190,87,303396
16046,0.030178,74.125.24.0-255,4320,141510,87,303396
16047,0.030185,172.31.47.0-255,66,141576,87,303396
16048,0.0302,74.125.24.0-255,1484,143060,87,303396
16049,0.032571,74.125.24.0-255,2902,145962,87,303396
16050,0.032577,172.31.47.0-255,66,146028,87,303396
16051,0.034949,74.125.24.0-255,5738,151766,87,303396
16052,0.034955,172.31.47.0-255,66,151832,87,303396
16053,0.037283,74.125.24.0-255,5738,157570,87,303396
16054,0.03729,172.31.47.0-255,66,157636,87,303396
16055,0.039644,74.125.24.0-255,2902,160538,87,303396
16056,0.03965,172.31.47.0-255,66,160604,87,303396
16057,0.039671,74.125.24.0-255,2902,163506,87,303396
16058,0.039673,172.31.47.0-255,66,163572,87,303396
16059,0.042047,74.125.24.0-255,5738,169310,87,303396
16060,0.042053,172.31.47.0-255,66,169376,87,303396
16061,0.044473,74.125.24.0-255,5738,175114,87,303396
16062,0.044478,172.31.47.0-255,66,175180,87,303396
16063,0.046885,74.125.24.0-255,5738,180918,87,303396
16064,0.046892,172.31.47.0-255,66,180984,87,303396
16065,0.049271,74.125.24.0-255,5738,186722,87,303396
16066,0.049277,172.31.47.0-255,66,186788,87,303396
16067,0.051651,74.125.24.0-255,5738,192526,87,303396
16068,0.051657,172.31.47.0-255,66,192592,87,303396
16069,0.054072,74.125.24.0-255,5738,198330,87,303396
16070,0.054082,172.31.47.0-255,66,198396,87,303396
16071,0.056519,74.125.24.0-255,5738,204134,87,303396
16072,0.056526,172.31.47.0-255,66,204200,87,303396
16073,0.058863,74.125.24.0-255,4320,208520,87,303396
16074,0.05887,172.31.47.0-255,66,208586,87,303396
16075,0.05889,74.125.24.0-255,1484,210070,87,303396
16076,0.061268,74.125.24.0-255,2902,212972,87,303396
16077,0.061273,172.31.47.0-255,66,213038,87,303396
16078,0.063692,74.125.24.0-255,5738,218776,87,303396
16079,0.063699,172.31.47.0-255,66,218842,87,303396
16080,0.066059,74.125.24.0-255,5738,224580,87,303396
16081,0.066065,172.31.47.0-255,66,224646,87,303396
16082,0.06841,74.125.24.0-255,4320,228966,87,303396
16083,0.068415,172.31.47.0-255,66,229032,87,303396
16084,0.068431,74.125.24.0-255,1484,230516,87,303396
16085,0.070778,74.125.24.0-255,4320,234836,87,303396
16086,0.070782,172.31.47.0-255,66,234902,87,303396
16087,0.073112,74.125.24.0-255,2902,237804,87,303396
16088,0.073119,172.31.47.0-255,66,237870,87,303396
16089,0.073142,74.125.24.0-255,2902,240772,87,303396
16090,0.073145,172.31.47.0-255,66,240838,87,303396
16091,0.075483,74.125.24.0-255,4320,245158,87,303396
16092,0.075489,172.31.47.0-255,66,245224,87,303396
16093,0.075508,74.125.24.0-255,1484,246708,87,303396
16094,0.077905,74.125.24.0-255,4320,251028,87,303396
16095,0.07791,172.31.47.0-255,66,251094,87,303396
16096,0.08028,74.125.24.0-255,5738,256832,87,303396
16097,0.080286,172.31.47.0-255,66,256898,87,303396
16098,0.082684,74.125.24.0-255,5738,262636,87,303396
16099,0.082691,172.31.47.0-255,66,262702,87,303396
16100,0.085015,74.125.24.0-255,5738,268440,87,303396
16101,0.08502,172.31.47.0-255,66,268506,87,303396
16102,0.087403,74.125.24.0-255,5738,274244,87,303396
16103,0.087409,172.31.47.0-255,66,274310,87,303396
16104,0.089754,74.125.24.0-255,5738,280048,87,303396
16105,0.08976,172.31.47.0-255,66,280114,87,303396
16106,0.092152,74.125.24.0-255,5738,285852,87,303396
16107,0.092158,172.31.47.0-255,66,285918,87,303396
16108,0.094563,74.125.24.0-255,5738,291656,87,303396
16109,0.09457,172.31.47.0-255,66,291722,87,303396
16110,0.096911,74.125.24.0-255,5738,297460,87,303396
16111,0.096918,172.31.47.0-255,66,297526,87,303396
16112,0.099248,74.125.24.0-255,4320,301846,87,303396
16113,0.099253,172.31.47.0-255,66,301912,87,303396
16114,0.0993,74.125.24.0-255,1484,303396,87,303396
16115,0.0,172.253.118.0-255,153,153,87,235886
16116,2.1e-05,172.31.47.0-255,66,219,87,235886
16117,2.8e-05,172.253.118.0-255,1484,1703,87,235886
16118,3.1e-05,172.31.47.0-255,66,1769,87,235886
16119,3.6e-05,172.253.118.0-255,2902,4671,87,235886
16120,3.8e-05,172.31.47.0-255,66,4737,87,235886
16121,4.3e-05,172.253.118.0-255,4320,9057,87,235886
16122,4.5e-05,172.31.47.0-255,66,9123,87,235886
16123,5e-05,172.253.118.0-255,4320,13443,87,235886
16124,5.2e-05,172.31.47.0-255,66,13509,87,235886
16125,6.9e-05,172.253.118.0-255,792,14301,87,235886
16126,7.2e-05,172.31.47.0-255,66,14367,87,235886
16127,7.6e-05,172.253.118.0-255,4320,18687,87,235886
16128,7.8e-05,172.31.47.0-255,66,18753,87,235886
16129,0.000111,172.253.118.0-255,7156,25909,87,235886
16130,0.000114,172.31.47.0-255,66,25975,87,235886
16131,0.000119,172.253.118.0-255,5379,31354,87,235886
16132,0.000121,172.31.47.0-255,66,31420,87,235886
16133,0.000188,172.253.118.0-255,1484,32904,87,235886
16134,0.000191,172.31.47.0-255,66,32970,87,235886
16135,0.00021,172.253.118.0-255,2902,35872,87,235886
16136,0.000212,172.31.47.0-255,66,35938,87,235886
16137,0.000218,172.253.118.0-255,5738,41676,87,235886
16138,0.00022,172.31.47.0-255,66,41742,87,235886
16139,0.000257,172.31.47.0-255,66,41808,87,235886
16140,0.000277,172.253.118.0-255,5379,47187,87,235886
16141,0.000279,172.31.47.0-255,66,47253,87,235886
16142,0.000299,172.253.118.0-255,7156,54409,87,235886
16143,0.000302,172.31.47.0-255,66,54475,87,235886
16144,0.000322,172.253.118.0-255,2817,57292,87,235886
16145,0.000324,172.31.47.0-255,66,57358,87,235886
16146,0.000326,172.253.118.0-255,412,57770,87,235886
16147,0.000481,172.253.118.0-255,1484,59254,87,235886
16148,0.000486,172.253.118.0-255,2902,62156,87,235886
16149,0.000499,172.253.118.0-255,2902,65058,87,235886
16150,0.000512,172.253.118.0-255,2902,67960,87,235886
16151,0.000514,172.253.118.0-255,1484,69444,87,235886
16152,0.000522,172.31.47.0-255,66,69510,87,235886
16153,0.000551,172.253.118.0-255,4320,73830,87,235886
16154,0.00056,172.31.47.0-255,66,73896,87,235886
16155,0.000567,172.253.118.0-255,6438,80334,87,235886
16156,0.000593,172.31.47.0-255,66,80400,87,235886
16157,0.000859,172.253.118.0-255,1484,81884,87,235886
16158,0.000878,172.253.118.0-255,2902,84786,87,235886
16159,0.00088,172.31.47.0-255,66,84852,87,235886
16160,0.000884,172.253.118.0-255,1484,86336,87,235886
16161,0.000898,172.253.118.0-255,4320,90656,87,235886
16162,0.000912,172.31.47.0-255,66,90722,87,235886
16163,0.000918,172.253.118.0-255,4320,95042,87,235886
16164,0.000921,172.31.47.0-255,66,95108,87,235886
16165,0.000935,172.253.118.0-255,5738,100846,87,235886
16166,0.000943,172.31.47.0-255,66,100912,87,235886
16167,0.000967,172.31.47.0-255,66,100978,87,235886
16168,0.000986,172.253.118.0-255,5020,105998,87,235886
16169,0.000992,172.31.47.0-255,66,106064,87,235886
16170,0.001041,172.253.118.0-255,1484,107548,87,235886
16171,0.001056,172.253.118.0-255,2902,110450,87,235886
16172,0.001059,172.253.118.0-255,1484,111934,87,235886
16173,0.001067,172.31.47.0-255,66,112000,87,235886
16174,0.001079,172.253.118.0-255,4320,116320,87,235886
16175,0.001089,172.31.47.0-255,66,116386,87,235886
16176,0.001138,172.31.47.0-255,66,116452,87,235886
16177,0.001151,172.253.118.0-255,2184,118636,87,235886
16178,0.001192,172.31.47.0-255,66,118702,87,235886
16179,0.001219,172.253.118.0-255,1484,120186,87,235886
16180,0.001223,172.253.118.0-255,2902,123088,87,235886
16181,0.001243,172.253.118.0-255,2902,125990,87,235886
16182,0.001254,172.31.47.0-255,66,126056,87,235886
16183,0.001258,172.253.118.0-255,2902,128958,87,235886
16184,0.001259,172.253.118.0-255,1484,130442,87,235886
16185,0.001264,172.31.47.0-255,66,130508,87,235886
16186,0.001307,172.253.118.0-255,2902,133410,87,235886
16187,0.001312,172.31.47.0-255,66,133476,87,235886
16188,0.001338,172.31.47.0-255,66,133542,87,235886
16189,0.001526,172.253.118.0-255,1484,135026,87,235886
16190,0.001531,172.253.118.0-255,2902,137928,87,235886
16191,0.001534,172.31.47.0-255,66,137994,87,235886
16192,0.001537,172.253.118.0-255,1484,139478,87,235886
16193,0.001558,172.253.118.0-255,4320,143798,87,235886
16194,0.001564,172.253.118.0-255,5738,149536,87,235886
16195,0.001567,172.31.47.0-255,66,149602,87,235886
16196,0.001599,172.31.47.0-255,66,149668,87,235886
16197,0.001607,172.253.118.0-255,2902,152570,87,235886
16198,0.001614,172.253.118.0-255,7156,159726,87,235886
16199,0.001623,172.31.47.0-255,66,159792,87,235886
16200,0.00163,172.253.118.0-255,5738,165530,87,235886
16201,0.00164,172.253.118.0-255,766,166296,87,235886
16202,0.001646,172.253.118.0-255,4320,170616,87,235886
16203,0.001701,172.31.47.0-255,66,170682,87,235886
16204,0.00171,172.253.118.0-255,2902,173584,87,235886
16205,0.001723,172.31.47.0-255,66,173650,87,235886
16206,0.001728,172.253.118.0-255,4320,177970,87,235886
16207,0.001766,172.253.118.0-255,4320,182290,87,235886
16208,0.001768,172.31.47.0-255,66,182356,87,235886
16209,0.001773,172.31.47.0-255,66,182422,87,235886
16210,0.001805,172.31.47.0-255,66,182488,87,235886
16211,0.001814,172.253.118.0-255,1484,183972,87,235886
16212,0.001832,172.253.118.0-255,2184,186156,87,235886
16213,0.001838,172.253.118.0-255,4320,190476,87,235886
16214,0.001853,172.31.47.0-255,66,190542,87,235886
16215,0.00189,172.31.47.0-255,66,190608,87,235886
16216,0.001893,172.253.118.0-255,1484,192092,87,235886
16217,0.001907,172.31.47.0-255,66,192158,87,235886
16218,0.001925,172.253.118.0-255,3602,195760,87,235886
16219,0.00201,172.253.118.0-255,7156,202916,87,235886
16220,0.002014,172.31.47.0-255,66,202982,87,235886
16221,0.002024,172.31.47.0-255,66,203048,87,235886
16222,0.002032,172.253.118.0-255,7156,210204,87,235886
16223,0.002068,172.253.118.0-255,4320,214524,87,235886
16224,0.002073,172.31.47.0-255,66,214590,87,235886
16225,0.002094,172.253.118.0-255,6438,221028,87,235886
16226,0.002101,172.31.47.0-255,66,221094,87,235886
16227,0.002111,172.253.118.0-255,1484,222578,87,235886
16228,0.002131,172.253.118.0-255,6833,229411,87,235886
16229,0.002146,172.253.118.0-255,105,229516,87,235886
16230,0.002149,172.31.47.0-255,66,229582,87,235886
16231,0.004035,172.31.47.0-255,66,229648,87,235886
16232,0.004069,172.31.47.0-255,105,229753,87,235886
16233,0.006327,172.253.118.0-255,66,229819,87,235886
16234,0.025277,172.31.47.0-255,171,229990,87,235886
16235,0.025308,172.31.47.0-255,1135,231125,87,235886
16236,0.025363,172.31.47.0-255,1514,232639,87,235886
16237,0.025365,172.31.47.0-255,1514,234153,87,235886
16238,0.025366,172.31.47.0-255,1514,235667,87,235886
16239,0.025367,172.31.47.0-255,87,235754,87,235886
16240,0.026881,104.244.42.0-255,66,235820,87,235886
16241,0.06837,104.244.42.0-255,66,235886,87,235886
16242,0.0,74.125.24.0-255,153,153,87,285587
16243,3.7e-05,172.31.47.0-255,66,219,87,285587
16244,4.4e-05,74.125.24.0-255,1484,1703,87,285587
16245,5e-05,172.31.47.0-255,66,1769,87,285587
16246,5.4e-05,74.125.24.0-255,2902,4671,87,285587
16247,5.7e-05,172.31.47.0-255,66,4737,87,285587
16248,6.3e-05,74.125.24.0-255,7156,11893,87,285587
16249,6.5e-05,172.31.47.0-255,66,11959,87,285587
16250,9.8e-05,74.125.24.0-255,4320,16279,87,285587
16251,0.000101,172.31.47.0-255,66,16345,87,285587
16252,0.000117,74.125.24.0-255,5007,21352,87,285587
16253,0.000119,172.31.47.0-255,66,21418,87,285587
16254,0.000131,172.31.47.0-255,66,21484,87,285587
16255,0.000344,74.125.24.0-255,1484,22968,87,285587
16256,0.00035,172.31.47.0-255,66,23034,87,285587
16257,0.000356,74.125.24.0-255,2902,25936,87,285587
16258,0.000359,172.31.47.0-255,66,26002,87,285587
16259,0.000364,74.125.24.0-255,5738,31740,87,285587
16260,0.000369,172.31.47.0-255,66,31806,87,285587
16261,0.000398,74.125.24.0-255,6797,38603,87,285587
16262,0.000401,172.31.47.0-255,66,38669,87,285587
16263,0.000418,74.125.24.0-255,1484,40153,87,285587
16264,0.000422,172.31.47.0-255,66,40219,87,285587
16265,0.000453,172.31.47.0-255,66,40285,87,285587
16266,0.000457,74.125.24.0-255,2543,42828,87,285587
16267,0.000459,172.31.47.0-255,66,42894,87,285587
16268,0.000471,74.125.24.0-255,646,43540,87,285587
16269,0.000474,172.31.47.0-255,66,43606,87,285587
16270,0.000602,74.125.24.0-255,1484,45090,87,285587
16271,0.000607,172.31.47.0-255,66,45156,87,285587
16272,0.000612,74.125.24.0-255,2902,48058,87,285587
16273,0.000614,172.31.47.0-255,66,48124,87,285587
16274,0.000618,74.125.24.0-255,2902,51026,87,285587
16275,0.00062,172.31.47.0-255,66,51092,87,285587
16276,0.000645,74.125.24.0-255,2902,53994,87,285587
16277,0.000649,74.125.24.0-255,2902,56896,87,285587
16278,0.00065,172.31.47.0-255,66,56962,87,285587
16279,0.000653,172.31.47.0-255,66,57028,87,285587
16280,0.000669,74.125.24.0-255,1484,58512,87,285587
16281,0.000705,172.31.47.0-255,66,58578,87,285587
16282,0.00071,74.125.24.0-255,4320,62898,87,285587
16283,0.000712,172.31.47.0-255,66,62964,87,285587
16284,0.000735,74.125.24.0-255,1484,64448,87,285587
16285,0.000749,74.125.24.0-255,3961,68409,87,285587
16286,0.000751,172.31.47.0-255,66,68475,87,285587
16287,0.000796,74.125.24.0-255,1484,69959,87,285587
16288,0.0008,74.125.24.0-255,1484,71443,87,285587
16289,0.000802,172.31.47.0-255,66,71509,87,285587
16290,0.000819,74.125.24.0-255,1484,72993,87,285587
16291,0.000832,74.125.24.0-255,1484,74477,87,285587
16292,0.000835,172.31.47.0-255,66,74543,87,285587
16293,0.000857,74.125.24.0-255,4320,78863,87,285587
16294,0.00086,172.31.47.0-255,66,78929,87,285587
16295,0.000864,74.125.24.0-255,2902,81831,87,285587
16296,0.000866,172.31.47.0-255,66,81897,87,285587
16297,0.00087,74.125.24.0-255,2902,84799,87,285587
16298,0.000872,172.31.47.0-255,66,84865,87,285587
16299,0.000903,74.125.24.0-255,7156,92021,87,285587
16300,0.000906,172.31.47.0-255,66,92087,87,285587
16301,0.000918,172.31.47.0-255,66,92153,87,285587
16302,0.000998,74.125.24.0-255,1484,93637,87,285587
16303,0.001003,74.125.24.0-255,2902,96539,87,285587
16304,0.001006,172.31.47.0-255,66,96605,87,285587
16305,0.001027,74.125.24.0-255,5738,102343,87,285587
16306,0.00103,172.31.47.0-255,66,102409,87,285587
16307,0.001041,74.125.24.0-255,1484,103893,87,285587
16308,0.001065,172.31.47.0-255,66,103959,87,285587
16309,0.001082,74.125.24.0-255,2902,106861,87,285587
16310,0.001084,172.31.47.0-255,66,106927,87,285587
16311,0.00111,74.125.24.0-255,4320,111247,87,285587
16312,0.001114,172.31.47.0-255,66,111313,87,285587
16313,0.00113,74.125.24.0-255,6438,117751,87,285587
16314,0.001133,172.31.47.0-255,66,117817,87,285587
16315,0.001202,74.125.24.0-255,1484,119301,87,285587
16316,0.001207,74.125.24.0-255,2902,122203,87,285587
16317,0.00121,172.31.47.0-255,66,122269,87,285587
16318,0.001218,74.125.24.0-255,2902,125171,87,285587
16319,0.00122,172.31.47.0-255,66,125237,87,285587
16320,0.001236,74.125.24.0-255,2902,128139,87,285587
16321,0.001239,172.31.47.0-255,66,128205,87,285587
16322,0.001245,74.125.24.0-255,5738,133943,87,285587
16323,0.001247,172.31.47.0-255,66,134009,87,285587
16324,0.001308,172.31.47.0-255,66,134075,87,285587
16325,0.001314,74.125.24.0-255,5020,139095,87,285587
16326,0.001316,172.31.47.0-255,66,139161,87,285587
16327,0.001403,74.125.24.0-255,1484,140645,87,285587
16328,0.001408,74.125.24.0-255,2902,143547,87,285587
16329,0.001411,172.31.47.0-255,66,143613,87,285587
16330,0.001418,74.125.24.0-255,5738,149351,87,285587
16331,0.00142,172.31.47.0-255,66,149417,87,285587
16332,0.001452,172.31.47.0-255,66,149483,87,285587
16333,0.001469,74.125.24.0-255,2902,152385,87,285587
16334,0.001471,172.31.47.0-255,66,152451,87,285587
16335,0.001514,172.31.47.0-255,66,152517,87,285587
16336,0.001572,74.125.24.0-255,1484,154001,87,285587
16337,0.001577,74.125.24.0-255,2902,156903,87,285587
16338,0.00158,172.31.47.0-255,66,156969,87,285587
16339,0.001586,74.125.24.0-255,5738,162707,87,285587
16340,0.001588,172.31.47.0-255,66,162773,87,285587
16341,0.001618,172.31.47.0-255,66,162839,87,285587
16342,0.001624,74.125.24.0-255,5738,168577,87,285587
16343,0.001626,172.31.47.0-255,66,168643,87,285587
16344,0.001651,74.125.24.0-255,4320,172963,87,285587
16345,0.001654,172.31.47.0-255,66,173029,87,285587
16346,0.001675,74.125.24.0-255,5738,178767,87,285587
16347,0.001678,172.31.47.0-255,66,178833,87,285587
16348,0.001704,74.125.24.0-255,2184,181017,87,285587
16349,0.001706,172.31.47.0-255,66,181083,87,285587
16350,0.001716,172.31.47.0-255,66,181149,87,285587
16351,0.001733,172.31.47.0-255,66,181215,87,285587
16352,0.001737,74.125.24.0-255,3602,184817,87,285587
16353,0.001739,172.31.47.0-255,66,184883,87,285587
16354,0.001811,74.125.24.0-255,1484,186367,87,285587
16355,0.001823,74.125.24.0-255,2902,189269,87,285587
16356,0.001827,172.31.47.0-255,66,189335,87,285587
16357,0.001838,74.125.24.0-255,5738,195073,87,285587
16358,0.001841,172.31.47.0-255,66,195139,87,285587
16359,0.001865,74.125.24.0-255,2902,198041,87,285587
16360,0.001868,172.31.47.0-255,66,198107,87,285587
16361,0.00189,74.125.24.0-255,5738,203845,87,285587
16362,0.001892,172.31.47.0-255,66,203911,87,285587
16363,0.001895,74.125.24.0-255,1484,205395,87,285587
16364,0.001918,172.31.47.0-255,66,205461,87,285587
16365,0.001924,74.125.24.0-255,5020,210481,87,285587
16366,0.001926,172.31.47.0-255,66,210547,87,285587
16367,0.003973,74.125.24.0-255,5738,216285,87,285587
16368,0.003979,172.31.47.0-255,66,216351,87,285587
16369,0.006006,74.125.24.0-255,4320,220671,87,285587
16370,0.00601,172.31.47.0-255,66,220737,87,285587
16371,0.006025,74.125.24.0-255,1484,222221,87,285587
16372,0.008028,74.125.24.0-255,4320,226541,87,285587
16373,0.008038,172.31.47.0-255,66,226607,87,285587
16374,0.010055,74.125.24.0-255,5738,232345,87,285587
16375,0.010064,172.31.47.0-255,66,232411,87,285587
16376,0.012049,74.125.24.0-255,5738,238149,87,285587
16377,0.012058,172.31.47.0-255,66,238215,87,285587
16378,0.014122,74.125.24.0-255,5738,243953,87,285587
16379,0.014136,172.31.47.0-255,66,244019,87,285587
16380,0.016164,74.125.24.0-255,5738,249757,87,285587
16381,0.016176,172.31.47.0-255,66,249823,87,285587
16382,0.018191,74.125.24.0-255,4320,254143,87,285587
16383,0.018202,172.31.47.0-255,66,254209,87,285587
16384,0.018227,74.125.24.0-255,1484,255693,87,285587
16385,0.020235,74.125.24.0-255,4320,260013,87,285587
16386,0.020242,172.31.47.0-255,66,260079,87,285587
16387,0.022283,74.125.24.0-255,5738,265817,87,285587
16388,0.02229,172.31.47.0-255,66,265883,87,285587
16389,0.024285,74.125.24.0-255,5738,271621,87,285587
16390,0.024295,172.31.47.0-255,66,271687,87,285587
16391,0.026285,74.125.24.0-255,5738,277425,87,285587
16392,0.026296,172.31.47.0-255,66,277491,87,285587
16393,0.028187,172.31.47.0-255,171,277662,87,285587
16394,0.028215,172.31.47.0-255,1135,278797,87,285587
16395,0.028258,172.31.47.0-255,1514,280311,87,285587
16396,0.028259,172.31.47.0-255,1269,281580,87,285587
16397,0.028303,74.125.24.0-255,3572,285152,87,285587
16398,0.028308,172.31.47.0-255,66,285218,87,285587
16399,0.028433,172.31.47.0-255,105,285323,87,285587
16400,0.029711,104.244.42.0-255,66,285389,87,285587
16401,0.029758,104.244.42.0-255,66,285455,87,285587
16402,0.029801,104.244.42.0-255,66,285521,87,285587
16403,0.030442,74.125.24.0-255,66,285587,87,285587
16404,0.0,74.125.200.0-255,153,153,87,413407
16405,1.8e-05,172.31.47.0-255,66,219,87,413407
16406,2.5e-05,74.125.200.0-255,1484,1703,87,413407
16407,3e-05,172.31.47.0-255,66,1769,87,413407
16408,4.3e-05,74.125.200.0-255,2902,4671,87,413407
16409,4.6e-05,172.31.47.0-255,66,4737,87,413407
16410,5.1e-05,74.125.200.0-255,4320,9057,87,413407
16411,5.4e-05,172.31.47.0-255,66,9123,87,413407
16412,8.1e-05,74.125.200.0-255,2902,12025,87,413407
16413,8.3e-05,172.31.47.0-255,66,12091,87,413407
16414,0.000106,74.125.200.0-255,2066,14157,87,413407
16415,0.000109,172.31.47.0-255,66,14223,87,413407
16416,0.000206,74.125.200.0-255,1484,15707,87,413407
16417,0.000209,172.31.47.0-255,66,15773,87,413407
16418,0.000221,74.125.200.0-255,1484,17257,87,413407
16419,0.000227,172.31.47.0-255,66,17323,87,413407
16420,0.000251,74.125.200.0-255,1484,18807,87,413407
16421,0.000253,172.31.47.0-255,66,18873,87,413407
16422,0.000262,74.125.200.0-255,5738,24611,87,413407
16423,0.000265,172.31.47.0-255,66,24677,87,413407
16424,0.000276,74.125.200.0-255,6797,31474,87,413407
16425,0.000278,172.31.47.0-255,66,31540,87,413407
16426,0.000319,74.125.200.0-255,7156,38696,87,413407
16427,0.000325,172.31.47.0-255,66,38762,87,413407
16428,0.000331,74.125.200.0-255,5738,44500,87,413407
16429,0.000332,172.31.47.0-255,66,44566,87,413407
16430,0.000354,74.125.200.0-255,1484,46050,87,413407
16431,0.000356,172.31.47.0-255,66,46116,87,413407
16432,0.000377,74.125.200.0-255,2543,48659,87,413407
16433,0.000379,172.31.47.0-255,66,48725,87,413407
16434,0.001234,74.125.200.0-255,1484,50209,87,413407
16435,0.00124,172.31.47.0-255,66,50275,87,413407
16436,0.001251,74.125.200.0-255,2902,53177,87,413407
16437,0.001253,172.31.47.0-255,66,53243,87,413407
16438,0.001266,74.125.200.0-255,5738,58981,87,413407
16439,0.001269,172.31.47.0-255,66,59047,87,413407
16440,0.001275,74.125.200.0-255,5738,64785,87,413407
16441,0.001277,172.31.47.0-255,66,64851,87,413407
16442,0.001325,74.125.200.0-255,1705,66556,87,413407
16443,0.001328,172.31.47.0-255,66,66622,87,413407
16444,0.001367,74.125.200.0-255,2902,69524,87,413407
16445,0.00137,172.31.47.0-255,66,69590,87,413407
16446,0.001373,74.125.200.0-255,1484,71074,87,413407
16447,0.001379,74.125.200.0-255,2902,73976,87,413407
16448,0.001381,172.31.47.0-255,66,74042,87,413407
16449,0.001416,74.125.200.0-255,5738,79780,87,413407
16450,0.001419,172.31.47.0-255,66,79846,87,413407
16451,0.001424,74.125.200.0-255,2902,82748,87,413407
16452,0.001426,172.31.47.0-255,66,82814,87,413407
16453,0.001455,74.125.200.0-255,5379,88193,87,413407
16454,0.001458,172.31.47.0-255,66,88259,87,413407
16455,0.001469,172.31.47.0-255,66,88325,87,413407
16456,0.001479,74.125.200.0-255,3961,92286,87,413407
16457,0.001482,172.31.47.0-255,66,92352,87,413407
16458,0.001631,74.125.200.0-255,1484,93836,87,413407
16459,0.001637,74.125.200.0-255,1484,95320,87,413407
16460,0.00164,172.31.47.0-255,66,95386,87,413407
16461,0.001668,74.125.200.0-255,1484,96870,87,413407
16462,0.001675,74.125.200.0-255,5738,102608,87,413407
16463,0.001678,172.31.47.0-255,66,102674,87,413407
16464,0.001683,74.125.200.0-255,4320,106994,87,413407
16465,0.001707,172.31.47.0-255,66,107060,87,413407
16466,0.001741,74.125.200.0-255,1980,109040,87,413407
16467,0.001745,172.31.47.0-255,66,109106,87,413407
16468,0.001802,74.125.200.0-255,1484,110590,87,413407
16469,0.001821,74.125.200.0-255,2902,113492,87,413407
16470,0.001825,172.31.47.0-255,66,113558,87,413407
16471,0.001851,74.125.200.0-255,4320,117878,87,413407
16472,0.001854,172.31.47.0-255,66,117944,87,413407
16473,0.001878,74.125.200.0-255,4320,122264,87,413407
16474,0.00188,172.31.47.0-255,66,122330,87,413407
16475,0.001913,74.125.200.0-255,4320,126650,87,413407
16476,0.001917,172.31.47.0-255,66,126716,87,413407
16477,0.00192,74.125.200.0-255,1484,128200,87,413407
16478,0.001925,74.125.200.0-255,2902,131102,87,413407
16479,0.001927,172.31.47.0-255,66,131168,87,413407
16480,0.001937,74.125.200.0-255,5738,136906,87,413407
16481,0.001941,172.31.47.0-255,66,136972,87,413407
16482,0.001945,74.125.200.0-255,2902,139874,87,413407
16483,0.001947,172.31.47.0-255,66,139940,87,413407
16484,0.001952,74.125.200.0-255,3602,143542,87,413407
16485,0.001955,172.31.47.0-255,66,143608,87,413407
16486,0.004015,74.125.200.0-255,4320,147928,87,413407
16487,0.004021,172.31.47.0-255,66,147994,87,413407
16488,0.004049,74.125.200.0-255,1484,149478,87,413407
16489,0.006081,74.125.200.0-255,4320,153798,87,413407
16490,0.006087,172.31.47.0-255,66,153864,87,413407
16491,0.008139,74.125.200.0-255,5738,159602,87,413407
16492,0.008145,172.31.47.0-255,66,159668,87,413407
16493,0.010197,74.125.200.0-255,4320,163988,87,413407
16494,0.010204,172.31.47.0-255,66,164054,87,413407
16495,0.01023,74.125.200.0-255,1484,165538,87,413407
16496,0.012258,74.125.200.0-255,4320,169858,87,413407
16497,0.012264,172.31.47.0-255,66,169924,87,413407
16498,0.014323,74.125.200.0-255,5738,175662,87,413407
16499,0.01433,172.31.47.0-255,66,175728,87,413407
16500,0.016406,74.125.200.0-255,5738,181466,87,413407
16501,0.016413,172.31.47.0-255,66,181532,87,413407
16502,0.018481,74.125.200.0-255,5738,187270,87,413407
16503,0.018488,172.31.47.0-255,66,187336,87,413407
16504,0.020548,74.125.200.0-255,5738,193074,87,413407
16505,0.020554,172.31.47.0-255,66,193140,87,413407
16506,0.022186,172.31.47.0-255,167,193307,87,413407
16507,0.022217,172.31.47.0-255,1107,194414,87,413407
16508,0.022292,172.31.47.0-255,1514,195928,87,413407
16509,0.022294,172.31.47.0-255,333,196261,87,413407
16510,0.022625,74.125.200.0-255,5738,201999,87,413407
16511,0.022633,172.31.47.0-255,66,202065,87,413407
16512,0.023874,104.244.42.0-255,66,202131,87,413407
16513,0.024748,74.125.200.0-255,5738,207869,87,413407
16514,0.024753,172.31.47.0-255,66,207935,87,413407
16515,0.026822,74.125.200.0-255,5738,213673,87,413407
16516,0.026828,172.31.47.0-255,66,213739,87,413407
16517,0.028892,74.125.200.0-255,5738,219477,87,413407
16518,0.028898,172.31.47.0-255,66,219543,87,413407
16519,0.030967,74.125.200.0-255,5738,225281,87,413407
16520,0.030973,172.31.47.0-255,66,225347,87,413407
16521,0.033062,74.125.200.0-255,5738,231085,87,413407
16522,0.033069,172.31.47.0-255,66,231151,87,413407
16523,0.03514,74.125.200.0-255,5738,236889,87,413407
16524,0.035147,172.31.47.0-255,66,236955,87,413407
16525,0.037242,74.125.200.0-255,5738,242693,87,413407
16526,0.037252,172.31.47.0-255,66,242759,87,413407
16527,0.039331,74.125.200.0-255,5738,248497,87,413407
16528,0.039337,172.31.47.0-255,66,248563,87,413407
16529,0.041422,74.125.200.0-255,5738,254301,87,413407
16530,0.041428,172.31.47.0-255,66,254367,87,413407
16531,0.043509,74.125.200.0-255,5738,260105,87,413407
16532,0.043515,172.31.47.0-255,66,260171,87,413407
16533,0.045585,74.125.200.0-255,5738,265909,87,413407
16534,0.045592,172.31.47.0-255,66,265975,87,413407
16535,0.047667,74.125.200.0-255,5738,271713,87,413407
16536,0.047674,172.31.47.0-255,66,271779,87,413407
16537,0.049738,74.125.200.0-255,5738,277517,87,413407
16538,0.049749,172.31.47.0-255,66,277583,87,413407
16539,0.051823,74.125.200.0-255,5738,283321,87,413407
16540,0.051831,172.31.47.0-255,66,283387,87,413407
16541,0.053913,74.125.200.0-255,5738,289125,87,413407
16542,0.053921,172.31.47.0-255,66,289191,87,413407
16543,0.055997,74.125.200.0-255,5738,294929,87,413407
16544,0.056004,172.31.47.0-255,66,294995,87,413407
16545,0.058071,74.125.200.0-255,5738,300733,87,413407
16546,0.058078,172.31.47.0-255,66,300799,87,413407
16547,0.060147,74.125.200.0-255,5738,306537,87,413407
16548,0.060154,172.31.47.0-255,66,306603,87,413407
16549,0.062244,74.125.200.0-255,5738,312341,87,413407
16550,0.062248,172.31.47.0-255,66,312407,87,413407
16551,0.064331,74.125.200.0-255,5738,318145,87,413407
16552,0.064337,172.31.47.0-255,66,318211,87,413407
16553,0.066397,74.125.200.0-255,5738,323949,87,413407
16554,0.066403,172.31.47.0-255,66,324015,87,413407
16555,0.068466,74.125.200.0-255,5738,329753,87,413407
16556,0.068472,172.31.47.0-255,66,329819,87,413407
16557,0.070569,74.125.200.0-255,5738,335557,87,413407
16558,0.070575,172.31.47.0-255,66,335623,87,413407
16559,0.072642,74.125.200.0-255,5738,341361,87,413407
16560,0.072647,172.31.47.0-255,66,341427,87,413407
16561,0.074709,74.125.200.0-255,5738,347165,87,413407
16562,0.074715,172.31.47.0-255,66,347231,87,413407
16563,0.076792,74.125.200.0-255,5738,352969,87,413407
16564,0.076797,172.31.47.0-255,66,353035,87,413407
16565,0.078865,74.125.200.0-255,5738,358773,87,413407
16566,0.078871,172.31.47.0-255,66,358839,87,413407
16567,0.080944,74.125.200.0-255,5738,364577,87,413407
16568,0.080949,172.31.47.0-255,66,364643,87,413407
16569,0.083014,74.125.200.0-255,5738,370381,87,413407
16570,0.08302,172.31.47.0-255,66,370447,87,413407
16571,0.085087,74.125.200.0-255,5738,376185,87,413407
16572,0.085093,172.31.47.0-255,66,376251,87,413407
16573,0.08716,74.125.200.0-255,5738,381989,87,413407
16574,0.087167,172.31.47.0-255,66,382055,87,413407
16575,0.089234,74.125.200.0-255,5738,387793,87,413407
16576,0.089241,172.31.47.0-255,66,387859,87,413407
16577,0.091301,74.125.200.0-255,5738,393597,87,413407
16578,0.091306,172.31.47.0-255,66,393663,87,413407
16579,0.093406,74.125.200.0-255,5738,399401,87,413407
16580,0.093413,172.31.47.0-255,66,399467,87,413407
16581,0.095486,74.125.200.0-255,5738,405205,87,413407
16582,0.095492,172.31.47.0-255,66,405271,87,413407
16583,0.097591,74.125.200.0-255,5738,411009,87,413407
16584,0.097596,172.31.47.0-255,66,411075,87,413407
16585,0.099648,74.125.200.0-255,2266,413341,87,413407
16586,0.099655,172.31.47.0-255,66,413407,87,413407
16587,0.0,172.217.194.0-255,153,153,87,219948
16588,3e-05,172.31.47.0-255,66,219,87,219948
16589,3.7e-05,172.217.194.0-255,1484,1703,87,219948
16590,4e-05,172.31.47.0-255,66,1769,87,219948
16591,4.4e-05,172.217.194.0-255,2902,4671,87,219948
16592,4.7e-05,172.31.47.0-255,66,4737,87,219948
16593,5.8e-05,172.217.194.0-255,4320,9057,87,219948
16594,6.1e-05,172.31.47.0-255,66,9123,87,219948
16595,6.6e-05,172.217.194.0-255,5008,14131,87,219948
16596,6.8e-05,172.31.47.0-255,66,14197,87,219948
16597,0.000117,172.217.194.0-255,1484,15681,87,219948
16598,0.00012,172.31.47.0-255,66,15747,87,219948
16599,0.000123,172.217.194.0-255,1484,17231,87,219948
16600,0.000125,172.31.47.0-255,66,17297,87,219948
16601,0.000148,172.217.194.0-255,1484,18781,87,219948
16602,0.000155,172.31.47.0-255,66,18847,87,219948
16603,0.000161,172.217.194.0-255,5738,24585,87,219948
16604,0.000164,172.31.47.0-255,66,24651,87,219948
16605,0.000168,172.217.194.0-255,4320,28971,87,219948
16606,0.00017,172.31.47.0-255,66,29037,87,219948
16607,0.000213,172.217.194.0-255,2543,31580,87,219948
16608,0.000216,172.31.47.0-255,66,31646,87,219948
16609,0.000268,172.217.194.0-255,1484,33130,87,219948
16610,0.000271,172.31.47.0-255,66,33196,87,219948
16611,0.000291,172.217.194.0-255,2902,36098,87,219948
16612,0.000294,172.31.47.0-255,66,36164,87,219948
16613,0.0003,172.217.194.0-255,5738,41902,87,219948
16614,0.000302,172.31.47.0-255,66,41968,87,219948
16615,0.000308,172.217.194.0-255,5738,47706,87,219948
16616,0.000312,172.31.47.0-255,66,47772,87,219948
16617,0.00033,172.217.194.0-255,1125,48897,87,219948
16618,0.000332,172.31.47.0-255,66,48963,87,219948
16619,0.000366,172.217.194.0-255,1484,50447,87,219948
16620,0.000371,172.217.194.0-255,2902,53349,87,219948
16621,0.000374,172.31.47.0-255,66,53415,87,219948
16622,0.000395,172.217.194.0-255,5738,59153,87,219948
16623,0.000397,172.217.194.0-255,1484,60637,87,219948
16624,0.000399,172.31.47.0-255,66,60703,87,219948
16625,0.000426,172.217.194.0-255,5379,66082,87,219948
16626,0.000429,172.31.47.0-255,66,66148,87,219948
16627,0.000452,172.217.194.0-255,646,66794,87,219948
16628,0.000476,172.217.194.0-255,1484,68278,87,219948
16629,0.000478,172.31.47.0-255,66,68344,87,219948
16630,0.000504,172.217.194.0-255,4320,72664,87,219948
16631,0.000507,172.31.47.0-255,66,72730,87,219948
16632,0.000513,172.217.194.0-255,5738,78468,87,219948
16633,0.000515,172.31.47.0-255,66,78534,87,219948
16634,0.000521,172.217.194.0-255,7156,85690,87,219948
16635,0.000523,172.31.47.0-255,66,85756,87,219948
16636,0.000563,172.31.47.0-255,66,85822,87,219948
16637,0.000566,172.217.194.0-255,766,86588,87,219948
16638,0.000615,172.217.194.0-255,5738,92326,87,219948
16639,0.000619,172.31.47.0-255,66,92392,87,219948
16640,0.000624,172.217.194.0-255,4320,96712,87,219948
16641,0.000626,172.31.47.0-255,66,96778,87,219948
16642,0.000649,172.217.194.0-255,2902,99680,87,219948
16643,0.000651,172.31.47.0-255,66,99746,87,219948
16644,0.000665,172.217.194.0-255,2902,102648,87,219948
16645,0.000665,172.31.47.0-255,66,102714,87,219948
16646,0.000668,172.31.47.0-255,66,102780,87,219948
16647,0.000689,172.217.194.0-255,3602,106382,87,219948
16648,0.000691,172.31.47.0-255,66,106448,87,219948
16649,0.000717,172.217.194.0-255,1484,107932,87,219948
16650,0.000722,172.217.194.0-255,2902,110834,87,219948
16651,0.000724,172.31.47.0-255,66,110900,87,219948
16652,0.00073,172.217.194.0-255,5738,116638,87,219948
16653,0.000733,172.31.47.0-255,66,116704,87,219948
16654,0.000767,172.31.47.0-255,66,116770,87,219948
16655,0.000774,172.217.194.0-255,7156,123926,87,219948
16656,0.000776,172.31.47.0-255,66,123992,87,219948
16657,0.000802,172.217.194.0-255,1484,125476,87,219948
16658,0.000816,172.217.194.0-255,2184,127660,87,219948
16659,0.000819,172.31.47.0-255,66,127726,87,219948
16660,0.001092,172.217.194.0-255,1484,129210,87,219948
16661,0.001111,172.217.194.0-255,2902,132112,87,219948
16662,0.001114,172.31.47.0-255,66,132178,87,219948
16663,0.001119,172.217.194.0-255,2902,135080,87,219948
16664,0.001121,172.31.47.0-255,66,135146,87,219948
16665,0.001125,172.217.194.0-255,2902,138048,87,219948
16666,0.001126,172.31.47.0-255,66,138114,87,219948
16667,0.001158,172.217.194.0-255,4320,142434,87,219948
16668,0.001161,172.31.47.0-255,66,142500,87,219948
16669,0.001168,172.31.47.0-255,66,142566,87,219948
16670,0.001189,172.217.194.0-255,4320,146886,87,219948
16671,0.001195,172.31.47.0-255,66,146952,87,219948
16672,0.0012,172.217.194.0-255,3602,150554,87,219948
16673,0.001202,172.31.47.0-255,66,150620,87,219948
16674,0.001241,172.217.194.0-255,1484,152104,87,219948
16675,0.00126,172.217.194.0-255,2902,155006,87,219948
16676,0.001263,172.31.47.0-255,66,155072,87,219948
16677,0.00129,172.217.194.0-255,5738,160810,87,219948
16678,0.001293,172.31.47.0-255,66,160876,87,219948
16679,0.001305,172.31.47.0-255,66,160942,87,219948
16680,0.00137,172.31.47.0-255,66,161008,87,219948
16681,0.001387,172.31.47.0-255,66,161074,87,219948
16682,0.001398,172.31.47.0-255,66,161140,87,219948
16683,0.001424,172.217.194.0-255,766,161906,87,219948
16684,0.001444,172.217.194.0-255,1484,163390,87,219948
16685,0.001447,172.31.47.0-255,66,163456,87,219948
16686,0.001451,172.217.194.0-255,2902,166358,87,219948
16687,0.001453,172.31.47.0-255,66,166424,87,219948
16688,0.001458,172.217.194.0-255,5738,172162,87,219948
16689,0.00146,172.31.47.0-255,66,172228,87,219948
16690,0.001468,172.217.194.0-255,1484,173712,87,219948
16691,0.001495,172.217.194.0-255,7156,180868,87,219948
16692,0.001498,172.31.47.0-255,66,180934,87,219948
16693,0.001527,172.217.194.0-255,4320,185254,87,219948
16694,0.001529,172.31.47.0-255,66,185320,87,219948
16695,0.001562,172.31.47.0-255,66,185386,87,219948
16696,0.001589,172.217.194.0-255,1484,186870,87,219948
16697,0.001593,172.217.194.0-255,1484,188354,87,219948
16698,0.001595,172.31.47.0-255,66,188420,87,219948
16699,0.001617,172.217.194.0-255,1484,189904,87,219948
16700,0.001623,172.217.194.0-255,5738,195642,87,219948
16701,0.001626,172.217.194.0-255,4320,199962,87,219948
16702,0.001627,172.31.47.0-255,66,200028,87,219948
16703,0.00163,172.31.47.0-255,66,200094,87,219948
16704,0.001669,172.31.47.0-255,66,200160,87,219948
16705,0.001705,172.31.47.0-255,66,200226,87,219948
16706,0.001711,172.217.194.0-255,7156,207382,87,219948
16707,0.001713,172.31.47.0-255,66,207448,87,219948
16708,0.001749,172.31.47.0-255,66,207514,87,219948
16709,0.001765,172.31.47.0-255,66,207580,87,219948
16710,0.001783,172.217.194.0-255,1484,209064,87,219948
16711,0.001801,172.217.194.0-255,7156,216220,87,219948
16712,0.001804,172.31.47.0-255,66,216286,87,219948
16713,0.001846,172.31.47.0-255,66,216352,87,219948
16714,0.001857,172.31.47.0-255,66,216418,87,219948
16715,0.00191,172.217.194.0-255,105,216523,87,219948
16716,0.008715,172.31.47.0-255,66,216589,87,219948
16717,0.008739,172.31.47.0-255,105,216694,87,219948
16718,0.011304,172.217.194.0-255,66,216760,87,219948
16719,0.025114,172.31.47.0-255,166,216926,87,219948
16720,0.025167,172.31.47.0-255,1135,218061,87,219948
16721,0.025193,172.31.47.0-255,1514,219575,87,219948
16722,0.025195,172.31.47.0-255,307,219882,87,219948
16723,0.026756,104.244.42.0-255,66,219948,87,219948
16724,0.0,172.217.194.0-255,153,153,87,170509
16725,3.6e-05,172.31.47.0-255,66,219,87,170509
16726,4.4e-05,172.217.194.0-255,1484,1703,87,170509
16727,5e-05,172.31.47.0-255,66,1769,87,170509
16728,5.5e-05,172.217.194.0-255,2902,4671,87,170509
16729,5.8e-05,172.31.47.0-255,66,4737,87,170509
16730,6.6e-05,172.217.194.0-255,7156,11893,87,170509
16731,6.9e-05,172.31.47.0-255,66,11959,87,170509
16732,7.3e-05,172.217.194.0-255,2125,14084,87,170509
16733,7.6e-05,172.31.47.0-255,66,14150,87,170509
16734,0.000126,172.217.194.0-255,2902,17052,87,170509
16735,0.00013,172.31.47.0-255,66,17118,87,170509
16736,0.000135,172.217.194.0-255,2902,20020,87,170509
16737,0.000136,172.31.47.0-255,66,20086,87,170509
16738,0.000172,172.217.194.0-255,1484,21570,87,170509
16739,0.000175,172.31.47.0-255,66,21636,87,170509
16740,0.000187,172.31.47.0-255,66,21702,87,170509
16741,0.000205,172.31.47.0-255,66,21768,87,170509
16742,0.000241,172.217.194.0-255,2543,24311,87,170509
16743,0.000243,172.31.47.0-255,66,24377,87,170509
16744,0.000266,172.31.47.0-255,66,24443,87,170509
16745,0.000271,172.217.194.0-255,3913,28356,87,170509
16746,0.000274,172.31.47.0-255,66,28422,87,170509
16747,0.000319,172.217.194.0-255,98,28520,87,170509
16748,0.000322,172.31.47.0-255,66,28586,87,170509
16749,0.000455,172.217.194.0-255,1484,30070,87,170509
16750,0.000459,172.31.47.0-255,66,30136,87,170509
16751,0.000464,172.217.194.0-255,1484,31620,87,170509
16752,0.000466,172.31.47.0-255,66,31686,87,170509
16753,0.000478,172.217.194.0-255,1484,33170,87,170509
16754,0.000488,172.217.194.0-255,5738,38908,87,170509
16755,0.00049,172.31.47.0-255,66,38974,87,170509
16756,0.000493,172.217.194.0-255,1484,40458,87,170509
16757,0.000537,172.31.47.0-255,66,40524,87,170509
16758,0.000551,172.31.47.0-255,66,40590,87,170509
16759,0.000677,172.217.194.0-255,364,40954,87,170509
16760,0.000712,172.217.194.0-255,1484,42438,87,170509
16761,0.000715,172.31.47.0-255,66,42504,87,170509
16762,0.000723,172.217.194.0-255,4320,46824,87,170509
16763,0.000725,172.31.47.0-255,66,46890,87,170509
16764,0.000765,172.31.47.0-255,66,46956,87,170509
16765,0.000768,172.217.194.0-255,1484,48440,87,170509
16766,0.00077,172.217.194.0-255,1484,49924,87,170509
16767,0.000776,172.31.47.0-255,66,49990,87,170509
16768,0.000787,172.217.194.0-255,7156,57146,87,170509
16769,0.00079,172.31.47.0-255,66,57212,87,170509
16770,0.000808,172.217.194.0-255,4320,61532,87,170509
16771,0.000812,172.31.47.0-255,66,61598,87,170509
16772,0.000818,172.217.194.0-255,3602,65200,87,170509
16773,0.00082,172.31.47.0-255,66,65266,87,170509
16774,0.001358,172.217.194.0-255,1484,66750,87,170509
16775,0.001364,172.217.194.0-255,2902,69652,87,170509
16776,0.001368,172.31.47.0-255,66,69718,87,170509
16777,0.001374,172.217.194.0-255,4320,74038,87,170509
16778,0.001376,172.31.47.0-255,66,74104,87,170509
16779,0.001387,172.217.194.0-255,1484,75588,87,170509
16780,0.001404,172.217.194.0-255,4320,79908,87,170509
16781,0.001407,172.31.47.0-255,66,79974,87,170509
16782,0.001443,172.31.47.0-255,66,80040,87,170509
16783,0.001446,172.31.47.0-255,66,80106,87,170509
16784,0.001462,172.217.194.0-255,1484,81590,87,170509
16785,0.001465,172.217.194.0-255,766,82356,87,170509
16786,0.001467,172.31.47.0-255,66,82422,87,170509
16787,0.001551,172.217.194.0-255,1484,83906,87,170509
16788,0.001555,172.217.194.0-255,1484,85390,87,170509
16789,0.001558,172.31.47.0-255,66,85456,87,170509
16790,0.001577,172.217.194.0-255,1484,86940,87,170509
16791,0.001583,172.217.194.0-255,5738,92678,87,170509
16792,0.001586,172.31.47.0-255,66,92744,87,170509
16793,0.001614,172.217.194.0-255,1484,94228,87,170509
16794,0.001637,172.31.47.0-255,66,94294,87,170509
16795,0.001663,172.217.194.0-255,2902,97196,87,170509
16796,0.001667,172.31.47.0-255,66,97262,87,170509
16797,0.001669,172.217.194.0-255,7156,104418,87,170509
16798,0.001672,172.31.47.0-255,66,104484,87,170509
16799,0.001676,172.217.194.0-255,3602,108086,87,170509
16800,0.001679,172.31.47.0-255,66,108152,87,170509
16801,0.00191,172.217.194.0-255,1484,109636,87,170509
16802,0.001918,172.217.194.0-255,2902,112538,87,170509
16803,0.001922,172.31.47.0-255,66,112604,87,170509
16804,0.001945,172.217.194.0-255,5738,118342,87,170509
16805,0.001948,172.31.47.0-255,66,118408,87,170509
16806,0.001966,172.217.194.0-255,1484,119892,87,170509
16807,0.002004,172.31.47.0-255,66,119958,87,170509
16808,0.002011,172.31.47.0-255,66,120024,87,170509
16809,0.002034,172.217.194.0-255,2902,122926,87,170509
16810,0.002037,172.31.47.0-255,66,122992,87,170509
16811,0.002092,172.31.47.0-255,66,123058,87,170509
16812,0.00214,172.31.47.0-255,66,123124,87,170509
16813,0.002164,172.217.194.0-255,2184,125308,87,170509
16814,0.002167,172.31.47.0-255,66,125374,87,170509
16815,0.002171,172.217.194.0-255,1484,126858,87,170509
16816,0.002175,172.217.194.0-255,2902,129760,87,170509
16817,0.002177,172.31.47.0-255,66,129826,87,170509
16818,0.002183,172.217.194.0-255,5738,135564,87,170509
16819,0.002185,172.31.47.0-255,66,135630,87,170509
16820,0.002197,172.31.47.0-255,66,135696,87,170509
16821,0.002212,172.217.194.0-255,2902,138598,87,170509
16822,0.002215,172.31.47.0-255,66,138664,87,170509
16823,0.002229,172.31.47.0-255,66,138730,87,170509
16824,0.002272,172.217.194.0-255,1484,140214,87,170509
16825,0.002288,172.217.194.0-255,4320,144534,87,170509
16826,0.002292,172.31.47.0-255,66,144600,87,170509
16827,0.002312,172.217.194.0-255,1484,146084,87,170509
16828,0.002323,172.31.47.0-255,66,146150,87,170509
16829,0.002328,172.217.194.0-255,2902,149052,87,170509
16830,0.00233,172.31.47.0-255,66,149118,87,170509
16831,0.002382,172.31.47.0-255,66,149184,87,170509
16832,0.002384,172.217.194.0-255,766,149950,87,170509
16833,0.002403,172.31.47.0-255,66,150016,87,170509
16834,0.002415,172.31.47.0-255,66,150082,87,170509
16835,0.002431,172.217.194.0-255,2184,152266,87,170509
16836,0.002434,172.31.47.0-255,66,152332,87,170509
16837,0.00244,172.217.194.0-255,5738,158070,87,170509
16838,0.002442,172.31.47.0-255,66,158136,87,170509
16839,0.002474,172.31.47.0-255,66,158202,87,170509
16840,0.002484,172.31.47.0-255,66,158268,87,170509
16841,0.002513,172.31.47.0-255,66,158334,87,170509
16842,0.002547,172.217.194.0-255,2902,161236,87,170509
16843,0.00255,172.31.47.0-255,66,161302,87,170509
16844,0.002574,172.217.194.0-255,4511,165813,87,170509
16845,0.002578,172.31.47.0-255,66,165879,87,170509
16846,0.00506,172.217.194.0-255,105,165984,87,170509
16847,0.0105,172.31.47.0-255,66,166050,87,170509
16848,0.010528,172.31.47.0-255,105,166155,87,170509
16849,0.013018,172.217.194.0-255,66,166221,87,170509
16850,0.028507,172.31.47.0-255,172,166393,87,170509
16851,0.028539,172.31.47.0-255,1111,167504,87,170509
16852,0.028577,172.31.47.0-255,1514,169018,87,170509
16853,0.028579,172.31.47.0-255,1293,170311,87,170509
16854,0.030044,104.244.42.0-255,66,170377,87,170509
16855,0.030094,104.244.42.0-255,66,170443,87,170509
16856,0.030142,104.244.42.0-255,66,170509,87,170509
16857,0.0,74.125.24.0-255,153,153,87,165203
16858,3.1e-05,172.31.47.0-255,66,219,87,165203
16859,3.7e-05,74.125.24.0-255,1484,1703,87,165203
16860,4.2e-05,172.31.47.0-255,66,1769,87,165203
16861,4.6e-05,74.125.24.0-255,2902,4671,87,165203
16862,4.8e-05,172.31.47.0-255,66,4737,87,165203
16863,6.1e-05,74.125.24.0-255,7156,11893,87,165203
16864,6.4e-05,172.31.47.0-255,66,11959,87,165203
16865,6.7e-05,74.125.24.0-255,2056,14015,87,165203
16866,6.9e-05,172.31.47.0-255,66,14081,87,165203
16867,0.000123,74.125.24.0-255,1484,15565,87,165203
16868,0.000126,172.31.47.0-255,66,15631,87,165203
16869,0.000131,74.125.24.0-255,2902,18533,87,165203
16870,0.000133,172.31.47.0-255,66,18599,87,165203
16871,0.000138,74.125.24.0-255,4320,22919,87,165203
16872,0.00014,172.31.47.0-255,66,22985,87,165203
16873,0.000175,74.125.24.0-255,1484,24469,87,165203
16874,0.000178,172.31.47.0-255,66,24535,87,165203
16875,0.000184,74.125.24.0-255,5738,30273,87,165203
16876,0.000186,172.31.47.0-255,66,30339,87,165203
16877,0.000188,74.125.24.0-255,1484,31823,87,165203
16878,0.00019,172.31.47.0-255,66,31889,87,165203
16879,0.000238,172.31.47.0-255,66,31955,87,165203
16880,0.000244,74.125.24.0-255,3961,35916,87,165203
16881,0.000246,172.31.47.0-255,66,35982,87,165203
16882,0.000266,74.125.24.0-255,4320,40302,87,165203
16883,0.000269,172.31.47.0-255,66,40368,87,165203
16884,0.000275,74.125.24.0-255,5738,46106,87,165203
16885,0.000277,172.31.47.0-255,66,46172,87,165203
16886,0.000312,74.125.24.0-255,4320,50492,87,165203
16887,0.000315,172.31.47.0-255,66,50558,87,165203
16888,0.00033,74.125.24.0-255,2543,53101,87,165203
16889,0.000333,172.31.47.0-255,66,53167,87,165203
16890,0.000344,74.125.24.0-255,677,53844,87,165203
16891,0.00046,74.125.24.0-255,1484,55328,87,165203
16892,0.000464,172.31.47.0-255,66,55394,87,165203
16893,0.000468,74.125.24.0-255,1484,56878,87,165203
16894,0.00049,74.125.24.0-255,1484,58362,87,165203
16895,0.000493,172.31.47.0-255,66,58428,87,165203
16896,0.000499,74.125.24.0-255,5738,64166,87,165203
16897,0.000501,172.31.47.0-255,66,64232,87,165203
16898,0.000505,74.125.24.0-255,2902,67134,87,165203
16899,0.000509,172.31.47.0-255,66,67200,87,165203
16900,0.000537,74.125.24.0-255,3961,71161,87,165203
16901,0.00054,172.31.47.0-255,66,71227,87,165203
16902,0.000548,172.31.47.0-255,66,71293,87,165203
16903,0.000569,74.125.24.0-255,1484,72777,87,165203
16904,0.000573,74.125.24.0-255,2543,75320,87,165203
16905,0.000579,172.31.47.0-255,66,75386,87,165203
16906,0.000811,74.125.24.0-255,1484,76870,87,165203
16907,0.000816,74.125.24.0-255,2902,79772,87,165203
16908,0.000819,172.31.47.0-255,66,79838,87,165203
16909,0.000822,74.125.24.0-255,1484,81322,87,165203
16910,0.000848,74.125.24.0-255,4320,85642,87,165203
16911,0.000851,172.31.47.0-255,66,85708,87,165203
16912,0.000854,74.125.24.0-255,1484,87192,87,165203
16913,0.000875,74.125.24.0-255,2902,90094,87,165203
16914,0.000879,172.31.47.0-255,66,90160,87,165203
16915,0.000884,74.125.24.0-255,5738,95898,87,165203
16916,0.000886,172.31.47.0-255,66,95964,87,165203
16917,0.000917,74.125.24.0-255,4320,100284,87,165203
16918,0.00092,172.31.47.0-255,66,100350,87,165203
16919,0.000926,74.125.24.0-255,5738,106088,87,165203
16920,0.000927,172.31.47.0-255,66,106154,87,165203
16921,0.000955,74.125.24.0-255,3602,109756,87,165203
16922,0.000958,172.31.47.0-255,66,109822,87,165203
16923,0.001133,74.125.24.0-255,1484,111306,87,165203
16924,0.001153,74.125.24.0-255,2902,114208,87,165203
16925,0.001157,172.31.47.0-255,66,114274,87,165203
16926,0.001162,74.125.24.0-255,4320,118594,87,165203
16927,0.001164,172.31.47.0-255,66,118660,87,165203
16928,0.001182,74.125.24.0-255,1484,120144,87,165203
16929,0.0012,74.125.24.0-255,4320,124464,87,165203
16930,0.001203,172.31.47.0-255,66,124530,87,165203
16931,0.001242,172.31.47.0-255,66,124596,87,165203
16932,0.001252,172.31.47.0-255,66,124662,87,165203
16933,0.001337,172.31.47.0-255,66,124728,87,165203
16934,0.001359,172.31.47.0-255,66,124794,87,165203
16935,0.001553,74.125.24.0-255,1484,126278,87,165203
16936,0.001559,74.125.24.0-255,1484,127762,87,165203
16937,0.001563,172.31.47.0-255,66,127828,87,165203
16938,0.001594,74.125.24.0-255,1484,129312,87,165203
16939,0.001601,74.125.24.0-255,5738,135050,87,165203
16940,0.001603,172.31.47.0-255,66,135116,87,165203
16941,0.001623,172.31.47.0-255,66,135182,87,165203
16942,0.001625,74.125.24.0-255,1484,136666,87,165203
16943,0.001662,172.31.47.0-255,66,136732,87,165203
16944,0.001815,74.125.24.0-255,1484,138216,87,165203
16945,0.001827,74.125.24.0-255,1484,139700,87,165203
16946,0.001829,172.31.47.0-255,66,139766,87,165203
16947,0.001841,74.125.24.0-255,1484,141250,87,165203
16948,0.001851,74.125.24.0-255,5738,146988,87,165203
16949,0.001853,172.31.47.0-255,66,147054,87,165203
16950,0.001856,74.125.24.0-255,1484,148538,87,165203
16951,0.001897,172.31.47.0-255,66,148604,87,165203
16952,0.001912,172.31.47.0-255,66,148670,87,165203
16953,0.001945,172.31.47.0-255,66,148736,87,165203
16954,0.001999,172.31.47.0-255,66,148802,87,165203
16955,0.002008,172.31.47.0-255,66,148868,87,165203
16956,0.002026,172.31.47.0-255,66,148934,87,165203
16957,0.002053,74.125.24.0-255,5738,154672,87,165203
16958,0.002054,172.31.47.0-255,66,154738,87,165203
16959,0.002075,172.31.47.0-255,66,154804,87,165203
16960,0.002086,172.31.47.0-255,66,154870,87,165203
16961,0.002168,172.31.47.0-255,66,154936,87,165203
16962,0.002172,74.125.24.0-255,2902,157838,87,165203
16963,0.002174,172.31.47.0-255,66,157904,87,165203
16964,0.002226,172.31.47.0-255,66,157970,87,165203
16965,0.00223,74.125.24.0-255,2536,160506,87,165203
16966,0.002232,172.31.47.0-255,66,160572,87,165203
16967,0.002235,74.125.24.0-255,105,160677,87,165203
16968,0.008392,172.31.47.0-255,66,160743,87,165203
16969,0.008419,172.31.47.0-255,105,160848,87,165203
16970,0.010961,74.125.24.0-255,66,160914,87,165203
16971,0.026277,172.31.47.0-255,171,161085,87,165203
16972,0.026309,172.31.47.0-255,1136,162221,87,165203
16973,0.026346,172.31.47.0-255,1514,163735,87,165203
16974,0.026348,172.31.47.0-255,1270,165005,87,165203
16975,0.027751,104.244.42.0-255,66,165071,87,165203
16976,0.027789,104.244.42.0-255,66,165137,87,165203
16977,0.027837,104.244.42.0-255,66,165203,87,165203
16978,0.0,74.125.24.0-255,153,153,87,160817
16979,2.3e-05,172.31.47.0-255,66,219,87,160817
16980,3e-05,74.125.24.0-255,1484,1703,87,160817
16981,3.5e-05,172.31.47.0-255,66,1769,87,160817
16982,4.1e-05,74.125.24.0-255,2902,4671,87,160817
16983,4.4e-05,172.31.47.0-255,66,4737,87,160817
16984,5e-05,74.125.24.0-255,5738,10475,87,160817
16985,5.3e-05,172.31.47.0-255,66,10541,87,160817
16986,0.000128,172.31.47.0-255,66,10607,87,160817
16987,0.000145,74.125.24.0-255,2165,12772,87,160817
16988,0.000148,172.31.47.0-255,66,12838,87,160817
16989,0.000263,172.31.47.0-255,66,12904,87,160817
16990,0.000377,172.31.47.0-255,66,12970,87,160817
16991,0.000496,74.125.24.0-255,1484,14454,87,160817
16992,0.0005,172.31.47.0-255,66,14520,87,160817
16993,0.000526,172.31.47.0-255,66,14586,87,160817
16994,0.000558,172.31.47.0-255,66,14652,87,160817
16995,0.000744,74.125.24.0-255,2815,17467,87,160817
16996,0.000749,172.31.47.0-255,66,17533,87,160817
16997,0.000935,74.125.24.0-255,382,17915,87,160817
16998,0.00094,172.31.47.0-255,66,17981,87,160817
16999,0.000971,74.125.24.0-255,1484,19465,87,160817
17000,0.000974,172.31.47.0-255,66,19531,87,160817
17001,0.000998,74.125.24.0-255,4320,23851,87,160817
17002,0.001001,172.31.47.0-255,66,23917,87,160817
17003,0.00102,74.125.24.0-255,2902,26819,87,160817
17004,0.001023,172.31.47.0-255,66,26885,87,160817
17005,0.001059,74.125.24.0-255,1484,28369,87,160817
17006,0.001087,74.125.24.0-255,7156,35525,87,160817
17007,0.00109,172.31.47.0-255,66,35591,87,160817
17008,0.001171,74.125.24.0-255,2902,38493,87,160817
17009,0.001176,172.31.47.0-255,66,38559,87,160817
17010,0.001203,172.31.47.0-255,66,38625,87,160817
17011,0.001222,74.125.24.0-255,3602,42227,87,160817
17012,0.001225,172.31.47.0-255,66,42293,87,160817
17013,0.001383,74.125.24.0-255,4320,46613,87,160817
17014,0.001386,172.31.47.0-255,66,46679,87,160817
17015,0.001417,172.31.47.0-255,66,46745,87,160817
17016,0.001568,74.125.24.0-255,1484,48229,87,160817
17017,0.001582,74.125.24.0-255,4320,52549,87,160817
17018,0.001585,172.31.47.0-255,66,52615,87,160817
17019,0.001611,172.31.47.0-255,66,52681,87,160817
17020,0.001788,74.125.24.0-255,4320,57001,87,160817
17021,0.001792,172.31.47.0-255,66,57067,87,160817
17022,0.001827,172.31.47.0-255,66,57133,87,160817
17023,0.001847,74.125.24.0-255,6438,63571,87,160817
17024,0.001851,172.31.47.0-255,66,63637,87,160817
17025,0.00219,74.125.24.0-255,4320,67957,87,160817
17026,0.002195,172.31.47.0-255,66,68023,87,160817
17027,0.002224,172.31.47.0-255,66,68089,87,160817
17028,0.002273,172.31.47.0-255,66,68155,87,160817
17029,0.002293,74.125.24.0-255,6438,74593,87,160817
17030,0.002295,172.31.47.0-255,66,74659,87,160817
17031,0.002621,172.31.47.0-255,66,74725,87,160817
17032,0.002659,172.31.47.0-255,66,74791,87,160817
17033,0.002704,172.31.47.0-255,66,74857,87,160817
17034,0.003402,74.125.24.0-255,2902,77759,87,160817
17035,0.003408,172.31.47.0-255,66,77825,87,160817
17036,0.003436,172.31.47.0-255,66,77891,87,160817
17037,0.007897,172.31.47.0-255,66,77957,87,160817
17038,0.010446,74.125.24.0-255,5738,83695,87,160817
17039,0.010455,172.31.47.0-255,66,83761,87,160817
17040,0.01301,74.125.24.0-255,5738,89499,87,160817
17041,0.013018,172.31.47.0-255,66,89565,87,160817
17042,0.015544,74.125.24.0-255,5738,95303,87,160817
17043,0.015552,172.31.47.0-255,66,95369,87,160817
17044,0.0181,74.125.24.0-255,5738,101107,87,160817
17045,0.018109,172.31.47.0-255,66,101173,87,160817
17046,0.020683,74.125.24.0-255,5738,106911,87,160817
17047,0.020696,172.31.47.0-255,66,106977,87,160817
17048,0.023231,74.125.24.0-255,5738,112715,87,160817
17049,0.023245,172.31.47.0-255,66,112781,87,160817
17050,0.025786,74.125.24.0-255,5738,118519,87,160817
17051,0.025792,172.31.47.0-255,66,118585,87,160817
17052,0.028388,74.125.24.0-255,5738,124323,87,160817
17053,0.028396,172.31.47.0-255,66,124389,87,160817
17054,0.030942,74.125.24.0-255,5738,130127,87,160817
17055,0.030949,172.31.47.0-255,66,130193,87,160817
17056,0.032848,172.31.47.0-255,172,130365,87,160817
17057,0.032903,172.31.47.0-255,1111,131476,87,160817
17058,0.032963,172.31.47.0-255,1514,132990,87,160817
17059,0.032965,172.31.47.0-255,1293,134283,87,160817
17060,0.033503,74.125.24.0-255,5738,140021,87,160817
17061,0.03351,172.31.47.0-255,66,140087,87,160817
17062,0.034419,104.244.42.0-255,66,140153,87,160817
17063,0.034453,104.244.42.0-255,66,140219,87,160817
17064,0.034494,104.244.42.0-255,66,140285,87,160817
17065,0.036045,74.125.24.0-255,4320,144605,87,160817
17066,0.036051,172.31.47.0-255,66,144671,87,160817
17067,0.03607,74.125.24.0-255,1484,146155,87,160817
17068,0.038588,74.125.24.0-255,2902,149057,87,160817
17069,0.038593,172.31.47.0-255,66,149123,87,160817
17070,0.041169,74.125.24.0-255,5738,154861,87,160817
17071,0.041176,172.31.47.0-255,66,154927,87,160817
17072,0.043743,74.125.24.0-255,5653,160580,87,160817
17073,0.043748,172.31.47.0-255,66,160646,87,160817
17074,0.043917,172.31.47.0-255,105,160751,87,160817
17075,0.046441,74.125.24.0-255,66,160817,87,160817
17076,0.0,172.217.24.0-255,153,153,87,384185
17077,1.9e-05,172.31.47.0-255,66,219,87,384185
17078,2.5e-05,172.217.24.0-255,1484,1703,87,384185
17079,2.9e-05,172.31.47.0-255,66,1769,87,384185
17080,3.4e-05,172.217.24.0-255,2902,4671,87,384185
17081,3.8e-05,172.31.47.0-255,66,4737,87,384185
17082,4.4e-05,172.217.24.0-255,5738,10475,87,384185
17083,4.7e-05,172.31.47.0-255,66,10541,87,384185
17084,7.6e-05,172.217.24.0-255,3669,14210,87,384185
17085,7.8e-05,172.31.47.0-255,66,14276,87,384185
17086,0.000578,172.217.24.0-255,1484,15760,87,384185
17087,0.000584,172.31.47.0-255,66,15826,87,384185
17088,0.000592,172.217.24.0-255,2902,18728,87,384185
17089,0.000594,172.31.47.0-255,66,18794,87,384185
17090,0.0006,172.217.24.0-255,5738,24532,87,384185
17091,0.000602,172.31.47.0-255,66,24598,87,384185
17092,0.000633,172.217.24.0-255,6797,31395,87,384185
17093,0.000636,172.31.47.0-255,66,31461,87,384185
17094,0.000696,172.217.24.0-255,1484,32945,87,384185
17095,0.000699,172.31.47.0-255,66,33011,87,384185
17096,0.000704,172.217.24.0-255,2902,35913,87,384185
17097,0.000706,172.31.47.0-255,66,35979,87,384185
17098,0.000731,172.217.24.0-255,4320,40299,87,384185
17099,0.000734,172.31.47.0-255,66,40365,87,384185
17100,0.000772,172.31.47.0-255,66,40431,87,384185
17101,0.001095,172.217.24.0-255,1484,41915,87,384185
17102,0.001101,172.31.47.0-255,66,41981,87,384185
17103,0.001107,172.217.24.0-255,2902,44883,87,384185
17104,0.001109,172.31.47.0-255,66,44949,87,384185
17105,0.001115,172.217.24.0-255,5738,50687,87,384185
17106,0.001118,172.31.47.0-255,66,50753,87,384185
17107,0.001122,172.217.24.0-255,4320,55073,87,384185
17108,0.00114,172.217.24.0-255,1484,56557,87,384185
17109,0.001162,172.217.24.0-255,1421,57978,87,384185
17110,0.001505,172.217.24.0-255,382,58360,87,384185
17111,0.001625,172.217.24.0-255,1484,59844,87,384185
17112,0.00163,172.217.24.0-255,2902,62746,87,384185
17113,0.001646,172.217.24.0-255,4320,67066,87,384185
17114,0.001664,172.217.24.0-255,1484,68550,87,384185
17115,0.001679,172.217.24.0-255,4320,72870,87,384185
17116,0.001689,172.217.24.0-255,2543,75413,87,384185
17117,0.001717,172.217.24.0-255,2902,78315,87,384185
17118,0.001732,172.217.24.0-255,4320,82635,87,384185
17119,0.001738,172.217.24.0-255,5738,88373,87,384185
17120,0.001779,172.217.24.0-255,3961,92334,87,384185
17121,0.001848,172.31.47.0-255,66,92400,87,384185
17122,0.003787,172.217.24.0-255,5738,98138,87,384185
17123,0.003792,172.31.47.0-255,66,98204,87,384185
17124,0.005735,172.217.24.0-255,5738,103942,87,384185
17125,0.005741,172.31.47.0-255,66,104008,87,384185
17126,0.007678,172.217.24.0-255,5738,109746,87,384185
17127,0.007902,172.31.47.0-255,66,109812,87,384185
17128,0.009855,172.217.24.0-255,5738,115550,87,384185
17129,0.009864,172.31.47.0-255,66,115616,87,384185
17130,0.011833,172.217.24.0-255,5738,121354,87,384185
17131,0.011846,172.31.47.0-255,66,121420,87,384185
17132,0.013791,172.217.24.0-255,5738,127158,87,384185
17133,0.013799,172.31.47.0-255,66,127224,87,384185
17134,0.015732,172.217.24.0-255,5738,132962,87,384185
17135,0.015739,172.31.47.0-255,66,133028,87,384185
17136,0.017678,172.217.24.0-255,5738,138766,87,384185
17137,0.017686,172.31.47.0-255,66,138832,87,384185
17138,0.019615,172.217.24.0-255,5738,144570,87,384185
17139,0.019624,172.31.47.0-255,66,144636,87,384185
17140,0.021573,172.217.24.0-255,5738,150374,87,384185
17141,0.021584,172.31.47.0-255,66,150440,87,384185
17142,0.02351,172.217.24.0-255,5738,156178,87,384185
17143,0.023519,172.31.47.0-255,66,156244,87,384185
17144,0.025451,172.217.24.0-255,5738,161982,87,384185
17145,0.025457,172.31.47.0-255,66,162048,87,384185
17146,0.026029,172.31.47.0-255,172,162220,87,384185
17147,0.026056,172.31.47.0-255,1107,163327,87,384185
17148,0.026108,172.31.47.0-255,1514,164841,87,384185
17149,0.02611,172.31.47.0-255,1298,166139,87,384185
17150,0.027381,172.217.24.0-255,5738,171877,87,384185
17151,0.027388,172.31.47.0-255,66,171943,87,384185
17152,0.027501,104.244.42.0-255,66,172009,87,384185
17153,0.027527,104.244.42.0-255,66,172075,87,384185
17154,0.0276,104.244.42.0-255,66,172141,87,384185
17155,0.029315,172.217.24.0-255,5738,177879,87,384185
17156,0.02932,172.31.47.0-255,66,177945,87,384185
17157,0.031259,172.217.24.0-255,5738,183683,87,384185
17158,0.031266,172.31.47.0-255,66,183749,87,384185
17159,0.033196,172.217.24.0-255,5738,189487,87,384185
17160,0.033203,172.31.47.0-255,66,189553,87,384185
17161,0.035149,172.217.24.0-255,5738,195291,87,384185
17162,0.035158,172.31.47.0-255,66,195357,87,384185
17163,0.037092,172.217.24.0-255,5738,201095,87,384185
17164,0.037098,172.31.47.0-255,66,201161,87,384185
17165,0.039034,172.217.24.0-255,5738,206899,87,384185
17166,0.039042,172.31.47.0-255,66,206965,87,384185
17167,0.040977,172.217.24.0-255,5738,212703,87,384185
17168,0.040983,172.31.47.0-255,66,212769,87,384185
17169,0.04294,172.217.24.0-255,5738,218507,87,384185
17170,0.042947,172.31.47.0-255,66,218573,87,384185
17171,0.044881,172.217.24.0-255,5738,224311,87,384185
17172,0.044887,172.31.47.0-255,66,224377,87,384185
17173,0.046829,172.217.24.0-255,5738,230115,87,384185
17174,0.046837,172.31.47.0-255,66,230181,87,384185
17175,0.048774,172.217.24.0-255,5738,235919,87,384185
17176,0.04878,172.31.47.0-255,66,235985,87,384185
17177,0.050725,172.217.24.0-255,5738,241723,87,384185
17178,0.050731,172.31.47.0-255,66,241789,87,384185
17179,0.052674,172.217.24.0-255,5738,247527,87,384185
17180,0.052681,172.31.47.0-255,66,247593,87,384185
17181,0.054636,172.217.24.0-255,4320,251913,87,384185
17182,0.054642,172.31.47.0-255,66,251979,87,384185
17183,0.054663,172.217.24.0-255,1484,253463,87,384185
17184,0.056571,172.217.24.0-255,4320,257783,87,384185
17185,0.056577,172.31.47.0-255,66,257849,87,384185
17186,0.058502,172.217.24.0-255,5738,263587,87,384185
17187,0.058534,172.31.47.0-255,66,263653,87,384185
17188,0.060462,172.217.24.0-255,5738,269391,87,384185
17189,0.060468,172.31.47.0-255,66,269457,87,384185
17190,0.062427,172.217.24.0-255,5738,275195,87,384185
17191,0.062434,172.31.47.0-255,66,275261,87,384185
17192,0.064385,172.217.24.0-255,5738,280999,87,384185
17193,0.064395,172.31.47.0-255,66,281065,87,384185
17194,0.066337,172.217.24.0-255,5738,286803,87,384185
17195,0.066342,172.31.47.0-255,66,286869,87,384185
17196,0.068289,172.217.24.0-255,5738,292607,87,384185
17197,0.068295,172.31.47.0-255,66,292673,87,384185
17198,0.070226,172.217.24.0-255,5738,298411,87,384185
17199,0.070232,172.31.47.0-255,66,298477,87,384185
17200,0.072157,172.217.24.0-255,5738,304215,87,384185
17201,0.072162,172.31.47.0-255,66,304281,87,384185
17202,0.074087,172.217.24.0-255,5738,310019,87,384185
17203,0.074093,172.31.47.0-255,66,310085,87,384185
17204,0.076032,172.217.24.0-255,5738,315823,87,384185
17205,0.076039,172.31.47.0-255,66,315889,87,384185
17206,0.077969,172.217.24.0-255,5738,321627,87,384185
17207,0.077975,172.31.47.0-255,66,321693,87,384185
17208,0.079919,172.217.24.0-255,5738,327431,87,384185
17209,0.079927,172.31.47.0-255,66,327497,87,384185
17210,0.081867,172.217.24.0-255,5738,333235,87,384185
17211,0.081874,172.31.47.0-255,66,333301,87,384185
17212,0.083807,172.217.24.0-255,5738,339039,87,384185
17213,0.083812,172.31.47.0-255,66,339105,87,384185
17214,0.085737,172.217.24.0-255,5738,344843,87,384185
17215,0.085743,172.31.47.0-255,66,344909,87,384185
17216,0.087681,172.217.24.0-255,5738,350647,87,384185
17217,0.087686,172.31.47.0-255,66,350713,87,384185
17218,0.089609,172.217.24.0-255,4320,355033,87,384185
17219,0.089615,172.31.47.0-255,66,355099,87,384185
17220,0.089635,172.217.24.0-255,1484,356583,87,384185
17221,0.091557,172.217.24.0-255,4320,360903,87,384185
17222,0.091563,172.31.47.0-255,66,360969,87,384185
17223,0.093509,172.217.24.0-255,5738,366707,87,384185
17224,0.093678,172.31.47.0-255,66,366773,87,384185
17225,0.095619,172.217.24.0-255,5738,372511,87,384185
17226,0.095625,172.31.47.0-255,66,372577,87,384185
17227,0.097565,172.217.24.0-255,5738,378315,87,384185
17228,0.097571,172.31.47.0-255,66,378381,87,384185
17229,0.099497,172.217.24.0-255,5738,384119,87,384185
17230,0.099503,172.31.47.0-255,66,384185,87,384185
17231,0.0,74.125.24.0-255,163,163,87,230119
17232,2.3e-05,172.31.47.0-255,66,229,87,230119
17233,3.1e-05,74.125.24.0-255,1484,1713,87,230119
17234,3.5e-05,172.31.47.0-255,66,1779,87,230119
17235,4e-05,74.125.24.0-255,2902,4681,87,230119
17236,4.2e-05,172.31.47.0-255,66,4747,87,230119
17237,4.9e-05,74.125.24.0-255,7156,11903,87,230119
17238,5.1e-05,172.31.47.0-255,66,11969,87,230119
17239,7.4e-05,74.125.24.0-255,4320,16289,87,230119
17240,7.7e-05,172.31.47.0-255,66,16355,87,230119
17241,0.000111,172.31.47.0-255,66,16421,87,230119
17242,0.000115,74.125.24.0-255,2543,18964,87,230119
17243,0.000117,172.31.47.0-255,66,19030,87,230119
17244,0.000144,74.125.24.0-255,1484,20514,87,230119
17245,0.000146,172.31.47.0-255,66,20580,87,230119
17246,0.000171,74.125.24.0-255,4320,24900,87,230119
17247,0.000175,172.31.47.0-255,66,24966,87,230119
17248,0.00018,74.125.24.0-255,7156,32122,87,230119
17249,0.000182,172.31.47.0-255,66,32188,87,230119
17250,0.000191,172.31.47.0-255,66,32254,87,230119
17251,0.000214,74.125.24.0-255,5738,37992,87,230119
17252,0.000217,172.31.47.0-255,66,38058,87,230119
17253,0.000223,74.125.24.0-255,6438,44496,87,230119
17254,0.000225,172.31.47.0-255,66,44562,87,230119
17255,0.000227,74.125.24.0-255,359,44921,87,230119
17256,0.000229,172.31.47.0-255,66,44987,87,230119
17257,0.00025,74.125.24.0-255,132,45119,87,230119
17258,0.000252,172.31.47.0-255,66,45185,87,230119
17259,0.000447,74.125.24.0-255,1484,46669,87,230119
17260,0.000452,172.31.47.0-255,66,46735,87,230119
17261,0.000457,74.125.24.0-255,2902,49637,87,230119
17262,0.00046,172.31.47.0-255,66,49703,87,230119
17263,0.000465,74.125.24.0-255,5738,55441,87,230119
17264,0.000467,172.31.47.0-255,66,55507,87,230119
17265,0.000507,172.31.47.0-255,66,55573,87,230119
17266,0.000529,74.125.24.0-255,1484,57057,87,230119
17267,0.000541,172.31.47.0-255,66,57123,87,230119
17268,0.000554,74.125.24.0-255,2902,60025,87,230119
17269,0.000556,172.31.47.0-255,66,60091,87,230119
17270,0.000599,172.31.47.0-255,66,60157,87,230119
17271,0.000614,74.125.24.0-255,3961,64118,87,230119
17272,0.000616,172.31.47.0-255,66,64184,87,230119
17273,0.000776,74.125.24.0-255,1484,65668,87,230119
17274,0.000782,74.125.24.0-255,2902,68570,87,230119
17275,0.000785,172.31.47.0-255,66,68636,87,230119
17276,0.00079,74.125.24.0-255,2902,71538,87,230119
17277,0.000792,172.31.47.0-255,66,71604,87,230119
17278,0.000811,74.125.24.0-255,2902,74506,87,230119
17279,0.000814,172.31.47.0-255,66,74572,87,230119
17280,0.000817,74.125.24.0-255,1484,76056,87,230119
17281,0.000819,74.125.24.0-255,1484,77540,87,230119
17282,0.00082,172.31.47.0-255,66,77606,87,230119
17283,0.00085,74.125.24.0-255,7156,84762,87,230119
17284,0.000853,172.31.47.0-255,66,84828,87,230119
17285,0.000855,74.125.24.0-255,1484,86312,87,230119
17286,0.000884,172.31.47.0-255,66,86378,87,230119
17287,0.000926,74.125.24.0-255,1484,87862,87,230119
17288,0.00093,74.125.24.0-255,1484,89346,87,230119
17289,0.000933,172.31.47.0-255,66,89412,87,230119
17290,0.000951,74.125.24.0-255,1484,90896,87,230119
17291,0.000958,74.125.24.0-255,5738,96634,87,230119
17292,0.00096,172.31.47.0-255,66,96700,87,230119
17293,0.000974,74.125.24.0-255,2902,99602,87,230119
17294,0.000976,172.31.47.0-255,66,99668,87,230119
17295,0.000991,74.125.24.0-255,4320,103988,87,230119
17296,0.000994,172.31.47.0-255,66,104054,87,230119
17297,0.000998,74.125.24.0-255,2902,106956,87,230119
17298,0.001,172.31.47.0-255,66,107022,87,230119
17299,0.00103,172.31.47.0-255,66,107088,87,230119
17300,0.001048,74.125.24.0-255,1484,108572,87,230119
17301,0.001051,74.125.24.0-255,2184,110756,87,230119
17302,0.001054,172.31.47.0-255,66,110822,87,230119
17303,0.001078,74.125.24.0-255,4320,115142,87,230119
17304,0.001081,172.31.47.0-255,66,115208,87,230119
17305,0.001115,172.31.47.0-255,66,115274,87,230119
17306,0.001126,172.31.47.0-255,66,115340,87,230119
17307,0.001132,74.125.24.0-255,6438,121778,87,230119
17308,0.001134,172.31.47.0-255,66,121844,87,230119
17309,0.001161,74.125.24.0-255,4320,126164,87,230119
17310,0.001164,172.31.47.0-255,66,126230,87,230119
17311,0.001187,74.125.24.0-255,2902,129132,87,230119
17312,0.00119,172.31.47.0-255,66,129198,87,230119
17313,0.001198,172.31.47.0-255,66,129264,87,230119
17314,0.001218,74.125.24.0-255,4320,133584,87,230119
17315,0.00122,172.31.47.0-255,66,133650,87,230119
17316,0.001246,172.31.47.0-255,66,133716,87,230119
17317,0.001293,172.31.47.0-255,66,133782,87,230119
17318,0.001303,172.31.47.0-255,66,133848,87,230119
17319,0.001323,74.125.24.0-255,4320,138168,87,230119
17320,0.001326,172.31.47.0-255,66,138234,87,230119
17321,0.001359,172.31.47.0-255,66,138300,87,230119
17322,0.001429,74.125.24.0-255,1484,139784,87,230119
17323,0.001435,74.125.24.0-255,2902,142686,87,230119
17324,0.001438,172.31.47.0-255,66,142752,87,230119
17325,0.001444,74.125.24.0-255,5738,148490,87,230119
17326,0.001446,172.31.47.0-255,66,148556,87,230119
17327,0.001505,172.31.47.0-255,66,148622,87,230119
17328,0.001516,172.31.47.0-255,66,148688,87,230119
17329,0.001587,74.125.24.0-255,1484,150172,87,230119
17330,0.001599,74.125.24.0-255,2902,153074,87,230119
17331,0.001603,172.31.47.0-255,66,153140,87,230119
17332,0.001608,74.125.24.0-255,2902,156042,87,230119
17333,0.00161,172.31.47.0-255,66,156108,87,230119
17334,0.001625,74.125.24.0-255,2902,159010,87,230119
17335,0.001626,172.31.47.0-255,66,159076,87,230119
17336,0.00163,74.125.24.0-255,2902,161978,87,230119
17337,0.001632,172.31.47.0-255,66,162044,87,230119
17338,0.001654,74.125.24.0-255,7156,169200,87,230119
17339,0.001656,172.31.47.0-255,66,169266,87,230119
17340,0.001686,74.125.24.0-255,4320,173586,87,230119
17341,0.001689,172.31.47.0-255,66,173652,87,230119
17342,0.001714,172.31.47.0-255,66,173718,87,230119
17343,0.001887,74.125.24.0-255,1484,175202,87,230119
17344,0.001891,74.125.24.0-255,2902,178104,87,230119
17345,0.001894,172.31.47.0-255,66,178170,87,230119
17346,0.001906,74.125.24.0-255,2902,181072,87,230119
17347,0.001908,172.31.47.0-255,66,181138,87,230119
17348,0.001924,74.125.24.0-255,2902,184040,87,230119
17349,0.001926,172.31.47.0-255,66,184106,87,230119
17350,0.001954,74.125.24.0-255,7156,191262,87,230119
17351,0.001956,172.31.47.0-255,66,191328,87,230119
17352,0.001964,172.31.47.0-255,66,191394,87,230119
17353,0.001999,74.125.24.0-255,7156,198550,87,230119
17354,0.002002,172.31.47.0-255,66,198616,87,230119
17355,0.00202,74.125.24.0-255,766,199382,87,230119
17356,0.002346,74.125.24.0-255,1484,200866,87,230119
17357,0.002349,172.31.47.0-255,66,200932,87,230119
17358,0.002353,74.125.24.0-255,2902,203834,87,230119
17359,0.002355,172.31.47.0-255,66,203900,87,230119
17360,0.002358,74.125.24.0-255,2902,206802,87,230119
17361,0.00236,172.31.47.0-255,66,206868,87,230119
17362,0.002383,74.125.24.0-255,2902,209770,87,230119
17363,0.002386,172.31.47.0-255,66,209836,87,230119
17364,0.002398,74.125.24.0-255,5738,215574,87,230119
17365,0.0024,172.31.47.0-255,66,215640,87,230119
17366,0.002415,74.125.24.0-255,1484,217124,87,230119
17367,0.004749,74.125.24.0-255,4320,221444,87,230119
17368,0.004757,172.31.47.0-255,66,221510,87,230119
17369,0.00711,74.125.24.0-255,4084,225594,87,230119
17370,0.007117,172.31.47.0-255,66,225660,87,230119
17371,0.007267,172.31.47.0-255,105,225765,87,230119
17372,0.00958,74.125.24.0-255,66,225831,87,230119
17373,0.017361,172.31.47.0-255,172,226003,87,230119
17374,0.017411,172.31.47.0-255,1112,227115,87,230119
17375,0.017507,172.31.47.0-255,1514,228629,87,230119
17376,0.017509,172.31.47.0-255,1292,229921,87,230119
17377,0.018918,104.244.42.0-255,66,229987,87,230119
17378,0.018965,104.244.42.0-255,66,230053,87,230119
17379,0.019065,104.244.42.0-255,66,230119,87,230119
17380,0.0,74.125.68.0-255,165,165,87,338473
17381,2.3e-05,172.31.47.0-255,66,231,87,338473
17382,2.9e-05,74.125.68.0-255,1484,1715,87,338473
17383,3.2e-05,172.31.47.0-255,66,1781,87,338473
17384,3.5e-05,74.125.68.0-255,1484,3265,87,338473
17385,3.7e-05,172.31.47.0-255,66,3331,87,338473
17386,6.3e-05,74.125.68.0-255,2902,6233,87,338473
17387,6.5e-05,172.31.47.0-255,66,6299,87,338473
17388,7.1e-05,74.125.68.0-255,5738,12037,87,338473
17389,7.2e-05,172.31.47.0-255,66,12103,87,338473
17390,8.4e-05,74.125.68.0-255,1484,13587,87,338473
17391,8.6e-05,172.31.47.0-255,66,13653,87,338473
17392,0.000104,74.125.68.0-255,2171,15824,87,338473
17393,0.000107,172.31.47.0-255,66,15890,87,338473
17394,0.000112,74.125.68.0-255,4320,20210,87,338473
17395,0.000114,172.31.47.0-255,66,20276,87,338473
17396,0.000154,172.31.47.0-255,66,20342,87,338473
17397,0.000157,74.125.68.0-255,1125,21467,87,338473
17398,0.000159,172.31.47.0-255,66,21533,87,338473
17399,0.000238,74.125.68.0-255,1484,23017,87,338473
17400,0.000242,172.31.47.0-255,66,23083,87,338473
17401,0.000262,74.125.68.0-255,2902,25985,87,338473
17402,0.000265,172.31.47.0-255,66,26051,87,338473
17403,0.000272,74.125.68.0-255,5738,31789,87,338473
17404,0.000276,172.31.47.0-255,66,31855,87,338473
17405,0.000296,74.125.68.0-255,1484,33339,87,338473
17406,0.000302,172.31.47.0-255,66,33405,87,338473
17407,0.000308,74.125.68.0-255,2902,36307,87,338473
17408,0.000312,172.31.47.0-255,66,36373,87,338473
17409,0.000335,74.125.68.0-255,1484,37857,87,338473
17410,0.000338,172.31.47.0-255,66,37923,87,338473
17411,0.000343,74.125.68.0-255,2902,40825,87,338473
17412,0.000346,172.31.47.0-255,66,40891,87,338473
17413,0.000361,74.125.68.0-255,3961,44852,87,338473
17414,0.000364,172.31.47.0-255,66,44918,87,338473
17415,0.000368,74.125.68.0-255,2902,47820,87,338473
17416,0.00037,172.31.47.0-255,66,47886,87,338473
17417,0.000406,74.125.68.0-255,2902,50788,87,338473
17418,0.000409,172.31.47.0-255,66,50854,87,338473
17419,0.000425,74.125.68.0-255,5691,56545,87,338473
17420,0.000428,172.31.47.0-255,66,56611,87,338473
17421,0.000431,74.125.68.0-255,109,56720,87,338473
17422,0.000614,74.125.68.0-255,331,57051,87,338473
17423,0.000659,74.125.68.0-255,1484,58535,87,338473
17424,0.000678,172.31.47.0-255,66,58601,87,338473
17425,0.000684,74.125.68.0-255,2902,61503,87,338473
17426,0.000687,172.31.47.0-255,66,61569,87,338473
17427,0.000693,74.125.68.0-255,5738,67307,87,338473
17428,0.000695,172.31.47.0-255,66,67373,87,338473
17429,0.000719,74.125.68.0-255,5738,73111,87,338473
17430,0.000722,172.31.47.0-255,66,73177,87,338473
17431,0.000729,74.125.68.0-255,7156,80333,87,338473
17432,0.000731,172.31.47.0-255,66,80399,87,338473
17433,0.000752,74.125.68.0-255,1484,81883,87,338473
17434,0.000787,172.31.47.0-255,66,81949,87,338473
17435,0.001491,74.125.68.0-255,1484,83433,87,338473
17436,0.001519,74.125.68.0-255,2902,86335,87,338473
17437,0.001524,172.31.47.0-255,66,86401,87,338473
17438,0.001531,74.125.68.0-255,4320,90721,87,338473
17439,0.001533,172.31.47.0-255,66,90787,87,338473
17440,0.00157,172.31.47.0-255,66,90853,87,338473
17441,0.001576,74.125.68.0-255,4320,95173,87,338473
17442,0.001578,172.31.47.0-255,66,95239,87,338473
17443,0.001602,74.125.68.0-255,5738,100977,87,338473
17444,0.001604,172.31.47.0-255,66,101043,87,338473
17445,0.001622,74.125.68.0-255,5738,106781,87,338473
17446,0.001624,172.31.47.0-255,66,106847,87,338473
17447,0.001641,74.125.68.0-255,766,107613,87,338473
17448,0.001724,74.125.68.0-255,1484,109097,87,338473
17449,0.001729,172.31.47.0-255,66,109163,87,338473
17450,0.001734,74.125.68.0-255,2902,112065,87,338473
17451,0.001737,172.31.47.0-255,66,112131,87,338473
17452,0.001767,74.125.68.0-255,5738,117869,87,338473
17453,0.001771,172.31.47.0-255,66,117935,87,338473
17454,0.001777,74.125.68.0-255,5738,123673,87,338473
17455,0.001779,172.31.47.0-255,66,123739,87,338473
17456,0.001784,74.125.68.0-255,1484,125223,87,338473
17457,0.001804,74.125.68.0-255,5738,130961,87,338473
17458,0.001806,172.31.47.0-255,66,131027,87,338473
17459,0.001822,74.125.68.0-255,7156,138183,87,338473
17460,0.001824,172.31.47.0-255,66,138249,87,338473
17461,0.001837,74.125.68.0-255,3602,141851,87,338473
17462,0.001839,172.31.47.0-255,66,141917,87,338473
17463,0.001874,74.125.68.0-255,4320,146237,87,338473
17464,0.001878,172.31.47.0-255,66,146303,87,338473
17465,0.001902,74.125.68.0-255,7156,153459,87,338473
17466,0.001904,172.31.47.0-255,66,153525,87,338473
17467,0.001924,74.125.68.0-255,5738,159263,87,338473
17468,0.001926,172.31.47.0-255,66,159329,87,338473
17469,0.001954,74.125.68.0-255,7156,166485,87,338473
17470,0.001957,172.31.47.0-255,66,166551,87,338473
17471,0.001963,74.125.68.0-255,5738,172289,87,338473
17472,0.001965,172.31.47.0-255,66,172355,87,338473
17473,0.001969,74.125.68.0-255,2902,175257,87,338473
17474,0.001971,172.31.47.0-255,66,175323,87,338473
17475,0.001984,74.125.68.0-255,766,176089,87,338473
17476,0.002013,74.125.68.0-255,2902,178991,87,338473
17477,0.002017,172.31.47.0-255,66,179057,87,338473
17478,0.002031,74.125.68.0-255,1484,180541,87,338473
17479,0.002033,74.125.68.0-255,1484,182025,87,338473
17480,0.002035,172.31.47.0-255,66,182091,87,338473
17481,0.002039,74.125.68.0-255,2902,184993,87,338473
17482,0.002042,172.31.47.0-255,66,185059,87,338473
17483,0.002046,74.125.68.0-255,4320,189379,87,338473
17484,0.002049,172.31.47.0-255,66,189445,87,338473
17485,0.002063,74.125.68.0-255,1484,190929,87,338473
17486,0.002084,74.125.68.0-255,7156,198085,87,338473
17487,0.002087,172.31.47.0-255,66,198151,87,338473
17488,0.002113,172.31.47.0-255,66,198217,87,338473
17489,0.002133,74.125.68.0-255,3602,201819,87,338473
17490,0.002135,172.31.47.0-255,66,201885,87,338473
17491,0.002244,74.125.68.0-255,1484,203369,87,338473
17492,0.002256,74.125.68.0-255,2902,206271,87,338473
17493,0.002259,172.31.47.0-255,66,206337,87,338473
17494,0.002275,74.125.68.0-255,2902,209239,87,338473
17495,0.002277,172.31.47.0-255,66,209305,87,338473
17496,0.002287,74.125.68.0-255,1484,210789,87,338473
17497,0.002298,74.125.68.0-255,5738,216527,87,338473
17498,0.0023,172.31.47.0-255,66,216593,87,338473
17499,0.002359,172.31.47.0-255,66,216659,87,338473
17500,0.002363,74.125.68.0-255,2902,219561,87,338473
17501,0.002364,172.31.47.0-255,66,219627,87,338473
17502,0.002389,74.125.68.0-255,2902,222529,87,338473
17503,0.002391,172.31.47.0-255,66,222595,87,338473
17504,0.002417,172.31.47.0-255,66,222661,87,338473
17505,0.00245,172.31.47.0-255,66,222727,87,338473
17506,0.002463,74.125.68.0-255,5738,228465,87,338473
17507,0.002476,172.31.47.0-255,66,228531,87,338473
17508,0.002491,74.125.68.0-255,2902,231433,87,338473
17509,0.002493,172.31.47.0-255,66,231499,87,338473
17510,0.002504,74.125.68.0-255,4320,235819,87,338473
17511,0.002506,172.31.47.0-255,66,235885,87,338473
17512,0.002529,74.125.68.0-255,5020,240905,87,338473
17513,0.002531,172.31.47.0-255,66,240971,87,338473
17514,0.002543,172.31.47.0-255,66,241037,87,338473
17515,0.002546,74.125.68.0-255,2902,243939,87,338473
17516,0.002548,172.31.47.0-255,66,244005,87,338473
17517,0.002564,74.125.68.0-255,2902,246907,87,338473
17518,0.002567,172.31.47.0-255,66,246973,87,338473
17519,0.002569,74.125.68.0-255,1484,248457,87,338473
17520,0.005076,74.125.68.0-255,4320,252777,87,338473
17521,0.005081,172.31.47.0-255,66,252843,87,338473
17522,0.007618,74.125.68.0-255,5738,258581,87,338473
17523,0.007623,172.31.47.0-255,66,258647,87,338473
17524,0.01015,74.125.68.0-255,5738,264385,87,338473
17525,0.010156,172.31.47.0-255,66,264451,87,338473
17526,0.012679,74.125.68.0-255,5738,270189,87,338473
17527,0.012686,172.31.47.0-255,66,270255,87,338473
17528,0.015218,74.125.68.0-255,5738,275993,87,338473
17529,0.015226,172.31.47.0-255,66,276059,87,338473
17530,0.017787,74.125.68.0-255,5738,281797,87,338473
17531,0.017794,172.31.47.0-255,66,281863,87,338473
17532,0.020319,74.125.68.0-255,5738,287601,87,338473
17533,0.020325,172.31.47.0-255,66,287667,87,338473
17534,0.022877,74.125.68.0-255,5738,293405,87,338473
17535,0.022883,172.31.47.0-255,66,293471,87,338473
17536,0.025175,172.31.47.0-255,166,293637,87,338473
17537,0.02521,172.31.47.0-255,1135,294772,87,338473
17538,0.025274,172.31.47.0-255,1514,296286,87,338473
17539,0.025276,172.31.47.0-255,305,296591,87,338473
17540,0.025425,74.125.68.0-255,5738,302329,87,338473
17541,0.02543,172.31.47.0-255,66,302395,87,338473
17542,0.026832,104.244.42.0-255,66,302461,87,338473
17543,0.027947,74.125.68.0-255,5738,308199,87,338473
17544,0.027953,172.31.47.0-255,66,308265,87,338473
17545,0.030483,74.125.68.0-255,5738,314003,87,338473
17546,0.030487,172.31.47.0-255,66,314069,87,338473
17547,0.033005,74.125.68.0-255,1484,315553,87,338473
17548,0.033037,74.125.68.0-255,4320,319873,87,338473
17549,0.033042,172.31.47.0-255,66,319939,87,338473
17550,0.035557,74.125.68.0-255,2902,322841,87,338473
17551,0.035562,172.31.47.0-255,66,322907,87,338473
17552,0.035585,74.125.68.0-255,2902,325809,87,338473
17553,0.035588,172.31.47.0-255,66,325875,87,338473
17554,0.038099,74.125.68.0-255,5738,331613,87,338473
17555,0.038105,172.31.47.0-255,66,331679,87,338473
17556,0.040631,74.125.68.0-255,5738,337417,87,338473
17557,0.040636,172.31.47.0-255,66,337483,87,338473
17558,0.04316,74.125.68.0-255,753,338236,87,338473
17559,0.043737,172.31.47.0-255,66,338302,87,338473
17560,0.043769,172.31.47.0-255,105,338407,87,338473
17561,0.046237,74.125.68.0-255,66,338473,87,338473
17562,0.0,172.217.194.0-255,153,153,87,375914
17563,2.9e-05,172.31.47.0-255,66,219,87,375914
17564,3.6e-05,172.217.194.0-255,1484,1703,87,375914
17565,4e-05,172.31.47.0-255,66,1769,87,375914
17566,4.5e-05,172.217.194.0-255,2902,4671,87,375914
17567,4.8e-05,172.31.47.0-255,66,4737,87,375914
17568,5.6e-05,172.217.194.0-255,7156,11893,87,375914
17569,5.8e-05,172.31.47.0-255,66,11959,87,375914
17570,0.000106,172.217.194.0-255,1965,13924,87,375914
17571,0.000109,172.31.47.0-255,66,13990,87,375914
17572,0.000114,172.217.194.0-255,2902,16892,87,375914
17573,0.000116,172.31.47.0-255,66,16958,87,375914
17574,0.000133,172.217.194.0-255,7156,24114,87,375914
17575,0.000138,172.31.47.0-255,66,24180,87,375914
17576,0.000143,172.217.194.0-255,5738,29918,87,375914
17577,0.000145,172.31.47.0-255,66,29984,87,375914
17578,0.00018,172.217.194.0-255,1125,31109,87,375914
17579,0.000185,172.31.47.0-255,66,31175,87,375914
17580,0.000219,172.217.194.0-255,1484,32659,87,375914
17581,0.000222,172.31.47.0-255,66,32725,87,375914
17582,0.000243,172.217.194.0-255,4320,37045,87,375914
17583,0.000247,172.31.47.0-255,66,37111,87,375914
17584,0.000253,172.217.194.0-255,5738,42849,87,375914
17585,0.000255,172.31.47.0-255,66,42915,87,375914
17586,0.000282,172.217.194.0-255,4320,47235,87,375914
17587,0.000286,172.31.47.0-255,66,47301,87,375914
17588,0.00031,172.31.47.0-255,66,47367,87,375914
17589,0.000322,172.31.47.0-255,66,47433,87,375914
17590,0.000342,172.217.194.0-255,1439,48872,87,375914
17591,0.000345,172.31.47.0-255,66,48938,87,375914
17592,0.000363,172.217.194.0-255,98,49036,87,375914
17593,0.000624,172.217.194.0-255,363,49399,87,375914
17594,0.000802,172.31.47.0-255,66,49465,87,375914
17595,0.0009,172.217.194.0-255,1484,50949,87,375914
17596,0.000915,172.217.194.0-255,2902,53851,87,375914
17597,0.000919,172.31.47.0-255,66,53917,87,375914
17598,0.000926,172.217.194.0-255,5738,59655,87,375914
17599,0.000928,172.31.47.0-255,66,59721,87,375914
17600,0.000954,172.217.194.0-255,7156,66877,87,375914
17601,0.000957,172.31.47.0-255,66,66943,87,375914
17602,0.00098,172.217.194.0-255,5738,72681,87,375914
17603,0.000983,172.31.47.0-255,66,72747,87,375914
17604,0.000994,172.31.47.0-255,66,72813,87,375914
17605,0.001021,172.217.194.0-255,2184,74997,87,375914
17606,0.001024,172.31.47.0-255,66,75063,87,375914
17607,0.001689,172.217.194.0-255,1484,76547,87,375914
17608,0.001705,172.217.194.0-255,2902,79449,87,375914
17609,0.001709,172.31.47.0-255,66,79515,87,375914
17610,0.00173,172.217.194.0-255,4320,83835,87,375914
17611,0.001731,172.31.47.0-255,66,83901,87,375914
17612,0.001753,172.217.194.0-255,2902,86803,87,375914
17613,0.001755,172.31.47.0-255,66,86869,87,375914
17614,0.001776,172.217.194.0-255,5738,92607,87,375914
17615,0.001777,172.31.47.0-255,66,92673,87,375914
17616,0.001783,172.217.194.0-255,7156,99829,87,375914
17617,0.001785,172.31.47.0-255,66,99895,87,375914
17618,0.001829,172.217.194.0-255,4320,104215,87,375914
17619,0.00183,172.31.47.0-255,66,104281,87,375914
17620,0.001853,172.217.194.0-255,5020,109301,87,375914
17621,0.001855,172.31.47.0-255,66,109367,87,375914
17622,0.001866,172.217.194.0-255,1484,110851,87,375914
17623,0.001881,172.217.194.0-255,2902,113753,87,375914
17624,0.001883,172.31.47.0-255,66,113819,87,375914
17625,0.001885,172.217.194.0-255,1484,115303,87,375914
17626,0.001902,172.217.194.0-255,4320,119623,87,375914
17627,0.001904,172.31.47.0-255,66,119689,87,375914
17628,0.001926,172.217.194.0-255,4320,124009,87,375914
17629,0.001928,172.31.47.0-255,66,124075,87,375914
17630,0.001955,172.31.47.0-255,66,124141,87,375914
17631,0.001976,172.217.194.0-255,1484,125625,87,375914
17632,0.00199,172.217.194.0-255,5738,131363,87,375914
17633,0.001992,172.31.47.0-255,66,131429,87,375914
17634,0.002004,172.217.194.0-255,3602,135031,87,375914
17635,0.002006,172.31.47.0-255,66,135097,87,375914
17636,0.00226,172.217.194.0-255,1484,136581,87,375914
17637,0.00227,172.217.194.0-255,2902,139483,87,375914
17638,0.002273,172.31.47.0-255,66,139549,87,375914
17639,0.002275,172.217.194.0-255,1484,141033,87,375914
17640,0.002291,172.217.194.0-255,4320,145353,87,375914
17641,0.002293,172.31.47.0-255,66,145419,87,375914
17642,0.002305,172.217.194.0-255,2902,148321,87,375914
17643,0.002307,172.31.47.0-255,66,148387,87,375914
17644,0.002332,172.31.47.0-255,66,148453,87,375914
17645,0.00237,172.217.194.0-255,7156,155609,87,375914
17646,0.002372,172.31.47.0-255,66,155675,87,375914
17647,0.002383,172.217.194.0-255,3602,159277,87,375914
17648,0.002385,172.31.47.0-255,66,159343,87,375914
17649,0.004671,172.217.194.0-255,1484,160827,87,375914
17650,0.004696,172.217.194.0-255,4320,165147,87,375914
17651,0.004701,172.31.47.0-255,66,165213,87,375914
17652,0.007036,172.217.194.0-255,5738,170951,87,375914
17653,0.007041,172.31.47.0-255,66,171017,87,375914
17654,0.009346,172.217.194.0-255,5738,176755,87,375914
17655,0.009352,172.31.47.0-255,66,176821,87,375914
17656,0.011678,172.217.194.0-255,5738,182559,87,375914
17657,0.011686,172.31.47.0-255,66,182625,87,375914
17658,0.013988,172.217.194.0-255,5738,188363,87,375914
17659,0.013999,172.31.47.0-255,66,188429,87,375914
17660,0.016301,172.217.194.0-255,5738,194167,87,375914
17661,0.016308,172.31.47.0-255,66,194233,87,375914
17662,0.018636,172.217.194.0-255,5738,199971,87,375914
17663,0.018647,172.31.47.0-255,66,200037,87,375914
17664,0.020959,172.217.194.0-255,5738,205775,87,375914
17665,0.020967,172.31.47.0-255,66,205841,87,375914
17666,0.023221,172.31.47.0-255,171,206012,87,375914
17667,0.023272,172.217.194.0-255,5738,211750,87,375914
17668,0.023277,172.31.47.0-255,66,211816,87,375914
17669,0.02333,172.31.47.0-255,1136,212952,87,375914
17670,0.023383,172.31.47.0-255,1514,214466,87,375914
17671,0.023385,172.31.47.0-255,1268,215734,87,375914
17672,0.024744,104.244.42.0-255,66,215800,87,375914
17673,0.024886,104.244.42.0-255,66,215866,87,375914
17674,0.024969,104.244.42.0-255,66,215932,87,375914
17675,0.025612,172.217.194.0-255,5738,221670,87,375914
17676,0.025617,172.31.47.0-255,66,221736,87,375914
17677,0.027936,172.217.194.0-255,5738,227474,87,375914
17678,0.027941,172.31.47.0-255,66,227540,87,375914
17679,0.030289,172.217.194.0-255,5738,233278,87,375914
17680,0.030294,172.31.47.0-255,66,233344,87,375914
17681,0.03261,172.217.194.0-255,5738,239082,87,375914
17682,0.032616,172.31.47.0-255,66,239148,87,375914
17683,0.034971,172.217.194.0-255,5738,244886,87,375914
17684,0.034976,172.31.47.0-255,66,244952,87,375914
17685,0.037269,172.217.194.0-255,5738,250690,87,375914
17686,0.037274,172.31.47.0-255,66,250756,87,375914
17687,0.039563,172.217.194.0-255,4320,255076,87,375914
17688,0.039567,172.31.47.0-255,66,255142,87,375914
17689,0.039594,172.217.194.0-255,1484,256626,87,375914
17690,0.041877,172.217.194.0-255,4320,260946,87,375914
17691,0.041882,172.31.47.0-255,66,261012,87,375914
17692,0.044208,172.217.194.0-255,5738,266750,87,375914
17693,0.044214,172.31.47.0-255,66,266816,87,375914
17694,0.046519,172.217.194.0-255,5738,272554,87,375914
17695,0.046525,172.31.47.0-255,66,272620,87,375914
17696,0.048821,172.217.194.0-255,5738,278358,87,375914
17697,0.048826,172.31.47.0-255,66,278424,87,375914
17698,0.051115,172.217.194.0-255,5738,284162,87,375914
17699,0.051121,172.31.47.0-255,66,284228,87,375914
17700,0.053438,172.217.194.0-255,5738,289966,87,375914
17701,0.053442,172.31.47.0-255,66,290032,87,375914
17702,0.055735,172.217.194.0-255,5738,295770,87,375914
17703,0.055742,172.31.47.0-255,66,295836,87,375914
17704,0.058028,172.217.194.0-255,2902,298738,87,375914
17705,0.058033,172.31.47.0-255,66,298804,87,375914
17706,0.058061,172.217.194.0-255,2902,301706,87,375914
17707,0.058065,172.31.47.0-255,66,301772,87,375914
17708,0.06035,172.217.194.0-255,5738,307510,87,375914
17709,0.060355,172.31.47.0-255,66,307576,87,375914
17710,0.062648,172.217.194.0-255,5738,313314,87,375914
17711,0.062654,172.31.47.0-255,66,313380,87,375914
17712,0.064954,172.217.194.0-255,5738,319118,87,375914
17713,0.064973,172.31.47.0-255,66,319184,87,375914
17714,0.067289,172.217.194.0-255,5738,324922,87,375914
17715,0.067293,172.31.47.0-255,66,324988,87,375914
17716,0.069611,172.217.194.0-255,5738,330726,87,375914
17717,0.069615,172.31.47.0-255,66,330792,87,375914
17718,0.072027,172.217.194.0-255,5738,336530,87,375914
17719,0.072034,172.31.47.0-255,66,336596,87,375914
17720,0.074342,172.217.194.0-255,5738,342334,87,375914
17721,0.074347,172.31.47.0-255,66,342400,87,375914
17722,0.076704,172.217.194.0-255,5738,348138,87,375914
17723,0.076709,172.31.47.0-255,66,348204,87,375914
17724,0.079024,172.217.194.0-255,4320,352524,87,375914
17725,0.079041,172.31.47.0-255,66,352590,87,375914
17726,0.079059,172.217.194.0-255,1484,354074,87,375914
17727,0.081347,172.217.194.0-255,4320,358394,87,375914
17728,0.081352,172.31.47.0-255,66,358460,87,375914
17729,0.083647,172.217.194.0-255,4320,362780,87,375914
17730,0.083651,172.31.47.0-255,66,362846,87,375914
17731,0.08368,172.217.194.0-255,1484,364330,87,375914
17732,0.085965,172.217.194.0-255,4320,368650,87,375914
17733,0.08597,172.31.47.0-255,66,368716,87,375914
17734,0.088299,172.217.194.0-255,5738,374454,87,375914
17735,0.088303,172.31.47.0-255,66,374520,87,375914
17736,0.090607,172.217.194.0-255,1157,375677,87,375914
17737,0.090729,172.31.47.0-255,66,375743,87,375914
17738,0.090752,172.31.47.0-255,105,375848,87,375914
17739,0.093028,172.217.194.0-255,66,375914,87,375914
17740,0.0,172.217.194.0-255,297,297,87,187256
17741,2.6e-05,172.31.47.0-255,66,363,87,187256
17742,3.2e-05,172.217.194.0-255,1484,1847,87,187256
17743,3.6e-05,172.31.47.0-255,66,1913,87,187256
17744,4.2e-05,172.217.194.0-255,4320,6233,87,187256
17745,4.5e-05,172.31.47.0-255,66,6299,87,187256
17746,6.1e-05,172.217.194.0-255,7156,13455,87,187256
17747,6.4e-05,172.31.47.0-255,66,13521,87,187256
17748,6.8e-05,172.217.194.0-255,549,14070,87,187256
17749,7e-05,172.31.47.0-255,66,14136,87,187256
17750,0.000104,172.217.194.0-255,1484,15620,87,187256
17751,0.000107,172.31.47.0-255,66,15686,87,187256
17752,0.000112,172.217.194.0-255,4320,20006,87,187256
17753,0.000114,172.31.47.0-255,66,20072,87,187256
17754,0.000119,172.217.194.0-255,2902,22974,87,187256
17755,0.000121,172.31.47.0-255,66,23040,87,187256
17756,0.000163,172.217.194.0-255,7156,30196,87,187256
17757,0.000167,172.31.47.0-255,66,30262,87,187256
17758,0.00017,172.217.194.0-255,1125,31387,87,187256
17759,0.000171,172.31.47.0-255,66,31453,87,187256
17760,0.000194,172.31.47.0-255,66,31519,87,187256
17761,0.000199,172.217.194.0-255,3961,35480,87,187256
17762,0.000201,172.31.47.0-255,66,35546,87,187256
17763,0.000268,172.31.47.0-255,66,35612,87,187256
17764,0.000291,172.217.194.0-255,2817,38429,87,187256
17765,0.000294,172.31.47.0-255,66,38495,87,187256
17766,0.000321,172.217.194.0-255,119,38614,87,187256
17767,0.000324,172.31.47.0-255,66,38680,87,187256
17768,0.000327,172.217.194.0-255,383,39063,87,187256
17769,0.000329,172.31.47.0-255,66,39129,87,187256
17770,0.000433,172.217.194.0-255,1484,40613,87,187256
17771,0.000441,172.217.194.0-255,2902,43515,87,187256
17772,0.000444,172.31.47.0-255,66,43581,87,187256
17773,0.000449,172.217.194.0-255,2902,46483,87,187256
17774,0.000452,172.31.47.0-255,66,46549,87,187256
17775,0.000477,172.217.194.0-255,2902,49451,87,187256
17776,0.000479,172.31.47.0-255,66,49517,87,187256
17777,0.000492,172.217.194.0-255,6797,56314,87,187256
17778,0.000494,172.31.47.0-255,66,56380,87,187256
17779,0.000553,172.217.194.0-255,1484,57864,87,187256
17780,0.000559,172.217.194.0-255,2902,60766,87,187256
17781,0.000561,172.31.47.0-255,66,60832,87,187256
17782,0.000568,172.217.194.0-255,5738,66570,87,187256
17783,0.00057,172.31.47.0-255,66,66636,87,187256
17784,0.000573,172.217.194.0-255,1484,68120,87,187256
17785,0.000595,172.217.194.0-255,4320,72440,87,187256
17786,0.000603,172.31.47.0-255,66,72506,87,187256
17787,0.000624,172.217.194.0-255,1125,73631,87,187256
17788,0.000733,172.217.194.0-255,1484,75115,87,187256
17789,0.000738,172.31.47.0-255,66,75181,87,187256
17790,0.000743,172.217.194.0-255,2902,78083,87,187256
17791,0.000745,172.31.47.0-255,66,78149,87,187256
17792,0.000749,172.217.194.0-255,2902,81051,87,187256
17793,0.000751,172.31.47.0-255,66,81117,87,187256
17794,0.000769,172.217.194.0-255,2902,84019,87,187256
17795,0.000772,172.31.47.0-255,66,84085,87,187256
17796,0.000786,172.31.47.0-255,66,84151,87,187256
17797,0.000804,172.31.47.0-255,66,84217,87,187256
17798,0.000854,172.31.47.0-255,66,84283,87,187256
17799,0.000891,172.31.47.0-255,66,84349,87,187256
17800,0.000906,172.31.47.0-255,66,84415,87,187256
17801,0.000935,172.217.194.0-255,3602,88017,87,187256
17802,0.000938,172.31.47.0-255,66,88083,87,187256
17803,0.000941,172.217.194.0-255,1484,89567,87,187256
17804,0.000963,172.217.194.0-255,2902,92469,87,187256
17805,0.000966,172.31.47.0-255,66,92535,87,187256
17806,0.000972,172.217.194.0-255,5738,98273,87,187256
17807,0.000974,172.31.47.0-255,66,98339,87,187256
17808,0.001006,172.31.47.0-255,66,98405,87,187256
17809,0.001043,172.217.194.0-255,4320,102725,87,187256
17810,0.001047,172.31.47.0-255,66,102791,87,187256
17811,0.001068,172.217.194.0-255,6438,109229,87,187256
17812,0.001071,172.31.47.0-255,66,109295,87,187256
17813,0.001205,172.217.194.0-255,1484,110779,87,187256
17814,0.001211,172.217.194.0-255,2902,113681,87,187256
17815,0.001214,172.31.47.0-255,66,113747,87,187256
17816,0.001222,172.217.194.0-255,5738,119485,87,187256
17817,0.001224,172.31.47.0-255,66,119551,87,187256
17818,0.001254,172.217.194.0-255,7156,126707,87,187256
17819,0.001257,172.31.47.0-255,66,126773,87,187256
17820,0.001285,172.217.194.0-255,2902,129675,87,187256
17821,0.001288,172.31.47.0-255,66,129741,87,187256
17822,0.001291,172.217.194.0-255,1484,131225,87,187256
17823,0.001329,172.31.47.0-255,66,131291,87,187256
17824,0.001375,172.217.194.0-255,1484,132775,87,187256
17825,0.001401,172.31.47.0-255,66,132841,87,187256
17826,0.001418,172.31.47.0-255,66,132907,87,187256
17827,0.001456,172.217.194.0-255,7156,140063,87,187256
17828,0.001461,172.31.47.0-255,66,140129,87,187256
17829,0.001465,172.217.194.0-255,2184,142313,87,187256
17830,0.001468,172.31.47.0-255,66,142379,87,187256
17831,0.001471,172.217.194.0-255,1484,143863,87,187256
17832,0.001482,172.217.194.0-255,2902,146765,87,187256
17833,0.001484,172.31.47.0-255,66,146831,87,187256
17834,0.001491,172.217.194.0-255,5738,152569,87,187256
17835,0.001493,172.31.47.0-255,66,152635,87,187256
17836,0.001507,172.31.47.0-255,66,152701,87,187256
17837,0.001518,172.31.47.0-255,66,152767,87,187256
17838,0.001541,172.217.194.0-255,766,153533,87,187256
17839,0.001544,172.217.194.0-255,1484,155017,87,187256
17840,0.001552,172.31.47.0-255,66,155083,87,187256
17841,0.001558,172.217.194.0-255,4320,159403,87,187256
17842,0.00156,172.31.47.0-255,66,159469,87,187256
17843,0.001603,172.31.47.0-255,66,159535,87,187256
17844,0.001615,172.31.47.0-255,66,159601,87,187256
17845,0.001652,172.31.47.0-255,66,159667,87,187256
17846,0.001655,172.217.194.0-255,1484,161151,87,187256
17847,0.001659,172.217.194.0-255,2902,164053,87,187256
17848,0.001661,172.31.47.0-255,66,164119,87,187256
17849,0.001694,172.217.194.0-255,5738,169857,87,187256
17850,0.001697,172.31.47.0-255,66,169923,87,187256
17851,0.001712,172.31.47.0-255,66,169989,87,187256
17852,0.001728,172.31.47.0-255,66,170055,87,187256
17853,0.001763,172.217.194.0-255,4320,174375,87,187256
17854,0.001767,172.31.47.0-255,66,174441,87,187256
17855,0.001798,172.31.47.0-255,66,174507,87,187256
17856,0.001805,172.217.194.0-255,5738,180245,87,187256
17857,0.001807,172.31.47.0-255,66,180311,87,187256
17858,0.001853,172.31.47.0-255,66,180377,87,187256
17859,0.001857,172.217.194.0-255,2181,182558,87,187256
17860,0.001859,172.31.47.0-255,66,182624,87,187256
17861,0.001862,172.217.194.0-255,105,182729,87,187256
17862,0.003615,172.31.47.0-255,66,182795,87,187256
17863,0.003641,172.31.47.0-255,105,182900,87,187256
17864,0.00563,172.217.194.0-255,66,182966,87,187256
17865,0.043304,172.31.47.0-255,172,183138,87,187256
17866,0.043345,172.31.47.0-255,1103,184241,87,187256
17867,0.043368,172.31.47.0-255,1514,185755,87,187256
17868,0.043369,172.31.47.0-255,1303,187058,87,187256
17869,0.044789,104.244.42.0-255,66,187124,87,187256
17870,0.04482,104.244.42.0-255,66,187190,87,187256
17871,0.044851,104.244.42.0-255,66,187256,87,187256
17872,0.0,172.217.194.0-255,153,153,87,311093
17873,1.4e-05,172.31.47.0-255,66,219,87,311093
17874,2.1e-05,172.217.194.0-255,1484,1703,87,311093
17875,2.5e-05,172.31.47.0-255,66,1769,87,311093
17876,3e-05,172.217.194.0-255,2902,4671,87,311093
17877,4e-05,172.31.47.0-255,66,4737,87,311093
17878,4.8e-05,172.217.194.0-255,7156,11893,87,311093
17879,5.2e-05,172.31.47.0-255,66,11959,87,311093
17880,5.4e-05,172.217.194.0-255,1484,13443,87,311093
17881,5.7e-05,172.31.47.0-255,66,13509,87,311093
17882,0.000113,172.31.47.0-255,66,13575,87,311093
17883,0.00012,172.217.194.0-255,6797,20372,87,311093
17884,0.000123,172.31.47.0-255,66,20438,87,311093
17885,0.000389,172.217.194.0-255,1484,21922,87,311093
17886,0.000394,172.31.47.0-255,66,21988,87,311093
17887,0.0004,172.217.194.0-255,2902,24890,87,311093
17888,0.000402,172.31.47.0-255,66,24956,87,311093
17889,0.00043,172.217.194.0-255,5738,30694,87,311093
17890,0.000433,172.31.47.0-255,66,30760,87,311093
17891,0.000447,172.31.47.0-255,66,30826,87,311093
17892,0.000474,172.217.194.0-255,1125,31951,87,311093
17893,0.000477,172.31.47.0-255,66,32017,87,311093
17894,0.00049,172.31.47.0-255,66,32083,87,311093
17895,0.001201,172.217.194.0-255,379,32462,87,311093
17896,0.001207,172.31.47.0-255,66,32528,87,311093
17897,0.00134,172.217.194.0-255,1484,34012,87,311093
17898,0.001344,172.31.47.0-255,66,34078,87,311093
17899,0.001348,172.217.194.0-255,1484,35562,87,311093
17900,0.00135,172.31.47.0-255,66,35628,87,311093
17901,0.00138,172.217.194.0-255,1484,37112,87,311093
17902,0.001387,172.217.194.0-255,5738,42850,87,311093
17903,0.001389,172.31.47.0-255,66,42916,87,311093
17904,0.001401,172.31.47.0-255,66,42982,87,311093
17905,0.001406,172.217.194.0-255,4320,47302,87,311093
17906,0.001407,172.31.47.0-255,66,47368,87,311093
17907,0.001434,172.217.194.0-255,5738,53106,87,311093
17908,0.001436,172.31.47.0-255,66,53172,87,311093
17909,0.001439,172.217.194.0-255,766,53938,87,311093
17910,0.001903,172.217.194.0-255,1484,55422,87,311093
17911,0.001909,172.31.47.0-255,66,55488,87,311093
17912,0.001915,172.217.194.0-255,2902,58390,87,311093
17913,0.001917,172.31.47.0-255,66,58456,87,311093
17914,0.001923,172.217.194.0-255,5738,64194,87,311093
17915,0.001924,172.31.47.0-255,66,64260,87,311093
17916,0.001977,172.31.47.0-255,66,64326,87,311093
17917,0.001988,172.31.47.0-255,66,64392,87,311093
17918,0.002026,172.217.194.0-255,1484,65876,87,311093
17919,0.002045,172.217.194.0-255,2902,68778,87,311093
17920,0.002048,172.31.47.0-255,66,68844,87,311093
17921,0.002068,172.217.194.0-255,1484,70328,87,311093
17922,0.002087,172.217.194.0-255,4320,74648,87,311093
17923,0.002089,172.31.47.0-255,66,74714,87,311093
17924,0.002092,172.217.194.0-255,1484,76198,87,311093
17925,0.002121,172.31.47.0-255,66,76264,87,311093
17926,0.002134,172.31.47.0-255,66,76330,87,311093
17927,0.004482,172.217.194.0-255,5738,82068,87,311093
17928,0.004488,172.31.47.0-255,66,82134,87,311093
17929,0.006822,172.217.194.0-255,5738,87872,87,311093
17930,0.006827,172.31.47.0-255,66,87938,87,311093
17931,0.009135,172.217.194.0-255,5738,93676,87,311093
17932,0.009144,172.31.47.0-255,66,93742,87,311093
17933,0.01148,172.217.194.0-255,5738,99480,87,311093
17934,0.011487,172.31.47.0-255,66,99546,87,311093
17935,0.013841,172.217.194.0-255,5738,105284,87,311093
17936,0.013847,172.31.47.0-255,66,105350,87,311093
17937,0.016184,172.217.194.0-255,5738,111088,87,311093
17938,0.016193,172.31.47.0-255,66,111154,87,311093
17939,0.018509,172.217.194.0-255,5738,116892,87,311093
17940,0.018517,172.31.47.0-255,66,116958,87,311093
17941,0.020846,172.217.194.0-255,5738,122696,87,311093
17942,0.020852,172.31.47.0-255,66,122762,87,311093
17943,0.021533,172.31.47.0-255,167,122929,87,311093
17944,0.02156,172.31.47.0-255,1111,124040,87,311093
17945,0.021608,172.31.47.0-255,1514,125554,87,311093
17946,0.02161,172.31.47.0-255,329,125883,87,311093
17947,0.023072,104.244.42.0-255,66,125949,87,311093
17948,0.023126,104.244.42.0-255,66,126015,87,311093
17949,0.023185,172.217.194.0-255,5738,131753,87,311093
17950,0.023189,172.31.47.0-255,66,131819,87,311093
17951,0.023214,104.244.42.0-255,66,131885,87,311093
17952,0.024008,104.244.42.0-255,108,131993,87,311093
17953,0.024015,172.31.47.0-255,66,132059,87,311093
17954,0.025521,172.217.194.0-255,5738,137797,87,311093
17955,0.025527,172.31.47.0-255,66,137863,87,311093
17956,0.027913,172.217.194.0-255,5738,143601,87,311093
17957,0.027918,172.31.47.0-255,66,143667,87,311093
17958,0.030224,172.217.194.0-255,5738,149405,87,311093
17959,0.030229,172.31.47.0-255,66,149471,87,311093
17960,0.032544,172.217.194.0-255,5738,155209,87,311093
17961,0.03255,172.31.47.0-255,66,155275,87,311093
17962,0.034901,172.217.194.0-255,5738,161013,87,311093
17963,0.034906,172.31.47.0-255,66,161079,87,311093
17964,0.037216,172.217.194.0-255,5738,166817,87,311093
17965,0.037221,172.31.47.0-255,66,166883,87,311093
17966,0.039545,172.217.194.0-255,5738,172621,87,311093
17967,0.039551,172.31.47.0-255,66,172687,87,311093
17968,0.042006,172.217.194.0-255,1484,174171,87,311093
17969,0.042037,172.217.194.0-255,4320,178491,87,311093
17970,0.042042,172.31.47.0-255,66,178557,87,311093
17971,0.04439,172.217.194.0-255,5738,184295,87,311093
17972,0.044396,172.31.47.0-255,66,184361,87,311093
17973,0.046733,172.217.194.0-255,5738,190099,87,311093
17974,0.04674,172.31.47.0-255,66,190165,87,311093
17975,0.049068,172.217.194.0-255,5738,195903,87,311093
17976,0.049076,172.31.47.0-255,66,195969,87,311093
17977,0.051431,172.217.194.0-255,4320,200289,87,311093
17978,0.051437,172.31.47.0-255,66,200355,87,311093
17979,0.051461,172.217.194.0-255,1484,201839,87,311093
17980,0.053763,172.217.194.0-255,4320,206159,87,311093
17981,0.053767,172.31.47.0-255,66,206225,87,311093
17982,0.056104,172.217.194.0-255,5738,211963,87,311093
17983,0.05611,172.31.47.0-255,66,212029,87,311093
17984,0.058423,172.217.194.0-255,4320,216349,87,311093
17985,0.05843,172.31.47.0-255,66,216415,87,311093
17986,0.058453,172.217.194.0-255,1484,217899,87,311093
17987,0.060787,172.217.194.0-255,4320,222219,87,311093
17988,0.060793,172.31.47.0-255,66,222285,87,311093
17989,0.063109,172.217.194.0-255,5738,228023,87,311093
17990,0.063115,172.31.47.0-255,66,228089,87,311093
17991,0.065427,172.217.194.0-255,5738,233827,87,311093
17992,0.065432,172.31.47.0-255,66,233893,87,311093
17993,0.067765,172.217.194.0-255,4320,238213,87,311093
17994,0.06777,172.31.47.0-255,66,238279,87,311093
17995,0.067787,172.217.194.0-255,1484,239763,87,311093
17996,0.070103,172.217.194.0-255,4320,244083,87,311093
17997,0.070109,172.31.47.0-255,66,244149,87,311093
17998,0.07245,172.217.194.0-255,4320,248469,87,311093
17999,0.072455,172.31.47.0-255,66,248535,87,311093
18000,0.072485,172.217.194.0-255,1484,250019,87,311093
18001,0.074786,172.217.194.0-255,4320,254339,87,311093
18002,0.074792,172.31.47.0-255,66,254405,87,311093
18003,0.077144,172.217.194.0-255,5738,260143,87,311093
18004,0.077149,172.31.47.0-255,66,260209,87,311093
18005,0.079497,172.217.194.0-255,5738,265947,87,311093
18006,0.079502,172.31.47.0-255,66,266013,87,311093
18007,0.081824,172.217.194.0-255,5738,271751,87,311093
18008,0.081829,172.31.47.0-255,66,271817,87,311093
18009,0.084169,172.217.194.0-255,5738,277555,87,311093
18010,0.084175,172.31.47.0-255,66,277621,87,311093
18011,0.086523,172.217.194.0-255,5738,283359,87,311093
18012,0.086528,172.31.47.0-255,66,283425,87,311093
18013,0.088869,172.217.194.0-255,5738,289163,87,311093
18014,0.088877,172.31.47.0-255,66,289229,87,311093
18015,0.091274,172.217.194.0-255,5738,294967,87,311093
18016,0.09128,172.31.47.0-255,66,295033,87,311093
18017,0.093598,172.217.194.0-255,5738,300771,87,311093
18018,0.093605,172.31.47.0-255,66,300837,87,311093
18019,0.095926,172.217.194.0-255,4320,305157,87,311093
18020,0.095932,172.31.47.0-255,66,305223,87,311093
18021,0.095954,172.217.194.0-255,1484,306707,87,311093
18022,0.098272,172.217.194.0-255,4320,311027,87,311093
18023,0.098277,172.31.47.0-255,66,311093,87,311093
18024,0.0,172.217.24.0-255,153,153,87,395171
18025,1.7e-05,172.31.47.0-255,66,219,87,395171
18026,2.4e-05,172.217.24.0-255,1484,1703,87,395171
18027,2.7e-05,172.31.47.0-255,66,1769,87,395171
18028,5.3e-05,172.217.24.0-255,2902,4671,87,395171
18029,5.5e-05,172.31.47.0-255,66,4737,87,395171
18030,6.1e-05,172.217.24.0-255,5738,10475,87,395171
18031,6.4e-05,172.31.47.0-255,66,10541,87,395171
18032,9.6e-05,172.217.24.0-255,3482,14023,87,395171
18033,9.8e-05,172.31.47.0-255,66,14089,87,395171
18034,0.000123,172.217.24.0-255,4320,18409,87,395171
18035,0.000125,172.31.47.0-255,66,18475,87,395171
18036,0.000128,172.217.24.0-255,1484,19959,87,395171
18037,0.000129,172.31.47.0-255,66,20025,87,395171
18038,0.000133,172.217.24.0-255,2902,22927,87,395171
18039,0.000135,172.31.47.0-255,66,22993,87,395171
18040,0.000156,172.217.24.0-255,4320,27313,87,395171
18041,0.000158,172.31.47.0-255,66,27379,87,395171
18042,0.000185,172.217.24.0-255,1484,28863,87,395171
18043,0.000186,172.31.47.0-255,66,28929,87,395171
18044,0.00019,172.217.24.0-255,2543,31472,87,395171
18045,0.000192,172.31.47.0-255,66,31538,87,395171
18046,0.000229,172.217.24.0-255,2902,34440,87,395171
18047,0.000231,172.31.47.0-255,66,34506,87,395171
18048,0.000234,172.217.24.0-255,1484,35990,87,395171
18049,0.000236,172.31.47.0-255,66,36056,87,395171
18050,0.000263,172.217.24.0-255,2902,38958,87,395171
18051,0.000265,172.31.47.0-255,66,39024,87,395171
18052,0.000276,172.31.47.0-255,66,39090,87,395171
18053,0.000336,172.217.24.0-255,1125,40215,87,395171
18054,0.000339,172.31.47.0-255,66,40281,87,395171
18055,0.001051,172.217.24.0-255,1484,41765,87,395171
18056,0.001061,172.217.24.0-255,2902,44667,87,395171
18057,0.001065,172.31.47.0-255,66,44733,87,395171
18058,0.001072,172.217.24.0-255,5738,50471,87,395171
18059,0.001073,172.31.47.0-255,66,50537,87,395171
18060,0.00112,172.217.24.0-255,7125,57662,87,395171
18061,0.001123,172.31.47.0-255,66,57728,87,395171
18062,0.001552,172.217.24.0-255,1484,59212,87,395171
18063,0.001558,172.217.24.0-255,1484,60696,87,395171
18064,0.001561,172.31.47.0-255,66,60762,87,395171
18065,0.00158,172.217.24.0-255,1484,62246,87,395171
18066,0.001586,172.217.24.0-255,5738,67984,87,395171
18067,0.001588,172.31.47.0-255,66,68050,87,395171
18068,0.001615,172.217.24.0-255,7156,75206,87,395171
18069,0.001617,172.31.47.0-255,66,75272,87,395171
18070,0.001645,172.217.24.0-255,3986,79258,87,395171
18071,0.001647,172.31.47.0-255,66,79324,87,395171
18072,0.001657,172.31.47.0-255,66,79390,87,395171
18073,0.001663,172.217.24.0-255,1369,80759,87,395171
18074,0.001792,172.217.24.0-255,1484,82243,87,395171
18075,0.001794,172.217.24.0-255,1484,83727,87,395171
18076,0.001799,172.31.47.0-255,66,83793,87,395171
18077,0.001806,172.217.24.0-255,1484,85277,87,395171
18078,0.001808,172.31.47.0-255,66,85343,87,395171
18079,0.001812,172.217.24.0-255,2902,88245,87,395171
18080,0.001814,172.31.47.0-255,66,88311,87,395171
18081,0.001831,172.217.24.0-255,2902,91213,87,395171
18082,0.001833,172.31.47.0-255,66,91279,87,395171
18083,0.00184,172.217.24.0-255,2902,94181,87,395171
18084,0.001842,172.31.47.0-255,66,94247,87,395171
18085,0.001861,172.217.24.0-255,4320,98567,87,395171
18086,0.001863,172.31.47.0-255,66,98633,87,395171
18087,0.001895,172.217.24.0-255,4320,102953,87,395171
18088,0.001897,172.31.47.0-255,66,103019,87,395171
18089,0.001907,172.31.47.0-255,66,103085,87,395171
18090,0.00191,172.217.24.0-255,2184,105269,87,395171
18091,0.001912,172.31.47.0-255,66,105335,87,395171
18092,0.003841,172.217.24.0-255,2902,108237,87,395171
18093,0.00385,172.31.47.0-255,66,108303,87,395171
18094,0.003875,172.217.24.0-255,2902,111205,87,395171
18095,0.003879,172.31.47.0-255,66,111271,87,395171
18096,0.005812,172.217.24.0-255,5738,117009,87,395171
18097,0.005832,172.31.47.0-255,66,117075,87,395171
18098,0.007798,172.217.24.0-255,5738,122813,87,395171
18099,0.007817,172.31.47.0-255,66,122879,87,395171
18100,0.009822,172.217.24.0-255,5738,128617,87,395171
18101,0.009838,172.31.47.0-255,66,128683,87,395171
18102,0.011791,172.217.24.0-255,5738,134421,87,395171
18103,0.011809,172.31.47.0-255,66,134487,87,395171
18104,0.013762,172.217.24.0-255,5738,140225,87,395171
18105,0.013777,172.31.47.0-255,66,140291,87,395171
18106,0.015726,172.217.24.0-255,5738,146029,87,395171
18107,0.015738,172.31.47.0-255,66,146095,87,395171
18108,0.017687,172.217.24.0-255,5738,151833,87,395171
18109,0.017697,172.31.47.0-255,66,151899,87,395171
18110,0.019653,172.217.24.0-255,5738,157637,87,395171
18111,0.019671,172.31.47.0-255,66,157703,87,395171
18112,0.021619,172.217.24.0-255,5738,163441,87,395171
18113,0.021632,172.31.47.0-255,66,163507,87,395171
18114,0.022968,172.31.47.0-255,172,163679,87,395171
18115,0.023014,172.31.47.0-255,1107,164786,87,395171
18116,0.023095,172.31.47.0-255,1514,166300,87,395171
18117,0.023097,172.31.47.0-255,1514,167814,87,395171
18118,0.023102,172.31.47.0-255,1514,169328,87,395171
18119,0.023103,172.31.47.0-255,1077,170405,87,395171
18120,0.023579,172.217.24.0-255,5738,176143,87,395171
18121,0.023589,172.31.47.0-255,66,176209,87,395171
18122,0.024493,104.244.42.0-255,66,176275,87,395171
18123,0.024539,104.244.42.0-255,66,176341,87,395171
18124,0.024659,104.244.42.0-255,66,176407,87,395171
18125,0.024665,104.244.42.0-255,66,176473,87,395171
18126,0.025533,172.217.24.0-255,5738,182211,87,395171
18127,0.025543,172.31.47.0-255,66,182277,87,395171
18128,0.027488,172.217.24.0-255,4320,186597,87,395171
18129,0.027499,172.31.47.0-255,66,186663,87,395171
18130,0.027533,172.217.24.0-255,1484,188147,87,395171
18131,0.029461,172.217.24.0-255,4320,192467,87,395171
18132,0.029468,172.31.47.0-255,66,192533,87,395171
18133,0.031406,172.217.24.0-255,4320,196853,87,395171
18134,0.031416,172.31.47.0-255,66,196919,87,395171
18135,0.031447,172.217.24.0-255,1484,198403,87,395171
18136,0.033362,172.217.24.0-255,4320,202723,87,395171
18137,0.033373,172.31.47.0-255,66,202789,87,395171
18138,0.035335,172.217.24.0-255,5738,208527,87,395171
18139,0.035351,172.31.47.0-255,66,208593,87,395171
18140,0.037312,172.217.24.0-255,5738,214331,87,395171
18141,0.037328,172.31.47.0-255,66,214397,87,395171
18142,0.039277,172.217.24.0-255,5738,220135,87,395171
18143,0.039287,172.31.47.0-255,66,220201,87,395171
18144,0.041289,172.217.24.0-255,5738,225939,87,395171
18145,0.0413,172.31.47.0-255,66,226005,87,395171
18146,0.04325,172.217.24.0-255,5738,231743,87,395171
18147,0.04326,172.31.47.0-255,66,231809,87,395171
18148,0.045203,172.217.24.0-255,5738,237547,87,395171
18149,0.045209,172.31.47.0-255,66,237613,87,395171
18150,0.047147,172.217.24.0-255,2902,240515,87,395171
18151,0.047153,172.31.47.0-255,66,240581,87,395171
18152,0.047183,172.217.24.0-255,2902,243483,87,395171
18153,0.047187,172.31.47.0-255,66,243549,87,395171
18154,0.049093,172.217.24.0-255,2902,246451,87,395171
18155,0.0491,172.31.47.0-255,66,246517,87,395171
18156,0.049137,172.217.24.0-255,2902,249419,87,395171
18157,0.04914,172.31.47.0-255,66,249485,87,395171
18158,0.051043,172.217.24.0-255,2902,252387,87,395171
18159,0.051049,172.31.47.0-255,66,252453,87,395171
18160,0.051081,172.217.24.0-255,2902,255355,87,395171
18161,0.051084,172.31.47.0-255,66,255421,87,395171
18162,0.05299,172.217.24.0-255,2902,258323,87,395171
18163,0.052994,172.31.47.0-255,66,258389,87,395171
18164,0.053026,172.217.24.0-255,2902,261291,87,395171
18165,0.053029,172.31.47.0-255,66,261357,87,395171
18166,0.054929,172.217.24.0-255,2902,264259,87,395171
18167,0.054935,172.31.47.0-255,66,264325,87,395171
18168,0.054968,172.217.24.0-255,2902,267227,87,395171
18169,0.054971,172.31.47.0-255,66,267293,87,395171
18170,0.056878,172.217.24.0-255,2902,270195,87,395171
18171,0.056884,172.31.47.0-255,66,270261,87,395171
18172,0.056922,172.217.24.0-255,2902,273163,87,395171
18173,0.056926,172.31.47.0-255,66,273229,87,395171
18174,0.058828,172.217.24.0-255,2902,276131,87,395171
18175,0.058833,172.31.47.0-255,66,276197,87,395171
18176,0.058892,172.217.24.0-255,2902,279099,87,395171
18177,0.058896,172.31.47.0-255,66,279165,87,395171
18178,0.060774,172.217.24.0-255,2902,282067,87,395171
18179,0.060779,172.31.47.0-255,66,282133,87,395171
18180,0.060829,172.217.24.0-255,2902,285035,87,395171
18181,0.060833,172.31.47.0-255,66,285101,87,395171
18182,0.062723,172.217.24.0-255,2902,288003,87,395171
18183,0.062729,172.31.47.0-255,66,288069,87,395171
18184,0.062775,172.217.24.0-255,2902,290971,87,395171
18185,0.062779,172.31.47.0-255,66,291037,87,395171
18186,0.064668,172.217.24.0-255,2902,293939,87,395171
18187,0.064673,172.31.47.0-255,66,294005,87,395171
18188,0.064711,172.217.24.0-255,2902,296907,87,395171
18189,0.064714,172.31.47.0-255,66,296973,87,395171
18190,0.06661,172.217.24.0-255,2902,299875,87,395171
18191,0.066615,172.31.47.0-255,66,299941,87,395171
18192,0.066647,172.217.24.0-255,2902,302843,87,395171
18193,0.06665,172.31.47.0-255,66,302909,87,395171
18194,0.068563,172.217.24.0-255,2902,305811,87,395171
18195,0.06857,172.31.47.0-255,66,305877,87,395171
18196,0.068607,172.217.24.0-255,2902,308779,87,395171
18197,0.06861,172.31.47.0-255,66,308845,87,395171
18198,0.070512,172.217.24.0-255,2902,311747,87,395171
18199,0.070517,172.31.47.0-255,66,311813,87,395171
18200,0.070547,172.217.24.0-255,2902,314715,87,395171
18201,0.070549,172.31.47.0-255,66,314781,87,395171
18202,0.072456,172.217.24.0-255,2902,317683,87,395171
18203,0.072474,172.31.47.0-255,66,317749,87,395171
18204,0.072486,172.217.24.0-255,2902,320651,87,395171
18205,0.072494,172.31.47.0-255,66,320717,87,395171
18206,0.074425,172.217.24.0-255,5738,326455,87,395171
18207,0.074432,172.31.47.0-255,66,326521,87,395171
18208,0.076391,172.217.24.0-255,4320,330841,87,395171
18209,0.076396,172.31.47.0-255,66,330907,87,395171
18210,0.076422,172.217.24.0-255,1484,332391,87,395171
18211,0.078335,172.217.24.0-255,4320,336711,87,395171
18212,0.078342,172.31.47.0-255,66,336777,87,395171
18213,0.080277,172.217.24.0-255,5738,342515,87,395171
18214,0.080282,172.31.47.0-255,66,342581,87,395171
18215,0.082222,172.217.24.0-255,5738,348319,87,395171
18216,0.082227,172.31.47.0-255,66,348385,87,395171
18217,0.08416,172.217.24.0-255,2902,351287,87,395171
18218,0.084165,172.31.47.0-255,66,351353,87,395171
18219,0.084191,172.217.24.0-255,2902,354255,87,395171
18220,0.084194,172.31.47.0-255,66,354321,87,395171
18221,0.086094,172.217.24.0-255,2902,357223,87,395171
18222,0.086099,172.31.47.0-255,66,357289,87,395171
18223,0.086132,172.217.24.0-255,2902,360191,87,395171
18224,0.086136,172.31.47.0-255,66,360257,87,395171
18225,0.088042,172.217.24.0-255,2902,363159,87,395171
18226,0.088047,172.31.47.0-255,66,363225,87,395171
18227,0.088078,172.217.24.0-255,2902,366127,87,395171
18228,0.088081,172.31.47.0-255,66,366193,87,395171
18229,0.089988,172.217.24.0-255,2902,369095,87,395171
18230,0.089995,172.31.47.0-255,66,369161,87,395171
18231,0.090029,172.217.24.0-255,2902,372063,87,395171
18232,0.090032,172.31.47.0-255,66,372129,87,395171
18233,0.09193,172.217.24.0-255,2902,375031,87,395171
18234,0.091936,172.31.47.0-255,66,375097,87,395171
18235,0.091964,172.217.24.0-255,2902,377999,87,395171
18236,0.091966,172.31.47.0-255,66,378065,87,395171
18237,0.093895,172.217.24.0-255,5738,383803,87,395171
18238,0.093901,172.31.47.0-255,66,383869,87,395171
18239,0.095839,172.217.24.0-255,5738,389607,87,395171
18240,0.095845,172.31.47.0-255,66,389673,87,395171
18241,0.097791,172.217.24.0-255,5261,394934,87,395171
18242,0.097796,172.31.47.0-255,66,395000,87,395171
18243,0.098003,172.31.47.0-255,105,395105,87,395171
18244,0.099899,172.217.24.0-255,66,395171,87,395171
18245,0.0,172.217.194.0-255,153,153,87,342654
18246,3.2e-05,172.31.47.0-255,66,219,87,342654
18247,3.9e-05,172.217.194.0-255,1484,1703,87,342654
18248,4.2e-05,172.31.47.0-255,66,1769,87,342654
18249,4.6e-05,172.217.194.0-255,2902,4671,87,342654
18250,4.8e-05,172.31.47.0-255,66,4737,87,342654
18251,5.4e-05,172.217.194.0-255,7156,11893,87,342654
18252,5.7e-05,172.31.47.0-255,66,11959,87,342654
18253,6e-05,172.217.194.0-255,2014,13973,87,342654
18254,6.2e-05,172.31.47.0-255,66,14039,87,342654
18255,0.000125,172.217.194.0-255,1484,15523,87,342654
18256,0.000127,172.31.47.0-255,66,15589,87,342654
18257,0.000132,172.217.194.0-255,2902,18491,87,342654
18258,0.000134,172.31.47.0-255,66,18557,87,342654
18259,0.000166,172.217.194.0-255,5738,24295,87,342654
18260,0.000171,172.31.47.0-255,66,24361,87,342654
18261,0.000175,172.217.194.0-255,4320,28681,87,342654
18262,0.000177,172.31.47.0-255,66,28747,87,342654
18263,0.000228,172.31.47.0-255,66,28813,87,342654
18264,0.000235,172.217.194.0-255,6797,35610,87,342654
18265,0.000237,172.31.47.0-255,66,35676,87,342654
18266,0.000754,172.217.194.0-255,1484,37160,87,342654
18267,0.000759,172.31.47.0-255,66,37226,87,342654
18268,0.000767,172.217.194.0-255,2902,40128,87,342654
18269,0.000769,172.31.47.0-255,66,40194,87,342654
18270,0.000773,172.217.194.0-255,2902,43096,87,342654
18271,0.000775,172.31.47.0-255,66,43162,87,342654
18272,0.000796,172.217.194.0-255,1484,44646,87,342654
18273,0.000799,172.31.47.0-255,66,44712,87,342654
18274,0.000819,172.217.194.0-255,5738,50450,87,342654
18275,0.000821,172.31.47.0-255,66,50516,87,342654
18276,0.000825,172.217.194.0-255,2543,53059,87,342654
18277,0.000827,172.31.47.0-255,66,53125,87,342654
18278,0.000849,172.217.194.0-255,2902,56027,87,342654
18279,0.000851,172.31.47.0-255,66,56093,87,342654
18280,0.000867,172.217.194.0-255,7156,63249,87,342654
18281,0.000869,172.31.47.0-255,66,63315,87,342654
18282,0.000872,172.217.194.0-255,1484,64799,87,342654
18283,0.000892,172.217.194.0-255,2902,67701,87,342654
18284,0.000895,172.31.47.0-255,66,67767,87,342654
18285,0.000957,172.217.194.0-255,4320,72087,87,342654
18286,0.00096,172.31.47.0-255,66,72153,87,342654
18287,0.000978,172.217.194.0-255,1706,73859,87,342654
18288,0.000979,172.31.47.0-255,66,73925,87,342654
18289,0.000987,172.217.194.0-255,7156,81081,87,342654
18290,0.000989,172.31.47.0-255,66,81147,87,342654
18291,0.000995,172.217.194.0-255,6797,87944,87,342654
18292,0.000997,172.31.47.0-255,66,88010,87,342654
18293,0.001,172.217.194.0-255,2902,90912,87,342654
18294,0.001002,172.31.47.0-255,66,90978,87,342654
18295,0.001017,172.217.194.0-255,4320,95298,87,342654
18296,0.00102,172.31.47.0-255,66,95364,87,342654
18297,0.001063,172.217.194.0-255,7156,102520,87,342654
18298,0.001067,172.31.47.0-255,66,102586,87,342654
18299,0.001079,172.217.194.0-255,1979,104565,87,342654
18300,0.001081,172.31.47.0-255,66,104631,87,342654
18301,0.001136,172.217.194.0-255,7156,111787,87,342654
18302,0.00114,172.31.47.0-255,66,111853,87,342654
18303,0.001162,172.217.194.0-255,2902,114755,87,342654
18304,0.001164,172.31.47.0-255,66,114821,87,342654
18305,0.001175,172.31.47.0-255,66,114887,87,342654
18306,0.001216,172.31.47.0-255,66,114953,87,342654
18307,0.001798,172.217.194.0-255,1484,116437,87,342654
18308,0.001803,172.217.194.0-255,2902,119339,87,342654
18309,0.001806,172.31.47.0-255,66,119405,87,342654
18310,0.001809,172.217.194.0-255,1484,120889,87,342654
18311,0.001826,172.217.194.0-255,4320,125209,87,342654
18312,0.001828,172.31.47.0-255,66,125275,87,342654
18313,0.001851,172.217.194.0-255,7156,132431,87,342654
18314,0.001853,172.31.47.0-255,66,132497,87,342654
18315,0.001874,172.217.194.0-255,5738,138235,87,342654
18316,0.001876,172.31.47.0-255,66,138301,87,342654
18317,0.001878,172.217.194.0-255,1484,139785,87,342654
18318,0.001889,172.217.194.0-255,2902,142687,87,342654
18319,0.001891,172.31.47.0-255,66,142753,87,342654
18320,0.001914,172.217.194.0-255,6438,149191,87,342654
18321,0.001916,172.31.47.0-255,66,149257,87,342654
18322,0.002076,172.217.194.0-255,1484,150741,87,342654
18323,0.002087,172.217.194.0-255,2902,153643,87,342654
18324,0.002089,172.31.47.0-255,66,153709,87,342654
18325,0.002092,172.217.194.0-255,2902,156611,87,342654
18326,0.002093,172.31.47.0-255,66,156677,87,342654
18327,0.00211,172.217.194.0-255,2902,159579,87,342654
18328,0.002112,172.31.47.0-255,66,159645,87,342654
18329,0.002114,172.217.194.0-255,1484,161129,87,342654
18330,0.002137,172.31.47.0-255,66,161195,87,342654
18331,0.002169,172.31.47.0-255,66,161261,87,342654
18332,0.002193,172.217.194.0-255,1484,162745,87,342654
18333,0.002197,172.217.194.0-255,2902,165647,87,342654
18334,0.002198,172.31.47.0-255,66,165713,87,342654
18335,0.002201,172.217.194.0-255,1484,167197,87,342654
18336,0.002218,172.217.194.0-255,4320,171517,87,342654
18337,0.002219,172.31.47.0-255,66,171583,87,342654
18338,0.002243,172.31.47.0-255,66,171649,87,342654
18339,0.002261,172.217.194.0-255,4320,175969,87,342654
18340,0.002263,172.31.47.0-255,66,176035,87,342654
18341,0.002277,172.31.47.0-255,66,176101,87,342654
18342,0.00455,172.217.194.0-255,5738,181839,87,342654
18343,0.004553,172.31.47.0-255,66,181905,87,342654
18344,0.006791,172.217.194.0-255,5738,187643,87,342654
18345,0.006796,172.31.47.0-255,66,187709,87,342654
18346,0.009113,172.217.194.0-255,5738,193447,87,342654
18347,0.00912,172.31.47.0-255,66,193513,87,342654
18348,0.011366,172.217.194.0-255,5738,199251,87,342654
18349,0.011372,172.31.47.0-255,66,199317,87,342654
18350,0.013642,172.217.194.0-255,5738,205055,87,342654
18351,0.013649,172.31.47.0-255,66,205121,87,342654
18352,0.015927,172.217.194.0-255,5738,210859,87,342654
18353,0.015938,172.31.47.0-255,66,210925,87,342654
18354,0.018187,172.217.194.0-255,5738,216663,87,342654
18355,0.018199,172.31.47.0-255,66,216729,87,342654
18356,0.020442,172.217.194.0-255,5738,222467,87,342654
18357,0.020447,172.31.47.0-255,66,222533,87,342654
18358,0.022722,172.217.194.0-255,4320,226853,87,342654
18359,0.022727,172.31.47.0-255,66,226919,87,342654
18360,0.022744,172.217.194.0-255,1484,228403,87,342654
18361,0.024987,172.217.194.0-255,4320,232723,87,342654
18362,0.024995,172.31.47.0-255,66,232789,87,342654
18363,0.026375,172.31.47.0-255,172,232961,87,342654
18364,0.026404,172.31.47.0-255,1113,234074,87,342654
18365,0.026436,172.31.47.0-255,1514,235588,87,342654
18366,0.026437,172.31.47.0-255,1291,236879,87,342654
18367,0.02728,172.217.194.0-255,5738,242617,87,342654
18368,0.027286,172.31.47.0-255,66,242683,87,342654
18369,0.027898,104.244.42.0-255,66,242749,87,342654
18370,0.027938,104.244.42.0-255,66,242815,87,342654
18371,0.027981,104.244.42.0-255,66,242881,87,342654
18372,0.029517,172.217.194.0-255,5738,248619,87,342654
18373,0.029522,172.31.47.0-255,66,248685,87,342654
18374,0.031786,172.217.194.0-255,5738,254423,87,342654
18375,0.031793,172.31.47.0-255,66,254489,87,342654
18376,0.034049,172.217.194.0-255,5738,260227,87,342654
18377,0.034053,172.31.47.0-255,66,260293,87,342654
18378,0.036317,172.217.194.0-255,4320,264613,87,342654
18379,0.036321,172.31.47.0-255,66,264679,87,342654
18380,0.036347,172.217.194.0-255,1484,266163,87,342654
18381,0.038586,172.217.194.0-255,4320,270483,87,342654
18382,0.038592,172.31.47.0-255,66,270549,87,342654
18383,0.040842,172.217.194.0-255,5738,276287,87,342654
18384,0.040847,172.31.47.0-255,66,276353,87,342654
18385,0.043075,172.217.194.0-255,5738,282091,87,342654
18386,0.04308,172.31.47.0-255,66,282157,87,342654
18387,0.045321,172.217.194.0-255,5738,287895,87,342654
18388,0.045327,172.31.47.0-255,66,287961,87,342654
18389,0.047599,172.217.194.0-255,5738,293699,87,342654
18390,0.047606,172.31.47.0-255,66,293765,87,342654
18391,0.049835,172.217.194.0-255,5738,299503,87,342654
18392,0.04984,172.31.47.0-255,66,299569,87,342654
18393,0.052103,172.217.194.0-255,5738,305307,87,342654
18394,0.052107,172.31.47.0-255,66,305373,87,342654
18395,0.054393,172.217.194.0-255,5738,311111,87,342654
18396,0.054398,172.31.47.0-255,66,311177,87,342654
18397,0.056617,172.217.194.0-255,5738,316915,87,342654
18398,0.056623,172.31.47.0-255,66,316981,87,342654
18399,0.05887,172.217.194.0-255,5738,322719,87,342654
18400,0.058875,172.31.47.0-255,66,322785,87,342654
18401,0.061147,172.217.194.0-255,5738,328523,87,342654
18402,0.061152,172.31.47.0-255,66,328589,87,342654
18403,0.063409,172.217.194.0-255,5738,334327,87,342654
18404,0.063417,172.31.47.0-255,66,334393,87,342654
18405,0.065676,172.217.194.0-255,5738,340131,87,342654
18406,0.065681,172.31.47.0-255,66,340197,87,342654
18407,0.067924,172.217.194.0-255,2220,342417,87,342654
18408,0.067929,172.31.47.0-255,66,342483,87,342654
18409,0.068109,172.31.47.0-255,105,342588,87,342654
18410,0.070357,172.217.194.0-255,66,342654,87,342654
18411,0.0,74.125.68.0-255,153,153,87,344747
18412,2.4e-05,172.31.47.0-255,66,219,87,344747
18413,3e-05,74.125.68.0-255,1484,1703,87,344747
18414,3.4e-05,172.31.47.0-255,66,1769,87,344747
18415,3.8e-05,74.125.68.0-255,2902,4671,87,344747
18416,4e-05,172.31.47.0-255,66,4737,87,344747
18417,6.4e-05,74.125.68.0-255,7156,11893,87,344747
18418,6.6e-05,172.31.47.0-255,66,11959,87,344747
18419,7e-05,74.125.68.0-255,1986,13945,87,344747
18420,7.1e-05,172.31.47.0-255,66,14011,87,344747
18421,8.1e-05,74.125.68.0-255,1484,15495,87,344747
18422,8.3e-05,172.31.47.0-255,66,15561,87,344747
18423,0.0001,74.125.68.0-255,1484,17045,87,344747
18424,0.000103,172.31.47.0-255,66,17111,87,344747
18425,0.000109,74.125.68.0-255,7156,24267,87,344747
18426,0.000111,172.31.47.0-255,66,24333,87,344747
18427,0.000132,74.125.68.0-255,2902,27235,87,344747
18428,0.000134,172.31.47.0-255,66,27301,87,344747
18429,0.000169,74.125.68.0-255,3961,31262,87,344747
18430,0.000172,172.31.47.0-255,66,31328,87,344747
18431,0.000229,74.125.68.0-255,1484,32812,87,344747
18432,0.000231,172.31.47.0-255,66,32878,87,344747
18433,0.000249,74.125.68.0-255,2902,35780,87,344747
18434,0.000252,172.31.47.0-255,66,35846,87,344747
18435,0.000254,74.125.68.0-255,1484,37330,87,344747
18436,0.000256,172.31.47.0-255,66,37396,87,344747
18437,0.000276,74.125.68.0-255,4320,41716,87,344747
18438,0.000279,172.31.47.0-255,66,41782,87,344747
18439,0.000283,74.125.68.0-255,2902,44684,87,344747
18440,0.000284,172.31.47.0-255,66,44750,87,344747
18441,0.00029,74.125.68.0-255,3961,48711,87,344747
18442,0.000292,172.31.47.0-255,66,48777,87,344747
18443,0.000325,74.125.68.0-255,4320,53097,87,344747
18444,0.000328,172.31.47.0-255,66,53163,87,344747
18445,0.000351,74.125.68.0-255,2902,56065,87,344747
18446,0.000354,172.31.47.0-255,66,56131,87,344747
18447,0.000367,74.125.68.0-255,2902,59033,87,344747
18448,0.000372,74.125.68.0-255,4320,63353,87,344747
18449,0.000372,172.31.47.0-255,66,63419,87,344747
18450,0.000375,172.31.47.0-255,66,63485,87,344747
18451,0.000382,74.125.68.0-255,2811,66296,87,344747
18452,0.000384,172.31.47.0-255,66,66362,87,344747
18453,0.000386,74.125.68.0-255,137,66499,87,344747
18454,0.000477,74.125.68.0-255,1484,67983,87,344747
18455,0.000481,172.31.47.0-255,66,68049,87,344747
18456,0.000486,74.125.68.0-255,2902,70951,87,344747
18457,0.000488,172.31.47.0-255,66,71017,87,344747
18458,0.000511,74.125.68.0-255,5738,76755,87,344747
18459,0.000513,172.31.47.0-255,66,76821,87,344747
18460,0.000524,74.125.68.0-255,1484,78305,87,344747
18461,0.000542,74.125.68.0-255,5379,83684,87,344747
18462,0.000544,172.31.47.0-255,66,83750,87,344747
18463,0.000551,74.125.68.0-255,7156,90906,87,344747
18464,0.000553,172.31.47.0-255,66,90972,87,344747
18465,0.000573,74.125.68.0-255,1484,92456,87,344747
18466,0.000597,172.31.47.0-255,66,92522,87,344747
18467,0.000657,74.125.68.0-255,1484,94006,87,344747
18468,0.000668,74.125.68.0-255,2902,96908,87,344747
18469,0.00067,172.31.47.0-255,66,96974,87,344747
18470,0.000688,74.125.68.0-255,4320,101294,87,344747
18471,0.000691,172.31.47.0-255,66,101360,87,344747
18472,0.000725,74.125.68.0-255,4320,105680,87,344747
18473,0.000727,172.31.47.0-255,66,105746,87,344747
18474,0.000747,74.125.68.0-255,3648,109394,87,344747
18475,0.00075,172.31.47.0-255,66,109460,87,344747
18476,0.000935,74.125.68.0-255,1484,110944,87,344747
18477,0.00094,74.125.68.0-255,2902,113846,87,344747
18478,0.000944,172.31.47.0-255,66,113912,87,344747
18479,0.000964,74.125.68.0-255,5738,119650,87,344747
18480,0.000967,172.31.47.0-255,66,119716,87,344747
18481,0.000971,74.125.68.0-255,1484,121200,87,344747
18482,0.000988,74.125.68.0-255,2902,124102,87,344747
18483,0.00099,172.31.47.0-255,66,124168,87,344747
18484,0.000996,74.125.68.0-255,5738,129906,87,344747
18485,0.000997,172.31.47.0-255,66,129972,87,344747
18486,0.001023,74.125.68.0-255,2902,132874,87,344747
18487,0.001026,172.31.47.0-255,66,132940,87,344747
18488,0.001052,74.125.68.0-255,2184,135124,87,344747
18489,0.001053,172.31.47.0-255,66,135190,87,344747
18490,0.001056,172.31.47.0-255,66,135256,87,344747
18491,0.001136,74.125.68.0-255,1484,136740,87,344747
18492,0.00114,74.125.68.0-255,1484,138224,87,344747
18493,0.001143,172.31.47.0-255,66,138290,87,344747
18494,0.001161,74.125.68.0-255,1484,139774,87,344747
18495,0.001166,74.125.68.0-255,5738,145512,87,344747
18496,0.001168,172.31.47.0-255,66,145578,87,344747
18497,0.001208,172.31.47.0-255,66,145644,87,344747
18498,0.001212,74.125.68.0-255,4320,149964,87,344747
18499,0.001214,172.31.47.0-255,66,150030,87,344747
18500,0.00123,74.125.68.0-255,7156,157186,87,344747
18501,0.001233,172.31.47.0-255,66,157252,87,344747
18502,0.001237,74.125.68.0-255,1152,158404,87,344747
18503,0.001295,74.125.68.0-255,1484,159888,87,344747
18504,0.001298,172.31.47.0-255,66,159954,87,344747
18505,0.001315,74.125.68.0-255,2902,162856,87,344747
18506,0.001318,172.31.47.0-255,66,162922,87,344747
18507,0.001343,74.125.68.0-255,5738,168660,87,344747
18508,0.001346,172.31.47.0-255,66,168726,87,344747
18509,0.00137,74.125.68.0-255,7156,175882,87,344747
18510,0.001373,172.31.47.0-255,66,175948,87,344747
18511,0.001392,74.125.68.0-255,4320,180268,87,344747
18512,0.001395,172.31.47.0-255,66,180334,87,344747
18513,0.001422,172.31.47.0-255,66,180400,87,344747
18514,0.001438,74.125.68.0-255,3602,184002,87,344747
18515,0.001441,172.31.47.0-255,66,184068,87,344747
18516,0.00151,74.125.68.0-255,1484,185552,87,344747
18517,0.001523,74.125.68.0-255,1484,187036,87,344747
18518,0.001527,172.31.47.0-255,66,187102,87,344747
18519,0.00154,74.125.68.0-255,1484,188586,87,344747
18520,0.001544,74.125.68.0-255,2902,191488,87,344747
18521,0.001546,172.31.47.0-255,66,191554,87,344747
18522,0.001551,74.125.68.0-255,4320,195874,87,344747
18523,0.001553,172.31.47.0-255,66,195940,87,344747
18524,0.001568,74.125.68.0-255,1484,197424,87,344747
18525,0.001588,74.125.68.0-255,7156,204580,87,344747
18526,0.001591,172.31.47.0-255,66,204646,87,344747
18527,0.001596,74.125.68.0-255,5738,210384,87,344747
18528,0.001598,172.31.47.0-255,66,210450,87,344747
18529,0.001649,74.125.68.0-255,7156,217606,87,344747
18530,0.001653,172.31.47.0-255,66,217672,87,344747
18531,0.001656,74.125.68.0-255,766,218438,87,344747
18532,0.001658,74.125.68.0-255,1484,219922,87,344747
18533,0.00166,172.31.47.0-255,66,219988,87,344747
18534,0.001679,74.125.68.0-255,4320,224308,87,344747
18535,0.001681,172.31.47.0-255,66,224374,87,344747
18536,0.001684,74.125.68.0-255,2902,227276,87,344747
18537,0.001686,172.31.47.0-255,66,227342,87,344747
18538,0.001712,74.125.68.0-255,4320,231662,87,344747
18539,0.001714,172.31.47.0-255,66,231728,87,344747
18540,0.001716,74.125.68.0-255,1484,233212,87,344747
18541,0.001736,74.125.68.0-255,7156,240368,87,344747
18542,0.001738,172.31.47.0-255,66,240434,87,344747
18543,0.001759,74.125.68.0-255,5738,246172,87,344747
18544,0.001762,172.31.47.0-255,66,246238,87,344747
18545,0.001767,74.125.68.0-255,6438,252676,87,344747
18546,0.001769,172.31.47.0-255,66,252742,87,344747
18547,0.001883,74.125.68.0-255,1484,254226,87,344747
18548,0.001887,74.125.68.0-255,1484,255710,87,344747
18549,0.001889,172.31.47.0-255,66,255776,87,344747
18550,0.0019,74.125.68.0-255,1484,257260,87,344747
18551,0.001902,74.125.68.0-255,1484,258744,87,344747
18552,0.001904,172.31.47.0-255,66,258810,87,344747
18553,0.001919,74.125.68.0-255,4320,263130,87,344747
18554,0.001921,172.31.47.0-255,66,263196,87,344747
18555,0.001939,74.125.68.0-255,1484,264680,87,344747
18556,0.001973,172.31.47.0-255,66,264746,87,344747
18557,0.001998,74.125.68.0-255,2902,267648,87,344747
18558,0.002,172.31.47.0-255,66,267714,87,344747
18559,0.002026,172.31.47.0-255,66,267780,87,344747
18560,0.002052,74.125.68.0-255,1484,269264,87,344747
18561,0.002056,74.125.68.0-255,1484,270748,87,344747
18562,0.002059,172.31.47.0-255,66,270814,87,344747
18563,0.002071,74.125.68.0-255,1484,272298,87,344747
18564,0.002077,74.125.68.0-255,4320,276618,87,344747
18565,0.002079,172.31.47.0-255,66,276684,87,344747
18566,0.002101,74.125.68.0-255,1484,278168,87,344747
18567,0.002106,74.125.68.0-255,4320,282488,87,344747
18568,0.002109,172.31.47.0-255,66,282554,87,344747
18569,0.002115,74.125.68.0-255,5738,288292,87,344747
18570,0.002117,172.31.47.0-255,66,288358,87,344747
18571,0.002138,74.125.68.0-255,4320,292678,87,344747
18572,0.002142,172.31.47.0-255,66,292744,87,344747
18573,0.002167,74.125.68.0-255,7156,299900,87,344747
18574,0.00217,172.31.47.0-255,66,299966,87,344747
18575,0.002174,74.125.68.0-255,2184,302150,87,344747
18576,0.002176,172.31.47.0-255,66,302216,87,344747
18577,0.002201,74.125.68.0-255,1484,303700,87,344747
18578,0.002224,172.31.47.0-255,66,303766,87,344747
18579,0.002259,172.31.47.0-255,66,303832,87,344747
18580,0.002274,74.125.68.0-255,5738,309570,87,344747
18581,0.002276,172.31.47.0-255,66,309636,87,344747
18582,0.002281,74.125.68.0-255,3602,313238,87,344747
18583,0.002283,172.31.47.0-255,66,313304,87,344747
18584,0.002287,74.125.68.0-255,2902,316206,87,344747
18585,0.002289,172.31.47.0-255,66,316272,87,344747
18586,0.002306,74.125.68.0-255,2902,319174,87,344747
18587,0.002309,172.31.47.0-255,66,319240,87,344747
18588,0.004544,74.125.68.0-255,2902,322142,87,344747
18589,0.004548,172.31.47.0-255,66,322208,87,344747
18590,0.004566,74.125.68.0-255,2902,325110,87,344747
18591,0.004568,172.31.47.0-255,66,325176,87,344747
18592,0.006807,74.125.68.0-255,2902,328078,87,344747
18593,0.006813,172.31.47.0-255,66,328144,87,344747
18594,0.006822,74.125.68.0-255,2902,331046,87,344747
18595,0.006825,172.31.47.0-255,66,331112,87,344747
18596,0.009082,74.125.68.0-255,2902,334014,87,344747
18597,0.009088,172.31.47.0-255,66,334080,87,344747
18598,0.009107,74.125.68.0-255,2902,336982,87,344747
18599,0.009109,172.31.47.0-255,66,337048,87,344747
18600,0.011393,74.125.68.0-255,3005,340053,87,344747
18601,0.0114,172.31.47.0-255,66,340119,87,344747
18602,0.013449,172.31.47.0-255,105,340224,87,344747
18603,0.015675,74.125.68.0-255,66,340290,87,344747
18604,0.026786,172.31.47.0-255,167,340457,87,344747
18605,0.026812,172.31.47.0-255,1111,341568,87,344747
18606,0.026847,172.31.47.0-255,1514,343082,87,344747
18607,0.026848,172.31.47.0-255,1293,344375,87,344747
18608,0.028327,104.244.42.0-255,66,344441,87,344747
18609,0.028333,104.244.42.0-255,66,344507,87,344747
18610,0.028388,104.244.42.0-255,66,344573,87,344747
18611,0.029088,104.244.42.0-255,108,344681,87,344747
18612,0.029097,172.31.47.0-255,66,344747,87,344747
18613,0.0,74.125.24.0-255,297,297,87,265700
18614,2.6e-05,172.31.47.0-255,66,363,87,265700
18615,3.3e-05,74.125.24.0-255,1484,1847,87,265700
18616,3.7e-05,172.31.47.0-255,66,1913,87,265700
18617,4.3e-05,74.125.24.0-255,4320,6233,87,265700
18618,4.6e-05,172.31.47.0-255,66,6299,87,265700
18619,4.9e-05,74.125.24.0-255,1484,7783,87,265700
18620,5.1e-05,172.31.47.0-255,66,7849,87,265700
18621,8.1e-05,172.31.47.0-255,66,7915,87,265700
18622,9.8e-05,74.125.24.0-255,7156,15071,87,265700
18623,0.000101,172.31.47.0-255,66,15137,87,265700
18624,0.000116,74.125.24.0-255,4320,19457,87,265700
18625,0.000119,172.31.47.0-255,66,19523,87,265700
18626,0.000132,74.125.24.0-255,1125,20648,87,265700
18627,0.000135,172.31.47.0-255,66,20714,87,265700
18628,0.000246,74.125.24.0-255,1484,22198,87,265700
18629,0.00025,172.31.47.0-255,66,22264,87,265700
18630,0.000254,74.125.24.0-255,2902,25166,87,265700
18631,0.000257,172.31.47.0-255,66,25232,87,265700
18632,0.00028,74.125.24.0-255,5738,30970,87,265700
18633,0.000284,172.31.47.0-255,66,31036,87,265700
18634,0.000291,74.125.24.0-255,7156,38192,87,265700
18635,0.000295,172.31.47.0-255,66,38258,87,265700
18636,0.000304,74.125.24.0-255,1484,39742,87,265700
18637,0.000307,172.31.47.0-255,66,39808,87,265700
18638,0.000312,74.125.24.0-255,4320,44128,87,265700
18639,0.000315,172.31.47.0-255,66,44194,87,265700
18640,0.000343,74.125.24.0-255,5738,49932,87,265700
18641,0.000346,172.31.47.0-255,66,49998,87,265700
18642,0.000352,74.125.24.0-255,5020,55018,87,265700
18643,0.000355,172.31.47.0-255,66,55084,87,265700
18644,0.000372,74.125.24.0-255,427,55511,87,265700
18645,0.000477,74.125.24.0-255,1484,56995,87,265700
18646,0.000481,172.31.47.0-255,66,57061,87,265700
18647,0.000485,74.125.24.0-255,1484,58545,87,265700
18648,0.000499,74.125.24.0-255,1484,60029,87,265700
18649,0.000501,172.31.47.0-255,66,60095,87,265700
18650,0.000506,74.125.24.0-255,2902,62997,87,265700
18651,0.000508,172.31.47.0-255,66,63063,87,265700
18652,0.00052,74.125.24.0-255,2902,65965,87,265700
18653,0.000523,172.31.47.0-255,66,66031,87,265700
18654,0.000535,74.125.24.0-255,2902,68933,87,265700
18655,0.000537,172.31.47.0-255,66,68999,87,265700
18656,0.000565,172.31.47.0-255,66,69065,87,265700
18657,0.00057,74.125.24.0-255,4320,73385,87,265700
18658,0.000572,172.31.47.0-255,66,73451,87,265700
18659,0.000607,74.125.24.0-255,2902,76353,87,265700
18660,0.00061,172.31.47.0-255,66,76419,87,265700
18661,0.000629,74.125.24.0-255,3602,80021,87,265700
18662,0.000632,172.31.47.0-255,66,80087,87,265700
18663,0.000664,74.125.24.0-255,347,80434,87,265700
18664,0.000943,74.125.24.0-255,1484,81918,87,265700
18665,0.000947,172.31.47.0-255,66,81984,87,265700
18666,0.000951,74.125.24.0-255,2902,84886,87,265700
18667,0.000953,172.31.47.0-255,66,84952,87,265700
18668,0.000968,74.125.24.0-255,5738,90690,87,265700
18669,0.00097,172.31.47.0-255,66,90756,87,265700
18670,0.001003,172.31.47.0-255,66,90822,87,265700
18671,0.001025,74.125.24.0-255,7156,97978,87,265700
18672,0.001027,172.31.47.0-255,66,98044,87,265700
18673,0.00107,74.125.24.0-255,3602,101646,87,265700
18674,0.001073,172.31.47.0-255,66,101712,87,265700
18675,0.001668,74.125.24.0-255,1484,103196,87,265700
18676,0.001677,74.125.24.0-255,2902,106098,87,265700
18677,0.001681,172.31.47.0-255,66,106164,87,265700
18678,0.001705,74.125.24.0-255,5738,111902,87,265700
18679,0.001708,172.31.47.0-255,66,111968,87,265700
18680,0.001724,74.125.24.0-255,4320,116288,87,265700
18681,0.001726,172.31.47.0-255,66,116354,87,265700
18682,0.00177,172.31.47.0-255,66,116420,87,265700
18683,0.001777,74.125.24.0-255,7156,123576,87,265700
18684,0.001778,172.31.47.0-255,66,123642,87,265700
18685,0.0018,74.125.24.0-255,3602,127244,87,265700
18686,0.001802,172.31.47.0-255,66,127310,87,265700
18687,0.002088,74.125.24.0-255,1484,128794,87,265700
18688,0.002096,74.125.24.0-255,2902,131696,87,265700
18689,0.0021,172.31.47.0-255,66,131762,87,265700
18690,0.002107,74.125.24.0-255,5738,137500,87,265700
18691,0.002109,172.31.47.0-255,66,137566,87,265700
18692,0.002131,74.125.24.0-255,2902,140468,87,265700
18693,0.002134,172.31.47.0-255,66,140534,87,265700
18694,0.002165,172.31.47.0-255,66,140600,87,265700
18695,0.002172,74.125.24.0-255,5738,146338,87,265700
18696,0.002173,172.31.47.0-255,66,146404,87,265700
18697,0.002216,172.31.47.0-255,66,146470,87,265700
18698,0.002237,74.125.24.0-255,6438,152908,87,265700
18699,0.002239,172.31.47.0-255,66,152974,87,265700
18700,0.002243,74.125.24.0-255,2902,155876,87,265700
18701,0.002247,172.31.47.0-255,66,155942,87,265700
18702,0.002272,172.31.47.0-255,66,156008,87,265700
18703,0.002304,74.125.24.0-255,2902,158910,87,265700
18704,0.002306,172.31.47.0-255,66,158976,87,265700
18705,0.002327,172.31.47.0-255,66,159042,87,265700
18706,0.00236,172.31.47.0-255,66,159108,87,265700
18707,0.002376,74.125.24.0-255,1484,160592,87,265700
18708,0.002382,74.125.24.0-255,5738,166330,87,265700
18709,0.002384,172.31.47.0-255,66,166396,87,265700
18710,0.002409,74.125.24.0-255,1484,167880,87,265700
18711,0.002434,172.31.47.0-255,66,167946,87,265700
18712,0.002436,74.125.24.0-255,1484,169430,87,265700
18713,0.002464,172.31.47.0-255,66,169496,87,265700
18714,0.00247,74.125.24.0-255,5738,175234,87,265700
18715,0.002472,172.31.47.0-255,66,175300,87,265700
18716,0.00251,74.125.24.0-255,2902,178202,87,265700
18717,0.002512,172.31.47.0-255,66,178268,87,265700
18718,0.002542,172.31.47.0-255,66,178334,87,265700
18719,0.002582,74.125.24.0-255,4320,182654,87,265700
18720,0.002584,172.31.47.0-255,66,182720,87,265700
18721,0.002606,172.31.47.0-255,66,182786,87,265700
18722,0.002617,172.31.47.0-255,66,182852,87,265700
18723,0.002625,172.31.47.0-255,66,182918,87,265700
18724,0.005216,74.125.24.0-255,4320,187238,87,265700
18725,0.005218,172.31.47.0-255,66,187304,87,265700
18726,0.005235,74.125.24.0-255,1484,188788,87,265700
18727,0.007825,74.125.24.0-255,4320,193108,87,265700
18728,0.007831,172.31.47.0-255,66,193174,87,265700
18729,0.010361,74.125.24.0-255,5738,198912,87,265700
18730,0.010367,172.31.47.0-255,66,198978,87,265700
18731,0.01294,74.125.24.0-255,5738,204716,87,265700
18732,0.012948,172.31.47.0-255,66,204782,87,265700
18733,0.015493,74.125.24.0-255,5738,210520,87,265700
18734,0.015503,172.31.47.0-255,66,210586,87,265700
18735,0.018074,74.125.24.0-255,5738,216324,87,265700
18736,0.018083,172.31.47.0-255,66,216390,87,265700
18737,0.02066,74.125.24.0-255,5738,222128,87,265700
18738,0.020667,172.31.47.0-255,66,222194,87,265700
18739,0.023225,74.125.24.0-255,5738,227932,87,265700
18740,0.023231,172.31.47.0-255,66,227998,87,265700
18741,0.025774,74.125.24.0-255,5738,233736,87,265700
18742,0.02578,172.31.47.0-255,66,233802,87,265700
18743,0.027224,172.31.47.0-255,172,233974,87,265700
18744,0.027249,172.31.47.0-255,1112,235086,87,265700
18745,0.027278,172.31.47.0-255,1514,236600,87,265700
18746,0.027279,172.31.47.0-255,1292,237892,87,265700
18747,0.02831,74.125.24.0-255,5738,243630,87,265700
18748,0.028315,172.31.47.0-255,66,243696,87,265700
18749,0.028761,104.244.42.0-255,66,243762,87,265700
18750,0.028812,104.244.42.0-255,66,243828,87,265700
18751,0.028864,104.244.42.0-255,66,243894,87,265700
18752,0.030895,74.125.24.0-255,5738,249632,87,265700
18753,0.030901,172.31.47.0-255,66,249698,87,265700
18754,0.033428,74.125.24.0-255,5738,255436,87,265700
18755,0.033434,172.31.47.0-255,66,255502,87,265700
18756,0.036013,74.125.24.0-255,5738,261240,87,265700
18757,0.036018,172.31.47.0-255,66,261306,87,265700
18758,0.038564,74.125.24.0-255,4157,265463,87,265700
18759,0.038569,172.31.47.0-255,66,265529,87,265700
18760,0.038737,172.31.47.0-255,105,265634,87,265700
18761,0.041236,74.125.24.0-255,66,265700,87,265700
18762,0.0,172.217.194.0-255,153,153,87,310000
18763,2.1e-05,172.31.47.0-255,66,219,87,310000
18764,2.7e-05,172.217.194.0-255,1484,1703,87,310000
18765,3.1e-05,172.31.47.0-255,66,1769,87,310000
18766,3.5e-05,172.217.194.0-255,2902,4671,87,310000
18767,3.7e-05,172.31.47.0-255,66,4737,87,310000
18768,6.5e-05,172.217.194.0-255,7156,11893,87,310000
18769,6.8e-05,172.31.47.0-255,66,11959,87,310000
18770,7.2e-05,172.217.194.0-255,3410,15369,87,310000
18771,7.4e-05,172.31.47.0-255,66,15435,87,310000
18772,9.8e-05,172.217.194.0-255,1484,16919,87,310000
18773,0.0001,172.31.47.0-255,66,16985,87,310000
18774,0.00013,172.217.194.0-255,5738,22723,87,310000
18775,0.000133,172.31.47.0-255,66,22789,87,310000
18776,0.000153,172.217.194.0-255,5738,28527,87,310000
18777,0.000156,172.31.47.0-255,66,28593,87,310000
18778,0.000159,172.217.194.0-255,2543,31136,87,310000
18779,0.000161,172.31.47.0-255,66,31202,87,310000
18780,0.000183,172.217.194.0-255,1484,32686,87,310000
18781,0.000186,172.31.47.0-255,66,32752,87,310000
18782,0.00019,172.217.194.0-255,2902,35654,87,310000
18783,0.000192,172.31.47.0-255,66,35720,87,310000
18784,0.000197,172.217.194.0-255,4320,40040,87,310000
18785,0.000199,172.31.47.0-255,66,40106,87,310000
18786,0.000219,172.217.194.0-255,1484,41590,87,310000
18787,0.000221,172.31.47.0-255,66,41656,87,310000
18788,0.000227,172.217.194.0-255,4320,45976,87,310000
18789,0.000229,172.31.47.0-255,66,46042,87,310000
18790,0.000251,172.31.47.0-255,66,46108,87,310000
18791,0.000265,172.217.194.0-255,1125,47233,87,310000
18792,0.000267,172.31.47.0-255,66,47299,87,310000
18793,0.000275,172.217.194.0-255,7156,54455,87,310000
18794,0.000277,172.31.47.0-255,66,54521,87,310000
18795,0.000298,172.217.194.0-255,2801,57322,87,310000
18796,0.0003,172.31.47.0-255,66,57388,87,310000
18797,0.000302,172.217.194.0-255,430,57818,87,310000
18798,0.000559,172.217.194.0-255,1484,59302,87,310000
18799,0.000563,172.31.47.0-255,66,59368,87,310000
18800,0.000568,172.217.194.0-255,2902,62270,87,310000
18801,0.000571,172.31.47.0-255,66,62336,87,310000
18802,0.000588,172.217.194.0-255,5738,68074,87,310000
18803,0.00059,172.31.47.0-255,66,68140,87,310000
18804,0.000601,172.217.194.0-255,1484,69624,87,310000
18805,0.000611,172.217.194.0-255,1484,71108,87,310000
18806,0.000613,172.31.47.0-255,66,71174,87,310000
18807,0.000628,172.217.194.0-255,5738,76912,87,310000
18808,0.00063,172.31.47.0-255,66,76978,87,310000
18809,0.000659,172.217.194.0-255,4320,81298,87,310000
18810,0.000662,172.31.47.0-255,66,81364,87,310000
18811,0.000673,172.31.47.0-255,66,81430,87,310000
18812,0.001602,172.217.194.0-255,1484,82914,87,310000
18813,0.001612,172.217.194.0-255,2902,85816,87,310000
18814,0.001616,172.31.47.0-255,66,85882,87,310000
18815,0.001623,172.217.194.0-255,5738,91620,87,310000
18816,0.001624,172.31.47.0-255,66,91686,87,310000
18817,0.001627,172.217.194.0-255,1484,93170,87,310000
18818,0.00165,172.217.194.0-255,4320,97490,87,310000
18819,0.001652,172.31.47.0-255,66,97556,87,310000
18820,0.001658,172.217.194.0-255,7156,104712,87,310000
18821,0.00166,172.31.47.0-255,66,104778,87,310000
18822,0.001676,172.217.194.0-255,5738,110516,87,310000
18823,0.001678,172.31.47.0-255,66,110582,87,310000
18824,0.00169,172.217.194.0-255,2902,113484,87,310000
18825,0.001692,172.31.47.0-255,66,113550,87,310000
18826,0.001706,172.217.194.0-255,2184,115734,87,310000
18827,0.001708,172.31.47.0-255,66,115800,87,310000
18828,0.001794,172.217.194.0-255,1484,117284,87,310000
18829,0.001798,172.217.194.0-255,2902,120186,87,310000
18830,0.001801,172.31.47.0-255,66,120252,87,310000
18831,0.001804,172.217.194.0-255,1484,121736,87,310000
18832,0.001816,172.217.194.0-255,4320,126056,87,310000
18833,0.001818,172.31.47.0-255,66,126122,87,310000
18834,0.001848,172.31.47.0-255,66,126188,87,310000
18835,0.001868,172.217.194.0-255,4320,130508,87,310000
18836,0.00187,172.31.47.0-255,66,130574,87,310000
18837,0.001903,172.217.194.0-255,4320,134894,87,310000
18838,0.001906,172.31.47.0-255,66,134960,87,310000
18839,0.001919,172.217.194.0-255,6438,141398,87,310000
18840,0.001921,172.31.47.0-255,66,141464,87,310000
18841,0.001943,172.217.194.0-255,1484,142948,87,310000
18842,0.001947,172.217.194.0-255,2902,145850,87,310000
18843,0.001949,172.31.47.0-255,66,145916,87,310000
18844,0.001971,172.217.194.0-255,5738,151654,87,310000
18845,0.001974,172.31.47.0-255,66,151720,87,310000
18846,0.001987,172.217.194.0-255,4320,156040,87,310000
18847,0.001989,172.31.47.0-255,66,156106,87,310000
18848,0.002022,172.31.47.0-255,66,156172,87,310000
18849,0.002052,172.31.47.0-255,66,156238,87,310000
18850,0.002107,172.31.47.0-255,66,156304,87,310000
18851,0.002113,172.217.194.0-255,7156,163460,87,310000
18852,0.002115,172.31.47.0-255,66,163526,87,310000
18853,0.002127,172.217.194.0-255,4320,167846,87,310000
18854,0.002129,172.31.47.0-255,66,167912,87,310000
18855,0.002149,172.217.194.0-255,4320,172232,87,310000
18856,0.002151,172.31.47.0-255,66,172298,87,310000
18857,0.002177,172.31.47.0-255,66,172364,87,310000
18858,0.00218,172.217.194.0-255,2902,175266,87,310000
18859,0.002183,172.31.47.0-255,66,175332,87,310000
18860,0.002205,172.31.47.0-255,66,175398,87,310000
18861,0.002213,172.217.194.0-255,4320,179718,87,310000
18862,0.002215,172.31.47.0-255,66,179784,87,310000
18863,0.002239,172.31.47.0-255,66,179850,87,310000
18864,0.002269,172.217.194.0-255,5738,185588,87,310000
18865,0.002272,172.31.47.0-255,66,185654,87,310000
18866,0.002294,172.217.194.0-255,5738,191392,87,310000
18867,0.002297,172.31.47.0-255,66,191458,87,310000
18868,0.002324,172.31.47.0-255,66,191524,87,310000
18869,0.002358,172.31.47.0-255,66,191590,87,310000
18870,0.00238,172.217.194.0-255,5020,196610,87,310000
18871,0.002383,172.217.194.0-255,4320,200930,87,310000
18872,0.002387,172.31.47.0-255,66,200996,87,310000
18873,0.002393,172.31.47.0-255,66,201062,87,310000
18874,0.004644,172.217.194.0-255,1484,202546,87,310000
18875,0.004665,172.217.194.0-255,4320,206866,87,310000
18876,0.004669,172.31.47.0-255,66,206932,87,310000
18877,0.006972,172.217.194.0-255,4320,211252,87,310000
18878,0.006978,172.31.47.0-255,66,211318,87,310000
18879,0.007,172.217.194.0-255,1484,212802,87,310000
18880,0.009289,172.217.194.0-255,4320,217122,87,310000
18881,0.009301,172.31.47.0-255,66,217188,87,310000
18882,0.011614,172.217.194.0-255,5738,222926,87,310000
18883,0.011621,172.31.47.0-255,66,222992,87,310000
18884,0.013887,172.217.194.0-255,5738,228730,87,310000
18885,0.013894,172.31.47.0-255,66,228796,87,310000
18886,0.016179,172.217.194.0-255,5738,234534,87,310000
18887,0.016186,172.31.47.0-255,66,234600,87,310000
18888,0.018484,172.217.194.0-255,5738,240338,87,310000
18889,0.018493,172.31.47.0-255,66,240404,87,310000
18890,0.020787,172.217.194.0-255,4320,244724,87,310000
18891,0.020794,172.31.47.0-255,66,244790,87,310000
18892,0.020814,172.217.194.0-255,1484,246274,87,310000
18893,0.022624,172.31.47.0-255,171,246445,87,310000
18894,0.02267,172.31.47.0-255,1136,247581,87,310000
18895,0.022744,172.31.47.0-255,1514,249095,87,310000
18896,0.022746,172.31.47.0-255,1268,250363,87,310000
18897,0.023103,172.217.194.0-255,4320,254683,87,310000
18898,0.023109,172.31.47.0-255,66,254749,87,310000
18899,0.024166,104.244.42.0-255,66,254815,87,310000
18900,0.024196,104.244.42.0-255,66,254881,87,310000
18901,0.02427,104.244.42.0-255,66,254947,87,310000
18902,0.025381,172.217.194.0-255,2902,257849,87,310000
18903,0.025385,172.31.47.0-255,66,257915,87,310000
18904,0.02541,172.217.194.0-255,2902,260817,87,310000
18905,0.025412,172.31.47.0-255,66,260883,87,310000
18906,0.027647,172.217.194.0-255,2902,263785,87,310000
18907,0.027652,172.31.47.0-255,66,263851,87,310000
18908,0.027686,172.217.194.0-255,2902,266753,87,310000
18909,0.027689,172.31.47.0-255,66,266819,87,310000
18910,0.02991,172.217.194.0-255,1484,268303,87,310000
18911,0.029934,172.217.194.0-255,1484,269787,87,310000
18912,0.029938,172.31.47.0-255,66,269853,87,310000
18913,0.029971,172.217.194.0-255,2902,272755,87,310000
18914,0.029974,172.31.47.0-255,66,272821,87,310000
18915,0.032202,172.217.194.0-255,2902,275723,87,310000
18916,0.032206,172.31.47.0-255,66,275789,87,310000
18917,0.032237,172.217.194.0-255,2902,278691,87,310000
18918,0.03224,172.31.47.0-255,66,278757,87,310000
18919,0.03454,172.217.194.0-255,1484,280241,87,310000
18920,0.03459,172.217.194.0-255,1484,281725,87,310000
18921,0.034595,172.31.47.0-255,66,281791,87,310000
18922,0.034613,172.217.194.0-255,2902,284693,87,310000
18923,0.034616,172.31.47.0-255,66,284759,87,310000
18924,0.036867,172.217.194.0-255,2902,287661,87,310000
18925,0.036875,172.31.47.0-255,66,287727,87,310000
18926,0.036906,172.217.194.0-255,2902,290629,87,310000
18927,0.036909,172.31.47.0-255,66,290695,87,310000
18928,0.039167,172.217.194.0-255,4320,295015,87,310000
18929,0.039171,172.31.47.0-255,66,295081,87,310000
18930,0.039199,172.217.194.0-255,1484,296565,87,310000
18931,0.041418,172.217.194.0-255,2902,299467,87,310000
18932,0.041423,172.31.47.0-255,66,299533,87,310000
18933,0.041445,172.217.194.0-255,1484,301017,87,310000
18934,0.043698,172.217.194.0-255,4320,305337,87,310000
18935,0.043702,172.31.47.0-255,66,305403,87,310000
18936,0.045978,172.217.194.0-255,4360,309763,87,310000
18937,0.045982,172.31.47.0-255,66,309829,87,310000
18938,0.046155,172.31.47.0-255,105,309934,87,310000
18939,0.048399,172.217.194.0-255,66,310000,87,310000
18940,0.0,74.125.24.0-255,153,153,87,253123
18941,2.6e-05,172.31.47.0-255,66,219,87,253123
18942,3.3e-05,74.125.24.0-255,1484,1703,87,253123
18943,3.7e-05,172.31.47.0-255,66,1769,87,253123
18944,4e-05,74.125.24.0-255,1484,3253,87,253123
18945,4.3e-05,172.31.47.0-255,66,3319,87,253123
18946,7.5e-05,74.125.24.0-255,1484,4803,87,253123
18947,7.8e-05,172.31.47.0-255,66,4869,87,253123
18948,8.3e-05,74.125.24.0-255,2902,7771,87,253123
18949,8.5e-05,172.31.47.0-255,66,7837,87,253123
18950,9.9e-05,172.31.47.0-255,66,7903,87,253123
18951,0.000102,74.125.24.0-255,2902,10805,87,253123
18952,0.000105,172.31.47.0-255,66,10871,87,253123
18953,0.000131,74.125.24.0-255,2902,13773,87,253123
18954,0.000134,172.31.47.0-255,66,13839,87,253123
18955,0.000159,172.31.47.0-255,66,13905,87,253123
18956,0.000197,74.125.24.0-255,1484,15389,87,253123
18957,0.000199,172.31.47.0-255,66,15455,87,253123
18958,0.000225,74.125.24.0-255,2902,18357,87,253123
18959,0.000228,172.31.47.0-255,66,18423,87,253123
18960,0.000247,74.125.24.0-255,2902,21325,87,253123
18961,0.000249,172.31.47.0-255,66,21391,87,253123
18962,0.000271,74.125.24.0-255,2902,24293,87,253123
18963,0.000274,172.31.47.0-255,66,24359,87,253123
18964,0.000278,74.125.24.0-255,2902,27261,87,253123
18965,0.00028,172.31.47.0-255,66,27327,87,253123
18966,0.000338,74.125.24.0-255,3961,31288,87,253123
18967,0.000342,172.31.47.0-255,66,31354,87,253123
18968,0.00085,74.125.24.0-255,1484,32838,87,253123
18969,0.000856,172.31.47.0-255,66,32904,87,253123
18970,0.000865,74.125.24.0-255,2902,35806,87,253123
18971,0.000903,74.125.24.0-255,5738,41544,87,253123
18972,0.000921,74.125.24.0-255,1484,43028,87,253123
18973,0.000972,74.125.24.0-255,1484,44512,87,253123
18974,0.000992,74.125.24.0-255,3961,48473,87,253123
18975,0.001054,74.125.24.0-255,1484,49957,87,253123
18976,0.00107,74.125.24.0-255,2902,52859,87,253123
18977,0.001088,74.125.24.0-255,4320,57179,87,253123
18978,0.001104,74.125.24.0-255,1484,58663,87,253123
18979,0.001151,74.125.24.0-255,5738,64401,87,253123
18980,0.001171,74.125.24.0-255,2543,66944,87,253123
18981,0.001187,74.125.24.0-255,6797,73741,87,253123
18982,0.002233,74.125.24.0-255,1484,75225,87,253123
18983,0.002239,74.125.24.0-255,1484,76709,87,253123
18984,0.002253,74.125.24.0-255,1484,78193,87,253123
18985,0.002257,74.125.24.0-255,2902,81095,87,253123
18986,0.002268,74.125.24.0-255,2902,83997,87,253123
18987,0.002286,74.125.24.0-255,2902,86899,87,253123
18988,0.0023,74.125.24.0-255,7156,94055,87,253123
18989,0.002313,74.125.24.0-255,1484,95539,87,253123
18990,0.002339,74.125.24.0-255,2184,97723,87,253123
18991,0.002941,74.125.24.0-255,1484,99207,87,253123
18992,0.002953,74.125.24.0-255,1484,100691,87,253123
18993,0.002967,74.125.24.0-255,1484,102175,87,253123
18994,0.002973,74.125.24.0-255,4320,106495,87,253123
18995,0.002986,74.125.24.0-255,1484,107979,87,253123
18996,0.003001,74.125.24.0-255,4320,112299,87,253123
18997,0.003014,74.125.24.0-255,5738,118037,87,253123
18998,0.003028,74.125.24.0-255,2902,120939,87,253123
18999,0.003035,74.125.24.0-255,7156,128095,87,253123
19000,0.003047,74.125.24.0-255,1484,129579,87,253123
19001,0.003063,74.125.24.0-255,2902,132481,87,253123
19002,0.003081,74.125.24.0-255,6438,138919,87,253123
19003,0.0031,74.125.24.0-255,7156,146075,87,253123
19004,0.00311,74.125.24.0-255,2902,148977,87,253123
19005,0.003123,74.125.24.0-255,4320,153297,87,253123
19006,0.003141,74.125.24.0-255,2902,156199,87,253123
19007,0.003143,74.125.24.0-255,1484,157683,87,253123
19008,0.003168,74.125.24.0-255,1484,159167,87,253123
19009,0.003187,74.125.24.0-255,6438,165605,87,253123
19010,0.003228,74.125.24.0-255,1484,167089,87,253123
19011,0.003233,74.125.24.0-255,2902,169991,87,253123
19012,0.003254,74.125.24.0-255,5738,175729,87,253123
19013,0.003267,74.125.24.0-255,2902,178631,87,253123
19014,0.003283,74.125.24.0-255,4320,182951,87,253123
19015,0.003305,74.125.24.0-255,4320,187271,87,253123
19016,0.003335,74.125.24.0-255,2184,189455,87,253123
19017,0.003386,74.125.24.0-255,5738,195193,87,253123
19018,0.003393,74.125.24.0-255,5738,200931,87,253123
19019,0.003404,74.125.24.0-255,1484,202415,87,253123
19020,0.003427,74.125.24.0-255,2902,205317,87,253123
19021,0.003538,74.125.24.0-255,4320,209637,87,253123
19022,0.003574,74.125.24.0-255,766,210403,87,253123
19023,0.003609,74.125.24.0-255,1484,211887,87,253123
19024,0.003646,74.125.24.0-255,1484,213371,87,253123
19025,0.003696,74.125.24.0-255,7156,220527,87,253123
19026,0.003747,74.125.24.0-255,5738,226265,87,253123
19027,0.003752,74.125.24.0-255,3602,229867,87,253123
19028,0.003796,74.125.24.0-255,2902,232769,87,253123
19029,0.003836,74.125.24.0-255,2902,235671,87,253123
19030,0.003843,74.125.24.0-255,7156,242827,87,253123
19031,0.003865,74.125.24.0-255,6438,249265,87,253123
19032,0.003867,172.31.47.0-255,66,249331,87,253123
19033,0.003876,172.31.47.0-255,66,249397,87,253123
19034,0.003914,172.31.47.0-255,66,249463,87,253123
19035,0.003954,74.125.24.0-255,105,249568,87,253123
19036,0.006684,172.31.47.0-255,66,249634,87,253123
19037,0.006713,172.31.47.0-255,105,249739,87,253123
19038,0.00896,74.125.24.0-255,66,249805,87,253123
19039,0.04571,172.31.47.0-255,166,249971,87,253123
19040,0.045753,172.31.47.0-255,1135,251106,87,253123
19041,0.04583,172.31.47.0-255,1514,252620,87,253123
19042,0.045832,172.31.47.0-255,305,252925,87,253123
19043,0.047286,104.244.42.0-255,66,252991,87,253123
19044,0.047364,104.244.42.0-255,66,253057,87,253123
19045,0.047369,104.244.42.0-255,66,253123,87,253123
19046,0.0,172.217.194.0-255,153,153,87,375517
19047,2.1e-05,172.31.47.0-255,66,219,87,375517
19048,2.7e-05,172.217.194.0-255,1484,1703,87,375517
19049,3.1e-05,172.31.47.0-255,66,1769,87,375517
19050,3.7e-05,172.217.194.0-255,2902,4671,87,375517
19051,4.9e-05,172.31.47.0-255,66,4737,87,375517
19052,5.6e-05,172.217.194.0-255,7156,11893,87,375517
19053,6e-05,172.31.47.0-255,66,11959,87,375517
19054,9.1e-05,172.217.194.0-255,2023,13982,87,375517
19055,9.4e-05,172.31.47.0-255,66,14048,87,375517
19056,0.000193,172.217.194.0-255,1484,15532,87,375517
19057,0.000197,172.31.47.0-255,66,15598,87,375517
19058,0.000201,172.217.194.0-255,2902,18500,87,375517
19059,0.000204,172.31.47.0-255,66,18566,87,375517
19060,0.000209,172.217.194.0-255,4320,22886,87,375517
19061,0.000216,172.31.47.0-255,66,22952,87,375517
19062,0.00024,172.217.194.0-255,1484,24436,87,375517
19063,0.000242,172.31.47.0-255,66,24502,87,375517
19064,0.000276,172.31.47.0-255,66,24568,87,375517
19065,0.000281,172.217.194.0-255,4320,28888,87,375517
19066,0.000283,172.31.47.0-255,66,28954,87,375517
19067,0.000309,172.217.194.0-255,5738,34692,87,375517
19068,0.000311,172.31.47.0-255,66,34758,87,375517
19069,0.000316,172.217.194.0-255,3961,38719,87,375517
19070,0.000318,172.31.47.0-255,66,38785,87,375517
19071,0.000981,172.217.194.0-255,1484,40269,87,375517
19072,0.000987,172.31.47.0-255,66,40335,87,375517
19073,0.000997,172.217.194.0-255,2902,43237,87,375517
19074,0.001006,172.31.47.0-255,66,43303,87,375517
19075,0.001034,172.217.194.0-255,5738,49041,87,375517
19076,0.001036,172.31.47.0-255,66,49107,87,375517
19077,0.00104,172.217.194.0-255,1484,50591,87,375517
19078,0.001084,172.31.47.0-255,66,50657,87,375517
19079,0.001102,172.31.47.0-255,66,50723,87,375517
19080,0.001124,172.217.194.0-255,1484,52207,87,375517
19081,0.001145,172.217.194.0-255,4541,56748,87,375517
19082,0.001148,172.31.47.0-255,66,56814,87,375517
19083,0.001155,172.217.194.0-255,7156,63970,87,375517
19084,0.001157,172.31.47.0-255,66,64036,87,375517
19085,0.001186,172.217.194.0-255,6797,70833,87,375517
19086,0.001189,172.31.47.0-255,66,70899,87,375517
19087,0.001227,172.217.194.0-255,4320,75219,87,375517
19088,0.00123,172.31.47.0-255,66,75285,87,375517
19089,0.001257,172.217.194.0-255,2902,78187,87,375517
19090,0.001261,172.31.47.0-255,66,78253,87,375517
19091,0.001277,172.31.47.0-255,66,78319,87,375517
19092,0.00128,172.217.194.0-255,461,78780,87,375517
19093,0.001426,172.217.194.0-255,198,78978,87,375517
19094,0.001771,172.217.194.0-255,1484,80462,87,375517
19095,0.001777,172.31.47.0-255,66,80528,87,375517
19096,0.001785,172.217.194.0-255,2902,83430,87,375517
19097,0.001789,172.31.47.0-255,66,83496,87,375517
19098,0.001797,172.217.194.0-255,1484,84980,87,375517
19099,0.001802,172.217.194.0-255,2902,87882,87,375517
19100,0.001804,172.31.47.0-255,66,87948,87,375517
19101,0.001846,172.217.194.0-255,5738,93686,87,375517
19102,0.001849,172.31.47.0-255,66,93752,87,375517
19103,0.001856,172.217.194.0-255,1484,95236,87,375517
19104,0.001859,172.217.194.0-255,1484,96720,87,375517
19105,0.001861,172.31.47.0-255,66,96786,87,375517
19106,0.001875,172.217.194.0-255,4320,101106,87,375517
19107,0.001877,172.31.47.0-255,66,101172,87,375517
19108,0.0019,172.217.194.0-255,2902,104074,87,375517
19109,0.001903,172.31.47.0-255,66,104140,87,375517
19110,0.001913,172.217.194.0-255,4320,108460,87,375517
19111,0.001916,172.31.47.0-255,66,108526,87,375517
19112,0.001921,172.217.194.0-255,5020,113546,87,375517
19113,0.001924,172.31.47.0-255,66,113612,87,375517
19114,0.001966,172.217.194.0-255,1484,115096,87,375517
19115,0.001984,172.217.194.0-255,2902,117998,87,375517
19116,0.001987,172.31.47.0-255,66,118064,87,375517
19117,0.001993,172.217.194.0-255,5738,123802,87,375517
19118,0.001996,172.31.47.0-255,66,123868,87,375517
19119,0.002008,172.217.194.0-255,4320,128188,87,375517
19120,0.00201,172.31.47.0-255,66,128254,87,375517
19121,0.002049,172.217.194.0-255,1484,129738,87,375517
19122,0.002065,172.217.194.0-255,5738,135476,87,375517
19123,0.002068,172.31.47.0-255,66,135542,87,375517
19124,0.002095,172.217.194.0-255,4320,139862,87,375517
19125,0.002099,172.217.194.0-255,2902,142764,87,375517
19126,0.002109,172.217.194.0-255,1484,144248,87,375517
19127,0.002123,172.217.194.0-255,3602,147850,87,375517
19128,0.002163,172.217.194.0-255,2902,150752,87,375517
19129,0.002181,172.217.194.0-255,2902,153654,87,375517
19130,0.002192,172.217.194.0-255,1484,155138,87,375517
19131,0.002207,172.217.194.0-255,5738,160876,87,375517
19132,0.002229,172.217.194.0-255,2902,163778,87,375517
19133,0.002235,172.217.194.0-255,5738,169516,87,375517
19134,0.002273,172.217.194.0-255,4320,173836,87,375517
19135,0.003951,172.31.47.0-255,66,173902,87,375517
19136,0.006228,172.217.194.0-255,5738,179640,87,375517
19137,0.006235,172.31.47.0-255,66,179706,87,375517
19138,0.008527,172.217.194.0-255,5738,185444,87,375517
19139,0.008532,172.31.47.0-255,66,185510,87,375517
19140,0.010824,172.217.194.0-255,5738,191248,87,375517
19141,0.010832,172.31.47.0-255,66,191314,87,375517
19142,0.013163,172.217.194.0-255,5738,197052,87,375517
19143,0.013173,172.31.47.0-255,66,197118,87,375517
19144,0.015465,172.217.194.0-255,5738,202856,87,375517
19145,0.015475,172.31.47.0-255,66,202922,87,375517
19146,0.017776,172.217.194.0-255,5738,208660,87,375517
19147,0.017785,172.31.47.0-255,66,208726,87,375517
19148,0.020063,172.217.194.0-255,5738,214464,87,375517
19149,0.020071,172.31.47.0-255,66,214530,87,375517
19150,0.022351,172.217.194.0-255,5738,220268,87,375517
19151,0.022358,172.31.47.0-255,66,220334,87,375517
19152,0.024632,172.217.194.0-255,5738,226072,87,375517
19153,0.024639,172.31.47.0-255,66,226138,87,375517
19154,0.026921,172.217.194.0-255,5738,231876,87,375517
19155,0.026928,172.31.47.0-255,66,231942,87,375517
19156,0.027644,172.31.47.0-255,167,232109,87,375517
19157,0.027676,172.31.47.0-255,1112,233221,87,375517
19158,0.027737,172.31.47.0-255,1514,234735,87,375517
19159,0.027739,172.31.47.0-255,1292,236027,87,375517
19160,0.029159,104.244.42.0-255,66,236093,87,375517
19161,0.02927,104.244.42.0-255,66,236159,87,375517
19162,0.029293,104.244.42.0-255,66,236225,87,375517
19163,0.029316,172.217.194.0-255,5738,241963,87,375517
19164,0.029321,172.31.47.0-255,66,242029,87,375517
19165,0.0316,172.217.194.0-255,5738,247767,87,375517
19166,0.031607,172.31.47.0-255,66,247833,87,375517
19167,0.033924,172.217.194.0-255,5738,253571,87,375517
19168,0.03393,172.31.47.0-255,66,253637,87,375517
19169,0.036249,172.217.194.0-255,5738,259375,87,375517
19170,0.036264,172.31.47.0-255,66,259441,87,375517
19171,0.038561,172.217.194.0-255,5738,265179,87,375517
19172,0.038569,172.31.47.0-255,66,265245,87,375517
19173,0.040918,172.217.194.0-255,5738,270983,87,375517
19174,0.040928,172.31.47.0-255,66,271049,87,375517
19175,0.043235,172.217.194.0-255,5738,276787,87,375517
19176,0.043242,172.31.47.0-255,66,276853,87,375517
19177,0.045542,172.217.194.0-255,5738,282591,87,375517
19178,0.045548,172.31.47.0-255,66,282657,87,375517
19179,0.047824,172.217.194.0-255,5738,288395,87,375517
19180,0.04783,172.31.47.0-255,66,288461,87,375517
19181,0.050118,172.217.194.0-255,5738,294199,87,375517
19182,0.050123,172.31.47.0-255,66,294265,87,375517
19183,0.05239,172.217.194.0-255,5738,300003,87,375517
19184,0.052395,172.31.47.0-255,66,300069,87,375517
19185,0.05467,172.217.194.0-255,5738,305807,87,375517
19186,0.054676,172.31.47.0-255,66,305873,87,375517
19187,0.05699,172.217.194.0-255,5738,311611,87,375517
19188,0.056995,172.31.47.0-255,66,311677,87,375517
19189,0.059295,172.217.194.0-255,5738,317415,87,375517
19190,0.0593,172.31.47.0-255,66,317481,87,375517
19191,0.061582,172.217.194.0-255,5738,323219,87,375517
19192,0.061589,172.31.47.0-255,66,323285,87,375517
19193,0.063905,172.217.194.0-255,5738,329023,87,375517
19194,0.063912,172.31.47.0-255,66,329089,87,375517
19195,0.06622,172.217.194.0-255,5738,334827,87,375517
19196,0.066225,172.31.47.0-255,66,334893,87,375517
19197,0.068536,172.217.194.0-255,5738,340631,87,375517
19198,0.068542,172.31.47.0-255,66,340697,87,375517
19199,0.07082,172.217.194.0-255,5738,346435,87,375517
19200,0.070827,172.31.47.0-255,66,346501,87,375517
19201,0.073098,172.217.194.0-255,5738,352239,87,375517
19202,0.073106,172.31.47.0-255,66,352305,87,375517
19203,0.07539,172.217.194.0-255,5738,358043,87,375517
19204,0.075397,172.31.47.0-255,66,358109,87,375517
19205,0.077674,172.217.194.0-255,5738,363847,87,375517
19206,0.077681,172.31.47.0-255,66,363913,87,375517
19207,0.079962,172.217.194.0-255,5738,369651,87,375517
19208,0.079969,172.31.47.0-255,66,369717,87,375517
19209,0.082259,172.217.194.0-255,5563,375280,87,375517
19210,0.082266,172.31.47.0-255,66,375346,87,375517
19211,0.082485,172.31.47.0-255,105,375451,87,375517
19212,0.084752,172.217.194.0-255,66,375517,87,375517
19213,0.0,74.125.24.0-255,66,66,87,2112
19214,0.00034,74.125.24.0-255,278,344,87,2112
19215,0.000352,172.31.47.0-255,66,410,87,2112
19216,0.010007,172.31.47.0-255,130,540,87,2112
19217,0.012646,74.125.24.0-255,630,1170,87,2112
19218,0.02152,172.31.47.0-255,236,1406,87,2112
19219,0.02156,172.31.47.0-255,380,1786,87,2112
19220,0.022582,172.31.47.0-255,97,1883,87,2112
19221,0.023871,74.125.24.0-255,97,1980,87,2112
19222,0.025117,74.125.24.0-255,66,2046,87,2112
19223,0.062823,172.31.47.0-255,66,2112,87,2112
19224,0.0,172.217.194.0-255,153,153,87,357686
19225,2.2e-05,172.31.47.0-255,66,219,87,357686
19226,4.5e-05,172.217.194.0-255,1484,1703,87,357686
19227,4.8e-05,172.31.47.0-255,66,1769,87,357686
19228,5.1e-05,172.217.194.0-255,1484,3253,87,357686
19229,5.4e-05,172.31.47.0-255,66,3319,87,357686
19230,6.5e-05,172.217.194.0-255,1484,4803,87,357686
19231,6.7e-05,172.31.47.0-255,66,4869,87,357686
19232,7.4e-05,172.217.194.0-255,5738,10607,87,357686
19233,7.6e-05,172.31.47.0-255,66,10673,87,357686
19234,9.8e-05,172.217.194.0-255,1484,12157,87,357686
19235,0.0001,172.31.47.0-255,66,12223,87,357686
19236,0.000113,172.217.194.0-255,2215,14438,87,357686
19237,0.000115,172.31.47.0-255,66,14504,87,357686
19238,0.00016,172.217.194.0-255,4320,18824,87,357686
19239,0.000163,172.31.47.0-255,66,18890,87,357686
19240,0.000169,172.217.194.0-255,5738,24628,87,357686
19241,0.000171,172.31.47.0-255,66,24694,87,357686
19242,0.000194,172.217.194.0-255,2902,27596,87,357686
19243,0.000196,172.31.47.0-255,66,27662,87,357686
19244,0.000212,172.217.194.0-255,3961,31623,87,357686
19245,0.000214,172.31.47.0-255,66,31689,87,357686
19246,0.000232,172.217.194.0-255,5738,37427,87,357686
19247,0.000235,172.31.47.0-255,66,37493,87,357686
19248,0.000251,172.217.194.0-255,1484,38977,87,357686
19249,0.000254,172.31.47.0-255,66,39043,87,357686
19250,0.000259,172.217.194.0-255,5738,44781,87,357686
19251,0.000261,172.31.47.0-255,66,44847,87,357686
19252,0.000297,172.217.194.0-255,3961,48808,87,357686
19253,0.0003,172.31.47.0-255,66,48874,87,357686
19254,0.000317,172.217.194.0-255,2902,51776,87,357686
19255,0.00032,172.31.47.0-255,66,51842,87,357686
19256,0.000338,172.217.194.0-255,1484,53326,87,357686
19257,0.000355,172.217.194.0-255,4320,57646,87,357686
19258,0.000358,172.31.47.0-255,66,57712,87,357686
19259,0.000374,172.217.194.0-255,5738,63450,87,357686
19260,0.000377,172.31.47.0-255,66,63516,87,357686
19261,0.000403,172.217.194.0-255,2543,66059,87,357686
19262,0.000406,172.31.47.0-255,66,66125,87,357686
19263,0.000428,172.217.194.0-255,678,66803,87,357686
19264,0.000677,172.217.194.0-255,1484,68287,87,357686
19265,0.000682,172.31.47.0-255,66,68353,87,357686
19266,0.000687,172.217.194.0-255,2902,71255,87,357686
19267,0.00069,172.31.47.0-255,66,71321,87,357686
19268,0.000694,172.217.194.0-255,2902,74223,87,357686
19269,0.000697,172.31.47.0-255,66,74289,87,357686
19270,0.00073,172.217.194.0-255,2902,77191,87,357686
19271,0.000734,172.31.47.0-255,66,77257,87,357686
19272,0.00074,172.217.194.0-255,5738,82995,87,357686
19273,0.000745,172.31.47.0-255,66,83061,87,357686
19274,0.000746,172.217.194.0-255,7156,90217,87,357686
19275,0.000749,172.31.47.0-255,66,90283,87,357686
19276,0.000795,172.31.47.0-255,66,90349,87,357686
19277,0.001002,172.217.194.0-255,1484,91833,87,357686
19278,0.001008,172.217.194.0-255,2902,94735,87,357686
19279,0.001012,172.31.47.0-255,66,94801,87,357686
19280,0.001031,172.217.194.0-255,5738,100539,87,357686
19281,0.001035,172.31.47.0-255,66,100605,87,357686
19282,0.001038,172.217.194.0-255,1484,102089,87,357686
19283,0.001065,172.31.47.0-255,66,102155,87,357686
19284,0.001094,172.31.47.0-255,66,102221,87,357686
19285,0.001645,172.217.194.0-255,1484,103705,87,357686
19286,0.001657,172.217.194.0-255,2902,106607,87,357686
19287,0.001661,172.31.47.0-255,66,106673,87,357686
19288,0.00167,172.217.194.0-255,5738,112411,87,357686
19289,0.001673,172.31.47.0-255,66,112477,87,357686
19290,0.001691,172.217.194.0-255,4320,116797,87,357686
19291,0.001695,172.31.47.0-255,66,116863,87,357686
19292,0.001714,172.31.47.0-255,66,116929,87,357686
19293,0.001724,172.31.47.0-255,66,116995,87,357686
19294,0.001773,172.217.194.0-255,3602,120597,87,357686
19295,0.001777,172.31.47.0-255,66,120663,87,357686
19296,0.001783,172.217.194.0-255,4320,124983,87,357686
19297,0.001785,172.31.47.0-255,66,125049,87,357686
19298,0.001791,172.217.194.0-255,7156,132205,87,357686
19299,0.001793,172.31.47.0-255,66,132271,87,357686
19300,0.001819,172.217.194.0-255,2902,135173,87,357686
19301,0.001821,172.31.47.0-255,66,135239,87,357686
19302,0.001834,172.31.47.0-255,66,135305,87,357686
19303,0.001869,172.217.194.0-255,6438,141743,87,357686
19304,0.001873,172.31.47.0-255,66,141809,87,357686
19305,0.003912,172.217.194.0-255,5738,147547,87,357686
19306,0.003918,172.31.47.0-255,66,147613,87,357686
19307,0.00599,172.217.194.0-255,5738,153351,87,357686
19308,0.005997,172.31.47.0-255,66,153417,87,357686
19309,0.008061,172.217.194.0-255,5738,159155,87,357686
19310,0.008068,172.31.47.0-255,66,159221,87,357686
19311,0.010115,172.217.194.0-255,5738,164959,87,357686
19312,0.010122,172.31.47.0-255,66,165025,87,357686
19313,0.012182,172.217.194.0-255,5738,170763,87,357686
19314,0.012194,172.31.47.0-255,66,170829,87,357686
19315,0.014246,172.217.194.0-255,5738,176567,87,357686
19316,0.014254,172.31.47.0-255,66,176633,87,357686
19317,0.016303,172.217.194.0-255,5738,182371,87,357686
19318,0.016309,172.31.47.0-255,66,182437,87,357686
19319,0.018344,172.217.194.0-255,4320,186757,87,357686
19320,0.01835,172.31.47.0-255,66,186823,87,357686
19321,0.018372,172.217.194.0-255,1484,188307,87,357686
19322,0.020389,172.217.194.0-255,4320,192627,87,357686
19323,0.020395,172.31.47.0-255,66,192693,87,357686
19324,0.022438,172.217.194.0-255,5738,198431,87,357686
19325,0.022444,172.31.47.0-255,66,198497,87,357686
19326,0.024491,172.217.194.0-255,5738,204235,87,357686
19327,0.024496,172.31.47.0-255,66,204301,87,357686
19328,0.02518,172.31.47.0-255,171,204472,87,357686
19329,0.025214,172.31.47.0-255,1135,205607,87,357686
19330,0.025277,172.31.47.0-255,1514,207121,87,357686
19331,0.025279,172.31.47.0-255,1270,208391,87,357686
19332,0.026542,172.217.194.0-255,2902,211293,87,357686
19333,0.026547,172.31.47.0-255,66,211359,87,357686
19334,0.026603,172.217.194.0-255,2902,214261,87,357686
19335,0.026607,172.31.47.0-255,66,214327,87,357686
19336,0.026733,104.244.42.0-255,66,214393,87,357686
19337,0.026784,104.244.42.0-255,66,214459,87,357686
19338,0.02683,104.244.42.0-255,66,214525,87,357686
19339,0.028573,172.217.194.0-255,2902,217427,87,357686
19340,0.028579,172.31.47.0-255,66,217493,87,357686
19341,0.028628,172.217.194.0-255,2902,220395,87,357686
19342,0.028632,172.31.47.0-255,66,220461,87,357686
19343,0.030621,172.217.194.0-255,2902,223363,87,357686
19344,0.030625,172.31.47.0-255,66,223429,87,357686
19345,0.030662,172.217.194.0-255,2902,226331,87,357686
19346,0.030666,172.31.47.0-255,66,226397,87,357686
19347,0.032655,172.217.194.0-255,2902,229299,87,357686
19348,0.032659,172.31.47.0-255,66,229365,87,357686
19349,0.032704,172.217.194.0-255,2902,232267,87,357686
19350,0.032707,172.31.47.0-255,66,232333,87,357686
19351,0.03469,172.217.194.0-255,2902,235235,87,357686
19352,0.034695,172.31.47.0-255,66,235301,87,357686
19353,0.034724,172.217.194.0-255,2902,238203,87,357686
19354,0.034727,172.31.47.0-255,66,238269,87,357686
19355,0.036726,172.217.194.0-255,2902,241171,87,357686
19356,0.036732,172.31.47.0-255,66,241237,87,357686
19357,0.03677,172.217.194.0-255,1484,242721,87,357686
19358,0.036785,172.217.194.0-255,1484,244205,87,357686
19359,0.036788,172.31.47.0-255,66,244271,87,357686
19360,0.038775,172.217.194.0-255,2902,247173,87,357686
19361,0.03878,172.31.47.0-255,66,247239,87,357686
19362,0.038828,172.217.194.0-255,2902,250141,87,357686
19363,0.038832,172.31.47.0-255,66,250207,87,357686
19364,0.040819,172.217.194.0-255,2902,253109,87,357686
19365,0.040823,172.31.47.0-255,66,253175,87,357686
19366,0.040865,172.217.194.0-255,2902,256077,87,357686
19367,0.040868,172.31.47.0-255,66,256143,87,357686
19368,0.042876,172.217.194.0-255,2902,259045,87,357686
19369,0.04288,172.31.47.0-255,66,259111,87,357686
19370,0.042906,172.217.194.0-255,2902,262013,87,357686
19371,0.042909,172.31.47.0-255,66,262079,87,357686
19372,0.044924,172.217.194.0-255,5738,267817,87,357686
19373,0.044929,172.31.47.0-255,66,267883,87,357686
19374,0.046945,172.217.194.0-255,4320,272203,87,357686
19375,0.046949,172.31.47.0-255,66,272269,87,357686
19376,0.046973,172.217.194.0-255,1484,273753,87,357686
19377,0.049,172.217.194.0-255,4320,278073,87,357686
19378,0.049005,172.31.47.0-255,66,278139,87,357686
19379,0.051037,172.217.194.0-255,4320,282459,87,357686
19380,0.051041,172.31.47.0-255,66,282525,87,357686
19381,0.051067,172.217.194.0-255,1484,284009,87,357686
19382,0.053087,172.217.194.0-255,4320,288329,87,357686
19383,0.053091,172.31.47.0-255,66,288395,87,357686
19384,0.055142,172.217.194.0-255,5738,294133,87,357686
19385,0.055147,172.31.47.0-255,66,294199,87,357686
19386,0.057194,172.217.194.0-255,5738,299937,87,357686
19387,0.057199,172.31.47.0-255,66,300003,87,357686
19388,0.059236,172.217.194.0-255,5738,305741,87,357686
19389,0.059242,172.31.47.0-255,66,305807,87,357686
19390,0.061263,172.217.194.0-255,5738,311545,87,357686
19391,0.061268,172.31.47.0-255,66,311611,87,357686
19392,0.063277,172.217.194.0-255,5738,317349,87,357686
19393,0.063281,172.31.47.0-255,66,317415,87,357686
19394,0.065325,172.217.194.0-255,5738,323153,87,357686
19395,0.06533,172.31.47.0-255,66,323219,87,357686
19396,0.067367,172.217.194.0-255,5738,328957,87,357686
19397,0.067371,172.31.47.0-255,66,329023,87,357686
19398,0.069425,172.217.194.0-255,4320,333343,87,357686
19399,0.069431,172.31.47.0-255,66,333409,87,357686
19400,0.069462,172.217.194.0-255,1484,334893,87,357686
19401,0.071468,172.217.194.0-255,4320,339213,87,357686
19402,0.071473,172.31.47.0-255,66,339279,87,357686
19403,0.073492,172.217.194.0-255,2902,342181,87,357686
19404,0.073497,172.31.47.0-255,66,342247,87,357686
19405,0.07352,172.217.194.0-255,2902,345149,87,357686
19406,0.073522,172.31.47.0-255,66,345215,87,357686
19407,0.075515,172.217.194.0-255,2902,348117,87,357686
19408,0.07552,172.31.47.0-255,66,348183,87,357686
19409,0.075562,172.217.194.0-255,2902,351085,87,357686
19410,0.075565,172.31.47.0-255,66,351151,87,357686
19411,0.077547,172.217.194.0-255,2902,354053,87,357686
19412,0.077551,172.31.47.0-255,66,354119,87,357686
19413,0.077609,172.217.194.0-255,2902,357021,87,357686
19414,0.077612,172.31.47.0-255,66,357087,87,357686
19415,0.079554,172.217.194.0-255,362,357449,87,357686
19416,0.07967,172.31.47.0-255,66,357515,87,357686
19417,0.079691,172.31.47.0-255,105,357620,87,357686
19418,0.08169,172.217.194.0-255,66,357686,87,357686
19419,0.0,74.125.200.0-255,167,167,87,413711
19420,2.8e-05,172.31.47.0-255,66,233,87,413711
19421,5.3e-05,74.125.200.0-255,1484,1717,87,413711
19422,5.7e-05,172.31.47.0-255,66,1783,87,413711
19423,6.1e-05,74.125.200.0-255,2902,4685,87,413711
19424,6.5e-05,172.31.47.0-255,66,4751,87,413711
19425,9.6e-05,74.125.200.0-255,5738,10489,87,413711
19426,9.9e-05,172.31.47.0-255,66,10555,87,413711
19427,0.000102,74.125.200.0-255,1484,12039,87,413711
19428,0.000104,172.31.47.0-255,66,12105,87,413711
19429,0.000108,74.125.200.0-255,2065,14170,87,413711
19430,0.000111,172.31.47.0-255,66,14236,87,413711
19431,0.000199,74.125.200.0-255,1484,15720,87,413711
19432,0.000204,172.31.47.0-255,66,15786,87,413711
19433,0.000235,74.125.200.0-255,2902,18688,87,413711
19434,0.000239,172.31.47.0-255,66,18754,87,413711
19435,0.000246,74.125.200.0-255,5738,24492,87,413711
19436,0.000248,172.31.47.0-255,66,24558,87,413711
19437,0.000255,74.125.200.0-255,6797,31355,87,413711
19438,0.000257,172.31.47.0-255,66,31421,87,413711
19439,0.000284,74.125.200.0-255,7156,38577,87,413711
19440,0.000287,172.31.47.0-255,66,38643,87,413711
19441,0.000291,74.125.200.0-255,2902,41545,87,413711
19442,0.000293,172.31.47.0-255,66,41611,87,413711
19443,0.000317,74.125.200.0-255,4320,45931,87,413711
19444,0.00032,172.31.47.0-255,66,45997,87,413711
19445,0.000345,74.125.200.0-255,2543,48540,87,413711
19446,0.000349,172.31.47.0-255,66,48606,87,413711
19447,0.000481,74.125.200.0-255,1484,50090,87,413711
19448,0.000485,172.31.47.0-255,66,50156,87,413711
19449,0.000514,74.125.200.0-255,2902,53058,87,413711
19450,0.00052,74.125.200.0-255,5738,58796,87,413711
19451,0.00052,172.31.47.0-255,66,58862,87,413711
19452,0.000525,74.125.200.0-255,4320,63182,87,413711
19453,0.000526,172.31.47.0-255,66,63248,87,413711
19454,0.000541,74.125.200.0-255,2543,65791,87,413711
19455,0.000541,172.31.47.0-255,66,65857,87,413711
19456,0.000546,172.31.47.0-255,66,65923,87,413711
19457,0.000647,74.125.200.0-255,1484,67407,87,413711
19458,0.000662,74.125.200.0-255,2902,70309,87,413711
19459,0.000671,172.31.47.0-255,66,70375,87,413711
19460,0.000677,74.125.200.0-255,1484,71859,87,413711
19461,0.000696,74.125.200.0-255,4320,76179,87,413711
19462,0.0007,74.125.200.0-255,2902,79081,87,413711
19463,0.000708,172.31.47.0-255,66,79147,87,413711
19464,0.00072,74.125.200.0-255,3961,83108,87,413711
19465,0.000731,172.31.47.0-255,66,83174,87,413711
19466,0.000734,74.125.200.0-255,2902,86076,87,413711
19467,0.000737,172.31.47.0-255,66,86142,87,413711
19468,0.000752,74.125.200.0-255,5738,91880,87,413711
19469,0.000754,74.125.200.0-255,1484,93364,87,413711
19470,0.000757,74.125.200.0-255,1484,94848,87,413711
19471,0.000767,172.31.47.0-255,66,94914,87,413711
19472,0.000774,74.125.200.0-255,1484,96398,87,413711
19473,0.000809,74.125.200.0-255,4540,100938,87,413711
19474,0.000822,172.31.47.0-255,66,101004,87,413711
19475,0.000995,74.125.200.0-255,1484,102488,87,413711
19476,0.00101,74.125.200.0-255,2902,105390,87,413711
19477,0.001014,172.31.47.0-255,66,105456,87,413711
19478,0.001034,74.125.200.0-255,5738,111194,87,413711
19479,0.001043,172.31.47.0-255,66,111260,87,413711
19480,0.001052,74.125.200.0-255,4320,115580,87,413711
19481,0.001057,172.31.47.0-255,66,115646,87,413711
19482,0.001076,74.125.200.0-255,7156,122802,87,413711
19483,0.001081,74.125.200.0-255,4320,127122,87,413711
19484,0.001083,172.31.47.0-255,66,127188,87,413711
19485,0.001088,172.31.47.0-255,66,127254,87,413711
19486,0.001118,172.31.47.0-255,66,127320,87,413711
19487,0.00159,74.125.200.0-255,1484,128804,87,413711
19488,0.001599,74.125.200.0-255,2902,131706,87,413711
19489,0.001603,172.31.47.0-255,66,131772,87,413711
19490,0.001609,74.125.200.0-255,2902,134674,87,413711
19491,0.001626,74.125.200.0-255,4320,138994,87,413711
19492,0.001642,74.125.200.0-255,5738,144732,87,413711
19493,0.001658,74.125.200.0-255,2902,147634,87,413711
19494,0.001665,74.125.200.0-255,5738,153372,87,413711
19495,0.001718,74.125.200.0-255,4320,157692,87,413711
19496,0.001737,74.125.200.0-255,2902,160594,87,413711
19497,0.00174,74.125.200.0-255,766,161360,87,413711
19498,0.003166,172.31.47.0-255,66,161426,87,413711
19499,0.005175,74.125.200.0-255,5738,167164,87,413711
19500,0.005182,172.31.47.0-255,66,167230,87,413711
19501,0.007177,74.125.200.0-255,1484,168714,87,413711
19502,0.007197,74.125.200.0-255,4320,173034,87,413711
19503,0.007559,172.31.47.0-255,66,173100,87,413711
19504,0.009559,74.125.200.0-255,5738,178838,87,413711
19505,0.009566,172.31.47.0-255,66,178904,87,413711
19506,0.011566,74.125.200.0-255,5738,184642,87,413711
19507,0.011824,172.31.47.0-255,66,184708,87,413711
19508,0.013852,74.125.200.0-255,5738,190446,87,413711
19509,0.013868,172.31.47.0-255,66,190512,87,413711
19510,0.015875,74.125.200.0-255,4320,194832,87,413711
19511,0.01589,172.31.47.0-255,66,194898,87,413711
19512,0.015922,74.125.200.0-255,1484,196382,87,413711
19513,0.017901,74.125.200.0-255,4320,200702,87,413711
19514,0.017912,172.31.47.0-255,66,200768,87,413711
19515,0.01993,74.125.200.0-255,5738,206506,87,413711
19516,0.020007,172.31.47.0-255,66,206572,87,413711
19517,0.022013,74.125.200.0-255,5738,212310,87,413711
19518,0.022028,172.31.47.0-255,66,212376,87,413711
19519,0.024031,74.125.200.0-255,5738,218114,87,413711
19520,0.024043,172.31.47.0-255,66,218180,87,413711
19521,0.026051,74.125.200.0-255,5738,223918,87,413711
19522,0.026066,172.31.47.0-255,66,223984,87,413711
19523,0.028083,74.125.200.0-255,1484,225468,87,413711
19524,0.028123,74.125.200.0-255,4320,229788,87,413711
19525,0.02813,172.31.47.0-255,66,229854,87,413711
19526,0.030157,74.125.200.0-255,5738,235592,87,413711
19527,0.030168,172.31.47.0-255,66,235658,87,413711
19528,0.032183,74.125.200.0-255,5738,241396,87,413711
19529,0.032193,172.31.47.0-255,66,241462,87,413711
19530,0.033184,172.31.47.0-255,171,241633,87,413711
19531,0.033218,172.31.47.0-255,1131,242764,87,413711
19532,0.033248,172.31.47.0-255,1514,244278,87,413711
19533,0.03325,172.31.47.0-255,1273,245551,87,413711
19534,0.034211,74.125.200.0-255,5738,251289,87,413711
19535,0.034221,172.31.47.0-255,66,251355,87,413711
19536,0.03475,104.244.42.0-255,66,251421,87,413711
19537,0.034786,104.244.42.0-255,66,251487,87,413711
19538,0.034791,104.244.42.0-255,66,251553,87,413711
19539,0.036226,74.125.200.0-255,5738,257291,87,413711
19540,0.036234,172.31.47.0-255,66,257357,87,413711
19541,0.038266,74.125.200.0-255,5738,263095,87,413711
19542,0.03829,172.31.47.0-255,66,263161,87,413711
19543,0.040306,74.125.200.0-255,5738,268899,87,413711
19544,0.040316,172.31.47.0-255,66,268965,87,413711
19545,0.042317,74.125.200.0-255,5738,274703,87,413711
19546,0.042322,172.31.47.0-255,66,274769,87,413711
19547,0.044323,74.125.200.0-255,5738,280507,87,413711
19548,0.044329,172.31.47.0-255,66,280573,87,413711
19549,0.046334,74.125.200.0-255,5738,286311,87,413711
19550,0.04634,172.31.47.0-255,66,286377,87,413711
19551,0.048333,74.125.200.0-255,4320,290697,87,413711
19552,0.048338,172.31.47.0-255,66,290763,87,413711
19553,0.04836,74.125.200.0-255,1484,292247,87,413711
19554,0.050334,74.125.200.0-255,2902,295149,87,413711
19555,0.050339,172.31.47.0-255,66,295215,87,413711
19556,0.05037,74.125.200.0-255,1484,296699,87,413711
19557,0.052341,74.125.200.0-255,4320,301019,87,413711
19558,0.052391,172.31.47.0-255,66,301085,87,413711
19559,0.054395,74.125.200.0-255,5738,306823,87,413711
19560,0.054455,172.31.47.0-255,66,306889,87,413711
19561,0.056459,74.125.200.0-255,5738,312627,87,413711
19562,0.056465,172.31.47.0-255,66,312693,87,413711
19563,0.058467,74.125.200.0-255,5738,318431,87,413711
19564,0.058473,172.31.47.0-255,66,318497,87,413711
19565,0.0605,74.125.200.0-255,2902,321399,87,413711
19566,0.060504,172.31.47.0-255,66,321465,87,413711
19567,0.060529,74.125.200.0-255,2902,324367,87,413711
19568,0.060553,172.31.47.0-255,66,324433,87,413711
19569,0.062501,74.125.200.0-255,2902,327335,87,413711
19570,0.062506,172.31.47.0-255,66,327401,87,413711
19571,0.062561,74.125.200.0-255,2902,330303,87,413711
19572,0.06258,172.31.47.0-255,66,330369,87,413711
19573,0.064499,74.125.200.0-255,2902,333271,87,413711
19574,0.064507,172.31.47.0-255,66,333337,87,413711
19575,0.064564,74.125.200.0-255,2902,336239,87,413711
19576,0.064589,172.31.47.0-255,66,336305,87,413711
19577,0.066518,74.125.200.0-255,2902,339207,87,413711
19578,0.066527,172.31.47.0-255,66,339273,87,413711
19579,0.06657,74.125.200.0-255,2902,342175,87,413711
19580,0.067163,172.31.47.0-255,66,342241,87,413711
19581,0.068526,74.125.200.0-255,2902,345143,87,413711
19582,0.068534,172.31.47.0-255,66,345209,87,413711
19583,0.069152,74.125.200.0-255,2902,348111,87,413711
19584,0.069157,172.31.47.0-255,66,348177,87,413711
19585,0.07057,74.125.200.0-255,2902,351079,87,413711
19586,0.070576,172.31.47.0-255,66,351145,87,413711
19587,0.071148,74.125.200.0-255,2902,354047,87,413711
19588,0.071154,172.31.47.0-255,66,354113,87,413711
19589,0.072574,74.125.200.0-255,2902,357015,87,413711
19590,0.072582,172.31.47.0-255,66,357081,87,413711
19591,0.073147,74.125.200.0-255,2902,359983,87,413711
19592,0.073152,172.31.47.0-255,66,360049,87,413711
19593,0.074586,74.125.200.0-255,2902,362951,87,413711
19594,0.074592,172.31.47.0-255,66,363017,87,413711
19595,0.075157,74.125.200.0-255,2902,365919,87,413711
19596,0.075163,172.31.47.0-255,66,365985,87,413711
19597,0.076593,74.125.200.0-255,2902,368887,87,413711
19598,0.076602,172.31.47.0-255,66,368953,87,413711
19599,0.077165,74.125.200.0-255,2902,371855,87,413711
19600,0.07717,172.31.47.0-255,66,371921,87,413711
19601,0.078609,74.125.200.0-255,2902,374823,87,413711
19602,0.078615,172.31.47.0-255,66,374889,87,413711
19603,0.079164,74.125.200.0-255,2902,377791,87,413711
19604,0.079168,172.31.47.0-255,66,377857,87,413711
19605,0.08062,74.125.200.0-255,2902,380759,87,413711
19606,0.080635,172.31.47.0-255,66,380825,87,413711
19607,0.081171,74.125.200.0-255,2902,383727,87,413711
19608,0.081178,172.31.47.0-255,66,383793,87,413711
19609,0.082643,74.125.200.0-255,2902,386695,87,413711
19610,0.082654,172.31.47.0-255,66,386761,87,413711
19611,0.083175,74.125.200.0-255,2902,389663,87,413711
19612,0.083183,172.31.47.0-255,66,389729,87,413711
19613,0.084652,74.125.200.0-255,2902,392631,87,413711
19614,0.084662,172.31.47.0-255,66,392697,87,413711
19615,0.08518,74.125.200.0-255,2902,395599,87,413711
19616,0.085185,172.31.47.0-255,66,395665,87,413711
19617,0.086656,74.125.200.0-255,2902,398567,87,413711
19618,0.086663,172.31.47.0-255,66,398633,87,413711
19619,0.087186,74.125.200.0-255,2902,401535,87,413711
19620,0.08719,172.31.47.0-255,66,401601,87,413711
19621,0.088667,74.125.200.0-255,2902,404503,87,413711
19622,0.088673,172.31.47.0-255,66,404569,87,413711
19623,0.089179,74.125.200.0-255,2902,407471,87,413711
19624,0.089184,172.31.47.0-255,66,407537,87,413711
19625,0.090665,74.125.200.0-255,2902,410439,87,413711
19626,0.09067,172.31.47.0-255,66,410505,87,413711
19627,0.091193,74.125.200.0-255,2615,413120,87,413711
19628,0.091198,172.31.47.0-255,66,413186,87,413711
19629,0.091352,172.31.47.0-255,105,413291,87,413711
19630,0.091674,172.31.47.0-255,90,413381,87,413711
19631,0.091686,172.31.47.0-255,66,413447,87,413711
19632,0.093338,74.125.200.0-255,66,413513,87,413711
19633,0.093639,74.125.200.0-255,66,413579,87,413711
19634,0.093673,74.125.200.0-255,66,413645,87,413711
19635,0.093678,172.31.47.0-255,66,413711,87,413711
19636,0.0,74.125.130.0-255,153,153,87,389108
19637,1.7e-05,172.31.47.0-255,66,219,87,389108
19638,3.3e-05,74.125.130.0-255,1484,1703,87,389108
19639,4.2e-05,172.31.47.0-255,66,1769,87,389108
19640,4.6e-05,74.125.130.0-255,2902,4671,87,389108
19641,4.8e-05,172.31.47.0-255,66,4737,87,389108
19642,9.5e-05,74.125.130.0-255,4320,9057,87,389108
19643,9.8e-05,172.31.47.0-255,66,9123,87,389108
19644,0.000103,74.125.130.0-255,4944,14067,87,389108
19645,0.000104,172.31.47.0-255,66,14133,87,389108
19646,0.000107,74.125.130.0-255,2902,17035,87,389108
19647,0.00011,172.31.47.0-255,66,17101,87,389108
19648,0.000136,74.125.130.0-255,5738,22839,87,389108
19649,0.000138,172.31.47.0-255,66,22905,87,389108
19650,0.000162,74.125.130.0-255,2902,25807,87,389108
19651,0.000164,172.31.47.0-255,66,25873,87,389108
19652,0.00019,74.125.130.0-255,5379,31252,87,389108
19653,0.000193,172.31.47.0-255,66,31318,87,389108
19654,0.000316,74.125.130.0-255,1484,32802,87,389108
19655,0.000321,172.31.47.0-255,66,32868,87,389108
19656,0.000325,74.125.130.0-255,1484,34352,87,389108
19657,0.000326,172.31.47.0-255,66,34418,87,389108
19658,0.000347,74.125.130.0-255,1484,35902,87,389108
19659,0.00035,172.31.47.0-255,66,35968,87,389108
19660,0.000357,74.125.130.0-255,5738,41706,87,389108
19661,0.000359,172.31.47.0-255,66,41772,87,389108
19662,0.000361,74.125.130.0-255,1484,43256,87,389108
19663,0.000364,172.31.47.0-255,66,43322,87,389108
19664,0.000393,74.125.130.0-255,2902,46224,87,389108
19665,0.000396,172.31.47.0-255,66,46290,87,389108
19666,0.000401,74.125.130.0-255,5379,51669,87,389108
19667,0.000403,172.31.47.0-255,66,51735,87,389108
19668,0.000406,74.125.130.0-255,1484,53219,87,389108
19669,0.000434,74.125.130.0-255,5738,58957,87,389108
19670,0.000437,172.31.47.0-255,66,59023,87,389108
19671,0.000473,74.125.130.0-255,7088,66111,87,389108
19672,0.000476,172.31.47.0-255,66,66177,87,389108
19673,0.000782,74.125.130.0-255,99,66276,87,389108
19674,0.000995,74.125.130.0-255,1484,67760,87,389108
19675,0.001,172.31.47.0-255,66,67826,87,389108
19676,0.001005,74.125.130.0-255,2902,70728,87,389108
19677,0.001006,172.31.47.0-255,66,70794,87,389108
19678,0.001024,74.125.130.0-255,1484,72278,87,389108
19679,0.001051,74.125.130.0-255,4320,76598,87,389108
19680,0.001054,172.31.47.0-255,66,76664,87,389108
19681,0.001058,74.125.130.0-255,2902,79566,87,389108
19682,0.00106,172.31.47.0-255,66,79632,87,389108
19683,0.001065,74.125.130.0-255,3961,83593,87,389108
19684,0.001066,172.31.47.0-255,66,83659,87,389108
19685,0.001104,74.125.130.0-255,1484,85143,87,389108
19686,0.001106,74.125.130.0-255,1484,86627,87,389108
19687,0.001111,172.31.47.0-255,66,86693,87,389108
19688,0.001133,74.125.130.0-255,1484,88177,87,389108
19689,0.00115,74.125.130.0-255,4320,92497,87,389108
19690,0.001153,172.31.47.0-255,66,92563,87,389108
19691,0.001183,74.125.130.0-255,5738,98301,87,389108
19692,0.001186,172.31.47.0-255,66,98367,87,389108
19693,0.001189,74.125.130.0-255,1484,99851,87,389108
19694,0.001199,74.125.130.0-255,1125,100976,87,389108
19695,0.001205,172.31.47.0-255,66,101042,87,389108
19696,0.001651,74.125.130.0-255,1484,102526,87,389108
19697,0.001659,74.125.130.0-255,2902,105428,87,389108
19698,0.001663,172.31.47.0-255,66,105494,87,389108
19699,0.001693,74.125.130.0-255,5738,111232,87,389108
19700,0.001695,172.31.47.0-255,66,111298,87,389108
19701,0.001723,74.125.130.0-255,5738,117036,87,389108
19702,0.001726,172.31.47.0-255,66,117102,87,389108
19703,0.001737,74.125.130.0-255,1484,118586,87,389108
19704,0.001741,74.125.130.0-255,2902,121488,87,389108
19705,0.001746,172.31.47.0-255,66,121554,87,389108
19706,0.001773,74.125.130.0-255,2902,124456,87,389108
19707,0.001776,172.31.47.0-255,66,124522,87,389108
19708,0.001782,74.125.130.0-255,7156,131678,87,389108
19709,0.001783,172.31.47.0-255,66,131744,87,389108
19710,0.001801,74.125.130.0-255,3602,135346,87,389108
19711,0.001803,172.31.47.0-255,66,135412,87,389108
19712,0.003977,74.125.130.0-255,1484,136896,87,389108
19713,0.003995,74.125.130.0-255,4320,141216,87,389108
19714,0.004,172.31.47.0-255,66,141282,87,389108
19715,0.006194,74.125.130.0-255,5738,147020,87,389108
19716,0.006199,172.31.47.0-255,66,147086,87,389108
19717,0.008404,74.125.130.0-255,5738,152824,87,389108
19718,0.008414,172.31.47.0-255,66,152890,87,389108
19719,0.010612,74.125.130.0-255,5738,158628,87,389108
19720,0.010618,172.31.47.0-255,66,158694,87,389108
19721,0.012815,74.125.130.0-255,5738,164432,87,389108
19722,0.012823,172.31.47.0-255,66,164498,87,389108
19723,0.015029,74.125.130.0-255,5738,170236,87,389108
19724,0.015036,172.31.47.0-255,66,170302,87,389108
19725,0.017232,74.125.130.0-255,5738,176040,87,389108
19726,0.017238,172.31.47.0-255,66,176106,87,389108
19727,0.019324,172.31.47.0-255,172,176278,87,389108
19728,0.019357,172.31.47.0-255,1103,177381,87,389108
19729,0.019392,172.31.47.0-255,1514,178895,87,389108
19730,0.019394,172.31.47.0-255,1301,180196,87,389108
19731,0.019443,74.125.130.0-255,5738,185934,87,389108
19732,0.019448,172.31.47.0-255,66,186000,87,389108
19733,0.020859,104.244.42.0-255,66,186066,87,389108
19734,0.020913,104.244.42.0-255,66,186132,87,389108
19735,0.020959,104.244.42.0-255,66,186198,87,389108
19736,0.021643,74.125.130.0-255,4320,190518,87,389108
19737,0.021647,172.31.47.0-255,66,190584,87,389108
19738,0.021676,74.125.130.0-255,1484,192068,87,389108
19739,0.02389,74.125.130.0-255,4320,196388,87,389108
19740,0.023896,172.31.47.0-255,66,196454,87,389108
19741,0.026092,74.125.130.0-255,5738,202192,87,389108
19742,0.026097,172.31.47.0-255,66,202258,87,389108
19743,0.028282,74.125.130.0-255,1484,203742,87,389108
19744,0.02838,74.125.130.0-255,4320,208062,87,389108
19745,0.028386,172.31.47.0-255,66,208128,87,389108
19746,0.03059,74.125.130.0-255,5738,213866,87,389108
19747,0.030594,172.31.47.0-255,66,213932,87,389108
19748,0.032782,74.125.130.0-255,5738,219670,87,389108
19749,0.032787,172.31.47.0-255,66,219736,87,389108
19750,0.034991,74.125.130.0-255,5738,225474,87,389108
19751,0.034995,172.31.47.0-255,66,225540,87,389108
19752,0.037189,74.125.130.0-255,5738,231278,87,389108
19753,0.037194,172.31.47.0-255,66,231344,87,389108
19754,0.039385,74.125.130.0-255,5738,237082,87,389108
19755,0.039391,172.31.47.0-255,66,237148,87,389108
19756,0.041593,74.125.130.0-255,4320,241468,87,389108
19757,0.041598,172.31.47.0-255,66,241534,87,389108
19758,0.041624,74.125.130.0-255,1484,243018,87,389108
19759,0.043787,74.125.130.0-255,2902,245920,87,389108
19760,0.043793,172.31.47.0-255,66,245986,87,389108
19761,0.043824,74.125.130.0-255,1484,247470,87,389108
19762,0.045987,74.125.130.0-255,4320,251790,87,389108
19763,0.045994,172.31.47.0-255,66,251856,87,389108
19764,0.048185,74.125.130.0-255,1484,253340,87,389108
19765,0.048204,74.125.130.0-255,4320,257660,87,389108
19766,0.048208,172.31.47.0-255,66,257726,87,389108
19767,0.050441,74.125.130.0-255,5738,263464,87,389108
19768,0.050458,172.31.47.0-255,66,263530,87,389108
19769,0.052663,74.125.130.0-255,5738,269268,87,389108
19770,0.052676,172.31.47.0-255,66,269334,87,389108
19771,0.054882,74.125.130.0-255,5738,275072,87,389108
19772,0.054893,172.31.47.0-255,66,275138,87,389108
19773,0.057109,74.125.130.0-255,5738,280876,87,389108
19774,0.057128,172.31.47.0-255,66,280942,87,389108
19775,0.059353,74.125.130.0-255,5738,286680,87,389108
19776,0.05937,172.31.47.0-255,66,286746,87,389108
19777,0.061593,74.125.130.0-255,5738,292484,87,389108
19778,0.061611,172.31.47.0-255,66,292550,87,389108
19779,0.063839,74.125.130.0-255,5738,298288,87,389108
19780,0.063855,172.31.47.0-255,66,298354,87,389108
19781,0.066066,74.125.130.0-255,5738,304092,87,389108
19782,0.066081,172.31.47.0-255,66,304158,87,389108
19783,0.06833,74.125.130.0-255,5738,309896,87,389108
19784,0.068349,172.31.47.0-255,66,309962,87,389108
19785,0.070567,74.125.130.0-255,5738,315700,87,389108
19786,0.070576,172.31.47.0-255,66,315766,87,389108
19787,0.072775,74.125.130.0-255,5738,321504,87,389108
19788,0.072782,172.31.47.0-255,66,321570,87,389108
19789,0.074999,74.125.130.0-255,5738,327308,87,389108
19790,0.075005,172.31.47.0-255,66,327374,87,389108
19791,0.077198,74.125.130.0-255,1484,328858,87,389108
19792,0.07722,74.125.130.0-255,4320,333178,87,389108
19793,0.077224,172.31.47.0-255,66,333244,87,389108
19794,0.07941,74.125.130.0-255,4320,337564,87,389108
19795,0.079416,172.31.47.0-255,66,337630,87,389108
19796,0.079445,74.125.130.0-255,1484,339114,87,389108
19797,0.081612,74.125.130.0-255,4320,343434,87,389108
19798,0.081616,172.31.47.0-255,66,343500,87,389108
19799,0.083797,74.125.130.0-255,4320,347820,87,389108
19800,0.083803,172.31.47.0-255,66,347886,87,389108
19801,0.083832,74.125.130.0-255,1484,349370,87,389108
19802,0.086013,74.125.130.0-255,4320,353690,87,389108
19803,0.086018,172.31.47.0-255,66,353756,87,389108
19804,0.088213,74.125.130.0-255,5738,359494,87,389108
19805,0.088219,172.31.47.0-255,66,359560,87,389108
19806,0.090405,74.125.130.0-255,5738,365298,87,389108
19807,0.090409,172.31.47.0-255,66,365364,87,389108
19808,0.092597,74.125.130.0-255,2902,368266,87,389108
19809,0.092602,172.31.47.0-255,66,368332,87,389108
19810,0.092634,74.125.130.0-255,2902,371234,87,389108
19811,0.092637,172.31.47.0-255,66,371300,87,389108
19812,0.094799,74.125.130.0-255,2902,374202,87,389108
19813,0.094804,172.31.47.0-255,66,374268,87,389108
19814,0.094844,74.125.130.0-255,2902,377170,87,389108
19815,0.094847,172.31.47.0-255,66,377236,87,389108
19816,0.096993,74.125.130.0-255,2902,380138,87,389108
19817,0.096997,172.31.47.0-255,66,380204,87,389108
19818,0.097043,74.125.130.0-255,2902,383106,87,389108
19819,0.097046,172.31.47.0-255,66,383172,87,389108
19820,0.099216,74.125.130.0-255,2902,386074,87,389108
19821,0.099221,172.31.47.0-255,66,386140,87,389108
19822,0.099254,74.125.130.0-255,2902,389042,87,389108
19823,0.099258,172.31.47.0-255,66,389108,87,389108
19824,0.0,172.217.194.0-255,151,151,87,206772
19825,3.3e-05,172.31.47.0-255,66,217,87,206772
19826,4.1e-05,172.217.194.0-255,1484,1701,87,206772
19827,4.6e-05,172.31.47.0-255,66,1767,87,206772
19828,5.1e-05,172.217.194.0-255,2902,4669,87,206772
19829,6e-05,172.31.47.0-255,66,4735,87,206772
19830,6.8e-05,172.217.194.0-255,7156,11891,87,206772
19831,7e-05,172.31.47.0-255,66,11957,87,206772
19832,7.3e-05,172.217.194.0-255,1484,13441,87,206772
19833,7.5e-05,172.31.47.0-255,66,13507,87,206772
19834,8e-05,172.217.194.0-255,2094,15601,87,206772
19835,8.2e-05,172.31.47.0-255,66,15667,87,206772
19836,8.6e-05,172.217.194.0-255,2902,18569,87,206772
19837,9.1e-05,172.31.47.0-255,66,18635,87,206772
19838,0.000115,172.217.194.0-255,2902,21537,87,206772
19839,0.000118,172.31.47.0-255,66,21603,87,206772
19840,0.000135,172.31.47.0-255,66,21669,87,206772
19841,0.000161,172.217.194.0-255,1484,23153,87,206772
19842,0.000164,172.31.47.0-255,66,23219,87,206772
19843,0.000169,172.217.194.0-255,2902,26121,87,206772
19844,0.000171,172.31.47.0-255,66,26187,87,206772
19845,0.000192,172.217.194.0-255,5738,31925,87,206772
19846,0.000199,172.31.47.0-255,66,31991,87,206772
19847,0.000238,172.31.47.0-255,66,32057,87,206772
19848,0.0003,172.217.194.0-255,2902,34959,87,206772
19849,0.000304,172.31.47.0-255,66,35025,87,206772
19850,0.000326,172.217.194.0-255,7141,42166,87,206772
19851,0.000329,172.31.47.0-255,66,42232,87,206772
19852,0.000517,172.217.194.0-255,365,42597,87,206772
19853,0.00052,172.31.47.0-255,66,42663,87,206772
19854,0.000633,172.217.194.0-255,1484,44147,87,206772
19855,0.000651,172.217.194.0-255,2902,47049,87,206772
19856,0.000654,172.31.47.0-255,66,47115,87,206772
19857,0.000661,172.217.194.0-255,5738,52853,87,206772
19858,0.000663,172.31.47.0-255,66,52919,87,206772
19859,0.000669,172.217.194.0-255,5738,58657,87,206772
19860,0.000676,172.31.47.0-255,66,58723,87,206772
19861,0.000727,172.31.47.0-255,66,58789,87,206772
19862,0.000733,172.217.194.0-255,5020,63809,87,206772
19863,0.000735,172.31.47.0-255,66,63875,87,206772
19864,0.000823,172.217.194.0-255,1484,65359,87,206772
19865,0.000838,172.217.194.0-255,2902,68261,87,206772
19866,0.000841,172.31.47.0-255,66,68327,87,206772
19867,0.000854,172.217.194.0-255,5738,74065,87,206772
19868,0.000861,172.31.47.0-255,66,74131,87,206772
19869,0.000893,172.31.47.0-255,66,74197,87,206772
19870,0.000902,172.31.47.0-255,66,74263,87,206772
19871,0.00094,172.217.194.0-255,4320,78583,87,206772
19872,0.000943,172.31.47.0-255,66,78649,87,206772
19873,0.000966,172.217.194.0-255,766,79415,87,206772
19874,0.000972,172.217.194.0-255,5738,85153,87,206772
19875,0.000974,172.31.47.0-255,66,85219,87,206772
19876,0.000984,172.31.47.0-255,66,85285,87,206772
19877,0.001011,172.217.194.0-255,4320,89605,87,206772
19878,0.001013,172.217.194.0-255,1484,91089,87,206772
19879,0.001014,172.31.47.0-255,66,91155,87,206772
19880,0.001028,172.217.194.0-255,7156,98311,87,206772
19881,0.001035,172.31.47.0-255,66,98377,87,206772
19882,0.00106,172.217.194.0-255,3602,101979,87,206772
19883,0.001064,172.31.47.0-255,66,102045,87,206772
19884,0.001132,172.217.194.0-255,1484,103529,87,206772
19885,0.001145,172.217.194.0-255,2902,106431,87,206772
19886,0.001148,172.31.47.0-255,66,106497,87,206772
19887,0.001154,172.217.194.0-255,5738,112235,87,206772
19888,0.001156,172.31.47.0-255,66,112301,87,206772
19889,0.001176,172.217.194.0-255,1484,113785,87,206772
19890,0.001202,172.31.47.0-255,66,113851,87,206772
19891,0.001234,172.217.194.0-255,2902,116753,87,206772
19892,0.001237,172.31.47.0-255,66,116819,87,206772
19893,0.001264,172.31.47.0-255,66,116885,87,206772
19894,0.001444,172.217.194.0-255,1484,118369,87,206772
19895,0.00146,172.217.194.0-255,2902,121271,87,206772
19896,0.001463,172.31.47.0-255,66,121337,87,206772
19897,0.001466,172.217.194.0-255,1484,122821,87,206772
19898,0.001498,172.217.194.0-255,4320,127141,87,206772
19899,0.0015,172.31.47.0-255,66,127207,87,206772
19900,0.001507,172.217.194.0-255,7156,134363,87,206772
19901,0.001509,172.31.47.0-255,66,134429,87,206772
19902,0.001545,172.217.194.0-255,7156,141585,87,206772
19903,0.001548,172.31.47.0-255,66,141651,87,206772
19904,0.001577,172.217.194.0-255,7156,148807,87,206772
19905,0.00158,172.217.194.0-255,2184,150991,87,206772
19906,0.001581,172.31.47.0-255,66,151057,87,206772
19907,0.001584,172.31.47.0-255,66,151123,87,206772
19908,0.00161,172.217.194.0-255,1484,152607,87,206772
19909,0.001614,172.217.194.0-255,2902,155509,87,206772
19910,0.001617,172.31.47.0-255,66,155575,87,206772
19911,0.001675,172.217.194.0-255,5738,161313,87,206772
19912,0.001678,172.31.47.0-255,66,161379,87,206772
19913,0.001684,172.217.194.0-255,5738,167117,87,206772
19914,0.001686,172.31.47.0-255,66,167183,87,206772
19915,0.001707,172.31.47.0-255,66,167249,87,206772
19916,0.001713,172.217.194.0-255,5020,172269,87,206772
19917,0.001715,172.31.47.0-255,66,172335,87,206772
19918,0.001766,172.217.194.0-255,1484,173819,87,206772
19919,0.00177,172.217.194.0-255,2902,176721,87,206772
19920,0.001772,172.31.47.0-255,66,176787,87,206772
19921,0.001798,172.217.194.0-255,5738,182525,87,206772
19922,0.001801,172.217.194.0-255,2902,185427,87,206772
19923,0.001801,172.31.47.0-255,66,185493,87,206772
19924,0.001804,172.31.47.0-255,66,185559,87,206772
19925,0.001814,172.217.194.0-255,5738,191297,87,206772
19926,0.00182,172.31.47.0-255,66,191363,87,206772
19927,0.001859,172.217.194.0-255,2902,194265,87,206772
19928,0.001861,172.31.47.0-255,66,194331,87,206772
19929,0.001897,172.31.47.0-255,66,194397,87,206772
19930,0.001911,172.31.47.0-255,66,194463,87,206772
19931,0.001946,172.31.47.0-255,66,194529,87,206772
19932,0.001983,172.31.47.0-255,66,194595,87,206772
19933,0.002022,172.31.47.0-255,66,194661,87,206772
19934,0.002025,172.217.194.0-255,1484,196145,87,206772
19935,0.00204,172.31.47.0-255,66,196211,87,206772
19936,0.00207,172.31.47.0-255,66,196277,87,206772
19937,0.002076,172.217.194.0-255,5738,202015,87,206772
19938,0.002079,172.31.47.0-255,66,202081,87,206772
19939,0.002115,172.31.47.0-255,66,202147,87,206772
19940,0.002117,172.217.194.0-255,105,202252,87,206772
19941,0.003027,172.31.47.0-255,66,202318,87,206772
19942,0.003053,172.31.47.0-255,105,202423,87,206772
19943,0.005363,172.217.194.0-255,66,202489,87,206772
19944,0.025139,172.31.47.0-255,167,202656,87,206772
19945,0.025168,172.31.47.0-255,1112,203768,87,206772
19946,0.025206,172.31.47.0-255,1514,205282,87,206772
19947,0.025208,172.31.47.0-255,1292,206574,87,206772
19948,0.026678,104.244.42.0-255,66,206640,87,206772
19949,0.026705,104.244.42.0-255,66,206706,87,206772
19950,0.02676,104.244.42.0-255,66,206772,87,206772
19951,0.0,74.125.24.0-255,153,153,87,168091
19952,2.5e-05,172.31.47.0-255,66,219,87,168091
19953,3.2e-05,74.125.24.0-255,1484,1703,87,168091
19954,3.6e-05,172.31.47.0-255,66,1769,87,168091
19955,5.5e-05,74.125.24.0-255,2902,4671,87,168091
19956,5.8e-05,172.31.47.0-255,66,4737,87,168091
19957,6.4e-05,74.125.24.0-255,5738,10475,87,168091
19958,7.2e-05,172.31.47.0-255,66,10541,87,168091
19959,0.000108,74.125.24.0-255,6424,16965,87,168091
19960,0.000111,172.31.47.0-255,66,17031,87,168091
19961,0.000114,74.125.24.0-255,1484,18515,87,168091
19962,0.000116,172.31.47.0-255,66,18581,87,168091
19963,0.000158,172.31.47.0-255,66,18647,87,168091
19964,0.000163,74.125.24.0-255,3961,22608,87,168091
19965,0.000165,172.31.47.0-255,66,22674,87,168091
19966,0.000283,74.125.24.0-255,1484,24158,87,168091
19967,0.000287,172.31.47.0-255,66,24224,87,168091
19968,0.000292,74.125.24.0-255,2902,27126,87,168091
19969,0.000294,172.31.47.0-255,66,27192,87,168091
19970,0.000323,74.125.24.0-255,5738,32930,87,168091
19971,0.000327,172.31.47.0-255,66,32996,87,168091
19972,0.00033,74.125.24.0-255,1484,34480,87,168091
19973,0.000332,172.31.47.0-255,66,34546,87,168091
19974,0.000376,172.31.47.0-255,66,34612,87,168091
19975,0.000386,172.31.47.0-255,66,34678,87,168091
19976,0.000464,74.125.24.0-255,108,34786,87,168091
19977,0.000468,172.31.47.0-255,66,34852,87,168091
19978,0.00064,74.125.24.0-255,1484,36336,87,168091
19979,0.000644,74.125.24.0-255,2902,39238,87,168091
19980,0.000646,172.31.47.0-255,66,39304,87,168091
19981,0.00065,74.125.24.0-255,5738,45042,87,168091
19982,0.00065,172.31.47.0-255,66,45108,87,168091
19983,0.000653,172.31.47.0-255,66,45174,87,168091
19984,0.000655,74.125.24.0-255,5738,50912,87,168091
19985,0.000657,172.31.47.0-255,66,50978,87,168091
19986,0.000687,74.125.24.0-255,1484,52462,87,168091
19987,0.000724,74.125.24.0-255,5738,58200,87,168091
19988,0.000727,172.31.47.0-255,66,58266,87,168091
19989,0.000761,172.31.47.0-255,66,58332,87,168091
19990,0.000812,74.125.24.0-255,1484,59816,87,168091
19991,0.000822,74.125.24.0-255,1484,61300,87,168091
19992,0.000825,172.31.47.0-255,66,61366,87,168091
19993,0.000852,74.125.24.0-255,1484,62850,87,168091
19994,0.000858,74.125.24.0-255,5738,68588,87,168091
19995,0.00086,172.31.47.0-255,66,68654,87,168091
19996,0.000865,74.125.24.0-255,4320,72974,87,168091
19997,0.000867,172.31.47.0-255,66,73040,87,168091
19998,0.000907,172.31.47.0-255,66,73106,87,168091
19999,0.00091,74.125.24.0-255,1484,74590,87,168091
20000,0.000913,74.125.24.0-255,1484,76074,87,168091
20001,0.000914,172.31.47.0-255,66,76140,87,168091
20002,0.000949,172.31.47.0-255,66,76206,87,168091
20003,0.001103,74.125.24.0-255,1484,77690,87,168091
20004,0.001114,74.125.24.0-255,2902,80592,87,168091
20005,0.001117,172.31.47.0-255,66,80658,87,168091
20006,0.001144,74.125.24.0-255,5738,86396,87,168091
20007,0.001146,172.31.47.0-255,66,86462,87,168091
20008,0.001175,74.125.24.0-255,1484,87946,87,168091
20009,0.0012,172.31.47.0-255,66,88012,87,168091
20010,0.001203,74.125.24.0-255,1484,89496,87,168091
20011,0.001227,74.125.24.0-255,2902,92398,87,168091
20012,0.00123,172.31.47.0-255,66,92464,87,168091
20013,0.001269,172.31.47.0-255,66,92530,87,168091
20014,0.001277,172.31.47.0-255,66,92596,87,168091
20015,0.001304,74.125.24.0-255,2902,95498,87,168091
20016,0.001311,172.31.47.0-255,66,95564,87,168091
20017,0.001321,172.31.47.0-255,66,95630,87,168091
20018,0.001323,74.125.24.0-255,1484,97114,87,168091
20019,0.001328,74.125.24.0-255,2902,100016,87,168091
20020,0.00133,172.31.47.0-255,66,100082,87,168091
20021,0.001363,74.125.24.0-255,5738,105820,87,168091
20022,0.001366,172.31.47.0-255,66,105886,87,168091
20023,0.001377,172.31.47.0-255,66,105952,87,168091
20024,0.001405,74.125.24.0-255,2902,108854,87,168091
20025,0.001408,172.31.47.0-255,66,108920,87,168091
20026,0.001418,172.31.47.0-255,66,108986,87,168091
20027,0.001483,172.31.47.0-255,66,109052,87,168091
20028,0.001539,74.125.24.0-255,7156,116208,87,168091
20029,0.001558,172.31.47.0-255,66,116274,87,168091
20030,0.001592,74.125.24.0-255,6438,122712,87,168091
20031,0.001596,172.31.47.0-255,66,122778,87,168091
20032,0.001617,172.31.47.0-255,66,122844,87,168091
20033,0.00163,172.31.47.0-255,66,122910,87,168091
20034,0.001639,172.31.47.0-255,66,122976,87,168091
20035,0.00165,172.31.47.0-255,66,123042,87,168091
20036,0.001652,74.125.24.0-255,1484,124526,87,168091
20037,0.001692,172.31.47.0-255,66,124592,87,168091
20038,0.001729,74.125.24.0-255,1484,126076,87,168091
20039,0.001755,172.31.47.0-255,66,126142,87,168091
20040,0.00176,74.125.24.0-255,3602,129744,87,168091
20041,0.001763,172.31.47.0-255,66,129810,87,168091
20042,0.00179,74.125.24.0-255,1484,131294,87,168091
20043,0.001796,74.125.24.0-255,2902,134196,87,168091
20044,0.001798,172.31.47.0-255,66,134262,87,168091
20045,0.001829,74.125.24.0-255,5738,140000,87,168091
20046,0.001832,172.31.47.0-255,66,140066,87,168091
20047,0.001837,74.125.24.0-255,4320,144386,87,168091
20048,0.001839,172.31.47.0-255,66,144452,87,168091
20049,0.001876,172.31.47.0-255,66,144518,87,168091
20050,0.001914,172.31.47.0-255,66,144584,87,168091
20051,0.001919,74.125.24.0-255,4320,148904,87,168091
20052,0.001922,172.31.47.0-255,66,148970,87,168091
20053,0.001947,74.125.24.0-255,7156,156126,87,168091
20054,0.001955,172.31.47.0-255,66,156192,87,168091
20055,0.00196,172.31.47.0-255,66,156258,87,168091
20056,0.00199,74.125.24.0-255,1484,157742,87,168091
20057,0.002003,172.31.47.0-255,66,157808,87,168091
20058,0.002036,74.125.24.0-255,6556,164364,87,168091
20059,0.00204,172.31.47.0-255,66,164430,87,168091
20060,0.002043,74.125.24.0-255,105,164535,87,168091
20061,0.003404,172.31.47.0-255,66,164601,87,168091
20062,0.003427,172.31.47.0-255,105,164706,87,168091
20063,0.005407,74.125.24.0-255,66,164772,87,168091
20064,0.024393,172.31.47.0-255,167,164939,87,168091
20065,0.024426,172.31.47.0-255,1111,166050,87,168091
20066,0.024463,172.31.47.0-255,1514,167564,87,168091
20067,0.024465,172.31.47.0-255,329,167893,87,168091
20068,0.025932,104.244.42.0-255,66,167959,87,168091
20069,0.025977,104.244.42.0-255,66,168025,87,168091
20070,0.02602,104.244.42.0-255,66,168091,87,168091
20071,0.0,172.31.47.0-255,105,105,87,276
20072,0.081083,31.13.82.0-255,105,210,87,276
20073,0.081102,172.31.47.0-255,66,276,87,276
20074,0.0,74.125.24.0-255,297,297,87,322416
20075,2.6e-05,172.31.47.0-255,66,363,87,322416
20076,3.2e-05,74.125.24.0-255,1484,1847,87,322416
20077,3.6e-05,172.31.47.0-255,66,1913,87,322416
20078,3.8e-05,74.125.24.0-255,1484,3397,87,322416
20079,4e-05,172.31.47.0-255,66,3463,87,322416
20080,6.5e-05,74.125.24.0-255,2902,6365,87,322416
20081,6.7e-05,172.31.47.0-255,66,6431,87,322416
20082,7.1e-05,74.125.24.0-255,2902,9333,87,322416
20083,7.2e-05,172.31.47.0-255,66,9399,87,322416
20084,9.5e-05,74.125.24.0-255,4811,14210,87,322416
20085,9.8e-05,172.31.47.0-255,66,14276,87,322416
20086,0.000103,74.125.24.0-255,5738,20014,87,322416
20087,0.000106,172.31.47.0-255,66,20080,87,322416
20088,0.00014,74.125.24.0-255,2902,22982,87,322416
20089,0.000143,172.31.47.0-255,66,23048,87,322416
20090,0.000154,172.31.47.0-255,66,23114,87,322416
20091,0.000177,74.125.24.0-255,5738,28852,87,322416
20092,0.000181,172.31.47.0-255,66,28918,87,322416
20093,0.000209,74.125.24.0-255,6438,35356,87,322416
20094,0.000212,172.31.47.0-255,66,35422,87,322416
20095,0.000217,74.125.24.0-255,5738,41160,87,322416
20096,0.000219,172.31.47.0-255,66,41226,87,322416
20097,0.00025,74.125.24.0-255,7156,48382,87,322416
20098,0.000254,172.31.47.0-255,66,48448,87,322416
20099,0.000258,74.125.24.0-255,3961,52409,87,322416
20100,0.000261,172.31.47.0-255,66,52475,87,322416
20101,0.000278,74.125.24.0-255,411,52886,87,322416
20102,0.000282,172.31.47.0-255,66,52952,87,322416
20103,0.000384,74.125.24.0-255,1484,54436,87,322416
20104,0.000387,172.31.47.0-255,66,54502,87,322416
20105,0.000391,74.125.24.0-255,2902,57404,87,322416
20106,0.000393,172.31.47.0-255,66,57470,87,322416
20107,0.000396,74.125.24.0-255,1484,58954,87,322416
20108,0.000426,74.125.24.0-255,4320,63274,87,322416
20109,0.000428,74.125.24.0-255,1484,64758,87,322416
20110,0.00043,172.31.47.0-255,66,64824,87,322416
20111,0.000465,172.31.47.0-255,66,64890,87,322416
20112,0.000497,172.31.47.0-255,66,64956,87,322416
20113,0.000817,74.125.24.0-255,1484,66440,87,322416
20114,0.000822,74.125.24.0-255,2902,69342,87,322416
20115,0.000825,172.31.47.0-255,66,69408,87,322416
20116,0.000828,74.125.24.0-255,1484,70892,87,322416
20117,0.000858,74.125.24.0-255,4320,75212,87,322416
20118,0.000861,172.31.47.0-255,66,75278,87,322416
20119,0.000865,74.125.24.0-255,1484,76762,87,322416
20120,0.000896,172.31.47.0-255,66,76828,87,322416
20121,0.000903,74.125.24.0-255,7156,83984,87,322416
20122,0.000905,172.31.47.0-255,66,84050,87,322416
20123,0.000925,74.125.24.0-255,6438,90488,87,322416
20124,0.000935,172.31.47.0-255,66,90554,87,322416
20125,0.001532,74.125.24.0-255,1484,92038,87,322416
20126,0.001537,74.125.24.0-255,1484,93522,87,322416
20127,0.001542,172.31.47.0-255,66,93588,87,322416
20128,0.001568,74.125.24.0-255,1484,95072,87,322416
20129,0.001574,74.125.24.0-255,5738,100810,87,322416
20130,0.001576,172.31.47.0-255,66,100876,87,322416
20131,0.001613,172.31.47.0-255,66,100942,87,322416
20132,0.001621,172.31.47.0-255,66,101008,87,322416
20133,0.001644,74.125.24.0-255,1484,102492,87,322416
20134,0.001656,74.125.24.0-255,766,103258,87,322416
20135,0.001658,172.31.47.0-255,66,103324,87,322416
20136,0.001755,74.125.24.0-255,1484,104808,87,322416
20137,0.001758,74.125.24.0-255,1484,106292,87,322416
20138,0.001759,172.31.47.0-255,66,106358,87,322416
20139,0.001775,74.125.24.0-255,1484,107842,87,322416
20140,0.00178,74.125.24.0-255,5738,113580,87,322416
20141,0.001782,172.31.47.0-255,66,113646,87,322416
20142,0.001802,74.125.24.0-255,5738,119384,87,322416
20143,0.001804,172.31.47.0-255,66,119450,87,322416
20144,0.001831,74.125.24.0-255,7156,126606,87,322416
20145,0.001833,172.31.47.0-255,66,126672,87,322416
20146,0.001842,172.31.47.0-255,66,126738,87,322416
20147,0.001844,74.125.24.0-255,766,127504,87,322416
20148,0.001869,74.125.24.0-255,1484,128988,87,322416
20149,0.00187,172.31.47.0-255,66,129054,87,322416
20150,0.001875,74.125.24.0-255,4320,133374,87,322416
20151,0.001876,172.31.47.0-255,66,133440,87,322416
20152,0.00191,172.31.47.0-255,66,133506,87,322416
20153,0.001914,74.125.24.0-255,4320,137826,87,322416
20154,0.001916,172.31.47.0-255,66,137892,87,322416
20155,0.001932,74.125.24.0-255,4320,142212,87,322416
20156,0.001934,172.31.47.0-255,66,142278,87,322416
20157,0.001957,74.125.24.0-255,4320,146598,87,322416
20158,0.001959,172.31.47.0-255,66,146664,87,322416
20159,0.001961,74.125.24.0-255,1484,148148,87,322416
20160,0.001982,74.125.24.0-255,3602,151750,87,322416
20161,0.001984,172.31.47.0-255,66,151816,87,322416
20162,0.002008,74.125.24.0-255,5738,157554,87,322416
20163,0.00201,172.31.47.0-255,66,157620,87,322416
20164,0.002013,74.125.24.0-255,4320,161940,87,322416
20165,0.002015,172.31.47.0-255,66,162006,87,322416
20166,0.002034,74.125.24.0-255,2902,164908,87,322416
20167,0.002036,172.31.47.0-255,66,164974,87,322416
20168,0.00206,74.125.24.0-255,2902,167876,87,322416
20169,0.002062,172.31.47.0-255,66,167942,87,322416
20170,0.002092,172.31.47.0-255,66,168008,87,322416
20171,0.002097,74.125.24.0-255,6438,174446,87,322416
20172,0.002099,172.31.47.0-255,66,174512,87,322416
20173,0.00419,74.125.24.0-255,5738,180250,87,322416
20174,0.004193,172.31.47.0-255,66,180316,87,322416
20175,0.006285,74.125.24.0-255,5738,186054,87,322416
20176,0.006293,172.31.47.0-255,66,186120,87,322416
20177,0.008386,74.125.24.0-255,5738,191858,87,322416
20178,0.008392,172.31.47.0-255,66,191924,87,322416
20179,0.010485,74.125.24.0-255,5738,197662,87,322416
20180,0.010493,172.31.47.0-255,66,197728,87,322416
20181,0.012565,74.125.24.0-255,5738,203466,87,322416
20182,0.012572,172.31.47.0-255,66,203532,87,322416
20183,0.014657,74.125.24.0-255,5738,209270,87,322416
20184,0.014664,172.31.47.0-255,66,209336,87,322416
20185,0.016726,74.125.24.0-255,5738,215074,87,322416
20186,0.016733,172.31.47.0-255,66,215140,87,322416
20187,0.018822,74.125.24.0-255,5738,220878,87,322416
20188,0.018829,172.31.47.0-255,66,220944,87,322416
20189,0.020919,74.125.24.0-255,5738,226682,87,322416
20190,0.020924,172.31.47.0-255,66,226748,87,322416
20191,0.023002,74.125.24.0-255,5738,232486,87,322416
20192,0.023009,172.31.47.0-255,66,232552,87,322416
20193,0.02511,74.125.24.0-255,5738,238290,87,322416
20194,0.025114,172.31.47.0-255,167,238457,87,322416
20195,0.025116,172.31.47.0-255,66,238523,87,322416
20196,0.025144,172.31.47.0-255,1111,239634,87,322416
20197,0.025177,172.31.47.0-255,1514,241148,87,322416
20198,0.025179,172.31.47.0-255,331,241479,87,322416
20199,0.026674,104.244.42.0-255,66,241545,87,322416
20200,0.027152,74.125.24.0-255,2902,244447,87,322416
20201,0.027156,172.31.47.0-255,66,244513,87,322416
20202,0.027187,74.125.24.0-255,2902,247415,87,322416
20203,0.02719,172.31.47.0-255,66,247481,87,322416
20204,0.029243,74.125.24.0-255,4320,251801,87,322416
20205,0.029248,172.31.47.0-255,66,251867,87,322416
20206,0.029277,74.125.24.0-255,1484,253351,87,322416
20207,0.031309,74.125.24.0-255,4320,257671,87,322416
20208,0.031314,172.31.47.0-255,66,257737,87,322416
20209,0.03337,74.125.24.0-255,5738,263475,87,322416
20210,0.033375,172.31.47.0-255,66,263541,87,322416
20211,0.035442,74.125.24.0-255,5738,269279,87,322416
20212,0.035448,172.31.47.0-255,66,269345,87,322416
20213,0.037516,74.125.24.0-255,5738,275083,87,322416
20214,0.03752,172.31.47.0-255,66,275149,87,322416
20215,0.039556,74.125.24.0-255,5738,280887,87,322416
20216,0.03956,172.31.47.0-255,66,280953,87,322416
20217,0.041629,74.125.24.0-255,4320,285273,87,322416
20218,0.041634,172.31.47.0-255,66,285339,87,322416
20219,0.041662,74.125.24.0-255,1484,286823,87,322416
20220,0.043709,74.125.24.0-255,4320,291143,87,322416
20221,0.043715,172.31.47.0-255,66,291209,87,322416
20222,0.045811,74.125.24.0-255,5738,296947,87,322416
20223,0.045816,172.31.47.0-255,66,297013,87,322416
20224,0.047879,74.125.24.0-255,5738,302751,87,322416
20225,0.047885,172.31.47.0-255,66,302817,87,322416
20226,0.049957,74.125.24.0-255,4320,307137,87,322416
20227,0.049962,172.31.47.0-255,66,307203,87,322416
20228,0.049989,74.125.24.0-255,1484,308687,87,322416
20229,0.052054,74.125.24.0-255,2902,311589,87,322416
20230,0.052059,172.31.47.0-255,66,311655,87,322416
20231,0.054116,74.125.24.0-255,5738,317393,87,322416
20232,0.054121,172.31.47.0-255,66,317459,87,322416
20233,0.056166,74.125.24.0-255,4720,322179,87,322416
20234,0.056171,172.31.47.0-255,66,322245,87,322416
20235,0.056387,172.31.47.0-255,105,322350,87,322416
20236,0.05842,74.125.24.0-255,66,322416,87,322416
20237,0.0,172.31.47.0-255,66,66,87,66
20238,0.0,172.31.47.0-255,66,66,87,66
20239,0.0,172.217.194.0-255,153,153,87,356649
20240,1.9e-05,172.31.47.0-255,66,219,87,356649
20241,2.6e-05,172.217.194.0-255,1484,1703,87,356649
20242,3e-05,172.31.47.0-255,66,1769,87,356649
20243,3.5e-05,172.217.194.0-255,2902,4671,87,356649
20244,3.8e-05,172.31.47.0-255,66,4737,87,356649
20245,6e-05,172.217.194.0-255,7156,11893,87,356649
20246,6.3e-05,172.31.47.0-255,66,11959,87,356649
20247,6.7e-05,172.217.194.0-255,2012,13971,87,356649
20248,6.9e-05,172.31.47.0-255,66,14037,87,356649
20249,0.000122,172.217.194.0-255,1484,15521,87,356649
20250,0.000124,172.31.47.0-255,66,15587,87,356649
20251,0.000138,172.217.194.0-255,2902,18489,87,356649
20252,0.00014,172.31.47.0-255,66,18555,87,356649
20253,0.000163,172.217.194.0-255,5738,24293,87,356649
20254,0.000166,172.31.47.0-255,66,24359,87,356649
20255,0.000169,172.217.194.0-255,1484,25843,87,356649
20256,0.000171,172.31.47.0-255,66,25909,87,356649
20257,0.000186,172.217.194.0-255,4320,30229,87,356649
20258,0.000188,172.31.47.0-255,66,30295,87,356649
20259,0.000214,172.217.194.0-255,1125,31420,87,356649
20260,0.000216,172.31.47.0-255,66,31486,87,356649
20261,0.00063,172.217.194.0-255,1484,32970,87,356649
20262,0.000636,172.31.47.0-255,66,33036,87,356649
20263,0.000643,172.217.194.0-255,2902,35938,87,356649
20264,0.000645,172.31.47.0-255,66,36004,87,356649
20265,0.000652,172.217.194.0-255,5738,41742,87,356649
20266,0.000653,172.31.47.0-255,66,41808,87,356649
20267,0.00069,172.217.194.0-255,5738,47546,87,356649
20268,0.000692,172.31.47.0-255,66,47612,87,356649
20269,0.000706,172.217.194.0-255,1125,48737,87,356649
20270,0.000707,172.31.47.0-255,66,48803,87,356649
20271,0.000724,172.217.194.0-255,4320,53123,87,356649
20272,0.000726,172.31.47.0-255,66,53189,87,356649
20273,0.000748,172.217.194.0-255,2902,56091,87,356649
20274,0.00075,172.31.47.0-255,66,56157,87,356649
20275,0.00076,172.31.47.0-255,66,56223,87,356649
20276,0.001093,172.217.194.0-255,646,56869,87,356649
20277,0.001367,172.217.194.0-255,1484,58353,87,356649
20278,0.001372,172.31.47.0-255,66,58419,87,356649
20279,0.001377,172.217.194.0-255,2902,61321,87,356649
20280,0.001379,172.31.47.0-255,66,61387,87,356649
20281,0.001393,172.217.194.0-255,1484,62871,87,356649
20282,0.001409,172.217.194.0-255,4320,67191,87,356649
20283,0.001411,172.31.47.0-255,66,67257,87,356649
20284,0.001416,172.217.194.0-255,4320,71577,87,356649
20285,0.001418,172.31.47.0-255,66,71643,87,356649
20286,0.001436,172.217.194.0-255,4320,75963,87,356649
20287,0.001438,172.31.47.0-255,66,76029,87,356649
20288,0.00146,172.217.194.0-255,7156,83185,87,356649
20289,0.001462,172.31.47.0-255,66,83251,87,356649
20290,0.001467,172.217.194.0-255,5738,88989,87,356649
20291,0.001469,172.31.47.0-255,66,89055,87,356649
20292,0.001482,172.217.194.0-255,2184,91239,87,356649
20293,0.001484,172.31.47.0-255,66,91305,87,356649
20294,0.001649,172.217.194.0-255,1484,92789,87,356649
20295,0.001661,172.217.194.0-255,2902,95691,87,356649
20296,0.001663,172.31.47.0-255,66,95757,87,356649
20297,0.001683,172.217.194.0-255,5738,101495,87,356649
20298,0.001686,172.31.47.0-255,66,101561,87,356649
20299,0.001698,172.217.194.0-255,1484,103045,87,356649
20300,0.001723,172.31.47.0-255,66,103111,87,356649
20301,0.001727,172.217.194.0-255,2902,106013,87,356649
20302,0.00173,172.31.47.0-255,66,106079,87,356649
20303,0.001744,172.217.194.0-255,5738,111817,87,356649
20304,0.001746,172.31.47.0-255,66,111883,87,356649
20305,0.001761,172.217.194.0-255,1484,113367,87,356649
20306,0.001778,172.217.194.0-255,766,114133,87,356649
20307,0.00178,172.31.47.0-255,66,114199,87,356649
20308,0.001784,172.217.194.0-255,2902,117101,87,356649
20309,0.001786,172.31.47.0-255,66,117167,87,356649
20310,0.001804,172.217.194.0-255,4320,121487,87,356649
20311,0.001807,172.31.47.0-255,66,121553,87,356649
20312,0.00182,172.217.194.0-255,2902,124455,87,356649
20313,0.001822,172.31.47.0-255,66,124521,87,356649
20314,0.001825,172.217.194.0-255,1484,126005,87,356649
20315,0.001859,172.31.47.0-255,66,126071,87,356649
20316,0.001915,172.31.47.0-255,66,126137,87,356649
20317,0.001921,172.217.194.0-255,7156,133293,87,356649
20318,0.001923,172.31.47.0-255,66,133359,87,356649
20319,0.001937,172.217.194.0-255,5738,139097,87,356649
20320,0.001939,172.31.47.0-255,66,139163,87,356649
20321,0.001945,172.217.194.0-255,7156,146319,87,356649
20322,0.001948,172.31.47.0-255,66,146385,87,356649
20323,0.001984,172.217.194.0-255,4320,150705,87,356649
20324,0.001986,172.31.47.0-255,66,150771,87,356649
20325,0.002013,172.31.47.0-255,66,150837,87,356649
20326,0.002024,172.217.194.0-255,2902,153739,87,356649
20327,0.002026,172.31.47.0-255,66,153805,87,356649
20328,0.002043,172.217.194.0-255,4320,158125,87,356649
20329,0.002045,172.31.47.0-255,66,158191,87,356649
20330,0.002064,172.217.194.0-255,2902,161093,87,356649
20331,0.002066,172.31.47.0-255,66,161159,87,356649
20332,0.00208,172.217.194.0-255,5738,166897,87,356649
20333,0.002082,172.31.47.0-255,66,166963,87,356649
20334,0.002086,172.217.194.0-255,2902,169865,87,356649
20335,0.002089,172.31.47.0-255,66,169931,87,356649
20336,0.002121,172.31.47.0-255,66,169997,87,356649
20337,0.002139,172.217.194.0-255,6438,176435,87,356649
20338,0.002141,172.31.47.0-255,66,176501,87,356649
20339,0.002172,172.217.194.0-255,2902,179403,87,356649
20340,0.002174,172.31.47.0-255,66,179469,87,356649
20341,0.002193,172.217.194.0-255,4320,183789,87,356649
20342,0.002195,172.31.47.0-255,66,183855,87,356649
20343,0.002198,172.217.194.0-255,2902,186757,87,356649
20344,0.0022,172.31.47.0-255,66,186823,87,356649
20345,0.002219,172.217.194.0-255,5738,192561,87,356649
20346,0.002221,172.31.47.0-255,66,192627,87,356649
20347,0.002233,172.217.194.0-255,5738,198365,87,356649
20348,0.002235,172.31.47.0-255,66,198431,87,356649
20349,0.002241,172.217.194.0-255,5738,204169,87,356649
20350,0.002243,172.31.47.0-255,66,204235,87,356649
20351,0.002257,172.217.194.0-255,6438,210673,87,356649
20352,0.002259,172.31.47.0-255,66,210739,87,356649
20353,0.00481,172.217.194.0-255,5738,216477,87,356649
20354,0.004815,172.31.47.0-255,66,216543,87,356649
20355,0.007381,172.217.194.0-255,5738,222281,87,356649
20356,0.007386,172.31.47.0-255,66,222347,87,356649
20357,0.009957,172.217.194.0-255,5738,228085,87,356649
20358,0.009964,172.31.47.0-255,66,228151,87,356649
20359,0.012543,172.217.194.0-255,5738,233889,87,356649
20360,0.012555,172.31.47.0-255,66,233955,87,356649
20361,0.015139,172.217.194.0-255,5738,239693,87,356649
20362,0.015147,172.31.47.0-255,66,239759,87,356649
20363,0.017707,172.217.194.0-255,5738,245497,87,356649
20364,0.017714,172.31.47.0-255,66,245563,87,356649
20365,0.020268,172.217.194.0-255,5738,251301,87,356649
20366,0.020275,172.31.47.0-255,66,251367,87,356649
20367,0.022872,172.217.194.0-255,5738,257105,87,356649
20368,0.022878,172.31.47.0-255,66,257171,87,356649
20369,0.024854,172.31.47.0-255,172,257343,87,356649
20370,0.0249,172.31.47.0-255,1113,258456,87,356649
20371,0.02495,172.31.47.0-255,1514,259970,87,356649
20372,0.024951,172.31.47.0-255,1291,261261,87,356649
20373,0.02543,172.217.194.0-255,5738,266999,87,356649
20374,0.025436,172.31.47.0-255,66,267065,87,356649
20375,0.026409,104.244.42.0-255,66,267131,87,356649
20376,0.026449,104.244.42.0-255,66,267197,87,356649
20377,0.026507,104.244.42.0-255,66,267263,87,356649
20378,0.028001,172.217.194.0-255,5738,273001,87,356649
20379,0.028009,172.31.47.0-255,66,273067,87,356649
20380,0.03062,172.217.194.0-255,5738,278805,87,356649
20381,0.030625,172.31.47.0-255,66,278871,87,356649
20382,0.033182,172.217.194.0-255,5738,284609,87,356649
20383,0.033188,172.31.47.0-255,66,284675,87,356649
20384,0.035738,172.217.194.0-255,5738,290413,87,356649
20385,0.035744,172.31.47.0-255,66,290479,87,356649
20386,0.038344,172.217.194.0-255,5738,296217,87,356649
20387,0.038353,172.31.47.0-255,66,296283,87,356649
20388,0.040966,172.217.194.0-255,5738,302021,87,356649
20389,0.040979,172.31.47.0-255,66,302087,87,356649
20390,0.043557,172.217.194.0-255,5738,307825,87,356649
20391,0.043563,172.31.47.0-255,66,307891,87,356649
20392,0.046144,172.217.194.0-255,5738,313629,87,356649
20393,0.04615,172.31.47.0-255,66,313695,87,356649
20394,0.048728,172.217.194.0-255,5738,319433,87,356649
20395,0.048734,172.31.47.0-255,66,319499,87,356649
20396,0.051299,172.217.194.0-255,5738,325237,87,356649
20397,0.051305,172.31.47.0-255,66,325303,87,356649
20398,0.053886,172.217.194.0-255,5738,331041,87,356649
20399,0.053893,172.31.47.0-255,66,331107,87,356649
20400,0.056481,172.217.194.0-255,5738,336845,87,356649
20401,0.056494,172.31.47.0-255,66,336911,87,356649
20402,0.059098,172.217.194.0-255,5738,342649,87,356649
20403,0.059106,172.31.47.0-255,66,342715,87,356649
20404,0.061681,172.217.194.0-255,5738,348453,87,356649
20405,0.061687,172.31.47.0-255,66,348519,87,356649
20406,0.064237,172.217.194.0-255,5738,354257,87,356649
20407,0.064243,172.31.47.0-255,66,354323,87,356649
20408,0.06682,172.217.194.0-255,2089,356412,87,356649
20409,0.066833,172.31.47.0-255,66,356478,87,356649
20410,0.067039,172.31.47.0-255,105,356583,87,356649
20411,0.069596,172.217.194.0-255,66,356649,87,356649
20412,0.0,172.217.194.0-255,153,153,87,162905
20413,3.3e-05,172.31.47.0-255,66,219,87,162905
20414,3.9e-05,172.217.194.0-255,1484,1703,87,162905
20415,4.3e-05,172.31.47.0-255,66,1769,87,162905
20416,6.6e-05,172.217.194.0-255,2902,4671,87,162905
20417,6.9e-05,172.31.47.0-255,66,4737,87,162905
20418,7.6e-05,172.217.194.0-255,7156,11893,87,162905
20419,7.8e-05,172.31.47.0-255,66,11959,87,162905
20420,8.1e-05,172.217.194.0-255,2136,14095,87,162905
20421,8.3e-05,172.31.47.0-255,66,14161,87,162905
20422,0.00013,172.31.47.0-255,66,14227,87,162905
20423,0.000136,172.217.194.0-255,5379,19606,87,162905
20424,0.000138,172.31.47.0-255,66,19672,87,162905
20425,0.000217,172.217.194.0-255,1484,21156,87,162905
20426,0.00022,172.31.47.0-255,66,21222,87,162905
20427,0.000225,172.217.194.0-255,2902,24124,87,162905
20428,0.000226,172.31.47.0-255,66,24190,87,162905
20429,0.000276,172.31.47.0-255,101,24291,87,162905
20430,0.00029,172.217.194.0-255,5738,30029,87,162905
20431,0.000295,172.31.47.0-255,66,30095,87,162905
20432,0.000308,172.31.47.0-255,66,30161,87,162905
20433,0.000317,172.31.47.0-255,66,30227,87,162905
20434,0.000342,172.217.194.0-255,1735,31962,87,162905
20435,0.000345,172.31.47.0-255,66,32028,87,162905
20436,0.000472,172.217.194.0-255,1484,33512,87,162905
20437,0.000494,172.217.194.0-255,2902,36414,87,162905
20438,0.000497,172.31.47.0-255,66,36480,87,162905
20439,0.000503,172.217.194.0-255,5738,42218,87,162905
20440,0.000505,172.31.47.0-255,66,42284,87,162905
20441,0.000533,172.31.47.0-255,66,42350,87,162905
20442,0.000566,172.217.194.0-255,1484,43834,87,162905
20443,0.000577,172.31.47.0-255,66,43900,87,162905
20444,0.000878,172.217.194.0-255,1484,45384,87,162905
20445,0.00089,172.217.194.0-255,2902,48286,87,162905
20446,0.000893,172.31.47.0-255,66,48352,87,162905
20447,0.000897,172.217.194.0-255,1484,49836,87,162905
20448,0.000919,172.217.194.0-255,4320,54156,87,162905
20449,0.000922,172.217.194.0-255,1484,55640,87,162905
20450,0.000923,172.31.47.0-255,66,55706,87,162905
20451,0.000961,172.217.194.0-255,7156,62862,87,162905
20452,0.00096,172.31.47.0-255,66,62928,87,162905
20453,0.000964,172.31.47.0-255,66,62994,87,162905
20454,0.000985,172.217.194.0-255,3602,66596,87,162905
20455,0.000988,172.31.47.0-255,66,66662,87,162905
20456,0.001113,172.217.194.0-255,1484,68146,87,162905
20457,0.001127,172.217.194.0-255,2902,71048,87,162905
20458,0.00113,172.31.47.0-255,66,71114,87,162905
20459,0.001154,172.217.194.0-255,4320,75434,87,162905
20460,0.001157,172.31.47.0-255,66,75500,87,162905
20461,0.001183,172.217.194.0-255,5738,81238,87,162905
20462,0.001186,172.31.47.0-255,66,81304,87,162905
20463,0.001218,172.217.194.0-255,7156,88460,87,162905
20464,0.001221,172.31.47.0-255,66,88526,87,162905
20465,0.001249,172.217.194.0-255,2902,91428,87,162905
20466,0.001254,172.31.47.0-255,66,91494,87,162905
20467,0.001287,172.31.47.0-255,66,91560,87,162905
20468,0.001314,172.217.194.0-255,7156,98716,87,162905
20469,0.001317,172.31.47.0-255,66,98782,87,162905
20470,0.001326,172.31.47.0-255,66,98848,87,162905
20471,0.001357,172.217.194.0-255,7156,106004,87,162905
20472,0.001359,172.31.47.0-255,66,106070,87,162905
20473,0.001398,172.31.47.0-255,66,106136,87,162905
20474,0.001403,172.217.194.0-255,5738,111874,87,162905
20475,0.001405,172.31.47.0-255,66,111940,87,162905
20476,0.001426,172.217.194.0-255,2184,114124,87,162905
20477,0.001428,172.31.47.0-255,66,114190,87,162905
20478,0.001442,172.31.47.0-255,66,114256,87,162905
20479,0.001498,172.31.47.0-255,66,114322,87,162905
20480,0.001501,172.217.194.0-255,1484,115806,87,162905
20481,0.001523,172.217.194.0-255,2902,118708,87,162905
20482,0.001525,172.31.47.0-255,66,118774,87,162905
20483,0.00153,172.217.194.0-255,5738,124512,87,162905
20484,0.001533,172.31.47.0-255,66,124578,87,162905
20485,0.001592,172.31.47.0-255,66,124644,87,162905
20486,0.001604,172.31.47.0-255,66,124710,87,162905
20487,0.001811,172.217.194.0-255,1484,126194,87,162905
20488,0.001826,172.217.194.0-255,2902,129096,87,162905
20489,0.001829,172.31.47.0-255,66,129162,87,162905
20490,0.001832,172.217.194.0-255,1484,130646,87,162905
20491,0.00185,172.217.194.0-255,4320,134966,87,162905
20492,0.001852,172.31.47.0-255,66,135032,87,162905
20493,0.001855,172.217.194.0-255,1484,136516,87,162905
20494,0.001883,172.31.47.0-255,66,136582,87,162905
20495,0.001893,172.31.47.0-255,66,136648,87,162905
20496,0.00194,172.217.194.0-255,2184,138832,87,162905
20497,0.001944,172.31.47.0-255,66,138898,87,162905
20498,0.002144,172.217.194.0-255,1484,140382,87,162905
20499,0.002152,172.217.194.0-255,2902,143284,87,162905
20500,0.002157,172.31.47.0-255,66,143350,87,162905
20501,0.002166,172.217.194.0-255,5738,149088,87,162905
20502,0.002179,172.31.47.0-255,66,149154,87,162905
20503,0.002197,172.31.47.0-255,66,149220,87,162905
20504,0.002244,172.31.47.0-255,66,149286,87,162905
20505,0.002283,172.217.194.0-255,3602,152888,87,162905
20506,0.002286,172.31.47.0-255,66,152954,87,162905
20507,0.00231,172.31.47.0-255,66,153020,87,162905
20508,0.002338,172.31.47.0-255,66,153086,87,162905
20509,0.002369,172.217.194.0-255,2184,155270,87,162905
20510,0.002372,172.31.47.0-255,66,155336,87,162905
20511,0.002406,172.31.47.0-255,66,155402,87,162905
20512,0.00241,172.217.194.0-255,105,155507,87,162905
20513,0.002836,172.217.194.0-255,66,155573,87,162905
20514,0.012943,172.31.47.0-255,105,155678,87,162905
20515,0.015531,172.217.194.0-255,66,155744,87,162905
20516,0.031631,172.31.47.0-255,171,155915,87,162905
20517,0.031662,172.31.47.0-255,1130,157045,87,162905
20518,0.031702,172.31.47.0-255,1514,158559,87,162905
20519,0.031704,172.31.47.0-255,1514,160073,87,162905
20520,0.031708,172.31.47.0-255,1514,161587,87,162905
20521,0.03171,172.31.47.0-255,1054,162641,87,162905
20522,0.033198,104.244.42.0-255,66,162707,87,162905
20523,0.033208,104.244.42.0-255,66,162773,87,162905
20524,0.033364,104.244.42.0-255,66,162839,87,162905
20525,0.033368,104.244.42.0-255,66,162905,87,162905
20526,0.0,172.217.160.0-255,153,153,87,264280
20527,2.1e-05,172.31.47.0-255,66,219,87,264280
20528,2.6e-05,172.217.160.0-255,1484,1703,87,264280
20529,2.9e-05,172.31.47.0-255,66,1769,87,264280
20530,4.3e-05,172.217.160.0-255,2902,4671,87,264280
20531,4.5e-05,172.31.47.0-255,66,4737,87,264280
20532,4.9e-05,172.217.160.0-255,2902,7639,87,264280
20533,5.1e-05,172.31.47.0-255,66,7705,87,264280
20534,7e-05,172.217.160.0-255,2902,10607,87,264280
20535,7.3e-05,172.31.47.0-255,66,10673,87,264280
20536,0.0001,172.217.160.0-255,3599,14272,87,264280
20537,0.000103,172.31.47.0-255,66,14338,87,264280
20538,0.000268,172.217.160.0-255,1484,15822,87,264280
20539,0.000273,172.31.47.0-255,66,15888,87,264280
20540,0.000277,172.217.160.0-255,2902,18790,87,264280
20541,0.00028,172.31.47.0-255,66,18856,87,264280
20542,0.000282,172.217.160.0-255,1484,20340,87,264280
20543,0.000286,172.31.47.0-255,66,20406,87,264280
20544,0.000304,172.217.160.0-255,4320,24726,87,264280
20545,0.000307,172.31.47.0-255,66,24792,87,264280
20546,0.000335,172.217.160.0-255,1484,26276,87,264280
20547,0.000337,172.31.47.0-255,66,26342,87,264280
20548,0.000361,172.217.160.0-255,5379,31721,87,264280
20549,0.000365,172.31.47.0-255,66,31787,87,264280
20550,0.000613,172.217.160.0-255,1484,33271,87,264280
20551,0.000618,172.31.47.0-255,66,33337,87,264280
20552,0.000626,172.217.160.0-255,2902,36239,87,264280
20553,0.000628,172.31.47.0-255,66,36305,87,264280
20554,0.000633,172.217.160.0-255,4320,40625,87,264280
20555,0.000635,172.31.47.0-255,66,40691,87,264280
20556,0.000658,172.217.160.0-255,1484,42175,87,264280
20557,0.000661,172.31.47.0-255,66,42241,87,264280
20558,0.000667,172.217.160.0-255,5738,47979,87,264280
20559,0.000669,172.31.47.0-255,66,48045,87,264280
20560,0.000683,172.217.160.0-255,1125,49170,87,264280
20561,0.001556,172.217.160.0-255,1484,50654,87,264280
20562,0.001562,172.31.47.0-255,66,50720,87,264280
20563,0.001567,172.217.160.0-255,2902,53622,87,264280
20564,0.001569,172.31.47.0-255,66,53688,87,264280
20565,0.001574,172.217.160.0-255,5738,59426,87,264280
20566,0.001576,172.31.47.0-255,66,59492,87,264280
20567,0.0016,172.217.160.0-255,4320,63812,87,264280
20568,0.001602,172.31.47.0-255,66,63878,87,264280
20569,0.001624,172.31.47.0-255,66,63944,87,264280
20570,0.001632,172.31.47.0-255,66,64010,87,264280
20571,0.001653,172.217.160.0-255,1484,65494,87,264280
20572,0.001675,172.217.160.0-255,4541,70035,87,264280
20573,0.001677,172.31.47.0-255,66,70101,87,264280
20574,0.001682,172.217.160.0-255,7156,77257,87,264280
20575,0.001684,172.31.47.0-255,66,77323,87,264280
20576,0.001713,172.217.160.0-255,1484,78807,87,264280
20577,0.001728,172.217.160.0-255,3961,82768,87,264280
20578,0.00173,172.31.47.0-255,66,82834,87,264280
20579,0.002153,172.217.160.0-255,1484,84318,87,264280
20580,0.00217,172.217.160.0-255,2902,87220,87,264280
20581,0.002173,172.31.47.0-255,66,87286,87,264280
20582,0.002178,172.217.160.0-255,2902,90188,87,264280
20583,0.002179,172.31.47.0-255,66,90254,87,264280
20584,0.002182,172.217.160.0-255,1484,91738,87,264280
20585,0.002196,172.217.160.0-255,2902,94640,87,264280
20586,0.002198,172.31.47.0-255,66,94706,87,264280
20587,0.002202,172.217.160.0-255,2902,97608,87,264280
20588,0.002204,172.31.47.0-255,66,97674,87,264280
20589,0.002231,172.217.160.0-255,1879,99553,87,264280
20590,0.002234,172.31.47.0-255,66,99619,87,264280
20591,0.002286,172.217.160.0-255,1484,101103,87,264280
20592,0.002303,172.217.160.0-255,2902,104005,87,264280
20593,0.002305,172.31.47.0-255,66,104071,87,264280
20594,0.00231,172.217.160.0-255,4320,108391,87,264280
20595,0.002312,172.31.47.0-255,66,108457,87,264280
20596,0.002324,172.217.160.0-255,1484,109941,87,264280
20597,0.002329,172.217.160.0-255,4320,114261,87,264280
20598,0.002332,172.31.47.0-255,66,114327,87,264280
20599,0.002349,172.217.160.0-255,3238,117565,87,264280
20600,0.002352,172.31.47.0-255,66,117631,87,264280
20601,0.002388,172.217.160.0-255,1484,119115,87,264280
20602,0.002392,172.217.160.0-255,2902,122017,87,264280
20603,0.002394,172.31.47.0-255,66,122083,87,264280
20604,0.002397,172.217.160.0-255,1484,123567,87,264280
20605,0.002415,172.217.160.0-255,4320,127887,87,264280
20606,0.002417,172.31.47.0-255,66,127953,87,264280
20607,0.002419,172.217.160.0-255,1484,129437,87,264280
20608,0.002437,172.217.160.0-255,5738,135175,87,264280
20609,0.00244,172.31.47.0-255,66,135241,87,264280
20610,0.002442,172.217.160.0-255,1484,136725,87,264280
20611,0.002463,172.217.160.0-255,7156,143881,87,264280
20612,0.002465,172.31.47.0-255,66,143947,87,264280
20613,0.002468,172.217.160.0-255,1484,145431,87,264280
20614,0.00249,172.217.160.0-255,6438,151869,87,264280
20615,0.002493,172.31.47.0-255,66,151935,87,264280
20616,0.00256,172.217.160.0-255,1484,153419,87,264280
20617,0.002571,172.217.160.0-255,2902,156321,87,264280
20618,0.002573,172.31.47.0-255,66,156387,87,264280
20619,0.002595,172.217.160.0-255,5738,162125,87,264280
20620,0.002597,172.31.47.0-255,66,162191,87,264280
20621,0.002667,172.31.47.0-255,66,162257,87,264280
20622,0.002678,172.31.47.0-255,66,162323,87,264280
20623,0.002882,172.217.160.0-255,1484,163807,87,264280
20624,0.002885,172.217.160.0-255,1484,165291,87,264280
20625,0.002887,172.31.47.0-255,66,165357,87,264280
20626,0.002901,172.217.160.0-255,1484,166841,87,264280
20627,0.002913,172.217.160.0-255,2902,169743,87,264280
20628,0.002916,172.31.47.0-255,66,169809,87,264280
20629,0.002935,172.217.160.0-255,2902,172711,87,264280
20630,0.002936,172.31.47.0-255,66,172777,87,264280
20631,0.002941,172.217.160.0-255,4320,177097,87,264280
20632,0.002943,172.31.47.0-255,66,177163,87,264280
20633,0.002961,172.217.160.0-255,2902,180065,87,264280
20634,0.002964,172.31.47.0-255,66,180131,87,264280
20635,0.002987,172.31.47.0-255,66,180197,87,264280
20636,0.003008,172.217.160.0-255,5738,185935,87,264280
20637,0.00301,172.31.47.0-255,66,186001,87,264280
20638,0.003025,172.217.160.0-255,2184,188185,87,264280
20639,0.003026,172.31.47.0-255,66,188251,87,264280
20640,0.003401,172.217.160.0-255,1484,189735,87,264280
20641,0.003407,172.217.160.0-255,1484,191219,87,264280
20642,0.00341,172.31.47.0-255,66,191285,87,264280
20643,0.003429,172.217.160.0-255,1484,192769,87,264280
20644,0.003435,172.217.160.0-255,5738,198507,87,264280
20645,0.003438,172.31.47.0-255,66,198573,87,264280
20646,0.003467,172.217.160.0-255,2902,201475,87,264280
20647,0.003471,172.31.47.0-255,66,201541,87,264280
20648,0.003499,172.31.47.0-255,66,201607,87,264280
20649,0.0035,172.217.160.0-255,7156,208763,87,264280
20650,0.003502,172.31.47.0-255,66,208829,87,264280
20651,0.003524,172.217.160.0-255,3602,212431,87,264280
20652,0.003527,172.31.47.0-255,66,212497,87,264280
20653,0.003531,172.217.160.0-255,2902,215399,87,264280
20654,0.003534,172.31.47.0-255,66,215465,87,264280
20655,0.003556,172.31.47.0-255,66,215531,87,264280
20656,0.003582,172.31.47.0-255,66,215597,87,264280
20657,0.003589,172.217.160.0-255,7156,222753,87,264280
20658,0.003592,172.31.47.0-255,66,222819,87,264280
20659,0.003616,172.217.160.0-255,2184,225003,87,264280
20660,0.003619,172.31.47.0-255,66,225069,87,264280
20661,0.003624,172.217.160.0-255,4320,229389,87,264280
20662,0.003626,172.31.47.0-255,66,229455,87,264280
20663,0.003637,172.31.47.0-255,66,229521,87,264280
20664,0.003679,172.31.47.0-255,66,229587,87,264280
20665,0.003683,172.217.160.0-255,2184,231771,87,264280
20666,0.003685,172.31.47.0-255,66,231837,87,264280
20667,0.0037,172.217.160.0-255,4320,236157,87,264280
20668,0.003703,172.31.47.0-255,66,236223,87,264280
20669,0.00373,172.217.160.0-255,4320,240543,87,264280
20670,0.003733,172.31.47.0-255,66,240609,87,264280
20671,0.003743,172.31.47.0-255,66,240675,87,264280
20672,0.003748,172.217.160.0-255,4320,244995,87,264280
20673,0.003752,172.31.47.0-255,66,245061,87,264280
20674,0.003812,172.31.47.0-255,66,245127,87,264280
20675,0.003816,172.217.160.0-255,2184,247311,87,264280
20676,0.003818,172.31.47.0-255,66,247377,87,264280
20677,0.003831,172.217.160.0-255,2902,250279,87,264280
20678,0.003834,172.31.47.0-255,66,250345,87,264280
20679,0.003838,172.217.160.0-255,2902,253247,87,264280
20680,0.003839,172.31.47.0-255,66,253313,87,264280
20681,0.003859,172.217.160.0-255,1484,254797,87,264280
20682,0.003869,172.31.47.0-255,66,254863,87,264280
20683,0.003916,172.31.47.0-255,66,254929,87,264280
20684,0.003937,172.217.160.0-255,4655,259584,87,264280
20685,0.00394,172.31.47.0-255,66,259650,87,264280
20686,0.003962,172.217.160.0-255,105,259755,87,264280
20687,0.006277,172.31.47.0-255,66,259821,87,264280
20688,0.006299,172.31.47.0-255,105,259926,87,264280
20689,0.008185,172.217.160.0-255,66,259992,87,264280
20690,0.026184,172.31.47.0-255,172,260164,87,264280
20691,0.026218,172.31.47.0-255,1111,261275,87,264280
20692,0.026251,172.31.47.0-255,1514,262789,87,264280
20693,0.026252,172.31.47.0-255,1293,264082,87,264280
20694,0.027737,104.244.42.0-255,66,264148,87,264280
20695,0.027839,104.244.42.0-255,66,264214,87,264280
20696,0.027841,104.244.42.0-255,66,264280,87,264280
20697,0.0,172.217.194.0-255,288,288,87,321726
20698,1.8e-05,172.31.47.0-255,66,354,87,321726
20699,2.3e-05,172.217.194.0-255,1484,1838,87,321726
20700,2.7e-05,172.31.47.0-255,66,1904,87,321726
20701,3.3e-05,172.217.194.0-255,2902,4806,87,321726
20702,3.5e-05,172.31.47.0-255,66,4872,87,321726
20703,4.8e-05,172.217.194.0-255,5738,10610,87,321726
20704,5.1e-05,172.31.47.0-255,66,10676,87,321726
20705,0.000114,172.31.47.0-255,66,10742,87,321726
20706,0.000125,172.31.47.0-255,66,10808,87,321726
20707,0.00013,172.217.194.0-255,4320,15128,87,321726
20708,0.000131,172.31.47.0-255,66,15194,87,321726
20709,0.000174,172.31.47.0-255,66,15260,87,321726
20710,0.000176,172.217.194.0-255,766,16026,87,321726
20711,0.000178,172.31.47.0-255,66,16092,87,321726
20712,0.000534,172.217.194.0-255,1484,17576,87,321726
20713,0.000539,172.31.47.0-255,66,17642,87,321726
20714,0.000564,172.217.194.0-255,2902,20544,87,321726
20715,0.000567,172.31.47.0-255,66,20610,87,321726
20716,0.000573,172.217.194.0-255,5738,26348,87,321726
20717,0.000574,172.31.47.0-255,66,26414,87,321726
20718,0.000579,172.217.194.0-255,4320,30734,87,321726
20719,0.000581,172.31.47.0-255,66,30800,87,321726
20720,0.000604,172.217.194.0-255,1484,32284,87,321726
20721,0.000607,172.31.47.0-255,66,32350,87,321726
20722,0.00062,172.217.194.0-255,1714,34064,87,321726
20723,0.000622,172.31.47.0-255,66,34130,87,321726
20724,0.003227,172.217.194.0-255,1484,35614,87,321726
20725,0.003232,172.31.47.0-255,66,35680,87,321726
20726,0.003241,172.217.194.0-255,2902,38582,87,321726
20727,0.003243,172.31.47.0-255,66,38648,87,321726
20728,0.00325,172.217.194.0-255,1484,40132,87,321726
20729,0.005166,172.217.194.0-255,1484,41616,87,321726
20730,0.005172,172.31.47.0-255,66,41682,87,321726
20731,0.005202,172.217.194.0-255,2902,44584,87,321726
20732,0.005204,172.31.47.0-255,66,44650,87,321726
20733,0.007163,172.217.194.0-255,5738,50388,87,321726
20734,0.00717,172.31.47.0-255,66,50454,87,321726
20735,0.009179,172.217.194.0-255,5738,56192,87,321726
20736,0.009186,172.31.47.0-255,66,56258,87,321726
20737,0.011118,172.217.194.0-255,5738,61996,87,321726
20738,0.011126,172.31.47.0-255,66,62062,87,321726
20739,0.013089,172.217.194.0-255,5738,67800,87,321726
20740,0.013096,172.31.47.0-255,66,67866,87,321726
20741,0.015052,172.217.194.0-255,5738,73604,87,321726
20742,0.015059,172.31.47.0-255,66,73670,87,321726
20743,0.01708,172.217.194.0-255,5738,79408,87,321726
20744,0.017093,172.31.47.0-255,66,79474,87,321726
20745,0.0191,172.217.194.0-255,5738,85212,87,321726
20746,0.019111,172.31.47.0-255,66,85278,87,321726
20747,0.021062,172.217.194.0-255,5738,91016,87,321726
20748,0.021069,172.31.47.0-255,66,91082,87,321726
20749,0.021831,172.31.47.0-255,172,91254,87,321726
20750,0.021875,172.31.47.0-255,1111,92365,87,321726
20751,0.02194,172.31.47.0-255,1514,93879,87,321726
20752,0.021942,172.31.47.0-255,1293,95172,87,321726
20753,0.023017,172.217.194.0-255,5738,100910,87,321726
20754,0.023024,172.31.47.0-255,66,100976,87,321726
20755,0.023376,104.244.42.0-255,66,101042,87,321726
20756,0.02348,104.244.42.0-255,66,101108,87,321726
20757,0.023517,104.244.42.0-255,66,101174,87,321726
20758,0.024993,172.217.194.0-255,5738,106912,87,321726
20759,0.024998,172.31.47.0-255,66,106978,87,321726
20760,0.027012,172.217.194.0-255,5738,112716,87,321726
20761,0.027019,172.31.47.0-255,66,112782,87,321726
20762,0.028982,172.217.194.0-255,5738,118520,87,321726
20763,0.028987,172.31.47.0-255,66,118586,87,321726
20764,0.030937,172.217.194.0-255,5738,124324,87,321726
20765,0.030943,172.31.47.0-255,66,124390,87,321726
20766,0.032881,172.217.194.0-255,5738,130128,87,321726
20767,0.032888,172.31.47.0-255,66,130194,87,321726
20768,0.034887,172.217.194.0-255,5738,135932,87,321726
20769,0.034893,172.31.47.0-255,66,135998,87,321726
20770,0.036863,172.217.194.0-255,5738,141736,87,321726
20771,0.03687,172.31.47.0-255,66,141802,87,321726
20772,0.038806,172.217.194.0-255,5738,147540,87,321726
20773,0.038812,172.31.47.0-255,66,147606,87,321726
20774,0.040773,172.217.194.0-255,5738,153344,87,321726
20775,0.040781,172.31.47.0-255,66,153410,87,321726
20776,0.042734,172.217.194.0-255,5738,159148,87,321726
20777,0.042739,172.31.47.0-255,66,159214,87,321726
20778,0.044729,172.217.194.0-255,5738,164952,87,321726
20779,0.044734,172.31.47.0-255,66,165018,87,321726
20780,0.046694,172.217.194.0-255,5738,170756,87,321726
20781,0.0467,172.31.47.0-255,66,170822,87,321726
20782,0.048665,172.217.194.0-255,5738,176560,87,321726
20783,0.048671,172.31.47.0-255,66,176626,87,321726
20784,0.050648,172.217.194.0-255,5738,182364,87,321726
20785,0.050655,172.31.47.0-255,66,182430,87,321726
20786,0.052617,172.217.194.0-255,5738,188168,87,321726
20787,0.052623,172.31.47.0-255,66,188234,87,321726
20788,0.054575,172.217.194.0-255,5738,193972,87,321726
20789,0.05458,172.31.47.0-255,66,194038,87,321726
20790,0.05654,172.217.194.0-255,5738,199776,87,321726
20791,0.056546,172.31.47.0-255,66,199842,87,321726
20792,0.058504,172.217.194.0-255,5738,205580,87,321726
20793,0.05851,172.31.47.0-255,66,205646,87,321726
20794,0.060479,172.217.194.0-255,5738,211384,87,321726
20795,0.060484,172.31.47.0-255,66,211450,87,321726
20796,0.062464,172.217.194.0-255,5738,217188,87,321726
20797,0.062469,172.31.47.0-255,66,217254,87,321726
20798,0.064412,172.217.194.0-255,5738,222992,87,321726
20799,0.064418,172.31.47.0-255,66,223058,87,321726
20800,0.066351,172.217.194.0-255,5738,228796,87,321726
20801,0.066356,172.31.47.0-255,66,228862,87,321726
20802,0.068328,172.217.194.0-255,5738,234600,87,321726
20803,0.068336,172.31.47.0-255,66,234666,87,321726
20804,0.070326,172.217.194.0-255,5738,240404,87,321726
20805,0.070332,172.31.47.0-255,66,240470,87,321726
20806,0.072295,172.217.194.0-255,5738,246208,87,321726
20807,0.072301,172.31.47.0-255,66,246274,87,321726
20808,0.074335,172.217.194.0-255,5738,252012,87,321726
20809,0.074341,172.31.47.0-255,66,252078,87,321726
20810,0.076296,172.217.194.0-255,5738,257816,87,321726
20811,0.076303,172.31.47.0-255,66,257882,87,321726
20812,0.078263,172.217.194.0-255,5738,263620,87,321726
20813,0.078268,172.31.47.0-255,66,263686,87,321726
20814,0.080281,172.217.194.0-255,5738,269424,87,321726
20815,0.080287,172.31.47.0-255,66,269490,87,321726
20816,0.082267,172.217.194.0-255,5738,275228,87,321726
20817,0.082274,172.31.47.0-255,66,275294,87,321726
20818,0.084261,172.217.194.0-255,5738,281032,87,321726
20819,0.084265,172.31.47.0-255,66,281098,87,321726
20820,0.086271,172.217.194.0-255,5738,286836,87,321726
20821,0.086277,172.31.47.0-255,66,286902,87,321726
20822,0.088213,172.217.194.0-255,5738,292640,87,321726
20823,0.088218,172.31.47.0-255,66,292706,87,321726
20824,0.090207,172.217.194.0-255,5738,298444,87,321726
20825,0.090213,172.31.47.0-255,66,298510,87,321726
20826,0.092191,172.217.194.0-255,5738,304248,87,321726
20827,0.092196,172.31.47.0-255,66,304314,87,321726
20828,0.094168,172.217.194.0-255,5738,310052,87,321726
20829,0.094174,172.31.47.0-255,66,310118,87,321726
20830,0.096165,172.217.194.0-255,5738,315856,87,321726
20831,0.096171,172.31.47.0-255,66,315922,87,321726
20832,0.098187,172.217.194.0-255,5738,321660,87,321726
20833,0.098194,172.31.47.0-255,66,321726,87,321726
20834,0.0,74.125.130.0-255,153,153,87,369132
20835,2.2e-05,172.31.47.0-255,66,219,87,369132
20836,2.8e-05,74.125.130.0-255,1484,1703,87,369132
20837,3.3e-05,172.31.47.0-255,66,1769,87,369132
20838,3.5e-05,74.125.130.0-255,1484,3253,87,369132
20839,3.7e-05,172.31.47.0-255,66,3319,87,369132
20840,6.3e-05,74.125.130.0-255,2902,6221,87,369132
20841,6.5e-05,172.31.47.0-255,66,6287,87,369132
20842,7e-05,74.125.130.0-255,4320,10607,87,369132
20843,7.2e-05,172.31.47.0-255,66,10673,87,369132
20844,8.3e-05,74.125.130.0-255,1484,12157,87,369132
20845,8.6e-05,172.31.47.0-255,66,12223,87,369132
20846,9e-05,74.125.130.0-255,1985,14208,87,369132
20847,9.1e-05,172.31.47.0-255,66,14274,87,369132
20848,0.000223,74.125.130.0-255,1484,15758,87,369132
20849,0.000227,172.31.47.0-255,66,15824,87,369132
20850,0.00023,74.125.130.0-255,1484,17308,87,369132
20851,0.000232,172.31.47.0-255,66,17374,87,369132
20852,0.000245,74.125.130.0-255,1484,18858,87,369132
20853,0.000248,172.31.47.0-255,66,18924,87,369132
20854,0.000252,74.125.130.0-255,2902,21826,87,369132
20855,0.000255,172.31.47.0-255,66,21892,87,369132
20856,0.000267,74.125.130.0-255,1484,23376,87,369132
20857,0.000269,172.31.47.0-255,66,23442,87,369132
20858,0.00029,74.125.130.0-255,2902,26344,87,369132
20859,0.000293,172.31.47.0-255,66,26410,87,369132
20860,0.000315,74.125.130.0-255,5379,31789,87,369132
20861,0.000318,172.31.47.0-255,66,31855,87,369132
20862,0.00033,74.125.130.0-255,2902,34757,87,369132
20863,0.000333,172.31.47.0-255,66,34823,87,369132
20864,0.000357,74.125.130.0-255,5738,40561,87,369132
20865,0.000361,172.31.47.0-255,66,40627,87,369132
20866,0.000365,74.125.130.0-255,2902,43529,87,369132
20867,0.000366,172.31.47.0-255,66,43595,87,369132
20868,0.000395,74.125.130.0-255,2902,46497,87,369132
20869,0.000398,172.31.47.0-255,66,46563,87,369132
20870,0.000414,74.125.130.0-255,2543,49106,87,369132
20871,0.000417,172.31.47.0-255,66,49172,87,369132
20872,0.000449,74.125.130.0-255,5738,54910,87,369132
20873,0.000451,172.31.47.0-255,66,54976,87,369132
20874,0.000465,74.125.130.0-255,2902,57878,87,369132
20875,0.000467,172.31.47.0-255,66,57944,87,369132
20876,0.000483,74.125.130.0-255,4320,62264,87,369132
20877,0.000486,172.31.47.0-255,66,62330,87,369132
20878,0.000499,74.125.130.0-255,2902,65232,87,369132
20879,0.000501,172.31.47.0-255,66,65298,87,369132
20880,0.000516,74.125.130.0-255,1413,66711,87,369132
20881,0.000526,74.125.130.0-255,100,66811,87,369132
20882,0.000701,172.31.47.0-255,66,66877,87,369132
20883,0.000736,74.125.130.0-255,1484,68361,87,369132
20884,0.000752,74.125.130.0-255,1484,69845,87,369132
20885,0.000754,172.31.47.0-255,66,69911,87,369132
20886,0.000769,74.125.130.0-255,1484,71395,87,369132
20887,0.000785,74.125.130.0-255,4320,75715,87,369132
20888,0.000788,172.31.47.0-255,66,75781,87,369132
20889,0.000804,74.125.130.0-255,1484,77265,87,369132
20890,0.000807,74.125.130.0-255,1484,78749,87,369132
20891,0.000809,172.31.47.0-255,66,78815,87,369132
20892,0.000813,74.125.130.0-255,2902,81717,87,369132
20893,0.000816,172.31.47.0-255,66,81783,87,369132
20894,0.00085,74.125.130.0-255,2902,84685,87,369132
20895,0.000853,172.31.47.0-255,66,84751,87,369132
20896,0.000867,74.125.130.0-255,2543,87294,87,369132
20897,0.000869,172.31.47.0-255,66,87360,87,369132
20898,0.000882,74.125.130.0-255,1484,88844,87,369132
20899,0.000905,74.125.130.0-255,4320,93164,87,369132
20900,0.000907,172.31.47.0-255,66,93230,87,369132
20901,0.000913,74.125.130.0-255,5738,98968,87,369132
20902,0.000915,172.31.47.0-255,66,99034,87,369132
20903,0.000948,74.125.130.0-255,2543,101577,87,369132
20904,0.000951,172.31.47.0-255,66,101643,87,369132
20905,0.001726,74.125.130.0-255,1484,103127,87,369132
20906,0.001735,74.125.130.0-255,2902,106029,87,369132
20907,0.001738,172.31.47.0-255,66,106095,87,369132
20908,0.00176,74.125.130.0-255,5738,111833,87,369132
20909,0.001762,172.31.47.0-255,66,111899,87,369132
20910,0.001804,74.125.130.0-255,4320,116219,87,369132
20911,0.001806,172.31.47.0-255,66,116285,87,369132
20912,0.001811,74.125.130.0-255,5738,122023,87,369132
20913,0.001813,172.31.47.0-255,66,122089,87,369132
20914,0.001844,172.31.47.0-255,66,122155,87,369132
20915,0.00187,74.125.130.0-255,3602,125757,87,369132
20916,0.001872,172.31.47.0-255,66,125823,87,369132
20917,0.001953,74.125.130.0-255,1484,127307,87,369132
20918,0.001973,74.125.130.0-255,2902,130209,87,369132
20919,0.001975,172.31.47.0-255,66,130275,87,369132
20920,0.002007,74.125.130.0-255,5738,136013,87,369132
20921,0.002009,172.31.47.0-255,66,136079,87,369132
20922,0.002013,74.125.130.0-255,4320,140399,87,369132
20923,0.002015,172.31.47.0-255,66,140465,87,369132
20924,0.002037,74.125.130.0-255,5738,146203,87,369132
20925,0.002039,172.31.47.0-255,66,146269,87,369132
20926,0.002053,74.125.130.0-255,1484,147753,87,369132
20927,0.002072,172.31.47.0-255,66,147819,87,369132
20928,0.002087,74.125.130.0-255,1484,149303,87,369132
20929,0.002108,74.125.130.0-255,2184,151487,87,369132
20930,0.002109,172.31.47.0-255,66,151553,87,369132
20931,0.002221,74.125.130.0-255,1484,153037,87,369132
20932,0.002241,74.125.130.0-255,2902,155939,87,369132
20933,0.002243,172.31.47.0-255,66,156005,87,369132
20934,0.002262,74.125.130.0-255,5738,161743,87,369132
20935,0.002264,172.31.47.0-255,66,161809,87,369132
20936,0.002267,74.125.130.0-255,2902,164711,87,369132
20937,0.002269,172.31.47.0-255,66,164777,87,369132
20938,0.002272,74.125.130.0-255,2902,167679,87,369132
20939,0.002274,172.31.47.0-255,66,167745,87,369132
20940,0.002287,74.125.130.0-255,1484,169229,87,369132
20941,0.002307,74.125.130.0-255,2902,172131,87,369132
20942,0.00231,172.31.47.0-255,66,172197,87,369132
20943,0.002334,74.125.130.0-255,5738,177935,87,369132
20944,0.002336,172.31.47.0-255,66,178001,87,369132
20945,0.00234,74.125.130.0-255,4320,182321,87,369132
20946,0.002342,172.31.47.0-255,66,182387,87,369132
20947,0.002344,74.125.130.0-255,1484,183871,87,369132
20948,0.002347,74.125.130.0-255,1484,185355,87,369132
20949,0.002348,172.31.47.0-255,66,185421,87,369132
20950,0.002351,74.125.130.0-255,766,186187,87,369132
20951,0.002597,74.125.130.0-255,1484,187671,87,369132
20952,0.002599,172.31.47.0-255,66,187737,87,369132
20953,0.002615,74.125.130.0-255,2902,190639,87,369132
20954,0.002617,172.31.47.0-255,66,190705,87,369132
20955,0.002619,74.125.130.0-255,1484,192189,87,369132
20956,0.002621,74.125.130.0-255,1484,193673,87,369132
20957,0.002623,172.31.47.0-255,66,193739,87,369132
20958,0.002659,74.125.130.0-255,4320,198059,87,369132
20959,0.002661,172.31.47.0-255,66,198125,87,369132
20960,0.002664,74.125.130.0-255,2902,201027,87,369132
20961,0.002666,172.31.47.0-255,66,201093,87,369132
20962,0.002679,74.125.130.0-255,1484,202577,87,369132
20963,0.002684,74.125.130.0-255,4320,206897,87,369132
20964,0.002686,172.31.47.0-255,66,206963,87,369132
20965,0.002688,74.125.130.0-255,1484,208447,87,369132
20966,0.002722,74.125.130.0-255,4320,212767,87,369132
20967,0.002725,172.31.47.0-255,66,212833,87,369132
20968,0.002744,74.125.130.0-255,5738,218571,87,369132
20969,0.002746,172.31.47.0-255,66,218637,87,369132
20970,0.002749,74.125.130.0-255,1484,220121,87,369132
20971,0.002752,74.125.130.0-255,766,220887,87,369132
20972,0.002754,172.31.47.0-255,66,220953,87,369132
20973,0.002995,74.125.130.0-255,1484,222437,87,369132
20974,0.003023,74.125.130.0-255,1484,223921,87,369132
20975,0.003026,172.31.47.0-255,66,223987,87,369132
20976,0.003029,74.125.130.0-255,1484,225471,87,369132
20977,0.003052,74.125.130.0-255,2902,228373,87,369132
20978,0.003054,172.31.47.0-255,66,228439,87,369132
20979,0.003093,74.125.130.0-255,4320,232759,87,369132
20980,0.003096,172.31.47.0-255,66,232825,87,369132
20981,0.0031,74.125.130.0-255,1484,234309,87,369132
20982,0.003127,74.125.130.0-255,4320,238629,87,369132
20983,0.00313,172.31.47.0-255,66,238695,87,369132
20984,0.003145,74.125.130.0-255,4320,243015,87,369132
20985,0.003148,172.31.47.0-255,66,243081,87,369132
20986,0.003178,74.125.130.0-255,5738,248819,87,369132
20987,0.003182,172.31.47.0-255,66,248885,87,369132
20988,0.003185,74.125.130.0-255,1484,250369,87,369132
20989,0.003188,74.125.130.0-255,1484,251853,87,369132
20990,0.00319,172.31.47.0-255,66,251919,87,369132
20991,0.003226,74.125.130.0-255,3602,255521,87,369132
20992,0.00323,172.31.47.0-255,66,255587,87,369132
20993,0.003233,74.125.130.0-255,1484,257071,87,369132
20994,0.003251,74.125.130.0-255,2902,259973,87,369132
20995,0.003254,172.31.47.0-255,66,260039,87,369132
20996,0.003272,74.125.130.0-255,1484,261523,87,369132
20997,0.003297,74.125.130.0-255,4320,265843,87,369132
20998,0.003301,172.31.47.0-255,66,265909,87,369132
20999,0.003304,74.125.130.0-255,1484,267393,87,369132
21000,0.003322,74.125.130.0-255,4320,271713,87,369132
21001,0.003325,172.31.47.0-255,66,271779,87,369132
21002,0.003352,74.125.130.0-255,4320,276099,87,369132
21003,0.003356,172.31.47.0-255,66,276165,87,369132
21004,0.003359,74.125.130.0-255,1484,277649,87,369132
21005,0.003363,74.125.130.0-255,2902,280551,87,369132
21006,0.003366,172.31.47.0-255,66,280617,87,369132
21007,0.003425,74.125.130.0-255,5738,286355,87,369132
21008,0.003429,172.31.47.0-255,66,286421,87,369132
21009,0.003434,74.125.130.0-255,2902,289323,87,369132
21010,0.003436,172.31.47.0-255,66,289389,87,369132
21011,0.003441,74.125.130.0-255,3602,292991,87,369132
21012,0.003444,172.31.47.0-255,66,293057,87,369132
21013,0.00347,74.125.130.0-255,4320,297377,87,369132
21014,0.003473,172.31.47.0-255,66,297443,87,369132
21015,0.003486,74.125.130.0-255,2902,300345,87,369132
21016,0.00349,172.31.47.0-255,66,300411,87,369132
21017,0.003517,74.125.130.0-255,7156,307567,87,369132
21018,0.003521,172.31.47.0-255,66,307633,87,369132
21019,0.00354,74.125.130.0-255,4320,311953,87,369132
21020,0.003543,172.31.47.0-255,66,312019,87,369132
21021,0.003571,74.125.130.0-255,7156,319175,87,369132
21022,0.003574,172.31.47.0-255,66,319241,87,369132
21023,0.003604,74.125.130.0-255,1484,320725,87,369132
21024,0.003623,74.125.130.0-255,6438,327163,87,369132
21025,0.003627,172.31.47.0-255,66,327229,87,369132
21026,0.003638,172.31.47.0-255,66,327295,87,369132
21027,0.003641,74.125.130.0-255,1484,328779,87,369132
21028,0.003676,172.31.47.0-255,66,328845,87,369132
21029,0.003688,172.31.47.0-255,66,328911,87,369132
21030,0.003693,74.125.130.0-255,2184,331095,87,369132
21031,0.003695,172.31.47.0-255,66,331161,87,369132
21032,0.003711,74.125.130.0-255,2902,334063,87,369132
21033,0.003713,172.31.47.0-255,66,334129,87,369132
21034,0.003728,74.125.130.0-255,1484,335613,87,369132
21035,0.003748,74.125.130.0-255,5738,341351,87,369132
21036,0.003751,172.31.47.0-255,66,341417,87,369132
21037,0.003755,74.125.130.0-255,2902,344319,87,369132
21038,0.003757,172.31.47.0-255,66,344385,87,369132
21039,0.003771,74.125.130.0-255,2902,347287,87,369132
21040,0.003774,172.31.47.0-255,66,347353,87,369132
21041,0.003803,172.31.47.0-255,66,347419,87,369132
21042,0.003809,74.125.130.0-255,7156,354575,87,369132
21043,0.003811,172.31.47.0-255,66,354641,87,369132
21044,0.00385,74.125.130.0-255,5738,360379,87,369132
21045,0.003869,172.31.47.0-255,66,360445,87,369132
21046,0.003887,74.125.130.0-255,766,361211,87,369132
21047,0.003901,74.125.130.0-255,3230,364441,87,369132
21048,0.003904,172.31.47.0-255,66,364507,87,369132
21049,0.003952,74.125.130.0-255,105,364612,87,369132
21050,0.005822,172.31.47.0-255,66,364678,87,369132
21051,0.005846,172.31.47.0-255,105,364783,87,369132
21052,0.00807,74.125.130.0-255,66,364849,87,369132
21053,0.027309,172.31.47.0-255,167,365016,87,369132
21054,0.027337,172.31.47.0-255,1112,366128,87,369132
21055,0.027371,172.31.47.0-255,1514,367642,87,369132
21056,0.027373,172.31.47.0-255,1292,368934,87,369132
21057,0.028844,104.244.42.0-255,66,369000,87,369132
21058,0.028998,104.244.42.0-255,66,369066,87,369132
21059,0.029,104.244.42.0-255,66,369132,87,369132
21060,0.0,172.31.47.0-255,66,66,87,66
21061,0.0,172.217.194.0-255,153,153,87,356545
21062,3.4e-05,172.31.47.0-255,66,219,87,356545
21063,4.1e-05,172.217.194.0-255,1484,1703,87,356545
21064,4.5e-05,172.31.47.0-255,66,1769,87,356545
21065,5.1e-05,172.217.194.0-255,2902,4671,87,356545
21066,6.1e-05,172.31.47.0-255,66,4737,87,356545
21067,6.5e-05,172.217.194.0-255,1484,6221,87,356545
21068,6.7e-05,172.31.47.0-255,66,6287,87,356545
21069,7.1e-05,172.217.194.0-255,2902,9189,87,356545
21070,7.3e-05,172.31.47.0-255,66,9255,87,356545
21071,0.000118,172.217.194.0-255,6348,15603,87,356545
21072,0.000121,172.31.47.0-255,66,15669,87,356545
21073,0.000127,172.217.194.0-255,5738,21407,87,356545
21074,0.00013,172.31.47.0-255,66,21473,87,356545
21075,0.00016,172.217.194.0-255,7156,28629,87,356545
21076,0.000163,172.31.47.0-255,66,28695,87,356545
21077,0.000188,172.217.194.0-255,2543,31238,87,356545
21078,0.000191,172.31.47.0-255,66,31304,87,356545
21079,0.000219,172.217.194.0-255,1484,32788,87,356545
21080,0.000221,172.31.47.0-255,66,32854,87,356545
21081,0.000226,172.217.194.0-255,2902,35756,87,356545
21082,0.000228,172.31.47.0-255,66,35822,87,356545
21083,0.000255,172.217.194.0-255,5738,41560,87,356545
21084,0.000259,172.31.47.0-255,66,41626,87,356545
21085,0.000266,172.217.194.0-255,7156,48782,87,356545
21086,0.000269,172.31.47.0-255,66,48848,87,356545
21087,0.000273,172.217.194.0-255,2902,51750,87,356545
21088,0.000275,172.31.47.0-255,66,51816,87,356545
21089,0.000319,172.31.47.0-255,66,51882,87,356545
21090,0.000324,172.217.194.0-255,2512,54394,87,356545
21091,0.000327,172.31.47.0-255,66,54460,87,356545
21092,0.000329,172.217.194.0-255,379,54839,87,356545
21093,0.000756,172.31.47.0-255,66,54905,87,356545
21094,0.000797,172.217.194.0-255,1484,56389,87,356545
21095,0.0008,172.217.194.0-255,1484,57873,87,356545
21096,0.000802,172.31.47.0-255,66,57939,87,356545
21097,0.000827,172.217.194.0-255,1484,59423,87,356545
21098,0.000833,172.217.194.0-255,5738,65161,87,356545
21099,0.000836,172.31.47.0-255,66,65227,87,356545
21100,0.000863,172.217.194.0-255,2902,68129,87,356545
21101,0.000866,172.31.47.0-255,66,68195,87,356545
21102,0.000898,172.31.47.0-255,66,68261,87,356545
21103,0.000907,172.31.47.0-255,66,68327,87,356545
21104,0.001924,172.217.194.0-255,1484,69811,87,356545
21105,0.001932,172.217.194.0-255,2902,72713,87,356545
21106,0.001936,172.31.47.0-255,66,72779,87,356545
21107,0.001941,172.217.194.0-255,2902,75681,87,356545
21108,0.001942,172.31.47.0-255,66,75747,87,356545
21109,0.001961,172.217.194.0-255,2902,78649,87,356545
21110,0.001963,172.31.47.0-255,66,78715,87,356545
21111,0.001965,172.217.194.0-255,1484,80199,87,356545
21112,0.001989,172.31.47.0-255,66,80265,87,356545
21113,0.001999,172.217.194.0-255,7156,87421,87,356545
21114,0.002,172.31.47.0-255,66,87487,87,356545
21115,0.002023,172.217.194.0-255,3602,91089,87,356545
21116,0.002024,172.31.47.0-255,66,91155,87,356545
21117,0.002125,172.217.194.0-255,1484,92639,87,356545
21118,0.002128,172.217.194.0-255,1484,94123,87,356545
21119,0.002129,172.31.47.0-255,66,94189,87,356545
21120,0.002139,172.217.194.0-255,1484,95673,87,356545
21121,0.002148,172.217.194.0-255,5738,101411,87,356545
21122,0.00215,172.31.47.0-255,66,101477,87,356545
21123,0.002177,172.31.47.0-255,66,101543,87,356545
21124,0.002209,172.217.194.0-255,4320,105863,87,356545
21125,0.00221,172.31.47.0-255,66,105929,87,356545
21126,0.00222,172.31.47.0-255,66,105995,87,356545
21127,0.002225,172.217.194.0-255,766,106761,87,356545
21128,0.002543,172.217.194.0-255,1484,108245,87,356545
21129,0.002545,172.31.47.0-255,66,108311,87,356545
21130,0.002561,172.217.194.0-255,2902,111213,87,356545
21131,0.002563,172.31.47.0-255,66,111279,87,356545
21132,0.002566,172.217.194.0-255,1484,112763,87,356545
21133,0.002589,172.217.194.0-255,4320,117083,87,356545
21134,0.002591,172.31.47.0-255,66,117149,87,356545
21135,0.002612,172.217.194.0-255,1484,118633,87,356545
21136,0.002629,172.217.194.0-255,4320,122953,87,356545
21137,0.002631,172.31.47.0-255,66,123019,87,356545
21138,0.002639,172.217.194.0-255,7156,130175,87,356545
21139,0.00264,172.31.47.0-255,66,130241,87,356545
21140,0.002646,172.217.194.0-255,7156,137397,87,356545
21141,0.002651,172.31.47.0-255,66,137463,87,356545
21142,0.002672,172.217.194.0-255,1484,138947,87,356545
21143,0.002676,172.217.194.0-255,2184,141131,87,356545
21144,0.002677,172.31.47.0-255,66,141197,87,356545
21145,0.005279,172.217.194.0-255,1484,142681,87,356545
21146,0.005295,172.217.194.0-255,4320,147001,87,356545
21147,0.005298,172.31.47.0-255,66,147067,87,356545
21148,0.00792,172.217.194.0-255,5738,152805,87,356545
21149,0.007926,172.31.47.0-255,66,152871,87,356545
21150,0.010589,172.217.194.0-255,5738,158609,87,356545
21151,0.010604,172.31.47.0-255,66,158675,87,356545
21152,0.013233,172.217.194.0-255,5738,164413,87,356545
21153,0.013242,172.31.47.0-255,66,164479,87,356545
21154,0.015821,172.217.194.0-255,5738,170217,87,356545
21155,0.015827,172.31.47.0-255,66,170283,87,356545
21156,0.018447,172.217.194.0-255,5738,176021,87,356545
21157,0.018454,172.31.47.0-255,66,176087,87,356545
21158,0.021085,172.217.194.0-255,5738,181825,87,356545
21159,0.021091,172.31.47.0-255,66,181891,87,356545
21160,0.021976,172.31.47.0-255,172,182063,87,356545
21161,0.022005,172.31.47.0-255,1107,183170,87,356545
21162,0.022044,172.31.47.0-255,1514,184684,87,356545
21163,0.022046,172.31.47.0-255,1514,186198,87,356545
21164,0.02205,172.31.47.0-255,1514,187712,87,356545
21165,0.022052,172.31.47.0-255,1077,188789,87,356545
21166,0.023509,104.244.42.0-255,66,188855,87,356545
21167,0.023549,104.244.42.0-255,66,188921,87,356545
21168,0.023584,104.244.42.0-255,66,188987,87,356545
21169,0.023602,104.244.42.0-255,66,189053,87,356545
21170,0.023693,172.217.194.0-255,2902,191955,87,356545
21171,0.023697,172.31.47.0-255,66,192021,87,356545
21172,0.023714,172.217.194.0-255,2902,194923,87,356545
21173,0.023718,172.31.47.0-255,66,194989,87,356545
21174,0.026306,172.217.194.0-255,4320,199309,87,356545
21175,0.026311,172.31.47.0-255,66,199375,87,356545
21176,0.026341,172.217.194.0-255,1484,200859,87,356545
21177,0.028885,172.217.194.0-255,4320,205179,87,356545
21178,0.028889,172.31.47.0-255,66,205245,87,356545
21179,0.031486,172.217.194.0-255,5738,210983,87,356545
21180,0.031491,172.31.47.0-255,66,211049,87,356545
21181,0.03408,172.217.194.0-255,4320,215369,87,356545
21182,0.034087,172.31.47.0-255,66,215435,87,356545
21183,0.03412,172.217.194.0-255,1484,216919,87,356545
21184,0.036717,172.217.194.0-255,4320,221239,87,356545
21185,0.036723,172.31.47.0-255,66,221305,87,356545
21186,0.039346,172.217.194.0-255,5738,227043,87,356545
21187,0.039352,172.31.47.0-255,66,227109,87,356545
21188,0.041976,172.217.194.0-255,5738,232847,87,356545
21189,0.041984,172.31.47.0-255,66,232913,87,356545
21190,0.044573,172.217.194.0-255,4320,237233,87,356545
21191,0.044577,172.31.47.0-255,66,237299,87,356545
21192,0.044608,172.217.194.0-255,1484,238783,87,356545
21193,0.047151,172.217.194.0-255,4320,243103,87,356545
21194,0.047156,172.31.47.0-255,66,243169,87,356545
21195,0.049776,172.217.194.0-255,5738,248907,87,356545
21196,0.049781,172.31.47.0-255,66,248973,87,356545
21197,0.052386,172.217.194.0-255,5738,254711,87,356545
21198,0.052391,172.31.47.0-255,66,254777,87,356545
21199,0.054976,172.217.194.0-255,5738,260515,87,356545
21200,0.054982,172.31.47.0-255,66,260581,87,356545
21201,0.057577,172.217.194.0-255,5738,266319,87,356545
21202,0.057582,172.31.47.0-255,66,266385,87,356545
21203,0.060214,172.217.194.0-255,5738,272123,87,356545
21204,0.06022,172.31.47.0-255,66,272189,87,356545
21205,0.062809,172.217.194.0-255,4320,276509,87,356545
21206,0.062813,172.31.47.0-255,66,276575,87,356545
21207,0.062843,172.217.194.0-255,1484,278059,87,356545
21208,0.065397,172.217.194.0-255,4320,282379,87,356545
21209,0.065402,172.31.47.0-255,66,282445,87,356545
21210,0.067999,172.217.194.0-255,5738,288183,87,356545
21211,0.068004,172.31.47.0-255,66,288249,87,356545
21212,0.070621,172.217.194.0-255,5738,293987,87,356545
21213,0.070627,172.31.47.0-255,66,294053,87,356545
21214,0.073241,172.217.194.0-255,5738,299791,87,356545
21215,0.073247,172.31.47.0-255,66,299857,87,356545
21216,0.07582,172.217.194.0-255,5738,305595,87,356545
21217,0.075824,172.31.47.0-255,66,305661,87,356545
21218,0.07842,172.217.194.0-255,5738,311399,87,356545
21219,0.078424,172.31.47.0-255,66,311465,87,356545
21220,0.081056,172.217.194.0-255,5738,317203,87,356545
21221,0.081061,172.31.47.0-255,66,317269,87,356545
21222,0.083692,172.217.194.0-255,5738,323007,87,356545
21223,0.083696,172.31.47.0-255,66,323073,87,356545
21224,0.08631,172.217.194.0-255,5738,328811,87,356545
21225,0.086314,172.31.47.0-255,66,328877,87,356545
21226,0.088932,172.217.194.0-255,5738,334615,87,356545
21227,0.088937,172.31.47.0-255,66,334681,87,356545
21228,0.091567,172.217.194.0-255,5738,340419,87,356545
21229,0.091573,172.31.47.0-255,66,340485,87,356545
21230,0.094208,172.217.194.0-255,5738,346223,87,356545
21231,0.094213,172.31.47.0-255,66,346289,87,356545
21232,0.096788,172.217.194.0-255,4320,350609,87,356545
21233,0.096794,172.31.47.0-255,66,350675,87,356545
21234,0.09682,172.217.194.0-255,1484,352159,87,356545
21235,0.09941,172.217.194.0-255,4320,356479,87,356545
21236,0.099416,172.31.47.0-255,66,356545,87,356545
21237,0.0,74.125.130.0-255,147,147,87,402137
21238,3e-05,172.31.47.0-255,66,213,87,402137
21239,3.6e-05,74.125.130.0-255,1484,1697,87,402137
21240,4e-05,172.31.47.0-255,66,1763,87,402137
21241,4.4e-05,74.125.130.0-255,2902,4665,87,402137
21242,4.7e-05,172.31.47.0-255,66,4731,87,402137
21243,6.7e-05,74.125.130.0-255,7156,11887,87,402137
21244,7e-05,172.31.47.0-255,66,11953,87,402137
21245,0.000105,172.31.47.0-255,66,12019,87,402137
21246,0.000124,74.125.130.0-255,5738,17757,87,402137
21247,0.000127,172.31.47.0-255,66,17823,87,402137
21248,0.000166,74.125.130.0-255,5379,23202,87,402137
21249,0.000171,172.31.47.0-255,66,23268,87,402137
21250,0.000275,74.125.130.0-255,1484,24752,87,402137
21251,0.000278,172.31.47.0-255,66,24818,87,402137
21252,0.000283,74.125.130.0-255,2902,27720,87,402137
21253,0.000286,172.31.47.0-255,66,27786,87,402137
21254,0.000306,74.125.130.0-255,5738,33524,87,402137
21255,0.000309,172.31.47.0-255,66,33590,87,402137
21256,0.000312,74.125.130.0-255,1484,35074,87,402137
21257,0.000314,172.31.47.0-255,66,35140,87,402137
21258,0.000353,74.125.130.0-255,4320,39460,87,402137
21259,0.000356,172.31.47.0-255,66,39526,87,402137
21260,0.00038,74.125.130.0-255,5379,44905,87,402137
21261,0.000382,172.31.47.0-255,66,44971,87,402137
21262,0.000388,74.125.130.0-255,5738,50709,87,402137
21263,0.000391,172.31.47.0-255,66,50775,87,402137
21264,0.000396,74.125.130.0-255,5738,56513,87,402137
21265,0.000401,172.31.47.0-255,66,56579,87,402137
21266,0.000418,74.125.130.0-255,1415,57994,87,402137
21267,0.00042,172.31.47.0-255,66,58060,87,402137
21268,0.000423,74.125.130.0-255,367,58427,87,402137
21269,0.000685,74.125.130.0-255,1484,59911,87,402137
21270,0.000689,172.31.47.0-255,66,59977,87,402137
21271,0.000692,74.125.130.0-255,1484,61461,87,402137
21272,0.000707,74.125.130.0-255,1484,62945,87,402137
21273,0.00071,172.31.47.0-255,66,63011,87,402137
21274,0.00073,74.125.130.0-255,4320,67331,87,402137
21275,0.000735,74.125.130.0-255,2902,70233,87,402137
21276,0.000741,172.31.47.0-255,66,70299,87,402137
21277,0.000751,74.125.130.0-255,2902,73201,87,402137
21278,0.000754,172.31.47.0-255,66,73267,87,402137
21279,0.000771,74.125.130.0-255,6797,80064,87,402137
21280,0.000775,172.31.47.0-255,66,80130,87,402137
21281,0.000791,74.125.130.0-255,4320,84450,87,402137
21282,0.000794,172.31.47.0-255,66,84516,87,402137
21283,0.000807,74.125.130.0-255,2902,87418,87,402137
21284,0.000812,172.31.47.0-255,66,87484,87,402137
21285,0.000834,74.125.130.0-255,5379,92863,87,402137
21286,0.000839,172.31.47.0-255,66,92929,87,402137
21287,0.001531,74.125.130.0-255,1484,94413,87,402137
21288,0.001541,74.125.130.0-255,2902,97315,87,402137
21289,0.001545,172.31.47.0-255,66,97381,87,402137
21290,0.001593,74.125.130.0-255,2902,100283,87,402137
21291,0.001598,74.125.130.0-255,4320,104603,87,402137
21292,0.001611,74.125.130.0-255,2902,107505,87,402137
21293,0.001625,172.31.47.0-255,66,107571,87,402137
21294,0.00163,74.125.130.0-255,5738,113309,87,402137
21295,0.001633,74.125.130.0-255,2902,116211,87,402137
21296,0.001642,172.31.47.0-255,66,116277,87,402137
21297,0.001684,74.125.130.0-255,5738,122015,87,402137
21298,0.001704,74.125.130.0-255,5020,127035,87,402137
21299,0.001709,172.31.47.0-255,66,127101,87,402137
21300,0.001857,74.125.130.0-255,1484,128585,87,402137
21301,0.00187,74.125.130.0-255,1484,130069,87,402137
21302,0.001873,172.31.47.0-255,66,130135,87,402137
21303,0.001891,74.125.130.0-255,1484,131619,87,402137
21304,0.001896,74.125.130.0-255,4320,135939,87,402137
21305,0.001904,172.31.47.0-255,66,136005,87,402137
21306,0.00191,74.125.130.0-255,1484,137489,87,402137
21307,0.001932,74.125.130.0-255,7156,144645,87,402137
21308,0.001936,74.125.130.0-255,4320,148965,87,402137
21309,0.001952,172.31.47.0-255,66,149031,87,402137
21310,0.001985,74.125.130.0-255,4320,153351,87,402137
21311,0.002012,172.31.47.0-255,66,153417,87,402137
21312,0.002294,74.125.130.0-255,1484,154901,87,402137
21313,0.002299,74.125.130.0-255,1484,156385,87,402137
21314,0.002302,172.31.47.0-255,66,156451,87,402137
21315,0.002319,74.125.130.0-255,1484,157935,87,402137
21316,0.002333,74.125.130.0-255,4320,162255,87,402137
21317,0.002353,74.125.130.0-255,1484,163739,87,402137
21318,0.002359,74.125.130.0-255,7156,170895,87,402137
21319,0.002371,172.31.47.0-255,66,170961,87,402137
21320,0.002387,74.125.130.0-255,4320,175281,87,402137
21321,0.002405,74.125.130.0-255,4320,179601,87,402137
21322,0.002407,74.125.130.0-255,1484,181085,87,402137
21323,0.002412,172.31.47.0-255,66,181151,87,402137
21324,0.004757,74.125.130.0-255,5738,186889,87,402137
21325,0.004762,172.31.47.0-255,66,186955,87,402137
21326,0.007113,74.125.130.0-255,5738,192693,87,402137
21327,0.00712,172.31.47.0-255,66,192759,87,402137
21328,0.009486,74.125.130.0-255,5738,198497,87,402137
21329,0.009493,172.31.47.0-255,66,198563,87,402137
21330,0.011867,74.125.130.0-255,5738,204301,87,402137
21331,0.011878,172.31.47.0-255,66,204367,87,402137
21332,0.014224,74.125.130.0-255,5738,210105,87,402137
21333,0.014232,172.31.47.0-255,66,210171,87,402137
21334,0.016596,74.125.130.0-255,5738,215909,87,402137
21335,0.016604,172.31.47.0-255,66,215975,87,402137
21336,0.018949,74.125.130.0-255,5738,221713,87,402137
21337,0.018955,172.31.47.0-255,66,221779,87,402137
21338,0.021307,74.125.130.0-255,5738,227517,87,402137
21339,0.021313,172.31.47.0-255,66,227583,87,402137
21340,0.023675,74.125.130.0-255,5738,233321,87,402137
21341,0.023681,172.31.47.0-255,66,233387,87,402137
21342,0.024073,172.31.47.0-255,172,233559,87,402137
21343,0.024113,172.31.47.0-255,1103,234662,87,402137
21344,0.024328,172.31.47.0-255,1514,236176,87,402137
21345,0.024333,172.31.47.0-255,1301,237477,87,402137
21346,0.025611,104.244.42.0-255,66,237543,87,402137
21347,0.025644,104.244.42.0-255,66,237609,87,402137
21348,0.025881,104.244.42.0-255,66,237675,87,402137
21349,0.026031,74.125.130.0-255,5738,243413,87,402137
21350,0.026041,172.31.47.0-255,66,243479,87,402137
21351,0.028415,74.125.130.0-255,5738,249217,87,402137
21352,0.028432,172.31.47.0-255,66,249283,87,402137
21353,0.030796,74.125.130.0-255,5738,255021,87,402137
21354,0.030816,172.31.47.0-255,66,255087,87,402137
21355,0.033196,74.125.130.0-255,5738,260825,87,402137
21356,0.033216,172.31.47.0-255,66,260891,87,402137
21357,0.035606,74.125.130.0-255,5738,266629,87,402137
21358,0.035618,172.31.47.0-255,66,266695,87,402137
21359,0.038058,74.125.130.0-255,5738,272433,87,402137
21360,0.038078,172.31.47.0-255,66,272499,87,402137
21361,0.040451,74.125.130.0-255,5738,278237,87,402137
21362,0.04048,172.31.47.0-255,66,278303,87,402137
21363,0.042854,74.125.130.0-255,5738,284041,87,402137
21364,0.042873,172.31.47.0-255,66,284107,87,402137
21365,0.045247,74.125.130.0-255,5738,289845,87,402137
21366,0.045263,172.31.47.0-255,66,289911,87,402137
21367,0.047632,74.125.130.0-255,5738,295649,87,402137
21368,0.047646,172.31.47.0-255,66,295715,87,402137
21369,0.050003,74.125.130.0-255,5738,301453,87,402137
21370,0.05001,172.31.47.0-255,66,301519,87,402137
21371,0.052383,74.125.130.0-255,5738,307257,87,402137
21372,0.052393,172.31.47.0-255,66,307323,87,402137
21373,0.054756,74.125.130.0-255,5738,313061,87,402137
21374,0.05477,172.31.47.0-255,66,313127,87,402137
21375,0.057136,74.125.130.0-255,5738,318865,87,402137
21376,0.057143,172.31.47.0-255,66,318931,87,402137
21377,0.05955,74.125.130.0-255,1484,320415,87,402137
21378,0.059567,74.125.130.0-255,4320,324735,87,402137
21379,0.059571,172.31.47.0-255,66,324801,87,402137
21380,0.061951,74.125.130.0-255,5738,330539,87,402137
21381,0.061958,172.31.47.0-255,66,330605,87,402137
21382,0.064311,74.125.130.0-255,5738,336343,87,402137
21383,0.064316,172.31.47.0-255,66,336409,87,402137
21384,0.066661,74.125.130.0-255,5738,342147,87,402137
21385,0.066665,172.31.47.0-255,66,342213,87,402137
21386,0.069012,74.125.130.0-255,5738,347951,87,402137
21387,0.069017,172.31.47.0-255,66,348017,87,402137
21388,0.071369,74.125.130.0-255,4320,352337,87,402137
21389,0.071374,172.31.47.0-255,66,352403,87,402137
21390,0.071396,74.125.130.0-255,1484,353887,87,402137
21391,0.073722,74.125.130.0-255,4320,358207,87,402137
21392,0.073727,172.31.47.0-255,66,358273,87,402137
21393,0.076074,74.125.130.0-255,5738,364011,87,402137
21394,0.076112,172.31.47.0-255,66,364077,87,402137
21395,0.078516,74.125.130.0-255,5738,369815,87,402137
21396,0.078525,172.31.47.0-255,66,369881,87,402137
21397,0.080872,74.125.130.0-255,5738,375619,87,402137
21398,0.080878,172.31.47.0-255,66,375685,87,402137
21399,0.083226,74.125.130.0-255,4320,380005,87,402137
21400,0.083231,172.31.47.0-255,66,380071,87,402137
21401,0.08325,74.125.130.0-255,1484,381555,87,402137
21402,0.085584,74.125.130.0-255,4320,385875,87,402137
21403,0.085591,172.31.47.0-255,66,385941,87,402137
21404,0.087939,74.125.130.0-255,5738,391679,87,402137
21405,0.087985,172.31.47.0-255,66,391745,87,402137
21406,0.090329,74.125.130.0-255,5738,397483,87,402137
21407,0.090333,172.31.47.0-255,66,397549,87,402137
21408,0.092683,74.125.130.0-255,4351,401900,87,402137
21409,0.092688,172.31.47.0-255,66,401966,87,402137
21410,0.092856,172.31.47.0-255,105,402071,87,402137
21411,0.095163,74.125.130.0-255,66,402137,87,402137
21412,0.0,172.31.47.0-255,66,66,87,66
21413,0.0,172.217.24.0-255,152,152,87,219923
21414,2.6e-05,172.31.47.0-255,66,218,87,219923
21415,3.2e-05,172.217.24.0-255,1484,1702,87,219923
21416,3.7e-05,172.31.47.0-255,66,1768,87,219923
21417,4.4e-05,172.217.24.0-255,2902,4670,87,219923
21418,4.7e-05,172.31.47.0-255,66,4736,87,219923
21419,6e-05,172.217.24.0-255,4320,9056,87,219923
21420,6.3e-05,172.31.47.0-255,66,9122,87,219923
21421,6.9e-05,172.217.24.0-255,5009,14131,87,219923
21422,7.1e-05,172.31.47.0-255,66,14197,87,219923
21423,9.9e-05,172.217.24.0-255,1484,15681,87,219923
21424,0.000101,172.31.47.0-255,66,15747,87,219923
21425,0.000106,172.217.24.0-255,2902,18649,87,219923
21426,0.000108,172.31.47.0-255,66,18715,87,219923
21427,0.000167,172.217.24.0-255,5738,24453,87,219923
21428,0.000172,172.31.47.0-255,66,24519,87,219923
21429,0.000177,172.217.24.0-255,4320,28839,87,219923
21430,0.000179,172.31.47.0-255,66,28905,87,219923
21431,0.000191,172.217.24.0-255,2543,31448,87,219923
21432,0.000194,172.31.47.0-255,66,31514,87,219923
21433,0.000275,172.217.24.0-255,1484,32998,87,219923
21434,0.000279,172.31.47.0-255,66,33064,87,219923
21435,0.000282,172.217.24.0-255,1484,34548,87,219923
21436,0.000285,172.31.47.0-255,66,34614,87,219923
21437,0.000309,172.217.24.0-255,1484,36098,87,219923
21438,0.000312,172.31.47.0-255,66,36164,87,219923
21439,0.000338,172.217.24.0-255,1484,37648,87,219923
21440,0.000342,172.31.47.0-255,66,37714,87,219923
21441,0.000349,172.217.24.0-255,5738,43452,87,219923
21442,0.000357,172.31.47.0-255,66,43518,87,219923
21443,0.000373,172.31.47.0-255,66,43584,87,219923
21444,0.000399,172.217.24.0-255,1484,45068,87,219923
21445,0.000425,172.217.24.0-255,6797,51865,87,219923
21446,0.000429,172.31.47.0-255,66,51931,87,219923
21447,0.001951,172.217.24.0-255,646,52577,87,219923
21448,0.001981,172.31.47.0-255,66,52643,87,219923
21449,0.00199,172.217.24.0-255,1484,54127,87,219923
21450,0.001992,172.217.24.0-255,1484,55611,87,219923
21451,0.001998,172.31.47.0-255,66,55677,87,219923
21452,0.00201,172.217.24.0-255,2902,58579,87,219923
21453,0.002015,172.31.47.0-255,66,58645,87,219923
21454,0.002049,172.217.24.0-255,1484,60129,87,219923
21455,0.00206,172.31.47.0-255,66,60195,87,219923
21456,0.002069,172.31.47.0-255,66,60261,87,219923
21457,0.002078,172.217.24.0-255,5020,65281,87,219923
21458,0.00208,172.31.47.0-255,66,65347,87,219923
21459,0.002892,172.217.24.0-255,1484,66831,87,219923
21460,0.00295,172.217.24.0-255,1484,68315,87,219923
21461,0.002953,172.31.47.0-255,66,68381,87,219923
21462,0.00296,172.217.24.0-255,2902,71283,87,219923
21463,0.002961,172.31.47.0-255,66,71349,87,219923
21464,0.00298,172.217.24.0-255,2902,74251,87,219923
21465,0.002982,172.31.47.0-255,66,74317,87,219923
21466,0.003008,172.217.24.0-255,2902,77219,87,219923
21467,0.00301,172.31.47.0-255,66,77285,87,219923
21468,0.003014,172.217.24.0-255,2902,80187,87,219923
21469,0.003015,172.31.47.0-255,66,80253,87,219923
21470,0.003023,172.31.47.0-255,66,80319,87,219923
21471,0.003044,172.217.24.0-255,1484,81803,87,219923
21472,0.003056,172.31.47.0-255,66,81869,87,219923
21473,0.003414,172.217.24.0-255,1484,83353,87,219923
21474,0.00342,172.217.24.0-255,1484,84837,87,219923
21475,0.003422,172.31.47.0-255,66,84903,87,219923
21476,0.003447,172.217.24.0-255,1484,86387,87,219923
21477,0.003453,172.217.24.0-255,5738,92125,87,219923
21478,0.003455,172.31.47.0-255,66,92191,87,219923
21479,0.003459,172.217.24.0-255,4320,96511,87,219923
21480,0.00346,172.31.47.0-255,66,96577,87,219923
21481,0.003465,172.217.24.0-255,5738,102315,87,219923
21482,0.003467,172.31.47.0-255,66,102381,87,219923
21483,0.003513,172.31.47.0-255,66,102447,87,219923
21484,0.003517,172.217.24.0-255,5020,107467,87,219923
21485,0.003519,172.31.47.0-255,66,107533,87,219923
21486,0.003528,172.217.24.0-255,5738,113271,87,219923
21487,0.00353,172.31.47.0-255,66,113337,87,219923
21488,0.003557,172.217.24.0-255,4320,117657,87,219923
21489,0.003559,172.31.47.0-255,66,117723,87,219923
21490,0.003582,172.217.24.0-255,5738,123461,87,219923
21491,0.003584,172.31.47.0-255,66,123527,87,219923
21492,0.003589,172.217.24.0-255,5738,129265,87,219923
21493,0.003591,172.31.47.0-255,66,129331,87,219923
21494,0.00362,172.217.24.0-255,5738,135069,87,219923
21495,0.003622,172.31.47.0-255,66,135135,87,219923
21496,0.003627,172.217.24.0-255,3602,138737,87,219923
21497,0.003628,172.31.47.0-255,66,138803,87,219923
21498,0.003738,172.217.24.0-255,1484,140287,87,219923
21499,0.003752,172.217.24.0-255,2902,143189,87,219923
21500,0.003754,172.31.47.0-255,66,143255,87,219923
21501,0.003781,172.217.24.0-255,5738,148993,87,219923
21502,0.003783,172.31.47.0-255,66,149059,87,219923
21503,0.00381,172.217.24.0-255,4320,153379,87,219923
21504,0.003812,172.31.47.0-255,66,153445,87,219923
21505,0.003844,172.31.47.0-255,66,153511,87,219923
21506,0.003849,172.217.24.0-255,5738,159249,87,219923
21507,0.003851,172.31.47.0-255,66,159315,87,219923
21508,0.003908,172.217.24.0-255,5020,164335,87,219923
21509,0.003911,172.31.47.0-255,66,164401,87,219923
21510,0.004028,172.217.24.0-255,1484,165885,87,219923
21511,0.004034,172.217.24.0-255,2902,168787,87,219923
21512,0.004037,172.31.47.0-255,66,168853,87,219923
21513,0.00404,172.217.24.0-255,1484,170337,87,219923
21514,0.004066,172.217.24.0-255,4320,174657,87,219923
21515,0.004068,172.31.47.0-255,66,174723,87,219923
21516,0.004072,172.217.24.0-255,2902,177625,87,219923
21517,0.004074,172.31.47.0-255,66,177691,87,219923
21518,0.004108,172.217.24.0-255,7156,184847,87,219923
21519,0.00411,172.31.47.0-255,66,184913,87,219923
21520,0.004116,172.217.24.0-255,4320,189233,87,219923
21521,0.004117,172.31.47.0-255,66,189299,87,219923
21522,0.00416,172.217.24.0-255,7156,196455,87,219923
21523,0.004164,172.31.47.0-255,66,196521,87,219923
21524,0.004179,172.31.47.0-255,66,196587,87,219923
21525,0.004184,172.217.24.0-255,5738,202325,87,219923
21526,0.004187,172.31.47.0-255,66,202391,87,219923
21527,0.004228,172.31.47.0-255,66,202457,87,219923
21528,0.004231,172.217.24.0-255,2184,204641,87,219923
21529,0.004233,172.31.47.0-255,66,204707,87,219923
21530,0.004252,172.31.47.0-255,66,204773,87,219923
21531,0.004282,172.217.24.0-255,4320,209093,87,219923
21532,0.004284,172.31.47.0-255,66,209159,87,219923
21533,0.0043,172.31.47.0-255,66,209225,87,219923
21534,0.00435,172.31.47.0-255,66,209291,87,219923
21535,0.004356,172.217.24.0-255,5738,215029,87,219923
21536,0.004358,172.31.47.0-255,66,215095,87,219923
21537,0.004403,172.31.47.0-255,66,215161,87,219923
21538,0.004415,172.31.47.0-255,66,215227,87,219923
21539,0.004427,172.31.47.0-255,66,215293,87,219923
21540,0.00443,172.217.24.0-255,105,215398,87,219923
21541,0.006427,172.31.47.0-255,66,215464,87,219923
21542,0.006519,172.31.47.0-255,105,215569,87,219923
21543,0.008389,172.217.24.0-255,66,215635,87,219923
21544,0.03047,172.31.47.0-255,172,215807,87,219923
21545,0.030506,172.31.47.0-255,1111,216918,87,219923
21546,0.030572,172.31.47.0-255,1514,218432,87,219923
21547,0.030573,172.31.47.0-255,1293,219725,87,219923
21548,0.032013,104.244.42.0-255,66,219791,87,219923
21549,0.032038,104.244.42.0-255,66,219857,87,219923
21550,0.032116,104.244.42.0-255,66,219923,87,219923
21551,0.0,74.125.68.0-255,298,298,87,301170
21552,1.5e-05,172.31.47.0-255,66,364,87,301170
21553,3.7e-05,74.125.68.0-255,1484,1848,87,301170
21554,4.2e-05,172.31.47.0-255,66,1914,87,301170
21555,7.2e-05,74.125.68.0-255,4320,6234,87,301170
21556,7.5e-05,172.31.47.0-255,66,6300,87,301170
21557,8.6e-05,172.31.47.0-255,66,6366,87,301170
21558,0.000103,172.31.47.0-255,66,6432,87,301170
21559,0.000107,74.125.68.0-255,1484,7916,87,301170
21560,0.000109,172.31.47.0-255,66,7982,87,301170
21561,0.000134,74.125.68.0-255,4320,12302,87,301170
21562,0.000141,172.31.47.0-255,66,12368,87,301170
21563,0.000169,74.125.68.0-255,2543,14911,87,301170
21564,0.000172,172.31.47.0-255,66,14977,87,301170
21565,0.000229,74.125.68.0-255,1484,16461,87,301170
21566,0.000232,172.31.47.0-255,66,16527,87,301170
21567,0.00025,74.125.68.0-255,2902,19429,87,301170
21568,0.000253,172.31.47.0-255,66,19495,87,301170
21569,0.000286,74.125.68.0-255,5738,25233,87,301170
21570,0.000289,172.31.47.0-255,66,25299,87,301170
21571,0.000296,74.125.68.0-255,6797,32096,87,301170
21572,0.000299,172.31.47.0-255,66,32162,87,301170
21573,0.000324,74.125.68.0-255,2902,35064,87,301170
21574,0.000326,172.31.47.0-255,66,35130,87,301170
21575,0.000358,74.125.68.0-255,7156,42286,87,301170
21576,0.000361,172.31.47.0-255,66,42352,87,301170
21577,0.000383,74.125.68.0-255,7074,49426,87,301170
21578,0.000386,172.31.47.0-255,66,49492,87,301170
21579,0.000827,74.125.68.0-255,379,49871,87,301170
21580,0.000833,172.31.47.0-255,66,49937,87,301170
21581,0.000874,74.125.68.0-255,1484,51421,87,301170
21582,0.000892,74.125.68.0-255,1484,52905,87,301170
21583,0.000895,172.31.47.0-255,66,52971,87,301170
21584,0.000925,74.125.68.0-255,1484,54455,87,301170
21585,0.000932,74.125.68.0-255,5738,60193,87,301170
21586,0.000934,172.31.47.0-255,66,60259,87,301170
21587,0.00094,74.125.68.0-255,4320,64579,87,301170
21588,0.000943,172.31.47.0-255,66,64645,87,301170
21589,0.000985,74.125.68.0-255,5738,70383,87,301170
21590,0.000989,172.31.47.0-255,66,70449,87,301170
21591,0.001002,172.31.47.0-255,66,70515,87,301170
21592,0.001006,74.125.68.0-255,2184,72699,87,301170
21593,0.001008,172.31.47.0-255,66,72765,87,301170
21594,0.001055,74.125.68.0-255,1484,74249,87,301170
21595,0.00106,74.125.68.0-255,2902,77151,87,301170
21596,0.001062,172.31.47.0-255,66,77217,87,301170
21597,0.001091,74.125.68.0-255,5738,82955,87,301170
21598,0.001093,172.31.47.0-255,66,83021,87,301170
21599,0.001097,74.125.68.0-255,2902,85923,87,301170
21600,0.001099,172.31.47.0-255,66,85989,87,301170
21601,0.001114,74.125.68.0-255,1484,87473,87,301170
21602,0.001148,172.31.47.0-255,66,87539,87,301170
21603,0.001164,172.31.47.0-255,66,87605,87,301170
21604,0.001203,172.31.47.0-255,66,87671,87,301170
21605,0.001208,74.125.68.0-255,2902,90573,87,301170
21606,0.00121,172.31.47.0-255,66,90639,87,301170
21607,0.001215,74.125.68.0-255,4320,94959,87,301170
21608,0.001218,172.31.47.0-255,66,95025,87,301170
21609,0.001266,74.125.68.0-255,7156,102181,87,301170
21610,0.001268,172.31.47.0-255,66,102247,87,301170
21611,0.001293,74.125.68.0-255,1484,103731,87,301170
21612,0.001304,74.125.68.0-255,7156,110887,87,301170
21613,0.001306,172.31.47.0-255,66,110953,87,301170
21614,0.001317,172.31.47.0-255,66,111019,87,301170
21615,0.00132,74.125.68.0-255,2902,113921,87,301170
21616,0.001322,172.31.47.0-255,66,113987,87,301170
21617,0.001326,74.125.68.0-255,1484,115471,87,301170
21618,0.001369,172.31.47.0-255,66,115537,87,301170
21619,0.001379,172.31.47.0-255,66,115603,87,301170
21620,0.001405,74.125.68.0-255,5020,120623,87,301170
21621,0.001407,172.31.47.0-255,66,120689,87,301170
21622,0.001451,74.125.68.0-255,2902,123591,87,301170
21623,0.001454,172.31.47.0-255,66,123657,87,301170
21624,0.001459,74.125.68.0-255,2902,126559,87,301170
21625,0.001461,172.31.47.0-255,66,126625,87,301170
21626,0.001485,74.125.68.0-255,1484,128109,87,301170
21627,0.0015,172.31.47.0-255,66,128175,87,301170
21628,0.001506,74.125.68.0-255,5738,133913,87,301170
21629,0.001509,172.31.47.0-255,66,133979,87,301170
21630,0.001536,74.125.68.0-255,7156,141135,87,301170
21631,0.001539,172.31.47.0-255,66,141201,87,301170
21632,0.001562,74.125.68.0-255,5020,146221,87,301170
21633,0.001567,172.31.47.0-255,66,146287,87,301170
21634,0.001655,74.125.68.0-255,1484,147771,87,301170
21635,0.001675,74.125.68.0-255,2902,150673,87,301170
21636,0.001679,172.31.47.0-255,66,150739,87,301170
21637,0.001685,74.125.68.0-255,5738,156477,87,301170
21638,0.001688,172.31.47.0-255,66,156543,87,301170
21639,0.001695,74.125.68.0-255,1484,158027,87,301170
21640,0.001726,74.125.68.0-255,5738,163765,87,301170
21641,0.001729,172.31.47.0-255,66,163831,87,301170
21642,0.001739,172.31.47.0-255,66,163897,87,301170
21643,0.001766,172.31.47.0-255,66,163963,87,301170
21644,0.001872,74.125.68.0-255,1484,165447,87,301170
21645,0.001891,74.125.68.0-255,1484,166931,87,301170
21646,0.001895,172.31.47.0-255,66,166997,87,301170
21647,0.00192,74.125.68.0-255,1484,168481,87,301170
21648,0.001927,74.125.68.0-255,5738,174219,87,301170
21649,0.001929,172.31.47.0-255,66,174285,87,301170
21650,0.001933,74.125.68.0-255,1484,175769,87,301170
21651,0.001956,74.125.68.0-255,5738,181507,87,301170
21652,0.001959,172.31.47.0-255,66,181573,87,301170
21653,0.001994,172.31.47.0-255,66,181639,87,301170
21654,0.002024,74.125.68.0-255,2184,183823,87,301170
21655,0.002027,172.31.47.0-255,66,183889,87,301170
21656,0.004279,74.125.68.0-255,2902,186791,87,301170
21657,0.004285,172.31.47.0-255,66,186857,87,301170
21658,0.004312,74.125.68.0-255,2902,189759,87,301170
21659,0.004315,172.31.47.0-255,66,189825,87,301170
21660,0.006561,74.125.68.0-255,2902,192727,87,301170
21661,0.006566,172.31.47.0-255,66,192793,87,301170
21662,0.00659,74.125.68.0-255,2902,195695,87,301170
21663,0.006592,172.31.47.0-255,66,195761,87,301170
21664,0.008839,74.125.68.0-255,1484,197245,87,301170
21665,0.008858,74.125.68.0-255,4320,201565,87,301170
21666,0.00886,172.31.47.0-255,66,201631,87,301170
21667,0.011142,74.125.68.0-255,4320,205951,87,301170
21668,0.011149,172.31.47.0-255,66,206017,87,301170
21669,0.01118,74.125.68.0-255,1484,207501,87,301170
21670,0.013429,74.125.68.0-255,4320,211821,87,301170
21671,0.013437,172.31.47.0-255,66,211887,87,301170
21672,0.015724,74.125.68.0-255,5738,217625,87,301170
21673,0.015732,172.31.47.0-255,66,217691,87,301170
21674,0.018048,74.125.68.0-255,4320,222011,87,301170
21675,0.018055,172.31.47.0-255,66,222077,87,301170
21676,0.018082,74.125.68.0-255,1484,223561,87,301170
21677,0.020334,74.125.68.0-255,4320,227881,87,301170
21678,0.020339,172.31.47.0-255,66,227947,87,301170
21679,0.022622,74.125.68.0-255,5738,233685,87,301170
21680,0.022629,172.31.47.0-255,66,233751,87,301170
21681,0.024913,74.125.68.0-255,5738,239489,87,301170
21682,0.024922,172.31.47.0-255,66,239555,87,301170
21683,0.026157,172.31.47.0-255,166,239721,87,301170
21684,0.026189,172.31.47.0-255,1131,240852,87,301170
21685,0.026252,172.31.47.0-255,1514,242366,87,301170
21686,0.026253,172.31.47.0-255,1514,243880,87,301170
21687,0.026254,172.31.47.0-255,1514,245394,87,301170
21688,0.026255,172.31.47.0-255,93,245487,87,301170
21689,0.027219,74.125.68.0-255,5738,251225,87,301170
21690,0.027226,172.31.47.0-255,66,251291,87,301170
21691,0.027637,104.244.42.0-255,66,251357,87,301170
21692,0.027669,104.244.42.0-255,66,251423,87,301170
21693,0.02775,104.244.42.0-255,66,251489,87,301170
21694,0.027755,104.244.42.0-255,66,251555,87,301170
21695,0.029521,74.125.68.0-255,5738,257293,87,301170
21696,0.029528,172.31.47.0-255,66,257359,87,301170
21697,0.031817,74.125.68.0-255,5738,263097,87,301170
21698,0.031824,172.31.47.0-255,66,263163,87,301170
21699,0.034108,74.125.68.0-255,5738,268901,87,301170
21700,0.034115,172.31.47.0-255,66,268967,87,301170
21701,0.036405,74.125.68.0-255,5738,274705,87,301170
21702,0.03641,172.31.47.0-255,66,274771,87,301170
21703,0.038687,74.125.68.0-255,5738,280509,87,301170
21704,0.038692,172.31.47.0-255,66,280575,87,301170
21705,0.041008,74.125.68.0-255,5738,286313,87,301170
21706,0.041014,172.31.47.0-255,66,286379,87,301170
21707,0.043309,74.125.68.0-255,5738,292117,87,301170
21708,0.043316,172.31.47.0-255,66,292183,87,301170
21709,0.045601,74.125.68.0-255,5738,297921,87,301170
21710,0.045608,172.31.47.0-255,66,297987,87,301170
21711,0.047896,74.125.68.0-255,2946,300933,87,301170
21712,0.047903,172.31.47.0-255,66,300999,87,301170
21713,0.048071,172.31.47.0-255,105,301104,87,301170
21714,0.050312,74.125.68.0-255,66,301170,87,301170
21715,0.0,216.58.203.0-255,153,153,87,406969
21716,2.3e-05,172.31.47.0-255,66,219,87,406969
21717,2.8e-05,216.58.203.0-255,1484,1703,87,406969
21718,3.1e-05,172.31.47.0-255,66,1769,87,406969
21719,3.5e-05,216.58.203.0-255,2902,4671,87,406969
21720,4.4e-05,172.31.47.0-255,66,4737,87,406969
21721,4.7e-05,216.58.203.0-255,2902,7639,87,406969
21722,4.9e-05,172.31.47.0-255,66,7705,87,406969
21723,5.4e-05,216.58.203.0-255,4320,12025,87,406969
21724,5.7e-05,172.31.47.0-255,66,12091,87,406969
21725,6.1e-05,216.58.203.0-255,4320,16411,87,406969
21726,6.4e-05,172.31.47.0-255,66,16477,87,406969
21727,9e-05,216.58.203.0-255,5009,21486,87,406969
21728,9.7e-05,172.31.47.0-255,66,21552,87,406969
21729,0.000101,216.58.203.0-255,2902,24454,87,406969
21730,0.000103,172.31.47.0-255,66,24520,87,406969
21731,0.000125,216.58.203.0-255,4320,28840,87,406969
21732,0.000127,172.31.47.0-255,66,28906,87,406969
21733,0.000155,216.58.203.0-255,2543,31449,87,406969
21734,0.000157,172.31.47.0-255,66,31515,87,406969
21735,0.000199,216.58.203.0-255,1484,32999,87,406969
21736,0.000201,172.31.47.0-255,66,33065,87,406969
21737,0.000205,216.58.203.0-255,2902,35967,87,406969
21738,0.000207,172.31.47.0-255,66,36033,87,406969
21739,0.000232,216.58.203.0-255,5738,41771,87,406969
21740,0.000235,172.31.47.0-255,66,41837,87,406969
21741,0.000242,216.58.203.0-255,6797,48634,87,406969
21742,0.000244,172.31.47.0-255,66,48700,87,406969
21743,0.000289,172.31.47.0-255,66,48766,87,406969
21744,0.000312,216.58.203.0-255,4320,53086,87,406969
21745,0.000314,172.31.47.0-255,66,53152,87,406969
21746,0.000388,216.58.203.0-255,2543,55695,87,406969
21747,0.000391,172.31.47.0-255,66,55761,87,406969
21748,0.000394,216.58.203.0-255,392,56153,87,406969
21749,0.000623,172.31.47.0-255,66,56219,87,406969
21750,0.000722,216.58.203.0-255,118,56337,87,406969
21751,0.00075,172.31.47.0-255,66,56403,87,406969
21752,0.000874,216.58.203.0-255,1484,57887,87,406969
21753,0.000881,216.58.203.0-255,2902,60789,87,406969
21754,0.000884,172.31.47.0-255,66,60855,87,406969
21755,0.000918,216.58.203.0-255,5738,66593,87,406969
21756,0.000922,172.31.47.0-255,66,66659,87,406969
21757,0.000927,216.58.203.0-255,4320,70979,87,406969
21758,0.000929,172.31.47.0-255,66,71045,87,406969
21759,0.000963,172.31.47.0-255,66,71111,87,406969
21760,0.000992,216.58.203.0-255,7156,78267,87,406969
21761,0.000994,172.31.47.0-255,66,78333,87,406969
21762,0.001031,216.58.203.0-255,2543,80876,87,406969
21763,0.001034,172.31.47.0-255,66,80942,87,406969
21764,0.002644,216.58.203.0-255,2902,83844,87,406969
21765,0.002649,172.31.47.0-255,66,83910,87,406969
21766,0.00269,216.58.203.0-255,2902,86812,87,406969
21767,0.002693,172.31.47.0-255,66,86878,87,406969
21768,0.004306,216.58.203.0-255,2902,89780,87,406969
21769,0.004311,172.31.47.0-255,66,89846,87,406969
21770,0.00434,216.58.203.0-255,2902,92748,87,406969
21771,0.004342,172.31.47.0-255,66,92814,87,406969
21772,0.005966,216.58.203.0-255,2902,95716,87,406969
21773,0.005972,172.31.47.0-255,66,95782,87,406969
21774,0.006003,216.58.203.0-255,2902,98684,87,406969
21775,0.006006,172.31.47.0-255,66,98750,87,406969
21776,0.007625,216.58.203.0-255,2902,101652,87,406969
21777,0.007631,172.31.47.0-255,66,101718,87,406969
21778,0.007667,216.58.203.0-255,2902,104620,87,406969
21779,0.007671,172.31.47.0-255,66,104686,87,406969
21780,0.009293,216.58.203.0-255,2902,107588,87,406969
21781,0.0093,172.31.47.0-255,66,107654,87,406969
21782,0.009327,216.58.203.0-255,2902,110556,87,406969
21783,0.009329,172.31.47.0-255,66,110622,87,406969
21784,0.010964,216.58.203.0-255,5738,116360,87,406969
21785,0.010969,172.31.47.0-255,66,116426,87,406969
21786,0.012646,216.58.203.0-255,5738,122164,87,406969
21787,0.012651,172.31.47.0-255,66,122230,87,406969
21788,0.014315,216.58.203.0-255,5738,127968,87,406969
21789,0.014322,172.31.47.0-255,66,128034,87,406969
21790,0.01598,216.58.203.0-255,5738,133772,87,406969
21791,0.015988,172.31.47.0-255,66,133838,87,406969
21792,0.017644,216.58.203.0-255,5738,139576,87,406969
21793,0.01765,172.31.47.0-255,66,139642,87,406969
21794,0.019303,216.58.203.0-255,5738,145380,87,406969
21795,0.019309,172.31.47.0-255,66,145446,87,406969
21796,0.020205,172.31.47.0-255,167,145613,87,406969
21797,0.020246,172.31.47.0-255,1111,146724,87,406969
21798,0.02032,172.31.47.0-255,1514,148238,87,406969
21799,0.020323,172.31.47.0-255,1514,149752,87,406969
21800,0.020324,172.31.47.0-255,1514,151266,87,406969
21801,0.020325,172.31.47.0-255,1073,152339,87,406969
21802,0.020968,216.58.203.0-255,5738,158077,87,406969
21803,0.020973,172.31.47.0-255,66,158143,87,406969
21804,0.021727,104.244.42.0-255,66,158209,87,406969
21805,0.021799,104.244.42.0-255,66,158275,87,406969
21806,0.021901,104.244.42.0-255,66,158341,87,406969
21807,0.021904,104.244.42.0-255,66,158407,87,406969
21808,0.022587,104.244.42.0-255,108,158515,87,406969
21809,0.022607,172.31.47.0-255,66,158581,87,406969
21810,0.022616,216.58.203.0-255,4320,162901,87,406969
21811,0.022619,172.31.47.0-255,66,162967,87,406969
21812,0.022633,216.58.203.0-255,1484,164451,87,406969
21813,0.024266,216.58.203.0-255,4320,168771,87,406969
21814,0.02427,172.31.47.0-255,66,168837,87,406969
21815,0.025926,216.58.203.0-255,5738,174575,87,406969
21816,0.025931,172.31.47.0-255,66,174641,87,406969
21817,0.027578,216.58.203.0-255,5738,180379,87,406969
21818,0.027583,172.31.47.0-255,66,180445,87,406969
21819,0.029239,216.58.203.0-255,4320,184765,87,406969
21820,0.029244,172.31.47.0-255,66,184831,87,406969
21821,0.029276,216.58.203.0-255,1484,186315,87,406969
21822,0.030893,216.58.203.0-255,4320,190635,87,406969
21823,0.030898,172.31.47.0-255,66,190701,87,406969
21824,0.032557,216.58.203.0-255,5738,196439,87,406969
21825,0.032562,172.31.47.0-255,66,196505,87,406969
21826,0.034223,216.58.203.0-255,4320,200825,87,406969
21827,0.034228,172.31.47.0-255,66,200891,87,406969
21828,0.03426,216.58.203.0-255,1484,202375,87,406969
21829,0.035886,216.58.203.0-255,4320,206695,87,406969
21830,0.035891,172.31.47.0-255,66,206761,87,406969
21831,0.037539,216.58.203.0-255,5738,212499,87,406969
21832,0.037544,172.31.47.0-255,66,212565,87,406969
21833,0.0392,216.58.203.0-255,5738,218303,87,406969
21834,0.039204,172.31.47.0-255,66,218369,87,406969
21835,0.040861,216.58.203.0-255,5738,224107,87,406969
21836,0.040865,172.31.47.0-255,66,224173,87,406969
21837,0.042514,216.58.203.0-255,5738,229911,87,406969
21838,0.042519,172.31.47.0-255,66,229977,87,406969
21839,0.044192,216.58.203.0-255,5738,235715,87,406969
21840,0.044198,172.31.47.0-255,66,235781,87,406969
21841,0.045853,216.58.203.0-255,5738,241519,87,406969
21842,0.045858,172.31.47.0-255,66,241585,87,406969
21843,0.047537,216.58.203.0-255,4320,245905,87,406969
21844,0.047543,172.31.47.0-255,66,245971,87,406969
21845,0.047579,216.58.203.0-255,1484,247455,87,406969
21846,0.049274,216.58.203.0-255,2902,250357,87,406969
21847,0.049279,172.31.47.0-255,66,250423,87,406969
21848,0.049304,216.58.203.0-255,1484,251907,87,406969
21849,0.050937,216.58.203.0-255,4320,256227,87,406969
21850,0.050941,172.31.47.0-255,66,256293,87,406969
21851,0.052587,216.58.203.0-255,4320,260613,87,406969
21852,0.052591,172.31.47.0-255,66,260679,87,406969
21853,0.052618,216.58.203.0-255,1484,262163,87,406969
21854,0.054242,216.58.203.0-255,4320,266483,87,406969
21855,0.054247,172.31.47.0-255,66,266549,87,406969
21856,0.055899,216.58.203.0-255,5738,272287,87,406969
21857,0.055904,172.31.47.0-255,66,272353,87,406969
21858,0.057556,216.58.203.0-255,5738,278091,87,406969
21859,0.057561,172.31.47.0-255,66,278157,87,406969
21860,0.059218,216.58.203.0-255,5738,283895,87,406969
21861,0.059222,172.31.47.0-255,66,283961,87,406969
21862,0.060871,216.58.203.0-255,5738,289699,87,406969
21863,0.060876,172.31.47.0-255,66,289765,87,406969
21864,0.062523,216.58.203.0-255,2902,292667,87,406969
21865,0.062528,172.31.47.0-255,66,292733,87,406969
21866,0.062558,216.58.203.0-255,2902,295635,87,406969
21867,0.062561,172.31.47.0-255,66,295701,87,406969
21868,0.064179,216.58.203.0-255,2902,298603,87,406969
21869,0.064183,172.31.47.0-255,66,298669,87,406969
21870,0.064218,216.58.203.0-255,2902,301571,87,406969
21871,0.064221,172.31.47.0-255,66,301637,87,406969
21872,0.065832,216.58.203.0-255,2902,304539,87,406969
21873,0.065837,172.31.47.0-255,66,304605,87,406969
21874,0.065966,216.58.203.0-255,2902,307507,87,406969
21875,0.065969,172.31.47.0-255,66,307573,87,406969
21876,0.067483,216.58.203.0-255,2902,310475,87,406969
21877,0.067487,172.31.47.0-255,66,310541,87,406969
21878,0.067619,216.58.203.0-255,2902,313443,87,406969
21879,0.067625,172.31.47.0-255,66,313509,87,406969
21880,0.069163,216.58.203.0-255,2902,316411,87,406969
21881,0.069167,172.31.47.0-255,66,316477,87,406969
21882,0.069265,216.58.203.0-255,2902,319379,87,406969
21883,0.069269,172.31.47.0-255,66,319445,87,406969
21884,0.070831,216.58.203.0-255,2902,322347,87,406969
21885,0.070836,172.31.47.0-255,66,322413,87,406969
21886,0.07091,216.58.203.0-255,2902,325315,87,406969
21887,0.070914,172.31.47.0-255,66,325381,87,406969
21888,0.072486,216.58.203.0-255,2902,328283,87,406969
21889,0.07249,172.31.47.0-255,66,328349,87,406969
21890,0.072549,216.58.203.0-255,2902,331251,87,406969
21891,0.072553,172.31.47.0-255,66,331317,87,406969
21892,0.074142,216.58.203.0-255,2902,334219,87,406969
21893,0.074146,172.31.47.0-255,66,334285,87,406969
21894,0.074198,216.58.203.0-255,2902,337187,87,406969
21895,0.074202,172.31.47.0-255,66,337253,87,406969
21896,0.075796,216.58.203.0-255,2902,340155,87,406969
21897,0.075801,172.31.47.0-255,66,340221,87,406969
21898,0.075838,216.58.203.0-255,2902,343123,87,406969
21899,0.075841,172.31.47.0-255,66,343189,87,406969
21900,0.077452,216.58.203.0-255,2902,346091,87,406969
21901,0.077457,172.31.47.0-255,66,346157,87,406969
21902,0.077495,216.58.203.0-255,2902,349059,87,406969
21903,0.077498,172.31.47.0-255,66,349125,87,406969
21904,0.079106,216.58.203.0-255,2902,352027,87,406969
21905,0.079111,172.31.47.0-255,66,352093,87,406969
21906,0.079141,216.58.203.0-255,2902,354995,87,406969
21907,0.079144,172.31.47.0-255,66,355061,87,406969
21908,0.080757,216.58.203.0-255,2902,357963,87,406969
21909,0.080761,172.31.47.0-255,66,358029,87,406969
21910,0.080789,216.58.203.0-255,1484,359513,87,406969
21911,0.080798,216.58.203.0-255,1484,360997,87,406969
21912,0.0808,172.31.47.0-255,66,361063,87,406969
21913,0.082406,216.58.203.0-255,2902,363965,87,406969
21914,0.08241,172.31.47.0-255,66,364031,87,406969
21915,0.082442,216.58.203.0-255,2902,366933,87,406969
21916,0.082444,172.31.47.0-255,66,366999,87,406969
21917,0.084063,216.58.203.0-255,2902,369901,87,406969
21918,0.084067,172.31.47.0-255,66,369967,87,406969
21919,0.084098,216.58.203.0-255,2902,372869,87,406969
21920,0.0841,172.31.47.0-255,66,372935,87,406969
21921,0.085725,216.58.203.0-255,2902,375837,87,406969
21922,0.08573,172.31.47.0-255,66,375903,87,406969
21923,0.085761,216.58.203.0-255,2902,378805,87,406969
21924,0.085764,172.31.47.0-255,66,378871,87,406969
21925,0.087378,216.58.203.0-255,2902,381773,87,406969
21926,0.087382,172.31.47.0-255,66,381839,87,406969
21927,0.087413,216.58.203.0-255,2902,384741,87,406969
21928,0.087415,172.31.47.0-255,66,384807,87,406969
21929,0.08903,216.58.203.0-255,2902,387709,87,406969
21930,0.089034,172.31.47.0-255,66,387775,87,406969
21931,0.089063,216.58.203.0-255,2902,390677,87,406969
21932,0.089065,172.31.47.0-255,66,390743,87,406969
21933,0.090688,216.58.203.0-255,2902,393645,87,406969
21934,0.090693,172.31.47.0-255,66,393711,87,406969
21935,0.090728,216.58.203.0-255,2902,396613,87,406969
21936,0.090731,172.31.47.0-255,66,396679,87,406969
21937,0.092345,216.58.203.0-255,2902,399581,87,406969
21938,0.09235,172.31.47.0-255,66,399647,87,406969
21939,0.092382,216.58.203.0-255,2902,402549,87,406969
21940,0.092385,172.31.47.0-255,66,402615,87,406969
21941,0.094005,216.58.203.0-255,2902,405517,87,406969
21942,0.094011,172.31.47.0-255,66,405583,87,406969
21943,0.094041,216.58.203.0-255,1149,406732,87,406969
21944,0.094184,172.31.47.0-255,66,406798,87,406969
21945,0.09423,172.31.47.0-255,105,406903,87,406969
21946,0.095849,216.58.203.0-255,66,406969,87,406969
21947,0.0,172.217.194.0-255,153,153,87,367123
21948,1.6e-05,172.31.47.0-255,66,219,87,367123
21949,2.2e-05,172.217.194.0-255,1484,1703,87,367123
21950,2.6e-05,172.31.47.0-255,66,1769,87,367123
21951,3.3e-05,172.217.194.0-255,2902,4671,87,367123
21952,3.6e-05,172.31.47.0-255,66,4737,87,367123
21953,4.4e-05,172.217.194.0-255,7156,11893,87,367123
21954,4.8e-05,172.31.47.0-255,66,11959,87,367123
21955,5.2e-05,172.217.194.0-255,2146,14105,87,367123
21956,5.5e-05,172.31.47.0-255,66,14171,87,367123
21957,8.2e-05,172.217.194.0-255,2902,17073,87,367123
21958,8.6e-05,172.31.47.0-255,66,17139,87,367123
21959,9.2e-05,172.217.194.0-255,4320,21459,87,367123
21960,9.4e-05,172.31.47.0-255,66,21525,87,367123
21961,0.000108,172.217.194.0-255,2902,24427,87,367123
21962,0.000111,172.31.47.0-255,66,24493,87,367123
21963,0.000115,172.217.194.0-255,2902,27395,87,367123
21964,0.000118,172.31.47.0-255,66,27461,87,367123
21965,0.000135,172.217.194.0-255,3961,31422,87,367123
21966,0.000137,172.31.47.0-255,66,31488,87,367123
21967,0.00019,172.217.194.0-255,1484,32972,87,367123
21968,0.000194,172.31.47.0-255,66,33038,87,367123
21969,0.000199,172.217.194.0-255,2902,35940,87,367123
21970,0.000201,172.31.47.0-255,66,36006,87,367123
21971,0.000205,172.217.194.0-255,1484,37490,87,367123
21972,0.000207,172.31.47.0-255,66,37556,87,367123
21973,0.000232,172.217.194.0-255,4320,41876,87,367123
21974,0.000235,172.31.47.0-255,66,41942,87,367123
21975,0.000261,172.217.194.0-255,2902,44844,87,367123
21976,0.000263,172.31.47.0-255,66,44910,87,367123
21977,0.000288,172.31.47.0-255,66,44976,87,367123
21978,0.000319,172.217.194.0-255,5738,50714,87,367123
21979,0.000322,172.31.47.0-255,66,50780,87,367123
21980,0.000338,172.217.194.0-255,5379,56159,87,367123
21981,0.000341,172.31.47.0-255,66,56225,87,367123
21982,0.000457,172.217.194.0-255,364,56589,87,367123
21983,0.000529,172.217.194.0-255,380,56969,87,367123
21984,0.000782,172.217.194.0-255,1484,58453,87,367123
21985,0.000787,172.31.47.0-255,66,58519,87,367123
21986,0.000791,172.217.194.0-255,1484,60003,87,367123
21987,0.000809,172.217.194.0-255,1484,61487,87,367123
21988,0.000812,172.31.47.0-255,66,61553,87,367123
21989,0.000819,172.217.194.0-255,5738,67291,87,367123
21990,0.000821,172.31.47.0-255,66,67357,87,367123
21991,0.000835,172.31.47.0-255,66,67423,87,367123
21992,0.000892,172.31.47.0-255,66,67489,87,367123
21993,0.001421,172.217.194.0-255,1484,68973,87,367123
21994,0.001429,172.217.194.0-255,2902,71875,87,367123
21995,0.001433,172.31.47.0-255,66,71941,87,367123
21996,0.00144,172.217.194.0-255,5738,77679,87,367123
21997,0.001443,172.31.47.0-255,66,77745,87,367123
21998,0.001483,172.31.47.0-255,66,77811,87,367123
21999,0.00149,172.217.194.0-255,7156,84967,87,367123
22000,0.001493,172.31.47.0-255,66,85033,87,367123
22001,0.001512,172.217.194.0-255,3602,88635,87,367123
22002,0.001514,172.31.47.0-255,66,88701,87,367123
22003,0.003482,172.217.194.0-255,1484,90185,87,367123
22004,0.003509,172.217.194.0-255,4320,94505,87,367123
22005,0.003514,172.31.47.0-255,66,94571,87,367123
22006,0.005482,172.217.194.0-255,1484,96055,87,367123
22007,0.005498,172.217.194.0-255,4320,100375,87,367123
22008,0.005501,172.31.47.0-255,66,100441,87,367123
22009,0.007501,172.217.194.0-255,1484,101925,87,367123
22010,0.007526,172.217.194.0-255,4320,106245,87,367123
22011,0.00753,172.31.47.0-255,66,106311,87,367123
22012,0.00957,172.217.194.0-255,5738,112049,87,367123
22013,0.009579,172.31.47.0-255,66,112115,87,367123
22014,0.011574,172.217.194.0-255,5738,117853,87,367123
22015,0.011582,172.31.47.0-255,66,117919,87,367123
22016,0.013577,172.217.194.0-255,5738,123657,87,367123
22017,0.013586,172.31.47.0-255,66,123723,87,367123
22018,0.015578,172.217.194.0-255,5738,129461,87,367123
22019,0.015585,172.31.47.0-255,66,129527,87,367123
22020,0.017564,172.217.194.0-255,5738,135265,87,367123
22021,0.017571,172.31.47.0-255,66,135331,87,367123
22022,0.019542,172.217.194.0-255,5738,141069,87,367123
22023,0.019549,172.31.47.0-255,66,141135,87,367123
22024,0.021552,172.217.194.0-255,5738,146873,87,367123
22025,0.021559,172.31.47.0-255,66,146939,87,367123
22026,0.023563,172.217.194.0-255,5738,152677,87,367123
22027,0.023571,172.31.47.0-255,66,152743,87,367123
22028,0.025549,172.217.194.0-255,5738,158481,87,367123
22029,0.025556,172.31.47.0-255,66,158547,87,367123
22030,0.02679,172.31.47.0-255,172,158719,87,367123
22031,0.02682,172.31.47.0-255,1103,159822,87,367123
22032,0.026875,172.31.47.0-255,1514,161336,87,367123
22033,0.026877,172.31.47.0-255,1301,162637,87,367123
22034,0.027561,172.217.194.0-255,5738,168375,87,367123
22035,0.027568,172.31.47.0-255,66,168441,87,367123
22036,0.028339,104.244.42.0-255,66,168507,87,367123
22037,0.028367,104.244.42.0-255,66,168573,87,367123
22038,0.028412,104.244.42.0-255,66,168639,87,367123
22039,0.029596,172.217.194.0-255,5738,174377,87,367123
22040,0.029602,172.31.47.0-255,66,174443,87,367123
22041,0.031605,172.217.194.0-255,5738,180181,87,367123
22042,0.031611,172.31.47.0-255,66,180247,87,367123
22043,0.033585,172.217.194.0-255,5738,185985,87,367123
22044,0.033591,172.31.47.0-255,66,186051,87,367123
22045,0.035566,172.217.194.0-255,5738,191789,87,367123
22046,0.035572,172.31.47.0-255,66,191855,87,367123
22047,0.037555,172.217.194.0-255,5738,197593,87,367123
22048,0.037561,172.31.47.0-255,66,197659,87,367123
22049,0.039554,172.217.194.0-255,5738,203397,87,367123
22050,0.03956,172.31.47.0-255,66,203463,87,367123
22051,0.041594,172.217.194.0-255,5738,209201,87,367123
22052,0.041603,172.31.47.0-255,66,209267,87,367123
22053,0.043609,172.217.194.0-255,5738,215005,87,367123
22054,0.043624,172.31.47.0-255,66,215071,87,367123
22055,0.045648,172.217.194.0-255,5738,220809,87,367123
22056,0.045661,172.31.47.0-255,66,220875,87,367123
22057,0.047641,172.217.194.0-255,5738,226613,87,367123
22058,0.047654,172.31.47.0-255,66,226679,87,367123
22059,0.049674,172.217.194.0-255,5738,232417,87,367123
22060,0.049691,172.31.47.0-255,66,232483,87,367123
22061,0.051678,172.217.194.0-255,5738,238221,87,367123
22062,0.051691,172.31.47.0-255,66,238287,87,367123
22063,0.053699,172.217.194.0-255,5738,244025,87,367123
22064,0.053713,172.31.47.0-255,66,244091,87,367123
22065,0.055685,172.217.194.0-255,5738,249829,87,367123
22066,0.055694,172.31.47.0-255,66,249895,87,367123
22067,0.057664,172.217.194.0-255,5738,255633,87,367123
22068,0.05767,172.31.47.0-255,66,255699,87,367123
22069,0.059672,172.217.194.0-255,5738,261437,87,367123
22070,0.059684,172.31.47.0-255,66,261503,87,367123
22071,0.061685,172.217.194.0-255,5738,267241,87,367123
22072,0.061698,172.31.47.0-255,66,267307,87,367123
22073,0.063711,172.217.194.0-255,5738,273045,87,367123
22074,0.063726,172.31.47.0-255,66,273111,87,367123
22075,0.065734,172.217.194.0-255,5738,278849,87,367123
22076,0.065748,172.31.47.0-255,66,278915,87,367123
22077,0.067755,172.217.194.0-255,5738,284653,87,367123
22078,0.067765,172.31.47.0-255,66,284719,87,367123
22079,0.06977,172.217.194.0-255,5738,290457,87,367123
22080,0.069777,172.31.47.0-255,66,290523,87,367123
22081,0.071757,172.217.194.0-255,5738,296261,87,367123
22082,0.071763,172.31.47.0-255,66,296327,87,367123
22083,0.0738,172.217.194.0-255,5738,302065,87,367123
22084,0.073805,172.31.47.0-255,66,302131,87,367123
22085,0.075795,172.217.194.0-255,5738,307869,87,367123
22086,0.075801,172.31.47.0-255,66,307935,87,367123
22087,0.077781,172.217.194.0-255,5738,313673,87,367123
22088,0.077786,172.31.47.0-255,66,313739,87,367123
22089,0.079806,172.217.194.0-255,5738,319477,87,367123
22090,0.079813,172.31.47.0-255,66,319543,87,367123
22091,0.081817,172.217.194.0-255,5738,325281,87,367123
22092,0.081823,172.31.47.0-255,66,325347,87,367123
22093,0.083809,172.217.194.0-255,5738,331085,87,367123
22094,0.083815,172.31.47.0-255,66,331151,87,367123
22095,0.085798,172.217.194.0-255,5738,336889,87,367123
22096,0.085803,172.31.47.0-255,66,336955,87,367123
22097,0.087801,172.217.194.0-255,5738,342693,87,367123
22098,0.087806,172.31.47.0-255,66,342759,87,367123
22099,0.089819,172.217.194.0-255,5738,348497,87,367123
22100,0.089826,172.31.47.0-255,66,348563,87,367123
22101,0.091833,172.217.194.0-255,5738,354301,87,367123
22102,0.09184,172.31.47.0-255,66,354367,87,367123
22103,0.093836,172.217.194.0-255,5738,360105,87,367123
22104,0.093843,172.31.47.0-255,66,360171,87,367123
22105,0.095821,172.217.194.0-255,5738,365909,87,367123
22106,0.095828,172.31.47.0-255,66,365975,87,367123
22107,0.097819,172.217.194.0-255,911,366886,87,367123
22108,0.097958,172.31.47.0-255,66,366952,87,367123
22109,0.097995,172.31.47.0-255,105,367057,87,367123
22110,0.099957,172.217.194.0-255,66,367123,87,367123
22111,0.0,74.125.130.0-255,153,153,87,412802
22112,2.6e-05,172.31.47.0-255,66,219,87,412802
22113,3.3e-05,74.125.130.0-255,1484,1703,87,412802
22114,3.7e-05,172.31.47.0-255,66,1769,87,412802
22115,4.2e-05,74.125.130.0-255,2902,4671,87,412802
22116,4.5e-05,172.31.47.0-255,66,4737,87,412802
22117,7.8e-05,74.125.130.0-255,4320,9057,87,412802
22118,8.1e-05,172.31.47.0-255,66,9123,87,412802
22119,0.000105,74.125.130.0-255,4944,14067,87,412802
22120,0.000107,172.31.47.0-255,66,14133,87,412802
22121,0.000144,74.125.130.0-255,4320,18453,87,412802
22122,0.000146,172.31.47.0-255,66,18519,87,412802
22123,0.00016,74.125.130.0-255,1484,20003,87,412802
22124,0.000163,172.31.47.0-255,66,20069,87,412802
22125,0.000166,74.125.130.0-255,1484,21553,87,412802
22126,0.000168,172.31.47.0-255,66,21619,87,412802
22127,0.000173,74.125.130.0-255,2902,24521,87,412802
22128,0.000175,172.31.47.0-255,66,24587,87,412802
22129,0.000182,74.125.130.0-255,5738,30325,87,412802
22130,0.000185,172.31.47.0-255,66,30391,87,412802
22131,0.000217,74.125.130.0-255,5738,36129,87,412802
22132,0.00022,172.31.47.0-255,66,36195,87,412802
22133,0.000228,74.125.130.0-255,7156,43351,87,412802
22134,0.00023,172.31.47.0-255,66,43417,87,412802
22135,0.000253,74.125.130.0-255,2902,46319,87,412802
22136,0.000255,172.31.47.0-255,66,46385,87,412802
22137,0.000274,74.125.130.0-255,2184,48569,87,412802
22138,0.000277,172.31.47.0-255,66,48635,87,412802
22139,0.000346,74.125.130.0-255,1484,50119,87,412802
22140,0.00035,172.31.47.0-255,66,50185,87,412802
22141,0.000373,74.125.130.0-255,2902,53087,87,412802
22142,0.000376,172.31.47.0-255,66,53153,87,412802
22143,0.000394,74.125.130.0-255,5738,58891,87,412802
22144,0.000397,172.31.47.0-255,66,58957,87,412802
22145,0.0004,74.125.130.0-255,1484,60441,87,412802
22146,0.000423,74.125.130.0-255,4320,64761,87,412802
22147,0.000425,172.31.47.0-255,66,64827,87,412802
22148,0.00045,74.125.130.0-255,1416,66243,87,412802
22149,0.00055,74.125.130.0-255,1484,67727,87,412802
22150,0.000555,172.31.47.0-255,66,67793,87,412802
22151,0.00056,74.125.130.0-255,2902,70695,87,412802
22152,0.000563,172.31.47.0-255,66,70761,87,412802
22153,0.000592,74.125.130.0-255,5738,76499,87,412802
22154,0.000595,172.31.47.0-255,66,76565,87,412802
22155,0.000619,74.125.130.0-255,5738,82303,87,412802
22156,0.000621,172.31.47.0-255,66,82369,87,412802
22157,0.000681,74.125.130.0-255,7073,89442,87,412802
22158,0.000686,172.31.47.0-255,66,89508,87,412802
22159,0.000708,74.125.130.0-255,2902,92410,87,412802
22160,0.000711,172.31.47.0-255,66,92476,87,412802
22161,0.000735,74.125.130.0-255,2902,95378,87,412802
22162,0.000739,172.31.47.0-255,66,95444,87,412802
22163,0.00077,74.125.130.0-255,5379,100823,87,412802
22164,0.000773,172.31.47.0-255,66,100889,87,412802
22165,0.001017,74.125.130.0-255,1484,102373,87,412802
22166,0.001036,74.125.130.0-255,2902,105275,87,412802
22167,0.00104,172.31.47.0-255,66,105341,87,412802
22168,0.001045,74.125.130.0-255,2902,108243,87,412802
22169,0.001047,172.31.47.0-255,66,108309,87,412802
22170,0.001063,74.125.130.0-255,2902,111211,87,412802
22171,0.001065,172.31.47.0-255,66,111277,87,412802
22172,0.00107,74.125.130.0-255,4320,115597,87,412802
22173,0.001073,172.31.47.0-255,66,115663,87,412802
22174,0.001079,74.125.130.0-255,4320,119983,87,412802
22175,0.00108,172.31.47.0-255,66,120049,87,412802
22176,0.001097,74.125.130.0-255,1484,121533,87,412802
22177,0.00111,74.125.130.0-255,1484,123017,87,412802
22178,0.001113,172.31.47.0-255,66,123083,87,412802
22179,0.001143,172.31.47.0-255,66,123149,87,412802
22180,0.001189,74.125.130.0-255,2184,125333,87,412802
22181,0.001192,172.31.47.0-255,66,125399,87,412802
22182,0.001278,74.125.130.0-255,1484,126883,87,412802
22183,0.001299,74.125.130.0-255,2902,129785,87,412802
22184,0.00132,74.125.130.0-255,5738,135523,87,412802
22185,0.001323,74.125.130.0-255,1484,137007,87,412802
22186,0.001326,74.125.130.0-255,1484,138491,87,412802
22187,0.001338,172.31.47.0-255,66,138557,87,412802
22188,0.001342,74.125.130.0-255,1484,140041,87,412802
22189,0.001344,74.125.130.0-255,1484,141525,87,412802
22190,0.001349,172.31.47.0-255,66,141591,87,412802
22191,0.001362,74.125.130.0-255,4320,145911,87,412802
22192,0.001364,74.125.130.0-255,1484,147395,87,412802
22193,0.001381,74.125.130.0-255,2902,150297,87,412802
22194,0.001384,74.125.130.0-255,1484,151781,87,412802
22195,0.001393,172.31.47.0-255,66,151847,87,412802
22196,0.001402,74.125.130.0-255,4320,156167,87,412802
22197,0.001406,172.31.47.0-255,66,156233,87,412802
22198,0.001413,74.125.130.0-255,1484,157717,87,412802
22199,0.001428,74.125.130.0-255,2184,159901,87,412802
22200,0.001431,74.125.130.0-255,1484,161385,87,412802
22201,0.001441,172.31.47.0-255,66,161451,87,412802
22202,0.001452,74.125.130.0-255,2902,164353,87,412802
22203,0.001458,74.125.130.0-255,4320,168673,87,412802
22204,0.001474,74.125.130.0-255,5738,174411,87,412802
22205,0.001478,74.125.130.0-255,2902,177313,87,412802
22206,0.001499,172.31.47.0-255,66,177379,87,412802
22207,0.001522,74.125.130.0-255,7156,184535,87,412802
22208,0.001527,172.31.47.0-255,66,184601,87,412802
22209,0.00155,74.125.130.0-255,7156,191757,87,412802
22210,0.001554,74.125.130.0-255,2184,193941,87,412802
22211,0.001559,172.31.47.0-255,66,194007,87,412802
22212,0.001992,74.125.130.0-255,1484,195491,87,412802
22213,0.002008,74.125.130.0-255,2902,198393,87,412802
22214,0.002012,172.31.47.0-255,66,198459,87,412802
22215,0.002028,74.125.130.0-255,4320,202779,87,412802
22216,0.002049,74.125.130.0-255,1484,204263,87,412802
22217,0.002051,74.125.130.0-255,1484,205747,87,412802
22218,0.002054,74.125.130.0-255,2902,208649,87,412802
22219,0.002056,172.31.47.0-255,66,208715,87,412802
22220,0.002061,172.31.47.0-255,66,208781,87,412802
22221,0.002076,74.125.130.0-255,5738,214519,87,412802
22222,0.002078,74.125.130.0-255,1484,216003,87,412802
22223,0.002099,74.125.130.0-255,4320,220323,87,412802
22224,0.002106,74.125.130.0-255,7156,227479,87,412802
22225,0.00211,172.31.47.0-255,66,227545,87,412802
22226,0.002123,74.125.130.0-255,766,228311,87,412802
22227,0.003032,172.31.47.0-255,66,228377,87,412802
22228,0.004652,74.125.130.0-255,4320,232697,87,412802
22229,0.004663,172.31.47.0-255,66,232763,87,412802
22230,0.005576,74.125.130.0-255,1484,234247,87,412802
22231,0.007203,74.125.130.0-255,4320,238567,87,412802
22232,0.007217,172.31.47.0-255,66,238633,87,412802
22233,0.009793,74.125.130.0-255,5738,244371,87,412802
22234,0.00981,172.31.47.0-255,66,244437,87,412802
22235,0.012382,74.125.130.0-255,5738,250175,87,412802
22236,0.012403,172.31.47.0-255,66,250241,87,412802
22237,0.01495,74.125.130.0-255,5738,255979,87,412802
22238,0.014969,172.31.47.0-255,66,256045,87,412802
22239,0.017518,74.125.130.0-255,5738,261783,87,412802
22240,0.017529,172.31.47.0-255,66,261849,87,412802
22241,0.020103,74.125.130.0-255,5738,267587,87,412802
22242,0.020119,172.31.47.0-255,66,267653,87,412802
22243,0.02267,74.125.130.0-255,5738,273391,87,412802
22244,0.022689,172.31.47.0-255,66,273457,87,412802
22245,0.025234,74.125.130.0-255,5738,279195,87,412802
22246,0.025241,172.31.47.0-255,66,279261,87,412802
22247,0.027799,74.125.130.0-255,5738,284999,87,412802
22248,0.027812,172.31.47.0-255,66,285065,87,412802
22249,0.030379,74.125.130.0-255,5738,290803,87,412802
22250,0.030395,172.31.47.0-255,66,290869,87,412802
22251,0.032943,74.125.130.0-255,1484,292353,87,412802
22252,0.032972,74.125.130.0-255,4320,296673,87,412802
22253,0.032977,172.31.47.0-255,66,296739,87,412802
22254,0.034031,172.31.47.0-255,171,296910,87,412802
22255,0.034091,172.31.47.0-255,1127,298037,87,412802
22256,0.034242,172.31.47.0-255,1514,299551,87,412802
22257,0.034244,172.31.47.0-255,1278,300829,87,412802
22258,0.035543,74.125.130.0-255,5738,306567,87,412802
22259,0.035557,172.31.47.0-255,66,306633,87,412802
22260,0.035593,104.244.42.0-255,66,306699,87,412802
22261,0.035636,104.244.42.0-255,66,306765,87,412802
22262,0.035847,104.244.42.0-255,66,306831,87,412802
22263,0.038152,74.125.130.0-255,5738,312569,87,412802
22264,0.03817,172.31.47.0-255,66,312635,87,412802
22265,0.040715,74.125.130.0-255,5738,318373,87,412802
22266,0.040726,172.31.47.0-255,66,318439,87,412802
22267,0.043273,74.125.130.0-255,5738,324177,87,412802
22268,0.043288,172.31.47.0-255,66,324243,87,412802
22269,0.04583,74.125.130.0-255,5738,329981,87,412802
22270,0.045838,172.31.47.0-255,66,330047,87,412802
22271,0.048377,74.125.130.0-255,4320,334367,87,412802
22272,0.048384,172.31.47.0-255,66,334433,87,412802
22273,0.048415,74.125.130.0-255,1484,335917,87,412802
22274,0.050916,74.125.130.0-255,4320,340237,87,412802
22275,0.050923,172.31.47.0-255,66,340303,87,412802
22276,0.053483,74.125.130.0-255,5738,346041,87,412802
22277,0.053492,172.31.47.0-255,66,346107,87,412802
22278,0.056045,74.125.130.0-255,5738,351845,87,412802
22279,0.056058,172.31.47.0-255,66,351911,87,412802
22280,0.058602,74.125.130.0-255,5738,357649,87,412802
22281,0.058614,172.31.47.0-255,66,357715,87,412802
22282,0.061154,74.125.130.0-255,5738,363453,87,412802
22283,0.061165,172.31.47.0-255,66,363519,87,412802
22284,0.063733,74.125.130.0-255,5738,369257,87,412802
22285,0.063749,172.31.47.0-255,66,369323,87,412802
22286,0.066288,74.125.130.0-255,5738,375061,87,412802
22287,0.066294,172.31.47.0-255,66,375127,87,412802
22288,0.068835,74.125.130.0-255,5738,380865,87,412802
22289,0.068842,172.31.47.0-255,66,380931,87,412802
22290,0.071393,74.125.130.0-255,4320,385251,87,412802
22291,0.0714,172.31.47.0-255,66,385317,87,412802
22292,0.071428,74.125.130.0-255,1484,386801,87,412802
22293,0.073952,74.125.130.0-255,4320,391121,87,412802
22294,0.073959,172.31.47.0-255,66,391187,87,412802
22295,0.07651,74.125.130.0-255,5738,396925,87,412802
22296,0.076518,172.31.47.0-255,66,396991,87,412802
22297,0.07907,74.125.130.0-255,1484,398475,87,412802
22298,0.079102,74.125.130.0-255,4320,402795,87,412802
22299,0.079106,172.31.47.0-255,66,402861,87,412802
22300,0.081635,74.125.130.0-255,5738,408599,87,412802
22301,0.081641,172.31.47.0-255,66,408665,87,412802
22302,0.084175,74.125.130.0-255,3546,412211,87,412802
22303,0.084185,172.31.47.0-255,66,412277,87,412802
22304,0.084385,172.31.47.0-255,105,412382,87,412802
22305,0.084664,172.31.47.0-255,90,412472,87,412802
22306,0.084675,172.31.47.0-255,66,412538,87,412802
22307,0.086879,74.125.130.0-255,66,412604,87,412802
22308,0.087144,74.125.130.0-255,66,412670,87,412802
22309,0.087209,74.125.130.0-255,66,412736,87,412802
22310,0.087213,172.31.47.0-255,66,412802,87,412802
22311,0.0,172.217.27.0-255,153,153,87,363602
22312,2.3e-05,172.31.47.0-255,66,219,87,363602
22313,2.9e-05,172.217.27.0-255,1484,1703,87,363602
22314,3.2e-05,172.31.47.0-255,66,1769,87,363602
22315,3.6e-05,172.217.27.0-255,2902,4671,87,363602
22316,3.8e-05,172.31.47.0-255,66,4737,87,363602
22317,4.9e-05,172.217.27.0-255,5738,10475,87,363602
22318,5.1e-05,172.31.47.0-255,66,10541,87,363602
22319,7.6e-05,172.217.27.0-255,1484,12025,87,363602
22320,7.8e-05,172.31.47.0-255,66,12091,87,363602
22321,0.00011,172.31.47.0-255,66,12157,87,363602
22322,0.000138,172.31.47.0-255,66,12223,87,363602
22323,0.00025,172.217.27.0-255,1484,13707,87,363602
22324,0.000253,172.31.47.0-255,66,13773,87,363602
22325,0.000258,172.217.27.0-255,2902,16675,87,363602
22326,0.000261,172.31.47.0-255,66,16741,87,363602
22327,0.000288,172.217.27.0-255,5738,22479,87,363602
22328,0.000292,172.217.27.0-255,4320,26799,87,363602
22329,0.000292,172.31.47.0-255,66,26865,87,363602
22330,0.000295,172.31.47.0-255,66,26931,87,363602
22331,0.000342,172.217.27.0-255,2543,29474,87,363602
22332,0.000345,172.31.47.0-255,66,29540,87,363602
22333,0.000413,172.217.27.0-255,1484,31024,87,363602
22334,0.000416,172.31.47.0-255,66,31090,87,363602
22335,0.000421,172.217.27.0-255,2902,33992,87,363602
22336,0.000425,172.31.47.0-255,66,34058,87,363602
22337,0.000446,172.217.27.0-255,1484,35542,87,363602
22338,0.000448,172.31.47.0-255,66,35608,87,363602
22339,0.000453,172.217.27.0-255,2902,38510,87,363602
22340,0.000454,172.31.47.0-255,66,38576,87,363602
22341,0.000465,172.217.27.0-255,5738,44314,87,363602
22342,0.000467,172.31.47.0-255,66,44380,87,363602
22343,0.000495,172.217.27.0-255,2869,47249,87,363602
22344,0.000497,172.31.47.0-255,66,47315,87,363602
22345,0.000714,172.217.27.0-255,119,47434,87,363602
22346,0.000736,172.31.47.0-255,66,47500,87,363602
22347,0.000907,172.217.27.0-255,1484,48984,87,363602
22348,0.000916,172.217.27.0-255,2902,51886,87,363602
22349,0.000919,172.31.47.0-255,66,51952,87,363602
22350,0.000952,172.217.27.0-255,5738,57690,87,363602
22351,0.000955,172.31.47.0-255,66,57756,87,363602
22352,0.00096,172.217.27.0-255,4320,62076,87,363602
22353,0.000962,172.31.47.0-255,66,62142,87,363602
22354,0.000972,172.217.27.0-255,5379,67521,87,363602
22355,0.000975,172.31.47.0-255,66,67587,87,363602
22356,0.000984,172.31.47.0-255,66,67653,87,363602
22357,0.001017,172.217.27.0-255,2902,70555,87,363602
22358,0.001024,172.31.47.0-255,66,70621,87,363602
22359,0.001029,172.217.27.0-255,2543,73164,87,363602
22360,0.001031,172.31.47.0-255,66,73230,87,363602
22361,0.001228,172.217.27.0-255,1484,74714,87,363602
22362,0.001234,172.217.27.0-255,2902,77616,87,363602
22363,0.001238,172.31.47.0-255,66,77682,87,363602
22364,0.001255,172.217.27.0-255,2902,80584,87,363602
22365,0.001258,172.31.47.0-255,66,80650,87,363602
22366,0.001273,172.217.27.0-255,1484,82134,87,363602
22367,0.001288,172.31.47.0-255,66,82200,87,363602
22368,0.001291,172.217.27.0-255,1484,83684,87,363602
22369,0.001329,172.31.47.0-255,66,83750,87,363602
22370,0.001358,172.217.27.0-255,1484,85234,87,363602
22371,0.001375,172.217.27.0-255,2902,88136,87,363602
22372,0.001378,172.31.47.0-255,66,88202,87,363602
22373,0.001382,172.217.27.0-255,1484,89686,87,363602
22374,0.001401,172.217.27.0-255,2902,92588,87,363602
22375,0.001403,172.31.47.0-255,66,92654,87,363602
22376,0.001408,172.217.27.0-255,5738,98392,87,363602
22377,0.00141,172.31.47.0-255,66,98458,87,363602
22378,0.001435,172.217.27.0-255,7156,105614,87,363602
22379,0.001437,172.31.47.0-255,66,105680,87,363602
22380,0.001445,172.217.27.0-255,5738,111418,87,363602
22381,0.001446,172.31.47.0-255,66,111484,87,363602
22382,0.00145,172.217.27.0-255,2902,114386,87,363602
22383,0.001452,172.31.47.0-255,66,114452,87,363602
22384,0.001476,172.217.27.0-255,3602,118054,87,363602
22385,0.001478,172.31.47.0-255,66,118120,87,363602
22386,0.00148,172.217.27.0-255,331,118451,87,363602
22387,0.003118,172.217.27.0-255,4320,122771,87,363602
22388,0.003121,172.31.47.0-255,66,122837,87,363602
22389,0.004772,172.217.27.0-255,5738,128575,87,363602
22390,0.004778,172.31.47.0-255,66,128641,87,363602
22391,0.006434,172.217.27.0-255,5738,134379,87,363602
22392,0.00644,172.31.47.0-255,66,134445,87,363602
22393,0.008098,172.217.27.0-255,5738,140183,87,363602
22394,0.008105,172.31.47.0-255,66,140249,87,363602
22395,0.009758,172.217.27.0-255,5738,145987,87,363602
22396,0.009763,172.31.47.0-255,66,146053,87,363602
22397,0.011413,172.217.27.0-255,5738,151791,87,363602
22398,0.011419,172.31.47.0-255,66,151857,87,363602
22399,0.013074,172.217.27.0-255,5738,157595,87,363602
22400,0.01308,172.31.47.0-255,66,157661,87,363602
22401,0.014736,172.217.27.0-255,5738,163399,87,363602
22402,0.014743,172.31.47.0-255,66,163465,87,363602
22403,0.016395,172.217.27.0-255,5738,169203,87,363602
22404,0.0164,172.31.47.0-255,66,169269,87,363602
22405,0.018049,172.217.27.0-255,5738,175007,87,363602
22406,0.018055,172.31.47.0-255,66,175073,87,363602
22407,0.019707,172.217.27.0-255,5738,180811,87,363602
22408,0.019714,172.31.47.0-255,66,180877,87,363602
22409,0.021357,172.217.27.0-255,2902,183779,87,363602
22410,0.021366,172.31.47.0-255,66,183845,87,363602
22411,0.021398,172.217.27.0-255,2902,186747,87,363602
22412,0.021402,172.31.47.0-255,66,186813,87,363602
22413,0.023019,172.217.27.0-255,2902,189715,87,363602
22414,0.023031,172.31.47.0-255,66,189781,87,363602
22415,0.023065,172.217.27.0-255,2902,192683,87,363602
22416,0.023069,172.31.47.0-255,66,192749,87,363602
22417,0.024354,172.31.47.0-255,167,192916,87,363602
22418,0.024382,172.31.47.0-255,1106,194022,87,363602
22419,0.024448,172.31.47.0-255,1514,195536,87,363602
22420,0.024449,172.31.47.0-255,1298,196834,87,363602
22421,0.02471,172.217.27.0-255,5738,202572,87,363602
22422,0.024717,172.31.47.0-255,66,202638,87,363602
22423,0.025857,104.244.42.0-255,66,202704,87,363602
22424,0.025885,104.244.42.0-255,66,202770,87,363602
22425,0.025956,104.244.42.0-255,66,202836,87,363602
22426,0.026372,172.217.27.0-255,4320,207156,87,363602
22427,0.026378,172.31.47.0-255,66,207222,87,363602
22428,0.026404,172.217.27.0-255,1484,208706,87,363602
22429,0.028039,172.217.27.0-255,4320,213026,87,363602
22430,0.02805,172.31.47.0-255,66,213092,87,363602
22431,0.029724,172.217.27.0-255,5738,218830,87,363602
22432,0.029734,172.31.47.0-255,66,218896,87,363602
22433,0.031397,172.217.27.0-255,5738,224634,87,363602
22434,0.031411,172.31.47.0-255,66,224700,87,363602
22435,0.03308,172.217.27.0-255,5738,230438,87,363602
22436,0.033088,172.31.47.0-255,66,230504,87,363602
22437,0.034751,172.217.27.0-255,5738,236242,87,363602
22438,0.034758,172.31.47.0-255,66,236308,87,363602
22439,0.036416,172.217.27.0-255,5738,242046,87,363602
22440,0.036422,172.31.47.0-255,66,242112,87,363602
22441,0.038079,172.217.27.0-255,5738,247850,87,363602
22442,0.038085,172.31.47.0-255,66,247916,87,363602
22443,0.039745,172.217.27.0-255,5738,253654,87,363602
22444,0.039752,172.31.47.0-255,66,253720,87,363602
22445,0.041401,172.217.27.0-255,5738,259458,87,363602
22446,0.041408,172.31.47.0-255,66,259524,87,363602
22447,0.04309,172.217.27.0-255,5738,265262,87,363602
22448,0.043096,172.31.47.0-255,66,265328,87,363602
22449,0.044758,172.217.27.0-255,5738,271066,87,363602
22450,0.044766,172.31.47.0-255,66,271132,87,363602
22451,0.046421,172.217.27.0-255,5738,276870,87,363602
22452,0.046429,172.31.47.0-255,66,276936,87,363602
22453,0.04809,172.217.27.0-255,5738,282674,87,363602
22454,0.048096,172.31.47.0-255,66,282740,87,363602
22455,0.049754,172.217.27.0-255,5738,288478,87,363602
22456,0.049759,172.31.47.0-255,66,288544,87,363602
22457,0.051414,172.217.27.0-255,5738,294282,87,363602
22458,0.05142,172.31.47.0-255,66,294348,87,363602
22459,0.05308,172.217.27.0-255,5738,300086,87,363602
22460,0.053086,172.31.47.0-255,66,300152,87,363602
22461,0.054749,172.217.27.0-255,5738,305890,87,363602
22462,0.054755,172.31.47.0-255,66,305956,87,363602
22463,0.056438,172.217.27.0-255,4320,310276,87,363602
22464,0.056444,172.31.47.0-255,66,310342,87,363602
22465,0.056471,172.217.27.0-255,1484,311826,87,363602
22466,0.058101,172.217.27.0-255,2902,314728,87,363602
22467,0.058107,172.31.47.0-255,66,314794,87,363602
22468,0.059763,172.217.27.0-255,5738,320532,87,363602
22469,0.059768,172.31.47.0-255,66,320598,87,363602
22470,0.061426,172.217.27.0-255,5738,326336,87,363602
22471,0.061433,172.31.47.0-255,66,326402,87,363602
22472,0.063087,172.217.27.0-255,5738,332140,87,363602
22473,0.063093,172.31.47.0-255,66,332206,87,363602
22474,0.064753,172.217.27.0-255,5738,337944,87,363602
22475,0.06476,172.31.47.0-255,66,338010,87,363602
22476,0.06643,172.217.27.0-255,5738,343748,87,363602
22477,0.066435,172.31.47.0-255,66,343814,87,363602
22478,0.068098,172.217.27.0-255,5738,349552,87,363602
22479,0.068103,172.31.47.0-255,66,349618,87,363602
22480,0.06976,172.217.27.0-255,5738,355356,87,363602
22481,0.069765,172.31.47.0-255,66,355422,87,363602
22482,0.071421,172.217.27.0-255,5738,361160,87,363602
22483,0.071426,172.31.47.0-255,66,361226,87,363602
22484,0.073082,172.217.27.0-255,2139,363365,87,363602
22485,0.073087,172.31.47.0-255,66,363431,87,363602
22486,0.073238,172.31.47.0-255,105,363536,87,363602
22487,0.074869,172.217.27.0-255,66,363602,87,363602
22488,0.0,172.217.194.0-255,153,153,87,339821
22489,2.8e-05,172.31.47.0-255,66,219,87,339821
22490,3.4e-05,172.217.194.0-255,1484,1703,87,339821
22491,3.8e-05,172.31.47.0-255,66,1769,87,339821
22492,4.2e-05,172.217.194.0-255,2902,4671,87,339821
22493,4.4e-05,172.31.47.0-255,66,4737,87,339821
22494,5.7e-05,172.217.194.0-255,7156,11893,87,339821
22495,5.9e-05,172.31.47.0-255,66,11959,87,339821
22496,6.3e-05,172.217.194.0-255,2134,14093,87,339821
22497,6.5e-05,172.31.47.0-255,66,14159,87,339821
22498,0.00011,172.31.47.0-255,66,14225,87,339821
22499,0.000113,172.217.194.0-255,1125,15350,87,339821
22500,0.000115,172.31.47.0-255,66,15416,87,339821
22501,0.000159,172.217.194.0-255,1484,16900,87,339821
22502,0.000161,172.31.47.0-255,66,16966,87,339821
22503,0.000164,172.217.194.0-255,1484,18450,87,339821
22504,0.000166,172.31.47.0-255,66,18516,87,339821
22505,0.000172,172.217.194.0-255,4320,22836,87,339821
22506,0.000179,172.31.47.0-255,66,22902,87,339821
22507,0.00022,172.31.47.0-255,66,22968,87,339821
22508,0.000238,172.31.47.0-255,66,23034,87,339821
22509,0.000265,172.217.194.0-255,1431,24465,87,339821
22510,0.000267,172.31.47.0-255,66,24531,87,339821
22511,0.000291,172.217.194.0-255,382,24913,87,339821
22512,0.000294,172.31.47.0-255,66,24979,87,339821
22513,0.000539,172.217.194.0-255,1484,26463,87,339821
22514,0.000542,172.31.47.0-255,66,26529,87,339821
22515,0.000546,172.217.194.0-255,1484,28013,87,339821
22516,0.000548,172.31.47.0-255,66,28079,87,339821
22517,0.000565,172.217.194.0-255,1484,29563,87,339821
22518,0.000576,172.217.194.0-255,5738,35301,87,339821
22519,0.000578,172.217.194.0-255,1484,36785,87,339821
22520,0.000585,172.31.47.0-255,66,36851,87,339821
22521,0.000594,172.217.194.0-255,4320,41171,87,339821
22522,0.000597,172.31.47.0-255,66,41237,87,339821
22523,0.000602,172.217.194.0-255,5738,46975,87,339821
22524,0.00061,172.31.47.0-255,66,47041,87,339821
22525,0.000621,172.217.194.0-255,7156,54197,87,339821
22526,0.000629,172.31.47.0-255,66,54263,87,339821
22527,0.000638,172.217.194.0-255,5020,59283,87,339821
22528,0.000643,172.31.47.0-255,66,59349,87,339821
22529,0.001687,172.217.194.0-255,1484,60833,87,339821
22530,0.001697,172.217.194.0-255,2902,63735,87,339821
22531,0.001702,172.31.47.0-255,66,63801,87,339821
22532,0.001709,172.217.194.0-255,5738,69539,87,339821
22533,0.001779,172.217.194.0-255,2902,72441,87,339821
22534,0.001886,172.217.194.0-255,1484,73925,87,339821
22535,0.0019,172.217.194.0-255,2902,76827,87,339821
22536,0.001902,172.217.194.0-255,1484,78311,87,339821
22537,0.001923,172.217.194.0-255,4320,82631,87,339821
22538,0.001927,172.217.194.0-255,2902,85533,87,339821
22539,0.001948,172.217.194.0-255,7156,92689,87,339821
22540,0.001966,172.217.194.0-255,1484,94173,87,339821
22541,0.002006,172.217.194.0-255,2902,97075,87,339821
22542,0.00539,172.31.47.0-255,66,97141,87,339821
22543,0.007345,172.217.194.0-255,5738,102879,87,339821
22544,0.00735,172.31.47.0-255,66,102945,87,339821
22545,0.009321,172.217.194.0-255,5738,108683,87,339821
22546,0.009327,172.31.47.0-255,66,108749,87,339821
22547,0.011243,172.217.194.0-255,5738,114487,87,339821
22548,0.011254,172.31.47.0-255,66,114553,87,339821
22549,0.013185,172.217.194.0-255,5738,120291,87,339821
22550,0.013192,172.31.47.0-255,66,120357,87,339821
22551,0.01515,172.217.194.0-255,5738,126095,87,339821
22552,0.015157,172.31.47.0-255,66,126161,87,339821
22553,0.017087,172.217.194.0-255,5738,131899,87,339821
22554,0.017092,172.31.47.0-255,66,131965,87,339821
22555,0.019073,172.217.194.0-255,5738,137703,87,339821
22556,0.019079,172.31.47.0-255,66,137769,87,339821
22557,0.021006,172.217.194.0-255,5738,143507,87,339821
22558,0.021012,172.31.47.0-255,66,143573,87,339821
22559,0.022794,172.31.47.0-255,172,143745,87,339821
22560,0.022818,172.31.47.0-255,1103,144848,87,339821
22561,0.022854,172.31.47.0-255,1514,146362,87,339821
22562,0.022855,172.31.47.0-255,1301,147663,87,339821
22563,0.022935,172.217.194.0-255,5738,153401,87,339821
22564,0.022939,172.31.47.0-255,66,153467,87,339821
22565,0.02429,104.244.42.0-255,66,153533,87,339821
22566,0.024471,104.244.42.0-255,66,153599,87,339821
22567,0.024515,104.244.42.0-255,66,153665,87,339821
22568,0.024871,172.217.194.0-255,4320,157985,87,339821
22569,0.024874,172.31.47.0-255,66,158051,87,339821
22570,0.024904,172.217.194.0-255,1484,159535,87,339821
22571,0.026799,172.217.194.0-255,4320,163855,87,339821
22572,0.026804,172.31.47.0-255,66,163921,87,339821
22573,0.028736,172.217.194.0-255,5738,169659,87,339821
22574,0.028781,172.31.47.0-255,66,169725,87,339821
22575,0.030715,172.217.194.0-255,5738,175463,87,339821
22576,0.030719,172.31.47.0-255,66,175529,87,339821
22577,0.032679,172.217.194.0-255,5738,181267,87,339821
22578,0.032684,172.31.47.0-255,66,181333,87,339821
22579,0.034638,172.217.194.0-255,5738,187071,87,339821
22580,0.037482,172.31.47.0-255,66,187137,87,339821
22581,0.039445,172.217.194.0-255,5738,192875,87,339821
22582,0.039462,172.31.47.0-255,66,192941,87,339821
22583,0.041408,172.217.194.0-255,5738,198679,87,339821
22584,0.041424,172.31.47.0-255,66,198745,87,339821
22585,0.043372,172.217.194.0-255,5738,204483,87,339821
22586,0.043385,172.31.47.0-255,66,204549,87,339821
22587,0.045339,172.217.194.0-255,5738,210287,87,339821
22588,0.045372,172.31.47.0-255,66,210353,87,339821
22589,0.047327,172.217.194.0-255,5738,216091,87,339821
22590,0.047342,172.31.47.0-255,66,216157,87,339821
22591,0.049287,172.217.194.0-255,5738,221895,87,339821
22592,0.049297,172.31.47.0-255,66,221961,87,339821
22593,0.051272,172.217.194.0-255,5738,227699,87,339821
22594,0.051288,172.31.47.0-255,66,227765,87,339821
22595,0.053235,172.217.194.0-255,5738,233503,87,339821
22596,0.053244,172.31.47.0-255,66,233569,87,339821
22597,0.055169,172.217.194.0-255,4320,237889,87,339821
22598,0.055174,172.31.47.0-255,66,237955,87,339821
22599,0.055214,172.217.194.0-255,1484,239439,87,339821
22600,0.057093,172.217.194.0-255,2902,242341,87,339821
22601,0.057098,172.31.47.0-255,66,242407,87,339821
22602,0.057133,172.217.194.0-255,1484,243891,87,339821
22603,0.059022,172.217.194.0-255,4320,248211,87,339821
22604,0.059067,172.31.47.0-255,66,248277,87,339821
22605,0.061003,172.217.194.0-255,5738,254015,87,339821
22606,0.061051,172.31.47.0-255,66,254081,87,339821
22607,0.062983,172.217.194.0-255,5738,259819,87,339821
22608,0.062987,172.31.47.0-255,66,259885,87,339821
22609,0.064926,172.217.194.0-255,5738,265623,87,339821
22610,0.064932,172.31.47.0-255,66,265689,87,339821
22611,0.066848,172.217.194.0-255,5738,271427,87,339821
22612,0.066853,172.31.47.0-255,66,271493,87,339821
22613,0.068789,172.217.194.0-255,5738,277231,87,339821
22614,0.068794,172.31.47.0-255,66,277297,87,339821
22615,0.070717,172.217.194.0-255,5738,283035,87,339821
22616,0.070721,172.31.47.0-255,66,283101,87,339821
22617,0.072638,172.217.194.0-255,4320,287421,87,339821
22618,0.072642,172.31.47.0-255,66,287487,87,339821
22619,0.072668,172.217.194.0-255,1484,288971,87,339821
22620,0.074553,172.217.194.0-255,2902,291873,87,339821
22621,0.074558,172.31.47.0-255,66,291939,87,339821
22622,0.074594,172.217.194.0-255,1484,293423,87,339821
22623,0.076491,172.217.194.0-255,4320,297743,87,339821
22624,0.076547,172.31.47.0-255,66,297809,87,339821
22625,0.078479,172.217.194.0-255,5738,303547,87,339821
22626,0.078535,172.31.47.0-255,66,303613,87,339821
22627,0.080467,172.217.194.0-255,5738,309351,87,339821
22628,0.080471,172.31.47.0-255,66,309417,87,339821
22629,0.082406,172.217.194.0-255,5738,315155,87,339821
22630,0.08241,172.31.47.0-255,66,315221,87,339821
22631,0.084328,172.217.194.0-255,2902,318123,87,339821
22632,0.084333,172.31.47.0-255,66,318189,87,339821
22633,0.08436,172.217.194.0-255,2902,321091,87,339821
22634,0.084379,172.31.47.0-255,66,321157,87,339821
22635,0.086261,172.217.194.0-255,2902,324059,87,339821
22636,0.086267,172.31.47.0-255,66,324125,87,339821
22637,0.086338,172.217.194.0-255,2902,327027,87,339821
22638,0.086346,172.31.47.0-255,66,327093,87,339821
22639,0.08823,172.217.194.0-255,2902,329995,87,339821
22640,0.088235,172.31.47.0-255,66,330061,87,339821
22641,0.088328,172.217.194.0-255,2902,332963,87,339821
22642,0.088332,172.31.47.0-255,66,333029,87,339821
22643,0.090158,172.217.194.0-255,2902,335931,87,339821
22644,0.090163,172.31.47.0-255,66,335997,87,339821
22645,0.090253,172.217.194.0-255,2902,338899,87,339821
22646,0.090261,172.31.47.0-255,66,338965,87,339821
22647,0.092076,172.217.194.0-255,619,339584,87,339821
22648,0.0922,172.31.47.0-255,66,339650,87,339821
22649,0.092223,172.31.47.0-255,105,339755,87,339821
22650,0.094114,172.217.194.0-255,66,339821,87,339821
22651,0.0,74.125.68.0-255,167,167,87,363324
22652,1.6e-05,172.31.47.0-255,66,233,87,363324
22653,4.1e-05,74.125.68.0-255,1484,1717,87,363324
22654,4.6e-05,172.31.47.0-255,66,1783,87,363324
22655,5.1e-05,74.125.68.0-255,2902,4685,87,363324
22656,5.4e-05,172.31.47.0-255,66,4751,87,363324
22657,6.2e-05,74.125.68.0-255,2902,7653,87,363324
22658,6.5e-05,172.31.47.0-255,66,7719,87,363324
22659,9e-05,74.125.68.0-255,1484,9203,87,363324
22660,9.2e-05,172.31.47.0-255,66,9269,87,363324
22661,9.8e-05,74.125.68.0-255,4964,14233,87,363324
22662,0.0001,172.31.47.0-255,66,14299,87,363324
22663,0.00013,172.31.47.0-255,66,14365,87,363324
22664,0.000166,74.125.68.0-255,4320,18685,87,363324
22665,0.000168,172.31.47.0-255,66,18751,87,363324
22666,0.000195,74.125.68.0-255,3961,22712,87,363324
22667,0.000197,172.31.47.0-255,66,22778,87,363324
22668,0.00024,74.125.68.0-255,1484,24262,87,363324
22669,0.000243,172.31.47.0-255,66,24328,87,363324
22670,0.000248,74.125.68.0-255,2902,27230,87,363324
22671,0.000251,172.31.47.0-255,66,27296,87,363324
22672,0.000274,74.125.68.0-255,1484,28780,87,363324
22673,0.000276,172.31.47.0-255,66,28846,87,363324
22674,0.000281,74.125.68.0-255,2902,31748,87,363324
22675,0.000283,172.31.47.0-255,66,31814,87,363324
22676,0.000288,74.125.68.0-255,5738,37552,87,363324
22677,0.000294,172.31.47.0-255,66,37618,87,363324
22678,0.000317,74.125.68.0-255,6797,44415,87,363324
22679,0.000323,172.31.47.0-255,66,44481,87,363324
22680,0.000326,74.125.68.0-255,1484,45965,87,363324
22681,0.000327,172.31.47.0-255,66,46031,87,363324
22682,0.00036,74.125.68.0-255,5738,51769,87,363324
22683,0.000362,172.31.47.0-255,66,51835,87,363324
22684,0.000367,74.125.68.0-255,4320,56155,87,363324
22685,0.000369,172.31.47.0-255,66,56221,87,363324
22686,0.000391,74.125.68.0-255,1402,57623,87,363324
22687,0.000395,74.125.68.0-255,131,57754,87,363324
22688,0.000623,74.125.68.0-255,344,58098,87,363324
22689,0.000628,172.31.47.0-255,66,58164,87,363324
22690,0.000661,74.125.68.0-255,1484,59648,87,363324
22691,0.000675,74.125.68.0-255,2902,62550,87,363324
22692,0.000678,172.31.47.0-255,66,62616,87,363324
22693,0.000689,74.125.68.0-255,1484,64100,87,363324
22694,0.000698,74.125.68.0-255,4320,68420,87,363324
22695,0.0007,172.31.47.0-255,66,68486,87,363324
22696,0.000723,74.125.68.0-255,1484,69970,87,363324
22697,0.000741,74.125.68.0-255,4830,74800,87,363324
22698,0.000744,172.31.47.0-255,66,74866,87,363324
22699,0.000887,74.125.68.0-255,1484,76350,87,363324
22700,0.000913,74.125.68.0-255,2902,79252,87,363324
22701,0.000916,172.31.47.0-255,66,79318,87,363324
22702,0.000943,74.125.68.0-255,5738,85056,87,363324
22703,0.000946,172.31.47.0-255,66,85122,87,363324
22704,0.00095,74.125.68.0-255,2902,88024,87,363324
22705,0.000952,172.31.47.0-255,66,88090,87,363324
22706,0.000971,74.125.68.0-255,4320,92410,87,363324
22707,0.000977,172.31.47.0-255,66,92476,87,363324
22708,0.001006,74.125.68.0-255,4320,96796,87,363324
22709,0.001008,172.31.47.0-255,66,96862,87,363324
22710,0.001033,74.125.68.0-255,2902,99764,87,363324
22711,0.001035,172.31.47.0-255,66,99830,87,363324
22712,0.001038,74.125.68.0-255,1484,101314,87,363324
22713,0.001064,74.125.68.0-255,7156,108470,87,363324
22714,0.001067,172.31.47.0-255,66,108536,87,363324
22715,0.00107,74.125.68.0-255,766,109302,87,363324
22716,0.001443,74.125.68.0-255,1484,110786,87,363324
22717,0.001447,172.31.47.0-255,66,110852,87,363324
22718,0.001452,74.125.68.0-255,2902,113754,87,363324
22719,0.001454,172.31.47.0-255,66,113820,87,363324
22720,0.001485,74.125.68.0-255,5738,119558,87,363324
22721,0.001488,172.31.47.0-255,66,119624,87,363324
22722,0.001495,74.125.68.0-255,7156,126780,87,363324
22723,0.001497,172.31.47.0-255,66,126846,87,363324
22724,0.001537,74.125.68.0-255,5738,132584,87,363324
22725,0.00154,172.31.47.0-255,66,132650,87,363324
22726,0.001569,74.125.68.0-255,2902,135552,87,363324
22727,0.001571,172.31.47.0-255,66,135618,87,363324
22728,0.001575,74.125.68.0-255,2902,138520,87,363324
22729,0.001577,172.31.47.0-255,66,138586,87,363324
22730,0.0016,74.125.68.0-255,4320,142906,87,363324
22731,0.001602,172.31.47.0-255,66,142972,87,363324
22732,0.001624,74.125.68.0-255,766,143738,87,363324
22733,0.001895,172.31.47.0-255,66,143804,87,363324
22734,0.002874,74.125.68.0-255,1484,145288,87,363324
22735,0.002904,74.125.68.0-255,1484,146772,87,363324
22736,0.002908,172.31.47.0-255,66,146838,87,363324
22737,0.002938,74.125.68.0-255,1484,148322,87,363324
22738,0.002941,74.125.68.0-255,1484,149806,87,363324
22739,0.002943,172.31.47.0-255,66,149872,87,363324
22740,0.002946,74.125.68.0-255,1484,151356,87,363324
22741,0.002948,74.125.68.0-255,1484,152840,87,363324
22742,0.00295,172.31.47.0-255,66,152906,87,363324
22743,0.00296,74.125.68.0-255,4320,157226,87,363324
22744,0.002962,172.31.47.0-255,66,157292,87,363324
22745,0.002984,74.125.68.0-255,2902,160194,87,363324
22746,0.002986,172.31.47.0-255,66,160260,87,363324
22747,0.003011,74.125.68.0-255,4320,164580,87,363324
22748,0.003012,172.31.47.0-255,66,164646,87,363324
22749,0.003015,74.125.68.0-255,1484,166130,87,363324
22750,0.003034,74.125.68.0-255,2902,169032,87,363324
22751,0.003035,172.31.47.0-255,66,169098,87,363324
22752,0.003057,74.125.68.0-255,1484,170582,87,363324
22753,0.003073,74.125.68.0-255,4320,174902,87,363324
22754,0.003075,172.31.47.0-255,66,174968,87,363324
22755,0.00311,74.125.68.0-255,3602,178570,87,363324
22756,0.003112,172.31.47.0-255,66,178636,87,363324
22757,0.003423,74.125.68.0-255,1484,180120,87,363324
22758,0.003439,74.125.68.0-255,2902,183022,87,363324
22759,0.003441,172.31.47.0-255,66,183088,87,363324
22760,0.003479,74.125.68.0-255,4320,187408,87,363324
22761,0.003481,172.31.47.0-255,66,187474,87,363324
22762,0.003486,74.125.68.0-255,5738,193212,87,363324
22763,0.003488,172.31.47.0-255,66,193278,87,363324
22764,0.003509,74.125.68.0-255,1484,194762,87,363324
22765,0.00353,74.125.68.0-255,5738,200500,87,363324
22766,0.003531,172.31.47.0-255,66,200566,87,363324
22767,0.003557,74.125.68.0-255,2902,203468,87,363324
22768,0.003559,172.31.47.0-255,66,203534,87,363324
22769,0.003585,74.125.68.0-255,5738,209272,87,363324
22770,0.003587,172.31.47.0-255,66,209338,87,363324
22771,0.003617,74.125.68.0-255,1484,210822,87,363324
22772,0.003639,172.31.47.0-255,66,210888,87,363324
22773,0.003662,74.125.68.0-255,1484,212372,87,363324
22774,0.003678,74.125.68.0-255,2902,215274,87,363324
22775,0.003679,172.31.47.0-255,66,215340,87,363324
22776,0.003697,74.125.68.0-255,5738,221078,87,363324
22777,0.003699,172.31.47.0-255,66,221144,87,363324
22778,0.003727,74.125.68.0-255,5738,226882,87,363324
22779,0.003728,172.31.47.0-255,66,226948,87,363324
22780,0.003732,74.125.68.0-255,1484,228432,87,363324
22781,0.003735,74.125.68.0-255,1484,229916,87,363324
22782,0.003738,172.31.47.0-255,66,229982,87,363324
22783,0.003764,74.125.68.0-255,2902,232884,87,363324
22784,0.003767,172.31.47.0-255,66,232950,87,363324
22785,0.003795,74.125.68.0-255,1484,234434,87,363324
22786,0.003799,74.125.68.0-255,1484,235918,87,363324
22787,0.003801,172.31.47.0-255,66,235984,87,363324
22788,0.003823,74.125.68.0-255,1484,237468,87,363324
22789,0.003828,74.125.68.0-255,2184,239652,87,363324
22790,0.003918,74.125.68.0-255,1484,241136,87,363324
22791,0.003947,74.125.68.0-255,2902,244038,87,363324
22792,0.003973,74.125.68.0-255,4320,248358,87,363324
22793,0.003993,74.125.68.0-255,5738,254096,87,363324
22794,0.004029,74.125.68.0-255,4320,258416,87,363324
22795,0.00404,74.125.68.0-255,2902,261318,87,363324
22796,0.004053,74.125.68.0-255,2902,264220,87,363324
22797,0.004068,74.125.68.0-255,1484,265704,87,363324
22798,0.004084,74.125.68.0-255,1484,267188,87,363324
22799,0.004088,74.125.68.0-255,2902,270090,87,363324
22800,0.004102,74.125.68.0-255,1484,271574,87,363324
22801,0.004139,74.125.68.0-255,2184,273758,87,363324
22802,0.00423,74.125.68.0-255,1484,275242,87,363324
22803,0.004241,74.125.68.0-255,1484,276726,87,363324
22804,0.004254,74.125.68.0-255,1484,278210,87,363324
22805,0.004268,74.125.68.0-255,4320,282530,87,363324
22806,0.004303,74.125.68.0-255,2902,285432,87,363324
22807,0.004315,74.125.68.0-255,4320,289752,87,363324
22808,0.004338,74.125.68.0-255,2902,292654,87,363324
22809,0.004355,74.125.68.0-255,5738,298392,87,363324
22810,0.004358,74.125.68.0-255,1484,299876,87,363324
22811,0.004362,74.125.68.0-255,1484,301360,87,363324
22812,0.004378,74.125.68.0-255,1484,302844,87,363324
22813,0.004404,74.125.68.0-255,5020,307864,87,363324
22814,0.00444,74.125.68.0-255,5738,313602,87,363324
22815,0.004453,74.125.68.0-255,4320,317922,87,363324
22816,0.004456,74.125.68.0-255,1484,319406,87,363324
22817,0.004475,74.125.68.0-255,4320,323726,87,363324
22818,0.004544,74.125.68.0-255,4320,328046,87,363324
22819,0.004586,74.125.68.0-255,3602,331648,87,363324
22820,0.004589,74.125.68.0-255,1484,333132,87,363324
22821,0.0046,74.125.68.0-255,1484,334616,87,363324
22822,0.004628,74.125.68.0-255,5738,340354,87,363324
22823,0.00465,74.125.68.0-255,6438,346792,87,363324
22824,0.004666,74.125.68.0-255,2902,349694,87,363324
22825,0.004677,74.125.68.0-255,1484,351178,87,363324
22826,0.004683,74.125.68.0-255,4320,355498,87,363324
22827,0.004697,74.125.68.0-255,1484,356982,87,363324
22828,0.00476,74.125.68.0-255,1712,358694,87,363324
22829,0.004785,74.125.68.0-255,105,358799,87,363324
22830,0.008239,172.31.47.0-255,66,358865,87,363324
22831,0.010412,172.31.47.0-255,105,358970,87,363324
22832,0.012662,74.125.68.0-255,66,359036,87,363324
22833,0.02677,172.31.47.0-255,172,359208,87,363324
22834,0.026814,172.31.47.0-255,1112,360320,87,363324
22835,0.026869,172.31.47.0-255,1514,361834,87,363324
22836,0.02687,172.31.47.0-255,1292,363126,87,363324
22837,0.028313,104.244.42.0-255,66,363192,87,363324
22838,0.028358,104.244.42.0-255,66,363258,87,363324
22839,0.028452,104.244.42.0-255,66,363324,87,363324
22840,0.0,172.217.194.0-255,298,298,87,202611
22841,1.8e-05,172.31.47.0-255,66,364,87,202611
22842,2.4e-05,172.217.194.0-255,1484,1848,87,202611
22843,2.7e-05,172.31.47.0-255,66,1914,87,202611
22844,3.4e-05,172.217.194.0-255,4320,6234,87,202611
22845,3.7e-05,172.31.47.0-255,66,6300,87,202611
22846,8.8e-05,172.31.47.0-255,66,6366,87,202611
22847,9.9e-05,172.31.47.0-255,66,6432,87,202611
22848,0.000125,172.217.194.0-255,5379,11811,87,202611
22849,0.000128,172.31.47.0-255,66,11877,87,202611
22850,0.000209,172.217.194.0-255,1484,13361,87,202611
22851,0.000212,172.31.47.0-255,66,13427,87,202611
22852,0.000215,172.217.194.0-255,1484,14911,87,202611
22853,0.000217,172.31.47.0-255,66,14977,87,202611
22854,0.000243,172.217.194.0-255,1484,16461,87,202611
22855,0.000246,172.31.47.0-255,66,16527,87,202611
22856,0.000252,172.217.194.0-255,5738,22265,87,202611
22857,0.000254,172.31.47.0-255,66,22331,87,202611
22858,0.000258,172.217.194.0-255,2902,25233,87,202611
22859,0.00026,172.31.47.0-255,66,25299,87,202611
22860,0.000281,172.31.47.0-255,66,25365,87,202611
22861,0.000331,172.31.47.0-255,66,25431,87,202611
22862,0.000716,172.217.194.0-255,113,25544,87,202611
22863,0.000722,172.31.47.0-255,66,25610,87,202611
22864,0.00079,172.217.194.0-255,1484,27094,87,202611
22865,0.000793,172.31.47.0-255,66,27160,87,202611
22866,0.000797,172.217.194.0-255,1484,28644,87,202611
22867,0.000799,172.31.47.0-255,66,28710,87,202611
22868,0.000828,172.217.194.0-255,1484,30194,87,202611
22869,0.000833,172.217.194.0-255,4320,34514,87,202611
22870,0.000838,172.31.47.0-255,66,34580,87,202611
22871,0.000874,172.217.194.0-255,7156,41736,87,202611
22872,0.000876,172.31.47.0-255,66,41802,87,202611
22873,0.0009,172.217.194.0-255,1125,42927,87,202611
22874,0.000926,172.217.194.0-255,1484,44411,87,202611
22875,0.000929,172.31.47.0-255,66,44477,87,202611
22876,0.000948,172.217.194.0-255,2902,47379,87,202611
22877,0.000951,172.31.47.0-255,66,47445,87,202611
22878,0.000957,172.217.194.0-255,5738,53183,87,202611
22879,0.000959,172.31.47.0-255,66,53249,87,202611
22880,0.000962,172.217.194.0-255,2902,56151,87,202611
22881,0.000964,172.31.47.0-255,66,56217,87,202611
22882,0.001024,172.217.194.0-255,3961,60178,87,202611
22883,0.001026,172.31.47.0-255,66,60244,87,202611
22884,0.0015,172.217.194.0-255,1484,61728,87,202611
22885,0.001508,172.217.194.0-255,2902,64630,87,202611
22886,0.001511,172.31.47.0-255,66,64696,87,202611
22887,0.001518,172.217.194.0-255,5738,70434,87,202611
22888,0.00152,172.31.47.0-255,66,70500,87,202611
22889,0.00155,172.217.194.0-255,7156,77656,87,202611
22890,0.001552,172.31.47.0-255,66,77722,87,202611
22891,0.001585,172.31.47.0-255,66,77788,87,202611
22892,0.001589,172.217.194.0-255,2184,79972,87,202611
22893,0.001591,172.31.47.0-255,66,80038,87,202611
22894,0.001664,172.217.194.0-255,1484,81522,87,202611
22895,0.001671,172.217.194.0-255,2902,84424,87,202611
22896,0.001673,172.31.47.0-255,66,84490,87,202611
22897,0.001704,172.217.194.0-255,5738,90228,87,202611
22898,0.001706,172.31.47.0-255,66,90294,87,202611
22899,0.00171,172.217.194.0-255,1484,91778,87,202611
22900,0.001742,172.31.47.0-255,66,91844,87,202611
22901,0.001757,172.31.47.0-255,66,91910,87,202611
22902,0.00227,172.217.194.0-255,1484,93394,87,202611
22903,0.002278,172.217.194.0-255,2902,96296,87,202611
22904,0.002282,172.31.47.0-255,66,96362,87,202611
22905,0.002288,172.217.194.0-255,5738,102100,87,202611
22906,0.00229,172.31.47.0-255,66,102166,87,202611
22907,0.002353,172.31.47.0-255,66,102232,87,202611
22908,0.002358,172.217.194.0-255,5738,107970,87,202611
22909,0.002361,172.31.47.0-255,66,108036,87,202611
22910,0.00239,172.217.194.0-255,5020,113056,87,202611
22911,0.002393,172.31.47.0-255,66,113122,87,202611
22912,0.002503,172.217.194.0-255,1484,114606,87,202611
22913,0.002508,172.217.194.0-255,2902,117508,87,202611
22914,0.002512,172.31.47.0-255,66,117574,87,202611
22915,0.002515,172.217.194.0-255,1484,119058,87,202611
22916,0.002545,172.217.194.0-255,4320,123378,87,202611
22917,0.002548,172.31.47.0-255,66,123444,87,202611
22918,0.002555,172.217.194.0-255,5738,129182,87,202611
22919,0.002557,172.31.47.0-255,66,129248,87,202611
22920,0.002601,172.217.194.0-255,7156,136404,87,202611
22921,0.002605,172.31.47.0-255,66,136470,87,202611
22922,0.002613,172.217.194.0-255,5738,142208,87,202611
22923,0.002616,172.31.47.0-255,66,142274,87,202611
22924,0.002618,172.217.194.0-255,1484,143758,87,202611
22925,0.002624,172.217.194.0-255,3602,147360,87,202611
22926,0.002626,172.31.47.0-255,66,147426,87,202611
22927,0.002628,172.217.194.0-255,1484,148910,87,202611
22928,0.002632,172.217.194.0-255,2902,151812,87,202611
22929,0.002634,172.31.47.0-255,66,151878,87,202611
22930,0.002644,172.31.47.0-255,66,151944,87,202611
22931,0.002672,172.217.194.0-255,1484,153428,87,202611
22932,0.002685,172.31.47.0-255,66,153494,87,202611
22933,0.002696,172.31.47.0-255,66,153560,87,202611
22934,0.002745,172.217.194.0-255,4320,157880,87,202611
22935,0.002748,172.31.47.0-255,66,157946,87,202611
22936,0.002779,172.217.194.0-255,5738,163684,87,202611
22937,0.002781,172.31.47.0-255,66,163750,87,202611
22938,0.002788,172.217.194.0-255,7156,170906,87,202611
22939,0.00279,172.31.47.0-255,66,170972,87,202611
22940,0.002809,172.217.194.0-255,4320,175292,87,202611
22941,0.002811,172.31.47.0-255,66,175358,87,202611
22942,0.002846,172.31.47.0-255,66,175424,87,202611
22943,0.002848,172.217.194.0-255,766,176190,87,202611
22944,0.002871,172.217.194.0-255,7156,183346,87,202611
22945,0.002874,172.31.47.0-255,66,183412,87,202611
22946,0.00291,172.31.47.0-255,66,183478,87,202611
22947,0.00292,172.31.47.0-255,66,183544,87,202611
22948,0.002931,172.217.194.0-255,7156,190700,87,202611
22949,0.002933,172.31.47.0-255,66,190766,87,202611
22950,0.00298,172.31.47.0-255,66,190832,87,202611
22951,0.002991,172.31.47.0-255,66,190898,87,202611
22952,0.003001,172.31.47.0-255,66,190964,87,202611
22953,0.003073,172.31.47.0-255,66,191030,87,202611
22954,0.003078,172.217.194.0-255,6438,197468,87,202611
22955,0.00308,172.31.47.0-255,66,197534,87,202611
22956,0.00309,172.31.47.0-255,66,197600,87,202611
22957,0.003114,172.217.194.0-255,97,197697,87,202611
22958,0.003167,172.217.194.0-255,105,197802,87,202611
22959,0.00637,172.31.47.0-255,105,197907,87,202611
22960,0.008827,172.217.194.0-255,66,197973,87,202611
22961,0.009638,172.31.47.0-255,90,198063,87,202611
22962,0.009646,172.31.47.0-255,66,198129,87,202611
22963,0.012088,172.217.194.0-255,66,198195,87,202611
22964,0.012119,172.217.194.0-255,66,198261,87,202611
22965,0.012124,172.31.47.0-255,66,198327,87,202611
22966,0.03129,172.31.47.0-255,166,198493,87,202611
22967,0.031327,172.31.47.0-255,1135,199628,87,202611
22968,0.031391,172.31.47.0-255,1514,201142,87,202611
22969,0.031393,172.31.47.0-255,1271,202413,87,202611
22970,0.032802,104.244.42.0-255,66,202479,87,202611
22971,0.032835,104.244.42.0-255,66,202545,87,202611
22972,0.032938,104.244.42.0-255,66,202611,87,202611
22973,0.0,172.217.194.0-255,153,153,87,307637
22974,2.3e-05,172.31.47.0-255,66,219,87,307637
22975,2.9e-05,172.217.194.0-255,1484,1703,87,307637
22976,3.3e-05,172.31.47.0-255,66,1769,87,307637
22977,3.7e-05,172.217.194.0-255,2902,4671,87,307637
22978,3.9e-05,172.31.47.0-255,66,4737,87,307637
22979,5.2e-05,172.217.194.0-255,7156,11893,87,307637
22980,5.4e-05,172.31.47.0-255,66,11959,87,307637
22981,8.5e-05,172.217.194.0-255,2182,14141,87,307637
22982,8.7e-05,172.31.47.0-255,66,14207,87,307637
22983,0.000215,172.217.194.0-255,1484,15691,87,307637
22984,0.000219,172.31.47.0-255,66,15757,87,307637
22985,0.000223,172.217.194.0-255,1484,17241,87,307637
22986,0.000225,172.31.47.0-255,66,17307,87,307637
22987,0.000246,172.217.194.0-255,1484,18791,87,307637
22988,0.000248,172.31.47.0-255,66,18857,87,307637
22989,0.000254,172.217.194.0-255,5738,24595,87,307637
22990,0.000257,172.31.47.0-255,66,24661,87,307637
22991,0.000261,172.217.194.0-255,2902,27563,87,307637
22992,0.000263,172.31.47.0-255,66,27629,87,307637
22993,0.000295,172.217.194.0-255,3961,31590,87,307637
22994,0.000298,172.31.47.0-255,66,31656,87,307637
22995,0.000354,172.217.194.0-255,1484,33140,87,307637
22996,0.000357,172.31.47.0-255,66,33206,87,307637
22997,0.000361,172.217.194.0-255,1484,34690,87,307637
22998,0.000364,172.31.47.0-255,66,34756,87,307637
22999,0.000393,172.217.194.0-255,1484,36240,87,307637
23000,0.000396,172.31.47.0-255,66,36306,87,307637
23001,0.000402,172.217.194.0-255,5738,42044,87,307637
23002,0.000404,172.31.47.0-255,66,42110,87,307637
23003,0.000439,172.31.47.0-255,66,42176,87,307637
23004,0.000443,172.217.194.0-255,4320,46496,87,307637
23005,0.000445,172.31.47.0-255,66,46562,87,307637
23006,0.000482,172.217.194.0-255,5379,51941,87,307637
23007,0.000486,172.31.47.0-255,66,52007,87,307637
23008,0.000489,172.217.194.0-255,379,52386,87,307637
23009,0.000504,172.217.194.0-255,99,52485,87,307637
23010,0.000519,172.217.194.0-255,362,52847,87,307637
23011,0.000668,172.31.47.0-255,66,52913,87,307637
23012,0.000751,172.217.194.0-255,1484,54397,87,307637
23013,0.000766,172.217.194.0-255,2902,57299,87,307637
23014,0.000769,172.31.47.0-255,66,57365,87,307637
23015,0.000795,172.217.194.0-255,5738,63103,87,307637
23016,0.000798,172.31.47.0-255,66,63169,87,307637
23017,0.000803,172.217.194.0-255,2902,66071,87,307637
23018,0.000804,172.31.47.0-255,66,66137,87,307637
23019,0.000837,172.31.47.0-255,66,66203,87,307637
23020,0.000842,172.217.194.0-255,4320,70523,87,307637
23021,0.000844,172.31.47.0-255,66,70589,87,307637
23022,0.000856,172.217.194.0-255,4320,74909,87,307637
23023,0.000859,172.31.47.0-255,66,74975,87,307637
23024,0.000881,172.217.194.0-255,2184,77159,87,307637
23025,0.00089,172.31.47.0-255,66,77225,87,307637
23026,0.001044,172.217.194.0-255,1484,78709,87,307637
23027,0.001051,172.217.194.0-255,2902,81611,87,307637
23028,0.001054,172.31.47.0-255,66,81677,87,307637
23029,0.001086,172.217.194.0-255,5738,87415,87,307637
23030,0.00109,172.31.47.0-255,66,87481,87,307637
23031,0.001134,172.31.47.0-255,66,87547,87,307637
23032,0.00116,172.217.194.0-255,2902,90449,87,307637
23033,0.001163,172.31.47.0-255,66,90515,87,307637
23034,0.001173,172.31.47.0-255,66,90581,87,307637
23035,0.001183,172.217.194.0-255,2184,92765,87,307637
23036,0.001185,172.31.47.0-255,66,92831,87,307637
23037,0.001881,172.217.194.0-255,1484,94315,87,307637
23038,0.001884,172.217.194.0-255,1484,95799,87,307637
23039,0.001886,172.31.47.0-255,66,95865,87,307637
23040,0.001899,172.217.194.0-255,1484,97349,87,307637
23041,0.001909,172.217.194.0-255,4320,101669,87,307637
23042,0.001911,172.31.47.0-255,66,101735,87,307637
23043,0.001937,172.217.194.0-255,1484,103219,87,307637
23044,0.001966,172.31.47.0-255,66,103285,87,307637
23045,0.001977,172.217.194.0-255,1484,104769,87,307637
23046,0.001988,172.217.194.0-255,7156,111925,87,307637
23047,0.00199,172.31.47.0-255,66,111991,87,307637
23048,0.002014,172.217.194.0-255,3602,115593,87,307637
23049,0.002017,172.31.47.0-255,66,115659,87,307637
23050,0.002019,172.217.194.0-255,1484,117143,87,307637
23051,0.00204,172.217.194.0-255,2902,120045,87,307637
23052,0.002043,172.31.47.0-255,66,120111,87,307637
23053,0.002066,172.217.194.0-255,5738,125849,87,307637
23054,0.002068,172.31.47.0-255,66,125915,87,307637
23055,0.002104,172.31.47.0-255,66,125981,87,307637
23056,0.002106,172.217.194.0-255,1484,127465,87,307637
23057,0.002151,172.31.47.0-255,66,127531,87,307637
23058,0.002168,172.31.47.0-255,66,127597,87,307637
23059,0.00219,172.217.194.0-255,2902,130499,87,307637
23060,0.002192,172.31.47.0-255,66,130565,87,307637
23061,0.002202,172.31.47.0-255,66,130631,87,307637
23062,0.002235,172.217.194.0-255,6438,137069,87,307637
23063,0.002238,172.31.47.0-255,66,137135,87,307637
23064,0.00224,172.217.194.0-255,1484,138619,87,307637
23065,0.002244,172.217.194.0-255,2902,141521,87,307637
23066,0.002246,172.31.47.0-255,66,141587,87,307637
23067,0.002256,172.217.194.0-255,5738,147325,87,307637
23068,0.002258,172.31.47.0-255,66,147391,87,307637
23069,0.002282,172.217.194.0-255,5738,153129,87,307637
23070,0.002286,172.31.47.0-255,66,153195,87,307637
23071,0.002288,172.31.47.0-255,66,153261,87,307637
23072,0.002326,172.217.194.0-255,5020,158281,87,307637
23073,0.002328,172.31.47.0-255,66,158347,87,307637
23074,0.004707,172.217.194.0-255,5738,164085,87,307637
23075,0.004714,172.31.47.0-255,66,164151,87,307637
23076,0.007095,172.217.194.0-255,4320,168471,87,307637
23077,0.0071,172.31.47.0-255,66,168537,87,307637
23078,0.007129,172.217.194.0-255,1484,170021,87,307637
23079,0.009446,172.217.194.0-255,4320,174341,87,307637
23080,0.009454,172.31.47.0-255,66,174407,87,307637
23081,0.011812,172.217.194.0-255,5738,180145,87,307637
23082,0.011818,172.31.47.0-255,66,180211,87,307637
23083,0.01424,172.217.194.0-255,5738,185949,87,307637
23084,0.014251,172.31.47.0-255,66,186015,87,307637
23085,0.016682,172.217.194.0-255,5738,191753,87,307637
23086,0.016689,172.31.47.0-255,66,191819,87,307637
23087,0.019043,172.217.194.0-255,5738,197557,87,307637
23088,0.01905,172.31.47.0-255,66,197623,87,307637
23089,0.021419,172.217.194.0-255,5738,203361,87,307637
23090,0.021427,172.31.47.0-255,66,203427,87,307637
23091,0.023856,172.217.194.0-255,5738,209165,87,307637
23092,0.023865,172.31.47.0-255,66,209231,87,307637
23093,0.025399,172.31.47.0-255,167,209398,87,307637
23094,0.025428,172.31.47.0-255,1111,210509,87,307637
23095,0.025458,172.31.47.0-255,1514,212023,87,307637
23096,0.02546,172.31.47.0-255,1293,213316,87,307637
23097,0.026268,172.217.194.0-255,5738,219054,87,307637
23098,0.026274,172.31.47.0-255,66,219120,87,307637
23099,0.026934,104.244.42.0-255,66,219186,87,307637
23100,0.027001,104.244.42.0-255,66,219252,87,307637
23101,0.027046,104.244.42.0-255,66,219318,87,307637
23102,0.028622,172.217.194.0-255,2902,222220,87,307637
23103,0.028626,172.31.47.0-255,66,222286,87,307637
23104,0.028656,172.217.194.0-255,2902,225188,87,307637
23105,0.028659,172.31.47.0-255,66,225254,87,307637
23106,0.030976,172.217.194.0-255,2902,228156,87,307637
23107,0.030981,172.31.47.0-255,66,228222,87,307637
23108,0.031015,172.217.194.0-255,2902,231124,87,307637
23109,0.031018,172.31.47.0-255,66,231190,87,307637
23110,0.03336,172.217.194.0-255,5738,236928,87,307637
23111,0.033365,172.31.47.0-255,66,236994,87,307637
23112,0.035724,172.217.194.0-255,5738,242732,87,307637
23113,0.035729,172.31.47.0-255,66,242798,87,307637
23114,0.038142,172.217.194.0-255,5738,248536,87,307637
23115,0.038147,172.31.47.0-255,66,248602,87,307637
23116,0.040492,172.217.194.0-255,4320,252922,87,307637
23117,0.040496,172.31.47.0-255,66,252988,87,307637
23118,0.040528,172.217.194.0-255,1484,254472,87,307637
23119,0.042855,172.217.194.0-255,4320,258792,87,307637
23120,0.042858,172.31.47.0-255,66,258858,87,307637
23121,0.045227,172.217.194.0-255,5738,264596,87,307637
23122,0.045234,172.31.47.0-255,66,264662,87,307637
23123,0.047605,172.217.194.0-255,2902,267564,87,307637
23124,0.04761,172.31.47.0-255,66,267630,87,307637
23125,0.047643,172.217.194.0-255,2902,270532,87,307637
23126,0.047646,172.31.47.0-255,66,270598,87,307637
23127,0.049955,172.217.194.0-255,2902,273500,87,307637
23128,0.04996,172.31.47.0-255,66,273566,87,307637
23129,0.049994,172.217.194.0-255,2902,276468,87,307637
23130,0.049997,172.31.47.0-255,66,276534,87,307637
23131,0.052312,172.217.194.0-255,2902,279436,87,307637
23132,0.052316,172.31.47.0-255,66,279502,87,307637
23133,0.052349,172.217.194.0-255,2902,282404,87,307637
23134,0.052352,172.31.47.0-255,66,282470,87,307637
23135,0.054683,172.217.194.0-255,2902,285372,87,307637
23136,0.054688,172.31.47.0-255,66,285438,87,307637
23137,0.054734,172.217.194.0-255,2902,288340,87,307637
23138,0.054737,172.31.47.0-255,66,288406,87,307637
23139,0.057038,172.217.194.0-255,2902,291308,87,307637
23140,0.057044,172.31.47.0-255,66,291374,87,307637
23141,0.057077,172.217.194.0-255,2902,294276,87,307637
23142,0.05708,172.31.47.0-255,66,294342,87,307637
23143,0.059406,172.217.194.0-255,2902,297244,87,307637
23144,0.059428,172.31.47.0-255,66,297310,87,307637
23145,0.059465,172.217.194.0-255,2902,300212,87,307637
23146,0.059469,172.31.47.0-255,66,300278,87,307637
23147,0.061785,172.217.194.0-255,2902,303180,87,307637
23148,0.061789,172.31.47.0-255,66,303246,87,307637
23149,0.061842,172.217.194.0-255,2902,306148,87,307637
23150,0.061845,172.31.47.0-255,66,306214,87,307637
23151,0.06414,172.217.194.0-255,1186,307400,87,307637
23152,0.064289,172.31.47.0-255,66,307466,87,307637
23153,0.064317,172.31.47.0-255,105,307571,87,307637
23154,0.066682,172.217.194.0-255,66,307637,87,307637
23155,0.0,74.125.200.0-255,154,154,87,344764
23156,3e-05,172.31.47.0-255,66,220,87,344764
23157,3.6e-05,74.125.200.0-255,1484,1704,87,344764
23158,4e-05,172.31.47.0-255,66,1770,87,344764
23159,4.2e-05,74.125.200.0-255,1484,3254,87,344764
23160,4.4e-05,172.31.47.0-255,66,3320,87,344764
23161,4.7e-05,74.125.200.0-255,1484,4804,87,344764
23162,4.8e-05,172.31.47.0-255,66,4870,87,344764
23163,7.7e-05,74.125.200.0-255,1484,6354,87,344764
23164,8.1e-05,172.31.47.0-255,66,6420,87,344764
23165,8.4e-05,74.125.200.0-255,5738,12158,87,344764
23166,8.7e-05,172.31.47.0-255,66,12224,87,344764
23167,8.8e-05,74.125.200.0-255,2257,14481,87,344764
23168,9e-05,172.31.47.0-255,66,14547,87,344764
23169,9.4e-05,74.125.200.0-255,2902,17449,87,344764
23170,9.5e-05,172.31.47.0-255,66,17515,87,344764
23171,0.000122,74.125.200.0-255,7156,24671,87,344764
23172,0.000125,172.31.47.0-255,66,24737,87,344764
23173,0.000144,74.125.200.0-255,6797,31534,87,344764
23174,0.000146,172.31.47.0-255,66,31600,87,344764
23175,0.000425,74.125.200.0-255,1484,33084,87,344764
23176,0.00043,172.31.47.0-255,66,33150,87,344764
23177,0.000436,74.125.200.0-255,2902,36052,87,344764
23178,0.000438,172.31.47.0-255,66,36118,87,344764
23179,0.000443,74.125.200.0-255,2902,39020,87,344764
23180,0.000446,172.31.47.0-255,66,39086,87,344764
23181,0.000462,74.125.200.0-255,1484,40570,87,344764
23182,0.000464,172.31.47.0-255,66,40636,87,344764
23183,0.000471,74.125.200.0-255,5738,46374,87,344764
23184,0.000474,172.31.47.0-255,66,46440,87,344764
23185,0.000495,74.125.200.0-255,2902,49342,87,344764
23186,0.000512,172.31.47.0-255,66,49408,87,344764
23187,0.000525,172.31.47.0-255,66,49474,87,344764
23188,0.000551,74.125.200.0-255,5020,54494,87,344764
23189,0.000555,172.31.47.0-255,66,54560,87,344764
23190,0.000724,74.125.200.0-255,646,55206,87,344764
23191,0.000757,74.125.200.0-255,1484,56690,87,344764
23192,0.000761,172.31.47.0-255,66,56756,87,344764
23193,0.000783,74.125.200.0-255,4320,61076,87,344764
23194,0.000786,172.31.47.0-255,66,61142,87,344764
23195,0.000815,74.125.200.0-255,2902,64044,87,344764
23196,0.000817,172.31.47.0-255,66,64110,87,344764
23197,0.000832,74.125.200.0-255,4320,68430,87,344764
23198,0.000834,172.31.47.0-255,66,68496,87,344764
23199,0.000843,172.31.47.0-255,66,68562,87,344764
23200,0.000847,74.125.200.0-255,2902,71464,87,344764
23201,0.000848,172.31.47.0-255,66,71530,87,344764
23202,0.000879,172.31.47.0-255,66,71596,87,344764
23203,0.001338,74.125.200.0-255,1484,73080,87,344764
23204,0.001348,74.125.200.0-255,2902,75982,87,344764
23205,0.001352,172.31.47.0-255,66,76048,87,344764
23206,0.001356,74.125.200.0-255,1484,77532,87,344764
23207,0.001359,74.125.200.0-255,1484,79016,87,344764
23208,0.00136,172.31.47.0-255,66,79082,87,344764
23209,0.001386,74.125.200.0-255,4320,83402,87,344764
23210,0.001389,172.31.47.0-255,66,83468,87,344764
23211,0.001393,74.125.200.0-255,1484,84952,87,344764
23212,0.001408,74.125.200.0-255,1484,86436,87,344764
23213,0.00141,172.31.47.0-255,66,86502,87,344764
23214,0.001438,172.31.47.0-255,66,86568,87,344764
23215,0.001445,74.125.200.0-255,5738,92306,87,344764
23216,0.001447,172.31.47.0-255,66,92372,87,344764
23217,0.001469,74.125.200.0-255,3602,95974,87,344764
23218,0.001472,172.31.47.0-255,66,96040,87,344764
23219,0.001856,74.125.200.0-255,1484,97524,87,344764
23220,0.001861,74.125.200.0-255,1484,99008,87,344764
23221,0.001865,172.31.47.0-255,66,99074,87,344764
23222,0.00187,74.125.200.0-255,2902,101976,87,344764
23223,0.001871,172.31.47.0-255,66,102042,87,344764
23224,0.001883,74.125.200.0-255,2902,104944,87,344764
23225,0.001885,172.31.47.0-255,66,105010,87,344764
23226,0.001905,74.125.200.0-255,2902,107912,87,344764
23227,0.001906,172.31.47.0-255,66,107978,87,344764
23228,0.001944,172.31.47.0-255,66,108044,87,344764
23229,0.00196,74.125.200.0-255,2902,110946,87,344764
23230,0.001962,172.31.47.0-255,66,111012,87,344764
23231,0.001965,74.125.200.0-255,1484,112496,87,344764
23232,0.001996,172.31.47.0-255,66,112562,87,344764
23233,0.002015,74.125.200.0-255,4320,116882,87,344764
23234,0.002017,172.31.47.0-255,66,116948,87,344764
23235,0.002041,172.31.47.0-255,66,117014,87,344764
23236,0.002047,74.125.200.0-255,5738,122752,87,344764
23237,0.002049,172.31.47.0-255,66,122818,87,344764
23238,0.002077,74.125.200.0-255,2902,125720,87,344764
23239,0.002079,172.31.47.0-255,66,125786,87,344764
23240,0.002098,74.125.200.0-255,6438,132224,87,344764
23241,0.0021,172.31.47.0-255,66,132290,87,344764
23242,0.002295,74.125.200.0-255,1484,133774,87,344764
23243,0.002315,74.125.200.0-255,2902,136676,87,344764
23244,0.002317,172.31.47.0-255,66,136742,87,344764
23245,0.00232,74.125.200.0-255,1484,138226,87,344764
23246,0.002334,74.125.200.0-255,2902,141128,87,344764
23247,0.002337,172.31.47.0-255,66,141194,87,344764
23248,0.002341,74.125.200.0-255,2902,144096,87,344764
23249,0.002343,172.31.47.0-255,66,144162,87,344764
23250,0.002364,74.125.200.0-255,2902,147064,87,344764
23251,0.002367,172.31.47.0-255,66,147130,87,344764
23252,0.002386,74.125.200.0-255,5738,152868,87,344764
23253,0.002389,172.31.47.0-255,66,152934,87,344764
23254,0.002409,74.125.200.0-255,5738,158672,87,344764
23255,0.002411,172.31.47.0-255,66,158738,87,344764
23256,0.002415,74.125.200.0-255,4320,163058,87,344764
23257,0.002418,172.31.47.0-255,66,163124,87,344764
23258,0.00244,74.125.200.0-255,1484,164608,87,344764
23259,0.002452,74.125.200.0-255,2184,166792,87,344764
23260,0.002455,172.31.47.0-255,66,166858,87,344764
23261,0.004969,74.125.200.0-255,1484,168342,87,344764
23262,0.004994,74.125.200.0-255,1484,169826,87,344764
23263,0.004997,172.31.47.0-255,66,169892,87,344764
23264,0.005013,74.125.200.0-255,2902,172794,87,344764
23265,0.005015,172.31.47.0-255,66,172860,87,344764
23266,0.007564,74.125.200.0-255,5738,178598,87,344764
23267,0.00757,172.31.47.0-255,66,178664,87,344764
23268,0.010161,74.125.200.0-255,2902,181566,87,344764
23269,0.010167,172.31.47.0-255,66,181632,87,344764
23270,0.010186,74.125.200.0-255,2902,184534,87,344764
23271,0.010189,172.31.47.0-255,66,184600,87,344764
23272,0.012782,74.125.200.0-255,5738,190338,87,344764
23273,0.012792,172.31.47.0-255,66,190404,87,344764
23274,0.015385,74.125.200.0-255,2902,193306,87,344764
23275,0.015395,172.31.47.0-255,66,193372,87,344764
23276,0.015419,74.125.200.0-255,2902,196274,87,344764
23277,0.015422,172.31.47.0-255,66,196340,87,344764
23278,0.017957,74.125.200.0-255,2902,199242,87,344764
23279,0.017965,172.31.47.0-255,66,199308,87,344764
23280,0.017985,74.125.200.0-255,2902,202210,87,344764
23281,0.017987,172.31.47.0-255,66,202276,87,344764
23282,0.020526,74.125.200.0-255,5738,208014,87,344764
23283,0.020532,172.31.47.0-255,66,208080,87,344764
23284,0.023105,74.125.200.0-255,5738,213818,87,344764
23285,0.023112,172.31.47.0-255,66,213884,87,344764
23286,0.02445,172.31.47.0-255,167,214051,87,344764
23287,0.024475,172.31.47.0-255,1107,215158,87,344764
23288,0.024526,172.31.47.0-255,1514,216672,87,344764
23289,0.024528,172.31.47.0-255,1297,217969,87,344764
23290,0.025669,74.125.200.0-255,2902,220871,87,344764
23291,0.025674,172.31.47.0-255,66,220937,87,344764
23292,0.025706,74.125.200.0-255,2902,223839,87,344764
23293,0.025708,172.31.47.0-255,66,223905,87,344764
23294,0.025997,104.244.42.0-255,66,223971,87,344764
23295,0.026044,104.244.42.0-255,66,224037,87,344764
23296,0.026103,104.244.42.0-255,66,224103,87,344764
23297,0.028222,74.125.200.0-255,2902,227005,87,344764
23298,0.028227,172.31.47.0-255,66,227071,87,344764
23299,0.028245,74.125.200.0-255,2902,229973,87,344764
23300,0.028247,172.31.47.0-255,66,230039,87,344764
23301,0.030789,74.125.200.0-255,5738,235777,87,344764
23302,0.030794,172.31.47.0-255,66,235843,87,344764
23303,0.033358,74.125.200.0-255,4320,240163,87,344764
23304,0.033363,172.31.47.0-255,66,240229,87,344764
23305,0.033391,74.125.200.0-255,1484,241713,87,344764
23306,0.035917,74.125.200.0-255,4320,246033,87,344764
23307,0.035921,172.31.47.0-255,66,246099,87,344764
23308,0.038478,74.125.200.0-255,2902,249001,87,344764
23309,0.038483,172.31.47.0-255,66,249067,87,344764
23310,0.03851,74.125.200.0-255,2902,251969,87,344764
23311,0.038512,172.31.47.0-255,66,252035,87,344764
23312,0.041035,74.125.200.0-255,2902,254937,87,344764
23313,0.041041,172.31.47.0-255,66,255003,87,344764
23314,0.041067,74.125.200.0-255,2902,257905,87,344764
23315,0.04107,172.31.47.0-255,66,257971,87,344764
23316,0.0436,74.125.200.0-255,2902,260873,87,344764
23317,0.043605,172.31.47.0-255,66,260939,87,344764
23318,0.043629,74.125.200.0-255,2902,263841,87,344764
23319,0.043632,172.31.47.0-255,66,263907,87,344764
23320,0.046169,74.125.200.0-255,4320,268227,87,344764
23321,0.046174,172.31.47.0-255,66,268293,87,344764
23322,0.046199,74.125.200.0-255,1484,269777,87,344764
23323,0.048725,74.125.200.0-255,4320,274097,87,344764
23324,0.04873,172.31.47.0-255,66,274163,87,344764
23325,0.051302,74.125.200.0-255,5738,279901,87,344764
23326,0.051307,172.31.47.0-255,66,279967,87,344764
23327,0.053852,74.125.200.0-255,2902,282869,87,344764
23328,0.053857,172.31.47.0-255,66,282935,87,344764
23329,0.053881,74.125.200.0-255,2902,285837,87,344764
23330,0.053883,172.31.47.0-255,66,285903,87,344764
23331,0.056416,74.125.200.0-255,2902,288805,87,344764
23332,0.05642,172.31.47.0-255,66,288871,87,344764
23333,0.056448,74.125.200.0-255,2902,291773,87,344764
23334,0.056451,172.31.47.0-255,66,291839,87,344764
23335,0.05897,74.125.200.0-255,1484,293323,87,344764
23336,0.059002,74.125.200.0-255,4320,297643,87,344764
23337,0.059005,172.31.47.0-255,66,297709,87,344764
23338,0.061573,74.125.200.0-255,5738,303447,87,344764
23339,0.06158,172.31.47.0-255,66,303513,87,344764
23340,0.064137,74.125.200.0-255,5738,309251,87,344764
23341,0.064142,172.31.47.0-255,66,309317,87,344764
23342,0.066706,74.125.200.0-255,5738,315055,87,344764
23343,0.066712,172.31.47.0-255,66,315121,87,344764
23344,0.069262,74.125.200.0-255,2902,318023,87,344764
23345,0.069267,172.31.47.0-255,66,318089,87,344764
23346,0.069303,74.125.200.0-255,2902,320991,87,344764
23347,0.069306,172.31.47.0-255,66,321057,87,344764
23348,0.071829,74.125.200.0-255,2902,323959,87,344764
23349,0.071834,172.31.47.0-255,66,324025,87,344764
23350,0.071863,74.125.200.0-255,2902,326927,87,344764
23351,0.071866,172.31.47.0-255,66,326993,87,344764
23352,0.074388,74.125.200.0-255,2902,329895,87,344764
23353,0.074393,172.31.47.0-255,66,329961,87,344764
23354,0.074423,74.125.200.0-255,2902,332863,87,344764
23355,0.074425,172.31.47.0-255,66,332929,87,344764
23356,0.076949,74.125.200.0-255,2902,335831,87,344764
23357,0.076954,172.31.47.0-255,66,335897,87,344764
23358,0.076983,74.125.200.0-255,2902,338799,87,344764
23359,0.076986,172.31.47.0-255,66,338865,87,344764
23360,0.079516,74.125.200.0-255,2902,341767,87,344764
23361,0.079521,172.31.47.0-255,66,341833,87,344764
23362,0.079551,74.125.200.0-255,2694,344527,87,344764
23363,0.079554,172.31.47.0-255,66,344593,87,344764
23364,0.079717,172.31.47.0-255,105,344698,87,344764
23365,0.082239,74.125.200.0-255,66,344764,87,344764
23366,0.0,74.125.24.0-255,153,153,87,266083
23367,2.4e-05,172.31.47.0-255,66,219,87,266083
23368,5.3e-05,74.125.24.0-255,1484,1703,87,266083
23369,5.7e-05,172.31.47.0-255,66,1769,87,266083
23370,6.2e-05,74.125.24.0-255,2902,4671,87,266083
23371,6.5e-05,172.31.47.0-255,66,4737,87,266083
23372,6.7e-05,74.125.24.0-255,1484,6221,87,266083
23373,6.9e-05,172.31.47.0-255,66,6287,87,266083
23374,0.000103,74.125.24.0-255,2902,9189,87,266083
23375,0.000106,172.31.47.0-255,66,9255,87,266083
23376,0.000123,74.125.24.0-255,2902,12157,87,266083
23377,0.000125,172.31.47.0-255,66,12223,87,266083
23378,0.00015,74.125.24.0-255,2139,14362,87,266083
23379,0.000153,172.31.47.0-255,66,14428,87,266083
23380,0.000159,74.125.24.0-255,5738,20166,87,266083
23381,0.000163,172.31.47.0-255,66,20232,87,266083
23382,0.000194,172.31.47.0-255,66,20298,87,266083
23383,0.000198,74.125.24.0-255,2902,23200,87,266083
23384,0.0002,172.31.47.0-255,66,23266,87,266083
23385,0.000235,172.31.47.0-255,66,23332,87,266083
23386,0.000237,74.125.24.0-255,766,24098,87,266083
23387,0.000241,172.31.47.0-255,66,24164,87,266083
23388,0.000647,74.125.24.0-255,1484,25648,87,266083
23389,0.000651,172.31.47.0-255,66,25714,87,266083
23390,0.000659,74.125.24.0-255,2902,28616,87,266083
23391,0.00066,172.31.47.0-255,66,28682,87,266083
23392,0.00067,74.125.24.0-255,2902,31584,87,266083
23393,0.000671,172.31.47.0-255,66,31650,87,266083
23394,0.000695,74.125.24.0-255,2902,34552,87,266083
23395,0.000702,172.31.47.0-255,66,34618,87,266083
23396,0.000709,74.125.24.0-255,7068,41686,87,266083
23397,0.000711,172.31.47.0-255,66,41752,87,266083
23398,0.000714,74.125.24.0-255,135,41887,87,266083
23399,0.000941,74.125.24.0-255,1484,43371,87,266083
23400,0.000946,172.31.47.0-255,66,43437,87,266083
23401,0.000951,74.125.24.0-255,2902,46339,87,266083
23402,0.000953,172.31.47.0-255,66,46405,87,266083
23403,0.000972,74.125.24.0-255,5738,52143,87,266083
23404,0.000975,172.31.47.0-255,66,52209,87,266083
23405,0.00098,74.125.24.0-255,5738,57947,87,266083
23406,0.000982,172.31.47.0-255,66,58013,87,266083
23407,0.001013,74.125.24.0-255,2902,60915,87,266083
23408,0.001016,172.31.47.0-255,66,60981,87,266083
23409,0.001046,172.31.47.0-255,66,61047,87,266083
23410,0.001117,74.125.24.0-255,1484,62531,87,266083
23411,0.001133,74.125.24.0-255,2902,65433,87,266083
23412,0.001135,172.31.47.0-255,66,65499,87,266083
23413,0.001152,74.125.24.0-255,5738,71237,87,266083
23414,0.001154,172.31.47.0-255,66,71303,87,266083
23415,0.00119,172.31.47.0-255,66,71369,87,266083
23416,0.001226,74.125.24.0-255,5738,77107,87,266083
23417,0.001228,172.31.47.0-255,66,77173,87,266083
23418,0.001251,74.125.24.0-255,4320,81493,87,266083
23419,0.001253,172.31.47.0-255,66,81559,87,266083
23420,0.001268,172.31.47.0-255,66,81625,87,266083
23421,0.001283,74.125.24.0-255,5020,86645,87,266083
23422,0.001288,172.31.47.0-255,66,86711,87,266083
23423,0.001298,172.31.47.0-255,66,86777,87,266083
23424,0.001348,74.125.24.0-255,1484,88261,87,266083
23425,0.001352,74.125.24.0-255,2902,91163,87,266083
23426,0.001353,172.31.47.0-255,66,91229,87,266083
23427,0.001363,74.125.24.0-255,2902,94131,87,266083
23428,0.001365,172.31.47.0-255,66,94197,87,266083
23429,0.001386,74.125.24.0-255,2902,97099,87,266083
23430,0.001388,172.31.47.0-255,66,97165,87,266083
23431,0.001394,74.125.24.0-255,6497,103662,87,266083
23432,0.001396,172.31.47.0-255,66,103728,87,266083
23433,0.001446,172.31.47.0-255,66,103794,87,266083
23434,0.001467,74.125.24.0-255,2902,106696,87,266083
23435,0.001469,172.31.47.0-255,66,106762,87,266083
23436,0.001502,172.31.47.0-255,66,106828,87,266083
23437,0.001507,74.125.24.0-255,6438,113266,87,266083
23438,0.001509,172.31.47.0-255,66,113332,87,266083
23439,0.001682,74.125.24.0-255,1484,114816,87,266083
23440,0.001693,74.125.24.0-255,2902,117718,87,266083
23441,0.001695,172.31.47.0-255,66,117784,87,266083
23442,0.001719,74.125.24.0-255,5738,123522,87,266083
23443,0.001721,172.31.47.0-255,66,123588,87,266083
23444,0.001726,74.125.24.0-255,4320,127908,87,266083
23445,0.001727,172.31.47.0-255,66,127974,87,266083
23446,0.001756,172.31.47.0-255,66,128040,87,266083
23447,0.001781,74.125.24.0-255,7156,135196,87,266083
23448,0.001783,172.31.47.0-255,66,135262,87,266083
23449,0.001787,74.125.24.0-255,3602,138864,87,266083
23450,0.001789,172.31.47.0-255,66,138930,87,266083
23451,0.001936,74.125.24.0-255,1484,140414,87,266083
23452,0.001944,74.125.24.0-255,1484,141898,87,266083
23453,0.001946,172.31.47.0-255,66,141964,87,266083
23454,0.001961,74.125.24.0-255,1484,143448,87,266083
23455,0.001965,74.125.24.0-255,4320,147768,87,266083
23456,0.001967,172.31.47.0-255,66,147834,87,266083
23457,0.001988,74.125.24.0-255,1484,149318,87,266083
23458,0.001992,74.125.24.0-255,2902,152220,87,266083
23459,0.001994,172.31.47.0-255,66,152286,87,266083
23460,0.002022,172.31.47.0-255,66,152352,87,266083
23461,0.002028,74.125.24.0-255,7156,159508,87,266083
23462,0.00203,172.31.47.0-255,66,159574,87,266083
23463,0.002058,74.125.24.0-255,7156,166730,87,266083
23464,0.00206,172.31.47.0-255,66,166796,87,266083
23465,0.002083,172.31.47.0-255,66,166862,87,266083
23466,0.002092,172.31.47.0-255,66,166928,87,266083
23467,0.002125,74.125.24.0-255,2902,169830,87,266083
23468,0.002126,172.31.47.0-255,66,169896,87,266083
23469,0.002145,74.125.24.0-255,3602,173498,87,266083
23470,0.002146,172.31.47.0-255,66,173564,87,266083
23471,0.00414,74.125.24.0-255,1484,175048,87,266083
23472,0.004185,74.125.24.0-255,4320,179368,87,266083
23473,0.00419,172.31.47.0-255,66,179434,87,266083
23474,0.006238,74.125.24.0-255,5738,185172,87,266083
23475,0.006258,172.31.47.0-255,66,185238,87,266083
23476,0.008303,74.125.24.0-255,5738,190976,87,266083
23477,0.008315,172.31.47.0-255,66,191042,87,266083
23478,0.010351,74.125.24.0-255,5738,196780,87,266083
23479,0.010357,172.31.47.0-255,66,196846,87,266083
23480,0.012389,74.125.24.0-255,5738,202584,87,266083
23481,0.012395,172.31.47.0-255,66,202650,87,266083
23482,0.01448,74.125.24.0-255,5738,208388,87,266083
23483,0.014497,172.31.47.0-255,66,208454,87,266083
23484,0.016547,74.125.24.0-255,5738,214192,87,266083
23485,0.016559,172.31.47.0-255,66,214258,87,266083
23486,0.018589,74.125.24.0-255,5738,219996,87,266083
23487,0.018596,172.31.47.0-255,66,220062,87,266083
23488,0.020633,74.125.24.0-255,5738,225800,87,266083
23489,0.020641,172.31.47.0-255,66,225866,87,266083
23490,0.022712,74.125.24.0-255,5738,231604,87,266083
23491,0.022726,172.31.47.0-255,66,231670,87,266083
23492,0.024773,74.125.24.0-255,5738,237408,87,266083
23493,0.024778,172.31.47.0-255,66,237474,87,266083
23494,0.026829,74.125.24.0-255,2902,240376,87,266083
23495,0.026836,172.31.47.0-255,66,240442,87,266083
23496,0.026867,74.125.24.0-255,2902,243344,87,266083
23497,0.026869,172.31.47.0-255,66,243410,87,266083
23498,0.028882,74.125.24.0-255,2902,246312,87,266083
23499,0.028888,172.31.47.0-255,66,246378,87,266083
23500,0.028929,74.125.24.0-255,2902,249280,87,266083
23501,0.028932,172.31.47.0-255,66,249346,87,266083
23502,0.030932,74.125.24.0-255,2902,252248,87,266083
23503,0.030937,172.31.47.0-255,66,252314,87,266083
23504,0.030971,74.125.24.0-255,2902,255216,87,266083
23505,0.030974,172.31.47.0-255,66,255282,87,266083
23506,0.032963,74.125.24.0-255,2902,258184,87,266083
23507,0.032969,172.31.47.0-255,66,258250,87,266083
23508,0.033007,74.125.24.0-255,2902,261152,87,266083
23509,0.033011,172.31.47.0-255,66,261218,87,266083
23510,0.034969,74.125.24.0-255,340,261558,87,266083
23511,0.035162,172.31.47.0-255,66,261624,87,266083
23512,0.035191,172.31.47.0-255,105,261729,87,266083
23513,0.037203,74.125.24.0-255,66,261795,87,266083
23514,0.0381,172.31.47.0-255,172,261967,87,266083
23515,0.038126,172.31.47.0-255,1106,263073,87,266083
23516,0.038157,172.31.47.0-255,1514,264587,87,266083
23517,0.038159,172.31.47.0-255,1298,265885,87,266083
23518,0.039646,104.244.42.0-255,66,265951,87,266083
23519,0.039699,104.244.42.0-255,66,266017,87,266083
23520,0.039751,104.244.42.0-255,66,266083,87,266083
23521,0.0,74.125.24.0-255,153,153,87,364953
23522,2.9e-05,172.31.47.0-255,66,219,87,364953
23523,3.5e-05,74.125.24.0-255,1484,1703,87,364953
23524,3.9e-05,172.31.47.0-255,66,1769,87,364953
23525,4.1e-05,74.125.24.0-255,1484,3253,87,364953
23526,4.3e-05,172.31.47.0-255,66,3319,87,364953
23527,5.6e-05,74.125.24.0-255,4320,7639,87,364953
23528,5.8e-05,172.31.47.0-255,66,7705,87,364953
23529,8.6e-05,74.125.24.0-255,5738,13443,87,364953
23530,9e-05,172.31.47.0-255,66,13509,87,364953
23531,0.000115,74.125.24.0-255,691,14200,87,364953
23532,0.000118,172.31.47.0-255,66,14266,87,364953
23533,0.000451,74.125.24.0-255,1484,15750,87,364953
23534,0.000455,172.31.47.0-255,66,15816,87,364953
23535,0.000463,74.125.24.0-255,2902,18718,87,364953
23536,0.000465,172.31.47.0-255,66,18784,87,364953
23537,0.000476,74.125.24.0-255,5738,24522,87,364953
23538,0.000479,172.31.47.0-255,66,24588,87,364953
23539,0.000483,74.125.24.0-255,2902,27490,87,364953
23540,0.000485,172.31.47.0-255,66,27556,87,364953
23541,0.000512,74.125.24.0-255,3961,31517,87,364953
23542,0.000516,172.31.47.0-255,66,31583,87,364953
23543,0.000645,74.125.24.0-255,1484,33067,87,364953
23544,0.000649,172.31.47.0-255,66,33133,87,364953
23545,0.000653,74.125.24.0-255,1484,34617,87,364953
23546,0.000654,172.31.47.0-255,66,34683,87,364953
23547,0.000687,74.125.24.0-255,1484,36167,87,364953
23548,0.00069,172.31.47.0-255,66,36233,87,364953
23549,0.000696,74.125.24.0-255,5738,41971,87,364953
23550,0.000698,172.31.47.0-255,66,42037,87,364953
23551,0.000703,74.125.24.0-255,5738,47775,87,364953
23552,0.000705,172.31.47.0-255,66,47841,87,364953
23553,0.000733,74.125.24.0-255,1125,48966,87,364953
23554,0.000736,74.125.24.0-255,1484,50450,87,364953
23555,0.000738,172.31.47.0-255,66,50516,87,364953
23556,0.000741,74.125.24.0-255,1484,52000,87,364953
23557,0.000759,74.125.24.0-255,2902,54902,87,364953
23558,0.000763,172.31.47.0-255,66,54968,87,364953
23559,0.000799,172.31.47.0-255,66,55034,87,364953
23560,0.000802,74.125.24.0-255,1125,56159,87,364953
23561,0.000866,74.125.24.0-255,646,56805,87,364953
23562,0.000869,172.31.47.0-255,66,56871,87,364953
23563,0.001393,74.125.24.0-255,1484,58355,87,364953
23564,0.001406,74.125.24.0-255,1484,59839,87,364953
23565,0.001408,172.31.47.0-255,66,59905,87,364953
23566,0.001424,74.125.24.0-255,1484,61389,87,364953
23567,0.00143,74.125.24.0-255,5738,67127,87,364953
23568,0.001432,172.31.47.0-255,66,67193,87,364953
23569,0.001459,172.31.47.0-255,66,67259,87,364953
23570,0.001479,74.125.24.0-255,1484,68743,87,364953
23571,0.001499,74.125.24.0-255,4320,73063,87,364953
23572,0.001501,172.31.47.0-255,66,73129,87,364953
23573,0.001529,172.31.47.0-255,66,73195,87,364953
23574,0.001791,74.125.24.0-255,1484,74679,87,364953
23575,0.001805,74.125.24.0-255,2902,77581,87,364953
23576,0.001807,172.31.47.0-255,66,77647,87,364953
23577,0.001811,74.125.24.0-255,2902,80549,87,364953
23578,0.001813,172.31.47.0-255,66,80615,87,364953
23579,0.001831,74.125.24.0-255,2902,83517,87,364953
23580,0.001833,172.31.47.0-255,66,83583,87,364953
23581,0.001837,74.125.24.0-255,4320,87903,87,364953
23582,0.001839,172.31.47.0-255,66,87969,87,364953
23583,0.001875,172.31.47.0-255,66,88035,87,364953
23584,0.001881,74.125.24.0-255,7156,95191,87,364953
23585,0.001882,172.31.47.0-255,66,95257,87,364953
23586,0.001896,74.125.24.0-255,1484,96741,87,364953
23587,0.001912,74.125.24.0-255,2184,98925,87,364953
23588,0.001914,172.31.47.0-255,66,98991,87,364953
23589,0.001938,74.125.24.0-255,4320,103311,87,364953
23590,0.00194,172.31.47.0-255,66,103377,87,364953
23591,0.001943,74.125.24.0-255,1484,104861,87,364953
23592,0.001962,172.31.47.0-255,66,104927,87,364953
23593,0.001994,74.125.24.0-255,2902,107829,87,364953
23594,0.001996,172.31.47.0-255,66,107895,87,364953
23595,0.002017,74.125.24.0-255,4320,112215,87,364953
23596,0.00202,172.31.47.0-255,66,112281,87,364953
23597,0.00203,172.31.47.0-255,66,112347,87,364953
23598,0.004111,74.125.24.0-255,5738,118085,87,364953
23599,0.004117,172.31.47.0-255,66,118151,87,364953
23600,0.006213,74.125.24.0-255,5738,123889,87,364953
23601,0.006225,172.31.47.0-255,66,123955,87,364953
23602,0.008267,74.125.24.0-255,5738,129693,87,364953
23603,0.008278,172.31.47.0-255,66,129759,87,364953
23604,0.01036,74.125.24.0-255,5738,135497,87,364953
23605,0.010374,172.31.47.0-255,66,135563,87,364953
23606,0.01241,74.125.24.0-255,5738,141301,87,364953
23607,0.012419,172.31.47.0-255,66,141367,87,364953
23608,0.014529,74.125.24.0-255,5738,147105,87,364953
23609,0.014539,172.31.47.0-255,66,147171,87,364953
23610,0.01664,74.125.24.0-255,2902,150073,87,364953
23611,0.016651,172.31.47.0-255,66,150139,87,364953
23612,0.016683,74.125.24.0-255,2902,153041,87,364953
23613,0.016687,172.31.47.0-255,66,153107,87,364953
23614,0.018693,74.125.24.0-255,2902,156009,87,364953
23615,0.018702,172.31.47.0-255,66,156075,87,364953
23616,0.01874,74.125.24.0-255,2902,158977,87,364953
23617,0.018743,172.31.47.0-255,66,159043,87,364953
23618,0.020731,74.125.24.0-255,1484,160527,87,364953
23619,0.020749,74.125.24.0-255,1484,162011,87,364953
23620,0.020753,172.31.47.0-255,66,162077,87,364953
23621,0.020786,74.125.24.0-255,2902,164979,87,364953
23622,0.020789,172.31.47.0-255,66,165045,87,364953
23623,0.021143,172.31.47.0-255,172,165217,87,364953
23624,0.021175,172.31.47.0-255,1103,166320,87,364953
23625,0.021209,172.31.47.0-255,1514,167834,87,364953
23626,0.02121,172.31.47.0-255,1301,169135,87,364953
23627,0.022699,104.244.42.0-255,66,169201,87,364953
23628,0.022731,104.244.42.0-255,66,169267,87,364953
23629,0.022785,104.244.42.0-255,66,169333,87,364953
23630,0.022793,74.125.24.0-255,2902,172235,87,364953
23631,0.022798,172.31.47.0-255,66,172301,87,364953
23632,0.02283,74.125.24.0-255,2902,175203,87,364953
23633,0.022835,172.31.47.0-255,66,175269,87,364953
23634,0.024826,74.125.24.0-255,2902,178171,87,364953
23635,0.024833,172.31.47.0-255,66,178237,87,364953
23636,0.024888,74.125.24.0-255,2902,181139,87,364953
23637,0.024891,172.31.47.0-255,66,181205,87,364953
23638,0.026893,74.125.24.0-255,2902,184107,87,364953
23639,0.0269,172.31.47.0-255,66,184173,87,364953
23640,0.026929,74.125.24.0-255,2902,187075,87,364953
23641,0.026931,172.31.47.0-255,66,187141,87,364953
23642,0.028937,74.125.24.0-255,2902,190043,87,364953
23643,0.028943,172.31.47.0-255,66,190109,87,364953
23644,0.028967,74.125.24.0-255,2902,193011,87,364953
23645,0.028969,172.31.47.0-255,66,193077,87,364953
23646,0.031011,74.125.24.0-255,5738,198815,87,364953
23647,0.031017,172.31.47.0-255,66,198881,87,364953
23648,0.033088,74.125.24.0-255,5738,204619,87,364953
23649,0.033106,172.31.47.0-255,66,204685,87,364953
23650,0.035241,74.125.24.0-255,5738,210423,87,364953
23651,0.035258,172.31.47.0-255,66,210489,87,364953
23652,0.037322,74.125.24.0-255,5738,216227,87,364953
23653,0.037339,172.31.47.0-255,66,216293,87,364953
23654,0.039415,74.125.24.0-255,5738,222031,87,364953
23655,0.039431,172.31.47.0-255,66,222097,87,364953
23656,0.041524,74.125.24.0-255,5738,227835,87,364953
23657,0.041533,172.31.47.0-255,66,227901,87,364953
23658,0.04362,74.125.24.0-255,5738,233639,87,364953
23659,0.043637,172.31.47.0-255,66,233705,87,364953
23660,0.045682,74.125.24.0-255,5738,239443,87,364953
23661,0.045696,172.31.47.0-255,66,239509,87,364953
23662,0.047749,74.125.24.0-255,5738,245247,87,364953
23663,0.047766,172.31.47.0-255,66,245313,87,364953
23664,0.049812,74.125.24.0-255,5738,251051,87,364953
23665,0.04982,172.31.47.0-255,66,251117,87,364953
23666,0.051881,74.125.24.0-255,5738,256855,87,364953
23667,0.051888,172.31.47.0-255,66,256921,87,364953
23668,0.053942,74.125.24.0-255,5738,262659,87,364953
23669,0.053948,172.31.47.0-255,66,262725,87,364953
23670,0.055995,74.125.24.0-255,5738,268463,87,364953
23671,0.056002,172.31.47.0-255,66,268529,87,364953
23672,0.058037,74.125.24.0-255,5738,274267,87,364953
23673,0.058045,172.31.47.0-255,66,274333,87,364953
23674,0.060059,74.125.24.0-255,5738,280071,87,364953
23675,0.060068,172.31.47.0-255,66,280137,87,364953
23676,0.062133,74.125.24.0-255,5738,285875,87,364953
23677,0.062141,172.31.47.0-255,66,285941,87,364953
23678,0.064214,74.125.24.0-255,5738,291679,87,364953
23679,0.064221,172.31.47.0-255,66,291745,87,364953
23680,0.066249,74.125.24.0-255,5738,297483,87,364953
23681,0.066257,172.31.47.0-255,66,297549,87,364953
23682,0.068284,74.125.24.0-255,5738,303287,87,364953
23683,0.06829,172.31.47.0-255,66,303353,87,364953
23684,0.070304,74.125.24.0-255,5738,309091,87,364953
23685,0.070309,172.31.47.0-255,66,309157,87,364953
23686,0.072355,74.125.24.0-255,5738,314895,87,364953
23687,0.07236,172.31.47.0-255,66,314961,87,364953
23688,0.074375,74.125.24.0-255,1484,316445,87,364953
23689,0.074396,74.125.24.0-255,4320,320765,87,364953
23690,0.0744,172.31.47.0-255,66,320831,87,364953
23691,0.076432,74.125.24.0-255,4320,325151,87,364953
23692,0.076437,172.31.47.0-255,66,325217,87,364953
23693,0.076459,74.125.24.0-255,1484,326701,87,364953
23694,0.078467,74.125.24.0-255,4320,331021,87,364953
23695,0.078472,172.31.47.0-255,66,331087,87,364953
23696,0.080525,74.125.24.0-255,5738,336825,87,364953
23697,0.08053,172.31.47.0-255,66,336891,87,364953
23698,0.082592,74.125.24.0-255,5738,342629,87,364953
23699,0.082598,172.31.47.0-255,66,342695,87,364953
23700,0.084638,74.125.24.0-255,5738,348433,87,364953
23701,0.084644,172.31.47.0-255,66,348499,87,364953
23702,0.086653,74.125.24.0-255,5738,354237,87,364953
23703,0.086657,172.31.47.0-255,66,354303,87,364953
23704,0.088708,74.125.24.0-255,5738,360041,87,364953
23705,0.088713,172.31.47.0-255,66,360107,87,364953
23706,0.090764,74.125.24.0-255,4609,364716,87,364953
23707,0.09077,172.31.47.0-255,66,364782,87,364953
23708,0.090964,172.31.47.0-255,105,364887,87,364953
23709,0.092944,74.125.24.0-255,66,364953,87,364953
23710,0.0,172.217.194.0-255,148,148,87,242599
23711,3.1e-05,172.31.47.0-255,66,214,87,242599
23712,3.7e-05,172.217.194.0-255,1484,1698,87,242599
23713,4.1e-05,172.31.47.0-255,66,1764,87,242599
23714,4.6e-05,172.217.194.0-255,2902,4666,87,242599
23715,4.8e-05,172.31.47.0-255,66,4732,87,242599
23716,6.2e-05,172.217.194.0-255,7156,11888,87,242599
23717,6.5e-05,172.31.47.0-255,66,11954,87,242599
23718,6.8e-05,172.217.194.0-255,2139,14093,87,242599
23719,7e-05,172.31.47.0-255,66,14159,87,242599
23720,0.000281,172.217.194.0-255,1484,15643,87,242599
23721,0.000285,172.31.47.0-255,66,15709,87,242599
23722,0.000314,172.217.194.0-255,2902,18611,87,242599
23723,0.000318,172.31.47.0-255,66,18677,87,242599
23724,0.000354,172.217.194.0-255,4320,22997,87,242599
23725,0.000358,172.31.47.0-255,66,23063,87,242599
23726,0.000365,172.217.194.0-255,7156,30219,87,242599
23727,0.000367,172.31.47.0-255,66,30285,87,242599
23728,0.000401,172.217.194.0-255,1125,31410,87,242599
23729,0.000404,172.31.47.0-255,66,31476,87,242599
23730,0.000457,172.217.194.0-255,1484,32960,87,242599
23731,0.00046,172.31.47.0-255,66,33026,87,242599
23732,0.000463,172.217.194.0-255,1484,34510,87,242599
23733,0.000464,172.31.47.0-255,66,34576,87,242599
23734,0.000494,172.217.194.0-255,1484,36060,87,242599
23735,0.000497,172.31.47.0-255,66,36126,87,242599
23736,0.000504,172.217.194.0-255,5738,41864,87,242599
23737,0.000507,172.31.47.0-255,66,41930,87,242599
23738,0.000519,172.217.194.0-255,5738,47668,87,242599
23739,0.000521,172.31.47.0-255,66,47734,87,242599
23740,0.000544,172.217.194.0-255,6797,54531,87,242599
23741,0.000551,172.31.47.0-255,66,54597,87,242599
23742,0.000581,172.31.47.0-255,66,54663,87,242599
23743,0.000606,172.217.194.0-255,1717,56380,87,242599
23744,0.000608,172.31.47.0-255,66,56446,87,242599
23745,0.000698,172.217.194.0-255,1484,57930,87,242599
23746,0.000719,172.217.194.0-255,2902,60832,87,242599
23747,0.000722,172.31.47.0-255,66,60898,87,242599
23748,0.000725,172.217.194.0-255,1484,62382,87,242599
23749,0.000749,172.217.194.0-255,4320,66702,87,242599
23750,0.000752,172.31.47.0-255,66,66768,87,242599
23751,0.000755,172.217.194.0-255,1484,68252,87,242599
23752,0.000783,172.31.47.0-255,66,68318,87,242599
23753,0.000789,172.217.194.0-255,7156,75474,87,242599
23754,0.000791,172.31.47.0-255,66,75540,87,242599
23755,0.000823,172.217.194.0-255,3602,79142,87,242599
23756,0.000826,172.31.47.0-255,66,79208,87,242599
23757,0.001014,172.217.194.0-255,1484,80692,87,242599
23758,0.001022,172.217.194.0-255,2902,83594,87,242599
23759,0.001025,172.31.47.0-255,66,83660,87,242599
23760,0.001053,172.217.194.0-255,5738,89398,87,242599
23761,0.001056,172.31.47.0-255,66,89464,87,242599
23762,0.001068,172.31.47.0-255,66,89530,87,242599
23763,0.00108,172.217.194.0-255,2902,92432,87,242599
23764,0.001083,172.31.47.0-255,66,92498,87,242599
23765,0.001116,172.31.47.0-255,66,92564,87,242599
23766,0.001703,172.217.194.0-255,1484,94048,87,242599
23767,0.001715,172.217.194.0-255,2902,96950,87,242599
23768,0.001719,172.31.47.0-255,66,97016,87,242599
23769,0.00175,172.217.194.0-255,5738,102754,87,242599
23770,0.001752,172.31.47.0-255,66,102820,87,242599
23771,0.001766,172.31.47.0-255,66,102886,87,242599
23772,0.001822,172.217.194.0-255,5738,108624,87,242599
23773,0.001826,172.31.47.0-255,66,108690,87,242599
23774,0.001832,172.217.194.0-255,7156,115846,87,242599
23775,0.001835,172.31.47.0-255,66,115912,87,242599
23776,0.001841,172.217.194.0-255,766,116678,87,242599
23777,0.001963,172.217.194.0-255,1484,118162,87,242599
23778,0.001965,172.31.47.0-255,66,118228,87,242599
23779,0.00197,172.217.194.0-255,2902,121130,87,242599
23780,0.001972,172.31.47.0-255,66,121196,87,242599
23781,0.002001,172.217.194.0-255,5738,126934,87,242599
23782,0.002004,172.31.47.0-255,66,127000,87,242599
23783,0.002015,172.31.47.0-255,66,127066,87,242599
23784,0.002058,172.217.194.0-255,7156,134222,87,242599
23785,0.002061,172.31.47.0-255,66,134288,87,242599
23786,0.002083,172.31.47.0-255,66,134354,87,242599
23787,0.0021,172.31.47.0-255,66,134420,87,242599
23788,0.002106,172.217.194.0-255,7156,141576,87,242599
23789,0.002108,172.31.47.0-255,66,141642,87,242599
23790,0.002132,172.217.194.0-255,3602,145244,87,242599
23791,0.002138,172.31.47.0-255,66,145310,87,242599
23792,0.002151,172.217.194.0-255,2902,148212,87,242599
23793,0.002157,172.31.47.0-255,66,148278,87,242599
23794,0.002197,172.31.47.0-255,66,148344,87,242599
23795,0.002203,172.217.194.0-255,5738,154082,87,242599
23796,0.002205,172.31.47.0-255,66,154148,87,242599
23797,0.002253,172.31.47.0-255,66,154214,87,242599
23798,0.002267,172.31.47.0-255,66,154280,87,242599
23799,0.0023,172.217.194.0-255,6438,160718,87,242599
23800,0.002302,172.31.47.0-255,66,160784,87,242599
23801,0.002326,172.31.47.0-255,66,160850,87,242599
23802,0.002332,172.217.194.0-255,6438,167288,87,242599
23803,0.002334,172.31.47.0-255,66,167354,87,242599
23804,0.004605,172.217.194.0-255,5738,173092,87,242599
23805,0.004609,172.31.47.0-255,66,173158,87,242599
23806,0.006891,172.217.194.0-255,5738,178896,87,242599
23807,0.006902,172.31.47.0-255,66,178962,87,242599
23808,0.009175,172.217.194.0-255,5738,184700,87,242599
23809,0.009193,172.31.47.0-255,66,184766,87,242599
23810,0.011478,172.217.194.0-255,5738,190504,87,242599
23811,0.011487,172.31.47.0-255,66,190570,87,242599
23812,0.013758,172.217.194.0-255,5738,196308,87,242599
23813,0.013765,172.31.47.0-255,66,196374,87,242599
23814,0.016052,172.217.194.0-255,5738,202112,87,242599
23815,0.016064,172.31.47.0-255,66,202178,87,242599
23816,0.01834,172.217.194.0-255,5738,207916,87,242599
23817,0.018348,172.31.47.0-255,66,207982,87,242599
23818,0.020623,172.217.194.0-255,5738,213720,87,242599
23819,0.02063,172.31.47.0-255,66,213786,87,242599
23820,0.022896,172.217.194.0-255,5738,219524,87,242599
23821,0.022906,172.31.47.0-255,66,219590,87,242599
23822,0.025188,172.217.194.0-255,5738,225328,87,242599
23823,0.025194,172.31.47.0-255,66,225394,87,242599
23824,0.027482,172.217.194.0-255,5738,231132,87,242599
23825,0.027492,172.31.47.0-255,66,231198,87,242599
23826,0.02978,172.217.194.0-255,5738,236936,87,242599
23827,0.029787,172.31.47.0-255,66,237002,87,242599
23828,0.032079,172.217.194.0-255,1070,238072,87,242599
23829,0.032261,172.31.47.0-255,66,238138,87,242599
23830,0.032314,172.31.47.0-255,105,238243,87,242599
23831,0.034572,172.217.194.0-255,66,238309,87,242599
23832,0.039488,172.31.47.0-255,172,238481,87,242599
23833,0.039526,172.31.47.0-255,1103,239584,87,242599
23834,0.039607,172.31.47.0-255,1514,241098,87,242599
23835,0.039609,172.31.47.0-255,1303,242401,87,242599
23836,0.04103,104.244.42.0-255,66,242467,87,242599
23837,0.041045,104.244.42.0-255,66,242533,87,242599
23838,0.041148,104.244.42.0-255,66,242599,87,242599
23839,0.0,172.217.194.0-255,153,153,87,266965
23840,1.7e-05,172.31.47.0-255,66,219,87,266965
23841,2.4e-05,172.217.194.0-255,1484,1703,87,266965
23842,2.8e-05,172.31.47.0-255,66,1769,87,266965
23843,4.1e-05,172.217.194.0-255,2902,4671,87,266965
23844,4.4e-05,172.31.47.0-255,66,4737,87,266965
23845,5.2e-05,172.217.194.0-255,7156,11893,87,266965
23846,5.6e-05,172.31.47.0-255,66,11959,87,266965
23847,6e-05,172.217.194.0-255,2161,14120,87,266965
23848,6.3e-05,172.31.47.0-255,66,14186,87,266965
23849,0.000118,172.217.194.0-255,7156,21342,87,266965
23850,0.000121,172.31.47.0-255,66,21408,87,266965
23851,0.000152,172.217.194.0-255,4320,25728,87,266965
23852,0.000155,172.31.47.0-255,66,25794,87,266965
23853,0.000161,172.217.194.0-255,5379,31173,87,266965
23854,0.000164,172.31.47.0-255,66,31239,87,266965
23855,0.000204,172.217.194.0-255,1484,32723,87,266965
23856,0.000206,172.31.47.0-255,66,32789,87,266965
23857,0.000212,172.217.194.0-255,2902,35691,87,266965
23858,0.000214,172.31.47.0-255,66,35757,87,266965
23859,0.000245,172.217.194.0-255,5738,41495,87,266965
23860,0.000248,172.31.47.0-255,66,41561,87,266965
23861,0.000255,172.217.194.0-255,6797,48358,87,266965
23862,0.000257,172.31.47.0-255,66,48424,87,266965
23863,0.000301,172.217.194.0-255,5738,54162,87,266965
23864,0.000304,172.31.47.0-255,66,54228,87,266965
23865,0.000326,172.217.194.0-255,1484,55712,87,266965
23866,0.000329,172.31.47.0-255,66,55778,87,266965
23867,0.000332,172.217.194.0-255,1484,57262,87,266965
23868,0.000334,172.31.47.0-255,66,57328,87,266965
23869,0.000356,172.217.194.0-255,5738,63066,87,266965
23870,0.000363,172.31.47.0-255,66,63132,87,266965
23871,0.000378,172.217.194.0-255,2848,65980,87,266965
23872,0.00038,172.31.47.0-255,66,66046,87,266965
23873,0.000481,172.217.194.0-255,374,66420,87,266965
23874,0.00063,172.217.194.0-255,1484,67904,87,266965
23875,0.000637,172.31.47.0-255,66,67970,87,266965
23876,0.000642,172.217.194.0-255,2902,70872,87,266965
23877,0.000644,172.31.47.0-255,66,70938,87,266965
23878,0.000654,172.217.194.0-255,5738,76676,87,266965
23879,0.000656,172.31.47.0-255,66,76742,87,266965
23880,0.000659,172.217.194.0-255,1484,78226,87,266965
23881,0.000691,172.217.194.0-255,5379,83605,87,266965
23882,0.000694,172.31.47.0-255,66,83671,87,266965
23883,0.000869,172.217.194.0-255,1484,85155,87,266965
23884,0.000873,172.217.194.0-255,1484,86639,87,266965
23885,0.000878,172.31.47.0-255,66,86705,87,266965
23886,0.000886,172.217.194.0-255,1484,88189,87,266965
23887,0.000892,172.217.194.0-255,5738,93927,87,266965
23888,0.000894,172.31.47.0-255,66,93993,87,266965
23889,0.000918,172.217.194.0-255,1484,95477,87,266965
23890,0.000938,172.217.194.0-255,5379,100856,87,266965
23891,0.000941,172.31.47.0-255,66,100922,87,266965
23892,0.001339,172.217.194.0-255,1484,102406,87,266965
23893,0.001345,172.217.194.0-255,2902,105308,87,266965
23894,0.001347,172.31.47.0-255,66,105374,87,266965
23895,0.001351,172.217.194.0-255,1484,106858,87,266965
23896,0.001376,172.217.194.0-255,4320,111178,87,266965
23897,0.001378,172.31.47.0-255,66,111244,87,266965
23898,0.001384,172.217.194.0-255,5738,116982,87,266965
23899,0.001386,172.31.47.0-255,66,117048,87,266965
23900,0.001417,172.217.194.0-255,7156,124204,87,266965
23901,0.001419,172.31.47.0-255,66,124270,87,266965
23902,0.001441,172.217.194.0-255,7156,131426,87,266965
23903,0.001443,172.31.47.0-255,66,131492,87,266965
23904,0.001473,172.217.194.0-255,3602,135094,87,266965
23905,0.001476,172.31.47.0-255,66,135160,87,266965
23906,0.001487,172.31.47.0-255,66,135226,87,266965
23907,0.001493,172.217.194.0-255,1484,136710,87,266965
23908,0.001525,172.31.47.0-255,66,136776,87,266965
23909,0.001577,172.217.194.0-255,4320,141096,87,266965
23910,0.00158,172.31.47.0-255,66,141162,87,266965
23911,0.001602,172.217.194.0-255,2184,143346,87,266965
23912,0.001605,172.31.47.0-255,66,143412,87,266965
23913,0.001616,172.217.194.0-255,2902,146314,87,266965
23914,0.001622,172.31.47.0-255,66,146380,87,266965
23915,0.001644,172.217.194.0-255,4320,150700,87,266965
23916,0.001649,172.217.194.0-255,4320,155020,87,266965
23917,0.001653,172.31.47.0-255,66,155086,87,266965
23918,0.001656,172.31.47.0-255,66,155152,87,266965
23919,0.001666,172.217.194.0-255,7156,162308,87,266965
23920,0.00167,172.31.47.0-255,66,162374,87,266965
23921,0.001687,172.217.194.0-255,2902,165276,87,266965
23922,0.001701,172.31.47.0-255,66,165342,87,266965
23923,0.001708,172.217.194.0-255,7156,172498,87,266965
23924,0.00171,172.31.47.0-255,66,172564,87,266965
23925,0.00174,172.217.194.0-255,5020,177584,87,266965
23926,0.001743,172.31.47.0-255,66,177650,87,266965
23927,0.001763,172.217.194.0-255,1484,179134,87,266965
23928,0.001795,172.217.194.0-255,1484,180618,87,266965
23929,0.001799,172.31.47.0-255,66,180684,87,266965
23930,0.001822,172.217.194.0-255,1484,182168,87,266965
23931,0.001828,172.217.194.0-255,5738,187906,87,266965
23932,0.001831,172.31.47.0-255,66,187972,87,266965
23933,0.001843,172.31.47.0-255,66,188038,87,266965
23934,0.00185,172.217.194.0-255,7156,195194,87,266965
23935,0.001852,172.31.47.0-255,66,195260,87,266965
23936,0.001879,172.217.194.0-255,3602,198862,87,266965
23937,0.001882,172.31.47.0-255,66,198928,87,266965
23938,0.002111,172.217.194.0-255,1484,200412,87,266965
23939,0.002115,172.217.194.0-255,1484,201896,87,266965
23940,0.002118,172.31.47.0-255,66,201962,87,266965
23941,0.00213,172.217.194.0-255,1484,203446,87,266965
23942,0.002149,172.217.194.0-255,5738,209184,87,266965
23943,0.002152,172.31.47.0-255,66,209250,87,266965
23944,0.002155,172.217.194.0-255,1484,210734,87,266965
23945,0.002157,172.217.194.0-255,1484,212218,87,266965
23946,0.002159,172.31.47.0-255,66,212284,87,266965
23947,0.002196,172.217.194.0-255,7156,219440,87,266965
23948,0.002199,172.31.47.0-255,66,219506,87,266965
23949,0.002205,172.217.194.0-255,5738,225244,87,266965
23950,0.002207,172.31.47.0-255,66,225310,87,266965
23951,0.002234,172.31.47.0-255,66,225376,87,266965
23952,0.002236,172.217.194.0-255,1484,226860,87,266965
23953,0.002248,172.217.194.0-255,2902,229762,87,266965
23954,0.00225,172.31.47.0-255,66,229828,87,266965
23955,0.002258,172.217.194.0-255,5738,235566,87,266965
23956,0.00226,172.31.47.0-255,66,235632,87,266965
23957,0.0023,172.31.47.0-255,66,235698,87,266965
23958,0.002311,172.31.47.0-255,66,235764,87,266965
23959,0.002333,172.217.194.0-255,2184,237948,87,266965
23960,0.002335,172.31.47.0-255,66,238014,87,266965
23961,0.002348,172.217.194.0-255,1484,239498,87,266965
23962,0.002355,172.217.194.0-255,2902,242400,87,266965
23963,0.002357,172.31.47.0-255,66,242466,87,266965
23964,0.002385,172.217.194.0-255,5738,248204,87,266965
23965,0.002388,172.217.194.0-255,2902,251106,87,266965
23966,0.002392,172.31.47.0-255,66,251172,87,266965
23967,0.002394,172.31.47.0-255,66,251238,87,266965
23968,0.002444,172.31.47.0-255,66,251304,87,266965
23969,0.002453,172.31.47.0-255,66,251370,87,266965
23970,0.002456,172.217.194.0-255,1484,252854,87,266965
23971,0.002476,172.31.47.0-255,66,252920,87,266965
23972,0.002502,172.217.194.0-255,2184,255104,87,266965
23973,0.002504,172.31.47.0-255,66,255170,87,266965
23974,0.002518,172.31.47.0-255,66,255236,87,266965
23975,0.002531,172.31.47.0-255,66,255302,87,266965
23976,0.00256,172.217.194.0-255,2184,257486,87,266965
23977,0.002562,172.31.47.0-255,66,257552,87,266965
23978,0.002568,172.217.194.0-255,4320,261872,87,266965
23979,0.002569,172.31.47.0-255,66,261938,87,266965
23980,0.002627,172.31.47.0-255,66,262004,87,266965
23981,0.004405,172.31.47.0-255,105,262109,87,266965
23982,0.005151,172.217.194.0-255,105,262214,87,266965
23983,0.006922,172.217.194.0-255,66,262280,87,266965
23984,0.02077,172.31.47.0-255,90,262370,87,266965
23985,0.020806,172.31.47.0-255,66,262436,87,266965
23986,0.023267,172.217.194.0-255,66,262502,87,266965
23987,0.023285,172.31.47.0-255,54,262556,87,266965
23988,0.023289,172.217.194.0-255,66,262622,87,266965
23989,0.023292,172.31.47.0-255,54,262676,87,266965
23990,0.048939,172.31.47.0-255,171,262847,87,266965
23991,0.048968,172.31.47.0-255,1127,263974,87,266965
23992,0.049018,172.31.47.0-255,1514,265488,87,266965
23993,0.049038,172.31.47.0-255,1279,266767,87,266965
23994,0.05048,104.244.42.0-255,66,266833,87,266965
23995,0.050519,104.244.42.0-255,66,266899,87,266965
23996,0.050563,104.244.42.0-255,66,266965,87,266965
23997,0.0,74.125.24.0-255,297,297,87,337072
23998,3.3e-05,172.31.47.0-255,66,363,87,337072
23999,4.1e-05,74.125.24.0-255,1484,1847,87,337072
24000,4.5e-05,172.31.47.0-255,66,1913,87,337072
24001,4.9e-05,74.125.24.0-255,2902,4815,87,337072
24002,5.1e-05,172.31.47.0-255,66,4881,87,337072
24003,5.7e-05,74.125.24.0-255,5738,10619,87,337072
24004,6e-05,172.31.47.0-255,66,10685,87,337072
24005,9.4e-05,74.125.24.0-255,6078,16763,87,337072
24006,9.7e-05,172.31.47.0-255,66,16829,87,337072
24007,0.000105,74.125.24.0-255,7156,23985,87,337072
24008,0.000108,172.31.47.0-255,66,24051,87,337072
24009,0.000136,74.125.24.0-255,6797,30848,87,337072
24010,0.000139,172.31.47.0-255,66,30914,87,337072
24011,0.00076,74.125.24.0-255,1484,32398,87,337072
24012,0.000766,172.31.47.0-255,66,32464,87,337072
24013,0.000776,74.125.24.0-255,2902,35366,87,337072
24014,0.000779,172.31.47.0-255,66,35432,87,337072
24015,0.000786,74.125.24.0-255,5738,41170,87,337072
24016,0.000789,172.31.47.0-255,66,41236,87,337072
24017,0.000792,74.125.24.0-255,1484,42720,87,337072
24018,0.000794,172.31.47.0-255,66,42786,87,337072
24019,0.000829,172.31.47.0-255,66,42852,87,337072
24020,0.000837,74.125.24.0-255,7156,50008,87,337072
24021,0.000839,172.31.47.0-255,66,50074,87,337072
24022,0.000855,74.125.24.0-255,3602,53676,87,337072
24023,0.000859,172.31.47.0-255,66,53742,87,337072
24024,0.000902,74.125.24.0-255,396,54138,87,337072
24025,0.000907,172.31.47.0-255,66,54204,87,337072
24026,0.000928,74.125.24.0-255,1484,55688,87,337072
24027,0.000931,172.31.47.0-255,66,55754,87,337072
24028,0.000956,74.125.24.0-255,4320,60074,87,337072
24029,0.00096,172.31.47.0-255,66,60140,87,337072
24030,0.000967,74.125.24.0-255,7156,67296,87,337072
24031,0.000969,172.31.47.0-255,66,67362,87,337072
24032,0.000994,74.125.24.0-255,2902,70264,87,337072
24033,0.000998,172.31.47.0-255,66,70330,87,337072
24034,0.001008,172.31.47.0-255,66,70396,87,337072
24035,0.00102,172.31.47.0-255,66,70462,87,337072
24036,0.001023,74.125.24.0-255,1484,71946,87,337072
24037,0.001055,74.125.24.0-255,5738,77684,87,337072
24038,0.001059,172.31.47.0-255,66,77750,87,337072
24039,0.001069,172.31.47.0-255,66,77816,87,337072
24040,0.001105,74.125.24.0-255,2902,80718,87,337072
24041,0.001109,172.31.47.0-255,66,80784,87,337072
24042,0.001143,172.31.47.0-255,66,80850,87,337072
24043,0.001146,74.125.24.0-255,766,81616,87,337072
24044,0.001176,74.125.24.0-255,4320,85936,87,337072
24045,0.00118,172.31.47.0-255,66,86002,87,337072
24046,0.001217,172.31.47.0-255,66,86068,87,337072
24047,0.001233,74.125.24.0-255,1484,87552,87,337072
24048,0.001255,74.125.24.0-255,5738,93290,87,337072
24049,0.001259,172.31.47.0-255,66,93356,87,337072
24050,0.001278,74.125.24.0-255,4320,97676,87,337072
24051,0.001281,172.31.47.0-255,66,97742,87,337072
24052,0.001287,74.125.24.0-255,3602,101344,87,337072
24053,0.001289,172.31.47.0-255,66,101410,87,337072
24054,0.001291,74.125.24.0-255,347,101757,87,337072
24055,0.00197,74.125.24.0-255,1484,103241,87,337072
24056,0.001977,172.31.47.0-255,66,103307,87,337072
24057,0.001983,74.125.24.0-255,2902,106209,87,337072
24058,0.001985,172.31.47.0-255,66,106275,87,337072
24059,0.00199,74.125.24.0-255,5738,112013,87,337072
24060,0.001992,172.31.47.0-255,66,112079,87,337072
24061,0.002028,172.31.47.0-255,66,112145,87,337072
24062,0.002062,74.125.24.0-255,1484,113629,87,337072
24063,0.002087,172.31.47.0-255,66,113695,87,337072
24064,0.002278,74.125.24.0-255,1484,115179,87,337072
24065,0.002283,74.125.24.0-255,2902,118081,87,337072
24066,0.002286,172.31.47.0-255,66,118147,87,337072
24067,0.00229,74.125.24.0-255,2902,121049,87,337072
24068,0.002292,172.31.47.0-255,66,121115,87,337072
24069,0.002303,74.125.24.0-255,1484,122599,87,337072
24070,0.002324,74.125.24.0-255,5738,128337,87,337072
24071,0.002327,172.31.47.0-255,66,128403,87,337072
24072,0.004607,74.125.24.0-255,5738,134141,87,337072
24073,0.004613,172.31.47.0-255,66,134207,87,337072
24074,0.006886,74.125.24.0-255,2902,137109,87,337072
24075,0.006892,172.31.47.0-255,66,137175,87,337072
24076,0.006914,74.125.24.0-255,2902,140077,87,337072
24077,0.006917,172.31.47.0-255,66,140143,87,337072
24078,0.009198,74.125.24.0-255,5738,145881,87,337072
24079,0.00921,172.31.47.0-255,66,145947,87,337072
24080,0.011508,74.125.24.0-255,5738,151685,87,337072
24081,0.011523,172.31.47.0-255,66,151751,87,337072
24082,0.013834,74.125.24.0-255,5738,157489,87,337072
24083,0.013853,172.31.47.0-255,66,157555,87,337072
24084,0.016162,74.125.24.0-255,5738,163293,87,337072
24085,0.016177,172.31.47.0-255,66,163359,87,337072
24086,0.018474,74.125.24.0-255,5738,169097,87,337072
24087,0.018486,172.31.47.0-255,66,169163,87,337072
24088,0.020748,74.125.24.0-255,5738,174901,87,337072
24089,0.020755,172.31.47.0-255,66,174967,87,337072
24090,0.023045,74.125.24.0-255,5738,180705,87,337072
24091,0.023051,172.31.47.0-255,66,180771,87,337072
24092,0.025333,74.125.24.0-255,4320,185091,87,337072
24093,0.02534,172.31.47.0-255,66,185157,87,337072
24094,0.025358,74.125.24.0-255,1484,186641,87,337072
24095,0.026498,172.31.47.0-255,172,186813,87,337072
24096,0.02654,172.31.47.0-255,1112,187925,87,337072
24097,0.026615,172.31.47.0-255,1514,189439,87,337072
24098,0.026618,172.31.47.0-255,1292,190731,87,337072
24099,0.027618,74.125.24.0-255,4320,195051,87,337072
24100,0.027623,172.31.47.0-255,66,195117,87,337072
24101,0.028008,104.244.42.0-255,66,195183,87,337072
24102,0.028068,104.244.42.0-255,66,195249,87,337072
24103,0.028189,104.244.42.0-255,66,195315,87,337072
24104,0.028755,104.244.42.0-255,108,195423,87,337072
24105,0.028758,172.31.47.0-255,66,195489,87,337072
24106,0.029947,74.125.24.0-255,5738,201227,87,337072
24107,0.029952,172.31.47.0-255,66,201293,87,337072
24108,0.032247,74.125.24.0-255,5738,207031,87,337072
24109,0.032253,172.31.47.0-255,66,207097,87,337072
24110,0.034529,74.125.24.0-255,5738,212835,87,337072
24111,0.034534,172.31.47.0-255,66,212901,87,337072
24112,0.036791,74.125.24.0-255,5738,218639,87,337072
24113,0.036797,172.31.47.0-255,66,218705,87,337072
24114,0.039084,74.125.24.0-255,5738,224443,87,337072
24115,0.039088,172.31.47.0-255,66,224509,87,337072
24116,0.041364,74.125.24.0-255,5738,230247,87,337072
24117,0.041369,172.31.47.0-255,66,230313,87,337072
24118,0.043638,74.125.24.0-255,5738,236051,87,337072
24119,0.043644,172.31.47.0-255,66,236117,87,337072
24120,0.045913,74.125.24.0-255,5738,241855,87,337072
24121,0.045918,172.31.47.0-255,66,241921,87,337072
24122,0.048209,74.125.24.0-255,5738,247659,87,337072
24123,0.048215,172.31.47.0-255,66,247725,87,337072
24124,0.050483,74.125.24.0-255,5738,253463,87,337072
24125,0.050488,172.31.47.0-255,66,253529,87,337072
24126,0.052773,74.125.24.0-255,5738,259267,87,337072
24127,0.052779,172.31.47.0-255,66,259333,87,337072
24128,0.055035,74.125.24.0-255,5738,265071,87,337072
24129,0.05504,172.31.47.0-255,66,265137,87,337072
24130,0.057328,74.125.24.0-255,1484,266621,87,337072
24131,0.057356,74.125.24.0-255,4320,270941,87,337072
24132,0.05736,172.31.47.0-255,66,271007,87,337072
24133,0.059647,74.125.24.0-255,5738,276745,87,337072
24134,0.059651,172.31.47.0-255,66,276811,87,337072
24135,0.061944,74.125.24.0-255,5738,282549,87,337072
24136,0.061948,172.31.47.0-255,66,282615,87,337072
24137,0.064244,74.125.24.0-255,5738,288353,87,337072
24138,0.064249,172.31.47.0-255,66,288419,87,337072
24139,0.066566,74.125.24.0-255,5738,294157,87,337072
24140,0.06657,172.31.47.0-255,66,294223,87,337072
24141,0.068883,74.125.24.0-255,5738,299961,87,337072
24142,0.06889,172.31.47.0-255,66,300027,87,337072
24143,0.071183,74.125.24.0-255,5738,305765,87,337072
24144,0.071191,172.31.47.0-255,66,305831,87,337072
24145,0.073477,74.125.24.0-255,5738,311569,87,337072
24146,0.073484,172.31.47.0-255,66,311635,87,337072
24147,0.075747,74.125.24.0-255,5738,317373,87,337072
24148,0.075752,172.31.47.0-255,66,317439,87,337072
24149,0.078024,74.125.24.0-255,2902,320341,87,337072
24150,0.078029,172.31.47.0-255,66,320407,87,337072
24151,0.078056,74.125.24.0-255,2902,323309,87,337072
24152,0.078059,172.31.47.0-255,66,323375,87,337072
24153,0.080328,74.125.24.0-255,5738,329113,87,337072
24154,0.080333,172.31.47.0-255,66,329179,87,337072
24155,0.082617,74.125.24.0-255,5738,334917,87,337072
24156,0.082623,172.31.47.0-255,66,334983,87,337072
24157,0.084885,74.125.24.0-255,1852,336835,87,337072
24158,0.08489,172.31.47.0-255,66,336901,87,337072
24159,0.085052,172.31.47.0-255,105,337006,87,337072
24160,0.087309,74.125.24.0-255,66,337072,87,337072
24161,0.0,74.125.68.0-255,143,143,87,391572
24162,2.7e-05,172.31.47.0-255,66,209,87,391572
24163,5.7e-05,74.125.68.0-255,1484,1693,87,391572
24164,6.1e-05,172.31.47.0-255,66,1759,87,391572
24165,6.6e-05,74.125.68.0-255,2902,4661,87,391572
24166,6.8e-05,172.31.47.0-255,66,4727,87,391572
24167,0.000104,74.125.68.0-255,5738,10465,87,391572
24168,0.000106,172.31.47.0-255,66,10531,87,391572
24169,0.000109,74.125.68.0-255,1484,12015,87,391572
24170,0.00011,172.31.47.0-255,66,12081,87,391572
24171,0.000114,74.125.68.0-255,2167,14248,87,391572
24172,0.000116,172.31.47.0-255,66,14314,87,391572
24173,0.000227,74.125.68.0-255,1484,15798,87,391572
24174,0.000232,172.31.47.0-255,66,15864,87,391572
24175,0.000258,74.125.68.0-255,2902,18766,87,391572
24176,0.000262,172.31.47.0-255,66,18832,87,391572
24177,0.000289,74.125.68.0-255,4320,23152,87,391572
24178,0.000292,172.31.47.0-255,66,23218,87,391572
24179,0.000297,74.125.68.0-255,4320,27538,87,391572
24180,0.000299,172.31.47.0-255,66,27604,87,391572
24181,0.000337,74.125.68.0-255,5379,32983,87,391572
24182,0.000344,172.31.47.0-255,66,33049,87,391572
24183,0.000347,74.125.68.0-255,1484,34533,87,391572
24184,0.000348,172.31.47.0-255,66,34599,87,391572
24185,0.000375,74.125.68.0-255,2902,37501,87,391572
24186,0.000379,172.31.47.0-255,66,37567,87,391572
24187,0.000384,74.125.68.0-255,5738,43305,87,391572
24188,0.000386,172.31.47.0-255,66,43371,87,391572
24189,0.00039,74.125.68.0-255,2902,46273,87,391572
24190,0.000392,172.31.47.0-255,66,46339,87,391572
24191,0.000429,172.31.47.0-255,66,46405,87,391572
24192,0.000434,74.125.68.0-255,5738,52143,87,391572
24193,0.000438,172.31.47.0-255,66,52209,87,391572
24194,0.000454,74.125.68.0-255,2902,55111,87,391572
24195,0.000457,172.31.47.0-255,66,55177,87,391572
24196,0.000483,74.125.68.0-255,2509,57686,87,391572
24197,0.000486,172.31.47.0-255,66,57752,87,391572
24198,0.000695,74.125.68.0-255,352,58104,87,391572
24199,0.000711,172.31.47.0-255,66,58170,87,391572
24200,0.000872,74.125.68.0-255,1484,59654,87,391572
24201,0.000881,74.125.68.0-255,2902,62556,87,391572
24202,0.000885,172.31.47.0-255,66,62622,87,391572
24203,0.000914,74.125.68.0-255,5738,68360,87,391572
24204,0.000917,172.31.47.0-255,66,68426,87,391572
24205,0.00092,74.125.68.0-255,1484,69910,87,391572
24206,0.000924,74.125.68.0-255,2902,72812,87,391572
24207,0.000926,172.31.47.0-255,66,72878,87,391572
24208,0.000959,74.125.68.0-255,6797,79675,87,391572
24209,0.000962,172.31.47.0-255,66,79741,87,391572
24210,0.000967,74.125.68.0-255,2902,82643,87,391572
24211,0.000969,172.31.47.0-255,66,82709,87,391572
24212,0.000994,74.125.68.0-255,4320,87029,87,391572
24213,0.000997,172.31.47.0-255,66,87095,87,391572
24214,0.001016,74.125.68.0-255,2902,89997,87,391572
24215,0.001023,172.31.47.0-255,66,90063,87,391572
24216,0.001065,74.125.68.0-255,2543,92606,87,391572
24217,0.001069,172.31.47.0-255,66,92672,87,391572
24218,0.001379,74.125.68.0-255,1484,94156,87,391572
24219,0.001386,74.125.68.0-255,2902,97058,87,391572
24220,0.00139,172.31.47.0-255,66,97124,87,391572
24221,0.001397,74.125.68.0-255,5738,102862,87,391572
24222,0.001398,172.31.47.0-255,66,102928,87,391572
24223,0.001433,172.31.47.0-255,66,102994,87,391572
24224,0.001436,74.125.68.0-255,1484,104478,87,391572
24225,0.001471,172.31.47.0-255,66,104544,87,391572
24226,0.001477,74.125.68.0-255,5020,109564,87,391572
24227,0.001478,172.31.47.0-255,66,109630,87,391572
24228,0.001902,74.125.68.0-255,1484,111114,87,391572
24229,0.00191,74.125.68.0-255,1484,112598,87,391572
24230,0.001913,172.31.47.0-255,66,112664,87,391572
24231,0.001926,74.125.68.0-255,1484,114148,87,391572
24232,0.001933,74.125.68.0-255,1484,115632,87,391572
24233,0.001935,172.31.47.0-255,66,115698,87,391572
24234,0.001939,74.125.68.0-255,2902,118600,87,391572
24235,0.001941,172.31.47.0-255,66,118666,87,391572
24236,0.001944,74.125.68.0-255,1484,120150,87,391572
24237,0.001975,74.125.68.0-255,4320,124470,87,391572
24238,0.001977,172.31.47.0-255,66,124536,87,391572
24239,0.001983,74.125.68.0-255,5738,130274,87,391572
24240,0.001984,172.31.47.0-255,66,130340,87,391572
24241,0.002006,74.125.68.0-255,5738,136078,87,391572
24242,0.002012,172.31.47.0-255,66,136144,87,391572
24243,0.002057,172.31.47.0-255,66,136210,87,391572
24244,0.004153,74.125.68.0-255,5738,141948,87,391572
24245,0.004158,172.31.47.0-255,66,142014,87,391572
24246,0.006235,74.125.68.0-255,5738,147752,87,391572
24247,0.00624,172.31.47.0-255,66,147818,87,391572
24248,0.008317,74.125.68.0-255,5738,153556,87,391572
24249,0.008324,172.31.47.0-255,66,153622,87,391572
24250,0.010406,74.125.68.0-255,5738,159360,87,391572
24251,0.010413,172.31.47.0-255,66,159426,87,391572
24252,0.012496,74.125.68.0-255,5738,165164,87,391572
24253,0.012514,172.31.47.0-255,66,165230,87,391572
24254,0.014614,74.125.68.0-255,5738,170968,87,391572
24255,0.014631,172.31.47.0-255,66,171034,87,391572
24256,0.016723,74.125.68.0-255,5738,176772,87,391572
24257,0.016738,172.31.47.0-255,66,176838,87,391572
24258,0.018873,74.125.68.0-255,5738,182576,87,391572
24259,0.018889,172.31.47.0-255,66,182642,87,391572
24260,0.020649,172.31.47.0-255,172,182814,87,391572
24261,0.02068,172.31.47.0-255,1111,183925,87,391572
24262,0.020726,172.31.47.0-255,1514,185439,87,391572
24263,0.020728,172.31.47.0-255,1293,186732,87,391572
24264,0.020975,74.125.68.0-255,5738,192470,87,391572
24265,0.020983,172.31.47.0-255,66,192536,87,391572
24266,0.022198,104.244.42.0-255,66,192602,87,391572
24267,0.022238,104.244.42.0-255,66,192668,87,391572
24268,0.022286,104.244.42.0-255,66,192734,87,391572
24269,0.023051,74.125.68.0-255,5738,198472,87,391572
24270,0.023055,172.31.47.0-255,66,198538,87,391572
24271,0.02512,74.125.68.0-255,1484,200022,87,391572
24272,0.025149,74.125.68.0-255,4320,204342,87,391572
24273,0.025153,172.31.47.0-255,66,204408,87,391572
24274,0.027231,74.125.68.0-255,4320,208728,87,391572
24275,0.027235,172.31.47.0-255,66,208794,87,391572
24276,0.027264,74.125.68.0-255,1484,210278,87,391572
24277,0.029306,74.125.68.0-255,4320,214598,87,391572
24278,0.02931,172.31.47.0-255,66,214664,87,391572
24279,0.0314,74.125.68.0-255,5738,220402,87,391572
24280,0.031407,172.31.47.0-255,66,220468,87,391572
24281,0.033485,74.125.68.0-255,5738,226206,87,391572
24282,0.033491,172.31.47.0-255,66,226272,87,391572
24283,0.035571,74.125.68.0-255,5738,232010,87,391572
24284,0.035577,172.31.47.0-255,66,232076,87,391572
24285,0.037656,74.125.68.0-255,5738,237814,87,391572
24286,0.037661,172.31.47.0-255,66,237880,87,391572
24287,0.039736,74.125.68.0-255,5738,243618,87,391572
24288,0.039741,172.31.47.0-255,66,243684,87,391572
24289,0.041819,74.125.68.0-255,5738,249422,87,391572
24290,0.041823,172.31.47.0-255,66,249488,87,391572
24291,0.043905,74.125.68.0-255,5738,255226,87,391572
24292,0.043911,172.31.47.0-255,66,255292,87,391572
24293,0.045974,74.125.68.0-255,5738,261030,87,391572
24294,0.045979,172.31.47.0-255,66,261096,87,391572
24295,0.048044,74.125.68.0-255,1484,262580,87,391572
24296,0.04807,74.125.68.0-255,4320,266900,87,391572
24297,0.048074,172.31.47.0-255,66,266966,87,391572
24298,0.050134,74.125.68.0-255,2902,269868,87,391572
24299,0.050138,172.31.47.0-255,66,269934,87,391572
24300,0.050166,74.125.68.0-255,2902,272836,87,391572
24301,0.050169,172.31.47.0-255,66,272902,87,391572
24302,0.052204,74.125.68.0-255,2902,275804,87,391572
24303,0.052208,172.31.47.0-255,66,275870,87,391572
24304,0.052233,74.125.68.0-255,2902,278772,87,391572
24305,0.052236,172.31.47.0-255,66,278838,87,391572
24306,0.054279,74.125.68.0-255,2902,281740,87,391572
24307,0.054284,172.31.47.0-255,66,281806,87,391572
24308,0.054311,74.125.68.0-255,2902,284708,87,391572
24309,0.054314,172.31.47.0-255,66,284774,87,391572
24310,0.056363,74.125.68.0-255,2902,287676,87,391572
24311,0.056367,172.31.47.0-255,66,287742,87,391572
24312,0.056393,74.125.68.0-255,2902,290644,87,391572
24313,0.056395,172.31.47.0-255,66,290710,87,391572
24314,0.058437,74.125.68.0-255,2902,293612,87,391572
24315,0.058442,172.31.47.0-255,66,293678,87,391572
24316,0.058476,74.125.68.0-255,2902,296580,87,391572
24317,0.058479,172.31.47.0-255,66,296646,87,391572
24318,0.060512,74.125.68.0-255,2902,299548,87,391572
24319,0.060517,172.31.47.0-255,66,299614,87,391572
24320,0.060543,74.125.68.0-255,2902,302516,87,391572
24321,0.060546,172.31.47.0-255,66,302582,87,391572
24322,0.062583,74.125.68.0-255,2902,305484,87,391572
24323,0.062589,172.31.47.0-255,66,305550,87,391572
24324,0.062638,74.125.68.0-255,2902,308452,87,391572
24325,0.062643,172.31.47.0-255,66,308518,87,391572
24326,0.064681,74.125.68.0-255,2902,311420,87,391572
24327,0.064686,172.31.47.0-255,66,311486,87,391572
24328,0.064718,74.125.68.0-255,2902,314388,87,391572
24329,0.064721,172.31.47.0-255,66,314454,87,391572
24330,0.066776,74.125.68.0-255,2902,317356,87,391572
24331,0.06678,172.31.47.0-255,66,317422,87,391572
24332,0.066813,74.125.68.0-255,2902,320324,87,391572
24333,0.066816,172.31.47.0-255,66,320390,87,391572
24334,0.068849,74.125.68.0-255,2902,323292,87,391572
24335,0.068854,172.31.47.0-255,66,323358,87,391572
24336,0.068887,74.125.68.0-255,2902,326260,87,391572
24337,0.06889,172.31.47.0-255,66,326326,87,391572
24338,0.070923,74.125.68.0-255,2902,329228,87,391572
24339,0.070927,172.31.47.0-255,66,329294,87,391572
24340,0.070961,74.125.68.0-255,2902,332196,87,391572
24341,0.070964,172.31.47.0-255,66,332262,87,391572
24342,0.072986,74.125.68.0-255,1484,333746,87,391572
24343,0.073024,74.125.68.0-255,2902,336648,87,391572
24344,0.07303,172.31.47.0-255,66,336714,87,391572
24345,0.073057,74.125.68.0-255,1484,338198,87,391572
24346,0.075108,74.125.68.0-255,4320,342518,87,391572
24347,0.075112,172.31.47.0-255,66,342584,87,391572
24348,0.077182,74.125.68.0-255,4320,346904,87,391572
24349,0.077186,172.31.47.0-255,66,346970,87,391572
24350,0.077215,74.125.68.0-255,1484,348454,87,391572
24351,0.079259,74.125.68.0-255,4320,352774,87,391572
24352,0.079263,172.31.47.0-255,66,352840,87,391572
24353,0.081331,74.125.68.0-255,5738,358578,87,391572
24354,0.081336,172.31.47.0-255,66,358644,87,391572
24355,0.08341,74.125.68.0-255,1484,360128,87,391572
24356,0.083443,74.125.68.0-255,4320,364448,87,391572
24357,0.083447,172.31.47.0-255,66,364514,87,391572
24358,0.085511,74.125.68.0-255,5738,370252,87,391572
24359,0.085515,172.31.47.0-255,66,370318,87,391572
24360,0.087617,74.125.68.0-255,5738,376056,87,391572
24361,0.087624,172.31.47.0-255,66,376122,87,391572
24362,0.089693,74.125.68.0-255,5738,381860,87,391572
24363,0.089697,172.31.47.0-255,66,381926,87,391572
24364,0.091782,74.125.68.0-255,5738,387664,87,391572
24365,0.091787,172.31.47.0-255,66,387730,87,391572
24366,0.093864,74.125.68.0-255,3605,391335,87,391572
24367,0.093869,172.31.47.0-255,66,391401,87,391572
24368,0.094032,172.31.47.0-255,105,391506,87,391572
24369,0.096056,74.125.68.0-255,66,391572,87,391572
24370,0.0,74.125.24.0-255,153,153,87,199302
24371,3.4e-05,172.31.47.0-255,66,219,87,199302
24372,4.2e-05,74.125.24.0-255,1484,1703,87,199302
24373,4.6e-05,172.31.47.0-255,66,1769,87,199302
24374,5e-05,74.125.24.0-255,2902,4671,87,199302
24375,5.3e-05,172.31.47.0-255,66,4737,87,199302
24376,5.9e-05,74.125.24.0-255,5738,10475,87,199302
24377,6.2e-05,172.31.47.0-255,66,10541,87,199302
24378,0.000103,74.125.24.0-255,3482,14023,87,199302
24379,0.000105,172.31.47.0-255,66,14089,87,199302
24380,0.000111,74.125.24.0-255,4320,18409,87,199302
24381,0.000114,172.31.47.0-255,66,18475,87,199302
24382,0.00015,172.31.47.0-255,66,18541,87,199302
24383,0.000154,74.125.24.0-255,2543,21084,87,199302
24384,0.000156,172.31.47.0-255,66,21150,87,199302
24385,0.000199,172.31.47.0-255,66,21216,87,199302
24386,0.000204,74.125.24.0-255,2543,23759,87,199302
24387,0.000207,172.31.47.0-255,66,23825,87,199302
24388,0.000212,74.125.24.0-255,2902,26727,87,199302
24389,0.000214,172.31.47.0-255,66,26793,87,199302
24390,0.000244,74.125.24.0-255,7156,33949,87,199302
24391,0.000246,172.31.47.0-255,66,34015,87,199302
24392,0.000254,74.125.24.0-255,7131,41146,87,199302
24393,0.000256,172.31.47.0-255,66,41212,87,199302
24394,0.000273,74.125.24.0-255,374,41586,87,199302
24395,0.000276,172.31.47.0-255,66,41652,87,199302
24396,0.000475,74.125.24.0-255,1484,43136,87,199302
24397,0.000479,172.31.47.0-255,66,43202,87,199302
24398,0.000497,74.125.24.0-255,2902,46104,87,199302
24399,0.0005,172.31.47.0-255,66,46170,87,199302
24400,0.000505,74.125.24.0-255,2902,49072,87,199302
24401,0.000508,172.31.47.0-255,66,49138,87,199302
24402,0.000524,74.125.24.0-255,2902,52040,87,199302
24403,0.000527,74.125.24.0-255,1484,53524,87,199302
24404,0.000529,172.31.47.0-255,66,53590,87,199302
24405,0.000566,172.31.47.0-255,66,53656,87,199302
24406,0.00058,172.31.47.0-255,66,53722,87,199302
24407,0.000819,74.125.24.0-255,1484,55206,87,199302
24408,0.000836,74.125.24.0-255,2902,58108,87,199302
24409,0.000839,172.31.47.0-255,66,58174,87,199302
24410,0.000845,74.125.24.0-255,4320,62494,87,199302
24411,0.000848,172.31.47.0-255,66,62560,87,199302
24412,0.000872,74.125.24.0-255,1484,64044,87,199302
24413,0.000889,172.31.47.0-255,66,64110,87,199302
24414,0.000895,172.31.47.0-255,66,64176,87,199302
24415,0.000915,74.125.24.0-255,1484,65660,87,199302
24416,0.000937,74.125.24.0-255,2902,68562,87,199302
24417,0.00094,172.31.47.0-255,66,68628,87,199302
24418,0.000947,74.125.24.0-255,5738,74366,87,199302
24419,0.000949,172.31.47.0-255,66,74432,87,199302
24420,0.001008,172.31.47.0-255,66,74498,87,199302
24421,0.001019,172.31.47.0-255,66,74564,87,199302
24422,0.001021,74.125.24.0-255,766,75330,87,199302
24423,0.0011,74.125.24.0-255,1484,76814,87,199302
24424,0.001105,172.31.47.0-255,66,76880,87,199302
24425,0.001111,74.125.24.0-255,2902,79782,87,199302
24426,0.001113,172.31.47.0-255,66,79848,87,199302
24427,0.001142,74.125.24.0-255,5738,85586,87,199302
24428,0.001145,172.31.47.0-255,66,85652,87,199302
24429,0.001158,74.125.24.0-255,2902,88554,87,199302
24430,0.001161,172.31.47.0-255,66,88620,87,199302
24431,0.001182,172.31.47.0-255,66,88686,87,199302
24432,0.001194,172.31.47.0-255,66,88752,87,199302
24433,0.001213,74.125.24.0-255,5738,94490,87,199302
24434,0.001216,172.31.47.0-255,66,94556,87,199302
24435,0.00122,74.125.24.0-255,2902,97458,87,199302
24436,0.001223,172.31.47.0-255,66,97524,87,199302
24437,0.001242,74.125.24.0-255,4320,101844,87,199302
24438,0.001245,172.31.47.0-255,66,101910,87,199302
24439,0.001258,172.31.47.0-255,66,101976,87,199302
24440,0.00128,74.125.24.0-255,1484,103460,87,199302
24441,0.001288,74.125.24.0-255,6438,109898,87,199302
24442,0.001291,172.31.47.0-255,66,109964,87,199302
24443,0.001343,74.125.24.0-255,1484,111448,87,199302
24444,0.001348,74.125.24.0-255,2902,114350,87,199302
24445,0.001351,172.31.47.0-255,66,114416,87,199302
24446,0.001356,74.125.24.0-255,2902,117318,87,199302
24447,0.001359,172.31.47.0-255,66,117384,87,199302
24448,0.001372,74.125.24.0-255,2902,120286,87,199302
24449,0.001375,172.31.47.0-255,66,120352,87,199302
24450,0.001378,74.125.24.0-255,1484,121836,87,199302
24451,0.00142,172.31.47.0-255,66,121902,87,199302
24452,0.001432,172.31.47.0-255,66,121968,87,199302
24453,0.001464,172.31.47.0-255,66,122034,87,199302
24454,0.001469,74.125.24.0-255,4320,126354,87,199302
24455,0.001471,172.31.47.0-255,66,126420,87,199302
24456,0.001489,74.125.24.0-255,7156,133576,87,199302
24457,0.001492,172.31.47.0-255,66,133642,87,199302
24458,0.001517,74.125.24.0-255,5738,139380,87,199302
24459,0.00152,172.31.47.0-255,66,139446,87,199302
24460,0.001534,74.125.24.0-255,5020,144466,87,199302
24461,0.001536,172.31.47.0-255,66,144532,87,199302
24462,0.001567,74.125.24.0-255,4320,148852,87,199302
24463,0.001569,172.31.47.0-255,66,148918,87,199302
24464,0.001588,74.125.24.0-255,5738,154656,87,199302
24465,0.001592,172.31.47.0-255,66,154722,87,199302
24466,0.001602,172.31.47.0-255,66,154788,87,199302
24467,0.001669,172.31.47.0-255,66,154854,87,199302
24468,0.001691,74.125.24.0-255,2184,157038,87,199302
24469,0.001694,172.31.47.0-255,66,157104,87,199302
24470,0.001708,172.31.47.0-255,66,157170,87,199302
24471,0.001719,172.31.47.0-255,66,157236,87,199302
24472,0.001725,74.125.24.0-255,5020,162256,87,199302
24473,0.001728,172.31.47.0-255,66,162322,87,199302
24474,0.001733,74.125.24.0-255,5738,168060,87,199302
24475,0.001736,172.31.47.0-255,66,168126,87,199302
24476,0.001758,74.125.24.0-255,5738,173864,87,199302
24477,0.001761,172.31.47.0-255,66,173930,87,199302
24478,0.001781,74.125.24.0-255,7156,181086,87,199302
24479,0.001785,172.31.47.0-255,66,181152,87,199302
24480,0.001795,172.31.47.0-255,66,181218,87,199302
24481,0.001818,74.125.24.0-255,4320,185538,87,199302
24482,0.001821,172.31.47.0-255,66,185604,87,199302
24483,0.001849,74.125.24.0-255,4320,189924,87,199302
24484,0.001852,172.31.47.0-255,66,189990,87,199302
24485,0.001876,74.125.24.0-255,4335,194325,87,199302
24486,0.001879,172.31.47.0-255,66,194391,87,199302
24487,0.001881,74.125.24.0-255,97,194488,87,199302
24488,0.0019,74.125.24.0-255,105,194593,87,199302
24489,0.009672,172.31.47.0-255,66,194659,87,199302
24490,0.0097,172.31.47.0-255,105,194764,87,199302
24491,0.010682,74.125.24.0-255,105,194869,87,199302
24492,0.010693,172.31.47.0-255,78,194947,87,199302
24493,0.011608,74.125.24.0-255,66,195013,87,199302
24494,0.027757,172.31.47.0-255,172,195185,87,199302
24495,0.02779,172.31.47.0-255,1107,196292,87,199302
24496,0.027833,172.31.47.0-255,1514,197806,87,199302
24497,0.027836,172.31.47.0-255,1298,199104,87,199302
24498,0.029234,104.244.42.0-255,66,199170,87,199302
24499,0.029267,104.244.42.0-255,66,199236,87,199302
24500,0.029325,104.244.42.0-255,66,199302,87,199302
24501,0.0,172.217.194.0-255,146,146,87,340448
24502,3.1e-05,172.31.47.0-255,66,212,87,340448
24503,3.8e-05,172.217.194.0-255,1484,1696,87,340448
24504,4.2e-05,172.31.47.0-255,66,1762,87,340448
24505,4.7e-05,172.217.194.0-255,2902,4664,87,340448
24506,5e-05,172.31.47.0-255,66,4730,87,340448
24507,5.3e-05,172.217.194.0-255,2902,7632,87,340448
24508,5.6e-05,172.31.47.0-255,66,7698,87,340448
24509,7.5e-05,172.217.194.0-255,1484,9182,87,340448
24510,7.8e-05,172.31.47.0-255,66,9248,87,340448
24511,0.000105,172.217.194.0-255,6307,15555,87,340448
24512,0.000107,172.31.47.0-255,66,15621,87,340448
24513,0.000178,172.217.194.0-255,2902,18523,87,340448
24514,0.000182,172.31.47.0-255,66,18589,87,340448
24515,0.00021,172.31.47.0-255,66,18655,87,340448
24516,0.000311,172.217.194.0-255,3961,22616,87,340448
24517,0.000316,172.31.47.0-255,66,22682,87,340448
24518,0.00035,172.217.194.0-255,5738,28420,87,340448
24519,0.000357,172.31.47.0-255,66,28486,87,340448
24520,0.000386,172.31.47.0-255,66,28552,87,340448
24521,0.000569,172.217.194.0-255,1484,30036,87,340448
24522,0.000573,172.31.47.0-255,66,30102,87,340448
24523,0.000606,172.31.47.0-255,66,30168,87,340448
24524,0.000898,172.217.194.0-255,645,30813,87,340448
24525,0.000903,172.31.47.0-255,66,30879,87,340448
24526,0.001624,172.217.194.0-255,1484,32363,87,340448
24527,0.00163,172.31.47.0-255,66,32429,87,340448
24528,0.001637,172.217.194.0-255,2902,35331,87,340448
24529,0.001639,172.31.47.0-255,66,35397,87,340448
24530,0.001653,172.217.194.0-255,4320,39717,87,340448
24531,0.001664,172.217.194.0-255,1484,41201,87,340448
24532,0.001722,172.217.194.0-255,4320,45521,87,340448
24533,0.001741,172.217.194.0-255,7156,52677,87,340448
24534,0.001858,172.217.194.0-255,4320,56997,87,340448
24535,0.001996,172.217.194.0-255,1484,58481,87,340448
24536,0.00202,172.217.194.0-255,2902,61383,87,340448
24537,0.002046,172.217.194.0-255,1484,62867,87,340448
24538,0.00206,172.217.194.0-255,4320,67187,87,340448
24539,0.002125,172.217.194.0-255,2902,70089,87,340448
24540,0.002266,172.217.194.0-255,2902,72991,87,340448
24541,0.002284,172.217.194.0-255,4320,77311,87,340448
24542,0.002352,172.217.194.0-255,3602,80913,87,340448
24543,0.006456,172.31.47.0-255,66,80979,87,340448
24544,0.00856,172.217.194.0-255,5738,86717,87,340448
24545,0.008566,172.31.47.0-255,66,86783,87,340448
24546,0.010629,172.217.194.0-255,5738,92521,87,340448
24547,0.010636,172.31.47.0-255,66,92587,87,340448
24548,0.012744,172.217.194.0-255,5738,98325,87,340448
24549,0.014678,172.31.47.0-255,66,98391,87,340448
24550,0.016793,172.217.194.0-255,5738,104129,87,340448
24551,0.016803,172.31.47.0-255,66,104195,87,340448
24552,0.018897,172.217.194.0-255,5738,109933,87,340448
24553,0.018904,172.31.47.0-255,66,109999,87,340448
24554,0.020993,172.217.194.0-255,2902,112901,87,340448
24555,0.021,172.31.47.0-255,66,112967,87,340448
24556,0.02102,172.217.194.0-255,2902,115869,87,340448
24557,0.021103,172.31.47.0-255,66,115935,87,340448
24558,0.023096,172.217.194.0-255,2902,118837,87,340448
24559,0.023101,172.31.47.0-255,66,118903,87,340448
24560,0.023173,172.217.194.0-255,2902,121805,87,340448
24561,0.023181,172.31.47.0-255,66,121871,87,340448
24562,0.025208,172.217.194.0-255,2902,124773,87,340448
24563,0.025216,172.31.47.0-255,66,124839,87,340448
24564,0.025278,172.217.194.0-255,2902,127741,87,340448
24565,0.025398,172.31.47.0-255,66,127807,87,340448
24566,0.025813,172.31.47.0-255,171,127978,87,340448
24567,0.025858,172.31.47.0-255,1136,129114,87,340448
24568,0.025931,172.31.47.0-255,1514,130628,87,340448
24569,0.025933,172.31.47.0-255,1268,131896,87,340448
24570,0.027289,172.217.194.0-255,2902,134798,87,340448
24571,0.027295,172.31.47.0-255,66,134864,87,340448
24572,0.027357,104.244.42.0-255,66,134930,87,340448
24573,0.027404,104.244.42.0-255,66,134996,87,340448
24574,0.027478,172.217.194.0-255,1484,136480,87,340448
24575,0.02749,172.217.194.0-255,1484,137964,87,340448
24576,0.027494,172.31.47.0-255,66,138030,87,340448
24577,0.027531,104.244.42.0-255,66,138096,87,340448
24578,0.029367,172.217.194.0-255,1484,139580,87,340448
24579,0.029393,172.217.194.0-255,1484,141064,87,340448
24580,0.029397,172.31.47.0-255,66,141130,87,340448
24581,0.029629,172.217.194.0-255,2902,144032,87,340448
24582,0.029634,172.31.47.0-255,66,144098,87,340448
24583,0.031447,172.217.194.0-255,1484,145582,87,340448
24584,0.031476,172.217.194.0-255,1484,147066,87,340448
24585,0.03148,172.31.47.0-255,66,147132,87,340448
24586,0.031712,172.217.194.0-255,2902,150034,87,340448
24587,0.031717,172.31.47.0-255,66,150100,87,340448
24588,0.033567,172.217.194.0-255,1484,151584,87,340448
24589,0.0336,172.217.194.0-255,1484,153068,87,340448
24590,0.033605,172.31.47.0-255,66,153134,87,340448
24591,0.03384,172.217.194.0-255,2902,156036,87,340448
24592,0.033846,172.31.47.0-255,66,156102,87,340448
24593,0.035765,172.217.194.0-255,2902,159004,87,340448
24594,0.03577,172.31.47.0-255,66,159070,87,340448
24595,0.035894,172.217.194.0-255,2902,161972,87,340448
24596,0.035899,172.31.47.0-255,66,162038,87,340448
24597,0.037831,172.217.194.0-255,2902,164940,87,340448
24598,0.037836,172.31.47.0-255,66,165006,87,340448
24599,0.038019,172.217.194.0-255,2902,167908,87,340448
24600,0.038026,172.31.47.0-255,66,167974,87,340448
24601,0.039903,172.217.194.0-255,2902,170876,87,340448
24602,0.039907,172.31.47.0-255,66,170942,87,340448
24603,0.040128,172.217.194.0-255,2902,173844,87,340448
24604,0.040133,172.31.47.0-255,66,173910,87,340448
24605,0.042006,172.217.194.0-255,2902,176812,87,340448
24606,0.042011,172.31.47.0-255,66,176878,87,340448
24607,0.042227,172.217.194.0-255,2902,179780,87,340448
24608,0.042232,172.31.47.0-255,66,179846,87,340448
24609,0.044114,172.217.194.0-255,2902,182748,87,340448
24610,0.04412,172.31.47.0-255,66,182814,87,340448
24611,0.044279,172.217.194.0-255,2902,185716,87,340448
24612,0.044285,172.31.47.0-255,66,185782,87,340448
24613,0.046225,172.217.194.0-255,2902,188684,87,340448
24614,0.04623,172.31.47.0-255,66,188750,87,340448
24615,0.04639,172.217.194.0-255,2902,191652,87,340448
24616,0.046395,172.31.47.0-255,66,191718,87,340448
24617,0.048333,172.217.194.0-255,2902,194620,87,340448
24618,0.048337,172.31.47.0-255,66,194686,87,340448
24619,0.048503,172.217.194.0-255,2902,197588,87,340448
24620,0.048508,172.31.47.0-255,66,197654,87,340448
24621,0.050469,172.217.194.0-255,1484,199138,87,340448
24622,0.050484,172.217.194.0-255,1484,200622,87,340448
24623,0.050488,172.31.47.0-255,66,200688,87,340448
24624,0.050649,172.217.194.0-255,2902,203590,87,340448
24625,0.050855,172.31.47.0-255,66,203656,87,340448
24626,0.052584,172.217.194.0-255,2902,206558,87,340448
24627,0.052589,172.31.47.0-255,66,206624,87,340448
24628,0.052971,172.217.194.0-255,2902,209526,87,340448
24629,0.052976,172.31.47.0-255,66,209592,87,340448
24630,0.054673,172.217.194.0-255,2902,212494,87,340448
24631,0.054679,172.31.47.0-255,66,212560,87,340448
24632,0.055088,172.217.194.0-255,2902,215462,87,340448
24633,0.055093,172.31.47.0-255,66,215528,87,340448
24634,0.056732,172.217.194.0-255,1484,217012,87,340448
24635,0.056755,172.217.194.0-255,1484,218496,87,340448
24636,0.05676,172.31.47.0-255,66,218562,87,340448
24637,0.057201,172.217.194.0-255,2902,221464,87,340448
24638,0.057205,172.31.47.0-255,66,221530,87,340448
24639,0.058859,172.217.194.0-255,2902,224432,87,340448
24640,0.058864,172.31.47.0-255,66,224498,87,340448
24641,0.059271,172.217.194.0-255,2902,227400,87,340448
24642,0.059275,172.31.47.0-255,66,227466,87,340448
24643,0.060914,172.217.194.0-255,2902,230368,87,340448
24644,0.060919,172.31.47.0-255,66,230434,87,340448
24645,0.06138,172.217.194.0-255,2902,233336,87,340448
24646,0.061384,172.31.47.0-255,66,233402,87,340448
24647,0.06301,172.217.194.0-255,2902,236304,87,340448
24648,0.063015,172.31.47.0-255,66,236370,87,340448
24649,0.063477,172.217.194.0-255,2902,239272,87,340448
24650,0.063483,172.31.47.0-255,66,239338,87,340448
24651,0.065137,172.217.194.0-255,2902,242240,87,340448
24652,0.065143,172.31.47.0-255,66,242306,87,340448
24653,0.065521,172.217.194.0-255,2902,245208,87,340448
24654,0.065527,172.31.47.0-255,66,245274,87,340448
24655,0.067277,172.217.194.0-255,2902,248176,87,340448
24656,0.067282,172.31.47.0-255,66,248242,87,340448
24657,0.067604,172.217.194.0-255,2902,251144,87,340448
24658,0.067608,172.31.47.0-255,66,251210,87,340448
24659,0.069336,172.217.194.0-255,2902,254112,87,340448
24660,0.06934,172.31.47.0-255,66,254178,87,340448
24661,0.06973,172.217.194.0-255,2902,257080,87,340448
24662,0.069735,172.31.47.0-255,66,257146,87,340448
24663,0.071437,172.217.194.0-255,2902,260048,87,340448
24664,0.071442,172.31.47.0-255,66,260114,87,340448
24665,0.071862,172.217.194.0-255,2902,263016,87,340448
24666,0.071866,172.31.47.0-255,66,263082,87,340448
24667,0.073557,172.217.194.0-255,2902,265984,87,340448
24668,0.073561,172.31.47.0-255,66,266050,87,340448
24669,0.073917,172.217.194.0-255,2902,268952,87,340448
24670,0.073921,172.31.47.0-255,66,269018,87,340448
24671,0.075683,172.217.194.0-255,2902,271920,87,340448
24672,0.075689,172.31.47.0-255,66,271986,87,340448
24673,0.075993,172.217.194.0-255,2902,274888,87,340448
24674,0.075998,172.31.47.0-255,66,274954,87,340448
24675,0.077835,172.217.194.0-255,2902,277856,87,340448
24676,0.07784,172.31.47.0-255,66,277922,87,340448
24677,0.07807,172.217.194.0-255,2902,280824,87,340448
24678,0.078076,172.31.47.0-255,66,280890,87,340448
24679,0.079981,172.217.194.0-255,2902,283792,87,340448
24680,0.079986,172.31.47.0-255,66,283858,87,340448
24681,0.080151,172.217.194.0-255,2902,286760,87,340448
24682,0.080156,172.31.47.0-255,66,286826,87,340448
24683,0.082132,172.217.194.0-255,2902,289728,87,340448
24684,0.082138,172.31.47.0-255,66,289794,87,340448
24685,0.082202,172.217.194.0-255,2902,292696,87,340448
24686,0.082213,172.31.47.0-255,66,292762,87,340448
24687,0.084253,172.217.194.0-255,2902,295664,87,340448
24688,0.084258,172.31.47.0-255,66,295730,87,340448
24689,0.084365,172.217.194.0-255,1484,297214,87,340448
24690,0.084379,172.217.194.0-255,1484,298698,87,340448
24691,0.084383,172.31.47.0-255,66,298764,87,340448
24692,0.086341,172.217.194.0-255,2902,301666,87,340448
24693,0.086345,172.31.47.0-255,66,301732,87,340448
24694,0.086501,172.217.194.0-255,2902,304634,87,340448
24695,0.086506,172.31.47.0-255,66,304700,87,340448
24696,0.088419,172.217.194.0-255,2902,307602,87,340448
24697,0.088425,172.31.47.0-255,66,307668,87,340448
24698,0.088575,172.217.194.0-255,2902,310570,87,340448
24699,0.088581,172.31.47.0-255,66,310636,87,340448
24700,0.090538,172.217.194.0-255,2902,313538,87,340448
24701,0.090543,172.31.47.0-255,66,313604,87,340448
24702,0.090647,172.217.194.0-255,2902,316506,87,340448
24703,0.090652,172.31.47.0-255,66,316572,87,340448
24704,0.092652,172.217.194.0-255,2902,319474,87,340448
24705,0.092657,172.31.47.0-255,66,319540,87,340448
24706,0.092702,172.217.194.0-255,1484,321024,87,340448
24707,0.092718,172.217.194.0-255,1484,322508,87,340448
24708,0.09273,172.31.47.0-255,66,322574,87,340448
24709,0.094771,172.217.194.0-255,2902,325476,87,340448
24710,0.094777,172.31.47.0-255,66,325542,87,340448
24711,0.094888,172.217.194.0-255,1484,327026,87,340448
24712,0.094901,172.217.194.0-255,1484,328510,87,340448
24713,0.094905,172.31.47.0-255,66,328576,87,340448
24714,0.096862,172.217.194.0-255,2902,331478,87,340448
24715,0.096868,172.31.47.0-255,66,331544,87,340448
24716,0.097001,172.217.194.0-255,2902,334446,87,340448
24717,0.097006,172.31.47.0-255,66,334512,87,340448
24718,0.098959,172.217.194.0-255,2902,337414,87,340448
24719,0.098964,172.31.47.0-255,66,337480,87,340448
24720,0.099104,172.217.194.0-255,2902,340382,87,340448
24721,0.099109,172.31.47.0-255,66,340448,87,340448
24722,0.0,74.125.68.0-255,156,156,87,389688
24723,3e-05,172.31.47.0-255,66,222,87,389688
24724,3.6e-05,74.125.68.0-255,1484,1706,87,389688
24725,4e-05,172.31.47.0-255,66,1772,87,389688
24726,4.4e-05,74.125.68.0-255,2902,4674,87,389688
24727,4.7e-05,172.31.47.0-255,66,4740,87,389688
24728,7.4e-05,74.125.68.0-255,7156,11896,87,389688
24729,7.7e-05,172.31.47.0-255,66,11962,87,389688
24730,0.000107,172.31.47.0-255,66,12028,87,389688
24731,0.000117,172.31.47.0-255,66,12094,87,389688
24732,0.000155,74.125.68.0-255,2543,14637,87,389688
24733,0.000158,172.31.47.0-255,66,14703,87,389688
24734,0.000267,74.125.68.0-255,1484,16187,87,389688
24735,0.000271,172.31.47.0-255,66,16253,87,389688
24736,0.000276,74.125.68.0-255,2902,19155,87,389688
24737,0.000279,172.31.47.0-255,66,19221,87,389688
24738,0.000303,74.125.68.0-255,2902,22123,87,389688
24739,0.000307,172.31.47.0-255,66,22189,87,389688
24740,0.000356,74.125.68.0-255,2902,25091,87,389688
24741,0.000359,172.31.47.0-255,66,25157,87,389688
24742,0.000374,74.125.68.0-255,1484,26641,87,389688
24743,0.000378,172.31.47.0-255,66,26707,87,389688
24744,0.000384,74.125.68.0-255,5379,32086,87,389688
24745,0.000387,172.31.47.0-255,66,32152,87,389688
24746,0.000408,74.125.68.0-255,1484,33636,87,389688
24747,0.000411,172.31.47.0-255,66,33702,87,389688
24748,0.000432,74.125.68.0-255,7156,40858,87,389688
24749,0.000434,172.31.47.0-255,66,40924,87,389688
24750,0.000475,172.31.47.0-255,66,40990,87,389688
24751,0.000493,74.125.68.0-255,110,41100,87,389688
24752,0.000538,74.125.68.0-255,1484,42584,87,389688
24753,0.000541,172.31.47.0-255,66,42650,87,389688
24754,0.000559,74.125.68.0-255,2902,45552,87,389688
24755,0.000562,172.31.47.0-255,66,45618,87,389688
24756,0.000568,74.125.68.0-255,4320,49938,87,389688
24757,0.00057,172.31.47.0-255,66,50004,87,389688
24758,0.000612,172.31.47.0-255,66,50070,87,389688
24759,0.000618,74.125.68.0-255,5738,55808,87,389688
24760,0.000623,172.31.47.0-255,66,55874,87,389688
24761,0.000635,74.125.68.0-255,5738,61612,87,389688
24762,0.000637,172.31.47.0-255,66,61678,87,389688
24763,0.000649,74.125.68.0-255,1484,63162,87,389688
24764,0.000673,74.125.68.0-255,3602,66764,87,389688
24765,0.000676,172.31.47.0-255,66,66830,87,389688
24766,0.000679,74.125.68.0-255,332,67162,87,389688
24767,0.001399,74.125.68.0-255,1484,68646,87,389688
24768,0.001405,172.31.47.0-255,66,68712,87,389688
24769,0.001411,74.125.68.0-255,2902,71614,87,389688
24770,0.001413,172.31.47.0-255,66,71680,87,389688
24771,0.001425,74.125.68.0-255,1484,73164,87,389688
24772,0.001441,74.125.68.0-255,2902,76066,87,389688
24773,0.001443,172.31.47.0-255,66,76132,87,389688
24774,0.001459,74.125.68.0-255,1484,77616,87,389688
24775,0.001477,74.125.68.0-255,4320,81936,87,389688
24776,0.001479,172.31.47.0-255,66,82002,87,389688
24777,0.001483,74.125.68.0-255,2902,84904,87,389688
24778,0.001485,172.31.47.0-255,66,84970,87,389688
24779,0.001487,74.125.68.0-255,1484,86454,87,389688
24780,0.001499,74.125.68.0-255,2902,89356,87,389688
24781,0.001501,172.31.47.0-255,66,89422,87,389688
24782,0.001537,74.125.68.0-255,5738,95160,87,389688
24783,0.001539,172.31.47.0-255,66,95226,87,389688
24784,0.001548,74.125.68.0-255,1484,96710,87,389688
24785,0.001562,74.125.68.0-255,5020,101730,87,389688
24786,0.001564,172.31.47.0-255,66,101796,87,389688
24787,0.003495,74.125.68.0-255,2902,104698,87,389688
24788,0.003497,172.31.47.0-255,66,104764,87,389688
24789,0.003513,74.125.68.0-255,2902,107666,87,389688
24790,0.003515,172.31.47.0-255,66,107732,87,389688
24791,0.005441,74.125.68.0-255,4320,112052,87,389688
24792,0.005445,172.31.47.0-255,66,112118,87,389688
24793,0.005463,74.125.68.0-255,1484,113602,87,389688
24794,0.00741,74.125.68.0-255,4320,117922,87,389688
24795,0.007415,172.31.47.0-255,66,117988,87,389688
24796,0.009366,74.125.68.0-255,5738,123726,87,389688
24797,0.009373,172.31.47.0-255,66,123792,87,389688
24798,0.011325,74.125.68.0-255,5738,129530,87,389688
24799,0.011331,172.31.47.0-255,66,129596,87,389688
24800,0.013279,74.125.68.0-255,5738,135334,87,389688
24801,0.013286,172.31.47.0-255,66,135400,87,389688
24802,0.015238,74.125.68.0-255,5738,141138,87,389688
24803,0.015245,172.31.47.0-255,66,141204,87,389688
24804,0.017192,74.125.68.0-255,5738,146942,87,389688
24805,0.017199,172.31.47.0-255,66,147008,87,389688
24806,0.019146,74.125.68.0-255,5738,152746,87,389688
24807,0.019153,172.31.47.0-255,66,152812,87,389688
24808,0.020804,172.31.47.0-255,167,152979,87,389688
24809,0.020862,172.31.47.0-255,1111,154090,87,389688
24810,0.020937,172.31.47.0-255,1514,155604,87,389688
24811,0.02094,172.31.47.0-255,1295,156899,87,389688
24812,0.021097,74.125.68.0-255,5738,162637,87,389688
24813,0.021102,172.31.47.0-255,66,162703,87,389688
24814,0.022292,104.244.42.0-255,66,162769,87,389688
24815,0.02234,104.244.42.0-255,66,162835,87,389688
24816,0.022449,104.244.42.0-255,66,162901,87,389688
24817,0.023033,74.125.68.0-255,1484,164385,87,389688
24818,0.023062,74.125.68.0-255,4320,168705,87,389688
24819,0.023068,172.31.47.0-255,66,168771,87,389688
24820,0.02501,74.125.68.0-255,1484,170255,87,389688
24821,0.025036,74.125.68.0-255,4320,174575,87,389688
24822,0.02504,172.31.47.0-255,66,174641,87,389688
24823,0.026979,74.125.68.0-255,5738,180379,87,389688
24824,0.026984,172.31.47.0-255,66,180445,87,389688
24825,0.028925,74.125.68.0-255,4320,184765,87,389688
24826,0.02893,172.31.47.0-255,66,184831,87,389688
24827,0.028977,74.125.68.0-255,1484,186315,87,389688
24828,0.030867,74.125.68.0-255,4320,190635,87,389688
24829,0.030872,172.31.47.0-255,66,190701,87,389688
24830,0.032822,74.125.68.0-255,5738,196439,87,389688
24831,0.032827,172.31.47.0-255,66,196505,87,389688
24832,0.034779,74.125.68.0-255,5738,202243,87,389688
24833,0.034783,172.31.47.0-255,66,202309,87,389688
24834,0.036746,74.125.68.0-255,5738,208047,87,389688
24835,0.03675,172.31.47.0-255,66,208113,87,389688
24836,0.038692,74.125.68.0-255,5738,213851,87,389688
24837,0.038697,172.31.47.0-255,66,213917,87,389688
24838,0.040656,74.125.68.0-255,5738,219655,87,389688
24839,0.040662,172.31.47.0-255,66,219721,87,389688
24840,0.042609,74.125.68.0-255,5738,225459,87,389688
24841,0.042616,172.31.47.0-255,66,225525,87,389688
24842,0.044579,74.125.68.0-255,4320,229845,87,389688
24843,0.044584,172.31.47.0-255,66,229911,87,389688
24844,0.044615,74.125.68.0-255,1484,231395,87,389688
24845,0.046525,74.125.68.0-255,2902,234297,87,389688
24846,0.04653,172.31.47.0-255,66,234363,87,389688
24847,0.048476,74.125.68.0-255,5738,240101,87,389688
24848,0.048481,172.31.47.0-255,66,240167,87,389688
24849,0.050428,74.125.68.0-255,5738,245905,87,389688
24850,0.050433,172.31.47.0-255,66,245971,87,389688
24851,0.052376,74.125.68.0-255,5738,251709,87,389688
24852,0.05238,172.31.47.0-255,66,251775,87,389688
24853,0.054316,74.125.68.0-255,2902,254677,87,389688
24854,0.054321,172.31.47.0-255,66,254743,87,389688
24855,0.05435,74.125.68.0-255,2902,257645,87,389688
24856,0.054352,172.31.47.0-255,66,257711,87,389688
24857,0.056263,74.125.68.0-255,2902,260613,87,389688
24858,0.056268,172.31.47.0-255,66,260679,87,389688
24859,0.056295,74.125.68.0-255,2902,263581,87,389688
24860,0.056298,172.31.47.0-255,66,263647,87,389688
24861,0.058206,74.125.68.0-255,2902,266549,87,389688
24862,0.05821,172.31.47.0-255,66,266615,87,389688
24863,0.058239,74.125.68.0-255,2902,269517,87,389688
24864,0.058242,172.31.47.0-255,66,269583,87,389688
24865,0.060149,74.125.68.0-255,2902,272485,87,389688
24866,0.060154,172.31.47.0-255,66,272551,87,389688
24867,0.060188,74.125.68.0-255,2902,275453,87,389688
24868,0.060191,172.31.47.0-255,66,275519,87,389688
24869,0.062098,74.125.68.0-255,1484,277003,87,389688
24870,0.062123,74.125.68.0-255,4320,281323,87,389688
24871,0.062127,172.31.47.0-255,66,281389,87,389688
24872,0.064073,74.125.68.0-255,5738,287127,87,389688
24873,0.064077,172.31.47.0-255,66,287193,87,389688
24874,0.066015,74.125.68.0-255,5738,292931,87,389688
24875,0.06602,172.31.47.0-255,66,292997,87,389688
24876,0.06795,74.125.68.0-255,5738,298735,87,389688
24877,0.067955,172.31.47.0-255,66,298801,87,389688
24878,0.069901,74.125.68.0-255,5738,304539,87,389688
24879,0.069907,172.31.47.0-255,66,304605,87,389688
24880,0.071851,74.125.68.0-255,5738,310343,87,389688
24881,0.071856,172.31.47.0-255,66,310409,87,389688
24882,0.073796,74.125.68.0-255,2902,313311,87,389688
24883,0.073801,172.31.47.0-255,66,313377,87,389688
24884,0.073831,74.125.68.0-255,2902,316279,87,389688
24885,0.073834,172.31.47.0-255,66,316345,87,389688
24886,0.07575,74.125.68.0-255,2902,319247,87,389688
24887,0.075756,172.31.47.0-255,66,319313,87,389688
24888,0.075776,74.125.68.0-255,2902,322215,87,389688
24889,0.075779,172.31.47.0-255,66,322281,87,389688
24890,0.077707,74.125.68.0-255,4320,326601,87,389688
24891,0.077711,172.31.47.0-255,66,326667,87,389688
24892,0.077737,74.125.68.0-255,1484,328151,87,389688
24893,0.079661,74.125.68.0-255,4320,332471,87,389688
24894,0.079666,172.31.47.0-255,66,332537,87,389688
24895,0.081621,74.125.68.0-255,4320,336857,87,389688
24896,0.081626,172.31.47.0-255,66,336923,87,389688
24897,0.081651,74.125.68.0-255,1484,338407,87,389688
24898,0.083567,74.125.68.0-255,4320,342727,87,389688
24899,0.083571,172.31.47.0-255,66,342793,87,389688
24900,0.085524,74.125.68.0-255,2902,345695,87,389688
24901,0.085528,172.31.47.0-255,66,345761,87,389688
24902,0.085552,74.125.68.0-255,2902,348663,87,389688
24903,0.085555,172.31.47.0-255,66,348729,87,389688
24904,0.087468,74.125.68.0-255,2902,351631,87,389688
24905,0.087472,172.31.47.0-255,66,351697,87,389688
24906,0.087498,74.125.68.0-255,2902,354599,87,389688
24907,0.087501,172.31.47.0-255,66,354665,87,389688
24908,0.089415,74.125.68.0-255,2902,357567,87,389688
24909,0.08942,172.31.47.0-255,66,357633,87,389688
24910,0.089535,74.125.68.0-255,2902,360535,87,389688
24911,0.089538,172.31.47.0-255,66,360601,87,389688
24912,0.091366,74.125.68.0-255,2902,363503,87,389688
24913,0.091371,172.31.47.0-255,66,363569,87,389688
24914,0.091473,74.125.68.0-255,2902,366471,87,389688
24915,0.091478,172.31.47.0-255,66,366537,87,389688
24916,0.09331,74.125.68.0-255,2902,369439,87,389688
24917,0.093315,172.31.47.0-255,66,369505,87,389688
24918,0.093411,74.125.68.0-255,2902,372407,87,389688
24919,0.093415,172.31.47.0-255,66,372473,87,389688
24920,0.095261,74.125.68.0-255,2902,375375,87,389688
24921,0.095265,172.31.47.0-255,66,375441,87,389688
24922,0.095348,74.125.68.0-255,2902,378343,87,389688
24923,0.095352,172.31.47.0-255,66,378409,87,389688
24924,0.097209,74.125.68.0-255,2902,381311,87,389688
24925,0.097214,172.31.47.0-255,66,381377,87,389688
24926,0.097279,74.125.68.0-255,2902,384279,87,389688
24927,0.097284,172.31.47.0-255,66,384345,87,389688
24928,0.099153,74.125.68.0-255,2902,387247,87,389688
24929,0.099158,172.31.47.0-255,66,387313,87,389688
24930,0.099224,74.125.68.0-255,2204,389517,87,389688
24931,0.099229,172.31.47.0-255,66,389583,87,389688
24932,0.09936,172.31.47.0-255,105,389688,87,389688
24933,0.0,74.125.24.0-255,153,153,87,306885
24934,2.8e-05,172.31.47.0-255,66,219,87,306885
24935,3.4e-05,74.125.24.0-255,1484,1703,87,306885
24936,3.8e-05,172.31.47.0-255,66,1769,87,306885
24937,6.7e-05,74.125.24.0-255,2902,4671,87,306885
24938,7e-05,172.31.47.0-255,66,4737,87,306885
24939,7.5e-05,74.125.24.0-255,5738,10475,87,306885
24940,7.8e-05,172.31.47.0-255,66,10541,87,306885
24941,0.0001,74.125.24.0-255,3480,14021,87,306885
24942,0.000102,172.31.47.0-255,66,14087,87,306885
24943,0.000152,74.125.24.0-255,1484,15571,87,306885
24944,0.000157,172.31.47.0-255,66,15637,87,306885
24945,0.000169,74.125.24.0-255,2902,18539,87,306885
24946,0.000176,172.31.47.0-255,66,18605,87,306885
24947,0.000182,74.125.24.0-255,5738,24343,87,306885
24948,0.000184,172.31.47.0-255,66,24409,87,306885
24949,0.000213,74.125.24.0-255,4320,28729,87,306885
24950,0.000215,172.31.47.0-255,66,28795,87,306885
24951,0.000245,74.125.24.0-255,2543,31338,87,306885
24952,0.000248,172.31.47.0-255,66,31404,87,306885
24953,0.000335,74.125.24.0-255,1484,32888,87,306885
24954,0.000338,172.31.47.0-255,66,32954,87,306885
24955,0.000359,74.125.24.0-255,1484,34438,87,306885
24956,0.000363,172.31.47.0-255,66,34504,87,306885
24957,0.000388,74.125.24.0-255,1484,35988,87,306885
24958,0.000391,172.31.47.0-255,66,36054,87,306885
24959,0.000397,74.125.24.0-255,5738,41792,87,306885
24960,0.000399,172.31.47.0-255,66,41858,87,306885
24961,0.000415,172.31.47.0-255,66,41924,87,306885
24962,0.000443,74.125.24.0-255,1125,43049,87,306885
24963,0.00045,172.31.47.0-255,66,43115,87,306885
24964,0.000461,172.31.47.0-255,66,43181,87,306885
24965,0.000564,74.125.24.0-255,113,43294,87,306885
24966,0.000692,74.125.24.0-255,1484,44778,87,306885
24967,0.000696,172.31.47.0-255,66,44844,87,306885
24968,0.000716,74.125.24.0-255,2902,47746,87,306885
24969,0.000719,172.31.47.0-255,66,47812,87,306885
24970,0.000747,74.125.24.0-255,5738,53550,87,306885
24971,0.00075,172.31.47.0-255,66,53616,87,306885
24972,0.000753,74.125.24.0-255,1484,55100,87,306885
24973,0.000788,172.31.47.0-255,66,55166,87,306885
24974,0.000798,172.31.47.0-255,66,55232,87,306885
24975,0.001161,74.125.24.0-255,1484,56716,87,306885
24976,0.001171,74.125.24.0-255,2902,59618,87,306885
24977,0.001174,172.31.47.0-255,66,59684,87,306885
24978,0.001202,74.125.24.0-255,5738,65422,87,306885
24979,0.001205,172.31.47.0-255,66,65488,87,306885
24980,0.00121,74.125.24.0-255,4320,69808,87,306885
24981,0.001212,172.31.47.0-255,66,69874,87,306885
24982,0.001253,172.31.47.0-255,66,69940,87,306885
24983,0.001264,172.31.47.0-255,66,70006,87,306885
24984,0.001492,74.125.24.0-255,1484,71490,87,306885
24985,0.001499,74.125.24.0-255,1484,72974,87,306885
24986,0.001503,172.31.47.0-255,66,73040,87,306885
24987,0.001535,74.125.24.0-255,1484,74524,87,306885
24988,0.001543,74.125.24.0-255,5738,80262,87,306885
24989,0.001547,172.31.47.0-255,66,80328,87,306885
24990,0.001555,74.125.24.0-255,5738,86066,87,306885
24991,0.001557,172.31.47.0-255,66,86132,87,306885
24992,0.001577,172.31.47.0-255,66,86198,87,306885
24993,0.001582,74.125.24.0-255,4320,90518,87,306885
24994,0.001585,172.31.47.0-255,66,90584,87,306885
24995,0.001612,74.125.24.0-255,766,91350,87,306885
24996,0.001811,74.125.24.0-255,1484,92834,87,306885
24997,0.001815,172.31.47.0-255,66,92900,87,306885
24998,0.00184,74.125.24.0-255,2902,95802,87,306885
24999,0.001843,172.31.47.0-255,66,95868,87,306885
25000,0.001848,74.125.24.0-255,2902,98770,87,306885
25001,0.00185,172.31.47.0-255,66,98836,87,306885
25002,0.001879,74.125.24.0-255,2902,101738,87,306885
25003,0.001881,172.31.47.0-255,66,101804,87,306885
25004,0.001885,74.125.24.0-255,2902,104706,87,306885
25005,0.001888,172.31.47.0-255,66,104772,87,306885
25006,0.001915,172.31.47.0-255,66,104838,87,306885
25007,0.00192,74.125.24.0-255,5738,110576,87,306885
25008,0.001923,172.31.47.0-255,66,110642,87,306885
25009,0.00196,74.125.24.0-255,5020,115662,87,306885
25010,0.001963,172.31.47.0-255,66,115728,87,306885
25011,0.001978,172.31.47.0-255,66,115794,87,306885
25012,0.002015,74.125.24.0-255,7156,122950,87,306885
25013,0.002017,172.31.47.0-255,66,123016,87,306885
25014,0.002035,172.31.47.0-255,66,123082,87,306885
25015,0.004105,74.125.24.0-255,4320,127402,87,306885
25016,0.004111,172.31.47.0-255,66,127468,87,306885
25017,0.00414,74.125.24.0-255,1484,128952,87,306885
25018,0.006117,74.125.24.0-255,4320,133272,87,306885
25019,0.006121,172.31.47.0-255,66,133338,87,306885
25020,0.008183,74.125.24.0-255,1484,134822,87,306885
25021,0.00821,74.125.24.0-255,4320,139142,87,306885
25022,0.008214,172.31.47.0-255,66,139208,87,306885
25023,0.010255,74.125.24.0-255,5738,144946,87,306885
25024,0.010264,172.31.47.0-255,66,145012,87,306885
25025,0.012306,74.125.24.0-255,2902,147914,87,306885
25026,0.012315,172.31.47.0-255,66,147980,87,306885
25027,0.012348,74.125.24.0-255,2902,150882,87,306885
25028,0.012352,172.31.47.0-255,66,150948,87,306885
25029,0.014386,74.125.24.0-255,5738,156686,87,306885
25030,0.014396,172.31.47.0-255,66,156752,87,306885
25031,0.016402,74.125.24.0-255,5738,162490,87,306885
25032,0.016409,172.31.47.0-255,66,162556,87,306885
25033,0.01851,74.125.24.0-255,5738,168294,87,306885
25034,0.018516,172.31.47.0-255,66,168360,87,306885
25035,0.020522,74.125.24.0-255,5738,174098,87,306885
25036,0.020529,172.31.47.0-255,66,174164,87,306885
25037,0.022594,74.125.24.0-255,5738,179902,87,306885
25038,0.0226,172.31.47.0-255,66,179968,87,306885
25039,0.023664,172.31.47.0-255,172,180140,87,306885
25040,0.023694,172.31.47.0-255,1107,181247,87,306885
25041,0.023732,172.31.47.0-255,1514,182761,87,306885
25042,0.023752,172.31.47.0-255,1297,184058,87,306885
25043,0.02463,74.125.24.0-255,5738,189796,87,306885
25044,0.024637,172.31.47.0-255,66,189862,87,306885
25045,0.025168,104.244.42.0-255,66,189928,87,306885
25046,0.025367,104.244.42.0-255,66,189994,87,306885
25047,0.025369,104.244.42.0-255,66,190060,87,306885
25048,0.026684,74.125.24.0-255,5738,195798,87,306885
25049,0.026689,172.31.47.0-255,66,195864,87,306885
25050,0.028796,74.125.24.0-255,4320,200184,87,306885
25051,0.0288,172.31.47.0-255,66,200250,87,306885
25052,0.02883,74.125.24.0-255,1484,201734,87,306885
25053,0.030856,74.125.24.0-255,4320,206054,87,306885
25054,0.030861,172.31.47.0-255,66,206120,87,306885
25055,0.03292,74.125.24.0-255,5738,211858,87,306885
25056,0.032926,172.31.47.0-255,66,211924,87,306885
25057,0.03499,74.125.24.0-255,4320,216244,87,306885
25058,0.034995,172.31.47.0-255,66,216310,87,306885
25059,0.035025,74.125.24.0-255,1484,217794,87,306885
25060,0.036995,74.125.24.0-255,4320,222114,87,306885
25061,0.037002,172.31.47.0-255,66,222180,87,306885
25062,0.039087,74.125.24.0-255,5738,227918,87,306885
25063,0.039096,172.31.47.0-255,66,227984,87,306885
25064,0.041111,74.125.24.0-255,5738,233722,87,306885
25065,0.041116,172.31.47.0-255,66,233788,87,306885
25066,0.043101,74.125.24.0-255,5738,239526,87,306885
25067,0.043106,172.31.47.0-255,66,239592,87,306885
25068,0.045181,74.125.24.0-255,5738,245330,87,306885
25069,0.045186,172.31.47.0-255,66,245396,87,306885
25070,0.047223,74.125.24.0-255,5738,251134,87,306885
25071,0.047228,172.31.47.0-255,66,251200,87,306885
25072,0.049244,74.125.24.0-255,5738,256938,87,306885
25073,0.049249,172.31.47.0-255,66,257004,87,306885
25074,0.051262,74.125.24.0-255,4320,261324,87,306885
25075,0.051267,172.31.47.0-255,66,261390,87,306885
25076,0.0513,74.125.24.0-255,1484,262874,87,306885
25077,0.053353,74.125.24.0-255,4320,267194,87,306885
25078,0.053359,172.31.47.0-255,66,267260,87,306885
25079,0.055377,74.125.24.0-255,2902,270162,87,306885
25080,0.055381,172.31.47.0-255,66,270228,87,306885
25081,0.055415,74.125.24.0-255,2902,273130,87,306885
25082,0.055418,172.31.47.0-255,66,273196,87,306885
25083,0.057377,74.125.24.0-255,2902,276098,87,306885
25084,0.057382,172.31.47.0-255,66,276164,87,306885
25085,0.057439,74.125.24.0-255,2902,279066,87,306885
25086,0.057442,172.31.47.0-255,66,279132,87,306885
25087,0.059408,74.125.24.0-255,2902,282034,87,306885
25088,0.059413,172.31.47.0-255,66,282100,87,306885
25089,0.059456,74.125.24.0-255,2902,285002,87,306885
25090,0.059459,172.31.47.0-255,66,285068,87,306885
25091,0.061474,74.125.24.0-255,5738,290806,87,306885
25092,0.061478,172.31.47.0-255,66,290872,87,306885
25093,0.063509,74.125.24.0-255,5738,296610,87,306885
25094,0.063514,172.31.47.0-255,66,296676,87,306885
25095,0.065518,74.125.24.0-255,5738,302414,87,306885
25096,0.065522,172.31.47.0-255,66,302480,87,306885
25097,0.067602,74.125.24.0-255,4168,306648,87,306885
25098,0.067606,172.31.47.0-255,66,306714,87,306885
25099,0.067768,172.31.47.0-255,105,306819,87,306885
25100,0.069802,74.125.24.0-255,66,306885,87,306885
25101,0.0,172.31.47.0-255,66,66,87,66
25102,0.0,74.125.130.0-255,153,153,87,314639
25103,1.4e-05,172.31.47.0-255,66,219,87,314639
25104,2.1e-05,74.125.130.0-255,1484,1703,87,314639
25105,2.5e-05,172.31.47.0-255,66,1769,87,314639
25106,3.2e-05,74.125.130.0-255,2902,4671,87,314639
25107,3.4e-05,172.31.47.0-255,66,4737,87,314639
25108,6.8e-05,74.125.130.0-255,5738,10475,87,314639
25109,7.1e-05,172.31.47.0-255,66,10541,87,314639
25110,7.4e-05,74.125.130.0-255,1484,12025,87,314639
25111,7.6e-05,172.31.47.0-255,66,12091,87,314639
25112,8e-05,74.125.130.0-255,2065,14156,87,314639
25113,8.2e-05,172.31.47.0-255,66,14222,87,314639
25114,0.000103,74.125.130.0-255,5738,19960,87,314639
25115,0.000106,172.31.47.0-255,66,20026,87,314639
25116,0.000149,74.125.130.0-255,4320,24346,87,314639
25117,0.000151,172.31.47.0-255,66,24412,87,314639
25118,0.000156,74.125.130.0-255,5738,30150,87,314639
25119,0.000158,172.31.47.0-255,66,30216,87,314639
25120,0.000161,74.125.130.0-255,1125,31341,87,314639
25121,0.000162,172.31.47.0-255,66,31407,87,314639
25122,0.000405,74.125.130.0-255,1484,32891,87,314639
25123,0.00041,172.31.47.0-255,66,32957,87,314639
25124,0.000414,74.125.130.0-255,1484,34441,87,314639
25125,0.000415,172.31.47.0-255,66,34507,87,314639
25126,0.000419,74.125.130.0-255,2902,37409,87,314639
25127,0.000421,172.31.47.0-255,66,37475,87,314639
25128,0.000458,74.125.130.0-255,5738,43213,87,314639
25129,0.000462,172.31.47.0-255,66,43279,87,314639
25130,0.000468,74.125.130.0-255,5738,49017,87,314639
25131,0.00047,172.31.47.0-255,66,49083,87,314639
25132,0.000477,74.125.130.0-255,7156,56239,87,314639
25133,0.000479,172.31.47.0-255,66,56305,87,314639
25134,0.000485,74.125.130.0-255,5738,62043,87,314639
25135,0.000488,172.31.47.0-255,66,62109,87,314639
25136,0.000511,74.125.130.0-255,1484,63593,87,314639
25137,0.000528,74.125.130.0-255,2184,65777,87,314639
25138,0.000531,172.31.47.0-255,66,65843,87,314639
25139,0.003286,74.125.130.0-255,377,66220,87,314639
25140,0.003313,74.125.130.0-255,98,66318,87,314639
25141,0.004128,74.125.130.0-255,1484,67802,87,314639
25142,0.004134,172.31.47.0-255,66,67868,87,314639
25143,0.004138,74.125.130.0-255,1484,69352,87,314639
25144,0.006343,74.125.130.0-255,4320,73672,87,314639
25145,0.00635,172.31.47.0-255,66,73738,87,314639
25146,0.008561,74.125.130.0-255,5738,79476,87,314639
25147,0.00857,172.31.47.0-255,66,79542,87,314639
25148,0.010788,74.125.130.0-255,4320,83862,87,314639
25149,0.010797,172.31.47.0-255,66,83928,87,314639
25150,0.010818,74.125.130.0-255,1484,85412,87,314639
25151,0.013014,74.125.130.0-255,4320,89732,87,314639
25152,0.013024,172.31.47.0-255,66,89798,87,314639
25153,0.015238,74.125.130.0-255,5738,95536,87,314639
25154,0.015249,172.31.47.0-255,66,95602,87,314639
25155,0.017474,74.125.130.0-255,5738,101340,87,314639
25156,0.017486,172.31.47.0-255,66,101406,87,314639
25157,0.01971,74.125.130.0-255,5738,107144,87,314639
25158,0.019724,172.31.47.0-255,66,107210,87,314639
25159,0.021938,74.125.130.0-255,5738,112948,87,314639
25160,0.02195,172.31.47.0-255,66,113014,87,314639
25161,0.024166,74.125.130.0-255,5738,118752,87,314639
25162,0.024177,172.31.47.0-255,66,118818,87,314639
25163,0.02641,74.125.130.0-255,5738,124556,87,314639
25164,0.026428,172.31.47.0-255,66,124622,87,314639
25165,0.02834,172.31.47.0-255,172,124794,87,314639
25166,0.028375,172.31.47.0-255,1107,125901,87,314639
25167,0.028443,172.31.47.0-255,1514,127415,87,314639
25168,0.028445,172.31.47.0-255,1298,128713,87,314639
25169,0.028628,74.125.130.0-255,5738,134451,87,314639
25170,0.028637,172.31.47.0-255,66,134517,87,314639
25171,0.02988,104.244.42.0-255,66,134583,87,314639
25172,0.0299,104.244.42.0-255,66,134649,87,314639
25173,0.030031,104.244.42.0-255,66,134715,87,314639
25174,0.030864,74.125.130.0-255,5738,140453,87,314639
25175,0.030875,172.31.47.0-255,66,140519,87,314639
25176,0.033102,74.125.130.0-255,5738,146257,87,314639
25177,0.033114,172.31.47.0-255,66,146323,87,314639
25178,0.035353,74.125.130.0-255,5738,152061,87,314639
25179,0.035369,172.31.47.0-255,66,152127,87,314639
25180,0.037636,74.125.130.0-255,5738,157865,87,314639
25181,0.037653,172.31.47.0-255,66,157931,87,314639
25182,0.039913,74.125.130.0-255,5738,163669,87,314639
25183,0.03993,172.31.47.0-255,66,163735,87,314639
25184,0.04217,74.125.130.0-255,5738,169473,87,314639
25185,0.042187,172.31.47.0-255,66,169539,87,314639
25186,0.044417,74.125.130.0-255,5738,175277,87,314639
25187,0.044429,172.31.47.0-255,66,175343,87,314639
25188,0.046661,74.125.130.0-255,5738,181081,87,314639
25189,0.046675,172.31.47.0-255,66,181147,87,314639
25190,0.048911,74.125.130.0-255,5738,186885,87,314639
25191,0.048932,172.31.47.0-255,66,186951,87,314639
25192,0.051177,74.125.130.0-255,5738,192689,87,314639
25193,0.051198,172.31.47.0-255,66,192755,87,314639
25194,0.053427,74.125.130.0-255,5738,198493,87,314639
25195,0.053445,172.31.47.0-255,66,198559,87,314639
25196,0.055719,74.125.130.0-255,5738,204297,87,314639
25197,0.055733,172.31.47.0-255,66,204363,87,314639
25198,0.057964,74.125.130.0-255,5738,210101,87,314639
25199,0.057978,172.31.47.0-255,66,210167,87,314639
25200,0.06021,74.125.130.0-255,5738,215905,87,314639
25201,0.060229,172.31.47.0-255,66,215971,87,314639
25202,0.062467,74.125.130.0-255,5738,221709,87,314639
25203,0.062485,172.31.47.0-255,66,221775,87,314639
25204,0.064733,74.125.130.0-255,5738,227513,87,314639
25205,0.064749,172.31.47.0-255,66,227579,87,314639
25206,0.066981,74.125.130.0-255,5738,233317,87,314639
25207,0.066998,172.31.47.0-255,66,233383,87,314639
25208,0.069232,74.125.130.0-255,5738,239121,87,314639
25209,0.069247,172.31.47.0-255,66,239187,87,314639
25210,0.071485,74.125.130.0-255,5738,244925,87,314639
25211,0.071505,172.31.47.0-255,66,244991,87,314639
25212,0.073737,74.125.130.0-255,5738,250729,87,314639
25213,0.073756,172.31.47.0-255,66,250795,87,314639
25214,0.075992,74.125.130.0-255,5738,256533,87,314639
25215,0.076011,172.31.47.0-255,66,256599,87,314639
25216,0.078246,74.125.130.0-255,5738,262337,87,314639
25217,0.078263,172.31.47.0-255,66,262403,87,314639
25218,0.080487,74.125.130.0-255,5738,268141,87,314639
25219,0.080503,172.31.47.0-255,66,268207,87,314639
25220,0.08273,74.125.130.0-255,5738,273945,87,314639
25221,0.082746,172.31.47.0-255,66,274011,87,314639
25222,0.08498,74.125.130.0-255,5738,279749,87,314639
25223,0.085002,172.31.47.0-255,66,279815,87,314639
25224,0.087234,74.125.130.0-255,5738,285553,87,314639
25225,0.08725,172.31.47.0-255,66,285619,87,314639
25226,0.089483,74.125.130.0-255,5738,291357,87,314639
25227,0.089498,172.31.47.0-255,66,291423,87,314639
25228,0.091724,74.125.130.0-255,5738,297161,87,314639
25229,0.091743,172.31.47.0-255,66,297227,87,314639
25230,0.093983,74.125.130.0-255,5738,302965,87,314639
25231,0.093996,172.31.47.0-255,66,303031,87,314639
25232,0.096247,74.125.130.0-255,5738,308769,87,314639
25233,0.096267,172.31.47.0-255,66,308835,87,314639
25234,0.098505,74.125.130.0-255,5738,314573,87,314639
25235,0.098524,172.31.47.0-255,66,314639,87,314639
25236,0.0,172.217.194.0-255,154,154,87,287174
25237,2.6e-05,172.31.47.0-255,66,220,87,287174
25238,3.1e-05,172.217.194.0-255,1484,1704,87,287174
25239,3.5e-05,172.31.47.0-255,66,1770,87,287174
25240,3.9e-05,172.217.194.0-255,2902,4672,87,287174
25241,4.2e-05,172.31.47.0-255,66,4738,87,287174
25242,5.6e-05,172.217.194.0-255,7156,11894,87,287174
25243,5.9e-05,172.31.47.0-255,66,11960,87,287174
25244,0.000109,172.217.194.0-255,5738,17698,87,287174
25245,0.000112,172.31.47.0-255,66,17764,87,287174
25246,0.000137,172.217.194.0-255,1968,19732,87,287174
25247,0.00014,172.31.47.0-255,66,19798,87,287174
25248,0.000156,172.31.47.0-255,66,19864,87,287174
25249,0.00019,172.217.194.0-255,1484,21348,87,287174
25250,0.000193,172.31.47.0-255,66,21414,87,287174
25251,0.000196,172.217.194.0-255,1484,22898,87,287174
25252,0.000198,172.31.47.0-255,66,22964,87,287174
25253,0.000215,172.217.194.0-255,1484,24448,87,287174
25254,0.000217,172.31.47.0-255,66,24514,87,287174
25255,0.000244,172.217.194.0-255,5738,30252,87,287174
25256,0.000248,172.31.47.0-255,66,30318,87,287174
25257,0.000251,172.217.194.0-255,2902,33220,87,287174
25258,0.000253,172.31.47.0-255,66,33286,87,287174
25259,0.000278,172.217.194.0-255,3961,37247,87,287174
25260,0.000281,172.31.47.0-255,66,37313,87,287174
25261,0.000284,172.217.194.0-255,1484,38797,87,287174
25262,0.000286,172.31.47.0-255,66,38863,87,287174
25263,0.00031,172.217.194.0-255,2902,41765,87,287174
25264,0.000312,172.31.47.0-255,66,41831,87,287174
25265,0.000323,172.31.47.0-255,66,41897,87,287174
25266,0.000326,172.217.194.0-255,2543,44440,87,287174
25267,0.000333,172.31.47.0-255,66,44506,87,287174
25268,0.000387,172.217.194.0-255,376,44882,87,287174
25269,0.000449,172.217.194.0-255,367,45249,87,287174
25270,0.000697,172.31.47.0-255,66,45315,87,287174
25271,0.000736,172.217.194.0-255,1484,46799,87,287174
25272,0.000748,172.217.194.0-255,2902,49701,87,287174
25273,0.00075,172.31.47.0-255,66,49767,87,287174
25274,0.000753,172.217.194.0-255,1484,51251,87,287174
25275,0.000784,172.217.194.0-255,4320,55571,87,287174
25276,0.000788,172.31.47.0-255,66,55637,87,287174
25277,0.000805,172.31.47.0-255,66,55703,87,287174
25278,0.000825,172.217.194.0-255,1484,57187,87,287174
25279,0.000858,172.31.47.0-255,66,57253,87,287174
25280,0.001226,172.217.194.0-255,1484,58737,87,287174
25281,0.001246,172.217.194.0-255,2902,61639,87,287174
25282,0.00125,172.31.47.0-255,66,61705,87,287174
25283,0.001256,172.217.194.0-255,5738,67443,87,287174
25284,0.001258,172.31.47.0-255,66,67509,87,287174
25285,0.001298,172.31.47.0-255,66,67575,87,287174
25286,0.001315,172.31.47.0-255,66,67641,87,287174
25287,0.001364,172.217.194.0-255,1484,69125,87,287174
25288,0.001384,172.217.194.0-255,2902,72027,87,287174
25289,0.001387,172.31.47.0-255,66,72093,87,287174
25290,0.001393,172.217.194.0-255,4320,76413,87,287174
25291,0.001396,172.31.47.0-255,66,76479,87,287174
25292,0.001427,172.31.47.0-255,66,76545,87,287174
25293,0.001505,172.31.47.0-255,66,76611,87,287174
25294,0.001508,172.217.194.0-255,1484,78095,87,287174
25295,0.001545,172.217.194.0-255,2902,80997,87,287174
25296,0.001548,172.31.47.0-255,66,81063,87,287174
25297,0.001554,172.217.194.0-255,5738,86801,87,287174
25298,0.001556,172.31.47.0-255,66,86867,87,287174
25299,0.001563,172.217.194.0-255,7156,94023,87,287174
25300,0.001565,172.31.47.0-255,66,94089,87,287174
25301,0.001582,172.217.194.0-255,5738,99827,87,287174
25302,0.001585,172.31.47.0-255,66,99893,87,287174
25303,0.001593,172.217.194.0-255,1484,101377,87,287174
25304,0.001629,172.31.47.0-255,66,101443,87,287174
25305,0.001975,172.217.194.0-255,1484,102927,87,287174
25306,0.001993,172.217.194.0-255,2902,105829,87,287174
25307,0.001998,172.31.47.0-255,66,105895,87,287174
25308,0.002014,172.217.194.0-255,2902,108797,87,287174
25309,0.002017,172.31.47.0-255,66,108863,87,287174
25310,0.002047,172.217.194.0-255,2902,111765,87,287174
25311,0.00205,172.31.47.0-255,66,111831,87,287174
25312,0.002051,172.217.194.0-255,4320,116151,87,287174
25313,0.002053,172.217.194.0-255,1484,117635,87,287174
25314,0.002053,172.31.47.0-255,66,117701,87,287174
25315,0.002081,172.217.194.0-255,4320,122021,87,287174
25316,0.002084,172.31.47.0-255,66,122087,87,287174
25317,0.002095,172.31.47.0-255,66,122153,87,287174
25318,0.002104,172.217.194.0-255,2184,124337,87,287174
25319,0.002106,172.31.47.0-255,66,124403,87,287174
25320,0.002172,172.217.194.0-255,1484,125887,87,287174
25321,0.002187,172.217.194.0-255,2902,128789,87,287174
25322,0.00219,172.31.47.0-255,66,128855,87,287174
25323,0.002211,172.217.194.0-255,5738,134593,87,287174
25324,0.002214,172.31.47.0-255,66,134659,87,287174
25325,0.002256,172.31.47.0-255,66,134725,87,287174
25326,0.002293,172.217.194.0-255,4320,139045,87,287174
25327,0.002296,172.31.47.0-255,66,139111,87,287174
25328,0.002306,172.31.47.0-255,66,139177,87,287174
25329,0.00233,172.217.194.0-255,5738,144915,87,287174
25330,0.002333,172.31.47.0-255,66,144981,87,287174
25331,0.002352,172.217.194.0-255,5738,150719,87,287174
25332,0.002355,172.31.47.0-255,66,150785,87,287174
25333,0.002358,172.217.194.0-255,1484,152269,87,287174
25334,0.002382,172.217.194.0-255,2902,155171,87,287174
25335,0.002385,172.31.47.0-255,66,155237,87,287174
25336,0.004601,172.217.194.0-255,5738,160975,87,287174
25337,0.004608,172.31.47.0-255,66,161041,87,287174
25338,0.006882,172.217.194.0-255,4320,165361,87,287174
25339,0.006887,172.31.47.0-255,66,165427,87,287174
25340,0.006911,172.217.194.0-255,1484,166911,87,287174
25341,0.009174,172.217.194.0-255,4320,171231,87,287174
25342,0.00918,172.31.47.0-255,66,171297,87,287174
25343,0.011417,172.217.194.0-255,5738,177035,87,287174
25344,0.011423,172.31.47.0-255,66,177101,87,287174
25345,0.01368,172.217.194.0-255,5738,182839,87,287174
25346,0.013691,172.31.47.0-255,66,182905,87,287174
25347,0.015934,172.217.194.0-255,5738,188643,87,287174
25348,0.015942,172.31.47.0-255,66,188709,87,287174
25349,0.018191,172.217.194.0-255,2902,191611,87,287174
25350,0.018197,172.31.47.0-255,66,191677,87,287174
25351,0.018235,172.217.194.0-255,2902,194579,87,287174
25352,0.018241,172.31.47.0-255,66,194645,87,287174
25353,0.020419,172.217.194.0-255,2902,197547,87,287174
25354,0.020425,172.31.47.0-255,66,197613,87,287174
25355,0.020516,172.217.194.0-255,2902,200515,87,287174
25356,0.02052,172.31.47.0-255,66,200581,87,287174
25357,0.022701,172.217.194.0-255,2902,203483,87,287174
25358,0.022708,172.31.47.0-255,66,203549,87,287174
25359,0.02279,172.217.194.0-255,2902,206451,87,287174
25360,0.022794,172.31.47.0-255,66,206517,87,287174
25361,0.024987,172.217.194.0-255,2902,209419,87,287174
25362,0.024993,172.31.47.0-255,66,209485,87,287174
25363,0.02504,172.217.194.0-255,2902,212387,87,287174
25364,0.025044,172.31.47.0-255,66,212453,87,287174
25365,0.025566,172.31.47.0-255,172,212625,87,287174
25366,0.025598,172.31.47.0-255,1112,213737,87,287174
25367,0.025663,172.31.47.0-255,1514,215251,87,287174
25368,0.025665,172.31.47.0-255,1292,216543,87,287174
25369,0.027116,104.244.42.0-255,66,216609,87,287174
25370,0.027137,104.244.42.0-255,66,216675,87,287174
25371,0.027186,104.244.42.0-255,66,216741,87,287174
25372,0.027279,172.217.194.0-255,5738,222479,87,287174
25373,0.027282,172.31.47.0-255,66,222545,87,287174
25374,0.029555,172.217.194.0-255,5738,228283,87,287174
25375,0.02956,172.31.47.0-255,66,228349,87,287174
25376,0.031816,172.217.194.0-255,4320,232669,87,287174
25377,0.031821,172.31.47.0-255,66,232735,87,287174
25378,0.03185,172.217.194.0-255,1484,234219,87,287174
25379,0.034095,172.217.194.0-255,4320,238539,87,287174
25380,0.034101,172.31.47.0-255,66,238605,87,287174
25381,0.03634,172.217.194.0-255,5738,244343,87,287174
25382,0.036344,172.31.47.0-255,66,244409,87,287174
25383,0.038597,172.217.194.0-255,2902,247311,87,287174
25384,0.038602,172.31.47.0-255,66,247377,87,287174
25385,0.038634,172.217.194.0-255,2902,250279,87,287174
25386,0.038636,172.31.47.0-255,66,250345,87,287174
25387,0.040846,172.217.194.0-255,2902,253247,87,287174
25388,0.04085,172.31.47.0-255,66,253313,87,287174
25389,0.040909,172.217.194.0-255,2902,256215,87,287174
25390,0.040912,172.31.47.0-255,66,256281,87,287174
25391,0.04309,172.217.194.0-255,2902,259183,87,287174
25392,0.043096,172.31.47.0-255,66,259249,87,287174
25393,0.043153,172.217.194.0-255,1484,260733,87,287174
25394,0.043166,172.217.194.0-255,1484,262217,87,287174
25395,0.043169,172.31.47.0-255,66,262283,87,287174
25396,0.045328,172.217.194.0-255,2902,265185,87,287174
25397,0.045334,172.31.47.0-255,66,265251,87,287174
25398,0.045377,172.217.194.0-255,2902,268153,87,287174
25399,0.04538,172.31.47.0-255,66,268219,87,287174
25400,0.047559,172.217.194.0-255,2902,271121,87,287174
25401,0.047564,172.31.47.0-255,66,271187,87,287174
25402,0.047628,172.217.194.0-255,2902,274089,87,287174
25403,0.047632,172.31.47.0-255,66,274155,87,287174
25404,0.049832,172.217.194.0-255,2902,277057,87,287174
25405,0.049837,172.31.47.0-255,66,277123,87,287174
25406,0.049868,172.217.194.0-255,2902,280025,87,287174
25407,0.049871,172.31.47.0-255,66,280091,87,287174
25408,0.05214,172.217.194.0-255,5738,285829,87,287174
25409,0.052144,172.31.47.0-255,66,285895,87,287174
25410,0.054376,172.217.194.0-255,1042,286937,87,287174
25411,0.054532,172.31.47.0-255,66,287003,87,287174
25412,0.05456,172.31.47.0-255,105,287108,87,287174
25413,0.056776,172.217.194.0-255,66,287174,87,287174
25414,0.0,172.31.47.0-255,66,66,87,66
25415,0.0,74.125.24.0-255,143,143,87,313851
25416,1.9e-05,172.31.47.0-255,66,209,87,313851
25417,2.6e-05,74.125.24.0-255,1484,1693,87,313851
25418,2.9e-05,172.31.47.0-255,66,1759,87,313851
25419,3.5e-05,74.125.24.0-255,2902,4661,87,313851
25420,3.7e-05,172.31.47.0-255,66,4727,87,313851
25421,5.1e-05,74.125.24.0-255,7156,11883,87,313851
25422,5.5e-05,172.31.47.0-255,66,11949,87,313851
25423,8.8e-05,172.31.47.0-255,66,12015,87,313851
25424,0.000126,74.125.24.0-255,7156,19171,87,313851
25425,0.000129,172.31.47.0-255,66,19237,87,313851
25426,0.000157,74.125.24.0-255,1125,20362,87,313851
25427,0.000159,172.31.47.0-255,66,20428,87,313851
25428,0.00017,172.31.47.0-255,66,20494,87,313851
25429,0.000179,74.125.24.0-255,5379,25873,87,313851
25430,0.000181,172.31.47.0-255,66,25939,87,313851
25431,0.000789,74.125.24.0-255,1484,27423,87,313851
25432,0.000796,172.31.47.0-255,66,27489,87,313851
25433,0.000802,74.125.24.0-255,2902,30391,87,313851
25434,0.000805,172.31.47.0-255,66,30457,87,313851
25435,0.00081,74.125.24.0-255,4320,34777,87,313851
25436,0.000821,172.31.47.0-255,66,34843,87,313851
25437,0.000854,74.125.24.0-255,1484,36327,87,313851
25438,0.000858,172.31.47.0-255,66,36393,87,313851
25439,0.000866,74.125.24.0-255,6797,43190,87,313851
25440,0.000875,172.31.47.0-255,66,43256,87,313851
25441,0.000879,74.125.24.0-255,646,43902,87,313851
25442,0.000881,172.31.47.0-255,66,43968,87,313851
25443,0.001035,74.125.24.0-255,1484,45452,87,313851
25444,0.001041,172.31.47.0-255,66,45518,87,313851
25445,0.001047,74.125.24.0-255,2902,48420,87,313851
25446,0.001049,172.31.47.0-255,66,48486,87,313851
25447,0.001068,74.125.24.0-255,2902,51388,87,313851
25448,0.001071,172.31.47.0-255,66,51454,87,313851
25449,0.001096,74.125.24.0-255,2902,54356,87,313851
25450,0.001099,172.31.47.0-255,66,54422,87,313851
25451,0.001104,74.125.24.0-255,2902,57324,87,313851
25452,0.001105,172.31.47.0-255,66,57390,87,313851
25453,0.001137,74.125.24.0-255,3961,61351,87,313851
25454,0.00114,172.31.47.0-255,66,61417,87,313851
25455,0.001144,74.125.24.0-255,2902,64319,87,313851
25456,0.001147,172.31.47.0-255,66,64385,87,313851
25457,0.001193,172.31.47.0-255,66,64451,87,313851
25458,0.001197,74.125.24.0-255,2543,66994,87,313851
25459,0.001199,172.31.47.0-255,66,67060,87,313851
25460,0.003468,74.125.24.0-255,4320,71380,87,313851
25461,0.003473,172.31.47.0-255,66,71446,87,313851
25462,0.003497,74.125.24.0-255,1484,72930,87,313851
25463,0.005774,74.125.24.0-255,4320,77250,87,313851
25464,0.005779,172.31.47.0-255,66,77316,87,313851
25465,0.008035,74.125.24.0-255,5738,83054,87,313851
25466,0.008041,172.31.47.0-255,66,83120,87,313851
25467,0.010339,74.125.24.0-255,5738,88858,87,313851
25468,0.010345,172.31.47.0-255,66,88924,87,313851
25469,0.012618,74.125.24.0-255,4320,93244,87,313851
25470,0.012624,172.31.47.0-255,66,93310,87,313851
25471,0.012654,74.125.24.0-255,1484,94794,87,313851
25472,0.01489,74.125.24.0-255,4320,99114,87,313851
25473,0.014896,172.31.47.0-255,66,99180,87,313851
25474,0.017202,74.125.24.0-255,5738,104918,87,313851
25475,0.017209,172.31.47.0-255,66,104984,87,313851
25476,0.019503,74.125.24.0-255,5738,110722,87,313851
25477,0.01951,172.31.47.0-255,66,110788,87,313851
25478,0.020097,172.31.47.0-255,167,110955,87,313851
25479,0.020141,172.31.47.0-255,1111,112066,87,313851
25480,0.020224,172.31.47.0-255,1514,113580,87,313851
25481,0.020226,172.31.47.0-255,329,113909,87,313851
25482,0.021633,104.244.42.0-255,66,113975,87,313851
25483,0.02168,104.244.42.0-255,66,114041,87,313851
25484,0.021781,74.125.24.0-255,5738,119779,87,313851
25485,0.021785,172.31.47.0-255,66,119845,87,313851
25486,0.021806,104.244.42.0-255,66,119911,87,313851
25487,0.024104,74.125.24.0-255,5738,125649,87,313851
25488,0.024111,172.31.47.0-255,66,125715,87,313851
25489,0.026447,74.125.24.0-255,5738,131453,87,313851
25490,0.026454,172.31.47.0-255,66,131519,87,313851
25491,0.028798,74.125.24.0-255,5738,137257,87,313851
25492,0.028803,172.31.47.0-255,66,137323,87,313851
25493,0.031081,74.125.24.0-255,5738,143061,87,313851
25494,0.031086,172.31.47.0-255,66,143127,87,313851
25495,0.033406,74.125.24.0-255,4320,147447,87,313851
25496,0.033411,172.31.47.0-255,66,147513,87,313851
25497,0.033437,74.125.24.0-255,1484,148997,87,313851
25498,0.035714,74.125.24.0-255,4320,153317,87,313851
25499,0.035719,172.31.47.0-255,66,153383,87,313851
25500,0.038003,74.125.24.0-255,5738,159121,87,313851
25501,0.038008,172.31.47.0-255,66,159187,87,313851
25502,0.040303,74.125.24.0-255,5738,164925,87,313851
25503,0.040308,172.31.47.0-255,66,164991,87,313851
25504,0.04257,74.125.24.0-255,5738,170729,87,313851
25505,0.042575,172.31.47.0-255,66,170795,87,313851
25506,0.044843,74.125.24.0-255,5738,176533,87,313851
25507,0.044847,172.31.47.0-255,66,176599,87,313851
25508,0.047117,74.125.24.0-255,5738,182337,87,313851
25509,0.047121,172.31.47.0-255,66,182403,87,313851
25510,0.049375,74.125.24.0-255,5738,188141,87,313851
25511,0.04938,172.31.47.0-255,66,188207,87,313851
25512,0.051651,74.125.24.0-255,5738,193945,87,313851
25513,0.051658,172.31.47.0-255,66,194011,87,313851
25514,0.053954,74.125.24.0-255,5738,199749,87,313851
25515,0.05396,172.31.47.0-255,66,199815,87,313851
25516,0.056237,74.125.24.0-255,5738,205553,87,313851
25517,0.056242,172.31.47.0-255,66,205619,87,313851
25518,0.058492,74.125.24.0-255,2902,208521,87,313851
25519,0.058496,172.31.47.0-255,66,208587,87,313851
25520,0.058529,74.125.24.0-255,2902,211489,87,313851
25521,0.058532,172.31.47.0-255,66,211555,87,313851
25522,0.060787,74.125.24.0-255,2902,214457,87,313851
25523,0.060793,172.31.47.0-255,66,214523,87,313851
25524,0.060825,74.125.24.0-255,2902,217425,87,313851
25525,0.060829,172.31.47.0-255,66,217491,87,313851
25526,0.063084,74.125.24.0-255,2902,220393,87,313851
25527,0.063089,172.31.47.0-255,66,220459,87,313851
25528,0.063114,74.125.24.0-255,2902,223361,87,313851
25529,0.063116,172.31.47.0-255,66,223427,87,313851
25530,0.065375,74.125.24.0-255,2902,226329,87,313851
25531,0.06538,172.31.47.0-255,66,226395,87,313851
25532,0.065411,74.125.24.0-255,2902,229297,87,313851
25533,0.065414,172.31.47.0-255,66,229363,87,313851
25534,0.067656,74.125.24.0-255,2902,232265,87,313851
25535,0.067662,172.31.47.0-255,66,232331,87,313851
25536,0.06769,74.125.24.0-255,2902,235233,87,313851
25537,0.067694,172.31.47.0-255,66,235299,87,313851
25538,0.069976,74.125.24.0-255,5738,241037,87,313851
25539,0.069982,172.31.47.0-255,66,241103,87,313851
25540,0.072282,74.125.24.0-255,4320,245423,87,313851
25541,0.072298,172.31.47.0-255,66,245489,87,313851
25542,0.072325,74.125.24.0-255,1484,246973,87,313851
25543,0.074552,74.125.24.0-255,4320,251293,87,313851
25544,0.074556,172.31.47.0-255,66,251359,87,313851
25545,0.076823,74.125.24.0-255,5738,257097,87,313851
25546,0.076828,172.31.47.0-255,66,257163,87,313851
25547,0.079142,74.125.24.0-255,5738,262901,87,313851
25548,0.079147,172.31.47.0-255,66,262967,87,313851
25549,0.081484,74.125.24.0-255,5738,268705,87,313851
25550,0.08149,172.31.47.0-255,66,268771,87,313851
25551,0.08375,74.125.24.0-255,5738,274509,87,313851
25552,0.083755,172.31.47.0-255,66,274575,87,313851
25553,0.086065,74.125.24.0-255,5738,280313,87,313851
25554,0.086071,172.31.47.0-255,66,280379,87,313851
25555,0.088342,74.125.24.0-255,4320,284699,87,313851
25556,0.088347,172.31.47.0-255,66,284765,87,313851
25557,0.088372,74.125.24.0-255,1484,286249,87,313851
25558,0.090616,74.125.24.0-255,4320,290569,87,313851
25559,0.090622,172.31.47.0-255,66,290635,87,313851
25560,0.092912,74.125.24.0-255,5738,296373,87,313851
25561,0.092917,172.31.47.0-255,66,296439,87,313851
25562,0.095216,74.125.24.0-255,5738,302177,87,313851
25563,0.095221,172.31.47.0-255,66,302243,87,313851
25564,0.097508,74.125.24.0-255,5738,307981,87,313851
25565,0.097513,172.31.47.0-255,66,308047,87,313851
25566,0.099812,74.125.24.0-255,5738,313785,87,313851
25567,0.099819,172.31.47.0-255,66,313851,87,313851
25568,0.0,74.125.24.0-255,153,153,87,368469
25569,3.5e-05,172.31.47.0-255,66,219,87,368469
25570,4.2e-05,74.125.24.0-255,1484,1703,87,368469
25571,4.6e-05,172.31.47.0-255,66,1769,87,368469
25572,6.2e-05,74.125.24.0-255,2902,4671,87,368469
25573,6.5e-05,172.31.47.0-255,66,4737,87,368469
25574,7.1e-05,74.125.24.0-255,5738,10475,87,368469
25575,7.3e-05,172.31.47.0-255,66,10541,87,368469
25576,0.000107,74.125.24.0-255,7156,17697,87,368469
25577,0.000109,172.31.47.0-255,66,17763,87,368469
25578,0.000135,74.125.24.0-255,6304,24067,87,368469
25579,0.000138,172.31.47.0-255,66,24133,87,368469
25580,0.000148,74.125.24.0-255,6797,30930,87,368469
25581,0.000151,172.31.47.0-255,66,30996,87,368469
25582,0.000155,74.125.24.0-255,1484,32480,87,368469
25583,0.000157,172.31.47.0-255,66,32546,87,368469
25584,0.00018,74.125.24.0-255,2902,35448,87,368469
25585,0.000184,172.31.47.0-255,66,35514,87,368469
25586,0.000205,74.125.24.0-255,5738,41252,87,368469
25587,0.000207,172.31.47.0-255,66,41318,87,368469
25588,0.000236,74.125.24.0-255,6797,48115,87,368469
25589,0.000239,172.31.47.0-255,66,48181,87,368469
25590,0.000264,74.125.24.0-255,1484,49665,87,368469
25591,0.000266,172.31.47.0-255,66,49731,87,368469
25592,0.000279,74.125.24.0-255,2902,52633,87,368469
25593,0.000281,172.31.47.0-255,66,52699,87,368469
25594,0.000287,74.125.24.0-255,5738,58437,87,368469
25595,0.000291,172.31.47.0-255,66,58503,87,368469
25596,0.00032,172.31.47.0-255,66,58569,87,368469
25597,0.000481,74.125.24.0-255,1484,60053,87,368469
25598,0.000485,172.31.47.0-255,66,60119,87,368469
25599,0.00049,74.125.24.0-255,2902,63021,87,368469
25600,0.000493,172.31.47.0-255,66,63087,87,368469
25601,0.000523,74.125.24.0-255,5738,68825,87,368469
25602,0.000526,172.31.47.0-255,66,68891,87,368469
25603,0.00053,74.125.24.0-255,1484,70375,87,368469
25604,0.000561,74.125.24.0-255,4320,74695,87,368469
25605,0.000565,172.31.47.0-255,66,74761,87,368469
25606,0.000581,74.125.24.0-255,574,75335,87,368469
25607,0.000651,74.125.24.0-255,1484,76819,87,368469
25608,0.000655,172.31.47.0-255,66,76885,87,368469
25609,0.00066,74.125.24.0-255,2902,79787,87,368469
25610,0.000662,172.31.47.0-255,66,79853,87,368469
25611,0.000669,74.125.24.0-255,4320,84173,87,368469
25612,0.000671,172.31.47.0-255,66,84239,87,368469
25613,0.000689,74.125.24.0-255,1484,85723,87,368469
25614,0.000704,74.125.24.0-255,1484,87207,87,368469
25615,0.000707,172.31.47.0-255,66,87273,87,368469
25616,0.00073,74.125.24.0-255,5379,92652,87,368469
25617,0.000735,172.31.47.0-255,66,92718,87,368469
25618,0.001134,74.125.24.0-255,1484,94202,87,368469
25619,0.001152,74.125.24.0-255,2902,97104,87,368469
25620,0.001156,172.31.47.0-255,66,97170,87,368469
25621,0.001161,74.125.24.0-255,2902,100072,87,368469
25622,0.001163,172.31.47.0-255,66,100138,87,368469
25623,0.001179,74.125.24.0-255,2902,103040,87,368469
25624,0.001183,172.31.47.0-255,66,103106,87,368469
25625,0.00119,74.125.24.0-255,7156,110262,87,368469
25626,0.001192,172.31.47.0-255,66,110328,87,368469
25627,0.001202,172.31.47.0-255,66,110394,87,368469
25628,0.001239,172.31.47.0-255,66,110460,87,368469
25629,0.001307,74.125.24.0-255,1484,111944,87,368469
25630,0.001322,74.125.24.0-255,2902,114846,87,368469
25631,0.001325,172.31.47.0-255,66,114912,87,368469
25632,0.00133,74.125.24.0-255,2902,117814,87,368469
25633,0.001332,172.31.47.0-255,66,117880,87,368469
25634,0.001347,74.125.24.0-255,2902,120782,87,368469
25635,0.001349,172.31.47.0-255,66,120848,87,368469
25636,0.001352,74.125.24.0-255,1484,122332,87,368469
25637,0.001373,172.31.47.0-255,66,122398,87,368469
25638,0.001401,74.125.24.0-255,2902,125300,87,368469
25639,0.001404,172.31.47.0-255,66,125366,87,368469
25640,0.001416,172.31.47.0-255,66,125432,87,368469
25641,0.001719,74.125.24.0-255,1484,126916,87,368469
25642,0.001738,74.125.24.0-255,2902,129818,87,368469
25643,0.001741,172.31.47.0-255,66,129884,87,368469
25644,0.001747,74.125.24.0-255,4320,134204,87,368469
25645,0.001749,172.31.47.0-255,66,134270,87,368469
25646,0.001759,74.125.24.0-255,1484,135754,87,368469
25647,0.001765,74.125.24.0-255,4320,140074,87,368469
25648,0.001767,172.31.47.0-255,66,140140,87,368469
25649,0.0018,172.31.47.0-255,66,140206,87,368469
25650,0.001808,74.125.24.0-255,7156,147362,87,368469
25651,0.00181,172.31.47.0-255,66,147428,87,368469
25652,0.001829,74.125.24.0-255,3602,151030,87,368469
25653,0.001832,172.31.47.0-255,66,151096,87,368469
25654,0.004137,74.125.24.0-255,1484,152580,87,368469
25655,0.004179,74.125.24.0-255,4320,156900,87,368469
25656,0.004183,172.31.47.0-255,66,156966,87,368469
25657,0.006548,74.125.24.0-255,5738,162704,87,368469
25658,0.006553,172.31.47.0-255,66,162770,87,368469
25659,0.008882,74.125.24.0-255,5738,168508,87,368469
25660,0.008888,172.31.47.0-255,66,168574,87,368469
25661,0.011239,74.125.24.0-255,5738,174312,87,368469
25662,0.011246,172.31.47.0-255,66,174378,87,368469
25663,0.013618,74.125.24.0-255,5738,180116,87,368469
25664,0.01363,172.31.47.0-255,66,180182,87,368469
25665,0.015992,74.125.24.0-255,5738,185920,87,368469
25666,0.016,172.31.47.0-255,66,185986,87,368469
25667,0.01834,74.125.24.0-255,5738,191724,87,368469
25668,0.018347,172.31.47.0-255,66,191790,87,368469
25669,0.020675,74.125.24.0-255,2902,194692,87,368469
25670,0.020681,172.31.47.0-255,66,194758,87,368469
25671,0.020711,74.125.24.0-255,2902,197660,87,368469
25672,0.020713,172.31.47.0-255,66,197726,87,368469
25673,0.023018,74.125.24.0-255,2902,200628,87,368469
25674,0.023024,172.31.47.0-255,66,200694,87,368469
25675,0.02304,74.125.24.0-255,2902,203596,87,368469
25676,0.023043,172.31.47.0-255,66,203662,87,368469
25677,0.024154,172.31.47.0-255,172,203834,87,368469
25678,0.024183,172.31.47.0-255,1112,204946,87,368469
25679,0.024227,172.31.47.0-255,1514,206460,87,368469
25680,0.024229,172.31.47.0-255,1292,207752,87,368469
25681,0.0254,74.125.24.0-255,5738,213490,87,368469
25682,0.025405,172.31.47.0-255,66,213556,87,368469
25683,0.025697,104.244.42.0-255,66,213622,87,368469
25684,0.025741,104.244.42.0-255,66,213688,87,368469
25685,0.025789,104.244.42.0-255,66,213754,87,368469
25686,0.027762,74.125.24.0-255,5738,219492,87,368469
25687,0.027767,172.31.47.0-255,66,219558,87,368469
25688,0.030102,74.125.24.0-255,2902,222460,87,368469
25689,0.030107,172.31.47.0-255,66,222526,87,368469
25690,0.030133,74.125.24.0-255,2902,225428,87,368469
25691,0.030135,172.31.47.0-255,66,225494,87,368469
25692,0.032441,74.125.24.0-255,2902,228396,87,368469
25693,0.032445,172.31.47.0-255,66,228462,87,368469
25694,0.032481,74.125.24.0-255,2902,231364,87,368469
25695,0.032484,172.31.47.0-255,66,231430,87,368469
25696,0.034773,74.125.24.0-255,2902,234332,87,368469
25697,0.034778,172.31.47.0-255,66,234398,87,368469
25698,0.034805,74.125.24.0-255,2902,237300,87,368469
25699,0.034808,172.31.47.0-255,66,237366,87,368469
25700,0.037134,74.125.24.0-255,2902,240268,87,368469
25701,0.037139,172.31.47.0-255,66,240334,87,368469
25702,0.037169,74.125.24.0-255,2902,243236,87,368469
25703,0.037172,172.31.47.0-255,66,243302,87,368469
25704,0.039477,74.125.24.0-255,2902,246204,87,368469
25705,0.039482,172.31.47.0-255,66,246270,87,368469
25706,0.039504,74.125.24.0-255,2902,249172,87,368469
25707,0.039506,172.31.47.0-255,66,249238,87,368469
25708,0.041807,74.125.24.0-255,2902,252140,87,368469
25709,0.041813,172.31.47.0-255,66,252206,87,368469
25710,0.041853,74.125.24.0-255,1484,253690,87,368469
25711,0.041867,74.125.24.0-255,1484,255174,87,368469
25712,0.04187,172.31.47.0-255,66,255240,87,368469
25713,0.044177,74.125.24.0-255,2902,258142,87,368469
25714,0.044183,172.31.47.0-255,66,258208,87,368469
25715,0.044214,74.125.24.0-255,2902,261110,87,368469
25716,0.044216,172.31.47.0-255,66,261176,87,368469
25717,0.04654,74.125.24.0-255,2902,264078,87,368469
25718,0.046552,172.31.47.0-255,66,264144,87,368469
25719,0.046574,74.125.24.0-255,2902,267046,87,368469
25720,0.046577,172.31.47.0-255,66,267112,87,368469
25721,0.048887,74.125.24.0-255,2902,270014,87,368469
25722,0.048892,172.31.47.0-255,66,270080,87,368469
25723,0.048924,74.125.24.0-255,2902,272982,87,368469
25724,0.048927,172.31.47.0-255,66,273048,87,368469
25725,0.051219,74.125.24.0-255,2902,275950,87,368469
25726,0.051223,172.31.47.0-255,66,276016,87,368469
25727,0.051256,74.125.24.0-255,2902,278918,87,368469
25728,0.051259,172.31.47.0-255,66,278984,87,368469
25729,0.053582,74.125.24.0-255,5738,284722,87,368469
25730,0.053587,172.31.47.0-255,66,284788,87,368469
25731,0.055919,74.125.24.0-255,4320,289108,87,368469
25732,0.055924,172.31.47.0-255,66,289174,87,368469
25733,0.055957,74.125.24.0-255,1484,290658,87,368469
25734,0.058266,74.125.24.0-255,2902,293560,87,368469
25735,0.058271,172.31.47.0-255,66,293626,87,368469
25736,0.058297,74.125.24.0-255,1484,295110,87,368469
25737,0.060624,74.125.24.0-255,4320,299430,87,368469
25738,0.06063,172.31.47.0-255,66,299496,87,368469
25739,0.06297,74.125.24.0-255,5738,305234,87,368469
25740,0.062976,172.31.47.0-255,66,305300,87,368469
25741,0.065329,74.125.24.0-255,5738,311038,87,368469
25742,0.065335,172.31.47.0-255,66,311104,87,368469
25743,0.06768,74.125.24.0-255,4320,315424,87,368469
25744,0.067685,172.31.47.0-255,66,315490,87,368469
25745,0.067712,74.125.24.0-255,1484,316974,87,368469
25746,0.070006,74.125.24.0-255,4320,321294,87,368469
25747,0.070011,172.31.47.0-255,66,321360,87,368469
25748,0.070441,172.31.47.0-255,105,321465,87,368469
25749,0.072326,74.125.24.0-255,5738,327203,87,368469
25750,0.07233,172.31.47.0-255,66,327269,87,368469
25751,0.07467,74.125.24.0-255,5738,333007,87,368469
25752,0.074674,172.31.47.0-255,66,333073,87,368469
25753,0.077042,74.125.24.0-255,5738,338811,87,368469
25754,0.077047,172.31.47.0-255,66,338877,87,368469
25755,0.079434,74.125.24.0-255,5738,344615,87,368469
25756,0.079441,172.31.47.0-255,66,344681,87,368469
25757,0.081767,74.125.24.0-255,5738,350419,87,368469
25758,0.081772,172.31.47.0-255,66,350485,87,368469
25759,0.084123,74.125.24.0-255,5738,356223,87,368469
25760,0.084128,172.31.47.0-255,66,356289,87,368469
25761,0.086473,74.125.24.0-255,5738,362027,87,368469
25762,0.086478,172.31.47.0-255,66,362093,87,368469
25763,0.088831,74.125.24.0-255,5738,367831,87,368469
25764,0.088836,172.31.47.0-255,66,367897,87,368469
25765,0.091159,74.125.24.0-255,335,368232,87,368469
25766,0.091295,172.31.47.0-255,66,368298,87,368469
25767,0.091319,172.31.47.0-255,105,368403,87,368469
25768,0.093609,74.125.24.0-255,66,368469,87,368469
25769,0.0,172.217.194.0-255,66,66,87,66
25770,0.0,74.125.200.0-255,153,153,87,380438
25771,2e-05,172.31.47.0-255,66,219,87,380438
25772,2.7e-05,74.125.200.0-255,1484,1703,87,380438
25773,3.2e-05,172.31.47.0-255,66,1769,87,380438
25774,3.5e-05,74.125.200.0-255,1484,3253,87,380438
25775,3.7e-05,172.31.47.0-255,66,3319,87,380438
25776,4.3e-05,74.125.200.0-255,2902,6221,87,380438
25777,4.6e-05,172.31.47.0-255,66,6287,87,380438
25778,5.2e-05,74.125.200.0-255,5738,12025,87,380438
25779,5.5e-05,172.31.47.0-255,66,12091,87,380438
25780,8.8e-05,74.125.200.0-255,6363,18454,87,380438
25781,9.2e-05,172.31.47.0-255,66,18520,87,380438
25782,0.0001,74.125.200.0-255,7156,25676,87,380438
25783,0.000102,172.31.47.0-255,66,25742,87,380438
25784,0.00013,74.125.200.0-255,4320,30062,87,380438
25785,0.000132,172.31.47.0-255,66,30128,87,380438
25786,0.000149,74.125.200.0-255,1125,31253,87,380438
25787,0.000151,172.31.47.0-255,66,31319,87,380438
25788,0.00025,74.125.200.0-255,1484,32803,87,380438
25789,0.000254,172.31.47.0-255,66,32869,87,380438
25790,0.000259,74.125.200.0-255,2902,35771,87,380438
25791,0.000261,172.31.47.0-255,66,35837,87,380438
25792,0.000278,74.125.200.0-255,2902,38739,87,380438
25793,0.00028,172.31.47.0-255,66,38805,87,380438
25794,0.000307,74.125.200.0-255,4320,43125,87,380438
25795,0.00031,172.31.47.0-255,66,43191,87,380438
25796,0.000332,74.125.200.0-255,5379,48570,87,380438
25797,0.000335,172.31.47.0-255,66,48636,87,380438
25798,0.000356,74.125.200.0-255,4320,52956,87,380438
25799,0.000358,172.31.47.0-255,66,53022,87,380438
25800,0.000376,74.125.200.0-255,1484,54506,87,380438
25801,0.000379,172.31.47.0-255,66,54572,87,380438
25802,0.000387,74.125.200.0-255,7156,61728,87,380438
25803,0.000389,172.31.47.0-255,66,61794,87,380438
25804,0.000445,74.125.200.0-255,4307,66101,87,380438
25805,0.000447,172.31.47.0-255,66,66167,87,380438
25806,0.000473,74.125.200.0-255,331,66498,87,380438
25807,0.000804,74.125.200.0-255,1484,67982,87,380438
25808,0.000809,172.31.47.0-255,66,68048,87,380438
25809,0.000815,74.125.200.0-255,2902,70950,87,380438
25810,0.000817,172.31.47.0-255,66,71016,87,380438
25811,0.000835,74.125.200.0-255,5738,76754,87,380438
25812,0.000837,172.31.47.0-255,66,76820,87,380438
25813,0.000858,74.125.200.0-255,7156,83976,87,380438
25814,0.000861,172.31.47.0-255,66,84042,87,380438
25815,0.000887,74.125.200.0-255,5738,89780,87,380438
25816,0.00089,172.31.47.0-255,66,89846,87,380438
25817,0.00092,172.31.47.0-255,66,89912,87,380438
25818,0.000924,74.125.200.0-255,2184,92096,87,380438
25819,0.000926,172.31.47.0-255,66,92162,87,380438
25820,0.001453,74.125.200.0-255,1484,93646,87,380438
25821,0.001463,74.125.200.0-255,2902,96548,87,380438
25822,0.001468,172.31.47.0-255,66,96614,87,380438
25823,0.001473,74.125.200.0-255,1484,98098,87,380438
25824,0.001491,74.125.200.0-255,4320,102418,87,380438
25825,0.001494,172.31.47.0-255,66,102484,87,380438
25826,0.001499,74.125.200.0-255,4320,106804,87,380438
25827,0.001502,172.31.47.0-255,66,106870,87,380438
25828,0.001505,74.125.200.0-255,1484,108354,87,380438
25829,0.001531,74.125.200.0-255,4320,112674,87,380438
25830,0.001533,172.31.47.0-255,66,112740,87,380438
25831,0.00155,74.125.200.0-255,2902,115642,87,380438
25832,0.001553,172.31.47.0-255,66,115708,87,380438
25833,0.001577,172.31.47.0-255,66,115774,87,380438
25834,0.0016,74.125.200.0-255,2184,117958,87,380438
25835,0.001602,172.31.47.0-255,66,118024,87,380438
25836,0.002103,74.125.200.0-255,1484,119508,87,380438
25837,0.002111,74.125.200.0-255,2902,122410,87,380438
25838,0.002115,172.31.47.0-255,66,122476,87,380438
25839,0.002121,74.125.200.0-255,2902,125378,87,380438
25840,0.002123,172.31.47.0-255,66,125444,87,380438
25841,0.002126,74.125.200.0-255,1484,126928,87,380438
25842,0.002148,74.125.200.0-255,2902,129830,87,380438
25843,0.00215,172.31.47.0-255,66,129896,87,380438
25844,0.002161,172.31.47.0-255,66,129962,87,380438
25845,0.002164,74.125.200.0-255,1484,131446,87,380438
25846,0.00218,74.125.200.0-255,2902,134348,87,380438
25847,0.002182,172.31.47.0-255,66,134414,87,380438
25848,0.002188,74.125.200.0-255,5738,140152,87,380438
25849,0.00219,172.31.47.0-255,66,140218,87,380438
25850,0.002214,74.125.200.0-255,1484,141702,87,380438
25851,0.002227,74.125.200.0-255,2184,143886,87,380438
25852,0.00223,172.31.47.0-255,66,143952,87,380438
25853,0.002354,74.125.200.0-255,1484,145436,87,380438
25854,0.004553,74.125.200.0-255,4320,149756,87,380438
25855,0.004557,172.31.47.0-255,66,149822,87,380438
25856,0.006898,74.125.200.0-255,5738,155560,87,380438
25857,0.006903,172.31.47.0-255,66,155626,87,380438
25858,0.009265,74.125.200.0-255,5738,161364,87,380438
25859,0.009274,172.31.47.0-255,66,161430,87,380438
25860,0.011622,74.125.200.0-255,5738,167168,87,380438
25861,0.011634,172.31.47.0-255,66,167234,87,380438
25862,0.013982,74.125.200.0-255,5738,172972,87,380438
25863,0.013994,172.31.47.0-255,66,173038,87,380438
25864,0.016342,74.125.200.0-255,5738,178776,87,380438
25865,0.016351,172.31.47.0-255,66,178842,87,380438
25866,0.018692,74.125.200.0-255,5738,184580,87,380438
25867,0.018698,172.31.47.0-255,66,184646,87,380438
25868,0.019018,172.31.47.0-255,171,184817,87,380438
25869,0.019059,172.31.47.0-255,1127,185944,87,380438
25870,0.019093,172.31.47.0-255,1514,187458,87,380438
25871,0.019094,172.31.47.0-255,1279,188737,87,380438
25872,0.020605,104.244.42.0-255,66,188803,87,380438
25873,0.020612,104.244.42.0-255,66,188869,87,380438
25874,0.02073,104.244.42.0-255,66,188935,87,380438
25875,0.021036,74.125.200.0-255,4320,193255,87,380438
25876,0.02104,172.31.47.0-255,66,193321,87,380438
25877,0.021071,74.125.200.0-255,1484,194805,87,380438
25878,0.023387,74.125.200.0-255,4320,199125,87,380438
25879,0.023395,172.31.47.0-255,66,199191,87,380438
25880,0.025719,74.125.200.0-255,4320,203511,87,380438
25881,0.025725,172.31.47.0-255,66,203577,87,380438
25882,0.025756,74.125.200.0-255,1484,205061,87,380438
25883,0.02809,74.125.200.0-255,4320,209381,87,380438
25884,0.028096,172.31.47.0-255,66,209447,87,380438
25885,0.030429,74.125.200.0-255,2902,212349,87,380438
25886,0.030434,172.31.47.0-255,66,212415,87,380438
25887,0.030467,74.125.200.0-255,2902,215317,87,380438
25888,0.030469,172.31.47.0-255,66,215383,87,380438
25889,0.032765,74.125.200.0-255,2902,218285,87,380438
25890,0.03277,172.31.47.0-255,66,218351,87,380438
25891,0.032788,74.125.200.0-255,1484,219835,87,380438
25892,0.032799,74.125.200.0-255,1484,221319,87,380438
25893,0.032802,172.31.47.0-255,66,221385,87,380438
25894,0.035108,74.125.200.0-255,2902,224287,87,380438
25895,0.035112,172.31.47.0-255,66,224353,87,380438
25896,0.035146,74.125.200.0-255,2902,227255,87,380438
25897,0.035149,172.31.47.0-255,66,227321,87,380438
25898,0.03746,74.125.200.0-255,2902,230223,87,380438
25899,0.037479,172.31.47.0-255,66,230289,87,380438
25900,0.037507,74.125.200.0-255,2902,233191,87,380438
25901,0.03751,172.31.47.0-255,66,233257,87,380438
25902,0.039835,74.125.200.0-255,4320,237577,87,380438
25903,0.039849,172.31.47.0-255,66,237643,87,380438
25904,0.039872,74.125.200.0-255,1484,239127,87,380438
25905,0.042213,74.125.200.0-255,4320,243447,87,380438
25906,0.042232,172.31.47.0-255,66,243513,87,380438
25907,0.044628,74.125.200.0-255,5738,249251,87,380438
25908,0.044639,172.31.47.0-255,66,249317,87,380438
25909,0.047045,74.125.200.0-255,5738,255055,87,380438
25910,0.047067,172.31.47.0-255,66,255121,87,380438
25911,0.049426,74.125.200.0-255,5738,260859,87,380438
25912,0.049445,172.31.47.0-255,66,260925,87,380438
25913,0.051863,74.125.200.0-255,5738,266663,87,380438
25914,0.05188,172.31.47.0-255,66,266729,87,380438
25915,0.054243,74.125.200.0-255,5738,272467,87,380438
25916,0.054262,172.31.47.0-255,66,272533,87,380438
25917,0.056596,74.125.200.0-255,5738,278271,87,380438
25918,0.056603,172.31.47.0-255,66,278337,87,380438
25919,0.058938,74.125.200.0-255,5738,284075,87,380438
25920,0.058943,172.31.47.0-255,66,284141,87,380438
25921,0.061273,74.125.200.0-255,4320,288461,87,380438
25922,0.061279,172.31.47.0-255,66,288527,87,380438
25923,0.061302,74.125.200.0-255,1484,290011,87,380438
25924,0.063613,74.125.200.0-255,4320,294331,87,380438
25925,0.063619,172.31.47.0-255,66,294397,87,380438
25926,0.065941,74.125.200.0-255,4320,298717,87,380438
25927,0.065946,172.31.47.0-255,66,298783,87,380438
25928,0.065972,74.125.200.0-255,1484,300267,87,380438
25929,0.068269,74.125.200.0-255,4320,304587,87,380438
25930,0.068273,172.31.47.0-255,66,304653,87,380438
25931,0.070614,74.125.200.0-255,2902,307555,87,380438
25932,0.07062,172.31.47.0-255,66,307621,87,380438
25933,0.070651,74.125.200.0-255,2902,310523,87,380438
25934,0.070655,172.31.47.0-255,66,310589,87,380438
25935,0.072954,74.125.200.0-255,2902,313491,87,380438
25936,0.072961,172.31.47.0-255,66,313557,87,380438
25937,0.072996,74.125.200.0-255,2902,316459,87,380438
25938,0.072999,172.31.47.0-255,66,316525,87,380438
25939,0.075307,74.125.200.0-255,2902,319427,87,380438
25940,0.075311,172.31.47.0-255,66,319493,87,380438
25941,0.075341,74.125.200.0-255,2902,322395,87,380438
25942,0.075343,172.31.47.0-255,66,322461,87,380438
25943,0.07763,74.125.200.0-255,2902,325363,87,380438
25944,0.077635,172.31.47.0-255,66,325429,87,380438
25945,0.077666,74.125.200.0-255,2902,328331,87,380438
25946,0.077669,172.31.47.0-255,66,328397,87,380438
25947,0.079974,74.125.200.0-255,2902,331299,87,380438
25948,0.079978,172.31.47.0-255,66,331365,87,380438
25949,0.080009,74.125.200.0-255,2902,334267,87,380438
25950,0.080012,172.31.47.0-255,66,334333,87,380438
25951,0.082312,74.125.200.0-255,2902,337235,87,380438
25952,0.082317,172.31.47.0-255,66,337301,87,380438
25953,0.082351,74.125.200.0-255,2902,340203,87,380438
25954,0.082354,172.31.47.0-255,66,340269,87,380438
25955,0.08243,172.31.47.0-255,101,340370,87,380438
25956,0.084639,74.125.200.0-255,1484,341854,87,380438
25957,0.084666,74.125.200.0-255,1484,343338,87,380438
25958,0.084671,172.31.47.0-255,66,343404,87,380438
25959,0.084676,74.125.200.0-255,2902,346306,87,380438
25960,0.084679,172.31.47.0-255,66,346372,87,380438
25961,0.084721,74.125.200.0-255,66,346438,87,380438
25962,0.087004,74.125.200.0-255,2902,349340,87,380438
25963,0.087009,172.31.47.0-255,66,349406,87,380438
25964,0.087042,74.125.200.0-255,2902,352308,87,380438
25965,0.087045,172.31.47.0-255,66,352374,87,380438
25966,0.089365,74.125.200.0-255,2902,355276,87,380438
25967,0.08937,172.31.47.0-255,66,355342,87,380438
25968,0.089401,74.125.200.0-255,2902,358244,87,380438
25969,0.089404,172.31.47.0-255,66,358310,87,380438
25970,0.091706,74.125.200.0-255,2902,361212,87,380438
25971,0.091711,172.31.47.0-255,66,361278,87,380438
25972,0.091742,74.125.200.0-255,2902,364180,87,380438
25973,0.091745,172.31.47.0-255,66,364246,87,380438
25974,0.094058,74.125.200.0-255,4320,368566,87,380438
25975,0.094063,172.31.47.0-255,66,368632,87,380438
25976,0.094087,74.125.200.0-255,1484,370116,87,380438
25977,0.096392,74.125.200.0-255,4320,374436,87,380438
25978,0.096396,172.31.47.0-255,66,374502,87,380438
25979,0.098718,74.125.200.0-255,2902,377404,87,380438
25980,0.098722,172.31.47.0-255,66,377470,87,380438
25981,0.098748,74.125.200.0-255,2902,380372,87,380438
25982,0.098751,172.31.47.0-255,66,380438,87,380438
25983,0.0,172.217.194.0-255,153,153,87,349240
25984,3.2e-05,172.31.47.0-255,66,219,87,349240
25985,3.8e-05,172.217.194.0-255,1484,1703,87,349240
25986,4.2e-05,172.31.47.0-255,66,1769,87,349240
25987,4.6e-05,172.217.194.0-255,2902,4671,87,349240
25988,4.9e-05,172.31.47.0-255,66,4737,87,349240
25989,5.6e-05,172.217.194.0-255,7156,11893,87,349240
25990,5.9e-05,172.31.47.0-255,66,11959,87,349240
25991,8.3e-05,172.217.194.0-255,2136,14095,87,349240
25992,8.5e-05,172.31.47.0-255,66,14161,87,349240
25993,0.001318,172.217.194.0-255,1484,15645,87,349240
25994,0.001324,172.31.47.0-255,66,15711,87,349240
25995,0.001332,172.217.194.0-255,2902,18613,87,349240
25996,0.001334,172.31.47.0-255,66,18679,87,349240
25997,0.001339,172.217.194.0-255,5738,24417,87,349240
25998,0.001341,172.31.47.0-255,66,24483,87,349240
25999,0.001365,172.217.194.0-255,6797,31280,87,349240
26000,0.001367,172.31.47.0-255,66,31346,87,349240
26001,0.001372,172.217.194.0-255,4320,35666,87,349240
26002,0.001373,172.31.47.0-255,66,35732,87,349240
26003,0.001392,172.217.194.0-255,2902,38634,87,349240
26004,0.001394,172.31.47.0-255,66,38700,87,349240
26005,0.001396,172.217.194.0-255,1484,40184,87,349240
26006,0.001398,172.31.47.0-255,66,40250,87,349240
26007,0.001424,172.31.47.0-255,66,40316,87,349240
26008,0.00143,172.217.194.0-255,7156,47472,87,349240
26009,0.001432,172.31.47.0-255,66,47538,87,349240
26010,0.001447,172.217.194.0-255,2902,50440,87,349240
26011,0.001449,172.31.47.0-255,66,50506,87,349240
26012,0.001451,172.217.194.0-255,1075,51581,87,349240
26013,0.001453,172.31.47.0-255,66,51647,87,349240
26014,0.001494,172.217.194.0-255,368,52015,87,349240
26015,0.001658,172.217.194.0-255,1484,53499,87,349240
26016,0.00166,172.31.47.0-255,66,53565,87,349240
26017,0.001664,172.217.194.0-255,2902,56467,87,349240
26018,0.001666,172.31.47.0-255,66,56533,87,349240
26019,0.001669,172.217.194.0-255,1484,58017,87,349240
26020,0.001681,172.217.194.0-255,4320,62337,87,349240
26021,0.001683,172.31.47.0-255,66,62403,87,349240
26022,0.001687,172.217.194.0-255,4320,66723,87,349240
26023,0.001689,172.31.47.0-255,66,66789,87,349240
26024,0.001719,172.31.47.0-255,66,66855,87,349240
26025,0.001752,172.217.194.0-255,2902,69757,87,349240
26026,0.001754,172.31.47.0-255,66,69823,87,349240
26027,0.00177,172.31.47.0-255,66,69889,87,349240
26028,0.001972,172.217.194.0-255,1484,71373,87,349240
26029,0.001993,172.217.194.0-255,2902,74275,87,349240
26030,0.001995,172.31.47.0-255,66,74341,87,349240
26031,0.002015,172.217.194.0-255,5738,80079,87,349240
26032,0.002017,172.31.47.0-255,66,80145,87,349240
26033,0.002048,172.31.47.0-255,66,80211,87,349240
26034,0.002098,172.31.47.0-255,66,80277,87,349240
26035,0.00415,172.217.194.0-255,5738,86015,87,349240
26036,0.004157,172.31.47.0-255,66,86081,87,349240
26037,0.006176,172.217.194.0-255,5738,91819,87,349240
26038,0.006183,172.31.47.0-255,66,91885,87,349240
26039,0.008198,172.217.194.0-255,5738,97623,87,349240
26040,0.008209,172.31.47.0-255,66,97689,87,349240
26041,0.010256,172.217.194.0-255,5738,103427,87,349240
26042,0.010267,172.31.47.0-255,66,103493,87,349240
26043,0.012318,172.217.194.0-255,5738,109231,87,349240
26044,0.012326,172.31.47.0-255,66,109297,87,349240
26045,0.014368,172.217.194.0-255,5738,115035,87,349240
26046,0.014374,172.31.47.0-255,66,115101,87,349240
26047,0.016439,172.217.194.0-255,5738,120839,87,349240
26048,0.016447,172.31.47.0-255,66,120905,87,349240
26049,0.018494,172.217.194.0-255,4320,125225,87,349240
26050,0.018499,172.31.47.0-255,66,125291,87,349240
26051,0.018521,172.217.194.0-255,1484,126775,87,349240
26052,0.019404,172.31.47.0-255,171,126946,87,349240
26053,0.019429,172.31.47.0-255,1127,128073,87,349240
26054,0.019483,172.31.47.0-255,1514,129587,87,349240
26055,0.019485,172.31.47.0-255,1277,130864,87,349240
26056,0.020522,172.217.194.0-255,4320,135184,87,349240
26057,0.020528,172.31.47.0-255,66,135250,87,349240
26058,0.020947,104.244.42.0-255,66,135316,87,349240
26059,0.020998,104.244.42.0-255,66,135382,87,349240
26060,0.021055,104.244.42.0-255,66,135448,87,349240
26061,0.02255,172.217.194.0-255,5738,141186,87,349240
26062,0.022554,172.31.47.0-255,66,141252,87,349240
26063,0.024622,172.217.194.0-255,4320,145572,87,349240
26064,0.024628,172.31.47.0-255,66,145638,87,349240
26065,0.024647,172.217.194.0-255,1484,147122,87,349240
26066,0.026683,172.217.194.0-255,4320,151442,87,349240
26067,0.02669,172.31.47.0-255,66,151508,87,349240
26068,0.028701,172.217.194.0-255,5738,157246,87,349240
26069,0.028707,172.31.47.0-255,66,157312,87,349240
26070,0.030732,172.217.194.0-255,5738,163050,87,349240
26071,0.030738,172.31.47.0-255,66,163116,87,349240
26072,0.032755,172.217.194.0-255,5738,168854,87,349240
26073,0.03276,172.31.47.0-255,66,168920,87,349240
26074,0.0348,172.217.194.0-255,5738,174658,87,349240
26075,0.034806,172.31.47.0-255,66,174724,87,349240
26076,0.036867,172.217.194.0-255,5738,180462,87,349240
26077,0.036874,172.31.47.0-255,66,180528,87,349240
26078,0.038907,172.217.194.0-255,5738,186266,87,349240
26079,0.038912,172.31.47.0-255,66,186332,87,349240
26080,0.040959,172.217.194.0-255,5738,192070,87,349240
26081,0.040965,172.31.47.0-255,66,192136,87,349240
26082,0.04301,172.217.194.0-255,5738,197874,87,349240
26083,0.043016,172.31.47.0-255,66,197940,87,349240
26084,0.045071,172.217.194.0-255,5738,203678,87,349240
26085,0.045076,172.31.47.0-255,66,203744,87,349240
26086,0.04715,172.217.194.0-255,5738,209482,87,349240
26087,0.047165,172.31.47.0-255,66,209548,87,349240
26088,0.049223,172.217.194.0-255,5738,215286,87,349240
26089,0.049234,172.31.47.0-255,66,215352,87,349240
26090,0.051285,172.217.194.0-255,4320,219672,87,349240
26091,0.051298,172.31.47.0-255,66,219738,87,349240
26092,0.051312,172.217.194.0-255,1484,221222,87,349240
26093,0.053329,172.217.194.0-255,4320,225542,87,349240
26094,0.053341,172.31.47.0-255,66,225608,87,349240
26095,0.05538,172.217.194.0-255,4320,229928,87,349240
26096,0.055387,172.31.47.0-255,66,229994,87,349240
26097,0.055406,172.217.194.0-255,1484,231478,87,349240
26098,0.057446,172.217.194.0-255,4320,235798,87,349240
26099,0.057464,172.31.47.0-255,66,235864,87,349240
26100,0.059504,172.217.194.0-255,5738,241602,87,349240
26101,0.059514,172.31.47.0-255,66,241668,87,349240
26102,0.061552,172.217.194.0-255,5738,247406,87,349240
26103,0.061566,172.31.47.0-255,66,247472,87,349240
26104,0.063629,172.217.194.0-255,5738,253210,87,349240
26105,0.063643,172.31.47.0-255,66,253276,87,349240
26106,0.065702,172.217.194.0-255,5738,259014,87,349240
26107,0.065716,172.31.47.0-255,66,259080,87,349240
26108,0.067777,172.217.194.0-255,5738,264818,87,349240
26109,0.067792,172.31.47.0-255,66,264884,87,349240
26110,0.069839,172.217.194.0-255,5738,270622,87,349240
26111,0.069851,172.31.47.0-255,66,270688,87,349240
26112,0.071861,172.217.194.0-255,5738,276426,87,349240
26113,0.071875,172.31.47.0-255,66,276492,87,349240
26114,0.073913,172.217.194.0-255,5738,282230,87,349240
26115,0.073919,172.31.47.0-255,66,282296,87,349240
26116,0.075948,172.217.194.0-255,5738,288034,87,349240
26117,0.075957,172.31.47.0-255,66,288100,87,349240
26118,0.077979,172.217.194.0-255,5738,293838,87,349240
26119,0.077992,172.31.47.0-255,66,293904,87,349240
26120,0.080038,172.217.194.0-255,4320,298224,87,349240
26121,0.080044,172.31.47.0-255,66,298290,87,349240
26122,0.080066,172.217.194.0-255,1484,299774,87,349240
26123,0.082059,172.217.194.0-255,4320,304094,87,349240
26124,0.082065,172.31.47.0-255,66,304160,87,349240
26125,0.084095,172.217.194.0-255,5738,309898,87,349240
26126,0.084103,172.31.47.0-255,66,309964,87,349240
26127,0.086131,172.217.194.0-255,5738,315702,87,349240
26128,0.086136,172.31.47.0-255,66,315768,87,349240
26129,0.088172,172.217.194.0-255,5738,321506,87,349240
26130,0.088178,172.31.47.0-255,66,321572,87,349240
26131,0.090199,172.217.194.0-255,5738,327310,87,349240
26132,0.090204,172.31.47.0-255,66,327376,87,349240
26133,0.092252,172.217.194.0-255,5738,333114,87,349240
26134,0.092257,172.31.47.0-255,66,333180,87,349240
26135,0.094298,172.217.194.0-255,4320,337500,87,349240
26136,0.094304,172.31.47.0-255,66,337566,87,349240
26137,0.094321,172.217.194.0-255,1484,339050,87,349240
26138,0.096314,172.217.194.0-255,4320,343370,87,349240
26139,0.096318,172.31.47.0-255,66,343436,87,349240
26140,0.098347,172.217.194.0-255,5738,349174,87,349240
26141,0.098354,172.31.47.0-255,66,349240,87,349240
26142,0.0,74.125.24.0-255,153,153,87,303977
26143,2.9e-05,172.31.47.0-255,66,219,87,303977
26144,3.5e-05,74.125.24.0-255,1484,1703,87,303977
26145,3.9e-05,172.31.47.0-255,66,1769,87,303977
26146,4.5e-05,74.125.24.0-255,2902,4671,87,303977
26147,4.8e-05,172.31.47.0-255,66,4737,87,303977
26148,5.5e-05,74.125.24.0-255,7156,11893,87,303977
26149,5.7e-05,172.31.47.0-255,66,11959,87,303977
26150,8.9e-05,172.31.47.0-255,66,12025,87,303977
26151,0.000129,74.125.24.0-255,2902,14927,87,303977
26152,0.000132,172.31.47.0-255,66,14993,87,303977
26153,0.000151,74.125.24.0-255,5379,20372,87,303977
26154,0.000155,172.31.47.0-255,66,20438,87,303977
26155,0.000167,172.31.47.0-255,66,20504,87,303977
26156,0.000173,74.125.24.0-255,5738,26242,87,303977
26157,0.000175,172.31.47.0-255,66,26308,87,303977
26158,0.000194,74.125.24.0-255,1484,27792,87,303977
26159,0.000198,172.31.47.0-255,66,27858,87,303977
26160,0.000232,172.31.47.0-255,66,27924,87,303977
26161,0.000237,74.125.24.0-255,2543,30467,87,303977
26162,0.000239,172.31.47.0-255,66,30533,87,303977
26163,0.001012,74.125.24.0-255,646,31179,87,303977
26164,0.001018,172.31.47.0-255,66,31245,87,303977
26165,0.001305,74.125.24.0-255,1484,32729,87,303977
26166,0.001312,172.31.47.0-255,66,32795,87,303977
26167,0.00132,74.125.24.0-255,2902,35697,87,303977
26168,0.001322,172.31.47.0-255,66,35763,87,303977
26169,0.00134,74.125.24.0-255,5738,41501,87,303977
26170,0.001343,172.31.47.0-255,66,41567,87,303977
26171,0.001351,74.125.24.0-255,5738,47305,87,303977
26172,0.001384,74.125.24.0-255,7156,54461,87,303977
26173,0.001411,74.125.24.0-255,2184,56645,87,303977
26174,0.006007,172.31.47.0-255,66,56711,87,303977
26175,0.008251,74.125.24.0-255,5738,62449,87,303977
26176,0.008259,172.31.47.0-255,66,62515,87,303977
26177,0.010476,74.125.24.0-255,5738,68253,87,303977
26178,0.010503,172.31.47.0-255,66,68319,87,303977
26179,0.012737,74.125.24.0-255,5738,74057,87,303977
26180,0.012746,172.31.47.0-255,66,74123,87,303977
26181,0.014948,74.125.24.0-255,5738,79861,87,303977
26182,0.014955,172.31.47.0-255,66,79927,87,303977
26183,0.017155,74.125.24.0-255,5738,85665,87,303977
26184,0.017163,172.31.47.0-255,66,85731,87,303977
26185,0.019391,74.125.24.0-255,5738,91469,87,303977
26186,0.019398,172.31.47.0-255,66,91535,87,303977
26187,0.021476,172.31.47.0-255,172,91707,87,303977
26188,0.021509,172.31.47.0-255,1103,92810,87,303977
26189,0.021546,172.31.47.0-255,1514,94324,87,303977
26190,0.021548,172.31.47.0-255,1301,95625,87,303977
26191,0.021594,74.125.24.0-255,5738,101363,87,303977
26192,0.021599,172.31.47.0-255,66,101429,87,303977
26193,0.02303,104.244.42.0-255,66,101495,87,303977
26194,0.023075,104.244.42.0-255,66,101561,87,303977
26195,0.023087,104.244.42.0-255,66,101627,87,303977
26196,0.023797,74.125.24.0-255,2902,104529,87,303977
26197,0.023801,172.31.47.0-255,66,104595,87,303977
26198,0.02383,74.125.24.0-255,2902,107497,87,303977
26199,0.023851,172.31.47.0-255,66,107563,87,303977
26200,0.025995,74.125.24.0-255,2902,110465,87,303977
26201,0.026,172.31.47.0-255,66,110531,87,303977
26202,0.026055,74.125.24.0-255,2902,113433,87,303977
26203,0.026064,172.31.47.0-255,66,113499,87,303977
26204,0.028222,74.125.24.0-255,2902,116401,87,303977
26205,0.028228,172.31.47.0-255,66,116467,87,303977
26206,0.028256,74.125.24.0-255,2902,119369,87,303977
26207,0.028281,172.31.47.0-255,66,119435,87,303977
26208,0.030409,74.125.24.0-255,2902,122337,87,303977
26209,0.030415,172.31.47.0-255,66,122403,87,303977
26210,0.030462,74.125.24.0-255,2902,125305,87,303977
26211,0.03049,172.31.47.0-255,66,125371,87,303977
26212,0.032622,74.125.24.0-255,2902,128273,87,303977
26213,0.032626,172.31.47.0-255,66,128339,87,303977
26214,0.032663,74.125.24.0-255,2902,131241,87,303977
26215,0.03267,172.31.47.0-255,66,131307,87,303977
26216,0.034803,74.125.24.0-255,2902,134209,87,303977
26217,0.034808,172.31.47.0-255,66,134275,87,303977
26218,0.03484,74.125.24.0-255,2902,137177,87,303977
26219,0.034846,172.31.47.0-255,66,137243,87,303977
26220,0.03704,74.125.24.0-255,5738,142981,87,303977
26221,0.037086,172.31.47.0-255,66,143047,87,303977
26222,0.039282,74.125.24.0-255,5738,148785,87,303977
26223,0.039287,172.31.47.0-255,66,148851,87,303977
26224,0.041494,74.125.24.0-255,5738,154589,87,303977
26225,0.0415,172.31.47.0-255,66,154655,87,303977
26226,0.04368,74.125.24.0-255,2902,157557,87,303977
26227,0.043685,172.31.47.0-255,66,157623,87,303977
26228,0.043709,74.125.24.0-255,2902,160525,87,303977
26229,0.043729,172.31.47.0-255,66,160591,87,303977
26230,0.045876,74.125.24.0-255,2902,163493,87,303977
26231,0.045881,172.31.47.0-255,66,163559,87,303977
26232,0.045914,74.125.24.0-255,2902,166461,87,303977
26233,0.04594,172.31.47.0-255,66,166527,87,303977
26234,0.048086,74.125.24.0-255,2902,169429,87,303977
26235,0.048091,172.31.47.0-255,66,169495,87,303977
26236,0.04814,74.125.24.0-255,2902,172397,87,303977
26237,0.048155,172.31.47.0-255,66,172463,87,303977
26238,0.050296,74.125.24.0-255,2902,175365,87,303977
26239,0.050301,172.31.47.0-255,66,175431,87,303977
26240,0.050373,74.125.24.0-255,2902,178333,87,303977
26241,0.050379,172.31.47.0-255,66,178399,87,303977
26242,0.052506,74.125.24.0-255,2902,181301,87,303977
26243,0.052511,172.31.47.0-255,66,181367,87,303977
26244,0.052556,74.125.24.0-255,2902,184269,87,303977
26245,0.052576,172.31.47.0-255,66,184335,87,303977
26246,0.054691,74.125.24.0-255,2902,187237,87,303977
26247,0.054696,172.31.47.0-255,66,187303,87,303977
26248,0.054798,74.125.24.0-255,2902,190205,87,303977
26249,0.054802,172.31.47.0-255,66,190271,87,303977
26250,0.056878,74.125.24.0-255,2902,193173,87,303977
26251,0.056883,172.31.47.0-255,66,193239,87,303977
26252,0.057006,74.125.24.0-255,2902,196141,87,303977
26253,0.057011,172.31.47.0-255,66,196207,87,303977
26254,0.059077,74.125.24.0-255,2902,199109,87,303977
26255,0.059082,172.31.47.0-255,66,199175,87,303977
26256,0.059234,74.125.24.0-255,2902,202077,87,303977
26257,0.059239,172.31.47.0-255,66,202143,87,303977
26258,0.061279,74.125.24.0-255,2902,205045,87,303977
26259,0.061287,172.31.47.0-255,66,205111,87,303977
26260,0.061443,74.125.24.0-255,2902,208013,87,303977
26261,0.061448,172.31.47.0-255,66,208079,87,303977
26262,0.063482,74.125.24.0-255,2902,210981,87,303977
26263,0.063489,172.31.47.0-255,66,211047,87,303977
26264,0.063656,74.125.24.0-255,2902,213949,87,303977
26265,0.06569,74.125.24.0-255,2902,216851,87,303977
26266,0.066008,172.31.47.0-255,66,216917,87,303977
26267,0.068254,74.125.24.0-255,5738,222655,87,303977
26268,0.068275,172.31.47.0-255,66,222721,87,303977
26269,0.070552,74.125.24.0-255,5738,228459,87,303977
26270,0.070566,172.31.47.0-255,66,228525,87,303977
26271,0.072793,74.125.24.0-255,5738,234263,87,303977
26272,0.072802,172.31.47.0-255,66,234329,87,303977
26273,0.075002,74.125.24.0-255,5738,240067,87,303977
26274,0.075011,172.31.47.0-255,66,240133,87,303977
26275,0.077237,74.125.24.0-255,5738,245871,87,303977
26276,0.077244,172.31.47.0-255,66,245937,87,303977
26277,0.07945,74.125.24.0-255,5738,251675,87,303977
26278,0.079459,172.31.47.0-255,66,251741,87,303977
26279,0.08168,74.125.24.0-255,5738,257479,87,303977
26280,0.0817,172.31.47.0-255,66,257545,87,303977
26281,0.083907,74.125.24.0-255,5738,263283,87,303977
26282,0.083915,172.31.47.0-255,66,263349,87,303977
26283,0.086164,74.125.24.0-255,5738,269087,87,303977
26284,0.086179,172.31.47.0-255,66,269153,87,303977
26285,0.088383,74.125.24.0-255,5738,274891,87,303977
26286,0.088391,172.31.47.0-255,66,274957,87,303977
26287,0.090594,74.125.24.0-255,5738,280695,87,303977
26288,0.090605,172.31.47.0-255,66,280761,87,303977
26289,0.092816,74.125.24.0-255,5738,286499,87,303977
26290,0.092833,172.31.47.0-255,66,286565,87,303977
26291,0.095138,74.125.24.0-255,5738,292303,87,303977
26292,0.095153,172.31.47.0-255,66,292369,87,303977
26293,0.097403,74.125.24.0-255,5738,298107,87,303977
26294,0.097419,172.31.47.0-255,66,298173,87,303977
26295,0.099648,74.125.24.0-255,5738,303911,87,303977
26296,0.099666,172.31.47.0-255,66,303977,87,303977
26297,0.0,74.125.200.0-255,153,153,87,299410
26298,1.4e-05,172.31.47.0-255,66,219,87,299410
26299,2.1e-05,74.125.200.0-255,1484,1703,87,299410
26300,2.6e-05,172.31.47.0-255,66,1769,87,299410
26301,3.8e-05,74.125.200.0-255,2902,4671,87,299410
26302,4.1e-05,172.31.47.0-255,66,4737,87,299410
26303,7.8e-05,74.125.200.0-255,7156,11893,87,299410
26304,8.1e-05,172.31.47.0-255,66,11959,87,299410
26305,8.7e-05,74.125.200.0-255,4320,16279,87,299410
26306,8.9e-05,172.31.47.0-255,66,16345,87,299410
26307,0.000111,74.125.200.0-255,3484,19829,87,299410
26308,0.000113,172.31.47.0-255,66,19895,87,299410
26309,0.000129,172.31.47.0-255,66,19961,87,299410
26310,0.000157,74.125.200.0-255,1125,21086,87,299410
26311,0.00016,172.31.47.0-255,66,21152,87,299410
26312,0.000194,74.125.200.0-255,1484,22636,87,299410
26313,0.000197,172.31.47.0-255,66,22702,87,299410
26314,0.00022,74.125.200.0-255,1484,24186,87,299410
26315,0.000222,172.31.47.0-255,66,24252,87,299410
26316,0.000226,74.125.200.0-255,1484,25736,87,299410
26317,0.000227,172.31.47.0-255,66,25802,87,299410
26318,0.000261,74.125.200.0-255,1484,27286,87,299410
26319,0.000264,172.31.47.0-255,66,27352,87,299410
26320,0.000271,74.125.200.0-255,5738,33090,87,299410
26321,0.000273,172.31.47.0-255,66,33156,87,299410
26322,0.00029,172.31.47.0-255,66,33222,87,299410
26323,0.000301,74.125.200.0-255,1484,34706,87,299410
26324,0.000303,172.31.47.0-255,66,34772,87,299410
26325,0.000339,172.31.47.0-255,66,34838,87,299410
26326,0.000362,74.125.200.0-255,109,34947,87,299410
26327,0.000392,74.125.200.0-255,333,35280,87,299410
26328,0.001047,74.125.200.0-255,1484,36764,87,299410
26329,0.001052,172.31.47.0-255,66,36830,87,299410
26330,0.001058,74.125.200.0-255,2902,39732,87,299410
26331,0.00106,172.31.47.0-255,66,39798,87,299410
26332,0.001064,74.125.200.0-255,1484,41282,87,299410
26333,0.001097,74.125.200.0-255,2902,44184,87,299410
26334,0.0011,172.31.47.0-255,66,44250,87,299410
26335,0.001107,74.125.200.0-255,5738,49988,87,299410
26336,0.001109,172.31.47.0-255,66,50054,87,299410
26337,0.00112,74.125.200.0-255,5738,55792,87,299410
26338,0.001122,172.31.47.0-255,66,55858,87,299410
26339,0.001151,74.125.200.0-255,2902,58760,87,299410
26340,0.001153,172.31.47.0-255,66,58826,87,299410
26341,0.001164,172.31.47.0-255,66,58892,87,299410
26342,0.001171,74.125.200.0-255,766,59658,87,299410
26343,0.001428,172.31.47.0-255,66,59724,87,299410
26344,0.002653,74.125.200.0-255,1484,61208,87,299410
26345,0.002664,74.125.200.0-255,2902,64110,87,299410
26346,0.002669,172.31.47.0-255,66,64176,87,299410
26347,0.002676,74.125.200.0-255,4320,68496,87,299410
26348,0.002678,172.31.47.0-255,66,68562,87,299410
26349,0.002696,74.125.200.0-255,1484,70046,87,299410
26350,0.002706,74.125.200.0-255,4320,74366,87,299410
26351,0.002708,172.31.47.0-255,66,74432,87,299410
26352,0.002728,74.125.200.0-255,5738,80170,87,299410
26353,0.00273,172.31.47.0-255,66,80236,87,299410
26354,0.002733,74.125.200.0-255,1484,81720,87,299410
26355,0.002738,74.125.200.0-255,2902,84622,87,299410
26356,0.002739,172.31.47.0-255,66,84688,87,299410
26357,0.002786,74.125.200.0-255,5738,90426,87,299410
26358,0.002788,172.31.47.0-255,66,90492,87,299410
26359,0.002795,74.125.200.0-255,3602,94094,87,299410
26360,0.002796,172.31.47.0-255,66,94160,87,299410
26361,0.002909,74.125.200.0-255,1484,95644,87,299410
26362,0.002921,74.125.200.0-255,2902,98546,87,299410
26363,0.002923,172.31.47.0-255,66,98612,87,299410
26364,0.002945,74.125.200.0-255,1484,100096,87,299410
26365,0.002962,74.125.200.0-255,2902,102998,87,299410
26366,0.002964,172.31.47.0-255,66,103064,87,299410
26367,0.002991,74.125.200.0-255,4320,107384,87,299410
26368,0.002993,172.31.47.0-255,66,107450,87,299410
26369,0.003019,74.125.200.0-255,1484,108934,87,299410
26370,0.003032,172.31.47.0-255,66,109000,87,299410
26371,0.00308,172.31.47.0-255,66,109066,87,299410
26372,0.003207,74.125.200.0-255,1484,110550,87,299410
26373,0.003214,74.125.200.0-255,2902,113452,87,299410
26374,0.003218,172.31.47.0-255,66,113518,87,299410
26375,0.003221,74.125.200.0-255,1484,115002,87,299410
26376,0.003249,74.125.200.0-255,4320,119322,87,299410
26377,0.003252,172.31.47.0-255,66,119388,87,299410
26378,0.003256,74.125.200.0-255,2902,122290,87,299410
26379,0.003258,172.31.47.0-255,66,122356,87,299410
26380,0.003261,74.125.200.0-255,1484,123840,87,299410
26381,0.003294,74.125.200.0-255,2902,126742,87,299410
26382,0.003296,172.31.47.0-255,66,126808,87,299410
26383,0.003303,74.125.200.0-255,5738,132546,87,299410
26384,0.003305,172.31.47.0-255,66,132612,87,299410
26385,0.003313,74.125.200.0-255,2902,135514,87,299410
26386,0.003315,172.31.47.0-255,66,135580,87,299410
26387,0.003318,74.125.200.0-255,1484,137064,87,299410
26388,0.003321,74.125.200.0-255,1484,138548,87,299410
26389,0.003324,172.31.47.0-255,66,138614,87,299410
26390,0.003357,74.125.200.0-255,5020,143634,87,299410
26391,0.003359,172.31.47.0-255,66,143700,87,299410
26392,0.003408,74.125.200.0-255,1484,145184,87,299410
26393,0.003425,74.125.200.0-255,2902,148086,87,299410
26394,0.003428,172.31.47.0-255,66,148152,87,299410
26395,0.003447,74.125.200.0-255,2902,151054,87,299410
26396,0.00345,172.31.47.0-255,66,151120,87,299410
26397,0.003478,74.125.200.0-255,4320,155440,87,299410
26398,0.003481,172.31.47.0-255,66,155506,87,299410
26399,0.003485,74.125.200.0-255,2902,158408,87,299410
26400,0.003487,172.31.47.0-255,66,158474,87,299410
26401,0.003511,74.125.200.0-255,5738,164212,87,299410
26402,0.003518,172.31.47.0-255,66,164278,87,299410
26403,0.003524,74.125.200.0-255,5738,170016,87,299410
26404,0.003526,172.31.47.0-255,66,170082,87,299410
26405,0.003533,74.125.200.0-255,7156,177238,87,299410
26406,0.003535,172.31.47.0-255,66,177304,87,299410
26407,0.003566,172.31.47.0-255,66,177370,87,299410
26408,0.003604,172.31.47.0-255,66,177436,87,299410
26409,0.003611,74.125.200.0-255,7156,184592,87,299410
26410,0.003613,172.31.47.0-255,66,184658,87,299410
26411,0.003623,74.125.200.0-255,5738,190396,87,299410
26412,0.003626,172.31.47.0-255,66,190462,87,299410
26413,0.003657,74.125.200.0-255,2902,193364,87,299410
26414,0.00366,172.31.47.0-255,66,193430,87,299410
26415,0.003663,74.125.200.0-255,2184,195614,87,299410
26416,0.003665,172.31.47.0-255,66,195680,87,299410
26417,0.003702,74.125.200.0-255,2902,198582,87,299410
26418,0.003705,172.31.47.0-255,66,198648,87,299410
26419,0.003709,74.125.200.0-255,2902,201550,87,299410
26420,0.003731,172.31.47.0-255,66,201616,87,299410
26421,0.003735,74.125.200.0-255,1484,203100,87,299410
26422,0.003745,74.125.200.0-255,1484,204584,87,299410
26423,0.003761,74.125.200.0-255,5738,210322,87,299410
26424,0.003764,74.125.200.0-255,1484,211806,87,299410
26425,0.003768,172.31.47.0-255,66,211872,87,299410
26426,0.003789,74.125.200.0-255,7156,219028,87,299410
26427,0.003804,74.125.200.0-255,2184,221212,87,299410
26428,0.003819,172.31.47.0-255,66,221278,87,299410
26429,0.003872,74.125.200.0-255,1484,222762,87,299410
26430,0.003878,74.125.200.0-255,2902,225664,87,299410
26431,0.003927,172.31.47.0-255,66,225730,87,299410
26432,0.003934,74.125.200.0-255,5738,231468,87,299410
26433,0.003938,74.125.200.0-255,2902,234370,87,299410
26434,0.003947,74.125.200.0-255,4320,238690,87,299410
26435,0.003958,74.125.200.0-255,2902,241592,87,299410
26436,0.003972,74.125.200.0-255,4320,245912,87,299410
26437,0.003977,172.31.47.0-255,66,245978,87,299410
26438,0.003985,74.125.200.0-255,1484,247462,87,299410
26439,0.004007,74.125.200.0-255,6438,253900,87,299410
26440,0.004014,74.125.200.0-255,5738,259638,87,299410
26441,0.004027,74.125.200.0-255,2902,262540,87,299410
26442,0.004033,74.125.200.0-255,4320,266860,87,299410
26443,0.004038,172.31.47.0-255,66,266926,87,299410
26444,0.004059,74.125.200.0-255,5738,272664,87,299410
26445,0.004064,74.125.200.0-255,5738,278402,87,299410
26446,0.004081,74.125.200.0-255,2184,280586,87,299410
26447,0.004094,172.31.47.0-255,66,280652,87,299410
26448,0.004113,172.31.47.0-255,66,280718,87,299410
26449,0.00413,74.125.200.0-255,2902,283620,87,299410
26450,0.004141,74.125.200.0-255,1484,285104,87,299410
26451,0.004148,172.31.47.0-255,66,285170,87,299410
26452,0.004177,172.31.47.0-255,66,285236,87,299410
26453,0.004182,74.125.200.0-255,2902,288138,87,299410
26454,0.004207,74.125.200.0-255,1484,289622,87,299410
26455,0.004221,74.125.200.0-255,5092,294714,87,299410
26456,0.004236,172.31.47.0-255,66,294780,87,299410
26457,0.004261,74.125.200.0-255,105,294885,87,299410
26458,0.006349,172.31.47.0-255,66,294951,87,299410
26459,0.006386,172.31.47.0-255,105,295056,87,299410
26460,0.008554,74.125.200.0-255,66,295122,87,299410
26461,0.030813,172.31.47.0-255,172,295294,87,299410
26462,0.030847,172.31.47.0-255,1107,296401,87,299410
26463,0.030911,172.31.47.0-255,1514,297915,87,299410
26464,0.030912,172.31.47.0-255,1297,299212,87,299410
26465,0.032355,104.244.42.0-255,66,299278,87,299410
26466,0.032387,104.244.42.0-255,66,299344,87,299410
26467,0.032483,104.244.42.0-255,66,299410,87,299410
26468,0.0,74.125.24.0-255,150,150,87,185135
26469,2.4e-05,172.31.47.0-255,66,216,87,185135
26470,3.1e-05,74.125.24.0-255,1484,1700,87,185135
26471,3.6e-05,172.31.47.0-255,66,1766,87,185135
26472,4.2e-05,74.125.24.0-255,2902,4668,87,185135
26473,4.6e-05,172.31.47.0-255,66,4734,87,185135
26474,5.3e-05,74.125.24.0-255,7156,11890,87,185135
26475,5.6e-05,172.31.47.0-255,66,11956,87,185135
26476,9.5e-05,172.31.47.0-255,66,12022,87,185135
26477,0.000117,74.125.24.0-255,2543,14565,87,185135
26478,0.00012,172.31.47.0-255,66,14631,87,185135
26479,0.000403,74.125.24.0-255,1484,16115,87,185135
26480,0.000409,172.31.47.0-255,66,16181,87,185135
26481,0.000417,74.125.24.0-255,2902,19083,87,185135
26482,0.000419,172.31.47.0-255,66,19149,87,185135
26483,0.000423,74.125.24.0-255,1484,20633,87,185135
26484,0.000424,172.31.47.0-255,66,20699,87,185135
26485,0.000447,74.125.24.0-255,4320,25019,87,185135
26486,0.00045,172.31.47.0-255,66,25085,87,185135
26487,0.000487,172.31.47.0-255,66,25151,87,185135
26488,0.000498,172.31.47.0-255,66,25217,87,185135
26489,0.000533,74.125.24.0-255,108,25325,87,185135
26490,0.000537,172.31.47.0-255,66,25391,87,185135
26491,0.000654,74.125.24.0-255,1484,26875,87,185135
26492,0.000658,172.31.47.0-255,66,26941,87,185135
26493,0.000663,74.125.24.0-255,2902,29843,87,185135
26494,0.000665,172.31.47.0-255,66,29909,87,185135
26495,0.000706,74.125.24.0-255,5738,35647,87,185135
26496,0.000709,172.31.47.0-255,66,35713,87,185135
26497,0.000716,74.125.24.0-255,6797,42510,87,185135
26498,0.000719,172.31.47.0-255,66,42576,87,185135
26499,0.000726,74.125.24.0-255,5738,48314,87,185135
26500,0.000728,172.31.47.0-255,66,48380,87,185135
26501,0.000755,172.31.47.0-255,66,48446,87,185135
26502,0.000759,74.125.24.0-255,2543,50989,87,185135
26503,0.000761,172.31.47.0-255,66,51055,87,185135
26504,0.000764,74.125.24.0-255,332,51387,87,185135
26505,0.000982,74.125.24.0-255,1484,52871,87,185135
26506,0.000986,172.31.47.0-255,66,52937,87,185135
26507,0.000992,74.125.24.0-255,2902,55839,87,185135
26508,0.000994,172.31.47.0-255,66,55905,87,185135
26509,0.001001,74.125.24.0-255,5738,61643,87,185135
26510,0.001003,172.31.47.0-255,66,61709,87,185135
26511,0.001032,74.125.24.0-255,7156,68865,87,185135
26512,0.001035,172.31.47.0-255,66,68931,87,185135
26513,0.001061,74.125.24.0-255,5738,74669,87,185135
26514,0.001063,172.31.47.0-255,66,74735,87,185135
26515,0.001074,172.31.47.0-255,66,74801,87,185135
26516,0.001133,74.125.24.0-255,2184,76985,87,185135
26517,0.001136,172.31.47.0-255,66,77051,87,185135
26518,0.001281,74.125.24.0-255,1484,78535,87,185135
26519,0.001287,74.125.24.0-255,2902,81437,87,185135
26520,0.00129,172.31.47.0-255,66,81503,87,185135
26521,0.001308,74.125.24.0-255,5738,87241,87,185135
26522,0.001311,172.31.47.0-255,66,87307,87,185135
26523,0.001361,74.125.24.0-255,7156,94463,87,185135
26524,0.001364,172.31.47.0-255,66,94529,87,185135
26525,0.001384,74.125.24.0-255,1484,96013,87,185135
26526,0.001397,172.31.47.0-255,66,96079,87,185135
26527,0.001422,74.125.24.0-255,5020,101099,87,185135
26528,0.001425,172.31.47.0-255,66,101165,87,185135
26529,0.001485,74.125.24.0-255,1484,102649,87,185135
26530,0.001501,74.125.24.0-255,2902,105551,87,185135
26531,0.001505,74.125.24.0-255,2902,108453,87,185135
26532,0.001509,172.31.47.0-255,66,108519,87,185135
26533,0.001517,172.31.47.0-255,66,108585,87,185135
26534,0.001521,74.125.24.0-255,2902,111487,87,185135
26535,0.001523,172.31.47.0-255,66,111553,87,185135
26536,0.001569,172.31.47.0-255,66,111619,87,185135
26537,0.001574,74.125.24.0-255,2902,114521,87,185135
26538,0.001575,172.31.47.0-255,66,114587,87,185135
26539,0.001599,172.31.47.0-255,66,114653,87,185135
26540,0.001621,172.31.47.0-255,66,114719,87,185135
26541,0.001633,172.31.47.0-255,66,114785,87,185135
26542,0.001665,74.125.24.0-255,4320,119105,87,185135
26543,0.001668,172.31.47.0-255,66,119171,87,185135
26544,0.001715,74.125.24.0-255,2184,121355,87,185135
26545,0.00177,172.31.47.0-255,66,121421,87,185135
26546,0.001777,172.31.47.0-255,66,121487,87,185135
26547,0.001828,74.125.24.0-255,766,122253,87,185135
26548,0.001844,172.31.47.0-255,66,122319,87,185135
26549,0.002029,74.125.24.0-255,1484,123803,87,185135
26550,0.002034,74.125.24.0-255,1484,125287,87,185135
26551,0.002037,172.31.47.0-255,66,125353,87,185135
26552,0.00206,74.125.24.0-255,1484,126837,87,185135
26553,0.002068,74.125.24.0-255,5738,132575,87,185135
26554,0.002072,74.125.24.0-255,2902,135477,87,185135
26555,0.002085,172.31.47.0-255,66,135543,87,185135
26556,0.002116,172.31.47.0-255,66,135609,87,185135
26557,0.002135,74.125.24.0-255,4320,139929,87,185135
26558,0.002139,172.31.47.0-255,66,139995,87,185135
26559,0.002149,74.125.24.0-255,6438,146433,87,185135
26560,0.002153,172.31.47.0-255,66,146499,87,185135
26561,0.002186,74.125.24.0-255,5738,152237,87,185135
26562,0.002193,74.125.24.0-255,7156,159393,87,185135
26563,0.002219,172.31.47.0-255,66,159459,87,185135
26564,0.002224,172.31.47.0-255,66,159525,87,185135
26565,0.002236,74.125.24.0-255,4320,163845,87,185135
26566,0.002242,74.125.24.0-255,6438,170283,87,185135
26567,0.002262,172.31.47.0-255,66,170349,87,185135
26568,0.002271,74.125.24.0-255,2902,173251,87,185135
26569,0.002284,172.31.47.0-255,66,173317,87,185135
26570,0.002329,74.125.24.0-255,2902,176219,87,185135
26571,0.002341,74.125.24.0-255,4218,180437,87,185135
26572,0.002351,172.31.47.0-255,66,180503,87,185135
26573,0.002361,74.125.24.0-255,105,180608,87,185135
26574,0.004233,172.31.47.0-255,66,180674,87,185135
26575,0.004266,172.31.47.0-255,105,180779,87,185135
26576,0.006763,74.125.24.0-255,66,180845,87,185135
26577,0.031657,172.31.47.0-255,172,181017,87,185135
26578,0.031686,172.31.47.0-255,1111,182128,87,185135
26579,0.031738,172.31.47.0-255,1514,183642,87,185135
26580,0.03174,172.31.47.0-255,1295,184937,87,185135
26581,0.033214,104.244.42.0-255,66,185003,87,185135
26582,0.033247,104.244.42.0-255,66,185069,87,185135
26583,0.033278,104.244.42.0-255,66,185135,87,185135
26584,0.0,172.217.194.0-255,150,150,87,191640
26585,2.6e-05,172.31.47.0-255,66,216,87,191640
26586,3.2e-05,172.217.194.0-255,1484,1700,87,191640
26587,3.5e-05,172.31.47.0-255,66,1766,87,191640
26588,3.9e-05,172.217.194.0-255,2902,4668,87,191640
26589,4.1e-05,172.31.47.0-255,66,4734,87,191640
26590,5.2e-05,172.217.194.0-255,4320,9054,87,191640
26591,5.4e-05,172.31.47.0-255,66,9120,87,191640
26592,9.3e-05,172.31.47.0-255,66,9186,87,191640
26593,0.000102,172.31.47.0-255,66,9252,87,191640
26594,0.000128,172.217.194.0-255,1125,10377,87,191640
26595,0.00013,172.31.47.0-255,66,10443,87,191640
26596,0.000196,172.217.194.0-255,1484,11927,87,191640
26597,0.000198,172.31.47.0-255,66,11993,87,191640
26598,0.000226,172.217.194.0-255,2902,14895,87,191640
26599,0.000228,172.31.47.0-255,66,14961,87,191640
26600,0.000235,172.217.194.0-255,5738,20699,87,191640
26601,0.000237,172.31.47.0-255,66,20765,87,191640
26602,0.000283,172.217.194.0-255,6797,27562,87,191640
26603,0.000287,172.31.47.0-255,66,27628,87,191640
26604,0.000293,172.217.194.0-255,7156,34784,87,191640
26605,0.000296,172.31.47.0-255,66,34850,87,191640
26606,0.000311,172.31.47.0-255,66,34916,87,191640
26607,0.000342,172.217.194.0-255,1780,36696,87,191640
26608,0.000345,172.31.47.0-255,66,36762,87,191640
26609,0.000353,172.217.194.0-255,2902,39664,87,191640
26610,0.000355,172.31.47.0-255,66,39730,87,191640
26611,0.000358,172.217.194.0-255,1484,41214,87,191640
26612,0.00036,172.31.47.0-255,66,41280,87,191640
26613,0.000384,172.217.194.0-255,5738,47018,87,191640
26614,0.000388,172.31.47.0-255,66,47084,87,191640
26615,0.000398,172.217.194.0-255,5379,52463,87,191640
26616,0.0004,172.31.47.0-255,66,52529,87,191640
26617,0.000403,172.217.194.0-255,1484,54013,87,191640
26618,0.000438,172.217.194.0-255,4320,58333,87,191640
26619,0.000441,172.31.47.0-255,66,58399,87,191640
26620,0.000469,172.31.47.0-255,66,58465,87,191640
26621,0.000491,172.217.194.0-255,1125,59590,87,191640
26622,0.000894,172.31.47.0-255,66,59656,87,191640
26623,0.000903,172.217.194.0-255,1484,61140,87,191640
26624,0.00092,172.217.194.0-255,2902,64042,87,191640
26625,0.000923,172.31.47.0-255,66,64108,87,191640
26626,0.000929,172.217.194.0-255,5738,69846,87,191640
26627,0.000931,172.31.47.0-255,66,69912,87,191640
26628,0.000961,172.31.47.0-255,66,69978,87,191640
26629,0.000985,172.217.194.0-255,2902,72880,87,191640
26630,0.000988,172.31.47.0-255,66,72946,87,191640
26631,0.001003,172.31.47.0-255,66,73012,87,191640
26632,0.001025,172.217.194.0-255,1484,74496,87,191640
26633,0.00103,172.217.194.0-255,2902,77398,87,191640
26634,0.001032,172.31.47.0-255,66,77464,87,191640
26635,0.001059,172.217.194.0-255,5738,83202,87,191640
26636,0.001062,172.31.47.0-255,66,83268,87,191640
26637,0.001068,172.217.194.0-255,5738,89006,87,191640
26638,0.00107,172.31.47.0-255,66,89072,87,191640
26639,0.001103,172.217.194.0-255,7156,96228,87,191640
26640,0.001106,172.31.47.0-255,66,96294,87,191640
26641,0.001115,172.31.47.0-255,66,96360,87,191640
26642,0.001131,172.217.194.0-255,2902,99262,87,191640
26643,0.001133,172.31.47.0-255,66,99328,87,191640
26644,0.001169,172.31.47.0-255,66,99394,87,191640
26645,0.00118,172.31.47.0-255,66,99460,87,191640
26646,0.001222,172.31.47.0-255,66,99526,87,191640
26647,0.001309,172.217.194.0-255,1484,101010,87,191640
26648,0.001312,172.217.194.0-255,1484,102494,87,191640
26649,0.001315,172.31.47.0-255,66,102560,87,191640
26650,0.001336,172.217.194.0-255,1484,104044,87,191640
26651,0.001342,172.217.194.0-255,5738,109782,87,191640
26652,0.001345,172.31.47.0-255,66,109848,87,191640
26653,0.001349,172.217.194.0-255,4320,114168,87,191640
26654,0.001351,172.31.47.0-255,66,114234,87,191640
26655,0.001388,172.31.47.0-255,66,114300,87,191640
26656,0.001433,172.217.194.0-255,4320,118620,87,191640
26657,0.001437,172.31.47.0-255,66,118686,87,191640
26658,0.001449,172.217.194.0-255,6438,125124,87,191640
26659,0.001455,172.31.47.0-255,66,125190,87,191640
26660,0.001458,172.217.194.0-255,1484,126674,87,191640
26661,0.001462,172.217.194.0-255,2902,129576,87,191640
26662,0.001463,172.31.47.0-255,66,129642,87,191640
26663,0.001469,172.217.194.0-255,5738,135380,87,191640
26664,0.001471,172.31.47.0-255,66,135446,87,191640
26665,0.001525,172.31.47.0-255,66,135512,87,191640
26666,0.001534,172.31.47.0-255,66,135578,87,191640
26667,0.001539,172.217.194.0-255,5020,140598,87,191640
26668,0.001546,172.31.47.0-255,66,140664,87,191640
26669,0.001622,172.217.194.0-255,1484,142148,87,191640
26670,0.001636,172.217.194.0-255,2902,145050,87,191640
26671,0.001639,172.31.47.0-255,66,145116,87,191640
26672,0.001663,172.217.194.0-255,5738,150854,87,191640
26673,0.001665,172.31.47.0-255,66,150920,87,191640
26674,0.001698,172.31.47.0-255,66,150986,87,191640
26675,0.001703,172.217.194.0-255,5738,156724,87,191640
26676,0.001705,172.31.47.0-255,66,156790,87,191640
26677,0.001728,172.217.194.0-255,2902,159692,87,191640
26678,0.001731,172.31.47.0-255,66,159758,87,191640
26679,0.001751,172.217.194.0-255,5020,164778,87,191640
26680,0.001753,172.31.47.0-255,66,164844,87,191640
26681,0.001763,172.217.194.0-255,5738,170582,87,191640
26682,0.001766,172.31.47.0-255,66,170648,87,191640
26683,0.00177,172.217.194.0-255,2902,173550,87,191640
26684,0.001772,172.31.47.0-255,66,173616,87,191640
26685,0.001817,172.31.47.0-255,66,173682,87,191640
26686,0.001828,172.31.47.0-255,66,173748,87,191640
26687,0.001862,172.31.47.0-255,66,173814,87,191640
26688,0.001905,172.31.47.0-255,66,173880,87,191640
26689,0.001914,172.31.47.0-255,66,173946,87,191640
26690,0.00196,172.31.47.0-255,66,174012,87,191640
26691,0.00199,172.217.194.0-255,6438,180450,87,191640
26692,0.001993,172.31.47.0-255,66,180516,87,191640
26693,0.001999,172.217.194.0-255,6353,186869,87,191640
26694,0.002002,172.31.47.0-255,66,186935,87,191640
26695,0.002009,172.217.194.0-255,105,187040,87,191640
26696,0.003272,172.31.47.0-255,66,187106,87,191640
26697,0.003294,172.31.47.0-255,105,187211,87,191640
26698,0.005603,172.217.194.0-255,66,187277,87,191640
26699,0.026985,172.31.47.0-255,247,187524,87,191640
26700,0.02701,172.31.47.0-255,1107,188631,87,191640
26701,0.027045,172.31.47.0-255,1514,190145,87,191640
26702,0.027047,172.31.47.0-255,1297,191442,87,191640
26703,0.028533,104.244.42.0-255,66,191508,87,191640
26704,0.02854,104.244.42.0-255,66,191574,87,191640
26705,0.028547,104.244.42.0-255,66,191640,87,191640
26706,0.0,172.217.194.0-255,298,298,87,244465
26707,0.000111,172.31.47.0-255,66,364,87,244465
26708,0.000119,172.217.194.0-255,1484,1848,87,244465
26709,0.000123,172.31.47.0-255,66,1914,87,244465
26710,0.000125,172.217.194.0-255,1484,3398,87,244465
26711,0.000128,172.31.47.0-255,66,3464,87,244465
26712,0.000141,172.217.194.0-255,2902,6366,87,244465
26713,0.000144,172.31.47.0-255,66,6432,87,244465
26714,0.00015,172.217.194.0-255,5738,12170,87,244465
26715,0.000153,172.31.47.0-255,66,12236,87,244465
26716,0.000157,172.217.194.0-255,1786,14022,87,244465
26717,0.000159,172.31.47.0-255,66,14088,87,244465
26718,0.00017,172.31.47.0-255,66,14154,87,244465
26719,0.000177,172.217.194.0-255,6797,20951,87,244465
26720,0.00018,172.31.47.0-255,66,21017,87,244465
26721,0.00021,172.217.194.0-255,1484,22501,87,244465
26722,0.000213,172.31.47.0-255,66,22567,87,244465
26723,0.000218,172.217.194.0-255,2902,25469,87,244465
26724,0.000221,172.31.47.0-255,66,25535,87,244465
26725,0.000227,172.217.194.0-255,5738,31273,87,244465
26726,0.00023,172.31.47.0-255,66,31339,87,244465
26727,0.000232,172.217.194.0-255,1484,32823,87,244465
26728,0.000234,172.31.47.0-255,66,32889,87,244465
26729,0.000272,172.217.194.0-255,5379,38268,87,244465
26730,0.000275,172.31.47.0-255,66,38334,87,244465
26731,0.000281,172.217.194.0-255,4320,42654,87,244465
26732,0.000283,172.31.47.0-255,66,42720,87,244465
26733,0.000317,172.31.47.0-255,66,42786,87,244465
26734,0.000321,172.217.194.0-255,2799,45585,87,244465
26735,0.000323,172.31.47.0-255,66,45651,87,244465
26736,0.000326,172.217.194.0-255,117,45768,87,244465
26737,0.000581,172.217.194.0-255,382,46150,87,244465
26738,0.000615,172.217.194.0-255,1484,47634,87,244465
26739,0.000627,172.31.47.0-255,66,47700,87,244465
26740,0.000637,172.217.194.0-255,4320,52020,87,244465
26741,0.000639,172.31.47.0-255,66,52086,87,244465
26742,0.00065,172.217.194.0-255,4320,56406,87,244465
26743,0.000654,172.31.47.0-255,66,56472,87,244465
26744,0.000698,172.31.47.0-255,66,56538,87,244465
26745,0.000712,172.31.47.0-255,66,56604,87,244465
26746,0.000733,172.217.194.0-255,5020,61624,87,244465
26747,0.00074,172.31.47.0-255,66,61690,87,244465
26748,0.000791,172.217.194.0-255,1484,63174,87,244465
26749,0.000795,172.217.194.0-255,2902,66076,87,244465
26750,0.000799,172.31.47.0-255,66,66142,87,244465
26751,0.0008,172.217.194.0-255,5738,71880,87,244465
26752,0.000805,172.217.194.0-255,5738,77618,87,244465
26753,0.000816,172.31.47.0-255,66,77684,87,244465
26754,0.000861,172.217.194.0-255,5020,82704,87,244465
26755,0.000861,172.31.47.0-255,66,82770,87,244465
26756,0.000874,172.31.47.0-255,66,82836,87,244465
26757,0.000905,172.217.194.0-255,5738,88574,87,244465
26758,0.00091,172.31.47.0-255,66,88640,87,244465
26759,0.000937,172.217.194.0-255,4320,92960,87,244465
26760,0.000946,172.31.47.0-255,66,93026,87,244465
26761,0.000951,172.217.194.0-255,4320,97346,87,244465
26762,0.000951,172.31.47.0-255,66,97412,87,244465
26763,0.000966,172.31.47.0-255,66,97478,87,244465
26764,0.000975,172.217.194.0-255,7156,104634,87,244465
26765,0.000978,172.217.194.0-255,766,105400,87,244465
26766,0.000981,172.31.47.0-255,66,105466,87,244465
26767,0.001003,172.217.194.0-255,1484,106950,87,244465
26768,0.001047,172.217.194.0-255,4320,111270,87,244465
26769,0.001056,172.31.47.0-255,66,111336,87,244465
26770,0.001062,172.217.194.0-255,7156,118492,87,244465
26771,0.001062,172.31.47.0-255,66,118558,87,244465
26772,0.001079,172.31.47.0-255,66,118624,87,244465
26773,0.001115,172.217.194.0-255,5738,124362,87,244465
26774,0.001123,172.31.47.0-255,66,124428,87,244465
26775,0.001132,172.217.194.0-255,5020,129448,87,244465
26776,0.001138,172.31.47.0-255,66,129514,87,244465
26777,0.001319,172.217.194.0-255,1484,130998,87,244465
26778,0.001338,172.217.194.0-255,2902,133900,87,244465
26779,0.001342,172.31.47.0-255,66,133966,87,244465
26780,0.001349,172.217.194.0-255,5738,139704,87,244465
26781,0.001357,172.31.47.0-255,66,139770,87,244465
26782,0.001385,172.31.47.0-255,66,139836,87,244465
26783,0.001415,172.217.194.0-255,4320,144156,87,244465
26784,0.001418,172.31.47.0-255,66,144222,87,244465
26785,0.00146,172.31.47.0-255,66,144288,87,244465
26786,0.001488,172.217.194.0-255,4320,148608,87,244465
26787,0.001495,172.217.194.0-255,5738,154346,87,244465
26788,0.001495,172.31.47.0-255,66,154412,87,244465
26789,0.001499,172.31.47.0-255,66,154478,87,244465
26790,0.001546,172.31.47.0-255,66,154544,87,244465
26791,0.001581,172.217.194.0-255,4320,158864,87,244465
26792,0.001589,172.31.47.0-255,66,158930,87,244465
26793,0.00162,172.31.47.0-255,66,158996,87,244465
26794,0.001647,172.217.194.0-255,1484,160480,87,244465
26795,0.00166,172.217.194.0-255,2902,163382,87,244465
26796,0.001663,172.217.194.0-255,1484,164866,87,244465
26797,0.001664,172.31.47.0-255,66,164932,87,244465
26798,0.001689,172.217.194.0-255,2902,167834,87,244465
26799,0.001697,172.31.47.0-255,66,167900,87,244465
26800,0.001736,172.217.194.0-255,4320,172220,87,244465
26801,0.00174,172.31.47.0-255,66,172286,87,244465
26802,0.001747,172.217.194.0-255,1484,173770,87,244465
26803,0.00175,172.217.194.0-255,1484,175254,87,244465
26804,0.001761,172.31.47.0-255,66,175320,87,244465
26805,0.001765,172.31.47.0-255,66,175386,87,244465
26806,0.001766,172.217.194.0-255,7156,182542,87,244465
26807,0.001779,172.31.47.0-255,66,182608,87,244465
26808,0.001787,172.217.194.0-255,2184,184792,87,244465
26809,0.001791,172.31.47.0-255,66,184858,87,244465
26810,0.001841,172.217.194.0-255,1484,186342,87,244465
26811,0.001845,172.217.194.0-255,1484,187826,87,244465
26812,0.001852,172.31.47.0-255,66,187892,87,244465
26813,0.001859,172.217.194.0-255,1484,189376,87,244465
26814,0.001865,172.217.194.0-255,5738,195114,87,244465
26815,0.001872,172.31.47.0-255,66,195180,87,244465
26816,0.001882,172.217.194.0-255,7156,202336,87,244465
26817,0.001886,172.31.47.0-255,66,202402,87,244465
26818,0.001935,172.217.194.0-255,1484,203886,87,244465
26819,0.001936,172.31.47.0-255,66,203952,87,244465
26820,0.001938,172.217.194.0-255,2184,206136,87,244465
26821,0.001955,172.31.47.0-255,66,206202,87,244465
26822,0.001986,172.217.194.0-255,4320,210522,87,244465
26823,0.001986,172.31.47.0-255,66,210588,87,244465
26824,0.001997,172.31.47.0-255,66,210654,87,244465
26825,0.002021,172.217.194.0-255,7156,217810,87,244465
26826,0.002026,172.31.47.0-255,66,217876,87,244465
26827,0.002039,172.217.194.0-255,4320,222196,87,244465
26828,0.002047,172.31.47.0-255,66,222262,87,244465
26829,0.002059,172.217.194.0-255,5738,228000,87,244465
26830,0.002069,172.31.47.0-255,66,228066,87,244465
26831,0.002082,172.217.194.0-255,3602,231668,87,244465
26832,0.002091,172.31.47.0-255,66,231734,87,244465
26833,0.002102,172.31.47.0-255,66,231800,87,244465
26834,0.002107,172.31.47.0-255,66,231866,87,244465
26835,0.002124,172.217.194.0-255,1484,233350,87,244465
26836,0.002146,172.31.47.0-255,66,233416,87,244465
26837,0.00216,172.217.194.0-255,3367,236783,87,244465
26838,0.002163,172.217.194.0-255,105,236888,87,244465
26839,0.00217,172.31.47.0-255,66,236954,87,244465
26840,0.003478,172.31.47.0-255,105,237059,87,244465
26841,0.005739,172.217.194.0-255,66,237125,87,244465
26842,0.034612,172.31.47.0-255,172,237297,87,244465
26843,0.034641,172.31.47.0-255,1111,238408,87,244465
26844,0.034688,172.31.47.0-255,1514,239922,87,244465
26845,0.034709,172.31.47.0-255,1514,241436,87,244465
26846,0.034718,172.31.47.0-255,1514,242950,87,244465
26847,0.034738,172.31.47.0-255,1077,244027,87,244465
26848,0.036137,104.244.42.0-255,66,244093,87,244465
26849,0.036377,104.244.42.0-255,66,244159,87,244465
26850,0.03638,104.244.42.0-255,66,244225,87,244465
26851,0.036382,104.244.42.0-255,66,244291,87,244465
26852,0.03689,104.244.42.0-255,108,244399,87,244465
26853,0.036894,172.31.47.0-255,66,244465,87,244465
26854,0.0,172.217.194.0-255,163,163,87,274215
26855,2.4e-05,172.31.47.0-255,66,229,87,274215
26856,3e-05,172.217.194.0-255,1484,1713,87,274215
26857,3.4e-05,172.31.47.0-255,66,1779,87,274215
26858,3.9e-05,172.217.194.0-255,2902,4681,87,274215
26859,4.1e-05,172.31.47.0-255,66,4747,87,274215
26860,5e-05,172.217.194.0-255,1484,6231,87,274215
26861,5.2e-05,172.31.47.0-255,66,6297,87,274215
26862,5.8e-05,172.217.194.0-255,5738,12035,87,274215
26863,6e-05,172.31.47.0-255,66,12101,87,274215
26864,7.2e-05,172.31.47.0-255,66,12167,87,274215
26865,7.8e-05,172.217.194.0-255,5379,17546,87,274215
26866,8.1e-05,172.31.47.0-255,66,17612,87,274215
26867,0.00027,172.217.194.0-255,1484,19096,87,274215
26868,0.000275,172.31.47.0-255,66,19162,87,274215
26869,0.00028,172.217.194.0-255,1484,20646,87,274215
26870,0.000282,172.31.47.0-255,66,20712,87,274215
26871,0.000299,172.217.194.0-255,1484,22196,87,274215
26872,0.000305,172.31.47.0-255,66,22262,87,274215
26873,0.000323,172.217.194.0-255,2902,25164,87,274215
26874,0.000326,172.31.47.0-255,66,25230,87,274215
26875,0.00035,172.217.194.0-255,2902,28132,87,274215
26876,0.000353,172.31.47.0-255,66,28198,87,274215
26877,0.000379,172.217.194.0-255,1484,29682,87,274215
26878,0.000382,172.31.47.0-255,66,29748,87,274215
26879,0.000417,172.31.47.0-255,66,29814,87,274215
26880,0.000452,172.217.194.0-255,1484,31298,87,274215
26881,0.000455,172.31.47.0-255,66,31364,87,274215
26882,0.000473,172.217.194.0-255,1125,32489,87,274215
26883,0.000475,172.31.47.0-255,66,32555,87,274215
26884,0.000479,172.217.194.0-255,1484,34039,87,274215
26885,0.000508,172.217.194.0-255,2902,36941,87,274215
26886,0.000512,172.31.47.0-255,66,37007,87,274215
26887,0.000541,172.217.194.0-255,5379,42386,87,274215
26888,0.000545,172.31.47.0-255,66,42452,87,274215
26889,0.00093,172.217.194.0-255,647,43099,87,274215
26890,0.001102,172.217.194.0-255,1484,44583,87,274215
26891,0.001107,172.31.47.0-255,66,44649,87,274215
26892,0.001113,172.217.194.0-255,1484,46133,87,274215
26893,0.001134,172.217.194.0-255,1484,47617,87,274215
26894,0.001136,172.31.47.0-255,66,47683,87,274215
26895,0.001155,172.217.194.0-255,2902,50585,87,274215
26896,0.001158,172.31.47.0-255,66,50651,87,274215
26897,0.001183,172.217.194.0-255,2902,53553,87,274215
26898,0.001186,172.31.47.0-255,66,53619,87,274215
26899,0.001224,172.31.47.0-255,66,53685,87,274215
26900,0.001255,172.217.194.0-255,1484,55169,87,274215
26901,0.001269,172.31.47.0-255,66,55235,87,274215
26902,0.001306,172.217.194.0-255,2184,57419,87,274215
26903,0.001309,172.31.47.0-255,66,57485,87,274215
26904,0.001415,172.217.194.0-255,1484,58969,87,274215
26905,0.00144,172.217.194.0-255,1484,60453,87,274215
26906,0.001443,172.31.47.0-255,66,60519,87,274215
26907,0.001459,172.217.194.0-255,1484,62003,87,274215
26908,0.001478,172.217.194.0-255,5738,67741,87,274215
26909,0.00148,172.31.47.0-255,66,67807,87,274215
26910,0.001506,172.217.194.0-255,4320,72127,87,274215
26911,0.001509,172.31.47.0-255,66,72193,87,274215
26912,0.001533,172.217.194.0-255,4320,76513,87,274215
26913,0.001536,172.31.47.0-255,66,76579,87,274215
26914,0.001541,172.217.194.0-255,4320,80899,87,274215
26915,0.001543,172.31.47.0-255,66,80965,87,274215
26916,0.001568,172.217.194.0-255,5738,86703,87,274215
26917,0.001571,172.31.47.0-255,66,86769,87,274215
26918,0.001612,172.217.194.0-255,1484,88253,87,274215
26919,0.00163,172.217.194.0-255,3602,91855,87,274215
26920,0.001632,172.31.47.0-255,66,91921,87,274215
26921,0.001716,172.217.194.0-255,1484,93405,87,274215
26922,0.001728,172.217.194.0-255,2902,96307,87,274215
26923,0.00173,172.31.47.0-255,66,96373,87,274215
26924,0.001749,172.217.194.0-255,4320,100693,87,274215
26925,0.001752,172.31.47.0-255,66,100759,87,274215
26926,0.001774,172.217.194.0-255,1484,102243,87,274215
26927,0.001799,172.217.194.0-255,1484,103727,87,274215
26928,0.001801,172.31.47.0-255,66,103793,87,274215
26929,0.001825,172.217.194.0-255,5738,109531,87,274215
26930,0.001827,172.31.47.0-255,66,109597,87,274215
26931,0.001856,172.217.194.0-255,5738,115335,87,274215
26932,0.001858,172.31.47.0-255,66,115401,87,274215
26933,0.001864,172.217.194.0-255,5738,121139,87,274215
26934,0.001866,172.31.47.0-255,66,121205,87,274215
26935,0.001876,172.217.194.0-255,5020,126225,87,274215
26936,0.001879,172.31.47.0-255,66,126291,87,274215
26937,0.00225,172.217.194.0-255,1484,127775,87,274215
26938,0.002268,172.217.194.0-255,2902,130677,87,274215
26939,0.00227,172.31.47.0-255,66,130743,87,274215
26940,0.002274,172.217.194.0-255,1484,132227,87,274215
26941,0.002298,172.217.194.0-255,4320,136547,87,274215
26942,0.002302,172.31.47.0-255,66,136613,87,274215
26943,0.002335,172.217.194.0-255,2902,139515,87,274215
26944,0.002338,172.31.47.0-255,66,139581,87,274215
26945,0.002363,172.217.194.0-255,5738,145319,87,274215
26946,0.002365,172.31.47.0-255,66,145385,87,274215
26947,0.002392,172.217.194.0-255,4320,149705,87,274215
26948,0.002394,172.31.47.0-255,66,149771,87,274215
26949,0.002411,172.217.194.0-255,2902,152673,87,274215
26950,0.002413,172.31.47.0-255,66,152739,87,274215
26951,0.002444,172.31.47.0-255,66,152805,87,274215
26952,0.00264,172.217.194.0-255,1484,154289,87,274215
26953,0.002654,172.217.194.0-255,2902,157191,87,274215
26954,0.002656,172.31.47.0-255,66,157257,87,274215
26955,0.002685,172.217.194.0-255,5738,162995,87,274215
26956,0.002688,172.31.47.0-255,66,163061,87,274215
26957,0.002713,172.217.194.0-255,7156,170217,87,274215
26958,0.002717,172.31.47.0-255,66,170283,87,274215
26959,0.00272,172.217.194.0-255,1484,171767,87,274215
26960,0.002766,172.31.47.0-255,66,171833,87,274215
26961,0.002769,172.217.194.0-255,2184,174017,87,274215
26962,0.002771,172.31.47.0-255,66,174083,87,274215
26963,0.002796,172.217.194.0-255,4320,178403,87,274215
26964,0.002798,172.31.47.0-255,66,178469,87,274215
26965,0.00283,172.31.47.0-255,66,178535,87,274215
26966,0.00284,172.31.47.0-255,66,178601,87,274215
26967,0.002889,172.217.194.0-255,7156,185757,87,274215
26968,0.002893,172.31.47.0-255,66,185823,87,274215
26969,0.002898,172.217.194.0-255,3602,189425,87,274215
26970,0.002901,172.31.47.0-255,66,189491,87,274215
26971,0.002904,172.217.194.0-255,1484,190975,87,274215
26972,0.002952,172.217.194.0-255,2902,193877,87,274215
26973,0.002958,172.31.47.0-255,66,193943,87,274215
26974,0.002964,172.217.194.0-255,5738,199681,87,274215
26975,0.002967,172.31.47.0-255,66,199747,87,274215
26976,0.002986,172.217.194.0-255,5738,205485,87,274215
26977,0.002989,172.31.47.0-255,66,205551,87,274215
26978,0.003014,172.217.194.0-255,7156,212707,87,274215
26979,0.003017,172.31.47.0-255,66,212773,87,274215
26980,0.003023,172.217.194.0-255,5738,218511,87,274215
26981,0.003025,172.31.47.0-255,66,218577,87,274215
26982,0.003047,172.217.194.0-255,5020,223597,87,274215
26983,0.00305,172.31.47.0-255,66,223663,87,274215
26984,0.003053,172.217.194.0-255,1484,225147,87,274215
26985,0.003091,172.31.47.0-255,66,225213,87,274215
26986,0.003121,172.217.194.0-255,2902,228115,87,274215
26987,0.003124,172.31.47.0-255,66,228181,87,274215
26988,0.003211,172.217.194.0-255,4320,232501,87,274215
26989,0.003229,172.217.194.0-255,5738,238239,87,274215
26990,0.00325,172.217.194.0-255,5738,243977,87,274215
26991,0.003294,172.217.194.0-255,2184,246161,87,274215
26992,0.003306,172.217.194.0-255,2902,249063,87,274215
26993,0.003373,172.217.194.0-255,766,249829,87,274215
26994,0.003378,172.217.194.0-255,4320,254149,87,274215
26995,0.003396,172.217.194.0-255,5738,259887,87,274215
26996,0.003411,172.217.194.0-255,7156,267043,87,274215
26997,0.003425,172.217.194.0-255,2542,269585,87,274215
26998,0.003429,172.217.194.0-255,105,269690,87,274215
26999,0.010161,172.31.47.0-255,66,269756,87,274215
27000,0.013006,172.31.47.0-255,105,269861,87,274215
27001,0.015587,172.217.194.0-255,66,269927,87,274215
27002,0.045288,172.31.47.0-255,172,270099,87,274215
27003,0.045317,172.31.47.0-255,1103,271202,87,274215
27004,0.045349,172.31.47.0-255,1514,272716,87,274215
27005,0.045369,172.31.47.0-255,1301,274017,87,274215
27006,0.046842,104.244.42.0-255,66,274083,87,274215
27007,0.046898,104.244.42.0-255,66,274149,87,274215
27008,0.046929,104.244.42.0-255,66,274215,87,274215
27009,0.0,172.217.194.0-255,153,153,87,256769
27010,3.2e-05,172.31.47.0-255,66,219,87,256769
27011,3.9e-05,172.217.194.0-255,1484,1703,87,256769
27012,4.2e-05,172.31.47.0-255,66,1769,87,256769
27013,4.6e-05,172.217.194.0-255,2902,4671,87,256769
27014,5.5e-05,172.31.47.0-255,66,4737,87,256769
27015,0.000104,172.217.194.0-255,2902,7639,87,256769
27016,0.000107,172.31.47.0-255,66,7705,87,256769
27017,0.000129,172.217.194.0-255,4320,12025,87,256769
27018,0.000132,172.31.47.0-255,66,12091,87,256769
27019,0.000304,172.217.194.0-255,4811,16902,87,256769
27020,0.000309,172.31.47.0-255,66,16968,87,256769
27021,0.000427,172.31.47.0-255,66,17034,87,256769
27022,0.000453,172.217.194.0-255,3961,20995,87,256769
27023,0.000455,172.31.47.0-255,66,21061,87,256769
27024,0.000788,172.217.194.0-255,5738,26799,87,256769
27025,0.000792,172.31.47.0-255,66,26865,87,256769
27026,0.000826,172.31.47.0-255,66,26931,87,256769
27027,0.001199,172.217.194.0-255,5738,32669,87,256769
27028,0.001205,172.31.47.0-255,66,32735,87,256769
27029,0.001235,172.31.47.0-255,66,32801,87,256769
27030,0.001662,172.217.194.0-255,2902,35703,87,256769
27031,0.001664,172.31.47.0-255,66,35769,87,256769
27032,0.0017,172.31.47.0-255,66,35835,87,256769
27033,0.00206,172.217.194.0-255,4320,40155,87,256769
27034,0.002062,172.31.47.0-255,66,40221,87,256769
27035,0.002099,172.31.47.0-255,66,40287,87,256769
27036,0.002921,172.217.194.0-255,4320,44607,87,256769
27037,0.003818,172.217.194.0-255,5738,50345,87,256769
27038,0.004404,172.31.47.0-255,66,50411,87,256769
27039,0.004638,172.217.194.0-255,7156,57567,87,256769
27040,0.004646,172.31.47.0-255,66,57633,87,256769
27041,0.004671,172.31.47.0-255,66,57699,87,256769
27042,0.004735,172.31.47.0-255,66,57765,87,256769
27043,0.007242,172.217.194.0-255,5738,63503,87,256769
27044,0.00725,172.31.47.0-255,66,63569,87,256769
27045,0.009777,172.217.194.0-255,5738,69307,87,256769
27046,0.009785,172.31.47.0-255,66,69373,87,256769
27047,0.012341,172.217.194.0-255,5738,75111,87,256769
27048,0.012349,172.31.47.0-255,66,75177,87,256769
27049,0.014891,172.217.194.0-255,5738,80915,87,256769
27050,0.014899,172.31.47.0-255,66,80981,87,256769
27051,0.017414,172.217.194.0-255,5738,86719,87,256769
27052,0.017421,172.31.47.0-255,66,86785,87,256769
27053,0.019931,172.217.194.0-255,5738,92523,87,256769
27054,0.019937,172.31.47.0-255,66,92589,87,256769
27055,0.022465,172.217.194.0-255,5738,98327,87,256769
27056,0.022471,172.31.47.0-255,66,98393,87,256769
27057,0.023106,172.31.47.0-255,172,98565,87,256769
27058,0.023134,172.31.47.0-255,1111,99676,87,256769
27059,0.023166,172.31.47.0-255,1514,101190,87,256769
27060,0.023167,172.31.47.0-255,1514,102704,87,256769
27061,0.023172,172.31.47.0-255,1514,104218,87,256769
27062,0.023172,172.31.47.0-255,1073,105291,87,256769
27063,0.024617,104.244.42.0-255,66,105357,87,256769
27064,0.024722,104.244.42.0-255,66,105423,87,256769
27065,0.024725,104.244.42.0-255,66,105489,87,256769
27066,0.024745,104.244.42.0-255,66,105555,87,256769
27067,0.025015,172.217.194.0-255,2902,108457,87,256769
27068,0.025018,172.31.47.0-255,66,108523,87,256769
27069,0.025047,172.217.194.0-255,2902,111425,87,256769
27070,0.025066,172.31.47.0-255,66,111491,87,256769
27071,0.027604,172.217.194.0-255,2902,114393,87,256769
27072,0.027613,172.31.47.0-255,66,114459,87,256769
27073,0.027647,172.217.194.0-255,2902,117361,87,256769
27074,0.02795,172.31.47.0-255,66,117427,87,256769
27075,0.030154,172.217.194.0-255,2902,120329,87,256769
27076,0.030161,172.31.47.0-255,66,120395,87,256769
27077,0.030467,172.217.194.0-255,2902,123297,87,256769
27078,0.030472,172.31.47.0-255,66,123363,87,256769
27079,0.032675,172.217.194.0-255,2902,126265,87,256769
27080,0.03268,172.31.47.0-255,66,126331,87,256769
27081,0.033002,172.217.194.0-255,2902,129233,87,256769
27082,0.033007,172.31.47.0-255,66,129299,87,256769
27083,0.035222,172.217.194.0-255,2902,132201,87,256769
27084,0.035227,172.31.47.0-255,66,132267,87,256769
27085,0.035537,172.217.194.0-255,2902,135169,87,256769
27086,0.035541,172.31.47.0-255,66,135235,87,256769
27087,0.037732,172.217.194.0-255,2902,138137,87,256769
27088,0.037738,172.31.47.0-255,66,138203,87,256769
27089,0.038072,172.217.194.0-255,2902,141105,87,256769
27090,0.038076,172.31.47.0-255,66,141171,87,256769
27091,0.040292,172.217.194.0-255,2902,144073,87,256769
27092,0.040297,172.31.47.0-255,66,144139,87,256769
27093,0.040613,172.217.194.0-255,2902,147041,87,256769
27094,0.040618,172.31.47.0-255,66,147107,87,256769
27095,0.042866,172.217.194.0-255,2902,150009,87,256769
27096,0.042872,172.31.47.0-255,66,150075,87,256769
27097,0.043154,172.217.194.0-255,2902,152977,87,256769
27098,0.043546,172.31.47.0-255,66,153043,87,256769
27099,0.045375,172.217.194.0-255,2902,155945,87,256769
27100,0.045381,172.31.47.0-255,66,156011,87,256769
27101,0.04604,172.217.194.0-255,2902,158913,87,256769
27102,0.046045,172.31.47.0-255,66,158979,87,256769
27103,0.047893,172.217.194.0-255,2902,161881,87,256769
27104,0.047898,172.31.47.0-255,66,161947,87,256769
27105,0.048584,172.217.194.0-255,2902,164849,87,256769
27106,0.048589,172.31.47.0-255,66,164915,87,256769
27107,0.050439,172.217.194.0-255,2902,167817,87,256769
27108,0.050443,172.31.47.0-255,66,167883,87,256769
27109,0.051117,172.217.194.0-255,2902,170785,87,256769
27110,0.051121,172.31.47.0-255,66,170851,87,256769
27111,0.052976,172.217.194.0-255,2902,173753,87,256769
27112,0.052981,172.31.47.0-255,66,173819,87,256769
27113,0.053648,172.217.194.0-255,2902,176721,87,256769
27114,0.053653,172.31.47.0-255,66,176787,87,256769
27115,0.055468,172.217.194.0-255,2902,179689,87,256769
27116,0.055474,172.31.47.0-255,66,179755,87,256769
27117,0.056195,172.217.194.0-255,2902,182657,87,256769
27118,0.0562,172.31.47.0-255,66,182723,87,256769
27119,0.058007,172.217.194.0-255,2902,185625,87,256769
27120,0.058015,172.31.47.0-255,66,185691,87,256769
27121,0.058751,172.217.194.0-255,2902,188593,87,256769
27122,0.058758,172.31.47.0-255,66,188659,87,256769
27123,0.060563,172.217.194.0-255,2902,191561,87,256769
27124,0.06057,172.31.47.0-255,66,191627,87,256769
27125,0.061304,172.217.194.0-255,2902,194529,87,256769
27126,0.061311,172.31.47.0-255,66,194595,87,256769
27127,0.063126,172.217.194.0-255,2902,197497,87,256769
27128,0.063133,172.31.47.0-255,66,197563,87,256769
27129,0.063855,172.217.194.0-255,2902,200465,87,256769
27130,0.06386,172.31.47.0-255,66,200531,87,256769
27131,0.065646,172.217.194.0-255,2902,203433,87,256769
27132,0.065651,172.31.47.0-255,66,203499,87,256769
27133,0.066357,172.217.194.0-255,2902,206401,87,256769
27134,0.066363,172.31.47.0-255,66,206467,87,256769
27135,0.068146,172.217.194.0-255,2902,209369,87,256769
27136,0.068151,172.31.47.0-255,66,209435,87,256769
27137,0.06889,172.217.194.0-255,2902,212337,87,256769
27138,0.068896,172.31.47.0-255,66,212403,87,256769
27139,0.07067,172.217.194.0-255,2902,215305,87,256769
27140,0.070675,172.31.47.0-255,66,215371,87,256769
27141,0.071414,172.217.194.0-255,2902,218273,87,256769
27142,0.071419,172.31.47.0-255,66,218339,87,256769
27143,0.073207,172.217.194.0-255,2902,221241,87,256769
27144,0.073213,172.31.47.0-255,66,221307,87,256769
27145,0.073928,172.217.194.0-255,2902,224209,87,256769
27146,0.073934,172.31.47.0-255,66,224275,87,256769
27147,0.075755,172.217.194.0-255,2902,227177,87,256769
27148,0.07576,172.31.47.0-255,66,227243,87,256769
27149,0.076459,172.217.194.0-255,2902,230145,87,256769
27150,0.076465,172.31.47.0-255,66,230211,87,256769
27151,0.078284,172.217.194.0-255,2902,233113,87,256769
27152,0.078291,172.31.47.0-255,66,233179,87,256769
27153,0.079015,172.217.194.0-255,2902,236081,87,256769
27154,0.07902,172.31.47.0-255,66,236147,87,256769
27155,0.080832,172.217.194.0-255,2902,239049,87,256769
27156,0.080855,172.31.47.0-255,66,239115,87,256769
27157,0.081539,172.217.194.0-255,2902,242017,87,256769
27158,0.081543,172.31.47.0-255,66,242083,87,256769
27159,0.083357,172.217.194.0-255,2902,244985,87,256769
27160,0.083361,172.31.47.0-255,66,245051,87,256769
27161,0.084077,172.217.194.0-255,2902,247953,87,256769
27162,0.084081,172.31.47.0-255,66,248019,87,256769
27163,0.085885,172.217.194.0-255,2902,250921,87,256769
27164,0.085889,172.31.47.0-255,66,250987,87,256769
27165,0.086623,172.217.194.0-255,2902,253889,87,256769
27166,0.086628,172.31.47.0-255,66,253955,87,256769
27167,0.08841,172.217.194.0-255,2577,256532,87,256769
27168,0.088416,172.31.47.0-255,66,256598,87,256769
27169,0.088602,172.31.47.0-255,105,256703,87,256769
27170,0.091118,172.217.194.0-255,66,256769,87,256769
27171,0.0,172.217.194.0-255,153,153,87,324848
27172,3.3e-05,172.31.47.0-255,66,219,87,324848
27173,4e-05,172.217.194.0-255,1484,1703,87,324848
27174,4.4e-05,172.31.47.0-255,66,1769,87,324848
27175,4.6e-05,172.217.194.0-255,1484,3253,87,324848
27176,4.9e-05,172.31.47.0-255,66,3319,87,324848
27177,7.7e-05,172.217.194.0-255,2902,6221,87,324848
27178,8e-05,172.31.47.0-255,66,6287,87,324848
27179,9.5e-05,172.217.194.0-255,1484,7771,87,324848
27180,9.7e-05,172.31.47.0-255,66,7837,87,324848
27181,0.000118,172.217.194.0-255,2902,10739,87,324848
27182,0.000121,172.31.47.0-255,66,10805,87,324848
27183,0.000139,172.217.194.0-255,2902,13707,87,324848
27184,0.000142,172.31.47.0-255,66,13773,87,324848
27185,0.000163,172.217.194.0-255,4813,18586,87,324848
27186,0.000165,172.31.47.0-255,66,18652,87,324848
27187,0.000191,172.31.47.0-255,66,18718,87,324848
27188,0.000197,172.217.194.0-255,3961,22679,87,324848
27189,0.0002,172.31.47.0-255,66,22745,87,324848
27190,0.000224,172.217.194.0-255,1484,24229,87,324848
27191,0.000226,172.31.47.0-255,66,24295,87,324848
27192,0.000244,172.217.194.0-255,2902,27197,87,324848
27193,0.000247,172.31.47.0-255,66,27263,87,324848
27194,0.000252,172.217.194.0-255,5738,33001,87,324848
27195,0.000254,172.31.47.0-255,66,33067,87,324848
27196,0.000277,172.217.194.0-255,5738,38805,87,324848
27197,0.000279,172.31.47.0-255,66,38871,87,324848
27198,0.000301,172.217.194.0-255,7156,46027,87,324848
27199,0.000304,172.31.47.0-255,66,46093,87,324848
27200,0.000345,172.31.47.0-255,66,46159,87,324848
27201,0.000361,172.217.194.0-255,2184,48343,87,324848
27202,0.000364,172.31.47.0-255,66,48409,87,324848
27203,0.000366,172.217.194.0-255,377,48786,87,324848
27204,0.00038,172.217.194.0-255,98,48884,87,324848
27205,0.000564,172.217.194.0-255,1484,50368,87,324848
27206,0.000569,172.31.47.0-255,66,50434,87,324848
27207,0.000574,172.217.194.0-255,2902,53336,87,324848
27208,0.000576,172.31.47.0-255,66,53402,87,324848
27209,0.000589,172.217.194.0-255,2902,56304,87,324848
27210,0.000592,172.31.47.0-255,66,56370,87,324848
27211,0.000619,172.217.194.0-255,2902,59272,87,324848
27212,0.000622,172.31.47.0-255,66,59338,87,324848
27213,0.000632,172.31.47.0-255,66,59404,87,324848
27214,0.000667,172.217.194.0-255,2902,62306,87,324848
27215,0.00067,172.31.47.0-255,66,62372,87,324848
27216,0.000698,172.31.47.0-255,66,62438,87,324848
27217,0.001805,172.217.194.0-255,1484,63922,87,324848
27218,0.00181,172.217.194.0-255,1484,65406,87,324848
27219,0.001814,172.31.47.0-255,66,65472,87,324848
27220,0.001825,172.217.194.0-255,1484,66956,87,324848
27221,0.001832,172.217.194.0-255,5738,72694,87,324848
27222,0.001834,172.31.47.0-255,66,72760,87,324848
27223,0.001853,172.217.194.0-255,2902,75662,87,324848
27224,0.001855,172.31.47.0-255,66,75728,87,324848
27225,0.001877,172.31.47.0-255,66,75794,87,324848
27226,0.001882,172.217.194.0-255,7156,82950,87,324848
27227,0.001884,172.31.47.0-255,66,83016,87,324848
27228,0.001905,172.217.194.0-255,3602,86618,87,324848
27229,0.001907,172.31.47.0-255,66,86684,87,324848
27230,0.00422,172.217.194.0-255,5738,92422,87,324848
27231,0.004225,172.31.47.0-255,66,92488,87,324848
27232,0.006582,172.217.194.0-255,5738,98226,87,324848
27233,0.006589,172.31.47.0-255,66,98292,87,324848
27234,0.008938,172.217.194.0-255,5738,104030,87,324848
27235,0.008948,172.31.47.0-255,66,104096,87,324848
27236,0.011265,172.217.194.0-255,5738,109834,87,324848
27237,0.011273,172.31.47.0-255,66,109900,87,324848
27238,0.013618,172.217.194.0-255,5738,115638,87,324848
27239,0.013625,172.31.47.0-255,66,115704,87,324848
27240,0.015944,172.217.194.0-255,4320,120024,87,324848
27241,0.015949,172.31.47.0-255,66,120090,87,324848
27242,0.015972,172.217.194.0-255,1484,121574,87,324848
27243,0.018298,172.217.194.0-255,4320,125894,87,324848
27244,0.018306,172.31.47.0-255,66,125960,87,324848
27245,0.019603,172.31.47.0-255,172,126132,87,324848
27246,0.019631,172.31.47.0-255,1112,127244,87,324848
27247,0.019676,172.31.47.0-255,1514,128758,87,324848
27248,0.019677,172.31.47.0-255,1292,130050,87,324848
27249,0.020668,172.217.194.0-255,5738,135788,87,324848
27250,0.020673,172.31.47.0-255,66,135854,87,324848
27251,0.021137,104.244.42.0-255,66,135920,87,324848
27252,0.021191,104.244.42.0-255,66,135986,87,324848
27253,0.021236,104.244.42.0-255,66,136052,87,324848
27254,0.022994,172.217.194.0-255,5738,141790,87,324848
27255,0.023,172.31.47.0-255,66,141856,87,324848
27256,0.025313,172.217.194.0-255,5738,147594,87,324848
27257,0.025319,172.31.47.0-255,66,147660,87,324848
27258,0.027653,172.217.194.0-255,5738,153398,87,324848
27259,0.027659,172.31.47.0-255,66,153464,87,324848
27260,0.029989,172.217.194.0-255,5738,159202,87,324848
27261,0.029995,172.31.47.0-255,66,159268,87,324848
27262,0.032332,172.217.194.0-255,5738,165006,87,324848
27263,0.032337,172.31.47.0-255,66,165072,87,324848
27264,0.034666,172.217.194.0-255,5738,170810,87,324848
27265,0.034671,172.31.47.0-255,66,170876,87,324848
27266,0.036994,172.217.194.0-255,5738,176614,87,324848
27267,0.036999,172.31.47.0-255,66,176680,87,324848
27268,0.039315,172.217.194.0-255,5738,182418,87,324848
27269,0.039323,172.31.47.0-255,66,182484,87,324848
27270,0.041657,172.217.194.0-255,5738,188222,87,324848
27271,0.041664,172.31.47.0-255,66,188288,87,324848
27272,0.043985,172.217.194.0-255,5738,194026,87,324848
27273,0.043989,172.31.47.0-255,66,194092,87,324848
27274,0.046347,172.217.194.0-255,5738,199830,87,324848
27275,0.046352,172.31.47.0-255,66,199896,87,324848
27276,0.04872,172.217.194.0-255,5738,205634,87,324848
27277,0.048728,172.31.47.0-255,66,205700,87,324848
27278,0.051038,172.217.194.0-255,5738,211438,87,324848
27279,0.051043,172.31.47.0-255,66,211504,87,324848
27280,0.053369,172.217.194.0-255,5738,217242,87,324848
27281,0.05338,172.31.47.0-255,66,217308,87,324848
27282,0.055677,172.217.194.0-255,5738,223046,87,324848
27283,0.055684,172.31.47.0-255,66,223112,87,324848
27284,0.058013,172.217.194.0-255,1484,224596,87,324848
27285,0.058048,172.217.194.0-255,4320,228916,87,324848
27286,0.058054,172.31.47.0-255,66,228982,87,324848
27287,0.060403,172.217.194.0-255,2902,231884,87,324848
27288,0.060409,172.31.47.0-255,66,231950,87,324848
27289,0.060463,172.217.194.0-255,2902,234852,87,324848
27290,0.060467,172.31.47.0-255,66,234918,87,324848
27291,0.062727,172.217.194.0-255,2902,237820,87,324848
27292,0.062731,172.31.47.0-255,66,237886,87,324848
27293,0.062794,172.217.194.0-255,2902,240788,87,324848
27294,0.062798,172.31.47.0-255,66,240854,87,324848
27295,0.065045,172.217.194.0-255,2902,243756,87,324848
27296,0.065051,172.31.47.0-255,66,243822,87,324848
27297,0.065109,172.217.194.0-255,2902,246724,87,324848
27298,0.065113,172.31.47.0-255,66,246790,87,324848
27299,0.067376,172.217.194.0-255,2902,249692,87,324848
27300,0.067382,172.31.47.0-255,66,249758,87,324848
27301,0.067412,172.217.194.0-255,1484,251242,87,324848
27302,0.067429,172.217.194.0-255,1484,252726,87,324848
27303,0.067433,172.31.47.0-255,66,252792,87,324848
27304,0.069689,172.217.194.0-255,2902,255694,87,324848
27305,0.069695,172.31.47.0-255,66,255760,87,324848
27306,0.069765,172.217.194.0-255,2902,258662,87,324848
27307,0.069769,172.31.47.0-255,66,258728,87,324848
27308,0.072057,172.217.194.0-255,2902,261630,87,324848
27309,0.072064,172.31.47.0-255,66,261696,87,324848
27310,0.072085,172.217.194.0-255,2902,264598,87,324848
27311,0.072088,172.31.47.0-255,66,264664,87,324848
27312,0.074398,172.217.194.0-255,4320,268984,87,324848
27313,0.074405,172.31.47.0-255,66,269050,87,324848
27314,0.074432,172.217.194.0-255,1484,270534,87,324848
27315,0.076721,172.217.194.0-255,2902,273436,87,324848
27316,0.076726,172.31.47.0-255,66,273502,87,324848
27317,0.076753,172.217.194.0-255,1484,274986,87,324848
27318,0.079059,172.217.194.0-255,4320,279306,87,324848
27319,0.079063,172.31.47.0-255,66,279372,87,324848
27320,0.08138,172.217.194.0-255,5738,285110,87,324848
27321,0.081386,172.31.47.0-255,66,285176,87,324848
27322,0.083698,172.217.194.0-255,4320,289496,87,324848
27323,0.083702,172.31.47.0-255,66,289562,87,324848
27324,0.083731,172.217.194.0-255,1484,291046,87,324848
27325,0.086038,172.217.194.0-255,4320,295366,87,324848
27326,0.086043,172.31.47.0-255,66,295432,87,324848
27327,0.088364,172.217.194.0-255,5738,301170,87,324848
27328,0.08837,172.31.47.0-255,66,301236,87,324848
27329,0.090721,172.217.194.0-255,5738,306974,87,324848
27330,0.09073,172.31.47.0-255,66,307040,87,324848
27331,0.093036,172.217.194.0-255,2902,309942,87,324848
27332,0.093041,172.31.47.0-255,66,310008,87,324848
27333,0.093067,172.217.194.0-255,2902,312910,87,324848
27334,0.09307,172.31.47.0-255,66,312976,87,324848
27335,0.095364,172.217.194.0-255,2902,315878,87,324848
27336,0.095368,172.31.47.0-255,66,315944,87,324848
27337,0.095402,172.217.194.0-255,2902,318846,87,324848
27338,0.095405,172.31.47.0-255,66,318912,87,324848
27339,0.097685,172.217.194.0-255,2902,321814,87,324848
27340,0.09769,172.31.47.0-255,66,321880,87,324848
27341,0.097731,172.217.194.0-255,2902,324782,87,324848
27342,0.097735,172.31.47.0-255,66,324848,87,324848
27343,0.0,74.125.24.0-255,153,153,87,218906
27344,2.2e-05,172.31.47.0-255,66,219,87,218906
27345,2.8e-05,74.125.24.0-255,1484,1703,87,218906
27346,3.4e-05,172.31.47.0-255,66,1769,87,218906
27347,3.9e-05,74.125.24.0-255,2902,4671,87,218906
27348,4.3e-05,172.31.47.0-255,66,4737,87,218906
27349,4.9e-05,74.125.24.0-255,7156,11893,87,218906
27350,5.1e-05,172.31.47.0-255,66,11959,87,218906
27351,5.5e-05,74.125.24.0-255,2134,14093,87,218906
27352,5.7e-05,172.31.47.0-255,66,14159,87,218906
27353,0.000109,172.31.47.0-255,66,14225,87,218906
27354,0.000114,74.125.24.0-255,5379,19604,87,218906
27355,0.000117,172.31.47.0-255,66,19670,87,218906
27356,0.000162,74.125.24.0-255,2902,22572,87,218906
27357,0.000166,172.31.47.0-255,66,22638,87,218906
27358,0.000171,74.125.24.0-255,4320,26958,87,218906
27359,0.000173,172.31.47.0-255,66,27024,87,218906
27360,0.000187,74.125.24.0-255,4320,31344,87,218906
27361,0.000191,172.31.47.0-255,66,31410,87,218906
27362,0.000201,74.125.24.0-255,4320,35730,87,218906
27363,0.000203,172.31.47.0-255,66,35796,87,218906
27364,0.000205,74.125.24.0-255,1125,36921,87,218906
27365,0.000207,172.31.47.0-255,66,36987,87,218906
27366,0.000385,74.125.24.0-255,1484,38471,87,218906
27367,0.000391,172.31.47.0-255,66,38537,87,218906
27368,0.000397,74.125.24.0-255,2902,41439,87,218906
27369,0.000399,172.31.47.0-255,66,41505,87,218906
27370,0.000406,74.125.24.0-255,5738,47243,87,218906
27371,0.000408,172.31.47.0-255,66,47309,87,218906
27372,0.000442,172.31.47.0-255,66,47375,87,218906
27373,0.00049,74.125.24.0-255,1484,48859,87,218906
27374,0.000497,74.125.24.0-255,2902,51761,87,218906
27375,0.0005,172.31.47.0-255,66,51827,87,218906
27376,0.000504,74.125.24.0-255,2902,54729,87,218906
27377,0.000506,172.31.47.0-255,66,54795,87,218906
27378,0.000521,74.125.24.0-255,2902,57697,87,218906
27379,0.000523,172.31.47.0-255,66,57763,87,218906
27380,0.000529,74.125.24.0-255,4320,62083,87,218906
27381,0.000532,172.31.47.0-255,66,62149,87,218906
27382,0.000575,74.125.24.0-255,5738,67887,87,218906
27383,0.00058,172.31.47.0-255,66,67953,87,218906
27384,0.000603,74.125.24.0-255,5379,73332,87,218906
27385,0.000606,172.31.47.0-255,66,73398,87,218906
27386,0.00064,172.31.47.0-255,66,73464,87,218906
27387,0.001094,74.125.24.0-255,1484,74948,87,218906
27388,0.001101,74.125.24.0-255,2902,77850,87,218906
27389,0.001105,172.31.47.0-255,66,77916,87,218906
27390,0.001112,74.125.24.0-255,5738,83654,87,218906
27391,0.001114,172.31.47.0-255,66,83720,87,218906
27392,0.001169,172.31.47.0-255,66,83786,87,218906
27393,0.001182,172.31.47.0-255,66,83852,87,218906
27394,0.00136,74.125.24.0-255,1484,85336,87,218906
27395,0.001367,74.125.24.0-255,2902,88238,87,218906
27396,0.00137,172.31.47.0-255,66,88304,87,218906
27397,0.001394,74.125.24.0-255,5738,94042,87,218906
27398,0.001396,172.31.47.0-255,66,94108,87,218906
27399,0.001402,74.125.24.0-255,5738,99846,87,218906
27400,0.001404,172.31.47.0-255,66,99912,87,218906
27401,0.001422,74.125.24.0-255,7156,107068,87,218906
27402,0.001425,172.31.47.0-255,66,107134,87,218906
27403,0.001463,172.31.47.0-255,66,107200,87,218906
27404,0.001543,74.125.24.0-255,1484,108684,87,218906
27405,0.001547,74.125.24.0-255,1484,110168,87,218906
27406,0.001551,172.31.47.0-255,66,110234,87,218906
27407,0.001565,74.125.24.0-255,1484,111718,87,218906
27408,0.001571,74.125.24.0-255,5738,117456,87,218906
27409,0.001573,172.31.47.0-255,66,117522,87,218906
27410,0.001605,172.31.47.0-255,66,117588,87,218906
27411,0.001655,172.31.47.0-255,66,117654,87,218906
27412,0.001739,74.125.24.0-255,1484,119138,87,218906
27413,0.001753,74.125.24.0-255,2902,122040,87,218906
27414,0.001756,172.31.47.0-255,66,122106,87,218906
27415,0.001762,74.125.24.0-255,5738,127844,87,218906
27416,0.001764,172.31.47.0-255,66,127910,87,218906
27417,0.001779,74.125.24.0-255,1484,129394,87,218906
27418,0.001798,74.125.24.0-255,7156,136550,87,218906
27419,0.001801,172.31.47.0-255,66,136616,87,218906
27420,0.001811,172.31.47.0-255,66,136682,87,218906
27421,0.001833,74.125.24.0-255,2902,139584,87,218906
27422,0.001836,172.31.47.0-255,66,139650,87,218906
27423,0.001853,74.125.24.0-255,2184,141834,87,218906
27424,0.001856,172.31.47.0-255,66,141900,87,218906
27425,0.001904,74.125.24.0-255,1484,143384,87,218906
27426,0.001917,74.125.24.0-255,2902,146286,87,218906
27427,0.00192,172.31.47.0-255,66,146352,87,218906
27428,0.001924,74.125.24.0-255,2902,149254,87,218906
27429,0.001926,172.31.47.0-255,66,149320,87,218906
27430,0.001944,74.125.24.0-255,2902,152222,87,218906
27431,0.001946,172.31.47.0-255,66,152288,87,218906
27432,0.001951,74.125.24.0-255,4320,156608,87,218906
27433,0.001953,172.31.47.0-255,66,156674,87,218906
27434,0.001963,74.125.24.0-255,2902,159576,87,218906
27435,0.001965,172.31.47.0-255,66,159642,87,218906
27436,0.001984,172.31.47.0-255,66,159708,87,218906
27437,0.002013,74.125.24.0-255,4320,164028,87,218906
27438,0.002015,172.31.47.0-255,66,164094,87,218906
27439,0.002042,172.31.47.0-255,66,164160,87,218906
27440,0.002048,74.125.24.0-255,7156,171316,87,218906
27441,0.00205,172.31.47.0-255,66,171382,87,218906
27442,0.002065,74.125.24.0-255,7156,178538,87,218906
27443,0.002067,172.31.47.0-255,66,178604,87,218906
27444,0.00208,172.31.47.0-255,66,178670,87,218906
27445,0.002093,172.31.47.0-255,66,178736,87,218906
27446,0.002099,74.125.24.0-255,7156,185892,87,218906
27447,0.002101,172.31.47.0-255,66,185958,87,218906
27448,0.002168,172.31.47.0-255,66,186024,87,218906
27449,0.002198,172.31.47.0-255,66,186090,87,218906
27450,0.002205,74.125.24.0-255,7156,193246,87,218906
27451,0.002206,172.31.47.0-255,66,193312,87,218906
27452,0.002228,172.31.47.0-255,66,193378,87,218906
27453,0.00225,74.125.24.0-255,3602,196980,87,218906
27454,0.002253,172.31.47.0-255,66,197046,87,218906
27455,0.002266,172.31.47.0-255,66,197112,87,218906
27456,0.00229,74.125.24.0-255,7156,204268,87,218906
27457,0.002293,172.31.47.0-255,66,204334,87,218906
27458,0.002297,74.125.24.0-255,4320,208654,87,218906
27459,0.002299,172.31.47.0-255,66,208720,87,218906
27460,0.002321,172.31.47.0-255,66,208786,87,218906
27461,0.002362,74.125.24.0-255,1484,210270,87,218906
27462,0.002367,74.125.24.0-255,2902,213172,87,218906
27463,0.00237,172.31.47.0-255,66,213238,87,218906
27464,0.002382,74.125.24.0-255,1036,214274,87,218906
27465,0.002427,74.125.24.0-255,105,214379,87,218906
27466,0.004676,172.31.47.0-255,66,214445,87,218906
27467,0.004725,172.31.47.0-255,105,214550,87,218906
27468,0.006991,74.125.24.0-255,66,214616,87,218906
27469,0.052246,172.31.47.0-255,172,214788,87,218906
27470,0.052292,172.31.47.0-255,1103,215891,87,218906
27471,0.052418,172.31.47.0-255,1514,217405,87,218906
27472,0.052419,172.31.47.0-255,1303,218708,87,218906
27473,0.053771,104.244.42.0-255,66,218774,87,218906
27474,0.053787,104.244.42.0-255,66,218840,87,218906
27475,0.053909,104.244.42.0-255,66,218906,87,218906
27476,0.0,172.217.194.0-255,298,298,87,175522
27477,3.2e-05,172.31.47.0-255,66,364,87,175522
27478,3.8e-05,172.217.194.0-255,1484,1848,87,175522
27479,4.1e-05,172.31.47.0-255,66,1914,87,175522
27480,4.6e-05,172.217.194.0-255,4320,6234,87,175522
27481,4.8e-05,172.31.47.0-255,66,6300,87,175522
27482,6.4e-05,172.31.47.0-255,66,6366,87,175522
27483,6.9e-05,172.217.194.0-255,5738,12104,87,175522
27484,7.1e-05,172.31.47.0-255,66,12170,87,175522
27485,0.000114,172.217.194.0-255,5738,17908,87,175522
27486,0.000117,172.31.47.0-255,66,17974,87,175522
27487,0.000141,172.217.194.0-255,3961,21935,87,175522
27488,0.000145,172.31.47.0-255,66,22001,87,175522
27489,0.000213,172.217.194.0-255,1484,23485,87,175522
27490,0.000215,172.31.47.0-255,66,23551,87,175522
27491,0.000226,172.217.194.0-255,2902,26453,87,175522
27492,0.000233,172.31.47.0-255,66,26519,87,175522
27493,0.000236,172.217.194.0-255,1484,28003,87,175522
27494,0.000238,172.31.47.0-255,66,28069,87,175522
27495,0.000259,172.217.194.0-255,4320,32389,87,175522
27496,0.000262,172.31.47.0-255,66,32455,87,175522
27497,0.000265,172.217.194.0-255,2902,35357,87,175522
27498,0.000272,172.31.47.0-255,66,35423,87,175522
27499,0.000301,172.217.194.0-255,3961,39384,87,175522
27500,0.000308,172.31.47.0-255,66,39450,87,175522
27501,0.000314,172.217.194.0-255,7156,46606,87,175522
27502,0.000316,172.31.47.0-255,66,46672,87,175522
27503,0.00032,172.217.194.0-255,4320,50992,87,175522
27504,0.000322,172.31.47.0-255,66,51058,87,175522
27505,0.00035,172.217.194.0-255,5379,56437,87,175522
27506,0.000358,172.31.47.0-255,66,56503,87,175522
27507,0.000451,172.217.194.0-255,648,57151,87,175522
27508,0.000692,172.31.47.0-255,66,57217,87,175522
27509,0.000728,172.217.194.0-255,1484,58701,87,175522
27510,0.000731,172.217.194.0-255,1484,60185,87,175522
27511,0.000733,172.31.47.0-255,66,60251,87,175522
27512,0.000751,172.217.194.0-255,1484,61735,87,175522
27513,0.000756,172.217.194.0-255,5738,67473,87,175522
27514,0.000758,172.31.47.0-255,66,67539,87,175522
27515,0.000769,172.217.194.0-255,1484,69023,87,175522
27516,0.000797,172.31.47.0-255,66,69089,87,175522
27517,0.000807,172.31.47.0-255,66,69155,87,175522
27518,0.000814,172.217.194.0-255,766,69921,87,175522
27519,0.001012,172.31.47.0-255,66,69987,87,175522
27520,0.001683,172.217.194.0-255,1484,71471,87,175522
27521,0.001692,172.217.194.0-255,2902,74373,87,175522
27522,0.001697,172.31.47.0-255,66,74439,87,175522
27523,0.001705,172.217.194.0-255,5738,80177,87,175522
27524,0.001715,172.31.47.0-255,66,80243,87,175522
27525,0.00175,172.31.47.0-255,66,80309,87,175522
27526,0.001754,172.217.194.0-255,1484,81793,87,175522
27527,0.001794,172.31.47.0-255,66,81859,87,175522
27528,0.001873,172.217.194.0-255,1484,83343,87,175522
27529,0.001879,172.217.194.0-255,2902,86245,87,175522
27530,0.001882,172.31.47.0-255,66,86311,87,175522
27531,0.00191,172.217.194.0-255,5738,92049,87,175522
27532,0.001912,172.31.47.0-255,66,92115,87,175522
27533,0.001933,172.217.194.0-255,5738,97853,87,175522
27534,0.001936,172.31.47.0-255,66,97919,87,175522
27535,0.001967,172.217.194.0-255,7156,105075,87,175522
27536,0.001971,172.31.47.0-255,66,105141,87,175522
27537,0.001983,172.31.47.0-255,66,105207,87,175522
27538,0.001987,172.217.194.0-255,2902,108109,87,175522
27539,0.001989,172.31.47.0-255,66,108175,87,175522
27540,0.002028,172.31.47.0-255,66,108241,87,175522
27541,0.002038,172.31.47.0-255,66,108307,87,175522
27542,0.002068,172.31.47.0-255,66,108373,87,175522
27543,0.00207,172.217.194.0-255,1484,109857,87,175522
27544,0.002074,172.217.194.0-255,2902,112759,87,175522
27545,0.002075,172.31.47.0-255,66,112825,87,175522
27546,0.002079,172.217.194.0-255,4320,117145,87,175522
27547,0.002085,172.31.47.0-255,66,117211,87,175522
27548,0.002111,172.217.194.0-255,1484,118695,87,175522
27549,0.002119,172.31.47.0-255,66,118761,87,175522
27550,0.002128,172.31.47.0-255,66,118827,87,175522
27551,0.002141,172.217.194.0-255,1484,120311,87,175522
27552,0.002159,172.217.194.0-255,3602,123913,87,175522
27553,0.002161,172.31.47.0-255,66,123979,87,175522
27554,0.002234,172.217.194.0-255,1484,125463,87,175522
27555,0.00225,172.217.194.0-255,2902,128365,87,175522
27556,0.002252,172.31.47.0-255,66,128431,87,175522
27557,0.002255,172.217.194.0-255,2902,131333,87,175522
27558,0.002257,172.31.47.0-255,66,131399,87,175522
27559,0.002287,172.217.194.0-255,2902,134301,87,175522
27560,0.00229,172.31.47.0-255,66,134367,87,175522
27561,0.0023,172.217.194.0-255,7156,141523,87,175522
27562,0.002301,172.31.47.0-255,66,141589,87,175522
27563,0.00233,172.217.194.0-255,5738,147327,87,175522
27564,0.002333,172.31.47.0-255,66,147393,87,175522
27565,0.002343,172.31.47.0-255,66,147459,87,175522
27566,0.002393,172.31.47.0-255,66,147525,87,175522
27567,0.002462,172.217.194.0-255,7156,154681,87,175522
27568,0.002498,172.217.194.0-255,4320,159001,87,175522
27569,0.002569,172.217.194.0-255,1484,160485,87,175522
27570,0.002619,172.217.194.0-255,5020,165505,87,175522
27571,0.002624,172.217.194.0-255,5325,170830,87,175522
27572,0.004575,172.31.47.0-255,66,170896,87,175522
27573,0.007125,172.217.194.0-255,105,171001,87,175522
27574,0.008079,172.31.47.0-255,66,171067,87,175522
27575,0.008107,172.31.47.0-255,105,171172,87,175522
27576,0.010667,172.217.194.0-255,66,171238,87,175522
27577,0.029114,172.31.47.0-255,166,171404,87,175522
27578,0.029146,172.31.47.0-255,1136,172540,87,175522
27579,0.029191,172.31.47.0-255,1514,174054,87,175522
27580,0.029193,172.31.47.0-255,1270,175324,87,175522
27581,0.030679,104.244.42.0-255,66,175390,87,175522
27582,0.030688,104.244.42.0-255,66,175456,87,175522
27583,0.030722,104.244.42.0-255,66,175522,87,175522
27584,0.0,172.217.27.0-255,66,66,87,66
27585,0.0,31.13.82.0-255,105,105,87,171
27586,2e-05,172.31.47.0-255,66,171,87,171
27587,0.0,172.31.47.0-255,130,130,87,1689
27588,0.002032,172.31.47.0-255,236,366,87,1689
27589,0.002085,172.31.47.0-255,367,733,87,1689
27590,0.002303,74.125.24.0-255,630,1363,87,1689
27591,0.003103,172.31.47.0-255,97,1460,87,1689
27592,0.003989,74.125.24.0-255,97,1557,87,1689
27593,0.00529,74.125.24.0-255,66,1623,87,1689
27594,0.040908,172.31.47.0-255,66,1689,87,1689
27595,0.0,172.217.194.0-255,152,152,87,167154
27596,2.8e-05,172.31.47.0-255,66,218,87,167154
27597,3.4e-05,172.217.194.0-255,1484,1702,87,167154
27598,3.8e-05,172.31.47.0-255,66,1768,87,167154
27599,4.3e-05,172.217.194.0-255,2902,4670,87,167154
27600,5.2e-05,172.31.47.0-255,66,4736,87,167154
27601,5.9e-05,172.217.194.0-255,7156,11892,87,167154
27602,6.1e-05,172.31.47.0-255,66,11958,87,167154
27603,6.6e-05,172.217.194.0-255,4881,16839,87,167154
27604,6.8e-05,172.31.47.0-255,66,16905,87,167154
27605,0.000108,172.31.47.0-255,66,16971,87,167154
27606,0.000161,172.217.194.0-255,1484,18455,87,167154
27607,0.000164,172.31.47.0-255,66,18521,87,167154
27608,0.000182,172.217.194.0-255,2902,21423,87,167154
27609,0.000184,172.31.47.0-255,66,21489,87,167154
27610,0.00019,172.217.194.0-255,5738,27227,87,167154
27611,0.000192,172.31.47.0-255,66,27293,87,167154
27612,0.000222,172.217.194.0-255,4320,31613,87,167154
27613,0.000225,172.31.47.0-255,66,31679,87,167154
27614,0.000257,172.217.194.0-255,6797,38476,87,167154
27615,0.000261,172.31.47.0-255,66,38542,87,167154
27616,0.000272,172.31.47.0-255,66,38608,87,167154
27617,0.000279,172.217.194.0-255,1447,40055,87,167154
27618,0.00028,172.31.47.0-255,66,40121,87,167154
27619,0.000299,172.217.194.0-255,364,40485,87,167154
27620,0.000301,172.31.47.0-255,66,40551,87,167154
27621,0.000391,172.217.194.0-255,1484,42035,87,167154
27622,0.000394,172.31.47.0-255,66,42101,87,167154
27623,0.000399,172.217.194.0-255,2902,45003,87,167154
27624,0.000401,172.31.47.0-255,66,45069,87,167154
27625,0.000426,172.217.194.0-255,5738,50807,87,167154
27626,0.00043,172.31.47.0-255,66,50873,87,167154
27627,0.000469,172.217.194.0-255,2902,53775,87,167154
27628,0.000472,172.31.47.0-255,66,53841,87,167154
27629,0.000511,172.31.47.0-255,66,53907,87,167154
27630,0.000558,172.31.47.0-255,66,53973,87,167154
27631,0.000891,172.217.194.0-255,1484,55457,87,167154
27632,0.000897,172.217.194.0-255,2902,58359,87,167154
27633,0.000901,172.31.47.0-255,66,58425,87,167154
27634,0.00093,172.217.194.0-255,5738,64163,87,167154
27635,0.000933,172.31.47.0-255,66,64229,87,167154
27636,0.000939,172.217.194.0-255,7156,71385,87,167154
27637,0.000941,172.31.47.0-255,66,71451,87,167154
27638,0.000952,172.217.194.0-255,4320,75771,87,167154
27639,0.000955,172.31.47.0-255,66,75837,87,167154
27640,0.000972,172.217.194.0-255,4320,80157,87,167154
27641,0.000975,172.31.47.0-255,66,80223,87,167154
27642,0.001004,172.31.47.0-255,66,80289,87,167154
27643,0.001026,172.31.47.0-255,66,80355,87,167154
27644,0.00106,172.31.47.0-255,66,80421,87,167154
27645,0.001098,172.31.47.0-255,66,80487,87,167154
27646,0.001129,172.31.47.0-255,66,80553,87,167154
27647,0.001133,172.217.194.0-255,1484,82037,87,167154
27648,0.00117,172.31.47.0-255,66,82103,87,167154
27649,0.001183,172.217.194.0-255,1484,83587,87,167154
27650,0.001203,172.217.194.0-255,6438,90025,87,167154
27651,0.001207,172.31.47.0-255,66,90091,87,167154
27652,0.001216,172.31.47.0-255,66,90157,87,167154
27653,0.001244,172.217.194.0-255,7156,97313,87,167154
27654,0.001246,172.31.47.0-255,66,97379,87,167154
27655,0.001279,172.31.47.0-255,66,97445,87,167154
27656,0.001283,172.217.194.0-255,4320,101765,87,167154
27657,0.001285,172.31.47.0-255,66,101831,87,167154
27658,0.001312,172.217.194.0-255,5020,106851,87,167154
27659,0.001319,172.31.47.0-255,66,106917,87,167154
27660,0.00133,172.31.47.0-255,66,106983,87,167154
27661,0.001336,172.217.194.0-255,5738,112721,87,167154
27662,0.001338,172.31.47.0-255,66,112787,87,167154
27663,0.001375,172.31.47.0-255,66,112853,87,167154
27664,0.001415,172.31.47.0-255,66,112919,87,167154
27665,0.001448,172.31.47.0-255,66,112985,87,167154
27666,0.001483,172.31.47.0-255,66,113051,87,167154
27667,0.001486,172.217.194.0-255,1484,114535,87,167154
27668,0.00149,172.217.194.0-255,2902,117437,87,167154
27669,0.001492,172.31.47.0-255,66,117503,87,167154
27670,0.001497,172.217.194.0-255,5738,123241,87,167154
27671,0.001499,172.31.47.0-255,66,123307,87,167154
27672,0.00151,172.31.47.0-255,66,123373,87,167154
27673,0.001516,172.217.194.0-255,7156,130529,87,167154
27674,0.001521,172.31.47.0-255,66,130595,87,167154
27675,0.001531,172.217.194.0-255,2902,133497,87,167154
27676,0.001533,172.31.47.0-255,66,133563,87,167154
27677,0.001536,172.217.194.0-255,766,134329,87,167154
27678,0.001573,172.217.194.0-255,1484,135813,87,167154
27679,0.001576,172.31.47.0-255,66,135879,87,167154
27680,0.001581,172.217.194.0-255,4320,140199,87,167154
27681,0.001583,172.31.47.0-255,66,140265,87,167154
27682,0.001622,172.31.47.0-255,66,140331,87,167154
27683,0.001631,172.31.47.0-255,66,140397,87,167154
27684,0.001672,172.217.194.0-255,4320,144717,87,167154
27685,0.001675,172.31.47.0-255,66,144783,87,167154
27686,0.001699,172.31.47.0-255,66,144849,87,167154
27687,0.001711,172.31.47.0-255,66,144915,87,167154
27688,0.001713,172.217.194.0-255,1484,146399,87,167154
27689,0.001742,172.31.47.0-255,66,146465,87,167154
27690,0.00176,172.217.194.0-255,1484,147949,87,167154
27691,0.001765,172.217.194.0-255,5020,152969,87,167154
27692,0.001768,172.31.47.0-255,66,153035,87,167154
27693,0.001773,172.217.194.0-255,5738,158773,87,167154
27694,0.001776,172.31.47.0-255,66,158839,87,167154
27695,0.001801,172.217.194.0-255,1484,160323,87,167154
27696,0.001816,172.217.194.0-255,2134,162457,87,167154
27697,0.001831,172.31.47.0-255,66,162523,87,167154
27698,0.001854,172.217.194.0-255,105,162628,87,167154
27699,0.002972,172.31.47.0-255,66,162694,87,167154
27700,0.002995,172.31.47.0-255,105,162799,87,167154
27701,0.005255,172.217.194.0-255,66,162865,87,167154
27702,0.025109,172.31.47.0-255,171,163036,87,167154
27703,0.025141,172.31.47.0-255,1136,164172,87,167154
27704,0.025177,172.31.47.0-255,1514,165686,87,167154
27705,0.025179,172.31.47.0-255,1270,166956,87,167154
27706,0.026691,104.244.42.0-255,66,167022,87,167154
27707,0.026699,104.244.42.0-255,66,167088,87,167154
27708,0.026827,104.244.42.0-255,66,167154,87,167154
27709,0.0,172.31.47.0-255,105,105,87,210
27710,0.068676,31.13.82.0-255,105,210,87,210
27711,0.0,74.125.68.0-255,153,153,87,352510
27712,2.6e-05,172.31.47.0-255,66,219,87,352510
27713,3.1e-05,74.125.68.0-255,1484,1703,87,352510
27714,3.4e-05,172.31.47.0-255,66,1769,87,352510
27715,3.8e-05,74.125.68.0-255,2902,4671,87,352510
27716,4.1e-05,172.31.47.0-255,66,4737,87,352510
27717,4.4e-05,74.125.68.0-255,1484,6221,87,352510
27718,4.6e-05,172.31.47.0-255,66,6287,87,352510
27719,6.9e-05,74.125.68.0-255,2902,9189,87,352510
27720,7.1e-05,172.31.47.0-255,66,9255,87,352510
27721,9.5e-05,74.125.68.0-255,2902,12157,87,352510
27722,9.7e-05,172.31.47.0-255,66,12223,87,352510
27723,0.000119,74.125.68.0-255,3579,15802,87,352510
27724,0.000122,172.31.47.0-255,66,15868,87,352510
27725,0.000129,74.125.68.0-255,7156,23024,87,352510
27726,0.00013,172.31.47.0-255,66,23090,87,352510
27727,0.000156,74.125.68.0-255,5738,28828,87,352510
27728,0.000159,172.31.47.0-255,66,28894,87,352510
27729,0.000172,74.125.68.0-255,2543,31437,87,352510
27730,0.000174,172.31.47.0-255,66,31503,87,352510
27731,0.000214,74.125.68.0-255,1484,32987,87,352510
27732,0.000217,172.31.47.0-255,66,33053,87,352510
27733,0.000229,74.125.68.0-255,2902,35955,87,352510
27734,0.000231,172.31.47.0-255,66,36021,87,352510
27735,0.000245,74.125.68.0-255,1484,37505,87,352510
27736,0.000247,172.31.47.0-255,66,37571,87,352510
27737,0.000265,74.125.68.0-255,4320,41891,87,352510
27738,0.000269,74.125.68.0-255,4320,46211,87,352510
27739,0.00027,172.31.47.0-255,66,46277,87,352510
27740,0.000273,172.31.47.0-255,66,46343,87,352510
27741,0.000287,74.125.68.0-255,2902,49245,87,352510
27742,0.000289,172.31.47.0-255,66,49311,87,352510
27743,0.000305,74.125.68.0-255,4320,53631,87,352510
27744,0.000308,172.31.47.0-255,66,53697,87,352510
27745,0.000336,172.31.47.0-255,66,53763,87,352510
27746,0.000374,74.125.68.0-255,3899,57662,87,352510
27747,0.000377,172.31.47.0-255,66,57728,87,352510
27748,0.00038,74.125.68.0-255,132,57860,87,352510
27749,0.00052,74.125.68.0-255,1484,59344,87,352510
27750,0.000523,172.31.47.0-255,66,59410,87,352510
27751,0.00054,74.125.68.0-255,1484,60894,87,352510
27752,0.000562,74.125.68.0-255,1484,62378,87,352510
27753,0.000566,172.31.47.0-255,66,62444,87,352510
27754,0.000578,74.125.68.0-255,1484,63928,87,352510
27755,0.000599,74.125.68.0-255,2902,66830,87,352510
27756,0.000603,172.31.47.0-255,66,66896,87,352510
27757,0.000614,74.125.68.0-255,2902,69798,87,352510
27758,0.000616,172.31.47.0-255,66,69864,87,352510
27759,0.000643,74.125.68.0-255,2902,72766,87,352510
27760,0.000646,172.31.47.0-255,66,72832,87,352510
27761,0.000664,74.125.68.0-255,4320,77152,87,352510
27762,0.000666,172.31.47.0-255,66,77218,87,352510
27763,0.000688,74.125.68.0-255,1484,78702,87,352510
27764,0.000702,74.125.68.0-255,1484,80186,87,352510
27765,0.000704,172.31.47.0-255,66,80252,87,352510
27766,0.000709,74.125.68.0-255,4320,84572,87,352510
27767,0.00071,172.31.47.0-255,66,84638,87,352510
27768,0.000715,74.125.68.0-255,5738,90376,87,352510
27769,0.000717,172.31.47.0-255,66,90442,87,352510
27770,0.000738,74.125.68.0-255,2184,92626,87,352510
27771,0.00074,172.31.47.0-255,66,92692,87,352510
27772,0.000859,74.125.68.0-255,1484,94176,87,352510
27773,0.000873,74.125.68.0-255,2902,97078,87,352510
27774,0.000876,172.31.47.0-255,66,97144,87,352510
27775,0.000912,74.125.68.0-255,5738,102882,87,352510
27776,0.000914,172.31.47.0-255,66,102948,87,352510
27777,0.000929,74.125.68.0-255,2902,105850,87,352510
27778,0.000931,172.31.47.0-255,66,105916,87,352510
27779,0.000934,74.125.68.0-255,1484,107400,87,352510
27780,0.000956,74.125.68.0-255,2902,110302,87,352510
27781,0.000959,172.31.47.0-255,66,110368,87,352510
27782,0.000971,74.125.68.0-255,2902,113270,87,352510
27783,0.000974,172.31.47.0-255,66,113336,87,352510
27784,0.000996,74.125.68.0-255,2902,116238,87,352510
27785,0.000998,172.31.47.0-255,66,116304,87,352510
27786,0.001004,74.125.68.0-255,7156,123460,87,352510
27787,0.001006,172.31.47.0-255,66,123526,87,352510
27788,0.001017,74.125.68.0-255,1484,125010,87,352510
27789,0.001034,74.125.68.0-255,2184,127194,87,352510
27790,0.001036,172.31.47.0-255,66,127260,87,352510
27791,0.001196,74.125.68.0-255,1484,128744,87,352510
27792,0.001207,74.125.68.0-255,2902,131646,87,352510
27793,0.001209,172.31.47.0-255,66,131712,87,352510
27794,0.001224,74.125.68.0-255,1484,133196,87,352510
27795,0.001242,74.125.68.0-255,2902,136098,87,352510
27796,0.001244,172.31.47.0-255,66,136164,87,352510
27797,0.001282,74.125.68.0-255,5738,141902,87,352510
27798,0.001285,172.31.47.0-255,66,141968,87,352510
27799,0.001305,74.125.68.0-255,2902,144870,87,352510
27800,0.001308,172.31.47.0-255,66,144936,87,352510
27801,0.001341,74.125.68.0-255,2902,147838,87,352510
27802,0.001344,172.31.47.0-255,66,147904,87,352510
27803,0.00136,74.125.68.0-255,1484,149388,87,352510
27804,0.001364,74.125.68.0-255,1484,150872,87,352510
27805,0.001368,172.31.47.0-255,66,150938,87,352510
27806,0.001389,74.125.68.0-255,5738,156676,87,352510
27807,0.001393,172.31.47.0-255,66,156742,87,352510
27808,0.001423,74.125.68.0-255,1484,158226,87,352510
27809,0.001439,74.125.68.0-255,1484,159710,87,352510
27810,0.001442,172.31.47.0-255,66,159776,87,352510
27811,0.001461,74.125.68.0-255,1484,161260,87,352510
27812,0.001476,74.125.68.0-255,766,162026,87,352510
27813,0.001479,172.31.47.0-255,66,162092,87,352510
27814,0.00155,74.125.68.0-255,1484,163576,87,352510
27815,0.001558,74.125.68.0-255,1484,165060,87,352510
27816,0.001561,172.31.47.0-255,66,165126,87,352510
27817,0.001602,74.125.68.0-255,1484,166610,87,352510
27818,0.001605,74.125.68.0-255,1484,168094,87,352510
27819,0.001608,172.31.47.0-255,66,168160,87,352510
27820,0.001612,74.125.68.0-255,1484,169644,87,352510
27821,0.001624,74.125.68.0-255,1484,171128,87,352510
27822,0.001627,172.31.47.0-255,66,171194,87,352510
27823,0.001634,74.125.68.0-255,5738,176932,87,352510
27824,0.001636,172.31.47.0-255,66,176998,87,352510
27825,0.001679,74.125.68.0-255,2902,179900,87,352510
27826,0.001682,172.31.47.0-255,66,179966,87,352510
27827,0.001711,172.31.47.0-255,66,180032,87,352510
27828,0.001724,172.31.47.0-255,66,180098,87,352510
27829,0.001732,74.125.68.0-255,7156,187254,87,352510
27830,0.001734,172.31.47.0-255,66,187320,87,352510
27831,0.001751,74.125.68.0-255,5738,193058,87,352510
27832,0.001754,172.31.47.0-255,66,193124,87,352510
27833,0.00176,74.125.68.0-255,7156,200280,87,352510
27834,0.001763,172.31.47.0-255,66,200346,87,352510
27835,0.001773,172.31.47.0-255,66,200412,87,352510
27836,0.001776,74.125.68.0-255,766,201178,87,352510
27837,0.001779,74.125.68.0-255,1484,202662,87,352510
27838,0.001782,172.31.47.0-255,66,202728,87,352510
27839,0.001785,74.125.68.0-255,2902,205630,87,352510
27840,0.001788,172.31.47.0-255,66,205696,87,352510
27841,0.001793,74.125.68.0-255,5738,211434,87,352510
27842,0.001796,172.31.47.0-255,66,211500,87,352510
27843,0.001806,74.125.68.0-255,4320,215820,87,352510
27844,0.001809,172.31.47.0-255,66,215886,87,352510
27845,0.001854,74.125.68.0-255,4320,220206,87,352510
27846,0.001858,172.31.47.0-255,66,220272,87,352510
27847,0.001887,74.125.68.0-255,1484,221756,87,352510
27848,0.001893,74.125.68.0-255,4320,226076,87,352510
27849,0.001896,172.31.47.0-255,66,226142,87,352510
27850,0.001902,74.125.68.0-255,5738,231880,87,352510
27851,0.001904,172.31.47.0-255,66,231946,87,352510
27852,0.001909,74.125.68.0-255,3602,235548,87,352510
27853,0.001911,172.31.47.0-255,66,235614,87,352510
27854,0.00199,74.125.68.0-255,1484,237098,87,352510
27855,0.002012,74.125.68.0-255,1484,238582,87,352510
27856,0.002017,172.31.47.0-255,66,238648,87,352510
27857,0.002043,74.125.68.0-255,1484,240132,87,352510
27858,0.002049,74.125.68.0-255,4320,244452,87,352510
27859,0.002071,172.31.47.0-255,66,244518,87,352510
27860,0.002082,172.31.47.0-255,66,244584,87,352510
27861,0.002087,74.125.68.0-255,5738,250322,87,352510
27862,0.002089,172.31.47.0-255,66,250388,87,352510
27863,0.002095,74.125.68.0-255,7156,257544,87,352510
27864,0.002098,172.31.47.0-255,66,257610,87,352510
27865,0.002104,74.125.68.0-255,5020,262630,87,352510
27866,0.002106,172.31.47.0-255,66,262696,87,352510
27867,0.002112,74.125.68.0-255,5738,268434,87,352510
27868,0.002115,172.31.47.0-255,66,268500,87,352510
27869,0.002158,172.31.47.0-255,66,268566,87,352510
27870,0.002175,74.125.68.0-255,2902,271468,87,352510
27871,0.002178,172.31.47.0-255,66,271534,87,352510
27872,0.002192,172.31.47.0-255,66,271600,87,352510
27873,0.002221,74.125.68.0-255,1484,273084,87,352510
27874,0.00224,74.125.68.0-255,2902,275986,87,352510
27875,0.002243,172.31.47.0-255,66,276052,87,352510
27876,0.00226,74.125.68.0-255,1484,277536,87,352510
27877,0.002265,74.125.68.0-255,2902,280438,87,352510
27878,0.002268,172.31.47.0-255,66,280504,87,352510
27879,0.0023,74.125.68.0-255,5738,286242,87,352510
27880,0.002303,172.31.47.0-255,66,286308,87,352510
27881,0.002321,74.125.68.0-255,2902,289210,87,352510
27882,0.002323,172.31.47.0-255,66,289276,87,352510
27883,0.002344,74.125.68.0-255,4320,293596,87,352510
27884,0.002347,172.31.47.0-255,66,293662,87,352510
27885,0.002351,74.125.68.0-255,4320,297982,87,352510
27886,0.002353,172.31.47.0-255,66,298048,87,352510
27887,0.002371,74.125.68.0-255,5738,303786,87,352510
27888,0.002399,74.125.68.0-255,2184,305970,87,352510
27889,0.002445,74.125.68.0-255,1484,307454,87,352510
27890,0.002456,74.125.68.0-255,1484,308938,87,352510
27891,0.002466,74.125.68.0-255,1484,310422,87,352510
27892,0.002489,74.125.68.0-255,2902,313324,87,352510
27893,0.002505,74.125.68.0-255,1484,314808,87,352510
27894,0.006123,172.31.47.0-255,66,314874,87,352510
27895,0.0086,74.125.68.0-255,5738,320612,87,352510
27896,0.008611,172.31.47.0-255,66,320678,87,352510
27897,0.011079,74.125.68.0-255,5738,326416,87,352510
27898,0.01109,172.31.47.0-255,66,326482,87,352510
27899,0.013571,74.125.68.0-255,5738,332220,87,352510
27900,0.013587,172.31.47.0-255,66,332286,87,352510
27901,0.016057,74.125.68.0-255,5738,338024,87,352510
27902,0.016067,172.31.47.0-255,66,338090,87,352510
27903,0.018547,74.125.68.0-255,5738,343828,87,352510
27904,0.018559,172.31.47.0-255,66,343894,87,352510
27905,0.021029,74.125.68.0-255,4091,347985,87,352510
27906,0.021036,172.31.47.0-255,66,348051,87,352510
27907,0.021217,172.31.47.0-255,105,348156,87,352510
27908,0.023659,74.125.68.0-255,66,348222,87,352510
27909,0.026673,172.31.47.0-255,172,348394,87,352510
27910,0.026712,172.31.47.0-255,1111,349505,87,352510
27911,0.02675,172.31.47.0-255,1514,351019,87,352510
27912,0.026752,172.31.47.0-255,1293,352312,87,352510
27913,0.028212,104.244.42.0-255,66,352378,87,352510
27914,0.028264,104.244.42.0-255,66,352444,87,352510
27915,0.028282,104.244.42.0-255,66,352510,87,352510
27916,0.0,172.31.47.0-255,105,105,87,276
27917,0.079825,31.13.82.0-255,105,210,87,276
27918,0.079842,172.31.47.0-255,66,276,87,276
27919,0.0,74.125.24.0-255,146,146,87,355812
27920,3.4e-05,172.31.47.0-255,66,212,87,355812
27921,4.2e-05,74.125.24.0-255,1484,1696,87,355812
27922,4.7e-05,172.31.47.0-255,66,1762,87,355812
27923,5.2e-05,74.125.24.0-255,2902,4664,87,355812
27924,5.4e-05,172.31.47.0-255,66,4730,87,355812
27925,6.1e-05,74.125.24.0-255,7156,11886,87,355812
27926,6.4e-05,172.31.47.0-255,66,11952,87,355812
27927,6.9e-05,74.125.24.0-255,5090,17042,87,355812
27928,7.2e-05,172.31.47.0-255,66,17108,87,355812
27929,0.000118,172.31.47.0-255,66,17174,87,355812
27930,0.000175,74.125.24.0-255,1484,18658,87,355812
27931,0.000178,172.31.47.0-255,66,18724,87,355812
27932,0.000184,74.125.24.0-255,2902,21626,87,355812
27933,0.000187,172.31.47.0-255,66,21692,87,355812
27934,0.000194,74.125.24.0-255,5738,27430,87,355812
27935,0.000197,172.31.47.0-255,66,27496,87,355812
27936,0.000262,74.125.24.0-255,2902,30398,87,355812
27937,0.000265,172.31.47.0-255,66,30464,87,355812
27938,0.000284,74.125.24.0-255,3961,34425,87,355812
27939,0.000287,172.31.47.0-255,66,34491,87,355812
27940,0.001053,74.125.24.0-255,1484,35975,87,355812
27941,0.00106,172.31.47.0-255,66,36041,87,355812
27942,0.001072,74.125.24.0-255,2902,38943,87,355812
27943,0.001074,172.31.47.0-255,66,39009,87,355812
27944,0.00108,74.125.24.0-255,5738,44747,87,355812
27945,0.001083,172.31.47.0-255,66,44813,87,355812
27946,0.00109,74.125.24.0-255,5738,50551,87,355812
27947,0.001092,172.31.47.0-255,66,50617,87,355812
27948,0.001109,74.125.24.0-255,1125,51742,87,355812
27949,0.001112,172.31.47.0-255,66,51808,87,355812
27950,0.001142,74.125.24.0-255,1484,53292,87,355812
27951,0.001157,74.125.24.0-255,4320,57612,87,355812
27952,0.00116,172.31.47.0-255,66,57678,87,355812
27953,0.001178,74.125.24.0-255,5738,63416,87,355812
27954,0.001181,172.31.47.0-255,66,63482,87,355812
27955,0.001204,74.125.24.0-255,4320,67802,87,355812
27956,0.001207,172.31.47.0-255,66,67868,87,355812
27957,0.001214,74.125.24.0-255,5738,73606,87,355812
27958,0.001217,172.31.47.0-255,66,73672,87,355812
27959,0.001245,172.31.47.0-255,66,73738,87,355812
27960,0.001249,74.125.24.0-255,1705,75443,87,355812
27961,0.001252,172.31.47.0-255,66,75509,87,355812
27962,0.00329,74.125.24.0-255,5738,81247,87,355812
27963,0.003297,172.31.47.0-255,66,81313,87,355812
27964,0.005341,74.125.24.0-255,4320,85633,87,355812
27965,0.005343,172.31.47.0-255,66,85699,87,355812
27966,0.005357,74.125.24.0-255,1484,87183,87,355812
27967,0.007372,74.125.24.0-255,4320,91503,87,355812
27968,0.007377,172.31.47.0-255,66,91569,87,355812
27969,0.009422,74.125.24.0-255,5738,97307,87,355812
27970,0.009429,172.31.47.0-255,66,97373,87,355812
27971,0.01149,74.125.24.0-255,5738,103111,87,355812
27972,0.011498,172.31.47.0-255,66,103177,87,355812
27973,0.013521,74.125.24.0-255,5738,108915,87,355812
27974,0.013528,172.31.47.0-255,66,108981,87,355812
27975,0.015588,74.125.24.0-255,5738,114719,87,355812
27976,0.015594,172.31.47.0-255,66,114785,87,355812
27977,0.017632,74.125.24.0-255,5738,120523,87,355812
27978,0.017639,172.31.47.0-255,66,120589,87,355812
27979,0.019669,74.125.24.0-255,5738,126327,87,355812
27980,0.019681,172.31.47.0-255,66,126393,87,355812
27981,0.021736,74.125.24.0-255,5738,132131,87,355812
27982,0.021747,172.31.47.0-255,66,132197,87,355812
27983,0.02339,172.31.47.0-255,167,132364,87,355812
27984,0.02342,172.31.47.0-255,1107,133471,87,355812
27985,0.023467,172.31.47.0-255,1514,134985,87,355812
27986,0.023469,172.31.47.0-255,1297,136282,87,355812
27987,0.023789,74.125.24.0-255,5738,142020,87,355812
27988,0.023796,172.31.47.0-255,66,142086,87,355812
27989,0.024964,104.244.42.0-255,66,142152,87,355812
27990,0.024995,104.244.42.0-255,66,142218,87,355812
27991,0.025062,104.244.42.0-255,66,142284,87,355812
27992,0.025823,74.125.24.0-255,4320,146604,87,355812
27993,0.025829,172.31.47.0-255,66,146670,87,355812
27994,0.025849,74.125.24.0-255,1484,148154,87,355812
27995,0.027865,74.125.24.0-255,4320,152474,87,355812
27996,0.027873,172.31.47.0-255,66,152540,87,355812
27997,0.029949,74.125.24.0-255,5738,158278,87,355812
27998,0.029954,172.31.47.0-255,66,158344,87,355812
27999,0.03199,74.125.24.0-255,5738,164082,87,355812
28000,0.031996,172.31.47.0-255,66,164148,87,355812
28001,0.034012,74.125.24.0-255,5738,169886,87,355812
28002,0.034017,172.31.47.0-255,66,169952,87,355812
28003,0.036052,74.125.24.0-255,5738,175690,87,355812
28004,0.036057,172.31.47.0-255,66,175756,87,355812
28005,0.038102,74.125.24.0-255,5738,181494,87,355812
28006,0.038107,172.31.47.0-255,66,181560,87,355812
28007,0.04014,74.125.24.0-255,5738,187298,87,355812
28008,0.040145,172.31.47.0-255,66,187364,87,355812
28009,0.042184,74.125.24.0-255,5738,193102,87,355812
28010,0.042189,172.31.47.0-255,66,193168,87,355812
28011,0.044212,74.125.24.0-255,5738,198906,87,355812
28012,0.044219,172.31.47.0-255,66,198972,87,355812
28013,0.04624,74.125.24.0-255,5738,204710,87,355812
28014,0.046245,172.31.47.0-255,66,204776,87,355812
28015,0.048288,74.125.24.0-255,5738,210514,87,355812
28016,0.048293,172.31.47.0-255,66,210580,87,355812
28017,0.050332,74.125.24.0-255,5738,216318,87,355812
28018,0.050337,172.31.47.0-255,66,216384,87,355812
28019,0.052358,74.125.24.0-255,5738,222122,87,355812
28020,0.052364,172.31.47.0-255,66,222188,87,355812
28021,0.054409,74.125.24.0-255,5738,227926,87,355812
28022,0.054428,172.31.47.0-255,66,227992,87,355812
28023,0.056475,74.125.24.0-255,5738,233730,87,355812
28024,0.056483,172.31.47.0-255,66,233796,87,355812
28025,0.05853,74.125.24.0-255,5738,239534,87,355812
28026,0.058538,172.31.47.0-255,66,239600,87,355812
28027,0.060609,74.125.24.0-255,5738,245338,87,355812
28028,0.060617,172.31.47.0-255,66,245404,87,355812
28029,0.062639,74.125.24.0-255,5738,251142,87,355812
28030,0.06266,172.31.47.0-255,66,251208,87,355812
28031,0.064706,74.125.24.0-255,5738,256946,87,355812
28032,0.06471,172.31.47.0-255,66,257012,87,355812
28033,0.066741,74.125.24.0-255,5738,262750,87,355812
28034,0.066746,172.31.47.0-255,66,262816,87,355812
28035,0.068792,74.125.24.0-255,5738,268554,87,355812
28036,0.068798,172.31.47.0-255,66,268620,87,355812
28037,0.070846,74.125.24.0-255,5738,274358,87,355812
28038,0.070851,172.31.47.0-255,66,274424,87,355812
28039,0.072909,74.125.24.0-255,5738,280162,87,355812
28040,0.072915,172.31.47.0-255,66,280228,87,355812
28041,0.074928,74.125.24.0-255,5738,285966,87,355812
28042,0.074934,172.31.47.0-255,66,286032,87,355812
28043,0.076977,74.125.24.0-255,5738,291770,87,355812
28044,0.076983,172.31.47.0-255,66,291836,87,355812
28045,0.079009,74.125.24.0-255,5738,297574,87,355812
28046,0.079014,172.31.47.0-255,66,297640,87,355812
28047,0.081033,74.125.24.0-255,5738,303378,87,355812
28048,0.081039,172.31.47.0-255,66,303444,87,355812
28049,0.083067,74.125.24.0-255,5738,309182,87,355812
28050,0.083072,172.31.47.0-255,66,309248,87,355812
28051,0.085126,74.125.24.0-255,5738,314986,87,355812
28052,0.085131,172.31.47.0-255,66,315052,87,355812
28053,0.087178,74.125.24.0-255,5738,320790,87,355812
28054,0.087184,172.31.47.0-255,66,320856,87,355812
28055,0.089207,74.125.24.0-255,5738,326594,87,355812
28056,0.089212,172.31.47.0-255,66,326660,87,355812
28057,0.091226,74.125.24.0-255,5738,332398,87,355812
28058,0.091232,172.31.47.0-255,66,332464,87,355812
28059,0.093288,74.125.24.0-255,5738,338202,87,355812
28060,0.093297,172.31.47.0-255,66,338268,87,355812
28061,0.095325,74.125.24.0-255,1484,339752,87,355812
28062,0.095357,74.125.24.0-255,4320,344072,87,355812
28063,0.095362,172.31.47.0-255,66,344138,87,355812
28064,0.097395,74.125.24.0-255,5738,349876,87,355812
28065,0.097401,172.31.47.0-255,66,349942,87,355812
28066,0.09942,74.125.24.0-255,4320,354262,87,355812
28067,0.099426,172.31.47.0-255,66,354328,87,355812
28068,0.099457,74.125.24.0-255,1484,355812,87,355812
28069,0.0,74.125.24.0-255,380,380,87,363625
28070,1.9e-05,172.31.47.0-255,66,446,87,363625
28071,2.5e-05,74.125.24.0-255,1484,1930,87,363625
28072,2.9e-05,172.31.47.0-255,66,1996,87,363625
28073,3.6e-05,74.125.24.0-255,4320,6316,87,363625
28074,4e-05,172.31.47.0-255,66,6382,87,363625
28075,6.8e-05,74.125.24.0-255,4320,10702,87,363625
28076,7.1e-05,172.31.47.0-255,66,10768,87,363625
28077,9.3e-05,74.125.24.0-255,3501,14269,87,363625
28078,9.6e-05,172.31.47.0-255,66,14335,87,363625
28079,0.000187,74.125.24.0-255,1484,15819,87,363625
28080,0.000192,172.31.47.0-255,66,15885,87,363625
28081,0.000197,74.125.24.0-255,2902,18787,87,363625
28082,0.0002,172.31.47.0-255,66,18853,87,363625
28083,0.000206,74.125.24.0-255,5738,24591,87,363625
28084,0.000209,172.31.47.0-255,66,24657,87,363625
28085,0.000251,172.31.47.0-255,66,24723,87,363625
28086,0.000273,74.125.24.0-255,5379,30102,87,363625
28087,0.000275,172.31.47.0-255,66,30168,87,363625
28088,0.000287,172.31.47.0-255,66,30234,87,363625
28089,0.000325,74.125.24.0-255,4320,34554,87,363625
28090,0.000328,172.31.47.0-255,66,34620,87,363625
28091,0.000355,172.31.47.0-255,66,34686,87,363625
28092,0.000357,74.125.24.0-255,135,34821,87,363625
28093,0.000359,172.31.47.0-255,66,34887,87,363625
28094,0.000642,74.125.24.0-255,346,35233,87,363625
28095,0.000646,172.31.47.0-255,66,35299,87,363625
28096,0.000882,74.125.24.0-255,1484,36783,87,363625
28097,0.000886,172.31.47.0-255,66,36849,87,363625
28098,0.0009,74.125.24.0-255,2902,39751,87,363625
28099,0.000902,172.31.47.0-255,66,39817,87,363625
28100,0.000904,74.125.24.0-255,1484,41301,87,363625
28101,0.000929,74.125.24.0-255,4320,45621,87,363625
28102,0.000931,172.31.47.0-255,66,45687,87,363625
28103,0.000937,74.125.24.0-255,7156,52843,87,363625
28104,0.000939,172.31.47.0-255,66,52909,87,363625
28105,0.00096,74.125.24.0-255,5738,58647,87,363625
28106,0.000962,172.31.47.0-255,66,58713,87,363625
28107,0.000968,74.125.24.0-255,5738,64451,87,363625
28108,0.00097,172.31.47.0-255,66,64517,87,363625
28109,0.000987,74.125.24.0-255,5020,69537,87,363625
28110,0.000989,172.31.47.0-255,66,69603,87,363625
28111,0.001235,74.125.24.0-255,1484,71087,87,363625
28112,0.00124,74.125.24.0-255,2902,73989,87,363625
28113,0.001243,172.31.47.0-255,66,74055,87,363625
28114,0.001268,74.125.24.0-255,2902,76957,87,363625
28115,0.00127,172.31.47.0-255,66,77023,87,363625
28116,0.001287,74.125.24.0-255,2902,79925,87,363625
28117,0.001289,172.31.47.0-255,66,79991,87,363625
28118,0.001294,74.125.24.0-255,5738,85729,87,363625
28119,0.001295,172.31.47.0-255,66,85795,87,363625
28120,0.001308,172.31.47.0-255,66,85861,87,363625
28121,0.001332,74.125.24.0-255,2902,88763,87,363625
28122,0.001337,172.31.47.0-255,66,88829,87,363625
28123,0.001352,74.125.24.0-255,2184,91013,87,363625
28124,0.001354,172.31.47.0-255,66,91079,87,363625
28125,0.001874,74.125.24.0-255,1484,92563,87,363625
28126,0.001896,74.125.24.0-255,2902,95465,87,363625
28127,0.001899,172.31.47.0-255,66,95531,87,363625
28128,0.001907,74.125.24.0-255,5738,101269,87,363625
28129,0.001908,172.31.47.0-255,66,101335,87,363625
28130,0.00194,172.31.47.0-255,66,101401,87,363625
28131,0.00196,74.125.24.0-255,4320,105721,87,363625
28132,0.001962,172.31.47.0-255,66,105787,87,363625
28133,0.001964,74.125.24.0-255,1484,107271,87,363625
28134,0.001971,74.125.24.0-255,5738,113009,87,363625
28135,0.001973,172.31.47.0-255,66,113075,87,363625
28136,0.001984,74.125.24.0-255,3602,116677,87,363625
28137,0.001986,172.31.47.0-255,66,116743,87,363625
28138,0.002022,74.125.24.0-255,1484,118227,87,363625
28139,0.002038,74.125.24.0-255,2902,121129,87,363625
28140,0.00204,172.31.47.0-255,66,121195,87,363625
28141,0.002047,74.125.24.0-255,5738,126933,87,363625
28142,0.002049,172.31.47.0-255,66,126999,87,363625
28143,0.002081,172.31.47.0-255,66,127065,87,363625
28144,0.0021,74.125.24.0-255,4320,131385,87,363625
28145,0.002102,172.31.47.0-255,66,131451,87,363625
28146,0.004123,74.125.24.0-255,1484,132935,87,363625
28147,0.004176,74.125.24.0-255,2902,135837,87,363625
28148,0.004181,172.31.47.0-255,66,135903,87,363625
28149,0.0042,74.125.24.0-255,1484,137387,87,363625
28150,0.006223,74.125.24.0-255,4320,141707,87,363625
28151,0.006228,172.31.47.0-255,66,141773,87,363625
28152,0.008283,74.125.24.0-255,5738,147511,87,363625
28153,0.008296,172.31.47.0-255,66,147577,87,363625
28154,0.010375,74.125.24.0-255,5738,153315,87,363625
28155,0.010382,172.31.47.0-255,66,153381,87,363625
28156,0.012499,74.125.24.0-255,5738,159119,87,363625
28157,0.012511,172.31.47.0-255,66,159185,87,363625
28158,0.014567,74.125.24.0-255,5738,164923,87,363625
28159,0.014575,172.31.47.0-255,66,164989,87,363625
28160,0.016641,74.125.24.0-255,5738,170727,87,363625
28161,0.01665,172.31.47.0-255,66,170793,87,363625
28162,0.018722,74.125.24.0-255,5738,176531,87,363625
28163,0.018729,172.31.47.0-255,66,176597,87,363625
28164,0.02077,74.125.24.0-255,5738,182335,87,363625
28165,0.020777,172.31.47.0-255,66,182401,87,363625
28166,0.022819,74.125.24.0-255,5738,188139,87,363625
28167,0.022828,172.31.47.0-255,66,188205,87,363625
28168,0.024873,74.125.24.0-255,5738,193943,87,363625
28169,0.02488,172.31.47.0-255,66,194009,87,363625
28170,0.026922,74.125.24.0-255,4320,198329,87,363625
28171,0.026928,172.31.47.0-255,66,198395,87,363625
28172,0.026946,74.125.24.0-255,1484,199879,87,363625
28173,0.028952,74.125.24.0-255,4320,204199,87,363625
28174,0.028957,172.31.47.0-255,66,204265,87,363625
28175,0.031036,74.125.24.0-255,5738,210003,87,363625
28176,0.031043,172.31.47.0-255,66,210069,87,363625
28177,0.03121,172.31.47.0-255,172,210241,87,363625
28178,0.031237,172.31.47.0-255,1112,211353,87,363625
28179,0.03132,172.31.47.0-255,1514,212867,87,363625
28180,0.031322,172.31.47.0-255,1514,214381,87,363625
28181,0.031323,172.31.47.0-255,1514,215895,87,363625
28182,0.031348,172.31.47.0-255,1072,216967,87,363625
28183,0.032784,104.244.42.0-255,66,217033,87,363625
28184,0.032792,104.244.42.0-255,66,217099,87,363625
28185,0.032867,104.244.42.0-255,66,217165,87,363625
28186,0.032869,104.244.42.0-255,66,217231,87,363625
28187,0.033111,74.125.24.0-255,5738,222969,87,363625
28188,0.033115,172.31.47.0-255,66,223035,87,363625
28189,0.033516,104.244.42.0-255,108,223143,87,363625
28190,0.033539,172.31.47.0-255,66,223209,87,363625
28191,0.035175,74.125.24.0-255,5738,228947,87,363625
28192,0.035179,172.31.47.0-255,66,229013,87,363625
28193,0.037263,74.125.24.0-255,4320,233333,87,363625
28194,0.037269,172.31.47.0-255,66,233399,87,363625
28195,0.037298,74.125.24.0-255,1484,234883,87,363625
28196,0.039303,74.125.24.0-255,4320,239203,87,363625
28197,0.039308,172.31.47.0-255,66,239269,87,363625
28198,0.041374,74.125.24.0-255,5738,245007,87,363625
28199,0.041381,172.31.47.0-255,66,245073,87,363625
28200,0.043415,74.125.24.0-255,5738,250811,87,363625
28201,0.043421,172.31.47.0-255,66,250877,87,363625
28202,0.045485,74.125.24.0-255,5738,256615,87,363625
28203,0.04549,172.31.47.0-255,66,256681,87,363625
28204,0.047606,74.125.24.0-255,5738,262419,87,363625
28205,0.047612,172.31.47.0-255,66,262485,87,363625
28206,0.049683,74.125.24.0-255,5738,268223,87,363625
28207,0.049689,172.31.47.0-255,66,268289,87,363625
28208,0.051817,74.125.24.0-255,5738,274027,87,363625
28209,0.051825,172.31.47.0-255,66,274093,87,363625
28210,0.053854,74.125.24.0-255,1484,275577,87,363625
28211,0.053878,74.125.24.0-255,4320,279897,87,363625
28212,0.053882,172.31.47.0-255,66,279963,87,363625
28213,0.055934,74.125.24.0-255,4320,284283,87,363625
28214,0.055938,172.31.47.0-255,66,284349,87,363625
28215,0.055965,74.125.24.0-255,1484,285833,87,363625
28216,0.057984,74.125.24.0-255,4320,290153,87,363625
28217,0.057988,172.31.47.0-255,66,290219,87,363625
28218,0.060047,74.125.24.0-255,4320,294539,87,363625
28219,0.060051,172.31.47.0-255,66,294605,87,363625
28220,0.060079,74.125.24.0-255,1484,296089,87,363625
28221,0.062116,74.125.24.0-255,4320,300409,87,363625
28222,0.062123,172.31.47.0-255,66,300475,87,363625
28223,0.064202,74.125.24.0-255,5738,306213,87,363625
28224,0.064209,172.31.47.0-255,66,306279,87,363625
28225,0.066256,74.125.24.0-255,4320,310599,87,363625
28226,0.066261,172.31.47.0-255,66,310665,87,363625
28227,0.066287,74.125.24.0-255,1484,312149,87,363625
28228,0.068303,74.125.24.0-255,4320,316469,87,363625
28229,0.068308,172.31.47.0-255,66,316535,87,363625
28230,0.070369,74.125.24.0-255,5738,322273,87,363625
28231,0.070374,172.31.47.0-255,66,322339,87,363625
28232,0.072415,74.125.24.0-255,5738,328077,87,363625
28233,0.072423,172.31.47.0-255,66,328143,87,363625
28234,0.074462,74.125.24.0-255,4320,332463,87,363625
28235,0.074467,172.31.47.0-255,66,332529,87,363625
28236,0.0745,74.125.24.0-255,1484,334013,87,363625
28237,0.076511,74.125.24.0-255,1484,335497,87,363625
28238,0.076517,172.31.47.0-255,66,335563,87,363625
28239,0.076546,74.125.24.0-255,2902,338465,87,363625
28240,0.07655,172.31.47.0-255,66,338531,87,363625
28241,0.078561,74.125.24.0-255,1484,340015,87,363625
28242,0.078603,74.125.24.0-255,4320,344335,87,363625
28243,0.078607,172.31.47.0-255,66,344401,87,363625
28244,0.080677,74.125.24.0-255,5738,350139,87,363625
28245,0.080681,172.31.47.0-255,66,350205,87,363625
28246,0.08274,74.125.24.0-255,5738,355943,87,363625
28247,0.082747,172.31.47.0-255,66,356009,87,363625
28248,0.084828,74.125.24.0-255,4320,360329,87,363625
28249,0.084833,172.31.47.0-255,66,360395,87,363625
28250,0.084856,74.125.24.0-255,1484,361879,87,363625
28251,0.086871,74.125.24.0-255,1509,363388,87,363625
28252,0.086875,172.31.47.0-255,66,363454,87,363625
28253,0.087024,172.31.47.0-255,105,363559,87,363625
28254,0.08906,74.125.24.0-255,66,363625,87,363625
28255,0.0,172.217.194.0-255,153,153,87,378698
28256,2.5e-05,172.31.47.0-255,66,219,87,378698
28257,3.2e-05,172.217.194.0-255,1484,1703,87,378698
28258,3.6e-05,172.31.47.0-255,66,1769,87,378698
28259,4e-05,172.217.194.0-255,2902,4671,87,378698
28260,4.2e-05,172.31.47.0-255,66,4737,87,378698
28261,7.2e-05,172.217.194.0-255,7156,11893,87,378698
28262,7.4e-05,172.31.47.0-255,66,11959,87,378698
28263,0.000101,172.217.194.0-255,1977,13936,87,378698
28264,0.000103,172.31.47.0-255,66,14002,87,378698
28265,0.000119,172.217.194.0-255,1484,15486,87,378698
28266,0.000121,172.31.47.0-255,66,15552,87,378698
28267,0.000134,172.217.194.0-255,1484,17036,87,378698
28268,0.000137,172.31.47.0-255,66,17102,87,378698
28269,0.000141,172.217.194.0-255,2902,20004,87,378698
28270,0.000142,172.31.47.0-255,66,20070,87,378698
28271,0.000162,172.217.194.0-255,4320,24390,87,378698
28272,0.000165,172.31.47.0-255,66,24456,87,378698
28273,0.000169,172.217.194.0-255,4320,28776,87,378698
28274,0.000171,172.31.47.0-255,66,28842,87,378698
28275,0.000202,172.217.194.0-255,2543,31385,87,378698
28276,0.000204,172.31.47.0-255,66,31451,87,378698
28277,0.000445,172.217.194.0-255,1484,32935,87,378698
28278,0.000449,172.31.47.0-255,66,33001,87,378698
28279,0.000455,172.217.194.0-255,2902,35903,87,378698
28280,0.000456,172.31.47.0-255,66,35969,87,378698
28281,0.000475,172.217.194.0-255,4320,40289,87,378698
28282,0.000478,172.31.47.0-255,66,40355,87,378698
28283,0.000495,172.217.194.0-255,1484,41839,87,378698
28284,0.000497,172.31.47.0-255,66,41905,87,378698
28285,0.000522,172.31.47.0-255,66,41971,87,378698
28286,0.000536,172.217.194.0-255,3961,45932,87,378698
28287,0.00054,172.31.47.0-255,66,45998,87,378698
28288,0.000564,172.217.194.0-255,2902,48900,87,378698
28289,0.000566,172.31.47.0-255,66,48966,87,378698
28290,0.000589,172.31.47.0-255,66,49032,87,378698
28291,0.000613,172.217.194.0-255,365,49397,87,378698
28292,0.000732,172.31.47.0-255,66,49463,87,378698
28293,0.000733,172.217.194.0-255,1484,50947,87,378698
28294,0.000765,172.217.194.0-255,2902,53849,87,378698
28295,0.000768,172.31.47.0-255,66,53915,87,378698
28296,0.000775,172.217.194.0-255,4320,58235,87,378698
28297,0.000777,172.31.47.0-255,66,58301,87,378698
28298,0.000811,172.31.47.0-255,66,58367,87,378698
28299,0.000815,172.217.194.0-255,2902,61269,87,378698
28300,0.000817,172.31.47.0-255,66,61335,87,378698
28301,0.000839,172.31.47.0-255,66,61401,87,378698
28302,0.000875,172.217.194.0-255,5020,66421,87,378698
28303,0.00088,172.31.47.0-255,66,66487,87,378698
28304,0.00114,172.217.194.0-255,1484,67971,87,378698
28305,0.00115,172.217.194.0-255,2902,70873,87,378698
28306,0.001154,172.31.47.0-255,66,70939,87,378698
28307,0.001158,172.217.194.0-255,1484,72423,87,378698
28308,0.001174,172.217.194.0-255,4320,76743,87,378698
28309,0.001177,172.31.47.0-255,66,76809,87,378698
28310,0.00118,172.217.194.0-255,1484,78293,87,378698
28311,0.001187,172.217.194.0-255,7156,85449,87,378698
28312,0.001189,172.31.47.0-255,66,85515,87,378698
28313,0.0012,172.217.194.0-255,1484,86999,87,378698
28314,0.00122,172.217.194.0-255,4320,91319,87,378698
28315,0.001224,172.31.47.0-255,66,91385,87,378698
28316,0.001247,172.31.47.0-255,66,91451,87,378698
28317,0.001788,172.217.194.0-255,1484,92935,87,378698
28318,0.001794,172.217.194.0-255,1484,94419,87,378698
28319,0.001798,172.31.47.0-255,66,94485,87,378698
28320,0.001809,172.217.194.0-255,1484,95969,87,378698
28321,0.001814,172.217.194.0-255,4320,100289,87,378698
28322,0.001816,172.31.47.0-255,66,100355,87,378698
28323,0.001839,172.217.194.0-255,1484,101839,87,378698
28324,0.001845,172.217.194.0-255,5738,107577,87,378698
28325,0.001848,172.31.47.0-255,66,107643,87,378698
28326,0.001862,172.217.194.0-255,5738,113381,87,378698
28327,0.001865,172.31.47.0-255,66,113447,87,378698
28328,0.001893,172.217.194.0-255,7156,120603,87,378698
28329,0.001895,172.31.47.0-255,66,120669,87,378698
28330,0.0019,172.217.194.0-255,5020,125689,87,378698
28331,0.001902,172.31.47.0-255,66,125755,87,378698
28332,0.003934,172.217.194.0-255,2902,128657,87,378698
28333,0.003936,172.31.47.0-255,66,128723,87,378698
28334,0.003953,172.217.194.0-255,2902,131625,87,378698
28335,0.003955,172.31.47.0-255,66,131691,87,378698
28336,0.005937,172.217.194.0-255,2902,134593,87,378698
28337,0.005943,172.31.47.0-255,66,134659,87,378698
28338,0.005964,172.217.194.0-255,2902,137561,87,378698
28339,0.005967,172.31.47.0-255,66,137627,87,378698
28340,0.007957,172.217.194.0-255,5738,143365,87,378698
28341,0.007963,172.31.47.0-255,66,143431,87,378698
28342,0.009959,172.217.194.0-255,5738,149169,87,378698
28343,0.009965,172.31.47.0-255,66,149235,87,378698
28344,0.011996,172.217.194.0-255,5738,154973,87,378698
28345,0.012004,172.31.47.0-255,66,155039,87,378698
28346,0.014015,172.217.194.0-255,5738,160777,87,378698
28347,0.014021,172.31.47.0-255,66,160843,87,378698
28348,0.01602,172.217.194.0-255,5738,166581,87,378698
28349,0.016025,172.31.47.0-255,66,166647,87,378698
28350,0.018033,172.217.194.0-255,5738,172385,87,378698
28351,0.018045,172.31.47.0-255,66,172451,87,378698
28352,0.020044,172.217.194.0-255,5738,178189,87,378698
28353,0.020051,172.31.47.0-255,66,178255,87,378698
28354,0.022069,172.217.194.0-255,5738,183993,87,378698
28355,0.022075,172.31.47.0-255,66,184059,87,378698
28356,0.023492,172.31.47.0-255,172,184231,87,378698
28357,0.02352,172.31.47.0-255,1112,185343,87,378698
28358,0.023594,172.31.47.0-255,1514,186857,87,378698
28359,0.023596,172.31.47.0-255,1294,188151,87,378698
28360,0.024101,172.217.194.0-255,5738,193889,87,378698
28361,0.024108,172.31.47.0-255,66,193955,87,378698
28362,0.025017,104.244.42.0-255,66,194021,87,378698
28363,0.025048,104.244.42.0-255,66,194087,87,378698
28364,0.02515,104.244.42.0-255,66,194153,87,378698
28365,0.026109,172.217.194.0-255,2902,197055,87,378698
28366,0.026112,172.31.47.0-255,66,197121,87,378698
28367,0.026142,172.217.194.0-255,2902,200023,87,378698
28368,0.026145,172.31.47.0-255,66,200089,87,378698
28369,0.028121,172.217.194.0-255,2902,202991,87,378698
28370,0.028126,172.31.47.0-255,66,203057,87,378698
28371,0.028153,172.217.194.0-255,2902,205959,87,378698
28372,0.028156,172.31.47.0-255,66,206025,87,378698
28373,0.030127,172.217.194.0-255,2902,208927,87,378698
28374,0.030132,172.31.47.0-255,66,208993,87,378698
28375,0.030154,172.217.194.0-255,2902,211895,87,378698
28376,0.030157,172.31.47.0-255,66,211961,87,378698
28377,0.032144,172.217.194.0-255,5738,217699,87,378698
28378,0.03215,172.31.47.0-255,66,217765,87,378698
28379,0.034131,172.217.194.0-255,5738,223503,87,378698
28380,0.034136,172.31.47.0-255,66,223569,87,378698
28381,0.036139,172.217.194.0-255,5738,229307,87,378698
28382,0.036145,172.31.47.0-255,66,229373,87,378698
28383,0.038158,172.217.194.0-255,5738,235111,87,378698
28384,0.038163,172.31.47.0-255,66,235177,87,378698
28385,0.040174,172.217.194.0-255,5738,240915,87,378698
28386,0.040178,172.31.47.0-255,66,240981,87,378698
28387,0.042183,172.217.194.0-255,5738,246719,87,378698
28388,0.042187,172.31.47.0-255,66,246785,87,378698
28389,0.044184,172.217.194.0-255,5738,252523,87,378698
28390,0.044188,172.31.47.0-255,66,252589,87,378698
28391,0.046192,172.217.194.0-255,5738,258327,87,378698
28392,0.046197,172.31.47.0-255,66,258393,87,378698
28393,0.048202,172.217.194.0-255,5738,264131,87,378698
28394,0.048206,172.31.47.0-255,66,264197,87,378698
28395,0.050214,172.217.194.0-255,5738,269935,87,378698
28396,0.050217,172.31.47.0-255,66,270001,87,378698
28397,0.052202,172.217.194.0-255,5738,275739,87,378698
28398,0.052207,172.31.47.0-255,66,275805,87,378698
28399,0.054217,172.217.194.0-255,5738,281543,87,378698
28400,0.054223,172.31.47.0-255,66,281609,87,378698
28401,0.056252,172.217.194.0-255,5738,287347,87,378698
28402,0.056258,172.31.47.0-255,66,287413,87,378698
28403,0.058255,172.217.194.0-255,5738,293151,87,378698
28404,0.05826,172.31.47.0-255,66,293217,87,378698
28405,0.060293,172.217.194.0-255,5738,298955,87,378698
28406,0.060297,172.31.47.0-255,66,299021,87,378698
28407,0.062308,172.217.194.0-255,5738,304759,87,378698
28408,0.062312,172.31.47.0-255,66,304825,87,378698
28409,0.064354,172.217.194.0-255,5738,310563,87,378698
28410,0.064359,172.31.47.0-255,66,310629,87,378698
28411,0.066378,172.217.194.0-255,5738,316367,87,378698
28412,0.066383,172.31.47.0-255,66,316433,87,378698
28413,0.068385,172.217.194.0-255,5738,322171,87,378698
28414,0.06839,172.31.47.0-255,66,322237,87,378698
28415,0.070387,172.217.194.0-255,5738,327975,87,378698
28416,0.070391,172.31.47.0-255,66,328041,87,378698
28417,0.072401,172.217.194.0-255,5738,333779,87,378698
28418,0.072406,172.31.47.0-255,66,333845,87,378698
28419,0.074414,172.217.194.0-255,5738,339583,87,378698
28420,0.074418,172.31.47.0-255,66,339649,87,378698
28421,0.076419,172.217.194.0-255,5738,345387,87,378698
28422,0.076424,172.31.47.0-255,66,345453,87,378698
28423,0.078442,172.217.194.0-255,4320,349773,87,378698
28424,0.078446,172.31.47.0-255,66,349839,87,378698
28425,0.07847,172.217.194.0-255,1484,351323,87,378698
28426,0.080452,172.217.194.0-255,4320,355643,87,378698
28427,0.080457,172.31.47.0-255,66,355709,87,378698
28428,0.082472,172.217.194.0-255,5738,361447,87,378698
28429,0.082476,172.31.47.0-255,66,361513,87,378698
28430,0.084487,172.217.194.0-255,5738,367251,87,378698
28431,0.084491,172.31.47.0-255,66,367317,87,378698
28432,0.086511,172.217.194.0-255,5738,373055,87,378698
28433,0.086516,172.31.47.0-255,66,373121,87,378698
28434,0.088521,172.217.194.0-255,5340,378461,87,378698
28435,0.088526,172.31.47.0-255,66,378527,87,378698
28436,0.088697,172.31.47.0-255,105,378632,87,378698
28437,0.090699,172.217.194.0-255,66,378698,87,378698
28438,0.0,172.31.47.0-255,66,66,87,66
28439,0.0,172.31.47.0-255,105,105,87,105
28440,0.0,74.125.68.0-255,153,153,87,354290
28441,3.4e-05,172.31.47.0-255,66,219,87,354290
28442,4e-05,74.125.68.0-255,1484,1703,87,354290
28443,4.4e-05,172.31.47.0-255,66,1769,87,354290
28444,4.9e-05,74.125.68.0-255,2902,4671,87,354290
28445,5.2e-05,172.31.47.0-255,66,4737,87,354290
28446,5.5e-05,74.125.68.0-255,1484,6221,87,354290
28447,6.4e-05,172.31.47.0-255,66,6287,87,354290
28448,6.8e-05,74.125.68.0-255,2902,9189,87,354290
28449,7e-05,172.31.47.0-255,66,9255,87,354290
28450,0.000112,74.125.68.0-255,4927,14182,87,354290
28451,0.000116,172.31.47.0-255,66,14248,87,354290
28452,0.00015,74.125.68.0-255,1484,15732,87,354290
28453,0.000153,172.31.47.0-255,66,15798,87,354290
28454,0.000159,74.125.68.0-255,2902,18700,87,354290
28455,0.000161,172.31.47.0-255,66,18766,87,354290
28456,0.000178,74.125.68.0-255,2902,21668,87,354290
28457,0.000181,172.31.47.0-255,66,21734,87,354290
28458,0.000206,74.125.68.0-255,2902,24636,87,354290
28459,0.000209,172.31.47.0-255,66,24702,87,354290
28460,0.000215,74.125.68.0-255,6797,31499,87,354290
28461,0.000218,172.31.47.0-255,66,31565,87,354290
28462,0.000681,74.125.68.0-255,1484,33049,87,354290
28463,0.000687,172.31.47.0-255,66,33115,87,354290
28464,0.000696,74.125.68.0-255,2902,36017,87,354290
28465,0.000699,172.31.47.0-255,66,36083,87,354290
28466,0.00071,74.125.68.0-255,1484,37567,87,354290
28467,0.000712,172.31.47.0-255,66,37633,87,354290
28468,0.000717,74.125.68.0-255,2902,40535,87,354290
28469,0.000719,172.31.47.0-255,66,40601,87,354290
28470,0.000754,74.125.68.0-255,5738,46339,87,354290
28471,0.000758,172.31.47.0-255,66,46405,87,354290
28472,0.000762,74.125.68.0-255,2543,48948,87,354290
28473,0.000764,172.31.47.0-255,66,49014,87,354290
28474,0.000874,74.125.68.0-255,1484,50498,87,354290
28475,0.00089,74.125.68.0-255,2902,53400,87,354290
28476,0.000894,172.31.47.0-255,66,53466,87,354290
28477,0.000899,74.125.68.0-255,2902,56368,87,354290
28478,0.000901,172.31.47.0-255,66,56434,87,354290
28479,0.000919,74.125.68.0-255,2902,59336,87,354290
28480,0.000922,172.31.47.0-255,66,59402,87,354290
28481,0.000926,74.125.68.0-255,2902,62304,87,354290
28482,0.000929,172.31.47.0-255,66,62370,87,354290
28483,0.000935,74.125.68.0-255,3961,66331,87,354290
28484,0.000937,172.31.47.0-255,66,66397,87,354290
28485,0.00094,74.125.68.0-255,360,66757,87,354290
28486,0.001416,74.125.68.0-255,133,66890,87,354290
28487,0.001985,74.125.68.0-255,346,67236,87,354290
28488,0.002023,74.125.68.0-255,1484,68720,87,354290
28489,0.002027,172.31.47.0-255,66,68786,87,354290
28490,0.002031,74.125.68.0-255,1484,70270,87,354290
28491,0.002051,74.125.68.0-255,1484,71754,87,354290
28492,0.002053,172.31.47.0-255,66,71820,87,354290
28493,0.002059,74.125.68.0-255,4320,76140,87,354290
28494,0.002061,172.31.47.0-255,66,76206,87,354290
28495,0.002102,74.125.68.0-255,1484,77690,87,354290
28496,0.002113,172.31.47.0-255,66,77756,87,354290
28497,0.002145,74.125.68.0-255,7156,84912,87,354290
28498,0.002147,172.31.47.0-255,66,84978,87,354290
28499,0.002169,74.125.68.0-255,4320,89298,87,354290
28500,0.002171,172.31.47.0-255,66,89364,87,354290
28501,0.002175,74.125.68.0-255,2184,91548,87,354290
28502,0.002177,172.31.47.0-255,66,91614,87,354290
28503,0.004396,74.125.68.0-255,2902,94516,87,354290
28504,0.004402,172.31.47.0-255,66,94582,87,354290
28505,0.004434,74.125.68.0-255,2902,97484,87,354290
28506,0.004439,172.31.47.0-255,66,97550,87,354290
28507,0.006657,74.125.68.0-255,2902,100452,87,354290
28508,0.006664,172.31.47.0-255,66,100518,87,354290
28509,0.00669,74.125.68.0-255,2902,103420,87,354290
28510,0.006694,172.31.47.0-255,66,103486,87,354290
28511,0.00891,74.125.68.0-255,2902,106388,87,354290
28512,0.008916,172.31.47.0-255,66,106454,87,354290
28513,0.008944,74.125.68.0-255,2902,109356,87,354290
28514,0.008947,172.31.47.0-255,66,109422,87,354290
28515,0.01116,74.125.68.0-255,2902,112324,87,354290
28516,0.011166,172.31.47.0-255,66,112390,87,354290
28517,0.011207,74.125.68.0-255,2902,115292,87,354290
28518,0.011212,172.31.47.0-255,66,115358,87,354290
28519,0.013413,74.125.68.0-255,2902,118260,87,354290
28520,0.013423,172.31.47.0-255,66,118326,87,354290
28521,0.013471,74.125.68.0-255,2902,121228,87,354290
28522,0.013475,172.31.47.0-255,66,121294,87,354290
28523,0.015681,74.125.68.0-255,2902,124196,87,354290
28524,0.015688,172.31.47.0-255,66,124262,87,354290
28525,0.015731,74.125.68.0-255,2902,127164,87,354290
28526,0.015735,172.31.47.0-255,66,127230,87,354290
28527,0.017942,74.125.68.0-255,2902,130132,87,354290
28528,0.017949,172.31.47.0-255,66,130198,87,354290
28529,0.017985,74.125.68.0-255,2902,133100,87,354290
28530,0.017988,172.31.47.0-255,66,133166,87,354290
28531,0.020192,74.125.68.0-255,2902,136068,87,354290
28532,0.020198,172.31.47.0-255,66,136134,87,354290
28533,0.020224,74.125.68.0-255,2902,139036,87,354290
28534,0.020227,172.31.47.0-255,66,139102,87,354290
28535,0.021232,172.31.47.0-255,172,139274,87,354290
28536,0.021259,172.31.47.0-255,1107,140381,87,354290
28537,0.021292,172.31.47.0-255,1514,141895,87,354290
28538,0.021294,172.31.47.0-255,1514,143409,87,354290
28539,0.021295,172.31.47.0-255,1514,144923,87,354290
28540,0.021296,172.31.47.0-255,1079,146002,87,354290
28541,0.02244,74.125.68.0-255,2902,148904,87,354290
28542,0.022447,172.31.47.0-255,66,148970,87,354290
28543,0.022477,74.125.68.0-255,2902,151872,87,354290
28544,0.022481,172.31.47.0-255,66,151938,87,354290
28545,0.022771,104.244.42.0-255,66,152004,87,354290
28546,0.022811,104.244.42.0-255,66,152070,87,354290
28547,0.022872,104.244.42.0-255,66,152136,87,354290
28548,0.022875,104.244.42.0-255,66,152202,87,354290
28549,0.024697,74.125.68.0-255,2902,155104,87,354290
28550,0.024703,172.31.47.0-255,66,155170,87,354290
28551,0.024739,74.125.68.0-255,2902,158072,87,354290
28552,0.024743,172.31.47.0-255,66,158138,87,354290
28553,0.026943,74.125.68.0-255,2902,161040,87,354290
28554,0.026949,172.31.47.0-255,66,161106,87,354290
28555,0.026992,74.125.68.0-255,2902,164008,87,354290
28556,0.026996,172.31.47.0-255,66,164074,87,354290
28557,0.029194,74.125.68.0-255,2902,166976,87,354290
28558,0.029199,172.31.47.0-255,66,167042,87,354290
28559,0.029239,74.125.68.0-255,1484,168526,87,354290
28560,0.029251,74.125.68.0-255,1484,170010,87,354290
28561,0.029254,172.31.47.0-255,66,170076,87,354290
28562,0.031445,74.125.68.0-255,2902,172978,87,354290
28563,0.03145,172.31.47.0-255,66,173044,87,354290
28564,0.031531,74.125.68.0-255,1484,174528,87,354290
28565,0.031543,74.125.68.0-255,1484,176012,87,354290
28566,0.031546,172.31.47.0-255,66,176078,87,354290
28567,0.033689,74.125.68.0-255,2902,178980,87,354290
28568,0.033694,172.31.47.0-255,66,179046,87,354290
28569,0.033779,74.125.68.0-255,2902,181948,87,354290
28570,0.033783,172.31.47.0-255,66,182014,87,354290
28571,0.035929,74.125.68.0-255,2902,184916,87,354290
28572,0.035934,172.31.47.0-255,66,184982,87,354290
28573,0.03603,74.125.68.0-255,2902,187884,87,354290
28574,0.036035,172.31.47.0-255,66,187950,87,354290
28575,0.038168,74.125.68.0-255,2902,190852,87,354290
28576,0.038173,172.31.47.0-255,66,190918,87,354290
28577,0.038278,74.125.68.0-255,2902,193820,87,354290
28578,0.038283,172.31.47.0-255,66,193886,87,354290
28579,0.040416,74.125.68.0-255,2902,196788,87,354290
28580,0.040425,172.31.47.0-255,66,196854,87,354290
28581,0.040511,74.125.68.0-255,2902,199756,87,354290
28582,0.040516,172.31.47.0-255,66,199822,87,354290
28583,0.042696,74.125.68.0-255,2902,202724,87,354290
28584,0.042702,172.31.47.0-255,66,202790,87,354290
28585,0.042753,74.125.68.0-255,2902,205692,87,354290
28586,0.042757,172.31.47.0-255,66,205758,87,354290
28587,0.044947,74.125.68.0-255,2902,208660,87,354290
28588,0.044952,172.31.47.0-255,66,208726,87,354290
28589,0.04499,74.125.68.0-255,2902,211628,87,354290
28590,0.044994,172.31.47.0-255,66,211694,87,354290
28591,0.0472,74.125.68.0-255,2902,214596,87,354290
28592,0.047206,172.31.47.0-255,66,214662,87,354290
28593,0.04725,74.125.68.0-255,1484,216146,87,354290
28594,0.047267,74.125.68.0-255,1484,217630,87,354290
28595,0.047269,172.31.47.0-255,66,217696,87,354290
28596,0.049449,74.125.68.0-255,2902,220598,87,354290
28597,0.049455,172.31.47.0-255,66,220664,87,354290
28598,0.049501,74.125.68.0-255,2902,223566,87,354290
28599,0.049506,172.31.47.0-255,66,223632,87,354290
28600,0.05169,74.125.68.0-255,2902,226534,87,354290
28601,0.051696,172.31.47.0-255,66,226600,87,354290
28602,0.051745,74.125.68.0-255,2902,229502,87,354290
28603,0.051749,172.31.47.0-255,66,229568,87,354290
28604,0.053929,74.125.68.0-255,2902,232470,87,354290
28605,0.053935,172.31.47.0-255,66,232536,87,354290
28606,0.053968,74.125.68.0-255,1484,234020,87,354290
28607,0.053978,74.125.68.0-255,1484,235504,87,354290
28608,0.05398,172.31.47.0-255,66,235570,87,354290
28609,0.056194,74.125.68.0-255,2902,238472,87,354290
28610,0.0562,172.31.47.0-255,66,238538,87,354290
28611,0.056228,74.125.68.0-255,2902,241440,87,354290
28612,0.056231,172.31.47.0-255,66,241506,87,354290
28613,0.058438,74.125.68.0-255,2902,244408,87,354290
28614,0.058444,172.31.47.0-255,66,244474,87,354290
28615,0.058476,74.125.68.0-255,2902,247376,87,354290
28616,0.05848,172.31.47.0-255,66,247442,87,354290
28617,0.060685,74.125.68.0-255,2902,250344,87,354290
28618,0.06069,172.31.47.0-255,66,250410,87,354290
28619,0.060727,74.125.68.0-255,2902,253312,87,354290
28620,0.06073,172.31.47.0-255,66,253378,87,354290
28621,0.062931,74.125.68.0-255,2902,256280,87,354290
28622,0.062936,172.31.47.0-255,66,256346,87,354290
28623,0.062993,74.125.68.0-255,2902,259248,87,354290
28624,0.062997,172.31.47.0-255,66,259314,87,354290
28625,0.065184,74.125.68.0-255,2902,262216,87,354290
28626,0.065189,172.31.47.0-255,66,262282,87,354290
28627,0.065225,74.125.68.0-255,2902,265184,87,354290
28628,0.065228,172.31.47.0-255,66,265250,87,354290
28629,0.067422,74.125.68.0-255,2902,268152,87,354290
28630,0.067427,172.31.47.0-255,66,268218,87,354290
28631,0.067482,74.125.68.0-255,2902,271120,87,354290
28632,0.067486,172.31.47.0-255,66,271186,87,354290
28633,0.069657,74.125.68.0-255,2902,274088,87,354290
28634,0.069662,172.31.47.0-255,66,274154,87,354290
28635,0.069771,74.125.68.0-255,2902,277056,87,354290
28636,0.069776,172.31.47.0-255,66,277122,87,354290
28637,0.071901,74.125.68.0-255,2902,280024,87,354290
28638,0.071908,172.31.47.0-255,66,280090,87,354290
28639,0.07201,74.125.68.0-255,2902,282992,87,354290
28640,0.072013,172.31.47.0-255,66,283058,87,354290
28641,0.074145,74.125.68.0-255,2902,285960,87,354290
28642,0.074151,172.31.47.0-255,66,286026,87,354290
28643,0.074269,74.125.68.0-255,2902,288928,87,354290
28644,0.074273,172.31.47.0-255,66,288994,87,354290
28645,0.076387,74.125.68.0-255,2902,291896,87,354290
28646,0.076393,172.31.47.0-255,66,291962,87,354290
28647,0.076499,74.125.68.0-255,2902,294864,87,354290
28648,0.076504,172.31.47.0-255,66,294930,87,354290
28649,0.078638,74.125.68.0-255,2902,297832,87,354290
28650,0.078643,172.31.47.0-255,66,297898,87,354290
28651,0.078742,74.125.68.0-255,2902,300800,87,354290
28652,0.078747,172.31.47.0-255,66,300866,87,354290
28653,0.080888,74.125.68.0-255,2902,303768,87,354290
28654,0.080893,172.31.47.0-255,66,303834,87,354290
28655,0.080979,74.125.68.0-255,2902,306736,87,354290
28656,0.080984,172.31.47.0-255,66,306802,87,354290
28657,0.083126,74.125.68.0-255,2902,309704,87,354290
28658,0.083131,172.31.47.0-255,66,309770,87,354290
28659,0.083219,74.125.68.0-255,2902,312672,87,354290
28660,0.083224,172.31.47.0-255,66,312738,87,354290
28661,0.085375,74.125.68.0-255,2902,315640,87,354290
28662,0.08538,172.31.47.0-255,66,315706,87,354290
28663,0.085457,74.125.68.0-255,2902,318608,87,354290
28664,0.085462,172.31.47.0-255,66,318674,87,354290
28665,0.087626,74.125.68.0-255,2902,321576,87,354290
28666,0.08763,172.31.47.0-255,66,321642,87,354290
28667,0.087698,74.125.68.0-255,2902,324544,87,354290
28668,0.087702,172.31.47.0-255,66,324610,87,354290
28669,0.089876,74.125.68.0-255,2902,327512,87,354290
28670,0.089881,172.31.47.0-255,66,327578,87,354290
28671,0.089941,74.125.68.0-255,2902,330480,87,354290
28672,0.089945,172.31.47.0-255,66,330546,87,354290
28673,0.092144,74.125.68.0-255,2902,333448,87,354290
28674,0.092168,172.31.47.0-255,66,333514,87,354290
28675,0.092195,74.125.68.0-255,2902,336416,87,354290
28676,0.0922,172.31.47.0-255,66,336482,87,354290
28677,0.094405,74.125.68.0-255,2902,339384,87,354290
28678,0.094412,172.31.47.0-255,66,339450,87,354290
28679,0.094446,74.125.68.0-255,2902,342352,87,354290
28680,0.09445,172.31.47.0-255,66,342418,87,354290
28681,0.096657,74.125.68.0-255,2902,345320,87,354290
28682,0.096664,172.31.47.0-255,66,345386,87,354290
28683,0.096693,74.125.68.0-255,2902,348288,87,354290
28684,0.096696,172.31.47.0-255,66,348354,87,354290
28685,0.098908,74.125.68.0-255,2902,351256,87,354290
28686,0.098913,172.31.47.0-255,66,351322,87,354290
28687,0.098946,74.125.68.0-255,2902,354224,87,354290
28688,0.098949,172.31.47.0-255,66,354290,87,354290
28689,0.0,74.125.130.0-255,150,150,87,389055
28690,2.3e-05,172.31.47.0-255,66,216,87,389055
28691,3e-05,74.125.130.0-255,1484,1700,87,389055
28692,3.4e-05,172.31.47.0-255,66,1766,87,389055
28693,4e-05,74.125.130.0-255,2902,4668,87,389055
28694,5.1e-05,172.31.47.0-255,66,4734,87,389055
28695,5.5e-05,74.125.130.0-255,1484,6218,87,389055
28696,5.8e-05,172.31.47.0-255,66,6284,87,389055
28697,9e-05,74.125.130.0-255,2902,9186,87,389055
28698,9.4e-05,172.31.47.0-255,66,9252,87,389055
28699,0.0001,74.125.130.0-255,4918,14170,87,389055
28700,0.000103,172.31.47.0-255,66,14236,87,389055
28701,0.000136,74.125.130.0-255,5738,19974,87,389055
28702,0.000139,172.31.47.0-255,66,20040,87,389055
28703,0.000145,74.125.130.0-255,4320,24360,87,389055
28704,0.000147,172.31.47.0-255,66,24426,87,389055
28705,0.000176,74.125.130.0-255,2902,27328,87,389055
28706,0.000179,172.31.47.0-255,66,27394,87,389055
28707,0.000183,74.125.130.0-255,1484,28878,87,389055
28708,0.000185,172.31.47.0-255,66,28944,87,389055
28709,0.000207,74.125.130.0-255,2543,31487,87,389055
28710,0.000215,172.31.47.0-255,66,31553,87,389055
28711,0.000276,74.125.130.0-255,1484,33037,87,389055
28712,0.000279,172.31.47.0-255,66,33103,87,389055
28713,0.000283,74.125.130.0-255,1484,34587,87,389055
28714,0.000285,172.31.47.0-255,66,34653,87,389055
28715,0.000302,74.125.130.0-255,1484,36137,87,389055
28716,0.000305,172.31.47.0-255,66,36203,87,389055
28717,0.000316,74.125.130.0-255,4320,40523,87,389055
28718,0.000318,172.31.47.0-255,66,40589,87,389055
28719,0.000361,172.31.47.0-255,66,40655,87,389055
28720,0.000367,74.125.130.0-255,4320,44975,87,389055
28721,0.000369,172.31.47.0-255,66,45041,87,389055
28722,0.000422,172.31.47.0-255,66,45107,87,389055
28723,0.000561,74.125.130.0-255,399,45506,87,389055
28724,0.000764,74.125.130.0-255,1484,46990,87,389055
28725,0.000769,172.31.47.0-255,66,47056,87,389055
28726,0.000774,74.125.130.0-255,2902,49958,87,389055
28727,0.000777,172.31.47.0-255,66,50024,87,389055
28728,0.000794,74.125.130.0-255,2902,52926,87,389055
28729,0.000796,172.31.47.0-255,66,52992,87,389055
28730,0.000825,74.125.130.0-255,1484,54476,87,389055
28731,0.000833,74.125.130.0-255,5738,60214,87,389055
28732,0.000835,172.31.47.0-255,66,60280,87,389055
28733,0.000865,74.125.130.0-255,7156,67436,87,389055
28734,0.000868,172.31.47.0-255,66,67502,87,389055
28735,0.000876,74.125.130.0-255,5738,73240,87,389055
28736,0.000878,172.31.47.0-255,66,73306,87,389055
28737,0.000905,74.125.130.0-255,2902,76208,87,389055
28738,0.000908,172.31.47.0-255,66,76274,87,389055
28739,0.000914,74.125.130.0-255,3602,79876,87,389055
28740,0.000916,172.31.47.0-255,66,79942,87,389055
28741,0.00099,74.125.130.0-255,1484,81426,87,389055
28742,0.001011,74.125.130.0-255,2902,84328,87,389055
28743,0.001014,172.31.47.0-255,66,84394,87,389055
28744,0.001029,74.125.130.0-255,1484,85878,87,389055
28745,0.001044,74.125.130.0-255,4320,90198,87,389055
28746,0.001049,172.31.47.0-255,66,90264,87,389055
28747,0.001053,74.125.130.0-255,2902,93166,87,389055
28748,0.001056,172.31.47.0-255,66,93232,87,389055
28749,0.001085,74.125.130.0-255,4320,97552,87,389055
28750,0.00109,172.31.47.0-255,66,97618,87,389055
28751,0.001093,74.125.130.0-255,1484,99102,87,389055
28752,0.00112,74.125.130.0-255,4320,103422,87,389055
28753,0.001123,172.31.47.0-255,66,103488,87,389055
28754,0.001131,74.125.130.0-255,7156,110644,87,389055
28755,0.001141,172.31.47.0-255,66,110710,87,389055
28756,0.001146,74.125.130.0-255,3602,114312,87,389055
28757,0.001148,172.31.47.0-255,66,114378,87,389055
28758,0.001194,74.125.130.0-255,1484,115862,87,389055
28759,0.001213,74.125.130.0-255,2902,118764,87,389055
28760,0.001216,172.31.47.0-255,66,118830,87,389055
28761,0.001219,74.125.130.0-255,1484,120314,87,389055
28762,0.001247,74.125.130.0-255,4320,124634,87,389055
28763,0.001252,74.125.130.0-255,4320,128954,87,389055
28764,0.001253,172.31.47.0-255,66,129020,87,389055
28765,0.001257,172.31.47.0-255,66,129086,87,389055
28766,0.001281,74.125.130.0-255,2902,131988,87,389055
28767,0.001284,172.31.47.0-255,66,132054,87,389055
28768,0.0013,172.31.47.0-255,66,132120,87,389055
28769,0.001339,172.31.47.0-255,66,132186,87,389055
28770,0.001422,74.125.130.0-255,1484,133670,87,389055
28771,0.001444,74.125.130.0-255,2902,136572,87,389055
28772,0.001448,172.31.47.0-255,66,136638,87,389055
28773,0.001452,74.125.130.0-255,2902,139540,87,389055
28774,0.001455,172.31.47.0-255,66,139606,87,389055
28775,0.001458,74.125.130.0-255,1484,141090,87,389055
28776,0.00148,74.125.130.0-255,2902,143992,87,389055
28777,0.001488,172.31.47.0-255,66,144058,87,389055
28778,0.00151,74.125.130.0-255,2902,146960,87,389055
28779,0.001513,172.31.47.0-255,66,147026,87,389055
28780,0.001538,74.125.130.0-255,2902,149928,87,389055
28781,0.001541,172.31.47.0-255,66,149994,87,389055
28782,0.001546,74.125.130.0-255,2902,152896,87,389055
28783,0.001549,172.31.47.0-255,66,152962,87,389055
28784,0.00157,74.125.130.0-255,4320,157282,87,389055
28785,0.001574,172.31.47.0-255,66,157348,87,389055
28786,0.001585,74.125.130.0-255,4320,161668,87,389055
28787,0.001589,172.31.47.0-255,66,161734,87,389055
28788,0.001594,74.125.130.0-255,5020,166754,87,389055
28789,0.001597,172.31.47.0-255,66,166820,87,389055
28790,0.001711,74.125.130.0-255,1484,168304,87,389055
28791,0.001728,74.125.130.0-255,2902,171206,87,389055
28792,0.001731,172.31.47.0-255,66,171272,87,389055
28793,0.001759,74.125.130.0-255,4320,175592,87,389055
28794,0.001762,172.31.47.0-255,66,175658,87,389055
28795,0.001786,74.125.130.0-255,1484,177142,87,389055
28796,0.001793,74.125.130.0-255,7156,184298,87,389055
28797,0.001796,172.31.47.0-255,66,184364,87,389055
28798,0.001822,74.125.130.0-255,2902,187266,87,389055
28799,0.001826,172.31.47.0-255,66,187332,87,389055
28800,0.001831,74.125.130.0-255,4320,191652,87,389055
28801,0.001833,172.31.47.0-255,66,191718,87,389055
28802,0.001864,74.125.130.0-255,7156,198874,87,389055
28803,0.001868,172.31.47.0-255,66,198940,87,389055
28804,0.00191,74.125.130.0-255,2184,201124,87,389055
28805,0.001913,172.31.47.0-255,66,201190,87,389055
28806,0.002241,74.125.130.0-255,1484,202674,87,389055
28807,0.002256,74.125.130.0-255,2902,205576,87,389055
28808,0.00226,172.31.47.0-255,66,205642,87,389055
28809,0.002287,74.125.130.0-255,4320,209962,87,389055
28810,0.00229,172.31.47.0-255,66,210028,87,389055
28811,0.002313,74.125.130.0-255,1484,211512,87,389055
28812,0.002338,74.125.130.0-255,2902,214414,87,389055
28813,0.002341,172.31.47.0-255,66,214480,87,389055
28814,0.002369,74.125.130.0-255,5738,220218,87,389055
28815,0.002377,172.31.47.0-255,66,220284,87,389055
28816,0.002387,74.125.130.0-255,1484,221768,87,389055
28817,0.002394,74.125.130.0-255,2902,224670,87,389055
28818,0.002397,172.31.47.0-255,66,224736,87,389055
28819,0.002402,74.125.130.0-255,2902,227638,87,389055
28820,0.002404,172.31.47.0-255,66,227704,87,389055
28821,0.002426,74.125.130.0-255,2902,230606,87,389055
28822,0.002429,172.31.47.0-255,66,230672,87,389055
28823,0.002432,74.125.130.0-255,1484,232156,87,389055
28824,0.002441,74.125.130.0-255,2902,235058,87,389055
28825,0.002443,172.31.47.0-255,66,235124,87,389055
28826,0.002446,74.125.130.0-255,766,235890,87,389055
28827,0.003256,172.31.47.0-255,66,235956,87,389055
28828,0.005032,74.125.130.0-255,4320,240276,87,389055
28829,0.005038,172.31.47.0-255,66,240342,87,389055
28830,0.00584,74.125.130.0-255,1484,241826,87,389055
28831,0.007637,74.125.130.0-255,2902,244728,87,389055
28832,0.007642,172.31.47.0-255,66,244794,87,389055
28833,0.007663,74.125.130.0-255,1484,246278,87,389055
28834,0.01024,74.125.130.0-255,4320,250598,87,389055
28835,0.010247,172.31.47.0-255,66,250664,87,389055
28836,0.012865,74.125.130.0-255,5738,256402,87,389055
28837,0.012872,172.31.47.0-255,66,256468,87,389055
28838,0.015474,74.125.130.0-255,5738,262206,87,389055
28839,0.015484,172.31.47.0-255,66,262272,87,389055
28840,0.018108,74.125.130.0-255,5738,268010,87,389055
28841,0.018118,172.31.47.0-255,66,268076,87,389055
28842,0.020745,74.125.130.0-255,5738,273814,87,389055
28843,0.020752,172.31.47.0-255,66,273880,87,389055
28844,0.023354,74.125.130.0-255,5738,279618,87,389055
28845,0.023359,172.31.47.0-255,66,279684,87,389055
28846,0.025542,172.31.47.0-255,196,279880,87,389055
28847,0.025586,172.31.47.0-255,1112,280992,87,389055
28848,0.025652,172.31.47.0-255,1514,282506,87,389055
28849,0.025654,172.31.47.0-255,1514,284020,87,389055
28850,0.025658,172.31.47.0-255,1514,285534,87,389055
28851,0.025659,172.31.47.0-255,1072,286606,87,389055
28852,0.025985,74.125.130.0-255,5738,292344,87,389055
28853,0.02599,172.31.47.0-255,66,292410,87,389055
28854,0.027098,104.244.42.0-255,66,292476,87,389055
28855,0.027156,104.244.42.0-255,66,292542,87,389055
28856,0.027255,104.244.42.0-255,66,292608,87,389055
28857,0.027258,104.244.42.0-255,66,292674,87,389055
28858,0.028586,74.125.130.0-255,2902,295576,87,389055
28859,0.028589,172.31.47.0-255,66,295642,87,389055
28860,0.02862,74.125.130.0-255,2902,298544,87,389055
28861,0.028623,172.31.47.0-255,66,298610,87,389055
28862,0.031182,74.125.130.0-255,2902,301512,87,389055
28863,0.031187,172.31.47.0-255,66,301578,87,389055
28864,0.031221,74.125.130.0-255,2902,304480,87,389055
28865,0.031225,172.31.47.0-255,66,304546,87,389055
28866,0.033772,74.125.130.0-255,2902,307448,87,389055
28867,0.033778,172.31.47.0-255,66,307514,87,389055
28868,0.033805,74.125.130.0-255,2902,310416,87,389055
28869,0.033808,172.31.47.0-255,66,310482,87,389055
28870,0.036373,74.125.130.0-255,2902,313384,87,389055
28871,0.03638,172.31.47.0-255,66,313450,87,389055
28872,0.036411,74.125.130.0-255,2902,316352,87,389055
28873,0.036414,172.31.47.0-255,66,316418,87,389055
28874,0.039116,74.125.130.0-255,5738,322156,87,389055
28875,0.039123,172.31.47.0-255,66,322222,87,389055
28876,0.041759,74.125.130.0-255,5738,327960,87,389055
28877,0.041765,172.31.47.0-255,66,328026,87,389055
28878,0.044364,74.125.130.0-255,5738,333764,87,389055
28879,0.04437,172.31.47.0-255,66,333830,87,389055
28880,0.046967,74.125.130.0-255,5738,339568,87,389055
28881,0.046993,172.31.47.0-255,66,339634,87,389055
28882,0.049609,74.125.130.0-255,1484,341118,87,389055
28883,0.049643,74.125.130.0-255,4320,345438,87,389055
28884,0.049648,172.31.47.0-255,66,345504,87,389055
28885,0.052245,74.125.130.0-255,5738,351242,87,389055
28886,0.052249,172.31.47.0-255,66,351308,87,389055
28887,0.054858,74.125.130.0-255,5738,357046,87,389055
28888,0.054864,172.31.47.0-255,66,357112,87,389055
28889,0.05746,74.125.130.0-255,5738,362850,87,389055
28890,0.057465,172.31.47.0-255,66,362916,87,389055
28891,0.060074,74.125.130.0-255,5738,368654,87,389055
28892,0.06008,172.31.47.0-255,66,368720,87,389055
28893,0.062676,74.125.130.0-255,4320,373040,87,389055
28894,0.06268,172.31.47.0-255,66,373106,87,389055
28895,0.062711,74.125.130.0-255,1484,374590,87,389055
28896,0.065273,74.125.130.0-255,4320,378910,87,389055
28897,0.065277,172.31.47.0-255,66,378976,87,389055
28898,0.067877,74.125.130.0-255,5738,384714,87,389055
28899,0.067883,172.31.47.0-255,66,384780,87,389055
28900,0.07048,74.125.130.0-255,3684,388464,87,389055
28901,0.070485,172.31.47.0-255,66,388530,87,389055
28902,0.070635,172.31.47.0-255,105,388635,87,389055
28903,0.070942,172.31.47.0-255,90,388725,87,389055
28904,0.070951,172.31.47.0-255,66,388791,87,389055
28905,0.073217,74.125.130.0-255,66,388857,87,389055
28906,0.073507,74.125.130.0-255,66,388923,87,389055
28907,0.073538,74.125.130.0-255,66,388989,87,389055
28908,0.073542,172.31.47.0-255,66,389055,87,389055
28909,0.0,172.31.47.0-255,66,66,87,66
28910,0.0,172.31.47.0-255,66,66,87,66
28911,0.0,74.125.200.0-255,153,153,87,388076
28912,2.6e-05,172.31.47.0-255,66,219,87,388076
28913,3.2e-05,74.125.200.0-255,1484,1703,87,388076
28914,3.6e-05,172.31.47.0-255,66,1769,87,388076
28915,5.6e-05,74.125.200.0-255,1484,3253,87,388076
28916,5.9e-05,172.31.47.0-255,66,3319,87,388076
28917,6.3e-05,74.125.200.0-255,2902,6221,87,388076
28918,6.6e-05,172.31.47.0-255,66,6287,87,388076
28919,9.7e-05,74.125.200.0-255,5738,12025,87,388076
28920,0.0001,172.31.47.0-255,66,12091,87,388076
28921,0.000102,74.125.200.0-255,1484,13575,87,388076
28922,0.000104,172.31.47.0-255,66,13641,87,388076
28923,0.000141,74.125.200.0-255,834,14475,87,388076
28924,0.000144,172.31.47.0-255,66,14541,87,388076
28925,0.000182,74.125.200.0-255,1484,16025,87,388076
28926,0.000186,172.31.47.0-255,66,16091,87,388076
28927,0.000196,74.125.200.0-255,1484,17575,87,388076
28928,0.000202,172.31.47.0-255,66,17641,87,388076
28929,0.000231,74.125.200.0-255,2902,20543,87,388076
28930,0.000234,172.31.47.0-255,66,20609,87,388076
28931,0.000239,74.125.200.0-255,2902,23511,87,388076
28932,0.000241,172.31.47.0-255,66,23577,87,388076
28933,0.00026,74.125.200.0-255,2902,26479,87,388076
28934,0.000263,172.31.47.0-255,66,26545,87,388076
28935,0.000265,74.125.200.0-255,1484,28029,87,388076
28936,0.000271,172.31.47.0-255,66,28095,87,388076
28937,0.000274,74.125.200.0-255,2902,30997,87,388076
28938,0.000278,172.31.47.0-255,66,31063,87,388076
28939,0.000306,74.125.200.0-255,1125,32188,87,388076
28940,0.00031,172.31.47.0-255,66,32254,87,388076
28941,0.000408,74.125.200.0-255,1484,33738,87,388076
28942,0.000413,172.31.47.0-255,66,33804,87,388076
28943,0.000418,74.125.200.0-255,2902,36706,87,388076
28944,0.000421,172.31.47.0-255,66,36772,87,388076
28945,0.000449,74.125.200.0-255,2902,39674,87,388076
28946,0.000453,172.31.47.0-255,66,39740,87,388076
28947,0.00047,74.125.200.0-255,2902,42642,87,388076
28948,0.000473,172.31.47.0-255,66,42708,87,388076
28949,0.000478,74.125.200.0-255,4320,47028,87,388076
28950,0.00048,172.31.47.0-255,66,47094,87,388076
28951,0.000486,74.125.200.0-255,5379,52473,87,388076
28952,0.000488,172.31.47.0-255,66,52539,87,388076
28953,0.00053,172.31.47.0-255,66,52605,87,388076
28954,0.000573,74.125.200.0-255,2841,55446,87,388076
28955,0.000577,172.31.47.0-255,66,55512,87,388076
28956,0.000588,74.125.200.0-255,380,55892,87,388076
28957,0.000801,172.31.47.0-255,66,55958,87,388076
28958,0.000829,74.125.200.0-255,1484,57442,87,388076
28959,0.000845,74.125.200.0-255,2902,60344,87,388076
28960,0.000847,172.31.47.0-255,66,60410,87,388076
28961,0.00085,74.125.200.0-255,1484,61894,87,388076
28962,0.000877,74.125.200.0-255,2902,64796,87,388076
28963,0.00088,172.31.47.0-255,66,64862,87,388076
28964,0.000885,74.125.200.0-255,4320,69182,87,388076
28965,0.000888,172.31.47.0-255,66,69248,87,388076
28966,0.000902,74.125.200.0-255,1484,70732,87,388076
28967,0.000907,74.125.200.0-255,2902,73634,87,388076
28968,0.000909,172.31.47.0-255,66,73700,87,388076
28969,0.000929,74.125.200.0-255,3961,77661,87,388076
28970,0.000932,172.31.47.0-255,66,77727,87,388076
28971,0.000961,74.125.200.0-255,2902,80629,87,388076
28972,0.000964,172.31.47.0-255,66,80695,87,388076
28973,0.000991,74.125.200.0-255,4320,85015,87,388076
28974,0.000994,172.31.47.0-255,66,85081,87,388076
28975,0.00102,74.125.200.0-255,5379,90460,87,388076
28976,0.001023,172.31.47.0-255,66,90526,87,388076
28977,0.001151,74.125.200.0-255,1484,92010,87,388076
28978,0.001158,74.125.200.0-255,1484,93494,87,388076
28979,0.001162,172.31.47.0-255,66,93560,87,388076
28980,0.001191,74.125.200.0-255,2902,96462,87,388076
28981,0.001194,172.31.47.0-255,66,96528,87,388076
28982,0.001201,74.125.200.0-255,5738,102266,87,388076
28983,0.001203,172.31.47.0-255,66,102332,87,388076
28984,0.001242,172.31.47.0-255,66,102398,87,388076
28985,0.001273,74.125.200.0-255,2902,105300,87,388076
28986,0.001275,172.31.47.0-255,66,105366,87,388076
28987,0.001305,172.31.47.0-255,66,105432,87,388076
28988,0.003339,74.125.200.0-255,5738,111170,87,388076
28989,0.003343,172.31.47.0-255,66,111236,87,388076
28990,0.00537,74.125.200.0-255,5738,116974,87,388076
28991,0.005377,172.31.47.0-255,66,117040,87,388076
28992,0.007402,74.125.200.0-255,5738,122778,87,388076
28993,0.007408,172.31.47.0-255,66,122844,87,388076
28994,0.009442,74.125.200.0-255,5738,128582,87,388076
28995,0.009449,172.31.47.0-255,66,128648,87,388076
28996,0.011474,74.125.200.0-255,5738,134386,87,388076
28997,0.011484,172.31.47.0-255,66,134452,87,388076
28998,0.013513,74.125.200.0-255,5738,140190,87,388076
28999,0.01352,172.31.47.0-255,66,140256,87,388076
29000,0.015545,74.125.200.0-255,5738,145994,87,388076
29001,0.015553,172.31.47.0-255,66,146060,87,388076
29002,0.017571,74.125.200.0-255,5738,151798,87,388076
29003,0.017578,172.31.47.0-255,66,151864,87,388076
29004,0.019596,74.125.200.0-255,5738,157602,87,388076
29005,0.019603,172.31.47.0-255,66,157668,87,388076
29006,0.021428,172.31.47.0-255,172,157840,87,388076
29007,0.021455,172.31.47.0-255,1107,158947,87,388076
29008,0.021498,172.31.47.0-255,1514,160461,87,388076
29009,0.0215,172.31.47.0-255,1296,161757,87,388076
29010,0.021635,74.125.200.0-255,5738,167495,87,388076
29011,0.02164,172.31.47.0-255,66,167561,87,388076
29012,0.022963,104.244.42.0-255,66,167627,87,388076
29013,0.022969,104.244.42.0-255,66,167693,87,388076
29014,0.023036,104.244.42.0-255,66,167759,87,388076
29015,0.023658,74.125.200.0-255,1484,169243,87,388076
29016,0.023686,74.125.200.0-255,4320,173563,87,388076
29017,0.023689,172.31.47.0-255,66,173629,87,388076
29018,0.025701,74.125.200.0-255,5738,179367,87,388076
29019,0.025708,172.31.47.0-255,66,179433,87,388076
29020,0.027725,74.125.200.0-255,5738,185171,87,388076
29021,0.027731,172.31.47.0-255,66,185237,87,388076
29022,0.029754,74.125.200.0-255,2902,188139,87,388076
29023,0.02976,172.31.47.0-255,66,188205,87,388076
29024,0.02979,74.125.200.0-255,2902,191107,87,388076
29025,0.029793,172.31.47.0-255,66,191173,87,388076
29026,0.031773,74.125.200.0-255,2902,194075,87,388076
29027,0.031779,172.31.47.0-255,66,194141,87,388076
29028,0.031809,74.125.200.0-255,2902,197043,87,388076
29029,0.031812,172.31.47.0-255,66,197109,87,388076
29030,0.033787,74.125.200.0-255,2902,200011,87,388076
29031,0.033794,172.31.47.0-255,66,200077,87,388076
29032,0.033826,74.125.200.0-255,2902,202979,87,388076
29033,0.033829,172.31.47.0-255,66,203045,87,388076
29034,0.035804,74.125.200.0-255,2902,205947,87,388076
29035,0.035811,172.31.47.0-255,66,206013,87,388076
29036,0.035856,74.125.200.0-255,2902,208915,87,388076
29037,0.035859,172.31.47.0-255,66,208981,87,388076
29038,0.03782,74.125.200.0-255,2902,211883,87,388076
29039,0.037825,172.31.47.0-255,66,211949,87,388076
29040,0.037861,74.125.200.0-255,2902,214851,87,388076
29041,0.037865,172.31.47.0-255,66,214917,87,388076
29042,0.039838,74.125.200.0-255,2902,217819,87,388076
29043,0.039843,172.31.47.0-255,66,217885,87,388076
29044,0.039877,74.125.200.0-255,2902,220787,87,388076
29045,0.03988,172.31.47.0-255,66,220853,87,388076
29046,0.041909,74.125.200.0-255,2902,223755,87,388076
29047,0.041924,172.31.47.0-255,66,223821,87,388076
29048,0.041951,74.125.200.0-255,2902,226723,87,388076
29049,0.041954,172.31.47.0-255,66,226789,87,388076
29050,0.043987,74.125.200.0-255,5738,232527,87,388076
29051,0.043997,172.31.47.0-255,66,232593,87,388076
29052,0.046014,74.125.200.0-255,2902,235495,87,388076
29053,0.046019,172.31.47.0-255,66,235561,87,388076
29054,0.04605,74.125.200.0-255,2902,238463,87,388076
29055,0.046054,172.31.47.0-255,66,238529,87,388076
29056,0.048036,74.125.200.0-255,2902,241431,87,388076
29057,0.04804,172.31.47.0-255,66,241497,87,388076
29058,0.048067,74.125.200.0-255,2902,244399,87,388076
29059,0.04807,172.31.47.0-255,66,244465,87,388076
29060,0.050042,74.125.200.0-255,2902,247367,87,388076
29061,0.050047,172.31.47.0-255,66,247433,87,388076
29062,0.050074,74.125.200.0-255,2902,250335,87,388076
29063,0.050077,172.31.47.0-255,66,250401,87,388076
29064,0.052075,74.125.200.0-255,2902,253303,87,388076
29065,0.052079,172.31.47.0-255,66,253369,87,388076
29066,0.05211,74.125.200.0-255,2902,256271,87,388076
29067,0.052112,172.31.47.0-255,66,256337,87,388076
29068,0.0541,74.125.200.0-255,2902,259239,87,388076
29069,0.054106,172.31.47.0-255,66,259305,87,388076
29070,0.054157,74.125.200.0-255,2902,262207,87,388076
29071,0.05416,172.31.47.0-255,66,262273,87,388076
29072,0.056139,74.125.200.0-255,2902,265175,87,388076
29073,0.056143,172.31.47.0-255,66,265241,87,388076
29074,0.056184,74.125.200.0-255,2902,268143,87,388076
29075,0.056187,172.31.47.0-255,66,268209,87,388076
29076,0.058161,74.125.200.0-255,2902,271111,87,388076
29077,0.058166,172.31.47.0-255,66,271177,87,388076
29078,0.058199,74.125.200.0-255,1484,272661,87,388076
29079,0.058212,74.125.200.0-255,1484,274145,87,388076
29080,0.058216,172.31.47.0-255,66,274211,87,388076
29081,0.060194,74.125.200.0-255,2902,277113,87,388076
29082,0.060198,172.31.47.0-255,66,277179,87,388076
29083,0.060262,74.125.200.0-255,1484,278663,87,388076
29084,0.060285,74.125.200.0-255,1484,280147,87,388076
29085,0.06029,172.31.47.0-255,66,280213,87,388076
29086,0.062205,74.125.200.0-255,2902,283115,87,388076
29087,0.06221,172.31.47.0-255,66,283181,87,388076
29088,0.062305,74.125.200.0-255,2902,286083,87,388076
29089,0.06231,172.31.47.0-255,66,286149,87,388076
29090,0.064229,74.125.200.0-255,2902,289051,87,388076
29091,0.064234,172.31.47.0-255,66,289117,87,388076
29092,0.064335,74.125.200.0-255,2902,292019,87,388076
29093,0.064343,172.31.47.0-255,66,292085,87,388076
29094,0.06624,74.125.200.0-255,2902,294987,87,388076
29095,0.066245,172.31.47.0-255,66,295053,87,388076
29096,0.066353,74.125.200.0-255,2902,297955,87,388076
29097,0.066358,172.31.47.0-255,66,298021,87,388076
29098,0.068261,74.125.200.0-255,2902,300923,87,388076
29099,0.068266,172.31.47.0-255,66,300989,87,388076
29100,0.068358,74.125.200.0-255,2902,303891,87,388076
29101,0.068362,172.31.47.0-255,66,303957,87,388076
29102,0.070305,74.125.200.0-255,2902,306859,87,388076
29103,0.070309,172.31.47.0-255,66,306925,87,388076
29104,0.070377,74.125.200.0-255,2902,309827,87,388076
29105,0.070381,172.31.47.0-255,66,309893,87,388076
29106,0.072317,74.125.200.0-255,2902,312795,87,388076
29107,0.072321,172.31.47.0-255,66,312861,87,388076
29108,0.072397,74.125.200.0-255,2902,315763,87,388076
29109,0.072401,172.31.47.0-255,66,315829,87,388076
29110,0.074347,74.125.200.0-255,2902,318731,87,388076
29111,0.074352,172.31.47.0-255,66,318797,87,388076
29112,0.074421,74.125.200.0-255,2902,321699,87,388076
29113,0.074426,172.31.47.0-255,66,321765,87,388076
29114,0.076358,74.125.200.0-255,2902,324667,87,388076
29115,0.076362,172.31.47.0-255,66,324733,87,388076
29116,0.076437,74.125.200.0-255,2902,327635,87,388076
29117,0.076445,172.31.47.0-255,66,327701,87,388076
29118,0.078367,74.125.200.0-255,2902,330603,87,388076
29119,0.078371,172.31.47.0-255,66,330669,87,388076
29120,0.078454,74.125.200.0-255,2902,333571,87,388076
29121,0.078458,172.31.47.0-255,66,333637,87,388076
29122,0.080392,74.125.200.0-255,2902,336539,87,388076
29123,0.080397,172.31.47.0-255,66,336605,87,388076
29124,0.080462,74.125.200.0-255,1484,338089,87,388076
29125,0.080481,74.125.200.0-255,1484,339573,87,388076
29126,0.080484,172.31.47.0-255,66,339639,87,388076
29127,0.082404,74.125.200.0-255,2902,342541,87,388076
29128,0.082409,172.31.47.0-255,66,342607,87,388076
29129,0.082491,74.125.200.0-255,2902,345509,87,388076
29130,0.082496,172.31.47.0-255,66,345575,87,388076
29131,0.084423,74.125.200.0-255,2902,348477,87,388076
29132,0.084429,172.31.47.0-255,66,348543,87,388076
29133,0.084496,74.125.200.0-255,2902,351445,87,388076
29134,0.0845,172.31.47.0-255,66,351511,87,388076
29135,0.08652,74.125.200.0-255,2902,354413,87,388076
29136,0.086525,172.31.47.0-255,66,354479,87,388076
29137,0.086554,74.125.200.0-255,2902,357381,87,388076
29138,0.086557,172.31.47.0-255,66,357447,87,388076
29139,0.088528,74.125.200.0-255,2902,360349,87,388076
29140,0.088533,172.31.47.0-255,66,360415,87,388076
29141,0.088562,74.125.200.0-255,2902,363317,87,388076
29142,0.088565,172.31.47.0-255,66,363383,87,388076
29143,0.090587,74.125.200.0-255,2902,366285,87,388076
29144,0.090591,172.31.47.0-255,66,366351,87,388076
29145,0.090619,74.125.200.0-255,2902,369253,87,388076
29146,0.090621,172.31.47.0-255,66,369319,87,388076
29147,0.092597,74.125.200.0-255,2902,372221,87,388076
29148,0.092602,172.31.47.0-255,66,372287,87,388076
29149,0.092631,74.125.200.0-255,2902,375189,87,388076
29150,0.092633,172.31.47.0-255,66,375255,87,388076
29151,0.094625,74.125.200.0-255,2902,378157,87,388076
29152,0.094631,172.31.47.0-255,66,378223,87,388076
29153,0.094664,74.125.200.0-255,2902,381125,87,388076
29154,0.094667,172.31.47.0-255,66,381191,87,388076
29155,0.096676,74.125.200.0-255,2902,384093,87,388076
29156,0.096681,172.31.47.0-255,66,384159,87,388076
29157,0.096709,74.125.200.0-255,2902,387061,87,388076
29158,0.096712,172.31.47.0-255,66,387127,87,388076
29159,0.098679,74.125.200.0-255,778,387905,87,388076
29160,0.098836,172.31.47.0-255,66,387971,87,388076
29161,0.098862,172.31.47.0-255,105,388076,87,388076
29162,0.0,172.217.194.0-255,150,150,87,271588
29163,2.7e-05,172.31.47.0-255,66,216,87,271588
29164,3.3e-05,172.217.194.0-255,1484,1700,87,271588
29165,3.7e-05,172.31.47.0-255,66,1766,87,271588
29166,4.2e-05,172.217.194.0-255,2902,4668,87,271588
29167,4.4e-05,172.31.47.0-255,66,4734,87,271588
29168,5e-05,172.217.194.0-255,5738,10472,87,271588
29169,5.9e-05,172.31.47.0-255,66,10538,87,271588
29170,9e-05,172.217.194.0-255,1484,12022,87,271588
29171,9.2e-05,172.31.47.0-255,66,12088,87,271588
29172,0.000102,172.31.47.0-255,66,12154,87,271588
29173,0.000108,172.217.194.0-255,5738,17892,87,271588
29174,0.00011,172.31.47.0-255,66,17958,87,271588
29175,0.000138,172.217.194.0-255,3961,21919,87,271588
29176,0.000142,172.31.47.0-255,66,21985,87,271588
29177,0.000213,172.217.194.0-255,1484,23469,87,271588
29178,0.000217,172.31.47.0-255,66,23535,87,271588
29179,0.000221,172.217.194.0-255,2902,26437,87,271588
29180,0.000223,172.31.47.0-255,66,26503,87,271588
29181,0.000246,172.217.194.0-255,5738,32241,87,271588
29182,0.000249,172.31.47.0-255,66,32307,87,271588
29183,0.000278,172.217.194.0-255,4320,36627,87,271588
29184,0.000281,172.31.47.0-255,66,36693,87,271588
29185,0.000316,172.31.47.0-255,66,36759,87,271588
29186,0.00036,172.217.194.0-255,5738,42497,87,271588
29187,0.000363,172.31.47.0-255,66,42563,87,271588
29188,0.000389,172.217.194.0-255,3961,46524,87,271588
29189,0.000392,172.31.47.0-255,66,46590,87,271588
29190,0.000395,172.217.194.0-255,647,47237,87,271588
29191,0.000399,172.31.47.0-255,66,47303,87,271588
29192,0.000441,172.217.194.0-255,1484,48787,87,271588
29193,0.000458,172.217.194.0-255,2902,51689,87,271588
29194,0.000461,172.31.47.0-255,66,51755,87,271588
29195,0.000465,172.217.194.0-255,2902,54657,87,271588
29196,0.000469,172.31.47.0-255,66,54723,87,271588
29197,0.000491,172.217.194.0-255,2902,57625,87,271588
29198,0.000497,172.31.47.0-255,66,57691,87,271588
29199,0.000503,172.217.194.0-255,4320,62011,87,271588
29200,0.000505,172.31.47.0-255,66,62077,87,271588
29201,0.000509,172.217.194.0-255,4320,66397,87,271588
29202,0.000512,172.31.47.0-255,66,66463,87,271588
29203,0.000543,172.217.194.0-255,7156,73619,87,271588
29204,0.000546,172.31.47.0-255,66,73685,87,271588
29205,0.000555,172.31.47.0-255,66,73751,87,271588
29206,0.000575,172.217.194.0-255,1484,75235,87,271588
29207,0.000596,172.217.194.0-255,2902,78137,87,271588
29208,0.000599,172.31.47.0-255,66,78203,87,271588
29209,0.000604,172.217.194.0-255,4320,82523,87,271588
29210,0.000606,172.31.47.0-255,66,82589,87,271588
29211,0.00063,172.217.194.0-255,1484,84073,87,271588
29212,0.000637,172.217.194.0-255,6797,90870,87,271588
29213,0.000639,172.31.47.0-255,66,90936,87,271588
29214,0.000667,172.217.194.0-255,7156,98092,87,271588
29215,0.000674,172.31.47.0-255,66,98158,87,271588
29216,0.00068,172.217.194.0-255,1484,99642,87,271588
29217,0.000709,172.31.47.0-255,66,99708,87,271588
29218,0.000848,172.217.194.0-255,1484,101192,87,271588
29219,0.000852,172.217.194.0-255,2902,104094,87,271588
29220,0.000855,172.31.47.0-255,66,104160,87,271588
29221,0.00086,172.217.194.0-255,5738,109898,87,271588
29222,0.000862,172.31.47.0-255,66,109964,87,271588
29223,0.000929,172.31.47.0-255,66,110030,87,271588
29224,0.000936,172.217.194.0-255,7156,117186,87,271588
29225,0.000938,172.31.47.0-255,66,117252,87,271588
29226,0.000942,172.217.194.0-255,3602,120854,87,271588
29227,0.000949,172.31.47.0-255,66,120920,87,271588
29228,0.001011,172.217.194.0-255,1484,122404,87,271588
29229,0.001023,172.217.194.0-255,2902,125306,87,271588
29230,0.001026,172.31.47.0-255,66,125372,87,271588
29231,0.00105,172.217.194.0-255,5738,131110,87,271588
29232,0.001053,172.31.47.0-255,66,131176,87,271588
29233,0.001056,172.217.194.0-255,2902,134078,87,271588
29234,0.001058,172.31.47.0-255,66,134144,87,271588
29235,0.001098,172.31.47.0-255,66,134210,87,271588
29236,0.001112,172.217.194.0-255,1484,135694,87,271588
29237,0.001129,172.31.47.0-255,66,135760,87,271588
29238,0.001167,172.217.194.0-255,2184,137944,87,271588
29239,0.001171,172.31.47.0-255,66,138010,87,271588
29240,0.001185,172.31.47.0-255,66,138076,87,271588
29241,0.001197,172.31.47.0-255,66,138142,87,271588
29242,0.001245,172.31.47.0-255,66,138208,87,271588
29243,0.001252,172.217.194.0-255,1484,139692,87,271588
29244,0.001277,172.217.194.0-255,2902,142594,87,271588
29245,0.001283,172.217.194.0-255,5738,148332,87,271588
29246,0.001288,172.217.194.0-255,4320,152652,87,271588
29247,0.001288,172.31.47.0-255,66,152718,87,271588
29248,0.001293,172.31.47.0-255,66,152784,87,271588
29249,0.001326,172.217.194.0-255,7156,159940,87,271588
29250,0.00133,172.31.47.0-255,66,160006,87,271588
29251,0.001343,172.31.47.0-255,66,160072,87,271588
29252,0.001359,172.217.194.0-255,1484,161556,87,271588
29253,0.001387,172.217.194.0-255,7156,168712,87,271588
29254,0.0014,172.31.47.0-255,66,168778,87,271588
29255,0.00141,172.217.194.0-255,2902,171680,87,271588
29256,0.001416,172.31.47.0-255,66,171746,87,271588
29257,0.001432,172.31.47.0-255,66,171812,87,271588
29258,0.001448,172.31.47.0-255,66,171878,87,271588
29259,0.00195,172.217.194.0-255,1484,173362,87,271588
29260,0.001968,172.217.194.0-255,2902,176264,87,271588
29261,0.001972,172.31.47.0-255,66,176330,87,271588
29262,0.001976,172.217.194.0-255,1484,177814,87,271588
29263,0.002003,172.217.194.0-255,4320,182134,87,271588
29264,0.002008,172.217.194.0-255,4320,186454,87,271588
29265,0.002091,172.217.194.0-255,2184,188638,87,271588
29266,0.005956,172.31.47.0-255,66,188704,87,271588
29267,0.007967,172.217.194.0-255,5738,194442,87,271588
29268,0.007976,172.31.47.0-255,66,194508,87,271588
29269,0.010008,172.217.194.0-255,5738,200246,87,271588
29270,0.010015,172.31.47.0-255,66,200312,87,271588
29271,0.012054,172.217.194.0-255,5738,206050,87,271588
29272,0.012061,172.31.47.0-255,66,206116,87,271588
29273,0.014056,172.217.194.0-255,5738,211854,87,271588
29274,0.014062,172.31.47.0-255,66,211920,87,271588
29275,0.016073,172.217.194.0-255,5738,217658,87,271588
29276,0.016079,172.31.47.0-255,66,217724,87,271588
29277,0.018102,172.217.194.0-255,5738,223462,87,271588
29278,0.018108,172.31.47.0-255,66,223528,87,271588
29279,0.020168,172.217.194.0-255,5738,229266,87,271588
29280,0.020181,172.31.47.0-255,66,229332,87,271588
29281,0.022188,172.217.194.0-255,5738,235070,87,271588
29282,0.022197,172.31.47.0-255,66,235136,87,271588
29283,0.024214,172.217.194.0-255,5738,240874,87,271588
29284,0.024221,172.31.47.0-255,66,240940,87,271588
29285,0.026243,172.217.194.0-255,1484,242424,87,271588
29286,0.026271,172.217.194.0-255,4320,246744,87,271588
29287,0.026276,172.31.47.0-255,66,246810,87,271588
29288,0.026695,172.31.47.0-255,167,246977,87,271588
29289,0.026715,172.31.47.0-255,1112,248089,87,271588
29290,0.026754,172.31.47.0-255,1514,249603,87,271588
29291,0.026756,172.31.47.0-255,1292,250895,87,271588
29292,0.028227,104.244.42.0-255,66,250961,87,271588
29293,0.028299,104.244.42.0-255,66,251027,87,271588
29294,0.028314,172.217.194.0-255,5738,256765,87,271588
29295,0.028318,172.31.47.0-255,66,256831,87,271588
29296,0.028338,104.244.42.0-255,66,256897,87,271588
29297,0.030346,172.217.194.0-255,4320,261217,87,271588
29298,0.030351,172.31.47.0-255,66,261283,87,271588
29299,0.03038,172.217.194.0-255,1484,262767,87,271588
29300,0.032372,172.217.194.0-255,4320,267087,87,271588
29301,0.032377,172.31.47.0-255,66,267153,87,271588
29302,0.034386,172.217.194.0-255,2902,270055,87,271588
29303,0.03439,172.31.47.0-255,66,270121,87,271588
29304,0.03442,172.217.194.0-255,1230,271351,87,271588
29305,0.03452,172.31.47.0-255,66,271417,87,271588
29306,0.034542,172.31.47.0-255,105,271522,87,271588
29307,0.036523,172.217.194.0-255,66,271588,87,271588
29308,0.0,74.125.24.0-255,146,146,87,260378
29309,4.9e-05,172.31.47.0-255,66,212,87,260378
29310,5.6e-05,74.125.24.0-255,1484,1696,87,260378
29311,6e-05,172.31.47.0-255,66,1762,87,260378
29312,6.5e-05,74.125.24.0-255,2902,4664,87,260378
29313,6.8e-05,172.31.47.0-255,66,4730,87,260378
29314,7.1e-05,74.125.24.0-255,1484,6214,87,260378
29315,7.3e-05,172.31.47.0-255,66,6280,87,260378
29316,0.000127,172.31.47.0-255,66,6346,87,260378
29317,0.000404,74.125.24.0-255,1484,7830,87,260378
29318,0.000412,172.31.47.0-255,66,7896,87,260378
29319,0.000434,74.125.24.0-255,2902,10798,87,260378
29320,0.000437,172.31.47.0-255,66,10864,87,260378
29321,0.000444,74.125.24.0-255,5738,16602,87,260378
29322,0.000447,172.31.47.0-255,66,16668,87,260378
29323,0.000483,74.125.24.0-255,2902,19570,87,260378
29324,0.000486,172.31.47.0-255,66,19636,87,260378
29325,0.000504,74.125.24.0-255,1484,21120,87,260378
29326,0.000506,172.31.47.0-255,66,21186,87,260378
29327,0.00054,74.125.24.0-255,5738,26924,87,260378
29328,0.000544,172.31.47.0-255,66,26990,87,260378
29329,0.000568,74.125.24.0-255,6797,33787,87,260378
29330,0.000571,172.31.47.0-255,66,33853,87,260378
29331,0.000667,74.125.24.0-255,6797,40650,87,260378
29332,0.000671,172.31.47.0-255,66,40716,87,260378
29333,0.00395,74.125.24.0-255,1484,42200,87,260378
29334,0.003956,172.31.47.0-255,66,42266,87,260378
29335,0.003965,74.125.24.0-255,2902,45168,87,260378
29336,0.003968,172.31.47.0-255,66,45234,87,260378
29337,0.003971,74.125.24.0-255,1484,46718,87,260378
29338,0.003972,172.31.47.0-255,66,46784,87,260378
29339,0.006534,74.125.24.0-255,4320,51104,87,260378
29340,0.006541,172.31.47.0-255,66,51170,87,260378
29341,0.006561,74.125.24.0-255,1484,52654,87,260378
29342,0.009112,74.125.24.0-255,4320,56974,87,260378
29343,0.00912,172.31.47.0-255,66,57040,87,260378
29344,0.01172,74.125.24.0-255,5738,62778,87,260378
29345,0.011779,172.31.47.0-255,66,62844,87,260378
29346,0.014349,74.125.24.0-255,5738,68582,87,260378
29347,0.014357,172.31.47.0-255,66,68648,87,260378
29348,0.016934,74.125.24.0-255,5738,74386,87,260378
29349,0.016941,172.31.47.0-255,66,74452,87,260378
29350,0.019533,74.125.24.0-255,4320,78772,87,260378
29351,0.019541,172.31.47.0-255,66,78838,87,260378
29352,0.019561,74.125.24.0-255,1484,80322,87,260378
29353,0.019643,172.31.47.0-255,101,80423,87,260378
29354,0.021486,172.31.47.0-255,167,80590,87,260378
29355,0.02152,172.31.47.0-255,1112,81702,87,260378
29356,0.021578,172.31.47.0-255,1514,83216,87,260378
29357,0.021579,172.31.47.0-255,1292,84508,87,260378
29358,0.022132,74.125.24.0-255,4320,88828,87,260378
29359,0.022139,172.31.47.0-255,66,88894,87,260378
29360,0.022182,74.125.24.0-255,1484,90378,87,260378
29361,0.023011,104.244.42.0-255,66,90444,87,260378
29362,0.023118,104.244.42.0-255,66,90510,87,260378
29363,0.023122,104.244.42.0-255,66,90576,87,260378
29364,0.024709,74.125.24.0-255,4320,94896,87,260378
29365,0.024719,172.31.47.0-255,66,94962,87,260378
29366,0.027279,74.125.24.0-255,4320,99282,87,260378
29367,0.027284,172.31.47.0-255,66,99348,87,260378
29368,0.027313,74.125.24.0-255,1484,100832,87,260378
29369,0.029874,74.125.24.0-255,4320,105152,87,260378
29370,0.029879,172.31.47.0-255,66,105218,87,260378
29371,0.032457,74.125.24.0-255,5738,110956,87,260378
29372,0.032496,172.31.47.0-255,66,111022,87,260378
29373,0.035079,74.125.24.0-255,5738,116760,87,260378
29374,0.035084,172.31.47.0-255,66,116826,87,260378
29375,0.037656,74.125.24.0-255,4320,121146,87,260378
29376,0.037662,172.31.47.0-255,66,121212,87,260378
29377,0.037687,74.125.24.0-255,1484,122696,87,260378
29378,0.040228,74.125.24.0-255,4320,127016,87,260378
29379,0.040241,172.31.47.0-255,66,127082,87,260378
29380,0.042855,74.125.24.0-255,5738,132820,87,260378
29381,0.042922,172.31.47.0-255,66,132886,87,260378
29382,0.04552,74.125.24.0-255,5738,138624,87,260378
29383,0.045525,172.31.47.0-255,66,138690,87,260378
29384,0.0481,74.125.24.0-255,2902,141592,87,260378
29385,0.048106,172.31.47.0-255,66,141658,87,260378
29386,0.048136,74.125.24.0-255,2902,144560,87,260378
29387,0.048159,172.31.47.0-255,66,144626,87,260378
29388,0.050695,74.125.24.0-255,2902,147528,87,260378
29389,0.050701,172.31.47.0-255,66,147594,87,260378
29390,0.050731,74.125.24.0-255,2902,150496,87,260378
29391,0.050745,172.31.47.0-255,66,150562,87,260378
29392,0.053263,74.125.24.0-255,2902,153464,87,260378
29393,0.053272,172.31.47.0-255,66,153530,87,260378
29394,0.053303,74.125.24.0-255,2902,156432,87,260378
29395,0.053544,172.31.47.0-255,66,156498,87,260378
29396,0.055851,74.125.24.0-255,2902,159400,87,260378
29397,0.055859,172.31.47.0-255,66,159466,87,260378
29398,0.056116,74.125.24.0-255,2902,162368,87,260378
29399,0.056121,172.31.47.0-255,66,162434,87,260378
29400,0.058469,74.125.24.0-255,2902,165336,87,260378
29401,0.058474,172.31.47.0-255,66,165402,87,260378
29402,0.058708,74.125.24.0-255,2902,168304,87,260378
29403,0.058714,172.31.47.0-255,66,168370,87,260378
29404,0.061044,74.125.24.0-255,2902,171272,87,260378
29405,0.061049,172.31.47.0-255,66,171338,87,260378
29406,0.061292,74.125.24.0-255,2902,174240,87,260378
29407,0.061297,172.31.47.0-255,66,174306,87,260378
29408,0.063589,74.125.24.0-255,2902,177208,87,260378
29409,0.063594,172.31.47.0-255,66,177274,87,260378
29410,0.063893,74.125.24.0-255,2902,180176,87,260378
29411,0.063897,172.31.47.0-255,66,180242,87,260378
29412,0.066156,74.125.24.0-255,2902,183144,87,260378
29413,0.066162,172.31.47.0-255,66,183210,87,260378
29414,0.066501,74.125.24.0-255,2902,186112,87,260378
29415,0.066507,172.31.47.0-255,66,186178,87,260378
29416,0.068747,74.125.24.0-255,2902,189080,87,260378
29417,0.068752,172.31.47.0-255,66,189146,87,260378
29418,0.069074,74.125.24.0-255,2902,192048,87,260378
29419,0.069079,172.31.47.0-255,66,192114,87,260378
29420,0.071324,74.125.24.0-255,2902,195016,87,260378
29421,0.071332,172.31.47.0-255,66,195082,87,260378
29422,0.071647,74.125.24.0-255,2902,197984,87,260378
29423,0.071652,172.31.47.0-255,66,198050,87,260378
29424,0.073892,74.125.24.0-255,2902,200952,87,260378
29425,0.073897,172.31.47.0-255,66,201018,87,260378
29426,0.074228,74.125.24.0-255,2902,203920,87,260378
29427,0.074356,172.31.47.0-255,66,203986,87,260378
29428,0.076452,74.125.24.0-255,2902,206888,87,260378
29429,0.076457,172.31.47.0-255,66,206954,87,260378
29430,0.076905,74.125.24.0-255,2902,209856,87,260378
29431,0.076909,172.31.47.0-255,66,209922,87,260378
29432,0.079011,74.125.24.0-255,2902,212824,87,260378
29433,0.079015,172.31.47.0-255,66,212890,87,260378
29434,0.079458,74.125.24.0-255,2902,215792,87,260378
29435,0.079462,172.31.47.0-255,66,215858,87,260378
29436,0.08157,74.125.24.0-255,2902,218760,87,260378
29437,0.081576,172.31.47.0-255,66,218826,87,260378
29438,0.082028,74.125.24.0-255,2902,221728,87,260378
29439,0.082034,172.31.47.0-255,66,221794,87,260378
29440,0.084138,74.125.24.0-255,2902,224696,87,260378
29441,0.084143,172.31.47.0-255,66,224762,87,260378
29442,0.084605,74.125.24.0-255,2902,227664,87,260378
29443,0.084705,172.31.47.0-255,66,227730,87,260378
29444,0.086685,74.125.24.0-255,2902,230632,87,260378
29445,0.086691,172.31.47.0-255,66,230698,87,260378
29446,0.087263,74.125.24.0-255,2902,233600,87,260378
29447,0.087268,172.31.47.0-255,66,233666,87,260378
29448,0.089269,74.125.24.0-255,2902,236568,87,260378
29449,0.089273,172.31.47.0-255,66,236634,87,260378
29450,0.089839,74.125.24.0-255,2902,239536,87,260378
29451,0.089844,172.31.47.0-255,66,239602,87,260378
29452,0.091851,74.125.24.0-255,2902,242504,87,260378
29453,0.091856,172.31.47.0-255,66,242570,87,260378
29454,0.092386,74.125.24.0-255,2902,245472,87,260378
29455,0.092391,172.31.47.0-255,66,245538,87,260378
29456,0.094445,74.125.24.0-255,2902,248440,87,260378
29457,0.094451,172.31.47.0-255,66,248506,87,260378
29458,0.094958,74.125.24.0-255,2902,251408,87,260378
29459,0.094963,172.31.47.0-255,66,251474,87,260378
29460,0.097008,74.125.24.0-255,2902,254376,87,260378
29461,0.097014,172.31.47.0-255,66,254442,87,260378
29462,0.097528,74.125.24.0-255,2902,257344,87,260378
29463,0.097533,172.31.47.0-255,66,257410,87,260378
29464,0.09957,74.125.24.0-255,2902,260312,87,260378
29465,0.099576,172.31.47.0-255,66,260378,87,260378
29466,0.0,172.31.47.0-255,130,130,87,1769
29467,0.001934,172.31.47.0-255,236,366,87,1769
29468,0.001998,172.31.47.0-255,381,747,87,1769
29469,0.002372,74.125.68.0-255,630,1377,87,1769
29470,0.003975,74.125.68.0-255,97,1474,87,1769
29471,0.004004,172.31.47.0-255,66,1540,87,1769
29472,0.007965,172.31.47.0-255,97,1637,87,1769
29473,0.009938,74.125.68.0-255,66,1703,87,1769
29474,0.009994,74.125.68.0-255,66,1769,87,1769
29475,0.0,74.125.24.0-255,153,153,87,214602
29476,3.4e-05,172.31.47.0-255,66,219,87,214602
29477,4.1e-05,74.125.24.0-255,1484,1703,87,214602
29478,4.6e-05,172.31.47.0-255,66,1769,87,214602
29479,5.8e-05,74.125.24.0-255,2902,4671,87,214602
29480,6.2e-05,172.31.47.0-255,66,4737,87,214602
29481,6.8e-05,74.125.24.0-255,7156,11893,87,214602
29482,7.1e-05,172.31.47.0-255,66,11959,87,214602
29483,7.5e-05,74.125.24.0-255,1995,13954,87,214602
29484,7.7e-05,172.31.47.0-255,66,14020,87,214602
29485,0.00021,74.125.24.0-255,1484,15504,87,214602
29486,0.000214,172.31.47.0-255,66,15570,87,214602
29487,0.000219,74.125.24.0-255,2902,18472,87,214602
29488,0.000221,172.31.47.0-255,66,18538,87,214602
29489,0.000226,74.125.24.0-255,4320,22858,87,214602
29490,0.000228,172.31.47.0-255,66,22924,87,214602
29491,0.000256,74.125.24.0-255,1484,24408,87,214602
29492,0.000259,172.31.47.0-255,66,24474,87,214602
29493,0.000265,74.125.24.0-255,5738,30212,87,214602
29494,0.000268,172.31.47.0-255,66,30278,87,214602
29495,0.000283,74.125.24.0-255,1125,31403,87,214602
29496,0.000286,172.31.47.0-255,66,31469,87,214602
29497,0.000345,74.125.24.0-255,1484,32953,87,214602
29498,0.000347,172.31.47.0-255,66,33019,87,214602
29499,0.000353,74.125.24.0-255,2902,35921,87,214602
29500,0.000356,172.31.47.0-255,66,35987,87,214602
29501,0.000381,74.125.24.0-255,4320,40307,87,214602
29502,0.000385,172.31.47.0-255,66,40373,87,214602
29503,0.000392,74.125.24.0-255,5738,46111,87,214602
29504,0.000394,172.31.47.0-255,66,46177,87,214602
29505,0.000425,74.125.24.0-255,3961,50138,87,214602
29506,0.000428,172.31.47.0-255,66,50204,87,214602
29507,0.000446,172.31.47.0-255,66,50270,87,214602
29508,0.000891,74.125.24.0-255,382,50652,87,214602
29509,0.000925,74.125.24.0-255,1484,52136,87,214602
29510,0.000929,172.31.47.0-255,66,52202,87,214602
29511,0.000933,74.125.24.0-255,1484,53686,87,214602
29512,0.000959,74.125.24.0-255,2902,56588,87,214602
29513,0.000963,172.31.47.0-255,66,56654,87,214602
29514,0.000973,172.31.47.0-255,66,56720,87,214602
29515,0.000981,74.125.24.0-255,1484,58204,87,214602
29516,0.001018,172.31.47.0-255,66,58270,87,214602
29517,0.001031,74.125.24.0-255,2902,61172,87,214602
29518,0.001037,172.31.47.0-255,66,61238,87,214602
29519,0.001067,74.125.24.0-255,5020,66258,87,214602
29520,0.00107,172.31.47.0-255,66,66324,87,214602
29521,0.001556,74.125.24.0-255,1484,67808,87,214602
29522,0.001563,74.125.24.0-255,2902,70710,87,214602
29523,0.001567,172.31.47.0-255,66,70776,87,214602
29524,0.001596,74.125.24.0-255,4320,75096,87,214602
29525,0.001598,172.31.47.0-255,66,75162,87,214602
29526,0.001602,74.125.24.0-255,4320,79482,87,214602
29527,0.001604,172.31.47.0-255,66,79548,87,214602
29528,0.001625,74.125.24.0-255,4320,83868,87,214602
29529,0.001627,172.31.47.0-255,66,83934,87,214602
29530,0.001656,172.31.47.0-255,66,84000,87,214602
29531,0.001677,172.31.47.0-255,66,84066,87,214602
29532,0.001709,74.125.24.0-255,5738,89804,87,214602
29533,0.001711,172.31.47.0-255,66,89870,87,214602
29534,0.001749,172.31.47.0-255,66,89936,87,214602
29535,0.001757,172.31.47.0-255,66,90002,87,214602
29536,0.00177,172.31.47.0-255,66,90068,87,214602
29537,0.002108,74.125.24.0-255,1484,91552,87,214602
29538,0.00212,74.125.24.0-255,2902,94454,87,214602
29539,0.002123,172.31.47.0-255,66,94520,87,214602
29540,0.002128,74.125.24.0-255,4320,98840,87,214602
29541,0.00213,172.31.47.0-255,66,98906,87,214602
29542,0.002164,74.125.24.0-255,1484,100390,87,214602
29543,0.002168,74.125.24.0-255,5738,106128,87,214602
29544,0.002171,74.125.24.0-255,2902,109030,87,214602
29545,0.002175,172.31.47.0-255,66,109096,87,214602
29546,0.002177,172.31.47.0-255,66,109162,87,214602
29547,0.002212,172.31.47.0-255,66,109228,87,214602
29548,0.002217,74.125.24.0-255,5020,114248,87,214602
29549,0.002219,172.31.47.0-255,66,114314,87,214602
29550,0.002368,74.125.24.0-255,1484,115798,87,214602
29551,0.002387,74.125.24.0-255,2902,118700,87,214602
29552,0.00239,172.31.47.0-255,66,118766,87,214602
29553,0.002393,74.125.24.0-255,1484,120250,87,214602
29554,0.002422,74.125.24.0-255,4320,124570,87,214602
29555,0.002424,172.31.47.0-255,66,124636,87,214602
29556,0.002429,74.125.24.0-255,4320,128956,87,214602
29557,0.002431,172.31.47.0-255,66,129022,87,214602
29558,0.002465,172.31.47.0-255,66,129088,87,214602
29559,0.00247,74.125.24.0-255,5738,134826,87,214602
29560,0.002471,172.31.47.0-255,66,134892,87,214602
29561,0.002491,74.125.24.0-255,5020,139912,87,214602
29562,0.002493,172.31.47.0-255,66,139978,87,214602
29563,0.002684,74.125.24.0-255,1484,141462,87,214602
29564,0.002689,74.125.24.0-255,2902,144364,87,214602
29565,0.002691,172.31.47.0-255,66,144430,87,214602
29566,0.002694,74.125.24.0-255,1484,145914,87,214602
29567,0.002712,74.125.24.0-255,4320,150234,87,214602
29568,0.002714,172.31.47.0-255,66,150300,87,214602
29569,0.002737,74.125.24.0-255,4320,154620,87,214602
29570,0.002739,172.31.47.0-255,66,154686,87,214602
29571,0.002777,172.31.47.0-255,66,154752,87,214602
29572,0.002782,74.125.24.0-255,5738,160490,87,214602
29573,0.002784,172.31.47.0-255,66,160556,87,214602
29574,0.002813,74.125.24.0-255,5020,165576,87,214602
29575,0.002815,172.31.47.0-255,66,165642,87,214602
29576,0.002936,74.125.24.0-255,1484,167126,87,214602
29577,0.00294,74.125.24.0-255,1484,168610,87,214602
29578,0.002942,172.31.47.0-255,66,168676,87,214602
29579,0.002966,74.125.24.0-255,1484,170160,87,214602
29580,0.002972,74.125.24.0-255,5738,175898,87,214602
29581,0.002974,172.31.47.0-255,66,175964,87,214602
29582,0.002984,74.125.24.0-255,1484,177448,87,214602
29583,0.00301,172.31.47.0-255,66,177514,87,214602
29584,0.00304,172.31.47.0-255,66,177580,87,214602
29585,0.003063,74.125.24.0-255,2184,179764,87,214602
29586,0.003065,172.31.47.0-255,66,179830,87,214602
29587,0.003076,172.31.47.0-255,66,179896,87,214602
29588,0.00311,172.31.47.0-255,66,179962,87,214602
29589,0.003118,172.31.47.0-255,66,180028,87,214602
29590,0.003154,74.125.24.0-255,1484,181512,87,214602
29591,0.003182,74.125.24.0-255,7156,188668,87,214602
29592,0.003185,172.31.47.0-255,66,188734,87,214602
29593,0.0032,172.31.47.0-255,66,188800,87,214602
29594,0.003222,74.125.24.0-255,1484,190284,87,214602
29595,0.003225,172.31.47.0-255,78,190362,87,214602
29596,0.003231,74.125.24.0-255,7156,197518,87,214602
29597,0.003233,172.31.47.0-255,78,197596,87,214602
29598,0.00326,172.31.47.0-255,66,197662,87,214602
29599,0.003299,172.31.47.0-255,66,197728,87,214602
29600,0.003303,74.125.24.0-255,5020,202748,87,214602
29601,0.003305,172.31.47.0-255,66,202814,87,214602
29602,0.003311,74.125.24.0-255,6995,209809,87,214602
29603,0.003313,172.31.47.0-255,66,209875,87,214602
29604,0.003319,74.125.24.0-255,97,209972,87,214602
29605,0.003352,74.125.24.0-255,105,210077,87,214602
29606,0.004835,172.31.47.0-255,66,210143,87,214602
29607,0.004871,172.31.47.0-255,105,210248,87,214602
29608,0.007101,74.125.24.0-255,66,210314,87,214602
29609,0.024647,172.31.47.0-255,172,210486,87,214602
29610,0.024683,172.31.47.0-255,1112,211598,87,214602
29611,0.024764,172.31.47.0-255,1514,213112,87,214602
29612,0.024766,172.31.47.0-255,1292,214404,87,214602
29613,0.026212,104.244.42.0-255,66,214470,87,214602
29614,0.026258,104.244.42.0-255,66,214536,87,214602
29615,0.026362,104.244.42.0-255,66,214602,87,214602
29616,0.0,74.125.24.0-255,153,153,87,310695
29617,3e-05,172.31.47.0-255,66,219,87,310695
29618,3.7e-05,74.125.24.0-255,1484,1703,87,310695
29619,4.1e-05,172.31.47.0-255,66,1769,87,310695
29620,4.5e-05,74.125.24.0-255,2902,4671,87,310695
29621,5.3e-05,172.31.47.0-255,66,4737,87,310695
29622,8e-05,74.125.24.0-255,4320,9057,87,310695
29623,8.3e-05,172.31.47.0-255,66,9123,87,310695
29624,0.000104,74.125.24.0-255,1484,10607,87,310695
29625,0.000106,172.31.47.0-255,66,10673,87,310695
29626,0.000112,74.125.24.0-255,6202,16875,87,310695
29627,0.000114,172.31.47.0-255,66,16941,87,310695
29628,0.000123,172.31.47.0-255,66,17007,87,310695
29629,0.000148,74.125.24.0-255,5379,22386,87,310695
29630,0.000158,172.31.47.0-255,66,22452,87,310695
29631,0.000207,74.125.24.0-255,1484,23936,87,310695
29632,0.00021,172.31.47.0-255,66,24002,87,310695
29633,0.00022,74.125.24.0-255,2902,26904,87,310695
29634,0.000222,172.31.47.0-255,66,26970,87,310695
29635,0.000229,74.125.24.0-255,1484,28454,87,310695
29636,0.00023,172.31.47.0-255,66,28520,87,310695
29637,0.000252,74.125.24.0-255,4320,32840,87,310695
29638,0.000255,172.31.47.0-255,66,32906,87,310695
29639,0.000274,74.125.24.0-255,7156,40062,87,310695
29640,0.000276,172.31.47.0-255,66,40128,87,310695
29641,0.000309,74.125.24.0-255,6797,46925,87,310695
29642,0.000313,172.31.47.0-255,66,46991,87,310695
29643,0.000323,172.31.47.0-255,66,47057,87,310695
29644,0.000325,74.125.24.0-255,396,47453,87,310695
29645,0.000326,172.31.47.0-255,66,47519,87,310695
29646,0.000549,74.125.24.0-255,112,47631,87,310695
29647,0.00066,74.125.24.0-255,1484,49115,87,310695
29648,0.000663,74.125.24.0-255,1484,50599,87,310695
29649,0.000666,172.31.47.0-255,66,50665,87,310695
29650,0.000675,74.125.24.0-255,1484,52149,87,310695
29651,0.000678,172.31.47.0-255,66,52215,87,310695
29652,0.000713,74.125.24.0-255,5738,57953,87,310695
29653,0.000716,172.31.47.0-255,66,58019,87,310695
29654,0.000722,74.125.24.0-255,4320,62339,87,310695
29655,0.000724,172.31.47.0-255,66,62405,87,310695
29656,0.000742,74.125.24.0-255,7156,69561,87,310695
29657,0.000745,172.31.47.0-255,66,69627,87,310695
29658,0.000768,74.125.24.0-255,2543,72170,87,310695
29659,0.000776,172.31.47.0-255,66,72236,87,310695
29660,0.000786,172.31.47.0-255,66,72302,87,310695
29661,0.000789,74.125.24.0-255,1125,73427,87,310695
29662,0.001026,172.31.47.0-255,66,73493,87,310695
29663,0.001624,74.125.24.0-255,334,73827,87,310695
29664,0.001914,74.125.24.0-255,1484,75311,87,310695
29665,0.001918,172.31.47.0-255,66,75377,87,310695
29666,0.001928,74.125.24.0-255,1484,76861,87,310695
29667,0.001945,74.125.24.0-255,1484,78345,87,310695
29668,0.001947,172.31.47.0-255,66,78411,87,310695
29669,0.001952,74.125.24.0-255,5738,84149,87,310695
29670,0.001954,172.31.47.0-255,66,84215,87,310695
29671,0.001977,74.125.24.0-255,4320,88535,87,310695
29672,0.001979,172.31.47.0-255,66,88601,87,310695
29673,0.002009,172.31.47.0-255,66,88667,87,310695
29674,0.002054,172.31.47.0-255,66,88733,87,310695
29675,0.002057,74.125.24.0-255,2902,91635,87,310695
29676,0.002059,172.31.47.0-255,66,91701,87,310695
29677,0.002062,74.125.24.0-255,2902,94603,87,310695
29678,0.002064,172.31.47.0-255,66,94669,87,310695
29679,0.002085,74.125.24.0-255,1484,96153,87,310695
29680,0.002093,172.31.47.0-255,66,96219,87,310695
29681,0.002102,74.125.24.0-255,5738,101957,87,310695
29682,0.002104,172.31.47.0-255,66,102023,87,310695
29683,0.00213,74.125.24.0-255,5738,107761,87,310695
29684,0.002132,172.31.47.0-255,66,107827,87,310695
29685,0.002153,74.125.24.0-255,5738,113565,87,310695
29686,0.002155,172.31.47.0-255,66,113631,87,310695
29687,0.002195,172.31.47.0-255,66,113697,87,310695
29688,0.002209,74.125.24.0-255,1484,115181,87,310695
29689,0.002233,74.125.24.0-255,1484,116665,87,310695
29690,0.002235,172.31.47.0-255,66,116731,87,310695
29691,0.002268,172.31.47.0-255,66,116797,87,310695
29692,0.002271,74.125.24.0-255,2902,119699,87,310695
29693,0.002273,172.31.47.0-255,66,119765,87,310695
29694,0.002301,172.31.47.0-255,66,119831,87,310695
29695,0.002312,172.31.47.0-255,66,119897,87,310695
29696,0.004518,74.125.24.0-255,1484,121381,87,310695
29697,0.004535,74.125.24.0-255,4320,125701,87,310695
29698,0.004537,172.31.47.0-255,66,125767,87,310695
29699,0.006757,74.125.24.0-255,4320,130087,87,310695
29700,0.006762,172.31.47.0-255,66,130153,87,310695
29701,0.00679,74.125.24.0-255,1484,131637,87,310695
29702,0.008994,74.125.24.0-255,4320,135957,87,310695
29703,0.009001,172.31.47.0-255,66,136023,87,310695
29704,0.011244,74.125.24.0-255,4320,140343,87,310695
29705,0.011251,172.31.47.0-255,66,140409,87,310695
29706,0.011282,74.125.24.0-255,1484,141893,87,310695
29707,0.013518,74.125.24.0-255,4320,146213,87,310695
29708,0.013527,172.31.47.0-255,66,146279,87,310695
29709,0.015776,74.125.24.0-255,4320,150599,87,310695
29710,0.015782,172.31.47.0-255,66,150665,87,310695
29711,0.015813,74.125.24.0-255,1484,152149,87,310695
29712,0.018019,74.125.24.0-255,4320,156469,87,310695
29713,0.018028,172.31.47.0-255,66,156535,87,310695
29714,0.020285,74.125.24.0-255,5738,162273,87,310695
29715,0.020293,172.31.47.0-255,66,162339,87,310695
29716,0.022537,74.125.24.0-255,5738,168077,87,310695
29717,0.022543,172.31.47.0-255,66,168143,87,310695
29718,0.023314,172.31.47.0-255,172,168315,87,310695
29719,0.023344,172.31.47.0-255,1111,169426,87,310695
29720,0.023373,172.31.47.0-255,1514,170940,87,310695
29721,0.023374,172.31.47.0-255,1293,172233,87,310695
29722,0.024775,74.125.24.0-255,5738,177971,87,310695
29723,0.02478,172.31.47.0-255,66,178037,87,310695
29724,0.024829,104.244.42.0-255,66,178103,87,310695
29725,0.024899,104.244.42.0-255,66,178169,87,310695
29726,0.024925,104.244.42.0-255,66,178235,87,310695
29727,0.027018,74.125.24.0-255,5738,183973,87,310695
29728,0.027024,172.31.47.0-255,66,184039,87,310695
29729,0.029236,74.125.24.0-255,5738,189777,87,310695
29730,0.029242,172.31.47.0-255,66,189843,87,310695
29731,0.031454,74.125.24.0-255,2902,192745,87,310695
29732,0.03146,172.31.47.0-255,66,192811,87,310695
29733,0.031493,74.125.24.0-255,2902,195713,87,310695
29734,0.031497,172.31.47.0-255,66,195779,87,310695
29735,0.033733,74.125.24.0-255,2902,198681,87,310695
29736,0.033738,172.31.47.0-255,66,198747,87,310695
29737,0.033773,74.125.24.0-255,2902,201649,87,310695
29738,0.033776,172.31.47.0-255,66,201715,87,310695
29739,0.035975,74.125.24.0-255,2902,204617,87,310695
29740,0.035979,172.31.47.0-255,66,204683,87,310695
29741,0.036014,74.125.24.0-255,2902,207585,87,310695
29742,0.036019,172.31.47.0-255,66,207651,87,310695
29743,0.038213,74.125.24.0-255,2902,210553,87,310695
29744,0.038217,172.31.47.0-255,66,210619,87,310695
29745,0.038266,74.125.24.0-255,2902,213521,87,310695
29746,0.038271,172.31.47.0-255,66,213587,87,310695
29747,0.040474,74.125.24.0-255,2902,216489,87,310695
29748,0.040479,172.31.47.0-255,66,216555,87,310695
29749,0.040513,74.125.24.0-255,2902,219457,87,310695
29750,0.040517,172.31.47.0-255,66,219523,87,310695
29751,0.042711,74.125.24.0-255,2902,222425,87,310695
29752,0.042719,172.31.47.0-255,66,222491,87,310695
29753,0.04275,74.125.24.0-255,2902,225393,87,310695
29754,0.042752,172.31.47.0-255,66,225459,87,310695
29755,0.044942,74.125.24.0-255,2902,228361,87,310695
29756,0.044946,172.31.47.0-255,66,228427,87,310695
29757,0.044974,74.125.24.0-255,2902,231329,87,310695
29758,0.044976,172.31.47.0-255,66,231395,87,310695
29759,0.047156,74.125.24.0-255,2902,234297,87,310695
29760,0.04716,172.31.47.0-255,66,234363,87,310695
29761,0.047212,74.125.24.0-255,2902,237265,87,310695
29762,0.047216,172.31.47.0-255,66,237331,87,310695
29763,0.049382,74.125.24.0-255,2902,240233,87,310695
29764,0.049387,172.31.47.0-255,66,240299,87,310695
29765,0.049441,74.125.24.0-255,1484,241783,87,310695
29766,0.049458,74.125.24.0-255,1484,243267,87,310695
29767,0.049462,172.31.47.0-255,66,243333,87,310695
29768,0.051617,74.125.24.0-255,2902,246235,87,310695
29769,0.051622,172.31.47.0-255,66,246301,87,310695
29770,0.051671,74.125.24.0-255,2902,249203,87,310695
29771,0.051674,172.31.47.0-255,66,249269,87,310695
29772,0.053853,74.125.24.0-255,1484,250753,87,310695
29773,0.053881,74.125.24.0-255,1484,252237,87,310695
29774,0.053884,172.31.47.0-255,66,252303,87,310695
29775,0.053915,74.125.24.0-255,2902,255205,87,310695
29776,0.053918,172.31.47.0-255,66,255271,87,310695
29777,0.056111,74.125.24.0-255,2902,258173,87,310695
29778,0.056115,172.31.47.0-255,66,258239,87,310695
29779,0.056147,74.125.24.0-255,2902,261141,87,310695
29780,0.05615,172.31.47.0-255,66,261207,87,310695
29781,0.058325,74.125.24.0-255,2902,264109,87,310695
29782,0.05833,172.31.47.0-255,66,264175,87,310695
29783,0.058365,74.125.24.0-255,2902,267077,87,310695
29784,0.058368,172.31.47.0-255,66,267143,87,310695
29785,0.060576,74.125.24.0-255,5738,272881,87,310695
29786,0.060582,172.31.47.0-255,66,272947,87,310695
29787,0.062793,74.125.24.0-255,4320,277267,87,310695
29788,0.062798,172.31.47.0-255,66,277333,87,310695
29789,0.062823,74.125.24.0-255,1484,278817,87,310695
29790,0.065052,74.125.24.0-255,2902,281719,87,310695
29791,0.065056,172.31.47.0-255,66,281785,87,310695
29792,0.065089,74.125.24.0-255,1484,283269,87,310695
29793,0.067289,74.125.24.0-255,2902,286171,87,310695
29794,0.067294,172.31.47.0-255,66,286237,87,310695
29795,0.067328,74.125.24.0-255,1484,287721,87,310695
29796,0.069515,74.125.24.0-255,4320,292041,87,310695
29797,0.06952,172.31.47.0-255,66,292107,87,310695
29798,0.071759,74.125.24.0-255,5738,297845,87,310695
29799,0.071765,172.31.47.0-255,66,297911,87,310695
29800,0.074012,74.125.24.0-255,5738,303649,87,310695
29801,0.074018,172.31.47.0-255,66,303715,87,310695
29802,0.076253,74.125.24.0-255,5738,309453,87,310695
29803,0.076258,172.31.47.0-255,66,309519,87,310695
29804,0.078462,74.125.24.0-255,939,310458,87,310695
29805,0.078587,172.31.47.0-255,66,310524,87,310695
29806,0.07861,172.31.47.0-255,105,310629,87,310695
29807,0.080811,74.125.24.0-255,66,310695,87,310695
29808,0.0,74.125.68.0-255,153,153,87,367802
29809,2.1e-05,172.31.47.0-255,66,219,87,367802
29810,2.7e-05,74.125.68.0-255,1484,1703,87,367802
29811,3.1e-05,172.31.47.0-255,66,1769,87,367802
29812,3.5e-05,74.125.68.0-255,2902,4671,87,367802
29813,3.8e-05,172.31.47.0-255,66,4737,87,367802
29814,5.8e-05,74.125.68.0-255,1484,6221,87,367802
29815,6e-05,172.31.47.0-255,66,6287,87,367802
29816,8.2e-05,74.125.68.0-255,4320,10607,87,367802
29817,8.4e-05,172.31.47.0-255,66,10673,87,367802
29818,8.7e-05,74.125.68.0-255,1484,12157,87,367802
29819,8.8e-05,172.31.47.0-255,66,12223,87,367802
29820,0.000108,74.125.68.0-255,5047,17270,87,367802
29821,0.000111,172.31.47.0-255,66,17336,87,367802
29822,0.000115,74.125.68.0-255,4320,21656,87,367802
29823,0.000117,172.31.47.0-255,66,21722,87,367802
29824,0.000134,74.125.68.0-255,1484,23206,87,367802
29825,0.000137,172.31.47.0-255,66,23272,87,367802
29826,0.000144,74.125.68.0-255,4320,27592,87,367802
29827,0.000146,172.31.47.0-255,66,27658,87,367802
29828,0.000157,74.125.68.0-255,2902,30560,87,367802
29829,0.000158,172.31.47.0-255,66,30626,87,367802
29830,0.00019,74.125.68.0-255,7156,37782,87,367802
29831,0.000192,172.31.47.0-255,66,37848,87,367802
29832,0.000212,74.125.68.0-255,5738,43586,87,367802
29833,0.000214,172.31.47.0-255,66,43652,87,367802
29834,0.000217,74.125.68.0-255,1484,45136,87,367802
29835,0.00022,172.31.47.0-255,66,45202,87,367802
29836,0.000233,74.125.68.0-255,3602,48804,87,367802
29837,0.000235,172.31.47.0-255,66,48870,87,367802
29838,0.000252,74.125.68.0-255,5738,54608,87,367802
29839,0.000255,172.31.47.0-255,66,54674,87,367802
29840,0.000276,74.125.68.0-255,2902,57576,87,367802
29841,0.000278,172.31.47.0-255,66,57642,87,367802
29842,0.000283,74.125.68.0-255,4320,61962,87,367802
29843,0.000285,172.31.47.0-255,66,62028,87,367802
29844,0.000321,74.125.68.0-255,4540,66568,87,367802
29845,0.000324,172.31.47.0-255,66,66634,87,367802
29846,0.000452,74.125.68.0-255,1484,68118,87,367802
29847,0.000464,74.125.68.0-255,2902,71020,87,367802
29848,0.000467,172.31.47.0-255,66,71086,87,367802
29849,0.000487,74.125.68.0-255,4320,75406,87,367802
29850,0.00049,172.31.47.0-255,66,75472,87,367802
29851,0.000518,74.125.68.0-255,4320,79792,87,367802
29852,0.00052,172.31.47.0-255,66,79858,87,367802
29853,0.000542,74.125.68.0-255,4320,84178,87,367802
29854,0.000544,172.31.47.0-255,66,84244,87,367802
29855,0.000549,74.125.68.0-255,4320,88564,87,367802
29856,0.00055,172.31.47.0-255,66,88630,87,367802
29857,0.000589,74.125.68.0-255,4320,92950,87,367802
29858,0.000592,172.31.47.0-255,66,93016,87,367802
29859,0.000616,172.31.47.0-255,66,93082,87,367802
29860,0.000676,74.125.68.0-255,1484,94566,87,367802
29861,0.000694,74.125.68.0-255,2902,97468,87,367802
29862,0.000697,172.31.47.0-255,66,97534,87,367802
29863,0.000701,74.125.68.0-255,2902,100436,87,367802
29864,0.000702,172.31.47.0-255,66,100502,87,367802
29865,0.000717,74.125.68.0-255,2902,103404,87,367802
29866,0.000719,172.31.47.0-255,66,103470,87,367802
29867,0.000731,74.125.68.0-255,4320,107790,87,367802
29868,0.000734,172.31.47.0-255,66,107856,87,367802
29869,0.000744,74.125.68.0-255,2902,110758,87,367802
29870,0.000746,172.31.47.0-255,66,110824,87,367802
29871,0.000763,74.125.68.0-255,7156,117980,87,367802
29872,0.000765,172.31.47.0-255,66,118046,87,367802
29873,0.000785,74.125.68.0-255,1484,119530,87,367802
29874,0.00079,74.125.68.0-255,4320,123850,87,367802
29875,0.000792,172.31.47.0-255,66,123916,87,367802
29876,0.000832,74.125.68.0-255,3602,127518,87,367802
29877,0.000837,172.31.47.0-255,66,127584,87,367802
29878,0.0009,74.125.68.0-255,1484,129068,87,367802
29879,0.000914,74.125.68.0-255,2902,131970,87,367802
29880,0.000917,172.31.47.0-255,66,132036,87,367802
29881,0.000922,74.125.68.0-255,2902,134938,87,367802
29882,0.000923,172.31.47.0-255,66,135004,87,367802
29883,0.000941,74.125.68.0-255,2902,137906,87,367802
29884,0.000943,172.31.47.0-255,66,137972,87,367802
29885,0.000956,74.125.68.0-255,1484,139456,87,367802
29886,0.00098,74.125.68.0-255,2902,142358,87,367802
29887,0.000982,172.31.47.0-255,66,142424,87,367802
29888,0.000992,74.125.68.0-255,1484,143908,87,367802
29889,0.001018,74.125.68.0-255,4320,148228,87,367802
29890,0.001021,172.31.47.0-255,66,148294,87,367802
29891,0.001032,74.125.68.0-255,1484,149778,87,367802
29892,0.001038,74.125.68.0-255,4320,154098,87,367802
29893,0.00104,172.31.47.0-255,66,154164,87,367802
29894,0.00106,74.125.68.0-255,2902,157066,87,367802
29895,0.001061,172.31.47.0-255,66,157132,87,367802
29896,0.001076,74.125.68.0-255,1484,158616,87,367802
29897,0.001091,74.125.68.0-255,3602,162218,87,367802
29898,0.001094,172.31.47.0-255,66,162284,87,367802
29899,0.001184,74.125.68.0-255,1484,163768,87,367802
29900,0.001189,74.125.68.0-255,2902,166670,87,367802
29901,0.001191,172.31.47.0-255,66,166736,87,367802
29902,0.001205,74.125.68.0-255,2902,169638,87,367802
29903,0.001206,172.31.47.0-255,66,169704,87,367802
29904,0.001221,74.125.68.0-255,2902,172606,87,367802
29905,0.001223,172.31.47.0-255,66,172672,87,367802
29906,0.001228,74.125.68.0-255,4320,176992,87,367802
29907,0.001229,172.31.47.0-255,66,177058,87,367802
29908,0.001252,74.125.68.0-255,2902,179960,87,367802
29909,0.001255,172.31.47.0-255,66,180026,87,367802
29910,0.001269,74.125.68.0-255,4320,184346,87,367802
29911,0.001272,172.31.47.0-255,66,184412,87,367802
29912,0.001286,74.125.68.0-255,4320,188732,87,367802
29913,0.001289,172.31.47.0-255,66,188798,87,367802
29914,0.001293,74.125.68.0-255,4320,193118,87,367802
29915,0.001295,172.31.47.0-255,66,193184,87,367802
29916,0.00133,74.125.68.0-255,3602,196786,87,367802
29917,0.001332,172.31.47.0-255,66,196852,87,367802
29918,0.001392,74.125.68.0-255,1484,198336,87,367802
29919,0.001405,74.125.68.0-255,2902,201238,87,367802
29920,0.001409,172.31.47.0-255,66,201304,87,367802
29921,0.001414,74.125.68.0-255,4320,205624,87,367802
29922,0.001416,172.31.47.0-255,66,205690,87,367802
29923,0.00143,74.125.68.0-255,1484,207174,87,367802
29924,0.00147,74.125.68.0-255,2902,210076,87,367802
29925,0.001473,172.31.47.0-255,66,210142,87,367802
29926,0.001504,74.125.68.0-255,2902,213044,87,367802
29927,0.001507,172.31.47.0-255,66,213110,87,367802
29928,0.001512,74.125.68.0-255,7156,220266,87,367802
29929,0.001514,172.31.47.0-255,66,220332,87,367802
29930,0.001524,172.31.47.0-255,66,220398,87,367802
29931,0.001811,74.125.68.0-255,1484,221882,87,367802
29932,0.001817,74.125.68.0-255,2902,224784,87,367802
29933,0.00182,172.31.47.0-255,66,224850,87,367802
29934,0.001824,74.125.68.0-255,1484,226334,87,367802
29935,0.00184,74.125.68.0-255,4320,230654,87,367802
29936,0.001842,172.31.47.0-255,66,230720,87,367802
29937,0.001849,74.125.68.0-255,1484,232204,87,367802
29938,0.001852,74.125.68.0-255,2902,235106,87,367802
29939,0.001854,172.31.47.0-255,66,235172,87,367802
29940,0.001873,74.125.68.0-255,1484,236656,87,367802
29941,0.001886,74.125.68.0-255,4320,240976,87,367802
29942,0.001888,172.31.47.0-255,66,241042,87,367802
29943,0.001893,74.125.68.0-255,4320,245362,87,367802
29944,0.001894,172.31.47.0-255,66,245428,87,367802
29945,0.001907,74.125.68.0-255,2902,248330,87,367802
29946,0.001909,172.31.47.0-255,66,248396,87,367802
29947,0.001947,172.31.47.0-255,66,248462,87,367802
29948,0.001952,74.125.68.0-255,4320,252782,87,367802
29949,0.001953,172.31.47.0-255,66,252848,87,367802
29950,0.001965,74.125.68.0-255,4320,257168,87,367802
29951,0.001967,172.31.47.0-255,66,257234,87,367802
29952,0.001986,74.125.68.0-255,1484,258718,87,367802
29953,0.001988,74.125.68.0-255,1484,260202,87,367802
29954,0.00199,172.31.47.0-255,66,260268,87,367802
29955,0.002019,172.31.47.0-255,66,260334,87,367802
29956,0.002023,74.125.68.0-255,4320,264654,87,367802
29957,0.002025,172.31.47.0-255,66,264720,87,367802
29958,0.002055,74.125.68.0-255,4320,269040,87,367802
29959,0.002057,172.31.47.0-255,66,269106,87,367802
29960,0.002071,74.125.68.0-255,2184,271290,87,367802
29961,0.002073,172.31.47.0-255,66,271356,87,367802
29962,0.002101,74.125.68.0-255,4320,275676,87,367802
29963,0.002104,172.31.47.0-255,66,275742,87,367802
29964,0.002121,74.125.68.0-255,2902,278644,87,367802
29965,0.002123,172.31.47.0-255,66,278710,87,367802
29966,0.002131,172.31.47.0-255,66,278776,87,367802
29967,0.002152,74.125.68.0-255,1484,280260,87,367802
29968,0.002169,172.31.47.0-255,66,280326,87,367802
29969,0.002213,74.125.68.0-255,4320,284646,87,367802
29970,0.002215,172.31.47.0-255,66,284712,87,367802
29971,0.002234,74.125.68.0-255,3602,288314,87,367802
29972,0.002237,172.31.47.0-255,66,288380,87,367802
29973,0.002242,74.125.68.0-255,5738,294118,87,367802
29974,0.002244,172.31.47.0-255,66,294184,87,367802
29975,0.00444,74.125.68.0-255,5738,299922,87,367802
29976,0.004443,172.31.47.0-255,66,299988,87,367802
29977,0.006665,74.125.68.0-255,5738,305726,87,367802
29978,0.00667,172.31.47.0-255,66,305792,87,367802
29979,0.008873,74.125.68.0-255,5738,311530,87,367802
29980,0.008879,172.31.47.0-255,66,311596,87,367802
29981,0.011085,74.125.68.0-255,5738,317334,87,367802
29982,0.011091,172.31.47.0-255,66,317400,87,367802
29983,0.013284,74.125.68.0-255,5738,323138,87,367802
29984,0.013289,172.31.47.0-255,66,323204,87,367802
29985,0.015497,74.125.68.0-255,5738,328942,87,367802
29986,0.015504,172.31.47.0-255,66,329008,87,367802
29987,0.017707,74.125.68.0-255,5738,334746,87,367802
29988,0.017713,172.31.47.0-255,66,334812,87,367802
29989,0.019923,74.125.68.0-255,5738,340550,87,367802
29990,0.019928,172.31.47.0-255,66,340616,87,367802
29991,0.022128,74.125.68.0-255,5738,346354,87,367802
29992,0.022133,172.31.47.0-255,66,346420,87,367802
29993,0.023666,172.31.47.0-255,172,346592,87,367802
29994,0.023702,172.31.47.0-255,1111,347703,87,367802
29995,0.023765,172.31.47.0-255,1514,349217,87,367802
29996,0.023767,172.31.47.0-255,328,349545,87,367802
29997,0.024332,74.125.68.0-255,5738,355283,87,367802
29998,0.024338,172.31.47.0-255,66,355349,87,367802
29999,0.025214,104.244.42.0-255,66,355415,87,367802
30000,0.0254,104.244.42.0-255,66,355481,87,367802
30001,0.025402,104.244.42.0-255,66,355547,87,367802
30002,0.026545,74.125.68.0-255,5738,361285,87,367802
30003,0.026549,172.31.47.0-255,66,361351,87,367802
30004,0.028743,74.125.68.0-255,2902,364253,87,367802
30005,0.028748,172.31.47.0-255,66,364319,87,367802
30006,0.028779,74.125.68.0-255,2902,367221,87,367802
30007,0.028781,172.31.47.0-255,66,367287,87,367802
30008,0.030907,74.125.68.0-255,278,367565,87,367802
30009,0.031025,172.31.47.0-255,66,367631,87,367802
30010,0.031046,172.31.47.0-255,105,367736,87,367802
30011,0.033194,74.125.68.0-255,66,367802,87,367802
30012,0.0,172.217.194.0-255,153,153,87,307542
30013,2.1e-05,172.31.47.0-255,66,219,87,307542
30014,2.7e-05,172.217.194.0-255,1484,1703,87,307542
30015,3e-05,172.31.47.0-255,66,1769,87,307542
30016,3.5e-05,172.217.194.0-255,2902,4671,87,307542
30017,4.3e-05,172.31.47.0-255,66,4737,87,307542
30018,5e-05,172.217.194.0-255,7156,11893,87,307542
30019,5.2e-05,172.31.47.0-255,66,11959,87,307542
30020,5.5e-05,172.217.194.0-255,2174,14133,87,307542
30021,5.8e-05,172.31.47.0-255,66,14199,87,307542
30022,9.9e-05,172.31.47.0-255,66,14265,87,307542
30023,0.000108,172.217.194.0-255,5379,19644,87,307542
30024,0.00011,172.31.47.0-255,66,19710,87,307542
30025,0.000184,172.217.194.0-255,1484,21194,87,307542
30026,0.000186,172.31.47.0-255,66,21260,87,307542
30027,0.000191,172.217.194.0-255,2902,24162,87,307542
30028,0.000192,172.31.47.0-255,66,24228,87,307542
30029,0.000219,172.217.194.0-255,5738,29966,87,307542
30030,0.000222,172.31.47.0-255,66,30032,87,307542
30031,0.000256,172.217.194.0-255,6797,36829,87,307542
30032,0.000259,172.31.47.0-255,66,36895,87,307542
30033,0.000264,172.217.194.0-255,5738,42633,87,307542
30034,0.000266,172.31.47.0-255,66,42699,87,307542
30035,0.000281,172.217.194.0-255,1484,44183,87,307542
30036,0.000283,172.31.47.0-255,66,44249,87,307542
30037,0.000311,172.31.47.0-255,66,44315,87,307542
30038,0.000334,172.217.194.0-255,1417,45732,87,307542
30039,0.000336,172.31.47.0-255,66,45798,87,307542
30040,0.000346,172.217.194.0-255,100,45898,87,307542
30041,0.000351,172.31.47.0-255,66,45964,87,307542
30042,0.000863,172.217.194.0-255,362,46326,87,307542
30043,0.000885,172.217.194.0-255,1484,47810,87,307542
30044,0.000889,172.31.47.0-255,66,47876,87,307542
30045,0.000895,172.217.194.0-255,4320,52196,87,307542
30046,0.000896,172.31.47.0-255,66,52262,87,307542
30047,0.000929,172.31.47.0-255,66,52328,87,307542
30048,0.000955,172.31.47.0-255,66,52394,87,307542
30049,0.000983,172.217.194.0-255,2902,55296,87,307542
30050,0.000986,172.31.47.0-255,66,55362,87,307542
30051,0.000989,172.217.194.0-255,2184,57546,87,307542
30052,0.000991,172.31.47.0-255,66,57612,87,307542
30053,0.001085,172.217.194.0-255,1484,59096,87,307542
30054,0.001106,172.217.194.0-255,1484,60580,87,307542
30055,0.001108,172.31.47.0-255,66,60646,87,307542
30056,0.001134,172.217.194.0-255,1484,62130,87,307542
30057,0.00114,172.217.194.0-255,5738,67868,87,307542
30058,0.001142,172.31.47.0-255,66,67934,87,307542
30059,0.001147,172.217.194.0-255,5738,73672,87,307542
30060,0.001148,172.31.47.0-255,66,73738,87,307542
30061,0.001151,172.217.194.0-255,1484,75222,87,307542
30062,0.001194,172.31.47.0-255,66,75288,87,307542
30063,0.001199,172.217.194.0-255,5020,80308,87,307542
30064,0.001201,172.31.47.0-255,66,80374,87,307542
30065,0.001416,172.217.194.0-255,1484,81858,87,307542
30066,0.001422,172.217.194.0-255,2902,84760,87,307542
30067,0.001425,172.31.47.0-255,66,84826,87,307542
30068,0.001454,172.217.194.0-255,5738,90564,87,307542
30069,0.001457,172.31.47.0-255,66,90630,87,307542
30070,0.001462,172.217.194.0-255,4320,94950,87,307542
30071,0.001463,172.31.47.0-255,66,95016,87,307542
30072,0.001503,172.31.47.0-255,66,95082,87,307542
30073,0.001513,172.31.47.0-255,66,95148,87,307542
30074,0.001544,172.217.194.0-255,1484,96632,87,307542
30075,0.001548,172.217.194.0-255,1484,98116,87,307542
30076,0.001549,172.31.47.0-255,66,98182,87,307542
30077,0.001573,172.217.194.0-255,1484,99666,87,307542
30078,0.001578,172.217.194.0-255,5738,105404,87,307542
30079,0.00158,172.31.47.0-255,66,105470,87,307542
30080,0.001588,172.31.47.0-255,66,105536,87,307542
30081,0.001636,172.217.194.0-255,7156,112692,87,307542
30082,0.001639,172.31.47.0-255,66,112758,87,307542
30083,0.00167,172.31.47.0-255,66,112824,87,307542
30084,0.002037,172.217.194.0-255,1484,114308,87,307542
30085,0.002044,172.217.194.0-255,2902,117210,87,307542
30086,0.002047,172.31.47.0-255,66,117276,87,307542
30087,0.002077,172.217.194.0-255,5738,123014,87,307542
30088,0.00208,172.31.47.0-255,66,123080,87,307542
30089,0.002091,172.31.47.0-255,66,123146,87,307542
30090,0.002094,172.217.194.0-255,1484,124630,87,307542
30091,0.002133,172.31.47.0-255,66,124696,87,307542
30092,0.004455,172.217.194.0-255,5738,130434,87,307542
30093,0.004461,172.31.47.0-255,66,130500,87,307542
30094,0.006759,172.217.194.0-255,5738,136238,87,307542
30095,0.006764,172.31.47.0-255,66,136304,87,307542
30096,0.009071,172.217.194.0-255,5738,142042,87,307542
30097,0.009078,172.31.47.0-255,66,142108,87,307542
30098,0.011372,172.217.194.0-255,5738,147846,87,307542
30099,0.011379,172.31.47.0-255,66,147912,87,307542
30100,0.013688,172.217.194.0-255,5738,153650,87,307542
30101,0.013698,172.31.47.0-255,66,153716,87,307542
30102,0.015989,172.217.194.0-255,5738,159454,87,307542
30103,0.015996,172.31.47.0-255,66,159520,87,307542
30104,0.018294,172.217.194.0-255,5738,165258,87,307542
30105,0.018301,172.31.47.0-255,66,165324,87,307542
30106,0.020589,172.217.194.0-255,4320,169644,87,307542
30107,0.020592,172.31.47.0-255,66,169710,87,307542
30108,0.020608,172.217.194.0-255,1484,171194,87,307542
30109,0.022958,172.217.194.0-255,4320,175514,87,307542
30110,0.022964,172.31.47.0-255,66,175580,87,307542
30111,0.025261,172.217.194.0-255,5738,181318,87,307542
30112,0.025267,172.31.47.0-255,66,181384,87,307542
30113,0.027587,172.217.194.0-255,5738,187122,87,307542
30114,0.027595,172.31.47.0-255,66,187188,87,307542
30115,0.027758,172.31.47.0-255,172,187360,87,307542
30116,0.027786,172.31.47.0-255,1111,188471,87,307542
30117,0.027829,172.31.47.0-255,1514,189985,87,307542
30118,0.027831,172.31.47.0-255,1295,191280,87,307542
30119,0.029314,104.244.42.0-255,66,191346,87,307542
30120,0.029322,104.244.42.0-255,66,191412,87,307542
30121,0.029352,104.244.42.0-255,66,191478,87,307542
30122,0.029895,172.217.194.0-255,5738,197216,87,307542
30123,0.029899,172.31.47.0-255,66,197282,87,307542
30124,0.032184,172.217.194.0-255,5738,203020,87,307542
30125,0.032189,172.31.47.0-255,66,203086,87,307542
30126,0.034482,172.217.194.0-255,5738,208824,87,307542
30127,0.034487,172.31.47.0-255,66,208890,87,307542
30128,0.036812,172.217.194.0-255,5738,214628,87,307542
30129,0.036817,172.31.47.0-255,66,214694,87,307542
30130,0.039123,172.217.194.0-255,4320,219014,87,307542
30131,0.039128,172.31.47.0-255,66,219080,87,307542
30132,0.039156,172.217.194.0-255,1484,220564,87,307542
30133,0.041419,172.217.194.0-255,4320,224884,87,307542
30134,0.041424,172.31.47.0-255,66,224950,87,307542
30135,0.04374,172.217.194.0-255,5738,230688,87,307542
30136,0.043745,172.31.47.0-255,66,230754,87,307542
30137,0.04606,172.217.194.0-255,5738,236492,87,307542
30138,0.046065,172.31.47.0-255,66,236558,87,307542
30139,0.048391,172.217.194.0-255,5738,242296,87,307542
30140,0.048397,172.31.47.0-255,66,242362,87,307542
30141,0.05068,172.217.194.0-255,5738,248100,87,307542
30142,0.050685,172.31.47.0-255,66,248166,87,307542
30143,0.053,172.217.194.0-255,5738,253904,87,307542
30144,0.053005,172.31.47.0-255,66,253970,87,307542
30145,0.055296,172.217.194.0-255,5738,259708,87,307542
30146,0.055301,172.31.47.0-255,66,259774,87,307542
30147,0.057605,172.217.194.0-255,5738,265512,87,307542
30148,0.057611,172.31.47.0-255,66,265578,87,307542
30149,0.059909,172.217.194.0-255,4320,269898,87,307542
30150,0.059913,172.31.47.0-255,66,269964,87,307542
30151,0.059938,172.217.194.0-255,1484,271448,87,307542
30152,0.062206,172.217.194.0-255,4320,275768,87,307542
30153,0.062211,172.31.47.0-255,66,275834,87,307542
30154,0.064504,172.217.194.0-255,5738,281572,87,307542
30155,0.064509,172.31.47.0-255,66,281638,87,307542
30156,0.066813,172.217.194.0-255,5738,287376,87,307542
30157,0.066819,172.31.47.0-255,66,287442,87,307542
30158,0.069124,172.217.194.0-255,5738,293180,87,307542
30159,0.06913,172.31.47.0-255,66,293246,87,307542
30160,0.071423,172.217.194.0-255,5738,298984,87,307542
30161,0.071428,172.31.47.0-255,66,299050,87,307542
30162,0.073726,172.217.194.0-255,5738,304788,87,307542
30163,0.073731,172.31.47.0-255,66,304854,87,307542
30164,0.076042,172.217.194.0-255,2451,307305,87,307542
30165,0.076048,172.31.47.0-255,66,307371,87,307542
30166,0.076216,172.31.47.0-255,105,307476,87,307542
30167,0.07849,172.217.194.0-255,66,307542,87,307542
30168,0.0,74.125.200.0-255,66,66,87,66
30169,0.0,172.217.194.0-255,431,431,87,178315
30170,2.1e-05,172.217.194.0-255,1484,1915,87,178315
30171,2.8e-05,172.31.47.0-255,66,1981,87,178315
30172,3.5e-05,172.217.194.0-255,2902,4883,87,178315
30173,3.7e-05,172.31.47.0-255,66,4949,87,178315
30174,4.2e-05,172.217.194.0-255,5738,10687,87,178315
30175,5.1e-05,172.31.47.0-255,66,10753,87,178315
30176,0.000226,172.31.47.0-255,66,10819,87,178315
30177,0.00025,172.217.194.0-255,4782,15601,87,178315
30178,0.000253,172.31.47.0-255,66,15667,87,178315
30179,0.000688,172.217.194.0-255,5735,21402,87,178315
30180,0.000743,172.31.47.0-255,66,21468,87,178315
30181,0.002378,172.217.194.0-255,5738,27206,87,178315
30182,0.002457,172.217.194.0-255,1484,28690,87,178315
30183,0.002475,172.217.194.0-255,7156,35846,87,178315
30184,0.002768,172.217.194.0-255,5738,41584,87,178315
30185,0.003293,172.217.194.0-255,1484,43068,87,178315
30186,0.004292,172.217.194.0-255,5738,48806,87,178315
30187,0.01106,172.217.194.0-255,1484,50290,87,178315
30188,0.012141,172.31.47.0-255,66,50356,87,178315
30189,0.012221,172.31.47.0-255,66,50422,87,178315
30190,0.012359,172.31.47.0-255,66,50488,87,178315
30191,0.014482,172.217.194.0-255,7156,57644,87,178315
30192,0.014491,172.31.47.0-255,66,57710,87,178315
30193,0.014583,172.217.194.0-255,4320,62030,87,178315
30194,0.014586,172.31.47.0-255,66,62096,87,178315
30195,0.014616,172.31.47.0-255,66,62162,87,178315
30196,0.015071,172.217.194.0-255,4320,66482,87,178315
30197,0.015075,172.31.47.0-255,66,66548,87,178315
30198,0.015091,172.217.194.0-255,1550,68098,87,178315
30199,0.015093,172.31.47.0-255,66,68164,87,178315
30200,0.015275,172.31.47.0-255,66,68230,87,178315
30201,0.015557,172.217.194.0-255,2902,71132,87,178315
30202,0.015562,172.31.47.0-255,66,71198,87,178315
30203,0.015602,172.31.47.0-255,66,71264,87,178315
30204,0.016051,172.217.194.0-255,4580,75844,87,178315
30205,0.016057,172.31.47.0-255,66,75910,87,178315
30206,0.01685,172.217.194.0-255,7156,83066,87,178315
30207,0.016855,172.31.47.0-255,66,83132,87,178315
30208,0.01688,172.217.194.0-255,2642,85774,87,178315
30209,0.016882,172.31.47.0-255,66,85840,87,178315
30210,0.017009,172.217.194.0-255,7156,92996,87,178315
30211,0.017013,172.31.47.0-255,66,93062,87,178315
30212,0.017032,172.217.194.0-255,7156,100218,87,178315
30213,0.017034,172.31.47.0-255,66,100284,87,178315
30214,0.017501,172.31.47.0-255,66,100350,87,178315
30215,0.017519,172.217.194.0-255,4320,104670,87,178315
30216,0.017522,172.31.47.0-255,66,104736,87,178315
30217,0.017992,172.31.47.0-255,66,104802,87,178315
30218,0.018024,172.217.194.0-255,2902,107704,87,178315
30219,0.018027,172.31.47.0-255,66,107770,87,178315
30220,0.018503,172.217.194.0-255,7156,114926,87,178315
30221,0.018509,172.31.47.0-255,66,114992,87,178315
30222,0.018531,172.217.194.0-255,7156,122148,87,178315
30223,0.018534,172.31.47.0-255,66,122214,87,178315
30224,0.018945,172.217.194.0-255,5738,127952,87,178315
30225,0.018951,172.31.47.0-255,66,128018,87,178315
30226,0.018974,172.31.47.0-255,66,128084,87,178315
30227,0.019364,172.31.47.0-255,171,128255,87,178315
30228,0.019413,172.31.47.0-255,66,128321,87,178315
30229,0.019418,172.31.47.0-255,1135,129456,87,178315
30230,0.019431,172.31.47.0-255,1514,130970,87,178315
30231,0.019433,172.31.47.0-255,1514,132484,87,178315
30232,0.019434,172.31.47.0-255,1514,133998,87,178315
30233,0.019439,172.31.47.0-255,1053,135051,87,178315
30234,0.01944,172.217.194.0-255,7156,142207,87,178315
30235,0.019443,172.31.47.0-255,66,142273,87,178315
30236,0.020095,172.31.47.0-255,66,142339,87,178315
30237,0.020125,172.31.47.0-255,66,142405,87,178315
30238,0.020673,172.31.47.0-255,66,142471,87,178315
30239,0.020707,172.31.47.0-255,66,142537,87,178315
30240,0.020927,104.244.42.0-255,66,142603,87,178315
30241,0.020948,104.244.42.0-255,66,142669,87,178315
30242,0.020952,104.244.42.0-255,66,142735,87,178315
30243,0.020955,104.244.42.0-255,66,142801,87,178315
30244,0.021014,172.217.194.0-255,7156,149957,87,178315
30245,0.021018,172.31.47.0-255,66,150023,87,178315
30246,0.021059,172.31.47.0-255,66,150089,87,178315
30247,0.021299,172.217.194.0-255,7156,157245,87,178315
30248,0.021343,172.217.194.0-255,4320,161565,87,178315
30249,0.02169,172.217.194.0-255,7156,168721,87,178315
30250,0.0217,104.244.42.0-255,108,168829,87,178315
30251,0.021705,172.31.47.0-255,66,168895,87,178315
30252,0.021829,172.31.47.0-255,66,168961,87,178315
30253,0.022131,172.217.194.0-255,4320,173281,87,178315
30254,0.022135,172.31.47.0-255,66,173347,87,178315
30255,0.022154,172.217.194.0-255,4731,178078,87,178315
30256,0.022167,172.31.47.0-255,66,178144,87,178315
30257,0.022957,172.31.47.0-255,105,178249,87,178315
30258,0.029025,172.217.194.0-255,66,178315,87,178315
30259,0.0,74.125.24.0-255,158,158,87,276082
30260,1.8e-05,172.31.47.0-255,66,224,87,276082
30261,2.5e-05,74.125.24.0-255,1484,1708,87,276082
30262,2.9e-05,172.31.47.0-255,66,1774,87,276082
30263,3.4e-05,74.125.24.0-255,2902,4676,87,276082
30264,3.6e-05,172.31.47.0-255,66,4742,87,276082
30265,4.3e-05,74.125.24.0-255,5738,10480,87,276082
30266,4.6e-05,172.31.47.0-255,66,10546,87,276082
30267,5.1e-05,74.125.24.0-255,3585,14131,87,276082
30268,5.3e-05,172.31.47.0-255,66,14197,87,276082
30269,0.0001,74.125.24.0-255,4320,18517,87,276082
30270,0.000102,172.31.47.0-255,66,18583,87,276082
30271,0.000124,74.125.24.0-255,5738,24321,87,276082
30272,0.000127,172.31.47.0-255,66,24387,87,276082
30273,0.000153,74.125.24.0-255,1484,25871,87,276082
30274,0.000154,172.31.47.0-255,66,25937,87,276082
30275,0.000176,74.125.24.0-255,5379,31316,87,276082
30276,0.000178,172.31.47.0-255,66,31382,87,276082
30277,0.000231,74.125.24.0-255,1484,32866,87,276082
30278,0.000234,172.31.47.0-255,66,32932,87,276082
30279,0.000255,74.125.24.0-255,2902,35834,87,276082
30280,0.000257,172.31.47.0-255,66,35900,87,276082
30281,0.000267,74.125.24.0-255,5738,41638,87,276082
30282,0.000269,172.31.47.0-255,66,41704,87,276082
30283,0.000287,74.125.24.0-255,2902,44606,87,276082
30284,0.000289,172.31.47.0-255,66,44672,87,276082
30285,0.000328,172.31.47.0-255,66,44738,87,276082
30286,0.000337,172.31.47.0-255,66,44804,87,276082
30287,0.000347,74.125.24.0-255,1396,46200,87,276082
30288,0.000349,172.31.47.0-255,66,46266,87,276082
30289,0.000539,74.125.24.0-255,131,46397,87,276082
30290,0.000613,74.125.24.0-255,349,46746,87,276082
30291,0.000959,172.31.47.0-255,66,46812,87,276082
30292,0.001064,74.125.24.0-255,1484,48296,87,276082
30293,0.001074,74.125.24.0-255,2902,51198,87,276082
30294,0.001077,172.31.47.0-255,66,51264,87,276082
30295,0.001081,74.125.24.0-255,1484,52748,87,276082
30296,0.001101,74.125.24.0-255,4320,57068,87,276082
30297,0.001104,172.31.47.0-255,66,57134,87,276082
30298,0.001106,74.125.24.0-255,1484,58618,87,276082
30299,0.001135,172.31.47.0-255,66,58684,87,276082
30300,0.001147,172.31.47.0-255,66,58750,87,276082
30301,0.001312,74.125.24.0-255,1484,60234,87,276082
30302,0.001319,74.125.24.0-255,2902,63136,87,276082
30303,0.001322,172.31.47.0-255,66,63202,87,276082
30304,0.001329,74.125.24.0-255,5738,68940,87,276082
30305,0.001331,172.31.47.0-255,66,69006,87,276082
30306,0.001338,74.125.24.0-255,5738,74744,87,276082
30307,0.00134,172.31.47.0-255,66,74810,87,276082
30308,0.001355,74.125.24.0-255,1484,76294,87,276082
30309,0.001361,74.125.24.0-255,4320,80614,87,276082
30310,0.001363,172.31.47.0-255,66,80680,87,276082
30311,0.001392,172.31.47.0-255,66,80746,87,276082
30312,0.001406,172.31.47.0-255,66,80812,87,276082
30313,0.001474,172.31.47.0-255,66,80878,87,276082
30314,0.001486,172.31.47.0-255,66,80944,87,276082
30315,0.001518,74.125.24.0-255,2902,83846,87,276082
30316,0.001521,172.31.47.0-255,66,83912,87,276082
30317,0.001532,74.125.24.0-255,766,84678,87,276082
30318,0.001538,74.125.24.0-255,4320,88998,87,276082
30319,0.00154,172.31.47.0-255,66,89064,87,276082
30320,0.001543,74.125.24.0-255,1484,90548,87,276082
30321,0.001563,74.125.24.0-255,4320,94868,87,276082
30322,0.001566,172.31.47.0-255,66,94934,87,276082
30323,0.001584,74.125.24.0-255,2902,97836,87,276082
30324,0.001586,172.31.47.0-255,66,97902,87,276082
30325,0.001599,74.125.24.0-255,2902,100804,87,276082
30326,0.001602,172.31.47.0-255,66,100870,87,276082
30327,0.001631,172.31.47.0-255,66,100936,87,276082
30328,0.001656,74.125.24.0-255,1484,102420,87,276082
30329,0.001663,74.125.24.0-255,5020,107440,87,276082
30330,0.001665,172.31.47.0-255,66,107506,87,276082
30331,0.001792,74.125.24.0-255,1484,108990,87,276082
30332,0.001814,74.125.24.0-255,2902,111892,87,276082
30333,0.001818,172.31.47.0-255,66,111958,87,276082
30334,0.001824,74.125.24.0-255,5738,117696,87,276082
30335,0.001827,172.31.47.0-255,66,117762,87,276082
30336,0.00184,74.125.24.0-255,2902,120664,87,276082
30337,0.001842,172.31.47.0-255,66,120730,87,276082
30338,0.001866,172.31.47.0-255,66,120796,87,276082
30339,0.001905,172.31.47.0-255,66,120862,87,276082
30340,0.001927,74.125.24.0-255,5020,125882,87,276082
30341,0.00193,172.31.47.0-255,66,125948,87,276082
30342,0.001945,172.31.47.0-255,66,126014,87,276082
30343,0.001948,74.125.24.0-255,1484,127498,87,276082
30344,0.001978,172.31.47.0-255,66,127564,87,276082
30345,0.00211,74.125.24.0-255,1484,129048,87,276082
30346,0.004032,74.125.24.0-255,4320,133368,87,276082
30347,0.00404,172.31.47.0-255,66,133434,87,276082
30348,0.006101,74.125.24.0-255,4320,137754,87,276082
30349,0.006106,172.31.47.0-255,66,137820,87,276082
30350,0.006123,74.125.24.0-255,1484,139304,87,276082
30351,0.008154,74.125.24.0-255,4320,143624,87,276082
30352,0.008157,172.31.47.0-255,66,143690,87,276082
30353,0.010202,74.125.24.0-255,5738,149428,87,276082
30354,0.01021,172.31.47.0-255,66,149494,87,276082
30355,0.012282,74.125.24.0-255,5738,155232,87,276082
30356,0.01229,172.31.47.0-255,66,155298,87,276082
30357,0.014349,74.125.24.0-255,5738,161036,87,276082
30358,0.014358,172.31.47.0-255,66,161102,87,276082
30359,0.016434,74.125.24.0-255,5738,166840,87,276082
30360,0.016442,172.31.47.0-255,66,166906,87,276082
30361,0.018483,74.125.24.0-255,5738,172644,87,276082
30362,0.018491,172.31.47.0-255,66,172710,87,276082
30363,0.020547,74.125.24.0-255,5738,178448,87,276082
30364,0.020558,172.31.47.0-255,66,178514,87,276082
30365,0.02267,74.125.24.0-255,5738,184252,87,276082
30366,0.022678,172.31.47.0-255,66,184318,87,276082
30367,0.024728,74.125.24.0-255,5738,190056,87,276082
30368,0.024735,172.31.47.0-255,66,190122,87,276082
30369,0.02663,172.31.47.0-255,171,190293,87,276082
30370,0.026657,172.31.47.0-255,1135,191428,87,276082
30371,0.026707,172.31.47.0-255,1514,192942,87,276082
30372,0.026713,172.31.47.0-255,1269,194211,87,276082
30373,0.0268,74.125.24.0-255,5738,199949,87,276082
30374,0.026805,172.31.47.0-255,66,200015,87,276082
30375,0.028167,104.244.42.0-255,66,200081,87,276082
30376,0.028222,104.244.42.0-255,66,200147,87,276082
30377,0.028279,104.244.42.0-255,66,200213,87,276082
30378,0.028859,74.125.24.0-255,5738,205951,87,276082
30379,0.028864,172.31.47.0-255,66,206017,87,276082
30380,0.030915,74.125.24.0-255,5738,211755,87,276082
30381,0.030922,172.31.47.0-255,66,211821,87,276082
30382,0.032999,74.125.24.0-255,5738,217559,87,276082
30383,0.033009,172.31.47.0-255,66,217625,87,276082
30384,0.035059,74.125.24.0-255,5738,223363,87,276082
30385,0.035066,172.31.47.0-255,66,223429,87,276082
30386,0.037118,74.125.24.0-255,5738,229167,87,276082
30387,0.037123,172.31.47.0-255,66,229233,87,276082
30388,0.039179,74.125.24.0-255,5738,234971,87,276082
30389,0.039185,172.31.47.0-255,66,235037,87,276082
30390,0.041247,74.125.24.0-255,5738,240775,87,276082
30391,0.041252,172.31.47.0-255,66,240841,87,276082
30392,0.043293,74.125.24.0-255,5738,246579,87,276082
30393,0.0433,172.31.47.0-255,66,246645,87,276082
30394,0.045352,74.125.24.0-255,5738,252383,87,276082
30395,0.045359,172.31.47.0-255,66,252449,87,276082
30396,0.047415,74.125.24.0-255,5738,258187,87,276082
30397,0.047426,172.31.47.0-255,66,258253,87,276082
30398,0.049492,74.125.24.0-255,5738,263991,87,276082
30399,0.049498,172.31.47.0-255,66,264057,87,276082
30400,0.051537,74.125.24.0-255,5738,269795,87,276082
30401,0.051544,172.31.47.0-255,66,269861,87,276082
30402,0.053609,74.125.24.0-255,5738,275599,87,276082
30403,0.053616,172.31.47.0-255,66,275665,87,276082
30404,0.055616,74.125.24.0-255,180,275845,87,276082
30405,0.055722,172.31.47.0-255,66,275911,87,276082
30406,0.055754,172.31.47.0-255,105,276016,87,276082
30407,0.057758,74.125.24.0-255,66,276082,87,276082
30408,0.0,172.217.194.0-255,298,298,87,169458
30409,2.5e-05,172.31.47.0-255,66,364,87,169458
30410,3.1e-05,172.217.194.0-255,1484,1848,87,169458
30411,3.5e-05,172.31.47.0-255,66,1914,87,169458
30412,4e-05,172.217.194.0-255,4320,6234,87,169458
30413,4.9e-05,172.31.47.0-255,66,6300,87,169458
30414,5.4e-05,172.217.194.0-255,4320,10620,87,169458
30415,5.7e-05,172.31.47.0-255,66,10686,87,169458
30416,9.1e-05,172.217.194.0-255,4693,15379,87,169458
30417,9.4e-05,172.31.47.0-255,66,15445,87,169458
30418,9.7e-05,172.217.194.0-255,1484,16929,87,169458
30419,9.9e-05,172.31.47.0-255,66,16995,87,169458
30420,0.000118,172.31.47.0-255,66,17061,87,169458
30421,0.00012,172.217.194.0-255,1125,18186,87,169458
30422,0.000123,172.31.47.0-255,66,18252,87,169458
30423,0.000207,172.217.194.0-255,1484,19736,87,169458
30424,0.00021,172.31.47.0-255,66,19802,87,169458
30425,0.000214,172.217.194.0-255,1484,21286,87,169458
30426,0.000216,172.31.47.0-255,66,21352,87,169458
30427,0.000241,172.217.194.0-255,1484,22836,87,169458
30428,0.000243,172.31.47.0-255,66,22902,87,169458
30429,0.00025,172.217.194.0-255,5738,28640,87,169458
30430,0.000252,172.31.47.0-255,66,28706,87,169458
30431,0.000262,172.31.47.0-255,66,28772,87,169458
30432,0.000299,172.217.194.0-255,4320,33092,87,169458
30433,0.000302,172.31.47.0-255,66,33158,87,169458
30434,0.000315,172.31.47.0-255,66,33224,87,169458
30435,0.000319,172.217.194.0-255,2497,35721,87,169458
30436,0.00032,172.31.47.0-255,66,35787,87,169458
30437,0.000342,172.217.194.0-255,365,36152,87,169458
30438,0.000394,172.217.194.0-255,1484,37636,87,169458
30439,0.000397,172.31.47.0-255,66,37702,87,169458
30440,0.000404,172.217.194.0-255,4320,42022,87,169458
30441,0.000405,172.31.47.0-255,66,42088,87,169458
30442,0.000443,172.31.47.0-255,66,42154,87,169458
30443,0.000456,172.31.47.0-255,66,42220,87,169458
30444,0.000479,172.217.194.0-255,2902,45122,87,169458
30445,0.000485,172.31.47.0-255,66,45188,87,169458
30446,0.000489,172.217.194.0-255,2184,47372,87,169458
30447,0.000492,172.31.47.0-255,66,47438,87,169458
30448,0.000711,172.217.194.0-255,1484,48922,87,169458
30449,0.000716,172.217.194.0-255,2902,51824,87,169458
30450,0.000719,172.217.194.0-255,2902,54726,87,169458
30451,0.00072,172.31.47.0-255,66,54792,87,169458
30452,0.000738,172.31.47.0-255,66,54858,87,169458
30453,0.000751,172.217.194.0-255,2902,57760,87,169458
30454,0.000753,172.31.47.0-255,66,57826,87,169458
30455,0.000769,172.31.47.0-255,66,57892,87,169458
30456,0.000819,172.31.47.0-255,66,57958,87,169458
30457,0.000825,172.217.194.0-255,5738,63696,87,169458
30458,0.000827,172.31.47.0-255,66,63762,87,169458
30459,0.00083,172.217.194.0-255,1484,65246,87,169458
30460,0.000853,172.217.194.0-255,5738,70984,87,169458
30461,0.00086,172.31.47.0-255,66,71050,87,169458
30462,0.000864,172.217.194.0-255,2902,73952,87,169458
30463,0.000866,172.31.47.0-255,66,74018,87,169458
30464,0.00089,172.31.47.0-255,66,74084,87,169458
30465,0.000896,172.217.194.0-255,6438,80522,87,169458
30466,0.000898,172.31.47.0-255,66,80588,87,169458
30467,0.000933,172.217.194.0-255,4320,84908,87,169458
30468,0.000936,172.31.47.0-255,66,84974,87,169458
30469,0.000962,172.217.194.0-255,2902,87876,87,169458
30470,0.000964,172.31.47.0-255,66,87942,87,169458
30471,0.000973,172.31.47.0-255,66,88008,87,169458
30472,0.000985,172.31.47.0-255,66,88074,87,169458
30473,0.001005,172.217.194.0-255,7156,95230,87,169458
30474,0.001008,172.31.47.0-255,66,95296,87,169458
30475,0.001014,172.217.194.0-255,766,96062,87,169458
30476,0.001043,172.217.194.0-255,1484,97546,87,169458
30477,0.001045,172.31.47.0-255,66,97612,87,169458
30478,0.001049,172.217.194.0-255,2902,100514,87,169458
30479,0.001052,172.31.47.0-255,66,100580,87,169458
30480,0.001057,172.217.194.0-255,5738,106318,87,169458
30481,0.001059,172.31.47.0-255,66,106384,87,169458
30482,0.001106,172.31.47.0-255,66,106450,87,169458
30483,0.001115,172.31.47.0-255,66,106516,87,169458
30484,0.00115,172.217.194.0-255,4320,110836,87,169458
30485,0.001153,172.31.47.0-255,66,110902,87,169458
30486,0.001186,172.31.47.0-255,66,110968,87,169458
30487,0.001226,172.31.47.0-255,66,111034,87,169458
30488,0.001284,172.217.194.0-255,1484,112518,87,169458
30489,0.0013,172.217.194.0-255,2902,115420,87,169458
30490,0.001303,172.31.47.0-255,66,115486,87,169458
30491,0.00133,172.217.194.0-255,5738,121224,87,169458
30492,0.001334,172.31.47.0-255,66,121290,87,169458
30493,0.001346,172.31.47.0-255,66,121356,87,169458
30494,0.001362,172.31.47.0-255,66,121422,87,169458
30495,0.001468,172.217.194.0-255,1484,122906,87,169458
30496,0.001514,172.217.194.0-255,2902,125808,87,169458
30497,0.001518,172.31.47.0-255,66,125874,87,169458
30498,0.001524,172.217.194.0-255,5738,131612,87,169458
30499,0.001525,172.31.47.0-255,66,131678,87,169458
30500,0.001531,172.217.194.0-255,5738,137416,87,169458
30501,0.001533,172.31.47.0-255,66,137482,87,169458
30502,0.00155,172.31.47.0-255,66,137548,87,169458
30503,0.001555,172.217.194.0-255,5020,142568,87,169458
30504,0.001558,172.31.47.0-255,66,142634,87,169458
30505,0.001595,172.217.194.0-255,4320,146954,87,169458
30506,0.001598,172.31.47.0-255,66,147020,87,169458
30507,0.001623,172.217.194.0-255,1484,148504,87,169458
30508,0.001628,172.217.194.0-255,5738,154242,87,169458
30509,0.00163,172.31.47.0-255,66,154308,87,169458
30510,0.001647,172.31.47.0-255,66,154374,87,169458
30511,0.001681,172.31.47.0-255,66,154440,87,169458
30512,0.001684,172.217.194.0-255,1484,155924,87,169458
30513,0.001705,172.31.47.0-255,66,155990,87,169458
30514,0.001708,172.217.194.0-255,1484,157474,87,169458
30515,0.001744,172.31.47.0-255,66,157540,87,169458
30516,0.001773,172.217.194.0-255,7156,164696,87,169458
30517,0.001775,172.31.47.0-255,66,164762,87,169458
30518,0.00181,172.31.47.0-255,66,164828,87,169458
30519,0.001812,172.217.194.0-255,105,164933,87,169458
30520,0.003062,172.31.47.0-255,66,164999,87,169458
30521,0.003084,172.31.47.0-255,105,165104,87,169458
30522,0.004976,172.217.194.0-255,66,165170,87,169458
30523,0.026913,172.31.47.0-255,172,165342,87,169458
30524,0.02694,172.31.47.0-255,1112,166454,87,169458
30525,0.026972,172.31.47.0-255,1514,167968,87,169458
30526,0.026973,172.31.47.0-255,1292,169260,87,169458
30527,0.028479,104.244.42.0-255,66,169326,87,169458
30528,0.028513,104.244.42.0-255,66,169392,87,169458
30529,0.028516,104.244.42.0-255,66,169458,87,169458
30530,0.0,74.125.24.0-255,152,152,87,261530
30531,2.8e-05,172.31.47.0-255,66,218,87,261530
30532,3.5e-05,74.125.24.0-255,1484,1702,87,261530
30533,3.8e-05,172.31.47.0-255,66,1768,87,261530
30534,4.2e-05,74.125.24.0-255,2902,4670,87,261530
30535,4.4e-05,172.31.47.0-255,66,4736,87,261530
30536,5.7e-05,74.125.24.0-255,7156,11892,87,261530
30537,6e-05,172.31.47.0-255,66,11958,87,261530
30538,0.000114,172.31.47.0-255,66,12024,87,261530
30539,0.000118,74.125.24.0-255,2902,14926,87,261530
30540,0.00012,172.31.47.0-255,66,14992,87,261530
30541,0.000152,74.125.24.0-255,5379,20371,87,261530
30542,0.000155,172.31.47.0-255,66,20437,87,261530
30543,0.00022,74.125.24.0-255,1484,21921,87,261530
30544,0.000222,172.31.47.0-255,66,21987,87,261530
30545,0.000234,74.125.24.0-255,2902,24889,87,261530
30546,0.00024,172.31.47.0-255,66,24955,87,261530
30547,0.000244,74.125.24.0-255,2902,27857,87,261530
30548,0.000247,172.31.47.0-255,66,27923,87,261530
30549,0.000267,74.125.24.0-255,2902,30825,87,261530
30550,0.00027,172.31.47.0-255,66,30891,87,261530
30551,0.000287,172.31.47.0-255,66,30957,87,261530
30552,0.000293,74.125.24.0-255,5738,36695,87,261530
30553,0.000295,172.31.47.0-255,66,36761,87,261530
30554,0.000333,74.125.24.0-255,1484,38245,87,261530
30555,0.000336,172.31.47.0-255,66,38311,87,261530
30556,0.000357,74.125.24.0-255,3932,42243,87,261530
30557,0.000362,172.31.47.0-255,66,42309,87,261530
30558,0.00043,74.125.24.0-255,113,42422,87,261530
30559,0.000433,172.31.47.0-255,66,42488,87,261530
30560,0.000704,74.125.24.0-255,1484,43972,87,261530
30561,0.000711,74.125.24.0-255,2902,46874,87,261530
30562,0.000715,172.31.47.0-255,66,46940,87,261530
30563,0.00072,74.125.24.0-255,2902,49842,87,261530
30564,0.000721,172.31.47.0-255,66,49908,87,261530
30565,0.000741,74.125.24.0-255,2902,52810,87,261530
30566,0.000747,172.31.47.0-255,66,52876,87,261530
30567,0.000751,74.125.24.0-255,2902,55778,87,261530
30568,0.000753,172.31.47.0-255,66,55844,87,261530
30569,0.000785,172.31.47.0-255,66,55910,87,261530
30570,0.000788,74.125.24.0-255,1484,57394,87,261530
30571,0.000819,172.31.47.0-255,66,57460,87,261530
30572,0.001052,74.125.24.0-255,1484,58944,87,261530
30573,0.001061,74.125.24.0-255,2902,61846,87,261530
30574,0.001064,172.31.47.0-255,66,61912,87,261530
30575,0.001069,74.125.24.0-255,2902,64814,87,261530
30576,0.001071,172.31.47.0-255,66,64880,87,261530
30577,0.001105,74.125.24.0-255,2902,67782,87,261530
30578,0.001108,172.31.47.0-255,66,67848,87,261530
30579,0.001114,74.125.24.0-255,7156,75004,87,261530
30580,0.001116,172.31.47.0-255,66,75070,87,261530
30581,0.001128,74.125.24.0-255,7156,82226,87,261530
30582,0.001131,172.31.47.0-255,66,82292,87,261530
30583,0.001162,74.125.24.0-255,7156,89448,87,261530
30584,0.001165,172.31.47.0-255,66,89514,87,261530
30585,0.001169,74.125.24.0-255,2184,91698,87,261530
30586,0.001171,172.31.47.0-255,66,91764,87,261530
30587,0.001437,74.125.24.0-255,1484,93248,87,261530
30588,0.001443,74.125.24.0-255,2902,96150,87,261530
30589,0.001447,172.31.47.0-255,66,96216,87,261530
30590,0.00145,74.125.24.0-255,1484,97700,87,261530
30591,0.001472,74.125.24.0-255,4320,102020,87,261530
30592,0.001475,172.31.47.0-255,66,102086,87,261530
30593,0.001501,74.125.24.0-255,4320,106406,87,261530
30594,0.001502,172.31.47.0-255,66,106472,87,261530
30595,0.001527,74.125.24.0-255,7156,113628,87,261530
30596,0.001528,172.31.47.0-255,66,113694,87,261530
30597,0.001548,74.125.24.0-255,1484,115178,87,261530
30598,0.001554,74.125.24.0-255,4320,119498,87,261530
30599,0.001555,172.31.47.0-255,66,119564,87,261530
30600,0.001558,74.125.24.0-255,1484,121048,87,261530
30601,0.001581,74.125.24.0-255,4320,125368,87,261530
30602,0.001584,172.31.47.0-255,66,125434,87,261530
30603,0.001611,74.125.24.0-255,7156,132590,87,261530
30604,0.001613,172.31.47.0-255,66,132656,87,261530
30605,0.001636,74.125.24.0-255,2184,134840,87,261530
30606,0.001637,172.31.47.0-255,66,134906,87,261530
30607,0.001647,172.31.47.0-255,66,134972,87,261530
30608,0.001702,74.125.24.0-255,7156,142128,87,261530
30609,0.001705,172.31.47.0-255,66,142194,87,261530
30610,0.00173,172.31.47.0-255,66,142260,87,261530
30611,0.001732,74.125.24.0-255,1484,143744,87,261530
30612,0.001736,74.125.24.0-255,2902,146646,87,261530
30613,0.001738,172.31.47.0-255,66,146712,87,261530
30614,0.00174,74.125.24.0-255,1484,148196,87,261530
30615,0.001765,74.125.24.0-255,4320,152516,87,261530
30616,0.001767,172.31.47.0-255,66,152582,87,261530
30617,0.001773,74.125.24.0-255,7156,159738,87,261530
30618,0.001775,172.31.47.0-255,66,159804,87,261530
30619,0.001819,74.125.24.0-255,5738,165542,87,261530
30620,0.001821,172.31.47.0-255,66,165608,87,261530
30621,0.00183,172.31.47.0-255,66,165674,87,261530
30622,0.001837,74.125.24.0-255,2184,167858,87,261530
30623,0.001839,172.31.47.0-255,66,167924,87,261530
30624,0.001913,74.125.24.0-255,1484,169408,87,261530
30625,0.001916,74.125.24.0-255,1484,170892,87,261530
30626,0.001917,172.31.47.0-255,66,170958,87,261530
30627,0.001932,74.125.24.0-255,1484,172442,87,261530
30628,0.001938,74.125.24.0-255,5738,178180,87,261530
30629,0.00194,172.31.47.0-255,66,178246,87,261530
30630,0.001944,74.125.24.0-255,4320,182566,87,261530
30631,0.001946,172.31.47.0-255,66,182632,87,261530
30632,0.001974,74.125.24.0-255,7156,189788,87,261530
30633,0.001976,172.31.47.0-255,66,189854,87,261530
30634,0.001998,74.125.24.0-255,4320,194174,87,261530
30635,0.002,172.31.47.0-255,66,194240,87,261530
30636,0.002005,74.125.24.0-255,7156,201396,87,261530
30637,0.002007,172.31.47.0-255,66,201462,87,261530
30638,0.002031,74.125.24.0-255,6438,207900,87,261530
30639,0.002034,172.31.47.0-255,66,207966,87,261530
30640,0.002045,172.31.47.0-255,66,208032,87,261530
30641,0.002076,172.31.47.0-255,66,208098,87,261530
30642,0.002101,74.125.24.0-255,1484,209582,87,261530
30643,0.002121,74.125.24.0-255,7156,216738,87,261530
30644,0.002123,172.31.47.0-255,66,216804,87,261530
30645,0.002138,74.125.24.0-255,4320,221124,87,261530
30646,0.002142,172.31.47.0-255,66,221190,87,261530
30647,0.002154,172.31.47.0-255,66,221256,87,261530
30648,0.002182,74.125.24.0-255,1484,222740,87,261530
30649,0.002188,74.125.24.0-255,6438,229178,87,261530
30650,0.00219,172.31.47.0-255,66,229244,87,261530
30651,0.002192,74.125.24.0-255,1484,230728,87,261530
30652,0.002215,74.125.24.0-255,5738,236466,87,261530
30653,0.002217,172.31.47.0-255,66,236532,87,261530
30654,0.002225,172.31.47.0-255,66,236598,87,261530
30655,0.002261,172.31.47.0-255,66,236664,87,261530
30656,0.002265,74.125.24.0-255,2184,238848,87,261530
30657,0.002267,172.31.47.0-255,66,238914,87,261530
30658,0.002306,74.125.24.0-255,4320,243234,87,261530
30659,0.002308,172.31.47.0-255,66,243300,87,261530
30660,0.002339,74.125.24.0-255,1484,244784,87,261530
30661,0.00235,172.31.47.0-255,66,244850,87,261530
30662,0.002354,74.125.24.0-255,4320,249170,87,261530
30663,0.002356,172.31.47.0-255,66,249236,87,261530
30664,0.00237,172.31.47.0-255,66,249302,87,261530
30665,0.002415,74.125.24.0-255,1484,250786,87,261530
30666,0.002426,74.125.24.0-255,2902,253688,87,261530
30667,0.002428,172.31.47.0-255,66,253754,87,261530
30668,0.00246,74.125.24.0-255,3014,256768,87,261530
30669,0.002463,172.31.47.0-255,66,256834,87,261530
30670,0.002525,74.125.24.0-255,105,256939,87,261530
30671,0.01085,172.31.47.0-255,66,257005,87,261530
30672,0.010879,172.31.47.0-255,105,257110,87,261530
30673,0.013097,74.125.24.0-255,66,257176,87,261530
30674,0.029032,172.31.47.0-255,172,257348,87,261530
30675,0.029068,172.31.47.0-255,1113,258461,87,261530
30676,0.029094,172.31.47.0-255,1514,259975,87,261530
30677,0.029113,172.31.47.0-255,1291,261266,87,261530
30678,0.030651,104.244.42.0-255,66,261332,87,261530
30679,0.030659,104.244.42.0-255,66,261398,87,261530
30680,0.030661,104.244.42.0-255,66,261464,87,261530
30681,0.030687,104.244.42.0-255,66,261530,87,261530
30682,0.0,74.125.200.0-255,146,146,87,307824
30683,1.5e-05,172.31.47.0-255,66,212,87,307824
30684,2.2e-05,74.125.200.0-255,1484,1696,87,307824
30685,2.6e-05,172.31.47.0-255,66,1762,87,307824
30686,3.2e-05,74.125.200.0-255,2902,4664,87,307824
30687,3.4e-05,172.31.47.0-255,66,4730,87,307824
30688,6e-05,74.125.200.0-255,7156,11886,87,307824
30689,6.2e-05,172.31.47.0-255,66,11952,87,307824
30690,9.7e-05,74.125.200.0-255,2064,14016,87,307824
30691,9.9e-05,172.31.47.0-255,66,14082,87,307824
30692,0.000771,74.125.200.0-255,1484,15566,87,307824
30693,0.000778,172.31.47.0-255,66,15632,87,307824
30694,0.000787,74.125.200.0-255,1484,17116,87,307824
30695,0.00079,172.31.47.0-255,66,17182,87,307824
30696,0.000812,74.125.200.0-255,1484,18666,87,307824
30697,0.000815,172.31.47.0-255,66,18732,87,307824
30698,0.000831,74.125.200.0-255,5738,24470,87,307824
30699,0.000833,172.31.47.0-255,66,24536,87,307824
30700,0.000839,74.125.200.0-255,4320,28856,87,307824
30701,0.000841,172.31.47.0-255,66,28922,87,307824
30702,0.000857,74.125.200.0-255,1484,30406,87,307824
30703,0.000859,172.31.47.0-255,66,30472,87,307824
30704,0.000893,74.125.200.0-255,3961,34433,87,307824
30705,0.000896,172.31.47.0-255,66,34499,87,307824
30706,0.0009,74.125.200.0-255,2902,37401,87,307824
30707,0.000903,172.31.47.0-255,66,37467,87,307824
30708,0.000915,172.31.47.0-255,66,37533,87,307824
30709,0.000917,74.125.200.0-255,1125,38658,87,307824
30710,0.00092,172.31.47.0-255,66,38724,87,307824
30711,0.000965,74.125.200.0-255,1484,40208,87,307824
30712,0.000968,172.31.47.0-255,66,40274,87,307824
30713,0.000973,74.125.200.0-255,2902,43176,87,307824
30714,0.000976,172.31.47.0-255,66,43242,87,307824
30715,0.001004,74.125.200.0-255,5738,48980,87,307824
30716,0.001007,172.31.47.0-255,66,49046,87,307824
30717,0.00103,74.125.200.0-255,1484,50530,87,307824
30718,0.001049,74.125.200.0-255,4320,54850,87,307824
30719,0.001053,172.31.47.0-255,66,54916,87,307824
30720,0.001056,74.125.200.0-255,1480,56396,87,307824
30721,0.001629,74.125.200.0-255,330,56726,87,307824
30722,0.001635,172.31.47.0-255,66,56792,87,307824
30723,0.002041,74.125.200.0-255,1484,58276,87,307824
30724,0.002064,74.125.200.0-255,2902,61178,87,307824
30725,0.002067,172.31.47.0-255,66,61244,87,307824
30726,0.002071,74.125.200.0-255,1484,62728,87,307824
30727,0.002085,74.125.200.0-255,2902,65630,87,307824
30728,0.002088,172.31.47.0-255,66,65696,87,307824
30729,0.002122,172.31.47.0-255,66,65762,87,307824
30730,0.002151,74.125.200.0-255,5738,71500,87,307824
30731,0.002153,172.31.47.0-255,66,71566,87,307824
30732,0.002172,74.125.200.0-255,4320,75886,87,307824
30733,0.002175,172.31.47.0-255,66,75952,87,307824
30734,0.002179,74.125.200.0-255,4320,80272,87,307824
30735,0.002183,172.31.47.0-255,66,80338,87,307824
30736,0.002218,74.125.200.0-255,2184,82522,87,307824
30737,0.002221,172.31.47.0-255,66,82588,87,307824
30738,0.004712,74.125.200.0-255,2902,85490,87,307824
30739,0.004719,172.31.47.0-255,66,85556,87,307824
30740,0.004746,74.125.200.0-255,2902,88458,87,307824
30741,0.004749,172.31.47.0-255,66,88524,87,307824
30742,0.007239,74.125.200.0-255,2902,91426,87,307824
30743,0.007249,172.31.47.0-255,66,91492,87,307824
30744,0.007271,74.125.200.0-255,2902,94394,87,307824
30745,0.007274,172.31.47.0-255,66,94460,87,307824
30746,0.009786,74.125.200.0-255,5738,100198,87,307824
30747,0.009794,172.31.47.0-255,66,100264,87,307824
30748,0.012325,74.125.200.0-255,5738,106002,87,307824
30749,0.012337,172.31.47.0-255,66,106068,87,307824
30750,0.014866,74.125.200.0-255,5738,111806,87,307824
30751,0.014873,172.31.47.0-255,66,111872,87,307824
30752,0.017417,74.125.200.0-255,5738,117610,87,307824
30753,0.017426,172.31.47.0-255,66,117676,87,307824
30754,0.019952,74.125.200.0-255,5738,123414,87,307824
30755,0.01996,172.31.47.0-255,66,123480,87,307824
30756,0.022477,74.125.200.0-255,5738,129218,87,307824
30757,0.022484,172.31.47.0-255,66,129284,87,307824
30758,0.024217,172.31.47.0-255,172,129456,87,307824
30759,0.024245,172.31.47.0-255,1107,130563,87,307824
30760,0.0243,172.31.47.0-255,1514,132077,87,307824
30761,0.024302,172.31.47.0-255,1297,133374,87,307824
30762,0.025013,74.125.200.0-255,5738,139112,87,307824
30763,0.02502,172.31.47.0-255,66,139178,87,307824
30764,0.025801,104.244.42.0-255,66,139244,87,307824
30765,0.025846,104.244.42.0-255,66,139310,87,307824
30766,0.025875,104.244.42.0-255,66,139376,87,307824
30767,0.027543,74.125.200.0-255,5738,145114,87,307824
30768,0.02755,172.31.47.0-255,66,145180,87,307824
30769,0.030082,74.125.200.0-255,5738,150918,87,307824
30770,0.030088,172.31.47.0-255,66,150984,87,307824
30771,0.032617,74.125.200.0-255,5738,156722,87,307824
30772,0.032623,172.31.47.0-255,66,156788,87,307824
30773,0.035184,74.125.200.0-255,5738,162526,87,307824
30774,0.035191,172.31.47.0-255,66,162592,87,307824
30775,0.037719,74.125.200.0-255,5738,168330,87,307824
30776,0.037725,172.31.47.0-255,66,168396,87,307824
30777,0.040244,74.125.200.0-255,5738,174134,87,307824
30778,0.040255,172.31.47.0-255,66,174200,87,307824
30779,0.042792,74.125.200.0-255,5738,179938,87,307824
30780,0.042798,172.31.47.0-255,66,180004,87,307824
30781,0.045325,74.125.200.0-255,5738,185742,87,307824
30782,0.045332,172.31.47.0-255,66,185808,87,307824
30783,0.047859,74.125.200.0-255,5738,191546,87,307824
30784,0.047866,172.31.47.0-255,66,191612,87,307824
30785,0.05039,74.125.200.0-255,5738,197350,87,307824
30786,0.050397,172.31.47.0-255,66,197416,87,307824
30787,0.052928,74.125.200.0-255,5738,203154,87,307824
30788,0.052935,172.31.47.0-255,66,203220,87,307824
30789,0.055479,74.125.200.0-255,5738,208958,87,307824
30790,0.055485,172.31.47.0-255,66,209024,87,307824
30791,0.058025,74.125.200.0-255,5738,214762,87,307824
30792,0.058033,172.31.47.0-255,66,214828,87,307824
30793,0.060582,74.125.200.0-255,5738,220566,87,307824
30794,0.060589,172.31.47.0-255,66,220632,87,307824
30795,0.063124,74.125.200.0-255,5738,226370,87,307824
30796,0.06313,172.31.47.0-255,66,226436,87,307824
30797,0.065688,74.125.200.0-255,5738,232174,87,307824
30798,0.065694,172.31.47.0-255,66,232240,87,307824
30799,0.068221,74.125.200.0-255,5738,237978,87,307824
30800,0.068227,172.31.47.0-255,66,238044,87,307824
30801,0.070738,74.125.200.0-255,1484,239528,87,307824
30802,0.07076,74.125.200.0-255,4320,243848,87,307824
30803,0.070765,172.31.47.0-255,66,243914,87,307824
30804,0.073297,74.125.200.0-255,5738,249652,87,307824
30805,0.073304,172.31.47.0-255,66,249718,87,307824
30806,0.075821,74.125.200.0-255,5738,255456,87,307824
30807,0.075826,172.31.47.0-255,66,255522,87,307824
30808,0.078388,74.125.200.0-255,5738,261260,87,307824
30809,0.078394,172.31.47.0-255,66,261326,87,307824
30810,0.080963,74.125.200.0-255,5738,267064,87,307824
30811,0.08097,172.31.47.0-255,66,267130,87,307824
30812,0.083497,74.125.200.0-255,5738,272868,87,307824
30813,0.083504,172.31.47.0-255,66,272934,87,307824
30814,0.086026,74.125.200.0-255,5738,278672,87,307824
30815,0.086032,172.31.47.0-255,66,278738,87,307824
30816,0.088561,74.125.200.0-255,5738,284476,87,307824
30817,0.088568,172.31.47.0-255,66,284542,87,307824
30818,0.091097,74.125.200.0-255,5738,290280,87,307824
30819,0.091105,172.31.47.0-255,66,290346,87,307824
30820,0.093625,74.125.200.0-255,1484,291830,87,307824
30821,0.093643,74.125.200.0-255,4320,296150,87,307824
30822,0.093647,172.31.47.0-255,66,296216,87,307824
30823,0.096172,74.125.200.0-255,5738,301954,87,307824
30824,0.096178,172.31.47.0-255,66,302020,87,307824
30825,0.098702,74.125.200.0-255,5738,307758,87,307824
30826,0.098708,172.31.47.0-255,66,307824,87,307824
30827,0.0,172.217.194.0-255,153,153,87,262226
30828,2.3e-05,172.31.47.0-255,66,219,87,262226
30829,2.8e-05,172.217.194.0-255,1484,1703,87,262226
30830,3.2e-05,172.31.47.0-255,66,1769,87,262226
30831,3.6e-05,172.217.194.0-255,2902,4671,87,262226
30832,3.8e-05,172.31.47.0-255,66,4737,87,262226
30833,5e-05,172.217.194.0-255,4320,9057,87,262226
30834,5.2e-05,172.31.47.0-255,66,9123,87,262226
30835,7.8e-05,172.217.194.0-255,1484,10607,87,262226
30836,8.5e-05,172.31.47.0-255,66,10673,87,262226
30837,0.000107,172.217.194.0-255,3556,14229,87,262226
30838,0.000111,172.31.47.0-255,66,14295,87,262226
30839,0.000139,172.217.194.0-255,1484,15779,87,262226
30840,0.000141,172.31.47.0-255,66,15845,87,262226
30841,0.000147,172.217.194.0-255,2902,18747,87,262226
30842,0.000148,172.31.47.0-255,66,18813,87,262226
30843,0.000175,172.217.194.0-255,5738,24551,87,262226
30844,0.000178,172.31.47.0-255,66,24617,87,262226
30845,0.000181,172.217.194.0-255,2902,27519,87,262226
30846,0.000183,172.31.47.0-255,66,27585,87,262226
30847,0.000213,172.217.194.0-255,3961,31546,87,262226
30848,0.000216,172.31.47.0-255,66,31612,87,262226
30849,0.000574,172.217.194.0-255,1484,33096,87,262226
30850,0.000581,172.31.47.0-255,66,33162,87,262226
30851,0.00059,172.217.194.0-255,2902,36064,87,262226
30852,0.000593,172.31.47.0-255,66,36130,87,262226
30853,0.000605,172.217.194.0-255,4320,40450,87,262226
30854,0.000608,172.31.47.0-255,66,40516,87,262226
30855,0.000614,172.217.194.0-255,5738,46254,87,262226
30856,0.000619,172.31.47.0-255,66,46320,87,262226
30857,0.000639,172.217.194.0-255,2543,48863,87,262226
30858,0.000642,172.31.47.0-255,66,48929,87,262226
30859,0.000686,172.217.194.0-255,2902,51831,87,262226
30860,0.000689,172.31.47.0-255,66,51897,87,262226
30861,0.000695,172.217.194.0-255,4320,56217,87,262226
30862,0.000697,172.31.47.0-255,66,56283,87,262226
30863,0.0007,172.217.194.0-255,1484,57767,87,262226
30864,0.000732,172.217.194.0-255,7156,64923,87,262226
30865,0.000735,172.31.47.0-255,66,64989,87,262226
30866,0.000739,172.217.194.0-255,1125,66114,87,262226
30867,0.00119,172.217.194.0-255,647,66761,87,262226
30868,0.001196,172.31.47.0-255,66,66827,87,262226
30869,0.001358,172.217.194.0-255,1484,68311,87,262226
30870,0.001373,172.217.194.0-255,2902,71213,87,262226
30871,0.001375,172.31.47.0-255,66,71279,87,262226
30872,0.001381,172.217.194.0-255,4320,75599,87,262226
30873,0.001383,172.31.47.0-255,66,75665,87,262226
30874,0.001401,172.217.194.0-255,1484,77149,87,262226
30875,0.001412,172.31.47.0-255,66,77215,87,262226
30876,0.001448,172.217.194.0-255,4320,81535,87,262226
30877,0.00145,172.31.47.0-255,66,81601,87,262226
30878,0.001481,172.31.47.0-255,66,81667,87,262226
30879,0.001503,172.217.194.0-255,4320,85987,87,262226
30880,0.001505,172.31.47.0-255,66,86053,87,262226
30881,0.001511,172.217.194.0-255,5738,91791,87,262226
30882,0.001514,172.31.47.0-255,66,91857,87,262226
30883,0.00156,172.217.194.0-255,4320,96177,87,262226
30884,0.001563,172.31.47.0-255,66,96243,87,262226
30885,0.001574,172.217.194.0-255,1993,98236,87,262226
30886,0.001579,172.31.47.0-255,66,98302,87,262226
30887,0.001663,172.217.194.0-255,1484,99786,87,262226
30888,0.001668,172.217.194.0-255,2902,102688,87,262226
30889,0.00167,172.31.47.0-255,66,102754,87,262226
30890,0.001673,172.217.194.0-255,1484,104238,87,262226
30891,0.001698,172.217.194.0-255,4320,108558,87,262226
30892,0.0017,172.31.47.0-255,66,108624,87,262226
30893,0.00171,172.31.47.0-255,66,108690,87,262226
30894,0.001738,172.217.194.0-255,4320,113010,87,262226
30895,0.001741,172.31.47.0-255,66,113076,87,262226
30896,0.00178,172.31.47.0-255,66,113142,87,262226
30897,0.0021,172.217.194.0-255,1484,114626,87,262226
30898,0.002104,172.217.194.0-255,2902,117528,87,262226
30899,0.002106,172.31.47.0-255,66,117594,87,262226
30900,0.002134,172.217.194.0-255,2902,120496,87,262226
30901,0.002136,172.31.47.0-255,66,120562,87,262226
30902,0.002159,172.217.194.0-255,2902,123464,87,262226
30903,0.002161,172.31.47.0-255,66,123530,87,262226
30904,0.002168,172.217.194.0-255,7156,130686,87,262226
30905,0.002169,172.31.47.0-255,66,130752,87,262226
30906,0.002198,172.217.194.0-255,2902,133654,87,262226
30907,0.0022,172.31.47.0-255,66,133720,87,262226
30908,0.00221,172.31.47.0-255,66,133786,87,262226
30909,0.002213,172.217.194.0-255,2184,135970,87,262226
30910,0.002215,172.31.47.0-255,66,136036,87,262226
30911,0.002217,172.217.194.0-255,1484,137520,87,262226
30912,0.00222,172.217.194.0-255,1484,139004,87,262226
30913,0.002222,172.31.47.0-255,66,139070,87,262226
30914,0.002243,172.217.194.0-255,4320,143390,87,262226
30915,0.002245,172.31.47.0-255,66,143456,87,262226
30916,0.00225,172.217.194.0-255,5738,149194,87,262226
30917,0.002252,172.31.47.0-255,66,149260,87,262226
30918,0.002282,172.217.194.0-255,7156,156416,87,262226
30919,0.002284,172.31.47.0-255,66,156482,87,262226
30920,0.00229,172.217.194.0-255,7156,163638,87,262226
30921,0.002292,172.31.47.0-255,66,163704,87,262226
30922,0.002294,172.217.194.0-255,1484,165188,87,262226
30923,0.002296,172.217.194.0-255,1484,166672,87,262226
30924,0.002298,172.31.47.0-255,66,166738,87,262226
30925,0.002316,172.217.194.0-255,3602,170340,87,262226
30926,0.002318,172.31.47.0-255,66,170406,87,262226
30927,0.002345,172.217.194.0-255,4320,174726,87,262226
30928,0.002347,172.31.47.0-255,66,174792,87,262226
30929,0.002352,172.217.194.0-255,5738,180530,87,262226
30930,0.002354,172.31.47.0-255,66,180596,87,262226
30931,0.002381,172.217.194.0-255,4320,184916,87,262226
30932,0.002383,172.31.47.0-255,66,184982,87,262226
30933,0.002387,172.217.194.0-255,4320,189302,87,262226
30934,0.002389,172.31.47.0-255,66,189368,87,262226
30935,0.00247,172.31.47.0-255,66,189434,87,262226
30936,0.002502,172.217.194.0-255,2184,191618,87,262226
30937,0.002504,172.31.47.0-255,66,191684,87,262226
30938,0.002516,172.31.47.0-255,66,191750,87,262226
30939,0.002533,172.31.47.0-255,66,191816,87,262226
30940,0.00256,172.217.194.0-255,1484,193300,87,262226
30941,0.002565,172.217.194.0-255,3602,196902,87,262226
30942,0.002568,172.31.47.0-255,66,196968,87,262226
30943,0.002586,172.217.194.0-255,7156,204124,87,262226
30944,0.002589,172.31.47.0-255,66,204190,87,262226
30945,0.002594,172.217.194.0-255,4320,208510,87,262226
30946,0.002596,172.31.47.0-255,66,208576,87,262226
30947,0.002625,172.217.194.0-255,4320,212896,87,262226
30948,0.002627,172.31.47.0-255,66,212962,87,262226
30949,0.002641,172.31.47.0-255,66,213028,87,262226
30950,0.002643,172.217.194.0-255,766,213794,87,262226
30951,0.00272,172.217.194.0-255,1484,215278,87,262226
30952,0.002723,172.31.47.0-255,66,215344,87,262226
30953,0.002741,172.217.194.0-255,2902,218246,87,262226
30954,0.002744,172.31.47.0-255,66,218312,87,262226
30955,0.002747,172.217.194.0-255,1484,219796,87,262226
30956,0.002751,172.217.194.0-255,2902,222698,87,262226
30957,0.002752,172.31.47.0-255,66,222764,87,262226
30958,0.002774,172.217.194.0-255,5738,228502,87,262226
30959,0.00278,172.31.47.0-255,66,228568,87,262226
30960,0.002786,172.217.194.0-255,5738,234306,87,262226
30961,0.002788,172.31.47.0-255,66,234372,87,262226
30962,0.002817,172.217.194.0-255,3602,237974,87,262226
30963,0.002896,172.217.194.0-255,1484,239458,87,262226
30964,0.002915,172.217.194.0-255,2902,242360,87,262226
30965,0.00292,172.217.194.0-255,4320,246680,87,262226
30966,0.00294,172.217.194.0-255,1484,248164,87,262226
30967,0.002952,172.217.194.0-255,7156,255320,87,262226
30968,0.002994,172.217.194.0-255,2184,257504,87,262226
30969,0.003064,172.217.194.0-255,97,257601,87,262226
30970,0.003092,172.217.194.0-255,105,257706,87,262226
30971,0.004073,172.31.47.0-255,66,257772,87,262226
30972,0.006998,172.31.47.0-255,105,257877,87,262226
30973,0.009002,172.217.194.0-255,66,257943,87,262226
30974,0.031354,172.31.47.0-255,167,258110,87,262226
30975,0.031382,172.31.47.0-255,1106,259216,87,262226
30976,0.031427,172.31.47.0-255,1514,260730,87,262226
30977,0.031429,172.31.47.0-255,1298,262028,87,262226
30978,0.032938,104.244.42.0-255,66,262094,87,262226
30979,0.032946,104.244.42.0-255,66,262160,87,262226
30980,0.032984,104.244.42.0-255,66,262226,87,262226
30981,0.0,172.217.194.0-255,152,152,87,171349
30982,3.1e-05,172.31.47.0-255,66,218,87,171349
30983,3.9e-05,172.217.194.0-255,1484,1702,87,171349
30984,4.3e-05,172.31.47.0-255,66,1768,87,171349
30985,4.8e-05,172.217.194.0-255,2902,4670,87,171349
30986,5.8e-05,172.31.47.0-255,66,4736,87,171349
30987,6.6e-05,172.217.194.0-255,7156,11892,87,171349
30988,6.9e-05,172.31.47.0-255,66,11958,87,171349
30989,7.3e-05,172.217.194.0-255,2160,14118,87,171349
30990,7.6e-05,172.31.47.0-255,66,14184,87,171349
30991,0.00012,172.31.47.0-255,66,14250,87,171349
30992,0.000125,172.217.194.0-255,5379,19629,87,171349
30993,0.000128,172.31.47.0-255,66,19695,87,171349
30994,0.000189,172.217.194.0-255,1484,21179,87,171349
30995,0.000192,172.31.47.0-255,66,21245,87,171349
30996,0.000197,172.217.194.0-255,2902,24147,87,171349
30997,0.0002,172.31.47.0-255,66,24213,87,171349
30998,0.000228,172.217.194.0-255,4320,28533,87,171349
30999,0.000231,172.31.47.0-255,66,28599,87,171349
31000,0.000261,172.31.47.0-255,66,28665,87,171349
31001,0.000266,172.217.194.0-255,4320,32985,87,171349
31002,0.000269,172.31.47.0-255,66,33051,87,171349
31003,0.000311,172.31.47.0-255,66,33117,87,171349
31004,0.000315,172.217.194.0-255,1746,34863,87,171349
31005,0.000319,172.31.47.0-255,66,34929,87,171349
31006,0.000399,172.217.194.0-255,1484,36413,87,171349
31007,0.000403,172.31.47.0-255,66,36479,87,171349
31008,0.000421,172.217.194.0-255,2902,39381,87,171349
31009,0.000424,172.31.47.0-255,66,39447,87,171349
31010,0.000429,172.217.194.0-255,2902,42349,87,171349
31011,0.000432,172.31.47.0-255,66,42415,87,171349
31012,0.000465,172.217.194.0-255,2902,45317,87,171349
31013,0.000468,172.31.47.0-255,66,45383,87,171349
31014,0.000482,172.31.47.0-255,66,45449,87,171349
31015,0.0005,172.31.47.0-255,66,45515,87,171349
31016,0.00078,172.217.194.0-255,1484,46999,87,171349
31017,0.000802,172.217.194.0-255,2902,49901,87,171349
31018,0.000805,172.31.47.0-255,66,49967,87,171349
31019,0.000811,172.217.194.0-255,2902,52869,87,171349
31020,0.000813,172.31.47.0-255,66,52935,87,171349
31021,0.000831,172.217.194.0-255,2902,55837,87,171349
31022,0.000834,172.31.47.0-255,66,55903,87,171349
31023,0.000851,172.31.47.0-255,66,55969,87,171349
31024,0.000905,172.217.194.0-255,4320,60289,87,171349
31025,0.000909,172.31.47.0-255,66,60355,87,171349
31026,0.000947,172.31.47.0-255,66,60421,87,171349
31027,0.001083,172.217.194.0-255,1484,61905,87,171349
31028,0.001095,172.217.194.0-255,2902,64807,87,171349
31029,0.001097,172.31.47.0-255,66,64873,87,171349
31030,0.0011,172.217.194.0-255,1484,66357,87,171349
31031,0.001127,172.217.194.0-255,4320,70677,87,171349
31032,0.00113,172.31.47.0-255,66,70743,87,171349
31033,0.001137,172.217.194.0-255,7156,77899,87,171349
31034,0.001138,172.31.47.0-255,66,77965,87,171349
31035,0.001165,172.217.194.0-255,5738,83703,87,171349
31036,0.001168,172.31.47.0-255,66,83769,87,171349
31037,0.001176,172.31.47.0-255,66,83835,87,171349
31038,0.001199,172.217.194.0-255,4320,88155,87,171349
31039,0.001201,172.31.47.0-255,66,88221,87,171349
31040,0.001232,172.31.47.0-255,66,88287,87,171349
31041,0.001244,172.31.47.0-255,66,88353,87,171349
31042,0.001271,172.217.194.0-255,1484,89837,87,171349
31043,0.001281,172.31.47.0-255,66,89903,87,171349
31044,0.001306,172.217.194.0-255,2902,92805,87,171349
31045,0.001309,172.31.47.0-255,66,92871,87,171349
31046,0.001343,172.31.47.0-255,66,92937,87,171349
31047,0.001355,172.217.194.0-255,4320,97257,87,171349
31048,0.001357,172.31.47.0-255,66,97323,87,171349
31049,0.001394,172.31.47.0-255,66,97389,87,171349
31050,0.001398,172.217.194.0-255,2902,100291,87,171349
31051,0.0014,172.31.47.0-255,66,100357,87,171349
31052,0.001435,172.217.194.0-255,4320,104677,87,171349
31053,0.001438,172.31.47.0-255,66,104743,87,171349
31054,0.001464,172.217.194.0-255,4320,109063,87,171349
31055,0.001467,172.31.47.0-255,66,109129,87,171349
31056,0.001475,172.217.194.0-255,5738,114867,87,171349
31057,0.001477,172.31.47.0-255,66,114933,87,171349
31058,0.001493,172.217.194.0-255,5738,120671,87,171349
31059,0.001495,172.31.47.0-255,66,120737,87,171349
31060,0.001521,172.217.194.0-255,5738,126475,87,171349
31061,0.001525,172.31.47.0-255,66,126541,87,171349
31062,0.00153,172.217.194.0-255,5020,131561,87,171349
31063,0.001532,172.31.47.0-255,66,131627,87,171349
31064,0.001537,172.217.194.0-255,5738,137365,87,171349
31065,0.001539,172.31.47.0-255,66,137431,87,171349
31066,0.001575,172.31.47.0-255,66,137497,87,171349
31067,0.001587,172.31.47.0-255,66,137563,87,171349
31068,0.00164,172.217.194.0-255,3602,141165,87,171349
31069,0.001644,172.31.47.0-255,66,141231,87,171349
31070,0.001648,172.217.194.0-255,4320,145551,87,171349
31071,0.001651,172.31.47.0-255,66,145617,87,171349
31072,0.001665,172.31.47.0-255,66,145683,87,171349
31073,0.001671,172.217.194.0-255,7156,152839,87,171349
31074,0.001674,172.31.47.0-255,66,152905,87,171349
31075,0.00172,172.31.47.0-255,66,152971,87,171349
31076,0.00175,172.217.194.0-255,5020,157991,87,171349
31077,0.001753,172.31.47.0-255,66,158057,87,171349
31078,0.00177,172.31.47.0-255,66,158123,87,171349
31079,0.001784,172.31.47.0-255,66,158189,87,171349
31080,0.001808,172.217.194.0-255,2902,161091,87,171349
31081,0.001811,172.31.47.0-255,66,161157,87,171349
31082,0.001855,172.31.47.0-255,66,161223,87,171349
31083,0.00187,172.217.194.0-255,766,161989,87,171349
31084,0.001872,172.31.47.0-255,66,162055,87,171349
31085,0.001902,172.217.194.0-255,1484,163539,87,171349
31086,0.001906,172.31.47.0-255,66,163605,87,171349
31087,0.001945,172.31.47.0-255,66,163671,87,171349
31088,0.001948,172.217.194.0-255,105,163776,87,171349
31089,0.003357,172.31.47.0-255,66,163842,87,171349
31090,0.003383,172.31.47.0-255,105,163947,87,171349
31091,0.005851,172.217.194.0-255,66,164013,87,171349
31092,0.025295,172.31.47.0-255,172,164185,87,171349
31093,0.025325,172.31.47.0-255,1111,165296,87,171349
31094,0.025355,172.31.47.0-255,1514,166810,87,171349
31095,0.025356,172.31.47.0-255,1514,168324,87,171349
31096,0.025361,172.31.47.0-255,1514,169838,87,171349
31097,0.025362,172.31.47.0-255,1073,170911,87,171349
31098,0.026829,104.244.42.0-255,66,170977,87,171349
31099,0.026863,104.244.42.0-255,66,171043,87,171349
31100,0.026892,104.244.42.0-255,66,171109,87,171349
31101,0.026894,104.244.42.0-255,66,171175,87,171349
31102,0.027912,104.244.42.0-255,108,171283,87,171349
31103,0.02793,172.31.47.0-255,66,171349,87,171349
31104,0.0,172.31.47.0-255,66,66,87,66
31105,0.0,172.217.194.0-255,154,154,87,349262
31106,2.3e-05,172.31.47.0-255,66,220,87,349262
31107,2.9e-05,172.217.194.0-255,1484,1704,87,349262
31108,3.2e-05,172.31.47.0-255,66,1770,87,349262
31109,3.4e-05,172.217.194.0-255,1484,3254,87,349262
31110,3.6e-05,172.31.47.0-255,66,3320,87,349262
31111,5.4e-05,172.217.194.0-255,4320,7640,87,349262
31112,5.7e-05,172.31.47.0-255,66,7706,87,349262
31113,8e-05,172.217.194.0-255,1484,9190,87,349262
31114,8.2e-05,172.31.47.0-255,66,9256,87,349262
31115,0.000101,172.217.194.0-255,6266,15522,87,349262
31116,0.000104,172.31.47.0-255,66,15588,87,349262
31117,0.000109,172.217.194.0-255,2902,18490,87,349262
31118,0.00011,172.31.47.0-255,66,18556,87,349262
31119,0.000128,172.217.194.0-255,5738,24294,87,349262
31120,0.000131,172.31.47.0-255,66,24360,87,349262
31121,0.000147,172.217.194.0-255,7156,31516,87,349262
31122,0.00015,172.31.47.0-255,66,31582,87,349262
31123,0.000171,172.217.194.0-255,7156,38738,87,349262
31124,0.000173,172.31.47.0-255,66,38804,87,349262
31125,0.0002,172.217.194.0-255,4320,43124,87,349262
31126,0.000202,172.31.47.0-255,66,43190,87,349262
31127,0.000222,172.217.194.0-255,5020,48210,87,349262
31128,0.000224,172.31.47.0-255,66,48276,87,349262
31129,0.001769,172.217.194.0-255,1484,49760,87,349262
31130,0.001777,172.31.47.0-255,66,49826,87,349262
31131,0.001786,172.217.194.0-255,2902,52728,87,349262
31132,0.001788,172.31.47.0-255,66,52794,87,349262
31133,0.001793,172.217.194.0-255,2902,55696,87,349262
31134,0.001795,172.31.47.0-255,66,55762,87,349262
31135,0.0018,172.217.194.0-255,4320,60082,87,349262
31136,0.001802,172.31.47.0-255,66,60148,87,349262
31137,0.001826,172.217.194.0-255,2902,63050,87,349262
31138,0.001827,172.31.47.0-255,66,63116,87,349262
31139,0.001832,172.217.194.0-255,3132,66248,87,349262
31140,0.001834,172.31.47.0-255,66,66314,87,349262
31141,0.003832,172.217.194.0-255,1484,67798,87,349262
31142,0.003883,172.217.194.0-255,4320,72118,87,349262
31143,0.003887,172.31.47.0-255,66,72184,87,349262
31144,0.005954,172.217.194.0-255,5738,77922,87,349262
31145,0.005959,172.31.47.0-255,66,77988,87,349262
31146,0.007973,172.217.194.0-255,5738,83726,87,349262
31147,0.007979,172.31.47.0-255,66,83792,87,349262
31148,0.009978,172.217.194.0-255,5738,89530,87,349262
31149,0.009985,172.31.47.0-255,66,89596,87,349262
31150,0.012036,172.217.194.0-255,5738,95334,87,349262
31151,0.012042,172.31.47.0-255,66,95400,87,349262
31152,0.014084,172.217.194.0-255,5738,101138,87,349262
31153,0.014092,172.31.47.0-255,66,101204,87,349262
31154,0.016119,172.217.194.0-255,5738,106942,87,349262
31155,0.016125,172.31.47.0-255,66,107008,87,349262
31156,0.018131,172.217.194.0-255,5738,112746,87,349262
31157,0.018137,172.31.47.0-255,66,112812,87,349262
31158,0.020166,172.217.194.0-255,5738,118550,87,349262
31159,0.020173,172.31.47.0-255,66,118616,87,349262
31160,0.020561,172.31.47.0-255,172,118788,87,349262
31161,0.020598,172.31.47.0-255,1113,119901,87,349262
31162,0.020674,172.31.47.0-255,1514,121415,87,349262
31163,0.020676,172.31.47.0-255,1291,122706,87,349262
31164,0.022095,104.244.42.0-255,66,122772,87,349262
31165,0.022134,104.244.42.0-255,66,122838,87,349262
31166,0.022202,172.217.194.0-255,5738,128576,87,349262
31167,0.022207,172.31.47.0-255,66,128642,87,349262
31168,0.022251,104.244.42.0-255,66,128708,87,349262
31169,0.024228,172.217.194.0-255,5738,134446,87,349262
31170,0.024232,172.31.47.0-255,66,134512,87,349262
31171,0.026263,172.217.194.0-255,5738,140250,87,349262
31172,0.026267,172.31.47.0-255,66,140316,87,349262
31173,0.0283,172.217.194.0-255,2902,143218,87,349262
31174,0.028306,172.31.47.0-255,66,143284,87,349262
31175,0.028338,172.217.194.0-255,2902,146186,87,349262
31176,0.028341,172.31.47.0-255,66,146252,87,349262
31177,0.030337,172.217.194.0-255,2902,149154,87,349262
31178,0.030343,172.31.47.0-255,66,149220,87,349262
31179,0.030377,172.217.194.0-255,2902,152122,87,349262
31180,0.03038,172.31.47.0-255,66,152188,87,349262
31181,0.0326,172.217.194.0-255,5738,157926,87,349262
31182,0.032608,172.31.47.0-255,66,157992,87,349262
31183,0.03464,172.217.194.0-255,5738,163730,87,349262
31184,0.034645,172.31.47.0-255,66,163796,87,349262
31185,0.036665,172.217.194.0-255,5738,169534,87,349262
31186,0.03667,172.31.47.0-255,66,169600,87,349262
31187,0.038671,172.217.194.0-255,4320,173920,87,349262
31188,0.038675,172.31.47.0-255,66,173986,87,349262
31189,0.038699,172.217.194.0-255,1484,175470,87,349262
31190,0.040695,172.217.194.0-255,2902,178372,87,349262
31191,0.0407,172.31.47.0-255,66,178438,87,349262
31192,0.040726,172.217.194.0-255,1484,179922,87,349262
31193,0.042704,172.217.194.0-255,4320,184242,87,349262
31194,0.042709,172.31.47.0-255,66,184308,87,349262
31195,0.044731,172.217.194.0-255,5738,190046,87,349262
31196,0.044736,172.31.47.0-255,66,190112,87,349262
31197,0.046751,172.217.194.0-255,5738,195850,87,349262
31198,0.046755,172.31.47.0-255,66,195916,87,349262
31199,0.048773,172.217.194.0-255,5738,201654,87,349262
31200,0.048777,172.31.47.0-255,66,201720,87,349262
31201,0.050782,172.217.194.0-255,5738,207458,87,349262
31202,0.050787,172.31.47.0-255,66,207524,87,349262
31203,0.052802,172.217.194.0-255,5738,213262,87,349262
31204,0.052807,172.31.47.0-255,66,213328,87,349262
31205,0.054831,172.217.194.0-255,5738,219066,87,349262
31206,0.054836,172.31.47.0-255,66,219132,87,349262
31207,0.056839,172.217.194.0-255,5738,224870,87,349262
31208,0.056845,172.31.47.0-255,66,224936,87,349262
31209,0.058862,172.217.194.0-255,5738,230674,87,349262
31210,0.058867,172.31.47.0-255,66,230740,87,349262
31211,0.060872,172.217.194.0-255,5738,236478,87,349262
31212,0.060878,172.31.47.0-255,66,236544,87,349262
31213,0.062895,172.217.194.0-255,2902,239446,87,349262
31214,0.062901,172.31.47.0-255,66,239512,87,349262
31215,0.062928,172.217.194.0-255,2902,242414,87,349262
31216,0.06293,172.31.47.0-255,66,242480,87,349262
31217,0.064894,172.217.194.0-255,1484,243964,87,349262
31218,0.064919,172.217.194.0-255,1484,245448,87,349262
31219,0.064922,172.31.47.0-255,66,245514,87,349262
31220,0.064941,172.217.194.0-255,2902,248416,87,349262
31221,0.064943,172.31.47.0-255,66,248482,87,349262
31222,0.066928,172.217.194.0-255,2902,251384,87,349262
31223,0.066933,172.31.47.0-255,66,251450,87,349262
31224,0.066979,172.217.194.0-255,2902,254352,87,349262
31225,0.066983,172.31.47.0-255,66,254418,87,349262
31226,0.06898,172.217.194.0-255,2902,257320,87,349262
31227,0.068985,172.31.47.0-255,66,257386,87,349262
31228,0.069021,172.217.194.0-255,2902,260288,87,349262
31229,0.069024,172.31.47.0-255,66,260354,87,349262
31230,0.070992,172.217.194.0-255,2902,263256,87,349262
31231,0.070997,172.31.47.0-255,66,263322,87,349262
31232,0.07105,172.217.194.0-255,2902,266224,87,349262
31233,0.071054,172.31.47.0-255,66,266290,87,349262
31234,0.073058,172.217.194.0-255,2902,269192,87,349262
31235,0.073063,172.31.47.0-255,66,269258,87,349262
31236,0.073091,172.217.194.0-255,2902,272160,87,349262
31237,0.073094,172.31.47.0-255,66,272226,87,349262
31238,0.075082,172.217.194.0-255,2902,275128,87,349262
31239,0.075087,172.31.47.0-255,66,275194,87,349262
31240,0.075114,172.217.194.0-255,2902,278096,87,349262
31241,0.075116,172.31.47.0-255,66,278162,87,349262
31242,0.077096,172.217.194.0-255,2902,281064,87,349262
31243,0.077101,172.31.47.0-255,66,281130,87,349262
31244,0.07713,172.217.194.0-255,2902,284032,87,349262
31245,0.077133,172.31.47.0-255,66,284098,87,349262
31246,0.079119,172.217.194.0-255,2902,287000,87,349262
31247,0.079124,172.31.47.0-255,66,287066,87,349262
31248,0.079157,172.217.194.0-255,2902,289968,87,349262
31249,0.07916,172.31.47.0-255,66,290034,87,349262
31250,0.081172,172.217.194.0-255,2902,292936,87,349262
31251,0.081177,172.31.47.0-255,66,293002,87,349262
31252,0.08121,172.217.194.0-255,2902,295904,87,349262
31253,0.081212,172.31.47.0-255,66,295970,87,349262
31254,0.083186,172.217.194.0-255,2902,298872,87,349262
31255,0.083193,172.31.47.0-255,66,298938,87,349262
31256,0.083215,172.217.194.0-255,2902,301840,87,349262
31257,0.083218,172.31.47.0-255,66,301906,87,349262
31258,0.085215,172.217.194.0-255,2902,304808,87,349262
31259,0.085221,172.31.47.0-255,66,304874,87,349262
31260,0.085251,172.217.194.0-255,2902,307776,87,349262
31261,0.085254,172.31.47.0-255,66,307842,87,349262
31262,0.087219,172.217.194.0-255,2902,310744,87,349262
31263,0.087223,172.31.47.0-255,66,310810,87,349262
31264,0.087254,172.217.194.0-255,2902,313712,87,349262
31265,0.087257,172.31.47.0-255,66,313778,87,349262
31266,0.089263,172.217.194.0-255,2902,316680,87,349262
31267,0.089269,172.31.47.0-255,66,316746,87,349262
31268,0.089294,172.217.194.0-255,2902,319648,87,349262
31269,0.089297,172.31.47.0-255,66,319714,87,349262
31270,0.09129,172.217.194.0-255,5738,325452,87,349262
31271,0.091294,172.31.47.0-255,66,325518,87,349262
31272,0.093336,172.217.194.0-255,2902,328420,87,349262
31273,0.093341,172.31.47.0-255,66,328486,87,349262
31274,0.09337,172.217.194.0-255,2902,331388,87,349262
31275,0.093373,172.31.47.0-255,66,331454,87,349262
31276,0.095376,172.217.194.0-255,2902,334356,87,349262
31277,0.095381,172.31.47.0-255,66,334422,87,349262
31278,0.095407,172.217.194.0-255,2902,337324,87,349262
31279,0.095421,172.31.47.0-255,66,337390,87,349262
31280,0.097432,172.217.194.0-255,2902,340292,87,349262
31281,0.097436,172.31.47.0-255,66,340358,87,349262
31282,0.097477,172.217.194.0-255,2902,343260,87,349262
31283,0.097481,172.31.47.0-255,66,343326,87,349262
31284,0.099438,172.217.194.0-255,2902,346228,87,349262
31285,0.099443,172.31.47.0-255,66,346294,87,349262
31286,0.099488,172.217.194.0-255,2902,349196,87,349262
31287,0.099492,172.31.47.0-255,66,349262,87,349262
31288,0.0,74.125.200.0-255,143,143,87,388242
31289,2.1e-05,172.31.47.0-255,66,209,87,388242
31290,2.8e-05,74.125.200.0-255,1484,1693,87,388242
31291,3.1e-05,172.31.47.0-255,66,1759,87,388242
31292,3.4e-05,74.125.200.0-255,1484,3243,87,388242
31293,3.7e-05,172.31.47.0-255,66,3309,87,388242
31294,4.3e-05,74.125.200.0-255,2902,6211,87,388242
31295,4.5e-05,172.31.47.0-255,66,6277,87,388242
31296,7.9e-05,74.125.200.0-255,5738,12015,87,388242
31297,8.1e-05,172.31.47.0-255,66,12081,87,388242
31298,8.5e-05,74.125.200.0-255,2256,14337,87,388242
31299,8.7e-05,172.31.47.0-255,66,14403,87,388242
31300,0.000245,74.125.200.0-255,1484,15887,87,388242
31301,0.00025,172.31.47.0-255,66,15953,87,388242
31302,0.000253,74.125.200.0-255,1484,17437,87,388242
31303,0.000255,172.31.47.0-255,66,17503,87,388242
31304,0.000268,74.125.200.0-255,1484,18987,87,388242
31305,0.00027,172.31.47.0-255,66,19053,87,388242
31306,0.000278,74.125.200.0-255,5738,24791,87,388242
31307,0.00028,172.31.47.0-255,66,24857,87,388242
31308,0.000284,74.125.200.0-255,2902,27759,87,388242
31309,0.000285,172.31.47.0-255,66,27825,87,388242
31310,0.000288,74.125.200.0-255,1484,29309,87,388242
31311,0.00029,172.31.47.0-255,66,29375,87,388242
31312,0.000308,74.125.200.0-255,2543,31918,87,388242
31313,0.00031,172.31.47.0-255,66,31984,87,388242
31314,0.000327,74.125.200.0-255,1484,33468,87,388242
31315,0.000329,172.31.47.0-255,66,33534,87,388242
31316,0.000351,74.125.200.0-255,5738,39272,87,388242
31317,0.000353,172.31.47.0-255,66,39338,87,388242
31318,0.000356,74.125.200.0-255,1484,40822,87,388242
31319,0.000358,172.31.47.0-255,66,40888,87,388242
31320,0.000379,74.125.200.0-255,7156,48044,87,388242
31321,0.000382,74.125.200.0-255,1125,49169,87,388242
31322,0.000399,172.31.47.0-255,66,49235,87,388242
31323,0.000416,74.125.200.0-255,1484,50719,87,388242
31324,0.000427,74.125.200.0-255,1484,52203,87,388242
31325,0.000438,74.125.200.0-255,1484,53687,87,388242
31326,0.000444,74.125.200.0-255,4320,58007,87,388242
31327,0.000448,172.31.47.0-255,66,58073,87,388242
31328,0.000533,74.125.200.0-255,128,58201,87,388242
31329,0.000668,74.125.200.0-255,1484,59685,87,388242
31330,0.000679,74.125.200.0-255,2902,62587,87,388242
31331,0.000696,74.125.200.0-255,2902,65489,87,388242
31332,0.000699,74.125.200.0-255,1484,66973,87,388242
31333,0.000716,74.125.200.0-255,2902,69875,87,388242
31334,0.00073,74.125.200.0-255,2902,72777,87,388242
31335,0.000749,74.125.200.0-255,6797,79574,87,388242
31336,0.000754,74.125.200.0-255,4320,83894,87,388242
31337,0.000802,74.125.200.0-255,7156,91050,87,388242
31338,0.000811,74.125.200.0-255,1413,92463,87,388242
31339,0.001227,74.125.200.0-255,1484,93947,87,388242
31340,0.00123,74.125.200.0-255,1484,95431,87,388242
31341,0.001244,74.125.200.0-255,1484,96915,87,388242
31342,0.001247,74.125.200.0-255,1484,98399,87,388242
31343,0.001266,74.125.200.0-255,2902,101301,87,388242
31344,0.001277,74.125.200.0-255,2902,104203,87,388242
31345,0.001289,74.125.200.0-255,2902,107105,87,388242
31346,0.001312,74.125.200.0-255,7156,114261,87,388242
31347,0.001349,74.125.200.0-255,3602,117863,87,388242
31348,0.001468,74.125.200.0-255,1484,119347,87,388242
31349,0.001477,74.125.200.0-255,1484,120831,87,388242
31350,0.001491,74.125.200.0-255,1484,122315,87,388242
31351,0.001503,74.125.200.0-255,5738,128053,87,388242
31352,0.001528,74.125.200.0-255,7156,135209,87,388242
31353,0.00154,74.125.200.0-255,2902,138111,87,388242
31354,0.001568,74.125.200.0-255,1484,139595,87,388242
31355,0.001572,74.125.200.0-255,2184,141779,87,388242
31356,0.001741,74.125.200.0-255,1484,143263,87,388242
31357,0.001752,74.125.200.0-255,2902,146165,87,388242
31358,0.001761,74.125.200.0-255,1484,147649,87,388242
31359,0.001775,74.125.200.0-255,2902,150551,87,388242
31360,0.001798,74.125.200.0-255,4320,154871,87,388242
31361,0.001811,74.125.200.0-255,4320,159191,87,388242
31362,0.001816,74.125.200.0-255,4320,163511,87,388242
31363,0.001818,74.125.200.0-255,1484,164995,87,388242
31364,0.001836,74.125.200.0-255,4320,169315,87,388242
31365,0.001856,74.125.200.0-255,1484,170799,87,388242
31366,0.001872,74.125.200.0-255,5020,175819,87,388242
31367,0.002092,74.125.200.0-255,1484,177303,87,388242
31368,0.002105,74.125.200.0-255,2902,180205,87,388242
31369,0.002117,74.125.200.0-255,2902,183107,87,388242
31370,0.002129,74.125.200.0-255,4320,187427,87,388242
31371,0.002155,74.125.200.0-255,5738,193165,87,388242
31372,0.002167,74.125.200.0-255,2902,196067,87,388242
31373,0.002173,74.125.200.0-255,7156,203223,87,388242
31374,0.002188,74.125.200.0-255,1484,204707,87,388242
31375,0.002226,74.125.200.0-255,1484,206191,87,388242
31376,0.002247,74.125.200.0-255,3602,209793,87,388242
31377,0.003792,172.31.47.0-255,66,209859,87,388242
31378,0.006094,74.125.200.0-255,5738,215597,87,388242
31379,0.0061,172.31.47.0-255,66,215663,87,388242
31380,0.008369,74.125.200.0-255,5738,221401,87,388242
31381,0.010543,172.31.47.0-255,66,221467,87,388242
31382,0.012813,74.125.200.0-255,5738,227205,87,388242
31383,0.012819,172.31.47.0-255,66,227271,87,388242
31384,0.015088,74.125.200.0-255,5738,233009,87,388242
31385,0.016655,172.31.47.0-255,66,233075,87,388242
31386,0.018917,74.125.200.0-255,5738,238813,87,388242
31387,0.018926,172.31.47.0-255,66,238879,87,388242
31388,0.021189,74.125.200.0-255,5738,244617,87,388242
31389,0.021197,172.31.47.0-255,66,244683,87,388242
31390,0.023466,74.125.200.0-255,5738,250421,87,388242
31391,0.023472,172.31.47.0-255,66,250487,87,388242
31392,0.025736,74.125.200.0-255,5738,256225,87,388242
31393,0.025744,172.31.47.0-255,66,256291,87,388242
31394,0.027997,74.125.200.0-255,5738,262029,87,388242
31395,0.028005,172.31.47.0-255,66,262095,87,388242
31396,0.03028,74.125.200.0-255,5738,267833,87,388242
31397,0.030287,172.31.47.0-255,66,267899,87,388242
31398,0.032209,172.31.47.0-255,172,268071,87,388242
31399,0.032237,172.31.47.0-255,1107,269178,87,388242
31400,0.032286,172.31.47.0-255,1514,270692,87,388242
31401,0.032288,172.31.47.0-255,1299,271991,87,388242
31402,0.032535,74.125.200.0-255,5738,277729,87,388242
31403,0.032541,172.31.47.0-255,66,277795,87,388242
31404,0.033693,104.244.42.0-255,66,277861,87,388242
31405,0.033713,104.244.42.0-255,66,277927,87,388242
31406,0.033777,104.244.42.0-255,66,277993,87,388242
31407,0.034784,74.125.200.0-255,2902,280895,87,388242
31408,0.034789,172.31.47.0-255,66,280961,87,388242
31409,0.034803,74.125.200.0-255,2902,283863,87,388242
31410,0.034828,172.31.47.0-255,66,283929,87,388242
31411,0.037062,74.125.200.0-255,2902,286831,87,388242
31412,0.037071,172.31.47.0-255,66,286897,87,388242
31413,0.037094,74.125.200.0-255,2902,289799,87,388242
31414,0.037122,172.31.47.0-255,66,289865,87,388242
31415,0.039353,74.125.200.0-255,2902,292767,87,388242
31416,0.039358,172.31.47.0-255,66,292833,87,388242
31417,0.039376,74.125.200.0-255,2902,295735,87,388242
31418,0.039398,172.31.47.0-255,66,295801,87,388242
31419,0.041645,74.125.200.0-255,2902,298703,87,388242
31420,0.04165,172.31.47.0-255,66,298769,87,388242
31421,0.041666,74.125.200.0-255,2902,301671,87,388242
31422,0.04169,172.31.47.0-255,66,301737,87,388242
31423,0.043905,74.125.200.0-255,2902,304639,87,388242
31424,0.04391,172.31.47.0-255,66,304705,87,388242
31425,0.043937,74.125.200.0-255,2902,307607,87,388242
31426,0.043953,172.31.47.0-255,66,307673,87,388242
31427,0.046167,74.125.200.0-255,2902,310575,87,388242
31428,0.046173,172.31.47.0-255,66,310641,87,388242
31429,0.046194,74.125.200.0-255,2902,313543,87,388242
31430,0.04651,172.31.47.0-255,66,313609,87,388242
31431,0.04843,74.125.200.0-255,2902,316511,87,388242
31432,0.048437,172.31.47.0-255,66,316577,87,388242
31433,0.048769,74.125.200.0-255,2902,319479,87,388242
31434,0.048775,172.31.47.0-255,66,319545,87,388242
31435,0.050697,74.125.200.0-255,2902,322447,87,388242
31436,0.050702,172.31.47.0-255,66,322513,87,388242
31437,0.051024,74.125.200.0-255,2902,325415,87,388242
31438,0.051029,172.31.47.0-255,66,325481,87,388242
31439,0.052966,74.125.200.0-255,2902,328383,87,388242
31440,0.052975,172.31.47.0-255,66,328449,87,388242
31441,0.053288,74.125.200.0-255,2902,331351,87,388242
31442,0.053294,172.31.47.0-255,66,331417,87,388242
31443,0.055227,74.125.200.0-255,2902,334319,87,388242
31444,0.055232,172.31.47.0-255,66,334385,87,388242
31445,0.055568,74.125.200.0-255,2902,337287,87,388242
31446,0.055573,172.31.47.0-255,66,337353,87,388242
31447,0.057481,74.125.200.0-255,2902,340255,87,388242
31448,0.057488,172.31.47.0-255,66,340321,87,388242
31449,0.057826,74.125.200.0-255,2902,343223,87,388242
31450,0.057832,172.31.47.0-255,66,343289,87,388242
31451,0.059748,74.125.200.0-255,2902,346191,87,388242
31452,0.059753,172.31.47.0-255,66,346257,87,388242
31453,0.060084,74.125.200.0-255,2902,349159,87,388242
31454,0.060089,172.31.47.0-255,66,349225,87,388242
31455,0.062011,74.125.200.0-255,2902,352127,87,388242
31456,0.062017,172.31.47.0-255,66,352193,87,388242
31457,0.062338,74.125.200.0-255,2902,355095,87,388242
31458,0.062343,172.31.47.0-255,66,355161,87,388242
31459,0.064277,74.125.200.0-255,2902,358063,87,388242
31460,0.064283,172.31.47.0-255,66,358129,87,388242
31461,0.064611,74.125.200.0-255,2902,361031,87,388242
31462,0.064616,172.31.47.0-255,66,361097,87,388242
31463,0.066538,74.125.200.0-255,2902,363999,87,388242
31464,0.066543,172.31.47.0-255,66,364065,87,388242
31465,0.066863,74.125.200.0-255,2902,366967,87,388242
31466,0.066868,172.31.47.0-255,66,367033,87,388242
31467,0.068812,74.125.200.0-255,2902,369935,87,388242
31468,0.06882,172.31.47.0-255,66,370001,87,388242
31469,0.069116,74.125.200.0-255,2902,372903,87,388242
31470,0.069122,172.31.47.0-255,66,372969,87,388242
31471,0.071087,74.125.200.0-255,2902,375871,87,388242
31472,0.071092,172.31.47.0-255,66,375937,87,388242
31473,0.071375,74.125.200.0-255,2902,378839,87,388242
31474,0.07138,172.31.47.0-255,66,378905,87,388242
31475,0.073343,74.125.200.0-255,2902,381807,87,388242
31476,0.073349,172.31.47.0-255,66,381873,87,388242
31477,0.073639,74.125.200.0-255,2902,384775,87,388242
31478,0.073644,172.31.47.0-255,66,384841,87,388242
31479,0.075606,74.125.200.0-255,2902,387743,87,388242
31480,0.075611,172.31.47.0-255,66,387809,87,388242
31481,0.075861,74.125.200.0-255,196,388005,87,388242
31482,0.076608,172.31.47.0-255,66,388071,87,388242
31483,0.076641,172.31.47.0-255,105,388176,87,388242
31484,0.078856,74.125.200.0-255,66,388242,87,388242
31485,0.0,74.125.200.0-255,153,153,87,364620
31486,1.5e-05,172.31.47.0-255,66,219,87,364620
31487,2.1e-05,74.125.200.0-255,1484,1703,87,364620
31488,2.5e-05,172.31.47.0-255,66,1769,87,364620
31489,2.8e-05,74.125.200.0-255,1484,3253,87,364620
31490,3.7e-05,172.31.47.0-255,66,3319,87,364620
31491,6.6e-05,74.125.200.0-255,1484,4803,87,364620
31492,6.9e-05,172.31.47.0-255,66,4869,87,364620
31493,7.6e-05,74.125.200.0-255,5738,10607,87,364620
31494,7.8e-05,172.31.47.0-255,66,10673,87,364620
31495,8.3e-05,74.125.200.0-255,3520,14193,87,364620
31496,8.5e-05,172.31.47.0-255,66,14259,87,364620
31497,8.9e-05,74.125.200.0-255,2902,17161,87,364620
31498,9.1e-05,172.31.47.0-255,66,17227,87,364620
31499,0.000118,74.125.200.0-255,1484,18711,87,364620
31500,0.000121,172.31.47.0-255,66,18777,87,364620
31501,0.000131,172.31.47.0-255,66,18843,87,364620
31502,0.000135,74.125.200.0-255,2543,21386,87,364620
31503,0.000137,172.31.47.0-255,66,21452,87,364620
31504,0.000208,74.125.200.0-255,1484,22936,87,364620
31505,0.00021,172.31.47.0-255,66,23002,87,364620
31506,0.000226,74.125.200.0-255,1484,24486,87,364620
31507,0.000228,172.31.47.0-255,66,24552,87,364620
31508,0.00024,74.125.200.0-255,2902,27454,87,364620
31509,0.000245,172.31.47.0-255,66,27520,87,364620
31510,0.000248,74.125.200.0-255,1484,29004,87,364620
31511,0.00025,172.31.47.0-255,66,29070,87,364620
31512,0.000272,74.125.200.0-255,4320,33390,87,364620
31513,0.000274,172.31.47.0-255,66,33456,87,364620
31514,0.000279,74.125.200.0-255,5379,38835,87,364620
31515,0.000281,172.31.47.0-255,66,38901,87,364620
31516,0.00033,74.125.200.0-255,5738,44639,87,364620
31517,0.000333,172.31.47.0-255,66,44705,87,364620
31518,0.000342,172.31.47.0-255,66,44771,87,364620
31519,0.000379,74.125.200.0-255,2878,47649,87,364620
31520,0.000382,172.31.47.0-255,66,47715,87,364620
31521,0.000486,74.125.200.0-255,1484,49199,87,364620
31522,0.000491,74.125.200.0-255,1484,50683,87,364620
31523,0.000494,172.31.47.0-255,66,50749,87,364620
31524,0.000518,74.125.200.0-255,1484,52233,87,364620
31525,0.000524,74.125.200.0-255,5738,57971,87,364620
31526,0.000527,172.31.47.0-255,66,58037,87,364620
31527,0.000533,74.125.200.0-255,5738,63775,87,364620
31528,0.000534,172.31.47.0-255,66,63841,87,364620
31529,0.000559,74.125.200.0-255,6797,70638,87,364620
31530,0.000561,172.31.47.0-255,66,70704,87,364620
31531,0.0006,172.31.47.0-255,66,70770,87,364620
31532,0.000904,74.125.200.0-255,1484,72254,87,364620
31533,0.00091,74.125.200.0-255,1484,73738,87,364620
31534,0.000913,172.31.47.0-255,66,73804,87,364620
31535,0.000938,74.125.200.0-255,1484,75288,87,364620
31536,0.000943,74.125.200.0-255,4320,79608,87,364620
31537,0.000945,172.31.47.0-255,66,79674,87,364620
31538,0.000951,74.125.200.0-255,5738,85412,87,364620
31539,0.000953,172.31.47.0-255,66,85478,87,364620
31540,0.000981,74.125.200.0-255,1484,86962,87,364620
31541,0.000999,74.125.200.0-255,7156,94118,87,364620
31542,0.001002,172.31.47.0-255,66,94184,87,364620
31543,0.001022,74.125.200.0-255,1484,95668,87,364620
31544,0.001051,172.31.47.0-255,66,95734,87,364620
31545,0.001054,74.125.200.0-255,766,96500,87,364620
31546,0.001312,74.125.200.0-255,1484,97984,87,364620
31547,0.001318,172.31.47.0-255,66,98050,87,364620
31548,0.00134,74.125.200.0-255,2902,100952,87,364620
31549,0.001343,172.31.47.0-255,66,101018,87,364620
31550,0.001346,74.125.200.0-255,1484,102502,87,364620
31551,0.001365,74.125.200.0-255,1484,103986,87,364620
31552,0.001367,172.31.47.0-255,66,104052,87,364620
31553,0.001371,74.125.200.0-255,4320,108372,87,364620
31554,0.001373,172.31.47.0-255,66,108438,87,364620
31555,0.001399,74.125.200.0-255,7156,115594,87,364620
31556,0.001401,172.31.47.0-255,66,115660,87,364620
31557,0.001405,74.125.200.0-255,2902,118562,87,364620
31558,0.001406,172.31.47.0-255,66,118628,87,364620
31559,0.001427,74.125.200.0-255,5738,124366,87,364620
31560,0.001433,172.31.47.0-255,66,124432,87,364620
31561,0.001436,74.125.200.0-255,2902,127334,87,364620
31562,0.001438,172.31.47.0-255,66,127400,87,364620
31563,0.001461,74.125.200.0-255,3602,131002,87,364620
31564,0.001464,172.31.47.0-255,66,131068,87,364620
31565,0.001562,74.125.200.0-255,1484,132552,87,364620
31566,0.001577,74.125.200.0-255,2902,135454,87,364620
31567,0.00158,172.31.47.0-255,66,135520,87,364620
31568,0.001583,74.125.200.0-255,1484,137004,87,364620
31569,0.001606,74.125.200.0-255,4320,141324,87,364620
31570,0.001611,74.125.200.0-255,5738,147062,87,364620
31571,0.001618,172.31.47.0-255,66,147128,87,364620
31572,0.00162,172.31.47.0-255,66,147194,87,364620
31573,0.001622,74.125.200.0-255,1484,148678,87,364620
31574,0.001651,74.125.200.0-255,7156,155834,87,364620
31575,0.001654,172.31.47.0-255,66,155900,87,364620
31576,0.001683,74.125.200.0-255,5738,161638,87,364620
31577,0.001685,172.31.47.0-255,66,161704,87,364620
31578,0.001688,74.125.200.0-255,1484,163188,87,364620
31579,0.001708,74.125.200.0-255,2184,165372,87,364620
31580,0.00171,172.31.47.0-255,66,165438,87,364620
31581,0.001736,74.125.200.0-255,1484,166922,87,364620
31582,0.001746,74.125.200.0-255,1484,168406,87,364620
31583,0.001748,172.31.47.0-255,66,168472,87,364620
31584,0.001769,74.125.200.0-255,1484,169956,87,364620
31585,0.001774,74.125.200.0-255,5738,175694,87,364620
31586,0.001776,172.31.47.0-255,66,175760,87,364620
31587,0.001796,74.125.200.0-255,2902,178662,87,364620
31588,0.0018,172.31.47.0-255,66,178728,87,364620
31589,0.001827,74.125.200.0-255,7156,185884,87,364620
31590,0.001837,172.31.47.0-255,66,185950,87,364620
31591,0.001839,172.31.47.0-255,66,186016,87,364620
31592,0.00185,74.125.200.0-255,2902,188918,87,364620
31593,0.001855,172.31.47.0-255,66,188984,87,364620
31594,0.001859,74.125.200.0-255,2184,191168,87,364620
31595,0.00186,172.31.47.0-255,66,191234,87,364620
31596,0.001952,74.125.200.0-255,1484,192718,87,364620
31597,0.001964,74.125.200.0-255,2902,195620,87,364620
31598,0.001966,172.31.47.0-255,66,195686,87,364620
31599,0.001992,74.125.200.0-255,5738,201424,87,364620
31600,0.001995,172.31.47.0-255,66,201490,87,364620
31601,0.002015,74.125.200.0-255,4320,205810,87,364620
31602,0.002018,172.31.47.0-255,66,205876,87,364620
31603,0.002023,74.125.200.0-255,5738,211614,87,364620
31604,0.002025,172.31.47.0-255,66,211680,87,364620
31605,0.002052,172.31.47.0-255,66,211746,87,364620
31606,0.002075,74.125.200.0-255,2902,214648,87,364620
31607,0.002078,172.31.47.0-255,66,214714,87,364620
31608,0.002101,74.125.200.0-255,2184,216898,87,364620
31609,0.002103,172.31.47.0-255,66,216964,87,364620
31610,0.002196,74.125.200.0-255,1484,218448,87,364620
31611,0.002211,74.125.200.0-255,2902,221350,87,364620
31612,0.002214,172.31.47.0-255,66,221416,87,364620
31613,0.002245,74.125.200.0-255,5738,227154,87,364620
31614,0.002248,172.31.47.0-255,66,227220,87,364620
31615,0.002251,74.125.200.0-255,1484,228704,87,364620
31616,0.002254,74.125.200.0-255,1484,230188,87,364620
31617,0.002255,172.31.47.0-255,66,230254,87,364620
31618,0.002283,74.125.200.0-255,1484,231738,87,364620
31619,0.002289,74.125.200.0-255,5738,237476,87,364620
31620,0.002292,172.31.47.0-255,66,237542,87,364620
31621,0.002316,74.125.200.0-255,7156,244698,87,364620
31622,0.00232,172.31.47.0-255,66,244764,87,364620
31623,0.002322,74.125.200.0-255,1484,246248,87,364620
31624,0.002346,74.125.200.0-255,5020,251268,87,364620
31625,0.002349,172.31.47.0-255,66,251334,87,364620
31626,0.004658,74.125.200.0-255,5738,257072,87,364620
31627,0.004664,172.31.47.0-255,66,257138,87,364620
31628,0.006979,74.125.200.0-255,5738,262876,87,364620
31629,0.006987,172.31.47.0-255,66,262942,87,364620
31630,0.009303,74.125.200.0-255,5738,268680,87,364620
31631,0.00931,172.31.47.0-255,66,268746,87,364620
31632,0.011635,74.125.200.0-255,5738,274484,87,364620
31633,0.011644,172.31.47.0-255,66,274550,87,364620
31634,0.013978,74.125.200.0-255,5738,280288,87,364620
31635,0.013993,172.31.47.0-255,66,280354,87,364620
31636,0.016328,74.125.200.0-255,5738,286092,87,364620
31637,0.016343,172.31.47.0-255,66,286158,87,364620
31638,0.018666,74.125.200.0-255,5738,291896,87,364620
31639,0.018673,172.31.47.0-255,66,291962,87,364620
31640,0.020985,74.125.200.0-255,5738,297700,87,364620
31641,0.020992,172.31.47.0-255,66,297766,87,364620
31642,0.023305,74.125.200.0-255,5738,303504,87,364620
31643,0.023312,172.31.47.0-255,66,303570,87,364620
31644,0.023669,172.31.47.0-255,172,303742,87,364620
31645,0.023695,172.31.47.0-255,1107,304849,87,364620
31646,0.023738,172.31.47.0-255,1514,306363,87,364620
31647,0.023739,172.31.47.0-255,1297,307660,87,364620
31648,0.025249,104.244.42.0-255,66,307726,87,364620
31649,0.025277,104.244.42.0-255,66,307792,87,364620
31650,0.025296,104.244.42.0-255,66,307858,87,364620
31651,0.025637,74.125.200.0-255,5738,313596,87,364620
31652,0.025643,172.31.47.0-255,66,313662,87,364620
31653,0.027964,74.125.200.0-255,5738,319400,87,364620
31654,0.027969,172.31.47.0-255,66,319466,87,364620
31655,0.030303,74.125.200.0-255,5738,325204,87,364620
31656,0.030312,172.31.47.0-255,66,325270,87,364620
31657,0.03264,74.125.200.0-255,5738,331008,87,364620
31658,0.032646,172.31.47.0-255,66,331074,87,364620
31659,0.034969,74.125.200.0-255,5738,336812,87,364620
31660,0.034976,172.31.47.0-255,66,336878,87,364620
31661,0.037298,74.125.200.0-255,5738,342616,87,364620
31662,0.037304,172.31.47.0-255,66,342682,87,364620
31663,0.039632,74.125.200.0-255,5738,348420,87,364620
31664,0.039642,172.31.47.0-255,66,348486,87,364620
31665,0.041955,74.125.200.0-255,5738,354224,87,364620
31666,0.041961,172.31.47.0-255,66,354290,87,364620
31667,0.044281,74.125.200.0-255,5738,360028,87,364620
31668,0.044287,172.31.47.0-255,66,360094,87,364620
31669,0.046593,74.125.200.0-255,4289,364383,87,364620
31670,0.046599,172.31.47.0-255,66,364449,87,364620
31671,0.046827,172.31.47.0-255,105,364554,87,364620
31672,0.049108,74.125.200.0-255,66,364620,87,364620
31673,0.0,172.31.47.0-255,66,66,87,66
31674,0.0,74.125.24.0-255,153,153,87,378286
31675,2.3e-05,172.31.47.0-255,66,219,87,378286
31676,3e-05,74.125.24.0-255,1484,1703,87,378286
31677,3.5e-05,172.31.47.0-255,66,1769,87,378286
31678,4e-05,74.125.24.0-255,2902,4671,87,378286
31679,4.3e-05,172.31.47.0-255,66,4737,87,378286
31680,4.9e-05,74.125.24.0-255,5738,10475,87,378286
31681,5.2e-05,172.31.47.0-255,66,10541,87,378286
31682,9.5e-05,74.125.24.0-255,3483,14024,87,378286
31683,9.8e-05,172.31.47.0-255,66,14090,87,378286
31684,0.000209,74.125.24.0-255,1484,15574,87,378286
31685,0.000213,172.31.47.0-255,66,15640,87,378286
31686,0.000218,74.125.24.0-255,2902,18542,87,378286
31687,0.00022,172.31.47.0-255,66,18608,87,378286
31688,0.000228,74.125.24.0-255,5738,24346,87,378286
31689,0.00023,172.31.47.0-255,66,24412,87,378286
31690,0.000237,74.125.24.0-255,6797,31209,87,378286
31691,0.000239,172.31.47.0-255,66,31275,87,378286
31692,0.000317,74.125.24.0-255,1484,32759,87,378286
31693,0.00032,172.31.47.0-255,66,32825,87,378286
31694,0.000343,74.125.24.0-255,2902,35727,87,378286
31695,0.000345,172.31.47.0-255,66,35793,87,378286
31696,0.000352,74.125.24.0-255,5738,41531,87,378286
31697,0.000354,172.31.47.0-255,66,41597,87,378286
31698,0.00039,74.125.24.0-255,4320,45917,87,378286
31699,0.000393,172.31.47.0-255,66,45983,87,378286
31700,0.000413,74.125.24.0-255,2543,48526,87,378286
31701,0.000415,172.31.47.0-255,66,48592,87,378286
31702,0.000518,74.125.24.0-255,1484,50076,87,378286
31703,0.000523,172.31.47.0-255,66,50142,87,378286
31704,0.00054,74.125.24.0-255,2902,53044,87,378286
31705,0.000543,172.31.47.0-255,66,53110,87,378286
31706,0.000574,74.125.24.0-255,5738,58848,87,378286
31707,0.000577,172.31.47.0-255,66,58914,87,378286
31708,0.000605,74.125.24.0-255,6797,65711,87,378286
31709,0.000608,172.31.47.0-255,66,65777,87,378286
31710,0.000623,74.125.24.0-255,646,66423,87,378286
31711,0.000737,74.125.24.0-255,1484,67907,87,378286
31712,0.000741,172.31.47.0-255,66,67973,87,378286
31713,0.000746,74.125.24.0-255,2902,70875,87,378286
31714,0.000748,172.31.47.0-255,66,70941,87,378286
31715,0.000776,74.125.24.0-255,5738,76679,87,378286
31716,0.000779,172.31.47.0-255,66,76745,87,378286
31717,0.000797,74.125.24.0-255,5738,82483,87,378286
31718,0.000799,172.31.47.0-255,66,82549,87,378286
31719,0.000818,74.125.24.0-255,1125,83674,87,378286
31720,0.001185,74.125.24.0-255,1484,85158,87,378286
31721,0.00119,172.31.47.0-255,66,85224,87,378286
31722,0.001196,74.125.24.0-255,2902,88126,87,378286
31723,0.001198,172.31.47.0-255,66,88192,87,378286
31724,0.001228,74.125.24.0-255,5738,93930,87,378286
31725,0.001231,172.31.47.0-255,66,93996,87,378286
31726,0.001285,74.125.24.0-255,6797,100793,87,378286
31727,0.001288,172.31.47.0-255,66,100859,87,378286
31728,0.001362,74.125.24.0-255,1484,102343,87,378286
31729,0.001376,74.125.24.0-255,2902,105245,87,378286
31730,0.001379,172.31.47.0-255,66,105311,87,378286
31731,0.001386,74.125.24.0-255,5738,111049,87,378286
31732,0.001388,172.31.47.0-255,66,111115,87,378286
31733,0.001393,74.125.24.0-255,2902,114017,87,378286
31734,0.001395,172.31.47.0-255,66,114083,87,378286
31735,0.001407,74.125.24.0-255,2902,116985,87,378286
31736,0.001409,172.31.47.0-255,66,117051,87,378286
31737,0.001429,74.125.24.0-255,1484,118535,87,378286
31738,0.001452,74.125.24.0-255,5738,124273,87,378286
31739,0.001456,172.31.47.0-255,66,124339,87,378286
31740,0.001479,74.125.24.0-255,5738,130077,87,378286
31741,0.001488,74.125.24.0-255,1484,131561,87,378286
31742,0.001492,172.31.47.0-255,66,131627,87,378286
31743,0.001499,172.31.47.0-255,66,131693,87,378286
31744,0.001507,74.125.24.0-255,7156,138849,87,378286
31745,0.001509,172.31.47.0-255,66,138915,87,378286
31746,0.001516,74.125.24.0-255,5738,144653,87,378286
31747,0.001518,172.31.47.0-255,66,144719,87,378286
31748,0.001541,172.31.47.0-255,66,144785,87,378286
31749,0.001544,74.125.24.0-255,1484,146269,87,378286
31750,0.001567,74.125.24.0-255,2184,148453,87,378286
31751,0.001569,172.31.47.0-255,66,148519,87,378286
31752,0.00191,74.125.24.0-255,1484,150003,87,378286
31753,0.001924,74.125.24.0-255,2902,152905,87,378286
31754,0.001927,172.31.47.0-255,66,152971,87,378286
31755,0.001951,74.125.24.0-255,5738,158709,87,378286
31756,0.001953,172.31.47.0-255,66,158775,87,378286
31757,0.002009,172.31.47.0-255,66,158841,87,378286
31758,0.002019,172.31.47.0-255,66,158907,87,378286
31759,0.002037,74.125.24.0-255,2184,161091,87,378286
31760,0.002039,172.31.47.0-255,66,161157,87,378286
31761,0.004052,74.125.24.0-255,2902,164059,87,378286
31762,0.004057,172.31.47.0-255,66,164125,87,378286
31763,0.004077,74.125.24.0-255,2902,167027,87,378286
31764,0.004079,172.31.47.0-255,66,167093,87,378286
31765,0.006089,74.125.24.0-255,5738,172831,87,378286
31766,0.006094,172.31.47.0-255,66,172897,87,378286
31767,0.008134,74.125.24.0-255,5738,178635,87,378286
31768,0.00814,172.31.47.0-255,66,178701,87,378286
31769,0.010192,74.125.24.0-255,5738,184439,87,378286
31770,0.0102,172.31.47.0-255,66,184505,87,378286
31771,0.012217,74.125.24.0-255,5738,190243,87,378286
31772,0.012229,172.31.47.0-255,66,190309,87,378286
31773,0.01424,74.125.24.0-255,5738,196047,87,378286
31774,0.014249,172.31.47.0-255,66,196113,87,378286
31775,0.016276,74.125.24.0-255,5738,201851,87,378286
31776,0.016285,172.31.47.0-255,66,201917,87,378286
31777,0.018289,74.125.24.0-255,5738,207655,87,378286
31778,0.018295,172.31.47.0-255,66,207721,87,378286
31779,0.020359,74.125.24.0-255,5738,213459,87,378286
31780,0.020365,172.31.47.0-255,66,213525,87,378286
31781,0.022373,74.125.24.0-255,5738,219263,87,378286
31782,0.02238,172.31.47.0-255,66,219329,87,378286
31783,0.024401,74.125.24.0-255,5738,225067,87,378286
31784,0.024406,172.31.47.0-255,66,225133,87,378286
31785,0.025065,172.31.47.0-255,172,225305,87,378286
31786,0.025097,172.31.47.0-255,1107,226412,87,378286
31787,0.025141,172.31.47.0-255,1514,227926,87,378286
31788,0.025142,172.31.47.0-255,1297,229223,87,378286
31789,0.026418,74.125.24.0-255,5738,234961,87,378286
31790,0.026424,172.31.47.0-255,66,235027,87,378286
31791,0.026626,104.244.42.0-255,66,235093,87,378286
31792,0.026672,104.244.42.0-255,66,235159,87,378286
31793,0.026721,104.244.42.0-255,66,235225,87,378286
31794,0.028464,74.125.24.0-255,5738,240963,87,378286
31795,0.028471,172.31.47.0-255,66,241029,87,378286
31796,0.030479,74.125.24.0-255,5738,246767,87,378286
31797,0.030486,172.31.47.0-255,66,246833,87,378286
31798,0.032518,74.125.24.0-255,5738,252571,87,378286
31799,0.032523,172.31.47.0-255,66,252637,87,378286
31800,0.034555,74.125.24.0-255,5738,258375,87,378286
31801,0.034562,172.31.47.0-255,66,258441,87,378286
31802,0.036577,74.125.24.0-255,4320,262761,87,378286
31803,0.036582,172.31.47.0-255,66,262827,87,378286
31804,0.036599,74.125.24.0-255,1484,264311,87,378286
31805,0.038575,74.125.24.0-255,4320,268631,87,378286
31806,0.038579,172.31.47.0-255,66,268697,87,378286
31807,0.040584,74.125.24.0-255,1484,270181,87,378286
31808,0.040604,74.125.24.0-255,4320,274501,87,378286
31809,0.040609,172.31.47.0-255,66,274567,87,378286
31810,0.042632,74.125.24.0-255,5738,280305,87,378286
31811,0.042637,172.31.47.0-255,66,280371,87,378286
31812,0.044682,74.125.24.0-255,5738,286109,87,378286
31813,0.044694,172.31.47.0-255,66,286175,87,378286
31814,0.04673,74.125.24.0-255,5738,291913,87,378286
31815,0.046735,172.31.47.0-255,66,291979,87,378286
31816,0.048764,74.125.24.0-255,5738,297717,87,378286
31817,0.048769,172.31.47.0-255,66,297783,87,378286
31818,0.050789,74.125.24.0-255,5738,303521,87,378286
31819,0.050795,172.31.47.0-255,66,303587,87,378286
31820,0.052837,74.125.24.0-255,5738,309325,87,378286
31821,0.052843,172.31.47.0-255,66,309391,87,378286
31822,0.054875,74.125.24.0-255,5738,315129,87,378286
31823,0.05488,172.31.47.0-255,66,315195,87,378286
31824,0.056882,74.125.24.0-255,5738,320933,87,378286
31825,0.056887,172.31.47.0-255,66,320999,87,378286
31826,0.058959,74.125.24.0-255,5738,326737,87,378286
31827,0.058964,172.31.47.0-255,66,326803,87,378286
31828,0.061005,74.125.24.0-255,5738,332541,87,378286
31829,0.061012,172.31.47.0-255,66,332607,87,378286
31830,0.063029,74.125.24.0-255,5738,338345,87,378286
31831,0.063035,172.31.47.0-255,66,338411,87,378286
31832,0.065062,74.125.24.0-255,5738,344149,87,378286
31833,0.06507,172.31.47.0-255,66,344215,87,378286
31834,0.06713,74.125.24.0-255,5738,349953,87,378286
31835,0.067136,172.31.47.0-255,66,350019,87,378286
31836,0.069158,74.125.24.0-255,5738,355757,87,378286
31837,0.069164,172.31.47.0-255,66,355823,87,378286
31838,0.071197,74.125.24.0-255,5738,361561,87,378286
31839,0.071204,172.31.47.0-255,66,361627,87,378286
31840,0.073225,74.125.24.0-255,5738,367365,87,378286
31841,0.07323,172.31.47.0-255,66,367431,87,378286
31842,0.075243,74.125.24.0-255,5738,373169,87,378286
31843,0.075249,172.31.47.0-255,66,373235,87,378286
31844,0.077279,74.125.24.0-255,4814,378049,87,378286
31845,0.077285,172.31.47.0-255,66,378115,87,378286
31846,0.077434,172.31.47.0-255,105,378220,87,378286
31847,0.079423,74.125.24.0-255,66,378286,87,378286
31848,0.0,74.125.24.0-255,431,431,87,161645
31849,2.7e-05,74.125.24.0-255,1484,1915,87,161645
31850,3.7e-05,172.31.47.0-255,66,1981,87,161645
31851,4.7e-05,74.125.24.0-255,4320,6301,87,161645
31852,5.1e-05,172.31.47.0-255,66,6367,87,161645
31853,5.5e-05,74.125.24.0-255,2902,9269,87,161645
31854,5.8e-05,172.31.47.0-255,66,9335,87,161645
31855,0.00015,74.125.24.0-255,4999,14334,87,161645
31856,0.000154,172.31.47.0-255,66,14400,87,161645
31857,0.000368,74.125.24.0-255,5738,20138,87,161645
31858,0.000376,172.31.47.0-255,66,20204,87,161645
31859,0.00059,74.125.24.0-255,2902,23106,87,161645
31860,0.000595,172.31.47.0-255,66,23172,87,161645
31861,0.000719,74.125.24.0-255,4320,27492,87,161645
31862,0.000724,172.31.47.0-255,66,27558,87,161645
31863,0.000743,74.125.24.0-255,2682,30240,87,161645
31864,0.000746,172.31.47.0-255,66,30306,87,161645
31865,0.002589,74.125.24.0-255,5738,36044,87,161645
31866,0.002596,172.31.47.0-255,66,36110,87,161645
31867,0.002681,74.125.24.0-255,2902,39012,87,161645
31868,0.002703,74.125.24.0-255,5738,44750,87,161645
31869,0.003028,74.125.24.0-255,4320,49070,87,161645
31870,0.003629,74.125.24.0-255,2902,51972,87,161645
31871,0.003643,74.125.24.0-255,4320,56292,87,161645
31872,0.003665,74.125.24.0-255,7156,63448,87,161645
31873,0.004255,74.125.24.0-255,5738,69186,87,161645
31874,0.004613,172.31.47.0-255,66,69252,87,161645
31875,0.004803,74.125.24.0-255,4320,73572,87,161645
31876,0.00481,172.31.47.0-255,66,73638,87,161645
31877,0.004815,74.125.24.0-255,1484,75122,87,161645
31878,0.004974,172.31.47.0-255,66,75188,87,161645
31879,0.005143,172.31.47.0-255,66,75254,87,161645
31880,0.007237,172.31.47.0-255,66,75320,87,161645
31881,0.007259,74.125.24.0-255,2902,78222,87,161645
31882,0.007345,74.125.24.0-255,7156,85378,87,161645
31883,0.007371,74.125.24.0-255,7156,92534,87,161645
31884,0.007701,74.125.24.0-255,2902,95436,87,161645
31885,0.008056,74.125.24.0-255,2902,98338,87,161645
31886,0.008322,74.125.24.0-255,5738,104076,87,161645
31887,0.008518,74.125.24.0-255,5738,109814,87,161645
31888,0.009939,172.31.47.0-255,66,109880,87,161645
31889,0.012525,74.125.24.0-255,7156,117036,87,161645
31890,0.012532,172.31.47.0-255,66,117102,87,161645
31891,0.012581,172.31.47.0-255,66,117168,87,161645
31892,0.01267,74.125.24.0-255,4320,121488,87,161645
31893,0.012673,172.31.47.0-255,66,121554,87,161645
31894,0.012721,172.31.47.0-255,66,121620,87,161645
31895,0.012753,172.31.47.0-255,66,121686,87,161645
31896,0.013123,74.125.24.0-255,4320,126006,87,161645
31897,0.013129,172.31.47.0-255,66,126072,87,161645
31898,0.01314,74.125.24.0-255,7156,133228,87,161645
31899,0.013142,172.31.47.0-255,66,133294,87,161645
31900,0.013163,74.125.24.0-255,6180,139474,87,161645
31901,0.013166,172.31.47.0-255,66,139540,87,161645
31902,0.015075,172.31.47.0-255,66,139606,87,161645
31903,0.015114,172.31.47.0-255,66,139672,87,161645
31904,0.015141,74.125.24.0-255,1484,141156,87,161645
31905,0.015185,74.125.24.0-255,4320,145476,87,161645
31906,0.015188,172.31.47.0-255,66,145542,87,161645
31907,0.015204,74.125.24.0-255,2432,147974,87,161645
31908,0.015206,172.31.47.0-255,66,148040,87,161645
31909,0.015212,74.125.24.0-255,4320,152360,87,161645
31910,0.015214,172.31.47.0-255,66,152426,87,161645
31911,0.015257,172.31.47.0-255,66,152492,87,161645
31912,0.015286,172.31.47.0-255,66,152558,87,161645
31913,0.015663,74.125.24.0-255,4320,156878,87,161645
31914,0.015667,172.31.47.0-255,66,156944,87,161645
31915,0.015699,172.31.47.0-255,66,157010,87,161645
31916,0.015896,172.31.47.0-255,105,157115,87,161645
31917,0.018368,74.125.24.0-255,66,157181,87,161645
31918,0.03133,172.31.47.0-255,172,157353,87,161645
31919,0.03136,172.31.47.0-255,1111,158464,87,161645
31920,0.031391,172.31.47.0-255,1514,159978,87,161645
31921,0.031393,172.31.47.0-255,1295,161273,87,161645
31922,0.032903,104.244.42.0-255,66,161339,87,161645
31923,0.032913,104.244.42.0-255,66,161405,87,161645
31924,0.032944,104.244.42.0-255,66,161471,87,161645
31925,0.034525,104.244.42.0-255,108,161579,87,161645
31926,0.034548,172.31.47.0-255,66,161645,87,161645
31927,0.0,74.125.68.0-255,143,143,87,367151
31928,2.7e-05,172.31.47.0-255,66,209,87,367151
31929,3.3e-05,74.125.68.0-255,1484,1693,87,367151
31930,3.7e-05,172.31.47.0-255,66,1759,87,367151
31931,4.1e-05,74.125.68.0-255,2902,4661,87,367151
31932,4.4e-05,172.31.47.0-255,66,4727,87,367151
31933,7.5e-05,74.125.68.0-255,7156,11883,87,367151
31934,7.8e-05,172.31.47.0-255,66,11949,87,367151
31935,8.2e-05,74.125.68.0-255,2083,14032,87,367151
31936,8.4e-05,172.31.47.0-255,66,14098,87,367151
31937,8.8e-05,74.125.68.0-255,2902,17000,87,367151
31938,9e-05,172.31.47.0-255,66,17066,87,367151
31939,0.000112,74.125.68.0-255,7156,24222,87,367151
31940,0.000116,172.31.47.0-255,66,24288,87,367151
31941,0.000122,74.125.68.0-255,4320,28608,87,367151
31942,0.000124,172.31.47.0-255,66,28674,87,367151
31943,0.000169,74.125.68.0-255,2543,31217,87,367151
31944,0.000172,172.31.47.0-255,66,31283,87,367151
31945,0.000277,74.125.68.0-255,1484,32767,87,367151
31946,0.000281,172.31.47.0-255,66,32833,87,367151
31947,0.000297,74.125.68.0-255,2902,35735,87,367151
31948,0.000301,172.31.47.0-255,66,35801,87,367151
31949,0.000326,74.125.68.0-255,4320,40121,87,367151
31950,0.00033,172.31.47.0-255,66,40187,87,367151
31951,0.000353,74.125.68.0-255,5738,45925,87,367151
31952,0.000357,172.31.47.0-255,66,45991,87,367151
31953,0.000376,74.125.68.0-255,2543,48534,87,367151
31954,0.000379,172.31.47.0-255,66,48600,87,367151
31955,0.000397,74.125.68.0-255,1484,50084,87,367151
31956,0.000401,172.31.47.0-255,66,50150,87,367151
31957,0.00042,74.125.68.0-255,1484,51634,87,367151
31958,0.000423,172.31.47.0-255,66,51700,87,367151
31959,0.000425,74.125.68.0-255,1484,53184,87,367151
31960,0.000442,74.125.68.0-255,2902,56086,87,367151
31961,0.000446,172.31.47.0-255,66,56152,87,367151
31962,0.000452,74.125.68.0-255,5738,61890,87,367151
31963,0.000454,172.31.47.0-255,66,61956,87,367151
31964,0.00048,74.125.68.0-255,4236,66192,87,367151
31965,0.000483,172.31.47.0-255,66,66258,87,367151
31966,0.000501,74.125.68.0-255,382,66640,87,367151
31967,0.000599,74.125.68.0-255,1484,68124,87,367151
31968,0.000603,172.31.47.0-255,66,68190,87,367151
31969,0.000617,74.125.68.0-255,2902,71092,87,367151
31970,0.00062,172.31.47.0-255,66,71158,87,367151
31971,0.00065,74.125.68.0-255,4320,75478,87,367151
31972,0.000653,172.31.47.0-255,66,75544,87,367151
31973,0.000666,74.125.68.0-255,1484,77028,87,367151
31974,0.000678,74.125.68.0-255,2902,79930,87,367151
31975,0.000681,172.31.47.0-255,66,79996,87,367151
31976,0.000703,74.125.68.0-255,4320,84316,87,367151
31977,0.000706,172.31.47.0-255,66,84382,87,367151
31978,0.000717,172.31.47.0-255,66,84448,87,367151
31979,0.00073,74.125.68.0-255,1484,85932,87,367151
31980,0.000736,74.125.68.0-255,6438,92370,87,367151
31981,0.000739,172.31.47.0-255,66,92436,87,367151
31982,0.00078,74.125.68.0-255,1484,93920,87,367151
31983,0.000813,74.125.68.0-255,2902,96822,87,367151
31984,0.000816,172.31.47.0-255,66,96888,87,367151
31985,0.000835,74.125.68.0-255,2902,99790,87,367151
31986,0.000838,172.31.47.0-255,66,99856,87,367151
31987,0.000842,74.125.68.0-255,2902,102758,87,367151
31988,0.000845,172.31.47.0-255,66,102824,87,367151
31989,0.00086,74.125.68.0-255,1484,104308,87,367151
31990,0.000876,74.125.68.0-255,2902,107210,87,367151
31991,0.00088,172.31.47.0-255,66,107276,87,367151
31992,0.00089,74.125.68.0-255,4320,111596,87,367151
31993,0.000893,172.31.47.0-255,66,111662,87,367151
31994,0.000919,74.125.68.0-255,4320,115982,87,367151
31995,0.000922,172.31.47.0-255,66,116048,87,367151
31996,0.00094,74.125.68.0-255,4320,120368,87,367151
31997,0.000943,172.31.47.0-255,66,120434,87,367151
31998,0.000948,74.125.68.0-255,4320,124754,87,367151
31999,0.00095,172.31.47.0-255,66,124820,87,367151
32000,0.000972,74.125.68.0-255,2184,127004,87,367151
32001,0.000975,172.31.47.0-255,66,127070,87,367151
32002,0.001055,74.125.68.0-255,1484,128554,87,367151
32003,0.00109,74.125.68.0-255,1484,130038,87,367151
32004,0.001093,172.31.47.0-255,66,130104,87,367151
32005,0.001098,74.125.68.0-255,2902,133006,87,367151
32006,0.0011,172.31.47.0-255,66,133072,87,367151
32007,0.001112,74.125.68.0-255,1484,134556,87,367151
32008,0.001132,74.125.68.0-255,4320,138876,87,367151
32009,0.001135,172.31.47.0-255,66,138942,87,367151
32010,0.001139,74.125.68.0-255,2902,141844,87,367151
32011,0.001141,172.31.47.0-255,66,141910,87,367151
32012,0.001146,74.125.68.0-255,4320,146230,87,367151
32013,0.001148,172.31.47.0-255,66,146296,87,367151
32014,0.001183,172.31.47.0-255,66,146362,87,367151
32015,0.001189,74.125.68.0-255,6438,152800,87,367151
32016,0.001191,172.31.47.0-255,66,152866,87,367151
32017,0.001323,74.125.68.0-255,1484,154350,87,367151
32018,0.001327,74.125.68.0-255,2902,157252,87,367151
32019,0.00133,172.31.47.0-255,66,157318,87,367151
32020,0.001387,74.125.68.0-255,5738,163056,87,367151
32021,0.001391,172.31.47.0-255,66,163122,87,367151
32022,0.001395,74.125.68.0-255,1484,164606,87,367151
32023,0.001399,74.125.68.0-255,2902,167508,87,367151
32024,0.001402,172.31.47.0-255,66,167574,87,367151
32025,0.001408,74.125.68.0-255,5738,173312,87,367151
32026,0.001411,172.31.47.0-255,66,173378,87,367151
32027,0.001433,74.125.68.0-255,1484,174862,87,367151
32028,0.001454,172.31.47.0-255,66,174928,87,367151
32029,0.001487,74.125.68.0-255,3602,178530,87,367151
32030,0.00149,172.31.47.0-255,66,178596,87,367151
32031,0.001628,74.125.68.0-255,1484,180080,87,367151
32032,0.001633,74.125.68.0-255,2902,182982,87,367151
32033,0.001636,172.31.47.0-255,66,183048,87,367151
32034,0.001652,74.125.68.0-255,1484,184532,87,367151
32035,0.001664,74.125.68.0-255,2902,187434,87,367151
32036,0.001667,172.31.47.0-255,66,187500,87,367151
32037,0.001673,74.125.68.0-255,4320,191820,87,367151
32038,0.001676,172.31.47.0-255,66,191886,87,367151
32039,0.001689,74.125.68.0-255,4320,196206,87,367151
32040,0.001692,172.31.47.0-255,66,196272,87,367151
32041,0.001699,74.125.68.0-255,5738,202010,87,367151
32042,0.001701,172.31.47.0-255,66,202076,87,367151
32043,0.001707,74.125.68.0-255,5738,207814,87,367151
32044,0.001716,172.31.47.0-255,66,207880,87,367151
32045,0.001728,74.125.68.0-255,1484,209364,87,367151
32046,0.00174,74.125.68.0-255,2902,212266,87,367151
32047,0.001744,172.31.47.0-255,66,212332,87,367151
32048,0.001752,74.125.68.0-255,3602,215934,87,367151
32049,0.001755,172.31.47.0-255,66,216000,87,367151
32050,0.00176,74.125.68.0-255,4320,220320,87,367151
32051,0.001762,172.31.47.0-255,66,220386,87,367151
32052,0.001785,74.125.68.0-255,2902,223288,87,367151
32053,0.001788,74.125.68.0-255,1484,224772,87,367151
32054,0.001794,172.31.47.0-255,66,224838,87,367151
32055,0.00182,172.31.47.0-255,66,224904,87,367151
32056,0.001873,172.31.47.0-255,66,224970,87,367151
32057,0.001893,74.125.68.0-255,4320,229290,87,367151
32058,0.001896,172.31.47.0-255,66,229356,87,367151
32059,0.001907,74.125.68.0-255,1484,230840,87,367151
32060,0.001914,74.125.68.0-255,5738,236578,87,367151
32061,0.001917,172.31.47.0-255,66,236644,87,367151
32062,0.001935,74.125.68.0-255,1484,238128,87,367151
32063,0.001941,74.125.68.0-255,4320,242448,87,367151
32064,0.001943,172.31.47.0-255,66,242514,87,367151
32065,0.001973,172.31.47.0-255,66,242580,87,367151
32066,0.001976,74.125.68.0-255,1484,244064,87,367151
32067,0.00391,74.125.68.0-255,4320,248384,87,367151
32068,0.003917,172.31.47.0-255,66,248450,87,367151
32069,0.005847,74.125.68.0-255,2902,251352,87,367151
32070,0.00585,172.31.47.0-255,66,251418,87,367151
32071,0.005866,74.125.68.0-255,2902,254320,87,367151
32072,0.005868,172.31.47.0-255,66,254386,87,367151
32073,0.007772,74.125.68.0-255,2902,257288,87,367151
32074,0.007776,172.31.47.0-255,66,257354,87,367151
32075,0.007799,74.125.68.0-255,2902,260256,87,367151
32076,0.007802,172.31.47.0-255,66,260322,87,367151
32077,0.009712,74.125.68.0-255,2902,263224,87,367151
32078,0.009719,172.31.47.0-255,66,263290,87,367151
32079,0.009739,74.125.68.0-255,2902,266192,87,367151
32080,0.009742,172.31.47.0-255,66,266258,87,367151
32081,0.01167,74.125.68.0-255,2902,269160,87,367151
32082,0.011676,172.31.47.0-255,66,269226,87,367151
32083,0.011695,74.125.68.0-255,2902,272128,87,367151
32084,0.011698,172.31.47.0-255,66,272194,87,367151
32085,0.013611,74.125.68.0-255,2902,275096,87,367151
32086,0.013617,172.31.47.0-255,66,275162,87,367151
32087,0.013637,74.125.68.0-255,2902,278064,87,367151
32088,0.01364,172.31.47.0-255,66,278130,87,367151
32089,0.015563,74.125.68.0-255,5738,283868,87,367151
32090,0.015572,172.31.47.0-255,66,283934,87,367151
32091,0.01751,74.125.68.0-255,5738,289672,87,367151
32092,0.017517,172.31.47.0-255,66,289738,87,367151
32093,0.01945,74.125.68.0-255,4320,294058,87,367151
32094,0.019457,172.31.47.0-255,66,294124,87,367151
32095,0.019478,74.125.68.0-255,1484,295608,87,367151
32096,0.021394,74.125.68.0-255,4320,299928,87,367151
32097,0.021399,172.31.47.0-255,66,299994,87,367151
32098,0.023383,74.125.68.0-255,5738,305732,87,367151
32099,0.023391,172.31.47.0-255,66,305798,87,367151
32100,0.025328,74.125.68.0-255,5738,311536,87,367151
32101,0.025336,172.31.47.0-255,66,311602,87,367151
32102,0.027262,74.125.68.0-255,5738,317340,87,367151
32103,0.027269,172.31.47.0-255,66,317406,87,367151
32104,0.029201,74.125.68.0-255,5738,323144,87,367151
32105,0.029207,172.31.47.0-255,66,323210,87,367151
32106,0.029575,172.31.47.0-255,172,323382,87,367151
32107,0.029603,172.31.47.0-255,1112,324494,87,367151
32108,0.029632,172.31.47.0-255,1514,326008,87,367151
32109,0.029634,172.31.47.0-255,1292,327300,87,367151
32110,0.031141,104.244.42.0-255,66,327366,87,367151
32111,0.031147,104.244.42.0-255,66,327432,87,367151
32112,0.03115,74.125.68.0-255,5738,333170,87,367151
32113,0.031154,172.31.47.0-255,66,333236,87,367151
32114,0.031186,104.244.42.0-255,66,333302,87,367151
32115,0.033083,74.125.68.0-255,5738,339040,87,367151
32116,0.033089,172.31.47.0-255,66,339106,87,367151
32117,0.035029,74.125.68.0-255,2902,342008,87,367151
32118,0.035033,172.31.47.0-255,66,342074,87,367151
32119,0.035058,74.125.68.0-255,2902,344976,87,367151
32120,0.035061,172.31.47.0-255,66,345042,87,367151
32121,0.036963,74.125.68.0-255,2902,347944,87,367151
32122,0.036968,172.31.47.0-255,66,348010,87,367151
32123,0.037001,74.125.68.0-255,2902,350912,87,367151
32124,0.037005,172.31.47.0-255,66,350978,87,367151
32125,0.038905,74.125.68.0-255,2902,353880,87,367151
32126,0.038909,172.31.47.0-255,66,353946,87,367151
32127,0.038933,74.125.68.0-255,2902,356848,87,367151
32128,0.038936,172.31.47.0-255,66,356914,87,367151
32129,0.040849,74.125.68.0-255,4320,361234,87,367151
32130,0.040853,172.31.47.0-255,66,361300,87,367151
32131,0.040878,74.125.68.0-255,1484,362784,87,367151
32132,0.042787,74.125.68.0-255,4130,366914,87,367151
32133,0.042791,172.31.47.0-255,66,366980,87,367151
32134,0.042962,172.31.47.0-255,105,367085,87,367151
32135,0.04487,74.125.68.0-255,66,367151,87,367151
32136,0.0,172.217.194.0-255,297,297,87,195755
32137,5.2e-05,172.31.47.0-255,66,363,87,195755
32138,5.8e-05,172.217.194.0-255,1484,1847,87,195755
32139,6.3e-05,172.31.47.0-255,66,1913,87,195755
32140,6.9e-05,172.217.194.0-255,4320,6233,87,195755
32141,8e-05,172.31.47.0-255,66,6299,87,195755
32142,9.1e-05,172.31.47.0-255,66,6365,87,195755
32143,0.000104,172.217.194.0-255,2902,9267,87,195755
32144,0.000105,172.31.47.0-255,66,9333,87,195755
32145,0.000108,172.31.47.0-255,66,9399,87,195755
32146,0.000136,172.217.194.0-255,1125,10524,87,195755
32147,0.000139,172.31.47.0-255,66,10590,87,195755
32148,0.000149,172.217.194.0-255,4320,14910,87,195755
32149,0.000152,172.31.47.0-255,66,14976,87,195755
32150,0.000159,172.217.194.0-255,5738,20714,87,195755
32151,0.000161,172.31.47.0-255,66,20780,87,195755
32152,0.000196,172.217.194.0-255,4320,25100,87,195755
32153,0.000199,172.31.47.0-255,66,25166,87,195755
32154,0.000217,172.31.47.0-255,66,25232,87,195755
32155,0.000227,172.31.47.0-255,66,25298,87,195755
32156,0.00023,172.217.194.0-255,1484,26782,87,195755
32157,0.000231,172.31.47.0-255,66,26848,87,195755
32158,0.000236,172.217.194.0-255,2902,29750,87,195755
32159,0.000238,172.31.47.0-255,66,29816,87,195755
32160,0.000244,172.217.194.0-255,4320,34136,87,195755
32161,0.000246,172.31.47.0-255,66,34202,87,195755
32162,0.00027,172.217.194.0-255,1484,35686,87,195755
32163,0.000272,172.31.47.0-255,66,35752,87,195755
32164,0.000283,172.217.194.0-255,7156,42908,87,195755
32165,0.000286,172.31.47.0-255,66,42974,87,195755
32166,0.000325,172.31.47.0-255,66,43040,87,195755
32167,0.000355,172.217.194.0-255,2902,45942,87,195755
32168,0.000358,172.31.47.0-255,66,46008,87,195755
32169,0.000362,172.217.194.0-255,2482,48490,87,195755
32170,0.000365,172.31.47.0-255,66,48556,87,195755
32171,0.000667,172.217.194.0-255,1484,50040,87,195755
32172,0.000674,172.217.194.0-255,2902,52942,87,195755
32173,0.000678,172.31.47.0-255,66,53008,87,195755
32174,0.000684,172.217.194.0-255,5738,58746,87,195755
32175,0.000687,172.31.47.0-255,66,58812,87,195755
32176,0.000728,172.217.194.0-255,4320,63132,87,195755
32177,0.000728,172.31.47.0-255,66,63198,87,195755
32178,0.000732,172.31.47.0-255,66,63264,87,195755
32179,0.00076,172.217.194.0-255,5738,69002,87,195755
32180,0.000768,172.31.47.0-255,66,69068,87,195755
32181,0.000771,172.217.194.0-255,766,69834,87,195755
32182,0.001104,172.217.194.0-255,1484,71318,87,195755
32183,0.001109,172.31.47.0-255,66,71384,87,195755
32184,0.001114,172.217.194.0-255,2902,74286,87,195755
32185,0.001116,172.31.47.0-255,66,74352,87,195755
32186,0.001119,172.217.194.0-255,1484,75836,87,195755
32187,0.001139,172.217.194.0-255,4320,80156,87,195755
32188,0.001142,172.31.47.0-255,66,80222,87,195755
32189,0.001158,172.31.47.0-255,66,80288,87,195755
32190,0.00119,172.217.194.0-255,4320,84608,87,195755
32191,0.001194,172.31.47.0-255,66,84674,87,195755
32192,0.001201,172.217.194.0-255,7156,91830,87,195755
32193,0.001204,172.31.47.0-255,66,91896,87,195755
32194,0.001229,172.217.194.0-255,3602,95498,87,195755
32195,0.001232,172.31.47.0-255,66,95564,87,195755
32196,0.001321,172.217.194.0-255,1484,97048,87,195755
32197,0.001336,172.217.194.0-255,2902,99950,87,195755
32198,0.001339,172.31.47.0-255,66,100016,87,195755
32199,0.001346,172.217.194.0-255,5738,105754,87,195755
32200,0.001348,172.31.47.0-255,66,105820,87,195755
32201,0.001351,172.217.194.0-255,1484,107304,87,195755
32202,0.001384,172.217.194.0-255,1484,108788,87,195755
32203,0.001386,172.31.47.0-255,66,108854,87,195755
32204,0.001419,172.31.47.0-255,66,108920,87,195755
32205,0.001608,172.217.194.0-255,1484,110404,87,195755
32206,0.001612,172.217.194.0-255,1484,111888,87,195755
32207,0.001615,172.31.47.0-255,66,111954,87,195755
32208,0.00164,172.217.194.0-255,1484,113438,87,195755
32209,0.001646,172.217.194.0-255,5738,119176,87,195755
32210,0.001648,172.31.47.0-255,66,119242,87,195755
32211,0.001652,172.217.194.0-255,1484,120726,87,195755
32212,0.001673,172.217.194.0-255,2902,123628,87,195755
32213,0.001676,172.31.47.0-255,66,123694,87,195755
32214,0.001681,172.217.194.0-255,2902,126596,87,195755
32215,0.001685,172.31.47.0-255,66,126662,87,195755
32216,0.001715,172.31.47.0-255,66,126728,87,195755
32217,0.00172,172.217.194.0-255,2902,129630,87,195755
32218,0.001722,172.31.47.0-255,66,129696,87,195755
32219,0.001743,172.217.194.0-255,5020,134716,87,195755
32220,0.00175,172.31.47.0-255,66,134782,87,195755
32221,0.001813,172.217.194.0-255,1484,136266,87,195755
32222,0.001818,172.217.194.0-255,2902,139168,87,195755
32223,0.001821,172.31.47.0-255,66,139234,87,195755
32224,0.001825,172.217.194.0-255,1484,140718,87,195755
32225,0.001848,172.217.194.0-255,4320,145038,87,195755
32226,0.001851,172.31.47.0-255,66,145104,87,195755
32227,0.001893,172.31.47.0-255,66,145170,87,195755
32228,0.00192,172.217.194.0-255,2902,148072,87,195755
32229,0.001923,172.31.47.0-255,66,148138,87,195755
32230,0.00193,172.217.194.0-255,7156,155294,87,195755
32231,0.001933,172.31.47.0-255,66,155360,87,195755
32232,0.001959,172.217.194.0-255,1484,156844,87,195755
32233,0.001966,172.217.194.0-255,7156,164000,87,195755
32234,0.001969,172.31.47.0-255,66,164066,87,195755
32235,0.002048,172.31.47.0-255,66,164132,87,195755
32236,0.002068,172.217.194.0-255,6438,170570,87,195755
32237,0.002071,172.31.47.0-255,66,170636,87,195755
32238,0.002084,172.31.47.0-255,66,170702,87,195755
32239,0.002118,172.217.194.0-255,7156,177858,87,195755
32240,0.002122,172.31.47.0-255,66,177924,87,195755
32241,0.002147,172.31.47.0-255,66,177990,87,195755
32242,0.002166,172.217.194.0-255,4320,182310,87,195755
32243,0.002168,172.31.47.0-255,66,182376,87,195755
32244,0.002179,172.31.47.0-255,66,182442,87,195755
32245,0.002221,172.31.47.0-255,66,182508,87,195755
32246,0.002239,172.31.47.0-255,66,182574,87,195755
32247,0.002249,172.31.47.0-255,66,182640,87,195755
32248,0.002289,172.217.194.0-255,2184,184824,87,195755
32249,0.002292,172.31.47.0-255,66,184890,87,195755
32250,0.002323,172.31.47.0-255,66,184956,87,195755
32251,0.00233,172.217.194.0-255,6103,191059,87,195755
32252,0.002333,172.31.47.0-255,66,191125,87,195755
32253,0.002336,172.217.194.0-255,105,191230,87,195755
32254,0.003226,172.31.47.0-255,66,191296,87,195755
32255,0.003249,172.31.47.0-255,105,191401,87,195755
32256,0.005504,172.217.194.0-255,66,191467,87,195755
32257,0.027132,172.31.47.0-255,172,191639,87,195755
32258,0.027164,172.31.47.0-255,1112,192751,87,195755
32259,0.027201,172.31.47.0-255,1514,194265,87,195755
32260,0.027221,172.31.47.0-255,1292,195557,87,195755
32261,0.028669,104.244.42.0-255,66,195623,87,195755
32262,0.028805,104.244.42.0-255,66,195689,87,195755
32263,0.028855,104.244.42.0-255,66,195755,87,195755
32264,0.0,74.125.68.0-255,154,154,87,386598
32265,1.8e-05,172.31.47.0-255,66,220,87,386598
32266,2.4e-05,74.125.68.0-255,1484,1704,87,386598
32267,2.8e-05,172.31.47.0-255,66,1770,87,386598
32268,4.5e-05,74.125.68.0-255,2902,4672,87,386598
32269,4.7e-05,172.31.47.0-255,66,4738,87,386598
32270,6.5e-05,74.125.68.0-255,1484,6222,87,386598
32271,6.7e-05,172.31.47.0-255,66,6288,87,386598
32272,7.1e-05,74.125.68.0-255,1484,7772,87,386598
32273,7.2e-05,172.31.47.0-255,66,7838,87,386598
32274,9.2e-05,74.125.68.0-255,1484,9322,87,386598
32275,9.5e-05,172.31.47.0-255,66,9388,87,386598
32276,9.8e-05,74.125.68.0-255,1484,10872,87,386598
32277,9.9e-05,172.31.47.0-255,66,10938,87,386598
32278,0.000117,74.125.68.0-255,5008,15946,87,386598
32279,0.000119,172.31.47.0-255,66,16012,87,386598
32280,0.000123,74.125.68.0-255,2902,18914,87,386598
32281,0.000125,172.31.47.0-255,66,18980,87,386598
32282,0.000153,74.125.68.0-255,4320,23300,87,386598
32283,0.000155,172.31.47.0-255,66,23366,87,386598
32284,0.000176,74.125.68.0-255,7156,30522,87,386598
32285,0.000179,172.31.47.0-255,66,30588,87,386598
32286,0.000181,74.125.68.0-255,1125,31713,87,386598
32287,0.000183,172.31.47.0-255,66,31779,87,386598
32288,0.000585,74.125.68.0-255,1484,33263,87,386598
32289,0.00059,172.31.47.0-255,66,33329,87,386598
32290,0.000596,74.125.68.0-255,2902,36231,87,386598
32291,0.000598,172.31.47.0-255,66,36297,87,386598
32292,0.000601,74.125.68.0-255,1484,37781,87,386598
32293,0.000602,172.31.47.0-255,66,37847,87,386598
32294,0.000625,74.125.68.0-255,4320,42167,87,386598
32295,0.000627,172.31.47.0-255,66,42233,87,386598
32296,0.000632,74.125.68.0-255,2902,45135,87,386598
32297,0.000634,172.31.47.0-255,66,45201,87,386598
32298,0.000639,74.125.68.0-255,3961,49162,87,386598
32299,0.000642,172.31.47.0-255,66,49228,87,386598
32300,0.000888,74.125.68.0-255,1484,50712,87,386598
32301,0.000897,74.125.68.0-255,2902,53614,87,386598
32302,0.000901,172.31.47.0-255,66,53680,87,386598
32303,0.000907,74.125.68.0-255,2902,56582,87,386598
32304,0.000909,172.31.47.0-255,66,56648,87,386598
32305,0.000925,74.125.68.0-255,2902,59550,87,386598
32306,0.000927,172.31.47.0-255,66,59616,87,386598
32307,0.000931,74.125.68.0-255,2902,62518,87,386598
32308,0.000934,172.31.47.0-255,66,62584,87,386598
32309,0.000993,74.125.68.0-255,3961,66545,87,386598
32310,0.000996,172.31.47.0-255,66,66611,87,386598
32311,0.001052,74.125.68.0-255,1484,68095,87,386598
32312,0.001069,74.125.68.0-255,2902,70997,87,386598
32313,0.001073,172.31.47.0-255,66,71063,87,386598
32314,0.001077,74.125.68.0-255,2902,73965,87,386598
32315,0.001079,172.31.47.0-255,66,74031,87,386598
32316,0.001082,74.125.68.0-255,1484,75515,87,386598
32317,0.001097,74.125.68.0-255,2902,78417,87,386598
32318,0.001099,172.31.47.0-255,66,78483,87,386598
32319,0.001124,74.125.68.0-255,1484,79967,87,386598
32320,0.001145,172.31.47.0-255,66,80033,87,386598
32321,0.001149,74.125.68.0-255,2902,82935,87,386598
32322,0.001151,172.31.47.0-255,66,83001,87,386598
32323,0.001168,74.125.68.0-255,7156,90157,87,386598
32324,0.001171,172.31.47.0-255,66,90223,87,386598
32325,0.001175,74.125.68.0-255,2902,93125,87,386598
32326,0.001177,172.31.47.0-255,66,93191,87,386598
32327,0.001196,74.125.68.0-255,286,93477,87,386598
32328,0.002078,74.125.68.0-255,1484,94961,87,386598
32329,0.002084,172.31.47.0-255,66,95027,87,386598
32330,0.00209,74.125.68.0-255,2902,97929,87,386598
32331,0.002093,172.31.47.0-255,66,97995,87,386598
32332,0.00212,74.125.68.0-255,5738,103733,87,386598
32333,0.002122,172.31.47.0-255,66,103799,87,386598
32334,0.002138,74.125.68.0-255,7156,110955,87,386598
32335,0.00214,172.31.47.0-255,66,111021,87,386598
32336,0.002167,74.125.68.0-255,1484,112505,87,386598
32337,0.00218,74.125.68.0-255,5738,118243,87,386598
32338,0.002183,172.31.47.0-255,66,118309,87,386598
32339,0.002195,74.125.68.0-255,5738,124047,87,386598
32340,0.002197,172.31.47.0-255,66,124113,87,386598
32341,0.002221,74.125.68.0-255,3602,127715,87,386598
32342,0.002223,172.31.47.0-255,66,127781,87,386598
32343,0.002255,74.125.68.0-255,2902,130683,87,386598
32344,0.002257,172.31.47.0-255,66,130749,87,386598
32345,0.002276,74.125.68.0-255,1484,132233,87,386598
32346,0.00228,74.125.68.0-255,2902,135135,87,386598
32347,0.002282,172.31.47.0-255,66,135201,87,386598
32348,0.002287,74.125.68.0-255,4320,139521,87,386598
32349,0.002289,172.31.47.0-255,66,139587,87,386598
32350,0.002312,172.31.47.0-255,66,139653,87,386598
32351,0.002316,74.125.68.0-255,4320,143973,87,386598
32352,0.002317,172.31.47.0-255,66,144039,87,386598
32353,0.002343,74.125.68.0-255,5738,149777,87,386598
32354,0.002345,172.31.47.0-255,66,149843,87,386598
32355,0.002386,172.31.47.0-255,66,149909,87,386598
32356,0.002416,74.125.68.0-255,5738,155647,87,386598
32357,0.002418,172.31.47.0-255,66,155713,87,386598
32358,0.00243,74.125.68.0-255,2902,158615,87,386598
32359,0.002432,172.31.47.0-255,66,158681,87,386598
32360,0.002435,74.125.68.0-255,1484,160165,87,386598
32361,0.002462,172.31.47.0-255,66,160231,87,386598
32362,0.002465,74.125.68.0-255,2902,163133,87,386598
32363,0.002467,172.31.47.0-255,66,163199,87,386598
32364,0.002486,74.125.68.0-255,7156,170355,87,386598
32365,0.002488,172.31.47.0-255,66,170421,87,386598
32366,0.002497,74.125.68.0-255,766,171187,87,386598
32367,0.004366,172.31.47.0-255,66,171253,87,386598
32368,0.004975,74.125.68.0-255,4320,175573,87,386598
32369,0.004981,172.31.47.0-255,66,175639,87,386598
32370,0.006857,74.125.68.0-255,1484,177123,87,386598
32371,0.007469,74.125.68.0-255,4320,181443,87,386598
32372,0.007474,172.31.47.0-255,66,181509,87,386598
32373,0.010059,74.125.68.0-255,5738,187247,87,386598
32374,0.010066,172.31.47.0-255,66,187313,87,386598
32375,0.012598,74.125.68.0-255,5738,193051,87,386598
32376,0.012605,172.31.47.0-255,66,193117,87,386598
32377,0.015116,74.125.68.0-255,5738,198855,87,386598
32378,0.015128,172.31.47.0-255,66,198921,87,386598
32379,0.017628,74.125.68.0-255,5738,204659,87,386598
32380,0.017635,172.31.47.0-255,66,204725,87,386598
32381,0.020146,74.125.68.0-255,5738,210463,87,386598
32382,0.020154,172.31.47.0-255,66,210529,87,386598
32383,0.022695,74.125.68.0-255,5738,216267,87,386598
32384,0.022703,172.31.47.0-255,66,216333,87,386598
32385,0.024779,172.31.47.0-255,167,216500,87,386598
32386,0.024812,172.31.47.0-255,1111,217611,87,386598
32387,0.024886,172.31.47.0-255,1514,219125,87,386598
32388,0.024888,172.31.47.0-255,329,219454,87,386598
32389,0.025207,74.125.68.0-255,4320,223774,87,386598
32390,0.025213,172.31.47.0-255,66,223840,87,386598
32391,0.02523,74.125.68.0-255,1484,225324,87,386598
32392,0.026341,104.244.42.0-255,66,225390,87,386598
32393,0.026383,104.244.42.0-255,66,225456,87,386598
32394,0.026425,104.244.42.0-255,66,225522,87,386598
32395,0.027716,74.125.68.0-255,4320,229842,87,386598
32396,0.027721,172.31.47.0-255,66,229908,87,386598
32397,0.030239,74.125.68.0-255,5738,235646,87,386598
32398,0.030245,172.31.47.0-255,66,235712,87,386598
32399,0.032747,74.125.68.0-255,5738,241450,87,386598
32400,0.032752,172.31.47.0-255,66,241516,87,386598
32401,0.03525,74.125.68.0-255,5738,247254,87,386598
32402,0.035257,172.31.47.0-255,66,247320,87,386598
32403,0.03776,74.125.68.0-255,5738,253058,87,386598
32404,0.037765,172.31.47.0-255,66,253124,87,386598
32405,0.040265,74.125.68.0-255,5738,258862,87,386598
32406,0.04027,172.31.47.0-255,66,258928,87,386598
32407,0.042785,74.125.68.0-255,5738,264666,87,386598
32408,0.04279,172.31.47.0-255,66,264732,87,386598
32409,0.045296,74.125.68.0-255,5738,270470,87,386598
32410,0.045303,172.31.47.0-255,66,270536,87,386598
32411,0.047811,74.125.68.0-255,5738,276274,87,386598
32412,0.047818,172.31.47.0-255,66,276340,87,386598
32413,0.050334,74.125.68.0-255,5738,282078,87,386598
32414,0.050339,172.31.47.0-255,66,282144,87,386598
32415,0.052849,74.125.68.0-255,5738,287882,87,386598
32416,0.052855,172.31.47.0-255,66,287948,87,386598
32417,0.055359,74.125.68.0-255,5738,293686,87,386598
32418,0.055365,172.31.47.0-255,66,293752,87,386598
32419,0.057874,74.125.68.0-255,5738,299490,87,386598
32420,0.057879,172.31.47.0-255,66,299556,87,386598
32421,0.060387,74.125.68.0-255,5738,305294,87,386598
32422,0.060393,172.31.47.0-255,66,305360,87,386598
32423,0.062897,74.125.68.0-255,5738,311098,87,386598
32424,0.062902,172.31.47.0-255,66,311164,87,386598
32425,0.065411,74.125.68.0-255,5738,316902,87,386598
32426,0.065419,172.31.47.0-255,66,316968,87,386598
32427,0.067931,74.125.68.0-255,5738,322706,87,386598
32428,0.067936,172.31.47.0-255,66,322772,87,386598
32429,0.07044,74.125.68.0-255,5738,328510,87,386598
32430,0.070446,172.31.47.0-255,66,328576,87,386598
32431,0.072954,74.125.68.0-255,5738,334314,87,386598
32432,0.072961,172.31.47.0-255,66,334380,87,386598
32433,0.075475,74.125.68.0-255,5738,340118,87,386598
32434,0.075482,172.31.47.0-255,66,340184,87,386598
32435,0.077989,74.125.68.0-255,5738,345922,87,386598
32436,0.077995,172.31.47.0-255,66,345988,87,386598
32437,0.080499,74.125.68.0-255,5738,351726,87,386598
32438,0.080505,172.31.47.0-255,66,351792,87,386598
32439,0.083011,74.125.68.0-255,5738,357530,87,386598
32440,0.083016,172.31.47.0-255,66,357596,87,386598
32441,0.085529,74.125.68.0-255,5738,363334,87,386598
32442,0.085535,172.31.47.0-255,66,363400,87,386598
32443,0.088042,74.125.68.0-255,5738,369138,87,386598
32444,0.088047,172.31.47.0-255,66,369204,87,386598
32445,0.090562,74.125.68.0-255,5738,374942,87,386598
32446,0.090567,172.31.47.0-255,66,375008,87,386598
32447,0.093069,74.125.68.0-255,5738,380746,87,386598
32448,0.093073,172.31.47.0-255,66,380812,87,386598
32449,0.095576,74.125.68.0-255,5549,386361,87,386598
32450,0.095583,172.31.47.0-255,66,386427,87,386598
32451,0.09576,172.31.47.0-255,105,386532,87,386598
32452,0.098225,74.125.68.0-255,66,386598,87,386598
32453,0.0,172.31.47.0-255,66,66,87,66
32454,0.0,172.217.194.0-255,160,160,87,132637
32455,2.2e-05,172.31.47.0-255,66,226,87,132637
32456,2.8e-05,172.217.194.0-255,1484,1710,87,132637
32457,3.2e-05,172.31.47.0-255,66,1776,87,132637
32458,5.7e-05,172.217.194.0-255,1484,3260,87,132637
32459,6e-05,172.31.47.0-255,66,3326,87,132637
32460,7.2e-05,172.217.194.0-255,4320,7646,87,132637
32461,7.5e-05,172.31.47.0-255,66,7712,87,132637
32462,7.7e-05,172.217.194.0-255,1484,9196,87,132637
32463,7.9e-05,172.31.47.0-255,66,9262,87,132637
32464,0.000123,172.31.47.0-255,66,9328,87,132637
32465,0.000129,172.217.194.0-255,5738,15066,87,132637
32466,0.00013,172.31.47.0-255,66,15132,87,132637
32467,0.00017,172.217.194.0-255,6797,21929,87,132637
32468,0.000173,172.31.47.0-255,66,21995,87,132637
32469,0.000204,172.217.194.0-255,4320,26315,87,132637
32470,0.000208,172.31.47.0-255,66,26381,87,132637
32471,0.000216,172.217.194.0-255,2902,29283,87,132637
32472,0.000219,172.31.47.0-255,66,29349,87,132637
32473,0.000235,172.31.47.0-255,66,29415,87,132637
32474,0.000264,172.217.194.0-255,5738,35153,87,132637
32475,0.000267,172.31.47.0-255,66,35219,87,132637
32476,0.000301,172.31.47.0-255,66,35285,87,132637
32477,0.000304,172.217.194.0-255,369,35654,87,132637
32478,0.000305,172.31.47.0-255,66,35720,87,132637
32479,0.000776,172.217.194.0-255,1484,37204,87,132637
32480,0.000781,172.31.47.0-255,66,37270,87,132637
32481,0.000785,172.217.194.0-255,2902,40172,87,132637
32482,0.000787,172.31.47.0-255,66,40238,87,132637
32483,0.00079,172.217.194.0-255,1484,41722,87,132637
32484,0.000811,172.217.194.0-255,4320,46042,87,132637
32485,0.000814,172.31.47.0-255,66,46108,87,132637
32486,0.00082,172.217.194.0-255,7156,53264,87,132637
32487,0.000822,172.31.47.0-255,66,53330,87,132637
32488,0.000844,172.217.194.0-255,2543,55873,87,132637
32489,0.000853,172.31.47.0-255,66,55939,87,132637
32490,0.000873,172.217.194.0-255,7156,63095,87,132637
32491,0.000875,172.31.47.0-255,66,63161,87,132637
32492,0.000905,172.217.194.0-255,6797,69958,87,132637
32493,0.000909,172.31.47.0-255,66,70024,87,132637
32494,0.000931,172.217.194.0-255,2902,72926,87,132637
32495,0.000933,172.31.47.0-255,66,72992,87,132637
32496,0.000938,172.217.194.0-255,4320,77312,87,132637
32497,0.00094,172.31.47.0-255,66,77378,87,132637
32498,0.000948,172.31.47.0-255,66,77444,87,132637
32499,0.001022,172.217.194.0-255,1484,78928,87,132637
32500,0.001027,172.31.47.0-255,66,78994,87,132637
32501,0.001034,172.31.47.0-255,66,79060,87,132637
32502,0.001054,172.31.47.0-255,66,79126,87,132637
32503,0.001101,172.31.47.0-255,66,79192,87,132637
32504,0.001137,172.31.47.0-255,66,79258,87,132637
32505,0.00124,172.217.194.0-255,1484,80742,87,132637
32506,0.001246,172.217.194.0-255,2902,83644,87,132637
32507,0.001248,172.31.47.0-255,66,83710,87,132637
32508,0.001255,172.217.194.0-255,5738,89448,87,132637
32509,0.001257,172.31.47.0-255,66,89514,87,132637
32510,0.001305,172.31.47.0-255,66,89580,87,132637
32511,0.00132,172.31.47.0-255,66,89646,87,132637
32512,0.001356,172.31.47.0-255,66,89712,87,132637
32513,0.001398,172.31.47.0-255,66,89778,87,132637
32514,0.001407,172.31.47.0-255,66,89844,87,132637
32515,0.00148,172.217.194.0-255,1484,91328,87,132637
32516,0.001486,172.217.194.0-255,2902,94230,87,132637
32517,0.001488,172.31.47.0-255,66,94296,87,132637
32518,0.001491,172.217.194.0-255,1484,95780,87,132637
32519,0.001514,172.217.194.0-255,4320,100100,87,132637
32520,0.001517,172.31.47.0-255,66,100166,87,132637
32521,0.001523,172.217.194.0-255,5738,105904,87,132637
32522,0.001525,172.31.47.0-255,66,105970,87,132637
32523,0.001557,172.217.194.0-255,7156,113126,87,132637
32524,0.001564,172.31.47.0-255,66,113192,87,132637
32525,0.001575,172.31.47.0-255,66,113258,87,132637
32526,0.00163,172.217.194.0-255,1484,114742,87,132637
32527,0.001648,172.217.194.0-255,2902,117644,87,132637
32528,0.001652,172.31.47.0-255,66,117710,87,132637
32529,0.001658,172.217.194.0-255,5738,123448,87,132637
32530,0.00166,172.31.47.0-255,66,123514,87,132637
32531,0.001704,172.31.47.0-255,66,123580,87,132637
32532,0.001739,172.31.47.0-255,66,123646,87,132637
32533,0.001775,172.31.47.0-255,66,123712,87,132637
32534,0.001808,172.31.47.0-255,66,123778,87,132637
32535,0.001846,172.31.47.0-255,66,123844,87,132637
32536,0.00187,172.31.47.0-255,66,123910,87,132637
32537,0.00188,172.31.47.0-255,66,123976,87,132637
32538,0.001902,172.217.194.0-255,3966,127942,87,132637
32539,0.00191,172.31.47.0-255,66,128008,87,132637
32540,0.001914,172.217.194.0-255,105,128113,87,132637
32541,0.003888,172.31.47.0-255,66,128179,87,132637
32542,0.003929,172.31.47.0-255,105,128284,87,132637
32543,0.006214,172.217.194.0-255,66,128350,87,132637
32544,0.026785,172.31.47.0-255,171,128521,87,132637
32545,0.026833,172.31.47.0-255,1135,129656,87,132637
32546,0.0269,172.31.47.0-255,1514,131170,87,132637
32547,0.026902,172.31.47.0-255,1269,132439,87,132637
32548,0.028318,104.244.42.0-255,66,132505,87,132637
32549,0.028335,104.244.42.0-255,66,132571,87,132637
32550,0.028411,104.244.42.0-255,66,132637,87,132637
32551,0.0,172.31.47.0-255,105,105,87,276
32552,0.001769,157.240.13.0-255,105,210,87,276
32553,0.001781,172.31.47.0-255,66,276,87,276
32554,0.0,74.125.24.0-255,153,153,87,331471
32555,3.7e-05,172.31.47.0-255,66,219,87,331471
32556,4.4e-05,74.125.24.0-255,1484,1703,87,331471
32557,4.7e-05,172.31.47.0-255,66,1769,87,331471
32558,5.1e-05,74.125.24.0-255,2902,4671,87,331471
32559,5.3e-05,172.31.47.0-255,66,4737,87,331471
32560,6.6e-05,74.125.24.0-255,7156,11893,87,331471
32561,6.9e-05,172.31.47.0-255,66,11959,87,331471
32562,7.3e-05,74.125.24.0-255,2255,14214,87,331471
32563,7.5e-05,172.31.47.0-255,66,14280,87,331471
32564,0.000119,74.125.24.0-255,1484,15764,87,331471
32565,0.000122,172.31.47.0-255,66,15830,87,331471
32566,0.000127,74.125.24.0-255,2902,18732,87,331471
32567,0.000129,172.31.47.0-255,66,18798,87,331471
32568,0.000141,74.125.24.0-255,5738,24536,87,331471
32569,0.000143,172.31.47.0-255,66,24602,87,331471
32570,0.000172,74.125.24.0-255,6797,31399,87,331471
32571,0.000174,172.31.47.0-255,66,31465,87,331471
32572,0.000346,74.125.24.0-255,1484,32949,87,331471
32573,0.000351,172.31.47.0-255,66,33015,87,331471
32574,0.000355,74.125.24.0-255,2902,35917,87,331471
32575,0.000357,172.31.47.0-255,66,35983,87,331471
32576,0.000359,74.125.24.0-255,1484,37467,87,331471
32577,0.000362,172.31.47.0-255,66,37533,87,331471
32578,0.000388,74.125.24.0-255,1484,39017,87,331471
32579,0.000391,172.31.47.0-255,66,39083,87,331471
32580,0.000396,74.125.24.0-255,4320,43403,87,331471
32581,0.000398,172.31.47.0-255,66,43469,87,331471
32582,0.000409,172.31.47.0-255,66,43535,87,331471
32583,0.000454,172.31.47.0-255,66,43601,87,331471
32584,0.000457,74.125.24.0-255,364,43965,87,331471
32585,0.000498,74.125.24.0-255,130,44095,87,331471
32586,0.000657,74.125.24.0-255,1484,45579,87,331471
32587,0.000661,172.31.47.0-255,66,45645,87,331471
32588,0.000686,74.125.24.0-255,2902,48547,87,331471
32589,0.000691,74.125.24.0-255,5738,54285,87,331471
32590,0.000691,172.31.47.0-255,66,54351,87,331471
32591,0.000694,172.31.47.0-255,66,54417,87,331471
32592,0.000748,74.125.24.0-255,6797,61214,87,331471
32593,0.000752,172.31.47.0-255,66,61280,87,331471
32594,0.000758,74.125.24.0-255,7156,68436,87,331471
32595,0.00076,172.31.47.0-255,66,68502,87,331471
32596,0.000798,172.31.47.0-255,66,68568,87,331471
32597,0.001049,74.125.24.0-255,1484,70052,87,331471
32598,0.001057,74.125.24.0-255,2902,72954,87,331471
32599,0.00106,172.31.47.0-255,66,73020,87,331471
32600,0.001064,74.125.24.0-255,2902,75922,87,331471
32601,0.001066,172.31.47.0-255,66,75988,87,331471
32602,0.001089,74.125.24.0-255,2902,78890,87,331471
32603,0.001091,172.31.47.0-255,66,78956,87,331471
32604,0.001101,74.125.24.0-255,5738,84694,87,331471
32605,0.001103,172.31.47.0-255,66,84760,87,331471
32606,0.001109,74.125.24.0-255,7156,91916,87,331471
32607,0.00111,172.31.47.0-255,66,91982,87,331471
32608,0.001153,172.31.47.0-255,66,92048,87,331471
32609,0.001156,74.125.24.0-255,766,92814,87,331471
32610,0.001159,74.125.24.0-255,1484,94298,87,331471
32611,0.00116,172.31.47.0-255,66,94364,87,331471
32612,0.001164,74.125.24.0-255,2902,97266,87,331471
32613,0.001165,172.31.47.0-255,66,97332,87,331471
32614,0.00118,74.125.24.0-255,1484,98816,87,331471
32615,0.001186,74.125.24.0-255,5738,104554,87,331471
32616,0.001188,172.31.47.0-255,66,104620,87,331471
32617,0.0012,74.125.24.0-255,7156,111776,87,331471
32618,0.001202,172.31.47.0-255,66,111842,87,331471
32619,0.001247,172.31.47.0-255,66,111908,87,331471
32620,0.00125,74.125.24.0-255,766,112674,87,331471
32621,0.001275,74.125.24.0-255,348,113022,87,331471
32622,0.00149,74.125.24.0-255,1484,114506,87,331471
32623,0.001494,172.31.47.0-255,66,114572,87,331471
32624,0.001499,74.125.24.0-255,1484,116056,87,331471
32625,0.001521,74.125.24.0-255,1484,117540,87,331471
32626,0.001523,172.31.47.0-255,66,117606,87,331471
32627,0.00153,74.125.24.0-255,5738,123344,87,331471
32628,0.001531,172.31.47.0-255,66,123410,87,331471
32629,0.001548,172.31.47.0-255,66,123476,87,331471
32630,0.001554,74.125.24.0-255,5738,129214,87,331471
32631,0.001557,172.31.47.0-255,66,129280,87,331471
32632,0.00159,74.125.24.0-255,4320,133600,87,331471
32633,0.001593,172.31.47.0-255,66,133666,87,331471
32634,0.001602,74.125.24.0-255,766,134432,87,331471
32635,0.001994,74.125.24.0-255,1484,135916,87,331471
32636,0.001998,172.31.47.0-255,66,135982,87,331471
32637,0.002003,74.125.24.0-255,2902,138884,87,331471
32638,0.002005,172.31.47.0-255,66,138950,87,331471
32639,0.002027,74.125.24.0-255,5738,144688,87,331471
32640,0.002028,172.31.47.0-255,66,144754,87,331471
32641,0.002061,172.31.47.0-255,66,144820,87,331471
32642,0.002064,74.125.24.0-255,1484,146304,87,331471
32643,0.002066,74.125.24.0-255,1484,147788,87,331471
32644,0.002068,172.31.47.0-255,66,147854,87,331471
32645,0.004033,74.125.24.0-255,2902,150756,87,331471
32646,0.004042,172.31.47.0-255,66,150822,87,331471
32647,0.004069,74.125.24.0-255,2902,153724,87,331471
32648,0.004071,172.31.47.0-255,66,153790,87,331471
32649,0.006018,74.125.24.0-255,2902,156692,87,331471
32650,0.006023,172.31.47.0-255,66,156758,87,331471
32651,0.006052,74.125.24.0-255,2902,159660,87,331471
32652,0.006054,172.31.47.0-255,66,159726,87,331471
32653,0.008027,74.125.24.0-255,5738,165464,87,331471
32654,0.008034,172.31.47.0-255,66,165530,87,331471
32655,0.010044,74.125.24.0-255,5738,171268,87,331471
32656,0.010051,172.31.47.0-255,66,171334,87,331471
32657,0.012041,74.125.24.0-255,5738,177072,87,331471
32658,0.012047,172.31.47.0-255,66,177138,87,331471
32659,0.014039,74.125.24.0-255,5738,182876,87,331471
32660,0.014046,172.31.47.0-255,66,182942,87,331471
32661,0.016048,74.125.24.0-255,5738,188680,87,331471
32662,0.016056,172.31.47.0-255,66,188746,87,331471
32663,0.018068,74.125.24.0-255,5738,194484,87,331471
32664,0.018078,172.31.47.0-255,66,194550,87,331471
32665,0.020103,74.125.24.0-255,5738,200288,87,331471
32666,0.020111,172.31.47.0-255,66,200354,87,331471
32667,0.021115,172.31.47.0-255,167,200521,87,331471
32668,0.021146,172.31.47.0-255,1107,201628,87,331471
32669,0.021204,172.31.47.0-255,1514,203142,87,331471
32670,0.021206,172.31.47.0-255,1297,204439,87,331471
32671,0.02211,74.125.24.0-255,5738,210177,87,331471
32672,0.022116,172.31.47.0-255,66,210243,87,331471
32673,0.022652,104.244.42.0-255,66,210309,87,331471
32674,0.022694,104.244.42.0-255,66,210375,87,331471
32675,0.022756,104.244.42.0-255,66,210441,87,331471
32676,0.024117,74.125.24.0-255,5738,216179,87,331471
32677,0.024123,172.31.47.0-255,66,216245,87,331471
32678,0.026122,74.125.24.0-255,5738,221983,87,331471
32679,0.026129,172.31.47.0-255,66,222049,87,331471
32680,0.028125,74.125.24.0-255,5738,227787,87,331471
32681,0.02813,172.31.47.0-255,66,227853,87,331471
32682,0.030144,74.125.24.0-255,5738,233591,87,331471
32683,0.03015,172.31.47.0-255,66,233657,87,331471
32684,0.032142,74.125.24.0-255,5738,239395,87,331471
32685,0.032149,172.31.47.0-255,66,239461,87,331471
32686,0.034175,74.125.24.0-255,5738,245199,87,331471
32687,0.034184,172.31.47.0-255,66,245265,87,331471
32688,0.036206,74.125.24.0-255,5738,251003,87,331471
32689,0.036214,172.31.47.0-255,66,251069,87,331471
32690,0.038235,74.125.24.0-255,5738,256807,87,331471
32691,0.038243,172.31.47.0-255,66,256873,87,331471
32692,0.040269,74.125.24.0-255,5738,262611,87,331471
32693,0.040274,172.31.47.0-255,66,262677,87,331471
32694,0.042279,74.125.24.0-255,5738,268415,87,331471
32695,0.042289,172.31.47.0-255,66,268481,87,331471
32696,0.044307,74.125.24.0-255,5738,274219,87,331471
32697,0.044316,172.31.47.0-255,66,274285,87,331471
32698,0.04635,74.125.24.0-255,5738,280023,87,331471
32699,0.046365,172.31.47.0-255,66,280089,87,331471
32700,0.048379,74.125.24.0-255,5738,285827,87,331471
32701,0.048391,172.31.47.0-255,66,285893,87,331471
32702,0.050397,74.125.24.0-255,5738,291631,87,331471
32703,0.050403,172.31.47.0-255,66,291697,87,331471
32704,0.052404,74.125.24.0-255,5738,297435,87,331471
32705,0.052412,172.31.47.0-255,66,297501,87,331471
32706,0.054413,74.125.24.0-255,5738,303239,87,331471
32707,0.054419,172.31.47.0-255,66,303305,87,331471
32708,0.056422,74.125.24.0-255,5738,309043,87,331471
32709,0.056428,172.31.47.0-255,66,309109,87,331471
32710,0.058421,74.125.24.0-255,5738,314847,87,331471
32711,0.058427,172.31.47.0-255,66,314913,87,331471
32712,0.06043,74.125.24.0-255,5738,320651,87,331471
32713,0.060436,172.31.47.0-255,66,320717,87,331471
32714,0.062472,74.125.24.0-255,5738,326455,87,331471
32715,0.062477,172.31.47.0-255,66,326521,87,331471
32716,0.064481,74.125.24.0-255,4713,331234,87,331471
32717,0.064487,172.31.47.0-255,66,331300,87,331471
32718,0.064652,172.31.47.0-255,105,331405,87,331471
32719,0.066617,74.125.24.0-255,66,331471,87,331471
32720,0.0,74.125.130.0-255,162,162,87,266316
32721,2.1e-05,172.31.47.0-255,66,228,87,266316
32722,2.8e-05,74.125.130.0-255,1484,1712,87,266316
32723,3.2e-05,172.31.47.0-255,66,1778,87,266316
32724,3.6e-05,74.125.130.0-255,2902,4680,87,266316
32725,4.1e-05,172.31.47.0-255,66,4746,87,266316
32726,7.5e-05,74.125.130.0-255,5738,10484,87,266316
32727,7.8e-05,172.31.47.0-255,66,10550,87,266316
32728,9.8e-05,74.125.130.0-255,1484,12034,87,266316
32729,0.000101,172.31.47.0-255,66,12100,87,266316
32730,0.000105,74.125.130.0-255,1977,14077,87,266316
32731,0.000106,172.31.47.0-255,66,14143,87,266316
32732,0.000109,74.125.130.0-255,1484,15627,87,266316
32733,0.000111,172.31.47.0-255,66,15693,87,266316
32734,0.000114,74.125.130.0-255,2902,18595,87,266316
32735,0.000117,172.31.47.0-255,66,18661,87,266316
32736,0.000121,74.125.130.0-255,2902,21563,87,266316
32737,0.000123,172.31.47.0-255,66,21629,87,266316
32738,0.000146,74.125.130.0-255,2902,24531,87,266316
32739,0.00015,172.31.47.0-255,66,24597,87,266316
32740,0.000157,74.125.130.0-255,6797,31394,87,266316
32741,0.000159,172.31.47.0-255,66,31460,87,266316
32742,0.000258,74.125.130.0-255,1484,32944,87,266316
32743,0.000262,172.31.47.0-255,66,33010,87,266316
32744,0.000266,74.125.130.0-255,1484,34494,87,266316
32745,0.000268,172.31.47.0-255,66,34560,87,266316
32746,0.00028,74.125.130.0-255,1484,36044,87,266316
32747,0.000283,172.31.47.0-255,66,36110,87,266316
32748,0.000289,74.125.130.0-255,5738,41848,87,266316
32749,0.000291,172.31.47.0-255,66,41914,87,266316
32750,0.000309,74.125.130.0-255,5738,47652,87,266316
32751,0.000312,172.31.47.0-255,66,47718,87,266316
32752,0.00033,74.125.130.0-255,2543,50261,87,266316
32753,0.000332,172.31.47.0-255,66,50327,87,266316
32754,0.000341,172.31.47.0-255,66,50393,87,266316
32755,0.000357,74.125.130.0-255,4320,54713,87,266316
32756,0.00036,172.31.47.0-255,66,54779,87,266316
32757,0.00038,74.125.130.0-255,2834,57613,87,266316
32758,0.000382,172.31.47.0-255,66,57679,87,266316
32759,0.000385,74.125.130.0-255,366,58045,87,266316
32760,0.000488,74.125.130.0-255,1484,59529,87,266316
32761,0.000492,172.31.47.0-255,66,59595,87,266316
32762,0.000497,74.125.130.0-255,2902,62497,87,266316
32763,0.000499,172.31.47.0-255,66,62563,87,266316
32764,0.000501,74.125.130.0-255,1484,64047,87,266316
32765,0.000514,74.125.130.0-255,2902,66949,87,266316
32766,0.000517,172.31.47.0-255,66,67015,87,266316
32767,0.000541,172.31.47.0-255,66,67081,87,266316
32768,0.000558,74.125.130.0-255,1125,68206,87,266316
32769,0.000561,74.125.130.0-255,1484,69690,87,266316
32770,0.000562,172.31.47.0-255,66,69756,87,266316
32771,0.000592,172.31.47.0-255,66,69822,87,266316
32772,0.000888,74.125.130.0-255,1484,71306,87,266316
32773,0.000893,74.125.130.0-255,2902,74208,87,266316
32774,0.000896,172.31.47.0-255,66,74274,87,266316
32775,0.000916,74.125.130.0-255,4320,78594,87,266316
32776,0.000919,172.31.47.0-255,66,78660,87,266316
32777,0.000924,74.125.130.0-255,5738,84398,87,266316
32778,0.000925,172.31.47.0-255,66,84464,87,266316
32779,0.00096,172.31.47.0-255,66,84530,87,266316
32780,0.000966,74.125.130.0-255,5738,90268,87,266316
32781,0.000968,172.31.47.0-255,66,90334,87,266316
32782,0.000979,74.125.130.0-255,2184,92518,87,266316
32783,0.000982,172.31.47.0-255,66,92584,87,266316
32784,0.001176,74.125.130.0-255,1484,94068,87,266316
32785,0.001192,74.125.130.0-255,2902,96970,87,266316
32786,0.001195,172.31.47.0-255,66,97036,87,266316
32787,0.001201,74.125.130.0-255,5738,102774,87,266316
32788,0.001202,172.31.47.0-255,66,102840,87,266316
32789,0.001216,74.125.130.0-255,5738,108578,87,266316
32790,0.001218,172.31.47.0-255,66,108644,87,266316
32791,0.001223,74.125.130.0-255,4320,112964,87,266316
32792,0.001224,172.31.47.0-255,66,113030,87,266316
32793,0.001243,74.125.130.0-255,2902,115932,87,266316
32794,0.001245,172.31.47.0-255,66,115998,87,266316
32795,0.001262,74.125.130.0-255,2902,118900,87,266316
32796,0.001264,172.31.47.0-255,66,118966,87,266316
32797,0.001284,172.31.47.0-255,66,119032,87,266316
32798,0.00144,74.125.130.0-255,1484,120516,87,266316
32799,0.001455,74.125.130.0-255,2902,123418,87,266316
32800,0.001458,172.31.47.0-255,66,123484,87,266316
32801,0.001463,74.125.130.0-255,4320,127804,87,266316
32802,0.001465,74.125.130.0-255,1484,129288,87,266316
32803,0.001467,172.31.47.0-255,66,129354,87,266316
32804,0.001478,74.125.130.0-255,4320,133674,87,266316
32805,0.00148,172.31.47.0-255,66,133740,87,266316
32806,0.001483,74.125.130.0-255,1484,135224,87,266316
32807,0.001506,172.31.47.0-255,66,135290,87,266316
32808,0.001559,172.31.47.0-255,66,135356,87,266316
32809,0.001675,74.125.130.0-255,1484,136840,87,266316
32810,0.00169,74.125.130.0-255,2902,139742,87,266316
32811,0.001693,172.31.47.0-255,66,139808,87,266316
32812,0.001698,74.125.130.0-255,5738,145546,87,266316
32813,0.0017,172.31.47.0-255,66,145612,87,266316
32814,0.001713,74.125.130.0-255,4320,149932,87,266316
32815,0.001715,172.31.47.0-255,66,149998,87,266316
32816,0.00174,74.125.130.0-255,2902,152900,87,266316
32817,0.001742,172.31.47.0-255,66,152966,87,266316
32818,0.001752,172.31.47.0-255,66,153032,87,266316
32819,0.001764,74.125.130.0-255,2902,155934,87,266316
32820,0.001766,172.31.47.0-255,66,156000,87,266316
32821,0.001788,74.125.130.0-255,5020,161020,87,266316
32822,0.001791,172.31.47.0-255,66,161086,87,266316
32823,0.001932,74.125.130.0-255,1484,162570,87,266316
32824,0.001937,74.125.130.0-255,2902,165472,87,266316
32825,0.00194,172.31.47.0-255,66,165538,87,266316
32826,0.00196,74.125.130.0-255,5738,171276,87,266316
32827,0.001962,172.31.47.0-255,66,171342,87,266316
32828,0.001968,74.125.130.0-255,5738,177080,87,266316
32829,0.001969,172.31.47.0-255,66,177146,87,266316
32830,0.001973,74.125.130.0-255,2902,180048,87,266316
32831,0.001975,172.31.47.0-255,66,180114,87,266316
32832,0.001994,74.125.130.0-255,4320,184434,87,266316
32833,0.001997,172.31.47.0-255,66,184500,87,266316
32834,0.002035,172.31.47.0-255,66,184566,87,266316
32835,0.002052,74.125.130.0-255,766,185332,87,266316
32836,0.002061,172.31.47.0-255,66,185398,87,266316
32837,0.002088,74.125.130.0-255,4320,189718,87,266316
32838,0.002092,172.31.47.0-255,66,189784,87,266316
32839,0.002121,172.31.47.0-255,66,189850,87,266316
32840,0.002126,74.125.130.0-255,4320,194170,87,266316
32841,0.002127,172.31.47.0-255,66,194236,87,266316
32842,0.00214,74.125.130.0-255,5738,199974,87,266316
32843,0.002142,172.31.47.0-255,66,200040,87,266316
32844,0.002166,74.125.130.0-255,7156,207196,87,266316
32845,0.002168,172.31.47.0-255,66,207262,87,266316
32846,0.002181,74.125.130.0-255,4320,211582,87,266316
32847,0.002183,172.31.47.0-255,66,211648,87,266316
32848,0.002193,172.31.47.0-255,66,211714,87,266316
32849,0.002202,74.125.130.0-255,2902,214616,87,266316
32850,0.002204,172.31.47.0-255,66,214682,87,266316
32851,0.00222,74.125.130.0-255,7156,221838,87,266316
32852,0.002222,172.31.47.0-255,66,221904,87,266316
32853,0.002239,74.125.130.0-255,5020,226924,87,266316
32854,0.002241,172.31.47.0-255,66,226990,87,266316
32855,0.002253,172.31.47.0-255,66,227056,87,266316
32856,0.002285,172.31.47.0-255,66,227122,87,266316
32857,0.002317,74.125.130.0-255,5738,232860,87,266316
32858,0.002319,172.31.47.0-255,66,232926,87,266316
32859,0.002332,74.125.130.0-255,2902,235828,87,266316
32860,0.002334,74.125.130.0-255,1484,237312,87,266316
32861,0.002339,172.31.47.0-255,66,237378,87,266316
32862,0.004596,74.125.130.0-255,1484,238862,87,266316
32863,0.004603,172.31.47.0-255,66,238928,87,266316
32864,0.004619,74.125.130.0-255,2902,241830,87,266316
32865,0.004623,172.31.47.0-255,66,241896,87,266316
32866,0.006869,74.125.130.0-255,4320,246216,87,266316
32867,0.006875,172.31.47.0-255,66,246282,87,266316
32868,0.006899,74.125.130.0-255,1484,247766,87,266316
32869,0.009154,74.125.130.0-255,4320,252086,87,266316
32870,0.00916,172.31.47.0-255,66,252152,87,266316
32871,0.011429,74.125.130.0-255,5738,257890,87,266316
32872,0.011435,172.31.47.0-255,66,257956,87,266316
32873,0.013686,74.125.130.0-255,3833,261789,87,266316
32874,0.013693,172.31.47.0-255,66,261855,87,266316
32875,0.013875,172.31.47.0-255,105,261960,87,266316
32876,0.016099,74.125.130.0-255,66,262026,87,266316
32877,0.026761,172.31.47.0-255,172,262198,87,266316
32878,0.026787,172.31.47.0-255,1113,263311,87,266316
32879,0.026822,172.31.47.0-255,1514,264825,87,266316
32880,0.026824,172.31.47.0-255,1293,266118,87,266316
32881,0.028247,104.244.42.0-255,66,266184,87,266316
32882,0.028273,104.244.42.0-255,66,266250,87,266316
32883,0.028313,104.244.42.0-255,66,266316,87,266316
32884,0.0,74.125.200.0-255,153,153,87,378541
32885,2.5e-05,172.31.47.0-255,66,219,87,378541
32886,3.1e-05,74.125.200.0-255,1484,1703,87,378541
32887,3.5e-05,172.31.47.0-255,66,1769,87,378541
32888,3.9e-05,74.125.200.0-255,2902,4671,87,378541
32889,4.1e-05,172.31.47.0-255,66,4737,87,378541
32890,5.8e-05,74.125.200.0-255,7156,11893,87,378541
32891,5.9e-05,172.31.47.0-255,66,11959,87,378541
32892,7.9e-05,74.125.200.0-255,1484,13443,87,378541
32893,8.1e-05,172.31.47.0-255,66,13509,87,378541
32894,9.8e-05,74.125.200.0-255,6392,19901,87,378541
32895,0.000101,172.31.47.0-255,66,19967,87,378541
32896,0.000134,172.31.47.0-255,66,20033,87,378541
32897,0.000218,74.125.200.0-255,1484,21517,87,378541
32898,0.000221,172.31.47.0-255,66,21583,87,378541
32899,0.000226,74.125.200.0-255,2902,24485,87,378541
32900,0.000229,172.31.47.0-255,66,24551,87,378541
32901,0.000249,74.125.200.0-255,5738,30289,87,378541
32902,0.000252,172.31.47.0-255,66,30355,87,378541
32903,0.000256,74.125.200.0-255,4320,34675,87,378541
32904,0.000258,172.31.47.0-255,66,34741,87,378541
32905,0.000312,74.125.200.0-255,5738,40479,87,378541
32906,0.000318,172.31.47.0-255,66,40545,87,378541
32907,0.000327,74.125.200.0-255,6797,47342,87,378541
32908,0.00033,172.31.47.0-255,66,47408,87,378541
32909,0.000334,74.125.200.0-255,4320,51728,87,378541
32910,0.000336,172.31.47.0-255,66,51794,87,378541
32911,0.000371,74.125.200.0-255,2855,54649,87,378541
32912,0.000374,172.31.47.0-255,66,54715,87,378541
32913,0.000437,74.125.200.0-255,110,54825,87,378541
32914,0.00044,172.31.47.0-255,66,54891,87,378541
32915,0.000576,74.125.200.0-255,1484,56375,87,378541
32916,0.000591,74.125.200.0-255,2902,59277,87,378541
32917,0.000594,172.31.47.0-255,66,59343,87,378541
32918,0.000599,74.125.200.0-255,2902,62245,87,378541
32919,0.0006,172.31.47.0-255,66,62311,87,378541
32920,0.000614,74.125.200.0-255,2902,65213,87,378541
32921,0.000616,172.31.47.0-255,66,65279,87,378541
32922,0.00062,74.125.200.0-255,4320,69599,87,378541
32923,0.000622,172.31.47.0-255,66,69665,87,378541
32924,0.00064,74.125.200.0-255,2543,72208,87,378541
32925,0.000642,172.31.47.0-255,66,72274,87,378541
32926,0.000646,74.125.200.0-255,2902,75176,87,378541
32927,0.000648,172.31.47.0-255,66,75242,87,378541
32928,0.000667,74.125.200.0-255,4320,79562,87,378541
32929,0.00067,172.31.47.0-255,66,79628,87,378541
32930,0.000701,172.31.47.0-255,66,79694,87,378541
32931,0.00172,74.125.200.0-255,1484,81178,87,378541
32932,0.001732,74.125.200.0-255,2902,84080,87,378541
32933,0.001739,172.31.47.0-255,66,84146,87,378541
32934,0.001747,74.125.200.0-255,2902,87048,87,378541
32935,0.001749,172.31.47.0-255,66,87114,87,378541
32936,0.001768,74.125.200.0-255,2902,90016,87,378541
32937,0.00177,172.31.47.0-255,66,90082,87,378541
32938,0.001773,74.125.200.0-255,1484,91566,87,378541
32939,0.001802,172.31.47.0-255,66,91632,87,378541
32940,0.001808,74.125.200.0-255,5738,97370,87,378541
32941,0.001809,172.31.47.0-255,66,97436,87,378541
32942,0.001842,74.125.200.0-255,4320,101756,87,378541
32943,0.001844,172.31.47.0-255,66,101822,87,378541
32944,0.001856,74.125.200.0-255,766,102588,87,378541
32945,0.001912,74.125.200.0-255,1484,104072,87,378541
32946,0.001915,172.31.47.0-255,66,104138,87,378541
32947,0.00192,74.125.200.0-255,1484,105622,87,378541
32948,0.001934,74.125.200.0-255,1484,107106,87,378541
32949,0.001936,172.31.47.0-255,66,107172,87,378541
32950,0.001949,74.125.200.0-255,2902,110074,87,378541
32951,0.001951,172.31.47.0-255,66,110140,87,378541
32952,0.001955,74.125.200.0-255,2902,113042,87,378541
32953,0.001957,172.31.47.0-255,66,113108,87,378541
32954,0.001978,74.125.200.0-255,1484,114592,87,378541
32955,0.001984,74.125.200.0-255,7156,121748,87,378541
32956,0.001986,172.31.47.0-255,66,121814,87,378541
32957,0.002005,74.125.200.0-255,1484,123298,87,378541
32958,0.00201,74.125.200.0-255,5738,129036,87,378541
32959,0.002013,172.31.47.0-255,66,129102,87,378541
32960,0.002019,74.125.200.0-255,5738,134840,87,378541
32961,0.00202,172.31.47.0-255,66,134906,87,378541
32962,0.002043,74.125.200.0-255,1484,136390,87,378541
32963,0.002047,74.125.200.0-255,766,137156,87,378541
32964,0.002049,172.31.47.0-255,66,137222,87,378541
32965,0.002133,74.125.200.0-255,1484,138706,87,378541
32966,0.002137,74.125.200.0-255,1484,140190,87,378541
32967,0.002139,172.31.47.0-255,66,140256,87,378541
32968,0.002151,74.125.200.0-255,1484,141740,87,378541
32969,0.002155,74.125.200.0-255,2902,144642,87,378541
32970,0.002158,172.31.47.0-255,66,144708,87,378541
32971,0.002179,74.125.200.0-255,2902,147610,87,378541
32972,0.002182,172.31.47.0-255,66,147676,87,378541
32973,0.002225,74.125.200.0-255,4320,151996,87,378541
32974,0.002227,172.31.47.0-255,66,152062,87,378541
32975,0.002258,172.31.47.0-255,66,152128,87,378541
32976,0.002263,74.125.200.0-255,4320,156448,87,378541
32977,0.002265,172.31.47.0-255,66,156514,87,378541
32978,0.002271,74.125.200.0-255,6438,162952,87,378541
32979,0.002273,172.31.47.0-255,66,163018,87,378541
32980,0.002366,74.125.200.0-255,1484,164502,87,378541
32981,0.002391,74.125.200.0-255,2902,167404,87,378541
32982,0.002394,172.31.47.0-255,66,167470,87,378541
32983,0.002397,74.125.200.0-255,1484,168954,87,378541
32984,0.00241,74.125.200.0-255,1484,170438,87,378541
32985,0.002414,172.31.47.0-255,66,170504,87,378541
32986,0.002423,74.125.200.0-255,1484,171988,87,378541
32987,0.002429,74.125.200.0-255,5738,177726,87,378541
32988,0.002431,172.31.47.0-255,66,177792,87,378541
32989,0.002454,74.125.200.0-255,5738,183530,87,378541
32990,0.002457,172.31.47.0-255,66,183596,87,378541
32991,0.002476,74.125.200.0-255,4320,187916,87,378541
32992,0.002478,172.31.47.0-255,66,187982,87,378541
32993,0.002508,74.125.200.0-255,7156,195138,87,378541
32994,0.002511,172.31.47.0-255,66,195204,87,378541
32995,0.002528,74.125.200.0-255,2184,197388,87,378541
32996,0.002531,172.31.47.0-255,66,197454,87,378541
32997,0.005049,74.125.200.0-255,2902,200356,87,378541
32998,0.005054,172.31.47.0-255,66,200422,87,378541
32999,0.005073,74.125.200.0-255,2902,203324,87,378541
33000,0.005075,172.31.47.0-255,66,203390,87,378541
33001,0.0076,74.125.200.0-255,5738,209128,87,378541
33002,0.007607,172.31.47.0-255,66,209194,87,378541
33003,0.010163,74.125.200.0-255,5738,214932,87,378541
33004,0.01017,172.31.47.0-255,66,214998,87,378541
33005,0.012744,74.125.200.0-255,5738,220736,87,378541
33006,0.012764,172.31.47.0-255,66,220802,87,378541
33007,0.015344,74.125.200.0-255,5738,226540,87,378541
33008,0.015361,172.31.47.0-255,66,226606,87,378541
33009,0.017906,74.125.200.0-255,5738,232344,87,378541
33010,0.017917,172.31.47.0-255,66,232410,87,378541
33011,0.020468,74.125.200.0-255,5738,238148,87,378541
33012,0.020478,172.31.47.0-255,66,238214,87,378541
33013,0.023047,74.125.200.0-255,5738,243952,87,378541
33014,0.023067,172.31.47.0-255,66,244018,87,378541
33015,0.025626,74.125.200.0-255,5738,249756,87,378541
33016,0.025641,172.31.47.0-255,66,249822,87,378541
33017,0.028197,74.125.200.0-255,5738,255560,87,378541
33018,0.028203,172.31.47.0-255,66,255626,87,378541
33019,0.030747,74.125.200.0-255,5738,261364,87,378541
33020,0.030755,172.31.47.0-255,66,261430,87,378541
33021,0.033302,74.125.200.0-255,5738,267168,87,378541
33022,0.03331,172.31.47.0-255,66,267234,87,378541
33023,0.035884,74.125.200.0-255,5738,272972,87,378541
33024,0.035915,172.31.47.0-255,66,273038,87,378541
33025,0.038463,74.125.200.0-255,5738,278776,87,378541
33026,0.038469,172.31.47.0-255,66,278842,87,378541
33027,0.039084,172.31.47.0-255,171,279013,87,378541
33028,0.039117,172.31.47.0-255,1127,280140,87,378541
33029,0.039177,172.31.47.0-255,1514,281654,87,378541
33030,0.039179,172.31.47.0-255,1277,282931,87,378541
33031,0.040609,104.244.42.0-255,66,282997,87,378541
33032,0.04065,104.244.42.0-255,66,283063,87,378541
33033,0.040737,104.244.42.0-255,66,283129,87,378541
33034,0.041018,74.125.200.0-255,5738,288867,87,378541
33035,0.041031,172.31.47.0-255,66,288933,87,378541
33036,0.043603,74.125.200.0-255,5738,294671,87,378541
33037,0.043624,172.31.47.0-255,66,294737,87,378541
33038,0.046187,74.125.200.0-255,5738,300475,87,378541
33039,0.046203,172.31.47.0-255,66,300541,87,378541
33040,0.048742,74.125.200.0-255,4320,304861,87,378541
33041,0.048748,172.31.47.0-255,66,304927,87,378541
33042,0.048773,74.125.200.0-255,1484,306411,87,378541
33043,0.051285,74.125.200.0-255,4320,310731,87,378541
33044,0.05129,172.31.47.0-255,66,310797,87,378541
33045,0.053828,74.125.200.0-255,5738,316535,87,378541
33046,0.053834,172.31.47.0-255,66,316601,87,378541
33047,0.05638,74.125.200.0-255,5738,322339,87,378541
33048,0.056386,172.31.47.0-255,66,322405,87,378541
33049,0.05894,74.125.200.0-255,5738,328143,87,378541
33050,0.058945,172.31.47.0-255,66,328209,87,378541
33051,0.061491,74.125.200.0-255,4320,332529,87,378541
33052,0.061496,172.31.47.0-255,66,332595,87,378541
33053,0.061521,74.125.200.0-255,1484,334079,87,378541
33054,0.064038,74.125.200.0-255,4320,338399,87,378541
33055,0.064044,172.31.47.0-255,66,338465,87,378541
33056,0.066577,74.125.200.0-255,5738,344203,87,378541
33057,0.066587,172.31.47.0-255,66,344269,87,378541
33058,0.069129,74.125.200.0-255,1484,345753,87,378541
33059,0.06916,74.125.200.0-255,4320,350073,87,378541
33060,0.069165,172.31.47.0-255,66,350139,87,378541
33061,0.071715,74.125.200.0-255,5738,355877,87,378541
33062,0.071719,172.31.47.0-255,66,355943,87,378541
33063,0.07426,74.125.200.0-255,5738,361681,87,378541
33064,0.074265,172.31.47.0-255,66,361747,87,378541
33065,0.076801,74.125.200.0-255,5738,367485,87,378541
33066,0.076806,172.31.47.0-255,66,367551,87,378541
33067,0.079342,74.125.200.0-255,5738,373289,87,378541
33068,0.079348,172.31.47.0-255,66,373355,87,378541
33069,0.081929,74.125.200.0-255,4949,378304,87,378541
33070,0.081935,172.31.47.0-255,66,378370,87,378541
33071,0.083245,172.31.47.0-255,105,378475,87,378541
33072,0.085748,74.125.200.0-255,66,378541,87,378541
33073,0.0,74.125.24.0-255,150,150,87,229678
33074,2.4e-05,172.31.47.0-255,66,216,87,229678
33075,2.9e-05,74.125.24.0-255,1484,1700,87,229678
33076,3.3e-05,172.31.47.0-255,66,1766,87,229678
33077,3.7e-05,74.125.24.0-255,2902,4668,87,229678
33078,3.9e-05,172.31.47.0-255,66,4734,87,229678
33079,5e-05,74.125.24.0-255,2902,7636,87,229678
33080,5.2e-05,172.31.47.0-255,66,7702,87,229678
33081,6.2e-05,172.31.47.0-255,66,7768,87,229678
33082,9e-05,74.125.24.0-255,2902,10670,87,229678
33083,9.3e-05,172.31.47.0-255,66,10736,87,229678
33084,0.000121,172.31.47.0-255,66,10802,87,229678
33085,0.000153,172.31.47.0-255,66,10868,87,229678
33086,0.000197,74.125.24.0-255,6797,17665,87,229678
33087,0.0002,172.31.47.0-255,66,17731,87,229678
33088,0.000242,74.125.24.0-255,1484,19215,87,229678
33089,0.000245,172.31.47.0-255,66,19281,87,229678
33090,0.00027,74.125.24.0-255,2902,22183,87,229678
33091,0.000272,172.31.47.0-255,66,22249,87,229678
33092,0.000275,74.125.24.0-255,1484,23733,87,229678
33093,0.000277,172.31.47.0-255,66,23799,87,229678
33094,0.000299,74.125.24.0-255,4320,28119,87,229678
33095,0.000303,172.31.47.0-255,66,28185,87,229678
33096,0.000305,74.125.24.0-255,1484,29669,87,229678
33097,0.000307,172.31.47.0-255,66,29735,87,229678
33098,0.000333,74.125.24.0-255,5709,35444,87,229678
33099,0.00034,172.31.47.0-255,66,35510,87,229678
33100,0.000343,74.125.24.0-255,379,35889,87,229678
33101,0.000344,172.31.47.0-255,66,35955,87,229678
33102,0.0005,74.125.24.0-255,1484,37439,87,229678
33103,0.000506,74.125.24.0-255,2902,40341,87,229678
33104,0.000508,172.31.47.0-255,66,40407,87,229678
33105,0.000534,74.125.24.0-255,5738,46145,87,229678
33106,0.000536,172.31.47.0-255,66,46211,87,229678
33107,0.000543,74.125.24.0-255,6797,53008,87,229678
33108,0.000544,172.31.47.0-255,66,53074,87,229678
33109,0.000589,74.125.24.0-255,1484,54558,87,229678
33110,0.000602,74.125.24.0-255,2902,57460,87,229678
33111,0.000604,172.31.47.0-255,66,57526,87,229678
33112,0.000628,74.125.24.0-255,5738,63264,87,229678
33113,0.000631,172.31.47.0-255,66,63330,87,229678
33114,0.000659,74.125.24.0-255,6797,70127,87,229678
33115,0.000661,172.31.47.0-255,66,70193,87,229678
33116,0.001184,74.125.24.0-255,1484,71677,87,229678
33117,0.001192,74.125.24.0-255,1484,73161,87,229678
33118,0.001195,172.31.47.0-255,66,73227,87,229678
33119,0.001218,74.125.24.0-255,1484,74711,87,229678
33120,0.001221,74.125.24.0-255,1484,76195,87,229678
33121,0.001223,172.31.47.0-255,66,76261,87,229678
33122,0.001249,74.125.24.0-255,5738,81999,87,229678
33123,0.001251,172.31.47.0-255,66,82065,87,229678
33124,0.001282,172.31.47.0-255,66,82131,87,229678
33125,0.001307,74.125.24.0-255,2902,85033,87,229678
33126,0.001309,172.31.47.0-255,66,85099,87,229678
33127,0.001323,172.31.47.0-255,66,85165,87,229678
33128,0.001456,74.125.24.0-255,1484,86649,87,229678
33129,0.00146,74.125.24.0-255,1484,88133,87,229678
33130,0.001463,172.31.47.0-255,66,88199,87,229678
33131,0.001485,74.125.24.0-255,1484,89683,87,229678
33132,0.00149,74.125.24.0-255,5738,95421,87,229678
33133,0.001492,172.31.47.0-255,66,95487,87,229678
33134,0.001519,172.31.47.0-255,66,95553,87,229678
33135,0.001541,74.125.24.0-255,2902,98455,87,229678
33136,0.001543,172.31.47.0-255,66,98521,87,229678
33137,0.001566,74.125.24.0-255,5738,104259,87,229678
33138,0.001567,172.31.47.0-255,66,104325,87,229678
33139,0.00159,74.125.24.0-255,5020,109345,87,229678
33140,0.001592,172.31.47.0-255,66,109411,87,229678
33141,0.001978,74.125.24.0-255,1484,110895,87,229678
33142,0.001995,74.125.24.0-255,2902,113797,87,229678
33143,0.001997,172.31.47.0-255,66,113863,87,229678
33144,0.002025,74.125.24.0-255,5738,119601,87,229678
33145,0.002027,172.31.47.0-255,66,119667,87,229678
33146,0.002049,74.125.24.0-255,5738,125405,87,229678
33147,0.002051,172.31.47.0-255,66,125471,87,229678
33148,0.002076,74.125.24.0-255,7156,132627,87,229678
33149,0.002078,172.31.47.0-255,66,132693,87,229678
33150,0.002088,172.31.47.0-255,66,132759,87,229678
33151,0.002107,74.125.24.0-255,766,133525,87,229678
33152,0.002135,74.125.24.0-255,1484,135009,87,229678
33153,0.002137,172.31.47.0-255,66,135075,87,229678
33154,0.00214,74.125.24.0-255,1484,136559,87,229678
33155,0.002162,74.125.24.0-255,2902,139461,87,229678
33156,0.002164,172.31.47.0-255,66,139527,87,229678
33157,0.002169,74.125.24.0-255,4320,143847,87,229678
33158,0.00217,172.31.47.0-255,66,143913,87,229678
33159,0.002204,172.31.47.0-255,66,143979,87,229678
33160,0.002243,74.125.24.0-255,2902,146881,87,229678
33161,0.002245,172.31.47.0-255,66,146947,87,229678
33162,0.00227,172.31.47.0-255,66,147013,87,229678
33163,0.002291,74.125.24.0-255,1484,148497,87,229678
33164,0.002294,74.125.24.0-255,2902,151399,87,229678
33165,0.002296,172.31.47.0-255,66,151465,87,229678
33166,0.00232,74.125.24.0-255,2902,154367,87,229678
33167,0.002322,172.31.47.0-255,66,154433,87,229678
33168,0.002344,74.125.24.0-255,2902,157335,87,229678
33169,0.002346,172.31.47.0-255,66,157401,87,229678
33170,0.002356,74.125.24.0-255,7156,164557,87,229678
33171,0.002363,172.31.47.0-255,66,164623,87,229678
33172,0.002365,74.125.24.0-255,1484,166107,87,229678
33173,0.002393,172.31.47.0-255,66,166173,87,229678
33174,0.002397,74.125.24.0-255,5020,171193,87,229678
33175,0.002399,172.31.47.0-255,66,171259,87,229678
33176,0.002499,74.125.24.0-255,1484,172743,87,229678
33177,0.002522,74.125.24.0-255,2902,175645,87,229678
33178,0.002524,172.31.47.0-255,66,175711,87,229678
33179,0.002548,74.125.24.0-255,5738,181449,87,229678
33180,0.00255,172.31.47.0-255,66,181515,87,229678
33181,0.002574,74.125.24.0-255,7156,188671,87,229678
33182,0.002576,172.31.47.0-255,66,188737,87,229678
33183,0.0026,74.125.24.0-255,4320,193057,87,229678
33184,0.002602,172.31.47.0-255,66,193123,87,229678
33185,0.002605,74.125.24.0-255,1484,194607,87,229678
33186,0.002626,74.125.24.0-255,4320,198927,87,229678
33187,0.002628,172.31.47.0-255,66,198993,87,229678
33188,0.002652,74.125.24.0-255,6438,205431,87,229678
33189,0.002654,172.31.47.0-255,66,205497,87,229678
33190,0.002676,74.125.24.0-255,1484,206981,87,229678
33191,0.002679,74.125.24.0-255,2902,209883,87,229678
33192,0.002682,172.31.47.0-255,66,209949,87,229678
33193,0.002696,74.125.24.0-255,5738,215687,87,229678
33194,0.002701,172.31.47.0-255,66,215753,87,229678
33195,0.002737,172.31.47.0-255,66,215819,87,229678
33196,0.002739,74.125.24.0-255,1484,217303,87,229678
33197,0.002772,172.31.47.0-255,66,217369,87,229678
33198,0.002781,172.31.47.0-255,66,217435,87,229678
33199,0.002802,74.125.24.0-255,2902,220337,87,229678
33200,0.002803,172.31.47.0-255,66,220403,87,229678
33201,0.002806,74.125.24.0-255,1484,221887,87,229678
33202,0.00283,74.125.24.0-255,1484,223371,87,229678
33203,0.002831,172.31.47.0-255,66,223437,87,229678
33204,0.00287,172.31.47.0-255,66,223503,87,229678
33205,0.002902,172.31.47.0-255,66,223569,87,229678
33206,0.002937,172.31.47.0-255,66,223635,87,229678
33207,0.002939,74.125.24.0-255,1133,224768,87,229678
33208,0.002941,74.125.24.0-255,97,224865,87,229678
33209,0.002943,74.125.24.0-255,105,224970,87,229678
33210,0.010327,172.31.47.0-255,66,225036,87,229678
33211,0.01036,172.31.47.0-255,105,225141,87,229678
33212,0.012366,74.125.24.0-255,105,225246,87,229678
33213,0.012379,172.31.47.0-255,78,225324,87,229678
33214,0.012601,74.125.24.0-255,66,225390,87,229678
33215,0.041672,172.31.47.0-255,172,225562,87,229678
33216,0.0417,172.31.47.0-255,1103,226665,87,229678
33217,0.041739,172.31.47.0-255,1514,228179,87,229678
33218,0.04174,172.31.47.0-255,1301,229480,87,229678
33219,0.043243,104.244.42.0-255,66,229546,87,229678
33220,0.04339,104.244.42.0-255,66,229612,87,229678
33221,0.043395,104.244.42.0-255,66,229678,87,229678
33222,0.0,74.125.68.0-255,296,296,87,382785
33223,1.4e-05,172.31.47.0-255,66,362,87,382785
33224,3e-05,74.125.68.0-255,1484,1846,87,382785
33225,3.4e-05,172.31.47.0-255,66,1912,87,382785
33226,3.7e-05,74.125.68.0-255,1484,3396,87,382785
33227,4e-05,172.31.47.0-255,66,3462,87,382785
33228,6.2e-05,74.125.68.0-255,1484,4946,87,382785
33229,6.4e-05,172.31.47.0-255,66,5012,87,382785
33230,7e-05,74.125.68.0-255,4320,9332,87,382785
33231,7.2e-05,172.31.47.0-255,66,9398,87,382785
33232,7.5e-05,74.125.68.0-255,1484,10882,87,382785
33233,7.7e-05,172.31.47.0-255,66,10948,87,382785
33234,9.8e-05,74.125.68.0-255,3216,14164,87,382785
33235,0.0001,172.31.47.0-255,66,14230,87,382785
33236,0.000137,172.31.47.0-255,66,14296,87,382785
33237,0.000169,74.125.68.0-255,4320,18616,87,382785
33238,0.000171,172.31.47.0-255,66,18682,87,382785
33239,0.00019,74.125.68.0-255,3961,22643,87,382785
33240,0.000192,172.31.47.0-255,66,22709,87,382785
33241,0.000384,74.125.68.0-255,1484,24193,87,382785
33242,0.000389,172.31.47.0-255,66,24259,87,382785
33243,0.000393,74.125.68.0-255,1484,25743,87,382785
33244,0.000395,172.31.47.0-255,66,25809,87,382785
33245,0.000408,74.125.68.0-255,1484,27293,87,382785
33246,0.00041,172.31.47.0-255,66,27359,87,382785
33247,0.000415,74.125.68.0-255,2902,30261,87,382785
33248,0.000417,172.31.47.0-255,66,30327,87,382785
33249,0.000447,74.125.68.0-255,4320,34647,87,382785
33250,0.00045,172.31.47.0-255,66,34713,87,382785
33251,0.000469,74.125.68.0-255,5379,40092,87,382785
33252,0.000471,172.31.47.0-255,66,40158,87,382785
33253,0.000493,74.125.68.0-255,1484,41642,87,382785
33254,0.000506,74.125.68.0-255,4320,45962,87,382785
33255,0.000508,172.31.47.0-255,66,46028,87,382785
33256,0.000533,74.125.68.0-255,4320,50348,87,382785
33257,0.000536,172.31.47.0-255,66,50414,87,382785
33258,0.000539,74.125.68.0-255,1484,51898,87,382785
33259,0.000557,74.125.68.0-255,4320,56218,87,382785
33260,0.00056,172.31.47.0-255,66,56284,87,382785
33261,0.000576,74.125.68.0-255,1125,57409,87,382785
33262,0.000721,74.125.68.0-255,647,58056,87,382785
33263,0.000726,172.31.47.0-255,66,58122,87,382785
33264,0.000996,74.125.68.0-255,1484,59606,87,382785
33265,0.001002,74.125.68.0-255,2902,62508,87,382785
33266,0.001006,172.31.47.0-255,66,62574,87,382785
33267,0.00101,74.125.68.0-255,1484,64058,87,382785
33268,0.001028,74.125.68.0-255,4320,68378,87,382785
33269,0.00103,172.31.47.0-255,66,68444,87,382785
33270,0.001033,74.125.68.0-255,1484,69928,87,382785
33271,0.00105,74.125.68.0-255,2902,72830,87,382785
33272,0.001051,172.31.47.0-255,66,72896,87,382785
33273,0.001062,74.125.68.0-255,1484,74380,87,382785
33274,0.001074,74.125.68.0-255,4320,78700,87,382785
33275,0.001076,172.31.47.0-255,66,78766,87,382785
33276,0.001079,74.125.68.0-255,1484,80250,87,382785
33277,0.001089,74.125.68.0-255,1484,81734,87,382785
33278,0.001091,172.31.47.0-255,66,81800,87,382785
33279,0.001106,74.125.68.0-255,1484,83284,87,382785
33280,0.001112,74.125.68.0-255,5738,89022,87,382785
33281,0.001115,172.31.47.0-255,66,89088,87,382785
33282,0.001143,74.125.68.0-255,3602,92690,87,382785
33283,0.001145,172.31.47.0-255,66,92756,87,382785
33284,0.001196,74.125.68.0-255,1484,94240,87,382785
33285,0.001216,74.125.68.0-255,2902,97142,87,382785
33286,0.001219,172.31.47.0-255,66,97208,87,382785
33287,0.001222,74.125.68.0-255,1484,98692,87,382785
33288,0.001236,74.125.68.0-255,1484,100176,87,382785
33289,0.001238,172.31.47.0-255,66,100242,87,382785
33290,0.001244,74.125.68.0-255,4320,104562,87,382785
33291,0.001246,172.31.47.0-255,66,104628,87,382785
33292,0.001272,74.125.68.0-255,2902,107530,87,382785
33293,0.001274,172.31.47.0-255,66,107596,87,382785
33294,0.001294,74.125.68.0-255,5738,113334,87,382785
33295,0.001297,172.31.47.0-255,66,113400,87,382785
33296,0.0013,74.125.68.0-255,2902,116302,87,382785
33297,0.001302,172.31.47.0-255,66,116368,87,382785
33298,0.001337,74.125.68.0-255,1484,117852,87,382785
33299,0.001366,172.31.47.0-255,66,117918,87,382785
33300,0.001432,74.125.68.0-255,1484,119402,87,382785
33301,0.001453,74.125.68.0-255,2902,122304,87,382785
33302,0.001456,172.31.47.0-255,66,122370,87,382785
33303,0.00146,74.125.68.0-255,2902,125272,87,382785
33304,0.001462,172.31.47.0-255,66,125338,87,382785
33305,0.001477,74.125.68.0-255,2902,128240,87,382785
33306,0.00148,172.31.47.0-255,66,128306,87,382785
33307,0.001496,74.125.68.0-255,2902,131208,87,382785
33308,0.001498,172.31.47.0-255,66,131274,87,382785
33309,0.001529,172.31.47.0-255,66,131340,87,382785
33310,0.001558,172.31.47.0-255,66,131406,87,382785
33311,0.001595,74.125.68.0-255,2184,133590,87,382785
33312,0.001597,172.31.47.0-255,66,133656,87,382785
33313,0.003553,74.125.68.0-255,2902,136558,87,382785
33314,0.003559,172.31.47.0-255,66,136624,87,382785
33315,0.0036,74.125.68.0-255,2902,139526,87,382785
33316,0.003603,172.31.47.0-255,66,139592,87,382785
33317,0.005561,74.125.68.0-255,2902,142494,87,382785
33318,0.005567,172.31.47.0-255,66,142560,87,382785
33319,0.005609,74.125.68.0-255,2902,145462,87,382785
33320,0.005612,172.31.47.0-255,66,145528,87,382785
33321,0.007577,74.125.68.0-255,2902,148430,87,382785
33322,0.007584,172.31.47.0-255,66,148496,87,382785
33323,0.007601,74.125.68.0-255,2902,151398,87,382785
33324,0.007604,172.31.47.0-255,66,151464,87,382785
33325,0.009593,74.125.68.0-255,2902,154366,87,382785
33326,0.009601,172.31.47.0-255,66,154432,87,382785
33327,0.009625,74.125.68.0-255,2902,157334,87,382785
33328,0.009627,172.31.47.0-255,66,157400,87,382785
33329,0.011644,74.125.68.0-255,5738,163138,87,382785
33330,0.01165,172.31.47.0-255,66,163204,87,382785
33331,0.013673,74.125.68.0-255,5738,168942,87,382785
33332,0.01369,172.31.47.0-255,66,169008,87,382785
33333,0.015702,74.125.68.0-255,5738,174746,87,382785
33334,0.015712,172.31.47.0-255,66,174812,87,382785
33335,0.017722,74.125.68.0-255,5738,180550,87,382785
33336,0.017732,172.31.47.0-255,66,180616,87,382785
33337,0.019747,74.125.68.0-255,5738,186354,87,382785
33338,0.01976,172.31.47.0-255,66,186420,87,382785
33339,0.021299,172.31.47.0-255,171,186591,87,382785
33340,0.021353,172.31.47.0-255,1136,187727,87,382785
33341,0.021427,172.31.47.0-255,1514,189241,87,382785
33342,0.021429,172.31.47.0-255,1268,190509,87,382785
33343,0.021772,74.125.68.0-255,5738,196247,87,382785
33344,0.02178,172.31.47.0-255,66,196313,87,382785
33345,0.022881,104.244.42.0-255,66,196379,87,382785
33346,0.022926,104.244.42.0-255,66,196445,87,382785
33347,0.023015,104.244.42.0-255,66,196511,87,382785
33348,0.0238,74.125.68.0-255,5738,202249,87,382785
33349,0.023804,172.31.47.0-255,66,202315,87,382785
33350,0.025825,74.125.68.0-255,5738,208053,87,382785
33351,0.025831,172.31.47.0-255,66,208119,87,382785
33352,0.027891,74.125.68.0-255,5738,213857,87,382785
33353,0.027897,172.31.47.0-255,66,213923,87,382785
33354,0.029909,74.125.68.0-255,5738,219661,87,382785
33355,0.029915,172.31.47.0-255,66,219727,87,382785
33356,0.031933,74.125.68.0-255,5738,225465,87,382785
33357,0.031938,172.31.47.0-255,66,225531,87,382785
33358,0.03397,74.125.68.0-255,5738,231269,87,382785
33359,0.033976,172.31.47.0-255,66,231335,87,382785
33360,0.035994,74.125.68.0-255,5738,237073,87,382785
33361,0.035999,172.31.47.0-255,66,237139,87,382785
33362,0.038011,74.125.68.0-255,5738,242877,87,382785
33363,0.038018,172.31.47.0-255,66,242943,87,382785
33364,0.040035,74.125.68.0-255,5738,248681,87,382785
33365,0.040041,172.31.47.0-255,66,248747,87,382785
33366,0.042053,74.125.68.0-255,5738,254485,87,382785
33367,0.042062,172.31.47.0-255,66,254551,87,382785
33368,0.044075,74.125.68.0-255,5738,260289,87,382785
33369,0.04408,172.31.47.0-255,66,260355,87,382785
33370,0.046097,74.125.68.0-255,5738,266093,87,382785
33371,0.046103,172.31.47.0-255,66,266159,87,382785
33372,0.048129,74.125.68.0-255,5738,271897,87,382785
33373,0.048134,172.31.47.0-255,66,271963,87,382785
33374,0.050149,74.125.68.0-255,5738,277701,87,382785
33375,0.050155,172.31.47.0-255,66,277767,87,382785
33376,0.052183,74.125.68.0-255,5738,283505,87,382785
33377,0.052189,172.31.47.0-255,66,283571,87,382785
33378,0.054212,74.125.68.0-255,5738,289309,87,382785
33379,0.054217,172.31.47.0-255,66,289375,87,382785
33380,0.056233,74.125.68.0-255,5738,295113,87,382785
33381,0.056238,172.31.47.0-255,66,295179,87,382785
33382,0.058274,74.125.68.0-255,5738,300917,87,382785
33383,0.058279,172.31.47.0-255,66,300983,87,382785
33384,0.060299,74.125.68.0-255,5738,306721,87,382785
33385,0.060305,172.31.47.0-255,66,306787,87,382785
33386,0.062317,74.125.68.0-255,5738,312525,87,382785
33387,0.062324,172.31.47.0-255,66,312591,87,382785
33388,0.064344,74.125.68.0-255,5738,318329,87,382785
33389,0.06435,172.31.47.0-255,66,318395,87,382785
33390,0.066387,74.125.68.0-255,5738,324133,87,382785
33391,0.066394,172.31.47.0-255,66,324199,87,382785
33392,0.068418,74.125.68.0-255,5738,329937,87,382785
33393,0.068425,172.31.47.0-255,66,330003,87,382785
33394,0.070442,74.125.68.0-255,5738,335741,87,382785
33395,0.070447,172.31.47.0-255,66,335807,87,382785
33396,0.072472,74.125.68.0-255,5738,341545,87,382785
33397,0.072478,172.31.47.0-255,66,341611,87,382785
33398,0.074497,74.125.68.0-255,5738,347349,87,382785
33399,0.074503,172.31.47.0-255,66,347415,87,382785
33400,0.076558,74.125.68.0-255,5738,353153,87,382785
33401,0.076563,172.31.47.0-255,66,353219,87,382785
33402,0.078615,74.125.68.0-255,5738,358957,87,382785
33403,0.078621,172.31.47.0-255,66,359023,87,382785
33404,0.080642,74.125.68.0-255,5738,364761,87,382785
33405,0.080647,172.31.47.0-255,66,364827,87,382785
33406,0.082664,74.125.68.0-255,5738,370565,87,382785
33407,0.08267,172.31.47.0-255,66,370631,87,382785
33408,0.084674,74.125.68.0-255,5738,376369,87,382785
33409,0.08468,172.31.47.0-255,66,376435,87,382785
33410,0.086723,74.125.68.0-255,5738,382173,87,382785
33411,0.086728,172.31.47.0-255,66,382239,87,382785
33412,0.088718,74.125.68.0-255,309,382548,87,382785
33413,0.088848,172.31.47.0-255,66,382614,87,382785
33414,0.088884,172.31.47.0-255,105,382719,87,382785
33415,0.090857,74.125.68.0-255,66,382785,87,382785
33416,0.0,172.217.194.0-255,150,150,87,271064
33417,2.2e-05,172.31.47.0-255,66,216,87,271064
33418,2.9e-05,172.217.194.0-255,1484,1700,87,271064
33419,3.3e-05,172.31.47.0-255,66,1766,87,271064
33420,3.9e-05,172.217.194.0-255,2902,4668,87,271064
33421,4.2e-05,172.31.47.0-255,66,4734,87,271064
33422,4.5e-05,172.217.194.0-255,1484,6218,87,271064
33423,4.7e-05,172.31.47.0-255,66,6284,87,271064
33424,8.6e-05,172.31.47.0-255,66,6350,87,271064
33425,0.000125,172.31.47.0-255,66,6416,87,271064
33426,0.000128,172.217.194.0-255,1484,7900,87,271064
33427,0.00013,172.31.47.0-255,66,7966,87,271064
33428,0.000149,172.217.194.0-255,6797,14763,87,271064
33429,0.000152,172.31.47.0-255,66,14829,87,271064
33430,0.000186,172.217.194.0-255,1484,16313,87,271064
33431,0.000188,172.31.47.0-255,66,16379,87,271064
33432,0.000192,172.217.194.0-255,2902,19281,87,271064
33433,0.000194,172.31.47.0-255,66,19347,87,271064
33434,0.000215,172.217.194.0-255,5738,25085,87,271064
33435,0.000218,172.31.47.0-255,66,25151,87,271064
33436,0.000222,172.217.194.0-255,4320,29471,87,271064
33437,0.000225,172.31.47.0-255,66,29537,87,271064
33438,0.000237,172.217.194.0-255,1484,31021,87,271064
33439,0.000239,172.31.47.0-255,66,31087,87,271064
33440,0.000265,172.217.194.0-255,1125,32212,87,271064
33441,0.000268,172.31.47.0-255,66,32278,87,271064
33442,0.000301,172.217.194.0-255,1484,33762,87,271064
33443,0.000304,172.31.47.0-255,66,33828,87,271064
33444,0.000309,172.217.194.0-255,4320,38148,87,271064
33445,0.000311,172.31.47.0-255,66,38214,87,271064
33446,0.000315,172.217.194.0-255,2902,41116,87,271064
33447,0.000317,172.31.47.0-255,66,41182,87,271064
33448,0.000334,172.217.194.0-255,7156,48338,87,271064
33449,0.000336,172.31.47.0-255,66,48404,87,271064
33450,0.000339,172.217.194.0-255,1437,49841,87,271064
33451,0.00036,172.217.194.0-255,98,49939,87,271064
33452,0.000392,172.217.194.0-255,363,50302,87,271064
33453,0.000394,172.31.47.0-255,66,50368,87,271064
33454,0.000648,172.217.194.0-255,1484,51852,87,271064
33455,0.000654,172.217.194.0-255,2902,54754,87,271064
33456,0.000658,172.31.47.0-255,66,54820,87,271064
33457,0.000664,172.217.194.0-255,4320,59140,87,271064
33458,0.000666,172.31.47.0-255,66,59206,87,271064
33459,0.000678,172.217.194.0-255,1484,60690,87,271064
33460,0.000704,172.217.194.0-255,4320,65010,87,271064
33461,0.000706,172.31.47.0-255,66,65076,87,271064
33462,0.000732,172.31.47.0-255,66,65142,87,271064
33463,0.000751,172.217.194.0-255,4320,69462,87,271064
33464,0.000754,172.31.47.0-255,66,69528,87,271064
33465,0.000776,172.217.194.0-255,6797,76325,87,271064
33466,0.000778,172.31.47.0-255,66,76391,87,271064
33467,0.001376,172.217.194.0-255,1484,77875,87,271064
33468,0.001385,172.217.194.0-255,2902,80777,87,271064
33469,0.001389,172.31.47.0-255,66,80843,87,271064
33470,0.001397,172.217.194.0-255,5738,86581,87,271064
33471,0.001399,172.31.47.0-255,66,86647,87,271064
33472,0.001416,172.217.194.0-255,2902,89549,87,271064
33473,0.001418,172.31.47.0-255,66,89615,87,271064
33474,0.001442,172.31.47.0-255,66,89681,87,271064
33475,0.001485,172.217.194.0-255,7156,96837,87,271064
33476,0.001488,172.31.47.0-255,66,96903,87,271064
33477,0.001507,172.217.194.0-255,3602,100505,87,271064
33478,0.001509,172.31.47.0-255,66,100571,87,271064
33479,0.001525,172.217.194.0-255,1484,102055,87,271064
33480,0.00153,172.217.194.0-255,2902,104957,87,271064
33481,0.001532,172.31.47.0-255,66,105023,87,271064
33482,0.001548,172.217.194.0-255,5738,110761,87,271064
33483,0.00155,172.31.47.0-255,66,110827,87,271064
33484,0.001591,172.31.47.0-255,66,110893,87,271064
33485,0.001622,172.217.194.0-255,2902,113795,87,271064
33486,0.001625,172.31.47.0-255,66,113861,87,271064
33487,0.001648,172.31.47.0-255,66,113927,87,271064
33488,0.001772,172.217.194.0-255,1484,115411,87,271064
33489,0.001778,172.217.194.0-255,2902,118313,87,271064
33490,0.001781,172.31.47.0-255,66,118379,87,271064
33491,0.001787,172.217.194.0-255,4320,122699,87,271064
33492,0.001789,172.31.47.0-255,66,122765,87,271064
33493,0.0018,172.217.194.0-255,1484,124249,87,271064
33494,0.001813,172.217.194.0-255,2902,127151,87,271064
33495,0.001815,172.31.47.0-255,66,127217,87,271064
33496,0.001836,172.31.47.0-255,66,127283,87,271064
33497,0.001841,172.217.194.0-255,5738,133021,87,271064
33498,0.001843,172.31.47.0-255,66,133087,87,271064
33499,0.00189,172.217.194.0-255,5020,138107,87,271064
33500,0.001892,172.31.47.0-255,66,138173,87,271064
33501,0.002207,172.217.194.0-255,1484,139657,87,271064
33502,0.002214,172.217.194.0-255,2902,142559,87,271064
33503,0.002218,172.31.47.0-255,66,142625,87,271064
33504,0.002224,172.217.194.0-255,5738,148363,87,271064
33505,0.002227,172.31.47.0-255,66,148429,87,271064
33506,0.002238,172.217.194.0-255,1484,149913,87,271064
33507,0.002256,172.217.194.0-255,5738,155651,87,271064
33508,0.002258,172.31.47.0-255,66,155717,87,271064
33509,0.002271,172.217.194.0-255,2902,158619,87,271064
33510,0.002273,172.31.47.0-255,66,158685,87,271064
33511,0.0023,172.31.47.0-255,66,158751,87,271064
33512,0.002311,172.217.194.0-255,1484,160235,87,271064
33513,0.002315,172.217.194.0-255,2184,162419,87,271064
33514,0.002317,172.31.47.0-255,66,162485,87,271064
33515,0.00238,172.217.194.0-255,1484,163969,87,271064
33516,0.002385,172.217.194.0-255,2902,166871,87,271064
33517,0.002387,172.31.47.0-255,66,166937,87,271064
33518,0.00241,172.217.194.0-255,5738,172675,87,271064
33519,0.002412,172.31.47.0-255,66,172741,87,271064
33520,0.002466,172.31.47.0-255,66,172807,87,271064
33521,0.002469,172.217.194.0-255,2902,175709,87,271064
33522,0.002471,172.31.47.0-255,66,175775,87,271064
33523,0.002497,172.217.194.0-255,2902,178677,87,271064
33524,0.0025,172.31.47.0-255,66,178743,87,271064
33525,0.002513,172.217.194.0-255,5020,183763,87,271064
33526,0.002515,172.31.47.0-255,66,183829,87,271064
33527,0.002562,172.217.194.0-255,1484,185313,87,271064
33528,0.002575,172.217.194.0-255,2902,188215,87,271064
33529,0.002577,172.31.47.0-255,66,188281,87,271064
33530,0.002581,172.217.194.0-255,2902,191183,87,271064
33531,0.002583,172.31.47.0-255,66,191249,87,271064
33532,0.002599,172.217.194.0-255,2902,194151,87,271064
33533,0.002601,172.31.47.0-255,66,194217,87,271064
33534,0.002605,172.217.194.0-255,2902,197119,87,271064
33535,0.002607,172.31.47.0-255,66,197185,87,271064
33536,0.002609,172.217.194.0-255,1484,198669,87,271064
33537,0.002615,172.217.194.0-255,5738,204407,87,271064
33538,0.002617,172.31.47.0-255,66,204473,87,271064
33539,0.002651,172.31.47.0-255,66,204539,87,271064
33540,0.002654,172.217.194.0-255,2184,206723,87,271064
33541,0.002656,172.31.47.0-255,66,206789,87,271064
33542,0.002708,172.217.194.0-255,1484,208273,87,271064
33543,0.002712,172.217.194.0-255,2902,211175,87,271064
33544,0.002714,172.31.47.0-255,66,211241,87,271064
33545,0.002729,172.217.194.0-255,5738,216979,87,271064
33546,0.002731,172.31.47.0-255,66,217045,87,271064
33547,0.002758,172.217.194.0-255,7156,224201,87,271064
33548,0.00276,172.31.47.0-255,66,224267,87,271064
33549,0.002775,172.217.194.0-255,4320,228587,87,271064
33550,0.002776,172.31.47.0-255,66,228653,87,271064
33551,0.002779,172.217.194.0-255,1484,230137,87,271064
33552,0.002782,172.217.194.0-255,1484,231621,87,271064
33553,0.002785,172.31.47.0-255,78,231699,87,271064
33554,0.002796,172.31.47.0-255,78,231777,87,271064
33555,0.002817,172.217.194.0-255,2184,233961,87,271064
33556,0.002819,172.31.47.0-255,66,234027,87,271064
33557,0.002829,172.31.47.0-255,66,234093,87,271064
33558,0.002833,172.217.194.0-255,2902,236995,87,271064
33559,0.002835,172.31.47.0-255,66,237061,87,271064
33560,0.00284,172.217.194.0-255,4320,241381,87,271064
33561,0.002842,172.31.47.0-255,66,241447,87,271064
33562,0.002881,172.217.194.0-255,5738,247185,87,271064
33563,0.002901,172.217.194.0-255,7156,254341,87,271064
33564,0.002935,172.217.194.0-255,4320,258661,87,271064
33565,0.003001,172.217.194.0-255,1484,260145,87,271064
33566,0.003015,172.217.194.0-255,2902,263047,87,271064
33567,0.003054,172.217.194.0-255,3387,266434,87,271064
33568,0.003076,172.217.194.0-255,105,266539,87,271064
33569,0.004596,172.31.47.0-255,66,266605,87,271064
33570,0.009034,172.31.47.0-255,105,266710,87,271064
33571,0.011552,172.217.194.0-255,66,266776,87,271064
33572,0.031351,172.31.47.0-255,172,266948,87,271064
33573,0.031381,172.31.47.0-255,1107,268055,87,271064
33574,0.031431,172.31.47.0-255,1514,269569,87,271064
33575,0.031433,172.31.47.0-255,1297,270866,87,271064
33576,0.032916,104.244.42.0-255,66,270932,87,271064
33577,0.032948,104.244.42.0-255,66,270998,87,271064
33578,0.032997,104.244.42.0-255,66,271064,87,271064
33579,0.0,172.217.24.0-255,153,153,87,320618
33580,2.3e-05,172.31.47.0-255,66,219,87,320618
33581,2.9e-05,172.217.24.0-255,1484,1703,87,320618
33582,3.2e-05,172.31.47.0-255,66,1769,87,320618
33583,3.7e-05,172.217.24.0-255,2902,4671,87,320618
33584,4.5e-05,172.31.47.0-255,66,4737,87,320618
33585,4.9e-05,172.217.24.0-255,4320,9057,87,320618
33586,5.1e-05,172.31.47.0-255,66,9123,87,320618
33587,5.6e-05,172.217.24.0-255,5046,14169,87,320618
33588,5.8e-05,172.31.47.0-255,66,14235,87,320618
33589,9.6e-05,172.31.47.0-255,66,14301,87,320618
33590,0.000101,172.217.24.0-255,5379,19680,87,320618
33591,0.000103,172.31.47.0-255,66,19746,87,320618
33592,0.00015,172.217.24.0-255,1484,21230,87,320618
33593,0.000155,172.31.47.0-255,66,21296,87,320618
33594,0.000159,172.217.24.0-255,2902,24198,87,320618
33595,0.000162,172.31.47.0-255,66,24264,87,320618
33596,0.000164,172.217.24.0-255,1484,25748,87,320618
33597,0.000166,172.31.47.0-255,66,25814,87,320618
33598,0.000195,172.217.24.0-255,4320,30134,87,320618
33599,0.000197,172.31.47.0-255,66,30200,87,320618
33600,0.000208,172.217.24.0-255,6797,36997,87,320618
33601,0.000211,172.31.47.0-255,66,37063,87,320618
33602,0.001312,172.217.24.0-255,1484,38547,87,320618
33603,0.001317,172.31.47.0-255,66,38613,87,320618
33604,0.001327,172.217.24.0-255,2902,41515,87,320618
33605,0.00133,172.31.47.0-255,66,41581,87,320618
33606,0.001334,172.217.24.0-255,2902,44483,87,320618
33607,0.001341,172.31.47.0-255,66,44549,87,320618
33608,0.001345,172.217.24.0-255,4320,48869,87,320618
33609,0.001347,172.31.47.0-255,66,48935,87,320618
33610,0.00135,172.217.24.0-255,1484,50419,87,320618
33611,0.001397,172.217.24.0-255,5738,56157,87,320618
33612,0.0014,172.31.47.0-255,66,56223,87,320618
33613,0.001402,172.217.24.0-255,6797,63020,87,320618
33614,0.001405,172.31.47.0-255,66,63086,87,320618
33615,0.001446,172.217.24.0-255,1484,64570,87,320618
33616,0.001451,172.217.24.0-255,2902,67472,87,320618
33617,0.001453,172.217.24.0-255,1484,68956,87,320618
33618,0.001459,172.31.47.0-255,66,69022,87,320618
33619,0.001486,172.217.24.0-255,4320,73342,87,320618
33620,0.00149,172.217.24.0-255,4320,77662,87,320618
33621,0.001491,172.31.47.0-255,66,77728,87,320618
33622,0.001504,172.31.47.0-255,66,77794,87,320618
33623,0.001524,172.217.24.0-255,3122,80916,87,320618
33624,0.001529,172.31.47.0-255,66,80982,87,320618
33625,0.002384,172.217.24.0-255,1484,82466,87,320618
33626,0.002392,172.217.24.0-255,2902,85368,87,320618
33627,0.002395,172.31.47.0-255,66,85434,87,320618
33628,0.002401,172.217.24.0-255,4320,89754,87,320618
33629,0.002417,172.217.24.0-255,1484,91238,87,320618
33630,0.002435,172.217.24.0-255,2902,94140,87,320618
33631,0.00244,172.217.24.0-255,4320,98460,87,320618
33632,0.002458,172.217.24.0-255,5738,104198,87,320618
33633,0.002475,172.217.24.0-255,2184,106382,87,320618
33634,0.002727,172.217.24.0-255,1484,107866,87,320618
33635,0.002739,172.217.24.0-255,2902,110768,87,320618
33636,0.002759,172.217.24.0-255,5738,116506,87,320618
33637,0.002761,172.217.24.0-255,1484,117990,87,320618
33638,0.002791,172.217.24.0-255,7156,125146,87,320618
33639,0.002805,172.217.24.0-255,1484,126630,87,320618
33640,0.002823,172.217.24.0-255,2184,128814,87,320618
33641,0.003395,172.217.24.0-255,1484,130298,87,320618
33642,0.003407,172.217.24.0-255,2902,133200,87,320618
33643,0.003431,172.217.24.0-255,2902,136102,87,320618
33644,0.003474,172.217.24.0-255,1484,137586,87,320618
33645,0.003484,172.217.24.0-255,1484,139070,87,320618
33646,0.003495,172.217.24.0-255,2902,141972,87,320618
33647,0.003504,172.217.24.0-255,1484,143456,87,320618
33648,0.003523,172.217.24.0-255,4320,147776,87,320618
33649,0.003538,172.217.24.0-255,4320,152096,87,320618
33650,0.003585,172.217.24.0-255,2184,154280,87,320618
33651,0.003655,172.217.24.0-255,1484,155764,87,320618
33652,0.003676,172.217.24.0-255,2902,158666,87,320618
33653,0.003686,172.217.24.0-255,1484,160150,87,320618
33654,0.003698,172.217.24.0-255,1484,161634,87,320618
33655,0.003703,172.217.24.0-255,4320,165954,87,320618
33656,0.003707,172.217.24.0-255,2902,168856,87,320618
33657,0.003725,172.217.24.0-255,5738,174594,87,320618
33658,0.003744,172.217.24.0-255,4320,178914,87,320618
33659,0.003794,172.217.24.0-255,5738,184652,87,320618
33660,0.003805,172.217.24.0-255,5738,190390,87,320618
33661,0.003875,172.217.24.0-255,3602,193992,87,320618
33662,0.003887,172.217.24.0-255,1484,195476,87,320618
33663,0.003902,172.217.24.0-255,2902,198378,87,320618
33664,0.003907,172.217.24.0-255,5738,204116,87,320618
33665,0.003921,172.217.24.0-255,5738,209854,87,320618
33666,0.003937,172.217.24.0-255,5738,215592,87,320618
33667,0.003956,172.217.24.0-255,5738,221330,87,320618
33668,0.003978,172.217.24.0-255,6438,227768,87,320618
33669,0.004056,172.217.24.0-255,1484,229252,87,320618
33670,0.004061,172.217.24.0-255,2902,232154,87,320618
33671,0.004075,172.217.24.0-255,1484,233638,87,320618
33672,0.004096,172.217.24.0-255,4320,237958,87,320618
33673,0.004101,172.217.24.0-255,2902,240860,87,320618
33674,0.004125,172.217.24.0-255,1484,242344,87,320618
33675,0.004143,172.217.24.0-255,2902,245246,87,320618
33676,0.004161,172.217.24.0-255,2902,248148,87,320618
33677,0.004166,172.217.24.0-255,4320,252468,87,320618
33678,0.004186,172.217.24.0-255,766,253234,87,320618
33679,0.004244,172.217.24.0-255,1484,254718,87,320618
33680,0.004261,172.217.24.0-255,2902,257620,87,320618
33681,0.004266,172.217.24.0-255,5738,263358,87,320618
33682,0.004284,172.217.24.0-255,1484,264842,87,320618
33683,0.004309,172.217.24.0-255,2902,267744,87,320618
33684,0.004331,172.217.24.0-255,7156,274900,87,320618
33685,0.004334,172.217.24.0-255,766,275666,87,320618
33686,0.004371,172.217.24.0-255,1484,277150,87,320618
33687,0.004382,172.217.24.0-255,2902,280052,87,320618
33688,0.004393,172.217.24.0-255,2902,282954,87,320618
33689,0.004405,172.217.24.0-255,2902,285856,87,320618
33690,0.004411,172.217.24.0-255,7156,293012,87,320618
33691,0.004429,172.217.24.0-255,5738,298750,87,320618
33692,0.00444,172.217.24.0-255,2902,301652,87,320618
33693,0.004457,172.217.24.0-255,2902,304554,87,320618
33694,0.004477,172.217.24.0-255,5020,309574,87,320618
33695,0.004509,172.217.24.0-255,1484,311058,87,320618
33696,0.004528,172.217.24.0-255,5896,316954,87,320618
33697,0.004572,172.217.24.0-255,105,317059,87,320618
33698,0.00534,172.31.47.0-255,66,317125,87,320618
33699,0.008094,172.31.47.0-255,105,317230,87,320618
33700,0.010011,172.217.24.0-255,66,317296,87,320618
33701,0.027345,172.31.47.0-255,171,317467,87,320618
33702,0.027373,172.31.47.0-255,1135,318602,87,320618
33703,0.027407,172.31.47.0-255,1514,320116,87,320618
33704,0.027408,172.31.47.0-255,304,320420,87,320618
33705,0.028882,104.244.42.0-255,66,320486,87,320618
33706,0.028921,104.244.42.0-255,66,320552,87,320618
33707,0.028973,104.244.42.0-255,66,320618,87,320618
33708,0.0,74.125.24.0-255,297,297,87,327189
33709,2.5e-05,172.31.47.0-255,66,363,87,327189
33710,3.1e-05,74.125.24.0-255,1484,1847,87,327189
33711,3.4e-05,172.31.47.0-255,66,1913,87,327189
33712,3.9e-05,74.125.24.0-255,4320,6233,87,327189
33713,5e-05,172.31.47.0-255,66,6299,87,327189
33714,7.3e-05,74.125.24.0-255,5738,12037,87,327189
33715,7.6e-05,172.31.47.0-255,66,12103,87,327189
33716,9.7e-05,74.125.24.0-255,2057,14160,87,327189
33717,9.9e-05,172.31.47.0-255,66,14226,87,327189
33718,0.001392,74.125.24.0-255,1484,15710,87,327189
33719,0.001398,172.31.47.0-255,66,15776,87,327189
33720,0.001406,74.125.24.0-255,2902,18678,87,327189
33721,0.001408,172.31.47.0-255,66,18744,87,327189
33722,0.001419,74.125.24.0-255,5738,24482,87,327189
33723,0.001421,172.31.47.0-255,66,24548,87,327189
33724,0.001451,74.125.24.0-255,6797,31345,87,327189
33725,0.001453,172.31.47.0-255,66,31411,87,327189
33726,0.001463,74.125.24.0-255,7156,38567,87,327189
33727,0.001465,172.31.47.0-255,66,38633,87,327189
33728,0.001498,172.31.47.0-255,66,38699,87,327189
33729,0.001651,74.125.24.0-255,1484,40183,87,327189
33730,0.001654,172.31.47.0-255,66,40249,87,327189
33731,0.001682,74.125.24.0-255,2902,43151,87,327189
33732,0.001686,74.125.24.0-255,5738,48889,87,327189
33733,0.00169,74.125.24.0-255,4320,53209,87,327189
33734,0.001694,172.31.47.0-255,66,53275,87,327189
33735,0.001696,172.31.47.0-255,66,53341,87,327189
33736,0.001698,172.31.47.0-255,66,53407,87,327189
33737,0.001718,74.125.24.0-255,2543,55950,87,327189
33738,0.001721,172.31.47.0-255,66,56016,87,327189
33739,0.001992,74.125.24.0-255,395,56411,87,327189
33740,0.002015,172.31.47.0-255,66,56477,87,327189
33741,0.003737,74.125.24.0-255,4320,60797,87,327189
33742,0.003743,172.31.47.0-255,66,60863,87,327189
33743,0.004069,74.125.24.0-255,1484,62347,87,327189
33744,0.00575,74.125.24.0-255,4320,66667,87,327189
33745,0.005756,172.31.47.0-255,66,66733,87,327189
33746,0.007793,74.125.24.0-255,5738,72471,87,327189
33747,0.007801,172.31.47.0-255,66,72537,87,327189
33748,0.009857,74.125.24.0-255,5738,78275,87,327189
33749,0.009869,172.31.47.0-255,66,78341,87,327189
33750,0.011906,74.125.24.0-255,5738,84079,87,327189
33751,0.011915,172.31.47.0-255,66,84145,87,327189
33752,0.013955,74.125.24.0-255,5738,89883,87,327189
33753,0.013963,172.31.47.0-255,66,89949,87,327189
33754,0.015788,172.31.47.0-255,172,90121,87,327189
33755,0.015823,172.31.47.0-255,1107,91228,87,327189
33756,0.015873,172.31.47.0-255,1514,92742,87,327189
33757,0.015875,172.31.47.0-255,1297,94039,87,327189
33758,0.016022,74.125.24.0-255,5738,99777,87,327189
33759,0.016028,172.31.47.0-255,66,99843,87,327189
33760,0.017352,104.244.42.0-255,66,99909,87,327189
33761,0.017358,104.244.42.0-255,66,99975,87,327189
33762,0.017446,104.244.42.0-255,66,100041,87,327189
33763,0.018064,74.125.24.0-255,5738,105779,87,327189
33764,0.018068,172.31.47.0-255,66,105845,87,327189
33765,0.020099,74.125.24.0-255,5738,111583,87,327189
33766,0.020104,172.31.47.0-255,66,111649,87,327189
33767,0.022183,74.125.24.0-255,5738,117387,87,327189
33768,0.022188,172.31.47.0-255,66,117453,87,327189
33769,0.024242,74.125.24.0-255,5738,123191,87,327189
33770,0.024247,172.31.47.0-255,66,123257,87,327189
33771,0.026275,74.125.24.0-255,5738,128995,87,327189
33772,0.026281,172.31.47.0-255,66,129061,87,327189
33773,0.02836,74.125.24.0-255,5738,134799,87,327189
33774,0.028365,172.31.47.0-255,66,134865,87,327189
33775,0.030406,74.125.24.0-255,4320,139185,87,327189
33776,0.03041,172.31.47.0-255,66,139251,87,327189
33777,0.030439,74.125.24.0-255,1484,140735,87,327189
33778,0.032474,74.125.24.0-255,4320,145055,87,327189
33779,0.032479,172.31.47.0-255,66,145121,87,327189
33780,0.034497,74.125.24.0-255,5738,150859,87,327189
33781,0.034502,172.31.47.0-255,66,150925,87,327189
33782,0.036529,74.125.24.0-255,2902,153827,87,327189
33783,0.036534,172.31.47.0-255,66,153893,87,327189
33784,0.036565,74.125.24.0-255,2902,156795,87,327189
33785,0.036568,172.31.47.0-255,66,156861,87,327189
33786,0.038576,74.125.24.0-255,5738,162599,87,327189
33787,0.038581,172.31.47.0-255,66,162665,87,327189
33788,0.040665,74.125.24.0-255,5738,168403,87,327189
33789,0.04067,172.31.47.0-255,66,168469,87,327189
33790,0.042725,74.125.24.0-255,5738,174207,87,327189
33791,0.042732,172.31.47.0-255,66,174273,87,327189
33792,0.04475,74.125.24.0-255,4320,178593,87,327189
33793,0.044755,172.31.47.0-255,66,178659,87,327189
33794,0.04478,74.125.24.0-255,1484,180143,87,327189
33795,0.046814,74.125.24.0-255,4320,184463,87,327189
33796,0.04682,172.31.47.0-255,66,184529,87,327189
33797,0.048878,74.125.24.0-255,4320,188849,87,327189
33798,0.048883,172.31.47.0-255,66,188915,87,327189
33799,0.048916,74.125.24.0-255,1484,190399,87,327189
33800,0.050897,74.125.24.0-255,4320,194719,87,327189
33801,0.050904,172.31.47.0-255,66,194785,87,327189
33802,0.052909,74.125.24.0-255,2902,197687,87,327189
33803,0.052914,172.31.47.0-255,66,197753,87,327189
33804,0.052943,74.125.24.0-255,2902,200655,87,327189
33805,0.052946,172.31.47.0-255,66,200721,87,327189
33806,0.054915,74.125.24.0-255,2902,203623,87,327189
33807,0.05492,172.31.47.0-255,66,203689,87,327189
33808,0.054976,74.125.24.0-255,2902,206591,87,327189
33809,0.05498,172.31.47.0-255,66,206657,87,327189
33810,0.057004,74.125.24.0-255,5738,212395,87,327189
33811,0.057009,172.31.47.0-255,66,212461,87,327189
33812,0.059018,74.125.24.0-255,5738,218199,87,327189
33813,0.059022,172.31.47.0-255,66,218265,87,327189
33814,0.061082,74.125.24.0-255,5738,224003,87,327189
33815,0.061089,172.31.47.0-255,66,224069,87,327189
33816,0.063147,74.125.24.0-255,5738,229807,87,327189
33817,0.063151,172.31.47.0-255,66,229873,87,327189
33818,0.065189,74.125.24.0-255,5738,235611,87,327189
33819,0.065194,172.31.47.0-255,66,235677,87,327189
33820,0.067252,74.125.24.0-255,5738,241415,87,327189
33821,0.067256,172.31.47.0-255,66,241481,87,327189
33822,0.069355,74.125.24.0-255,5738,247219,87,327189
33823,0.069361,172.31.47.0-255,66,247285,87,327189
33824,0.071453,74.125.24.0-255,5738,253023,87,327189
33825,0.071465,172.31.47.0-255,66,253089,87,327189
33826,0.073497,74.125.24.0-255,5738,258827,87,327189
33827,0.073502,172.31.47.0-255,66,258893,87,327189
33828,0.075549,74.125.24.0-255,5738,264631,87,327189
33829,0.075554,172.31.47.0-255,66,264697,87,327189
33830,0.077594,74.125.24.0-255,5738,270435,87,327189
33831,0.077598,172.31.47.0-255,66,270501,87,327189
33832,0.07965,74.125.24.0-255,5738,276239,87,327189
33833,0.079655,172.31.47.0-255,66,276305,87,327189
33834,0.081689,74.125.24.0-255,5738,282043,87,327189
33835,0.081694,172.31.47.0-255,66,282109,87,327189
33836,0.083738,74.125.24.0-255,5738,287847,87,327189
33837,0.083742,172.31.47.0-255,66,287913,87,327189
33838,0.085783,74.125.24.0-255,5738,293651,87,327189
33839,0.085787,172.31.47.0-255,66,293717,87,327189
33840,0.087809,74.125.24.0-255,5738,299455,87,327189
33841,0.087832,172.31.47.0-255,66,299521,87,327189
33842,0.089884,74.125.24.0-255,4320,303841,87,327189
33843,0.089889,172.31.47.0-255,66,303907,87,327189
33844,0.089916,74.125.24.0-255,1484,305391,87,327189
33845,0.091933,74.125.24.0-255,4320,309711,87,327189
33846,0.091937,172.31.47.0-255,66,309777,87,327189
33847,0.093981,74.125.24.0-255,5738,315515,87,327189
33848,0.093986,172.31.47.0-255,66,315581,87,327189
33849,0.096019,74.125.24.0-255,5738,321319,87,327189
33850,0.096024,172.31.47.0-255,66,321385,87,327189
33851,0.098063,74.125.24.0-255,5738,327123,87,327189
33852,0.098068,172.31.47.0-255,66,327189,87,327189
33853,0.0,172.253.118.0-255,153,153,87,360889
33854,2.8e-05,172.31.47.0-255,66,219,87,360889
33855,3.4e-05,172.253.118.0-255,1484,1703,87,360889
33856,3.8e-05,172.31.47.0-255,66,1769,87,360889
33857,4.3e-05,172.253.118.0-255,2902,4671,87,360889
33858,4.5e-05,172.31.47.0-255,66,4737,87,360889
33859,5.6e-05,172.253.118.0-255,1484,6221,87,360889
33860,5.9e-05,172.31.47.0-255,66,6287,87,360889
33861,9.7e-05,172.253.118.0-255,5738,12025,87,360889
33862,0.0001,172.31.47.0-255,66,12091,87,360889
33863,0.000104,172.253.118.0-255,1984,14075,87,360889
33864,0.000106,172.31.47.0-255,66,14141,87,360889
33865,0.000465,172.253.118.0-255,1484,15625,87,360889
33866,0.00047,172.31.47.0-255,66,15691,87,360889
33867,0.000478,172.253.118.0-255,2902,18593,87,360889
33868,0.00048,172.31.47.0-255,66,18659,87,360889
33869,0.000491,172.253.118.0-255,2902,21561,87,360889
33870,0.000494,172.31.47.0-255,66,21627,87,360889
33871,0.000523,172.253.118.0-255,2902,24529,87,360889
33872,0.000526,172.31.47.0-255,66,24595,87,360889
33873,0.00054,172.253.118.0-255,6797,31392,87,360889
33874,0.000544,172.31.47.0-255,66,31458,87,360889
33875,0.00055,172.253.118.0-255,7156,38614,87,360889
33876,0.000553,172.31.47.0-255,66,38680,87,360889
33877,0.000592,172.31.47.0-255,66,38746,87,360889
33878,0.000637,172.253.118.0-255,1484,40230,87,360889
33879,0.000641,172.31.47.0-255,66,40296,87,360889
33880,0.000645,172.253.118.0-255,1484,41780,87,360889
33881,0.000646,172.31.47.0-255,66,41846,87,360889
33882,0.000672,172.253.118.0-255,1484,43330,87,360889
33883,0.000679,172.31.47.0-255,66,43396,87,360889
33884,0.000687,172.253.118.0-255,5738,49134,87,360889
33885,0.00069,172.31.47.0-255,66,49200,87,360889
33886,0.000695,172.253.118.0-255,4320,53520,87,360889
33887,0.000697,172.31.47.0-255,66,53586,87,360889
33888,0.000723,172.253.118.0-255,2871,56457,87,360889
33889,0.000725,172.31.47.0-255,66,56523,87,360889
33890,0.000832,172.253.118.0-255,1484,58007,87,360889
33891,0.000849,172.253.118.0-255,2902,60909,87,360889
33892,0.000853,172.31.47.0-255,66,60975,87,360889
33893,0.000876,172.253.118.0-255,5738,66713,87,360889
33894,0.00088,172.31.47.0-255,66,66779,87,360889
33895,0.000884,172.253.118.0-255,2902,69681,87,360889
33896,0.000886,172.31.47.0-255,66,69747,87,360889
33897,0.000927,172.253.118.0-255,3961,73708,87,360889
33898,0.000932,172.31.47.0-255,66,73774,87,360889
33899,0.000992,172.253.118.0-255,2902,76676,87,360889
33900,0.000995,172.31.47.0-255,66,76742,87,360889
33901,0.001022,172.253.118.0-255,4320,81062,87,360889
33902,0.001025,172.31.47.0-255,66,81128,87,360889
33903,0.001031,172.253.118.0-255,5738,86866,87,360889
33904,0.001033,172.31.47.0-255,66,86932,87,360889
33905,0.001073,172.253.118.0-255,3961,90893,87,360889
33906,0.001075,172.31.47.0-255,66,90959,87,360889
33907,0.001828,172.253.118.0-255,1484,92443,87,360889
33908,0.001871,172.253.118.0-255,2902,95345,87,360889
33909,0.001875,172.31.47.0-255,66,95411,87,360889
33910,0.001878,172.253.118.0-255,1484,96895,87,360889
33911,0.001894,172.253.118.0-255,4320,101215,87,360889
33912,0.001897,172.31.47.0-255,66,101281,87,360889
33913,0.0019,172.253.118.0-255,2902,104183,87,360889
33914,0.001902,172.31.47.0-255,66,104249,87,360889
33915,0.001931,172.253.118.0-255,7156,111405,87,360889
33916,0.001934,172.31.47.0-255,66,111471,87,360889
33917,0.001939,172.253.118.0-255,2902,114373,87,360889
33918,0.001941,172.31.47.0-255,66,114439,87,360889
33919,0.00198,172.31.47.0-255,66,114505,87,360889
33920,0.001983,172.253.118.0-255,766,115271,87,360889
33921,0.002106,172.253.118.0-255,1484,116755,87,360889
33922,0.002109,172.31.47.0-255,66,116821,87,360889
33923,0.002114,172.253.118.0-255,2902,119723,87,360889
33924,0.002115,172.31.47.0-255,66,119789,87,360889
33925,0.002134,172.253.118.0-255,4320,124109,87,360889
33926,0.002137,172.31.47.0-255,66,124175,87,360889
33927,0.002157,172.253.118.0-255,1484,125659,87,360889
33928,0.002161,172.253.118.0-255,2902,128561,87,360889
33929,0.002163,172.31.47.0-255,66,128627,87,360889
33930,0.002179,172.31.47.0-255,66,128693,87,360889
33931,0.002205,172.31.47.0-255,66,128759,87,360889
33932,0.002519,172.253.118.0-255,1484,130243,87,360889
33933,0.002532,172.253.118.0-255,2902,133145,87,360889
33934,0.002535,172.31.47.0-255,66,133211,87,360889
33935,0.002547,172.253.118.0-255,2902,136113,87,360889
33936,0.002549,172.31.47.0-255,66,136179,87,360889
33937,0.002575,172.253.118.0-255,2902,139081,87,360889
33938,0.002578,172.31.47.0-255,66,139147,87,360889
33939,0.002589,172.253.118.0-255,1484,140631,87,360889
33940,0.002618,172.31.47.0-255,66,140697,87,360889
33941,0.002622,172.253.118.0-255,2902,143599,87,360889
33942,0.002623,172.31.47.0-255,66,143665,87,360889
33943,0.002626,172.253.118.0-255,1484,145149,87,360889
33944,0.005227,172.253.118.0-255,4320,149469,87,360889
33945,0.005233,172.31.47.0-255,66,149535,87,360889
33946,0.007801,172.253.118.0-255,1484,151019,87,360889
33947,0.007828,172.253.118.0-255,4320,155339,87,360889
33948,0.007832,172.31.47.0-255,66,155405,87,360889
33949,0.010408,172.253.118.0-255,5738,161143,87,360889
33950,0.010422,172.31.47.0-255,66,161209,87,360889
33951,0.013009,172.253.118.0-255,5738,166947,87,360889
33952,0.013023,172.31.47.0-255,66,167013,87,360889
33953,0.015608,172.253.118.0-255,5738,172751,87,360889
33954,0.015618,172.31.47.0-255,66,172817,87,360889
33955,0.018188,172.253.118.0-255,2902,175719,87,360889
33956,0.018194,172.31.47.0-255,66,175785,87,360889
33957,0.018224,172.253.118.0-255,2902,178687,87,360889
33958,0.018227,172.31.47.0-255,66,178753,87,360889
33959,0.020363,172.31.47.0-255,172,178925,87,360889
33960,0.020391,172.31.47.0-255,1111,180036,87,360889
33961,0.020428,172.31.47.0-255,1514,181550,87,360889
33962,0.02043,172.31.47.0-255,1293,182843,87,360889
33963,0.020744,172.253.118.0-255,2902,185745,87,360889
33964,0.02075,172.31.47.0-255,66,185811,87,360889
33965,0.020774,172.253.118.0-255,2902,188713,87,360889
33966,0.020777,172.31.47.0-255,66,188779,87,360889
33967,0.021889,104.244.42.0-255,66,188845,87,360889
33968,0.022083,104.244.42.0-255,66,188911,87,360889
33969,0.022087,104.244.42.0-255,66,188977,87,360889
33970,0.023303,172.253.118.0-255,2902,191879,87,360889
33971,0.023307,172.31.47.0-255,66,191945,87,360889
33972,0.023342,172.253.118.0-255,2902,194847,87,360889
33973,0.023345,172.31.47.0-255,66,194913,87,360889
33974,0.025861,172.253.118.0-255,2902,197815,87,360889
33975,0.025867,172.31.47.0-255,66,197881,87,360889
33976,0.025904,172.253.118.0-255,1484,199365,87,360889
33977,0.02592,172.253.118.0-255,1484,200849,87,360889
33978,0.025923,172.31.47.0-255,66,200915,87,360889
33979,0.028425,172.253.118.0-255,2902,203817,87,360889
33980,0.02843,172.31.47.0-255,66,203883,87,360889
33981,0.02848,172.253.118.0-255,2902,206785,87,360889
33982,0.028484,172.31.47.0-255,66,206851,87,360889
33983,0.030992,172.253.118.0-255,2902,209753,87,360889
33984,0.030996,172.31.47.0-255,66,209819,87,360889
33985,0.031036,172.253.118.0-255,2902,212721,87,360889
33986,0.031039,172.31.47.0-255,66,212787,87,360889
33987,0.033559,172.253.118.0-255,2902,215689,87,360889
33988,0.033563,172.31.47.0-255,66,215755,87,360889
33989,0.033593,172.253.118.0-255,2902,218657,87,360889
33990,0.033596,172.31.47.0-255,66,218723,87,360889
33991,0.036123,172.253.118.0-255,2902,221625,87,360889
33992,0.036127,172.31.47.0-255,66,221691,87,360889
33993,0.03616,172.253.118.0-255,2902,224593,87,360889
33994,0.036163,172.31.47.0-255,66,224659,87,360889
33995,0.038682,172.253.118.0-255,2902,227561,87,360889
33996,0.038687,172.31.47.0-255,66,227627,87,360889
33997,0.038727,172.253.118.0-255,2902,230529,87,360889
33998,0.03873,172.31.47.0-255,66,230595,87,360889
33999,0.041246,172.253.118.0-255,2902,233497,87,360889
34000,0.041252,172.31.47.0-255,66,233563,87,360889
34001,0.041284,172.253.118.0-255,2902,236465,87,360889
34002,0.041286,172.31.47.0-255,66,236531,87,360889
34003,0.04381,172.253.118.0-255,2902,239433,87,360889
34004,0.043816,172.31.47.0-255,66,239499,87,360889
34005,0.043843,172.253.118.0-255,2902,242401,87,360889
34006,0.043846,172.31.47.0-255,66,242467,87,360889
34007,0.046377,172.253.118.0-255,2902,245369,87,360889
34008,0.046382,172.31.47.0-255,66,245435,87,360889
34009,0.046411,172.253.118.0-255,2902,248337,87,360889
34010,0.046414,172.31.47.0-255,66,248403,87,360889
34011,0.048948,172.253.118.0-255,2902,251305,87,360889
34012,0.048952,172.31.47.0-255,66,251371,87,360889
34013,0.048987,172.253.118.0-255,2902,254273,87,360889
34014,0.04899,172.31.47.0-255,66,254339,87,360889
34015,0.051512,172.253.118.0-255,2902,257241,87,360889
34016,0.051516,172.31.47.0-255,66,257307,87,360889
34017,0.051547,172.253.118.0-255,2902,260209,87,360889
34018,0.05155,172.31.47.0-255,66,260275,87,360889
34019,0.054065,172.253.118.0-255,2902,263177,87,360889
34020,0.054069,172.31.47.0-255,66,263243,87,360889
34021,0.054103,172.253.118.0-255,2902,266145,87,360889
34022,0.054107,172.31.47.0-255,66,266211,87,360889
34023,0.056632,172.253.118.0-255,1484,267695,87,360889
34024,0.056668,172.253.118.0-255,4320,272015,87,360889
34025,0.056672,172.31.47.0-255,66,272081,87,360889
34026,0.059232,172.253.118.0-255,5738,277819,87,360889
34027,0.059237,172.31.47.0-255,66,277885,87,360889
34028,0.061807,172.253.118.0-255,5738,283623,87,360889
34029,0.061812,172.31.47.0-255,66,283689,87,360889
34030,0.064371,172.253.118.0-255,4320,288009,87,360889
34031,0.064376,172.31.47.0-255,66,288075,87,360889
34032,0.064404,172.253.118.0-255,1484,289559,87,360889
34033,0.066945,172.253.118.0-255,4320,293879,87,360889
34034,0.06695,172.31.47.0-255,66,293945,87,360889
34035,0.069512,172.253.118.0-255,5738,299683,87,360889
34036,0.069517,172.31.47.0-255,66,299749,87,360889
34037,0.072068,172.253.118.0-255,5738,305487,87,360889
34038,0.072073,172.31.47.0-255,66,305553,87,360889
34039,0.074634,172.253.118.0-255,4320,309873,87,360889
34040,0.074639,172.31.47.0-255,66,309939,87,360889
34041,0.074683,172.253.118.0-255,1484,311423,87,360889
34042,0.077206,172.253.118.0-255,4320,315743,87,360889
34043,0.077211,172.31.47.0-255,66,315809,87,360889
34044,0.079764,172.253.118.0-255,5738,321547,87,360889
34045,0.079769,172.31.47.0-255,66,321613,87,360889
34046,0.082341,172.253.118.0-255,5738,327351,87,360889
34047,0.082346,172.31.47.0-255,66,327417,87,360889
34048,0.084891,172.253.118.0-255,4320,331737,87,360889
34049,0.084896,172.31.47.0-255,66,331803,87,360889
34050,0.084929,172.253.118.0-255,1484,333287,87,360889
34051,0.087482,172.253.118.0-255,4320,337607,87,360889
34052,0.087487,172.31.47.0-255,66,337673,87,360889
34053,0.090045,172.253.118.0-255,5738,343411,87,360889
34054,0.090051,172.31.47.0-255,66,343477,87,360889
34055,0.092639,172.253.118.0-255,5738,349215,87,360889
34056,0.092644,172.31.47.0-255,66,349281,87,360889
34057,0.095204,172.253.118.0-255,5738,355019,87,360889
34058,0.09521,172.31.47.0-255,66,355085,87,360889
34059,0.097766,172.253.118.0-255,5738,360823,87,360889
34060,0.097771,172.31.47.0-255,66,360889,87,360889
34061,0.0,172.31.47.0-255,162,162,87,228
34062,0.007565,74.125.24.0-255,66,228,87,228
34063,0.0,74.125.200.0-255,155,155,87,327466
34064,3.4e-05,172.31.47.0-255,66,221,87,327466
34065,4e-05,74.125.200.0-255,1484,1705,87,327466
34066,4.5e-05,172.31.47.0-255,66,1771,87,327466
34067,4.9e-05,74.125.200.0-255,2902,4673,87,327466
34068,5.9e-05,172.31.47.0-255,66,4739,87,327466
34069,6.6e-05,74.125.200.0-255,7156,11895,87,327466
34070,6.8e-05,172.31.47.0-255,66,11961,87,327466
34071,7.2e-05,74.125.200.0-255,2004,13965,87,327466
34072,7.4e-05,172.31.47.0-255,66,14031,87,327466
34073,0.000117,74.125.200.0-255,2902,16933,87,327466
34074,0.00012,172.31.47.0-255,66,16999,87,327466
34075,0.000123,74.125.200.0-255,1484,18483,87,327466
34076,0.000125,172.31.47.0-255,66,18549,87,327466
34077,0.000129,74.125.200.0-255,2902,21451,87,327466
34078,0.000131,172.31.47.0-255,66,21517,87,327466
34079,0.000172,74.125.200.0-255,5738,27255,87,327466
34080,0.000176,172.31.47.0-255,66,27321,87,327466
34081,0.00023,74.125.200.0-255,3961,31282,87,327466
34082,0.000233,172.31.47.0-255,66,31348,87,327466
34083,0.000302,74.125.200.0-255,1484,32832,87,327466
34084,0.000306,172.31.47.0-255,66,32898,87,327466
34085,0.000334,74.125.200.0-255,2902,35800,87,327466
34086,0.000338,172.31.47.0-255,66,35866,87,327466
34087,0.000343,74.125.200.0-255,4320,40186,87,327466
34088,0.000347,172.31.47.0-255,66,40252,87,327466
34089,0.00039,172.31.47.0-255,66,40318,87,327466
34090,0.000398,74.125.200.0-255,7156,47474,87,327466
34091,0.0004,172.31.47.0-255,66,47540,87,327466
34092,0.000428,74.125.200.0-255,1484,49024,87,327466
34093,0.000431,172.31.47.0-255,66,49090,87,327466
34094,0.000449,172.31.47.0-255,66,49156,87,327466
34095,0.000452,74.125.200.0-255,374,49530,87,327466
34096,0.000749,74.125.200.0-255,1484,51014,87,327466
34097,0.000753,172.31.47.0-255,66,51080,87,327466
34098,0.000759,74.125.200.0-255,2902,53982,87,327466
34099,0.000762,172.31.47.0-255,66,54048,87,327466
34100,0.000796,74.125.200.0-255,2902,56950,87,327466
34101,0.000799,172.31.47.0-255,66,57016,87,327466
34102,0.000805,74.125.200.0-255,4320,61336,87,327466
34103,0.000807,172.31.47.0-255,66,61402,87,327466
34104,0.000834,172.31.47.0-255,66,61468,87,327466
34105,0.000841,74.125.200.0-255,7156,68624,87,327466
34106,0.000843,172.31.47.0-255,66,68690,87,327466
34107,0.000882,74.125.200.0-255,6438,75128,87,327466
34108,0.00089,172.31.47.0-255,66,75194,87,327466
34109,0.00113,74.125.200.0-255,1484,76678,87,327466
34110,0.001137,74.125.200.0-255,2902,79580,87,327466
34111,0.00114,172.31.47.0-255,66,79646,87,327466
34112,0.001144,74.125.200.0-255,1484,81130,87,327466
34113,0.001174,74.125.200.0-255,4320,85450,87,327466
34114,0.001177,172.31.47.0-255,66,85516,87,327466
34115,0.001213,172.31.47.0-255,66,85582,87,327466
34116,0.001243,74.125.200.0-255,5738,91320,87,327466
34117,0.001247,172.31.47.0-255,66,91386,87,327466
34118,0.001276,74.125.200.0-255,5020,96406,87,327466
34119,0.00128,172.31.47.0-255,66,96472,87,327466
34120,0.001306,74.125.200.0-255,1484,97956,87,327466
34121,0.001311,74.125.200.0-255,2902,100858,87,327466
34122,0.001314,172.31.47.0-255,66,100924,87,327466
34123,0.001321,74.125.200.0-255,5738,106662,87,327466
34124,0.001323,172.31.47.0-255,66,106728,87,327466
34125,0.001351,74.125.200.0-255,4320,111048,87,327466
34126,0.001354,172.31.47.0-255,66,111114,87,327466
34127,0.00136,74.125.200.0-255,5738,116852,87,327466
34128,0.001363,172.31.47.0-255,66,116918,87,327466
34129,0.001403,172.31.47.0-255,66,116984,87,327466
34130,0.001407,74.125.200.0-255,2184,119168,87,327466
34131,0.001408,172.31.47.0-255,66,119234,87,327466
34132,0.001488,74.125.200.0-255,1484,120718,87,327466
34133,0.001507,74.125.200.0-255,2902,123620,87,327466
34134,0.001511,172.31.47.0-255,66,123686,87,327466
34135,0.001518,74.125.200.0-255,5738,129424,87,327466
34136,0.001521,172.31.47.0-255,66,129490,87,327466
34137,0.00154,74.125.200.0-255,7156,136646,87,327466
34138,0.001544,172.31.47.0-255,66,136712,87,327466
34139,0.00159,172.31.47.0-255,66,136778,87,327466
34140,0.001601,172.31.47.0-255,66,136844,87,327466
34141,0.001664,74.125.200.0-255,1484,138328,87,327466
34142,0.001679,74.125.200.0-255,2902,141230,87,327466
34143,0.001682,172.31.47.0-255,66,141296,87,327466
34144,0.001688,74.125.200.0-255,2902,144198,87,327466
34145,0.00169,172.31.47.0-255,66,144264,87,327466
34146,0.001707,74.125.200.0-255,1484,145748,87,327466
34147,0.001736,172.31.47.0-255,66,145814,87,327466
34148,0.00175,172.31.47.0-255,66,145880,87,327466
34149,0.001796,74.125.200.0-255,6438,152318,87,327466
34150,0.0018,172.31.47.0-255,66,152384,87,327466
34151,0.001958,74.125.200.0-255,1484,153868,87,327466
34152,0.001995,74.125.200.0-255,1484,155352,87,327466
34153,0.001998,172.31.47.0-255,66,155418,87,327466
34154,0.002003,74.125.200.0-255,2902,158320,87,327466
34155,0.002005,172.31.47.0-255,66,158386,87,327466
34156,0.002039,74.125.200.0-255,5738,164124,87,327466
34157,0.002042,172.31.47.0-255,66,164190,87,327466
34158,0.002074,74.125.200.0-255,7156,171346,87,327466
34159,0.002077,172.31.47.0-255,66,171412,87,327466
34160,0.002101,74.125.200.0-255,5738,177150,87,327466
34161,0.002103,172.31.47.0-255,66,177216,87,327466
34162,0.002123,74.125.200.0-255,5738,182954,87,327466
34163,0.002125,172.31.47.0-255,66,183020,87,327466
34164,0.002138,74.125.200.0-255,3602,186622,87,327466
34165,0.00214,172.31.47.0-255,66,186688,87,327466
34166,0.00218,74.125.200.0-255,4320,191008,87,327466
34167,0.002182,172.31.47.0-255,66,191074,87,327466
34168,0.002187,74.125.200.0-255,4320,195394,87,327466
34169,0.002189,172.31.47.0-255,66,195460,87,327466
34170,0.002214,74.125.200.0-255,5738,201198,87,327466
34171,0.002217,172.31.47.0-255,66,201264,87,327466
34172,0.002274,172.31.47.0-255,66,201330,87,327466
34173,0.002278,74.125.200.0-255,4320,205650,87,327466
34174,0.002281,172.31.47.0-255,66,205716,87,327466
34175,0.002284,74.125.200.0-255,1484,207200,87,327466
34176,0.002307,74.125.200.0-255,2184,209384,87,327466
34177,0.002309,172.31.47.0-255,66,209450,87,327466
34178,0.004843,74.125.200.0-255,1484,210934,87,327466
34179,0.00486,74.125.200.0-255,2902,213836,87,327466
34180,0.004862,172.31.47.0-255,66,213902,87,327466
34181,0.004883,74.125.200.0-255,1484,215386,87,327466
34182,0.007432,74.125.200.0-255,4320,219706,87,327466
34183,0.007438,172.31.47.0-255,66,219772,87,327466
34184,0.010015,74.125.200.0-255,5738,225510,87,327466
34185,0.010021,172.31.47.0-255,66,225576,87,327466
34186,0.012595,74.125.200.0-255,5738,231314,87,327466
34187,0.012605,172.31.47.0-255,66,231380,87,327466
34188,0.015187,74.125.200.0-255,5738,237118,87,327466
34189,0.015198,172.31.47.0-255,66,237184,87,327466
34190,0.017771,74.125.200.0-255,5738,242922,87,327466
34191,0.017779,172.31.47.0-255,66,242988,87,327466
34192,0.020353,74.125.200.0-255,5738,248726,87,327466
34193,0.02036,172.31.47.0-255,66,248792,87,327466
34194,0.02293,74.125.200.0-255,5738,254530,87,327466
34195,0.022937,172.31.47.0-255,66,254596,87,327466
34196,0.025511,74.125.200.0-255,5738,260334,87,327466
34197,0.025517,172.31.47.0-255,66,260400,87,327466
34198,0.028079,172.31.47.0-255,166,260566,87,327466
34199,0.028087,74.125.200.0-255,5738,266304,87,327466
34200,0.028091,172.31.47.0-255,66,266370,87,327466
34201,0.028108,172.31.47.0-255,1136,267506,87,327466
34202,0.028193,172.31.47.0-255,1514,269020,87,327466
34203,0.028195,172.31.47.0-255,1268,270288,87,327466
34204,0.029608,104.244.42.0-255,66,270354,87,327466
34205,0.029639,104.244.42.0-255,66,270420,87,327466
34206,0.029714,104.244.42.0-255,66,270486,87,327466
34207,0.030655,74.125.200.0-255,5738,276224,87,327466
34208,0.030659,172.31.47.0-255,66,276290,87,327466
34209,0.03323,74.125.200.0-255,5738,282028,87,327466
34210,0.033247,172.31.47.0-255,66,282094,87,327466
34211,0.035831,74.125.200.0-255,5738,287832,87,327466
34212,0.035846,172.31.47.0-255,66,287898,87,327466
34213,0.038414,74.125.200.0-255,5738,293636,87,327466
34214,0.038421,172.31.47.0-255,66,293702,87,327466
34215,0.040994,74.125.200.0-255,5738,299440,87,327466
34216,0.041002,172.31.47.0-255,66,299506,87,327466
34217,0.043575,74.125.200.0-255,5738,305244,87,327466
34218,0.043581,172.31.47.0-255,66,305310,87,327466
34219,0.046142,74.125.200.0-255,2902,308212,87,327466
34220,0.046147,172.31.47.0-255,66,308278,87,327466
34221,0.046175,74.125.200.0-255,2902,311180,87,327466
34222,0.046177,172.31.47.0-255,66,311246,87,327466
34223,0.048721,74.125.200.0-255,2902,314148,87,327466
34224,0.048727,172.31.47.0-255,66,314214,87,327466
34225,0.048761,74.125.200.0-255,2902,317116,87,327466
34226,0.048764,172.31.47.0-255,66,317182,87,327466
34227,0.051296,74.125.200.0-255,2902,320084,87,327466
34228,0.051303,172.31.47.0-255,66,320150,87,327466
34229,0.051334,74.125.200.0-255,2902,323052,87,327466
34230,0.051337,172.31.47.0-255,66,323118,87,327466
34231,0.053879,74.125.200.0-255,2902,326020,87,327466
34232,0.053883,172.31.47.0-255,66,326086,87,327466
34233,0.053912,74.125.200.0-255,1143,327229,87,327466
34234,0.054039,172.31.47.0-255,66,327295,87,327466
34235,0.054067,172.31.47.0-255,105,327400,87,327466
34236,0.05659,74.125.200.0-255,66,327466,87,327466
34237,0.0,172.217.194.0-255,153,153,87,294821
34238,2e-05,172.31.47.0-255,66,219,87,294821
34239,5.3e-05,172.217.194.0-255,1484,1703,87,294821
34240,5.7e-05,172.31.47.0-255,66,1769,87,294821
34241,6.1e-05,172.217.194.0-255,2902,4671,87,294821
34242,6.3e-05,172.31.47.0-255,66,4737,87,294821
34243,8.4e-05,172.217.194.0-255,1484,6221,87,294821
34244,8.7e-05,172.31.47.0-255,66,6287,87,294821
34245,0.000105,172.217.194.0-255,4320,10607,87,294821
34246,0.000108,172.31.47.0-255,66,10673,87,294821
34247,0.000135,172.217.194.0-255,3625,14298,87,294821
34248,0.000138,172.31.47.0-255,66,14364,87,294821
34249,0.00052,172.217.194.0-255,1484,15848,87,294821
34250,0.000525,172.31.47.0-255,66,15914,87,294821
34251,0.000535,172.217.194.0-255,2902,18816,87,294821
34252,0.000544,172.31.47.0-255,66,18882,87,294821
34253,0.00055,172.217.194.0-255,5738,24620,87,294821
34254,0.000552,172.31.47.0-255,66,24686,87,294821
34255,0.000581,172.217.194.0-255,1484,26170,87,294821
34256,0.000584,172.31.47.0-255,66,26236,87,294821
34257,0.000619,172.31.47.0-255,66,26302,87,294821
34258,0.000628,172.31.47.0-255,66,26368,87,294821
34259,0.000636,172.217.194.0-255,1125,27493,87,294821
34260,0.000638,172.31.47.0-255,66,27559,87,294821
34261,0.001072,172.217.194.0-255,1484,29043,87,294821
34262,0.001078,172.31.47.0-255,66,29109,87,294821
34263,0.001083,172.217.194.0-255,2902,32011,87,294821
34264,0.001085,172.31.47.0-255,66,32077,87,294821
34265,0.00111,172.217.194.0-255,5738,37815,87,294821
34266,0.001112,172.31.47.0-255,66,37881,87,294821
34267,0.001156,172.217.194.0-255,1484,39365,87,294821
34268,0.001175,172.217.194.0-255,5959,45324,87,294821
34269,0.001178,172.31.47.0-255,66,45390,87,294821
34270,0.001292,172.217.194.0-255,1484,46874,87,294821
34271,0.001302,172.217.194.0-255,2902,49776,87,294821
34272,0.001305,172.31.47.0-255,66,49842,87,294821
34273,0.001307,172.217.194.0-255,1484,51326,87,294821
34274,0.001323,172.217.194.0-255,4320,55646,87,294821
34275,0.001325,172.31.47.0-255,66,55712,87,294821
34276,0.001347,172.217.194.0-255,2902,58614,87,294821
34277,0.001349,172.31.47.0-255,66,58680,87,294821
34278,0.001378,172.31.47.0-255,66,58746,87,294821
34279,0.001382,172.217.194.0-255,2902,61648,87,294821
34280,0.001384,172.31.47.0-255,66,61714,87,294821
34281,0.001412,172.31.47.0-255,66,61780,87,294821
34282,0.00187,172.217.194.0-255,1484,63264,87,294821
34283,0.001873,172.217.194.0-255,1484,64748,87,294821
34284,0.001875,172.31.47.0-255,66,64814,87,294821
34285,0.001896,172.217.194.0-255,1484,66298,87,294821
34286,0.001902,172.217.194.0-255,5738,72036,87,294821
34287,0.001904,172.31.47.0-255,66,72102,87,294821
34288,0.001934,172.31.47.0-255,66,72168,87,294821
34289,0.001954,172.217.194.0-255,1484,73652,87,294821
34290,0.001979,172.217.194.0-255,2902,76554,87,294821
34291,0.001981,172.31.47.0-255,66,76620,87,294821
34292,0.002007,172.31.47.0-255,66,76686,87,294821
34293,0.004562,172.217.194.0-255,5738,82424,87,294821
34294,0.004571,172.31.47.0-255,66,82490,87,294821
34295,0.007116,172.217.194.0-255,5738,88228,87,294821
34296,0.007122,172.31.47.0-255,66,88294,87,294821
34297,0.009676,172.217.194.0-255,5738,94032,87,294821
34298,0.009683,172.31.47.0-255,66,94098,87,294821
34299,0.012231,172.217.194.0-255,4320,98418,87,294821
34300,0.012237,172.31.47.0-255,66,98484,87,294821
34301,0.01227,172.217.194.0-255,1484,99968,87,294821
34302,0.014865,172.217.194.0-255,4320,104288,87,294821
34303,0.014872,172.31.47.0-255,66,104354,87,294821
34304,0.017306,172.31.47.0-255,167,104521,87,294821
34305,0.017334,172.31.47.0-255,1111,105632,87,294821
34306,0.017367,172.31.47.0-255,1514,107146,87,294821
34307,0.017368,172.31.47.0-255,329,107475,87,294821
34308,0.017443,172.217.194.0-255,4320,111795,87,294821
34309,0.017448,172.31.47.0-255,66,111861,87,294821
34310,0.017477,172.217.194.0-255,1484,113345,87,294821
34311,0.018814,104.244.42.0-255,66,113411,87,294821
34312,0.018846,104.244.42.0-255,66,113477,87,294821
34313,0.018901,104.244.42.0-255,66,113543,87,294821
34314,0.019995,172.217.194.0-255,2902,116445,87,294821
34315,0.019999,172.31.47.0-255,66,116511,87,294821
34316,0.020025,172.217.194.0-255,1484,117995,87,294821
34317,0.022582,172.217.194.0-255,4320,122315,87,294821
34318,0.022586,172.31.47.0-255,66,122381,87,294821
34319,0.02512,172.217.194.0-255,1484,123865,87,294821
34320,0.025145,172.217.194.0-255,4320,128185,87,294821
34321,0.025149,172.31.47.0-255,66,128251,87,294821
34322,0.027693,172.217.194.0-255,4320,132571,87,294821
34323,0.027698,172.31.47.0-255,66,132637,87,294821
34324,0.027728,172.217.194.0-255,1484,134121,87,294821
34325,0.030244,172.217.194.0-255,4320,138441,87,294821
34326,0.030249,172.31.47.0-255,66,138507,87,294821
34327,0.032819,172.217.194.0-255,5738,144245,87,294821
34328,0.032824,172.31.47.0-255,66,144311,87,294821
34329,0.035373,172.217.194.0-255,5738,150049,87,294821
34330,0.035378,172.31.47.0-255,66,150115,87,294821
34331,0.037938,172.217.194.0-255,5738,155853,87,294821
34332,0.037943,172.31.47.0-255,66,155919,87,294821
34333,0.040476,172.217.194.0-255,5738,161657,87,294821
34334,0.04048,172.31.47.0-255,66,161723,87,294821
34335,0.043048,172.217.194.0-255,4320,166043,87,294821
34336,0.043053,172.31.47.0-255,66,166109,87,294821
34337,0.043079,172.217.194.0-255,1484,167593,87,294821
34338,0.04559,172.217.194.0-255,4320,171913,87,294821
34339,0.045595,172.31.47.0-255,66,171979,87,294821
34340,0.048134,172.217.194.0-255,5738,177717,87,294821
34341,0.048139,172.31.47.0-255,66,177783,87,294821
34342,0.050661,172.217.194.0-255,4320,182103,87,294821
34343,0.050664,172.31.47.0-255,66,182169,87,294821
34344,0.05069,172.217.194.0-255,1484,183653,87,294821
34345,0.053204,172.217.194.0-255,4320,187973,87,294821
34346,0.053209,172.31.47.0-255,66,188039,87,294821
34347,0.055751,172.217.194.0-255,5738,193777,87,294821
34348,0.055755,172.31.47.0-255,66,193843,87,294821
34349,0.058309,172.217.194.0-255,2902,196745,87,294821
34350,0.058314,172.31.47.0-255,66,196811,87,294821
34351,0.058345,172.217.194.0-255,2902,199713,87,294821
34352,0.058348,172.31.47.0-255,66,199779,87,294821
34353,0.060838,172.217.194.0-255,2902,202681,87,294821
34354,0.060843,172.31.47.0-255,66,202747,87,294821
34355,0.060899,172.217.194.0-255,2902,205649,87,294821
34356,0.060902,172.31.47.0-255,66,205715,87,294821
34357,0.063383,172.217.194.0-255,2902,208617,87,294821
34358,0.063389,172.31.47.0-255,66,208683,87,294821
34359,0.063449,172.217.194.0-255,2902,211585,87,294821
34360,0.063454,172.31.47.0-255,66,211651,87,294821
34361,0.06592,172.217.194.0-255,2902,214553,87,294821
34362,0.065925,172.31.47.0-255,66,214619,87,294821
34363,0.06601,172.217.194.0-255,2902,217521,87,294821
34364,0.066014,172.31.47.0-255,66,217587,87,294821
34365,0.068449,172.217.194.0-255,2902,220489,87,294821
34366,0.068454,172.31.47.0-255,66,220555,87,294821
34367,0.068554,172.217.194.0-255,2902,223457,87,294821
34368,0.068558,172.31.47.0-255,66,223523,87,294821
34369,0.071008,172.217.194.0-255,2902,226425,87,294821
34370,0.071012,172.31.47.0-255,66,226491,87,294821
34371,0.071114,172.217.194.0-255,2902,229393,87,294821
34372,0.071118,172.31.47.0-255,66,229459,87,294821
34373,0.073557,172.217.194.0-255,2902,232361,87,294821
34374,0.073562,172.31.47.0-255,66,232427,87,294821
34375,0.073649,172.217.194.0-255,2902,235329,87,294821
34376,0.073653,172.31.47.0-255,66,235395,87,294821
34377,0.07608,172.217.194.0-255,2902,238297,87,294821
34378,0.076085,172.31.47.0-255,66,238363,87,294821
34379,0.076203,172.217.194.0-255,2902,241265,87,294821
34380,0.076207,172.31.47.0-255,66,241331,87,294821
34381,0.078659,172.217.194.0-255,2902,244233,87,294821
34382,0.078664,172.31.47.0-255,66,244299,87,294821
34383,0.07873,172.217.194.0-255,2902,247201,87,294821
34384,0.078733,172.31.47.0-255,66,247267,87,294821
34385,0.081232,172.217.194.0-255,2902,250169,87,294821
34386,0.081239,172.31.47.0-255,66,250235,87,294821
34387,0.081293,172.217.194.0-255,2902,253137,87,294821
34388,0.081296,172.31.47.0-255,66,253203,87,294821
34389,0.083783,172.217.194.0-255,2902,256105,87,294821
34390,0.083788,172.31.47.0-255,66,256171,87,294821
34391,0.083834,172.217.194.0-255,2902,259073,87,294821
34392,0.083838,172.31.47.0-255,66,259139,87,294821
34393,0.086314,172.217.194.0-255,2902,262041,87,294821
34394,0.086319,172.31.47.0-255,66,262107,87,294821
34395,0.086399,172.217.194.0-255,1484,263591,87,294821
34396,0.086409,172.217.194.0-255,1484,265075,87,294821
34397,0.086412,172.31.47.0-255,66,265141,87,294821
34398,0.088841,172.217.194.0-255,2902,268043,87,294821
34399,0.088846,172.31.47.0-255,66,268109,87,294821
34400,0.088984,172.217.194.0-255,2902,271011,87,294821
34401,0.088989,172.31.47.0-255,66,271077,87,294821
34402,0.091386,172.217.194.0-255,2902,273979,87,294821
34403,0.09139,172.31.47.0-255,66,274045,87,294821
34404,0.091547,172.217.194.0-255,2902,276947,87,294821
34405,0.091552,172.31.47.0-255,66,277013,87,294821
34406,0.093926,172.217.194.0-255,2902,279915,87,294821
34407,0.093932,172.31.47.0-255,66,279981,87,294821
34408,0.09409,172.217.194.0-255,2902,282883,87,294821
34409,0.094096,172.31.47.0-255,66,282949,87,294821
34410,0.096497,172.217.194.0-255,2902,285851,87,294821
34411,0.096502,172.31.47.0-255,66,285917,87,294821
34412,0.096648,172.217.194.0-255,2902,288819,87,294821
34413,0.096653,172.31.47.0-255,66,288885,87,294821
34414,0.099055,172.217.194.0-255,2902,291787,87,294821
34415,0.09906,172.31.47.0-255,66,291853,87,294821
34416,0.09918,172.217.194.0-255,2902,294755,87,294821
34417,0.099185,172.31.47.0-255,66,294821,87,294821
34418,0.0,172.217.194.0-255,292,292,87,362190
34419,1.6e-05,172.31.47.0-255,66,358,87,362190
34420,2.2e-05,172.217.194.0-255,1484,1842,87,362190
34421,2.7e-05,172.31.47.0-255,66,1908,87,362190
34422,4.3e-05,172.217.194.0-255,4320,6228,87,362190
34423,4.7e-05,172.31.47.0-255,66,6294,87,362190
34424,5.4e-05,172.217.194.0-255,7156,13450,87,362190
34425,5.7e-05,172.31.47.0-255,66,13516,87,362190
34426,6e-05,172.217.194.0-255,592,14108,87,362190
34427,6.3e-05,172.31.47.0-255,66,14174,87,362190
34428,0.000195,172.217.194.0-255,1484,15658,87,362190
34429,0.000199,172.31.47.0-255,66,15724,87,362190
34430,0.000204,172.217.194.0-255,2902,18626,87,362190
34431,0.000207,172.31.47.0-255,66,18692,87,362190
34432,0.00021,172.217.194.0-255,1484,20176,87,362190
34433,0.000212,172.31.47.0-255,66,20242,87,362190
34434,0.000247,172.217.194.0-255,4320,24562,87,362190
34435,0.00025,172.31.47.0-255,66,24628,87,362190
34436,0.000256,172.217.194.0-255,5738,30366,87,362190
34437,0.000259,172.31.47.0-255,66,30432,87,362190
34438,0.000281,172.217.194.0-255,1125,31557,87,362190
34439,0.000284,172.31.47.0-255,66,31623,87,362190
34440,0.001174,172.217.194.0-255,1484,33107,87,362190
34441,0.001181,172.31.47.0-255,66,33173,87,362190
34442,0.00119,172.217.194.0-255,2902,36075,87,362190
34443,0.001193,172.31.47.0-255,66,36141,87,362190
34444,0.001201,172.217.194.0-255,1484,37625,87,362190
34445,0.001202,172.31.47.0-255,66,37691,87,362190
34446,0.001208,172.217.194.0-255,5738,43429,87,362190
34447,0.00121,172.31.47.0-255,66,43495,87,362190
34448,0.001249,172.217.194.0-255,2902,46397,87,362190
34449,0.001252,172.31.47.0-255,66,46463,87,362190
34450,0.001274,172.217.194.0-255,2543,49006,87,362190
34451,0.001277,172.31.47.0-255,66,49072,87,362190
34452,0.001301,172.217.194.0-255,5738,54810,87,362190
34453,0.001303,172.31.47.0-255,66,54876,87,362190
34454,0.001308,172.217.194.0-255,4320,59196,87,362190
34455,0.00131,172.31.47.0-255,66,59262,87,362190
34456,0.001363,172.217.194.0-255,4320,63582,87,362190
34457,0.001366,172.31.47.0-255,66,63648,87,362190
34458,0.0014,172.217.194.0-255,2543,66191,87,362190
34459,0.001402,172.31.47.0-255,66,66257,87,362190
34460,0.001405,172.217.194.0-255,341,66598,87,362190
34461,0.001431,172.217.194.0-255,117,66715,87,362190
34462,0.001469,172.217.194.0-255,382,67097,87,362190
34463,0.001543,172.217.194.0-255,1484,68581,87,362190
34464,0.001547,172.31.47.0-255,66,68647,87,362190
34465,0.001552,172.217.194.0-255,2902,71549,87,362190
34466,0.001555,172.31.47.0-255,66,71615,87,362190
34467,0.001558,172.217.194.0-255,2902,74517,87,362190
34468,0.001565,172.31.47.0-255,66,74583,87,362190
34469,0.001594,172.217.194.0-255,2902,77485,87,362190
34470,0.001598,172.31.47.0-255,66,77551,87,362190
34471,0.001623,172.31.47.0-255,66,77617,87,362190
34472,0.001651,172.31.47.0-255,66,77683,87,362190
34473,0.001655,172.217.194.0-255,4320,82003,87,362190
34474,0.001657,172.31.47.0-255,66,82069,87,362190
34475,0.001678,172.217.194.0-255,2543,84612,87,362190
34476,0.001685,172.31.47.0-255,66,84678,87,362190
34477,0.001788,172.217.194.0-255,1484,86162,87,362190
34478,0.001802,172.217.194.0-255,2902,89064,87,362190
34479,0.001806,172.31.47.0-255,66,89130,87,362190
34480,0.001832,172.217.194.0-255,5738,94868,87,362190
34481,0.001834,172.31.47.0-255,66,94934,87,362190
34482,0.001839,172.217.194.0-255,2902,97836,87,362190
34483,0.001841,172.31.47.0-255,66,97902,87,362190
34484,0.001881,172.31.47.0-255,66,97968,87,362190
34485,0.001896,172.31.47.0-255,66,98034,87,362190
34486,0.001926,172.217.194.0-255,1484,99518,87,362190
34487,0.001929,172.217.194.0-255,1484,101002,87,362190
34488,0.001932,172.31.47.0-255,66,101068,87,362190
34489,0.001952,172.217.194.0-255,1484,102552,87,362190
34490,0.001958,172.217.194.0-255,5738,108290,87,362190
34491,0.00196,172.31.47.0-255,66,108356,87,362190
34492,0.001965,172.217.194.0-255,4320,112676,87,362190
34493,0.001967,172.31.47.0-255,66,112742,87,362190
34494,0.00199,172.217.194.0-255,1484,114226,87,362190
34495,0.002003,172.31.47.0-255,66,114292,87,362190
34496,0.002026,172.217.194.0-255,1484,115776,87,362190
34497,0.002032,172.217.194.0-255,5020,120796,87,362190
34498,0.002034,172.31.47.0-255,66,120862,87,362190
34499,0.002197,172.217.194.0-255,1484,122346,87,362190
34500,0.002202,172.217.194.0-255,1484,123830,87,362190
34501,0.002205,172.31.47.0-255,66,123896,87,362190
34502,0.002227,172.217.194.0-255,1484,125380,87,362190
34503,0.002233,172.217.194.0-255,5738,131118,87,362190
34504,0.002236,172.31.47.0-255,66,131184,87,362190
34505,0.002238,172.217.194.0-255,1484,132668,87,362190
34506,0.002288,172.217.194.0-255,2902,135570,87,362190
34507,0.00229,172.217.194.0-255,1484,137054,87,362190
34508,0.002336,172.217.194.0-255,4320,141374,87,362190
34509,0.00235,172.217.194.0-255,5020,146394,87,362190
34510,0.004959,172.31.47.0-255,66,146460,87,362190
34511,0.007233,172.217.194.0-255,5738,152198,87,362190
34512,0.007238,172.31.47.0-255,66,152264,87,362190
34513,0.009507,172.217.194.0-255,5738,158002,87,362190
34514,0.009514,172.31.47.0-255,66,158068,87,362190
34515,0.011797,172.217.194.0-255,5738,163806,87,362190
34516,0.011803,172.31.47.0-255,66,163872,87,362190
34517,0.014088,172.217.194.0-255,5738,169610,87,362190
34518,0.014095,172.31.47.0-255,66,169676,87,362190
34519,0.016365,172.217.194.0-255,5738,175414,87,362190
34520,0.016372,172.31.47.0-255,66,175480,87,362190
34521,0.018666,172.217.194.0-255,5738,181218,87,362190
34522,0.018673,172.31.47.0-255,66,181284,87,362190
34523,0.020944,172.217.194.0-255,5738,187022,87,362190
34524,0.020951,172.31.47.0-255,66,187088,87,362190
34525,0.022166,172.31.47.0-255,167,187255,87,362190
34526,0.022194,172.31.47.0-255,1111,188366,87,362190
34527,0.022245,172.31.47.0-255,1514,189880,87,362190
34528,0.022264,172.31.47.0-255,329,190209,87,362190
34529,0.023222,172.217.194.0-255,5738,195947,87,362190
34530,0.023228,172.31.47.0-255,66,196013,87,362190
34531,0.023689,104.244.42.0-255,66,196079,87,362190
34532,0.023741,104.244.42.0-255,66,196145,87,362190
34533,0.023759,104.244.42.0-255,66,196211,87,362190
34534,0.025536,172.217.194.0-255,5738,201949,87,362190
34535,0.025541,172.31.47.0-255,66,202015,87,362190
34536,0.02782,172.217.194.0-255,5738,207753,87,362190
34537,0.027826,172.31.47.0-255,66,207819,87,362190
34538,0.030132,172.217.194.0-255,5738,213557,87,362190
34539,0.030153,172.31.47.0-255,66,213623,87,362190
34540,0.036206,172.217.194.0-255,5738,219361,87,362190
34541,0.036227,172.31.47.0-255,66,219427,87,362190
34542,0.038493,172.217.194.0-255,5738,225165,87,362190
34543,0.038502,172.31.47.0-255,66,225231,87,362190
34544,0.040774,172.217.194.0-255,5738,230969,87,362190
34545,0.040797,172.31.47.0-255,66,231035,87,362190
34546,0.043083,172.217.194.0-255,5738,236773,87,362190
34547,0.043103,172.31.47.0-255,66,236839,87,362190
34548,0.045372,172.217.194.0-255,5738,242577,87,362190
34549,0.045394,172.31.47.0-255,66,242643,87,362190
34550,0.047707,172.217.194.0-255,5738,248381,87,362190
34551,0.047744,172.31.47.0-255,66,248447,87,362190
34552,0.050033,172.217.194.0-255,5738,254185,87,362190
34553,0.050051,172.31.47.0-255,66,254251,87,362190
34554,0.052395,172.217.194.0-255,5738,259989,87,362190
34555,0.052415,172.31.47.0-255,66,260055,87,362190
34556,0.054719,172.217.194.0-255,5738,265793,87,362190
34557,0.054738,172.31.47.0-255,66,265859,87,362190
34558,0.05702,172.217.194.0-255,5738,271597,87,362190
34559,0.057039,172.31.47.0-255,66,271663,87,362190
34560,0.059312,172.217.194.0-255,5738,277401,87,362190
34561,0.059329,172.31.47.0-255,66,277467,87,362190
34562,0.06161,172.217.194.0-255,5738,283205,87,362190
34563,0.061629,172.31.47.0-255,66,283271,87,362190
34564,0.063968,172.217.194.0-255,5738,289009,87,362190
34565,0.06398,172.31.47.0-255,66,289075,87,362190
34566,0.066264,172.217.194.0-255,5738,294813,87,362190
34567,0.066283,172.31.47.0-255,66,294879,87,362190
34568,0.068588,172.217.194.0-255,5738,300617,87,362190
34569,0.068608,172.31.47.0-255,66,300683,87,362190
34570,0.070947,172.217.194.0-255,5738,306421,87,362190
34571,0.070967,172.31.47.0-255,66,306487,87,362190
34572,0.073262,172.217.194.0-255,5738,312225,87,362190
34573,0.073281,172.31.47.0-255,66,312291,87,362190
34574,0.075581,172.217.194.0-255,5738,318029,87,362190
34575,0.0756,172.31.47.0-255,66,318095,87,362190
34576,0.077897,172.217.194.0-255,5738,323833,87,362190
34577,0.077912,172.31.47.0-255,66,323899,87,362190
34578,0.080269,172.217.194.0-255,5738,329637,87,362190
34579,0.080275,172.31.47.0-255,66,329703,87,362190
34580,0.082543,172.217.194.0-255,5738,335441,87,362190
34581,0.082548,172.31.47.0-255,66,335507,87,362190
34582,0.084839,172.217.194.0-255,5738,341245,87,362190
34583,0.084845,172.31.47.0-255,66,341311,87,362190
34584,0.087115,172.217.194.0-255,5738,347049,87,362190
34585,0.087122,172.31.47.0-255,66,347115,87,362190
34586,0.089399,172.217.194.0-255,5738,352853,87,362190
34587,0.089404,172.31.47.0-255,66,352919,87,362190
34588,0.091676,172.217.194.0-255,5738,358657,87,362190
34589,0.091681,172.31.47.0-255,66,358723,87,362190
34590,0.094055,172.217.194.0-255,3230,361953,87,362190
34591,0.094062,172.31.47.0-255,66,362019,87,362190
34592,0.094227,172.31.47.0-255,105,362124,87,362190
34593,0.09648,172.217.194.0-255,66,362190,87,362190
34594,0.0,74.125.200.0-255,153,153,87,326613
34595,3.1e-05,172.31.47.0-255,66,219,87,326613
34596,3.9e-05,74.125.200.0-255,1484,1703,87,326613
34597,4.3e-05,172.31.47.0-255,66,1769,87,326613
34598,4.8e-05,74.125.200.0-255,2902,4671,87,326613
34599,5.6e-05,172.31.47.0-255,66,4737,87,326613
34600,5.9e-05,74.125.200.0-255,1484,6221,87,326613
34601,6.1e-05,172.31.47.0-255,66,6287,87,326613
34602,7.3e-05,74.125.200.0-255,2902,9189,87,326613
34603,7.6e-05,172.31.47.0-255,66,9255,87,326613
34604,0.0001,74.125.200.0-255,4964,14219,87,326613
34605,0.000103,172.31.47.0-255,66,14285,87,326613
34606,0.000855,74.125.200.0-255,1484,15769,87,326613
34607,0.000862,172.31.47.0-255,66,15835,87,326613
34608,0.00087,74.125.200.0-255,1484,17319,87,326613
34609,0.000872,172.31.47.0-255,66,17385,87,326613
34610,0.000877,74.125.200.0-255,2902,20287,87,326613
34611,0.000886,172.31.47.0-255,66,20353,87,326613
34612,0.000893,74.125.200.0-255,5738,26091,87,326613
34613,0.000895,172.31.47.0-255,66,26157,87,326613
34614,0.000919,74.125.200.0-255,5379,31536,87,326613
34615,0.000926,172.31.47.0-255,66,31602,87,326613
34616,0.000933,74.125.200.0-255,5738,37340,87,326613
34617,0.000935,172.31.47.0-255,66,37406,87,326613
34618,0.000963,74.125.200.0-255,7156,44562,87,326613
34619,0.000966,172.31.47.0-255,66,44628,87,326613
34620,0.000988,74.125.200.0-255,5738,50366,87,326613
34621,0.000994,172.31.47.0-255,66,50432,87,326613
34622,0.001007,172.31.47.0-255,66,50498,87,326613
34623,0.001009,74.125.200.0-255,766,51264,87,326613
34624,0.001011,172.31.47.0-255,66,51330,87,326613
34625,0.001061,74.125.200.0-255,399,51729,87,326613
34626,0.001358,172.31.47.0-255,66,51795,87,326613
34627,0.001977,74.125.200.0-255,108,51903,87,326613
34628,0.001997,172.31.47.0-255,66,51969,87,326613
34629,0.002029,74.125.200.0-255,1484,53453,87,326613
34630,0.002052,74.125.200.0-255,1484,54937,87,326613
34631,0.002054,172.31.47.0-255,66,55003,87,326613
34632,0.002089,74.125.200.0-255,1484,56487,87,326613
34633,0.002092,74.125.200.0-255,1484,57971,87,326613
34634,0.002094,172.31.47.0-255,66,58037,87,326613
34635,0.002098,74.125.200.0-255,2902,60939,87,326613
34636,0.0021,172.31.47.0-255,66,61005,87,326613
34637,0.002105,74.125.200.0-255,5738,66743,87,326613
34638,0.002107,172.31.47.0-255,66,66809,87,326613
34639,0.002128,74.125.200.0-255,2902,69711,87,326613
34640,0.00213,172.31.47.0-255,66,69777,87,326613
34641,0.002163,74.125.200.0-255,5738,75515,87,326613
34642,0.002166,172.31.47.0-255,66,75581,87,326613
34643,0.002174,172.31.47.0-255,66,75647,87,326613
34644,0.00218,74.125.200.0-255,766,76413,87,326613
34645,0.002373,172.31.47.0-255,66,76479,87,326613
34646,0.004387,74.125.200.0-255,4320,80799,87,326613
34647,0.004399,172.31.47.0-255,66,80865,87,326613
34648,0.004577,74.125.200.0-255,1484,82349,87,326613
34649,0.00661,74.125.200.0-255,4320,86669,87,326613
34650,0.006622,172.31.47.0-255,66,86735,87,326613
34651,0.008868,74.125.200.0-255,5738,92473,87,326613
34652,0.008882,172.31.47.0-255,66,92539,87,326613
34653,0.01111,74.125.200.0-255,5738,98277,87,326613
34654,0.011125,172.31.47.0-255,66,98343,87,326613
34655,0.013344,74.125.200.0-255,5738,104081,87,326613
34656,0.013358,172.31.47.0-255,66,104147,87,326613
34657,0.015572,74.125.200.0-255,5738,109885,87,326613
34658,0.015579,172.31.47.0-255,66,109951,87,326613
34659,0.017802,74.125.200.0-255,5738,115689,87,326613
34660,0.017814,172.31.47.0-255,66,115755,87,326613
34661,0.020031,74.125.200.0-255,5738,121493,87,326613
34662,0.020047,172.31.47.0-255,66,121559,87,326613
34663,0.021998,172.31.47.0-255,172,121731,87,326613
34664,0.022051,172.31.47.0-255,1111,122842,87,326613
34665,0.022131,172.31.47.0-255,1514,124356,87,326613
34666,0.022133,172.31.47.0-255,1293,125649,87,326613
34667,0.022242,74.125.200.0-255,5738,131387,87,326613
34668,0.022249,172.31.47.0-255,66,131453,87,326613
34669,0.023569,104.244.42.0-255,66,131519,87,326613
34670,0.02361,104.244.42.0-255,66,131585,87,326613
34671,0.023712,104.244.42.0-255,66,131651,87,326613
34672,0.024435,74.125.200.0-255,2902,134553,87,326613
34673,0.02444,172.31.47.0-255,66,134619,87,326613
34674,0.024472,74.125.200.0-255,2902,137521,87,326613
34675,0.024475,172.31.47.0-255,66,137587,87,326613
34676,0.026633,74.125.200.0-255,2902,140489,87,326613
34677,0.026638,172.31.47.0-255,66,140555,87,326613
34678,0.026672,74.125.200.0-255,2902,143457,87,326613
34679,0.026675,172.31.47.0-255,66,143523,87,326613
34680,0.028835,74.125.200.0-255,1484,145007,87,326613
34681,0.028885,74.125.200.0-255,4320,149327,87,326613
34682,0.028891,172.31.47.0-255,66,149393,87,326613
34683,0.031101,74.125.200.0-255,4320,153713,87,326613
34684,0.031109,172.31.47.0-255,66,153779,87,326613
34685,0.03114,74.125.200.0-255,1484,155263,87,326613
34686,0.033343,74.125.200.0-255,4320,159583,87,326613
34687,0.033353,172.31.47.0-255,66,159649,87,326613
34688,0.035556,74.125.200.0-255,5738,165387,87,326613
34689,0.035564,172.31.47.0-255,66,165453,87,326613
34690,0.037771,74.125.200.0-255,5738,171191,87,326613
34691,0.037779,172.31.47.0-255,66,171257,87,326613
34692,0.03998,74.125.200.0-255,5738,176995,87,326613
34693,0.039988,172.31.47.0-255,66,177061,87,326613
34694,0.042215,74.125.200.0-255,5738,182799,87,326613
34695,0.042228,172.31.47.0-255,66,182865,87,326613
34696,0.044438,74.125.200.0-255,5738,188603,87,326613
34697,0.044452,172.31.47.0-255,66,188669,87,326613
34698,0.046659,74.125.200.0-255,5738,194407,87,326613
34699,0.046671,172.31.47.0-255,66,194473,87,326613
34700,0.048879,74.125.200.0-255,5738,200211,87,326613
34701,0.04889,172.31.47.0-255,66,200277,87,326613
34702,0.051097,74.125.200.0-255,5738,206015,87,326613
34703,0.051106,172.31.47.0-255,66,206081,87,326613
34704,0.053316,74.125.200.0-255,5738,211819,87,326613
34705,0.053332,172.31.47.0-255,66,211885,87,326613
34706,0.055538,74.125.200.0-255,5738,217623,87,326613
34707,0.05555,172.31.47.0-255,66,217689,87,326613
34708,0.057787,74.125.200.0-255,5738,223427,87,326613
34709,0.057798,172.31.47.0-255,66,223493,87,326613
34710,0.060033,74.125.200.0-255,5738,229231,87,326613
34711,0.060045,172.31.47.0-255,66,229297,87,326613
34712,0.062244,74.125.200.0-255,5738,235035,87,326613
34713,0.062252,172.31.47.0-255,66,235101,87,326613
34714,0.06447,74.125.200.0-255,5738,240839,87,326613
34715,0.064482,172.31.47.0-255,66,240905,87,326613
34716,0.066696,74.125.200.0-255,5738,246643,87,326613
34717,0.066708,172.31.47.0-255,66,246709,87,326613
34718,0.068924,74.125.200.0-255,5738,252447,87,326613
34719,0.068934,172.31.47.0-255,66,252513,87,326613
34720,0.071155,74.125.200.0-255,5738,258251,87,326613
34721,0.071174,172.31.47.0-255,66,258317,87,326613
34722,0.073389,74.125.200.0-255,5738,264055,87,326613
34723,0.0734,172.31.47.0-255,66,264121,87,326613
34724,0.075605,74.125.200.0-255,5738,269859,87,326613
34725,0.075616,172.31.47.0-255,66,269925,87,326613
34726,0.077818,74.125.200.0-255,5738,275663,87,326613
34727,0.07783,172.31.47.0-255,66,275729,87,326613
34728,0.080034,74.125.200.0-255,5738,281467,87,326613
34729,0.080043,172.31.47.0-255,66,281533,87,326613
34730,0.082246,74.125.200.0-255,5738,287271,87,326613
34731,0.082258,172.31.47.0-255,66,287337,87,326613
34732,0.084487,74.125.200.0-255,5738,293075,87,326613
34733,0.084498,172.31.47.0-255,66,293141,87,326613
34734,0.086714,74.125.200.0-255,5738,298879,87,326613
34735,0.086727,172.31.47.0-255,66,298945,87,326613
34736,0.088934,74.125.200.0-255,5738,304683,87,326613
34737,0.088947,172.31.47.0-255,66,304749,87,326613
34738,0.091159,74.125.200.0-255,4320,309069,87,326613
34739,0.091168,172.31.47.0-255,66,309135,87,326613
34740,0.091195,74.125.200.0-255,1484,310619,87,326613
34741,0.093385,74.125.200.0-255,4320,314939,87,326613
34742,0.093399,172.31.47.0-255,66,315005,87,326613
34743,0.09561,74.125.200.0-255,5738,320743,87,326613
34744,0.095623,172.31.47.0-255,66,320809,87,326613
34745,0.097851,74.125.200.0-255,5738,326547,87,326613
34746,0.097866,172.31.47.0-255,66,326613,87,326613
34747,0.0,172.31.47.0-255,162,162,87,228
34748,0.007324,74.125.68.0-255,66,228,87,228
34749,0.0,74.125.130.0-255,291,291,87,405011
34750,2.4e-05,172.31.47.0-255,66,357,87,405011
34751,3.1e-05,74.125.130.0-255,1484,1841,87,405011
34752,3.6e-05,172.31.47.0-255,66,1907,87,405011
34753,4.2e-05,74.125.130.0-255,2902,4809,87,405011
34754,4.5e-05,172.31.47.0-255,66,4875,87,405011
34755,5.2e-05,74.125.130.0-255,5738,10613,87,405011
34756,5.5e-05,172.31.47.0-255,66,10679,87,405011
34757,8.2e-05,74.125.130.0-255,1484,12163,87,405011
34758,9e-05,172.31.47.0-255,66,12229,87,405011
34759,9.4e-05,74.125.130.0-255,1946,14175,87,405011
34760,9.6e-05,172.31.47.0-255,66,14241,87,405011
34761,0.000137,74.125.130.0-255,1484,15725,87,405011
34762,0.00014,172.31.47.0-255,66,15791,87,405011
34763,0.000159,74.125.130.0-255,2902,18693,87,405011
34764,0.000162,172.31.47.0-255,66,18759,87,405011
34765,0.000165,74.125.130.0-255,1484,20243,87,405011
34766,0.000166,172.31.47.0-255,66,20309,87,405011
34767,0.000189,74.125.130.0-255,5738,26047,87,405011
34768,0.000195,172.31.47.0-255,66,26113,87,405011
34769,0.000244,74.125.130.0-255,5379,31492,87,405011
34770,0.000247,172.31.47.0-255,66,31558,87,405011
34771,0.000339,74.125.130.0-255,1484,33042,87,405011
34772,0.000343,172.31.47.0-255,66,33108,87,405011
34773,0.000348,74.125.130.0-255,2902,36010,87,405011
34774,0.000351,172.31.47.0-255,66,36076,87,405011
34775,0.000372,74.125.130.0-255,4320,40396,87,405011
34776,0.000375,172.31.47.0-255,66,40462,87,405011
34777,0.00038,74.125.130.0-255,2902,43364,87,405011
34778,0.000386,172.31.47.0-255,66,43430,87,405011
34779,0.000414,74.125.130.0-255,2902,46332,87,405011
34780,0.000416,172.31.47.0-255,66,46398,87,405011
34781,0.00042,74.125.130.0-255,2543,48941,87,405011
34782,0.000423,172.31.47.0-255,66,49007,87,405011
34783,0.000465,74.125.130.0-255,1484,50491,87,405011
34784,0.000472,74.125.130.0-255,2902,53393,87,405011
34785,0.000475,172.31.47.0-255,66,53459,87,405011
34786,0.000507,74.125.130.0-255,5738,59197,87,405011
34787,0.000509,172.31.47.0-255,66,59263,87,405011
34788,0.000541,74.125.130.0-255,5738,65001,87,405011
34789,0.000544,172.31.47.0-255,66,65067,87,405011
34790,0.000569,74.125.130.0-255,1383,66450,87,405011
34791,0.000676,74.125.130.0-255,115,66565,87,405011
34792,0.000817,74.125.130.0-255,1484,68049,87,405011
34793,0.000821,172.31.47.0-255,66,68115,87,405011
34794,0.000827,74.125.130.0-255,2902,71017,87,405011
34795,0.00083,172.31.47.0-255,66,71083,87,405011
34796,0.000863,74.125.130.0-255,5738,76821,87,405011
34797,0.000866,172.31.47.0-255,66,76887,87,405011
34798,0.000871,74.125.130.0-255,4320,81207,87,405011
34799,0.000874,172.31.47.0-255,66,81273,87,405011
34800,0.000885,74.125.130.0-255,5738,87011,87,405011
34801,0.000887,172.31.47.0-255,66,87077,87,405011
34802,0.000909,74.125.130.0-255,1484,88561,87,405011
34803,0.000946,172.31.47.0-255,66,88627,87,405011
34804,0.00095,74.125.130.0-255,2184,90811,87,405011
34805,0.000952,172.31.47.0-255,66,90877,87,405011
34806,0.000955,74.125.130.0-255,381,91258,87,405011
34807,0.001244,74.125.130.0-255,1484,92742,87,405011
34808,0.001251,74.125.130.0-255,2902,95644,87,405011
34809,0.00126,172.31.47.0-255,66,95710,87,405011
34810,0.001263,172.31.47.0-255,66,95776,87,405011
34811,0.001269,74.125.130.0-255,4320,100096,87,405011
34812,0.001271,172.31.47.0-255,66,100162,87,405011
34813,0.001302,74.125.130.0-255,1484,101646,87,405011
34814,0.001307,74.125.130.0-255,2902,104548,87,405011
34815,0.001309,172.31.47.0-255,66,104614,87,405011
34816,0.001315,74.125.130.0-255,4320,108934,87,405011
34817,0.001317,172.31.47.0-255,66,109000,87,405011
34818,0.001329,74.125.130.0-255,7156,116156,87,405011
34819,0.001331,172.31.47.0-255,66,116222,87,405011
34820,0.001354,74.125.130.0-255,1484,117706,87,405011
34821,0.001364,74.125.130.0-255,4320,122026,87,405011
34822,0.001367,172.31.47.0-255,66,122092,87,405011
34823,0.001393,74.125.130.0-255,3602,125694,87,405011
34824,0.001396,172.31.47.0-255,66,125760,87,405011
34825,0.001549,74.125.130.0-255,1484,127244,87,405011
34826,0.001579,74.125.130.0-255,2902,130146,87,405011
34827,0.001583,172.31.47.0-255,66,130212,87,405011
34828,0.001615,74.125.130.0-255,4320,134532,87,405011
34829,0.001622,74.125.130.0-255,7156,141688,87,405011
34830,0.001626,172.31.47.0-255,66,141754,87,405011
34831,0.00163,172.31.47.0-255,66,141820,87,405011
34832,0.001653,74.125.130.0-255,1484,143304,87,405011
34833,0.001658,74.125.130.0-255,4320,147624,87,405011
34834,0.001664,172.31.47.0-255,66,147690,87,405011
34835,0.001671,74.125.130.0-255,5738,153428,87,405011
34836,0.001673,172.31.47.0-255,66,153494,87,405011
34837,0.001701,74.125.130.0-255,6438,159932,87,405011
34838,0.001703,172.31.47.0-255,66,159998,87,405011
34839,0.001926,74.125.130.0-255,1484,161482,87,405011
34840,0.00193,74.125.130.0-255,1484,162966,87,405011
34841,0.001933,172.31.47.0-255,66,163032,87,405011
34842,0.001958,74.125.130.0-255,1484,164516,87,405011
34843,0.001964,74.125.130.0-255,5738,170254,87,405011
34844,0.001967,172.31.47.0-255,66,170320,87,405011
34845,0.002006,74.125.130.0-255,7156,177476,87,405011
34846,0.002009,172.31.47.0-255,66,177542,87,405011
34847,0.002046,74.125.130.0-255,4320,181862,87,405011
34848,0.00205,172.31.47.0-255,66,181928,87,405011
34849,0.002089,74.125.130.0-255,4320,186248,87,405011
34850,0.002092,172.31.47.0-255,66,186314,87,405011
34851,0.002117,74.125.130.0-255,1484,187798,87,405011
34852,0.002124,74.125.130.0-255,6438,194236,87,405011
34853,0.002126,172.31.47.0-255,66,194302,87,405011
34854,0.004341,74.125.130.0-255,5738,200040,87,405011
34855,0.004347,172.31.47.0-255,66,200106,87,405011
34856,0.00655,74.125.130.0-255,5738,205844,87,405011
34857,0.006556,172.31.47.0-255,66,205910,87,405011
34858,0.008752,74.125.130.0-255,5738,211648,87,405011
34859,0.008757,172.31.47.0-255,66,211714,87,405011
34860,0.010963,74.125.130.0-255,5738,217452,87,405011
34861,0.010972,172.31.47.0-255,66,217518,87,405011
34862,0.013191,74.125.130.0-255,5738,223256,87,405011
34863,0.013208,172.31.47.0-255,66,223322,87,405011
34864,0.01542,74.125.130.0-255,5738,229060,87,405011
34865,0.015435,172.31.47.0-255,66,229126,87,405011
34866,0.017644,74.125.130.0-255,5738,234864,87,405011
34867,0.017653,172.31.47.0-255,66,234930,87,405011
34868,0.01988,74.125.130.0-255,5738,240668,87,405011
34869,0.01989,172.31.47.0-255,66,240734,87,405011
34870,0.022095,74.125.130.0-255,5738,246472,87,405011
34871,0.022101,172.31.47.0-255,66,246538,87,405011
34872,0.024343,74.125.130.0-255,5738,252276,87,405011
34873,0.024367,172.31.47.0-255,66,252342,87,405011
34874,0.026608,74.125.130.0-255,5738,258080,87,405011
34875,0.026629,172.31.47.0-255,66,258146,87,405011
34876,0.028844,74.125.130.0-255,5738,263884,87,405011
34877,0.028858,172.31.47.0-255,66,263950,87,405011
34878,0.031067,74.125.130.0-255,5738,269688,87,405011
34879,0.031075,172.31.47.0-255,66,269754,87,405011
34880,0.033308,74.125.130.0-255,5738,275492,87,405011
34881,0.033328,172.31.47.0-255,66,275558,87,405011
34882,0.03545,172.31.47.0-255,172,275730,87,405011
34883,0.035487,172.31.47.0-255,1103,276833,87,405011
34884,0.035532,74.125.130.0-255,5738,282571,87,405011
34885,0.035541,172.31.47.0-255,66,282637,87,405011
34886,0.035709,172.31.47.0-255,1514,284151,87,405011
34887,0.035712,172.31.47.0-255,1301,285452,87,405011
34888,0.037002,104.244.42.0-255,66,285518,87,405011
34889,0.037012,104.244.42.0-255,66,285584,87,405011
34890,0.037239,104.244.42.0-255,66,285650,87,405011
34891,0.037744,74.125.130.0-255,5738,291388,87,405011
34892,0.037755,172.31.47.0-255,66,291454,87,405011
34893,0.039957,74.125.130.0-255,5738,297192,87,405011
34894,0.039963,172.31.47.0-255,66,297258,87,405011
34895,0.042165,74.125.130.0-255,5738,302996,87,405011
34896,0.042174,172.31.47.0-255,66,303062,87,405011
34897,0.044387,74.125.130.0-255,5738,308800,87,405011
34898,0.044394,172.31.47.0-255,66,308866,87,405011
34899,0.046618,74.125.130.0-255,5738,314604,87,405011
34900,0.046637,172.31.47.0-255,66,314670,87,405011
34901,0.048867,74.125.130.0-255,5738,320408,87,405011
34902,0.048885,172.31.47.0-255,66,320474,87,405011
34903,0.051105,74.125.130.0-255,5738,326212,87,405011
34904,0.051115,172.31.47.0-255,66,326278,87,405011
34905,0.053336,74.125.130.0-255,5738,332016,87,405011
34906,0.053341,172.31.47.0-255,66,332082,87,405011
34907,0.055563,74.125.130.0-255,5738,337820,87,405011
34908,0.055576,172.31.47.0-255,66,337886,87,405011
34909,0.057797,74.125.130.0-255,5738,343624,87,405011
34910,0.057813,172.31.47.0-255,66,343690,87,405011
34911,0.060021,74.125.130.0-255,5738,349428,87,405011
34912,0.060029,172.31.47.0-255,66,349494,87,405011
34913,0.062229,74.125.130.0-255,5738,355232,87,405011
34914,0.062235,172.31.47.0-255,66,355298,87,405011
34915,0.06444,74.125.130.0-255,5738,361036,87,405011
34916,0.064445,172.31.47.0-255,66,361102,87,405011
34917,0.066666,74.125.130.0-255,5738,366840,87,405011
34918,0.066678,172.31.47.0-255,66,366906,87,405011
34919,0.068886,74.125.130.0-255,5738,372644,87,405011
34920,0.068895,172.31.47.0-255,66,372710,87,405011
34921,0.071117,74.125.130.0-255,5738,378448,87,405011
34922,0.071125,172.31.47.0-255,66,378514,87,405011
34923,0.073355,74.125.130.0-255,5738,384252,87,405011
34924,0.07336,172.31.47.0-255,66,384318,87,405011
34925,0.075557,74.125.130.0-255,5738,390056,87,405011
34926,0.075564,172.31.47.0-255,66,390122,87,405011
34927,0.077765,74.125.130.0-255,5738,395860,87,405011
34928,0.077772,172.31.47.0-255,66,395926,87,405011
34929,0.079982,74.125.130.0-255,5738,401664,87,405011
34930,0.079988,172.31.47.0-255,66,401730,87,405011
34931,0.082199,74.125.130.0-255,3044,404774,87,405011
34932,0.082208,172.31.47.0-255,66,404840,87,405011
34933,0.082745,172.31.47.0-255,105,404945,87,405011
34934,0.084919,74.125.130.0-255,66,405011,87,405011
34935,0.0,74.125.24.0-255,143,143,87,276236
34936,4.2e-05,172.31.47.0-255,66,209,87,276236
34937,4.9e-05,74.125.24.0-255,1484,1693,87,276236
34938,5.2e-05,172.31.47.0-255,66,1759,87,276236
34939,5.7e-05,74.125.24.0-255,2902,4661,87,276236
34940,5.9e-05,172.31.47.0-255,66,4727,87,276236
34941,7.4e-05,74.125.24.0-255,1484,6211,87,276236
34942,7.6e-05,172.31.47.0-255,66,6277,87,276236
34943,9.7e-05,74.125.24.0-255,4320,10597,87,276236
34944,0.000102,172.31.47.0-255,66,10663,87,276236
34945,0.000108,74.125.24.0-255,3625,14288,87,276236
34946,0.00011,172.31.47.0-255,66,14354,87,276236
34947,0.000146,74.125.24.0-255,2902,17256,87,276236
34948,0.000149,172.31.47.0-255,66,17322,87,276236
34949,0.000154,74.125.24.0-255,4320,21642,87,276236
34950,0.000156,172.31.47.0-255,66,21708,87,276236
34951,0.000177,172.31.47.0-255,66,21774,87,276236
34952,0.000181,74.125.24.0-255,1125,22899,87,276236
34953,0.000182,172.31.47.0-255,66,22965,87,276236
34954,0.000441,74.125.24.0-255,1484,24449,87,276236
34955,0.000446,172.31.47.0-255,66,24515,87,276236
34956,0.000451,74.125.24.0-255,2902,27417,87,276236
34957,0.000453,172.31.47.0-255,66,27483,87,276236
34958,0.000457,74.125.24.0-255,2902,30385,87,276236
34959,0.00046,172.31.47.0-255,66,30451,87,276236
34960,0.000481,74.125.24.0-255,2902,33353,87,276236
34961,0.000484,172.31.47.0-255,66,33419,87,276236
34962,0.000494,172.31.47.0-255,66,33485,87,276236
34963,0.000514,74.125.24.0-255,3961,37446,87,276236
34964,0.000517,172.31.47.0-255,66,37512,87,276236
34965,0.000537,74.125.24.0-255,1484,38996,87,276236
34966,0.000566,172.31.47.0-255,66,39062,87,276236
34967,0.000569,74.125.24.0-255,342,39404,87,276236
34968,0.000744,74.125.24.0-255,1484,40888,87,276236
34969,0.000749,172.31.47.0-255,66,40954,87,276236
34970,0.000754,74.125.24.0-255,2902,43856,87,276236
34971,0.000756,172.31.47.0-255,66,43922,87,276236
34972,0.000761,74.125.24.0-255,4320,48242,87,276236
34973,0.000765,172.31.47.0-255,66,48308,87,276236
34974,0.000774,74.125.24.0-255,1484,49792,87,276236
34975,0.00078,74.125.24.0-255,5738,55530,87,276236
34976,0.000782,172.31.47.0-255,66,55596,87,276236
34977,0.0008,74.125.24.0-255,7156,62752,87,276236
34978,0.000803,172.31.47.0-255,66,62818,87,276236
34979,0.000808,74.125.24.0-255,4320,67138,87,276236
34980,0.00081,172.31.47.0-255,66,67204,87,276236
34981,0.000828,74.125.24.0-255,6438,73642,87,276236
34982,0.000831,172.31.47.0-255,66,73708,87,276236
34983,0.001142,74.125.24.0-255,1484,75192,87,276236
34984,0.001147,74.125.24.0-255,2902,78094,87,276236
34985,0.001151,172.31.47.0-255,66,78160,87,276236
34986,0.001157,74.125.24.0-255,5738,83898,87,276236
34987,0.001159,172.31.47.0-255,66,83964,87,276236
34988,0.001163,74.125.24.0-255,4320,88284,87,276236
34989,0.001165,172.31.47.0-255,66,88350,87,276236
34990,0.001183,74.125.24.0-255,2902,91252,87,276236
34991,0.001187,172.31.47.0-255,66,91318,87,276236
34992,0.0012,172.31.47.0-255,66,91384,87,276236
34993,0.001214,74.125.24.0-255,2902,94286,87,276236
34994,0.001217,172.31.47.0-255,66,94352,87,276236
34995,0.001221,74.125.24.0-255,2184,96536,87,276236
34996,0.001223,172.31.47.0-255,66,96602,87,276236
34997,0.001392,74.125.24.0-255,1484,98086,87,276236
34998,0.001414,74.125.24.0-255,2902,100988,87,276236
34999,0.001417,172.31.47.0-255,66,101054,87,276236
35000,0.001434,74.125.24.0-255,4320,105374,87,276236
35001,0.001437,172.31.47.0-255,66,105440,87,276236
35002,0.001463,172.31.47.0-255,66,105506,87,276236
35003,0.001484,172.31.47.0-255,66,105572,87,276236
35004,0.001521,74.125.24.0-255,4320,109892,87,276236
35005,0.001524,172.31.47.0-255,66,109958,87,276236
35006,0.001541,74.125.24.0-255,3602,113560,87,276236
35007,0.001543,172.31.47.0-255,66,113626,87,276236
35008,0.001622,74.125.24.0-255,1484,115110,87,276236
35009,0.001639,74.125.24.0-255,1484,116594,87,276236
35010,0.001642,172.31.47.0-255,66,116660,87,276236
35011,0.001658,74.125.24.0-255,2902,119562,87,276236
35012,0.00166,172.31.47.0-255,66,119628,87,276236
35013,0.001663,74.125.24.0-255,1484,121112,87,276236
35014,0.001686,74.125.24.0-255,4320,125432,87,276236
35015,0.001689,172.31.47.0-255,66,125498,87,276236
35016,0.001736,172.31.47.0-255,66,125564,87,276236
35017,0.001746,172.31.47.0-255,66,125630,87,276236
35018,0.00197,74.125.24.0-255,1484,127114,87,276236
35019,0.001978,74.125.24.0-255,2902,130016,87,276236
35020,0.001982,172.31.47.0-255,66,130082,87,276236
35021,0.001985,74.125.24.0-255,1484,131566,87,276236
35022,0.002004,74.125.24.0-255,4320,135886,87,276236
35023,0.002006,172.31.47.0-255,66,135952,87,276236
35024,0.00201,74.125.24.0-255,2902,138854,87,276236
35025,0.002012,172.31.47.0-255,66,138920,87,276236
35026,0.00204,172.31.47.0-255,66,138986,87,276236
35027,0.002043,74.125.24.0-255,1484,140470,87,276236
35028,0.00206,74.125.24.0-255,7156,147626,87,276236
35029,0.002063,172.31.47.0-255,66,147692,87,276236
35030,0.00208,74.125.24.0-255,2184,149876,87,276236
35031,0.002082,172.31.47.0-255,66,149942,87,276236
35032,0.002101,74.125.24.0-255,1484,151426,87,276236
35033,0.002116,74.125.24.0-255,2902,154328,87,276236
35034,0.002118,172.31.47.0-255,66,154394,87,276236
35035,0.002123,74.125.24.0-255,5738,160132,87,276236
35036,0.002125,172.31.47.0-255,66,160198,87,276236
35037,0.002158,172.31.47.0-255,66,160264,87,276236
35038,0.002174,74.125.24.0-255,4320,164584,87,276236
35039,0.002177,172.31.47.0-255,66,164650,87,276236
35040,0.002213,172.31.47.0-255,66,164716,87,276236
35041,0.002233,74.125.24.0-255,6438,171154,87,276236
35042,0.002237,172.31.47.0-255,66,171220,87,276236
35043,0.002248,172.31.47.0-255,66,171286,87,276236
35044,0.002267,172.31.47.0-255,66,171352,87,276236
35045,0.002272,74.125.24.0-255,5738,177090,87,276236
35046,0.002274,172.31.47.0-255,66,177156,87,276236
35047,0.002298,74.125.24.0-255,6438,183594,87,276236
35048,0.002301,172.31.47.0-255,66,183660,87,276236
35049,0.002304,74.125.24.0-255,4320,187980,87,276236
35050,0.002307,172.31.47.0-255,66,188046,87,276236
35051,0.002328,172.31.47.0-255,66,188112,87,276236
35052,0.004571,74.125.24.0-255,5738,193850,87,276236
35053,0.004578,172.31.47.0-255,66,193916,87,276236
35054,0.006845,74.125.24.0-255,5738,199654,87,276236
35055,0.006852,172.31.47.0-255,66,199720,87,276236
35056,0.009114,74.125.24.0-255,5738,205458,87,276236
35057,0.009121,172.31.47.0-255,66,205524,87,276236
35058,0.011372,74.125.24.0-255,5738,211262,87,276236
35059,0.011379,172.31.47.0-255,66,211328,87,276236
35060,0.013616,74.125.24.0-255,5738,217066,87,276236
35061,0.013623,172.31.47.0-255,66,217132,87,276236
35062,0.015894,74.125.24.0-255,5738,222870,87,276236
35063,0.015901,172.31.47.0-255,66,222936,87,276236
35064,0.018155,74.125.24.0-255,5738,228674,87,276236
35065,0.018161,172.31.47.0-255,66,228740,87,276236
35066,0.020425,74.125.24.0-255,5738,234478,87,276236
35067,0.020432,172.31.47.0-255,66,234544,87,276236
35068,0.022684,74.125.24.0-255,5738,240282,87,276236
35069,0.02269,172.31.47.0-255,66,240348,87,276236
35070,0.024987,74.125.24.0-255,5738,246086,87,276236
35071,0.024993,172.31.47.0-255,66,246152,87,276236
35072,0.025705,172.31.47.0-255,172,246324,87,276236
35073,0.025732,172.31.47.0-255,1111,247435,87,276236
35074,0.025767,172.31.47.0-255,1514,248949,87,276236
35075,0.025769,172.31.47.0-255,1514,250463,87,276236
35076,0.02577,172.31.47.0-255,1514,251977,87,276236
35077,0.025771,172.31.47.0-255,113,252090,87,276236
35078,0.027253,74.125.24.0-255,5738,257828,87,276236
35079,0.027258,172.31.47.0-255,66,257894,87,276236
35080,0.027284,104.244.42.0-255,66,257960,87,276236
35081,0.029487,74.125.24.0-255,4320,262280,87,276236
35082,0.029492,172.31.47.0-255,66,262346,87,276236
35083,0.029516,74.125.24.0-255,1484,263830,87,276236
35084,0.031727,74.125.24.0-255,4320,268150,87,276236
35085,0.031732,172.31.47.0-255,66,268216,87,276236
35086,0.033987,74.125.24.0-255,5738,273954,87,276236
35087,0.033991,172.31.47.0-255,66,274020,87,276236
35088,0.036256,74.125.24.0-255,1913,275933,87,276236
35089,0.036261,172.31.47.0-255,66,275999,87,276236
35090,0.036433,172.31.47.0-255,105,276104,87,276236
35091,0.038655,74.125.24.0-255,66,276170,87,276236
35092,0.068922,104.244.42.0-255,66,276236,87,276236
35093,0.0,74.125.24.0-255,153,153,87,322797
35094,2.2e-05,172.31.47.0-255,66,219,87,322797
35095,2.7e-05,74.125.24.0-255,1484,1703,87,322797
35096,3e-05,172.31.47.0-255,66,1769,87,322797
35097,3.5e-05,74.125.24.0-255,2902,4671,87,322797
35098,3.7e-05,172.31.47.0-255,66,4737,87,322797
35099,4.3e-05,74.125.24.0-255,7156,11893,87,322797
35100,4.6e-05,172.31.47.0-255,66,11959,87,322797
35101,8.4e-05,74.125.24.0-255,2202,14161,87,322797
35102,8.7e-05,172.31.47.0-255,66,14227,87,322797
35103,9e-05,74.125.24.0-255,2902,17129,87,322797
35104,9.3e-05,172.31.47.0-255,66,17195,87,322797
35105,0.000109,74.125.24.0-255,7156,24351,87,322797
35106,0.000111,172.31.47.0-255,66,24417,87,322797
35107,0.000164,74.125.24.0-255,6797,31214,87,322797
35108,0.000168,172.31.47.0-255,66,31280,87,322797
35109,0.000224,74.125.24.0-255,1484,32764,87,322797
35110,0.000228,172.31.47.0-255,66,32830,87,322797
35111,0.000231,74.125.24.0-255,1484,34314,87,322797
35112,0.000232,172.31.47.0-255,66,34380,87,322797
35113,0.000247,74.125.24.0-255,1484,35864,87,322797
35114,0.000249,172.31.47.0-255,66,35930,87,322797
35115,0.000255,74.125.24.0-255,5738,41668,87,322797
35116,0.000257,172.31.47.0-255,66,41734,87,322797
35117,0.000262,74.125.24.0-255,5738,47472,87,322797
35118,0.000264,172.31.47.0-255,66,47538,87,322797
35119,0.000294,74.125.24.0-255,5738,53276,87,322797
35120,0.000298,172.31.47.0-255,66,53342,87,322797
35121,0.000326,172.31.47.0-255,66,53408,87,322797
35122,0.00033,74.125.24.0-255,4232,57640,87,322797
35123,0.000333,172.31.47.0-255,66,57706,87,322797
35124,0.000335,74.125.24.0-255,385,58091,87,322797
35125,0.000408,74.125.24.0-255,1484,59575,87,322797
35126,0.000413,172.31.47.0-255,66,59641,87,322797
35127,0.000422,74.125.24.0-255,2902,62543,87,322797
35128,0.000424,172.31.47.0-255,66,62609,87,322797
35129,0.000429,74.125.24.0-255,4320,66929,87,322797
35130,0.000431,172.31.47.0-255,66,66995,87,322797
35131,0.000451,74.125.24.0-255,1484,68479,87,322797
35132,0.000475,74.125.24.0-255,6247,74726,87,322797
35133,0.000479,172.31.47.0-255,66,74792,87,322797
35134,0.000636,74.125.24.0-255,1484,76276,87,322797
35135,0.000641,74.125.24.0-255,2902,79178,87,322797
35136,0.000643,172.31.47.0-255,66,79244,87,322797
35137,0.000667,74.125.24.0-255,5738,84982,87,322797
35138,0.000669,172.31.47.0-255,66,85048,87,322797
35139,0.000674,74.125.24.0-255,5738,90786,87,322797
35140,0.000676,172.31.47.0-255,66,90852,87,322797
35141,0.000691,74.125.24.0-255,7156,98008,87,322797
35142,0.000694,172.31.47.0-255,66,98074,87,322797
35143,0.000712,74.125.24.0-255,5738,103812,87,322797
35144,0.000714,172.31.47.0-255,66,103878,87,322797
35145,0.000719,74.125.24.0-255,5020,108898,87,322797
35146,0.000721,172.31.47.0-255,66,108964,87,322797
35147,0.001144,74.125.24.0-255,1484,110448,87,322797
35148,0.00115,74.125.24.0-255,2902,113350,87,322797
35149,0.001153,172.31.47.0-255,66,113416,87,322797
35150,0.001156,74.125.24.0-255,1484,114900,87,322797
35151,0.001177,74.125.24.0-255,4320,119220,87,322797
35152,0.00118,172.31.47.0-255,66,119286,87,322797
35153,0.001184,74.125.24.0-255,4320,123606,87,322797
35154,0.001186,172.31.47.0-255,66,123672,87,322797
35155,0.001191,74.125.24.0-255,5738,129410,87,322797
35156,0.001194,172.31.47.0-255,66,129476,87,322797
35157,0.001208,74.125.24.0-255,5738,135214,87,322797
35158,0.001211,172.31.47.0-255,66,135280,87,322797
35159,0.001224,74.125.24.0-255,5738,141018,87,322797
35160,0.001226,172.31.47.0-255,66,141084,87,322797
35161,0.001248,74.125.24.0-255,2184,143268,87,322797
35162,0.00125,172.31.47.0-255,66,143334,87,322797
35163,0.001268,74.125.24.0-255,2902,146236,87,322797
35164,0.001271,172.31.47.0-255,66,146302,87,322797
35165,0.001291,74.125.24.0-255,5738,152040,87,322797
35166,0.001294,172.31.47.0-255,66,152106,87,322797
35167,0.001297,74.125.24.0-255,1484,153590,87,322797
35168,0.001307,172.31.47.0-255,66,153656,87,322797
35169,0.001364,172.31.47.0-255,66,153722,87,322797
35170,0.001381,74.125.24.0-255,1484,155206,87,322797
35171,0.001384,74.125.24.0-255,1484,156690,87,322797
35172,0.001386,172.31.47.0-255,66,156756,87,322797
35173,0.001398,74.125.24.0-255,1484,158240,87,322797
35174,0.001404,74.125.24.0-255,5738,163978,87,322797
35175,0.001406,172.31.47.0-255,66,164044,87,322797
35176,0.001421,74.125.24.0-255,1484,165528,87,322797
35177,0.001446,172.31.47.0-255,66,165594,87,322797
35178,0.001472,74.125.24.0-255,1484,167078,87,322797
35179,0.001501,172.31.47.0-255,66,167144,87,322797
35180,0.001573,74.125.24.0-255,1484,168628,87,322797
35181,0.001585,74.125.24.0-255,2902,171530,87,322797
35182,0.001588,172.31.47.0-255,66,171596,87,322797
35183,0.001592,74.125.24.0-255,2902,174498,87,322797
35184,0.001594,172.31.47.0-255,66,174564,87,322797
35185,0.001609,74.125.24.0-255,2902,177466,87,322797
35186,0.001611,172.31.47.0-255,66,177532,87,322797
35187,0.001614,74.125.24.0-255,1484,179016,87,322797
35188,0.001638,172.31.47.0-255,66,179082,87,322797
35189,0.001643,74.125.24.0-255,7156,186238,87,322797
35190,0.001646,172.31.47.0-255,66,186304,87,322797
35191,0.001687,74.125.24.0-255,3602,189906,87,322797
35192,0.00169,172.31.47.0-255,66,189972,87,322797
35193,0.001827,74.125.24.0-255,1484,191456,87,322797
35194,0.001832,74.125.24.0-255,1484,192940,87,322797
35195,0.001835,172.31.47.0-255,66,193006,87,322797
35196,0.001852,74.125.24.0-255,1484,194490,87,322797
35197,0.001858,74.125.24.0-255,5738,200228,87,322797
35198,0.001861,172.31.47.0-255,66,200294,87,322797
35199,0.001877,74.125.24.0-255,1484,201778,87,322797
35200,0.001907,172.31.47.0-255,66,201844,87,322797
35201,0.00194,172.31.47.0-255,66,201910,87,322797
35202,0.00197,74.125.24.0-255,4320,206230,87,322797
35203,0.001974,172.31.47.0-255,66,206296,87,322797
35204,0.002002,172.31.47.0-255,66,206362,87,322797
35205,0.002008,74.125.24.0-255,7156,213518,87,322797
35206,0.002011,172.31.47.0-255,66,213584,87,322797
35207,0.002013,74.125.24.0-255,1484,215068,87,322797
35208,0.002037,74.125.24.0-255,2902,217970,87,322797
35209,0.00204,172.31.47.0-255,66,218036,87,322797
35210,0.003993,74.125.24.0-255,1484,219520,87,322797
35211,0.004035,74.125.24.0-255,4320,223840,87,322797
35212,0.004039,172.31.47.0-255,66,223906,87,322797
35213,0.006037,74.125.24.0-255,5738,229644,87,322797
35214,0.006042,172.31.47.0-255,66,229710,87,322797
35215,0.008033,74.125.24.0-255,5738,235448,87,322797
35216,0.008038,172.31.47.0-255,66,235514,87,322797
35217,0.010037,74.125.24.0-255,5738,241252,87,322797
35218,0.010042,172.31.47.0-255,66,241318,87,322797
35219,0.012021,74.125.24.0-255,5738,247056,87,322797
35220,0.012027,172.31.47.0-255,66,247122,87,322797
35221,0.014006,74.125.24.0-255,5738,252860,87,322797
35222,0.014012,172.31.47.0-255,66,252926,87,322797
35223,0.016015,74.125.24.0-255,5738,258664,87,322797
35224,0.016025,172.31.47.0-255,66,258730,87,322797
35225,0.018069,74.125.24.0-255,5738,264468,87,322797
35226,0.018076,172.31.47.0-255,66,264534,87,322797
35227,0.020092,74.125.24.0-255,5738,270272,87,322797
35228,0.020103,172.31.47.0-255,66,270338,87,322797
35229,0.022125,74.125.24.0-255,5738,276076,87,322797
35230,0.022133,172.31.47.0-255,66,276142,87,322797
35231,0.024133,74.125.24.0-255,5738,281880,87,322797
35232,0.024139,172.31.47.0-255,66,281946,87,322797
35233,0.02612,74.125.24.0-255,5738,287684,87,322797
35234,0.026127,172.31.47.0-255,66,287750,87,322797
35235,0.028146,74.125.24.0-255,4320,292070,87,322797
35236,0.028151,172.31.47.0-255,66,292136,87,322797
35237,0.028192,74.125.24.0-255,1484,293620,87,322797
35238,0.028644,172.31.47.0-255,172,293792,87,322797
35239,0.028675,172.31.47.0-255,1111,294903,87,322797
35240,0.028703,172.31.47.0-255,1514,296417,87,322797
35241,0.028704,172.31.47.0-255,1295,297712,87,322797
35242,0.030135,74.125.24.0-255,4320,302032,87,322797
35243,0.030139,172.31.47.0-255,66,302098,87,322797
35244,0.030162,104.244.42.0-255,66,302164,87,322797
35245,0.030185,104.244.42.0-255,66,302230,87,322797
35246,0.030224,104.244.42.0-255,66,302296,87,322797
35247,0.032189,74.125.24.0-255,5738,308034,87,322797
35248,0.032194,172.31.47.0-255,66,308100,87,322797
35249,0.034169,74.125.24.0-255,5738,313838,87,322797
35250,0.034174,172.31.47.0-255,66,313904,87,322797
35251,0.036192,74.125.24.0-255,5738,319642,87,322797
35252,0.036197,172.31.47.0-255,66,319708,87,322797
35253,0.038194,74.125.24.0-255,2852,322560,87,322797
35254,0.038199,172.31.47.0-255,66,322626,87,322797
35255,0.038347,172.31.47.0-255,105,322731,87,322797
35256,0.040295,74.125.24.0-255,66,322797,87,322797
35257,0.0,74.125.130.0-255,143,143,87,334069
35258,2.2e-05,172.31.47.0-255,66,209,87,334069
35259,2.8e-05,74.125.130.0-255,1484,1693,87,334069
35260,3.2e-05,172.31.47.0-255,66,1759,87,334069
35261,3.6e-05,74.125.130.0-255,2902,4661,87,334069
35262,3.8e-05,172.31.47.0-255,66,4727,87,334069
35263,6.7e-05,74.125.130.0-255,7156,11883,87,334069
35264,7e-05,172.31.47.0-255,66,11949,87,334069
35265,7.3e-05,74.125.130.0-255,2171,14120,87,334069
35266,7.5e-05,172.31.47.0-255,66,14186,87,334069
35267,0.000176,74.125.130.0-255,1484,15670,87,334069
35268,0.00018,172.31.47.0-255,66,15736,87,334069
35269,0.000193,74.125.130.0-255,2902,18638,87,334069
35270,0.000197,172.31.47.0-255,66,18704,87,334069
35271,0.000222,74.125.130.0-255,5738,24442,87,334069
35272,0.000224,172.31.47.0-255,66,24508,87,334069
35273,0.00023,74.125.130.0-255,5738,30246,87,334069
35274,0.000232,172.31.47.0-255,66,30312,87,334069
35275,0.000266,74.125.130.0-255,1125,31437,87,334069
35276,0.000268,172.31.47.0-255,66,31503,87,334069
35277,0.000444,74.125.130.0-255,1484,32987,87,334069
35278,0.000448,172.31.47.0-255,66,33053,87,334069
35279,0.00046,74.125.130.0-255,2902,35955,87,334069
35280,0.000462,172.31.47.0-255,66,36021,87,334069
35281,0.000477,74.125.130.0-255,5738,41759,87,334069
35282,0.000481,172.31.47.0-255,66,41825,87,334069
35283,0.000505,74.125.130.0-255,6797,48622,87,334069
35284,0.000509,172.31.47.0-255,66,48688,87,334069
35285,0.000535,74.125.130.0-255,5738,54426,87,334069
35286,0.000538,172.31.47.0-255,66,54492,87,334069
35287,0.000559,74.125.130.0-255,5738,60230,87,334069
35288,0.000561,172.31.47.0-255,66,60296,87,334069
35289,0.000581,74.125.130.0-255,5379,65675,87,334069
35290,0.000585,172.31.47.0-255,66,65741,87,334069
35291,0.000618,74.125.130.0-255,378,66119,87,334069
35292,0.000709,172.31.47.0-255,66,66185,87,334069
35293,0.001409,74.125.130.0-255,365,66550,87,334069
35294,0.00144,172.31.47.0-255,66,66616,87,334069
35295,0.001543,74.125.130.0-255,1484,68100,87,334069
35296,0.001559,74.125.130.0-255,2902,71002,87,334069
35297,0.001573,172.31.47.0-255,66,71068,87,334069
35298,0.001576,74.125.130.0-255,1484,72552,87,334069
35299,0.001589,74.125.130.0-255,4320,76872,87,334069
35300,0.001592,74.125.130.0-255,1484,78356,87,334069
35301,0.001615,74.125.130.0-255,5379,83735,87,334069
35302,0.001618,172.31.47.0-255,66,83801,87,334069
35303,0.001622,172.31.47.0-255,66,83867,87,334069
35304,0.001669,74.125.130.0-255,1484,85351,87,334069
35305,0.001689,74.125.130.0-255,2902,88253,87,334069
35306,0.001699,172.31.47.0-255,66,88319,87,334069
35307,0.001702,74.125.130.0-255,2902,91221,87,334069
35308,0.001706,172.31.47.0-255,66,91287,87,334069
35309,0.001717,74.125.130.0-255,2902,94189,87,334069
35310,0.001719,74.125.130.0-255,1484,95673,87,334069
35311,0.001723,74.125.130.0-255,2902,98575,87,334069
35312,0.001735,172.31.47.0-255,66,98641,87,334069
35313,0.001761,74.125.130.0-255,2543,101184,87,334069
35314,0.001769,172.31.47.0-255,66,101250,87,334069
35315,0.004245,74.125.130.0-255,2902,104152,87,334069
35316,0.00425,172.31.47.0-255,66,104218,87,334069
35317,0.004277,74.125.130.0-255,2902,107120,87,334069
35318,0.004292,172.31.47.0-255,66,107186,87,334069
35319,0.006759,74.125.130.0-255,2902,110088,87,334069
35320,0.006764,172.31.47.0-255,66,110154,87,334069
35321,0.006808,74.125.130.0-255,2902,113056,87,334069
35322,0.006837,172.31.47.0-255,66,113122,87,334069
35323,0.009291,74.125.130.0-255,2902,116024,87,334069
35324,0.009297,172.31.47.0-255,66,116090,87,334069
35325,0.009347,74.125.130.0-255,2902,118992,87,334069
35326,0.009371,172.31.47.0-255,66,119058,87,334069
35327,0.011827,74.125.130.0-255,2902,121960,87,334069
35328,0.011836,172.31.47.0-255,66,122026,87,334069
35329,0.011886,74.125.130.0-255,2902,124928,87,334069
35330,0.011906,172.31.47.0-255,66,124994,87,334069
35331,0.014356,74.125.130.0-255,2902,127896,87,334069
35332,0.014365,172.31.47.0-255,66,127962,87,334069
35333,0.014425,74.125.130.0-255,2902,130864,87,334069
35334,0.014443,172.31.47.0-255,66,130930,87,334069
35335,0.016886,74.125.130.0-255,2902,133832,87,334069
35336,0.016892,172.31.47.0-255,66,133898,87,334069
35337,0.016958,74.125.130.0-255,2902,136800,87,334069
35338,0.016963,172.31.47.0-255,66,136866,87,334069
35339,0.019255,172.31.47.0-255,167,137033,87,334069
35340,0.0193,172.31.47.0-255,1111,138144,87,334069
35341,0.019359,172.31.47.0-255,1514,139658,87,334069
35342,0.019361,172.31.47.0-255,1293,140951,87,334069
35343,0.019397,74.125.130.0-255,2902,143853,87,334069
35344,0.019401,172.31.47.0-255,66,143919,87,334069
35345,0.019463,74.125.130.0-255,2902,146821,87,334069
35346,0.019565,172.31.47.0-255,66,146887,87,334069
35347,0.020812,104.244.42.0-255,66,146953,87,334069
35348,0.020882,104.244.42.0-255,66,147019,87,334069
35349,0.020938,104.244.42.0-255,66,147085,87,334069
35350,0.021913,74.125.130.0-255,2902,149987,87,334069
35351,0.021916,172.31.47.0-255,66,150053,87,334069
35352,0.022095,74.125.130.0-255,2902,152955,87,334069
35353,0.022099,172.31.47.0-255,66,153021,87,334069
35354,0.024424,74.125.130.0-255,2902,155923,87,334069
35355,0.024429,172.31.47.0-255,66,155989,87,334069
35356,0.024603,74.125.130.0-255,2902,158891,87,334069
35357,0.024609,172.31.47.0-255,66,158957,87,334069
35358,0.026936,74.125.130.0-255,2902,161859,87,334069
35359,0.026941,172.31.47.0-255,66,161925,87,334069
35360,0.027119,74.125.130.0-255,2902,164827,87,334069
35361,0.027125,172.31.47.0-255,66,164893,87,334069
35362,0.029458,74.125.130.0-255,2902,167795,87,334069
35363,0.029463,172.31.47.0-255,66,167861,87,334069
35364,0.029632,74.125.130.0-255,2902,170763,87,334069
35365,0.029638,172.31.47.0-255,66,170829,87,334069
35366,0.031973,74.125.130.0-255,2902,173731,87,334069
35367,0.031978,172.31.47.0-255,66,173797,87,334069
35368,0.032152,74.125.130.0-255,2902,176699,87,334069
35369,0.032157,172.31.47.0-255,66,176765,87,334069
35370,0.034488,74.125.130.0-255,2902,179667,87,334069
35371,0.034521,172.31.47.0-255,66,179733,87,334069
35372,0.034662,74.125.130.0-255,2902,182635,87,334069
35373,0.034667,172.31.47.0-255,66,182701,87,334069
35374,0.037034,74.125.130.0-255,2902,185603,87,334069
35375,0.037039,172.31.47.0-255,66,185669,87,334069
35376,0.037179,74.125.130.0-255,2902,188571,87,334069
35377,0.037184,172.31.47.0-255,66,188637,87,334069
35378,0.039542,74.125.130.0-255,2902,191539,87,334069
35379,0.039547,172.31.47.0-255,66,191605,87,334069
35380,0.03971,74.125.130.0-255,2902,194507,87,334069
35381,0.039715,172.31.47.0-255,66,194573,87,334069
35382,0.042051,74.125.130.0-255,2902,197475,87,334069
35383,0.042055,172.31.47.0-255,66,197541,87,334069
35384,0.042215,74.125.130.0-255,2902,200443,87,334069
35385,0.04222,172.31.47.0-255,66,200509,87,334069
35386,0.044572,74.125.130.0-255,2902,203411,87,334069
35387,0.044577,172.31.47.0-255,66,203477,87,334069
35388,0.044728,74.125.130.0-255,2902,206379,87,334069
35389,0.044734,172.31.47.0-255,66,206445,87,334069
35390,0.047085,74.125.130.0-255,2902,209347,87,334069
35391,0.047089,172.31.47.0-255,66,209413,87,334069
35392,0.04726,74.125.130.0-255,2902,212315,87,334069
35393,0.047265,172.31.47.0-255,66,212381,87,334069
35394,0.049601,74.125.130.0-255,2902,215283,87,334069
35395,0.049605,172.31.47.0-255,66,215349,87,334069
35396,0.04978,74.125.130.0-255,2902,218251,87,334069
35397,0.049785,172.31.47.0-255,66,218317,87,334069
35398,0.052117,74.125.130.0-255,2902,221219,87,334069
35399,0.052121,172.31.47.0-255,66,221285,87,334069
35400,0.052294,74.125.130.0-255,2902,224187,87,334069
35401,0.052299,172.31.47.0-255,66,224253,87,334069
35402,0.05463,74.125.130.0-255,2902,227155,87,334069
35403,0.054636,172.31.47.0-255,66,227221,87,334069
35404,0.054808,74.125.130.0-255,2902,230123,87,334069
35405,0.054814,172.31.47.0-255,66,230189,87,334069
35406,0.057135,74.125.130.0-255,2902,233091,87,334069
35407,0.057139,172.31.47.0-255,66,233157,87,334069
35408,0.057312,74.125.130.0-255,2902,236059,87,334069
35409,0.057317,172.31.47.0-255,66,236125,87,334069
35410,0.059646,74.125.130.0-255,2902,239027,87,334069
35411,0.059663,172.31.47.0-255,66,239093,87,334069
35412,0.059819,74.125.130.0-255,2902,241995,87,334069
35413,0.059824,172.31.47.0-255,66,242061,87,334069
35414,0.062176,74.125.130.0-255,2902,244963,87,334069
35415,0.062181,172.31.47.0-255,66,245029,87,334069
35416,0.062325,74.125.130.0-255,2902,247931,87,334069
35417,0.062344,172.31.47.0-255,66,247997,87,334069
35418,0.064701,74.125.130.0-255,2902,250899,87,334069
35419,0.064706,172.31.47.0-255,66,250965,87,334069
35420,0.064853,74.125.130.0-255,2902,253867,87,334069
35421,0.064874,172.31.47.0-255,66,253933,87,334069
35422,0.067237,74.125.130.0-255,2902,256835,87,334069
35423,0.067242,172.31.47.0-255,66,256901,87,334069
35424,0.067385,74.125.130.0-255,2902,259803,87,334069
35425,0.06739,172.31.47.0-255,66,259869,87,334069
35426,0.069757,74.125.130.0-255,2902,262771,87,334069
35427,0.069762,172.31.47.0-255,66,262837,87,334069
35428,0.069903,74.125.130.0-255,2902,265739,87,334069
35429,0.069909,172.31.47.0-255,66,265805,87,334069
35430,0.072301,74.125.130.0-255,2902,268707,87,334069
35431,0.072307,172.31.47.0-255,66,268773,87,334069
35432,0.072429,74.125.130.0-255,2902,271675,87,334069
35433,0.072434,172.31.47.0-255,66,271741,87,334069
35434,0.074822,74.125.130.0-255,2902,274643,87,334069
35435,0.074827,172.31.47.0-255,66,274709,87,334069
35436,0.074941,74.125.130.0-255,2902,277611,87,334069
35437,0.074945,172.31.47.0-255,66,277677,87,334069
35438,0.077347,74.125.130.0-255,2902,280579,87,334069
35439,0.077352,172.31.47.0-255,66,280645,87,334069
35440,0.077454,74.125.130.0-255,2902,283547,87,334069
35441,0.077459,172.31.47.0-255,66,283613,87,334069
35442,0.079864,74.125.130.0-255,2902,286515,87,334069
35443,0.07987,172.31.47.0-255,66,286581,87,334069
35444,0.07996,74.125.130.0-255,2902,289483,87,334069
35445,0.079965,172.31.47.0-255,66,289549,87,334069
35446,0.082377,74.125.130.0-255,2902,292451,87,334069
35447,0.082381,172.31.47.0-255,66,292517,87,334069
35448,0.082466,74.125.130.0-255,2902,295419,87,334069
35449,0.08247,172.31.47.0-255,66,295485,87,334069
35450,0.084903,74.125.130.0-255,2902,298387,87,334069
35451,0.084908,172.31.47.0-255,66,298453,87,334069
35452,0.084965,74.125.130.0-255,2902,301355,87,334069
35453,0.084982,172.31.47.0-255,66,301421,87,334069
35454,0.087426,74.125.130.0-255,2902,304323,87,334069
35455,0.087431,172.31.47.0-255,66,304389,87,334069
35456,0.087488,74.125.130.0-255,2902,307291,87,334069
35457,0.087496,172.31.47.0-255,66,307357,87,334069
35458,0.089936,74.125.130.0-255,2902,310259,87,334069
35459,0.08994,172.31.47.0-255,66,310325,87,334069
35460,0.090004,74.125.130.0-255,2902,313227,87,334069
35461,0.090012,172.31.47.0-255,66,313293,87,334069
35462,0.09244,74.125.130.0-255,2902,316195,87,334069
35463,0.092446,172.31.47.0-255,66,316261,87,334069
35464,0.092523,74.125.130.0-255,2902,319163,87,334069
35465,0.092543,172.31.47.0-255,66,319229,87,334069
35466,0.094962,74.125.130.0-255,2902,322131,87,334069
35467,0.094967,172.31.47.0-255,66,322197,87,334069
35468,0.09506,74.125.130.0-255,2902,325099,87,334069
35469,0.095064,172.31.47.0-255,66,325165,87,334069
35470,0.09748,74.125.130.0-255,2902,328067,87,334069
35471,0.097484,172.31.47.0-255,66,328133,87,334069
35472,0.097576,74.125.130.0-255,2902,331035,87,334069
35473,0.09758,172.31.47.0-255,66,331101,87,334069
35474,0.099992,74.125.130.0-255,2902,334003,87,334069
35475,0.099997,172.31.47.0-255,66,334069,87,334069
35476,0.0,172.217.194.0-255,152,152,87,275832
35477,2.6e-05,172.31.47.0-255,66,218,87,275832
35478,3.2e-05,172.217.194.0-255,1484,1702,87,275832
35479,3.7e-05,172.31.47.0-255,66,1768,87,275832
35480,4.9e-05,172.217.194.0-255,2902,4670,87,275832
35481,5.2e-05,172.31.47.0-255,66,4736,87,275832
35482,6e-05,172.217.194.0-255,7156,11892,87,275832
35483,6.2e-05,172.31.47.0-255,66,11958,87,275832
35484,9.4e-05,172.217.194.0-255,4320,16278,87,275832
35485,9.7e-05,172.31.47.0-255,66,16344,87,275832
35486,0.000131,172.31.47.0-255,66,16410,87,275832
35487,0.000137,172.217.194.0-255,5379,21789,87,275832
35488,0.00014,172.31.47.0-255,66,21855,87,275832
35489,0.000178,172.217.194.0-255,1484,23339,87,275832
35490,0.000181,172.31.47.0-255,66,23405,87,275832
35491,0.000186,172.217.194.0-255,2902,26307,87,275832
35492,0.000188,172.31.47.0-255,66,26373,87,275832
35493,0.000219,172.217.194.0-255,5738,32111,87,275832
35494,0.000221,172.31.47.0-255,66,32177,87,275832
35495,0.000242,172.217.194.0-255,5738,37915,87,275832
35496,0.000247,172.31.47.0-255,66,37981,87,275832
35497,0.000258,172.217.194.0-255,6797,44778,87,275832
35498,0.000265,172.31.47.0-255,66,44844,87,275832
35499,0.000303,172.31.47.0-255,66,44910,87,275832
35500,0.000306,172.217.194.0-255,374,45284,87,275832
35501,0.000309,172.31.47.0-255,66,45350,87,275832
35502,0.000416,172.217.194.0-255,1484,46834,87,275832
35503,0.000421,172.31.47.0-255,66,46900,87,275832
35504,0.000426,172.217.194.0-255,2902,49802,87,275832
35505,0.00043,172.31.47.0-255,66,49868,87,275832
35506,0.000483,172.217.194.0-255,5738,55606,87,275832
35507,0.000487,172.31.47.0-255,66,55672,87,275832
35508,0.000494,172.217.194.0-255,6797,62469,87,275832
35509,0.000497,172.31.47.0-255,66,62535,87,275832
35510,0.000512,172.217.194.0-255,7156,69691,87,275832
35511,0.000516,172.31.47.0-255,66,69757,87,275832
35512,0.000552,172.31.47.0-255,66,69823,87,275832
35513,0.000974,172.217.194.0-255,1484,71307,87,275832
35514,0.00098,172.217.194.0-255,2902,74209,87,275832
35515,0.000984,172.31.47.0-255,66,74275,87,275832
35516,0.001011,172.217.194.0-255,5738,80013,87,275832
35517,0.001014,172.31.47.0-255,66,80079,87,275832
35518,0.001052,172.31.47.0-255,66,80145,87,275832
35519,0.00107,172.31.47.0-255,66,80211,87,275832
35520,0.001095,172.217.194.0-255,1484,81695,87,275832
35521,0.001114,172.217.194.0-255,1484,83179,87,275832
35522,0.001117,172.31.47.0-255,66,83245,87,275832
35523,0.001123,172.217.194.0-255,4320,87565,87,275832
35524,0.001125,172.31.47.0-255,66,87631,87,275832
35525,0.001157,172.217.194.0-255,4320,91951,87,275832
35526,0.00116,172.31.47.0-255,66,92017,87,275832
35527,0.001185,172.217.194.0-255,4320,96337,87,275832
35528,0.001188,172.31.47.0-255,66,96403,87,275832
35529,0.00121,172.31.47.0-255,66,96469,87,275832
35530,0.001215,172.217.194.0-255,3602,100071,87,275832
35531,0.001218,172.31.47.0-255,66,100137,87,275832
35532,0.001238,172.217.194.0-255,4320,104457,87,275832
35533,0.001241,172.31.47.0-255,66,104523,87,275832
35534,0.001281,172.31.47.0-255,66,104589,87,275832
35535,0.001291,172.31.47.0-255,66,104655,87,275832
35536,0.001329,172.31.47.0-255,66,104721,87,275832
35537,0.001489,172.217.194.0-255,1484,106205,87,275832
35538,0.001494,172.217.194.0-255,2902,109107,87,275832
35539,0.001497,172.31.47.0-255,66,109173,87,275832
35540,0.001522,172.217.194.0-255,5738,114911,87,275832
35541,0.001524,172.31.47.0-255,66,114977,87,275832
35542,0.001529,172.217.194.0-255,2902,117879,87,275832
35543,0.001532,172.31.47.0-255,66,117945,87,275832
35544,0.00155,172.217.194.0-255,5738,123683,87,275832
35545,0.001553,172.31.47.0-255,66,123749,87,275832
35546,0.001571,172.31.47.0-255,66,123815,87,275832
35547,0.001593,172.217.194.0-255,2902,126717,87,275832
35548,0.001596,172.31.47.0-255,66,126783,87,275832
35549,0.001623,172.217.194.0-255,2184,128967,87,275832
35550,0.001626,172.31.47.0-255,66,129033,87,275832
35551,0.00165,172.217.194.0-255,1484,130517,87,275832
35552,0.001654,172.217.194.0-255,2902,133419,87,275832
35553,0.001657,172.31.47.0-255,66,133485,87,275832
35554,0.001685,172.217.194.0-255,5738,139223,87,275832
35555,0.001691,172.217.194.0-255,5738,144961,87,275832
35556,0.001691,172.31.47.0-255,66,145027,87,275832
35557,0.001696,172.31.47.0-255,66,145093,87,275832
35558,0.001767,172.217.194.0-255,5738,150831,87,275832
35559,0.001775,172.31.47.0-255,66,150897,87,275832
35560,0.001796,172.217.194.0-255,7156,158053,87,275832
35561,0.0018,172.31.47.0-255,66,158119,87,275832
35562,0.001805,172.217.194.0-255,5020,163139,87,275832
35563,0.001808,172.217.194.0-255,1484,164623,87,275832
35564,0.001812,172.217.194.0-255,2902,167525,87,275832
35565,0.001812,172.31.47.0-255,66,167591,87,275832
35566,0.001817,172.217.194.0-255,5738,173329,87,275832
35567,0.001817,172.31.47.0-255,66,173395,87,275832
35568,0.001819,172.217.194.0-255,1484,174879,87,275832
35569,0.001832,172.31.47.0-255,66,174945,87,275832
35570,0.00188,172.31.47.0-255,66,175011,87,275832
35571,0.001884,172.217.194.0-255,766,175777,87,275832
35572,0.001897,172.31.47.0-255,66,175843,87,275832
35573,0.001906,172.217.194.0-255,1484,177327,87,275832
35574,0.001912,172.217.194.0-255,4320,181647,87,275832
35575,0.001922,172.217.194.0-255,2902,184549,87,275832
35576,0.001921,172.31.47.0-255,66,184615,87,275832
35577,0.001936,172.31.47.0-255,66,184681,87,275832
35578,0.001953,172.217.194.0-255,4320,189001,87,275832
35579,0.001962,172.31.47.0-255,66,189067,87,275832
35580,0.001976,172.31.47.0-255,66,189133,87,275832
35581,0.001977,172.217.194.0-255,5020,194153,87,275832
35582,0.00198,172.31.47.0-255,66,194219,87,275832
35583,0.002019,172.217.194.0-255,1484,195703,87,275832
35584,0.002024,172.217.194.0-255,2902,198605,87,275832
35585,0.002031,172.31.47.0-255,66,198671,87,275832
35586,0.00397,172.217.194.0-255,1484,200155,87,275832
35587,0.004028,172.217.194.0-255,1484,201639,87,275832
35588,0.004032,172.31.47.0-255,66,201705,87,275832
35589,0.004056,172.217.194.0-255,2902,204607,87,275832
35590,0.004058,172.31.47.0-255,66,204673,87,275832
35591,0.006039,172.217.194.0-255,2902,207575,87,275832
35592,0.006041,172.31.47.0-255,66,207641,87,275832
35593,0.006061,172.217.194.0-255,2902,210543,87,275832
35594,0.006062,172.31.47.0-255,66,210609,87,275832
35595,0.008052,172.217.194.0-255,5738,216347,87,275832
35596,0.008058,172.31.47.0-255,66,216413,87,275832
35597,0.010067,172.217.194.0-255,4320,220733,87,275832
35598,0.010072,172.31.47.0-255,66,220799,87,275832
35599,0.010094,172.217.194.0-255,1484,222283,87,275832
35600,0.012084,172.217.194.0-255,4320,226603,87,275832
35601,0.012092,172.31.47.0-255,66,226669,87,275832
35602,0.014121,172.217.194.0-255,5738,232407,87,275832
35603,0.014127,172.31.47.0-255,66,232473,87,275832
35604,0.016146,172.217.194.0-255,4320,236793,87,275832
35605,0.016151,172.31.47.0-255,66,236859,87,275832
35606,0.016182,172.217.194.0-255,1484,238343,87,275832
35607,0.018156,172.217.194.0-255,4320,242663,87,275832
35608,0.018162,172.31.47.0-255,66,242729,87,275832
35609,0.020172,172.217.194.0-255,5738,248467,87,275832
35610,0.020181,172.31.47.0-255,66,248533,87,275832
35611,0.022187,172.217.194.0-255,5738,254271,87,275832
35612,0.022196,172.31.47.0-255,66,254337,87,275832
35613,0.024208,172.217.194.0-255,2902,257239,87,275832
35614,0.024213,172.31.47.0-255,66,257305,87,275832
35615,0.024242,172.217.194.0-255,2902,260207,87,275832
35616,0.024245,172.31.47.0-255,66,260273,87,275832
35617,0.024928,172.31.47.0-255,172,260445,87,275832
35618,0.024962,172.31.47.0-255,1107,261552,87,275832
35619,0.025025,172.31.47.0-255,1514,263066,87,275832
35620,0.025026,172.31.47.0-255,1297,264363,87,275832
35621,0.026224,172.217.194.0-255,2902,267265,87,275832
35622,0.026229,172.31.47.0-255,66,267331,87,275832
35623,0.026262,172.217.194.0-255,2902,270233,87,275832
35624,0.026265,172.31.47.0-255,66,270299,87,275832
35625,0.02652,104.244.42.0-255,66,270365,87,275832
35626,0.026556,104.244.42.0-255,66,270431,87,275832
35627,0.026609,104.244.42.0-255,66,270497,87,275832
35628,0.028239,172.217.194.0-255,2902,273399,87,275832
35629,0.028243,172.31.47.0-255,66,273465,87,275832
35630,0.028277,172.217.194.0-255,2130,275595,87,275832
35631,0.02828,172.31.47.0-255,66,275661,87,275832
35632,0.028402,172.31.47.0-255,105,275766,87,275832
35633,0.030362,172.217.194.0-255,66,275832,87,275832
35634,0.0,172.217.194.0-255,152,152,87,324806
35635,2.5e-05,172.31.47.0-255,66,218,87,324806
35636,3.1e-05,172.217.194.0-255,1484,1702,87,324806
35637,3.4e-05,172.31.47.0-255,66,1768,87,324806
35638,3.9e-05,172.217.194.0-255,2902,4670,87,324806
35639,4.2e-05,172.31.47.0-255,66,4736,87,324806
35640,5.4e-05,172.217.194.0-255,5738,10474,87,324806
35641,5.7e-05,172.31.47.0-255,66,10540,87,324806
35642,8.5e-05,172.217.194.0-255,3673,14213,87,324806
35643,8.8e-05,172.31.47.0-255,66,14279,87,324806
35644,0.000117,172.217.194.0-255,4320,18599,87,324806
35645,0.000121,172.31.47.0-255,66,18665,87,324806
35646,0.000132,172.31.47.0-255,66,18731,87,324806
35647,0.000141,172.217.194.0-255,2543,21274,87,324806
35648,0.000143,172.31.47.0-255,66,21340,87,324806
35649,0.000194,172.217.194.0-255,1484,22824,87,324806
35650,0.000197,172.31.47.0-255,66,22890,87,324806
35651,0.000223,172.217.194.0-255,2902,25792,87,324806
35652,0.000226,172.31.47.0-255,66,25858,87,324806
35653,0.000231,172.217.194.0-255,5738,31596,87,324806
35654,0.000233,172.31.47.0-255,66,31662,87,324806
35655,0.000237,172.217.194.0-255,2902,34564,87,324806
35656,0.000243,172.31.47.0-255,66,34630,87,324806
35657,0.000284,172.217.194.0-255,3961,38591,87,324806
35658,0.000287,172.31.47.0-255,66,38657,87,324806
35659,0.000329,172.217.194.0-255,1484,40141,87,324806
35660,0.000332,172.31.47.0-255,66,40207,87,324806
35661,0.000346,172.217.194.0-255,1484,41691,87,324806
35662,0.000351,172.31.47.0-255,66,41757,87,324806
35663,0.000355,172.217.194.0-255,4320,46077,87,324806
35664,0.000357,172.31.47.0-255,66,46143,87,324806
35665,0.000361,172.217.194.0-255,2902,49045,87,324806
35666,0.000364,172.31.47.0-255,66,49111,87,324806
35667,0.000399,172.217.194.0-255,5738,54849,87,324806
35668,0.000402,172.31.47.0-255,66,54915,87,324806
35669,0.000404,172.217.194.0-255,1422,56337,87,324806
35670,0.000423,172.217.194.0-255,379,56716,87,324806
35671,0.000426,172.31.47.0-255,66,56782,87,324806
35672,0.000609,172.217.194.0-255,1484,58266,87,324806
35673,0.000622,172.217.194.0-255,2902,61168,87,324806
35674,0.000625,172.31.47.0-255,66,61234,87,324806
35675,0.000653,172.217.194.0-255,5738,66972,87,324806
35676,0.000656,172.31.47.0-255,66,67038,87,324806
35677,0.000658,172.217.194.0-255,1484,68522,87,324806
35678,0.000684,172.217.194.0-255,1484,70006,87,324806
35679,0.000687,172.31.47.0-255,66,70072,87,324806
35680,0.000719,172.31.47.0-255,66,70138,87,324806
35681,0.000743,172.217.194.0-255,4320,74458,87,324806
35682,0.000745,172.31.47.0-255,66,74524,87,324806
35683,0.000772,172.217.194.0-255,3961,78485,87,324806
35684,0.000775,172.31.47.0-255,66,78551,87,324806
35685,0.001328,172.217.194.0-255,1484,80035,87,324806
35686,0.001338,172.217.194.0-255,2902,82937,87,324806
35687,0.001341,172.31.47.0-255,66,83003,87,324806
35688,0.001348,172.217.194.0-255,5738,88741,87,324806
35689,0.00135,172.31.47.0-255,66,88807,87,324806
35690,0.001359,172.217.194.0-255,4320,93127,87,324806
35691,0.001361,172.31.47.0-255,66,93193,87,324806
35692,0.001396,172.31.47.0-255,66,93259,87,324806
35693,0.001434,172.217.194.0-255,4320,97579,87,324806
35694,0.001436,172.31.47.0-255,66,97645,87,324806
35695,0.001462,172.217.194.0-255,3602,101247,87,324806
35696,0.001464,172.31.47.0-255,66,101313,87,324806
35697,0.001588,172.217.194.0-255,1484,102797,87,324806
35698,0.001615,172.217.194.0-255,1484,104281,87,324806
35699,0.001617,172.31.47.0-255,66,104347,87,324806
35700,0.00164,172.217.194.0-255,1484,105831,87,324806
35701,0.001645,172.217.194.0-255,5738,111569,87,324806
35702,0.001647,172.31.47.0-255,66,111635,87,324806
35703,0.001649,172.217.194.0-255,1484,113119,87,324806
35704,0.001676,172.31.47.0-255,66,113185,87,324806
35705,0.001706,172.217.194.0-255,2902,116087,87,324806
35706,0.001708,172.31.47.0-255,66,116153,87,324806
35707,0.001737,172.31.47.0-255,66,116219,87,324806
35708,0.001741,172.217.194.0-255,4320,120539,87,324806
35709,0.001743,172.31.47.0-255,66,120605,87,324806
35710,0.001771,172.217.194.0-255,7156,127761,87,324806
35711,0.001773,172.31.47.0-255,66,127827,87,324806
35712,0.001781,172.31.47.0-255,66,127893,87,324806
35713,0.001811,172.217.194.0-255,4320,132213,87,324806
35714,0.001813,172.31.47.0-255,66,132279,87,324806
35715,0.001837,172.31.47.0-255,66,132345,87,324806
35716,0.001977,172.217.194.0-255,1484,133829,87,324806
35717,0.001981,172.217.194.0-255,2902,136731,87,324806
35718,0.001983,172.31.47.0-255,66,136797,87,324806
35719,0.001987,172.217.194.0-255,4320,141117,87,324806
35720,0.001989,172.31.47.0-255,66,141183,87,324806
35721,0.002016,172.217.194.0-255,1484,142667,87,324806
35722,0.002027,172.31.47.0-255,66,142733,87,324806
35723,0.002033,172.217.194.0-255,7156,149889,87,324806
35724,0.002035,172.31.47.0-255,66,149955,87,324806
35725,0.002058,172.217.194.0-255,1484,151439,87,324806
35726,0.002068,172.217.194.0-255,2184,153623,87,324806
35727,0.002069,172.31.47.0-255,66,153689,87,324806
35728,0.002094,172.217.194.0-255,2902,156591,87,324806
35729,0.002097,172.31.47.0-255,66,156657,87,324806
35730,0.002102,172.217.194.0-255,7156,163813,87,324806
35731,0.002104,172.31.47.0-255,66,163879,87,324806
35732,0.002122,172.217.194.0-255,1484,165363,87,324806
35733,0.002144,172.31.47.0-255,66,165429,87,324806
35734,0.002166,172.217.194.0-255,5738,171167,87,324806
35735,0.002169,172.31.47.0-255,66,171233,87,324806
35736,0.002179,172.217.194.0-255,2902,174135,87,324806
35737,0.002185,172.31.47.0-255,66,174201,87,324806
35738,0.002208,172.217.194.0-255,5020,179221,87,324806
35739,0.002211,172.31.47.0-255,66,179287,87,324806
35740,0.004524,172.217.194.0-255,4320,183607,87,324806
35741,0.004527,172.31.47.0-255,66,183673,87,324806
35742,0.004548,172.217.194.0-255,1484,185157,87,324806
35743,0.006854,172.217.194.0-255,4320,189477,87,324806
35744,0.006864,172.31.47.0-255,66,189543,87,324806
35745,0.009216,172.217.194.0-255,5738,195281,87,324806
35746,0.009225,172.31.47.0-255,66,195347,87,324806
35747,0.009738,172.31.47.0-255,101,195448,87,324806
35748,0.011569,172.217.194.0-255,5738,201186,87,324806
35749,0.011574,172.31.47.0-255,66,201252,87,324806
35750,0.012005,172.217.194.0-255,66,201318,87,324806
35751,0.013919,172.217.194.0-255,5738,207056,87,324806
35752,0.013927,172.31.47.0-255,66,207122,87,324806
35753,0.016273,172.217.194.0-255,5738,212860,87,324806
35754,0.016283,172.31.47.0-255,66,212926,87,324806
35755,0.018631,172.217.194.0-255,5738,218664,87,324806
35756,0.018638,172.31.47.0-255,66,218730,87,324806
35757,0.020977,172.217.194.0-255,2902,221632,87,324806
35758,0.020983,172.31.47.0-255,66,221698,87,324806
35759,0.021021,172.217.194.0-255,2902,224600,87,324806
35760,0.021024,172.31.47.0-255,66,224666,87,324806
35761,0.023319,172.217.194.0-255,2902,227568,87,324806
35762,0.023326,172.31.47.0-255,66,227634,87,324806
35763,0.023368,172.217.194.0-255,2902,230536,87,324806
35764,0.023372,172.31.47.0-255,66,230602,87,324806
35765,0.025639,172.217.194.0-255,2902,233504,87,324806
35766,0.025645,172.31.47.0-255,66,233570,87,324806
35767,0.025707,172.217.194.0-255,2902,236472,87,324806
35768,0.025712,172.31.47.0-255,66,236538,87,324806
35769,0.027986,172.217.194.0-255,2902,239440,87,324806
35770,0.027992,172.31.47.0-255,66,239506,87,324806
35771,0.028017,172.217.194.0-255,1484,240990,87,324806
35772,0.028028,172.217.194.0-255,1484,242474,87,324806
35773,0.02803,172.31.47.0-255,66,242540,87,324806
35774,0.029097,172.31.47.0-255,171,242711,87,324806
35775,0.029128,172.31.47.0-255,1131,243842,87,324806
35776,0.029156,172.31.47.0-255,1514,245356,87,324806
35777,0.029158,172.31.47.0-255,1514,246870,87,324806
35778,0.029162,172.31.47.0-255,1514,248384,87,324806
35779,0.029163,172.31.47.0-255,1053,249437,87,324806
35780,0.030328,172.217.194.0-255,4320,253757,87,324806
35781,0.030334,172.31.47.0-255,66,253823,87,324806
35782,0.030367,172.217.194.0-255,1484,255307,87,324806
35783,0.030641,104.244.42.0-255,66,255373,87,324806
35784,0.030675,104.244.42.0-255,66,255439,87,324806
35785,0.03072,104.244.42.0-255,66,255505,87,324806
35786,0.030722,104.244.42.0-255,66,255571,87,324806
35787,0.032638,172.217.194.0-255,4320,259891,87,324806
35788,0.032642,172.31.47.0-255,66,259957,87,324806
35789,0.034979,172.217.194.0-255,5738,265695,87,324806
35790,0.034985,172.31.47.0-255,66,265761,87,324806
35791,0.037309,172.217.194.0-255,4320,270081,87,324806
35792,0.037315,172.31.47.0-255,66,270147,87,324806
35793,0.037348,172.217.194.0-255,1484,271631,87,324806
35794,0.03967,172.217.194.0-255,4320,275951,87,324806
35795,0.039674,172.31.47.0-255,66,276017,87,324806
35796,0.042005,172.217.194.0-255,4320,280337,87,324806
35797,0.042009,172.31.47.0-255,66,280403,87,324806
35798,0.04204,172.217.194.0-255,1484,281887,87,324806
35799,0.044336,172.217.194.0-255,4320,286207,87,324806
35800,0.04434,172.31.47.0-255,66,286273,87,324806
35801,0.046695,172.217.194.0-255,5738,292011,87,324806
35802,0.046701,172.31.47.0-255,66,292077,87,324806
35803,0.049054,172.217.194.0-255,2902,294979,87,324806
35804,0.049059,172.31.47.0-255,66,295045,87,324806
35805,0.049093,172.217.194.0-255,2902,297947,87,324806
35806,0.049095,172.31.47.0-255,66,298013,87,324806
35807,0.0514,172.217.194.0-255,5738,303751,87,324806
35808,0.051404,172.31.47.0-255,66,303817,87,324806
35809,0.053739,172.217.194.0-255,5738,309555,87,324806
35810,0.053744,172.31.47.0-255,66,309621,87,324806
35811,0.056059,172.217.194.0-255,5738,315359,87,324806
35812,0.056064,172.31.47.0-255,66,315425,87,324806
35813,0.058396,172.217.194.0-255,5738,321163,87,324806
35814,0.058401,172.31.47.0-255,66,321229,87,324806
35815,0.060719,172.217.194.0-255,3340,324569,87,324806
35816,0.060724,172.31.47.0-255,66,324635,87,324806
35817,0.060885,172.31.47.0-255,105,324740,87,324806
35818,0.0678,172.217.194.0-255,66,324806,87,324806
35819,0.0,172.217.194.0-255,153,153,87,374892
35820,1.6e-05,172.31.47.0-255,66,219,87,374892
35821,2.3e-05,172.217.194.0-255,1484,1703,87,374892
35822,2.7e-05,172.31.47.0-255,66,1769,87,374892
35823,3.4e-05,172.217.194.0-255,2902,4671,87,374892
35824,3.8e-05,172.31.47.0-255,66,4737,87,374892
35825,4.6e-05,172.217.194.0-255,7156,11893,87,374892
35826,4.9e-05,172.31.47.0-255,66,11959,87,374892
35827,5.3e-05,172.217.194.0-255,2161,14120,87,374892
35828,5.6e-05,172.31.47.0-255,66,14186,87,374892
35829,0.000105,172.217.194.0-255,1484,15670,87,374892
35830,0.000107,172.31.47.0-255,66,15736,87,374892
35831,0.000121,172.217.194.0-255,2902,18638,87,374892
35832,0.000124,172.31.47.0-255,66,18704,87,374892
35833,0.000127,172.217.194.0-255,1484,20188,87,374892
35834,0.000129,172.31.47.0-255,66,20254,87,374892
35835,0.000151,172.217.194.0-255,4320,24574,87,374892
35836,0.000154,172.31.47.0-255,66,24640,87,374892
35837,0.000157,172.217.194.0-255,1484,26124,87,374892
35838,0.000159,172.31.47.0-255,66,26190,87,374892
35839,0.000187,172.217.194.0-255,5379,31569,87,374892
35840,0.00019,172.31.47.0-255,66,31635,87,374892
35841,0.00068,172.217.194.0-255,1484,33119,87,374892
35842,0.000686,172.217.194.0-255,2902,36021,87,374892
35843,0.000688,172.217.194.0-255,1484,37505,87,374892
35844,0.000694,172.31.47.0-255,66,37571,87,374892
35845,0.000699,172.31.47.0-255,66,37637,87,374892
35846,0.000701,172.31.47.0-255,66,37703,87,374892
35847,0.000714,172.217.194.0-255,4320,42023,87,374892
35848,0.000717,172.31.47.0-255,66,42089,87,374892
35849,0.000725,172.217.194.0-255,6797,48886,87,374892
35850,0.000728,172.31.47.0-255,66,48952,87,374892
35851,0.001218,172.217.194.0-255,1484,50436,87,374892
35852,0.001243,172.217.194.0-255,2902,53338,87,374892
35853,0.001249,172.31.47.0-255,66,53404,87,374892
35854,0.001258,172.217.194.0-255,5738,59142,87,374892
35855,0.001259,172.31.47.0-255,66,59208,87,374892
35856,0.001303,172.31.47.0-255,66,59274,87,374892
35857,0.001694,172.217.194.0-255,1484,60758,87,374892
35858,0.001711,172.217.194.0-255,2902,63660,87,374892
35859,0.001715,172.31.47.0-255,66,63726,87,374892
35860,0.001748,172.217.194.0-255,4320,68046,87,374892
35861,0.001751,172.31.47.0-255,66,68112,87,374892
35862,0.001766,172.217.194.0-255,1484,69596,87,374892
35863,0.001782,172.217.194.0-255,2902,72498,87,374892
35864,0.001784,172.31.47.0-255,66,72564,87,374892
35865,0.001807,172.31.47.0-255,66,72630,87,374892
35866,0.001817,172.31.47.0-255,66,72696,87,374892
35867,0.001821,172.217.194.0-255,2184,74880,87,374892
35868,0.001825,172.31.47.0-255,66,74946,87,374892
35869,0.001865,172.217.194.0-255,2902,77848,87,374892
35870,0.001867,172.31.47.0-255,66,77914,87,374892
35871,0.001889,172.217.194.0-255,4320,82234,87,374892
35872,0.001891,172.31.47.0-255,66,82300,87,374892
35873,0.001907,172.217.194.0-255,1484,83784,87,374892
35874,0.00193,172.217.194.0-255,7156,90940,87,374892
35875,0.001933,172.31.47.0-255,66,91006,87,374892
35876,0.001938,172.217.194.0-255,5738,96744,87,374892
35877,0.00194,172.31.47.0-255,66,96810,87,374892
35878,0.001947,172.217.194.0-255,7156,103966,87,374892
35879,0.001949,172.31.47.0-255,66,104032,87,374892
35880,0.00198,172.217.194.0-255,5020,109052,87,374892
35881,0.001982,172.31.47.0-255,66,109118,87,374892
35882,0.002031,172.217.194.0-255,1484,110602,87,374892
35883,0.002047,172.217.194.0-255,2902,113504,87,374892
35884,0.002049,172.31.47.0-255,66,113570,87,374892
35885,0.002062,172.217.194.0-255,4320,117890,87,374892
35886,0.002064,172.31.47.0-255,66,117956,87,374892
35887,0.002086,172.217.194.0-255,1484,119440,87,374892
35888,0.002093,172.217.194.0-255,5738,125178,87,374892
35889,0.002095,172.31.47.0-255,66,125244,87,374892
35890,0.0021,172.217.194.0-255,2902,128146,87,374892
35891,0.002102,172.31.47.0-255,66,128212,87,374892
35892,0.002124,172.31.47.0-255,66,128278,87,374892
35893,0.002131,172.217.194.0-255,5020,133298,87,374892
35894,0.002134,172.31.47.0-255,66,133364,87,374892
35895,0.002358,172.217.194.0-255,1484,134848,87,374892
35896,0.004512,172.217.194.0-255,2902,137750,87,374892
35897,0.004517,172.31.47.0-255,66,137816,87,374892
35898,0.004533,172.217.194.0-255,1484,139300,87,374892
35899,0.006859,172.217.194.0-255,4320,143620,87,374892
35900,0.006874,172.31.47.0-255,66,143686,87,374892
35901,0.009229,172.217.194.0-255,5738,149424,87,374892
35902,0.009245,172.31.47.0-255,66,149490,87,374892
35903,0.0116,172.217.194.0-255,5738,155228,87,374892
35904,0.011618,172.31.47.0-255,66,155294,87,374892
35905,0.013981,172.217.194.0-255,5738,161032,87,374892
35906,0.013999,172.31.47.0-255,66,161098,87,374892
35907,0.016334,172.217.194.0-255,5738,166836,87,374892
35908,0.016347,172.31.47.0-255,66,166902,87,374892
35909,0.018671,172.217.194.0-255,5738,172640,87,374892
35910,0.01868,172.31.47.0-255,66,172706,87,374892
35911,0.019561,172.31.47.0-255,172,172878,87,374892
35912,0.019592,172.31.47.0-255,1111,173989,87,374892
35913,0.019632,172.31.47.0-255,1514,175503,87,374892
35914,0.019634,172.31.47.0-255,1293,176796,87,374892
35915,0.021021,172.217.194.0-255,5738,182534,87,374892
35916,0.021032,172.31.47.0-255,66,182600,87,374892
35917,0.021064,104.244.42.0-255,66,182666,87,374892
35918,0.021145,104.244.42.0-255,66,182732,87,374892
35919,0.021188,104.244.42.0-255,66,182798,87,374892
35920,0.023352,172.217.194.0-255,4320,187118,87,374892
35921,0.023357,172.31.47.0-255,66,187184,87,374892
35922,0.023398,172.217.194.0-255,1484,188668,87,374892
35923,0.025694,172.217.194.0-255,4320,192988,87,374892
35924,0.025699,172.31.47.0-255,66,193054,87,374892
35925,0.028003,172.217.194.0-255,5738,198792,87,374892
35926,0.028011,172.31.47.0-255,66,198858,87,374892
35927,0.030367,172.217.194.0-255,5738,204596,87,374892
35928,0.030374,172.31.47.0-255,66,204662,87,374892
35929,0.0327,172.217.194.0-255,5738,210400,87,374892
35930,0.032708,172.31.47.0-255,66,210466,87,374892
35931,0.035074,172.217.194.0-255,5738,216204,87,374892
35932,0.035085,172.31.47.0-255,66,216270,87,374892
35933,0.037416,172.217.194.0-255,5738,222008,87,374892
35934,0.037427,172.31.47.0-255,66,222074,87,374892
35935,0.039781,172.217.194.0-255,5738,227812,87,374892
35936,0.039794,172.31.47.0-255,66,227878,87,374892
35937,0.042123,172.217.194.0-255,5738,233616,87,374892
35938,0.042136,172.31.47.0-255,66,233682,87,374892
35939,0.044459,172.217.194.0-255,5738,239420,87,374892
35940,0.044465,172.31.47.0-255,66,239486,87,374892
35941,0.04679,172.217.194.0-255,5738,245224,87,374892
35942,0.046795,172.31.47.0-255,66,245290,87,374892
35943,0.049128,172.217.194.0-255,5738,251028,87,374892
35944,0.049134,172.31.47.0-255,66,251094,87,374892
35945,0.051466,172.217.194.0-255,5738,256832,87,374892
35946,0.051471,172.31.47.0-255,66,256898,87,374892
35947,0.053796,172.217.194.0-255,5738,262636,87,374892
35948,0.0538,172.31.47.0-255,66,262702,87,374892
35949,0.056135,172.217.194.0-255,5738,268440,87,374892
35950,0.056142,172.31.47.0-255,66,268506,87,374892
35951,0.058453,172.217.194.0-255,5738,274244,87,374892
35952,0.058461,172.31.47.0-255,66,274310,87,374892
35953,0.060787,172.217.194.0-255,5738,280048,87,374892
35954,0.060792,172.31.47.0-255,66,280114,87,374892
35955,0.06312,172.217.194.0-255,2902,283016,87,374892
35956,0.063138,172.31.47.0-255,66,283082,87,374892
35957,0.063151,172.217.194.0-255,2902,285984,87,374892
35958,0.063155,172.31.47.0-255,66,286050,87,374892
35959,0.065486,172.217.194.0-255,2902,288952,87,374892
35960,0.065501,172.31.47.0-255,66,289018,87,374892
35961,0.065521,172.217.194.0-255,2902,291920,87,374892
35962,0.065524,172.31.47.0-255,66,291986,87,374892
35963,0.067821,172.217.194.0-255,5738,297724,87,374892
35964,0.067825,172.31.47.0-255,66,297790,87,374892
35965,0.070147,172.217.194.0-255,5738,303528,87,374892
35966,0.070152,172.31.47.0-255,66,303594,87,374892
35967,0.072488,172.217.194.0-255,2902,306496,87,374892
35968,0.072492,172.31.47.0-255,66,306562,87,374892
35969,0.07252,172.217.194.0-255,2902,309464,87,374892
35970,0.072523,172.31.47.0-255,66,309530,87,374892
35971,0.074814,172.217.194.0-255,2902,312432,87,374892
35972,0.074819,172.31.47.0-255,66,312498,87,374892
35973,0.074851,172.217.194.0-255,2902,315400,87,374892
35974,0.074854,172.31.47.0-255,66,315466,87,374892
35975,0.077166,172.217.194.0-255,2902,318368,87,374892
35976,0.07717,172.31.47.0-255,66,318434,87,374892
35977,0.077195,172.217.194.0-255,2902,321336,87,374892
35978,0.077198,172.31.47.0-255,66,321402,87,374892
35979,0.079472,172.217.194.0-255,2902,324304,87,374892
35980,0.079478,172.31.47.0-255,66,324370,87,374892
35981,0.079521,172.217.194.0-255,1484,325854,87,374892
35982,0.079536,172.217.194.0-255,1484,327338,87,374892
35983,0.079539,172.31.47.0-255,66,327404,87,374892
35984,0.081814,172.217.194.0-255,2902,330306,87,374892
35985,0.081821,172.31.47.0-255,66,330372,87,374892
35986,0.081858,172.217.194.0-255,2902,333274,87,374892
35987,0.081861,172.31.47.0-255,66,333340,87,374892
35988,0.084144,172.217.194.0-255,2902,336242,87,374892
35989,0.084148,172.31.47.0-255,66,336308,87,374892
35990,0.084178,172.217.194.0-255,2902,339210,87,374892
35991,0.084181,172.31.47.0-255,66,339276,87,374892
35992,0.086487,172.217.194.0-255,2902,342178,87,374892
35993,0.086492,172.31.47.0-255,66,342244,87,374892
35994,0.086517,172.217.194.0-255,2902,345146,87,374892
35995,0.086519,172.31.47.0-255,66,345212,87,374892
35996,0.088808,172.217.194.0-255,2902,348114,87,374892
35997,0.088813,172.31.47.0-255,66,348180,87,374892
35998,0.088848,172.217.194.0-255,2902,351082,87,374892
35999,0.088851,172.31.47.0-255,66,351148,87,374892
36000,0.091127,172.217.194.0-255,2902,354050,87,374892
36001,0.091133,172.31.47.0-255,66,354116,87,374892
36002,0.09117,172.217.194.0-255,2902,357018,87,374892
36003,0.091173,172.31.47.0-255,66,357084,87,374892
36004,0.09345,172.217.194.0-255,2902,359986,87,374892
36005,0.093455,172.31.47.0-255,66,360052,87,374892
36006,0.093509,172.217.194.0-255,2902,362954,87,374892
36007,0.093512,172.31.47.0-255,66,363020,87,374892
36008,0.095775,172.217.194.0-255,2902,365922,87,374892
36009,0.09578,172.31.47.0-255,66,365988,87,374892
36010,0.095815,172.217.194.0-255,2902,368890,87,374892
36011,0.095818,172.31.47.0-255,66,368956,87,374892
36012,0.098091,172.217.194.0-255,2902,371858,87,374892
36013,0.098096,172.31.47.0-255,66,371924,87,374892
36014,0.098129,172.217.194.0-255,2902,374826,87,374892
36015,0.098132,172.31.47.0-255,66,374892,87,374892
36016,0.0,172.217.194.0-255,153,153,87,221440
36017,2.1e-05,172.31.47.0-255,66,219,87,221440
36018,2.8e-05,172.217.194.0-255,1484,1703,87,221440
36019,3.1e-05,172.31.47.0-255,66,1769,87,221440
36020,3.7e-05,172.217.194.0-255,2902,4671,87,221440
36021,4e-05,172.31.47.0-255,66,4737,87,221440
36022,4.8e-05,172.217.194.0-255,7156,11893,87,221440
36023,5e-05,172.31.47.0-255,66,11959,87,221440
36024,8.4e-05,172.31.47.0-255,66,12025,87,221440
36025,0.000112,172.217.194.0-255,5379,17404,87,221440
36026,0.000115,172.31.47.0-255,66,17470,87,221440
36027,0.000233,172.217.194.0-255,1484,18954,87,221440
36028,0.000237,172.31.47.0-255,66,19020,87,221440
36029,0.000242,172.217.194.0-255,2902,21922,87,221440
36030,0.000244,172.31.47.0-255,66,21988,87,221440
36031,0.000247,172.217.194.0-255,1484,23472,87,221440
36032,0.000249,172.31.47.0-255,66,23538,87,221440
36033,0.000278,172.217.194.0-255,4320,27858,87,221440
36034,0.000281,172.31.47.0-255,66,27924,87,221440
36035,0.000287,172.217.194.0-255,6797,34721,87,221440
36036,0.00029,172.31.47.0-255,66,34787,87,221440
36037,0.000295,172.217.194.0-255,4320,39107,87,221440
36038,0.000297,172.31.47.0-255,66,39173,87,221440
36039,0.000329,172.31.47.0-255,66,39239,87,221440
36040,0.000332,172.217.194.0-255,2836,42075,87,221440
36041,0.000334,172.31.47.0-255,66,42141,87,221440
36042,0.000355,172.217.194.0-255,364,42505,87,221440
36043,0.000358,172.31.47.0-255,66,42571,87,221440
36044,0.00054,172.217.194.0-255,1484,44055,87,221440
36045,0.000545,172.31.47.0-255,66,44121,87,221440
36046,0.00055,172.217.194.0-255,2902,47023,87,221440
36047,0.000552,172.31.47.0-255,66,47089,87,221440
36048,0.000577,172.217.194.0-255,5738,52827,87,221440
36049,0.00058,172.31.47.0-255,66,52893,87,221440
36050,0.000587,172.217.194.0-255,5738,58631,87,221440
36051,0.000589,172.31.47.0-255,66,58697,87,221440
36052,0.000625,172.31.47.0-255,66,58763,87,221440
36053,0.000631,172.217.194.0-255,5020,63783,87,221440
36054,0.000633,172.31.47.0-255,66,63849,87,221440
36055,0.000682,172.217.194.0-255,1484,65333,87,221440
36056,0.000687,172.217.194.0-255,1484,66817,87,221440
36057,0.00069,172.31.47.0-255,66,66883,87,221440
36058,0.000709,172.217.194.0-255,1484,68367,87,221440
36059,0.000717,172.217.194.0-255,5738,74105,87,221440
36060,0.00072,172.31.47.0-255,66,74171,87,221440
36061,0.000723,172.217.194.0-255,1484,75655,87,221440
36062,0.000745,172.217.194.0-255,5738,81393,87,221440
36063,0.000748,172.31.47.0-255,66,81459,87,221440
36064,0.000776,172.217.194.0-255,7156,88615,87,221440
36065,0.000782,172.31.47.0-255,66,88681,87,221440
36066,0.000804,172.217.194.0-255,7156,95837,87,221440
36067,0.000808,172.217.194.0-255,2184,98021,87,221440
36068,0.000812,172.31.47.0-255,66,98087,87,221440
36069,0.000814,172.31.47.0-255,66,98153,87,221440
36070,0.000904,172.217.194.0-255,1484,99637,87,221440
36071,0.00091,172.217.194.0-255,2902,102539,87,221440
36072,0.000915,172.31.47.0-255,66,102605,87,221440
36073,0.000923,172.217.194.0-255,4320,106925,87,221440
36074,0.000926,172.31.47.0-255,66,106991,87,221440
36075,0.000953,172.217.194.0-255,1484,108475,87,221440
36076,0.000968,172.31.47.0-255,66,108541,87,221440
36077,0.001029,172.31.47.0-255,66,108607,87,221440
36078,0.001157,172.217.194.0-255,1484,110091,87,221440
36079,0.001162,172.217.194.0-255,2902,112993,87,221440
36080,0.001165,172.31.47.0-255,66,113059,87,221440
36081,0.001192,172.217.194.0-255,5738,118797,87,221440
36082,0.001196,172.31.47.0-255,66,118863,87,221440
36083,0.001231,172.31.47.0-255,66,118929,87,221440
36084,0.001242,172.31.47.0-255,66,118995,87,221440
36085,0.001286,172.217.194.0-255,2184,121179,87,221440
36086,0.001289,172.31.47.0-255,66,121245,87,221440
36087,0.001322,172.217.194.0-255,2902,124147,87,221440
36088,0.001325,172.31.47.0-255,66,124213,87,221440
36089,0.001333,172.217.194.0-255,7156,131369,87,221440
36090,0.001335,172.31.47.0-255,66,131435,87,221440
36091,0.001338,172.217.194.0-255,1484,132919,87,221440
36092,0.001363,172.217.194.0-255,4320,137239,87,221440
36093,0.001366,172.31.47.0-255,66,137305,87,221440
36094,0.001369,172.217.194.0-255,1484,138789,87,221440
36095,0.00141,172.31.47.0-255,66,138855,87,221440
36096,0.001415,172.217.194.0-255,3602,142457,87,221440
36097,0.001417,172.31.47.0-255,66,142523,87,221440
36098,0.001567,172.217.194.0-255,1484,144007,87,221440
36099,0.001575,172.217.194.0-255,2902,146909,87,221440
36100,0.001579,172.31.47.0-255,66,146975,87,221440
36101,0.001604,172.217.194.0-255,2902,149877,87,221440
36102,0.001606,172.31.47.0-255,66,149943,87,221440
36103,0.001614,172.217.194.0-255,7156,157099,87,221440
36104,0.001616,172.31.47.0-255,66,157165,87,221440
36105,0.001674,172.31.47.0-255,66,157231,87,221440
36106,0.001703,172.217.194.0-255,5020,162251,87,221440
36107,0.001706,172.31.47.0-255,66,162317,87,221440
36108,0.001829,172.217.194.0-255,1484,163801,87,221440
36109,0.001835,172.217.194.0-255,2902,166703,87,221440
36110,0.001838,172.31.47.0-255,66,166769,87,221440
36111,0.001843,172.217.194.0-255,2902,169671,87,221440
36112,0.001845,172.31.47.0-255,66,169737,87,221440
36113,0.001861,172.217.194.0-255,2902,172639,87,221440
36114,0.001864,172.31.47.0-255,66,172705,87,221440
36115,0.001881,172.217.194.0-255,7156,179861,87,221440
36116,0.001884,172.31.47.0-255,66,179927,87,221440
36117,0.001919,172.217.194.0-255,5738,185665,87,221440
36118,0.001923,172.31.47.0-255,66,185731,87,221440
36119,0.001932,172.31.47.0-255,66,185797,87,221440
36120,0.001945,172.217.194.0-255,2184,187981,87,221440
36121,0.001948,172.31.47.0-255,66,188047,87,221440
36122,0.001953,172.217.194.0-255,2902,190949,87,221440
36123,0.001955,172.31.47.0-255,66,191015,87,221440
36124,0.001979,172.217.194.0-255,7156,198171,87,221440
36125,0.001982,172.31.47.0-255,66,198237,87,221440
36126,0.002001,172.217.194.0-255,5738,203975,87,221440
36127,0.002003,172.31.47.0-255,66,204041,87,221440
36128,0.002018,172.217.194.0-255,4320,208361,87,221440
36129,0.002021,172.31.47.0-255,66,208427,87,221440
36130,0.002037,172.217.194.0-255,2902,211329,87,221440
36131,0.002039,172.31.47.0-255,66,211395,87,221440
36132,0.002071,172.31.47.0-255,66,211461,87,221440
36133,0.002096,172.31.47.0-255,66,211527,87,221440
36134,0.002175,172.31.47.0-255,66,211593,87,221440
36135,0.002189,172.31.47.0-255,66,211659,87,221440
36136,0.002214,172.217.194.0-255,5020,216679,87,221440
36137,0.002217,172.31.47.0-255,66,216745,87,221440
36138,0.002228,172.31.47.0-255,66,216811,87,221440
36139,0.00223,172.217.194.0-255,105,216916,87,221440
36140,0.00977,172.31.47.0-255,66,216982,87,221440
36141,0.009818,172.31.47.0-255,105,217087,87,221440
36142,0.01212,172.217.194.0-255,66,217153,87,221440
36143,0.031056,172.31.47.0-255,171,217324,87,221440
36144,0.03109,172.31.47.0-255,1136,218460,87,221440
36145,0.031155,172.31.47.0-255,1514,219974,87,221440
36146,0.031157,172.31.47.0-255,1268,221242,87,221440
36147,0.032615,104.244.42.0-255,66,221308,87,221440
36148,0.032647,104.244.42.0-255,66,221374,87,221440
36149,0.032695,104.244.42.0-255,66,221440,87,221440
36150,0.0,172.217.194.0-255,153,153,87,146786
36151,2.2e-05,172.31.47.0-255,66,219,87,146786
36152,2.8e-05,172.217.194.0-255,1484,1703,87,146786
36153,3.1e-05,172.31.47.0-255,66,1769,87,146786
36154,3.6e-05,172.217.194.0-255,2902,4671,87,146786
36155,3.7e-05,172.31.47.0-255,66,4737,87,146786
36156,4e-05,172.217.194.0-255,1484,6221,87,146786
36157,4.2e-05,172.31.47.0-255,66,6287,87,146786
36158,7.6e-05,172.217.194.0-255,5738,12025,87,146786
36159,7.9e-05,172.31.47.0-255,66,12091,87,146786
36160,8.3e-05,172.217.194.0-255,2164,14255,87,146786
36161,8.4e-05,172.31.47.0-255,66,14321,87,146786
36162,0.000124,172.217.194.0-255,1484,15805,87,146786
36163,0.000127,172.31.47.0-255,66,15871,87,146786
36164,0.000159,172.217.194.0-255,2902,18773,87,146786
36165,0.000161,172.31.47.0-255,66,18839,87,146786
36166,0.000166,172.217.194.0-255,5738,24577,87,146786
36167,0.000168,172.31.47.0-255,66,24643,87,146786
36168,0.000218,172.217.194.0-255,2902,27545,87,146786
36169,0.00022,172.31.47.0-255,66,27611,87,146786
36170,0.000259,172.31.47.0-255,66,27677,87,146786
36171,0.000268,172.31.47.0-255,66,27743,87,146786
36172,0.000277,172.31.47.0-255,66,27809,87,146786
36173,0.000306,172.217.194.0-255,1125,28934,87,146786
36174,0.000308,172.31.47.0-255,66,29000,87,146786
36175,0.000319,172.31.47.0-255,66,29066,87,146786
36176,0.000322,172.217.194.0-255,1745,30811,87,146786
36177,0.000324,172.31.47.0-255,66,30877,87,146786
36178,0.000708,172.217.194.0-255,1484,32361,87,146786
36179,0.000715,172.217.194.0-255,2902,35263,87,146786
36180,0.000718,172.31.47.0-255,66,35329,87,146786
36181,0.000722,172.217.194.0-255,1484,36813,87,146786
36182,0.000745,172.217.194.0-255,4320,41133,87,146786
36183,0.000748,172.31.47.0-255,66,41199,87,146786
36184,0.000752,172.217.194.0-255,1484,42683,87,146786
36185,0.000755,172.217.194.0-255,1484,44167,87,146786
36186,0.000757,172.31.47.0-255,66,44233,87,146786
36187,0.000783,172.217.194.0-255,7156,51389,87,146786
36188,0.000786,172.31.47.0-255,66,51455,87,146786
36189,0.000805,172.31.47.0-255,66,51521,87,146786
36190,0.000837,172.31.47.0-255,66,51587,87,146786
36191,0.00087,172.217.194.0-255,5738,57325,87,146786
36192,0.000873,172.31.47.0-255,66,57391,87,146786
36193,0.000884,172.31.47.0-255,66,57457,87,146786
36194,0.000887,172.217.194.0-255,1484,58941,87,146786
36195,0.000937,172.31.47.0-255,66,59007,87,146786
36196,0.00094,172.217.194.0-255,1484,60491,87,146786
36197,0.000987,172.31.47.0-255,66,60557,87,146786
36198,0.001014,172.217.194.0-255,1484,62041,87,146786
36199,0.001019,172.217.194.0-255,2902,64943,87,146786
36200,0.001023,172.31.47.0-255,66,65009,87,146786
36201,0.001055,172.217.194.0-255,5738,70747,87,146786
36202,0.001059,172.31.47.0-255,66,70813,87,146786
36203,0.001065,172.217.194.0-255,5738,76551,87,146786
36204,0.001067,172.31.47.0-255,66,76617,87,146786
36205,0.00108,172.31.47.0-255,66,76683,87,146786
36206,0.001113,172.217.194.0-255,5020,81703,87,146786
36207,0.001116,172.31.47.0-255,66,81769,87,146786
36208,0.001198,172.217.194.0-255,1484,83253,87,146786
36209,0.001211,172.217.194.0-255,2902,86155,87,146786
36210,0.001214,172.31.47.0-255,66,86221,87,146786
36211,0.001228,172.217.194.0-255,2902,89123,87,146786
36212,0.001235,172.31.47.0-255,66,89189,87,146786
36213,0.001264,172.217.194.0-255,2902,92091,87,146786
36214,0.001267,172.31.47.0-255,66,92157,87,146786
36215,0.00128,172.31.47.0-255,66,92223,87,146786
36216,0.001291,172.31.47.0-255,66,92289,87,146786
36217,0.001344,172.217.194.0-255,1484,93773,87,146786
36218,0.00135,172.217.194.0-255,2902,96675,87,146786
36219,0.001354,172.31.47.0-255,66,96741,87,146786
36220,0.001384,172.217.194.0-255,5738,102479,87,146786
36221,0.001388,172.31.47.0-255,66,102545,87,146786
36222,0.001406,172.31.47.0-255,66,102611,87,146786
36223,0.001443,172.217.194.0-255,1484,104095,87,146786
36224,0.001476,172.31.47.0-255,66,104161,87,146786
36225,0.001479,172.217.194.0-255,1484,105645,87,146786
36226,0.001503,172.217.194.0-255,2902,108547,87,146786
36227,0.001506,172.31.47.0-255,66,108613,87,146786
36228,0.001512,172.217.194.0-255,5738,114351,87,146786
36229,0.001513,172.31.47.0-255,66,114417,87,146786
36230,0.001519,172.217.194.0-255,5738,120155,87,146786
36231,0.001521,172.31.47.0-255,66,120221,87,146786
36232,0.001565,172.31.47.0-255,66,120287,87,146786
36233,0.001571,172.217.194.0-255,5020,125307,87,146786
36234,0.001573,172.31.47.0-255,66,125373,87,146786
36235,0.001611,172.217.194.0-255,2902,128275,87,146786
36236,0.001614,172.217.194.0-255,1484,129759,87,146786
36237,0.001615,172.31.47.0-255,66,129825,87,146786
36238,0.001635,172.217.194.0-255,2902,132727,87,146786
36239,0.001637,172.31.47.0-255,66,132793,87,146786
36240,0.001647,172.31.47.0-255,66,132859,87,146786
36241,0.001675,172.217.194.0-255,2902,135761,87,146786
36242,0.001678,172.31.47.0-255,66,135827,87,146786
36243,0.001709,172.31.47.0-255,66,135893,87,146786
36244,0.001711,172.217.194.0-255,1484,137377,87,146786
36245,0.001756,172.31.47.0-255,66,137443,87,146786
36246,0.001759,172.217.194.0-255,1484,138927,87,146786
36247,0.001769,172.31.47.0-255,66,138993,87,146786
36248,0.0018,172.31.47.0-255,66,139059,87,146786
36249,0.001817,172.31.47.0-255,66,139125,87,146786
36250,0.001829,172.217.194.0-255,2902,142027,87,146786
36251,0.001831,172.31.47.0-255,66,142093,87,146786
36252,0.001876,172.31.47.0-255,66,142159,87,146786
36253,0.001879,172.217.194.0-255,105,142264,87,146786
36254,0.009094,172.31.47.0-255,66,142330,87,146786
36255,0.009131,172.31.47.0-255,105,142435,87,146786
36256,0.011724,172.217.194.0-255,66,142501,87,146786
36257,0.028405,172.31.47.0-255,167,142668,87,146786
36258,0.028432,172.31.47.0-255,1111,143779,87,146786
36259,0.028466,172.31.47.0-255,1514,145293,87,146786
36260,0.028467,172.31.47.0-255,1295,146588,87,146786
36261,0.029888,104.244.42.0-255,66,146654,87,146786
36262,0.029908,104.244.42.0-255,66,146720,87,146786
36263,0.029954,104.244.42.0-255,66,146786,87,146786
36264,0.0,74.125.200.0-255,162,162,87,366894
36265,2.9e-05,172.31.47.0-255,66,228,87,366894
36266,3.6e-05,74.125.200.0-255,1484,1712,87,366894
36267,4e-05,172.31.47.0-255,66,1778,87,366894
36268,5.2e-05,74.125.200.0-255,2902,4680,87,366894
36269,5.4e-05,172.31.47.0-255,66,4746,87,366894
36270,5.7e-05,74.125.200.0-255,1484,6230,87,366894
36271,5.9e-05,172.31.47.0-255,66,6296,87,366894
36272,9.5e-05,74.125.200.0-255,2902,9198,87,366894
36273,9.9e-05,172.31.47.0-255,66,9264,87,366894
36274,0.000119,74.125.200.0-255,4813,14077,87,366894
36275,0.000122,172.31.47.0-255,66,14143,87,366894
36276,0.000193,74.125.200.0-255,1484,15627,87,366894
36277,0.000196,172.31.47.0-255,66,15693,87,366894
36278,0.000212,74.125.200.0-255,1484,17177,87,366894
36279,0.000215,172.31.47.0-255,66,17243,87,366894
36280,0.00022,74.125.200.0-255,2902,20145,87,366894
36281,0.000223,172.31.47.0-255,66,20211,87,366894
36282,0.000226,74.125.200.0-255,1484,21695,87,366894
36283,0.000228,172.31.47.0-255,66,21761,87,366894
36284,0.000252,74.125.200.0-255,4320,26081,87,366894
36285,0.000255,172.31.47.0-255,66,26147,87,366894
36286,0.000266,74.125.200.0-255,5379,31526,87,366894
36287,0.000269,172.31.47.0-255,66,31592,87,366894
36288,0.000301,74.125.200.0-255,5738,37330,87,366894
36289,0.000305,172.31.47.0-255,66,37396,87,366894
36290,0.00031,74.125.200.0-255,4320,41716,87,366894
36291,0.000313,172.31.47.0-255,66,41782,87,366894
36292,0.000335,74.125.200.0-255,2902,44684,87,366894
36293,0.000339,172.31.47.0-255,66,44750,87,366894
36294,0.000363,74.125.200.0-255,3961,48711,87,366894
36295,0.000367,172.31.47.0-255,66,48777,87,366894
36296,0.000403,74.125.200.0-255,4320,53097,87,366894
36297,0.000407,172.31.47.0-255,66,53163,87,366894
36298,0.00041,74.125.200.0-255,1484,54647,87,366894
36299,0.000433,74.125.200.0-255,5738,60385,87,366894
36300,0.000437,172.31.47.0-255,66,60451,87,366894
36301,0.000462,74.125.200.0-255,1484,61935,87,366894
36302,0.000468,74.125.200.0-255,3961,65896,87,366894
36303,0.00047,172.31.47.0-255,66,65962,87,366894
36304,0.000497,74.125.200.0-255,411,66373,87,366894
36305,0.000753,172.31.47.0-255,66,66439,87,366894
36306,0.000755,74.125.200.0-255,333,66772,87,366894
36307,0.000771,172.31.47.0-255,66,66838,87,366894
36308,0.000976,74.125.200.0-255,1484,68322,87,366894
36309,0.000985,74.125.200.0-255,2902,71224,87,366894
36310,0.001001,172.31.47.0-255,66,71290,87,366894
36311,0.001006,74.125.200.0-255,2902,74192,87,366894
36312,0.001008,172.31.47.0-255,66,74258,87,366894
36313,0.001029,74.125.200.0-255,2902,77160,87,366894
36314,0.001032,172.31.47.0-255,66,77226,87,366894
36315,0.001042,74.125.200.0-255,4320,81546,87,366894
36316,0.001045,172.31.47.0-255,66,81612,87,366894
36317,0.00105,74.125.200.0-255,5738,87350,87,366894
36318,0.001052,172.31.47.0-255,66,87416,87,366894
36319,0.001055,74.125.200.0-255,1484,88900,87,366894
36320,0.001089,172.31.47.0-255,66,88966,87,366894
36321,0.001094,74.125.200.0-255,2184,91150,87,366894
36322,0.001096,172.31.47.0-255,66,91216,87,366894
36323,0.001215,74.125.200.0-255,1484,92700,87,366894
36324,0.001233,74.125.200.0-255,2902,95602,87,366894
36325,0.001236,172.31.47.0-255,66,95668,87,366894
36326,0.001243,74.125.200.0-255,5738,101406,87,366894
36327,0.001244,172.31.47.0-255,66,101472,87,366894
36328,0.001276,74.125.200.0-255,5738,107210,87,366894
36329,0.001279,172.31.47.0-255,66,107276,87,366894
36330,0.001308,74.125.200.0-255,7156,114432,87,366894
36331,0.001311,172.31.47.0-255,66,114498,87,366894
36332,0.001336,74.125.200.0-255,7156,121654,87,366894
36333,0.00134,172.31.47.0-255,66,121720,87,366894
36334,0.001367,74.125.200.0-255,3602,125322,87,366894
36335,0.001371,172.31.47.0-255,66,125388,87,366894
36336,0.001381,172.31.47.0-255,66,125454,87,366894
36337,0.001404,74.125.200.0-255,2902,128356,87,366894
36338,0.001406,172.31.47.0-255,66,128422,87,366894
36339,0.001413,74.125.200.0-255,7156,135578,87,366894
36340,0.001416,172.31.47.0-255,66,135644,87,366894
36341,0.001443,74.125.200.0-255,5738,141382,87,366894
36342,0.001446,172.31.47.0-255,66,141448,87,366894
36343,0.001455,172.31.47.0-255,66,141514,87,366894
36344,0.001543,74.125.200.0-255,1484,142998,87,366894
36345,0.001554,74.125.200.0-255,2902,145900,87,366894
36346,0.001556,172.31.47.0-255,66,145966,87,366894
36347,0.001582,74.125.200.0-255,4320,150286,87,366894
36348,0.001584,172.31.47.0-255,66,150352,87,366894
36349,0.001621,74.125.200.0-255,2902,153254,87,366894
36350,0.001623,172.31.47.0-255,66,153320,87,366894
36351,0.001647,74.125.200.0-255,2902,156222,87,366894
36352,0.001648,172.31.47.0-255,66,156288,87,366894
36353,0.001659,172.31.47.0-255,66,156354,87,366894
36354,0.001661,74.125.200.0-255,1484,157838,87,366894
36355,0.001682,74.125.200.0-255,2902,160740,87,366894
36356,0.001684,172.31.47.0-255,66,160806,87,366894
36357,0.001705,74.125.200.0-255,3602,164408,87,366894
36358,0.001707,172.31.47.0-255,66,164474,87,366894
36359,0.001797,74.125.200.0-255,1484,165958,87,366894
36360,0.001809,74.125.200.0-255,2902,168860,87,366894
36361,0.001811,172.31.47.0-255,66,168926,87,366894
36362,0.001834,74.125.200.0-255,5738,174664,87,366894
36363,0.001836,172.31.47.0-255,66,174730,87,366894
36364,0.00184,74.125.200.0-255,4320,179050,87,366894
36365,0.001842,172.31.47.0-255,66,179116,87,366894
36366,0.001862,74.125.200.0-255,2902,182018,87,366894
36367,0.001864,172.31.47.0-255,66,182084,87,366894
36368,0.001906,172.31.47.0-255,66,182150,87,366894
36369,0.001909,74.125.200.0-255,2184,184334,87,366894
36370,0.001911,172.31.47.0-255,66,184400,87,366894
36371,0.003884,74.125.200.0-255,5738,190138,87,366894
36372,0.003889,172.31.47.0-255,66,190204,87,366894
36373,0.005873,74.125.200.0-255,4320,194524,87,366894
36374,0.005877,172.31.47.0-255,66,194590,87,366894
36375,0.005902,74.125.200.0-255,1484,196074,87,366894
36376,0.00786,74.125.200.0-255,4320,200394,87,366894
36377,0.007868,172.31.47.0-255,66,200460,87,366894
36378,0.009842,74.125.200.0-255,5738,206198,87,366894
36379,0.009849,172.31.47.0-255,66,206264,87,366894
36380,0.011824,74.125.200.0-255,5738,212002,87,366894
36381,0.01183,172.31.47.0-255,66,212068,87,366894
36382,0.013803,74.125.200.0-255,5738,217806,87,366894
36383,0.013812,172.31.47.0-255,66,217872,87,366894
36384,0.015792,74.125.200.0-255,2902,220774,87,366894
36385,0.015799,172.31.47.0-255,66,220840,87,366894
36386,0.015833,74.125.200.0-255,2902,223742,87,366894
36387,0.015837,172.31.47.0-255,66,223808,87,366894
36388,0.017781,74.125.200.0-255,2902,226710,87,366894
36389,0.017788,172.31.47.0-255,66,226776,87,366894
36390,0.017823,74.125.200.0-255,2902,229678,87,366894
36391,0.017827,172.31.47.0-255,66,229744,87,366894
36392,0.019757,74.125.200.0-255,2902,232646,87,366894
36393,0.019763,172.31.47.0-255,66,232712,87,366894
36394,0.019797,74.125.200.0-255,2902,235614,87,366894
36395,0.0198,172.31.47.0-255,66,235680,87,366894
36396,0.021722,74.125.200.0-255,2902,238582,87,366894
36397,0.021729,172.31.47.0-255,66,238648,87,366894
36398,0.021764,74.125.200.0-255,2902,241550,87,366894
36399,0.021767,172.31.47.0-255,66,241616,87,366894
36400,0.023707,74.125.200.0-255,2902,244518,87,366894
36401,0.023712,172.31.47.0-255,66,244584,87,366894
36402,0.023746,74.125.200.0-255,2902,247486,87,366894
36403,0.02375,172.31.47.0-255,66,247552,87,366894
36404,0.024462,172.31.47.0-255,172,247724,87,366894
36405,0.024489,172.31.47.0-255,1113,248837,87,366894
36406,0.024521,172.31.47.0-255,1514,250351,87,366894
36407,0.024522,172.31.47.0-255,1291,251642,87,366894
36408,0.025675,74.125.200.0-255,1484,253126,87,366894
36409,0.025705,74.125.200.0-255,4320,257446,87,366894
36410,0.025709,172.31.47.0-255,66,257512,87,366894
36411,0.026015,104.244.42.0-255,66,257578,87,366894
36412,0.026022,104.244.42.0-255,66,257644,87,366894
36413,0.026052,104.244.42.0-255,66,257710,87,366894
36414,0.027678,74.125.200.0-255,5738,263448,87,366894
36415,0.027685,172.31.47.0-255,66,263514,87,366894
36416,0.029654,74.125.200.0-255,5738,269252,87,366894
36417,0.02966,172.31.47.0-255,66,269318,87,366894
36418,0.031622,74.125.200.0-255,2902,272220,87,366894
36419,0.031626,172.31.47.0-255,66,272286,87,366894
36420,0.031654,74.125.200.0-255,2902,275188,87,366894
36421,0.031657,172.31.47.0-255,66,275254,87,366894
36422,0.03359,74.125.200.0-255,2902,278156,87,366894
36423,0.033595,172.31.47.0-255,66,278222,87,366894
36424,0.033623,74.125.200.0-255,2902,281124,87,366894
36425,0.033626,172.31.47.0-255,66,281190,87,366894
36426,0.035577,74.125.200.0-255,2902,284092,87,366894
36427,0.035581,172.31.47.0-255,66,284158,87,366894
36428,0.035614,74.125.200.0-255,2902,287060,87,366894
36429,0.035617,172.31.47.0-255,66,287126,87,366894
36430,0.037542,74.125.200.0-255,2902,290028,87,366894
36431,0.037546,172.31.47.0-255,66,290094,87,366894
36432,0.037577,74.125.200.0-255,2902,292996,87,366894
36433,0.037579,172.31.47.0-255,66,293062,87,366894
36434,0.03951,74.125.200.0-255,2902,295964,87,366894
36435,0.039514,172.31.47.0-255,66,296030,87,366894
36436,0.039545,74.125.200.0-255,2902,298932,87,366894
36437,0.039548,172.31.47.0-255,66,298998,87,366894
36438,0.041473,74.125.200.0-255,2902,301900,87,366894
36439,0.041477,172.31.47.0-255,66,301966,87,366894
36440,0.041502,74.125.200.0-255,2902,304868,87,366894
36441,0.041504,172.31.47.0-255,66,304934,87,366894
36442,0.04344,74.125.200.0-255,2902,307836,87,366894
36443,0.043445,172.31.47.0-255,66,307902,87,366894
36444,0.043472,74.125.200.0-255,2902,310804,87,366894
36445,0.043475,172.31.47.0-255,66,310870,87,366894
36446,0.045406,74.125.200.0-255,2902,313772,87,366894
36447,0.045411,172.31.47.0-255,66,313838,87,366894
36448,0.045471,74.125.200.0-255,2902,316740,87,366894
36449,0.045475,172.31.47.0-255,66,316806,87,366894
36450,0.047371,74.125.200.0-255,1484,318290,87,366894
36451,0.047432,74.125.200.0-255,4320,322610,87,366894
36452,0.047438,172.31.47.0-255,66,322676,87,366894
36453,0.0494,74.125.200.0-255,5738,328414,87,366894
36454,0.049404,172.31.47.0-255,66,328480,87,366894
36455,0.051381,74.125.200.0-255,4320,332800,87,366894
36456,0.051386,172.31.47.0-255,66,332866,87,366894
36457,0.051417,74.125.200.0-255,1484,334350,87,366894
36458,0.053351,74.125.200.0-255,4320,338670,87,366894
36459,0.053356,172.31.47.0-255,66,338736,87,366894
36460,0.055329,74.125.200.0-255,4320,343056,87,366894
36461,0.055334,172.31.47.0-255,66,343122,87,366894
36462,0.055362,74.125.200.0-255,1484,344606,87,366894
36463,0.057304,74.125.200.0-255,4320,348926,87,366894
36464,0.05731,172.31.47.0-255,66,348992,87,366894
36465,0.059278,74.125.200.0-255,5738,354730,87,366894
36466,0.059284,172.31.47.0-255,66,354796,87,366894
36467,0.06125,74.125.200.0-255,5738,360534,87,366894
36468,0.061255,172.31.47.0-255,66,360600,87,366894
36469,0.063232,74.125.200.0-255,5738,366338,87,366894
36470,0.063238,172.31.47.0-255,66,366404,87,366894
36471,0.065174,74.125.200.0-255,253,366657,87,366894
36472,0.065296,172.31.47.0-255,66,366723,87,366894
36473,0.065319,172.31.47.0-255,105,366828,87,366894
36474,0.06725,74.125.200.0-255,66,366894,87,366894
36475,0.0,172.31.47.0-255,105,105,87,276
36476,0.001759,157.240.13.0-255,105,210,87,276
36477,0.039247,172.31.47.0-255,66,276,87,276
36478,0.0,172.217.160.0-255,153,153,87,373365
36479,1.2e-05,172.31.47.0-255,66,219,87,373365
36480,3.8e-05,172.217.160.0-255,1484,1703,87,373365
36481,4.2e-05,172.31.47.0-255,66,1769,87,373365
36482,4.7e-05,172.217.160.0-255,2902,4671,87,373365
36483,5e-05,172.31.47.0-255,66,4737,87,373365
36484,5.8e-05,172.217.160.0-255,7156,11893,87,373365
36485,6.1e-05,172.31.47.0-255,66,11959,87,373365
36486,6.7e-05,172.217.160.0-255,4320,16279,87,373365
36487,7e-05,172.31.47.0-255,66,16345,87,373365
36488,9.7e-05,172.217.160.0-255,3521,19866,87,373365
36489,0.0001,172.31.47.0-255,66,19932,87,373365
36490,0.000118,172.217.160.0-255,4320,24252,87,373365
36491,0.000121,172.31.47.0-255,66,24318,87,373365
36492,0.000148,172.217.160.0-255,6797,31115,87,373365
36493,0.000151,172.31.47.0-255,66,31181,87,373365
36494,0.000171,172.217.160.0-255,2902,34083,87,373365
36495,0.000173,172.31.47.0-255,66,34149,87,373365
36496,0.000195,172.31.47.0-255,66,34215,87,373365
36497,0.000227,172.217.160.0-255,2902,37117,87,373365
36498,0.00023,172.31.47.0-255,66,37183,87,373365
36499,0.000243,172.217.160.0-255,2543,39726,87,373365
36500,0.000245,172.31.47.0-255,66,39792,87,373365
36501,0.000252,172.217.160.0-255,5738,45530,87,373365
36502,0.000254,172.31.47.0-255,66,45596,87,373365
36503,0.00029,172.217.160.0-255,2902,48498,87,373365
36504,0.000293,172.31.47.0-255,66,48564,87,373365
36505,0.000322,172.31.47.0-255,66,48630,87,373365
36506,0.00117,172.217.160.0-255,104,48734,87,373365
36507,0.001176,172.31.47.0-255,66,48800,87,373365
36508,0.001319,172.217.160.0-255,1484,50284,87,373365
36509,0.001324,172.31.47.0-255,66,50350,87,373365
36510,0.00133,172.217.160.0-255,2902,53252,87,373365
36511,0.001332,172.31.47.0-255,66,53318,87,373365
36512,0.00136,172.217.160.0-255,5738,59056,87,373365
36513,0.001363,172.31.47.0-255,66,59122,87,373365
36514,0.001373,172.31.47.0-255,66,59188,87,373365
36515,0.001406,172.31.47.0-255,66,59254,87,373365
36516,0.003033,172.217.160.0-255,5738,64992,87,373365
36517,0.00304,172.31.47.0-255,66,65058,87,373365
36518,0.004654,172.217.160.0-255,2902,67960,87,373365
36519,0.004657,172.31.47.0-255,66,68026,87,373365
36520,0.00467,172.217.160.0-255,2902,70928,87,373365
36521,0.004673,172.31.47.0-255,66,70994,87,373365
36522,0.006267,172.217.160.0-255,2902,73896,87,373365
36523,0.006273,172.31.47.0-255,66,73962,87,373365
36524,0.006292,172.217.160.0-255,2902,76864,87,373365
36525,0.006296,172.31.47.0-255,66,76930,87,373365
36526,0.007896,172.217.160.0-255,5738,82668,87,373365
36527,0.007904,172.31.47.0-255,66,82734,87,373365
36528,0.009556,172.217.160.0-255,5738,88472,87,373365
36529,0.009564,172.31.47.0-255,66,88538,87,373365
36530,0.011188,172.217.160.0-255,5738,94276,87,373365
36531,0.011195,172.31.47.0-255,66,94342,87,373365
36532,0.012811,172.217.160.0-255,5738,100080,87,373365
36533,0.012819,172.31.47.0-255,66,100146,87,373365
36534,0.014432,172.217.160.0-255,5738,105884,87,373365
36535,0.014439,172.31.47.0-255,66,105950,87,373365
36536,0.016047,172.217.160.0-255,5738,111688,87,373365
36537,0.016054,172.31.47.0-255,66,111754,87,373365
36538,0.017664,172.217.160.0-255,5738,117492,87,373365
36539,0.017669,172.31.47.0-255,66,117558,87,373365
36540,0.019282,172.217.160.0-255,5738,123296,87,373365
36541,0.019288,172.31.47.0-255,66,123362,87,373365
36542,0.020908,172.217.160.0-255,5738,129100,87,373365
36543,0.020915,172.31.47.0-255,66,129166,87,373365
36544,0.022555,172.217.160.0-255,5738,134904,87,373365
36545,0.022563,172.31.47.0-255,66,134970,87,373365
36546,0.024178,172.217.160.0-255,4320,139290,87,373365
36547,0.024184,172.31.47.0-255,66,139356,87,373365
36548,0.024201,172.217.160.0-255,1484,140840,87,373365
36549,0.024271,172.31.47.0-255,172,141012,87,373365
36550,0.024295,172.31.47.0-255,1106,142118,87,373365
36551,0.024356,172.31.47.0-255,1514,143632,87,373365
36552,0.024357,172.31.47.0-255,1298,144930,87,373365
36553,0.025794,104.244.42.0-255,66,144996,87,373365
36554,0.025804,172.217.160.0-255,2902,147898,87,373365
36555,0.025808,172.31.47.0-255,66,147964,87,373365
36556,0.025831,104.244.42.0-255,66,148030,87,373365
36557,0.025834,172.217.160.0-255,1484,149514,87,373365
36558,0.02593,104.244.42.0-255,66,149580,87,373365
36559,0.027425,172.217.160.0-255,4320,153900,87,373365
36560,0.027432,172.31.47.0-255,66,153966,87,373365
36561,0.029048,172.217.160.0-255,5738,159704,87,373365
36562,0.029055,172.31.47.0-255,66,159770,87,373365
36563,0.03067,172.217.160.0-255,5738,165508,87,373365
36564,0.030675,172.31.47.0-255,66,165574,87,373365
36565,0.032293,172.217.160.0-255,5738,171312,87,373365
36566,0.032299,172.31.47.0-255,66,171378,87,373365
36567,0.03391,172.217.160.0-255,5738,177116,87,373365
36568,0.033914,172.31.47.0-255,66,177182,87,373365
36569,0.03553,172.217.160.0-255,4320,181502,87,373365
36570,0.035537,172.31.47.0-255,66,181568,87,373365
36571,0.035559,172.217.160.0-255,1484,183052,87,373365
36572,0.037146,172.217.160.0-255,4320,187372,87,373365
36573,0.037151,172.31.47.0-255,66,187438,87,373365
36574,0.038788,172.217.160.0-255,5738,193176,87,373365
36575,0.038794,172.31.47.0-255,66,193242,87,373365
36576,0.04041,172.217.160.0-255,5738,198980,87,373365
36577,0.040415,172.31.47.0-255,66,199046,87,373365
36578,0.042057,172.217.160.0-255,5738,204784,87,373365
36579,0.042069,172.31.47.0-255,66,204850,87,373365
36580,0.043683,172.217.160.0-255,5738,210588,87,373365
36581,0.04369,172.31.47.0-255,66,210654,87,373365
36582,0.045328,172.217.160.0-255,5738,216392,87,373365
36583,0.045334,172.31.47.0-255,66,216458,87,373365
36584,0.046961,172.217.160.0-255,5738,222196,87,373365
36585,0.046976,172.31.47.0-255,66,222262,87,373365
36586,0.048643,172.217.160.0-255,5738,228000,87,373365
36587,0.048661,172.31.47.0-255,66,228066,87,373365
36588,0.050307,172.217.160.0-255,5738,233804,87,373365
36589,0.050325,172.31.47.0-255,66,233870,87,373365
36590,0.051945,172.217.160.0-255,5738,239608,87,373365
36591,0.051951,172.31.47.0-255,66,239674,87,373365
36592,0.05357,172.217.160.0-255,5738,245412,87,373365
36593,0.053577,172.31.47.0-255,66,245478,87,373365
36594,0.055219,172.217.160.0-255,1484,246962,87,373365
36595,0.055235,172.217.160.0-255,4320,251282,87,373365
36596,0.055239,172.31.47.0-255,66,251348,87,373365
36597,0.056853,172.217.160.0-255,5738,257086,87,373365
36598,0.056858,172.31.47.0-255,66,257152,87,373365
36599,0.058479,172.217.160.0-255,5738,262890,87,373365
36600,0.058484,172.31.47.0-255,66,262956,87,373365
36601,0.060105,172.217.160.0-255,5738,268694,87,373365
36602,0.06011,172.31.47.0-255,66,268760,87,373365
36603,0.061759,172.217.160.0-255,5738,274498,87,373365
36604,0.061766,172.31.47.0-255,66,274564,87,373365
36605,0.063378,172.217.160.0-255,5738,280302,87,373365
36606,0.063384,172.31.47.0-255,66,280368,87,373365
36607,0.064996,172.217.160.0-255,5738,286106,87,373365
36608,0.065001,172.31.47.0-255,66,286172,87,373365
36609,0.066619,172.217.160.0-255,4320,290492,87,373365
36610,0.066624,172.31.47.0-255,66,290558,87,373365
36611,0.066638,172.217.160.0-255,1484,292042,87,373365
36612,0.068244,172.217.160.0-255,4320,296362,87,373365
36613,0.068249,172.31.47.0-255,66,296428,87,373365
36614,0.069868,172.217.160.0-255,5738,302166,87,373365
36615,0.069873,172.31.47.0-255,66,302232,87,373365
36616,0.071495,172.217.160.0-255,5738,307970,87,373365
36617,0.0715,172.31.47.0-255,66,308036,87,373365
36618,0.073119,172.217.160.0-255,5738,313774,87,373365
36619,0.073124,172.31.47.0-255,66,313840,87,373365
36620,0.074729,172.217.160.0-255,5738,319578,87,373365
36621,0.074735,172.31.47.0-255,66,319644,87,373365
36622,0.07635,172.217.160.0-255,5738,325382,87,373365
36623,0.076357,172.31.47.0-255,66,325448,87,373365
36624,0.077969,172.217.160.0-255,5738,331186,87,373365
36625,0.077975,172.31.47.0-255,66,331252,87,373365
36626,0.0796,172.217.160.0-255,5738,336990,87,373365
36627,0.079606,172.31.47.0-255,66,337056,87,373365
36628,0.081217,172.217.160.0-255,5738,342794,87,373365
36629,0.081222,172.31.47.0-255,66,342860,87,373365
36630,0.082834,172.217.160.0-255,4320,347180,87,373365
36631,0.082841,172.31.47.0-255,66,347246,87,373365
36632,0.082862,172.217.160.0-255,1484,348730,87,373365
36633,0.084469,172.217.160.0-255,4320,353050,87,373365
36634,0.084474,172.31.47.0-255,66,353116,87,373365
36635,0.086092,172.217.160.0-255,5738,358854,87,373365
36636,0.086098,172.31.47.0-255,66,358920,87,373365
36637,0.087711,172.217.160.0-255,5738,364658,87,373365
36638,0.087718,172.31.47.0-255,66,364724,87,373365
36639,0.089328,172.217.160.0-255,5738,370462,87,373365
36640,0.089334,172.31.47.0-255,66,370528,87,373365
36641,0.090944,172.217.160.0-255,2600,373128,87,373365
36642,0.090949,172.31.47.0-255,66,373194,87,373365
36643,0.0911,172.31.47.0-255,105,373299,87,373365
36644,0.092684,172.217.160.0-255,66,373365,87,373365
36645,0.0,172.31.47.0-255,66,66,87,66
36646,0.0,74.125.68.0-255,153,153,87,344371
36647,3.1e-05,172.31.47.0-255,66,219,87,344371
36648,3.7e-05,74.125.68.0-255,1484,1703,87,344371
36649,4.1e-05,172.31.47.0-255,66,1769,87,344371
36650,4.6e-05,74.125.68.0-255,2902,4671,87,344371
36651,4.8e-05,172.31.47.0-255,66,4737,87,344371
36652,5e-05,74.125.68.0-255,1484,6221,87,344371
36653,5.2e-05,172.31.47.0-255,66,6287,87,344371
36654,8.2e-05,74.125.68.0-255,2902,9189,87,344371
36655,8.5e-05,172.31.47.0-255,66,9255,87,344371
36656,9e-05,74.125.68.0-255,4832,14087,87,344371
36657,9.2e-05,172.31.47.0-255,66,14153,87,344371
36658,0.000235,74.125.68.0-255,1484,15637,87,344371
36659,0.000239,172.31.47.0-255,66,15703,87,344371
36660,0.000252,74.125.68.0-255,2902,18605,87,344371
36661,0.000258,172.31.47.0-255,66,18671,87,344371
36662,0.000261,74.125.68.0-255,1484,20155,87,344371
36663,0.000263,172.31.47.0-255,66,20221,87,344371
36664,0.000279,74.125.68.0-255,2902,23123,87,344371
36665,0.000282,172.31.47.0-255,66,23189,87,344371
36666,0.000352,74.125.68.0-255,7156,30345,87,344371
36667,0.000356,172.31.47.0-255,66,30411,87,344371
36668,0.000375,74.125.68.0-255,2543,32954,87,344371
36669,0.000377,172.31.47.0-255,66,33020,87,344371
36670,0.000389,172.31.47.0-255,66,33086,87,344371
36671,0.000398,172.31.47.0-255,66,33152,87,344371
36672,0.00041,74.125.68.0-255,3602,36754,87,344371
36673,0.00041,172.31.47.0-255,66,36820,87,344371
36674,0.000413,172.31.47.0-255,66,36886,87,344371
36675,0.000432,74.125.68.0-255,397,37283,87,344371
36676,0.000482,74.125.68.0-255,347,37630,87,344371
36677,0.000699,172.31.47.0-255,66,37696,87,344371
36678,0.000732,74.125.68.0-255,1484,39180,87,344371
36679,0.000736,74.125.68.0-255,1484,40664,87,344371
36680,0.00074,172.31.47.0-255,66,40730,87,344371
36681,0.000761,74.125.68.0-255,1484,42214,87,344371
36682,0.000764,74.125.68.0-255,1484,43698,87,344371
36683,0.000767,74.125.68.0-255,2902,46600,87,344371
36684,0.00077,172.31.47.0-255,66,46666,87,344371
36685,0.000773,172.31.47.0-255,66,46732,87,344371
36686,0.000799,74.125.68.0-255,5738,52470,87,344371
36687,0.000802,172.31.47.0-255,66,52536,87,344371
36688,0.000805,74.125.68.0-255,1484,54020,87,344371
36689,0.000839,172.31.47.0-255,66,54086,87,344371
36690,0.000858,74.125.68.0-255,2902,56988,87,344371
36691,0.000861,172.31.47.0-255,66,57054,87,344371
36692,0.000886,74.125.68.0-255,3602,60656,87,344371
36693,0.000889,172.31.47.0-255,66,60722,87,344371
36694,0.001172,74.125.68.0-255,1484,62206,87,344371
36695,0.001179,74.125.68.0-255,1484,63690,87,344371
36696,0.001183,172.31.47.0-255,66,63756,87,344371
36697,0.001207,74.125.68.0-255,1484,65240,87,344371
36698,0.00121,74.125.68.0-255,1484,66724,87,344371
36699,0.001213,172.31.47.0-255,66,66790,87,344371
36700,0.001216,74.125.68.0-255,1484,68274,87,344371
36701,0.001237,74.125.68.0-255,1484,69758,87,344371
36702,0.00124,172.31.47.0-255,66,69824,87,344371
36703,0.001246,74.125.68.0-255,5738,75562,87,344371
36704,0.001248,172.31.47.0-255,66,75628,87,344371
36705,0.001284,172.31.47.0-255,66,75694,87,344371
36706,0.001302,74.125.68.0-255,2902,78596,87,344371
36707,0.001304,172.31.47.0-255,66,78662,87,344371
36708,0.001335,172.31.47.0-255,66,78728,87,344371
36709,0.001484,74.125.68.0-255,1484,80212,87,344371
36710,0.001497,74.125.68.0-255,2902,83114,87,344371
36711,0.0015,172.31.47.0-255,66,83180,87,344371
36712,0.001526,74.125.68.0-255,5738,88918,87,344371
36713,0.001529,172.31.47.0-255,66,88984,87,344371
36714,0.001544,74.125.68.0-255,4320,93304,87,344371
36715,0.001553,172.31.47.0-255,66,93370,87,344371
36716,0.001564,74.125.68.0-255,2902,96272,87,344371
36717,0.001566,172.31.47.0-255,66,96338,87,344371
36718,0.001576,74.125.68.0-255,7156,103494,87,344371
36719,0.001579,172.31.47.0-255,66,103560,87,344371
36720,0.00161,74.125.68.0-255,4320,107880,87,344371
36721,0.001613,172.31.47.0-255,66,107946,87,344371
36722,0.001617,74.125.68.0-255,2902,110848,87,344371
36723,0.001618,172.31.47.0-255,66,110914,87,344371
36724,0.001645,74.125.68.0-255,2184,113098,87,344371
36725,0.001647,172.31.47.0-255,66,113164,87,344371
36726,0.001731,74.125.68.0-255,1484,114648,87,344371
36727,0.001778,74.125.68.0-255,1484,116132,87,344371
36728,0.00178,172.31.47.0-255,66,116198,87,344371
36729,0.001805,74.125.68.0-255,2902,119100,87,344371
36730,0.001807,172.31.47.0-255,66,119166,87,344371
36731,0.001812,74.125.68.0-255,5738,124904,87,344371
36732,0.001814,172.31.47.0-255,66,124970,87,344371
36733,0.001833,74.125.68.0-255,2902,127872,87,344371
36734,0.001834,172.31.47.0-255,66,127938,87,344371
36735,0.001858,74.125.68.0-255,4320,132258,87,344371
36736,0.00186,172.31.47.0-255,66,132324,87,344371
36737,0.001895,74.125.68.0-255,4320,136644,87,344371
36738,0.001897,172.31.47.0-255,66,136710,87,344371
36739,0.00192,74.125.68.0-255,4320,141030,87,344371
36740,0.001922,172.31.47.0-255,66,141096,87,344371
36741,0.001925,74.125.68.0-255,1484,142580,87,344371
36742,0.001938,74.125.68.0-255,5020,147600,87,344371
36743,0.001943,172.31.47.0-255,66,147666,87,344371
36744,0.001993,74.125.68.0-255,1484,149150,87,344371
36745,0.002006,74.125.68.0-255,2902,152052,87,344371
36746,0.002008,172.31.47.0-255,66,152118,87,344371
36747,0.002036,74.125.68.0-255,5738,157856,87,344371
36748,0.002038,172.31.47.0-255,66,157922,87,344371
36749,0.002041,74.125.68.0-255,2902,160824,87,344371
36750,0.002043,172.31.47.0-255,66,160890,87,344371
36751,0.00211,172.31.47.0-255,66,160956,87,344371
36752,0.002119,172.31.47.0-255,66,161022,87,344371
36753,0.00437,74.125.68.0-255,4320,165342,87,344371
36754,0.004373,172.31.47.0-255,66,165408,87,344371
36755,0.004392,74.125.68.0-255,1484,166892,87,344371
36756,0.00662,74.125.68.0-255,4320,171212,87,344371
36757,0.006625,172.31.47.0-255,66,171278,87,344371
36758,0.008894,74.125.68.0-255,5738,177016,87,344371
36759,0.008901,172.31.47.0-255,66,177082,87,344371
36760,0.011166,74.125.68.0-255,5738,182820,87,344371
36761,0.011175,172.31.47.0-255,66,182886,87,344371
36762,0.01344,74.125.68.0-255,5738,188624,87,344371
36763,0.013449,172.31.47.0-255,66,188690,87,344371
36764,0.015716,74.125.68.0-255,5738,194428,87,344371
36765,0.015723,172.31.47.0-255,66,194494,87,344371
36766,0.018013,74.125.68.0-255,4320,198814,87,344371
36767,0.01802,172.31.47.0-255,66,198880,87,344371
36768,0.018055,74.125.68.0-255,1484,200364,87,344371
36769,0.020277,74.125.68.0-255,4320,204684,87,344371
36770,0.020283,172.31.47.0-255,66,204750,87,344371
36771,0.022548,74.125.68.0-255,5738,210488,87,344371
36772,0.022558,172.31.47.0-255,66,210554,87,344371
36773,0.02473,172.31.47.0-255,172,210726,87,344371
36774,0.024758,172.31.47.0-255,1112,211838,87,344371
36775,0.024792,172.31.47.0-255,1514,213352,87,344371
36776,0.024822,74.125.68.0-255,5738,219090,87,344371
36777,0.024829,172.31.47.0-255,1292,220382,87,344371
36778,0.024831,172.31.47.0-255,66,220448,87,344371
36779,0.026285,104.244.42.0-255,66,220514,87,344371
36780,0.026291,104.244.42.0-255,66,220580,87,344371
36781,0.026385,104.244.42.0-255,66,220646,87,344371
36782,0.026387,104.244.42.0-255,66,220712,87,344371
36783,0.027075,74.125.68.0-255,1484,222196,87,344371
36784,0.027104,74.125.68.0-255,4320,226516,87,344371
36785,0.027109,172.31.47.0-255,66,226582,87,344371
36786,0.029349,74.125.68.0-255,2902,229484,87,344371
36787,0.029355,172.31.47.0-255,66,229550,87,344371
36788,0.029386,74.125.68.0-255,2902,232452,87,344371
36789,0.029389,172.31.47.0-255,66,232518,87,344371
36790,0.031597,74.125.68.0-255,2902,235420,87,344371
36791,0.031601,172.31.47.0-255,66,235486,87,344371
36792,0.031632,74.125.68.0-255,2902,238388,87,344371
36793,0.031634,172.31.47.0-255,66,238454,87,344371
36794,0.033841,74.125.68.0-255,2902,241356,87,344371
36795,0.033845,172.31.47.0-255,66,241422,87,344371
36796,0.033877,74.125.68.0-255,2902,244324,87,344371
36797,0.03388,172.31.47.0-255,66,244390,87,344371
36798,0.036085,74.125.68.0-255,2902,247292,87,344371
36799,0.03609,172.31.47.0-255,66,247358,87,344371
36800,0.036122,74.125.68.0-255,2902,250260,87,344371
36801,0.036125,172.31.47.0-255,66,250326,87,344371
36802,0.038336,74.125.68.0-255,2902,253228,87,344371
36803,0.038342,172.31.47.0-255,66,253294,87,344371
36804,0.038374,74.125.68.0-255,2902,256196,87,344371
36805,0.038377,172.31.47.0-255,66,256262,87,344371
36806,0.04059,74.125.68.0-255,2902,259164,87,344371
36807,0.040596,172.31.47.0-255,66,259230,87,344371
36808,0.04063,74.125.68.0-255,2902,262132,87,344371
36809,0.040632,172.31.47.0-255,66,262198,87,344371
36810,0.042854,74.125.68.0-255,2902,265100,87,344371
36811,0.042859,172.31.47.0-255,66,265166,87,344371
36812,0.042888,74.125.68.0-255,2902,268068,87,344371
36813,0.04289,172.31.47.0-255,66,268134,87,344371
36814,0.045106,74.125.68.0-255,2902,271036,87,344371
36815,0.045115,172.31.47.0-255,66,271102,87,344371
36816,0.045145,74.125.68.0-255,2902,274004,87,344371
36817,0.045147,172.31.47.0-255,66,274070,87,344371
36818,0.047365,74.125.68.0-255,2902,276972,87,344371
36819,0.047369,172.31.47.0-255,66,277038,87,344371
36820,0.047401,74.125.68.0-255,2902,279940,87,344371
36821,0.047403,172.31.47.0-255,66,280006,87,344371
36822,0.049631,74.125.68.0-255,2902,282908,87,344371
36823,0.049637,172.31.47.0-255,66,282974,87,344371
36824,0.049668,74.125.68.0-255,2902,285876,87,344371
36825,0.049672,172.31.47.0-255,66,285942,87,344371
36826,0.051887,74.125.68.0-255,2902,288844,87,344371
36827,0.051891,172.31.47.0-255,66,288910,87,344371
36828,0.051921,74.125.68.0-255,2902,291812,87,344371
36829,0.051924,172.31.47.0-255,66,291878,87,344371
36830,0.054138,74.125.68.0-255,2902,294780,87,344371
36831,0.054142,172.31.47.0-255,66,294846,87,344371
36832,0.054175,74.125.68.0-255,2902,297748,87,344371
36833,0.054178,172.31.47.0-255,66,297814,87,344371
36834,0.056398,74.125.68.0-255,2902,300716,87,344371
36835,0.056403,172.31.47.0-255,66,300782,87,344371
36836,0.056438,74.125.68.0-255,2902,303684,87,344371
36837,0.05644,172.31.47.0-255,66,303750,87,344371
36838,0.058649,74.125.68.0-255,2902,306652,87,344371
36839,0.058654,172.31.47.0-255,66,306718,87,344371
36840,0.05869,74.125.68.0-255,2902,309620,87,344371
36841,0.058693,172.31.47.0-255,66,309686,87,344371
36842,0.060909,74.125.68.0-255,2902,312588,87,344371
36843,0.060913,172.31.47.0-255,66,312654,87,344371
36844,0.060953,74.125.68.0-255,2902,315556,87,344371
36845,0.060956,172.31.47.0-255,66,315622,87,344371
36846,0.06317,74.125.68.0-255,2902,318524,87,344371
36847,0.063175,172.31.47.0-255,66,318590,87,344371
36848,0.063208,74.125.68.0-255,2902,321492,87,344371
36849,0.063211,172.31.47.0-255,66,321558,87,344371
36850,0.065418,74.125.68.0-255,2902,324460,87,344371
36851,0.065441,172.31.47.0-255,66,324526,87,344371
36852,0.065454,74.125.68.0-255,2902,327428,87,344371
36853,0.065462,172.31.47.0-255,66,327494,87,344371
36854,0.067712,74.125.68.0-255,4320,331814,87,344371
36855,0.067717,172.31.47.0-255,66,331880,87,344371
36856,0.067782,74.125.68.0-255,1484,333364,87,344371
36857,0.069957,74.125.68.0-255,4320,337684,87,344371
36858,0.069961,172.31.47.0-255,66,337750,87,344371
36859,0.072223,74.125.68.0-255,5738,343488,87,344371
36860,0.072227,172.31.47.0-255,66,343554,87,344371
36861,0.074449,74.125.68.0-255,580,344134,87,344371
36862,0.07457,172.31.47.0-255,66,344200,87,344371
36863,0.074593,172.31.47.0-255,105,344305,87,344371
36864,0.076794,74.125.68.0-255,66,344371,87,344371
36865,0.0,74.125.24.0-255,153,153,87,228534
36866,2.3e-05,172.31.47.0-255,66,219,87,228534
36867,3e-05,74.125.24.0-255,1484,1703,87,228534
36868,3.6e-05,172.31.47.0-255,66,1769,87,228534
36869,4.1e-05,74.125.24.0-255,2902,4671,87,228534
36870,4.4e-05,172.31.47.0-255,66,4737,87,228534
36871,6.1e-05,74.125.24.0-255,7156,11893,87,228534
36872,6.4e-05,172.31.47.0-255,66,11959,87,228534
36873,6.9e-05,74.125.24.0-255,3558,15517,87,228534
36874,7.1e-05,172.31.47.0-255,66,15583,87,228534
36875,7.5e-05,74.125.24.0-255,1484,17067,87,228534
36876,7.9e-05,172.31.47.0-255,66,17133,87,228534
36877,0.000107,172.31.47.0-255,66,17199,87,228534
36878,0.000111,74.125.24.0-255,2543,19742,87,228534
36879,0.000113,172.31.47.0-255,66,19808,87,228534
36880,0.000178,74.125.24.0-255,1484,21292,87,228534
36881,0.000182,172.31.47.0-255,66,21358,87,228534
36882,0.000231,74.125.24.0-255,1484,22842,87,228534
36883,0.000233,172.31.47.0-255,66,22908,87,228534
36884,0.000238,74.125.24.0-255,2902,25810,87,228534
36885,0.00024,172.31.47.0-255,66,25876,87,228534
36886,0.000244,74.125.24.0-255,2902,28778,87,228534
36887,0.000246,172.31.47.0-255,66,28844,87,228534
36888,0.000283,74.125.24.0-255,2902,31746,87,228534
36889,0.000286,172.31.47.0-255,66,31812,87,228534
36890,0.000292,74.125.24.0-255,5379,37191,87,228534
36891,0.000295,172.31.47.0-255,66,37257,87,228534
36892,0.000313,74.125.24.0-255,4320,41577,87,228534
36893,0.000315,172.31.47.0-255,66,41643,87,228534
36894,0.000346,172.31.47.0-255,66,41709,87,228534
36895,0.00038,74.125.24.0-255,3961,45670,87,228534
36896,0.000383,172.31.47.0-255,66,45736,87,228534
36897,0.00054,74.125.24.0-255,645,46381,87,228534
36898,0.00068,74.125.24.0-255,1484,47865,87,228534
36899,0.000685,172.31.47.0-255,66,47931,87,228534
36900,0.000712,74.125.24.0-255,2902,50833,87,228534
36901,0.000716,172.31.47.0-255,66,50899,87,228534
36902,0.000721,74.125.24.0-255,4320,55219,87,228534
36903,0.000723,172.31.47.0-255,66,55285,87,228534
36904,0.000749,74.125.24.0-255,5738,61023,87,228534
36905,0.000752,172.31.47.0-255,66,61089,87,228534
36906,0.000785,74.125.24.0-255,2543,63632,87,228534
36907,0.000789,172.31.47.0-255,66,63698,87,228534
36908,0.000823,74.125.24.0-255,2902,66600,87,228534
36909,0.000826,172.31.47.0-255,66,66666,87,228534
36910,0.000833,74.125.24.0-255,7156,73822,87,228534
36911,0.000835,172.31.47.0-255,66,73888,87,228534
36912,0.000843,74.125.24.0-255,1484,75372,87,228534
36913,0.000878,74.125.24.0-255,5379,80751,87,228534
36914,0.000881,172.31.47.0-255,66,80817,87,228534
36915,0.001089,74.125.24.0-255,1484,82301,87,228534
36916,0.001094,74.125.24.0-255,2902,85203,87,228534
36917,0.001097,172.31.47.0-255,66,85269,87,228534
36918,0.001103,74.125.24.0-255,5738,91007,87,228534
36919,0.001105,172.31.47.0-255,66,91073,87,228534
36920,0.001144,172.31.47.0-255,66,91139,87,228534
36921,0.001185,74.125.24.0-255,2902,94041,87,228534
36922,0.001192,172.31.47.0-255,66,94107,87,228534
36923,0.001225,172.31.47.0-255,66,94173,87,228534
36924,0.001253,74.125.24.0-255,1484,95657,87,228534
36925,0.001257,74.125.24.0-255,1484,97141,87,228534
36926,0.001259,172.31.47.0-255,66,97207,87,228534
36927,0.001285,74.125.24.0-255,1484,98691,87,228534
36928,0.001292,74.125.24.0-255,5738,104429,87,228534
36929,0.001294,172.31.47.0-255,66,104495,87,228534
36930,0.001313,74.125.24.0-255,2902,107397,87,228534
36931,0.001316,172.31.47.0-255,66,107463,87,228534
36932,0.001353,172.31.47.0-255,66,107529,87,228534
36933,0.001372,172.31.47.0-255,66,107595,87,228534
36934,0.001373,74.125.24.0-255,766,108361,87,228534
36935,0.001392,74.125.24.0-255,1484,109845,87,228534
36936,0.001395,172.31.47.0-255,66,109911,87,228534
36937,0.0014,74.125.24.0-255,4320,114231,87,228534
36938,0.001402,172.31.47.0-255,66,114297,87,228534
36939,0.001465,172.31.47.0-255,66,114363,87,228534
36940,0.001472,74.125.24.0-255,7156,121519,87,228534
36941,0.001474,172.31.47.0-255,66,121585,87,228534
36942,0.001478,74.125.24.0-255,1484,123069,87,228534
36943,0.001526,172.31.47.0-255,66,123135,87,228534
36944,0.001606,74.125.24.0-255,1484,124619,87,228534
36945,0.001612,74.125.24.0-255,2902,127521,87,228534
36946,0.001615,172.31.47.0-255,66,127587,87,228534
36947,0.001637,74.125.24.0-255,5738,133325,87,228534
36948,0.00164,172.31.47.0-255,66,133391,87,228534
36949,0.001645,74.125.24.0-255,2902,136293,87,228534
36950,0.001647,172.31.47.0-255,66,136359,87,228534
36951,0.001681,74.125.24.0-255,5738,142097,87,228534
36952,0.001684,172.31.47.0-255,66,142163,87,228534
36953,0.0017,172.31.47.0-255,66,142229,87,228534
36954,0.002755,74.125.24.0-255,1484,143713,87,228534
36955,0.002765,74.125.24.0-255,1484,145197,87,228534
36956,0.00277,172.31.47.0-255,66,145263,87,228534
36957,0.002775,74.125.24.0-255,1484,146747,87,228534
36958,0.002797,74.125.24.0-255,1484,148231,87,228534
36959,0.0028,172.31.47.0-255,66,148297,87,228534
36960,0.002807,74.125.24.0-255,7156,155453,87,228534
36961,0.002811,172.31.47.0-255,66,155519,87,228534
36962,0.002867,172.31.47.0-255,66,155585,87,228534
36963,0.002877,172.31.47.0-255,66,155651,87,228534
36964,0.002992,74.125.24.0-255,1484,157135,87,228534
36965,0.003009,74.125.24.0-255,2902,160037,87,228534
36966,0.003011,172.31.47.0-255,66,160103,87,228534
36967,0.003017,74.125.24.0-255,4320,164423,87,228534
36968,0.003019,172.31.47.0-255,66,164489,87,228534
36969,0.003034,74.125.24.0-255,1484,165973,87,228534
36970,0.003055,74.125.24.0-255,4320,170293,87,228534
36971,0.003057,172.31.47.0-255,66,170359,87,228534
36972,0.003097,172.31.47.0-255,66,170425,87,228534
36973,0.003107,172.31.47.0-255,66,170491,87,228534
36974,0.003121,172.31.47.0-255,66,170557,87,228534
36975,0.003165,172.31.47.0-255,66,170623,87,228534
36976,0.003176,172.31.47.0-255,66,170689,87,228534
36977,0.003179,74.125.24.0-255,1484,172173,87,228534
36978,0.003183,74.125.24.0-255,2902,175075,87,228534
36979,0.003185,172.31.47.0-255,66,175141,87,228534
36980,0.003215,74.125.24.0-255,5738,180879,87,228534
36981,0.003218,172.31.47.0-255,66,180945,87,228534
36982,0.003222,74.125.24.0-255,4320,185265,87,228534
36983,0.003224,172.31.47.0-255,66,185331,87,228534
36984,0.003251,74.125.24.0-255,2902,188233,87,228534
36985,0.003253,172.31.47.0-255,66,188299,87,228534
36986,0.003296,74.125.24.0-255,5738,194037,87,228534
36987,0.003298,172.31.47.0-255,66,194103,87,228534
36988,0.003324,74.125.24.0-255,1484,195587,87,228534
36989,0.003328,74.125.24.0-255,1484,197071,87,228534
36990,0.00333,172.31.47.0-255,66,197137,87,228534
36991,0.003334,74.125.24.0-255,2902,200039,87,228534
36992,0.003336,172.31.47.0-255,66,200105,87,228534
36993,0.003341,74.125.24.0-255,5020,205125,87,228534
36994,0.003345,172.31.47.0-255,66,205191,87,228534
36995,0.003589,74.125.24.0-255,1484,206675,87,228534
36996,0.003601,74.125.24.0-255,2902,209577,87,228534
36997,0.003603,172.31.47.0-255,66,209643,87,228534
36998,0.00363,74.125.24.0-255,5738,215381,87,228534
36999,0.003633,172.31.47.0-255,66,215447,87,228534
37000,0.003663,172.31.47.0-255,66,215513,87,228534
37001,0.00369,74.125.24.0-255,4320,219833,87,228534
37002,0.003692,172.31.47.0-255,66,219899,87,228534
37003,0.003704,172.31.47.0-255,66,219965,87,228534
37004,0.003706,74.125.24.0-255,1484,221449,87,228534
37005,0.003728,74.125.24.0-255,2394,223843,87,228534
37006,0.00373,172.31.47.0-255,66,223909,87,228534
37007,0.003741,74.125.24.0-255,105,224014,87,228534
37008,0.01328,172.31.47.0-255,66,224080,87,228534
37009,0.01331,172.31.47.0-255,105,224185,87,228534
37010,0.015371,74.125.24.0-255,66,224251,87,228534
37011,0.035053,172.31.47.0-255,167,224418,87,228534
37012,0.035094,172.31.47.0-255,1106,225524,87,228534
37013,0.035113,172.31.47.0-255,1514,227038,87,228534
37014,0.035132,172.31.47.0-255,1298,228336,87,228534
37015,0.036595,104.244.42.0-255,66,228402,87,228534
37016,0.036633,104.244.42.0-255,66,228468,87,228534
37017,0.03667,104.244.42.0-255,66,228534,87,228534
37018,0.0,74.125.24.0-255,143,143,87,333401
37019,2.9e-05,172.31.47.0-255,66,209,87,333401
37020,3.6e-05,74.125.24.0-255,1484,1693,87,333401
37021,4e-05,172.31.47.0-255,66,1759,87,333401
37022,4.5e-05,74.125.24.0-255,2902,4661,87,333401
37023,4.7e-05,172.31.47.0-255,66,4727,87,333401
37024,5.9e-05,74.125.24.0-255,5738,10465,87,333401
37025,6.2e-05,172.31.47.0-255,66,10531,87,333401
37026,9e-05,74.125.24.0-255,1484,12015,87,333401
37027,9.3e-05,172.31.47.0-255,66,12081,87,333401
37028,9.8e-05,74.125.24.0-255,2101,14182,87,333401
37029,9.9e-05,172.31.47.0-255,66,14248,87,333401
37030,0.000122,74.125.24.0-255,2902,17150,87,333401
37031,0.000125,172.31.47.0-255,66,17216,87,333401
37032,0.000135,74.125.24.0-255,2902,20118,87,333401
37033,0.000138,172.31.47.0-255,66,20184,87,333401
37034,0.000143,74.125.24.0-255,2902,23086,87,333401
37035,0.000145,172.31.47.0-255,66,23152,87,333401
37036,0.000174,74.125.24.0-255,4320,27472,87,333401
37037,0.000177,172.31.47.0-255,66,27538,87,333401
37038,0.000188,74.125.24.0-255,3961,31499,87,333401
37039,0.000191,172.31.47.0-255,66,31565,87,333401
37040,0.000211,74.125.24.0-255,2902,34467,87,333401
37041,0.000213,172.31.47.0-255,66,34533,87,333401
37042,0.00024,74.125.24.0-255,1484,36017,87,333401
37043,0.000243,172.31.47.0-255,66,36083,87,333401
37044,0.00026,172.31.47.0-255,66,36149,87,333401
37045,0.000265,74.125.24.0-255,2543,38692,87,333401
37046,0.000267,172.31.47.0-255,66,38758,87,333401
37047,0.000314,172.31.47.0-255,66,38824,87,333401
37048,0.000317,74.125.24.0-255,1484,40308,87,333401
37049,0.000338,74.125.24.0-255,1487,41795,87,333401
37050,0.000341,172.31.47.0-255,66,41861,87,333401
37051,0.000407,74.125.24.0-255,346,42207,87,333401
37052,0.000591,74.125.24.0-255,1484,43691,87,333401
37053,0.000595,172.31.47.0-255,66,43757,87,333401
37054,0.0006,74.125.24.0-255,2902,46659,87,333401
37055,0.000603,172.31.47.0-255,66,46725,87,333401
37056,0.000608,74.125.24.0-255,4320,51045,87,333401
37057,0.000616,172.31.47.0-255,66,51111,87,333401
37058,0.000638,74.125.24.0-255,1484,52595,87,333401
37059,0.000646,74.125.24.0-255,6797,59392,87,333401
37060,0.000654,172.31.47.0-255,66,59458,87,333401
37061,0.000691,74.125.24.0-255,1484,60942,87,333401
37062,0.000694,74.125.24.0-255,1484,62426,87,333401
37063,0.000697,172.31.47.0-255,66,62492,87,333401
37064,0.000706,74.125.24.0-255,1484,63976,87,333401
37065,0.00072,74.125.24.0-255,5738,69714,87,333401
37066,0.000723,172.31.47.0-255,66,69780,87,333401
37067,0.000751,74.125.24.0-255,6797,76577,87,333401
37068,0.000754,172.31.47.0-255,66,76643,87,333401
37069,0.001396,74.125.24.0-255,1484,78127,87,333401
37070,0.001406,74.125.24.0-255,2902,81029,87,333401
37071,0.00141,172.31.47.0-255,66,81095,87,333401
37072,0.001416,74.125.24.0-255,4320,85415,87,333401
37073,0.001418,172.31.47.0-255,66,85481,87,333401
37074,0.001436,74.125.24.0-255,1484,86965,87,333401
37075,0.00145,172.31.47.0-255,66,87031,87,333401
37076,0.001464,74.125.24.0-255,2902,89933,87,333401
37077,0.001466,172.31.47.0-255,66,89999,87,333401
37078,0.001483,172.31.47.0-255,66,90065,87,333401
37079,0.001541,74.125.24.0-255,1484,91549,87,333401
37080,0.001552,74.125.24.0-255,2902,94451,87,333401
37081,0.001553,172.31.47.0-255,66,94517,87,333401
37082,0.001581,74.125.24.0-255,5738,100255,87,333401
37083,0.001583,172.31.47.0-255,66,100321,87,333401
37084,0.001589,74.125.24.0-255,7156,107477,87,333401
37085,0.00159,172.31.47.0-255,66,107543,87,333401
37086,0.001626,74.125.24.0-255,5738,113281,87,333401
37087,0.001628,172.31.47.0-255,66,113347,87,333401
37088,0.001637,172.31.47.0-255,66,113413,87,333401
37089,0.001717,74.125.24.0-255,1484,114897,87,333401
37090,0.001733,74.125.24.0-255,2902,117799,87,333401
37091,0.001736,172.31.47.0-255,66,117865,87,333401
37092,0.001741,74.125.24.0-255,5738,123603,87,333401
37093,0.001742,172.31.47.0-255,66,123669,87,333401
37094,0.001773,172.31.47.0-255,66,123735,87,333401
37095,0.001795,74.125.24.0-255,2902,126637,87,333401
37096,0.001797,172.31.47.0-255,66,126703,87,333401
37097,0.001826,172.31.47.0-255,66,126769,87,333401
37098,0.001909,74.125.24.0-255,1484,128253,87,333401
37099,0.001912,74.125.24.0-255,1484,129737,87,333401
37100,0.001914,172.31.47.0-255,66,129803,87,333401
37101,0.001941,74.125.24.0-255,1484,131287,87,333401
37102,0.001946,74.125.24.0-255,5738,137025,87,333401
37103,0.001947,172.31.47.0-255,66,137091,87,333401
37104,0.001986,74.125.24.0-255,7156,144247,87,333401
37105,0.001988,172.31.47.0-255,66,144313,87,333401
37106,0.002014,74.125.24.0-255,5738,150051,87,333401
37107,0.002016,172.31.47.0-255,66,150117,87,333401
37108,0.002025,172.31.47.0-255,66,150183,87,333401
37109,0.004031,74.125.24.0-255,5738,155921,87,333401
37110,0.004035,172.31.47.0-255,66,155987,87,333401
37111,0.006042,74.125.24.0-255,2902,158889,87,333401
37112,0.006048,172.31.47.0-255,66,158955,87,333401
37113,0.006075,74.125.24.0-255,2902,161857,87,333401
37114,0.006078,172.31.47.0-255,66,161923,87,333401
37115,0.008048,74.125.24.0-255,2902,164825,87,333401
37116,0.008053,172.31.47.0-255,66,164891,87,333401
37117,0.008088,74.125.24.0-255,2902,167793,87,333401
37118,0.008092,172.31.47.0-255,66,167859,87,333401
37119,0.010046,74.125.24.0-255,2902,170761,87,333401
37120,0.010051,172.31.47.0-255,66,170827,87,333401
37121,0.010094,74.125.24.0-255,2902,173729,87,333401
37122,0.010097,172.31.47.0-255,66,173795,87,333401
37123,0.012063,74.125.24.0-255,2902,176697,87,333401
37124,0.012073,172.31.47.0-255,66,176763,87,333401
37125,0.012109,74.125.24.0-255,2902,179665,87,333401
37126,0.012112,172.31.47.0-255,66,179731,87,333401
37127,0.014059,74.125.24.0-255,2902,182633,87,333401
37128,0.014066,172.31.47.0-255,66,182699,87,333401
37129,0.014116,74.125.24.0-255,2902,185601,87,333401
37130,0.01412,172.31.47.0-255,66,185667,87,333401
37131,0.016059,74.125.24.0-255,2902,188569,87,333401
37132,0.016065,172.31.47.0-255,66,188635,87,333401
37133,0.016153,74.125.24.0-255,2902,191537,87,333401
37134,0.016157,172.31.47.0-255,66,191603,87,333401
37135,0.018082,74.125.24.0-255,2902,194505,87,333401
37136,0.01809,172.31.47.0-255,66,194571,87,333401
37137,0.018163,74.125.24.0-255,2902,197473,87,333401
37138,0.018167,172.31.47.0-255,66,197539,87,333401
37139,0.020083,74.125.24.0-255,2902,200441,87,333401
37140,0.020088,172.31.47.0-255,66,200507,87,333401
37141,0.020135,74.125.24.0-255,2902,203409,87,333401
37142,0.020138,172.31.47.0-255,66,203475,87,333401
37143,0.022074,74.125.24.0-255,2902,206377,87,333401
37144,0.022082,172.31.47.0-255,66,206443,87,333401
37145,0.022114,74.125.24.0-255,2902,209345,87,333401
37146,0.022117,172.31.47.0-255,66,209411,87,333401
37147,0.02331,172.31.47.0-255,172,209583,87,333401
37148,0.023341,172.31.47.0-255,1107,210690,87,333401
37149,0.023379,172.31.47.0-255,1514,212204,87,333401
37150,0.023381,172.31.47.0-255,1297,213501,87,333401
37151,0.024123,74.125.24.0-255,5738,219239,87,333401
37152,0.02413,172.31.47.0-255,66,219305,87,333401
37153,0.024871,104.244.42.0-255,66,219371,87,333401
37154,0.02505,104.244.42.0-255,66,219437,87,333401
37155,0.025055,104.244.42.0-255,66,219503,87,333401
37156,0.026132,74.125.24.0-255,5738,225241,87,333401
37157,0.026138,172.31.47.0-255,66,225307,87,333401
37158,0.028143,74.125.24.0-255,5738,231045,87,333401
37159,0.028148,172.31.47.0-255,66,231111,87,333401
37160,0.030169,74.125.24.0-255,4320,235431,87,333401
37161,0.030174,172.31.47.0-255,66,235497,87,333401
37162,0.030203,74.125.24.0-255,1484,236981,87,333401
37163,0.032177,74.125.24.0-255,4320,241301,87,333401
37164,0.032182,172.31.47.0-255,66,241367,87,333401
37165,0.034179,74.125.24.0-255,5738,247105,87,333401
37166,0.034184,172.31.47.0-255,66,247171,87,333401
37167,0.036183,74.125.24.0-255,4320,251491,87,333401
37168,0.036187,172.31.47.0-255,66,251557,87,333401
37169,0.036217,74.125.24.0-255,1484,253041,87,333401
37170,0.0382,74.125.24.0-255,4320,257361,87,333401
37171,0.038204,172.31.47.0-255,66,257427,87,333401
37172,0.040206,74.125.24.0-255,4320,261747,87,333401
37173,0.04021,172.31.47.0-255,66,261813,87,333401
37174,0.040236,74.125.24.0-255,1484,263297,87,333401
37175,0.042233,74.125.24.0-255,4320,267617,87,333401
37176,0.042238,172.31.47.0-255,66,267683,87,333401
37177,0.044248,74.125.24.0-255,4320,272003,87,333401
37178,0.044253,172.31.47.0-255,66,272069,87,333401
37179,0.044283,74.125.24.0-255,1484,273553,87,333401
37180,0.046263,74.125.24.0-255,4320,277873,87,333401
37181,0.046267,172.31.47.0-255,66,277939,87,333401
37182,0.048278,74.125.24.0-255,5738,283677,87,333401
37183,0.048283,172.31.47.0-255,66,283743,87,333401
37184,0.050269,74.125.24.0-255,5738,289481,87,333401
37185,0.050275,172.31.47.0-255,66,289547,87,333401
37186,0.052283,74.125.24.0-255,5738,295285,87,333401
37187,0.052288,172.31.47.0-255,66,295351,87,333401
37188,0.054297,74.125.24.0-255,5738,301089,87,333401
37189,0.054302,172.31.47.0-255,66,301155,87,333401
37190,0.056312,74.125.24.0-255,5738,306893,87,333401
37191,0.056316,172.31.47.0-255,66,306959,87,333401
37192,0.058322,74.125.24.0-255,5738,312697,87,333401
37193,0.058328,172.31.47.0-255,66,312763,87,333401
37194,0.060312,74.125.24.0-255,5738,318501,87,333401
37195,0.060316,172.31.47.0-255,66,318567,87,333401
37196,0.062355,74.125.24.0-255,5738,324305,87,333401
37197,0.06236,172.31.47.0-255,66,324371,87,333401
37198,0.064379,74.125.24.0-255,5738,330109,87,333401
37199,0.064384,172.31.47.0-255,66,330175,87,333401
37200,0.066399,74.125.24.0-255,2989,333164,87,333401
37201,0.066404,172.31.47.0-255,66,333230,87,333401
37202,0.066571,172.31.47.0-255,105,333335,87,333401
37203,0.06852,74.125.24.0-255,66,333401,87,333401
37204,0.0,74.125.68.0-255,153,153,87,368020
37205,2.5e-05,172.31.47.0-255,66,219,87,368020
37206,3.1e-05,74.125.68.0-255,1484,1703,87,368020
37207,3.5e-05,172.31.47.0-255,66,1769,87,368020
37208,3.9e-05,74.125.68.0-255,2902,4671,87,368020
37209,4.1e-05,172.31.47.0-255,66,4737,87,368020
37210,4.4e-05,74.125.68.0-255,1484,6221,87,368020
37211,5.2e-05,172.31.47.0-255,66,6287,87,368020
37212,8e-05,74.125.68.0-255,2902,9189,87,368020
37213,8.3e-05,172.31.47.0-255,66,9255,87,368020
37214,9e-05,74.125.68.0-255,4936,14191,87,368020
37215,9.2e-05,172.31.47.0-255,66,14257,87,368020
37216,0.00018,74.125.68.0-255,1484,15741,87,368020
37217,0.000184,172.31.47.0-255,66,15807,87,368020
37218,0.000188,74.125.68.0-255,1484,17291,87,368020
37219,0.000189,172.31.47.0-255,66,17357,87,368020
37220,0.000202,74.125.68.0-255,1484,18841,87,368020
37221,0.000204,172.31.47.0-255,66,18907,87,368020
37222,0.00022,74.125.68.0-255,4320,23227,87,368020
37223,0.000226,172.31.47.0-255,66,23293,87,368020
37224,0.000252,74.125.68.0-255,5738,29031,87,368020
37225,0.000255,172.31.47.0-255,66,29097,87,368020
37226,0.000258,74.125.68.0-255,2543,31640,87,368020
37227,0.00026,172.31.47.0-255,66,31706,87,368020
37228,0.000442,74.125.68.0-255,1484,33190,87,368020
37229,0.000446,172.31.47.0-255,66,33256,87,368020
37230,0.000474,74.125.68.0-255,2902,36158,87,368020
37231,0.000476,172.31.47.0-255,66,36224,87,368020
37232,0.000481,74.125.68.0-255,5738,41962,87,368020
37233,0.000483,172.31.47.0-255,66,42028,87,368020
37234,0.000529,74.125.68.0-255,6797,48825,87,368020
37235,0.000534,172.31.47.0-255,66,48891,87,368020
37236,0.000554,74.125.68.0-255,1484,50375,87,368020
37237,0.000576,74.125.68.0-255,5738,56113,87,368020
37238,0.000579,172.31.47.0-255,66,56179,87,368020
37239,0.000583,74.125.68.0-255,2902,59081,87,368020
37240,0.000584,172.31.47.0-255,66,59147,87,368020
37241,0.000589,74.125.68.0-255,4320,63467,87,368020
37242,0.000595,172.31.47.0-255,66,63533,87,368020
37243,0.000635,74.125.68.0-255,2543,66076,87,368020
37244,0.000638,172.31.47.0-255,66,66142,87,368020
37245,0.000641,74.125.68.0-255,401,66543,87,368020
37246,0.000673,74.125.68.0-255,110,66653,87,368020
37247,0.00077,172.31.47.0-255,66,66719,87,368020
37248,0.000796,74.125.68.0-255,331,67050,87,368020
37249,0.00081,172.31.47.0-255,66,67116,87,368020
37250,0.001218,74.125.68.0-255,1484,68600,87,368020
37251,0.001228,74.125.68.0-255,1484,70084,87,368020
37252,0.001232,172.31.47.0-255,66,70150,87,368020
37253,0.001258,74.125.68.0-255,1484,71634,87,368020
37254,0.001264,74.125.68.0-255,5738,77372,87,368020
37255,0.001267,172.31.47.0-255,66,77438,87,368020
37256,0.001271,74.125.68.0-255,2902,80340,87,368020
37257,0.001273,172.31.47.0-255,66,80406,87,368020
37258,0.001278,74.125.68.0-255,4320,84726,87,368020
37259,0.001285,172.31.47.0-255,66,84792,87,368020
37260,0.001327,172.31.47.0-255,66,84858,87,368020
37261,0.001332,74.125.68.0-255,4320,89178,87,368020
37262,0.001334,172.31.47.0-255,66,89244,87,368020
37263,0.001363,74.125.68.0-255,3602,92846,87,368020
37264,0.001365,172.31.47.0-255,66,92912,87,368020
37265,0.002006,74.125.68.0-255,1484,94396,87,368020
37266,0.002027,74.125.68.0-255,1484,95880,87,368020
37267,0.002031,172.31.47.0-255,66,95946,87,368020
37268,0.002056,74.125.68.0-255,1484,97430,87,368020
37269,0.002062,74.125.68.0-255,4320,101750,87,368020
37270,0.002064,172.31.47.0-255,66,101816,87,368020
37271,0.00207,74.125.68.0-255,5738,107554,87,368020
37272,0.002072,172.31.47.0-255,66,107620,87,368020
37273,0.002084,172.31.47.0-255,66,107686,87,368020
37274,0.002111,74.125.68.0-255,1484,109170,87,368020
37275,0.002123,74.125.68.0-255,4320,113490,87,368020
37276,0.002125,172.31.47.0-255,66,113556,87,368020
37277,0.002149,74.125.68.0-255,3602,117158,87,368020
37278,0.002152,172.31.47.0-255,66,117224,87,368020
37279,0.004388,74.125.68.0-255,1484,118708,87,368020
37280,0.004407,74.125.68.0-255,1484,120192,87,368020
37281,0.00441,172.31.47.0-255,66,120258,87,368020
37282,0.004431,74.125.68.0-255,2902,123160,87,368020
37283,0.004434,172.31.47.0-255,66,123226,87,368020
37284,0.006689,74.125.68.0-255,2902,126128,87,368020
37285,0.006695,172.31.47.0-255,66,126194,87,368020
37286,0.006723,74.125.68.0-255,2902,129096,87,368020
37287,0.006728,172.31.47.0-255,66,129162,87,368020
37288,0.00897,74.125.68.0-255,2902,132064,87,368020
37289,0.008977,172.31.47.0-255,66,132130,87,368020
37290,0.009009,74.125.68.0-255,2902,135032,87,368020
37291,0.009013,172.31.47.0-255,66,135098,87,368020
37292,0.01127,74.125.68.0-255,2902,138000,87,368020
37293,0.011284,172.31.47.0-255,66,138066,87,368020
37294,0.011324,74.125.68.0-255,2902,140968,87,368020
37295,0.011328,172.31.47.0-255,66,141034,87,368020
37296,0.01356,74.125.68.0-255,2902,143936,87,368020
37297,0.013568,172.31.47.0-255,66,144002,87,368020
37298,0.013607,74.125.68.0-255,2902,146904,87,368020
37299,0.013611,172.31.47.0-255,66,146970,87,368020
37300,0.015843,74.125.68.0-255,2902,149872,87,368020
37301,0.015848,172.31.47.0-255,66,149938,87,368020
37302,0.015925,74.125.68.0-255,2902,152840,87,368020
37303,0.015928,172.31.47.0-255,66,152906,87,368020
37304,0.018133,74.125.68.0-255,2902,155808,87,368020
37305,0.018139,172.31.47.0-255,66,155874,87,368020
37306,0.018191,74.125.68.0-255,2902,158776,87,368020
37307,0.018195,172.31.47.0-255,66,158842,87,368020
37308,0.020409,74.125.68.0-255,2902,161744,87,368020
37309,0.020415,172.31.47.0-255,66,161810,87,368020
37310,0.020471,74.125.68.0-255,2902,164712,87,368020
37311,0.020476,172.31.47.0-255,66,164778,87,368020
37312,0.022691,74.125.68.0-255,2902,167680,87,368020
37313,0.022696,172.31.47.0-255,66,167746,87,368020
37314,0.02274,74.125.68.0-255,1484,169230,87,368020
37315,0.022751,74.125.68.0-255,1484,170714,87,368020
37316,0.022753,172.31.47.0-255,66,170780,87,368020
37317,0.024029,172.31.47.0-255,172,170952,87,368020
37318,0.024058,172.31.47.0-255,1103,172055,87,368020
37319,0.024088,172.31.47.0-255,1514,173569,87,368020
37320,0.02409,172.31.47.0-255,1301,174870,87,368020
37321,0.024968,74.125.68.0-255,2902,177772,87,368020
37322,0.024973,172.31.47.0-255,66,177838,87,368020
37323,0.025067,74.125.68.0-255,1484,179322,87,368020
37324,0.02508,74.125.68.0-255,1484,180806,87,368020
37325,0.025083,172.31.47.0-255,66,180872,87,368020
37326,0.025537,104.244.42.0-255,66,180938,87,368020
37327,0.025596,104.244.42.0-255,66,181004,87,368020
37328,0.025621,104.244.42.0-255,66,181070,87,368020
37329,0.027255,74.125.68.0-255,2902,183972,87,368020
37330,0.027259,172.31.47.0-255,66,184038,87,368020
37331,0.027368,74.125.68.0-255,2902,186940,87,368020
37332,0.027373,172.31.47.0-255,66,187006,87,368020
37333,0.029554,74.125.68.0-255,2902,189908,87,368020
37334,0.029559,172.31.47.0-255,66,189974,87,368020
37335,0.029665,74.125.68.0-255,2902,192876,87,368020
37336,0.02967,172.31.47.0-255,66,192942,87,368020
37337,0.031832,74.125.68.0-255,2902,195844,87,368020
37338,0.031838,172.31.47.0-255,66,195910,87,368020
37339,0.031928,74.125.68.0-255,1484,197394,87,368020
37340,0.031943,74.125.68.0-255,1484,198878,87,368020
37341,0.031946,172.31.47.0-255,66,198944,87,368020
37342,0.034115,74.125.68.0-255,2902,201846,87,368020
37343,0.03412,172.31.47.0-255,66,201912,87,368020
37344,0.034213,74.125.68.0-255,2902,204814,87,368020
37345,0.034217,172.31.47.0-255,66,204880,87,368020
37346,0.036386,74.125.68.0-255,2902,207782,87,368020
37347,0.036392,172.31.47.0-255,66,207848,87,368020
37348,0.036492,74.125.68.0-255,2902,210750,87,368020
37349,0.036497,172.31.47.0-255,66,210816,87,368020
37350,0.038692,74.125.68.0-255,2902,213718,87,368020
37351,0.038698,172.31.47.0-255,66,213784,87,368020
37352,0.038773,74.125.68.0-255,2902,216686,87,368020
37353,0.038776,172.31.47.0-255,66,216752,87,368020
37354,0.040972,74.125.68.0-255,2902,219654,87,368020
37355,0.040978,172.31.47.0-255,66,219720,87,368020
37356,0.041063,74.125.68.0-255,2902,222622,87,368020
37357,0.041068,172.31.47.0-255,66,222688,87,368020
37358,0.043262,74.125.68.0-255,2902,225590,87,368020
37359,0.043267,172.31.47.0-255,66,225656,87,368020
37360,0.043354,74.125.68.0-255,2902,228558,87,368020
37361,0.043358,172.31.47.0-255,66,228624,87,368020
37362,0.045576,74.125.68.0-255,2902,231526,87,368020
37363,0.04558,172.31.47.0-255,66,231592,87,368020
37364,0.045628,74.125.68.0-255,1484,233076,87,368020
37365,0.045643,74.125.68.0-255,1484,234560,87,368020
37366,0.045645,172.31.47.0-255,66,234626,87,368020
37367,0.047858,74.125.68.0-255,2902,237528,87,368020
37368,0.047863,172.31.47.0-255,66,237594,87,368020
37369,0.047909,74.125.68.0-255,2902,240496,87,368020
37370,0.047912,172.31.47.0-255,66,240562,87,368020
37371,0.050155,74.125.68.0-255,2902,243464,87,368020
37372,0.050174,172.31.47.0-255,66,243530,87,368020
37373,0.050211,74.125.68.0-255,2902,246432,87,368020
37374,0.050214,172.31.47.0-255,66,246498,87,368020
37375,0.052462,74.125.68.0-255,2902,249400,87,368020
37376,0.052475,172.31.47.0-255,66,249466,87,368020
37377,0.052507,74.125.68.0-255,2902,252368,87,368020
37378,0.052509,172.31.47.0-255,66,252434,87,368020
37379,0.054775,74.125.68.0-255,5738,258172,87,368020
37380,0.054789,172.31.47.0-255,66,258238,87,368020
37381,0.05709,74.125.68.0-255,5738,263976,87,368020
37382,0.057109,172.31.47.0-255,66,264042,87,368020
37383,0.05941,74.125.68.0-255,5738,269780,87,368020
37384,0.059428,172.31.47.0-255,66,269846,87,368020
37385,0.061731,74.125.68.0-255,5738,275584,87,368020
37386,0.06175,172.31.47.0-255,66,275650,87,368020
37387,0.064054,74.125.68.0-255,5738,281388,87,368020
37388,0.064071,172.31.47.0-255,66,281454,87,368020
37389,0.066367,74.125.68.0-255,5738,287192,87,368020
37390,0.066383,172.31.47.0-255,66,287258,87,368020
37391,0.068692,74.125.68.0-255,5738,292996,87,368020
37392,0.068708,172.31.47.0-255,66,293062,87,368020
37393,0.070977,74.125.68.0-255,5738,298800,87,368020
37394,0.070982,172.31.47.0-255,66,298866,87,368020
37395,0.07326,74.125.68.0-255,5738,304604,87,368020
37396,0.073264,172.31.47.0-255,66,304670,87,368020
37397,0.075538,74.125.68.0-255,5738,310408,87,368020
37398,0.075543,172.31.47.0-255,66,310474,87,368020
37399,0.077814,74.125.68.0-255,5738,316212,87,368020
37400,0.077818,172.31.47.0-255,66,316278,87,368020
37401,0.080093,74.125.68.0-255,5738,322016,87,368020
37402,0.080111,172.31.47.0-255,66,322082,87,368020
37403,0.082379,74.125.68.0-255,4320,326402,87,368020
37404,0.082383,172.31.47.0-255,66,326468,87,368020
37405,0.082414,74.125.68.0-255,1484,327952,87,368020
37406,0.084667,74.125.68.0-255,4320,332272,87,368020
37407,0.084672,172.31.47.0-255,66,332338,87,368020
37408,0.086946,74.125.68.0-255,2902,335240,87,368020
37409,0.08695,172.31.47.0-255,66,335306,87,368020
37410,0.086978,74.125.68.0-255,2902,338208,87,368020
37411,0.086981,172.31.47.0-255,66,338274,87,368020
37412,0.089257,74.125.68.0-255,2902,341176,87,368020
37413,0.089262,172.31.47.0-255,66,341242,87,368020
37414,0.089294,74.125.68.0-255,2902,344144,87,368020
37415,0.089297,172.31.47.0-255,66,344210,87,368020
37416,0.091533,74.125.68.0-255,2902,347112,87,368020
37417,0.091537,172.31.47.0-255,66,347178,87,368020
37418,0.091564,74.125.68.0-255,1484,348662,87,368020
37419,0.091577,74.125.68.0-255,1484,350146,87,368020
37420,0.09158,172.31.47.0-255,66,350212,87,368020
37421,0.093807,74.125.68.0-255,2902,353114,87,368020
37422,0.093811,172.31.47.0-255,66,353180,87,368020
37423,0.093849,74.125.68.0-255,2902,356082,87,368020
37424,0.093853,172.31.47.0-255,66,356148,87,368020
37425,0.096093,74.125.68.0-255,2902,359050,87,368020
37426,0.096098,172.31.47.0-255,66,359116,87,368020
37427,0.09614,74.125.68.0-255,2902,362018,87,368020
37428,0.096144,172.31.47.0-255,66,362084,87,368020
37429,0.098579,74.125.68.0-255,2902,364986,87,368020
37430,0.098584,172.31.47.0-255,66,365052,87,368020
37431,0.098602,74.125.68.0-255,2902,367954,87,368020
37432,0.098605,172.31.47.0-255,66,368020,87,368020
37433,0.0,74.125.68.0-255,153,153,87,361470
37434,2.9e-05,172.31.47.0-255,66,219,87,361470
37435,3.6e-05,74.125.68.0-255,1484,1703,87,361470
37436,4e-05,172.31.47.0-255,66,1769,87,361470
37437,5.3e-05,74.125.68.0-255,2902,4671,87,361470
37438,5.5e-05,172.31.47.0-255,66,4737,87,361470
37439,9e-05,74.125.68.0-255,7156,11893,87,361470
37440,9.4e-05,172.31.47.0-255,66,11959,87,361470
37441,0.000106,74.125.68.0-255,2902,14861,87,361470
37442,0.000108,172.31.47.0-255,66,14927,87,361470
37443,0.000128,74.125.68.0-255,5054,19981,87,361470
37444,0.00013,172.31.47.0-255,66,20047,87,361470
37445,0.000136,74.125.68.0-255,7156,27203,87,361470
37446,0.000137,172.31.47.0-255,66,27269,87,361470
37447,0.000173,74.125.68.0-255,2902,30171,87,361470
37448,0.000175,172.31.47.0-255,66,30237,87,361470
37449,0.000191,74.125.68.0-255,1125,31362,87,361470
37450,0.000193,172.31.47.0-255,66,31428,87,361470
37451,0.000309,74.125.68.0-255,1484,32912,87,361470
37452,0.000313,172.31.47.0-255,66,32978,87,361470
37453,0.000323,74.125.68.0-255,1484,34462,87,361470
37454,0.000327,172.31.47.0-255,66,34528,87,361470
37455,0.000334,74.125.68.0-255,1484,36012,87,361470
37456,0.000336,172.31.47.0-255,66,36078,87,361470
37457,0.000343,74.125.68.0-255,4320,40398,87,361470
37458,0.000345,172.31.47.0-255,66,40464,87,361470
37459,0.000386,74.125.68.0-255,5738,46202,87,361470
37460,0.000392,172.31.47.0-255,66,46268,87,361470
37461,0.000396,74.125.68.0-255,2543,48811,87,361470
37462,0.000398,172.31.47.0-255,66,48877,87,361470
37463,0.000403,74.125.68.0-255,4320,53197,87,361470
37464,0.000405,172.31.47.0-255,66,53263,87,361470
37465,0.000421,74.125.68.0-255,4320,57583,87,361470
37466,0.000424,74.125.68.0-255,1484,59067,87,361470
37467,0.000425,172.31.47.0-255,66,59133,87,361470
37468,0.000452,74.125.68.0-255,6797,65930,87,361470
37469,0.000458,172.31.47.0-255,66,65996,87,361470
37470,0.00123,74.125.68.0-255,646,66642,87,361470
37471,0.001379,74.125.68.0-255,1484,68126,87,361470
37472,0.001382,172.31.47.0-255,66,68192,87,361470
37473,0.001388,74.125.68.0-255,2902,71094,87,361470
37474,0.001398,74.125.68.0-255,1484,72578,87,361470
37475,0.001415,74.125.68.0-255,4320,76898,87,361470
37476,0.001433,74.125.68.0-255,1484,78382,87,361470
37477,0.00146,74.125.68.0-255,4320,82702,87,361470
37478,0.001472,74.125.68.0-255,1484,84186,87,361470
37479,0.001494,74.125.68.0-255,2902,87088,87,361470
37480,0.001506,74.125.68.0-255,2184,89272,87,361470
37481,0.005581,172.31.47.0-255,66,89338,87,361470
37482,0.007562,74.125.68.0-255,5738,95076,87,361470
37483,0.007569,172.31.47.0-255,66,95142,87,361470
37484,0.009557,74.125.68.0-255,5738,100880,87,361470
37485,0.01122,172.31.47.0-255,66,100946,87,361470
37486,0.013214,74.125.68.0-255,5738,106684,87,361470
37487,0.013225,172.31.47.0-255,66,106750,87,361470
37488,0.01521,74.125.68.0-255,5738,112488,87,361470
37489,0.015215,172.31.47.0-255,66,112554,87,361470
37490,0.017202,74.125.68.0-255,5738,118292,87,361470
37491,0.017284,172.31.47.0-255,66,118358,87,361470
37492,0.019264,74.125.68.0-255,5738,124096,87,361470
37493,0.01927,172.31.47.0-255,66,124162,87,361470
37494,0.021044,172.31.47.0-255,172,124334,87,361470
37495,0.021073,172.31.47.0-255,1107,125441,87,361470
37496,0.021101,172.31.47.0-255,1514,126955,87,361470
37497,0.021102,172.31.47.0-255,1297,128252,87,361470
37498,0.021235,74.125.68.0-255,5738,133990,87,361470
37499,0.02124,172.31.47.0-255,66,134056,87,361470
37500,0.022616,104.244.42.0-255,66,134122,87,361470
37501,0.022624,104.244.42.0-255,66,134188,87,361470
37502,0.022664,104.244.42.0-255,66,134254,87,361470
37503,0.023219,74.125.68.0-255,5738,139992,87,361470
37504,0.023225,172.31.47.0-255,66,140058,87,361470
37505,0.025207,74.125.68.0-255,5738,145796,87,361470
37506,0.025212,172.31.47.0-255,66,145862,87,361470
37507,0.027184,74.125.68.0-255,5738,151600,87,361470
37508,0.027189,172.31.47.0-255,66,151666,87,361470
37509,0.02917,74.125.68.0-255,5738,157404,87,361470
37510,0.029175,172.31.47.0-255,66,157470,87,361470
37511,0.031155,74.125.68.0-255,5738,163208,87,361470
37512,0.03116,172.31.47.0-255,66,163274,87,361470
37513,0.033142,74.125.68.0-255,5738,169012,87,361470
37514,0.033148,172.31.47.0-255,66,169078,87,361470
37515,0.03516,74.125.68.0-255,5738,174816,87,361470
37516,0.035166,172.31.47.0-255,66,174882,87,361470
37517,0.037137,74.125.68.0-255,5738,180620,87,361470
37518,0.037142,172.31.47.0-255,66,180686,87,361470
37519,0.039115,74.125.68.0-255,5738,186424,87,361470
37520,0.039119,172.31.47.0-255,66,186490,87,361470
37521,0.041122,74.125.68.0-255,5738,192228,87,361470
37522,0.041127,172.31.47.0-255,66,192294,87,361470
37523,0.043102,74.125.68.0-255,5738,198032,87,361470
37524,0.043108,172.31.47.0-255,66,198098,87,361470
37525,0.04508,74.125.68.0-255,2902,201000,87,361470
37526,0.045085,172.31.47.0-255,66,201066,87,361470
37527,0.045119,74.125.68.0-255,2902,203968,87,361470
37528,0.045143,172.31.47.0-255,66,204034,87,361470
37529,0.047066,74.125.68.0-255,2902,206936,87,361470
37530,0.047071,172.31.47.0-255,66,207002,87,361470
37531,0.047119,74.125.68.0-255,2902,209904,87,361470
37532,0.047126,172.31.47.0-255,66,209970,87,361470
37533,0.049035,74.125.68.0-255,2902,212872,87,361470
37534,0.049041,172.31.47.0-255,66,212938,87,361470
37535,0.049085,74.125.68.0-255,1484,214422,87,361470
37536,0.049097,74.125.68.0-255,1484,215906,87,361470
37537,0.049122,172.31.47.0-255,66,215972,87,361470
37538,0.050998,74.125.68.0-255,2902,218874,87,361470
37539,0.051004,172.31.47.0-255,66,218940,87,361470
37540,0.051091,74.125.68.0-255,2902,221842,87,361470
37541,0.051099,172.31.47.0-255,66,221908,87,361470
37542,0.05298,74.125.68.0-255,2902,224810,87,361470
37543,0.052984,172.31.47.0-255,66,224876,87,361470
37544,0.053062,74.125.68.0-255,2902,227778,87,361470
37545,0.054344,172.31.47.0-255,66,227844,87,361470
37546,0.054963,74.125.68.0-255,2902,230746,87,361470
37547,0.054969,172.31.47.0-255,66,230812,87,361470
37548,0.056313,74.125.68.0-255,2902,233714,87,361470
37549,0.056318,172.31.47.0-255,66,233780,87,361470
37550,0.056925,74.125.68.0-255,2902,236682,87,361470
37551,0.056929,172.31.47.0-255,66,236748,87,361470
37552,0.058287,74.125.68.0-255,2902,239650,87,361470
37553,0.058291,172.31.47.0-255,66,239716,87,361470
37554,0.058906,74.125.68.0-255,2902,242618,87,361470
37555,0.058911,172.31.47.0-255,66,242684,87,361470
37556,0.060261,74.125.68.0-255,2902,245586,87,361470
37557,0.06069,172.31.47.0-255,66,245652,87,361470
37558,0.060881,74.125.68.0-255,2902,248554,87,361470
37559,0.060885,172.31.47.0-255,66,248620,87,361470
37560,0.062657,74.125.68.0-255,2902,251522,87,361470
37561,0.062662,172.31.47.0-255,66,251588,87,361470
37562,0.062845,74.125.68.0-255,2902,254490,87,361470
37563,0.06285,172.31.47.0-255,66,254556,87,361470
37564,0.064626,74.125.68.0-255,2902,257458,87,361470
37565,0.064631,172.31.47.0-255,66,257524,87,361470
37566,0.064819,74.125.68.0-255,2902,260426,87,361470
37567,0.064824,172.31.47.0-255,66,260492,87,361470
37568,0.066598,74.125.68.0-255,2902,263394,87,361470
37569,0.066602,172.31.47.0-255,66,263460,87,361470
37570,0.066793,74.125.68.0-255,2902,266362,87,361470
37571,0.066798,172.31.47.0-255,66,266428,87,361470
37572,0.068562,74.125.68.0-255,2902,269330,87,361470
37573,0.068566,172.31.47.0-255,66,269396,87,361470
37574,0.068789,74.125.68.0-255,2902,272298,87,361470
37575,0.068794,172.31.47.0-255,66,272364,87,361470
37576,0.070534,74.125.68.0-255,2902,275266,87,361470
37577,0.070538,172.31.47.0-255,66,275332,87,361470
37578,0.070782,74.125.68.0-255,2902,278234,87,361470
37579,0.070787,172.31.47.0-255,66,278300,87,361470
37580,0.07254,74.125.68.0-255,2902,281202,87,361470
37581,0.072544,172.31.47.0-255,66,281268,87,361470
37582,0.072745,74.125.68.0-255,2902,284170,87,361470
37583,0.07275,172.31.47.0-255,66,284236,87,361470
37584,0.074517,74.125.68.0-255,2902,287138,87,361470
37585,0.074522,172.31.47.0-255,66,287204,87,361470
37586,0.074711,74.125.68.0-255,2902,290106,87,361470
37587,0.074716,172.31.47.0-255,66,290172,87,361470
37588,0.076482,74.125.68.0-255,2902,293074,87,361470
37589,0.076487,172.31.47.0-255,66,293140,87,361470
37590,0.076687,74.125.68.0-255,2902,296042,87,361470
37591,0.076692,172.31.47.0-255,66,296108,87,361470
37592,0.078454,74.125.68.0-255,2902,299010,87,361470
37593,0.078457,172.31.47.0-255,66,299076,87,361470
37594,0.078652,74.125.68.0-255,2902,301978,87,361470
37595,0.078657,172.31.47.0-255,66,302044,87,361470
37596,0.080418,74.125.68.0-255,2902,304946,87,361470
37597,0.080423,172.31.47.0-255,66,305012,87,361470
37598,0.080631,74.125.68.0-255,2902,307914,87,361470
37599,0.080636,172.31.47.0-255,66,307980,87,361470
37600,0.082389,74.125.68.0-255,2902,310882,87,361470
37601,0.082394,172.31.47.0-255,66,310948,87,361470
37602,0.082593,74.125.68.0-255,2902,313850,87,361470
37603,0.082598,172.31.47.0-255,66,313916,87,361470
37604,0.084374,74.125.68.0-255,2902,316818,87,361470
37605,0.084379,172.31.47.0-255,66,316884,87,361470
37606,0.084564,74.125.68.0-255,2902,319786,87,361470
37607,0.08457,172.31.47.0-255,66,319852,87,361470
37608,0.086353,74.125.68.0-255,2902,322754,87,361470
37609,0.086358,172.31.47.0-255,66,322820,87,361470
37610,0.086525,74.125.68.0-255,2902,325722,87,361470
37611,0.087118,172.31.47.0-255,66,325788,87,361470
37612,0.088319,74.125.68.0-255,2902,328690,87,361470
37613,0.088323,172.31.47.0-255,66,328756,87,361470
37614,0.089089,74.125.68.0-255,2902,331658,87,361470
37615,0.089094,172.31.47.0-255,66,331724,87,361470
37616,0.090286,74.125.68.0-255,2902,334626,87,361470
37617,0.090291,172.31.47.0-255,66,334692,87,361470
37618,0.091051,74.125.68.0-255,1484,336176,87,361470
37619,0.091075,74.125.68.0-255,1484,337660,87,361470
37620,0.09109,172.31.47.0-255,66,337726,87,361470
37621,0.092252,74.125.68.0-255,2902,340628,87,361470
37622,0.092255,172.31.47.0-255,66,340694,87,361470
37623,0.093062,74.125.68.0-255,2902,343596,87,361470
37624,0.093067,172.31.47.0-255,66,343662,87,361470
37625,0.094233,74.125.68.0-255,2902,346564,87,361470
37626,0.094238,172.31.47.0-255,66,346630,87,361470
37627,0.095036,74.125.68.0-255,2902,349532,87,361470
37628,0.09504,172.31.47.0-255,66,349598,87,361470
37629,0.096215,74.125.68.0-255,2902,352500,87,361470
37630,0.09622,172.31.47.0-255,66,352566,87,361470
37631,0.097023,74.125.68.0-255,2902,355468,87,361470
37632,0.097028,172.31.47.0-255,66,355534,87,361470
37633,0.098195,74.125.68.0-255,2902,358436,87,361470
37634,0.0982,172.31.47.0-255,66,358502,87,361470
37635,0.098992,74.125.68.0-255,2902,361404,87,361470
37636,0.098996,172.31.47.0-255,66,361470,87,361470
37637,0.0,74.125.24.0-255,150,150,87,276724
37638,3.2e-05,172.31.47.0-255,66,216,87,276724
37639,3.9e-05,74.125.24.0-255,1484,1700,87,276724
37640,4.4e-05,172.31.47.0-255,66,1766,87,276724
37641,4.8e-05,74.125.24.0-255,2902,4668,87,276724
37642,5e-05,172.31.47.0-255,66,4734,87,276724
37643,5.7e-05,74.125.24.0-255,7156,11890,87,276724
37644,6e-05,172.31.47.0-255,66,11956,87,276724
37645,0.000102,172.31.47.0-255,66,12022,87,276724
37646,0.000106,74.125.24.0-255,2543,14565,87,276724
37647,0.000108,172.31.47.0-255,66,14631,87,276724
37648,0.000151,74.125.24.0-255,5738,20369,87,276724
37649,0.000154,172.31.47.0-255,66,20435,87,276724
37650,0.000176,74.125.24.0-255,4320,24755,87,276724
37651,0.000178,172.31.47.0-255,66,24821,87,276724
37652,0.000197,74.125.24.0-255,4320,29141,87,276724
37653,0.0002,172.31.47.0-255,66,29207,87,276724
37654,0.000226,74.125.24.0-255,2543,31750,87,276724
37655,0.000229,172.31.47.0-255,66,31816,87,276724
37656,0.000236,74.125.24.0-255,7156,38972,87,276724
37657,0.000239,172.31.47.0-255,66,39038,87,276724
37658,0.000243,74.125.24.0-255,2902,41940,87,276724
37659,0.000246,172.31.47.0-255,66,42006,87,276724
37660,0.000271,74.125.24.0-255,7131,49137,87,276724
37661,0.000274,172.31.47.0-255,66,49203,87,276724
37662,0.000277,74.125.24.0-255,110,49313,87,276724
37663,0.000279,172.31.47.0-255,66,49379,87,276724
37664,0.000542,74.125.24.0-255,330,49709,87,276724
37665,0.000546,172.31.47.0-255,66,49775,87,276724
37666,0.000664,74.125.24.0-255,1484,51259,87,276724
37667,0.000668,172.31.47.0-255,66,51325,87,276724
37668,0.000673,74.125.24.0-255,2902,54227,87,276724
37669,0.000675,172.31.47.0-255,66,54293,87,276724
37670,0.000694,74.125.24.0-255,5738,60031,87,276724
37671,0.000697,172.31.47.0-255,66,60097,87,276724
37672,0.00075,74.125.24.0-255,4320,64417,87,276724
37673,0.000754,172.31.47.0-255,66,64483,87,276724
37674,0.000764,74.125.24.0-255,1994,66477,87,276724
37675,0.000767,172.31.47.0-255,66,66543,87,276724
37676,0.00122,74.125.24.0-255,1484,68027,87,276724
37677,0.00123,74.125.24.0-255,2902,70929,87,276724
37678,0.001234,172.31.47.0-255,66,70995,87,276724
37679,0.00124,74.125.24.0-255,5738,76733,87,276724
37680,0.001241,172.31.47.0-255,66,76799,87,276724
37681,0.001244,74.125.24.0-255,1484,78283,87,276724
37682,0.001271,74.125.24.0-255,4320,82603,87,276724
37683,0.001274,172.31.47.0-255,66,82669,87,276724
37684,0.001283,172.31.47.0-255,66,82735,87,276724
37685,0.001299,74.125.24.0-255,4320,87055,87,276724
37686,0.001301,172.31.47.0-255,66,87121,87,276724
37687,0.001305,74.125.24.0-255,5020,92141,87,276724
37688,0.001307,172.31.47.0-255,66,92207,87,276724
37689,0.001643,74.125.24.0-255,1484,93691,87,276724
37690,0.001665,74.125.24.0-255,2902,96593,87,276724
37691,0.001668,172.31.47.0-255,66,96659,87,276724
37692,0.001673,74.125.24.0-255,2902,99561,87,276724
37693,0.001674,172.31.47.0-255,66,99627,87,276724
37694,0.00169,74.125.24.0-255,2902,102529,87,276724
37695,0.001691,172.31.47.0-255,66,102595,87,276724
37696,0.001697,74.125.24.0-255,7156,109751,87,276724
37697,0.001699,172.31.47.0-255,66,109817,87,276724
37698,0.001719,74.125.24.0-255,5738,115555,87,276724
37699,0.001721,172.31.47.0-255,66,115621,87,276724
37700,0.001727,74.125.24.0-255,7156,122777,87,276724
37701,0.001729,172.31.47.0-255,66,122843,87,276724
37702,0.001751,74.125.24.0-255,3602,126445,87,276724
37703,0.001753,172.31.47.0-255,66,126511,87,276724
37704,0.001947,74.125.24.0-255,1484,127995,87,276724
37705,0.001952,74.125.24.0-255,2902,130897,87,276724
37706,0.001955,172.31.47.0-255,66,130963,87,276724
37707,0.001987,74.125.24.0-255,5738,136701,87,276724
37708,0.001989,172.31.47.0-255,66,136767,87,276724
37709,0.002005,74.125.24.0-255,1484,138251,87,276724
37710,0.002027,74.125.24.0-255,7156,145407,87,276724
37711,0.002029,172.31.47.0-255,66,145473,87,276724
37712,0.002042,74.125.24.0-255,4320,149793,87,276724
37713,0.002044,172.31.47.0-255,66,149859,87,276724
37714,0.002049,74.125.24.0-255,5738,155597,87,276724
37715,0.002051,172.31.47.0-255,66,155663,87,276724
37716,0.002065,74.125.24.0-255,4320,159983,87,276724
37717,0.002067,172.31.47.0-255,66,160049,87,276724
37718,0.002069,74.125.24.0-255,766,160815,87,276724
37719,0.00214,74.125.24.0-255,1484,162299,87,276724
37720,0.002143,172.31.47.0-255,66,162365,87,276724
37721,0.002146,74.125.24.0-255,1484,163849,87,276724
37722,0.002161,74.125.24.0-255,1484,165333,87,276724
37723,0.002163,172.31.47.0-255,66,165399,87,276724
37724,0.002168,74.125.24.0-255,4320,169719,87,276724
37725,0.002169,172.31.47.0-255,66,169785,87,276724
37726,0.002183,74.125.24.0-255,1484,171269,87,276724
37727,0.002192,172.31.47.0-255,66,171335,87,276724
37728,0.002228,74.125.24.0-255,4320,175655,87,276724
37729,0.00223,172.31.47.0-255,66,175721,87,276724
37730,0.002267,172.31.47.0-255,66,175787,87,276724
37731,0.002306,172.31.47.0-255,66,175853,87,276724
37732,0.002329,172.31.47.0-255,66,175919,87,276724
37733,0.002342,172.31.47.0-255,66,175985,87,276724
37734,0.002387,172.31.47.0-255,66,176051,87,276724
37735,0.002424,172.31.47.0-255,66,176117,87,276724
37736,0.002445,172.31.47.0-255,66,176183,87,276724
37737,0.002464,74.125.24.0-255,1484,177667,87,276724
37738,0.002467,74.125.24.0-255,766,178433,87,276724
37739,0.002469,172.31.47.0-255,66,178499,87,276724
37740,0.004814,74.125.24.0-255,4320,182819,87,276724
37741,0.004818,172.31.47.0-255,66,182885,87,276724
37742,0.004836,74.125.24.0-255,1484,184369,87,276724
37743,0.007198,74.125.24.0-255,4320,188689,87,276724
37744,0.007204,172.31.47.0-255,66,188755,87,276724
37745,0.009593,74.125.24.0-255,5738,194493,87,276724
37746,0.009599,172.31.47.0-255,66,194559,87,276724
37747,0.011974,74.125.24.0-255,5738,200297,87,276724
37748,0.011984,172.31.47.0-255,66,200363,87,276724
37749,0.014334,74.125.24.0-255,5738,206101,87,276724
37750,0.014345,172.31.47.0-255,66,206167,87,276724
37751,0.01673,74.125.24.0-255,5738,211905,87,276724
37752,0.016736,172.31.47.0-255,66,211971,87,276724
37753,0.01912,74.125.24.0-255,5738,217709,87,276724
37754,0.019126,172.31.47.0-255,66,217775,87,276724
37755,0.021501,74.125.24.0-255,4320,222095,87,276724
37756,0.021507,172.31.47.0-255,66,222161,87,276724
37757,0.021529,74.125.24.0-255,1484,223645,87,276724
37758,0.023864,172.31.47.0-255,172,223817,87,276724
37759,0.023891,74.125.24.0-255,4320,228137,87,276724
37760,0.023895,172.31.47.0-255,66,228203,87,276724
37761,0.023936,172.31.47.0-255,1107,229310,87,276724
37762,0.024108,172.31.47.0-255,1514,230824,87,276724
37763,0.02411,172.31.47.0-255,1297,232121,87,276724
37764,0.025427,104.244.42.0-255,66,232187,87,276724
37765,0.025473,104.244.42.0-255,66,232253,87,276724
37766,0.025668,104.244.42.0-255,66,232319,87,276724
37767,0.026237,74.125.24.0-255,2902,235221,87,276724
37768,0.02624,172.31.47.0-255,66,235287,87,276724
37769,0.026271,74.125.24.0-255,2902,238189,87,276724
37770,0.026274,172.31.47.0-255,66,238255,87,276724
37771,0.028648,74.125.24.0-255,4320,242575,87,276724
37772,0.028652,172.31.47.0-255,66,242641,87,276724
37773,0.02868,74.125.24.0-255,1484,244125,87,276724
37774,0.030991,74.125.24.0-255,4320,248445,87,276724
37775,0.030996,172.31.47.0-255,66,248511,87,276724
37776,0.033387,74.125.24.0-255,2902,251413,87,276724
37777,0.033394,172.31.47.0-255,66,251479,87,276724
37778,0.033425,74.125.24.0-255,2902,254381,87,276724
37779,0.033428,172.31.47.0-255,66,254447,87,276724
37780,0.035735,74.125.24.0-255,2902,257349,87,276724
37781,0.035739,172.31.47.0-255,66,257415,87,276724
37782,0.035818,74.125.24.0-255,2902,260317,87,276724
37783,0.035823,172.31.47.0-255,66,260383,87,276724
37784,0.038143,74.125.24.0-255,2902,263285,87,276724
37785,0.038149,172.31.47.0-255,66,263351,87,276724
37786,0.03821,74.125.24.0-255,1484,264835,87,276724
37787,0.038231,74.125.24.0-255,1484,266319,87,276724
37788,0.038234,172.31.47.0-255,66,266385,87,276724
37789,0.040482,74.125.24.0-255,2902,269287,87,276724
37790,0.040487,172.31.47.0-255,66,269353,87,276724
37791,0.040605,74.125.24.0-255,2902,272255,87,276724
37792,0.04061,172.31.47.0-255,66,272321,87,276724
37793,0.042888,74.125.24.0-255,2902,275223,87,276724
37794,0.042892,172.31.47.0-255,66,275289,87,276724
37795,0.042974,74.125.24.0-255,1198,276487,87,276724
37796,0.043048,172.31.47.0-255,66,276553,87,276724
37797,0.043071,172.31.47.0-255,105,276658,87,276724
37798,0.045369,74.125.24.0-255,66,276724,87,276724
37799,0.0,172.217.194.0-255,143,143,87,366753
37800,1.5e-05,172.31.47.0-255,66,209,87,366753
37801,2.1e-05,172.217.194.0-255,1484,1693,87,366753
37802,2.6e-05,172.31.47.0-255,66,1759,87,366753
37803,3e-05,172.217.194.0-255,2902,4661,87,366753
37804,4.2e-05,172.31.47.0-255,66,4727,87,366753
37805,4.8e-05,172.217.194.0-255,7156,11883,87,366753
37806,5.1e-05,172.31.47.0-255,66,11949,87,366753
37807,9.1e-05,172.217.194.0-255,2067,14016,87,366753
37808,9.4e-05,172.31.47.0-255,66,14082,87,366753
37809,0.000158,172.217.194.0-255,1484,15566,87,366753
37810,0.000161,172.31.47.0-255,66,15632,87,366753
37811,0.000166,172.217.194.0-255,2902,18534,87,366753
37812,0.000169,172.31.47.0-255,66,18600,87,366753
37813,0.0002,172.217.194.0-255,5738,24338,87,366753
37814,0.000203,172.31.47.0-255,66,24404,87,366753
37815,0.000208,172.217.194.0-255,4320,28724,87,366753
37816,0.00021,172.31.47.0-255,66,28790,87,366753
37817,0.000252,172.217.194.0-255,7156,35946,87,366753
37818,0.000256,172.31.47.0-255,66,36012,87,366753
37819,0.000281,172.217.194.0-255,5379,41391,87,366753
37820,0.000284,172.31.47.0-255,66,41457,87,366753
37821,0.000288,172.217.194.0-255,2902,44359,87,366753
37822,0.00029,172.31.47.0-255,66,44425,87,366753
37823,0.000315,172.217.194.0-255,3961,48386,87,366753
37824,0.000319,172.31.47.0-255,66,48452,87,366753
37825,0.000557,172.217.194.0-255,1484,49936,87,366753
37826,0.000562,172.31.47.0-255,66,50002,87,366753
37827,0.000567,172.217.194.0-255,2902,52904,87,366753
37828,0.000569,172.31.47.0-255,66,52970,87,366753
37829,0.000574,172.217.194.0-255,2902,55872,87,366753
37830,0.000578,172.31.47.0-255,66,55938,87,366753
37831,0.000591,172.217.194.0-255,2902,58840,87,366753
37832,0.000597,172.217.194.0-255,2902,61742,87,366753
37833,0.000607,172.31.47.0-255,66,61808,87,366753
37834,0.000625,172.217.194.0-255,4540,66348,87,366753
37835,0.000631,172.31.47.0-255,66,66414,87,366753
37836,0.000637,172.217.194.0-255,1484,67898,87,366753
37837,0.000643,172.217.194.0-255,2902,70800,87,366753
37838,0.00065,172.31.47.0-255,66,70866,87,366753
37839,0.000654,172.217.194.0-255,2902,73768,87,366753
37840,0.000666,172.31.47.0-255,66,73834,87,366753
37841,0.000676,172.217.194.0-255,2902,76736,87,366753
37842,0.00068,172.31.47.0-255,66,76802,87,366753
37843,0.000729,172.31.47.0-255,66,76868,87,366753
37844,0.000734,172.217.194.0-255,3961,80829,87,366753
37845,0.000744,172.31.47.0-255,66,80895,87,366753
37846,0.000785,172.217.194.0-255,5738,86633,87,366753
37847,0.000797,172.31.47.0-255,66,86699,87,366753
37848,0.000803,172.217.194.0-255,5379,92078,87,366753
37849,0.000815,172.31.47.0-255,66,92144,87,366753
37850,0.001641,172.217.194.0-255,1484,93628,87,366753
37851,0.001649,172.217.194.0-255,1484,95112,87,366753
37852,0.001652,172.31.47.0-255,66,95178,87,366753
37853,0.001675,172.217.194.0-255,1484,96662,87,366753
37854,0.00168,172.217.194.0-255,4320,100982,87,366753
37855,0.001695,172.217.194.0-255,1484,102466,87,366753
37856,0.0017,172.217.194.0-255,5738,108204,87,366753
37857,0.001717,172.217.194.0-255,7156,115360,87,366753
37858,0.001725,172.217.194.0-255,7156,122516,87,366753
37859,0.001754,172.217.194.0-255,3602,126118,87,366753
37860,0.001889,172.217.194.0-255,1484,127602,87,366753
37861,0.001908,172.217.194.0-255,2902,130504,87,366753
37862,0.001921,172.217.194.0-255,4320,134824,87,366753
37863,0.001933,172.217.194.0-255,1484,136308,87,366753
37864,0.001942,172.217.194.0-255,2902,139210,87,366753
37865,0.001967,172.217.194.0-255,2902,142112,87,366753
37866,0.002198,172.217.194.0-255,1484,143596,87,366753
37867,0.002213,172.217.194.0-255,2902,146498,87,366753
37868,0.00223,172.217.194.0-255,2902,149400,87,366753
37869,0.002241,172.217.194.0-255,2902,152302,87,366753
37870,0.002253,172.217.194.0-255,4320,156622,87,366753
37871,0.002279,172.217.194.0-255,2902,159524,87,366753
37872,0.002299,172.217.194.0-255,5738,165262,87,366753
37873,0.002313,172.217.194.0-255,2184,167446,87,366753
37874,0.002342,172.217.194.0-255,1484,168930,87,366753
37875,0.002354,172.217.194.0-255,1484,170414,87,366753
37876,0.002356,172.217.194.0-255,1484,171898,87,366753
37877,0.00237,172.217.194.0-255,5738,177636,87,366753
37878,0.002374,172.217.194.0-255,4320,181956,87,366753
37879,0.002388,172.217.194.0-255,1484,183440,87,366753
37880,0.0024,172.217.194.0-255,2902,186342,87,366753
37881,0.002422,172.217.194.0-255,1484,187826,87,366753
37882,0.002438,172.217.194.0-255,2184,190010,87,366753
37883,0.002475,172.217.194.0-255,1484,191494,87,366753
37884,0.002478,172.217.194.0-255,2902,194396,87,366753
37885,0.002493,172.217.194.0-255,2902,197298,87,366753
37886,0.002504,172.217.194.0-255,2902,200200,87,366753
37887,0.002521,172.217.194.0-255,2902,203102,87,366753
37888,0.002536,172.217.194.0-255,4320,207422,87,366753
37889,0.002552,172.217.194.0-255,5738,213160,87,366753
37890,0.002569,172.217.194.0-255,2184,215344,87,366753
37891,0.00592,172.31.47.0-255,66,215410,87,366753
37892,0.008474,172.217.194.0-255,1484,216894,87,366753
37893,0.008498,172.217.194.0-255,4320,221214,87,366753
37894,0.008504,172.31.47.0-255,66,221280,87,366753
37895,0.011078,172.217.194.0-255,5738,227018,87,366753
37896,0.011089,172.31.47.0-255,66,227084,87,366753
37897,0.013654,172.217.194.0-255,5738,232822,87,366753
37898,0.014334,172.31.47.0-255,66,232888,87,366753
37899,0.016901,172.217.194.0-255,5738,238626,87,366753
37900,0.016909,172.31.47.0-255,66,238692,87,366753
37901,0.019504,172.217.194.0-255,5738,244430,87,366753
37902,0.019511,172.31.47.0-255,66,244496,87,366753
37903,0.022074,172.217.194.0-255,5738,250234,87,366753
37904,0.022079,172.31.47.0-255,66,250300,87,366753
37905,0.024677,172.217.194.0-255,5738,256038,87,366753
37906,0.024691,172.31.47.0-255,66,256104,87,366753
37907,0.027215,172.217.194.0-255,5738,261842,87,366753
37908,0.027223,172.31.47.0-255,66,261908,87,366753
37909,0.027571,172.31.47.0-255,166,262074,87,366753
37910,0.027601,172.31.47.0-255,1131,263205,87,366753
37911,0.027636,172.31.47.0-255,1514,264719,87,366753
37912,0.027638,172.31.47.0-255,309,265028,87,366753
37913,0.029105,104.244.42.0-255,66,265094,87,366753
37914,0.02913,104.244.42.0-255,66,265160,87,366753
37915,0.02919,104.244.42.0-255,66,265226,87,366753
37916,0.029788,172.217.194.0-255,2902,268128,87,366753
37917,0.029792,172.31.47.0-255,66,268194,87,366753
37918,0.029824,172.217.194.0-255,2902,271096,87,366753
37919,0.02984,172.31.47.0-255,66,271162,87,366753
37920,0.032334,172.217.194.0-255,2902,274064,87,366753
37921,0.032339,172.31.47.0-255,66,274130,87,366753
37922,0.032385,172.217.194.0-255,2902,277032,87,366753
37923,0.032412,172.31.47.0-255,66,277098,87,366753
37924,0.034869,172.217.194.0-255,2902,280000,87,366753
37925,0.034875,172.31.47.0-255,66,280066,87,366753
37926,0.034931,172.217.194.0-255,2902,282968,87,366753
37927,0.034949,172.31.47.0-255,66,283034,87,366753
37928,0.037398,172.217.194.0-255,2902,285936,87,366753
37929,0.037404,172.31.47.0-255,66,286002,87,366753
37930,0.037504,172.217.194.0-255,2902,288904,87,366753
37931,0.037508,172.31.47.0-255,66,288970,87,366753
37932,0.039973,172.217.194.0-255,2902,291872,87,366753
37933,0.039982,172.31.47.0-255,66,291938,87,366753
37934,0.040033,172.217.194.0-255,2902,294840,87,366753
37935,0.040044,172.31.47.0-255,66,294906,87,366753
37936,0.04256,172.217.194.0-255,2902,297808,87,366753
37937,0.042566,172.31.47.0-255,66,297874,87,366753
37938,0.042599,172.217.194.0-255,2902,300776,87,366753
37939,0.042608,172.31.47.0-255,66,300842,87,366753
37940,0.045124,172.217.194.0-255,2902,303744,87,366753
37941,0.045128,172.31.47.0-255,66,303810,87,366753
37942,0.045153,172.217.194.0-255,2902,306712,87,366753
37943,0.04518,172.31.47.0-255,66,306778,87,366753
37944,0.04767,172.217.194.0-255,2902,309680,87,366753
37945,0.047677,172.31.47.0-255,66,309746,87,366753
37946,0.047709,172.217.194.0-255,2902,312648,87,366753
37947,0.047747,172.31.47.0-255,66,312714,87,366753
37948,0.050219,172.217.194.0-255,2902,315616,87,366753
37949,0.050223,172.31.47.0-255,66,315682,87,366753
37950,0.050267,172.217.194.0-255,2902,318584,87,366753
37951,0.050295,172.31.47.0-255,66,318650,87,366753
37952,0.052791,172.217.194.0-255,2902,321552,87,366753
37953,0.052796,172.31.47.0-255,66,321618,87,366753
37954,0.052845,172.217.194.0-255,2902,324520,87,366753
37955,0.052864,172.31.47.0-255,66,324586,87,366753
37956,0.055365,172.217.194.0-255,2902,327488,87,366753
37957,0.05537,172.31.47.0-255,66,327554,87,366753
37958,0.055414,172.217.194.0-255,1484,329038,87,366753
37959,0.05543,172.217.194.0-255,1484,330522,87,366753
37960,0.055442,172.31.47.0-255,66,330588,87,366753
37961,0.057928,172.217.194.0-255,2902,333490,87,366753
37962,0.057934,172.31.47.0-255,66,333556,87,366753
37963,0.057986,172.217.194.0-255,2902,336458,87,366753
37964,0.058008,172.31.47.0-255,66,336524,87,366753
37965,0.060462,172.217.194.0-255,2902,339426,87,366753
37966,0.060469,172.31.47.0-255,66,339492,87,366753
37967,0.060515,172.217.194.0-255,2902,342394,87,366753
37968,0.060545,172.31.47.0-255,66,342460,87,366753
37969,0.063013,172.217.194.0-255,2902,345362,87,366753
37970,0.063019,172.31.47.0-255,66,345428,87,366753
37971,0.063081,172.217.194.0-255,1484,346912,87,366753
37972,0.063098,172.217.194.0-255,1484,348396,87,366753
37973,0.065569,172.217.194.0-255,2902,351298,87,366753
37974,0.066236,172.31.47.0-255,66,351364,87,366753
37975,0.068807,172.217.194.0-255,5738,357102,87,366753
37976,0.068815,172.31.47.0-255,66,357168,87,366753
37977,0.071341,172.217.194.0-255,5738,362906,87,366753
37978,0.071346,172.31.47.0-255,66,362972,87,366753
37979,0.073916,172.217.194.0-255,3544,366516,87,366753
37980,0.073921,172.31.47.0-255,66,366582,87,366753
37981,0.074053,172.31.47.0-255,105,366687,87,366753
37982,0.076561,172.217.194.0-255,66,366753,87,366753
37983,0.0,74.125.24.0-255,153,153,87,186280
37984,2.2e-05,172.31.47.0-255,66,219,87,186280
37985,2.9e-05,74.125.24.0-255,1484,1703,87,186280
37986,3.3e-05,172.31.47.0-255,66,1769,87,186280
37987,3.9e-05,74.125.24.0-255,2902,4671,87,186280
37988,5e-05,172.31.47.0-255,66,4737,87,186280
37989,5.3e-05,74.125.24.0-255,1484,6221,87,186280
37990,5.6e-05,172.31.47.0-255,66,6287,87,186280
37991,6.2e-05,74.125.24.0-255,2902,9189,87,186280
37992,6.5e-05,172.31.47.0-255,66,9255,87,186280
37993,7.2e-05,74.125.24.0-255,6231,15486,87,186280
37994,7.5e-05,172.31.47.0-255,66,15552,87,186280
37995,7.9e-05,74.125.24.0-255,2902,18454,87,186280
37996,8.2e-05,172.31.47.0-255,66,18520,87,186280
37997,0.00012,172.31.47.0-255,66,18586,87,186280
37998,0.000123,74.125.24.0-255,1125,19711,87,186280
37999,0.000125,172.31.47.0-255,66,19777,87,186280
38000,0.000257,74.125.24.0-255,1484,21261,87,186280
38001,0.000261,172.31.47.0-255,66,21327,87,186280
38002,0.000266,74.125.24.0-255,2902,24229,87,186280
38003,0.000269,172.31.47.0-255,66,24295,87,186280
38004,0.000314,74.125.24.0-255,1484,25779,87,186280
38005,0.000317,172.31.47.0-255,66,25845,87,186280
38006,0.00033,74.125.24.0-255,4320,30165,87,186280
38007,0.000337,172.31.47.0-255,66,30231,87,186280
38008,0.000345,74.125.24.0-255,6797,37028,87,186280
38009,0.000347,172.31.47.0-255,66,37094,87,186280
38010,0.000376,74.125.24.0-255,1484,38578,87,186280
38011,0.000378,172.31.47.0-255,66,38644,87,186280
38012,0.000417,172.31.47.0-255,66,38710,87,186280
38013,0.000423,74.125.24.0-255,4320,43030,87,186280
38014,0.000425,172.31.47.0-255,66,43096,87,186280
38015,0.000447,74.125.24.0-255,2853,45949,87,186280
38016,0.00045,172.31.47.0-255,66,46015,87,186280
38017,0.000453,74.125.24.0-255,380,46395,87,186280
38018,0.000546,74.125.24.0-255,1484,47879,87,186280
38019,0.000551,172.31.47.0-255,66,47945,87,186280
38020,0.000556,74.125.24.0-255,2902,50847,87,186280
38021,0.000558,172.31.47.0-255,66,50913,87,186280
38022,0.000563,74.125.24.0-255,2902,53815,87,186280
38023,0.000569,172.31.47.0-255,66,53881,87,186280
38024,0.000592,74.125.24.0-255,2902,56783,87,186280
38025,0.000595,172.31.47.0-255,66,56849,87,186280
38026,0.0006,74.125.24.0-255,2902,59751,87,186280
38027,0.000602,172.31.47.0-255,66,59817,87,186280
38028,0.000613,172.31.47.0-255,66,59883,87,186280
38029,0.000683,172.31.47.0-255,66,59949,87,186280
38030,0.000686,74.125.24.0-255,1484,61433,87,186280
38031,0.000691,74.125.24.0-255,2902,64335,87,186280
38032,0.000693,172.31.47.0-255,66,64401,87,186280
38033,0.0007,74.125.24.0-255,5738,70139,87,186280
38034,0.000702,172.31.47.0-255,66,70205,87,186280
38035,0.000734,74.125.24.0-255,7156,77361,87,186280
38036,0.000736,172.31.47.0-255,66,77427,87,186280
38037,0.000753,74.125.24.0-255,2902,80329,87,186280
38038,0.000755,172.31.47.0-255,66,80395,87,186280
38039,0.00078,74.125.24.0-255,4320,84715,87,186280
38040,0.000783,172.31.47.0-255,66,84781,87,186280
38041,0.000792,74.125.24.0-255,1484,86265,87,186280
38042,0.000802,74.125.24.0-255,7156,93421,87,186280
38043,0.000804,74.125.24.0-255,766,94187,87,186280
38044,0.000809,172.31.47.0-255,66,94253,87,186280
38045,0.000949,74.125.24.0-255,1484,95737,87,186280
38046,0.000953,172.31.47.0-255,66,95803,87,186280
38047,0.000958,74.125.24.0-255,2902,98705,87,186280
38048,0.00096,172.31.47.0-255,66,98771,87,186280
38049,0.000963,74.125.24.0-255,1484,100255,87,186280
38050,0.000992,74.125.24.0-255,4320,104575,87,186280
38051,0.000995,172.31.47.0-255,66,104641,87,186280
38052,0.001,74.125.24.0-255,4320,108961,87,186280
38053,0.001002,172.31.47.0-255,66,109027,87,186280
38054,0.001013,172.31.47.0-255,66,109093,87,186280
38055,0.001052,172.31.47.0-255,66,109159,87,186280
38056,0.00115,74.125.24.0-255,1484,110643,87,186280
38057,0.001155,74.125.24.0-255,2902,113545,87,186280
38058,0.001158,172.31.47.0-255,66,113611,87,186280
38059,0.001184,74.125.24.0-255,2902,116513,87,186280
38060,0.001186,172.31.47.0-255,66,116579,87,186280
38061,0.001191,74.125.24.0-255,4320,120899,87,186280
38062,0.001193,172.31.47.0-255,66,120965,87,186280
38063,0.001209,74.125.24.0-255,2902,123867,87,186280
38064,0.001211,172.31.47.0-255,66,123933,87,186280
38065,0.001235,74.125.24.0-255,5738,129671,87,186280
38066,0.001238,172.31.47.0-255,66,129737,87,186280
38067,0.001244,74.125.24.0-255,7156,136893,87,186280
38068,0.001246,172.31.47.0-255,66,136959,87,186280
38069,0.001279,74.125.24.0-255,2902,139861,87,186280
38070,0.001282,172.31.47.0-255,66,139927,87,186280
38071,0.001307,74.125.24.0-255,3602,143529,87,186280
38072,0.00131,172.31.47.0-255,66,143595,87,186280
38073,0.001416,74.125.24.0-255,1484,145079,87,186280
38074,0.00142,74.125.24.0-255,2902,147981,87,186280
38075,0.001424,172.31.47.0-255,66,148047,87,186280
38076,0.001454,74.125.24.0-255,5738,153785,87,186280
38077,0.001457,172.31.47.0-255,66,153851,87,186280
38078,0.001469,74.125.24.0-255,2902,156753,87,186280
38079,0.001471,172.31.47.0-255,66,156819,87,186280
38080,0.001509,172.31.47.0-255,66,156885,87,186280
38081,0.001519,172.31.47.0-255,66,156951,87,186280
38082,0.001533,74.125.24.0-255,4320,161271,87,186280
38083,0.001538,172.31.47.0-255,66,161337,87,186280
38084,0.001591,172.31.47.0-255,66,161403,87,186280
38085,0.001605,172.31.47.0-255,66,161469,87,186280
38086,0.001608,74.125.24.0-255,766,162235,87,186280
38087,0.001611,74.125.24.0-255,1484,163719,87,186280
38088,0.001613,172.31.47.0-255,66,163785,87,186280
38089,0.001681,74.125.24.0-255,4320,168105,87,186280
38090,0.001684,172.31.47.0-255,66,168171,87,186280
38091,0.001694,172.31.47.0-255,66,168237,87,186280
38092,0.001704,172.31.47.0-255,66,168303,87,186280
38093,0.001714,172.31.47.0-255,66,168369,87,186280
38094,0.00176,172.31.47.0-255,66,168435,87,186280
38095,0.001765,74.125.24.0-255,5738,174173,87,186280
38096,0.001767,172.31.47.0-255,66,174239,87,186280
38097,0.001817,172.31.47.0-255,66,174305,87,186280
38098,0.001826,172.31.47.0-255,66,174371,87,186280
38099,0.001852,74.125.24.0-255,1484,175855,87,186280
38100,0.001895,74.125.24.0-255,1484,177339,87,186280
38101,0.001901,172.31.47.0-255,66,177405,87,186280
38102,0.001936,172.31.47.0-255,66,177471,87,186280
38103,0.001972,172.31.47.0-255,66,177537,87,186280
38104,0.001976,74.125.24.0-255,4114,181651,87,186280
38105,0.001979,74.125.24.0-255,105,181756,87,186280
38106,0.002001,172.31.47.0-255,66,181822,87,186280
38107,0.004185,172.31.47.0-255,105,181927,87,186280
38108,0.006503,74.125.24.0-255,66,181993,87,186280
38109,0.028398,172.31.47.0-255,171,182164,87,186280
38110,0.028427,172.31.47.0-255,1136,183300,87,186280
38111,0.028484,172.31.47.0-255,1514,184814,87,186280
38112,0.028486,172.31.47.0-255,1268,186082,87,186280
38113,0.02989,104.244.42.0-255,66,186148,87,186280
38114,0.029914,104.244.42.0-255,66,186214,87,186280
38115,0.029991,104.244.42.0-255,66,186280,87,186280
38116,0.0,172.31.47.0-255,105,105,87,276
38117,0.073458,31.13.82.0-255,105,210,87,276
38118,0.073481,172.31.47.0-255,66,276,87,276
38119,0.0,74.125.200.0-255,153,153,87,401473
38120,1.5e-05,172.31.47.0-255,66,219,87,401473
38121,2.2e-05,74.125.200.0-255,1484,1703,87,401473
38122,2.6e-05,172.31.47.0-255,66,1769,87,401473
38123,3.1e-05,74.125.200.0-255,2902,4671,87,401473
38124,3.3e-05,172.31.47.0-255,66,4737,87,401473
38125,3.7e-05,74.125.200.0-255,2902,7639,87,401473
38126,4e-05,172.31.47.0-255,66,7705,87,401473
38127,6e-05,74.125.200.0-255,2902,10607,87,401473
38128,6.2e-05,172.31.47.0-255,66,10673,87,401473
38129,6.9e-05,74.125.200.0-255,6204,16877,87,401473
38130,7.1e-05,172.31.47.0-255,66,16943,87,401473
38131,8.5e-05,74.125.200.0-255,1484,18427,87,401473
38132,8.7e-05,172.31.47.0-255,66,18493,87,401473
38133,0.000112,172.31.47.0-255,66,18559,87,401473
38134,0.000136,74.125.200.0-255,2543,21102,87,401473
38135,0.000138,172.31.47.0-255,66,21168,87,401473
38136,0.000182,74.125.200.0-255,1484,22652,87,401473
38137,0.000184,172.31.47.0-255,66,22718,87,401473
38138,0.000198,74.125.200.0-255,2902,25620,87,401473
38139,0.0002,172.31.47.0-255,66,25686,87,401473
38140,0.000224,74.125.200.0-255,5738,31424,87,401473
38141,0.000226,172.31.47.0-255,66,31490,87,401473
38142,0.000238,74.125.200.0-255,1484,32974,87,401473
38143,0.00024,172.31.47.0-255,66,33040,87,401473
38144,0.000259,74.125.200.0-255,5379,38419,87,401473
38145,0.000261,172.31.47.0-255,66,38485,87,401473
38146,0.000475,74.125.200.0-255,1484,39969,87,401473
38147,0.000479,172.31.47.0-255,66,40035,87,401473
38148,0.000496,74.125.200.0-255,2902,42937,87,401473
38149,0.000498,172.31.47.0-255,66,43003,87,401473
38150,0.000502,74.125.200.0-255,2902,45905,87,401473
38151,0.000505,172.31.47.0-255,66,45971,87,401473
38152,0.000527,74.125.200.0-255,1484,47455,87,401473
38153,0.000541,74.125.200.0-255,2902,50357,87,401473
38154,0.000544,172.31.47.0-255,66,50423,87,401473
38155,0.000557,74.125.200.0-255,5379,55802,87,401473
38156,0.000559,172.31.47.0-255,66,55868,87,401473
38157,0.00059,74.125.200.0-255,1484,57352,87,401473
38158,0.000605,74.125.200.0-255,5738,63090,87,401473
38159,0.000608,172.31.47.0-255,66,63156,87,401473
38160,0.000637,172.31.47.0-255,66,63222,87,401473
38161,0.00064,74.125.200.0-255,1484,64706,87,401473
38162,0.000659,74.125.200.0-255,290,64996,87,401473
38163,0.000661,172.31.47.0-255,66,65062,87,401473
38164,0.00068,74.125.200.0-255,2902,67964,87,401473
38165,0.000682,172.31.47.0-255,66,68030,87,401473
38166,0.0007,74.125.200.0-255,2902,70932,87,401473
38167,0.000702,172.31.47.0-255,66,70998,87,401473
38168,0.000705,74.125.200.0-255,1484,72482,87,401473
38169,0.000729,74.125.200.0-255,2902,75384,87,401473
38170,0.000731,172.31.47.0-255,66,75450,87,401473
38171,0.000755,74.125.200.0-255,2902,78352,87,401473
38172,0.000758,172.31.47.0-255,66,78418,87,401473
38173,0.000779,74.125.200.0-255,3961,82379,87,401473
38174,0.000781,172.31.47.0-255,66,82445,87,401473
38175,0.000836,74.125.200.0-255,1484,83929,87,401473
38176,0.000839,74.125.200.0-255,1484,85413,87,401473
38177,0.000841,172.31.47.0-255,66,85479,87,401473
38178,0.000864,74.125.200.0-255,1484,86963,87,401473
38179,0.000869,74.125.200.0-255,5738,92701,87,401473
38180,0.000872,172.31.47.0-255,66,92767,87,401473
38181,0.000874,74.125.200.0-255,1484,94251,87,401473
38182,0.000902,74.125.200.0-255,4320,98571,87,401473
38183,0.000905,172.31.47.0-255,66,98637,87,401473
38184,0.000923,74.125.200.0-255,573,99210,87,401473
38185,0.001415,74.125.200.0-255,1484,100694,87,401473
38186,0.001419,172.31.47.0-255,66,100760,87,401473
38187,0.001422,74.125.200.0-255,1484,102244,87,401473
38188,0.001432,74.125.200.0-255,1484,103728,87,401473
38189,0.001434,172.31.47.0-255,66,103794,87,401473
38190,0.001463,74.125.200.0-255,1484,105278,87,401473
38191,0.001484,74.125.200.0-255,4320,109598,87,401473
38192,0.001487,172.31.47.0-255,66,109664,87,401473
38193,0.001489,74.125.200.0-255,1484,111148,87,401473
38194,0.001493,74.125.200.0-255,2902,114050,87,401473
38195,0.001495,172.31.47.0-255,66,114116,87,401473
38196,0.0015,74.125.200.0-255,4320,118436,87,401473
38197,0.001501,172.31.47.0-255,66,118502,87,401473
38198,0.001526,74.125.200.0-255,1484,119986,87,401473
38199,0.001529,74.125.200.0-255,1484,121470,87,401473
38200,0.001531,172.31.47.0-255,66,121536,87,401473
38201,0.001535,74.125.200.0-255,2902,124438,87,401473
38202,0.001537,172.31.47.0-255,66,124504,87,401473
38203,0.001557,74.125.200.0-255,4320,128824,87,401473
38204,0.001559,172.31.47.0-255,66,128890,87,401473
38205,0.00158,74.125.200.0-255,1484,130374,87,401473
38206,0.001583,74.125.200.0-255,1484,131858,87,401473
38207,0.001585,172.31.47.0-255,66,131924,87,401473
38208,0.001588,74.125.200.0-255,2184,134108,87,401473
38209,0.00159,172.31.47.0-255,66,134174,87,401473
38210,0.001749,74.125.200.0-255,1484,135658,87,401473
38211,0.001754,74.125.200.0-255,2902,138560,87,401473
38212,0.001757,172.31.47.0-255,66,138626,87,401473
38213,0.001777,74.125.200.0-255,4320,142946,87,401473
38214,0.001779,172.31.47.0-255,66,143012,87,401473
38215,0.001795,74.125.200.0-255,2902,145914,87,401473
38216,0.001797,172.31.47.0-255,66,145980,87,401473
38217,0.001824,74.125.200.0-255,5738,151718,87,401473
38218,0.001827,172.31.47.0-255,66,151784,87,401473
38219,0.001832,74.125.200.0-255,4320,156104,87,401473
38220,0.001833,172.31.47.0-255,66,156170,87,401473
38221,0.001847,74.125.200.0-255,1484,157654,87,401473
38222,0.001855,74.125.200.0-255,7156,164810,87,401473
38223,0.001857,172.31.47.0-255,66,164876,87,401473
38224,0.001877,74.125.200.0-255,3602,168478,87,401473
38225,0.001881,172.31.47.0-255,66,168544,87,401473
38226,0.001902,74.125.200.0-255,4320,172864,87,401473
38227,0.001905,172.31.47.0-255,66,172930,87,401473
38228,0.001921,74.125.200.0-255,1484,174414,87,401473
38229,0.001933,74.125.200.0-255,2902,177316,87,401473
38230,0.001936,172.31.47.0-255,66,177382,87,401473
38231,0.001961,74.125.200.0-255,5738,183120,87,401473
38232,0.001963,172.31.47.0-255,66,183186,87,401473
38233,0.001969,74.125.200.0-255,5738,188924,87,401473
38234,0.001971,172.31.47.0-255,66,188990,87,401473
38235,0.001991,74.125.200.0-255,7156,196146,87,401473
38236,0.001993,172.31.47.0-255,66,196212,87,401473
38237,0.002019,74.125.200.0-255,6438,202650,87,401473
38238,0.002021,172.31.47.0-255,66,202716,87,401473
38239,0.004018,74.125.200.0-255,5738,208454,87,401473
38240,0.004025,172.31.47.0-255,66,208520,87,401473
38241,0.006047,74.125.200.0-255,5738,214258,87,401473
38242,0.006054,172.31.47.0-255,66,214324,87,401473
38243,0.008054,74.125.200.0-255,5738,220062,87,401473
38244,0.008059,172.31.47.0-255,66,220128,87,401473
38245,0.010075,74.125.200.0-255,5738,225866,87,401473
38246,0.010084,172.31.47.0-255,66,225932,87,401473
38247,0.012097,74.125.200.0-255,5738,231670,87,401473
38248,0.012104,172.31.47.0-255,66,231736,87,401473
38249,0.014121,74.125.200.0-255,5738,237474,87,401473
38250,0.014131,172.31.47.0-255,66,237540,87,401473
38251,0.016148,74.125.200.0-255,5738,243278,87,401473
38252,0.016154,172.31.47.0-255,66,243344,87,401473
38253,0.018174,74.125.200.0-255,5738,249082,87,401473
38254,0.018184,172.31.47.0-255,66,249148,87,401473
38255,0.020199,74.125.200.0-255,4320,253468,87,401473
38256,0.020206,172.31.47.0-255,66,253534,87,401473
38257,0.020225,74.125.200.0-255,1484,255018,87,401473
38258,0.022206,74.125.200.0-255,4320,259338,87,401473
38259,0.022213,172.31.47.0-255,66,259404,87,401473
38260,0.024217,74.125.200.0-255,5738,265142,87,401473
38261,0.024224,172.31.47.0-255,66,265208,87,401473
38262,0.026236,74.125.200.0-255,5738,270946,87,401473
38263,0.026242,172.31.47.0-255,66,271012,87,401473
38264,0.028181,172.31.47.0-255,172,271184,87,401473
38265,0.02821,172.31.47.0-255,1111,272295,87,401473
38266,0.028231,74.125.200.0-255,5738,278033,87,401473
38267,0.028235,172.31.47.0-255,66,278099,87,401473
38268,0.028331,172.31.47.0-255,1514,279613,87,401473
38269,0.028332,172.31.47.0-255,1293,280906,87,401473
38270,0.029735,104.244.42.0-255,66,280972,87,401473
38271,0.029782,104.244.42.0-255,66,281038,87,401473
38272,0.029866,104.244.42.0-255,66,281104,87,401473
38273,0.030228,74.125.200.0-255,2902,284006,87,401473
38274,0.030233,172.31.47.0-255,66,284072,87,401473
38275,0.030252,74.125.200.0-255,2902,286974,87,401473
38276,0.030254,172.31.47.0-255,66,287040,87,401473
38277,0.03227,74.125.200.0-255,5738,292778,87,401473
38278,0.032276,172.31.47.0-255,66,292844,87,401473
38279,0.034304,74.125.200.0-255,5738,298582,87,401473
38280,0.034311,172.31.47.0-255,66,298648,87,401473
38281,0.03634,74.125.200.0-255,5738,304386,87,401473
38282,0.036349,172.31.47.0-255,66,304452,87,401473
38283,0.038407,74.125.200.0-255,2902,307354,87,401473
38284,0.038412,172.31.47.0-255,66,307420,87,401473
38285,0.038437,74.125.200.0-255,2902,310322,87,401473
38286,0.038441,172.31.47.0-255,66,310388,87,401473
38287,0.04042,74.125.200.0-255,2902,313290,87,401473
38288,0.040423,172.31.47.0-255,66,313356,87,401473
38289,0.040455,74.125.200.0-255,2902,316258,87,401473
38290,0.040458,172.31.47.0-255,66,316324,87,401473
38291,0.042436,74.125.200.0-255,2902,319226,87,401473
38292,0.042442,172.31.47.0-255,66,319292,87,401473
38293,0.042472,74.125.200.0-255,2902,322194,87,401473
38294,0.042476,172.31.47.0-255,66,322260,87,401473
38295,0.044446,74.125.200.0-255,2902,325162,87,401473
38296,0.044451,172.31.47.0-255,66,325228,87,401473
38297,0.04448,74.125.200.0-255,2902,328130,87,401473
38298,0.044483,172.31.47.0-255,66,328196,87,401473
38299,0.04646,74.125.200.0-255,2902,331098,87,401473
38300,0.046465,172.31.47.0-255,66,331164,87,401473
38301,0.046483,74.125.200.0-255,1484,332648,87,401473
38302,0.046502,74.125.200.0-255,1484,334132,87,401473
38303,0.046504,172.31.47.0-255,66,334198,87,401473
38304,0.048464,74.125.200.0-255,1484,335682,87,401473
38305,0.048492,74.125.200.0-255,4320,340002,87,401473
38306,0.048496,172.31.47.0-255,66,340068,87,401473
38307,0.050511,74.125.200.0-255,5738,345806,87,401473
38308,0.050516,172.31.47.0-255,66,345872,87,401473
38309,0.052523,74.125.200.0-255,5738,351610,87,401473
38310,0.052528,172.31.47.0-255,66,351676,87,401473
38311,0.054536,74.125.200.0-255,5738,357414,87,401473
38312,0.054543,172.31.47.0-255,66,357480,87,401473
38313,0.056545,74.125.200.0-255,5738,363218,87,401473
38314,0.056551,172.31.47.0-255,66,363284,87,401473
38315,0.058565,74.125.200.0-255,5738,369022,87,401473
38316,0.058571,172.31.47.0-255,66,369088,87,401473
38317,0.060593,74.125.200.0-255,5738,374826,87,401473
38318,0.060598,172.31.47.0-255,66,374892,87,401473
38319,0.062619,74.125.200.0-255,5738,380630,87,401473
38320,0.062624,172.31.47.0-255,66,380696,87,401473
38321,0.064643,74.125.200.0-255,5738,386434,87,401473
38322,0.064649,172.31.47.0-255,66,386500,87,401473
38323,0.066653,74.125.200.0-255,5738,392238,87,401473
38324,0.066658,172.31.47.0-255,66,392304,87,401473
38325,0.068672,74.125.200.0-255,5738,398042,87,401473
38326,0.068679,172.31.47.0-255,66,398108,87,401473
38327,0.07069,74.125.200.0-255,3128,401236,87,401473
38328,0.070699,172.31.47.0-255,66,401302,87,401473
38329,0.07089,172.31.47.0-255,105,401407,87,401473
38330,0.072876,74.125.200.0-255,66,401473,87,401473
38331,0.0,74.125.200.0-255,153,153,87,413013
38332,2.1e-05,172.31.47.0-255,66,219,87,413013
38333,2.8e-05,74.125.200.0-255,1484,1703,87,413013
38334,3.2e-05,172.31.47.0-255,66,1769,87,413013
38335,3.7e-05,74.125.200.0-255,2902,4671,87,413013
38336,4e-05,172.31.47.0-255,66,4737,87,413013
38337,6.6e-05,74.125.200.0-255,7156,11893,87,413013
38338,6.9e-05,172.31.47.0-255,66,11959,87,413013
38339,0.000102,74.125.200.0-255,2005,13964,87,413013
38340,0.000105,172.31.47.0-255,66,14030,87,413013
38341,0.000308,74.125.200.0-255,1484,15514,87,413013
38342,0.000313,172.31.47.0-255,66,15580,87,413013
38343,0.000319,74.125.200.0-255,2902,18482,87,413013
38344,0.000322,172.31.47.0-255,66,18548,87,413013
38345,0.000362,74.125.200.0-255,5738,24286,87,413013
38346,0.000365,172.31.47.0-255,66,24352,87,413013
38347,0.000367,74.125.200.0-255,1484,25836,87,413013
38348,0.000369,172.31.47.0-255,66,25902,87,413013
38349,0.000411,74.125.200.0-255,1484,27386,87,413013
38350,0.000414,172.31.47.0-255,66,27452,87,413013
38351,0.000428,74.125.200.0-255,2902,30354,87,413013
38352,0.000431,172.31.47.0-255,66,30420,87,413013
38353,0.000479,74.125.200.0-255,1125,31545,87,413013
38354,0.000482,172.31.47.0-255,66,31611,87,413013
38355,0.000521,74.125.200.0-255,1484,33095,87,413013
38356,0.000524,172.31.47.0-255,66,33161,87,413013
38357,0.000561,74.125.200.0-255,1484,34645,87,413013
38358,0.000564,172.31.47.0-255,66,34711,87,413013
38359,0.000584,74.125.200.0-255,2902,37613,87,413013
38360,0.000587,172.31.47.0-255,66,37679,87,413013
38361,0.000617,74.125.200.0-255,5738,43417,87,413013
38362,0.00062,172.31.47.0-255,66,43483,87,413013
38363,0.000624,74.125.200.0-255,2902,46385,87,413013
38364,0.000626,172.31.47.0-255,66,46451,87,413013
38365,0.000665,74.125.200.0-255,2543,48994,87,413013
38366,0.000668,172.31.47.0-255,66,49060,87,413013
38367,0.000699,74.125.200.0-255,2902,51962,87,413013
38368,0.000704,172.31.47.0-255,66,52028,87,413013
38369,0.000716,74.125.200.0-255,4320,56348,87,413013
38370,0.000718,172.31.47.0-255,66,56414,87,413013
38371,0.000737,74.125.200.0-255,5738,62152,87,413013
38372,0.000739,172.31.47.0-255,66,62218,87,413013
38373,0.000775,74.125.200.0-255,3961,66179,87,413013
38374,0.000777,172.31.47.0-255,66,66245,87,413013
38375,0.000865,74.125.200.0-255,647,66892,87,413013
38376,0.000908,74.125.200.0-255,1484,68376,87,413013
38377,0.000911,172.31.47.0-255,66,68442,87,413013
38378,0.000922,74.125.200.0-255,1484,69926,87,413013
38379,0.000945,74.125.200.0-255,2902,72828,87,413013
38380,0.000947,172.31.47.0-255,66,72894,87,413013
38381,0.000962,74.125.200.0-255,2902,75796,87,413013
38382,0.000965,172.31.47.0-255,66,75862,87,413013
38383,0.000981,74.125.200.0-255,2902,78764,87,413013
38384,0.000983,74.125.200.0-255,1484,80248,87,413013
38385,0.000987,74.125.200.0-255,2902,83150,87,413013
38386,0.00099,172.31.47.0-255,66,83216,87,413013
38387,0.000994,172.31.47.0-255,66,83282,87,413013
38388,0.001013,74.125.200.0-255,4320,87602,87,413013
38389,0.001016,172.31.47.0-255,66,87668,87,413013
38390,0.001035,74.125.200.0-255,1484,89152,87,413013
38391,0.001038,74.125.200.0-255,1484,90636,87,413013
38392,0.00104,172.31.47.0-255,66,90702,87,413013
38393,0.001044,74.125.200.0-255,2902,93604,87,413013
38394,0.001046,172.31.47.0-255,66,93670,87,413013
38395,0.001078,74.125.200.0-255,5738,99408,87,413013
38396,0.00108,172.31.47.0-255,66,99474,87,413013
38397,0.001084,74.125.200.0-255,2184,101658,87,413013
38398,0.001086,172.31.47.0-255,66,101724,87,413013
38399,0.0012,74.125.200.0-255,1484,103208,87,413013
38400,0.001205,74.125.200.0-255,2902,106110,87,413013
38401,0.001207,172.31.47.0-255,66,106176,87,413013
38402,0.001246,74.125.200.0-255,2902,109078,87,413013
38403,0.001248,172.31.47.0-255,66,109144,87,413013
38404,0.001271,74.125.200.0-255,4320,113464,87,413013
38405,0.001274,172.31.47.0-255,66,113530,87,413013
38406,0.001285,74.125.200.0-255,2902,116432,87,413013
38407,0.001287,172.31.47.0-255,66,116498,87,413013
38408,0.0013,74.125.200.0-255,4320,120818,87,413013
38409,0.001304,172.31.47.0-255,66,120884,87,413013
38410,0.001334,74.125.200.0-255,1484,122368,87,413013
38411,0.001348,74.125.200.0-255,4320,126688,87,413013
38412,0.00135,172.31.47.0-255,66,126754,87,413013
38413,0.001368,74.125.200.0-255,2902,129656,87,413013
38414,0.00137,172.31.47.0-255,66,129722,87,413013
38415,0.001387,74.125.200.0-255,1484,131206,87,413013
38416,0.00141,74.125.200.0-255,5020,136226,87,413013
38417,0.001414,172.31.47.0-255,66,136292,87,413013
38418,0.001475,74.125.200.0-255,1484,137776,87,413013
38419,0.001513,74.125.200.0-255,1484,139260,87,413013
38420,0.001516,172.31.47.0-255,66,139326,87,413013
38421,0.001521,74.125.200.0-255,2902,142228,87,413013
38422,0.001523,172.31.47.0-255,66,142294,87,413013
38423,0.001525,74.125.200.0-255,1484,143778,87,413013
38424,0.001537,74.125.200.0-255,1484,145262,87,413013
38425,0.001539,172.31.47.0-255,66,145328,87,413013
38426,0.001561,74.125.200.0-255,1484,146812,87,413013
38427,0.001574,74.125.200.0-255,2902,149714,87,413013
38428,0.001576,172.31.47.0-255,66,149780,87,413013
38429,0.001594,74.125.200.0-255,1484,151264,87,413013
38430,0.001597,74.125.200.0-255,1484,152748,87,413013
38431,0.001598,172.31.47.0-255,66,152814,87,413013
38432,0.001614,74.125.200.0-255,1484,154298,87,413013
38433,0.001617,74.125.200.0-255,1484,155782,87,413013
38434,0.001619,172.31.47.0-255,66,155848,87,413013
38435,0.001636,74.125.200.0-255,4320,160168,87,413013
38436,0.001639,172.31.47.0-255,66,160234,87,413013
38437,0.001645,74.125.200.0-255,7156,167390,87,413013
38438,0.001647,172.31.47.0-255,66,167456,87,413013
38439,0.001691,74.125.200.0-255,3602,171058,87,413013
38440,0.001695,172.31.47.0-255,66,171124,87,413013
38441,0.001809,74.125.200.0-255,1484,172608,87,413013
38442,0.001823,74.125.200.0-255,2902,175510,87,413013
38443,0.001831,172.31.47.0-255,66,175576,87,413013
38444,0.001863,74.125.200.0-255,4320,179896,87,413013
38445,0.001866,172.31.47.0-255,66,179962,87,413013
38446,0.001884,74.125.200.0-255,5738,185700,87,413013
38447,0.001886,172.31.47.0-255,66,185766,87,413013
38448,0.001889,74.125.200.0-255,1484,187250,87,413013
38449,0.001906,74.125.200.0-255,1484,188734,87,413013
38450,0.001908,172.31.47.0-255,66,188800,87,413013
38451,0.001939,74.125.200.0-255,4320,193120,87,413013
38452,0.001942,172.31.47.0-255,66,193186,87,413013
38453,0.001965,74.125.200.0-255,5738,198924,87,413013
38454,0.001968,172.31.47.0-255,66,198990,87,413013
38455,0.001972,74.125.200.0-255,2902,201892,87,413013
38456,0.001973,172.31.47.0-255,66,201958,87,413013
38457,0.001983,74.125.200.0-255,1484,203442,87,413013
38458,0.001995,74.125.200.0-255,2184,205626,87,413013
38459,0.001997,172.31.47.0-255,66,205692,87,413013
38460,0.002098,74.125.200.0-255,1484,207176,87,413013
38461,0.002115,74.125.200.0-255,2902,210078,87,413013
38462,0.002118,172.31.47.0-255,66,210144,87,413013
38463,0.002142,74.125.200.0-255,5738,215882,87,413013
38464,0.002145,172.31.47.0-255,66,215948,87,413013
38465,0.00215,74.125.200.0-255,4320,220268,87,413013
38466,0.002152,172.31.47.0-255,66,220334,87,413013
38467,0.002166,74.125.200.0-255,4320,224654,87,413013
38468,0.002168,172.31.47.0-255,66,224720,87,413013
38469,0.002173,74.125.200.0-255,4320,229040,87,413013
38470,0.002175,172.31.47.0-255,66,229106,87,413013
38471,0.0022,74.125.200.0-255,5738,234844,87,413013
38472,0.002203,172.31.47.0-255,66,234910,87,413013
38473,0.002208,74.125.200.0-255,5020,239930,87,413013
38474,0.00221,172.31.47.0-255,66,239996,87,413013
38475,0.002215,74.125.200.0-255,4320,244316,87,413013
38476,0.002216,172.31.47.0-255,66,244382,87,413013
38477,0.002237,74.125.200.0-255,1484,245866,87,413013
38478,0.002283,172.31.47.0-255,66,245932,87,413013
38479,0.002288,74.125.200.0-255,4320,250252,87,413013
38480,0.00229,172.31.47.0-255,66,250318,87,413013
38481,0.004525,74.125.200.0-255,1484,251802,87,413013
38482,0.004542,74.125.200.0-255,4320,256122,87,413013
38483,0.004548,172.31.47.0-255,66,256188,87,413013
38484,0.00681,74.125.200.0-255,5738,261926,87,413013
38485,0.006814,172.31.47.0-255,66,261992,87,413013
38486,0.009077,74.125.200.0-255,5738,267730,87,413013
38487,0.009082,172.31.47.0-255,66,267796,87,413013
38488,0.011338,74.125.200.0-255,5738,273534,87,413013
38489,0.011347,172.31.47.0-255,66,273600,87,413013
38490,0.013605,74.125.200.0-255,5738,279338,87,413013
38491,0.013613,172.31.47.0-255,66,279404,87,413013
38492,0.015871,74.125.200.0-255,5738,285142,87,413013
38493,0.015882,172.31.47.0-255,66,285208,87,413013
38494,0.018136,74.125.200.0-255,5738,290946,87,413013
38495,0.018143,172.31.47.0-255,66,291012,87,413013
38496,0.020399,74.125.200.0-255,5738,296750,87,413013
38497,0.020406,172.31.47.0-255,66,296816,87,413013
38498,0.022682,74.125.200.0-255,5738,302554,87,413013
38499,0.022688,172.31.47.0-255,66,302620,87,413013
38500,0.024943,74.125.200.0-255,5738,308358,87,413013
38501,0.024951,172.31.47.0-255,66,308424,87,413013
38502,0.026646,172.31.47.0-255,172,308596,87,413013
38503,0.026677,172.31.47.0-255,1112,309708,87,413013
38504,0.026741,172.31.47.0-255,1514,311222,87,413013
38505,0.026743,172.31.47.0-255,1292,312514,87,413013
38506,0.027218,74.125.200.0-255,4320,316834,87,413013
38507,0.027224,172.31.47.0-255,66,316900,87,413013
38508,0.027244,74.125.200.0-255,1484,318384,87,413013
38509,0.028191,104.244.42.0-255,66,318450,87,413013
38510,0.028237,104.244.42.0-255,66,318516,87,413013
38511,0.028291,104.244.42.0-255,66,318582,87,413013
38512,0.029495,74.125.200.0-255,4320,322902,87,413013
38513,0.0295,172.31.47.0-255,66,322968,87,413013
38514,0.031779,74.125.200.0-255,5738,328706,87,413013
38515,0.031786,172.31.47.0-255,66,328772,87,413013
38516,0.034037,74.125.200.0-255,4320,333092,87,413013
38517,0.034043,172.31.47.0-255,66,333158,87,413013
38518,0.03406,74.125.200.0-255,1484,334642,87,413013
38519,0.036302,74.125.200.0-255,4320,338962,87,413013
38520,0.036309,172.31.47.0-255,66,339028,87,413013
38521,0.038577,74.125.200.0-255,5738,344766,87,413013
38522,0.038582,172.31.47.0-255,66,344832,87,413013
38523,0.04084,74.125.200.0-255,5738,350570,87,413013
38524,0.040845,172.31.47.0-255,66,350636,87,413013
38525,0.043108,74.125.200.0-255,5738,356374,87,413013
38526,0.043117,172.31.47.0-255,66,356440,87,413013
38527,0.045392,74.125.200.0-255,5738,362178,87,413013
38528,0.045399,172.31.47.0-255,66,362244,87,413013
38529,0.047661,74.125.200.0-255,5738,367982,87,413013
38530,0.047667,172.31.47.0-255,66,368048,87,413013
38531,0.049926,74.125.200.0-255,5738,373786,87,413013
38532,0.049932,172.31.47.0-255,66,373852,87,413013
38533,0.05219,74.125.200.0-255,5738,379590,87,413013
38534,0.052198,172.31.47.0-255,66,379656,87,413013
38535,0.054476,74.125.200.0-255,5738,385394,87,413013
38536,0.054482,172.31.47.0-255,66,385460,87,413013
38537,0.056749,74.125.200.0-255,5738,391198,87,413013
38538,0.056756,172.31.47.0-255,66,391264,87,413013
38539,0.05903,74.125.200.0-255,5738,397002,87,413013
38540,0.059037,172.31.47.0-255,66,397068,87,413013
38541,0.061329,74.125.200.0-255,5738,402806,87,413013
38542,0.061335,172.31.47.0-255,66,402872,87,413013
38543,0.063597,74.125.200.0-255,5738,408610,87,413013
38544,0.063603,172.31.47.0-255,66,408676,87,413013
38545,0.065866,74.125.200.0-255,4100,412776,87,413013
38546,0.065873,172.31.47.0-255,66,412842,87,413013
38547,0.066059,172.31.47.0-255,105,412947,87,413013
38548,0.068287,74.125.200.0-255,66,413013,87,413013
38549,0.0,74.125.200.0-255,153,153,87,424705
38550,1.6e-05,172.31.47.0-255,66,219,87,424705
38551,2.3e-05,74.125.200.0-255,1484,1703,87,424705
38552,2.6e-05,172.31.47.0-255,66,1769,87,424705
38553,2.9e-05,74.125.200.0-255,1484,3253,87,424705
38554,3.1e-05,172.31.47.0-255,66,3319,87,424705
38555,6.4e-05,74.125.200.0-255,2902,6221,87,424705
38556,6.7e-05,172.31.47.0-255,66,6287,87,424705
38557,7.3e-05,74.125.200.0-255,5738,12025,87,424705
38558,7.5e-05,172.31.47.0-255,66,12091,87,424705
38559,9.3e-05,74.125.200.0-255,2012,14103,87,424705
38560,9.5e-05,172.31.47.0-255,66,14169,87,424705
38561,9.8e-05,74.125.200.0-255,1484,15653,87,424705
38562,0.0001,172.31.47.0-255,66,15719,87,424705
38563,0.00012,74.125.200.0-255,1484,17203,87,424705
38564,0.000122,172.31.47.0-255,66,17269,87,424705
38565,0.000126,74.125.200.0-255,2902,20171,87,424705
38566,0.000128,172.31.47.0-255,66,20237,87,424705
38567,0.000147,74.125.200.0-255,4320,24557,87,424705
38568,0.000149,172.31.47.0-255,66,24623,87,424705
38569,0.000176,74.125.200.0-255,1484,26107,87,424705
38570,0.000181,172.31.47.0-255,66,26173,87,424705
38571,0.000217,74.125.200.0-255,5379,31552,87,424705
38572,0.00022,172.31.47.0-255,66,31618,87,424705
38573,0.000244,74.125.200.0-255,1484,33102,87,424705
38574,0.000247,172.31.47.0-255,66,33168,87,424705
38575,0.000263,74.125.200.0-255,2902,36070,87,424705
38576,0.000265,172.31.47.0-255,66,36136,87,424705
38577,0.000276,74.125.200.0-255,1484,37620,87,424705
38578,0.000278,172.31.47.0-255,66,37686,87,424705
38579,0.000301,74.125.200.0-255,2902,40588,87,424705
38580,0.000303,172.31.47.0-255,66,40654,87,424705
38581,0.000309,74.125.200.0-255,5738,46392,87,424705
38582,0.000311,172.31.47.0-255,66,46458,87,424705
38583,0.000342,74.125.200.0-255,3961,50419,87,424705
38584,0.000344,172.31.47.0-255,66,50485,87,424705
38585,0.000347,74.125.200.0-255,1484,51969,87,424705
38586,0.000369,74.125.200.0-255,2902,54871,87,424705
38587,0.000371,172.31.47.0-255,66,54937,87,424705
38588,0.000377,74.125.200.0-255,5738,60675,87,424705
38589,0.000379,172.31.47.0-255,66,60741,87,424705
38590,0.000405,74.125.200.0-255,4320,65061,87,424705
38591,0.000406,172.31.47.0-255,66,65127,87,424705
38592,0.000409,74.125.200.0-255,1400,66527,87,424705
38593,0.00043,74.125.200.0-255,131,66658,87,424705
38594,0.000549,74.125.200.0-255,1484,68142,87,424705
38595,0.000553,172.31.47.0-255,66,68208,87,424705
38596,0.000556,74.125.200.0-255,1484,69692,87,424705
38597,0.000575,74.125.200.0-255,1484,71176,87,424705
38598,0.000578,172.31.47.0-255,66,71242,87,424705
38599,0.000584,74.125.200.0-255,5738,76980,87,424705
38600,0.000587,172.31.47.0-255,66,77046,87,424705
38601,0.000591,74.125.200.0-255,2902,79948,87,424705
38602,0.000597,74.125.200.0-255,3961,83909,87,424705
38603,0.000602,172.31.47.0-255,66,83975,87,424705
38604,0.000603,172.31.47.0-255,66,84041,87,424705
38605,0.000629,74.125.200.0-255,7156,91197,87,424705
38606,0.000632,172.31.47.0-255,66,91263,87,424705
38607,0.000649,74.125.200.0-255,1484,92747,87,424705
38608,0.000654,74.125.200.0-255,4320,97067,87,424705
38609,0.000656,172.31.47.0-255,66,97133,87,424705
38610,0.000701,74.125.200.0-255,3661,100794,87,424705
38611,0.000706,172.31.47.0-255,66,100860,87,424705
38612,0.001075,74.125.200.0-255,1484,102344,87,424705
38613,0.001095,74.125.200.0-255,2902,105246,87,424705
38614,0.001098,172.31.47.0-255,66,105312,87,424705
38615,0.001102,74.125.200.0-255,2902,108214,87,424705
38616,0.001104,172.31.47.0-255,66,108280,87,424705
38617,0.001107,74.125.200.0-255,1484,109764,87,424705
38618,0.001128,74.125.200.0-255,2902,112666,87,424705
38619,0.001131,172.31.47.0-255,66,112732,87,424705
38620,0.001144,74.125.200.0-255,1484,114216,87,424705
38621,0.001161,74.125.200.0-255,3947,118163,87,424705
38622,0.001163,172.31.47.0-255,66,118229,87,424705
38623,0.001754,74.125.200.0-255,1484,119713,87,424705
38624,0.001762,74.125.200.0-255,2902,122615,87,424705
38625,0.001766,172.31.47.0-255,66,122681,87,424705
38626,0.001787,74.125.200.0-255,1484,124165,87,424705
38627,0.001807,74.125.200.0-255,4320,128485,87,424705
38628,0.001809,172.31.47.0-255,66,128551,87,424705
38629,0.001813,74.125.200.0-255,2902,131453,87,424705
38630,0.001815,172.31.47.0-255,66,131519,87,424705
38631,0.001845,74.125.200.0-255,4320,135839,87,424705
38632,0.001847,172.31.47.0-255,66,135905,87,424705
38633,0.001884,74.125.200.0-255,5738,141643,87,424705
38634,0.001887,172.31.47.0-255,66,141709,87,424705
38635,0.00189,74.125.200.0-255,1484,143193,87,424705
38636,0.001914,74.125.200.0-255,5738,148931,87,424705
38637,0.001916,172.31.47.0-255,66,148997,87,424705
38638,0.001918,74.125.200.0-255,1484,150481,87,424705
38639,0.001922,74.125.200.0-255,2184,152665,87,424705
38640,0.001924,172.31.47.0-255,66,152731,87,424705
38641,0.002055,74.125.200.0-255,1484,154215,87,424705
38642,0.002092,74.125.200.0-255,2902,157117,87,424705
38643,0.002096,172.31.47.0-255,66,157183,87,424705
38644,0.002099,74.125.200.0-255,1484,158667,87,424705
38645,0.002123,74.125.200.0-255,4320,162987,87,424705
38646,0.002125,172.31.47.0-255,66,163053,87,424705
38647,0.002153,74.125.200.0-255,5738,168791,87,424705
38648,0.002155,172.31.47.0-255,66,168857,87,424705
38649,0.002161,74.125.200.0-255,7156,176013,87,424705
38650,0.002164,172.31.47.0-255,66,176079,87,424705
38651,0.002169,74.125.200.0-255,4320,180399,87,424705
38652,0.002171,172.31.47.0-255,66,180465,87,424705
38653,0.002224,74.125.200.0-255,5406,185871,87,424705
38654,0.002226,172.31.47.0-255,66,185937,87,424705
38655,0.004478,74.125.200.0-255,5738,191675,87,424705
38656,0.004483,172.31.47.0-255,66,191741,87,424705
38657,0.006745,74.125.200.0-255,5738,197479,87,424705
38658,0.006749,172.31.47.0-255,66,197545,87,424705
38659,0.009021,74.125.200.0-255,5738,203283,87,424705
38660,0.009032,172.31.47.0-255,66,203349,87,424705
38661,0.011312,74.125.200.0-255,5738,209087,87,424705
38662,0.011325,172.31.47.0-255,66,209153,87,424705
38663,0.013612,74.125.200.0-255,5738,214891,87,424705
38664,0.013628,172.31.47.0-255,66,214957,87,424705
38665,0.015909,74.125.200.0-255,4320,219277,87,424705
38666,0.015919,172.31.47.0-255,66,219343,87,424705
38667,0.015947,74.125.200.0-255,1484,220827,87,424705
38668,0.018177,74.125.200.0-255,4320,225147,87,424705
38669,0.018185,172.31.47.0-255,66,225213,87,424705
38670,0.020447,74.125.200.0-255,2902,228115,87,424705
38671,0.020453,172.31.47.0-255,66,228181,87,424705
38672,0.020479,74.125.200.0-255,2902,231083,87,424705
38673,0.020482,172.31.47.0-255,66,231149,87,424705
38674,0.022712,74.125.200.0-255,2902,234051,87,424705
38675,0.022718,172.31.47.0-255,66,234117,87,424705
38676,0.022746,74.125.200.0-255,2902,237019,87,424705
38677,0.022748,172.31.47.0-255,66,237085,87,424705
38678,0.024975,74.125.200.0-255,2902,239987,87,424705
38679,0.024982,172.31.47.0-255,66,240053,87,424705
38680,0.025008,74.125.200.0-255,2902,242955,87,424705
38681,0.02501,172.31.47.0-255,66,243021,87,424705
38682,0.026684,172.31.47.0-255,167,243188,87,424705
38683,0.026712,172.31.47.0-255,1113,244301,87,424705
38684,0.026765,172.31.47.0-255,1514,245815,87,424705
38685,0.026785,172.31.47.0-255,1291,247106,87,424705
38686,0.027246,74.125.200.0-255,2902,250008,87,424705
38687,0.027252,172.31.47.0-255,66,250074,87,424705
38688,0.027275,74.125.200.0-255,2902,252976,87,424705
38689,0.027278,172.31.47.0-255,66,253042,87,424705
38690,0.028255,104.244.42.0-255,66,253108,87,424705
38691,0.028292,104.244.42.0-255,66,253174,87,424705
38692,0.028341,104.244.42.0-255,66,253240,87,424705
38693,0.029513,74.125.200.0-255,1484,254724,87,424705
38694,0.029547,74.125.200.0-255,4320,259044,87,424705
38695,0.029552,172.31.47.0-255,66,259110,87,424705
38696,0.031816,74.125.200.0-255,5738,264848,87,424705
38697,0.031823,172.31.47.0-255,66,264914,87,424705
38698,0.034097,74.125.200.0-255,5738,270652,87,424705
38699,0.034103,172.31.47.0-255,66,270718,87,424705
38700,0.036367,74.125.200.0-255,5738,276456,87,424705
38701,0.036374,172.31.47.0-255,66,276522,87,424705
38702,0.038652,74.125.200.0-255,5738,282260,87,424705
38703,0.038657,172.31.47.0-255,66,282326,87,424705
38704,0.040925,74.125.200.0-255,5738,288064,87,424705
38705,0.040931,172.31.47.0-255,66,288130,87,424705
38706,0.043204,74.125.200.0-255,5738,293868,87,424705
38707,0.043209,172.31.47.0-255,66,293934,87,424705
38708,0.045475,74.125.200.0-255,5738,299672,87,424705
38709,0.045482,172.31.47.0-255,66,299738,87,424705
38710,0.047756,74.125.200.0-255,5738,305476,87,424705
38711,0.047762,172.31.47.0-255,66,305542,87,424705
38712,0.050037,74.125.200.0-255,5738,311280,87,424705
38713,0.050043,172.31.47.0-255,66,311346,87,424705
38714,0.052311,74.125.200.0-255,5738,317084,87,424705
38715,0.052316,172.31.47.0-255,66,317150,87,424705
38716,0.054571,74.125.200.0-255,5738,322888,87,424705
38717,0.054576,172.31.47.0-255,66,322954,87,424705
38718,0.056849,74.125.200.0-255,5738,328692,87,424705
38719,0.056854,172.31.47.0-255,66,328758,87,424705
38720,0.059124,74.125.200.0-255,5738,334496,87,424705
38721,0.059129,172.31.47.0-255,66,334562,87,424705
38722,0.061398,74.125.200.0-255,5738,340300,87,424705
38723,0.061404,172.31.47.0-255,66,340366,87,424705
38724,0.063681,74.125.200.0-255,5738,346104,87,424705
38725,0.063687,172.31.47.0-255,66,346170,87,424705
38726,0.065961,74.125.200.0-255,5738,351908,87,424705
38727,0.065967,172.31.47.0-255,66,351974,87,424705
38728,0.068245,74.125.200.0-255,5738,357712,87,424705
38729,0.068256,172.31.47.0-255,66,357778,87,424705
38730,0.070521,74.125.200.0-255,5738,363516,87,424705
38731,0.070527,172.31.47.0-255,66,363582,87,424705
38732,0.072823,74.125.200.0-255,5738,369320,87,424705
38733,0.072828,172.31.47.0-255,66,369386,87,424705
38734,0.075097,74.125.200.0-255,5738,375124,87,424705
38735,0.075102,172.31.47.0-255,66,375190,87,424705
38736,0.077374,74.125.200.0-255,5738,380928,87,424705
38737,0.07738,172.31.47.0-255,66,380994,87,424705
38738,0.079647,74.125.200.0-255,2902,383896,87,424705
38739,0.079653,172.31.47.0-255,66,383962,87,424705
38740,0.079676,74.125.200.0-255,2902,386864,87,424705
38741,0.079679,172.31.47.0-255,66,386930,87,424705
38742,0.081931,74.125.200.0-255,5738,392668,87,424705
38743,0.081936,172.31.47.0-255,66,392734,87,424705
38744,0.0842,74.125.200.0-255,5738,398472,87,424705
38745,0.084205,172.31.47.0-255,66,398538,87,424705
38746,0.086463,74.125.200.0-255,5738,404276,87,424705
38747,0.086469,172.31.47.0-255,66,404342,87,424705
38748,0.088747,74.125.200.0-255,5738,410080,87,424705
38749,0.088753,172.31.47.0-255,66,410146,87,424705
38750,0.091013,74.125.200.0-255,5738,415884,87,424705
38751,0.091018,172.31.47.0-255,66,415950,87,424705
38752,0.09328,74.125.200.0-255,5738,421688,87,424705
38753,0.093284,172.31.47.0-255,66,421754,87,424705
38754,0.095549,74.125.200.0-255,2714,424468,87,424705
38755,0.095554,172.31.47.0-255,66,424534,87,424705
38756,0.095698,172.31.47.0-255,105,424639,87,424705
38757,0.097922,74.125.200.0-255,66,424705,87,424705
38758,0.0,172.253.118.0-255,299,299,87,362883
38759,2e-05,172.31.47.0-255,66,365,87,362883
38760,2.5e-05,172.253.118.0-255,1484,1849,87,362883
38761,2.8e-05,172.31.47.0-255,66,1915,87,362883
38762,3.3e-05,172.253.118.0-255,4320,6235,87,362883
38763,4.2e-05,172.31.47.0-255,66,6301,87,362883
38764,6.1e-05,172.253.118.0-255,4320,10621,87,362883
38765,6.3e-05,172.31.47.0-255,66,10687,87,362883
38766,8.3e-05,172.253.118.0-255,1484,12171,87,362883
38767,8.5e-05,172.31.47.0-255,66,12237,87,362883
38768,0.000104,172.253.118.0-255,1905,14142,87,362883
38769,0.000106,172.31.47.0-255,66,14208,87,362883
38770,0.000186,172.253.118.0-255,1484,15692,87,362883
38771,0.000189,172.31.47.0-255,66,15758,87,362883
38772,0.000194,172.253.118.0-255,2902,18660,87,362883
38773,0.000195,172.31.47.0-255,66,18726,87,362883
38774,0.000198,172.253.118.0-255,1484,20210,87,362883
38775,0.000199,172.31.47.0-255,66,20276,87,362883
38776,0.000221,172.253.118.0-255,4320,24596,87,362883
38777,0.000226,172.31.47.0-255,66,24662,87,362883
38778,0.000254,172.253.118.0-255,4320,28982,87,362883
38779,0.000259,172.31.47.0-255,66,29048,87,362883
38780,0.00028,172.253.118.0-255,2543,31591,87,362883
38781,0.000282,172.31.47.0-255,66,31657,87,362883
38782,0.000433,172.31.47.0-255,101,31758,87,362883
38783,0.000827,172.253.118.0-255,1484,33242,87,362883
38784,0.000834,172.253.118.0-255,2902,36144,87,362883
38785,0.000838,172.31.47.0-255,66,36210,87,362883
38786,0.000842,172.253.118.0-255,2902,39112,87,362883
38787,0.000844,172.31.47.0-255,66,39178,87,362883
38788,0.000866,172.253.118.0-255,2902,42080,87,362883
38789,0.000873,172.31.47.0-255,66,42146,87,362883
38790,0.000879,172.253.118.0-255,6797,48943,87,362883
38791,0.000881,172.31.47.0-255,66,49009,87,362883
38792,0.000928,172.253.118.0-255,1484,50493,87,362883
38793,0.000933,172.253.118.0-255,2902,53395,87,362883
38794,0.000935,172.31.47.0-255,66,53461,87,362883
38795,0.000958,172.253.118.0-255,5738,59199,87,362883
38796,0.00096,172.31.47.0-255,66,59265,87,362883
38797,0.000978,172.253.118.0-255,2902,62167,87,362883
38798,0.00098,172.31.47.0-255,66,62233,87,362883
38799,0.001006,172.253.118.0-255,3961,66194,87,362883
38800,0.001011,172.31.47.0-255,66,66260,87,362883
38801,0.001195,172.253.118.0-255,645,66905,87,362883
38802,0.001288,172.253.118.0-255,1484,68389,87,362883
38803,0.001293,172.31.47.0-255,66,68455,87,362883
38804,0.001298,172.253.118.0-255,2902,71357,87,362883
38805,0.001301,172.31.47.0-255,66,71423,87,362883
38806,0.001306,172.253.118.0-255,4320,75743,87,362883
38807,0.001308,172.31.47.0-255,66,75809,87,362883
38808,0.001341,172.253.118.0-255,1484,77293,87,362883
38809,0.001347,172.253.118.0-255,4320,81613,87,362883
38810,0.00135,172.31.47.0-255,66,81679,87,362883
38811,0.001377,172.253.118.0-255,5379,87058,87,362883
38812,0.001381,172.31.47.0-255,66,87124,87,362883
38813,0.001386,172.253.118.0-255,5738,92862,87,362883
38814,0.001389,172.31.47.0-255,66,92928,87,362883
38815,0.001422,172.253.118.0-255,4320,97248,87,362883
38816,0.001426,172.31.47.0-255,66,97314,87,362883
38817,0.001453,172.253.118.0-255,3961,101275,87,362883
38818,0.001458,172.31.47.0-255,66,101341,87,362883
38819,0.001866,172.253.118.0-255,1484,102825,87,362883
38820,0.001875,172.253.118.0-255,2902,105727,87,362883
38821,0.001881,172.31.47.0-255,66,105793,87,362883
38822,0.001889,172.253.118.0-255,5738,111531,87,362883
38823,0.001892,172.31.47.0-255,66,111597,87,362883
38824,0.001903,172.253.118.0-255,4320,115917,87,362883
38825,0.001906,172.31.47.0-255,66,115983,87,362883
38826,0.001951,172.31.47.0-255,66,116049,87,362883
38827,0.00197,172.31.47.0-255,66,116115,87,362883
38828,0.002682,172.253.118.0-255,66,116181,87,362883
38829,0.004267,172.253.118.0-255,5738,121919,87,362883
38830,0.004275,172.31.47.0-255,66,121985,87,362883
38831,0.006596,172.253.118.0-255,5738,127723,87,362883
38832,0.006603,172.31.47.0-255,66,127789,87,362883
38833,0.008891,172.253.118.0-255,5738,133527,87,362883
38834,0.008898,172.31.47.0-255,66,133593,87,362883
38835,0.011166,172.253.118.0-255,5738,139331,87,362883
38836,0.011173,172.31.47.0-255,66,139397,87,362883
38837,0.013477,172.253.118.0-255,5738,145135,87,362883
38838,0.013488,172.31.47.0-255,66,145201,87,362883
38839,0.015797,172.253.118.0-255,5738,150939,87,362883
38840,0.015806,172.31.47.0-255,66,151005,87,362883
38841,0.018097,172.253.118.0-255,5738,156743,87,362883
38842,0.018105,172.31.47.0-255,66,156809,87,362883
38843,0.018965,172.31.47.0-255,170,156979,87,362883
38844,0.019,172.31.47.0-255,1131,158110,87,362883
38845,0.019055,172.31.47.0-255,1514,159624,87,362883
38846,0.019057,172.31.47.0-255,1273,160897,87,362883
38847,0.020394,172.253.118.0-255,5738,166635,87,362883
38848,0.020403,172.31.47.0-255,66,166701,87,362883
38849,0.020532,104.244.42.0-255,66,166767,87,362883
38850,0.020574,104.244.42.0-255,66,166833,87,362883
38851,0.020628,104.244.42.0-255,66,166899,87,362883
38852,0.022691,172.253.118.0-255,5738,172637,87,362883
38853,0.022697,172.31.47.0-255,66,172703,87,362883
38854,0.024992,172.253.118.0-255,5738,178441,87,362883
38855,0.024998,172.31.47.0-255,66,178507,87,362883
38856,0.027291,172.253.118.0-255,5738,184245,87,362883
38857,0.027297,172.31.47.0-255,66,184311,87,362883
38858,0.029626,172.253.118.0-255,5738,190049,87,362883
38859,0.029633,172.31.47.0-255,66,190115,87,362883
38860,0.031923,172.253.118.0-255,5738,195853,87,362883
38861,0.031928,172.31.47.0-255,66,195919,87,362883
38862,0.03422,172.253.118.0-255,5738,201657,87,362883
38863,0.034227,172.31.47.0-255,66,201723,87,362883
38864,0.036536,172.253.118.0-255,5738,207461,87,362883
38865,0.036541,172.31.47.0-255,66,207527,87,362883
38866,0.0388,172.253.118.0-255,4320,211847,87,362883
38867,0.038805,172.31.47.0-255,66,211913,87,362883
38868,0.038823,172.253.118.0-255,1484,213397,87,362883
38869,0.041108,172.253.118.0-255,4320,217717,87,362883
38870,0.041114,172.31.47.0-255,66,217783,87,362883
38871,0.043422,172.253.118.0-255,5738,223521,87,362883
38872,0.043429,172.31.47.0-255,66,223587,87,362883
38873,0.045711,172.253.118.0-255,5738,229325,87,362883
38874,0.045717,172.31.47.0-255,66,229391,87,362883
38875,0.047994,172.253.118.0-255,5738,235129,87,362883
38876,0.047999,172.31.47.0-255,66,235195,87,362883
38877,0.050304,172.253.118.0-255,5738,240933,87,362883
38878,0.05031,172.31.47.0-255,66,240999,87,362883
38879,0.052622,172.253.118.0-255,5738,246737,87,362883
38880,0.052628,172.31.47.0-255,66,246803,87,362883
38881,0.054931,172.253.118.0-255,5738,252541,87,362883
38882,0.054937,172.31.47.0-255,66,252607,87,362883
38883,0.057241,172.253.118.0-255,5738,258345,87,362883
38884,0.057246,172.31.47.0-255,66,258411,87,362883
38885,0.05953,172.253.118.0-255,5738,264149,87,362883
38886,0.059535,172.31.47.0-255,66,264215,87,362883
38887,0.061809,172.253.118.0-255,5738,269953,87,362883
38888,0.061815,172.31.47.0-255,66,270019,87,362883
38889,0.064111,172.253.118.0-255,5738,275757,87,362883
38890,0.064117,172.31.47.0-255,66,275823,87,362883
38891,0.066405,172.253.118.0-255,5738,281561,87,362883
38892,0.066413,172.31.47.0-255,66,281627,87,362883
38893,0.068701,172.253.118.0-255,5738,287365,87,362883
38894,0.068707,172.31.47.0-255,66,287431,87,362883
38895,0.071025,172.253.118.0-255,5738,293169,87,362883
38896,0.071031,172.31.47.0-255,66,293235,87,362883
38897,0.073315,172.253.118.0-255,5738,298973,87,362883
38898,0.073325,172.31.47.0-255,66,299039,87,362883
38899,0.075618,172.253.118.0-255,5738,304777,87,362883
38900,0.075627,172.31.47.0-255,66,304843,87,362883
38901,0.077929,172.253.118.0-255,5738,310581,87,362883
38902,0.077937,172.31.47.0-255,66,310647,87,362883
38903,0.080222,172.253.118.0-255,5738,316385,87,362883
38904,0.080229,172.31.47.0-255,66,316451,87,362883
38905,0.082529,172.253.118.0-255,5738,322189,87,362883
38906,0.082536,172.31.47.0-255,66,322255,87,362883
38907,0.084814,172.253.118.0-255,5738,327993,87,362883
38908,0.084822,172.31.47.0-255,66,328059,87,362883
38909,0.087121,172.253.118.0-255,5738,333797,87,362883
38910,0.087127,172.31.47.0-255,66,333863,87,362883
38911,0.089403,172.253.118.0-255,5738,339601,87,362883
38912,0.08941,172.31.47.0-255,66,339667,87,362883
38913,0.091684,172.253.118.0-255,5738,345405,87,362883
38914,0.09169,172.31.47.0-255,66,345471,87,362883
38915,0.093976,172.253.118.0-255,5738,351209,87,362883
38916,0.093982,172.31.47.0-255,66,351275,87,362883
38917,0.096283,172.253.118.0-255,5738,357013,87,362883
38918,0.096299,172.31.47.0-255,66,357079,87,362883
38919,0.098577,172.253.118.0-255,5738,362817,87,362883
38920,0.098582,172.31.47.0-255,66,362883,87,362883
38921,0.0,74.125.130.0-255,298,298,87,357156
38922,3.3e-05,172.31.47.0-255,66,364,87,357156
38923,4e-05,74.125.130.0-255,1484,1848,87,357156
38924,4.4e-05,172.31.47.0-255,66,1914,87,357156
38925,7e-05,74.125.130.0-255,2902,4816,87,357156
38926,7.7e-05,172.31.47.0-255,66,4882,87,357156
38927,0.000105,74.125.130.0-255,5738,10620,87,357156
38928,0.000107,172.31.47.0-255,66,10686,87,357156
38929,0.00011,74.125.130.0-255,1484,12170,87,357156
38930,0.000112,172.31.47.0-255,66,12236,87,357156
38931,0.000116,74.125.130.0-255,1865,14101,87,357156
38932,0.000123,172.31.47.0-255,66,14167,87,357156
38933,0.000147,74.125.130.0-255,2902,17069,87,357156
38934,0.00015,172.31.47.0-255,66,17135,87,357156
38935,0.000177,74.125.130.0-255,2902,20037,87,357156
38936,0.00018,172.31.47.0-255,66,20103,87,357156
38937,0.000187,74.125.130.0-255,5738,25841,87,357156
38938,0.000191,172.31.47.0-255,66,25907,87,357156
38939,0.000242,74.125.130.0-255,1484,27391,87,357156
38940,0.000245,172.31.47.0-255,66,27457,87,357156
38941,0.000273,74.125.130.0-255,3961,31418,87,357156
38942,0.000275,172.31.47.0-255,66,31484,87,357156
38943,0.000463,74.125.130.0-255,1484,32968,87,357156
38944,0.000467,172.31.47.0-255,66,33034,87,357156
38945,0.000509,74.125.130.0-255,2902,35936,87,357156
38946,0.000513,172.31.47.0-255,66,36002,87,357156
38947,0.000519,74.125.130.0-255,5738,41740,87,357156
38948,0.000522,172.31.47.0-255,66,41806,87,357156
38949,0.000532,74.125.130.0-255,4320,46126,87,357156
38950,0.000534,172.31.47.0-255,66,46192,87,357156
38951,0.000563,74.125.130.0-255,1484,47676,87,357156
38952,0.000566,172.31.47.0-255,66,47742,87,357156
38953,0.000572,74.125.130.0-255,4320,52062,87,357156
38954,0.000575,172.31.47.0-255,66,52128,87,357156
38955,0.000597,74.125.130.0-255,2902,55030,87,357156
38956,0.0006,172.31.47.0-255,66,55096,87,357156
38957,0.000606,74.125.130.0-255,4320,59416,87,357156
38958,0.000608,172.31.47.0-255,66,59482,87,357156
38959,0.000612,74.125.130.0-255,2902,62384,87,357156
38960,0.000614,172.31.47.0-255,66,62450,87,357156
38961,0.000642,74.125.130.0-255,2902,65352,87,357156
38962,0.000647,172.31.47.0-255,66,65418,87,357156
38963,0.000672,74.125.130.0-255,766,66184,87,357156
38964,0.000675,172.31.47.0-255,66,66250,87,357156
38965,0.000697,74.125.130.0-255,379,66629,87,357156
38966,0.000701,172.31.47.0-255,66,66695,87,357156
38967,0.000704,74.125.130.0-255,98,66793,87,357156
38968,0.000707,172.31.47.0-255,66,66859,87,357156
38969,0.000904,74.125.130.0-255,1484,68343,87,357156
38970,0.000908,172.31.47.0-255,66,68409,87,357156
38971,0.000917,74.125.130.0-255,2902,71311,87,357156
38972,0.000919,172.31.47.0-255,66,71377,87,357156
38973,0.000929,74.125.130.0-255,1484,72861,87,357156
38974,0.00093,172.31.47.0-255,66,72927,87,357156
38975,0.000962,74.125.130.0-255,2902,75829,87,357156
38976,0.000965,172.31.47.0-255,66,75895,87,357156
38977,0.000972,74.125.130.0-255,5738,81633,87,357156
38978,0.000974,172.31.47.0-255,66,81699,87,357156
38979,0.001012,172.31.47.0-255,66,81765,87,357156
38980,0.001067,172.31.47.0-255,66,81831,87,357156
38981,0.001131,74.125.130.0-255,1484,83315,87,357156
38982,0.001135,172.31.47.0-255,66,83381,87,357156
38983,0.001164,74.125.130.0-255,2902,86283,87,357156
38984,0.001167,172.31.47.0-255,66,86349,87,357156
38985,0.001173,74.125.130.0-255,5738,92087,87,357156
38986,0.001176,172.31.47.0-255,66,92153,87,357156
38987,0.001215,74.125.130.0-255,7156,99309,87,357156
38988,0.001218,172.31.47.0-255,66,99375,87,357156
38989,0.00123,172.31.47.0-255,66,99441,87,357156
38990,0.001258,172.31.47.0-255,66,99507,87,357156
38991,0.001328,74.125.130.0-255,1484,100991,87,357156
38992,0.001335,74.125.130.0-255,2902,103893,87,357156
38993,0.001339,172.31.47.0-255,66,103959,87,357156
38994,0.001369,74.125.130.0-255,1484,105443,87,357156
38995,0.001382,74.125.130.0-255,2902,108345,87,357156
38996,0.001384,172.31.47.0-255,66,108411,87,357156
38997,0.001411,74.125.130.0-255,1484,109895,87,357156
38998,0.001417,74.125.130.0-255,4320,114215,87,357156
38999,0.00142,172.31.47.0-255,66,114281,87,357156
39000,0.001425,74.125.130.0-255,5738,120019,87,357156
39001,0.001427,172.31.47.0-255,66,120085,87,357156
39002,0.001462,172.31.47.0-255,66,120151,87,357156
39003,0.001467,74.125.130.0-255,2184,122335,87,357156
39004,0.001631,74.125.130.0-255,1484,123819,87,357156
39005,0.001644,74.125.130.0-255,1484,125303,87,357156
39006,0.001664,74.125.130.0-255,2902,128205,87,357156
39007,0.001698,74.125.130.0-255,5738,133943,87,357156
39008,0.001717,74.125.130.0-255,5738,139681,87,357156
39009,0.001737,74.125.130.0-255,4320,144001,87,357156
39010,0.001752,74.125.130.0-255,4320,148321,87,357156
39011,0.00177,74.125.130.0-255,4320,152641,87,357156
39012,0.001788,74.125.130.0-255,2902,155543,87,357156
39013,0.001791,74.125.130.0-255,766,156309,87,357156
39014,0.001927,74.125.130.0-255,1484,157793,87,357156
39015,0.001932,74.125.130.0-255,1484,159277,87,357156
39016,0.001936,74.125.130.0-255,2902,162179,87,357156
39017,0.001942,74.125.130.0-255,5738,167917,87,357156
39018,0.002013,74.125.130.0-255,1484,169401,87,357156
39019,0.00203,74.125.130.0-255,5738,175139,87,357156
39020,0.002049,74.125.130.0-255,4320,179459,87,357156
39021,0.002051,74.125.130.0-255,766,180225,87,357156
39022,0.002238,74.125.130.0-255,1484,181709,87,357156
39023,0.00225,74.125.130.0-255,2902,184611,87,357156
39024,0.002265,74.125.130.0-255,2902,187513,87,357156
39025,0.002277,74.125.130.0-255,2902,190415,87,357156
39026,0.002303,74.125.130.0-255,1484,191899,87,357156
39027,0.002313,74.125.130.0-255,1484,193383,87,357156
39028,0.002329,74.125.130.0-255,2902,196285,87,357156
39029,0.00235,74.125.130.0-255,5738,202023,87,357156
39030,0.002379,74.125.130.0-255,7156,209179,87,357156
39031,0.002401,74.125.130.0-255,5020,214199,87,357156
39032,0.002461,74.125.130.0-255,1484,215683,87,357156
39033,0.002474,74.125.130.0-255,2902,218585,87,357156
39034,0.002496,74.125.130.0-255,5738,224323,87,357156
39035,0.00251,74.125.130.0-255,1484,225807,87,357156
39036,0.002526,74.125.130.0-255,4320,230127,87,357156
39037,0.002531,74.125.130.0-255,4320,234447,87,357156
39038,0.002547,74.125.130.0-255,2902,237349,87,357156
39039,0.002587,74.125.130.0-255,2184,239533,87,357156
39040,0.004858,172.31.47.0-255,66,239599,87,357156
39041,0.007437,74.125.130.0-255,5738,245337,87,357156
39042,0.007444,172.31.47.0-255,66,245403,87,357156
39043,0.010015,74.125.130.0-255,2902,248305,87,357156
39044,0.010021,172.31.47.0-255,66,248371,87,357156
39045,0.010054,74.125.130.0-255,2902,251273,87,357156
39046,0.010057,172.31.47.0-255,66,251339,87,357156
39047,0.012578,74.125.130.0-255,2902,254241,87,357156
39048,0.012584,172.31.47.0-255,66,254307,87,357156
39049,0.012609,74.125.130.0-255,2902,257209,87,357156
39050,0.012611,172.31.47.0-255,66,257275,87,357156
39051,0.015143,74.125.130.0-255,4320,261595,87,357156
39052,0.01515,172.31.47.0-255,66,261661,87,357156
39053,0.015176,74.125.130.0-255,1484,263145,87,357156
39054,0.017723,74.125.130.0-255,4320,267465,87,357156
39055,0.01773,172.31.47.0-255,66,267531,87,357156
39056,0.0203,74.125.130.0-255,5738,273269,87,357156
39057,0.020314,172.31.47.0-255,66,273335,87,357156
39058,0.022877,74.125.130.0-255,5738,279073,87,357156
39059,0.022887,172.31.47.0-255,66,279139,87,357156
39060,0.025449,74.125.130.0-255,4320,283459,87,357156
39061,0.025455,172.31.47.0-255,66,283525,87,357156
39062,0.025492,74.125.130.0-255,1484,285009,87,357156
39063,0.028064,74.125.130.0-255,4320,289329,87,357156
39064,0.028073,172.31.47.0-255,66,289395,87,357156
39065,0.030691,74.125.130.0-255,5738,295133,87,357156
39066,0.030698,172.31.47.0-255,66,295199,87,357156
39067,0.033255,74.125.130.0-255,5738,300937,87,357156
39068,0.033262,172.31.47.0-255,66,301003,87,357156
39069,0.035816,74.125.130.0-255,5738,306741,87,357156
39070,0.035825,172.31.47.0-255,66,306807,87,357156
39071,0.036984,172.31.47.0-255,172,306979,87,357156
39072,0.037015,172.31.47.0-255,1107,308086,87,357156
39073,0.037074,172.31.47.0-255,1514,309600,87,357156
39074,0.037075,172.31.47.0-255,1514,311114,87,357156
39075,0.037076,172.31.47.0-255,1514,312628,87,357156
39076,0.037078,172.31.47.0-255,1077,313705,87,357156
39077,0.038385,74.125.130.0-255,5738,319443,87,357156
39078,0.038393,172.31.47.0-255,66,319509,87,357156
39079,0.038508,104.244.42.0-255,66,319575,87,357156
39080,0.03857,104.244.42.0-255,66,319641,87,357156
39081,0.038602,104.244.42.0-255,66,319707,87,357156
39082,0.03862,104.244.42.0-255,66,319773,87,357156
39083,0.040976,74.125.130.0-255,5738,325511,87,357156
39084,0.040981,172.31.47.0-255,66,325577,87,357156
39085,0.043555,74.125.130.0-255,5738,331315,87,357156
39086,0.043562,172.31.47.0-255,66,331381,87,357156
39087,0.046163,74.125.130.0-255,5738,337119,87,357156
39088,0.046169,172.31.47.0-255,66,337185,87,357156
39089,0.04874,74.125.130.0-255,5738,342923,87,357156
39090,0.048746,172.31.47.0-255,66,342989,87,357156
39091,0.051329,74.125.130.0-255,5738,348727,87,357156
39092,0.051335,172.31.47.0-255,66,348793,87,357156
39093,0.053909,74.125.130.0-255,5738,354531,87,357156
39094,0.053916,172.31.47.0-255,66,354597,87,357156
39095,0.056476,74.125.130.0-255,2322,356919,87,357156
39096,0.056481,172.31.47.0-255,66,356985,87,357156
39097,0.056661,172.31.47.0-255,105,357090,87,357156
39098,0.059189,74.125.130.0-255,66,357156,87,357156
39099,0.0,172.253.118.0-255,153,153,87,199185
39100,3.3e-05,172.31.47.0-255,66,219,87,199185
39101,4e-05,172.253.118.0-255,1484,1703,87,199185
39102,4.6e-05,172.31.47.0-255,66,1769,87,199185
39103,5.9e-05,172.253.118.0-255,2902,4671,87,199185
39104,6.2e-05,172.31.47.0-255,66,4737,87,199185
39105,6.5e-05,172.253.118.0-255,1484,6221,87,199185
39106,6.7e-05,172.31.47.0-255,66,6287,87,199185
39107,7.9e-05,172.31.47.0-255,66,6353,87,199185
39108,8.6e-05,172.253.118.0-255,4320,10673,87,199185
39109,9e-05,172.31.47.0-255,66,10739,87,199185
39110,0.000123,172.253.118.0-255,1484,12223,87,199185
39111,0.000126,172.31.47.0-255,66,12289,87,199185
39112,0.000134,172.253.118.0-255,7156,19445,87,199185
39113,0.000136,172.31.47.0-255,66,19511,87,199185
39114,0.00014,172.253.118.0-255,2543,22054,87,199185
39115,0.000142,172.31.47.0-255,66,22120,87,199185
39116,0.000257,172.253.118.0-255,1484,23604,87,199185
39117,0.000262,172.31.47.0-255,66,23670,87,199185
39118,0.000267,172.253.118.0-255,2902,26572,87,199185
39119,0.00027,172.31.47.0-255,66,26638,87,199185
39120,0.000289,172.253.118.0-255,4320,30958,87,199185
39121,0.000292,172.31.47.0-255,66,31024,87,199185
39122,0.000297,172.253.118.0-255,5738,36762,87,199185
39123,0.0003,172.31.47.0-255,66,36828,87,199185
39124,0.000337,172.253.118.0-255,5738,42566,87,199185
39125,0.00034,172.31.47.0-255,66,42632,87,199185
39126,0.000369,172.253.118.0-255,6797,49429,87,199185
39127,0.000373,172.31.47.0-255,66,49495,87,199185
39128,0.000379,172.253.118.0-255,7073,56568,87,199185
39129,0.000381,172.31.47.0-255,66,56634,87,199185
39130,0.000384,172.253.118.0-255,129,56763,87,199185
39131,0.000392,172.253.118.0-255,349,57112,87,199185
39132,0.0007,172.253.118.0-255,1484,58596,87,199185
39133,0.000704,172.31.47.0-255,66,58662,87,199185
39134,0.000709,172.253.118.0-255,2902,61564,87,199185
39135,0.00071,172.31.47.0-255,66,61630,87,199185
39136,0.000736,172.253.118.0-255,5738,67368,87,199185
39137,0.000739,172.31.47.0-255,66,67434,87,199185
39138,0.000755,172.253.118.0-255,2902,70336,87,199185
39139,0.000757,172.31.47.0-255,66,70402,87,199185
39140,0.00079,172.31.47.0-255,66,70468,87,199185
39141,0.00082,172.253.118.0-255,4320,74788,87,199185
39142,0.000822,172.31.47.0-255,66,74854,87,199185
39143,0.000847,172.253.118.0-255,6438,81292,87,199185
39144,0.00085,172.31.47.0-255,66,81358,87,199185
39145,0.001587,172.253.118.0-255,1484,82842,87,199185
39146,0.001596,172.253.118.0-255,2902,85744,87,199185
39147,0.0016,172.31.47.0-255,66,85810,87,199185
39148,0.001606,172.253.118.0-255,2902,88712,87,199185
39149,0.001607,172.31.47.0-255,66,88778,87,199185
39150,0.001627,172.253.118.0-255,2902,91680,87,199185
39151,0.001629,172.31.47.0-255,66,91746,87,199185
39152,0.001671,172.31.47.0-255,66,91812,87,199185
39153,0.001696,172.253.118.0-255,2902,94714,87,199185
39154,0.001698,172.31.47.0-255,66,94780,87,199185
39155,0.0017,172.253.118.0-255,1484,96264,87,199185
39156,0.001704,172.253.118.0-255,2902,99166,87,199185
39157,0.001705,172.31.47.0-255,66,99232,87,199185
39158,0.001711,172.253.118.0-255,5738,104970,87,199185
39159,0.001712,172.31.47.0-255,66,105036,87,199185
39160,0.001715,172.253.118.0-255,766,105802,87,199185
39161,0.001916,172.253.118.0-255,1484,107286,87,199185
39162,0.001918,172.31.47.0-255,66,107352,87,199185
39163,0.001923,172.253.118.0-255,2902,110254,87,199185
39164,0.001925,172.31.47.0-255,66,110320,87,199185
39165,0.001947,172.253.118.0-255,5738,116058,87,199185
39166,0.001949,172.31.47.0-255,66,116124,87,199185
39167,0.001951,172.253.118.0-255,1484,117608,87,199185
39168,0.001981,172.253.118.0-255,5738,123346,87,199185
39169,0.001983,172.31.47.0-255,66,123412,87,199185
39170,0.001998,172.253.118.0-255,2902,126314,87,199185
39171,0.002,172.31.47.0-255,66,126380,87,199185
39172,0.00201,172.253.118.0-255,1484,127864,87,199185
39173,0.002031,172.31.47.0-255,66,127930,87,199185
39174,0.002258,172.253.118.0-255,1484,129414,87,199185
39175,0.002276,172.253.118.0-255,2902,132316,87,199185
39176,0.002278,172.31.47.0-255,66,132382,87,199185
39177,0.002301,172.253.118.0-255,5738,138120,87,199185
39178,0.002303,172.31.47.0-255,66,138186,87,199185
39179,0.002313,172.253.118.0-255,1484,139670,87,199185
39180,0.002341,172.31.47.0-255,66,139736,87,199185
39181,0.002368,172.253.118.0-255,4320,144056,87,199185
39182,0.002371,172.31.47.0-255,66,144122,87,199185
39183,0.002409,172.31.47.0-255,66,144188,87,199185
39184,0.002529,172.253.118.0-255,1484,145672,87,199185
39185,0.002543,172.253.118.0-255,2902,148574,87,199185
39186,0.002545,172.31.47.0-255,66,148640,87,199185
39187,0.002547,172.253.118.0-255,1484,150124,87,199185
39188,0.002569,172.253.118.0-255,4320,154444,87,199185
39189,0.002571,172.31.47.0-255,66,154510,87,199185
39190,0.002576,172.253.118.0-255,5738,160248,87,199185
39191,0.002579,172.31.47.0-255,66,160314,87,199185
39192,0.002616,172.31.47.0-255,66,160380,87,199185
39193,0.002625,172.31.47.0-255,66,160446,87,199185
39194,0.002627,172.253.118.0-255,1484,161930,87,199185
39195,0.002661,172.31.47.0-255,66,161996,87,199185
39196,0.002699,172.31.47.0-255,66,162062,87,199185
39197,0.002724,172.253.118.0-255,5738,167800,87,199185
39198,0.002726,172.31.47.0-255,66,167866,87,199185
39199,0.002729,172.253.118.0-255,2184,170050,87,199185
39200,0.002731,172.31.47.0-255,66,170116,87,199185
39201,0.002741,172.31.47.0-255,66,170182,87,199185
39202,0.002765,172.253.118.0-255,7156,177338,87,199185
39203,0.002767,172.31.47.0-255,66,177404,87,199185
39204,0.002776,172.31.47.0-255,66,177470,87,199185
39205,0.002808,172.31.47.0-255,66,177536,87,199185
39206,0.002814,172.253.118.0-255,7156,184692,87,199185
39207,0.002815,172.31.47.0-255,66,184758,87,199185
39208,0.002883,172.31.47.0-255,66,184824,87,199185
39209,0.002886,172.253.118.0-255,2902,187726,87,199185
39210,0.002888,172.31.47.0-255,66,187792,87,199185
39211,0.002936,172.31.47.0-255,66,187858,87,199185
39212,0.002954,172.31.47.0-255,66,187924,87,199185
39213,0.002987,172.31.47.0-255,66,187990,87,199185
39214,0.002992,172.253.118.0-255,6438,194428,87,199185
39215,0.002994,172.31.47.0-255,66,194494,87,199185
39216,0.003008,172.31.47.0-255,66,194560,87,199185
39217,0.003017,172.253.118.0-255,105,194665,87,199185
39218,0.008139,172.31.47.0-255,66,194731,87,199185
39219,0.008282,172.31.47.0-255,105,194836,87,199185
39220,0.010481,172.253.118.0-255,66,194902,87,199185
39221,0.025714,172.31.47.0-255,167,195069,87,199185
39222,0.025741,172.31.47.0-255,1112,196181,87,199185
39223,0.025775,172.31.47.0-255,1514,197695,87,199185
39224,0.025777,172.31.47.0-255,1292,198987,87,199185
39225,0.027259,104.244.42.0-255,66,199053,87,199185
39226,0.02736,104.244.42.0-255,66,199119,87,199185
39227,0.027408,104.244.42.0-255,66,199185,87,199185
39228,0.0,74.125.24.0-255,153,153,87,272657
39229,2.6e-05,172.31.47.0-255,66,219,87,272657
39230,3.3e-05,74.125.24.0-255,1484,1703,87,272657
39231,3.8e-05,172.31.47.0-255,66,1769,87,272657
39232,4.2e-05,74.125.24.0-255,2902,4671,87,272657
39233,4.4e-05,172.31.47.0-255,66,4737,87,272657
39234,4.9e-05,74.125.24.0-255,4320,9057,87,272657
39235,5.1e-05,172.31.47.0-255,66,9123,87,272657
39236,7.3e-05,74.125.24.0-255,2902,12025,87,272657
39237,7.5e-05,172.31.47.0-255,66,12091,87,272657
39238,8.8e-05,74.125.24.0-255,1987,14078,87,272657
39239,9.2e-05,172.31.47.0-255,66,14144,87,272657
39240,0.000137,74.125.24.0-255,1484,15628,87,272657
39241,0.00014,172.31.47.0-255,66,15694,87,272657
39242,0.000145,74.125.24.0-255,2902,18596,87,272657
39243,0.000147,172.31.47.0-255,66,18662,87,272657
39244,0.000173,74.125.24.0-255,5738,24400,87,272657
39245,0.000176,172.31.47.0-255,66,24466,87,272657
39246,0.000184,74.125.24.0-255,5738,30204,87,272657
39247,0.000186,172.31.47.0-255,66,30270,87,272657
39248,0.000215,74.125.24.0-255,1125,31395,87,272657
39249,0.000217,172.31.47.0-255,66,31461,87,272657
39250,0.000582,74.125.24.0-255,1484,32945,87,272657
39251,0.000587,172.31.47.0-255,66,33011,87,272657
39252,0.000595,74.125.24.0-255,1484,34495,87,272657
39253,0.000597,172.31.47.0-255,66,34561,87,272657
39254,0.000613,74.125.24.0-255,1484,36045,87,272657
39255,0.000615,172.31.47.0-255,66,36111,87,272657
39256,0.000622,74.125.24.0-255,5738,41849,87,272657
39257,0.000623,172.31.47.0-255,66,41915,87,272657
39258,0.000627,74.125.24.0-255,2902,44817,87,272657
39259,0.000629,172.31.47.0-255,66,44883,87,272657
39260,0.000653,74.125.24.0-255,2902,47785,87,272657
39261,0.000657,172.31.47.0-255,66,47851,87,272657
39262,0.000677,172.31.47.0-255,66,47917,87,272657
39263,0.000687,172.31.47.0-255,66,47983,87,272657
39264,0.000719,74.125.24.0-255,1125,49108,87,272657
39265,0.001056,172.31.47.0-255,66,49174,87,272657
39266,0.003237,74.125.24.0-255,4320,53494,87,272657
39267,0.003243,172.31.47.0-255,66,53560,87,272657
39268,0.003583,74.125.24.0-255,1484,55044,87,272657
39269,0.00577,74.125.24.0-255,4320,59364,87,272657
39270,0.005775,172.31.47.0-255,66,59430,87,272657
39271,0.008279,74.125.24.0-255,5738,65168,87,272657
39272,0.008287,172.31.47.0-255,66,65234,87,272657
39273,0.01083,74.125.24.0-255,5738,70972,87,272657
39274,0.010841,172.31.47.0-255,66,71038,87,272657
39275,0.013363,74.125.24.0-255,5738,76776,87,272657
39276,0.013377,172.31.47.0-255,66,76842,87,272657
39277,0.015911,74.125.24.0-255,5738,82580,87,272657
39278,0.015929,172.31.47.0-255,66,82646,87,272657
39279,0.018459,74.125.24.0-255,5738,88384,87,272657
39280,0.018472,172.31.47.0-255,66,88450,87,272657
39281,0.020492,172.31.47.0-255,167,88617,87,272657
39282,0.020521,172.31.47.0-255,1112,89729,87,272657
39283,0.020575,172.31.47.0-255,1514,91243,87,272657
39284,0.020576,172.31.47.0-255,1292,92535,87,272657
39285,0.020994,74.125.24.0-255,5738,98273,87,272657
39286,0.021,172.31.47.0-255,66,98339,87,272657
39287,0.022081,104.244.42.0-255,66,98405,87,272657
39288,0.022111,104.244.42.0-255,66,98471,87,272657
39289,0.022151,104.244.42.0-255,66,98537,87,272657
39290,0.023494,74.125.24.0-255,5738,104275,87,272657
39291,0.023499,172.31.47.0-255,66,104341,87,272657
39292,0.026018,74.125.24.0-255,5738,110079,87,272657
39293,0.026025,172.31.47.0-255,66,110145,87,272657
39294,0.028581,74.125.24.0-255,5738,115883,87,272657
39295,0.028587,172.31.47.0-255,66,115949,87,272657
39296,0.031162,74.125.24.0-255,5738,121687,87,272657
39297,0.031168,172.31.47.0-255,66,121753,87,272657
39298,0.033674,74.125.24.0-255,5738,127491,87,272657
39299,0.033679,172.31.47.0-255,66,127557,87,272657
39300,0.036215,74.125.24.0-255,5738,133295,87,272657
39301,0.036221,172.31.47.0-255,66,133361,87,272657
39302,0.038739,74.125.24.0-255,5738,139099,87,272657
39303,0.038745,172.31.47.0-255,66,139165,87,272657
39304,0.04126,74.125.24.0-255,5738,144903,87,272657
39305,0.041266,172.31.47.0-255,66,144969,87,272657
39306,0.04378,74.125.24.0-255,5738,150707,87,272657
39307,0.043789,172.31.47.0-255,66,150773,87,272657
39308,0.046376,74.125.24.0-255,5738,156511,87,272657
39309,0.046385,172.31.47.0-255,66,156577,87,272657
39310,0.048901,74.125.24.0-255,5738,162315,87,272657
39311,0.048907,172.31.47.0-255,66,162381,87,272657
39312,0.051439,74.125.24.0-255,5738,168119,87,272657
39313,0.051444,172.31.47.0-255,66,168185,87,272657
39314,0.05403,74.125.24.0-255,5738,173923,87,272657
39315,0.054035,172.31.47.0-255,66,173989,87,272657
39316,0.056554,74.125.24.0-255,5738,179727,87,272657
39317,0.056561,172.31.47.0-255,66,179793,87,272657
39318,0.059115,74.125.24.0-255,5738,185531,87,272657
39319,0.05912,172.31.47.0-255,66,185597,87,272657
39320,0.061662,74.125.24.0-255,5738,191335,87,272657
39321,0.061669,172.31.47.0-255,66,191401,87,272657
39322,0.064209,74.125.24.0-255,5738,197139,87,272657
39323,0.064216,172.31.47.0-255,66,197205,87,272657
39324,0.06676,74.125.24.0-255,5738,202943,87,272657
39325,0.066766,172.31.47.0-255,66,203009,87,272657
39326,0.069304,74.125.24.0-255,5738,208747,87,272657
39327,0.069311,172.31.47.0-255,66,208813,87,272657
39328,0.07186,74.125.24.0-255,5738,214551,87,272657
39329,0.071868,172.31.47.0-255,66,214617,87,272657
39330,0.074391,74.125.24.0-255,5738,220355,87,272657
39331,0.074399,172.31.47.0-255,66,220421,87,272657
39332,0.076949,74.125.24.0-255,5738,226159,87,272657
39333,0.076968,172.31.47.0-255,66,226225,87,272657
39334,0.079515,74.125.24.0-255,5738,231963,87,272657
39335,0.079533,172.31.47.0-255,66,232029,87,272657
39336,0.082209,74.125.24.0-255,5738,237767,87,272657
39337,0.082229,172.31.47.0-255,66,237833,87,272657
39338,0.084778,74.125.24.0-255,5738,243571,87,272657
39339,0.08479,172.31.47.0-255,66,243637,87,272657
39340,0.087329,74.125.24.0-255,5738,249375,87,272657
39341,0.087348,172.31.47.0-255,66,249441,87,272657
39342,0.08986,74.125.24.0-255,5738,255179,87,272657
39343,0.089877,172.31.47.0-255,66,255245,87,272657
39344,0.092445,74.125.24.0-255,5738,260983,87,272657
39345,0.092456,172.31.47.0-255,66,261049,87,272657
39346,0.095005,74.125.24.0-255,5738,266787,87,272657
39347,0.095024,172.31.47.0-255,66,266853,87,272657
39348,0.09765,74.125.24.0-255,5738,272591,87,272657
39349,0.097674,172.31.47.0-255,66,272657,87,272657
39350,0.0,74.125.200.0-255,153,153,87,360679
39351,2.5e-05,172.31.47.0-255,66,219,87,360679
39352,3.2e-05,74.125.200.0-255,1484,1703,87,360679
39353,3.7e-05,172.31.47.0-255,66,1769,87,360679
39354,7e-05,74.125.200.0-255,2902,4671,87,360679
39355,7.3e-05,172.31.47.0-255,66,4737,87,360679
39356,7.8e-05,74.125.200.0-255,4320,9057,87,360679
39357,8.2e-05,172.31.47.0-255,66,9123,87,360679
39358,0.000102,74.125.200.0-255,5042,14165,87,360679
39359,0.000105,172.31.47.0-255,66,14231,87,360679
39360,0.000135,74.125.200.0-255,2902,17133,87,360679
39361,0.000138,172.31.47.0-255,66,17199,87,360679
39362,0.000143,74.125.200.0-255,4320,21519,87,360679
39363,0.000146,172.31.47.0-255,66,21585,87,360679
39364,0.000176,172.31.47.0-255,66,21651,87,360679
39365,0.000179,74.125.200.0-255,1125,22776,87,360679
39366,0.000181,172.31.47.0-255,66,22842,87,360679
39367,0.000221,74.125.200.0-255,1484,24326,87,360679
39368,0.000224,172.31.47.0-255,66,24392,87,360679
39369,0.00025,74.125.200.0-255,2902,27294,87,360679
39370,0.000252,172.31.47.0-255,66,27360,87,360679
39371,0.000259,74.125.200.0-255,5738,33098,87,360679
39372,0.000261,172.31.47.0-255,66,33164,87,360679
39373,0.000291,74.125.200.0-255,6797,39961,87,360679
39374,0.000294,172.31.47.0-255,66,40027,87,360679
39375,0.000447,74.125.200.0-255,1484,41511,87,360679
39376,0.000452,172.31.47.0-255,66,41577,87,360679
39377,0.000457,74.125.200.0-255,2902,44479,87,360679
39378,0.00046,172.31.47.0-255,66,44545,87,360679
39379,0.000482,74.125.200.0-255,4320,48865,87,360679
39380,0.000485,172.31.47.0-255,66,48931,87,360679
39381,0.000516,74.125.200.0-255,1484,50415,87,360679
39382,0.000521,74.125.200.0-255,2902,53317,87,360679
39383,0.000533,172.31.47.0-255,66,53383,87,360679
39384,0.000562,74.125.200.0-255,4541,57924,87,360679
39385,0.000576,172.31.47.0-255,66,57990,87,360679
39386,0.000927,74.125.200.0-255,1484,59474,87,360679
39387,0.000937,74.125.200.0-255,2902,62376,87,360679
39388,0.000941,172.31.47.0-255,66,62442,87,360679
39389,0.000973,74.125.200.0-255,5738,68180,87,360679
39390,0.001059,74.125.200.0-255,4320,72500,87,360679
39391,0.001076,74.125.200.0-255,6438,78938,87,360679
39392,0.001294,74.125.200.0-255,1484,80422,87,360679
39393,0.001301,74.125.200.0-255,1484,81906,87,360679
39394,0.001312,74.125.200.0-255,1484,83390,87,360679
39395,0.001334,74.125.200.0-255,5738,89128,87,360679
39396,0.001355,74.125.200.0-255,7156,96284,87,360679
39397,0.001377,74.125.200.0-255,1484,97768,87,360679
39398,0.001418,74.125.200.0-255,2902,100670,87,360679
39399,0.001446,74.125.200.0-255,3602,104272,87,360679
39400,0.001472,74.125.200.0-255,4320,108592,87,360679
39401,0.001493,74.125.200.0-255,2902,111494,87,360679
39402,0.001523,74.125.200.0-255,5738,117232,87,360679
39403,0.001554,74.125.200.0-255,766,117998,87,360679
39404,0.001642,74.125.200.0-255,1484,119482,87,360679
39405,0.001647,74.125.200.0-255,2902,122384,87,360679
39406,0.001661,74.125.200.0-255,1484,123868,87,360679
39407,0.001674,74.125.200.0-255,4320,128188,87,360679
39408,0.001676,74.125.200.0-255,1484,129672,87,360679
39409,0.001696,74.125.200.0-255,2902,132574,87,360679
39410,0.001718,74.125.200.0-255,5738,138312,87,360679
39411,0.00173,74.125.200.0-255,2902,141214,87,360679
39412,0.001746,74.125.200.0-255,5738,146952,87,360679
39413,0.001778,74.125.200.0-255,4320,151272,87,360679
39414,0.00179,74.125.200.0-255,766,152038,87,360679
39415,0.001803,74.125.200.0-255,1484,153522,87,360679
39416,0.001817,74.125.200.0-255,4320,157842,87,360679
39417,0.00184,74.125.200.0-255,7156,164998,87,360679
39418,0.001886,74.125.200.0-255,5738,170736,87,360679
39419,0.001905,74.125.200.0-255,4320,175056,87,360679
39420,0.00193,74.125.200.0-255,2184,177240,87,360679
39421,0.001978,74.125.200.0-255,2902,180142,87,360679
39422,0.001993,74.125.200.0-255,1484,181626,87,360679
39423,0.002006,74.125.200.0-255,2902,184528,87,360679
39424,0.002023,74.125.200.0-255,1484,186012,87,360679
39425,0.002042,74.125.200.0-255,4320,190332,87,360679
39426,0.002653,172.31.47.0-255,66,190398,87,360679
39427,0.004695,74.125.200.0-255,5738,196136,87,360679
39428,0.004701,172.31.47.0-255,66,196202,87,360679
39429,0.006741,74.125.200.0-255,4320,200522,87,360679
39430,0.006747,172.31.47.0-255,66,200588,87,360679
39431,0.006781,74.125.200.0-255,1484,202072,87,360679
39432,0.008747,74.125.200.0-255,4320,206392,87,360679
39433,0.008752,172.31.47.0-255,66,206458,87,360679
39434,0.010752,74.125.200.0-255,5738,212196,87,360679
39435,0.010801,172.31.47.0-255,66,212262,87,360679
39436,0.012815,74.125.200.0-255,5738,218000,87,360679
39437,0.012825,172.31.47.0-255,66,218066,87,360679
39438,0.014829,74.125.200.0-255,5738,223804,87,360679
39439,0.014835,172.31.47.0-255,66,223870,87,360679
39440,0.016848,74.125.200.0-255,5738,229608,87,360679
39441,0.016853,172.31.47.0-255,66,229674,87,360679
39442,0.018859,74.125.200.0-255,5738,235412,87,360679
39443,0.018865,172.31.47.0-255,66,235478,87,360679
39444,0.02087,74.125.200.0-255,5738,241216,87,360679
39445,0.020876,172.31.47.0-255,66,241282,87,360679
39446,0.022886,74.125.200.0-255,5738,247020,87,360679
39447,0.022891,172.31.47.0-255,66,247086,87,360679
39448,0.023973,172.31.47.0-255,172,247258,87,360679
39449,0.024001,172.31.47.0-255,1111,248369,87,360679
39450,0.024031,172.31.47.0-255,1514,249883,87,360679
39451,0.024033,172.31.47.0-255,329,250212,87,360679
39452,0.024891,74.125.200.0-255,5738,255950,87,360679
39453,0.024896,172.31.47.0-255,66,256016,87,360679
39454,0.025566,104.244.42.0-255,66,256082,87,360679
39455,0.026887,74.125.200.0-255,1484,257566,87,360679
39456,0.026913,74.125.200.0-255,4320,261886,87,360679
39457,0.026916,172.31.47.0-255,66,261952,87,360679
39458,0.028926,74.125.200.0-255,5738,267690,87,360679
39459,0.028932,172.31.47.0-255,66,267756,87,360679
39460,0.030949,74.125.200.0-255,5738,273494,87,360679
39461,0.030954,172.31.47.0-255,66,273560,87,360679
39462,0.032947,74.125.200.0-255,4320,277880,87,360679
39463,0.032952,172.31.47.0-255,66,277946,87,360679
39464,0.032982,74.125.200.0-255,1484,279430,87,360679
39465,0.034955,74.125.200.0-255,4320,283750,87,360679
39466,0.034959,172.31.47.0-255,66,283816,87,360679
39467,0.036993,74.125.200.0-255,5738,289554,87,360679
39468,0.037596,172.31.47.0-255,66,289620,87,360679
39469,0.039609,74.125.200.0-255,5738,295358,87,360679
39470,0.039614,172.31.47.0-255,66,295424,87,360679
39471,0.041607,74.125.200.0-255,4320,299744,87,360679
39472,0.041612,172.31.47.0-255,66,299810,87,360679
39473,0.041645,74.125.200.0-255,1484,301294,87,360679
39474,0.043618,74.125.200.0-255,4320,305614,87,360679
39475,0.043627,172.31.47.0-255,66,305680,87,360679
39476,0.045631,74.125.200.0-255,5738,311418,87,360679
39477,0.045734,172.31.47.0-255,66,311484,87,360679
39478,0.047733,74.125.200.0-255,5738,317222,87,360679
39479,0.047738,172.31.47.0-255,66,317288,87,360679
39480,0.049737,74.125.200.0-255,5738,323026,87,360679
39481,0.049741,172.31.47.0-255,66,323092,87,360679
39482,0.051757,74.125.200.0-255,5738,328830,87,360679
39483,0.051761,172.31.47.0-255,66,328896,87,360679
39484,0.053769,74.125.200.0-255,5738,334634,87,360679
39485,0.053774,172.31.47.0-255,66,334700,87,360679
39486,0.055774,74.125.200.0-255,5738,340438,87,360679
39487,0.05578,172.31.47.0-255,66,340504,87,360679
39488,0.057775,74.125.200.0-255,5738,346242,87,360679
39489,0.057781,172.31.47.0-255,66,346308,87,360679
39490,0.059785,74.125.200.0-255,2902,349210,87,360679
39491,0.05979,172.31.47.0-255,66,349276,87,360679
39492,0.05982,74.125.200.0-255,2902,352178,87,360679
39493,0.059832,172.31.47.0-255,66,352244,87,360679
39494,0.06179,74.125.200.0-255,2902,355146,87,360679
39495,0.061795,172.31.47.0-255,66,355212,87,360679
39496,0.061819,74.125.200.0-255,2902,358114,87,360679
39497,0.061855,172.31.47.0-255,66,358180,87,360679
39498,0.063806,74.125.200.0-255,2262,360442,87,360679
39499,0.063811,172.31.47.0-255,66,360508,87,360679
39500,0.064013,172.31.47.0-255,105,360613,87,360679
39501,0.065981,74.125.200.0-255,66,360679,87,360679
39502,0.0,74.125.68.0-255,153,153,87,350648
39503,1.5e-05,172.31.47.0-255,66,219,87,350648
39504,2.1e-05,74.125.68.0-255,1484,1703,87,350648
39505,2.5e-05,172.31.47.0-255,66,1769,87,350648
39506,3e-05,74.125.68.0-255,2902,4671,87,350648
39507,3.3e-05,172.31.47.0-255,66,4737,87,350648
39508,6.8e-05,74.125.68.0-255,7156,11893,87,350648
39509,7.1e-05,172.31.47.0-255,66,11959,87,350648
39510,9.7e-05,74.125.68.0-255,2067,14026,87,350648
39511,9.9e-05,172.31.47.0-255,66,14092,87,350648
39512,0.00013,74.125.68.0-255,2902,16994,87,350648
39513,0.000134,172.31.47.0-255,66,17060,87,350648
39514,0.000144,74.125.68.0-255,4320,21380,87,350648
39515,0.000146,172.31.47.0-255,66,21446,87,350648
39516,0.000166,74.125.68.0-255,2902,24348,87,350648
39517,0.000168,172.31.47.0-255,66,24414,87,350648
39518,0.000193,74.125.68.0-255,4320,28734,87,350648
39519,0.000196,172.31.47.0-255,66,28800,87,350648
39520,0.000237,74.125.68.0-255,2543,31343,87,350648
39521,0.00024,172.31.47.0-255,66,31409,87,350648
39522,0.000255,74.125.68.0-255,1484,32893,87,350648
39523,0.000257,172.31.47.0-255,66,32959,87,350648
39524,0.00026,74.125.68.0-255,1484,34443,87,350648
39525,0.000262,172.31.47.0-255,66,34509,87,350648
39526,0.000277,74.125.68.0-255,1484,35993,87,350648
39527,0.000279,172.31.47.0-255,66,36059,87,350648
39528,0.000284,74.125.68.0-255,4320,40379,87,350648
39529,0.000286,172.31.47.0-255,66,40445,87,350648
39530,0.000308,74.125.68.0-255,1484,41929,87,350648
39531,0.000309,172.31.47.0-255,66,41995,87,350648
39532,0.000315,74.125.68.0-255,4320,46315,87,350648
39533,0.000316,172.31.47.0-255,66,46381,87,350648
39534,0.000329,74.125.68.0-255,2543,48924,87,350648
39535,0.000331,172.31.47.0-255,66,48990,87,350648
39536,0.00035,74.125.68.0-255,2902,51892,87,350648
39537,0.000352,172.31.47.0-255,66,51958,87,350648
39538,0.000382,74.125.68.0-255,4320,56278,87,350648
39539,0.000384,172.31.47.0-255,66,56344,87,350648
39540,0.000394,172.31.47.0-255,66,56410,87,350648
39541,0.001146,74.125.68.0-255,645,57055,87,350648
39542,0.001299,74.125.68.0-255,1484,58539,87,350648
39543,0.001304,172.31.47.0-255,66,58605,87,350648
39544,0.001308,74.125.68.0-255,1484,60089,87,350648
39545,0.001325,74.125.68.0-255,1484,61573,87,350648
39546,0.001327,172.31.47.0-255,66,61639,87,350648
39547,0.001339,74.125.68.0-255,2902,64541,87,350648
39548,0.001341,172.31.47.0-255,66,64607,87,350648
39549,0.00136,74.125.68.0-255,2902,67509,87,350648
39550,0.001362,172.31.47.0-255,66,67575,87,350648
39551,0.001366,74.125.68.0-255,2902,70477,87,350648
39552,0.001367,172.31.47.0-255,66,70543,87,350648
39553,0.001398,172.31.47.0-255,66,70609,87,350648
39554,0.001414,74.125.68.0-255,4320,74929,87,350648
39555,0.001416,172.31.47.0-255,66,74995,87,350648
39556,0.00144,74.125.68.0-255,6438,81433,87,350648
39557,0.001442,172.31.47.0-255,66,81499,87,350648
39558,0.003528,74.125.68.0-255,2902,84401,87,350648
39559,0.003532,172.31.47.0-255,66,84467,87,350648
39560,0.00355,74.125.68.0-255,2902,87369,87,350648
39561,0.003552,172.31.47.0-255,66,87435,87,350648
39562,0.005646,74.125.68.0-255,4320,91755,87,350648
39563,0.005653,172.31.47.0-255,66,91821,87,350648
39564,0.005671,74.125.68.0-255,1484,93305,87,350648
39565,0.00776,74.125.68.0-255,4320,97625,87,350648
39566,0.00777,172.31.47.0-255,66,97691,87,350648
39567,0.009876,74.125.68.0-255,5738,103429,87,350648
39568,0.009885,172.31.47.0-255,66,103495,87,350648
39569,0.011994,74.125.68.0-255,5738,109233,87,350648
39570,0.012,172.31.47.0-255,66,109299,87,350648
39571,0.014108,74.125.68.0-255,5738,115037,87,350648
39572,0.014114,172.31.47.0-255,66,115103,87,350648
39573,0.016239,74.125.68.0-255,5738,120841,87,350648
39574,0.016247,172.31.47.0-255,66,120907,87,350648
39575,0.018346,74.125.68.0-255,5738,126645,87,350648
39576,0.018353,172.31.47.0-255,66,126711,87,350648
39577,0.020468,74.125.68.0-255,5738,132449,87,350648
39578,0.020477,172.31.47.0-255,66,132515,87,350648
39579,0.020956,172.31.47.0-255,167,132682,87,350648
39580,0.020988,172.31.47.0-255,1107,133789,87,350648
39581,0.021047,172.31.47.0-255,1514,135303,87,350648
39582,0.021049,172.31.47.0-255,333,135636,87,350648
39583,0.022501,104.244.42.0-255,66,135702,87,350648
39584,0.022531,104.244.42.0-255,66,135768,87,350648
39585,0.022583,74.125.68.0-255,5738,141506,87,350648
39586,0.022589,172.31.47.0-255,66,141572,87,350648
39587,0.022626,104.244.42.0-255,66,141638,87,350648
39588,0.024702,74.125.68.0-255,5738,147376,87,350648
39589,0.024708,172.31.47.0-255,66,147442,87,350648
39590,0.026808,74.125.68.0-255,5738,153180,87,350648
39591,0.026814,172.31.47.0-255,66,153246,87,350648
39592,0.028918,74.125.68.0-255,5738,158984,87,350648
39593,0.028925,172.31.47.0-255,66,159050,87,350648
39594,0.03103,74.125.68.0-255,5738,164788,87,350648
39595,0.031037,172.31.47.0-255,66,164854,87,350648
39596,0.033148,74.125.68.0-255,5738,170592,87,350648
39597,0.033154,172.31.47.0-255,66,170658,87,350648
39598,0.035268,74.125.68.0-255,5738,176396,87,350648
39599,0.035275,172.31.47.0-255,66,176462,87,350648
39600,0.037386,74.125.68.0-255,5738,182200,87,350648
39601,0.037393,172.31.47.0-255,66,182266,87,350648
39602,0.039511,74.125.68.0-255,5738,188004,87,350648
39603,0.039518,172.31.47.0-255,66,188070,87,350648
39604,0.041643,74.125.68.0-255,5738,193808,87,350648
39605,0.04165,172.31.47.0-255,66,193874,87,350648
39606,0.043772,74.125.68.0-255,5738,199612,87,350648
39607,0.043778,172.31.47.0-255,66,199678,87,350648
39608,0.045894,74.125.68.0-255,5738,205416,87,350648
39609,0.045904,172.31.47.0-255,66,205482,87,350648
39610,0.048014,74.125.68.0-255,5738,211220,87,350648
39611,0.04802,172.31.47.0-255,66,211286,87,350648
39612,0.050115,74.125.68.0-255,1484,212770,87,350648
39613,0.050145,74.125.68.0-255,4320,217090,87,350648
39614,0.05015,172.31.47.0-255,66,217156,87,350648
39615,0.052286,74.125.68.0-255,5738,222894,87,350648
39616,0.052292,172.31.47.0-255,66,222960,87,350648
39617,0.054401,74.125.68.0-255,5738,228698,87,350648
39618,0.054406,172.31.47.0-255,66,228764,87,350648
39619,0.056538,74.125.68.0-255,5738,234502,87,350648
39620,0.056545,172.31.47.0-255,66,234568,87,350648
39621,0.058643,74.125.68.0-255,5738,240306,87,350648
39622,0.05865,172.31.47.0-255,66,240372,87,350648
39623,0.060779,74.125.68.0-255,5738,246110,87,350648
39624,0.060784,172.31.47.0-255,66,246176,87,350648
39625,0.062888,74.125.68.0-255,5738,251914,87,350648
39626,0.062894,172.31.47.0-255,66,251980,87,350648
39627,0.065013,74.125.68.0-255,5738,257718,87,350648
39628,0.065021,172.31.47.0-255,66,257784,87,350648
39629,0.067127,74.125.68.0-255,5738,263522,87,350648
39630,0.067134,172.31.47.0-255,66,263588,87,350648
39631,0.069245,74.125.68.0-255,5738,269326,87,350648
39632,0.069252,172.31.47.0-255,66,269392,87,350648
39633,0.071375,74.125.68.0-255,5738,275130,87,350648
39634,0.071383,172.31.47.0-255,66,275196,87,350648
39635,0.073483,74.125.68.0-255,5738,280934,87,350648
39636,0.073489,172.31.47.0-255,66,281000,87,350648
39637,0.075592,74.125.68.0-255,5738,286738,87,350648
39638,0.075599,172.31.47.0-255,66,286804,87,350648
39639,0.077699,74.125.68.0-255,5738,292542,87,350648
39640,0.077705,172.31.47.0-255,66,292608,87,350648
39641,0.079806,74.125.68.0-255,5738,298346,87,350648
39642,0.079812,172.31.47.0-255,66,298412,87,350648
39643,0.081919,74.125.68.0-255,5738,304150,87,350648
39644,0.081925,172.31.47.0-255,66,304216,87,350648
39645,0.084032,74.125.68.0-255,5738,309954,87,350648
39646,0.084037,172.31.47.0-255,66,310020,87,350648
39647,0.086142,74.125.68.0-255,5738,315758,87,350648
39648,0.086148,172.31.47.0-255,66,315824,87,350648
39649,0.088263,74.125.68.0-255,5738,321562,87,350648
39650,0.088272,172.31.47.0-255,66,321628,87,350648
39651,0.090384,74.125.68.0-255,5738,327366,87,350648
39652,0.090389,172.31.47.0-255,66,327432,87,350648
39653,0.092502,74.125.68.0-255,5738,333170,87,350648
39654,0.092508,172.31.47.0-255,66,333236,87,350648
39655,0.094612,74.125.68.0-255,5738,338974,87,350648
39656,0.094617,172.31.47.0-255,66,339040,87,350648
39657,0.09673,74.125.68.0-255,5738,344778,87,350648
39658,0.096736,172.31.47.0-255,66,344844,87,350648
39659,0.098862,74.125.68.0-255,5738,350582,87,350648
39660,0.098869,172.31.47.0-255,66,350648,87,350648
39661,0.0,74.125.130.0-255,66,66,87,6060
39662,0.000318,74.125.130.0-255,3847,3913,87,6060
39663,0.000325,172.31.47.0-255,66,3979,87,6060
39664,0.031499,172.31.47.0-255,130,4109,87,6060
39665,0.031874,172.31.47.0-255,105,4214,87,6060
39666,0.032049,172.31.47.0-255,236,4450,87,6060
39667,0.032079,172.31.47.0-255,366,4816,87,6060
39668,0.033761,172.31.47.0-255,90,4906,87,6060
39669,0.033773,172.31.47.0-255,66,4972,87,6060
39670,0.033831,74.125.130.0-255,630,5602,87,6060
39671,0.034097,74.125.130.0-255,97,5699,87,6060
39672,0.034114,172.31.47.0-255,97,5796,87,6060
39673,0.036022,74.125.24.0-255,66,5862,87,6060
39674,0.036034,74.125.24.0-255,66,5928,87,6060
39675,0.036044,172.31.47.0-255,66,5994,87,6060
39676,0.040598,74.125.130.0-255,66,6060,87,6060
39677,0.0,74.125.68.0-255,153,153,87,360277
39678,2.4e-05,172.31.47.0-255,66,219,87,360277
39679,3e-05,74.125.68.0-255,1484,1703,87,360277
39680,3.3e-05,172.31.47.0-255,66,1769,87,360277
39681,3.8e-05,74.125.68.0-255,2902,4671,87,360277
39682,4.7e-05,172.31.47.0-255,66,4737,87,360277
39683,7.7e-05,74.125.68.0-255,1484,6221,87,360277
39684,8e-05,172.31.47.0-255,66,6287,87,360277
39685,8.7e-05,74.125.68.0-255,2902,9189,87,360277
39686,9e-05,172.31.47.0-255,66,9255,87,360277
39687,0.000122,74.125.68.0-255,6475,15730,87,360277
39688,0.000126,172.31.47.0-255,66,15796,87,360277
39689,0.000131,74.125.68.0-255,2902,18698,87,360277
39690,0.000133,172.31.47.0-255,66,18764,87,360277
39691,0.000157,74.125.68.0-255,4320,23084,87,360277
39692,0.000161,172.31.47.0-255,66,23150,87,360277
39693,0.000183,74.125.68.0-255,7156,30306,87,360277
39694,0.000186,172.31.47.0-255,66,30372,87,360277
39695,0.000189,74.125.68.0-255,1125,31497,87,360277
39696,0.000191,172.31.47.0-255,66,31563,87,360277
39697,0.000269,74.125.68.0-255,1484,33047,87,360277
39698,0.000274,172.31.47.0-255,66,33113,87,360277
39699,0.000279,74.125.68.0-255,2902,36015,87,360277
39700,0.000282,172.31.47.0-255,66,36081,87,360277
39701,0.000302,74.125.68.0-255,5738,41819,87,360277
39702,0.00031,172.31.47.0-255,66,41885,87,360277
39703,0.000355,74.125.68.0-255,5738,47623,87,360277
39704,0.000359,172.31.47.0-255,66,47689,87,360277
39705,0.000386,74.125.68.0-255,1125,48814,87,360277
39706,0.00039,172.31.47.0-255,66,48880,87,360277
39707,0.000393,74.125.68.0-255,1484,50364,87,360277
39708,0.000395,172.31.47.0-255,66,50430,87,360277
39709,0.000416,74.125.68.0-255,2902,53332,87,360277
39710,0.000432,74.125.68.0-255,1484,54816,87,360277
39711,0.000433,172.31.47.0-255,66,54882,87,360277
39712,0.000466,74.125.68.0-255,1484,56366,87,360277
39713,0.000469,172.31.47.0-255,66,56432,87,360277
39714,0.00049,74.125.68.0-255,4320,60752,87,360277
39715,0.000495,74.125.68.0-255,2902,63654,87,360277
39716,0.000497,172.31.47.0-255,66,63720,87,360277
39717,0.000502,172.31.47.0-255,66,63786,87,360277
39718,0.000524,74.125.68.0-255,2543,66329,87,360277
39719,0.000537,172.31.47.0-255,66,66395,87,360277
39720,0.000543,74.125.68.0-255,360,66755,87,360277
39721,0.000818,172.31.47.0-255,66,66821,87,360277
39722,0.001144,74.125.68.0-255,383,67204,87,360277
39723,0.001176,74.125.68.0-255,1484,68688,87,360277
39724,0.001202,74.125.68.0-255,1484,70172,87,360277
39725,0.001222,74.125.68.0-255,2902,73074,87,360277
39726,0.001226,74.125.68.0-255,2902,75976,87,360277
39727,0.001231,74.125.68.0-255,4320,80296,87,360277
39728,0.001268,74.125.68.0-255,3961,84257,87,360277
39729,0.001336,74.125.68.0-255,1484,85741,87,360277
39730,0.00134,74.125.68.0-255,1484,87225,87,360277
39731,0.001355,74.125.68.0-255,1484,88709,87,360277
39732,0.001359,74.125.68.0-255,2902,91611,87,360277
39733,0.001374,74.125.68.0-255,2902,94513,87,360277
39734,0.001385,74.125.68.0-255,1484,95997,87,360277
39735,0.001405,74.125.68.0-255,2902,98899,87,360277
39736,0.001419,74.125.68.0-255,1994,100893,87,360277
39737,0.001953,74.125.68.0-255,1484,102377,87,360277
39738,0.001961,74.125.68.0-255,2902,105279,87,360277
39739,0.001964,74.125.68.0-255,1484,106763,87,360277
39740,0.001977,74.125.68.0-255,2902,109665,87,360277
39741,0.001991,74.125.68.0-255,1484,111149,87,360277
39742,0.002004,74.125.68.0-255,2902,114051,87,360277
39743,0.002015,74.125.68.0-255,1484,115535,87,360277
39744,0.002031,74.125.68.0-255,1484,117019,87,360277
39745,0.002046,74.125.68.0-255,2902,119921,87,360277
39746,0.00205,74.125.68.0-255,2902,122823,87,360277
39747,0.002063,74.125.68.0-255,2902,125725,87,360277
39748,0.002077,74.125.68.0-255,5738,131463,87,360277
39749,0.002089,74.125.68.0-255,3602,135065,87,360277
39750,0.002347,74.125.68.0-255,1484,136549,87,360277
39751,0.002365,74.125.68.0-255,2902,139451,87,360277
39752,0.002383,74.125.68.0-255,1484,140935,87,360277
39753,0.002402,74.125.68.0-255,2902,143837,87,360277
39754,0.002425,74.125.68.0-255,1484,145321,87,360277
39755,0.002446,74.125.68.0-255,4320,149641,87,360277
39756,0.002478,74.125.68.0-255,4320,153961,87,360277
39757,0.002502,74.125.68.0-255,5020,158981,87,360277
39758,0.005697,172.31.47.0-255,66,159047,87,360277
39759,0.00832,74.125.68.0-255,5738,164785,87,360277
39760,0.008326,172.31.47.0-255,66,164851,87,360277
39761,0.010945,74.125.68.0-255,5738,170589,87,360277
39762,0.013668,172.31.47.0-255,66,170655,87,360277
39763,0.016279,74.125.68.0-255,5738,176393,87,360277
39764,0.016288,172.31.47.0-255,66,176459,87,360277
39765,0.018888,74.125.68.0-255,5738,182197,87,360277
39766,0.018895,172.31.47.0-255,66,182263,87,360277
39767,0.021503,74.125.68.0-255,5738,188001,87,360277
39768,0.021509,172.31.47.0-255,66,188067,87,360277
39769,0.021963,172.31.47.0-255,172,188239,87,360277
39770,0.022004,172.31.47.0-255,1111,189350,87,360277
39771,0.022079,172.31.47.0-255,1514,190864,87,360277
39772,0.022082,172.31.47.0-255,1293,192157,87,360277
39773,0.023503,104.244.42.0-255,66,192223,87,360277
39774,0.02356,104.244.42.0-255,66,192289,87,360277
39775,0.023654,104.244.42.0-255,66,192355,87,360277
39776,0.024101,74.125.68.0-255,4320,196675,87,360277
39777,0.024105,172.31.47.0-255,66,196741,87,360277
39778,0.024133,74.125.68.0-255,1484,198225,87,360277
39779,0.026716,74.125.68.0-255,4320,202545,87,360277
39780,0.026722,172.31.47.0-255,66,202611,87,360277
39781,0.029308,74.125.68.0-255,5738,208349,87,360277
39782,0.029351,172.31.47.0-255,66,208415,87,360277
39783,0.031957,74.125.68.0-255,5738,214153,87,360277
39784,0.031963,172.31.47.0-255,66,214219,87,360277
39785,0.03456,74.125.68.0-255,2902,217121,87,360277
39786,0.034565,172.31.47.0-255,66,217187,87,360277
39787,0.034594,74.125.68.0-255,2902,220089,87,360277
39788,0.034605,172.31.47.0-255,66,220155,87,360277
39789,0.037156,74.125.68.0-255,2902,223057,87,360277
39790,0.03716,172.31.47.0-255,66,223123,87,360277
39791,0.037192,74.125.68.0-255,2902,226025,87,360277
39792,0.037203,172.31.47.0-255,66,226091,87,360277
39793,0.039774,74.125.68.0-255,1484,227575,87,360277
39794,0.039809,74.125.68.0-255,4320,231895,87,360277
39795,0.039828,172.31.47.0-255,66,231961,87,360277
39796,0.042426,74.125.68.0-255,5738,237699,87,360277
39797,0.04243,172.31.47.0-255,66,237765,87,360277
39798,0.045035,74.125.68.0-255,5738,243503,87,360277
39799,0.04504,172.31.47.0-255,66,243569,87,360277
39800,0.047657,74.125.68.0-255,5738,249307,87,360277
39801,0.047663,172.31.47.0-255,66,249373,87,360277
39802,0.050256,74.125.68.0-255,5738,255111,87,360277
39803,0.050262,172.31.47.0-255,66,255177,87,360277
39804,0.052858,74.125.68.0-255,4320,259497,87,360277
39805,0.052862,172.31.47.0-255,66,259563,87,360277
39806,0.052891,74.125.68.0-255,1484,261047,87,360277
39807,0.055454,74.125.68.0-255,2902,263949,87,360277
39808,0.055458,172.31.47.0-255,66,264015,87,360277
39809,0.055489,74.125.68.0-255,1484,265499,87,360277
39810,0.058069,74.125.68.0-255,2902,268401,87,360277
39811,0.058073,172.31.47.0-255,66,268467,87,360277
39812,0.058107,74.125.68.0-255,1484,269951,87,360277
39813,0.060675,74.125.68.0-255,4320,274271,87,360277
39814,0.060732,172.31.47.0-255,66,274337,87,360277
39815,0.063328,74.125.68.0-255,1484,275821,87,360277
39816,0.063358,74.125.68.0-255,4320,280141,87,360277
39817,0.06337,172.31.47.0-255,66,280207,87,360277
39818,0.065973,74.125.68.0-255,5738,285945,87,360277
39819,0.065977,172.31.47.0-255,66,286011,87,360277
39820,0.068573,74.125.68.0-255,2902,288913,87,360277
39821,0.068577,172.31.47.0-255,66,288979,87,360277
39822,0.068613,74.125.68.0-255,2902,291881,87,360277
39823,0.06862,172.31.47.0-255,66,291947,87,360277
39824,0.071188,74.125.68.0-255,2902,294849,87,360277
39825,0.071195,172.31.47.0-255,66,294915,87,360277
39826,0.071229,74.125.68.0-255,2902,297817,87,360277
39827,0.071464,172.31.47.0-255,66,297883,87,360277
39828,0.073788,74.125.68.0-255,2902,300785,87,360277
39829,0.073793,172.31.47.0-255,66,300851,87,360277
39830,0.074062,74.125.68.0-255,2902,303753,87,360277
39831,0.074067,172.31.47.0-255,66,303819,87,360277
39832,0.076386,74.125.68.0-255,2902,306721,87,360277
39833,0.076391,172.31.47.0-255,66,306787,87,360277
39834,0.07666,74.125.68.0-255,2902,309689,87,360277
39835,0.076666,172.31.47.0-255,66,309755,87,360277
39836,0.078984,74.125.68.0-255,2902,312657,87,360277
39837,0.078989,172.31.47.0-255,66,312723,87,360277
39838,0.079263,74.125.68.0-255,2902,315625,87,360277
39839,0.07927,172.31.47.0-255,66,315691,87,360277
39840,0.081581,74.125.68.0-255,2902,318593,87,360277
39841,0.081587,172.31.47.0-255,66,318659,87,360277
39842,0.081858,74.125.68.0-255,2902,321561,87,360277
39843,0.081864,172.31.47.0-255,66,321627,87,360277
39844,0.084184,74.125.68.0-255,2902,324529,87,360277
39845,0.084189,172.31.47.0-255,66,324595,87,360277
39846,0.084458,74.125.68.0-255,2902,327497,87,360277
39847,0.084463,172.31.47.0-255,66,327563,87,360277
39848,0.086796,74.125.68.0-255,2902,330465,87,360277
39849,0.0868,172.31.47.0-255,66,330531,87,360277
39850,0.087053,74.125.68.0-255,2902,333433,87,360277
39851,0.087058,172.31.47.0-255,66,333499,87,360277
39852,0.089405,74.125.68.0-255,2902,336401,87,360277
39853,0.089409,172.31.47.0-255,66,336467,87,360277
39854,0.089655,74.125.68.0-255,1484,337951,87,360277
39855,0.089667,74.125.68.0-255,1484,339435,87,360277
39856,0.089671,172.31.47.0-255,66,339501,87,360277
39857,0.091993,74.125.68.0-255,2902,342403,87,360277
39858,0.091999,172.31.47.0-255,66,342469,87,360277
39859,0.092264,74.125.68.0-255,2902,345371,87,360277
39860,0.09227,172.31.47.0-255,66,345437,87,360277
39861,0.09459,74.125.68.0-255,2902,348339,87,360277
39862,0.094596,172.31.47.0-255,66,348405,87,360277
39863,0.09485,74.125.68.0-255,2902,351307,87,360277
39864,0.095038,172.31.47.0-255,66,351373,87,360277
39865,0.097193,74.125.68.0-255,2902,354275,87,360277
39866,0.097199,172.31.47.0-255,66,354341,87,360277
39867,0.097626,74.125.68.0-255,2902,357243,87,360277
39868,0.097631,172.31.47.0-255,66,357309,87,360277
39869,0.099798,74.125.68.0-255,2902,360211,87,360277
39870,0.099803,172.31.47.0-255,66,360277,87,360277
39871,0.0,74.125.24.0-255,153,153,87,223425
39872,3.4e-05,172.31.47.0-255,66,219,87,223425
39873,4.2e-05,74.125.24.0-255,1484,1703,87,223425
39874,4.7e-05,172.31.47.0-255,66,1769,87,223425
39875,5.9e-05,74.125.24.0-255,2902,4671,87,223425
39876,6.1e-05,172.31.47.0-255,66,4737,87,223425
39877,6.8e-05,74.125.24.0-255,4320,9057,87,223425
39878,7.1e-05,172.31.47.0-255,66,9123,87,223425
39879,8.6e-05,172.31.47.0-255,66,9189,87,223425
39880,0.000106,74.125.24.0-255,7156,16345,87,223425
39881,0.000108,172.31.47.0-255,66,16411,87,223425
39882,0.000136,74.125.24.0-255,2543,18954,87,223425
39883,0.00014,172.31.47.0-255,66,19020,87,223425
39884,0.000219,74.125.24.0-255,1484,20504,87,223425
39885,0.000224,172.31.47.0-255,66,20570,87,223425
39886,0.000229,74.125.24.0-255,2902,23472,87,223425
39887,0.000231,172.31.47.0-255,66,23538,87,223425
39888,0.000237,74.125.24.0-255,5738,29276,87,223425
39889,0.000245,172.31.47.0-255,66,29342,87,223425
39890,0.00027,74.125.24.0-255,1484,30826,87,223425
39891,0.000273,172.31.47.0-255,66,30892,87,223425
39892,0.000304,172.31.47.0-255,66,30958,87,223425
39893,0.000316,172.31.47.0-255,66,31024,87,223425
39894,0.000319,74.125.24.0-255,398,31422,87,223425
39895,0.000321,172.31.47.0-255,66,31488,87,223425
39896,0.000569,74.125.24.0-255,114,31602,87,223425
39897,0.000573,172.31.47.0-255,66,31668,87,223425
39898,0.000747,74.125.24.0-255,1484,33152,87,223425
39899,0.000751,172.31.47.0-255,66,33218,87,223425
39900,0.000756,74.125.24.0-255,2902,36120,87,223425
39901,0.000768,172.31.47.0-255,66,36186,87,223425
39902,0.000786,74.125.24.0-255,5738,41924,87,223425
39903,0.000799,172.31.47.0-255,66,41990,87,223425
39904,0.000805,74.125.24.0-255,4320,46310,87,223425
39905,0.000813,172.31.47.0-255,66,46376,87,223425
39906,0.000834,74.125.24.0-255,6797,53173,87,223425
39907,0.00084,172.31.47.0-255,66,53239,87,223425
39908,0.000843,74.125.24.0-255,7156,60395,87,223425
39909,0.000846,172.31.47.0-255,66,60461,87,223425
39910,0.000863,74.125.24.0-255,4320,64781,87,223425
39911,0.000866,74.125.24.0-255,1125,65906,87,223425
39912,0.000874,172.31.47.0-255,66,65972,87,223425
39913,0.000952,74.125.24.0-255,1484,67456,87,223425
39914,0.00097,74.125.24.0-255,2902,70358,87,223425
39915,0.000976,74.125.24.0-255,5738,76096,87,223425
39916,0.000977,172.31.47.0-255,66,76162,87,223425
39917,0.000981,172.31.47.0-255,66,76228,87,223425
39918,0.001,74.125.24.0-255,5738,81966,87,223425
39919,0.001004,172.31.47.0-255,66,82032,87,223425
39920,0.001026,74.125.24.0-255,7156,89188,87,223425
39921,0.001032,172.31.47.0-255,66,89254,87,223425
39922,0.001045,172.31.47.0-255,66,89320,87,223425
39923,0.001092,74.125.24.0-255,2184,91504,87,223425
39924,0.001095,74.125.24.0-255,2902,94406,87,223425
39925,0.001097,172.31.47.0-255,66,94472,87,223425
39926,0.0011,74.125.24.0-255,7156,101628,87,223425
39927,0.001103,74.125.24.0-255,1484,103112,87,223425
39928,0.00111,172.31.47.0-255,66,103178,87,223425
39929,0.001141,172.31.47.0-255,66,103244,87,223425
39930,0.001178,172.31.47.0-255,66,103310,87,223425
39931,0.001188,74.125.24.0-255,2184,105494,87,223425
39932,0.001195,172.31.47.0-255,66,105560,87,223425
39933,0.001211,74.125.24.0-255,2902,108462,87,223425
39934,0.001213,172.31.47.0-255,66,108528,87,223425
39935,0.001235,74.125.24.0-255,1484,110012,87,223425
39936,0.001241,74.125.24.0-255,5738,115750,87,223425
39937,0.001247,172.31.47.0-255,66,115816,87,223425
39938,0.001264,172.31.47.0-255,66,115882,87,223425
39939,0.001287,172.31.47.0-255,66,115948,87,223425
39940,0.00131,74.125.24.0-255,5738,121686,87,223425
39941,0.001316,172.31.47.0-255,66,121752,87,223425
39942,0.001322,74.125.24.0-255,2184,123936,87,223425
39943,0.001328,172.31.47.0-255,66,124002,87,223425
39944,0.001336,172.31.47.0-255,66,124068,87,223425
39945,0.001362,74.125.24.0-255,5738,129806,87,223425
39946,0.001367,172.31.47.0-255,66,129872,87,223425
39947,0.001409,74.125.24.0-255,766,130638,87,223425
39948,0.00141,172.31.47.0-255,66,130704,87,223425
39949,0.001428,74.125.24.0-255,4583,135287,87,223425
39950,0.001435,74.125.24.0-255,5738,141025,87,223425
39951,0.00144,172.31.47.0-255,66,141091,87,223425
39952,0.001472,172.31.47.0-255,66,141157,87,223425
39953,0.001497,74.125.24.0-255,1484,142641,87,223425
39954,0.00151,172.31.47.0-255,66,142707,87,223425
39955,0.001617,74.125.24.0-255,1484,144191,87,223425
39956,0.001622,74.125.24.0-255,2902,147093,87,223425
39957,0.001624,172.31.47.0-255,66,147159,87,223425
39958,0.001627,74.125.24.0-255,1484,148643,87,223425
39959,0.001651,74.125.24.0-255,4320,152963,87,223425
39960,0.001655,74.125.24.0-255,2902,155865,87,223425
39961,0.001668,172.31.47.0-255,66,155931,87,223425
39962,0.001672,172.31.47.0-255,66,155997,87,223425
39963,0.001673,74.125.24.0-255,4320,160317,87,223425
39964,0.001684,172.31.47.0-255,66,160383,87,223425
39965,0.001699,74.125.24.0-255,4320,164703,87,223425
39966,0.001706,172.31.47.0-255,66,164769,87,223425
39967,0.001727,74.125.24.0-255,2184,166953,87,223425
39968,0.001729,172.31.47.0-255,66,167019,87,223425
39969,0.001753,74.125.24.0-255,2902,169921,87,223425
39970,0.001759,172.31.47.0-255,66,169987,87,223425
39971,0.001786,74.125.24.0-255,5738,175725,87,223425
39972,0.001794,172.31.47.0-255,66,175791,87,223425
39973,0.001824,74.125.24.0-255,1484,177275,87,223425
39974,0.00186,172.31.47.0-255,66,177341,87,223425
39975,0.001862,74.125.24.0-255,766,178107,87,223425
39976,0.001871,172.31.47.0-255,66,178173,87,223425
39977,0.001899,74.125.24.0-255,1484,179657,87,223425
39978,0.001913,74.125.24.0-255,2902,182559,87,223425
39979,0.001926,172.31.47.0-255,66,182625,87,223425
39980,0.001929,74.125.24.0-255,1484,184109,87,223425
39981,0.001934,74.125.24.0-255,4320,188429,87,223425
39982,0.001941,172.31.47.0-255,66,188495,87,223425
39983,0.001973,172.31.47.0-255,66,188561,87,223425
39984,0.001983,74.125.24.0-255,4320,192881,87,223425
39985,0.001987,172.31.47.0-255,66,192947,87,223425
39986,0.002016,172.31.47.0-255,66,193013,87,223425
39987,0.00204,74.125.24.0-255,1484,194497,87,223425
39988,0.002051,74.125.24.0-255,2902,197399,87,223425
39989,0.002053,172.31.47.0-255,66,197465,87,223425
39990,0.002077,74.125.24.0-255,5738,203203,87,223425
39991,0.002081,74.125.24.0-255,2902,206105,87,223425
39992,0.002081,172.31.47.0-255,66,206171,87,223425
39993,0.002085,172.31.47.0-255,66,206237,87,223425
39994,0.002121,172.31.47.0-255,66,206303,87,223425
39995,0.00216,172.31.47.0-255,66,206369,87,223425
39996,0.002183,74.125.24.0-255,4320,210689,87,223425
39997,0.002192,172.31.47.0-255,66,210755,87,223425
39998,0.0022,74.125.24.0-255,5096,215851,87,223425
39999,0.002203,172.31.47.0-255,66,215917,87,223425
40000,0.002209,74.125.24.0-255,105,216022,87,223425
40001,0.003334,172.31.47.0-255,66,216088,87,223425
40002,0.003362,172.31.47.0-255,105,216193,87,223425
40003,0.005603,74.125.24.0-255,66,216259,87,223425
40004,0.031134,172.31.47.0-255,172,216431,87,223425
40005,0.031166,172.31.47.0-255,1111,217542,87,223425
40006,0.031199,172.31.47.0-255,1514,219056,87,223425
40007,0.031201,172.31.47.0-255,1514,220570,87,223425
40008,0.031202,172.31.47.0-255,1514,222084,87,223425
40009,0.031224,172.31.47.0-255,1077,223161,87,223425
40010,0.032614,104.244.42.0-255,66,223227,87,223425
40011,0.032639,104.244.42.0-255,66,223293,87,223425
40012,0.032691,104.244.42.0-255,66,223359,87,223425
40013,0.032694,104.244.42.0-255,66,223425,87,223425
40014,0.0,74.125.24.0-255,630,630,87,1286
40015,0.001002,74.125.24.0-255,66,696,87,1286
40016,0.001481,172.217.194.0-255,66,762,87,1286
40017,0.001487,172.217.194.0-255,66,828,87,1286
40018,0.001492,172.31.47.0-255,66,894,87,1286
40019,0.001495,172.217.194.0-255,66,960,87,1286
40020,0.001595,74.125.24.0-255,97,1057,87,1286
40021,0.0016,172.31.47.0-255,66,1123,87,1286
40022,0.00184,172.31.47.0-255,97,1220,87,1286
40023,0.008445,74.125.24.0-255,66,1286,87,1286
40024,0.0,172.31.47.0-255,105,105,87,105
40025,0.0,74.125.24.0-255,142,142,87,340134
40026,1.7e-05,172.31.47.0-255,66,208,87,340134
40027,2.4e-05,74.125.24.0-255,1484,1692,87,340134
40028,2.8e-05,172.31.47.0-255,66,1758,87,340134
40029,3.4e-05,74.125.24.0-255,2902,4660,87,340134
40030,4.3e-05,172.31.47.0-255,66,4726,87,340134
40031,5.2e-05,74.125.24.0-255,7156,11882,87,340134
40032,5.6e-05,172.31.47.0-255,66,11948,87,340134
40033,9.3e-05,74.125.24.0-255,2127,14075,87,340134
40034,9.6e-05,172.31.47.0-255,66,14141,87,340134
40035,0.000301,74.125.24.0-255,1484,15625,87,340134
40036,0.000306,172.31.47.0-255,66,15691,87,340134
40037,0.000313,74.125.24.0-255,2902,18593,87,340134
40038,0.000315,172.31.47.0-255,66,18659,87,340134
40039,0.000327,74.125.24.0-255,5738,24397,87,340134
40040,0.00033,172.31.47.0-255,66,24463,87,340134
40041,0.000335,74.125.24.0-255,4320,28783,87,340134
40042,0.000338,172.31.47.0-255,66,28849,87,340134
40043,0.000367,74.125.24.0-255,1484,30333,87,340134
40044,0.00037,172.31.47.0-255,66,30399,87,340134
40045,0.000373,74.125.24.0-255,1125,31524,87,340134
40046,0.000376,172.31.47.0-255,66,31590,87,340134
40047,0.000463,74.125.24.0-255,1484,33074,87,340134
40048,0.000466,172.31.47.0-255,66,33140,87,340134
40049,0.000472,74.125.24.0-255,2902,36042,87,340134
40050,0.000474,172.31.47.0-255,66,36108,87,340134
40051,0.000503,74.125.24.0-255,5738,41846,87,340134
40052,0.000506,172.31.47.0-255,66,41912,87,340134
40053,0.000543,172.31.47.0-255,66,41978,87,340134
40054,0.00057,74.125.24.0-255,2543,44521,87,340134
40055,0.000573,172.31.47.0-255,66,44587,87,340134
40056,0.000585,172.31.47.0-255,66,44653,87,340134
40057,0.001022,74.125.24.0-255,410,45063,87,340134
40058,0.001123,172.31.47.0-255,66,45129,87,340134
40059,0.001153,74.125.24.0-255,332,45461,87,340134
40060,0.00116,172.31.47.0-255,66,45527,87,340134
40061,0.001186,74.125.24.0-255,1484,47011,87,340134
40062,0.001191,74.125.24.0-255,4320,51331,87,340134
40063,0.001194,172.31.47.0-255,66,51397,87,340134
40064,0.001197,74.125.24.0-255,1484,52881,87,340134
40065,0.001224,74.125.24.0-255,4320,57201,87,340134
40066,0.001226,172.31.47.0-255,66,57267,87,340134
40067,0.001241,172.31.47.0-255,66,57333,87,340134
40068,0.001248,74.125.24.0-255,1484,58817,87,340134
40069,0.001274,74.125.24.0-255,6438,65255,87,340134
40070,0.001277,172.31.47.0-255,66,65321,87,340134
40071,0.001312,74.125.24.0-255,7156,72477,87,340134
40072,0.001315,172.31.47.0-255,66,72543,87,340134
40073,0.00132,74.125.24.0-255,2902,75445,87,340134
40074,0.001322,172.31.47.0-255,66,75511,87,340134
40075,0.00135,74.125.24.0-255,5738,81249,87,340134
40076,0.001353,172.31.47.0-255,66,81315,87,340134
40077,0.00136,74.125.24.0-255,7156,88471,87,340134
40078,0.001362,172.31.47.0-255,66,88537,87,340134
40079,0.001407,172.31.47.0-255,66,88603,87,340134
40080,0.00141,74.125.24.0-255,766,89369,87,340134
40081,0.001699,74.125.24.0-255,1484,90853,87,340134
40082,0.001704,172.31.47.0-255,66,90919,87,340134
40083,0.00171,74.125.24.0-255,2902,93821,87,340134
40084,0.001712,172.31.47.0-255,66,93887,87,340134
40085,0.001716,74.125.24.0-255,2902,96789,87,340134
40086,0.001723,172.31.47.0-255,66,96855,87,340134
40087,0.001755,74.125.24.0-255,2902,99757,87,340134
40088,0.001758,172.31.47.0-255,66,99823,87,340134
40089,0.001776,172.31.47.0-255,66,99889,87,340134
40090,0.001811,172.31.47.0-255,66,99955,87,340134
40091,0.001867,74.125.24.0-255,1484,101439,87,340134
40092,0.001872,74.125.24.0-255,2902,104341,87,340134
40093,0.001875,172.31.47.0-255,66,104407,87,340134
40094,0.0019,74.125.24.0-255,5738,110145,87,340134
40095,0.001902,172.31.47.0-255,66,110211,87,340134
40096,0.001905,74.125.24.0-255,1484,111695,87,340134
40097,0.001942,172.31.47.0-255,66,111761,87,340134
40098,0.001949,74.125.24.0-255,7156,118917,87,340134
40099,0.001951,172.31.47.0-255,66,118983,87,340134
40100,0.001968,74.125.24.0-255,2184,121167,87,340134
40101,0.00197,172.31.47.0-255,66,121233,87,340134
40102,0.004001,74.125.24.0-255,5738,126971,87,340134
40103,0.004008,172.31.47.0-255,66,127037,87,340134
40104,0.006059,74.125.24.0-255,5738,132775,87,340134
40105,0.006063,172.31.47.0-255,66,132841,87,340134
40106,0.008107,74.125.24.0-255,5738,138579,87,340134
40107,0.008113,172.31.47.0-255,66,138645,87,340134
40108,0.010117,74.125.24.0-255,5738,144383,87,340134
40109,0.010125,172.31.47.0-255,66,144449,87,340134
40110,0.012168,74.125.24.0-255,5738,150187,87,340134
40111,0.012175,172.31.47.0-255,66,150253,87,340134
40112,0.014228,74.125.24.0-255,5738,155991,87,340134
40113,0.014241,172.31.47.0-255,66,156057,87,340134
40114,0.016252,74.125.24.0-255,5738,161795,87,340134
40115,0.016263,172.31.47.0-255,66,161861,87,340134
40116,0.018288,74.125.24.0-255,5738,167599,87,340134
40117,0.018296,172.31.47.0-255,66,167665,87,340134
40118,0.020353,74.125.24.0-255,5738,173403,87,340134
40119,0.02036,172.31.47.0-255,66,173469,87,340134
40120,0.022393,74.125.24.0-255,5738,179207,87,340134
40121,0.022397,172.31.47.0-255,66,179273,87,340134
40122,0.024439,74.125.24.0-255,5738,185011,87,340134
40123,0.024447,172.31.47.0-255,66,185077,87,340134
40124,0.026456,74.125.24.0-255,5738,190815,87,340134
40125,0.026464,172.31.47.0-255,66,190881,87,340134
40126,0.028457,74.125.24.0-255,5738,196619,87,340134
40127,0.028464,172.31.47.0-255,66,196685,87,340134
40128,0.02892,172.31.47.0-255,167,196852,87,340134
40129,0.02895,172.31.47.0-255,1111,197963,87,340134
40130,0.029009,172.31.47.0-255,1514,199477,87,340134
40131,0.02901,172.31.47.0-255,1293,200770,87,340134
40132,0.030488,104.244.42.0-255,66,200836,87,340134
40133,0.030497,104.244.42.0-255,66,200902,87,340134
40134,0.030513,74.125.24.0-255,5738,206640,87,340134
40135,0.030517,172.31.47.0-255,66,206706,87,340134
40136,0.030574,104.244.42.0-255,66,206772,87,340134
40137,0.032538,74.125.24.0-255,5738,212510,87,340134
40138,0.032544,172.31.47.0-255,66,212576,87,340134
40139,0.034553,74.125.24.0-255,5738,218314,87,340134
40140,0.034559,172.31.47.0-255,66,218380,87,340134
40141,0.036608,74.125.24.0-255,5738,224118,87,340134
40142,0.036614,172.31.47.0-255,66,224184,87,340134
40143,0.038669,74.125.24.0-255,5738,229922,87,340134
40144,0.038675,172.31.47.0-255,66,229988,87,340134
40145,0.040725,74.125.24.0-255,5738,235726,87,340134
40146,0.040733,172.31.47.0-255,66,235792,87,340134
40147,0.042749,74.125.24.0-255,5738,241530,87,340134
40148,0.042755,172.31.47.0-255,66,241596,87,340134
40149,0.04475,74.125.24.0-255,5738,247334,87,340134
40150,0.044756,172.31.47.0-255,66,247400,87,340134
40151,0.046799,74.125.24.0-255,5738,253138,87,340134
40152,0.046805,172.31.47.0-255,66,253204,87,340134
40153,0.048869,74.125.24.0-255,5738,258942,87,340134
40154,0.048875,172.31.47.0-255,66,259008,87,340134
40155,0.050911,74.125.24.0-255,5738,264746,87,340134
40156,0.050917,172.31.47.0-255,66,264812,87,340134
40157,0.052908,74.125.24.0-255,5738,270550,87,340134
40158,0.052914,172.31.47.0-255,66,270616,87,340134
40159,0.05494,74.125.24.0-255,5738,276354,87,340134
40160,0.054945,172.31.47.0-255,66,276420,87,340134
40161,0.056989,74.125.24.0-255,5738,282158,87,340134
40162,0.056995,172.31.47.0-255,66,282224,87,340134
40163,0.05905,74.125.24.0-255,5738,287962,87,340134
40164,0.059056,172.31.47.0-255,66,288028,87,340134
40165,0.061114,74.125.24.0-255,5738,293766,87,340134
40166,0.061121,172.31.47.0-255,66,293832,87,340134
40167,0.063158,74.125.24.0-255,5738,299570,87,340134
40168,0.063165,172.31.47.0-255,66,299636,87,340134
40169,0.065179,74.125.24.0-255,5738,305374,87,340134
40170,0.065185,172.31.47.0-255,66,305440,87,340134
40171,0.067214,74.125.24.0-255,5738,311178,87,340134
40172,0.06722,172.31.47.0-255,66,311244,87,340134
40173,0.069225,74.125.24.0-255,5738,316982,87,340134
40174,0.069235,172.31.47.0-255,66,317048,87,340134
40175,0.071259,74.125.24.0-255,5738,322786,87,340134
40176,0.071266,172.31.47.0-255,66,322852,87,340134
40177,0.073312,74.125.24.0-255,5738,328590,87,340134
40178,0.073319,172.31.47.0-255,66,328656,87,340134
40179,0.075339,74.125.24.0-255,5738,334394,87,340134
40180,0.075345,172.31.47.0-255,66,334460,87,340134
40181,0.077355,74.125.24.0-255,5437,339897,87,340134
40182,0.077361,172.31.47.0-255,66,339963,87,340134
40183,0.077558,172.31.47.0-255,105,340068,87,340134
40184,0.079565,74.125.24.0-255,66,340134,87,340134
40185,0.0,74.125.68.0-255,146,146,87,275803
40186,2.8e-05,172.31.47.0-255,66,212,87,275803
40187,3.6e-05,74.125.68.0-255,1484,1696,87,275803
40188,3.9e-05,172.31.47.0-255,66,1762,87,275803
40189,4.5e-05,74.125.68.0-255,2902,4664,87,275803
40190,4.7e-05,172.31.47.0-255,66,4730,87,275803
40191,7.9e-05,74.125.68.0-255,1484,6214,87,275803
40192,8.1e-05,172.31.47.0-255,66,6280,87,275803
40193,0.000105,74.125.68.0-255,4320,10600,87,275803
40194,0.000108,172.31.47.0-255,66,10666,87,275803
40195,0.000235,74.125.68.0-255,4320,14986,87,275803
40196,0.000239,172.31.47.0-255,66,15052,87,275803
40197,0.000256,74.125.68.0-255,2166,17218,87,275803
40198,0.000258,172.31.47.0-255,66,17284,87,275803
40199,0.000409,74.125.68.0-255,7156,24440,87,275803
40200,0.000414,172.31.47.0-255,66,24506,87,275803
40201,0.00059,74.125.68.0-255,1484,25990,87,275803
40202,0.000594,172.31.47.0-255,66,26056,87,275803
40203,0.000632,172.31.47.0-255,66,26122,87,275803
40204,0.000992,74.125.68.0-255,5738,31860,87,275803
40205,0.000998,172.31.47.0-255,66,31926,87,275803
40206,0.001018,74.125.68.0-255,2543,34469,87,275803
40207,0.00102,172.31.47.0-255,66,34535,87,275803
40208,0.0012,74.125.68.0-255,2902,37437,87,275803
40209,0.001205,172.31.47.0-255,66,37503,87,275803
40210,0.001233,172.31.47.0-255,66,37569,87,275803
40211,0.001661,172.31.47.0-255,66,37635,87,275803
40212,0.001689,172.31.47.0-255,66,37701,87,275803
40213,0.002357,74.125.68.0-255,4320,42021,87,275803
40214,0.003363,74.125.68.0-255,2902,44923,87,275803
40215,0.006163,172.31.47.0-255,66,44989,87,275803
40216,0.00846,74.125.68.0-255,5738,50727,87,275803
40217,0.008472,172.31.47.0-255,66,50793,87,275803
40218,0.010745,74.125.68.0-255,5738,56531,87,275803
40219,0.013323,172.31.47.0-255,66,56597,87,275803
40220,0.015598,74.125.68.0-255,5738,62335,87,275803
40221,0.01561,172.31.47.0-255,66,62401,87,275803
40222,0.017874,74.125.68.0-255,5738,68139,87,275803
40223,0.018248,172.31.47.0-255,66,68205,87,275803
40224,0.020515,74.125.68.0-255,5738,73943,87,275803
40225,0.020522,172.31.47.0-255,66,74009,87,275803
40226,0.022791,74.125.68.0-255,5738,79747,87,275803
40227,0.022798,172.31.47.0-255,66,79813,87,275803
40228,0.024399,172.31.47.0-255,172,79985,87,275803
40229,0.02443,172.31.47.0-255,1111,81096,87,275803
40230,0.024492,172.31.47.0-255,1514,82610,87,275803
40231,0.024494,172.31.47.0-255,1514,84124,87,275803
40232,0.024495,172.31.47.0-255,1514,85638,87,275803
40233,0.02452,172.31.47.0-255,1073,86711,87,275803
40234,0.025074,74.125.68.0-255,4320,91031,87,275803
40235,0.025082,172.31.47.0-255,66,91097,87,275803
40236,0.025102,74.125.68.0-255,1484,92581,87,275803
40237,0.025933,104.244.42.0-255,66,92647,87,275803
40238,0.025985,104.244.42.0-255,66,92713,87,275803
40239,0.02608,104.244.42.0-255,66,92779,87,275803
40240,0.026085,104.244.42.0-255,66,92845,87,275803
40241,0.027363,74.125.68.0-255,4320,97165,87,275803
40242,0.02737,172.31.47.0-255,66,97231,87,275803
40243,0.029683,74.125.68.0-255,5738,102969,87,275803
40244,0.029724,172.31.47.0-255,66,103035,87,275803
40245,0.031992,74.125.68.0-255,5738,108773,87,275803
40246,0.031998,172.31.47.0-255,66,108839,87,275803
40247,0.034273,74.125.68.0-255,5738,114577,87,275803
40248,0.03428,172.31.47.0-255,66,114643,87,275803
40249,0.036546,74.125.68.0-255,5738,120381,87,275803
40250,0.036552,172.31.47.0-255,66,120447,87,275803
40251,0.038823,74.125.68.0-255,5738,126185,87,275803
40252,0.038829,172.31.47.0-255,66,126251,87,275803
40253,0.0411,74.125.68.0-255,5738,131989,87,275803
40254,0.041106,172.31.47.0-255,66,132055,87,275803
40255,0.043376,74.125.68.0-255,5738,137793,87,275803
40256,0.043384,172.31.47.0-255,66,137859,87,275803
40257,0.045655,74.125.68.0-255,5738,143597,87,275803
40258,0.045662,172.31.47.0-255,66,143663,87,275803
40259,0.047958,74.125.68.0-255,5738,149401,87,275803
40260,0.047964,172.31.47.0-255,66,149467,87,275803
40261,0.050233,74.125.68.0-255,5738,155205,87,275803
40262,0.050238,172.31.47.0-255,66,155271,87,275803
40263,0.0525,74.125.68.0-255,5738,161009,87,275803
40264,0.052507,172.31.47.0-255,66,161075,87,275803
40265,0.054793,74.125.68.0-255,5738,166813,87,275803
40266,0.054799,172.31.47.0-255,66,166879,87,275803
40267,0.05708,74.125.68.0-255,5738,172617,87,275803
40268,0.057086,172.31.47.0-255,66,172683,87,275803
40269,0.059347,74.125.68.0-255,4320,177003,87,275803
40270,0.059354,172.31.47.0-255,66,177069,87,275803
40271,0.059375,74.125.68.0-255,1484,178553,87,275803
40272,0.061627,74.125.68.0-255,4320,182873,87,275803
40273,0.061633,172.31.47.0-255,66,182939,87,275803
40274,0.063899,74.125.68.0-255,5738,188677,87,275803
40275,0.063951,172.31.47.0-255,66,188743,87,275803
40276,0.066204,74.125.68.0-255,5738,194481,87,275803
40277,0.066209,172.31.47.0-255,66,194547,87,275803
40278,0.068473,74.125.68.0-255,5738,200285,87,275803
40279,0.06848,172.31.47.0-255,66,200351,87,275803
40280,0.070775,74.125.68.0-255,5738,206089,87,275803
40281,0.07078,172.31.47.0-255,66,206155,87,275803
40282,0.07305,74.125.68.0-255,5738,211893,87,275803
40283,0.073056,172.31.47.0-255,66,211959,87,275803
40284,0.075324,74.125.68.0-255,5738,217697,87,275803
40285,0.075331,172.31.47.0-255,66,217763,87,275803
40286,0.077596,74.125.68.0-255,5738,223501,87,275803
40287,0.077602,172.31.47.0-255,66,223567,87,275803
40288,0.079872,74.125.68.0-255,5738,229305,87,275803
40289,0.079879,172.31.47.0-255,66,229371,87,275803
40290,0.08221,74.125.68.0-255,5738,235109,87,275803
40291,0.082216,172.31.47.0-255,66,235175,87,275803
40292,0.084485,74.125.68.0-255,5738,240913,87,275803
40293,0.084493,172.31.47.0-255,66,240979,87,275803
40294,0.086774,74.125.68.0-255,5738,246717,87,275803
40295,0.08678,172.31.47.0-255,66,246783,87,275803
40296,0.089041,74.125.68.0-255,5738,252521,87,275803
40297,0.089048,172.31.47.0-255,66,252587,87,275803
40298,0.09131,74.125.68.0-255,5738,258325,87,275803
40299,0.091316,172.31.47.0-255,66,258391,87,275803
40300,0.09359,74.125.68.0-255,5738,264129,87,275803
40301,0.093597,172.31.47.0-255,66,264195,87,275803
40302,0.09586,74.125.68.0-255,5738,269933,87,275803
40303,0.095866,172.31.47.0-255,66,269999,87,275803
40304,0.098145,74.125.68.0-255,5738,275737,87,275803
40305,0.098151,172.31.47.0-255,66,275803,87,275803
40306,0.0,172.31.47.0-255,105,105,87,272040
40307,0.037196,172.217.194.0-255,153,258,87,272040
40308,0.037228,172.31.47.0-255,66,324,87,272040
40309,0.037235,172.217.194.0-255,1484,1808,87,272040
40310,0.037239,172.31.47.0-255,66,1874,87,272040
40311,0.037243,172.217.194.0-255,2902,4776,87,272040
40312,0.037245,172.31.47.0-255,66,4842,87,272040
40313,0.037252,172.217.194.0-255,7156,11998,87,272040
40314,0.037254,172.31.47.0-255,66,12064,87,272040
40315,0.037269,172.217.194.0-255,1484,13548,87,272040
40316,0.03727,172.31.47.0-255,66,13614,87,272040
40317,0.037289,172.217.194.0-255,2173,15787,87,272040
40318,0.037292,172.31.47.0-255,66,15853,87,272040
40319,0.037297,172.217.194.0-255,4320,20173,87,272040
40320,0.037298,172.31.47.0-255,66,20239,87,272040
40321,0.037304,172.217.194.0-255,5738,25977,87,272040
40322,0.037306,172.31.47.0-255,66,26043,87,272040
40323,0.037321,172.217.194.0-255,4320,30363,87,272040
40324,0.037324,172.31.47.0-255,66,30429,87,272040
40325,0.037326,172.217.194.0-255,1125,31554,87,272040
40326,0.037328,172.31.47.0-255,66,31620,87,272040
40327,0.037351,172.217.194.0-255,1484,33104,87,272040
40328,0.037354,172.31.47.0-255,66,33170,87,272040
40329,0.037375,172.217.194.0-255,4320,37490,87,272040
40330,0.037377,172.31.47.0-255,66,37556,87,272040
40331,0.037383,172.217.194.0-255,5738,43294,87,272040
40332,0.037385,172.31.47.0-255,66,43360,87,272040
40333,0.037404,172.217.194.0-255,2902,46262,87,272040
40334,0.037406,172.31.47.0-255,66,46328,87,272040
40335,0.037418,172.31.47.0-255,66,46394,87,272040
40336,0.037421,172.217.194.0-255,1484,47878,87,272040
40337,0.037423,172.31.47.0-255,66,47944,87,272040
40338,0.037453,172.31.47.0-255,66,48010,87,272040
40339,0.037464,172.217.194.0-255,374,48384,87,272040
40340,0.037508,172.217.194.0-255,100,48484,87,272040
40341,0.037529,172.217.194.0-255,366,48850,87,272040
40342,0.037746,172.217.194.0-255,1484,50334,87,272040
40343,0.03775,172.31.47.0-255,66,50400,87,272040
40344,0.037754,172.217.194.0-255,1484,51884,87,272040
40345,0.037773,172.217.194.0-255,1484,53368,87,272040
40346,0.037778,172.31.47.0-255,66,53434,87,272040
40347,0.037779,172.217.194.0-255,5738,59172,87,272040
40348,0.037782,172.31.47.0-255,66,59238,87,272040
40349,0.037784,172.217.194.0-255,4320,63558,87,272040
40350,0.037786,172.31.47.0-255,66,63624,87,272040
40351,0.037806,172.217.194.0-255,5738,69362,87,272040
40352,0.037809,172.31.47.0-255,66,69428,87,272040
40353,0.03784,172.217.194.0-255,2902,72330,87,272040
40354,0.037843,172.31.47.0-255,66,72396,87,272040
40355,0.037875,172.31.47.0-255,66,72462,87,272040
40356,0.038507,172.217.194.0-255,1484,73946,87,272040
40357,0.038515,172.217.194.0-255,2902,76848,87,272040
40358,0.038519,172.31.47.0-255,66,76914,87,272040
40359,0.038524,172.217.194.0-255,1484,78398,87,272040
40360,0.038538,172.217.194.0-255,4320,82718,87,272040
40361,0.03854,172.31.47.0-255,66,82784,87,272040
40362,0.03856,172.217.194.0-255,4320,87104,87,272040
40363,0.038563,172.31.47.0-255,66,87170,87,272040
40364,0.038582,172.31.47.0-255,66,87236,87,272040
40365,0.038587,172.217.194.0-255,4320,91556,87,272040
40366,0.038589,172.31.47.0-255,66,91622,87,272040
40367,0.038592,172.217.194.0-255,1484,93106,87,272040
40368,0.038616,172.217.194.0-255,5020,98126,87,272040
40369,0.038618,172.31.47.0-255,66,98192,87,272040
40370,0.038623,172.217.194.0-255,4320,102512,87,272040
40371,0.038624,172.31.47.0-255,66,102578,87,272040
40372,0.038637,172.217.194.0-255,2902,105480,87,272040
40373,0.038639,172.31.47.0-255,66,105546,87,272040
40374,0.038643,172.217.194.0-255,1484,107030,87,272040
40375,0.038684,172.31.47.0-255,66,107096,87,272040
40376,0.038732,172.31.47.0-255,66,107162,87,272040
40377,0.038783,172.31.47.0-255,66,107228,87,272040
40378,0.038794,172.31.47.0-255,66,107294,87,272040
40379,0.03883,172.31.47.0-255,66,107360,87,272040
40380,0.038839,172.31.47.0-255,66,107426,87,272040
40381,0.038865,172.217.194.0-255,7156,114582,87,272040
40382,0.038867,172.31.47.0-255,66,114648,87,272040
40383,0.038896,172.31.47.0-255,66,114714,87,272040
40384,0.038912,172.217.194.0-255,1484,116198,87,272040
40385,0.038926,172.217.194.0-255,3602,119800,87,272040
40386,0.038929,172.31.47.0-255,66,119866,87,272040
40387,0.038965,172.217.194.0-255,1484,121350,87,272040
40388,0.038968,172.217.194.0-255,1484,122834,87,272040
40389,0.038971,172.31.47.0-255,66,122900,87,272040
40390,0.038988,172.217.194.0-255,1484,124384,87,272040
40391,0.038991,172.217.194.0-255,1484,125868,87,272040
40392,0.038993,172.31.47.0-255,66,125934,87,272040
40393,0.039011,172.217.194.0-255,4320,130254,87,272040
40394,0.039013,172.31.47.0-255,66,130320,87,272040
40395,0.039027,172.217.194.0-255,1484,131804,87,272040
40396,0.039055,172.31.47.0-255,66,131870,87,272040
40397,0.039068,172.217.194.0-255,2902,134772,87,272040
40398,0.039069,172.31.47.0-255,66,134838,87,272040
40399,0.039075,172.217.194.0-255,7156,141994,87,272040
40400,0.039077,172.31.47.0-255,66,142060,87,272040
40401,0.039089,172.217.194.0-255,2902,144962,87,272040
40402,0.039091,172.31.47.0-255,66,145028,87,272040
40403,0.039102,172.217.194.0-255,2184,147212,87,272040
40404,0.039104,172.31.47.0-255,66,147278,87,272040
40405,0.039107,172.217.194.0-255,2902,150180,87,272040
40406,0.039109,172.31.47.0-255,66,150246,87,272040
40407,0.039115,172.217.194.0-255,7156,157402,87,272040
40408,0.039117,172.31.47.0-255,66,157468,87,272040
40409,0.039122,172.217.194.0-255,5738,163206,87,272040
40410,0.039125,172.31.47.0-255,66,163272,87,272040
40411,0.039143,172.31.47.0-255,66,163338,87,272040
40412,0.039148,172.217.194.0-255,6438,169776,87,272040
40413,0.03915,172.31.47.0-255,66,169842,87,272040
40414,0.039174,172.217.194.0-255,2902,172744,87,272040
40415,0.039175,172.31.47.0-255,66,172810,87,272040
40416,0.039201,172.31.47.0-255,66,172876,87,272040
40417,0.041139,172.217.194.0-255,4320,177196,87,272040
40418,0.041141,172.31.47.0-255,66,177262,87,272040
40419,0.041155,172.217.194.0-255,1484,178746,87,272040
40420,0.043071,172.217.194.0-255,4320,183066,87,272040
40421,0.043078,172.31.47.0-255,66,183132,87,272040
40422,0.045017,172.217.194.0-255,5738,188870,87,272040
40423,0.045024,172.31.47.0-255,66,188936,87,272040
40424,0.046972,172.217.194.0-255,5738,194674,87,272040
40425,0.046979,172.31.47.0-255,66,194740,87,272040
40426,0.048907,172.217.194.0-255,5738,200478,87,272040
40427,0.048914,172.31.47.0-255,66,200544,87,272040
40428,0.050869,172.217.194.0-255,5738,206282,87,272040
40429,0.050874,172.31.47.0-255,66,206348,87,272040
40430,0.052802,172.217.194.0-255,5738,212086,87,272040
40431,0.05281,172.31.47.0-255,66,212152,87,272040
40432,0.054745,172.217.194.0-255,5738,217890,87,272040
40433,0.054751,172.31.47.0-255,66,217956,87,272040
40434,0.056669,172.217.194.0-255,5738,223694,87,272040
40435,0.056674,172.31.47.0-255,66,223760,87,272040
40436,0.058655,172.217.194.0-255,5738,229498,87,272040
40437,0.058663,172.31.47.0-255,66,229564,87,272040
40438,0.060609,172.217.194.0-255,5738,235302,87,272040
40439,0.060616,172.31.47.0-255,66,235368,87,272040
40440,0.061002,172.31.47.0-255,172,235540,87,272040
40441,0.061033,172.31.47.0-255,1111,236651,87,272040
40442,0.061102,172.31.47.0-255,1514,238165,87,272040
40443,0.061104,172.31.47.0-255,330,238495,87,272040
40444,0.062527,104.244.42.0-255,66,238561,87,272040
40445,0.062536,104.244.42.0-255,66,238627,87,272040
40446,0.062544,172.217.194.0-255,2902,241529,87,272040
40447,0.062549,172.31.47.0-255,66,241595,87,272040
40448,0.06257,172.217.194.0-255,2902,244497,87,272040
40449,0.062573,172.31.47.0-255,66,244563,87,272040
40450,0.062614,104.244.42.0-255,66,244629,87,272040
40451,0.06452,172.217.194.0-255,5738,250367,87,272040
40452,0.064527,172.31.47.0-255,66,250433,87,272040
40453,0.066464,172.217.194.0-255,1484,251917,87,272040
40454,0.066493,172.217.194.0-255,4320,256237,87,272040
40455,0.066497,172.31.47.0-255,66,256303,87,272040
40456,0.068461,172.217.194.0-255,5738,262041,87,272040
40457,0.068467,172.31.47.0-255,66,262107,87,272040
40458,0.070395,172.217.194.0-255,5738,267845,87,272040
40459,0.0704,172.31.47.0-255,66,267911,87,272040
40460,0.072348,172.217.194.0-255,3787,271698,87,272040
40461,0.072359,172.31.47.0-255,66,271764,87,272040
40462,0.072542,172.31.47.0-255,105,271869,87,272040
40463,0.074458,172.217.194.0-255,66,271935,87,272040
40464,0.077653,31.13.82.0-255,105,272040,87,272040
40465,0.0,74.125.24.0-255,297,297,87,212636
40466,2.8e-05,172.31.47.0-255,66,363,87,212636
40467,3.5e-05,74.125.24.0-255,1484,1847,87,212636
40468,3.8e-05,172.31.47.0-255,66,1913,87,212636
40469,4.1e-05,74.125.24.0-255,1484,3397,87,212636
40470,4.2e-05,172.31.47.0-255,66,3463,87,212636
40471,4.8e-05,74.125.24.0-255,4320,7783,87,212636
40472,5e-05,172.31.47.0-255,66,7849,87,212636
40473,7.3e-05,74.125.24.0-255,2902,10751,87,212636
40474,7.5e-05,172.31.47.0-255,66,10817,87,212636
40475,9.6e-05,74.125.24.0-255,3283,14100,87,212636
40476,9.9e-05,172.31.47.0-255,66,14166,87,212636
40477,0.000139,74.125.24.0-255,4320,18486,87,212636
40478,0.000142,172.31.47.0-255,66,18552,87,212636
40479,0.000159,74.125.24.0-255,2902,21454,87,212636
40480,0.000161,172.31.47.0-255,66,21520,87,212636
40481,0.000176,74.125.24.0-255,2902,24422,87,212636
40482,0.000178,172.31.47.0-255,66,24488,87,212636
40483,0.000194,74.125.24.0-255,4320,28808,87,212636
40484,0.000196,172.31.47.0-255,66,28874,87,212636
40485,0.000231,74.125.24.0-255,2543,31417,87,212636
40486,0.000233,172.31.47.0-255,66,31483,87,212636
40487,0.000277,74.125.24.0-255,1484,32967,87,212636
40488,0.00028,172.31.47.0-255,66,33033,87,212636
40489,0.000284,74.125.24.0-255,2902,35935,87,212636
40490,0.000286,172.31.47.0-255,66,36001,87,212636
40491,0.000299,74.125.24.0-255,4320,40321,87,212636
40492,0.000301,172.31.47.0-255,66,40387,87,212636
40493,0.000315,74.125.24.0-255,1484,41871,87,212636
40494,0.000316,172.31.47.0-255,66,41937,87,212636
40495,0.00032,74.125.24.0-255,2902,44839,87,212636
40496,0.000322,172.31.47.0-255,66,44905,87,212636
40497,0.000344,74.125.24.0-255,3961,48866,87,212636
40498,0.000346,172.31.47.0-255,66,48932,87,212636
40499,0.000352,74.125.24.0-255,7156,56088,87,212636
40500,0.000354,172.31.47.0-255,66,56154,87,212636
40501,0.000379,74.125.24.0-255,4320,60474,87,212636
40502,0.000382,172.31.47.0-255,66,60540,87,212636
40503,0.000405,74.125.24.0-255,5694,66234,87,212636
40504,0.000407,172.31.47.0-255,66,66300,87,212636
40505,0.00041,74.125.24.0-255,107,66407,87,212636
40506,0.000413,74.125.24.0-255,331,66738,87,212636
40507,0.000648,74.125.24.0-255,1484,68222,87,212636
40508,0.000652,172.31.47.0-255,66,68288,87,212636
40509,0.000657,74.125.24.0-255,2902,71190,87,212636
40510,0.000659,172.31.47.0-255,66,71256,87,212636
40511,0.000664,74.125.24.0-255,5738,76994,87,212636
40512,0.000666,172.31.47.0-255,66,77060,87,212636
40513,0.000688,172.31.47.0-255,66,77126,87,212636
40514,0.000734,74.125.24.0-255,1484,78610,87,212636
40515,0.000748,74.125.24.0-255,5738,84348,87,212636
40516,0.000753,172.31.47.0-255,66,84414,87,212636
40517,0.000757,74.125.24.0-255,2902,87316,87,212636
40518,0.000759,172.31.47.0-255,66,87382,87,212636
40519,0.000772,74.125.24.0-255,5020,92402,87,212636
40520,0.000774,172.31.47.0-255,66,92468,87,212636
40521,0.000971,74.125.24.0-255,1484,93952,87,212636
40522,0.000975,74.125.24.0-255,1484,95436,87,212636
40523,0.000977,172.31.47.0-255,66,95502,87,212636
40524,0.000993,74.125.24.0-255,1484,96986,87,212636
40525,0.000999,74.125.24.0-255,5738,102724,87,212636
40526,0.001001,172.31.47.0-255,66,102790,87,212636
40527,0.001029,172.31.47.0-255,66,102856,87,212636
40528,0.001032,74.125.24.0-255,1484,104340,87,212636
40529,0.001052,74.125.24.0-255,5738,110078,87,212636
40530,0.001054,172.31.47.0-255,66,110144,87,212636
40531,0.001085,74.125.24.0-255,3602,113746,87,212636
40532,0.001087,172.31.47.0-255,66,113812,87,212636
40533,0.001091,74.125.24.0-255,2902,116714,87,212636
40534,0.001093,172.31.47.0-255,66,116780,87,212636
40535,0.001104,74.125.24.0-255,1484,118264,87,212636
40536,0.001158,74.125.24.0-255,7156,125420,87,212636
40537,0.001161,172.31.47.0-255,66,125486,87,212636
40538,0.00118,74.125.24.0-255,2902,128388,87,212636
40539,0.001182,172.31.47.0-255,66,128454,87,212636
40540,0.001197,172.31.47.0-255,66,128520,87,212636
40541,0.001357,74.125.24.0-255,1484,130004,87,212636
40542,0.001362,74.125.24.0-255,2902,132906,87,212636
40543,0.001365,172.31.47.0-255,66,132972,87,212636
40544,0.00137,74.125.24.0-255,4320,137292,87,212636
40545,0.001371,172.31.47.0-255,66,137358,87,212636
40546,0.001382,74.125.24.0-255,1484,138842,87,212636
40547,0.001396,74.125.24.0-255,7156,145998,87,212636
40548,0.001399,172.31.47.0-255,66,146064,87,212636
40549,0.001419,172.31.47.0-255,66,146130,87,212636
40550,0.001448,74.125.24.0-255,5738,151868,87,212636
40551,0.00145,172.31.47.0-255,66,151934,87,212636
40552,0.001467,74.125.24.0-255,2184,154118,87,212636
40553,0.001471,172.31.47.0-255,66,154184,87,212636
40554,0.001495,74.125.24.0-255,1484,155668,87,212636
40555,0.001519,74.125.24.0-255,2902,158570,87,212636
40556,0.001521,172.31.47.0-255,66,158636,87,212636
40557,0.001525,74.125.24.0-255,2902,161538,87,212636
40558,0.001527,172.31.47.0-255,66,161604,87,212636
40559,0.001541,74.125.24.0-255,2902,164506,87,212636
40560,0.001544,172.31.47.0-255,66,164572,87,212636
40561,0.001553,172.31.47.0-255,66,164638,87,212636
40562,0.001598,74.125.24.0-255,5738,170376,87,212636
40563,0.001601,172.31.47.0-255,66,170442,87,212636
40564,0.00162,172.31.47.0-255,66,170508,87,212636
40565,0.001699,74.125.24.0-255,1484,171992,87,212636
40566,0.001723,74.125.24.0-255,2902,174894,87,212636
40567,0.001725,172.31.47.0-255,66,174960,87,212636
40568,0.001731,74.125.24.0-255,5738,180698,87,212636
40569,0.001733,172.31.47.0-255,66,180764,87,212636
40570,0.00177,172.31.47.0-255,66,180830,87,212636
40571,0.001802,74.125.24.0-255,4320,185150,87,212636
40572,0.001805,172.31.47.0-255,66,185216,87,212636
40573,0.001833,172.31.47.0-255,66,185282,87,212636
40574,0.002149,74.125.24.0-255,1484,186766,87,212636
40575,0.002154,74.125.24.0-255,2902,189668,87,212636
40576,0.002157,172.31.47.0-255,66,189734,87,212636
40577,0.002167,74.125.24.0-255,1484,191218,87,212636
40578,0.002184,74.125.24.0-255,4320,195538,87,212636
40579,0.002187,172.31.47.0-255,66,195604,87,212636
40580,0.002191,74.125.24.0-255,2902,198506,87,212636
40581,0.002192,172.31.47.0-255,66,198572,87,212636
40582,0.002216,172.31.47.0-255,66,198638,87,212636
40583,0.00222,172.31.47.0-255,66,198704,87,212636
40584,0.002261,74.125.24.0-255,5738,204442,87,212636
40585,0.002265,172.31.47.0-255,66,204508,87,212636
40586,0.002295,172.31.47.0-255,66,204574,87,212636
40587,0.002339,74.125.24.0-255,2902,207476,87,212636
40588,0.002342,172.31.47.0-255,66,207542,87,212636
40589,0.00237,172.31.47.0-255,66,207608,87,212636
40590,0.002381,172.31.47.0-255,66,207674,87,212636
40591,0.00239,172.31.47.0-255,66,207740,87,212636
40592,0.00242,172.31.47.0-255,66,207806,87,212636
40593,0.002434,172.31.47.0-255,66,207872,87,212636
40594,0.002446,172.31.47.0-255,66,207938,87,212636
40595,0.002493,172.31.47.0-255,66,208004,87,212636
40596,0.002513,74.125.24.0-255,105,208109,87,212636
40597,0.003158,172.31.47.0-255,66,208175,87,212636
40598,0.003181,172.31.47.0-255,105,208280,87,212636
40599,0.005695,74.125.24.0-255,66,208346,87,212636
40600,0.029734,172.31.47.0-255,172,208518,87,212636
40601,0.029761,172.31.47.0-255,1107,209625,87,212636
40602,0.029797,172.31.47.0-255,1514,211139,87,212636
40603,0.029799,172.31.47.0-255,1299,212438,87,212636
40604,0.031224,104.244.42.0-255,66,212504,87,212636
40605,0.031238,104.244.42.0-255,66,212570,87,212636
40606,0.031288,104.244.42.0-255,66,212636,87,212636
40607,0.0,172.217.194.0-255,153,153,87,357489
40608,3.3e-05,172.31.47.0-255,66,219,87,357489
40609,4e-05,172.217.194.0-255,1484,1703,87,357489
40610,4.5e-05,172.31.47.0-255,66,1769,87,357489
40611,4.9e-05,172.217.194.0-255,2902,4671,87,357489
40612,5.8e-05,172.31.47.0-255,66,4737,87,357489
40613,6.5e-05,172.217.194.0-255,7156,11893,87,357489
40614,6.8e-05,172.31.47.0-255,66,11959,87,357489
40615,7.9e-05,172.31.47.0-255,66,12025,87,357489
40616,0.000118,172.217.194.0-255,6230,18255,87,357489
40617,0.000122,172.31.47.0-255,66,18321,87,357489
40618,0.000125,172.217.194.0-255,2543,20864,87,357489
40619,0.000128,172.31.47.0-255,66,20930,87,357489
40620,0.000134,172.217.194.0-255,7156,28086,87,357489
40621,0.000136,172.31.47.0-255,66,28152,87,357489
40622,0.000159,172.217.194.0-255,5738,33890,87,357489
40623,0.000161,172.31.47.0-255,66,33956,87,357489
40624,0.000174,172.217.194.0-255,3961,37917,87,357489
40625,0.000176,172.31.47.0-255,66,37983,87,357489
40626,0.000368,172.217.194.0-255,1484,39467,87,357489
40627,0.000372,172.31.47.0-255,66,39533,87,357489
40628,0.000403,172.217.194.0-255,2902,42435,87,357489
40629,0.000407,172.31.47.0-255,66,42501,87,357489
40630,0.000412,172.217.194.0-255,5738,48239,87,357489
40631,0.000415,172.31.47.0-255,66,48305,87,357489
40632,0.00043,172.31.47.0-255,66,48371,87,357489
40633,0.000464,172.217.194.0-255,3961,52332,87,357489
40634,0.000467,172.31.47.0-255,66,52398,87,357489
40635,0.000477,172.31.47.0-255,66,52464,87,357489
40636,0.000485,172.217.194.0-255,2902,55366,87,357489
40637,0.000487,172.31.47.0-255,66,55432,87,357489
40638,0.000532,172.31.47.0-255,66,55498,87,357489
40639,0.000558,172.217.194.0-255,1484,56982,87,357489
40640,0.000563,172.217.194.0-255,2902,59884,87,357489
40641,0.000566,172.31.47.0-255,66,59950,87,357489
40642,0.000569,172.217.194.0-255,1484,61434,87,357489
40643,0.000594,172.217.194.0-255,4320,65754,87,357489
40644,0.000597,172.31.47.0-255,66,65820,87,357489
40645,0.000599,172.217.194.0-255,1484,67304,87,357489
40646,0.000636,172.217.194.0-255,5265,72569,87,357489
40647,0.000639,172.31.47.0-255,66,72635,87,357489
40648,0.000852,172.217.194.0-255,211,72846,87,357489
40649,0.000893,172.217.194.0-255,1484,74330,87,357489
40650,0.000897,172.31.47.0-255,66,74396,87,357489
40651,0.000906,172.217.194.0-255,4320,78716,87,357489
40652,0.000908,172.31.47.0-255,66,78782,87,357489
40653,0.000922,172.31.47.0-255,66,78848,87,357489
40654,0.000926,172.217.194.0-255,2543,81391,87,357489
40655,0.000928,172.31.47.0-255,66,81457,87,357489
40656,0.001359,172.217.194.0-255,1484,82941,87,357489
40657,0.001368,172.217.194.0-255,2902,85843,87,357489
40658,0.001371,172.31.47.0-255,66,85909,87,357489
40659,0.001378,172.217.194.0-255,5738,91647,87,357489
40660,0.00138,172.31.47.0-255,66,91713,87,357489
40661,0.001385,172.217.194.0-255,4320,96033,87,357489
40662,0.001392,172.31.47.0-255,66,96099,87,357489
40663,0.001413,172.217.194.0-255,1484,97583,87,357489
40664,0.00142,172.217.194.0-255,7156,104739,87,357489
40665,0.001423,172.31.47.0-255,66,104805,87,357489
40666,0.001443,172.217.194.0-255,5738,110543,87,357489
40667,0.00145,172.31.47.0-255,66,110609,87,357489
40668,0.001456,172.217.194.0-255,5020,115629,87,357489
40669,0.001458,172.31.47.0-255,66,115695,87,357489
40670,0.002153,172.217.194.0-255,1484,117179,87,357489
40671,0.00216,172.217.194.0-255,2902,120081,87,357489
40672,0.002163,172.31.47.0-255,66,120147,87,357489
40673,0.002167,172.217.194.0-255,1484,121631,87,357489
40674,0.002192,172.217.194.0-255,4320,125951,87,357489
40675,0.002194,172.31.47.0-255,66,126017,87,357489
40676,0.002205,172.31.47.0-255,66,126083,87,357489
40677,0.002219,172.217.194.0-255,5738,131821,87,357489
40678,0.002224,172.31.47.0-255,66,131887,87,357489
40679,0.002243,172.217.194.0-255,1484,133371,87,357489
40680,0.002255,172.217.194.0-255,3602,136973,87,357489
40681,0.002257,172.31.47.0-255,66,137039,87,357489
40682,0.002314,172.217.194.0-255,1484,138523,87,357489
40683,0.002318,172.217.194.0-255,2902,141425,87,357489
40684,0.002319,172.31.47.0-255,66,141491,87,357489
40685,0.002338,172.217.194.0-255,4320,145811,87,357489
40686,0.002339,172.31.47.0-255,66,145877,87,357489
40687,0.00235,172.217.194.0-255,1484,147361,87,357489
40688,0.002357,172.217.194.0-255,2902,150263,87,357489
40689,0.002358,172.31.47.0-255,66,150329,87,357489
40690,0.004642,172.217.194.0-255,1484,151813,87,357489
40691,0.004692,172.217.194.0-255,4320,156133,87,357489
40692,0.004696,172.31.47.0-255,66,156199,87,357489
40693,0.007023,172.217.194.0-255,4320,160519,87,357489
40694,0.007029,172.31.47.0-255,66,160585,87,357489
40695,0.007061,172.217.194.0-255,1484,162069,87,357489
40696,0.009337,172.217.194.0-255,4320,166389,87,357489
40697,0.009345,172.31.47.0-255,66,166455,87,357489
40698,0.011692,172.217.194.0-255,5738,172193,87,357489
40699,0.011705,172.31.47.0-255,66,172259,87,357489
40700,0.014047,172.217.194.0-255,5738,177997,87,357489
40701,0.01406,172.31.47.0-255,66,178063,87,357489
40702,0.016414,172.217.194.0-255,5738,183801,87,357489
40703,0.016422,172.31.47.0-255,66,183867,87,357489
40704,0.018768,172.217.194.0-255,5738,189605,87,357489
40705,0.018773,172.31.47.0-255,66,189671,87,357489
40706,0.021097,172.217.194.0-255,5738,195409,87,357489
40707,0.021103,172.31.47.0-255,66,195475,87,357489
40708,0.023424,172.217.194.0-255,5738,201213,87,357489
40709,0.023429,172.31.47.0-255,66,201279,87,357489
40710,0.024523,172.31.47.0-255,171,201450,87,357489
40711,0.024549,172.31.47.0-255,1137,202587,87,357489
40712,0.024584,172.31.47.0-255,1514,204101,87,357489
40713,0.024585,172.31.47.0-255,1514,205615,87,357489
40714,0.024586,172.31.47.0-255,1514,207129,87,357489
40715,0.024588,172.31.47.0-255,1047,208176,87,357489
40716,0.025764,172.217.194.0-255,5738,213914,87,357489
40717,0.025769,172.31.47.0-255,66,213980,87,357489
40718,0.02609,104.244.42.0-255,66,214046,87,357489
40719,0.026126,104.244.42.0-255,66,214112,87,357489
40720,0.026159,104.244.42.0-255,66,214178,87,357489
40721,0.026162,104.244.42.0-255,66,214244,87,357489
40722,0.028103,172.217.194.0-255,4320,218564,87,357489
40723,0.028109,172.31.47.0-255,66,218630,87,357489
40724,0.02814,172.217.194.0-255,1484,220114,87,357489
40725,0.030447,172.217.194.0-255,2902,223016,87,357489
40726,0.030452,172.31.47.0-255,66,223082,87,357489
40727,0.030476,172.217.194.0-255,1484,224566,87,357489
40728,0.032793,172.217.194.0-255,4320,228886,87,357489
40729,0.032799,172.31.47.0-255,66,228952,87,357489
40730,0.035112,172.217.194.0-255,4320,233272,87,357489
40731,0.035116,172.31.47.0-255,66,233338,87,357489
40732,0.035147,172.217.194.0-255,1484,234822,87,357489
40733,0.037454,172.217.194.0-255,4320,239142,87,357489
40734,0.03746,172.31.47.0-255,66,239208,87,357489
40735,0.039805,172.217.194.0-255,5738,244946,87,357489
40736,0.03981,172.31.47.0-255,66,245012,87,357489
40737,0.042165,172.217.194.0-255,5738,250750,87,357489
40738,0.04217,172.31.47.0-255,66,250816,87,357489
40739,0.044514,172.217.194.0-255,5738,256554,87,357489
40740,0.044522,172.31.47.0-255,66,256620,87,357489
40741,0.046831,172.217.194.0-255,2902,259522,87,357489
40742,0.046837,172.31.47.0-255,66,259588,87,357489
40743,0.046873,172.217.194.0-255,2902,262490,87,357489
40744,0.046876,172.31.47.0-255,66,262556,87,357489
40745,0.049156,172.217.194.0-255,2902,265458,87,357489
40746,0.049161,172.31.47.0-255,66,265524,87,357489
40747,0.049186,172.217.194.0-255,2902,268426,87,357489
40748,0.049189,172.31.47.0-255,66,268492,87,357489
40749,0.051475,172.217.194.0-255,2902,271394,87,357489
40750,0.051482,172.31.47.0-255,66,271460,87,357489
40751,0.051524,172.217.194.0-255,2902,274362,87,357489
40752,0.051528,172.31.47.0-255,66,274428,87,357489
40753,0.053801,172.217.194.0-255,2902,277330,87,357489
40754,0.053806,172.31.47.0-255,66,277396,87,357489
40755,0.053836,172.217.194.0-255,1484,278880,87,357489
40756,0.053846,172.217.194.0-255,1484,280364,87,357489
40757,0.053849,172.31.47.0-255,66,280430,87,357489
40758,0.056151,172.217.194.0-255,4320,284750,87,357489
40759,0.056156,172.31.47.0-255,66,284816,87,357489
40760,0.056207,172.217.194.0-255,1484,286300,87,357489
40761,0.058479,172.217.194.0-255,4320,290620,87,357489
40762,0.058484,172.31.47.0-255,66,290686,87,357489
40763,0.060813,172.217.194.0-255,2902,293588,87,357489
40764,0.060819,172.31.47.0-255,66,293654,87,357489
40765,0.060886,172.217.194.0-255,2902,296556,87,357489
40766,0.06089,172.31.47.0-255,66,296622,87,357489
40767,0.063157,172.217.194.0-255,2902,299524,87,357489
40768,0.063162,172.31.47.0-255,66,299590,87,357489
40769,0.063204,172.217.194.0-255,2902,302492,87,357489
40770,0.063207,172.31.47.0-255,66,302558,87,357489
40771,0.065483,172.217.194.0-255,2902,305460,87,357489
40772,0.065488,172.31.47.0-255,66,305526,87,357489
40773,0.065525,172.217.194.0-255,2902,308428,87,357489
40774,0.065527,172.31.47.0-255,66,308494,87,357489
40775,0.067827,172.217.194.0-255,2902,311396,87,357489
40776,0.067837,172.31.47.0-255,66,311462,87,357489
40777,0.067868,172.217.194.0-255,2902,314364,87,357489
40778,0.067872,172.31.47.0-255,66,314430,87,357489
40779,0.070152,172.217.194.0-255,2902,317332,87,357489
40780,0.070161,172.31.47.0-255,66,317398,87,357489
40781,0.070197,172.217.194.0-255,2902,320300,87,357489
40782,0.0702,172.31.47.0-255,66,320366,87,357489
40783,0.072484,172.217.194.0-255,2902,323268,87,357489
40784,0.07249,172.31.47.0-255,66,323334,87,357489
40785,0.072529,172.217.194.0-255,2902,326236,87,357489
40786,0.072532,172.31.47.0-255,66,326302,87,357489
40787,0.074802,172.217.194.0-255,2902,329204,87,357489
40788,0.074806,172.31.47.0-255,66,329270,87,357489
40789,0.074841,172.217.194.0-255,2902,332172,87,357489
40790,0.074845,172.31.47.0-255,66,332238,87,357489
40791,0.077134,172.217.194.0-255,2902,335140,87,357489
40792,0.077139,172.31.47.0-255,66,335206,87,357489
40793,0.077174,172.217.194.0-255,2902,338108,87,357489
40794,0.077178,172.31.47.0-255,66,338174,87,357489
40795,0.079491,172.217.194.0-255,4320,342494,87,357489
40796,0.079497,172.31.47.0-255,66,342560,87,357489
40797,0.079533,172.217.194.0-255,1484,344044,87,357489
40798,0.081832,172.217.194.0-255,4320,348364,87,357489
40799,0.081838,172.31.47.0-255,66,348430,87,357489
40800,0.084173,172.217.194.0-255,5738,354168,87,357489
40801,0.084179,172.31.47.0-255,66,354234,87,357489
40802,0.086496,172.217.194.0-255,3018,357252,87,357489
40803,0.086502,172.31.47.0-255,66,357318,87,357489
40804,0.087207,172.31.47.0-255,105,357423,87,357489
40805,0.089513,172.217.194.0-255,66,357489,87,357489
40806,0.0,172.217.194.0-255,152,152,87,172159
40807,3e-05,172.31.47.0-255,66,218,87,172159
40808,3.6e-05,172.217.194.0-255,1484,1702,87,172159
40809,3.9e-05,172.31.47.0-255,66,1768,87,172159
40810,4.4e-05,172.217.194.0-255,2902,4670,87,172159
40811,4.6e-05,172.31.47.0-255,66,4736,87,172159
40812,5.9e-05,172.217.194.0-255,7156,11892,87,172159
40813,6.2e-05,172.31.47.0-255,66,11958,87,172159
40814,0.000101,172.31.47.0-255,66,12024,87,172159
40815,0.000105,172.217.194.0-255,2543,14567,87,172159
40816,0.000107,172.31.47.0-255,66,14633,87,172159
40817,0.000138,172.217.194.0-255,1484,16117,87,172159
40818,0.000141,172.31.47.0-255,66,16183,87,172159
40819,0.000146,172.217.194.0-255,2902,19085,87,172159
40820,0.000148,172.31.47.0-255,66,19151,87,172159
40821,0.000152,172.217.194.0-255,4320,23471,87,172159
40822,0.000156,172.31.47.0-255,66,23537,87,172159
40823,0.000177,172.217.194.0-255,1484,25021,87,172159
40824,0.000181,172.31.47.0-255,66,25087,87,172159
40825,0.00019,172.217.194.0-255,4320,29407,87,172159
40826,0.000196,172.31.47.0-255,66,29473,87,172159
40827,0.000237,172.31.47.0-255,66,29539,87,172159
40828,0.000245,172.31.47.0-255,66,29605,87,172159
40829,0.000248,172.217.194.0-255,1438,31043,87,172159
40830,0.00025,172.31.47.0-255,66,31109,87,172159
40831,0.000363,172.217.194.0-255,365,31474,87,172159
40832,0.000367,172.31.47.0-255,66,31540,87,172159
40833,0.000479,172.217.194.0-255,1484,33024,87,172159
40834,0.000483,172.31.47.0-255,66,33090,87,172159
40835,0.00051,172.217.194.0-255,2902,35992,87,172159
40836,0.000517,172.217.194.0-255,5738,41730,87,172159
40837,0.000522,172.31.47.0-255,66,41796,87,172159
40838,0.000528,172.31.47.0-255,66,41862,87,172159
40839,0.00055,172.217.194.0-255,5738,47600,87,172159
40840,0.000554,172.31.47.0-255,66,47666,87,172159
40841,0.000569,172.217.194.0-255,1125,48791,87,172159
40842,0.000577,172.217.194.0-255,7156,55947,87,172159
40843,0.00059,172.31.47.0-255,66,56013,87,172159
40844,0.000617,172.31.47.0-255,66,56079,87,172159
40845,0.001123,172.217.194.0-255,1484,57563,87,172159
40846,0.001134,172.217.194.0-255,2902,60465,87,172159
40847,0.001138,172.31.47.0-255,66,60531,87,172159
40848,0.001145,172.217.194.0-255,4320,64851,87,172159
40849,0.00117,172.217.194.0-255,1484,66335,87,172159
40850,0.001195,172.217.194.0-255,1484,67819,87,172159
40851,0.001201,172.217.194.0-255,5738,73557,87,172159
40852,0.00122,172.217.194.0-255,5020,78577,87,172159
40853,0.001231,172.31.47.0-255,66,78643,87,172159
40854,0.001624,172.217.194.0-255,1484,80127,87,172159
40855,0.001632,172.217.194.0-255,2902,83029,87,172159
40856,0.001636,172.31.47.0-255,66,83095,87,172159
40857,0.00164,172.217.194.0-255,1484,84579,87,172159
40858,0.001656,172.217.194.0-255,4320,88899,87,172159
40859,0.001659,172.217.194.0-255,2902,91801,87,172159
40860,0.001671,172.31.47.0-255,66,91867,87,172159
40861,0.001707,172.217.194.0-255,1484,93351,87,172159
40862,0.001709,172.217.194.0-255,766,94117,87,172159
40863,0.001722,172.31.47.0-255,66,94183,87,172159
40864,0.001883,172.217.194.0-255,1484,95667,87,172159
40865,0.001928,172.217.194.0-255,2902,98569,87,172159
40866,0.001931,172.31.47.0-255,66,98635,87,172159
40867,0.001937,172.217.194.0-255,5738,104373,87,172159
40868,0.001941,172.217.194.0-255,5738,110111,87,172159
40869,0.001952,172.217.194.0-255,1484,111595,87,172159
40870,0.001956,172.31.47.0-255,66,111661,87,172159
40871,0.001984,172.217.194.0-255,6438,118099,87,172159
40872,0.001994,172.31.47.0-255,66,118165,87,172159
40873,0.002021,172.217.194.0-255,5738,123903,87,172159
40874,0.002037,172.31.47.0-255,66,123969,87,172159
40875,0.002079,172.31.47.0-255,66,124035,87,172159
40876,0.002095,172.217.194.0-255,1484,125519,87,172159
40877,0.002099,172.217.194.0-255,2902,128421,87,172159
40878,0.002106,172.31.47.0-255,66,128487,87,172159
40879,0.002125,172.217.194.0-255,5738,134225,87,172159
40880,0.00213,172.217.194.0-255,5738,139963,87,172159
40881,0.002137,172.31.47.0-255,66,140029,87,172159
40882,0.002174,172.217.194.0-255,7156,147185,87,172159
40883,0.002176,172.217.194.0-255,1484,148669,87,172159
40884,0.002181,172.217.194.0-255,7156,155825,87,172159
40885,0.002194,172.31.47.0-255,66,155891,87,172159
40886,0.002231,172.217.194.0-255,766,156657,87,172159
40887,0.002244,172.31.47.0-255,66,156723,87,172159
40888,0.002249,172.31.47.0-255,66,156789,87,172159
40889,0.002318,172.31.47.0-255,66,156855,87,172159
40890,0.002346,172.217.194.0-255,5020,161875,87,172159
40891,0.002437,172.31.47.0-255,66,161941,87,172159
40892,0.00248,172.217.194.0-255,4970,166911,87,172159
40893,0.002497,172.31.47.0-255,66,166977,87,172159
40894,0.002895,172.31.47.0-255,101,167078,87,172159
40895,0.004769,172.217.194.0-255,136,167214,87,172159
40896,0.004841,172.31.47.0-255,105,167319,87,172159
40897,0.005095,172.31.47.0-255,90,167409,87,172159
40898,0.005103,172.31.47.0-255,66,167475,87,172159
40899,0.005183,172.217.194.0-255,66,167541,87,172159
40900,0.00712,172.217.194.0-255,66,167607,87,172159
40901,0.007393,172.217.194.0-255,66,167673,87,172159
40902,0.007409,172.217.194.0-255,66,167739,87,172159
40903,0.007415,172.31.47.0-255,66,167805,87,172159
40904,0.022787,172.31.47.0-255,172,167977,87,172159
40905,0.022824,172.31.47.0-255,1107,169084,87,172159
40906,0.022883,172.31.47.0-255,1514,170598,87,172159
40907,0.022907,172.31.47.0-255,1297,171895,87,172159
40908,0.024319,104.244.42.0-255,66,171961,87,172159
40909,0.024361,104.244.42.0-255,66,172027,87,172159
40910,0.024462,104.244.42.0-255,66,172093,87,172159
40911,0.024509,104.244.42.0-255,66,172159,87,172159
40912,0.0,74.125.200.0-255,153,153,87,367338
40913,2.9e-05,172.31.47.0-255,66,219,87,367338
40914,3.7e-05,74.125.200.0-255,1484,1703,87,367338
40915,4.2e-05,172.31.47.0-255,66,1769,87,367338
40916,4.7e-05,74.125.200.0-255,2902,4671,87,367338
40917,5.7e-05,172.31.47.0-255,66,4737,87,367338
40918,6.3e-05,74.125.200.0-255,4320,9057,87,367338
40919,6.5e-05,172.31.47.0-255,66,9123,87,367338
40920,9.3e-05,74.125.200.0-255,4878,14001,87,367338
40921,9.5e-05,172.31.47.0-255,66,14067,87,367338
40922,0.000156,74.125.200.0-255,1484,15551,87,367338
40923,0.00016,172.31.47.0-255,66,15617,87,367338
40924,0.000165,74.125.200.0-255,2902,18519,87,367338
40925,0.000168,172.31.47.0-255,66,18585,87,367338
40926,0.000201,74.125.200.0-255,5738,24323,87,367338
40927,0.000204,172.31.47.0-255,66,24389,87,367338
40928,0.000212,74.125.200.0-255,6797,31186,87,367338
40929,0.000214,172.31.47.0-255,66,31252,87,367338
40930,0.000243,74.125.200.0-255,4320,35572,87,367338
40931,0.000246,172.31.47.0-255,66,35638,87,367338
40932,0.000273,74.125.200.0-255,2902,38540,87,367338
40933,0.000277,172.31.47.0-255,66,38606,87,367338
40934,0.000287,172.31.47.0-255,66,38672,87,367338
40935,0.000312,74.125.200.0-255,1125,39797,87,367338
40936,0.000317,172.31.47.0-255,66,39863,87,367338
40937,0.000342,74.125.200.0-255,1484,41347,87,367338
40938,0.000345,172.31.47.0-255,66,41413,87,367338
40939,0.000371,74.125.200.0-255,2902,44315,87,367338
40940,0.000374,172.31.47.0-255,66,44381,87,367338
40941,0.00038,74.125.200.0-255,5738,50119,87,367338
40942,0.000383,172.31.47.0-255,66,50185,87,367338
40943,0.000387,74.125.200.0-255,2902,53087,87,367338
40944,0.000395,172.31.47.0-255,66,53153,87,367338
40945,0.000419,74.125.200.0-255,3961,57114,87,367338
40946,0.000423,172.31.47.0-255,66,57180,87,367338
40947,0.000426,74.125.200.0-255,399,57579,87,367338
40948,0.00046,74.125.200.0-255,110,57689,87,367338
40949,0.00058,74.125.200.0-255,1484,59173,87,367338
40950,0.000584,172.31.47.0-255,66,59239,87,367338
40951,0.000597,74.125.200.0-255,2902,62141,87,367338
40952,0.000603,172.31.47.0-255,66,62207,87,367338
40953,0.000632,74.125.200.0-255,5738,67945,87,367338
40954,0.000635,172.31.47.0-255,66,68011,87,367338
40955,0.000659,74.125.200.0-255,6797,74808,87,367338
40956,0.000663,74.125.200.0-255,2902,77710,87,367338
40957,0.000663,172.31.47.0-255,66,77776,87,367338
40958,0.000666,172.31.47.0-255,66,77842,87,367338
40959,0.00069,74.125.200.0-255,4320,82162,87,367338
40960,0.000693,172.31.47.0-255,66,82228,87,367338
40961,0.000698,74.125.200.0-255,4320,86548,87,367338
40962,0.0007,172.31.47.0-255,66,86614,87,367338
40963,0.000726,74.125.200.0-255,5379,91993,87,367338
40964,0.000728,172.31.47.0-255,66,92059,87,367338
40965,0.001374,74.125.200.0-255,1484,93543,87,367338
40966,0.001384,74.125.200.0-255,2902,96445,87,367338
40967,0.001388,172.31.47.0-255,66,96511,87,367338
40968,0.001394,74.125.200.0-255,5738,102249,87,367338
40969,0.001396,172.31.47.0-255,66,102315,87,367338
40970,0.001456,74.125.200.0-255,1484,103799,87,367338
40971,0.001461,74.125.200.0-255,2902,106701,87,367338
40972,0.001464,172.31.47.0-255,66,106767,87,367338
40973,0.00147,74.125.200.0-255,5738,112505,87,367338
40974,0.001471,172.31.47.0-255,66,112571,87,367338
40975,0.00148,172.31.47.0-255,66,112637,87,367338
40976,0.001507,74.125.200.0-255,5020,117657,87,367338
40977,0.001509,172.31.47.0-255,66,117723,87,367338
40978,0.001826,74.125.200.0-255,1484,119207,87,367338
40979,0.001832,74.125.200.0-255,2902,122109,87,367338
40980,0.001834,172.31.47.0-255,66,122175,87,367338
40981,0.001861,74.125.200.0-255,5738,127913,87,367338
40982,0.001863,172.31.47.0-255,66,127979,87,367338
40983,0.001867,74.125.200.0-255,2902,130881,87,367338
40984,0.001868,172.31.47.0-255,66,130947,87,367338
40985,0.001872,74.125.200.0-255,4320,135267,87,367338
40986,0.001874,172.31.47.0-255,66,135333,87,367338
40987,0.00191,172.31.47.0-255,66,135399,87,367338
40988,0.001937,74.125.200.0-255,2902,138301,87,367338
40989,0.001939,172.31.47.0-255,66,138367,87,367338
40990,0.001943,74.125.200.0-255,4320,142687,87,367338
40991,0.001944,172.31.47.0-255,66,142753,87,367338
40992,0.001947,74.125.200.0-255,766,143519,87,367338
40993,0.002581,74.125.200.0-255,1484,145003,87,367338
40994,0.002583,172.31.47.0-255,66,145069,87,367338
40995,0.002599,74.125.200.0-255,2902,147971,87,367338
40996,0.002601,172.31.47.0-255,66,148037,87,367338
40997,0.00518,74.125.200.0-255,5738,153775,87,367338
40998,0.005183,172.31.47.0-255,66,153841,87,367338
40999,0.007786,74.125.200.0-255,5738,159579,87,367338
41000,0.007793,172.31.47.0-255,66,159645,87,367338
41001,0.010382,74.125.200.0-255,5738,165383,87,367338
41002,0.010395,172.31.47.0-255,66,165449,87,367338
41003,0.013098,74.125.200.0-255,5738,171187,87,367338
41004,0.013109,172.31.47.0-255,66,171253,87,367338
41005,0.01569,74.125.200.0-255,5738,176991,87,367338
41006,0.015699,172.31.47.0-255,66,177057,87,367338
41007,0.018286,74.125.200.0-255,5738,182795,87,367338
41008,0.018291,172.31.47.0-255,66,182861,87,367338
41009,0.020862,74.125.200.0-255,5738,188599,87,367338
41010,0.020867,172.31.47.0-255,66,188665,87,367338
41011,0.021153,172.31.47.0-255,171,188836,87,367338
41012,0.021186,172.31.47.0-255,1131,189967,87,367338
41013,0.021246,172.31.47.0-255,1514,191481,87,367338
41014,0.021248,172.31.47.0-255,1273,192754,87,367338
41015,0.022726,104.244.42.0-255,66,192820,87,367338
41016,0.022764,104.244.42.0-255,66,192886,87,367338
41017,0.022817,104.244.42.0-255,66,192952,87,367338
41018,0.023445,74.125.200.0-255,2902,195854,87,367338
41019,0.023448,172.31.47.0-255,66,195920,87,367338
41020,0.023478,74.125.200.0-255,2902,198822,87,367338
41021,0.023482,172.31.47.0-255,66,198888,87,367338
41022,0.026022,74.125.200.0-255,2902,201790,87,367338
41023,0.026027,172.31.47.0-255,66,201856,87,367338
41024,0.026054,74.125.200.0-255,2902,204758,87,367338
41025,0.026056,172.31.47.0-255,66,204824,87,367338
41026,0.028595,74.125.200.0-255,2902,207726,87,367338
41027,0.0286,172.31.47.0-255,66,207792,87,367338
41028,0.028633,74.125.200.0-255,2902,210694,87,367338
41029,0.028636,172.31.47.0-255,66,210760,87,367338
41030,0.031212,74.125.200.0-255,2902,213662,87,367338
41031,0.031217,172.31.47.0-255,66,213728,87,367338
41032,0.031256,74.125.200.0-255,2902,216630,87,367338
41033,0.031259,172.31.47.0-255,66,216696,87,367338
41034,0.033793,74.125.200.0-255,2902,219598,87,367338
41035,0.033798,172.31.47.0-255,66,219664,87,367338
41036,0.033825,74.125.200.0-255,2902,222566,87,367338
41037,0.033827,172.31.47.0-255,66,222632,87,367338
41038,0.036405,74.125.200.0-255,5738,228370,87,367338
41039,0.03641,172.31.47.0-255,66,228436,87,367338
41040,0.03899,74.125.200.0-255,5738,234174,87,367338
41041,0.038996,172.31.47.0-255,66,234240,87,367338
41042,0.041573,74.125.200.0-255,5738,239978,87,367338
41043,0.041596,172.31.47.0-255,66,240044,87,367338
41044,0.044176,74.125.200.0-255,5738,245782,87,367338
41045,0.044181,172.31.47.0-255,66,245848,87,367338
41046,0.046753,74.125.200.0-255,4320,250168,87,367338
41047,0.046758,172.31.47.0-255,66,250234,87,367338
41048,0.046788,74.125.200.0-255,1484,251718,87,367338
41049,0.049341,74.125.200.0-255,2902,254620,87,367338
41050,0.049347,172.31.47.0-255,66,254686,87,367338
41051,0.049374,74.125.200.0-255,1484,256170,87,367338
41052,0.051919,74.125.200.0-255,4320,260490,87,367338
41053,0.051923,172.31.47.0-255,66,260556,87,367338
41054,0.054506,74.125.200.0-255,5738,266294,87,367338
41055,0.05451,172.31.47.0-255,66,266360,87,367338
41056,0.057084,74.125.200.0-255,2902,269262,87,367338
41057,0.057089,172.31.47.0-255,66,269328,87,367338
41058,0.057122,74.125.200.0-255,2902,272230,87,367338
41059,0.057124,172.31.47.0-255,66,272296,87,367338
41060,0.059653,74.125.200.0-255,2902,275198,87,367338
41061,0.059658,172.31.47.0-255,66,275264,87,367338
41062,0.059734,74.125.200.0-255,2902,278166,87,367338
41063,0.059739,172.31.47.0-255,66,278232,87,367338
41064,0.062219,74.125.200.0-255,2902,281134,87,367338
41065,0.062224,172.31.47.0-255,66,281200,87,367338
41066,0.062301,74.125.200.0-255,2902,284102,87,367338
41067,0.062307,172.31.47.0-255,66,284168,87,367338
41068,0.064797,74.125.200.0-255,2902,287070,87,367338
41069,0.064802,172.31.47.0-255,66,287136,87,367338
41070,0.064865,74.125.200.0-255,2902,290038,87,367338
41071,0.064868,172.31.47.0-255,66,290104,87,367338
41072,0.06737,74.125.200.0-255,2902,293006,87,367338
41073,0.067376,172.31.47.0-255,66,293072,87,367338
41074,0.06744,74.125.200.0-255,2902,295974,87,367338
41075,0.067445,172.31.47.0-255,66,296040,87,367338
41076,0.069947,74.125.200.0-255,2902,298942,87,367338
41077,0.069952,172.31.47.0-255,66,299008,87,367338
41078,0.070013,74.125.200.0-255,2902,301910,87,367338
41079,0.070017,172.31.47.0-255,66,301976,87,367338
41080,0.072517,74.125.200.0-255,2902,304878,87,367338
41081,0.072521,172.31.47.0-255,66,304944,87,367338
41082,0.072576,74.125.200.0-255,2902,307846,87,367338
41083,0.07258,172.31.47.0-255,66,307912,87,367338
41084,0.075091,74.125.200.0-255,2902,310814,87,367338
41085,0.075095,172.31.47.0-255,66,310880,87,367338
41086,0.075148,74.125.200.0-255,2902,313782,87,367338
41087,0.075152,172.31.47.0-255,66,313848,87,367338
41088,0.07767,74.125.200.0-255,2902,316750,87,367338
41089,0.077674,172.31.47.0-255,66,316816,87,367338
41090,0.077728,74.125.200.0-255,2902,319718,87,367338
41091,0.077731,172.31.47.0-255,66,319784,87,367338
41092,0.080245,74.125.200.0-255,2902,322686,87,367338
41093,0.080251,172.31.47.0-255,66,322752,87,367338
41094,0.080283,74.125.200.0-255,1484,324236,87,367338
41095,0.080308,74.125.200.0-255,1484,325720,87,367338
41096,0.080311,172.31.47.0-255,66,325786,87,367338
41097,0.082845,74.125.200.0-255,2902,328688,87,367338
41098,0.08285,172.31.47.0-255,66,328754,87,367338
41099,0.082903,74.125.200.0-255,2902,331656,87,367338
41100,0.082906,172.31.47.0-255,66,331722,87,367338
41101,0.085424,74.125.200.0-255,2902,334624,87,367338
41102,0.085428,172.31.47.0-255,66,334690,87,367338
41103,0.085466,74.125.200.0-255,2902,337592,87,367338
41104,0.08547,172.31.47.0-255,66,337658,87,367338
41105,0.088004,74.125.200.0-255,2902,340560,87,367338
41106,0.088009,172.31.47.0-255,66,340626,87,367338
41107,0.088043,74.125.200.0-255,2902,343528,87,367338
41108,0.088047,172.31.47.0-255,66,343594,87,367338
41109,0.090578,74.125.200.0-255,2902,346496,87,367338
41110,0.090583,172.31.47.0-255,66,346562,87,367338
41111,0.090609,74.125.200.0-255,2902,349464,87,367338
41112,0.090611,172.31.47.0-255,66,349530,87,367338
41113,0.093148,74.125.200.0-255,2902,352432,87,367338
41114,0.093154,172.31.47.0-255,66,352498,87,367338
41115,0.093188,74.125.200.0-255,2902,355400,87,367338
41116,0.093191,172.31.47.0-255,66,355466,87,367338
41117,0.095715,74.125.200.0-255,2902,358368,87,367338
41118,0.09572,172.31.47.0-255,66,358434,87,367338
41119,0.095757,74.125.200.0-255,2902,361336,87,367338
41120,0.09576,172.31.47.0-255,66,361402,87,367338
41121,0.098317,74.125.200.0-255,2902,364304,87,367338
41122,0.098329,172.31.47.0-255,66,364370,87,367338
41123,0.09837,74.125.200.0-255,2902,367272,87,367338
41124,0.098374,172.31.47.0-255,66,367338,87,367338
41125,0.0,74.125.24.0-255,297,297,87,323572
41126,2.5e-05,172.31.47.0-255,66,363,87,323572
41127,3e-05,74.125.24.0-255,1484,1847,87,323572
41128,3.5e-05,172.31.47.0-255,66,1913,87,323572
41129,4.1e-05,74.125.24.0-255,4320,6233,87,323572
41130,4.3e-05,172.31.47.0-255,66,6299,87,323572
41131,5.5e-05,74.125.24.0-255,7156,13455,87,323572
41132,5.7e-05,172.31.47.0-255,66,13521,87,323572
41133,9e-05,172.31.47.0-255,66,13587,87,323572
41134,0.000121,172.31.47.0-255,66,13653,87,323572
41135,0.000123,74.125.24.0-255,1125,14778,87,323572
41136,0.000125,172.31.47.0-255,66,14844,87,323572
41137,0.000403,74.125.24.0-255,1484,16328,87,323572
41138,0.000407,172.31.47.0-255,66,16394,87,323572
41139,0.000412,74.125.24.0-255,2902,19296,87,323572
41140,0.000414,172.31.47.0-255,66,19362,87,323572
41141,0.000453,74.125.24.0-255,5738,25100,87,323572
41142,0.000456,172.31.47.0-255,66,25166,87,323572
41143,0.000461,74.125.24.0-255,2902,28068,87,323572
41144,0.000463,172.31.47.0-255,66,28134,87,323572
41145,0.000465,74.125.24.0-255,1484,29618,87,323572
41146,0.000467,172.31.47.0-255,66,29684,87,323572
41147,0.000511,172.31.47.0-255,66,29750,87,323572
41148,0.000522,172.31.47.0-255,66,29816,87,323572
41149,0.000524,74.125.24.0-255,125,29941,87,323572
41150,0.000526,172.31.47.0-255,66,30007,87,323572
41151,0.000577,74.125.24.0-255,353,30360,87,323572
41152,0.00058,172.31.47.0-255,66,30426,87,323572
41153,0.000803,74.125.24.0-255,1484,31910,87,323572
41154,0.000812,74.125.24.0-255,2902,34812,87,323572
41155,0.000815,172.31.47.0-255,66,34878,87,323572
41156,0.000843,74.125.24.0-255,5738,40616,87,323572
41157,0.000846,172.31.47.0-255,66,40682,87,323572
41158,0.00088,172.31.47.0-255,66,40748,87,323572
41159,0.000903,74.125.24.0-255,2902,43650,87,323572
41160,0.000906,172.31.47.0-255,66,43716,87,323572
41161,0.000932,74.125.24.0-255,5738,49454,87,323572
41162,0.000935,172.31.47.0-255,66,49520,87,323572
41163,0.000963,74.125.24.0-255,5020,54540,87,323572
41164,0.000966,172.31.47.0-255,66,54606,87,323572
41165,0.001131,74.125.24.0-255,1484,56090,87,323572
41166,0.001137,74.125.24.0-255,2902,58992,87,323572
41167,0.00114,172.31.47.0-255,66,59058,87,323572
41168,0.001144,74.125.24.0-255,2902,61960,87,323572
41169,0.001146,172.31.47.0-255,66,62026,87,323572
41170,0.001168,74.125.24.0-255,2902,64928,87,323572
41171,0.001175,172.31.47.0-255,66,64994,87,323572
41172,0.001181,74.125.24.0-255,5738,70732,87,323572
41173,0.001184,172.31.47.0-255,66,70798,87,323572
41174,0.001209,74.125.24.0-255,7156,77954,87,323572
41175,0.001216,172.31.47.0-255,66,78020,87,323572
41176,0.00122,74.125.24.0-255,2902,80922,87,323572
41177,0.001222,172.31.47.0-255,66,80988,87,323572
41178,0.001255,172.31.47.0-255,66,81054,87,323572
41179,0.003647,74.125.24.0-255,5738,86792,87,323572
41180,0.003654,172.31.47.0-255,66,86858,87,323572
41181,0.006031,74.125.24.0-255,5738,92596,87,323572
41182,0.006036,172.31.47.0-255,66,92662,87,323572
41183,0.008426,74.125.24.0-255,5738,98400,87,323572
41184,0.008432,172.31.47.0-255,66,98466,87,323572
41185,0.010786,74.125.24.0-255,5738,104204,87,323572
41186,0.010793,172.31.47.0-255,66,104270,87,323572
41187,0.013179,74.125.24.0-255,5738,110008,87,323572
41188,0.013184,172.31.47.0-255,66,110074,87,323572
41189,0.015566,74.125.24.0-255,5738,115812,87,323572
41190,0.015576,172.31.47.0-255,66,115878,87,323572
41191,0.017958,74.125.24.0-255,5738,121616,87,323572
41192,0.017967,172.31.47.0-255,66,121682,87,323572
41193,0.020339,74.125.24.0-255,5738,127420,87,323572
41194,0.020346,172.31.47.0-255,66,127486,87,323572
41195,0.020408,172.31.47.0-255,172,127658,87,323572
41196,0.020452,172.31.47.0-255,1111,128769,87,323572
41197,0.020516,172.31.47.0-255,1514,130283,87,323572
41198,0.020518,172.31.47.0-255,1293,131576,87,323572
41199,0.021974,104.244.42.0-255,66,131642,87,323572
41200,0.022058,104.244.42.0-255,66,131708,87,323572
41201,0.022106,104.244.42.0-255,66,131774,87,323572
41202,0.022709,74.125.24.0-255,1484,133258,87,323572
41203,0.022734,74.125.24.0-255,4320,137578,87,323572
41204,0.022739,172.31.47.0-255,66,137644,87,323572
41205,0.025126,74.125.24.0-255,5738,143382,87,323572
41206,0.025131,172.31.47.0-255,66,143448,87,323572
41207,0.027507,74.125.24.0-255,5738,149186,87,323572
41208,0.027512,172.31.47.0-255,66,149252,87,323572
41209,0.029869,74.125.24.0-255,5738,154990,87,323572
41210,0.029874,172.31.47.0-255,66,155056,87,323572
41211,0.032255,74.125.24.0-255,2902,157958,87,323572
41212,0.032259,172.31.47.0-255,66,158024,87,323572
41213,0.032288,74.125.24.0-255,2902,160926,87,323572
41214,0.03229,172.31.47.0-255,66,160992,87,323572
41215,0.034615,74.125.24.0-255,2902,163894,87,323572
41216,0.034619,172.31.47.0-255,66,163960,87,323572
41217,0.034651,74.125.24.0-255,2902,166862,87,323572
41218,0.034654,172.31.47.0-255,66,166928,87,323572
41219,0.036975,74.125.24.0-255,2902,169830,87,323572
41220,0.036979,172.31.47.0-255,66,169896,87,323572
41221,0.037009,74.125.24.0-255,2902,172798,87,323572
41222,0.037012,172.31.47.0-255,66,172864,87,323572
41223,0.039351,74.125.24.0-255,2902,175766,87,323572
41224,0.039355,172.31.47.0-255,66,175832,87,323572
41225,0.039398,74.125.24.0-255,2902,178734,87,323572
41226,0.039401,172.31.47.0-255,66,178800,87,323572
41227,0.041754,74.125.24.0-255,5738,184538,87,323572
41228,0.041759,172.31.47.0-255,66,184604,87,323572
41229,0.044143,74.125.24.0-255,5738,190342,87,323572
41230,0.044148,172.31.47.0-255,66,190408,87,323572
41231,0.046532,74.125.24.0-255,2902,193310,87,323572
41232,0.046537,172.31.47.0-255,66,193376,87,323572
41233,0.04657,74.125.24.0-255,2902,196278,87,323572
41234,0.046572,172.31.47.0-255,66,196344,87,323572
41235,0.048913,74.125.24.0-255,2902,199246,87,323572
41236,0.048919,172.31.47.0-255,66,199312,87,323572
41237,0.048945,74.125.24.0-255,2902,202214,87,323572
41238,0.048948,172.31.47.0-255,66,202280,87,323572
41239,0.051293,74.125.24.0-255,2902,205182,87,323572
41240,0.051298,172.31.47.0-255,66,205248,87,323572
41241,0.051336,74.125.24.0-255,2902,208150,87,323572
41242,0.05134,172.31.47.0-255,66,208216,87,323572
41243,0.053646,74.125.24.0-255,2902,211118,87,323572
41244,0.053651,172.31.47.0-255,66,211184,87,323572
41245,0.053701,74.125.24.0-255,2902,214086,87,323572
41246,0.053705,172.31.47.0-255,66,214152,87,323572
41247,0.056001,74.125.24.0-255,2902,217054,87,323572
41248,0.056006,172.31.47.0-255,66,217120,87,323572
41249,0.056069,74.125.24.0-255,1484,218604,87,323572
41250,0.056081,74.125.24.0-255,1484,220088,87,323572
41251,0.056086,172.31.47.0-255,66,220154,87,323572
41252,0.058361,74.125.24.0-255,2902,223056,87,323572
41253,0.058365,172.31.47.0-255,66,223122,87,323572
41254,0.058456,74.125.24.0-255,2902,226024,87,323572
41255,0.05846,172.31.47.0-255,66,226090,87,323572
41256,0.060722,74.125.24.0-255,2902,228992,87,323572
41257,0.060726,172.31.47.0-255,66,229058,87,323572
41258,0.060833,74.125.24.0-255,2902,231960,87,323572
41259,0.060837,172.31.47.0-255,66,232026,87,323572
41260,0.063083,74.125.24.0-255,2902,234928,87,323572
41261,0.063087,172.31.47.0-255,66,234994,87,323572
41262,0.063181,74.125.24.0-255,2902,237896,87,323572
41263,0.063185,172.31.47.0-255,66,237962,87,323572
41264,0.065472,74.125.24.0-255,2902,240864,87,323572
41265,0.065477,172.31.47.0-255,66,240930,87,323572
41266,0.065549,74.125.24.0-255,2902,243832,87,323572
41267,0.065553,172.31.47.0-255,66,243898,87,323572
41268,0.067825,74.125.24.0-255,2902,246800,87,323572
41269,0.067829,172.31.47.0-255,66,246866,87,323572
41270,0.067914,74.125.24.0-255,2902,249768,87,323572
41271,0.067918,172.31.47.0-255,66,249834,87,323572
41272,0.070198,74.125.24.0-255,2902,252736,87,323572
41273,0.070203,172.31.47.0-255,66,252802,87,323572
41274,0.070289,74.125.24.0-255,2902,255704,87,323572
41275,0.070293,172.31.47.0-255,66,255770,87,323572
41276,0.072545,74.125.24.0-255,2902,258672,87,323572
41277,0.072549,172.31.47.0-255,66,258738,87,323572
41278,0.072654,74.125.24.0-255,2902,261640,87,323572
41279,0.072659,172.31.47.0-255,66,261706,87,323572
41280,0.074927,74.125.24.0-255,2902,264608,87,323572
41281,0.074931,172.31.47.0-255,66,264674,87,323572
41282,0.075017,74.125.24.0-255,2902,267576,87,323572
41283,0.075021,172.31.47.0-255,66,267642,87,323572
41284,0.077308,74.125.24.0-255,2902,270544,87,323572
41285,0.077314,172.31.47.0-255,66,270610,87,323572
41286,0.077382,74.125.24.0-255,2902,273512,87,323572
41287,0.077387,172.31.47.0-255,66,273578,87,323572
41288,0.079697,74.125.24.0-255,2902,276480,87,323572
41289,0.079701,172.31.47.0-255,66,276546,87,323572
41290,0.079752,74.125.24.0-255,2902,279448,87,323572
41291,0.079755,172.31.47.0-255,66,279514,87,323572
41292,0.082063,74.125.24.0-255,2902,282416,87,323572
41293,0.082068,172.31.47.0-255,66,282482,87,323572
41294,0.082101,74.125.24.0-255,2902,285384,87,323572
41295,0.082104,172.31.47.0-255,66,285450,87,323572
41296,0.084435,74.125.24.0-255,1484,286934,87,323572
41297,0.084467,74.125.24.0-255,1484,288418,87,323572
41298,0.084472,172.31.47.0-255,66,288484,87,323572
41299,0.084491,74.125.24.0-255,2902,291386,87,323572
41300,0.084495,172.31.47.0-255,66,291452,87,323572
41301,0.08687,74.125.24.0-255,5738,297190,87,323572
41302,0.086874,172.31.47.0-255,66,297256,87,323572
41303,0.089243,74.125.24.0-255,5738,302994,87,323572
41304,0.089248,172.31.47.0-255,66,303060,87,323572
41305,0.091639,74.125.24.0-255,4320,307380,87,323572
41306,0.091643,172.31.47.0-255,66,307446,87,323572
41307,0.091668,74.125.24.0-255,1484,308930,87,323572
41308,0.093996,74.125.24.0-255,4320,313250,87,323572
41309,0.094001,172.31.47.0-255,66,313316,87,323572
41310,0.096358,74.125.24.0-255,4320,317636,87,323572
41311,0.096361,172.31.47.0-255,66,317702,87,323572
41312,0.096392,74.125.24.0-255,1484,319186,87,323572
41313,0.098712,74.125.24.0-255,4320,323506,87,323572
41314,0.098717,172.31.47.0-255,66,323572,87,323572
41315,0.0,74.125.24.0-255,153,153,87,234129
41316,3.1e-05,172.31.47.0-255,66,219,87,234129
41317,3.7e-05,74.125.24.0-255,1484,1703,87,234129
41318,4.1e-05,172.31.47.0-255,66,1769,87,234129
41319,4.5e-05,74.125.24.0-255,2902,4671,87,234129
41320,4.7e-05,172.31.47.0-255,66,4737,87,234129
41321,5.4e-05,74.125.24.0-255,7156,11893,87,234129
41322,5.6e-05,172.31.47.0-255,66,11959,87,234129
41323,8.6e-05,172.31.47.0-255,66,12025,87,234129
41324,0.000104,172.31.47.0-255,66,12091,87,234129
41325,0.000126,74.125.24.0-255,2543,14634,87,234129
41326,0.000128,172.31.47.0-255,66,14700,87,234129
41327,0.000162,74.125.24.0-255,2902,17602,87,234129
41328,0.000164,172.31.47.0-255,66,17668,87,234129
41329,0.000182,74.125.24.0-255,7156,24824,87,234129
41330,0.000184,172.31.47.0-255,66,24890,87,234129
41331,0.000244,74.125.24.0-255,5738,30628,87,234129
41332,0.000247,172.31.47.0-255,66,30694,87,234129
41333,0.00026,74.125.24.0-255,1125,31819,87,234129
41334,0.000262,172.31.47.0-255,66,31885,87,234129
41335,0.000778,74.125.24.0-255,1484,33369,87,234129
41336,0.000782,172.31.47.0-255,66,33435,87,234129
41337,0.00079,74.125.24.0-255,2902,36337,87,234129
41338,0.000792,172.31.47.0-255,66,36403,87,234129
41339,0.000797,74.125.24.0-255,5738,42141,87,234129
41340,0.000799,172.31.47.0-255,66,42207,87,234129
41341,0.000802,74.125.24.0-255,1484,43691,87,234129
41342,0.000803,172.31.47.0-255,66,43757,87,234129
41343,0.000829,74.125.24.0-255,5379,49136,87,234129
41344,0.000831,172.31.47.0-255,66,49202,87,234129
41345,0.000853,74.125.24.0-255,1484,50686,87,234129
41346,0.000858,74.125.24.0-255,2902,53588,87,234129
41347,0.00086,172.31.47.0-255,66,53654,87,234129
41348,0.000878,74.125.24.0-255,4320,57974,87,234129
41349,0.00088,172.31.47.0-255,66,58040,87,234129
41350,0.000899,74.125.24.0-255,1484,59524,87,234129
41351,0.000906,74.125.24.0-255,6797,66321,87,234129
41352,0.000907,172.31.47.0-255,66,66387,87,234129
41353,0.000955,74.125.24.0-255,2902,69289,87,234129
41354,0.000958,172.31.47.0-255,66,69355,87,234129
41355,0.000974,74.125.24.0-255,4320,73675,87,234129
41356,0.000976,172.31.47.0-255,66,73741,87,234129
41357,0.000984,172.31.47.0-255,66,73807,87,234129
41358,0.000987,74.125.24.0-255,1125,74932,87,234129
41359,0.001179,74.125.24.0-255,1484,76416,87,234129
41360,0.001183,172.31.47.0-255,66,76482,87,234129
41361,0.001186,74.125.24.0-255,1484,77966,87,234129
41362,0.001201,74.125.24.0-255,1484,79450,87,234129
41363,0.001203,172.31.47.0-255,66,79516,87,234129
41364,0.001209,74.125.24.0-255,4320,83836,87,234129
41365,0.00121,172.31.47.0-255,66,83902,87,234129
41366,0.001235,74.125.24.0-255,1484,85386,87,234129
41367,0.001241,74.125.24.0-255,5738,91124,87,234129
41368,0.001243,172.31.47.0-255,66,91190,87,234129
41369,0.001246,74.125.24.0-255,2902,94092,87,234129
41370,0.001248,172.31.47.0-255,66,94158,87,234129
41371,0.001268,172.31.47.0-255,66,94224,87,234129
41372,0.001273,74.125.24.0-255,5020,99244,87,234129
41373,0.001275,172.31.47.0-255,66,99310,87,234129
41374,0.001298,74.125.24.0-255,5738,105048,87,234129
41375,0.0013,172.31.47.0-255,66,105114,87,234129
41376,0.001314,74.125.24.0-255,5738,110852,87,234129
41377,0.001317,172.31.47.0-255,66,110918,87,234129
41378,0.00134,74.125.24.0-255,7156,118074,87,234129
41379,0.001343,172.31.47.0-255,66,118140,87,234129
41380,0.001351,172.31.47.0-255,66,118206,87,234129
41381,0.001372,74.125.24.0-255,1484,119690,87,234129
41382,0.001389,74.125.24.0-255,5600,125290,87,234129
41383,0.001391,172.31.47.0-255,66,125356,87,234129
41384,0.001928,74.125.24.0-255,1484,126840,87,234129
41385,0.001934,74.125.24.0-255,2902,129742,87,234129
41386,0.001938,172.31.47.0-255,66,129808,87,234129
41387,0.001943,74.125.24.0-255,2902,132710,87,234129
41388,0.001947,172.31.47.0-255,66,132776,87,234129
41389,0.001964,74.125.24.0-255,2902,135678,87,234129
41390,0.001967,172.31.47.0-255,66,135744,87,234129
41391,0.001987,74.125.24.0-255,4320,140064,87,234129
41392,0.00199,172.31.47.0-255,66,140130,87,234129
41393,0.002036,74.125.24.0-255,2902,143032,87,234129
41394,0.002039,172.31.47.0-255,66,143098,87,234129
41395,0.00206,172.31.47.0-255,66,143164,87,234129
41396,0.002066,74.125.24.0-255,3602,146766,87,234129
41397,0.002072,172.31.47.0-255,66,146832,87,234129
41398,0.00208,172.31.47.0-255,66,146898,87,234129
41399,0.002119,74.125.24.0-255,2902,149800,87,234129
41400,0.002123,172.31.47.0-255,66,149866,87,234129
41401,0.002134,172.31.47.0-255,66,149932,87,234129
41402,0.002138,74.125.24.0-255,2184,152116,87,234129
41403,0.002141,172.31.47.0-255,66,152182,87,234129
41404,0.002324,74.125.24.0-255,1484,153666,87,234129
41405,0.002339,74.125.24.0-255,2902,156568,87,234129
41406,0.002343,172.31.47.0-255,66,156634,87,234129
41407,0.002361,74.125.24.0-255,5738,162372,87,234129
41408,0.002364,172.31.47.0-255,66,162438,87,234129
41409,0.002396,74.125.24.0-255,7156,169594,87,234129
41410,0.002399,172.31.47.0-255,66,169660,87,234129
41411,0.00241,172.31.47.0-255,66,169726,87,234129
41412,0.002433,74.125.24.0-255,5738,175464,87,234129
41413,0.002437,172.31.47.0-255,66,175530,87,234129
41414,0.002441,74.125.24.0-255,2184,177714,87,234129
41415,0.002444,172.31.47.0-255,66,177780,87,234129
41416,0.003327,74.125.24.0-255,1484,179264,87,234129
41417,0.003332,74.125.24.0-255,1484,180748,87,234129
41418,0.003335,172.31.47.0-255,66,180814,87,234129
41419,0.003339,74.125.24.0-255,1484,182298,87,234129
41420,0.003357,74.125.24.0-255,4320,186618,87,234129
41421,0.003359,172.31.47.0-255,66,186684,87,234129
41422,0.003363,74.125.24.0-255,1484,188168,87,234129
41423,0.003377,74.125.24.0-255,4320,192488,87,234129
41424,0.003379,172.31.47.0-255,66,192554,87,234129
41425,0.003414,172.31.47.0-255,66,192620,87,234129
41426,0.003437,74.125.24.0-255,5738,198358,87,234129
41427,0.00344,172.31.47.0-255,66,198424,87,234129
41428,0.003446,74.125.24.0-255,5020,203444,87,234129
41429,0.003448,172.31.47.0-255,66,203510,87,234129
41430,0.003454,74.125.24.0-255,7156,210666,87,234129
41431,0.003456,172.31.47.0-255,66,210732,87,234129
41432,0.003462,74.125.24.0-255,4320,215052,87,234129
41433,0.003464,172.31.47.0-255,66,215118,87,234129
41434,0.003486,74.125.24.0-255,4320,219438,87,234129
41435,0.003489,172.31.47.0-255,66,219504,87,234129
41436,0.0035,172.31.47.0-255,66,219570,87,234129
41437,0.003503,74.125.24.0-255,1484,221054,87,234129
41438,0.003506,74.125.24.0-255,1484,222538,87,234129
41439,0.003508,172.31.47.0-255,66,222604,87,234129
41440,0.003514,74.125.24.0-255,5020,227624,87,234129
41441,0.003516,172.31.47.0-255,66,227690,87,234129
41442,0.003537,74.125.24.0-255,1484,229174,87,234129
41443,0.003563,172.31.47.0-255,66,229240,87,234129
41444,0.003592,172.31.47.0-255,66,229306,87,234129
41445,0.003603,172.31.47.0-255,66,229372,87,234129
41446,0.003679,172.31.47.0-255,66,229438,87,234129
41447,0.003689,172.31.47.0-255,66,229504,87,234129
41448,0.003702,74.125.24.0-255,105,229609,87,234129
41449,0.004456,172.31.47.0-255,66,229675,87,234129
41450,0.004479,172.31.47.0-255,105,229780,87,234129
41451,0.006962,74.125.24.0-255,66,229846,87,234129
41452,0.025229,172.31.47.0-255,167,230013,87,234129
41453,0.025286,172.31.47.0-255,1112,231125,87,234129
41454,0.025309,172.31.47.0-255,1514,232639,87,234129
41455,0.025311,172.31.47.0-255,1292,233931,87,234129
41456,0.026758,104.244.42.0-255,66,233997,87,234129
41457,0.026821,104.244.42.0-255,66,234063,87,234129
41458,0.026871,104.244.42.0-255,66,234129,87,234129
41459,0.0,74.125.24.0-255,153,153,87,386108
41460,2.2e-05,172.31.47.0-255,66,219,87,386108
41461,2.8e-05,74.125.24.0-255,1484,1703,87,386108
41462,3.2e-05,172.31.47.0-255,66,1769,87,386108
41463,3.6e-05,74.125.24.0-255,2902,4671,87,386108
41464,4.5e-05,172.31.47.0-255,66,4737,87,386108
41465,5.1e-05,74.125.24.0-255,7156,11893,87,386108
41466,5.4e-05,172.31.47.0-255,66,11959,87,386108
41467,5.7e-05,74.125.24.0-255,2183,14142,87,386108
41468,6e-05,172.31.47.0-255,66,14208,87,386108
41469,0.000527,74.125.24.0-255,1484,15692,87,386108
41470,0.000533,172.31.47.0-255,66,15758,87,386108
41471,0.000562,74.125.24.0-255,2902,18660,87,386108
41472,0.000566,172.31.47.0-255,66,18726,87,386108
41473,0.000574,74.125.24.0-255,5738,24464,87,386108
41474,0.000576,172.31.47.0-255,66,24530,87,386108
41475,0.00058,74.125.24.0-255,2902,27432,87,386108
41476,0.000583,172.31.47.0-255,66,27498,87,386108
41477,0.000614,74.125.24.0-255,7156,34654,87,386108
41478,0.000619,172.31.47.0-255,66,34720,87,386108
41479,0.000648,74.125.24.0-255,3961,38681,87,386108
41480,0.000655,172.31.47.0-255,66,38747,87,386108
41481,0.00066,74.125.24.0-255,4320,43067,87,386108
41482,0.000663,172.31.47.0-255,66,43133,87,386108
41483,0.000677,172.31.47.0-255,66,43199,87,386108
41484,0.000705,74.125.24.0-255,1484,44683,87,386108
41485,0.000707,172.31.47.0-255,66,44749,87,386108
41486,0.000718,74.125.24.0-255,5020,49769,87,386108
41487,0.000721,172.31.47.0-255,66,49835,87,386108
41488,0.000772,74.125.24.0-255,400,50235,87,386108
41489,0.000776,172.31.47.0-255,66,50301,87,386108
41490,0.000799,74.125.24.0-255,343,50644,87,386108
41491,0.000886,74.125.24.0-255,1484,52128,87,386108
41492,0.000893,172.31.47.0-255,66,52194,87,386108
41493,0.000939,74.125.24.0-255,2902,55096,87,386108
41494,0.000941,172.31.47.0-255,66,55162,87,386108
41495,0.000947,74.125.24.0-255,5738,60900,87,386108
41496,0.00095,172.31.47.0-255,66,60966,87,386108
41497,0.000954,74.125.24.0-255,2902,63868,87,386108
41498,0.00096,172.31.47.0-255,66,63934,87,386108
41499,0.000971,172.31.47.0-255,66,64000,87,386108
41500,0.001018,172.31.47.0-255,66,64066,87,386108
41501,0.001095,74.125.24.0-255,1484,65550,87,386108
41502,0.00111,74.125.24.0-255,1484,67034,87,386108
41503,0.001112,172.31.47.0-255,66,67100,87,386108
41504,0.001135,74.125.24.0-255,1484,68584,87,386108
41505,0.001141,74.125.24.0-255,5738,74322,87,386108
41506,0.001143,172.31.47.0-255,66,74388,87,386108
41507,0.001168,74.125.24.0-255,7156,81544,87,386108
41508,0.001171,172.31.47.0-255,66,81610,87,386108
41509,0.001197,74.125.24.0-255,5738,87348,87,386108
41510,0.001199,172.31.47.0-255,66,87414,87,386108
41511,0.001203,74.125.24.0-255,2902,90316,87,386108
41512,0.001205,172.31.47.0-255,66,90382,87,386108
41513,0.001224,74.125.24.0-255,1484,91866,87,386108
41514,0.001236,74.125.24.0-255,4320,96186,87,386108
41515,0.001239,172.31.47.0-255,66,96252,87,386108
41516,0.001266,74.125.24.0-255,2184,98436,87,386108
41517,0.001268,172.31.47.0-255,66,98502,87,386108
41518,0.001424,74.125.24.0-255,1484,99986,87,386108
41519,0.001442,74.125.24.0-255,2902,102888,87,386108
41520,0.001445,172.31.47.0-255,66,102954,87,386108
41521,0.001448,74.125.24.0-255,1484,104438,87,386108
41522,0.001478,74.125.24.0-255,4320,108758,87,386108
41523,0.00148,172.31.47.0-255,66,108824,87,386108
41524,0.001484,74.125.24.0-255,2902,111726,87,386108
41525,0.001486,172.31.47.0-255,66,111792,87,386108
41526,0.001516,74.125.24.0-255,5738,117530,87,386108
41527,0.001518,172.31.47.0-255,66,117596,87,386108
41528,0.001521,74.125.24.0-255,1484,119080,87,386108
41529,0.001542,74.125.24.0-255,2902,121982,87,386108
41530,0.001544,172.31.47.0-255,66,122048,87,386108
41531,0.001574,74.125.24.0-255,5738,127786,87,386108
41532,0.001577,172.31.47.0-255,66,127852,87,386108
41533,0.001582,74.125.24.0-255,5020,132872,87,386108
41534,0.001584,172.31.47.0-255,66,132938,87,386108
41535,0.003667,74.125.24.0-255,5738,138676,87,386108
41536,0.003672,172.31.47.0-255,66,138742,87,386108
41537,0.00572,74.125.24.0-255,4320,143062,87,386108
41538,0.005728,172.31.47.0-255,66,143128,87,386108
41539,0.005756,74.125.24.0-255,1484,144612,87,386108
41540,0.007785,74.125.24.0-255,4320,148932,87,386108
41541,0.007792,172.31.47.0-255,66,148998,87,386108
41542,0.009836,74.125.24.0-255,5738,154736,87,386108
41543,0.009842,172.31.47.0-255,66,154802,87,386108
41544,0.011896,74.125.24.0-255,5738,160540,87,386108
41545,0.011903,172.31.47.0-255,66,160606,87,386108
41546,0.013988,74.125.24.0-255,5738,166344,87,386108
41547,0.013996,172.31.47.0-255,66,166410,87,386108
41548,0.016058,74.125.24.0-255,5738,172148,87,386108
41549,0.016065,172.31.47.0-255,66,172214,87,386108
41550,0.018126,74.125.24.0-255,5738,177952,87,386108
41551,0.018132,172.31.47.0-255,66,178018,87,386108
41552,0.020078,172.31.47.0-255,167,178185,87,386108
41553,0.020114,172.31.47.0-255,1111,179296,87,386108
41554,0.020177,172.31.47.0-255,1514,180810,87,386108
41555,0.020179,172.31.47.0-255,1293,182103,87,386108
41556,0.020202,74.125.24.0-255,5738,187841,87,386108
41557,0.020207,172.31.47.0-255,66,187907,87,386108
41558,0.02164,104.244.42.0-255,66,187973,87,386108
41559,0.021686,104.244.42.0-255,66,188039,87,386108
41560,0.02179,104.244.42.0-255,66,188105,87,386108
41561,0.022283,74.125.24.0-255,4320,192425,87,386108
41562,0.022288,172.31.47.0-255,66,192491,87,386108
41563,0.022312,74.125.24.0-255,1484,193975,87,386108
41564,0.024359,74.125.24.0-255,2902,196877,87,386108
41565,0.024365,172.31.47.0-255,66,196943,87,386108
41566,0.024391,74.125.24.0-255,1484,198427,87,386108
41567,0.026425,74.125.24.0-255,4320,202747,87,386108
41568,0.02643,172.31.47.0-255,66,202813,87,386108
41569,0.028493,74.125.24.0-255,2902,205715,87,386108
41570,0.028497,172.31.47.0-255,66,205781,87,386108
41571,0.028526,74.125.24.0-255,2902,208683,87,386108
41572,0.028529,172.31.47.0-255,66,208749,87,386108
41573,0.030568,74.125.24.0-255,2902,211651,87,386108
41574,0.030573,172.31.47.0-255,66,211717,87,386108
41575,0.030632,74.125.24.0-255,2902,214619,87,386108
41576,0.030636,172.31.47.0-255,66,214685,87,386108
41577,0.03267,74.125.24.0-255,2902,217587,87,386108
41578,0.032677,172.31.47.0-255,66,217653,87,386108
41579,0.032706,74.125.24.0-255,2902,220555,87,386108
41580,0.032709,172.31.47.0-255,66,220621,87,386108
41581,0.03476,74.125.24.0-255,2902,223523,87,386108
41582,0.034765,172.31.47.0-255,66,223589,87,386108
41583,0.034797,74.125.24.0-255,2902,226491,87,386108
41584,0.0348,172.31.47.0-255,66,226557,87,386108
41585,0.036828,74.125.24.0-255,2902,229459,87,386108
41586,0.036834,172.31.47.0-255,66,229525,87,386108
41587,0.036867,74.125.24.0-255,2902,232427,87,386108
41588,0.03687,172.31.47.0-255,66,232493,87,386108
41589,0.038869,74.125.24.0-255,2902,235395,87,386108
41590,0.038874,172.31.47.0-255,66,235461,87,386108
41591,0.038904,74.125.24.0-255,1484,236945,87,386108
41592,0.038913,74.125.24.0-255,1484,238429,87,386108
41593,0.038916,172.31.47.0-255,66,238495,87,386108
41594,0.040932,74.125.24.0-255,2902,241397,87,386108
41595,0.040938,172.31.47.0-255,66,241463,87,386108
41596,0.040972,74.125.24.0-255,2902,244365,87,386108
41597,0.040977,172.31.47.0-255,66,244431,87,386108
41598,0.042973,74.125.24.0-255,2902,247333,87,386108
41599,0.042979,172.31.47.0-255,66,247399,87,386108
41600,0.043006,74.125.24.0-255,2902,250301,87,386108
41601,0.043009,172.31.47.0-255,66,250367,87,386108
41602,0.045015,74.125.24.0-255,2902,253269,87,386108
41603,0.04502,172.31.47.0-255,66,253335,87,386108
41604,0.045061,74.125.24.0-255,2902,256237,87,386108
41605,0.045065,172.31.47.0-255,66,256303,87,386108
41606,0.047067,74.125.24.0-255,2902,259205,87,386108
41607,0.047071,172.31.47.0-255,66,259271,87,386108
41608,0.0471,74.125.24.0-255,1484,260755,87,386108
41609,0.047112,74.125.24.0-255,1484,262239,87,386108
41610,0.047114,172.31.47.0-255,66,262305,87,386108
41611,0.049101,74.125.24.0-255,2902,265207,87,386108
41612,0.049106,172.31.47.0-255,66,265273,87,386108
41613,0.049172,74.125.24.0-255,2902,268175,87,386108
41614,0.049176,172.31.47.0-255,66,268241,87,386108
41615,0.051168,74.125.24.0-255,2902,271143,87,386108
41616,0.051173,172.31.47.0-255,66,271209,87,386108
41617,0.051198,74.125.24.0-255,1484,272693,87,386108
41618,0.05121,74.125.24.0-255,1484,274177,87,386108
41619,0.051212,172.31.47.0-255,66,274243,87,386108
41620,0.05325,74.125.24.0-255,2902,277145,87,386108
41621,0.053255,172.31.47.0-255,66,277211,87,386108
41622,0.053291,74.125.24.0-255,2902,280113,87,386108
41623,0.053294,172.31.47.0-255,66,280179,87,386108
41624,0.055306,74.125.24.0-255,2902,283081,87,386108
41625,0.055311,172.31.47.0-255,66,283147,87,386108
41626,0.055343,74.125.24.0-255,2902,286049,87,386108
41627,0.055346,172.31.47.0-255,66,286115,87,386108
41628,0.057356,74.125.24.0-255,2902,289017,87,386108
41629,0.057362,172.31.47.0-255,66,289083,87,386108
41630,0.057394,74.125.24.0-255,2902,291985,87,386108
41631,0.057399,172.31.47.0-255,66,292051,87,386108
41632,0.059412,74.125.24.0-255,2902,294953,87,386108
41633,0.059417,172.31.47.0-255,66,295019,87,386108
41634,0.059446,74.125.24.0-255,2902,297921,87,386108
41635,0.059448,172.31.47.0-255,66,297987,87,386108
41636,0.061475,74.125.24.0-255,5738,303725,87,386108
41637,0.06148,172.31.47.0-255,66,303791,87,386108
41638,0.063512,74.125.24.0-255,5738,309529,87,386108
41639,0.063517,172.31.47.0-255,66,309595,87,386108
41640,0.065551,74.125.24.0-255,5738,315333,87,386108
41641,0.065556,172.31.47.0-255,66,315399,87,386108
41642,0.067631,74.125.24.0-255,2902,318301,87,386108
41643,0.067636,172.31.47.0-255,66,318367,87,386108
41644,0.067666,74.125.24.0-255,2902,321269,87,386108
41645,0.067669,172.31.47.0-255,66,321335,87,386108
41646,0.069679,74.125.24.0-255,2902,324237,87,386108
41647,0.069684,172.31.47.0-255,66,324303,87,386108
41648,0.069728,74.125.24.0-255,2902,327205,87,386108
41649,0.069731,172.31.47.0-255,66,327271,87,386108
41650,0.071758,74.125.24.0-255,2902,330173,87,386108
41651,0.071763,172.31.47.0-255,66,330239,87,386108
41652,0.071799,74.125.24.0-255,2902,333141,87,386108
41653,0.071802,172.31.47.0-255,66,333207,87,386108
41654,0.073833,74.125.24.0-255,2902,336109,87,386108
41655,0.073838,172.31.47.0-255,66,336175,87,386108
41656,0.073877,74.125.24.0-255,1484,337659,87,386108
41657,0.073892,74.125.24.0-255,1484,339143,87,386108
41658,0.073895,172.31.47.0-255,66,339209,87,386108
41659,0.075875,74.125.24.0-255,1484,340693,87,386108
41660,0.075951,74.125.24.0-255,1484,342177,87,386108
41661,0.075955,172.31.47.0-255,66,342243,87,386108
41662,0.07598,74.125.24.0-255,2902,345145,87,386108
41663,0.075983,172.31.47.0-255,66,345211,87,386108
41664,0.077997,74.125.24.0-255,2902,348113,87,386108
41665,0.078002,172.31.47.0-255,66,348179,87,386108
41666,0.078047,74.125.24.0-255,2902,351081,87,386108
41667,0.07805,172.31.47.0-255,66,351147,87,386108
41668,0.080072,74.125.24.0-255,2902,354049,87,386108
41669,0.080076,172.31.47.0-255,66,354115,87,386108
41670,0.08011,74.125.24.0-255,1484,355599,87,386108
41671,0.080121,74.125.24.0-255,1484,357083,87,386108
41672,0.080124,172.31.47.0-255,66,357149,87,386108
41673,0.082147,74.125.24.0-255,2902,360051,87,386108
41674,0.082152,172.31.47.0-255,66,360117,87,386108
41675,0.082192,74.125.24.0-255,2902,363019,87,386108
41676,0.082195,172.31.47.0-255,66,363085,87,386108
41677,0.0842,74.125.24.0-255,2902,365987,87,386108
41678,0.084205,172.31.47.0-255,66,366053,87,386108
41679,0.084232,74.125.24.0-255,2902,368955,87,386108
41680,0.084235,172.31.47.0-255,66,369021,87,386108
41681,0.086267,74.125.24.0-255,2902,371923,87,386108
41682,0.086272,172.31.47.0-255,66,371989,87,386108
41683,0.086308,74.125.24.0-255,2902,374891,87,386108
41684,0.086311,172.31.47.0-255,66,374957,87,386108
41685,0.08834,74.125.24.0-255,2902,377859,87,386108
41686,0.088345,172.31.47.0-255,66,377925,87,386108
41687,0.08838,74.125.24.0-255,2902,380827,87,386108
41688,0.088383,172.31.47.0-255,66,380893,87,386108
41689,0.090406,74.125.24.0-255,4978,385871,87,386108
41690,0.090412,172.31.47.0-255,66,385937,87,386108
41691,0.090561,172.31.47.0-255,105,386042,87,386108
41692,0.092583,74.125.24.0-255,66,386108,87,386108
41693,0.0,172.217.194.0-255,153,153,87,321722
41694,2.9e-05,172.31.47.0-255,66,219,87,321722
41695,3.6e-05,172.217.194.0-255,1484,1703,87,321722
41696,4e-05,172.31.47.0-255,66,1769,87,321722
41697,4.5e-05,172.217.194.0-255,2902,4671,87,321722
41698,4.7e-05,172.31.47.0-255,66,4737,87,321722
41699,5.4e-05,172.217.194.0-255,5738,10475,87,321722
41700,5.7e-05,172.31.47.0-255,66,10541,87,321722
41701,8.7e-05,172.217.194.0-255,3592,14133,87,321722
41702,9e-05,172.31.47.0-255,66,14199,87,321722
41703,0.000135,172.217.194.0-255,4320,18519,87,321722
41704,0.000138,172.31.47.0-255,66,18585,87,321722
41705,0.000143,172.217.194.0-255,4320,22905,87,321722
41706,0.000147,172.31.47.0-255,66,22971,87,321722
41707,0.000156,172.217.194.0-255,1484,24455,87,321722
41708,0.000158,172.31.47.0-255,66,24521,87,321722
41709,0.000192,172.217.194.0-255,5738,30259,87,321722
41710,0.000194,172.31.47.0-255,66,30325,87,321722
41711,0.000216,172.217.194.0-255,5379,35704,87,321722
41712,0.000219,172.31.47.0-255,66,35770,87,321722
41713,0.00023,172.31.47.0-255,66,35836,87,321722
41714,0.000232,172.217.194.0-255,1125,36961,87,321722
41715,0.000234,172.31.47.0-255,66,37027,87,321722
41716,0.000259,172.217.194.0-255,1484,38511,87,321722
41717,0.00026,172.31.47.0-255,66,38577,87,321722
41718,0.000265,172.217.194.0-255,4320,42897,87,321722
41719,0.000267,172.31.47.0-255,66,42963,87,321722
41720,0.000278,172.217.194.0-255,2902,45865,87,321722
41721,0.00028,172.31.47.0-255,66,45931,87,321722
41722,0.000304,172.217.194.0-255,7156,53087,87,321722
41723,0.000307,172.31.47.0-255,66,53153,87,321722
41724,0.00031,172.217.194.0-255,1125,54278,87,321722
41725,0.000342,172.217.194.0-255,4320,58598,87,321722
41726,0.000345,172.31.47.0-255,66,58664,87,321722
41727,0.000371,172.31.47.0-255,66,58730,87,321722
41728,0.000374,172.217.194.0-255,1484,60214,87,321722
41729,0.00039,172.217.194.0-255,4320,64534,87,321722
41730,0.000394,172.31.47.0-255,66,64600,87,321722
41731,0.000431,172.31.47.0-255,66,64666,87,321722
41732,0.000445,172.217.194.0-255,1994,66660,87,321722
41733,0.000447,172.31.47.0-255,66,66726,87,321722
41734,0.000495,172.217.194.0-255,1484,68210,87,321722
41735,0.000499,172.217.194.0-255,1484,69694,87,321722
41736,0.000501,172.31.47.0-255,66,69760,87,321722
41737,0.000512,172.217.194.0-255,1484,71244,87,321722
41738,0.000523,172.217.194.0-255,4320,75564,87,321722
41739,0.000526,172.31.47.0-255,66,75630,87,321722
41740,0.000538,172.217.194.0-255,1484,77114,87,321722
41741,0.000543,172.217.194.0-255,2902,80016,87,321722
41742,0.000544,172.31.47.0-255,66,80082,87,321722
41743,0.000578,172.31.47.0-255,66,80148,87,321722
41744,0.000581,172.217.194.0-255,1484,81632,87,321722
41745,0.000598,172.217.194.0-255,4320,85952,87,321722
41746,0.000601,172.31.47.0-255,66,86018,87,321722
41747,0.000613,172.217.194.0-255,5020,91038,87,321722
41748,0.000616,172.31.47.0-255,66,91104,87,321722
41749,0.000768,172.217.194.0-255,1484,92588,87,321722
41750,0.000773,172.217.194.0-255,2902,95490,87,321722
41751,0.000776,172.31.47.0-255,66,95556,87,321722
41752,0.000794,172.217.194.0-255,5738,101294,87,321722
41753,0.000797,172.31.47.0-255,66,101360,87,321722
41754,0.0008,172.217.194.0-255,2902,104262,87,321722
41755,0.000802,172.31.47.0-255,66,104328,87,321722
41756,0.000826,172.217.194.0-255,5738,110066,87,321722
41757,0.000829,172.31.47.0-255,66,110132,87,321722
41758,0.000898,172.31.47.0-255,66,110198,87,321722
41759,0.000919,172.217.194.0-255,2556,112754,87,321722
41760,0.000922,172.31.47.0-255,66,112820,87,321722
41761,0.000934,172.31.47.0-255,66,112886,87,321722
41762,0.000944,172.31.47.0-255,66,112952,87,321722
41763,0.000949,172.217.194.0-255,5738,118690,87,321722
41764,0.000951,172.31.47.0-255,66,118756,87,321722
41765,0.000974,172.217.194.0-255,2184,120940,87,321722
41766,0.000977,172.31.47.0-255,66,121006,87,321722
41767,0.001231,172.217.194.0-255,1484,122490,87,321722
41768,0.001236,172.217.194.0-255,1484,123974,87,321722
41769,0.001239,172.31.47.0-255,66,124040,87,321722
41770,0.001256,172.217.194.0-255,1484,125524,87,321722
41771,0.001262,172.217.194.0-255,5738,131262,87,321722
41772,0.001264,172.31.47.0-255,66,131328,87,321722
41773,0.001276,172.217.194.0-255,1484,132812,87,321722
41774,0.001298,172.31.47.0-255,66,132878,87,321722
41775,0.001317,172.217.194.0-255,1484,134362,87,321722
41776,0.001328,172.31.47.0-255,66,134428,87,321722
41777,0.003355,172.217.194.0-255,5738,140166,87,321722
41778,0.00336,172.31.47.0-255,66,140232,87,321722
41779,0.005377,172.217.194.0-255,5738,145970,87,321722
41780,0.005383,172.31.47.0-255,66,146036,87,321722
41781,0.007387,172.217.194.0-255,5738,151774,87,321722
41782,0.007392,172.31.47.0-255,66,151840,87,321722
41783,0.009404,172.217.194.0-255,5738,157578,87,321722
41784,0.009409,172.31.47.0-255,66,157644,87,321722
41785,0.011388,172.217.194.0-255,5738,163382,87,321722
41786,0.011393,172.31.47.0-255,66,163448,87,321722
41787,0.013392,172.217.194.0-255,5738,169186,87,321722
41788,0.013399,172.31.47.0-255,66,169252,87,321722
41789,0.015429,172.217.194.0-255,5738,174990,87,321722
41790,0.015436,172.31.47.0-255,66,175056,87,321722
41791,0.017442,172.217.194.0-255,5738,180794,87,321722
41792,0.017448,172.31.47.0-255,66,180860,87,321722
41793,0.019464,172.217.194.0-255,5738,186598,87,321722
41794,0.019469,172.31.47.0-255,66,186664,87,321722
41795,0.02145,172.217.194.0-255,5738,192402,87,321722
41796,0.021455,172.31.47.0-255,66,192468,87,321722
41797,0.023454,172.217.194.0-255,2902,195370,87,321722
41798,0.02346,172.31.47.0-255,66,195436,87,321722
41799,0.023483,172.217.194.0-255,2902,198338,87,321722
41800,0.023486,172.31.47.0-255,66,198404,87,321722
41801,0.024058,172.31.47.0-255,166,198570,87,321722
41802,0.024099,172.31.47.0-255,1135,199705,87,321722
41803,0.024176,172.31.47.0-255,1514,201219,87,321722
41804,0.024178,172.31.47.0-255,1514,202733,87,321722
41805,0.024179,172.31.47.0-255,1514,204247,87,321722
41806,0.02418,172.31.47.0-255,83,204330,87,321722
41807,0.025463,172.217.194.0-255,2902,207232,87,321722
41808,0.025469,172.31.47.0-255,66,207298,87,321722
41809,0.025518,172.217.194.0-255,2902,210200,87,321722
41810,0.025521,172.31.47.0-255,66,210266,87,321722
41811,0.025776,104.244.42.0-255,66,210332,87,321722
41812,0.02746,172.217.194.0-255,2902,213234,87,321722
41813,0.027464,172.31.47.0-255,66,213300,87,321722
41814,0.027549,172.217.194.0-255,1484,214784,87,321722
41815,0.027564,172.217.194.0-255,1484,216268,87,321722
41816,0.027568,172.31.47.0-255,66,216334,87,321722
41817,0.02945,172.217.194.0-255,2902,219236,87,321722
41818,0.029455,172.31.47.0-255,66,219302,87,321722
41819,0.029559,172.217.194.0-255,2902,222204,87,321722
41820,0.029564,172.31.47.0-255,66,222270,87,321722
41821,0.031476,172.217.194.0-255,2902,225172,87,321722
41822,0.031483,172.31.47.0-255,66,225238,87,321722
41823,0.031559,172.217.194.0-255,1484,226722,87,321722
41824,0.031574,172.217.194.0-255,1484,228206,87,321722
41825,0.031577,172.31.47.0-255,66,228272,87,321722
41826,0.033469,172.217.194.0-255,2902,231174,87,321722
41827,0.033474,172.31.47.0-255,66,231240,87,321722
41828,0.033578,172.217.194.0-255,2902,234142,87,321722
41829,0.033582,172.31.47.0-255,66,234208,87,321722
41830,0.035485,172.217.194.0-255,2902,237110,87,321722
41831,0.03549,172.31.47.0-255,66,237176,87,321722
41832,0.035583,172.217.194.0-255,2902,240078,87,321722
41833,0.035588,172.31.47.0-255,66,240144,87,321722
41834,0.037553,172.217.194.0-255,2902,243046,87,321722
41835,0.037558,172.31.47.0-255,66,243112,87,321722
41836,0.037604,172.217.194.0-255,2902,246014,87,321722
41837,0.037607,172.31.47.0-255,66,246080,87,321722
41838,0.039561,172.217.194.0-255,2902,248982,87,321722
41839,0.039566,172.31.47.0-255,66,249048,87,321722
41840,0.039612,172.217.194.0-255,2902,251950,87,321722
41841,0.039616,172.31.47.0-255,66,252016,87,321722
41842,0.041621,172.217.194.0-255,2902,254918,87,321722
41843,0.041626,172.31.47.0-255,66,254984,87,321722
41844,0.041649,172.217.194.0-255,2902,257886,87,321722
41845,0.041651,172.31.47.0-255,66,257952,87,321722
41846,0.043639,172.217.194.0-255,5738,263690,87,321722
41847,0.043644,172.31.47.0-255,66,263756,87,321722
41848,0.045671,172.217.194.0-255,5738,269494,87,321722
41849,0.045676,172.31.47.0-255,66,269560,87,321722
41850,0.047676,172.217.194.0-255,5738,275298,87,321722
41851,0.047682,172.31.47.0-255,66,275364,87,321722
41852,0.049708,172.217.194.0-255,5738,281102,87,321722
41853,0.049718,172.31.47.0-255,66,281168,87,321722
41854,0.051742,172.217.194.0-255,4320,285488,87,321722
41855,0.051747,172.31.47.0-255,66,285554,87,321722
41856,0.051782,172.217.194.0-255,1484,287038,87,321722
41857,0.05373,172.217.194.0-255,4320,291358,87,321722
41858,0.053735,172.31.47.0-255,66,291424,87,321722
41859,0.055749,172.217.194.0-255,5738,297162,87,321722
41860,0.055754,172.31.47.0-255,66,297228,87,321722
41861,0.057789,172.217.194.0-255,5738,302966,87,321722
41862,0.057794,172.31.47.0-255,66,303032,87,321722
41863,0.059792,172.217.194.0-255,5738,308770,87,321722
41864,0.059797,172.31.47.0-255,66,308836,87,321722
41865,0.061799,172.217.194.0-255,5738,314574,87,321722
41866,0.061805,172.31.47.0-255,66,314640,87,321722
41867,0.063821,172.217.194.0-255,5738,320378,87,321722
41868,0.063827,172.31.47.0-255,66,320444,87,321722
41869,0.065838,172.217.194.0-255,975,321419,87,321722
41870,0.066012,172.31.47.0-255,66,321485,87,321722
41871,0.066037,172.31.47.0-255,105,321590,87,321722
41872,0.066098,104.244.42.0-255,66,321656,87,321722
41873,0.068026,172.217.194.0-255,66,321722,87,321722
41874,0.0,172.31.47.0-255,66,66,87,66
41875,0.0,172.31.47.0-255,66,66,87,66
41876,0.0,172.217.24.0-255,153,153,87,333302
41877,1.6e-05,172.31.47.0-255,66,219,87,333302
41878,2.2e-05,172.217.24.0-255,1484,1703,87,333302
41879,2.6e-05,172.31.47.0-255,66,1769,87,333302
41880,3.1e-05,172.217.24.0-255,2902,4671,87,333302
41881,3.4e-05,172.31.47.0-255,66,4737,87,333302
41882,4.9e-05,172.217.24.0-255,7156,11893,87,333302
41883,5.2e-05,172.31.47.0-255,66,11959,87,333302
41884,5.5e-05,172.217.24.0-255,1484,13443,87,333302
41885,5.7e-05,172.31.47.0-255,66,13509,87,333302
41886,9.9e-05,172.217.24.0-255,6399,19908,87,333302
41887,0.000102,172.31.47.0-255,66,19974,87,333302
41888,0.000108,172.217.24.0-255,5738,25712,87,333302
41889,0.00011,172.31.47.0-255,66,25778,87,333302
41890,0.000132,172.217.24.0-255,5379,31157,87,333302
41891,0.000134,172.31.47.0-255,66,31223,87,333302
41892,0.000334,172.217.24.0-255,1484,32707,87,333302
41893,0.000339,172.217.24.0-255,2902,35609,87,333302
41894,0.000348,172.31.47.0-255,66,35675,87,333302
41895,0.000351,172.31.47.0-255,66,35741,87,333302
41896,0.000356,172.217.24.0-255,4320,40061,87,333302
41897,0.000358,172.31.47.0-255,66,40127,87,333302
41898,0.000375,172.217.24.0-255,1484,41611,87,333302
41899,0.000377,172.31.47.0-255,66,41677,87,333302
41900,0.000385,172.217.24.0-255,6797,48474,87,333302
41901,0.000387,172.31.47.0-255,66,48540,87,333302
41902,0.00043,172.217.24.0-255,7156,55696,87,333302
41903,0.000434,172.31.47.0-255,66,55762,87,333302
41904,0.000445,172.31.47.0-255,66,55828,87,333302
41905,0.001882,172.217.24.0-255,134,55962,87,333302
41906,0.001889,172.31.47.0-255,66,56028,87,333302
41907,0.002379,172.217.24.0-255,2902,58930,87,333302
41908,0.002391,172.217.24.0-255,1484,60414,87,333302
41909,0.003807,172.217.24.0-255,1484,61898,87,333302
41910,0.005857,172.31.47.0-255,66,61964,87,333302
41911,0.00779,172.217.24.0-255,5738,67702,87,333302
41912,0.010313,172.31.47.0-255,66,67768,87,333302
41913,0.012263,172.217.24.0-255,5738,73506,87,333302
41914,0.012272,172.31.47.0-255,66,73572,87,333302
41915,0.014283,172.217.24.0-255,5738,79310,87,333302
41916,0.01429,172.31.47.0-255,66,79376,87,333302
41917,0.016219,172.217.24.0-255,5738,85114,87,333302
41918,0.016225,172.31.47.0-255,66,85180,87,333302
41919,0.018183,172.217.24.0-255,5738,90918,87,333302
41920,0.018189,172.31.47.0-255,66,90984,87,333302
41921,0.020128,172.217.24.0-255,5738,96722,87,333302
41922,0.020134,172.31.47.0-255,66,96788,87,333302
41923,0.020209,172.31.47.0-255,172,96960,87,333302
41924,0.020232,172.31.47.0-255,1103,98063,87,333302
41925,0.020326,172.31.47.0-255,1514,99577,87,333302
41926,0.020327,172.31.47.0-255,1301,100878,87,333302
41927,0.021734,104.244.42.0-255,66,100944,87,333302
41928,0.021792,104.244.42.0-255,66,101010,87,333302
41929,0.021931,104.244.42.0-255,66,101076,87,333302
41930,0.022092,172.217.24.0-255,5738,106814,87,333302
41931,0.022096,172.31.47.0-255,66,106880,87,333302
41932,0.024024,172.217.24.0-255,5738,112618,87,333302
41933,0.02403,172.31.47.0-255,66,112684,87,333302
41934,0.025974,172.217.24.0-255,5738,118422,87,333302
41935,0.025979,172.31.47.0-255,66,118488,87,333302
41936,0.02792,172.217.24.0-255,5738,124226,87,333302
41937,0.027926,172.31.47.0-255,66,124292,87,333302
41938,0.029859,172.217.24.0-255,5738,130030,87,333302
41939,0.029864,172.31.47.0-255,66,130096,87,333302
41940,0.03181,172.217.24.0-255,5738,135834,87,333302
41941,0.031817,172.31.47.0-255,66,135900,87,333302
41942,0.033785,172.217.24.0-255,5738,141638,87,333302
41943,0.033791,172.31.47.0-255,66,141704,87,333302
41944,0.035724,172.217.24.0-255,5738,147442,87,333302
41945,0.035729,172.31.47.0-255,66,147508,87,333302
41946,0.037667,172.217.24.0-255,5738,153246,87,333302
41947,0.037672,172.31.47.0-255,66,153312,87,333302
41948,0.039621,172.217.24.0-255,5738,159050,87,333302
41949,0.039627,172.31.47.0-255,66,159116,87,333302
41950,0.041564,172.217.24.0-255,5738,164854,87,333302
41951,0.04157,172.31.47.0-255,66,164920,87,333302
41952,0.043518,172.217.24.0-255,5738,170658,87,333302
41953,0.043524,172.31.47.0-255,66,170724,87,333302
41954,0.045453,172.217.24.0-255,5738,176462,87,333302
41955,0.045461,172.31.47.0-255,66,176528,87,333302
41956,0.0474,172.217.24.0-255,5738,182266,87,333302
41957,0.047406,172.31.47.0-255,66,182332,87,333302
41958,0.049336,172.217.24.0-255,1484,183816,87,333302
41959,0.04937,172.217.24.0-255,4320,188136,87,333302
41960,0.049374,172.31.47.0-255,66,188202,87,333302
41961,0.051315,172.217.24.0-255,5738,193940,87,333302
41962,0.05132,172.31.47.0-255,66,194006,87,333302
41963,0.053255,172.217.24.0-255,5738,199744,87,333302
41964,0.053262,172.31.47.0-255,66,199810,87,333302
41965,0.055198,172.217.24.0-255,5738,205548,87,333302
41966,0.055204,172.31.47.0-255,66,205614,87,333302
41967,0.057135,172.217.24.0-255,5738,211352,87,333302
41968,0.05714,172.31.47.0-255,66,211418,87,333302
41969,0.059086,172.217.24.0-255,5738,217156,87,333302
41970,0.059091,172.31.47.0-255,66,217222,87,333302
41971,0.061028,172.217.24.0-255,5738,222960,87,333302
41972,0.061033,172.31.47.0-255,66,223026,87,333302
41973,0.062961,172.217.24.0-255,5738,228764,87,333302
41974,0.062967,172.31.47.0-255,66,228830,87,333302
41975,0.064912,172.217.24.0-255,5738,234568,87,333302
41976,0.064917,172.31.47.0-255,66,234634,87,333302
41977,0.066855,172.217.24.0-255,5738,240372,87,333302
41978,0.06686,172.31.47.0-255,66,240438,87,333302
41979,0.068808,172.217.24.0-255,5738,246176,87,333302
41980,0.068813,172.31.47.0-255,66,246242,87,333302
41981,0.070757,172.217.24.0-255,5738,251980,87,333302
41982,0.07077,172.31.47.0-255,66,252046,87,333302
41983,0.072726,172.217.24.0-255,5738,257784,87,333302
41984,0.072741,172.31.47.0-255,66,257850,87,333302
41985,0.074679,172.217.24.0-255,5738,263588,87,333302
41986,0.074689,172.31.47.0-255,66,263654,87,333302
41987,0.076643,172.217.24.0-255,5738,269392,87,333302
41988,0.076658,172.31.47.0-255,66,269458,87,333302
41989,0.078606,172.217.24.0-255,5738,275196,87,333302
41990,0.07862,172.31.47.0-255,66,275262,87,333302
41991,0.080562,172.217.24.0-255,5738,281000,87,333302
41992,0.080577,172.31.47.0-255,66,281066,87,333302
41993,0.082557,172.217.24.0-255,5738,286804,87,333302
41994,0.082571,172.31.47.0-255,66,286870,87,333302
41995,0.084511,172.217.24.0-255,5738,292608,87,333302
41996,0.084523,172.31.47.0-255,66,292674,87,333302
41997,0.086482,172.217.24.0-255,5738,298412,87,333302
41998,0.086495,172.31.47.0-255,66,298478,87,333302
41999,0.088443,172.217.24.0-255,5738,304216,87,333302
42000,0.088451,172.31.47.0-255,66,304282,87,333302
42001,0.09055,172.217.24.0-255,5738,310020,87,333302
42002,0.090557,172.31.47.0-255,66,310086,87,333302
42003,0.0925,172.217.24.0-255,5738,315824,87,333302
42004,0.092507,172.31.47.0-255,66,315890,87,333302
42005,0.094431,172.217.24.0-255,5738,321628,87,333302
42006,0.094436,172.31.47.0-255,66,321694,87,333302
42007,0.096393,172.217.24.0-255,5738,327432,87,333302
42008,0.096399,172.31.47.0-255,66,327498,87,333302
42009,0.098342,172.217.24.0-255,5738,333236,87,333302
42010,0.098347,172.31.47.0-255,66,333302,87,333302
42011,0.0,172.31.47.0-255,74,74,87,3075
42012,0.002049,172.217.194.0-255,74,148,87,3075
42013,0.002071,172.31.47.0-255,66,214,87,3075
42014,0.004431,172.31.47.0-255,697,911,87,3075
42015,0.006492,172.217.194.0-255,66,977,87,3075
42016,0.006988,172.217.194.0-255,278,1255,87,3075
42017,0.007009,172.31.47.0-255,66,1321,87,3075
42018,0.007652,172.31.47.0-255,130,1451,87,3075
42019,0.009702,172.31.47.0-255,236,1687,87,3075
42020,0.009736,172.31.47.0-255,366,2053,87,3075
42021,0.009978,172.217.194.0-255,630,2683,87,3075
42022,0.011697,172.31.47.0-255,97,2780,87,3075
42023,0.011785,172.217.194.0-255,66,2846,87,3075
42024,0.012322,172.217.194.0-255,97,2943,87,3075
42025,0.017642,172.217.194.0-255,66,3009,87,3075
42026,0.050851,172.31.47.0-255,66,3075,87,3075
42027,0.0,172.217.194.0-255,153,153,87,143165
42028,3.4e-05,172.31.47.0-255,66,219,87,143165
42029,4.1e-05,172.217.194.0-255,1484,1703,87,143165
42030,4.5e-05,172.31.47.0-255,66,1769,87,143165
42031,5e-05,172.217.194.0-255,2902,4671,87,143165
42032,5.9e-05,172.31.47.0-255,66,4737,87,143165
42033,6.3e-05,172.217.194.0-255,1484,6221,87,143165
42034,6.5e-05,172.31.47.0-255,66,6287,87,143165
42035,9.6e-05,172.217.194.0-255,7156,13443,87,143165
42036,9.9e-05,172.31.47.0-255,66,13509,87,143165
42037,0.000127,172.217.194.0-255,682,14191,87,143165
42038,0.000129,172.31.47.0-255,66,14257,87,143165
42039,0.000141,172.31.47.0-255,66,14323,87,143165
42040,0.00016,172.31.47.0-255,66,14389,87,143165
42041,0.000211,172.217.194.0-255,5738,20127,87,143165
42042,0.000215,172.31.47.0-255,66,20193,87,143165
42043,0.00025,172.31.47.0-255,66,20259,87,143165
42044,0.000309,172.31.47.0-255,66,20325,87,143165
42045,0.000341,172.217.194.0-255,3961,24286,87,143165
42046,0.000344,172.31.47.0-255,66,24352,87,143165
42047,0.000459,172.217.194.0-255,377,24729,87,143165
42048,0.000463,172.31.47.0-255,66,24795,87,143165
42049,0.001175,172.217.194.0-255,101,24896,87,143165
42050,0.001181,172.31.47.0-255,66,24962,87,143165
42051,0.00119,172.217.194.0-255,362,25324,87,143165
42052,0.001192,172.31.47.0-255,66,25390,87,143165
42053,0.001779,172.217.194.0-255,1484,26874,87,143165
42054,0.001785,172.31.47.0-255,66,26940,87,143165
42055,0.001794,172.217.194.0-255,2902,29842,87,143165
42056,0.001797,172.31.47.0-255,66,29908,87,143165
42057,0.001807,172.217.194.0-255,4320,34228,87,143165
42058,0.00181,172.31.47.0-255,66,34294,87,143165
42059,0.001826,172.217.194.0-255,1484,35778,87,143165
42060,0.001849,172.217.194.0-255,7156,42934,87,143165
42061,0.001852,172.31.47.0-255,66,43000,87,143165
42062,0.001881,172.217.194.0-255,5738,48738,87,143165
42063,0.001883,172.31.47.0-255,66,48804,87,143165
42064,0.001894,172.31.47.0-255,66,48870,87,143165
42065,0.002357,172.217.194.0-255,1484,50354,87,143165
42066,0.002365,172.217.194.0-255,2902,53256,87,143165
42067,0.002369,172.31.47.0-255,66,53322,87,143165
42068,0.002376,172.217.194.0-255,5738,59060,87,143165
42069,0.002377,172.31.47.0-255,66,59126,87,143165
42070,0.00238,172.217.194.0-255,1484,60610,87,143165
42071,0.0024,172.217.194.0-255,2902,63512,87,143165
42072,0.002402,172.31.47.0-255,66,63578,87,143165
42073,0.002436,172.31.47.0-255,66,63644,87,143165
42074,0.002443,172.217.194.0-255,7156,70800,87,143165
42075,0.002445,172.31.47.0-255,66,70866,87,143165
42076,0.002465,172.217.194.0-255,2184,73050,87,143165
42077,0.002467,172.31.47.0-255,66,73116,87,143165
42078,0.002665,172.217.194.0-255,1484,74600,87,143165
42079,0.002671,172.217.194.0-255,2902,77502,87,143165
42080,0.002674,172.31.47.0-255,66,77568,87,143165
42081,0.002681,172.217.194.0-255,5738,83306,87,143165
42082,0.002683,172.31.47.0-255,66,83372,87,143165
42083,0.00271,172.217.194.0-255,1484,84856,87,143165
42084,0.002735,172.217.194.0-255,2902,87758,87,143165
42085,0.002737,172.217.194.0-255,1484,89242,87,143165
42086,0.00274,172.31.47.0-255,66,89308,87,143165
42087,0.002747,172.31.47.0-255,66,89374,87,143165
42088,0.002803,172.31.47.0-255,66,89440,87,143165
42089,0.00285,172.31.47.0-255,66,89506,87,143165
42090,0.002864,172.31.47.0-255,66,89572,87,143165
42091,0.002874,172.217.194.0-255,6438,96010,87,143165
42092,0.002876,172.31.47.0-255,66,96076,87,143165
42093,0.002881,172.217.194.0-255,4320,100396,87,143165
42094,0.002883,172.31.47.0-255,66,100462,87,143165
42095,0.002903,172.217.194.0-255,2902,103364,87,143165
42096,0.002906,172.31.47.0-255,66,103430,87,143165
42097,0.002922,172.31.47.0-255,66,103496,87,143165
42098,0.002956,172.217.194.0-255,2902,106398,87,143165
42099,0.002958,172.31.47.0-255,66,106464,87,143165
42100,0.002964,172.217.194.0-255,5738,112202,87,143165
42101,0.002966,172.31.47.0-255,66,112268,87,143165
42102,0.002968,172.217.194.0-255,1484,113752,87,143165
42103,0.002977,172.217.194.0-255,3602,117354,87,143165
42104,0.002979,172.31.47.0-255,66,117420,87,143165
42105,0.002984,172.217.194.0-255,4320,121740,87,143165
42106,0.002986,172.31.47.0-255,66,121806,87,143165
42107,0.002996,172.31.47.0-255,66,121872,87,143165
42108,0.003016,172.217.194.0-255,5738,127610,87,143165
42109,0.003019,172.31.47.0-255,66,127676,87,143165
42110,0.003098,172.31.47.0-255,66,127742,87,143165
42111,0.003103,172.217.194.0-255,4320,132062,87,143165
42112,0.003105,172.31.47.0-255,66,132128,87,143165
42113,0.003117,172.217.194.0-255,5738,137866,87,143165
42114,0.00312,172.31.47.0-255,66,137932,87,143165
42115,0.003132,172.31.47.0-255,66,137998,87,143165
42116,0.003188,172.31.47.0-255,66,138064,87,143165
42117,0.00322,172.31.47.0-255,66,138130,87,143165
42118,0.003249,172.31.47.0-255,66,138196,87,143165
42119,0.003288,172.31.47.0-255,66,138262,87,143165
42120,0.003305,172.31.47.0-255,66,138328,87,143165
42121,0.003359,172.31.47.0-255,66,138394,87,143165
42122,0.003386,172.31.47.0-255,66,138460,87,143165
42123,0.003389,172.217.194.0-255,105,138565,87,143165
42124,0.005938,172.31.47.0-255,66,138631,87,143165
42125,0.006003,172.31.47.0-255,105,138736,87,143165
42126,0.008328,172.217.194.0-255,66,138802,87,143165
42127,0.031217,172.31.47.0-255,247,139049,87,143165
42128,0.031271,172.31.47.0-255,1106,140155,87,143165
42129,0.031346,172.31.47.0-255,1514,141669,87,143165
42130,0.031348,172.31.47.0-255,1298,142967,87,143165
42131,0.032744,104.244.42.0-255,66,143033,87,143165
42132,0.032789,104.244.42.0-255,66,143099,87,143165
42133,0.032874,104.244.42.0-255,66,143165,87,143165
42134,0.0,74.125.200.0-255,153,153,87,368742
42135,2.7e-05,172.31.47.0-255,66,219,87,368742
42136,3.3e-05,74.125.200.0-255,1484,1703,87,368742
42137,3.7e-05,172.31.47.0-255,66,1769,87,368742
42138,4.2e-05,74.125.200.0-255,2902,4671,87,368742
42139,4.4e-05,172.31.47.0-255,66,4737,87,368742
42140,6.9e-05,74.125.200.0-255,5738,10475,87,368742
42141,7.2e-05,172.31.47.0-255,66,10541,87,368742
42142,7.7e-05,74.125.200.0-255,3554,14095,87,368742
42143,7.9e-05,172.31.47.0-255,66,14161,87,368742
42144,0.000103,74.125.200.0-255,4320,18481,87,368742
42145,0.000105,172.31.47.0-255,66,18547,87,368742
42146,0.00014,74.125.200.0-255,5738,24285,87,368742
42147,0.000144,172.31.47.0-255,66,24351,87,368742
42148,0.000173,74.125.200.0-255,4320,28671,87,368742
42149,0.000176,172.31.47.0-255,66,28737,87,368742
42150,0.000194,74.125.200.0-255,2543,31280,87,368742
42151,0.000197,172.31.47.0-255,66,31346,87,368742
42152,0.000548,74.125.200.0-255,1484,32830,87,368742
42153,0.000552,172.31.47.0-255,66,32896,87,368742
42154,0.000561,74.125.200.0-255,2902,35798,87,368742
42155,0.000563,172.31.47.0-255,66,35864,87,368742
42156,0.000589,74.125.200.0-255,5738,41602,87,368742
42157,0.000592,172.31.47.0-255,66,41668,87,368742
42158,0.000613,74.125.200.0-255,6797,48465,87,368742
42159,0.000615,172.31.47.0-255,66,48531,87,368742
42160,0.00064,74.125.200.0-255,1484,50015,87,368742
42161,0.000642,172.31.47.0-255,66,50081,87,368742
42162,0.000647,74.125.200.0-255,2902,52983,87,368742
42163,0.000648,172.31.47.0-255,66,53049,87,368742
42164,0.000668,74.125.200.0-255,2902,55951,87,368742
42165,0.000671,172.31.47.0-255,66,56017,87,368742
42166,0.000684,74.125.200.0-255,2902,58919,87,368742
42167,0.000687,172.31.47.0-255,66,58985,87,368742
42168,0.00069,74.125.200.0-255,1484,60469,87,368742
42169,0.00071,74.125.200.0-255,2902,63371,87,368742
42170,0.000713,172.31.47.0-255,66,63437,87,368742
42171,0.000729,74.125.200.0-255,1484,64921,87,368742
42172,0.000743,74.125.200.0-255,1437,66358,87,368742
42173,0.000746,172.31.47.0-255,66,66424,87,368742
42174,0.000823,74.125.200.0-255,108,66532,87,368742
42175,0.000967,74.125.200.0-255,1484,68016,87,368742
42176,0.000972,172.31.47.0-255,66,68082,87,368742
42177,0.000977,74.125.200.0-255,2902,70984,87,368742
42178,0.000979,172.31.47.0-255,66,71050,87,368742
42179,0.000991,74.125.200.0-255,1484,72534,87,368742
42180,0.001011,74.125.200.0-255,2902,75436,87,368742
42181,0.001015,172.31.47.0-255,66,75502,87,368742
42182,0.001022,74.125.200.0-255,5738,81240,87,368742
42183,0.001024,172.31.47.0-255,66,81306,87,368742
42184,0.001026,74.125.200.0-255,1484,82790,87,368742
42185,0.001038,74.125.200.0-255,1125,83915,87,368742
42186,0.00104,172.31.47.0-255,66,83981,87,368742
42187,0.001079,74.125.200.0-255,2902,86883,87,368742
42188,0.001081,172.31.47.0-255,66,86949,87,368742
42189,0.001104,74.125.200.0-255,2902,89851,87,368742
42190,0.001106,172.31.47.0-255,66,89917,87,368742
42191,0.001121,74.125.200.0-255,1484,91401,87,368742
42192,0.001144,172.31.47.0-255,66,91467,87,368742
42193,0.001175,74.125.200.0-255,1125,92592,87,368742
42194,0.003166,74.125.200.0-255,4320,96912,87,368742
42195,0.003169,172.31.47.0-255,66,96978,87,368742
42196,0.005193,74.125.200.0-255,5738,102716,87,368742
42197,0.0052,172.31.47.0-255,66,102782,87,368742
42198,0.00722,74.125.200.0-255,5738,108520,87,368742
42199,0.007226,172.31.47.0-255,66,108586,87,368742
42200,0.009397,74.125.200.0-255,5738,114324,87,368742
42201,0.009404,172.31.47.0-255,66,114390,87,368742
42202,0.011425,74.125.200.0-255,5738,120128,87,368742
42203,0.011432,172.31.47.0-255,66,120194,87,368742
42204,0.013459,74.125.200.0-255,5738,125932,87,368742
42205,0.013467,172.31.47.0-255,66,125998,87,368742
42206,0.015484,74.125.200.0-255,5738,131736,87,368742
42207,0.015489,172.31.47.0-255,66,131802,87,368742
42208,0.017499,74.125.200.0-255,4320,136122,87,368742
42209,0.017505,172.31.47.0-255,66,136188,87,368742
42210,0.017517,74.125.200.0-255,1484,137672,87,368742
42211,0.017661,172.31.47.0-255,167,137839,87,368742
42212,0.017685,172.31.47.0-255,1103,138942,87,368742
42213,0.017716,172.31.47.0-255,1514,140456,87,368742
42214,0.017717,172.31.47.0-255,1302,141758,87,368742
42215,0.019192,104.244.42.0-255,66,141824,87,368742
42216,0.019224,104.244.42.0-255,66,141890,87,368742
42217,0.019251,104.244.42.0-255,66,141956,87,368742
42218,0.019514,74.125.200.0-255,1484,143440,87,368742
42219,0.019517,172.31.47.0-255,66,143506,87,368742
42220,0.019545,74.125.200.0-255,2902,146408,87,368742
42221,0.019548,172.31.47.0-255,66,146474,87,368742
42222,0.021571,74.125.200.0-255,2902,149376,87,368742
42223,0.021577,172.31.47.0-255,66,149442,87,368742
42224,0.021612,74.125.200.0-255,2902,152344,87,368742
42225,0.021614,172.31.47.0-255,66,152410,87,368742
42226,0.023586,74.125.200.0-255,2902,155312,87,368742
42227,0.023591,172.31.47.0-255,66,155378,87,368742
42228,0.023635,74.125.200.0-255,2902,158280,87,368742
42229,0.023639,172.31.47.0-255,66,158346,87,368742
42230,0.025625,74.125.200.0-255,2902,161248,87,368742
42231,0.025629,172.31.47.0-255,66,161314,87,368742
42232,0.025653,74.125.200.0-255,2902,164216,87,368742
42233,0.025656,172.31.47.0-255,66,164282,87,368742
42234,0.027644,74.125.200.0-255,2902,167184,87,368742
42235,0.027648,172.31.47.0-255,66,167250,87,368742
42236,0.027669,74.125.200.0-255,2902,170152,87,368742
42237,0.027671,172.31.47.0-255,66,170218,87,368742
42238,0.029682,74.125.200.0-255,5738,175956,87,368742
42239,0.029687,172.31.47.0-255,66,176022,87,368742
42240,0.031696,74.125.200.0-255,4320,180342,87,368742
42241,0.031702,172.31.47.0-255,66,180408,87,368742
42242,0.031728,74.125.200.0-255,1484,181892,87,368742
42243,0.033718,74.125.200.0-255,4320,186212,87,368742
42244,0.033723,172.31.47.0-255,66,186278,87,368742
42245,0.035741,74.125.200.0-255,4320,190598,87,368742
42246,0.035745,172.31.47.0-255,66,190664,87,368742
42247,0.035766,74.125.200.0-255,1484,192148,87,368742
42248,0.037764,74.125.200.0-255,4320,196468,87,368742
42249,0.037769,172.31.47.0-255,66,196534,87,368742
42250,0.039779,74.125.200.0-255,4320,200854,87,368742
42251,0.039783,172.31.47.0-255,66,200920,87,368742
42252,0.03981,74.125.200.0-255,1484,202404,87,368742
42253,0.041794,74.125.200.0-255,4320,206724,87,368742
42254,0.041799,172.31.47.0-255,66,206790,87,368742
42255,0.043825,74.125.200.0-255,4320,211110,87,368742
42256,0.043829,172.31.47.0-255,66,211176,87,368742
42257,0.043855,74.125.200.0-255,1484,212660,87,368742
42258,0.045879,74.125.200.0-255,4320,216980,87,368742
42259,0.045884,172.31.47.0-255,66,217046,87,368742
42260,0.047894,74.125.200.0-255,5738,222784,87,368742
42261,0.047898,172.31.47.0-255,66,222850,87,368742
42262,0.049914,74.125.200.0-255,5738,228588,87,368742
42263,0.049918,172.31.47.0-255,66,228654,87,368742
42264,0.05195,74.125.200.0-255,5738,234392,87,368742
42265,0.051954,172.31.47.0-255,66,234458,87,368742
42266,0.053969,74.125.200.0-255,2902,237360,87,368742
42267,0.053974,172.31.47.0-255,66,237426,87,368742
42268,0.054002,74.125.200.0-255,2902,240328,87,368742
42269,0.054005,172.31.47.0-255,66,240394,87,368742
42270,0.055998,74.125.200.0-255,2902,243296,87,368742
42271,0.056003,172.31.47.0-255,66,243362,87,368742
42272,0.056022,74.125.200.0-255,2902,246264,87,368742
42273,0.056024,172.31.47.0-255,66,246330,87,368742
42274,0.058043,74.125.200.0-255,5738,252068,87,368742
42275,0.058059,172.31.47.0-255,66,252134,87,368742
42276,0.060092,74.125.200.0-255,5738,257872,87,368742
42277,0.060107,172.31.47.0-255,66,257938,87,368742
42278,0.062143,74.125.200.0-255,5738,263676,87,368742
42279,0.062153,172.31.47.0-255,66,263742,87,368742
42280,0.064213,74.125.200.0-255,5738,269480,87,368742
42281,0.064219,172.31.47.0-255,66,269546,87,368742
42282,0.066249,74.125.200.0-255,5738,275284,87,368742
42283,0.066256,172.31.47.0-255,66,275350,87,368742
42284,0.068285,74.125.200.0-255,5738,281088,87,368742
42285,0.068295,172.31.47.0-255,66,281154,87,368742
42286,0.070317,74.125.200.0-255,5738,286892,87,368742
42287,0.070322,172.31.47.0-255,66,286958,87,368742
42288,0.072354,74.125.200.0-255,5738,292696,87,368742
42289,0.072366,172.31.47.0-255,66,292762,87,368742
42290,0.074403,74.125.200.0-255,5738,298500,87,368742
42291,0.074411,172.31.47.0-255,66,298566,87,368742
42292,0.076439,74.125.200.0-255,5738,304304,87,368742
42293,0.076448,172.31.47.0-255,66,304370,87,368742
42294,0.078481,74.125.200.0-255,5738,310108,87,368742
42295,0.078491,172.31.47.0-255,66,310174,87,368742
42296,0.080518,74.125.200.0-255,5738,315912,87,368742
42297,0.080524,172.31.47.0-255,66,315978,87,368742
42298,0.082546,74.125.200.0-255,5738,321716,87,368742
42299,0.082554,172.31.47.0-255,66,321782,87,368742
42300,0.084608,74.125.200.0-255,5738,327520,87,368742
42301,0.084627,172.31.47.0-255,66,327586,87,368742
42302,0.086684,74.125.200.0-255,5738,333324,87,368742
42303,0.086702,172.31.47.0-255,66,333390,87,368742
42304,0.088728,74.125.200.0-255,2902,336292,87,368742
42305,0.088733,172.31.47.0-255,66,336358,87,368742
42306,0.088796,74.125.200.0-255,2902,339260,87,368742
42307,0.0888,172.31.47.0-255,66,339326,87,368742
42308,0.090769,74.125.200.0-255,2902,342228,87,368742
42309,0.090785,172.31.47.0-255,66,342294,87,368742
42310,0.090837,74.125.200.0-255,2902,345196,87,368742
42311,0.090839,172.31.47.0-255,66,345262,87,368742
42312,0.092811,74.125.200.0-255,2902,348164,87,368742
42313,0.092816,172.31.47.0-255,66,348230,87,368742
42314,0.092845,74.125.200.0-255,2902,351132,87,368742
42315,0.092847,172.31.47.0-255,66,351198,87,368742
42316,0.09485,74.125.200.0-255,2902,354100,87,368742
42317,0.094861,172.31.47.0-255,66,354166,87,368742
42318,0.094893,74.125.200.0-255,2902,357068,87,368742
42319,0.094896,172.31.47.0-255,66,357134,87,368742
42320,0.096929,74.125.200.0-255,5738,362872,87,368742
42321,0.096944,172.31.47.0-255,66,362938,87,368742
42322,0.098987,74.125.200.0-255,5738,368676,87,368742
42323,0.099002,172.31.47.0-255,66,368742,87,368742
42324,0.0,74.125.200.0-255,146,146,87,354775
42325,2.6e-05,172.31.47.0-255,66,212,87,354775
42326,3.3e-05,74.125.200.0-255,1484,1696,87,354775
42327,3.7e-05,172.31.47.0-255,66,1762,87,354775
42328,4.9e-05,74.125.200.0-255,2902,4664,87,354775
42329,5.2e-05,172.31.47.0-255,66,4730,87,354775
42330,5.8e-05,74.125.200.0-255,5738,10468,87,354775
42331,6.2e-05,172.31.47.0-255,66,10534,87,354775
42332,8.5e-05,74.125.200.0-255,3637,14171,87,354775
42333,8.8e-05,172.31.47.0-255,66,14237,87,354775
42334,9.2e-05,74.125.200.0-255,4320,18557,87,354775
42335,9.4e-05,172.31.47.0-255,66,18623,87,354775
42336,0.000132,172.31.47.0-255,66,18689,87,354775
42337,0.000154,74.125.200.0-255,1484,20173,87,354775
42338,0.000156,172.31.47.0-255,66,20239,87,354775
42339,0.000162,74.125.200.0-255,4320,24559,87,354775
42340,0.000165,172.31.47.0-255,66,24625,87,354775
42341,0.00022,172.31.47.0-255,66,24691,87,354775
42342,0.000249,74.125.200.0-255,5020,29711,87,354775
42343,0.000252,172.31.47.0-255,66,29777,87,354775
42344,0.000256,74.125.200.0-255,2902,32679,87,354775
42345,0.000258,172.31.47.0-255,66,32745,87,354775
42346,0.000269,74.125.200.0-255,4320,37065,87,354775
42347,0.000272,172.31.47.0-255,66,37131,87,354775
42348,0.000285,74.125.200.0-255,2902,40033,87,354775
42349,0.000287,172.31.47.0-255,66,40099,87,354775
42350,0.000318,74.125.200.0-255,4320,44419,87,354775
42351,0.000322,172.31.47.0-255,66,44485,87,354775
42352,0.000345,74.125.200.0-255,2543,47028,87,354775
42353,0.000349,172.31.47.0-255,66,47094,87,354775
42354,0.000387,74.125.200.0-255,3482,50576,87,354775
42355,0.00039,172.31.47.0-255,66,50642,87,354775
42356,0.000394,74.125.200.0-255,1484,52126,87,354775
42357,0.000397,74.125.200.0-255,1484,53610,87,354775
42358,0.000403,172.31.47.0-255,66,53676,87,354775
42359,0.000417,74.125.200.0-255,1484,55160,87,354775
42360,0.000428,74.125.200.0-255,5738,60898,87,354775
42361,0.000431,172.31.47.0-255,66,60964,87,354775
42362,0.000461,74.125.200.0-255,3961,64925,87,354775
42363,0.000464,172.31.47.0-255,66,64991,87,354775
42364,0.000489,74.125.200.0-255,4320,69311,87,354775
42365,0.000492,172.31.47.0-255,66,69377,87,354775
42366,0.000514,74.125.200.0-255,5738,75115,87,354775
42367,0.000517,172.31.47.0-255,66,75181,87,354775
42368,0.000539,74.125.200.0-255,1484,76665,87,354775
42369,0.000556,74.125.200.0-255,5379,82044,87,354775
42370,0.000559,172.31.47.0-255,66,82110,87,354775
42371,0.001072,74.125.200.0-255,1484,83594,87,354775
42372,0.001078,74.125.200.0-255,2902,86496,87,354775
42373,0.001081,172.31.47.0-255,66,86562,87,354775
42374,0.001085,74.125.200.0-255,1484,88046,87,354775
42375,0.001103,74.125.200.0-255,4320,92366,87,354775
42376,0.001106,172.31.47.0-255,66,92432,87,354775
42377,0.001142,172.31.47.0-255,66,92498,87,354775
42378,0.001148,74.125.200.0-255,2902,95400,87,354775
42379,0.00115,172.31.47.0-255,66,95466,87,354775
42380,0.001181,74.125.200.0-255,2902,98368,87,354775
42381,0.001184,172.31.47.0-255,66,98434,87,354775
42382,0.001187,74.125.200.0-255,1484,99918,87,354775
42383,0.00121,74.125.200.0-255,3602,103520,87,354775
42384,0.001213,172.31.47.0-255,66,103586,87,354775
42385,0.001283,74.125.200.0-255,1484,105070,87,354775
42386,0.001298,74.125.200.0-255,2902,107972,87,354775
42387,0.001301,172.31.47.0-255,66,108038,87,354775
42388,0.001331,74.125.200.0-255,5738,113776,87,354775
42389,0.001334,172.31.47.0-255,66,113842,87,354775
42390,0.001342,74.125.200.0-255,7156,120998,87,354775
42391,0.001344,172.31.47.0-255,66,121064,87,354775
42392,0.001362,74.125.200.0-255,1484,122548,87,354775
42393,0.001379,172.31.47.0-255,66,122614,87,354775
42394,0.001387,74.125.200.0-255,5020,127634,87,354775
42395,0.001389,172.31.47.0-255,66,127700,87,354775
42396,0.001756,74.125.200.0-255,1484,129184,87,354775
42397,0.001765,74.125.200.0-255,2902,132086,87,354775
42398,0.001769,172.31.47.0-255,66,132152,87,354775
42399,0.0018,74.125.200.0-255,5738,137890,87,354775
42400,0.001803,172.31.47.0-255,66,137956,87,354775
42401,0.00184,172.31.47.0-255,66,138022,87,354775
42402,0.001868,74.125.200.0-255,1484,139506,87,354775
42403,0.001893,172.31.47.0-255,66,139572,87,354775
42404,0.001976,74.125.200.0-255,1484,141056,87,354775
42405,0.00201,74.125.200.0-255,2902,143958,87,354775
42406,0.002014,172.31.47.0-255,66,144024,87,354775
42407,0.002017,74.125.200.0-255,1484,145508,87,354775
42408,0.00204,74.125.200.0-255,2902,148410,87,354775
42409,0.002043,172.31.47.0-255,66,148476,87,354775
42410,0.002047,74.125.200.0-255,1484,149960,87,354775
42411,0.004066,74.125.200.0-255,4320,154280,87,354775
42412,0.004073,172.31.47.0-255,66,154346,87,354775
42413,0.006087,74.125.200.0-255,5738,160084,87,354775
42414,0.006091,172.31.47.0-255,66,160150,87,354775
42415,0.008138,74.125.200.0-255,5738,165888,87,354775
42416,0.008144,172.31.47.0-255,66,165954,87,354775
42417,0.010182,74.125.200.0-255,4320,170274,87,354775
42418,0.010188,172.31.47.0-255,66,170340,87,354775
42419,0.010214,74.125.200.0-255,1484,171824,87,354775
42420,0.012219,74.125.200.0-255,4320,176144,87,354775
42421,0.012226,172.31.47.0-255,66,176210,87,354775
42422,0.014248,74.125.200.0-255,5738,181948,87,354775
42423,0.014256,172.31.47.0-255,66,182014,87,354775
42424,0.016282,74.125.200.0-255,5738,187752,87,354775
42425,0.01629,172.31.47.0-255,66,187818,87,354775
42426,0.018346,74.125.200.0-255,5738,193556,87,354775
42427,0.018354,172.31.47.0-255,66,193622,87,354775
42428,0.020383,74.125.200.0-255,5738,199360,87,354775
42429,0.020392,172.31.47.0-255,66,199426,87,354775
42430,0.022438,74.125.200.0-255,5738,205164,87,354775
42431,0.022447,172.31.47.0-255,66,205230,87,354775
42432,0.024472,74.125.200.0-255,5738,210968,87,354775
42433,0.024479,172.31.47.0-255,66,211034,87,354775
42434,0.026501,74.125.200.0-255,5738,216772,87,354775
42435,0.026507,172.31.47.0-255,66,216838,87,354775
42436,0.028519,74.125.200.0-255,4320,221158,87,354775
42437,0.028524,172.31.47.0-255,66,221224,87,354775
42438,0.028552,74.125.200.0-255,1484,222708,87,354775
42439,0.02921,172.31.47.0-255,172,222880,87,354775
42440,0.029238,172.31.47.0-255,1107,223987,87,354775
42441,0.029269,172.31.47.0-255,1514,225501,87,354775
42442,0.029271,172.31.47.0-255,1297,226798,87,354775
42443,0.030537,74.125.200.0-255,4320,231118,87,354775
42444,0.030542,172.31.47.0-255,66,231184,87,354775
42445,0.030768,104.244.42.0-255,66,231250,87,354775
42446,0.030775,104.244.42.0-255,66,231316,87,354775
42447,0.030797,104.244.42.0-255,66,231382,87,354775
42448,0.032555,74.125.200.0-255,5738,237120,87,354775
42449,0.032559,172.31.47.0-255,66,237186,87,354775
42450,0.03457,74.125.200.0-255,2902,240088,87,354775
42451,0.034574,172.31.47.0-255,66,240154,87,354775
42452,0.034603,74.125.200.0-255,2902,243056,87,354775
42453,0.034606,172.31.47.0-255,66,243122,87,354775
42454,0.036587,74.125.200.0-255,2902,246024,87,354775
42455,0.036592,172.31.47.0-255,66,246090,87,354775
42456,0.036633,74.125.200.0-255,2902,248992,87,354775
42457,0.036636,172.31.47.0-255,66,249058,87,354775
42458,0.038602,74.125.200.0-255,2902,251960,87,354775
42459,0.038607,172.31.47.0-255,66,252026,87,354775
42460,0.038644,74.125.200.0-255,2902,254928,87,354775
42461,0.038648,172.31.47.0-255,66,254994,87,354775
42462,0.040629,74.125.200.0-255,2902,257896,87,354775
42463,0.040633,172.31.47.0-255,66,257962,87,354775
42464,0.040667,74.125.200.0-255,2902,260864,87,354775
42465,0.040669,172.31.47.0-255,66,260930,87,354775
42466,0.042645,74.125.200.0-255,2902,263832,87,354775
42467,0.04265,172.31.47.0-255,66,263898,87,354775
42468,0.042677,74.125.200.0-255,2902,266800,87,354775
42469,0.04268,172.31.47.0-255,66,266866,87,354775
42470,0.044666,74.125.200.0-255,2902,269768,87,354775
42471,0.044672,172.31.47.0-255,66,269834,87,354775
42472,0.044707,74.125.200.0-255,2902,272736,87,354775
42473,0.04471,172.31.47.0-255,66,272802,87,354775
42474,0.04669,74.125.200.0-255,2902,275704,87,354775
42475,0.046696,172.31.47.0-255,66,275770,87,354775
42476,0.046719,74.125.200.0-255,2902,278672,87,354775
42477,0.046721,172.31.47.0-255,66,278738,87,354775
42478,0.048718,74.125.200.0-255,2902,281640,87,354775
42479,0.048723,172.31.47.0-255,66,281706,87,354775
42480,0.048738,74.125.200.0-255,2902,284608,87,354775
42481,0.048744,172.31.47.0-255,66,284674,87,354775
42482,0.050742,74.125.200.0-255,2902,287576,87,354775
42483,0.050747,172.31.47.0-255,66,287642,87,354775
42484,0.050775,74.125.200.0-255,2902,290544,87,354775
42485,0.050778,172.31.47.0-255,66,290610,87,354775
42486,0.052775,74.125.200.0-255,2902,293512,87,354775
42487,0.05278,172.31.47.0-255,66,293578,87,354775
42488,0.052807,74.125.200.0-255,2902,296480,87,354775
42489,0.05281,172.31.47.0-255,66,296546,87,354775
42490,0.054796,74.125.200.0-255,2902,299448,87,354775
42491,0.054801,172.31.47.0-255,66,299514,87,354775
42492,0.054833,74.125.200.0-255,2902,302416,87,354775
42493,0.054836,172.31.47.0-255,66,302482,87,354775
42494,0.056824,74.125.200.0-255,2902,305384,87,354775
42495,0.056829,172.31.47.0-255,66,305450,87,354775
42496,0.056903,74.125.200.0-255,2902,308352,87,354775
42497,0.056906,172.31.47.0-255,66,308418,87,354775
42498,0.058845,74.125.200.0-255,2902,311320,87,354775
42499,0.058849,172.31.47.0-255,66,311386,87,354775
42500,0.058917,74.125.200.0-255,2902,314288,87,354775
42501,0.058921,172.31.47.0-255,66,314354,87,354775
42502,0.060867,74.125.200.0-255,2902,317256,87,354775
42503,0.060872,172.31.47.0-255,66,317322,87,354775
42504,0.060923,74.125.200.0-255,2902,320224,87,354775
42505,0.060927,172.31.47.0-255,66,320290,87,354775
42506,0.062884,74.125.200.0-255,2902,323192,87,354775
42507,0.06289,172.31.47.0-255,66,323258,87,354775
42508,0.062931,74.125.200.0-255,2902,326160,87,354775
42509,0.062935,172.31.47.0-255,66,326226,87,354775
42510,0.064901,74.125.200.0-255,2902,329128,87,354775
42511,0.064908,172.31.47.0-255,66,329194,87,354775
42512,0.064946,74.125.200.0-255,2902,332096,87,354775
42513,0.06495,172.31.47.0-255,66,332162,87,354775
42514,0.066926,74.125.200.0-255,2902,335064,87,354775
42515,0.066935,172.31.47.0-255,66,335130,87,354775
42516,0.066955,74.125.200.0-255,2902,338032,87,354775
42517,0.066958,172.31.47.0-255,66,338098,87,354775
42518,0.068956,74.125.200.0-255,2902,341000,87,354775
42519,0.068963,172.31.47.0-255,66,341066,87,354775
42520,0.068992,74.125.200.0-255,2902,343968,87,354775
42521,0.068995,172.31.47.0-255,66,344034,87,354775
42522,0.070973,74.125.200.0-255,2902,346936,87,354775
42523,0.070978,172.31.47.0-255,66,347002,87,354775
42524,0.071003,74.125.200.0-255,2902,349904,87,354775
42525,0.071005,172.31.47.0-255,66,349970,87,354775
42526,0.072986,74.125.200.0-255,2902,352872,87,354775
42527,0.072992,172.31.47.0-255,66,352938,87,354775
42528,0.073038,74.125.200.0-255,1600,354538,87,354775
42529,0.073042,172.31.47.0-255,66,354604,87,354775
42530,0.073221,172.31.47.0-255,105,354709,87,354775
42531,0.075228,74.125.200.0-255,66,354775,87,354775
42532,0.0,216.58.203.0-255,152,152,87,407428
42533,3.2e-05,172.31.47.0-255,66,218,87,407428
42534,3.9e-05,216.58.203.0-255,1484,1702,87,407428
42535,4.4e-05,172.31.47.0-255,66,1768,87,407428
42536,4.8e-05,216.58.203.0-255,2902,4670,87,407428
42537,5.1e-05,172.31.47.0-255,66,4736,87,407428
42538,5.8e-05,216.58.203.0-255,7156,11892,87,407428
42539,6.1e-05,172.31.47.0-255,66,11958,87,407428
42540,7.2e-05,172.31.47.0-255,66,12024,87,407428
42541,7.4e-05,216.58.203.0-255,1484,13508,87,407428
42542,7.7e-05,172.31.47.0-255,66,13574,87,407428
42543,0.000108,216.58.203.0-255,7156,20730,87,407428
42544,0.00011,172.31.47.0-255,66,20796,87,407428
42545,0.000114,216.58.203.0-255,2543,23339,87,407428
42546,0.000117,172.31.47.0-255,66,23405,87,407428
42547,0.000196,216.58.203.0-255,1484,24889,87,407428
42548,0.0002,172.31.47.0-255,66,24955,87,407428
42549,0.000244,216.58.203.0-255,2902,27857,87,407428
42550,0.000248,172.31.47.0-255,66,27923,87,407428
42551,0.000253,216.58.203.0-255,5738,33661,87,407428
42552,0.000256,172.31.47.0-255,66,33727,87,407428
42553,0.000285,216.58.203.0-255,1484,35211,87,407428
42554,0.000287,172.31.47.0-255,66,35277,87,407428
42555,0.000304,216.58.203.0-255,5379,40656,87,407428
42556,0.000307,172.31.47.0-255,66,40722,87,407428
42557,0.000486,216.58.203.0-255,1484,42206,87,407428
42558,0.00049,172.31.47.0-255,66,42272,87,407428
42559,0.000512,216.58.203.0-255,1484,43756,87,407428
42560,0.000517,172.31.47.0-255,66,43822,87,407428
42561,0.000534,216.58.203.0-255,1484,45306,87,407428
42562,0.000537,172.31.47.0-255,66,45372,87,407428
42563,0.000542,216.58.203.0-255,2902,48274,87,407428
42564,0.000545,172.31.47.0-255,66,48340,87,407428
42565,0.000567,216.58.203.0-255,2902,51242,87,407428
42566,0.000571,172.31.47.0-255,66,51308,87,407428
42567,0.000574,216.58.203.0-255,1484,52792,87,407428
42568,0.00058,216.58.203.0-255,5701,58493,87,407428
42569,0.000582,172.31.47.0-255,66,58559,87,407428
42570,0.001216,216.58.203.0-255,1484,60043,87,407428
42571,0.001236,216.58.203.0-255,2902,62945,87,407428
42572,0.00124,172.31.47.0-255,66,63011,87,407428
42573,0.001247,216.58.203.0-255,5738,68749,87,407428
42574,0.001249,172.31.47.0-255,66,68815,87,407428
42575,0.001264,216.58.203.0-255,1484,70299,87,407428
42576,0.001281,216.58.203.0-255,7156,77455,87,407428
42577,0.001284,172.31.47.0-255,66,77521,87,407428
42578,0.001308,216.58.203.0-255,5379,82900,87,407428
42579,0.00131,172.31.47.0-255,66,82966,87,407428
42580,0.001316,216.58.203.0-255,7156,90122,87,407428
42581,0.001318,172.31.47.0-255,66,90188,87,407428
42582,0.001332,216.58.203.0-255,2809,92997,87,407428
42583,0.001334,172.31.47.0-255,66,93063,87,407428
42584,0.001402,216.58.203.0-255,1484,94547,87,407428
42585,0.001413,216.58.203.0-255,2902,97449,87,407428
42586,0.001416,172.31.47.0-255,66,97515,87,407428
42587,0.001421,216.58.203.0-255,4320,101835,87,407428
42588,0.001423,172.31.47.0-255,66,101901,87,407428
42589,0.001438,216.58.203.0-255,1484,103385,87,407428
42590,0.001443,216.58.203.0-255,4320,107705,87,407428
42591,0.001445,172.31.47.0-255,66,107771,87,407428
42592,0.001484,216.58.203.0-255,2902,110673,87,407428
42593,0.001487,172.31.47.0-255,66,110739,87,407428
42594,0.001512,216.58.203.0-255,7156,117895,87,407428
42595,0.001515,172.31.47.0-255,66,117961,87,407428
42596,0.001525,172.31.47.0-255,66,118027,87,407428
42597,0.001619,216.58.203.0-255,1484,119511,87,407428
42598,0.001623,216.58.203.0-255,2902,122413,87,407428
42599,0.001626,172.31.47.0-255,66,122479,87,407428
42600,0.001647,216.58.203.0-255,4320,126799,87,407428
42601,0.001649,172.31.47.0-255,66,126865,87,407428
42602,0.001653,216.58.203.0-255,2902,129767,87,407428
42603,0.001655,172.31.47.0-255,66,129833,87,407428
42604,0.001659,216.58.203.0-255,2902,132735,87,407428
42605,0.001661,172.31.47.0-255,66,132801,87,407428
42606,0.001684,216.58.203.0-255,1484,134285,87,407428
42607,0.003259,216.58.203.0-255,1484,135769,87,407428
42608,0.003265,172.31.47.0-255,66,135835,87,407428
42609,0.003293,216.58.203.0-255,2902,138737,87,407428
42610,0.003295,172.31.47.0-255,66,138803,87,407428
42611,0.004905,216.58.203.0-255,2902,141705,87,407428
42612,0.00491,172.31.47.0-255,66,141771,87,407428
42613,0.004939,216.58.203.0-255,2902,144673,87,407428
42614,0.004942,172.31.47.0-255,66,144739,87,407428
42615,0.006528,216.58.203.0-255,2902,147641,87,407428
42616,0.006535,172.31.47.0-255,66,147707,87,407428
42617,0.006563,216.58.203.0-255,2902,150609,87,407428
42618,0.006566,172.31.47.0-255,66,150675,87,407428
42619,0.008147,216.58.203.0-255,2902,153577,87,407428
42620,0.008154,172.31.47.0-255,66,153643,87,407428
42621,0.008181,216.58.203.0-255,2902,156545,87,407428
42622,0.008184,172.31.47.0-255,66,156611,87,407428
42623,0.008243,172.31.47.0-255,101,156712,87,407428
42624,0.00978,216.58.203.0-255,2902,159614,87,407428
42625,0.009787,172.31.47.0-255,66,159680,87,407428
42626,0.009807,216.58.203.0-255,2902,162582,87,407428
42627,0.009811,172.31.47.0-255,66,162648,87,407428
42628,0.009824,216.58.203.0-255,66,162714,87,407428
42629,0.011404,216.58.203.0-255,2902,165616,87,407428
42630,0.011413,172.31.47.0-255,66,165682,87,407428
42631,0.011435,216.58.203.0-255,2902,168584,87,407428
42632,0.011439,172.31.47.0-255,66,168650,87,407428
42633,0.013035,216.58.203.0-255,2902,171552,87,407428
42634,0.013046,172.31.47.0-255,66,171618,87,407428
42635,0.013079,216.58.203.0-255,2902,174520,87,407428
42636,0.013082,172.31.47.0-255,66,174586,87,407428
42637,0.014663,216.58.203.0-255,2902,177488,87,407428
42638,0.01467,172.31.47.0-255,66,177554,87,407428
42639,0.014699,216.58.203.0-255,2902,180456,87,407428
42640,0.014702,172.31.47.0-255,66,180522,87,407428
42641,0.01629,216.58.203.0-255,2902,183424,87,407428
42642,0.016297,172.31.47.0-255,66,183490,87,407428
42643,0.016336,216.58.203.0-255,2902,186392,87,407428
42644,0.01634,172.31.47.0-255,66,186458,87,407428
42645,0.017928,216.58.203.0-255,2902,189360,87,407428
42646,0.017938,172.31.47.0-255,66,189426,87,407428
42647,0.017965,216.58.203.0-255,2902,192328,87,407428
42648,0.017967,172.31.47.0-255,66,192394,87,407428
42649,0.019556,216.58.203.0-255,2902,195296,87,407428
42650,0.019563,172.31.47.0-255,66,195362,87,407428
42651,0.019585,216.58.203.0-255,2902,198264,87,407428
42652,0.019588,172.31.47.0-255,66,198330,87,407428
42653,0.021232,216.58.203.0-255,5738,204068,87,407428
42654,0.021248,172.31.47.0-255,66,204134,87,407428
42655,0.022868,216.58.203.0-255,5738,209872,87,407428
42656,0.022875,172.31.47.0-255,66,209938,87,407428
42657,0.024507,216.58.203.0-255,5738,215676,87,407428
42658,0.024514,172.31.47.0-255,66,215742,87,407428
42659,0.025087,172.31.47.0-255,172,215914,87,407428
42660,0.025118,172.31.47.0-255,1111,217025,87,407428
42661,0.025177,172.31.47.0-255,1514,218539,87,407428
42662,0.025179,172.31.47.0-255,1293,219832,87,407428
42663,0.026156,216.58.203.0-255,5738,225570,87,407428
42664,0.026161,172.31.47.0-255,66,225636,87,407428
42665,0.026611,104.244.42.0-255,66,225702,87,407428
42666,0.026639,104.244.42.0-255,66,225768,87,407428
42667,0.026738,104.244.42.0-255,66,225834,87,407428
42668,0.02778,216.58.203.0-255,5738,231572,87,407428
42669,0.027785,172.31.47.0-255,66,231638,87,407428
42670,0.029421,216.58.203.0-255,4320,235958,87,407428
42671,0.029427,172.31.47.0-255,66,236024,87,407428
42672,0.029447,216.58.203.0-255,1484,237508,87,407428
42673,0.031045,216.58.203.0-255,4320,241828,87,407428
42674,0.031051,172.31.47.0-255,66,241894,87,407428
42675,0.032677,216.58.203.0-255,5738,247632,87,407428
42676,0.032682,172.31.47.0-255,66,247698,87,407428
42677,0.03431,216.58.203.0-255,5738,253436,87,407428
42678,0.034315,172.31.47.0-255,66,253502,87,407428
42679,0.035928,216.58.203.0-255,5738,259240,87,407428
42680,0.035933,172.31.47.0-255,66,259306,87,407428
42681,0.037542,216.58.203.0-255,4320,263626,87,407428
42682,0.037546,172.31.47.0-255,66,263692,87,407428
42683,0.037575,216.58.203.0-255,1484,265176,87,407428
42684,0.039185,216.58.203.0-255,2902,268078,87,407428
42685,0.039192,172.31.47.0-255,66,268144,87,407428
42686,0.040811,216.58.203.0-255,4320,272464,87,407428
42687,0.040816,172.31.47.0-255,66,272530,87,407428
42688,0.04084,216.58.203.0-255,1484,274014,87,407428
42689,0.042443,216.58.203.0-255,4320,278334,87,407428
42690,0.042449,172.31.47.0-255,66,278400,87,407428
42691,0.044081,216.58.203.0-255,4320,282720,87,407428
42692,0.044086,172.31.47.0-255,66,282786,87,407428
42693,0.04411,216.58.203.0-255,1484,284270,87,407428
42694,0.045703,216.58.203.0-255,4320,288590,87,407428
42695,0.045709,172.31.47.0-255,66,288656,87,407428
42696,0.04733,216.58.203.0-255,5738,294394,87,407428
42697,0.047338,172.31.47.0-255,66,294460,87,407428
42698,0.04897,216.58.203.0-255,5738,300198,87,407428
42699,0.048976,172.31.47.0-255,66,300264,87,407428
42700,0.050609,216.58.203.0-255,5738,306002,87,407428
42701,0.050615,172.31.47.0-255,66,306068,87,407428
42702,0.052238,216.58.203.0-255,5738,311806,87,407428
42703,0.052244,172.31.47.0-255,66,311872,87,407428
42704,0.053871,216.58.203.0-255,4320,316192,87,407428
42705,0.053876,172.31.47.0-255,66,316258,87,407428
42706,0.053902,216.58.203.0-255,1484,317742,87,407428
42707,0.055499,216.58.203.0-255,4320,322062,87,407428
42708,0.055506,172.31.47.0-255,66,322128,87,407428
42709,0.057125,216.58.203.0-255,5738,327866,87,407428
42710,0.057131,172.31.47.0-255,66,327932,87,407428
42711,0.058754,216.58.203.0-255,4320,332252,87,407428
42712,0.058759,172.31.47.0-255,66,332318,87,407428
42713,0.058795,216.58.203.0-255,1484,333802,87,407428
42714,0.060376,216.58.203.0-255,4320,338122,87,407428
42715,0.060384,172.31.47.0-255,66,338188,87,407428
42716,0.062012,216.58.203.0-255,4320,342508,87,407428
42717,0.062017,172.31.47.0-255,66,342574,87,407428
42718,0.062048,216.58.203.0-255,1484,344058,87,407428
42719,0.063632,216.58.203.0-255,4320,348378,87,407428
42720,0.063638,172.31.47.0-255,66,348444,87,407428
42721,0.065264,216.58.203.0-255,5738,354182,87,407428
42722,0.06527,172.31.47.0-255,66,354248,87,407428
42723,0.066882,216.58.203.0-255,5738,359986,87,407428
42724,0.066887,172.31.47.0-255,66,360052,87,407428
42725,0.068507,216.58.203.0-255,5738,365790,87,407428
42726,0.068513,172.31.47.0-255,66,365856,87,407428
42727,0.07013,216.58.203.0-255,5738,371594,87,407428
42728,0.070136,172.31.47.0-255,66,371660,87,407428
42729,0.07177,216.58.203.0-255,5738,377398,87,407428
42730,0.071774,172.31.47.0-255,66,377464,87,407428
42731,0.073448,216.58.203.0-255,5738,383202,87,407428
42732,0.073455,172.31.47.0-255,66,383268,87,407428
42733,0.075073,216.58.203.0-255,5738,389006,87,407428
42734,0.07508,172.31.47.0-255,66,389072,87,407428
42735,0.076705,216.58.203.0-255,5738,394810,87,407428
42736,0.07671,172.31.47.0-255,66,394876,87,407428
42737,0.07835,216.58.203.0-255,2902,397778,87,407428
42738,0.078355,172.31.47.0-255,66,397844,87,407428
42739,0.078384,216.58.203.0-255,2902,400746,87,407428
42740,0.078387,172.31.47.0-255,66,400812,87,407428
42741,0.079974,216.58.203.0-255,2902,403714,87,407428
42742,0.079979,172.31.47.0-255,66,403780,87,407428
42743,0.080011,216.58.203.0-255,2902,406682,87,407428
42744,0.080015,172.31.47.0-255,66,406748,87,407428
42745,0.081571,216.58.203.0-255,509,407257,87,407428
42746,0.081763,172.31.47.0-255,105,407362,87,407428
42747,0.086791,216.58.203.0-255,66,407428,87,407428
42748,0.0,172.217.24.0-255,153,153,87,398803
42749,3.4e-05,172.31.47.0-255,66,219,87,398803
42750,4.1e-05,172.217.24.0-255,1484,1703,87,398803
42751,4.4e-05,172.31.47.0-255,66,1769,87,398803
42752,4.9e-05,172.217.24.0-255,2902,4671,87,398803
42753,5.2e-05,172.31.47.0-255,66,4737,87,398803
42754,6.1e-05,172.217.24.0-255,1484,6221,87,398803
42755,6.4e-05,172.31.47.0-255,66,6287,87,398803
42756,6.8e-05,172.217.24.0-255,2902,9189,87,398803
42757,7.1e-05,172.31.47.0-255,66,9255,87,398803
42758,7.6e-05,172.217.24.0-255,2902,12157,87,398803
42759,7.8e-05,172.31.47.0-255,66,12223,87,398803
42760,0.000113,172.217.24.0-255,3523,15746,87,398803
42761,0.000116,172.31.47.0-255,66,15812,87,398803
42762,0.000121,172.217.24.0-255,4320,20132,87,398803
42763,0.000123,172.31.47.0-255,66,20198,87,398803
42764,0.00013,172.217.24.0-255,5738,25936,87,398803
42765,0.000132,172.31.47.0-255,66,26002,87,398803
42766,0.000168,172.217.24.0-255,5379,31381,87,398803
42767,0.000171,172.31.47.0-255,66,31447,87,398803
42768,0.000227,172.217.24.0-255,1484,32931,87,398803
42769,0.00023,172.31.47.0-255,66,32997,87,398803
42770,0.000235,172.217.24.0-255,2902,35899,87,398803
42771,0.000237,172.31.47.0-255,66,35965,87,398803
42772,0.000242,172.217.24.0-255,2902,38867,87,398803
42773,0.00025,172.31.47.0-255,66,38933,87,398803
42774,0.00028,172.217.24.0-255,1484,40417,87,398803
42775,0.000282,172.31.47.0-255,66,40483,87,398803
42776,0.000289,172.217.24.0-255,5738,46221,87,398803
42777,0.000295,172.31.47.0-255,66,46287,87,398803
42778,0.000306,172.31.47.0-255,66,46353,87,398803
42779,0.000313,172.217.24.0-255,7062,53415,87,398803
42780,0.000315,172.31.47.0-255,66,53481,87,398803
42781,0.001155,172.217.24.0-255,138,53619,87,398803
42782,0.001166,172.31.47.0-255,66,53685,87,398803
42783,0.001304,172.217.24.0-255,1484,55169,87,398803
42784,0.00131,172.31.47.0-255,66,55235,87,398803
42785,0.001317,172.217.24.0-255,2902,58137,87,398803
42786,0.001318,172.31.47.0-255,66,58203,87,398803
42787,0.001344,172.217.24.0-255,1484,59687,87,398803
42788,0.001351,172.217.24.0-255,2902,62589,87,398803
42789,0.001354,172.31.47.0-255,66,62655,87,398803
42790,0.001384,172.217.24.0-255,4320,66975,87,398803
42791,0.001387,172.31.47.0-255,66,67041,87,398803
42792,0.001393,172.217.24.0-255,3961,71002,87,398803
42793,0.001395,172.31.47.0-255,66,71068,87,398803
42794,0.001439,172.217.24.0-255,4320,75388,87,398803
42795,0.001442,172.31.47.0-255,66,75454,87,398803
42796,0.001447,172.217.24.0-255,2902,78356,87,398803
42797,0.00145,172.31.47.0-255,66,78422,87,398803
42798,0.001455,172.217.24.0-255,4320,82742,87,398803
42799,0.001457,172.31.47.0-255,66,82808,87,398803
42800,0.00146,172.217.24.0-255,1484,84292,87,398803
42801,0.001492,172.217.24.0-255,3961,88253,87,398803
42802,0.001496,172.31.47.0-255,66,88319,87,398803
42803,0.001922,172.217.24.0-255,1484,89803,87,398803
42804,0.001928,172.217.24.0-255,2902,92705,87,398803
42805,0.001931,172.31.47.0-255,66,92771,87,398803
42806,0.001938,172.217.24.0-255,4320,97091,87,398803
42807,0.00194,172.31.47.0-255,66,97157,87,398803
42808,0.001963,172.217.24.0-255,1484,98641,87,398803
42809,0.001975,172.31.47.0-255,66,98707,87,398803
42810,0.001999,172.217.24.0-255,2902,101609,87,398803
42811,0.002001,172.31.47.0-255,66,101675,87,398803
42812,0.002007,172.217.24.0-255,5738,107413,87,398803
42813,0.002008,172.31.47.0-255,66,107479,87,398803
42814,0.003943,172.217.24.0-255,5738,113217,87,398803
42815,0.003946,172.31.47.0-255,66,113283,87,398803
42816,0.00588,172.217.24.0-255,2902,116185,87,398803
42817,0.005884,172.31.47.0-255,66,116251,87,398803
42818,0.005905,172.217.24.0-255,2902,119153,87,398803
42819,0.00591,172.31.47.0-255,66,119219,87,398803
42820,0.007828,172.217.24.0-255,4320,123539,87,398803
42821,0.007837,172.31.47.0-255,66,123605,87,398803
42822,0.007866,172.217.24.0-255,1484,125089,87,398803
42823,0.009782,172.217.24.0-255,4320,129409,87,398803
42824,0.009796,172.31.47.0-255,66,129475,87,398803
42825,0.011786,172.217.24.0-255,5738,135213,87,398803
42826,0.0118,172.31.47.0-255,66,135279,87,398803
42827,0.013745,172.217.24.0-255,5738,141017,87,398803
42828,0.013761,172.31.47.0-255,66,141083,87,398803
42829,0.015717,172.217.24.0-255,5738,146821,87,398803
42830,0.01573,172.31.47.0-255,66,146887,87,398803
42831,0.017698,172.217.24.0-255,5738,152625,87,398803
42832,0.017713,172.31.47.0-255,66,152691,87,398803
42833,0.019685,172.217.24.0-255,5738,158429,87,398803
42834,0.019706,172.31.47.0-255,66,158495,87,398803
42835,0.021669,172.217.24.0-255,5738,164233,87,398803
42836,0.021685,172.31.47.0-255,66,164299,87,398803
42837,0.023674,172.217.24.0-255,5738,170037,87,398803
42838,0.023693,172.31.47.0-255,66,170103,87,398803
42839,0.025647,172.217.24.0-255,5738,175841,87,398803
42840,0.025662,172.31.47.0-255,66,175907,87,398803
42841,0.027608,172.217.24.0-255,5738,181645,87,398803
42842,0.027622,172.31.47.0-255,66,181711,87,398803
42843,0.029259,172.31.47.0-255,172,181883,87,398803
42844,0.029297,172.31.47.0-255,1107,182990,87,398803
42845,0.029331,172.31.47.0-255,1514,184504,87,398803
42846,0.029333,172.31.47.0-255,1297,185801,87,398803
42847,0.029568,172.217.24.0-255,5738,191539,87,398803
42848,0.029575,172.31.47.0-255,66,191605,87,398803
42849,0.030849,104.244.42.0-255,66,191671,87,398803
42850,0.030855,104.244.42.0-255,66,191737,87,398803
42851,0.030883,104.244.42.0-255,66,191803,87,398803
42852,0.031507,172.217.24.0-255,2902,194705,87,398803
42853,0.03151,172.31.47.0-255,66,194771,87,398803
42854,0.031539,172.217.24.0-255,2902,197673,87,398803
42855,0.031542,172.31.47.0-255,66,197739,87,398803
42856,0.033444,172.217.24.0-255,2902,200641,87,398803
42857,0.03345,172.31.47.0-255,66,200707,87,398803
42858,0.033482,172.217.24.0-255,2902,203609,87,398803
42859,0.033485,172.31.47.0-255,66,203675,87,398803
42860,0.035391,172.217.24.0-255,2902,206577,87,398803
42861,0.035396,172.31.47.0-255,66,206643,87,398803
42862,0.035433,172.217.24.0-255,2902,209545,87,398803
42863,0.035437,172.31.47.0-255,66,209611,87,398803
42864,0.037336,172.217.24.0-255,2902,212513,87,398803
42865,0.037341,172.31.47.0-255,66,212579,87,398803
42866,0.037373,172.217.24.0-255,2902,215481,87,398803
42867,0.037376,172.31.47.0-255,66,215547,87,398803
42868,0.039282,172.217.24.0-255,2902,218449,87,398803
42869,0.039287,172.31.47.0-255,66,218515,87,398803
42870,0.039321,172.217.24.0-255,2902,221417,87,398803
42871,0.039324,172.31.47.0-255,66,221483,87,398803
42872,0.041218,172.217.24.0-255,2902,224385,87,398803
42873,0.041223,172.31.47.0-255,66,224451,87,398803
42874,0.041255,172.217.24.0-255,2902,227353,87,398803
42875,0.041258,172.31.47.0-255,66,227419,87,398803
42876,0.04317,172.217.24.0-255,2902,230321,87,398803
42877,0.043176,172.31.47.0-255,66,230387,87,398803
42878,0.043202,172.217.24.0-255,2902,233289,87,398803
42879,0.043205,172.31.47.0-255,66,233355,87,398803
42880,0.045136,172.217.24.0-255,2902,236257,87,398803
42881,0.04515,172.31.47.0-255,66,236323,87,398803
42882,0.045193,172.217.24.0-255,2902,239225,87,398803
42883,0.045196,172.31.47.0-255,66,239291,87,398803
42884,0.047085,172.217.24.0-255,1484,240775,87,398803
42885,0.047122,172.217.24.0-255,4320,245095,87,398803
42886,0.047129,172.31.47.0-255,66,245161,87,398803
42887,0.049081,172.217.24.0-255,5738,250899,87,398803
42888,0.049091,172.31.47.0-255,66,250965,87,398803
42889,0.051034,172.217.24.0-255,5738,256703,87,398803
42890,0.051042,172.31.47.0-255,66,256769,87,398803
42891,0.052981,172.217.24.0-255,5738,262507,87,398803
42892,0.052988,172.31.47.0-255,66,262573,87,398803
42893,0.054942,172.217.24.0-255,2902,265475,87,398803
42894,0.054948,172.31.47.0-255,66,265541,87,398803
42895,0.054982,172.217.24.0-255,2902,268443,87,398803
42896,0.054985,172.31.47.0-255,66,268509,87,398803
42897,0.056887,172.217.24.0-255,2902,271411,87,398803
42898,0.056892,172.31.47.0-255,66,271477,87,398803
42899,0.056926,172.217.24.0-255,2902,274379,87,398803
42900,0.056929,172.31.47.0-255,66,274445,87,398803
42901,0.058832,172.217.24.0-255,2902,277347,87,398803
42902,0.058837,172.31.47.0-255,66,277413,87,398803
42903,0.058871,172.217.24.0-255,2902,280315,87,398803
42904,0.058873,172.31.47.0-255,66,280381,87,398803
42905,0.060773,172.217.24.0-255,2902,283283,87,398803
42906,0.060779,172.31.47.0-255,66,283349,87,398803
42907,0.060811,172.217.24.0-255,2902,286251,87,398803
42908,0.060814,172.31.47.0-255,66,286317,87,398803
42909,0.062714,172.217.24.0-255,2902,289219,87,398803
42910,0.062719,172.31.47.0-255,66,289285,87,398803
42911,0.062755,172.217.24.0-255,2902,292187,87,398803
42912,0.062758,172.31.47.0-255,66,292253,87,398803
42913,0.064661,172.217.24.0-255,2902,295155,87,398803
42914,0.064666,172.31.47.0-255,66,295221,87,398803
42915,0.0647,172.217.24.0-255,2902,298123,87,398803
42916,0.064703,172.31.47.0-255,66,298189,87,398803
42917,0.066602,172.217.24.0-255,2902,301091,87,398803
42918,0.066608,172.31.47.0-255,66,301157,87,398803
42919,0.066634,172.217.24.0-255,2902,304059,87,398803
42920,0.066637,172.31.47.0-255,66,304125,87,398803
42921,0.068551,172.217.24.0-255,1484,305609,87,398803
42922,0.068573,172.217.24.0-255,4320,309929,87,398803
42923,0.068578,172.31.47.0-255,66,309995,87,398803
42924,0.070522,172.217.24.0-255,5738,315733,87,398803
42925,0.070527,172.31.47.0-255,66,315799,87,398803
42926,0.072466,172.217.24.0-255,5738,321537,87,398803
42927,0.072471,172.31.47.0-255,66,321603,87,398803
42928,0.074432,172.217.24.0-255,4320,325923,87,398803
42929,0.074437,172.31.47.0-255,66,325989,87,398803
42930,0.074467,172.217.24.0-255,1484,327473,87,398803
42931,0.076393,172.217.24.0-255,4320,331793,87,398803
42932,0.076398,172.31.47.0-255,66,331859,87,398803
42933,0.078374,172.217.24.0-255,5738,337597,87,398803
42934,0.07838,172.31.47.0-255,66,337663,87,398803
42935,0.080394,172.217.24.0-255,5738,343401,87,398803
42936,0.0804,172.31.47.0-255,66,343467,87,398803
42937,0.082349,172.217.24.0-255,5738,349205,87,398803
42938,0.082355,172.31.47.0-255,66,349271,87,398803
42939,0.084303,172.217.24.0-255,4320,353591,87,398803
42940,0.084309,172.31.47.0-255,66,353657,87,398803
42941,0.084344,172.217.24.0-255,1484,355141,87,398803
42942,0.086255,172.217.24.0-255,4320,359461,87,398803
42943,0.08626,172.31.47.0-255,66,359527,87,398803
42944,0.088196,172.217.24.0-255,5738,365265,87,398803
42945,0.088201,172.31.47.0-255,66,365331,87,398803
42946,0.09014,172.217.24.0-255,5738,371069,87,398803
42947,0.090147,172.31.47.0-255,66,371135,87,398803
42948,0.092087,172.217.24.0-255,5738,376873,87,398803
42949,0.092093,172.31.47.0-255,66,376939,87,398803
42950,0.094025,172.217.24.0-255,5738,382677,87,398803
42951,0.094031,172.31.47.0-255,66,382743,87,398803
42952,0.095968,172.217.24.0-255,5738,388481,87,398803
42953,0.095973,172.31.47.0-255,66,388547,87,398803
42954,0.097904,172.217.24.0-255,4320,392867,87,398803
42955,0.097908,172.31.47.0-255,66,392933,87,398803
42956,0.097935,172.217.24.0-255,1484,394417,87,398803
42957,0.099842,172.217.24.0-255,4320,398737,87,398803
42958,0.099851,172.31.47.0-255,66,398803,87,398803
42959,0.0,172.31.47.0-255,236,236,87,1624
42960,3.2e-05,172.31.47.0-255,366,602,87,1624
42961,0.000792,172.217.194.0-255,630,1232,87,1624
42962,0.002232,172.217.194.0-255,97,1329,87,1624
42963,0.002246,172.31.47.0-255,66,1395,87,1624
42964,0.006799,172.31.47.0-255,97,1492,87,1624
42965,0.006842,172.217.194.0-255,66,1558,87,1624
42966,0.009092,172.217.194.0-255,66,1624,87,1624
42967,0.0,31.13.82.0-255,105,105,87,171
42968,2.3e-05,172.31.47.0-255,66,171,87,171
42969,0.0,172.217.24.0-255,143,143,87,342800
42970,1.5e-05,172.31.47.0-255,66,209,87,342800
42971,2.1e-05,172.217.24.0-255,1484,1693,87,342800
42972,2.6e-05,172.31.47.0-255,66,1759,87,342800
42973,3.1e-05,172.217.24.0-255,2902,4661,87,342800
42974,3.4e-05,172.31.47.0-255,66,4727,87,342800
42975,4.7e-05,172.217.24.0-255,7156,11883,87,342800
42976,5e-05,172.31.47.0-255,66,11949,87,342800
42977,5.4e-05,172.217.24.0-255,2103,14052,87,342800
42978,5.6e-05,172.31.47.0-255,66,14118,87,342800
42979,0.000146,172.217.24.0-255,1484,15602,87,342800
42980,0.000149,172.31.47.0-255,66,15668,87,342800
42981,0.000168,172.217.24.0-255,2902,18570,87,342800
42982,0.000171,172.31.47.0-255,66,18636,87,342800
42983,0.000177,172.217.24.0-255,5738,24374,87,342800
42984,0.000179,172.31.47.0-255,66,24440,87,342800
42985,0.00022,172.217.24.0-255,6797,31237,87,342800
42986,0.000223,172.31.47.0-255,66,31303,87,342800
42987,0.000284,172.217.24.0-255,1484,32787,87,342800
42988,0.000287,172.31.47.0-255,66,32853,87,342800
42989,0.000291,172.217.24.0-255,1484,34337,87,342800
42990,0.000293,172.31.47.0-255,66,34403,87,342800
42991,0.000296,172.217.24.0-255,1484,35887,87,342800
42992,0.000299,172.31.47.0-255,66,35953,87,342800
42993,0.000336,172.217.24.0-255,1484,37437,87,342800
42994,0.000339,172.31.47.0-255,66,37503,87,342800
42995,0.000346,172.217.24.0-255,5738,43241,87,342800
42996,0.000348,172.31.47.0-255,66,43307,87,342800
42997,0.000363,172.31.47.0-255,66,43373,87,342800
42998,0.000375,172.31.47.0-255,66,43439,87,342800
42999,0.000401,172.217.24.0-255,357,43796,87,342800
43000,0.00102,172.31.47.0-255,66,43862,87,342800
43001,0.002298,172.217.24.0-255,4320,48182,87,342800
43002,0.002304,172.31.47.0-255,66,48248,87,342800
43003,0.002942,172.217.24.0-255,1484,49732,87,342800
43004,0.004226,172.217.24.0-255,4320,54052,87,342800
43005,0.004231,172.31.47.0-255,66,54118,87,342800
43006,0.006178,172.217.24.0-255,5738,59856,87,342800
43007,0.006187,172.31.47.0-255,66,59922,87,342800
43008,0.008118,172.217.24.0-255,5738,65660,87,342800
43009,0.008125,172.31.47.0-255,66,65726,87,342800
43010,0.010068,172.217.24.0-255,5738,71464,87,342800
43011,0.010077,172.31.47.0-255,66,71530,87,342800
43012,0.012012,172.217.24.0-255,5738,77268,87,342800
43013,0.012021,172.31.47.0-255,66,77334,87,342800
43014,0.013957,172.217.24.0-255,5738,83072,87,342800
43015,0.013964,172.31.47.0-255,66,83138,87,342800
43016,0.015897,172.217.24.0-255,5738,88876,87,342800
43017,0.015904,172.31.47.0-255,66,88942,87,342800
43018,0.01786,172.217.24.0-255,5738,94680,87,342800
43019,0.017866,172.31.47.0-255,66,94746,87,342800
43020,0.019792,172.217.24.0-255,5738,100484,87,342800
43021,0.019798,172.31.47.0-255,66,100550,87,342800
43022,0.021723,172.217.24.0-255,5738,106288,87,342800
43023,0.02173,172.31.47.0-255,66,106354,87,342800
43024,0.022977,172.31.47.0-255,170,106524,87,342800
43025,0.02301,172.31.47.0-255,1131,107655,87,342800
43026,0.02306,172.31.47.0-255,1514,109169,87,342800
43027,0.023062,172.31.47.0-255,1273,110442,87,342800
43028,0.023659,172.217.24.0-255,5738,116180,87,342800
43029,0.023666,172.31.47.0-255,66,116246,87,342800
43030,0.02456,104.244.42.0-255,66,116312,87,342800
43031,0.024584,104.244.42.0-255,66,116378,87,342800
43032,0.024643,104.244.42.0-255,66,116444,87,342800
43033,0.025599,172.217.24.0-255,5738,122182,87,342800
43034,0.025605,172.31.47.0-255,66,122248,87,342800
43035,0.027541,172.217.24.0-255,5738,127986,87,342800
43036,0.027547,172.31.47.0-255,66,128052,87,342800
43037,0.029478,172.217.24.0-255,5738,133790,87,342800
43038,0.029485,172.31.47.0-255,66,133856,87,342800
43039,0.031427,172.217.24.0-255,5738,139594,87,342800
43040,0.031433,172.31.47.0-255,66,139660,87,342800
43041,0.033375,172.217.24.0-255,5738,145398,87,342800
43042,0.033381,172.31.47.0-255,66,145464,87,342800
43043,0.035328,172.217.24.0-255,5738,151202,87,342800
43044,0.035333,172.31.47.0-255,66,151268,87,342800
43045,0.037264,172.217.24.0-255,5738,157006,87,342800
43046,0.03727,172.31.47.0-255,66,157072,87,342800
43047,0.039206,172.217.24.0-255,5738,162810,87,342800
43048,0.039211,172.31.47.0-255,66,162876,87,342800
43049,0.041153,172.217.24.0-255,5738,168614,87,342800
43050,0.041162,172.31.47.0-255,66,168680,87,342800
43051,0.043121,172.217.24.0-255,5738,174418,87,342800
43052,0.043125,172.31.47.0-255,66,174484,87,342800
43053,0.045054,172.217.24.0-255,5738,180222,87,342800
43054,0.045059,172.31.47.0-255,66,180288,87,342800
43055,0.046999,172.217.24.0-255,5738,186026,87,342800
43056,0.047005,172.31.47.0-255,66,186092,87,342800
43057,0.048939,172.217.24.0-255,5738,191830,87,342800
43058,0.048945,172.31.47.0-255,66,191896,87,342800
43059,0.050884,172.217.24.0-255,5738,197634,87,342800
43060,0.05089,172.31.47.0-255,66,197700,87,342800
43061,0.052822,172.217.24.0-255,5738,203438,87,342800
43062,0.052827,172.31.47.0-255,66,203504,87,342800
43063,0.054775,172.217.24.0-255,5738,209242,87,342800
43064,0.054781,172.31.47.0-255,66,209308,87,342800
43065,0.056717,172.217.24.0-255,5738,215046,87,342800
43066,0.056722,172.31.47.0-255,66,215112,87,342800
43067,0.058677,172.217.24.0-255,5738,220850,87,342800
43068,0.058685,172.31.47.0-255,66,220916,87,342800
43069,0.060644,172.217.24.0-255,5738,226654,87,342800
43070,0.060651,172.31.47.0-255,66,226720,87,342800
43071,0.062589,172.217.24.0-255,5738,232458,87,342800
43072,0.062595,172.31.47.0-255,66,232524,87,342800
43073,0.064556,172.217.24.0-255,5738,238262,87,342800
43074,0.064562,172.31.47.0-255,66,238328,87,342800
43075,0.066506,172.217.24.0-255,5738,244066,87,342800
43076,0.066511,172.31.47.0-255,66,244132,87,342800
43077,0.068447,172.217.24.0-255,5738,249870,87,342800
43078,0.068452,172.31.47.0-255,66,249936,87,342800
43079,0.070386,172.217.24.0-255,5738,255674,87,342800
43080,0.070392,172.31.47.0-255,66,255740,87,342800
43081,0.072327,172.217.24.0-255,5738,261478,87,342800
43082,0.072333,172.31.47.0-255,66,261544,87,342800
43083,0.074272,172.217.24.0-255,5738,267282,87,342800
43084,0.074278,172.31.47.0-255,66,267348,87,342800
43085,0.076216,172.217.24.0-255,5738,273086,87,342800
43086,0.076222,172.31.47.0-255,66,273152,87,342800
43087,0.078161,172.217.24.0-255,5738,278890,87,342800
43088,0.078168,172.31.47.0-255,66,278956,87,342800
43089,0.080103,172.217.24.0-255,5738,284694,87,342800
43090,0.080109,172.31.47.0-255,66,284760,87,342800
43091,0.082079,172.217.24.0-255,5738,290498,87,342800
43092,0.082084,172.31.47.0-255,66,290564,87,342800
43093,0.08403,172.217.24.0-255,5738,296302,87,342800
43094,0.084036,172.31.47.0-255,66,296368,87,342800
43095,0.085971,172.217.24.0-255,5738,302106,87,342800
43096,0.085977,172.31.47.0-255,66,302172,87,342800
43097,0.08791,172.217.24.0-255,5738,307910,87,342800
43098,0.087916,172.31.47.0-255,66,307976,87,342800
43099,0.08986,172.217.24.0-255,5738,313714,87,342800
43100,0.089866,172.31.47.0-255,66,313780,87,342800
43101,0.091794,172.217.24.0-255,5738,319518,87,342800
43102,0.091801,172.31.47.0-255,66,319584,87,342800
43103,0.093734,172.217.24.0-255,5738,325322,87,342800
43104,0.093741,172.31.47.0-255,66,325388,87,342800
43105,0.095706,172.217.24.0-255,5738,331126,87,342800
43106,0.095713,172.31.47.0-255,66,331192,87,342800
43107,0.097656,172.217.24.0-255,5738,336930,87,342800
43108,0.097663,172.31.47.0-255,66,336996,87,342800
43109,0.099601,172.217.24.0-255,5738,342734,87,342800
43110,0.099608,172.31.47.0-255,66,342800,87,342800
43111,0.0,172.217.194.0-255,74,74,87,6862
43112,1.8e-05,172.31.47.0-255,66,140,87,6862
43113,0.004865,172.31.47.0-255,583,723,87,6862
43114,0.007171,172.217.194.0-255,66,789,87,6862
43115,0.007477,172.217.194.0-255,3846,4635,87,6862
43116,0.007506,172.31.47.0-255,66,4701,87,6862
43117,0.02567,172.31.47.0-255,130,4831,87,6862
43118,0.025975,172.31.47.0-255,105,4936,87,6862
43119,0.026164,172.31.47.0-255,236,5172,87,6862
43120,0.026188,172.31.47.0-255,380,5552,87,6862
43121,0.026849,172.31.47.0-255,90,5642,87,6862
43122,0.026859,172.31.47.0-255,66,5708,87,6862
43123,0.028252,172.217.194.0-255,630,6338,87,6862
43124,0.02845,172.217.194.0-255,66,6404,87,6862
43125,0.029102,74.125.68.0-255,66,6470,87,6862
43126,0.029113,74.125.68.0-255,66,6536,87,6862
43127,0.029125,172.31.47.0-255,66,6602,87,6862
43128,0.029337,172.217.194.0-255,97,6699,87,6862
43129,0.03023,172.31.47.0-255,97,6796,87,6862
43130,0.036659,172.217.194.0-255,66,6862,87,6862
43131,0.0,74.125.200.0-255,153,153,87,354934
43132,2.3e-05,172.31.47.0-255,66,219,87,354934
43133,3e-05,74.125.200.0-255,1484,1703,87,354934
43134,3.4e-05,172.31.47.0-255,66,1769,87,354934
43135,4e-05,74.125.200.0-255,2902,4671,87,354934
43136,4.3e-05,172.31.47.0-255,66,4737,87,354934
43137,4.9e-05,74.125.200.0-255,4320,9057,87,354934
43138,5.2e-05,172.31.47.0-255,66,9123,87,354934
43139,8.6e-05,74.125.200.0-255,5043,14166,87,354934
43140,9e-05,172.31.47.0-255,66,14232,87,354934
43141,0.000158,74.125.200.0-255,1484,15716,87,354934
43142,0.000162,172.31.47.0-255,66,15782,87,354934
43143,0.000168,74.125.200.0-255,2902,18684,87,354934
43144,0.00017,172.31.47.0-255,66,18750,87,354934
43145,0.000196,74.125.200.0-255,2902,21652,87,354934
43146,0.000199,172.31.47.0-255,66,21718,87,354934
43147,0.000203,74.125.200.0-255,4320,26038,87,354934
43148,0.000205,172.31.47.0-255,66,26104,87,354934
43149,0.000234,74.125.200.0-255,7156,33260,87,354934
43150,0.000237,172.31.47.0-255,66,33326,87,354934
43151,0.000255,74.125.200.0-255,2543,35869,87,354934
43152,0.000257,172.31.47.0-255,66,35935,87,354934
43153,0.000261,74.125.200.0-255,2902,38837,87,354934
43154,0.000263,172.31.47.0-255,66,38903,87,354934
43155,0.000286,74.125.200.0-255,4320,43223,87,354934
43156,0.000288,172.31.47.0-255,66,43289,87,354934
43157,0.000308,172.31.47.0-255,66,43355,87,354934
43158,0.000312,74.125.200.0-255,4320,47675,87,354934
43159,0.000314,172.31.47.0-255,66,47741,87,354934
43160,0.000344,74.125.200.0-255,1484,49225,87,354934
43161,0.000346,172.31.47.0-255,66,49291,87,354934
43162,0.000353,74.125.200.0-255,6438,55729,87,354934
43163,0.000355,172.31.47.0-255,66,55795,87,354934
43164,0.000357,74.125.200.0-255,367,56162,87,354934
43165,0.000525,74.125.200.0-255,376,56538,87,354934
43166,0.000666,74.125.200.0-255,1484,58022,87,354934
43167,0.000671,172.31.47.0-255,66,58088,87,354934
43168,0.000674,74.125.200.0-255,1484,59572,87,354934
43169,0.000689,74.125.200.0-255,1484,61056,87,354934
43170,0.000691,172.31.47.0-255,66,61122,87,354934
43171,0.000695,74.125.200.0-255,2902,64024,87,354934
43172,0.000697,172.31.47.0-255,66,64090,87,354934
43173,0.000715,74.125.200.0-255,1484,65574,87,354934
43174,0.000721,74.125.200.0-255,5738,71312,87,354934
43175,0.000723,172.31.47.0-255,66,71378,87,354934
43176,0.000747,74.125.200.0-255,2902,74280,87,354934
43177,0.000749,172.31.47.0-255,66,74346,87,354934
43178,0.000754,74.125.200.0-255,7156,81502,87,354934
43179,0.000756,172.31.47.0-255,66,81568,87,354934
43180,0.00076,74.125.200.0-255,4320,85888,87,354934
43181,0.000762,172.31.47.0-255,66,85954,87,354934
43182,0.000777,74.125.200.0-255,4320,90274,87,354934
43183,0.000779,172.31.47.0-255,66,90340,87,354934
43184,0.000781,74.125.200.0-255,766,91106,87,354934
43185,0.001234,172.31.47.0-255,66,91172,87,354934
43186,0.002147,74.125.200.0-255,1484,92656,87,354934
43187,0.002161,74.125.200.0-255,2902,95558,87,354934
43188,0.002166,172.31.47.0-255,66,95624,87,354934
43189,0.002175,74.125.200.0-255,5738,101362,87,354934
43190,0.002178,172.31.47.0-255,66,101428,87,354934
43191,0.002236,172.31.47.0-255,66,101494,87,354934
43192,0.002254,74.125.200.0-255,2902,104396,87,354934
43193,0.002256,172.31.47.0-255,66,104462,87,354934
43194,0.002262,74.125.200.0-255,4320,108782,87,354934
43195,0.002263,172.31.47.0-255,66,108848,87,354934
43196,0.002271,74.125.200.0-255,6438,115286,87,354934
43197,0.002273,172.31.47.0-255,66,115352,87,354934
43198,0.004557,74.125.200.0-255,4320,119672,87,354934
43199,0.00456,172.31.47.0-255,66,119738,87,354934
43200,0.004576,74.125.200.0-255,1484,121222,87,354934
43201,0.006853,74.125.200.0-255,4320,125542,87,354934
43202,0.00686,172.31.47.0-255,66,125608,87,354934
43203,0.009159,74.125.200.0-255,5738,131346,87,354934
43204,0.009167,172.31.47.0-255,66,131412,87,354934
43205,0.011485,74.125.200.0-255,5738,137150,87,354934
43206,0.011496,172.31.47.0-255,66,137216,87,354934
43207,0.013799,74.125.200.0-255,5738,142954,87,354934
43208,0.013806,172.31.47.0-255,66,143020,87,354934
43209,0.016105,74.125.200.0-255,5738,148758,87,354934
43210,0.016111,172.31.47.0-255,66,148824,87,354934
43211,0.01842,74.125.200.0-255,5738,154562,87,354934
43212,0.018427,172.31.47.0-255,66,154628,87,354934
43213,0.020727,74.125.200.0-255,5738,160366,87,354934
43214,0.020732,172.31.47.0-255,66,160432,87,354934
43215,0.020809,172.31.47.0-255,172,160604,87,354934
43216,0.020837,172.31.47.0-255,1111,161715,87,354934
43217,0.020924,172.31.47.0-255,1514,163229,87,354934
43218,0.020925,172.31.47.0-255,1293,164522,87,354934
43219,0.02246,104.244.42.0-255,66,164588,87,354934
43220,0.022466,104.244.42.0-255,66,164654,87,354934
43221,0.022489,104.244.42.0-255,66,164720,87,354934
43222,0.023031,74.125.200.0-255,4320,169040,87,354934
43223,0.023035,172.31.47.0-255,66,169106,87,354934
43224,0.02305,74.125.200.0-255,1484,170590,87,354934
43225,0.025322,74.125.200.0-255,1484,172074,87,354934
43226,0.025326,172.31.47.0-255,66,172140,87,354934
43227,0.025344,74.125.200.0-255,2902,175042,87,354934
43228,0.025346,172.31.47.0-255,66,175108,87,354934
43229,0.027632,74.125.200.0-255,5738,180846,87,354934
43230,0.02764,172.31.47.0-255,66,180912,87,354934
43231,0.029929,74.125.200.0-255,5738,186650,87,354934
43232,0.029933,172.31.47.0-255,66,186716,87,354934
43233,0.032227,74.125.200.0-255,5738,192454,87,354934
43234,0.032231,172.31.47.0-255,66,192520,87,354934
43235,0.034531,74.125.200.0-255,4320,196840,87,354934
43236,0.034537,172.31.47.0-255,66,196906,87,354934
43237,0.034554,74.125.200.0-255,1484,198390,87,354934
43238,0.036832,74.125.200.0-255,4320,202710,87,354934
43239,0.036838,172.31.47.0-255,66,202776,87,354934
43240,0.039141,74.125.200.0-255,5738,208514,87,354934
43241,0.039145,172.31.47.0-255,66,208580,87,354934
43242,0.041443,74.125.200.0-255,5738,214318,87,354934
43243,0.04145,172.31.47.0-255,66,214384,87,354934
43244,0.043746,74.125.200.0-255,5738,220122,87,354934
43245,0.043751,172.31.47.0-255,66,220188,87,354934
43246,0.046039,74.125.200.0-255,4320,224508,87,354934
43247,0.046043,172.31.47.0-255,66,224574,87,354934
43248,0.046063,74.125.200.0-255,1484,226058,87,354934
43249,0.048338,74.125.200.0-255,4320,230378,87,354934
43250,0.048343,172.31.47.0-255,66,230444,87,354934
43251,0.050649,74.125.200.0-255,4320,234764,87,354934
43252,0.050655,172.31.47.0-255,66,234830,87,354934
43253,0.050671,74.125.200.0-255,1484,236314,87,354934
43254,0.052949,74.125.200.0-255,4320,240634,87,354934
43255,0.052954,172.31.47.0-255,66,240700,87,354934
43256,0.055257,74.125.200.0-255,5738,246438,87,354934
43257,0.055263,172.31.47.0-255,66,246504,87,354934
43258,0.057564,74.125.200.0-255,4320,250824,87,354934
43259,0.057569,172.31.47.0-255,66,250890,87,354934
43260,0.057601,74.125.200.0-255,1484,252374,87,354934
43261,0.059866,74.125.200.0-255,4320,256694,87,354934
43262,0.05987,172.31.47.0-255,66,256760,87,354934
43263,0.062185,74.125.200.0-255,5738,262498,87,354934
43264,0.06219,172.31.47.0-255,66,262564,87,354934
43265,0.064483,74.125.200.0-255,4320,266884,87,354934
43266,0.064488,172.31.47.0-255,66,266950,87,354934
43267,0.064507,74.125.200.0-255,1484,268434,87,354934
43268,0.066785,74.125.200.0-255,4320,272754,87,354934
43269,0.066791,172.31.47.0-255,66,272820,87,354934
43270,0.069093,74.125.200.0-255,5738,278558,87,354934
43271,0.0691,172.31.47.0-255,66,278624,87,354934
43272,0.071405,74.125.200.0-255,5738,284362,87,354934
43273,0.07141,172.31.47.0-255,66,284428,87,354934
43274,0.073714,74.125.200.0-255,5738,290166,87,354934
43275,0.073719,172.31.47.0-255,66,290232,87,354934
43276,0.076048,74.125.200.0-255,5738,295970,87,354934
43277,0.076053,172.31.47.0-255,66,296036,87,354934
43278,0.078362,74.125.200.0-255,5738,301774,87,354934
43279,0.078367,172.31.47.0-255,66,301840,87,354934
43280,0.080676,74.125.200.0-255,2902,304742,87,354934
43281,0.080681,172.31.47.0-255,66,304808,87,354934
43282,0.080699,74.125.200.0-255,2902,307710,87,354934
43283,0.080702,172.31.47.0-255,66,307776,87,354934
43284,0.082982,74.125.200.0-255,2902,310678,87,354934
43285,0.082993,172.31.47.0-255,66,310744,87,354934
43286,0.083016,74.125.200.0-255,2902,313646,87,354934
43287,0.083019,172.31.47.0-255,66,313712,87,354934
43288,0.085294,74.125.200.0-255,2902,316614,87,354934
43289,0.085299,172.31.47.0-255,66,316680,87,354934
43290,0.085329,74.125.200.0-255,2902,319582,87,354934
43291,0.085331,172.31.47.0-255,66,319648,87,354934
43292,0.08761,74.125.200.0-255,2902,322550,87,354934
43293,0.087616,172.31.47.0-255,66,322616,87,354934
43294,0.087636,74.125.200.0-255,2902,325518,87,354934
43295,0.087639,172.31.47.0-255,66,325584,87,354934
43296,0.089908,74.125.200.0-255,2902,328486,87,354934
43297,0.089915,172.31.47.0-255,66,328552,87,354934
43298,0.089933,74.125.200.0-255,2902,331454,87,354934
43299,0.089935,172.31.47.0-255,66,331520,87,354934
43300,0.092222,74.125.200.0-255,2902,334422,87,354934
43301,0.092228,172.31.47.0-255,66,334488,87,354934
43302,0.092249,74.125.200.0-255,2902,337390,87,354934
43303,0.092251,172.31.47.0-255,66,337456,87,354934
43304,0.09453,74.125.200.0-255,5738,343194,87,354934
43305,0.094537,172.31.47.0-255,66,343260,87,354934
43306,0.096842,74.125.200.0-255,5738,348998,87,354934
43307,0.096847,172.31.47.0-255,66,349064,87,354934
43308,0.099139,74.125.200.0-255,4320,353384,87,354934
43309,0.099144,172.31.47.0-255,66,353450,87,354934
43310,0.099168,74.125.200.0-255,1484,354934,87,354934
43311,0.0,172.217.194.0-255,153,153,87,193820
43312,3e-05,172.31.47.0-255,66,219,87,193820
43313,3.7e-05,172.217.194.0-255,1484,1703,87,193820
43314,4.1e-05,172.31.47.0-255,66,1769,87,193820
43315,4.6e-05,172.217.194.0-255,2902,4671,87,193820
43316,4.8e-05,172.31.47.0-255,66,4737,87,193820
43317,5.9e-05,172.217.194.0-255,2902,7639,87,193820
43318,6.2e-05,172.31.47.0-255,66,7705,87,193820
43319,6.6e-05,172.217.194.0-255,4320,12025,87,193820
43320,6.9e-05,172.31.47.0-255,66,12091,87,193820
43321,9.5e-05,172.217.194.0-255,2127,14218,87,193820
43322,9.8e-05,172.31.47.0-255,66,14284,87,193820
43323,0.000427,172.217.194.0-255,1484,15768,87,193820
43324,0.000432,172.31.47.0-255,66,15834,87,193820
43325,0.000437,172.217.194.0-255,2902,18736,87,193820
43326,0.000439,172.31.47.0-255,66,18802,87,193820
43327,0.000452,172.217.194.0-255,5738,24540,87,193820
43328,0.000455,172.31.47.0-255,66,24606,87,193820
43329,0.000461,172.217.194.0-255,5738,30344,87,193820
43330,0.000465,172.31.47.0-255,66,30410,87,193820
43331,0.000506,172.31.47.0-255,66,30476,87,193820
43332,0.000534,172.217.194.0-255,7156,37632,87,193820
43333,0.000537,172.31.47.0-255,66,37698,87,193820
43334,0.000576,172.217.194.0-255,3947,41645,87,193820
43335,0.000576,172.31.47.0-255,66,41711,87,193820
43336,0.000579,172.31.47.0-255,66,41777,87,193820
43337,0.000618,172.217.194.0-255,1484,43261,87,193820
43338,0.000621,172.31.47.0-255,66,43327,87,193820
43339,0.000628,172.217.194.0-255,2902,46229,87,193820
43340,0.00063,172.31.47.0-255,66,46295,87,193820
43341,0.000641,172.217.194.0-255,4320,50615,87,193820
43342,0.000645,172.31.47.0-255,66,50681,87,193820
43343,0.00068,172.217.194.0-255,1484,52165,87,193820
43344,0.000693,172.31.47.0-255,66,52231,87,193820
43345,0.000712,172.217.194.0-255,5738,57969,87,193820
43346,0.000715,172.31.47.0-255,66,58035,87,193820
43347,0.000749,172.31.47.0-255,66,58101,87,193820
43348,0.001021,172.217.194.0-255,1484,59585,87,193820
43349,0.001027,172.217.194.0-255,2902,62487,87,193820
43350,0.00103,172.31.47.0-255,66,62553,87,193820
43351,0.001058,172.217.194.0-255,5738,68291,87,193820
43352,0.001061,172.31.47.0-255,66,68357,87,193820
43353,0.001072,172.31.47.0-255,66,68423,87,193820
43354,0.001109,172.217.194.0-255,2902,71325,87,193820
43355,0.001113,172.31.47.0-255,66,71391,87,193820
43356,0.001144,172.31.47.0-255,66,71457,87,193820
43357,0.001207,172.217.194.0-255,1484,72941,87,193820
43358,0.001212,172.217.194.0-255,2902,75843,87,193820
43359,0.001214,172.31.47.0-255,66,75909,87,193820
43360,0.001246,172.217.194.0-255,5738,81647,87,193820
43361,0.001251,172.31.47.0-255,66,81713,87,193820
43362,0.001259,172.31.47.0-255,66,81779,87,193820
43363,0.001265,172.217.194.0-255,5738,87517,87,193820
43364,0.001267,172.31.47.0-255,66,87583,87,193820
43365,0.001298,172.217.194.0-255,5020,92603,87,193820
43366,0.001301,172.31.47.0-255,66,92669,87,193820
43367,0.001538,172.217.194.0-255,1484,94153,87,193820
43368,0.001544,172.217.194.0-255,2902,97055,87,193820
43369,0.001547,172.31.47.0-255,66,97121,87,193820
43370,0.001553,172.217.194.0-255,4320,101441,87,193820
43371,0.001555,172.31.47.0-255,66,101507,87,193820
43372,0.001585,172.217.194.0-255,1484,102991,87,193820
43373,0.001593,172.217.194.0-255,5738,108729,87,193820
43374,0.001595,172.31.47.0-255,66,108795,87,193820
43375,0.001602,172.217.194.0-255,7156,115951,87,193820
43376,0.001604,172.31.47.0-255,66,116017,87,193820
43377,0.001639,172.217.194.0-255,5738,121755,87,193820
43378,0.001642,172.31.47.0-255,66,121821,87,193820
43379,0.001649,172.217.194.0-255,5020,126841,87,193820
43380,0.001651,172.31.47.0-255,66,126907,87,193820
43381,0.001657,172.217.194.0-255,5738,132645,87,193820
43382,0.001659,172.31.47.0-255,66,132711,87,193820
43383,0.001663,172.217.194.0-255,2902,135613,87,193820
43384,0.001665,172.31.47.0-255,66,135679,87,193820
43385,0.001714,172.31.47.0-255,66,135745,87,193820
43386,0.001727,172.31.47.0-255,66,135811,87,193820
43387,0.001767,172.217.194.0-255,4320,140131,87,193820
43388,0.001771,172.31.47.0-255,66,140197,87,193820
43389,0.001812,172.31.47.0-255,66,140263,87,193820
43390,0.001832,172.31.47.0-255,66,140329,87,193820
43391,0.001838,172.217.194.0-255,6438,146767,87,193820
43392,0.00184,172.31.47.0-255,66,146833,87,193820
43393,0.001847,172.217.194.0-255,7156,153989,87,193820
43394,0.00185,172.31.47.0-255,66,154055,87,193820
43395,0.001864,172.31.47.0-255,66,154121,87,193820
43396,0.001877,172.31.47.0-255,66,154187,87,193820
43397,0.001914,172.217.194.0-255,1484,155671,87,193820
43398,0.001921,172.217.194.0-255,2902,158573,87,193820
43399,0.001924,172.31.47.0-255,66,158639,87,193820
43400,0.00193,172.217.194.0-255,5738,164377,87,193820
43401,0.001932,172.31.47.0-255,66,164443,87,193820
43402,0.001946,172.31.47.0-255,66,164509,87,193820
43403,0.001975,172.217.194.0-255,1484,165993,87,193820
43404,0.001988,172.31.47.0-255,66,166059,87,193820
43405,0.001991,172.217.194.0-255,766,166825,87,193820
43406,0.002017,172.217.194.0-255,1484,168309,87,193820
43407,0.00202,172.31.47.0-255,66,168375,87,193820
43408,0.002025,172.217.194.0-255,4320,172695,87,193820
43409,0.002027,172.31.47.0-255,66,172761,87,193820
43410,0.002033,172.217.194.0-255,5738,178499,87,193820
43411,0.002035,172.31.47.0-255,66,178565,87,193820
43412,0.002066,172.217.194.0-255,4320,182885,87,193820
43413,0.002069,172.31.47.0-255,66,182951,87,193820
43414,0.002081,172.31.47.0-255,66,183017,87,193820
43415,0.002116,172.31.47.0-255,66,183083,87,193820
43416,0.002147,172.217.194.0-255,2184,185267,87,193820
43417,0.00215,172.31.47.0-255,66,185333,87,193820
43418,0.002164,172.31.47.0-255,66,185399,87,193820
43419,0.002181,172.31.47.0-255,66,185465,87,193820
43420,0.002209,172.217.194.0-255,3565,189030,87,193820
43421,0.002212,172.31.47.0-255,66,189096,87,193820
43422,0.002215,172.217.194.0-255,97,189193,87,193820
43423,0.002217,172.217.194.0-255,105,189298,87,193820
43424,0.007253,172.31.47.0-255,66,189364,87,193820
43425,0.007277,172.31.47.0-255,105,189469,87,193820
43426,0.009528,172.217.194.0-255,66,189535,87,193820
43427,0.026683,172.31.47.0-255,167,189702,87,193820
43428,0.026719,172.31.47.0-255,1111,190813,87,193820
43429,0.026771,172.31.47.0-255,1514,192327,87,193820
43430,0.026773,172.31.47.0-255,1295,193622,87,193820
43431,0.028151,104.244.42.0-255,66,193688,87,193820
43432,0.028251,104.244.42.0-255,66,193754,87,193820
43433,0.028259,104.244.42.0-255,66,193820,87,193820
43434,0.0,74.125.24.0-255,153,153,87,259343
43435,3e-05,172.31.47.0-255,66,219,87,259343
43436,3.6e-05,74.125.24.0-255,1484,1703,87,259343
43437,4.1e-05,172.31.47.0-255,66,1769,87,259343
43438,4.6e-05,74.125.24.0-255,2902,4671,87,259343
43439,4.8e-05,172.31.47.0-255,66,4737,87,259343
43440,5.4e-05,74.125.24.0-255,7156,11893,87,259343
43441,5.7e-05,172.31.47.0-255,66,11959,87,259343
43442,6.1e-05,74.125.24.0-255,2158,14117,87,259343
43443,6.4e-05,172.31.47.0-255,66,14183,87,259343
43444,0.000105,74.125.24.0-255,2902,17085,87,259343
43445,0.000108,172.31.47.0-255,66,17151,87,259343
43446,0.000113,74.125.24.0-255,4320,21471,87,259343
43447,0.000115,172.31.47.0-255,66,21537,87,259343
43448,0.000136,74.125.24.0-255,4320,25857,87,259343
43449,0.000138,172.31.47.0-255,66,25923,87,259343
43450,0.000159,74.125.24.0-255,4320,30243,87,259343
43451,0.000162,172.31.47.0-255,66,30309,87,259343
43452,0.000182,74.125.24.0-255,1125,31434,87,259343
43453,0.000184,172.31.47.0-255,66,31500,87,259343
43454,0.000287,74.125.24.0-255,1484,32984,87,259343
43455,0.000291,172.31.47.0-255,66,33050,87,259343
43456,0.000295,74.125.24.0-255,2902,35952,87,259343
43457,0.000297,172.31.47.0-255,66,36018,87,259343
43458,0.00031,74.125.24.0-255,4320,40338,87,259343
43459,0.000313,172.31.47.0-255,66,40404,87,259343
43460,0.000338,74.125.24.0-255,1484,41888,87,259343
43461,0.00034,172.31.47.0-255,66,41954,87,259343
43462,0.000347,74.125.24.0-255,6797,48751,87,259343
43463,0.000349,172.31.47.0-255,66,48817,87,259343
43464,0.000354,74.125.24.0-255,5738,54555,87,259343
43465,0.000357,172.31.47.0-255,66,54621,87,259343
43466,0.000389,172.31.47.0-255,66,54687,87,259343
43467,0.000394,74.125.24.0-255,2543,57230,87,259343
43468,0.000395,172.31.47.0-255,66,57296,87,259343
43469,0.000397,74.125.24.0-255,363,57659,87,259343
43470,0.000435,74.125.24.0-255,384,58043,87,259343
43471,0.000566,74.125.24.0-255,1484,59527,87,259343
43472,0.00057,172.31.47.0-255,66,59593,87,259343
43473,0.000589,74.125.24.0-255,2902,62495,87,259343
43474,0.000592,172.31.47.0-255,66,62561,87,259343
43475,0.000616,74.125.24.0-255,5738,68299,87,259343
43476,0.00062,172.31.47.0-255,66,68365,87,259343
43477,0.000626,74.125.24.0-255,6797,75162,87,259343
43478,0.000629,172.31.47.0-255,66,75228,87,259343
43479,0.000662,74.125.24.0-255,5738,80966,87,259343
43480,0.000666,172.31.47.0-255,66,81032,87,259343
43481,0.000685,74.125.24.0-255,1484,82516,87,259343
43482,0.000692,74.125.24.0-255,5738,88254,87,259343
43483,0.000694,172.31.47.0-255,66,88320,87,259343
43484,0.000712,74.125.24.0-255,2902,91222,87,259343
43485,0.000715,172.31.47.0-255,66,91288,87,259343
43486,0.000731,74.125.24.0-255,1125,92413,87,259343
43487,0.001026,172.31.47.0-255,66,92479,87,259343
43488,0.001487,74.125.24.0-255,1484,93963,87,259343
43489,0.001498,74.125.24.0-255,2902,96865,87,259343
43490,0.001503,172.31.47.0-255,66,96931,87,259343
43491,0.00151,74.125.24.0-255,5738,102669,87,259343
43492,0.001512,172.31.47.0-255,66,102735,87,259343
43493,0.001535,74.125.24.0-255,4320,107055,87,259343
43494,0.001538,172.31.47.0-255,66,107121,87,259343
43495,0.001553,74.125.24.0-255,5738,112859,87,259343
43496,0.001556,172.31.47.0-255,66,112925,87,259343
43497,0.001568,172.31.47.0-255,66,112991,87,259343
43498,0.001573,74.125.24.0-255,2184,115175,87,259343
43499,0.001575,172.31.47.0-255,66,115241,87,259343
43500,0.001612,74.125.24.0-255,2902,118143,87,259343
43501,0.001615,172.31.47.0-255,66,118209,87,259343
43502,0.001619,74.125.24.0-255,1484,119693,87,259343
43503,0.001638,74.125.24.0-255,5738,125431,87,259343
43504,0.001641,172.31.47.0-255,66,125497,87,259343
43505,0.001653,74.125.24.0-255,1484,126981,87,259343
43506,0.001678,172.31.47.0-255,66,127047,87,259343
43507,0.001683,74.125.24.0-255,2902,129949,87,259343
43508,0.001684,172.31.47.0-255,66,130015,87,259343
43509,0.001703,172.31.47.0-255,66,130081,87,259343
43510,0.001723,74.125.24.0-255,2902,132983,87,259343
43511,0.001726,172.31.47.0-255,66,133049,87,259343
43512,0.001746,74.125.24.0-255,5738,138787,87,259343
43513,0.001748,172.31.47.0-255,66,138853,87,259343
43514,0.001761,74.125.24.0-255,2902,141755,87,259343
43515,0.001763,172.31.47.0-255,66,141821,87,259343
43516,0.001769,74.125.24.0-255,5738,147559,87,259343
43517,0.001771,172.31.47.0-255,66,147625,87,259343
43518,0.001798,74.125.24.0-255,7156,154781,87,259343
43519,0.0018,172.31.47.0-255,66,154847,87,259343
43520,0.001811,172.31.47.0-255,66,154913,87,259343
43521,0.001814,74.125.24.0-255,2902,157815,87,259343
43522,0.001816,172.31.47.0-255,66,157881,87,259343
43523,0.001836,74.125.24.0-255,7156,165037,87,259343
43524,0.001839,172.31.47.0-255,66,165103,87,259343
43525,0.001845,74.125.24.0-255,7156,172259,87,259343
43526,0.001847,172.31.47.0-255,66,172325,87,259343
43527,0.001885,74.125.24.0-255,1484,173809,87,259343
43528,0.00192,172.31.47.0-255,66,173875,87,259343
43529,0.001925,74.125.24.0-255,5738,179613,87,259343
43530,0.001928,172.31.47.0-255,66,179679,87,259343
43531,0.001954,172.31.47.0-255,66,179745,87,259343
43532,0.002005,172.31.47.0-255,66,179811,87,259343
43533,0.002026,74.125.24.0-255,2184,181995,87,259343
43534,0.002028,172.31.47.0-255,66,182061,87,259343
43535,0.002034,74.125.24.0-255,5738,187799,87,259343
43536,0.002037,172.31.47.0-255,66,187865,87,259343
43537,0.002043,74.125.24.0-255,7156,195021,87,259343
43538,0.002045,172.31.47.0-255,66,195087,87,259343
43539,0.002057,172.31.47.0-255,66,195153,87,259343
43540,0.002064,74.125.24.0-255,6438,201591,87,259343
43541,0.002082,74.125.24.0-255,4320,205911,87,259343
43542,0.002136,74.125.24.0-255,3602,209513,87,259343
43543,0.002177,74.125.24.0-255,1484,210997,87,259343
43544,0.002221,74.125.24.0-255,4320,215317,87,259343
43545,0.002233,74.125.24.0-255,2902,218219,87,259343
43546,0.008722,172.31.47.0-255,66,218285,87,259343
43547,0.010981,74.125.24.0-255,5738,224023,87,259343
43548,0.010991,172.31.47.0-255,66,224089,87,259343
43549,0.013201,74.125.24.0-255,5738,229827,87,259343
43550,0.013208,172.31.47.0-255,66,229893,87,259343
43551,0.015449,74.125.24.0-255,5738,235631,87,259343
43552,0.015464,172.31.47.0-255,66,235697,87,259343
43553,0.017708,74.125.24.0-255,5738,241435,87,259343
43554,0.017714,172.31.47.0-255,66,241501,87,259343
43555,0.019959,74.125.24.0-255,5738,247239,87,259343
43556,0.019965,172.31.47.0-255,66,247305,87,259343
43557,0.022209,74.125.24.0-255,5738,253043,87,259343
43558,0.022217,172.31.47.0-255,66,253109,87,259343
43559,0.02443,74.125.24.0-255,1709,254818,87,259343
43560,0.024436,172.31.47.0-255,66,254884,87,259343
43561,0.024564,172.31.47.0-255,105,254989,87,259343
43562,0.026744,74.125.24.0-255,66,255055,87,259343
43563,0.040666,172.31.47.0-255,172,255227,87,259343
43564,0.040697,172.31.47.0-255,1103,256330,87,259343
43565,0.040744,172.31.47.0-255,1514,257844,87,259343
43566,0.040746,172.31.47.0-255,1301,259145,87,259343
43567,0.042198,104.244.42.0-255,66,259211,87,259343
43568,0.04227,104.244.42.0-255,66,259277,87,259343
43569,0.042276,104.244.42.0-255,66,259343,87,259343
43570,0.0,74.125.24.0-255,153,153,87,335170
43571,2.4e-05,172.31.47.0-255,66,219,87,335170
43572,3.1e-05,74.125.24.0-255,1484,1703,87,335170
43573,3.6e-05,172.31.47.0-255,66,1769,87,335170
43574,4.8e-05,74.125.24.0-255,2902,4671,87,335170
43575,5.1e-05,172.31.47.0-255,66,4737,87,335170
43576,6e-05,74.125.24.0-255,7156,11893,87,335170
43577,6.2e-05,172.31.47.0-255,66,11959,87,335170
43578,9.4e-05,74.125.24.0-255,2098,14057,87,335170
43579,9.7e-05,172.31.47.0-255,66,14123,87,335170
43580,0.00029,74.125.24.0-255,1484,15607,87,335170
43581,0.000295,172.31.47.0-255,66,15673,87,335170
43582,0.000302,74.125.24.0-255,2902,18575,87,335170
43583,0.000304,172.31.47.0-255,66,18641,87,335170
43584,0.000316,74.125.24.0-255,5738,24379,87,335170
43585,0.000319,172.31.47.0-255,66,24445,87,335170
43586,0.000343,74.125.24.0-255,4320,28765,87,335170
43587,0.000346,172.31.47.0-255,66,28831,87,335170
43588,0.000369,74.125.24.0-255,3961,32792,87,335170
43589,0.000376,172.31.47.0-255,66,32858,87,335170
43590,0.000386,172.31.47.0-255,66,32924,87,335170
43591,0.000402,74.125.24.0-255,5738,38662,87,335170
43592,0.000404,172.31.47.0-255,66,38728,87,335170
43593,0.000442,172.31.47.0-255,66,38794,87,335170
43594,0.000449,74.125.24.0-255,5020,43814,87,335170
43595,0.000451,172.31.47.0-255,66,43880,87,335170
43596,0.001109,74.125.24.0-255,362,44242,87,335170
43597,0.001115,172.31.47.0-255,66,44308,87,335170
43598,0.001145,74.125.24.0-255,131,44439,87,335170
43599,0.001148,172.31.47.0-255,66,44505,87,335170
43600,0.001396,74.125.24.0-255,1484,45989,87,335170
43601,0.001402,172.31.47.0-255,66,46055,87,335170
43602,0.001411,74.125.24.0-255,2902,48957,87,335170
43603,0.001414,172.31.47.0-255,66,49023,87,335170
43604,0.001426,74.125.24.0-255,5738,54761,87,335170
43605,0.001428,172.31.47.0-255,66,54827,87,335170
43606,0.001434,74.125.24.0-255,5738,60565,87,335170
43607,0.001437,172.31.47.0-255,66,60631,87,335170
43608,0.001478,172.31.47.0-255,66,60697,87,335170
43609,0.001481,74.125.24.0-255,1484,62181,87,335170
43610,0.001483,172.31.47.0-255,66,62247,87,335170
43611,0.001514,74.125.24.0-255,3602,65849,87,335170
43612,0.001516,172.31.47.0-255,66,65915,87,335170
43613,0.00154,74.125.24.0-255,1484,67399,87,335170
43614,0.001543,172.31.47.0-255,66,67465,87,335170
43615,0.001547,74.125.24.0-255,2902,70367,87,335170
43616,0.001549,172.31.47.0-255,66,70433,87,335170
43617,0.001553,74.125.24.0-255,1484,71917,87,335170
43618,0.001559,172.31.47.0-255,66,71983,87,335170
43619,0.00159,74.125.24.0-255,4320,76303,87,335170
43620,0.001592,172.31.47.0-255,66,76369,87,335170
43621,0.001604,172.31.47.0-255,66,76435,87,335170
43622,0.001639,74.125.24.0-255,4320,80755,87,335170
43623,0.001641,172.31.47.0-255,66,80821,87,335170
43624,0.001647,74.125.24.0-255,4320,85141,87,335170
43625,0.001649,172.31.47.0-255,66,85207,87,335170
43626,0.001673,74.125.24.0-255,2902,88109,87,335170
43627,0.001675,172.31.47.0-255,66,88175,87,335170
43628,0.001692,74.125.24.0-255,3883,92058,87,335170
43629,0.001694,172.31.47.0-255,66,92124,87,335170
43630,0.004004,74.125.24.0-255,1484,93608,87,335170
43631,0.00401,172.31.47.0-255,66,93674,87,335170
43632,0.004038,74.125.24.0-255,4320,97994,87,335170
43633,0.00498,172.31.47.0-255,66,98060,87,335170
43634,0.006342,74.125.24.0-255,1484,99544,87,335170
43635,0.006347,172.31.47.0-255,66,99610,87,335170
43636,0.007342,74.125.24.0-255,4320,103930,87,335170
43637,0.007347,172.31.47.0-255,66,103996,87,335170
43638,0.008679,74.125.24.0-255,1484,105480,87,335170
43639,0.008685,172.31.47.0-255,66,105546,87,335170
43640,0.009688,74.125.24.0-255,4320,109866,87,335170
43641,0.009695,172.31.47.0-255,66,109932,87,335170
43642,0.01103,74.125.24.0-255,1484,111416,87,335170
43643,0.011038,172.31.47.0-255,66,111482,87,335170
43644,0.012044,74.125.24.0-255,4320,115802,87,335170
43645,0.012053,172.31.47.0-255,66,115868,87,335170
43646,0.013389,74.125.24.0-255,1484,117352,87,335170
43647,0.013398,172.31.47.0-255,66,117418,87,335170
43648,0.014383,74.125.24.0-255,4320,121738,87,335170
43649,0.01439,172.31.47.0-255,66,121804,87,335170
43650,0.015726,74.125.24.0-255,1484,123288,87,335170
43651,0.015732,172.31.47.0-255,66,123354,87,335170
43652,0.016745,74.125.24.0-255,4320,127674,87,335170
43653,0.016785,172.31.47.0-255,66,127740,87,335170
43654,0.018054,74.125.24.0-255,1484,129224,87,335170
43655,0.01806,172.31.47.0-255,66,129290,87,335170
43656,0.019137,74.125.24.0-255,4320,133610,87,335170
43657,0.019172,172.31.47.0-255,66,133676,87,335170
43658,0.020409,74.125.24.0-255,1484,135160,87,335170
43659,0.021543,74.125.24.0-255,4320,139480,87,335170
43660,0.02155,172.31.47.0-255,66,139546,87,335170
43661,0.023908,74.125.24.0-255,5738,145284,87,335170
43662,0.024,172.31.47.0-255,172,145456,87,335170
43663,0.024025,172.31.47.0-255,1107,146563,87,335170
43664,0.024085,172.31.47.0-255,1514,148077,87,335170
43665,0.024087,172.31.47.0-255,1297,149374,87,335170
43666,0.024111,172.31.47.0-255,66,149440,87,335170
43667,0.02555,104.244.42.0-255,66,149506,87,335170
43668,0.025642,104.244.42.0-255,66,149572,87,335170
43669,0.025644,104.244.42.0-255,66,149638,87,335170
43670,0.026458,74.125.24.0-255,4320,153958,87,335170
43671,0.026464,172.31.47.0-255,66,154024,87,335170
43672,0.02649,74.125.24.0-255,1484,155508,87,335170
43673,0.028795,74.125.24.0-255,4320,159828,87,335170
43674,0.028802,172.31.47.0-255,66,159894,87,335170
43675,0.03115,74.125.24.0-255,5738,165632,87,335170
43676,0.031189,172.31.47.0-255,66,165698,87,335170
43677,0.033544,74.125.24.0-255,5738,171436,87,335170
43678,0.033551,172.31.47.0-255,66,171502,87,335170
43679,0.035867,74.125.24.0-255,4320,175822,87,335170
43680,0.035873,172.31.47.0-255,66,175888,87,335170
43681,0.0359,74.125.24.0-255,1484,177372,87,335170
43682,0.038224,74.125.24.0-255,4320,181692,87,335170
43683,0.038233,172.31.47.0-255,66,181758,87,335170
43684,0.040628,74.125.24.0-255,5738,187496,87,335170
43685,0.04068,172.31.47.0-255,66,187562,87,335170
43686,0.043041,74.125.24.0-255,5738,193300,87,335170
43687,0.043048,172.31.47.0-255,66,193366,87,335170
43688,0.045408,74.125.24.0-255,5738,199104,87,335170
43689,0.045414,172.31.47.0-255,66,199170,87,335170
43690,0.047794,74.125.24.0-255,5738,204908,87,335170
43691,0.047799,172.31.47.0-255,66,204974,87,335170
43692,0.050125,74.125.24.0-255,5738,210712,87,335170
43693,0.050131,172.31.47.0-255,66,210778,87,335170
43694,0.052472,74.125.24.0-255,5738,216516,87,335170
43695,0.052478,172.31.47.0-255,66,216582,87,335170
43696,0.054826,74.125.24.0-255,5738,222320,87,335170
43697,0.054832,172.31.47.0-255,66,222386,87,335170
43698,0.057181,74.125.24.0-255,5738,228124,87,335170
43699,0.057186,172.31.47.0-255,66,228190,87,335170
43700,0.059507,74.125.24.0-255,2902,231092,87,335170
43701,0.059513,172.31.47.0-255,66,231158,87,335170
43702,0.059538,74.125.24.0-255,2902,234060,87,335170
43703,0.05959,172.31.47.0-255,66,234126,87,335170
43704,0.061842,74.125.24.0-255,2902,237028,87,335170
43705,0.061848,172.31.47.0-255,66,237094,87,335170
43706,0.061938,74.125.24.0-255,2902,239996,87,335170
43707,0.061963,172.31.47.0-255,66,240062,87,335170
43708,0.064193,74.125.24.0-255,2902,242964,87,335170
43709,0.064198,172.31.47.0-255,66,243030,87,335170
43710,0.064308,74.125.24.0-255,2902,245932,87,335170
43711,0.064311,172.31.47.0-255,66,245998,87,335170
43712,0.066558,74.125.24.0-255,2902,248900,87,335170
43713,0.066565,172.31.47.0-255,66,248966,87,335170
43714,0.066647,74.125.24.0-255,2902,251868,87,335170
43715,0.066666,172.31.47.0-255,66,251934,87,335170
43716,0.068904,74.125.24.0-255,2902,254836,87,335170
43717,0.06891,172.31.47.0-255,66,254902,87,335170
43718,0.068994,74.125.24.0-255,1484,256386,87,335170
43719,0.069011,74.125.24.0-255,1484,257870,87,335170
43720,0.069013,172.31.47.0-255,66,257936,87,335170
43721,0.071244,74.125.24.0-255,2902,260838,87,335170
43722,0.07125,172.31.47.0-255,66,260904,87,335170
43723,0.071349,74.125.24.0-255,2902,263806,87,335170
43724,0.071354,172.31.47.0-255,66,263872,87,335170
43725,0.073575,74.125.24.0-255,2902,266774,87,335170
43726,0.07358,172.31.47.0-255,66,266840,87,335170
43727,0.073704,74.125.24.0-255,2902,269742,87,335170
43728,0.073708,172.31.47.0-255,66,269808,87,335170
43729,0.075929,74.125.24.0-255,2902,272710,87,335170
43730,0.075935,172.31.47.0-255,66,272776,87,335170
43731,0.076044,74.125.24.0-255,2902,275678,87,335170
43732,0.076048,172.31.47.0-255,66,275744,87,335170
43733,0.07828,74.125.24.0-255,2902,278646,87,335170
43734,0.078285,172.31.47.0-255,66,278712,87,335170
43735,0.078381,74.125.24.0-255,2902,281614,87,335170
43736,0.078385,172.31.47.0-255,66,281680,87,335170
43737,0.080624,74.125.24.0-255,2902,284582,87,335170
43738,0.080631,172.31.47.0-255,66,284648,87,335170
43739,0.080708,74.125.24.0-255,2902,287550,87,335170
43740,0.080722,172.31.47.0-255,66,287616,87,335170
43741,0.082977,74.125.24.0-255,2902,290518,87,335170
43742,0.082982,172.31.47.0-255,66,290584,87,335170
43743,0.083146,74.125.24.0-255,2902,293486,87,335170
43744,0.083151,172.31.47.0-255,66,293552,87,335170
43745,0.08533,74.125.24.0-255,2902,296454,87,335170
43746,0.085336,172.31.47.0-255,66,296520,87,335170
43747,0.0855,74.125.24.0-255,2902,299422,87,335170
43748,0.085505,172.31.47.0-255,66,299488,87,335170
43749,0.08768,74.125.24.0-255,2902,302390,87,335170
43750,0.087686,172.31.47.0-255,66,302456,87,335170
43751,0.087835,74.125.24.0-255,2902,305358,87,335170
43752,0.08784,172.31.47.0-255,66,305424,87,335170
43753,0.090029,74.125.24.0-255,2902,308326,87,335170
43754,0.090036,172.31.47.0-255,66,308392,87,335170
43755,0.090202,74.125.24.0-255,2902,311294,87,335170
43756,0.090207,172.31.47.0-255,66,311360,87,335170
43757,0.092389,74.125.24.0-255,2902,314262,87,335170
43758,0.092395,172.31.47.0-255,66,314328,87,335170
43759,0.092539,74.125.24.0-255,2902,317230,87,335170
43760,0.092544,172.31.47.0-255,66,317296,87,335170
43761,0.094733,74.125.24.0-255,2902,320198,87,335170
43762,0.094739,172.31.47.0-255,66,320264,87,335170
43763,0.094865,74.125.24.0-255,2902,323166,87,335170
43764,0.09487,172.31.47.0-255,66,323232,87,335170
43765,0.097099,74.125.24.0-255,2902,326134,87,335170
43766,0.097105,172.31.47.0-255,66,326200,87,335170
43767,0.097239,74.125.24.0-255,1484,327684,87,335170
43768,0.097258,74.125.24.0-255,1484,329168,87,335170
43769,0.097262,172.31.47.0-255,66,329234,87,335170
43770,0.099441,74.125.24.0-255,2902,332136,87,335170
43771,0.099448,172.31.47.0-255,66,332202,87,335170
43772,0.09958,74.125.24.0-255,2902,335104,87,335170
43773,0.099585,172.31.47.0-255,66,335170,87,335170
43774,0.0,172.31.47.0-255,66,66,87,66
43775,0.0,172.217.27.0-255,153,153,87,406276
43776,2.5e-05,172.31.47.0-255,66,219,87,406276
43777,3.1e-05,172.217.27.0-255,1484,1703,87,406276
43778,3.5e-05,172.31.47.0-255,66,1769,87,406276
43779,3.9e-05,172.217.27.0-255,2902,4671,87,406276
43780,4.1e-05,172.31.47.0-255,66,4737,87,406276
43781,4.6e-05,172.217.27.0-255,4320,9057,87,406276
43782,4.8e-05,172.31.47.0-255,66,9123,87,406276
43783,7.2e-05,172.217.27.0-255,2902,12025,87,406276
43784,7.5e-05,172.31.47.0-255,66,12091,87,406276
43785,8.3e-05,172.31.47.0-255,66,12157,87,406276
43786,9.7e-05,172.217.27.0-255,2168,14325,87,406276
43787,9.8e-05,172.31.47.0-255,66,14391,87,406276
43788,0.000121,172.217.27.0-255,3961,18352,87,406276
43789,0.000123,172.31.47.0-255,66,18418,87,406276
43790,0.000303,172.217.27.0-255,1484,19902,87,406276
43791,0.000307,172.31.47.0-255,66,19968,87,406276
43792,0.000311,172.217.27.0-255,1484,21452,87,406276
43793,0.000313,172.217.27.0-255,1484,22936,87,406276
43794,0.000314,172.31.47.0-255,66,23002,87,406276
43795,0.000316,172.31.47.0-255,66,23068,87,406276
43796,0.000328,172.217.27.0-255,1484,24552,87,406276
43797,0.00033,172.31.47.0-255,66,24618,87,406276
43798,0.000337,172.217.27.0-255,5738,30356,87,406276
43799,0.000339,172.31.47.0-255,66,30422,87,406276
43800,0.000372,172.217.27.0-255,2902,33324,87,406276
43801,0.000374,172.31.47.0-255,66,33390,87,406276
43802,0.000394,172.217.27.0-255,2543,35933,87,406276
43803,0.000397,172.31.47.0-255,66,35999,87,406276
43804,0.000538,172.217.27.0-255,1484,37483,87,406276
43805,0.000541,172.31.47.0-255,66,37549,87,406276
43806,0.000546,172.217.27.0-255,2902,40451,87,406276
43807,0.000548,172.31.47.0-255,66,40517,87,406276
43808,0.000566,172.217.27.0-255,5738,46255,87,406276
43809,0.000568,172.31.47.0-255,66,46321,87,406276
43810,0.000572,172.217.27.0-255,2902,49223,87,406276
43811,0.000575,172.31.47.0-255,66,49289,87,406276
43812,0.000589,172.217.27.0-255,2902,52191,87,406276
43813,0.000592,172.31.47.0-255,66,52257,87,406276
43814,0.000617,172.217.27.0-255,1420,53677,87,406276
43815,0.000711,172.31.47.0-255,66,53743,87,406276
43816,0.000859,172.217.27.0-255,136,53879,87,406276
43817,0.000866,172.217.27.0-255,343,54222,87,406276
43818,0.001068,172.217.27.0-255,1484,55706,87,406276
43819,0.001072,172.31.47.0-255,66,55772,87,406276
43820,0.001078,172.217.27.0-255,2902,58674,87,406276
43821,0.00108,172.31.47.0-255,66,58740,87,406276
43822,0.001085,172.217.27.0-255,2902,61642,87,406276
43823,0.001086,172.31.47.0-255,66,61708,87,406276
43824,0.001107,172.217.27.0-255,1484,63192,87,406276
43825,0.00113,172.217.27.0-255,4320,67512,87,406276
43826,0.001132,172.31.47.0-255,66,67578,87,406276
43827,0.001151,172.217.27.0-255,3961,71539,87,406276
43828,0.001153,172.31.47.0-255,66,71605,87,406276
43829,0.001528,172.217.27.0-255,1484,73089,87,406276
43830,0.001534,172.217.27.0-255,2902,75991,87,406276
43831,0.001537,172.31.47.0-255,66,76057,87,406276
43832,0.001542,172.217.27.0-255,2902,78959,87,406276
43833,0.001544,172.31.47.0-255,66,79025,87,406276
43834,0.001559,172.217.27.0-255,2902,81927,87,406276
43835,0.00156,172.31.47.0-255,66,81993,87,406276
43836,0.001581,172.217.27.0-255,1484,83477,87,406276
43837,0.001598,172.217.27.0-255,5379,88856,87,406276
43838,0.001599,172.31.47.0-255,66,88922,87,406276
43839,0.003263,172.217.27.0-255,5738,94660,87,406276
43840,0.003266,172.31.47.0-255,66,94726,87,406276
43841,0.004958,172.217.27.0-255,5738,100464,87,406276
43842,0.004963,172.31.47.0-255,66,100530,87,406276
43843,0.006637,172.217.27.0-255,5738,106268,87,406276
43844,0.006642,172.31.47.0-255,66,106334,87,406276
43845,0.00831,172.217.27.0-255,4320,110654,87,406276
43846,0.008316,172.31.47.0-255,66,110720,87,406276
43847,0.008334,172.217.27.0-255,1484,112204,87,406276
43848,0.010001,172.217.27.0-255,4320,116524,87,406276
43849,0.010007,172.31.47.0-255,66,116590,87,406276
43850,0.011678,172.217.27.0-255,5738,122328,87,406276
43851,0.011684,172.31.47.0-255,66,122394,87,406276
43852,0.013357,172.217.27.0-255,5738,128132,87,406276
43853,0.013364,172.31.47.0-255,66,128198,87,406276
43854,0.015038,172.217.27.0-255,5738,133936,87,406276
43855,0.015046,172.31.47.0-255,66,134002,87,406276
43856,0.016702,172.217.27.0-255,5738,139740,87,406276
43857,0.016708,172.31.47.0-255,66,139806,87,406276
43858,0.018365,172.217.27.0-255,2902,142708,87,406276
43859,0.01837,172.31.47.0-255,66,142774,87,406276
43860,0.018401,172.217.27.0-255,2902,145676,87,406276
43861,0.018405,172.31.47.0-255,66,145742,87,406276
43862,0.020043,172.217.27.0-255,2902,148644,87,406276
43863,0.020049,172.31.47.0-255,66,148710,87,406276
43864,0.020082,172.217.27.0-255,2902,151612,87,406276
43865,0.020085,172.31.47.0-255,66,151678,87,406276
43866,0.021721,172.217.27.0-255,1484,153162,87,406276
43867,0.02174,172.217.27.0-255,4320,157482,87,406276
43868,0.021745,172.31.47.0-255,66,157548,87,406276
43869,0.023219,172.31.47.0-255,172,157720,87,406276
43870,0.023249,172.31.47.0-255,1103,158823,87,406276
43871,0.023286,172.31.47.0-255,1514,160337,87,406276
43872,0.023287,172.31.47.0-255,1301,161638,87,406276
43873,0.023408,172.217.27.0-255,5738,167376,87,406276
43874,0.023414,172.31.47.0-255,66,167442,87,406276
43875,0.024773,104.244.42.0-255,66,167508,87,406276
43876,0.02478,104.244.42.0-255,66,167574,87,406276
43877,0.024844,104.244.42.0-255,66,167640,87,406276
43878,0.025066,172.217.27.0-255,2902,170542,87,406276
43879,0.025071,172.31.47.0-255,66,170608,87,406276
43880,0.025091,172.217.27.0-255,2902,173510,87,406276
43881,0.025093,172.31.47.0-255,66,173576,87,406276
43882,0.026755,172.217.27.0-255,5738,179314,87,406276
43883,0.026761,172.31.47.0-255,66,179380,87,406276
43884,0.028421,172.217.27.0-255,4320,183700,87,406276
43885,0.028426,172.31.47.0-255,66,183766,87,406276
43886,0.028445,172.217.27.0-255,1484,185250,87,406276
43887,0.030082,172.217.27.0-255,4320,189570,87,406276
43888,0.030088,172.31.47.0-255,66,189636,87,406276
43889,0.031755,172.217.27.0-255,4320,193956,87,406276
43890,0.03176,172.31.47.0-255,66,194022,87,406276
43891,0.031778,172.217.27.0-255,1484,195506,87,406276
43892,0.033435,172.217.27.0-255,4320,199826,87,406276
43893,0.03344,172.31.47.0-255,66,199892,87,406276
43894,0.035105,172.217.27.0-255,5738,205630,87,406276
43895,0.03511,172.31.47.0-255,66,205696,87,406276
43896,0.036775,172.217.27.0-255,4320,210016,87,406276
43897,0.03678,172.31.47.0-255,66,210082,87,406276
43898,0.036811,172.217.27.0-255,1484,211566,87,406276
43899,0.03845,172.217.27.0-255,4320,215886,87,406276
43900,0.038455,172.31.47.0-255,66,215952,87,406276
43901,0.040118,172.217.27.0-255,5738,221690,87,406276
43902,0.040124,172.31.47.0-255,66,221756,87,406276
43903,0.041792,172.217.27.0-255,5738,227494,87,406276
43904,0.041799,172.31.47.0-255,66,227560,87,406276
43905,0.043464,172.217.27.0-255,5738,233298,87,406276
43906,0.04347,172.31.47.0-255,66,233364,87,406276
43907,0.045148,172.217.27.0-255,5738,239102,87,406276
43908,0.045155,172.31.47.0-255,66,239168,87,406276
43909,0.046831,172.217.27.0-255,5738,244906,87,406276
43910,0.046843,172.31.47.0-255,66,244972,87,406276
43911,0.048539,172.217.27.0-255,5738,250710,87,406276
43912,0.048551,172.31.47.0-255,66,250776,87,406276
43913,0.050228,172.217.27.0-255,5738,256514,87,406276
43914,0.050238,172.31.47.0-255,66,256580,87,406276
43915,0.051922,172.217.27.0-255,5738,262318,87,406276
43916,0.051934,172.31.47.0-255,66,262384,87,406276
43917,0.053613,172.217.27.0-255,5738,268122,87,406276
43918,0.053623,172.31.47.0-255,66,268188,87,406276
43919,0.055309,172.217.27.0-255,5738,273926,87,406276
43920,0.055321,172.31.47.0-255,66,273992,87,406276
43921,0.056984,172.217.27.0-255,4320,278312,87,406276
43922,0.05699,172.31.47.0-255,66,278378,87,406276
43923,0.057019,172.217.27.0-255,1484,279862,87,406276
43924,0.058654,172.217.27.0-255,4320,284182,87,406276
43925,0.058659,172.31.47.0-255,66,284248,87,406276
43926,0.060381,172.217.27.0-255,5738,289986,87,406276
43927,0.06039,172.31.47.0-255,66,290052,87,406276
43928,0.062074,172.217.27.0-255,5738,295790,87,406276
43929,0.062083,172.31.47.0-255,66,295856,87,406276
43930,0.063764,172.217.27.0-255,5738,301594,87,406276
43931,0.063777,172.31.47.0-255,66,301660,87,406276
43932,0.065451,172.217.27.0-255,5738,307398,87,406276
43933,0.065464,172.31.47.0-255,66,307464,87,406276
43934,0.06714,172.217.27.0-255,5738,313202,87,406276
43935,0.06715,172.31.47.0-255,66,313268,87,406276
43936,0.068831,172.217.27.0-255,5738,319006,87,406276
43937,0.068841,172.31.47.0-255,66,319072,87,406276
43938,0.070525,172.217.27.0-255,5738,324810,87,406276
43939,0.070539,172.31.47.0-255,66,324876,87,406276
43940,0.072222,172.217.27.0-255,5738,330614,87,406276
43941,0.072233,172.31.47.0-255,66,330680,87,406276
43942,0.073911,172.217.27.0-255,5738,336418,87,406276
43943,0.073921,172.31.47.0-255,66,336484,87,406276
43944,0.075585,172.217.27.0-255,5738,342222,87,406276
43945,0.075592,172.31.47.0-255,66,342288,87,406276
43946,0.077252,172.217.27.0-255,5738,348026,87,406276
43947,0.077257,172.31.47.0-255,66,348092,87,406276
43948,0.078919,172.217.27.0-255,5738,353830,87,406276
43949,0.078923,172.31.47.0-255,66,353896,87,406276
43950,0.080587,172.217.27.0-255,5738,359634,87,406276
43951,0.080593,172.31.47.0-255,66,359700,87,406276
43952,0.082257,172.217.27.0-255,5738,365438,87,406276
43953,0.082263,172.31.47.0-255,66,365504,87,406276
43954,0.08393,172.217.27.0-255,4320,369824,87,406276
43955,0.083935,172.31.47.0-255,66,369890,87,406276
43956,0.083966,172.217.27.0-255,1484,371374,87,406276
43957,0.085591,172.217.27.0-255,4320,375694,87,406276
43958,0.085596,172.31.47.0-255,66,375760,87,406276
43959,0.08726,172.217.27.0-255,5738,381498,87,406276
43960,0.087265,172.31.47.0-255,66,381564,87,406276
43961,0.08892,172.217.27.0-255,5738,387302,87,406276
43962,0.088924,172.31.47.0-255,66,387368,87,406276
43963,0.090578,172.217.27.0-255,2902,390270,87,406276
43964,0.090583,172.31.47.0-255,66,390336,87,406276
43965,0.09061,172.217.27.0-255,2902,393238,87,406276
43966,0.090613,172.31.47.0-255,66,393304,87,406276
43967,0.09224,172.217.27.0-255,2902,396206,87,406276
43968,0.092247,172.31.47.0-255,66,396272,87,406276
43969,0.092269,172.217.27.0-255,2902,399174,87,406276
43970,0.092272,172.31.47.0-255,66,399240,87,406276
43971,0.093926,172.217.27.0-255,2902,402142,87,406276
43972,0.093931,172.31.47.0-255,66,402208,87,406276
43973,0.093954,172.217.27.0-255,2902,405110,87,406276
43974,0.093957,172.31.47.0-255,66,405176,87,406276
43975,0.095583,172.217.27.0-255,863,406039,87,406276
43976,0.095741,172.31.47.0-255,66,406105,87,406276
43977,0.095769,172.31.47.0-255,105,406210,87,406276
43978,0.097391,172.217.27.0-255,66,406276,87,406276
43979,0.0,74.125.24.0-255,153,153,87,318638
43980,3.3e-05,172.31.47.0-255,66,219,87,318638
43981,4.1e-05,74.125.24.0-255,1484,1703,87,318638
43982,4.5e-05,172.31.47.0-255,66,1769,87,318638
43983,5e-05,74.125.24.0-255,2902,4671,87,318638
43984,5.2e-05,172.31.47.0-255,66,4737,87,318638
43985,5.5e-05,74.125.24.0-255,1484,6221,87,318638
43986,5.7e-05,172.31.47.0-255,66,6287,87,318638
43987,7.6e-05,74.125.24.0-255,1484,7771,87,318638
43988,7.8e-05,172.31.47.0-255,66,7837,87,318638
43989,0.000106,74.125.24.0-255,2902,10739,87,318638
43990,0.000109,172.31.47.0-255,66,10805,87,318638
43991,0.000127,74.125.24.0-255,3556,14361,87,318638
43992,0.000129,172.31.47.0-255,66,14427,87,318638
43993,0.000217,74.125.24.0-255,7156,21583,87,318638
43994,0.000222,172.31.47.0-255,66,21649,87,318638
43995,0.00032,172.31.47.0-255,66,21715,87,318638
43996,0.000342,74.125.24.0-255,1125,22840,87,318638
43997,0.000344,172.31.47.0-255,66,22906,87,318638
43998,0.000451,74.125.24.0-255,1484,24390,87,318638
43999,0.000457,172.31.47.0-255,66,24456,87,318638
44000,0.000488,74.125.24.0-255,2902,27358,87,318638
44001,0.000491,172.31.47.0-255,66,27424,87,318638
44002,0.000531,74.125.24.0-255,5738,33162,87,318638
44003,0.000534,172.31.47.0-255,66,33228,87,318638
44004,0.00061,74.125.24.0-255,5738,38966,87,318638
44005,0.000615,172.31.47.0-255,66,39032,87,318638
44006,0.000643,172.31.47.0-255,66,39098,87,318638
44007,0.00084,172.31.47.0-255,66,39164,87,318638
44008,0.000948,74.125.24.0-255,106,39270,87,318638
44009,0.000989,172.31.47.0-255,66,39336,87,318638
44010,0.000999,74.125.24.0-255,2902,42238,87,318638
44011,0.001002,172.31.47.0-255,66,42304,87,318638
44012,0.001624,74.125.24.0-255,1484,43788,87,318638
44013,0.001632,74.125.24.0-255,2902,46690,87,318638
44014,0.001676,74.125.24.0-255,5738,52428,87,318638
44015,0.001757,74.125.24.0-255,4320,56748,87,318638
44016,0.001951,74.125.24.0-255,2902,59650,87,318638
44017,0.001972,74.125.24.0-255,4320,63970,87,318638
44018,0.002059,74.125.24.0-255,3602,67572,87,318638
44019,0.002116,74.125.24.0-255,2902,70474,87,318638
44020,0.002476,74.125.24.0-255,7156,77630,87,318638
44021,0.002491,74.125.24.0-255,3602,81232,87,318638
44022,0.004264,172.31.47.0-255,66,81298,87,318638
44023,0.006587,74.125.24.0-255,5738,87036,87,318638
44024,0.006594,172.31.47.0-255,66,87102,87,318638
44025,0.008894,74.125.24.0-255,5738,92840,87,318638
44026,0.0089,172.31.47.0-255,66,92906,87,318638
44027,0.011237,74.125.24.0-255,5738,98644,87,318638
44028,0.011243,172.31.47.0-255,66,98710,87,318638
44029,0.013571,74.125.24.0-255,5738,104448,87,318638
44030,0.013583,172.31.47.0-255,66,104514,87,318638
44031,0.015903,74.125.24.0-255,5738,110252,87,318638
44032,0.015915,172.31.47.0-255,66,110318,87,318638
44033,0.018216,74.125.24.0-255,5738,116056,87,318638
44034,0.018228,172.31.47.0-255,66,116122,87,318638
44035,0.020528,74.125.24.0-255,5738,121860,87,318638
44036,0.020536,172.31.47.0-255,66,121926,87,318638
44037,0.02285,74.125.24.0-255,5738,127664,87,318638
44038,0.022857,172.31.47.0-255,66,127730,87,318638
44039,0.025176,74.125.24.0-255,5738,133468,87,318638
44040,0.025185,172.31.47.0-255,66,133534,87,318638
44041,0.027502,74.125.24.0-255,5738,139272,87,318638
44042,0.02751,172.31.47.0-255,66,139338,87,318638
44043,0.029827,74.125.24.0-255,5738,145076,87,318638
44044,0.029837,172.31.47.0-255,66,145142,87,318638
44045,0.032145,74.125.24.0-255,4320,149462,87,318638
44046,0.032155,172.31.47.0-255,66,149528,87,318638
44047,0.032187,74.125.24.0-255,1484,151012,87,318638
44048,0.034467,74.125.24.0-255,4320,155332,87,318638
44049,0.034473,172.31.47.0-255,66,155398,87,318638
44050,0.034515,172.31.47.0-255,172,155570,87,318638
44051,0.034538,172.31.47.0-255,1103,156673,87,318638
44052,0.034587,172.31.47.0-255,1514,158187,87,318638
44053,0.034589,172.31.47.0-255,1301,159488,87,318638
44054,0.036045,104.244.42.0-255,66,159554,87,318638
44055,0.036054,104.244.42.0-255,66,159620,87,318638
44056,0.036141,104.244.42.0-255,66,159686,87,318638
44057,0.036785,74.125.24.0-255,5738,165424,87,318638
44058,0.036848,172.31.47.0-255,66,165490,87,318638
44059,0.039154,74.125.24.0-255,5738,171228,87,318638
44060,0.039162,172.31.47.0-255,66,171294,87,318638
44061,0.041479,74.125.24.0-255,5738,177032,87,318638
44062,0.041498,172.31.47.0-255,66,177098,87,318638
44063,0.043835,74.125.24.0-255,5738,182836,87,318638
44064,0.044319,172.31.47.0-255,66,182902,87,318638
44065,0.046635,74.125.24.0-255,5738,188640,87,318638
44066,0.046654,172.31.47.0-255,66,188706,87,318638
44067,0.048963,74.125.24.0-255,5738,194444,87,318638
44068,0.048978,172.31.47.0-255,66,194510,87,318638
44069,0.051302,74.125.24.0-255,5738,200248,87,318638
44070,0.051322,172.31.47.0-255,66,200314,87,318638
44071,0.053762,74.125.24.0-255,5738,206052,87,318638
44072,0.05378,172.31.47.0-255,66,206118,87,318638
44073,0.056121,74.125.24.0-255,5738,211856,87,318638
44074,0.056139,172.31.47.0-255,66,211922,87,318638
44075,0.058459,74.125.24.0-255,5738,217660,87,318638
44076,0.058474,172.31.47.0-255,66,217726,87,318638
44077,0.060785,74.125.24.0-255,2902,220628,87,318638
44078,0.060791,172.31.47.0-255,66,220694,87,318638
44079,0.060825,74.125.24.0-255,2902,223596,87,318638
44080,0.060853,172.31.47.0-255,66,223662,87,318638
44081,0.063103,74.125.24.0-255,2902,226564,87,318638
44082,0.063108,172.31.47.0-255,66,226630,87,318638
44083,0.063152,74.125.24.0-255,2902,229532,87,318638
44084,0.063167,172.31.47.0-255,66,229598,87,318638
44085,0.065408,74.125.24.0-255,2902,232500,87,318638
44086,0.065413,172.31.47.0-255,66,232566,87,318638
44087,0.065459,74.125.24.0-255,2902,235468,87,318638
44088,0.065471,172.31.47.0-255,66,235534,87,318638
44089,0.067726,74.125.24.0-255,2902,238436,87,318638
44090,0.067734,172.31.47.0-255,66,238502,87,318638
44091,0.067781,74.125.24.0-255,2902,241404,87,318638
44092,0.067802,172.31.47.0-255,66,241470,87,318638
44093,0.070046,74.125.24.0-255,2902,244372,87,318638
44094,0.070051,172.31.47.0-255,66,244438,87,318638
44095,0.070101,74.125.24.0-255,2902,247340,87,318638
44096,0.070136,172.31.47.0-255,66,247406,87,318638
44097,0.07237,74.125.24.0-255,2902,250308,87,318638
44098,0.072376,172.31.47.0-255,66,250374,87,318638
44099,0.072416,74.125.24.0-255,2902,253276,87,318638
44100,0.072424,172.31.47.0-255,66,253342,87,318638
44101,0.074687,74.125.24.0-255,2902,256244,87,318638
44102,0.074692,172.31.47.0-255,66,256310,87,318638
44103,0.074732,74.125.24.0-255,2902,259212,87,318638
44104,0.074739,172.31.47.0-255,66,259278,87,318638
44105,0.07701,74.125.24.0-255,2902,262180,87,318638
44106,0.077016,172.31.47.0-255,66,262246,87,318638
44107,0.077051,74.125.24.0-255,2902,265148,87,318638
44108,0.077072,172.31.47.0-255,66,265214,87,318638
44109,0.079333,74.125.24.0-255,2902,268116,87,318638
44110,0.079339,172.31.47.0-255,66,268182,87,318638
44111,0.079369,74.125.24.0-255,2902,271084,87,318638
44112,0.07939,172.31.47.0-255,66,271150,87,318638
44113,0.081629,74.125.24.0-255,2902,274052,87,318638
44114,0.081635,172.31.47.0-255,66,274118,87,318638
44115,0.081693,74.125.24.0-255,2902,277020,87,318638
44116,0.081715,172.31.47.0-255,66,277086,87,318638
44117,0.083944,74.125.24.0-255,2902,279988,87,318638
44118,0.083949,172.31.47.0-255,66,280054,87,318638
44119,0.084021,74.125.24.0-255,2902,282956,87,318638
44120,0.084028,172.31.47.0-255,66,283022,87,318638
44121,0.086249,74.125.24.0-255,2902,285924,87,318638
44122,0.086254,172.31.47.0-255,66,285990,87,318638
44123,0.086339,74.125.24.0-255,2902,288892,87,318638
44124,0.086345,172.31.47.0-255,66,288958,87,318638
44125,0.088559,74.125.24.0-255,2902,291860,87,318638
44126,0.088564,172.31.47.0-255,66,291926,87,318638
44127,0.088639,74.125.24.0-255,2902,294828,87,318638
44128,0.08949,172.31.47.0-255,66,294894,87,318638
44129,0.090877,74.125.24.0-255,2902,297796,87,318638
44130,0.090885,172.31.47.0-255,66,297862,87,318638
44131,0.091804,74.125.24.0-255,2902,300764,87,318638
44132,0.09181,172.31.47.0-255,66,300830,87,318638
44133,0.093193,74.125.24.0-255,2902,303732,87,318638
44134,0.093197,172.31.47.0-255,66,303798,87,318638
44135,0.094121,74.125.24.0-255,2902,306700,87,318638
44136,0.094126,172.31.47.0-255,66,306766,87,318638
44137,0.095492,74.125.24.0-255,2902,309668,87,318638
44138,0.095498,172.31.47.0-255,66,309734,87,318638
44139,0.096423,74.125.24.0-255,2902,312636,87,318638
44140,0.096428,172.31.47.0-255,66,312702,87,318638
44141,0.097808,74.125.24.0-255,2902,315604,87,318638
44142,0.097814,172.31.47.0-255,66,315670,87,318638
44143,0.098741,74.125.24.0-255,2902,318572,87,318638
44144,0.098746,172.31.47.0-255,66,318638,87,318638
44145,0.0,172.31.47.0-255,66,66,87,66
44146,0.0,172.217.194.0-255,153,153,87,352905
44147,3.4e-05,172.31.47.0-255,66,219,87,352905
44148,4.1e-05,172.217.194.0-255,1484,1703,87,352905
44149,4.5e-05,172.31.47.0-255,66,1769,87,352905
44150,4.9e-05,172.217.194.0-255,2902,4671,87,352905
44151,5.2e-05,172.31.47.0-255,66,4737,87,352905
44152,6.5e-05,172.217.194.0-255,7156,11893,87,352905
44153,6.8e-05,172.31.47.0-255,66,11959,87,352905
44154,7.1e-05,172.217.194.0-255,1957,13916,87,352905
44155,7.3e-05,172.31.47.0-255,66,13982,87,352905
44156,0.000102,172.217.194.0-255,2902,16884,87,352905
44157,0.000105,172.31.47.0-255,66,16950,87,352905
44158,0.000137,172.31.47.0-255,66,17016,87,352905
44159,0.000159,172.217.194.0-255,2902,19918,87,352905
44160,0.000161,172.31.47.0-255,66,19984,87,352905
44161,0.000186,172.217.194.0-255,2543,22527,87,352905
44162,0.000189,172.31.47.0-255,66,22593,87,352905
44163,0.000195,172.217.194.0-255,5738,28331,87,352905
44164,0.000197,172.31.47.0-255,66,28397,87,352905
44165,0.000228,172.31.47.0-255,66,28463,87,352905
44166,0.000539,172.217.194.0-255,1484,29947,87,352905
44167,0.000543,172.31.47.0-255,66,30013,87,352905
44168,0.000548,172.217.194.0-255,2902,32915,87,352905
44169,0.00055,172.31.47.0-255,66,32981,87,352905
44170,0.000552,172.217.194.0-255,1484,34465,87,352905
44171,0.000554,172.31.47.0-255,66,34531,87,352905
44172,0.000577,172.217.194.0-255,4320,38851,87,352905
44173,0.00058,172.31.47.0-255,66,38917,87,352905
44174,0.00059,172.217.194.0-255,6797,45714,87,352905
44175,0.000593,172.31.47.0-255,66,45780,87,352905
44176,0.000624,172.217.194.0-255,1484,47264,87,352905
44177,0.000629,172.217.194.0-255,2902,50166,87,352905
44178,0.000632,172.31.47.0-255,66,50232,87,352905
44179,0.000657,172.217.194.0-255,5738,55970,87,352905
44180,0.00066,172.31.47.0-255,66,56036,87,352905
44181,0.000666,172.217.194.0-255,5738,61774,87,352905
44182,0.000667,172.31.47.0-255,66,61840,87,352905
44183,0.000713,172.217.194.0-255,1708,63548,87,352905
44184,0.000716,172.31.47.0-255,66,63614,87,352905
44185,0.000804,172.217.194.0-255,1484,65098,87,352905
44186,0.000816,172.217.194.0-255,2902,68000,87,352905
44187,0.00082,172.31.47.0-255,66,68066,87,352905
44188,0.000847,172.217.194.0-255,5738,73804,87,352905
44189,0.000849,172.31.47.0-255,66,73870,87,352905
44190,0.000883,172.31.47.0-255,66,73936,87,352905
44191,0.000892,172.31.47.0-255,66,74002,87,352905
44192,0.000931,172.217.194.0-255,1618,75620,87,352905
44193,0.000934,172.31.47.0-255,66,75686,87,352905
44194,0.000973,172.217.194.0-255,1484,77170,87,352905
44195,0.000988,172.217.194.0-255,2902,80072,87,352905
44196,0.000991,172.31.47.0-255,66,80138,87,352905
44197,0.000994,172.217.194.0-255,1484,81622,87,352905
44198,0.001015,172.217.194.0-255,2902,84524,87,352905
44199,0.001017,172.31.47.0-255,66,84590,87,352905
44200,0.001021,172.217.194.0-255,2902,87492,87,352905
44201,0.001022,172.31.47.0-255,66,87558,87,352905
44202,0.001049,172.217.194.0-255,5738,93296,87,352905
44203,0.001055,172.31.47.0-255,66,93362,87,352905
44204,0.001085,172.217.194.0-255,4320,97682,87,352905
44205,0.001088,172.31.47.0-255,66,97748,87,352905
44206,0.001119,172.217.194.0-255,7156,104904,87,352905
44207,0.001122,172.31.47.0-255,66,104970,87,352905
44208,0.001127,172.217.194.0-255,5020,109990,87,352905
44209,0.001129,172.31.47.0-255,66,110056,87,352905
44210,0.001547,172.217.194.0-255,1484,111540,87,352905
44211,0.001556,172.217.194.0-255,2902,114442,87,352905
44212,0.00156,172.31.47.0-255,66,114508,87,352905
44213,0.001568,172.217.194.0-255,5738,120246,87,352905
44214,0.00157,172.31.47.0-255,66,120312,87,352905
44215,0.001615,172.31.47.0-255,66,120378,87,352905
44216,0.00162,172.217.194.0-255,4320,124698,87,352905
44217,0.001622,172.31.47.0-255,66,124764,87,352905
44218,0.001654,172.217.194.0-255,6438,131202,87,352905
44219,0.001657,172.31.47.0-255,66,131268,87,352905
44220,0.001878,172.217.194.0-255,1484,132752,87,352905
44221,0.001884,172.217.194.0-255,2902,135654,87,352905
44222,0.001888,172.31.47.0-255,66,135720,87,352905
44223,0.001892,172.217.194.0-255,2902,138622,87,352905
44224,0.001894,172.31.47.0-255,66,138688,87,352905
44225,0.00191,172.217.194.0-255,2902,141590,87,352905
44226,0.001912,172.31.47.0-255,66,141656,87,352905
44227,0.001915,172.217.194.0-255,1484,143140,87,352905
44228,0.001943,172.31.47.0-255,66,143206,87,352905
44229,0.00195,172.217.194.0-255,7156,150362,87,352905
44230,0.001951,172.31.47.0-255,66,150428,87,352905
44231,0.001988,172.217.194.0-255,3602,154030,87,352905
44232,0.001991,172.31.47.0-255,66,154096,87,352905
44233,0.004011,172.217.194.0-255,1484,155580,87,352905
44234,0.004072,172.217.194.0-255,4320,159900,87,352905
44235,0.004077,172.31.47.0-255,66,159966,87,352905
44236,0.006134,172.217.194.0-255,4320,164286,87,352905
44237,0.006139,172.31.47.0-255,66,164352,87,352905
44238,0.00616,172.217.194.0-255,1484,165836,87,352905
44239,0.008218,172.217.194.0-255,4320,170156,87,352905
44240,0.008223,172.31.47.0-255,66,170222,87,352905
44241,0.010298,172.217.194.0-255,5738,175960,87,352905
44242,0.010304,172.31.47.0-255,66,176026,87,352905
44243,0.012365,172.217.194.0-255,5738,181764,87,352905
44244,0.012371,172.31.47.0-255,66,181830,87,352905
44245,0.014517,172.217.194.0-255,5738,187568,87,352905
44246,0.014525,172.31.47.0-255,66,187634,87,352905
44247,0.016612,172.217.194.0-255,5738,193372,87,352905
44248,0.016619,172.31.47.0-255,66,193438,87,352905
44249,0.018699,172.217.194.0-255,5738,199176,87,352905
44250,0.018705,172.31.47.0-255,66,199242,87,352905
44251,0.020794,172.217.194.0-255,5738,204980,87,352905
44252,0.0208,172.31.47.0-255,66,205046,87,352905
44253,0.022891,172.217.194.0-255,5738,210784,87,352905
44254,0.022897,172.31.47.0-255,66,210850,87,352905
44255,0.024976,172.217.194.0-255,5738,216588,87,352905
44256,0.024983,172.31.47.0-255,66,216654,87,352905
44257,0.027075,172.217.194.0-255,5738,222392,87,352905
44258,0.02708,172.31.47.0-255,66,222458,87,352905
44259,0.027508,172.31.47.0-255,172,222630,87,352905
44260,0.027536,172.31.47.0-255,1111,223741,87,352905
44261,0.027563,172.31.47.0-255,1514,225255,87,352905
44262,0.027565,172.31.47.0-255,1293,226548,87,352905
44263,0.029054,104.244.42.0-255,66,226614,87,352905
44264,0.029102,104.244.42.0-255,66,226680,87,352905
44265,0.029105,104.244.42.0-255,66,226746,87,352905
44266,0.029134,172.217.194.0-255,2902,229648,87,352905
44267,0.029138,172.31.47.0-255,66,229714,87,352905
44268,0.02917,172.217.194.0-255,2902,232616,87,352905
44269,0.029172,172.31.47.0-255,66,232682,87,352905
44270,0.031237,172.217.194.0-255,5738,238420,87,352905
44271,0.031243,172.31.47.0-255,66,238486,87,352905
44272,0.033331,172.217.194.0-255,5738,244224,87,352905
44273,0.033337,172.31.47.0-255,66,244290,87,352905
44274,0.035423,172.217.194.0-255,5738,250028,87,352905
44275,0.035429,172.31.47.0-255,66,250094,87,352905
44276,0.037494,172.217.194.0-255,5738,255832,87,352905
44277,0.037499,172.31.47.0-255,66,255898,87,352905
44278,0.039614,172.217.194.0-255,5738,261636,87,352905
44279,0.039619,172.31.47.0-255,66,261702,87,352905
44280,0.041691,172.217.194.0-255,5738,267440,87,352905
44281,0.041697,172.31.47.0-255,66,267506,87,352905
44282,0.043756,172.217.194.0-255,4320,271826,87,352905
44283,0.043775,172.31.47.0-255,66,271892,87,352905
44284,0.043797,172.217.194.0-255,1484,273376,87,352905
44285,0.045844,172.217.194.0-255,4320,277696,87,352905
44286,0.045849,172.31.47.0-255,66,277762,87,352905
44287,0.047922,172.217.194.0-255,5738,283500,87,352905
44288,0.047927,172.31.47.0-255,66,283566,87,352905
44289,0.05002,172.217.194.0-255,5738,289304,87,352905
44290,0.050026,172.31.47.0-255,66,289370,87,352905
44291,0.052121,172.217.194.0-255,5738,295108,87,352905
44292,0.052128,172.31.47.0-255,66,295174,87,352905
44293,0.054193,172.217.194.0-255,2902,298076,87,352905
44294,0.054198,172.31.47.0-255,66,298142,87,352905
44295,0.054229,172.217.194.0-255,2902,301044,87,352905
44296,0.054233,172.31.47.0-255,66,301110,87,352905
44297,0.056258,172.217.194.0-255,2902,304012,87,352905
44298,0.056263,172.31.47.0-255,66,304078,87,352905
44299,0.056295,172.217.194.0-255,2902,306980,87,352905
44300,0.056298,172.31.47.0-255,66,307046,87,352905
44301,0.058336,172.217.194.0-255,2902,309948,87,352905
44302,0.058341,172.31.47.0-255,66,310014,87,352905
44303,0.058368,172.217.194.0-255,1484,311498,87,352905
44304,0.058378,172.217.194.0-255,1484,312982,87,352905
44305,0.058381,172.31.47.0-255,66,313048,87,352905
44306,0.060434,172.217.194.0-255,5738,318786,87,352905
44307,0.060438,172.31.47.0-255,66,318852,87,352905
44308,0.062492,172.217.194.0-255,5738,324590,87,352905
44309,0.062497,172.31.47.0-255,66,324656,87,352905
44310,0.064562,172.217.194.0-255,5738,330394,87,352905
44311,0.064567,172.31.47.0-255,66,330460,87,352905
44312,0.066628,172.217.194.0-255,4320,334780,87,352905
44313,0.066633,172.31.47.0-255,66,334846,87,352905
44314,0.066662,172.217.194.0-255,1484,336330,87,352905
44315,0.068695,172.217.194.0-255,4320,340650,87,352905
44316,0.068699,172.31.47.0-255,66,340716,87,352905
44317,0.070781,172.217.194.0-255,4320,345036,87,352905
44318,0.070786,172.31.47.0-255,66,345102,87,352905
44319,0.070812,172.217.194.0-255,1484,346586,87,352905
44320,0.072869,172.217.194.0-255,4320,350906,87,352905
44321,0.072875,172.31.47.0-255,66,350972,87,352905
44322,0.07494,172.217.194.0-255,1696,352668,87,352905
44323,0.074945,172.31.47.0-255,66,352734,87,352905
44324,0.075121,172.31.47.0-255,105,352839,87,352905
44325,0.077155,172.217.194.0-255,66,352905,87,352905
44326,0.0,172.31.47.0-255,105,105,87,276
44327,0.002101,157.240.13.0-255,105,210,87,276
44328,0.002114,172.31.47.0-255,66,276,87,276
44329,0.0,74.125.200.0-255,153,153,87,311412
44330,2.8e-05,172.31.47.0-255,66,219,87,311412
44331,3.5e-05,74.125.200.0-255,1484,1703,87,311412
44332,3.8e-05,172.31.47.0-255,66,1769,87,311412
44333,4.3e-05,74.125.200.0-255,2902,4671,87,311412
44334,4.5e-05,172.31.47.0-255,66,4737,87,311412
44335,5.7e-05,74.125.200.0-255,5738,10475,87,311412
44336,6e-05,172.31.47.0-255,66,10541,87,311412
44337,6.4e-05,74.125.200.0-255,3619,14160,87,311412
44338,6.7e-05,172.31.47.0-255,66,14226,87,311412
44339,9.3e-05,74.125.200.0-255,4320,18546,87,311412
44340,9.6e-05,172.31.47.0-255,66,18612,87,311412
44341,0.000103,74.125.200.0-255,7156,25768,87,311412
44342,0.000104,172.31.47.0-255,66,25834,87,311412
44343,0.000132,74.125.200.0-255,2902,28736,87,311412
44344,0.000134,172.31.47.0-255,66,28802,87,311412
44345,0.00014,74.125.200.0-255,7156,35958,87,311412
44346,0.000142,172.31.47.0-255,66,36024,87,311412
44347,0.000161,74.125.200.0-255,4320,40344,87,311412
44348,0.000163,172.31.47.0-255,66,40410,87,311412
44349,0.000173,74.125.200.0-255,7156,47566,87,311412
44350,0.000176,172.31.47.0-255,66,47632,87,311412
44351,0.000203,74.125.200.0-255,766,48398,87,311412
44352,0.000205,172.31.47.0-255,66,48464,87,311412
44353,0.000399,74.125.200.0-255,1484,49948,87,311412
44354,0.000403,172.31.47.0-255,66,50014,87,311412
44355,0.00043,74.125.200.0-255,2902,52916,87,311412
44356,0.000433,172.31.47.0-255,66,52982,87,311412
44357,0.000458,74.125.200.0-255,5738,58720,87,311412
44358,0.000461,172.31.47.0-255,66,58786,87,311412
44359,0.000487,74.125.200.0-255,2902,61688,87,311412
44360,0.00049,172.31.47.0-255,66,61754,87,311412
44361,0.000515,74.125.200.0-255,4237,65991,87,311412
44362,0.000518,172.31.47.0-255,66,66057,87,311412
44363,0.00052,74.125.200.0-255,130,66187,87,311412
44364,0.000694,172.31.47.0-255,66,66253,87,311412
44365,0.000856,74.125.200.0-255,1484,67737,87,311412
44366,0.000865,74.125.200.0-255,1484,69221,87,311412
44367,0.000869,172.31.47.0-255,66,69287,87,311412
44368,0.000895,74.125.200.0-255,1484,70771,87,311412
44369,0.000903,74.125.200.0-255,5738,76509,87,311412
44370,0.000906,172.31.47.0-255,66,76575,87,311412
44371,0.000933,172.31.47.0-255,66,76641,87,311412
44372,0.000939,74.125.200.0-255,4320,80961,87,311412
44373,0.000941,172.31.47.0-255,66,81027,87,311412
44374,0.000975,74.125.200.0-255,7156,88183,87,311412
44375,0.000978,172.31.47.0-255,66,88249,87,311412
44376,0.000983,74.125.200.0-255,2184,90433,87,311412
44377,0.000986,172.31.47.0-255,66,90499,87,311412
44378,0.001014,74.125.200.0-255,2902,93401,87,311412
44379,0.001018,172.31.47.0-255,66,93467,87,311412
44380,0.001044,74.125.200.0-255,4320,97787,87,311412
44381,0.001047,172.31.47.0-255,66,97853,87,311412
44382,0.001078,74.125.200.0-255,4320,102173,87,311412
44383,0.001081,172.31.47.0-255,66,102239,87,311412
44384,0.001087,74.125.200.0-255,5738,107977,87,311412
44385,0.001089,172.31.47.0-255,66,108043,87,311412
44386,0.001097,74.125.200.0-255,1484,109527,87,311412
44387,0.001135,172.31.47.0-255,66,109593,87,311412
44388,0.00114,74.125.200.0-255,4320,113913,87,311412
44389,0.001143,172.31.47.0-255,66,113979,87,311412
44390,0.001172,74.125.200.0-255,1484,115463,87,311412
44391,0.001201,172.31.47.0-255,66,115529,87,311412
44392,0.001222,172.31.47.0-255,66,115595,87,311412
44393,0.001246,74.125.200.0-255,2902,118497,87,311412
44394,0.001249,172.31.47.0-255,66,118563,87,311412
44395,0.001252,74.125.200.0-255,766,119329,87,311412
44396,0.001276,74.125.200.0-255,1484,120813,87,311412
44397,0.00128,172.31.47.0-255,66,120879,87,311412
44398,0.001286,74.125.200.0-255,2902,123781,87,311412
44399,0.001288,172.31.47.0-255,66,123847,87,311412
44400,0.001316,74.125.200.0-255,5738,129585,87,311412
44401,0.00132,172.31.47.0-255,66,129651,87,311412
44402,0.001323,74.125.200.0-255,1484,131135,87,311412
44403,0.001366,74.125.200.0-255,2902,134037,87,311412
44404,0.001368,172.31.47.0-255,66,134103,87,311412
44405,0.001404,74.125.200.0-255,5738,139841,87,311412
44406,0.001407,172.31.47.0-255,66,139907,87,311412
44407,0.001424,172.31.47.0-255,66,139973,87,311412
44408,0.001444,74.125.200.0-255,1484,141457,87,311412
44409,0.001456,74.125.200.0-255,1484,142941,87,311412
44410,0.001471,74.125.200.0-255,1484,144425,87,311412
44411,0.001476,74.125.200.0-255,4320,148745,87,311412
44412,0.001487,74.125.200.0-255,1484,150229,87,311412
44413,0.001504,74.125.200.0-255,7156,157385,87,311412
44414,0.001523,74.125.200.0-255,5738,163123,87,311412
44415,0.001547,74.125.200.0-255,7156,170279,87,311412
44416,0.001573,74.125.200.0-255,1484,171763,87,311412
44417,0.001641,74.125.200.0-255,2902,174665,87,311412
44418,0.001649,74.125.200.0-255,7156,181821,87,311412
44419,0.001662,74.125.200.0-255,1484,183305,87,311412
44420,0.001679,74.125.200.0-255,6438,189743,87,311412
44421,0.001682,74.125.200.0-255,1484,191227,87,311412
44422,0.001696,74.125.200.0-255,1484,192711,87,311412
44423,0.001701,74.125.200.0-255,4320,197031,87,311412
44424,0.001704,74.125.200.0-255,1484,198515,87,311412
44425,0.001723,74.125.200.0-255,7156,205671,87,311412
44426,0.00173,74.125.200.0-255,5738,211409,87,311412
44427,0.001754,74.125.200.0-255,7156,218565,87,311412
44428,0.001779,74.125.200.0-255,2902,221467,87,311412
44429,0.001794,74.125.200.0-255,2184,223651,87,311412
44430,0.001798,74.125.200.0-255,4320,227971,87,311412
44431,0.001812,74.125.200.0-255,1484,229455,87,311412
44432,0.001859,74.125.200.0-255,1484,230939,87,311412
44433,0.001872,74.125.200.0-255,4320,235259,87,311412
44434,0.001883,74.125.200.0-255,2902,238161,87,311412
44435,0.001903,74.125.200.0-255,4320,242481,87,311412
44436,0.001931,74.125.200.0-255,1484,243965,87,311412
44437,0.001971,74.125.200.0-255,1484,245449,87,311412
44438,0.00199,74.125.200.0-255,5738,251187,87,311412
44439,0.002001,74.125.200.0-255,1484,252671,87,311412
44440,0.002012,74.125.200.0-255,4320,256991,87,311412
44441,0.002027,74.125.200.0-255,5738,262729,87,311412
44442,0.002031,74.125.200.0-255,4320,267049,87,311412
44443,0.002049,74.125.200.0-255,5738,272787,87,311412
44444,0.002097,74.125.200.0-255,3602,276389,87,311412
44445,0.002101,74.125.200.0-255,4320,280709,87,311412
44446,0.002125,74.125.200.0-255,2902,283611,87,311412
44447,0.002129,74.125.200.0-255,4320,287931,87,311412
44448,0.00214,74.125.200.0-255,4320,292251,87,311412
44449,0.002143,74.125.200.0-255,4320,296571,87,311412
44450,0.002154,74.125.200.0-255,1484,298055,87,311412
44451,0.002183,74.125.200.0-255,1484,299539,87,311412
44452,0.002198,74.125.200.0-255,5020,304559,87,311412
44453,0.002225,74.125.200.0-255,2222,306781,87,311412
44454,0.002246,74.125.200.0-255,105,306886,87,311412
44455,0.004292,172.31.47.0-255,66,306952,87,311412
44456,0.006462,172.31.47.0-255,105,307057,87,311412
44457,0.008701,74.125.200.0-255,66,307123,87,311412
44458,0.025015,172.31.47.0-255,171,307294,87,311412
44459,0.025045,172.31.47.0-255,1135,308429,87,311412
44460,0.025077,172.31.47.0-255,1514,309943,87,311412
44461,0.025079,172.31.47.0-255,1271,311214,87,311412
44462,0.026493,104.244.42.0-255,66,311280,87,311412
44463,0.026527,104.244.42.0-255,66,311346,87,311412
44464,0.026572,104.244.42.0-255,66,311412,87,311412
44465,0.0,74.125.68.0-255,153,153,87,284820
44466,2.2e-05,172.31.47.0-255,66,219,87,284820
44467,2.7e-05,74.125.68.0-255,1484,1703,87,284820
44468,3.1e-05,172.31.47.0-255,66,1769,87,284820
44469,4.9e-05,74.125.68.0-255,2902,4671,87,284820
44470,5.2e-05,172.31.47.0-255,66,4737,87,284820
44471,8.4e-05,74.125.68.0-255,5738,10475,87,284820
44472,8.7e-05,172.31.47.0-255,66,10541,87,284820
44473,9.1e-05,74.125.68.0-255,2902,13443,87,284820
44474,9.3e-05,172.31.47.0-255,66,13509,87,284820
44475,0.000116,74.125.68.0-255,3628,17137,87,284820
44476,0.00012,172.31.47.0-255,66,17203,87,284820
44477,0.000126,74.125.68.0-255,7156,24359,87,284820
44478,0.000128,172.31.47.0-255,66,24425,87,284820
44479,0.000168,74.125.68.0-255,4320,28745,87,284820
44480,0.000172,172.31.47.0-255,66,28811,87,284820
44481,0.000193,74.125.68.0-255,2543,31354,87,284820
44482,0.000195,172.31.47.0-255,66,31420,87,284820
44483,0.000223,74.125.68.0-255,1484,32904,87,284820
44484,0.000225,172.31.47.0-255,66,32970,87,284820
44485,0.00025,74.125.68.0-255,2902,35872,87,284820
44486,0.000253,172.31.47.0-255,66,35938,87,284820
44487,0.000255,74.125.68.0-255,1484,37422,87,284820
44488,0.000258,172.31.47.0-255,66,37488,87,284820
44489,0.000282,74.125.68.0-255,4320,41808,87,284820
44490,0.000286,172.31.47.0-255,66,41874,87,284820
44491,0.000292,74.125.68.0-255,7156,49030,87,284820
44492,0.000294,172.31.47.0-255,66,49096,87,284820
44493,0.000341,172.31.47.0-255,66,49162,87,284820
44494,0.000363,74.125.68.0-255,1484,50646,87,284820
44495,0.000366,172.31.47.0-255,66,50712,87,284820
44496,0.000389,74.125.68.0-255,2795,53507,87,284820
44497,0.000392,172.31.47.0-255,66,53573,87,284820
44498,0.000632,74.125.68.0-255,1484,55057,87,284820
44499,0.000637,74.125.68.0-255,1484,56541,87,284820
44500,0.000639,172.31.47.0-255,66,56607,87,284820
44501,0.000665,74.125.68.0-255,1484,58091,87,284820
44502,0.000671,74.125.68.0-255,5738,63829,87,284820
44503,0.000674,172.31.47.0-255,66,63895,87,284820
44504,0.000702,74.125.68.0-255,5738,69633,87,284820
44505,0.000705,172.31.47.0-255,66,69699,87,284820
44506,0.000712,74.125.68.0-255,7156,76855,87,284820
44507,0.000714,172.31.47.0-255,66,76921,87,284820
44508,0.000742,74.125.68.0-255,5738,82659,87,284820
44509,0.000745,172.31.47.0-255,66,82725,87,284820
44510,0.00075,74.125.68.0-255,5020,87745,87,284820
44511,0.000752,172.31.47.0-255,66,87811,87,284820
44512,0.000775,74.125.68.0-255,5738,93549,87,284820
44513,0.000778,172.31.47.0-255,66,93615,87,284820
44514,0.000782,74.125.68.0-255,2902,96517,87,284820
44515,0.000783,172.31.47.0-255,66,96583,87,284820
44516,0.000789,74.125.68.0-255,4320,100903,87,284820
44517,0.000793,172.31.47.0-255,66,100969,87,284820
44518,0.00083,172.31.47.0-255,66,101035,87,284820
44519,0.000835,74.125.68.0-255,5738,106773,87,284820
44520,0.000839,172.31.47.0-255,66,106839,87,284820
44521,0.000865,74.125.68.0-255,6438,113277,87,284820
44522,0.000868,172.31.47.0-255,66,113343,87,284820
44523,0.000901,74.125.68.0-255,7156,120499,87,284820
44524,0.000906,74.125.68.0-255,5738,126237,87,284820
44525,0.000908,172.31.47.0-255,66,126303,87,284820
44526,0.000912,172.31.47.0-255,66,126369,87,284820
44527,0.000932,74.125.68.0-255,2902,129271,87,284820
44528,0.000936,172.31.47.0-255,66,129337,87,284820
44529,0.000943,74.125.68.0-255,7156,136493,87,284820
44530,0.000945,172.31.47.0-255,66,136559,87,284820
44531,0.000978,74.125.68.0-255,4320,140879,87,284820
44532,0.000982,172.31.47.0-255,66,140945,87,284820
44533,0.000986,74.125.68.0-255,2902,143847,87,284820
44534,0.000989,172.31.47.0-255,66,143913,87,284820
44535,0.001011,74.125.68.0-255,3602,147515,87,284820
44536,0.00102,172.31.47.0-255,66,147581,87,284820
44537,0.001077,74.125.68.0-255,1484,149065,87,284820
44538,0.001081,74.125.68.0-255,1484,150549,87,284820
44539,0.001084,172.31.47.0-255,66,150615,87,284820
44540,0.001109,74.125.68.0-255,1484,152099,87,284820
44541,0.001116,74.125.68.0-255,5738,157837,87,284820
44542,0.001119,172.31.47.0-255,66,157903,87,284820
44543,0.001165,172.31.47.0-255,66,157969,87,284820
44544,0.001171,74.125.68.0-255,5738,163707,87,284820
44545,0.001173,172.31.47.0-255,66,163773,87,284820
44546,0.001202,74.125.68.0-255,5738,169511,87,284820
44547,0.001206,172.31.47.0-255,66,169577,87,284820
44548,0.001209,74.125.68.0-255,2184,171761,87,284820
44549,0.001212,172.31.47.0-255,66,171827,87,284820
44550,0.001356,74.125.68.0-255,1484,173311,87,284820
44551,0.001371,74.125.68.0-255,2902,176213,87,284820
44552,0.001374,172.31.47.0-255,66,176279,87,284820
44553,0.001394,74.125.68.0-255,5738,182017,87,284820
44554,0.001397,172.31.47.0-255,66,182083,87,284820
44555,0.0014,74.125.68.0-255,1484,183567,87,284820
44556,0.001419,74.125.68.0-255,5738,189305,87,284820
44557,0.001422,172.31.47.0-255,66,189371,87,284820
44558,0.001463,172.31.47.0-255,66,189437,87,284820
44559,0.001527,74.125.68.0-255,2902,192339,87,284820
44560,0.001531,172.31.47.0-255,66,192405,87,284820
44561,0.001559,74.125.68.0-255,2184,194589,87,284820
44562,0.001562,172.31.47.0-255,66,194655,87,284820
44563,0.001565,74.125.68.0-255,1484,196139,87,284820
44564,0.001568,74.125.68.0-255,2902,199041,87,284820
44565,0.00157,172.31.47.0-255,66,199107,87,284820
44566,0.001573,74.125.68.0-255,1484,200591,87,284820
44567,0.001595,74.125.68.0-255,4320,204911,87,284820
44568,0.001598,172.31.47.0-255,66,204977,87,284820
44569,0.001602,74.125.68.0-255,2902,207879,87,284820
44570,0.001604,172.31.47.0-255,66,207945,87,284820
44571,0.001607,74.125.68.0-255,1484,209429,87,284820
44572,0.00165,172.31.47.0-255,66,209495,87,284820
44573,0.001656,172.31.47.0-255,66,209561,87,284820
44574,0.001711,172.31.47.0-255,66,209627,87,284820
44575,0.001715,74.125.68.0-255,2902,212529,87,284820
44576,0.001717,172.31.47.0-255,66,212595,87,284820
44577,0.001757,172.31.47.0-255,66,212661,87,284820
44578,0.001785,74.125.68.0-255,1484,214145,87,284820
44579,0.001792,74.125.68.0-255,5738,219883,87,284820
44580,0.001794,172.31.47.0-255,66,219949,87,284820
44581,0.0018,74.125.68.0-255,4320,224269,87,284820
44582,0.001802,172.31.47.0-255,66,224335,87,284820
44583,0.001843,172.31.47.0-255,66,224401,87,284820
44584,0.001858,172.31.47.0-255,66,224467,87,284820
44585,0.001864,74.125.68.0-255,5738,230205,87,284820
44586,0.001866,172.31.47.0-255,66,230271,87,284820
44587,0.00192,172.31.47.0-255,66,230337,87,284820
44588,0.001926,74.125.68.0-255,4320,234657,87,284820
44589,0.001928,172.31.47.0-255,66,234723,87,284820
44590,0.001956,74.125.68.0-255,7156,241879,87,284820
44591,0.001959,172.31.47.0-255,66,241945,87,284820
44592,0.001966,74.125.68.0-255,7156,249101,87,284820
44593,0.001968,172.31.47.0-255,66,249167,87,284820
44594,0.001974,74.125.68.0-255,5738,254905,87,284820
44595,0.001978,172.31.47.0-255,66,254971,87,284820
44596,0.002011,74.125.68.0-255,2184,257155,87,284820
44597,0.002015,172.31.47.0-255,66,257221,87,284820
44598,0.002023,74.125.68.0-255,7156,264377,87,284820
44599,0.002026,172.31.47.0-255,66,264443,87,284820
44600,0.002036,172.31.47.0-255,66,264509,87,284820
44601,0.002071,74.125.68.0-255,7156,271665,87,284820
44602,0.002076,172.31.47.0-255,66,271731,87,284820
44603,0.002086,172.31.47.0-255,66,271797,87,284820
44604,0.002089,74.125.68.0-255,1484,273281,87,284820
44605,0.002117,74.125.68.0-255,2184,275465,87,284820
44606,0.002121,172.31.47.0-255,66,275531,87,284820
44607,0.002126,74.125.68.0-255,4320,279851,87,284820
44608,0.002128,172.31.47.0-255,66,279917,87,284820
44609,0.002155,74.125.68.0-255,1236,281153,87,284820
44610,0.002177,74.125.68.0-255,105,281258,87,284820
44611,0.00739,172.31.47.0-255,66,281324,87,284820
44612,0.007413,172.31.47.0-255,105,281429,87,284820
44613,0.009654,74.125.68.0-255,66,281495,87,284820
44614,0.023212,172.31.47.0-255,172,281667,87,284820
44615,0.02324,172.31.47.0-255,1111,282778,87,284820
44616,0.023275,172.31.47.0-255,1514,284292,87,284820
44617,0.023293,172.31.47.0-255,330,284622,87,284820
44618,0.024748,104.244.42.0-255,66,284688,87,284820
44619,0.024792,104.244.42.0-255,66,284754,87,284820
44620,0.024794,104.244.42.0-255,66,284820,87,284820
44621,0.0,74.125.24.0-255,153,153,87,369582
44622,2.2e-05,172.31.47.0-255,66,219,87,369582
44623,2.7e-05,74.125.24.0-255,1484,1703,87,369582
44624,3.1e-05,172.31.47.0-255,66,1769,87,369582
44625,3.4e-05,74.125.24.0-255,1484,3253,87,369582
44626,3.7e-05,172.31.47.0-255,66,3319,87,369582
44627,5.6e-05,74.125.24.0-255,1484,4803,87,369582
44628,5.9e-05,172.31.47.0-255,66,4869,87,369582
44629,6.5e-05,74.125.24.0-255,4320,9189,87,369582
44630,6.7e-05,172.31.47.0-255,66,9255,87,369582
44631,7.1e-05,74.125.24.0-255,2902,12157,87,369582
44632,7.3e-05,172.31.47.0-255,66,12223,87,369582
44633,9.7e-05,74.125.24.0-255,2096,14319,87,369582
44634,0.0001,172.31.47.0-255,66,14385,87,369582
44635,0.000129,74.125.24.0-255,1484,15869,87,369582
44636,0.000132,172.31.47.0-255,66,15935,87,369582
44637,0.000137,74.125.24.0-255,2902,18837,87,369582
44638,0.000139,172.31.47.0-255,66,18903,87,369582
44639,0.000143,74.125.24.0-255,2902,21805,87,369582
44640,0.000146,172.31.47.0-255,66,21871,87,369582
44641,0.000164,74.125.24.0-255,2902,24773,87,369582
44642,0.000167,172.31.47.0-255,66,24839,87,369582
44643,0.000173,74.125.24.0-255,5738,30577,87,369582
44644,0.000175,172.31.47.0-255,66,30643,87,369582
44645,0.000198,74.125.24.0-255,1125,31768,87,369582
44646,0.0002,172.31.47.0-255,66,31834,87,369582
44647,0.001196,74.125.24.0-255,1484,33318,87,369582
44648,0.001203,172.31.47.0-255,66,33384,87,369582
44649,0.001212,74.125.24.0-255,2902,36286,87,369582
44650,0.001214,172.31.47.0-255,66,36352,87,369582
44651,0.001219,74.125.24.0-255,2902,39254,87,369582
44652,0.00122,172.31.47.0-255,66,39320,87,369582
44653,0.001234,74.125.24.0-255,2902,42222,87,369582
44654,0.001236,172.31.47.0-255,66,42288,87,369582
44655,0.00124,74.125.24.0-255,2902,45190,87,369582
44656,0.001242,172.31.47.0-255,66,45256,87,369582
44657,0.001284,74.125.24.0-255,3961,49217,87,369582
44658,0.001287,172.31.47.0-255,66,49283,87,369582
44659,0.001851,74.125.24.0-255,1484,50767,87,369582
44660,0.001872,74.125.24.0-255,2902,53669,87,369582
44661,0.001874,172.31.47.0-255,66,53735,87,369582
44662,0.001889,74.125.24.0-255,2902,56637,87,369582
44663,0.001891,172.31.47.0-255,66,56703,87,369582
44664,0.001904,74.125.24.0-255,2902,59605,87,369582
44665,0.001906,172.31.47.0-255,66,59671,87,369582
44666,0.001938,74.125.24.0-255,1484,61155,87,369582
44667,0.001963,74.125.24.0-255,5958,67113,87,369582
44668,0.001966,172.31.47.0-255,66,67179,87,369582
44669,0.002391,74.125.24.0-255,1484,68663,87,369582
44670,0.002395,74.125.24.0-255,2902,71565,87,369582
44671,0.002397,172.31.47.0-255,66,71631,87,369582
44672,0.002416,74.125.24.0-255,5738,77369,87,369582
44673,0.002419,172.31.47.0-255,66,77435,87,369582
44674,0.002439,74.125.24.0-255,7156,84591,87,369582
44675,0.002441,172.31.47.0-255,66,84657,87,369582
44676,0.002457,74.125.24.0-255,4320,88977,87,369582
44677,0.00246,172.31.47.0-255,66,89043,87,369582
44678,0.002463,74.125.24.0-255,1484,90527,87,369582
44679,0.002486,172.31.47.0-255,66,90593,87,369582
44680,0.002489,74.125.24.0-255,766,91359,87,369582
44681,0.002757,74.125.24.0-255,1484,92843,87,369582
44682,0.002759,172.31.47.0-255,66,92909,87,369582
44683,0.002775,74.125.24.0-255,2902,95811,87,369582
44684,0.002778,172.31.47.0-255,66,95877,87,369582
44685,0.00279,74.125.24.0-255,2902,98779,87,369582
44686,0.002793,172.31.47.0-255,66,98845,87,369582
44687,0.002806,74.125.24.0-255,2902,101747,87,369582
44688,0.002808,172.31.47.0-255,66,101813,87,369582
44689,0.00281,74.125.24.0-255,1484,103297,87,369582
44690,0.002831,74.125.24.0-255,2902,106199,87,369582
44691,0.002833,172.31.47.0-255,66,106265,87,369582
44692,0.002848,74.125.24.0-255,4320,110585,87,369582
44693,0.002851,172.31.47.0-255,66,110651,87,369582
44694,0.002875,74.125.24.0-255,7156,117807,87,369582
44695,0.002877,172.31.47.0-255,66,117873,87,369582
44696,0.002882,74.125.24.0-255,4320,122193,87,369582
44697,0.002883,172.31.47.0-255,66,122259,87,369582
44698,0.002912,74.125.24.0-255,3602,125861,87,369582
44699,0.002914,172.31.47.0-255,66,125927,87,369582
44700,0.002954,74.125.24.0-255,2902,128829,87,369582
44701,0.002957,172.31.47.0-255,66,128895,87,369582
44702,0.002986,74.125.24.0-255,4320,133215,87,369582
44703,0.002988,172.31.47.0-255,66,133281,87,369582
44704,0.003024,74.125.24.0-255,4320,137601,87,369582
44705,0.003026,172.31.47.0-255,66,137667,87,369582
44706,0.003032,74.125.24.0-255,5738,143405,87,369582
44707,0.003034,172.31.47.0-255,66,143471,87,369582
44708,0.003074,172.31.47.0-255,66,143537,87,369582
44709,0.00309,74.125.24.0-255,2902,146439,87,369582
44710,0.003092,172.31.47.0-255,66,146505,87,369582
44711,0.003114,74.125.24.0-255,2902,149407,87,369582
44712,0.003116,172.31.47.0-255,66,149473,87,369582
44713,0.003131,74.125.24.0-255,1636,151109,87,369582
44714,0.003133,172.31.47.0-255,66,151175,87,369582
44715,0.00317,74.125.24.0-255,5738,156913,87,369582
44716,0.003172,172.31.47.0-255,66,156979,87,369582
44717,0.003203,74.125.24.0-255,7156,164135,87,369582
44718,0.003206,172.31.47.0-255,66,164201,87,369582
44719,0.003231,74.125.24.0-255,3961,168162,87,369582
44720,0.003233,172.31.47.0-255,66,168228,87,369582
44721,0.003297,74.125.24.0-255,1484,169712,87,369582
44722,0.003321,74.125.24.0-255,2902,172614,87,369582
44723,0.003323,172.31.47.0-255,66,172680,87,369582
44724,0.00335,74.125.24.0-255,2902,175582,87,369582
44725,0.003352,172.31.47.0-255,66,175648,87,369582
44726,0.003365,74.125.24.0-255,2902,178550,87,369582
44727,0.003367,172.31.47.0-255,66,178616,87,369582
44728,0.003374,74.125.24.0-255,6797,185413,87,369582
44729,0.003376,172.31.47.0-255,66,185479,87,369582
44730,0.003439,74.125.24.0-255,7156,192635,87,369582
44731,0.003442,172.31.47.0-255,66,192701,87,369582
44732,0.003452,172.31.47.0-255,66,192767,87,369582
44733,0.003758,74.125.24.0-255,1484,194251,87,369582
44734,0.00377,74.125.24.0-255,2902,197153,87,369582
44735,0.003773,172.31.47.0-255,66,197219,87,369582
44736,0.003777,74.125.24.0-255,2902,200121,87,369582
44737,0.003779,172.31.47.0-255,66,200187,87,369582
44738,0.003793,74.125.24.0-255,2902,203089,87,369582
44739,0.003796,172.31.47.0-255,66,203155,87,369582
44740,0.003826,74.125.24.0-255,5738,208893,87,369582
44741,0.003828,172.31.47.0-255,66,208959,87,369582
44742,0.003845,74.125.24.0-255,1125,210084,87,369582
44743,0.004036,74.125.24.0-255,1484,211568,87,369582
44744,0.004038,172.31.47.0-255,66,211634,87,369582
44745,0.004043,74.125.24.0-255,2902,214536,87,369582
44746,0.004045,172.31.47.0-255,66,214602,87,369582
44747,0.004061,74.125.24.0-255,5738,220340,87,369582
44748,0.004064,172.31.47.0-255,66,220406,87,369582
44749,0.004098,74.125.24.0-255,4320,224726,87,369582
44750,0.004101,172.31.47.0-255,66,224792,87,369582
44751,0.004122,74.125.24.0-255,7156,231948,87,369582
44752,0.004124,172.31.47.0-255,66,232014,87,369582
44753,0.004153,74.125.24.0-255,1484,233498,87,369582
44754,0.004181,172.31.47.0-255,66,233564,87,369582
44755,0.004196,74.125.24.0-255,2184,235748,87,369582
44756,0.004198,172.31.47.0-255,66,235814,87,369582
44757,0.004224,74.125.24.0-255,7156,242970,87,369582
44758,0.004227,172.31.47.0-255,66,243036,87,369582
44759,0.00424,74.125.24.0-255,4320,247356,87,369582
44760,0.004244,172.31.47.0-255,66,247422,87,369582
44761,0.004267,74.125.24.0-255,1484,248906,87,369582
44762,0.004272,74.125.24.0-255,3961,252867,87,369582
44763,0.004275,172.31.47.0-255,66,252933,87,369582
44764,0.004419,74.125.24.0-255,1484,254417,87,369582
44765,0.004432,74.125.24.0-255,2902,257319,87,369582
44766,0.004435,172.31.47.0-255,66,257385,87,369582
44767,0.004451,74.125.24.0-255,5738,263123,87,369582
44768,0.004455,172.31.47.0-255,66,263189,87,369582
44769,0.004457,74.125.24.0-255,1484,264673,87,369582
44770,0.004507,74.125.24.0-255,2902,267575,87,369582
44771,0.00451,172.31.47.0-255,66,267641,87,369582
44772,0.004524,74.125.24.0-255,2543,270184,87,369582
44773,0.004527,172.31.47.0-255,66,270250,87,369582
44774,0.004542,74.125.24.0-255,1484,271734,87,369582
44775,0.004558,74.125.24.0-255,4320,276054,87,369582
44776,0.004561,172.31.47.0-255,66,276120,87,369582
44777,0.004571,172.31.47.0-255,66,276186,87,369582
44778,0.004608,74.125.24.0-255,2543,278729,87,369582
44779,0.004612,172.31.47.0-255,66,278795,87,369582
44780,0.00501,74.125.24.0-255,1484,280279,87,369582
44781,0.005014,74.125.24.0-255,1484,281763,87,369582
44782,0.005017,172.31.47.0-255,66,281829,87,369582
44783,0.005033,74.125.24.0-255,1484,283313,87,369582
44784,0.005039,74.125.24.0-255,5738,289051,87,369582
44785,0.005042,172.31.47.0-255,66,289117,87,369582
44786,0.005066,74.125.24.0-255,2902,292019,87,369582
44787,0.005069,172.31.47.0-255,66,292085,87,369582
44788,0.005089,74.125.24.0-255,3961,296046,87,369582
44789,0.005091,172.31.47.0-255,66,296112,87,369582
44790,0.005186,74.125.24.0-255,1484,297596,87,369582
44791,0.005203,74.125.24.0-255,2902,300498,87,369582
44792,0.005212,74.125.24.0-255,1484,301982,87,369582
44793,0.005228,74.125.24.0-255,4320,306302,87,369582
44794,0.005247,74.125.24.0-255,6797,313099,87,369582
44795,0.005514,74.125.24.0-255,1484,314583,87,369582
44796,0.005529,74.125.24.0-255,1484,316067,87,369582
44797,0.005543,74.125.24.0-255,1484,317551,87,369582
44798,0.00555,74.125.24.0-255,5738,323289,87,369582
44799,0.005564,74.125.24.0-255,2902,326191,87,369582
44800,0.005589,74.125.24.0-255,1484,327675,87,369582
44801,0.005607,74.125.24.0-255,2902,330577,87,369582
44802,0.005637,74.125.24.0-255,2902,333479,87,369582
44803,0.005639,74.125.24.0-255,1484,334963,87,369582
44804,0.005673,172.31.47.0-255,66,335029,87,369582
44805,0.005694,74.125.24.0-255,3602,338631,87,369582
44806,0.005705,74.125.24.0-255,1484,340115,87,369582
44807,0.005717,74.125.24.0-255,2902,343017,87,369582
44808,0.005719,172.31.47.0-255,66,343083,87,369582
44809,0.005721,74.125.24.0-255,2902,345985,87,369582
44810,0.005725,172.31.47.0-255,66,346051,87,369582
44811,0.005748,74.125.24.0-255,2902,348953,87,369582
44812,0.005764,74.125.24.0-255,2902,351855,87,369582
44813,0.00577,172.31.47.0-255,66,351921,87,369582
44814,0.005786,74.125.24.0-255,2902,354823,87,369582
44815,0.00579,74.125.24.0-255,1125,355948,87,369582
44816,0.005797,172.31.47.0-255,66,356014,87,369582
44817,0.005828,74.125.24.0-255,1484,357498,87,369582
44818,0.005831,74.125.24.0-255,1484,358982,87,369582
44819,0.005836,172.31.47.0-255,66,359048,87,369582
44820,0.005847,74.125.24.0-255,1484,360532,87,369582
44821,0.005875,74.125.24.0-255,4257,364789,87,369582
44822,0.00588,172.31.47.0-255,66,364855,87,369582
44823,0.005901,74.125.24.0-255,97,364952,87,369582
44824,0.005925,74.125.24.0-255,105,365057,87,369582
44825,0.00873,172.31.47.0-255,66,365123,87,369582
44826,0.008756,172.31.47.0-255,105,365228,87,369582
44827,0.011092,74.125.24.0-255,66,365294,87,369582
44828,0.027418,172.31.47.0-255,172,365466,87,369582
44829,0.027451,172.31.47.0-255,1107,366573,87,369582
44830,0.027487,172.31.47.0-255,1514,368087,87,369582
44831,0.027489,172.31.47.0-255,1297,369384,87,369582
44832,0.029014,104.244.42.0-255,66,369450,87,369582
44833,0.029024,104.244.42.0-255,66,369516,87,369582
44834,0.029104,104.244.42.0-255,66,369582,87,369582
44835,0.0,172.217.194.0-255,153,153,87,377649
44836,2.3e-05,172.31.47.0-255,66,219,87,377649
44837,3e-05,172.217.194.0-255,1484,1703,87,377649
44838,3.3e-05,172.31.47.0-255,66,1769,87,377649
44839,3.8e-05,172.217.194.0-255,2902,4671,87,377649
44840,4e-05,172.31.47.0-255,66,4737,87,377649
44841,4.3e-05,172.217.194.0-255,2902,7639,87,377649
44842,4.6e-05,172.31.47.0-255,66,7705,87,377649
44843,6.9e-05,172.217.194.0-255,2902,10607,87,377649
44844,7.1e-05,172.31.47.0-255,66,10673,87,377649
44845,8.8e-05,172.217.194.0-255,1484,12157,87,377649
44846,9e-05,172.31.47.0-255,66,12223,87,377649
44847,0.000106,172.217.194.0-255,2206,14429,87,377649
44848,0.000109,172.31.47.0-255,66,14495,87,377649
44849,0.000112,172.217.194.0-255,1484,15979,87,377649
44850,0.000113,172.31.47.0-255,66,16045,87,377649
44851,0.000131,172.217.194.0-255,2902,18947,87,377649
44852,0.000134,172.31.47.0-255,66,19013,87,377649
44853,0.000144,172.31.47.0-255,66,19079,87,377649
44854,0.000166,172.217.194.0-255,1484,20563,87,377649
44855,0.000168,172.31.47.0-255,66,20629,87,377649
44856,0.000172,172.217.194.0-255,2543,23172,87,377649
44857,0.000174,172.31.47.0-255,66,23238,87,377649
44858,0.000204,172.217.194.0-255,5738,28976,87,377649
44859,0.000207,172.31.47.0-255,66,29042,87,377649
44860,0.000227,172.217.194.0-255,7156,36198,87,377649
44861,0.000229,172.31.47.0-255,66,36264,87,377649
44862,0.000246,172.217.194.0-255,3961,40225,87,377649
44863,0.000249,172.31.47.0-255,66,40291,87,377649
44864,0.000889,172.217.194.0-255,1484,41775,87,377649
44865,0.000895,172.31.47.0-255,66,41841,87,377649
44866,0.000903,172.217.194.0-255,2902,44743,87,377649
44867,0.000906,172.31.47.0-255,66,44809,87,377649
44868,0.00091,172.217.194.0-255,2902,47711,87,377649
44869,0.000912,172.31.47.0-255,66,47777,87,377649
44870,0.000939,172.217.194.0-255,2902,50679,87,377649
44871,0.000942,172.31.47.0-255,66,50745,87,377649
44872,0.000962,172.217.194.0-255,6797,57542,87,377649
44873,0.000964,172.31.47.0-255,66,57608,87,377649
44874,0.000968,172.217.194.0-255,1484,59092,87,377649
44875,0.000997,172.217.194.0-255,5738,64830,87,377649
44876,0.001,172.31.47.0-255,66,64896,87,377649
44877,0.001006,172.217.194.0-255,4320,69216,87,377649
44878,0.001008,172.31.47.0-255,66,69282,87,377649
44879,0.001028,172.217.194.0-255,5379,74661,87,377649
44880,0.001031,172.31.47.0-255,66,74727,87,377649
44881,0.001071,172.217.194.0-255,2064,76791,87,377649
44882,0.001075,172.31.47.0-255,66,76857,87,377649
44883,0.00108,172.217.194.0-255,2902,79759,87,377649
44884,0.001082,172.31.47.0-255,66,79825,87,377649
44885,0.001087,172.217.194.0-255,4320,84145,87,377649
44886,0.001089,172.31.47.0-255,66,84211,87,377649
44887,0.00111,172.217.194.0-255,2902,87113,87,377649
44888,0.001112,172.31.47.0-255,66,87179,87,377649
44889,0.001118,172.217.194.0-255,5379,92558,87,377649
44890,0.001121,172.31.47.0-255,66,92624,87,377649
44891,0.001335,172.217.194.0-255,1484,94108,87,377649
44892,0.001347,172.217.194.0-255,2902,97010,87,377649
44893,0.00135,172.31.47.0-255,66,97076,87,377649
44894,0.00136,172.217.194.0-255,1484,98560,87,377649
44895,0.001373,172.217.194.0-255,4320,102880,87,377649
44896,0.001375,172.31.47.0-255,66,102946,87,377649
44897,0.001378,172.217.194.0-255,1484,104430,87,377649
44898,0.001417,172.217.194.0-255,2902,107332,87,377649
44899,0.00142,172.31.47.0-255,66,107398,87,377649
44900,0.001437,172.217.194.0-255,1980,109378,87,377649
44901,0.001439,172.31.47.0-255,66,109444,87,377649
44902,0.002075,172.217.194.0-255,1484,110928,87,377649
44903,0.0021,172.217.194.0-255,2902,113830,87,377649
44904,0.002103,172.31.47.0-255,66,113896,87,377649
44905,0.002109,172.217.194.0-255,5738,119634,87,377649
44906,0.002111,172.31.47.0-255,66,119700,87,377649
44907,0.002129,172.217.194.0-255,1484,121184,87,377649
44908,0.002158,172.31.47.0-255,66,121250,87,377649
44909,0.004243,172.217.194.0-255,5738,126988,87,377649
44910,0.004246,172.31.47.0-255,66,127054,87,377649
44911,0.006339,172.217.194.0-255,5738,132792,87,377649
44912,0.006346,172.31.47.0-255,66,132858,87,377649
44913,0.008443,172.217.194.0-255,5738,138596,87,377649
44914,0.00845,172.31.47.0-255,66,138662,87,377649
44915,0.010628,172.217.194.0-255,5738,144400,87,377649
44916,0.010635,172.31.47.0-255,66,144466,87,377649
44917,0.012698,172.217.194.0-255,5738,150204,87,377649
44918,0.012705,172.31.47.0-255,66,150270,87,377649
44919,0.014788,172.217.194.0-255,5738,156008,87,377649
44920,0.014796,172.31.47.0-255,66,156074,87,377649
44921,0.016888,172.217.194.0-255,5738,161812,87,377649
44922,0.016895,172.31.47.0-255,66,161878,87,377649
44923,0.019027,172.217.194.0-255,5738,167616,87,377649
44924,0.019033,172.31.47.0-255,66,167682,87,377649
44925,0.021103,172.217.194.0-255,5738,173420,87,377649
44926,0.021115,172.31.47.0-255,66,173486,87,377649
44927,0.021631,172.31.47.0-255,172,173658,87,377649
44928,0.02166,172.31.47.0-255,1111,174769,87,377649
44929,0.021687,172.31.47.0-255,1514,176283,87,377649
44930,0.021689,172.31.47.0-255,1292,177575,87,377649
44931,0.023142,104.244.42.0-255,66,177641,87,377649
44932,0.023211,172.217.194.0-255,4320,181961,87,377649
44933,0.023214,172.31.47.0-255,66,182027,87,377649
44934,0.023236,104.244.42.0-255,66,182093,87,377649
44935,0.02324,104.244.42.0-255,66,182159,87,377649
44936,0.023253,172.217.194.0-255,1484,183643,87,377649
44937,0.025275,172.217.194.0-255,4320,187963,87,377649
44938,0.02528,172.31.47.0-255,66,188029,87,377649
44939,0.027381,172.217.194.0-255,4320,192349,87,377649
44940,0.027387,172.31.47.0-255,66,192415,87,377649
44941,0.027416,172.217.194.0-255,1484,193899,87,377649
44942,0.029504,172.217.194.0-255,4320,198219,87,377649
44943,0.029509,172.31.47.0-255,66,198285,87,377649
44944,0.03161,172.217.194.0-255,4320,202605,87,377649
44945,0.031614,172.31.47.0-255,66,202671,87,377649
44946,0.031642,172.217.194.0-255,1484,204155,87,377649
44947,0.033702,172.217.194.0-255,4320,208475,87,377649
44948,0.033706,172.31.47.0-255,66,208541,87,377649
44949,0.035807,172.217.194.0-255,5738,214279,87,377649
44950,0.035812,172.31.47.0-255,66,214345,87,377649
44951,0.03791,172.217.194.0-255,4320,218665,87,377649
44952,0.037915,172.31.47.0-255,66,218731,87,377649
44953,0.037942,172.217.194.0-255,1484,220215,87,377649
44954,0.040016,172.217.194.0-255,2902,223117,87,377649
44955,0.040021,172.31.47.0-255,66,223183,87,377649
44956,0.040044,172.217.194.0-255,1484,224667,87,377649
44957,0.042081,172.217.194.0-255,2902,227569,87,377649
44958,0.042086,172.31.47.0-255,66,227635,87,377649
44959,0.042113,172.217.194.0-255,1484,229119,87,377649
44960,0.044158,172.217.194.0-255,4320,233439,87,377649
44961,0.044164,172.31.47.0-255,66,233505,87,377649
44962,0.046258,172.217.194.0-255,5738,239243,87,377649
44963,0.046264,172.31.47.0-255,66,239309,87,377649
44964,0.048359,172.217.194.0-255,4320,243629,87,377649
44965,0.048364,172.31.47.0-255,66,243695,87,377649
44966,0.048387,172.217.194.0-255,1484,245179,87,377649
44967,0.050436,172.217.194.0-255,4320,249499,87,377649
44968,0.05044,172.31.47.0-255,66,249565,87,377649
44969,0.052526,172.217.194.0-255,5738,255303,87,377649
44970,0.05253,172.31.47.0-255,66,255369,87,377649
44971,0.054601,172.217.194.0-255,5738,261107,87,377649
44972,0.054605,172.31.47.0-255,66,261173,87,377649
44973,0.056698,172.217.194.0-255,5738,266911,87,377649
44974,0.056704,172.31.47.0-255,66,266977,87,377649
44975,0.058818,172.217.194.0-255,5738,272715,87,377649
44976,0.058823,172.31.47.0-255,66,272781,87,377649
44977,0.060935,172.217.194.0-255,5738,278519,87,377649
44978,0.06094,172.31.47.0-255,66,278585,87,377649
44979,0.063028,172.217.194.0-255,5738,284323,87,377649
44980,0.063033,172.31.47.0-255,66,284389,87,377649
44981,0.065129,172.217.194.0-255,5738,290127,87,377649
44982,0.065134,172.31.47.0-255,66,290193,87,377649
44983,0.067248,172.217.194.0-255,5738,295931,87,377649
44984,0.067253,172.31.47.0-255,66,295997,87,377649
44985,0.069357,172.217.194.0-255,5738,301735,87,377649
44986,0.069363,172.31.47.0-255,66,301801,87,377649
44987,0.071459,172.217.194.0-255,4320,306121,87,377649
44988,0.071465,172.31.47.0-255,66,306187,87,377649
44989,0.071492,172.217.194.0-255,1484,307671,87,377649
44990,0.07355,172.217.194.0-255,4320,311991,87,377649
44991,0.073555,172.31.47.0-255,66,312057,87,377649
44992,0.075673,172.217.194.0-255,4320,316377,87,377649
44993,0.075678,172.31.47.0-255,66,316443,87,377649
44994,0.075703,172.217.194.0-255,1484,317927,87,377649
44995,0.077745,172.217.194.0-255,4320,322247,87,377649
44996,0.07775,172.31.47.0-255,66,322313,87,377649
44997,0.079806,172.217.194.0-255,4320,326633,87,377649
44998,0.07981,172.31.47.0-255,66,326699,87,377649
44999,0.079839,172.217.194.0-255,1484,328183,87,377649
45000,0.081875,172.217.194.0-255,4320,332503,87,377649
45001,0.08188,172.31.47.0-255,66,332569,87,377649
45002,0.083952,172.217.194.0-255,5738,338307,87,377649
45003,0.083956,172.31.47.0-255,66,338373,87,377649
45004,0.086004,172.217.194.0-255,5738,344111,87,377649
45005,0.086018,172.31.47.0-255,66,344177,87,377649
45006,0.088082,172.217.194.0-255,5738,349915,87,377649
45007,0.088086,172.31.47.0-255,66,349981,87,377649
45008,0.090169,172.217.194.0-255,5738,355719,87,377649
45009,0.090174,172.31.47.0-255,66,355785,87,377649
45010,0.092264,172.217.194.0-255,5738,361523,87,377649
45011,0.092269,172.31.47.0-255,66,361589,87,377649
45012,0.094381,172.217.194.0-255,5738,367327,87,377649
45013,0.094386,172.31.47.0-255,66,367393,87,377649
45014,0.096503,172.217.194.0-255,4320,371713,87,377649
45015,0.096508,172.31.47.0-255,66,371779,87,377649
45016,0.096534,172.217.194.0-255,1484,373263,87,377649
45017,0.098597,172.217.194.0-255,4320,377583,87,377649
45018,0.098601,172.31.47.0-255,66,377649,87,377649
45019,0.0,74.125.24.0-255,153,153,87,230118
45020,2.6e-05,172.31.47.0-255,66,219,87,230118
45021,3.3e-05,74.125.24.0-255,1484,1703,87,230118
45022,3.9e-05,172.31.47.0-255,66,1769,87,230118
45023,5e-05,74.125.24.0-255,2902,4671,87,230118
45024,5.3e-05,172.31.47.0-255,66,4737,87,230118
45025,6e-05,74.125.24.0-255,7156,11893,87,230118
45026,6.3e-05,172.31.47.0-255,66,11959,87,230118
45027,6.7e-05,74.125.24.0-255,2149,14108,87,230118
45028,6.9e-05,172.31.47.0-255,66,14174,87,230118
45029,0.000125,172.31.47.0-255,66,14240,87,230118
45030,0.000131,74.125.24.0-255,5379,19619,87,230118
45031,0.000135,172.31.47.0-255,66,19685,87,230118
45032,0.000501,74.125.24.0-255,1484,21169,87,230118
45033,0.000507,172.31.47.0-255,66,21235,87,230118
45034,0.000512,74.125.24.0-255,2902,24137,87,230118
45035,0.000514,172.31.47.0-255,66,24203,87,230118
45036,0.000528,74.125.24.0-255,5738,29941,87,230118
45037,0.00053,172.31.47.0-255,66,30007,87,230118
45038,0.000535,74.125.24.0-255,2902,32909,87,230118
45039,0.000537,172.31.47.0-255,66,32975,87,230118
45040,0.000583,172.31.47.0-255,66,33041,87,230118
45041,0.00059,74.125.24.0-255,5738,38779,87,230118
45042,0.000592,172.31.47.0-255,66,38845,87,230118
45043,0.000624,74.125.24.0-255,4233,43078,87,230118
45044,0.000627,74.125.24.0-255,135,43213,87,230118
45045,0.000629,172.31.47.0-255,66,43279,87,230118
45046,0.000633,172.31.47.0-255,66,43345,87,230118
45047,0.000773,74.125.24.0-255,1484,44829,87,230118
45048,0.000777,172.31.47.0-255,66,44895,87,230118
45049,0.000782,74.125.24.0-255,2902,47797,87,230118
45050,0.000784,172.31.47.0-255,66,47863,87,230118
45051,0.00079,74.125.24.0-255,4320,52183,87,230118
45052,0.000797,172.31.47.0-255,66,52249,87,230118
45053,0.000824,74.125.24.0-255,1484,53733,87,230118
45054,0.000839,172.31.47.0-255,66,53799,87,230118
45055,0.000869,74.125.24.0-255,4320,58119,87,230118
45056,0.000873,172.31.47.0-255,66,58185,87,230118
45057,0.000903,74.125.24.0-255,4320,62505,87,230118
45058,0.000907,172.31.47.0-255,66,62571,87,230118
45059,0.00091,74.125.24.0-255,1383,63954,87,230118
45060,0.00107,172.31.47.0-255,66,64020,87,230118
45061,0.001284,74.125.24.0-255,1484,65504,87,230118
45062,0.001294,74.125.24.0-255,2902,68406,87,230118
45063,0.001299,172.31.47.0-255,66,68472,87,230118
45064,0.001306,74.125.24.0-255,5738,74210,87,230118
45065,0.001309,172.31.47.0-255,66,74276,87,230118
45066,0.001358,172.31.47.0-255,66,74342,87,230118
45067,0.001368,172.31.47.0-255,66,74408,87,230118
45068,0.001399,74.125.24.0-255,766,75174,87,230118
45069,0.001458,74.125.24.0-255,1484,76658,87,230118
45070,0.001462,172.31.47.0-255,66,76724,87,230118
45071,0.001467,74.125.24.0-255,2902,79626,87,230118
45072,0.001469,172.31.47.0-255,66,79692,87,230118
45073,0.001499,74.125.24.0-255,5738,85430,87,230118
45074,0.001502,172.31.47.0-255,66,85496,87,230118
45075,0.001513,172.31.47.0-255,66,85562,87,230118
45076,0.001537,74.125.24.0-255,4320,89882,87,230118
45077,0.00154,172.31.47.0-255,66,89948,87,230118
45078,0.001572,74.125.24.0-255,5738,95686,87,230118
45079,0.001576,172.31.47.0-255,66,95752,87,230118
45080,0.001595,74.125.24.0-255,5020,100772,87,230118
45081,0.001598,172.31.47.0-255,66,100838,87,230118
45082,0.001744,74.125.24.0-255,1484,102322,87,230118
45083,0.001759,74.125.24.0-255,2902,105224,87,230118
45084,0.001763,172.31.47.0-255,66,105290,87,230118
45085,0.001793,74.125.24.0-255,5738,111028,87,230118
45086,0.001795,172.31.47.0-255,66,111094,87,230118
45087,0.001811,74.125.24.0-255,4320,115414,87,230118
45088,0.001813,172.31.47.0-255,66,115480,87,230118
45089,0.001841,172.31.47.0-255,66,115546,87,230118
45090,0.001879,74.125.24.0-255,5738,121284,87,230118
45091,0.001882,172.31.47.0-255,66,121350,87,230118
45092,0.0019,74.125.24.0-255,5020,126370,87,230118
45093,0.001902,172.31.47.0-255,66,126436,87,230118
45094,0.001951,74.125.24.0-255,1484,127920,87,230118
45095,0.001964,74.125.24.0-255,2902,130822,87,230118
45096,0.001966,172.31.47.0-255,66,130888,87,230118
45097,0.001969,74.125.24.0-255,1484,132372,87,230118
45098,0.001997,74.125.24.0-255,4320,136692,87,230118
45099,0.001999,172.31.47.0-255,66,136758,87,230118
45100,0.002014,74.125.24.0-255,2902,139660,87,230118
45101,0.002016,172.31.47.0-255,66,139726,87,230118
45102,0.00205,172.31.47.0-255,66,139792,87,230118
45103,0.002055,74.125.24.0-255,5738,145530,87,230118
45104,0.002057,172.31.47.0-255,66,145596,87,230118
45105,0.002086,172.31.47.0-255,66,145662,87,230118
45106,0.002088,74.125.24.0-255,1484,147146,87,230118
45107,0.002107,74.125.24.0-255,4320,151466,87,230118
45108,0.002109,172.31.47.0-255,66,151532,87,230118
45109,0.002112,74.125.24.0-255,2902,154434,87,230118
45110,0.002114,172.31.47.0-255,66,154500,87,230118
45111,0.002138,74.125.24.0-255,7156,161656,87,230118
45112,0.002141,172.31.47.0-255,66,161722,87,230118
45113,0.002171,74.125.24.0-255,4320,166042,87,230118
45114,0.002173,172.31.47.0-255,66,166108,87,230118
45115,0.002178,74.125.24.0-255,5738,171846,87,230118
45116,0.00218,172.31.47.0-255,66,171912,87,230118
45117,0.002182,74.125.24.0-255,766,172678,87,230118
45118,0.002273,74.125.24.0-255,1484,174162,87,230118
45119,0.002276,172.31.47.0-255,66,174228,87,230118
45120,0.002279,74.125.24.0-255,1484,175712,87,230118
45121,0.002304,74.125.24.0-255,1484,177196,87,230118
45122,0.002307,172.31.47.0-255,66,177262,87,230118
45123,0.002312,74.125.24.0-255,5738,183000,87,230118
45124,0.002314,172.31.47.0-255,66,183066,87,230118
45125,0.002329,172.31.47.0-255,66,183132,87,230118
45126,0.00237,172.31.47.0-255,66,183198,87,230118
45127,0.002392,74.125.24.0-255,2184,185382,87,230118
45128,0.002394,172.31.47.0-255,66,185448,87,230118
45129,0.002466,74.125.24.0-255,1484,186932,87,230118
45130,0.002486,74.125.24.0-255,2902,189834,87,230118
45131,0.002489,172.31.47.0-255,66,189900,87,230118
45132,0.002492,74.125.24.0-255,1484,191384,87,230118
45133,0.002515,74.125.24.0-255,4320,195704,87,230118
45134,0.002518,172.31.47.0-255,66,195770,87,230118
45135,0.002521,74.125.24.0-255,2902,198672,87,230118
45136,0.002523,172.31.47.0-255,66,198738,87,230118
45137,0.002568,172.31.47.0-255,66,198804,87,230118
45138,0.002578,172.31.47.0-255,66,198870,87,230118
45139,0.002581,74.125.24.0-255,2184,201054,87,230118
45140,0.002583,172.31.47.0-255,66,201120,87,230118
45141,0.002585,74.125.24.0-255,1484,202604,87,230118
45142,0.002609,74.125.24.0-255,5738,208342,87,230118
45143,0.002612,172.31.47.0-255,66,208408,87,230118
45144,0.002614,74.125.24.0-255,1484,209892,87,230118
45145,0.002649,172.31.47.0-255,66,209958,87,230118
45146,0.002651,74.125.24.0-255,1484,211442,87,230118
45147,0.002653,74.125.24.0-255,1484,212926,87,230118
45148,0.002655,172.31.47.0-255,66,212992,87,230118
45149,0.00266,74.125.24.0-255,7156,220148,87,230118
45150,0.002666,172.31.47.0-255,66,220214,87,230118
45151,0.002668,74.125.24.0-255,1484,221698,87,230118
45152,0.002698,172.31.47.0-255,66,221764,87,230118
45153,0.002726,172.31.47.0-255,66,221830,87,230118
45154,0.002761,172.31.47.0-255,66,221896,87,230118
45155,0.002785,74.125.24.0-255,2184,224080,87,230118
45156,0.002787,172.31.47.0-255,66,224146,87,230118
45157,0.00279,74.125.24.0-255,1160,225306,87,230118
45158,0.002807,74.125.24.0-255,105,225411,87,230118
45159,0.0122,74.125.24.0-255,105,225516,87,230118
45160,0.012218,172.31.47.0-255,78,225594,87,230118
45161,0.012396,172.31.47.0-255,105,225699,87,230118
45162,0.014415,74.125.24.0-255,66,225765,87,230118
45163,0.039052,172.31.47.0-255,171,225936,87,230118
45164,0.039083,172.31.47.0-255,1106,227042,87,230118
45165,0.039124,172.31.47.0-255,1514,228556,87,230118
45166,0.039145,172.31.47.0-255,1298,229854,87,230118
45167,0.040591,104.244.42.0-255,66,229920,87,230118
45168,0.040647,104.244.42.0-255,66,229986,87,230118
45169,0.040702,104.244.42.0-255,66,230052,87,230118
45170,0.040706,104.244.42.0-255,66,230118,87,230118
45171,0.0,172.217.194.0-255,431,431,87,111475
45172,1.9e-05,172.217.194.0-255,1484,1915,87,111475
45173,3.1e-05,172.31.47.0-255,66,1981,87,111475
45174,4e-05,172.217.194.0-255,2902,4883,87,111475
45175,4.3e-05,172.31.47.0-255,66,4949,87,111475
45176,5.8e-05,172.217.194.0-255,5738,10687,87,111475
45177,6.1e-05,172.31.47.0-255,66,10753,87,111475
45178,0.000236,172.217.194.0-255,3394,14147,87,111475
45179,0.000241,172.31.47.0-255,66,14213,87,111475
45180,0.000349,172.217.194.0-255,4320,18533,87,111475
45181,0.000354,172.31.47.0-255,66,18599,87,111475
45182,0.000509,172.217.194.0-255,5738,24337,87,111475
45183,0.000514,172.31.47.0-255,66,24403,87,111475
45184,0.000541,172.217.194.0-255,4320,28723,87,111475
45185,0.000551,172.31.47.0-255,66,28789,87,111475
45186,0.000869,172.217.194.0-255,1484,30273,87,111475
45187,0.002376,172.217.194.0-255,5738,36011,87,111475
45188,0.002383,172.31.47.0-255,66,36077,87,111475
45189,0.002445,172.217.194.0-255,5738,41815,87,111475
45190,0.002448,172.31.47.0-255,66,41881,87,111475
45191,0.002479,172.217.194.0-255,7156,49037,87,111475
45192,0.00292,172.217.194.0-255,7156,56193,87,111475
45193,0.002938,172.217.194.0-255,5738,61931,87,111475
45194,0.002959,172.217.194.0-255,5738,67669,87,111475
45195,0.004716,172.217.194.0-255,2902,70571,87,111475
45196,0.005956,172.31.47.0-255,66,70637,87,111475
45197,0.006418,172.31.47.0-255,66,70703,87,111475
45198,0.008316,172.31.47.0-255,66,70769,87,111475
45199,0.008375,172.31.47.0-255,66,70835,87,111475
45200,0.008431,172.31.47.0-255,66,70901,87,111475
45201,0.008466,172.217.194.0-255,7024,77925,87,111475
45202,0.00847,172.31.47.0-255,66,77991,87,111475
45203,0.008756,172.217.194.0-255,198,78189,87,111475
45204,0.008772,172.217.194.0-255,1484,79673,87,111475
45205,0.008775,172.31.47.0-255,66,79739,87,111475
45206,0.008822,172.31.47.0-255,66,79805,87,111475
45207,0.009112,172.217.194.0-255,4320,84125,87,111475
45208,0.009116,172.31.47.0-255,66,84191,87,111475
45209,0.009173,172.31.47.0-255,66,84257,87,111475
45210,0.009201,172.217.194.0-255,4320,88577,87,111475
45211,0.009203,172.31.47.0-255,66,88643,87,111475
45212,0.009432,172.217.194.0-255,2902,91545,87,111475
45213,0.009435,172.31.47.0-255,66,91611,87,111475
45214,0.009477,172.31.47.0-255,66,91677,87,111475
45215,0.009773,172.217.194.0-255,2872,94549,87,111475
45216,0.009776,172.31.47.0-255,66,94615,87,111475
45217,0.010631,172.31.47.0-255,66,94681,87,111475
45218,0.010656,172.217.194.0-255,2932,97613,87,111475
45219,0.010659,172.31.47.0-255,66,97679,87,111475
45220,0.010784,172.31.47.0-255,66,97745,87,111475
45221,0.010817,172.31.47.0-255,66,97811,87,111475
45222,0.011087,172.31.47.0-255,66,97877,87,111475
45223,0.011138,172.31.47.0-255,66,97943,87,111475
45224,0.011677,172.31.47.0-255,66,98009,87,111475
45225,0.011717,172.31.47.0-255,66,98075,87,111475
45226,0.01225,172.217.194.0-255,5738,103813,87,111475
45227,0.012256,172.31.47.0-255,66,103879,87,111475
45228,0.012304,172.31.47.0-255,66,103945,87,111475
45229,0.012906,172.31.47.0-255,66,104011,87,111475
45230,0.012975,172.31.47.0-255,66,104077,87,111475
45231,0.017999,172.31.47.0-255,66,104143,87,111475
45232,0.018889,172.31.47.0-255,105,104248,87,111475
45233,0.025408,172.217.194.0-255,66,104314,87,111475
45234,0.0278,172.31.47.0-255,171,104485,87,111475
45235,0.027828,172.31.47.0-255,1137,105622,87,111475
45236,0.0279,172.31.47.0-255,1514,107136,87,111475
45237,0.027902,172.31.47.0-255,1514,108650,87,111475
45238,0.027903,172.31.47.0-255,1514,110164,87,111475
45239,0.027926,172.31.47.0-255,1047,111211,87,111475
45240,0.029308,104.244.42.0-255,66,111277,87,111475
45241,0.02936,104.244.42.0-255,66,111343,87,111475
45242,0.029452,104.244.42.0-255,66,111409,87,111475
45243,0.029455,104.244.42.0-255,66,111475,87,111475
45244,0.0,172.253.118.0-255,153,153,87,357061
45245,1.4e-05,172.31.47.0-255,66,219,87,357061
45246,2.1e-05,172.253.118.0-255,1484,1703,87,357061
45247,2.4e-05,172.31.47.0-255,66,1769,87,357061
45248,2.9e-05,172.253.118.0-255,2902,4671,87,357061
45249,3.9e-05,172.31.47.0-255,66,4737,87,357061
45250,4.6e-05,172.253.118.0-255,7156,11893,87,357061
45251,4.8e-05,172.31.47.0-255,66,11959,87,357061
45252,7.7e-05,172.253.118.0-255,2172,14131,87,357061
45253,7.9e-05,172.31.47.0-255,66,14197,87,357061
45254,0.000215,172.253.118.0-255,1484,15681,87,357061
45255,0.000219,172.31.47.0-255,66,15747,87,357061
45256,0.000225,172.253.118.0-255,2902,18649,87,357061
45257,0.000227,172.31.47.0-255,66,18715,87,357061
45258,0.000255,172.253.118.0-255,5738,24453,87,357061
45259,0.000257,172.31.47.0-255,66,24519,87,357061
45260,0.000262,172.253.118.0-255,2902,27421,87,357061
45261,0.000263,172.31.47.0-255,66,27487,87,357061
45262,0.000287,172.253.118.0-255,3961,31448,87,357061
45263,0.00029,172.31.47.0-255,66,31514,87,357061
45264,0.000296,172.253.118.0-255,7156,38670,87,357061
45265,0.000299,172.31.47.0-255,66,38736,87,357061
45266,0.000335,172.253.118.0-255,5738,44474,87,357061
45267,0.000338,172.31.47.0-255,66,44540,87,357061
45268,0.000377,172.31.47.0-255,66,44606,87,357061
45269,0.000383,172.253.118.0-255,7156,51762,87,357061
45270,0.000385,172.31.47.0-255,66,51828,87,357061
45271,0.00039,172.253.118.0-255,3949,55777,87,357061
45272,0.000392,172.31.47.0-255,66,55843,87,357061
45273,0.00042,172.253.118.0-255,331,56174,87,357061
45274,0.000422,172.31.47.0-255,66,56240,87,357061
45275,0.000697,172.253.118.0-255,1484,57724,87,357061
45276,0.000715,172.253.118.0-255,2902,60626,87,357061
45277,0.000718,172.31.47.0-255,66,60692,87,357061
45278,0.000724,172.253.118.0-255,4320,65012,87,357061
45279,0.000725,172.31.47.0-255,66,65078,87,357061
45280,0.00074,172.253.118.0-255,1484,66562,87,357061
45281,0.000756,172.31.47.0-255,66,66628,87,357061
45282,0.000763,172.253.118.0-255,7156,73784,87,357061
45283,0.000765,172.31.47.0-255,66,73850,87,357061
45284,0.000804,172.253.118.0-255,3602,77452,87,357061
45285,0.000807,172.31.47.0-255,66,77518,87,357061
45286,0.000851,172.253.118.0-255,4320,81838,87,357061
45287,0.000854,172.31.47.0-255,66,81904,87,357061
45288,0.000866,172.253.118.0-255,2902,84806,87,357061
45289,0.000872,172.31.47.0-255,66,84872,87,357061
45290,0.000893,172.253.118.0-255,2902,87774,87,357061
45291,0.000896,172.31.47.0-255,66,87840,87,357061
45292,0.000906,172.31.47.0-255,66,87906,87,357061
45293,0.000927,172.253.118.0-255,1484,89390,87,357061
45294,0.000933,172.253.118.0-255,4320,93710,87,357061
45295,0.000935,172.31.47.0-255,66,93776,87,357061
45296,0.000983,172.31.47.0-255,66,93842,87,357061
45297,0.001062,172.253.118.0-255,1484,95326,87,357061
45298,0.001079,172.253.118.0-255,2902,98228,87,357061
45299,0.001082,172.31.47.0-255,66,98294,87,357061
45300,0.001088,172.253.118.0-255,5738,104032,87,357061
45301,0.00109,172.31.47.0-255,66,104098,87,357061
45302,0.001121,172.31.47.0-255,66,104164,87,357061
45303,0.001153,172.31.47.0-255,66,104230,87,357061
45304,0.001157,172.253.118.0-255,2184,106414,87,357061
45305,0.001159,172.31.47.0-255,66,106480,87,357061
45306,0.001595,172.253.118.0-255,1484,107964,87,357061
45307,0.001616,172.253.118.0-255,2902,110866,87,357061
45308,0.00162,172.31.47.0-255,66,110932,87,357061
45309,0.001624,172.253.118.0-255,2902,113834,87,357061
45310,0.001626,172.31.47.0-255,66,113900,87,357061
45311,0.001643,172.253.118.0-255,1484,115384,87,357061
45312,0.001676,172.253.118.0-255,4320,119704,87,357061
45313,0.001679,172.31.47.0-255,66,119770,87,357061
45314,0.001707,172.253.118.0-255,5738,125508,87,357061
45315,0.001709,172.31.47.0-255,66,125574,87,357061
45316,0.001731,172.253.118.0-255,4320,129894,87,357061
45317,0.001733,172.31.47.0-255,66,129960,87,357061
45318,0.001755,172.253.118.0-255,2902,132862,87,357061
45319,0.001757,172.31.47.0-255,66,132928,87,357061
45320,0.001785,172.253.118.0-255,5738,138666,87,357061
45321,0.001787,172.31.47.0-255,66,138732,87,357061
45322,0.001804,172.253.118.0-255,2184,140916,87,357061
45323,0.001806,172.31.47.0-255,66,140982,87,357061
45324,0.002338,172.253.118.0-255,1484,142466,87,357061
45325,0.002361,172.253.118.0-255,2902,145368,87,357061
45326,0.002365,172.31.47.0-255,66,145434,87,357061
45327,0.002394,172.253.118.0-255,5738,151172,87,357061
45328,0.002396,172.31.47.0-255,66,151238,87,357061
45329,0.002399,172.253.118.0-255,1484,152722,87,357061
45330,0.002423,172.253.118.0-255,5738,158460,87,357061
45331,0.002425,172.31.47.0-255,66,158526,87,357061
45332,0.002452,172.253.118.0-255,5738,164264,87,357061
45333,0.002454,172.31.47.0-255,66,164330,87,357061
45334,0.002462,172.253.118.0-255,7156,171486,87,357061
45335,0.002463,172.31.47.0-255,66,171552,87,357061
45336,0.002488,172.253.118.0-255,3602,175154,87,357061
45337,0.002491,172.31.47.0-255,66,175220,87,357061
45338,0.002519,172.253.118.0-255,4320,179540,87,357061
45339,0.002521,172.31.47.0-255,66,179606,87,357061
45340,0.002557,172.253.118.0-255,2902,182508,87,357061
45341,0.002559,172.31.47.0-255,66,182574,87,357061
45342,0.002579,172.253.118.0-255,7156,189730,87,357061
45343,0.002581,172.31.47.0-255,66,189796,87,357061
45344,0.002605,172.253.118.0-255,1484,191280,87,357061
45345,0.002608,172.253.118.0-255,1484,192764,87,357061
45346,0.002611,172.31.47.0-255,66,192830,87,357061
45347,0.005133,172.253.118.0-255,2902,195732,87,357061
45348,0.00514,172.31.47.0-255,66,195798,87,357061
45349,0.005175,172.253.118.0-255,2902,198700,87,357061
45350,0.005177,172.31.47.0-255,66,198766,87,357061
45351,0.007712,172.253.118.0-255,2902,201668,87,357061
45352,0.007717,172.31.47.0-255,66,201734,87,357061
45353,0.007754,172.253.118.0-255,2902,204636,87,357061
45354,0.007756,172.31.47.0-255,66,204702,87,357061
45355,0.01029,172.253.118.0-255,5738,210440,87,357061
45356,0.010296,172.31.47.0-255,66,210506,87,357061
45357,0.01288,172.253.118.0-255,5738,216244,87,357061
45358,0.012887,172.31.47.0-255,66,216310,87,357061
45359,0.015466,172.253.118.0-255,5738,222048,87,357061
45360,0.015474,172.31.47.0-255,66,222114,87,357061
45361,0.018063,172.253.118.0-255,5738,227852,87,357061
45362,0.018073,172.31.47.0-255,66,227918,87,357061
45363,0.020676,172.253.118.0-255,5738,233656,87,357061
45364,0.020682,172.31.47.0-255,66,233722,87,357061
45365,0.023268,172.253.118.0-255,5738,239460,87,357061
45366,0.023275,172.31.47.0-255,66,239526,87,357061
45367,0.025824,172.31.47.0-255,167,239693,87,357061
45368,0.025854,172.253.118.0-255,5738,245431,87,357061
45369,0.025858,172.31.47.0-255,66,245497,87,357061
45370,0.025887,172.31.47.0-255,1111,246608,87,357061
45371,0.025994,172.31.47.0-255,1514,248122,87,357061
45372,0.025996,172.31.47.0-255,331,248453,87,357061
45373,0.027511,104.244.42.0-255,66,248519,87,357061
45374,0.028486,172.253.118.0-255,5738,254257,87,357061
45375,0.028496,172.31.47.0-255,66,254323,87,357061
45376,0.031093,172.253.118.0-255,5738,260061,87,357061
45377,0.031103,172.31.47.0-255,66,260127,87,357061
45378,0.033688,172.253.118.0-255,5738,265865,87,357061
45379,0.033694,172.31.47.0-255,66,265931,87,357061
45380,0.036281,172.253.118.0-255,5738,271669,87,357061
45381,0.036287,172.31.47.0-255,66,271735,87,357061
45382,0.038889,172.253.118.0-255,5738,277473,87,357061
45383,0.038895,172.31.47.0-255,66,277539,87,357061
45384,0.041478,172.253.118.0-255,5738,283277,87,357061
45385,0.041489,172.31.47.0-255,66,283343,87,357061
45386,0.04406,172.253.118.0-255,5738,289081,87,357061
45387,0.044067,172.31.47.0-255,66,289147,87,357061
45388,0.046671,172.253.118.0-255,5738,294885,87,357061
45389,0.046682,172.31.47.0-255,66,294951,87,357061
45390,0.049264,172.253.118.0-255,5738,300689,87,357061
45391,0.049271,172.31.47.0-255,66,300755,87,357061
45392,0.051841,172.253.118.0-255,5738,306493,87,357061
45393,0.051849,172.31.47.0-255,66,306559,87,357061
45394,0.054446,172.253.118.0-255,5738,312297,87,357061
45395,0.054454,172.31.47.0-255,66,312363,87,357061
45396,0.057034,172.253.118.0-255,5738,318101,87,357061
45397,0.057039,172.31.47.0-255,66,318167,87,357061
45398,0.059622,172.253.118.0-255,5738,323905,87,357061
45399,0.059629,172.31.47.0-255,66,323971,87,357061
45400,0.062259,172.253.118.0-255,5738,329709,87,357061
45401,0.062268,172.31.47.0-255,66,329775,87,357061
45402,0.064877,172.253.118.0-255,5738,335513,87,357061
45403,0.064884,172.31.47.0-255,66,335579,87,357061
45404,0.067468,172.253.118.0-255,5738,341317,87,357061
45405,0.067475,172.31.47.0-255,66,341383,87,357061
45406,0.070069,172.253.118.0-255,5738,347121,87,357061
45407,0.070075,172.31.47.0-255,66,347187,87,357061
45408,0.072673,172.253.118.0-255,5738,352925,87,357061
45409,0.07268,172.31.47.0-255,66,352991,87,357061
45410,0.075272,172.253.118.0-255,3833,356824,87,357061
45411,0.075279,172.31.47.0-255,66,356890,87,357061
45412,0.07572,172.31.47.0-255,105,356995,87,357061
45413,0.078291,172.253.118.0-255,66,357061,87,357061
45414,0.0,74.125.130.0-255,298,298,87,375182
45415,3.1e-05,172.31.47.0-255,66,364,87,375182
45416,3.8e-05,74.125.130.0-255,1484,1848,87,375182
45417,4.2e-05,172.31.47.0-255,66,1914,87,375182
45418,4.8e-05,74.125.130.0-255,4320,6234,87,375182
45419,5e-05,172.31.47.0-255,66,6300,87,375182
45420,6e-05,172.31.47.0-255,66,6366,87,375182
45421,6.2e-05,74.125.130.0-255,1484,7850,87,375182
45422,6.5e-05,172.31.47.0-255,66,7916,87,375182
45423,9.1e-05,74.125.130.0-255,7156,15072,87,375182
45424,9.5e-05,172.31.47.0-255,66,15138,87,375182
45425,0.000105,172.31.47.0-255,66,15204,87,375182
45426,0.000201,74.125.130.0-255,1484,16688,87,375182
45427,0.000206,172.31.47.0-255,66,16754,87,375182
45428,0.000211,74.125.130.0-255,2902,19656,87,375182
45429,0.000213,172.31.47.0-255,66,19722,87,375182
45430,0.000216,74.125.130.0-255,1484,21206,87,375182
45431,0.000218,172.31.47.0-255,66,21272,87,375182
45432,0.00024,74.125.130.0-255,4320,25592,87,375182
45433,0.000243,172.31.47.0-255,66,25658,87,375182
45434,0.000254,172.31.47.0-255,66,25724,87,375182
45435,0.000276,74.125.130.0-255,4320,30044,87,375182
45436,0.000279,172.31.47.0-255,66,30110,87,375182
45437,0.000286,74.125.130.0-255,5738,35848,87,375182
45438,0.000288,172.31.47.0-255,66,35914,87,375182
45439,0.000304,74.125.130.0-255,5330,41244,87,375182
45440,0.000306,172.31.47.0-255,66,41310,87,375182
45441,0.000324,74.125.130.0-255,98,41408,87,375182
45442,0.000326,172.31.47.0-255,66,41474,87,375182
45443,0.000489,74.125.130.0-255,1484,42958,87,375182
45444,0.000493,172.31.47.0-255,66,43024,87,375182
45445,0.000498,74.125.130.0-255,2902,45926,87,375182
45446,0.000501,172.31.47.0-255,66,45992,87,375182
45447,0.000503,74.125.130.0-255,1484,47476,87,375182
45448,0.000505,172.31.47.0-255,66,47542,87,375182
45449,0.000522,74.125.130.0-255,2902,50444,87,375182
45450,0.00054,172.31.47.0-255,66,50510,87,375182
45451,0.00054,74.125.130.0-255,2902,53412,87,375182
45452,0.000545,172.31.47.0-255,66,53478,87,375182
45453,0.000566,74.125.130.0-255,5738,59216,87,375182
45454,0.000569,172.31.47.0-255,66,59282,87,375182
45455,0.000582,172.31.47.0-255,66,59348,87,375182
45456,0.000607,74.125.130.0-255,2485,61833,87,375182
45457,0.000609,172.31.47.0-255,66,61899,87,375182
45458,0.001175,74.125.130.0-255,1484,63383,87,375182
45459,0.001179,172.31.47.0-255,66,63449,87,375182
45460,0.001186,74.125.130.0-255,2902,66351,87,375182
45461,0.001188,172.31.47.0-255,66,66417,87,375182
45462,0.001194,74.125.130.0-255,5738,72155,87,375182
45463,0.001195,172.31.47.0-255,66,72221,87,375182
45464,0.00122,74.125.130.0-255,7156,79377,87,375182
45465,0.001222,172.31.47.0-255,66,79443,87,375182
45466,0.001224,74.125.130.0-255,1484,80927,87,375182
45467,0.001226,172.31.47.0-255,66,80993,87,375182
45468,0.001244,74.125.130.0-255,7156,88149,87,375182
45469,0.001246,172.31.47.0-255,66,88215,87,375182
45470,0.001261,74.125.130.0-255,1484,89699,87,375182
45471,0.001263,172.31.47.0-255,66,89765,87,375182
45472,0.001282,74.125.130.0-255,6438,96203,87,375182
45473,0.001284,172.31.47.0-255,66,96269,87,375182
45474,0.001942,74.125.130.0-255,1484,97753,87,375182
45475,0.001947,172.31.47.0-255,66,97819,87,375182
45476,0.001955,74.125.130.0-255,2902,100721,87,375182
45477,0.001958,172.31.47.0-255,66,100787,87,375182
45478,0.001963,74.125.130.0-255,5738,106525,87,375182
45479,0.001965,172.31.47.0-255,66,106591,87,375182
45480,0.001969,74.125.130.0-255,4320,110911,87,375182
45481,0.00199,74.125.130.0-255,5738,116649,87,375182
45482,0.002013,74.125.130.0-255,1484,118133,87,375182
45483,0.002042,74.125.130.0-255,2184,120317,87,375182
45484,0.002285,74.125.130.0-255,1484,121801,87,375182
45485,0.002292,74.125.130.0-255,2902,124703,87,375182
45486,0.002295,74.125.130.0-255,2902,127605,87,375182
45487,0.002306,74.125.130.0-255,2902,130507,87,375182
45488,0.002352,172.31.47.0-255,66,130573,87,375182
45489,0.004623,74.125.130.0-255,5738,136311,87,375182
45490,0.00463,172.31.47.0-255,66,136377,87,375182
45491,0.006899,74.125.130.0-255,5738,142115,87,375182
45492,0.006903,172.31.47.0-255,66,142181,87,375182
45493,0.009172,74.125.130.0-255,5738,147919,87,375182
45494,0.009178,172.31.47.0-255,66,147985,87,375182
45495,0.011446,74.125.130.0-255,5738,153723,87,375182
45496,0.011451,172.31.47.0-255,66,153789,87,375182
45497,0.013723,74.125.130.0-255,5738,159527,87,375182
45498,0.013729,172.31.47.0-255,66,159593,87,375182
45499,0.016014,74.125.130.0-255,5738,165331,87,375182
45500,0.01602,172.31.47.0-255,66,165397,87,375182
45501,0.018294,74.125.130.0-255,5738,171135,87,375182
45502,0.018303,172.31.47.0-255,66,171201,87,375182
45503,0.020569,74.125.130.0-255,5738,176939,87,375182
45504,0.020576,172.31.47.0-255,66,177005,87,375182
45505,0.022853,74.125.130.0-255,5738,182743,87,375182
45506,0.022868,172.31.47.0-255,66,182809,87,375182
45507,0.025144,74.125.130.0-255,2902,185711,87,375182
45508,0.02515,172.31.47.0-255,66,185777,87,375182
45509,0.025176,74.125.130.0-255,2902,188679,87,375182
45510,0.025195,172.31.47.0-255,66,188745,87,375182
45511,0.025943,172.31.47.0-255,172,188917,87,375182
45512,0.025971,172.31.47.0-255,1111,190028,87,375182
45513,0.026001,172.31.47.0-255,1514,191542,87,375182
45514,0.026003,172.31.47.0-255,1293,192835,87,375182
45515,0.027421,74.125.130.0-255,2902,195737,87,375182
45516,0.027426,172.31.47.0-255,66,195803,87,375182
45517,0.027467,74.125.130.0-255,2902,198705,87,375182
45518,0.027476,172.31.47.0-255,66,198771,87,375182
45519,0.027485,104.244.42.0-255,66,198837,87,375182
45520,0.027512,104.244.42.0-255,66,198903,87,375182
45521,0.027608,104.244.42.0-255,66,198969,87,375182
45522,0.029681,74.125.130.0-255,2902,201871,87,375182
45523,0.029687,172.31.47.0-255,66,201937,87,375182
45524,0.02974,74.125.130.0-255,2902,204839,87,375182
45525,0.029762,172.31.47.0-255,66,204905,87,375182
45526,0.031955,74.125.130.0-255,2902,207807,87,375182
45527,0.03196,172.31.47.0-255,66,207873,87,375182
45528,0.032014,74.125.130.0-255,2902,210775,87,375182
45529,0.032025,172.31.47.0-255,66,210841,87,375182
45530,0.034236,74.125.130.0-255,2902,213743,87,375182
45531,0.034241,172.31.47.0-255,66,213809,87,375182
45532,0.034286,74.125.130.0-255,2902,216711,87,375182
45533,0.034303,172.31.47.0-255,66,216777,87,375182
45534,0.036506,74.125.130.0-255,2902,219679,87,375182
45535,0.036511,172.31.47.0-255,66,219745,87,375182
45536,0.036561,74.125.130.0-255,2902,222647,87,375182
45537,0.036577,172.31.47.0-255,66,222713,87,375182
45538,0.038779,74.125.130.0-255,2902,225615,87,375182
45539,0.038784,172.31.47.0-255,66,225681,87,375182
45540,0.03883,74.125.130.0-255,2902,228583,87,375182
45541,0.038862,172.31.47.0-255,66,228649,87,375182
45542,0.041046,74.125.130.0-255,2902,231551,87,375182
45543,0.041052,172.31.47.0-255,66,231617,87,375182
45544,0.041111,74.125.130.0-255,1484,233101,87,375182
45545,0.041125,74.125.130.0-255,1484,234585,87,375182
45546,0.041143,172.31.47.0-255,66,234651,87,375182
45547,0.043307,74.125.130.0-255,2902,237553,87,375182
45548,0.043312,172.31.47.0-255,66,237619,87,375182
45549,0.0434,74.125.130.0-255,2902,240521,87,375182
45550,0.043404,172.31.47.0-255,66,240587,87,375182
45551,0.045576,74.125.130.0-255,2902,243489,87,375182
45552,0.045581,172.31.47.0-255,66,243555,87,375182
45553,0.045655,74.125.130.0-255,2902,246457,87,375182
45554,0.045659,172.31.47.0-255,66,246523,87,375182
45555,0.047848,74.125.130.0-255,2902,249425,87,375182
45556,0.047853,172.31.47.0-255,66,249491,87,375182
45557,0.047923,74.125.130.0-255,2902,252393,87,375182
45558,0.04793,172.31.47.0-255,66,252459,87,375182
45559,0.050125,74.125.130.0-255,2902,255361,87,375182
45560,0.050131,172.31.47.0-255,66,255427,87,375182
45561,0.050192,74.125.130.0-255,2902,258329,87,375182
45562,0.050215,172.31.47.0-255,66,258395,87,375182
45563,0.052412,74.125.130.0-255,2902,261297,87,375182
45564,0.052418,172.31.47.0-255,66,261363,87,375182
45565,0.05248,74.125.130.0-255,2902,264265,87,375182
45566,0.052503,172.31.47.0-255,66,264331,87,375182
45567,0.054687,74.125.130.0-255,2902,267233,87,375182
45568,0.054692,172.31.47.0-255,66,267299,87,375182
45569,0.054754,74.125.130.0-255,1484,268783,87,375182
45570,0.054773,74.125.130.0-255,1484,270267,87,375182
45571,0.054789,172.31.47.0-255,66,270333,87,375182
45572,0.05695,74.125.130.0-255,2902,273235,87,375182
45573,0.056956,172.31.47.0-255,66,273301,87,375182
45574,0.057041,74.125.130.0-255,2902,276203,87,375182
45575,0.057047,172.31.47.0-255,66,276269,87,375182
45576,0.059249,74.125.130.0-255,2902,279171,87,375182
45577,0.059254,172.31.47.0-255,66,279237,87,375182
45578,0.059302,74.125.130.0-255,2902,282139,87,375182
45579,0.059347,172.31.47.0-255,66,282205,87,375182
45580,0.061531,74.125.130.0-255,2902,285107,87,375182
45581,0.061536,172.31.47.0-255,66,285173,87,375182
45582,0.061616,74.125.130.0-255,2902,288075,87,375182
45583,0.061621,172.31.47.0-255,66,288141,87,375182
45584,0.063793,74.125.130.0-255,2902,291043,87,375182
45585,0.063798,172.31.47.0-255,66,291109,87,375182
45586,0.063871,74.125.130.0-255,2902,294011,87,375182
45587,0.063875,172.31.47.0-255,66,294077,87,375182
45588,0.066058,74.125.130.0-255,2902,296979,87,375182
45589,0.066063,172.31.47.0-255,66,297045,87,375182
45590,0.066134,74.125.130.0-255,2902,299947,87,375182
45591,0.066138,172.31.47.0-255,66,300013,87,375182
45592,0.068329,74.125.130.0-255,2902,302915,87,375182
45593,0.068334,172.31.47.0-255,66,302981,87,375182
45594,0.068399,74.125.130.0-255,1484,304465,87,375182
45595,0.068412,74.125.130.0-255,1484,305949,87,375182
45596,0.068426,172.31.47.0-255,66,306015,87,375182
45597,0.070594,74.125.130.0-255,2902,308917,87,375182
45598,0.070599,172.31.47.0-255,66,308983,87,375182
45599,0.070701,74.125.130.0-255,2902,311885,87,375182
45600,0.070705,172.31.47.0-255,66,311951,87,375182
45601,0.072849,74.125.130.0-255,2902,314853,87,375182
45602,0.072854,172.31.47.0-255,66,314919,87,375182
45603,0.07296,74.125.130.0-255,2902,317821,87,375182
45604,0.072964,172.31.47.0-255,66,317887,87,375182
45605,0.075112,74.125.130.0-255,2902,320789,87,375182
45606,0.075118,172.31.47.0-255,66,320855,87,375182
45607,0.075225,74.125.130.0-255,2902,323757,87,375182
45608,0.075473,172.31.47.0-255,66,323823,87,375182
45609,0.077391,74.125.130.0-255,2902,326725,87,375182
45610,0.077396,172.31.47.0-255,66,326791,87,375182
45611,0.077733,74.125.130.0-255,2902,329693,87,375182
45612,0.077737,172.31.47.0-255,66,329759,87,375182
45613,0.079667,74.125.130.0-255,2902,332661,87,375182
45614,0.079672,172.31.47.0-255,66,332727,87,375182
45615,0.079998,74.125.130.0-255,2902,335629,87,375182
45616,0.080004,172.31.47.0-255,66,335695,87,375182
45617,0.081966,74.125.130.0-255,2902,338597,87,375182
45618,0.081971,172.31.47.0-255,66,338663,87,375182
45619,0.082271,74.125.130.0-255,2902,341565,87,375182
45620,0.082276,172.31.47.0-255,66,341631,87,375182
45621,0.084233,74.125.130.0-255,2902,344533,87,375182
45622,0.084238,172.31.47.0-255,66,344599,87,375182
45623,0.084548,74.125.130.0-255,2902,347501,87,375182
45624,0.084714,172.31.47.0-255,66,347567,87,375182
45625,0.08658,74.125.130.0-255,2902,350469,87,375182
45626,0.086584,172.31.47.0-255,66,350535,87,375182
45627,0.086978,74.125.130.0-255,2902,353437,87,375182
45628,0.086982,172.31.47.0-255,66,353503,87,375182
45629,0.08885,74.125.130.0-255,2902,356405,87,375182
45630,0.088855,172.31.47.0-255,66,356471,87,375182
45631,0.089249,74.125.130.0-255,2902,359373,87,375182
45632,0.089254,172.31.47.0-255,66,359439,87,375182
45633,0.091123,74.125.130.0-255,2902,362341,87,375182
45634,0.091127,172.31.47.0-255,66,362407,87,375182
45635,0.091507,74.125.130.0-255,2902,365309,87,375182
45636,0.091511,172.31.47.0-255,66,365375,87,375182
45637,0.093382,74.125.130.0-255,2902,368277,87,375182
45638,0.093388,172.31.47.0-255,66,368343,87,375182
45639,0.093777,74.125.130.0-255,2902,371245,87,375182
45640,0.093782,172.31.47.0-255,66,371311,87,375182
45641,0.095653,74.125.130.0-255,2902,374213,87,375182
45642,0.095659,172.31.47.0-255,66,374279,87,375182
45643,0.096136,74.125.130.0-255,666,374945,87,375182
45644,0.096272,172.31.47.0-255,66,375011,87,375182
45645,0.0963,172.31.47.0-255,105,375116,87,375182
45646,0.098517,74.125.130.0-255,66,375182,87,375182
45647,0.0,74.125.24.0-255,153,153,87,291662
45648,2.5e-05,172.31.47.0-255,66,219,87,291662
45649,4.6e-05,74.125.24.0-255,1484,1703,87,291662
45650,5e-05,172.31.47.0-255,66,1769,87,291662
45651,5.4e-05,74.125.24.0-255,1484,3253,87,291662
45652,5.7e-05,172.31.47.0-255,66,3319,87,291662
45653,7.9e-05,74.125.24.0-255,1484,4803,87,291662
45654,8.2e-05,172.31.47.0-255,66,4869,87,291662
45655,9.6e-05,74.125.24.0-255,5738,10607,87,291662
45656,9.9e-05,172.31.47.0-255,66,10673,87,291662
45657,0.000133,74.125.24.0-255,3511,14184,87,291662
45658,0.000136,172.31.47.0-255,66,14250,87,291662
45659,0.000157,74.125.24.0-255,1484,15734,87,291662
45660,0.000159,172.31.47.0-255,66,15800,87,291662
45661,0.000165,74.125.24.0-255,2902,18702,87,291662
45662,0.000167,172.31.47.0-255,66,18768,87,291662
45663,0.00017,74.125.24.0-255,1484,20252,87,291662
45664,0.000172,172.31.47.0-255,66,20318,87,291662
45665,0.000196,74.125.24.0-255,4320,24638,87,291662
45666,0.000199,172.31.47.0-255,66,24704,87,291662
45667,0.000211,74.125.24.0-255,6797,31501,87,291662
45668,0.000214,172.31.47.0-255,66,31567,87,291662
45669,0.000395,74.125.24.0-255,1484,33051,87,291662
45670,0.0004,172.31.47.0-255,66,33117,87,291662
45671,0.000406,74.125.24.0-255,2902,36019,87,291662
45672,0.000408,172.31.47.0-255,66,36085,87,291662
45673,0.000412,74.125.24.0-255,2902,38987,87,291662
45674,0.000422,172.31.47.0-255,66,39053,87,291662
45675,0.000446,74.125.24.0-255,2902,41955,87,291662
45676,0.00045,172.31.47.0-255,66,42021,87,291662
45677,0.000463,74.125.24.0-255,7156,49177,87,291662
45678,0.000467,172.31.47.0-255,66,49243,87,291662
45679,0.000519,74.125.24.0-255,6797,56040,87,291662
45680,0.000523,172.31.47.0-255,66,56106,87,291662
45681,0.000534,172.31.47.0-255,66,56172,87,291662
45682,0.000537,74.125.24.0-255,1464,57636,87,291662
45683,0.000564,74.125.24.0-255,1484,59120,87,291662
45684,0.000567,172.31.47.0-255,66,59186,87,291662
45685,0.000572,74.125.24.0-255,2902,62088,87,291662
45686,0.000575,172.31.47.0-255,66,62154,87,291662
45687,0.0006,74.125.24.0-255,5738,67892,87,291662
45688,0.000604,172.31.47.0-255,66,67958,87,291662
45689,0.00061,74.125.24.0-255,5738,73696,87,291662
45690,0.000612,172.31.47.0-255,66,73762,87,291662
45691,0.000656,74.125.24.0-255,7156,80918,87,291662
45692,0.000661,172.31.47.0-255,66,80984,87,291662
45693,0.000671,172.31.47.0-255,66,81050,87,291662
45694,0.000682,74.125.24.0-255,2465,83515,87,291662
45695,0.000686,172.31.47.0-255,66,83581,87,291662
45696,0.000988,74.125.24.0-255,1484,85065,87,291662
45697,0.000997,74.125.24.0-255,2902,87967,87,291662
45698,0.001002,172.31.47.0-255,66,88033,87,291662
45699,0.001009,74.125.24.0-255,4320,92353,87,291662
45700,0.001012,172.31.47.0-255,66,92419,87,291662
45701,0.001028,74.125.24.0-255,1484,93903,87,291662
45702,0.00104,74.125.24.0-255,1484,95387,87,291662
45703,0.001043,172.31.47.0-255,66,95453,87,291662
45704,0.001065,74.125.24.0-255,1484,96937,87,291662
45705,0.00107,74.125.24.0-255,4320,101257,87,291662
45706,0.001072,172.31.47.0-255,66,101323,87,291662
45707,0.001079,74.125.24.0-255,7156,108479,87,291662
45708,0.001081,172.31.47.0-255,66,108545,87,291662
45709,0.001104,74.125.24.0-255,1484,110029,87,291662
45710,0.00111,74.125.24.0-255,5738,115767,87,291662
45711,0.001112,172.31.47.0-255,66,115833,87,291662
45712,0.001136,74.125.24.0-255,2184,118017,87,291662
45713,0.001138,172.31.47.0-255,66,118083,87,291662
45714,0.001208,74.125.24.0-255,1484,119567,87,291662
45715,0.001229,74.125.24.0-255,2902,122469,87,291662
45716,0.001231,172.31.47.0-255,66,122535,87,291662
45717,0.001258,74.125.24.0-255,4320,126855,87,291662
45718,0.001261,172.31.47.0-255,66,126921,87,291662
45719,0.001283,74.125.24.0-255,1484,128405,87,291662
45720,0.001317,74.125.24.0-255,1484,129889,87,291662
45721,0.001319,172.31.47.0-255,66,129955,87,291662
45722,0.001352,172.31.47.0-255,66,130021,87,291662
45723,0.001369,172.31.47.0-255,66,130087,87,291662
45724,0.001596,74.125.24.0-255,1484,131571,87,291662
45725,0.001599,74.125.24.0-255,1484,133055,87,291662
45726,0.001616,74.125.24.0-255,1484,134539,87,291662
45727,0.001621,74.125.24.0-255,5738,140277,87,291662
45728,0.001645,74.125.24.0-255,1484,141761,87,291662
45729,0.001697,74.125.24.0-255,5738,147499,87,291662
45730,0.001712,74.125.24.0-255,6438,153937,87,291662
45731,0.001833,74.125.24.0-255,1484,155421,87,291662
45732,0.001843,74.125.24.0-255,1484,156905,87,291662
45733,0.001856,74.125.24.0-255,1484,158389,87,291662
45734,0.001861,74.125.24.0-255,5738,164127,87,291662
45735,0.001899,74.125.24.0-255,4320,168447,87,291662
45736,0.001946,74.125.24.0-255,4320,172767,87,291662
45737,0.001958,74.125.24.0-255,6438,179205,87,291662
45738,0.002237,74.125.24.0-255,1484,180689,87,291662
45739,0.00224,74.125.24.0-255,1484,182173,87,291662
45740,0.002253,74.125.24.0-255,1484,183657,87,291662
45741,0.002258,74.125.24.0-255,2902,186559,87,291662
45742,0.002274,74.125.24.0-255,2902,189461,87,291662
45743,0.002285,74.125.24.0-255,1484,190945,87,291662
45744,0.002336,74.125.24.0-255,2184,193129,87,291662
45745,0.002545,74.125.24.0-255,1484,194613,87,291662
45746,0.002563,74.125.24.0-255,2902,197515,87,291662
45747,0.002583,74.125.24.0-255,5738,203253,87,291662
45748,0.002609,74.125.24.0-255,1484,204737,87,291662
45749,0.00265,74.125.24.0-255,1484,206221,87,291662
45750,0.002681,74.125.24.0-255,1484,207705,87,291662
45751,0.00275,74.125.24.0-255,5738,213443,87,291662
45752,0.002762,74.125.24.0-255,4320,217763,87,291662
45753,0.002764,74.125.24.0-255,1484,219247,87,291662
45754,0.002768,74.125.24.0-255,2184,221431,87,291662
45755,0.002774,74.125.24.0-255,7156,228587,87,291662
45756,0.002777,74.125.24.0-255,2902,231489,87,291662
45757,0.002779,74.125.24.0-255,1484,232973,87,291662
45758,0.002805,74.125.24.0-255,4320,237293,87,291662
45759,0.002814,74.125.24.0-255,1484,238777,87,291662
45760,0.002818,74.125.24.0-255,2902,241679,87,291662
45761,0.002839,74.125.24.0-255,5738,247417,87,291662
45762,0.002843,74.125.24.0-255,4320,251737,87,291662
45763,0.00286,74.125.24.0-255,3602,255339,87,291662
45764,0.002876,74.125.24.0-255,1484,256823,87,291662
45765,0.002892,74.125.24.0-255,1484,258307,87,291662
45766,0.002897,74.125.24.0-255,4320,262627,87,291662
45767,0.002921,74.125.24.0-255,1484,264111,87,291662
45768,0.002947,74.125.24.0-255,7156,271267,87,291662
45769,0.002969,74.125.24.0-255,5738,277005,87,291662
45770,0.002976,74.125.24.0-255,4320,281325,87,291662
45771,0.002993,74.125.24.0-255,5707,287032,87,291662
45772,0.003054,74.125.24.0-255,105,287137,87,291662
45773,0.003551,172.31.47.0-255,66,287203,87,291662
45774,0.006478,172.31.47.0-255,105,287308,87,291662
45775,0.008751,74.125.24.0-255,66,287374,87,291662
45776,0.024986,172.31.47.0-255,172,287546,87,291662
45777,0.025018,172.31.47.0-255,1107,288653,87,291662
45778,0.025058,172.31.47.0-255,1514,290167,87,291662
45779,0.025059,172.31.47.0-255,1297,291464,87,291662
45780,0.026509,104.244.42.0-255,66,291530,87,291662
45781,0.026551,104.244.42.0-255,66,291596,87,291662
45782,0.026606,104.244.42.0-255,66,291662,87,291662
45783,0.0,74.125.130.0-255,153,153,87,110858
45784,1.8e-05,172.31.47.0-255,66,219,87,110858
45785,2.4e-05,74.125.130.0-255,1484,1703,87,110858
45786,2.9e-05,172.31.47.0-255,66,1769,87,110858
45787,3.6e-05,74.125.130.0-255,2902,4671,87,110858
45788,4.8e-05,172.31.47.0-255,66,4737,87,110858
45789,5.2e-05,74.125.130.0-255,2902,7639,87,110858
45790,5.5e-05,172.31.47.0-255,66,7705,87,110858
45791,9.3e-05,74.125.130.0-255,4320,12025,87,110858
45792,9.6e-05,172.31.47.0-255,66,12091,87,110858
45793,0.000131,172.31.47.0-255,66,12157,87,110858
45794,0.000232,172.31.47.0-255,66,12223,87,110858
45795,0.000301,74.125.130.0-255,1125,13348,87,110858
45796,0.000304,172.31.47.0-255,66,13414,87,110858
45797,0.000328,74.125.130.0-255,1484,14898,87,110858
45798,0.00033,172.31.47.0-255,66,14964,87,110858
45799,0.000369,172.31.47.0-255,66,15030,87,110858
45800,0.000476,172.31.47.0-255,66,15096,87,110858
45801,0.000503,172.31.47.0-255,66,15162,87,110858
45802,0.000685,74.125.130.0-255,99,15261,87,110858
45803,0.000691,172.31.47.0-255,66,15327,87,110858
45804,0.000717,74.125.130.0-255,5738,21065,87,110858
45805,0.00072,172.31.47.0-255,66,21131,87,110858
45806,0.000764,172.31.47.0-255,66,21197,87,110858
45807,0.000994,172.31.47.0-255,66,21263,87,110858
45808,0.001105,74.125.130.0-255,7156,28419,87,110858
45809,0.001108,172.31.47.0-255,66,28485,87,110858
45810,0.001125,74.125.130.0-255,2902,31387,87,110858
45811,0.001127,172.31.47.0-255,66,31453,87,110858
45812,0.001218,74.125.130.0-255,5738,37191,87,110858
45813,0.001221,172.31.47.0-255,66,37257,87,110858
45814,0.001262,172.31.47.0-255,66,37323,87,110858
45815,0.001463,74.125.130.0-255,2902,40225,87,110858
45816,0.001467,172.31.47.0-255,66,40291,87,110858
45817,0.001522,172.31.47.0-255,66,40357,87,110858
45818,0.001868,74.125.130.0-255,4320,44677,87,110858
45819,0.001872,172.31.47.0-255,66,44743,87,110858
45820,0.001918,172.31.47.0-255,66,44809,87,110858
45821,0.002158,74.125.130.0-255,5738,50547,87,110858
45822,0.002162,172.31.47.0-255,66,50613,87,110858
45823,0.00219,74.125.130.0-255,6438,57051,87,110858
45824,0.002195,172.31.47.0-255,66,57117,87,110858
45825,0.002298,74.125.130.0-255,2902,60019,87,110858
45826,0.002301,172.31.47.0-255,66,60085,87,110858
45827,0.002364,172.31.47.0-255,66,60151,87,110858
45828,0.002751,74.125.130.0-255,5738,65889,87,110858
45829,0.002756,172.31.47.0-255,66,65955,87,110858
45830,0.002806,172.31.47.0-255,66,66021,87,110858
45831,0.002873,172.31.47.0-255,66,66087,87,110858
45832,0.00291,172.31.47.0-255,66,66153,87,110858
45833,0.00348,172.31.47.0-255,66,66219,87,110858
45834,0.003554,172.31.47.0-255,66,66285,87,110858
45835,0.003578,74.125.130.0-255,1484,67769,87,110858
45836,0.005816,74.125.130.0-255,4320,72089,87,110858
45837,0.00582,172.31.47.0-255,66,72155,87,110858
45838,0.008092,74.125.130.0-255,5738,77893,87,110858
45839,0.008098,172.31.47.0-255,66,77959,87,110858
45840,0.010388,74.125.130.0-255,5738,83697,87,110858
45841,0.010395,172.31.47.0-255,66,83763,87,110858
45842,0.012664,74.125.130.0-255,4320,88083,87,110858
45843,0.01267,172.31.47.0-255,66,88149,87,110858
45844,0.012694,74.125.130.0-255,1484,89633,87,110858
45845,0.014951,74.125.130.0-255,4320,93953,87,110858
45846,0.014959,172.31.47.0-255,66,94019,87,110858
45847,0.017239,74.125.130.0-255,5738,99757,87,110858
45848,0.017246,172.31.47.0-255,66,99823,87,110858
45849,0.019522,74.125.130.0-255,3636,103459,87,110858
45850,0.019532,172.31.47.0-255,66,103525,87,110858
45851,0.019743,172.31.47.0-255,105,103630,87,110858
45852,0.021974,74.125.130.0-255,66,103696,87,110858
45853,0.026688,172.31.47.0-255,172,103868,87,110858
45854,0.026723,172.31.47.0-255,1113,104981,87,110858
45855,0.026782,172.31.47.0-255,1514,106495,87,110858
45856,0.026784,172.31.47.0-255,1514,108009,87,110858
45857,0.026789,172.31.47.0-255,1514,109523,87,110858
45858,0.02679,172.31.47.0-255,1071,110594,87,110858
45859,0.028181,104.244.42.0-255,66,110660,87,110858
45860,0.028209,104.244.42.0-255,66,110726,87,110858
45861,0.028286,104.244.42.0-255,66,110792,87,110858
45862,0.028298,104.244.42.0-255,66,110858,87,110858
45863,0.0,172.217.194.0-255,152,152,87,345691
45864,2.2e-05,172.31.47.0-255,66,218,87,345691
45865,2.9e-05,172.217.194.0-255,1484,1702,87,345691
45866,3.4e-05,172.31.47.0-255,66,1768,87,345691
45867,3.7e-05,172.217.194.0-255,1484,3252,87,345691
45868,3.9e-05,172.31.47.0-255,66,3318,87,345691
45869,0.000113,172.217.194.0-255,2902,6220,87,345691
45870,0.000117,172.31.47.0-255,66,6286,87,345691
45871,0.000141,172.217.194.0-255,2902,9188,87,345691
45872,0.000143,172.31.47.0-255,66,9254,87,345691
45873,0.000168,172.217.194.0-255,2902,12156,87,345691
45874,0.00017,172.31.47.0-255,66,12222,87,345691
45875,0.000196,172.217.194.0-255,2053,14275,87,345691
45876,0.000199,172.31.47.0-255,66,14341,87,345691
45877,0.000211,172.31.47.0-255,66,14407,87,345691
45878,0.000232,172.217.194.0-255,1484,15891,87,345691
45879,0.000234,172.31.47.0-255,66,15957,87,345691
45880,0.000238,172.217.194.0-255,2543,18500,87,345691
45881,0.00024,172.31.47.0-255,66,18566,87,345691
45882,0.000382,172.217.194.0-255,1484,20050,87,345691
45883,0.000385,172.31.47.0-255,66,20116,87,345691
45884,0.00039,172.217.194.0-255,2902,23018,87,345691
45885,0.000392,172.31.47.0-255,66,23084,87,345691
45886,0.000424,172.217.194.0-255,5738,28822,87,345691
45887,0.000426,172.31.47.0-255,66,28888,87,345691
45888,0.00043,172.217.194.0-255,2902,31790,87,345691
45889,0.000432,172.31.47.0-255,66,31856,87,345691
45890,0.000453,172.217.194.0-255,3961,35817,87,345691
45891,0.000456,172.31.47.0-255,66,35883,87,345691
45892,0.000472,172.217.194.0-255,2902,38785,87,345691
45893,0.000474,172.31.47.0-255,66,38851,87,345691
45894,0.000509,172.31.47.0-255,66,38917,87,345691
45895,0.000512,172.217.194.0-255,1484,40401,87,345691
45896,0.000515,172.217.194.0-255,1380,41781,87,345691
45897,0.000517,172.31.47.0-255,66,41847,87,345691
45898,0.000605,172.217.194.0-255,118,41965,87,345691
45899,0.001041,172.31.47.0-255,66,42031,87,345691
45900,0.001116,172.217.194.0-255,1484,43515,87,345691
45901,0.001138,172.217.194.0-255,2902,46417,87,345691
45902,0.001141,172.31.47.0-255,66,46483,87,345691
45903,0.00117,172.217.194.0-255,4320,50803,87,345691
45904,0.001172,172.31.47.0-255,66,50869,87,345691
45905,0.001183,172.31.47.0-255,66,50935,87,345691
45906,0.001187,172.217.194.0-255,2902,53837,87,345691
45907,0.00119,172.31.47.0-255,66,53903,87,345691
45908,0.001225,172.31.47.0-255,66,53969,87,345691
45909,0.001252,172.217.194.0-255,3602,57571,87,345691
45910,0.001255,172.31.47.0-255,66,57637,87,345691
45911,0.00178,172.217.194.0-255,1484,59121,87,345691
45912,0.001788,172.217.194.0-255,1484,60605,87,345691
45913,0.001792,172.31.47.0-255,66,60671,87,345691
45914,0.001823,172.217.194.0-255,1484,62155,87,345691
45915,0.001828,172.217.194.0-255,2902,65057,87,345691
45916,0.00183,172.31.47.0-255,66,65123,87,345691
45917,0.001839,172.217.194.0-255,7156,72279,87,345691
45918,0.001841,172.31.47.0-255,66,72345,87,345691
45919,0.001872,172.217.194.0-255,1484,73829,87,345691
45920,0.001877,172.217.194.0-255,2902,76731,87,345691
45921,0.001879,172.31.47.0-255,66,76797,87,345691
45922,0.00191,172.217.194.0-255,5738,82535,87,345691
45923,0.001912,172.31.47.0-255,66,82601,87,345691
45924,0.001918,172.217.194.0-255,4320,86921,87,345691
45925,0.00192,172.31.47.0-255,66,86987,87,345691
45926,0.001972,172.217.194.0-255,5020,92007,87,345691
45927,0.001976,172.31.47.0-255,66,92073,87,345691
45928,0.001979,172.217.194.0-255,1484,93557,87,345691
45929,0.002006,172.217.194.0-255,4320,97877,87,345691
45930,0.002008,172.31.47.0-255,66,97943,87,345691
45931,0.002014,172.217.194.0-255,4320,102263,87,345691
45932,0.002017,172.31.47.0-255,66,102329,87,345691
45933,0.002022,172.217.194.0-255,2902,105231,87,345691
45934,0.002024,172.31.47.0-255,66,105297,87,345691
45935,0.002036,172.217.194.0-255,2902,108199,87,345691
45936,0.002039,172.31.47.0-255,66,108265,87,345691
45937,0.002059,172.217.194.0-255,5738,114003,87,345691
45938,0.002062,172.31.47.0-255,66,114069,87,345691
45939,0.002097,172.217.194.0-255,7156,121225,87,345691
45940,0.0021,172.31.47.0-255,66,121291,87,345691
45941,0.002107,172.217.194.0-255,5020,126311,87,345691
45942,0.002109,172.31.47.0-255,66,126377,87,345691
45943,0.004706,172.217.194.0-255,5738,132115,87,345691
45944,0.004717,172.31.47.0-255,66,132181,87,345691
45945,0.007329,172.217.194.0-255,5738,137919,87,345691
45946,0.007335,172.31.47.0-255,66,137985,87,345691
45947,0.009931,172.217.194.0-255,5738,143723,87,345691
45948,0.00994,172.31.47.0-255,66,143789,87,345691
45949,0.012541,172.217.194.0-255,5738,149527,87,345691
45950,0.012552,172.31.47.0-255,66,149593,87,345691
45951,0.015172,172.217.194.0-255,5738,155331,87,345691
45952,0.01519,172.31.47.0-255,66,155397,87,345691
45953,0.017802,172.217.194.0-255,5738,161135,87,345691
45954,0.017817,172.31.47.0-255,66,161201,87,345691
45955,0.020412,172.217.194.0-255,5738,166939,87,345691
45956,0.020422,172.31.47.0-255,66,167005,87,345691
45957,0.022986,172.217.194.0-255,5738,172743,87,345691
45958,0.022994,172.31.47.0-255,66,172809,87,345691
45959,0.025566,172.217.194.0-255,5738,178547,87,345691
45960,0.025574,172.31.47.0-255,66,178613,87,345691
45961,0.026411,172.31.47.0-255,172,178785,87,345691
45962,0.026446,172.31.47.0-255,1112,179897,87,345691
45963,0.02651,172.31.47.0-255,1514,181411,87,345691
45964,0.026512,172.31.47.0-255,1294,182705,87,345691
45965,0.027903,104.244.42.0-255,66,182771,87,345691
45966,0.02794,104.244.42.0-255,66,182837,87,345691
45967,0.028017,104.244.42.0-255,66,182903,87,345691
45968,0.028162,172.217.194.0-255,5738,188641,87,345691
45969,0.028169,172.31.47.0-255,66,188707,87,345691
45970,0.030771,172.217.194.0-255,5738,194445,87,345691
45971,0.030778,172.31.47.0-255,66,194511,87,345691
45972,0.033367,172.217.194.0-255,5738,200249,87,345691
45973,0.033375,172.31.47.0-255,66,200315,87,345691
45974,0.03599,172.217.194.0-255,5738,206053,87,345691
45975,0.035997,172.31.47.0-255,66,206119,87,345691
45976,0.038593,172.217.194.0-255,5738,211857,87,345691
45977,0.0386,172.31.47.0-255,66,211923,87,345691
45978,0.041206,172.217.194.0-255,5738,217661,87,345691
45979,0.041214,172.31.47.0-255,66,217727,87,345691
45980,0.043778,172.217.194.0-255,5738,223465,87,345691
45981,0.043786,172.31.47.0-255,66,223531,87,345691
45982,0.046358,172.217.194.0-255,5738,229269,87,345691
45983,0.046363,172.31.47.0-255,66,229335,87,345691
45984,0.048963,172.217.194.0-255,5738,235073,87,345691
45985,0.048969,172.31.47.0-255,66,235139,87,345691
45986,0.051562,172.217.194.0-255,5738,240877,87,345691
45987,0.051568,172.31.47.0-255,66,240943,87,345691
45988,0.054146,172.217.194.0-255,5738,246681,87,345691
45989,0.054151,172.31.47.0-255,66,246747,87,345691
45990,0.056751,172.217.194.0-255,5738,252485,87,345691
45991,0.056757,172.31.47.0-255,66,252551,87,345691
45992,0.059324,172.217.194.0-255,5738,258289,87,345691
45993,0.059331,172.31.47.0-255,66,258355,87,345691
45994,0.061932,172.217.194.0-255,5738,264093,87,345691
45995,0.061939,172.31.47.0-255,66,264159,87,345691
45996,0.064535,172.217.194.0-255,5738,269897,87,345691
45997,0.06454,172.31.47.0-255,66,269963,87,345691
45998,0.067143,172.217.194.0-255,5738,275701,87,345691
45999,0.067148,172.31.47.0-255,66,275767,87,345691
46000,0.069813,172.217.194.0-255,5738,281505,87,345691
46001,0.069821,172.31.47.0-255,66,281571,87,345691
46002,0.072405,172.217.194.0-255,5738,287309,87,345691
46003,0.072411,172.31.47.0-255,66,287375,87,345691
46004,0.074985,172.217.194.0-255,5738,293113,87,345691
46005,0.074991,172.31.47.0-255,66,293179,87,345691
46006,0.077577,172.217.194.0-255,5738,298917,87,345691
46007,0.077583,172.31.47.0-255,66,298983,87,345691
46008,0.080172,172.217.194.0-255,5738,304721,87,345691
46009,0.080179,172.31.47.0-255,66,304787,87,345691
46010,0.082805,172.217.194.0-255,5738,310525,87,345691
46011,0.08281,172.31.47.0-255,66,310591,87,345691
46012,0.085383,172.217.194.0-255,5738,316329,87,345691
46013,0.085389,172.31.47.0-255,66,316395,87,345691
46014,0.087977,172.217.194.0-255,5738,322133,87,345691
46015,0.087984,172.31.47.0-255,66,322199,87,345691
46016,0.090595,172.217.194.0-255,5738,327937,87,345691
46017,0.090601,172.31.47.0-255,66,328003,87,345691
46018,0.093191,172.217.194.0-255,5738,333741,87,345691
46019,0.093196,172.31.47.0-255,66,333807,87,345691
46020,0.095779,172.217.194.0-255,5738,339545,87,345691
46021,0.095784,172.31.47.0-255,66,339611,87,345691
46022,0.09706,172.31.47.0-255,105,339716,87,345691
46023,0.098377,172.217.194.0-255,5738,345454,87,345691
46024,0.098383,172.31.47.0-255,66,345520,87,345691
46025,0.098521,157.240.7.0-255,105,345625,87,345691
46026,0.098528,172.31.47.0-255,66,345691,87,345691
46027,0.0,74.125.130.0-255,347,347,87,389174
46028,3e-05,172.31.47.0-255,66,413,87,389174
46029,3.6e-05,74.125.130.0-255,1484,1897,87,389174
46030,4e-05,172.31.47.0-255,66,1963,87,389174
46031,4.2e-05,74.125.130.0-255,1484,3447,87,389174
46032,4.4e-05,172.31.47.0-255,66,3513,87,389174
46033,7.1e-05,74.125.130.0-255,2902,6415,87,389174
46034,7.3e-05,172.31.47.0-255,66,6481,87,389174
46035,8.8e-05,74.125.130.0-255,4320,10801,87,389174
46036,9.5e-05,172.31.47.0-255,66,10867,87,389174
46037,0.000142,74.125.130.0-255,3227,14094,87,389174
46038,0.000145,172.31.47.0-255,66,14160,87,389174
46039,0.000519,74.125.130.0-255,1484,15644,87,389174
46040,0.000524,172.31.47.0-255,66,15710,87,389174
46041,0.00053,74.125.130.0-255,1484,17194,87,389174
46042,0.000532,172.31.47.0-255,66,17260,87,389174
46043,0.000542,74.125.130.0-255,2902,20162,87,389174
46044,0.000545,172.31.47.0-255,66,20228,87,389174
46045,0.000549,74.125.130.0-255,2902,23130,87,389174
46046,0.000552,172.31.47.0-255,66,23196,87,389174
46047,0.00058,74.125.130.0-255,2902,26098,87,389174
46048,0.000582,172.31.47.0-255,66,26164,87,389174
46049,0.000589,74.125.130.0-255,5379,31543,87,389174
46050,0.00059,172.31.47.0-255,66,31609,87,389174
46051,0.000799,74.125.130.0-255,1484,33093,87,389174
46052,0.000804,172.31.47.0-255,66,33159,87,389174
46053,0.00081,74.125.130.0-255,2902,36061,87,389174
46054,0.000812,172.31.47.0-255,66,36127,87,389174
46055,0.00085,74.125.130.0-255,5738,41865,87,389174
46056,0.000853,172.31.47.0-255,66,41931,87,389174
46057,0.000858,74.125.130.0-255,4320,46251,87,389174
46058,0.00086,172.31.47.0-255,66,46317,87,389174
46059,0.000883,74.125.130.0-255,2543,48860,87,389174
46060,0.000919,74.125.130.0-255,1484,50344,87,389174
46061,0.000921,172.31.47.0-255,66,50410,87,389174
46062,0.000944,74.125.130.0-255,4320,54730,87,389174
46063,0.000951,172.31.47.0-255,66,54796,87,389174
46064,0.000974,74.125.130.0-255,2543,57339,87,389174
46065,0.000976,74.125.130.0-255,368,57707,87,389174
46066,0.00098,172.31.47.0-255,66,57773,87,389174
46067,0.001055,74.125.130.0-255,375,58148,87,389174
46068,0.001264,74.125.130.0-255,1484,59632,87,389174
46069,0.001268,172.31.47.0-255,66,59698,87,389174
46070,0.001272,74.125.130.0-255,1484,61182,87,389174
46071,0.001292,74.125.130.0-255,1484,62666,87,389174
46072,0.001295,74.125.130.0-255,1484,64150,87,389174
46073,0.001296,172.31.47.0-255,66,64216,87,389174
46074,0.001319,74.125.130.0-255,2902,67118,87,389174
46075,0.001332,74.125.130.0-255,1484,68602,87,389174
46076,0.001332,172.31.47.0-255,66,68668,87,389174
46077,0.00136,74.125.130.0-255,4320,72988,87,389174
46078,0.001364,74.125.130.0-255,2902,75890,87,389174
46079,0.001365,172.31.47.0-255,66,75956,87,389174
46080,0.001367,74.125.130.0-255,4320,80276,87,389174
46081,0.001376,172.31.47.0-255,66,80342,87,389174
46082,0.001398,172.31.47.0-255,66,80408,87,389174
46083,0.00142,74.125.130.0-255,3602,84010,87,389174
46084,0.001423,172.31.47.0-255,66,84076,87,389174
46085,0.001484,74.125.130.0-255,1484,85560,87,389174
46086,0.001499,74.125.130.0-255,2902,88462,87,389174
46087,0.001502,74.125.130.0-255,1484,89946,87,389174
46088,0.001503,172.31.47.0-255,66,90012,87,389174
46089,0.001512,74.125.130.0-255,2902,92914,87,389174
46090,0.001516,172.31.47.0-255,66,92980,87,389174
46091,0.001531,74.125.130.0-255,1484,94464,87,389174
46092,0.001551,74.125.130.0-255,7156,101620,87,389174
46093,0.001556,74.125.130.0-255,4320,105940,87,389174
46094,0.001557,172.31.47.0-255,66,106006,87,389174
46095,0.001577,172.31.47.0-255,66,106072,87,389174
46096,0.001584,74.125.130.0-255,5738,111810,87,389174
46097,0.001589,172.31.47.0-255,66,111876,87,389174
46098,0.00164,74.125.130.0-255,6438,118314,87,389174
46099,0.00165,172.31.47.0-255,66,118380,87,389174
46100,0.001711,74.125.130.0-255,1484,119864,87,389174
46101,0.001747,74.125.130.0-255,1484,121348,87,389174
46102,0.00175,172.31.47.0-255,66,121414,87,389174
46103,0.001753,74.125.130.0-255,1484,122898,87,389174
46104,0.001773,74.125.130.0-255,1484,124382,87,389174
46105,0.001778,74.125.130.0-255,4320,128702,87,389174
46106,0.001783,172.31.47.0-255,66,128768,87,389174
46107,0.001795,74.125.130.0-255,1484,130252,87,389174
46108,0.001805,74.125.130.0-255,5738,135990,87,389174
46109,0.00181,172.31.47.0-255,66,136056,87,389174
46110,0.001819,74.125.130.0-255,1484,137540,87,389174
46111,0.001846,172.31.47.0-255,66,137606,87,389174
46112,0.001854,74.125.130.0-255,2902,140508,87,389174
46113,0.001857,172.31.47.0-255,66,140574,87,389174
46114,0.001883,74.125.130.0-255,3602,144176,87,389174
46115,0.00189,172.31.47.0-255,66,144242,87,389174
46116,0.002259,74.125.130.0-255,1484,145726,87,389174
46117,0.002276,74.125.130.0-255,2902,148628,87,389174
46118,0.002279,172.31.47.0-255,66,148694,87,389174
46119,0.002304,74.125.130.0-255,5738,154432,87,389174
46120,0.002309,74.125.130.0-255,2902,157334,87,389174
46121,0.002311,74.125.130.0-255,1484,158818,87,389174
46122,0.002329,74.125.130.0-255,2902,161720,87,389174
46123,0.002332,74.125.130.0-255,1484,163204,87,389174
46124,0.002348,74.125.130.0-255,4320,167524,87,389174
46125,0.002366,74.125.130.0-255,2902,170426,87,389174
46126,0.00237,74.125.130.0-255,4320,174746,87,389174
46127,0.002401,74.125.130.0-255,3602,178348,87,389174
46128,0.002553,172.31.47.0-255,66,178414,87,389174
46129,0.005098,74.125.130.0-255,4320,182734,87,389174
46130,0.005105,172.31.47.0-255,66,182800,87,389174
46131,0.005131,74.125.130.0-255,1484,184284,87,389174
46132,0.007654,74.125.130.0-255,4320,188604,87,389174
46133,0.007659,172.31.47.0-255,66,188670,87,389174
46134,0.010214,74.125.130.0-255,5738,194408,87,389174
46135,0.010373,172.31.47.0-255,66,194474,87,389174
46136,0.012938,74.125.130.0-255,5738,200212,87,389174
46137,0.012945,172.31.47.0-255,66,200278,87,389174
46138,0.0155,74.125.130.0-255,5738,206016,87,389174
46139,0.015507,172.31.47.0-255,66,206082,87,389174
46140,0.018061,74.125.130.0-255,5738,211820,87,389174
46141,0.018068,172.31.47.0-255,66,211886,87,389174
46142,0.020623,74.125.130.0-255,5738,217624,87,389174
46143,0.020631,172.31.47.0-255,66,217690,87,389174
46144,0.021831,172.31.47.0-255,172,217862,87,389174
46145,0.021859,172.31.47.0-255,1113,218975,87,389174
46146,0.021892,172.31.47.0-255,1514,220489,87,389174
46147,0.021894,172.31.47.0-255,1291,221780,87,389174
46148,0.023165,74.125.130.0-255,1484,223264,87,389174
46149,0.023209,74.125.130.0-255,4320,227584,87,389174
46150,0.023214,172.31.47.0-255,66,227650,87,389174
46151,0.023383,104.244.42.0-255,66,227716,87,389174
46152,0.023426,104.244.42.0-255,66,227782,87,389174
46153,0.023477,104.244.42.0-255,66,227848,87,389174
46154,0.025762,74.125.130.0-255,4320,232168,87,389174
46155,0.025767,172.31.47.0-255,66,232234,87,389174
46156,0.025789,74.125.130.0-255,1484,233718,87,389174
46157,0.028312,74.125.130.0-255,4320,238038,87,389174
46158,0.028317,172.31.47.0-255,66,238104,87,389174
46159,0.030886,74.125.130.0-255,1484,239588,87,389174
46160,0.03092,74.125.130.0-255,4320,243908,87,389174
46161,0.030933,172.31.47.0-255,66,243974,87,389174
46162,0.033482,74.125.130.0-255,1484,245458,87,389174
46163,0.033513,74.125.130.0-255,4320,249778,87,389174
46164,0.033517,172.31.47.0-255,66,249844,87,389174
46165,0.036078,74.125.130.0-255,5738,255582,87,389174
46166,0.036083,172.31.47.0-255,66,255648,87,389174
46167,0.038637,74.125.130.0-255,5738,261386,87,389174
46168,0.038644,172.31.47.0-255,66,261452,87,389174
46169,0.041203,74.125.130.0-255,4320,265772,87,389174
46170,0.041207,172.31.47.0-255,66,265838,87,389174
46171,0.041231,74.125.130.0-255,1484,267322,87,389174
46172,0.043742,74.125.130.0-255,4320,271642,87,389174
46173,0.043747,172.31.47.0-255,66,271708,87,389174
46174,0.046294,74.125.130.0-255,5738,277446,87,389174
46175,0.046341,172.31.47.0-255,66,277512,87,389174
46176,0.048923,74.125.130.0-255,4320,281832,87,389174
46177,0.048929,172.31.47.0-255,66,281898,87,389174
46178,0.04896,74.125.130.0-255,1484,283382,87,389174
46179,0.05147,74.125.130.0-255,4320,287702,87,389174
46180,0.051476,172.31.47.0-255,66,287768,87,389174
46181,0.054026,74.125.130.0-255,4320,292088,87,389174
46182,0.054031,172.31.47.0-255,66,292154,87,389174
46183,0.054099,74.125.130.0-255,1484,293638,87,389174
46184,0.056573,74.125.130.0-255,4320,297958,87,389174
46185,0.056579,172.31.47.0-255,66,298024,87,389174
46186,0.059134,74.125.130.0-255,5738,303762,87,389174
46187,0.059183,172.31.47.0-255,66,303828,87,389174
46188,0.061733,74.125.130.0-255,5738,309566,87,389174
46189,0.061737,172.31.47.0-255,66,309632,87,389174
46190,0.064299,74.125.130.0-255,1484,311116,87,389174
46191,0.064332,74.125.130.0-255,4320,315436,87,389174
46192,0.064336,172.31.47.0-255,66,315502,87,389174
46193,0.066895,74.125.130.0-255,4320,319822,87,389174
46194,0.0669,172.31.47.0-255,66,319888,87,389174
46195,0.066929,74.125.130.0-255,1484,321372,87,389174
46196,0.069451,74.125.130.0-255,4320,325692,87,389174
46197,0.069456,172.31.47.0-255,66,325758,87,389174
46198,0.072014,74.125.130.0-255,5738,331496,87,389174
46199,0.072064,172.31.47.0-255,66,331562,87,389174
46200,0.074612,74.125.130.0-255,4320,335882,87,389174
46201,0.074617,172.31.47.0-255,66,335948,87,389174
46202,0.074645,74.125.130.0-255,1484,337432,87,389174
46203,0.077163,74.125.130.0-255,4320,341752,87,389174
46204,0.077167,172.31.47.0-255,66,341818,87,389174
46205,0.079717,74.125.130.0-255,5738,347556,87,389174
46206,0.079776,172.31.47.0-255,66,347622,87,389174
46207,0.082305,74.125.130.0-255,2902,350524,87,389174
46208,0.082309,172.31.47.0-255,66,350590,87,389174
46209,0.08234,74.125.130.0-255,2902,353492,87,389174
46210,0.082361,172.31.47.0-255,66,353558,87,389174
46211,0.084852,74.125.130.0-255,2902,356460,87,389174
46212,0.084856,172.31.47.0-255,66,356526,87,389174
46213,0.084898,74.125.130.0-255,2902,359428,87,389174
46214,0.084904,172.31.47.0-255,66,359494,87,389174
46215,0.087397,74.125.130.0-255,2902,362396,87,389174
46216,0.087403,172.31.47.0-255,66,362462,87,389174
46217,0.087443,74.125.130.0-255,2902,365364,87,389174
46218,0.087458,172.31.47.0-255,66,365430,87,389174
46219,0.089951,74.125.130.0-255,2902,368332,87,389174
46220,0.089956,172.31.47.0-255,66,368398,87,389174
46221,0.09,74.125.130.0-255,2902,371300,87,389174
46222,0.090026,172.31.47.0-255,66,371366,87,389174
46223,0.092515,74.125.130.0-255,2902,374268,87,389174
46224,0.092524,172.31.47.0-255,66,374334,87,389174
46225,0.092564,74.125.130.0-255,2902,377236,87,389174
46226,0.092585,172.31.47.0-255,66,377302,87,389174
46227,0.095081,74.125.130.0-255,2902,380204,87,389174
46228,0.095087,172.31.47.0-255,66,380270,87,389174
46229,0.095136,74.125.130.0-255,2902,383172,87,389174
46230,0.095166,172.31.47.0-255,66,383238,87,389174
46231,0.097633,74.125.130.0-255,2902,386140,87,389174
46232,0.097639,172.31.47.0-255,66,386206,87,389174
46233,0.097703,74.125.130.0-255,2902,389108,87,389174
46234,0.097716,172.31.47.0-255,66,389174,87,389174
46235,0.0,172.31.47.0-255,66,66,87,66
46236,0.0,74.125.24.0-255,431,431,87,111436
46237,2.6e-05,74.125.24.0-255,1484,1915,87,111436
46238,3.6e-05,172.31.47.0-255,66,1981,87,111436
46239,4.3e-05,74.125.24.0-255,4320,6301,87,111436
46240,4.6e-05,172.31.47.0-255,66,6367,87,111436
46241,5.5e-05,172.31.47.0-255,66,6433,87,111436
46242,0.000363,74.125.24.0-255,1484,7917,87,111436
46243,0.000429,74.125.24.0-255,2902,10819,87,111436
46244,0.000435,172.31.47.0-255,66,10885,87,111436
46245,0.000555,74.125.24.0-255,4320,15205,87,111436
46246,0.000559,172.31.47.0-255,66,15271,87,111436
46247,0.000576,74.125.24.0-255,1484,16755,87,111436
46248,0.000815,74.125.24.0-255,5542,22297,87,111436
46249,0.000819,172.31.47.0-255,66,22363,87,111436
46250,0.002582,74.125.24.0-255,5738,28101,87,111436
46251,0.002588,172.31.47.0-255,66,28167,87,111436
46252,0.002692,74.125.24.0-255,2902,31069,87,111436
46253,0.002714,74.125.24.0-255,5738,36807,87,111436
46254,0.003084,74.125.24.0-255,5738,42545,87,111436
46255,0.003781,74.125.24.0-255,5738,48283,87,111436
46256,0.004166,172.31.47.0-255,66,48349,87,111436
46257,0.004382,172.31.47.0-255,66,48415,87,111436
46258,0.004388,74.125.24.0-255,5738,54153,87,111436
46259,0.004398,172.31.47.0-255,66,54219,87,111436
46260,0.004904,74.125.24.0-255,4320,58539,87,111436
46261,0.004909,172.31.47.0-255,66,58605,87,111436
46262,0.004926,74.125.24.0-255,1484,60089,87,111436
46263,0.005124,74.125.24.0-255,4320,64409,87,111436
46264,0.005129,172.31.47.0-255,66,64475,87,111436
46265,0.005143,74.125.24.0-255,4320,68795,87,111436
46266,0.005149,172.31.47.0-255,66,68861,87,111436
46267,0.006738,172.31.47.0-255,66,68927,87,111436
46268,0.006759,74.125.24.0-255,2902,71829,87,111436
46269,0.00695,74.125.24.0-255,5738,77567,87,111436
46270,0.008014,74.125.24.0-255,4320,81887,87,111436
46271,0.008646,172.31.47.0-255,66,81953,87,111436
46272,0.009259,74.125.24.0-255,6084,88037,87,111436
46273,0.009265,172.31.47.0-255,66,88103,87,111436
46274,0.011214,74.125.24.0-255,5738,93841,87,111436
46275,0.011221,172.31.47.0-255,66,93907,87,111436
46276,0.011261,172.31.47.0-255,66,93973,87,111436
46277,0.011297,172.31.47.0-255,66,94039,87,111436
46278,0.011446,74.125.24.0-255,2902,96941,87,111436
46279,0.011449,172.31.47.0-255,66,97007,87,111436
46280,0.011507,172.31.47.0-255,66,97073,87,111436
46281,0.011521,74.125.24.0-255,5738,102811,87,111436
46282,0.011524,172.31.47.0-255,66,102877,87,111436
46283,0.012033,172.31.47.0-255,66,102943,87,111436
46284,0.013805,172.31.47.0-255,66,103009,87,111436
46285,0.013848,74.125.24.0-255,1488,104497,87,111436
46286,0.013852,172.31.47.0-255,66,104563,87,111436
46287,0.013897,172.31.47.0-255,66,104629,87,111436
46288,0.014016,172.31.47.0-255,66,104695,87,111436
46289,0.014278,172.31.47.0-255,66,104761,87,111436
46290,0.014299,74.125.24.0-255,2151,106912,87,111436
46291,0.014303,172.31.47.0-255,66,106978,87,111436
46292,0.015066,172.31.47.0-255,105,107083,87,111436
46293,0.017579,74.125.24.0-255,66,107149,87,111436
46294,0.041463,172.31.47.0-255,171,107320,87,111436
46295,0.041493,172.31.47.0-255,1127,108447,87,111436
46296,0.041548,172.31.47.0-255,1514,109961,87,111436
46297,0.04155,172.31.47.0-255,1277,111238,87,111436
46298,0.043023,104.244.42.0-255,66,111304,87,111436
46299,0.043065,104.244.42.0-255,66,111370,87,111436
46300,0.043114,104.244.42.0-255,66,111436,87,111436
46301,0.0,172.217.194.0-255,153,153,87,182949
46302,2.4e-05,172.31.47.0-255,66,219,87,182949
46303,3e-05,172.217.194.0-255,1484,1703,87,182949
46304,3.4e-05,172.31.47.0-255,66,1769,87,182949
46305,3.9e-05,172.217.194.0-255,2902,4671,87,182949
46306,4.1e-05,172.31.47.0-255,66,4737,87,182949
46307,4.4e-05,172.217.194.0-255,1484,6221,87,182949
46308,5.5e-05,172.31.47.0-255,66,6287,87,182949
46309,8.4e-05,172.217.194.0-255,5738,12025,87,182949
46310,8.7e-05,172.31.47.0-255,66,12091,87,182949
46311,9e-05,172.217.194.0-255,2183,14274,87,182949
46312,9.2e-05,172.31.47.0-255,66,14340,87,182949
46313,0.0001,172.31.47.0-255,66,14406,87,182949
46314,0.000127,172.217.194.0-255,2902,17308,87,182949
46315,0.00013,172.31.47.0-255,66,17374,87,182949
46316,0.000136,172.217.194.0-255,7156,24530,87,182949
46317,0.000138,172.31.47.0-255,66,24596,87,182949
46318,0.000177,172.31.47.0-255,66,24662,87,182949
46319,0.000182,172.217.194.0-255,6438,31100,87,182949
46320,0.000184,172.31.47.0-255,66,31166,87,182949
46321,0.000615,172.217.194.0-255,1484,32650,87,182949
46322,0.00062,172.31.47.0-255,66,32716,87,182949
46323,0.000627,172.217.194.0-255,2902,35618,87,182949
46324,0.000629,172.31.47.0-255,66,35684,87,182949
46325,0.000649,172.217.194.0-255,2902,38586,87,182949
46326,0.000651,172.31.47.0-255,66,38652,87,182949
46327,0.000683,172.217.194.0-255,2902,41554,87,182949
46328,0.000686,172.31.47.0-255,66,41620,87,182949
46329,0.000695,172.31.47.0-255,66,41686,87,182949
46330,0.000928,172.217.194.0-255,1484,43170,87,182949
46331,0.000935,172.217.194.0-255,2902,46072,87,182949
46332,0.000939,172.31.47.0-255,66,46138,87,182949
46333,0.000945,172.217.194.0-255,4320,50458,87,182949
46334,0.000946,172.31.47.0-255,66,50524,87,182949
46335,0.000966,172.217.194.0-255,1484,52008,87,182949
46336,0.000994,172.217.194.0-255,7156,59164,87,182949
46337,0.000997,172.31.47.0-255,66,59230,87,182949
46338,0.001017,172.217.194.0-255,5738,64968,87,182949
46339,0.00102,172.31.47.0-255,66,65034,87,182949
46340,0.001029,172.31.47.0-255,66,65100,87,182949
46341,0.001032,172.217.194.0-255,2184,67284,87,182949
46342,0.001034,172.31.47.0-255,66,67350,87,182949
46343,0.001071,172.217.194.0-255,1484,68834,87,182949
46344,0.001098,172.217.194.0-255,2902,71736,87,182949
46345,0.001102,172.31.47.0-255,66,71802,87,182949
46346,0.001106,172.217.194.0-255,2902,74704,87,182949
46347,0.001109,172.31.47.0-255,66,74770,87,182949
46348,0.001133,172.217.194.0-255,2902,77672,87,182949
46349,0.001135,172.31.47.0-255,66,77738,87,182949
46350,0.001146,172.217.194.0-255,7156,84894,87,182949
46351,0.001148,172.31.47.0-255,66,84960,87,182949
46352,0.001172,172.217.194.0-255,5738,90698,87,182949
46353,0.001176,172.31.47.0-255,66,90764,87,182949
46354,0.00119,172.31.47.0-255,66,90830,87,182949
46355,0.001196,172.217.194.0-255,5738,96568,87,182949
46356,0.001199,172.31.47.0-255,66,96634,87,182949
46357,0.001234,172.217.194.0-255,5738,102372,87,182949
46358,0.001236,172.31.47.0-255,66,102438,87,182949
46359,0.001239,172.217.194.0-255,1484,103922,87,182949
46360,0.00142,172.217.194.0-255,1484,105406,87,182949
46361,0.001424,172.217.194.0-255,2902,108308,87,182949
46362,0.001452,172.217.194.0-255,4320,112628,87,182949
46363,0.001465,172.217.194.0-255,1484,114112,87,182949
46364,0.001484,172.217.194.0-255,2902,117014,87,182949
46365,0.001515,172.217.194.0-255,4320,121334,87,182949
46366,0.001526,172.217.194.0-255,2902,124236,87,182949
46367,0.001543,172.217.194.0-255,1484,125720,87,182949
46368,0.001553,172.217.194.0-255,2184,127904,87,182949
46369,0.0017,172.217.194.0-255,1484,129388,87,182949
46370,0.001711,172.217.194.0-255,2902,132290,87,182949
46371,0.001716,172.217.194.0-255,5738,138028,87,182949
46372,0.001764,172.217.194.0-255,1484,139512,87,182949
46373,0.001806,172.217.194.0-255,2902,142414,87,182949
46374,0.001897,172.217.194.0-255,766,143180,87,182949
46375,0.001936,172.217.194.0-255,5738,148918,87,182949
46376,0.001967,172.217.194.0-255,6438,155356,87,182949
46377,0.001969,172.217.194.0-255,1484,156840,87,182949
46378,0.001977,172.217.194.0-255,1484,158324,87,182949
46379,0.001988,172.217.194.0-255,4320,162644,87,182949
46380,0.002029,172.217.194.0-255,1484,164128,87,182949
46381,0.002035,172.217.194.0-255,7156,171284,87,182949
46382,0.00208,172.217.194.0-255,2902,174186,87,182949
46383,0.002129,172.217.194.0-255,3964,178150,87,182949
46384,0.002131,172.217.194.0-255,105,178255,87,182949
46385,0.00393,172.31.47.0-255,66,178321,87,182949
46386,0.006566,172.31.47.0-255,105,178426,87,182949
46387,0.008859,172.217.194.0-255,66,178492,87,182949
46388,0.029986,172.31.47.0-255,167,178659,87,182949
46389,0.030017,172.31.47.0-255,1111,179770,87,182949
46390,0.030049,172.31.47.0-255,1514,181284,87,182949
46391,0.030051,172.31.47.0-255,1293,182577,87,182949
46392,0.031532,104.244.42.0-255,66,182643,87,182949
46393,0.031572,104.244.42.0-255,66,182709,87,182949
46394,0.031621,104.244.42.0-255,66,182775,87,182949
46395,0.032288,104.244.42.0-255,108,182883,87,182949
46396,0.032306,172.31.47.0-255,66,182949,87,182949
46397,0.0,172.31.47.0-255,66,66,87,66
46398,0.0,172.217.194.0-255,146,146,87,161996
46399,2.2e-05,172.31.47.0-255,66,212,87,161996
46400,2.9e-05,172.217.194.0-255,1484,1696,87,161996
46401,3.4e-05,172.31.47.0-255,66,1762,87,161996
46402,4e-05,172.217.194.0-255,2902,4664,87,161996
46403,5e-05,172.31.47.0-255,66,4730,87,161996
46404,5.9e-05,172.217.194.0-255,7156,11886,87,161996
46405,6.3e-05,172.31.47.0-255,66,11952,87,161996
46406,7e-05,172.217.194.0-255,4881,16833,87,161996
46407,7.3e-05,172.31.47.0-255,66,16899,87,161996
46408,8.8e-05,172.31.47.0-255,66,16965,87,161996
46409,0.000153,172.217.194.0-255,1484,18449,87,161996
46410,0.000156,172.31.47.0-255,66,18515,87,161996
46411,0.000161,172.217.194.0-255,2902,21417,87,161996
46412,0.000163,172.31.47.0-255,66,21483,87,161996
46413,0.000174,172.217.194.0-255,5738,27221,87,161996
46414,0.000176,172.31.47.0-255,66,27287,87,161996
46415,0.00018,172.217.194.0-255,1484,28771,87,161996
46416,0.000182,172.31.47.0-255,66,28837,87,161996
46417,0.000207,172.217.194.0-255,5379,34216,87,161996
46418,0.000209,172.31.47.0-255,66,34282,87,161996
46419,0.000215,172.217.194.0-255,4320,38602,87,161996
46420,0.000221,172.31.47.0-255,66,38668,87,161996
46421,0.000261,172.31.47.0-255,66,38734,87,161996
46422,0.000266,172.217.194.0-255,2864,41598,87,161996
46423,0.000268,172.31.47.0-255,66,41664,87,161996
46424,0.00027,172.217.194.0-255,364,42028,87,161996
46425,0.000272,172.31.47.0-255,66,42094,87,161996
46426,0.000371,172.217.194.0-255,1484,43578,87,161996
46427,0.000376,172.31.47.0-255,66,43644,87,161996
46428,0.000382,172.217.194.0-255,2902,46546,87,161996
46429,0.000384,172.31.47.0-255,66,46612,87,161996
46430,0.000394,172.217.194.0-255,5738,52350,87,161996
46431,0.000397,172.31.47.0-255,66,52416,87,161996
46432,0.000402,172.217.194.0-255,2902,55318,87,161996
46433,0.000403,172.31.47.0-255,66,55384,87,161996
46434,0.000448,172.31.47.0-255,66,55450,87,161996
46435,0.000461,172.31.47.0-255,66,55516,87,161996
46436,0.000532,172.217.194.0-255,1484,57000,87,161996
46437,0.000553,172.217.194.0-255,2902,59902,87,161996
46438,0.000556,172.31.47.0-255,66,59968,87,161996
46439,0.000563,172.217.194.0-255,5738,65706,87,161996
46440,0.000566,172.31.47.0-255,66,65772,87,161996
46441,0.000605,172.31.47.0-255,66,65838,87,161996
46442,0.00061,172.217.194.0-255,4320,70158,87,161996
46443,0.000613,172.31.47.0-255,66,70224,87,161996
46444,0.000649,172.217.194.0-255,6438,76662,87,161996
46445,0.000652,172.31.47.0-255,66,76728,87,161996
46446,0.001061,172.217.194.0-255,1484,78212,87,161996
46447,0.001068,172.217.194.0-255,2902,81114,87,161996
46448,0.001071,172.31.47.0-255,66,81180,87,161996
46449,0.001079,172.217.194.0-255,5738,86918,87,161996
46450,0.001081,172.31.47.0-255,66,86984,87,161996
46451,0.001117,172.31.47.0-255,66,87050,87,161996
46452,0.001137,172.217.194.0-255,2902,89952,87,161996
46453,0.001139,172.31.47.0-255,66,90018,87,161996
46454,0.001144,172.217.194.0-255,2902,92920,87,161996
46455,0.001147,172.31.47.0-255,66,92986,87,161996
46456,0.001201,172.31.47.0-255,66,93052,87,161996
46457,0.001468,172.217.194.0-255,1484,94536,87,161996
46458,0.001475,172.217.194.0-255,2902,97438,87,161996
46459,0.001479,172.31.47.0-255,66,97504,87,161996
46460,0.001485,172.217.194.0-255,4320,101824,87,161996
46461,0.001487,172.31.47.0-255,66,101890,87,161996
46462,0.001515,172.217.194.0-255,1484,103374,87,161996
46463,0.001522,172.217.194.0-255,5738,109112,87,161996
46464,0.001525,172.31.47.0-255,66,109178,87,161996
46465,0.001556,172.217.194.0-255,7156,116334,87,161996
46466,0.001559,172.31.47.0-255,66,116400,87,161996
46467,0.001601,172.31.47.0-255,66,116466,87,161996
46468,0.001722,172.217.194.0-255,1484,117950,87,161996
46469,0.001725,172.217.194.0-255,1484,119434,87,161996
46470,0.00173,172.31.47.0-255,66,119500,87,161996
46471,0.001756,172.217.194.0-255,1484,120984,87,161996
46472,0.001763,172.217.194.0-255,5738,126722,87,161996
46473,0.001766,172.31.47.0-255,66,126788,87,161996
46474,0.001806,172.217.194.0-255,5738,132526,87,161996
46475,0.001809,172.31.47.0-255,66,132592,87,161996
46476,0.001843,172.217.194.0-255,7156,139748,87,161996
46477,0.001847,172.31.47.0-255,66,139814,87,161996
46478,0.00185,172.217.194.0-255,1484,141298,87,161996
46479,0.001871,172.31.47.0-255,66,141364,87,161996
46480,0.001891,172.31.47.0-255,66,141430,87,161996
46481,0.001902,172.31.47.0-255,66,141496,87,161996
46482,0.001956,172.31.47.0-255,66,141562,87,161996
46483,0.001963,172.217.194.0-255,5738,147300,87,161996
46484,0.001965,172.31.47.0-255,66,147366,87,161996
46485,0.002003,172.31.47.0-255,66,147432,87,161996
46486,0.002036,172.31.47.0-255,66,147498,87,161996
46487,0.002049,172.217.194.0-255,2184,149682,87,161996
46488,0.002052,172.31.47.0-255,66,149748,87,161996
46489,0.002082,172.31.47.0-255,66,149814,87,161996
46490,0.002118,172.31.47.0-255,66,149880,87,161996
46491,0.002135,172.31.47.0-255,66,149946,87,161996
46492,0.002177,172.31.47.0-255,66,150012,87,161996
46493,0.002185,172.217.194.0-255,7156,157168,87,161996
46494,0.002187,172.31.47.0-255,66,157234,87,161996
46495,0.002231,172.31.47.0-255,66,157300,87,161996
46496,0.002244,172.31.47.0-255,66,157366,87,161996
46497,0.002247,172.217.194.0-255,105,157471,87,161996
46498,0.00456,172.31.47.0-255,66,157537,87,161996
46499,0.004597,172.31.47.0-255,105,157642,87,161996
46500,0.006841,172.217.194.0-255,66,157708,87,161996
46501,0.028585,172.31.47.0-255,172,157880,87,161996
46502,0.028626,172.31.47.0-255,1112,158992,87,161996
46503,0.028681,172.31.47.0-255,1514,160506,87,161996
46504,0.028683,172.31.47.0-255,1292,161798,87,161996
46505,0.030127,104.244.42.0-255,66,161864,87,161996
46506,0.030176,104.244.42.0-255,66,161930,87,161996
46507,0.030231,104.244.42.0-255,66,161996,87,161996
46508,0.0,172.217.194.0-255,153,153,87,361037
46509,2.5e-05,172.31.47.0-255,66,219,87,361037
46510,3.2e-05,172.217.194.0-255,1484,1703,87,361037
46511,3.5e-05,172.31.47.0-255,66,1769,87,361037
46512,4e-05,172.217.194.0-255,2902,4671,87,361037
46513,4.3e-05,172.31.47.0-255,66,4737,87,361037
46514,5e-05,172.217.194.0-255,7156,11893,87,361037
46515,5.2e-05,172.31.47.0-255,66,11959,87,361037
46516,5.6e-05,172.217.194.0-255,2082,14041,87,361037
46517,5.8e-05,172.31.47.0-255,66,14107,87,361037
46518,0.000119,172.217.194.0-255,1484,15591,87,361037
46519,0.000123,172.31.47.0-255,66,15657,87,361037
46520,0.000128,172.217.194.0-255,2902,18559,87,361037
46521,0.00013,172.31.47.0-255,66,18625,87,361037
46522,0.000134,172.217.194.0-255,2902,21527,87,361037
46523,0.000137,172.31.47.0-255,66,21593,87,361037
46524,0.000164,172.217.194.0-255,2902,24495,87,361037
46525,0.000167,172.31.47.0-255,66,24561,87,361037
46526,0.000174,172.217.194.0-255,6797,31358,87,361037
46527,0.000176,172.31.47.0-255,66,31424,87,361037
46528,0.000201,172.217.194.0-255,7156,38580,87,361037
46529,0.000204,172.31.47.0-255,66,38646,87,361037
46530,0.000211,172.217.194.0-255,7156,45802,87,361037
46531,0.000214,172.31.47.0-255,66,45868,87,361037
46532,0.000229,172.217.194.0-255,2543,48411,87,361037
46533,0.000231,172.31.47.0-255,66,48477,87,361037
46534,0.00026,172.217.194.0-255,7156,55633,87,361037
46535,0.000264,172.31.47.0-255,66,55699,87,361037
46536,0.00028,172.217.194.0-255,2902,58601,87,361037
46537,0.000284,172.31.47.0-255,66,58667,87,361037
46538,0.000315,172.217.194.0-255,2902,61569,87,361037
46539,0.000318,172.31.47.0-255,66,61635,87,361037
46540,0.000341,172.217.194.0-255,4237,65872,87,361037
46541,0.000345,172.31.47.0-255,66,65938,87,361037
46542,0.000347,172.217.194.0-255,431,66369,87,361037
46543,0.000624,172.217.194.0-255,1484,67853,87,361037
46544,0.000628,172.31.47.0-255,66,67919,87,361037
46545,0.000632,172.217.194.0-255,1484,69403,87,361037
46546,0.000648,172.217.194.0-255,1484,70887,87,361037
46547,0.00065,172.31.47.0-255,66,70953,87,361037
46548,0.000657,172.217.194.0-255,5738,76691,87,361037
46549,0.00066,172.31.47.0-255,66,76757,87,361037
46550,0.000666,172.217.194.0-255,5738,82495,87,361037
46551,0.000668,172.31.47.0-255,66,82561,87,361037
46552,0.000722,172.217.194.0-255,5738,88299,87,361037
46553,0.000726,172.31.47.0-255,66,88365,87,361037
46554,0.000749,172.31.47.0-255,66,88431,87,361037
46555,0.000752,172.217.194.0-255,766,89197,87,361037
46556,0.000849,172.217.194.0-255,1484,90681,87,361037
46557,0.000852,172.31.47.0-255,66,90747,87,361037
46558,0.000857,172.217.194.0-255,2902,93649,87,361037
46559,0.000859,172.31.47.0-255,66,93715,87,361037
46560,0.000863,172.217.194.0-255,2902,96617,87,361037
46561,0.000865,172.31.47.0-255,66,96683,87,361037
46562,0.000889,172.217.194.0-255,2902,99585,87,361037
46563,0.000891,172.31.47.0-255,66,99651,87,361037
46564,0.000897,172.217.194.0-255,5738,105389,87,361037
46565,0.000901,172.31.47.0-255,66,105455,87,361037
46566,0.000917,172.217.194.0-255,7156,112611,87,361037
46567,0.00092,172.31.47.0-255,66,112677,87,361037
46568,0.000956,172.31.47.0-255,66,112743,87,361037
46569,0.000975,172.217.194.0-255,5738,118481,87,361037
46570,0.000978,172.31.47.0-255,66,118547,87,361037
46571,0.001004,172.217.194.0-255,2902,121449,87,361037
46572,0.001006,172.31.47.0-255,66,121515,87,361037
46573,0.001017,172.31.47.0-255,66,121581,87,361037
46574,0.00104,172.217.194.0-255,5738,127319,87,361037
46575,0.001044,172.31.47.0-255,66,127385,87,361037
46576,0.001073,172.31.47.0-255,66,127451,87,361037
46577,0.001355,172.217.194.0-255,1484,128935,87,361037
46578,0.00136,172.217.194.0-255,1484,130419,87,361037
46579,0.001364,172.31.47.0-255,66,130485,87,361037
46580,0.001384,172.217.194.0-255,1484,131969,87,361037
46581,0.001391,172.217.194.0-255,5738,137707,87,361037
46582,0.001394,172.31.47.0-255,66,137773,87,361037
46583,0.001401,172.217.194.0-255,7156,144929,87,361037
46584,0.001403,172.31.47.0-255,66,144995,87,361037
46585,0.001424,172.217.194.0-255,2902,147897,87,361037
46586,0.001427,172.31.47.0-255,66,147963,87,361037
46587,0.00146,172.31.47.0-255,66,148029,87,361037
46588,0.001479,172.217.194.0-255,2184,150213,87,361037
46589,0.001482,172.31.47.0-255,66,150279,87,361037
46590,0.001557,172.217.194.0-255,1484,151763,87,361037
46591,0.001562,172.217.194.0-255,2902,154665,87,361037
46592,0.001566,172.31.47.0-255,66,154731,87,361037
46593,0.00157,172.217.194.0-255,1484,156215,87,361037
46594,0.001591,172.217.194.0-255,4320,160535,87,361037
46595,0.001593,172.31.47.0-255,66,160601,87,361037
46596,0.001599,172.217.194.0-255,5738,166339,87,361037
46597,0.001601,172.31.47.0-255,66,166405,87,361037
46598,0.001622,172.217.194.0-255,7156,173561,87,361037
46599,0.001625,172.31.47.0-255,66,173627,87,361037
46600,0.001629,172.217.194.0-255,2902,176529,87,361037
46601,0.00163,172.31.47.0-255,66,176595,87,361037
46602,0.001662,172.31.47.0-255,66,176661,87,361037
46603,0.003679,172.217.194.0-255,5738,182399,87,361037
46604,0.003684,172.31.47.0-255,66,182465,87,361037
46605,0.005718,172.217.194.0-255,5738,188203,87,361037
46606,0.005722,172.31.47.0-255,66,188269,87,361037
46607,0.007743,172.217.194.0-255,5738,194007,87,361037
46608,0.007748,172.31.47.0-255,66,194073,87,361037
46609,0.009797,172.217.194.0-255,5738,199811,87,361037
46610,0.009803,172.31.47.0-255,66,199877,87,361037
46611,0.011843,172.217.194.0-255,5738,205615,87,361037
46612,0.011849,172.31.47.0-255,66,205681,87,361037
46613,0.01398,172.217.194.0-255,5738,211419,87,361037
46614,0.013988,172.31.47.0-255,66,211485,87,361037
46615,0.016017,172.217.194.0-255,5738,217223,87,361037
46616,0.016023,172.31.47.0-255,66,217289,87,361037
46617,0.018041,172.217.194.0-255,2902,220191,87,361037
46618,0.018047,172.31.47.0-255,66,220257,87,361037
46619,0.018065,172.217.194.0-255,2902,223159,87,361037
46620,0.018068,172.31.47.0-255,66,223225,87,361037
46621,0.020067,172.217.194.0-255,2902,226127,87,361037
46622,0.020073,172.31.47.0-255,66,226193,87,361037
46623,0.020108,172.217.194.0-255,2902,229095,87,361037
46624,0.020111,172.31.47.0-255,66,229161,87,361037
46625,0.022097,172.217.194.0-255,2902,232063,87,361037
46626,0.022103,172.31.47.0-255,66,232129,87,361037
46627,0.022129,172.217.194.0-255,2902,235031,87,361037
46628,0.022132,172.31.47.0-255,66,235097,87,361037
46629,0.024163,172.217.194.0-255,5738,240835,87,361037
46630,0.024168,172.31.47.0-255,66,240901,87,361037
46631,0.025686,172.31.47.0-255,171,241072,87,361037
46632,0.025713,172.31.47.0-255,1136,242208,87,361037
46633,0.025739,172.31.47.0-255,1514,243722,87,361037
46634,0.02574,172.31.47.0-255,1268,244990,87,361037
46635,0.026197,172.217.194.0-255,5738,250728,87,361037
46636,0.026203,172.31.47.0-255,66,250794,87,361037
46637,0.02725,104.244.42.0-255,66,250860,87,361037
46638,0.027294,104.244.42.0-255,66,250926,87,361037
46639,0.027298,104.244.42.0-255,66,250992,87,361037
46640,0.028253,172.217.194.0-255,5738,256730,87,361037
46641,0.028257,172.31.47.0-255,66,256796,87,361037
46642,0.030306,172.217.194.0-255,5738,262534,87,361037
46643,0.030311,172.31.47.0-255,66,262600,87,361037
46644,0.032363,172.217.194.0-255,5738,268338,87,361037
46645,0.032369,172.31.47.0-255,66,268404,87,361037
46646,0.034414,172.217.194.0-255,5738,274142,87,361037
46647,0.034419,172.31.47.0-255,66,274208,87,361037
46648,0.03646,172.217.194.0-255,5738,279946,87,361037
46649,0.036465,172.31.47.0-255,66,280012,87,361037
46650,0.03847,172.217.194.0-255,4320,284332,87,361037
46651,0.038475,172.31.47.0-255,66,284398,87,361037
46652,0.038501,172.217.194.0-255,1484,285882,87,361037
46653,0.040506,172.217.194.0-255,2902,288784,87,361037
46654,0.040511,172.31.47.0-255,66,288850,87,361037
46655,0.04054,172.217.194.0-255,1484,290334,87,361037
46656,0.042523,172.217.194.0-255,2902,293236,87,361037
46657,0.042528,172.31.47.0-255,66,293302,87,361037
46658,0.04256,172.217.194.0-255,1484,294786,87,361037
46659,0.044566,172.217.194.0-255,4320,299106,87,361037
46660,0.044571,172.31.47.0-255,66,299172,87,361037
46661,0.046605,172.217.194.0-255,5738,304910,87,361037
46662,0.04661,172.31.47.0-255,66,304976,87,361037
46663,0.048663,172.217.194.0-255,5738,310714,87,361037
46664,0.048669,172.31.47.0-255,66,310780,87,361037
46665,0.050704,172.217.194.0-255,5738,316518,87,361037
46666,0.05071,172.31.47.0-255,66,316584,87,361037
46667,0.052734,172.217.194.0-255,4320,320904,87,361037
46668,0.05274,172.31.47.0-255,66,320970,87,361037
46669,0.052767,172.217.194.0-255,1484,322454,87,361037
46670,0.054784,172.217.194.0-255,4320,326774,87,361037
46671,0.05479,172.31.47.0-255,66,326840,87,361037
46672,0.056822,172.217.194.0-255,5738,332578,87,361037
46673,0.056828,172.31.47.0-255,66,332644,87,361037
46674,0.058862,172.217.194.0-255,5738,338382,87,361037
46675,0.05887,172.31.47.0-255,66,338448,87,361037
46676,0.060926,172.217.194.0-255,5738,344186,87,361037
46677,0.060937,172.31.47.0-255,66,344252,87,361037
46678,0.062969,172.217.194.0-255,5738,349990,87,361037
46679,0.062976,172.31.47.0-255,66,350056,87,361037
46680,0.065014,172.217.194.0-255,4320,354376,87,361037
46681,0.065021,172.31.47.0-255,66,354442,87,361037
46682,0.065038,172.217.194.0-255,1484,355926,87,361037
46683,0.067033,172.217.194.0-255,4320,360246,87,361037
46684,0.067038,172.31.47.0-255,66,360312,87,361037
46685,0.06906,172.217.194.0-255,488,360800,87,361037
46686,0.06922,172.31.47.0-255,66,360866,87,361037
46687,0.069248,172.31.47.0-255,105,360971,87,361037
46688,0.071249,172.217.194.0-255,66,361037,87,361037
46689,0.0,172.217.194.0-255,146,146,87,329797
46690,2.1e-05,172.31.47.0-255,66,212,87,329797
46691,2.8e-05,172.217.194.0-255,1484,1696,87,329797
46692,3.2e-05,172.31.47.0-255,66,1762,87,329797
46693,3.7e-05,172.217.194.0-255,2902,4664,87,329797
46694,4.8e-05,172.31.47.0-255,66,4730,87,329797
46695,5.5e-05,172.217.194.0-255,7156,11886,87,329797
46696,5.8e-05,172.31.47.0-255,66,11952,87,329797
46697,6.1e-05,172.217.194.0-255,2065,14017,87,329797
46698,6.4e-05,172.31.47.0-255,66,14083,87,329797
46699,0.000103,172.217.194.0-255,2902,16985,87,329797
46700,0.000105,172.31.47.0-255,66,17051,87,329797
46701,0.000116,172.217.194.0-255,7156,24207,87,329797
46702,0.000118,172.31.47.0-255,66,24273,87,329797
46703,0.000124,172.217.194.0-255,6797,31070,87,329797
46704,0.000126,172.31.47.0-255,66,31136,87,329797
46705,0.000229,172.217.194.0-255,1484,32620,87,329797
46706,0.000233,172.31.47.0-255,66,32686,87,329797
46707,0.000237,172.217.194.0-255,1484,34170,87,329797
46708,0.000238,172.31.47.0-255,66,34236,87,329797
46709,0.00026,172.217.194.0-255,1484,35720,87,329797
46710,0.000262,172.31.47.0-255,66,35786,87,329797
46711,0.000272,172.217.194.0-255,5738,41524,87,329797
46712,0.000274,172.31.47.0-255,66,41590,87,329797
46713,0.000314,172.31.47.0-255,66,41656,87,329797
46714,0.000329,172.31.47.0-255,66,41722,87,329797
46715,0.000722,172.217.194.0-255,645,42367,87,329797
46716,0.000727,172.31.47.0-255,66,42433,87,329797
46717,0.000861,172.217.194.0-255,1484,43917,87,329797
46718,0.000864,172.31.47.0-255,66,43983,87,329797
46719,0.000869,172.217.194.0-255,2902,46885,87,329797
46720,0.000871,172.31.47.0-255,66,46951,87,329797
46721,0.0009,172.217.194.0-255,5738,52689,87,329797
46722,0.000902,172.31.47.0-255,66,52755,87,329797
46723,0.000912,172.31.47.0-255,66,52821,87,329797
46724,0.00094,172.217.194.0-255,4320,57141,87,329797
46725,0.000943,172.31.47.0-255,66,57207,87,329797
46726,0.000959,172.31.47.0-255,66,57273,87,329797
46727,0.000989,172.217.194.0-255,1484,58757,87,329797
46728,0.000994,172.217.194.0-255,2902,61659,87,329797
46729,0.000997,172.31.47.0-255,66,61725,87,329797
46730,0.001001,172.217.194.0-255,2902,64627,87,329797
46731,0.001003,172.31.47.0-255,66,64693,87,329797
46732,0.00102,172.217.194.0-255,2902,67595,87,329797
46733,0.001021,172.31.47.0-255,66,67661,87,329797
46734,0.001032,172.217.194.0-255,7156,74817,87,329797
46735,0.001035,172.31.47.0-255,66,74883,87,329797
46736,0.001063,172.217.194.0-255,5738,80621,87,329797
46737,0.001069,172.31.47.0-255,66,80687,87,329797
46738,0.001072,172.217.194.0-255,1484,82171,87,329797
46739,0.001103,172.31.47.0-255,66,82237,87,329797
46740,0.001109,172.217.194.0-255,5738,87975,87,329797
46741,0.001111,172.31.47.0-255,66,88041,87,329797
46742,0.001138,172.217.194.0-255,4320,92361,87,329797
46743,0.00114,172.31.47.0-255,66,92427,87,329797
46744,0.001143,172.217.194.0-255,1484,93911,87,329797
46745,0.001173,172.31.47.0-255,66,93977,87,329797
46746,0.001203,172.31.47.0-255,66,94043,87,329797
46747,0.001205,172.217.194.0-255,1484,95527,87,329797
46748,0.001208,172.217.194.0-255,766,96293,87,329797
46749,0.00121,172.31.47.0-255,66,96359,87,329797
46750,0.001824,172.217.194.0-255,1484,97843,87,329797
46751,0.00183,172.217.194.0-255,2902,100745,87,329797
46752,0.001833,172.31.47.0-255,66,100811,87,329797
46753,0.001864,172.217.194.0-255,5738,106549,87,329797
46754,0.001867,172.31.47.0-255,66,106615,87,329797
46755,0.001875,172.217.194.0-255,7156,113771,87,329797
46756,0.001877,172.31.47.0-255,66,113837,87,329797
46757,0.001893,172.31.47.0-255,66,113903,87,329797
46758,0.001919,172.217.194.0-255,4320,118223,87,329797
46759,0.001925,172.31.47.0-255,66,118289,87,329797
46760,0.00193,172.217.194.0-255,2184,120473,87,329797
46761,0.001932,172.31.47.0-255,66,120539,87,329797
46762,0.002245,172.217.194.0-255,1484,122023,87,329797
46763,0.002268,172.217.194.0-255,2902,124925,87,329797
46764,0.002271,172.31.47.0-255,66,124991,87,329797
46765,0.002279,172.217.194.0-255,5738,130729,87,329797
46766,0.002281,172.31.47.0-255,66,130795,87,329797
46767,0.002312,172.217.194.0-255,4320,135115,87,329797
46768,0.002314,172.31.47.0-255,66,135181,87,329797
46769,0.00235,172.31.47.0-255,66,135247,87,329797
46770,0.002357,172.217.194.0-255,7156,142403,87,329797
46771,0.002359,172.31.47.0-255,66,142469,87,329797
46772,0.002368,172.217.194.0-255,3602,146071,87,329797
46773,0.002371,172.31.47.0-255,66,146137,87,329797
46774,0.004962,172.217.194.0-255,5738,151875,87,329797
46775,0.004969,172.31.47.0-255,66,151941,87,329797
46776,0.007552,172.217.194.0-255,5738,157679,87,329797
46777,0.00756,172.31.47.0-255,66,157745,87,329797
46778,0.010139,172.217.194.0-255,5738,163483,87,329797
46779,0.010146,172.31.47.0-255,66,163549,87,329797
46780,0.012725,172.217.194.0-255,5738,169287,87,329797
46781,0.012732,172.31.47.0-255,66,169353,87,329797
46782,0.015306,172.217.194.0-255,5738,175091,87,329797
46783,0.015317,172.31.47.0-255,66,175157,87,329797
46784,0.017888,172.217.194.0-255,5738,180895,87,329797
46785,0.017898,172.31.47.0-255,66,180961,87,329797
46786,0.020489,172.217.194.0-255,5738,186699,87,329797
46787,0.020505,172.31.47.0-255,66,186765,87,329797
46788,0.023099,172.217.194.0-255,5738,192503,87,329797
46789,0.023106,172.31.47.0-255,66,192569,87,329797
46790,0.025691,172.217.194.0-255,5738,198307,87,329797
46791,0.025701,172.31.47.0-255,66,198373,87,329797
46792,0.028282,172.217.194.0-255,2902,201275,87,329797
46793,0.02829,172.31.47.0-255,66,201341,87,329797
46794,0.028317,172.217.194.0-255,2902,204243,87,329797
46795,0.028321,172.31.47.0-255,66,204309,87,329797
46796,0.03085,172.217.194.0-255,2902,207211,87,329797
46797,0.030857,172.31.47.0-255,66,207277,87,329797
46798,0.030904,172.217.194.0-255,2902,210179,87,329797
46799,0.030908,172.31.47.0-255,66,210245,87,329797
46800,0.031543,172.31.47.0-255,172,210417,87,329797
46801,0.031576,172.31.47.0-255,1107,211524,87,329797
46802,0.03163,172.31.47.0-255,1514,213038,87,329797
46803,0.031632,172.31.47.0-255,1297,214335,87,329797
46804,0.033096,104.244.42.0-255,66,214401,87,329797
46805,0.033125,104.244.42.0-255,66,214467,87,329797
46806,0.033173,104.244.42.0-255,66,214533,87,329797
46807,0.033412,172.217.194.0-255,2902,217435,87,329797
46808,0.033417,172.31.47.0-255,66,217501,87,329797
46809,0.033445,172.217.194.0-255,1484,218985,87,329797
46810,0.033465,172.217.194.0-255,1484,220469,87,329797
46811,0.033467,172.31.47.0-255,66,220535,87,329797
46812,0.036006,172.217.194.0-255,2902,223437,87,329797
46813,0.036012,172.31.47.0-255,66,223503,87,329797
46814,0.036038,172.217.194.0-255,1484,224987,87,329797
46815,0.036052,172.217.194.0-255,1484,226471,87,329797
46816,0.036055,172.31.47.0-255,66,226537,87,329797
46817,0.038585,172.217.194.0-255,2902,229439,87,329797
46818,0.0386,172.31.47.0-255,66,229505,87,329797
46819,0.038629,172.217.194.0-255,2902,232407,87,329797
46820,0.038633,172.31.47.0-255,66,232473,87,329797
46821,0.041161,172.217.194.0-255,2902,235375,87,329797
46822,0.041169,172.31.47.0-255,66,235441,87,329797
46823,0.041207,172.217.194.0-255,2902,238343,87,329797
46824,0.041209,172.31.47.0-255,66,238409,87,329797
46825,0.043722,172.217.194.0-255,2902,241311,87,329797
46826,0.043728,172.31.47.0-255,66,241377,87,329797
46827,0.043756,172.217.194.0-255,2902,244279,87,329797
46828,0.043759,172.31.47.0-255,66,244345,87,329797
46829,0.046296,172.217.194.0-255,2902,247247,87,329797
46830,0.046302,172.31.47.0-255,66,247313,87,329797
46831,0.046332,172.217.194.0-255,2902,250215,87,329797
46832,0.046334,172.31.47.0-255,66,250281,87,329797
46833,0.048882,172.217.194.0-255,2902,253183,87,329797
46834,0.048888,172.31.47.0-255,66,253249,87,329797
46835,0.048916,172.217.194.0-255,2902,256151,87,329797
46836,0.048919,172.31.47.0-255,66,256217,87,329797
46837,0.051448,172.217.194.0-255,2902,259119,87,329797
46838,0.051454,172.31.47.0-255,66,259185,87,329797
46839,0.051489,172.217.194.0-255,2902,262087,87,329797
46840,0.051492,172.31.47.0-255,66,262153,87,329797
46841,0.05402,172.217.194.0-255,2902,265055,87,329797
46842,0.054024,172.31.47.0-255,66,265121,87,329797
46843,0.054048,172.217.194.0-255,1484,266605,87,329797
46844,0.054066,172.217.194.0-255,1484,268089,87,329797
46845,0.054069,172.31.47.0-255,66,268155,87,329797
46846,0.056597,172.217.194.0-255,2902,271057,87,329797
46847,0.056604,172.31.47.0-255,66,271123,87,329797
46848,0.056636,172.217.194.0-255,2902,274025,87,329797
46849,0.056639,172.31.47.0-255,66,274091,87,329797
46850,0.059204,172.217.194.0-255,5738,279829,87,329797
46851,0.059211,172.31.47.0-255,66,279895,87,329797
46852,0.061764,172.217.194.0-255,1484,281379,87,329797
46853,0.061788,172.217.194.0-255,4320,285699,87,329797
46854,0.061793,172.31.47.0-255,66,285765,87,329797
46855,0.064374,172.217.194.0-255,5738,291503,87,329797
46856,0.064381,172.31.47.0-255,66,291569,87,329797
46857,0.066984,172.217.194.0-255,5738,297307,87,329797
46858,0.06699,172.31.47.0-255,66,297373,87,329797
46859,0.069557,172.217.194.0-255,5738,303111,87,329797
46860,0.069564,172.31.47.0-255,66,303177,87,329797
46861,0.072129,172.217.194.0-255,5738,308915,87,329797
46862,0.072138,172.31.47.0-255,66,308981,87,329797
46863,0.074711,172.217.194.0-255,4320,313301,87,329797
46864,0.074719,172.31.47.0-255,66,313367,87,329797
46865,0.074748,172.217.194.0-255,1484,314851,87,329797
46866,0.077309,172.217.194.0-255,4320,319171,87,329797
46867,0.077315,172.31.47.0-255,66,319237,87,329797
46868,0.079896,172.217.194.0-255,5738,324975,87,329797
46869,0.079903,172.31.47.0-255,66,325041,87,329797
46870,0.082492,172.217.194.0-255,4519,329560,87,329797
46871,0.082499,172.31.47.0-255,66,329626,87,329797
46872,0.082696,172.31.47.0-255,105,329731,87,329797
46873,0.085242,172.217.194.0-255,66,329797,87,329797
46874,0.0,74.125.130.0-255,152,152,87,357321
46875,2.4e-05,172.31.47.0-255,66,218,87,357321
46876,2.9e-05,74.125.130.0-255,1484,1702,87,357321
46877,3.3e-05,172.31.47.0-255,66,1768,87,357321
46878,3.8e-05,74.125.130.0-255,2902,4670,87,357321
46879,4e-05,172.31.47.0-255,66,4736,87,357321
46880,5.1e-05,74.125.130.0-255,4320,9056,87,357321
46881,5.3e-05,172.31.47.0-255,66,9122,87,357321
46882,7.7e-05,74.125.130.0-255,2902,12024,87,357321
46883,7.9e-05,172.31.47.0-255,66,12090,87,357321
46884,8.7e-05,74.125.130.0-255,2173,14263,87,357321
46885,8.9e-05,172.31.47.0-255,66,14329,87,357321
46886,0.000313,74.125.130.0-255,1484,15813,87,357321
46887,0.000317,172.31.47.0-255,66,15879,87,357321
46888,0.000321,74.125.130.0-255,2902,18781,87,357321
46889,0.000324,172.31.47.0-255,66,18847,87,357321
46890,0.000326,74.125.130.0-255,1484,20331,87,357321
46891,0.000328,172.31.47.0-255,66,20397,87,357321
46892,0.000356,74.125.130.0-255,4320,24717,87,357321
46893,0.000363,172.31.47.0-255,66,24783,87,357321
46894,0.000369,74.125.130.0-255,5738,30521,87,357321
46895,0.000371,172.31.47.0-255,66,30587,87,357321
46896,0.000393,74.125.130.0-255,1125,31712,87,357321
46897,0.000396,172.31.47.0-255,66,31778,87,357321
46898,0.000539,74.125.130.0-255,1484,33262,87,357321
46899,0.000543,172.31.47.0-255,66,33328,87,357321
46900,0.00055,74.125.130.0-255,2902,36230,87,357321
46901,0.000552,172.31.47.0-255,66,36296,87,357321
46902,0.000563,74.125.130.0-255,5738,42034,87,357321
46903,0.000564,172.31.47.0-255,66,42100,87,357321
46904,0.000567,74.125.130.0-255,1484,43584,87,357321
46905,0.000569,172.31.47.0-255,66,43650,87,357321
46906,0.000595,74.125.130.0-255,5379,49029,87,357321
46907,0.000598,74.125.130.0-255,1484,50513,87,357321
46908,0.000619,74.125.130.0-255,5738,56251,87,357321
46909,0.000628,172.31.47.0-255,66,56317,87,357321
46910,0.000638,74.125.130.0-255,4320,60637,87,357321
46911,0.000643,172.31.47.0-255,66,60703,87,357321
46912,0.000671,74.125.130.0-255,5632,66335,87,357321
46913,0.000675,74.125.130.0-255,120,66455,87,357321
46914,0.000698,172.31.47.0-255,66,66521,87,357321
46915,0.000808,74.125.130.0-255,379,66900,87,357321
46916,0.000997,172.31.47.0-255,66,66966,87,357321
46917,0.001162,74.125.130.0-255,1484,68450,87,357321
46918,0.001172,74.125.130.0-255,2902,71352,87,357321
46919,0.001176,74.125.130.0-255,2902,74254,87,357321
46920,0.001192,74.125.130.0-255,4320,78574,87,357321
46921,0.001209,74.125.130.0-255,5738,84312,87,357321
46922,0.001221,74.125.130.0-255,2902,87214,87,357321
46923,0.001226,74.125.130.0-255,4320,91534,87,357321
46924,0.001237,172.31.47.0-255,66,91600,87,357321
46925,0.001288,172.31.47.0-255,66,91666,87,357321
46926,0.001401,74.125.130.0-255,1484,93150,87,357321
46927,0.001406,74.125.130.0-255,2902,96052,87,357321
46928,0.001434,74.125.130.0-255,1484,97536,87,357321
46929,0.001452,74.125.130.0-255,4320,101856,87,357321
46930,0.001459,74.125.130.0-255,7156,109012,87,357321
46931,0.001474,172.31.47.0-255,66,109078,87,357321
46932,0.001482,74.125.130.0-255,1484,110562,87,357321
46933,0.001501,74.125.130.0-255,6438,117000,87,357321
46934,0.001526,172.31.47.0-255,66,117066,87,357321
46935,0.001552,74.125.130.0-255,1484,118550,87,357321
46936,0.001566,74.125.130.0-255,2902,121452,87,357321
46937,0.001575,172.31.47.0-255,66,121518,87,357321
46938,0.001586,74.125.130.0-255,5738,127256,87,357321
46939,0.001611,74.125.130.0-255,7156,134412,87,357321
46940,0.001616,172.31.47.0-255,66,134478,87,357321
46941,0.001637,74.125.130.0-255,7156,141634,87,357321
46942,0.001647,172.31.47.0-255,66,141700,87,357321
46943,0.001678,74.125.130.0-255,7156,148856,87,357321
46944,0.001682,74.125.130.0-255,2184,151040,87,357321
46945,0.001698,74.125.130.0-255,1484,152524,87,357321
46946,0.001701,172.31.47.0-255,66,152590,87,357321
46947,0.00171,74.125.130.0-255,2902,155492,87,357321
46948,0.001722,74.125.130.0-255,1484,156976,87,357321
46949,0.001724,172.31.47.0-255,66,157042,87,357321
46950,0.001741,74.125.130.0-255,4320,161362,87,357321
46951,0.001746,74.125.130.0-255,5738,167100,87,357321
46952,0.001751,74.125.130.0-255,4320,171420,87,357321
46953,0.001763,74.125.130.0-255,2902,174322,87,357321
46954,0.001779,172.31.47.0-255,66,174388,87,357321
46955,0.001791,74.125.130.0-255,4320,178708,87,357321
46956,0.001809,74.125.130.0-255,6438,185146,87,357321
46957,0.001834,172.31.47.0-255,66,185212,87,357321
46958,0.001841,74.125.130.0-255,7156,192368,87,357321
46959,0.001845,172.31.47.0-255,66,192434,87,357321
46960,0.001875,74.125.130.0-255,4320,196754,87,357321
46961,0.001881,74.125.130.0-255,5738,202492,87,357321
46962,0.001892,172.31.47.0-255,66,202558,87,357321
46963,0.001939,74.125.130.0-255,1484,204042,87,357321
46964,0.001946,172.31.47.0-255,66,204108,87,357321
46965,0.001955,74.125.130.0-255,1484,205592,87,357321
46966,0.001963,74.125.130.0-255,4320,209912,87,357321
46967,0.001982,74.125.130.0-255,7156,217068,87,357321
46968,0.001992,74.125.130.0-255,1484,218552,87,357321
46969,0.001999,172.31.47.0-255,66,218618,87,357321
46970,0.002021,74.125.130.0-255,4320,222938,87,357321
46971,0.002049,74.125.130.0-255,766,223704,87,357321
46972,0.002052,74.125.130.0-255,1484,225188,87,357321
46973,0.002057,172.31.47.0-255,66,225254,87,357321
46974,0.002085,74.125.130.0-255,4320,229574,87,357321
46975,0.00209,74.125.130.0-255,4320,233894,87,357321
46976,0.002095,172.31.47.0-255,66,233960,87,357321
46977,0.002109,74.125.130.0-255,5738,239698,87,357321
46978,0.002118,74.125.130.0-255,5738,245436,87,357321
46979,0.002175,172.31.47.0-255,66,245502,87,357321
46980,0.002195,172.31.47.0-255,66,245568,87,357321
46981,0.004542,74.125.130.0-255,5738,251306,87,357321
46982,0.004556,172.31.47.0-255,66,251372,87,357321
46983,0.006909,74.125.130.0-255,5738,257110,87,357321
46984,0.006927,172.31.47.0-255,66,257176,87,357321
46985,0.009286,74.125.130.0-255,5738,262914,87,357321
46986,0.009304,172.31.47.0-255,66,262980,87,357321
46987,0.011656,74.125.130.0-255,5738,268718,87,357321
46988,0.011671,172.31.47.0-255,66,268784,87,357321
46989,0.014022,74.125.130.0-255,5738,274522,87,357321
46990,0.014027,172.31.47.0-255,66,274588,87,357321
46991,0.016378,74.125.130.0-255,5738,280326,87,357321
46992,0.016389,172.31.47.0-255,66,280392,87,357321
46993,0.018737,74.125.130.0-255,5738,286130,87,357321
46994,0.018744,172.31.47.0-255,66,286196,87,357321
46995,0.021079,74.125.130.0-255,5738,291934,87,357321
46996,0.021086,172.31.47.0-255,66,292000,87,357321
46997,0.023417,74.125.130.0-255,5738,297738,87,357321
46998,0.023426,172.31.47.0-255,66,297804,87,357321
46999,0.025767,74.125.130.0-255,5738,303542,87,357321
47000,0.025773,172.31.47.0-255,66,303608,87,357321
47001,0.028127,74.125.130.0-255,5738,309346,87,357321
47002,0.028138,172.31.47.0-255,66,309412,87,357321
47003,0.030493,74.125.130.0-255,5738,315150,87,357321
47004,0.030505,172.31.47.0-255,66,315216,87,357321
47005,0.032878,74.125.130.0-255,5738,320954,87,357321
47006,0.032895,172.31.47.0-255,66,321020,87,357321
47007,0.035274,74.125.130.0-255,5738,326758,87,357321
47008,0.035292,172.31.47.0-255,66,326824,87,357321
47009,0.037646,74.125.130.0-255,5738,332562,87,357321
47010,0.037653,172.31.47.0-255,66,332628,87,357321
47011,0.040002,74.125.130.0-255,5738,338366,87,357321
47012,0.040042,172.31.47.0-255,66,338432,87,357321
47013,0.042388,74.125.130.0-255,5738,344170,87,357321
47014,0.042394,172.31.47.0-255,66,344236,87,357321
47015,0.042588,172.31.47.0-255,171,344407,87,357321
47016,0.042616,172.31.47.0-255,1127,345534,87,357321
47017,0.042718,172.31.47.0-255,1514,347048,87,357321
47018,0.04272,172.31.47.0-255,1277,348325,87,357321
47019,0.044262,104.244.42.0-255,66,348391,87,357321
47020,0.04429,104.244.42.0-255,66,348457,87,357321
47021,0.044406,104.244.42.0-255,66,348523,87,357321
47022,0.044725,74.125.130.0-255,5738,354261,87,357321
47023,0.044732,172.31.47.0-255,66,354327,87,357321
47024,0.047085,74.125.130.0-255,2757,357084,87,357321
47025,0.047101,172.31.47.0-255,66,357150,87,357321
47026,0.04736,172.31.47.0-255,105,357255,87,357321
47027,0.049678,74.125.130.0-255,66,357321,87,357321
47028,0.0,74.125.24.0-255,153,153,87,330203
47029,2.5e-05,172.31.47.0-255,66,219,87,330203
47030,3.2e-05,74.125.24.0-255,1484,1703,87,330203
47031,3.5e-05,172.31.47.0-255,66,1769,87,330203
47032,3.9e-05,74.125.24.0-255,2902,4671,87,330203
47033,4.1e-05,172.31.47.0-255,66,4737,87,330203
47034,5.3e-05,74.125.24.0-255,7156,11893,87,330203
47035,5.5e-05,172.31.47.0-255,66,11959,87,330203
47036,5.8e-05,74.125.24.0-255,2056,14015,87,330203
47037,6.1e-05,172.31.47.0-255,66,14081,87,330203
47038,9.2e-05,74.125.24.0-255,2902,16983,87,330203
47039,9.8e-05,172.31.47.0-255,66,17049,87,330203
47040,0.00013,172.31.47.0-255,66,17115,87,330203
47041,0.000134,74.125.24.0-255,5379,22494,87,330203
47042,0.000136,172.31.47.0-255,66,22560,87,330203
47043,0.000224,74.125.24.0-255,1484,24044,87,330203
47044,0.000228,172.31.47.0-255,66,24110,87,330203
47045,0.00024,74.125.24.0-255,2902,27012,87,330203
47046,0.000246,172.31.47.0-255,66,27078,87,330203
47047,0.000249,74.125.24.0-255,1484,28562,87,330203
47048,0.000251,172.31.47.0-255,66,28628,87,330203
47049,0.000269,74.125.24.0-255,1484,30112,87,330203
47050,0.000272,172.31.47.0-255,66,30178,87,330203
47051,0.000278,74.125.24.0-255,5738,35916,87,330203
47052,0.00028,172.31.47.0-255,66,35982,87,330203
47053,0.000301,74.125.24.0-255,1484,37466,87,330203
47054,0.000303,172.31.47.0-255,66,37532,87,330203
47055,0.000306,74.125.24.0-255,1484,39016,87,330203
47056,0.000307,172.31.47.0-255,66,39082,87,330203
47057,0.000336,74.125.24.0-255,2543,41625,87,330203
47058,0.000339,172.31.47.0-255,66,41691,87,330203
47059,0.000366,74.125.24.0-255,5738,47429,87,330203
47060,0.000369,172.31.47.0-255,66,47495,87,330203
47061,0.000375,74.125.24.0-255,4320,51815,87,330203
47062,0.000377,172.31.47.0-255,66,51881,87,330203
47063,0.000419,74.125.24.0-255,5379,57260,87,330203
47064,0.000422,172.31.47.0-255,66,57326,87,330203
47065,0.000445,74.125.24.0-255,676,58002,87,330203
47066,0.000611,74.125.24.0-255,1484,59486,87,330203
47067,0.000615,172.31.47.0-255,66,59552,87,330203
47068,0.000637,74.125.24.0-255,2902,62454,87,330203
47069,0.00064,172.31.47.0-255,66,62520,87,330203
47070,0.000646,74.125.24.0-255,5738,68258,87,330203
47071,0.000648,172.31.47.0-255,66,68324,87,330203
47072,0.000679,74.125.24.0-255,7156,75480,87,330203
47073,0.000682,172.31.47.0-255,66,75546,87,330203
47074,0.000691,172.31.47.0-255,66,75612,87,330203
47075,0.000721,172.31.47.0-255,66,75678,87,330203
47076,0.0012,74.125.24.0-255,1484,77162,87,330203
47077,0.001209,74.125.24.0-255,2902,80064,87,330203
47078,0.001212,172.31.47.0-255,66,80130,87,330203
47079,0.001239,74.125.24.0-255,5738,85868,87,330203
47080,0.001241,172.31.47.0-255,66,85934,87,330203
47081,0.001274,74.125.24.0-255,5738,91672,87,330203
47082,0.001277,172.31.47.0-255,66,91738,87,330203
47083,0.001308,74.125.24.0-255,7156,98894,87,330203
47084,0.001311,172.31.47.0-255,66,98960,87,330203
47085,0.001323,172.31.47.0-255,66,99026,87,330203
47086,0.001487,74.125.24.0-255,1484,100510,87,330203
47087,0.001498,74.125.24.0-255,1484,101994,87,330203
47088,0.0015,172.31.47.0-255,66,102060,87,330203
47089,0.001523,74.125.24.0-255,1484,103544,87,330203
47090,0.001528,74.125.24.0-255,5738,109282,87,330203
47091,0.001529,172.31.47.0-255,66,109348,87,330203
47092,0.001538,172.31.47.0-255,66,109414,87,330203
47093,0.001575,74.125.24.0-255,1484,110898,87,330203
47094,0.001604,172.31.47.0-255,66,110964,87,330203
47095,0.001713,74.125.24.0-255,1484,112448,87,330203
47096,0.001727,74.125.24.0-255,2902,115350,87,330203
47097,0.001729,172.31.47.0-255,66,115416,87,330203
47098,0.001733,74.125.24.0-255,2902,118318,87,330203
47099,0.001734,172.31.47.0-255,66,118384,87,330203
47100,0.001755,74.125.24.0-255,2902,121286,87,330203
47101,0.001757,172.31.47.0-255,66,121352,87,330203
47102,0.001788,172.31.47.0-255,66,121418,87,330203
47103,0.001805,74.125.24.0-255,4320,125738,87,330203
47104,0.001808,172.31.47.0-255,66,125804,87,330203
47105,0.001812,74.125.24.0-255,4320,130124,87,330203
47106,0.001814,172.31.47.0-255,66,130190,87,330203
47107,0.001857,74.125.24.0-255,4320,134510,87,330203
47108,0.00186,172.31.47.0-255,66,134576,87,330203
47109,0.001876,74.125.24.0-255,2184,136760,87,330203
47110,0.001879,172.31.47.0-255,66,136826,87,330203
47111,0.001919,74.125.24.0-255,1484,138310,87,330203
47112,0.001933,74.125.24.0-255,2902,141212,87,330203
47113,0.001936,172.31.47.0-255,66,141278,87,330203
47114,0.001976,74.125.24.0-255,4320,145598,87,330203
47115,0.001979,172.31.47.0-255,66,145664,87,330203
47116,0.002001,74.125.24.0-255,1484,147148,87,330203
47117,0.002005,74.125.24.0-255,2902,150050,87,330203
47118,0.002007,172.31.47.0-255,66,150116,87,330203
47119,0.002036,172.31.47.0-255,66,150182,87,330203
47120,0.002041,74.125.24.0-255,4320,154502,87,330203
47121,0.002043,172.31.47.0-255,66,154568,87,330203
47122,0.002091,74.125.24.0-255,2902,157470,87,330203
47123,0.002093,172.31.47.0-255,66,157536,87,330203
47124,0.00211,74.125.24.0-255,3602,161138,87,330203
47125,0.002113,172.31.47.0-255,66,161204,87,330203
47126,0.002203,74.125.24.0-255,1484,162688,87,330203
47127,0.00222,74.125.24.0-255,2902,165590,87,330203
47128,0.002222,172.31.47.0-255,66,165656,87,330203
47129,0.002227,74.125.24.0-255,4320,169976,87,330203
47130,0.002229,172.31.47.0-255,66,170042,87,330203
47131,0.00226,74.125.24.0-255,1484,171526,87,330203
47132,0.002272,74.125.24.0-255,7156,178682,87,330203
47133,0.002275,172.31.47.0-255,66,178748,87,330203
47134,0.002292,172.31.47.0-255,66,178814,87,330203
47135,0.002296,74.125.24.0-255,2184,180998,87,330203
47136,0.002299,172.31.47.0-255,66,181064,87,330203
47137,0.004737,74.125.24.0-255,2902,183966,87,330203
47138,0.004741,172.31.47.0-255,66,184032,87,330203
47139,0.004757,74.125.24.0-255,2902,186934,87,330203
47140,0.004759,172.31.47.0-255,66,187000,87,330203
47141,0.007053,74.125.24.0-255,2902,189902,87,330203
47142,0.007061,172.31.47.0-255,66,189968,87,330203
47143,0.00712,74.125.24.0-255,2902,192870,87,330203
47144,0.007123,172.31.47.0-255,66,192936,87,330203
47145,0.009525,74.125.24.0-255,5738,198674,87,330203
47146,0.009533,172.31.47.0-255,66,198740,87,330203
47147,0.011864,74.125.24.0-255,5738,204478,87,330203
47148,0.011872,172.31.47.0-255,66,204544,87,330203
47149,0.014275,74.125.24.0-255,5738,210282,87,330203
47150,0.014284,172.31.47.0-255,66,210348,87,330203
47151,0.016637,74.125.24.0-255,5738,216086,87,330203
47152,0.016645,172.31.47.0-255,66,216152,87,330203
47153,0.018967,74.125.24.0-255,5738,221890,87,330203
47154,0.018973,172.31.47.0-255,66,221956,87,330203
47155,0.021356,74.125.24.0-255,5738,227694,87,330203
47156,0.021364,172.31.47.0-255,66,227760,87,330203
47157,0.023685,74.125.24.0-255,5738,233498,87,330203
47158,0.023695,172.31.47.0-255,66,233564,87,330203
47159,0.024807,172.31.47.0-255,170,233734,87,330203
47160,0.024834,172.31.47.0-255,1131,234865,87,330203
47161,0.024865,172.31.47.0-255,1514,236379,87,330203
47162,0.024867,172.31.47.0-255,1273,237652,87,330203
47163,0.026024,74.125.24.0-255,5738,243390,87,330203
47164,0.026029,172.31.47.0-255,66,243456,87,330203
47165,0.026312,104.244.42.0-255,66,243522,87,330203
47166,0.026329,104.244.42.0-255,66,243588,87,330203
47167,0.026398,104.244.42.0-255,66,243654,87,330203
47168,0.028419,74.125.24.0-255,1484,245138,87,330203
47169,0.028448,74.125.24.0-255,4320,249458,87,330203
47170,0.028453,172.31.47.0-255,66,249524,87,330203
47171,0.030833,74.125.24.0-255,4320,253844,87,330203
47172,0.030837,172.31.47.0-255,66,253910,87,330203
47173,0.030869,74.125.24.0-255,1484,255394,87,330203
47174,0.033196,74.125.24.0-255,4320,259714,87,330203
47175,0.033202,172.31.47.0-255,66,259780,87,330203
47176,0.035503,74.125.24.0-255,5738,265518,87,330203
47177,0.035507,172.31.47.0-255,66,265584,87,330203
47178,0.037816,74.125.24.0-255,5738,271322,87,330203
47179,0.037821,172.31.47.0-255,66,271388,87,330203
47180,0.0402,74.125.24.0-255,5738,277126,87,330203
47181,0.040205,172.31.47.0-255,66,277192,87,330203
47182,0.042541,74.125.24.0-255,5738,282930,87,330203
47183,0.042546,172.31.47.0-255,66,282996,87,330203
47184,0.044919,74.125.24.0-255,5738,288734,87,330203
47185,0.044923,172.31.47.0-255,66,288800,87,330203
47186,0.047302,74.125.24.0-255,5738,294538,87,330203
47187,0.047307,172.31.47.0-255,66,294604,87,330203
47188,0.049684,74.125.24.0-255,5738,300342,87,330203
47189,0.04969,172.31.47.0-255,66,300408,87,330203
47190,0.052088,74.125.24.0-255,5738,306146,87,330203
47191,0.052093,172.31.47.0-255,66,306212,87,330203
47192,0.054477,74.125.24.0-255,5738,311950,87,330203
47193,0.054482,172.31.47.0-255,66,312016,87,330203
47194,0.056795,74.125.24.0-255,4320,316336,87,330203
47195,0.056799,172.31.47.0-255,66,316402,87,330203
47196,0.056827,74.125.24.0-255,1484,317886,87,330203
47197,0.059171,74.125.24.0-255,4320,322206,87,330203
47198,0.059176,172.31.47.0-255,66,322272,87,330203
47199,0.061539,74.125.24.0-255,5738,328010,87,330203
47200,0.061543,172.31.47.0-255,66,328076,87,330203
47201,0.063924,74.125.24.0-255,1890,329966,87,330203
47202,0.063929,172.31.47.0-255,66,330032,87,330203
47203,0.06407,172.31.47.0-255,105,330137,87,330203
47204,0.066381,74.125.24.0-255,66,330203,87,330203
47205,0.0,74.125.200.0-255,297,297,87,240303
47206,2.6e-05,172.31.47.0-255,66,363,87,240303
47207,3.2e-05,74.125.200.0-255,1484,1847,87,240303
47208,3.5e-05,172.31.47.0-255,66,1913,87,240303
47209,4.1e-05,74.125.200.0-255,4320,6233,87,240303
47210,4.3e-05,172.31.47.0-255,66,6299,87,240303
47211,5.5e-05,74.125.200.0-255,4320,10619,87,240303
47212,5.7e-05,172.31.47.0-255,66,10685,87,240303
47213,6.2e-05,74.125.200.0-255,4717,15402,87,240303
47214,6.5e-05,172.31.47.0-255,66,15468,87,240303
47215,8.9e-05,74.125.200.0-255,2902,18370,87,240303
47216,9.2e-05,172.31.47.0-255,66,18436,87,240303
47217,0.000124,172.31.47.0-255,66,18502,87,240303
47218,0.000159,74.125.200.0-255,3961,22463,87,240303
47219,0.000162,172.31.47.0-255,66,22529,87,240303
47220,0.000223,74.125.200.0-255,1484,24013,87,240303
47221,0.000227,172.31.47.0-255,66,24079,87,240303
47222,0.000239,74.125.200.0-255,2902,26981,87,240303
47223,0.000246,172.31.47.0-255,66,27047,87,240303
47224,0.000266,74.125.200.0-255,2902,29949,87,240303
47225,0.000268,172.31.47.0-255,66,30015,87,240303
47226,0.000274,74.125.200.0-255,4320,34335,87,240303
47227,0.000276,172.31.47.0-255,66,34401,87,240303
47228,0.000298,74.125.200.0-255,1484,35885,87,240303
47229,0.0003,172.31.47.0-255,66,35951,87,240303
47230,0.00033,74.125.200.0-255,7156,43107,87,240303
47231,0.000334,172.31.47.0-255,66,43173,87,240303
47232,0.00034,74.125.200.0-255,7156,50329,87,240303
47233,0.000342,172.31.47.0-255,66,50395,87,240303
47234,0.000347,74.125.200.0-255,4320,54715,87,240303
47235,0.000349,172.31.47.0-255,66,54781,87,240303
47236,0.000369,74.125.200.0-255,2550,57331,87,240303
47237,0.000372,172.31.47.0-255,66,57397,87,240303
47238,0.000474,74.125.200.0-255,1484,58881,87,240303
47239,0.000487,74.125.200.0-255,2902,61783,87,240303
47240,0.00049,172.31.47.0-255,66,61849,87,240303
47241,0.000493,74.125.200.0-255,1484,63333,87,240303
47242,0.00052,74.125.200.0-255,2902,66235,87,240303
47243,0.000523,172.31.47.0-255,66,66301,87,240303
47244,0.000533,172.31.47.0-255,66,66367,87,240303
47245,0.000556,74.125.200.0-255,4320,70687,87,240303
47246,0.000559,172.31.47.0-255,66,70753,87,240303
47247,0.000584,74.125.200.0-255,4320,75073,87,240303
47248,0.000588,172.31.47.0-255,66,75139,87,240303
47249,0.000606,74.125.200.0-255,5738,80877,87,240303
47250,0.000609,172.31.47.0-255,66,80943,87,240303
47251,0.000634,74.125.200.0-255,2184,83127,87,240303
47252,0.000637,172.31.47.0-255,66,83193,87,240303
47253,0.000735,74.125.200.0-255,1484,84677,87,240303
47254,0.00075,74.125.200.0-255,2902,87579,87,240303
47255,0.000754,172.31.47.0-255,66,87645,87,240303
47256,0.000757,74.125.200.0-255,1484,89129,87,240303
47257,0.000775,74.125.200.0-255,4320,93449,87,240303
47258,0.000778,172.31.47.0-255,66,93515,87,240303
47259,0.00082,172.31.47.0-255,66,93581,87,240303
47260,0.000826,74.125.200.0-255,4320,97901,87,240303
47261,0.000828,172.31.47.0-255,66,97967,87,240303
47262,0.000877,172.31.47.0-255,66,98033,87,240303
47263,0.000899,74.125.200.0-255,5020,103053,87,240303
47264,0.000902,172.31.47.0-255,66,103119,87,240303
47265,0.000907,74.125.200.0-255,2902,106021,87,240303
47266,0.000909,172.31.47.0-255,66,106087,87,240303
47267,0.000953,172.31.47.0-255,66,106153,87,240303
47268,0.000958,74.125.200.0-255,3602,109755,87,240303
47269,0.000961,172.31.47.0-255,66,109821,87,240303
47270,0.000985,74.125.200.0-255,1484,111305,87,240303
47271,0.000991,74.125.200.0-255,2902,114207,87,240303
47272,0.000994,172.31.47.0-255,66,114273,87,240303
47273,0.001015,74.125.200.0-255,5738,120011,87,240303
47274,0.001019,172.31.47.0-255,66,120077,87,240303
47275,0.001022,74.125.200.0-255,1484,121561,87,240303
47276,0.001026,74.125.200.0-255,2902,124463,87,240303
47277,0.001028,172.31.47.0-255,66,124529,87,240303
47278,0.001061,74.125.200.0-255,5738,130267,87,240303
47279,0.001065,172.31.47.0-255,66,130333,87,240303
47280,0.00107,74.125.200.0-255,2902,133235,87,240303
47281,0.001072,172.31.47.0-255,66,133301,87,240303
47282,0.001099,74.125.200.0-255,4320,137621,87,240303
47283,0.001103,172.31.47.0-255,66,137687,87,240303
47284,0.001116,74.125.200.0-255,1484,139171,87,240303
47285,0.001139,74.125.200.0-255,5020,144191,87,240303
47286,0.001142,172.31.47.0-255,66,144257,87,240303
47287,0.001188,74.125.200.0-255,1484,145741,87,240303
47288,0.001201,74.125.200.0-255,2902,148643,87,240303
47289,0.001204,172.31.47.0-255,66,148709,87,240303
47290,0.001234,74.125.200.0-255,4320,153029,87,240303
47291,0.001237,172.31.47.0-255,66,153095,87,240303
47292,0.001271,74.125.200.0-255,5738,158833,87,240303
47293,0.001275,172.31.47.0-255,66,158899,87,240303
47294,0.001293,172.31.47.0-255,66,158965,87,240303
47295,0.001296,74.125.200.0-255,1484,160449,87,240303
47296,0.00137,172.31.47.0-255,66,160515,87,240303
47297,0.001373,74.125.200.0-255,1484,161999,87,240303
47298,0.001414,172.31.47.0-255,66,162065,87,240303
47299,0.001456,172.31.47.0-255,66,162131,87,240303
47300,0.001481,74.125.200.0-255,1484,163615,87,240303
47301,0.001504,74.125.200.0-255,2902,166517,87,240303
47302,0.001508,74.125.200.0-255,2902,169419,87,240303
47303,0.00151,172.31.47.0-255,66,169485,87,240303
47304,0.001514,172.31.47.0-255,66,169551,87,240303
47305,0.001538,74.125.200.0-255,2902,172453,87,240303
47306,0.001542,172.31.47.0-255,66,172519,87,240303
47307,0.001548,74.125.200.0-255,5738,178257,87,240303
47308,0.00155,172.31.47.0-255,66,178323,87,240303
47309,0.001556,74.125.200.0-255,4320,182643,87,240303
47310,0.00156,172.31.47.0-255,66,182709,87,240303
47311,0.001588,74.125.200.0-255,2902,185611,87,240303
47312,0.001591,172.31.47.0-255,66,185677,87,240303
47313,0.001595,74.125.200.0-255,1484,187161,87,240303
47314,0.001638,172.31.47.0-255,66,187227,87,240303
47315,0.001683,74.125.200.0-255,2902,190129,87,240303
47316,0.001687,172.31.47.0-255,66,190195,87,240303
47317,0.001718,74.125.200.0-255,1484,191679,87,240303
47318,0.001725,74.125.200.0-255,5738,197417,87,240303
47319,0.001728,172.31.47.0-255,66,197483,87,240303
47320,0.001747,172.31.47.0-255,66,197549,87,240303
47321,0.00176,172.31.47.0-255,66,197615,87,240303
47322,0.001765,74.125.200.0-255,4320,201935,87,240303
47323,0.001767,172.31.47.0-255,66,202001,87,240303
47324,0.001773,74.125.200.0-255,5738,207739,87,240303
47325,0.001776,172.31.47.0-255,66,207805,87,240303
47326,0.001783,74.125.200.0-255,7156,214961,87,240303
47327,0.001786,172.31.47.0-255,66,215027,87,240303
47328,0.001822,74.125.200.0-255,4320,219347,87,240303
47329,0.001826,172.31.47.0-255,66,219413,87,240303
47330,0.001831,74.125.200.0-255,4320,223733,87,240303
47331,0.001833,74.125.200.0-255,1484,225217,87,240303
47332,0.001835,172.31.47.0-255,66,225283,87,240303
47333,0.001882,172.31.47.0-255,66,225349,87,240303
47334,0.001899,172.31.47.0-255,66,225415,87,240303
47335,0.001906,74.125.200.0-255,7156,232571,87,240303
47336,0.001908,172.31.47.0-255,66,232637,87,240303
47337,0.00195,74.125.200.0-255,2902,235539,87,240303
47338,0.001954,172.31.47.0-255,66,235605,87,240303
47339,0.00198,172.31.47.0-255,66,235671,87,240303
47340,0.001983,74.125.200.0-255,105,235776,87,240303
47341,0.003528,172.31.47.0-255,66,235842,87,240303
47342,0.003556,172.31.47.0-255,105,235947,87,240303
47343,0.005722,74.125.200.0-255,66,236013,87,240303
47344,0.033966,172.31.47.0-255,172,236185,87,240303
47345,0.034,172.31.47.0-255,1112,237297,87,240303
47346,0.03404,172.31.47.0-255,1514,238811,87,240303
47347,0.034041,172.31.47.0-255,1294,240105,87,240303
47348,0.035462,104.244.42.0-255,66,240171,87,240303
47349,0.035486,104.244.42.0-255,66,240237,87,240303
47350,0.035542,104.244.42.0-255,66,240303,87,240303
47351,0.0,172.217.194.0-255,153,153,87,196845
47352,1.6e-05,172.31.47.0-255,66,219,87,196845
47353,2.2e-05,172.217.194.0-255,1484,1703,87,196845
47354,2.6e-05,172.31.47.0-255,66,1769,87,196845
47355,3.1e-05,172.217.194.0-255,2902,4671,87,196845
47356,4.2e-05,172.31.47.0-255,66,4737,87,196845
47357,4.5e-05,172.217.194.0-255,1484,6221,87,196845
47358,4.7e-05,172.31.47.0-255,66,6287,87,196845
47359,6.6e-05,172.217.194.0-255,2902,9189,87,196845
47360,6.8e-05,172.31.47.0-255,66,9255,87,196845
47361,7.8e-05,172.217.194.0-255,4945,14200,87,196845
47362,8.1e-05,172.31.47.0-255,66,14266,87,196845
47363,0.000437,172.217.194.0-255,1484,15750,87,196845
47364,0.000442,172.31.47.0-255,66,15816,87,196845
47365,0.000448,172.217.194.0-255,2902,18718,87,196845
47366,0.00045,172.31.47.0-255,66,18784,87,196845
47367,0.000455,172.217.194.0-255,2902,21686,87,196845
47368,0.000462,172.31.47.0-255,66,21752,87,196845
47369,0.000485,172.217.194.0-255,2902,24654,87,196845
47370,0.000491,172.31.47.0-255,66,24720,87,196845
47371,0.000521,172.217.194.0-255,6797,31517,87,196845
47372,0.000525,172.31.47.0-255,66,31583,87,196845
47373,0.000706,172.217.194.0-255,1484,33067,87,196845
47374,0.000711,172.31.47.0-255,66,33133,87,196845
47375,0.000718,172.217.194.0-255,2902,36035,87,196845
47376,0.00072,172.31.47.0-255,66,36101,87,196845
47377,0.000752,172.217.194.0-255,5738,41839,87,196845
47378,0.000754,172.31.47.0-255,66,41905,87,196845
47379,0.000761,172.217.194.0-255,5738,47643,87,196845
47380,0.000763,172.31.47.0-255,66,47709,87,196845
47381,0.000798,172.31.47.0-255,66,47775,87,196845
47382,0.0008,172.217.194.0-255,1484,49259,87,196845
47383,0.000833,172.31.47.0-255,66,49325,87,196845
47384,0.001004,172.217.194.0-255,646,49971,87,196845
47385,0.001188,172.217.194.0-255,1484,51455,87,196845
47386,0.001193,172.31.47.0-255,66,51521,87,196845
47387,0.001199,172.217.194.0-255,2902,54423,87,196845
47388,0.001202,172.31.47.0-255,66,54489,87,196845
47389,0.001239,172.217.194.0-255,4320,58809,87,196845
47390,0.001242,172.31.47.0-255,66,58875,87,196845
47391,0.001274,172.217.194.0-255,1484,60359,87,196845
47392,0.001281,172.217.194.0-255,5738,66097,87,196845
47393,0.001283,172.31.47.0-255,66,66163,87,196845
47394,0.0013,172.31.47.0-255,66,66229,87,196845
47395,0.001306,172.217.194.0-255,5020,71249,87,196845
47396,0.001308,172.31.47.0-255,66,71315,87,196845
47397,0.001383,172.217.194.0-255,1484,72799,87,196845
47398,0.001388,172.217.194.0-255,2902,75701,87,196845
47399,0.001391,172.31.47.0-255,66,75767,87,196845
47400,0.001397,172.217.194.0-255,5738,81505,87,196845
47401,0.001399,172.31.47.0-255,66,81571,87,196845
47402,0.001437,172.31.47.0-255,66,81637,87,196845
47403,0.001443,172.217.194.0-255,5738,87375,87,196845
47404,0.001445,172.31.47.0-255,66,87441,87,196845
47405,0.001469,172.217.194.0-255,5020,92461,87,196845
47406,0.001475,172.31.47.0-255,66,92527,87,196845
47407,0.001647,172.217.194.0-255,1484,94011,87,196845
47408,0.001654,172.217.194.0-255,2902,96913,87,196845
47409,0.001657,172.31.47.0-255,66,96979,87,196845
47410,0.001685,172.217.194.0-255,5738,102717,87,196845
47411,0.001687,172.31.47.0-255,66,102783,87,196845
47412,0.001715,172.31.47.0-255,66,102849,87,196845
47413,0.001725,172.31.47.0-255,66,102915,87,196845
47414,0.001728,172.217.194.0-255,2902,105817,87,196845
47415,0.00173,172.31.47.0-255,66,105883,87,196845
47416,0.001761,172.217.194.0-255,2184,108067,87,196845
47417,0.001762,172.31.47.0-255,66,108133,87,196845
47418,0.001915,172.217.194.0-255,1484,109617,87,196845
47419,0.001926,172.217.194.0-255,2902,112519,87,196845
47420,0.001928,172.31.47.0-255,66,112585,87,196845
47421,0.00194,172.217.194.0-255,4320,116905,87,196845
47422,0.001942,172.31.47.0-255,66,116971,87,196845
47423,0.001968,172.217.194.0-255,1484,118455,87,196845
47424,0.001979,172.31.47.0-255,66,118521,87,196845
47425,0.001983,172.217.194.0-255,2902,121423,87,196845
47426,0.001984,172.31.47.0-255,66,121489,87,196845
47427,0.002031,172.31.47.0-255,66,121555,87,196845
47428,0.002043,172.31.47.0-255,66,121621,87,196845
47429,0.00206,172.31.47.0-255,66,121687,87,196845
47430,0.002083,172.217.194.0-255,2184,123871,87,196845
47431,0.002085,172.31.47.0-255,66,123937,87,196845
47432,0.002142,172.217.194.0-255,1484,125421,87,196845
47433,0.002146,172.217.194.0-255,1484,126905,87,196845
47434,0.002147,172.31.47.0-255,66,126971,87,196845
47435,0.002176,172.217.194.0-255,1484,128455,87,196845
47436,0.002182,172.217.194.0-255,5738,134193,87,196845
47437,0.002184,172.31.47.0-255,66,134259,87,196845
47438,0.002189,172.217.194.0-255,4320,138579,87,196845
47439,0.002338,172.217.194.0-255,1484,140063,87,196845
47440,0.00235,172.217.194.0-255,2902,142965,87,196845
47441,0.00236,172.217.194.0-255,1484,144449,87,196845
47442,0.002374,172.217.194.0-255,4320,148769,87,196845
47443,0.002378,172.217.194.0-255,2902,151671,87,196845
47444,0.00239,172.217.194.0-255,5738,157409,87,196845
47445,0.00241,172.217.194.0-255,4320,161729,87,196845
47446,0.00245,172.217.194.0-255,2184,163913,87,196845
47447,0.002578,172.217.194.0-255,1484,165397,87,196845
47448,0.002582,172.217.194.0-255,1484,166881,87,196845
47449,0.002592,172.217.194.0-255,1484,168365,87,196845
47450,0.002612,172.217.194.0-255,1484,169849,87,196845
47451,0.002635,172.217.194.0-255,4320,174169,87,196845
47452,0.002641,172.217.194.0-255,1484,175653,87,196845
47453,0.002669,172.217.194.0-255,5738,181391,87,196845
47454,0.002701,172.217.194.0-255,7156,188547,87,196845
47455,0.002739,172.217.194.0-255,766,189313,87,196845
47456,0.002868,172.217.194.0-255,2902,192215,87,196845
47457,0.002899,172.217.194.0-255,105,192320,87,196845
47458,0.003276,172.31.47.0-255,66,192386,87,196845
47459,0.01889,172.31.47.0-255,105,192491,87,196845
47460,0.021424,172.217.194.0-255,66,192557,87,196845
47461,0.045067,172.31.47.0-255,172,192729,87,196845
47462,0.045113,172.31.47.0-255,1103,193832,87,196845
47463,0.045175,172.31.47.0-255,1514,195346,87,196845
47464,0.045176,172.31.47.0-255,1301,196647,87,196845
47465,0.046601,104.244.42.0-255,66,196713,87,196845
47466,0.046655,104.244.42.0-255,66,196779,87,196845
47467,0.046743,104.244.42.0-255,66,196845,87,196845
47468,0.0,74.125.24.0-255,153,153,87,343130
47469,2.8e-05,172.31.47.0-255,66,219,87,343130
47470,3.4e-05,74.125.24.0-255,1484,1703,87,343130
47471,3.8e-05,172.31.47.0-255,66,1769,87,343130
47472,4.3e-05,74.125.24.0-255,2902,4671,87,343130
47473,4.5e-05,172.31.47.0-255,66,4737,87,343130
47474,5.2e-05,74.125.24.0-255,7156,11893,87,343130
47475,5.5e-05,172.31.47.0-255,66,11959,87,343130
47476,7.5e-05,74.125.24.0-255,1484,13443,87,343130
47477,7.8e-05,172.31.47.0-255,66,13509,87,343130
47478,0.000112,172.31.47.0-255,66,13575,87,343130
47479,0.000116,74.125.24.0-255,2543,16118,87,343130
47480,0.000118,172.31.47.0-255,66,16184,87,343130
47481,0.0002,74.125.24.0-255,1484,17668,87,343130
47482,0.000204,172.31.47.0-255,66,17734,87,343130
47483,0.000209,74.125.24.0-255,2902,20636,87,343130
47484,0.000212,172.31.47.0-255,66,20702,87,343130
47485,0.000215,74.125.24.0-255,1484,22186,87,343130
47486,0.000216,172.31.47.0-255,66,22252,87,343130
47487,0.000243,74.125.24.0-255,4320,26572,87,343130
47488,0.000245,172.31.47.0-255,66,26638,87,343130
47489,0.000248,74.125.24.0-255,1484,28122,87,343130
47490,0.00025,172.31.47.0-255,66,28188,87,343130
47491,0.000275,172.31.47.0-255,66,28254,87,343130
47492,0.000283,74.125.24.0-255,7156,35410,87,343130
47493,0.000288,172.31.47.0-255,66,35476,87,343130
47494,0.0003,74.125.24.0-255,4320,39796,87,343130
47495,0.000303,172.31.47.0-255,66,39862,87,343130
47496,0.000306,74.125.24.0-255,1125,40987,87,343130
47497,0.000308,172.31.47.0-255,66,41053,87,343130
47498,0.000328,74.125.24.0-255,398,41451,87,343130
47499,0.000396,74.125.24.0-255,344,41795,87,343130
47500,0.000674,74.125.24.0-255,1484,43279,87,343130
47501,0.000678,172.31.47.0-255,66,43345,87,343130
47502,0.000684,74.125.24.0-255,2902,46247,87,343130
47503,0.000686,172.31.47.0-255,66,46313,87,343130
47504,0.000692,74.125.24.0-255,4320,50633,87,343130
47505,0.000695,172.31.47.0-255,66,50699,87,343130
47506,0.000715,74.125.24.0-255,1484,52183,87,343130
47507,0.000721,74.125.24.0-255,5738,57921,87,343130
47508,0.000724,172.31.47.0-255,66,57987,87,343130
47509,0.000751,74.125.24.0-255,577,58564,87,343130
47510,0.000826,74.125.24.0-255,1484,60048,87,343130
47511,0.000829,172.31.47.0-255,66,60114,87,343130
47512,0.000832,74.125.24.0-255,1484,61598,87,343130
47513,0.000847,74.125.24.0-255,1484,63082,87,343130
47514,0.000849,172.31.47.0-255,66,63148,87,343130
47515,0.000855,74.125.24.0-255,5738,68886,87,343130
47516,0.000857,172.31.47.0-255,66,68952,87,343130
47517,0.000859,74.125.24.0-255,1484,70436,87,343130
47518,0.00088,74.125.24.0-255,2902,73338,87,343130
47519,0.000883,172.31.47.0-255,66,73404,87,343130
47520,0.000896,74.125.24.0-255,1484,74888,87,343130
47521,0.00091,74.125.24.0-255,4320,79208,87,343130
47522,0.000912,172.31.47.0-255,66,79274,87,343130
47523,0.000933,74.125.24.0-255,5738,85012,87,343130
47524,0.000936,172.31.47.0-255,66,85078,87,343130
47525,0.000957,74.125.24.0-255,4320,89398,87,343130
47526,0.00096,172.31.47.0-255,66,89464,87,343130
47527,0.000965,74.125.24.0-255,3602,93066,87,343130
47528,0.000967,172.31.47.0-255,66,93132,87,343130
47529,0.001726,74.125.24.0-255,1484,94616,87,343130
47530,0.001737,74.125.24.0-255,2902,97518,87,343130
47531,0.001741,172.31.47.0-255,66,97584,87,343130
47532,0.001762,74.125.24.0-255,5738,103322,87,343130
47533,0.001765,172.31.47.0-255,66,103388,87,343130
47534,0.001791,172.31.47.0-255,66,103454,87,343130
47535,0.001796,74.125.24.0-255,2902,106356,87,343130
47536,0.001799,172.31.47.0-255,66,106422,87,343130
47537,0.001829,74.125.24.0-255,7156,113578,87,343130
47538,0.001832,172.31.47.0-255,66,113644,87,343130
47539,0.001837,74.125.24.0-255,5020,118664,87,343130
47540,0.00184,172.31.47.0-255,66,118730,87,343130
47541,0.0024,74.125.24.0-255,1484,120214,87,343130
47542,0.002412,74.125.24.0-255,2902,123116,87,343130
47543,0.002415,172.31.47.0-255,66,123182,87,343130
47544,0.002436,74.125.24.0-255,5738,128920,87,343130
47545,0.002438,172.31.47.0-255,66,128986,87,343130
47546,0.002458,172.31.47.0-255,66,129052,87,343130
47547,0.002476,74.125.24.0-255,1484,130536,87,343130
47548,0.002515,172.31.47.0-255,66,130602,87,343130
47549,0.002527,172.31.47.0-255,66,130668,87,343130
47550,0.002548,74.125.24.0-255,4320,134988,87,343130
47551,0.002551,172.31.47.0-255,66,135054,87,343130
47552,0.002564,172.31.47.0-255,66,135120,87,343130
47553,0.002602,74.125.24.0-255,1484,136604,87,343130
47554,0.002618,74.125.24.0-255,3602,140206,87,343130
47555,0.002621,172.31.47.0-255,66,140272,87,343130
47556,0.005126,74.125.24.0-255,5738,146010,87,343130
47557,0.005133,172.31.47.0-255,66,146076,87,343130
47558,0.007589,74.125.24.0-255,5738,151814,87,343130
47559,0.007595,172.31.47.0-255,66,151880,87,343130
47560,0.010076,74.125.24.0-255,5738,157618,87,343130
47561,0.010084,172.31.47.0-255,66,157684,87,343130
47562,0.012576,74.125.24.0-255,5738,163422,87,343130
47563,0.012584,172.31.47.0-255,66,163488,87,343130
47564,0.015061,74.125.24.0-255,5738,169226,87,343130
47565,0.01507,172.31.47.0-255,66,169292,87,343130
47566,0.017597,74.125.24.0-255,5738,175030,87,343130
47567,0.017605,172.31.47.0-255,66,175096,87,343130
47568,0.020297,74.125.24.0-255,5738,180834,87,343130
47569,0.020304,172.31.47.0-255,66,180900,87,343130
47570,0.022808,74.125.24.0-255,5738,186638,87,343130
47571,0.022817,172.31.47.0-255,66,186704,87,343130
47572,0.025294,74.125.24.0-255,5738,192442,87,343130
47573,0.025301,172.31.47.0-255,66,192508,87,343130
47574,0.027773,74.125.24.0-255,5738,198246,87,343130
47575,0.027784,172.31.47.0-255,66,198312,87,343130
47576,0.029607,172.31.47.0-255,172,198484,87,343130
47577,0.029638,172.31.47.0-255,1112,199596,87,343130
47578,0.029679,172.31.47.0-255,1514,201110,87,343130
47579,0.029681,172.31.47.0-255,1292,202402,87,343130
47580,0.030259,74.125.24.0-255,5738,208140,87,343130
47581,0.030265,172.31.47.0-255,66,208206,87,343130
47582,0.031158,104.244.42.0-255,66,208272,87,343130
47583,0.031211,104.244.42.0-255,66,208338,87,343130
47584,0.031252,104.244.42.0-255,66,208404,87,343130
47585,0.032752,74.125.24.0-255,2902,211306,87,343130
47586,0.032758,172.31.47.0-255,66,211372,87,343130
47587,0.032787,74.125.24.0-255,2902,214274,87,343130
47588,0.03279,172.31.47.0-255,66,214340,87,343130
47589,0.035239,74.125.24.0-255,5738,220078,87,343130
47590,0.035245,172.31.47.0-255,66,220144,87,343130
47591,0.037723,74.125.24.0-255,5738,225882,87,343130
47592,0.037729,172.31.47.0-255,66,225948,87,343130
47593,0.040203,74.125.24.0-255,5738,231686,87,343130
47594,0.040224,172.31.47.0-255,66,231752,87,343130
47595,0.042681,74.125.24.0-255,5738,237490,87,343130
47596,0.042686,172.31.47.0-255,66,237556,87,343130
47597,0.045177,74.125.24.0-255,4320,241876,87,343130
47598,0.045181,172.31.47.0-255,66,241942,87,343130
47599,0.045211,74.125.24.0-255,1484,243426,87,343130
47600,0.047673,74.125.24.0-255,4320,247746,87,343130
47601,0.047677,172.31.47.0-255,66,247812,87,343130
47602,0.050202,74.125.24.0-255,5738,253550,87,343130
47603,0.050208,172.31.47.0-255,66,253616,87,343130
47604,0.052671,74.125.24.0-255,5738,259354,87,343130
47605,0.052677,172.31.47.0-255,66,259420,87,343130
47606,0.055147,74.125.24.0-255,2902,262322,87,343130
47607,0.055152,172.31.47.0-255,66,262388,87,343130
47608,0.055181,74.125.24.0-255,2902,265290,87,343130
47609,0.055184,172.31.47.0-255,66,265356,87,343130
47610,0.057656,74.125.24.0-255,4320,269676,87,343130
47611,0.057661,172.31.47.0-255,66,269742,87,343130
47612,0.057689,74.125.24.0-255,1484,271226,87,343130
47613,0.06017,74.125.24.0-255,4320,275546,87,343130
47614,0.060175,172.31.47.0-255,66,275612,87,343130
47615,0.062675,74.125.24.0-255,5738,281350,87,343130
47616,0.062682,172.31.47.0-255,66,281416,87,343130
47617,0.065154,74.125.24.0-255,5738,287154,87,343130
47618,0.065159,172.31.47.0-255,66,287220,87,343130
47619,0.067663,74.125.24.0-255,5738,292958,87,343130
47620,0.067667,172.31.47.0-255,66,293024,87,343130
47621,0.070161,74.125.24.0-255,5738,298762,87,343130
47622,0.070167,172.31.47.0-255,66,298828,87,343130
47623,0.072646,74.125.24.0-255,5738,304566,87,343130
47624,0.072653,172.31.47.0-255,66,304632,87,343130
47625,0.075135,74.125.24.0-255,5738,310370,87,343130
47626,0.07514,172.31.47.0-255,66,310436,87,343130
47627,0.077604,74.125.24.0-255,5738,316174,87,343130
47628,0.077609,172.31.47.0-255,66,316240,87,343130
47629,0.080086,74.125.24.0-255,1484,317724,87,343130
47630,0.080115,74.125.24.0-255,4320,322044,87,343130
47631,0.08012,172.31.47.0-255,66,322110,87,343130
47632,0.082621,74.125.24.0-255,4320,326430,87,343130
47633,0.082626,172.31.47.0-255,66,326496,87,343130
47634,0.082713,74.125.24.0-255,1484,327980,87,343130
47635,0.085117,74.125.24.0-255,4320,332300,87,343130
47636,0.085121,172.31.47.0-255,66,332366,87,343130
47637,0.087576,74.125.24.0-255,2902,335268,87,343130
47638,0.08758,172.31.47.0-255,66,335334,87,343130
47639,0.087606,74.125.24.0-255,2902,338236,87,343130
47640,0.087608,172.31.47.0-255,66,338302,87,343130
47641,0.090028,74.125.24.0-255,2902,341204,87,343130
47642,0.090033,172.31.47.0-255,66,341270,87,343130
47643,0.090074,74.125.24.0-255,1623,342893,87,343130
47644,0.090078,172.31.47.0-255,66,342959,87,343130
47645,0.090194,172.31.47.0-255,105,343064,87,343130
47646,0.092641,74.125.24.0-255,66,343130,87,343130
47647,0.0,74.125.24.0-255,153,153,87,316263
47648,2.2e-05,172.31.47.0-255,66,219,87,316263
47649,2.8e-05,74.125.24.0-255,1484,1703,87,316263
47650,3.2e-05,172.31.47.0-255,66,1769,87,316263
47651,3.7e-05,74.125.24.0-255,2902,4671,87,316263
47652,3.9e-05,172.31.47.0-255,66,4737,87,316263
47653,5e-05,74.125.24.0-255,1484,6221,87,316263
47654,5.3e-05,172.31.47.0-255,66,6287,87,316263
47655,5.9e-05,74.125.24.0-255,5738,12025,87,316263
47656,6.1e-05,172.31.47.0-255,66,12091,87,316263
47657,0.000108,74.125.24.0-255,5738,17829,87,316263
47658,0.00011,172.31.47.0-255,66,17895,87,316263
47659,0.000139,74.125.24.0-255,6381,24276,87,316263
47660,0.000142,172.31.47.0-255,66,24342,87,316263
47661,0.000212,74.125.24.0-255,4320,28662,87,316263
47662,0.000215,172.31.47.0-255,66,28728,87,316263
47663,0.000228,74.125.24.0-255,2543,31271,87,316263
47664,0.000234,172.31.47.0-255,66,31337,87,316263
47665,0.000274,74.125.24.0-255,1484,32821,87,316263
47666,0.000276,172.31.47.0-255,66,32887,87,316263
47667,0.00028,74.125.24.0-255,2902,35789,87,316263
47668,0.000283,172.31.47.0-255,66,35855,87,316263
47669,0.000303,74.125.24.0-255,1484,37339,87,316263
47670,0.000305,172.31.47.0-255,66,37405,87,316263
47671,0.000325,74.125.24.0-255,4320,41725,87,316263
47672,0.000328,172.31.47.0-255,66,41791,87,316263
47673,0.000369,74.125.24.0-255,4320,46111,87,316263
47674,0.000372,172.31.47.0-255,66,46177,87,316263
47675,0.000401,172.31.47.0-255,66,46243,87,316263
47676,0.000476,74.125.24.0-255,2902,49145,87,316263
47677,0.000479,172.31.47.0-255,66,49211,87,316263
47678,0.000531,172.31.47.0-255,66,49277,87,316263
47679,0.000575,74.125.24.0-255,401,49678,87,316263
47680,0.000578,172.31.47.0-255,66,49744,87,316263
47681,0.000616,74.125.24.0-255,111,49855,87,316263
47682,0.000618,172.31.47.0-255,66,49921,87,316263
47683,0.001046,74.125.24.0-255,1484,51405,87,316263
47684,0.001051,172.31.47.0-255,66,51471,87,316263
47685,0.001057,74.125.24.0-255,2902,54373,87,316263
47686,0.001059,172.31.47.0-255,66,54439,87,316263
47687,0.0011,74.125.24.0-255,5738,60177,87,316263
47688,0.001104,172.31.47.0-255,66,60243,87,316263
47689,0.001142,172.31.47.0-255,66,60309,87,316263
47690,0.001233,74.125.24.0-255,4320,64629,87,316263
47691,0.001237,172.31.47.0-255,66,64695,87,316263
47692,0.001264,74.125.24.0-255,1484,66179,87,316263
47693,0.001267,172.31.47.0-255,66,66245,87,316263
47694,0.001292,74.125.24.0-255,4320,70565,87,316263
47695,0.001299,172.31.47.0-255,66,70631,87,316263
47696,0.001303,74.125.24.0-255,766,71397,87,316263
47697,0.001305,172.31.47.0-255,66,71463,87,316263
47698,0.001336,74.125.24.0-255,5738,77201,87,316263
47699,0.001339,172.31.47.0-255,66,77267,87,316263
47700,0.001381,74.125.24.0-255,1484,78751,87,316263
47701,0.001386,172.31.47.0-255,66,78817,87,316263
47702,0.001423,172.31.47.0-255,66,78883,87,316263
47703,0.001545,172.31.47.0-255,66,78949,87,316263
47704,0.001574,172.31.47.0-255,66,79015,87,316263
47705,0.001743,74.125.24.0-255,4320,83335,87,316263
47706,0.001746,172.31.47.0-255,66,83401,87,316263
47707,0.001796,172.31.47.0-255,66,83467,87,316263
47708,0.002025,74.125.24.0-255,1484,84951,87,316263
47709,0.002029,172.31.47.0-255,66,85017,87,316263
47710,0.002054,74.125.24.0-255,2902,87919,87,316263
47711,0.002057,172.31.47.0-255,66,87985,87,316263
47712,0.002064,74.125.24.0-255,5738,93723,87,316263
47713,0.002066,172.31.47.0-255,66,93789,87,316263
47714,0.002107,74.125.24.0-255,4320,98109,87,316263
47715,0.002113,172.31.47.0-255,66,98175,87,316263
47716,0.002121,74.125.24.0-255,2902,101077,87,316263
47717,0.002127,172.31.47.0-255,66,101143,87,316263
47718,0.00217,74.125.24.0-255,7156,108299,87,316263
47719,0.002173,172.31.47.0-255,66,108365,87,316263
47720,0.002203,74.125.24.0-255,7156,115521,87,316263
47721,0.002212,172.31.47.0-255,66,115587,87,316263
47722,0.002597,74.125.24.0-255,2184,117771,87,316263
47723,0.002602,172.31.47.0-255,66,117837,87,316263
47724,0.004756,74.125.24.0-255,2902,120739,87,316263
47725,0.004763,172.31.47.0-255,66,120805,87,316263
47726,0.005136,74.125.24.0-255,2902,123707,87,316263
47727,0.005138,172.31.47.0-255,66,123773,87,316263
47728,0.007322,74.125.24.0-255,2902,126675,87,316263
47729,0.007328,172.31.47.0-255,66,126741,87,316263
47730,0.007696,74.125.24.0-255,2902,129643,87,316263
47731,0.0077,172.31.47.0-255,66,129709,87,316263
47732,0.009889,74.125.24.0-255,2902,132611,87,316263
47733,0.009895,172.31.47.0-255,66,132677,87,316263
47734,0.010238,74.125.24.0-255,2902,135579,87,316263
47735,0.011816,172.31.47.0-255,66,135645,87,316263
47736,0.01245,74.125.24.0-255,2902,138547,87,316263
47737,0.012457,172.31.47.0-255,66,138613,87,316263
47738,0.014351,74.125.24.0-255,2902,141515,87,316263
47739,0.014358,172.31.47.0-255,66,141581,87,316263
47740,0.01501,74.125.24.0-255,2902,144483,87,316263
47741,0.015017,172.31.47.0-255,66,144549,87,316263
47742,0.016931,74.125.24.0-255,2902,147451,87,316263
47743,0.016938,172.31.47.0-255,66,147517,87,316263
47744,0.017557,74.125.24.0-255,2902,150419,87,316263
47745,0.017564,172.31.47.0-255,66,150485,87,316263
47746,0.019509,74.125.24.0-255,2902,153387,87,316263
47747,0.01952,172.31.47.0-255,66,153453,87,316263
47748,0.020147,74.125.24.0-255,2902,156355,87,316263
47749,0.020153,172.31.47.0-255,66,156421,87,316263
47750,0.022095,74.125.24.0-255,2902,159323,87,316263
47751,0.022101,172.31.47.0-255,66,159389,87,316263
47752,0.022704,74.125.24.0-255,2902,162291,87,316263
47753,0.02271,172.31.47.0-255,66,162357,87,316263
47754,0.024661,74.125.24.0-255,2902,165259,87,316263
47755,0.024669,172.31.47.0-255,66,165325,87,316263
47756,0.025288,74.125.24.0-255,2902,168227,87,316263
47757,0.027224,74.125.24.0-255,2902,171129,87,316263
47758,0.036012,74.125.24.0-255,1484,172613,87,316263
47759,0.03665,172.31.47.0-255,66,172679,87,316263
47760,0.03922,74.125.24.0-255,5738,178417,87,316263
47761,0.039235,172.31.47.0-255,66,178483,87,316263
47762,0.041797,74.125.24.0-255,5738,184221,87,316263
47763,0.041813,172.31.47.0-255,66,184287,87,316263
47764,0.044387,74.125.24.0-255,5738,190025,87,316263
47765,0.0444,172.31.47.0-255,66,190091,87,316263
47766,0.045577,172.31.47.0-255,172,190263,87,316263
47767,0.04561,172.31.47.0-255,1103,191366,87,316263
47768,0.045649,172.31.47.0-255,1514,192880,87,316263
47769,0.045651,172.31.47.0-255,1301,194181,87,316263
47770,0.046955,74.125.24.0-255,5738,199919,87,316263
47771,0.046964,172.31.47.0-255,66,199985,87,316263
47772,0.047135,104.244.42.0-255,66,200051,87,316263
47773,0.047181,104.244.42.0-255,66,200117,87,316263
47774,0.047226,104.244.42.0-255,66,200183,87,316263
47775,0.049542,74.125.24.0-255,5738,205921,87,316263
47776,0.049561,172.31.47.0-255,66,205987,87,316263
47777,0.052155,74.125.24.0-255,5738,211725,87,316263
47778,0.052169,172.31.47.0-255,66,211791,87,316263
47779,0.054741,74.125.24.0-255,5738,217529,87,316263
47780,0.05475,172.31.47.0-255,66,217595,87,316263
47781,0.057303,74.125.24.0-255,5738,223333,87,316263
47782,0.057314,172.31.47.0-255,66,223399,87,316263
47783,0.059899,74.125.24.0-255,5738,229137,87,316263
47784,0.059916,172.31.47.0-255,66,229203,87,316263
47785,0.062469,74.125.24.0-255,5738,234941,87,316263
47786,0.062478,172.31.47.0-255,66,235007,87,316263
47787,0.065032,74.125.24.0-255,5738,240745,87,316263
47788,0.065066,172.31.47.0-255,66,240811,87,316263
47789,0.067608,74.125.24.0-255,5738,246549,87,316263
47790,0.067613,172.31.47.0-255,66,246615,87,316263
47791,0.07017,74.125.24.0-255,5738,252353,87,316263
47792,0.070175,172.31.47.0-255,66,252419,87,316263
47793,0.072749,74.125.24.0-255,5738,258157,87,316263
47794,0.072757,172.31.47.0-255,66,258223,87,316263
47795,0.075316,74.125.24.0-255,5738,263961,87,316263
47796,0.075326,172.31.47.0-255,66,264027,87,316263
47797,0.077888,74.125.24.0-255,5738,269765,87,316263
47798,0.077894,172.31.47.0-255,66,269831,87,316263
47799,0.080445,74.125.24.0-255,5738,275569,87,316263
47800,0.08045,172.31.47.0-255,66,275635,87,316263
47801,0.083023,74.125.24.0-255,5738,281373,87,316263
47802,0.083028,172.31.47.0-255,66,281439,87,316263
47803,0.085581,74.125.24.0-255,5738,287177,87,316263
47804,0.085588,172.31.47.0-255,66,287243,87,316263
47805,0.088137,74.125.24.0-255,5738,292981,87,316263
47806,0.088152,172.31.47.0-255,66,293047,87,316263
47807,0.090729,74.125.24.0-255,5738,298785,87,316263
47808,0.090747,172.31.47.0-255,66,298851,87,316263
47809,0.093309,74.125.24.0-255,5738,304589,87,316263
47810,0.093319,172.31.47.0-255,66,304655,87,316263
47811,0.09588,74.125.24.0-255,5738,310393,87,316263
47812,0.095886,172.31.47.0-255,66,310459,87,316263
47813,0.098447,74.125.24.0-255,5738,316197,87,316263
47814,0.098459,172.31.47.0-255,66,316263,87,316263
47815,0.0,74.125.24.0-255,297,297,87,304568
47816,2.6e-05,172.31.47.0-255,66,363,87,304568
47817,3.2e-05,74.125.24.0-255,1484,1847,87,304568
47818,3.6e-05,172.31.47.0-255,66,1913,87,304568
47819,4.1e-05,74.125.24.0-255,4320,6233,87,304568
47820,5e-05,172.31.47.0-255,66,6299,87,304568
47821,7.9e-05,172.31.47.0-255,66,6365,87,304568
47822,0.000472,74.125.24.0-255,1484,7849,87,304568
47823,0.000477,172.31.47.0-255,66,7915,87,304568
47824,0.000486,74.125.24.0-255,2902,10817,87,304568
47825,0.000488,172.31.47.0-255,66,10883,87,304568
47826,0.000499,74.125.24.0-255,5738,16621,87,304568
47827,0.000501,172.31.47.0-255,66,16687,87,304568
47828,0.00053,74.125.24.0-255,6797,23484,87,304568
47829,0.000533,172.31.47.0-255,66,23550,87,304568
47830,0.000669,74.125.24.0-255,1484,25034,87,304568
47831,0.000674,172.31.47.0-255,66,25100,87,304568
47832,0.000679,74.125.24.0-255,2902,28002,87,304568
47833,0.000681,172.31.47.0-255,66,28068,87,304568
47834,0.000687,74.125.24.0-255,5738,33806,87,304568
47835,0.000693,172.31.47.0-255,66,33872,87,304568
47836,0.000736,172.31.47.0-255,66,33938,87,304568
47837,0.000746,172.31.47.0-255,66,34004,87,304568
47838,0.000769,74.125.24.0-255,1416,35420,87,304568
47839,0.000772,172.31.47.0-255,66,35486,87,304568
47840,0.000807,74.125.24.0-255,418,35904,87,304568
47841,0.000809,172.31.47.0-255,66,35970,87,304568
47842,0.001001,74.125.24.0-255,1484,37454,87,304568
47843,0.001007,172.31.47.0-255,66,37520,87,304568
47844,0.001012,74.125.24.0-255,2902,40422,87,304568
47845,0.001013,172.31.47.0-255,66,40488,87,304568
47846,0.001017,74.125.24.0-255,2902,43390,87,304568
47847,0.001019,172.31.47.0-255,66,43456,87,304568
47848,0.001035,74.125.24.0-255,2902,46358,87,304568
47849,0.001037,172.31.47.0-255,66,46424,87,304568
47850,0.001042,74.125.24.0-255,5738,52162,87,304568
47851,0.001044,172.31.47.0-255,66,52228,87,304568
47852,0.001059,172.31.47.0-255,66,52294,87,304568
47853,0.001081,74.125.24.0-255,2902,55196,87,304568
47854,0.001084,172.31.47.0-255,66,55262,87,304568
47855,0.00109,74.125.24.0-255,4470,59732,87,304568
47856,0.001092,172.31.47.0-255,66,59798,87,304568
47857,0.001096,74.125.24.0-255,5738,65536,87,304568
47858,0.001098,172.31.47.0-255,66,65602,87,304568
47859,0.00115,172.31.47.0-255,66,65668,87,304568
47860,0.001201,74.125.24.0-255,1484,67152,87,304568
47861,0.001213,74.125.24.0-255,2902,70054,87,304568
47862,0.001216,172.31.47.0-255,66,70120,87,304568
47863,0.00124,74.125.24.0-255,5738,75858,87,304568
47864,0.001243,172.31.47.0-255,66,75924,87,304568
47865,0.001245,74.125.24.0-255,1484,77408,87,304568
47866,0.00128,74.125.24.0-255,5379,82787,87,304568
47867,0.001282,172.31.47.0-255,66,82853,87,304568
47868,0.001576,74.125.24.0-255,1484,84337,87,304568
47869,0.001579,74.125.24.0-255,1484,85821,87,304568
47870,0.001581,172.31.47.0-255,66,85887,87,304568
47871,0.001605,74.125.24.0-255,1484,87371,87,304568
47872,0.00161,74.125.24.0-255,5738,93109,87,304568
47873,0.001612,172.31.47.0-255,66,93175,87,304568
47874,0.001615,74.125.24.0-255,2902,96077,87,304568
47875,0.001617,172.31.47.0-255,66,96143,87,304568
47876,0.001658,172.31.47.0-255,66,96209,87,304568
47877,0.001667,172.31.47.0-255,66,96275,87,304568
47878,0.001681,74.125.24.0-255,1484,97759,87,304568
47879,0.001736,74.125.24.0-255,4320,102079,87,304568
47880,0.002135,74.125.24.0-255,1484,103563,87,304568
47881,0.002138,74.125.24.0-255,1484,105047,87,304568
47882,0.002146,74.125.24.0-255,1484,106531,87,304568
47883,0.002157,74.125.24.0-255,4320,110851,87,304568
47884,0.002167,74.125.24.0-255,1484,112335,87,304568
47885,0.002188,74.125.24.0-255,4320,116655,87,304568
47886,0.002219,74.125.24.0-255,7156,123811,87,304568
47887,0.002242,74.125.24.0-255,2543,126354,87,304568
47888,0.007021,172.31.47.0-255,66,126420,87,304568
47889,0.009323,74.125.24.0-255,5738,132158,87,304568
47890,0.009329,172.31.47.0-255,66,132224,87,304568
47891,0.011603,74.125.24.0-255,5738,137962,87,304568
47892,0.011612,172.31.47.0-255,66,138028,87,304568
47893,0.013875,74.125.24.0-255,5738,143766,87,304568
47894,0.01388,172.31.47.0-255,66,143832,87,304568
47895,0.016189,74.125.24.0-255,5738,149570,87,304568
47896,0.016197,172.31.47.0-255,66,149636,87,304568
47897,0.018457,74.125.24.0-255,5738,155374,87,304568
47898,0.018465,172.31.47.0-255,66,155440,87,304568
47899,0.020746,74.125.24.0-255,5738,161178,87,304568
47900,0.020753,172.31.47.0-255,66,161244,87,304568
47901,0.022913,172.31.47.0-255,167,161411,87,304568
47902,0.022938,172.31.47.0-255,1107,162518,87,304568
47903,0.022971,172.31.47.0-255,1514,164032,87,304568
47904,0.022972,172.31.47.0-255,1299,165331,87,304568
47905,0.02302,74.125.24.0-255,5738,171069,87,304568
47906,0.023024,172.31.47.0-255,66,171135,87,304568
47907,0.024428,104.244.42.0-255,66,171201,87,304568
47908,0.024478,104.244.42.0-255,66,171267,87,304568
47909,0.024506,104.244.42.0-255,66,171333,87,304568
47910,0.0253,74.125.24.0-255,5738,177071,87,304568
47911,0.025305,172.31.47.0-255,66,177137,87,304568
47912,0.027588,74.125.24.0-255,5738,182875,87,304568
47913,0.027594,172.31.47.0-255,66,182941,87,304568
47914,0.029864,74.125.24.0-255,5738,188679,87,304568
47915,0.029869,172.31.47.0-255,66,188745,87,304568
47916,0.032176,74.125.24.0-255,5738,194483,87,304568
47917,0.03218,172.31.47.0-255,66,194549,87,304568
47918,0.034432,74.125.24.0-255,5738,200287,87,304568
47919,0.034437,172.31.47.0-255,66,200353,87,304568
47920,0.036727,74.125.24.0-255,2902,203255,87,304568
47921,0.036732,172.31.47.0-255,66,203321,87,304568
47922,0.036767,74.125.24.0-255,2902,206223,87,304568
47923,0.03677,172.31.47.0-255,66,206289,87,304568
47924,0.039018,74.125.24.0-255,2902,209191,87,304568
47925,0.039034,172.31.47.0-255,66,209257,87,304568
47926,0.039062,74.125.24.0-255,2902,212159,87,304568
47927,0.039066,172.31.47.0-255,66,212225,87,304568
47928,0.041311,74.125.24.0-255,2902,215127,87,304568
47929,0.041316,172.31.47.0-255,66,215193,87,304568
47930,0.041347,74.125.24.0-255,2902,218095,87,304568
47931,0.041351,172.31.47.0-255,66,218161,87,304568
47932,0.043617,74.125.24.0-255,5738,223899,87,304568
47933,0.043621,172.31.47.0-255,66,223965,87,304568
47934,0.04587,74.125.24.0-255,5738,229703,87,304568
47935,0.045874,172.31.47.0-255,66,229769,87,304568
47936,0.04813,74.125.24.0-255,5738,235507,87,304568
47937,0.048135,172.31.47.0-255,66,235573,87,304568
47938,0.050403,74.125.24.0-255,5738,241311,87,304568
47939,0.050408,172.31.47.0-255,66,241377,87,304568
47940,0.052696,74.125.24.0-255,5738,247115,87,304568
47941,0.0527,172.31.47.0-255,66,247181,87,304568
47942,0.054957,74.125.24.0-255,5738,252919,87,304568
47943,0.054962,172.31.47.0-255,66,252985,87,304568
47944,0.057237,74.125.24.0-255,5738,258723,87,304568
47945,0.057242,172.31.47.0-255,66,258789,87,304568
47946,0.059517,74.125.24.0-255,5738,264527,87,304568
47947,0.059522,172.31.47.0-255,66,264593,87,304568
47948,0.061807,74.125.24.0-255,5738,270331,87,304568
47949,0.061811,172.31.47.0-255,66,270397,87,304568
47950,0.064072,74.125.24.0-255,5738,276135,87,304568
47951,0.064076,172.31.47.0-255,66,276201,87,304568
47952,0.066356,74.125.24.0-255,5738,281939,87,304568
47953,0.066361,172.31.47.0-255,66,282005,87,304568
47954,0.068654,74.125.24.0-255,5738,287743,87,304568
47955,0.06866,172.31.47.0-255,66,287809,87,304568
47956,0.070945,74.125.24.0-255,5738,293547,87,304568
47957,0.07095,172.31.47.0-255,66,293613,87,304568
47958,0.073222,74.125.24.0-255,5738,299351,87,304568
47959,0.073226,172.31.47.0-255,66,299417,87,304568
47960,0.07551,74.125.24.0-255,4914,304331,87,304568
47961,0.075516,172.31.47.0-255,66,304397,87,304568
47962,0.075687,172.31.47.0-255,105,304502,87,304568
47963,0.077936,74.125.24.0-255,66,304568,87,304568
47964,0.0,74.125.130.0-255,153,153,87,401427
47965,2.1e-05,172.31.47.0-255,66,219,87,401427
47966,2.8e-05,74.125.130.0-255,1484,1703,87,401427
47967,3.3e-05,172.31.47.0-255,66,1769,87,401427
47968,4.7e-05,74.125.130.0-255,2902,4671,87,401427
47969,5.1e-05,172.31.47.0-255,66,4737,87,401427
47970,8.9e-05,74.125.130.0-255,5738,10475,87,401427
47971,9.3e-05,172.31.47.0-255,66,10541,87,401427
47972,9.6e-05,74.125.130.0-255,1484,12025,87,401427
47973,9.8e-05,172.31.47.0-255,66,12091,87,401427
47974,0.000103,74.125.130.0-255,2093,14184,87,401427
47975,0.000105,172.31.47.0-255,66,14250,87,401427
47976,0.000128,74.125.130.0-255,2902,17152,87,401427
47977,0.000131,172.31.47.0-255,66,17218,87,401427
47978,0.000161,74.125.130.0-255,4320,21538,87,401427
47979,0.00017,172.31.47.0-255,66,21604,87,401427
47980,0.000175,74.125.130.0-255,2902,24506,87,401427
47981,0.000177,172.31.47.0-255,66,24572,87,401427
47982,0.000205,74.125.130.0-255,4320,28892,87,401427
47983,0.000208,172.31.47.0-255,66,28958,87,401427
47984,0.000232,74.125.130.0-255,2543,31501,87,401427
47985,0.000235,172.31.47.0-255,66,31567,87,401427
47986,0.000419,74.125.130.0-255,1484,33051,87,401427
47987,0.000424,172.31.47.0-255,66,33117,87,401427
47988,0.000428,74.125.130.0-255,1484,34601,87,401427
47989,0.00043,172.31.47.0-255,66,34667,87,401427
47990,0.000434,74.125.130.0-255,1484,36151,87,401427
47991,0.000436,172.31.47.0-255,66,36217,87,401427
47992,0.000453,74.125.130.0-255,1484,37701,87,401427
47993,0.000454,172.31.47.0-255,66,37767,87,401427
47994,0.000462,74.125.130.0-255,5738,43505,87,401427
47995,0.000468,172.31.47.0-255,66,43571,87,401427
47996,0.000502,74.125.130.0-255,5379,48950,87,401427
47997,0.000506,172.31.47.0-255,66,49016,87,401427
47998,0.000513,74.125.130.0-255,5738,54754,87,401427
47999,0.000515,172.31.47.0-255,66,54820,87,401427
48000,0.000548,74.125.130.0-255,7156,61976,87,401427
48001,0.000551,172.31.47.0-255,66,62042,87,401427
48002,0.00058,74.125.130.0-255,4213,66255,87,401427
48003,0.000582,172.31.47.0-255,66,66321,87,401427
48004,0.000585,74.125.130.0-255,118,66439,87,401427
48005,0.00062,74.125.130.0-255,1484,67923,87,401427
48006,0.000623,172.31.47.0-255,66,67989,87,401427
48007,0.000626,74.125.130.0-255,1484,69473,87,401427
48008,0.000649,74.125.130.0-255,2902,72375,87,401427
48009,0.000652,172.31.47.0-255,66,72441,87,401427
48010,0.000681,74.125.130.0-255,5738,78179,87,401427
48011,0.000684,172.31.47.0-255,66,78245,87,401427
48012,0.000689,74.125.130.0-255,2902,81147,87,401427
48013,0.000691,172.31.47.0-255,66,81213,87,401427
48014,0.000732,74.125.130.0-255,2279,83492,87,401427
48015,0.000736,172.31.47.0-255,66,83558,87,401427
48016,0.000864,74.125.130.0-255,1484,85042,87,401427
48017,0.000872,74.125.130.0-255,2902,87944,87,401427
48018,0.000876,172.31.47.0-255,66,88010,87,401427
48019,0.00088,74.125.130.0-255,1484,89494,87,401427
48020,0.000903,74.125.130.0-255,2902,92396,87,401427
48021,0.000906,172.31.47.0-255,66,92462,87,401427
48022,0.000933,74.125.130.0-255,5738,98200,87,401427
48023,0.000936,172.31.47.0-255,66,98266,87,401427
48024,0.000963,74.125.130.0-255,7156,105422,87,401427
48025,0.000965,172.31.47.0-255,66,105488,87,401427
48026,0.000993,74.125.130.0-255,7156,112644,87,401427
48027,0.000997,172.31.47.0-255,66,112710,87,401427
48028,0.001038,74.125.130.0-255,5020,117730,87,401427
48029,0.001041,172.31.47.0-255,66,117796,87,401427
48030,0.001238,74.125.130.0-255,1484,119280,87,401427
48031,0.001263,74.125.130.0-255,2902,122182,87,401427
48032,0.001266,172.31.47.0-255,66,122248,87,401427
48033,0.001278,74.125.130.0-255,1484,123732,87,401427
48034,0.001296,74.125.130.0-255,4320,128052,87,401427
48035,0.001299,172.31.47.0-255,66,128118,87,401427
48036,0.001328,74.125.130.0-255,5738,133856,87,401427
48037,0.001332,172.31.47.0-255,66,133922,87,401427
48038,0.001349,74.125.130.0-255,1484,135406,87,401427
48039,0.001353,74.125.130.0-255,2902,138308,87,401427
48040,0.001355,172.31.47.0-255,66,138374,87,401427
48041,0.001358,74.125.130.0-255,2902,141276,87,401427
48042,0.00136,172.31.47.0-255,66,141342,87,401427
48043,0.001379,74.125.130.0-255,1484,142826,87,401427
48044,0.001402,74.125.130.0-255,7156,149982,87,401427
48045,0.001405,172.31.47.0-255,66,150048,87,401427
48046,0.001442,74.125.130.0-255,2184,152232,87,401427
48047,0.001445,172.31.47.0-255,66,152298,87,401427
48048,0.001558,74.125.130.0-255,1484,153782,87,401427
48049,0.00157,74.125.130.0-255,1484,155266,87,401427
48050,0.001573,172.31.47.0-255,66,155332,87,401427
48051,0.001593,74.125.130.0-255,1484,156816,87,401427
48052,0.001597,74.125.130.0-255,2902,159718,87,401427
48053,0.0016,172.31.47.0-255,66,159784,87,401427
48054,0.001623,74.125.130.0-255,4320,164104,87,401427
48055,0.001626,172.31.47.0-255,66,164170,87,401427
48056,0.001665,74.125.130.0-255,7156,171326,87,401427
48057,0.001668,172.31.47.0-255,66,171392,87,401427
48058,0.001726,74.125.130.0-255,4320,175712,87,401427
48059,0.001728,172.31.47.0-255,66,175778,87,401427
48060,0.001757,74.125.130.0-255,4320,180098,87,401427
48061,0.00176,172.31.47.0-255,66,180164,87,401427
48062,0.001763,74.125.130.0-255,1484,181648,87,401427
48063,0.001767,74.125.130.0-255,2902,184550,87,401427
48064,0.001769,172.31.47.0-255,66,184616,87,401427
48065,0.001776,74.125.130.0-255,2184,186800,87,401427
48066,0.001778,172.31.47.0-255,66,186866,87,401427
48067,0.00193,74.125.130.0-255,1484,188350,87,401427
48068,0.001948,74.125.130.0-255,2902,191252,87,401427
48069,0.001951,172.31.47.0-255,66,191318,87,401427
48070,0.001955,74.125.130.0-255,1484,192802,87,401427
48071,0.001978,74.125.130.0-255,2902,195704,87,401427
48072,0.001981,172.31.47.0-255,66,195770,87,401427
48073,0.001993,172.31.47.0-255,66,195836,87,401427
48074,0.002002,74.125.130.0-255,2902,198738,87,401427
48075,0.002004,172.31.47.0-255,66,198804,87,401427
48076,0.002037,74.125.130.0-255,4320,203124,87,401427
48077,0.002041,172.31.47.0-255,66,203190,87,401427
48078,0.002046,74.125.130.0-255,2902,206092,87,401427
48079,0.002048,172.31.47.0-255,66,206158,87,401427
48080,0.002077,74.125.130.0-255,2902,209060,87,401427
48081,0.002081,172.31.47.0-255,66,209126,87,401427
48082,0.002109,74.125.130.0-255,3602,212728,87,401427
48083,0.002112,172.31.47.0-255,66,212794,87,401427
48084,0.002413,74.125.130.0-255,1484,214278,87,401427
48085,0.002431,74.125.130.0-255,2902,217180,87,401427
48086,0.002434,172.31.47.0-255,66,217246,87,401427
48087,0.002438,74.125.130.0-255,1484,218730,87,401427
48088,0.002461,74.125.130.0-255,2902,221632,87,401427
48089,0.002464,172.31.47.0-255,66,221698,87,401427
48090,0.002471,74.125.130.0-255,5738,227436,87,401427
48091,0.002473,172.31.47.0-255,66,227502,87,401427
48092,0.002495,74.125.130.0-255,5738,233240,87,401427
48093,0.002497,172.31.47.0-255,66,233306,87,401427
48094,0.002529,74.125.130.0-255,5738,239044,87,401427
48095,0.002538,74.125.130.0-255,2902,241946,87,401427
48096,0.002544,172.31.47.0-255,66,242012,87,401427
48097,0.002575,74.125.130.0-255,2902,244914,87,401427
48098,0.007727,172.31.47.0-255,66,244980,87,401427
48099,0.007733,172.31.47.0-255,66,245046,87,401427
48100,0.007736,172.31.47.0-255,66,245112,87,401427
48101,0.010279,74.125.130.0-255,5738,250850,87,401427
48102,0.010285,172.31.47.0-255,66,250916,87,401427
48103,0.012834,74.125.130.0-255,5738,256654,87,401427
48104,0.012841,172.31.47.0-255,66,256720,87,401427
48105,0.015394,74.125.130.0-255,5738,262458,87,401427
48106,0.015404,172.31.47.0-255,66,262524,87,401427
48107,0.017951,74.125.130.0-255,5738,268262,87,401427
48108,0.01796,172.31.47.0-255,66,268328,87,401427
48109,0.020526,74.125.130.0-255,5738,274066,87,401427
48110,0.020534,172.31.47.0-255,66,274132,87,401427
48111,0.023085,74.125.130.0-255,5738,279870,87,401427
48112,0.023093,172.31.47.0-255,66,279936,87,401427
48113,0.02565,74.125.130.0-255,4320,284256,87,401427
48114,0.025656,172.31.47.0-255,66,284322,87,401427
48115,0.025681,74.125.130.0-255,1484,285806,87,401427
48116,0.028211,74.125.130.0-255,4320,290126,87,401427
48117,0.028218,172.31.47.0-255,66,290192,87,401427
48118,0.028471,172.31.47.0-255,172,290364,87,401427
48119,0.028534,172.31.47.0-255,1112,291476,87,401427
48120,0.028655,172.31.47.0-255,1514,292990,87,401427
48121,0.028657,172.31.47.0-255,1292,294282,87,401427
48122,0.029994,104.244.42.0-255,66,294348,87,401427
48123,0.030046,104.244.42.0-255,66,294414,87,401427
48124,0.030214,104.244.42.0-255,66,294480,87,401427
48125,0.030776,74.125.130.0-255,5738,300218,87,401427
48126,0.030782,172.31.47.0-255,66,300284,87,401427
48127,0.033337,74.125.130.0-255,5738,306022,87,401427
48128,0.033342,172.31.47.0-255,66,306088,87,401427
48129,0.035905,74.125.130.0-255,5738,311826,87,401427
48130,0.03591,172.31.47.0-255,66,311892,87,401427
48131,0.03847,74.125.130.0-255,5738,317630,87,401427
48132,0.038476,172.31.47.0-255,66,317696,87,401427
48133,0.041032,74.125.130.0-255,5738,323434,87,401427
48134,0.041039,172.31.47.0-255,66,323500,87,401427
48135,0.043598,74.125.130.0-255,5738,329238,87,401427
48136,0.043604,172.31.47.0-255,66,329304,87,401427
48137,0.046153,74.125.130.0-255,5738,335042,87,401427
48138,0.046158,172.31.47.0-255,66,335108,87,401427
48139,0.048706,74.125.130.0-255,5738,340846,87,401427
48140,0.048714,172.31.47.0-255,66,340912,87,401427
48141,0.051302,74.125.130.0-255,5738,346650,87,401427
48142,0.051309,172.31.47.0-255,66,346716,87,401427
48143,0.053866,74.125.130.0-255,5738,352454,87,401427
48144,0.053873,172.31.47.0-255,66,352520,87,401427
48145,0.05643,74.125.130.0-255,5738,358258,87,401427
48146,0.056436,172.31.47.0-255,66,358324,87,401427
48147,0.058987,74.125.130.0-255,5738,364062,87,401427
48148,0.058992,172.31.47.0-255,66,364128,87,401427
48149,0.061547,74.125.130.0-255,5738,369866,87,401427
48150,0.061553,172.31.47.0-255,66,369932,87,401427
48151,0.064104,74.125.130.0-255,5738,375670,87,401427
48152,0.06411,172.31.47.0-255,66,375736,87,401427
48153,0.066655,74.125.130.0-255,5738,381474,87,401427
48154,0.066663,172.31.47.0-255,66,381540,87,401427
48155,0.069231,74.125.130.0-255,5738,387278,87,401427
48156,0.069238,172.31.47.0-255,66,387344,87,401427
48157,0.071801,74.125.130.0-255,5738,393082,87,401427
48158,0.071808,172.31.47.0-255,66,393148,87,401427
48159,0.07436,74.125.130.0-255,5738,398886,87,401427
48160,0.074367,172.31.47.0-255,66,398952,87,401427
48161,0.076927,74.125.130.0-255,2238,401190,87,401427
48162,0.076934,172.31.47.0-255,66,401256,87,401427
48163,0.077097,172.31.47.0-255,105,401361,87,401427
48164,0.079609,74.125.130.0-255,66,401427,87,401427
48165,0.0,172.217.194.0-255,153,153,87,204217
48166,2.6e-05,172.31.47.0-255,66,219,87,204217
48167,4.6e-05,172.217.194.0-255,1484,1703,87,204217
48168,5.1e-05,172.31.47.0-255,66,1769,87,204217
48169,5.6e-05,172.217.194.0-255,2902,4671,87,204217
48170,5.9e-05,172.31.47.0-255,66,4737,87,204217
48171,6.4e-05,172.217.194.0-255,4320,9057,87,204217
48172,6.6e-05,172.31.47.0-255,66,9123,87,204217
48173,9.4e-05,172.217.194.0-255,5090,14213,87,204217
48174,9.7e-05,172.31.47.0-255,66,14279,87,204217
48175,0.000111,172.217.194.0-255,2902,17181,87,204217
48176,0.000114,172.31.47.0-255,66,17247,87,204217
48177,0.000148,172.31.47.0-255,66,17313,87,204217
48178,0.000155,172.217.194.0-255,7156,24469,87,204217
48179,0.000159,172.31.47.0-255,66,24535,87,204217
48180,0.000209,172.31.47.0-255,66,24601,87,204217
48181,0.0006,172.217.194.0-255,1484,26085,87,204217
48182,0.000606,172.217.194.0-255,2902,28987,87,204217
48183,0.000606,172.31.47.0-255,66,29053,87,204217
48184,0.00061,172.31.47.0-255,66,29119,87,204217
48185,0.000626,172.217.194.0-255,2902,32021,87,204217
48186,0.000629,172.31.47.0-255,66,32087,87,204217
48187,0.000645,172.217.194.0-255,2902,34989,87,204217
48188,0.000649,172.31.47.0-255,66,35055,87,204217
48189,0.000652,172.217.194.0-255,7048,42103,87,204217
48190,0.000655,172.31.47.0-255,66,42169,87,204217
48191,0.000657,172.217.194.0-255,118,42287,87,204217
48192,0.00066,172.31.47.0-255,66,42353,87,204217
48193,0.0009,172.217.194.0-255,1484,43837,87,204217
48194,0.000905,172.31.47.0-255,66,43903,87,204217
48195,0.000912,172.217.194.0-255,2902,46805,87,204217
48196,0.000915,172.31.47.0-255,66,46871,87,204217
48197,0.00092,172.217.194.0-255,5738,52609,87,204217
48198,0.000922,172.31.47.0-255,66,52675,87,204217
48199,0.000943,172.217.194.0-255,1484,54159,87,204217
48200,0.000965,172.31.47.0-255,66,54225,87,204217
48201,0.000968,172.217.194.0-255,1484,55709,87,204217
48202,0.000988,172.217.194.0-255,2902,58611,87,204217
48203,0.000991,172.31.47.0-255,66,58677,87,204217
48204,0.001007,172.217.194.0-255,6438,65115,87,204217
48205,0.001009,172.31.47.0-255,66,65181,87,204217
48206,0.001035,172.217.194.0-255,1484,66665,87,204217
48207,0.00105,172.217.194.0-255,4320,70985,87,204217
48208,0.001052,172.31.47.0-255,66,71051,87,204217
48209,0.001059,172.217.194.0-255,7156,78207,87,204217
48210,0.001061,172.31.47.0-255,66,78273,87,204217
48211,0.001086,172.217.194.0-255,5738,84011,87,204217
48212,0.001088,172.31.47.0-255,66,84077,87,204217
48213,0.001108,172.31.47.0-255,66,84143,87,204217
48214,0.001113,172.217.194.0-255,6438,90581,87,204217
48215,0.001116,172.31.47.0-255,66,90647,87,204217
48216,0.001127,172.217.194.0-255,1484,92131,87,204217
48217,0.001138,172.217.194.0-255,1484,93615,87,204217
48218,0.00114,172.31.47.0-255,66,93681,87,204217
48219,0.001173,172.31.47.0-255,66,93747,87,204217
48220,0.001184,172.31.47.0-255,66,93813,87,204217
48221,0.001197,172.217.194.0-255,766,94579,87,204217
48222,0.001207,172.217.194.0-255,1484,96063,87,204217
48223,0.001209,172.31.47.0-255,66,96129,87,204217
48224,0.001251,172.31.47.0-255,66,96195,87,204217
48225,0.001253,172.217.194.0-255,383,96578,87,204217
48226,0.001986,172.217.194.0-255,1484,98062,87,204217
48227,0.001991,172.31.47.0-255,66,98128,87,204217
48228,0.002006,172.217.194.0-255,2902,101030,87,204217
48229,0.002008,172.31.47.0-255,66,101096,87,204217
48230,0.002033,172.217.194.0-255,5738,106834,87,204217
48231,0.002035,172.31.47.0-255,66,106900,87,204217
48232,0.002091,172.217.194.0-255,5738,112638,87,204217
48233,0.002093,172.31.47.0-255,66,112704,87,204217
48234,0.002108,172.217.194.0-255,1484,114188,87,204217
48235,0.00211,172.31.47.0-255,78,114266,87,204217
48236,0.002114,172.217.194.0-255,4320,118586,87,204217
48237,0.002117,172.31.47.0-255,66,118652,87,204217
48238,0.002122,172.217.194.0-255,7156,125808,87,204217
48239,0.002124,172.31.47.0-255,66,125874,87,204217
48240,0.002139,172.217.194.0-255,5020,130894,87,204217
48241,0.00214,172.31.47.0-255,66,130960,87,204217
48242,0.002456,172.217.194.0-255,1484,132444,87,204217
48243,0.002471,172.217.194.0-255,2902,135346,87,204217
48244,0.002474,172.31.47.0-255,66,135412,87,204217
48245,0.002484,172.217.194.0-255,2902,138314,87,204217
48246,0.002486,172.31.47.0-255,66,138380,87,204217
48247,0.002506,172.217.194.0-255,2902,141282,87,204217
48248,0.002508,172.31.47.0-255,66,141348,87,204217
48249,0.002535,172.31.47.0-255,66,141414,87,204217
48250,0.002537,172.217.194.0-255,1484,142898,87,204217
48251,0.002567,172.217.194.0-255,2902,145800,87,204217
48252,0.002569,172.31.47.0-255,66,145866,87,204217
48253,0.002598,172.31.47.0-255,66,145932,87,204217
48254,0.002612,172.217.194.0-255,2184,148116,87,204217
48255,0.002613,172.31.47.0-255,66,148182,87,204217
48256,0.002616,172.217.194.0-255,1484,149666,87,204217
48257,0.002628,172.31.47.0-255,66,149732,87,204217
48258,0.002647,172.217.194.0-255,2184,151916,87,204217
48259,0.002649,172.31.47.0-255,66,151982,87,204217
48260,0.002672,172.217.194.0-255,1484,153466,87,204217
48261,0.002688,172.217.194.0-255,5738,159204,87,204217
48262,0.00269,172.31.47.0-255,66,159270,87,204217
48263,0.002708,172.217.194.0-255,4320,163590,87,204217
48264,0.00271,172.31.47.0-255,66,163656,87,204217
48265,0.002719,172.217.194.0-255,1484,165140,87,204217
48266,0.002745,172.31.47.0-255,66,165206,87,204217
48267,0.002754,172.31.47.0-255,66,165272,87,204217
48268,0.002771,172.217.194.0-255,4320,169592,87,204217
48269,0.002773,172.31.47.0-255,66,169658,87,204217
48270,0.002792,172.217.194.0-255,5738,175396,87,204217
48271,0.002794,172.31.47.0-255,66,175462,87,204217
48272,0.002803,172.31.47.0-255,66,175528,87,204217
48273,0.002821,172.217.194.0-255,1484,177012,87,204217
48274,0.002827,172.217.194.0-255,5738,182750,87,204217
48275,0.002829,172.31.47.0-255,66,182816,87,204217
48276,0.002849,172.217.194.0-255,6438,189254,87,204217
48277,0.002852,172.31.47.0-255,66,189320,87,204217
48278,0.002854,172.217.194.0-255,1484,190804,87,204217
48279,0.002884,172.31.47.0-255,66,190870,87,204217
48280,0.002895,172.217.194.0-255,1484,192354,87,204217
48281,0.002925,172.31.47.0-255,66,192420,87,204217
48282,0.002929,172.217.194.0-255,4232,196652,87,204217
48283,0.002931,172.31.47.0-255,66,196718,87,204217
48284,0.002933,172.217.194.0-255,105,196823,87,204217
48285,0.010174,172.31.47.0-255,66,196889,87,204217
48286,0.010203,172.31.47.0-255,105,196994,87,204217
48287,0.012153,172.217.194.0-255,66,197060,87,204217
48288,0.030356,172.31.47.0-255,167,197227,87,204217
48289,0.030405,172.31.47.0-255,1107,198334,87,204217
48290,0.030433,172.31.47.0-255,1514,199848,87,204217
48291,0.030435,172.31.47.0-255,1514,201362,87,204217
48292,0.030439,172.31.47.0-255,1514,202876,87,204217
48293,0.03044,172.31.47.0-255,1077,203953,87,204217
48294,0.031861,104.244.42.0-255,66,204019,87,204217
48295,0.031967,104.244.42.0-255,66,204085,87,204217
48296,0.032011,104.244.42.0-255,66,204151,87,204217
48297,0.032014,104.244.42.0-255,66,204217,87,204217
48298,0.0,74.125.130.0-255,153,153,87,379020
48299,1.9e-05,172.31.47.0-255,66,219,87,379020
48300,2.5e-05,74.125.130.0-255,1484,1703,87,379020
48301,3e-05,172.31.47.0-255,66,1769,87,379020
48302,4.2e-05,74.125.130.0-255,2902,4671,87,379020
48303,4.5e-05,172.31.47.0-255,66,4737,87,379020
48304,4.7e-05,74.125.130.0-255,1484,6221,87,379020
48305,5e-05,172.31.47.0-255,66,6287,87,379020
48306,8.2e-05,74.125.130.0-255,2902,9189,87,379020
48307,8.4e-05,172.31.47.0-255,66,9255,87,379020
48308,0.000108,74.125.130.0-255,4320,13575,87,379020
48309,0.00011,172.31.47.0-255,66,13641,87,379020
48310,0.000159,74.125.130.0-255,5006,18647,87,379020
48311,0.000162,172.31.47.0-255,66,18713,87,379020
48312,0.000188,74.125.130.0-255,4320,23033,87,379020
48313,0.00019,172.31.47.0-255,66,23099,87,379020
48314,0.00021,74.125.130.0-255,1484,24583,87,379020
48315,0.000211,172.31.47.0-255,66,24649,87,379020
48316,0.000215,74.125.130.0-255,1484,26133,87,379020
48317,0.000217,172.31.47.0-255,66,26199,87,379020
48318,0.00022,74.125.130.0-255,2902,29101,87,379020
48319,0.000223,172.31.47.0-255,66,29167,87,379020
48320,0.000253,74.125.130.0-255,2543,31710,87,379020
48321,0.000255,172.31.47.0-255,66,31776,87,379020
48322,0.000739,74.125.130.0-255,1484,33260,87,379020
48323,0.000744,172.31.47.0-255,66,33326,87,379020
48324,0.000771,74.125.130.0-255,2902,36228,87,379020
48325,0.000774,172.31.47.0-255,66,36294,87,379020
48326,0.000777,74.125.130.0-255,1484,37778,87,379020
48327,0.000778,172.31.47.0-255,66,37844,87,379020
48328,0.00081,74.125.130.0-255,2902,40746,87,379020
48329,0.000812,172.31.47.0-255,66,40812,87,379020
48330,0.000818,74.125.130.0-255,5738,46550,87,379020
48331,0.00082,172.31.47.0-255,66,46616,87,379020
48332,0.000828,74.125.130.0-255,2902,49518,87,379020
48333,0.00083,172.31.47.0-255,66,49584,87,379020
48334,0.000835,74.125.130.0-255,4320,53904,87,379020
48335,0.000837,172.31.47.0-255,66,53970,87,379020
48336,0.000882,74.125.130.0-255,5738,59708,87,379020
48337,0.000884,172.31.47.0-255,66,59774,87,379020
48338,0.000891,74.125.130.0-255,6438,66212,87,379020
48339,0.000894,172.31.47.0-255,66,66278,87,379020
48340,0.000945,74.125.130.0-255,380,66658,87,379020
48341,0.00098,74.125.130.0-255,99,66757,87,379020
48342,0.00125,74.125.130.0-255,1484,68241,87,379020
48343,0.001253,172.31.47.0-255,66,68307,87,379020
48344,0.001278,74.125.130.0-255,2902,71209,87,379020
48345,0.00128,172.31.47.0-255,66,71275,87,379020
48346,0.001284,74.125.130.0-255,1484,72759,87,379020
48347,0.001307,74.125.130.0-255,4320,77079,87,379020
48348,0.00131,172.31.47.0-255,66,77145,87,379020
48349,0.001313,74.125.130.0-255,1484,78629,87,379020
48350,0.001343,74.125.130.0-255,4320,82949,87,379020
48351,0.001345,172.31.47.0-255,66,83015,87,379020
48352,0.001353,74.125.130.0-255,7156,90171,87,379020
48353,0.001355,172.31.47.0-255,66,90237,87,379020
48354,0.001364,74.125.130.0-255,2902,93139,87,379020
48355,0.001366,172.31.47.0-255,66,93205,87,379020
48356,0.001396,74.125.130.0-255,4320,97525,87,379020
48357,0.001399,172.31.47.0-255,66,97591,87,379020
48358,0.001425,74.125.130.0-255,3602,101193,87,379020
48359,0.001427,172.31.47.0-255,66,101259,87,379020
48360,0.002005,74.125.130.0-255,1484,102743,87,379020
48361,0.002011,74.125.130.0-255,2902,105645,87,379020
48362,0.002014,172.31.47.0-255,66,105711,87,379020
48363,0.002025,74.125.130.0-255,2902,108613,87,379020
48364,0.002027,172.31.47.0-255,66,108679,87,379020
48365,0.002037,74.125.130.0-255,4320,112999,87,379020
48366,0.00204,172.31.47.0-255,66,113065,87,379020
48367,0.002084,172.31.47.0-255,66,113131,87,379020
48368,0.002088,74.125.130.0-255,2902,116033,87,379020
48369,0.00209,172.31.47.0-255,66,116099,87,379020
48370,0.002134,74.125.130.0-255,2902,119001,87,379020
48371,0.002138,172.31.47.0-255,66,119067,87,379020
48372,0.002175,172.31.47.0-255,66,119133,87,379020
48373,0.002195,172.31.47.0-255,66,119199,87,379020
48374,0.0022,74.125.130.0-255,4320,123519,87,379020
48375,0.002202,172.31.47.0-255,66,123585,87,379020
48376,0.002209,74.125.130.0-255,5738,129323,87,379020
48377,0.002212,172.31.47.0-255,66,129389,87,379020
48378,0.002257,172.31.47.0-255,66,129455,87,379020
48379,0.004492,74.125.130.0-255,5738,135193,87,379020
48380,0.004501,172.31.47.0-255,66,135259,87,379020
48381,0.006738,74.125.130.0-255,4320,139579,87,379020
48382,0.006741,172.31.47.0-255,66,139645,87,379020
48383,0.006762,74.125.130.0-255,1484,141129,87,379020
48384,0.008998,74.125.130.0-255,4320,145449,87,379020
48385,0.009005,172.31.47.0-255,66,145515,87,379020
48386,0.011242,74.125.130.0-255,5738,151253,87,379020
48387,0.011249,172.31.47.0-255,66,151319,87,379020
48388,0.013491,74.125.130.0-255,5738,157057,87,379020
48389,0.013499,172.31.47.0-255,66,157123,87,379020
48390,0.015738,74.125.130.0-255,5738,162861,87,379020
48391,0.015744,172.31.47.0-255,66,162927,87,379020
48392,0.017993,74.125.130.0-255,5738,168665,87,379020
48393,0.018,172.31.47.0-255,66,168731,87,379020
48394,0.020262,74.125.130.0-255,5738,174469,87,379020
48395,0.02027,172.31.47.0-255,66,174535,87,379020
48396,0.022515,74.125.130.0-255,5738,180273,87,379020
48397,0.022523,172.31.47.0-255,66,180339,87,379020
48398,0.023556,172.31.47.0-255,172,180511,87,379020
48399,0.023586,172.31.47.0-255,1111,181622,87,379020
48400,0.023641,172.31.47.0-255,1514,183136,87,379020
48401,0.023643,172.31.47.0-255,328,183464,87,379020
48402,0.024771,74.125.130.0-255,5738,189202,87,379020
48403,0.024777,172.31.47.0-255,66,189268,87,379020
48404,0.025101,104.244.42.0-255,66,189334,87,379020
48405,0.025158,104.244.42.0-255,66,189400,87,379020
48406,0.025204,104.244.42.0-255,66,189466,87,379020
48407,0.027004,74.125.130.0-255,5738,195204,87,379020
48408,0.027009,172.31.47.0-255,66,195270,87,379020
48409,0.029255,74.125.130.0-255,5738,201008,87,379020
48410,0.029264,172.31.47.0-255,66,201074,87,379020
48411,0.031516,74.125.130.0-255,5738,206812,87,379020
48412,0.031523,172.31.47.0-255,66,206878,87,379020
48413,0.033777,74.125.130.0-255,5738,212616,87,379020
48414,0.033784,172.31.47.0-255,66,212682,87,379020
48415,0.036037,74.125.130.0-255,5738,218420,87,379020
48416,0.036043,172.31.47.0-255,66,218486,87,379020
48417,0.038282,74.125.130.0-255,5738,224224,87,379020
48418,0.038288,172.31.47.0-255,66,224290,87,379020
48419,0.040532,74.125.130.0-255,4320,228610,87,379020
48420,0.040538,172.31.47.0-255,66,228676,87,379020
48421,0.040563,74.125.130.0-255,1484,230160,87,379020
48422,0.042783,74.125.130.0-255,4320,234480,87,379020
48423,0.042792,172.31.47.0-255,66,234546,87,379020
48424,0.045056,74.125.130.0-255,5738,240284,87,379020
48425,0.045062,172.31.47.0-255,66,240350,87,379020
48426,0.047314,74.125.130.0-255,5738,246088,87,379020
48427,0.04732,172.31.47.0-255,66,246154,87,379020
48428,0.049568,74.125.130.0-255,5738,251892,87,379020
48429,0.049574,172.31.47.0-255,66,251958,87,379020
48430,0.051815,74.125.130.0-255,5738,257696,87,379020
48431,0.051822,172.31.47.0-255,66,257762,87,379020
48432,0.054093,74.125.130.0-255,2902,260664,87,379020
48433,0.054099,172.31.47.0-255,66,260730,87,379020
48434,0.054124,74.125.130.0-255,2902,263632,87,379020
48435,0.054127,172.31.47.0-255,66,263698,87,379020
48436,0.056343,74.125.130.0-255,2902,266600,87,379020
48437,0.056349,172.31.47.0-255,66,266666,87,379020
48438,0.056376,74.125.130.0-255,2902,269568,87,379020
48439,0.056379,172.31.47.0-255,66,269634,87,379020
48440,0.058602,74.125.130.0-255,5738,275372,87,379020
48441,0.058611,172.31.47.0-255,66,275438,87,379020
48442,0.060854,74.125.130.0-255,5738,281176,87,379020
48443,0.060859,172.31.47.0-255,66,281242,87,379020
48444,0.063108,74.125.130.0-255,5738,286980,87,379020
48445,0.063115,172.31.47.0-255,66,287046,87,379020
48446,0.065356,74.125.130.0-255,5738,292784,87,379020
48447,0.065361,172.31.47.0-255,66,292850,87,379020
48448,0.067588,74.125.130.0-255,5738,298588,87,379020
48449,0.067593,172.31.47.0-255,66,298654,87,379020
48450,0.069828,74.125.130.0-255,2902,301556,87,379020
48451,0.069831,172.31.47.0-255,66,301622,87,379020
48452,0.069858,74.125.130.0-255,2902,304524,87,379020
48453,0.06986,172.31.47.0-255,66,304590,87,379020
48454,0.072073,74.125.130.0-255,2902,307492,87,379020
48455,0.07208,172.31.47.0-255,66,307558,87,379020
48456,0.072108,74.125.130.0-255,2902,310460,87,379020
48457,0.072111,172.31.47.0-255,66,310526,87,379020
48458,0.074316,74.125.130.0-255,2902,313428,87,379020
48459,0.074322,172.31.47.0-255,66,313494,87,379020
48460,0.074348,74.125.130.0-255,2902,316396,87,379020
48461,0.07435,172.31.47.0-255,66,316462,87,379020
48462,0.076608,74.125.130.0-255,5738,322200,87,379020
48463,0.076615,172.31.47.0-255,66,322266,87,379020
48464,0.078847,74.125.130.0-255,4320,326586,87,379020
48465,0.078852,172.31.47.0-255,66,326652,87,379020
48466,0.078875,74.125.130.0-255,1484,328136,87,379020
48467,0.081102,74.125.130.0-255,4320,332456,87,379020
48468,0.081108,172.31.47.0-255,66,332522,87,379020
48469,0.083339,74.125.130.0-255,5738,338260,87,379020
48470,0.083346,172.31.47.0-255,66,338326,87,379020
48471,0.085593,74.125.130.0-255,5738,344064,87,379020
48472,0.085599,172.31.47.0-255,66,344130,87,379020
48473,0.087873,74.125.130.0-255,5738,349868,87,379020
48474,0.087882,172.31.47.0-255,66,349934,87,379020
48475,0.090124,74.125.130.0-255,5738,355672,87,379020
48476,0.090129,172.31.47.0-255,66,355738,87,379020
48477,0.092431,74.125.130.0-255,5738,361476,87,379020
48478,0.092438,172.31.47.0-255,66,361542,87,379020
48479,0.094668,74.125.130.0-255,5738,367280,87,379020
48480,0.094674,172.31.47.0-255,66,367346,87,379020
48481,0.096916,74.125.130.0-255,5738,373084,87,379020
48482,0.096921,172.31.47.0-255,66,373150,87,379020
48483,0.099175,74.125.130.0-255,4320,377470,87,379020
48484,0.099181,172.31.47.0-255,66,377536,87,379020
48485,0.099204,74.125.130.0-255,1484,379020,87,379020
48486,0.0,74.125.24.0-255,297,297,87,314394
48487,2.6e-05,172.31.47.0-255,66,363,87,314394
48488,3.2e-05,74.125.24.0-255,1484,1847,87,314394
48489,3.5e-05,172.31.47.0-255,66,1913,87,314394
48490,4.1e-05,74.125.24.0-255,4320,6233,87,314394
48491,4.3e-05,172.31.47.0-255,66,6299,87,314394
48492,5.3e-05,74.125.24.0-255,2902,9201,87,314394
48493,5.5e-05,172.31.47.0-255,66,9267,87,314394
48494,6e-05,74.125.24.0-255,4320,13587,87,314394
48495,6.2e-05,172.31.47.0-255,66,13653,87,314394
48496,8.4e-05,74.125.24.0-255,1484,15137,87,314394
48497,8.6e-05,172.31.47.0-255,66,15203,87,314394
48498,0.000113,74.125.24.0-255,3392,18595,87,314394
48499,0.000116,172.31.47.0-255,66,18661,87,314394
48500,0.000125,74.125.24.0-255,5738,24399,87,314394
48501,0.000128,172.31.47.0-255,66,24465,87,314394
48502,0.000134,74.125.24.0-255,6797,31262,87,314394
48503,0.000136,172.31.47.0-255,66,31328,87,314394
48504,0.001096,74.125.24.0-255,1484,32812,87,314394
48505,0.001103,172.31.47.0-255,66,32878,87,314394
48506,0.001111,74.125.24.0-255,2902,35780,87,314394
48507,0.001113,172.31.47.0-255,66,35846,87,314394
48508,0.001124,74.125.24.0-255,5738,41584,87,314394
48509,0.001126,172.31.47.0-255,66,41650,87,314394
48510,0.001171,172.31.47.0-255,66,41716,87,314394
48511,0.001182,172.31.47.0-255,66,41782,87,314394
48512,0.001185,74.125.24.0-255,1399,43181,87,314394
48513,0.001186,172.31.47.0-255,66,43247,87,314394
48514,0.001328,74.125.24.0-255,130,43377,87,314394
48515,0.001332,172.31.47.0-255,66,43443,87,314394
48516,0.001613,74.125.24.0-255,1484,44927,87,314394
48517,0.001621,74.125.24.0-255,2902,47829,87,314394
48518,0.001625,172.31.47.0-255,66,47895,87,314394
48519,0.001663,74.125.24.0-255,4320,52215,87,314394
48520,0.001665,172.31.47.0-255,66,52281,87,314394
48521,0.001675,74.125.24.0-255,1484,53765,87,314394
48522,0.001686,74.125.24.0-255,5738,59503,87,314394
48523,0.001688,172.31.47.0-255,66,59569,87,314394
48524,0.001699,172.31.47.0-255,66,59635,87,314394
48525,0.001705,74.125.24.0-255,5020,64655,87,314394
48526,0.001707,172.31.47.0-255,66,64721,87,314394
48527,0.001762,74.125.24.0-255,1484,66205,87,314394
48528,0.001766,74.125.24.0-255,1484,67689,87,314394
48529,0.001768,172.31.47.0-255,66,67755,87,314394
48530,0.001793,74.125.24.0-255,1484,69239,87,314394
48531,0.0018,74.125.24.0-255,5738,74977,87,314394
48532,0.001802,172.31.47.0-255,66,75043,87,314394
48533,0.001808,74.125.24.0-255,5738,80781,87,314394
48534,0.00181,172.31.47.0-255,66,80847,87,314394
48535,0.001854,172.31.47.0-255,66,80913,87,314394
48536,0.001866,172.31.47.0-255,66,80979,87,314394
48537,0.001902,74.125.24.0-255,2184,83163,87,314394
48538,0.001905,172.31.47.0-255,66,83229,87,314394
48539,0.001918,172.31.47.0-255,66,83295,87,314394
48540,0.001929,172.31.47.0-255,66,83361,87,314394
48541,0.001976,74.125.24.0-255,1484,84845,87,314394
48542,0.00198,74.125.24.0-255,2902,87747,87,314394
48543,0.001982,172.31.47.0-255,66,87813,87,314394
48544,0.002003,74.125.24.0-255,5738,93551,87,314394
48545,0.002008,172.31.47.0-255,66,93617,87,314394
48546,0.002033,172.31.47.0-255,66,93683,87,314394
48547,0.002055,74.125.24.0-255,4320,98003,87,314394
48548,0.002057,172.31.47.0-255,66,98069,87,314394
48549,0.002068,172.31.47.0-255,66,98135,87,314394
48550,0.004075,74.125.24.0-255,5738,103873,87,314394
48551,0.004081,172.31.47.0-255,66,103939,87,314394
48552,0.006075,74.125.24.0-255,5738,109677,87,314394
48553,0.00608,172.31.47.0-255,66,109743,87,314394
48554,0.008132,74.125.24.0-255,5738,115481,87,314394
48555,0.008152,172.31.47.0-255,66,115547,87,314394
48556,0.010231,74.125.24.0-255,5738,121285,87,314394
48557,0.01024,172.31.47.0-255,66,121351,87,314394
48558,0.01228,74.125.24.0-255,5738,127089,87,314394
48559,0.012289,172.31.47.0-255,66,127155,87,314394
48560,0.014343,74.125.24.0-255,5738,132893,87,314394
48561,0.014352,172.31.47.0-255,66,132959,87,314394
48562,0.016364,74.125.24.0-255,5738,138697,87,314394
48563,0.016372,172.31.47.0-255,66,138763,87,314394
48564,0.018381,74.125.24.0-255,5738,144501,87,314394
48565,0.018387,172.31.47.0-255,66,144567,87,314394
48566,0.02046,74.125.24.0-255,5738,150305,87,314394
48567,0.020465,172.31.47.0-255,66,150371,87,314394
48568,0.022508,74.125.24.0-255,2902,153273,87,314394
48569,0.022514,172.31.47.0-255,66,153339,87,314394
48570,0.022562,74.125.24.0-255,2902,156241,87,314394
48571,0.022566,172.31.47.0-255,66,156307,87,314394
48572,0.024534,74.125.24.0-255,2902,159209,87,314394
48573,0.024552,172.31.47.0-255,66,159275,87,314394
48574,0.02459,74.125.24.0-255,2902,162177,87,314394
48575,0.024595,172.31.47.0-255,66,162243,87,314394
48576,0.0266,74.125.24.0-255,2902,165145,87,314394
48577,0.026612,172.31.47.0-255,66,165211,87,314394
48578,0.026649,74.125.24.0-255,2902,168113,87,314394
48579,0.026653,172.31.47.0-255,66,168179,87,314394
48580,0.028229,172.31.47.0-255,172,168351,87,314394
48581,0.028319,172.31.47.0-255,1103,169454,87,314394
48582,0.028649,74.125.24.0-255,2902,172356,87,314394
48583,0.028658,172.31.47.0-255,66,172422,87,314394
48584,0.028697,74.125.24.0-255,2902,175324,87,314394
48585,0.028703,172.31.47.0-255,66,175390,87,314394
48586,0.028832,172.31.47.0-255,1514,176904,87,314394
48587,0.028834,172.31.47.0-255,1302,178206,87,314394
48588,0.029807,104.244.42.0-255,66,178272,87,314394
48589,0.029846,104.244.42.0-255,66,178338,87,314394
48590,0.030527,104.244.42.0-255,66,178404,87,314394
48591,0.030665,74.125.24.0-255,2902,181306,87,314394
48592,0.030674,172.31.47.0-255,66,181372,87,314394
48593,0.03078,74.125.24.0-255,2902,184274,87,314394
48594,0.030786,172.31.47.0-255,66,184340,87,314394
48595,0.03275,74.125.24.0-255,2902,187242,87,314394
48596,0.032764,172.31.47.0-255,66,187308,87,314394
48597,0.032802,74.125.24.0-255,2902,190210,87,314394
48598,0.032806,172.31.47.0-255,66,190276,87,314394
48599,0.034842,74.125.24.0-255,5738,196014,87,314394
48600,0.034859,172.31.47.0-255,66,196080,87,314394
48601,0.036959,74.125.24.0-255,5738,201818,87,314394
48602,0.036977,172.31.47.0-255,66,201884,87,314394
48603,0.039058,74.125.24.0-255,5738,207622,87,314394
48604,0.039077,172.31.47.0-255,66,207688,87,314394
48605,0.041087,74.125.24.0-255,5738,213426,87,314394
48606,0.041101,172.31.47.0-255,66,213492,87,314394
48607,0.043141,74.125.24.0-255,5738,219230,87,314394
48608,0.043158,172.31.47.0-255,66,219296,87,314394
48609,0.045192,74.125.24.0-255,5738,225034,87,314394
48610,0.045211,172.31.47.0-255,66,225100,87,314394
48611,0.047235,74.125.24.0-255,5738,230838,87,314394
48612,0.047253,172.31.47.0-255,66,230904,87,314394
48613,0.049301,74.125.24.0-255,5738,236642,87,314394
48614,0.04931,172.31.47.0-255,66,236708,87,314394
48615,0.051346,74.125.24.0-255,2902,239610,87,314394
48616,0.05135,172.31.47.0-255,66,239676,87,314394
48617,0.051381,74.125.24.0-255,2902,242578,87,314394
48618,0.051384,172.31.47.0-255,66,242644,87,314394
48619,0.053361,74.125.24.0-255,2902,245546,87,314394
48620,0.053366,172.31.47.0-255,66,245612,87,314394
48621,0.053421,74.125.24.0-255,2902,248514,87,314394
48622,0.053425,172.31.47.0-255,66,248580,87,314394
48623,0.055393,74.125.24.0-255,2902,251482,87,314394
48624,0.055397,172.31.47.0-255,66,251548,87,314394
48625,0.055455,74.125.24.0-255,2902,254450,87,314394
48626,0.055459,172.31.47.0-255,66,254516,87,314394
48627,0.057468,74.125.24.0-255,5738,260254,87,314394
48628,0.057473,172.31.47.0-255,66,260320,87,314394
48629,0.059476,74.125.24.0-255,5738,266058,87,314394
48630,0.059482,172.31.47.0-255,66,266124,87,314394
48631,0.061542,74.125.24.0-255,5738,271862,87,314394
48632,0.061547,172.31.47.0-255,66,271928,87,314394
48633,0.063633,74.125.24.0-255,5738,277666,87,314394
48634,0.06364,172.31.47.0-255,66,277732,87,314394
48635,0.065716,74.125.24.0-255,4320,282052,87,314394
48636,0.065722,172.31.47.0-255,66,282118,87,314394
48637,0.065755,74.125.24.0-255,1484,283602,87,314394
48638,0.06771,74.125.24.0-255,4320,287922,87,314394
48639,0.067715,172.31.47.0-255,66,287988,87,314394
48640,0.06972,74.125.24.0-255,5738,293726,87,314394
48641,0.069726,172.31.47.0-255,66,293792,87,314394
48642,0.071774,74.125.24.0-255,2902,296694,87,314394
48643,0.071779,172.31.47.0-255,66,296760,87,314394
48644,0.071811,74.125.24.0-255,2902,299662,87,314394
48645,0.071813,172.31.47.0-255,66,299728,87,314394
48646,0.07383,74.125.24.0-255,5738,305466,87,314394
48647,0.073835,172.31.47.0-255,66,305532,87,314394
48648,0.07587,74.125.24.0-255,5738,311270,87,314394
48649,0.075874,172.31.47.0-255,66,311336,87,314394
48650,0.07787,74.125.24.0-255,2821,314157,87,314394
48651,0.077875,172.31.47.0-255,66,314223,87,314394
48652,0.078043,172.31.47.0-255,105,314328,87,314394
48653,0.079997,74.125.24.0-255,66,314394,87,314394
48654,0.0,172.253.118.0-255,153,153,87,335508
48655,2e-05,172.31.47.0-255,66,219,87,335508
48656,2.7e-05,172.253.118.0-255,1484,1703,87,335508
48657,3e-05,172.31.47.0-255,66,1769,87,335508
48658,3.4e-05,172.253.118.0-255,2902,4671,87,335508
48659,3.7e-05,172.31.47.0-255,66,4737,87,335508
48660,5e-05,172.253.118.0-255,4320,9057,87,335508
48661,5.2e-05,172.31.47.0-255,66,9123,87,335508
48662,5.4e-05,172.253.118.0-255,1484,10607,87,335508
48663,5.6e-05,172.31.47.0-255,66,10673,87,335508
48664,8.6e-05,172.253.118.0-255,3528,14201,87,335508
48665,8.8e-05,172.31.47.0-255,66,14267,87,335508
48666,0.000114,172.253.118.0-255,1484,15751,87,335508
48667,0.000116,172.31.47.0-255,66,15817,87,335508
48668,0.000138,172.253.118.0-255,2902,18719,87,335508
48669,0.00014,172.31.47.0-255,66,18785,87,335508
48670,0.000146,172.253.118.0-255,2902,21687,87,335508
48671,0.000148,172.31.47.0-255,66,21753,87,335508
48672,0.000177,172.253.118.0-255,2902,24655,87,335508
48673,0.00018,172.31.47.0-255,66,24721,87,335508
48674,0.000188,172.253.118.0-255,6797,31518,87,335508
48675,0.00019,172.31.47.0-255,66,31584,87,335508
48676,0.000257,172.253.118.0-255,1484,33068,87,335508
48677,0.00026,172.31.47.0-255,66,33134,87,335508
48678,0.000278,172.253.118.0-255,2902,36036,87,335508
48679,0.00028,172.31.47.0-255,66,36102,87,335508
48680,0.000304,172.253.118.0-255,5738,41840,87,335508
48681,0.000307,172.31.47.0-255,66,41906,87,335508
48682,0.000311,172.253.118.0-255,2902,44808,87,335508
48683,0.000312,172.31.47.0-255,66,44874,87,335508
48684,0.000366,172.31.47.0-255,66,44940,87,335508
48685,0.000369,172.253.118.0-255,2902,47842,87,335508
48686,0.000371,172.31.47.0-255,66,47908,87,335508
48687,0.000409,172.253.118.0-255,4320,52228,87,335508
48688,0.000412,172.31.47.0-255,66,52294,87,335508
48689,0.000435,172.253.118.0-255,2543,54837,87,335508
48690,0.000438,172.31.47.0-255,66,54903,87,335508
48691,0.000441,172.253.118.0-255,415,55318,87,335508
48692,0.000503,172.253.118.0-255,328,55646,87,335508
48693,0.000747,172.31.47.0-255,66,55712,87,335508
48694,0.000752,172.253.118.0-255,1484,57196,87,335508
48695,0.000771,172.253.118.0-255,2902,60098,87,335508
48696,0.000774,172.31.47.0-255,66,60164,87,335508
48697,0.000777,172.253.118.0-255,1484,61648,87,335508
48698,0.000805,172.253.118.0-255,4320,65968,87,335508
48699,0.000808,172.31.47.0-255,66,66034,87,335508
48700,0.000834,172.31.47.0-255,66,66100,87,335508
48701,0.000888,172.31.47.0-255,66,66166,87,335508
48702,0.000892,172.253.118.0-255,2902,69068,87,335508
48703,0.000894,172.31.47.0-255,66,69134,87,335508
48704,0.000934,172.253.118.0-255,2184,71318,87,335508
48705,0.000936,172.31.47.0-255,66,71384,87,335508
48706,0.001314,172.253.118.0-255,1484,72868,87,335508
48707,0.001321,172.253.118.0-255,2902,75770,87,335508
48708,0.001324,172.31.47.0-255,66,75836,87,335508
48709,0.001361,172.253.118.0-255,5738,81574,87,335508
48710,0.001363,172.31.47.0-255,66,81640,87,335508
48711,0.001366,172.253.118.0-255,1484,83124,87,335508
48712,0.001397,172.31.47.0-255,66,83190,87,335508
48713,0.001419,172.31.47.0-255,66,83256,87,335508
48714,0.001448,172.253.118.0-255,3602,86858,87,335508
48715,0.001451,172.31.47.0-255,66,86924,87,335508
48716,0.001975,172.253.118.0-255,1484,88408,87,335508
48717,0.00198,172.253.118.0-255,1484,89892,87,335508
48718,0.001983,172.31.47.0-255,66,89958,87,335508
48719,0.002,172.253.118.0-255,1484,91442,87,335508
48720,0.002005,172.253.118.0-255,4320,95762,87,335508
48721,0.002007,172.31.47.0-255,66,95828,87,335508
48722,0.002035,172.253.118.0-255,1484,97312,87,335508
48723,0.00204,172.253.118.0-255,2902,100214,87,335508
48724,0.002042,172.31.47.0-255,66,100280,87,335508
48725,0.002052,172.31.47.0-255,66,100346,87,335508
48726,0.002092,172.31.47.0-255,66,100412,87,335508
48727,0.004469,172.253.118.0-255,5738,106150,87,335508
48728,0.004475,172.31.47.0-255,66,106216,87,335508
48729,0.006854,172.253.118.0-255,5738,111954,87,335508
48730,0.006859,172.31.47.0-255,66,112020,87,335508
48731,0.009228,172.253.118.0-255,5738,117758,87,335508
48732,0.009235,172.31.47.0-255,66,117824,87,335508
48733,0.0116,172.253.118.0-255,5738,123562,87,335508
48734,0.01161,172.31.47.0-255,66,123628,87,335508
48735,0.013981,172.253.118.0-255,5738,129366,87,335508
48736,0.013992,172.31.47.0-255,66,129432,87,335508
48737,0.016376,172.253.118.0-255,5738,135170,87,335508
48738,0.016382,172.31.47.0-255,66,135236,87,335508
48739,0.018756,172.253.118.0-255,5738,140974,87,335508
48740,0.018765,172.31.47.0-255,66,141040,87,335508
48741,0.021153,172.253.118.0-255,5738,146778,87,335508
48742,0.02116,172.31.47.0-255,66,146844,87,335508
48743,0.023535,172.253.118.0-255,5738,152582,87,335508
48744,0.023542,172.31.47.0-255,66,152648,87,335508
48745,0.025916,172.253.118.0-255,5738,158386,87,335508
48746,0.025925,172.31.47.0-255,66,158452,87,335508
48747,0.028305,172.253.118.0-255,5738,164190,87,335508
48748,0.028317,172.31.47.0-255,66,164256,87,335508
48749,0.030702,172.253.118.0-255,5738,169994,87,335508
48750,0.03071,172.31.47.0-255,66,170060,87,335508
48751,0.032152,172.31.47.0-255,172,170232,87,335508
48752,0.032182,172.31.47.0-255,1103,171335,87,335508
48753,0.032219,172.31.47.0-255,1514,172849,87,335508
48754,0.032237,172.31.47.0-255,1301,174150,87,335508
48755,0.033082,172.253.118.0-255,5738,179888,87,335508
48756,0.033089,172.31.47.0-255,66,179954,87,335508
48757,0.033662,104.244.42.0-255,66,180020,87,335508
48758,0.033727,104.244.42.0-255,66,180086,87,335508
48759,0.033774,104.244.42.0-255,66,180152,87,335508
48760,0.035469,172.253.118.0-255,4320,184472,87,335508
48761,0.035474,172.31.47.0-255,66,184538,87,335508
48762,0.0355,172.253.118.0-255,1484,186022,87,335508
48763,0.037877,172.253.118.0-255,4320,190342,87,335508
48764,0.037898,172.31.47.0-255,66,190408,87,335508
48765,0.040299,172.253.118.0-255,5738,196146,87,335508
48766,0.040318,172.31.47.0-255,66,196212,87,335508
48767,0.042721,172.253.118.0-255,5738,201950,87,335508
48768,0.042734,172.31.47.0-255,66,202016,87,335508
48769,0.045138,172.253.118.0-255,5738,207754,87,335508
48770,0.04515,172.31.47.0-255,66,207820,87,335508
48771,0.047562,172.253.118.0-255,5738,213558,87,335508
48772,0.047581,172.31.47.0-255,66,213624,87,335508
48773,0.049983,172.253.118.0-255,5738,219362,87,335508
48774,0.05,172.31.47.0-255,66,219428,87,335508
48775,0.052418,172.253.118.0-255,5738,225166,87,335508
48776,0.052431,172.31.47.0-255,66,225232,87,335508
48777,0.054791,172.253.118.0-255,5738,230970,87,335508
48778,0.054797,172.31.47.0-255,66,231036,87,335508
48779,0.057181,172.253.118.0-255,5738,236774,87,335508
48780,0.057198,172.31.47.0-255,66,236840,87,335508
48781,0.059585,172.253.118.0-255,5738,242578,87,335508
48782,0.059604,172.31.47.0-255,66,242644,87,335508
48783,0.062006,172.253.118.0-255,5738,248382,87,335508
48784,0.062052,172.31.47.0-255,66,248448,87,335508
48785,0.06443,172.253.118.0-255,5738,254186,87,335508
48786,0.064436,172.31.47.0-255,66,254252,87,335508
48787,0.066817,172.253.118.0-255,5738,259990,87,335508
48788,0.066824,172.31.47.0-255,66,260056,87,335508
48789,0.069203,172.253.118.0-255,5738,265794,87,335508
48790,0.06921,172.31.47.0-255,66,265860,87,335508
48791,0.071581,172.253.118.0-255,5738,271598,87,335508
48792,0.07159,172.31.47.0-255,66,271664,87,335508
48793,0.073985,172.253.118.0-255,5738,277402,87,335508
48794,0.07399,172.31.47.0-255,66,277468,87,335508
48795,0.07636,172.253.118.0-255,5738,283206,87,335508
48796,0.076365,172.31.47.0-255,66,283272,87,335508
48797,0.078718,172.253.118.0-255,5738,289010,87,335508
48798,0.078723,172.31.47.0-255,66,289076,87,335508
48799,0.081102,172.253.118.0-255,5738,294814,87,335508
48800,0.081108,172.31.47.0-255,66,294880,87,335508
48801,0.083483,172.253.118.0-255,5738,300618,87,335508
48802,0.08349,172.31.47.0-255,66,300684,87,335508
48803,0.085862,172.253.118.0-255,5738,306422,87,335508
48804,0.085868,172.31.47.0-255,66,306488,87,335508
48805,0.088258,172.253.118.0-255,5738,312226,87,335508
48806,0.088265,172.31.47.0-255,66,312292,87,335508
48807,0.090655,172.253.118.0-255,5738,318030,87,335508
48808,0.09067,172.31.47.0-255,66,318096,87,335508
48809,0.093042,172.253.118.0-255,5738,323834,87,335508
48810,0.09305,172.31.47.0-255,66,323900,87,335508
48811,0.095412,172.253.118.0-255,5738,329638,87,335508
48812,0.095419,172.31.47.0-255,66,329704,87,335508
48813,0.097808,172.253.118.0-255,5738,335442,87,335508
48814,0.097813,172.31.47.0-255,66,335508,87,335508
48815,0.0,172.31.47.0-255,66,66,87,66
48816,0.0,172.31.47.0-255,105,105,87,276
48817,0.001482,157.240.13.0-255,105,210,87,276
48818,0.001495,172.31.47.0-255,66,276,87,276
48819,0.0,74.125.68.0-255,146,146,87,357485
48820,1.3e-05,172.31.47.0-255,66,212,87,357485
48821,2e-05,74.125.68.0-255,1484,1696,87,357485
48822,2.5e-05,172.31.47.0-255,66,1762,87,357485
48823,5.9e-05,74.125.68.0-255,2902,4664,87,357485
48824,6.1e-05,172.31.47.0-255,66,4730,87,357485
48825,6.9e-05,74.125.68.0-255,7156,11886,87,357485
48826,7.1e-05,172.31.47.0-255,66,11952,87,357485
48827,7.5e-05,74.125.68.0-255,2164,14116,87,357485
48828,7.7e-05,172.31.47.0-255,66,14182,87,357485
48829,0.000177,74.125.68.0-255,1484,15666,87,357485
48830,0.000181,172.31.47.0-255,66,15732,87,357485
48831,0.000187,74.125.68.0-255,2902,18634,87,357485
48832,0.000189,172.31.47.0-255,66,18700,87,357485
48833,0.00021,74.125.68.0-255,5738,24438,87,357485
48834,0.000212,172.31.47.0-255,66,24504,87,357485
48835,0.000234,74.125.68.0-255,2902,27406,87,357485
48836,0.000236,172.31.47.0-255,66,27472,87,357485
48837,0.000254,74.125.68.0-255,1484,28956,87,357485
48838,0.000257,172.31.47.0-255,66,29022,87,357485
48839,0.000273,74.125.68.0-255,1484,30506,87,357485
48840,0.000276,172.31.47.0-255,66,30572,87,357485
48841,0.000303,74.125.68.0-255,3961,34533,87,357485
48842,0.000306,172.31.47.0-255,66,34599,87,357485
48843,0.00031,74.125.68.0-255,2902,37501,87,357485
48844,0.000312,172.31.47.0-255,66,37567,87,357485
48845,0.000317,74.125.68.0-255,4320,41887,87,357485
48846,0.00032,172.31.47.0-255,66,41953,87,357485
48847,0.000323,74.125.68.0-255,1484,43437,87,357485
48848,0.000325,172.31.47.0-255,66,43503,87,357485
48849,0.000357,74.125.68.0-255,5379,48882,87,357485
48850,0.00036,172.31.47.0-255,66,48948,87,357485
48851,0.001016,74.125.68.0-255,1484,50432,87,357485
48852,0.001027,74.125.68.0-255,2902,53334,87,357485
48853,0.001031,172.31.47.0-255,66,53400,87,357485
48854,0.001036,74.125.68.0-255,1484,54884,87,357485
48855,0.001069,74.125.68.0-255,5738,60622,87,357485
48856,0.001072,172.31.47.0-255,66,60688,87,357485
48857,0.001116,74.125.68.0-255,5379,66067,87,357485
48858,0.00112,172.31.47.0-255,66,66133,87,357485
48859,0.001127,74.125.68.0-255,5738,71871,87,357485
48860,0.001129,172.31.47.0-255,66,71937,87,357485
48861,0.001184,172.31.47.0-255,66,72003,87,357485
48862,0.001214,172.31.47.0-255,66,72069,87,357485
48863,0.001235,74.125.68.0-255,1484,73553,87,357485
48864,0.001253,74.125.68.0-255,5379,78932,87,357485
48865,0.001255,172.31.47.0-255,66,78998,87,357485
48866,0.001325,74.125.68.0-255,1484,80482,87,357485
48867,0.001343,74.125.68.0-255,2902,83384,87,357485
48868,0.001347,172.31.47.0-255,66,83450,87,357485
48869,0.001354,74.125.68.0-255,5738,89188,87,357485
48870,0.001357,172.31.47.0-255,66,89254,87,357485
48871,0.001376,74.125.68.0-255,1484,90738,87,357485
48872,0.001412,172.31.47.0-255,66,90804,87,357485
48873,0.001418,74.125.68.0-255,5738,96542,87,357485
48874,0.00142,172.31.47.0-255,66,96608,87,357485
48875,0.001453,74.125.68.0-255,5020,101628,87,357485
48876,0.001457,172.31.47.0-255,66,101694,87,357485
48877,0.001699,74.125.68.0-255,1484,103178,87,357485
48878,0.001707,74.125.68.0-255,2902,106080,87,357485
48879,0.001712,172.31.47.0-255,66,106146,87,357485
48880,0.001737,74.125.68.0-255,5738,111884,87,357485
48881,0.00174,172.31.47.0-255,66,111950,87,357485
48882,0.001762,74.125.68.0-255,4320,116270,87,357485
48883,0.001764,172.31.47.0-255,66,116336,87,357485
48884,0.001804,74.125.68.0-255,5738,122074,87,357485
48885,0.001807,172.31.47.0-255,66,122140,87,357485
48886,0.00183,74.125.68.0-255,2902,125042,87,357485
48887,0.001833,172.31.47.0-255,66,125108,87,357485
48888,0.001855,74.125.68.0-255,4320,129428,87,357485
48889,0.001857,172.31.47.0-255,66,129494,87,357485
48890,0.001863,74.125.68.0-255,4320,133814,87,357485
48891,0.001865,172.31.47.0-255,66,133880,87,357485
48892,0.001876,74.125.68.0-255,1484,135364,87,357485
48893,0.001925,74.125.68.0-255,4320,139684,87,357485
48894,0.001929,172.31.47.0-255,66,139750,87,357485
48895,0.001946,74.125.68.0-255,766,140516,87,357485
48896,0.001951,74.125.68.0-255,4320,144836,87,357485
48897,0.001954,172.31.47.0-255,66,144902,87,357485
48898,0.001974,74.125.68.0-255,1484,146386,87,357485
48899,0.001979,74.125.68.0-255,2902,149288,87,357485
48900,0.001981,172.31.47.0-255,66,149354,87,357485
48901,0.001986,74.125.68.0-255,4320,153674,87,357485
48902,0.001988,172.31.47.0-255,66,153740,87,357485
48903,0.002012,74.125.68.0-255,4320,158060,87,357485
48904,0.002014,172.31.47.0-255,66,158126,87,357485
48905,0.002031,74.125.68.0-255,4320,162446,87,357485
48906,0.002034,172.31.47.0-255,66,162512,87,357485
48907,0.002041,74.125.68.0-255,7156,169668,87,357485
48908,0.002044,172.31.47.0-255,66,169734,87,357485
48909,0.002066,74.125.68.0-255,5020,174754,87,357485
48910,0.002069,172.31.47.0-255,66,174820,87,357485
48911,0.002092,74.125.68.0-255,5738,180558,87,357485
48912,0.002095,172.31.47.0-255,66,180624,87,357485
48913,0.002107,74.125.68.0-255,2902,183526,87,357485
48914,0.00211,172.31.47.0-255,66,183592,87,357485
48915,0.002128,74.125.68.0-255,2902,186494,87,357485
48916,0.00213,172.31.47.0-255,66,186560,87,357485
48917,0.002137,74.125.68.0-255,7156,193716,87,357485
48918,0.00214,172.31.47.0-255,66,193782,87,357485
48919,0.002161,74.125.68.0-255,1484,195266,87,357485
48920,0.002191,172.31.47.0-255,66,195332,87,357485
48921,0.002216,74.125.68.0-255,1484,196816,87,357485
48922,0.002219,74.125.68.0-255,1484,198300,87,357485
48923,0.002222,172.31.47.0-255,66,198366,87,357485
48924,0.002235,74.125.68.0-255,1484,199850,87,357485
48925,0.002239,74.125.68.0-255,1484,201334,87,357485
48926,0.002242,172.31.47.0-255,66,201400,87,357485
48927,0.00226,74.125.68.0-255,4320,205720,87,357485
48928,0.002263,172.31.47.0-255,66,205786,87,357485
48929,0.002266,74.125.68.0-255,1484,207270,87,357485
48930,0.002275,74.125.68.0-255,2902,210172,87,357485
48931,0.002278,172.31.47.0-255,66,210238,87,357485
48932,0.002305,74.125.68.0-255,5738,215976,87,357485
48933,0.002309,172.31.47.0-255,66,216042,87,357485
48934,0.002351,74.125.68.0-255,4320,220362,87,357485
48935,0.002354,172.31.47.0-255,66,220428,87,357485
48936,0.002378,74.125.68.0-255,2902,223330,87,357485
48937,0.002381,172.31.47.0-255,66,223396,87,357485
48938,0.002391,172.31.47.0-255,66,223462,87,357485
48939,0.002394,74.125.68.0-255,1484,224946,87,357485
48940,0.002405,172.31.47.0-255,66,225012,87,357485
48941,0.002427,74.125.68.0-255,2902,227914,87,357485
48942,0.002429,172.31.47.0-255,66,227980,87,357485
48943,0.00244,172.31.47.0-255,66,228046,87,357485
48944,0.002447,74.125.68.0-255,7156,235202,87,357485
48945,0.002449,172.31.47.0-255,66,235268,87,357485
48946,0.00247,74.125.68.0-255,2902,238170,87,357485
48947,0.002473,172.31.47.0-255,66,238236,87,357485
48948,0.002476,74.125.68.0-255,766,239002,87,357485
48949,0.002537,74.125.68.0-255,1484,240486,87,357485
48950,0.002539,172.31.47.0-255,66,240552,87,357485
48951,0.002565,74.125.68.0-255,2902,243454,87,357485
48952,0.002568,172.31.47.0-255,66,243520,87,357485
48953,0.002586,74.125.68.0-255,4320,247840,87,357485
48954,0.002588,172.31.47.0-255,66,247906,87,357485
48955,0.002593,74.125.68.0-255,2902,250808,87,357485
48956,0.002595,172.31.47.0-255,66,250874,87,357485
48957,0.002613,74.125.68.0-255,1484,252358,87,357485
48958,0.002632,74.125.68.0-255,2902,255260,87,357485
48959,0.002634,172.31.47.0-255,66,255326,87,357485
48960,0.002648,74.125.68.0-255,1484,256810,87,357485
48961,0.002662,74.125.68.0-255,2902,259712,87,357485
48962,0.002665,172.31.47.0-255,66,259778,87,357485
48963,0.002669,74.125.68.0-255,2902,262680,87,357485
48964,0.002671,172.31.47.0-255,66,262746,87,357485
48965,0.002684,74.125.68.0-255,1484,264230,87,357485
48966,0.002691,74.125.68.0-255,5738,269968,87,357485
48967,0.002693,172.31.47.0-255,66,270034,87,357485
48968,0.002697,74.125.68.0-255,1484,271518,87,357485
48969,0.002715,74.125.68.0-255,2184,273702,87,357485
48970,0.002718,172.31.47.0-255,66,273768,87,357485
48971,0.002842,74.125.68.0-255,1484,275252,87,357485
48972,0.002854,74.125.68.0-255,2902,278154,87,357485
48973,0.002856,172.31.47.0-255,66,278220,87,357485
48974,0.002859,74.125.68.0-255,1484,279704,87,357485
48975,0.002873,74.125.68.0-255,1484,281188,87,357485
48976,0.002875,172.31.47.0-255,66,281254,87,357485
48977,0.002877,74.125.68.0-255,1484,282738,87,357485
48978,0.002894,74.125.68.0-255,1484,284222,87,357485
48979,0.002897,172.31.47.0-255,66,284288,87,357485
48980,0.002916,74.125.68.0-255,2902,287190,87,357485
48981,0.002919,172.31.47.0-255,66,287256,87,357485
48982,0.002924,74.125.68.0-255,4320,291576,87,357485
48983,0.002927,172.31.47.0-255,66,291642,87,357485
48984,0.002941,74.125.68.0-255,4320,295962,87,357485
48985,0.002943,172.31.47.0-255,66,296028,87,357485
48986,0.002949,74.125.68.0-255,5738,301766,87,357485
48987,0.002952,172.31.47.0-255,66,301832,87,357485
48988,0.002974,74.125.68.0-255,4320,306152,87,357485
48989,0.002976,172.31.47.0-255,66,306218,87,357485
48990,0.002992,74.125.68.0-255,2184,308402,87,357485
48991,0.002995,172.31.47.0-255,66,308468,87,357485
48992,0.003,74.125.68.0-255,4320,312788,87,357485
48993,0.003002,172.31.47.0-255,66,312854,87,357485
48994,0.003018,74.125.68.0-255,1484,314338,87,357485
48995,0.003029,74.125.68.0-255,2902,317240,87,357485
48996,0.003031,172.31.47.0-255,66,317306,87,357485
48997,0.003053,74.125.68.0-255,5738,323044,87,357485
48998,0.003055,172.31.47.0-255,66,323110,87,357485
48999,0.003072,74.125.68.0-255,2902,326012,87,357485
49000,0.003074,172.31.47.0-255,66,326078,87,357485
49001,0.00309,74.125.68.0-255,5738,331816,87,357485
49002,0.003092,172.31.47.0-255,66,331882,87,357485
49003,0.003098,74.125.68.0-255,5738,337620,87,357485
49004,0.003101,172.31.47.0-255,66,337686,87,357485
49005,0.003124,74.125.68.0-255,4320,342006,87,357485
49006,0.003126,172.31.47.0-255,66,342072,87,357485
49007,0.003128,74.125.68.0-255,766,342838,87,357485
49008,0.003189,74.125.68.0-255,1484,344322,87,357485
49009,0.003192,172.31.47.0-255,66,344388,87,357485
49010,0.003204,74.125.68.0-255,2902,347290,87,357485
49011,0.003206,172.31.47.0-255,66,347356,87,357485
49012,0.003227,74.125.68.0-255,2902,350258,87,357485
49013,0.003229,172.31.47.0-255,66,350324,87,357485
49014,0.003265,74.125.68.0-255,1913,352237,87,357485
49015,0.003268,172.31.47.0-255,66,352303,87,357485
49016,0.003272,74.125.68.0-255,97,352400,87,357485
49017,0.003321,74.125.68.0-255,105,352505,87,357485
49018,0.004847,172.31.47.0-255,101,352606,87,357485
49019,0.00637,172.31.47.0-255,105,352711,87,357485
49020,0.006601,172.31.47.0-255,90,352801,87,357485
49021,0.006609,172.31.47.0-255,66,352867,87,357485
49022,0.007347,74.125.68.0-255,66,352933,87,357485
49023,0.008867,74.125.68.0-255,66,352999,87,357485
49024,0.009088,74.125.68.0-255,66,353065,87,357485
49025,0.009116,74.125.68.0-255,66,353131,87,357485
49026,0.009121,172.31.47.0-255,66,353197,87,357485
49027,0.033846,172.31.47.0-255,172,353369,87,357485
49028,0.033881,172.31.47.0-255,1111,354480,87,357485
49029,0.033939,172.31.47.0-255,1514,355994,87,357485
49030,0.033941,172.31.47.0-255,1293,357287,87,357485
49031,0.035396,104.244.42.0-255,66,357353,87,357485
49032,0.035485,104.244.42.0-255,66,357419,87,357485
49033,0.035489,104.244.42.0-255,66,357485,87,357485
49034,0.0,74.125.68.0-255,153,153,87,387186
49035,2.8e-05,172.31.47.0-255,66,219,87,387186
49036,3.5e-05,74.125.68.0-255,1484,1703,87,387186
49037,3.8e-05,172.31.47.0-255,66,1769,87,387186
49038,5.9e-05,74.125.68.0-255,2902,4671,87,387186
49039,6.5e-05,172.31.47.0-255,66,4737,87,387186
49040,9.6e-05,74.125.68.0-255,4320,9057,87,387186
49041,9.9e-05,172.31.47.0-255,66,9123,87,387186
49042,0.000105,74.125.68.0-255,5009,14132,87,387186
49043,0.000107,172.31.47.0-255,66,14198,87,387186
49044,0.000146,74.125.68.0-255,5738,19936,87,387186
49045,0.00015,172.31.47.0-255,66,20002,87,387186
49046,0.000154,74.125.68.0-255,2902,22904,87,387186
49047,0.000158,172.31.47.0-255,66,22970,87,387186
49048,0.000188,74.125.68.0-255,4320,27290,87,387186
49049,0.000192,172.31.47.0-255,66,27356,87,387186
49050,0.000195,74.125.68.0-255,1484,28840,87,387186
49051,0.000197,172.31.47.0-255,66,28906,87,387186
49052,0.000217,74.125.68.0-255,2543,31449,87,387186
49053,0.000225,172.31.47.0-255,66,31515,87,387186
49054,0.000487,74.125.68.0-255,1484,32999,87,387186
49055,0.000493,172.31.47.0-255,66,33065,87,387186
49056,0.000498,74.125.68.0-255,2902,35967,87,387186
49057,0.000501,172.31.47.0-255,66,36033,87,387186
49058,0.000536,74.125.68.0-255,4320,40353,87,387186
49059,0.000539,172.31.47.0-255,66,40419,87,387186
49060,0.000546,74.125.68.0-255,7156,47575,87,387186
49061,0.000548,172.31.47.0-255,66,47641,87,387186
49062,0.000573,74.125.68.0-255,1484,49125,87,387186
49063,0.000575,172.31.47.0-255,66,49191,87,387186
49064,0.000578,74.125.68.0-255,1484,50675,87,387186
49065,0.00058,172.31.47.0-255,66,50741,87,387186
49066,0.000583,74.125.68.0-255,2902,53643,87,387186
49067,0.000585,172.31.47.0-255,66,53709,87,387186
49068,0.000595,74.125.68.0-255,4320,58029,87,387186
49069,0.000598,172.31.47.0-255,66,58095,87,387186
49070,0.000617,74.125.68.0-255,1484,59579,87,387186
49071,0.000626,74.125.68.0-255,2902,62481,87,387186
49072,0.000629,172.31.47.0-255,66,62547,87,387186
49073,0.000634,74.125.68.0-255,3602,66149,87,387186
49074,0.000636,172.31.47.0-255,66,66215,87,387186
49075,0.000889,74.125.68.0-255,411,66626,87,387186
49076,0.000925,74.125.68.0-255,1484,68110,87,387186
49077,0.000929,172.31.47.0-255,66,68176,87,387186
49078,0.000958,74.125.68.0-255,4320,72496,87,387186
49079,0.000961,172.31.47.0-255,66,72562,87,387186
49080,0.000966,74.125.68.0-255,4320,76882,87,387186
49081,0.000967,172.31.47.0-255,66,76948,87,387186
49082,0.000996,74.125.68.0-255,5738,82686,87,387186
49083,0.001,172.31.47.0-255,66,82752,87,387186
49084,0.001035,172.31.47.0-255,66,82818,87,387186
49085,0.001072,74.125.68.0-255,1484,84302,87,387186
49086,0.001087,74.125.68.0-255,2902,87204,87,387186
49087,0.00109,172.31.47.0-255,66,87270,87,387186
49088,0.001094,74.125.68.0-255,2184,89454,87,387186
49089,0.001095,172.31.47.0-255,66,89520,87,387186
49090,0.001204,74.125.68.0-255,1484,91004,87,387186
49091,0.001223,74.125.68.0-255,1484,92488,87,387186
49092,0.001226,172.31.47.0-255,66,92554,87,387186
49093,0.001231,74.125.68.0-255,2902,95456,87,387186
49094,0.001233,172.31.47.0-255,66,95522,87,387186
49095,0.001235,74.125.68.0-255,1484,97006,87,387186
49096,0.001262,74.125.68.0-255,4320,101326,87,387186
49097,0.001265,172.31.47.0-255,66,101392,87,387186
49098,0.00127,74.125.68.0-255,4320,105712,87,387186
49099,0.001272,172.31.47.0-255,66,105778,87,387186
49100,0.001297,74.125.68.0-255,5738,111516,87,387186
49101,0.0013,172.31.47.0-255,66,111582,87,387186
49102,0.001316,172.31.47.0-255,66,111648,87,387186
49103,0.001319,74.125.68.0-255,766,112414,87,387186
49104,0.00181,74.125.68.0-255,1484,113898,87,387186
49105,0.001815,172.31.47.0-255,66,113964,87,387186
49106,0.001842,74.125.68.0-255,2902,116866,87,387186
49107,0.001844,172.31.47.0-255,66,116932,87,387186
49108,0.001849,74.125.68.0-255,5738,122670,87,387186
49109,0.001851,172.31.47.0-255,66,122736,87,387186
49110,0.001889,74.125.68.0-255,2902,125638,87,387186
49111,0.001891,172.31.47.0-255,66,125704,87,387186
49112,0.001914,74.125.68.0-255,2902,128606,87,387186
49113,0.001916,172.31.47.0-255,66,128672,87,387186
49114,0.001937,74.125.68.0-255,4320,132992,87,387186
49115,0.001939,172.31.47.0-255,66,133058,87,387186
49116,0.00196,74.125.68.0-255,2902,135960,87,387186
49117,0.001962,172.31.47.0-255,66,136026,87,387186
49118,0.001964,74.125.68.0-255,1484,137510,87,387186
49119,0.001983,74.125.68.0-255,1484,138994,87,387186
49120,0.001985,172.31.47.0-255,66,139060,87,387186
49121,0.002008,74.125.68.0-255,4320,143380,87,387186
49122,0.00201,172.31.47.0-255,66,143446,87,387186
49123,0.002033,74.125.68.0-255,3602,147048,87,387186
49124,0.002035,172.31.47.0-255,66,147114,87,387186
49125,0.00204,74.125.68.0-255,4320,151434,87,387186
49126,0.002042,172.31.47.0-255,66,151500,87,387186
49127,0.002062,74.125.68.0-255,1484,152984,87,387186
49128,0.002066,74.125.68.0-255,2902,155886,87,387186
49129,0.002067,172.31.47.0-255,66,155952,87,387186
49130,0.002098,74.125.68.0-255,5738,161690,87,387186
49131,0.0021,172.31.47.0-255,66,161756,87,387186
49132,0.002106,74.125.68.0-255,5738,167494,87,387186
49133,0.002107,172.31.47.0-255,66,167560,87,387186
49134,0.002139,74.125.68.0-255,7156,174716,87,387186
49135,0.002141,172.31.47.0-255,66,174782,87,387186
49136,0.002146,74.125.68.0-255,4320,179102,87,387186
49137,0.002147,172.31.47.0-255,66,179168,87,387186
49138,0.002168,74.125.68.0-255,2184,181352,87,387186
49139,0.00217,172.31.47.0-255,66,181418,87,387186
49140,0.002206,74.125.68.0-255,1484,182902,87,387186
49141,0.002223,74.125.68.0-255,2902,185804,87,387186
49142,0.002225,172.31.47.0-255,66,185870,87,387186
49143,0.002227,74.125.68.0-255,1484,187354,87,387186
49144,0.002245,74.125.68.0-255,2902,190256,87,387186
49145,0.002247,172.31.47.0-255,66,190322,87,387186
49146,0.002269,74.125.68.0-255,5738,196060,87,387186
49147,0.002271,172.31.47.0-255,66,196126,87,387186
49148,0.002306,172.31.47.0-255,66,196192,87,387186
49149,0.002348,74.125.68.0-255,1484,197676,87,387186
49150,0.002364,74.125.68.0-255,5020,202696,87,387186
49151,0.002366,172.31.47.0-255,66,202762,87,387186
49152,0.002493,74.125.68.0-255,1484,204246,87,387186
49153,0.002513,74.125.68.0-255,1484,205730,87,387186
49154,0.002514,172.31.47.0-255,66,205796,87,387186
49155,0.002534,74.125.68.0-255,1484,207280,87,387186
49156,0.00485,74.125.68.0-255,1484,208764,87,387186
49157,0.004854,172.31.47.0-255,66,208830,87,387186
49158,0.005011,74.125.68.0-255,2902,211732,87,387186
49159,0.005014,172.31.47.0-255,66,211798,87,387186
49160,0.007368,74.125.68.0-255,2902,214700,87,387186
49161,0.007375,172.31.47.0-255,66,214766,87,387186
49162,0.007509,74.125.68.0-255,2902,217668,87,387186
49163,0.007514,172.31.47.0-255,66,217734,87,387186
49164,0.009893,74.125.68.0-255,2902,220636,87,387186
49165,0.009902,172.31.47.0-255,66,220702,87,387186
49166,0.010008,74.125.68.0-255,2902,223604,87,387186
49167,0.010014,172.31.47.0-255,66,223670,87,387186
49168,0.012391,74.125.68.0-255,2902,226572,87,387186
49169,0.012397,172.31.47.0-255,66,226638,87,387186
49170,0.012534,74.125.68.0-255,2902,229540,87,387186
49171,0.012539,172.31.47.0-255,66,229606,87,387186
49172,0.014897,74.125.68.0-255,2902,232508,87,387186
49173,0.014903,172.31.47.0-255,66,232574,87,387186
49174,0.015035,74.125.68.0-255,2902,235476,87,387186
49175,0.015039,172.31.47.0-255,66,235542,87,387186
49176,0.017404,74.125.68.0-255,2902,238444,87,387186
49177,0.017412,172.31.47.0-255,66,238510,87,387186
49178,0.017523,74.125.68.0-255,2902,241412,87,387186
49179,0.017527,172.31.47.0-255,66,241478,87,387186
49180,0.019913,74.125.68.0-255,2902,244380,87,387186
49181,0.019919,172.31.47.0-255,66,244446,87,387186
49182,0.020045,74.125.68.0-255,2902,247348,87,387186
49183,0.020051,172.31.47.0-255,66,247414,87,387186
49184,0.022411,74.125.68.0-255,2902,250316,87,387186
49185,0.022416,172.31.47.0-255,66,250382,87,387186
49186,0.022536,74.125.68.0-255,2902,253284,87,387186
49187,0.022541,172.31.47.0-255,66,253350,87,387186
49188,0.023109,172.31.47.0-255,172,253522,87,387186
49189,0.023136,172.31.47.0-255,1111,254633,87,387186
49190,0.023173,172.31.47.0-255,1514,256147,87,387186
49191,0.023175,172.31.47.0-255,328,256475,87,387186
49192,0.024778,104.244.42.0-255,66,256541,87,387186
49193,0.024908,74.125.68.0-255,2902,259443,87,387186
49194,0.024912,172.31.47.0-255,66,259509,87,387186
49195,0.025035,74.125.68.0-255,2902,262411,87,387186
49196,0.025039,172.31.47.0-255,66,262477,87,387186
49197,0.027404,74.125.68.0-255,2902,265379,87,387186
49198,0.027409,172.31.47.0-255,66,265445,87,387186
49199,0.027513,74.125.68.0-255,2902,268347,87,387186
49200,0.027517,172.31.47.0-255,66,268413,87,387186
49201,0.029922,74.125.68.0-255,2902,271315,87,387186
49202,0.029937,172.31.47.0-255,66,271381,87,387186
49203,0.030006,74.125.68.0-255,2902,274283,87,387186
49204,0.03001,172.31.47.0-255,66,274349,87,387186
49205,0.03248,74.125.68.0-255,1484,275833,87,387186
49206,0.032513,74.125.68.0-255,4320,280153,87,387186
49207,0.032521,172.31.47.0-255,66,280219,87,387186
49208,0.035036,74.125.68.0-255,5738,285957,87,387186
49209,0.035055,172.31.47.0-255,66,286023,87,387186
49210,0.037589,74.125.68.0-255,5738,291761,87,387186
49211,0.037611,172.31.47.0-255,66,291827,87,387186
49212,0.040129,74.125.68.0-255,5738,297565,87,387186
49213,0.040148,172.31.47.0-255,66,297631,87,387186
49214,0.042681,74.125.68.0-255,5738,303369,87,387186
49215,0.042703,172.31.47.0-255,66,303435,87,387186
49216,0.045213,74.125.68.0-255,5738,309173,87,387186
49217,0.04523,172.31.47.0-255,66,309239,87,387186
49218,0.047754,74.125.68.0-255,5738,314977,87,387186
49219,0.04777,172.31.47.0-255,66,315043,87,387186
49220,0.050288,74.125.68.0-255,5738,320781,87,387186
49221,0.050306,172.31.47.0-255,66,320847,87,387186
49222,0.05283,74.125.68.0-255,5738,326585,87,387186
49223,0.052849,172.31.47.0-255,66,326651,87,387186
49224,0.055389,74.125.68.0-255,5738,332389,87,387186
49225,0.05541,172.31.47.0-255,66,332455,87,387186
49226,0.057921,74.125.68.0-255,5738,338193,87,387186
49227,0.057938,172.31.47.0-255,66,338259,87,387186
49228,0.060484,74.125.68.0-255,5738,343997,87,387186
49229,0.060506,172.31.47.0-255,66,344063,87,387186
49230,0.063047,74.125.68.0-255,5738,349801,87,387186
49231,0.063067,172.31.47.0-255,66,349867,87,387186
49232,0.065575,74.125.68.0-255,5738,355605,87,387186
49233,0.065594,172.31.47.0-255,66,355671,87,387186
49234,0.068106,74.125.68.0-255,5738,361409,87,387186
49235,0.068124,172.31.47.0-255,66,361475,87,387186
49236,0.070639,74.125.68.0-255,5738,367213,87,387186
49237,0.070657,172.31.47.0-255,66,367279,87,387186
49238,0.073176,74.125.68.0-255,5738,373017,87,387186
49239,0.073216,172.31.47.0-255,66,373083,87,387186
49240,0.075747,74.125.68.0-255,5738,378821,87,387186
49241,0.075758,172.31.47.0-255,66,378887,87,387186
49242,0.078285,74.125.68.0-255,5738,384625,87,387186
49243,0.078303,172.31.47.0-255,66,384691,87,387186
49244,0.080819,74.125.68.0-255,2258,386949,87,387186
49245,0.080837,172.31.47.0-255,66,387015,87,387186
49246,0.08112,172.31.47.0-255,105,387120,87,387186
49247,0.083607,74.125.68.0-255,66,387186,87,387186
49248,0.0,74.125.24.0-255,153,153,87,349190
49249,3.2e-05,172.31.47.0-255,66,219,87,349190
49250,4e-05,74.125.24.0-255,1484,1703,87,349190
49251,4.4e-05,172.31.47.0-255,66,1769,87,349190
49252,5.6e-05,74.125.24.0-255,2902,4671,87,349190
49253,5.9e-05,172.31.47.0-255,66,4737,87,349190
49254,6.5e-05,74.125.24.0-255,7156,11893,87,349190
49255,6.8e-05,172.31.47.0-255,66,11959,87,349190
49256,9.3e-05,74.125.24.0-255,1974,13933,87,349190
49257,0.000102,172.31.47.0-255,66,13999,87,349190
49258,0.000107,74.125.24.0-255,2902,16901,87,349190
49259,0.000109,172.31.47.0-255,66,16967,87,349190
49260,0.000112,74.125.24.0-255,2902,19869,87,349190
49261,0.000114,172.31.47.0-255,66,19935,87,349190
49262,0.000156,74.125.24.0-255,1484,21419,87,349190
49263,0.000164,172.31.47.0-255,66,21485,87,349190
49264,0.000175,172.31.47.0-255,66,21551,87,349190
49265,0.000177,74.125.24.0-255,1125,22676,87,349190
49266,0.000181,172.31.47.0-255,66,22742,87,349190
49267,0.000225,74.125.24.0-255,1484,24226,87,349190
49268,0.000229,172.31.47.0-255,66,24292,87,349190
49269,0.000234,74.125.24.0-255,2902,27194,87,349190
49270,0.000236,172.31.47.0-255,66,27260,87,349190
49271,0.000239,74.125.24.0-255,1484,28744,87,349190
49272,0.000241,172.31.47.0-255,66,28810,87,349190
49273,0.000261,74.125.24.0-255,4320,33130,87,349190
49274,0.000264,172.31.47.0-255,66,33196,87,349190
49275,0.000268,74.125.24.0-255,2902,36098,87,349190
49276,0.000273,172.31.47.0-255,66,36164,87,349190
49277,0.000309,172.31.47.0-255,66,36230,87,349190
49278,0.000326,172.31.47.0-255,66,36296,87,349190
49279,0.000329,74.125.24.0-255,1457,37753,87,349190
49280,0.000372,74.125.24.0-255,376,38129,87,349190
49281,0.000375,172.31.47.0-255,66,38195,87,349190
49282,0.000828,74.125.24.0-255,1484,39679,87,349190
49283,0.000834,74.125.24.0-255,2902,42581,87,349190
49284,0.000846,172.31.47.0-255,66,42647,87,349190
49285,0.000852,74.125.24.0-255,5738,48385,87,349190
49286,0.000854,172.31.47.0-255,66,48451,87,349190
49287,0.000892,74.125.24.0-255,1484,49935,87,349190
49288,0.000924,172.31.47.0-255,66,50001,87,349190
49289,0.000931,74.125.24.0-255,7156,57157,87,349190
49290,0.000933,172.31.47.0-255,66,57223,87,349190
49291,0.000944,74.125.24.0-255,3602,60825,87,349190
49292,0.000947,172.31.47.0-255,66,60891,87,349190
49293,0.00098,74.125.24.0-255,1484,62375,87,349190
49294,0.000994,74.125.24.0-255,2902,65277,87,349190
49295,0.000998,172.31.47.0-255,66,65343,87,349190
49296,0.001033,74.125.24.0-255,5738,71081,87,349190
49297,0.001036,172.31.47.0-255,66,71147,87,349190
49298,0.001046,172.31.47.0-255,66,71213,87,349190
49299,0.001071,74.125.24.0-255,4320,75533,87,349190
49300,0.001079,172.31.47.0-255,66,75599,87,349190
49301,0.0011,74.125.24.0-255,5738,81337,87,349190
49302,0.001103,172.31.47.0-255,66,81403,87,349190
49303,0.001124,74.125.24.0-255,5020,86423,87,349190
49304,0.001127,172.31.47.0-255,66,86489,87,349190
49305,0.001306,74.125.24.0-255,1484,87973,87,349190
49306,0.00131,74.125.24.0-255,1484,89457,87,349190
49307,0.001313,172.31.47.0-255,66,89523,87,349190
49308,0.00134,74.125.24.0-255,1484,91007,87,349190
49309,0.001347,74.125.24.0-255,5738,96745,87,349190
49310,0.001371,172.31.47.0-255,66,96811,87,349190
49311,0.001372,74.125.24.0-255,2902,99713,87,349190
49312,0.001376,172.31.47.0-255,66,99779,87,349190
49313,0.001379,172.31.47.0-255,66,99845,87,349190
49314,0.001394,74.125.24.0-255,4320,104165,87,349190
49315,0.001397,172.31.47.0-255,66,104231,87,349190
49316,0.001433,74.125.24.0-255,6438,110669,87,349190
49317,0.001437,172.31.47.0-255,66,110735,87,349190
49318,0.002365,74.125.24.0-255,1484,112219,87,349190
49319,0.002377,74.125.24.0-255,2902,115121,87,349190
49320,0.002381,172.31.47.0-255,66,115187,87,349190
49321,0.002388,74.125.24.0-255,5738,120925,87,349190
49322,0.00239,172.31.47.0-255,66,120991,87,349190
49323,0.002429,172.31.47.0-255,66,121057,87,349190
49324,0.002436,74.125.24.0-255,7156,128213,87,349190
49325,0.002438,172.31.47.0-255,66,128279,87,349190
49326,0.002458,74.125.24.0-255,5020,133299,87,349190
49327,0.002465,172.31.47.0-255,66,133365,87,349190
49328,0.004836,74.125.24.0-255,4320,137685,87,349190
49329,0.004838,172.31.47.0-255,66,137751,87,349190
49330,0.004858,74.125.24.0-255,1484,139235,87,349190
49331,0.007234,74.125.24.0-255,4320,143555,87,349190
49332,0.007239,172.31.47.0-255,66,143621,87,349190
49333,0.009602,74.125.24.0-255,5738,149359,87,349190
49334,0.009608,172.31.47.0-255,66,149425,87,349190
49335,0.011982,74.125.24.0-255,5738,155163,87,349190
49336,0.011997,172.31.47.0-255,66,155229,87,349190
49337,0.014443,74.125.24.0-255,5738,160967,87,349190
49338,0.014452,172.31.47.0-255,66,161033,87,349190
49339,0.016823,74.125.24.0-255,5738,166771,87,349190
49340,0.016831,172.31.47.0-255,66,166837,87,349190
49341,0.01921,74.125.24.0-255,5738,172575,87,349190
49342,0.019215,172.31.47.0-255,66,172641,87,349190
49343,0.021599,74.125.24.0-255,5738,178379,87,349190
49344,0.021606,172.31.47.0-255,66,178445,87,349190
49345,0.023243,172.31.47.0-255,172,178617,87,349190
49346,0.023287,172.31.47.0-255,1113,179730,87,349190
49347,0.023347,172.31.47.0-255,1514,181244,87,349190
49348,0.023349,172.31.47.0-255,1291,182535,87,349190
49349,0.023981,74.125.24.0-255,5738,188273,87,349190
49350,0.023988,172.31.47.0-255,66,188339,87,349190
49351,0.024778,104.244.42.0-255,66,188405,87,349190
49352,0.024795,104.244.42.0-255,66,188471,87,349190
49353,0.024917,104.244.42.0-255,66,188537,87,349190
49354,0.026408,74.125.24.0-255,4320,192857,87,349190
49355,0.026411,172.31.47.0-255,66,192923,87,349190
49356,0.026442,74.125.24.0-255,1484,194407,87,349190
49357,0.028802,74.125.24.0-255,4320,198727,87,349190
49358,0.028807,172.31.47.0-255,66,198793,87,349190
49359,0.031194,74.125.24.0-255,5738,204531,87,349190
49360,0.031201,172.31.47.0-255,66,204597,87,349190
49361,0.033613,74.125.24.0-255,5738,210335,87,349190
49362,0.03362,172.31.47.0-255,66,210401,87,349190
49363,0.036018,74.125.24.0-255,4320,214721,87,349190
49364,0.036023,172.31.47.0-255,66,214787,87,349190
49365,0.036058,74.125.24.0-255,1484,216271,87,349190
49366,0.038399,74.125.24.0-255,4320,220591,87,349190
49367,0.038404,172.31.47.0-255,66,220657,87,349190
49368,0.040773,74.125.24.0-255,5738,226395,87,349190
49369,0.040777,172.31.47.0-255,66,226461,87,349190
49370,0.043172,74.125.24.0-255,5738,232199,87,349190
49371,0.043177,172.31.47.0-255,66,232265,87,349190
49372,0.045553,74.125.24.0-255,2902,235167,87,349190
49373,0.045557,172.31.47.0-255,66,235233,87,349190
49374,0.045589,74.125.24.0-255,2902,238135,87,349190
49375,0.045591,172.31.47.0-255,66,238201,87,349190
49376,0.047932,74.125.24.0-255,2902,241103,87,349190
49377,0.047936,172.31.47.0-255,66,241169,87,349190
49378,0.047963,74.125.24.0-255,2902,244071,87,349190
49379,0.047966,172.31.47.0-255,66,244137,87,349190
49380,0.050322,74.125.24.0-255,2902,247039,87,349190
49381,0.050326,172.31.47.0-255,66,247105,87,349190
49382,0.050356,74.125.24.0-255,2902,250007,87,349190
49383,0.050359,172.31.47.0-255,66,250073,87,349190
49384,0.052702,74.125.24.0-255,5738,255811,87,349190
49385,0.052707,172.31.47.0-255,66,255877,87,349190
49386,0.055106,74.125.24.0-255,5738,261615,87,349190
49387,0.05511,172.31.47.0-255,66,261681,87,349190
49388,0.057495,74.125.24.0-255,2902,264583,87,349190
49389,0.057499,172.31.47.0-255,66,264649,87,349190
49390,0.057528,74.125.24.0-255,2902,267551,87,349190
49391,0.057531,172.31.47.0-255,66,267617,87,349190
49392,0.059881,74.125.24.0-255,5738,273355,87,349190
49393,0.059885,172.31.47.0-255,66,273421,87,349190
49394,0.062249,74.125.24.0-255,5738,279159,87,349190
49395,0.062255,172.31.47.0-255,66,279225,87,349190
49396,0.064648,74.125.24.0-255,5738,284963,87,349190
49397,0.064652,172.31.47.0-255,66,285029,87,349190
49398,0.067027,74.125.24.0-255,5738,290767,87,349190
49399,0.067031,172.31.47.0-255,66,290833,87,349190
49400,0.069416,74.125.24.0-255,5738,296571,87,349190
49401,0.06942,172.31.47.0-255,66,296637,87,349190
49402,0.071771,74.125.24.0-255,5738,302375,87,349190
49403,0.071776,172.31.47.0-255,66,302441,87,349190
49404,0.074169,74.125.24.0-255,5738,308179,87,349190
49405,0.074188,172.31.47.0-255,66,308245,87,349190
49406,0.076613,74.125.24.0-255,5738,313983,87,349190
49407,0.076618,172.31.47.0-255,66,314049,87,349190
49408,0.079014,74.125.24.0-255,4320,318369,87,349190
49409,0.079018,172.31.47.0-255,66,318435,87,349190
49410,0.079044,74.125.24.0-255,1484,319919,87,349190
49411,0.081418,74.125.24.0-255,1484,321403,87,349190
49412,0.081423,172.31.47.0-255,66,321469,87,349190
49413,0.081459,74.125.24.0-255,2902,324371,87,349190
49414,0.081462,172.31.47.0-255,66,324437,87,349190
49415,0.08378,74.125.24.0-255,2902,327339,87,349190
49416,0.083785,172.31.47.0-255,66,327405,87,349190
49417,0.083868,74.125.24.0-255,2902,330307,87,349190
49418,0.083876,172.31.47.0-255,66,330373,87,349190
49419,0.086141,74.125.24.0-255,2902,333275,87,349190
49420,0.086149,172.31.47.0-255,66,333341,87,349190
49421,0.086268,74.125.24.0-255,2902,336243,87,349190
49422,0.086272,172.31.47.0-255,66,336309,87,349190
49423,0.088538,74.125.24.0-255,2902,339211,87,349190
49424,0.088543,172.31.47.0-255,66,339277,87,349190
49425,0.08865,74.125.24.0-255,2902,342179,87,349190
49426,0.088655,172.31.47.0-255,66,342245,87,349190
49427,0.090917,74.125.24.0-255,2902,345147,87,349190
49428,0.090922,172.31.47.0-255,66,345213,87,349190
49429,0.091055,74.125.24.0-255,2902,348115,87,349190
49430,0.09106,172.31.47.0-255,66,348181,87,349190
49431,0.09331,74.125.24.0-255,772,348953,87,349190
49432,0.09416,172.31.47.0-255,66,349019,87,349190
49433,0.094188,172.31.47.0-255,105,349124,87,349190
49434,0.096528,74.125.24.0-255,66,349190,87,349190
49435,0.0,74.125.24.0-255,153,153,87,251901
49436,3e-05,172.31.47.0-255,66,219,87,251901
49437,3.6e-05,74.125.24.0-255,1484,1703,87,251901
49438,3.9e-05,172.31.47.0-255,66,1769,87,251901
49439,4.3e-05,74.125.24.0-255,2902,4671,87,251901
49440,4.5e-05,172.31.47.0-255,66,4737,87,251901
49441,5.9e-05,74.125.24.0-255,7156,11893,87,251901
49442,6.1e-05,172.31.47.0-255,66,11959,87,251901
49443,6.4e-05,74.125.24.0-255,1484,13443,87,251901
49444,6.6e-05,172.31.47.0-255,66,13509,87,251901
49445,9.6e-05,74.125.24.0-255,6310,19819,87,251901
49446,9.9e-05,172.31.47.0-255,66,19885,87,251901
49447,0.000115,74.125.24.0-255,5738,25623,87,251901
49448,0.000118,172.31.47.0-255,66,25689,87,251901
49449,0.000146,74.125.24.0-255,5379,31068,87,251901
49450,0.000151,172.31.47.0-255,66,31134,87,251901
49451,0.000237,74.125.24.0-255,1484,32618,87,251901
49452,0.000241,172.31.47.0-255,66,32684,87,251901
49453,0.000267,74.125.24.0-255,2902,35586,87,251901
49454,0.00027,172.31.47.0-255,66,35652,87,251901
49455,0.000276,74.125.24.0-255,5738,41390,87,251901
49456,0.00028,172.31.47.0-255,66,41456,87,251901
49457,0.000309,74.125.24.0-255,2902,44358,87,251901
49458,0.000315,172.31.47.0-255,66,44424,87,251901
49459,0.000341,74.125.24.0-255,6797,51221,87,251901
49460,0.000344,172.31.47.0-255,66,51287,87,251901
49461,0.000354,172.31.47.0-255,66,51353,87,251901
49462,0.000359,74.125.24.0-255,4274,55627,87,251901
49463,0.000361,172.31.47.0-255,66,55693,87,251901
49464,0.000394,74.125.24.0-255,108,55801,87,251901
49465,0.000397,172.31.47.0-255,66,55867,87,251901
49466,0.000631,74.125.24.0-255,1484,57351,87,251901
49467,0.000649,74.125.24.0-255,2902,60253,87,251901
49468,0.000652,172.31.47.0-255,66,60319,87,251901
49469,0.000655,74.125.24.0-255,1484,61803,87,251901
49470,0.00068,74.125.24.0-255,4320,66123,87,251901
49471,0.000683,172.31.47.0-255,66,66189,87,251901
49472,0.000688,74.125.24.0-255,2902,69091,87,251901
49473,0.000689,172.31.47.0-255,66,69157,87,251901
49474,0.000708,74.125.24.0-255,3961,73118,87,251901
49475,0.000711,172.31.47.0-255,66,73184,87,251901
49476,0.000721,74.125.24.0-255,5738,78922,87,251901
49477,0.000723,172.31.47.0-255,66,78988,87,251901
49478,0.000747,74.125.24.0-255,1484,80472,87,251901
49479,0.00076,172.31.47.0-255,66,80538,87,251901
49480,0.000976,74.125.24.0-255,1484,82022,87,251901
49481,0.000985,74.125.24.0-255,2902,84924,87,251901
49482,0.000988,172.31.47.0-255,66,84990,87,251901
49483,0.000994,74.125.24.0-255,5738,90728,87,251901
49484,0.000996,172.31.47.0-255,66,90794,87,251901
49485,0.001047,172.31.47.0-255,66,90860,87,251901
49486,0.001059,172.31.47.0-255,66,90926,87,251901
49487,0.001943,74.125.24.0-255,1484,92410,87,251901
49488,0.001966,74.125.24.0-255,2902,95312,87,251901
49489,0.001969,172.31.47.0-255,66,95378,87,251901
49490,0.001974,74.125.24.0-255,2902,98280,87,251901
49491,0.001975,172.31.47.0-255,66,98346,87,251901
49492,0.001994,74.125.24.0-255,2902,101248,87,251901
49493,0.001996,172.31.47.0-255,66,101314,87,251901
49494,0.002,74.125.24.0-255,2902,104216,87,251901
49495,0.002001,172.31.47.0-255,66,104282,87,251901
49496,0.002049,172.31.47.0-255,66,104348,87,251901
49497,0.002059,172.31.47.0-255,66,104414,87,251901
49498,0.002125,74.125.24.0-255,1484,105898,87,251901
49499,0.00213,74.125.24.0-255,2902,108800,87,251901
49500,0.002132,172.31.47.0-255,66,108866,87,251901
49501,0.002159,74.125.24.0-255,5738,114604,87,251901
49502,0.002163,172.31.47.0-255,66,114670,87,251901
49503,0.002196,172.31.47.0-255,66,114736,87,251901
49504,0.002204,172.31.47.0-255,66,114802,87,251901
49505,0.002233,74.125.24.0-255,2184,116986,87,251901
49506,0.002237,172.31.47.0-255,66,117052,87,251901
49507,0.002265,74.125.24.0-255,2902,119954,87,251901
49508,0.00227,74.125.24.0-255,7156,127110,87,251901
49509,0.002323,172.31.47.0-255,66,127176,87,251901
49510,0.002331,172.31.47.0-255,66,127242,87,251901
49511,0.002348,172.31.47.0-255,66,127308,87,251901
49512,0.002355,74.125.24.0-255,7156,134464,87,251901
49513,0.002357,172.31.47.0-255,66,134530,87,251901
49514,0.002393,74.125.24.0-255,2184,136714,87,251901
49515,0.002396,172.31.47.0-255,66,136780,87,251901
49516,0.002407,172.31.47.0-255,66,136846,87,251901
49517,0.002424,172.31.47.0-255,66,136912,87,251901
49518,0.002447,74.125.24.0-255,2902,139814,87,251901
49519,0.00245,172.31.47.0-255,66,139880,87,251901
49520,0.002472,74.125.24.0-255,6438,146318,87,251901
49521,0.002475,172.31.47.0-255,66,146384,87,251901
49522,0.002486,172.31.47.0-255,66,146450,87,251901
49523,0.00249,74.125.24.0-255,4320,150770,87,251901
49524,0.002492,172.31.47.0-255,66,150836,87,251901
49525,0.002532,74.125.24.0-255,5738,156574,87,251901
49526,0.002536,172.31.47.0-255,66,156640,87,251901
49527,0.002559,74.125.24.0-255,1484,158124,87,251901
49528,0.002588,172.31.47.0-255,66,158190,87,251901
49529,0.002614,74.125.24.0-255,7156,165346,87,251901
49530,0.002617,172.31.47.0-255,66,165412,87,251901
49531,0.002643,74.125.24.0-255,1484,166896,87,251901
49532,0.002654,172.31.47.0-255,66,166962,87,251901
49533,0.002669,172.31.47.0-255,66,167028,87,251901
49534,0.002674,74.125.24.0-255,5020,172048,87,251901
49535,0.002676,172.31.47.0-255,66,172114,87,251901
49536,0.005271,74.125.24.0-255,4320,176434,87,251901
49537,0.005275,172.31.47.0-255,66,176500,87,251901
49538,0.005298,74.125.24.0-255,1484,177984,87,251901
49539,0.007878,74.125.24.0-255,4320,182304,87,251901
49540,0.007886,172.31.47.0-255,66,182370,87,251901
49541,0.010491,74.125.24.0-255,5738,188108,87,251901
49542,0.010497,172.31.47.0-255,66,188174,87,251901
49543,0.013075,74.125.24.0-255,5738,193912,87,251901
49544,0.013083,172.31.47.0-255,66,193978,87,251901
49545,0.015685,74.125.24.0-255,5738,199716,87,251901
49546,0.015692,172.31.47.0-255,66,199782,87,251901
49547,0.018336,74.125.24.0-255,5738,205520,87,251901
49548,0.018342,172.31.47.0-255,66,205586,87,251901
49549,0.020935,74.125.24.0-255,5738,211324,87,251901
49550,0.020942,172.31.47.0-255,66,211390,87,251901
49551,0.02354,74.125.24.0-255,5738,217128,87,251901
49552,0.023546,172.31.47.0-255,66,217194,87,251901
49553,0.025906,172.31.47.0-255,167,217361,87,251901
49554,0.026047,172.31.47.0-255,1112,218473,87,251901
49555,0.026109,172.31.47.0-255,1514,219987,87,251901
49556,0.026111,172.31.47.0-255,1292,221279,87,251901
49557,0.026162,74.125.24.0-255,4320,225599,87,251901
49558,0.026166,172.31.47.0-255,66,225665,87,251901
49559,0.026189,74.125.24.0-255,1484,227149,87,251901
49560,0.027474,104.244.42.0-255,66,227215,87,251901
49561,0.027589,104.244.42.0-255,66,227281,87,251901
49562,0.027675,104.244.42.0-255,66,227347,87,251901
49563,0.028768,74.125.24.0-255,4320,231667,87,251901
49564,0.028773,172.31.47.0-255,66,231733,87,251901
49565,0.031415,74.125.24.0-255,5738,237471,87,251901
49566,0.031421,172.31.47.0-255,66,237537,87,251901
49567,0.034045,74.125.24.0-255,5738,243275,87,251901
49568,0.034051,172.31.47.0-255,66,243341,87,251901
49569,0.036649,74.125.24.0-255,5738,249079,87,251901
49570,0.036655,172.31.47.0-255,66,249145,87,251901
49571,0.039269,74.125.24.0-255,2519,251664,87,251901
49572,0.039275,172.31.47.0-255,66,251730,87,251901
49573,0.039447,172.31.47.0-255,105,251835,87,251901
49574,0.041997,74.125.24.0-255,66,251901,87,251901
49575,0.0,172.31.47.0-255,66,66,87,66
49576,0.0,172.217.194.0-255,153,153,87,82442
49577,2.7e-05,172.31.47.0-255,66,219,87,82442
49578,3.3e-05,172.217.194.0-255,1484,1703,87,82442
49579,3.7e-05,172.31.47.0-255,66,1769,87,82442
49580,6.7e-05,172.217.194.0-255,2902,4671,87,82442
49581,7e-05,172.31.47.0-255,66,4737,87,82442
49582,0.000167,172.217.194.0-255,1484,6221,87,82442
49583,0.000171,172.31.47.0-255,66,6287,87,82442
49584,0.000186,172.217.194.0-255,1484,7771,87,82442
49585,0.000188,172.31.47.0-255,66,7837,87,82442
49586,0.000276,172.217.194.0-255,5738,13575,87,82442
49587,0.00028,172.31.47.0-255,66,13641,87,82442
49588,0.000296,172.217.194.0-255,2155,15796,87,82442
49589,0.000299,172.31.47.0-255,66,15862,87,82442
49590,0.000578,172.217.194.0-255,2902,18764,87,82442
49591,0.000583,172.31.47.0-255,66,18830,87,82442
49592,0.000601,172.217.194.0-255,2902,21732,87,82442
49593,0.000603,172.31.47.0-255,66,21798,87,82442
49594,0.000811,172.31.47.0-255,66,21864,87,82442
49595,0.001179,172.31.47.0-255,66,21930,87,82442
49596,0.001208,172.31.47.0-255,66,21996,87,82442
49597,0.002152,172.217.194.0-255,2902,24898,87,82442
49598,0.002155,172.31.47.0-255,66,24964,87,82442
49599,0.002184,172.31.47.0-255,66,25030,87,82442
49600,0.002202,172.217.194.0-255,2902,27932,87,82442
49601,0.002204,172.31.47.0-255,66,27998,87,82442
49602,0.003146,172.217.194.0-255,4320,32318,87,82442
49603,0.003152,172.31.47.0-255,66,32384,87,82442
49604,0.003202,172.31.47.0-255,66,32450,87,82442
49605,0.004154,172.31.47.0-255,66,32516,87,82442
49606,0.004238,172.31.47.0-255,66,32582,87,82442
49607,0.005162,172.31.47.0-255,66,32648,87,82442
49608,0.005211,172.31.47.0-255,66,32714,87,82442
49609,0.006133,172.217.194.0-255,5738,38452,87,82442
49610,0.006138,172.31.47.0-255,66,38518,87,82442
49611,0.0062,172.31.47.0-255,66,38584,87,82442
49612,0.007133,172.31.47.0-255,66,38650,87,82442
49613,0.007155,172.217.194.0-255,4320,42970,87,82442
49614,0.007177,172.31.47.0-255,66,43036,87,82442
49615,0.00769,172.31.47.0-255,66,43102,87,82442
49616,0.007751,172.31.47.0-255,66,43168,87,82442
49617,0.008674,172.217.194.0-255,7156,50324,87,82442
49618,0.008679,172.31.47.0-255,66,50390,87,82442
49619,0.008719,172.31.47.0-255,66,50456,87,82442
49620,0.009698,172.31.47.0-255,66,50522,87,82442
49621,0.009714,172.217.194.0-255,1484,52006,87,82442
49622,0.011231,172.217.194.0-255,5738,57744,87,82442
49623,0.012121,172.217.194.0-255,7156,64900,87,82442
49624,0.01214,172.217.194.0-255,1484,66384,87,82442
49625,0.013407,172.217.194.0-255,4320,70704,87,82442
49626,0.013875,172.31.47.0-255,66,70770,87,82442
49627,0.016133,172.217.194.0-255,7147,77917,87,82442
49628,0.016144,172.31.47.0-255,66,77983,87,82442
49629,0.016446,172.31.47.0-255,105,78088,87,82442
49630,0.018659,172.217.194.0-255,66,78154,87,82442
49631,0.038737,172.31.47.0-255,172,78326,87,82442
49632,0.038763,172.31.47.0-255,1103,79429,87,82442
49633,0.038797,172.31.47.0-255,1514,80943,87,82442
49634,0.038798,172.31.47.0-255,1301,82244,87,82442
49635,0.040283,104.244.42.0-255,66,82310,87,82442
49636,0.040305,104.244.42.0-255,66,82376,87,82442
49637,0.040326,104.244.42.0-255,66,82442,87,82442
49638,0.0,74.125.24.0-255,146,146,87,253446
49639,2.7e-05,172.31.47.0-255,66,212,87,253446
49640,3.3e-05,74.125.24.0-255,1484,1696,87,253446
49641,3.8e-05,172.31.47.0-255,66,1762,87,253446
49642,4.3e-05,74.125.24.0-255,2902,4664,87,253446
49643,4.6e-05,172.31.47.0-255,66,4730,87,253446
49644,5.2e-05,74.125.24.0-255,7156,11886,87,253446
49645,5.6e-05,172.31.47.0-255,66,11952,87,253446
49646,5.9e-05,74.125.24.0-255,2138,14090,87,253446
49647,6.2e-05,172.31.47.0-255,66,14156,87,253446
49648,0.00013,74.125.24.0-255,1484,15640,87,253446
49649,0.000134,172.31.47.0-255,66,15706,87,253446
49650,0.000155,74.125.24.0-255,2902,18608,87,253446
49651,0.00016,172.31.47.0-255,66,18674,87,253446
49652,0.000165,74.125.24.0-255,4320,22994,87,253446
49653,0.000167,172.31.47.0-255,66,23060,87,253446
49654,0.000215,74.125.24.0-255,1484,24544,87,253446
49655,0.000217,172.31.47.0-255,66,24610,87,253446
49656,0.000243,74.125.24.0-255,6797,31407,87,253446
49657,0.000247,172.31.47.0-255,66,31473,87,253446
49658,0.000457,74.125.24.0-255,1484,32957,87,253446
49659,0.000461,172.31.47.0-255,66,33023,87,253446
49660,0.000467,74.125.24.0-255,2902,35925,87,253446
49661,0.000469,172.31.47.0-255,66,35991,87,253446
49662,0.00049,74.125.24.0-255,5738,41729,87,253446
49663,0.000493,172.31.47.0-255,66,41795,87,253446
49664,0.000519,74.125.24.0-255,2902,44697,87,253446
49665,0.000522,172.31.47.0-255,66,44763,87,253446
49666,0.000548,74.125.24.0-255,3961,48724,87,253446
49667,0.000551,172.31.47.0-255,66,48790,87,253446
49668,0.000558,74.125.24.0-255,7156,55946,87,253446
49669,0.00056,172.31.47.0-255,66,56012,87,253446
49670,0.000592,172.31.47.0-255,66,56078,87,253446
49671,0.001109,74.125.24.0-255,648,56726,87,253446
49672,0.001129,74.125.24.0-255,1484,58210,87,253446
49673,0.001134,172.31.47.0-255,66,58276,87,253446
49674,0.001152,74.125.24.0-255,4320,62596,87,253446
49675,0.001154,172.31.47.0-255,66,62662,87,253446
49676,0.00117,74.125.24.0-255,5738,68400,87,253446
49677,0.001172,172.31.47.0-255,66,68466,87,253446
49678,0.001188,74.125.24.0-255,4320,72786,87,253446
49679,0.00119,172.31.47.0-255,66,72852,87,253446
49680,0.0012,172.31.47.0-255,66,72918,87,253446
49681,0.001238,74.125.24.0-255,5738,78656,87,253446
49682,0.001241,172.31.47.0-255,66,78722,87,253446
49683,0.00126,74.125.24.0-255,3602,82324,87,253446
49684,0.001262,172.31.47.0-255,66,82390,87,253446
49685,0.001275,172.31.47.0-255,66,82456,87,253446
49686,0.00128,74.125.24.0-255,2902,85358,87,253446
49687,0.001282,172.31.47.0-255,66,85424,87,253446
49688,0.001303,74.125.24.0-255,4320,89744,87,253446
49689,0.001306,172.31.47.0-255,66,89810,87,253446
49690,0.001325,74.125.24.0-255,1484,91294,87,253446
49691,0.001367,172.31.47.0-255,66,91360,87,253446
49692,0.001378,172.31.47.0-255,66,91426,87,253446
49693,0.001393,74.125.24.0-255,1484,92910,87,253446
49694,0.001432,172.31.47.0-255,66,92976,87,253446
49695,0.00145,74.125.24.0-255,5020,97996,87,253446
49696,0.001453,172.31.47.0-255,66,98062,87,253446
49697,0.001552,74.125.24.0-255,1484,99546,87,253446
49698,0.001568,74.125.24.0-255,2902,102448,87,253446
49699,0.001571,172.31.47.0-255,66,102514,87,253446
49700,0.001592,74.125.24.0-255,5738,108252,87,253446
49701,0.001595,172.31.47.0-255,66,108318,87,253446
49702,0.001639,74.125.24.0-255,4320,112638,87,253446
49703,0.001641,172.31.47.0-255,66,112704,87,253446
49704,0.001663,74.125.24.0-255,4320,117024,87,253446
49705,0.001665,172.31.47.0-255,66,117090,87,253446
49706,0.001679,172.31.47.0-255,66,117156,87,253446
49707,0.001832,74.125.24.0-255,1484,118640,87,253446
49708,0.001844,74.125.24.0-255,2902,121542,87,253446
49709,0.001846,172.31.47.0-255,66,121608,87,253446
49710,0.001862,74.125.24.0-255,2902,124510,87,253446
49711,0.001864,172.31.47.0-255,66,124576,87,253446
49712,0.001875,74.125.24.0-255,2902,127478,87,253446
49713,0.001877,172.31.47.0-255,66,127544,87,253446
49714,0.001883,74.125.24.0-255,4320,131864,87,253446
49715,0.001885,172.31.47.0-255,66,131930,87,253446
49716,0.00192,172.31.47.0-255,66,131996,87,253446
49717,0.001931,172.31.47.0-255,66,132062,87,253446
49718,0.002016,74.125.24.0-255,1484,133546,87,253446
49719,0.002019,74.125.24.0-255,1484,135030,87,253446
49720,0.002021,172.31.47.0-255,66,135096,87,253446
49721,0.002043,74.125.24.0-255,1484,136580,87,253446
49722,0.002049,74.125.24.0-255,5738,142318,87,253446
49723,0.002051,172.31.47.0-255,66,142384,87,253446
49724,0.002057,74.125.24.0-255,5738,148122,87,253446
49725,0.002059,172.31.47.0-255,66,148188,87,253446
49726,0.002076,74.125.24.0-255,2902,151090,87,253446
49727,0.002078,172.31.47.0-255,66,151156,87,253446
49728,0.002109,172.31.47.0-255,66,151222,87,253446
49729,0.002114,74.125.24.0-255,5020,156242,87,253446
49730,0.002116,172.31.47.0-255,66,156308,87,253446
49731,0.002188,74.125.24.0-255,1484,157792,87,253446
49732,0.002213,74.125.24.0-255,2902,160694,87,253446
49733,0.002216,172.31.47.0-255,66,160760,87,253446
49734,0.00222,74.125.24.0-255,2902,163662,87,253446
49735,0.002222,172.31.47.0-255,66,163728,87,253446
49736,0.002237,74.125.24.0-255,2902,166630,87,253446
49737,0.002239,172.31.47.0-255,66,166696,87,253446
49738,0.002257,74.125.24.0-255,1484,168180,87,253446
49739,0.002276,172.31.47.0-255,66,168246,87,253446
49740,0.002294,74.125.24.0-255,2902,171148,87,253446
49741,0.002297,172.31.47.0-255,66,171214,87,253446
49742,0.002326,172.31.47.0-255,66,171280,87,253446
49743,0.002388,74.125.24.0-255,1484,172764,87,253446
49744,0.002399,74.125.24.0-255,1484,174248,87,253446
49745,0.002402,172.31.47.0-255,66,174314,87,253446
49746,0.002421,74.125.24.0-255,1484,175798,87,253446
49747,0.002426,74.125.24.0-255,5738,181536,87,253446
49748,0.002429,172.31.47.0-255,66,181602,87,253446
49749,0.00244,74.125.24.0-255,1484,183086,87,253446
49750,0.002463,172.31.47.0-255,66,183152,87,253446
49751,0.002483,74.125.24.0-255,1484,184636,87,253446
49752,0.002489,74.125.24.0-255,7156,191792,87,253446
49753,0.002491,172.31.47.0-255,66,191858,87,253446
49754,0.002515,74.125.24.0-255,3602,195460,87,253446
49755,0.002517,172.31.47.0-255,66,195526,87,253446
49756,0.002534,74.125.24.0-255,1484,197010,87,253446
49757,0.00255,74.125.24.0-255,2902,199912,87,253446
49758,0.002553,172.31.47.0-255,66,199978,87,253446
49759,0.002562,172.31.47.0-255,66,200044,87,253446
49760,0.002565,74.125.24.0-255,2902,202946,87,253446
49761,0.002567,172.31.47.0-255,66,203012,87,253446
49762,0.002597,74.125.24.0-255,4320,207332,87,253446
49763,0.0026,172.31.47.0-255,66,207398,87,253446
49764,0.00261,172.31.47.0-255,66,207464,87,253446
49765,0.005151,74.125.24.0-255,5738,213202,87,253446
49766,0.005176,172.31.47.0-255,66,213268,87,253446
49767,0.007737,74.125.24.0-255,5738,219006,87,253446
49768,0.007752,172.31.47.0-255,66,219072,87,253446
49769,0.010266,74.125.24.0-255,5738,224810,87,253446
49770,0.010275,172.31.47.0-255,66,224876,87,253446
49771,0.0128,74.125.24.0-255,5738,230614,87,253446
49772,0.012805,172.31.47.0-255,66,230680,87,253446
49773,0.015342,74.125.24.0-255,5738,236418,87,253446
49774,0.015374,172.31.47.0-255,66,236484,87,253446
49775,0.017901,74.125.24.0-255,5738,242222,87,253446
49776,0.017909,172.31.47.0-255,66,242288,87,253446
49777,0.020451,74.125.24.0-255,5738,248026,87,253446
49778,0.020461,172.31.47.0-255,66,248092,87,253446
49779,0.022956,74.125.24.0-255,830,248922,87,253446
49780,0.023082,172.31.47.0-255,66,248988,87,253446
49781,0.023112,172.31.47.0-255,105,249093,87,253446
49782,0.025607,74.125.24.0-255,66,249159,87,253446
49783,0.03861,172.31.47.0-255,171,249330,87,253446
49784,0.038642,172.31.47.0-255,1127,250457,87,253446
49785,0.038706,172.31.47.0-255,1514,251971,87,253446
49786,0.038708,172.31.47.0-255,1277,253248,87,253446
49787,0.040211,104.244.42.0-255,66,253314,87,253446
49788,0.040224,104.244.42.0-255,66,253380,87,253446
49789,0.040249,104.244.42.0-255,66,253446,87,253446
49790,0.0,216.58.221.0-255,153,153,87,408613
49791,2.4e-05,172.31.47.0-255,66,219,87,408613
49792,3e-05,216.58.221.0-255,1484,1703,87,408613
49793,3.4e-05,172.31.47.0-255,66,1769,87,408613
49794,4.7e-05,216.58.221.0-255,2902,4671,87,408613
49795,5.1e-05,172.31.47.0-255,66,4737,87,408613
49796,7.5e-05,216.58.221.0-255,5738,10475,87,408613
49797,7.9e-05,172.31.47.0-255,66,10541,87,408613
49798,8.3e-05,216.58.221.0-255,3528,14069,87,408613
49799,8.7e-05,172.31.47.0-255,66,14135,87,408613
49800,0.000112,216.58.221.0-255,4320,18455,87,408613
49801,0.000115,172.31.47.0-255,66,18521,87,408613
49802,0.000141,216.58.221.0-255,4320,22841,87,408613
49803,0.000144,172.31.47.0-255,66,22907,87,408613
49804,0.00016,216.58.221.0-255,5738,28645,87,408613
49805,0.000164,172.31.47.0-255,66,28711,87,408613
49806,0.000183,216.58.221.0-255,2543,31254,87,408613
49807,0.000185,172.31.47.0-255,66,31320,87,408613
49808,0.000246,216.58.221.0-255,1484,32804,87,408613
49809,0.000249,172.31.47.0-255,66,32870,87,408613
49810,0.000268,216.58.221.0-255,2902,35772,87,408613
49811,0.000271,172.31.47.0-255,66,35838,87,408613
49812,0.000277,216.58.221.0-255,5738,41576,87,408613
49813,0.00028,172.31.47.0-255,66,41642,87,408613
49814,0.000284,216.58.221.0-255,2902,44544,87,408613
49815,0.000288,172.31.47.0-255,66,44610,87,408613
49816,0.000308,216.58.221.0-255,1484,46094,87,408613
49817,0.000311,172.31.47.0-255,66,46160,87,408613
49818,0.000341,216.58.221.0-255,2543,48703,87,408613
49819,0.000345,172.31.47.0-255,66,48769,87,408613
49820,0.000964,216.58.221.0-255,1484,50253,87,408613
49821,0.000971,172.31.47.0-255,66,50319,87,408613
49822,0.00098,216.58.221.0-255,2902,53221,87,408613
49823,0.000983,172.31.47.0-255,66,53287,87,408613
49824,0.000991,216.58.221.0-255,5738,59025,87,408613
49825,0.000994,172.31.47.0-255,66,59091,87,408613
49826,0.000999,216.58.221.0-255,4320,63411,87,408613
49827,0.001001,172.31.47.0-255,66,63477,87,408613
49828,0.001054,216.58.221.0-255,2874,66351,87,408613
49829,0.001057,172.31.47.0-255,66,66417,87,408613
49830,0.00139,216.58.221.0-255,346,66763,87,408613
49831,0.00153,216.58.221.0-255,1484,68247,87,408613
49832,0.001534,172.31.47.0-255,66,68313,87,408613
49833,0.001552,216.58.221.0-255,2902,71215,87,408613
49834,0.001554,172.31.47.0-255,66,71281,87,408613
49835,0.001557,216.58.221.0-255,1484,72765,87,408613
49836,0.001561,216.58.221.0-255,2902,75667,87,408613
49837,0.001563,172.31.47.0-255,66,75733,87,408613
49838,0.001566,216.58.221.0-255,1484,77217,87,408613
49839,0.001586,216.58.221.0-255,4320,81537,87,408613
49840,0.001588,172.31.47.0-255,66,81603,87,408613
49841,0.001601,216.58.221.0-255,2543,84146,87,408613
49842,0.001603,172.31.47.0-255,66,84212,87,408613
49843,0.001635,216.58.221.0-255,2902,87114,87,408613
49844,0.001637,172.31.47.0-255,66,87180,87,408613
49845,0.00165,216.58.221.0-255,2902,90082,87,408613
49846,0.001651,172.31.47.0-255,66,90148,87,408613
49847,0.001668,216.58.221.0-255,2902,93050,87,408613
49848,0.00167,172.31.47.0-255,66,93116,87,408613
49849,0.001676,216.58.221.0-255,7156,100272,87,408613
49850,0.001677,172.31.47.0-255,66,100338,87,408613
49851,0.001696,216.58.221.0-255,1125,101463,87,408613
49852,0.002307,172.31.47.0-255,66,101529,87,408613
49853,0.003577,216.58.221.0-255,2902,104431,87,408613
49854,0.003582,172.31.47.0-255,66,104497,87,408613
49855,0.003598,216.58.221.0-255,1484,105981,87,408613
49856,0.004209,216.58.221.0-255,1484,107465,87,408613
49857,0.004211,172.31.47.0-255,66,107531,87,408613
49858,0.005476,216.58.221.0-255,2902,110433,87,408613
49859,0.005478,172.31.47.0-255,66,110499,87,408613
49860,0.006108,216.58.221.0-255,2902,113401,87,408613
49861,0.006113,172.31.47.0-255,66,113467,87,408613
49862,0.007375,216.58.221.0-255,2902,116369,87,408613
49863,0.007381,172.31.47.0-255,66,116435,87,408613
49864,0.008023,216.58.221.0-255,2902,119337,87,408613
49865,0.008028,172.31.47.0-255,66,119403,87,408613
49866,0.009278,216.58.221.0-255,2902,122305,87,408613
49867,0.009284,172.31.47.0-255,66,122371,87,408613
49868,0.009926,216.58.221.0-255,2902,125273,87,408613
49869,0.009931,172.31.47.0-255,66,125339,87,408613
49870,0.011182,216.58.221.0-255,2902,128241,87,408613
49871,0.011189,172.31.47.0-255,66,128307,87,408613
49872,0.011837,216.58.221.0-255,2902,131209,87,408613
49873,0.011843,172.31.47.0-255,66,131275,87,408613
49874,0.013098,216.58.221.0-255,2902,134177,87,408613
49875,0.013106,172.31.47.0-255,66,134243,87,408613
49876,0.013741,216.58.221.0-255,2902,137145,87,408613
49877,0.013747,172.31.47.0-255,66,137211,87,408613
49878,0.015001,216.58.221.0-255,2902,140113,87,408613
49879,0.015006,172.31.47.0-255,66,140179,87,408613
49880,0.015651,216.58.221.0-255,2902,143081,87,408613
49881,0.015656,172.31.47.0-255,66,143147,87,408613
49882,0.016904,216.58.221.0-255,2902,146049,87,408613
49883,0.016909,172.31.47.0-255,66,146115,87,408613
49884,0.017554,216.58.221.0-255,2902,149017,87,408613
49885,0.017559,172.31.47.0-255,66,149083,87,408613
49886,0.018803,216.58.221.0-255,2902,151985,87,408613
49887,0.018809,172.31.47.0-255,66,152051,87,408613
49888,0.019469,216.58.221.0-255,2902,154953,87,408613
49889,0.019475,172.31.47.0-255,66,155019,87,408613
49890,0.020719,216.58.221.0-255,2902,157921,87,408613
49891,0.020724,172.31.47.0-255,66,157987,87,408613
49892,0.021379,216.58.221.0-255,2902,160889,87,408613
49893,0.021384,172.31.47.0-255,66,160955,87,408613
49894,0.022633,216.58.221.0-255,2902,163857,87,408613
49895,0.02264,172.31.47.0-255,66,163923,87,408613
49896,0.023276,216.58.221.0-255,2902,166825,87,408613
49897,0.023281,172.31.47.0-255,66,166891,87,408613
49898,0.023915,172.31.47.0-255,166,167057,87,408613
49899,0.023945,172.31.47.0-255,1130,168187,87,408613
49900,0.023982,172.31.47.0-255,1514,169701,87,408613
49901,0.023983,172.31.47.0-255,1274,170975,87,408613
49902,0.024555,216.58.221.0-255,2902,173877,87,408613
49903,0.024562,172.31.47.0-255,66,173943,87,408613
49904,0.025182,216.58.221.0-255,2902,176845,87,408613
49905,0.025188,172.31.47.0-255,66,176911,87,408613
49906,0.025456,104.244.42.0-255,66,176977,87,408613
49907,0.025498,104.244.42.0-255,66,177043,87,408613
49908,0.025541,104.244.42.0-255,66,177109,87,408613
49909,0.026452,216.58.221.0-255,2902,180011,87,408613
49910,0.026456,172.31.47.0-255,66,180077,87,408613
49911,0.027089,216.58.221.0-255,2902,182979,87,408613
49912,0.027096,172.31.47.0-255,66,183045,87,408613
49913,0.028344,216.58.221.0-255,2902,185947,87,408613
49914,0.02835,172.31.47.0-255,66,186013,87,408613
49915,0.029013,216.58.221.0-255,2902,188915,87,408613
49916,0.029019,172.31.47.0-255,66,188981,87,408613
49917,0.030246,216.58.221.0-255,2902,191883,87,408613
49918,0.030251,172.31.47.0-255,66,191949,87,408613
49919,0.030928,216.58.221.0-255,2902,194851,87,408613
49920,0.030933,172.31.47.0-255,66,194917,87,408613
49921,0.03215,216.58.221.0-255,2902,197819,87,408613
49922,0.032156,172.31.47.0-255,66,197885,87,408613
49923,0.032825,216.58.221.0-255,2902,200787,87,408613
49924,0.03283,172.31.47.0-255,66,200853,87,408613
49925,0.034073,216.58.221.0-255,2902,203755,87,408613
49926,0.034079,172.31.47.0-255,66,203821,87,408613
49927,0.034759,216.58.221.0-255,2902,206723,87,408613
49928,0.034765,172.31.47.0-255,66,206789,87,408613
49929,0.035971,216.58.221.0-255,2902,209691,87,408613
49930,0.035977,172.31.47.0-255,66,209757,87,408613
49931,0.036662,216.58.221.0-255,2902,212659,87,408613
49932,0.036668,172.31.47.0-255,66,212725,87,408613
49933,0.037894,216.58.221.0-255,2902,215627,87,408613
49934,0.037901,172.31.47.0-255,66,215693,87,408613
49935,0.038562,216.58.221.0-255,2902,218595,87,408613
49936,0.038567,172.31.47.0-255,66,218661,87,408613
49937,0.03981,216.58.221.0-255,2902,221563,87,408613
49938,0.039815,172.31.47.0-255,66,221629,87,408613
49939,0.040461,216.58.221.0-255,2902,224531,87,408613
49940,0.040466,172.31.47.0-255,66,224597,87,408613
49941,0.041719,216.58.221.0-255,2902,227499,87,408613
49942,0.041725,172.31.47.0-255,66,227565,87,408613
49943,0.042369,216.58.221.0-255,2902,230467,87,408613
49944,0.042389,172.31.47.0-255,66,230533,87,408613
49945,0.043632,216.58.221.0-255,2902,233435,87,408613
49946,0.043637,172.31.47.0-255,66,233501,87,408613
49947,0.044283,216.58.221.0-255,2902,236403,87,408613
49948,0.044288,172.31.47.0-255,66,236469,87,408613
49949,0.045537,216.58.221.0-255,2902,239371,87,408613
49950,0.045542,172.31.47.0-255,66,239437,87,408613
49951,0.046177,216.58.221.0-255,2902,242339,87,408613
49952,0.046182,172.31.47.0-255,66,242405,87,408613
49953,0.04744,216.58.221.0-255,2902,245307,87,408613
49954,0.047444,172.31.47.0-255,66,245373,87,408613
49955,0.048086,216.58.221.0-255,2902,248275,87,408613
49956,0.048091,172.31.47.0-255,66,248341,87,408613
49957,0.049351,216.58.221.0-255,2902,251243,87,408613
49958,0.049362,172.31.47.0-255,66,251309,87,408613
49959,0.049994,216.58.221.0-255,2902,254211,87,408613
49960,0.049998,172.31.47.0-255,66,254277,87,408613
49961,0.051268,216.58.221.0-255,2902,257179,87,408613
49962,0.051277,172.31.47.0-255,66,257245,87,408613
49963,0.051899,216.58.221.0-255,2902,260147,87,408613
49964,0.051905,172.31.47.0-255,66,260213,87,408613
49965,0.053188,216.58.221.0-255,2902,263115,87,408613
49966,0.053197,172.31.47.0-255,66,263181,87,408613
49967,0.053809,216.58.221.0-255,2902,266083,87,408613
49968,0.053815,172.31.47.0-255,66,266149,87,408613
49969,0.05511,216.58.221.0-255,2902,269051,87,408613
49970,0.055117,172.31.47.0-255,66,269117,87,408613
49971,0.055708,216.58.221.0-255,2902,272019,87,408613
49972,0.055713,172.31.47.0-255,66,272085,87,408613
49973,0.057023,216.58.221.0-255,2902,274987,87,408613
49974,0.057031,172.31.47.0-255,66,275053,87,408613
49975,0.057604,216.58.221.0-255,2902,277955,87,408613
49976,0.05761,172.31.47.0-255,66,278021,87,408613
49977,0.058926,216.58.221.0-255,2902,280923,87,408613
49978,0.05893,172.31.47.0-255,66,280989,87,408613
49979,0.059506,216.58.221.0-255,2902,283891,87,408613
49980,0.059511,172.31.47.0-255,66,283957,87,408613
49981,0.060831,216.58.221.0-255,2902,286859,87,408613
49982,0.060837,172.31.47.0-255,66,286925,87,408613
49983,0.061402,216.58.221.0-255,2902,289827,87,408613
49984,0.061408,172.31.47.0-255,66,289893,87,408613
49985,0.062775,216.58.221.0-255,2902,292795,87,408613
49986,0.062781,172.31.47.0-255,66,292861,87,408613
49987,0.063306,216.58.221.0-255,2902,295763,87,408613
49988,0.063311,172.31.47.0-255,66,295829,87,408613
49989,0.064683,216.58.221.0-255,2902,298731,87,408613
49990,0.064688,172.31.47.0-255,66,298797,87,408613
49991,0.065213,216.58.221.0-255,2902,301699,87,408613
49992,0.065217,172.31.47.0-255,66,301765,87,408613
49993,0.066586,216.58.221.0-255,2902,304667,87,408613
49994,0.066591,172.31.47.0-255,66,304733,87,408613
49995,0.067108,216.58.221.0-255,2902,307635,87,408613
49996,0.067113,172.31.47.0-255,66,307701,87,408613
49997,0.068494,216.58.221.0-255,2902,310603,87,408613
49998,0.0685,172.31.47.0-255,66,310669,87,408613
49999,0.069011,216.58.221.0-255,2902,313571,87,408613
50000,0.069016,172.31.47.0-255,66,313637,87,408613
50001,0.070403,216.58.221.0-255,2902,316539,87,408613
50002,0.070409,172.31.47.0-255,66,316605,87,408613
50003,0.070907,216.58.221.0-255,2902,319507,87,408613
50004,0.070914,172.31.47.0-255,66,319573,87,408613
50005,0.072435,216.58.221.0-255,2902,322475,87,408613
50006,0.072441,172.31.47.0-255,66,322541,87,408613
50007,0.072821,216.58.221.0-255,2902,325443,87,408613
50008,0.072827,172.31.47.0-255,66,325509,87,408613
50009,0.074339,216.58.221.0-255,2902,328411,87,408613
50010,0.074345,172.31.47.0-255,66,328477,87,408613
50011,0.074821,216.58.221.0-255,2902,331379,87,408613
50012,0.074825,172.31.47.0-255,66,331445,87,408613
50013,0.076243,216.58.221.0-255,2902,334347,87,408613
50014,0.076248,172.31.47.0-255,66,334413,87,408613
50015,0.07672,216.58.221.0-255,2902,337315,87,408613
50016,0.076726,172.31.47.0-255,66,337381,87,408613
50017,0.078144,216.58.221.0-255,2902,340283,87,408613
50018,0.078148,172.31.47.0-255,66,340349,87,408613
50019,0.078642,216.58.221.0-255,2902,343251,87,408613
50020,0.078646,172.31.47.0-255,66,343317,87,408613
50021,0.080067,216.58.221.0-255,2902,346219,87,408613
50022,0.080073,172.31.47.0-255,66,346285,87,408613
50023,0.080556,216.58.221.0-255,2902,349187,87,408613
50024,0.080562,172.31.47.0-255,66,349253,87,408613
50025,0.081971,216.58.221.0-255,2902,352155,87,408613
50026,0.081977,172.31.47.0-255,66,352221,87,408613
50027,0.082468,216.58.221.0-255,2902,355123,87,408613
50028,0.082474,172.31.47.0-255,66,355189,87,408613
50029,0.083946,216.58.221.0-255,2902,358091,87,408613
50030,0.083949,172.31.47.0-255,66,358157,87,408613
50031,0.084385,216.58.221.0-255,2902,361059,87,408613
50032,0.084388,172.31.47.0-255,66,361125,87,408613
50033,0.085871,216.58.221.0-255,2902,364027,87,408613
50034,0.085876,172.31.47.0-255,66,364093,87,408613
50035,0.086288,216.58.221.0-255,2902,366995,87,408613
50036,0.086293,172.31.47.0-255,66,367061,87,408613
50037,0.087771,216.58.221.0-255,2902,369963,87,408613
50038,0.087776,172.31.47.0-255,66,370029,87,408613
50039,0.088183,216.58.221.0-255,2902,372931,87,408613
50040,0.088188,172.31.47.0-255,66,372997,87,408613
50041,0.089683,216.58.221.0-255,2902,375899,87,408613
50042,0.089688,172.31.47.0-255,66,375965,87,408613
50043,0.090082,216.58.221.0-255,2902,378867,87,408613
50044,0.090086,172.31.47.0-255,66,378933,87,408613
50045,0.091635,216.58.221.0-255,2902,381835,87,408613
50046,0.09164,172.31.47.0-255,66,381901,87,408613
50047,0.091993,216.58.221.0-255,2902,384803,87,408613
50048,0.091998,172.31.47.0-255,66,384869,87,408613
50049,0.09353,216.58.221.0-255,2902,387771,87,408613
50050,0.093536,172.31.47.0-255,66,387837,87,408613
50051,0.09389,216.58.221.0-255,2902,390739,87,408613
50052,0.093895,172.31.47.0-255,66,390805,87,408613
50053,0.095435,216.58.221.0-255,2902,393707,87,408613
50054,0.095441,172.31.47.0-255,66,393773,87,408613
50055,0.095793,216.58.221.0-255,2902,396675,87,408613
50056,0.095798,172.31.47.0-255,66,396741,87,408613
50057,0.097365,216.58.221.0-255,2902,399643,87,408613
50058,0.097371,172.31.47.0-255,66,399709,87,408613
50059,0.097692,216.58.221.0-255,2902,402611,87,408613
50060,0.097697,172.31.47.0-255,66,402677,87,408613
50061,0.09931,216.58.221.0-255,2902,405579,87,408613
50062,0.099316,172.31.47.0-255,66,405645,87,408613
50063,0.099605,216.58.221.0-255,2902,408547,87,408613
50064,0.099612,172.31.47.0-255,66,408613,87,408613
50065,0.0,74.125.24.0-255,153,153,87,181601
50066,2.8e-05,172.31.47.0-255,66,219,87,181601
50067,5e-05,74.125.24.0-255,1484,1703,87,181601
50068,5.4e-05,172.31.47.0-255,66,1769,87,181601
50069,6e-05,74.125.24.0-255,2902,4671,87,181601
50070,6.3e-05,172.31.47.0-255,66,4737,87,181601
50071,6.9e-05,74.125.24.0-255,4320,9057,87,181601
50072,7.2e-05,172.31.47.0-255,66,9123,87,181601
50073,8.8e-05,74.125.24.0-255,2902,12025,87,181601
50074,9e-05,172.31.47.0-255,66,12091,87,181601
50075,0.00012,172.31.47.0-255,66,12157,87,181601
50076,0.000124,74.125.24.0-255,2902,15059,87,181601
50077,0.000127,172.31.47.0-255,66,15125,87,181601
50078,0.000145,74.125.24.0-255,2902,18027,87,181601
50079,0.000147,172.31.47.0-255,66,18093,87,181601
50080,0.000186,172.31.47.0-255,66,18159,87,181601
50081,0.000193,74.125.24.0-255,6438,24597,87,181601
50082,0.000195,172.31.47.0-255,66,24663,87,181601
50083,0.000236,172.31.47.0-255,66,24729,87,181601
50084,0.000255,74.125.24.0-255,5738,30467,87,181601
50085,0.000258,172.31.47.0-255,66,30533,87,181601
50086,0.000261,74.125.24.0-255,1469,32002,87,181601
50087,0.000264,172.31.47.0-255,66,32068,87,181601
50088,0.000323,74.125.24.0-255,1484,33552,87,181601
50089,0.000326,172.31.47.0-255,66,33618,87,181601
50090,0.000332,74.125.24.0-255,2902,36520,87,181601
50091,0.000335,172.31.47.0-255,66,36586,87,181601
50092,0.00034,74.125.24.0-255,4320,40906,87,181601
50093,0.000342,172.31.47.0-255,66,40972,87,181601
50094,0.000364,74.125.24.0-255,1484,42456,87,181601
50095,0.000371,74.125.24.0-255,4320,46776,87,181601
50096,0.000374,172.31.47.0-255,66,46842,87,181601
50097,0.000399,172.31.47.0-255,66,46908,87,181601
50098,0.00041,172.31.47.0-255,66,46974,87,181601
50099,0.000413,74.125.24.0-255,766,47740,87,181601
50100,0.000453,74.125.24.0-255,343,48083,87,181601
50101,0.000515,74.125.24.0-255,1484,49567,87,181601
50102,0.00052,172.31.47.0-255,66,49633,87,181601
50103,0.000525,74.125.24.0-255,2902,52535,87,181601
50104,0.000528,172.31.47.0-255,66,52601,87,181601
50105,0.000549,74.125.24.0-255,5738,58339,87,181601
50106,0.000554,172.31.47.0-255,66,58405,87,181601
50107,0.000563,74.125.24.0-255,1484,59889,87,181601
50108,0.000587,172.31.47.0-255,66,59955,87,181601
50109,0.000599,172.31.47.0-255,66,60021,87,181601
50110,0.000647,74.125.24.0-255,766,60787,87,181601
50111,0.000763,74.125.24.0-255,1484,62271,87,181601
50112,0.000767,172.31.47.0-255,66,62337,87,181601
50113,0.000772,74.125.24.0-255,2902,65239,87,181601
50114,0.000774,172.31.47.0-255,66,65305,87,181601
50115,0.00078,74.125.24.0-255,5738,71043,87,181601
50116,0.000781,172.31.47.0-255,66,71109,87,181601
50117,0.000784,74.125.24.0-255,1484,72593,87,181601
50118,0.000811,74.125.24.0-255,5738,78331,87,181601
50119,0.000815,172.31.47.0-255,66,78397,87,181601
50120,0.000829,172.31.47.0-255,66,78463,87,181601
50121,0.000839,74.125.24.0-255,2902,81365,87,181601
50122,0.000841,172.31.47.0-255,66,81431,87,181601
50123,0.000845,74.125.24.0-255,2184,83615,87,181601
50124,0.000847,172.31.47.0-255,66,83681,87,181601
50125,0.000983,74.125.24.0-255,1484,85165,87,181601
50126,0.000986,74.125.24.0-255,1484,86649,87,181601
50127,0.00099,172.31.47.0-255,66,86715,87,181601
50128,0.001012,74.125.24.0-255,1484,88199,87,181601
50129,0.001019,74.125.24.0-255,5738,93937,87,181601
50130,0.001021,172.31.47.0-255,66,94003,87,181601
50131,0.001029,74.125.24.0-255,7156,101159,87,181601
50132,0.001032,172.31.47.0-255,66,101225,87,181601
50133,0.001054,74.125.24.0-255,5738,106963,87,181601
50134,0.001057,172.31.47.0-255,66,107029,87,181601
50135,0.001067,172.31.47.0-255,66,107095,87,181601
50136,0.001102,74.125.24.0-255,2184,109279,87,181601
50137,0.001105,172.31.47.0-255,66,109345,87,181601
50138,0.001123,74.125.24.0-255,2902,112247,87,181601
50139,0.001126,172.31.47.0-255,66,112313,87,181601
50140,0.001147,74.125.24.0-255,7156,119469,87,181601
50141,0.00115,172.31.47.0-255,66,119535,87,181601
50142,0.001153,74.125.24.0-255,1484,121019,87,181601
50143,0.001179,172.31.47.0-255,66,121085,87,181601
50144,0.001197,74.125.24.0-255,4320,125405,87,181601
50145,0.0012,172.31.47.0-255,66,125471,87,181601
50146,0.001221,172.31.47.0-255,66,125537,87,181601
50147,0.001253,74.125.24.0-255,1484,127021,87,181601
50148,0.001258,74.125.24.0-255,2902,129923,87,181601
50149,0.001261,172.31.47.0-255,66,129989,87,181601
50150,0.001285,74.125.24.0-255,5738,135727,87,181601
50151,0.001288,172.31.47.0-255,66,135793,87,181601
50152,0.001299,74.125.24.0-255,7156,142949,87,181601
50153,0.001302,172.31.47.0-255,66,143015,87,181601
50154,0.001322,74.125.24.0-255,5738,148753,87,181601
50155,0.001326,172.31.47.0-255,66,148819,87,181601
50156,0.001338,172.31.47.0-255,66,148885,87,181601
50157,0.001356,74.125.24.0-255,766,149651,87,181601
50158,0.001501,74.125.24.0-255,1484,151135,87,181601
50159,0.001506,172.31.47.0-255,66,151201,87,181601
50160,0.001511,74.125.24.0-255,2902,154103,87,181601
50161,0.001513,172.31.47.0-255,66,154169,87,181601
50162,0.001519,74.125.24.0-255,5738,159907,87,181601
50163,0.001521,172.31.47.0-255,66,159973,87,181601
50164,0.00154,74.125.24.0-255,1484,161457,87,181601
50165,0.001571,172.31.47.0-255,66,161523,87,181601
50166,0.001583,172.31.47.0-255,66,161589,87,181601
50167,0.001635,172.31.47.0-255,66,161655,87,181601
50168,0.001676,172.31.47.0-255,66,161721,87,181601
50169,0.001719,74.125.24.0-255,7156,168877,87,181601
50170,0.001722,172.31.47.0-255,66,168943,87,181601
50171,0.001764,172.31.47.0-255,66,169009,87,181601
50172,0.001767,74.125.24.0-255,1484,170493,87,181601
50173,0.001793,172.31.47.0-255,66,170559,87,181601
50174,0.001809,172.31.47.0-255,66,170625,87,181601
50175,0.001838,74.125.24.0-255,6284,176909,87,181601
50176,0.001842,172.31.47.0-255,66,176975,87,181601
50177,0.001845,74.125.24.0-255,105,177080,87,181601
50178,0.003538,172.31.47.0-255,66,177146,87,181601
50179,0.003563,172.31.47.0-255,105,177251,87,181601
50180,0.005612,74.125.24.0-255,66,177317,87,181601
50181,0.025915,172.31.47.0-255,167,177484,87,181601
50182,0.025945,172.31.47.0-255,1112,178596,87,181601
50183,0.025985,172.31.47.0-255,1514,180110,87,181601
50184,0.025987,172.31.47.0-255,1293,181403,87,181601
50185,0.027407,104.244.42.0-255,66,181469,87,181601
50186,0.027491,104.244.42.0-255,66,181535,87,181601
50187,0.027537,104.244.42.0-255,66,181601,87,181601
50188,0.0,74.125.200.0-255,153,153,87,371291
50189,1.5e-05,172.31.47.0-255,66,219,87,371291
50190,2.1e-05,74.125.200.0-255,1484,1703,87,371291
50191,2.7e-05,172.31.47.0-255,66,1769,87,371291
50192,7.1e-05,74.125.200.0-255,2902,4671,87,371291
50193,7.4e-05,172.31.47.0-255,66,4737,87,371291
50194,0.0001,74.125.200.0-255,1484,6221,87,371291
50195,0.000103,172.31.47.0-255,66,6287,87,371291
50196,0.000108,74.125.200.0-255,2902,9189,87,371291
50197,0.000111,172.31.47.0-255,66,9255,87,371291
50198,0.000136,74.125.200.0-255,4320,13575,87,371291
50199,0.000139,172.31.47.0-255,66,13641,87,371291
50200,0.000166,74.125.200.0-255,4850,18491,87,371291
50201,0.000169,172.31.47.0-255,66,18557,87,371291
50202,0.000206,172.31.47.0-255,66,18623,87,371291
50203,0.000233,74.125.200.0-255,1125,19748,87,371291
50204,0.000236,172.31.47.0-255,66,19814,87,371291
50205,0.000298,74.125.200.0-255,1484,21298,87,371291
50206,0.000301,172.31.47.0-255,66,21364,87,371291
50207,0.000322,74.125.200.0-255,2902,24266,87,371291
50208,0.000324,172.31.47.0-255,66,24332,87,371291
50209,0.000331,74.125.200.0-255,5738,30070,87,371291
50210,0.000334,172.31.47.0-255,66,30136,87,371291
50211,0.000339,74.125.200.0-255,2902,33038,87,371291
50212,0.000341,172.31.47.0-255,66,33104,87,371291
50213,0.000386,74.125.200.0-255,3961,37065,87,371291
50214,0.000388,172.31.47.0-255,66,37131,87,371291
50215,0.0004,172.31.47.0-255,66,37197,87,371291
50216,0.00045,74.125.200.0-255,2902,40099,87,371291
50217,0.000453,172.31.47.0-255,66,40165,87,371291
50218,0.000472,74.125.200.0-255,5379,45544,87,371291
50219,0.000475,172.31.47.0-255,66,45610,87,371291
50220,0.000478,74.125.200.0-255,398,46008,87,371291
50221,0.000511,74.125.200.0-255,347,46355,87,371291
50222,0.000676,74.125.200.0-255,1484,47839,87,371291
50223,0.000681,172.31.47.0-255,66,47905,87,371291
50224,0.000686,74.125.200.0-255,2902,50807,87,371291
50225,0.000688,172.31.47.0-255,66,50873,87,371291
50226,0.000721,74.125.200.0-255,4320,55193,87,371291
50227,0.000724,172.31.47.0-255,66,55259,87,371291
50228,0.000751,74.125.200.0-255,7156,62415,87,371291
50229,0.000754,172.31.47.0-255,66,62481,87,371291
50230,0.000765,74.125.200.0-255,1484,63965,87,371291
50231,0.000774,74.125.200.0-255,4320,68285,87,371291
50232,0.000776,172.31.47.0-255,66,68351,87,371291
50233,0.0008,74.125.200.0-255,2902,71253,87,371291
50234,0.000804,172.31.47.0-255,66,71319,87,371291
50235,0.00084,172.31.47.0-255,66,71385,87,371291
50236,0.000962,74.125.200.0-255,1484,72869,87,371291
50237,0.000979,74.125.200.0-255,2902,75771,87,371291
50238,0.000982,172.31.47.0-255,66,75837,87,371291
50239,0.000989,74.125.200.0-255,5738,81575,87,371291
50240,0.00099,172.31.47.0-255,66,81641,87,371291
50241,0.000993,74.125.200.0-255,1484,83125,87,371291
50242,0.001014,74.125.200.0-255,1484,84609,87,371291
50243,0.001016,172.31.47.0-255,66,84675,87,371291
50244,0.001021,74.125.200.0-255,4320,88995,87,371291
50245,0.001023,172.31.47.0-255,66,89061,87,371291
50246,0.001026,74.125.200.0-255,1484,90545,87,371291
50247,0.001059,74.125.200.0-255,7156,97701,87,371291
50248,0.001062,172.31.47.0-255,66,97767,87,371291
50249,0.001072,172.31.47.0-255,66,97833,87,371291
50250,0.001984,74.125.200.0-255,1484,99317,87,371291
50251,0.002,74.125.200.0-255,2902,102219,87,371291
50252,0.002004,172.31.47.0-255,66,102285,87,371291
50253,0.002009,74.125.200.0-255,2902,105187,87,371291
50254,0.002011,172.31.47.0-255,66,105253,87,371291
50255,0.002029,74.125.200.0-255,1484,106737,87,371291
50256,0.002039,74.125.200.0-255,5738,112475,87,371291
50257,0.002041,172.31.47.0-255,66,112541,87,371291
50258,0.002077,172.31.47.0-255,66,112607,87,371291
50259,0.002082,74.125.200.0-255,4320,116927,87,371291
50260,0.002084,172.31.47.0-255,66,116993,87,371291
50261,0.002117,74.125.200.0-255,3602,120595,87,371291
50262,0.002119,172.31.47.0-255,66,120661,87,371291
50263,0.004371,74.125.200.0-255,1484,122145,87,371291
50264,0.004396,74.125.200.0-255,4320,126465,87,371291
50265,0.004401,172.31.47.0-255,66,126531,87,371291
50266,0.006653,74.125.200.0-255,4320,130851,87,371291
50267,0.006656,172.31.47.0-255,66,130917,87,371291
50268,0.00668,74.125.200.0-255,1484,132401,87,371291
50269,0.00892,74.125.200.0-255,4320,136721,87,371291
50270,0.008926,172.31.47.0-255,66,136787,87,371291
50271,0.011191,74.125.200.0-255,5738,142525,87,371291
50272,0.011198,172.31.47.0-255,66,142591,87,371291
50273,0.013467,74.125.200.0-255,5738,148329,87,371291
50274,0.013476,172.31.47.0-255,66,148395,87,371291
50275,0.015741,74.125.200.0-255,5738,154133,87,371291
50276,0.015749,172.31.47.0-255,66,154199,87,371291
50277,0.018016,74.125.200.0-255,5738,159937,87,371291
50278,0.018024,172.31.47.0-255,66,160003,87,371291
50279,0.020287,74.125.200.0-255,5738,165741,87,371291
50280,0.020295,172.31.47.0-255,66,165807,87,371291
50281,0.022565,74.125.200.0-255,5738,171545,87,371291
50282,0.022571,172.31.47.0-255,66,171611,87,371291
50283,0.023708,172.31.47.0-255,172,171783,87,371291
50284,0.023734,172.31.47.0-255,1112,172895,87,371291
50285,0.023786,172.31.47.0-255,1514,174409,87,371291
50286,0.023788,172.31.47.0-255,1292,175701,87,371291
50287,0.024869,74.125.200.0-255,5738,181439,87,371291
50288,0.024875,172.31.47.0-255,66,181505,87,371291
50289,0.025256,104.244.42.0-255,66,181571,87,371291
50290,0.025443,104.244.42.0-255,66,181637,87,371291
50291,0.025447,104.244.42.0-255,66,181703,87,371291
50292,0.027123,74.125.200.0-255,4320,186023,87,371291
50293,0.027128,172.31.47.0-255,66,186089,87,371291
50294,0.027155,74.125.200.0-255,1484,187573,87,371291
50295,0.029398,74.125.200.0-255,1484,189057,87,371291
50296,0.029407,172.31.47.0-255,66,189123,87,371291
50297,0.029441,74.125.200.0-255,2902,192025,87,371291
50298,0.029445,172.31.47.0-255,66,192091,87,371291
50299,0.031686,74.125.200.0-255,2902,194993,87,371291
50300,0.031693,172.31.47.0-255,66,195059,87,371291
50301,0.03172,74.125.200.0-255,2902,197961,87,371291
50302,0.031722,172.31.47.0-255,66,198027,87,371291
50303,0.033938,74.125.200.0-255,2902,200929,87,371291
50304,0.033944,172.31.47.0-255,66,200995,87,371291
50305,0.034052,74.125.200.0-255,2902,203897,87,371291
50306,0.034057,172.31.47.0-255,66,203963,87,371291
50307,0.036192,74.125.200.0-255,2902,206865,87,371291
50308,0.036199,172.31.47.0-255,66,206931,87,371291
50309,0.036304,74.125.200.0-255,2902,209833,87,371291
50310,0.036308,172.31.47.0-255,66,209899,87,371291
50311,0.038454,74.125.200.0-255,2902,212801,87,371291
50312,0.03846,172.31.47.0-255,66,212867,87,371291
50313,0.038548,74.125.200.0-255,2902,215769,87,371291
50314,0.038552,172.31.47.0-255,66,215835,87,371291
50315,0.040721,74.125.200.0-255,2902,218737,87,371291
50316,0.040726,172.31.47.0-255,66,218803,87,371291
50317,0.040797,74.125.200.0-255,2902,221705,87,371291
50318,0.040801,172.31.47.0-255,66,221771,87,371291
50319,0.042978,74.125.200.0-255,2902,224673,87,371291
50320,0.042983,172.31.47.0-255,66,224739,87,371291
50321,0.04305,74.125.200.0-255,2902,227641,87,371291
50322,0.043054,172.31.47.0-255,66,227707,87,371291
50323,0.045244,74.125.200.0-255,2902,230609,87,371291
50324,0.045251,172.31.47.0-255,66,230675,87,371291
50325,0.045314,74.125.200.0-255,2902,233577,87,371291
50326,0.045317,172.31.47.0-255,66,233643,87,371291
50327,0.047505,74.125.200.0-255,2902,236545,87,371291
50328,0.047511,172.31.47.0-255,66,236611,87,371291
50329,0.04756,74.125.200.0-255,2902,239513,87,371291
50330,0.047563,172.31.47.0-255,66,239579,87,371291
50331,0.049766,74.125.200.0-255,2902,242481,87,371291
50332,0.049773,172.31.47.0-255,66,242547,87,371291
50333,0.049812,74.125.200.0-255,2902,245449,87,371291
50334,0.049814,172.31.47.0-255,66,245515,87,371291
50335,0.052026,74.125.200.0-255,2902,248417,87,371291
50336,0.052031,172.31.47.0-255,66,248483,87,371291
50337,0.052056,74.125.200.0-255,2902,251385,87,371291
50338,0.052059,172.31.47.0-255,66,251451,87,371291
50339,0.054284,74.125.200.0-255,2902,254353,87,371291
50340,0.05429,172.31.47.0-255,66,254419,87,371291
50341,0.054314,74.125.200.0-255,2902,257321,87,371291
50342,0.054316,172.31.47.0-255,66,257387,87,371291
50343,0.056542,74.125.200.0-255,2902,260289,87,371291
50344,0.056548,172.31.47.0-255,66,260355,87,371291
50345,0.056567,74.125.200.0-255,2902,263257,87,371291
50346,0.05657,172.31.47.0-255,66,263323,87,371291
50347,0.058806,74.125.200.0-255,2902,266225,87,371291
50348,0.058814,172.31.47.0-255,66,266291,87,371291
50349,0.058842,74.125.200.0-255,2902,269193,87,371291
50350,0.058844,172.31.47.0-255,66,269259,87,371291
50351,0.061075,74.125.200.0-255,2902,272161,87,371291
50352,0.061081,172.31.47.0-255,66,272227,87,371291
50353,0.061108,74.125.200.0-255,2902,275129,87,371291
50354,0.061111,172.31.47.0-255,66,275195,87,371291
50355,0.06335,74.125.200.0-255,5738,280933,87,371291
50356,0.063355,172.31.47.0-255,66,280999,87,371291
50357,0.065621,74.125.200.0-255,5738,286737,87,371291
50358,0.065629,172.31.47.0-255,66,286803,87,371291
50359,0.06789,74.125.200.0-255,5738,292541,87,371291
50360,0.067896,172.31.47.0-255,66,292607,87,371291
50361,0.070159,74.125.200.0-255,5738,298345,87,371291
50362,0.070166,172.31.47.0-255,66,298411,87,371291
50363,0.072415,74.125.200.0-255,5738,304149,87,371291
50364,0.072421,172.31.47.0-255,66,304215,87,371291
50365,0.074692,74.125.200.0-255,5738,309953,87,371291
50366,0.0747,172.31.47.0-255,66,310019,87,371291
50367,0.076968,74.125.200.0-255,5738,315757,87,371291
50368,0.076973,172.31.47.0-255,66,315823,87,371291
50369,0.079236,74.125.200.0-255,5738,321561,87,371291
50370,0.079242,172.31.47.0-255,66,321627,87,371291
50371,0.0815,74.125.200.0-255,2902,324529,87,371291
50372,0.081506,172.31.47.0-255,66,324595,87,371291
50373,0.081525,74.125.200.0-255,2902,327497,87,371291
50374,0.081528,172.31.47.0-255,66,327563,87,371291
50375,0.083759,74.125.200.0-255,4320,331883,87,371291
50376,0.083765,172.31.47.0-255,66,331949,87,371291
50377,0.08379,74.125.200.0-255,1484,333433,87,371291
50378,0.086032,74.125.200.0-255,4320,337753,87,371291
50379,0.086038,172.31.47.0-255,66,337819,87,371291
50380,0.088313,74.125.200.0-255,5738,343557,87,371291
50381,0.088318,172.31.47.0-255,66,343623,87,371291
50382,0.09059,74.125.200.0-255,5738,349361,87,371291
50383,0.090597,172.31.47.0-255,66,349427,87,371291
50384,0.092861,74.125.200.0-255,5738,355165,87,371291
50385,0.092866,172.31.47.0-255,66,355231,87,371291
50386,0.095119,74.125.200.0-255,4320,359551,87,371291
50387,0.095124,172.31.47.0-255,66,359617,87,371291
50388,0.095148,74.125.200.0-255,1484,361101,87,371291
50389,0.097385,74.125.200.0-255,4320,365421,87,371291
50390,0.097391,172.31.47.0-255,66,365487,87,371291
50391,0.099704,74.125.200.0-255,5738,371225,87,371291
50392,0.09971,172.31.47.0-255,66,371291,87,371291
50393,0.0,74.125.24.0-255,143,143,87,203906
50394,2.4e-05,172.31.47.0-255,66,209,87,203906
50395,3.1e-05,74.125.24.0-255,1484,1693,87,203906
50396,3.4e-05,172.31.47.0-255,66,1759,87,203906
50397,4.6e-05,74.125.24.0-255,2902,4661,87,203906
50398,4.9e-05,172.31.47.0-255,66,4727,87,203906
50399,5.5e-05,74.125.24.0-255,5738,10465,87,203906
50400,5.7e-05,172.31.47.0-255,66,10531,87,203906
50401,8.7e-05,74.125.24.0-255,1484,12015,87,203906
50402,8.9e-05,172.31.47.0-255,66,12081,87,203906
50403,9.2e-05,74.125.24.0-255,2126,14207,87,203906
50404,9.4e-05,172.31.47.0-255,66,14273,87,203906
50405,0.000154,74.125.24.0-255,1484,15757,87,203906
50406,0.00016,172.31.47.0-255,66,15823,87,203906
50407,0.000164,74.125.24.0-255,2902,18725,87,203906
50408,0.000167,172.31.47.0-255,66,18791,87,203906
50409,0.000171,74.125.24.0-255,2902,21693,87,203906
50410,0.000172,172.31.47.0-255,66,21759,87,203906
50411,0.000202,74.125.24.0-255,2902,24661,87,203906
50412,0.000205,172.31.47.0-255,66,24727,87,203906
50413,0.000217,172.31.47.0-255,66,24793,87,203906
50414,0.000245,74.125.24.0-255,7156,31949,87,203906
50415,0.000247,172.31.47.0-255,66,32015,87,203906
50416,0.000274,74.125.24.0-255,2902,34917,87,203906
50417,0.000277,172.31.47.0-255,66,34983,87,203906
50418,0.000287,172.31.47.0-255,66,35049,87,203906
50419,0.000315,74.125.24.0-255,6438,41487,87,203906
50420,0.000318,172.31.47.0-255,66,41553,87,203906
50421,0.00032,74.125.24.0-255,443,41996,87,203906
50422,0.000323,172.31.47.0-255,66,42062,87,203906
50423,0.000345,74.125.24.0-255,331,42393,87,203906
50424,0.000571,74.125.24.0-255,1484,43877,87,203906
50425,0.000575,74.125.24.0-255,2902,46779,87,203906
50426,0.000576,172.31.47.0-255,66,46845,87,203906
50427,0.00058,172.31.47.0-255,66,46911,87,203906
50428,0.000608,74.125.24.0-255,5738,52649,87,203906
50429,0.000615,172.31.47.0-255,66,52715,87,203906
50430,0.000643,74.125.24.0-255,6797,59512,87,203906
50431,0.000646,172.31.47.0-255,66,59578,87,203906
50432,0.000675,74.125.24.0-255,7156,66734,87,203906
50433,0.000679,172.31.47.0-255,66,66800,87,203906
50434,0.00068,74.125.24.0-255,4320,71120,87,203906
50435,0.000682,172.31.47.0-255,66,71186,87,203906
50436,0.000707,74.125.24.0-255,4320,75506,87,203906
50437,0.000714,172.31.47.0-255,66,75572,87,203906
50438,0.000716,74.125.24.0-255,576,76148,87,203906
50439,0.000795,74.125.24.0-255,1484,77632,87,203906
50440,0.000799,74.125.24.0-255,2902,80534,87,203906
50441,0.000801,172.31.47.0-255,66,80600,87,203906
50442,0.000804,172.31.47.0-255,66,80666,87,203906
50443,0.000829,74.125.24.0-255,5738,86404,87,203906
50444,0.000831,172.31.47.0-255,66,86470,87,203906
50445,0.000841,74.125.24.0-255,5738,92208,87,203906
50446,0.000843,172.31.47.0-255,66,92274,87,203906
50447,0.000873,172.31.47.0-255,66,92340,87,203906
50448,0.000896,74.125.24.0-255,4320,96660,87,203906
50449,0.000898,172.31.47.0-255,66,96726,87,203906
50450,0.000904,74.125.24.0-255,5020,101746,87,203906
50451,0.000906,172.31.47.0-255,66,101812,87,203906
50452,0.001347,74.125.24.0-255,1484,103296,87,203906
50453,0.001356,74.125.24.0-255,2902,106198,87,203906
50454,0.00136,172.31.47.0-255,66,106264,87,203906
50455,0.001365,74.125.24.0-255,2902,109166,87,203906
50456,0.001366,172.31.47.0-255,66,109232,87,203906
50457,0.001383,74.125.24.0-255,2902,112134,87,203906
50458,0.001386,172.31.47.0-255,66,112200,87,203906
50459,0.001397,74.125.24.0-255,7156,119356,87,203906
50460,0.0014,172.31.47.0-255,66,119422,87,203906
50461,0.001427,74.125.24.0-255,5738,125160,87,203906
50462,0.001434,172.31.47.0-255,66,125226,87,203906
50463,0.001445,172.31.47.0-255,66,125292,87,203906
50464,0.001465,74.125.24.0-255,2902,128194,87,203906
50465,0.001472,172.31.47.0-255,66,128260,87,203906
50466,0.001508,172.31.47.0-255,66,128326,87,203906
50467,0.001512,74.125.24.0-255,1484,129810,87,203906
50468,0.00153,172.31.47.0-255,66,129876,87,203906
50469,0.001536,74.125.24.0-255,6438,136314,87,203906
50470,0.001538,172.31.47.0-255,66,136380,87,203906
50471,0.001596,74.125.24.0-255,4320,140700,87,203906
50472,0.001599,172.31.47.0-255,66,140766,87,203906
50473,0.001605,74.125.24.0-255,5738,146504,87,203906
50474,0.001606,172.31.47.0-255,66,146570,87,203906
50475,0.001643,172.31.47.0-255,66,146636,87,203906
50476,0.001716,172.31.47.0-255,66,146702,87,203906
50477,0.001736,74.125.24.0-255,2184,148886,87,203906
50478,0.001738,172.31.47.0-255,66,148952,87,203906
50479,0.001751,172.31.47.0-255,66,149018,87,203906
50480,0.001772,172.31.47.0-255,66,149084,87,203906
50481,0.001856,74.125.24.0-255,1484,150568,87,203906
50482,0.001863,74.125.24.0-255,2902,153470,87,203906
50483,0.001865,172.31.47.0-255,66,153536,87,203906
50484,0.001869,74.125.24.0-255,1484,155020,87,203906
50485,0.001897,74.125.24.0-255,4320,159340,87,203906
50486,0.0019,172.31.47.0-255,66,159406,87,203906
50487,0.001906,74.125.24.0-255,7156,166562,87,203906
50488,0.001908,172.31.47.0-255,66,166628,87,203906
50489,0.001929,74.125.24.0-255,5738,172366,87,203906
50490,0.001931,172.31.47.0-255,66,172432,87,203906
50491,0.00194,172.31.47.0-255,66,172498,87,203906
50492,0.002049,74.125.24.0-255,1484,173982,87,203906
50493,0.002062,74.125.24.0-255,2902,176884,87,203906
50494,0.002063,172.31.47.0-255,66,176950,87,203906
50495,0.002091,74.125.24.0-255,5738,182688,87,203906
50496,0.002093,172.31.47.0-255,66,182754,87,203906
50497,0.002095,74.125.24.0-255,1484,184238,87,203906
50498,0.0021,74.125.24.0-255,4320,188558,87,203906
50499,0.002101,172.31.47.0-255,66,188624,87,203906
50500,0.002131,172.31.47.0-255,66,188690,87,203906
50501,0.002133,74.125.24.0-255,1484,190174,87,203906
50502,0.002172,172.31.47.0-255,66,190240,87,203906
50503,0.002184,172.31.47.0-255,66,190306,87,203906
50504,0.002209,74.125.24.0-255,4320,194626,87,203906
50505,0.00221,172.31.47.0-255,66,194692,87,203906
50506,0.002221,172.31.47.0-255,66,194758,87,203906
50507,0.002245,74.125.24.0-255,4320,199078,87,203906
50508,0.002247,172.31.47.0-255,66,199144,87,203906
50509,0.002294,172.31.47.0-255,66,199210,87,203906
50510,0.002304,172.31.47.0-255,66,199276,87,203906
50511,0.004576,74.125.24.0-255,105,199381,87,203906
50512,0.004775,172.31.47.0-255,66,199447,87,203906
50513,0.004798,172.31.47.0-255,105,199552,87,203906
50514,0.007065,74.125.24.0-255,66,199618,87,203906
50515,0.026372,172.31.47.0-255,172,199790,87,203906
50516,0.0264,172.31.47.0-255,1111,200901,87,203906
50517,0.026435,172.31.47.0-255,1514,202415,87,203906
50518,0.026437,172.31.47.0-255,1293,203708,87,203906
50519,0.02787,104.244.42.0-255,66,203774,87,203906
50520,0.027911,104.244.42.0-255,66,203840,87,203906
50521,0.027935,104.244.42.0-255,66,203906,87,203906
50522,0.0,172.31.47.0-255,66,66,87,66
50523,0.0,74.125.24.0-255,143,143,87,296450
50524,2.8e-05,172.31.47.0-255,66,209,87,296450
50525,3.4e-05,74.125.24.0-255,1484,1693,87,296450
50526,3.8e-05,172.31.47.0-255,66,1759,87,296450
50527,4.3e-05,74.125.24.0-255,2902,4661,87,296450
50528,4.5e-05,172.31.47.0-255,66,4727,87,296450
50529,6.1e-05,74.125.24.0-255,7156,11883,87,296450
50530,6.4e-05,172.31.47.0-255,66,11949,87,296450
50531,7.5e-05,172.31.47.0-255,66,12015,87,296450
50532,0.00012,172.31.47.0-255,66,12081,87,296450
50533,0.000183,74.125.24.0-255,1484,13565,87,296450
50534,0.000188,172.31.47.0-255,66,13631,87,296450
50535,0.000194,74.125.24.0-255,2902,16533,87,296450
50536,0.000196,172.31.47.0-255,66,16599,87,296450
50537,0.000201,74.125.24.0-255,4320,20919,87,296450
50538,0.000204,172.31.47.0-255,66,20985,87,296450
50539,0.000229,74.125.24.0-255,1484,22469,87,296450
50540,0.000231,172.31.47.0-255,66,22535,87,296450
50541,0.000237,74.125.24.0-255,4320,26855,87,296450
50542,0.00024,172.31.47.0-255,66,26921,87,296450
50543,0.000266,74.125.24.0-255,2543,29464,87,296450
50544,0.000269,172.31.47.0-255,66,29530,87,296450
50545,0.00054,74.125.24.0-255,1484,31014,87,296450
50546,0.000544,172.31.47.0-255,66,31080,87,296450
50547,0.00055,74.125.24.0-255,2902,33982,87,296450
50548,0.000552,172.31.47.0-255,66,34048,87,296450
50549,0.000586,74.125.24.0-255,5738,39786,87,296450
50550,0.000592,172.31.47.0-255,66,39852,87,296450
50551,0.000595,74.125.24.0-255,6797,46649,87,296450
50552,0.000598,172.31.47.0-255,66,46715,87,296450
50553,0.000642,74.125.24.0-255,2902,49617,87,296450
50554,0.000646,172.31.47.0-255,66,49683,87,296450
50555,0.000651,74.125.24.0-255,4320,54003,87,296450
50556,0.000654,74.125.24.0-255,1484,55487,87,296450
50557,0.000654,172.31.47.0-255,66,55553,87,296450
50558,0.000683,74.125.24.0-255,7156,62709,87,296450
50559,0.000687,172.31.47.0-255,66,62775,87,296450
50560,0.000719,172.31.47.0-255,66,62841,87,296450
50561,0.000744,74.125.24.0-255,5379,68220,87,296450
50562,0.000748,172.31.47.0-255,66,68286,87,296450
50563,0.000754,74.125.24.0-255,5738,74024,87,296450
50564,0.000757,172.31.47.0-255,66,74090,87,296450
50565,0.000792,172.31.47.0-255,66,74156,87,296450
50566,0.000798,74.125.24.0-255,5261,79417,87,296450
50567,0.000801,172.31.47.0-255,66,79483,87,296450
50568,0.000865,74.125.24.0-255,5738,85221,87,296450
50569,0.000869,172.31.47.0-255,66,85287,87,296450
50570,0.000889,172.31.47.0-255,66,85353,87,296450
50571,0.001088,74.125.24.0-255,1484,86837,87,296450
50572,0.001095,74.125.24.0-255,2902,89739,87,296450
50573,0.001098,172.31.47.0-255,66,89805,87,296450
50574,0.00113,74.125.24.0-255,5738,95543,87,296450
50575,0.001134,172.31.47.0-255,66,95609,87,296450
50576,0.00114,74.125.24.0-255,4320,99929,87,296450
50577,0.001142,172.31.47.0-255,66,99995,87,296450
50578,0.001187,172.31.47.0-255,66,100061,87,296450
50579,0.001192,74.125.24.0-255,4320,104381,87,296450
50580,0.001194,172.31.47.0-255,66,104447,87,296450
50581,0.0012,74.125.24.0-255,5738,110185,87,296450
50582,0.001202,172.31.47.0-255,66,110251,87,296450
50583,0.00122,74.125.24.0-255,766,111017,87,296450
50584,0.001551,172.31.47.0-255,66,111083,87,296450
50585,0.001967,74.125.24.0-255,1484,112567,87,296450
50586,0.001977,74.125.24.0-255,2902,115469,87,296450
50587,0.001981,172.31.47.0-255,66,115535,87,296450
50588,0.002004,74.125.24.0-255,5738,121273,87,296450
50589,0.002006,172.31.47.0-255,66,121339,87,296450
50590,0.002011,74.125.24.0-255,4320,125659,87,296450
50591,0.002013,172.31.47.0-255,66,125725,87,296450
50592,0.002038,74.125.24.0-255,4320,130045,87,296450
50593,0.002041,172.31.47.0-255,66,130111,87,296450
50594,0.002056,172.31.47.0-255,66,130177,87,296450
50595,0.002061,74.125.24.0-255,4320,134497,87,296450
50596,0.002063,172.31.47.0-255,66,134563,87,296450
50597,0.002097,74.125.24.0-255,766,135329,87,296450
50598,0.002104,74.125.24.0-255,5738,141067,87,296450
50599,0.002106,172.31.47.0-255,66,141133,87,296450
50600,0.002109,74.125.24.0-255,1484,142617,87,296450
50601,0.002136,74.125.24.0-255,4320,146937,87,296450
50602,0.002139,172.31.47.0-255,66,147003,87,296450
50603,0.002142,74.125.24.0-255,1484,148487,87,296450
50604,0.002171,172.31.47.0-255,66,148553,87,296450
50605,0.002183,172.31.47.0-255,66,148619,87,296450
50606,0.002218,74.125.24.0-255,1484,150103,87,296450
50607,0.00225,172.31.47.0-255,66,150169,87,296450
50608,0.002281,172.31.47.0-255,66,150235,87,296450
50609,0.002311,172.31.47.0-255,66,150301,87,296450
50610,0.004607,74.125.24.0-255,5738,156039,87,296450
50611,0.004615,172.31.47.0-255,66,156105,87,296450
50612,0.006918,74.125.24.0-255,5738,161843,87,296450
50613,0.006922,172.31.47.0-255,66,161909,87,296450
50614,0.009219,74.125.24.0-255,5738,167647,87,296450
50615,0.009232,172.31.47.0-255,66,167713,87,296450
50616,0.011552,74.125.24.0-255,5738,173451,87,296450
50617,0.011565,172.31.47.0-255,66,173517,87,296450
50618,0.013884,74.125.24.0-255,5738,179255,87,296450
50619,0.013897,172.31.47.0-255,66,179321,87,296450
50620,0.016197,74.125.24.0-255,5738,185059,87,296450
50621,0.016208,172.31.47.0-255,66,185125,87,296450
50622,0.018486,74.125.24.0-255,5738,190863,87,296450
50623,0.018495,172.31.47.0-255,66,190929,87,296450
50624,0.020783,74.125.24.0-255,5738,196667,87,296450
50625,0.020793,172.31.47.0-255,66,196733,87,296450
50626,0.023078,74.125.24.0-255,5738,202471,87,296450
50627,0.023088,172.31.47.0-255,66,202537,87,296450
50628,0.023737,172.31.47.0-255,167,202704,87,296450
50629,0.023834,172.31.47.0-255,1111,203815,87,296450
50630,0.024042,172.31.47.0-255,1514,205329,87,296450
50631,0.024044,172.31.47.0-255,1293,206622,87,296450
50632,0.025279,104.244.42.0-255,66,206688,87,296450
50633,0.025363,74.125.24.0-255,4320,211008,87,296450
50634,0.025369,172.31.47.0-255,66,211074,87,296450
50635,0.025397,104.244.42.0-255,66,211140,87,296450
50636,0.025402,74.125.24.0-255,1484,212624,87,296450
50637,0.025579,104.244.42.0-255,66,212690,87,296450
50638,0.027687,74.125.24.0-255,4320,217010,87,296450
50639,0.027692,172.31.47.0-255,66,217076,87,296450
50640,0.029967,74.125.24.0-255,4320,221396,87,296450
50641,0.029973,172.31.47.0-255,66,221462,87,296450
50642,0.030005,74.125.24.0-255,1484,222946,87,296450
50643,0.032263,74.125.24.0-255,4320,227266,87,296450
50644,0.032267,172.31.47.0-255,66,227332,87,296450
50645,0.034607,74.125.24.0-255,5738,233070,87,296450
50646,0.034613,172.31.47.0-255,66,233136,87,296450
50647,0.036922,74.125.24.0-255,5738,238874,87,296450
50648,0.036927,172.31.47.0-255,66,238940,87,296450
50649,0.039234,74.125.24.0-255,5738,244678,87,296450
50650,0.039239,172.31.47.0-255,66,244744,87,296450
50651,0.041563,74.125.24.0-255,5738,250482,87,296450
50652,0.041568,172.31.47.0-255,66,250548,87,296450
50653,0.043874,74.125.24.0-255,4320,254868,87,296450
50654,0.043879,172.31.47.0-255,66,254934,87,296450
50655,0.043911,74.125.24.0-255,1484,256418,87,296450
50656,0.046186,74.125.24.0-255,4320,260738,87,296450
50657,0.046191,172.31.47.0-255,66,260804,87,296450
50658,0.048529,74.125.24.0-255,5738,266542,87,296450
50659,0.048533,172.31.47.0-255,66,266608,87,296450
50660,0.050834,74.125.24.0-255,5738,272346,87,296450
50661,0.050838,172.31.47.0-255,66,272412,87,296450
50662,0.053108,74.125.24.0-255,5738,278150,87,296450
50663,0.053113,172.31.47.0-255,66,278216,87,296450
50664,0.055418,74.125.24.0-255,5738,283954,87,296450
50665,0.055424,172.31.47.0-255,66,284020,87,296450
50666,0.057692,74.125.24.0-255,5738,289758,87,296450
50667,0.057698,172.31.47.0-255,66,289824,87,296450
50668,0.060005,74.125.24.0-255,4320,294144,87,296450
50669,0.060011,172.31.47.0-255,66,294210,87,296450
50670,0.060041,74.125.24.0-255,1484,295694,87,296450
50671,0.062292,74.125.24.0-255,519,296213,87,296450
50672,0.062297,172.31.47.0-255,66,296279,87,296450
50673,0.062466,172.31.47.0-255,105,296384,87,296450
50674,0.064736,74.125.24.0-255,66,296450,87,296450
50675,0.0,172.31.47.0-255,105,105,87,276
50676,0.001769,157.240.13.0-255,105,210,87,276
50677,0.040374,172.31.47.0-255,66,276,87,276
50678,0.0,74.125.24.0-255,153,153,87,335187
50679,2.4e-05,172.31.47.0-255,66,219,87,335187
50680,3e-05,74.125.24.0-255,1484,1703,87,335187
50681,3.4e-05,172.31.47.0-255,66,1769,87,335187
50682,4.6e-05,74.125.24.0-255,2902,4671,87,335187
50683,4.9e-05,172.31.47.0-255,66,4737,87,335187
50684,5.6e-05,74.125.24.0-255,5738,10475,87,335187
50685,5.8e-05,172.31.47.0-255,66,10541,87,335187
50686,0.000104,74.125.24.0-255,1484,12025,87,335187
50687,0.000107,172.31.47.0-255,66,12091,87,335187
50688,0.000135,74.125.24.0-255,2140,14231,87,335187
50689,0.000138,172.31.47.0-255,66,14297,87,335187
50690,0.00015,74.125.24.0-255,1484,15781,87,335187
50691,0.000152,172.31.47.0-255,66,15847,87,335187
50692,0.000163,74.125.24.0-255,2902,18749,87,335187
50693,0.000165,172.31.47.0-255,66,18815,87,335187
50694,0.000168,74.125.24.0-255,2902,21717,87,335187
50695,0.00017,172.31.47.0-255,66,21783,87,335187
50696,0.000194,74.125.24.0-255,2902,24685,87,335187
50697,0.000197,172.31.47.0-255,66,24751,87,335187
50698,0.000204,74.125.24.0-255,6797,31548,87,335187
50699,0.000206,172.31.47.0-255,66,31614,87,335187
50700,0.000262,74.125.24.0-255,1484,33098,87,335187
50701,0.000265,172.31.47.0-255,66,33164,87,335187
50702,0.00027,74.125.24.0-255,2902,36066,87,335187
50703,0.000272,172.31.47.0-255,66,36132,87,335187
50704,0.000274,74.125.24.0-255,1484,37616,87,335187
50705,0.000276,172.31.47.0-255,66,37682,87,335187
50706,0.0003,74.125.24.0-255,4320,42002,87,335187
50707,0.000302,172.31.47.0-255,66,42068,87,335187
50708,0.000311,74.125.24.0-255,4320,46388,87,335187
50709,0.000313,172.31.47.0-255,66,46454,87,335187
50710,0.00034,74.125.24.0-255,2543,48997,87,335187
50711,0.000342,172.31.47.0-255,66,49063,87,335187
50712,0.001164,74.125.24.0-255,1484,50547,87,335187
50713,0.001176,74.125.24.0-255,2902,53449,87,335187
50714,0.00118,172.31.47.0-255,66,53515,87,335187
50715,0.001188,74.125.24.0-255,5738,59253,87,335187
50716,0.00119,172.31.47.0-255,66,59319,87,335187
50717,0.001229,74.125.24.0-255,4320,63639,87,335187
50718,0.001231,172.31.47.0-255,66,63705,87,335187
50719,0.001266,172.31.47.0-255,66,63771,87,335187
50720,0.001286,74.125.24.0-255,4320,68091,87,335187
50721,0.001288,172.31.47.0-255,66,68157,87,335187
50722,0.001321,74.125.24.0-255,6797,74954,87,335187
50723,0.001323,172.31.47.0-255,66,75020,87,335187
50724,0.001335,74.125.24.0-255,1484,76504,87,335187
50725,0.001343,74.125.24.0-255,2902,79406,87,335187
50726,0.001345,172.31.47.0-255,66,79472,87,335187
50727,0.00135,74.125.24.0-255,4320,83792,87,335187
50728,0.001353,172.31.47.0-255,66,83858,87,335187
50729,0.001372,74.125.24.0-255,1484,85342,87,335187
50730,0.001376,74.125.24.0-255,2902,88244,87,335187
50731,0.001378,172.31.47.0-255,66,88310,87,335187
50732,0.0014,74.125.24.0-255,4540,92850,87,335187
50733,0.001403,172.31.47.0-255,66,92916,87,335187
50734,0.001626,74.125.24.0-255,1484,94400,87,335187
50735,0.001632,74.125.24.0-255,2902,97302,87,335187
50736,0.001634,172.31.47.0-255,66,97368,87,335187
50737,0.001661,74.125.24.0-255,5738,103106,87,335187
50738,0.001664,172.31.47.0-255,66,103172,87,335187
50739,0.001693,74.125.24.0-255,5738,108910,87,335187
50740,0.001695,172.31.47.0-255,66,108976,87,335187
50741,0.00172,74.125.24.0-255,7156,116132,87,335187
50742,0.001723,172.31.47.0-255,66,116198,87,335187
50743,0.001733,172.31.47.0-255,66,116264,87,335187
50744,0.001735,74.125.24.0-255,766,117030,87,335187
50745,0.001757,74.125.24.0-255,1484,118514,87,335187
50746,0.001759,172.31.47.0-255,66,118580,87,335187
50747,0.001764,74.125.24.0-255,4320,122900,87,335187
50748,0.001766,172.31.47.0-255,66,122966,87,335187
50749,0.001802,172.31.47.0-255,66,123032,87,335187
50750,0.001808,74.125.24.0-255,5738,128770,87,335187
50751,0.00181,172.31.47.0-255,66,128836,87,335187
50752,0.001847,172.31.47.0-255,66,128902,87,335187
50753,0.00185,74.125.24.0-255,2184,131086,87,335187
50754,0.001853,172.31.47.0-255,66,131152,87,335187
50755,0.001886,74.125.24.0-255,2902,134054,87,335187
50756,0.001888,172.31.47.0-255,66,134120,87,335187
50757,0.001894,74.125.24.0-255,4320,138440,87,335187
50758,0.001896,172.31.47.0-255,66,138506,87,335187
50759,0.001936,172.31.47.0-255,66,138572,87,335187
50760,0.001949,172.31.47.0-255,66,138638,87,335187
50761,0.001974,74.125.24.0-255,4320,142958,87,335187
50762,0.001977,172.31.47.0-255,66,143024,87,335187
50763,0.00198,74.125.24.0-255,766,143790,87,335187
50764,0.002027,74.125.24.0-255,1484,145274,87,335187
50765,0.002031,74.125.24.0-255,2902,148176,87,335187
50766,0.00204,172.31.47.0-255,66,148242,87,335187
50767,0.002043,172.31.47.0-255,66,148308,87,335187
50768,0.002047,74.125.24.0-255,2902,151210,87,335187
50769,0.002049,172.31.47.0-255,66,151276,87,335187
50770,0.002069,74.125.24.0-255,2902,154178,87,335187
50771,0.002071,172.31.47.0-255,66,154244,87,335187
50772,0.002082,172.31.47.0-255,66,154310,87,335187
50773,0.002119,74.125.24.0-255,2902,157212,87,335187
50774,0.002123,172.31.47.0-255,66,157278,87,335187
50775,0.002133,172.31.47.0-255,66,157344,87,335187
50776,0.002135,74.125.24.0-255,766,158110,87,335187
50777,0.002167,74.125.24.0-255,1484,159594,87,335187
50778,0.00217,172.31.47.0-255,66,159660,87,335187
50779,0.002175,74.125.24.0-255,4320,163980,87,335187
50780,0.002177,172.31.47.0-255,66,164046,87,335187
50781,0.002201,74.125.24.0-255,1484,165530,87,335187
50782,0.002206,74.125.24.0-255,2902,168432,87,335187
50783,0.002208,172.31.47.0-255,66,168498,87,335187
50784,0.002228,74.125.24.0-255,5738,174236,87,335187
50785,0.002231,172.31.47.0-255,66,174302,87,335187
50786,0.002236,74.125.24.0-255,2902,177204,87,335187
50787,0.002238,172.31.47.0-255,66,177270,87,335187
50788,0.002267,74.125.24.0-255,5738,183008,87,335187
50789,0.00227,172.31.47.0-255,66,183074,87,335187
50790,0.002277,74.125.24.0-255,7156,190230,87,335187
50791,0.002279,172.31.47.0-255,66,190296,87,335187
50792,0.002304,74.125.24.0-255,2184,192480,87,335187
50793,0.002308,172.31.47.0-255,66,192546,87,335187
50794,0.004615,74.125.24.0-255,2902,195448,87,335187
50795,0.004631,172.31.47.0-255,66,195514,87,335187
50796,0.004669,74.125.24.0-255,2902,198416,87,335187
50797,0.004673,172.31.47.0-255,66,198482,87,335187
50798,0.006954,74.125.24.0-255,2902,201384,87,335187
50799,0.006967,172.31.47.0-255,66,201450,87,335187
50800,0.007004,74.125.24.0-255,2902,204352,87,335187
50801,0.007006,172.31.47.0-255,66,204418,87,335187
50802,0.009298,74.125.24.0-255,2902,207320,87,335187
50803,0.009306,172.31.47.0-255,66,207386,87,335187
50804,0.009336,74.125.24.0-255,2902,210288,87,335187
50805,0.009339,172.31.47.0-255,66,210354,87,335187
50806,0.011634,74.125.24.0-255,2902,213256,87,335187
50807,0.011641,172.31.47.0-255,66,213322,87,335187
50808,0.011662,74.125.24.0-255,2902,216224,87,335187
50809,0.011665,172.31.47.0-255,66,216290,87,335187
50810,0.013999,74.125.24.0-255,5738,222028,87,335187
50811,0.014008,172.31.47.0-255,66,222094,87,335187
50812,0.016352,74.125.24.0-255,5738,227832,87,335187
50813,0.016363,172.31.47.0-255,66,227898,87,335187
50814,0.018723,74.125.24.0-255,5738,233636,87,335187
50815,0.018733,172.31.47.0-255,66,233702,87,335187
50816,0.021049,74.125.24.0-255,5738,239440,87,335187
50817,0.021059,172.31.47.0-255,66,239506,87,335187
50818,0.023391,74.125.24.0-255,5738,245244,87,335187
50819,0.023398,172.31.47.0-255,66,245310,87,335187
50820,0.025738,74.125.24.0-255,5738,251048,87,335187
50821,0.025745,172.31.47.0-255,66,251114,87,335187
50822,0.025912,172.31.47.0-255,172,251286,87,335187
50823,0.025948,172.31.47.0-255,1106,252392,87,335187
50824,0.02601,172.31.47.0-255,1514,253906,87,335187
50825,0.026035,172.31.47.0-255,1298,255204,87,335187
50826,0.027463,104.244.42.0-255,66,255270,87,335187
50827,0.027516,104.244.42.0-255,66,255336,87,335187
50828,0.027608,104.244.42.0-255,66,255402,87,335187
50829,0.028063,74.125.24.0-255,2902,258304,87,335187
50830,0.028067,172.31.47.0-255,66,258370,87,335187
50831,0.028092,74.125.24.0-255,2902,261272,87,335187
50832,0.028095,172.31.47.0-255,66,261338,87,335187
50833,0.028344,104.244.42.0-255,108,261446,87,335187
50834,0.028358,172.31.47.0-255,66,261512,87,335187
50835,0.030388,74.125.24.0-255,2902,264414,87,335187
50836,0.030394,172.31.47.0-255,66,264480,87,335187
50837,0.03042,74.125.24.0-255,2902,267382,87,335187
50838,0.030423,172.31.47.0-255,66,267448,87,335187
50839,0.032714,74.125.24.0-255,2902,270350,87,335187
50840,0.03272,172.31.47.0-255,66,270416,87,335187
50841,0.032762,74.125.24.0-255,2902,273318,87,335187
50842,0.032766,172.31.47.0-255,66,273384,87,335187
50843,0.035082,74.125.24.0-255,5738,279122,87,335187
50844,0.035088,172.31.47.0-255,66,279188,87,335187
50845,0.03741,74.125.24.0-255,5738,284926,87,335187
50846,0.037417,172.31.47.0-255,66,284992,87,335187
50847,0.039756,74.125.24.0-255,5738,290730,87,335187
50848,0.039777,172.31.47.0-255,66,290796,87,335187
50849,0.042114,74.125.24.0-255,5738,296534,87,335187
50850,0.04212,172.31.47.0-255,66,296600,87,335187
50851,0.044429,74.125.24.0-255,5738,302338,87,335187
50852,0.044434,172.31.47.0-255,66,302404,87,335187
50853,0.046746,74.125.24.0-255,5738,308142,87,335187
50854,0.046751,172.31.47.0-255,66,308208,87,335187
50855,0.049059,74.125.24.0-255,5738,313946,87,335187
50856,0.049066,172.31.47.0-255,66,314012,87,335187
50857,0.051398,74.125.24.0-255,5738,319750,87,335187
50858,0.051407,172.31.47.0-255,66,319816,87,335187
50859,0.053741,74.125.24.0-255,5738,325554,87,335187
50860,0.053749,172.31.47.0-255,66,325620,87,335187
50861,0.056071,74.125.24.0-255,4320,329940,87,335187
50862,0.056076,172.31.47.0-255,66,330006,87,335187
50863,0.056105,74.125.24.0-255,1484,331490,87,335187
50864,0.058384,74.125.24.0-255,3460,334950,87,335187
50865,0.058389,172.31.47.0-255,66,335016,87,335187
50866,0.058583,172.31.47.0-255,105,335121,87,335187
50867,0.060849,74.125.24.0-255,66,335187,87,335187
50868,0.0,172.217.194.0-255,153,153,87,332343
50869,3.1e-05,172.31.47.0-255,66,219,87,332343
50870,3.8e-05,172.217.194.0-255,1484,1703,87,332343
50871,4.2e-05,172.31.47.0-255,66,1769,87,332343
50872,4.8e-05,172.217.194.0-255,2902,4671,87,332343
50873,5.1e-05,172.31.47.0-255,66,4737,87,332343
50874,7.7e-05,172.217.194.0-255,4320,9057,87,332343
50875,8e-05,172.31.47.0-255,66,9123,87,332343
50876,0.000142,172.217.194.0-255,4882,14005,87,332343
50877,0.000146,172.31.47.0-255,66,14071,87,332343
50878,0.00017,172.217.194.0-255,5738,19809,87,332343
50879,0.000175,172.31.47.0-255,66,19875,87,332343
50880,0.000213,172.217.194.0-255,2902,22777,87,332343
50881,0.000217,172.31.47.0-255,66,22843,87,332343
50882,0.000239,172.31.47.0-255,66,22909,87,332343
50883,0.000817,172.217.194.0-255,1484,24393,87,332343
50884,0.000824,172.31.47.0-255,66,24459,87,332343
50885,0.000833,172.217.194.0-255,2902,27361,87,332343
50886,0.000836,172.31.47.0-255,66,27427,87,332343
50887,0.000869,172.217.194.0-255,5738,33165,87,332343
50888,0.000872,172.31.47.0-255,66,33231,87,332343
50889,0.000878,172.217.194.0-255,4320,37551,87,332343
50890,0.00088,172.31.47.0-255,66,37617,87,332343
50891,0.000956,172.217.194.0-255,5379,42996,87,332343
50892,0.000967,172.31.47.0-255,66,43062,87,332343
50893,0.000971,172.217.194.0-255,1484,44546,87,332343
50894,0.000973,172.31.47.0-255,66,44612,87,332343
50895,0.000993,172.217.194.0-255,4320,48932,87,332343
50896,0.000996,172.31.47.0-255,66,48998,87,332343
50897,0.001045,172.217.194.0-255,4320,53318,87,332343
50898,0.001051,172.31.47.0-255,66,53384,87,332343
50899,0.001071,172.217.194.0-255,4250,57634,87,332343
50900,0.001074,172.31.47.0-255,66,57700,87,332343
50901,0.001494,172.217.194.0-255,98,57798,87,332343
50902,0.00152,172.31.47.0-255,66,57864,87,332343
50903,0.001757,172.217.194.0-255,1484,59348,87,332343
50904,0.001772,172.217.194.0-255,2902,62250,87,332343
50905,0.001776,172.31.47.0-255,66,62316,87,332343
50906,0.001796,172.217.194.0-255,2902,65218,87,332343
50907,0.001799,172.31.47.0-255,66,65284,87,332343
50908,0.001812,172.217.194.0-255,2902,68186,87,332343
50909,0.001814,172.31.47.0-255,66,68252,87,332343
50910,0.001833,172.217.194.0-255,4320,72572,87,332343
50911,0.001835,172.31.47.0-255,66,72638,87,332343
50912,0.001838,172.217.194.0-255,1484,74122,87,332343
50913,0.001861,172.217.194.0-255,5738,79860,87,332343
50914,0.001863,172.31.47.0-255,66,79926,87,332343
50915,0.001873,172.31.47.0-255,66,79992,87,332343
50916,0.001901,172.217.194.0-255,3602,83594,87,332343
50917,0.001903,172.31.47.0-255,66,83660,87,332343
50918,0.002388,172.217.194.0-255,1484,85144,87,332343
50919,0.002395,172.217.194.0-255,2902,88046,87,332343
50920,0.002398,172.31.47.0-255,66,88112,87,332343
50921,0.004204,172.217.194.0-255,1484,89596,87,332343
50922,0.004684,172.217.194.0-255,2902,92498,87,332343
50923,0.004687,172.31.47.0-255,66,92564,87,332343
50924,0.004701,172.217.194.0-255,1484,94048,87,332343
50925,0.006938,172.217.194.0-255,4320,98368,87,332343
50926,0.006943,172.31.47.0-255,66,98434,87,332343
50927,0.009242,172.217.194.0-255,5738,104172,87,332343
50928,0.009248,172.31.47.0-255,66,104238,87,332343
50929,0.011515,172.217.194.0-255,5738,109976,87,332343
50930,0.011522,172.31.47.0-255,66,110042,87,332343
50931,0.013826,172.217.194.0-255,5738,115780,87,332343
50932,0.013834,172.31.47.0-255,66,115846,87,332343
50933,0.016177,172.217.194.0-255,5738,121584,87,332343
50934,0.016185,172.31.47.0-255,66,121650,87,332343
50935,0.018448,172.217.194.0-255,5738,127388,87,332343
50936,0.018455,172.31.47.0-255,66,127454,87,332343
50937,0.019402,172.31.47.0-255,171,127625,87,332343
50938,0.019436,172.31.47.0-255,1136,128761,87,332343
50939,0.019497,172.31.47.0-255,1514,130275,87,332343
50940,0.019499,172.31.47.0-255,1268,131543,87,332343
50941,0.020757,172.217.194.0-255,5738,137281,87,332343
50942,0.020763,172.31.47.0-255,66,137347,87,332343
50943,0.020949,104.244.42.0-255,66,137413,87,332343
50944,0.020998,104.244.42.0-255,66,137479,87,332343
50945,0.021046,104.244.42.0-255,66,137545,87,332343
50946,0.023009,172.217.194.0-255,5738,143283,87,332343
50947,0.023013,172.31.47.0-255,66,143349,87,332343
50948,0.025285,172.217.194.0-255,5738,149087,87,332343
50949,0.025289,172.31.47.0-255,66,149153,87,332343
50950,0.027558,172.217.194.0-255,5738,154891,87,332343
50951,0.027563,172.31.47.0-255,66,154957,87,332343
50952,0.029848,172.217.194.0-255,5738,160695,87,332343
50953,0.029853,172.31.47.0-255,66,160761,87,332343
50954,0.032194,172.217.194.0-255,5738,166499,87,332343
50955,0.032202,172.31.47.0-255,66,166565,87,332343
50956,0.03452,172.217.194.0-255,2902,169467,87,332343
50957,0.034525,172.31.47.0-255,66,169533,87,332343
50958,0.034557,172.217.194.0-255,2902,172435,87,332343
50959,0.03456,172.31.47.0-255,66,172501,87,332343
50960,0.0368,172.217.194.0-255,2902,175403,87,332343
50961,0.036805,172.31.47.0-255,66,175469,87,332343
50962,0.036849,172.217.194.0-255,2902,178371,87,332343
50963,0.036852,172.31.47.0-255,66,178437,87,332343
50964,0.039076,172.217.194.0-255,2902,181339,87,332343
50965,0.039082,172.31.47.0-255,66,181405,87,332343
50966,0.039154,172.217.194.0-255,2902,184307,87,332343
50967,0.039159,172.31.47.0-255,66,184373,87,332343
50968,0.041338,172.217.194.0-255,2902,187275,87,332343
50969,0.041343,172.31.47.0-255,66,187341,87,332343
50970,0.041468,172.217.194.0-255,2902,190243,87,332343
50971,0.041472,172.31.47.0-255,66,190309,87,332343
50972,0.043622,172.217.194.0-255,2902,193211,87,332343
50973,0.043631,172.31.47.0-255,66,193277,87,332343
50974,0.043777,172.217.194.0-255,2902,196179,87,332343
50975,0.043782,172.31.47.0-255,66,196245,87,332343
50976,0.045932,172.217.194.0-255,2902,199147,87,332343
50977,0.04595,172.31.47.0-255,66,199213,87,332343
50978,0.046089,172.217.194.0-255,2902,202115,87,332343
50979,0.046094,172.31.47.0-255,66,202181,87,332343
50980,0.048203,172.217.194.0-255,2902,205083,87,332343
50981,0.048209,172.31.47.0-255,66,205149,87,332343
50982,0.048343,172.217.194.0-255,2902,208051,87,332343
50983,0.048348,172.31.47.0-255,66,208117,87,332343
50984,0.050516,172.217.194.0-255,2902,211019,87,332343
50985,0.050522,172.31.47.0-255,66,211085,87,332343
50986,0.050665,172.217.194.0-255,2902,213987,87,332343
50987,0.050671,172.31.47.0-255,66,214053,87,332343
50988,0.05279,172.217.194.0-255,2902,216955,87,332343
50989,0.052796,172.31.47.0-255,66,217021,87,332343
50990,0.052976,172.217.194.0-255,2902,219923,87,332343
50991,0.052983,172.31.47.0-255,66,219989,87,332343
50992,0.055099,172.217.194.0-255,2902,222891,87,332343
50993,0.055105,172.31.47.0-255,66,222957,87,332343
50994,0.055248,172.217.194.0-255,2902,225859,87,332343
50995,0.055253,172.31.47.0-255,66,225925,87,332343
50996,0.05739,172.217.194.0-255,1484,227409,87,332343
50997,0.057518,172.217.194.0-255,4320,231729,87,332343
50998,0.057523,172.31.47.0-255,66,231795,87,332343
50999,0.059839,172.217.194.0-255,5738,237533,87,332343
51000,0.059845,172.31.47.0-255,66,237599,87,332343
51001,0.062131,172.217.194.0-255,5738,243337,87,332343
51002,0.062137,172.31.47.0-255,66,243403,87,332343
51003,0.064432,172.217.194.0-255,4320,247723,87,332343
51004,0.064436,172.31.47.0-255,66,247789,87,332343
51005,0.064459,172.217.194.0-255,1484,249273,87,332343
51006,0.066703,172.217.194.0-255,4320,253593,87,332343
51007,0.066708,172.31.47.0-255,66,253659,87,332343
51008,0.068959,172.217.194.0-255,5738,259397,87,332343
51009,0.068963,172.31.47.0-255,66,259463,87,332343
51010,0.07128,172.217.194.0-255,5738,265201,87,332343
51011,0.071297,172.31.47.0-255,66,265267,87,332343
51012,0.073577,172.217.194.0-255,4320,269587,87,332343
51013,0.073583,172.31.47.0-255,66,269653,87,332343
51014,0.073612,172.217.194.0-255,1484,271137,87,332343
51015,0.075889,172.217.194.0-255,4320,275457,87,332343
51016,0.075893,172.31.47.0-255,66,275523,87,332343
51017,0.078158,172.217.194.0-255,5738,281261,87,332343
51018,0.078162,172.31.47.0-255,66,281327,87,332343
51019,0.080487,172.217.194.0-255,1484,282811,87,332343
51020,0.080531,172.217.194.0-255,4320,287131,87,332343
51021,0.080537,172.31.47.0-255,66,287197,87,332343
51022,0.082795,172.217.194.0-255,5738,292935,87,332343
51023,0.082801,172.31.47.0-255,66,293001,87,332343
51024,0.085091,172.217.194.0-255,5738,298739,87,332343
51025,0.085096,172.31.47.0-255,66,298805,87,332343
51026,0.087389,172.217.194.0-255,5738,304543,87,332343
51027,0.087393,172.31.47.0-255,66,304609,87,332343
51028,0.089701,172.217.194.0-255,4320,308929,87,332343
51029,0.089706,172.31.47.0-255,66,308995,87,332343
51030,0.089729,172.217.194.0-255,1484,310479,87,332343
51031,0.091997,172.217.194.0-255,4320,314799,87,332343
51032,0.092002,172.31.47.0-255,66,314865,87,332343
51033,0.094265,172.217.194.0-255,5738,320603,87,332343
51034,0.094271,172.31.47.0-255,66,320669,87,332343
51035,0.096593,172.217.194.0-255,1484,322153,87,332343
51036,0.096626,172.217.194.0-255,4320,326473,87,332343
51037,0.096631,172.31.47.0-255,66,326539,87,332343
51038,0.098938,172.217.194.0-255,5738,332277,87,332343
51039,0.098944,172.31.47.0-255,66,332343,87,332343
51040,0.0,74.125.24.0-255,153,153,87,322842
51041,2e-05,172.31.47.0-255,66,219,87,322842
51042,2.7e-05,74.125.24.0-255,1484,1703,87,322842
51043,3.3e-05,172.31.47.0-255,66,1769,87,322842
51044,3.8e-05,74.125.24.0-255,2902,4671,87,322842
51045,4.1e-05,172.31.47.0-255,66,4737,87,322842
51046,4.8e-05,74.125.24.0-255,7156,11893,87,322842
51047,5.5e-05,172.31.47.0-255,66,11959,87,322842
51048,6.5e-05,74.125.24.0-255,2101,14060,87,322842
51049,6.8e-05,172.31.47.0-255,66,14126,87,322842
51050,0.000285,74.125.24.0-255,1484,15610,87,322842
51051,0.000291,172.31.47.0-255,66,15676,87,322842
51052,0.000297,74.125.24.0-255,2902,18578,87,322842
51053,0.0003,172.31.47.0-255,66,18644,87,322842
51054,0.000303,74.125.24.0-255,1484,20128,87,322842
51055,0.000304,172.31.47.0-255,66,20194,87,322842
51056,0.000328,74.125.24.0-255,4320,24514,87,322842
51057,0.000331,172.31.47.0-255,66,24580,87,322842
51058,0.000349,74.125.24.0-255,4320,28900,87,322842
51059,0.000352,172.31.47.0-255,66,28966,87,322842
51060,0.000374,74.125.24.0-255,2543,31509,87,322842
51061,0.000377,172.31.47.0-255,66,31575,87,322842
51062,0.000383,74.125.24.0-255,7156,38731,87,322842
51063,0.000386,172.31.47.0-255,66,38797,87,322842
51064,0.000412,74.125.24.0-255,4320,43117,87,322842
51065,0.000416,172.31.47.0-255,66,43183,87,322842
51066,0.000442,74.125.24.0-255,5379,48562,87,322842
51067,0.000446,172.31.47.0-255,66,48628,87,322842
51068,0.000449,74.125.24.0-255,1484,50112,87,322842
51069,0.000452,172.31.47.0-255,66,50178,87,322842
51070,0.000456,74.125.24.0-255,2902,53080,87,322842
51071,0.000459,172.31.47.0-255,66,53146,87,322842
51072,0.000464,74.125.24.0-255,4320,57466,87,322842
51073,0.000467,172.31.47.0-255,66,57532,87,322842
51074,0.000498,74.125.24.0-255,1484,59016,87,322842
51075,0.000506,74.125.24.0-255,7109,66125,87,322842
51076,0.000509,172.31.47.0-255,66,66191,87,322842
51077,0.000915,74.125.24.0-255,112,66303,87,322842
51078,0.000943,74.125.24.0-255,329,66632,87,322842
51079,0.001115,172.31.47.0-255,66,66698,87,322842
51080,0.001503,74.125.24.0-255,1484,68182,87,322842
51081,0.001514,74.125.24.0-255,2902,71084,87,322842
51082,0.001518,172.31.47.0-255,66,71150,87,322842
51083,0.001527,74.125.24.0-255,5738,76888,87,322842
51084,0.001528,172.31.47.0-255,66,76954,87,322842
51085,0.001562,172.31.47.0-255,66,77020,87,322842
51086,0.00157,74.125.24.0-255,7156,84176,87,322842
51087,0.001572,172.31.47.0-255,66,84242,87,322842
51088,0.001584,74.125.24.0-255,2902,87144,87,322842
51089,0.001587,172.31.47.0-255,66,87210,87,322842
51090,0.001589,74.125.24.0-255,766,87976,87,322842
51091,0.003945,74.125.24.0-255,4320,92296,87,322842
51092,0.003951,172.31.47.0-255,66,92362,87,322842
51093,0.006292,74.125.24.0-255,4320,96682,87,322842
51094,0.006297,172.31.47.0-255,66,96748,87,322842
51095,0.006317,74.125.24.0-255,1484,98232,87,322842
51096,0.008677,74.125.24.0-255,4320,102552,87,322842
51097,0.008686,172.31.47.0-255,66,102618,87,322842
51098,0.011056,74.125.24.0-255,5738,108356,87,322842
51099,0.011066,172.31.47.0-255,66,108422,87,322842
51100,0.013426,74.125.24.0-255,5738,114160,87,322842
51101,0.013436,172.31.47.0-255,66,114226,87,322842
51102,0.015754,74.125.24.0-255,4320,118546,87,322842
51103,0.015762,172.31.47.0-255,66,118612,87,322842
51104,0.015776,74.125.24.0-255,1484,120096,87,322842
51105,0.018159,74.125.24.0-255,4320,124416,87,322842
51106,0.018166,172.31.47.0-255,66,124482,87,322842
51107,0.019549,172.31.47.0-255,172,124654,87,322842
51108,0.01959,172.31.47.0-255,1103,125757,87,322842
51109,0.019664,172.31.47.0-255,1514,127271,87,322842
51110,0.019666,172.31.47.0-255,1301,128572,87,322842
51111,0.0205,74.125.24.0-255,5738,134310,87,322842
51112,0.020506,172.31.47.0-255,66,134376,87,322842
51113,0.021087,104.244.42.0-255,66,134442,87,322842
51114,0.021136,104.244.42.0-255,66,134508,87,322842
51115,0.021217,104.244.42.0-255,66,134574,87,322842
51116,0.022814,74.125.24.0-255,2902,137476,87,322842
51117,0.022819,172.31.47.0-255,66,137542,87,322842
51118,0.022844,74.125.24.0-255,2902,140444,87,322842
51119,0.022847,172.31.47.0-255,66,140510,87,322842
51120,0.025181,74.125.24.0-255,4320,144830,87,322842
51121,0.025186,172.31.47.0-255,66,144896,87,322842
51122,0.025214,74.125.24.0-255,1484,146380,87,322842
51123,0.027543,74.125.24.0-255,4320,150700,87,322842
51124,0.027549,172.31.47.0-255,66,150766,87,322842
51125,0.029895,74.125.24.0-255,2902,153668,87,322842
51126,0.029901,172.31.47.0-255,66,153734,87,322842
51127,0.029933,74.125.24.0-255,2902,156636,87,322842
51128,0.029936,172.31.47.0-255,66,156702,87,322842
51129,0.032236,74.125.24.0-255,2902,159604,87,322842
51130,0.032242,172.31.47.0-255,66,159670,87,322842
51131,0.032312,74.125.24.0-255,2902,162572,87,322842
51132,0.032316,172.31.47.0-255,66,162638,87,322842
51133,0.034624,74.125.24.0-255,5738,168376,87,322842
51134,0.03463,172.31.47.0-255,66,168442,87,322842
51135,0.036946,74.125.24.0-255,5738,174180,87,322842
51136,0.036951,172.31.47.0-255,66,174246,87,322842
51137,0.039308,74.125.24.0-255,5738,179984,87,322842
51138,0.039316,172.31.47.0-255,66,180050,87,322842
51139,0.041703,74.125.24.0-255,4320,184370,87,322842
51140,0.041709,172.31.47.0-255,66,184436,87,322842
51141,0.041739,74.125.24.0-255,1484,185920,87,322842
51142,0.044073,74.125.24.0-255,4320,190240,87,322842
51143,0.044079,172.31.47.0-255,66,190306,87,322842
51144,0.046393,74.125.24.0-255,5738,196044,87,322842
51145,0.046398,172.31.47.0-255,66,196110,87,322842
51146,0.048727,74.125.24.0-255,5738,201848,87,322842
51147,0.048732,172.31.47.0-255,66,201914,87,322842
51148,0.051089,74.125.24.0-255,5738,207652,87,322842
51149,0.051094,172.31.47.0-255,66,207718,87,322842
51150,0.053438,74.125.24.0-255,5738,213456,87,322842
51151,0.053443,172.31.47.0-255,66,213522,87,322842
51152,0.055801,74.125.24.0-255,5738,219260,87,322842
51153,0.055807,172.31.47.0-255,66,219326,87,322842
51154,0.058162,74.125.24.0-255,5738,225064,87,322842
51155,0.058166,172.31.47.0-255,66,225130,87,322842
51156,0.060493,74.125.24.0-255,4320,229450,87,322842
51157,0.060498,172.31.47.0-255,66,229516,87,322842
51158,0.060528,74.125.24.0-255,1484,231000,87,322842
51159,0.062815,74.125.24.0-255,1484,232484,87,322842
51160,0.06282,172.31.47.0-255,66,232550,87,322842
51161,0.06285,74.125.24.0-255,2902,235452,87,322842
51162,0.062854,172.31.47.0-255,66,235518,87,322842
51163,0.065189,74.125.24.0-255,2902,238420,87,322842
51164,0.065195,172.31.47.0-255,66,238486,87,322842
51165,0.065238,74.125.24.0-255,2902,241388,87,322842
51166,0.065242,172.31.47.0-255,66,241454,87,322842
51167,0.067528,74.125.24.0-255,2902,244356,87,322842
51168,0.067549,172.31.47.0-255,66,244422,87,322842
51169,0.067572,74.125.24.0-255,2902,247324,87,322842
51170,0.067576,172.31.47.0-255,66,247390,87,322842
51171,0.069937,74.125.24.0-255,5738,253128,87,322842
51172,0.069952,172.31.47.0-255,66,253194,87,322842
51173,0.072333,74.125.24.0-255,5738,258932,87,322842
51174,0.07235,172.31.47.0-255,66,258998,87,322842
51175,0.074724,74.125.24.0-255,5738,264736,87,322842
51176,0.074739,172.31.47.0-255,66,264802,87,322842
51177,0.077105,74.125.24.0-255,5738,270540,87,322842
51178,0.077119,172.31.47.0-255,66,270606,87,322842
51179,0.079469,74.125.24.0-255,5738,276344,87,322842
51180,0.079489,172.31.47.0-255,66,276410,87,322842
51181,0.081875,74.125.24.0-255,5738,282148,87,322842
51182,0.081893,172.31.47.0-255,66,282214,87,322842
51183,0.084255,74.125.24.0-255,5738,287952,87,322842
51184,0.084271,172.31.47.0-255,66,288018,87,322842
51185,0.086604,74.125.24.0-255,5738,293756,87,322842
51186,0.086613,172.31.47.0-255,66,293822,87,322842
51187,0.089018,74.125.24.0-255,5738,299560,87,322842
51188,0.089023,172.31.47.0-255,66,299626,87,322842
51189,0.091409,74.125.24.0-255,5738,305364,87,322842
51190,0.091414,172.31.47.0-255,66,305430,87,322842
51191,0.093764,74.125.24.0-255,5738,311168,87,322842
51192,0.09377,172.31.47.0-255,66,311234,87,322842
51193,0.096131,74.125.24.0-255,5738,316972,87,322842
51194,0.096137,172.31.47.0-255,66,317038,87,322842
51195,0.098511,74.125.24.0-255,5738,322776,87,322842
51196,0.098518,172.31.47.0-255,66,322842,87,322842
51197,0.0,172.217.194.0-255,153,153,87,184736
51198,2.5e-05,172.31.47.0-255,66,219,87,184736
51199,3.1e-05,172.217.194.0-255,1484,1703,87,184736
51200,3.4e-05,172.31.47.0-255,66,1769,87,184736
51201,3.8e-05,172.217.194.0-255,2902,4671,87,184736
51202,4.1e-05,172.31.47.0-255,66,4737,87,184736
51203,4.5e-05,172.217.194.0-255,2902,7639,87,184736
51204,4.7e-05,172.31.47.0-255,66,7705,87,184736
51205,9e-05,172.217.194.0-255,6319,14024,87,184736
51206,9.4e-05,172.31.47.0-255,66,14090,87,184736
51207,0.000135,172.217.194.0-255,7156,21246,87,184736
51208,0.000138,172.31.47.0-255,66,21312,87,184736
51209,0.000145,172.217.194.0-255,7156,28468,87,184736
51210,0.000148,172.31.47.0-255,66,28534,87,184736
51211,0.000202,172.217.194.0-255,5738,34272,87,184736
51212,0.000206,172.31.47.0-255,66,34338,87,184736
51213,0.000234,172.31.47.0-255,66,34404,87,184736
51214,0.000239,172.217.194.0-255,5738,40142,87,184736
51215,0.000241,172.31.47.0-255,66,40208,87,184736
51216,0.000268,172.217.194.0-255,2543,42751,87,184736
51217,0.000271,172.31.47.0-255,66,42817,87,184736
51218,0.000283,172.31.47.0-255,66,42883,87,184736
51219,0.000306,172.217.194.0-255,4272,47155,87,184736
51220,0.000309,172.31.47.0-255,66,47221,87,184736
51221,0.000401,172.217.194.0-255,99,47320,87,184736
51222,0.000404,172.31.47.0-255,66,47386,87,184736
51223,0.000422,172.217.194.0-255,364,47750,87,184736
51224,0.000425,172.31.47.0-255,66,47816,87,184736
51225,0.000673,172.217.194.0-255,1484,49300,87,184736
51226,0.000677,172.31.47.0-255,66,49366,87,184736
51227,0.000682,172.217.194.0-255,2902,52268,87,184736
51228,0.000685,172.31.47.0-255,66,52334,87,184736
51229,0.000691,172.217.194.0-255,5738,58072,87,184736
51230,0.000693,172.31.47.0-255,66,58138,87,184736
51231,0.000699,172.217.194.0-255,5738,63876,87,184736
51232,0.000702,172.31.47.0-255,66,63942,87,184736
51233,0.000727,172.217.194.0-255,7156,71098,87,184736
51234,0.000732,172.31.47.0-255,66,71164,87,184736
51235,0.000746,172.217.194.0-255,2902,74066,87,184736
51236,0.000749,172.31.47.0-255,66,74132,87,184736
51237,0.000784,172.31.47.0-255,66,74198,87,184736
51238,0.000909,172.217.194.0-255,1484,75682,87,184736
51239,0.000915,172.217.194.0-255,2902,78584,87,184736
51240,0.000919,172.31.47.0-255,66,78650,87,184736
51241,0.000928,172.217.194.0-255,4320,82970,87,184736
51242,0.000931,172.31.47.0-255,66,83036,87,184736
51243,0.000944,172.217.194.0-255,1484,84520,87,184736
51244,0.000978,172.217.194.0-255,7156,91676,87,184736
51245,0.000982,172.31.47.0-255,66,91742,87,184736
51246,0.001002,172.217.194.0-255,5738,97480,87,184736
51247,0.001005,172.31.47.0-255,66,97546,87,184736
51248,0.001018,172.31.47.0-255,66,97612,87,184736
51249,0.001028,172.31.47.0-255,66,97678,87,184736
51250,0.001058,172.217.194.0-255,2902,100580,87,184736
51251,0.001061,172.31.47.0-255,66,100646,87,184736
51252,0.001074,172.31.47.0-255,66,100712,87,184736
51253,0.001085,172.31.47.0-255,66,100778,87,184736
51254,0.001116,172.217.194.0-255,1484,102262,87,184736
51255,0.001121,172.217.194.0-255,2902,105164,87,184736
51256,0.001124,172.31.47.0-255,66,105230,87,184736
51257,0.001148,172.217.194.0-255,5738,110968,87,184736
51258,0.001151,172.31.47.0-255,66,111034,87,184736
51259,0.001154,172.217.194.0-255,1484,112518,87,184736
51260,0.001193,172.31.47.0-255,66,112584,87,184736
51261,0.001204,172.31.47.0-255,66,112650,87,184736
51262,0.001206,172.217.194.0-255,766,113416,87,184736
51263,0.001238,172.217.194.0-255,1484,114900,87,184736
51264,0.001241,172.31.47.0-255,66,114966,87,184736
51265,0.001247,172.217.194.0-255,4320,119286,87,184736
51266,0.001249,172.31.47.0-255,66,119352,87,184736
51267,0.00128,172.31.47.0-255,66,119418,87,184736
51268,0.00129,172.31.47.0-255,66,119484,87,184736
51269,0.001325,172.217.194.0-255,4320,123804,87,184736
51270,0.001328,172.31.47.0-255,66,123870,87,184736
51271,0.001348,172.217.194.0-255,6438,130308,87,184736
51272,0.001352,172.31.47.0-255,66,130374,87,184736
51273,0.001365,172.31.47.0-255,66,130440,87,184736
51274,0.001412,172.31.47.0-255,66,130506,87,184736
51275,0.001445,172.31.47.0-255,66,130572,87,184736
51276,0.001456,172.31.47.0-255,66,130638,87,184736
51277,0.00147,172.217.194.0-255,4320,134958,87,184736
51278,0.001474,172.31.47.0-255,66,135024,87,184736
51279,0.001485,172.31.47.0-255,66,135090,87,184736
51280,0.001549,172.31.47.0-255,66,135156,87,184736
51281,0.001552,172.217.194.0-255,1484,136640,87,184736
51282,0.001557,172.217.194.0-255,2902,139542,87,184736
51283,0.00156,172.31.47.0-255,66,139608,87,184736
51284,0.001566,172.217.194.0-255,5738,145346,87,184736
51285,0.001569,172.31.47.0-255,66,145412,87,184736
51286,0.001636,172.31.47.0-255,66,145478,87,184736
51287,0.001639,172.217.194.0-255,766,146244,87,184736
51288,0.001658,172.217.194.0-255,1484,147728,87,184736
51289,0.00166,172.31.47.0-255,66,147794,87,184736
51290,0.001666,172.217.194.0-255,4320,152114,87,184736
51291,0.001668,172.31.47.0-255,66,152180,87,184736
51292,0.001686,172.217.194.0-255,5738,157918,87,184736
51293,0.001689,172.31.47.0-255,66,157984,87,184736
51294,0.001728,172.31.47.0-255,66,158050,87,184736
51295,0.001733,172.217.194.0-255,2902,160952,87,184736
51296,0.001735,172.31.47.0-255,66,161018,87,184736
51297,0.001758,172.31.47.0-255,66,161084,87,184736
51298,0.001781,172.217.194.0-255,5738,166822,87,184736
51299,0.001785,172.31.47.0-255,66,166888,87,184736
51300,0.001812,172.217.194.0-255,5738,172626,87,184736
51301,0.001816,172.31.47.0-255,66,172692,87,184736
51302,0.001829,172.31.47.0-255,66,172758,87,184736
51303,0.001839,172.31.47.0-255,66,172824,87,184736
51304,0.001862,172.217.194.0-255,766,173590,87,184736
51305,0.001884,172.217.194.0-255,2902,176492,87,184736
51306,0.001887,172.31.47.0-255,66,176558,87,184736
51307,0.001893,172.217.194.0-255,3383,179941,87,184736
51308,0.001895,172.31.47.0-255,66,180007,87,184736
51309,0.001899,172.217.194.0-255,97,180104,87,184736
51310,0.001927,172.217.194.0-255,105,180209,87,184736
51311,0.003252,172.31.47.0-255,66,180275,87,184736
51312,0.003276,172.31.47.0-255,105,180380,87,184736
51313,0.005835,172.217.194.0-255,66,180446,87,184736
51314,0.022037,172.31.47.0-255,172,180618,87,184736
51315,0.022087,172.31.47.0-255,1107,181725,87,184736
51316,0.02215,172.31.47.0-255,1514,183239,87,184736
51317,0.022152,172.31.47.0-255,1299,184538,87,184736
51318,0.023528,104.244.42.0-255,66,184604,87,184736
51319,0.023583,104.244.42.0-255,66,184670,87,184736
51320,0.023653,104.244.42.0-255,66,184736,87,184736
51321,0.0,172.31.47.0-255,105,105,87,276
51322,0.072749,31.13.82.0-255,105,210,87,276
51323,0.072777,172.31.47.0-255,66,276,87,276
51324,0.0,172.217.194.0-255,153,153,87,366249
51325,3e-05,172.31.47.0-255,66,219,87,366249
51326,3.6e-05,172.217.194.0-255,1484,1703,87,366249
51327,4e-05,172.31.47.0-255,66,1769,87,366249
51328,4.4e-05,172.217.194.0-255,2902,4671,87,366249
51329,4.6e-05,172.31.47.0-255,66,4737,87,366249
51330,5.3e-05,172.217.194.0-255,7156,11893,87,366249
51331,5.5e-05,172.31.47.0-255,66,11959,87,366249
51332,8.6e-05,172.31.47.0-255,66,12025,87,366249
51333,0.000118,172.217.194.0-255,4320,16345,87,366249
51334,0.000121,172.31.47.0-255,66,16411,87,366249
51335,0.000137,172.217.194.0-255,6797,23208,87,366249
51336,0.00014,172.31.47.0-255,66,23274,87,366249
51337,0.000163,172.217.194.0-255,1484,24758,87,366249
51338,0.000166,172.31.47.0-255,66,24824,87,366249
51339,0.000183,172.217.194.0-255,2902,27726,87,366249
51340,0.000186,172.31.47.0-255,66,27792,87,366249
51341,0.000188,172.217.194.0-255,1484,29276,87,366249
51342,0.00019,172.31.47.0-255,66,29342,87,366249
51343,0.00021,172.217.194.0-255,4320,33662,87,366249
51344,0.000213,172.31.47.0-255,66,33728,87,366249
51345,0.000217,172.217.194.0-255,2902,36630,87,366249
51346,0.000218,172.31.47.0-255,66,36696,87,366249
51347,0.000246,172.31.47.0-255,66,36762,87,366249
51348,0.000251,172.217.194.0-255,5738,42500,87,366249
51349,0.000253,172.31.47.0-255,66,42566,87,366249
51350,0.00027,172.217.194.0-255,2902,45468,87,366249
51351,0.000272,172.31.47.0-255,66,45534,87,366249
51352,0.000276,172.217.194.0-255,2794,48328,87,366249
51353,0.000279,172.31.47.0-255,66,48394,87,366249
51354,0.00038,172.217.194.0-255,1484,49878,87,366249
51355,0.000394,172.217.194.0-255,2902,52780,87,366249
51356,0.000398,172.31.47.0-255,66,52846,87,366249
51357,0.000418,172.217.194.0-255,5738,58584,87,366249
51358,0.000421,172.31.47.0-255,66,58650,87,366249
51359,0.000426,172.217.194.0-255,4320,62970,87,366249
51360,0.000428,172.31.47.0-255,66,63036,87,366249
51361,0.000444,172.217.194.0-255,1484,64520,87,366249
51362,0.00046,172.217.194.0-255,4320,68840,87,366249
51363,0.000465,172.31.47.0-255,66,68906,87,366249
51364,0.000488,172.31.47.0-255,66,68972,87,366249
51365,0.000493,172.217.194.0-255,5020,73992,87,366249
51366,0.000496,172.31.47.0-255,66,74058,87,366249
51367,0.000537,172.217.194.0-255,1484,75542,87,366249
51368,0.000551,172.217.194.0-255,2902,78444,87,366249
51369,0.000554,172.31.47.0-255,66,78510,87,366249
51370,0.000558,172.217.194.0-255,2902,81412,87,366249
51371,0.00056,172.31.47.0-255,66,81478,87,366249
51372,0.000578,172.217.194.0-255,2902,84380,87,366249
51373,0.00058,172.31.47.0-255,66,84446,87,366249
51374,0.000586,172.217.194.0-255,7156,91602,87,366249
51375,0.000588,172.31.47.0-255,66,91668,87,366249
51376,0.000611,172.217.194.0-255,4320,95988,87,366249
51377,0.000614,172.31.47.0-255,66,96054,87,366249
51378,0.000643,172.31.47.0-255,66,96120,87,366249
51379,0.000648,172.217.194.0-255,2184,98304,87,366249
51380,0.00065,172.31.47.0-255,66,98370,87,366249
51381,0.000684,172.217.194.0-255,1484,99854,87,366249
51382,0.000689,172.217.194.0-255,2902,102756,87,366249
51383,0.000692,172.31.47.0-255,66,102822,87,366249
51384,0.000711,172.217.194.0-255,4320,107142,87,366249
51385,0.000714,172.31.47.0-255,66,107208,87,366249
51386,0.000729,172.217.194.0-255,1484,108692,87,366249
51387,0.000735,172.217.194.0-255,5738,114430,87,366249
51388,0.000738,172.31.47.0-255,66,114496,87,366249
51389,0.000768,172.217.194.0-255,7156,121652,87,366249
51390,0.000771,172.31.47.0-255,66,121718,87,366249
51391,0.00078,172.31.47.0-255,66,121784,87,366249
51392,0.000783,172.217.194.0-255,2184,123968,87,366249
51393,0.000786,172.31.47.0-255,66,124034,87,366249
51394,0.001238,172.217.194.0-255,1484,125518,87,366249
51395,0.001242,172.217.194.0-255,1484,127002,87,366249
51396,0.001245,172.31.47.0-255,66,127068,87,366249
51397,0.001263,172.217.194.0-255,1484,128552,87,366249
51398,0.001267,172.217.194.0-255,2902,131454,87,366249
51399,0.001269,172.31.47.0-255,66,131520,87,366249
51400,0.00129,172.217.194.0-255,2902,134422,87,366249
51401,0.001293,172.31.47.0-255,66,134488,87,366249
51402,0.001298,172.217.194.0-255,7156,141644,87,366249
51403,0.0013,172.31.47.0-255,66,141710,87,366249
51404,0.001304,172.217.194.0-255,2902,144612,87,366249
51405,0.001306,172.31.47.0-255,66,144678,87,366249
51406,0.001334,172.31.47.0-255,66,144744,87,366249
51407,0.001338,172.217.194.0-255,2184,146928,87,366249
51408,0.00134,172.31.47.0-255,66,146994,87,366249
51409,0.003298,172.217.194.0-255,2902,149896,87,366249
51410,0.003304,172.31.47.0-255,66,149962,87,366249
51411,0.003322,172.217.194.0-255,2902,152864,87,366249
51412,0.003325,172.31.47.0-255,66,152930,87,366249
51413,0.005274,172.217.194.0-255,5738,158668,87,366249
51414,0.005279,172.31.47.0-255,66,158734,87,366249
51415,0.007277,172.217.194.0-255,5738,164472,87,366249
51416,0.007283,172.31.47.0-255,66,164538,87,366249
51417,0.009246,172.217.194.0-255,2902,167440,87,366249
51418,0.009252,172.31.47.0-255,66,167506,87,366249
51419,0.009268,172.217.194.0-255,2902,170408,87,366249
51420,0.00927,172.31.47.0-255,66,170474,87,366249
51421,0.0112,172.217.194.0-255,2902,173376,87,366249
51422,0.011209,172.31.47.0-255,66,173442,87,366249
51423,0.011249,172.217.194.0-255,2902,176344,87,366249
51424,0.011253,172.31.47.0-255,66,176410,87,366249
51425,0.013162,172.217.194.0-255,2902,179312,87,366249
51426,0.013169,172.31.47.0-255,66,179378,87,366249
51427,0.013202,172.217.194.0-255,2902,182280,87,366249
51428,0.013206,172.31.47.0-255,66,182346,87,366249
51429,0.015134,172.217.194.0-255,2902,185248,87,366249
51430,0.01514,172.31.47.0-255,66,185314,87,366249
51431,0.015187,172.217.194.0-255,2902,188216,87,366249
51432,0.01519,172.31.47.0-255,66,188282,87,366249
51433,0.017115,172.217.194.0-255,2902,191184,87,366249
51434,0.017121,172.31.47.0-255,66,191250,87,366249
51435,0.017149,172.217.194.0-255,2902,194152,87,366249
51436,0.017152,172.31.47.0-255,66,194218,87,366249
51437,0.019087,172.217.194.0-255,2902,197120,87,366249
51438,0.019094,172.31.47.0-255,66,197186,87,366249
51439,0.019119,172.217.194.0-255,2902,200088,87,366249
51440,0.019121,172.31.47.0-255,66,200154,87,366249
51441,0.021062,172.217.194.0-255,2902,203056,87,366249
51442,0.021069,172.31.47.0-255,66,203122,87,366249
51443,0.0211,172.217.194.0-255,2902,206024,87,366249
51444,0.021103,172.31.47.0-255,66,206090,87,366249
51445,0.023034,172.217.194.0-255,2902,208992,87,366249
51446,0.02304,172.31.47.0-255,66,209058,87,366249
51447,0.02306,172.217.194.0-255,2902,211960,87,366249
51448,0.023063,172.31.47.0-255,66,212026,87,366249
51449,0.023132,172.31.47.0-255,171,212197,87,366249
51450,0.023159,172.31.47.0-255,1136,213333,87,366249
51451,0.023283,172.31.47.0-255,1514,214847,87,366249
51452,0.023285,172.31.47.0-255,1268,216115,87,366249
51453,0.024683,104.244.42.0-255,66,216181,87,366249
51454,0.024696,104.244.42.0-255,66,216247,87,366249
51455,0.024859,104.244.42.0-255,66,216313,87,366249
51456,0.025011,172.217.194.0-255,2902,219215,87,366249
51457,0.025015,172.31.47.0-255,66,219281,87,366249
51458,0.025041,172.217.194.0-255,2902,222183,87,366249
51459,0.025044,172.31.47.0-255,66,222249,87,366249
51460,0.026974,172.217.194.0-255,2902,225151,87,366249
51461,0.02698,172.31.47.0-255,66,225217,87,366249
51462,0.027006,172.217.194.0-255,2902,228119,87,366249
51463,0.027009,172.31.47.0-255,66,228185,87,366249
51464,0.028957,172.217.194.0-255,2902,231087,87,366249
51465,0.028962,172.31.47.0-255,66,231153,87,366249
51466,0.028993,172.217.194.0-255,2902,234055,87,366249
51467,0.028996,172.31.47.0-255,66,234121,87,366249
51468,0.030981,172.217.194.0-255,5738,239859,87,366249
51469,0.030986,172.31.47.0-255,66,239925,87,366249
51470,0.03297,172.217.194.0-255,5738,245663,87,366249
51471,0.032975,172.31.47.0-255,66,245729,87,366249
51472,0.034942,172.217.194.0-255,4320,250049,87,366249
51473,0.034947,172.31.47.0-255,66,250115,87,366249
51474,0.034975,172.217.194.0-255,1484,251599,87,366249
51475,0.036911,172.217.194.0-255,4320,255919,87,366249
51476,0.036915,172.31.47.0-255,66,255985,87,366249
51477,0.038886,172.217.194.0-255,5738,261723,87,366249
51478,0.038891,172.31.47.0-255,66,261789,87,366249
51479,0.04086,172.217.194.0-255,5738,267527,87,366249
51480,0.040865,172.31.47.0-255,66,267593,87,366249
51481,0.042911,172.217.194.0-255,4320,271913,87,366249
51482,0.042916,172.31.47.0-255,66,271979,87,366249
51483,0.042948,172.217.194.0-255,1484,273463,87,366249
51484,0.04487,172.217.194.0-255,4320,277783,87,366249
51485,0.044876,172.31.47.0-255,66,277849,87,366249
51486,0.046822,172.217.194.0-255,4320,282169,87,366249
51487,0.046827,172.31.47.0-255,66,282235,87,366249
51488,0.04685,172.217.194.0-255,1484,283719,87,366249
51489,0.048785,172.217.194.0-255,2902,286621,87,366249
51490,0.048791,172.31.47.0-255,66,286687,87,366249
51491,0.050737,172.217.194.0-255,5738,292425,87,366249
51492,0.050741,172.31.47.0-255,66,292491,87,366249
51493,0.052682,172.217.194.0-255,4320,296811,87,366249
51494,0.052688,172.31.47.0-255,66,296877,87,366249
51495,0.052722,172.217.194.0-255,1484,298361,87,366249
51496,0.054687,172.217.194.0-255,4320,302681,87,366249
51497,0.054694,172.31.47.0-255,66,302747,87,366249
51498,0.05665,172.217.194.0-255,5738,308485,87,366249
51499,0.056656,172.31.47.0-255,66,308551,87,366249
51500,0.058612,172.217.194.0-255,5738,314289,87,366249
51501,0.058618,172.31.47.0-255,66,314355,87,366249
51502,0.06057,172.217.194.0-255,5738,320093,87,366249
51503,0.060576,172.31.47.0-255,66,320159,87,366249
51504,0.062518,172.217.194.0-255,4320,324479,87,366249
51505,0.062523,172.31.47.0-255,66,324545,87,366249
51506,0.062552,172.217.194.0-255,1484,326029,87,366249
51507,0.064495,172.217.194.0-255,4320,330349,87,366249
51508,0.0645,172.31.47.0-255,66,330415,87,366249
51509,0.066446,172.217.194.0-255,5738,336153,87,366249
51510,0.06645,172.31.47.0-255,66,336219,87,366249
51511,0.068405,172.217.194.0-255,5738,341957,87,366249
51512,0.06841,172.31.47.0-255,66,342023,87,366249
51513,0.070355,172.217.194.0-255,5738,347761,87,366249
51514,0.07036,172.31.47.0-255,66,347827,87,366249
51515,0.072329,172.217.194.0-255,5738,353565,87,366249
51516,0.072334,172.31.47.0-255,66,353631,87,366249
51517,0.074285,172.217.194.0-255,4320,357951,87,366249
51518,0.07429,172.31.47.0-255,66,358017,87,366249
51519,0.074316,172.217.194.0-255,1484,359501,87,366249
51520,0.076231,172.217.194.0-255,4320,363821,87,366249
51521,0.076236,172.31.47.0-255,66,363887,87,366249
51522,0.078207,172.217.194.0-255,2125,366012,87,366249
51523,0.078214,172.31.47.0-255,66,366078,87,366249
51524,0.078376,172.31.47.0-255,105,366183,87,366249
51525,0.080299,172.217.194.0-255,66,366249,87,366249
51526,0.0,74.125.24.0-255,153,153,87,322938
51527,2.9e-05,172.31.47.0-255,66,219,87,322938
51528,3.5e-05,74.125.24.0-255,1484,1703,87,322938
51529,4e-05,172.31.47.0-255,66,1769,87,322938
51530,4.5e-05,74.125.24.0-255,2902,4671,87,322938
51531,4.7e-05,172.31.47.0-255,66,4737,87,322938
51532,5.5e-05,74.125.24.0-255,7156,11893,87,322938
51533,5.8e-05,172.31.47.0-255,66,11959,87,322938
51534,6.1e-05,74.125.24.0-255,1484,13443,87,322938
51535,6.3e-05,172.31.47.0-255,66,13509,87,322938
51536,0.0001,172.31.47.0-255,66,13575,87,322938
51537,0.000114,74.125.24.0-255,2902,16477,87,322938
51538,0.000117,172.31.47.0-255,66,16543,87,322938
51539,0.00014,74.125.24.0-255,5379,21922,87,322938
51540,0.000143,172.31.47.0-255,66,21988,87,322938
51541,0.000486,74.125.24.0-255,1484,23472,87,322938
51542,0.000491,172.31.47.0-255,66,23538,87,322938
51543,0.000497,74.125.24.0-255,2902,26440,87,322938
51544,0.0005,172.31.47.0-255,66,26506,87,322938
51545,0.000505,74.125.24.0-255,4320,30826,87,322938
51546,0.000508,172.31.47.0-255,66,30892,87,322938
51547,0.000533,74.125.24.0-255,1484,32376,87,322938
51548,0.000536,172.31.47.0-255,66,32442,87,322938
51549,0.000542,74.125.24.0-255,4320,36762,87,322938
51550,0.000544,172.31.47.0-255,66,36828,87,322938
51551,0.00055,74.125.24.0-255,5379,42207,87,322938
51552,0.000553,172.31.47.0-255,66,42273,87,322938
51553,0.000571,74.125.24.0-255,1484,43757,87,322938
51554,0.000574,172.31.47.0-255,66,43823,87,322938
51555,0.000609,172.31.47.0-255,66,43889,87,322938
51556,0.000613,74.125.24.0-255,2543,46432,87,322938
51557,0.000616,74.125.24.0-255,399,46831,87,322938
51558,0.000618,172.31.47.0-255,66,46897,87,322938
51559,0.000708,74.125.24.0-255,110,47007,87,322938
51560,0.001017,74.125.24.0-255,331,47338,87,322938
51561,0.001293,74.125.24.0-255,1484,48822,87,322938
51562,0.001299,172.31.47.0-255,66,48888,87,322938
51563,0.001307,74.125.24.0-255,2902,51790,87,322938
51564,0.001314,74.125.24.0-255,5738,57528,87,322938
51565,0.001363,74.125.24.0-255,6797,64325,87,322938
51566,0.001415,74.125.24.0-255,1484,65809,87,322938
51567,0.001435,74.125.24.0-255,2902,68711,87,322938
51568,0.00144,74.125.24.0-255,4320,73031,87,322938
51569,0.001454,74.125.24.0-255,1484,74515,87,322938
51570,0.001487,74.125.24.0-255,2902,77417,87,322938
51571,0.001503,74.125.24.0-255,3961,81378,87,322938
51572,0.003946,172.31.47.0-255,66,81444,87,322938
51573,0.006194,74.125.24.0-255,5738,87182,87,322938
51574,0.006201,172.31.47.0-255,66,87248,87,322938
51575,0.008481,74.125.24.0-255,5738,92986,87,322938
51576,0.00849,172.31.47.0-255,66,93052,87,322938
51577,0.010752,74.125.24.0-255,5738,98790,87,322938
51578,0.010766,172.31.47.0-255,66,98856,87,322938
51579,0.01301,74.125.24.0-255,5738,104594,87,322938
51580,0.013023,172.31.47.0-255,66,104660,87,322938
51581,0.01529,74.125.24.0-255,5738,110398,87,322938
51582,0.015304,172.31.47.0-255,66,110464,87,322938
51583,0.017215,172.31.47.0-255,172,110636,87,322938
51584,0.017249,172.31.47.0-255,1103,111739,87,322938
51585,0.017287,172.31.47.0-255,1514,113253,87,322938
51586,0.017289,172.31.47.0-255,1301,114554,87,322938
51587,0.017572,74.125.24.0-255,5738,120292,87,322938
51588,0.017578,172.31.47.0-255,66,120358,87,322938
51589,0.018763,104.244.42.0-255,66,120424,87,322938
51590,0.018806,104.244.42.0-255,66,120490,87,322938
51591,0.01889,104.244.42.0-255,66,120556,87,322938
51592,0.019865,74.125.24.0-255,1484,122040,87,322938
51593,0.019897,74.125.24.0-255,4320,126360,87,322938
51594,0.019903,172.31.47.0-255,66,126426,87,322938
51595,0.02214,74.125.24.0-255,5738,132164,87,322938
51596,0.022146,172.31.47.0-255,66,132230,87,322938
51597,0.024392,74.125.24.0-255,5738,137968,87,322938
51598,0.024398,172.31.47.0-255,66,138034,87,322938
51599,0.026632,74.125.24.0-255,5738,143772,87,322938
51600,0.026638,172.31.47.0-255,66,143838,87,322938
51601,0.028885,74.125.24.0-255,5738,149576,87,322938
51602,0.028889,172.31.47.0-255,66,149642,87,322938
51603,0.031112,74.125.24.0-255,5738,155380,87,322938
51604,0.031117,172.31.47.0-255,66,155446,87,322938
51605,0.033387,74.125.24.0-255,5738,161184,87,322938
51606,0.033393,172.31.47.0-255,66,161250,87,322938
51607,0.035629,74.125.24.0-255,5738,166988,87,322938
51608,0.035634,172.31.47.0-255,66,167054,87,322938
51609,0.037913,74.125.24.0-255,5738,172792,87,322938
51610,0.037918,172.31.47.0-255,66,172858,87,322938
51611,0.040143,74.125.24.0-255,5738,178596,87,322938
51612,0.040148,172.31.47.0-255,66,178662,87,322938
51613,0.042402,74.125.24.0-255,4320,182982,87,322938
51614,0.042408,172.31.47.0-255,66,183048,87,322938
51615,0.042435,74.125.24.0-255,1484,184532,87,322938
51616,0.044653,74.125.24.0-255,4320,188852,87,322938
51617,0.044658,172.31.47.0-255,66,188918,87,322938
51618,0.046891,74.125.24.0-255,5738,194656,87,322938
51619,0.047208,172.31.47.0-255,66,194722,87,322938
51620,0.049476,74.125.24.0-255,5738,200460,87,322938
51621,0.049486,172.31.47.0-255,66,200526,87,322938
51622,0.051767,74.125.24.0-255,5738,206264,87,322938
51623,0.051773,172.31.47.0-255,66,206330,87,322938
51624,0.053985,74.125.24.0-255,4320,210650,87,322938
51625,0.053991,172.31.47.0-255,66,210716,87,322938
51626,0.054019,74.125.24.0-255,1484,212200,87,322938
51627,0.05623,74.125.24.0-255,4320,216520,87,322938
51628,0.056236,172.31.47.0-255,66,216586,87,322938
51629,0.058514,74.125.24.0-255,4320,220906,87,322938
51630,0.05852,172.31.47.0-255,66,220972,87,322938
51631,0.058547,74.125.24.0-255,1484,222456,87,322938
51632,0.060767,74.125.24.0-255,4320,226776,87,322938
51633,0.060773,172.31.47.0-255,66,226842,87,322938
51634,0.063033,74.125.24.0-255,5738,232580,87,322938
51635,0.063076,172.31.47.0-255,66,232646,87,322938
51636,0.065353,74.125.24.0-255,5738,238384,87,322938
51637,0.065358,172.31.47.0-255,66,238450,87,322938
51638,0.067726,74.125.24.0-255,5738,244188,87,322938
51639,0.067747,172.31.47.0-255,66,244254,87,322938
51640,0.070025,74.125.24.0-255,5738,249992,87,322938
51641,0.070043,172.31.47.0-255,66,250058,87,322938
51642,0.072316,74.125.24.0-255,5738,255796,87,322938
51643,0.072334,172.31.47.0-255,66,255862,87,322938
51644,0.074605,74.125.24.0-255,5738,261600,87,322938
51645,0.074624,172.31.47.0-255,66,261666,87,322938
51646,0.076878,74.125.24.0-255,5738,267404,87,322938
51647,0.076893,172.31.47.0-255,66,267470,87,322938
51648,0.079167,74.125.24.0-255,5738,273208,87,322938
51649,0.079187,172.31.47.0-255,66,273274,87,322938
51650,0.081477,74.125.24.0-255,5738,279012,87,322938
51651,0.081488,172.31.47.0-255,66,279078,87,322938
51652,0.083732,74.125.24.0-255,5738,284816,87,322938
51653,0.083737,172.31.47.0-255,66,284882,87,322938
51654,0.085977,74.125.24.0-255,4320,289202,87,322938
51655,0.085982,172.31.47.0-255,66,289268,87,322938
51656,0.086008,74.125.24.0-255,1484,290752,87,322938
51657,0.088204,74.125.24.0-255,4320,295072,87,322938
51658,0.088208,172.31.47.0-255,66,295138,87,322938
51659,0.090456,74.125.24.0-255,4320,299458,87,322938
51660,0.090461,172.31.47.0-255,66,299524,87,322938
51661,0.090484,74.125.24.0-255,1484,301008,87,322938
51662,0.092686,74.125.24.0-255,4320,305328,87,322938
51663,0.092691,172.31.47.0-255,66,305394,87,322938
51664,0.094911,74.125.24.0-255,5738,311132,87,322938
51665,0.094959,172.31.47.0-255,66,311198,87,322938
51666,0.097172,74.125.24.0-255,5738,316936,87,322938
51667,0.097177,172.31.47.0-255,66,317002,87,322938
51668,0.099426,74.125.24.0-255,2902,319904,87,322938
51669,0.099431,172.31.47.0-255,66,319970,87,322938
51670,0.099465,74.125.24.0-255,2902,322872,87,322938
51671,0.099485,172.31.47.0-255,66,322938,87,322938
