,TIME,SRC,PACKET_SIZE,CUMULATIVE_PACKET_SIZE,PAGE_NUMBER,TOTAL_PACKET_SIZE
0,0.0,74.125.200.0-255,150,150,15,329656
1,2.3e-05,172.31.36.0-255,66,216,15,329656
2,3e-05,74.125.200.0-255,1484,1700,15,329656
3,3.6e-05,172.31.36.0-255,66,1766,15,329656
4,4.3e-05,74.125.200.0-255,2902,4668,15,329656
5,4.6e-05,172.31.36.0-255,66,4734,15,329656
6,7.7e-05,74.125.200.0-255,7156,11890,15,329656
7,8e-05,172.31.36.0-255,66,11956,15,329656
8,0.000121,74.125.200.0-255,2073,14029,15,329656
9,0.000124,172.31.36.0-255,66,14095,15,329656
10,0.000168,74.125.200.0-255,1484,15579,15,329656
11,0.000171,172.31.36.0-255,66,15645,15,329656
12,0.0002,74.125.200.0-255,2902,18547,15,329656
13,0.000203,172.31.36.0-255,66,18613,15,329656
14,0.000218,74.125.200.0-255,1484,20097,15,329656
15,0.00022,172.31.36.0-255,66,20163,15,329656
16,0.000225,74.125.200.0-255,2902,23065,15,329656
17,0.000227,172.31.36.0-255,66,23131,15,329656
18,0.000233,74.125.200.0-255,4320,27451,15,329656
19,0.000236,172.31.36.0-255,66,27517,15,329656
20,0.000253,74.125.200.0-255,1484,29001,15,329656
21,0.000255,172.31.36.0-255,66,29067,15,329656
22,0.00028,74.125.200.0-255,2543,31610,15,329656
23,0.000283,172.31.36.0-255,66,31676,15,329656
24,0.000288,74.125.200.0-255,2902,34578,15,329656
25,0.000289,172.31.36.0-255,66,34644,15,329656
26,0.0003,74.125.200.0-255,1484,36128,15,329656
27,0.000303,172.31.36.0-255,66,36194,15,329656
28,0.000324,74.125.200.0-255,5738,41932,15,329656
29,0.000327,172.31.36.0-255,66,41998,15,329656
30,0.000331,74.125.200.0-255,2902,44900,15,329656
31,0.000334,172.31.36.0-255,66,44966,15,329656
32,0.000389,74.125.200.0-255,2902,47868,15,329656
33,0.000392,172.31.36.0-255,66,47934,15,329656
34,0.000411,74.125.200.0-255,1125,49059,15,329656
35,0.000426,74.125.200.0-255,4320,53379,15,329656
36,0.000429,172.31.36.0-255,66,53445,15,329656
37,0.000448,74.125.200.0-255,2902,56347,15,329656
38,0.000451,172.31.36.0-255,66,56413,15,329656
39,0.000456,74.125.200.0-255,4320,60733,15,329656
40,0.000459,172.31.36.0-255,66,60799,15,329656
41,0.000464,74.125.200.0-255,2902,63701,15,329656
42,0.000466,172.31.36.0-255,66,63767,15,329656
43,0.000484,74.125.200.0-255,2543,66310,15,329656
44,0.000487,172.31.36.0-255,66,66376,15,329656
45,0.000489,74.125.200.0-255,645,67021,15,329656
46,0.000587,74.125.200.0-255,1484,68505,15,329656
47,0.000591,172.31.36.0-255,66,68571,15,329656
48,0.000606,74.125.200.0-255,2902,71473,15,329656
49,0.000608,172.31.36.0-255,66,71539,15,329656
50,0.000629,74.125.200.0-255,1484,73023,15,329656
51,0.000648,74.125.200.0-255,2902,75925,15,329656
52,0.000652,172.31.36.0-255,66,75991,15,329656
53,0.000658,74.125.200.0-255,5738,81729,15,329656
54,0.000661,172.31.36.0-255,66,81795,15,329656
55,0.000664,74.125.200.0-255,1484,83279,15,329656
56,0.000691,74.125.200.0-255,6797,90076,15,329656
57,0.000695,172.31.36.0-255,66,90142,15,329656
58,0.000701,74.125.200.0-255,5738,95880,15,329656
59,0.000703,172.31.36.0-255,66,95946,15,329656
60,0.000737,74.125.200.0-255,2902,98848,15,329656
61,0.000741,172.31.36.0-255,66,98914,15,329656
62,0.000752,172.31.36.0-255,66,98980,15,329656
63,0.000773,74.125.200.0-255,2902,101882,15,329656
64,0.000776,172.31.36.0-255,66,101948,15,329656
65,0.000803,74.125.200.0-255,5890,107838,15,329656
66,0.000806,172.31.36.0-255,66,107904,15,329656
67,0.000837,74.125.200.0-255,1484,109388,15,329656
68,0.000852,74.125.200.0-255,2902,112290,15,329656
69,0.000854,172.31.36.0-255,66,112356,15,329656
70,0.000875,74.125.200.0-255,5738,118094,15,329656
71,0.000878,172.31.36.0-255,66,118160,15,329656
72,0.000883,74.125.200.0-255,2902,121062,15,329656
73,0.000885,172.31.36.0-255,66,121128,15,329656
74,0.000891,74.125.200.0-255,4320,125448,15,329656
75,0.000893,172.31.36.0-255,66,125514,15,329656
76,0.000912,74.125.200.0-255,2902,128416,15,329656
77,0.000915,172.31.36.0-255,66,128482,15,329656
78,0.000932,74.125.200.0-255,5738,134220,15,329656
79,0.000935,172.31.36.0-255,66,134286,15,329656
80,0.000942,74.125.200.0-255,7156,141442,15,329656
81,0.000944,172.31.36.0-255,66,141508,15,329656
82,0.000947,74.125.200.0-255,766,142274,15,329656
83,0.001222,74.125.200.0-255,1484,143758,15,329656
84,0.001228,172.31.36.0-255,66,143824,15,329656
85,0.001246,74.125.200.0-255,2902,146726,15,329656
86,0.001248,172.31.36.0-255,66,146792,15,329656
87,0.001254,74.125.200.0-255,2902,149694,15,329656
88,0.001256,172.31.36.0-255,66,149760,15,329656
89,0.001273,74.125.200.0-255,2902,152662,15,329656
90,0.001276,172.31.36.0-255,66,152728,15,329656
91,0.001283,74.125.200.0-255,5738,158466,15,329656
92,0.001285,172.31.36.0-255,66,158532,15,329656
93,0.001311,74.125.200.0-255,7156,165688,15,329656
94,0.001313,172.31.36.0-255,66,165754,15,329656
95,0.001354,172.31.36.0-255,66,165820,15,329656
96,0.001386,74.125.200.0-255,4320,170140,15,329656
97,0.001389,172.31.36.0-255,66,170206,15,329656
98,0.001413,74.125.200.0-255,4320,174526,15,329656
99,0.001415,172.31.36.0-255,66,174592,15,329656
100,0.001428,172.31.36.0-255,66,174658,15,329656
101,0.001433,74.125.200.0-255,2902,177560,15,329656
102,0.001435,172.31.36.0-255,66,177626,15,329656
103,0.001463,74.125.200.0-255,7156,184782,15,329656
104,0.001468,172.31.36.0-255,66,184848,15,329656
105,0.001488,74.125.200.0-255,5020,189868,15,329656
106,0.00149,172.31.36.0-255,66,189934,15,329656
107,0.001648,74.125.200.0-255,1484,191418,15,329656
108,0.001654,74.125.200.0-255,2902,194320,15,329656
109,0.001657,172.31.36.0-255,66,194386,15,329656
110,0.001692,74.125.200.0-255,2902,197288,15,329656
111,0.001695,172.31.36.0-255,66,197354,15,329656
112,0.001716,74.125.200.0-255,2902,200256,15,329656
113,0.001731,172.31.36.0-255,66,200322,15,329656
114,0.001739,172.31.36.0-255,66,200388,15,329656
115,0.001769,74.125.200.0-255,5738,206126,15,329656
116,0.001773,172.31.36.0-255,66,206192,15,329656
117,0.001791,74.125.200.0-255,2902,209094,15,329656
118,0.001795,172.31.36.0-255,66,209160,15,329656
119,0.001806,74.125.200.0-255,2184,211344,15,329656
120,0.001809,172.31.36.0-255,66,211410,15,329656
121,0.001835,74.125.200.0-255,1484,212894,15,329656
122,0.001839,74.125.200.0-255,1484,214378,15,329656
123,0.001843,172.31.36.0-255,66,214444,15,329656
124,0.001861,74.125.200.0-255,1484,215928,15,329656
125,0.00188,74.125.200.0-255,2902,218830,15,329656
126,0.001883,172.31.36.0-255,66,218896,15,329656
127,0.001902,74.125.200.0-255,1484,220380,15,329656
128,0.001913,172.31.36.0-255,66,220446,15,329656
129,0.001945,172.31.36.0-255,66,220512,15,329656
130,0.001967,74.125.200.0-255,4320,224832,15,329656
131,0.001971,172.31.36.0-255,66,224898,15,329656
132,0.001991,74.125.200.0-255,3602,228500,15,329656
133,0.001994,172.31.36.0-255,66,228566,15,329656
134,0.002003,74.125.200.0-255,7156,235722,15,329656
135,0.002005,172.31.36.0-255,66,235788,15,329656
136,0.002034,74.125.200.0-255,1484,237272,15,329656
137,0.002045,172.31.36.0-255,66,237338,15,329656
138,0.002056,172.31.36.0-255,66,237404,15,329656
139,0.002073,74.125.200.0-255,1484,238888,15,329656
140,0.002076,74.125.200.0-255,1484,240372,15,329656
141,0.002078,172.31.36.0-255,66,240438,15,329656
142,0.002081,74.125.200.0-255,1484,241922,15,329656
143,0.002093,74.125.200.0-255,1484,243406,15,329656
144,0.002096,172.31.36.0-255,66,243472,15,329656
145,0.002115,74.125.200.0-255,4320,247792,15,329656
146,0.002119,172.31.36.0-255,66,247858,15,329656
147,0.002129,74.125.200.0-255,2184,250042,15,329656
148,0.002131,74.125.200.0-255,1484,251526,15,329656
149,0.002136,74.125.200.0-255,5738,257264,15,329656
150,0.00214,172.31.36.0-255,66,257330,15,329656
151,0.002143,172.31.36.0-255,66,257396,15,329656
152,0.002168,74.125.200.0-255,4320,261716,15,329656
153,0.002171,172.31.36.0-255,66,261782,15,329656
154,0.002174,74.125.200.0-255,1484,263266,15,329656
155,0.002177,74.125.200.0-255,1484,264750,15,329656
156,0.002179,172.31.36.0-255,66,264816,15,329656
157,0.002183,74.125.200.0-255,2902,267718,15,329656
158,0.002185,172.31.36.0-255,66,267784,15,329656
159,0.002188,74.125.200.0-255,1484,269268,15,329656
160,0.002202,74.125.200.0-255,1484,270752,15,329656
161,0.002204,172.31.36.0-255,66,270818,15,329656
162,0.002231,74.125.200.0-255,2902,273720,15,329656
163,0.002234,172.31.36.0-255,66,273786,15,329656
164,0.002237,74.125.200.0-255,1484,275270,15,329656
165,0.002252,74.125.200.0-255,1484,276754,15,329656
166,0.002254,172.31.36.0-255,66,276820,15,329656
167,0.002259,74.125.200.0-255,2902,279722,15,329656
168,0.002261,172.31.36.0-255,66,279788,15,329656
169,0.002264,74.125.200.0-255,766,280554,15,329656
170,0.003272,74.125.200.0-255,1484,282038,15,329656
171,0.003281,172.31.36.0-255,66,282104,15,329656
172,0.003288,74.125.200.0-255,2902,285006,15,329656
173,0.00329,172.31.36.0-255,66,285072,15,329656
174,0.003296,74.125.200.0-255,5738,290810,15,329656
175,0.003298,172.31.36.0-255,66,290876,15,329656
176,0.00333,74.125.200.0-255,5738,296614,15,329656
177,0.003334,172.31.36.0-255,66,296680,15,329656
178,0.003355,74.125.200.0-255,5738,302418,15,329656
179,0.003358,172.31.36.0-255,66,302484,15,329656
180,0.003365,74.125.200.0-255,5738,308222,15,329656
181,0.003367,172.31.36.0-255,66,308288,15,329656
182,0.003373,74.125.200.0-255,5738,314026,15,329656
183,0.003376,172.31.36.0-255,66,314092,15,329656
184,0.003379,74.125.200.0-255,766,314858,15,329656
185,0.003468,74.125.200.0-255,1484,316342,15,329656
186,0.003472,172.31.36.0-255,66,316408,15,329656
187,0.003476,74.125.200.0-255,1484,317892,15,329656
188,0.003492,74.125.200.0-255,1484,319376,15,329656
189,0.003494,172.31.36.0-255,66,319442,15,329656
190,0.003499,74.125.200.0-255,2902,322344,15,329656
191,0.003501,172.31.36.0-255,66,322410,15,329656
192,0.003518,74.125.200.0-255,1966,324376,15,329656
193,0.003521,172.31.36.0-255,66,324442,15,329656
194,0.003601,74.125.200.0-255,105,324547,15,329656
195,0.003631,74.125.200.0-255,129,324676,15,329656
196,0.011086,172.31.36.0-255,105,324781,15,329656
197,0.011122,172.31.36.0-255,105,324886,15,329656
198,0.011363,172.31.36.0-255,90,324976,15,329656
199,0.011381,172.31.36.0-255,66,325042,15,329656
200,0.013179,74.125.200.0-255,66,325108,15,329656
201,0.013198,74.125.200.0-255,66,325174,15,329656
202,0.013448,74.125.200.0-255,66,325240,15,329656
203,0.013467,74.125.200.0-255,66,325306,15,329656
204,0.013473,172.31.36.0-255,66,325372,15,329656
205,0.034875,172.31.36.0-255,167,325539,15,329656
206,0.034909,172.31.36.0-255,1110,326649,15,329656
207,0.034983,172.31.36.0-255,1514,328163,15,329656
208,0.034985,172.31.36.0-255,1295,329458,15,329656
209,0.036565,104.244.42.0-255,66,329524,15,329656
210,0.036625,104.244.42.0-255,66,329590,15,329656
211,0.036757,104.244.42.0-255,66,329656,15,329656
212,0.0,74.125.24.0-255,153,153,15,284537
213,3.4e-05,74.125.24.0-255,1484,1637,15,284537
214,4.5e-05,172.31.36.0-255,66,1703,15,284537
215,5.3e-05,74.125.24.0-255,2902,4605,15,284537
216,5.7e-05,172.31.36.0-255,66,4671,15,284537
217,6.3e-05,74.125.24.0-255,5738,10409,15,284537
218,6.6e-05,172.31.36.0-255,66,10475,15,284537
219,8.9e-05,74.125.24.0-255,1484,11959,15,284537
220,0.000114,172.31.36.0-255,66,12025,15,284537
221,0.000119,74.125.24.0-255,2902,14927,15,284537
222,0.000121,172.31.36.0-255,66,14993,15,284537
223,0.000143,74.125.24.0-255,1484,16477,15,284537
224,0.000178,74.125.24.0-255,6797,23274,15,284537
225,0.000181,172.31.36.0-255,66,23340,15,284537
226,0.000418,74.125.24.0-255,1484,24824,15,284537
227,0.000425,74.125.24.0-255,2902,27726,15,284537
228,0.000429,172.31.36.0-255,66,27792,15,284537
229,0.000435,74.125.24.0-255,4320,32112,15,284537
230,0.000437,172.31.36.0-255,66,32178,15,284537
231,0.00045,74.125.24.0-255,1484,33662,15,284537
232,0.000469,74.125.24.0-255,2902,36564,15,284537
233,0.000473,172.31.36.0-255,66,36630,15,284537
234,0.000492,74.125.24.0-255,6797,43427,15,284537
235,0.000495,172.31.36.0-255,66,43493,15,284537
236,0.000507,172.31.36.0-255,66,43559,15,284537
237,0.000526,74.125.24.0-255,4235,47794,15,284537
238,0.000531,172.31.36.0-255,66,47860,15,284537
239,0.000614,74.125.24.0-255,125,47985,15,284537
240,0.000736,74.125.24.0-255,1484,49469,15,284537
241,0.000741,172.31.36.0-255,66,49535,15,284537
242,0.000747,74.125.24.0-255,2902,52437,15,284537
243,0.000749,172.31.36.0-255,66,52503,15,284537
244,0.000772,74.125.24.0-255,5738,58241,15,284537
245,0.000776,172.31.36.0-255,66,58307,15,284537
246,0.000796,74.125.24.0-255,7156,65463,15,284537
247,0.000799,172.31.36.0-255,66,65529,15,284537
248,0.000839,172.31.36.0-255,66,65595,15,284537
249,0.000843,74.125.24.0-255,2184,67779,15,284537
250,0.000846,172.31.36.0-255,66,67845,15,284537
251,0.000918,74.125.24.0-255,5738,73583,15,284537
252,0.000922,172.31.36.0-255,66,73649,15,284537
253,0.000954,172.31.36.0-255,66,73715,15,284537
254,0.001206,74.125.24.0-255,1484,75199,15,284537
255,0.00122,74.125.24.0-255,2902,78101,15,284537
256,0.001224,172.31.36.0-255,66,78167,15,284537
257,0.001244,74.125.24.0-255,4320,82487,15,284537
258,0.001247,172.31.36.0-255,66,82553,15,284537
259,0.001286,74.125.24.0-255,5738,88291,15,284537
260,0.00129,172.31.36.0-255,66,88357,15,284537
261,0.001308,74.125.24.0-255,2902,91259,15,284537
262,0.00131,172.31.36.0-255,66,91325,15,284537
263,0.001315,74.125.24.0-255,2902,94227,15,284537
264,0.001317,172.31.36.0-255,66,94293,15,284537
265,0.001338,74.125.24.0-255,7156,101449,15,284537
266,0.001341,172.31.36.0-255,66,101515,15,284537
267,0.001348,74.125.24.0-255,6438,107953,15,284537
268,0.00135,172.31.36.0-255,66,108019,15,284537
269,0.001698,74.125.24.0-255,1484,109503,15,284537
270,0.001707,74.125.24.0-255,2902,112405,15,284537
271,0.001711,172.31.36.0-255,66,112471,15,284537
272,0.00172,74.125.24.0-255,5738,118209,15,284537
273,0.001722,172.31.36.0-255,66,118275,15,284537
274,0.001727,74.125.24.0-255,2902,121177,15,284537
275,0.001729,172.31.36.0-255,66,121243,15,284537
276,0.001757,172.31.36.0-255,66,121309,15,284537
277,0.001769,172.31.36.0-255,66,121375,15,284537
278,0.001791,74.125.24.0-255,1484,122859,15,284537
279,0.001811,172.31.36.0-255,66,122925,15,284537
280,0.001832,74.125.24.0-255,3602,126527,15,284537
281,0.001834,172.31.36.0-255,66,126593,15,284537
282,0.001849,172.31.36.0-255,66,126659,15,284537
283,0.001874,74.125.24.0-255,7156,133815,15,284537
284,0.001878,172.31.36.0-255,66,133881,15,284537
285,0.001892,74.125.24.0-255,766,134647,15,284537
286,0.002068,74.125.24.0-255,1484,136131,15,284537
287,0.002076,172.31.36.0-255,66,136197,15,284537
288,0.002081,74.125.24.0-255,2902,139099,15,284537
289,0.002085,172.31.36.0-255,66,139165,15,284537
290,0.002103,74.125.24.0-255,4320,143485,15,284537
291,0.002106,172.31.36.0-255,66,143551,15,284537
292,0.002109,74.125.24.0-255,1484,145035,15,284537
293,0.002131,74.125.24.0-255,2902,147937,15,284537
294,0.002135,172.31.36.0-255,66,148003,15,284537
295,0.00214,74.125.24.0-255,2902,150905,15,284537
296,0.002142,172.31.36.0-255,66,150971,15,284537
297,0.002156,74.125.24.0-255,1484,152455,15,284537
298,0.002172,74.125.24.0-255,2902,155357,15,284537
299,0.002175,172.31.36.0-255,66,155423,15,284537
300,0.002193,74.125.24.0-255,2902,158325,15,284537
301,0.002195,172.31.36.0-255,66,158391,15,284537
302,0.002199,74.125.24.0-255,1484,159875,15,284537
303,0.002204,74.125.24.0-255,2902,162777,15,284537
304,0.002206,172.31.36.0-255,66,162843,15,284537
305,0.002231,74.125.24.0-255,2902,165745,15,284537
306,0.002233,172.31.36.0-255,66,165811,15,284537
307,0.002258,74.125.24.0-255,3602,169413,15,284537
308,0.002261,172.31.36.0-255,66,169479,15,284537
309,0.002305,74.125.24.0-255,1484,170963,15,284537
310,0.002326,74.125.24.0-255,2902,173865,15,284537
311,0.002329,172.31.36.0-255,66,173931,15,284537
312,0.002332,74.125.24.0-255,1484,175415,15,284537
313,0.002347,74.125.24.0-255,4320,179735,15,284537
314,0.00235,172.31.36.0-255,66,179801,15,284537
315,0.002353,74.125.24.0-255,1484,181285,15,284537
316,0.002369,74.125.24.0-255,2902,184187,15,284537
317,0.002371,172.31.36.0-255,66,184253,15,284537
318,0.002376,74.125.24.0-255,4320,188573,15,284537
319,0.002379,172.31.36.0-255,66,188639,15,284537
320,0.002395,74.125.24.0-255,7156,195795,15,284537
321,0.002397,172.31.36.0-255,66,195861,15,284537
322,0.002403,74.125.24.0-255,4320,200181,15,284537
323,0.002405,172.31.36.0-255,66,200247,15,284537
324,0.00242,74.125.24.0-255,3602,203849,15,284537
325,0.002423,172.31.36.0-255,66,203915,15,284537
326,0.002456,74.125.24.0-255,2902,206817,15,284537
327,0.002459,172.31.36.0-255,66,206883,15,284537
328,0.002476,74.125.24.0-255,4320,211203,15,284537
329,0.002478,172.31.36.0-255,66,211269,15,284537
330,0.002488,172.31.36.0-255,66,211335,15,284537
331,0.002543,74.125.24.0-255,7156,218491,15,284537
332,0.002545,172.31.36.0-255,66,218557,15,284537
333,0.002555,172.31.36.0-255,66,218623,15,284537
334,0.002558,74.125.24.0-255,2184,220807,15,284537
335,0.002561,172.31.36.0-255,66,220873,15,284537
336,0.00264,74.125.24.0-255,1484,222357,15,284537
337,0.002643,74.125.24.0-255,1484,223841,15,284537
338,0.002645,172.31.36.0-255,66,223907,15,284537
339,0.002656,74.125.24.0-255,1484,225391,15,284537
340,0.002695,74.125.24.0-255,2902,228293,15,284537
341,0.002708,74.125.24.0-255,2902,231195,15,284537
342,0.002728,74.125.24.0-255,1484,232679,15,284537
343,0.002742,74.125.24.0-255,4320,236999,15,284537
344,0.002765,74.125.24.0-255,5738,242737,15,284537
345,0.002768,74.125.24.0-255,1484,244221,15,284537
346,0.002778,74.125.24.0-255,2902,247123,15,284537
347,0.002838,74.125.24.0-255,1484,248607,15,284537
348,0.002852,74.125.24.0-255,2902,251509,15,284537
349,0.002873,74.125.24.0-255,5738,257247,15,284537
350,0.002887,74.125.24.0-255,4320,261567,15,284537
351,0.002914,74.125.24.0-255,5738,267305,15,284537
352,0.002929,74.125.24.0-255,4320,271625,15,284537
353,0.002939,74.125.24.0-255,2184,273809,15,284537
354,0.002954,74.125.24.0-255,5738,279547,15,284537
355,0.002967,74.125.24.0-255,1329,280876,15,284537
356,0.002996,74.125.24.0-255,105,280981,15,284537
357,0.006178,172.31.36.0-255,66,281047,15,284537
358,0.008194,172.31.36.0-255,105,281152,15,284537
359,0.010199,74.125.24.0-255,66,281218,15,284537
360,0.028529,172.31.36.0-255,167,281385,15,284537
361,0.028561,172.31.36.0-255,1109,282494,15,284537
362,0.028598,172.31.36.0-255,1514,284008,15,284537
363,0.0286,172.31.36.0-255,331,284339,15,284537
364,0.030108,104.244.42.0-255,66,284405,15,284537
365,0.030144,104.244.42.0-255,66,284471,15,284537
366,0.030156,104.244.42.0-255,66,284537,15,284537
367,0.0,74.125.24.0-255,143,143,15,134360
368,2.6e-05,74.125.24.0-255,1484,1627,15,134360
369,3.4e-05,172.31.36.0-255,66,1693,15,134360
370,4.1e-05,74.125.24.0-255,2902,4595,15,134360
371,4.5e-05,74.125.24.0-255,1484,6079,15,134360
372,7.6e-05,74.125.24.0-255,5738,11817,15,134360
373,7.6e-05,172.31.36.0-255,66,11883,15,134360
374,8e-05,74.125.24.0-255,1991,13874,15,134360
375,8.2e-05,172.31.36.0-255,66,13940,15,134360
376,0.00018,74.125.24.0-255,1484,15424,15,134360
377,0.000187,74.125.24.0-255,2902,18326,15,134360
378,0.000191,74.125.24.0-255,1484,19810,15,134360
379,0.000208,74.125.24.0-255,4320,24130,15,134360
380,0.000213,74.125.24.0-255,2902,27032,15,134360
381,0.000226,74.125.24.0-255,2902,29934,15,134360
382,0.000266,74.125.24.0-255,5738,35672,15,134360
383,0.000273,172.31.36.0-255,66,35738,15,134360
384,0.00031,172.31.36.0-255,66,35804,15,134360
385,0.00035,172.31.36.0-255,66,35870,15,134360
386,0.00038,74.125.24.0-255,5738,41608,15,134360
387,0.000387,172.31.36.0-255,66,41674,15,134360
388,0.000397,74.125.24.0-255,4293,45967,15,134360
389,0.000404,172.31.36.0-255,66,46033,15,134360
390,0.001591,74.125.24.0-255,113,46146,15,134360
391,0.001698,74.125.24.0-255,1484,47630,15,134360
392,0.001703,172.31.36.0-255,66,47696,15,134360
393,0.001709,74.125.24.0-255,2902,50598,15,134360
394,0.001715,74.125.24.0-255,5738,56336,15,134360
395,0.001731,74.125.24.0-255,4320,60656,15,134360
396,0.001743,74.125.24.0-255,2543,63199,15,134360
397,0.001753,74.125.24.0-255,329,63528,15,134360
398,0.002065,74.125.24.0-255,1484,65012,15,134360
399,0.002076,74.125.24.0-255,2902,67914,15,134360
400,0.002094,74.125.24.0-255,5738,73652,15,134360
401,0.002115,74.125.24.0-255,4320,77972,15,134360
402,0.002742,74.125.24.0-255,1484,79456,15,134360
403,0.002757,74.125.24.0-255,2902,82358,15,134360
404,0.002761,74.125.24.0-255,2902,85260,15,134360
405,0.002775,74.125.24.0-255,2902,88162,15,134360
406,0.002818,74.125.24.0-255,4320,92482,15,134360
407,0.002841,74.125.24.0-255,2184,94666,15,134360
408,0.002909,74.125.24.0-255,1484,96150,15,134360
409,0.002913,74.125.24.0-255,2902,99052,15,134360
410,0.002928,74.125.24.0-255,5738,104790,15,134360
411,0.002941,74.125.24.0-255,1484,106274,15,134360
412,0.003009,74.125.24.0-255,2902,109176,15,134360
413,0.00305,74.125.24.0-255,7156,116332,15,134360
414,0.003088,74.125.24.0-255,5738,122070,15,134360
415,0.003179,74.125.24.0-255,2184,124254,15,134360
416,0.003301,74.125.24.0-255,6438,130692,15,134360
417,0.003366,74.125.24.0-255,105,130797,15,134360
418,0.003585,172.31.36.0-255,66,130863,15,134360
419,0.006084,172.31.36.0-255,105,130968,15,134360
420,0.008389,74.125.24.0-255,66,131034,15,134360
421,0.029515,172.31.36.0-255,172,131206,15,134360
422,0.029547,172.31.36.0-255,1109,132315,15,134360
423,0.029587,172.31.36.0-255,1514,133829,15,134360
424,0.029588,172.31.36.0-255,333,134162,15,134360
425,0.031108,104.244.42.0-255,66,134228,15,134360
426,0.031133,104.244.42.0-255,66,134294,15,134360
427,0.031188,104.244.42.0-255,66,134360,15,134360
428,0.0,74.125.24.0-255,156,156,15,352505
429,2.4e-05,172.31.36.0-255,66,222,15,352505
430,3.1e-05,74.125.24.0-255,1484,1706,15,352505
431,3.6e-05,172.31.36.0-255,66,1772,15,352505
432,4.2e-05,74.125.24.0-255,2902,4674,15,352505
433,5.4e-05,172.31.36.0-255,66,4740,15,352505
434,6.2e-05,74.125.24.0-255,7156,11896,15,352505
435,6.7e-05,172.31.36.0-255,66,11962,15,352505
436,7.1e-05,74.125.24.0-255,2036,13998,15,352505
437,7.4e-05,172.31.36.0-255,66,14064,15,352505
438,0.00012,74.125.24.0-255,1484,15548,15,352505
439,0.000122,172.31.36.0-255,66,15614,15,352505
440,0.000166,74.125.24.0-255,2902,18516,15,352505
441,0.00017,172.31.36.0-255,66,18582,15,352505
442,0.000176,74.125.24.0-255,5738,24320,15,352505
443,0.000179,172.31.36.0-255,66,24386,15,352505
444,0.00019,74.125.24.0-255,6797,31183,15,352505
445,0.000193,172.31.36.0-255,66,31249,15,352505
446,0.000358,74.125.24.0-255,1484,32733,15,352505
447,0.000363,172.31.36.0-255,66,32799,15,352505
448,0.000391,74.125.24.0-255,2902,35701,15,352505
449,0.000393,172.31.36.0-255,66,35767,15,352505
450,0.0004,74.125.24.0-255,5738,41505,15,352505
451,0.000403,172.31.36.0-255,66,41571,15,352505
452,0.000447,172.31.36.0-255,66,41637,15,352505
453,0.000477,74.125.24.0-255,4320,45957,15,352505
454,0.00048,172.31.36.0-255,66,46023,15,352505
455,0.000511,74.125.24.0-255,5686,51709,15,352505
456,0.000513,172.31.36.0-255,66,51775,15,352505
457,0.00055,74.125.24.0-255,115,51890,15,352505
458,0.000553,172.31.36.0-255,66,51956,15,352505
459,0.000637,74.125.24.0-255,1484,53440,15,352505
460,0.000644,74.125.24.0-255,2902,56342,15,352505
461,0.000647,172.31.36.0-255,66,56408,15,352505
462,0.000682,74.125.24.0-255,5738,62146,15,352505
463,0.000686,172.31.36.0-255,66,62212,15,352505
464,0.000691,74.125.24.0-255,4320,66532,15,352505
465,0.000694,172.31.36.0-255,66,66598,15,352505
466,0.000722,74.125.24.0-255,3961,70559,15,352505
467,0.000725,172.31.36.0-255,66,70625,15,352505
468,0.00073,74.125.24.0-255,4320,74945,15,352505
469,0.000732,172.31.36.0-255,66,75011,15,352505
470,0.000768,172.31.36.0-255,66,75077,15,352505
471,0.000771,74.125.24.0-255,1388,76465,15,352505
472,0.001031,74.125.24.0-255,1484,77949,15,352505
473,0.001036,172.31.36.0-255,66,78015,15,352505
474,0.001041,74.125.24.0-255,2902,80917,15,352505
475,0.001043,172.31.36.0-255,66,80983,15,352505
476,0.001071,74.125.24.0-255,5738,86721,15,352505
477,0.001077,172.31.36.0-255,66,86787,15,352505
478,0.001106,74.125.24.0-255,1484,88271,15,352505
479,0.001127,74.125.24.0-255,2902,91173,15,352505
480,0.00113,172.31.36.0-255,66,91239,15,352505
481,0.001168,172.31.36.0-255,66,91305,15,352505
482,0.001174,74.125.24.0-255,4320,95625,15,352505
483,0.001177,172.31.36.0-255,66,95691,15,352505
484,0.001204,74.125.24.0-255,1484,97175,15,352505
485,0.001243,74.125.24.0-255,5020,102195,15,352505
486,0.001247,172.31.36.0-255,66,102261,15,352505
487,0.001337,74.125.24.0-255,1484,103745,15,352505
488,0.001352,74.125.24.0-255,2902,106647,15,352505
489,0.001355,172.31.36.0-255,66,106713,15,352505
490,0.001385,74.125.24.0-255,5738,112451,15,352505
491,0.001388,172.31.36.0-255,66,112517,15,352505
492,0.001392,74.125.24.0-255,1484,114001,15,352505
493,0.001426,172.31.36.0-255,66,114067,15,352505
494,0.001432,74.125.24.0-255,4320,118387,15,352505
495,0.001435,172.31.36.0-255,66,118453,15,352505
496,0.00147,74.125.24.0-255,6438,124891,15,352505
497,0.001473,172.31.36.0-255,66,124957,15,352505
498,0.001648,74.125.24.0-255,1484,126441,15,352505
499,0.001654,74.125.24.0-255,2902,129343,15,352505
500,0.001658,172.31.36.0-255,66,129409,15,352505
501,0.001689,74.125.24.0-255,5738,135147,15,352505
502,0.001692,172.31.36.0-255,66,135213,15,352505
503,0.001697,74.125.24.0-255,2902,138115,15,352505
504,0.001699,172.31.36.0-255,66,138181,15,352505
505,0.00174,172.31.36.0-255,66,138247,15,352505
506,0.001745,74.125.24.0-255,4320,142567,15,352505
507,0.001748,172.31.36.0-255,66,142633,15,352505
508,0.001778,74.125.24.0-255,6438,149071,15,352505
509,0.001782,172.31.36.0-255,66,149137,15,352505
510,0.002607,74.125.24.0-255,1484,150621,15,352505
511,0.002612,74.125.24.0-255,1484,152105,15,352505
512,0.002615,172.31.36.0-255,66,152171,15,352505
513,0.002633,74.125.24.0-255,1484,153655,15,352505
514,0.002638,74.125.24.0-255,4320,157975,15,352505
515,0.002641,172.31.36.0-255,66,158041,15,352505
516,0.005258,74.125.24.0-255,5738,163779,15,352505
517,0.005266,172.31.36.0-255,66,163845,15,352505
518,0.007841,74.125.24.0-255,4320,168165,15,352505
519,0.007846,172.31.36.0-255,66,168231,15,352505
520,0.007874,74.125.24.0-255,1484,169715,15,352505
521,0.010434,74.125.24.0-255,4320,174035,15,352505
522,0.010442,172.31.36.0-255,66,174101,15,352505
523,0.013062,74.125.24.0-255,5738,179839,15,352505
524,0.01307,172.31.36.0-255,66,179905,15,352505
525,0.015689,74.125.24.0-255,5738,185643,15,352505
526,0.015696,172.31.36.0-255,66,185709,15,352505
527,0.018343,74.125.24.0-255,5738,191447,15,352505
528,0.018353,172.31.36.0-255,66,191513,15,352505
529,0.020994,74.125.24.0-255,5738,197251,15,352505
530,0.021006,172.31.36.0-255,66,197317,15,352505
531,0.023636,74.125.24.0-255,5738,203055,15,352505
532,0.023645,172.31.36.0-255,66,203121,15,352505
533,0.026311,74.125.24.0-255,5738,208859,15,352505
534,0.026331,172.31.36.0-255,66,208925,15,352505
535,0.028949,74.125.24.0-255,5738,214663,15,352505
536,0.028967,172.31.36.0-255,66,214729,15,352505
537,0.031588,74.125.24.0-255,5738,220467,15,352505
538,0.031607,172.31.36.0-255,66,220533,15,352505
539,0.034242,74.125.24.0-255,5738,226271,15,352505
540,0.034255,172.31.36.0-255,66,226337,15,352505
541,0.036376,172.31.36.0-255,167,226504,15,352505
542,0.036409,172.31.36.0-255,1110,227614,15,352505
543,0.036481,172.31.36.0-255,1514,229128,15,352505
544,0.036483,172.31.36.0-255,1295,230423,15,352505
545,0.036856,74.125.24.0-255,5738,236161,15,352505
546,0.036864,172.31.36.0-255,66,236227,15,352505
547,0.037962,104.244.42.0-255,66,236293,15,352505
548,0.037984,104.244.42.0-255,66,236359,15,352505
549,0.038093,104.244.42.0-255,66,236425,15,352505
550,0.03949,74.125.24.0-255,5738,242163,15,352505
551,0.039497,172.31.36.0-255,66,242229,15,352505
552,0.042125,74.125.24.0-255,5738,247967,15,352505
553,0.042133,172.31.36.0-255,66,248033,15,352505
554,0.044777,74.125.24.0-255,5738,253771,15,352505
555,0.044784,172.31.36.0-255,66,253837,15,352505
556,0.0474,74.125.24.0-255,5738,259575,15,352505
557,0.047411,172.31.36.0-255,66,259641,15,352505
558,0.050031,74.125.24.0-255,5738,265379,15,352505
559,0.050041,172.31.36.0-255,66,265445,15,352505
560,0.052641,74.125.24.0-255,5738,271183,15,352505
561,0.052651,172.31.36.0-255,66,271249,15,352505
562,0.055262,74.125.24.0-255,5738,276987,15,352505
563,0.055269,172.31.36.0-255,66,277053,15,352505
564,0.05787,74.125.24.0-255,5738,282791,15,352505
565,0.057877,172.31.36.0-255,66,282857,15,352505
566,0.060508,74.125.24.0-255,5738,288595,15,352505
567,0.060515,172.31.36.0-255,66,288661,15,352505
568,0.06319,74.125.24.0-255,5738,294399,15,352505
569,0.063198,172.31.36.0-255,66,294465,15,352505
570,0.065807,74.125.24.0-255,5738,300203,15,352505
571,0.065814,172.31.36.0-255,66,300269,15,352505
572,0.068416,74.125.24.0-255,5738,306007,15,352505
573,0.068423,172.31.36.0-255,66,306073,15,352505
574,0.071046,74.125.24.0-255,5738,311811,15,352505
575,0.071053,172.31.36.0-255,66,311877,15,352505
576,0.073663,74.125.24.0-255,5738,317615,15,352505
577,0.073669,172.31.36.0-255,66,317681,15,352505
578,0.076282,74.125.24.0-255,5738,323419,15,352505
579,0.076287,172.31.36.0-255,66,323485,15,352505
580,0.078903,74.125.24.0-255,5738,329223,15,352505
581,0.07891,172.31.36.0-255,66,329289,15,352505
582,0.081501,74.125.24.0-255,5738,335027,15,352505
583,0.081508,172.31.36.0-255,66,335093,15,352505
584,0.084159,74.125.24.0-255,5738,340831,15,352505
585,0.084166,172.31.36.0-255,66,340897,15,352505
586,0.08678,74.125.24.0-255,5738,346635,15,352505
587,0.086787,172.31.36.0-255,66,346701,15,352505
588,0.089418,74.125.24.0-255,5738,352439,15,352505
589,0.089426,172.31.36.0-255,66,352505,15,352505
590,0.0,172.217.27.0-255,153,153,15,370852
591,2.1e-05,172.31.36.0-255,66,219,15,370852
592,2.9e-05,172.217.27.0-255,1484,1703,15,370852
593,3.3e-05,172.31.36.0-255,66,1769,15,370852
594,3.9e-05,172.217.27.0-255,2902,4671,15,370852
595,4.2e-05,172.31.36.0-255,66,4737,15,370852
596,5e-05,172.217.27.0-255,7156,11893,15,370852
597,5.4e-05,172.31.36.0-255,66,11959,15,370852
598,6.5e-05,172.31.36.0-255,66,12025,15,370852
599,9.9e-05,172.31.36.0-255,66,12091,15,370852
600,0.000119,172.217.27.0-255,1125,13216,15,370852
601,0.000121,172.31.36.0-255,66,13282,15,370852
602,0.000162,172.217.27.0-255,1484,14766,15,370852
603,0.000165,172.31.36.0-255,66,14832,15,370852
604,0.00017,172.217.27.0-255,2902,17734,15,370852
605,0.000172,172.31.36.0-255,66,17800,15,370852
606,0.000175,172.217.27.0-255,1484,19284,15,370852
607,0.000177,172.31.36.0-255,66,19350,15,370852
608,0.000205,172.217.27.0-255,2902,22252,15,370852
609,0.000209,172.31.36.0-255,66,22318,15,370852
610,0.000216,172.217.27.0-255,5738,28056,15,370852
611,0.000218,172.31.36.0-255,66,28122,15,370852
612,0.000236,172.217.27.0-255,2543,30665,15,370852
613,0.000238,172.31.36.0-255,66,30731,15,370852
614,0.000338,172.217.27.0-255,1484,32215,15,370852
615,0.000343,172.31.36.0-255,66,32281,15,370852
616,0.000346,172.217.27.0-255,1484,33765,15,370852
617,0.000348,172.31.36.0-255,66,33831,15,370852
618,0.000363,172.217.27.0-255,1484,35315,15,370852
619,0.000366,172.31.36.0-255,66,35381,15,370852
620,0.000373,172.217.27.0-255,5738,41119,15,370852
621,0.000375,172.31.36.0-255,66,41185,15,370852
622,0.000381,172.217.27.0-255,4320,45505,15,370852
623,0.000383,172.31.36.0-255,66,45571,15,370852
624,0.000388,172.217.27.0-255,2872,48443,15,370852
625,0.00039,172.31.36.0-255,66,48509,15,370852
626,0.000973,172.217.27.0-255,117,48626,15,370852
627,0.001003,172.217.27.0-255,1484,50110,15,370852
628,0.001007,172.31.36.0-255,66,50176,15,370852
629,0.001012,172.217.27.0-255,1484,51660,15,370852
630,0.001024,172.217.27.0-255,1484,53144,15,370852
631,0.001026,172.31.36.0-255,66,53210,15,370852
632,0.001034,172.217.27.0-255,7156,60366,15,370852
633,0.001036,172.31.36.0-255,66,60432,15,370852
634,0.001039,172.217.27.0-255,1484,61916,15,370852
635,0.001061,172.217.27.0-255,3961,65877,15,370852
636,0.001063,172.31.36.0-255,66,65943,15,370852
637,0.001113,172.217.27.0-255,4320,70263,15,370852
638,0.001116,172.31.36.0-255,66,70329,15,370852
639,0.001136,172.217.27.0-255,1484,71813,15,370852
640,0.001143,172.217.27.0-255,7156,78969,15,370852
641,0.001147,172.31.36.0-255,66,79035,15,370852
642,0.001161,172.217.27.0-255,3961,82996,15,370852
643,0.001163,172.31.36.0-255,66,83062,15,370852
644,0.002924,172.217.27.0-255,1484,84546,15,370852
645,0.002952,172.217.27.0-255,4320,88866,15,370852
646,0.002956,172.31.36.0-255,66,88932,15,370852
647,0.00471,172.217.27.0-255,2902,91834,15,370852
648,0.004713,172.31.36.0-255,66,91900,15,370852
649,0.004735,172.217.27.0-255,2902,94802,15,370852
650,0.004737,172.31.36.0-255,66,94868,15,370852
651,0.006473,172.217.27.0-255,2902,97770,15,370852
652,0.006476,172.31.36.0-255,66,97836,15,370852
653,0.006494,172.217.27.0-255,2902,100738,15,370852
654,0.006496,172.31.36.0-255,66,100804,15,370852
655,0.008228,172.217.27.0-255,2902,103706,15,370852
656,0.008234,172.31.36.0-255,66,103772,15,370852
657,0.008256,172.217.27.0-255,2902,106674,15,370852
658,0.008259,172.31.36.0-255,66,106740,15,370852
659,0.010004,172.217.27.0-255,5738,112478,15,370852
660,0.01001,172.31.36.0-255,66,112544,15,370852
661,0.011769,172.217.27.0-255,5738,118282,15,370852
662,0.011776,172.31.36.0-255,66,118348,15,370852
663,0.013553,172.217.27.0-255,5738,124086,15,370852
664,0.01356,172.31.36.0-255,66,124152,15,370852
665,0.015321,172.217.27.0-255,5738,129890,15,370852
666,0.015329,172.31.36.0-255,66,129956,15,370852
667,0.017096,172.217.27.0-255,5738,135694,15,370852
668,0.017103,172.31.36.0-255,66,135760,15,370852
669,0.018868,172.217.27.0-255,5738,141498,15,370852
670,0.018877,172.31.36.0-255,66,141564,15,370852
671,0.020636,172.217.27.0-255,5738,147302,15,370852
672,0.020644,172.31.36.0-255,66,147368,15,370852
673,0.022407,172.217.27.0-255,5738,153106,15,370852
674,0.022413,172.31.36.0-255,66,153172,15,370852
675,0.024192,172.217.27.0-255,5738,158910,15,370852
676,0.024201,172.31.36.0-255,66,158976,15,370852
677,0.025966,172.217.27.0-255,5738,164714,15,370852
678,0.025973,172.31.36.0-255,66,164780,15,370852
679,0.027746,172.217.27.0-255,5738,170518,15,370852
680,0.027754,172.31.36.0-255,66,170584,15,370852
681,0.029532,172.217.27.0-255,5738,176322,15,370852
682,0.02954,172.31.36.0-255,66,176388,15,370852
683,0.031299,172.217.27.0-255,5738,182126,15,370852
684,0.031306,172.31.36.0-255,66,182192,15,370852
685,0.033068,172.217.27.0-255,4320,186512,15,370852
686,0.033075,172.31.36.0-255,66,186578,15,370852
687,0.033096,172.217.27.0-255,1484,188062,15,370852
688,0.033799,172.31.36.0-255,167,188229,15,370852
689,0.033831,172.31.36.0-255,1110,189339,15,370852
690,0.033886,172.31.36.0-255,1514,190853,15,370852
691,0.033887,172.31.36.0-255,1295,192148,15,370852
692,0.034884,172.217.27.0-255,4320,196468,15,370852
693,0.034891,172.31.36.0-255,66,196534,15,370852
694,0.03547,104.244.42.0-255,66,196600,15,370852
695,0.035553,104.244.42.0-255,66,196666,15,370852
696,0.035597,104.244.42.0-255,66,196732,15,370852
697,0.036693,172.217.27.0-255,5738,202470,15,370852
698,0.036698,172.31.36.0-255,66,202536,15,370852
699,0.038476,172.217.27.0-255,5738,208274,15,370852
700,0.038484,172.31.36.0-255,66,208340,15,370852
701,0.040267,172.217.27.0-255,5738,214078,15,370852
702,0.040274,172.31.36.0-255,66,214144,15,370852
703,0.042059,172.217.27.0-255,5738,219882,15,370852
704,0.042065,172.31.36.0-255,66,219948,15,370852
705,0.043828,172.217.27.0-255,5738,225686,15,370852
706,0.043834,172.31.36.0-255,66,225752,15,370852
707,0.045612,172.217.27.0-255,5738,231490,15,370852
708,0.045619,172.31.36.0-255,66,231556,15,370852
709,0.047399,172.217.27.0-255,5738,237294,15,370852
710,0.047405,172.31.36.0-255,66,237360,15,370852
711,0.049196,172.217.27.0-255,5738,243098,15,370852
712,0.049202,172.31.36.0-255,66,243164,15,370852
713,0.050979,172.217.27.0-255,5738,248902,15,370852
714,0.050986,172.31.36.0-255,66,248968,15,370852
715,0.052745,172.217.27.0-255,5738,254706,15,370852
716,0.052752,172.31.36.0-255,66,254772,15,370852
717,0.054517,172.217.27.0-255,5738,260510,15,370852
718,0.054523,172.31.36.0-255,66,260576,15,370852
719,0.056329,172.217.27.0-255,5738,266314,15,370852
720,0.056335,172.31.36.0-255,66,266380,15,370852
721,0.058108,172.217.27.0-255,5738,272118,15,370852
722,0.058114,172.31.36.0-255,66,272184,15,370852
723,0.059898,172.217.27.0-255,5738,277922,15,370852
724,0.059904,172.31.36.0-255,66,277988,15,370852
725,0.061682,172.217.27.0-255,5738,283726,15,370852
726,0.061688,172.31.36.0-255,66,283792,15,370852
727,0.063539,172.217.27.0-255,5738,289530,15,370852
728,0.063545,172.31.36.0-255,66,289596,15,370852
729,0.06532,172.217.27.0-255,5738,295334,15,370852
730,0.065326,172.31.36.0-255,66,295400,15,370852
731,0.067114,172.217.27.0-255,5738,301138,15,370852
732,0.06712,172.31.36.0-255,66,301204,15,370852
733,0.068913,172.217.27.0-255,5738,306942,15,370852
734,0.068919,172.31.36.0-255,66,307008,15,370852
735,0.070779,172.217.27.0-255,5738,312746,15,370852
736,0.070785,172.31.36.0-255,66,312812,15,370852
737,0.072568,172.217.27.0-255,5738,318550,15,370852
738,0.072577,172.31.36.0-255,66,318616,15,370852
739,0.074385,172.217.27.0-255,5738,324354,15,370852
740,0.074391,172.31.36.0-255,66,324420,15,370852
741,0.076162,172.217.27.0-255,5738,330158,15,370852
742,0.076168,172.31.36.0-255,66,330224,15,370852
743,0.077938,172.217.27.0-255,5738,335962,15,370852
744,0.077945,172.31.36.0-255,66,336028,15,370852
745,0.079723,172.217.27.0-255,5738,341766,15,370852
746,0.07973,172.31.36.0-255,66,341832,15,370852
747,0.081515,172.217.27.0-255,5738,347570,15,370852
748,0.081522,172.31.36.0-255,66,347636,15,370852
749,0.083296,172.217.27.0-255,5738,353374,15,370852
750,0.083302,172.31.36.0-255,66,353440,15,370852
751,0.085112,172.217.27.0-255,5738,359178,15,370852
752,0.085118,172.31.36.0-255,66,359244,15,370852
753,0.086885,172.217.27.0-255,5738,364982,15,370852
754,0.086891,172.31.36.0-255,66,365048,15,370852
755,0.088671,172.217.27.0-255,5738,370786,15,370852
756,0.088677,172.31.36.0-255,66,370852,15,370852
757,0.0,74.125.24.0-255,153,153,15,321160
758,1.9e-05,172.31.36.0-255,66,219,15,321160
759,2.6e-05,74.125.24.0-255,1484,1703,15,321160
760,3.1e-05,172.31.36.0-255,66,1769,15,321160
761,3.7e-05,74.125.24.0-255,2902,4671,15,321160
762,3.9e-05,172.31.36.0-255,66,4737,15,321160
763,5.5e-05,74.125.24.0-255,7156,11893,15,321160
764,5.8e-05,172.31.36.0-255,66,11959,15,321160
765,9.8e-05,74.125.24.0-255,2011,13970,15,321160
766,0.000102,172.31.36.0-255,66,14036,15,321160
767,0.000197,74.125.24.0-255,1484,15520,15,321160
768,0.0002,172.31.36.0-255,66,15586,15,321160
769,0.000205,74.125.24.0-255,2902,18488,15,321160
770,0.000208,172.31.36.0-255,66,18554,15,321160
771,0.000213,74.125.24.0-255,2902,21456,15,321160
772,0.00022,172.31.36.0-255,66,21522,15,321160
773,0.000232,74.125.24.0-255,2902,24424,15,321160
774,0.000235,172.31.36.0-255,66,24490,15,321160
775,0.000243,74.125.24.0-255,6797,31287,15,321160
776,0.000249,172.31.36.0-255,66,31353,15,321160
777,0.000281,74.125.24.0-255,4320,35673,15,321160
778,0.000284,172.31.36.0-255,66,35739,15,321160
779,0.000321,172.31.36.0-255,66,35805,15,321160
780,0.000325,74.125.24.0-255,2543,38348,15,321160
781,0.000327,172.31.36.0-255,66,38414,15,321160
782,0.000868,74.125.24.0-255,1484,39898,15,321160
783,0.000873,172.31.36.0-255,66,39964,15,321160
784,0.000879,74.125.24.0-255,2902,42866,15,321160
785,0.000881,172.31.36.0-255,66,42932,15,321160
786,0.000892,74.125.24.0-255,5738,48670,15,321160
787,0.000894,172.31.36.0-255,66,48736,15,321160
788,0.000931,74.125.24.0-255,6797,55533,15,321160
789,0.000933,172.31.36.0-255,66,55599,15,321160
790,0.00094,74.125.24.0-255,5738,61337,15,321160
791,0.000942,172.31.36.0-255,66,61403,15,321160
792,0.000969,74.125.24.0-255,1484,62887,15,321160
793,0.000981,172.31.36.0-255,66,62953,15,321160
794,0.001008,74.125.24.0-255,4320,67273,15,321160
795,0.001011,172.31.36.0-255,66,67339,15,321160
796,0.001036,74.125.24.0-255,6318,73657,15,321160
797,0.001038,172.31.36.0-255,66,73723,15,321160
798,0.001068,74.125.24.0-255,6797,80520,15,321160
799,0.001071,172.31.36.0-255,66,80586,15,321160
800,0.002084,74.125.24.0-255,1484,82070,15,321160
801,0.002095,74.125.24.0-255,2902,84972,15,321160
802,0.0021,172.31.36.0-255,66,85038,15,321160
803,0.002109,74.125.24.0-255,5738,90776,15,321160
804,0.00211,172.31.36.0-255,66,90842,15,321160
805,0.002151,172.31.36.0-255,66,90908,15,321160
806,0.002155,74.125.24.0-255,1484,92392,15,321160
807,0.002212,74.125.24.0-255,7156,99548,15,321160
808,0.002214,172.31.36.0-255,66,99614,15,321160
809,0.00224,74.125.24.0-255,2184,101798,15,321160
810,0.002242,172.31.36.0-255,66,101864,15,321160
811,0.004504,74.125.24.0-255,2902,104766,15,321160
812,0.00451,172.31.36.0-255,66,104832,15,321160
813,0.004536,74.125.24.0-255,2902,107734,15,321160
814,0.004538,172.31.36.0-255,66,107800,15,321160
815,0.006832,74.125.24.0-255,2902,110702,15,321160
816,0.006836,172.31.36.0-255,66,110768,15,321160
817,0.00686,74.125.24.0-255,2902,113670,15,321160
818,0.006862,172.31.36.0-255,66,113736,15,321160
819,0.009153,74.125.24.0-255,5738,119474,15,321160
820,0.009159,172.31.36.0-255,66,119540,15,321160
821,0.011477,74.125.24.0-255,5738,125278,15,321160
822,0.011484,172.31.36.0-255,66,125344,15,321160
823,0.013791,74.125.24.0-255,5738,131082,15,321160
824,0.013799,172.31.36.0-255,66,131148,15,321160
825,0.016117,74.125.24.0-255,5738,136886,15,321160
826,0.016124,172.31.36.0-255,66,136952,15,321160
827,0.01845,74.125.24.0-255,5738,142690,15,321160
828,0.018457,172.31.36.0-255,66,142756,15,321160
829,0.020778,74.125.24.0-255,5738,148494,15,321160
830,0.020785,172.31.36.0-255,66,148560,15,321160
831,0.023104,74.125.24.0-255,5738,154298,15,321160
832,0.023112,172.31.36.0-255,66,154364,15,321160
833,0.02542,74.125.24.0-255,5738,160102,15,321160
834,0.025427,172.31.36.0-255,66,160168,15,321160
835,0.027764,74.125.24.0-255,5738,165906,15,321160
836,0.027772,172.31.36.0-255,66,165972,15,321160
837,0.030114,74.125.24.0-255,5738,171710,15,321160
838,0.030119,172.31.36.0-255,66,171776,15,321160
839,0.032431,74.125.24.0-255,5738,177514,15,321160
840,0.032439,172.31.36.0-255,66,177580,15,321160
841,0.034749,74.125.24.0-255,5738,183318,15,321160
842,0.034757,172.31.36.0-255,66,183384,15,321160
843,0.037066,74.125.24.0-255,5738,189122,15,321160
844,0.037079,172.31.36.0-255,66,189188,15,321160
845,0.039472,74.125.24.0-255,5738,194926,15,321160
846,0.039483,172.31.36.0-255,66,194992,15,321160
847,0.041794,74.125.24.0-255,5738,200730,15,321160
848,0.041802,172.31.36.0-255,66,200796,15,321160
849,0.04413,74.125.24.0-255,5738,206534,15,321160
850,0.044139,172.31.36.0-255,66,206600,15,321160
851,0.0458,172.31.36.0-255,167,206767,15,321160
852,0.045832,172.31.36.0-255,1106,207873,15,321160
853,0.045891,172.31.36.0-255,1514,209387,15,321160
854,0.045893,172.31.36.0-255,1299,210686,15,321160
855,0.046438,74.125.24.0-255,5738,216424,15,321160
856,0.046445,172.31.36.0-255,66,216490,15,321160
857,0.047358,104.244.42.0-255,66,216556,15,321160
858,0.047366,104.244.42.0-255,66,216622,15,321160
859,0.047456,104.244.42.0-255,66,216688,15,321160
860,0.048759,74.125.24.0-255,5738,222426,15,321160
861,0.048765,172.31.36.0-255,66,222492,15,321160
862,0.051078,74.125.24.0-255,5738,228230,15,321160
863,0.051085,172.31.36.0-255,66,228296,15,321160
864,0.053409,74.125.24.0-255,5738,234034,15,321160
865,0.053416,172.31.36.0-255,66,234100,15,321160
866,0.055746,74.125.24.0-255,5738,239838,15,321160
867,0.055753,172.31.36.0-255,66,239904,15,321160
868,0.058093,74.125.24.0-255,5738,245642,15,321160
869,0.058099,172.31.36.0-255,66,245708,15,321160
870,0.060398,74.125.24.0-255,5738,251446,15,321160
871,0.060404,172.31.36.0-255,66,251512,15,321160
872,0.062729,74.125.24.0-255,5738,257250,15,321160
873,0.062735,172.31.36.0-255,66,257316,15,321160
874,0.065043,74.125.24.0-255,5738,263054,15,321160
875,0.06505,172.31.36.0-255,66,263120,15,321160
876,0.067355,74.125.24.0-255,5738,268858,15,321160
877,0.067363,172.31.36.0-255,66,268924,15,321160
878,0.069692,74.125.24.0-255,5738,274662,15,321160
879,0.069698,172.31.36.0-255,66,274728,15,321160
880,0.072002,74.125.24.0-255,5738,280466,15,321160
881,0.072009,172.31.36.0-255,66,280532,15,321160
882,0.074316,74.125.24.0-255,5738,286270,15,321160
883,0.074328,172.31.36.0-255,66,286336,15,321160
884,0.076702,74.125.24.0-255,5738,292074,15,321160
885,0.076719,172.31.36.0-255,66,292140,15,321160
886,0.079036,74.125.24.0-255,5738,297878,15,321160
887,0.079047,172.31.36.0-255,66,297944,15,321160
888,0.08136,74.125.24.0-255,5738,303682,15,321160
889,0.081367,172.31.36.0-255,66,303748,15,321160
890,0.083689,74.125.24.0-255,5738,309486,15,321160
891,0.083696,172.31.36.0-255,66,309552,15,321160
892,0.08603,74.125.24.0-255,5738,315290,15,321160
893,0.086037,172.31.36.0-255,66,315356,15,321160
894,0.088378,74.125.24.0-255,5738,321094,15,321160
895,0.088385,172.31.36.0-255,66,321160,15,321160
896,0.0,172.217.194.0-255,162,162,15,190510
897,2e-05,172.217.194.0-255,1484,1646,15,190510
898,3.1e-05,172.31.36.0-255,66,1712,15,190510
899,4e-05,172.217.194.0-255,2902,4614,15,190510
900,4.4e-05,172.31.36.0-255,66,4680,15,190510
901,5.9e-05,172.217.194.0-255,7156,11836,15,190510
902,6.2e-05,172.31.36.0-255,66,11902,15,190510
903,6.7e-05,172.217.194.0-255,2028,13930,15,190510
904,7e-05,172.31.36.0-255,66,13996,15,190510
905,0.000114,172.31.36.0-255,66,14062,15,190510
906,0.000144,172.217.194.0-255,5379,19441,15,190510
907,0.000147,172.31.36.0-255,66,19507,15,190510
908,0.00019,172.217.194.0-255,5738,25245,15,190510
909,0.000193,172.31.36.0-255,66,25311,15,190510
910,0.0002,172.217.194.0-255,5738,31049,15,190510
911,0.000202,172.31.36.0-255,66,31115,15,190510
912,0.000236,172.217.194.0-255,5738,36853,15,190510
913,0.000239,172.31.36.0-255,66,36919,15,190510
914,0.000274,172.31.36.0-255,66,36985,15,190510
915,0.000284,172.31.36.0-255,66,37051,15,190510
916,0.000288,172.217.194.0-255,365,37416,15,190510
917,0.000563,172.217.194.0-255,378,37794,15,190510
918,0.000863,172.217.194.0-255,1484,39278,15,190510
919,0.000869,172.31.36.0-255,66,39344,15,190510
920,0.000875,172.217.194.0-255,2902,42246,15,190510
921,0.000878,172.31.36.0-255,66,42312,15,190510
922,0.000883,172.217.194.0-255,2902,45214,15,190510
923,0.00089,172.31.36.0-255,66,45280,15,190510
924,0.000913,172.217.194.0-255,2902,48182,15,190510
925,0.000916,172.31.36.0-255,66,48248,15,190510
926,0.000931,172.31.36.0-255,66,48314,15,190510
927,0.000944,172.31.36.0-255,66,48380,15,190510
928,0.001103,172.217.194.0-255,1484,49864,15,190510
929,0.001109,172.217.194.0-255,2902,52766,15,190510
930,0.001112,172.31.36.0-255,66,52832,15,190510
931,0.001119,172.217.194.0-255,5738,58570,15,190510
932,0.001121,172.31.36.0-255,66,58636,15,190510
933,0.001156,172.31.36.0-255,66,58702,15,190510
934,0.001195,172.31.36.0-255,66,58768,15,190510
935,0.001275,172.217.194.0-255,1484,60252,15,190510
936,0.001281,172.217.194.0-255,2902,63154,15,190510
937,0.001284,172.31.36.0-255,66,63220,15,190510
938,0.001289,172.217.194.0-255,2902,66122,15,190510
939,0.001291,172.31.36.0-255,66,66188,15,190510
940,0.001321,172.217.194.0-255,2902,69090,15,190510
941,0.001324,172.31.36.0-255,66,69156,15,190510
942,0.001338,172.31.36.0-255,66,69222,15,190510
943,0.001351,172.31.36.0-255,66,69288,15,190510
944,0.001383,172.217.194.0-255,5738,75026,15,190510
945,0.001385,172.31.36.0-255,66,75092,15,190510
946,0.001422,172.217.194.0-255,7156,82248,15,190510
947,0.001426,172.31.36.0-255,66,82314,15,190510
948,0.001441,172.31.36.0-255,66,82380,15,190510
949,0.001447,172.217.194.0-255,6438,88818,15,190510
950,0.00145,172.31.36.0-255,66,88884,15,190510
951,0.001525,172.217.194.0-255,5738,94622,15,190510
952,0.001528,172.31.36.0-255,66,94688,15,190510
953,0.001535,172.217.194.0-255,7156,101844,15,190510
954,0.001539,172.31.36.0-255,66,101910,15,190510
955,0.001554,172.31.36.0-255,66,101976,15,190510
956,0.001561,172.217.194.0-255,6438,108414,15,190510
957,0.001563,172.31.36.0-255,66,108480,15,190510
958,0.001595,172.217.194.0-255,5738,114218,15,190510
959,0.001598,172.31.36.0-255,66,114284,15,190510
960,0.001606,172.217.194.0-255,7156,121440,15,190510
961,0.001609,172.31.36.0-255,66,121506,15,190510
962,0.001614,172.217.194.0-255,4320,125826,15,190510
963,0.001617,172.31.36.0-255,66,125892,15,190510
964,0.001669,172.217.194.0-255,6438,132330,15,190510
965,0.001676,172.31.36.0-255,66,132396,15,190510
966,0.001679,172.31.36.0-255,66,132462,15,190510
967,0.001696,172.217.194.0-255,1484,133946,15,190510
968,0.001712,172.217.194.0-255,2902,136848,15,190510
969,0.001714,172.31.36.0-255,66,136914,15,190510
970,0.00172,172.217.194.0-255,5738,142652,15,190510
971,0.001723,172.31.36.0-255,66,142718,15,190510
972,0.001726,172.217.194.0-255,1484,144202,15,190510
973,0.001772,172.31.36.0-255,66,144268,15,190510
974,0.001783,172.217.194.0-255,1484,145752,15,190510
975,0.001814,172.31.36.0-255,66,145818,15,190510
976,0.001827,172.217.194.0-255,1484,147302,15,190510
977,0.001836,172.217.194.0-255,2902,150204,15,190510
978,0.001839,172.31.36.0-255,66,150270,15,190510
979,0.001844,172.217.194.0-255,2902,153172,15,190510
980,0.001847,172.31.36.0-255,66,153238,15,190510
981,0.001873,172.217.194.0-255,2902,156140,15,190510
982,0.001876,172.31.36.0-255,66,156206,15,190510
983,0.001882,172.217.194.0-255,5738,161944,15,190510
984,0.001884,172.31.36.0-255,66,162010,15,190510
985,0.001914,172.217.194.0-255,7156,169166,15,190510
986,0.001918,172.217.194.0-255,2902,172068,15,190510
987,0.001925,172.31.36.0-255,66,172134,15,190510
988,0.001951,172.31.36.0-255,66,172200,15,190510
989,0.001959,172.217.194.0-255,7156,179356,15,190510
990,0.001962,172.31.36.0-255,66,179422,15,190510
991,0.001975,172.31.36.0-255,66,179488,15,190510
992,0.001988,172.31.36.0-255,66,179554,15,190510
993,0.002006,172.217.194.0-255,7156,186710,15,190510
994,0.00201,172.31.36.0-255,66,186776,15,190510
995,0.002044,172.31.36.0-255,66,186842,15,190510
996,0.002088,172.31.36.0-255,66,186908,15,190510
997,0.002091,172.217.194.0-255,105,187013,15,190510
998,0.008674,172.31.36.0-255,105,187118,15,190510
999,0.011288,172.217.194.0-255,66,187184,15,190510
1000,0.031142,172.31.36.0-255,172,187356,15,190510
1001,0.031177,172.31.36.0-255,1109,188465,15,190510
1002,0.03124,172.31.36.0-255,1514,189979,15,190510
1003,0.031242,172.31.36.0-255,333,190312,15,190510
1004,0.03278,104.244.42.0-255,66,190378,15,190510
1005,0.032812,104.244.42.0-255,66,190444,15,190510
1006,0.032915,104.244.42.0-255,66,190510,15,190510
1007,0.0,74.125.24.0-255,153,153,15,235167
1008,3e-05,172.31.36.0-255,66,219,15,235167
1009,3.6e-05,74.125.24.0-255,1484,1703,15,235167
1010,4.1e-05,172.31.36.0-255,66,1769,15,235167
1011,4.6e-05,74.125.24.0-255,2902,4671,15,235167
1012,4.9e-05,172.31.36.0-255,66,4737,15,235167
1013,6.4e-05,74.125.24.0-255,7156,11893,15,235167
1014,6.7e-05,172.31.36.0-255,66,11959,15,235167
1015,7e-05,74.125.24.0-255,1484,13443,15,235167
1016,7.2e-05,172.31.36.0-255,66,13509,15,235167
1017,0.000131,172.31.36.0-255,66,13575,15,235167
1018,0.000134,74.125.24.0-255,1484,15059,15,235167
1019,0.000137,172.31.36.0-255,66,15125,15,235167
1020,0.000144,74.125.24.0-255,4320,19445,15,235167
1021,0.000146,172.31.36.0-255,66,19511,15,235167
1022,0.000198,172.31.36.0-255,66,19577,15,235167
1023,0.000201,74.125.24.0-255,1484,21061,15,235167
1024,0.000203,172.31.36.0-255,66,21127,15,235167
1025,0.000207,74.125.24.0-255,2902,24029,15,235167
1026,0.000211,172.31.36.0-255,66,24095,15,235167
1027,0.000215,74.125.24.0-255,2902,26997,15,235167
1028,0.000223,172.31.36.0-255,66,27063,15,235167
1029,0.000262,74.125.24.0-255,2902,29965,15,235167
1030,0.000267,172.31.36.0-255,66,30031,15,235167
1031,0.000275,74.125.24.0-255,7068,37099,15,235167
1032,0.000277,172.31.36.0-255,66,37165,15,235167
1033,0.000285,74.125.24.0-255,384,37549,15,235167
1034,0.000288,172.31.36.0-255,66,37615,15,235167
1035,0.000434,74.125.24.0-255,1484,39099,15,235167
1036,0.000438,172.31.36.0-255,66,39165,15,235167
1037,0.000444,74.125.24.0-255,2902,42067,15,235167
1038,0.000446,172.31.36.0-255,66,42133,15,235167
1039,0.000449,74.125.24.0-255,1484,43617,15,235167
1040,0.000481,74.125.24.0-255,4320,47937,15,235167
1041,0.000484,172.31.36.0-255,66,48003,15,235167
1042,0.000487,74.125.24.0-255,1484,49487,15,235167
1043,0.000523,172.31.36.0-255,66,49553,15,235167
1044,0.000535,172.31.36.0-255,66,49619,15,235167
1045,0.000543,74.125.24.0-255,766,50385,15,235167
1046,0.00102,172.31.36.0-255,66,50451,15,235167
1047,0.001525,74.125.24.0-255,1484,51935,15,235167
1048,0.001537,74.125.24.0-255,2902,54837,15,235167
1049,0.001541,172.31.36.0-255,66,54903,15,235167
1050,0.001576,74.125.24.0-255,1484,56387,15,235167
1051,0.001606,74.125.24.0-255,4320,60707,15,235167
1052,0.00161,172.31.36.0-255,66,60773,15,235167
1053,0.001621,172.31.36.0-255,66,60839,15,235167
1054,0.001638,172.31.36.0-255,66,60905,15,235167
1055,0.001675,74.125.24.0-255,5020,65925,15,235167
1056,0.001679,172.31.36.0-255,66,65991,15,235167
1057,0.001701,172.31.36.0-255,66,66057,15,235167
1058,0.001716,172.31.36.0-255,66,66123,15,235167
1059,0.001721,74.125.24.0-255,2902,69025,15,235167
1060,0.001723,172.31.36.0-255,66,69091,15,235167
1061,0.001774,172.31.36.0-255,66,69157,15,235167
1062,0.001786,172.31.36.0-255,66,69223,15,235167
1063,0.001816,172.31.36.0-255,66,69289,15,235167
1064,0.001879,74.125.24.0-255,1484,70773,15,235167
1065,0.001883,74.125.24.0-255,2902,73675,15,235167
1066,0.001885,172.31.36.0-255,66,73741,15,235167
1067,0.00189,74.125.24.0-255,4320,78061,15,235167
1068,0.001892,172.31.36.0-255,66,78127,15,235167
1069,0.001908,74.125.24.0-255,1484,79611,15,235167
1070,0.001941,172.31.36.0-255,66,79677,15,235167
1071,0.001947,74.125.24.0-255,5738,85415,15,235167
1072,0.001949,172.31.36.0-255,66,85481,15,235167
1073,0.001975,74.125.24.0-255,4320,89801,15,235167
1074,0.001981,172.31.36.0-255,66,89867,15,235167
1075,0.001984,74.125.24.0-255,766,90633,15,235167
1076,0.002092,74.125.24.0-255,1484,92117,15,235167
1077,0.002095,172.31.36.0-255,66,92183,15,235167
1078,0.0021,74.125.24.0-255,2902,95085,15,235167
1079,0.002102,172.31.36.0-255,66,95151,15,235167
1080,0.002129,74.125.24.0-255,5738,100889,15,235167
1081,0.002131,172.31.36.0-255,66,100955,15,235167
1082,0.002134,74.125.24.0-255,1484,102439,15,235167
1083,0.002171,172.31.36.0-255,66,102505,15,235167
1084,0.002207,172.31.36.0-255,66,102571,15,235167
1085,0.004357,74.125.24.0-255,5738,108309,15,235167
1086,0.004363,172.31.36.0-255,66,108375,15,235167
1087,0.006546,74.125.24.0-255,5738,114113,15,235167
1088,0.006553,172.31.36.0-255,66,114179,15,235167
1089,0.008743,74.125.24.0-255,5738,119917,15,235167
1090,0.008752,172.31.36.0-255,66,119983,15,235167
1091,0.010959,74.125.24.0-255,5738,125721,15,235167
1092,0.010969,172.31.36.0-255,66,125787,15,235167
1093,0.013172,74.125.24.0-255,4320,130107,15,235167
1094,0.013179,172.31.36.0-255,66,130173,15,235167
1095,0.01321,74.125.24.0-255,1484,131657,15,235167
1096,0.015342,74.125.24.0-255,4320,135977,15,235167
1097,0.015351,172.31.36.0-255,66,136043,15,235167
1098,0.01753,74.125.24.0-255,5738,141781,15,235167
1099,0.017539,172.31.36.0-255,66,141847,15,235167
1100,0.019706,74.125.24.0-255,5738,147585,15,235167
1101,0.019714,172.31.36.0-255,66,147651,15,235167
1102,0.021893,74.125.24.0-255,5738,153389,15,235167
1103,0.0219,172.31.36.0-255,66,153455,15,235167
1104,0.024087,74.125.24.0-255,2902,156357,15,235167
1105,0.024094,172.31.36.0-255,66,156423,15,235167
1106,0.024126,74.125.24.0-255,2902,159325,15,235167
1107,0.024131,172.31.36.0-255,66,159391,15,235167
1108,0.024544,172.31.36.0-255,167,159558,15,235167
1109,0.024611,172.31.36.0-255,1110,160668,15,235167
1110,0.024924,172.31.36.0-255,1514,162182,15,235167
1111,0.024927,172.31.36.0-255,1295,163477,15,235167
1112,0.026218,104.244.42.0-255,66,163543,15,235167
1113,0.026254,104.244.42.0-255,66,163609,15,235167
1114,0.026276,74.125.24.0-255,2902,166511,15,235167
1115,0.02628,172.31.36.0-255,66,166577,15,235167
1116,0.026303,74.125.24.0-255,2902,169479,15,235167
1117,0.026306,172.31.36.0-255,66,169545,15,235167
1118,0.02664,104.244.42.0-255,66,169611,15,235167
1119,0.028483,74.125.24.0-255,2902,172513,15,235167
1120,0.028488,172.31.36.0-255,66,172579,15,235167
1121,0.028526,74.125.24.0-255,2902,175481,15,235167
1122,0.028529,172.31.36.0-255,66,175547,15,235167
1123,0.030674,74.125.24.0-255,2902,178449,15,235167
1124,0.030681,172.31.36.0-255,66,178515,15,235167
1125,0.03071,74.125.24.0-255,2902,181417,15,235167
1126,0.030713,172.31.36.0-255,66,181483,15,235167
1127,0.032846,74.125.24.0-255,2902,184385,15,235167
1128,0.032853,172.31.36.0-255,66,184451,15,235167
1129,0.032884,74.125.24.0-255,2902,187353,15,235167
1130,0.032888,172.31.36.0-255,66,187419,15,235167
1131,0.035038,74.125.24.0-255,5738,193157,15,235167
1132,0.035045,172.31.36.0-255,66,193223,15,235167
1133,0.03722,74.125.24.0-255,5738,198961,15,235167
1134,0.037229,172.31.36.0-255,66,199027,15,235167
1135,0.039435,74.125.24.0-255,5738,204765,15,235167
1136,0.039442,172.31.36.0-255,66,204831,15,235167
1137,0.041642,74.125.24.0-255,5738,210569,15,235167
1138,0.041649,172.31.36.0-255,66,210635,15,235167
1139,0.043834,74.125.24.0-255,5738,216373,15,235167
1140,0.043842,172.31.36.0-255,66,216439,15,235167
1141,0.046043,74.125.24.0-255,5738,222177,15,235167
1142,0.046049,172.31.36.0-255,66,222243,15,235167
1143,0.048253,74.125.24.0-255,5738,227981,15,235167
1144,0.048259,172.31.36.0-255,66,228047,15,235167
1145,0.050466,74.125.24.0-255,5738,233785,15,235167
1146,0.050472,172.31.36.0-255,66,233851,15,235167
1147,0.052628,74.125.24.0-255,1079,234930,15,235167
1148,0.052755,172.31.36.0-255,66,234996,15,235167
1149,0.052792,172.31.36.0-255,105,235101,15,235167
1150,0.054959,74.125.24.0-255,66,235167,15,235167
1151,0.0,74.125.24.0-255,153,153,15,329478
1152,3.4e-05,172.31.36.0-255,66,219,15,329478
1153,5e-05,74.125.24.0-255,1484,1703,15,329478
1154,5.4e-05,172.31.36.0-255,66,1769,15,329478
1155,6e-05,74.125.24.0-255,2902,4671,15,329478
1156,6.3e-05,172.31.36.0-255,66,4737,15,329478
1157,6.9e-05,74.125.24.0-255,7156,11893,15,329478
1158,7.2e-05,172.31.36.0-255,66,11959,15,329478
1159,9.7e-05,74.125.24.0-255,2010,13969,15,329478
1160,0.0001,172.31.36.0-255,66,14035,15,329478
1161,0.000104,74.125.24.0-255,2902,16937,15,329478
1162,0.000106,172.31.36.0-255,66,17003,15,329478
1163,0.000113,74.125.24.0-255,5738,22741,15,329478
1164,0.000115,172.31.36.0-255,66,22807,15,329478
1165,0.000137,74.125.24.0-255,1484,24291,15,329478
1166,0.000139,172.31.36.0-255,66,24357,15,329478
1167,0.000146,74.125.24.0-255,5738,30095,15,329478
1168,0.000149,172.31.36.0-255,66,30161,15,329478
1169,0.000159,172.31.36.0-255,66,30227,15,329478
1170,0.000185,74.125.24.0-255,4320,34547,15,329478
1171,0.000188,172.31.36.0-255,66,34613,15,329478
1172,0.000193,74.125.24.0-255,3602,38215,15,329478
1173,0.000196,172.31.36.0-255,66,38281,15,329478
1174,0.000286,74.125.24.0-255,1484,39765,15,329478
1175,0.00029,172.31.36.0-255,66,39831,15,329478
1176,0.000296,74.125.24.0-255,2902,42733,15,329478
1177,0.000298,172.31.36.0-255,66,42799,15,329478
1178,0.000319,74.125.24.0-255,5738,48537,15,329478
1179,0.000321,172.31.36.0-255,66,48603,15,329478
1180,0.000348,74.125.24.0-255,5738,54341,15,329478
1181,0.000351,172.31.36.0-255,66,54407,15,329478
1182,0.000362,74.125.24.0-255,1125,55532,15,329478
1183,0.000722,74.125.24.0-255,1484,57016,15,329478
1184,0.000726,172.31.36.0-255,66,57082,15,329478
1185,0.00074,74.125.24.0-255,2902,59984,15,329478
1186,0.000745,74.125.24.0-255,2902,62886,15,329478
1187,0.000753,172.31.36.0-255,66,62952,15,329478
1188,0.000775,74.125.24.0-255,7156,70108,15,329478
1189,0.000785,172.31.36.0-255,66,70174,15,329478
1190,0.000803,74.125.24.0-255,4320,74494,15,329478
1191,0.000807,172.31.36.0-255,66,74560,15,329478
1192,0.000827,74.125.24.0-255,2854,77414,15,329478
1193,0.000833,74.125.24.0-255,7156,84570,15,329478
1194,0.000838,172.31.36.0-255,66,84636,15,329478
1195,0.000857,74.125.24.0-255,2902,87538,15,329478
1196,0.000861,172.31.36.0-255,66,87604,15,329478
1197,0.00088,74.125.24.0-255,7156,94760,15,329478
1198,0.000889,172.31.36.0-255,66,94826,15,329478
1199,0.000897,74.125.24.0-255,2902,97728,15,329478
1200,0.000906,172.31.36.0-255,66,97794,15,329478
1201,0.000938,74.125.24.0-255,2902,100696,15,329478
1202,0.00094,172.31.36.0-255,66,100762,15,329478
1203,0.000955,74.125.24.0-255,6021,106783,15,329478
1204,0.000962,172.31.36.0-255,66,106849,15,329478
1205,0.003194,74.125.24.0-255,5738,112587,15,329478
1206,0.0032,172.31.36.0-255,66,112653,15,329478
1207,0.005413,74.125.24.0-255,4320,116973,15,329478
1208,0.005427,74.125.24.0-255,1484,118457,15,329478
1209,0.006003,172.31.36.0-255,66,118523,15,329478
1210,0.008245,74.125.24.0-255,5738,124261,15,329478
1211,0.008253,172.31.36.0-255,66,124327,15,329478
1212,0.010482,74.125.24.0-255,5738,130065,15,329478
1213,0.010489,172.31.36.0-255,66,130131,15,329478
1214,0.012708,74.125.24.0-255,5738,135869,15,329478
1215,0.012718,172.31.36.0-255,66,135935,15,329478
1216,0.014959,74.125.24.0-255,5738,141673,15,329478
1217,0.014969,172.31.36.0-255,66,141739,15,329478
1218,0.017223,74.125.24.0-255,5738,147477,15,329478
1219,0.017233,172.31.36.0-255,66,147543,15,329478
1220,0.019463,74.125.24.0-255,5738,153281,15,329478
1221,0.01947,172.31.36.0-255,66,153347,15,329478
1222,0.021709,74.125.24.0-255,5738,159085,15,329478
1223,0.021717,172.31.36.0-255,66,159151,15,329478
1224,0.02378,172.31.36.0-255,167,159318,15,329478
1225,0.023838,172.31.36.0-255,1106,160424,15,329478
1226,0.02391,172.31.36.0-255,1514,161938,15,329478
1227,0.023913,172.31.36.0-255,1300,163238,15,329478
1228,0.023941,74.125.24.0-255,2902,166140,15,329478
1229,0.023946,172.31.36.0-255,66,166206,15,329478
1230,0.023967,74.125.24.0-255,2902,169108,15,329478
1231,0.024005,172.31.36.0-255,66,169174,15,329478
1232,0.02537,104.244.42.0-255,66,169240,15,329478
1233,0.025398,104.244.42.0-255,66,169306,15,329478
1234,0.025484,104.244.42.0-255,66,169372,15,329478
1235,0.026236,74.125.24.0-255,2902,172274,15,329478
1236,0.026242,172.31.36.0-255,66,172340,15,329478
1237,0.026269,74.125.24.0-255,2902,175242,15,329478
1238,0.026298,172.31.36.0-255,66,175308,15,329478
1239,0.028465,74.125.24.0-255,2902,178210,15,329478
1240,0.028472,172.31.36.0-255,66,178276,15,329478
1241,0.028532,74.125.24.0-255,2902,181178,15,329478
1242,0.028549,172.31.36.0-255,66,181244,15,329478
1243,0.030719,74.125.24.0-255,2902,184146,15,329478
1244,0.030726,172.31.36.0-255,66,184212,15,329478
1245,0.030764,74.125.24.0-255,2902,187114,15,329478
1246,0.030786,172.31.36.0-255,66,187180,15,329478
1247,0.032972,74.125.24.0-255,2902,190082,15,329478
1248,0.032979,172.31.36.0-255,66,190148,15,329478
1249,0.032999,74.125.24.0-255,2902,193050,15,329478
1250,0.033028,172.31.36.0-255,66,193116,15,329478
1251,0.03524,74.125.24.0-255,2902,196018,15,329478
1252,0.035246,172.31.36.0-255,66,196084,15,329478
1253,0.035293,74.125.24.0-255,2902,198986,15,329478
1254,0.035337,172.31.36.0-255,66,199052,15,329478
1255,0.037469,74.125.24.0-255,2902,201954,15,329478
1256,0.037476,172.31.36.0-255,66,202020,15,329478
1257,0.037574,74.125.24.0-255,2902,204922,15,329478
1258,0.037589,172.31.36.0-255,66,204988,15,329478
1259,0.039723,74.125.24.0-255,2902,207890,15,329478
1260,0.039729,172.31.36.0-255,66,207956,15,329478
1261,0.039845,74.125.24.0-255,2902,210858,15,329478
1262,0.03985,172.31.36.0-255,66,210924,15,329478
1263,0.041954,74.125.24.0-255,2902,213826,15,329478
1264,0.041974,172.31.36.0-255,66,213892,15,329478
1265,0.042076,74.125.24.0-255,2902,216794,15,329478
1266,0.042106,172.31.36.0-255,66,216860,15,329478
1267,0.044207,74.125.24.0-255,2902,219762,15,329478
1268,0.044213,172.31.36.0-255,66,219828,15,329478
1269,0.044336,74.125.24.0-255,2902,222730,15,329478
1270,0.044341,172.31.36.0-255,66,222796,15,329478
1271,0.046447,74.125.24.0-255,2902,225698,15,329478
1272,0.046454,172.31.36.0-255,66,225764,15,329478
1273,0.046582,74.125.24.0-255,2902,228666,15,329478
1274,0.046587,172.31.36.0-255,66,228732,15,329478
1275,0.048676,74.125.24.0-255,2902,231634,15,329478
1276,0.048683,172.31.36.0-255,66,231700,15,329478
1277,0.04882,74.125.24.0-255,2902,234602,15,329478
1278,0.048825,172.31.36.0-255,66,234668,15,329478
1279,0.050942,74.125.24.0-255,2902,237570,15,329478
1280,0.050948,172.31.36.0-255,66,237636,15,329478
1281,0.051059,74.125.24.0-255,2902,240538,15,329478
1282,0.051065,172.31.36.0-255,66,240604,15,329478
1283,0.053233,74.125.24.0-255,2902,243506,15,329478
1284,0.05324,172.31.36.0-255,66,243572,15,329478
1285,0.053312,74.125.24.0-255,2902,246474,15,329478
1286,0.053332,172.31.36.0-255,66,246540,15,329478
1287,0.055444,74.125.24.0-255,2902,249442,15,329478
1288,0.055452,172.31.36.0-255,66,249508,15,329478
1289,0.055551,74.125.24.0-255,2902,252410,15,329478
1290,0.057725,74.125.24.0-255,2902,255312,15,329478
1291,0.059753,172.31.36.0-255,66,255378,15,329478
1292,0.061994,74.125.24.0-255,4320,259698,15,329478
1293,0.062001,172.31.36.0-255,66,259764,15,329478
1294,0.06202,74.125.24.0-255,1484,261248,15,329478
1295,0.064273,74.125.24.0-255,4320,265568,15,329478
1296,0.06428,172.31.36.0-255,66,265634,15,329478
1297,0.066532,74.125.24.0-255,5738,271372,15,329478
1298,0.06658,172.31.36.0-255,66,271438,15,329478
1299,0.06885,74.125.24.0-255,5738,277176,15,329478
1300,0.068857,172.31.36.0-255,66,277242,15,329478
1301,0.071128,74.125.24.0-255,5738,282980,15,329478
1302,0.071134,172.31.36.0-255,66,283046,15,329478
1303,0.073367,74.125.24.0-255,5738,288784,15,329478
1304,0.073373,172.31.36.0-255,66,288850,15,329478
1305,0.07566,74.125.24.0-255,5738,294588,15,329478
1306,0.075666,172.31.36.0-255,66,294654,15,329478
1307,0.077912,74.125.24.0-255,5738,300392,15,329478
1308,0.077918,172.31.36.0-255,66,300458,15,329478
1309,0.080153,74.125.24.0-255,5738,306196,15,329478
1310,0.08016,172.31.36.0-255,66,306262,15,329478
1311,0.082427,74.125.24.0-255,5738,312000,15,329478
1312,0.082433,172.31.36.0-255,66,312066,15,329478
1313,0.08467,74.125.24.0-255,5738,317804,15,329478
1314,0.084676,172.31.36.0-255,66,317870,15,329478
1315,0.086943,74.125.24.0-255,5738,323608,15,329478
1316,0.086948,172.31.36.0-255,66,323674,15,329478
1317,0.089245,74.125.24.0-255,5738,329412,15,329478
1318,0.089251,172.31.36.0-255,66,329478,15,329478
1319,0.0,172.217.194.0-255,153,153,15,292034
1320,2.2e-05,172.31.36.0-255,66,219,15,292034
1321,3e-05,172.217.194.0-255,1484,1703,15,292034
1322,3.5e-05,172.31.36.0-255,66,1769,15,292034
1323,5e-05,172.217.194.0-255,2902,4671,15,292034
1324,5.5e-05,172.31.36.0-255,66,4737,15,292034
1325,6.3e-05,172.217.194.0-255,7156,11893,15,292034
1326,6.7e-05,172.31.36.0-255,66,11959,15,292034
1327,7.9e-05,172.31.36.0-255,66,12025,15,292034
1328,0.000118,172.31.36.0-255,66,12091,15,292034
1329,0.000157,172.31.36.0-255,66,12157,15,292034
1330,0.000162,172.217.194.0-255,2902,15059,15,292034
1331,0.000164,172.31.36.0-255,66,15125,15,292034
1332,0.000189,172.217.194.0-255,2543,17668,15,292034
1333,0.000196,172.31.36.0-255,66,17734,15,292034
1334,0.000301,172.217.194.0-255,1484,19218,15,292034
1335,0.000304,172.31.36.0-255,66,19284,15,292034
1336,0.000311,172.217.194.0-255,2902,22186,15,292034
1337,0.000314,172.31.36.0-255,66,22252,15,292034
1338,0.000345,172.217.194.0-255,5738,27990,15,292034
1339,0.000349,172.31.36.0-255,66,28056,15,292034
1340,0.000383,172.217.194.0-255,6797,34853,15,292034
1341,0.000385,172.31.36.0-255,66,34919,15,292034
1342,0.000389,172.217.194.0-255,645,35564,15,292034
1343,0.000391,172.31.36.0-255,66,35630,15,292034
1344,0.000558,172.217.194.0-255,1484,37114,15,292034
1345,0.000563,172.31.36.0-255,66,37180,15,292034
1346,0.000582,172.217.194.0-255,2902,40082,15,292034
1347,0.000585,172.31.36.0-255,66,40148,15,292034
1348,0.000615,172.217.194.0-255,5738,45886,15,292034
1349,0.000618,172.31.36.0-255,66,45952,15,292034
1350,0.000625,172.217.194.0-255,6797,52749,15,292034
1351,0.000627,172.31.36.0-255,66,52815,15,292034
1352,0.000674,172.31.36.0-255,66,52881,15,292034
1353,0.000701,172.217.194.0-255,2543,55424,15,292034
1354,0.000704,172.31.36.0-255,66,55490,15,292034
1355,0.001817,172.217.194.0-255,1484,56974,15,292034
1356,0.001829,172.217.194.0-255,2902,59876,15,292034
1357,0.001834,172.31.36.0-255,66,59942,15,292034
1358,0.001842,172.217.194.0-255,5738,65680,15,292034
1359,0.001844,172.31.36.0-255,66,65746,15,292034
1360,0.001887,172.31.36.0-255,66,65812,15,292034
1361,0.001902,172.31.36.0-255,66,65878,15,292034
1362,0.001919,172.217.194.0-255,2184,68062,15,292034
1363,0.001921,172.31.36.0-255,66,68128,15,292034
1364,0.00418,172.217.194.0-255,2902,71030,15,292034
1365,0.004188,172.31.36.0-255,66,71096,15,292034
1366,0.004218,172.217.194.0-255,2902,73998,15,292034
1367,0.00422,172.31.36.0-255,66,74064,15,292034
1368,0.006462,172.217.194.0-255,2902,76966,15,292034
1369,0.006466,172.31.36.0-255,66,77032,15,292034
1370,0.006491,172.217.194.0-255,2902,79934,15,292034
1371,0.006493,172.31.36.0-255,66,80000,15,292034
1372,0.008754,172.217.194.0-255,2902,82902,15,292034
1373,0.008762,172.31.36.0-255,66,82968,15,292034
1374,0.008806,172.217.194.0-255,2902,85870,15,292034
1375,0.00881,172.31.36.0-255,66,85936,15,292034
1376,0.011039,172.217.194.0-255,2902,88838,15,292034
1377,0.011048,172.31.36.0-255,66,88904,15,292034
1378,0.011103,172.217.194.0-255,2902,91806,15,292034
1379,0.011106,172.31.36.0-255,66,91872,15,292034
1380,0.013357,172.217.194.0-255,2902,94774,15,292034
1381,0.013365,172.31.36.0-255,66,94840,15,292034
1382,0.013404,172.217.194.0-255,2902,97742,15,292034
1383,0.013407,172.31.36.0-255,66,97808,15,292034
1384,0.015663,172.217.194.0-255,2902,100710,15,292034
1385,0.015674,172.31.36.0-255,66,100776,15,292034
1386,0.015702,172.217.194.0-255,2902,103678,15,292034
1387,0.015705,172.31.36.0-255,66,103744,15,292034
1388,0.017955,172.217.194.0-255,2902,106646,15,292034
1389,0.017963,172.31.36.0-255,66,106712,15,292034
1390,0.017997,172.217.194.0-255,2902,109614,15,292034
1391,0.017999,172.31.36.0-255,66,109680,15,292034
1392,0.020246,172.217.194.0-255,1484,111164,15,292034
1393,0.020268,172.217.194.0-255,1484,112648,15,292034
1394,0.020274,172.31.36.0-255,66,112714,15,292034
1395,0.020304,172.217.194.0-255,2902,115616,15,292034
1396,0.020307,172.31.36.0-255,66,115682,15,292034
1397,0.022543,172.217.194.0-255,2902,118584,15,292034
1398,0.022552,172.31.36.0-255,66,118650,15,292034
1399,0.02258,172.217.194.0-255,2902,121552,15,292034
1400,0.022583,172.31.36.0-255,66,121618,15,292034
1401,0.022721,172.31.36.0-255,167,121785,15,292034
1402,0.02275,172.31.36.0-255,1108,122893,15,292034
1403,0.022866,172.31.36.0-255,1514,124407,15,292034
1404,0.022868,172.31.36.0-255,333,124740,15,292034
1405,0.024419,104.244.42.0-255,66,124806,15,292034
1406,0.024835,172.217.194.0-255,2902,127708,15,292034
1407,0.024841,172.31.36.0-255,66,127774,15,292034
1408,0.024871,172.217.194.0-255,2902,130676,15,292034
1409,0.024875,172.31.36.0-255,66,130742,15,292034
1410,0.027134,172.217.194.0-255,2902,133644,15,292034
1411,0.027141,172.31.36.0-255,66,133710,15,292034
1412,0.027171,172.217.194.0-255,2902,136612,15,292034
1413,0.027174,172.31.36.0-255,66,136678,15,292034
1414,0.029456,172.217.194.0-255,5738,142416,15,292034
1415,0.029462,172.31.36.0-255,66,142482,15,292034
1416,0.031758,172.217.194.0-255,5738,148220,15,292034
1417,0.031765,172.31.36.0-255,66,148286,15,292034
1418,0.034072,172.217.194.0-255,5738,154024,15,292034
1419,0.034079,172.31.36.0-255,66,154090,15,292034
1420,0.036393,172.217.194.0-255,5738,159828,15,292034
1421,0.0364,172.31.36.0-255,66,159894,15,292034
1422,0.038699,172.217.194.0-255,5738,165632,15,292034
1423,0.038705,172.31.36.0-255,66,165698,15,292034
1424,0.041004,172.217.194.0-255,5738,171436,15,292034
1425,0.041011,172.31.36.0-255,66,171502,15,292034
1426,0.043308,172.217.194.0-255,5738,177240,15,292034
1427,0.043316,172.31.36.0-255,66,177306,15,292034
1428,0.045641,172.217.194.0-255,5738,183044,15,292034
1429,0.045648,172.31.36.0-255,66,183110,15,292034
1430,0.048005,172.217.194.0-255,5738,188848,15,292034
1431,0.048012,172.31.36.0-255,66,188914,15,292034
1432,0.050319,172.217.194.0-255,5738,194652,15,292034
1433,0.050334,172.31.36.0-255,66,194718,15,292034
1434,0.052668,172.217.194.0-255,5738,200456,15,292034
1435,0.05268,172.31.36.0-255,66,200522,15,292034
1436,0.055054,172.217.194.0-255,5738,206260,15,292034
1437,0.055061,172.31.36.0-255,66,206326,15,292034
1438,0.057379,172.217.194.0-255,5738,212064,15,292034
1439,0.057386,172.31.36.0-255,66,212130,15,292034
1440,0.059701,172.217.194.0-255,5738,217868,15,292034
1441,0.059708,172.31.36.0-255,66,217934,15,292034
1442,0.062011,172.217.194.0-255,5738,223672,15,292034
1443,0.062021,172.31.36.0-255,66,223738,15,292034
1444,0.064322,172.217.194.0-255,4320,228058,15,292034
1445,0.06433,172.31.36.0-255,66,228124,15,292034
1446,0.064362,172.217.194.0-255,1484,229608,15,292034
1447,0.066631,172.217.194.0-255,4320,233928,15,292034
1448,0.066638,172.31.36.0-255,66,233994,15,292034
1449,0.068949,172.217.194.0-255,5738,239732,15,292034
1450,0.068956,172.31.36.0-255,66,239798,15,292034
1451,0.071281,172.217.194.0-255,5738,245536,15,292034
1452,0.071288,172.31.36.0-255,66,245602,15,292034
1453,0.073616,172.217.194.0-255,5738,251340,15,292034
1454,0.073623,172.31.36.0-255,66,251406,15,292034
1455,0.075918,172.217.194.0-255,5738,257144,15,292034
1456,0.075923,172.31.36.0-255,66,257210,15,292034
1457,0.078234,172.217.194.0-255,5738,262948,15,292034
1458,0.07824,172.31.36.0-255,66,263014,15,292034
1459,0.080534,172.217.194.0-255,5738,268752,15,292034
1460,0.08054,172.31.36.0-255,66,268818,15,292034
1461,0.082839,172.217.194.0-255,5738,274556,15,292034
1462,0.082846,172.31.36.0-255,66,274622,15,292034
1463,0.085177,172.217.194.0-255,5738,280360,15,292034
1464,0.085185,172.31.36.0-255,66,280426,15,292034
1465,0.087503,172.217.194.0-255,5738,286164,15,292034
1466,0.08751,172.31.36.0-255,66,286230,15,292034
1467,0.08982,172.217.194.0-255,5738,291968,15,292034
1468,0.089828,172.31.36.0-255,66,292034,15,292034
1469,0.0,74.125.200.0-255,150,150,15,385080
1470,3.5e-05,172.31.36.0-255,66,216,15,385080
1471,4.3e-05,74.125.200.0-255,1484,1700,15,385080
1472,4.7e-05,172.31.36.0-255,66,1766,15,385080
1473,5.3e-05,74.125.200.0-255,2902,4668,15,385080
1474,6.3e-05,172.31.36.0-255,66,4734,15,385080
1475,7.1e-05,74.125.200.0-255,7156,11890,15,385080
1476,7.3e-05,172.31.36.0-255,66,11956,15,385080
1477,7.8e-05,74.125.200.0-255,2038,13994,15,385080
1478,8.1e-05,172.31.36.0-255,66,14060,15,385080
1479,0.000146,74.125.200.0-255,1484,15544,15,385080
1480,0.000149,172.31.36.0-255,66,15610,15,385080
1481,0.000153,74.125.200.0-255,1484,17094,15,385080
1482,0.000155,172.31.36.0-255,66,17160,15,385080
1483,0.000174,74.125.200.0-255,1484,18644,15,385080
1484,0.000176,172.31.36.0-255,66,18710,15,385080
1485,0.000188,74.125.200.0-255,1484,20194,15,385080
1486,0.000191,172.31.36.0-255,66,20260,15,385080
1487,0.000229,74.125.200.0-255,4320,24580,15,385080
1488,0.000233,172.31.36.0-255,66,24646,15,385080
1489,0.000241,74.125.200.0-255,4320,28966,15,385080
1490,0.000243,172.31.36.0-255,66,29032,15,385080
1491,0.000257,74.125.200.0-255,5379,34411,15,385080
1492,0.000259,172.31.36.0-255,66,34477,15,385080
1493,0.000293,74.125.200.0-255,5738,40215,15,385080
1494,0.000296,172.31.36.0-255,66,40281,15,385080
1495,0.000323,74.125.200.0-255,5738,46019,15,385080
1496,0.000327,172.31.36.0-255,66,46085,15,385080
1497,0.000353,74.125.200.0-255,2543,48628,15,385080
1498,0.000356,172.31.36.0-255,66,48694,15,385080
1499,0.000662,74.125.200.0-255,1484,50178,15,385080
1500,0.000667,172.31.36.0-255,66,50244,15,385080
1501,0.000671,74.125.200.0-255,1484,51728,15,385080
1502,0.000696,74.125.200.0-255,1484,53212,15,385080
1503,0.000699,172.31.36.0-255,66,53278,15,385080
1504,0.000706,74.125.200.0-255,5738,59016,15,385080
1505,0.000709,172.31.36.0-255,66,59082,15,385080
1506,0.000718,74.125.200.0-255,1484,60566,15,385080
1507,0.00076,74.125.200.0-255,2902,63468,15,385080
1508,0.000763,172.31.36.0-255,66,63534,15,385080
1509,0.000789,74.125.200.0-255,2543,66077,15,385080
1510,0.000792,172.31.36.0-255,66,66143,15,385080
1511,0.000848,74.125.200.0-255,1484,67627,15,385080
1512,0.000893,74.125.200.0-255,2902,70529,15,385080
1513,0.000896,172.31.36.0-255,66,70595,15,385080
1514,0.000916,74.125.200.0-255,4320,74915,15,385080
1515,0.000919,172.31.36.0-255,66,74981,15,385080
1516,0.000948,74.125.200.0-255,5738,80719,15,385080
1517,0.000951,172.31.36.0-255,66,80785,15,385080
1518,0.00097,74.125.200.0-255,3961,84746,15,385080
1519,0.000973,172.31.36.0-255,66,84812,15,385080
1520,0.000979,74.125.200.0-255,4320,89132,15,385080
1521,0.000981,172.31.36.0-255,66,89198,15,385080
1522,0.001018,172.31.36.0-255,66,89264,15,385080
1523,0.001023,74.125.200.0-255,1704,90968,15,385080
1524,0.001028,172.31.36.0-255,66,91034,15,385080
1525,0.00161,74.125.200.0-255,1484,92518,15,385080
1526,0.00162,74.125.200.0-255,2902,95420,15,385080
1527,0.001624,172.31.36.0-255,66,95486,15,385080
1528,0.001628,74.125.200.0-255,1484,96970,15,385080
1529,0.001651,74.125.200.0-255,1484,98454,15,385080
1530,0.001653,172.31.36.0-255,66,98520,15,385080
1531,0.001659,74.125.200.0-255,4320,102840,15,385080
1532,0.001662,172.31.36.0-255,66,102906,15,385080
1533,0.001675,74.125.200.0-255,7156,110062,15,385080
1534,0.001677,172.31.36.0-255,66,110128,15,385080
1535,0.001708,74.125.200.0-255,1484,111612,15,385080
1536,0.001715,74.125.200.0-255,7156,118768,15,385080
1537,0.001718,172.31.36.0-255,66,118834,15,385080
1538,0.001749,74.125.200.0-255,5890,124724,15,385080
1539,0.001751,172.31.36.0-255,66,124790,15,385080
1540,0.001807,74.125.200.0-255,1484,126274,15,385080
1541,0.001828,74.125.200.0-255,2902,129176,15,385080
1542,0.001831,172.31.36.0-255,66,129242,15,385080
1543,0.001835,74.125.200.0-255,1484,130726,15,385080
1544,0.00186,74.125.200.0-255,1484,132210,15,385080
1545,0.001862,172.31.36.0-255,66,132276,15,385080
1546,0.00187,74.125.200.0-255,4320,136596,15,385080
1547,0.001871,172.31.36.0-255,66,136662,15,385080
1548,0.001897,74.125.200.0-255,2902,139564,15,385080
1549,0.0019,172.31.36.0-255,66,139630,15,385080
1550,0.001923,172.31.36.0-255,66,139696,15,385080
1551,0.001981,74.125.200.0-255,5738,145434,15,385080
1552,0.001983,172.31.36.0-255,66,145500,15,385080
1553,0.002012,74.125.200.0-255,2184,147684,15,385080
1554,0.002014,172.31.36.0-255,66,147750,15,385080
1555,0.002113,74.125.200.0-255,1484,149234,15,385080
1556,0.002124,74.125.200.0-255,2902,152136,15,385080
1557,0.002126,172.31.36.0-255,66,152202,15,385080
1558,0.002151,74.125.200.0-255,5738,157940,15,385080
1559,0.002153,172.31.36.0-255,66,158006,15,385080
1560,0.002159,74.125.200.0-255,7156,165162,15,385080
1561,0.002161,172.31.36.0-255,66,165228,15,385080
1562,0.002199,74.125.200.0-255,7156,172384,15,385080
1563,0.002202,172.31.36.0-255,66,172450,15,385080
1564,0.002232,74.125.200.0-255,7156,179606,15,385080
1565,0.002235,172.31.36.0-255,66,179672,15,385080
1566,0.002239,74.125.200.0-255,2184,181856,15,385080
1567,0.002241,172.31.36.0-255,66,181922,15,385080
1568,0.004486,74.125.200.0-255,4320,186242,15,385080
1569,0.00449,172.31.36.0-255,66,186308,15,385080
1570,0.004518,74.125.200.0-255,1484,187792,15,385080
1571,0.006747,74.125.200.0-255,4320,192112,15,385080
1572,0.006753,172.31.36.0-255,66,192178,15,385080
1573,0.00902,74.125.200.0-255,5738,197916,15,385080
1574,0.009027,172.31.36.0-255,66,197982,15,385080
1575,0.011307,74.125.200.0-255,5738,203720,15,385080
1576,0.011323,172.31.36.0-255,66,203786,15,385080
1577,0.013599,74.125.200.0-255,5738,209524,15,385080
1578,0.013615,172.31.36.0-255,66,209590,15,385080
1579,0.015893,74.125.200.0-255,5738,215328,15,385080
1580,0.01591,172.31.36.0-255,66,215394,15,385080
1581,0.018179,74.125.200.0-255,5738,221132,15,385080
1582,0.018187,172.31.36.0-255,66,221198,15,385080
1583,0.020485,74.125.200.0-255,5738,226936,15,385080
1584,0.020497,172.31.36.0-255,66,227002,15,385080
1585,0.022758,74.125.200.0-255,5738,232740,15,385080
1586,0.022768,172.31.36.0-255,66,232806,15,385080
1587,0.025078,74.125.200.0-255,5738,238544,15,385080
1588,0.0251,172.31.36.0-255,66,238610,15,385080
1589,0.027376,74.125.200.0-255,5738,244348,15,385080
1590,0.027392,172.31.36.0-255,66,244414,15,385080
1591,0.029677,74.125.200.0-255,5738,250152,15,385080
1592,0.029691,172.31.36.0-255,66,250218,15,385080
1593,0.031992,74.125.200.0-255,5738,255956,15,385080
1594,0.032001,172.31.36.0-255,66,256022,15,385080
1595,0.034276,74.125.200.0-255,5738,261760,15,385080
1596,0.034283,172.31.36.0-255,66,261826,15,385080
1597,0.034358,172.31.36.0-255,167,261993,15,385080
1598,0.034406,172.31.36.0-255,1110,263103,15,385080
1599,0.03468,172.31.36.0-255,1514,264617,15,385080
1600,0.034683,172.31.36.0-255,1295,265912,15,385080
1601,0.035922,104.244.42.0-255,66,265978,15,385080
1602,0.03601,104.244.42.0-255,66,266044,15,385080
1603,0.036266,104.244.42.0-255,66,266110,15,385080
1604,0.036537,74.125.200.0-255,5738,271848,15,385080
1605,0.036543,172.31.36.0-255,66,271914,15,385080
1606,0.038807,74.125.200.0-255,5738,277652,15,385080
1607,0.038812,172.31.36.0-255,66,277718,15,385080
1608,0.041073,74.125.200.0-255,5738,283456,15,385080
1609,0.041079,172.31.36.0-255,66,283522,15,385080
1610,0.043339,74.125.200.0-255,4320,287842,15,385080
1611,0.043344,172.31.36.0-255,66,287908,15,385080
1612,0.043375,74.125.200.0-255,1484,289392,15,385080
1613,0.045604,74.125.200.0-255,4320,293712,15,385080
1614,0.04561,172.31.36.0-255,66,293778,15,385080
1615,0.047866,74.125.200.0-255,5738,299516,15,385080
1616,0.047872,172.31.36.0-255,66,299582,15,385080
1617,0.050134,74.125.200.0-255,5738,305320,15,385080
1618,0.050141,172.31.36.0-255,66,305386,15,385080
1619,0.052407,74.125.200.0-255,5738,311124,15,385080
1620,0.052414,172.31.36.0-255,66,311190,15,385080
1621,0.054669,74.125.200.0-255,5738,316928,15,385080
1622,0.054674,172.31.36.0-255,66,316994,15,385080
1623,0.056933,74.125.200.0-255,4320,321314,15,385080
1624,0.056938,172.31.36.0-255,66,321380,15,385080
1625,0.056972,74.125.200.0-255,1484,322864,15,385080
1626,0.059206,74.125.200.0-255,4320,327184,15,385080
1627,0.059212,172.31.36.0-255,66,327250,15,385080
1628,0.061495,74.125.200.0-255,5738,332988,15,385080
1629,0.061501,172.31.36.0-255,66,333054,15,385080
1630,0.063759,74.125.200.0-255,5738,338792,15,385080
1631,0.063767,172.31.36.0-255,66,338858,15,385080
1632,0.066034,74.125.200.0-255,5738,344596,15,385080
1633,0.066039,172.31.36.0-255,66,344662,15,385080
1634,0.068303,74.125.200.0-255,5738,350400,15,385080
1635,0.068309,172.31.36.0-255,66,350466,15,385080
1636,0.070582,74.125.200.0-255,5738,356204,15,385080
1637,0.070587,172.31.36.0-255,66,356270,15,385080
1638,0.072847,74.125.200.0-255,2902,359172,15,385080
1639,0.072852,172.31.36.0-255,66,359238,15,385080
1640,0.072887,74.125.200.0-255,2902,362140,15,385080
1641,0.07289,172.31.36.0-255,66,362206,15,385080
1642,0.075106,74.125.200.0-255,2902,365108,15,385080
1643,0.075113,172.31.36.0-255,66,365174,15,385080
1644,0.075148,74.125.200.0-255,2902,368076,15,385080
1645,0.075152,172.31.36.0-255,66,368142,15,385080
1646,0.077363,74.125.200.0-255,2902,371044,15,385080
1647,0.077369,172.31.36.0-255,66,371110,15,385080
1648,0.077403,74.125.200.0-255,2902,374012,15,385080
1649,0.077406,172.31.36.0-255,66,374078,15,385080
1650,0.079637,74.125.200.0-255,2902,376980,15,385080
1651,0.079643,172.31.36.0-255,66,377046,15,385080
1652,0.079676,74.125.200.0-255,2902,379948,15,385080
1653,0.079679,172.31.36.0-255,66,380014,15,385080
1654,0.081902,74.125.200.0-255,2902,382916,15,385080
1655,0.081907,172.31.36.0-255,66,382982,15,385080
1656,0.081941,74.125.200.0-255,1861,384843,15,385080
1657,0.081944,172.31.36.0-255,66,384909,15,385080
1658,0.082114,172.31.36.0-255,105,385014,15,385080
1659,0.084339,74.125.200.0-255,66,385080,15,385080
1660,0.0,74.125.24.0-255,152,152,15,315655
1661,2.3e-05,172.31.36.0-255,66,218,15,315655
1662,2.9e-05,74.125.24.0-255,1484,1702,15,315655
1663,3.4e-05,172.31.36.0-255,66,1768,15,315655
1664,4e-05,74.125.24.0-255,2902,4670,15,315655
1665,4.4e-05,172.31.36.0-255,66,4736,15,315655
1666,5.2e-05,74.125.24.0-255,7156,11892,15,315655
1667,5.5e-05,172.31.36.0-255,66,11958,15,315655
1668,7.4e-05,74.125.24.0-255,2049,14007,15,315655
1669,7.7e-05,172.31.36.0-255,66,14073,15,315655
1670,0.000512,74.125.24.0-255,1484,15557,15,315655
1671,0.000518,172.31.36.0-255,66,15623,15,315655
1672,0.000526,74.125.24.0-255,2902,18525,15,315655
1673,0.000529,172.31.36.0-255,66,18591,15,315655
1674,0.000546,74.125.24.0-255,5738,24329,15,315655
1675,0.000548,172.31.36.0-255,66,24395,15,315655
1676,0.000572,74.125.24.0-255,6797,31192,15,315655
1677,0.000576,172.31.36.0-255,66,31258,15,315655
1678,0.000753,74.125.24.0-255,1484,32742,15,315655
1679,0.000757,172.31.36.0-255,66,32808,15,315655
1680,0.000764,74.125.24.0-255,2902,35710,15,315655
1681,0.000766,172.31.36.0-255,66,35776,15,315655
1682,0.00077,74.125.24.0-255,1484,37260,15,315655
1683,0.000772,172.31.36.0-255,66,37326,15,315655
1684,0.000777,74.125.24.0-255,2902,40228,15,315655
1685,0.00078,172.31.36.0-255,66,40294,15,315655
1686,0.000798,74.125.24.0-255,4320,44614,15,315655
1687,0.000801,172.31.36.0-255,66,44680,15,315655
1688,0.000825,74.125.24.0-255,1484,46164,15,315655
1689,0.000828,172.31.36.0-255,66,46230,15,315655
1690,0.000833,74.125.24.0-255,2543,48773,15,315655
1691,0.000835,172.31.36.0-255,66,48839,15,315655
1692,0.00084,74.125.24.0-255,2902,51741,15,315655
1693,0.000865,74.125.24.0-255,7156,58897,15,315655
1694,0.00087,74.125.24.0-255,2902,61799,15,315655
1695,0.000883,74.125.24.0-255,2902,64701,15,315655
1696,0.000919,74.125.24.0-255,1431,66132,15,315655
1697,0.000944,74.125.24.0-255,114,66246,15,315655
1698,0.001012,74.125.24.0-255,331,66577,15,315655
1699,0.001137,74.125.24.0-255,1484,68061,15,315655
1700,0.001144,74.125.24.0-255,2902,70963,15,315655
1701,0.001171,74.125.24.0-255,5738,76701,15,315655
1702,0.001175,74.125.24.0-255,2902,79603,15,315655
1703,0.001208,74.125.24.0-255,5738,85341,15,315655
1704,0.001227,74.125.24.0-255,4320,89661,15,315655
1705,0.001252,74.125.24.0-255,766,90427,15,315655
1706,0.00174,74.125.24.0-255,1484,91911,15,315655
1707,0.001745,74.125.24.0-255,1484,93395,15,315655
1708,0.001759,74.125.24.0-255,1484,94879,15,315655
1709,0.001765,74.125.24.0-255,5738,100617,15,315655
1710,0.001778,74.125.24.0-255,2902,103519,15,315655
1711,0.001793,74.125.24.0-255,7156,110675,15,315655
1712,0.001836,74.125.24.0-255,2902,113577,15,315655
1713,0.001876,74.125.24.0-255,1484,115061,15,315655
1714,0.001888,74.125.24.0-255,2902,117963,15,315655
1715,0.001913,74.125.24.0-255,5738,123701,15,315655
1716,0.001947,74.125.24.0-255,4320,128021,15,315655
1717,0.00196,74.125.24.0-255,2902,130923,15,315655
1718,0.001989,74.125.24.0-255,3602,134525,15,315655
1719,0.002019,74.125.24.0-255,4320,138845,15,315655
1720,0.002075,74.125.24.0-255,1484,140329,15,315655
1721,0.002108,74.125.24.0-255,2184,142513,15,315655
1722,0.002133,74.125.24.0-255,1484,143997,15,315655
1723,0.002138,74.125.24.0-255,2902,146899,15,315655
1724,0.002141,74.125.24.0-255,1484,148383,15,315655
1725,0.002162,74.125.24.0-255,4320,152703,15,315655
1726,0.002166,74.125.24.0-255,2902,155605,15,315655
1727,0.002192,74.125.24.0-255,2902,158507,15,315655
1728,0.002281,74.125.24.0-255,1484,159991,15,315655
1729,0.002305,74.125.24.0-255,2902,162893,15,315655
1730,0.002311,74.125.24.0-255,5738,168631,15,315655
1731,0.00232,74.125.24.0-255,7156,175787,15,315655
1732,0.002357,74.125.24.0-255,5738,181525,15,315655
1733,0.007121,172.31.36.0-255,66,181591,15,315655
1734,0.009469,74.125.24.0-255,5738,187329,15,315655
1735,0.009481,172.31.36.0-255,66,187395,15,315655
1736,0.011808,74.125.24.0-255,5738,193133,15,315655
1737,0.011816,172.31.36.0-255,66,193199,15,315655
1738,0.014159,74.125.24.0-255,5738,198937,15,315655
1739,0.016525,172.31.36.0-255,66,199003,15,315655
1740,0.018882,74.125.24.0-255,5738,204741,15,315655
1741,0.018895,172.31.36.0-255,66,204807,15,315655
1742,0.021202,74.125.24.0-255,5738,210545,15,315655
1743,0.021211,172.31.36.0-255,66,210611,15,315655
1744,0.02356,74.125.24.0-255,4320,214931,15,315655
1745,0.023567,172.31.36.0-255,66,214997,15,315655
1746,0.023587,74.125.24.0-255,1484,216481,15,315655
1747,0.025912,74.125.24.0-255,4320,220801,15,315655
1748,0.025919,172.31.36.0-255,66,220867,15,315655
1749,0.028312,74.125.24.0-255,5738,226605,15,315655
1750,0.028319,172.31.36.0-255,66,226671,15,315655
1751,0.030635,74.125.24.0-255,5738,232409,15,315655
1752,0.030643,172.31.36.0-255,66,232475,15,315655
1753,0.032954,74.125.24.0-255,5738,238213,15,315655
1754,0.032961,172.31.36.0-255,66,238279,15,315655
1755,0.03363,172.31.36.0-255,172,238451,15,315655
1756,0.03366,172.31.36.0-255,1110,239561,15,315655
1757,0.033712,172.31.36.0-255,1514,241075,15,315655
1758,0.033714,172.31.36.0-255,1296,242371,15,315655
1759,0.03519,104.244.42.0-255,66,242437,15,315655
1760,0.035307,74.125.24.0-255,5738,248175,15,315655
1761,0.035313,172.31.36.0-255,66,248241,15,315655
1762,0.035389,104.244.42.0-255,66,248307,15,315655
1763,0.035394,104.244.42.0-255,66,248373,15,315655
1764,0.037673,74.125.24.0-255,5738,254111,15,315655
1765,0.037681,172.31.36.0-255,66,254177,15,315655
1766,0.040014,74.125.24.0-255,5738,259915,15,315655
1767,0.040019,172.31.36.0-255,66,259981,15,315655
1768,0.042337,74.125.24.0-255,1484,261465,15,315655
1769,0.042354,74.125.24.0-255,4320,265785,15,315655
1770,0.042358,172.31.36.0-255,66,265851,15,315655
1771,0.044705,74.125.24.0-255,5738,271589,15,315655
1772,0.044712,172.31.36.0-255,66,271655,15,315655
1773,0.047106,74.125.24.0-255,5738,277393,15,315655
1774,0.047111,172.31.36.0-255,66,277459,15,315655
1775,0.049439,74.125.24.0-255,5738,283197,15,315655
1776,0.049446,172.31.36.0-255,66,283263,15,315655
1777,0.051796,74.125.24.0-255,5738,289001,15,315655
1778,0.051804,172.31.36.0-255,66,289067,15,315655
1779,0.054125,74.125.24.0-255,5738,294805,15,315655
1780,0.054131,172.31.36.0-255,66,294871,15,315655
1781,0.056465,74.125.24.0-255,1484,296355,15,315655
1782,0.056483,74.125.24.0-255,4320,300675,15,315655
1783,0.056486,172.31.36.0-255,66,300741,15,315655
1784,0.058824,74.125.24.0-255,5738,306479,15,315655
1785,0.05883,172.31.36.0-255,66,306545,15,315655
1786,0.061179,74.125.24.0-255,5738,312283,15,315655
1787,0.061185,172.31.36.0-255,66,312349,15,315655
1788,0.063504,74.125.24.0-255,3069,315418,15,315655
1789,0.063511,172.31.36.0-255,66,315484,15,315655
1790,0.06369,172.31.36.0-255,105,315589,15,315655
1791,0.065961,74.125.24.0-255,66,315655,15,315655
1792,0.0,74.125.200.0-255,143,143,15,358362
1793,2.3e-05,172.31.36.0-255,66,209,15,358362
1794,4.7e-05,74.125.200.0-255,1484,1693,15,358362
1795,5.2e-05,172.31.36.0-255,66,1759,15,358362
1796,5.9e-05,74.125.200.0-255,2902,4661,15,358362
1797,6.3e-05,172.31.36.0-255,66,4727,15,358362
1798,7e-05,74.125.200.0-255,4320,9047,15,358362
1799,7.3e-05,172.31.36.0-255,66,9113,15,358362
1800,9.6e-05,74.125.200.0-255,1484,10597,15,358362
1801,9.9e-05,172.31.36.0-255,66,10663,15,358362
1802,0.000105,74.125.200.0-255,3488,14151,15,358362
1803,0.000108,172.31.36.0-255,66,14217,15,358362
1804,0.000115,74.125.200.0-255,4320,18537,15,358362
1805,0.000117,172.31.36.0-255,66,18603,15,358362
1806,0.000162,172.31.36.0-255,66,18669,15,358362
1807,0.000167,74.125.200.0-255,2902,21571,15,358362
1808,0.000169,172.31.36.0-255,66,21637,15,358362
1809,0.000175,74.125.200.0-255,4320,25957,15,358362
1810,0.000178,172.31.36.0-255,66,26023,15,358362
1811,0.000211,74.125.200.0-255,4320,30343,15,358362
1812,0.000214,172.31.36.0-255,66,30409,15,358362
1813,0.000233,74.125.200.0-255,4320,34729,15,358362
1814,0.000237,172.31.36.0-255,66,34795,15,358362
1815,0.000253,74.125.200.0-255,3602,38397,15,358362
1816,0.000256,172.31.36.0-255,66,38463,15,358362
1817,0.000293,74.125.200.0-255,4320,42783,15,358362
1818,0.000297,172.31.36.0-255,66,42849,15,358362
1819,0.000302,74.125.200.0-255,2902,45751,15,358362
1820,0.000304,172.31.36.0-255,66,45817,15,358362
1821,0.000322,74.125.200.0-255,4320,50137,15,358362
1822,0.000326,172.31.36.0-255,66,50203,15,358362
1823,0.000344,74.125.200.0-255,1484,51687,15,358362
1824,0.000368,74.125.200.0-255,4300,55987,15,358362
1825,0.000371,172.31.36.0-255,66,56053,15,358362
1826,0.000412,74.125.200.0-255,5738,61791,15,358362
1827,0.000416,172.31.36.0-255,66,61857,15,358362
1828,0.00042,74.125.200.0-255,1484,63341,15,358362
1829,0.000442,74.125.200.0-255,5738,69079,15,358362
1830,0.000445,172.31.36.0-255,66,69145,15,358362
1831,0.00045,74.125.200.0-255,2902,72047,15,358362
1832,0.000452,172.31.36.0-255,66,72113,15,358362
1833,0.000469,74.125.200.0-255,5738,77851,15,358362
1834,0.000473,172.31.36.0-255,66,77917,15,358362
1835,0.000478,74.125.200.0-255,2902,80819,15,358362
1836,0.000481,172.31.36.0-255,66,80885,15,358362
1837,0.000509,74.125.200.0-255,7156,88041,15,358362
1838,0.000513,172.31.36.0-255,66,88107,15,358362
1839,0.000517,74.125.200.0-255,2184,90291,15,358362
1840,0.000519,172.31.36.0-255,66,90357,15,358362
1841,0.000596,74.125.200.0-255,1484,91841,15,358362
1842,0.000604,74.125.200.0-255,2902,94743,15,358362
1843,0.000608,172.31.36.0-255,66,94809,15,358362
1844,0.000628,74.125.200.0-255,1484,96293,15,358362
1845,0.000646,74.125.200.0-255,2902,99195,15,358362
1846,0.00065,172.31.36.0-255,66,99261,15,358362
1847,0.000653,74.125.200.0-255,1484,100745,15,358362
1848,0.000675,74.125.200.0-255,4320,105065,15,358362
1849,0.000678,172.31.36.0-255,66,105131,15,358362
1850,0.000692,172.31.36.0-255,66,105197,15,358362
1851,0.000714,74.125.200.0-255,1484,106681,15,358362
1852,0.000718,74.125.200.0-255,2902,109583,15,358362
1853,0.000722,172.31.36.0-255,66,109649,15,358362
1854,0.000741,74.125.200.0-255,2902,112551,15,358362
1855,0.000744,172.31.36.0-255,66,112617,15,358362
1856,0.000768,74.125.200.0-255,1885,114502,15,358362
1857,0.000771,172.31.36.0-255,66,114568,15,358362
1858,0.000778,74.125.200.0-255,5738,120306,15,358362
1859,0.00078,172.31.36.0-255,66,120372,15,358362
1860,0.000803,74.125.200.0-255,5738,126110,15,358362
1861,0.000806,172.31.36.0-255,66,126176,15,358362
1862,0.00083,74.125.200.0-255,1484,127660,15,358362
1863,0.000845,74.125.200.0-255,5738,133398,15,358362
1864,0.000854,74.125.200.0-255,6438,139836,15,358362
1865,0.000865,172.31.36.0-255,66,139902,15,358362
1866,0.000868,172.31.36.0-255,66,139968,15,358362
1867,0.000872,172.31.36.0-255,66,140034,15,358362
1868,0.000942,74.125.200.0-255,1484,141518,15,358362
1869,0.000947,74.125.200.0-255,1484,143002,15,358362
1870,0.00095,172.31.36.0-255,66,143068,15,358362
1871,0.00097,74.125.200.0-255,1484,144552,15,358362
1872,0.000974,74.125.200.0-255,1484,146036,15,358362
1873,0.000976,172.31.36.0-255,66,146102,15,358362
1874,0.00098,74.125.200.0-255,1484,147586,15,358362
1875,0.001002,74.125.200.0-255,1484,149070,15,358362
1876,0.001005,172.31.36.0-255,66,149136,15,358362
1877,0.001013,74.125.200.0-255,5738,154874,15,358362
1878,0.001016,172.31.36.0-255,66,154940,15,358362
1879,0.001025,74.125.200.0-255,5738,160678,15,358362
1880,0.001028,172.31.36.0-255,66,160744,15,358362
1881,0.001046,74.125.200.0-255,5738,166482,15,358362
1882,0.001052,172.31.36.0-255,66,166548,15,358362
1883,0.001061,74.125.200.0-255,1484,168032,15,358362
1884,0.001078,74.125.200.0-255,6438,174470,15,358362
1885,0.001081,172.31.36.0-255,66,174536,15,358362
1886,0.001279,74.125.200.0-255,1484,176020,15,358362
1887,0.001285,74.125.200.0-255,2902,178922,15,358362
1888,0.001289,172.31.36.0-255,66,178988,15,358362
1889,0.001314,74.125.200.0-255,5738,184726,15,358362
1890,0.001317,172.31.36.0-255,66,184792,15,358362
1891,0.001324,74.125.200.0-255,5738,190530,15,358362
1892,0.001326,172.31.36.0-255,66,190596,15,358362
1893,0.001345,74.125.200.0-255,7156,197752,15,358362
1894,0.001348,172.31.36.0-255,66,197818,15,358362
1895,0.001369,74.125.200.0-255,1484,199302,15,358362
1896,0.001393,74.125.200.0-255,5738,205040,15,358362
1897,0.001397,172.31.36.0-255,66,205106,15,358362
1898,0.00143,74.125.200.0-255,3602,208708,15,358362
1899,0.001434,172.31.36.0-255,66,208774,15,358362
1900,0.001518,74.125.200.0-255,1484,210258,15,358362
1901,0.001523,74.125.200.0-255,1484,211742,15,358362
1902,0.001528,172.31.36.0-255,66,211808,15,358362
1903,0.001544,74.125.200.0-255,1484,213292,15,358362
1904,0.00155,74.125.200.0-255,4320,217612,15,358362
1905,0.001555,172.31.36.0-255,66,217678,15,358362
1906,0.0016,74.125.200.0-255,7156,224834,15,358362
1907,0.001606,172.31.36.0-255,66,224900,15,358362
1908,0.001644,74.125.200.0-255,7156,232056,15,358362
1909,0.00165,172.31.36.0-255,66,232122,15,358362
1910,0.001656,74.125.200.0-255,4320,236442,15,358362
1911,0.001658,172.31.36.0-255,66,236508,15,358362
1912,0.001676,74.125.200.0-255,4320,240828,15,358362
1913,0.001679,172.31.36.0-255,66,240894,15,358362
1914,0.001683,74.125.200.0-255,2184,243078,15,358362
1915,0.001686,172.31.36.0-255,66,243144,15,358362
1916,0.001712,74.125.200.0-255,1484,244628,15,358362
1917,0.001727,74.125.200.0-255,1484,246112,15,358362
1918,0.001731,172.31.36.0-255,66,246178,15,358362
1919,0.001735,74.125.200.0-255,1484,247662,15,358362
1920,0.001753,74.125.200.0-255,2902,250564,15,358362
1921,0.001757,172.31.36.0-255,66,250630,15,358362
1922,0.00176,74.125.200.0-255,1484,252114,15,358362
1923,0.001778,74.125.200.0-255,4320,256434,15,358362
1924,0.001784,74.125.200.0-255,5738,262172,15,358362
1925,0.001789,172.31.36.0-255,66,262238,15,358362
1926,0.001803,172.31.36.0-255,66,262304,15,358362
1927,0.001822,74.125.200.0-255,4320,266624,15,358362
1928,0.001825,172.31.36.0-255,66,266690,15,358362
1929,0.001838,74.125.200.0-255,2902,269592,15,358362
1930,0.001841,172.31.36.0-255,66,269658,15,358362
1931,0.001844,74.125.200.0-255,1484,271142,15,358362
1932,0.001849,74.125.200.0-255,2902,274044,15,358362
1933,0.001851,172.31.36.0-255,66,274110,15,358362
1934,0.001899,74.125.200.0-255,3602,277712,15,358362
1935,0.001904,172.31.36.0-255,66,277778,15,358362
1936,0.001932,74.125.200.0-255,1484,279262,15,358362
1937,0.001948,74.125.200.0-255,2902,282164,15,358362
1938,0.001953,172.31.36.0-255,66,282230,15,358362
1939,0.00196,74.125.200.0-255,5738,287968,15,358362
1940,0.001962,172.31.36.0-255,66,288034,15,358362
1941,0.001995,172.31.36.0-255,66,288100,15,358362
1942,0.002028,172.31.36.0-255,66,288166,15,358362
1943,0.002033,74.125.200.0-255,2184,290350,15,358362
1944,0.002036,172.31.36.0-255,66,290416,15,358362
1945,0.002097,74.125.200.0-255,1484,291900,15,358362
1946,0.002114,74.125.200.0-255,2902,294802,15,358362
1947,0.002118,172.31.36.0-255,66,294868,15,358362
1948,0.00214,74.125.200.0-255,5738,300606,15,358362
1949,0.002143,172.31.36.0-255,66,300672,15,358362
1950,0.002148,74.125.200.0-255,2902,303574,15,358362
1951,0.00215,172.31.36.0-255,66,303640,15,358362
1952,0.002181,74.125.200.0-255,5738,309378,15,358362
1953,0.002185,172.31.36.0-255,66,309444,15,358362
1954,0.002207,74.125.200.0-255,4320,313764,15,358362
1955,0.00221,172.31.36.0-255,66,313830,15,358362
1956,0.002218,74.125.200.0-255,7156,320986,15,358362
1957,0.002221,172.31.36.0-255,66,321052,15,358362
1958,0.002276,74.125.200.0-255,5020,326072,15,358362
1959,0.002281,172.31.36.0-255,66,326138,15,358362
1960,0.002304,74.125.200.0-255,2902,329040,15,358362
1961,0.002309,172.31.36.0-255,66,329106,15,358362
1962,0.00235,74.125.200.0-255,2902,332008,15,358362
1963,0.002354,172.31.36.0-255,66,332074,15,358362
1964,0.004641,74.125.200.0-255,2902,334976,15,358362
1965,0.004648,172.31.36.0-255,66,335042,15,358362
1966,0.004695,74.125.200.0-255,2902,337944,15,358362
1967,0.004698,172.31.36.0-255,66,338010,15,358362
1968,0.00697,74.125.200.0-255,2902,340912,15,358362
1969,0.006974,172.31.36.0-255,66,340978,15,358362
1970,0.007011,74.125.200.0-255,2902,343880,15,358362
1971,0.007013,172.31.36.0-255,66,343946,15,358362
1972,0.009332,74.125.200.0-255,5738,349684,15,358362
1973,0.009348,172.31.36.0-255,66,349750,15,358362
1974,0.011667,74.125.200.0-255,1212,350962,15,358362
1975,0.015837,172.31.36.0-255,66,351028,15,358362
1976,0.015897,172.31.36.0-255,105,351133,15,358362
1977,0.018223,74.125.200.0-255,66,351199,15,358362
1978,0.028639,172.31.36.0-255,172,351371,15,358362
1979,0.028696,172.31.36.0-255,1111,352482,15,358362
1980,0.028779,172.31.36.0-255,1514,353996,15,358362
1981,0.028781,172.31.36.0-255,1514,355510,15,358362
1982,0.028782,172.31.36.0-255,1514,357024,15,358362
1983,0.028816,172.31.36.0-255,1074,358098,15,358362
1984,0.030172,104.244.42.0-255,66,358164,15,358362
1985,0.030237,104.244.42.0-255,66,358230,15,358362
1986,0.030329,104.244.42.0-255,66,358296,15,358362
1987,0.030331,104.244.42.0-255,66,358362,15,358362
1988,0.0,172.217.194.0-255,208,208,15,257693
1989,1.4e-05,172.31.36.0-255,66,274,15,257693
1990,2e-05,172.217.194.0-255,1484,1758,15,257693
1991,2.4e-05,172.31.36.0-255,66,1824,15,257693
1992,3e-05,172.217.194.0-255,4320,6144,15,257693
1993,3.3e-05,172.31.36.0-255,66,6210,15,257693
1994,8.5e-05,172.217.194.0-255,5738,11948,15,257693
1995,8.8e-05,172.31.36.0-255,66,12014,15,257693
1996,0.000106,172.217.194.0-255,1849,13863,15,257693
1997,0.000108,172.31.36.0-255,66,13929,15,257693
1998,0.000199,172.217.194.0-255,1484,15413,15,257693
1999,0.000203,172.31.36.0-255,66,15479,15,257693
2000,0.000221,172.217.194.0-255,1484,16963,15,257693
2001,0.000223,172.31.36.0-255,66,17029,15,257693
2002,0.000241,172.217.194.0-255,1484,18513,15,257693
2003,0.000242,172.31.36.0-255,66,18579,15,257693
2004,0.000273,172.217.194.0-255,5738,24317,15,257693
2005,0.000276,172.31.36.0-255,66,24383,15,257693
2006,0.000355,172.217.194.0-255,5738,30121,15,257693
2007,0.000358,172.31.36.0-255,66,30187,15,257693
2008,0.000375,172.217.194.0-255,1125,31312,15,257693
2009,0.000377,172.31.36.0-255,66,31378,15,257693
2010,0.000464,172.217.194.0-255,5738,37116,15,257693
2011,0.000468,172.31.36.0-255,66,37182,15,257693
2012,0.000495,172.217.194.0-255,7156,44338,15,257693
2013,0.000498,172.31.36.0-255,66,44404,15,257693
2014,0.000667,172.31.36.0-255,66,44470,15,257693
2015,0.000681,172.217.194.0-255,2543,47013,15,257693
2016,0.000684,172.31.36.0-255,66,47079,15,257693
2017,0.000837,172.217.194.0-255,5738,52817,15,257693
2018,0.000842,172.31.36.0-255,66,52883,15,257693
2019,0.000858,172.217.194.0-255,4540,57423,15,257693
2020,0.000873,172.31.36.0-255,66,57489,15,257693
2021,0.001003,172.31.36.0-255,66,57555,15,257693
2022,0.001176,172.31.36.0-255,66,57621,15,257693
2023,0.001548,172.217.194.0-255,5738,63359,15,257693
2024,0.011755,172.217.194.0-255,1484,64843,15,257693
2025,0.016017,172.31.36.0-255,66,64909,15,257693
2026,0.018316,172.217.194.0-255,5738,70647,15,257693
2027,0.018329,172.31.36.0-255,66,70713,15,257693
2028,0.020614,172.217.194.0-255,5738,76451,15,257693
2029,0.020626,172.31.36.0-255,66,76517,15,257693
2030,0.022889,172.217.194.0-255,5738,82255,15,257693
2031,0.022897,172.31.36.0-255,66,82321,15,257693
2032,0.023853,172.31.36.0-255,167,82488,15,257693
2033,0.02388,172.31.36.0-255,1106,83594,15,257693
2034,0.02404,172.31.36.0-255,1514,85108,15,257693
2035,0.024042,172.31.36.0-255,1299,86407,15,257693
2036,0.025174,172.217.194.0-255,5738,92145,15,257693
2037,0.025184,172.31.36.0-255,66,92211,15,257693
2038,0.025396,104.244.42.0-255,66,92277,15,257693
2039,0.025436,104.244.42.0-255,66,92343,15,257693
2040,0.02559,104.244.42.0-255,66,92409,15,257693
2041,0.027458,172.217.194.0-255,5738,98147,15,257693
2042,0.027464,172.31.36.0-255,66,98213,15,257693
2043,0.029744,172.217.194.0-255,5738,103951,15,257693
2044,0.029752,172.31.36.0-255,66,104017,15,257693
2045,0.032004,172.217.194.0-255,5738,109755,15,257693
2046,0.032011,172.31.36.0-255,66,109821,15,257693
2047,0.034282,172.217.194.0-255,5738,115559,15,257693
2048,0.03429,172.31.36.0-255,66,115625,15,257693
2049,0.036559,172.217.194.0-255,5738,121363,15,257693
2050,0.036567,172.31.36.0-255,66,121429,15,257693
2051,0.038847,172.217.194.0-255,5738,127167,15,257693
2052,0.038855,172.31.36.0-255,66,127233,15,257693
2053,0.041129,172.217.194.0-255,5738,132971,15,257693
2054,0.041159,172.31.36.0-255,66,133037,15,257693
2055,0.043417,172.217.194.0-255,2902,135939,15,257693
2056,0.043431,172.31.36.0-255,66,136005,15,257693
2057,0.04347,172.217.194.0-255,2902,138907,15,257693
2058,0.043515,172.31.36.0-255,66,138973,15,257693
2059,0.045705,172.217.194.0-255,2902,141875,15,257693
2060,0.045712,172.31.36.0-255,66,141941,15,257693
2061,0.045799,172.217.194.0-255,2902,144843,15,257693
2062,0.045814,172.31.36.0-255,66,144909,15,257693
2063,0.047984,172.217.194.0-255,2902,147811,15,257693
2064,0.04799,172.31.36.0-255,66,147877,15,257693
2065,0.048096,172.217.194.0-255,2902,150779,15,257693
2066,0.048101,172.31.36.0-255,66,150845,15,257693
2067,0.050274,172.217.194.0-255,2902,153747,15,257693
2068,0.05028,172.31.36.0-255,66,153813,15,257693
2069,0.050371,172.217.194.0-255,2902,156715,15,257693
2070,0.050376,172.31.36.0-255,66,156781,15,257693
2071,0.052536,172.217.194.0-255,2902,159683,15,257693
2072,0.052543,172.31.36.0-255,66,159749,15,257693
2073,0.052647,172.217.194.0-255,2902,162651,15,257693
2074,0.052652,172.31.36.0-255,66,162717,15,257693
2075,0.054804,172.217.194.0-255,2902,165619,15,257693
2076,0.054812,172.31.36.0-255,66,165685,15,257693
2077,0.054916,172.217.194.0-255,2902,168587,15,257693
2078,0.054922,172.31.36.0-255,66,168653,15,257693
2079,0.057099,172.217.194.0-255,2902,171555,15,257693
2080,0.057109,172.31.36.0-255,66,171621,15,257693
2081,0.057174,172.217.194.0-255,2902,174523,15,257693
2082,0.057196,172.31.36.0-255,66,174589,15,257693
2083,0.059367,172.217.194.0-255,2902,177491,15,257693
2084,0.059375,172.31.36.0-255,66,177557,15,257693
2085,0.059442,172.217.194.0-255,2902,180459,15,257693
2086,0.059456,172.31.36.0-255,66,180525,15,257693
2087,0.061652,172.217.194.0-255,2902,183427,15,257693
2088,0.06166,172.31.36.0-255,66,183493,15,257693
2089,0.061735,172.217.194.0-255,2902,186395,15,257693
2090,0.061757,172.31.36.0-255,66,186461,15,257693
2091,0.063908,172.217.194.0-255,2902,189363,15,257693
2092,0.06393,172.31.36.0-255,66,189429,15,257693
2093,0.064032,172.217.194.0-255,2902,192331,15,257693
2094,0.064036,172.31.36.0-255,66,192397,15,257693
2095,0.066212,172.217.194.0-255,2902,195299,15,257693
2096,0.066218,172.31.36.0-255,66,195365,15,257693
2097,0.066344,172.217.194.0-255,2902,198267,15,257693
2098,0.066348,172.31.36.0-255,66,198333,15,257693
2099,0.068481,172.217.194.0-255,2902,201235,15,257693
2100,0.068488,172.31.36.0-255,66,201301,15,257693
2101,0.068598,172.217.194.0-255,2902,204203,15,257693
2102,0.068602,172.31.36.0-255,66,204269,15,257693
2103,0.070773,172.217.194.0-255,2902,207171,15,257693
2104,0.07078,172.31.36.0-255,66,207237,15,257693
2105,0.070852,172.217.194.0-255,2902,210139,15,257693
2106,0.070863,172.31.36.0-255,66,210205,15,257693
2107,0.073047,172.217.194.0-255,2902,213107,15,257693
2108,0.073053,172.31.36.0-255,66,213173,15,257693
2109,0.073129,172.217.194.0-255,2902,216075,15,257693
2110,0.073137,172.31.36.0-255,66,216141,15,257693
2111,0.075347,172.217.194.0-255,2902,219043,15,257693
2112,0.075352,172.31.36.0-255,66,219109,15,257693
2113,0.075401,172.217.194.0-255,2902,222011,15,257693
2114,0.07541,172.31.36.0-255,66,222077,15,257693
2115,0.077629,172.217.194.0-255,2902,224979,15,257693
2116,0.077634,172.31.36.0-255,66,225045,15,257693
2117,0.077671,172.217.194.0-255,2902,227947,15,257693
2118,0.077734,172.31.36.0-255,66,228013,15,257693
2119,0.079883,172.217.194.0-255,2902,230915,15,257693
2120,0.079888,172.31.36.0-255,66,230981,15,257693
2121,0.079992,172.217.194.0-255,2902,233883,15,257693
2122,0.08002,172.31.36.0-255,66,233949,15,257693
2123,0.082133,172.217.194.0-255,2902,236851,15,257693
2124,0.08214,172.31.36.0-255,66,236917,15,257693
2125,0.082294,172.217.194.0-255,2902,239819,15,257693
2126,0.0823,172.31.36.0-255,66,239885,15,257693
2127,0.084407,172.217.194.0-255,2902,242787,15,257693
2128,0.084413,172.31.36.0-255,66,242853,15,257693
2129,0.08457,172.217.194.0-255,2902,245755,15,257693
2130,0.084575,172.31.36.0-255,66,245821,15,257693
2131,0.086667,172.217.194.0-255,2902,248723,15,257693
2132,0.086673,172.31.36.0-255,66,248789,15,257693
2133,0.086818,172.217.194.0-255,2902,251691,15,257693
2134,0.086824,172.31.36.0-255,66,251757,15,257693
2135,0.08904,172.217.194.0-255,2902,254659,15,257693
2136,0.089046,172.31.36.0-255,66,254725,15,257693
2137,0.08914,172.217.194.0-255,2902,257627,15,257693
2138,0.089146,172.31.36.0-255,66,257693,15,257693
2139,0.0,74.125.24.0-255,146,146,15,327254
2140,1.2e-05,172.31.36.0-255,66,212,15,327254
2141,3.4e-05,74.125.24.0-255,1484,1696,15,327254
2142,3.9e-05,172.31.36.0-255,66,1762,15,327254
2143,6e-05,74.125.24.0-255,2902,4664,15,327254
2144,6.3e-05,172.31.36.0-255,66,4730,15,327254
2145,8e-05,74.125.24.0-255,4320,9050,15,327254
2146,8.3e-05,172.31.36.0-255,66,9116,15,327254
2147,0.000103,74.125.24.0-255,2902,12018,15,327254
2148,0.000106,172.31.36.0-255,66,12084,15,327254
2149,0.00011,74.125.24.0-255,2070,14154,15,327254
2150,0.000112,172.31.36.0-255,66,14220,15,327254
2151,0.000139,74.125.24.0-255,2902,17122,15,327254
2152,0.000141,172.31.36.0-255,66,17188,15,327254
2153,0.000146,74.125.24.0-255,4320,21508,15,327254
2154,0.000149,172.31.36.0-255,66,21574,15,327254
2155,0.000184,172.31.36.0-255,66,21640,15,327254
2156,0.000187,74.125.24.0-255,1125,22765,15,327254
2157,0.000189,172.31.36.0-255,66,22831,15,327254
2158,0.000271,74.125.24.0-255,1484,24315,15,327254
2159,0.000275,172.31.36.0-255,66,24381,15,327254
2160,0.00028,74.125.24.0-255,2902,27283,15,327254
2161,0.000283,172.31.36.0-255,66,27349,15,327254
2162,0.000323,74.125.24.0-255,5738,33087,15,327254
2163,0.000326,172.31.36.0-255,66,33153,15,327254
2164,0.000338,74.125.24.0-255,1484,34637,15,327254
2165,0.000341,172.31.36.0-255,66,34703,15,327254
2166,0.000365,172.31.36.0-255,66,34769,15,327254
2167,0.000384,74.125.24.0-255,3961,38730,15,327254
2168,0.000387,172.31.36.0-255,66,38796,15,327254
2169,0.00039,74.125.24.0-255,1484,40280,15,327254
2170,0.000405,74.125.24.0-255,4320,44600,15,327254
2171,0.000407,172.31.36.0-255,66,44666,15,327254
2172,0.000432,74.125.24.0-255,4259,48925,15,327254
2173,0.000434,172.31.36.0-255,66,48991,15,327254
2174,0.000437,74.125.24.0-255,378,49369,15,327254
2175,0.000923,74.125.24.0-255,1484,50853,15,327254
2176,0.000929,172.31.36.0-255,66,50919,15,327254
2177,0.000935,74.125.24.0-255,2902,53821,15,327254
2178,0.000938,172.31.36.0-255,66,53887,15,327254
2179,0.000941,74.125.24.0-255,1484,55371,15,327254
2180,0.000962,74.125.24.0-255,4320,59691,15,327254
2181,0.000965,172.31.36.0-255,66,59757,15,327254
2182,0.000977,172.31.36.0-255,66,59823,15,327254
2183,0.001013,74.125.24.0-255,2902,62725,15,327254
2184,0.001016,172.31.36.0-255,66,62791,15,327254
2185,0.001049,172.31.36.0-255,66,62857,15,327254
2186,0.001624,74.125.24.0-255,1484,64341,15,327254
2187,0.001634,74.125.24.0-255,2902,67243,15,327254
2188,0.001638,172.31.36.0-255,66,67309,15,327254
2189,0.001645,74.125.24.0-255,5738,73047,15,327254
2190,0.001647,172.31.36.0-255,66,73113,15,327254
2191,0.001661,74.125.24.0-255,2902,76015,15,327254
2192,0.001664,172.31.36.0-255,66,76081,15,327254
2193,0.0017,172.31.36.0-255,66,76147,15,327254
2194,0.001743,74.125.24.0-255,5738,81885,15,327254
2195,0.001745,172.31.36.0-255,66,81951,15,327254
2196,0.001767,74.125.24.0-255,5020,86971,15,327254
2197,0.001769,172.31.36.0-255,66,87037,15,327254
2198,0.001791,74.125.24.0-255,2902,89939,15,327254
2199,0.001793,172.31.36.0-255,66,90005,15,327254
2200,0.001822,172.31.36.0-255,66,90071,15,327254
2201,0.001857,74.125.24.0-255,4320,94391,15,327254
2202,0.00186,172.31.36.0-255,66,94457,15,327254
2203,0.001885,74.125.24.0-255,7156,101613,15,327254
2204,0.001888,172.31.36.0-255,66,101679,15,327254
2205,0.001918,172.31.36.0-255,66,101745,15,327254
2206,0.001948,74.125.24.0-255,766,102511,15,327254
2207,0.00197,74.125.24.0-255,1484,103995,15,327254
2208,0.001973,172.31.36.0-255,66,104061,15,327254
2209,0.001996,74.125.24.0-255,4320,108381,15,327254
2210,0.001999,172.31.36.0-255,66,108447,15,327254
2211,0.002002,74.125.24.0-255,1484,109931,15,327254
2212,0.002018,74.125.24.0-255,5738,115669,15,327254
2213,0.002022,172.31.36.0-255,66,115735,15,327254
2214,0.002041,74.125.24.0-255,2902,118637,15,327254
2215,0.002044,172.31.36.0-255,66,118703,15,327254
2216,0.002065,74.125.24.0-255,4320,123023,15,327254
2217,0.002068,172.31.36.0-255,66,123089,15,327254
2218,0.002098,172.31.36.0-255,66,123155,15,327254
2219,0.00421,74.125.24.0-255,5738,128893,15,327254
2220,0.004218,172.31.36.0-255,66,128959,15,327254
2221,0.006335,74.125.24.0-255,5738,134697,15,327254
2222,0.006343,172.31.36.0-255,66,134763,15,327254
2223,0.008467,74.125.24.0-255,5738,140501,15,327254
2224,0.008472,172.31.36.0-255,66,140567,15,327254
2225,0.0106,74.125.24.0-255,5738,146305,15,327254
2226,0.010606,172.31.36.0-255,66,146371,15,327254
2227,0.012814,74.125.24.0-255,5738,152109,15,327254
2228,0.012822,172.31.36.0-255,66,152175,15,327254
2229,0.01496,74.125.24.0-255,5738,157913,15,327254
2230,0.014969,172.31.36.0-255,66,157979,15,327254
2231,0.017126,74.125.24.0-255,5738,163717,15,327254
2232,0.017134,172.31.36.0-255,66,163783,15,327254
2233,0.019261,74.125.24.0-255,4320,168103,15,327254
2234,0.019268,172.31.36.0-255,66,168169,15,327254
2235,0.019288,74.125.24.0-255,1484,169653,15,327254
2236,0.02139,74.125.24.0-255,4320,173973,15,327254
2237,0.021414,172.31.36.0-255,66,174039,15,327254
2238,0.023554,74.125.24.0-255,5738,179777,15,327254
2239,0.023563,172.31.36.0-255,66,179843,15,327254
2240,0.025761,74.125.24.0-255,4320,184163,15,327254
2241,0.02577,172.31.36.0-255,66,184229,15,327254
2242,0.025789,74.125.24.0-255,1484,185713,15,327254
2243,0.027913,74.125.24.0-255,4320,190033,15,327254
2244,0.027921,172.31.36.0-255,66,190099,15,327254
2245,0.029242,172.31.36.0-255,172,190271,15,327254
2246,0.029272,172.31.36.0-255,1110,191381,15,327254
2247,0.029349,172.31.36.0-255,1514,192895,15,327254
2248,0.02935,172.31.36.0-255,1514,194409,15,327254
2249,0.029356,172.31.36.0-255,1514,195923,15,327254
2250,0.029357,172.31.36.0-255,1075,196998,15,327254
2251,0.030055,74.125.24.0-255,5738,202736,15,327254
2252,0.030062,172.31.36.0-255,66,202802,15,327254
2253,0.030891,104.244.42.0-255,66,202868,15,327254
2254,0.031023,104.244.42.0-255,66,202934,15,327254
2255,0.031029,104.244.42.0-255,66,203000,15,327254
2256,0.031172,104.244.42.0-255,66,203066,15,327254
2257,0.0322,74.125.24.0-255,5738,208804,15,327254
2258,0.032207,172.31.36.0-255,66,208870,15,327254
2259,0.034382,74.125.24.0-255,5738,214608,15,327254
2260,0.03439,172.31.36.0-255,66,214674,15,327254
2261,0.036526,74.125.24.0-255,5738,220412,15,327254
2262,0.036533,172.31.36.0-255,66,220478,15,327254
2263,0.03879,74.125.24.0-255,5738,226216,15,327254
2264,0.038797,172.31.36.0-255,66,226282,15,327254
2265,0.040992,74.125.24.0-255,5738,232020,15,327254
2266,0.040999,172.31.36.0-255,66,232086,15,327254
2267,0.043136,74.125.24.0-255,5738,237824,15,327254
2268,0.043143,172.31.36.0-255,66,237890,15,327254
2269,0.045278,74.125.24.0-255,5738,243628,15,327254
2270,0.045285,172.31.36.0-255,66,243694,15,327254
2271,0.047451,74.125.24.0-255,5738,249432,15,327254
2272,0.047458,172.31.36.0-255,66,249498,15,327254
2273,0.049648,74.125.24.0-255,5738,255236,15,327254
2274,0.049655,172.31.36.0-255,66,255302,15,327254
2275,0.051817,74.125.24.0-255,5738,261040,15,327254
2276,0.051824,172.31.36.0-255,66,261106,15,327254
2277,0.053961,74.125.24.0-255,5738,266844,15,327254
2278,0.053969,172.31.36.0-255,66,266910,15,327254
2279,0.056119,74.125.24.0-255,5738,272648,15,327254
2280,0.056125,172.31.36.0-255,66,272714,15,327254
2281,0.058237,74.125.24.0-255,5738,278452,15,327254
2282,0.058244,172.31.36.0-255,66,278518,15,327254
2283,0.060386,74.125.24.0-255,5738,284256,15,327254
2284,0.060393,172.31.36.0-255,66,284322,15,327254
2285,0.062518,74.125.24.0-255,5738,290060,15,327254
2286,0.062526,172.31.36.0-255,66,290126,15,327254
2287,0.064667,74.125.24.0-255,5738,295864,15,327254
2288,0.064678,172.31.36.0-255,66,295930,15,327254
2289,0.066826,74.125.24.0-255,5738,301668,15,327254
2290,0.066833,172.31.36.0-255,66,301734,15,327254
2291,0.068962,74.125.24.0-255,5738,307472,15,327254
2292,0.06897,172.31.36.0-255,66,307538,15,327254
2293,0.071086,74.125.24.0-255,5738,313276,15,327254
2294,0.071093,172.31.36.0-255,66,313342,15,327254
2295,0.073232,74.125.24.0-255,5738,319080,15,327254
2296,0.073239,172.31.36.0-255,66,319146,15,327254
2297,0.075554,74.125.24.0-255,5738,324884,15,327254
2298,0.075564,172.31.36.0-255,66,324950,15,327254
2299,0.077691,74.125.24.0-255,2067,327017,15,327254
2300,0.077698,172.31.36.0-255,66,327083,15,327254
2301,0.077858,172.31.36.0-255,105,327188,15,327254
2302,0.079946,74.125.24.0-255,66,327254,15,327254
2303,0.0,74.125.68.0-255,153,153,15,360877
2304,2.2e-05,172.31.36.0-255,66,219,15,360877
2305,2.9e-05,74.125.68.0-255,1484,1703,15,360877
2306,3.3e-05,172.31.36.0-255,66,1769,15,360877
2307,3.8e-05,74.125.68.0-255,2902,4671,15,360877
2308,4.9e-05,172.31.36.0-255,66,4737,15,360877
2309,8.8e-05,74.125.68.0-255,7156,11893,15,360877
2310,9.2e-05,172.31.36.0-255,66,11959,15,360877
2311,0.000103,172.31.36.0-255,66,12025,15,360877
2312,0.000114,74.125.68.0-255,7156,19181,15,360877
2313,0.000117,172.31.36.0-255,66,19247,15,360877
2314,0.00016,74.125.68.0-255,3961,23208,15,360877
2315,0.000163,172.31.36.0-255,66,23274,15,360877
2316,0.00022,74.125.68.0-255,1484,24758,15,360877
2317,0.000223,172.31.36.0-255,66,24824,15,360877
2318,0.000229,74.125.68.0-255,2902,27726,15,360877
2319,0.000232,172.31.36.0-255,66,27792,15,360877
2320,0.000269,74.125.68.0-255,2902,30694,15,360877
2321,0.000271,172.31.36.0-255,66,30760,15,360877
2322,0.000277,74.125.68.0-255,4320,35080,15,360877
2323,0.00028,172.31.36.0-255,66,35146,15,360877
2324,0.00029,74.125.68.0-255,5738,40884,15,360877
2325,0.000292,172.31.36.0-255,66,40950,15,360877
2326,0.000319,74.125.68.0-255,2902,43852,15,360877
2327,0.000321,172.31.36.0-255,66,43918,15,360877
2328,0.000345,74.125.68.0-255,1484,45402,15,360877
2329,0.000347,172.31.36.0-255,66,45468,15,360877
2330,0.000352,74.125.68.0-255,2902,48370,15,360877
2331,0.000354,172.31.36.0-255,66,48436,15,360877
2332,0.000382,74.125.68.0-255,4320,52756,15,360877
2333,0.000385,172.31.36.0-255,66,52822,15,360877
2334,0.000415,74.125.68.0-255,5020,57842,15,360877
2335,0.000417,172.31.36.0-255,66,57908,15,360877
2336,0.000456,74.125.68.0-255,363,58271,15,360877
2337,0.000479,74.125.68.0-255,131,58402,15,360877
2338,0.000592,74.125.68.0-255,1484,59886,15,360877
2339,0.000597,172.31.36.0-255,66,59952,15,360877
2340,0.000603,74.125.68.0-255,2902,62854,15,360877
2341,0.000605,172.31.36.0-255,66,62920,15,360877
2342,0.00061,74.125.68.0-255,2902,65822,15,360877
2343,0.000617,172.31.36.0-255,66,65888,15,360877
2344,0.000621,74.125.68.0-255,1484,67372,15,360877
2345,0.000652,74.125.68.0-255,2902,70274,15,360877
2346,0.000654,172.31.36.0-255,66,70340,15,360877
2347,0.000659,74.125.68.0-255,2902,73242,15,360877
2348,0.000661,172.31.36.0-255,66,73308,15,360877
2349,0.000693,74.125.68.0-255,5738,79046,15,360877
2350,0.000696,172.31.36.0-255,66,79112,15,360877
2351,0.000704,74.125.68.0-255,7156,86268,15,360877
2352,0.000706,172.31.36.0-255,66,86334,15,360877
2353,0.000736,74.125.68.0-255,6438,92772,15,360877
2354,0.000738,172.31.36.0-255,66,92838,15,360877
2355,0.00077,74.125.68.0-255,7156,99994,15,360877
2356,0.000773,172.31.36.0-255,66,100060,15,360877
2357,0.000796,74.125.68.0-255,1484,101544,15,360877
2358,0.000801,74.125.68.0-255,2902,104446,15,360877
2359,0.000803,172.31.36.0-255,66,104512,15,360877
2360,0.000831,74.125.68.0-255,4320,108832,15,360877
2361,0.000834,74.125.68.0-255,1484,110316,15,360877
2362,0.000837,172.31.36.0-255,66,110382,15,360877
2363,0.000867,74.125.68.0-255,4320,114702,15,360877
2364,0.00087,172.31.36.0-255,66,114768,15,360877
2365,0.00088,172.31.36.0-255,66,114834,15,360877
2366,0.000898,74.125.68.0-255,2902,117736,15,360877
2367,0.0009,172.31.36.0-255,66,117802,15,360877
2368,0.000903,74.125.68.0-255,766,118568,15,360877
2369,0.000929,74.125.68.0-255,4320,122888,15,360877
2370,0.000932,172.31.36.0-255,66,122954,15,360877
2371,0.00097,74.125.68.0-255,1197,124151,15,360877
2372,0.000974,172.31.36.0-255,66,124217,15,360877
2373,0.001001,74.125.68.0-255,1484,125701,15,360877
2374,0.001003,172.31.36.0-255,66,125767,15,360877
2375,0.001038,74.125.68.0-255,1484,127251,15,360877
2376,0.001055,74.125.68.0-255,2902,130153,15,360877
2377,0.001058,172.31.36.0-255,66,130219,15,360877
2378,0.001084,74.125.68.0-255,1484,131703,15,360877
2379,0.001101,74.125.68.0-255,4320,136023,15,360877
2380,0.001105,74.125.68.0-255,2902,138925,15,360877
2381,0.001115,172.31.36.0-255,66,138991,15,360877
2382,0.001148,74.125.68.0-255,1484,140475,15,360877
2383,0.00117,74.125.68.0-255,1484,141959,15,360877
2384,0.001182,74.125.68.0-255,1484,143443,15,360877
2385,0.0012,74.125.68.0-255,2902,146345,15,360877
2386,0.001208,172.31.36.0-255,66,146411,15,360877
2387,0.001217,74.125.68.0-255,4320,150731,15,360877
2388,0.001235,172.31.36.0-255,66,150797,15,360877
2389,0.001258,74.125.68.0-255,1484,152281,15,360877
2390,0.001271,74.125.68.0-255,1484,153765,15,360877
2391,0.001298,74.125.68.0-255,4320,158085,15,360877
2392,0.001301,172.31.36.0-255,66,158151,15,360877
2393,0.001311,172.31.36.0-255,66,158217,15,360877
2394,0.001337,74.125.68.0-255,766,158983,15,360877
2395,0.001508,74.125.68.0-255,1484,160467,15,360877
2396,0.001512,172.31.36.0-255,66,160533,15,360877
2397,0.001518,74.125.68.0-255,2902,163435,15,360877
2398,0.001545,74.125.68.0-255,5738,169173,15,360877
2399,0.001551,74.125.68.0-255,5738,174911,15,360877
2400,0.001556,172.31.36.0-255,66,174977,15,360877
2401,0.001588,74.125.68.0-255,7156,182133,15,360877
2402,0.001642,74.125.68.0-255,5738,187871,15,360877
2403,0.001659,74.125.68.0-255,5020,192891,15,360877
2404,0.001668,172.31.36.0-255,66,192957,15,360877
2405,0.001719,74.125.68.0-255,1484,194441,15,360877
2406,0.00174,74.125.68.0-255,2902,197343,15,360877
2407,0.001747,172.31.36.0-255,66,197409,15,360877
2408,0.001763,74.125.68.0-255,2902,200311,15,360877
2409,0.001768,74.125.68.0-255,4320,204631,15,360877
2410,0.001787,172.31.36.0-255,66,204697,15,360877
2411,0.00181,74.125.68.0-255,5738,210435,15,360877
2412,0.001815,172.31.36.0-255,66,210501,15,360877
2413,0.001839,74.125.68.0-255,7156,217657,15,360877
2414,0.001842,74.125.68.0-255,766,218423,15,360877
2415,0.001867,172.31.36.0-255,66,218489,15,360877
2416,0.001896,74.125.68.0-255,1484,219973,15,360877
2417,0.001909,74.125.68.0-255,2902,222875,15,360877
2418,0.001912,74.125.68.0-255,1484,224359,15,360877
2419,0.001926,172.31.36.0-255,66,224425,15,360877
2420,0.001936,74.125.68.0-255,2902,227327,15,360877
2421,0.001947,74.125.68.0-255,7156,234483,15,360877
2422,0.001954,172.31.36.0-255,66,234549,15,360877
2423,0.001965,74.125.68.0-255,1484,236033,15,360877
2424,0.001975,74.125.68.0-255,5738,241771,15,360877
2425,0.001983,74.125.68.0-255,7156,248927,15,360877
2426,0.002009,172.31.36.0-255,66,248993,15,360877
2427,0.002021,74.125.68.0-255,4320,253313,15,360877
2428,0.002036,74.125.68.0-255,3602,256915,15,360877
2429,0.002062,74.125.68.0-255,7156,264071,15,360877
2430,0.002079,172.31.36.0-255,66,264137,15,360877
2431,0.002093,74.125.68.0-255,7156,271293,15,360877
2432,0.00211,172.31.36.0-255,66,271359,15,360877
2433,0.002114,74.125.68.0-255,1484,272843,15,360877
2434,0.002119,74.125.68.0-255,2902,275745,15,360877
2435,0.002137,74.125.68.0-255,2184,277929,15,360877
2436,0.00215,172.31.36.0-255,66,277995,15,360877
2437,0.004257,74.125.68.0-255,5738,283733,15,360877
2438,0.004265,172.31.36.0-255,66,283799,15,360877
2439,0.006373,74.125.68.0-255,5738,289537,15,360877
2440,0.006379,172.31.36.0-255,66,289603,15,360877
2441,0.00848,74.125.68.0-255,5738,295341,15,360877
2442,0.008485,172.31.36.0-255,66,295407,15,360877
2443,0.010588,74.125.68.0-255,5738,301145,15,360877
2444,0.010595,172.31.36.0-255,66,301211,15,360877
2445,0.012708,74.125.68.0-255,5738,306949,15,360877
2446,0.012714,172.31.36.0-255,66,307015,15,360877
2447,0.014822,74.125.68.0-255,5738,312753,15,360877
2448,0.014829,172.31.36.0-255,66,312819,15,360877
2449,0.016935,74.125.68.0-255,5738,318557,15,360877
2450,0.016943,172.31.36.0-255,66,318623,15,360877
2451,0.019063,74.125.68.0-255,5738,324361,15,360877
2452,0.019072,172.31.36.0-255,66,324427,15,360877
2453,0.021175,74.125.68.0-255,5738,330165,15,360877
2454,0.021182,172.31.36.0-255,66,330231,15,360877
2455,0.023338,74.125.68.0-255,5738,335969,15,360877
2456,0.023345,172.31.36.0-255,66,336035,15,360877
2457,0.025465,74.125.68.0-255,5738,341773,15,360877
2458,0.025473,172.31.36.0-255,66,341839,15,360877
2459,0.027583,74.125.68.0-255,5738,347577,15,360877
2460,0.02759,172.31.36.0-255,66,347643,15,360877
2461,0.029711,74.125.68.0-255,5738,353381,15,360877
2462,0.029718,172.31.36.0-255,66,353447,15,360877
2463,0.03183,74.125.68.0-255,2903,356350,15,360877
2464,0.031837,172.31.36.0-255,66,356416,15,360877
2465,0.032056,172.31.36.0-255,105,356521,15,360877
2466,0.034127,74.125.68.0-255,66,356587,15,360877
2467,0.035665,172.31.36.0-255,171,356758,15,360877
2468,0.035697,172.31.36.0-255,1110,357868,15,360877
2469,0.035754,172.31.36.0-255,1514,359382,15,360877
2470,0.035756,172.31.36.0-255,1297,360679,15,360877
2471,0.037323,104.244.42.0-255,66,360745,15,360877
2472,0.037352,104.244.42.0-255,66,360811,15,360877
2473,0.037389,104.244.42.0-255,66,360877,15,360877
2474,0.0,74.125.24.0-255,143,143,15,308802
2475,2.3e-05,172.31.36.0-255,66,209,15,308802
2476,3.1e-05,74.125.24.0-255,1484,1693,15,308802
2477,3.7e-05,172.31.36.0-255,66,1759,15,308802
2478,5.1e-05,74.125.24.0-255,2902,4661,15,308802
2479,5.5e-05,172.31.36.0-255,66,4727,15,308802
2480,6.2e-05,74.125.24.0-255,7156,11883,15,308802
2481,6.6e-05,172.31.36.0-255,66,11949,15,308802
2482,7.9e-05,74.125.24.0-255,1484,13433,15,308802
2483,8.1e-05,172.31.36.0-255,66,13499,15,308802
2484,0.000123,172.31.36.0-255,66,13565,15,308802
2485,0.000135,172.31.36.0-255,66,13631,15,308802
2486,0.000249,74.125.24.0-255,1484,15115,15,308802
2487,0.000255,172.31.36.0-255,66,15181,15,308802
2488,0.000261,74.125.24.0-255,2902,18083,15,308802
2489,0.000263,172.31.36.0-255,66,18149,15,308802
2490,0.000295,74.125.24.0-255,5738,23887,15,308802
2491,0.000298,172.31.36.0-255,66,23953,15,308802
2492,0.00035,74.125.24.0-255,6797,30750,15,308802
2493,0.000355,172.31.36.0-255,66,30816,15,308802
2494,0.001141,74.125.24.0-255,1484,32300,15,308802
2495,0.001148,172.31.36.0-255,66,32366,15,308802
2496,0.001157,74.125.24.0-255,2902,35268,15,308802
2497,0.00116,172.31.36.0-255,66,35334,15,308802
2498,0.0012,74.125.24.0-255,5738,41072,15,308802
2499,0.001203,172.31.36.0-255,66,41138,15,308802
2500,0.001238,74.125.24.0-255,6797,47935,15,308802
2501,0.001241,172.31.36.0-255,66,48001,15,308802
2502,0.001244,74.125.24.0-255,645,48646,15,308802
2503,0.001246,172.31.36.0-255,66,48712,15,308802
2504,0.001814,74.125.24.0-255,1484,50196,15,308802
2505,0.001824,74.125.24.0-255,2902,53098,15,308802
2506,0.001829,172.31.36.0-255,66,53164,15,308802
2507,0.001836,74.125.24.0-255,5738,58902,15,308802
2508,0.001838,172.31.36.0-255,66,58968,15,308802
2509,0.001865,74.125.24.0-255,5738,64706,15,308802
2510,0.001867,172.31.36.0-255,66,64772,15,308802
2511,0.001893,74.125.24.0-255,6797,71569,15,308802
2512,0.0019,172.31.36.0-255,66,71635,15,308802
2513,0.001903,74.125.24.0-255,1484,73119,15,308802
2514,0.001943,172.31.36.0-255,66,73185,15,308802
2515,0.0021,74.125.24.0-255,1484,74669,15,308802
2516,0.002107,74.125.24.0-255,2902,77571,15,308802
2517,0.002111,172.31.36.0-255,66,77637,15,308802
2518,0.002144,74.125.24.0-255,5738,83375,15,308802
2519,0.002147,172.31.36.0-255,66,83441,15,308802
2520,0.002182,74.125.24.0-255,6131,89572,15,308802
2521,0.002185,172.31.36.0-255,66,89638,15,308802
2522,0.004518,74.125.24.0-255,2902,92540,15,308802
2523,0.004522,172.31.36.0-255,66,92606,15,308802
2524,0.00454,74.125.24.0-255,2902,95508,15,308802
2525,0.004544,172.31.36.0-255,66,95574,15,308802
2526,0.00685,74.125.24.0-255,5738,101312,15,308802
2527,0.006856,172.31.36.0-255,66,101378,15,308802
2528,0.00918,74.125.24.0-255,5738,107116,15,308802
2529,0.009187,172.31.36.0-255,66,107182,15,308802
2530,0.011533,74.125.24.0-255,5738,112920,15,308802
2531,0.011542,172.31.36.0-255,66,112986,15,308802
2532,0.013873,74.125.24.0-255,5738,118724,15,308802
2533,0.013881,172.31.36.0-255,66,118790,15,308802
2534,0.016223,74.125.24.0-255,5738,124528,15,308802
2535,0.016235,172.31.36.0-255,66,124594,15,308802
2536,0.018594,74.125.24.0-255,5738,130332,15,308802
2537,0.018601,172.31.36.0-255,66,130398,15,308802
2538,0.020961,74.125.24.0-255,5738,136136,15,308802
2539,0.020968,172.31.36.0-255,66,136202,15,308802
2540,0.023339,74.125.24.0-255,5738,141940,15,308802
2541,0.023348,172.31.36.0-255,66,142006,15,308802
2542,0.025708,74.125.24.0-255,5738,147744,15,308802
2543,0.025716,172.31.36.0-255,66,147810,15,308802
2544,0.028059,74.125.24.0-255,5738,153548,15,308802
2545,0.028067,172.31.36.0-255,66,153614,15,308802
2546,0.030394,74.125.24.0-255,5738,159352,15,308802
2547,0.030403,172.31.36.0-255,66,159418,15,308802
2548,0.032729,74.125.24.0-255,5738,165156,15,308802
2549,0.032737,172.31.36.0-255,66,165222,15,308802
2550,0.033712,172.31.36.0-255,167,165389,15,308802
2551,0.033746,172.31.36.0-255,1110,166499,15,308802
2552,0.03381,172.31.36.0-255,1514,168013,15,308802
2553,0.033812,172.31.36.0-255,1295,169308,15,308802
2554,0.035059,74.125.24.0-255,5738,175046,15,308802
2555,0.035067,172.31.36.0-255,66,175112,15,308802
2556,0.035235,104.244.42.0-255,66,175178,15,308802
2557,0.035258,104.244.42.0-255,66,175244,15,308802
2558,0.035352,104.244.42.0-255,66,175310,15,308802
2559,0.037408,74.125.24.0-255,5738,181048,15,308802
2560,0.037415,172.31.36.0-255,66,181114,15,308802
2561,0.03977,74.125.24.0-255,5738,186852,15,308802
2562,0.039777,172.31.36.0-255,66,186918,15,308802
2563,0.042124,74.125.24.0-255,5738,192656,15,308802
2564,0.042133,172.31.36.0-255,66,192722,15,308802
2565,0.044527,74.125.24.0-255,5738,198460,15,308802
2566,0.044534,172.31.36.0-255,66,198526,15,308802
2567,0.046881,74.125.24.0-255,5738,204264,15,308802
2568,0.046888,172.31.36.0-255,66,204330,15,308802
2569,0.049203,74.125.24.0-255,5738,210068,15,308802
2570,0.04921,172.31.36.0-255,66,210134,15,308802
2571,0.051592,74.125.24.0-255,5738,215872,15,308802
2572,0.051599,172.31.36.0-255,66,215938,15,308802
2573,0.053983,74.125.24.0-255,5738,221676,15,308802
2574,0.053989,172.31.36.0-255,66,221742,15,308802
2575,0.056354,74.125.24.0-255,5738,227480,15,308802
2576,0.056361,172.31.36.0-255,66,227546,15,308802
2577,0.05869,74.125.24.0-255,5738,233284,15,308802
2578,0.058714,172.31.36.0-255,66,233350,15,308802
2579,0.061083,74.125.24.0-255,5738,239088,15,308802
2580,0.061102,172.31.36.0-255,66,239154,15,308802
2581,0.063481,74.125.24.0-255,5738,244892,15,308802
2582,0.063495,172.31.36.0-255,66,244958,15,308802
2583,0.065842,74.125.24.0-255,5738,250696,15,308802
2584,0.065849,172.31.36.0-255,66,250762,15,308802
2585,0.068173,74.125.24.0-255,5738,256500,15,308802
2586,0.068182,172.31.36.0-255,66,256566,15,308802
2587,0.070501,74.125.24.0-255,5738,262304,15,308802
2588,0.070507,172.31.36.0-255,66,262370,15,308802
2589,0.072866,74.125.24.0-255,5738,268108,15,308802
2590,0.072873,172.31.36.0-255,66,268174,15,308802
2591,0.075232,74.125.24.0-255,5738,273912,15,308802
2592,0.07524,172.31.36.0-255,66,273978,15,308802
2593,0.077603,74.125.24.0-255,5738,279716,15,308802
2594,0.077611,172.31.36.0-255,66,279782,15,308802
2595,0.07997,74.125.24.0-255,5738,285520,15,308802
2596,0.079978,172.31.36.0-255,66,285586,15,308802
2597,0.082311,74.125.24.0-255,5738,291324,15,308802
2598,0.082318,172.31.36.0-255,66,291390,15,308802
2599,0.084692,74.125.24.0-255,5738,297128,15,308802
2600,0.0847,172.31.36.0-255,66,297194,15,308802
2601,0.087028,74.125.24.0-255,5738,302932,15,308802
2602,0.087035,172.31.36.0-255,66,302998,15,308802
2603,0.089407,74.125.24.0-255,5738,308736,15,308802
2604,0.089414,172.31.36.0-255,66,308802,15,308802
2605,0.0,74.125.24.0-255,150,150,15,242500
2606,2.7e-05,172.31.36.0-255,66,216,15,242500
2607,3.5e-05,74.125.24.0-255,1484,1700,15,242500
2608,4e-05,172.31.36.0-255,66,1766,15,242500
2609,4.6e-05,74.125.24.0-255,2902,4668,15,242500
2610,4.8e-05,172.31.36.0-255,66,4734,15,242500
2611,5.5e-05,74.125.24.0-255,5738,10472,15,242500
2612,5.8e-05,172.31.36.0-255,66,10538,15,242500
2613,6.3e-05,74.125.24.0-255,3487,14025,15,242500
2614,6.7e-05,172.31.36.0-255,66,14091,15,242500
2615,0.000107,172.31.36.0-255,66,14157,15,242500
2616,0.000115,74.125.24.0-255,5379,19536,15,242500
2617,0.000117,172.31.36.0-255,66,19602,15,242500
2618,0.000781,74.125.24.0-255,1484,21086,15,242500
2619,0.000788,172.31.36.0-255,66,21152,15,242500
2620,0.000798,74.125.24.0-255,2902,24054,15,242500
2621,0.000801,172.31.36.0-255,66,24120,15,242500
2622,0.000808,74.125.24.0-255,5738,29858,15,242500
2623,0.00081,172.31.36.0-255,66,29924,15,242500
2624,0.000816,74.125.24.0-255,4320,34244,15,242500
2625,0.000818,172.31.36.0-255,66,34310,15,242500
2626,0.000854,172.31.36.0-255,66,34376,15,242500
2627,0.000882,172.31.36.0-255,66,34442,15,242500
2628,0.000995,74.125.24.0-255,362,34804,15,242500
2629,0.001001,172.31.36.0-255,66,34870,15,242500
2630,0.001034,74.125.24.0-255,132,35002,15,242500
2631,0.001037,172.31.36.0-255,66,35068,15,242500
2632,0.001857,74.125.24.0-255,1484,36552,15,242500
2633,0.001864,172.31.36.0-255,66,36618,15,242500
2634,0.001872,74.125.24.0-255,2902,39520,15,242500
2635,0.001875,172.31.36.0-255,66,39586,15,242500
2636,0.001881,74.125.24.0-255,5738,45324,15,242500
2637,0.001884,172.31.36.0-255,66,45390,15,242500
2638,0.001889,74.125.24.0-255,4320,49710,15,242500
2639,0.001891,172.31.36.0-255,66,49776,15,242500
2640,0.001925,172.31.36.0-255,66,49842,15,242500
2641,0.00193,74.125.24.0-255,2902,52744,15,242500
2642,0.001932,172.31.36.0-255,66,52810,15,242500
2643,0.00196,74.125.24.0-255,5020,57830,15,242500
2644,0.001962,172.31.36.0-255,66,57896,15,242500
2645,0.004716,74.125.24.0-255,5738,63634,15,242500
2646,0.004724,172.31.36.0-255,66,63700,15,242500
2647,0.007512,74.125.24.0-255,5738,69438,15,242500
2648,0.007526,172.31.36.0-255,66,69504,15,242500
2649,0.010272,74.125.24.0-255,5738,75242,15,242500
2650,0.010293,172.31.36.0-255,66,75308,15,242500
2651,0.013054,74.125.24.0-255,5738,81046,15,242500
2652,0.013072,172.31.36.0-255,66,81112,15,242500
2653,0.015814,74.125.24.0-255,5738,86850,15,242500
2654,0.015834,172.31.36.0-255,66,86916,15,242500
2655,0.01859,74.125.24.0-255,5738,92654,15,242500
2656,0.018607,172.31.36.0-255,66,92720,15,242500
2657,0.021391,74.125.24.0-255,5738,98458,15,242500
2658,0.0214,172.31.36.0-255,66,98524,15,242500
2659,0.024117,74.125.24.0-255,5738,104262,15,242500
2660,0.024126,172.31.36.0-255,66,104328,15,242500
2661,0.025082,172.31.36.0-255,167,104495,15,242500
2662,0.025116,172.31.36.0-255,1110,105605,15,242500
2663,0.025175,172.31.36.0-255,1514,107119,15,242500
2664,0.025177,172.31.36.0-255,1295,108414,15,242500
2665,0.026762,104.244.42.0-255,66,108480,15,242500
2666,0.026807,104.244.42.0-255,66,108546,15,242500
2667,0.026837,74.125.24.0-255,5738,114284,15,242500
2668,0.026842,172.31.36.0-255,66,114350,15,242500
2669,0.02686,104.244.42.0-255,66,114416,15,242500
2670,0.029616,74.125.24.0-255,5738,120154,15,242500
2671,0.029621,172.31.36.0-255,66,120220,15,242500
2672,0.032369,74.125.24.0-255,5738,125958,15,242500
2673,0.032376,172.31.36.0-255,66,126024,15,242500
2674,0.03509,74.125.24.0-255,5738,131762,15,242500
2675,0.035097,172.31.36.0-255,66,131828,15,242500
2676,0.037833,74.125.24.0-255,5738,137566,15,242500
2677,0.03784,172.31.36.0-255,66,137632,15,242500
2678,0.040573,74.125.24.0-255,5738,143370,15,242500
2679,0.04058,172.31.36.0-255,66,143436,15,242500
2680,0.043328,74.125.24.0-255,5738,149174,15,242500
2681,0.043336,172.31.36.0-255,66,149240,15,242500
2682,0.046088,74.125.24.0-255,5738,154978,15,242500
2683,0.046095,172.31.36.0-255,66,155044,15,242500
2684,0.048813,74.125.24.0-255,5738,160782,15,242500
2685,0.048819,172.31.36.0-255,66,160848,15,242500
2686,0.051576,74.125.24.0-255,5738,166586,15,242500
2687,0.051582,172.31.36.0-255,66,166652,15,242500
2688,0.054327,74.125.24.0-255,5738,172390,15,242500
2689,0.054333,172.31.36.0-255,66,172456,15,242500
2690,0.05707,74.125.24.0-255,5738,178194,15,242500
2691,0.057077,172.31.36.0-255,66,178260,15,242500
2692,0.059806,74.125.24.0-255,5738,183998,15,242500
2693,0.059813,172.31.36.0-255,66,184064,15,242500
2694,0.062551,74.125.24.0-255,5738,189802,15,242500
2695,0.062556,172.31.36.0-255,66,189868,15,242500
2696,0.065318,74.125.24.0-255,5738,195606,15,242500
2697,0.065324,172.31.36.0-255,66,195672,15,242500
2698,0.068066,74.125.24.0-255,5738,201410,15,242500
2699,0.068073,172.31.36.0-255,66,201476,15,242500
2700,0.070856,74.125.24.0-255,5738,207214,15,242500
2701,0.070863,172.31.36.0-255,66,207280,15,242500
2702,0.073622,74.125.24.0-255,5738,213018,15,242500
2703,0.073628,172.31.36.0-255,66,213084,15,242500
2704,0.076372,74.125.24.0-255,5738,218822,15,242500
2705,0.076379,172.31.36.0-255,66,218888,15,242500
2706,0.079153,74.125.24.0-255,5738,224626,15,242500
2707,0.079159,172.31.36.0-255,66,224692,15,242500
2708,0.08191,74.125.24.0-255,2902,227594,15,242500
2709,0.081915,172.31.36.0-255,66,227660,15,242500
2710,0.081948,74.125.24.0-255,2902,230562,15,242500
2711,0.081951,172.31.36.0-255,66,230628,15,242500
2712,0.084656,74.125.24.0-255,2902,233530,15,242500
2713,0.08466,172.31.36.0-255,66,233596,15,242500
2714,0.0847,74.125.24.0-255,2902,236498,15,242500
2715,0.084703,172.31.36.0-255,66,236564,15,242500
2716,0.087431,74.125.24.0-255,2902,239466,15,242500
2717,0.087437,172.31.36.0-255,66,239532,15,242500
2718,0.08747,74.125.24.0-255,2902,242434,15,242500
2719,0.087473,172.31.36.0-255,66,242500,15,242500
2720,0.0,74.125.24.0-255,153,153,15,266827
2721,2.3e-05,172.31.36.0-255,66,219,15,266827
2722,3e-05,74.125.24.0-255,1484,1703,15,266827
2723,3.5e-05,172.31.36.0-255,66,1769,15,266827
2724,4.1e-05,74.125.24.0-255,2902,4671,15,266827
2725,4.5e-05,172.31.36.0-255,66,4737,15,266827
2726,5.3e-05,74.125.24.0-255,7156,11893,15,266827
2727,5.5e-05,172.31.36.0-255,66,11959,15,266827
2728,5.9e-05,74.125.24.0-255,2035,13994,15,266827
2729,6.3e-05,172.31.36.0-255,66,14060,15,266827
2730,9.5e-05,74.125.24.0-255,1484,15544,15,266827
2731,9.8e-05,172.31.36.0-255,66,15610,15,266827
2732,0.000114,74.125.24.0-255,1484,17094,15,266827
2733,0.000117,172.31.36.0-255,66,17160,15,266827
2734,0.000128,74.125.24.0-255,1484,18644,15,266827
2735,0.000131,172.31.36.0-255,66,18710,15,266827
2736,0.000134,74.125.24.0-255,1484,20194,15,266827
2737,0.000136,172.31.36.0-255,66,20260,15,266827
2738,0.000166,74.125.24.0-255,4320,24580,15,266827
2739,0.000169,172.31.36.0-255,66,24646,15,266827
2740,0.000176,74.125.24.0-255,5738,30384,15,266827
2741,0.000178,172.31.36.0-255,66,30450,15,266827
2742,0.000195,74.125.24.0-255,1125,31575,15,266827
2743,0.000197,172.31.36.0-255,66,31641,15,266827
2744,0.000605,74.125.24.0-255,1484,33125,15,266827
2745,0.000611,172.31.36.0-255,66,33191,15,266827
2746,0.000616,74.125.24.0-255,1484,34675,15,266827
2747,0.000618,172.31.36.0-255,66,34741,15,266827
2748,0.000631,74.125.24.0-255,1484,36225,15,266827
2749,0.000633,172.31.36.0-255,66,36291,15,266827
2750,0.00064,74.125.24.0-255,4320,40611,15,266827
2751,0.000643,172.31.36.0-255,66,40677,15,266827
2752,0.000666,74.125.24.0-255,1484,42161,15,266827
2753,0.000675,74.125.24.0-255,5738,47899,15,266827
2754,0.000693,172.31.36.0-255,66,47965,15,266827
2755,0.00071,74.125.24.0-255,1484,49449,15,266827
2756,0.000724,74.125.24.0-255,3961,53410,15,266827
2757,0.00073,74.125.24.0-255,4320,57730,15,266827
2758,0.000741,74.125.24.0-255,1484,59214,15,266827
2759,0.000745,172.31.36.0-255,66,59280,15,266827
2760,0.000776,74.125.24.0-255,4320,63600,15,266827
2761,0.00079,74.125.24.0-255,2543,66143,15,266827
2762,0.000792,74.125.24.0-255,413,66556,15,266827
2763,0.000814,172.31.36.0-255,66,66622,15,266827
2764,0.000961,74.125.24.0-255,1484,68106,15,266827
2765,0.000967,74.125.24.0-255,2902,71008,15,266827
2766,0.000971,172.31.36.0-255,66,71074,15,266827
2767,0.000975,74.125.24.0-255,1484,72558,15,266827
2768,0.000992,74.125.24.0-255,4320,76878,15,266827
2769,0.00102,74.125.24.0-255,1484,78362,15,266827
2770,0.001027,172.31.36.0-255,66,78428,15,266827
2771,0.001046,74.125.24.0-255,2902,81330,15,266827
2772,0.001052,172.31.36.0-255,66,81396,15,266827
2773,0.00109,74.125.24.0-255,5738,87134,15,266827
2774,0.001096,172.31.36.0-255,66,87200,15,266827
2775,0.001119,74.125.24.0-255,2902,90102,15,266827
2776,0.001154,172.31.36.0-255,66,90168,15,266827
2777,0.001172,74.125.24.0-255,6701,96869,15,266827
2778,0.001176,74.125.24.0-255,1484,98353,15,266827
2779,0.001191,172.31.36.0-255,66,98419,15,266827
2780,0.001203,74.125.24.0-255,2902,101321,15,266827
2781,0.001223,74.125.24.0-255,5738,107059,15,266827
2782,0.001258,172.31.36.0-255,66,107125,15,266827
2783,0.001299,74.125.24.0-255,2184,109309,15,266827
2784,0.001304,172.31.36.0-255,66,109375,15,266827
2785,0.00134,74.125.24.0-255,2902,112277,15,266827
2786,0.00136,74.125.24.0-255,2902,115179,15,266827
2787,0.001371,74.125.24.0-255,1484,116663,15,266827
2788,0.001389,172.31.36.0-255,66,116729,15,266827
2789,0.001403,74.125.24.0-255,7156,123885,15,266827
2790,0.001434,74.125.24.0-255,2184,126069,15,266827
2791,0.001446,172.31.36.0-255,66,126135,15,266827
2792,0.001734,74.125.24.0-255,1484,127619,15,266827
2793,0.001753,74.125.24.0-255,1484,129103,15,266827
2794,0.001758,172.31.36.0-255,66,129169,15,266827
2795,0.001766,74.125.24.0-255,1484,130653,15,266827
2796,0.00177,74.125.24.0-255,2902,133555,15,266827
2797,0.001774,172.31.36.0-255,66,133621,15,266827
2798,0.001784,74.125.24.0-255,2902,136523,15,266827
2799,0.001787,74.125.24.0-255,2902,139425,15,266827
2800,0.001812,74.125.24.0-255,4320,143745,15,266827
2801,0.00183,74.125.24.0-255,4320,148065,15,266827
2802,0.001836,172.31.36.0-255,66,148131,15,266827
2803,0.001857,74.125.24.0-255,2184,150315,15,266827
2804,0.001863,172.31.36.0-255,66,150381,15,266827
2805,0.001883,74.125.24.0-255,2902,153283,15,266827
2806,0.001897,74.125.24.0-255,4320,157603,15,266827
2807,0.001904,172.31.36.0-255,66,157669,15,266827
2808,0.001919,74.125.24.0-255,2902,160571,15,266827
2809,0.001925,74.125.24.0-255,5738,166309,15,266827
2810,0.001937,74.125.24.0-255,7156,173465,15,266827
2811,0.001963,172.31.36.0-255,66,173531,15,266827
2812,0.001974,74.125.24.0-255,2184,175715,15,266827
2813,0.001997,172.31.36.0-255,66,175781,15,266827
2814,0.002011,74.125.24.0-255,1484,177265,15,266827
2815,0.002025,74.125.24.0-255,1484,178749,15,266827
2816,0.002037,74.125.24.0-255,1484,180233,15,266827
2817,0.002041,74.125.24.0-255,2902,183135,15,266827
2818,0.002045,172.31.36.0-255,66,183201,15,266827
2819,0.002052,172.31.36.0-255,66,183267,15,266827
2820,0.00206,74.125.24.0-255,2902,186169,15,266827
2821,0.002066,74.125.24.0-255,5738,191907,15,266827
2822,0.002081,74.125.24.0-255,2902,194809,15,266827
2823,0.002091,172.31.36.0-255,66,194875,15,266827
2824,0.002109,74.125.24.0-255,5738,200613,15,266827
2825,0.002151,74.125.24.0-255,2902,203515,15,266827
2826,0.002155,172.31.36.0-255,66,203581,15,266827
2827,0.002159,172.31.36.0-255,66,203647,15,266827
2828,0.002246,172.31.36.0-255,66,203713,15,266827
2829,0.002249,74.125.24.0-255,1484,205197,15,266827
2830,0.002256,74.125.24.0-255,6438,211635,15,266827
2831,0.002262,74.125.24.0-255,7156,218791,15,266827
2832,0.002269,74.125.24.0-255,5738,224529,15,266827
2833,0.002276,172.31.36.0-255,66,224595,15,266827
2834,0.002298,74.125.24.0-255,7156,231751,15,266827
2835,0.002316,172.31.36.0-255,66,231817,15,266827
2836,0.002327,74.125.24.0-255,2184,234001,15,266827
2837,0.002351,172.31.36.0-255,66,234067,15,266827
2838,0.004579,74.125.24.0-255,2902,236969,15,266827
2839,0.004586,172.31.36.0-255,66,237035,15,266827
2840,0.004653,74.125.24.0-255,2902,239937,15,266827
2841,0.004657,172.31.36.0-255,66,240003,15,266827
2842,0.006848,74.125.24.0-255,2902,242905,15,266827
2843,0.006853,172.31.36.0-255,66,242971,15,266827
2844,0.006893,74.125.24.0-255,1484,244455,15,266827
2845,0.006907,74.125.24.0-255,1484,245939,15,266827
2846,0.006909,172.31.36.0-255,66,246005,15,266827
2847,0.009125,74.125.24.0-255,5738,251743,15,266827
2848,0.012668,172.31.36.0-255,66,251809,15,266827
2849,0.014965,74.125.24.0-255,5738,257547,15,266827
2850,0.014973,172.31.36.0-255,66,257613,15,266827
2851,0.017234,74.125.24.0-255,1814,259427,15,266827
2852,0.017242,172.31.36.0-255,66,259493,15,266827
2853,0.017431,172.31.36.0-255,105,259598,15,266827
2854,0.019695,74.125.24.0-255,66,259664,15,266827
2855,0.036607,172.31.36.0-255,172,259836,15,266827
2856,0.036643,172.31.36.0-255,1110,260946,15,266827
2857,0.036708,172.31.36.0-255,1514,262460,15,266827
2858,0.03671,172.31.36.0-255,1514,263974,15,266827
2859,0.036711,172.31.36.0-255,1514,265488,15,266827
2860,0.036736,172.31.36.0-255,1075,266563,15,266827
2861,0.038322,104.244.42.0-255,66,266629,15,266827
2862,0.038361,104.244.42.0-255,66,266695,15,266827
2863,0.038389,104.244.42.0-255,66,266761,15,266827
2864,0.038409,104.244.42.0-255,66,266827,15,266827
2865,0.0,74.125.24.0-255,153,153,15,255410
2866,3.1e-05,172.31.36.0-255,66,219,15,255410
2867,3.8e-05,74.125.24.0-255,1484,1703,15,255410
2868,4.3e-05,172.31.36.0-255,66,1769,15,255410
2869,4.8e-05,74.125.24.0-255,2902,4671,15,255410
2870,5.8e-05,172.31.36.0-255,66,4737,15,255410
2871,6.4e-05,74.125.24.0-255,4320,9057,15,255410
2872,6.7e-05,172.31.36.0-255,66,9123,15,255410
2873,7.9e-05,74.125.24.0-255,1484,10607,15,255410
2874,8.1e-05,172.31.36.0-255,66,10673,15,255410
2875,0.000114,172.31.36.0-255,66,10739,15,255410
2876,0.000117,74.125.24.0-255,1484,12223,15,255410
2877,0.000119,172.31.36.0-255,66,12289,15,255410
2878,0.000145,74.125.24.0-255,7156,19445,15,255410
2879,0.000148,172.31.36.0-255,66,19511,15,255410
2880,0.000175,74.125.24.0-255,3961,23472,15,255410
2881,0.000178,172.31.36.0-255,66,23538,15,255410
2882,0.000364,74.125.24.0-255,1484,25022,15,255410
2883,0.000369,172.31.36.0-255,66,25088,15,255410
2884,0.000374,74.125.24.0-255,2902,27990,15,255410
2885,0.000376,74.125.24.0-255,1484,29474,15,255410
2886,0.00038,172.31.36.0-255,66,29540,15,255410
2887,0.000384,172.31.36.0-255,66,29606,15,255410
2888,0.0004,74.125.24.0-255,4320,33926,15,255410
2889,0.000403,172.31.36.0-255,66,33992,15,255410
2890,0.000411,74.125.24.0-255,6797,40789,15,255410
2891,0.000415,74.125.24.0-255,4320,45109,15,255410
2892,0.000415,172.31.36.0-255,66,45175,15,255410
2893,0.000418,172.31.36.0-255,66,45241,15,255410
2894,0.000443,74.125.24.0-255,2902,48143,15,255410
2895,0.000447,172.31.36.0-255,66,48209,15,255410
2896,0.000474,172.31.36.0-255,66,48275,15,255410
2897,0.000539,74.125.24.0-255,134,48409,15,255410
2898,0.000641,74.125.24.0-255,1484,49893,15,255410
2899,0.00066,74.125.24.0-255,2902,52795,15,255410
2900,0.000663,74.125.24.0-255,1484,54279,15,255410
2901,0.000682,74.125.24.0-255,4320,58599,15,255410
2902,0.000706,74.125.24.0-255,1484,60083,15,255410
2903,0.000728,74.125.24.0-255,5379,65462,15,255410
2904,0.000753,74.125.24.0-255,4320,69782,15,255410
2905,0.000757,74.125.24.0-255,2543,72325,15,255410
2906,0.00101,74.125.24.0-255,1484,73809,15,255410
2907,0.001018,74.125.24.0-255,2902,76711,15,255410
2908,0.001024,74.125.24.0-255,2902,79613,15,255410
2909,0.001036,74.125.24.0-255,2902,82515,15,255410
2910,0.001106,74.125.24.0-255,1484,83999,15,255410
2911,0.001124,74.125.24.0-255,5738,89737,15,255410
2912,0.001145,74.125.24.0-255,6438,96175,15,255410
2913,0.001411,74.125.24.0-255,1484,97659,15,255410
2914,0.001423,74.125.24.0-255,1484,99143,15,255410
2915,0.001437,74.125.24.0-255,1484,100627,15,255410
2916,0.001443,74.125.24.0-255,5738,106365,15,255410
2917,0.00146,74.125.24.0-255,4320,110685,15,255410
2918,0.001471,74.125.24.0-255,4320,115005,15,255410
2919,0.001511,74.125.24.0-255,1484,116489,15,255410
2920,0.001677,74.125.24.0-255,1484,117973,15,255410
2921,0.001693,74.125.24.0-255,2902,120875,15,255410
2922,0.001717,74.125.24.0-255,5738,126613,15,255410
2923,0.001733,74.125.24.0-255,4320,130933,15,255410
2924,0.001749,74.125.24.0-255,7156,138089,15,255410
2925,0.001766,74.125.24.0-255,1484,139573,15,255410
2926,0.00179,74.125.24.0-255,2184,141757,15,255410
2927,0.001994,74.125.24.0-255,1484,143241,15,255410
2928,0.001997,74.125.24.0-255,1484,144725,15,255410
2929,0.002007,74.125.24.0-255,1484,146209,15,255410
2930,0.002009,74.125.24.0-255,1484,147693,15,255410
2931,0.002021,74.125.24.0-255,4320,152013,15,255410
2932,0.002045,74.125.24.0-255,7156,159169,15,255410
2933,0.002066,74.125.24.0-255,5738,164907,15,255410
2934,0.002071,74.125.24.0-255,5738,170645,15,255410
2935,0.002112,74.125.24.0-255,2902,173547,15,255410
2936,0.002122,74.125.24.0-255,2184,175731,15,255410
2937,0.002187,74.125.24.0-255,1484,177215,15,255410
2938,0.002203,74.125.24.0-255,2902,180117,15,255410
2939,0.00222,74.125.24.0-255,1484,181601,15,255410
2940,0.002235,74.125.24.0-255,4320,185921,15,255410
2941,0.002237,74.125.24.0-255,1484,187405,15,255410
2942,0.002283,74.125.24.0-255,1484,188889,15,255410
2943,0.002322,74.125.24.0-255,2902,191791,15,255410
2944,0.002393,74.125.24.0-255,7156,198947,15,255410
2945,0.002426,74.125.24.0-255,4320,203267,15,255410
2946,0.00244,74.125.24.0-255,5738,209005,15,255410
2947,0.002482,74.125.24.0-255,1484,210489,15,255410
2948,0.002498,74.125.24.0-255,1484,211973,15,255410
2949,0.002508,74.125.24.0-255,1484,213457,15,255410
2950,0.00252,74.125.24.0-255,5738,219195,15,255410
2951,0.002537,74.125.24.0-255,4320,223515,15,255410
2952,0.002548,74.125.24.0-255,4320,227835,15,255410
2953,0.002562,74.125.24.0-255,5738,233573,15,255410
2954,0.002574,74.125.24.0-255,3602,237175,15,255410
2955,0.00258,74.125.24.0-255,7156,244331,15,255410
2956,0.002611,74.125.24.0-255,5738,250069,15,255410
2957,0.003629,172.31.36.0-255,66,250135,15,255410
2958,0.006086,74.125.24.0-255,754,250889,15,255410
2959,0.012984,172.31.36.0-255,66,250955,15,255410
2960,0.013015,172.31.36.0-255,105,251060,15,255410
2961,0.015436,74.125.24.0-255,66,251126,15,255410
2962,0.031672,172.31.36.0-255,167,251293,15,255410
2963,0.031702,172.31.36.0-255,1110,252403,15,255410
2964,0.031742,172.31.36.0-255,1514,253917,15,255410
2965,0.031744,172.31.36.0-255,1295,255212,15,255410
2966,0.033342,104.244.42.0-255,66,255278,15,255410
2967,0.033379,104.244.42.0-255,66,255344,15,255410
2968,0.03344,104.244.42.0-255,66,255410,15,255410
2969,0.0,74.125.24.0-255,153,153,15,300662
2970,2.2e-05,172.31.36.0-255,66,219,15,300662
2971,3e-05,74.125.24.0-255,1484,1703,15,300662
2972,3.4e-05,172.31.36.0-255,66,1769,15,300662
2973,4.7e-05,74.125.24.0-255,2902,4671,15,300662
2974,5.1e-05,172.31.36.0-255,66,4737,15,300662
2975,7.8e-05,74.125.24.0-255,1484,6221,15,300662
2976,8.1e-05,172.31.36.0-255,66,6287,15,300662
2977,8.6e-05,74.125.24.0-255,2902,9189,15,300662
2978,8.9e-05,172.31.36.0-255,66,9255,15,300662
2979,0.00012,74.125.24.0-255,4883,14138,15,300662
2980,0.000123,172.31.36.0-255,66,14204,15,300662
2981,0.000192,74.125.24.0-255,1484,15688,15,300662
2982,0.000195,172.31.36.0-255,66,15754,15,300662
2983,0.000232,74.125.24.0-255,2902,18656,15,300662
2984,0.000234,172.31.36.0-255,66,18722,15,300662
2985,0.000239,74.125.24.0-255,1484,20206,15,300662
2986,0.000241,172.31.36.0-255,66,20272,15,300662
2987,0.000274,74.125.24.0-255,4320,24592,15,300662
2988,0.000278,172.31.36.0-255,66,24658,15,300662
2989,0.000285,74.125.24.0-255,6797,31455,15,300662
2990,0.000288,172.31.36.0-255,66,31521,15,300662
2991,0.001489,74.125.24.0-255,1484,33005,15,300662
2992,0.001497,172.31.36.0-255,66,33071,15,300662
2993,0.001506,74.125.24.0-255,2902,35973,15,300662
2994,0.001514,172.31.36.0-255,66,36039,15,300662
2995,0.001518,74.125.24.0-255,1484,37523,15,300662
2996,0.001521,172.31.36.0-255,66,37589,15,300662
2997,0.00156,74.125.24.0-255,4320,41909,15,300662
2998,0.001563,172.31.36.0-255,66,41975,15,300662
2999,0.001572,74.125.24.0-255,6797,48772,15,300662
3000,0.001574,172.31.36.0-255,66,48838,15,300662
3001,0.001604,74.125.24.0-255,1484,50322,15,300662
3002,0.00161,74.125.24.0-255,2902,53224,15,300662
3003,0.001613,172.31.36.0-255,66,53290,15,300662
3004,0.00162,74.125.24.0-255,5738,59028,15,300662
3005,0.001622,172.31.36.0-255,66,59094,15,300662
3006,0.001654,74.125.24.0-255,7107,66201,15,300662
3007,0.001657,172.31.36.0-255,66,66267,15,300662
3008,0.002082,74.125.24.0-255,1484,67751,15,300662
3009,0.002099,74.125.24.0-255,2902,70653,15,300662
3010,0.002105,172.31.36.0-255,66,70719,15,300662
3011,0.002111,74.125.24.0-255,4320,75039,15,300662
3012,0.002113,172.31.36.0-255,66,75105,15,300662
3013,0.002144,74.125.24.0-255,1484,76589,15,300662
3014,0.002151,74.125.24.0-255,4320,80909,15,300662
3015,0.002154,172.31.36.0-255,66,80975,15,300662
3016,0.00216,74.125.24.0-255,5738,86713,15,300662
3017,0.002163,172.31.36.0-255,66,86779,15,300662
3018,0.002186,74.125.24.0-255,4320,91099,15,300662
3019,0.002188,172.31.36.0-255,66,91165,15,300662
3020,0.00222,74.125.24.0-255,7156,98321,15,300662
3021,0.002223,172.31.36.0-255,66,98387,15,300662
3022,0.00225,74.125.24.0-255,2184,100571,15,300662
3023,0.002252,172.31.36.0-255,66,100637,15,300662
3024,0.002395,74.125.24.0-255,1484,102121,15,300662
3025,0.00243,74.125.24.0-255,2902,105023,15,300662
3026,0.002433,172.31.36.0-255,66,105089,15,300662
3027,0.002458,74.125.24.0-255,1484,106573,15,300662
3028,0.002477,74.125.24.0-255,5738,112311,15,300662
3029,0.002479,172.31.36.0-255,66,112377,15,300662
3030,0.002511,74.125.24.0-255,1484,113861,15,300662
3031,0.002516,74.125.24.0-255,2902,116763,15,300662
3032,0.002519,172.31.36.0-255,66,116829,15,300662
3033,0.002548,74.125.24.0-255,1484,118313,15,300662
3034,0.002573,74.125.24.0-255,4320,122633,15,300662
3035,0.002577,172.31.36.0-255,66,122699,15,300662
3036,0.002582,74.125.24.0-255,4320,127019,15,300662
3037,0.002584,172.31.36.0-255,66,127085,15,300662
3038,0.002609,172.31.36.0-255,66,127151,15,300662
3039,0.002648,74.125.24.0-255,2902,130053,15,300662
3040,0.002651,172.31.36.0-255,66,130119,15,300662
3041,0.002656,74.125.24.0-255,2902,133021,15,300662
3042,0.002658,172.31.36.0-255,66,133087,15,300662
3043,0.002674,74.125.24.0-255,1484,134571,15,300662
3044,0.002681,74.125.24.0-255,4320,138891,15,300662
3045,0.002687,172.31.36.0-255,66,138957,15,300662
3046,0.002712,74.125.24.0-255,4320,143277,15,300662
3047,0.002715,172.31.36.0-255,66,143343,15,300662
3048,0.002718,74.125.24.0-255,1484,144827,15,300662
3049,0.002724,74.125.24.0-255,4320,149147,15,300662
3050,0.002727,172.31.36.0-255,66,149213,15,300662
3051,0.002767,74.125.24.0-255,7156,156369,15,300662
3052,0.00277,172.31.36.0-255,66,156435,15,300662
3053,0.002776,74.125.24.0-255,5020,161455,15,300662
3054,0.002778,172.31.36.0-255,66,161521,15,300662
3055,0.002857,74.125.24.0-255,1484,163005,15,300662
3056,0.002861,74.125.24.0-255,1484,164489,15,300662
3057,0.002863,172.31.36.0-255,66,164555,15,300662
3058,0.002886,74.125.24.0-255,1484,166039,15,300662
3059,0.002893,74.125.24.0-255,5738,171777,15,300662
3060,0.002895,172.31.36.0-255,66,171843,15,300662
3061,0.0029,74.125.24.0-255,2902,174745,15,300662
3062,0.002902,172.31.36.0-255,66,174811,15,300662
3063,0.002945,172.31.36.0-255,66,174877,15,300662
3064,0.002978,172.31.36.0-255,66,174943,15,300662
3065,0.00301,74.125.24.0-255,2184,177127,15,300662
3066,0.003013,172.31.36.0-255,66,177193,15,300662
3067,0.003153,74.125.24.0-255,1484,178677,15,300662
3068,0.003167,74.125.24.0-255,2902,181579,15,300662
3069,0.00317,172.31.36.0-255,66,181645,15,300662
3070,0.003183,74.125.24.0-255,2902,184547,15,300662
3071,0.003189,172.31.36.0-255,66,184613,15,300662
3072,0.003219,74.125.24.0-255,2902,187515,15,300662
3073,0.003222,172.31.36.0-255,66,187581,15,300662
3074,0.003226,74.125.24.0-255,2902,190483,15,300662
3075,0.003228,172.31.36.0-255,66,190549,15,300662
3076,0.003245,172.31.36.0-255,66,190615,15,300662
3077,0.00325,74.125.24.0-255,2902,193517,15,300662
3078,0.003251,172.31.36.0-255,66,193583,15,300662
3079,0.003291,172.31.36.0-255,66,193649,15,300662
3080,0.003295,74.125.24.0-255,2902,196551,15,300662
3081,0.003298,172.31.36.0-255,66,196617,15,300662
3082,0.003337,172.31.36.0-255,66,196683,15,300662
3083,0.003357,172.31.36.0-255,66,196749,15,300662
3084,0.003363,74.125.24.0-255,5738,202487,15,300662
3085,0.003385,172.31.36.0-255,66,202553,15,300662
3086,0.00339,74.125.24.0-255,3602,206155,15,300662
3087,0.003393,172.31.36.0-255,66,206221,15,300662
3088,0.003398,74.125.24.0-255,2902,209123,15,300662
3089,0.003402,172.31.36.0-255,66,209189,15,300662
3090,0.003435,74.125.24.0-255,7156,216345,15,300662
3091,0.003438,172.31.36.0-255,66,216411,15,300662
3092,0.003444,74.125.24.0-255,4320,220731,15,300662
3093,0.003446,172.31.36.0-255,66,220797,15,300662
3094,0.003459,172.31.36.0-255,66,220863,15,300662
3095,0.003493,74.125.24.0-255,5738,226601,15,300662
3096,0.003496,172.31.36.0-255,66,226667,15,300662
3097,0.003502,74.125.24.0-255,3602,230269,15,300662
3098,0.003504,172.31.36.0-255,66,230335,15,300662
3099,0.003507,74.125.24.0-255,1484,231819,15,300662
3100,0.00351,74.125.24.0-255,1484,233303,15,300662
3101,0.003513,172.31.36.0-255,66,233369,15,300662
3102,0.003581,74.125.24.0-255,4320,237689,15,300662
3103,0.003584,172.31.36.0-255,66,237755,15,300662
3104,0.003587,74.125.24.0-255,1484,239239,15,300662
3105,0.003592,74.125.24.0-255,2902,242141,15,300662
3106,0.003594,172.31.36.0-255,66,242207,15,300662
3107,0.0036,74.125.24.0-255,4320,246527,15,300662
3108,0.003602,172.31.36.0-255,66,246593,15,300662
3109,0.003607,74.125.24.0-255,4320,250913,15,300662
3110,0.003609,172.31.36.0-255,66,250979,15,300662
3111,0.003639,74.125.24.0-255,2902,253881,15,300662
3112,0.003642,172.31.36.0-255,66,253947,15,300662
3113,0.003645,74.125.24.0-255,1484,255431,15,300662
3114,0.00367,172.31.36.0-255,66,255497,15,300662
3115,0.003706,172.31.36.0-255,66,255563,15,300662
3116,0.00371,74.125.24.0-255,2902,258465,15,300662
3117,0.003712,172.31.36.0-255,66,258531,15,300662
3118,0.003744,74.125.24.0-255,7156,265687,15,300662
3119,0.003747,172.31.36.0-255,66,265753,15,300662
3120,0.003751,74.125.24.0-255,1484,267237,15,300662
3121,0.003803,172.31.36.0-255,66,267303,15,300662
3122,0.003807,74.125.24.0-255,2184,269487,15,300662
3123,0.003809,172.31.36.0-255,66,269553,15,300662
3124,0.003813,74.125.24.0-255,2902,272455,15,300662
3125,0.003815,172.31.36.0-255,66,272521,15,300662
3126,0.003846,74.125.24.0-255,7156,279677,15,300662
3127,0.003849,172.31.36.0-255,66,279743,15,300662
3128,0.003876,74.125.24.0-255,5738,285481,15,300662
3129,0.003879,172.31.36.0-255,66,285547,15,300662
3130,0.003882,74.125.24.0-255,1484,287031,15,300662
3131,0.00391,74.125.24.0-255,5738,292769,15,300662
3132,0.003913,172.31.36.0-255,66,292835,15,300662
3133,0.003942,74.125.24.0-255,1484,294319,15,300662
3134,0.003947,74.125.24.0-255,2161,296480,15,300662
3135,0.003949,172.31.36.0-255,66,296546,15,300662
3136,0.003982,74.125.24.0-255,97,296643,15,300662
3137,0.004051,74.125.24.0-255,105,296748,15,300662
3138,0.013395,172.31.36.0-255,66,296814,15,300662
3139,0.013443,172.31.36.0-255,105,296919,15,300662
3140,0.013612,74.125.24.0-255,105,297024,15,300662
3141,0.013623,172.31.36.0-255,78,297102,15,300662
3142,0.0154,74.125.24.0-255,66,297168,15,300662
3143,0.031072,172.31.36.0-255,167,297335,15,300662
3144,0.031107,172.31.36.0-255,1108,298443,15,300662
3145,0.031166,172.31.36.0-255,1514,299957,15,300662
3146,0.031168,172.31.36.0-255,333,300290,15,300662
3147,0.032623,104.244.42.0-255,66,300356,15,300662
3148,0.032656,104.244.42.0-255,66,300422,15,300662
3149,0.032704,104.244.42.0-255,66,300488,15,300662
3150,0.033359,104.244.42.0-255,108,300596,15,300662
3151,0.033366,172.31.36.0-255,66,300662,15,300662
3152,0.0,172.31.36.0-255,66,66,15,66
3153,0.0,74.125.130.0-255,153,153,15,339907
3154,2.4e-05,172.31.36.0-255,66,219,15,339907
3155,3.2e-05,74.125.130.0-255,1484,1703,15,339907
3156,3.6e-05,172.31.36.0-255,66,1769,15,339907
3157,4e-05,74.125.130.0-255,1484,3253,15,339907
3158,4.3e-05,172.31.36.0-255,66,3319,15,339907
3159,5e-05,74.125.130.0-255,2902,6221,15,339907
3160,5.3e-05,172.31.36.0-255,66,6287,15,339907
3161,5.9e-05,74.125.130.0-255,5738,12025,15,339907
3162,6.3e-05,172.31.36.0-255,66,12091,15,339907
3163,6.6e-05,74.125.130.0-255,1484,13575,15,339907
3164,6.9e-05,172.31.36.0-255,66,13641,15,339907
3165,9.2e-05,74.125.130.0-255,655,14296,15,339907
3166,9.5e-05,172.31.36.0-255,66,14362,15,339907
3167,0.0001,74.125.130.0-255,2902,17264,15,339907
3168,0.000103,172.31.36.0-255,66,17330,15,339907
3169,0.000106,74.125.130.0-255,1484,18814,15,339907
3170,0.000107,172.31.36.0-255,66,18880,15,339907
3171,0.000142,74.125.130.0-255,5738,24618,15,339907
3172,0.000145,172.31.36.0-255,66,24684,15,339907
3173,0.000152,74.125.130.0-255,6797,31481,15,339907
3174,0.000154,172.31.36.0-255,66,31547,15,339907
3175,0.000276,74.125.130.0-255,1484,33031,15,339907
3176,0.000281,172.31.36.0-255,66,33097,15,339907
3177,0.000288,74.125.130.0-255,2902,35999,15,339907
3178,0.00029,172.31.36.0-255,66,36065,15,339907
3179,0.000322,74.125.130.0-255,5738,41803,15,339907
3180,0.000325,172.31.36.0-255,66,41869,15,339907
3181,0.00033,74.125.130.0-255,2902,44771,15,339907
3182,0.000332,172.31.36.0-255,66,44837,15,339907
3183,0.000347,74.125.130.0-255,3961,48798,15,339907
3184,0.000351,172.31.36.0-255,66,48864,15,339907
3185,0.000357,74.125.130.0-255,5738,54602,15,339907
3186,0.000359,172.31.36.0-255,66,54668,15,339907
3187,0.000381,74.125.130.0-255,1484,56152,15,339907
3188,0.000392,172.31.36.0-255,66,56218,15,339907
3189,0.000427,74.125.130.0-255,1377,57595,15,339907
3190,0.000452,74.125.130.0-255,114,57709,15,339907
3191,0.000559,74.125.130.0-255,1484,59193,15,339907
3192,0.000565,172.31.36.0-255,66,59259,15,339907
3193,0.000569,74.125.130.0-255,1484,60743,15,339907
3194,0.000586,74.125.130.0-255,1484,62227,15,339907
3195,0.000588,172.31.36.0-255,66,62293,15,339907
3196,0.000594,74.125.130.0-255,4320,66613,15,339907
3197,0.000597,172.31.36.0-255,66,66679,15,339907
3198,0.00065,172.31.36.0-255,66,66745,15,339907
3199,0.0007,172.31.36.0-255,66,66811,15,339907
3200,0.000707,74.125.130.0-255,5379,72190,15,339907
3201,0.000709,172.31.36.0-255,66,72256,15,339907
3202,0.001261,172.31.36.0-255,101,72357,15,339907
3203,0.00185,74.125.130.0-255,1484,73841,15,339907
3204,0.00186,74.125.130.0-255,2902,76743,15,339907
3205,0.001865,172.31.36.0-255,66,76809,15,339907
3206,0.001887,74.125.130.0-255,2902,79711,15,339907
3207,0.00189,172.31.36.0-255,66,79777,15,339907
3208,0.001916,74.125.130.0-255,4320,84097,15,339907
3209,0.001919,172.31.36.0-255,66,84163,15,339907
3210,0.001936,74.125.130.0-255,1484,85647,15,339907
3211,0.001941,74.125.130.0-255,2902,88549,15,339907
3212,0.001943,172.31.36.0-255,66,88615,15,339907
3213,0.00198,74.125.130.0-255,4320,92935,15,339907
3214,0.001983,172.31.36.0-255,66,93001,15,339907
3215,0.002001,74.125.130.0-255,1484,94485,15,339907
3216,0.00203,74.125.130.0-255,2902,97387,15,339907
3217,0.002032,172.31.36.0-255,66,97453,15,339907
3218,0.002045,74.125.130.0-255,4320,101773,15,339907
3219,0.002047,172.31.36.0-255,66,101839,15,339907
3220,0.002051,74.125.130.0-255,1484,103323,15,339907
3221,0.002056,74.125.130.0-255,2902,106225,15,339907
3222,0.002058,172.31.36.0-255,66,106291,15,339907
3223,0.002061,74.125.130.0-255,766,107057,15,339907
3224,0.003368,74.125.130.0-255,66,107123,15,339907
3225,0.004207,74.125.130.0-255,4320,111443,15,339907
3226,0.004213,172.31.36.0-255,66,111509,15,339907
3227,0.006353,74.125.130.0-255,5738,117247,15,339907
3228,0.006356,172.31.36.0-255,66,117313,15,339907
3229,0.008508,74.125.130.0-255,5738,123051,15,339907
3230,0.008514,172.31.36.0-255,66,123117,15,339907
3231,0.010669,74.125.130.0-255,5738,128855,15,339907
3232,0.010677,172.31.36.0-255,66,128921,15,339907
3233,0.012838,74.125.130.0-255,5738,134659,15,339907
3234,0.012846,172.31.36.0-255,66,134725,15,339907
3235,0.014999,74.125.130.0-255,5738,140463,15,339907
3236,0.015008,172.31.36.0-255,66,140529,15,339907
3237,0.017173,74.125.130.0-255,5738,146267,15,339907
3238,0.017183,172.31.36.0-255,66,146333,15,339907
3239,0.019368,74.125.130.0-255,5738,152071,15,339907
3240,0.019376,172.31.36.0-255,66,152137,15,339907
3241,0.021533,74.125.130.0-255,5738,157875,15,339907
3242,0.021541,172.31.36.0-255,66,157941,15,339907
3243,0.023696,74.125.130.0-255,4320,162261,15,339907
3244,0.023703,172.31.36.0-255,66,162327,15,339907
3245,0.02372,74.125.130.0-255,1484,163811,15,339907
3246,0.025854,74.125.130.0-255,4320,168131,15,339907
3247,0.02586,172.31.36.0-255,66,168197,15,339907
3248,0.026643,172.31.36.0-255,167,168364,15,339907
3249,0.026676,172.31.36.0-255,1110,169474,15,339907
3250,0.026731,172.31.36.0-255,1514,170988,15,339907
3251,0.026733,172.31.36.0-255,1295,172283,15,339907
3252,0.028017,74.125.130.0-255,5738,178021,15,339907
3253,0.028024,172.31.36.0-255,66,178087,15,339907
3254,0.028369,104.244.42.0-255,66,178153,15,339907
3255,0.028377,104.244.42.0-255,66,178219,15,339907
3256,0.028559,104.244.42.0-255,66,178285,15,339907
3257,0.030212,74.125.130.0-255,5738,184023,15,339907
3258,0.030219,172.31.36.0-255,66,184089,15,339907
3259,0.032439,74.125.130.0-255,5738,189827,15,339907
3260,0.032446,172.31.36.0-255,66,189893,15,339907
3261,0.034621,74.125.130.0-255,5738,195631,15,339907
3262,0.034628,172.31.36.0-255,66,195697,15,339907
3263,0.036801,74.125.130.0-255,5738,201435,15,339907
3264,0.036808,172.31.36.0-255,66,201501,15,339907
3265,0.038976,74.125.130.0-255,5738,207239,15,339907
3266,0.038983,172.31.36.0-255,66,207305,15,339907
3267,0.041138,74.125.130.0-255,5738,213043,15,339907
3268,0.041145,172.31.36.0-255,66,213109,15,339907
3269,0.043327,74.125.130.0-255,5738,218847,15,339907
3270,0.043334,172.31.36.0-255,66,218913,15,339907
3271,0.045491,74.125.130.0-255,5738,224651,15,339907
3272,0.045498,172.31.36.0-255,66,224717,15,339907
3273,0.047649,74.125.130.0-255,5738,230455,15,339907
3274,0.047656,172.31.36.0-255,66,230521,15,339907
3275,0.049812,74.125.130.0-255,5738,236259,15,339907
3276,0.049819,172.31.36.0-255,66,236325,15,339907
3277,0.052003,74.125.130.0-255,5738,242063,15,339907
3278,0.05201,172.31.36.0-255,66,242129,15,339907
3279,0.054168,74.125.130.0-255,5738,247867,15,339907
3280,0.054174,172.31.36.0-255,66,247933,15,339907
3281,0.056345,74.125.130.0-255,5738,253671,15,339907
3282,0.056356,172.31.36.0-255,66,253737,15,339907
3283,0.058549,74.125.130.0-255,5738,259475,15,339907
3284,0.058556,172.31.36.0-255,66,259541,15,339907
3285,0.06073,74.125.130.0-255,5738,265279,15,339907
3286,0.060736,172.31.36.0-255,66,265345,15,339907
3287,0.062895,74.125.130.0-255,5738,271083,15,339907
3288,0.062904,172.31.36.0-255,66,271149,15,339907
3289,0.065067,74.125.130.0-255,5738,276887,15,339907
3290,0.065079,172.31.36.0-255,66,276953,15,339907
3291,0.06723,74.125.130.0-255,5738,282691,15,339907
3292,0.067236,172.31.36.0-255,66,282757,15,339907
3293,0.069411,74.125.130.0-255,5738,288495,15,339907
3294,0.069417,172.31.36.0-255,66,288561,15,339907
3295,0.071577,74.125.130.0-255,1484,290045,15,339907
3296,0.071605,74.125.130.0-255,4320,294365,15,339907
3297,0.07161,172.31.36.0-255,66,294431,15,339907
3298,0.073766,74.125.130.0-255,5738,300169,15,339907
3299,0.073772,172.31.36.0-255,66,300235,15,339907
3300,0.076052,74.125.130.0-255,5738,305973,15,339907
3301,0.076056,172.31.36.0-255,66,306039,15,339907
3302,0.0782,74.125.130.0-255,4320,310359,15,339907
3303,0.078207,172.31.36.0-255,66,310425,15,339907
3304,0.078234,74.125.130.0-255,1484,311909,15,339907
3305,0.080362,74.125.130.0-255,4320,316229,15,339907
3306,0.080368,172.31.36.0-255,66,316295,15,339907
3307,0.082514,74.125.130.0-255,5738,322033,15,339907
3308,0.082519,172.31.36.0-255,66,322099,15,339907
3309,0.084752,74.125.130.0-255,2902,325001,15,339907
3310,0.084757,172.31.36.0-255,66,325067,15,339907
3311,0.084788,74.125.130.0-255,2902,327969,15,339907
3312,0.084791,172.31.36.0-255,66,328035,15,339907
3313,0.086905,74.125.130.0-255,2902,330937,15,339907
3314,0.08691,172.31.36.0-255,66,331003,15,339907
3315,0.086939,74.125.130.0-255,2902,333905,15,339907
3316,0.086942,172.31.36.0-255,66,333971,15,339907
3317,0.089048,74.125.130.0-255,2902,336873,15,339907
3318,0.089054,172.31.36.0-255,66,336939,15,339907
3319,0.089082,74.125.130.0-255,2902,339841,15,339907
3320,0.089085,172.31.36.0-255,66,339907,15,339907
3321,0.0,74.125.68.0-255,153,153,15,305672
3322,2.2e-05,172.31.36.0-255,66,219,15,305672
3323,2.8e-05,74.125.68.0-255,1484,1703,15,305672
3324,3.3e-05,172.31.36.0-255,66,1769,15,305672
3325,3.9e-05,74.125.68.0-255,2902,4671,15,305672
3326,4.2e-05,172.31.36.0-255,66,4737,15,305672
3327,4.8e-05,74.125.68.0-255,4320,9057,15,305672
3328,5.1e-05,172.31.36.0-255,66,9123,15,305672
3329,7.6e-05,74.125.68.0-255,4880,14003,15,305672
3330,7.9e-05,172.31.36.0-255,66,14069,15,305672
3331,0.000105,74.125.68.0-255,2902,16971,15,305672
3332,0.000108,172.31.36.0-255,66,17037,15,305672
3333,0.000136,172.31.36.0-255,66,17103,15,305672
3334,0.000156,74.125.68.0-255,5379,22482,15,305672
3335,0.000159,172.31.36.0-255,66,22548,15,305672
3336,0.000218,74.125.68.0-255,1484,24032,15,305672
3337,0.000221,172.31.36.0-255,66,24098,15,305672
3338,0.00024,74.125.68.0-255,2902,27000,15,305672
3339,0.000242,172.31.36.0-255,66,27066,15,305672
3340,0.000246,74.125.68.0-255,2902,29968,15,305672
3341,0.000248,172.31.36.0-255,66,30034,15,305672
3342,0.000272,74.125.68.0-255,4320,34354,15,305672
3343,0.000275,172.31.36.0-255,66,34420,15,305672
3344,0.000301,74.125.68.0-255,4320,38740,15,305672
3345,0.000304,172.31.36.0-255,66,38806,15,305672
3346,0.000324,74.125.68.0-255,5379,44185,15,305672
3347,0.000327,172.31.36.0-255,66,44251,15,305672
3348,0.000363,172.31.36.0-255,66,44317,15,305672
3349,0.000379,74.125.68.0-255,1484,45801,15,305672
3350,0.000381,172.31.36.0-255,66,45867,15,305672
3351,0.000386,74.125.68.0-255,2822,48689,15,305672
3352,0.000388,172.31.36.0-255,66,48755,15,305672
3353,0.000417,74.125.68.0-255,376,49131,15,305672
3354,0.000522,74.125.68.0-255,1484,50615,15,305672
3355,0.000526,74.125.68.0-255,1484,52099,15,305672
3356,0.00053,172.31.36.0-255,66,52165,15,305672
3357,0.000537,74.125.68.0-255,1484,53649,15,305672
3358,0.00054,172.31.36.0-255,66,53715,15,305672
3359,0.000543,74.125.68.0-255,1484,55199,15,305672
3360,0.000568,74.125.68.0-255,4320,59519,15,305672
3361,0.000572,172.31.36.0-255,66,59585,15,305672
3362,0.000581,74.125.68.0-255,7156,66741,15,305672
3363,0.000583,172.31.36.0-255,66,66807,15,305672
3364,0.000634,172.31.36.0-255,66,66873,15,305672
3365,0.000654,74.125.68.0-255,2184,69057,15,305672
3366,0.000658,172.31.36.0-255,66,69123,15,305672
3367,0.000678,74.125.68.0-255,2902,72025,15,305672
3368,0.00068,172.31.36.0-255,66,72091,15,305672
3369,0.000708,74.125.68.0-255,7156,79247,15,305672
3370,0.000713,172.31.36.0-255,66,79313,15,305672
3371,0.000716,74.125.68.0-255,1484,80797,15,305672
3372,0.000738,74.125.68.0-255,7156,87953,15,305672
3373,0.000742,172.31.36.0-255,66,88019,15,305672
3374,0.000758,74.125.68.0-255,4320,92339,15,305672
3375,0.000761,172.31.36.0-255,66,92405,15,305672
3376,0.000784,172.31.36.0-255,66,92471,15,305672
3377,0.000805,74.125.68.0-255,2184,94655,15,305672
3378,0.000808,172.31.36.0-255,66,94721,15,305672
3379,0.000827,74.125.68.0-255,2902,97623,15,305672
3380,0.00083,172.31.36.0-255,66,97689,15,305672
3381,0.000848,74.125.68.0-255,1484,99173,15,305672
3382,0.000864,74.125.68.0-255,5738,104911,15,305672
3383,0.000868,172.31.36.0-255,66,104977,15,305672
3384,0.000879,172.31.36.0-255,66,105043,15,305672
3385,0.00091,74.125.68.0-255,4320,109363,15,305672
3386,0.000913,172.31.36.0-255,66,109429,15,305672
3387,0.000937,172.31.36.0-255,66,109495,15,305672
3388,0.000957,74.125.68.0-255,2184,111679,15,305672
3389,0.00096,172.31.36.0-255,66,111745,15,305672
3390,0.000988,74.125.68.0-255,2902,114647,15,305672
3391,0.000991,172.31.36.0-255,66,114713,15,305672
3392,0.000994,74.125.68.0-255,1484,116197,15,305672
3393,0.001015,74.125.68.0-255,5738,121935,15,305672
3394,0.001018,172.31.36.0-255,66,122001,15,305672
3395,0.001022,74.125.68.0-255,1484,123485,15,305672
3396,0.001049,74.125.68.0-255,7156,130641,15,305672
3397,0.001052,172.31.36.0-255,66,130707,15,305672
3398,0.001058,74.125.68.0-255,2902,133609,15,305672
3399,0.001061,172.31.36.0-255,66,133675,15,305672
3400,0.001094,172.31.36.0-255,66,133741,15,305672
3401,0.001097,74.125.68.0-255,766,134507,15,305672
3402,0.001344,74.125.68.0-255,1484,135991,15,305672
3403,0.001348,172.31.36.0-255,66,136057,15,305672
3404,0.001362,74.125.68.0-255,2902,138959,15,305672
3405,0.001365,172.31.36.0-255,66,139025,15,305672
3406,0.00137,74.125.68.0-255,2902,141927,15,305672
3407,0.001373,172.31.36.0-255,66,141993,15,305672
3408,0.001382,74.125.68.0-255,1484,143477,15,305672
3409,0.001406,74.125.68.0-255,2902,146379,15,305672
3410,0.001409,172.31.36.0-255,66,146445,15,305672
3411,0.001424,74.125.68.0-255,5738,152183,15,305672
3412,0.001428,172.31.36.0-255,66,152249,15,305672
3413,0.001431,74.125.68.0-255,5738,157987,15,305672
3414,0.001436,74.125.68.0-255,4320,162307,15,305672
3415,0.001435,172.31.36.0-255,66,162373,15,305672
3416,0.001438,172.31.36.0-255,66,162439,15,305672
3417,0.001462,74.125.68.0-255,2902,165341,15,305672
3418,0.001466,172.31.36.0-255,66,165407,15,305672
3419,0.001471,74.125.68.0-255,3602,169009,15,305672
3420,0.001473,172.31.36.0-255,66,169075,15,305672
3421,0.00152,74.125.68.0-255,1484,170559,15,305672
3422,0.001534,74.125.68.0-255,2902,173461,15,305672
3423,0.001538,172.31.36.0-255,66,173527,15,305672
3424,0.001559,74.125.68.0-255,2902,176429,15,305672
3425,0.001562,172.31.36.0-255,66,176495,15,305672
3426,0.001619,74.125.68.0-255,4320,180815,15,305672
3427,0.001623,172.31.36.0-255,66,180881,15,305672
3428,0.001639,172.31.36.0-255,66,180947,15,305672
3429,0.001645,74.125.68.0-255,4320,185267,15,305672
3430,0.001647,172.31.36.0-255,66,185333,15,305672
3431,0.001653,74.125.68.0-255,5738,191071,15,305672
3432,0.001655,172.31.36.0-255,66,191137,15,305672
3433,0.00166,74.125.68.0-255,3602,194739,15,305672
3434,0.001663,172.31.36.0-255,66,194805,15,305672
3435,0.00173,74.125.68.0-255,1484,196289,15,305672
3436,0.001734,74.125.68.0-255,1484,197773,15,305672
3437,0.001737,172.31.36.0-255,66,197839,15,305672
3438,0.001749,74.125.68.0-255,1484,199323,15,305672
3439,0.001761,74.125.68.0-255,1484,200807,15,305672
3440,0.001763,172.31.36.0-255,66,200873,15,305672
3441,0.001783,74.125.68.0-255,2902,203775,15,305672
3442,0.001788,172.31.36.0-255,66,203841,15,305672
3443,0.001798,74.125.68.0-255,2902,206743,15,305672
3444,0.0018,172.31.36.0-255,66,206809,15,305672
3445,0.001819,74.125.68.0-255,2902,209711,15,305672
3446,0.001822,172.31.36.0-255,66,209777,15,305672
3447,0.001828,74.125.68.0-255,4320,214097,15,305672
3448,0.001831,172.31.36.0-255,66,214163,15,305672
3449,0.001834,74.125.68.0-255,1484,215647,15,305672
3450,0.001856,74.125.68.0-255,4320,219967,15,305672
3451,0.001859,172.31.36.0-255,66,220033,15,305672
3452,0.001866,74.125.68.0-255,4320,224353,15,305672
3453,0.001869,172.31.36.0-255,66,224419,15,305672
3454,0.001889,74.125.68.0-255,5020,229439,15,305672
3455,0.001892,172.31.36.0-255,66,229505,15,305672
3456,0.001953,74.125.68.0-255,1484,230989,15,305672
3457,0.001965,74.125.68.0-255,2902,233891,15,305672
3458,0.001968,172.31.36.0-255,66,233957,15,305672
3459,0.001988,74.125.68.0-255,4320,238277,15,305672
3460,0.001991,172.31.36.0-255,66,238343,15,305672
3461,0.002008,74.125.68.0-255,1484,239827,15,305672
3462,0.002014,74.125.68.0-255,4320,244147,15,305672
3463,0.002016,172.31.36.0-255,66,244213,15,305672
3464,0.002044,172.31.36.0-255,66,244279,15,305672
3465,0.002073,74.125.68.0-255,4320,248599,15,305672
3466,0.002076,172.31.36.0-255,66,248665,15,305672
3467,0.002091,74.125.68.0-255,6438,255103,15,305672
3468,0.002095,172.31.36.0-255,66,255169,15,305672
3469,0.002121,74.125.68.0-255,5738,260907,15,305672
3470,0.002125,172.31.36.0-255,66,260973,15,305672
3471,0.002143,74.125.68.0-255,4320,265293,15,305672
3472,0.002146,172.31.36.0-255,66,265359,15,305672
3473,0.002155,74.125.68.0-255,7156,272515,15,305672
3474,0.002157,172.31.36.0-255,66,272581,15,305672
3475,0.002184,74.125.68.0-255,4320,276901,15,305672
3476,0.002187,172.31.36.0-255,66,276967,15,305672
3477,0.002193,74.125.68.0-255,4320,281287,15,305672
3478,0.002195,172.31.36.0-255,66,281353,15,305672
3479,0.002201,74.125.68.0-255,5738,287091,15,305672
3480,0.002203,172.31.36.0-255,66,287157,15,305672
3481,0.002227,172.31.36.0-255,66,287223,15,305672
3482,0.002258,172.31.36.0-255,66,287289,15,305672
3483,0.002279,74.125.68.0-255,5738,293027,15,305672
3484,0.002282,172.31.36.0-255,66,293093,15,305672
3485,0.002298,74.125.68.0-255,4845,297938,15,305672
3486,0.002301,172.31.36.0-255,66,298004,15,305672
3487,0.002304,74.125.68.0-255,97,298101,15,305672
3488,0.003504,172.31.36.0-255,66,298167,15,305672
3489,0.00458,74.125.68.0-255,105,298272,15,305672
3490,0.01057,172.31.36.0-255,66,298338,15,305672
3491,0.010614,172.31.36.0-255,105,298443,15,305672
3492,0.012893,74.125.68.0-255,66,298509,15,305672
3493,0.032901,172.31.36.0-255,172,298681,15,305672
3494,0.03293,172.31.36.0-255,1106,299787,15,305672
3495,0.032982,172.31.36.0-255,1514,301301,15,305672
3496,0.032984,172.31.36.0-255,1514,302815,15,305672
3497,0.032985,172.31.36.0-255,1514,304329,15,305672
3498,0.033012,172.31.36.0-255,1079,305408,15,305672
3499,0.03442,104.244.42.0-255,66,305474,15,305672
3500,0.03443,104.244.42.0-255,66,305540,15,305672
3501,0.034506,104.244.42.0-255,66,305606,15,305672
3502,0.034509,104.244.42.0-255,66,305672,15,305672
3503,0.0,74.125.24.0-255,153,153,15,233301
3504,2.5e-05,74.125.24.0-255,1484,1637,15,233301
3505,3.2e-05,172.31.36.0-255,66,1703,15,233301
3506,4e-05,74.125.24.0-255,2902,4605,15,233301
3507,4.3e-05,172.31.36.0-255,66,4671,15,233301
3508,6.6e-05,74.125.24.0-255,1484,6155,15,233301
3509,8.7e-05,74.125.24.0-255,5738,11893,15,233301
3510,9.1e-05,172.31.36.0-255,66,11959,15,233301
3511,9.5e-05,74.125.24.0-255,2902,14861,15,233301
3512,9.7e-05,172.31.36.0-255,66,14927,15,233301
3513,0.000113,74.125.24.0-255,2002,16929,15,233301
3514,0.000116,172.31.36.0-255,66,16995,15,233301
3515,0.000119,74.125.24.0-255,1484,18479,15,233301
3516,0.000147,172.31.36.0-255,66,18545,15,233301
3517,0.00028,74.125.24.0-255,1484,20029,15,233301
3518,0.000296,74.125.24.0-255,2902,22931,15,233301
3519,0.000301,172.31.36.0-255,66,22997,15,233301
3520,0.000306,74.125.24.0-255,2902,25899,15,233301
3521,0.000309,172.31.36.0-255,66,25965,15,233301
3522,0.000322,74.125.24.0-255,2902,28867,15,233301
3523,0.000325,172.31.36.0-255,66,28933,15,233301
3524,0.000333,74.125.24.0-255,6797,35730,15,233301
3525,0.000336,172.31.36.0-255,66,35796,15,233301
3526,0.000376,74.125.24.0-255,5738,41534,15,233301
3527,0.00038,172.31.36.0-255,66,41600,15,233301
3528,0.000401,74.125.24.0-255,1484,43084,15,233301
3529,0.000412,172.31.36.0-255,66,43150,15,233301
3530,0.000431,74.125.24.0-255,1436,44586,15,233301
3531,0.000552,74.125.24.0-255,111,44697,15,233301
3532,0.000741,172.31.36.0-255,66,44763,15,233301
3533,0.000825,74.125.24.0-255,1484,46247,15,233301
3534,0.000833,74.125.24.0-255,2902,49149,15,233301
3535,0.000837,172.31.36.0-255,66,49215,15,233301
3536,0.000863,74.125.24.0-255,5738,54953,15,233301
3537,0.000866,172.31.36.0-255,66,55019,15,233301
3538,0.000913,172.31.36.0-255,66,55085,15,233301
3539,0.00092,74.125.24.0-255,7156,62241,15,233301
3540,0.000923,172.31.36.0-255,66,62307,15,233301
3541,0.000943,74.125.24.0-255,1484,63791,15,233301
3542,0.000947,74.125.24.0-255,1367,65158,15,233301
3543,0.00095,172.31.36.0-255,66,65224,15,233301
3544,0.001217,74.125.24.0-255,1484,66708,15,233301
3545,0.001225,74.125.24.0-255,2902,69610,15,233301
3546,0.001229,172.31.36.0-255,66,69676,15,233301
3547,0.001238,74.125.24.0-255,5738,75414,15,233301
3548,0.00124,172.31.36.0-255,66,75480,15,233301
3549,0.001262,74.125.24.0-255,1484,76964,15,233301
3550,0.001294,172.31.36.0-255,66,77030,15,233301
3551,0.001308,172.31.36.0-255,66,77096,15,233301
3552,0.001807,74.125.24.0-255,1484,78580,15,233301
3553,0.001814,74.125.24.0-255,2902,81482,15,233301
3554,0.001819,172.31.36.0-255,66,81548,15,233301
3555,0.001826,74.125.24.0-255,5738,87286,15,233301
3556,0.001829,172.31.36.0-255,66,87352,15,233301
3557,0.001838,172.31.36.0-255,66,87418,15,233301
3558,0.001879,74.125.24.0-255,4320,91738,15,233301
3559,0.001881,172.31.36.0-255,66,91804,15,233301
3560,0.001912,172.31.36.0-255,66,91870,15,233301
3561,0.00195,74.125.24.0-255,1484,93354,15,233301
3562,0.001953,74.125.24.0-255,1484,94838,15,233301
3563,0.001956,172.31.36.0-255,66,94904,15,233301
3564,0.001974,74.125.24.0-255,1484,96388,15,233301
3565,0.00198,74.125.24.0-255,5738,102126,15,233301
3566,0.001982,172.31.36.0-255,66,102192,15,233301
3567,0.001987,74.125.24.0-255,4320,106512,15,233301
3568,0.001989,172.31.36.0-255,66,106578,15,233301
3569,0.002002,74.125.24.0-255,4320,110898,15,233301
3570,0.002005,172.31.36.0-255,66,110964,15,233301
3571,0.002051,172.31.36.0-255,66,111030,15,233301
3572,0.002072,74.125.24.0-255,5020,116050,15,233301
3573,0.002075,172.31.36.0-255,66,116116,15,233301
3574,0.002438,74.125.24.0-255,1484,117600,15,233301
3575,0.002443,74.125.24.0-255,2902,120502,15,233301
3576,0.002447,172.31.36.0-255,66,120568,15,233301
3577,0.002469,74.125.24.0-255,2902,123470,15,233301
3578,0.002472,172.31.36.0-255,66,123536,15,233301
3579,0.002501,172.31.36.0-255,66,123602,15,233301
3580,0.002529,172.31.36.0-255,66,123668,15,233301
3581,0.002553,74.125.24.0-255,5738,129406,15,233301
3582,0.002556,172.31.36.0-255,66,129472,15,233301
3583,0.00256,74.125.24.0-255,2184,131656,15,233301
3584,0.002562,172.31.36.0-255,66,131722,15,233301
3585,0.002762,74.125.24.0-255,1484,133206,15,233301
3586,0.002769,74.125.24.0-255,2902,136108,15,233301
3587,0.002772,172.31.36.0-255,66,136174,15,233301
3588,0.002791,74.125.24.0-255,5738,141912,15,233301
3589,0.002794,172.31.36.0-255,66,141978,15,233301
3590,0.002805,74.125.24.0-255,7156,149134,15,233301
3591,0.002808,172.31.36.0-255,66,149200,15,233301
3592,0.002829,74.125.24.0-255,5738,154938,15,233301
3593,0.002831,172.31.36.0-255,66,155004,15,233301
3594,0.002836,74.125.24.0-255,2902,157906,15,233301
3595,0.002838,172.31.36.0-255,66,157972,15,233301
3596,0.002886,172.31.36.0-255,66,158038,15,233301
3597,0.002928,74.125.24.0-255,4320,162358,15,233301
3598,0.002932,172.31.36.0-255,66,162424,15,233301
3599,0.002967,172.31.36.0-255,66,162490,15,233301
3600,0.002969,74.125.24.0-255,4320,166810,15,233301
3601,0.002972,172.31.36.0-255,66,166876,15,233301
3602,0.002981,172.31.36.0-255,66,166942,15,233301
3603,0.002984,74.125.24.0-255,1484,168426,15,233301
3604,0.003008,74.125.24.0-255,5738,174164,15,233301
3605,0.003011,172.31.36.0-255,66,174230,15,233301
3606,0.003016,74.125.24.0-255,4320,178550,15,233301
3607,0.003019,172.31.36.0-255,66,178616,15,233301
3608,0.003034,74.125.24.0-255,4320,182936,15,233301
3609,0.003037,172.31.36.0-255,66,183002,15,233301
3610,0.003081,74.125.24.0-255,5738,188740,15,233301
3611,0.003084,172.31.36.0-255,66,188806,15,233301
3612,0.003114,74.125.24.0-255,2902,191708,15,233301
3613,0.003117,172.31.36.0-255,66,191774,15,233301
3614,0.00312,74.125.24.0-255,1484,193258,15,233301
3615,0.003123,172.31.36.0-255,78,193336,15,233301
3616,0.003135,172.31.36.0-255,66,193402,15,233301
3617,0.003148,172.31.36.0-255,66,193468,15,233301
3618,0.003153,74.125.24.0-255,5738,199206,15,233301
3619,0.003162,172.31.36.0-255,66,199272,15,233301
3620,0.003181,172.31.36.0-255,66,199338,15,233301
3621,0.003212,74.125.24.0-255,3602,202940,15,233301
3622,0.003216,172.31.36.0-255,66,203006,15,233301
3623,0.00322,74.125.24.0-255,2902,205908,15,233301
3624,0.003222,172.31.36.0-255,66,205974,15,233301
3625,0.003225,74.125.24.0-255,1484,207458,15,233301
3626,0.003227,74.125.24.0-255,1484,208942,15,233301
3627,0.00323,172.31.36.0-255,66,209008,15,233301
3628,0.003231,74.125.24.0-255,2902,211910,15,233301
3629,0.003234,172.31.36.0-255,66,211976,15,233301
3630,0.003263,74.125.24.0-255,5738,217714,15,233301
3631,0.003267,172.31.36.0-255,66,217780,15,233301
3632,0.003273,74.125.24.0-255,4320,222100,15,233301
3633,0.003275,172.31.36.0-255,66,222166,15,233301
3634,0.003277,74.125.24.0-255,1484,223650,15,233301
3635,0.003298,74.125.24.0-255,4752,228402,15,233301
3636,0.003303,172.31.36.0-255,66,228468,15,233301
3637,0.003306,74.125.24.0-255,97,228565,15,233301
3638,0.003374,74.125.24.0-255,105,228670,15,233301
3639,0.003964,172.31.36.0-255,101,228771,15,233301
3640,0.004702,172.31.36.0-255,105,228876,15,233301
3641,0.006257,74.125.24.0-255,66,228942,15,233301
3642,0.007015,74.125.24.0-255,66,229008,15,233301
3643,0.030354,172.31.36.0-255,176,229184,15,233301
3644,0.030385,172.31.36.0-255,1109,230293,15,233301
3645,0.030422,172.31.36.0-255,1514,231807,15,233301
3646,0.030424,172.31.36.0-255,1296,233103,15,233301
3647,0.031919,104.244.42.0-255,66,233169,15,233301
3648,0.031937,104.244.42.0-255,66,233235,15,233301
3649,0.031998,104.244.42.0-255,66,233301,15,233301
3650,0.0,172.217.160.0-255,153,153,15,298250
3651,3e-05,172.31.36.0-255,66,219,15,298250
3652,3.8e-05,172.217.160.0-255,1484,1703,15,298250
3653,4.2e-05,172.31.36.0-255,66,1769,15,298250
3654,4.8e-05,172.217.160.0-255,2902,4671,15,298250
3655,5.8e-05,172.31.36.0-255,66,4737,15,298250
3656,6.5e-05,172.217.160.0-255,7156,11893,15,298250
3657,6.9e-05,172.31.36.0-255,66,11959,15,298250
3658,9.7e-05,172.217.160.0-255,7156,19115,15,298250
3659,0.0001,172.31.36.0-255,66,19181,15,298250
3660,0.000127,172.217.160.0-255,639,19820,15,298250
3661,0.000131,172.31.36.0-255,66,19886,15,298250
3662,0.000144,172.31.36.0-255,66,19952,15,298250
3663,0.000158,172.217.160.0-255,1484,21436,15,298250
3664,0.000165,172.31.36.0-255,66,21502,15,298250
3665,0.000174,172.217.160.0-255,2902,24404,15,298250
3666,0.000176,172.31.36.0-255,66,24470,15,298250
3667,0.000183,172.217.160.0-255,5738,30208,15,298250
3668,0.000186,172.31.36.0-255,66,30274,15,298250
3669,0.000231,172.31.36.0-255,66,30340,15,298250
3670,0.00027,172.31.36.0-255,66,30406,15,298250
3671,0.000273,172.217.160.0-255,338,30744,15,298250
3672,0.000275,172.31.36.0-255,66,30810,15,298250
3673,0.000836,172.217.160.0-255,125,30935,15,298250
3674,0.000841,172.31.36.0-255,66,31001,15,298250
3675,0.00097,172.217.160.0-255,1484,32485,15,298250
3676,0.000975,172.31.36.0-255,66,32551,15,298250
3677,0.000981,172.217.160.0-255,2902,35453,15,298250
3678,0.000984,172.31.36.0-255,66,35519,15,298250
3679,0.000995,172.217.160.0-255,2902,38421,15,298250
3680,0.001029,172.217.160.0-255,2902,41323,15,298250
3681,0.001053,172.217.160.0-255,3961,45284,15,298250
3682,0.003644,172.31.36.0-255,66,45350,15,298250
3683,0.005548,172.217.160.0-255,5738,51088,15,298250
3684,0.005553,172.31.36.0-255,66,51154,15,298250
3685,0.007448,172.217.160.0-255,5738,56892,15,298250
3686,0.007454,172.31.36.0-255,66,56958,15,298250
3687,0.009354,172.217.160.0-255,5738,62696,15,298250
3688,0.009361,172.31.36.0-255,66,62762,15,298250
3689,0.011264,172.217.160.0-255,5738,68500,15,298250
3690,0.012517,172.31.36.0-255,66,68566,15,298250
3691,0.014417,172.217.160.0-255,5738,74304,15,298250
3692,0.014427,172.31.36.0-255,66,74370,15,298250
3693,0.016323,172.217.160.0-255,5738,80108,15,298250
3694,0.01633,172.31.36.0-255,66,80174,15,298250
3695,0.018235,172.217.160.0-255,5738,85912,15,298250
3696,0.018241,172.31.36.0-255,66,85978,15,298250
3697,0.020141,172.217.160.0-255,5738,91716,15,298250
3698,0.020148,172.31.36.0-255,66,91782,15,298250
3699,0.022058,172.217.160.0-255,5738,97520,15,298250
3700,0.022065,172.31.36.0-255,66,97586,15,298250
3701,0.023963,172.217.160.0-255,5738,103324,15,298250
3702,0.023969,172.31.36.0-255,66,103390,15,298250
3703,0.025234,172.31.36.0-255,167,103557,15,298250
3704,0.025265,172.31.36.0-255,1106,104663,15,298250
3705,0.025299,172.31.36.0-255,1514,106177,15,298250
3706,0.0253,172.31.36.0-255,1299,107476,15,298250
3707,0.025891,172.217.160.0-255,5738,113214,15,298250
3708,0.025898,172.31.36.0-255,66,113280,15,298250
3709,0.026816,104.244.42.0-255,66,113346,15,298250
3710,0.026824,104.244.42.0-255,66,113412,15,298250
3711,0.026856,104.244.42.0-255,66,113478,15,298250
3712,0.02778,172.217.160.0-255,4320,117798,15,298250
3713,0.027784,172.31.36.0-255,66,117864,15,298250
3714,0.027815,172.217.160.0-255,1484,119348,15,298250
3715,0.029677,172.217.160.0-255,4320,123668,15,298250
3716,0.029682,172.31.36.0-255,66,123734,15,298250
3717,0.031586,172.217.160.0-255,5738,129472,15,298250
3718,0.032096,172.31.36.0-255,66,129538,15,298250
3719,0.034005,172.217.160.0-255,4320,133858,15,298250
3720,0.034011,172.31.36.0-255,66,133924,15,298250
3721,0.034046,172.217.160.0-255,1484,135408,15,298250
3722,0.035916,172.217.160.0-255,4320,139728,15,298250
3723,0.035921,172.31.36.0-255,66,139794,15,298250
3724,0.037845,172.217.160.0-255,5738,145532,15,298250
3725,0.037904,172.31.36.0-255,66,145598,15,298250
3726,0.039803,172.217.160.0-255,5738,151336,15,298250
3727,0.039808,172.31.36.0-255,66,151402,15,298250
3728,0.041709,172.217.160.0-255,5738,157140,15,298250
3729,0.041714,172.31.36.0-255,66,157206,15,298250
3730,0.04361,172.217.160.0-255,4320,161526,15,298250
3731,0.043616,172.31.36.0-255,66,161592,15,298250
3732,0.043646,172.217.160.0-255,1484,163076,15,298250
3733,0.045507,172.217.160.0-255,4320,167396,15,298250
3734,0.045512,172.31.36.0-255,66,167462,15,298250
3735,0.04742,172.217.160.0-255,5738,173200,15,298250
3736,0.047542,172.31.36.0-255,66,173266,15,298250
3737,0.049442,172.217.160.0-255,5738,179004,15,298250
3738,0.049448,172.31.36.0-255,66,179070,15,298250
3739,0.051352,172.217.160.0-255,5738,184808,15,298250
3740,0.051358,172.31.36.0-255,66,184874,15,298250
3741,0.053259,172.217.160.0-255,5738,190612,15,298250
3742,0.053264,172.31.36.0-255,66,190678,15,298250
3743,0.055157,172.217.160.0-255,5738,196416,15,298250
3744,0.055163,172.31.36.0-255,66,196482,15,298250
3745,0.057092,172.217.160.0-255,5738,202220,15,298250
3746,0.057098,172.31.36.0-255,66,202286,15,298250
3747,0.059008,172.217.160.0-255,5738,208024,15,298250
3748,0.059013,172.31.36.0-255,66,208090,15,298250
3749,0.060907,172.217.160.0-255,5738,213828,15,298250
3750,0.060912,172.31.36.0-255,66,213894,15,298250
3751,0.062832,172.217.160.0-255,4320,218214,15,298250
3752,0.062837,172.31.36.0-255,66,218280,15,298250
3753,0.062873,172.217.160.0-255,1484,219764,15,298250
3754,0.064734,172.217.160.0-255,4320,224084,15,298250
3755,0.064739,172.31.36.0-255,66,224150,15,298250
3756,0.066628,172.217.160.0-255,4320,228470,15,298250
3757,0.066633,172.31.36.0-255,66,228536,15,298250
3758,0.066664,172.217.160.0-255,1484,230020,15,298250
3759,0.068521,172.217.160.0-255,4320,234340,15,298250
3760,0.068527,172.31.36.0-255,66,234406,15,298250
3761,0.070455,172.217.160.0-255,5738,240144,15,298250
3762,0.070509,172.31.36.0-255,66,240210,15,298250
3763,0.072418,172.217.160.0-255,5738,245948,15,298250
3764,0.072425,172.31.36.0-255,66,246014,15,298250
3765,0.074315,172.217.160.0-255,5738,251752,15,298250
3766,0.074321,172.31.36.0-255,66,251818,15,298250
3767,0.076215,172.217.160.0-255,5738,257556,15,298250
3768,0.076225,172.31.36.0-255,66,257622,15,298250
3769,0.078126,172.217.160.0-255,5738,263360,15,298250
3770,0.078132,172.31.36.0-255,66,263426,15,298250
3771,0.080023,172.217.160.0-255,5738,269164,15,298250
3772,0.080029,172.31.36.0-255,66,269230,15,298250
3773,0.081925,172.217.160.0-255,5738,274968,15,298250
3774,0.081931,172.31.36.0-255,66,275034,15,298250
3775,0.083826,172.217.160.0-255,5738,280772,15,298250
3776,0.083831,172.31.36.0-255,66,280838,15,298250
3777,0.085721,172.217.160.0-255,5738,286576,15,298250
3778,0.085725,172.31.36.0-255,66,286642,15,298250
3779,0.087619,172.217.160.0-255,5738,292380,15,298250
3780,0.087625,172.31.36.0-255,66,292446,15,298250
3781,0.089537,172.217.160.0-255,5738,298184,15,298250
3782,0.089542,172.31.36.0-255,66,298250,15,298250
3783,0.0,74.125.24.0-255,149,149,15,350603
3784,2.7e-05,172.31.36.0-255,66,215,15,350603
3785,3.4e-05,74.125.24.0-255,1484,1699,15,350603
3786,3.8e-05,172.31.36.0-255,66,1765,15,350603
3787,4.4e-05,74.125.24.0-255,2902,4667,15,350603
3788,5.4e-05,172.31.36.0-255,66,4733,15,350603
3789,6e-05,74.125.24.0-255,7156,11889,15,350603
3790,6.4e-05,172.31.36.0-255,66,11955,15,350603
3791,6.6e-05,74.125.24.0-255,1484,13439,15,350603
3792,7e-05,172.31.36.0-255,66,13505,15,350603
3793,0.000104,74.125.24.0-255,2012,15517,15,350603
3794,0.000107,172.31.36.0-255,66,15583,15,350603
3795,0.000112,74.125.24.0-255,4320,19903,15,350603
3796,0.000115,172.31.36.0-255,66,19969,15,350603
3797,0.000126,172.31.36.0-255,66,20035,15,350603
3798,0.000129,74.125.24.0-255,1125,21160,15,350603
3799,0.000133,172.31.36.0-255,66,21226,15,350603
3800,0.000175,74.125.24.0-255,1484,22710,15,350603
3801,0.000178,172.31.36.0-255,66,22776,15,350603
3802,0.000183,74.125.24.0-255,2902,25678,15,350603
3803,0.000186,172.31.36.0-255,66,25744,15,350603
3804,0.000215,74.125.24.0-255,5738,31482,15,350603
3805,0.000219,172.31.36.0-255,66,31548,15,350603
3806,0.000223,74.125.24.0-255,2902,34450,15,350603
3807,0.000225,172.31.36.0-255,66,34516,15,350603
3808,0.000251,74.125.24.0-255,3961,38477,15,350603
3809,0.000261,172.31.36.0-255,66,38543,15,350603
3810,0.000286,74.125.24.0-255,1484,40027,15,350603
3811,0.000289,172.31.36.0-255,66,40093,15,350603
3812,0.000295,74.125.24.0-255,2902,42995,15,350603
3813,0.000299,172.31.36.0-255,66,43061,15,350603
3814,0.000304,74.125.24.0-255,4320,47381,15,350603
3815,0.000309,172.31.36.0-255,66,47447,15,350603
3816,0.00033,74.125.24.0-255,1484,48931,15,350603
3817,0.000339,74.125.24.0-255,7131,56062,15,350603
3818,0.000342,172.31.36.0-255,66,56128,15,350603
3819,0.000364,74.125.24.0-255,109,56237,15,350603
3820,0.000385,74.125.24.0-255,331,56568,15,350603
3821,0.000594,74.125.24.0-255,1484,58052,15,350603
3822,0.000599,172.31.36.0-255,66,58118,15,350603
3823,0.000603,74.125.24.0-255,1484,59602,15,350603
3824,0.000623,74.125.24.0-255,1484,61086,15,350603
3825,0.000626,172.31.36.0-255,66,61152,15,350603
3826,0.000632,74.125.24.0-255,5738,66890,15,350603
3827,0.000634,172.31.36.0-255,66,66956,15,350603
3828,0.000643,74.125.24.0-255,1484,68440,15,350603
3829,0.000678,74.125.24.0-255,4320,72760,15,350603
3830,0.000681,172.31.36.0-255,66,72826,15,350603
3831,0.000704,74.125.24.0-255,1125,73951,15,350603
3832,0.000708,74.125.24.0-255,1484,75435,15,350603
3833,0.00071,172.31.36.0-255,66,75501,15,350603
3834,0.00074,74.125.24.0-255,4320,79821,15,350603
3835,0.000743,172.31.36.0-255,66,79887,15,350603
3836,0.000749,74.125.24.0-255,4320,84207,15,350603
3837,0.000752,172.31.36.0-255,66,84273,15,350603
3838,0.000785,74.125.24.0-255,6797,91070,15,350603
3839,0.000788,172.31.36.0-255,66,91136,15,350603
3840,0.001375,74.125.24.0-255,1484,92620,15,350603
3841,0.001384,74.125.24.0-255,2902,95522,15,350603
3842,0.001389,172.31.36.0-255,66,95588,15,350603
3843,0.001397,74.125.24.0-255,5738,101326,15,350603
3844,0.001399,172.31.36.0-255,66,101392,15,350603
3845,0.001429,172.31.36.0-255,66,101458,15,350603
3846,0.001452,74.125.24.0-255,1484,102942,15,350603
3847,0.001465,172.31.36.0-255,66,103008,15,350603
3848,0.001769,74.125.24.0-255,1484,104492,15,350603
3849,0.001775,74.125.24.0-255,2902,107394,15,350603
3850,0.001778,172.31.36.0-255,66,107460,15,350603
3851,0.001799,74.125.24.0-255,5738,113198,15,350603
3852,0.001801,172.31.36.0-255,66,113264,15,350603
3853,0.001804,74.125.24.0-255,1484,114748,15,350603
3854,0.001838,172.31.36.0-255,66,114814,15,350603
3855,0.001896,172.31.36.0-255,66,114880,15,350603
3856,0.003888,74.125.24.0-255,2902,117782,15,350603
3857,0.003893,172.31.36.0-255,66,117848,15,350603
3858,0.00392,74.125.24.0-255,2902,120750,15,350603
3859,0.003924,172.31.36.0-255,66,120816,15,350603
3860,0.005885,74.125.24.0-255,2902,123718,15,350603
3861,0.005889,172.31.36.0-255,66,123784,15,350603
3862,0.005924,74.125.24.0-255,2902,126686,15,350603
3863,0.005926,172.31.36.0-255,66,126752,15,350603
3864,0.007874,74.125.24.0-255,2902,129654,15,350603
3865,0.007881,172.31.36.0-255,66,129720,15,350603
3866,0.007928,74.125.24.0-255,2902,132622,15,350603
3867,0.007931,172.31.36.0-255,66,132688,15,350603
3868,0.009879,74.125.24.0-255,2902,135590,15,350603
3869,0.009887,172.31.36.0-255,66,135656,15,350603
3870,0.009909,74.125.24.0-255,2902,138558,15,350603
3871,0.009911,172.31.36.0-255,66,138624,15,350603
3872,0.011876,74.125.24.0-255,2902,141526,15,350603
3873,0.011884,172.31.36.0-255,66,141592,15,350603
3874,0.011923,74.125.24.0-255,2902,144494,15,350603
3875,0.011927,172.31.36.0-255,66,144560,15,350603
3876,0.013901,74.125.24.0-255,2902,147462,15,350603
3877,0.013911,172.31.36.0-255,66,147528,15,350603
3878,0.013956,74.125.24.0-255,2902,150430,15,350603
3879,0.01396,172.31.36.0-255,66,150496,15,350603
3880,0.015909,74.125.24.0-255,2902,153398,15,350603
3881,0.015915,172.31.36.0-255,66,153464,15,350603
3882,0.015945,74.125.24.0-255,2902,156366,15,350603
3883,0.015948,172.31.36.0-255,66,156432,15,350603
3884,0.017929,74.125.24.0-255,4320,160752,15,350603
3885,0.017935,172.31.36.0-255,66,160818,15,350603
3886,0.017973,74.125.24.0-255,1484,162302,15,350603
3887,0.019953,74.125.24.0-255,4320,166622,15,350603
3888,0.01996,172.31.36.0-255,66,166688,15,350603
3889,0.022007,74.125.24.0-255,5738,172426,15,350603
3890,0.022015,172.31.36.0-255,66,172492,15,350603
3891,0.02405,74.125.24.0-255,5738,178230,15,350603
3892,0.024057,172.31.36.0-255,66,178296,15,350603
3893,0.025373,172.31.36.0-255,167,178463,15,350603
3894,0.025403,172.31.36.0-255,1106,179569,15,350603
3895,0.025441,172.31.36.0-255,1514,181083,15,350603
3896,0.025462,172.31.36.0-255,1299,182382,15,350603
3897,0.026067,74.125.24.0-255,5738,188120,15,350603
3898,0.026074,172.31.36.0-255,66,188186,15,350603
3899,0.026874,104.244.42.0-255,66,188252,15,350603
3900,0.026957,104.244.42.0-255,66,188318,15,350603
3901,0.027004,104.244.42.0-255,66,188384,15,350603
3902,0.028088,74.125.24.0-255,4320,192704,15,350603
3903,0.028094,172.31.36.0-255,66,192770,15,350603
3904,0.028128,74.125.24.0-255,1484,194254,15,350603
3905,0.030092,74.125.24.0-255,4320,198574,15,350603
3906,0.030099,172.31.36.0-255,66,198640,15,350603
3907,0.032092,74.125.24.0-255,5738,204378,15,350603
3908,0.032098,172.31.36.0-255,66,204444,15,350603
3909,0.034105,74.125.24.0-255,5738,210182,15,350603
3910,0.034111,172.31.36.0-255,66,210248,15,350603
3911,0.036131,74.125.24.0-255,5738,215986,15,350603
3912,0.036137,172.31.36.0-255,66,216052,15,350603
3913,0.038169,74.125.24.0-255,5738,221790,15,350603
3914,0.038175,172.31.36.0-255,66,221856,15,350603
3915,0.040182,74.125.24.0-255,1484,223340,15,350603
3916,0.040212,74.125.24.0-255,4320,227660,15,350603
3917,0.040217,172.31.36.0-255,66,227726,15,350603
3918,0.04223,74.125.24.0-255,5738,233464,15,350603
3919,0.042235,172.31.36.0-255,66,233530,15,350603
3920,0.044258,74.125.24.0-255,4320,237850,15,350603
3921,0.044264,172.31.36.0-255,66,237916,15,350603
3922,0.044289,74.125.24.0-255,1484,239400,15,350603
3923,0.04629,74.125.24.0-255,4320,243720,15,350603
3924,0.046295,172.31.36.0-255,66,243786,15,350603
3925,0.04829,74.125.24.0-255,5738,249524,15,350603
3926,0.048295,172.31.36.0-255,66,249590,15,350603
3927,0.050298,74.125.24.0-255,5738,255328,15,350603
3928,0.050303,172.31.36.0-255,66,255394,15,350603
3929,0.052284,74.125.24.0-255,5738,261132,15,350603
3930,0.052289,172.31.36.0-255,66,261198,15,350603
3931,0.054295,74.125.24.0-255,5738,266936,15,350603
3932,0.0543,172.31.36.0-255,66,267002,15,350603
3933,0.056329,74.125.24.0-255,5738,272740,15,350603
3934,0.056335,172.31.36.0-255,66,272806,15,350603
3935,0.058339,74.125.24.0-255,5738,278544,15,350603
3936,0.058345,172.31.36.0-255,66,278610,15,350603
3937,0.060335,74.125.24.0-255,5738,284348,15,350603
3938,0.060341,172.31.36.0-255,66,284414,15,350603
3939,0.062335,74.125.24.0-255,5738,290152,15,350603
3940,0.062341,172.31.36.0-255,66,290218,15,350603
3941,0.064427,74.125.24.0-255,5738,295956,15,350603
3942,0.064432,172.31.36.0-255,66,296022,15,350603
3943,0.066432,74.125.24.0-255,5738,301760,15,350603
3944,0.066439,172.31.36.0-255,66,301826,15,350603
3945,0.068493,74.125.24.0-255,5738,307564,15,350603
3946,0.068499,172.31.36.0-255,66,307630,15,350603
3947,0.070483,74.125.24.0-255,5738,313368,15,350603
3948,0.070488,172.31.36.0-255,66,313434,15,350603
3949,0.072489,74.125.24.0-255,5738,319172,15,350603
3950,0.072494,172.31.36.0-255,66,319238,15,350603
3951,0.074498,74.125.24.0-255,5738,324976,15,350603
3952,0.074504,172.31.36.0-255,66,325042,15,350603
3953,0.076497,74.125.24.0-255,5738,330780,15,350603
3954,0.076502,172.31.36.0-255,66,330846,15,350603
3955,0.078499,74.125.24.0-255,5738,336584,15,350603
3956,0.078506,172.31.36.0-255,66,336650,15,350603
3957,0.080507,74.125.24.0-255,1484,338134,15,350603
3958,0.080539,74.125.24.0-255,4320,342454,15,350603
3959,0.080544,172.31.36.0-255,66,342520,15,350603
3960,0.08253,74.125.24.0-255,5738,348258,15,350603
3961,0.082536,172.31.36.0-255,66,348324,15,350603
3962,0.084506,74.125.24.0-255,2042,350366,15,350603
3963,0.084512,172.31.36.0-255,66,350432,15,350603
3964,0.084675,172.31.36.0-255,105,350537,15,350603
3965,0.086622,74.125.24.0-255,66,350603,15,350603
3966,0.0,172.217.194.0-255,342,342,15,210226
3967,2.2e-05,172.217.194.0-255,1484,1826,15,210226
3968,3.7e-05,172.31.36.0-255,66,1892,15,210226
3969,5e-05,172.217.194.0-255,4320,6212,15,210226
3970,5.4e-05,172.31.36.0-255,66,6278,15,210226
3971,6.7e-05,172.31.36.0-255,66,6344,15,210226
3972,8.1e-05,172.31.36.0-255,66,6410,15,210226
3973,8.8e-05,172.217.194.0-255,5379,11789,15,210226
3974,9.1e-05,172.31.36.0-255,66,11855,15,210226
3975,0.000164,172.217.194.0-255,1484,13339,15,210226
3976,0.000179,172.217.194.0-255,2902,16241,15,210226
3977,0.000182,172.31.36.0-255,66,16307,15,210226
3978,0.000208,172.217.194.0-255,5738,22045,15,210226
3979,0.000211,172.31.36.0-255,66,22111,15,210226
3980,0.00024,172.31.36.0-255,66,22177,15,210226
3981,0.000261,172.217.194.0-255,1484,23661,15,210226
3982,0.00027,172.217.194.0-255,7156,30817,15,210226
3983,0.000272,172.31.36.0-255,66,30883,15,210226
3984,0.000291,172.217.194.0-255,2902,33785,15,210226
3985,0.000293,172.31.36.0-255,66,33851,15,210226
3986,0.000305,172.217.194.0-255,1044,34895,15,210226
3987,0.000315,172.217.194.0-255,429,35324,15,210226
3988,0.000412,172.217.194.0-255,1484,36808,15,210226
3989,0.000416,172.31.36.0-255,66,36874,15,210226
3990,0.000422,172.217.194.0-255,2902,39776,15,210226
3991,0.000425,172.31.36.0-255,66,39842,15,210226
3992,0.000439,172.217.194.0-255,2902,42744,15,210226
3993,0.000442,172.31.36.0-255,66,42810,15,210226
3994,0.000454,172.217.194.0-255,2902,45712,15,210226
3995,0.000457,172.31.36.0-255,66,45778,15,210226
3996,0.000465,172.217.194.0-255,7156,52934,15,210226
3997,0.000468,172.31.36.0-255,66,53000,15,210226
3998,0.000485,172.217.194.0-255,2902,55902,15,210226
3999,0.000488,172.31.36.0-255,66,55968,15,210226
4000,0.000527,172.31.36.0-255,66,56034,15,210226
4001,0.000532,172.217.194.0-255,2184,58218,15,210226
4002,0.000534,172.31.36.0-255,66,58284,15,210226
4003,0.000702,172.217.194.0-255,1484,59768,15,210226
4004,0.000723,172.217.194.0-255,2902,62670,15,210226
4005,0.000727,172.31.36.0-255,66,62736,15,210226
4006,0.000733,172.217.194.0-255,2902,65638,15,210226
4007,0.000735,172.31.36.0-255,66,65704,15,210226
4008,0.000749,172.217.194.0-255,2902,68606,15,210226
4009,0.000751,172.31.36.0-255,66,68672,15,210226
4010,0.000767,172.31.36.0-255,66,68738,15,210226
4011,0.00077,172.217.194.0-255,1484,70222,15,210226
4012,0.000805,172.217.194.0-255,5738,75960,15,210226
4013,0.000808,172.31.36.0-255,66,76026,15,210226
4014,0.000822,172.217.194.0-255,3602,79628,15,210226
4015,0.000825,172.31.36.0-255,66,79694,15,210226
4016,0.000881,172.217.194.0-255,1484,81178,15,210226
4017,0.000886,172.217.194.0-255,2902,84080,15,210226
4018,0.000889,172.31.36.0-255,66,84146,15,210226
4019,0.000897,172.217.194.0-255,5738,89884,15,210226
4020,0.000899,172.31.36.0-255,66,89950,15,210226
4021,0.00092,172.217.194.0-255,7156,97106,15,210226
4022,0.000923,172.31.36.0-255,66,97172,15,210226
4023,0.000942,172.217.194.0-255,5738,102910,15,210226
4024,0.000945,172.31.36.0-255,66,102976,15,210226
4025,0.000984,172.31.36.0-255,66,103042,15,210226
4026,0.000988,172.217.194.0-255,2184,105226,15,210226
4027,0.00099,172.31.36.0-255,66,105292,15,210226
4028,0.001086,172.217.194.0-255,1484,106776,15,210226
4029,0.001092,172.217.194.0-255,2902,109678,15,210226
4030,0.001095,172.31.36.0-255,66,109744,15,210226
4031,0.001122,172.217.194.0-255,5738,115482,15,210226
4032,0.001125,172.31.36.0-255,66,115548,15,210226
4033,0.00113,172.217.194.0-255,2902,118450,15,210226
4034,0.001132,172.31.36.0-255,66,118516,15,210226
4035,0.00117,172.31.36.0-255,66,118582,15,210226
4036,0.001177,172.217.194.0-255,7156,125738,15,210226
4037,0.001179,172.31.36.0-255,66,125804,15,210226
4038,0.001201,172.217.194.0-255,3602,129406,15,210226
4039,0.001204,172.31.36.0-255,66,129472,15,210226
4040,0.001243,172.217.194.0-255,4320,133792,15,210226
4041,0.001247,172.31.36.0-255,66,133858,15,210226
4042,0.001253,172.217.194.0-255,4320,138178,15,210226
4043,0.001255,172.31.36.0-255,66,138244,15,210226
4044,0.001278,172.31.36.0-255,66,138310,15,210226
4045,0.001314,172.217.194.0-255,4320,142630,15,210226
4046,0.001317,172.31.36.0-255,66,142696,15,210226
4047,0.001341,172.31.36.0-255,66,142762,15,210226
4048,0.001375,172.217.194.0-255,1484,144246,15,210226
4049,0.001391,172.217.194.0-255,2902,147148,15,210226
4050,0.001394,172.31.36.0-255,66,147214,15,210226
4051,0.001399,172.217.194.0-255,2902,150116,15,210226
4052,0.001402,172.31.36.0-255,66,150182,15,210226
4053,0.001419,172.217.194.0-255,2902,153084,15,210226
4054,0.001421,172.31.36.0-255,66,153150,15,210226
4055,0.00144,172.31.36.0-255,66,153216,15,210226
4056,0.001477,172.31.36.0-255,66,153282,15,210226
4057,0.001511,172.217.194.0-255,2902,156184,15,210226
4058,0.001515,172.31.36.0-255,66,156250,15,210226
4059,0.001544,172.31.36.0-255,66,156316,15,210226
4060,0.001597,172.31.36.0-255,66,156382,15,210226
4061,0.001618,172.217.194.0-255,2902,159284,15,210226
4062,0.00165,172.31.36.0-255,66,159350,15,210226
4063,0.001658,172.31.36.0-255,66,159416,15,210226
4064,0.001661,172.31.36.0-255,66,159482,15,210226
4065,0.001664,172.31.36.0-255,66,159548,15,210226
4066,0.001671,172.217.194.0-255,5738,165286,15,210226
4067,0.001674,172.31.36.0-255,66,165352,15,210226
4068,0.00168,172.217.194.0-255,5020,170372,15,210226
4069,0.001683,172.31.36.0-255,66,170438,15,210226
4070,0.001704,172.217.194.0-255,1484,171922,15,210226
4071,0.001716,172.217.194.0-255,2902,174824,15,210226
4072,0.001719,172.31.36.0-255,66,174890,15,210226
4073,0.001724,172.217.194.0-255,2902,177792,15,210226
4074,0.001726,172.31.36.0-255,66,177858,15,210226
4075,0.001739,172.217.194.0-255,2902,180760,15,210226
4076,0.001742,172.31.36.0-255,66,180826,15,210226
4077,0.001773,172.31.36.0-255,66,180892,15,210226
4078,0.001801,172.217.194.0-255,4320,185212,15,210226
4079,0.001804,172.31.36.0-255,66,185278,15,210226
4080,0.001816,172.31.36.0-255,66,185344,15,210226
4081,0.001819,172.217.194.0-255,766,186110,15,210226
4082,0.001844,172.217.194.0-255,1484,187594,15,210226
4083,0.001848,172.31.36.0-255,66,187660,15,210226
4084,0.001854,172.217.194.0-255,4320,191980,15,210226
4085,0.001856,172.31.36.0-255,66,192046,15,210226
4086,0.001867,172.31.36.0-255,66,192112,15,210226
4087,0.001872,172.217.194.0-255,4320,196432,15,210226
4088,0.001875,172.31.36.0-255,66,196498,15,210226
4089,0.001901,172.217.194.0-255,7025,203523,15,210226
4090,0.001904,172.31.36.0-255,66,203589,15,210226
4091,0.001907,172.217.194.0-255,97,203686,15,210226
4092,0.001919,172.217.194.0-255,105,203791,15,210226
4093,0.004755,172.31.36.0-255,66,203857,15,210226
4094,0.00481,172.31.36.0-255,105,203962,15,210226
4095,0.007149,172.217.194.0-255,66,204028,15,210226
4096,0.031929,172.31.36.0-255,172,204200,15,210226
4097,0.031973,172.31.36.0-255,1109,205309,15,210226
4098,0.032075,172.31.36.0-255,1514,206823,15,210226
4099,0.032077,172.31.36.0-255,1514,208337,15,210226
4100,0.032079,172.31.36.0-255,1514,209851,15,210226
4101,0.03208,172.31.36.0-255,111,209962,15,210226
4102,0.033529,104.244.42.0-255,66,210028,15,210226
4103,0.033571,104.244.42.0-255,66,210094,15,210226
4104,0.03366,104.244.42.0-255,66,210160,15,210226
4105,0.033673,104.244.42.0-255,66,210226,15,210226
4106,0.0,172.217.27.0-255,153,153,15,355894
4107,3.3e-05,172.31.36.0-255,66,219,15,355894
4108,4.1e-05,172.217.27.0-255,1484,1703,15,355894
4109,4.5e-05,172.31.36.0-255,66,1769,15,355894
4110,5.1e-05,172.217.27.0-255,2902,4671,15,355894
4111,6.2e-05,172.31.36.0-255,66,4737,15,355894
4112,6.9e-05,172.217.27.0-255,7156,11893,15,355894
4113,7.2e-05,172.31.36.0-255,66,11959,15,355894
4114,7.6e-05,172.217.27.0-255,2047,14006,15,355894
4115,7.9e-05,172.31.36.0-255,66,14072,15,355894
4116,0.000124,172.217.27.0-255,1484,15556,15,355894
4117,0.000127,172.31.36.0-255,66,15622,15,355894
4118,0.000133,172.217.27.0-255,2902,18524,15,355894
4119,0.000136,172.31.36.0-255,66,18590,15,355894
4120,0.00017,172.217.27.0-255,5738,24328,15,355894
4121,0.000174,172.31.36.0-255,66,24394,15,355894
4122,0.000181,172.217.27.0-255,6797,31191,15,355894
4123,0.000183,172.31.36.0-255,66,31257,15,355894
4124,0.000222,172.217.27.0-255,5738,36995,15,355894
4125,0.000226,172.31.36.0-255,66,37061,15,355894
4126,0.000233,172.217.27.0-255,7156,44217,15,355894
4127,0.000235,172.31.36.0-255,66,44283,15,355894
4128,0.00026,172.217.27.0-255,3961,48244,15,355894
4129,0.000264,172.31.36.0-255,66,48310,15,355894
4130,0.000289,172.217.27.0-255,2902,51212,15,355894
4131,0.000292,172.31.36.0-255,66,51278,15,355894
4132,0.000316,172.217.27.0-255,1484,52762,15,355894
4133,0.00032,172.31.36.0-255,66,52828,15,355894
4134,0.000323,172.217.27.0-255,1484,54312,15,355894
4135,0.000325,172.31.36.0-255,66,54378,15,355894
4136,0.00033,172.217.27.0-255,2902,57280,15,355894
4137,0.00034,172.31.36.0-255,66,57346,15,355894
4138,0.000347,172.217.27.0-255,5738,63084,15,355894
4139,0.000349,172.31.36.0-255,66,63150,15,355894
4140,0.000353,172.217.27.0-255,2543,65693,15,355894
4141,0.000355,172.31.36.0-255,66,65759,15,355894
4142,0.0004,172.217.27.0-255,361,66120,15,355894
4143,0.000666,172.217.27.0-255,383,66503,15,355894
4144,0.0008,172.31.36.0-255,66,66569,15,355894
4145,0.000803,172.217.27.0-255,1484,68053,15,355894
4146,0.000808,172.217.27.0-255,2902,70955,15,355894
4147,0.000811,172.31.36.0-255,66,71021,15,355894
4148,0.00082,172.217.27.0-255,1484,72505,15,355894
4149,0.00084,172.217.27.0-255,4320,76825,15,355894
4150,0.000843,172.31.36.0-255,66,76891,15,355894
4151,0.000847,172.217.27.0-255,1484,78375,15,355894
4152,0.000874,172.31.36.0-255,66,78441,15,355894
4153,0.000881,172.217.27.0-255,5738,84179,15,355894
4154,0.000884,172.31.36.0-255,66,84245,15,355894
4155,0.000898,172.217.27.0-255,3961,88206,15,355894
4156,0.0009,172.31.36.0-255,66,88272,15,355894
4157,0.001155,172.217.27.0-255,1484,89756,15,355894
4158,0.001166,172.217.27.0-255,2902,92658,15,355894
4159,0.00117,172.31.36.0-255,66,92724,15,355894
4160,0.001176,172.217.27.0-255,4320,97044,15,355894
4161,0.001178,172.31.36.0-255,66,97110,15,355894
4162,0.001181,172.217.27.0-255,1484,98594,15,355894
4163,0.001209,172.217.27.0-255,7156,105750,15,355894
4164,0.001217,172.31.36.0-255,66,105816,15,355894
4165,0.001246,172.31.36.0-255,66,105882,15,355894
4166,0.001275,172.217.27.0-255,6438,112320,15,355894
4167,0.001278,172.31.36.0-255,66,112386,15,355894
4168,0.001303,172.217.27.0-255,1484,113870,15,355894
4169,0.001318,172.217.27.0-255,2902,116772,15,355894
4170,0.001322,172.31.36.0-255,66,116838,15,355894
4171,0.001327,172.217.27.0-255,2902,119740,15,355894
4172,0.001329,172.31.36.0-255,66,119806,15,355894
4173,0.001354,172.217.27.0-255,1484,121290,15,355894
4174,0.00137,172.31.36.0-255,66,121356,15,355894
4175,0.001411,172.31.36.0-255,66,121422,15,355894
4176,0.001431,172.217.27.0-255,4320,125742,15,355894
4177,0.001435,172.31.36.0-255,66,125808,15,355894
4178,0.001463,172.217.27.0-255,3602,129410,15,355894
4179,0.001467,172.31.36.0-255,66,129476,15,355894
4180,0.001554,172.217.27.0-255,1484,130960,15,355894
4181,0.001562,172.217.27.0-255,2902,133862,15,355894
4182,0.001566,172.31.36.0-255,66,133928,15,355894
4183,0.00157,172.217.27.0-255,1484,135412,15,355894
4184,0.001595,172.217.27.0-255,1484,136896,15,355894
4185,0.001599,172.31.36.0-255,66,136962,15,355894
4186,0.001605,172.217.27.0-255,4320,141282,15,355894
4187,0.001608,172.31.36.0-255,66,141348,15,355894
4188,0.001644,172.31.36.0-255,66,141414,15,355894
4189,0.00165,172.217.27.0-255,5738,147152,15,355894
4190,0.001653,172.31.36.0-255,66,147218,15,355894
4191,0.001665,172.217.27.0-255,7156,154374,15,355894
4192,0.001668,172.31.36.0-255,66,154440,15,355894
4193,0.001671,172.217.27.0-255,766,155206,15,355894
4194,0.001825,172.31.36.0-255,101,155307,15,355894
4195,0.003327,172.217.27.0-255,4320,159627,15,355894
4196,0.003332,172.31.36.0-255,66,159693,15,355894
4197,0.003468,172.217.27.0-255,1484,161177,15,355894
4198,0.004995,172.217.27.0-255,4320,165497,15,355894
4199,0.005,172.31.36.0-255,66,165563,15,355894
4200,0.006653,172.217.27.0-255,5738,171301,15,355894
4201,0.006658,172.31.36.0-255,66,171367,15,355894
4202,0.008317,172.217.27.0-255,5738,177105,15,355894
4203,0.008323,172.31.36.0-255,66,177171,15,355894
4204,0.009993,172.217.27.0-255,5738,182909,15,355894
4205,0.01,172.31.36.0-255,66,182975,15,355894
4206,0.011666,172.217.27.0-255,5738,188713,15,355894
4207,0.011673,172.31.36.0-255,66,188779,15,355894
4208,0.01336,172.217.27.0-255,5738,194517,15,355894
4209,0.013366,172.31.36.0-255,66,194583,15,355894
4210,0.015026,172.217.27.0-255,4320,198903,15,355894
4211,0.015033,172.31.36.0-255,66,198969,15,355894
4212,0.01511,172.217.27.0-255,1484,200453,15,355894
4213,0.016848,172.217.27.0-255,4320,204773,15,355894
4214,0.016855,172.31.36.0-255,66,204839,15,355894
4215,0.018561,172.217.27.0-255,5738,210577,15,355894
4216,0.018574,172.31.36.0-255,66,210643,15,355894
4217,0.02025,172.217.27.0-255,5738,216381,15,355894
4218,0.020258,172.31.36.0-255,66,216447,15,355894
4219,0.021925,172.217.27.0-255,5738,222185,15,355894
4220,0.021932,172.31.36.0-255,66,222251,15,355894
4221,0.023593,172.217.27.0-255,5738,227989,15,355894
4222,0.0236,172.31.36.0-255,66,228055,15,355894
4223,0.025264,172.217.27.0-255,5738,233793,15,355894
4224,0.025272,172.31.36.0-255,66,233859,15,355894
4225,0.02693,172.217.27.0-255,5738,239597,15,355894
4226,0.026937,172.31.36.0-255,66,239663,15,355894
4227,0.027943,172.31.36.0-255,167,239830,15,355894
4228,0.027973,172.31.36.0-255,1106,240936,15,355894
4229,0.028013,172.31.36.0-255,1514,242450,15,355894
4230,0.028015,172.31.36.0-255,1299,243749,15,355894
4231,0.028604,172.217.27.0-255,5738,249487,15,355894
4232,0.02861,172.31.36.0-255,66,249553,15,355894
4233,0.029481,104.244.42.0-255,66,249619,15,355894
4234,0.029527,104.244.42.0-255,66,249685,15,355894
4235,0.029563,104.244.42.0-255,66,249751,15,355894
4236,0.030271,172.217.27.0-255,5738,255489,15,355894
4237,0.030277,172.31.36.0-255,66,255555,15,355894
4238,0.031943,172.217.27.0-255,5738,261293,15,355894
4239,0.031949,172.31.36.0-255,66,261359,15,355894
4240,0.033607,172.217.27.0-255,5738,267097,15,355894
4241,0.033612,172.31.36.0-255,66,267163,15,355894
4242,0.035278,172.217.27.0-255,5738,272901,15,355894
4243,0.035283,172.31.36.0-255,66,272967,15,355894
4244,0.036945,172.217.27.0-255,5738,278705,15,355894
4245,0.03695,172.31.36.0-255,66,278771,15,355894
4246,0.038623,172.217.27.0-255,5738,284509,15,355894
4247,0.03863,172.31.36.0-255,66,284575,15,355894
4248,0.040287,172.217.27.0-255,5738,290313,15,355894
4249,0.040294,172.31.36.0-255,66,290379,15,355894
4250,0.041951,172.217.27.0-255,5738,296117,15,355894
4251,0.041957,172.31.36.0-255,66,296183,15,355894
4252,0.043615,172.217.27.0-255,5738,301921,15,355894
4253,0.043621,172.31.36.0-255,66,301987,15,355894
4254,0.045362,172.217.27.0-255,5738,307725,15,355894
4255,0.045368,172.31.36.0-255,66,307791,15,355894
4256,0.047024,172.217.27.0-255,5738,313529,15,355894
4257,0.047029,172.31.36.0-255,66,313595,15,355894
4258,0.048842,172.217.27.0-255,4320,317915,15,355894
4259,0.048848,172.31.36.0-255,66,317981,15,355894
4260,0.048881,172.217.27.0-255,1484,319465,15,355894
4261,0.050599,172.217.27.0-255,4320,323785,15,355894
4262,0.050605,172.31.36.0-255,66,323851,15,355894
4263,0.052265,172.217.27.0-255,5738,329589,15,355894
4264,0.05227,172.31.36.0-255,66,329655,15,355894
4265,0.053931,172.217.27.0-255,5738,335393,15,355894
4266,0.053938,172.31.36.0-255,66,335459,15,355894
4267,0.055599,172.217.27.0-255,5738,341197,15,355894
4268,0.055604,172.31.36.0-255,66,341263,15,355894
4269,0.057259,172.217.27.0-255,5738,347001,15,355894
4270,0.057265,172.31.36.0-255,66,347067,15,355894
4271,0.058921,172.217.27.0-255,5738,352805,15,355894
4272,0.058926,172.31.36.0-255,66,352871,15,355894
4273,0.060573,172.217.27.0-255,2786,355657,15,355894
4274,0.060579,172.31.36.0-255,66,355723,15,355894
4275,0.060754,172.31.36.0-255,105,355828,15,355894
4276,0.06648,172.217.27.0-255,66,355894,15,355894
4277,0.0,74.125.130.0-255,147,147,15,351225
4278,2.3e-05,172.31.36.0-255,66,213,15,351225
4279,3e-05,74.125.130.0-255,1484,1697,15,351225
4280,3.4e-05,172.31.36.0-255,66,1763,15,351225
4281,3.7e-05,74.125.130.0-255,1484,3247,15,351225
4282,3.9e-05,172.31.36.0-255,66,3313,15,351225
4283,4.5e-05,74.125.130.0-255,2902,6215,15,351225
4284,4.8e-05,172.31.36.0-255,66,6281,15,351225
4285,5.4e-05,74.125.130.0-255,5738,12019,15,351225
4286,5.6e-05,172.31.36.0-255,66,12085,15,351225
4287,8.2e-05,74.125.130.0-255,4883,16968,15,351225
4288,8.5e-05,172.31.36.0-255,66,17034,15,351225
4289,9.2e-05,74.125.130.0-255,4320,21354,15,351225
4290,9.4e-05,172.31.36.0-255,66,21420,15,351225
4291,0.000111,74.125.130.0-255,1484,22904,15,351225
4292,0.000113,172.31.36.0-255,66,22970,15,351225
4293,0.00015,74.125.130.0-255,4320,27290,15,351225
4294,0.000153,172.31.36.0-255,66,27356,15,351225
4295,0.000179,74.125.130.0-255,3961,31317,15,351225
4296,0.000182,172.31.36.0-255,66,31383,15,351225
4297,0.000248,74.125.130.0-255,1484,32867,15,351225
4298,0.000251,172.31.36.0-255,66,32933,15,351225
4299,0.000272,74.125.130.0-255,2902,35835,15,351225
4300,0.000275,172.31.36.0-255,66,35901,15,351225
4301,0.00028,74.125.130.0-255,2902,38803,15,351225
4302,0.000282,172.31.36.0-255,66,38869,15,351225
4303,0.000294,74.125.130.0-255,1484,40353,15,351225
4304,0.000296,172.31.36.0-255,66,40419,15,351225
4305,0.000322,74.125.130.0-255,5738,46157,15,351225
4306,0.000325,172.31.36.0-255,66,46223,15,351225
4307,0.000346,74.125.130.0-255,3961,50184,15,351225
4308,0.000349,172.31.36.0-255,66,50250,15,351225
4309,0.000361,172.31.36.0-255,66,50316,15,351225
4310,0.000366,74.125.130.0-255,4320,54636,15,351225
4311,0.000368,172.31.36.0-255,66,54702,15,351225
4312,0.000391,74.125.130.0-255,1413,56115,15,351225
4313,0.000395,74.125.130.0-255,98,56213,15,351225
4314,0.00055,74.125.130.0-255,1484,57697,15,351225
4315,0.000556,172.31.36.0-255,66,57763,15,351225
4316,0.000561,74.125.130.0-255,2902,60665,15,351225
4317,0.000563,172.31.36.0-255,66,60731,15,351225
4318,0.000566,74.125.130.0-255,1484,62215,15,351225
4319,0.000597,74.125.130.0-255,5738,67953,15,351225
4320,0.0006,172.31.36.0-255,66,68019,15,351225
4321,0.000622,74.125.130.0-255,2902,70921,15,351225
4322,0.000624,172.31.36.0-255,66,70987,15,351225
4323,0.00065,74.125.130.0-255,6797,77784,15,351225
4324,0.000653,172.31.36.0-255,66,77850,15,351225
4325,0.000665,172.31.36.0-255,66,77916,15,351225
4326,0.000686,74.125.130.0-255,2820,80736,15,351225
4327,0.000689,172.31.36.0-255,66,80802,15,351225
4328,0.001081,74.125.130.0-255,1484,82286,15,351225
4329,0.001085,74.125.130.0-255,1484,83770,15,351225
4330,0.001088,172.31.36.0-255,66,83836,15,351225
4331,0.001106,74.125.130.0-255,1484,85320,15,351225
4332,0.001112,74.125.130.0-255,5738,91058,15,351225
4333,0.001114,172.31.36.0-255,66,91124,15,351225
4334,0.001138,74.125.130.0-255,2902,94026,15,351225
4335,0.00114,172.31.36.0-255,66,94092,15,351225
4336,0.001161,74.125.130.0-255,4320,98412,15,351225
4337,0.001163,172.31.36.0-255,66,98478,15,351225
4338,0.001177,74.125.130.0-255,1484,99962,15,351225
4339,0.001199,74.125.130.0-255,7156,107118,15,351225
4340,0.001233,74.125.130.0-255,5738,112856,15,351225
4341,0.001237,172.31.36.0-255,66,112922,15,351225
4342,0.001245,172.31.36.0-255,66,112988,15,351225
4343,0.00125,74.125.130.0-255,2184,115172,15,351225
4344,0.001252,172.31.36.0-255,66,115238,15,351225
4345,0.00163,74.125.130.0-255,1484,116722,15,351225
4346,0.001637,74.125.130.0-255,2902,119624,15,351225
4347,0.00164,172.31.36.0-255,66,119690,15,351225
4348,0.001657,74.125.130.0-255,2902,122592,15,351225
4349,0.00166,172.31.36.0-255,66,122658,15,351225
4350,0.001671,74.125.130.0-255,2902,125560,15,351225
4351,0.001673,172.31.36.0-255,66,125626,15,351225
4352,0.001689,74.125.130.0-255,4320,129946,15,351225
4353,0.001692,172.31.36.0-255,66,130012,15,351225
4354,0.001717,74.125.130.0-255,2902,132914,15,351225
4355,0.00172,172.31.36.0-255,66,132980,15,351225
4356,0.00173,172.31.36.0-255,66,133046,15,351225
4357,0.001745,74.125.130.0-255,1484,134530,15,351225
4358,0.001763,74.125.130.0-255,6438,140968,15,351225
4359,0.001765,172.31.36.0-255,66,141034,15,351225
4360,0.002135,74.125.130.0-255,1484,142518,15,351225
4361,0.00214,74.125.130.0-255,2902,145420,15,351225
4362,0.002143,172.31.36.0-255,66,145486,15,351225
4363,0.002159,74.125.130.0-255,1484,146970,15,351225
4364,0.002177,74.125.130.0-255,4320,151290,15,351225
4365,0.002179,172.31.36.0-255,66,151356,15,351225
4366,0.002185,74.125.130.0-255,4320,155676,15,351225
4367,0.002187,172.31.36.0-255,66,155742,15,351225
4368,0.002204,74.125.130.0-255,2902,158644,15,351225
4369,0.002206,172.31.36.0-255,66,158710,15,351225
4370,0.002214,74.125.130.0-255,7156,165866,15,351225
4371,0.002216,172.31.36.0-255,66,165932,15,351225
4372,0.00224,74.125.130.0-255,1484,167416,15,351225
4373,0.002251,172.31.36.0-255,66,167482,15,351225
4374,0.002279,172.31.36.0-255,66,167548,15,351225
4375,0.002285,74.125.130.0-255,5738,173286,15,351225
4376,0.002287,172.31.36.0-255,66,173352,15,351225
4377,0.00232,74.125.130.0-255,7156,180508,15,351225
4378,0.002323,172.31.36.0-255,66,180574,15,351225
4379,0.00234,74.125.130.0-255,2902,183476,15,351225
4380,0.002342,172.31.36.0-255,66,183542,15,351225
4381,0.002377,172.31.36.0-255,66,183608,15,351225
4382,0.00238,74.125.130.0-255,766,184374,15,351225
4383,0.002424,74.125.130.0-255,1484,185858,15,351225
4384,0.002427,172.31.36.0-255,66,185924,15,351225
4385,0.004772,74.125.130.0-255,2902,188826,15,351225
4386,0.004779,172.31.36.0-255,66,188892,15,351225
4387,0.004823,74.125.130.0-255,2902,191794,15,351225
4388,0.004826,172.31.36.0-255,66,191860,15,351225
4389,0.007186,74.125.130.0-255,2902,194762,15,351225
4390,0.007191,172.31.36.0-255,66,194828,15,351225
4391,0.007226,74.125.130.0-255,2902,197730,15,351225
4392,0.007232,172.31.36.0-255,66,197796,15,351225
4393,0.009584,74.125.130.0-255,2902,200698,15,351225
4394,0.009591,172.31.36.0-255,66,200764,15,351225
4395,0.009612,74.125.130.0-255,1484,202248,15,351225
4396,0.009629,74.125.130.0-255,1484,203732,15,351225
4397,0.009631,172.31.36.0-255,66,203798,15,351225
4398,0.011992,74.125.130.0-255,2902,206700,15,351225
4399,0.012,172.31.36.0-255,66,206766,15,351225
4400,0.012025,74.125.130.0-255,2902,209668,15,351225
4401,0.012028,172.31.36.0-255,66,209734,15,351225
4402,0.0144,74.125.130.0-255,2902,212636,15,351225
4403,0.014409,172.31.36.0-255,66,212702,15,351225
4404,0.014432,74.125.130.0-255,2902,215604,15,351225
4405,0.014435,172.31.36.0-255,66,215670,15,351225
4406,0.016813,74.125.130.0-255,5738,221408,15,351225
4407,0.016824,172.31.36.0-255,66,221474,15,351225
4408,0.01922,74.125.130.0-255,5738,227212,15,351225
4409,0.019228,172.31.36.0-255,66,227278,15,351225
4410,0.021628,74.125.130.0-255,5738,233016,15,351225
4411,0.021635,172.31.36.0-255,66,233082,15,351225
4412,0.024042,74.125.130.0-255,5738,238820,15,351225
4413,0.02405,172.31.36.0-255,66,238886,15,351225
4414,0.026466,74.125.130.0-255,5738,244624,15,351225
4415,0.026473,172.31.36.0-255,66,244690,15,351225
4416,0.028883,74.125.130.0-255,5738,250428,15,351225
4417,0.02889,172.31.36.0-255,66,250494,15,351225
4418,0.030058,172.31.36.0-255,172,250666,15,351225
4419,0.030089,172.31.36.0-255,1110,251776,15,351225
4420,0.030144,172.31.36.0-255,1514,253290,15,351225
4421,0.030146,172.31.36.0-255,1295,254585,15,351225
4422,0.031314,74.125.130.0-255,5738,260323,15,351225
4423,0.031321,172.31.36.0-255,66,260389,15,351225
4424,0.03175,104.244.42.0-255,66,260455,15,351225
4425,0.031795,104.244.42.0-255,66,260521,15,351225
4426,0.031843,104.244.42.0-255,66,260587,15,351225
4427,0.033745,74.125.130.0-255,5738,266325,15,351225
4428,0.033751,172.31.36.0-255,66,266391,15,351225
4429,0.036161,74.125.130.0-255,5738,272129,15,351225
4430,0.036168,172.31.36.0-255,66,272195,15,351225
4431,0.038575,74.125.130.0-255,5738,277933,15,351225
4432,0.03858,172.31.36.0-255,66,277999,15,351225
4433,0.040998,74.125.130.0-255,5738,283737,15,351225
4434,0.041004,172.31.36.0-255,66,283803,15,351225
4435,0.043415,74.125.130.0-255,5738,289541,15,351225
4436,0.043422,172.31.36.0-255,66,289607,15,351225
4437,0.045845,74.125.130.0-255,5738,295345,15,351225
4438,0.045851,172.31.36.0-255,66,295411,15,351225
4439,0.048272,74.125.130.0-255,5738,301149,15,351225
4440,0.048281,172.31.36.0-255,66,301215,15,351225
4441,0.050702,74.125.130.0-255,5738,306953,15,351225
4442,0.050709,172.31.36.0-255,66,307019,15,351225
4443,0.053123,74.125.130.0-255,5738,312757,15,351225
4444,0.05313,172.31.36.0-255,66,312823,15,351225
4445,0.055533,74.125.130.0-255,5738,318561,15,351225
4446,0.055539,172.31.36.0-255,66,318627,15,351225
4447,0.058056,74.125.130.0-255,5738,324365,15,351225
4448,0.058063,172.31.36.0-255,66,324431,15,351225
4449,0.060466,74.125.130.0-255,5738,330169,15,351225
4450,0.060472,172.31.36.0-255,66,330235,15,351225
4451,0.062884,74.125.130.0-255,5738,335973,15,351225
4452,0.062891,172.31.36.0-255,66,336039,15,351225
4453,0.065318,74.125.130.0-255,5738,341777,15,351225
4454,0.065325,172.31.36.0-255,66,341843,15,351225
4455,0.067727,74.125.130.0-255,5738,347581,15,351225
4456,0.067734,172.31.36.0-255,66,347647,15,351225
4457,0.070194,74.125.130.0-255,3341,350988,15,351225
4458,0.070201,172.31.36.0-255,66,351054,15,351225
4459,0.070375,172.31.36.0-255,105,351159,15,351225
4460,0.072742,74.125.130.0-255,66,351225,15,351225
4461,0.0,172.217.194.0-255,297,297,15,237820
4462,1.9e-05,172.31.36.0-255,66,363,15,237820
4463,3.6e-05,172.217.194.0-255,1484,1847,15,237820
4464,4e-05,172.31.36.0-255,66,1913,15,237820
4465,4.4e-05,172.217.194.0-255,2902,4815,15,237820
4466,4.7e-05,172.31.36.0-255,66,4881,15,237820
4467,6.4e-05,172.217.194.0-255,1484,6365,15,237820
4468,6.6e-05,172.31.36.0-255,66,6431,15,237820
4469,7.9e-05,172.217.194.0-255,1484,7915,15,237820
4470,8.1e-05,172.31.36.0-255,66,7981,15,237820
4471,0.0001,172.217.194.0-255,6194,14175,15,237820
4472,0.000102,172.31.36.0-255,66,14241,15,237820
4473,0.000107,172.217.194.0-255,4320,18561,15,237820
4474,0.000109,172.31.36.0-255,66,18627,15,237820
4475,0.000132,172.217.194.0-255,4320,22947,15,237820
4476,0.000134,172.31.36.0-255,66,23013,15,237820
4477,0.00016,172.217.194.0-255,1484,24497,15,237820
4478,0.000162,172.31.36.0-255,66,24563,15,237820
4479,0.000177,172.217.194.0-255,6797,31360,15,237820
4480,0.00018,172.31.36.0-255,66,31426,15,237820
4481,0.000228,172.217.194.0-255,1484,32910,15,237820
4482,0.000231,172.31.36.0-255,66,32976,15,237820
4483,0.000252,172.217.194.0-255,2902,35878,15,237820
4484,0.000254,172.217.194.0-255,1484,37362,15,237820
4485,0.000256,172.31.36.0-255,66,37428,15,237820
4486,0.000261,172.31.36.0-255,66,37494,15,237820
4487,0.000281,172.217.194.0-255,4320,41814,15,237820
4488,0.000284,172.31.36.0-255,66,41880,15,237820
4489,0.000312,172.217.194.0-255,6797,48677,15,237820
4490,0.000315,172.31.36.0-255,66,48743,15,237820
4491,0.000745,172.217.194.0-255,1484,50227,15,237820
4492,0.00075,172.31.36.0-255,66,50293,15,237820
4493,0.000758,172.217.194.0-255,2902,53195,15,237820
4494,0.000764,172.217.194.0-255,5738,58933,15,237820
4495,0.000804,172.217.194.0-255,5738,64671,15,237820
4496,0.000816,172.217.194.0-255,1125,65796,15,237820
4497,0.00082,172.217.194.0-255,2902,68698,15,237820
4498,0.000831,172.217.194.0-255,4320,73018,15,237820
4499,0.000937,172.217.194.0-255,1484,74502,15,237820
4500,0.00098,172.217.194.0-255,1484,75986,15,237820
4501,0.001023,172.217.194.0-255,5738,81724,15,237820
4502,0.001045,172.217.194.0-255,2902,84626,15,237820
4503,0.001056,172.217.194.0-255,3602,88228,15,237820
4504,0.001525,172.217.194.0-255,1484,89712,15,237820
4505,0.001532,172.217.194.0-255,1484,91196,15,237820
4506,0.001549,172.217.194.0-255,1484,92680,15,237820
4507,0.001556,172.217.194.0-255,5738,98418,15,237820
4508,0.001568,172.217.194.0-255,4320,102738,15,237820
4509,0.001584,172.217.194.0-255,4320,107058,15,237820
4510,0.001615,172.217.194.0-255,1484,108542,15,237820
4511,0.001656,172.217.194.0-255,5020,113562,15,237820
4512,0.001718,172.217.194.0-255,1484,115046,15,237820
4513,0.001729,172.217.194.0-255,2902,117948,15,237820
4514,0.001746,172.217.194.0-255,5738,123686,15,237820
4515,0.001767,172.217.194.0-255,5738,129424,15,237820
4516,0.001787,172.217.194.0-255,7156,136580,15,237820
4517,0.001977,172.217.194.0-255,1484,138064,15,237820
4518,0.00198,172.217.194.0-255,1484,139548,15,237820
4519,0.001994,172.217.194.0-255,1484,141032,15,237820
4520,0.002,172.217.194.0-255,5738,146770,15,237820
4521,0.002031,172.217.194.0-255,7156,153926,15,237820
4522,0.002051,172.217.194.0-255,5738,159664,15,237820
4523,0.002071,172.217.194.0-255,766,160430,15,237820
4524,0.00214,172.217.194.0-255,1484,161914,15,237820
4525,0.002143,172.217.194.0-255,1484,163398,15,237820
4526,0.002163,172.217.194.0-255,2902,166300,15,237820
4527,0.002169,172.217.194.0-255,7156,173456,15,237820
4528,0.002189,172.217.194.0-255,4320,177776,15,237820
4529,0.002215,172.217.194.0-255,2902,180678,15,237820
4530,0.002221,172.217.194.0-255,5738,186416,15,237820
4531,0.00224,172.217.194.0-255,2184,188600,15,237820
4532,0.002257,172.217.194.0-255,4320,192920,15,237820
4533,0.002296,172.217.194.0-255,1484,194404,15,237820
4534,0.002307,172.217.194.0-255,3602,198006,15,237820
4535,0.002338,172.217.194.0-255,5738,203744,15,237820
4536,0.00236,172.217.194.0-255,5738,209482,15,237820
4537,0.002371,172.217.194.0-255,1484,210966,15,237820
4538,0.002423,172.217.194.0-255,2902,213868,15,237820
4539,0.00244,172.217.194.0-255,7156,221024,15,237820
4540,0.002459,172.217.194.0-255,7156,228180,15,237820
4541,0.00251,172.217.194.0-255,1484,229664,15,237820
4542,0.002521,172.217.194.0-255,4320,233984,15,237820
4543,0.002544,172.217.194.0-255,105,234089,15,237820
4544,0.004971,172.31.36.0-255,66,234155,15,237820
4545,0.007993,172.31.36.0-255,105,234260,15,237820
4546,0.01058,172.217.194.0-255,66,234326,15,237820
4547,0.026531,172.31.36.0-255,167,234493,15,237820
4548,0.026563,172.31.36.0-255,1110,235603,15,237820
4549,0.026602,172.31.36.0-255,1514,237117,15,237820
4550,0.026604,172.31.36.0-255,331,237448,15,237820
4551,0.028114,104.244.42.0-255,66,237514,15,237820
4552,0.028123,104.244.42.0-255,66,237580,15,237820
4553,0.028155,104.244.42.0-255,66,237646,15,237820
4554,0.028855,104.244.42.0-255,108,237754,15,237820
4555,0.02886,172.31.36.0-255,66,237820,15,237820
4556,0.0,172.217.194.0-255,147,147,15,238200
4557,2.7e-05,172.31.36.0-255,66,213,15,238200
4558,3.5e-05,172.217.194.0-255,1484,1697,15,238200
4559,4.1e-05,172.31.36.0-255,66,1763,15,238200
4560,5.6e-05,172.217.194.0-255,2902,4665,15,238200
4561,5.9e-05,172.31.36.0-255,66,4731,15,238200
4562,6.8e-05,172.217.194.0-255,7156,11887,15,238200
4563,7.1e-05,172.31.36.0-255,66,11953,15,238200
4564,9e-05,172.31.36.0-255,66,12019,15,238200
4565,9.4e-05,172.217.194.0-255,2543,14562,15,238200
4566,9.8e-05,172.31.36.0-255,66,14628,15,238200
4567,0.000266,172.217.194.0-255,1484,16112,15,238200
4568,0.000273,172.31.36.0-255,66,16178,15,238200
4569,0.000279,172.217.194.0-255,2902,19080,15,238200
4570,0.000282,172.31.36.0-255,66,19146,15,238200
4571,0.000287,172.217.194.0-255,2902,22048,15,238200
4572,0.000294,172.31.36.0-255,66,22114,15,238200
4573,0.000333,172.217.194.0-255,2902,25016,15,238200
4574,0.000338,172.31.36.0-255,66,25082,15,238200
4575,0.000352,172.31.36.0-255,66,25148,15,238200
4576,0.000355,172.217.194.0-255,1484,26632,15,238200
4577,0.000356,172.31.36.0-255,66,26698,15,238200
4578,0.000361,172.217.194.0-255,2902,29600,15,238200
4579,0.000363,172.31.36.0-255,66,29666,15,238200
4580,0.000402,172.217.194.0-255,5379,35045,15,238200
4581,0.000405,172.31.36.0-255,66,35111,15,238200
4582,0.000516,172.217.194.0-255,363,35474,15,238200
4583,0.000521,172.31.36.0-255,66,35540,15,238200
4584,0.000696,172.217.194.0-255,380,35920,15,238200
4585,0.000702,172.31.36.0-255,66,35986,15,238200
4586,0.001102,172.217.194.0-255,1484,37470,15,238200
4587,0.00111,172.217.194.0-255,2902,40372,15,238200
4588,0.001115,172.31.36.0-255,66,40438,15,238200
4589,0.001122,172.217.194.0-255,5738,46176,15,238200
4590,0.001123,172.31.36.0-255,66,46242,15,238200
4591,0.00113,172.217.194.0-255,7156,53398,15,238200
4592,0.001137,172.31.36.0-255,66,53464,15,238200
4593,0.001164,172.217.194.0-255,1484,54948,15,238200
4594,0.001201,172.31.36.0-255,66,55014,15,238200
4595,0.001205,172.217.194.0-255,2184,57198,15,238200
4596,0.001207,172.31.36.0-255,66,57264,15,238200
4597,0.00131,172.217.194.0-255,1484,58748,15,238200
4598,0.001315,172.217.194.0-255,2902,61650,15,238200
4599,0.001318,172.31.36.0-255,66,61716,15,238200
4600,0.001321,172.217.194.0-255,1484,63200,15,238200
4601,0.00135,172.217.194.0-255,4320,67520,15,238200
4602,0.001353,172.31.36.0-255,66,67586,15,238200
4603,0.001363,172.31.36.0-255,66,67652,15,238200
4604,0.001388,172.217.194.0-255,1484,69136,15,238200
4605,0.001405,172.217.194.0-255,7156,76292,15,238200
4606,0.001407,172.31.36.0-255,66,76358,15,238200
4607,0.001438,172.217.194.0-255,6438,82796,15,238200
4608,0.001442,172.31.36.0-255,66,82862,15,238200
4609,0.001456,172.31.36.0-255,66,82928,15,238200
4610,0.001468,172.31.36.0-255,66,82994,15,238200
4611,0.001504,172.31.36.0-255,66,83060,15,238200
4612,0.001913,172.217.194.0-255,1484,84544,15,238200
4613,0.001918,172.217.194.0-255,1484,86028,15,238200
4614,0.001921,172.31.36.0-255,66,86094,15,238200
4615,0.001951,172.217.194.0-255,1484,87578,15,238200
4616,0.001958,172.217.194.0-255,5738,93316,15,238200
4617,0.00196,172.31.36.0-255,66,93382,15,238200
4618,0.001988,172.31.36.0-255,66,93448,15,238200
4619,0.001999,172.31.36.0-255,66,93514,15,238200
4620,0.002028,172.217.194.0-255,2184,95698,15,238200
4621,0.002031,172.31.36.0-255,66,95764,15,238200
4622,0.002162,172.217.194.0-255,1484,97248,15,238200
4623,0.002169,172.217.194.0-255,2902,100150,15,238200
4624,0.002171,172.31.36.0-255,66,100216,15,238200
4625,0.002206,172.217.194.0-255,5738,105954,15,238200
4626,0.002209,172.31.36.0-255,66,106020,15,238200
4627,0.00222,172.31.36.0-255,66,106086,15,238200
4628,0.002247,172.217.194.0-255,4320,110406,15,238200
4629,0.00225,172.31.36.0-255,66,110472,15,238200
4630,0.002261,172.31.36.0-255,66,110538,15,238200
4631,0.002334,172.217.194.0-255,1484,112022,15,238200
4632,0.002337,172.217.194.0-255,1484,113506,15,238200
4633,0.00234,172.31.36.0-255,66,113572,15,238200
4634,0.002367,172.217.194.0-255,1484,115056,15,238200
4635,0.002373,172.217.194.0-255,5738,120794,15,238200
4636,0.002376,172.31.36.0-255,66,120860,15,238200
4637,0.002402,172.31.36.0-255,66,120926,15,238200
4638,0.002426,172.217.194.0-255,4320,125246,15,238200
4639,0.002428,172.31.36.0-255,66,125312,15,238200
4640,0.002467,172.31.36.0-255,66,125378,15,238200
4641,0.0025,172.217.194.0-255,2184,127562,15,238200
4642,0.002503,172.31.36.0-255,66,127628,15,238200
4643,0.002518,172.31.36.0-255,66,127694,15,238200
4644,0.002529,172.31.36.0-255,66,127760,15,238200
4645,0.004931,172.217.194.0-255,5738,133498,15,238200
4646,0.004945,172.31.36.0-255,66,133564,15,238200
4647,0.007382,172.217.194.0-255,5738,139302,15,238200
4648,0.007392,172.31.36.0-255,66,139368,15,238200
4649,0.00986,172.217.194.0-255,5738,145106,15,238200
4650,0.009879,172.31.36.0-255,66,145172,15,238200
4651,0.0123,172.217.194.0-255,5738,150910,15,238200
4652,0.012317,172.31.36.0-255,66,150976,15,238200
4653,0.014748,172.217.194.0-255,5738,156714,15,238200
4654,0.014766,172.31.36.0-255,66,156780,15,238200
4655,0.017188,172.217.194.0-255,5738,162518,15,238200
4656,0.0172,172.31.36.0-255,66,162584,15,238200
4657,0.019625,172.217.194.0-255,5738,168322,15,238200
4658,0.019639,172.31.36.0-255,66,168388,15,238200
4659,0.022036,172.217.194.0-255,5738,174126,15,238200
4660,0.022046,172.31.36.0-255,66,174192,15,238200
4661,0.024465,172.217.194.0-255,5738,179930,15,238200
4662,0.02448,172.31.36.0-255,66,179996,15,238200
4663,0.026929,172.217.194.0-255,5738,185734,15,238200
4664,0.026943,172.31.36.0-255,66,185800,15,238200
4665,0.029367,172.217.194.0-255,5738,191538,15,238200
4666,0.029374,172.31.36.0-255,66,191604,15,238200
4667,0.029843,172.31.36.0-255,167,191771,15,238200
4668,0.029887,172.31.36.0-255,1110,192881,15,238200
4669,0.029953,172.31.36.0-255,1514,194395,15,238200
4670,0.029955,172.31.36.0-255,1295,195690,15,238200
4671,0.031464,104.244.42.0-255,66,195756,15,238200
4672,0.031553,104.244.42.0-255,66,195822,15,238200
4673,0.031616,104.244.42.0-255,66,195888,15,238200
4674,0.031826,172.217.194.0-255,4320,200208,15,238200
4675,0.03183,172.31.36.0-255,66,200274,15,238200
4676,0.031858,172.217.194.0-255,1484,201758,15,238200
4677,0.034256,172.217.194.0-255,4320,206078,15,238200
4678,0.034271,172.31.36.0-255,66,206144,15,238200
4679,0.036697,172.217.194.0-255,5738,211882,15,238200
4680,0.036714,172.31.36.0-255,66,211948,15,238200
4681,0.039162,172.217.194.0-255,5738,217686,15,238200
4682,0.03917,172.31.36.0-255,66,217752,15,238200
4683,0.041594,172.217.194.0-255,5738,223490,15,238200
4684,0.041603,172.31.36.0-255,66,223556,15,238200
4685,0.044023,172.217.194.0-255,5738,229294,15,238200
4686,0.044033,172.31.36.0-255,66,229360,15,238200
4687,0.046453,172.217.194.0-255,5738,235098,15,238200
4688,0.046462,172.31.36.0-255,66,235164,15,238200
4689,0.048901,172.217.194.0-255,2799,237963,15,238200
4690,0.048908,172.31.36.0-255,66,238029,15,238200
4691,0.051132,172.31.36.0-255,105,238134,15,238200
4692,0.053509,172.217.194.0-255,66,238200,15,238200
4693,0.0,74.125.68.0-255,146,146,15,383847
4694,2.9e-05,172.31.36.0-255,66,212,15,383847
4695,3.6e-05,74.125.68.0-255,1484,1696,15,383847
4696,4e-05,172.31.36.0-255,66,1762,15,383847
4697,4.5e-05,74.125.68.0-255,2902,4664,15,383847
4698,4.8e-05,172.31.36.0-255,66,4730,15,383847
4699,5.1e-05,74.125.68.0-255,1484,6214,15,383847
4700,5.4e-05,172.31.36.0-255,66,6280,15,383847
4701,5.8e-05,74.125.68.0-255,2902,9182,15,383847
4702,6.1e-05,172.31.36.0-255,66,9248,15,383847
4703,9.7e-05,74.125.68.0-255,4847,14095,15,383847
4704,0.0001,172.31.36.0-255,66,14161,15,383847
4705,0.000182,74.125.68.0-255,1484,15645,15,383847
4706,0.000185,172.31.36.0-255,66,15711,15,383847
4707,0.000189,74.125.68.0-255,1484,17195,15,383847
4708,0.000191,172.31.36.0-255,66,17261,15,383847
4709,0.000205,74.125.68.0-255,2902,20163,15,383847
4710,0.000209,172.31.36.0-255,66,20229,15,383847
4711,0.000212,74.125.68.0-255,1484,21713,15,383847
4712,0.000214,172.31.36.0-255,66,21779,15,383847
4713,0.000236,74.125.68.0-255,4320,26099,15,383847
4714,0.000238,172.31.36.0-255,66,26165,15,383847
4715,0.000254,74.125.68.0-255,5379,31544,15,383847
4716,0.000257,172.31.36.0-255,66,31610,15,383847
4717,0.00028,74.125.68.0-255,5738,37348,15,383847
4718,0.000284,172.31.36.0-255,66,37414,15,383847
4719,0.000287,74.125.68.0-255,1484,38898,15,383847
4720,0.000289,172.31.36.0-255,66,38964,15,383847
4721,0.000318,74.125.68.0-255,7156,46120,15,383847
4722,0.000321,172.31.36.0-255,66,46186,15,383847
4723,0.000341,74.125.68.0-255,2543,48729,15,383847
4724,0.000344,172.31.36.0-255,66,48795,15,383847
4725,0.000377,74.125.68.0-255,2902,51697,15,383847
4726,0.00038,172.31.36.0-255,66,51763,15,383847
4727,0.000395,74.125.68.0-255,4320,56083,15,383847
4728,0.000399,172.31.36.0-255,66,56149,15,383847
4729,0.000422,74.125.68.0-255,2902,59051,15,383847
4730,0.000426,172.31.36.0-255,66,59117,15,383847
4731,0.000463,74.125.68.0-255,7109,66226,15,383847
4732,0.000467,172.31.36.0-255,66,66292,15,383847
4733,0.000479,74.125.68.0-255,109,66401,15,383847
4734,0.000483,172.31.36.0-255,66,66467,15,383847
4735,0.000504,74.125.68.0-255,331,66798,15,383847
4736,0.000509,172.31.36.0-255,66,66864,15,383847
4737,0.000708,74.125.68.0-255,1484,68348,15,383847
4738,0.000713,74.125.68.0-255,2902,71250,15,383847
4739,0.000714,172.31.36.0-255,66,71316,15,383847
4740,0.000718,172.31.36.0-255,66,71382,15,383847
4741,0.000751,74.125.68.0-255,5738,77120,15,383847
4742,0.000755,172.31.36.0-255,66,77186,15,383847
4743,0.000761,74.125.68.0-255,5738,82924,15,383847
4744,0.000764,172.31.36.0-255,66,82990,15,383847
4745,0.000782,74.125.68.0-255,7156,90146,15,383847
4746,0.000785,172.31.36.0-255,66,90212,15,383847
4747,0.000818,172.31.36.0-255,66,90278,15,383847
4748,0.001413,74.125.68.0-255,1484,91762,15,383847
4749,0.00142,172.31.36.0-255,66,91828,15,383847
4750,0.00143,74.125.68.0-255,2902,94730,15,383847
4751,0.001432,172.31.36.0-255,66,94796,15,383847
4752,0.001458,74.125.68.0-255,2902,97698,15,383847
4753,0.001461,172.31.36.0-255,66,97764,15,383847
4754,0.001477,74.125.68.0-255,1484,99248,15,383847
4755,0.00148,172.31.36.0-255,66,99314,15,383847
4756,0.001499,74.125.68.0-255,2902,102216,15,383847
4757,0.001501,172.31.36.0-255,66,102282,15,383847
4758,0.001526,74.125.68.0-255,5738,108020,15,383847
4759,0.001529,172.31.36.0-255,66,108086,15,383847
4760,0.001537,74.125.68.0-255,7156,115242,15,383847
4761,0.001539,172.31.36.0-255,66,115308,15,383847
4762,0.001561,74.125.68.0-255,2902,118210,15,383847
4763,0.001564,172.31.36.0-255,66,118276,15,383847
4764,0.001587,74.125.68.0-255,6438,124714,15,383847
4765,0.00159,172.31.36.0-255,66,124780,15,383847
4766,0.001718,74.125.68.0-255,1484,126264,15,383847
4767,0.001724,74.125.68.0-255,1484,127748,15,383847
4768,0.001727,172.31.36.0-255,66,127814,15,383847
4769,0.001745,74.125.68.0-255,1484,129298,15,383847
4770,0.001752,74.125.68.0-255,5738,135036,15,383847
4771,0.001754,172.31.36.0-255,66,135102,15,383847
4772,0.001786,172.31.36.0-255,66,135168,15,383847
4773,0.001803,74.125.68.0-255,5738,140906,15,383847
4774,0.001805,172.31.36.0-255,66,140972,15,383847
4775,0.001833,74.125.68.0-255,5738,146710,15,383847
4776,0.001837,172.31.36.0-255,66,146776,15,383847
4777,0.001841,74.125.68.0-255,2184,148960,15,383847
4778,0.001842,172.31.36.0-255,66,149026,15,383847
4779,0.003781,74.125.68.0-255,4320,153346,15,383847
4780,0.003785,172.31.36.0-255,66,153412,15,383847
4781,0.003799,74.125.68.0-255,1484,154896,15,383847
4782,0.005742,74.125.68.0-255,4320,159216,15,383847
4783,0.005748,172.31.36.0-255,66,159282,15,383847
4784,0.007698,74.125.68.0-255,5738,165020,15,383847
4785,0.007705,172.31.36.0-255,66,165086,15,383847
4786,0.00967,74.125.68.0-255,5738,170824,15,383847
4787,0.009679,172.31.36.0-255,66,170890,15,383847
4788,0.011632,74.125.68.0-255,5738,176628,15,383847
4789,0.011642,172.31.36.0-255,66,176694,15,383847
4790,0.013601,74.125.68.0-255,5738,182432,15,383847
4791,0.01361,172.31.36.0-255,66,182498,15,383847
4792,0.015573,74.125.68.0-255,5738,188236,15,383847
4793,0.015581,172.31.36.0-255,66,188302,15,383847
4794,0.01754,74.125.68.0-255,5738,194040,15,383847
4795,0.017549,172.31.36.0-255,66,194106,15,383847
4796,0.019504,74.125.68.0-255,5738,199844,15,383847
4797,0.019513,172.31.36.0-255,66,199910,15,383847
4798,0.021472,74.125.68.0-255,5738,205648,15,383847
4799,0.02148,172.31.36.0-255,66,205714,15,383847
4800,0.023433,74.125.68.0-255,4320,210034,15,383847
4801,0.023441,172.31.36.0-255,66,210100,15,383847
4802,0.023462,74.125.68.0-255,1484,211584,15,383847
4803,0.024741,172.31.36.0-255,167,211751,15,383847
4804,0.024781,172.31.36.0-255,1106,212857,15,383847
4805,0.024856,172.31.36.0-255,1514,214371,15,383847
4806,0.024858,172.31.36.0-255,1301,215672,15,383847
4807,0.025392,74.125.68.0-255,4320,219992,15,383847
4808,0.025399,172.31.36.0-255,66,220058,15,383847
4809,0.026241,104.244.42.0-255,66,220124,15,383847
4810,0.026264,104.244.42.0-255,66,220190,15,383847
4811,0.026355,104.244.42.0-255,66,220256,15,383847
4812,0.027357,74.125.68.0-255,5738,225994,15,383847
4813,0.027365,172.31.36.0-255,66,226060,15,383847
4814,0.029334,74.125.68.0-255,5738,231798,15,383847
4815,0.029341,172.31.36.0-255,66,231864,15,383847
4816,0.031343,74.125.68.0-255,5738,237602,15,383847
4817,0.031351,172.31.36.0-255,66,237668,15,383847
4818,0.03331,74.125.68.0-255,5738,243406,15,383847
4819,0.033317,172.31.36.0-255,66,243472,15,383847
4820,0.03528,74.125.68.0-255,5738,249210,15,383847
4821,0.035288,172.31.36.0-255,66,249276,15,383847
4822,0.03725,74.125.68.0-255,5738,255014,15,383847
4823,0.037257,172.31.36.0-255,66,255080,15,383847
4824,0.039224,74.125.68.0-255,5738,260818,15,383847
4825,0.039231,172.31.36.0-255,66,260884,15,383847
4826,0.041206,74.125.68.0-255,5738,266622,15,383847
4827,0.041213,172.31.36.0-255,66,266688,15,383847
4828,0.043172,74.125.68.0-255,5738,272426,15,383847
4829,0.043178,172.31.36.0-255,66,272492,15,383847
4830,0.045138,74.125.68.0-255,5738,278230,15,383847
4831,0.045145,172.31.36.0-255,66,278296,15,383847
4832,0.047111,74.125.68.0-255,5738,284034,15,383847
4833,0.047117,172.31.36.0-255,66,284100,15,383847
4834,0.049083,74.125.68.0-255,5738,289838,15,383847
4835,0.049091,172.31.36.0-255,66,289904,15,383847
4836,0.051053,74.125.68.0-255,5738,295642,15,383847
4837,0.05106,172.31.36.0-255,66,295708,15,383847
4838,0.053027,74.125.68.0-255,5738,301446,15,383847
4839,0.053033,172.31.36.0-255,66,301512,15,383847
4840,0.054995,74.125.68.0-255,5738,307250,15,383847
4841,0.055001,172.31.36.0-255,66,307316,15,383847
4842,0.056959,74.125.68.0-255,5738,313054,15,383847
4843,0.056966,172.31.36.0-255,66,313120,15,383847
4844,0.058922,74.125.68.0-255,5738,318858,15,383847
4845,0.058929,172.31.36.0-255,66,318924,15,383847
4846,0.060906,74.125.68.0-255,5738,324662,15,383847
4847,0.060913,172.31.36.0-255,66,324728,15,383847
4848,0.062878,74.125.68.0-255,5738,330466,15,383847
4849,0.062888,172.31.36.0-255,66,330532,15,383847
4850,0.064864,74.125.68.0-255,5738,336270,15,383847
4851,0.064871,172.31.36.0-255,66,336336,15,383847
4852,0.066836,74.125.68.0-255,5738,342074,15,383847
4853,0.066843,172.31.36.0-255,66,342140,15,383847
4854,0.068805,74.125.68.0-255,5738,347878,15,383847
4855,0.068812,172.31.36.0-255,66,347944,15,383847
4856,0.070781,74.125.68.0-255,5738,353682,15,383847
4857,0.070787,172.31.36.0-255,66,353748,15,383847
4858,0.072743,74.125.68.0-255,5738,359486,15,383847
4859,0.07275,172.31.36.0-255,66,359552,15,383847
4860,0.074712,74.125.68.0-255,5738,365290,15,383847
4861,0.074719,172.31.36.0-255,66,365356,15,383847
4862,0.076694,74.125.68.0-255,5738,371094,15,383847
4863,0.076701,172.31.36.0-255,66,371160,15,383847
4864,0.078662,74.125.68.0-255,5738,376898,15,383847
4865,0.078669,172.31.36.0-255,66,376964,15,383847
4866,0.080628,74.125.68.0-255,5738,382702,15,383847
4867,0.080635,172.31.36.0-255,66,382768,15,383847
4868,0.08258,74.125.68.0-255,842,383610,15,383847
4869,0.082708,172.31.36.0-255,66,383676,15,383847
4870,0.082744,172.31.36.0-255,105,383781,15,383847
4871,0.084667,74.125.68.0-255,66,383847,15,383847
4872,0.0,74.125.24.0-255,146,146,15,292579
4873,2.6e-05,172.31.36.0-255,66,212,15,292579
4874,3.4e-05,74.125.24.0-255,1484,1696,15,292579
4875,3.9e-05,172.31.36.0-255,66,1762,15,292579
4876,4.5e-05,74.125.24.0-255,2902,4664,15,292579
4877,4.8e-05,172.31.36.0-255,66,4730,15,292579
4878,5.6e-05,74.125.24.0-255,7156,11886,15,292579
4879,5.9e-05,172.31.36.0-255,66,11952,15,292579
4880,0.000101,74.125.24.0-255,2902,14854,15,292579
4881,0.000104,172.31.36.0-255,66,14920,15,292579
4882,0.000134,172.31.36.0-255,66,14986,15,292579
4883,0.000204,74.125.24.0-255,5738,20724,15,292579
4884,0.000207,172.31.36.0-255,66,20790,15,292579
4885,0.00022,74.125.24.0-255,2543,23333,15,292579
4886,0.000223,172.31.36.0-255,66,23399,15,292579
4887,0.000286,74.125.24.0-255,4320,27719,15,292579
4888,0.00029,172.31.36.0-255,66,27785,15,292579
4889,0.000303,74.125.24.0-255,4320,32105,15,292579
4890,0.000306,172.31.36.0-255,66,32171,15,292579
4891,0.000375,74.125.24.0-255,2902,35073,15,292579
4892,0.000378,172.31.36.0-255,66,35139,15,292579
4893,0.000425,172.31.36.0-255,66,35205,15,292579
4894,0.000538,74.125.24.0-255,2902,38107,15,292579
4895,0.000542,172.31.36.0-255,66,38173,15,292579
4896,0.000574,74.125.24.0-255,5653,43826,15,292579
4897,0.000578,172.31.36.0-255,66,43892,15,292579
4898,0.000635,74.125.24.0-255,380,44272,15,292579
4899,0.000638,172.31.36.0-255,66,44338,15,292579
4900,0.001421,74.125.24.0-255,1484,45822,15,292579
4901,0.001428,172.31.36.0-255,66,45888,15,292579
4902,0.001434,74.125.24.0-255,2902,48790,15,292579
4903,0.001437,172.31.36.0-255,66,48856,15,292579
4904,0.001443,74.125.24.0-255,5738,54594,15,292579
4905,0.001445,172.31.36.0-255,66,54660,15,292579
4906,0.001484,74.125.24.0-255,5738,60398,15,292579
4907,0.001486,172.31.36.0-255,66,60464,15,292579
4908,0.001507,74.125.24.0-255,4320,64784,15,292579
4909,0.001509,172.31.36.0-255,66,64850,15,292579
4910,0.0016,172.31.36.0-255,66,64916,15,292579
4911,0.001619,74.125.24.0-255,2902,67818,15,292579
4912,0.001621,172.31.36.0-255,66,67884,15,292579
4913,0.001687,74.125.24.0-255,2902,70786,15,292579
4914,0.001692,172.31.36.0-255,66,70852,15,292579
4915,0.001708,74.125.24.0-255,1636,72488,15,292579
4916,0.001711,172.31.36.0-255,66,72554,15,292579
4917,0.001738,74.125.24.0-255,5738,78292,15,292579
4918,0.001741,172.31.36.0-255,66,78358,15,292579
4919,0.001778,172.31.36.0-255,66,78424,15,292579
4920,0.001928,172.31.36.0-255,66,78490,15,292579
4921,0.001949,74.125.24.0-255,3602,82092,15,292579
4922,0.001952,172.31.36.0-255,66,82158,15,292579
4923,0.002066,74.125.24.0-255,2902,85060,15,292579
4924,0.002084,172.31.36.0-255,66,85126,15,292579
4925,0.002169,74.125.24.0-255,5379,90505,15,292579
4926,0.002174,172.31.36.0-255,66,90571,15,292579
4927,0.002217,74.125.24.0-255,5738,96309,15,292579
4928,0.002219,172.31.36.0-255,66,96375,15,292579
4929,0.002269,172.31.36.0-255,66,96441,15,292579
4930,0.002423,172.31.36.0-255,66,96507,15,292579
4931,0.002442,74.125.24.0-255,3602,100109,15,292579
4932,0.002448,172.31.36.0-255,66,100175,15,292579
4933,0.002528,74.125.24.0-255,1484,101659,15,292579
4934,0.002533,74.125.24.0-255,1484,103143,15,292579
4935,0.002545,172.31.36.0-255,66,103209,15,292579
4936,0.002589,172.31.36.0-255,66,103275,15,292579
4937,0.002692,74.125.24.0-255,1484,104759,15,292579
4938,0.002758,172.31.36.0-255,66,104825,15,292579
4939,0.002778,74.125.24.0-255,2184,107009,15,292579
4940,0.002788,172.31.36.0-255,66,107075,15,292579
4941,0.005275,74.125.24.0-255,2902,109977,15,292579
4942,0.005283,172.31.36.0-255,66,110043,15,292579
4943,0.005308,74.125.24.0-255,2902,112945,15,292579
4944,0.00531,172.31.36.0-255,66,113011,15,292579
4945,0.007775,74.125.24.0-255,2902,115913,15,292579
4946,0.007779,172.31.36.0-255,66,115979,15,292579
4947,0.007795,74.125.24.0-255,1484,117463,15,292579
4948,0.007817,74.125.24.0-255,1484,118947,15,292579
4949,0.007819,172.31.36.0-255,66,119013,15,292579
4950,0.010298,74.125.24.0-255,2902,121915,15,292579
4951,0.010311,172.31.36.0-255,66,121981,15,292579
4952,0.010336,74.125.24.0-255,2902,124883,15,292579
4953,0.010339,172.31.36.0-255,66,124949,15,292579
4954,0.012838,74.125.24.0-255,4320,129269,15,292579
4955,0.012854,172.31.36.0-255,66,129335,15,292579
4956,0.012873,74.125.24.0-255,1484,130819,15,292579
4957,0.015372,74.125.24.0-255,4320,135139,15,292579
4958,0.01539,172.31.36.0-255,66,135205,15,292579
4959,0.017894,74.125.24.0-255,5738,140943,15,292579
4960,0.017903,172.31.36.0-255,66,141009,15,292579
4961,0.020418,74.125.24.0-255,5738,146747,15,292579
4962,0.020426,172.31.36.0-255,66,146813,15,292579
4963,0.022955,74.125.24.0-255,5738,152551,15,292579
4964,0.022963,172.31.36.0-255,66,152617,15,292579
4965,0.025444,74.125.24.0-255,5738,158355,15,292579
4966,0.025451,172.31.36.0-255,66,158421,15,292579
4967,0.027973,74.125.24.0-255,5738,164159,15,292579
4968,0.02798,172.31.36.0-255,66,164225,15,292579
4969,0.030503,74.125.24.0-255,5738,169963,15,292579
4970,0.030513,172.31.36.0-255,66,170029,15,292579
4971,0.033031,74.125.24.0-255,5738,175767,15,292579
4972,0.033039,172.31.36.0-255,66,175833,15,292579
4973,0.035573,74.125.24.0-255,5738,181571,15,292579
4974,0.035583,172.31.36.0-255,66,181637,15,292579
4975,0.038091,74.125.24.0-255,5738,187375,15,292579
4976,0.0381,172.31.36.0-255,66,187441,15,292579
4977,0.040609,74.125.24.0-255,5738,193179,15,292579
4978,0.040617,172.31.36.0-255,66,193245,15,292579
4979,0.043116,74.125.24.0-255,5738,198983,15,292579
4980,0.043123,172.31.36.0-255,66,199049,15,292579
4981,0.045616,74.125.24.0-255,5738,204787,15,292579
4982,0.045625,172.31.36.0-255,66,204853,15,292579
4983,0.048143,74.125.24.0-255,5738,210591,15,292579
4984,0.048153,172.31.36.0-255,66,210657,15,292579
4985,0.050666,74.125.24.0-255,5738,216395,15,292579
4986,0.050679,172.31.36.0-255,66,216461,15,292579
4987,0.053209,74.125.24.0-255,5738,222199,15,292579
4988,0.053218,172.31.36.0-255,66,222265,15,292579
4989,0.055737,74.125.24.0-255,4320,226585,15,292579
4990,0.055744,172.31.36.0-255,66,226651,15,292579
4991,0.05576,74.125.24.0-255,1484,228135,15,292579
4992,0.055823,172.31.36.0-255,172,228307,15,292579
4993,0.055853,172.31.36.0-255,1110,229417,15,292579
4994,0.055918,172.31.36.0-255,1514,230931,15,292579
4995,0.05592,172.31.36.0-255,1296,232227,15,292579
4996,0.057377,104.244.42.0-255,66,232293,15,292579
4997,0.057386,104.244.42.0-255,66,232359,15,292579
4998,0.057483,104.244.42.0-255,66,232425,15,292579
4999,0.058272,74.125.24.0-255,4320,236745,15,292579
5000,0.058279,172.31.36.0-255,66,236811,15,292579
5001,0.060777,74.125.24.0-255,5738,242549,15,292579
5002,0.060784,172.31.36.0-255,66,242615,15,292579
5003,0.063295,74.125.24.0-255,5738,248353,15,292579
5004,0.063302,172.31.36.0-255,66,248419,15,292579
5005,0.065821,74.125.24.0-255,5738,254157,15,292579
5006,0.065829,172.31.36.0-255,66,254223,15,292579
5007,0.068371,74.125.24.0-255,5738,259961,15,292579
5008,0.068378,172.31.36.0-255,66,260027,15,292579
5009,0.070926,74.125.24.0-255,5738,265765,15,292579
5010,0.070934,172.31.36.0-255,66,265831,15,292579
5011,0.073454,74.125.24.0-255,5738,271569,15,292579
5012,0.073461,172.31.36.0-255,66,271635,15,292579
5013,0.075967,74.125.24.0-255,5738,277373,15,292579
5014,0.075973,172.31.36.0-255,66,277439,15,292579
5015,0.078478,74.125.24.0-255,5738,283177,15,292579
5016,0.078486,172.31.36.0-255,66,283243,15,292579
5017,0.081074,74.125.24.0-255,5738,288981,15,292579
5018,0.081081,172.31.36.0-255,66,289047,15,292579
5019,0.083619,74.125.24.0-255,3295,292342,15,292579
5020,0.083626,172.31.36.0-255,66,292408,15,292579
5021,0.083809,172.31.36.0-255,105,292513,15,292579
5022,0.086308,74.125.24.0-255,66,292579,15,292579
5023,0.0,74.125.68.0-255,150,150,15,374627
5024,3.5e-05,172.31.36.0-255,66,216,15,374627
5025,4.2e-05,74.125.68.0-255,1484,1700,15,374627
5026,4.6e-05,172.31.36.0-255,66,1766,15,374627
5027,5.1e-05,74.125.68.0-255,2902,4668,15,374627
5028,5.4e-05,172.31.36.0-255,66,4734,15,374627
5029,6.8e-05,74.125.68.0-255,5738,10472,15,374627
5030,7.2e-05,172.31.36.0-255,66,10538,15,374627
5031,7.6e-05,74.125.68.0-255,2902,13440,15,374627
5032,7.9e-05,172.31.36.0-255,66,13506,15,374627
5033,0.000109,74.125.68.0-255,667,14173,15,374627
5034,0.000112,172.31.36.0-255,66,14239,15,374627
5035,0.000118,74.125.68.0-255,4320,18559,15,374627
5036,0.00012,172.31.36.0-255,66,18625,15,374627
5037,0.000138,172.31.36.0-255,66,18691,15,374627
5038,0.000171,74.125.68.0-255,1484,20175,15,374627
5039,0.000173,172.31.36.0-255,66,20241,15,374627
5040,0.000177,74.125.68.0-255,2543,22784,15,374627
5041,0.00018,172.31.36.0-255,66,22850,15,374627
5042,0.000345,74.125.68.0-255,1484,24334,15,374627
5043,0.00035,172.31.36.0-255,66,24400,15,374627
5044,0.00038,74.125.68.0-255,2902,27302,15,374627
5045,0.000383,172.31.36.0-255,66,27368,15,374627
5046,0.000411,74.125.68.0-255,5738,33106,15,374627
5047,0.000415,172.31.36.0-255,66,33172,15,374627
5048,0.000422,74.125.68.0-255,7156,40328,15,374627
5049,0.000425,172.31.36.0-255,66,40394,15,374627
5050,0.000456,74.125.68.0-255,7156,47550,15,374627
5051,0.000458,172.31.36.0-255,66,47616,15,374627
5052,0.000488,74.125.68.0-255,4320,51936,15,374627
5053,0.000492,172.31.36.0-255,66,52002,15,374627
5054,0.000499,74.125.68.0-255,5020,57022,15,374627
5055,0.000507,172.31.36.0-255,66,57088,15,374627
5056,0.000517,74.125.68.0-255,362,57450,15,374627
5057,0.000537,74.125.68.0-255,381,57831,15,374627
5058,0.000639,74.125.68.0-255,1484,59315,15,374627
5059,0.000643,172.31.36.0-255,66,59381,15,374627
5060,0.000648,74.125.68.0-255,2902,62283,15,374627
5061,0.000659,172.31.36.0-255,66,62349,15,374627
5062,0.000672,74.125.68.0-255,5738,68087,15,374627
5063,0.000681,172.31.36.0-255,66,68153,15,374627
5064,0.00071,74.125.68.0-255,7156,75309,15,374627
5065,0.000716,172.31.36.0-255,66,75375,15,374627
5066,0.000725,74.125.68.0-255,2902,78277,15,374627
5067,0.000731,172.31.36.0-255,66,78343,15,374627
5068,0.000765,74.125.68.0-255,2184,80527,15,374627
5069,0.000772,172.31.36.0-255,66,80593,15,374627
5070,0.001047,74.125.68.0-255,1484,82077,15,374627
5071,0.001061,74.125.68.0-255,2902,84979,15,374627
5072,0.001065,172.31.36.0-255,66,85045,15,374627
5073,0.001094,74.125.68.0-255,5738,90783,15,374627
5074,0.0011,172.31.36.0-255,66,90849,15,374627
5075,0.001127,74.125.68.0-255,2902,93751,15,374627
5076,0.001132,74.125.68.0-255,3412,97163,15,374627
5077,0.001138,172.31.36.0-255,66,97229,15,374627
5078,0.001394,74.125.68.0-255,1484,98713,15,374627
5079,0.001401,74.125.68.0-255,1484,100197,15,374627
5080,0.001405,172.31.36.0-255,66,100263,15,374627
5081,0.001424,74.125.68.0-255,1484,101747,15,374627
5082,0.001444,74.125.68.0-255,5738,107485,15,374627
5083,0.001469,74.125.68.0-255,4320,111805,15,374627
5084,0.001497,74.125.68.0-255,5738,117543,15,374627
5085,0.001515,74.125.68.0-255,4320,121863,15,374627
5086,0.001518,74.125.68.0-255,1484,123347,15,374627
5087,0.001535,74.125.68.0-255,4320,127667,15,374627
5088,0.001549,74.125.68.0-255,1484,129151,15,374627
5089,0.001566,74.125.68.0-255,2184,131335,15,374627
5090,0.001698,74.125.68.0-255,1484,132819,15,374627
5091,0.001719,74.125.68.0-255,2902,135721,15,374627
5092,0.001736,74.125.68.0-255,1484,137205,15,374627
5093,0.001751,74.125.68.0-255,4320,141525,15,374627
5094,0.001754,74.125.68.0-255,1484,143009,15,374627
5095,0.001775,74.125.68.0-255,5738,148747,15,374627
5096,0.001841,74.125.68.0-255,5738,154485,15,374627
5097,0.001866,74.125.68.0-255,6438,160923,15,374627
5098,0.001871,74.125.68.0-255,2902,163825,15,374627
5099,0.001883,74.125.68.0-255,4320,168145,15,374627
5100,0.001897,74.125.68.0-255,1484,169629,15,374627
5101,0.001913,74.125.68.0-255,7156,176785,15,374627
5102,0.001918,74.125.68.0-255,4320,181105,15,374627
5103,0.001922,74.125.68.0-255,2902,184007,15,374627
5104,0.001936,74.125.68.0-255,2902,186909,15,374627
5105,0.001954,74.125.68.0-255,1484,188393,15,374627
5106,0.001968,74.125.68.0-255,2184,190577,15,374627
5107,0.002099,74.125.68.0-255,1484,192061,15,374627
5108,0.002111,74.125.68.0-255,1484,193545,15,374627
5109,0.002124,74.125.68.0-255,2902,196447,15,374627
5110,0.002153,74.125.68.0-255,2902,199349,15,374627
5111,0.002169,74.125.68.0-255,2902,202251,15,374627
5112,0.002172,74.125.68.0-255,1484,203735,15,374627
5113,0.0022,74.125.68.0-255,2902,206637,15,374627
5114,0.002218,74.125.68.0-255,5738,212375,15,374627
5115,0.002229,74.125.68.0-255,2902,215277,15,374627
5116,0.002241,74.125.68.0-255,2902,218179,15,374627
5117,0.002248,74.125.68.0-255,6438,224617,15,374627
5118,0.002432,74.125.68.0-255,1484,226101,15,374627
5119,0.002436,74.125.68.0-255,1484,227585,15,374627
5120,0.002451,74.125.68.0-255,1484,229069,15,374627
5121,0.002463,74.125.68.0-255,2902,231971,15,374627
5122,0.00249,74.125.68.0-255,2902,234873,15,374627
5123,0.002494,74.125.68.0-255,2902,237775,15,374627
5124,0.002497,74.125.68.0-255,2902,240677,15,374627
5125,0.002509,74.125.68.0-255,1484,242161,15,374627
5126,0.002525,74.125.68.0-255,2902,245063,15,374627
5127,0.00254,74.125.68.0-255,4320,249383,15,374627
5128,0.005861,172.31.36.0-255,66,249449,15,374627
5129,0.008363,74.125.68.0-255,2902,252351,15,374627
5130,0.00837,172.31.36.0-255,66,252417,15,374627
5131,0.008403,74.125.68.0-255,2902,255319,15,374627
5132,0.008418,172.31.36.0-255,66,255385,15,374627
5133,0.010839,74.125.68.0-255,2902,258287,15,374627
5134,0.010846,172.31.36.0-255,66,258353,15,374627
5135,0.010901,74.125.68.0-255,2902,261255,15,374627
5136,0.013315,74.125.68.0-255,2902,264157,15,374627
5137,0.013698,172.31.36.0-255,66,264223,15,374627
5138,0.016188,74.125.68.0-255,5738,269961,15,374627
5139,0.016198,172.31.36.0-255,66,270027,15,374627
5140,0.018676,74.125.68.0-255,5738,275765,15,374627
5141,0.018682,172.31.36.0-255,66,275831,15,374627
5142,0.02115,74.125.68.0-255,5738,281569,15,374627
5143,0.021158,172.31.36.0-255,66,281635,15,374627
5144,0.02363,74.125.68.0-255,5738,287373,15,374627
5145,0.023638,172.31.36.0-255,66,287439,15,374627
5146,0.026116,74.125.68.0-255,5738,293177,15,374627
5147,0.026123,172.31.36.0-255,66,293243,15,374627
5148,0.02863,74.125.68.0-255,5738,298981,15,374627
5149,0.028637,172.31.36.0-255,66,299047,15,374627
5150,0.031103,74.125.68.0-255,5738,304785,15,374627
5151,0.031111,172.31.36.0-255,66,304851,15,374627
5152,0.033578,74.125.68.0-255,5738,310589,15,374627
5153,0.033587,172.31.36.0-255,66,310655,15,374627
5154,0.036055,74.125.68.0-255,1484,312139,15,374627
5155,0.036097,74.125.68.0-255,4320,316459,15,374627
5156,0.036101,172.31.36.0-255,66,316525,15,374627
5157,0.03857,74.125.68.0-255,5738,322263,15,374627
5158,0.038578,172.31.36.0-255,66,322329,15,374627
5159,0.039466,172.31.36.0-255,167,322496,15,374627
5160,0.039496,172.31.36.0-255,1110,323606,15,374627
5161,0.039531,172.31.36.0-255,1514,325120,15,374627
5162,0.039533,172.31.36.0-255,1295,326415,15,374627
5163,0.041046,74.125.68.0-255,5738,332153,15,374627
5164,0.041053,172.31.36.0-255,66,332219,15,374627
5165,0.041107,104.244.42.0-255,66,332285,15,374627
5166,0.041149,104.244.42.0-255,66,332351,15,374627
5167,0.041197,104.244.42.0-255,66,332417,15,374627
5168,0.043525,74.125.68.0-255,5738,338155,15,374627
5169,0.043531,172.31.36.0-255,66,338221,15,374627
5170,0.04606,74.125.68.0-255,5738,343959,15,374627
5171,0.046066,172.31.36.0-255,66,344025,15,374627
5172,0.048536,74.125.68.0-255,4320,348345,15,374627
5173,0.048542,172.31.36.0-255,66,348411,15,374627
5174,0.048572,74.125.68.0-255,1484,349895,15,374627
5175,0.051017,74.125.68.0-255,4320,354215,15,374627
5176,0.051023,172.31.36.0-255,66,354281,15,374627
5177,0.053518,74.125.68.0-255,5738,360019,15,374627
5178,0.053569,172.31.36.0-255,66,360085,15,374627
5179,0.056046,74.125.68.0-255,5738,365823,15,374627
5180,0.056055,172.31.36.0-255,66,365889,15,374627
5181,0.058531,74.125.68.0-255,5738,371627,15,374627
5182,0.058541,172.31.36.0-255,66,371693,15,374627
5183,0.061014,74.125.68.0-255,2697,374390,15,374627
5184,0.061029,172.31.36.0-255,66,374456,15,374627
5185,0.061697,172.31.36.0-255,105,374561,15,374627
5186,0.064176,74.125.68.0-255,66,374627,15,374627
5187,0.0,172.217.194.0-255,146,146,15,231827
5188,3.4e-05,172.217.194.0-255,1484,1630,15,231827
5189,4.1e-05,172.31.36.0-255,66,1696,15,231827
5190,4.8e-05,172.217.194.0-255,2902,4598,15,231827
5191,5.2e-05,172.31.36.0-255,66,4664,15,231827
5192,7.9e-05,172.217.194.0-255,7156,11820,15,231827
5193,8.3e-05,172.31.36.0-255,66,11886,15,231827
5194,8.7e-05,172.217.194.0-255,2034,13920,15,231827
5195,9e-05,172.31.36.0-255,66,13986,15,231827
5196,0.000119,172.217.194.0-255,5738,19724,15,231827
5197,0.000122,172.31.36.0-255,66,19790,15,231827
5198,0.000147,172.217.194.0-255,5738,25528,15,231827
5199,0.00015,172.31.36.0-255,66,25594,15,231827
5200,0.000156,172.217.194.0-255,5379,30973,15,231827
5201,0.000158,172.31.36.0-255,66,31039,15,231827
5202,0.000221,172.217.194.0-255,1484,32523,15,231827
5203,0.000225,172.217.194.0-255,1484,34007,15,231827
5204,0.000227,172.31.36.0-255,66,34073,15,231827
5205,0.00024,172.217.194.0-255,1484,35557,15,231827
5206,0.000246,172.217.194.0-255,4320,39877,15,231827
5207,0.000248,172.31.36.0-255,66,39943,15,231827
5208,0.000267,172.217.194.0-255,1484,41427,15,231827
5209,0.000289,172.217.194.0-255,7156,48583,15,231827
5210,0.000292,172.31.36.0-255,66,48649,15,231827
5211,0.000321,172.217.194.0-255,6797,55446,15,231827
5212,0.000324,172.31.36.0-255,66,55512,15,231827
5213,0.000335,172.31.36.0-255,66,55578,15,231827
5214,0.000338,172.217.194.0-255,121,55699,15,231827
5215,0.00041,172.217.194.0-255,1484,57183,15,231827
5216,0.000413,172.31.36.0-255,66,57249,15,231827
5217,0.000417,172.217.194.0-255,1484,58733,15,231827
5218,0.000434,172.217.194.0-255,1484,60217,15,231827
5219,0.000437,172.31.36.0-255,66,60283,15,231827
5220,0.000444,172.217.194.0-255,5738,66021,15,231827
5221,0.000447,172.31.36.0-255,66,66087,15,231827
5222,0.000453,172.217.194.0-255,5738,71825,15,231827
5223,0.000457,172.31.36.0-255,66,71891,15,231827
5224,0.000492,172.217.194.0-255,6797,78688,15,231827
5225,0.000495,172.31.36.0-255,66,78754,15,231827
5226,0.000503,172.217.194.0-255,7156,85910,15,231827
5227,0.000506,172.31.36.0-255,66,85976,15,231827
5228,0.000544,172.217.194.0-255,1484,87460,15,231827
5229,0.000562,172.217.194.0-255,2852,90312,15,231827
5230,0.000566,172.31.36.0-255,66,90378,15,231827
5231,0.000676,172.217.194.0-255,1484,91862,15,231827
5232,0.000681,172.217.194.0-255,2902,94764,15,231827
5233,0.000685,172.31.36.0-255,66,94830,15,231827
5234,0.000688,172.217.194.0-255,1484,96314,15,231827
5235,0.000707,172.217.194.0-255,4320,100634,15,231827
5236,0.00071,172.31.36.0-255,66,100700,15,231827
5237,0.000718,172.217.194.0-255,7156,107856,15,231827
5238,0.000721,172.31.36.0-255,66,107922,15,231827
5239,0.000735,172.217.194.0-255,1484,109406,15,231827
5240,0.00075,172.217.194.0-255,4320,113726,15,231827
5241,0.000753,172.31.36.0-255,66,113792,15,231827
5242,0.00078,172.31.36.0-255,66,113858,15,231827
5243,0.000784,172.217.194.0-255,2184,116042,15,231827
5244,0.000786,172.31.36.0-255,66,116108,15,231827
5245,0.000812,172.217.194.0-255,2902,119010,15,231827
5246,0.000814,172.31.36.0-255,66,119076,15,231827
5247,0.000817,172.217.194.0-255,1484,120560,15,231827
5248,0.000823,172.217.194.0-255,5738,126298,15,231827
5249,0.000825,172.31.36.0-255,66,126364,15,231827
5250,0.00083,172.217.194.0-255,2902,129266,15,231827
5251,0.000834,172.31.36.0-255,66,129332,15,231827
5252,0.000868,172.31.36.0-255,66,129398,15,231827
5253,0.00088,172.31.36.0-255,66,129464,15,231827
5254,0.001109,172.217.194.0-255,1484,130948,15,231827
5255,0.001115,172.217.194.0-255,2902,133850,15,231827
5256,0.001118,172.31.36.0-255,66,133916,15,231827
5257,0.001125,172.217.194.0-255,5738,139654,15,231827
5258,0.001127,172.31.36.0-255,66,139720,15,231827
5259,0.001184,172.31.36.0-255,66,139786,15,231827
5260,0.001189,172.217.194.0-255,5738,145524,15,231827
5261,0.001191,172.31.36.0-255,66,145590,15,231827
5262,0.001216,172.217.194.0-255,5020,150610,15,231827
5263,0.001218,172.31.36.0-255,66,150676,15,231827
5264,0.002018,172.217.194.0-255,1484,152160,15,231827
5265,0.002028,172.217.194.0-255,2902,155062,15,231827
5266,0.002032,172.31.36.0-255,66,155128,15,231827
5267,0.00205,172.217.194.0-255,5738,160866,15,231827
5268,0.002054,172.31.36.0-255,66,160932,15,231827
5269,0.002091,172.31.36.0-255,66,160998,15,231827
5270,0.00212,172.31.36.0-255,66,161064,15,231827
5271,0.002163,172.217.194.0-255,3602,164666,15,231827
5272,0.002166,172.31.36.0-255,66,164732,15,231827
5273,0.002186,172.217.194.0-255,1484,166216,15,231827
5274,0.002202,172.217.194.0-255,2902,169118,15,231827
5275,0.002204,172.31.36.0-255,66,169184,15,231827
5276,0.002215,172.31.36.0-255,66,169250,15,231827
5277,0.00223,172.217.194.0-255,1484,170734,15,231827
5278,0.002281,172.31.36.0-255,66,170800,15,231827
5279,0.002286,172.217.194.0-255,2902,173702,15,231827
5280,0.002288,172.31.36.0-255,66,173768,15,231827
5281,0.002317,172.217.194.0-255,4320,178088,15,231827
5282,0.002319,172.31.36.0-255,66,178154,15,231827
5283,0.002349,172.31.36.0-255,66,178220,15,231827
5284,0.002361,172.31.36.0-255,66,178286,15,231827
5285,0.002364,172.217.194.0-255,1484,179770,15,231827
5286,0.002367,172.217.194.0-255,1484,181254,15,231827
5287,0.002369,172.31.36.0-255,66,181320,15,231827
5288,0.002411,172.31.36.0-255,66,181386,15,231827
5289,0.002414,172.217.194.0-255,1484,182870,15,231827
5290,0.002441,172.31.36.0-255,66,182936,15,231827
5291,0.002444,172.217.194.0-255,1484,184420,15,231827
5292,0.002465,172.217.194.0-255,1484,185904,15,231827
5293,0.002467,172.31.36.0-255,66,185970,15,231827
5294,0.002486,172.217.194.0-255,1484,187454,15,231827
5295,0.002491,172.217.194.0-255,4320,191774,15,231827
5296,0.002494,172.31.36.0-255,66,191840,15,231827
5297,0.002508,172.217.194.0-255,2902,194742,15,231827
5298,0.002511,172.31.36.0-255,66,194808,15,231827
5299,0.002533,172.217.194.0-255,5738,200546,15,231827
5300,0.002536,172.31.36.0-255,66,200612,15,231827
5301,0.002552,172.217.194.0-255,1484,202096,15,231827
5302,0.002555,172.217.194.0-255,1484,203580,15,231827
5303,0.002558,172.31.36.0-255,66,203646,15,231827
5304,0.002577,172.217.194.0-255,3602,207248,15,231827
5305,0.00258,172.31.36.0-255,66,207314,15,231827
5306,0.002597,172.217.194.0-255,5738,213052,15,231827
5307,0.0026,172.31.36.0-255,66,213118,15,231827
5308,0.002604,172.217.194.0-255,1484,214602,15,231827
5309,0.002625,172.217.194.0-255,4320,218922,15,231827
5310,0.002628,172.31.36.0-255,66,218988,15,231827
5311,0.00265,172.217.194.0-255,4320,223308,15,231827
5312,0.002652,172.31.36.0-255,66,223374,15,231827
5313,0.002655,172.217.194.0-255,1484,224858,15,231827
5314,0.002686,172.31.36.0-255,66,224924,15,231827
5315,0.0027,172.31.36.0-255,66,224990,15,231827
5316,0.002769,172.31.36.0-255,66,225056,15,231827
5317,0.002782,172.31.36.0-255,66,225122,15,231827
5318,0.002785,172.217.194.0-255,1484,226606,15,231827
5319,0.002787,172.217.194.0-255,414,227020,15,231827
5320,0.002789,172.31.36.0-255,66,227086,15,231827
5321,0.002808,172.217.194.0-255,105,227191,15,231827
5322,0.00502,172.31.36.0-255,105,227296,15,231827
5323,0.007314,172.217.194.0-255,66,227362,15,231827
5324,0.02869,172.31.36.0-255,172,227534,15,231827
5325,0.028718,172.31.36.0-255,1109,228643,15,231827
5326,0.028758,172.31.36.0-255,1514,230157,15,231827
5327,0.028759,172.31.36.0-255,1298,231455,15,231827
5328,0.030195,104.244.42.0-255,66,231521,15,231827
5329,0.030231,104.244.42.0-255,66,231587,15,231827
5330,0.030296,104.244.42.0-255,66,231653,15,231827
5331,0.0331,104.244.42.0-255,108,231761,15,231827
5332,0.033121,172.31.36.0-255,66,231827,15,231827
5333,0.0,74.125.130.0-255,153,153,15,378591
5334,3.6e-05,172.31.36.0-255,66,219,15,378591
5335,4.4e-05,74.125.130.0-255,1484,1703,15,378591
5336,4.9e-05,172.31.36.0-255,66,1769,15,378591
5337,5.4e-05,74.125.130.0-255,2902,4671,15,378591
5338,5.7e-05,172.31.36.0-255,66,4737,15,378591
5339,9.9e-05,74.125.130.0-255,1484,6221,15,378591
5340,0.000103,172.31.36.0-255,66,6287,15,378591
5341,0.000123,74.125.130.0-255,2902,9189,15,378591
5342,0.000126,172.31.36.0-255,66,9255,15,378591
5343,0.000131,74.125.130.0-255,4883,14138,15,378591
5344,0.000134,172.31.36.0-255,66,14204,15,378591
5345,0.000138,74.125.130.0-255,1484,15688,15,378591
5346,0.00014,172.31.36.0-255,66,15754,15,378591
5347,0.000144,74.125.130.0-255,2902,18656,15,378591
5348,0.000147,172.31.36.0-255,66,18722,15,378591
5349,0.000162,74.125.130.0-255,1484,20206,15,378591
5350,0.000165,172.31.36.0-255,66,20272,15,378591
5351,0.000191,74.125.130.0-255,4320,24592,15,378591
5352,0.000195,172.31.36.0-255,66,24658,15,378591
5353,0.0002,74.125.130.0-255,2902,27560,15,378591
5354,0.000202,172.31.36.0-255,66,27626,15,378591
5355,0.000225,74.125.130.0-255,3961,31587,15,378591
5356,0.000228,172.31.36.0-255,66,31653,15,378591
5357,0.000438,74.125.130.0-255,1484,33137,15,378591
5358,0.000443,172.31.36.0-255,66,33203,15,378591
5359,0.00046,74.125.130.0-255,2902,36105,15,378591
5360,0.000464,172.31.36.0-255,66,36171,15,378591
5361,0.000488,74.125.130.0-255,2902,39073,15,378591
5362,0.000491,172.31.36.0-255,66,39139,15,378591
5363,0.000497,74.125.130.0-255,2902,42041,15,378591
5364,0.000498,172.31.36.0-255,66,42107,15,378591
5365,0.000524,74.125.130.0-255,1484,43591,15,378591
5366,0.000539,74.125.130.0-255,2902,46493,15,378591
5367,0.000543,172.31.36.0-255,66,46559,15,378591
5368,0.000558,74.125.130.0-255,3961,50520,15,378591
5369,0.000566,172.31.36.0-255,66,50586,15,378591
5370,0.000586,74.125.130.0-255,7156,57742,15,378591
5371,0.000597,172.31.36.0-255,66,57808,15,378591
5372,0.000602,172.31.36.0-255,66,57874,15,378591
5373,0.000627,74.125.130.0-255,100,57974,15,378591
5374,0.000914,172.31.36.0-255,66,58040,15,378591
5375,0.000998,74.125.130.0-255,1484,59524,15,378591
5376,0.001008,74.125.130.0-255,2902,62426,15,378591
5377,0.001036,74.125.130.0-255,1484,63910,15,378591
5378,0.001055,74.125.130.0-255,2902,66812,15,378591
5379,0.001059,74.125.130.0-255,1484,68296,15,378591
5380,0.001077,74.125.130.0-255,4320,72616,15,378591
5381,0.001089,74.125.130.0-255,1484,74100,15,378591
5382,0.001111,74.125.130.0-255,2902,77002,15,378591
5383,0.001117,74.125.130.0-255,5738,82740,15,378591
5384,0.001134,74.125.130.0-255,2902,85642,15,378591
5385,0.001144,74.125.130.0-255,1484,87126,15,378591
5386,0.001159,74.125.130.0-255,2902,90028,15,378591
5387,0.001175,74.125.130.0-255,1902,91930,15,378591
5388,0.00118,74.125.130.0-255,2902,94832,15,378591
5389,0.001202,74.125.130.0-255,4320,99152,15,378591
5390,0.00123,74.125.130.0-255,1484,100636,15,378591
5391,0.001235,74.125.130.0-255,2902,103538,15,378591
5392,0.001255,74.125.130.0-255,5738,109276,15,378591
5393,0.001282,74.125.130.0-255,5738,115014,15,378591
5394,0.0013,74.125.130.0-255,2184,117198,15,378591
5395,0.001383,74.125.130.0-255,1484,118682,15,378591
5396,0.001406,74.125.130.0-255,2902,121584,15,378591
5397,0.00141,74.125.130.0-255,1484,123068,15,378591
5398,0.001429,74.125.130.0-255,4320,127388,15,378591
5399,0.001448,74.125.130.0-255,5738,133126,15,378591
5400,0.001499,74.125.130.0-255,4320,137446,15,378591
5401,0.001519,74.125.130.0-255,2902,140348,15,378591
5402,0.001526,74.125.130.0-255,4320,144668,15,378591
5403,0.001533,74.125.130.0-255,5738,150406,15,378591
5404,0.001535,74.125.130.0-255,766,151172,15,378591
5405,0.001918,74.125.130.0-255,1484,152656,15,378591
5406,0.001936,74.125.130.0-255,2902,155558,15,378591
5407,0.00196,74.125.130.0-255,4320,159878,15,378591
5408,0.001992,74.125.130.0-255,5738,165616,15,378591
5409,0.002006,74.125.130.0-255,2902,168518,15,378591
5410,0.002019,74.125.130.0-255,1484,170002,15,378591
5411,0.002042,74.125.130.0-255,1484,171486,15,378591
5412,0.002054,74.125.130.0-255,1484,172970,15,378591
5413,0.002059,74.125.130.0-255,3602,176572,15,378591
5414,0.00228,74.125.130.0-255,1484,178056,15,378591
5415,0.00229,74.125.130.0-255,1484,179540,15,378591
5416,0.00231,74.125.130.0-255,1484,181024,15,378591
5417,0.002313,74.125.130.0-255,1484,182508,15,378591
5418,0.006459,172.31.36.0-255,66,182574,15,378591
5419,0.008781,74.125.130.0-255,5738,188312,15,378591
5420,0.008789,172.31.36.0-255,66,188378,15,378591
5421,0.011095,74.125.130.0-255,5738,194116,15,378591
5422,0.011102,172.31.36.0-255,66,194182,15,378591
5423,0.013397,74.125.130.0-255,4320,198502,15,378591
5424,0.013405,172.31.36.0-255,66,198568,15,378591
5425,0.013438,74.125.130.0-255,1484,200052,15,378591
5426,0.015685,74.125.130.0-255,4320,204372,15,378591
5427,0.015692,172.31.36.0-255,66,204438,15,378591
5428,0.017983,74.125.130.0-255,5738,210176,15,378591
5429,0.018047,172.31.36.0-255,66,210242,15,378591
5430,0.02033,74.125.130.0-255,2902,213144,15,378591
5431,0.020337,172.31.36.0-255,66,213210,15,378591
5432,0.020369,74.125.130.0-255,2902,216112,15,378591
5433,0.020385,172.31.36.0-255,66,216178,15,378591
5434,0.022642,74.125.130.0-255,4320,220498,15,378591
5435,0.022652,172.31.36.0-255,66,220564,15,378591
5436,0.022671,74.125.130.0-255,1484,222048,15,378591
5437,0.023593,172.31.36.0-255,166,222214,15,378591
5438,0.023622,172.31.36.0-255,1132,223346,15,378591
5439,0.02366,172.31.36.0-255,1514,224860,15,378591
5440,0.023661,172.31.36.0-255,309,225169,15,378591
5441,0.024949,74.125.130.0-255,4320,229489,15,378591
5442,0.024956,172.31.36.0-255,66,229555,15,378591
5443,0.025156,104.244.42.0-255,66,229621,15,378591
5444,0.025162,104.244.42.0-255,66,229687,15,378591
5445,0.025243,104.244.42.0-255,66,229753,15,378591
5446,0.027245,74.125.130.0-255,5738,235491,15,378591
5447,0.027611,172.31.36.0-255,66,235557,15,378591
5448,0.029882,74.125.130.0-255,5738,241295,15,378591
5449,0.029889,172.31.36.0-255,66,241361,15,378591
5450,0.032162,74.125.130.0-255,5738,247099,15,378591
5451,0.032169,172.31.36.0-255,66,247165,15,378591
5452,0.034458,74.125.130.0-255,5738,252903,15,378591
5453,0.034464,172.31.36.0-255,66,252969,15,378591
5454,0.036778,74.125.130.0-255,5738,258707,15,378591
5455,0.036784,172.31.36.0-255,66,258773,15,378591
5456,0.039054,74.125.130.0-255,5738,264511,15,378591
5457,0.03906,172.31.36.0-255,66,264577,15,378591
5458,0.041352,74.125.130.0-255,5738,270315,15,378591
5459,0.041358,172.31.36.0-255,66,270381,15,378591
5460,0.043665,74.125.130.0-255,5738,276119,15,378591
5461,0.04367,172.31.36.0-255,66,276185,15,378591
5462,0.045948,74.125.130.0-255,5738,281923,15,378591
5463,0.045954,172.31.36.0-255,66,281989,15,378591
5464,0.048241,74.125.130.0-255,5738,287727,15,378591
5465,0.048253,172.31.36.0-255,66,287793,15,378591
5466,0.050618,74.125.130.0-255,5738,293531,15,378591
5467,0.050625,172.31.36.0-255,66,293597,15,378591
5468,0.052911,74.125.130.0-255,5738,299335,15,378591
5469,0.052919,172.31.36.0-255,66,299401,15,378591
5470,0.055185,74.125.130.0-255,5738,305139,15,378591
5471,0.055191,172.31.36.0-255,66,305205,15,378591
5472,0.057466,74.125.130.0-255,4320,309525,15,378591
5473,0.05747,172.31.36.0-255,66,309591,15,378591
5474,0.057494,74.125.130.0-255,1484,311075,15,378591
5475,0.059734,74.125.130.0-255,2902,313977,15,378591
5476,0.05974,172.31.36.0-255,66,314043,15,378591
5477,0.062049,74.125.130.0-255,5738,319781,15,378591
5478,0.062101,172.31.36.0-255,66,319847,15,378591
5479,0.064381,74.125.130.0-255,5738,325585,15,378591
5480,0.064388,172.31.36.0-255,66,325651,15,378591
5481,0.066694,74.125.130.0-255,4320,329971,15,378591
5482,0.066701,172.31.36.0-255,66,330037,15,378591
5483,0.066732,74.125.130.0-255,1484,331521,15,378591
5484,0.068987,74.125.130.0-255,4320,335841,15,378591
5485,0.069,172.31.36.0-255,66,335907,15,378591
5486,0.071298,74.125.130.0-255,5738,341645,15,378591
5487,0.071405,172.31.36.0-255,66,341711,15,378591
5488,0.073702,74.125.130.0-255,5738,347449,15,378591
5489,0.073714,172.31.36.0-255,66,347515,15,378591
5490,0.075992,74.125.130.0-255,4320,351835,15,378591
5491,0.075999,172.31.36.0-255,66,351901,15,378591
5492,0.07603,74.125.130.0-255,1484,353385,15,378591
5493,0.078287,74.125.130.0-255,4320,357705,15,378591
5494,0.078293,172.31.36.0-255,66,357771,15,378591
5495,0.080601,74.125.130.0-255,1484,359255,15,378591
5496,0.080631,74.125.130.0-255,4320,363575,15,378591
5497,0.080654,172.31.36.0-255,66,363641,15,378591
5498,0.082929,74.125.130.0-255,5738,369379,15,378591
5499,0.082935,172.31.36.0-255,66,369445,15,378591
5500,0.085225,74.125.130.0-255,5738,375183,15,378591
5501,0.08523,172.31.36.0-255,66,375249,15,378591
5502,0.087519,74.125.130.0-255,3105,378354,15,378591
5503,0.087524,172.31.36.0-255,66,378420,15,378591
5504,0.087711,172.31.36.0-255,105,378525,15,378591
5505,0.089954,74.125.130.0-255,66,378591,15,378591
5506,0.0,74.125.24.0-255,218,218,15,289037
5507,2.4e-05,172.31.36.0-255,66,284,15,289037
5508,3.1e-05,74.125.24.0-255,1484,1768,15,289037
5509,3.5e-05,172.31.36.0-255,66,1834,15,289037
5510,4.3e-05,74.125.24.0-255,4320,6154,15,289037
5511,4.7e-05,172.31.36.0-255,66,6220,15,289037
5512,7.9e-05,172.31.36.0-255,66,6286,15,289037
5513,0.000101,74.125.24.0-255,2902,9188,15,289037
5514,0.000104,172.31.36.0-255,66,9254,15,289037
5515,0.000111,74.125.24.0-255,4320,13574,15,289037
5516,0.000113,172.31.36.0-255,66,13640,15,289037
5517,0.000121,74.125.24.0-255,5738,19378,15,289037
5518,0.000123,172.31.36.0-255,66,19444,15,289037
5519,0.000147,74.125.24.0-255,2902,22346,15,289037
5520,0.00015,172.31.36.0-255,66,22412,15,289037
5521,0.000154,74.125.24.0-255,1125,23537,15,289037
5522,0.000156,172.31.36.0-255,66,23603,15,289037
5523,0.00028,74.125.24.0-255,1484,25087,15,289037
5524,0.000284,172.31.36.0-255,66,25153,15,289037
5525,0.000305,74.125.24.0-255,1484,26637,15,289037
5526,0.000308,172.31.36.0-255,66,26703,15,289037
5527,0.000333,74.125.24.0-255,1484,28187,15,289037
5528,0.000336,172.31.36.0-255,66,28253,15,289037
5529,0.000343,74.125.24.0-255,5738,33991,15,289037
5530,0.000345,172.31.36.0-255,66,34057,15,289037
5531,0.00035,74.125.24.0-255,2902,36959,15,289037
5532,0.000352,172.31.36.0-255,66,37025,15,289037
5533,0.000376,74.125.24.0-255,3961,40986,15,289037
5534,0.000379,172.31.36.0-255,66,41052,15,289037
5535,0.000746,74.125.24.0-255,1484,42536,15,289037
5536,0.00075,172.31.36.0-255,66,42602,15,289037
5537,0.000754,74.125.24.0-255,1484,44086,15,289037
5538,0.000774,74.125.24.0-255,1484,45570,15,289037
5539,0.000776,172.31.36.0-255,66,45636,15,289037
5540,0.000783,74.125.24.0-255,5738,51374,15,289037
5541,0.000785,172.31.36.0-255,66,51440,15,289037
5542,0.0008,74.125.24.0-255,2902,54342,15,289037
5543,0.000802,172.31.36.0-255,66,54408,15,289037
5544,0.000826,172.31.36.0-255,66,54474,15,289037
5545,0.000833,74.125.24.0-255,7156,61630,15,289037
5546,0.000836,172.31.36.0-255,66,61696,15,289037
5547,0.000851,74.125.24.0-255,1484,63180,15,289037
5548,0.000862,74.125.24.0-255,1484,64664,15,289037
5549,0.000864,172.31.36.0-255,66,64730,15,289037
5550,0.000885,74.125.24.0-255,6797,71527,15,289037
5551,0.000888,172.31.36.0-255,66,71593,15,289037
5552,0.000891,74.125.24.0-255,1484,73077,15,289037
5553,0.00091,74.125.24.0-255,7156,80233,15,289037
5554,0.000913,172.31.36.0-255,66,80299,15,289037
5555,0.000947,74.125.24.0-255,1704,82003,15,289037
5556,0.00095,172.31.36.0-255,66,82069,15,289037
5557,0.001338,74.125.24.0-255,1484,83553,15,289037
5558,0.001347,74.125.24.0-255,2902,86455,15,289037
5559,0.001351,172.31.36.0-255,66,86521,15,289037
5560,0.001359,74.125.24.0-255,5738,92259,15,289037
5561,0.001361,172.31.36.0-255,66,92325,15,289037
5562,0.001398,172.31.36.0-255,66,92391,15,289037
5563,0.001413,74.125.24.0-255,4320,96711,15,289037
5564,0.001416,172.31.36.0-255,66,96777,15,289037
5565,0.001423,74.125.24.0-255,5738,102515,15,289037
5566,0.001425,172.31.36.0-255,66,102581,15,289037
5567,0.001449,74.125.24.0-255,5020,107601,15,289037
5568,0.001452,172.31.36.0-255,66,107667,15,289037
5569,0.001699,74.125.24.0-255,1484,109151,15,289037
5570,0.001708,74.125.24.0-255,2902,112053,15,289037
5571,0.001712,172.31.36.0-255,66,112119,15,289037
5572,0.001716,74.125.24.0-255,1484,113603,15,289037
5573,0.001734,74.125.24.0-255,2902,116505,15,289037
5574,0.001737,172.31.36.0-255,66,116571,15,289037
5575,0.001747,172.31.36.0-255,66,116637,15,289037
5576,0.001783,172.31.36.0-255,66,116703,15,289037
5577,0.001807,172.31.36.0-255,66,116769,15,289037
5578,0.001846,74.125.24.0-255,2902,119671,15,289037
5579,0.001848,172.31.36.0-255,66,119737,15,289037
5580,0.001874,172.31.36.0-255,66,119803,15,289037
5581,0.001881,74.125.24.0-255,7156,126959,15,289037
5582,0.001883,172.31.36.0-255,66,127025,15,289037
5583,0.001894,172.31.36.0-255,66,127091,15,289037
5584,0.001924,172.31.36.0-255,66,127157,15,289037
5585,0.001957,74.125.24.0-255,3602,130759,15,289037
5586,0.001959,172.31.36.0-255,66,130825,15,289037
5587,0.001976,172.31.36.0-255,66,130891,15,289037
5588,0.001979,74.125.24.0-255,1484,132375,15,289037
5589,0.001984,74.125.24.0-255,2902,135277,15,289037
5590,0.001987,172.31.36.0-255,66,135343,15,289037
5591,0.002016,74.125.24.0-255,5738,141081,15,289037
5592,0.002019,172.31.36.0-255,66,141147,15,289037
5593,0.002026,74.125.24.0-255,5738,146885,15,289037
5594,0.002028,172.31.36.0-255,66,146951,15,289037
5595,0.002064,74.125.24.0-255,7156,154107,15,289037
5596,0.002067,172.31.36.0-255,66,154173,15,289037
5597,0.002077,172.31.36.0-255,66,154239,15,289037
5598,0.002081,74.125.24.0-255,2184,156423,15,289037
5599,0.002084,172.31.36.0-255,66,156489,15,289037
5600,0.00416,74.125.24.0-255,4320,160809,15,289037
5601,0.004175,172.31.36.0-255,66,160875,15,289037
5602,0.00418,74.125.24.0-255,1484,162359,15,289037
5603,0.006242,74.125.24.0-255,4320,166679,15,289037
5604,0.00625,172.31.36.0-255,66,166745,15,289037
5605,0.008301,74.125.24.0-255,4320,171065,15,289037
5606,0.008306,172.31.36.0-255,66,171131,15,289037
5607,0.008319,74.125.24.0-255,1484,172615,15,289037
5608,0.010377,74.125.24.0-255,4320,176935,15,289037
5609,0.010384,172.31.36.0-255,66,177001,15,289037
5610,0.012481,74.125.24.0-255,5738,182739,15,289037
5611,0.012488,172.31.36.0-255,66,182805,15,289037
5612,0.014558,74.125.24.0-255,5738,188543,15,289037
5613,0.014567,172.31.36.0-255,66,188609,15,289037
5614,0.016666,74.125.24.0-255,5738,194347,15,289037
5615,0.016674,172.31.36.0-255,66,194413,15,289037
5616,0.01875,74.125.24.0-255,5738,200151,15,289037
5617,0.018758,172.31.36.0-255,66,200217,15,289037
5618,0.020916,74.125.24.0-255,5738,205955,15,289037
5619,0.020925,172.31.36.0-255,66,206021,15,289037
5620,0.023023,74.125.24.0-255,5738,211759,15,289037
5621,0.023053,172.31.36.0-255,66,211825,15,289037
5622,0.025124,74.125.24.0-255,5738,217563,15,289037
5623,0.025133,172.31.36.0-255,66,217629,15,289037
5624,0.027254,74.125.24.0-255,5738,223367,15,289037
5625,0.027262,172.31.36.0-255,66,223433,15,289037
5626,0.029328,74.125.24.0-255,5738,229171,15,289037
5627,0.029337,172.31.36.0-255,66,229237,15,289037
5628,0.031426,74.125.24.0-255,5738,234975,15,289037
5629,0.031433,172.31.36.0-255,66,235041,15,289037
5630,0.032522,172.31.36.0-255,172,235213,15,289037
5631,0.032557,172.31.36.0-255,1111,236324,15,289037
5632,0.032617,172.31.36.0-255,1514,237838,15,289037
5633,0.032619,172.31.36.0-255,1294,239132,15,289037
5634,0.033532,74.125.24.0-255,5738,244870,15,289037
5635,0.033539,172.31.36.0-255,66,244936,15,289037
5636,0.034062,104.244.42.0-255,66,245002,15,289037
5637,0.034083,104.244.42.0-255,66,245068,15,289037
5638,0.034126,104.244.42.0-255,66,245134,15,289037
5639,0.035638,74.125.24.0-255,5738,250872,15,289037
5640,0.035645,172.31.36.0-255,66,250938,15,289037
5641,0.037741,74.125.24.0-255,5738,256676,15,289037
5642,0.037751,172.31.36.0-255,66,256742,15,289037
5643,0.03984,74.125.24.0-255,5738,262480,15,289037
5644,0.039847,172.31.36.0-255,66,262546,15,289037
5645,0.041969,74.125.24.0-255,5738,268284,15,289037
5646,0.041976,172.31.36.0-255,66,268350,15,289037
5647,0.044097,74.125.24.0-255,5738,274088,15,289037
5648,0.044105,172.31.36.0-255,66,274154,15,289037
5649,0.046165,74.125.24.0-255,5738,279892,15,289037
5650,0.046172,172.31.36.0-255,66,279958,15,289037
5651,0.048262,74.125.24.0-255,5738,285696,15,289037
5652,0.048273,172.31.36.0-255,66,285762,15,289037
5653,0.050384,74.125.24.0-255,3038,288800,15,289037
5654,0.050392,172.31.36.0-255,66,288866,15,289037
5655,0.050568,172.31.36.0-255,105,288971,15,289037
5656,0.052598,74.125.24.0-255,66,289037,15,289037
5657,0.0,172.217.24.0-255,152,152,15,205145
5658,3.1e-05,172.217.24.0-255,1484,1636,15,205145
5659,4.1e-05,172.31.36.0-255,66,1702,15,205145
5660,4.9e-05,172.217.24.0-255,2902,4604,15,205145
5661,5.1e-05,172.31.36.0-255,66,4670,15,205145
5662,6.7e-05,172.217.24.0-255,7156,11826,15,205145
5663,7e-05,172.31.36.0-255,66,11892,15,205145
5664,0.0001,172.217.24.0-255,2028,13920,15,205145
5665,0.000102,172.31.36.0-255,66,13986,15,205145
5666,0.000485,172.217.24.0-255,1484,15470,15,205145
5667,0.000494,172.217.24.0-255,2902,18372,15,205145
5668,0.000499,172.31.36.0-255,66,18438,15,205145
5669,0.000506,172.217.24.0-255,2902,21340,15,205145
5670,0.000508,172.31.36.0-255,66,21406,15,205145
5671,0.000533,172.217.24.0-255,1484,22890,15,205145
5672,0.00054,172.217.24.0-255,4320,27210,15,205145
5673,0.000543,172.31.36.0-255,66,27276,15,205145
5674,0.000586,172.217.24.0-255,5379,32655,15,205145
5675,0.000591,172.31.36.0-255,66,32721,15,205145
5676,0.000609,172.31.36.0-255,66,32787,15,205145
5677,0.000616,172.217.24.0-255,5379,38166,15,205145
5678,0.000619,172.31.36.0-255,66,38232,15,205145
5679,0.00065,172.217.24.0-255,5738,43970,15,205145
5680,0.000654,172.31.36.0-255,66,44036,15,205145
5681,0.000661,172.217.24.0-255,7156,51192,15,205145
5682,0.000664,172.31.36.0-255,66,51258,15,205145
5683,0.000697,172.217.24.0-255,4248,55506,15,205145
5684,0.000714,172.31.36.0-255,66,55572,15,205145
5685,0.001183,172.217.24.0-255,136,55708,15,205145
5686,0.0013,172.217.24.0-255,1484,57192,15,205145
5687,0.001307,172.31.36.0-255,66,57258,15,205145
5688,0.001316,172.217.24.0-255,2902,60160,15,205145
5689,0.001319,172.31.36.0-255,66,60226,15,205145
5690,0.001328,172.217.24.0-255,2902,63128,15,205145
5691,0.00133,172.31.36.0-255,66,63194,15,205145
5692,0.001335,172.217.24.0-255,4320,67514,15,205145
5693,0.001337,172.31.36.0-255,66,67580,15,205145
5694,0.001355,172.217.24.0-255,2902,70482,15,205145
5695,0.001357,172.31.36.0-255,66,70548,15,205145
5696,0.00138,172.217.24.0-255,2543,73091,15,205145
5697,0.001382,172.31.36.0-255,66,73157,15,205145
5698,0.001389,172.217.24.0-255,5738,78895,15,205145
5699,0.00139,172.31.36.0-255,66,78961,15,205145
5700,0.001427,172.31.36.0-255,66,79027,15,205145
5701,0.001468,172.217.24.0-255,1484,80511,15,205145
5702,0.001485,172.217.24.0-255,2902,83413,15,205145
5703,0.001488,172.31.36.0-255,66,83479,15,205145
5704,0.001493,172.217.24.0-255,4320,87799,15,205145
5705,0.001495,172.31.36.0-255,66,87865,15,205145
5706,0.001519,172.217.24.0-255,1484,89349,15,205145
5707,0.001537,172.31.36.0-255,66,89415,15,205145
5708,0.001564,172.217.24.0-255,1484,90899,15,205145
5709,0.00159,172.31.36.0-255,66,90965,15,205145
5710,0.001971,172.217.24.0-255,1484,92449,15,205145
5711,0.001977,172.217.24.0-255,2902,95351,15,205145
5712,0.00198,172.31.36.0-255,66,95417,15,205145
5713,0.001983,172.217.24.0-255,1484,96901,15,205145
5714,0.002027,172.217.24.0-255,4320,101221,15,205145
5715,0.00203,172.31.36.0-255,66,101287,15,205145
5716,0.002043,172.31.36.0-255,66,101353,15,205145
5717,0.002061,172.31.36.0-255,66,101419,15,205145
5718,0.002064,172.217.24.0-255,1484,102903,15,205145
5719,0.002068,172.217.24.0-255,2902,105805,15,205145
5720,0.00207,172.31.36.0-255,66,105871,15,205145
5721,0.002101,172.217.24.0-255,5738,111609,15,205145
5722,0.002103,172.31.36.0-255,66,111675,15,205145
5723,0.00213,172.217.24.0-255,1484,113159,15,205145
5724,0.002133,172.31.36.0-255,78,113237,15,205145
5725,0.002138,172.217.24.0-255,4320,117557,15,205145
5726,0.002141,172.31.36.0-255,78,117635,15,205145
5727,0.002177,172.217.24.0-255,7156,124791,15,205145
5728,0.002181,172.31.36.0-255,66,124857,15,205145
5729,0.002192,172.31.36.0-255,66,124923,15,205145
5730,0.002221,172.217.24.0-255,1484,126407,15,205145
5731,0.002239,172.217.24.0-255,2902,129309,15,205145
5732,0.002242,172.31.36.0-255,66,129375,15,205145
5733,0.002248,172.217.24.0-255,5738,135113,15,205145
5734,0.00225,172.31.36.0-255,66,135179,15,205145
5735,0.002277,172.217.24.0-255,5738,140917,15,205145
5736,0.002279,172.31.36.0-255,66,140983,15,205145
5737,0.002311,172.217.24.0-255,2902,143885,15,205145
5738,0.002313,172.31.36.0-255,66,143951,15,205145
5739,0.002324,172.31.36.0-255,66,144017,15,205145
5740,0.002373,172.217.24.0-255,7156,151173,15,205145
5741,0.002376,172.31.36.0-255,66,151239,15,205145
5742,0.002408,172.217.24.0-255,6438,157677,15,205145
5743,0.002411,172.31.36.0-255,66,157743,15,205145
5744,0.002428,172.31.36.0-255,66,157809,15,205145
5745,0.002439,172.31.36.0-255,66,157875,15,205145
5746,0.002525,172.217.24.0-255,1484,159359,15,205145
5747,0.002531,172.217.24.0-255,2902,162261,15,205145
5748,0.002534,172.31.36.0-255,66,162327,15,205145
5749,0.002541,172.217.24.0-255,5738,168065,15,205145
5750,0.002543,172.31.36.0-255,66,168131,15,205145
5751,0.002578,172.31.36.0-255,66,168197,15,205145
5752,0.002623,172.217.24.0-255,7156,175353,15,205145
5753,0.002625,172.31.36.0-255,66,175419,15,205145
5754,0.002658,172.217.24.0-255,1484,176903,15,205145
5755,0.002663,172.217.24.0-255,2184,179087,15,205145
5756,0.002665,172.31.36.0-255,66,179153,15,205145
5757,0.002682,172.31.36.0-255,66,179219,15,205145
5758,0.002687,172.217.24.0-255,5738,184957,15,205145
5759,0.002689,172.31.36.0-255,66,185023,15,205145
5760,0.002692,172.217.24.0-255,1484,186507,15,205145
5761,0.002703,172.31.36.0-255,66,186573,15,205145
5762,0.002759,172.217.24.0-255,1484,188057,15,205145
5763,0.002764,172.217.24.0-255,2902,190959,15,205145
5764,0.002768,172.31.36.0-255,66,191025,15,205145
5765,0.002773,172.217.24.0-255,4320,195345,15,205145
5766,0.002775,172.31.36.0-255,66,195411,15,205145
5767,0.002809,172.31.36.0-255,66,195477,15,205145
5768,0.002838,172.217.24.0-255,5738,201215,15,205145
5769,0.002841,172.31.36.0-255,66,201281,15,205145
5770,0.002876,172.31.36.0-255,66,201347,15,205145
5771,0.002891,172.31.36.0-255,66,201413,15,205145
5772,0.002905,172.31.36.0-255,66,201479,15,205145
5773,0.002928,172.217.24.0-255,105,201584,15,205145
5774,0.00493,172.31.36.0-255,66,201650,15,205145
5775,0.004968,172.31.36.0-255,105,201755,15,205145
5776,0.006981,172.217.24.0-255,66,201821,15,205145
5777,0.025654,172.31.36.0-255,172,201993,15,205145
5778,0.025709,172.31.36.0-255,1109,203102,15,205145
5779,0.025893,172.31.36.0-255,1514,204616,15,205145
5780,0.025896,172.31.36.0-255,331,204947,15,205145
5781,0.027315,104.244.42.0-255,66,205013,15,205145
5782,0.027357,104.244.42.0-255,66,205079,15,205145
5783,0.027599,104.244.42.0-255,66,205145,15,205145
5784,0.0,172.217.194.0-255,153,153,15,190821
5785,2.8e-05,172.31.36.0-255,66,219,15,190821
5786,3.5e-05,172.217.194.0-255,1484,1703,15,190821
5787,3.9e-05,172.31.36.0-255,66,1769,15,190821
5788,4.5e-05,172.217.194.0-255,2902,4671,15,190821
5789,4.8e-05,172.31.36.0-255,66,4737,15,190821
5790,5.4e-05,172.217.194.0-255,5738,10475,15,190821
5791,5.7e-05,172.31.36.0-255,66,10541,15,190821
5792,9.1e-05,172.217.194.0-255,3521,14062,15,190821
5793,9.4e-05,172.31.36.0-255,66,14128,15,190821
5794,0.00017,172.217.194.0-255,1484,15612,15,190821
5795,0.000175,172.31.36.0-255,66,15678,15,190821
5796,0.00019,172.217.194.0-255,1484,17162,15,190821
5797,0.000192,172.31.36.0-255,66,17228,15,190821
5798,0.000196,172.217.194.0-255,1484,18712,15,190821
5799,0.000199,172.31.36.0-255,66,18778,15,190821
5800,0.000228,172.217.194.0-255,1484,20262,15,190821
5801,0.000231,172.31.36.0-255,66,20328,15,190821
5802,0.000237,172.217.194.0-255,5738,26066,15,190821
5803,0.000239,172.31.36.0-255,66,26132,15,190821
5804,0.000244,172.217.194.0-255,4320,30452,15,190821
5805,0.000246,172.31.36.0-255,66,30518,15,190821
5806,0.000261,172.217.194.0-255,1125,31643,15,190821
5807,0.000263,172.31.36.0-255,66,31709,15,190821
5808,0.000281,172.217.194.0-255,4320,36029,15,190821
5809,0.000287,172.31.36.0-255,66,36095,15,190821
5810,0.000295,172.217.194.0-255,1484,37579,15,190821
5811,0.000297,172.31.36.0-255,66,37645,15,190821
5812,0.000303,172.217.194.0-255,4320,41965,15,190821
5813,0.000305,172.31.36.0-255,66,42031,15,190821
5814,0.000328,172.217.194.0-255,2902,44933,15,190821
5815,0.00033,172.31.36.0-255,66,44999,15,190821
5816,0.000344,172.217.194.0-255,3961,48960,15,190821
5817,0.000349,172.31.36.0-255,66,49026,15,190821
5818,0.000635,172.217.194.0-255,1484,50510,15,190821
5819,0.000641,172.217.194.0-255,2902,53412,15,190821
5820,0.000644,172.31.36.0-255,66,53478,15,190821
5821,0.000663,172.217.194.0-255,2902,56380,15,190821
5822,0.000672,172.31.36.0-255,66,56446,15,190821
5823,0.000676,172.217.194.0-255,2902,59348,15,190821
5824,0.00069,172.31.36.0-255,66,59414,15,190821
5825,0.000704,172.217.194.0-255,1484,60898,15,190821
5826,0.000721,172.217.194.0-255,5379,66277,15,190821
5827,0.000726,172.31.36.0-255,66,66343,15,190821
5828,0.000732,172.217.194.0-255,1484,67827,15,190821
5829,0.000749,172.217.194.0-255,6319,74146,15,190821
5830,0.000753,172.31.36.0-255,66,74212,15,190821
5831,0.000773,172.217.194.0-255,5738,79950,15,190821
5832,0.000777,172.31.36.0-255,66,80016,15,190821
5833,0.000803,172.31.36.0-255,66,80082,15,190821
5834,0.000853,172.31.36.0-255,66,80148,15,190821
5835,0.000944,172.217.194.0-255,1484,81632,15,190821
5836,0.000957,172.217.194.0-255,2902,84534,15,190821
5837,0.000969,172.31.36.0-255,66,84600,15,190821
5838,0.000972,172.217.194.0-255,4320,88920,15,190821
5839,0.000984,172.31.36.0-255,66,88986,15,190821
5840,0.000986,172.217.194.0-255,1484,90470,15,190821
5841,0.001011,172.217.194.0-255,4320,94790,15,190821
5842,0.001014,172.31.36.0-255,66,94856,15,190821
5843,0.001033,172.217.194.0-255,4320,99176,15,190821
5844,0.001039,172.217.194.0-255,4320,103496,15,190821
5845,0.00104,172.31.36.0-255,66,103562,15,190821
5846,0.001044,172.31.36.0-255,66,103628,15,190821
5847,0.001063,172.217.194.0-255,5738,109366,15,190821
5848,0.001068,172.31.36.0-255,66,109432,15,190821
5849,0.001068,172.217.194.0-255,5020,114452,15,190821
5850,0.001071,172.31.36.0-255,66,114518,15,190821
5851,0.001156,172.217.194.0-255,1484,116002,15,190821
5852,0.00117,172.217.194.0-255,2902,118904,15,190821
5853,0.001173,172.217.194.0-255,1484,120388,15,190821
5854,0.001177,172.31.36.0-255,66,120454,15,190821
5855,0.001195,172.217.194.0-255,4320,124774,15,190821
5856,0.001198,172.31.36.0-255,66,124840,15,190821
5857,0.001204,172.217.194.0-255,4320,129160,15,190821
5858,0.001212,172.31.36.0-255,66,129226,15,190821
5859,0.001235,172.31.36.0-255,66,129292,15,190821
5860,0.001239,172.31.36.0-255,66,129358,15,190821
5861,0.001263,172.217.194.0-255,1484,130842,15,190821
5862,0.001276,172.217.194.0-255,2902,133744,15,190821
5863,0.001281,172.31.36.0-255,66,133810,15,190821
5864,0.001296,172.217.194.0-255,5738,139548,15,190821
5865,0.001305,172.31.36.0-255,66,139614,15,190821
5866,0.001339,172.31.36.0-255,66,139680,15,190821
5867,0.001355,172.31.36.0-255,66,139746,15,190821
5868,0.001385,172.217.194.0-255,5738,145484,15,190821
5869,0.001398,172.31.36.0-255,66,145550,15,190821
5870,0.001427,172.31.36.0-255,66,145616,15,190821
5871,0.001432,172.31.36.0-255,66,145682,15,190821
5872,0.001563,172.217.194.0-255,1484,147166,15,190821
5873,0.001577,172.217.194.0-255,2902,150068,15,190821
5874,0.001581,172.217.194.0-255,2902,152970,15,190821
5875,0.001585,172.31.36.0-255,66,153036,15,190821
5876,0.0016,172.217.194.0-255,2902,155938,15,190821
5877,0.0016,172.31.36.0-255,66,156004,15,190821
5878,0.001606,172.217.194.0-255,5738,161742,15,190821
5879,0.001611,172.31.36.0-255,66,161808,15,190821
5880,0.001627,172.31.36.0-255,66,161874,15,190821
5881,0.001651,172.31.36.0-255,66,161940,15,190821
5882,0.001664,172.217.194.0-255,5020,166960,15,190821
5883,0.001677,172.31.36.0-255,66,167026,15,190821
5884,0.001724,172.217.194.0-255,5738,172764,15,190821
5885,0.001737,172.31.36.0-255,66,172830,15,190821
5886,0.001743,172.31.36.0-255,66,172896,15,190821
5887,0.001757,172.31.36.0-255,66,172962,15,190821
5888,0.001791,172.31.36.0-255,66,173028,15,190821
5889,0.001808,172.217.194.0-255,3602,176630,15,190821
5890,0.001818,172.31.36.0-255,66,176696,15,190821
5891,0.001823,172.31.36.0-255,66,176762,15,190821
5892,0.00183,172.217.194.0-255,1484,178246,15,190821
5893,0.001871,172.31.36.0-255,66,178312,15,190821
5894,0.001906,172.31.36.0-255,66,178378,15,190821
5895,0.001924,172.31.36.0-255,66,178444,15,190821
5896,0.001931,172.217.194.0-255,5738,184182,15,190821
5897,0.001938,172.31.36.0-255,66,184248,15,190821
5898,0.001968,172.217.194.0-255,97,184345,15,190821
5899,0.00197,172.31.36.0-255,66,184411,15,190821
5900,0.001986,172.217.194.0-255,105,184516,15,190821
5901,0.004069,172.31.36.0-255,66,184582,15,190821
5902,0.004095,172.31.36.0-255,105,184687,15,190821
5903,0.006104,172.217.194.0-255,66,184753,15,190821
5904,0.020057,172.31.36.0-255,172,184925,15,190821
5905,0.020104,172.31.36.0-255,1110,186035,15,190821
5906,0.020124,172.31.36.0-255,1514,187549,15,190821
5907,0.020126,172.31.36.0-255,1514,189063,15,190821
5908,0.020127,172.31.36.0-255,1514,190577,15,190821
5909,0.020128,172.31.36.0-255,112,190689,15,190821
5910,0.021693,104.244.42.0-255,66,190755,15,190821
5911,0.063276,104.244.42.0-255,66,190821,15,190821
5912,0.0,172.217.194.0-255,296,296,15,171012
5913,2.3e-05,172.31.36.0-255,66,362,15,171012
5914,2.9e-05,172.217.194.0-255,1484,1846,15,171012
5915,3.3e-05,172.31.36.0-255,66,1912,15,171012
5916,3.9e-05,172.217.194.0-255,4320,6232,15,171012
5917,4.2e-05,172.31.36.0-255,66,6298,15,171012
5918,4.5e-05,172.217.194.0-255,1484,7782,15,171012
5919,4.7e-05,172.31.36.0-255,66,7848,15,171012
5920,7.5e-05,172.217.194.0-255,6091,13939,15,171012
5921,7.8e-05,172.31.36.0-255,66,14005,15,171012
5922,0.000115,172.217.194.0-255,1484,15489,15,171012
5923,0.000117,172.31.36.0-255,66,15555,15,171012
5924,0.000121,172.217.194.0-255,2902,18457,15,171012
5925,0.000123,172.31.36.0-255,66,18523,15,171012
5926,0.000133,172.217.194.0-255,1484,20007,15,171012
5927,0.000135,172.31.36.0-255,66,20073,15,171012
5928,0.000155,172.217.194.0-255,4320,24393,15,171012
5929,0.000157,172.31.36.0-255,66,24459,15,171012
5930,0.00017,172.217.194.0-255,1484,25943,15,171012
5931,0.000172,172.31.36.0-255,66,26009,15,171012
5932,0.000202,172.31.36.0-255,66,26075,15,171012
5933,0.000212,172.31.36.0-255,66,26141,15,171012
5934,0.000228,172.217.194.0-255,1484,27625,15,171012
5935,0.00023,172.31.36.0-255,66,27691,15,171012
5936,0.000236,172.217.194.0-255,5738,33429,15,171012
5937,0.000238,172.31.36.0-255,66,33495,15,171012
5938,0.000274,172.31.36.0-255,66,33561,15,171012
5939,0.000276,172.217.194.0-255,676,34237,15,171012
5940,0.000278,172.31.36.0-255,66,34303,15,171012
5941,0.000347,172.217.194.0-255,1484,35787,15,171012
5942,0.000352,172.217.194.0-255,2902,38689,15,171012
5943,0.000355,172.31.36.0-255,66,38755,15,171012
5944,0.000378,172.217.194.0-255,5738,44493,15,171012
5945,0.000381,172.31.36.0-255,66,44559,15,171012
5946,0.000386,172.217.194.0-255,4320,48879,15,171012
5947,0.000387,172.31.36.0-255,66,48945,15,171012
5948,0.000409,172.31.36.0-255,66,49011,15,171012
5949,0.000453,172.31.36.0-255,66,49077,15,171012
5950,0.00059,172.217.194.0-255,1484,50561,15,171012
5951,0.000595,172.217.194.0-255,2902,53463,15,171012
5952,0.000598,172.31.36.0-255,66,53529,15,171012
5953,0.000601,172.217.194.0-255,1484,55013,15,171012
5954,0.00062,172.217.194.0-255,4320,59333,15,171012
5955,0.000624,172.31.36.0-255,66,59399,15,171012
5956,0.000638,172.217.194.0-255,4320,63719,15,171012
5957,0.000641,172.31.36.0-255,66,63785,15,171012
5958,0.000659,172.217.194.0-255,7156,70941,15,171012
5959,0.000661,172.31.36.0-255,66,71007,15,171012
5960,0.000674,172.217.194.0-255,1484,72491,15,171012
5961,0.000704,172.31.36.0-255,66,72557,15,171012
5962,0.000764,172.31.36.0-255,66,72623,15,171012
5963,0.000775,172.31.36.0-255,66,72689,15,171012
5964,0.000799,172.217.194.0-255,4320,77009,15,171012
5965,0.000802,172.31.36.0-255,66,77075,15,171012
5966,0.000808,172.217.194.0-255,6438,83513,15,171012
5967,0.00081,172.31.36.0-255,66,83579,15,171012
5968,0.000932,172.217.194.0-255,1484,85063,15,171012
5969,0.000954,172.217.194.0-255,2902,87965,15,171012
5970,0.000956,172.31.36.0-255,66,88031,15,171012
5971,0.000963,172.217.194.0-255,5738,93769,15,171012
5972,0.000965,172.31.36.0-255,66,93835,15,171012
5973,0.00097,172.217.194.0-255,4320,98155,15,171012
5974,0.000971,172.31.36.0-255,66,98221,15,171012
5975,0.001004,172.31.36.0-255,66,98287,15,171012
5976,0.001014,172.31.36.0-255,66,98353,15,171012
5977,0.001038,172.217.194.0-255,2184,100537,15,171012
5978,0.00104,172.31.36.0-255,66,100603,15,171012
5979,0.001513,172.217.194.0-255,1484,102087,15,171012
5980,0.001519,172.217.194.0-255,2902,104989,15,171012
5981,0.001523,172.31.36.0-255,66,105055,15,171012
5982,0.001549,172.217.194.0-255,5738,110793,15,171012
5983,0.001552,172.31.36.0-255,66,110859,15,171012
5984,0.001557,172.217.194.0-255,4320,115179,15,171012
5985,0.001559,172.31.36.0-255,66,115245,15,171012
5986,0.001584,172.31.36.0-255,66,115311,15,171012
5987,0.001613,172.217.194.0-255,5738,121049,15,171012
5988,0.001617,172.31.36.0-255,66,121115,15,171012
5989,0.001622,172.217.194.0-255,3602,124717,15,171012
5990,0.001624,172.31.36.0-255,66,124783,15,171012
5991,0.001673,172.31.36.0-255,66,124849,15,171012
5992,0.001725,172.31.36.0-255,66,124915,15,171012
5993,0.00174,172.31.36.0-255,66,124981,15,171012
5994,0.001753,172.31.36.0-255,66,125047,15,171012
5995,0.001775,172.31.36.0-255,66,125113,15,171012
5996,0.001802,172.217.194.0-255,5738,130851,15,171012
5997,0.001805,172.31.36.0-255,66,130917,15,171012
5998,0.001813,172.217.194.0-255,6438,137355,15,171012
5999,0.001816,172.31.36.0-255,66,137421,15,171012
6000,0.001844,172.217.194.0-255,1484,138905,15,171012
6001,0.001863,172.217.194.0-255,2902,141807,15,171012
6002,0.001867,172.31.36.0-255,66,141873,15,171012
6003,0.001874,172.217.194.0-255,5738,147611,15,171012
6004,0.001876,172.31.36.0-255,66,147677,15,171012
6005,0.001916,172.217.194.0-255,2902,150579,15,171012
6006,0.00192,172.31.36.0-255,66,150645,15,171012
6007,0.001958,172.31.36.0-255,66,150711,15,171012
6008,0.00197,172.31.36.0-255,66,150777,15,171012
6009,0.001976,172.217.194.0-255,7156,157933,15,171012
6010,0.001979,172.31.36.0-255,66,157999,15,171012
6011,0.00199,172.31.36.0-255,66,158065,15,171012
6012,0.001994,172.217.194.0-255,2902,160967,15,171012
6013,0.001996,172.31.36.0-255,66,161033,15,171012
6014,0.002032,172.217.194.0-255,1484,162517,15,171012
6015,0.002037,172.31.36.0-255,66,162583,15,171012
6016,0.002059,172.217.194.0-255,3602,166185,15,171012
6017,0.002062,172.31.36.0-255,66,166251,15,171012
6018,0.002098,172.31.36.0-255,66,166317,15,171012
6019,0.00213,172.31.36.0-255,66,166383,15,171012
6020,0.002133,172.217.194.0-255,105,166488,15,171012
6021,0.004145,172.31.36.0-255,66,166554,15,171012
6022,0.004182,172.31.36.0-255,105,166659,15,171012
6023,0.006833,172.217.194.0-255,66,166725,15,171012
6024,0.032329,172.31.36.0-255,170,166895,15,171012
6025,0.032364,172.31.36.0-255,1134,168029,15,171012
6026,0.032421,172.31.36.0-255,1514,169543,15,171012
6027,0.032423,172.31.36.0-255,1271,170814,15,171012
6028,0.034027,104.244.42.0-255,66,170880,15,171012
6029,0.034063,104.244.42.0-255,66,170946,15,171012
6030,0.034082,104.244.42.0-255,66,171012,15,171012
6031,0.0,172.217.194.0-255,146,146,15,309482
6032,2.3e-05,172.31.36.0-255,66,212,15,309482
6033,3e-05,172.217.194.0-255,1484,1696,15,309482
6034,3.4e-05,172.31.36.0-255,66,1762,15,309482
6035,3.9e-05,172.217.194.0-255,2902,4664,15,309482
6036,4.2e-05,172.31.36.0-255,66,4730,15,309482
6037,4.6e-05,172.217.194.0-255,1484,6214,15,309482
6038,4.8e-05,172.31.36.0-255,66,6280,15,309482
6039,5.6e-05,172.217.194.0-255,5738,12018,15,309482
6040,5.9e-05,172.31.36.0-255,66,12084,15,309482
6041,8.3e-05,172.217.194.0-255,2047,14131,15,309482
6042,8.6e-05,172.31.36.0-255,66,14197,15,309482
6043,0.000131,172.217.194.0-255,1484,15681,15,309482
6044,0.000134,172.31.36.0-255,66,15747,15,309482
6045,0.000138,172.217.194.0-255,2902,18649,15,309482
6046,0.000141,172.31.36.0-255,66,18715,15,309482
6047,0.000144,172.217.194.0-255,1484,20199,15,309482
6048,0.000146,172.31.36.0-255,66,20265,15,309482
6049,0.00018,172.217.194.0-255,4320,24585,15,309482
6050,0.000183,172.31.36.0-255,66,24651,15,309482
6051,0.00019,172.217.194.0-255,6797,31448,15,309482
6052,0.000193,172.31.36.0-255,66,31514,15,309482
6053,0.000465,172.217.194.0-255,1484,32998,15,309482
6054,0.000471,172.31.36.0-255,66,33064,15,309482
6055,0.000477,172.217.194.0-255,2902,35966,15,309482
6056,0.000479,172.31.36.0-255,66,36032,15,309482
6057,0.000506,172.217.194.0-255,4320,40352,15,309482
6058,0.000509,172.31.36.0-255,66,40418,15,309482
6059,0.00053,172.217.194.0-255,1484,41902,15,309482
6060,0.000532,172.31.36.0-255,66,41968,15,309482
6061,0.000546,172.31.36.0-255,66,42034,15,309482
6062,0.00056,172.31.36.0-255,66,42100,15,309482
6063,0.000577,172.217.194.0-255,377,42477,15,309482
6064,0.000625,172.217.194.0-255,367,42844,15,309482
6065,0.000758,172.217.194.0-255,1484,44328,15,309482
6066,0.000763,172.31.36.0-255,66,44394,15,309482
6067,0.000768,172.217.194.0-255,2902,47296,15,309482
6068,0.000771,172.31.36.0-255,66,47362,15,309482
6069,0.000777,172.217.194.0-255,5738,53100,15,309482
6070,0.000779,172.31.36.0-255,66,53166,15,309482
6071,0.000839,172.31.36.0-255,66,53232,15,309482
6072,0.000848,172.31.36.0-255,66,53298,15,309482
6073,0.000985,172.217.194.0-255,1484,54782,15,309482
6074,0.001003,172.217.194.0-255,2902,57684,15,309482
6075,0.001006,172.31.36.0-255,66,57750,15,309482
6076,0.001013,172.217.194.0-255,5738,63488,15,309482
6077,0.001016,172.31.36.0-255,66,63554,15,309482
6078,0.00104,172.217.194.0-255,4320,67874,15,309482
6079,0.001044,172.31.36.0-255,66,67940,15,309482
6080,0.001075,172.31.36.0-255,66,68006,15,309482
6081,0.001088,172.31.36.0-255,66,68072,15,309482
6082,0.001481,172.217.194.0-255,1484,69556,15,309482
6083,0.001488,172.217.194.0-255,2902,72458,15,309482
6084,0.001491,172.31.36.0-255,66,72524,15,309482
6085,0.00153,172.217.194.0-255,5738,78262,15,309482
6086,0.001533,172.31.36.0-255,66,78328,15,309482
6087,0.001545,172.31.36.0-255,66,78394,15,309482
6088,0.001562,172.217.194.0-255,2902,81296,15,309482
6089,0.001565,172.31.36.0-255,66,81362,15,309482
6090,0.001577,172.31.36.0-255,66,81428,15,309482
6091,0.001967,172.217.194.0-255,1484,82912,15,309482
6092,0.001972,172.217.194.0-255,1484,84396,15,309482
6093,0.001976,172.31.36.0-255,66,84462,15,309482
6094,0.001997,172.217.194.0-255,1484,85946,15,309482
6095,0.002003,172.217.194.0-255,5738,91684,15,309482
6096,0.002005,172.31.36.0-255,66,91750,15,309482
6097,0.002013,172.217.194.0-255,5738,97488,15,309482
6098,0.002015,172.31.36.0-255,66,97554,15,309482
6099,0.002054,172.217.194.0-255,7156,104710,15,309482
6100,0.002057,172.31.36.0-255,66,104776,15,309482
6101,0.002087,172.31.36.0-255,66,104842,15,309482
6102,0.00209,172.217.194.0-255,766,105608,15,309482
6103,0.002387,172.31.36.0-255,66,105674,15,309482
6104,0.004392,172.217.194.0-255,4320,109994,15,309482
6105,0.004398,172.31.36.0-255,66,110060,15,309482
6106,0.004706,172.217.194.0-255,1484,111544,15,309482
6107,0.006694,172.217.194.0-255,4320,115864,15,309482
6108,0.006698,172.31.36.0-255,66,115930,15,309482
6109,0.009006,172.217.194.0-255,5738,121668,15,309482
6110,0.009013,172.31.36.0-255,66,121734,15,309482
6111,0.011402,172.217.194.0-255,5738,127472,15,309482
6112,0.011412,172.31.36.0-255,66,127538,15,309482
6113,0.013732,172.217.194.0-255,5738,133276,15,309482
6114,0.013743,172.31.36.0-255,66,133342,15,309482
6115,0.016095,172.217.194.0-255,5738,139080,15,309482
6116,0.016107,172.31.36.0-255,66,139146,15,309482
6117,0.018437,172.217.194.0-255,5738,144884,15,309482
6118,0.018445,172.31.36.0-255,66,144950,15,309482
6119,0.020775,172.217.194.0-255,5738,150688,15,309482
6120,0.020788,172.31.36.0-255,66,150754,15,309482
6121,0.023105,172.217.194.0-255,5738,156492,15,309482
6122,0.023112,172.31.36.0-255,66,156558,15,309482
6123,0.02423,172.31.36.0-255,172,156730,15,309482
6124,0.024262,172.31.36.0-255,1108,157838,15,309482
6125,0.024336,172.31.36.0-255,1514,159352,15,309482
6126,0.024338,172.31.36.0-255,1514,160866,15,309482
6127,0.024339,172.31.36.0-255,1514,162380,15,309482
6128,0.02434,172.31.36.0-255,114,162494,15,309482
6129,0.025458,172.217.194.0-255,5738,168232,15,309482
6130,0.025469,172.31.36.0-255,66,168298,15,309482
6131,0.025917,104.244.42.0-255,66,168364,15,309482
6132,0.027793,172.217.194.0-255,5738,174102,15,309482
6133,0.027801,172.31.36.0-255,66,174168,15,309482
6134,0.030243,172.217.194.0-255,5738,179906,15,309482
6135,0.030251,172.31.36.0-255,66,179972,15,309482
6136,0.032566,172.217.194.0-255,5738,185710,15,309482
6137,0.032574,172.31.36.0-255,66,185776,15,309482
6138,0.034902,172.217.194.0-255,5738,191514,15,309482
6139,0.034909,172.31.36.0-255,66,191580,15,309482
6140,0.037254,172.217.194.0-255,5738,197318,15,309482
6141,0.037263,172.31.36.0-255,66,197384,15,309482
6142,0.039593,172.217.194.0-255,5738,203122,15,309482
6143,0.039601,172.31.36.0-255,66,203188,15,309482
6144,0.041908,172.217.194.0-255,5738,208926,15,309482
6145,0.041915,172.31.36.0-255,66,208992,15,309482
6146,0.044248,172.217.194.0-255,5738,214730,15,309482
6147,0.044258,172.31.36.0-255,66,214796,15,309482
6148,0.046598,172.217.194.0-255,4320,219116,15,309482
6149,0.046604,172.31.36.0-255,66,219182,15,309482
6150,0.046625,172.217.194.0-255,1484,220666,15,309482
6151,0.048935,172.217.194.0-255,4320,224986,15,309482
6152,0.048942,172.31.36.0-255,66,225052,15,309482
6153,0.051291,172.217.194.0-255,5738,230790,15,309482
6154,0.051298,172.31.36.0-255,66,230856,15,309482
6155,0.053638,172.217.194.0-255,5738,236594,15,309482
6156,0.053647,172.31.36.0-255,66,236660,15,309482
6157,0.055974,172.217.194.0-255,5738,242398,15,309482
6158,0.05598,172.31.36.0-255,66,242464,15,309482
6159,0.058288,172.217.194.0-255,5738,248202,15,309482
6160,0.058295,172.31.36.0-255,66,248268,15,309482
6161,0.060608,172.217.194.0-255,5738,254006,15,309482
6162,0.060616,172.31.36.0-255,66,254072,15,309482
6163,0.062925,172.217.194.0-255,5738,259810,15,309482
6164,0.062933,172.31.36.0-255,66,259876,15,309482
6165,0.065266,172.217.194.0-255,5738,265614,15,309482
6166,0.065273,172.31.36.0-255,66,265680,15,309482
6167,0.067339,104.244.42.0-255,66,265746,15,309482
6168,0.067577,172.217.194.0-255,4320,270066,15,309482
6169,0.067583,172.31.36.0-255,66,270132,15,309482
6170,0.067603,172.217.194.0-255,1484,271616,15,309482
6171,0.069917,172.217.194.0-255,4320,275936,15,309482
6172,0.069927,172.31.36.0-255,66,276002,15,309482
6173,0.072251,172.217.194.0-255,5738,281740,15,309482
6174,0.072259,172.31.36.0-255,66,281806,15,309482
6175,0.074604,172.217.194.0-255,5738,287544,15,309482
6176,0.074611,172.31.36.0-255,66,287610,15,309482
6177,0.076929,172.217.194.0-255,5738,293348,15,309482
6178,0.076936,172.31.36.0-255,66,293414,15,309482
6179,0.079231,172.217.194.0-255,5738,299152,15,309482
6180,0.079237,172.31.36.0-255,66,299218,15,309482
6181,0.08154,172.217.194.0-255,5738,304956,15,309482
6182,0.081548,172.31.36.0-255,66,305022,15,309482
6183,0.08388,172.217.194.0-255,4223,309245,15,309482
6184,0.083888,172.31.36.0-255,66,309311,15,309482
6185,0.084168,172.31.36.0-255,105,309416,15,309482
6186,0.086485,172.217.194.0-255,66,309482,15,309482
6187,0.0,74.125.24.0-255,153,153,15,216572
6188,2.2e-05,172.31.36.0-255,66,219,15,216572
6189,2.9e-05,74.125.24.0-255,1484,1703,15,216572
6190,3.4e-05,172.31.36.0-255,66,1769,15,216572
6191,4.8e-05,74.125.24.0-255,2902,4671,15,216572
6192,5.1e-05,172.31.36.0-255,66,4737,15,216572
6193,5.9e-05,74.125.24.0-255,7156,11893,15,216572
6194,6.2e-05,172.31.36.0-255,66,11959,15,216572
6195,9e-05,172.31.36.0-255,66,12025,15,216572
6196,9.4e-05,74.125.24.0-255,2902,14927,15,216572
6197,9.7e-05,172.31.36.0-255,66,14993,15,216572
6198,0.000127,74.125.24.0-255,4320,19313,15,216572
6199,0.00013,172.31.36.0-255,66,19379,15,216572
6200,0.000147,74.125.24.0-255,3961,23340,15,216572
6201,0.000149,172.31.36.0-255,66,23406,15,216572
6202,0.000239,74.125.24.0-255,1484,24890,15,216572
6203,0.000243,172.31.36.0-255,66,24956,15,216572
6204,0.000262,74.125.24.0-255,2902,27858,15,216572
6205,0.000265,172.31.36.0-255,66,27924,15,216572
6206,0.000268,74.125.24.0-255,1484,29408,15,216572
6207,0.00027,172.31.36.0-255,66,29474,15,216572
6208,0.000296,74.125.24.0-255,4320,33794,15,216572
6209,0.000299,172.31.36.0-255,66,33860,15,216572
6210,0.000317,172.31.36.0-255,66,33926,15,216572
6211,0.00032,74.125.24.0-255,1484,35410,15,216572
6212,0.000322,172.31.36.0-255,66,35476,15,216572
6213,0.000368,172.31.36.0-255,66,35542,15,216572
6214,0.000371,74.125.24.0-255,359,35901,15,216572
6215,0.000373,172.31.36.0-255,66,35967,15,216572
6216,0.000376,74.125.24.0-255,133,36100,15,216572
6217,0.00057,74.125.24.0-255,1484,37584,15,216572
6218,0.000581,172.31.36.0-255,66,37650,15,216572
6219,0.000587,74.125.24.0-255,2902,40552,15,216572
6220,0.00059,172.31.36.0-255,66,40618,15,216572
6221,0.000593,74.125.24.0-255,1484,42102,15,216572
6222,0.000625,74.125.24.0-255,5738,47840,15,216572
6223,0.000627,172.31.36.0-255,66,47906,15,216572
6224,0.00066,172.31.36.0-255,66,47972,15,216572
6225,0.000691,74.125.24.0-255,1484,49456,15,216572
6226,0.000696,74.125.24.0-255,4320,53776,15,216572
6227,0.000699,172.31.36.0-255,66,53842,15,216572
6228,0.000721,74.125.24.0-255,5020,58862,15,216572
6229,0.000724,172.31.36.0-255,66,58928,15,216572
6230,0.000767,74.125.24.0-255,347,59275,15,216572
6231,0.000909,74.125.24.0-255,1484,60759,15,216572
6232,0.000913,172.31.36.0-255,66,60825,15,216572
6233,0.000918,74.125.24.0-255,2902,63727,15,216572
6234,0.000921,172.31.36.0-255,66,63793,15,216572
6235,0.000931,74.125.24.0-255,2902,66695,15,216572
6236,0.000933,172.31.36.0-255,66,66761,15,216572
6237,0.000962,74.125.24.0-255,2902,69663,15,216572
6238,0.000964,172.31.36.0-255,66,69729,15,216572
6239,0.000976,172.31.36.0-255,66,69795,15,216572
6240,0.00098,74.125.24.0-255,1484,71279,15,216572
6241,0.001017,172.31.36.0-255,66,71345,15,216572
6242,0.001022,74.125.24.0-255,2184,73529,15,216572
6243,0.001024,172.31.36.0-255,66,73595,15,216572
6244,0.001313,74.125.24.0-255,1484,75079,15,216572
6245,0.001319,74.125.24.0-255,2902,77981,15,216572
6246,0.001323,172.31.36.0-255,66,78047,15,216572
6247,0.001354,74.125.24.0-255,5738,83785,15,216572
6248,0.001359,74.125.24.0-255,4320,88105,15,216572
6249,0.001371,172.31.36.0-255,66,88171,15,216572
6250,0.001375,172.31.36.0-255,66,88237,15,216572
6251,0.00138,74.125.24.0-255,4320,92557,15,216572
6252,0.001382,172.31.36.0-255,66,92623,15,216572
6253,0.001399,172.31.36.0-255,66,92689,15,216572
6254,0.001458,74.125.24.0-255,5020,97709,15,216572
6255,0.00146,172.31.36.0-255,66,97775,15,216572
6256,0.001485,74.125.24.0-255,1484,99259,15,216572
6257,0.00149,74.125.24.0-255,2902,102161,15,216572
6258,0.001493,172.31.36.0-255,66,102227,15,216572
6259,0.001521,74.125.24.0-255,5738,107965,15,216572
6260,0.001523,172.31.36.0-255,66,108031,15,216572
6261,0.001527,74.125.24.0-255,2902,110933,15,216572
6262,0.001529,172.31.36.0-255,66,110999,15,216572
6263,0.001533,74.125.24.0-255,2902,113901,15,216572
6264,0.001535,172.31.36.0-255,66,113967,15,216572
6265,0.001564,74.125.24.0-255,7156,121123,15,216572
6266,0.001567,172.31.36.0-255,66,121189,15,216572
6267,0.001573,74.125.24.0-255,5738,126927,15,216572
6268,0.001575,172.31.36.0-255,66,126993,15,216572
6269,0.0016,74.125.24.0-255,5020,132013,15,216572
6270,0.001605,172.31.36.0-255,66,132079,15,216572
6271,0.001677,74.125.24.0-255,1484,133563,15,216572
6272,0.001682,74.125.24.0-255,2902,136465,15,216572
6273,0.001684,172.31.36.0-255,66,136531,15,216572
6274,0.001716,74.125.24.0-255,5738,142269,15,216572
6275,0.001719,172.31.36.0-255,66,142335,15,216572
6276,0.001722,74.125.24.0-255,2902,145237,15,216572
6277,0.001724,172.31.36.0-255,66,145303,15,216572
6278,0.001763,74.125.24.0-255,4320,149623,15,216572
6279,0.001766,172.31.36.0-255,66,149689,15,216572
6280,0.001795,74.125.24.0-255,5738,155427,15,216572
6281,0.001798,172.31.36.0-255,66,155493,15,216572
6282,0.001809,172.31.36.0-255,66,155559,15,216572
6283,0.002051,74.125.24.0-255,1484,157043,15,216572
6284,0.002055,74.125.24.0-255,1484,158527,15,216572
6285,0.002058,172.31.36.0-255,66,158593,15,216572
6286,0.002085,74.125.24.0-255,1484,160077,15,216572
6287,0.002089,74.125.24.0-255,2902,162979,15,216572
6288,0.002091,172.31.36.0-255,66,163045,15,216572
6289,0.002098,74.125.24.0-255,7156,170201,15,216572
6290,0.0021,172.31.36.0-255,66,170267,15,216572
6291,0.002135,74.125.24.0-255,5738,176005,15,216572
6292,0.002137,172.31.36.0-255,66,176071,15,216572
6293,0.002161,172.31.36.0-255,66,176137,15,216572
6294,0.002166,74.125.24.0-255,3602,179739,15,216572
6295,0.002168,172.31.36.0-255,66,179805,15,216572
6296,0.002218,74.125.24.0-255,1484,181289,15,216572
6297,0.002242,74.125.24.0-255,2902,184191,15,216572
6298,0.002246,172.31.36.0-255,66,184257,15,216572
6299,0.002252,74.125.24.0-255,5738,189995,15,216572
6300,0.002254,172.31.36.0-255,66,190061,15,216572
6301,0.00227,172.31.36.0-255,66,190127,15,216572
6302,0.002298,74.125.24.0-255,2902,193029,15,216572
6303,0.002301,172.31.36.0-255,66,193095,15,216572
6304,0.002312,172.31.36.0-255,66,193161,15,216572
6305,0.002315,74.125.24.0-255,1484,194645,15,216572
6306,0.002357,172.31.36.0-255,66,194711,15,216572
6307,0.002373,172.31.36.0-255,66,194777,15,216572
6308,0.00241,172.31.36.0-255,66,194843,15,216572
6309,0.002429,74.125.24.0-255,6438,201281,15,216572
6310,0.002432,172.31.36.0-255,66,201347,15,216572
6311,0.002463,74.125.24.0-255,4320,205667,15,216572
6312,0.002466,172.31.36.0-255,66,205733,15,216572
6313,0.002503,172.31.36.0-255,66,205799,15,216572
6314,0.002509,74.125.24.0-255,5020,210819,15,216572
6315,0.002511,172.31.36.0-255,66,210885,15,216572
6316,0.002524,172.31.36.0-255,66,210951,15,216572
6317,0.002565,172.31.36.0-255,66,211017,15,216572
6318,0.002568,74.125.24.0-255,807,211824,15,216572
6319,0.002571,74.125.24.0-255,105,211929,15,216572
6320,0.013688,74.125.24.0-255,105,212034,15,216572
6321,0.013707,172.31.36.0-255,78,212112,15,216572
6322,0.014843,172.31.36.0-255,105,212217,15,216572
6323,0.017395,74.125.24.0-255,66,212283,15,216572
6324,0.03714,172.31.36.0-255,172,212455,15,216572
6325,0.037173,172.31.36.0-255,1110,213565,15,216572
6326,0.037244,172.31.36.0-255,1514,215079,15,216572
6327,0.037246,172.31.36.0-255,1295,216374,15,216572
6328,0.038658,104.244.42.0-255,66,216440,15,216572
6329,0.038809,104.244.42.0-255,66,216506,15,216572
6330,0.038813,104.244.42.0-255,66,216572,15,216572
6331,0.0,74.125.24.0-255,143,143,15,315823
6332,2.7e-05,172.31.36.0-255,66,209,15,315823
6333,3.4e-05,74.125.24.0-255,1484,1693,15,315823
6334,3.9e-05,172.31.36.0-255,66,1759,15,315823
6335,4.3e-05,74.125.24.0-255,2902,4661,15,315823
6336,5.5e-05,172.31.36.0-255,66,4727,15,315823
6337,6.1e-05,74.125.24.0-255,4320,9047,15,315823
6338,6.4e-05,172.31.36.0-255,66,9113,15,315823
6339,6.9e-05,74.125.24.0-255,4846,13959,15,315823
6340,7.2e-05,172.31.36.0-255,66,14025,15,315823
6341,0.000116,172.31.36.0-255,66,14091,15,315823
6342,0.000139,74.125.24.0-255,1484,15575,15,315823
6343,0.000142,172.31.36.0-255,66,15641,15,315823
6344,0.000175,74.125.24.0-255,5379,21020,15,315823
6345,0.000177,172.31.36.0-255,66,21086,15,315823
6346,0.000417,74.125.24.0-255,1484,22570,15,315823
6347,0.000422,172.31.36.0-255,66,22636,15,315823
6348,0.000428,74.125.24.0-255,2902,25538,15,315823
6349,0.000432,172.31.36.0-255,66,25604,15,315823
6350,0.000433,74.125.24.0-255,5738,31342,15,315823
6351,0.000436,172.31.36.0-255,66,31408,15,315823
6352,0.00047,74.125.24.0-255,4320,35728,15,315823
6353,0.000474,172.31.36.0-255,66,35794,15,315823
6354,0.000496,74.125.24.0-255,6797,42591,15,315823
6355,0.000499,172.31.36.0-255,66,42657,15,315823
6356,0.000513,172.31.36.0-255,66,42723,15,315823
6357,0.000516,74.125.24.0-255,1432,44155,15,315823
6358,0.000518,172.31.36.0-255,66,44221,15,315823
6359,0.00055,74.125.24.0-255,378,44599,15,315823
6360,0.000554,172.31.36.0-255,66,44665,15,315823
6361,0.000709,74.125.24.0-255,1484,46149,15,315823
6362,0.000716,74.125.24.0-255,2902,49051,15,315823
6363,0.000719,172.31.36.0-255,66,49117,15,315823
6364,0.000745,74.125.24.0-255,5738,54855,15,315823
6365,0.000749,172.31.36.0-255,66,54921,15,315823
6366,0.000778,172.31.36.0-255,66,54987,15,315823
6367,0.000786,74.125.24.0-255,7156,62143,15,315823
6368,0.000788,172.31.36.0-255,66,62209,15,315823
6369,0.000832,74.125.24.0-255,3602,65811,15,315823
6370,0.000836,172.31.36.0-255,66,65877,15,315823
6371,0.001684,74.125.24.0-255,1484,67361,15,315823
6372,0.001695,74.125.24.0-255,2902,70263,15,315823
6373,0.001699,172.31.36.0-255,66,70329,15,315823
6374,0.001707,74.125.24.0-255,5738,76067,15,315823
6375,0.001709,172.31.36.0-255,66,76133,15,315823
6376,0.001745,74.125.24.0-255,4320,80453,15,315823
6377,0.001747,172.31.36.0-255,66,80519,15,315823
6378,0.001782,172.31.36.0-255,66,80585,15,315823
6379,0.001806,172.31.36.0-255,66,80651,15,315823
6380,0.001829,74.125.24.0-255,2184,82835,15,315823
6381,0.001831,172.31.36.0-255,66,82901,15,315823
6382,0.001996,74.125.24.0-255,1484,84385,15,315823
6383,0.002003,74.125.24.0-255,2902,87287,15,315823
6384,0.002006,172.31.36.0-255,66,87353,15,315823
6385,0.002034,74.125.24.0-255,5738,93091,15,315823
6386,0.002036,172.31.36.0-255,66,93157,15,315823
6387,0.002042,74.125.24.0-255,4320,97477,15,315823
6388,0.002044,172.31.36.0-255,66,97543,15,315823
6389,0.002077,172.31.36.0-255,66,97609,15,315823
6390,0.002089,172.31.36.0-255,66,97675,15,315823
6391,0.002197,74.125.24.0-255,1484,99159,15,315823
6392,0.002202,74.125.24.0-255,2902,102061,15,315823
6393,0.002205,172.31.36.0-255,66,102127,15,315823
6394,0.002234,74.125.24.0-255,5738,107865,15,315823
6395,0.002237,172.31.36.0-255,66,107931,15,315823
6396,0.002287,172.31.36.0-255,66,107997,15,315823
6397,0.002333,74.125.24.0-255,2902,110899,15,315823
6398,0.002335,172.31.36.0-255,66,110965,15,315823
6399,0.002362,74.125.24.0-255,7156,118121,15,315823
6400,0.002365,172.31.36.0-255,66,118187,15,315823
6401,0.002371,74.125.24.0-255,5020,123207,15,315823
6402,0.002374,172.31.36.0-255,66,123273,15,315823
6403,0.002524,74.125.24.0-255,1484,124757,15,315823
6404,0.002529,74.125.24.0-255,2902,127659,15,315823
6405,0.002532,172.31.36.0-255,66,127725,15,315823
6406,0.002536,74.125.24.0-255,1484,129209,15,315823
6407,0.002561,74.125.24.0-255,4320,133529,15,315823
6408,0.002563,172.31.36.0-255,66,133595,15,315823
6409,0.002573,172.31.36.0-255,66,133661,15,315823
6410,0.002599,74.125.24.0-255,4320,137981,15,315823
6411,0.002601,172.31.36.0-255,66,138047,15,315823
6412,0.002623,74.125.24.0-255,7156,145203,15,315823
6413,0.002625,172.31.36.0-255,66,145269,15,315823
6414,0.002653,74.125.24.0-255,3602,148871,15,315823
6415,0.002656,172.31.36.0-255,66,148937,15,315823
6416,0.005239,74.125.24.0-255,1484,150421,15,315823
6417,0.005263,74.125.24.0-255,4320,154741,15,315823
6418,0.005267,172.31.36.0-255,66,154807,15,315823
6419,0.00788,74.125.24.0-255,5738,160545,15,315823
6420,0.007888,172.31.36.0-255,66,160611,15,315823
6421,0.010508,74.125.24.0-255,5738,166349,15,315823
6422,0.010517,172.31.36.0-255,66,166415,15,315823
6423,0.013161,74.125.24.0-255,5738,172153,15,315823
6424,0.013169,172.31.36.0-255,66,172219,15,315823
6425,0.015796,74.125.24.0-255,5738,177957,15,315823
6426,0.015806,172.31.36.0-255,66,178023,15,315823
6427,0.018424,74.125.24.0-255,5738,183761,15,315823
6428,0.018432,172.31.36.0-255,66,183827,15,315823
6429,0.02106,74.125.24.0-255,5738,189565,15,315823
6430,0.021072,172.31.36.0-255,66,189631,15,315823
6431,0.0237,74.125.24.0-255,5738,195369,15,315823
6432,0.023709,172.31.36.0-255,66,195435,15,315823
6433,0.026329,74.125.24.0-255,5738,201173,15,315823
6434,0.02634,172.31.36.0-255,66,201239,15,315823
6435,0.028511,172.31.36.0-255,172,201411,15,315823
6436,0.028557,172.31.36.0-255,1106,202517,15,315823
6437,0.028627,172.31.36.0-255,1514,204031,15,315823
6438,0.028629,172.31.36.0-255,1299,205330,15,315823
6439,0.028977,74.125.24.0-255,5738,211068,15,315823
6440,0.028983,172.31.36.0-255,66,211134,15,315823
6441,0.030016,104.244.42.0-255,66,211200,15,315823
6442,0.030084,104.244.42.0-255,66,211266,15,315823
6443,0.030187,104.244.42.0-255,66,211332,15,315823
6444,0.031595,74.125.24.0-255,5738,217070,15,315823
6445,0.031601,172.31.36.0-255,66,217136,15,315823
6446,0.034203,74.125.24.0-255,2902,220038,15,315823
6447,0.034209,172.31.36.0-255,66,220104,15,315823
6448,0.03424,74.125.24.0-255,2902,223006,15,315823
6449,0.034244,172.31.36.0-255,66,223072,15,315823
6450,0.036828,74.125.24.0-255,2902,225974,15,315823
6451,0.036833,172.31.36.0-255,66,226040,15,315823
6452,0.03687,74.125.24.0-255,2902,228942,15,315823
6453,0.036873,172.31.36.0-255,66,229008,15,315823
6454,0.039433,74.125.24.0-255,2902,231910,15,315823
6455,0.039438,172.31.36.0-255,66,231976,15,315823
6456,0.039481,74.125.24.0-255,2902,234878,15,315823
6457,0.039485,172.31.36.0-255,66,234944,15,315823
6458,0.042083,74.125.24.0-255,5738,240682,15,315823
6459,0.042102,172.31.36.0-255,66,240748,15,315823
6460,0.044714,74.125.24.0-255,2902,243650,15,315823
6461,0.044719,172.31.36.0-255,66,243716,15,315823
6462,0.044753,74.125.24.0-255,2902,246618,15,315823
6463,0.044757,172.31.36.0-255,66,246684,15,315823
6464,0.047325,74.125.24.0-255,2902,249586,15,315823
6465,0.047331,172.31.36.0-255,66,249652,15,315823
6466,0.047357,74.125.24.0-255,2902,252554,15,315823
6467,0.04736,172.31.36.0-255,66,252620,15,315823
6468,0.049952,74.125.24.0-255,5738,258358,15,315823
6469,0.049958,172.31.36.0-255,66,258424,15,315823
6470,0.052573,74.125.24.0-255,5738,264162,15,315823
6471,0.052579,172.31.36.0-255,66,264228,15,315823
6472,0.055177,74.125.24.0-255,5738,269966,15,315823
6473,0.055182,172.31.36.0-255,66,270032,15,315823
6474,0.057786,74.125.24.0-255,4320,274352,15,315823
6475,0.057792,172.31.36.0-255,66,274418,15,315823
6476,0.057827,74.125.24.0-255,1484,275902,15,315823
6477,0.060396,74.125.24.0-255,4320,280222,15,315823
6478,0.060402,172.31.36.0-255,66,280288,15,315823
6479,0.063004,74.125.24.0-255,5738,286026,15,315823
6480,0.063009,172.31.36.0-255,66,286092,15,315823
6481,0.065637,74.125.24.0-255,5738,291830,15,315823
6482,0.065644,172.31.36.0-255,66,291896,15,315823
6483,0.068268,74.125.24.0-255,5738,297634,15,315823
6484,0.068273,172.31.36.0-255,66,297700,15,315823
6485,0.070867,74.125.24.0-255,5738,303438,15,315823
6486,0.070872,172.31.36.0-255,66,303504,15,315823
6487,0.073482,74.125.24.0-255,5738,309242,15,315823
6488,0.073487,172.31.36.0-255,66,309308,15,315823
6489,0.076095,74.125.24.0-255,5738,315046,15,315823
6490,0.076101,172.31.36.0-255,66,315112,15,315823
6491,0.078698,74.125.24.0-255,474,315586,15,315823
6492,0.078838,172.31.36.0-255,66,315652,15,315823
6493,0.078864,172.31.36.0-255,105,315757,15,315823
6494,0.081448,74.125.24.0-255,66,315823,15,315823
6495,0.0,172.217.194.0-255,304,304,15,311083
6496,3.5e-05,172.31.36.0-255,66,370,15,311083
6497,4.2e-05,172.217.194.0-255,1484,1854,15,311083
6498,4.6e-05,172.31.36.0-255,66,1920,15,311083
6499,5.2e-05,172.217.194.0-255,2902,4822,15,311083
6500,5.4e-05,172.31.36.0-255,66,4888,15,311083
6501,7.4e-05,172.217.194.0-255,1484,6372,15,311083
6502,7.6e-05,172.31.36.0-255,66,6438,15,311083
6503,8.1e-05,172.217.194.0-255,2902,9340,15,311083
6504,8.3e-05,172.31.36.0-255,66,9406,15,311083
6505,0.000106,172.217.194.0-255,4667,14073,15,311083
6506,0.000109,172.31.36.0-255,66,14139,15,311083
6507,0.000119,172.31.36.0-255,66,14205,15,311083
6508,0.000141,172.31.36.0-255,66,14271,15,311083
6509,0.000787,172.217.194.0-255,1484,15755,15,311083
6510,0.000793,172.31.36.0-255,66,15821,15,311083
6511,0.000802,172.217.194.0-255,2902,18723,15,311083
6512,0.000806,172.31.36.0-255,66,18789,15,311083
6513,0.00081,172.217.194.0-255,1484,20273,15,311083
6514,0.000812,172.31.36.0-255,66,20339,15,311083
6515,0.000836,172.217.194.0-255,4320,24659,15,311083
6516,0.000839,172.31.36.0-255,66,24725,15,311083
6517,0.000844,172.217.194.0-255,4320,29045,15,311083
6518,0.000846,172.31.36.0-255,66,29111,15,311083
6519,0.00087,172.31.36.0-255,66,29177,15,311083
6520,0.000892,172.217.194.0-255,1484,30661,15,311083
6521,0.000895,172.31.36.0-255,66,30727,15,311083
6522,0.000924,172.31.36.0-255,66,30793,15,311083
6523,0.001028,172.217.194.0-255,645,31438,15,311083
6524,0.001069,172.217.194.0-255,1484,32922,15,311083
6525,0.001073,172.31.36.0-255,66,32988,15,311083
6526,0.001097,172.217.194.0-255,4320,37308,15,311083
6527,0.001101,172.31.36.0-255,66,37374,15,311083
6528,0.001105,172.217.194.0-255,2902,40276,15,311083
6529,0.00111,172.31.36.0-255,66,40342,15,311083
6530,0.001131,172.31.36.0-255,66,40408,15,311083
6531,0.001147,172.217.194.0-255,1484,41892,15,311083
6532,0.001167,172.217.194.0-255,4320,46212,15,311083
6533,0.001171,172.31.36.0-255,66,46278,15,311083
6534,0.001201,172.31.36.0-255,66,46344,15,311083
6535,0.00122,172.217.194.0-255,2184,48528,15,311083
6536,0.001222,172.31.36.0-255,66,48594,15,311083
6537,0.00143,172.217.194.0-255,1484,50078,15,311083
6538,0.001455,172.217.194.0-255,2902,52980,15,311083
6539,0.001457,172.217.194.0-255,1484,54464,15,311083
6540,0.001459,172.31.36.0-255,66,54530,15,311083
6541,0.001478,172.217.194.0-255,2902,57432,15,311083
6542,0.001481,172.31.36.0-255,66,57498,15,311083
6543,0.001505,172.217.194.0-255,2902,60400,15,311083
6544,0.001508,172.31.36.0-255,66,60466,15,311083
6545,0.001513,172.217.194.0-255,5738,66204,15,311083
6546,0.001515,172.31.36.0-255,66,66270,15,311083
6547,0.001531,172.217.194.0-255,5738,72008,15,311083
6548,0.001534,172.31.36.0-255,66,72074,15,311083
6549,0.001556,172.217.194.0-255,1484,73558,15,311083
6550,0.001573,172.217.194.0-255,7156,80714,15,311083
6551,0.001577,172.31.36.0-255,66,80780,15,311083
6552,0.001588,172.217.194.0-255,6438,87218,15,311083
6553,0.001591,172.31.36.0-255,66,87284,15,311083
6554,0.001595,172.217.194.0-255,2902,90186,15,311083
6555,0.001597,172.31.36.0-255,66,90252,15,311083
6556,0.001636,172.31.36.0-255,66,90318,15,311083
6557,0.001643,172.217.194.0-255,7156,97474,15,311083
6558,0.001646,172.31.36.0-255,66,97540,15,311083
6559,0.001678,172.31.36.0-255,66,97606,15,311083
6560,0.001774,172.217.194.0-255,1484,99090,15,311083
6561,0.00179,172.217.194.0-255,1484,100574,15,311083
6562,0.001795,172.31.36.0-255,66,100640,15,311083
6563,0.001803,172.217.194.0-255,1484,102124,15,311083
6564,0.001832,172.217.194.0-255,5738,107862,15,311083
6565,0.001836,172.31.36.0-255,66,107928,15,311083
6566,0.001867,172.31.36.0-255,66,107994,15,311083
6567,0.00187,172.217.194.0-255,1484,109478,15,311083
6568,0.001898,172.31.36.0-255,66,109544,15,311083
6569,0.004014,172.217.194.0-255,5738,115282,15,311083
6570,0.004024,172.31.36.0-255,66,115348,15,311083
6571,0.006125,172.217.194.0-255,5738,121086,15,311083
6572,0.006131,172.31.36.0-255,66,121152,15,311083
6573,0.008269,172.217.194.0-255,5738,126890,15,311083
6574,0.008278,172.31.36.0-255,66,126956,15,311083
6575,0.010406,172.217.194.0-255,5738,132694,15,311083
6576,0.010415,172.31.36.0-255,66,132760,15,311083
6577,0.012559,172.217.194.0-255,5738,138498,15,311083
6578,0.012567,172.31.36.0-255,66,138564,15,311083
6579,0.0147,172.217.194.0-255,5738,144302,15,311083
6580,0.014711,172.31.36.0-255,66,144368,15,311083
6581,0.016849,172.217.194.0-255,5738,150106,15,311083
6582,0.016858,172.31.36.0-255,66,150172,15,311083
6583,0.018986,172.217.194.0-255,5738,155910,15,311083
6584,0.018994,172.31.36.0-255,66,155976,15,311083
6585,0.021133,172.217.194.0-255,4320,160296,15,311083
6586,0.021142,172.31.36.0-255,66,160362,15,311083
6587,0.021162,172.217.194.0-255,1484,161846,15,311083
6588,0.023265,172.217.194.0-255,4320,166166,15,311083
6589,0.023274,172.31.36.0-255,66,166232,15,311083
6590,0.025383,172.217.194.0-255,5738,171970,15,311083
6591,0.025394,172.31.36.0-255,66,172036,15,311083
6592,0.027532,172.217.194.0-255,5738,177774,15,311083
6593,0.027541,172.31.36.0-255,66,177840,15,311083
6594,0.029689,172.217.194.0-255,5738,183578,15,311083
6595,0.029704,172.31.36.0-255,66,183644,15,311083
6596,0.031826,172.217.194.0-255,5738,189382,15,311083
6597,0.031837,172.31.36.0-255,66,189448,15,311083
6598,0.033971,172.217.194.0-255,5738,195186,15,311083
6599,0.033984,172.31.36.0-255,66,195252,15,311083
6600,0.036101,172.217.194.0-255,5738,200990,15,311083
6601,0.036109,172.31.36.0-255,66,201056,15,311083
6602,0.037018,172.31.36.0-255,167,201223,15,311083
6603,0.037062,172.31.36.0-255,1110,202333,15,311083
6604,0.037137,172.31.36.0-255,1514,203847,15,311083
6605,0.037139,172.31.36.0-255,1295,205142,15,311083
6606,0.038253,172.217.194.0-255,4320,209462,15,311083
6607,0.038261,172.31.36.0-255,66,209528,15,311083
6608,0.038284,172.217.194.0-255,1484,211012,15,311083
6609,0.038693,104.244.42.0-255,66,211078,15,311083
6610,0.038723,104.244.42.0-255,66,211144,15,311083
6611,0.038788,104.244.42.0-255,66,211210,15,311083
6612,0.040353,172.217.194.0-255,4320,215530,15,311083
6613,0.04036,172.31.36.0-255,66,215596,15,311083
6614,0.04247,172.217.194.0-255,5738,221334,15,311083
6615,0.042479,172.31.36.0-255,66,221400,15,311083
6616,0.044614,172.217.194.0-255,5738,227138,15,311083
6617,0.044622,172.31.36.0-255,66,227204,15,311083
6618,0.046744,172.217.194.0-255,5738,232942,15,311083
6619,0.04675,172.31.36.0-255,66,233008,15,311083
6620,0.048845,172.217.194.0-255,4320,237328,15,311083
6621,0.048851,172.31.36.0-255,66,237394,15,311083
6622,0.048866,172.217.194.0-255,1484,238878,15,311083
6623,0.050983,172.217.194.0-255,2902,241780,15,311083
6624,0.050989,172.31.36.0-255,66,241846,15,311083
6625,0.051022,172.217.194.0-255,1484,243330,15,311083
6626,0.053078,172.217.194.0-255,4320,247650,15,311083
6627,0.053083,172.31.36.0-255,66,247716,15,311083
6628,0.0552,172.217.194.0-255,5738,253454,15,311083
6629,0.055206,172.31.36.0-255,66,253520,15,311083
6630,0.057301,172.217.194.0-255,5738,259258,15,311083
6631,0.057307,172.31.36.0-255,66,259324,15,311083
6632,0.059408,172.217.194.0-255,5738,265062,15,311083
6633,0.059413,172.31.36.0-255,66,265128,15,311083
6634,0.061532,172.217.194.0-255,5738,270866,15,311083
6635,0.061538,172.31.36.0-255,66,270932,15,311083
6636,0.063647,172.217.194.0-255,5738,276670,15,311083
6637,0.063652,172.31.36.0-255,66,276736,15,311083
6638,0.065765,172.217.194.0-255,4320,281056,15,311083
6639,0.065769,172.31.36.0-255,66,281122,15,311083
6640,0.065801,172.217.194.0-255,1484,282606,15,311083
6641,0.067877,172.217.194.0-255,4320,286926,15,311083
6642,0.067882,172.31.36.0-255,66,286992,15,311083
6643,0.069965,172.217.194.0-255,5738,292730,15,311083
6644,0.069971,172.31.36.0-255,66,292796,15,311083
6645,0.072085,172.217.194.0-255,5738,298534,15,311083
6646,0.07209,172.31.36.0-255,66,298600,15,311083
6647,0.074211,172.217.194.0-255,5738,304338,15,311083
6648,0.074217,172.31.36.0-255,66,304404,15,311083
6649,0.076299,172.217.194.0-255,5738,310142,15,311083
6650,0.076305,172.31.36.0-255,66,310208,15,311083
6651,0.078399,172.217.194.0-255,638,310846,15,311083
6652,0.078533,172.31.36.0-255,66,310912,15,311083
6653,0.07856,172.31.36.0-255,105,311017,15,311083
6654,0.080608,172.217.194.0-255,66,311083,15,311083
6655,0.0,172.217.27.0-255,219,219,15,378154
6656,2.3e-05,172.31.36.0-255,66,285,15,378154
6657,3e-05,172.217.27.0-255,1484,1769,15,378154
6658,3.4e-05,172.31.36.0-255,66,1835,15,378154
6659,5e-05,172.217.27.0-255,4320,6155,15,378154
6660,5.3e-05,172.31.36.0-255,66,6221,15,378154
6661,6.6e-05,172.31.36.0-255,66,6287,15,378154
6662,0.000564,172.217.27.0-255,1484,7771,15,378154
6663,0.000571,172.31.36.0-255,66,7837,15,378154
6664,0.000578,172.217.27.0-255,2902,10739,15,378154
6665,0.00058,172.31.36.0-255,66,10805,15,378154
6666,0.000592,172.217.27.0-255,5738,16543,15,378154
6667,0.000595,172.31.36.0-255,66,16609,15,378154
6668,0.000632,172.217.27.0-255,6797,23406,15,378154
6669,0.000636,172.31.36.0-255,66,23472,15,378154
6670,0.000642,172.217.27.0-255,5738,29210,15,378154
6671,0.000645,172.31.36.0-255,66,29276,15,378154
6672,0.000676,172.217.27.0-255,1484,30760,15,378154
6673,0.000679,172.31.36.0-255,66,30826,15,378154
6674,0.000696,172.31.36.0-255,66,30892,15,378154
6675,0.000699,172.217.27.0-255,1484,32376,15,378154
6676,0.000701,172.31.36.0-255,66,32442,15,378154
6677,0.000706,172.217.27.0-255,2902,35344,15,378154
6678,0.000709,172.31.36.0-255,66,35410,15,378154
6679,0.000746,172.217.27.0-255,5738,41148,15,378154
6680,0.000749,172.31.36.0-255,66,41214,15,378154
6681,0.000758,172.217.27.0-255,6797,48011,15,378154
6682,0.00076,172.31.36.0-255,66,48077,15,378154
6683,0.000792,172.217.27.0-255,362,48439,15,378154
6684,0.000794,172.31.36.0-255,66,48505,15,378154
6685,0.001146,172.217.27.0-255,135,48640,15,378154
6686,0.001256,172.31.36.0-255,66,48706,15,378154
6687,0.001278,172.217.27.0-255,1484,50190,15,378154
6688,0.001283,172.217.27.0-255,1484,51674,15,378154
6689,0.001286,172.31.36.0-255,66,51740,15,378154
6690,0.001314,172.217.27.0-255,1484,53224,15,378154
6691,0.001321,172.217.27.0-255,5738,58962,15,378154
6692,0.001323,172.31.36.0-255,66,59028,15,378154
6693,0.001331,172.217.27.0-255,6797,65825,15,378154
6694,0.001333,172.31.36.0-255,66,65891,15,378154
6695,0.001364,172.217.27.0-255,7156,73047,15,378154
6696,0.001366,172.31.36.0-255,66,73113,15,378154
6697,0.001406,172.31.36.0-255,66,73179,15,378154
6698,0.001409,172.217.27.0-255,1125,74304,15,378154
6699,0.001575,172.31.36.0-255,101,74405,15,378154
6700,0.003036,172.217.27.0-255,4320,78725,15,378154
6701,0.003044,172.31.36.0-255,66,78791,15,378154
6702,0.003186,172.217.27.0-255,1484,80275,15,378154
6703,0.004667,172.217.27.0-255,4320,84595,15,378154
6704,0.00467,172.31.36.0-255,66,84661,15,378154
6705,0.006324,172.217.27.0-255,5738,90399,15,378154
6706,0.006331,172.31.36.0-255,66,90465,15,378154
6707,0.007975,172.217.27.0-255,5738,96203,15,378154
6708,0.007982,172.31.36.0-255,66,96269,15,378154
6709,0.009614,172.217.27.0-255,5738,102007,15,378154
6710,0.00962,172.31.36.0-255,66,102073,15,378154
6711,0.011268,172.217.27.0-255,5738,107811,15,378154
6712,0.011279,172.31.36.0-255,66,107877,15,378154
6713,0.012912,172.217.27.0-255,5738,113615,15,378154
6714,0.01292,172.31.36.0-255,66,113681,15,378154
6715,0.014553,172.217.27.0-255,5738,119419,15,378154
6716,0.014562,172.31.36.0-255,66,119485,15,378154
6717,0.016194,172.217.27.0-255,5738,125223,15,378154
6718,0.016201,172.31.36.0-255,66,125289,15,378154
6719,0.017828,172.217.27.0-255,5738,131027,15,378154
6720,0.017835,172.31.36.0-255,66,131093,15,378154
6721,0.019464,172.217.27.0-255,5738,136831,15,378154
6722,0.01947,172.31.36.0-255,66,136897,15,378154
6723,0.0211,172.217.27.0-255,5738,142635,15,378154
6724,0.021108,172.31.36.0-255,66,142701,15,378154
6725,0.022748,172.217.27.0-255,5738,148439,15,378154
6726,0.022756,172.31.36.0-255,66,148505,15,378154
6727,0.02439,172.217.27.0-255,5738,154243,15,378154
6728,0.024397,172.31.36.0-255,66,154309,15,378154
6729,0.026032,172.217.27.0-255,5738,160047,15,378154
6730,0.02604,172.31.36.0-255,66,160113,15,378154
6731,0.027668,172.217.27.0-255,5738,165851,15,378154
6732,0.027675,172.31.36.0-255,66,165917,15,378154
6733,0.029312,172.217.27.0-255,5738,171655,15,378154
6734,0.029319,172.31.36.0-255,66,171721,15,378154
6735,0.030952,172.217.27.0-255,5738,177459,15,378154
6736,0.030959,172.31.36.0-255,66,177525,15,378154
6737,0.032599,172.217.27.0-255,5738,183263,15,378154
6738,0.032607,172.31.36.0-255,66,183329,15,378154
6739,0.034242,172.217.27.0-255,5738,189067,15,378154
6740,0.034249,172.31.36.0-255,66,189133,15,378154
6741,0.035886,172.217.27.0-255,5738,194871,15,378154
6742,0.035896,172.31.36.0-255,66,194937,15,378154
6743,0.037531,172.217.27.0-255,5738,200675,15,378154
6744,0.037537,172.31.36.0-255,66,200741,15,378154
6745,0.039167,172.217.27.0-255,5738,206479,15,378154
6746,0.039174,172.31.36.0-255,66,206545,15,378154
6747,0.040821,172.217.27.0-255,5738,212283,15,378154
6748,0.040828,172.31.36.0-255,66,212349,15,378154
6749,0.042458,172.217.27.0-255,5738,218087,15,378154
6750,0.042467,172.31.36.0-255,66,218153,15,378154
6751,0.044105,172.217.27.0-255,5738,223891,15,378154
6752,0.044112,172.31.36.0-255,66,223957,15,378154
6753,0.044136,172.31.36.0-255,167,224124,15,378154
6754,0.044164,172.31.36.0-255,1106,225230,15,378154
6755,0.044227,172.31.36.0-255,1514,226744,15,378154
6756,0.044234,172.31.36.0-255,1299,228043,15,378154
6757,0.045677,104.244.42.0-255,66,228109,15,378154
6758,0.045685,104.244.42.0-255,66,228175,15,378154
6759,0.04575,172.217.27.0-255,2902,231077,15,378154
6760,0.045756,172.31.36.0-255,66,231143,15,378154
6761,0.045784,104.244.42.0-255,66,231209,15,378154
6762,0.045791,172.217.27.0-255,2902,234111,15,378154
6763,0.045798,172.31.36.0-255,66,234177,15,378154
6764,0.047401,172.217.27.0-255,2902,237079,15,378154
6765,0.047409,172.31.36.0-255,66,237145,15,378154
6766,0.047439,172.217.27.0-255,2902,240047,15,378154
6767,0.047442,172.31.36.0-255,66,240113,15,378154
6768,0.049048,172.217.27.0-255,2902,243015,15,378154
6769,0.049056,172.31.36.0-255,66,243081,15,378154
6770,0.049085,172.217.27.0-255,2902,245983,15,378154
6771,0.049088,172.31.36.0-255,66,246049,15,378154
6772,0.050699,172.217.27.0-255,5738,251787,15,378154
6773,0.050707,172.31.36.0-255,66,251853,15,378154
6774,0.052353,172.217.27.0-255,5738,257591,15,378154
6775,0.052359,172.31.36.0-255,66,257657,15,378154
6776,0.053995,172.217.27.0-255,5738,263395,15,378154
6777,0.054002,172.31.36.0-255,66,263461,15,378154
6778,0.055638,172.217.27.0-255,5738,269199,15,378154
6779,0.055645,172.31.36.0-255,66,269265,15,378154
6780,0.057286,172.217.27.0-255,5738,275003,15,378154
6781,0.057293,172.31.36.0-255,66,275069,15,378154
6782,0.058971,172.217.27.0-255,5738,280807,15,378154
6783,0.05898,172.31.36.0-255,66,280873,15,378154
6784,0.060619,172.217.27.0-255,5738,286611,15,378154
6785,0.060625,172.31.36.0-255,66,286677,15,378154
6786,0.06225,172.217.27.0-255,5738,292415,15,378154
6787,0.062256,172.31.36.0-255,66,292481,15,378154
6788,0.063907,172.217.27.0-255,5738,298219,15,378154
6789,0.063916,172.31.36.0-255,66,298285,15,378154
6790,0.065563,172.217.27.0-255,5738,304023,15,378154
6791,0.065569,172.31.36.0-255,66,304089,15,378154
6792,0.0672,172.217.27.0-255,5738,309827,15,378154
6793,0.067206,172.31.36.0-255,66,309893,15,378154
6794,0.068845,172.217.27.0-255,5738,315631,15,378154
6795,0.068852,172.31.36.0-255,66,315697,15,378154
6796,0.070502,172.217.27.0-255,5738,321435,15,378154
6797,0.070507,172.31.36.0-255,66,321501,15,378154
6798,0.072137,172.217.27.0-255,5738,327239,15,378154
6799,0.072142,172.31.36.0-255,66,327305,15,378154
6800,0.07378,172.217.27.0-255,5738,333043,15,378154
6801,0.073786,172.31.36.0-255,66,333109,15,378154
6802,0.075414,172.217.27.0-255,5738,338847,15,378154
6803,0.07542,172.31.36.0-255,66,338913,15,378154
6804,0.077054,172.217.27.0-255,5738,344651,15,378154
6805,0.077064,172.31.36.0-255,66,344717,15,378154
6806,0.078695,172.217.27.0-255,5738,350455,15,378154
6807,0.078701,172.31.36.0-255,66,350521,15,378154
6808,0.08033,172.217.27.0-255,5738,356259,15,378154
6809,0.080335,172.31.36.0-255,66,356325,15,378154
6810,0.081959,172.217.27.0-255,5738,362063,15,378154
6811,0.081965,172.31.36.0-255,66,362129,15,378154
6812,0.08359,172.217.27.0-255,5738,367867,15,378154
6813,0.083597,172.31.36.0-255,66,367933,15,378154
6814,0.085238,172.217.27.0-255,5738,373671,15,378154
6815,0.085244,172.31.36.0-255,66,373737,15,378154
6816,0.086867,172.217.27.0-255,4246,377983,15,378154
6817,0.086872,172.31.36.0-255,66,378049,15,378154
6818,0.087037,172.31.36.0-255,105,378154,15,378154
6819,0.0,74.125.130.0-255,153,153,15,375773
6820,1.6e-05,172.31.36.0-255,66,219,15,375773
6821,2.3e-05,74.125.130.0-255,1484,1703,15,375773
6822,2.8e-05,172.31.36.0-255,66,1769,15,375773
6823,3.3e-05,74.125.130.0-255,2902,4671,15,375773
6824,3.7e-05,172.31.36.0-255,66,4737,15,375773
6825,6.8e-05,74.125.130.0-255,5738,10475,15,375773
6826,7.2e-05,172.31.36.0-255,66,10541,15,375773
6827,0.000101,74.125.130.0-255,3455,13996,15,375773
6828,0.000103,172.31.36.0-255,66,14062,15,375773
6829,0.000147,74.125.130.0-255,1484,15546,15,375773
6830,0.00015,172.31.36.0-255,66,15612,15,375773
6831,0.000178,74.125.130.0-255,1484,17096,15,375773
6832,0.00018,172.31.36.0-255,66,17162,15,375773
6833,0.000199,74.125.130.0-255,1484,18646,15,375773
6834,0.000202,172.31.36.0-255,66,18712,15,375773
6835,0.000209,74.125.130.0-255,5738,24450,15,375773
6836,0.000211,172.31.36.0-255,66,24516,15,375773
6837,0.000216,74.125.130.0-255,4320,28836,15,375773
6838,0.000218,172.31.36.0-255,66,28902,15,375773
6839,0.000235,74.125.130.0-255,2543,31445,15,375773
6840,0.000237,172.31.36.0-255,66,31511,15,375773
6841,0.000373,74.125.130.0-255,1484,32995,15,375773
6842,0.000377,172.31.36.0-255,66,33061,15,375773
6843,0.000397,74.125.130.0-255,2902,35963,15,375773
6844,0.0004,172.31.36.0-255,66,36029,15,375773
6845,0.000406,74.125.130.0-255,4320,40349,15,375773
6846,0.000408,172.31.36.0-255,66,40415,15,375773
6847,0.000425,74.125.130.0-255,4320,44735,15,375773
6848,0.000428,172.31.36.0-255,66,44801,15,375773
6849,0.000445,74.125.130.0-255,1484,46285,15,375773
6850,0.000447,172.31.36.0-255,66,46351,15,375773
6851,0.000481,74.125.130.0-255,7156,53507,15,375773
6852,0.000493,172.31.36.0-255,66,53573,15,375773
6853,0.000497,74.125.130.0-255,2543,56116,15,375773
6854,0.000499,74.125.130.0-255,1484,57600,15,375773
6855,0.000546,172.31.36.0-255,66,57666,15,375773
6856,0.00119,74.125.130.0-255,377,58043,15,375773
6857,0.001233,74.125.130.0-255,1484,59527,15,375773
6858,0.001238,172.31.36.0-255,66,59593,15,375773
6859,0.001281,74.125.130.0-255,4320,63913,15,375773
6860,0.001285,172.31.36.0-255,66,63979,15,375773
6861,0.001304,74.125.130.0-255,4320,68299,15,375773
6862,0.001307,172.31.36.0-255,66,68365,15,375773
6863,0.001314,74.125.130.0-255,5738,74103,15,375773
6864,0.001316,172.31.36.0-255,66,74169,15,375773
6865,0.001334,74.125.130.0-255,7156,81325,15,375773
6866,0.001336,172.31.36.0-255,66,81391,15,375773
6867,0.001349,74.125.130.0-255,4320,85711,15,375773
6868,0.001351,172.31.36.0-255,66,85777,15,375773
6869,0.00138,74.125.130.0-255,6438,92215,15,375773
6870,0.001382,172.31.36.0-255,66,92281,15,375773
6871,0.001386,74.125.130.0-255,365,92646,15,375773
6872,0.00144,74.125.130.0-255,1484,94130,15,375773
6873,0.001444,172.31.36.0-255,66,94196,15,375773
6874,0.001451,74.125.130.0-255,4320,98516,15,375773
6875,0.001453,172.31.36.0-255,66,98582,15,375773
6876,0.001456,74.125.130.0-255,1484,100066,15,375773
6877,0.001478,74.125.130.0-255,4320,104386,15,375773
6878,0.001486,74.125.130.0-255,7156,111542,15,375773
6879,0.001512,74.125.130.0-255,2902,114444,15,375773
6880,0.001561,74.125.130.0-255,3602,118046,15,375773
6881,0.00209,74.125.130.0-255,1484,119530,15,375773
6882,0.002099,74.125.130.0-255,2902,122432,15,375773
6883,0.002125,74.125.130.0-255,4320,126752,15,375773
6884,0.002142,74.125.130.0-255,4320,131072,15,375773
6885,0.002156,74.125.130.0-255,1484,132556,15,375773
6886,0.002176,74.125.130.0-255,5738,138294,15,375773
6887,0.002189,74.125.130.0-255,5738,144032,15,375773
6888,0.002216,74.125.130.0-255,2902,146934,15,375773
6889,0.002235,74.125.130.0-255,5020,151954,15,375773
6890,0.002914,172.31.36.0-255,66,152020,15,375773
6891,0.005197,74.125.130.0-255,5738,157758,15,375773
6892,0.005202,172.31.36.0-255,66,157824,15,375773
6893,0.00748,74.125.130.0-255,5738,163562,15,375773
6894,0.007485,172.31.36.0-255,66,163628,15,375773
6895,0.00975,74.125.130.0-255,5738,169366,15,375773
6896,0.009758,172.31.36.0-255,66,169432,15,375773
6897,0.01203,74.125.130.0-255,5738,175170,15,375773
6898,0.012038,172.31.36.0-255,66,175236,15,375773
6899,0.014367,74.125.130.0-255,5738,180974,15,375773
6900,0.014378,172.31.36.0-255,66,181040,15,375773
6901,0.016643,74.125.130.0-255,5738,186778,15,375773
6902,0.016652,172.31.36.0-255,66,186844,15,375773
6903,0.01894,74.125.130.0-255,5738,192582,15,375773
6904,0.018949,172.31.36.0-255,66,192648,15,375773
6905,0.021231,74.125.130.0-255,4320,196968,15,375773
6906,0.02124,172.31.36.0-255,66,197034,15,375773
6907,0.021259,74.125.130.0-255,1484,198518,15,375773
6908,0.023514,74.125.130.0-255,4320,202838,15,375773
6909,0.023521,172.31.36.0-255,66,202904,15,375773
6910,0.025815,74.125.130.0-255,5738,208642,15,375773
6911,0.02582,172.31.36.0-255,66,208708,15,375773
6912,0.026547,172.31.36.0-255,172,208880,15,375773
6913,0.026579,172.31.36.0-255,1111,209991,15,375773
6914,0.02664,172.31.36.0-255,1514,211505,15,375773
6915,0.026642,172.31.36.0-255,1294,212799,15,375773
6916,0.028103,104.244.42.0-255,66,212865,15,375773
6917,0.02813,104.244.42.0-255,66,212931,15,375773
6918,0.028158,74.125.130.0-255,5738,218669,15,375773
6919,0.028163,172.31.36.0-255,66,218735,15,375773
6920,0.028206,104.244.42.0-255,66,218801,15,375773
6921,0.030447,74.125.130.0-255,5738,224539,15,375773
6922,0.030451,172.31.36.0-255,66,224605,15,375773
6923,0.032728,74.125.130.0-255,5738,230343,15,375773
6924,0.032735,172.31.36.0-255,66,230409,15,375773
6925,0.035004,74.125.130.0-255,2902,233311,15,375773
6926,0.035009,172.31.36.0-255,66,233377,15,375773
6927,0.035033,74.125.130.0-255,2902,236279,15,375773
6928,0.035037,172.31.36.0-255,66,236345,15,375773
6929,0.037281,74.125.130.0-255,2902,239247,15,375773
6930,0.037288,172.31.36.0-255,66,239313,15,375773
6931,0.037309,74.125.130.0-255,2902,242215,15,375773
6932,0.037311,172.31.36.0-255,66,242281,15,375773
6933,0.039564,74.125.130.0-255,5738,248019,15,375773
6934,0.039571,172.31.36.0-255,66,248085,15,375773
6935,0.041864,74.125.130.0-255,5738,253823,15,375773
6936,0.041875,172.31.36.0-255,66,253889,15,375773
6937,0.044156,74.125.130.0-255,5738,259627,15,375773
6938,0.044162,172.31.36.0-255,66,259693,15,375773
6939,0.046443,74.125.130.0-255,5738,265431,15,375773
6940,0.046449,172.31.36.0-255,66,265497,15,375773
6941,0.048736,74.125.130.0-255,5738,271235,15,375773
6942,0.048743,172.31.36.0-255,66,271301,15,375773
6943,0.051021,74.125.130.0-255,5738,277039,15,375773
6944,0.051027,172.31.36.0-255,66,277105,15,375773
6945,0.05331,74.125.130.0-255,5738,282843,15,375773
6946,0.053317,172.31.36.0-255,66,282909,15,375773
6947,0.055586,74.125.130.0-255,5738,288647,15,375773
6948,0.055592,172.31.36.0-255,66,288713,15,375773
6949,0.057879,74.125.130.0-255,5738,294451,15,375773
6950,0.057886,172.31.36.0-255,66,294517,15,375773
6951,0.060167,74.125.130.0-255,5738,300255,15,375773
6952,0.060175,172.31.36.0-255,66,300321,15,375773
6953,0.062462,74.125.130.0-255,5738,306059,15,375773
6954,0.062468,172.31.36.0-255,66,306125,15,375773
6955,0.064752,74.125.130.0-255,5738,311863,15,375773
6956,0.064759,172.31.36.0-255,66,311929,15,375773
6957,0.06704,74.125.130.0-255,5738,317667,15,375773
6958,0.067048,172.31.36.0-255,66,317733,15,375773
6959,0.069334,74.125.130.0-255,5738,323471,15,375773
6960,0.06934,172.31.36.0-255,66,323537,15,375773
6961,0.071614,74.125.130.0-255,5738,329275,15,375773
6962,0.071621,172.31.36.0-255,66,329341,15,375773
6963,0.073907,74.125.130.0-255,5738,335079,15,375773
6964,0.073914,172.31.36.0-255,66,335145,15,375773
6965,0.076202,74.125.130.0-255,5738,340883,15,375773
6966,0.076208,172.31.36.0-255,66,340949,15,375773
6967,0.078484,74.125.130.0-255,5738,346687,15,375773
6968,0.078491,172.31.36.0-255,66,346753,15,375773
6969,0.080765,74.125.130.0-255,5738,352491,15,375773
6970,0.080772,172.31.36.0-255,66,352557,15,375773
6971,0.083037,74.125.130.0-255,5738,358295,15,375773
6972,0.083044,172.31.36.0-255,66,358361,15,375773
6973,0.085318,74.125.130.0-255,5738,364099,15,375773
6974,0.085324,172.31.36.0-255,66,364165,15,375773
6975,0.087634,74.125.130.0-255,5738,369903,15,375773
6976,0.087641,172.31.36.0-255,66,369969,15,375773
6977,0.089921,74.125.130.0-255,5738,375707,15,375773
6978,0.089927,172.31.36.0-255,66,375773,15,375773
6979,0.0,172.217.194.0-255,199,199,15,242970
6980,2.1e-05,172.217.194.0-255,1484,1683,15,242970
6981,3.3e-05,172.31.36.0-255,66,1749,15,242970
6982,4.2e-05,172.217.194.0-255,2902,4651,15,242970
6983,4.6e-05,172.31.36.0-255,66,4717,15,242970
6984,5.2e-05,172.217.194.0-255,4320,9037,15,242970
6985,5.6e-05,172.31.36.0-255,66,9103,15,242970
6986,6.9e-05,172.31.36.0-255,66,9169,15,242970
6987,7.4e-05,172.217.194.0-255,2902,12071,15,242970
6988,7.7e-05,172.31.36.0-255,66,12137,15,242970
6989,0.000116,172.31.36.0-255,66,12203,15,242970
6990,0.000134,172.217.194.0-255,1484,13687,15,242970
6991,0.000153,172.217.194.0-255,2902,16589,15,242970
6992,0.000155,172.31.36.0-255,66,16655,15,242970
6993,0.00016,172.217.194.0-255,2902,19557,15,242970
6994,0.000162,172.31.36.0-255,66,19623,15,242970
6995,0.000188,172.217.194.0-255,2902,22525,15,242970
6996,0.000191,172.31.36.0-255,66,22591,15,242970
6997,0.000198,172.217.194.0-255,6797,29388,15,242970
6998,0.000201,172.31.36.0-255,66,29454,15,242970
6999,0.000207,172.217.194.0-255,4320,33774,15,242970
7000,0.000209,172.31.36.0-255,66,33840,15,242970
7001,0.000228,172.217.194.0-255,2902,36742,15,242970
7002,0.000231,172.31.36.0-255,66,36808,15,242970
7003,0.000238,172.217.194.0-255,7156,43964,15,242970
7004,0.00024,172.31.36.0-255,66,44030,15,242970
7005,0.000259,172.217.194.0-255,2543,46573,15,242970
7006,0.000261,172.31.36.0-255,66,46639,15,242970
7007,0.000413,172.217.194.0-255,645,47284,15,242970
7008,0.00054,172.217.194.0-255,1484,48768,15,242970
7009,0.000545,172.31.36.0-255,66,48834,15,242970
7010,0.00056,172.217.194.0-255,2902,51736,15,242970
7011,0.000563,172.31.36.0-255,66,51802,15,242970
7012,0.000589,172.217.194.0-255,5738,57540,15,242970
7013,0.000593,172.31.36.0-255,66,57606,15,242970
7014,0.0006,172.217.194.0-255,5738,63344,15,242970
7015,0.000602,172.31.36.0-255,66,63410,15,242970
7016,0.000618,172.217.194.0-255,5738,69148,15,242970
7017,0.000622,172.31.36.0-255,66,69214,15,242970
7018,0.000641,172.217.194.0-255,4320,73534,15,242970
7019,0.000645,172.31.36.0-255,66,73600,15,242970
7020,0.000676,172.31.36.0-255,66,73666,15,242970
7021,0.00085,172.217.194.0-255,1484,75150,15,242970
7022,0.000856,172.217.194.0-255,2902,78052,15,242970
7023,0.000859,172.31.36.0-255,66,78118,15,242970
7024,0.00088,172.217.194.0-255,5738,83856,15,242970
7025,0.000883,172.31.36.0-255,66,83922,15,242970
7026,0.000886,172.217.194.0-255,1484,85406,15,242970
7027,0.00092,172.31.36.0-255,66,85472,15,242970
7028,0.000936,172.217.194.0-255,4320,89792,15,242970
7029,0.000939,172.31.36.0-255,66,89858,15,242970
7030,0.00098,172.31.36.0-255,66,89924,15,242970
7031,0.000994,172.31.36.0-255,66,89990,15,242970
7032,0.001016,172.217.194.0-255,4320,94310,15,242970
7033,0.001019,172.31.36.0-255,66,94376,15,242970
7034,0.001049,172.31.36.0-255,66,94442,15,242970
7035,0.001614,172.217.194.0-255,1484,95926,15,242970
7036,0.001621,172.217.194.0-255,2902,98828,15,242970
7037,0.001625,172.31.36.0-255,66,98894,15,242970
7038,0.001648,172.217.194.0-255,5738,104632,15,242970
7039,0.001685,172.31.36.0-255,66,104698,15,242970
7040,0.001708,172.31.36.0-255,66,104764,15,242970
7041,0.001716,172.217.194.0-255,7156,111920,15,242970
7042,0.001718,172.31.36.0-255,66,111986,15,242970
7043,0.001741,172.217.194.0-255,3602,115588,15,242970
7044,0.001745,172.31.36.0-255,66,115654,15,242970
7045,0.002421,172.217.194.0-255,1484,117138,15,242970
7046,0.002427,172.217.194.0-255,2902,120040,15,242970
7047,0.00243,172.31.36.0-255,66,120106,15,242970
7048,0.002456,172.217.194.0-255,5738,125844,15,242970
7049,0.002459,172.31.36.0-255,66,125910,15,242970
7050,0.002464,172.217.194.0-255,4320,130230,15,242970
7051,0.002466,172.31.36.0-255,66,130296,15,242970
7052,0.00251,172.31.36.0-255,66,130362,15,242970
7053,0.002521,172.31.36.0-255,66,130428,15,242970
7054,0.002524,172.217.194.0-255,766,131194,15,242970
7055,0.002606,172.217.194.0-255,1484,132678,15,242970
7056,0.00261,172.31.36.0-255,66,132744,15,242970
7057,0.002615,172.217.194.0-255,2902,135646,15,242970
7058,0.002617,172.31.36.0-255,66,135712,15,242970
7059,0.002622,172.217.194.0-255,2902,138614,15,242970
7060,0.002624,172.31.36.0-255,66,138680,15,242970
7061,0.002644,172.217.194.0-255,2902,141582,15,242970
7062,0.002646,172.31.36.0-255,66,141648,15,242970
7063,0.002687,172.217.194.0-255,1484,143132,15,242970
7064,0.002691,172.31.36.0-255,66,143198,15,242970
7065,0.002711,172.217.194.0-255,2902,146100,15,242970
7066,0.002715,172.217.194.0-255,2902,149002,15,242970
7067,0.002717,172.217.194.0-255,1484,150486,15,242970
7068,0.002749,172.217.194.0-255,4320,154806,15,242970
7069,0.002778,172.217.194.0-255,4320,159126,15,242970
7070,0.002792,172.217.194.0-255,3602,162728,15,242970
7071,0.002795,172.217.194.0-255,1484,164212,15,242970
7072,0.002812,172.217.194.0-255,5738,169950,15,242970
7073,0.002814,172.217.194.0-255,1484,171434,15,242970
7074,0.002841,172.217.194.0-255,4320,175754,15,242970
7075,0.002843,172.217.194.0-255,1484,177238,15,242970
7076,0.002846,172.217.194.0-255,1484,178722,15,242970
7077,0.00288,172.217.194.0-255,7156,185878,15,242970
7078,0.002895,172.217.194.0-255,3602,189480,15,242970
7079,0.002934,172.217.194.0-255,4320,193800,15,242970
7080,0.002951,172.217.194.0-255,5738,199538,15,242970
7081,0.002968,172.217.194.0-255,1484,201022,15,242970
7082,0.002976,172.217.194.0-255,7156,208178,15,242970
7083,0.002995,172.217.194.0-255,5738,213916,15,242970
7084,0.002999,172.217.194.0-255,2902,216818,15,242970
7085,0.003026,172.217.194.0-255,6438,223256,15,242970
7086,0.003029,172.217.194.0-255,1484,224740,15,242970
7087,0.003032,172.217.194.0-255,1484,226224,15,242970
7088,0.003047,172.217.194.0-255,1484,227708,15,242970
7089,0.003052,172.217.194.0-255,2902,230610,15,242970
7090,0.003082,172.217.194.0-255,2902,233512,15,242970
7091,0.00311,172.217.194.0-255,2902,236414,15,242970
7092,0.003199,172.217.194.0-255,766,237180,15,242970
7093,0.003201,172.217.194.0-255,606,237786,15,242970
7094,0.003216,172.217.194.0-255,105,237891,15,242970
7095,0.009288,172.31.36.0-255,66,237957,15,242970
7096,0.009294,172.31.36.0-255,66,238023,15,242970
7097,0.009298,172.31.36.0-255,66,238089,15,242970
7098,0.00931,172.31.36.0-255,66,238155,15,242970
7099,0.009313,172.31.36.0-255,66,238221,15,242970
7100,0.009317,172.31.36.0-255,66,238287,15,242970
7101,0.009321,172.31.36.0-255,66,238353,15,242970
7102,0.009325,172.31.36.0-255,66,238419,15,242970
7103,0.009328,172.31.36.0-255,66,238485,15,242970
7104,0.009332,172.31.36.0-255,66,238551,15,242970
7105,0.009335,172.31.36.0-255,66,238617,15,242970
7106,0.009338,172.31.36.0-255,66,238683,15,242970
7107,0.009341,172.31.36.0-255,66,238749,15,242970
7108,0.009344,172.31.36.0-255,66,238815,15,242970
7109,0.009347,172.31.36.0-255,66,238881,15,242970
7110,0.009351,172.31.36.0-255,66,238947,15,242970
7111,0.009354,172.31.36.0-255,66,239013,15,242970
7112,0.009357,172.31.36.0-255,66,239079,15,242970
7113,0.00936,172.31.36.0-255,66,239145,15,242970
7114,0.009364,172.31.36.0-255,66,239211,15,242970
7115,0.009368,172.31.36.0-255,66,239277,15,242970
7116,0.009371,172.31.36.0-255,66,239343,15,242970
7117,0.009374,172.31.36.0-255,66,239409,15,242970
7118,0.010786,172.31.36.0-255,66,239475,15,242970
7119,0.010825,172.31.36.0-255,105,239580,15,242970
7120,0.013409,172.217.194.0-255,66,239646,15,242970
7121,0.029564,172.31.36.0-255,172,239818,15,242970
7122,0.029601,172.31.36.0-255,1109,240927,15,242970
7123,0.029659,172.31.36.0-255,1514,242441,15,242970
7124,0.02966,172.31.36.0-255,331,242772,15,242970
7125,0.031103,104.244.42.0-255,66,242838,15,242970
7126,0.031114,104.244.42.0-255,66,242904,15,242970
7127,0.031205,104.244.42.0-255,66,242970,15,242970
7128,0.0,74.125.68.0-255,152,152,15,131876
7129,3.2e-05,74.125.68.0-255,1484,1636,15,131876
7130,4.2e-05,172.31.36.0-255,66,1702,15,131876
7131,4.9e-05,74.125.68.0-255,2902,4604,15,131876
7132,5.2e-05,172.31.36.0-255,66,4670,15,131876
7133,5.7e-05,74.125.68.0-255,2902,7572,15,131876
7134,5.9e-05,172.31.36.0-255,66,7638,15,131876
7135,8.2e-05,74.125.68.0-255,2902,10540,15,131876
7136,8.6e-05,172.31.36.0-255,66,10606,15,131876
7137,0.000137,74.125.68.0-255,6258,16864,15,131876
7138,0.000142,172.31.36.0-255,66,16930,15,131876
7139,0.000223,74.125.68.0-255,7156,24086,15,131876
7140,0.000229,172.31.36.0-255,66,24152,15,131876
7141,0.000322,74.125.68.0-255,6797,30949,15,131876
7142,0.000328,172.31.36.0-255,66,31015,15,131876
7143,0.000402,74.125.68.0-255,1484,32499,15,131876
7144,0.000429,74.125.68.0-255,2902,35401,15,131876
7145,0.000433,172.31.36.0-255,66,35467,15,131876
7146,0.000465,74.125.68.0-255,5738,41205,15,131876
7147,0.000469,172.31.36.0-255,66,41271,15,131876
7148,0.00056,74.125.68.0-255,6797,48068,15,131876
7149,0.000566,172.31.36.0-255,66,48134,15,131876
7150,0.000644,172.31.36.0-255,66,48200,15,131876
7151,0.000671,74.125.68.0-255,7108,55308,15,131876
7152,0.000676,172.31.36.0-255,66,55374,15,131876
7153,0.000881,172.31.36.0-255,66,55440,15,131876
7154,0.001047,172.31.36.0-255,66,55506,15,131876
7155,0.001071,74.125.68.0-255,5379,60885,15,131876
7156,0.001074,172.31.36.0-255,66,60951,15,131876
7157,0.001232,74.125.68.0-255,6797,67748,15,131876
7158,0.001238,172.31.36.0-255,66,67814,15,131876
7159,0.001311,74.125.68.0-255,1484,69298,15,131876
7160,0.001335,74.125.68.0-255,2902,72200,15,131876
7161,0.001339,172.31.36.0-255,66,72266,15,131876
7162,0.001376,74.125.68.0-255,5738,78004,15,131876
7163,0.00138,172.31.36.0-255,66,78070,15,131876
7164,0.001451,172.31.36.0-255,66,78136,15,131876
7165,0.001471,74.125.68.0-255,2902,81038,15,131876
7166,0.001473,172.31.36.0-255,66,81104,15,131876
7167,0.001615,74.125.68.0-255,2902,84006,15,131876
7168,0.001619,172.31.36.0-255,66,84072,15,131876
7169,0.001673,172.31.36.0-255,66,84138,15,131876
7170,0.001768,74.125.68.0-255,7156,91294,15,131876
7171,0.001772,172.31.36.0-255,66,91360,15,131876
7172,0.001791,74.125.68.0-255,5738,97098,15,131876
7173,0.001793,172.31.36.0-255,66,97164,15,131876
7174,0.001948,172.31.36.0-255,66,97230,15,131876
7175,0.001974,172.31.36.0-255,66,97296,15,131876
7176,0.002225,172.31.36.0-255,66,97362,15,131876
7177,0.002254,172.31.36.0-255,66,97428,15,131876
7178,0.002503,74.125.68.0-255,4320,101748,15,131876
7179,0.002508,172.31.36.0-255,66,101814,15,131876
7180,0.002556,74.125.68.0-255,4320,106134,15,131876
7181,0.002559,172.31.36.0-255,66,106200,15,131876
7182,0.002589,172.31.36.0-255,66,106266,15,131876
7183,0.002843,172.31.36.0-255,66,106332,15,131876
7184,0.002869,172.31.36.0-255,66,106398,15,131876
7185,0.00315,74.125.68.0-255,1484,107882,15,131876
7186,0.003179,172.31.36.0-255,66,107948,15,131876
7187,0.003288,74.125.68.0-255,5738,113686,15,131876
7188,0.003291,172.31.36.0-255,66,113752,15,131876
7189,0.00334,172.31.36.0-255,66,113818,15,131876
7190,0.003588,172.31.36.0-255,66,113884,15,131876
7191,0.003625,172.31.36.0-255,66,113950,15,131876
7192,0.004011,74.125.68.0-255,1484,115434,15,131876
7193,0.004031,74.125.68.0-255,7156,122590,15,131876
7194,0.004035,172.31.36.0-255,66,122656,15,131876
7195,0.004111,172.31.36.0-255,66,122722,15,131876
7196,0.004151,172.31.36.0-255,66,122788,15,131876
7197,0.004854,74.125.68.0-255,4320,127108,15,131876
7198,0.004857,172.31.36.0-255,66,127174,15,131876
7199,0.004902,172.31.36.0-255,66,127240,15,131876
7200,0.009937,172.31.36.0-255,105,127345,15,131876
7201,0.01222,74.125.68.0-255,66,127411,15,131876
7202,0.060591,172.31.36.0-255,172,127583,15,131876
7203,0.060639,172.31.36.0-255,1109,128692,15,131876
7204,0.060711,172.31.36.0-255,1514,130206,15,131876
7205,0.060713,172.31.36.0-255,1298,131504,15,131876
7206,0.062083,104.244.42.0-255,66,131570,15,131876
7207,0.062125,104.244.42.0-255,66,131636,15,131876
7208,0.062213,104.244.42.0-255,66,131702,15,131876
7209,0.062896,104.244.42.0-255,108,131810,15,131876
7210,0.062906,172.31.36.0-255,66,131876,15,131876
7211,0.0,172.253.118.0-255,150,150,15,279761
7212,2.2e-05,172.31.36.0-255,66,216,15,279761
7213,3e-05,172.253.118.0-255,1484,1700,15,279761
7214,3.4e-05,172.31.36.0-255,66,1766,15,279761
7215,3.9e-05,172.253.118.0-255,2902,4668,15,279761
7216,5.1e-05,172.31.36.0-255,66,4734,15,279761
7217,5.6e-05,172.253.118.0-255,2902,7636,15,279761
7218,5.9e-05,172.31.36.0-255,66,7702,15,279761
7219,7e-05,172.31.36.0-255,66,7768,15,279761
7220,0.0001,172.253.118.0-255,2058,9826,15,279761
7221,0.000104,172.31.36.0-255,66,9892,15,279761
7222,0.000118,172.31.36.0-255,66,9958,15,279761
7223,0.000177,172.253.118.0-255,1484,11442,15,279761
7224,0.000179,172.31.36.0-255,66,11508,15,279761
7225,0.000184,172.253.118.0-255,2902,14410,15,279761
7226,0.000186,172.31.36.0-255,66,14476,15,279761
7227,0.000214,172.253.118.0-255,5738,20214,15,279761
7228,0.000217,172.31.36.0-255,66,20280,15,279761
7229,0.000258,172.31.36.0-255,66,20346,15,279761
7230,0.000273,172.31.36.0-255,66,20412,15,279761
7231,0.000281,172.253.118.0-255,7070,27482,15,279761
7232,0.000283,172.31.36.0-255,66,27548,15,279761
7233,0.000328,172.253.118.0-255,131,27679,15,279761
7234,0.000331,172.31.36.0-255,66,27745,15,279761
7235,0.000465,172.253.118.0-255,1484,29229,15,279761
7236,0.00047,172.31.36.0-255,66,29295,15,279761
7237,0.000476,172.253.118.0-255,2902,32197,15,279761
7238,0.000478,172.31.36.0-255,66,32263,15,279761
7239,0.000488,172.253.118.0-255,2902,35165,15,279761
7240,0.000491,172.31.36.0-255,66,35231,15,279761
7241,0.000515,172.253.118.0-255,2902,38133,15,279761
7242,0.000518,172.31.36.0-255,66,38199,15,279761
7243,0.000534,172.31.36.0-255,66,38265,15,279761
7244,0.000546,172.31.36.0-255,66,38331,15,279761
7245,0.000596,172.253.118.0-255,1407,39738,15,279761
7246,0.000728,172.253.118.0-255,1484,41222,15,279761
7247,0.000733,172.31.36.0-255,66,41288,15,279761
7248,0.00074,172.253.118.0-255,2902,44190,15,279761
7249,0.000743,172.31.36.0-255,66,44256,15,279761
7250,0.000754,172.253.118.0-255,5738,49994,15,279761
7251,0.000757,172.31.36.0-255,66,50060,15,279761
7252,0.000801,172.31.36.0-255,66,50126,15,279761
7253,0.000812,172.31.36.0-255,66,50192,15,279761
7254,0.000837,172.253.118.0-255,2184,52376,15,279761
7255,0.000839,172.31.36.0-255,66,52442,15,279761
7256,0.001061,172.253.118.0-255,1484,53926,15,279761
7257,0.001068,172.253.118.0-255,2902,56828,15,279761
7258,0.001071,172.31.36.0-255,66,56894,15,279761
7259,0.001093,172.253.118.0-255,5738,62632,15,279761
7260,0.001095,172.31.36.0-255,66,62698,15,279761
7261,0.001098,172.253.118.0-255,1484,64182,15,279761
7262,0.001132,172.31.36.0-255,66,64248,15,279761
7263,0.001144,172.253.118.0-255,1484,65732,15,279761
7264,0.001161,172.31.36.0-255,66,65798,15,279761
7265,0.001312,172.253.118.0-255,1484,67282,15,279761
7266,0.001332,172.253.118.0-255,2902,70184,15,279761
7267,0.001336,172.31.36.0-255,66,70250,15,279761
7268,0.001343,172.253.118.0-255,5738,75988,15,279761
7269,0.001345,172.31.36.0-255,66,76054,15,279761
7270,0.001355,172.253.118.0-255,4320,80374,15,279761
7271,0.001358,172.31.36.0-255,66,80440,15,279761
7272,0.001382,172.253.118.0-255,4320,84760,15,279761
7273,0.001385,172.31.36.0-255,66,84826,15,279761
7274,0.00142,172.253.118.0-255,7156,91982,15,279761
7275,0.001423,172.31.36.0-255,66,92048,15,279761
7276,0.001438,172.31.36.0-255,66,92114,15,279761
7277,0.00175,172.253.118.0-255,1484,93598,15,279761
7278,0.001766,172.253.118.0-255,2902,96500,15,279761
7279,0.001769,172.31.36.0-255,66,96566,15,279761
7280,0.001773,172.253.118.0-255,1484,98050,15,279761
7281,0.001798,172.253.118.0-255,4320,102370,15,279761
7282,0.001801,172.31.36.0-255,66,102436,15,279761
7283,0.001838,172.31.36.0-255,66,102502,15,279761
7284,0.001845,172.253.118.0-255,5738,108240,15,279761
7285,0.001847,172.31.36.0-255,66,108306,15,279761
7286,0.001884,172.253.118.0-255,5020,113326,15,279761
7287,0.001887,172.31.36.0-255,66,113392,15,279761
7288,0.00208,172.253.118.0-255,1484,114876,15,279761
7289,0.003942,172.253.118.0-255,4320,119196,15,279761
7290,0.003953,172.31.36.0-255,66,119262,15,279761
7291,0.005999,172.253.118.0-255,5738,125000,15,279761
7292,0.006004,172.31.36.0-255,66,125066,15,279761
7293,0.008065,172.253.118.0-255,5738,130804,15,279761
7294,0.008072,172.31.36.0-255,66,130870,15,279761
7295,0.01015,172.253.118.0-255,5738,136608,15,279761
7296,0.010161,172.31.36.0-255,66,136674,15,279761
7297,0.01223,172.253.118.0-255,5738,142412,15,279761
7298,0.012239,172.31.36.0-255,66,142478,15,279761
7299,0.01432,172.253.118.0-255,5738,148216,15,279761
7300,0.014328,172.31.36.0-255,66,148282,15,279761
7301,0.016377,172.253.118.0-255,5738,154020,15,279761
7302,0.016386,172.31.36.0-255,66,154086,15,279761
7303,0.018487,172.253.118.0-255,5738,159824,15,279761
7304,0.018496,172.31.36.0-255,66,159890,15,279761
7305,0.020544,172.253.118.0-255,5738,165628,15,279761
7306,0.020551,172.31.36.0-255,66,165694,15,279761
7307,0.02261,172.253.118.0-255,5738,171432,15,279761
7308,0.02262,172.31.36.0-255,66,171498,15,279761
7309,0.024686,172.253.118.0-255,5738,177236,15,279761
7310,0.024697,172.31.36.0-255,66,177302,15,279761
7311,0.026791,172.253.118.0-255,5738,183040,15,279761
7312,0.0268,172.31.36.0-255,66,183106,15,279761
7313,0.028853,172.253.118.0-255,5738,188844,15,279761
7314,0.02886,172.31.36.0-255,66,188910,15,279761
7315,0.028922,172.31.36.0-255,167,189077,15,279761
7316,0.02895,172.31.36.0-255,1106,190183,15,279761
7317,0.029011,172.31.36.0-255,1514,191697,15,279761
7318,0.029013,172.31.36.0-255,1299,192996,15,279761
7319,0.030461,104.244.42.0-255,66,193062,15,279761
7320,0.030673,104.244.42.0-255,66,193128,15,279761
7321,0.030679,104.244.42.0-255,66,193194,15,279761
7322,0.030917,172.253.118.0-255,5738,198932,15,279761
7323,0.030924,172.31.36.0-255,66,198998,15,279761
7324,0.031433,104.244.42.0-255,108,199106,15,279761
7325,0.031444,172.31.36.0-255,66,199172,15,279761
7326,0.032993,172.253.118.0-255,5738,204910,15,279761
7327,0.033,172.31.36.0-255,66,204976,15,279761
7328,0.035069,172.253.118.0-255,5738,210714,15,279761
7329,0.035075,172.31.36.0-255,66,210780,15,279761
7330,0.037136,172.253.118.0-255,5738,216518,15,279761
7331,0.037143,172.31.36.0-255,66,216584,15,279761
7332,0.039225,172.253.118.0-255,5738,222322,15,279761
7333,0.039232,172.31.36.0-255,66,222388,15,279761
7334,0.041288,172.253.118.0-255,5738,228126,15,279761
7335,0.041295,172.31.36.0-255,66,228192,15,279761
7336,0.043341,172.253.118.0-255,5738,233930,15,279761
7337,0.043348,172.31.36.0-255,66,233996,15,279761
7338,0.045413,172.253.118.0-255,5738,239734,15,279761
7339,0.04542,172.31.36.0-255,66,239800,15,279761
7340,0.047485,172.253.118.0-255,5738,245538,15,279761
7341,0.047492,172.31.36.0-255,66,245604,15,279761
7342,0.04955,172.253.118.0-255,5738,251342,15,279761
7343,0.049556,172.31.36.0-255,66,251408,15,279761
7344,0.051622,172.253.118.0-255,5738,257146,15,279761
7345,0.051629,172.31.36.0-255,66,257212,15,279761
7346,0.053697,172.253.118.0-255,5738,262950,15,279761
7347,0.053703,172.31.36.0-255,66,263016,15,279761
7348,0.055765,172.253.118.0-255,5738,268754,15,279761
7349,0.05577,172.31.36.0-255,66,268820,15,279761
7350,0.057847,172.253.118.0-255,5738,274558,15,279761
7351,0.057854,172.31.36.0-255,66,274624,15,279761
7352,0.059889,172.253.118.0-255,4900,279524,15,279761
7353,0.059896,172.31.36.0-255,66,279590,15,279761
7354,0.060074,172.31.36.0-255,105,279695,15,279761
7355,0.06209,172.253.118.0-255,66,279761,15,279761
7356,0.0,172.217.194.0-255,153,153,15,259522
7357,2.6e-05,172.217.194.0-255,1484,1637,15,259522
7358,3.4e-05,172.31.36.0-255,66,1703,15,259522
7359,4.1e-05,172.217.194.0-255,2902,4605,15,259522
7360,4.3e-05,172.31.36.0-255,66,4671,15,259522
7361,5.6e-05,172.217.194.0-255,5738,10409,15,259522
7362,6e-05,172.31.36.0-255,66,10475,15,259522
7363,7.2e-05,172.31.36.0-255,66,10541,15,259522
7364,0.000108,172.217.194.0-255,4827,15368,15,259522
7365,0.000111,172.31.36.0-255,66,15434,15,259522
7366,0.000118,172.217.194.0-255,6797,22231,15,259522
7367,0.000122,172.31.36.0-255,66,22297,15,259522
7368,0.000177,172.217.194.0-255,1484,23781,15,259522
7369,0.000182,172.217.194.0-255,2902,26683,15,259522
7370,0.000185,172.31.36.0-255,66,26749,15,259522
7371,0.000213,172.217.194.0-255,5738,32487,15,259522
7372,0.000216,172.31.36.0-255,66,32553,15,259522
7373,0.000245,172.217.194.0-255,2902,35455,15,259522
7374,0.000248,172.31.36.0-255,66,35521,15,259522
7375,0.000277,172.31.36.0-255,66,35587,15,259522
7376,0.000289,172.31.36.0-255,66,35653,15,259522
7377,0.000291,172.217.194.0-255,411,36064,15,259522
7378,0.000313,172.217.194.0-255,1484,37548,15,259522
7379,0.000316,172.31.36.0-255,66,37614,15,259522
7380,0.000343,172.217.194.0-255,4320,41934,15,259522
7381,0.000346,172.31.36.0-255,66,42000,15,259522
7382,0.000353,172.217.194.0-255,5738,47738,15,259522
7383,0.000356,172.31.36.0-255,66,47804,15,259522
7384,0.00038,172.217.194.0-255,1484,49288,15,259522
7385,0.000402,172.217.194.0-255,3678,52966,15,259522
7386,0.000406,172.31.36.0-255,66,53032,15,259522
7387,0.000631,172.217.194.0-255,1484,54516,15,259522
7388,0.000646,172.217.194.0-255,1484,56000,15,259522
7389,0.000653,172.31.36.0-255,66,56066,15,259522
7390,0.000677,172.217.194.0-255,1484,57550,15,259522
7391,0.000696,172.217.194.0-255,2902,60452,15,259522
7392,0.0007,172.31.36.0-255,66,60518,15,259522
7393,0.000726,172.217.194.0-255,2902,63420,15,259522
7394,0.000729,172.31.36.0-255,66,63486,15,259522
7395,0.000742,172.31.36.0-255,66,63552,15,259522
7396,0.000772,172.217.194.0-255,1484,65036,15,259522
7397,0.000781,172.217.194.0-255,7156,72192,15,259522
7398,0.000783,172.31.36.0-255,66,72258,15,259522
7399,0.000788,172.217.194.0-255,3602,75860,15,259522
7400,0.000791,172.31.36.0-255,66,75926,15,259522
7401,0.000941,172.217.194.0-255,1484,77410,15,259522
7402,0.000947,172.217.194.0-255,2902,80312,15,259522
7403,0.00095,172.31.36.0-255,66,80378,15,259522
7404,0.000978,172.217.194.0-255,5738,86116,15,259522
7405,0.000981,172.31.36.0-255,66,86182,15,259522
7406,0.001004,172.217.194.0-255,5738,91920,15,259522
7407,0.001007,172.31.36.0-255,66,91986,15,259522
7408,0.001036,172.217.194.0-255,5738,97724,15,259522
7409,0.001039,172.31.36.0-255,66,97790,15,259522
7410,0.001057,172.217.194.0-255,1484,99274,15,259522
7411,0.001085,172.31.36.0-255,66,99340,15,259522
7412,0.001287,172.217.194.0-255,1484,100824,15,259522
7413,0.001305,172.217.194.0-255,1484,102308,15,259522
7414,0.001309,172.31.36.0-255,66,102374,15,259522
7415,0.001333,172.217.194.0-255,1484,103858,15,259522
7416,0.001338,172.217.194.0-255,4320,108178,15,259522
7417,0.001341,172.31.36.0-255,66,108244,15,259522
7418,0.001369,172.217.194.0-255,1484,109728,15,259522
7419,0.001374,172.217.194.0-255,2902,112630,15,259522
7420,0.001376,172.31.36.0-255,66,112696,15,259522
7421,0.001388,172.31.36.0-255,66,112762,15,259522
7422,0.001393,172.217.194.0-255,4320,117082,15,259522
7423,0.001395,172.31.36.0-255,66,117148,15,259522
7424,0.001431,172.217.194.0-255,6438,123586,15,259522
7425,0.001434,172.31.36.0-255,66,123652,15,259522
7426,0.001516,172.217.194.0-255,1484,125136,15,259522
7427,0.00152,172.217.194.0-255,1484,126620,15,259522
7428,0.001523,172.31.36.0-255,66,126686,15,259522
7429,0.001548,172.217.194.0-255,1484,128170,15,259522
7430,0.001556,172.217.194.0-255,5738,133908,15,259522
7431,0.001558,172.31.36.0-255,66,133974,15,259522
7432,0.001569,172.31.36.0-255,66,134040,15,259522
7433,0.001574,172.217.194.0-255,5738,139778,15,259522
7434,0.001577,172.31.36.0-255,66,139844,15,259522
7435,0.001612,172.217.194.0-255,7156,147000,15,259522
7436,0.001615,172.31.36.0-255,66,147066,15,259522
7437,0.001618,172.217.194.0-255,766,147832,15,259522
7438,0.001684,172.217.194.0-255,1484,149316,15,259522
7439,0.001687,172.31.36.0-255,66,149382,15,259522
7440,0.001691,172.217.194.0-255,1484,150866,15,259522
7441,0.001712,172.217.194.0-255,1484,152350,15,259522
7442,0.001714,172.31.36.0-255,66,152416,15,259522
7443,0.001721,172.217.194.0-255,4320,156736,15,259522
7444,0.001723,172.31.36.0-255,66,156802,15,259522
7445,0.001752,172.217.194.0-255,1484,158286,15,259522
7446,0.001758,172.217.194.0-255,4320,162606,15,259522
7447,0.001764,172.31.36.0-255,66,162672,15,259522
7448,0.001769,172.31.36.0-255,66,162738,15,259522
7449,0.001773,172.217.194.0-255,2902,165640,15,259522
7450,0.001775,172.31.36.0-255,66,165706,15,259522
7451,0.001805,172.217.194.0-255,5020,170726,15,259522
7452,0.001808,172.31.36.0-255,66,170792,15,259522
7453,0.001834,172.217.194.0-255,1484,172276,15,259522
7454,0.00186,172.217.194.0-255,2902,175178,15,259522
7455,0.001863,172.31.36.0-255,66,175244,15,259522
7456,0.001868,172.217.194.0-255,2902,178146,15,259522
7457,0.001871,172.31.36.0-255,66,178212,15,259522
7458,0.001892,172.217.194.0-255,2902,181114,15,259522
7459,0.0019,172.31.36.0-255,66,181180,15,259522
7460,0.001905,172.217.194.0-255,2902,184082,15,259522
7461,0.001907,172.217.194.0-255,1484,185566,15,259522
7462,0.001912,172.31.36.0-255,66,185632,15,259522
7463,0.001935,172.217.194.0-255,4320,189952,15,259522
7464,0.001938,172.31.36.0-255,66,190018,15,259522
7465,0.001971,172.217.194.0-255,4320,194338,15,259522
7466,0.001975,172.31.36.0-255,66,194404,15,259522
7467,0.001989,172.31.36.0-255,66,194470,15,259522
7468,0.00204,172.217.194.0-255,5738,200208,15,259522
7469,0.002044,172.31.36.0-255,66,200274,15,259522
7470,0.002067,172.217.194.0-255,5738,206012,15,259522
7471,0.002071,172.31.36.0-255,66,206078,15,259522
7472,0.002105,172.217.194.0-255,5738,211816,15,259522
7473,0.002109,172.31.36.0-255,66,211882,15,259522
7474,0.002136,172.217.194.0-255,2902,214784,15,259522
7475,0.002139,172.31.36.0-255,66,214850,15,259522
7476,0.00217,172.217.194.0-255,7156,222006,15,259522
7477,0.002174,172.31.36.0-255,66,222072,15,259522
7478,0.002195,172.217.194.0-255,6438,228510,15,259522
7479,0.002199,172.31.36.0-255,66,228576,15,259522
7480,0.002211,172.31.36.0-255,66,228642,15,259522
7481,0.00226,172.31.36.0-255,66,228708,15,259522
7482,0.002277,172.31.36.0-255,66,228774,15,259522
7483,0.002282,172.217.194.0-255,2902,231676,15,259522
7484,0.002284,172.31.36.0-255,66,231742,15,259522
7485,0.002289,172.217.194.0-255,4320,236062,15,259522
7486,0.002291,172.31.36.0-255,66,236128,15,259522
7487,0.002302,172.31.36.0-255,66,236194,15,259522
7488,0.002308,172.217.194.0-255,5738,241932,15,259522
7489,0.002311,172.31.36.0-255,66,241998,15,259522
7490,0.002355,172.217.194.0-255,5738,247736,15,259522
7491,0.002359,172.31.36.0-255,66,247802,15,259522
7492,0.002385,172.217.194.0-255,1484,249286,15,259522
7493,0.002392,172.217.194.0-255,5020,254306,15,259522
7494,0.002395,172.31.36.0-255,66,254372,15,259522
7495,0.002398,172.217.194.0-255,1484,255856,15,259522
7496,0.002409,172.31.36.0-255,66,255922,15,259522
7497,0.002411,172.217.194.0-255,105,256027,15,259522
7498,0.007641,172.31.36.0-255,105,256132,15,259522
7499,0.009742,172.217.194.0-255,66,256198,15,259522
7500,0.027078,172.31.36.0-255,172,256370,15,259522
7501,0.027108,172.31.36.0-255,1109,257479,15,259522
7502,0.027144,172.31.36.0-255,1514,258993,15,259522
7503,0.027146,172.31.36.0-255,331,259324,15,259522
7504,0.028739,104.244.42.0-255,66,259390,15,259522
7505,0.028886,104.244.42.0-255,66,259456,15,259522
7506,0.028889,104.244.42.0-255,66,259522,15,259522
7507,0.0,74.125.24.0-255,150,150,15,154370
7508,2e-05,172.31.36.0-255,66,216,15,154370
7509,2.7e-05,74.125.24.0-255,1484,1700,15,154370
7510,3.1e-05,172.31.36.0-255,66,1766,15,154370
7511,4.7e-05,74.125.24.0-255,2902,4668,15,154370
7512,5.1e-05,172.31.36.0-255,66,4734,15,154370
7513,5.9e-05,74.125.24.0-255,7156,11890,15,154370
7514,6.2e-05,172.31.36.0-255,66,11956,15,154370
7515,6.6e-05,74.125.24.0-255,2047,14003,15,154370
7516,6.9e-05,172.31.36.0-255,66,14069,15,154370
7517,0.000233,74.125.24.0-255,1484,15553,15,154370
7518,0.000241,172.31.36.0-255,66,15619,15,154370
7519,0.000247,74.125.24.0-255,2902,18521,15,154370
7520,0.000249,172.31.36.0-255,66,18587,15,154370
7521,0.00026,74.125.24.0-255,4320,22907,15,154370
7522,0.000263,172.31.36.0-255,66,22973,15,154370
7523,0.000289,74.125.24.0-255,1484,24457,15,154370
7524,0.000292,172.31.36.0-255,66,24523,15,154370
7525,0.000298,74.125.24.0-255,4320,28843,15,154370
7526,0.0003,172.31.36.0-255,66,28909,15,154370
7527,0.000325,74.125.24.0-255,2543,31452,15,154370
7528,0.000331,172.31.36.0-255,66,31518,15,154370
7529,0.000373,74.125.24.0-255,1484,33002,15,154370
7530,0.000376,172.31.36.0-255,66,33068,15,154370
7531,0.000406,74.125.24.0-255,2902,35970,15,154370
7532,0.000408,172.31.36.0-255,66,36036,15,154370
7533,0.000415,74.125.24.0-255,5738,41774,15,154370
7534,0.000417,172.31.36.0-255,66,41840,15,154370
7535,0.000422,74.125.24.0-255,2902,44742,15,154370
7536,0.000428,172.31.36.0-255,66,44808,15,154370
7537,0.000459,74.125.24.0-255,2902,47710,15,154370
7538,0.000461,172.31.36.0-255,66,47776,15,154370
7539,0.000481,172.31.36.0-255,66,47842,15,154370
7540,0.000487,74.125.24.0-255,3961,51803,15,154370
7541,0.000489,172.31.36.0-255,66,51869,15,154370
7542,0.000528,74.125.24.0-255,361,52230,15,154370
7543,0.000573,74.125.24.0-255,132,52362,15,154370
7544,0.000677,74.125.24.0-255,1484,53846,15,154370
7545,0.000683,172.31.36.0-255,66,53912,15,154370
7546,0.000688,74.125.24.0-255,2902,56814,15,154370
7547,0.000691,172.31.36.0-255,66,56880,15,154370
7548,0.000728,74.125.24.0-255,5738,62618,15,154370
7549,0.000731,172.31.36.0-255,66,62684,15,154370
7550,0.000742,172.31.36.0-255,66,62750,15,154370
7551,0.000777,74.125.24.0-255,5379,68129,15,154370
7552,0.000779,172.31.36.0-255,66,68195,15,154370
7553,0.000795,172.31.36.0-255,66,68261,15,154370
7554,0.001694,74.125.24.0-255,1484,69745,15,154370
7555,0.001704,74.125.24.0-255,2902,72647,15,154370
7556,0.001708,172.31.36.0-255,66,72713,15,154370
7557,0.001717,74.125.24.0-255,5738,78451,15,154370
7558,0.001719,172.31.36.0-255,66,78517,15,154370
7559,0.001764,172.31.36.0-255,66,78583,15,154370
7560,0.001786,74.125.24.0-255,4320,82903,15,154370
7561,0.001788,172.31.36.0-255,66,82969,15,154370
7562,0.0018,172.31.36.0-255,66,83035,15,154370
7563,0.00194,74.125.24.0-255,1484,84519,15,154370
7564,0.001947,74.125.24.0-255,2902,87421,15,154370
7565,0.001951,172.31.36.0-255,66,87487,15,154370
7566,0.001955,74.125.24.0-255,1484,88971,15,154370
7567,0.00198,74.125.24.0-255,4320,93291,15,154370
7568,0.001982,172.31.36.0-255,66,93357,15,154370
7569,0.00199,74.125.24.0-255,7156,100513,15,154370
7570,0.001992,172.31.36.0-255,66,100579,15,154370
7571,0.002013,74.125.24.0-255,5738,106317,15,154370
7572,0.002015,172.31.36.0-255,66,106383,15,154370
7573,0.00203,172.31.36.0-255,66,106449,15,154370
7574,0.002053,74.125.24.0-255,2184,108633,15,154370
7575,0.002055,172.31.36.0-255,66,108699,15,154370
7576,0.002062,74.125.24.0-255,5738,114437,15,154370
7577,0.002063,172.31.36.0-255,66,114503,15,154370
7578,0.002098,74.125.24.0-255,5738,120241,15,154370
7579,0.002101,172.31.36.0-255,66,120307,15,154370
7580,0.002107,74.125.24.0-255,5738,126045,15,154370
7581,0.002109,172.31.36.0-255,66,126111,15,154370
7582,0.002116,74.125.24.0-255,7156,133267,15,154370
7583,0.002118,172.31.36.0-255,66,133333,15,154370
7584,0.002163,172.31.36.0-255,66,133399,15,154370
7585,0.002175,172.31.36.0-255,66,133465,15,154370
7586,0.00222,172.31.36.0-255,66,133531,15,154370
7587,0.002232,172.31.36.0-255,66,133597,15,154370
7588,0.002261,172.31.36.0-255,66,133663,15,154370
7589,0.002337,172.31.36.0-255,66,133729,15,154370
7590,0.002361,172.31.36.0-255,66,133795,15,154370
7591,0.002375,172.31.36.0-255,66,133861,15,154370
7592,0.002482,74.125.24.0-255,3602,137463,15,154370
7593,0.002489,74.125.24.0-255,5738,143201,15,154370
7594,0.002542,74.125.24.0-255,3602,146803,15,154370
7595,0.002546,74.125.24.0-255,2353,149156,15,154370
7596,0.002549,74.125.24.0-255,168,149324,15,154370
7597,0.004496,172.31.36.0-255,66,149390,15,154370
7598,0.006707,172.31.36.0-255,105,149495,15,154370
7599,0.006743,172.31.36.0-255,105,149600,15,154370
7600,0.007,172.31.36.0-255,90,149690,15,154370
7601,0.007011,172.31.36.0-255,66,149756,15,154370
7602,0.009279,74.125.24.0-255,66,149822,15,154370
7603,0.009299,74.125.24.0-255,66,149888,15,154370
7604,0.009571,74.125.24.0-255,66,149954,15,154370
7605,0.009597,74.125.24.0-255,66,150020,15,154370
7606,0.009603,172.31.36.0-255,66,150086,15,154370
7607,0.02641,172.31.36.0-255,167,150253,15,154370
7608,0.026444,172.31.36.0-255,1106,151359,15,154370
7609,0.026503,172.31.36.0-255,1514,152873,15,154370
7610,0.026504,172.31.36.0-255,1299,154172,15,154370
7611,0.027981,104.244.42.0-255,66,154238,15,154370
7612,0.028011,104.244.42.0-255,66,154304,15,154370
7613,0.028065,104.244.42.0-255,66,154370,15,154370
7614,0.0,74.125.24.0-255,149,149,15,205810
7615,1.7e-05,172.31.36.0-255,66,215,15,205810
7616,2.4e-05,74.125.24.0-255,1484,1699,15,205810
7617,3e-05,172.31.36.0-255,66,1765,15,205810
7618,4.4e-05,74.125.24.0-255,2902,4667,15,205810
7619,4.8e-05,172.31.36.0-255,66,4733,15,205810
7620,5.6e-05,74.125.24.0-255,7156,11889,15,205810
7621,5.9e-05,172.31.36.0-255,66,11955,15,205810
7622,6.4e-05,74.125.24.0-255,2022,13977,15,205810
7623,6.7e-05,172.31.36.0-255,66,14043,15,205810
7624,7.1e-05,74.125.24.0-255,1484,15527,15,205810
7625,7.3e-05,172.31.36.0-255,66,15593,15,205810
7626,0.000108,172.31.36.0-255,66,15659,15,205810
7627,0.000114,74.125.24.0-255,5379,21038,15,205810
7628,0.000117,172.31.36.0-255,66,21104,15,205810
7629,0.000167,74.125.24.0-255,1484,22588,15,205810
7630,0.000169,172.31.36.0-255,66,22654,15,205810
7631,0.000174,74.125.24.0-255,2902,25556,15,205810
7632,0.000177,172.31.36.0-255,66,25622,15,205810
7633,0.000209,74.125.24.0-255,5738,31360,15,205810
7634,0.000211,172.31.36.0-255,66,31426,15,205810
7635,0.000222,172.31.36.0-255,66,31492,15,205810
7636,0.000233,74.125.24.0-255,4320,35812,15,205810
7637,0.000235,172.31.36.0-255,66,35878,15,205810
7638,0.000285,172.31.36.0-255,66,35944,15,205810
7639,0.000608,74.125.24.0-255,646,36590,15,205810
7640,0.000614,172.31.36.0-255,66,36656,15,205810
7641,0.000746,74.125.24.0-255,1484,38140,15,205810
7642,0.000751,172.31.36.0-255,66,38206,15,205810
7643,0.000757,74.125.24.0-255,2902,41108,15,205810
7644,0.000768,74.125.24.0-255,5738,46846,15,205810
7645,0.000773,74.125.24.0-255,2902,49748,15,205810
7646,0.000798,74.125.24.0-255,7156,56904,15,205810
7647,0.000802,172.31.36.0-255,66,56970,15,205810
7648,0.000807,172.31.36.0-255,66,57036,15,205810
7649,0.000856,74.125.24.0-255,5020,62056,15,205810
7650,0.000867,172.31.36.0-255,66,62122,15,205810
7651,0.000944,74.125.24.0-255,1484,63606,15,205810
7652,0.000949,74.125.24.0-255,2902,66508,15,205810
7653,0.000971,74.125.24.0-255,5738,72246,15,205810
7654,0.000974,74.125.24.0-255,1484,73730,15,205810
7655,0.000977,74.125.24.0-255,1484,75214,15,205810
7656,0.000989,172.31.36.0-255,66,75280,15,205810
7657,0.001008,74.125.24.0-255,7156,82436,15,205810
7658,0.001033,74.125.24.0-255,5738,88174,15,205810
7659,0.001055,172.31.36.0-255,66,88240,15,205810
7660,0.001064,74.125.24.0-255,1484,89724,15,205810
7661,0.00111,172.31.36.0-255,66,89790,15,205810
7662,0.001138,74.125.24.0-255,7156,96946,15,205810
7663,0.001151,74.125.24.0-255,3602,100548,15,205810
7664,0.001172,74.125.24.0-255,5738,106286,15,205810
7665,0.001177,172.31.36.0-255,66,106352,15,205810
7666,0.001182,172.31.36.0-255,66,106418,15,205810
7667,0.001199,74.125.24.0-255,5738,112156,15,205810
7668,0.001205,74.125.24.0-255,4320,116476,15,205810
7669,0.001231,74.125.24.0-255,5738,122214,15,205810
7670,0.001246,172.31.36.0-255,66,122280,15,205810
7671,0.001257,74.125.24.0-255,4320,126600,15,205810
7672,0.001261,172.31.36.0-255,66,126666,15,205810
7673,0.001282,74.125.24.0-255,7156,133822,15,205810
7674,0.001285,74.125.24.0-255,1484,135306,15,205810
7675,0.001294,74.125.24.0-255,1484,136790,15,205810
7676,0.001311,74.125.24.0-255,5020,141810,15,205810
7677,0.001349,172.31.36.0-255,66,141876,15,205810
7678,0.001361,74.125.24.0-255,3602,145478,15,205810
7679,0.001385,172.31.36.0-255,66,145544,15,205810
7680,0.001991,74.125.24.0-255,1484,147028,15,205810
7681,0.001998,74.125.24.0-255,2902,149930,15,205810
7682,0.002002,172.31.36.0-255,66,149996,15,205810
7683,0.00203,74.125.24.0-255,5738,155734,15,205810
7684,0.002072,74.125.24.0-255,2902,158636,15,205810
7685,0.002102,74.125.24.0-255,4320,162956,15,205810
7686,0.002107,74.125.24.0-255,4320,167276,15,205810
7687,0.002112,172.31.36.0-255,66,167342,15,205810
7688,0.002156,74.125.24.0-255,1484,168826,15,205810
7689,0.002163,74.125.24.0-255,7156,175982,15,205810
7690,0.002218,74.125.24.0-255,7156,183138,15,205810
7691,0.00223,74.125.24.0-255,2902,186040,15,205810
7692,0.002261,74.125.24.0-255,1484,187524,15,205810
7693,0.002314,74.125.24.0-255,6438,193962,15,205810
7694,0.002346,74.125.24.0-255,7156,201118,15,205810
7695,0.00738,172.31.36.0-255,66,201184,15,205810
7696,0.009618,74.125.24.0-255,105,201289,15,205810
7697,0.010215,172.31.36.0-255,66,201355,15,205810
7698,0.010264,172.31.36.0-255,105,201460,15,205810
7699,0.012513,74.125.24.0-255,66,201526,15,205810
7700,0.032754,172.31.36.0-255,167,201693,15,205810
7701,0.032787,172.31.36.0-255,1106,202799,15,205810
7702,0.03285,172.31.36.0-255,1514,204313,15,205810
7703,0.032852,172.31.36.0-255,1299,205612,15,205810
7704,0.034333,104.244.42.0-255,66,205678,15,205810
7705,0.034344,104.244.42.0-255,66,205744,15,205810
7706,0.034428,104.244.42.0-255,66,205810,15,205810
7707,0.0,74.125.68.0-255,153,153,15,307012
7708,3.1e-05,172.31.36.0-255,66,219,15,307012
7709,3.9e-05,74.125.68.0-255,1484,1703,15,307012
7710,4.3e-05,172.31.36.0-255,66,1769,15,307012
7711,5.6e-05,74.125.68.0-255,2902,4671,15,307012
7712,5.9e-05,172.31.36.0-255,66,4737,15,307012
7713,6.4e-05,74.125.68.0-255,2902,7639,15,307012
7714,6.6e-05,172.31.36.0-255,66,7705,15,307012
7715,7.1e-05,74.125.68.0-255,4320,12025,15,307012
7716,7.4e-05,172.31.36.0-255,66,12091,15,307012
7717,0.000114,74.125.68.0-255,5738,17829,15,307012
7718,0.000118,172.31.36.0-255,66,17895,15,307012
7719,0.000148,74.125.68.0-255,3504,21399,15,307012
7720,0.000151,172.31.36.0-255,66,21465,15,307012
7721,0.000164,172.31.36.0-255,66,21531,15,307012
7722,0.000258,74.125.68.0-255,1484,23015,15,307012
7723,0.000262,172.31.36.0-255,66,23081,15,307012
7724,0.000267,74.125.68.0-255,2902,25983,15,307012
7725,0.000269,172.31.36.0-255,66,26049,15,307012
7726,0.000299,74.125.68.0-255,5738,31787,15,307012
7727,0.000304,172.31.36.0-255,66,31853,15,307012
7728,0.000335,74.125.68.0-255,6797,38650,15,307012
7729,0.000338,172.31.36.0-255,66,38716,15,307012
7730,0.000368,74.125.68.0-255,7156,45872,15,307012
7731,0.000371,172.31.36.0-255,66,45938,15,307012
7732,0.000375,74.125.68.0-255,2902,48840,15,307012
7733,0.000377,172.31.36.0-255,66,48906,15,307012
7734,0.000382,74.125.68.0-255,4320,53226,15,307012
7735,0.000385,172.31.36.0-255,66,53292,15,307012
7736,0.000416,74.125.68.0-255,2811,56103,15,307012
7737,0.000419,172.31.36.0-255,66,56169,15,307012
7738,0.000443,74.125.68.0-255,418,56587,15,307012
7739,0.00053,74.125.68.0-255,1484,58071,15,307012
7740,0.000536,172.31.36.0-255,66,58137,15,307012
7741,0.000544,74.125.68.0-255,2902,61039,15,307012
7742,0.000557,172.31.36.0-255,66,61105,15,307012
7743,0.000565,74.125.68.0-255,5738,66843,15,307012
7744,0.000573,172.31.36.0-255,66,66909,15,307012
7745,0.000599,74.125.68.0-255,6248,73157,15,307012
7746,0.00061,172.31.36.0-255,66,73223,15,307012
7747,0.000954,74.125.68.0-255,1484,74707,15,307012
7748,0.000968,74.125.68.0-255,2902,77609,15,307012
7749,0.000972,172.31.36.0-255,66,77675,15,307012
7750,0.000977,74.125.68.0-255,4320,81995,15,307012
7751,0.000989,172.31.36.0-255,66,82061,15,307012
7752,0.000999,74.125.68.0-255,2902,84963,15,307012
7753,0.001003,172.31.36.0-255,66,85029,15,307012
7754,0.001019,74.125.68.0-255,5738,90767,15,307012
7755,0.001022,74.125.68.0-255,1484,92251,15,307012
7756,0.001023,172.31.36.0-255,66,92317,15,307012
7757,0.001025,74.125.68.0-255,2902,95219,15,307012
7758,0.001028,172.31.36.0-255,66,95285,15,307012
7759,0.00105,74.125.68.0-255,5738,101023,15,307012
7760,0.001062,172.31.36.0-255,66,101089,15,307012
7761,0.001071,74.125.68.0-255,1484,102573,15,307012
7762,0.001094,74.125.68.0-255,5020,107593,15,307012
7763,0.0011,172.31.36.0-255,66,107659,15,307012
7764,0.001302,74.125.68.0-255,1484,109143,15,307012
7765,0.001313,74.125.68.0-255,2902,112045,15,307012
7766,0.001317,172.31.36.0-255,66,112111,15,307012
7767,0.00135,74.125.68.0-255,4320,116431,15,307012
7768,0.001357,74.125.68.0-255,4320,120751,15,307012
7769,0.001381,74.125.68.0-255,4320,125071,15,307012
7770,0.001388,74.125.68.0-255,7156,132227,15,307012
7771,0.001392,172.31.36.0-255,66,132293,15,307012
7772,0.001399,172.31.36.0-255,66,132359,15,307012
7773,0.001434,74.125.68.0-255,766,133125,15,307012
7774,0.001486,172.31.36.0-255,66,133191,15,307012
7775,0.001506,74.125.68.0-255,1484,134675,15,307012
7776,0.001512,74.125.68.0-255,2902,137577,15,307012
7777,0.001514,74.125.68.0-255,1484,139061,15,307012
7778,0.001536,74.125.68.0-255,2902,141963,15,307012
7779,0.00154,74.125.68.0-255,1484,143447,15,307012
7780,0.001554,74.125.68.0-255,4320,147767,15,307012
7781,0.001655,172.31.36.0-255,66,147833,15,307012
7782,0.001778,74.125.68.0-255,1484,149317,15,307012
7783,0.001786,74.125.68.0-255,2902,152219,15,307012
7784,0.001817,172.31.36.0-255,66,152285,15,307012
7785,0.001825,74.125.68.0-255,5738,158023,15,307012
7786,0.001861,172.31.36.0-255,66,158089,15,307012
7787,0.001887,74.125.68.0-255,4320,162409,15,307012
7788,0.001906,74.125.68.0-255,5738,168147,15,307012
7789,0.001919,172.31.36.0-255,66,168213,15,307012
7790,0.00193,74.125.68.0-255,5020,173233,15,307012
7791,0.00194,172.31.36.0-255,66,173299,15,307012
7792,0.001993,74.125.68.0-255,1484,174783,15,307012
7793,0.002011,74.125.68.0-255,2902,177685,15,307012
7794,0.002027,74.125.68.0-255,5738,183423,15,307012
7795,0.00203,172.31.36.0-255,66,183489,15,307012
7796,0.002037,172.31.36.0-255,66,183555,15,307012
7797,0.002064,74.125.68.0-255,2902,186457,15,307012
7798,0.002069,74.125.68.0-255,4320,190777,15,307012
7799,0.002083,74.125.68.0-255,5738,196515,15,307012
7800,0.002117,74.125.68.0-255,2902,199417,15,307012
7801,0.002138,74.125.68.0-255,3602,203019,15,307012
7802,0.002144,74.125.68.0-255,5738,208757,15,307012
7803,0.002151,74.125.68.0-255,7156,215913,15,307012
7804,0.002186,74.125.68.0-255,1484,217397,15,307012
7805,0.002241,74.125.68.0-255,6438,223835,15,307012
7806,0.002244,74.125.68.0-255,1484,225319,15,307012
7807,0.002269,74.125.68.0-255,5738,231057,15,307012
7808,0.002287,74.125.68.0-255,4320,235377,15,307012
7809,0.00234,74.125.68.0-255,5738,241115,15,307012
7810,0.002355,74.125.68.0-255,2184,243299,15,307012
7811,0.002369,74.125.68.0-255,2902,246201,15,307012
7812,0.002388,74.125.68.0-255,5738,251939,15,307012
7813,0.002391,74.125.68.0-255,1484,253423,15,307012
7814,0.002394,74.125.68.0-255,1484,254907,15,307012
7815,0.00241,74.125.68.0-255,1484,256391,15,307012
7816,0.002433,74.125.68.0-255,4320,260711,15,307012
7817,0.002456,74.125.68.0-255,5738,266449,15,307012
7818,0.002529,74.125.68.0-255,4320,270769,15,307012
7819,0.002554,74.125.68.0-255,6438,277207,15,307012
7820,0.002563,74.125.68.0-255,1484,278691,15,307012
7821,0.002592,74.125.68.0-255,5738,284429,15,307012
7822,0.002608,74.125.68.0-255,2902,287331,15,307012
7823,0.002624,74.125.68.0-255,2902,290233,15,307012
7824,0.002644,74.125.68.0-255,6438,296671,15,307012
7825,0.002647,74.125.68.0-255,1484,298155,15,307012
7826,0.002659,74.125.68.0-255,2902,301057,15,307012
7827,0.002674,74.125.68.0-255,1263,302320,15,307012
7828,0.002794,172.31.36.0-255,66,302386,15,307012
7829,0.005427,74.125.68.0-255,105,302491,15,307012
7830,0.005454,172.31.36.0-255,66,302557,15,307012
7831,0.005489,172.31.36.0-255,105,302662,15,307012
7832,0.008104,74.125.68.0-255,66,302728,15,307012
7833,0.0341,172.31.36.0-255,167,302895,15,307012
7834,0.034137,172.31.36.0-255,1110,304005,15,307012
7835,0.034187,172.31.36.0-255,1514,305519,15,307012
7836,0.034189,172.31.36.0-255,1295,306814,15,307012
7837,0.035759,104.244.42.0-255,66,306880,15,307012
7838,0.035803,104.244.42.0-255,66,306946,15,307012
7839,0.035845,104.244.42.0-255,66,307012,15,307012
7840,0.0,74.125.24.0-255,288,288,15,235122
7841,2.3e-05,172.31.36.0-255,66,354,15,235122
7842,3e-05,74.125.24.0-255,1484,1838,15,235122
7843,3.4e-05,172.31.36.0-255,66,1904,15,235122
7844,4.9e-05,74.125.24.0-255,4320,6224,15,235122
7845,5.2e-05,172.31.36.0-255,66,6290,15,235122
7846,5.6e-05,74.125.24.0-255,1484,7774,15,235122
7847,5.9e-05,172.31.36.0-255,66,7840,15,235122
7848,0.000105,74.125.24.0-255,4320,12160,15,235122
7849,0.000109,172.31.36.0-255,66,12226,15,235122
7850,0.000122,172.31.36.0-255,66,12292,15,235122
7851,0.000135,172.31.36.0-255,66,12358,15,235122
7852,0.000149,172.31.36.0-255,66,12424,15,235122
7853,0.000174,74.125.24.0-255,3602,16026,15,235122
7854,0.000176,172.31.36.0-255,66,16092,15,235122
7855,0.000273,74.125.24.0-255,1484,17576,15,235122
7856,0.000277,172.31.36.0-255,66,17642,15,235122
7857,0.000283,74.125.24.0-255,2902,20544,15,235122
7858,0.000285,172.31.36.0-255,66,20610,15,235122
7859,0.000306,74.125.24.0-255,5738,26348,15,235122
7860,0.000308,172.31.36.0-255,66,26414,15,235122
7861,0.000321,74.125.24.0-255,1484,27898,15,235122
7862,0.000323,172.31.36.0-255,66,27964,15,235122
7863,0.000349,74.125.24.0-255,5659,33623,15,235122
7864,0.000352,172.31.36.0-255,66,33689,15,235122
7865,0.000355,74.125.24.0-255,125,33814,15,235122
7866,0.000357,172.31.36.0-255,66,33880,15,235122
7867,0.000785,74.125.24.0-255,1484,35364,15,235122
7868,0.000791,172.31.36.0-255,66,35430,15,235122
7869,0.000798,74.125.24.0-255,2902,38332,15,235122
7870,0.000803,74.125.24.0-255,2902,41234,15,235122
7871,0.000822,74.125.24.0-255,2902,44136,15,235122
7872,0.000833,172.31.36.0-255,66,44202,15,235122
7873,0.000839,74.125.24.0-255,4320,48522,15,235122
7874,0.000844,172.31.36.0-255,66,48588,15,235122
7875,0.000897,74.125.24.0-255,2184,50772,15,235122
7876,0.000911,172.31.36.0-255,66,50838,15,235122
7877,0.001538,74.125.24.0-255,1484,52322,15,235122
7878,0.001546,74.125.24.0-255,2902,55224,15,235122
7879,0.00155,172.31.36.0-255,66,55290,15,235122
7880,0.001554,74.125.24.0-255,1484,56774,15,235122
7881,0.00158,74.125.24.0-255,4320,61094,15,235122
7882,0.001584,74.125.24.0-255,2902,63996,15,235122
7883,0.001622,74.125.24.0-255,4320,68316,15,235122
7884,0.001653,74.125.24.0-255,6438,74754,15,235122
7885,0.001724,74.125.24.0-255,3602,78356,15,235122
7886,0.001828,74.125.24.0-255,1484,79840,15,235122
7887,0.001835,74.125.24.0-255,2902,82742,15,235122
7888,0.001847,74.125.24.0-255,2902,85644,15,235122
7889,0.001869,74.125.24.0-255,2902,88546,15,235122
7890,0.001875,74.125.24.0-255,5738,94284,15,235122
7891,0.001912,74.125.24.0-255,2902,97186,15,235122
7892,0.001931,74.125.24.0-255,2184,99370,15,235122
7893,0.002028,74.125.24.0-255,1484,100854,15,235122
7894,0.002035,74.125.24.0-255,2902,103756,15,235122
7895,0.002039,74.125.24.0-255,2902,106658,15,235122
7896,0.002055,74.125.24.0-255,2902,109560,15,235122
7897,0.002104,74.125.24.0-255,5738,115298,15,235122
7898,0.002194,74.125.24.0-255,7156,122454,15,235122
7899,0.00852,172.31.36.0-255,66,122520,15,235122
7900,0.01071,74.125.24.0-255,5738,128258,15,235122
7901,0.010723,172.31.36.0-255,66,128324,15,235122
7902,0.012883,74.125.24.0-255,5738,134062,15,235122
7903,0.012891,172.31.36.0-255,66,134128,15,235122
7904,0.015072,74.125.24.0-255,5738,139866,15,235122
7905,0.015829,172.31.36.0-255,66,139932,15,235122
7906,0.018021,74.125.24.0-255,5738,145670,15,235122
7907,0.018034,172.31.36.0-255,66,145736,15,235122
7908,0.020215,74.125.24.0-255,5738,151474,15,235122
7909,0.020224,172.31.36.0-255,66,151540,15,235122
7910,0.022388,74.125.24.0-255,5738,157278,15,235122
7911,0.022396,172.31.36.0-255,66,157344,15,235122
7912,0.024584,74.125.24.0-255,5738,163082,15,235122
7913,0.024595,172.31.36.0-255,66,163148,15,235122
7914,0.026771,74.125.24.0-255,5738,168886,15,235122
7915,0.026784,172.31.36.0-255,66,168952,15,235122
7916,0.029018,74.125.24.0-255,5738,174690,15,235122
7917,0.029033,172.31.36.0-255,66,174756,15,235122
7918,0.031213,74.125.24.0-255,5738,180494,15,235122
7919,0.031226,172.31.36.0-255,66,180560,15,235122
7920,0.0334,74.125.24.0-255,5738,186298,15,235122
7921,0.033413,172.31.36.0-255,66,186364,15,235122
7922,0.035261,172.31.36.0-255,167,186531,15,235122
7923,0.035299,172.31.36.0-255,1110,187641,15,235122
7924,0.035391,172.31.36.0-255,1514,189155,15,235122
7925,0.035393,172.31.36.0-255,1295,190450,15,235122
7926,0.035578,74.125.24.0-255,5738,196188,15,235122
7927,0.035587,172.31.36.0-255,66,196254,15,235122
7928,0.036975,104.244.42.0-255,66,196320,15,235122
7929,0.037058,104.244.42.0-255,66,196386,15,235122
7930,0.037062,104.244.42.0-255,66,196452,15,235122
7931,0.037768,74.125.24.0-255,5738,202190,15,235122
7932,0.037778,172.31.36.0-255,66,202256,15,235122
7933,0.037787,104.244.42.0-255,108,202364,15,235122
7934,0.037791,172.31.36.0-255,66,202430,15,235122
7935,0.039933,74.125.24.0-255,5738,208168,15,235122
7936,0.039947,172.31.36.0-255,66,208234,15,235122
7937,0.042146,74.125.24.0-255,5738,213972,15,235122
7938,0.042154,172.31.36.0-255,66,214038,15,235122
7939,0.044323,74.125.24.0-255,5738,219776,15,235122
7940,0.044332,172.31.36.0-255,66,219842,15,235122
7941,0.046522,74.125.24.0-255,5738,225580,15,235122
7942,0.04653,172.31.36.0-255,66,225646,15,235122
7943,0.048693,74.125.24.0-255,5738,231384,15,235122
7944,0.048704,172.31.36.0-255,66,231450,15,235122
7945,0.050876,74.125.24.0-255,3435,234885,15,235122
7946,0.050887,172.31.36.0-255,66,234951,15,235122
7947,0.051102,172.31.36.0-255,105,235056,15,235122
7948,0.053235,74.125.24.0-255,66,235122,15,235122
7949,0.0,172.217.194.0-255,143,143,15,366665
7950,3.8e-05,172.31.36.0-255,66,209,15,366665
7951,4.5e-05,172.217.194.0-255,1484,1693,15,366665
7952,5e-05,172.31.36.0-255,66,1759,15,366665
7953,5.5e-05,172.217.194.0-255,2902,4661,15,366665
7954,5.7e-05,172.31.36.0-255,66,4727,15,366665
7955,7.2e-05,172.217.194.0-255,7156,11883,15,366665
7956,7.5e-05,172.31.36.0-255,66,11949,15,366665
7957,7.9e-05,172.217.194.0-255,2045,13994,15,366665
7958,8.1e-05,172.31.36.0-255,66,14060,15,366665
7959,0.000105,172.217.194.0-255,2902,16962,15,366665
7960,0.000108,172.31.36.0-255,66,17028,15,366665
7961,0.000139,172.217.194.0-255,7156,24184,15,366665
7962,0.000142,172.31.36.0-255,66,24250,15,366665
7963,0.00015,172.217.194.0-255,6797,31047,15,366665
7964,0.000152,172.31.36.0-255,66,31113,15,366665
7965,0.00024,172.217.194.0-255,1484,32597,15,366665
7966,0.000244,172.31.36.0-255,66,32663,15,366665
7967,0.000249,172.217.194.0-255,1484,34147,15,366665
7968,0.000251,172.31.36.0-255,66,34213,15,366665
7969,0.000276,172.217.194.0-255,1484,35697,15,366665
7970,0.000278,172.31.36.0-255,66,35763,15,366665
7971,0.000286,172.217.194.0-255,5738,41501,15,366665
7972,0.000289,172.31.36.0-255,66,41567,15,366665
7973,0.0003,172.217.194.0-255,4320,45887,15,366665
7974,0.000303,172.31.36.0-255,66,45953,15,366665
7975,0.000391,172.217.194.0-255,2543,48496,15,366665
7976,0.000395,172.31.36.0-255,66,48562,15,366665
7977,0.000438,172.217.194.0-255,1484,50046,15,366665
7978,0.000441,172.31.36.0-255,66,50112,15,366665
7979,0.000485,172.217.194.0-255,1484,51596,15,366665
7980,0.00049,172.31.36.0-255,66,51662,15,366665
7981,0.000512,172.217.194.0-255,1484,53146,15,366665
7982,0.000545,172.217.194.0-255,5738,58884,15,366665
7983,0.000549,172.31.36.0-255,66,58950,15,366665
7984,0.000597,172.217.194.0-255,1484,60434,15,366665
7985,0.000614,172.217.194.0-255,1484,61918,15,366665
7986,0.000626,172.31.36.0-255,66,61984,15,366665
7987,0.000637,172.217.194.0-255,3961,65945,15,366665
7988,0.000662,172.31.36.0-255,66,66011,15,366665
7989,0.000691,172.217.194.0-255,645,66656,15,366665
7990,0.000856,172.217.194.0-255,1484,68140,15,366665
7991,0.00086,172.31.36.0-255,66,68206,15,366665
7992,0.000865,172.217.194.0-255,2902,71108,15,366665
7993,0.000874,172.31.36.0-255,66,71174,15,366665
7994,0.000889,172.217.194.0-255,5738,76912,15,366665
7995,0.000894,172.31.36.0-255,66,76978,15,366665
7996,0.000928,172.217.194.0-255,1484,78462,15,366665
7997,0.000956,172.31.36.0-255,66,78528,15,366665
7998,0.000963,172.217.194.0-255,5738,84266,15,366665
7999,0.00097,172.31.36.0-255,66,84332,15,366665
8000,0.000995,172.217.194.0-255,2902,87234,15,366665
8001,0.001005,172.31.36.0-255,66,87300,15,366665
8002,0.001014,172.217.194.0-255,2184,89484,15,366665
8003,0.001021,172.31.36.0-255,66,89550,15,366665
8004,0.00199,172.217.194.0-255,1484,91034,15,366665
8005,0.002,172.217.194.0-255,1484,92518,15,366665
8006,0.002005,172.31.36.0-255,66,92584,15,366665
8007,0.002024,172.217.194.0-255,1484,94068,15,366665
8008,0.002029,172.217.194.0-255,4320,98388,15,366665
8009,0.002032,172.217.194.0-255,1484,99872,15,366665
8010,0.002057,172.217.194.0-255,7156,107028,15,366665
8011,0.002066,172.31.36.0-255,66,107094,15,366665
8012,0.002077,172.217.194.0-255,1484,108578,15,366665
8013,0.002098,172.217.194.0-255,5738,114316,15,366665
8014,0.002117,172.217.194.0-255,2902,117218,15,366665
8015,0.002129,172.31.36.0-255,66,117284,15,366665
8016,0.002167,172.217.194.0-255,6438,123722,15,366665
8017,0.002196,172.31.36.0-255,66,123788,15,366665
8018,0.002199,172.217.194.0-255,1484,125272,15,366665
8019,0.002216,172.217.194.0-255,2902,128174,15,366665
8020,0.002229,172.217.194.0-255,1484,129658,15,366665
8021,0.00224,172.217.194.0-255,2902,132560,15,366665
8022,0.002251,172.31.36.0-255,66,132626,15,366665
8023,0.002254,172.217.194.0-255,1484,134110,15,366665
8024,0.002257,172.217.194.0-255,2902,137012,15,366665
8025,0.002262,172.31.36.0-255,66,137078,15,366665
8026,0.00444,172.217.194.0-255,1484,138562,15,366665
8027,0.004479,172.217.194.0-255,4320,142882,15,366665
8028,0.004483,172.31.36.0-255,66,142948,15,366665
8029,0.006669,172.217.194.0-255,4320,147268,15,366665
8030,0.006676,172.31.36.0-255,66,147334,15,366665
8031,0.006704,172.217.194.0-255,1484,148818,15,366665
8032,0.008874,172.217.194.0-255,4320,153138,15,366665
8033,0.008881,172.31.36.0-255,66,153204,15,366665
8034,0.011048,172.217.194.0-255,5738,158942,15,366665
8035,0.011098,172.31.36.0-255,66,159008,15,366665
8036,0.013311,172.217.194.0-255,5738,164746,15,366665
8037,0.013328,172.31.36.0-255,66,164812,15,366665
8038,0.015575,172.217.194.0-255,5738,170550,15,366665
8039,0.01559,172.31.36.0-255,66,170616,15,366665
8040,0.017772,172.217.194.0-255,5738,176354,15,366665
8041,0.017784,172.31.36.0-255,66,176420,15,366665
8042,0.019981,172.217.194.0-255,5738,182158,15,366665
8043,0.01999,172.31.36.0-255,66,182224,15,366665
8044,0.022215,172.217.194.0-255,5738,187962,15,366665
8045,0.022227,172.31.36.0-255,66,188028,15,366665
8046,0.024485,172.217.194.0-255,5738,193766,15,366665
8047,0.024496,172.31.36.0-255,66,193832,15,366665
8048,0.026729,172.217.194.0-255,5738,199570,15,366665
8049,0.026743,172.31.36.0-255,66,199636,15,366665
8050,0.027796,172.31.36.0-255,167,199803,15,366665
8051,0.02784,172.31.36.0-255,1110,200913,15,366665
8052,0.027917,172.31.36.0-255,1514,202427,15,366665
8053,0.02792,172.31.36.0-255,1296,203723,15,366665
8054,0.028916,172.217.194.0-255,5738,209461,15,366665
8055,0.028923,172.31.36.0-255,66,209527,15,366665
8056,0.029459,104.244.42.0-255,66,209593,15,366665
8057,0.029512,104.244.42.0-255,66,209659,15,366665
8058,0.029619,104.244.42.0-255,66,209725,15,366665
8059,0.031144,172.217.194.0-255,5738,215463,15,366665
8060,0.031151,172.31.36.0-255,66,215529,15,366665
8061,0.033383,172.217.194.0-255,5738,221267,15,366665
8062,0.033395,172.31.36.0-255,66,221333,15,366665
8063,0.035665,172.217.194.0-255,5738,227071,15,366665
8064,0.035675,172.31.36.0-255,66,227137,15,366665
8065,0.037878,172.217.194.0-255,5738,232875,15,366665
8066,0.037885,172.31.36.0-255,66,232941,15,366665
8067,0.040023,172.217.194.0-255,5738,238679,15,366665
8068,0.040029,172.31.36.0-255,66,238745,15,366665
8069,0.042205,172.217.194.0-255,5738,244483,15,366665
8070,0.042212,172.31.36.0-255,66,244549,15,366665
8071,0.044453,172.217.194.0-255,5738,250287,15,366665
8072,0.044474,172.31.36.0-255,66,250353,15,366665
8073,0.046691,172.217.194.0-255,5738,256091,15,366665
8074,0.046697,172.31.36.0-255,66,256157,15,366665
8075,0.048903,172.217.194.0-255,5738,261895,15,366665
8076,0.048914,172.31.36.0-255,66,261961,15,366665
8077,0.051146,172.217.194.0-255,5738,267699,15,366665
8078,0.051155,172.31.36.0-255,66,267765,15,366665
8079,0.053366,172.217.194.0-255,2902,270667,15,366665
8080,0.053372,172.31.36.0-255,66,270733,15,366665
8081,0.053407,172.217.194.0-255,2902,273635,15,366665
8082,0.053441,172.31.36.0-255,66,273701,15,366665
8083,0.055575,172.217.194.0-255,1484,275185,15,366665
8084,0.055612,172.217.194.0-255,4320,279505,15,366665
8085,0.055642,172.31.36.0-255,66,279571,15,366665
8086,0.057833,172.217.194.0-255,5738,285309,15,366665
8087,0.057842,172.31.36.0-255,66,285375,15,366665
8088,0.06009,172.217.194.0-255,5738,291113,15,366665
8089,0.0601,172.31.36.0-255,66,291179,15,366665
8090,0.062253,172.217.194.0-255,4320,295499,15,366665
8091,0.062259,172.31.36.0-255,66,295565,15,366665
8092,0.06229,172.217.194.0-255,1484,297049,15,366665
8093,0.064476,172.217.194.0-255,4320,301369,15,366665
8094,0.064484,172.31.36.0-255,66,301435,15,366665
8095,0.066711,172.217.194.0-255,5738,307173,15,366665
8096,0.066788,172.31.36.0-255,66,307239,15,366665
8097,0.068965,172.217.194.0-255,2902,310141,15,366665
8098,0.068971,172.31.36.0-255,66,310207,15,366665
8099,0.069003,172.217.194.0-255,2902,313109,15,366665
8100,0.06903,172.31.36.0-255,66,313175,15,366665
8101,0.071123,172.217.194.0-255,2902,316077,15,366665
8102,0.071129,172.31.36.0-255,66,316143,15,366665
8103,0.071198,172.217.194.0-255,1484,317627,15,366665
8104,0.071215,172.217.194.0-255,1484,319111,15,366665
8105,0.071225,172.31.36.0-255,66,319177,15,366665
8106,0.07334,172.217.194.0-255,2902,322079,15,366665
8107,0.073345,172.31.36.0-255,66,322145,15,366665
8108,0.073408,172.217.194.0-255,2902,325047,15,366665
8109,0.073418,172.31.36.0-255,66,325113,15,366665
8110,0.075496,172.217.194.0-255,2902,328015,15,366665
8111,0.075501,172.31.36.0-255,66,328081,15,366665
8112,0.075651,172.217.194.0-255,2902,330983,15,366665
8113,0.075657,172.31.36.0-255,66,331049,15,366665
8114,0.077718,172.217.194.0-255,2902,333951,15,366665
8115,0.077724,172.31.36.0-255,66,334017,15,366665
8116,0.077887,172.217.194.0-255,2902,336919,15,366665
8117,0.077892,172.31.36.0-255,66,336985,15,366665
8118,0.079875,172.217.194.0-255,2902,339887,15,366665
8119,0.079881,172.31.36.0-255,66,339953,15,366665
8120,0.080029,172.217.194.0-255,2902,342855,15,366665
8121,0.08026,172.31.36.0-255,66,342921,15,366665
8122,0.082127,172.217.194.0-255,2902,345823,15,366665
8123,0.082136,172.31.36.0-255,66,345889,15,366665
8124,0.082445,172.217.194.0-255,2902,348791,15,366665
8125,0.082462,172.31.36.0-255,66,348857,15,366665
8126,0.084336,172.217.194.0-255,2902,351759,15,366665
8127,0.084341,172.31.36.0-255,66,351825,15,366665
8128,0.084608,172.217.194.0-255,2902,354727,15,366665
8129,0.084615,172.31.36.0-255,66,354793,15,366665
8130,0.086542,172.217.194.0-255,2902,357695,15,366665
8131,0.086547,172.31.36.0-255,66,357761,15,366665
8132,0.086782,172.217.194.0-255,2902,360663,15,366665
8133,0.086787,172.31.36.0-255,66,360729,15,366665
8134,0.088755,172.217.194.0-255,2902,363631,15,366665
8135,0.088761,172.31.36.0-255,66,363697,15,366665
8136,0.088925,172.217.194.0-255,2902,366599,15,366665
8137,0.088931,172.31.36.0-255,66,366665,15,366665
8138,0.0,172.217.194.0-255,153,153,15,170931
8139,1.4e-05,172.217.194.0-255,1484,1637,15,170931
8140,2.3e-05,172.31.36.0-255,66,1703,15,170931
8141,3.1e-05,172.217.194.0-255,2902,4605,15,170931
8142,3.5e-05,172.31.36.0-255,66,4671,15,170931
8143,5.1e-05,172.217.194.0-255,7156,11827,15,170931
8144,5.6e-05,172.31.36.0-255,66,11893,15,170931
8145,5.9e-05,172.217.194.0-255,1484,13377,15,170931
8146,0.000122,172.31.36.0-255,66,13443,15,170931
8147,0.000134,172.31.36.0-255,66,13509,15,170931
8148,0.000159,172.217.194.0-255,1125,14634,15,170931
8149,0.000176,172.217.194.0-255,1484,16118,15,170931
8150,0.000179,172.31.36.0-255,66,16184,15,170931
8151,0.000185,172.217.194.0-255,4320,20504,15,170931
8152,0.000188,172.31.36.0-255,66,20570,15,170931
8153,0.000195,172.217.194.0-255,1484,22054,15,170931
8154,0.000225,172.31.36.0-255,66,22120,15,170931
8155,0.000229,172.217.194.0-255,1125,23245,15,170931
8156,0.000265,172.217.194.0-255,1484,24729,15,170931
8157,0.000268,172.31.36.0-255,66,24795,15,170931
8158,0.000273,172.217.194.0-255,2902,27697,15,170931
8159,0.000276,172.31.36.0-255,66,27763,15,170931
8160,0.000294,172.217.194.0-255,1484,29247,15,170931
8161,0.000305,172.217.194.0-255,5738,34985,15,170931
8162,0.000308,172.31.36.0-255,66,35051,15,170931
8163,0.000359,172.217.194.0-255,5958,41009,15,170931
8164,0.000361,172.31.36.0-255,66,41075,15,170931
8165,0.000496,172.217.194.0-255,1484,42559,15,170931
8166,0.000503,172.217.194.0-255,2902,45461,15,170931
8167,0.000507,172.31.36.0-255,66,45527,15,170931
8168,0.00051,172.217.194.0-255,1484,47011,15,170931
8169,0.000538,172.217.194.0-255,4320,51331,15,170931
8170,0.000541,172.31.36.0-255,66,51397,15,170931
8171,0.000546,172.217.194.0-255,4320,55717,15,170931
8172,0.000549,172.31.36.0-255,66,55783,15,170931
8173,0.000596,172.31.36.0-255,66,55849,15,170931
8174,0.000612,172.31.36.0-255,66,55915,15,170931
8175,0.000615,172.217.194.0-255,218,56133,15,170931
8176,0.00069,172.217.194.0-255,1484,57617,15,170931
8177,0.000694,172.31.36.0-255,66,57683,15,170931
8178,0.000698,172.217.194.0-255,1484,59167,15,170931
8179,0.000727,172.217.194.0-255,1484,60651,15,170931
8180,0.00073,172.31.36.0-255,66,60717,15,170931
8181,0.000737,172.217.194.0-255,5738,66455,15,170931
8182,0.00074,172.31.36.0-255,66,66521,15,170931
8183,0.000755,172.31.36.0-255,66,66587,15,170931
8184,0.000793,172.217.194.0-255,4320,70907,15,170931
8185,0.000796,172.31.36.0-255,66,70973,15,170931
8186,0.000807,172.31.36.0-255,66,71039,15,170931
8187,0.000832,172.31.36.0-255,66,71105,15,170931
8188,0.0013,172.217.194.0-255,1484,72589,15,170931
8189,0.001304,172.217.194.0-255,1484,74073,15,170931
8190,0.001315,172.31.36.0-255,66,74139,15,170931
8191,0.00132,172.217.194.0-255,1484,75623,15,170931
8192,0.001324,172.217.194.0-255,2902,78525,15,170931
8193,0.001326,172.31.36.0-255,66,78591,15,170931
8194,0.001363,172.217.194.0-255,2902,81493,15,170931
8195,0.001366,172.31.36.0-255,66,81559,15,170931
8196,0.001383,172.31.36.0-255,66,81625,15,170931
8197,0.00139,172.217.194.0-255,5738,87363,15,170931
8198,0.001392,172.31.36.0-255,66,87429,15,170931
8199,0.001418,172.217.194.0-255,5020,92449,15,170931
8200,0.00142,172.31.36.0-255,66,92515,15,170931
8201,0.001998,172.217.194.0-255,1484,93999,15,170931
8202,0.002005,172.217.194.0-255,2902,96901,15,170931
8203,0.002008,172.31.36.0-255,66,96967,15,170931
8204,0.002016,172.217.194.0-255,5738,102705,15,170931
8205,0.002018,172.31.36.0-255,66,102771,15,170931
8206,0.002024,172.217.194.0-255,4320,107091,15,170931
8207,0.002027,172.31.36.0-255,66,107157,15,170931
8208,0.002132,172.217.194.0-255,5738,112895,15,170931
8209,0.002143,172.31.36.0-255,66,112961,15,170931
8210,0.002158,172.31.36.0-255,66,113027,15,170931
8211,0.002223,172.217.194.0-255,1484,114511,15,170931
8212,0.002228,172.217.194.0-255,2902,117413,15,170931
8213,0.002231,172.31.36.0-255,66,117479,15,170931
8214,0.002235,172.217.194.0-255,1484,118963,15,170931
8215,0.002263,172.217.194.0-255,4320,123283,15,170931
8216,0.002266,172.31.36.0-255,66,123349,15,170931
8217,0.002272,172.217.194.0-255,5738,129087,15,170931
8218,0.002275,172.31.36.0-255,66,129153,15,170931
8219,0.002293,172.31.36.0-255,66,129219,15,170931
8220,0.002325,172.217.194.0-255,1484,130703,15,170931
8221,0.002351,172.217.194.0-255,3602,134305,15,170931
8222,0.002354,172.31.36.0-255,66,134371,15,170931
8223,0.002432,172.217.194.0-255,1484,135855,15,170931
8224,0.002457,172.217.194.0-255,2902,138757,15,170931
8225,0.002461,172.31.36.0-255,66,138823,15,170931
8226,0.002468,172.217.194.0-255,5738,144561,15,170931
8227,0.00247,172.31.36.0-255,66,144627,15,170931
8228,0.002473,172.217.194.0-255,1484,146111,15,170931
8229,0.002494,172.31.36.0-255,66,146177,15,170931
8230,0.002548,172.31.36.0-255,66,146243,15,170931
8231,0.002551,172.217.194.0-255,1484,147727,15,170931
8232,0.002555,172.217.194.0-255,2902,150629,15,170931
8233,0.002557,172.31.36.0-255,66,150695,15,170931
8234,0.002603,172.31.36.0-255,66,150761,15,170931
8235,0.002609,172.217.194.0-255,7156,157917,15,170931
8236,0.002612,172.31.36.0-255,66,157983,15,170931
8237,0.002645,172.31.36.0-255,66,158049,15,170931
8238,0.002662,172.217.194.0-255,766,158815,15,170931
8239,0.002665,172.217.194.0-255,1484,160299,15,170931
8240,0.002667,172.31.36.0-255,66,160365,15,170931
8241,0.002682,172.31.36.0-255,66,160431,15,170931
8242,0.002693,172.31.36.0-255,66,160497,15,170931
8243,0.002736,172.217.194.0-255,766,161263,15,170931
8244,0.002741,172.217.194.0-255,2902,164165,15,170931
8245,0.002744,172.31.36.0-255,66,164231,15,170931
8246,0.002768,172.31.36.0-255,66,164297,15,170931
8247,0.002785,172.217.194.0-255,2902,167199,15,170931
8248,0.002788,172.31.36.0-255,66,167265,15,170931
8249,0.002831,172.31.36.0-255,66,167331,15,170931
8250,0.002834,172.217.194.0-255,105,167436,15,170931
8251,0.008901,172.31.36.0-255,105,167541,15,170931
8252,0.011243,172.217.194.0-255,66,167607,15,170931
8253,0.02847,172.31.36.0-255,172,167779,15,170931
8254,0.028517,172.31.36.0-255,1109,168888,15,170931
8255,0.028582,172.31.36.0-255,1514,170402,15,170931
8256,0.028584,172.31.36.0-255,331,170733,15,170931
8257,0.030043,104.244.42.0-255,66,170799,15,170931
8258,0.030094,104.244.42.0-255,66,170865,15,170931
8259,0.030133,104.244.42.0-255,66,170931,15,170931
8260,0.0,172.217.194.0-255,153,153,15,154953
8261,2.2e-05,172.31.36.0-255,66,219,15,154953
8262,2.9e-05,172.217.194.0-255,1484,1703,15,154953
8263,3.4e-05,172.31.36.0-255,66,1769,15,154953
8264,4.8e-05,172.217.194.0-255,2902,4671,15,154953
8265,5.2e-05,172.31.36.0-255,66,4737,15,154953
8266,6e-05,172.217.194.0-255,7156,11893,15,154953
8267,6.3e-05,172.31.36.0-255,66,11959,15,154953
8268,6.6e-05,172.217.194.0-255,1484,13443,15,154953
8269,6.8e-05,172.31.36.0-255,66,13509,15,154953
8270,7.2e-05,172.217.194.0-255,632,14141,15,154953
8271,7.4e-05,172.31.36.0-255,66,14207,15,154953
8272,0.000118,172.217.194.0-255,1484,15691,15,154953
8273,0.000121,172.31.36.0-255,66,15757,15,154953
8274,0.000126,172.217.194.0-255,2902,18659,15,154953
8275,0.000129,172.31.36.0-255,66,18725,15,154953
8276,0.00014,172.217.194.0-255,4320,23045,15,154953
8277,0.000142,172.31.36.0-255,66,23111,15,154953
8278,0.000183,172.31.36.0-255,66,23177,15,154953
8279,0.000187,172.217.194.0-255,1484,24661,15,154953
8280,0.000188,172.31.36.0-255,66,24727,15,154953
8281,0.000211,172.217.194.0-255,4320,29047,15,154953
8282,0.000214,172.31.36.0-255,66,29113,15,154953
8283,0.000227,172.31.36.0-255,66,29179,15,154953
8284,0.000264,172.217.194.0-255,5738,34917,15,154953
8285,0.000267,172.31.36.0-255,66,34983,15,154953
8286,0.000278,172.31.36.0-255,66,35049,15,154953
8287,0.000285,172.217.194.0-255,1376,36425,15,154953
8288,0.000288,172.31.36.0-255,66,36491,15,154953
8289,0.000334,172.217.194.0-255,1484,37975,15,154953
8290,0.000351,172.217.194.0-255,2902,40877,15,154953
8291,0.000354,172.31.36.0-255,66,40943,15,154953
8292,0.000361,172.217.194.0-255,5738,46681,15,154953
8293,0.000364,172.31.36.0-255,66,46747,15,154953
8294,0.000398,172.217.194.0-255,6797,53544,15,154953
8295,0.0004,172.31.36.0-255,66,53610,15,154953
8296,0.000425,172.217.194.0-255,2902,56512,15,154953
8297,0.000427,172.31.36.0-255,66,56578,15,154953
8298,0.000467,172.31.36.0-255,66,56644,15,154953
8299,0.000472,172.217.194.0-255,2543,59187,15,154953
8300,0.000474,172.31.36.0-255,66,59253,15,154953
8301,0.000529,172.217.194.0-255,1484,60737,15,154953
8302,0.000549,172.217.194.0-255,2902,63639,15,154953
8303,0.000552,172.31.36.0-255,66,63705,15,154953
8304,0.000559,172.217.194.0-255,5738,69443,15,154953
8305,0.000562,172.31.36.0-255,66,69509,15,154953
8306,0.000632,172.31.36.0-255,66,69575,15,154953
8307,0.000649,172.31.36.0-255,66,69641,15,154953
8308,0.000653,172.217.194.0-255,766,70407,15,154953
8309,0.00135,172.31.36.0-255,101,70508,15,154953
8310,0.001608,172.217.194.0-255,1484,71992,15,154953
8311,0.001615,172.217.194.0-255,2902,74894,15,154953
8312,0.001619,172.31.36.0-255,66,74960,15,154953
8313,0.001625,172.217.194.0-255,4320,79280,15,154953
8314,0.001627,172.31.36.0-255,66,79346,15,154953
8315,0.001637,172.217.194.0-255,2902,82248,15,154953
8316,0.001639,172.31.36.0-255,66,82314,15,154953
8317,0.001672,172.217.194.0-255,5738,88052,15,154953
8318,0.001674,172.31.36.0-255,66,88118,15,154953
8319,0.001678,172.217.194.0-255,1484,89602,15,154953
8320,0.001712,172.31.36.0-255,66,89668,15,154953
8321,0.002986,172.217.194.0-255,1484,91152,15,154953
8322,0.002998,172.217.194.0-255,2902,94054,15,154953
8323,0.003002,172.31.36.0-255,66,94120,15,154953
8324,0.003039,172.217.194.0-255,5738,99858,15,154953
8325,0.003042,172.31.36.0-255,66,99924,15,154953
8326,0.00305,172.217.194.0-255,7156,107080,15,154953
8327,0.003052,172.31.36.0-255,66,107146,15,154953
8328,0.003088,172.217.194.0-255,5738,112884,15,154953
8329,0.003091,172.31.36.0-255,66,112950,15,154953
8330,0.003108,172.31.36.0-255,66,113016,15,154953
8331,0.003111,172.217.194.0-255,766,113782,15,154953
8332,0.003198,172.217.194.0-255,1484,115266,15,154953
8333,0.003202,172.31.36.0-255,66,115332,15,154953
8334,0.003208,172.217.194.0-255,2902,118234,15,154953
8335,0.00321,172.31.36.0-255,66,118300,15,154953
8336,0.003235,172.217.194.0-255,5738,124038,15,154953
8337,0.003242,172.31.36.0-255,66,124104,15,154953
8338,0.003254,172.31.36.0-255,66,124170,15,154953
8339,0.00329,172.217.194.0-255,4320,128490,15,154953
8340,0.003292,172.31.36.0-255,66,128556,15,154953
8341,0.003303,172.31.36.0-255,66,128622,15,154953
8342,0.003318,172.31.36.0-255,66,128688,15,154953
8343,0.003361,172.31.36.0-255,66,128754,15,154953
8344,0.003377,172.31.36.0-255,66,128820,15,154953
8345,0.003385,172.217.194.0-255,7156,135976,15,154953
8346,0.003388,172.31.36.0-255,66,136042,15,154953
8347,0.003427,172.31.36.0-255,66,136108,15,154953
8348,0.003448,172.31.36.0-255,66,136174,15,154953
8349,0.003455,172.217.194.0-255,6438,142612,15,154953
8350,0.003458,172.31.36.0-255,66,142678,15,154953
8351,0.003493,172.217.194.0-255,1484,144162,15,154953
8352,0.003546,172.31.36.0-255,66,144228,15,154953
8353,0.003558,172.31.36.0-255,66,144294,15,154953
8354,0.003584,172.31.36.0-255,66,144360,15,154953
8355,0.003591,172.217.194.0-255,5738,150098,15,154953
8356,0.003594,172.31.36.0-255,66,150164,15,154953
8357,0.00365,172.31.36.0-255,66,150230,15,154953
8358,0.003654,172.217.194.0-255,97,150327,15,154953
8359,0.003656,172.217.194.0-255,105,150432,15,154953
8360,0.009452,172.31.36.0-255,66,150498,15,154953
8361,0.009486,172.31.36.0-255,105,150603,15,154953
8362,0.015583,172.217.194.0-255,66,150669,15,154953
8363,0.034534,172.31.36.0-255,167,150836,15,154953
8364,0.03457,172.31.36.0-255,1106,151942,15,154953
8365,0.034628,172.31.36.0-255,1514,153456,15,154953
8366,0.03463,172.31.36.0-255,1299,154755,15,154953
8367,0.036079,104.244.42.0-255,66,154821,15,154953
8368,0.036119,104.244.42.0-255,66,154887,15,154953
8369,0.036223,104.244.42.0-255,66,154953,15,154953
8370,0.0,172.217.194.0-255,298,298,15,211071
8371,3.3e-05,172.31.36.0-255,66,364,15,211071
8372,4.1e-05,172.217.194.0-255,1484,1848,15,211071
8373,4.5e-05,172.31.36.0-255,66,1914,15,211071
8374,5.1e-05,172.217.194.0-255,4320,6234,15,211071
8375,5.4e-05,172.31.36.0-255,66,6300,15,211071
8376,5.9e-05,172.217.194.0-255,2902,9202,15,211071
8377,6.1e-05,172.31.36.0-255,66,9268,15,211071
8378,8.1e-05,172.217.194.0-255,4320,13588,15,211071
8379,8.3e-05,172.31.36.0-255,66,13654,15,211071
8380,0.0001,172.217.194.0-255,2902,16556,15,211071
8381,0.000102,172.31.36.0-255,66,16622,15,211071
8382,0.000137,172.31.36.0-255,66,16688,15,211071
8383,0.000142,172.217.194.0-255,3961,20649,15,211071
8384,0.000144,172.31.36.0-255,66,20715,15,211071
8385,0.000522,172.217.194.0-255,1484,22199,15,211071
8386,0.000528,172.31.36.0-255,66,22265,15,211071
8387,0.000533,172.217.194.0-255,2902,25167,15,211071
8388,0.000536,172.31.36.0-255,66,25233,15,211071
8389,0.000542,172.217.194.0-255,5738,30971,15,211071
8390,0.000547,172.31.36.0-255,66,31037,15,211071
8391,0.000583,172.31.36.0-255,66,31103,15,211071
8392,0.000587,172.217.194.0-255,2902,34005,15,211071
8393,0.000589,172.31.36.0-255,66,34071,15,211071
8394,0.000623,172.31.36.0-255,66,34137,15,211071
8395,0.000665,172.217.194.0-255,366,34503,15,211071
8396,0.00067,172.31.36.0-255,66,34569,15,211071
8397,0.000706,172.217.194.0-255,1484,36053,15,211071
8398,0.000709,172.31.36.0-255,66,36119,15,211071
8399,0.000716,172.217.194.0-255,4320,40439,15,211071
8400,0.000719,172.31.36.0-255,66,40505,15,211071
8401,0.000734,172.217.194.0-255,4320,44825,15,211071
8402,0.000737,172.31.36.0-255,66,44891,15,211071
8403,0.000757,172.217.194.0-255,1484,46375,15,211071
8404,0.000763,172.217.194.0-255,2902,49277,15,211071
8405,0.000765,172.31.36.0-255,66,49343,15,211071
8406,0.000784,172.217.194.0-255,4320,53663,15,211071
8407,0.000787,172.31.36.0-255,66,53729,15,211071
8408,0.000799,172.31.36.0-255,66,53795,15,211071
8409,0.000833,172.217.194.0-255,3602,57397,15,211071
8410,0.000836,172.31.36.0-255,66,57463,15,211071
8411,0.000929,172.217.194.0-255,1484,58947,15,211071
8412,0.000935,172.217.194.0-255,2902,61849,15,211071
8413,0.000939,172.31.36.0-255,66,61915,15,211071
8414,0.000963,172.217.194.0-255,5738,67653,15,211071
8415,0.000966,172.31.36.0-255,66,67719,15,211071
8416,0.000987,172.217.194.0-255,1484,69203,15,211071
8417,0.001006,172.217.194.0-255,7156,76359,15,211071
8418,0.001009,172.31.36.0-255,66,76425,15,211071
8419,0.001032,172.217.194.0-255,2902,79327,15,211071
8420,0.001036,172.31.36.0-255,66,79393,15,211071
8421,0.001045,172.31.36.0-255,66,79459,15,211071
8422,0.001082,172.217.194.0-255,7156,86615,15,211071
8423,0.001085,172.31.36.0-255,66,86681,15,211071
8424,0.001108,172.217.194.0-255,5738,92419,15,211071
8425,0.001111,172.31.36.0-255,66,92485,15,211071
8426,0.001125,172.31.36.0-255,66,92551,15,211071
8427,0.001132,172.217.194.0-255,6438,98989,15,211071
8428,0.001135,172.31.36.0-255,66,99055,15,211071
8429,0.001141,172.217.194.0-255,7156,106211,15,211071
8430,0.001144,172.31.36.0-255,66,106277,15,211071
8431,0.001147,172.217.194.0-255,1484,107761,15,211071
8432,0.001177,172.217.194.0-255,7156,114917,15,211071
8433,0.00118,172.31.36.0-255,66,114983,15,211071
8434,0.001187,172.217.194.0-255,7156,122139,15,211071
8435,0.00119,172.31.36.0-255,66,122205,15,211071
8436,0.001215,172.31.36.0-255,66,122271,15,211071
8437,0.001219,172.217.194.0-255,3602,125873,15,211071
8438,0.001221,172.31.36.0-255,66,125939,15,211071
8439,0.001224,172.217.194.0-255,1484,127423,15,211071
8440,0.001243,172.217.194.0-255,7156,134579,15,211071
8441,0.001247,172.31.36.0-255,66,134645,15,211071
8442,0.001285,172.31.36.0-255,66,134711,15,211071
8443,0.001296,172.31.36.0-255,66,134777,15,211071
8444,0.001351,172.217.194.0-255,1484,136261,15,211071
8445,0.001356,172.217.194.0-255,2902,139163,15,211071
8446,0.001359,172.31.36.0-255,66,139229,15,211071
8447,0.001384,172.217.194.0-255,5738,144967,15,211071
8448,0.001388,172.31.36.0-255,66,145033,15,211071
8449,0.00143,172.31.36.0-255,66,145099,15,211071
8450,0.001461,172.217.194.0-255,4320,149419,15,211071
8451,0.001465,172.31.36.0-255,66,149485,15,211071
8452,0.001489,172.217.194.0-255,6438,155923,15,211071
8453,0.001492,172.31.36.0-255,66,155989,15,211071
8454,0.00155,172.217.194.0-255,1484,157473,15,211071
8455,0.001556,172.217.194.0-255,2902,160375,15,211071
8456,0.00156,172.31.36.0-255,66,160441,15,211071
8457,0.001577,172.217.194.0-255,1484,161925,15,211071
8458,0.001596,172.217.194.0-255,4320,166245,15,211071
8459,0.001599,172.31.36.0-255,66,166311,15,211071
8460,0.001604,172.217.194.0-255,4320,170631,15,211071
8461,0.001607,172.31.36.0-255,66,170697,15,211071
8462,0.001623,172.217.194.0-255,2902,173599,15,211071
8463,0.001626,172.31.36.0-255,66,173665,15,211071
8464,0.00165,172.217.194.0-255,7156,180821,15,211071
8465,0.001654,172.31.36.0-255,66,180887,15,211071
8466,0.001673,172.217.194.0-255,1484,182371,15,211071
8467,0.001684,172.31.36.0-255,66,182437,15,211071
8468,0.001726,172.217.194.0-255,1484,183921,15,211071
8469,0.00173,172.217.194.0-255,1484,185405,15,211071
8470,0.001733,172.31.36.0-255,66,185471,15,211071
8471,0.001749,172.217.194.0-255,1484,186955,15,211071
8472,0.001754,172.217.194.0-255,2902,189857,15,211071
8473,0.001757,172.31.36.0-255,66,189923,15,211071
8474,0.001771,172.217.194.0-255,2902,192825,15,211071
8475,0.001774,172.31.36.0-255,66,192891,15,211071
8476,0.001777,172.217.194.0-255,1484,194375,15,211071
8477,0.001816,172.31.36.0-255,66,194441,15,211071
8478,0.001829,172.31.36.0-255,66,194507,15,211071
8479,0.0019,172.31.36.0-255,66,194573,15,211071
8480,0.001913,172.217.194.0-255,2902,197475,15,211071
8481,0.001916,172.31.36.0-255,66,197541,15,211071
8482,0.001921,172.217.194.0-255,4320,201861,15,211071
8483,0.001924,172.31.36.0-255,66,201927,15,211071
8484,0.001967,172.31.36.0-255,66,201993,15,211071
8485,0.001973,172.217.194.0-255,4320,206313,15,211071
8486,0.001976,172.31.36.0-255,66,206379,15,211071
8487,0.001997,172.31.36.0-255,66,206445,15,211071
8488,0.002021,172.217.194.0-255,105,206550,15,211071
8489,0.003919,172.31.36.0-255,66,206616,15,211071
8490,0.003948,172.31.36.0-255,105,206721,15,211071
8491,0.006054,172.217.194.0-255,66,206787,15,211071
8492,0.031114,172.31.36.0-255,167,206954,15,211071
8493,0.031163,172.31.36.0-255,1110,208064,15,211071
8494,0.031187,172.31.36.0-255,1514,209578,15,211071
8495,0.031189,172.31.36.0-255,1295,210873,15,211071
8496,0.032776,104.244.42.0-255,66,210939,15,211071
8497,0.032788,104.244.42.0-255,66,211005,15,211071
8498,0.03285,104.244.42.0-255,66,211071,15,211071
8499,0.0,74.125.24.0-255,149,149,15,181915
8500,1.4e-05,74.125.24.0-255,1484,1633,15,181915
8501,2.1e-05,172.31.36.0-255,66,1699,15,181915
8502,2.9e-05,74.125.24.0-255,2902,4601,15,181915
8503,3.2e-05,172.31.36.0-255,66,4667,15,181915
8504,3.9e-05,74.125.24.0-255,5738,10405,15,181915
8505,4.2e-05,172.31.36.0-255,66,10471,15,181915
8506,6.8e-05,74.125.24.0-255,7156,17627,15,181915
8507,7.1e-05,172.31.36.0-255,66,17693,15,181915
8508,9.3e-05,74.125.24.0-255,6288,23981,15,181915
8509,9.6e-05,172.31.36.0-255,66,24047,15,181915
8510,0.000136,74.125.24.0-255,4320,28367,15,181915
8511,0.000139,172.31.36.0-255,66,28433,15,181915
8512,0.000157,74.125.24.0-255,2543,30976,15,181915
8513,0.000159,172.31.36.0-255,66,31042,15,181915
8514,0.000315,74.125.24.0-255,1484,32526,15,181915
8515,0.000323,74.125.24.0-255,2902,35428,15,181915
8516,0.000327,172.31.36.0-255,66,35494,15,181915
8517,0.000369,74.125.24.0-255,5738,41232,15,181915
8518,0.000373,172.31.36.0-255,66,41298,15,181915
8519,0.000389,74.125.24.0-255,5738,47036,15,181915
8520,0.000439,74.125.24.0-255,2902,49938,15,181915
8521,0.000462,74.125.24.0-255,6797,56735,15,181915
8522,0.000472,172.31.36.0-255,66,56801,15,181915
8523,0.001086,74.125.24.0-255,645,57446,15,181915
8524,0.001246,74.125.24.0-255,1484,58930,15,181915
8525,0.001252,172.31.36.0-255,66,58996,15,181915
8526,0.001259,74.125.24.0-255,2902,61898,15,181915
8527,0.001261,172.31.36.0-255,66,61964,15,181915
8528,0.001268,74.125.24.0-255,5738,67702,15,181915
8529,0.001271,172.31.36.0-255,66,67768,15,181915
8530,0.001292,74.125.24.0-255,5738,73506,15,181915
8531,0.001294,172.31.36.0-255,66,73572,15,181915
8532,0.001326,74.125.24.0-255,7156,80728,15,181915
8533,0.001329,172.31.36.0-255,66,80794,15,181915
8534,0.001337,74.125.24.0-255,7156,87950,15,181915
8535,0.001339,172.31.36.0-255,66,88016,15,181915
8536,0.001382,74.125.24.0-255,3602,91618,15,181915
8537,0.001385,172.31.36.0-255,66,91684,15,181915
8538,0.001939,74.125.24.0-255,1484,93168,15,181915
8539,0.001945,74.125.24.0-255,1484,94652,15,181915
8540,0.001949,172.31.36.0-255,66,94718,15,181915
8541,0.00197,74.125.24.0-255,1484,96202,15,181915
8542,0.001976,74.125.24.0-255,5738,101940,15,181915
8543,0.001991,74.125.24.0-255,1484,103424,15,181915
8544,0.002028,74.125.24.0-255,5738,109162,15,181915
8545,0.002041,74.125.24.0-255,3602,112764,15,181915
8546,0.002069,74.125.24.0-255,2902,115666,15,181915
8547,0.002086,74.125.24.0-255,7156,122822,15,181915
8548,0.00209,74.125.24.0-255,1484,124306,15,181915
8549,0.00214,74.125.24.0-255,1484,125790,15,181915
8550,0.002585,74.125.24.0-255,1484,127274,15,181915
8551,0.002602,74.125.24.0-255,2902,130176,15,181915
8552,0.002609,74.125.24.0-255,5738,135914,15,181915
8553,0.002635,74.125.24.0-255,5738,141652,15,181915
8554,0.002657,74.125.24.0-255,7156,148808,15,181915
8555,0.002685,74.125.24.0-255,1484,150292,15,181915
8556,0.002898,74.125.24.0-255,1484,151776,15,181915
8557,0.002903,74.125.24.0-255,2902,154678,15,181915
8558,0.002907,74.125.24.0-255,2902,157580,15,181915
8559,0.002925,74.125.24.0-255,2902,160482,15,181915
8560,0.00293,74.125.24.0-255,2902,163384,15,181915
8561,0.003084,74.125.24.0-255,1484,164868,15,181915
8562,0.003153,74.125.24.0-255,4320,169188,15,181915
8563,0.003184,74.125.24.0-255,4320,173508,15,181915
8564,0.003256,74.125.24.0-255,3602,177110,15,181915
8565,0.003311,74.125.24.0-255,105,177215,15,181915
8566,0.003583,172.31.36.0-255,66,177281,15,181915
8567,0.006117,172.31.36.0-255,105,177386,15,181915
8568,0.008394,74.125.24.0-255,66,177452,15,181915
8569,0.032204,172.31.36.0-255,172,177624,15,181915
8570,0.032238,172.31.36.0-255,1109,178733,15,181915
8571,0.032347,172.31.36.0-255,1514,180247,15,181915
8572,0.032349,172.31.36.0-255,1296,181543,15,181915
8573,0.03378,104.244.42.0-255,66,181609,15,181915
8574,0.033817,104.244.42.0-255,66,181675,15,181915
8575,0.033915,104.244.42.0-255,66,181741,15,181915
8576,0.034519,104.244.42.0-255,108,181849,15,181915
8577,0.034528,172.31.36.0-255,66,181915,15,181915
8578,0.0,74.125.68.0-255,152,152,15,341533
8579,4.1e-05,74.125.68.0-255,1484,1636,15,341533
8580,4.8e-05,172.31.36.0-255,66,1702,15,341533
8581,5.5e-05,74.125.68.0-255,2902,4604,15,341533
8582,5.8e-05,172.31.36.0-255,66,4670,15,341533
8583,6.2e-05,74.125.68.0-255,2902,7572,15,341533
8584,6.6e-05,172.31.36.0-255,66,7638,15,341533
8585,9.1e-05,74.125.68.0-255,2902,10540,15,341533
8586,9.4e-05,172.31.36.0-255,66,10606,15,341533
8587,9.9e-05,74.125.68.0-255,3453,14059,15,341533
8588,0.000101,172.31.36.0-255,66,14125,15,341533
8589,0.000121,74.125.68.0-255,1484,15609,15,341533
8590,0.000133,74.125.68.0-255,2902,18511,15,341533
8591,0.000137,172.31.36.0-255,66,18577,15,341533
8592,0.000141,74.125.68.0-255,2902,21479,15,341533
8593,0.000143,172.31.36.0-255,66,21545,15,341533
8594,0.000147,74.125.68.0-255,1484,23029,15,341533
8595,0.000172,74.125.68.0-255,2902,25931,15,341533
8596,0.000175,172.31.36.0-255,66,25997,15,341533
8597,0.000182,74.125.68.0-255,5379,31376,15,341533
8598,0.000184,172.31.36.0-255,66,31442,15,341533
8599,0.000275,74.125.68.0-255,1484,32926,15,341533
8600,0.00028,74.125.68.0-255,2902,35828,15,341533
8601,0.000283,172.31.36.0-255,66,35894,15,341533
8602,0.000303,74.125.68.0-255,5738,41632,15,341533
8603,0.000306,172.31.36.0-255,66,41698,15,341533
8604,0.000346,74.125.68.0-255,6797,48495,15,341533
8605,0.000351,172.31.36.0-255,66,48561,15,341533
8606,0.000375,74.125.68.0-255,5738,54299,15,341533
8607,0.000378,172.31.36.0-255,66,54365,15,341533
8608,0.000391,74.125.68.0-255,1484,55849,15,341533
8609,0.000396,74.125.68.0-255,2902,58751,15,341533
8610,0.000399,172.31.36.0-255,66,58817,15,341533
8611,0.000405,74.125.68.0-255,4320,63137,15,341533
8612,0.000407,172.31.36.0-255,66,63203,15,341533
8613,0.000464,74.125.68.0-255,2822,66025,15,341533
8614,0.000468,172.31.36.0-255,66,66091,15,341533
8615,0.000485,74.125.68.0-255,131,66222,15,341533
8616,0.000586,74.125.68.0-255,1484,67706,15,341533
8617,0.00059,172.31.36.0-255,66,67772,15,341533
8618,0.000594,74.125.68.0-255,1484,69256,15,341533
8619,0.000608,74.125.68.0-255,1484,70740,15,341533
8620,0.00061,172.31.36.0-255,66,70806,15,341533
8621,0.000617,74.125.68.0-255,5738,76544,15,341533
8622,0.00062,172.31.36.0-255,66,76610,15,341533
8623,0.000647,74.125.68.0-255,6493,83103,15,341533
8624,0.000649,172.31.36.0-255,66,83169,15,341533
8625,0.000752,74.125.68.0-255,1484,84653,15,341533
8626,0.000768,74.125.68.0-255,1484,86137,15,341533
8627,0.000772,172.31.36.0-255,66,86203,15,341533
8628,0.00079,74.125.68.0-255,1484,87687,15,341533
8629,0.000795,74.125.68.0-255,4320,92007,15,341533
8630,0.000797,74.125.68.0-255,1484,93491,15,341533
8631,0.000799,172.31.36.0-255,66,93557,15,341533
8632,0.00082,74.125.68.0-255,4320,97877,15,341533
8633,0.000823,172.31.36.0-255,66,97943,15,341533
8634,0.000854,74.125.68.0-255,2902,100845,15,341533
8635,0.000858,172.31.36.0-255,66,100911,15,341533
8636,0.000881,172.31.36.0-255,66,100977,15,341533
8637,0.000886,74.125.68.0-255,2902,103879,15,341533
8638,0.000888,172.31.36.0-255,66,103945,15,341533
8639,0.000908,74.125.68.0-255,5020,108965,15,341533
8640,0.000911,172.31.36.0-255,66,109031,15,341533
8641,0.001801,74.125.68.0-255,1484,110515,15,341533
8642,0.001814,74.125.68.0-255,2902,113417,15,341533
8643,0.00182,172.31.36.0-255,66,113483,15,341533
8644,0.001842,74.125.68.0-255,1484,114967,15,341533
8645,0.001858,74.125.68.0-255,2902,117869,15,341533
8646,0.00186,172.31.36.0-255,66,117935,15,341533
8647,0.001875,74.125.68.0-255,4320,122255,15,341533
8648,0.001878,172.31.36.0-255,66,122321,15,341533
8649,0.001883,74.125.68.0-255,2902,125223,15,341533
8650,0.001884,172.31.36.0-255,66,125289,15,341533
8651,0.001904,74.125.68.0-255,2902,128191,15,341533
8652,0.001906,172.31.36.0-255,66,128257,15,341533
8653,0.001911,74.125.68.0-255,2902,131159,15,341533
8654,0.001913,172.31.36.0-255,66,131225,15,341533
8655,0.001938,172.31.36.0-255,66,131291,15,341533
8656,0.001942,74.125.68.0-255,3602,134893,15,341533
8657,0.001944,172.31.36.0-255,66,134959,15,341533
8658,0.002545,74.125.68.0-255,1484,136443,15,341533
8659,0.002548,74.125.68.0-255,1484,137927,15,341533
8660,0.00255,172.31.36.0-255,66,137993,15,341533
8661,0.002571,74.125.68.0-255,1484,139477,15,341533
8662,0.002576,74.125.68.0-255,5738,145215,15,341533
8663,0.002578,172.31.36.0-255,66,145281,15,341533
8664,0.002582,74.125.68.0-255,2902,148183,15,341533
8665,0.002583,172.31.36.0-255,66,148249,15,341533
8666,0.002598,74.125.68.0-255,4320,152569,15,341533
8667,0.0026,172.31.36.0-255,66,152635,15,341533
8668,0.002624,74.125.68.0-255,2902,155537,15,341533
8669,0.002626,172.31.36.0-255,66,155603,15,341533
8670,0.002646,74.125.68.0-255,5738,161341,15,341533
8671,0.002648,172.31.36.0-255,66,161407,15,341533
8672,0.002652,74.125.68.0-255,2902,164309,15,341533
8673,0.002654,172.31.36.0-255,66,164375,15,341533
8674,0.002667,74.125.68.0-255,1484,165859,15,341533
8675,0.00268,74.125.68.0-255,3602,169461,15,341533
8676,0.002683,172.31.36.0-255,66,169527,15,341533
8677,0.00311,74.125.68.0-255,1484,171011,15,341533
8678,0.003122,74.125.68.0-255,2902,173913,15,341533
8679,0.003124,172.31.36.0-255,66,173979,15,341533
8680,0.003143,74.125.68.0-255,4320,178299,15,341533
8681,0.003145,172.31.36.0-255,66,178365,15,341533
8682,0.00316,74.125.68.0-255,5738,184103,15,341533
8683,0.003162,172.31.36.0-255,66,184169,15,341533
8684,0.003194,74.125.68.0-255,4320,188489,15,341533
8685,0.003196,172.31.36.0-255,66,188555,15,341533
8686,0.003217,74.125.68.0-255,5738,194293,15,341533
8687,0.00322,172.31.36.0-255,66,194359,15,341533
8688,0.003223,74.125.68.0-255,1484,195843,15,341533
8689,0.003229,74.125.68.0-255,5738,201581,15,341533
8690,0.003231,172.31.36.0-255,66,201647,15,341533
8691,0.003233,74.125.68.0-255,1484,203131,15,341533
8692,0.003236,74.125.68.0-255,766,203897,15,341533
8693,0.003237,172.31.36.0-255,66,203963,15,341533
8694,0.003383,74.125.68.0-255,1484,205447,15,341533
8695,0.003396,74.125.68.0-255,1484,206931,15,341533
8696,0.003399,172.31.36.0-255,66,206997,15,341533
8697,0.003417,74.125.68.0-255,1484,208481,15,341533
8698,0.003423,74.125.68.0-255,5738,214219,15,341533
8699,0.003425,172.31.36.0-255,66,214285,15,341533
8700,0.00346,172.31.36.0-255,66,214351,15,341533
8701,0.003477,74.125.68.0-255,4320,218671,15,341533
8702,0.003479,172.31.36.0-255,66,218737,15,341533
8703,0.003505,74.125.68.0-255,5738,224475,15,341533
8704,0.003508,172.31.36.0-255,66,224541,15,341533
8705,0.003531,74.125.68.0-255,5020,229561,15,341533
8706,0.003533,172.31.36.0-255,66,229627,15,341533
8707,0.003601,74.125.68.0-255,1484,231111,15,341533
8708,0.003619,74.125.68.0-255,2902,234013,15,341533
8709,0.003623,172.31.36.0-255,66,234079,15,341533
8710,0.003648,74.125.68.0-255,5738,239817,15,341533
8711,0.003651,172.31.36.0-255,66,239883,15,341533
8712,0.003656,74.125.68.0-255,4320,244203,15,341533
8713,0.003658,172.31.36.0-255,66,244269,15,341533
8714,0.003677,74.125.68.0-255,5738,250007,15,341533
8715,0.003679,172.31.36.0-255,66,250073,15,341533
8716,0.003707,74.125.68.0-255,7156,257229,15,341533
8717,0.00371,172.31.36.0-255,66,257295,15,341533
8718,0.003726,74.125.68.0-255,4320,261615,15,341533
8719,0.003729,172.31.36.0-255,66,261681,15,341533
8720,0.003733,74.125.68.0-255,2184,263865,15,341533
8721,0.003735,172.31.36.0-255,66,263931,15,341533
8722,0.003781,74.125.68.0-255,1484,265415,15,341533
8723,0.003785,74.125.68.0-255,2902,268317,15,341533
8724,0.003788,172.31.36.0-255,66,268383,15,341533
8725,0.003806,74.125.68.0-255,4320,272703,15,341533
8726,0.003808,172.31.36.0-255,66,272769,15,341533
8727,0.003822,74.125.68.0-255,1484,274253,15,341533
8728,0.003826,74.125.68.0-255,2902,277155,15,341533
8729,0.003829,172.31.36.0-255,66,277221,15,341533
8730,0.003833,74.125.68.0-255,2902,280123,15,341533
8731,0.003835,172.31.36.0-255,66,280189,15,341533
8732,0.003849,74.125.68.0-255,1484,281673,15,341533
8733,0.00386,172.31.36.0-255,66,281739,15,341533
8734,0.003878,74.125.68.0-255,4320,286059,15,341533
8735,0.00388,172.31.36.0-255,66,286125,15,341533
8736,0.003899,74.125.68.0-255,1484,287609,15,341533
8737,0.003903,74.125.68.0-255,2902,290511,15,341533
8738,0.003905,172.31.36.0-255,66,290577,15,341533
8739,0.003926,74.125.68.0-255,3602,294179,15,341533
8740,0.003928,172.31.36.0-255,66,294245,15,341533
8741,0.003934,74.125.68.0-255,5738,299983,15,341533
8742,0.003937,172.31.36.0-255,66,300049,15,341533
8743,0.003962,74.125.68.0-255,2902,302951,15,341533
8744,0.003964,172.31.36.0-255,66,303017,15,341533
8745,0.003975,172.31.36.0-255,66,303083,15,341533
8746,0.003986,172.31.36.0-255,66,303149,15,341533
8747,0.004016,74.125.68.0-255,3602,306751,15,341533
8748,0.004018,172.31.36.0-255,66,306817,15,341533
8749,0.004023,74.125.68.0-255,4320,311137,15,341533
8750,0.004026,172.31.36.0-255,66,311203,15,341533
8751,0.00406,74.125.68.0-255,1484,312687,15,341533
8752,0.004071,74.125.68.0-255,1484,314171,15,341533
8753,0.004117,74.125.68.0-255,7156,321327,15,341533
8754,0.004133,74.125.68.0-255,4320,325647,15,341533
8755,0.004137,74.125.68.0-255,2184,327831,15,341533
8756,0.005377,172.31.36.0-255,66,327897,15,341533
8757,0.006237,74.125.68.0-255,1484,329381,15,341533
8758,0.006288,74.125.68.0-255,1484,330865,15,341533
8759,0.006292,172.31.36.0-255,66,330931,15,341533
8760,0.006297,74.125.68.0-255,1484,332415,15,341533
8761,0.006316,74.125.68.0-255,2902,335317,15,341533
8762,0.006319,172.31.36.0-255,66,335383,15,341533
8763,0.006336,74.125.68.0-255,1350,336733,15,341533
8764,0.006371,74.125.68.0-255,105,336838,15,341533
8765,0.007507,172.31.36.0-255,66,336904,15,341533
8766,0.007533,172.31.36.0-255,105,337009,15,341533
8767,0.009818,74.125.68.0-255,66,337075,15,341533
8768,0.032375,172.31.36.0-255,167,337242,15,341533
8769,0.032409,172.31.36.0-255,1109,338351,15,341533
8770,0.032445,172.31.36.0-255,1514,339865,15,341533
8771,0.032447,172.31.36.0-255,1296,341161,15,341533
8772,0.033901,104.244.42.0-255,66,341227,15,341533
8773,0.033974,104.244.42.0-255,66,341293,15,341533
8774,0.034022,104.244.42.0-255,66,341359,15,341533
8775,0.034884,104.244.42.0-255,108,341467,15,341533
8776,0.034888,172.31.36.0-255,66,341533,15,341533
8777,0.0,74.125.68.0-255,177,177,15,223104
8778,2.5e-05,172.31.36.0-255,66,243,15,223104
8779,3.2e-05,74.125.68.0-255,1484,1727,15,223104
8780,3.7e-05,172.31.36.0-255,66,1793,15,223104
8781,0.00011,74.125.68.0-255,2902,4695,15,223104
8782,0.000114,172.31.36.0-255,66,4761,15,223104
8783,0.000341,74.125.68.0-255,5738,10499,15,223104
8784,0.000349,172.31.36.0-255,66,10565,15,223104
8785,0.000792,74.125.68.0-255,3463,14028,15,223104
8786,0.000799,172.31.36.0-255,66,14094,15,223104
8787,0.00107,74.125.68.0-255,7156,21250,15,223104
8788,0.001077,172.31.36.0-255,66,21316,15,223104
8789,0.0011,74.125.68.0-255,4320,25636,15,223104
8790,0.001103,172.31.36.0-255,66,25702,15,223104
8791,0.001983,172.31.36.0-255,66,25768,15,223104
8792,0.002001,74.125.68.0-255,2902,28670,15,223104
8793,0.002003,172.31.36.0-255,66,28736,15,223104
8794,0.002901,172.31.36.0-255,66,28802,15,223104
8795,0.00381,172.31.36.0-255,66,28868,15,223104
8796,0.006459,74.125.68.0-255,5738,34606,15,223104
8797,0.006467,172.31.36.0-255,66,34672,15,223104
8798,0.00912,74.125.68.0-255,2902,37574,15,223104
8799,0.009129,172.31.36.0-255,66,37640,15,223104
8800,0.009211,74.125.68.0-255,2902,40542,15,223104
8801,0.009216,172.31.36.0-255,66,40608,15,223104
8802,0.011777,74.125.68.0-255,2902,43510,15,223104
8803,0.011785,172.31.36.0-255,66,43576,15,223104
8804,0.011869,74.125.68.0-255,2902,46478,15,223104
8805,0.011873,172.31.36.0-255,66,46544,15,223104
8806,0.014435,74.125.68.0-255,2902,49446,15,223104
8807,0.014445,172.31.36.0-255,66,49512,15,223104
8808,0.014526,74.125.68.0-255,2902,52414,15,223104
8809,0.01453,172.31.36.0-255,66,52480,15,223104
8810,0.017109,74.125.68.0-255,2902,55382,15,223104
8811,0.017117,172.31.36.0-255,66,55448,15,223104
8812,0.017202,74.125.68.0-255,2902,58350,15,223104
8813,0.017206,172.31.36.0-255,66,58416,15,223104
8814,0.019762,74.125.68.0-255,2902,61318,15,223104
8815,0.019777,172.31.36.0-255,66,61384,15,223104
8816,0.019847,74.125.68.0-255,2902,64286,15,223104
8817,0.019852,172.31.36.0-255,66,64352,15,223104
8818,0.020915,172.31.36.0-255,167,64519,15,223104
8819,0.020944,172.31.36.0-255,1110,65629,15,223104
8820,0.02101,172.31.36.0-255,1514,67143,15,223104
8821,0.021012,172.31.36.0-255,1295,68438,15,223104
8822,0.022423,74.125.68.0-255,2902,71340,15,223104
8823,0.022431,172.31.36.0-255,66,71406,15,223104
8824,0.02252,74.125.68.0-255,2902,74308,15,223104
8825,0.022526,172.31.36.0-255,66,74374,15,223104
8826,0.022646,104.244.42.0-255,66,74440,15,223104
8827,0.022653,104.244.42.0-255,66,74506,15,223104
8828,0.022681,104.244.42.0-255,66,74572,15,223104
8829,0.02508,74.125.68.0-255,2902,77474,15,223104
8830,0.025086,172.31.36.0-255,66,77540,15,223104
8831,0.025162,74.125.68.0-255,2902,80442,15,223104
8832,0.025167,172.31.36.0-255,66,80508,15,223104
8833,0.027745,74.125.68.0-255,2902,83410,15,223104
8834,0.027752,172.31.36.0-255,66,83476,15,223104
8835,0.027836,74.125.68.0-255,2902,86378,15,223104
8836,0.027841,172.31.36.0-255,66,86444,15,223104
8837,0.030389,74.125.68.0-255,2902,89346,15,223104
8838,0.030396,172.31.36.0-255,66,89412,15,223104
8839,0.030481,74.125.68.0-255,2902,92314,15,223104
8840,0.030485,172.31.36.0-255,66,92380,15,223104
8841,0.033049,74.125.68.0-255,2902,95282,15,223104
8842,0.033055,172.31.36.0-255,66,95348,15,223104
8843,0.03314,74.125.68.0-255,2902,98250,15,223104
8844,0.033146,172.31.36.0-255,66,98316,15,223104
8845,0.035707,74.125.68.0-255,2902,101218,15,223104
8846,0.035714,172.31.36.0-255,66,101284,15,223104
8847,0.035801,74.125.68.0-255,2902,104186,15,223104
8848,0.035805,172.31.36.0-255,66,104252,15,223104
8849,0.038351,74.125.68.0-255,2902,107154,15,223104
8850,0.038358,172.31.36.0-255,66,107220,15,223104
8851,0.038444,74.125.68.0-255,2902,110122,15,223104
8852,0.038448,172.31.36.0-255,66,110188,15,223104
8853,0.041015,74.125.68.0-255,2902,113090,15,223104
8854,0.041021,172.31.36.0-255,66,113156,15,223104
8855,0.0411,74.125.68.0-255,2902,116058,15,223104
8856,0.041105,172.31.36.0-255,66,116124,15,223104
8857,0.043692,74.125.68.0-255,2902,119026,15,223104
8858,0.043699,172.31.36.0-255,66,119092,15,223104
8859,0.043764,74.125.68.0-255,2902,121994,15,223104
8860,0.043767,172.31.36.0-255,66,122060,15,223104
8861,0.046346,74.125.68.0-255,2902,124962,15,223104
8862,0.046355,172.31.36.0-255,66,125028,15,223104
8863,0.046438,74.125.68.0-255,2902,127930,15,223104
8864,0.046443,172.31.36.0-255,66,127996,15,223104
8865,0.049026,74.125.68.0-255,2902,130898,15,223104
8866,0.049033,172.31.36.0-255,66,130964,15,223104
8867,0.049094,74.125.68.0-255,1484,132448,15,223104
8868,0.049108,74.125.68.0-255,1484,133932,15,223104
8869,0.04911,172.31.36.0-255,66,133998,15,223104
8870,0.051689,74.125.68.0-255,2902,136900,15,223104
8871,0.051702,172.31.36.0-255,66,136966,15,223104
8872,0.05176,74.125.68.0-255,2902,139868,15,223104
8873,0.051764,172.31.36.0-255,66,139934,15,223104
8874,0.054329,74.125.68.0-255,2902,142836,15,223104
8875,0.054335,172.31.36.0-255,66,142902,15,223104
8876,0.054435,74.125.68.0-255,2902,145804,15,223104
8877,0.05444,172.31.36.0-255,66,145870,15,223104
8878,0.056982,74.125.68.0-255,2902,148772,15,223104
8879,0.056989,172.31.36.0-255,66,148838,15,223104
8880,0.057107,74.125.68.0-255,2902,151740,15,223104
8881,0.057114,172.31.36.0-255,66,151806,15,223104
8882,0.059636,74.125.68.0-255,2902,154708,15,223104
8883,0.059643,172.31.36.0-255,66,154774,15,223104
8884,0.059752,74.125.68.0-255,2902,157676,15,223104
8885,0.059757,172.31.36.0-255,66,157742,15,223104
8886,0.06229,74.125.68.0-255,2902,160644,15,223104
8887,0.062297,172.31.36.0-255,66,160710,15,223104
8888,0.062385,74.125.68.0-255,2902,163612,15,223104
8889,0.062389,172.31.36.0-255,66,163678,15,223104
8890,0.064941,74.125.68.0-255,2902,166580,15,223104
8891,0.064948,172.31.36.0-255,66,166646,15,223104
8892,0.065033,74.125.68.0-255,1484,168130,15,223104
8893,0.06505,74.125.68.0-255,1484,169614,15,223104
8894,0.065054,172.31.36.0-255,66,169680,15,223104
8895,0.067582,74.125.68.0-255,2902,172582,15,223104
8896,0.067587,172.31.36.0-255,66,172648,15,223104
8897,0.06768,74.125.68.0-255,2902,175550,15,223104
8898,0.067684,172.31.36.0-255,66,175616,15,223104
8899,0.070232,74.125.68.0-255,2902,178518,15,223104
8900,0.070239,172.31.36.0-255,66,178584,15,223104
8901,0.070329,74.125.68.0-255,2902,181486,15,223104
8902,0.070333,172.31.36.0-255,66,181552,15,223104
8903,0.072893,74.125.68.0-255,2902,184454,15,223104
8904,0.0729,172.31.36.0-255,66,184520,15,223104
8905,0.072977,74.125.68.0-255,2902,187422,15,223104
8906,0.07298,172.31.36.0-255,66,187488,15,223104
8907,0.075551,74.125.68.0-255,2902,190390,15,223104
8908,0.075558,172.31.36.0-255,66,190456,15,223104
8909,0.075641,74.125.68.0-255,2902,193358,15,223104
8910,0.075646,172.31.36.0-255,66,193424,15,223104
8911,0.07821,74.125.68.0-255,2902,196326,15,223104
8912,0.078216,172.31.36.0-255,66,196392,15,223104
8913,0.078301,74.125.68.0-255,2902,199294,15,223104
8914,0.078305,172.31.36.0-255,66,199360,15,223104
8915,0.080861,74.125.68.0-255,2902,202262,15,223104
8916,0.080867,172.31.36.0-255,66,202328,15,223104
8917,0.080948,74.125.68.0-255,2902,205230,15,223104
8918,0.080951,172.31.36.0-255,66,205296,15,223104
8919,0.08351,74.125.68.0-255,2902,208198,15,223104
8920,0.083522,172.31.36.0-255,66,208264,15,223104
8921,0.083611,74.125.68.0-255,2902,211166,15,223104
8922,0.083616,172.31.36.0-255,66,211232,15,223104
8923,0.086179,74.125.68.0-255,2902,214134,15,223104
8924,0.086185,172.31.36.0-255,66,214200,15,223104
8925,0.086272,74.125.68.0-255,2902,217102,15,223104
8926,0.086276,172.31.36.0-255,66,217168,15,223104
8927,0.088842,74.125.68.0-255,2902,220070,15,223104
8928,0.088849,172.31.36.0-255,66,220136,15,223104
8929,0.088918,74.125.68.0-255,2902,223038,15,223104
8930,0.088922,172.31.36.0-255,66,223104,15,223104
8931,0.0,74.125.24.0-255,175,175,15,231588
8932,1.9e-05,74.125.24.0-255,1484,1659,15,231588
8933,3e-05,172.31.36.0-255,66,1725,15,231588
8934,3.7e-05,74.125.24.0-255,2902,4627,15,231588
8935,4e-05,172.31.36.0-255,66,4693,15,231588
8936,7.2e-05,74.125.24.0-255,5738,10431,15,231588
8937,7.5e-05,172.31.36.0-255,66,10497,15,231588
8938,0.000101,74.125.24.0-255,6255,16752,15,231588
8939,0.000105,172.31.36.0-255,66,16818,15,231588
8940,0.00011,74.125.24.0-255,2902,19720,15,231588
8941,0.000113,172.31.36.0-255,66,19786,15,231588
8942,0.000157,172.31.36.0-255,66,19852,15,231588
8943,0.000247,74.125.24.0-255,1484,21336,15,231588
8944,0.000262,74.125.24.0-255,2902,24238,15,231588
8945,0.000265,172.31.36.0-255,66,24304,15,231588
8946,0.000289,74.125.24.0-255,4320,28624,15,231588
8947,0.000292,172.31.36.0-255,66,28690,15,231588
8948,0.000309,74.125.24.0-255,1484,30174,15,231588
8949,0.000316,74.125.24.0-255,7156,37330,15,231588
8950,0.00032,172.31.36.0-255,66,37396,15,231588
8951,0.000364,74.125.24.0-255,4320,41716,15,231588
8952,0.000368,172.31.36.0-255,66,41782,15,231588
8953,0.000392,172.31.36.0-255,66,41848,15,231588
8954,0.000424,74.125.24.0-255,2563,44411,15,231588
8955,0.000428,172.31.36.0-255,66,44477,15,231588
8956,0.000432,74.125.24.0-255,329,44806,15,231588
8957,0.000625,74.125.24.0-255,1484,46290,15,231588
8958,0.000629,172.31.36.0-255,66,46356,15,231588
8959,0.000634,74.125.24.0-255,2902,49258,15,231588
8960,0.000637,172.31.36.0-255,66,49324,15,231588
8961,0.00064,74.125.24.0-255,1484,50808,15,231588
8962,0.000665,74.125.24.0-255,4320,55128,15,231588
8963,0.000668,172.31.36.0-255,66,55194,15,231588
8964,0.000673,74.125.24.0-255,2902,58096,15,231588
8965,0.000676,172.31.36.0-255,66,58162,15,231588
8966,0.000681,74.125.24.0-255,4320,62482,15,231588
8967,0.000683,172.31.36.0-255,66,62548,15,231588
8968,0.000702,74.125.24.0-255,5738,68286,15,231588
8969,0.000704,172.31.36.0-255,66,68352,15,231588
8970,0.000741,172.31.36.0-255,66,68418,15,231588
8971,0.000908,74.125.24.0-255,1484,69902,15,231588
8972,0.000924,74.125.24.0-255,2902,72804,15,231588
8973,0.000927,172.31.36.0-255,66,72870,15,231588
8974,0.000934,74.125.24.0-255,5738,78608,15,231588
8975,0.000936,172.31.36.0-255,66,78674,15,231588
8976,0.00095,74.125.24.0-255,2902,81576,15,231588
8977,0.000953,172.31.36.0-255,66,81642,15,231588
8978,0.000982,172.31.36.0-255,66,81708,15,231588
8979,0.000993,172.31.36.0-255,66,81774,15,231588
8980,0.001017,74.125.24.0-255,2184,83958,15,231588
8981,0.001021,172.31.36.0-255,66,84024,15,231588
8982,0.001025,74.125.24.0-255,2902,86926,15,231588
8983,0.001027,172.31.36.0-255,66,86992,15,231588
8984,0.001039,74.125.24.0-255,1484,88476,15,231588
8985,0.001059,74.125.24.0-255,5738,94214,15,231588
8986,0.001062,172.31.36.0-255,66,94280,15,231588
8987,0.001067,74.125.24.0-255,2902,97182,15,231588
8988,0.00107,172.31.36.0-255,66,97248,15,231588
8989,0.00109,172.31.36.0-255,66,97314,15,231588
8990,0.001108,74.125.24.0-255,2902,100216,15,231588
8991,0.001111,172.31.36.0-255,66,100282,15,231588
8992,0.001138,172.31.36.0-255,66,100348,15,231588
8993,0.001184,74.125.24.0-255,5738,106086,15,231588
8994,0.001188,172.31.36.0-255,66,106152,15,231588
8995,0.001214,74.125.24.0-255,2902,109054,15,231588
8996,0.001218,172.31.36.0-255,66,109120,15,231588
8997,0.001233,172.31.36.0-255,66,109186,15,231588
8998,0.001242,172.31.36.0-255,66,109252,15,231588
8999,0.001366,74.125.24.0-255,1484,110736,15,231588
9000,0.001384,74.125.24.0-255,2902,113638,15,231588
9001,0.001388,172.31.36.0-255,66,113704,15,231588
9002,0.001412,74.125.24.0-255,5738,119442,15,231588
9003,0.001416,172.31.36.0-255,66,119508,15,231588
9004,0.001426,74.125.24.0-255,1484,120992,15,231588
9005,0.00145,172.31.36.0-255,66,121058,15,231588
9006,0.001489,74.125.24.0-255,5738,126796,15,231588
9007,0.001494,172.31.36.0-255,66,126862,15,231588
9008,0.001513,74.125.24.0-255,4320,131182,15,231588
9009,0.001516,172.31.36.0-255,66,131248,15,231588
9010,0.001537,74.125.24.0-255,2184,133432,15,231588
9011,0.001539,172.31.36.0-255,66,133498,15,231588
9012,0.002078,74.125.24.0-255,1484,134982,15,231588
9013,0.002082,74.125.24.0-255,1484,136466,15,231588
9014,0.002086,172.31.36.0-255,66,136532,15,231588
9015,0.002103,74.125.24.0-255,1484,138016,15,231588
9016,0.002126,74.125.24.0-255,5738,143754,15,231588
9017,0.00213,172.31.36.0-255,66,143820,15,231588
9018,0.002134,74.125.24.0-255,1484,145304,15,231588
9019,0.00215,74.125.24.0-255,2902,148206,15,231588
9020,0.002152,172.31.36.0-255,66,148272,15,231588
9021,0.002163,74.125.24.0-255,5738,154010,15,231588
9022,0.002165,172.31.36.0-255,66,154076,15,231588
9023,0.002202,172.31.36.0-255,66,154142,15,231588
9024,0.002206,74.125.24.0-255,2184,156326,15,231588
9025,0.002208,172.31.36.0-255,66,156392,15,231588
9026,0.00506,74.125.24.0-255,1484,157876,15,231588
9027,0.005069,74.125.24.0-255,2902,160778,15,231588
9028,0.005074,172.31.36.0-255,66,160844,15,231588
9029,0.00508,74.125.24.0-255,2902,163746,15,231588
9030,0.005082,172.31.36.0-255,66,163812,15,231588
9031,0.005098,74.125.24.0-255,2902,166714,15,231588
9032,0.005101,172.31.36.0-255,66,166780,15,231588
9033,0.005107,74.125.24.0-255,5738,172518,15,231588
9034,0.005109,172.31.36.0-255,66,172584,15,231588
9035,0.005125,74.125.24.0-255,1484,174068,15,231588
9036,0.005165,172.31.36.0-255,66,174134,15,231588
9037,0.005171,74.125.24.0-255,5020,179154,15,231588
9038,0.005173,172.31.36.0-255,66,179220,15,231588
9039,0.005191,74.125.24.0-255,1484,180704,15,231588
9040,0.005211,74.125.24.0-255,5738,186442,15,231588
9041,0.005214,172.31.36.0-255,66,186508,15,231588
9042,0.005251,172.31.36.0-255,66,186574,15,231588
9043,0.005275,74.125.24.0-255,7156,193730,15,231588
9044,0.005278,172.31.36.0-255,66,193796,15,231588
9045,0.005335,74.125.24.0-255,1484,195280,15,231588
9046,0.005365,172.31.36.0-255,66,195346,15,231588
9047,0.005386,74.125.24.0-255,1484,196830,15,231588
9048,0.005391,74.125.24.0-255,2902,199732,15,231588
9049,0.005394,172.31.36.0-255,66,199798,15,231588
9050,0.0054,74.125.24.0-255,5738,205536,15,231588
9051,0.005402,172.31.36.0-255,66,205602,15,231588
9052,0.005406,74.125.24.0-255,2902,208504,15,231588
9053,0.005409,172.31.36.0-255,66,208570,15,231588
9054,0.005431,74.125.24.0-255,4320,212890,15,231588
9055,0.005435,172.31.36.0-255,66,212956,15,231588
9056,0.005457,74.125.24.0-255,5738,218694,15,231588
9057,0.00546,172.31.36.0-255,66,218760,15,231588
9058,0.005499,74.125.24.0-255,2902,221662,15,231588
9059,0.005503,172.31.36.0-255,66,221728,15,231588
9060,0.005525,172.31.36.0-255,66,221794,15,231588
9061,0.005537,172.31.36.0-255,66,221860,15,231588
9062,0.005541,74.125.24.0-255,4320,226180,15,231588
9063,0.005544,172.31.36.0-255,66,226246,15,231588
9064,0.005571,172.31.36.0-255,66,226312,15,231588
9065,0.005573,74.125.24.0-255,650,226962,15,231588
9066,0.00561,74.125.24.0-255,105,227067,15,231588
9067,0.008154,172.31.36.0-255,66,227133,15,231588
9068,0.008181,172.31.36.0-255,105,227238,15,231588
9069,0.010205,74.125.24.0-255,66,227304,15,231588
9070,0.031566,172.31.36.0-255,167,227471,15,231588
9071,0.031598,172.31.36.0-255,1109,228580,15,231588
9072,0.031651,172.31.36.0-255,1514,230094,15,231588
9073,0.031653,172.31.36.0-255,1296,231390,15,231588
9074,0.033106,104.244.42.0-255,66,231456,15,231588
9075,0.033171,104.244.42.0-255,66,231522,15,231588
9076,0.033283,104.244.42.0-255,66,231588,15,231588
9077,0.0,74.125.24.0-255,143,143,15,169389
9078,1.3e-05,172.31.36.0-255,66,209,15,169389
9079,1.9e-05,74.125.24.0-255,1484,1693,15,169389
9080,2.3e-05,172.31.36.0-255,66,1759,15,169389
9081,2.9e-05,74.125.24.0-255,2902,4661,15,169389
9082,3.7e-05,172.31.36.0-255,66,4727,15,169389
9083,7.1e-05,74.125.24.0-255,7156,11883,15,169389
9084,7.4e-05,172.31.36.0-255,66,11949,15,169389
9085,0.000122,74.125.24.0-255,2034,13983,15,169389
9086,0.000125,172.31.36.0-255,66,14049,15,169389
9087,0.00025,74.125.24.0-255,1484,15533,15,169389
9088,0.000255,172.31.36.0-255,66,15599,15,169389
9089,0.00026,74.125.24.0-255,2902,18501,15,169389
9090,0.000262,172.31.36.0-255,66,18567,15,169389
9091,0.000267,74.125.24.0-255,4320,22887,15,169389
9092,0.000275,172.31.36.0-255,66,22953,15,169389
9093,0.000308,74.125.24.0-255,1484,24437,15,169389
9094,0.000311,172.31.36.0-255,66,24503,15,169389
9095,0.000319,74.125.24.0-255,5738,30241,15,169389
9096,0.000327,172.31.36.0-255,66,30307,15,169389
9097,0.000331,74.125.24.0-255,1484,31791,15,169389
9098,0.000333,172.31.36.0-255,66,31857,15,169389
9099,0.000374,172.31.36.0-255,66,31923,15,169389
9100,0.000378,74.125.24.0-255,1125,33048,15,169389
9101,0.000379,172.31.36.0-255,66,33114,15,169389
9102,0.00171,74.125.24.0-255,1484,34598,15,169389
9103,0.001717,172.31.36.0-255,66,34664,15,169389
9104,0.001724,74.125.24.0-255,2902,37566,15,169389
9105,0.001726,172.31.36.0-255,66,37632,15,169389
9106,0.001738,74.125.24.0-255,5738,43370,15,169389
9107,0.00174,172.31.36.0-255,66,43436,15,169389
9108,0.001773,172.31.36.0-255,66,43502,15,169389
9109,0.001843,74.125.24.0-255,1484,44986,15,169389
9110,0.001848,74.125.24.0-255,2902,47888,15,169389
9111,0.00185,172.31.36.0-255,66,47954,15,169389
9112,0.00188,74.125.24.0-255,5738,53692,15,169389
9113,0.001882,172.31.36.0-255,66,53758,15,169389
9114,0.001918,172.31.36.0-255,66,53824,15,169389
9115,0.001951,172.31.36.0-255,66,53890,15,169389
9116,0.002289,74.125.24.0-255,1484,55374,15,169389
9117,0.002306,74.125.24.0-255,2902,58276,15,169389
9118,0.002308,172.31.36.0-255,66,58342,15,169389
9119,0.002312,74.125.24.0-255,1484,59826,15,169389
9120,0.002337,74.125.24.0-255,4320,64146,15,169389
9121,0.002339,172.31.36.0-255,66,64212,15,169389
9122,0.002355,172.31.36.0-255,66,64278,15,169389
9123,0.002377,74.125.24.0-255,2902,67180,15,169389
9124,0.002379,172.31.36.0-255,66,67246,15,169389
9125,0.002409,172.31.36.0-255,66,67312,15,169389
9126,0.002479,74.125.24.0-255,1484,68796,15,169389
9127,0.002492,74.125.24.0-255,2902,71698,15,169389
9128,0.002494,172.31.36.0-255,66,71764,15,169389
9129,0.002519,74.125.24.0-255,5738,77502,15,169389
9130,0.002521,172.31.36.0-255,66,77568,15,169389
9131,0.002545,172.31.36.0-255,66,77634,15,169389
9132,0.002571,74.125.24.0-255,2902,80536,15,169389
9133,0.002573,172.31.36.0-255,66,80602,15,169389
9134,0.002578,74.125.24.0-255,4320,84922,15,169389
9135,0.002581,172.31.36.0-255,66,84988,15,169389
9136,0.002617,74.125.24.0-255,6438,91426,15,169389
9137,0.00262,172.31.36.0-255,66,91492,15,169389
9138,0.00263,172.31.36.0-255,66,91558,15,169389
9139,0.00265,172.31.36.0-255,66,91624,15,169389
9140,0.002655,74.125.24.0-255,3602,95226,15,169389
9141,0.002657,172.31.36.0-255,66,95292,15,169389
9142,0.002725,74.125.24.0-255,1484,96776,15,169389
9143,0.002729,74.125.24.0-255,1484,98260,15,169389
9144,0.002731,172.31.36.0-255,66,98326,15,169389
9145,0.00275,74.125.24.0-255,1484,99810,15,169389
9146,0.002756,74.125.24.0-255,5738,105548,15,169389
9147,0.002758,172.31.36.0-255,66,105614,15,169389
9148,0.002765,74.125.24.0-255,7156,112770,15,169389
9149,0.002767,172.31.36.0-255,66,112836,15,169389
9150,0.002809,172.31.36.0-255,66,112902,15,169389
9151,0.002815,74.125.24.0-255,6438,119340,15,169389
9152,0.002817,172.31.36.0-255,66,119406,15,169389
9153,0.002898,74.125.24.0-255,1484,120890,15,169389
9154,0.002916,74.125.24.0-255,2902,123792,15,169389
9155,0.002918,172.31.36.0-255,66,123858,15,169389
9156,0.002942,74.125.24.0-255,5738,129596,15,169389
9157,0.002944,172.31.36.0-255,66,129662,15,169389
9158,0.002947,74.125.24.0-255,1484,131146,15,169389
9159,0.002949,74.125.24.0-255,1484,132630,15,169389
9160,0.002951,172.31.36.0-255,66,132696,15,169389
9161,0.002995,74.125.24.0-255,1484,134180,15,169389
9162,0.003032,172.31.36.0-255,66,134246,15,169389
9163,0.003047,172.31.36.0-255,66,134312,15,169389
9164,0.003066,74.125.24.0-255,1484,135796,15,169389
9165,0.003071,74.125.24.0-255,2902,138698,15,169389
9166,0.003073,172.31.36.0-255,66,138764,15,169389
9167,0.003098,74.125.24.0-255,5738,144502,15,169389
9168,0.0031,172.31.36.0-255,66,144568,15,169389
9169,0.003105,74.125.24.0-255,4320,148888,15,169389
9170,0.003107,172.31.36.0-255,66,148954,15,169389
9171,0.003141,172.31.36.0-255,66,149020,15,169389
9172,0.003144,74.125.24.0-255,1484,150504,15,169389
9173,0.003181,172.31.36.0-255,66,150570,15,169389
9174,0.003185,74.125.24.0-255,2902,153472,15,169389
9175,0.003187,172.31.36.0-255,66,153538,15,169389
9176,0.003232,172.31.36.0-255,66,153604,15,169389
9177,0.003236,74.125.24.0-255,2184,155788,15,169389
9178,0.003238,172.31.36.0-255,66,155854,15,169389
9179,0.003256,74.125.24.0-255,1484,157338,15,169389
9180,0.003295,172.31.36.0-255,66,157404,15,169389
9181,0.003325,74.125.24.0-255,7156,164560,15,169389
9182,0.003327,172.31.36.0-255,66,164626,15,169389
9183,0.003347,172.31.36.0-255,66,164692,15,169389
9184,0.003375,172.31.36.0-255,66,164758,15,169389
9185,0.003378,74.125.24.0-255,105,164863,15,169389
9186,0.009029,172.31.36.0-255,66,164929,15,169389
9187,0.00909,172.31.36.0-255,105,165034,15,169389
9188,0.011721,74.125.24.0-255,66,165100,15,169389
9189,0.023707,172.31.36.0-255,172,165272,15,169389
9190,0.023754,172.31.36.0-255,1111,166383,15,169389
9191,0.023834,172.31.36.0-255,1514,167897,15,169389
9192,0.023836,172.31.36.0-255,1294,169191,15,169389
9193,0.025237,104.244.42.0-255,66,169257,15,169389
9194,0.025336,104.244.42.0-255,66,169323,15,169389
9195,0.025378,104.244.42.0-255,66,169389,15,169389
9196,0.0,74.125.200.0-255,156,156,15,316668
9197,2.6e-05,172.31.36.0-255,66,222,15,316668
9198,4.6e-05,74.125.200.0-255,1484,1706,15,316668
9199,5e-05,172.31.36.0-255,66,1772,15,316668
9200,5.5e-05,74.125.200.0-255,2902,4674,15,316668
9201,5.7e-05,172.31.36.0-255,66,4740,15,316668
9202,8.7e-05,74.125.200.0-255,7156,11896,15,316668
9203,9e-05,172.31.36.0-255,66,11962,15,316668
9204,9.5e-05,74.125.200.0-255,2902,14864,15,316668
9205,9.7e-05,172.31.36.0-255,66,14930,15,316668
9206,0.000115,74.125.200.0-255,4882,19812,15,316668
9207,0.000118,172.31.36.0-255,66,19878,15,316668
9208,0.000132,74.125.200.0-255,4320,24198,15,316668
9209,0.000138,172.31.36.0-255,66,24264,15,316668
9210,0.000156,74.125.200.0-255,5738,30002,15,316668
9211,0.000159,172.31.36.0-255,66,30068,15,316668
9212,0.000161,74.125.200.0-255,1125,31193,15,316668
9213,0.000163,172.31.36.0-255,66,31259,15,316668
9214,0.000189,74.125.200.0-255,1484,32743,15,316668
9215,0.000192,172.31.36.0-255,66,32809,15,316668
9216,0.000198,74.125.200.0-255,2902,35711,15,316668
9217,0.0002,172.31.36.0-255,66,35777,15,316668
9218,0.000215,74.125.200.0-255,1484,37261,15,316668
9219,0.000219,172.31.36.0-255,66,37327,15,316668
9220,0.000223,74.125.200.0-255,2902,40229,15,316668
9221,0.000225,172.31.36.0-255,66,40295,15,316668
9222,0.000228,74.125.200.0-255,1484,41779,15,316668
9223,0.00023,172.31.36.0-255,66,41845,15,316668
9224,0.000253,74.125.200.0-255,2902,44747,15,316668
9225,0.000255,172.31.36.0-255,66,44813,15,316668
9226,0.00027,74.125.200.0-255,3961,48774,15,316668
9227,0.000273,172.31.36.0-255,66,48840,15,316668
9228,0.000537,74.125.200.0-255,1484,50324,15,316668
9229,0.000544,74.125.200.0-255,2902,53226,15,316668
9230,0.000547,172.31.36.0-255,66,53292,15,316668
9231,0.000577,74.125.200.0-255,4320,57612,15,316668
9232,0.000581,172.31.36.0-255,66,57678,15,316668
9233,0.000597,74.125.200.0-255,1484,59162,15,316668
9234,0.000602,74.125.200.0-255,2902,62064,15,316668
9235,0.000604,172.31.36.0-255,66,62130,15,316668
9236,0.00061,74.125.200.0-255,3961,66091,15,316668
9237,0.000613,172.31.36.0-255,66,66157,15,316668
9238,0.000696,74.125.200.0-255,1484,67641,15,316668
9239,0.00071,74.125.200.0-255,1484,69125,15,316668
9240,0.000712,172.31.36.0-255,66,69191,15,316668
9241,0.000724,74.125.200.0-255,1484,70675,15,316668
9242,0.00074,74.125.200.0-255,5738,76413,15,316668
9243,0.000743,172.31.36.0-255,66,76479,15,316668
9244,0.000747,74.125.200.0-255,1484,77963,15,316668
9245,0.000767,74.125.200.0-255,5379,83342,15,316668
9246,0.00077,172.31.36.0-255,66,83408,15,316668
9247,0.000787,74.125.200.0-255,2902,86310,15,316668
9248,0.000792,172.31.36.0-255,66,86376,15,316668
9249,0.000804,74.125.200.0-255,1484,87860,15,316668
9250,0.000815,74.125.200.0-255,2902,90762,15,316668
9251,0.000818,172.31.36.0-255,66,90828,15,316668
9252,0.000836,74.125.200.0-255,2902,93730,15,316668
9253,0.000838,172.31.36.0-255,66,93796,15,316668
9254,0.000861,74.125.200.0-255,6797,100593,15,316668
9255,0.000864,172.31.36.0-255,66,100659,15,316668
9256,0.000907,74.125.200.0-255,1484,102143,15,316668
9257,0.000927,74.125.200.0-255,2902,105045,15,316668
9258,0.00093,172.31.36.0-255,66,105111,15,316668
9259,0.000935,74.125.200.0-255,2902,108013,15,316668
9260,0.000937,172.31.36.0-255,66,108079,15,316668
9261,0.000949,74.125.200.0-255,1484,109563,15,316668
9262,0.000952,74.125.200.0-255,1484,111047,15,316668
9263,0.000957,172.31.36.0-255,66,111113,15,316668
9264,0.000976,74.125.200.0-255,4320,115433,15,316668
9265,0.000978,172.31.36.0-255,66,115499,15,316668
9266,0.000983,74.125.200.0-255,2902,118401,15,316668
9267,0.000985,172.31.36.0-255,66,118467,15,316668
9268,0.00101,172.31.36.0-255,66,118533,15,316668
9269,0.001016,74.125.200.0-255,4320,122853,15,316668
9270,0.001018,172.31.36.0-255,66,122919,15,316668
9271,0.001049,74.125.200.0-255,3602,126521,15,316668
9272,0.001054,172.31.36.0-255,66,126587,15,316668
9273,0.001072,74.125.200.0-255,1484,128071,15,316668
9274,0.001086,74.125.200.0-255,2902,130973,15,316668
9275,0.001088,172.31.36.0-255,66,131039,15,316668
9276,0.001094,74.125.200.0-255,4320,135359,15,316668
9277,0.001096,172.31.36.0-255,66,135425,15,316668
9278,0.001099,74.125.200.0-255,1484,136909,15,316668
9279,0.001117,74.125.200.0-255,4320,141229,15,316668
9280,0.001121,172.31.36.0-255,66,141295,15,316668
9281,0.001138,74.125.200.0-255,7156,148451,15,316668
9282,0.001142,172.31.36.0-255,66,148517,15,316668
9283,0.001171,74.125.200.0-255,4320,152837,15,316668
9284,0.001175,172.31.36.0-255,66,152903,15,316668
9285,0.00118,74.125.200.0-255,4320,157223,15,316668
9286,0.001182,172.31.36.0-255,66,157289,15,316668
9287,0.001201,74.125.200.0-255,3602,160891,15,316668
9288,0.001204,172.31.36.0-255,66,160957,15,316668
9289,0.001249,74.125.200.0-255,1484,162441,15,316668
9290,0.001264,74.125.200.0-255,2902,165343,15,316668
9291,0.001268,172.31.36.0-255,66,165409,15,316668
9292,0.001281,74.125.200.0-255,5738,171147,15,316668
9293,0.001284,172.31.36.0-255,66,171213,15,316668
9294,0.001312,74.125.200.0-255,7156,178369,15,316668
9295,0.001316,172.31.36.0-255,66,178435,15,316668
9296,0.001321,74.125.200.0-255,2902,181337,15,316668
9297,0.001323,172.31.36.0-255,66,181403,15,316668
9298,0.001357,74.125.200.0-255,5738,187141,15,316668
9299,0.00136,172.31.36.0-255,66,187207,15,316668
9300,0.001372,172.31.36.0-255,66,187273,15,316668
9301,0.001476,74.125.200.0-255,1484,188757,15,316668
9302,0.001491,74.125.200.0-255,2902,191659,15,316668
9303,0.001494,172.31.36.0-255,66,191725,15,316668
9304,0.001514,74.125.200.0-255,4320,196045,15,316668
9305,0.001516,172.31.36.0-255,66,196111,15,316668
9306,0.001583,172.31.36.0-255,66,196177,15,316668
9307,0.001587,172.31.36.0-255,66,196243,15,316668
9308,0.001603,74.125.200.0-255,1484,197727,15,316668
9309,0.001609,74.125.200.0-255,4320,202047,15,316668
9310,0.001611,172.31.36.0-255,66,202113,15,316668
9311,0.001631,74.125.200.0-255,2184,204297,15,316668
9312,0.001634,172.31.36.0-255,66,204363,15,316668
9313,0.001649,74.125.200.0-255,2902,207265,15,316668
9314,0.001652,172.31.36.0-255,66,207331,15,316668
9315,0.001668,74.125.200.0-255,4320,211651,15,316668
9316,0.001671,172.31.36.0-255,66,211717,15,316668
9317,0.001675,74.125.200.0-255,1484,213201,15,316668
9318,0.001687,74.125.200.0-255,2902,216103,15,316668
9319,0.00169,172.31.36.0-255,66,216169,15,316668
9320,0.001711,74.125.200.0-255,4320,220489,15,316668
9321,0.001715,172.31.36.0-255,66,220555,15,316668
9322,0.001726,172.31.36.0-255,66,220621,15,316668
9323,0.001755,172.31.36.0-255,66,220687,15,316668
9324,0.001819,172.31.36.0-255,66,220753,15,316668
9325,0.001849,172.31.36.0-255,66,220819,15,316668
9326,0.001856,74.125.200.0-255,5738,226557,15,316668
9327,0.001858,172.31.36.0-255,66,226623,15,316668
9328,0.001872,74.125.200.0-255,2902,229525,15,316668
9329,0.001874,172.31.36.0-255,66,229591,15,316668
9330,0.001908,74.125.200.0-255,3602,233193,15,316668
9331,0.001912,172.31.36.0-255,66,233259,15,316668
9332,0.001996,74.125.200.0-255,1484,234743,15,316668
9333,0.002011,74.125.200.0-255,2902,237645,15,316668
9334,0.002015,172.31.36.0-255,66,237711,15,316668
9335,0.00205,74.125.200.0-255,5738,243449,15,316668
9336,0.002054,172.31.36.0-255,66,243515,15,316668
9337,0.002059,74.125.200.0-255,2902,246417,15,316668
9338,0.002061,172.31.36.0-255,66,246483,15,316668
9339,0.002088,74.125.200.0-255,4320,250803,15,316668
9340,0.002098,172.31.36.0-255,66,250869,15,316668
9341,0.002108,74.125.200.0-255,2902,253771,15,316668
9342,0.002111,172.31.36.0-255,66,253837,15,316668
9343,0.002128,74.125.200.0-255,5738,259575,15,316668
9344,0.00213,172.31.36.0-255,66,259641,15,316668
9345,0.002171,172.31.36.0-255,66,259707,15,316668
9346,0.002248,74.125.200.0-255,1484,261191,15,316668
9347,0.002272,74.125.200.0-255,2902,264093,15,316668
9348,0.002276,172.31.36.0-255,66,264159,15,316668
9349,0.002305,74.125.200.0-255,2902,267061,15,316668
9350,0.002308,172.31.36.0-255,66,267127,15,316668
9351,0.002318,74.125.200.0-255,2902,270029,15,316668
9352,0.002321,172.31.36.0-255,66,270095,15,316668
9353,0.002324,74.125.200.0-255,1484,271579,15,316668
9354,0.002328,74.125.200.0-255,2902,274481,15,316668
9355,0.00233,172.31.36.0-255,66,274547,15,316668
9356,0.002363,74.125.200.0-255,4320,278867,15,316668
9357,0.002367,172.31.36.0-255,66,278933,15,316668
9358,0.002375,74.125.200.0-255,1484,280417,15,316668
9359,0.002378,74.125.200.0-255,1484,281901,15,316668
9360,0.00238,172.31.36.0-255,66,281967,15,316668
9361,0.002401,74.125.200.0-255,1484,283451,15,316668
9362,0.002402,172.31.36.0-255,66,283517,15,316668
9363,0.00242,74.125.200.0-255,2184,285701,15,316668
9364,0.002422,172.31.36.0-255,66,285767,15,316668
9365,0.002469,74.125.200.0-255,1484,287251,15,316668
9366,0.002485,74.125.200.0-255,2902,290153,15,316668
9367,0.002488,172.31.36.0-255,66,290219,15,316668
9368,0.002493,74.125.200.0-255,2902,293121,15,316668
9369,0.002495,172.31.36.0-255,66,293187,15,316668
9370,0.002509,74.125.200.0-255,2902,296089,15,316668
9371,0.002512,172.31.36.0-255,66,296155,15,316668
9372,0.002515,74.125.200.0-255,1484,297639,15,316668
9373,0.002518,74.125.200.0-255,1484,299123,15,316668
9374,0.00252,172.31.36.0-255,66,299189,15,316668
9375,0.005019,74.125.200.0-255,5738,304927,15,316668
9376,0.005028,172.31.36.0-255,66,304993,15,316668
9377,0.007571,74.125.200.0-255,5738,310731,15,316668
9378,0.007578,172.31.36.0-255,66,310797,15,316668
9379,0.010079,74.125.200.0-255,1350,312147,15,316668
9380,0.010226,172.31.36.0-255,66,312213,15,316668
9381,0.010254,172.31.36.0-255,105,312318,15,316668
9382,0.012721,74.125.200.0-255,66,312384,15,316668
9383,0.032518,172.31.36.0-255,167,312551,15,316668
9384,0.032547,172.31.36.0-255,1106,313657,15,316668
9385,0.032592,172.31.36.0-255,1514,315171,15,316668
9386,0.032593,172.31.36.0-255,1299,316470,15,316668
9387,0.034072,104.244.42.0-255,66,316536,15,316668
9388,0.034079,104.244.42.0-255,66,316602,15,316668
9389,0.03417,104.244.42.0-255,66,316668,15,316668
9390,0.0,172.217.194.0-255,143,143,15,183787
9391,3e-05,172.217.194.0-255,1484,1627,15,183787
9392,4.1e-05,172.31.36.0-255,66,1693,15,183787
9393,4.9e-05,172.217.194.0-255,2902,4595,15,183787
9394,5.6e-05,172.217.194.0-255,4320,8915,15,183787
9395,7.1e-05,172.217.194.0-255,7156,16071,15,183787
9396,8.9e-05,172.217.194.0-255,2001,18072,15,183787
9397,9.2e-05,172.217.194.0-255,1484,19556,15,183787
9398,9.7e-05,172.31.36.0-255,66,19622,15,183787
9399,0.000143,172.217.194.0-255,4320,23942,15,183787
9400,0.000203,172.217.194.0-255,1484,25426,15,183787
9401,0.000208,172.217.194.0-255,2902,28328,15,183787
9402,0.000222,172.217.194.0-255,5738,34066,15,183787
9403,0.000254,172.217.194.0-255,7156,41222,15,183787
9404,0.000268,172.217.194.0-255,295,41517,15,183787
9405,0.000302,172.31.36.0-255,66,41583,15,183787
9406,0.000597,172.217.194.0-255,1484,43067,15,183787
9407,0.000605,172.217.194.0-255,2902,45969,15,183787
9408,0.000609,172.31.36.0-255,66,46035,15,183787
9409,0.000616,172.217.194.0-255,4320,50355,15,183787
9410,0.000628,172.31.36.0-255,66,50421,15,183787
9411,0.000633,172.217.194.0-255,1484,51905,15,183787
9412,0.000665,172.31.36.0-255,66,51971,15,183787
9413,0.000674,172.217.194.0-255,2902,54873,15,183787
9414,0.000679,172.31.36.0-255,66,54939,15,183787
9415,0.000694,172.31.36.0-255,66,55005,15,183787
9416,0.000712,172.217.194.0-255,2184,57189,15,183787
9417,0.000723,172.31.36.0-255,66,57255,15,183787
9418,0.000776,172.217.194.0-255,1484,58739,15,183787
9419,0.000796,172.217.194.0-255,2902,61641,15,183787
9420,0.000799,172.31.36.0-255,66,61707,15,183787
9421,0.000807,172.217.194.0-255,5738,67445,15,183787
9422,0.000814,172.31.36.0-255,66,67511,15,183787
9423,0.00087,172.217.194.0-255,4320,71831,15,183787
9424,0.000881,172.217.194.0-255,7156,78987,15,183787
9425,0.000891,172.31.36.0-255,66,79053,15,183787
9426,0.0009,172.217.194.0-255,4831,83884,15,183787
9427,0.000908,172.31.36.0-255,66,83950,15,183787
9428,0.000926,172.31.36.0-255,66,84016,15,183787
9429,0.000974,172.31.36.0-255,66,84082,15,183787
9430,0.001133,172.217.194.0-255,1484,85566,15,183787
9431,0.001139,172.217.194.0-255,2902,88468,15,183787
9432,0.001142,172.31.36.0-255,66,88534,15,183787
9433,0.001147,172.217.194.0-255,2902,91436,15,183787
9434,0.001155,172.31.36.0-255,66,91502,15,183787
9435,0.001173,172.217.194.0-255,2902,94404,15,183787
9436,0.001185,172.217.194.0-255,7156,101560,15,183787
9437,0.001191,172.217.194.0-255,5738,107298,15,183787
9438,0.00119,172.31.36.0-255,66,107364,15,183787
9439,0.001195,172.31.36.0-255,66,107430,15,183787
9440,0.001231,172.217.194.0-255,2184,109614,15,183787
9441,0.001231,172.31.36.0-255,66,109680,15,183787
9442,0.001236,172.31.36.0-255,66,109746,15,183787
9443,0.001344,172.217.194.0-255,1484,111230,15,183787
9444,0.001357,172.217.194.0-255,2902,114132,15,183787
9445,0.001361,172.31.36.0-255,66,114198,15,183787
9446,0.001365,172.217.194.0-255,2902,117100,15,183787
9447,0.001375,172.31.36.0-255,66,117166,15,183787
9448,0.001384,172.217.194.0-255,2902,120068,15,183787
9449,0.001393,172.217.194.0-255,2902,122970,15,183787
9450,0.001389,172.31.36.0-255,66,123036,15,183787
9451,0.001406,172.31.36.0-255,66,123102,15,183787
9452,0.001416,172.217.194.0-255,4320,127422,15,183787
9453,0.00142,172.31.36.0-255,66,127488,15,183787
9454,0.001452,172.31.36.0-255,66,127554,15,183787
9455,0.00147,172.217.194.0-255,1484,129038,15,183787
9456,0.00148,172.217.194.0-255,2184,131222,15,183787
9457,0.001483,172.31.36.0-255,66,131288,15,183787
9458,0.001513,172.217.194.0-255,1484,132772,15,183787
9459,0.001518,172.217.194.0-255,2902,135674,15,183787
9460,0.001529,172.31.36.0-255,66,135740,15,183787
9461,0.001532,172.217.194.0-255,1484,137224,15,183787
9462,0.001563,172.217.194.0-255,4320,141544,15,183787
9463,0.001575,172.31.36.0-255,66,141610,15,183787
9464,0.00158,172.31.36.0-255,66,141676,15,183787
9465,0.001614,172.217.194.0-255,1484,143160,15,183787
9466,0.00164,172.31.36.0-255,66,143226,15,183787
9467,0.001657,172.31.36.0-255,66,143292,15,183787
9468,0.001671,172.31.36.0-255,66,143358,15,183787
9469,0.001687,172.217.194.0-255,2184,145542,15,183787
9470,0.00169,172.217.194.0-255,1484,147026,15,183787
9471,0.001692,172.31.36.0-255,66,147092,15,183787
9472,0.001707,172.217.194.0-255,1484,148576,15,183787
9473,0.001717,172.31.36.0-255,66,148642,15,183787
9474,0.001752,172.217.194.0-255,5738,154380,15,183787
9475,0.001765,172.31.36.0-255,66,154446,15,183787
9476,0.001775,172.217.194.0-255,1484,155930,15,183787
9477,0.001801,172.217.194.0-255,6438,162368,15,183787
9478,0.001807,172.217.194.0-255,4320,166688,15,183787
9479,0.001812,172.31.36.0-255,66,166754,15,183787
9480,0.001877,172.31.36.0-255,66,166820,15,183787
9481,0.001893,172.31.36.0-255,66,166886,15,183787
9482,0.001914,172.31.36.0-255,66,166952,15,183787
9483,0.001915,172.217.194.0-255,5738,172690,15,183787
9484,0.001918,172.31.36.0-255,66,172756,15,183787
9485,0.001953,172.217.194.0-255,6405,179161,15,183787
9486,0.001957,172.217.194.0-255,105,179266,15,183787
9487,0.001965,172.31.36.0-255,66,179332,15,183787
9488,0.003617,172.31.36.0-255,105,179437,15,183787
9489,0.005913,172.217.194.0-255,66,179503,15,183787
9490,0.030422,172.31.36.0-255,167,179670,15,183787
9491,0.030453,172.31.36.0-255,1109,180779,15,183787
9492,0.030496,172.31.36.0-255,1514,182293,15,183787
9493,0.030497,172.31.36.0-255,1296,183589,15,183787
9494,0.032026,104.244.42.0-255,66,183655,15,183787
9495,0.032034,104.244.42.0-255,66,183721,15,183787
9496,0.032048,104.244.42.0-255,66,183787,15,183787
9497,0.0,172.217.194.0-255,153,153,15,254023
9498,3e-05,172.31.36.0-255,66,219,15,254023
9499,3.7e-05,172.217.194.0-255,1484,1703,15,254023
9500,4.1e-05,172.31.36.0-255,66,1769,15,254023
9501,5.5e-05,172.217.194.0-255,1484,3253,15,254023
9502,5.7e-05,172.31.36.0-255,66,3319,15,254023
9503,9.2e-05,172.217.194.0-255,4320,7639,15,254023
9504,9.5e-05,172.31.36.0-255,66,7705,15,254023
9505,9.8e-05,172.217.194.0-255,1484,9189,15,254023
9506,0.0001,172.31.36.0-255,66,9255,15,254023
9507,0.000129,172.31.36.0-255,66,9321,15,254023
9508,0.000141,172.31.36.0-255,66,9387,15,254023
9509,0.000145,172.217.194.0-255,1484,10871,15,254023
9510,0.000147,172.31.36.0-255,66,10937,15,254023
9511,0.000194,172.31.36.0-255,66,11003,15,254023
9512,0.000198,172.217.194.0-255,2184,13187,15,254023
9513,0.0002,172.31.36.0-255,66,13253,15,254023
9514,0.000467,172.217.194.0-255,1484,14737,15,254023
9515,0.000473,172.217.194.0-255,2902,17639,15,254023
9516,0.000473,172.31.36.0-255,66,17705,15,254023
9517,0.000478,172.31.36.0-255,66,17771,15,254023
9518,0.000491,172.217.194.0-255,2902,20673,15,254023
9519,0.000493,172.31.36.0-255,66,20739,15,254023
9520,0.000522,172.217.194.0-255,7156,27895,15,254023
9521,0.000526,172.31.36.0-255,66,27961,15,254023
9522,0.000555,172.217.194.0-255,2849,30810,15,254023
9523,0.000559,172.31.36.0-255,66,30876,15,254023
9524,0.001214,172.217.194.0-255,1484,32360,15,254023
9525,0.001221,172.31.36.0-255,66,32426,15,254023
9526,0.001236,172.217.194.0-255,2902,35328,15,254023
9527,0.001238,172.31.36.0-255,66,35394,15,254023
9528,0.001265,172.217.194.0-255,4320,39714,15,254023
9529,0.001267,172.31.36.0-255,66,39780,15,254023
9530,0.001292,172.31.36.0-255,66,39846,15,254023
9531,0.001309,172.217.194.0-255,2902,42748,15,254023
9532,0.001311,172.31.36.0-255,66,42814,15,254023
9533,0.001325,172.217.194.0-255,5738,48552,15,254023
9534,0.001327,172.31.36.0-255,66,48618,15,254023
9535,0.001342,172.217.194.0-255,5738,54356,15,254023
9536,0.001344,172.31.36.0-255,66,54422,15,254023
9537,0.001361,172.217.194.0-255,2184,56606,15,254023
9538,0.001363,172.31.36.0-255,66,56672,15,254023
9539,0.00138,172.217.194.0-255,1484,58156,15,254023
9540,0.001391,172.217.194.0-255,1484,59640,15,254023
9541,0.001393,172.31.36.0-255,66,59706,15,254023
9542,0.001408,172.217.194.0-255,1484,61190,15,254023
9543,0.001414,172.217.194.0-255,4320,65510,15,254023
9544,0.001416,172.31.36.0-255,66,65576,15,254023
9545,0.001436,172.217.194.0-255,1484,67060,15,254023
9546,0.001446,172.31.36.0-255,66,67126,15,254023
9547,0.001471,172.217.194.0-255,4320,71446,15,254023
9548,0.001473,172.31.36.0-255,66,71512,15,254023
9549,0.00148,172.217.194.0-255,7156,78668,15,254023
9550,0.001482,172.31.36.0-255,66,78734,15,254023
9551,0.001528,172.217.194.0-255,7156,85890,15,254023
9552,0.001531,172.31.36.0-255,66,85956,15,254023
9553,0.00156,172.31.36.0-255,66,86022,15,254023
9554,0.001571,172.31.36.0-255,66,86088,15,254023
9555,0.001588,172.217.194.0-255,7156,93244,15,254023
9556,0.00159,172.31.36.0-255,66,93310,15,254023
9557,0.001592,172.217.194.0-255,766,94076,15,254023
9558,0.001618,172.217.194.0-255,2902,96978,15,254023
9559,0.00162,172.31.36.0-255,66,97044,15,254023
9560,0.001631,172.217.194.0-255,4320,101364,15,254023
9561,0.001634,172.31.36.0-255,66,101430,15,254023
9562,0.001657,172.31.36.0-255,66,101496,15,254023
9563,0.001674,172.217.194.0-255,4320,105816,15,254023
9564,0.001676,172.31.36.0-255,66,105882,15,254023
9565,0.001698,172.31.36.0-255,66,105948,15,254023
9566,0.001733,172.217.194.0-255,1484,107432,15,254023
9567,0.001759,172.217.194.0-255,2902,110334,15,254023
9568,0.001761,172.31.36.0-255,66,110400,15,254023
9569,0.001764,172.217.194.0-255,1484,111884,15,254023
9570,0.001784,172.217.194.0-255,5738,117622,15,254023
9571,0.001786,172.31.36.0-255,66,117688,15,254023
9572,0.001804,172.217.194.0-255,1484,119172,15,254023
9573,0.001828,172.31.36.0-255,66,119238,15,254023
9574,0.001833,172.217.194.0-255,4320,123558,15,254023
9575,0.001835,172.31.36.0-255,66,123624,15,254023
9576,0.001898,172.217.194.0-255,2902,126526,15,254023
9577,0.0019,172.31.36.0-255,66,126592,15,254023
9578,0.00193,172.31.36.0-255,66,126658,15,254023
9579,0.001943,172.217.194.0-255,2902,129560,15,254023
9580,0.001945,172.31.36.0-255,66,129626,15,254023
9581,0.001969,172.31.36.0-255,66,129692,15,254023
9582,0.001973,172.217.194.0-255,2902,132594,15,254023
9583,0.001976,172.31.36.0-255,66,132660,15,254023
9584,0.002013,172.31.36.0-255,66,132726,15,254023
9585,0.002016,172.217.194.0-255,1484,134210,15,254023
9586,0.00202,172.217.194.0-255,2902,137112,15,254023
9587,0.002022,172.31.36.0-255,66,137178,15,254023
9588,0.002028,172.217.194.0-255,5738,142916,15,254023
9589,0.00203,172.31.36.0-255,66,142982,15,254023
9590,0.002033,172.217.194.0-255,1484,144466,15,254023
9591,0.002061,172.217.194.0-255,4320,148786,15,254023
9592,0.002063,172.31.36.0-255,66,148852,15,254023
9593,0.002085,172.217.194.0-255,1484,150336,15,254023
9594,0.002112,172.217.194.0-255,2902,153238,15,254023
9595,0.002116,172.217.194.0-255,2184,155422,15,254023
9596,0.004635,172.31.36.0-255,66,155488,15,254023
9597,0.006946,172.217.194.0-255,5738,161226,15,254023
9598,0.006952,172.31.36.0-255,66,161292,15,254023
9599,0.009296,172.217.194.0-255,5738,167030,15,254023
9600,0.009305,172.31.36.0-255,66,167096,15,254023
9601,0.011584,172.217.194.0-255,5738,172834,15,254023
9602,0.011593,172.31.36.0-255,66,172900,15,254023
9603,0.013909,172.217.194.0-255,5738,178638,15,254023
9604,0.013922,172.31.36.0-255,66,178704,15,254023
9605,0.016251,172.217.194.0-255,5738,184442,15,254023
9606,0.01626,172.31.36.0-255,66,184508,15,254023
9607,0.018564,172.217.194.0-255,5738,190246,15,254023
9608,0.018573,172.31.36.0-255,66,190312,15,254023
9609,0.020874,172.217.194.0-255,5738,196050,15,254023
9610,0.020883,172.31.36.0-255,66,196116,15,254023
9611,0.023156,172.217.194.0-255,5738,201854,15,254023
9612,0.023163,172.31.36.0-255,66,201920,15,254023
9613,0.025425,172.217.194.0-255,5738,207658,15,254023
9614,0.025432,172.31.36.0-255,66,207724,15,254023
9615,0.027713,172.217.194.0-255,5738,213462,15,254023
9616,0.027719,172.31.36.0-255,66,213528,15,254023
9617,0.029999,172.217.194.0-255,5738,219266,15,254023
9618,0.030007,172.31.36.0-255,66,219332,15,254023
9619,0.031978,172.31.36.0-255,167,219499,15,254023
9620,0.032022,172.31.36.0-255,1106,220605,15,254023
9621,0.032279,172.217.194.0-255,5738,226343,15,254023
9622,0.032287,172.31.36.0-255,66,226409,15,254023
9623,0.03231,172.31.36.0-255,1514,227923,15,254023
9624,0.032316,172.31.36.0-255,1299,229222,15,254023
9625,0.033523,104.244.42.0-255,66,229288,15,254023
9626,0.033563,104.244.42.0-255,66,229354,15,254023
9627,0.033855,104.244.42.0-255,66,229420,15,254023
9628,0.034552,172.217.194.0-255,2902,232322,15,254023
9629,0.034556,172.31.36.0-255,66,232388,15,254023
9630,0.03459,172.217.194.0-255,2902,235290,15,254023
9631,0.034594,172.31.36.0-255,66,235356,15,254023
9632,0.036827,172.217.194.0-255,2902,238258,15,254023
9633,0.036834,172.31.36.0-255,66,238324,15,254023
9634,0.036855,172.217.194.0-255,2902,241226,15,254023
9635,0.036857,172.31.36.0-255,66,241292,15,254023
9636,0.039117,172.217.194.0-255,5738,247030,15,254023
9637,0.039123,172.31.36.0-255,66,247096,15,254023
9638,0.041433,172.217.194.0-255,5738,252834,15,254023
9639,0.041441,172.31.36.0-255,66,252900,15,254023
9640,0.043695,172.217.194.0-255,886,253786,15,254023
9641,0.043932,172.31.36.0-255,66,253852,15,254023
9642,0.044128,172.31.36.0-255,105,253957,15,254023
9643,0.046399,172.217.194.0-255,66,254023,15,254023
9644,0.0,172.217.27.0-255,150,150,15,395980
9645,3.2e-05,172.31.36.0-255,66,216,15,395980
9646,3.9e-05,172.217.27.0-255,1484,1700,15,395980
9647,4.4e-05,172.31.36.0-255,66,1766,15,395980
9648,4.9e-05,172.217.27.0-255,2902,4668,15,395980
9649,5.1e-05,172.31.36.0-255,66,4734,15,395980
9650,5.4e-05,172.217.27.0-255,1484,6218,15,395980
9651,5.6e-05,172.31.36.0-255,66,6284,15,395980
9652,6.3e-05,172.217.27.0-255,5738,12022,15,395980
9653,6.6e-05,172.31.36.0-255,66,12088,15,395980
9654,9.4e-05,172.217.27.0-255,2013,14101,15,395980
9655,9.6e-05,172.31.36.0-255,66,14167,15,395980
9656,0.000144,172.217.27.0-255,1484,15651,15,395980
9657,0.000148,172.31.36.0-255,66,15717,15,395980
9658,0.000152,172.217.27.0-255,2902,18619,15,395980
9659,0.000155,172.31.36.0-255,66,18685,15,395980
9660,0.000173,172.217.27.0-255,5738,24423,15,395980
9661,0.000176,172.31.36.0-255,66,24489,15,395980
9662,0.000201,172.217.27.0-255,6797,31286,15,395980
9663,0.000204,172.31.36.0-255,66,31352,15,395980
9664,0.00044,172.217.27.0-255,1484,32836,15,395980
9665,0.000446,172.31.36.0-255,66,32902,15,395980
9666,0.00047,172.217.27.0-255,2902,35804,15,395980
9667,0.000473,172.31.36.0-255,66,35870,15,395980
9668,0.000481,172.217.27.0-255,5738,41608,15,395980
9669,0.000485,172.31.36.0-255,66,41674,15,395980
9670,0.000494,172.217.27.0-255,2902,44576,15,395980
9671,0.000496,172.31.36.0-255,66,44642,15,395980
9672,0.000519,172.217.27.0-255,5379,50021,15,395980
9673,0.000522,172.31.36.0-255,66,50087,15,395980
9674,0.000534,172.31.36.0-255,66,50153,15,395980
9675,0.00056,172.217.27.0-255,7123,57276,15,395980
9676,0.000566,172.31.36.0-255,66,57342,15,395980
9677,0.001009,172.217.27.0-255,350,57692,15,395980
9678,0.001109,172.217.27.0-255,1484,59176,15,395980
9679,0.001114,172.31.36.0-255,66,59242,15,395980
9680,0.00112,172.217.27.0-255,2902,62144,15,395980
9681,0.001137,172.217.27.0-255,5738,67882,15,395980
9682,0.001156,172.217.27.0-255,4320,72202,15,395980
9683,0.001174,172.217.27.0-255,2543,74745,15,395980
9684,0.001229,172.217.27.0-255,1484,76229,15,395980
9685,0.001248,172.217.27.0-255,2902,79131,15,395980
9686,0.001252,172.217.27.0-255,4320,83451,15,395980
9687,0.001266,172.217.27.0-255,2902,86353,15,395980
9688,0.001279,172.217.27.0-255,2902,89255,15,395980
9689,0.001299,172.217.27.0-255,2543,91798,15,395980
9690,0.002693,172.31.36.0-255,66,91864,15,395980
9691,0.00434,172.217.27.0-255,5738,97602,15,395980
9692,0.004347,172.31.36.0-255,66,97668,15,395980
9693,0.005983,172.217.27.0-255,5738,103406,15,395980
9694,0.005987,172.31.36.0-255,66,103472,15,395980
9695,0.007628,172.217.27.0-255,5738,109210,15,395980
9696,0.007635,172.31.36.0-255,66,109276,15,395980
9697,0.009281,172.217.27.0-255,5738,115014,15,395980
9698,0.009287,172.31.36.0-255,66,115080,15,395980
9699,0.010936,172.217.27.0-255,5738,120818,15,395980
9700,0.010943,172.31.36.0-255,66,120884,15,395980
9701,0.012594,172.217.27.0-255,4320,125204,15,395980
9702,0.012602,172.31.36.0-255,66,125270,15,395980
9703,0.012622,172.217.27.0-255,1484,126754,15,395980
9704,0.01424,172.217.27.0-255,4320,131074,15,395980
9705,0.014247,172.31.36.0-255,66,131140,15,395980
9706,0.015898,172.217.27.0-255,5738,136878,15,395980
9707,0.015946,172.31.36.0-255,66,136944,15,395980
9708,0.017598,172.217.27.0-255,5738,142682,15,395980
9709,0.017607,172.31.36.0-255,66,142748,15,395980
9710,0.019262,172.217.27.0-255,5738,148486,15,395980
9711,0.01927,172.31.36.0-255,66,148552,15,395980
9712,0.020925,172.217.27.0-255,5738,154290,15,395980
9713,0.020933,172.31.36.0-255,66,154356,15,395980
9714,0.02258,172.217.27.0-255,5738,160094,15,395980
9715,0.022586,172.31.36.0-255,66,160160,15,395980
9716,0.022957,172.31.36.0-255,167,160327,15,395980
9717,0.022984,172.31.36.0-255,1106,161433,15,395980
9718,0.023109,172.31.36.0-255,1514,162947,15,395980
9719,0.023111,172.31.36.0-255,1299,164246,15,395980
9720,0.024238,172.217.27.0-255,5738,169984,15,395980
9721,0.024245,172.31.36.0-255,66,170050,15,395980
9722,0.024505,104.244.42.0-255,66,170116,15,395980
9723,0.024513,104.244.42.0-255,66,170182,15,395980
9724,0.024643,104.244.42.0-255,66,170248,15,395980
9725,0.025886,172.217.27.0-255,5738,175986,15,395980
9726,0.025891,172.31.36.0-255,66,176052,15,395980
9727,0.02753,172.217.27.0-255,5738,181790,15,395980
9728,0.027536,172.31.36.0-255,66,181856,15,395980
9729,0.02918,172.217.27.0-255,2902,184758,15,395980
9730,0.029184,172.31.36.0-255,66,184824,15,395980
9731,0.029211,172.217.27.0-255,2902,187726,15,395980
9732,0.029232,172.31.36.0-255,66,187792,15,395980
9733,0.030824,172.217.27.0-255,2902,190694,15,395980
9734,0.030829,172.31.36.0-255,66,190760,15,395980
9735,0.030861,172.217.27.0-255,2902,193662,15,395980
9736,0.030877,172.31.36.0-255,66,193728,15,395980
9737,0.03246,172.217.27.0-255,2902,196630,15,395980
9738,0.032466,172.31.36.0-255,66,196696,15,395980
9739,0.032508,172.217.27.0-255,2902,199598,15,395980
9740,0.032554,172.31.36.0-255,66,199664,15,395980
9741,0.034098,172.217.27.0-255,2902,202566,15,395980
9742,0.034103,172.31.36.0-255,66,202632,15,395980
9743,0.034181,172.217.27.0-255,2902,205534,15,395980
9744,0.034191,172.31.36.0-255,66,205600,15,395980
9745,0.035739,172.217.27.0-255,2902,208502,15,395980
9746,0.035744,172.31.36.0-255,66,208568,15,395980
9747,0.035833,172.217.27.0-255,2902,211470,15,395980
9748,0.035841,172.31.36.0-255,66,211536,15,395980
9749,0.037378,172.217.27.0-255,2902,214438,15,395980
9750,0.037384,172.31.36.0-255,66,214504,15,395980
9751,0.037478,172.217.27.0-255,2902,217406,15,395980
9752,0.037485,172.31.36.0-255,66,217472,15,395980
9753,0.039026,172.217.27.0-255,2902,220374,15,395980
9754,0.039031,172.31.36.0-255,66,220440,15,395980
9755,0.039117,172.217.27.0-255,2902,223342,15,395980
9756,0.039131,172.31.36.0-255,66,223408,15,395980
9757,0.040659,172.217.27.0-255,1484,224892,15,395980
9758,0.040763,172.217.27.0-255,4320,229212,15,395980
9759,0.040769,172.31.36.0-255,66,229278,15,395980
9760,0.042415,172.217.27.0-255,5738,235016,15,395980
9761,0.042465,172.31.36.0-255,66,235082,15,395980
9762,0.044109,172.217.27.0-255,5738,240820,15,395980
9763,0.044115,172.31.36.0-255,66,240886,15,395980
9764,0.045804,172.217.27.0-255,5738,246624,15,395980
9765,0.04581,172.31.36.0-255,66,246690,15,395980
9766,0.04745,172.217.27.0-255,5738,252428,15,395980
9767,0.047455,172.31.36.0-255,66,252494,15,395980
9768,0.049086,172.217.27.0-255,4320,256814,15,395980
9769,0.049092,172.31.36.0-255,66,256880,15,395980
9770,0.049116,172.217.27.0-255,1484,258364,15,395980
9771,0.050722,172.217.27.0-255,4320,262684,15,395980
9772,0.050728,172.31.36.0-255,66,262750,15,395980
9773,0.052367,172.217.27.0-255,5738,268488,15,395980
9774,0.052422,172.31.36.0-255,66,268554,15,395980
9775,0.054065,172.217.27.0-255,5738,274292,15,395980
9776,0.054071,172.31.36.0-255,66,274358,15,395980
9777,0.05572,172.217.27.0-255,5738,280096,15,395980
9778,0.055726,172.31.36.0-255,66,280162,15,395980
9779,0.057364,172.217.27.0-255,4320,284482,15,395980
9780,0.057372,172.31.36.0-255,66,284548,15,395980
9781,0.05739,172.217.27.0-255,1484,286032,15,395980
9782,0.05901,172.217.27.0-255,2902,288934,15,395980
9783,0.059016,172.31.36.0-255,66,289000,15,395980
9784,0.060654,172.217.27.0-255,2902,291902,15,395980
9785,0.06066,172.31.36.0-255,66,291968,15,395980
9786,0.06068,172.217.27.0-255,2902,294870,15,395980
9787,0.06075,172.31.36.0-255,66,294936,15,395980
9788,0.0623,172.217.27.0-255,2902,297838,15,395980
9789,0.062305,172.31.36.0-255,66,297904,15,395980
9790,0.062386,172.217.27.0-255,2902,300806,15,395980
9791,0.062399,172.31.36.0-255,66,300872,15,395980
9792,0.063939,172.217.27.0-255,2902,303774,15,395980
9793,0.063945,172.31.36.0-255,66,303840,15,395980
9794,0.064022,172.217.27.0-255,2902,306742,15,395980
9795,0.064038,172.31.36.0-255,66,306808,15,395980
9796,0.06558,172.217.27.0-255,2902,309710,15,395980
9797,0.065586,172.31.36.0-255,66,309776,15,395980
9798,0.06567,172.217.27.0-255,2902,312678,15,395980
9799,0.06568,172.31.36.0-255,66,312744,15,395980
9800,0.067226,172.217.27.0-255,2902,315646,15,395980
9801,0.067231,172.31.36.0-255,66,315712,15,395980
9802,0.067318,172.217.27.0-255,2902,318614,15,395980
9803,0.067323,172.31.36.0-255,66,318680,15,395980
9804,0.068869,172.217.27.0-255,2902,321582,15,395980
9805,0.068874,172.31.36.0-255,66,321648,15,395980
9806,0.068947,172.217.27.0-255,2902,324550,15,395980
9807,0.06896,172.31.36.0-255,66,324616,15,395980
9808,0.070513,172.217.27.0-255,2902,327518,15,395980
9809,0.070518,172.31.36.0-255,66,327584,15,395980
9810,0.070581,172.217.27.0-255,2902,330486,15,395980
9811,0.070621,172.31.36.0-255,66,330552,15,395980
9812,0.072164,172.217.27.0-255,2902,333454,15,395980
9813,0.072169,172.31.36.0-255,66,333520,15,395980
9814,0.072255,172.217.27.0-255,2902,336422,15,395980
9815,0.072261,172.31.36.0-255,66,336488,15,395980
9816,0.073808,172.217.27.0-255,2902,339390,15,395980
9817,0.073813,172.31.36.0-255,66,339456,15,395980
9818,0.073892,172.217.27.0-255,2902,342358,15,395980
9819,0.0739,172.31.36.0-255,66,342424,15,395980
9820,0.075452,172.217.27.0-255,1484,343908,15,395980
9821,0.075481,172.217.27.0-255,1484,345392,15,395980
9822,0.075486,172.31.36.0-255,66,345458,15,395980
9823,0.075523,172.217.27.0-255,2902,348360,15,395980
9824,0.075537,172.31.36.0-255,66,348426,15,395980
9825,0.077117,172.217.27.0-255,2902,351328,15,395980
9826,0.077123,172.31.36.0-255,66,351394,15,395980
9827,0.077161,172.217.27.0-255,2902,354296,15,395980
9828,0.077169,172.31.36.0-255,66,354362,15,395980
9829,0.078764,172.217.27.0-255,2902,357264,15,395980
9830,0.07877,172.31.36.0-255,66,357330,15,395980
9831,0.078807,172.217.27.0-255,2902,360232,15,395980
9832,0.078827,172.31.36.0-255,66,360298,15,395980
9833,0.080409,172.217.27.0-255,2902,363200,15,395980
9834,0.080414,172.31.36.0-255,66,363266,15,395980
9835,0.080448,172.217.27.0-255,2902,366168,15,395980
9836,0.080462,172.31.36.0-255,66,366234,15,395980
9837,0.082042,172.217.27.0-255,2902,369136,15,395980
9838,0.082048,172.31.36.0-255,66,369202,15,395980
9839,0.082088,172.217.27.0-255,2902,372104,15,395980
9840,0.082103,172.31.36.0-255,66,372170,15,395980
9841,0.083677,172.217.27.0-255,2902,375072,15,395980
9842,0.083682,172.31.36.0-255,66,375138,15,395980
9843,0.083727,172.217.27.0-255,2902,378040,15,395980
9844,0.083737,172.31.36.0-255,66,378106,15,395980
9845,0.085325,172.217.27.0-255,1484,379590,15,395980
9846,0.085353,172.217.27.0-255,1484,381074,15,395980
9847,0.085358,172.31.36.0-255,66,381140,15,395980
9848,0.085379,172.217.27.0-255,2902,384042,15,395980
9849,0.085399,172.31.36.0-255,66,384108,15,395980
9850,0.086998,172.217.27.0-255,2902,387010,15,395980
9851,0.087004,172.31.36.0-255,66,387076,15,395980
9852,0.087037,172.217.27.0-255,2902,389978,15,395980
9853,0.087159,172.31.36.0-255,66,390044,15,395980
9854,0.088631,172.217.27.0-255,2902,392946,15,395980
9855,0.088636,172.31.36.0-255,66,393012,15,395980
9856,0.088788,172.217.27.0-255,2902,395914,15,395980
9857,0.088794,172.31.36.0-255,66,395980,15,395980
9858,0.0,74.125.24.0-255,152,152,15,293021
9859,3.2e-05,172.31.36.0-255,66,218,15,293021
9860,3.9e-05,74.125.24.0-255,1484,1702,15,293021
9861,4.3e-05,172.31.36.0-255,66,1768,15,293021
9862,4.7e-05,74.125.24.0-255,2902,4670,15,293021
9863,5e-05,172.31.36.0-255,66,4736,15,293021
9864,5.7e-05,74.125.24.0-255,7156,11892,15,293021
9865,6.1e-05,172.31.36.0-255,66,11958,15,293021
9866,6.5e-05,74.125.24.0-255,2035,13993,15,293021
9867,6.8e-05,172.31.36.0-255,66,14059,15,293021
9868,0.000119,74.125.24.0-255,1484,15543,15,293021
9869,0.000122,172.31.36.0-255,66,15609,15,293021
9870,0.000127,74.125.24.0-255,2902,18511,15,293021
9871,0.00013,172.31.36.0-255,66,18577,15,293021
9872,0.000135,74.125.24.0-255,2902,21479,15,293021
9873,0.000137,172.31.36.0-255,66,21545,15,293021
9874,0.000159,74.125.24.0-255,2902,24447,15,293021
9875,0.000161,172.31.36.0-255,66,24513,15,293021
9876,0.000169,74.125.24.0-255,6797,31310,15,293021
9877,0.000172,172.31.36.0-255,66,31376,15,293021
9878,0.000218,74.125.24.0-255,1484,32860,15,293021
9879,0.000221,172.31.36.0-255,66,32926,15,293021
9880,0.000225,74.125.24.0-255,2902,35828,15,293021
9881,0.000228,172.31.36.0-255,66,35894,15,293021
9882,0.000232,74.125.24.0-255,2902,38796,15,293021
9883,0.000235,172.31.36.0-255,66,38862,15,293021
9884,0.000254,74.125.24.0-255,2902,41764,15,293021
9885,0.000256,172.31.36.0-255,66,41830,15,293021
9886,0.000261,74.125.24.0-255,2902,44732,15,293021
9887,0.000264,172.31.36.0-255,66,44798,15,293021
9888,0.000285,74.125.24.0-255,3961,48759,15,293021
9889,0.000289,172.31.36.0-255,66,48825,15,293021
9890,0.000321,74.125.24.0-255,5738,54563,15,293021
9891,0.000325,172.31.36.0-255,66,54629,15,293021
9892,0.000342,74.125.24.0-255,5738,60367,15,293021
9893,0.000345,172.31.36.0-255,66,60433,15,293021
9894,0.000366,74.125.24.0-255,2902,63335,15,293021
9895,0.000369,172.31.36.0-255,66,63401,15,293021
9896,0.000374,74.125.24.0-255,2872,66273,15,293021
9897,0.000376,172.31.36.0-255,66,66339,15,293021
9898,0.000399,74.125.24.0-255,115,66454,15,293021
9899,0.000411,74.125.24.0-255,330,66784,15,293021
9900,0.000594,74.125.24.0-255,1484,68268,15,293021
9901,0.000599,172.31.36.0-255,66,68334,15,293021
9902,0.000616,74.125.24.0-255,2902,71236,15,293021
9903,0.000619,172.31.36.0-255,66,71302,15,293021
9904,0.000625,74.125.24.0-255,5738,77040,15,293021
9905,0.000627,172.31.36.0-255,66,77106,15,293021
9906,0.000663,74.125.24.0-255,4320,81426,15,293021
9907,0.000667,172.31.36.0-255,66,81492,15,293021
9908,0.000685,74.125.24.0-255,2543,84035,15,293021
9909,0.000688,172.31.36.0-255,66,84101,15,293021
9910,0.000695,74.125.24.0-255,7156,91257,15,293021
9911,0.000698,172.31.36.0-255,66,91323,15,293021
9912,0.000732,172.31.36.0-255,66,91389,15,293021
9913,0.001187,74.125.24.0-255,1484,92873,15,293021
9914,0.001197,74.125.24.0-255,2902,95775,15,293021
9915,0.001201,172.31.36.0-255,66,95841,15,293021
9916,0.001208,74.125.24.0-255,4320,100161,15,293021
9917,0.00121,172.31.36.0-255,66,100227,15,293021
9918,0.001235,74.125.24.0-255,1484,101711,15,293021
9919,0.001243,74.125.24.0-255,7156,108867,15,293021
9920,0.001245,172.31.36.0-255,66,108933,15,293021
9921,0.001249,74.125.24.0-255,1484,110417,15,293021
9922,0.001274,172.31.36.0-255,66,110483,15,293021
9923,0.001292,74.125.24.0-255,1484,111967,15,293021
9924,0.001297,74.125.24.0-255,2184,114151,15,293021
9925,0.001299,172.31.36.0-255,66,114217,15,293021
9926,0.001468,74.125.24.0-255,1484,115701,15,293021
9927,0.001475,74.125.24.0-255,2902,118603,15,293021
9928,0.001479,172.31.36.0-255,66,118669,15,293021
9929,0.001487,74.125.24.0-255,4320,122989,15,293021
9930,0.001489,172.31.36.0-255,66,123055,15,293021
9931,0.00151,74.125.24.0-255,1484,124539,15,293021
9932,0.001516,74.125.24.0-255,2902,127441,15,293021
9933,0.001518,172.31.36.0-255,66,127507,15,293021
9934,0.001548,172.31.36.0-255,66,127573,15,293021
9935,0.001559,172.31.36.0-255,66,127639,15,293021
9936,0.001571,74.125.24.0-255,766,128405,15,293021
9937,0.001857,74.125.24.0-255,1484,129889,15,293021
9938,0.001864,172.31.36.0-255,66,129955,15,293021
9939,0.001869,74.125.24.0-255,2902,132857,15,293021
9940,0.001871,172.31.36.0-255,66,132923,15,293021
9941,0.001874,74.125.24.0-255,1484,134407,15,293021
9942,0.001894,74.125.24.0-255,4320,138727,15,293021
9943,0.001897,172.31.36.0-255,66,138793,15,293021
9944,0.001902,74.125.24.0-255,5738,144531,15,293021
9945,0.001905,172.31.36.0-255,66,144597,15,293021
9946,0.001912,74.125.24.0-255,7156,151753,15,293021
9947,0.001914,172.31.36.0-255,66,151819,15,293021
9948,0.001987,74.125.24.0-255,4320,156139,15,293021
9949,0.00199,172.31.36.0-255,66,156205,15,293021
9950,0.002009,74.125.24.0-255,6438,162643,15,293021
9951,0.002011,172.31.36.0-255,66,162709,15,293021
9952,0.002031,74.125.24.0-255,1484,164193,15,293021
9953,0.002033,74.125.24.0-255,1484,165677,15,293021
9954,0.002035,172.31.36.0-255,66,165743,15,293021
9955,0.002053,74.125.24.0-255,1484,167227,15,293021
9956,0.002057,74.125.24.0-255,2902,170129,15,293021
9957,0.002059,172.31.36.0-255,66,170195,15,293021
9958,0.002064,74.125.24.0-255,5738,175933,15,293021
9959,0.002066,172.31.36.0-255,66,175999,15,293021
9960,0.002093,74.125.24.0-255,1484,177483,15,293021
9961,0.002115,74.125.24.0-255,4320,181803,15,293021
9962,0.002118,172.31.36.0-255,66,181869,15,293021
9963,0.002143,172.31.36.0-255,66,181935,15,293021
9964,0.002149,74.125.24.0-255,5020,186955,15,293021
9965,0.002152,172.31.36.0-255,66,187021,15,293021
9966,0.002196,74.125.24.0-255,1484,188505,15,293021
9967,0.0022,74.125.24.0-255,2902,191407,15,293021
9968,0.002202,172.31.36.0-255,66,191473,15,293021
9969,0.002218,74.125.24.0-255,1484,192957,15,293021
9970,0.002239,74.125.24.0-255,4320,197277,15,293021
9971,0.002241,172.31.36.0-255,66,197343,15,293021
9972,0.002258,172.31.36.0-255,66,197409,15,293021
9973,0.002262,74.125.24.0-255,4320,201729,15,293021
9974,0.002265,172.31.36.0-255,66,201795,15,293021
9975,0.002287,74.125.24.0-255,4320,206115,15,293021
9976,0.002289,172.31.36.0-255,66,206181,15,293021
9977,0.002292,74.125.24.0-255,1484,207665,15,293021
9978,0.00231,74.125.24.0-255,2184,209849,15,293021
9979,0.002312,172.31.36.0-255,66,209915,15,293021
9980,0.002318,74.125.24.0-255,4320,214235,15,293021
9981,0.002324,74.125.24.0-255,5738,219973,15,293021
9982,0.002338,74.125.24.0-255,4320,224293,15,293021
9983,0.002351,74.125.24.0-255,2902,227195,15,293021
9984,0.00239,74.125.24.0-255,3602,230797,15,293021
9985,0.002413,74.125.24.0-255,4320,235117,15,293021
9986,0.002432,74.125.24.0-255,4320,239437,15,293021
9987,0.002474,74.125.24.0-255,2184,241621,15,293021
9988,0.002495,74.125.24.0-255,2902,244523,15,293021
9989,0.00253,74.125.24.0-255,7156,251679,15,293021
9990,0.006598,172.31.36.0-255,66,251745,15,293021
9991,0.008983,74.125.24.0-255,5738,257483,15,293021
9992,0.008989,172.31.36.0-255,66,257549,15,293021
9993,0.01136,74.125.24.0-255,5738,263287,15,293021
9994,0.011366,172.31.36.0-255,66,263353,15,293021
9995,0.013771,74.125.24.0-255,5738,269091,15,293021
9996,0.013781,172.31.36.0-255,66,269157,15,293021
9997,0.016142,74.125.24.0-255,5738,274895,15,293021
9998,0.016151,172.31.36.0-255,66,274961,15,293021
9999,0.018562,74.125.24.0-255,5738,280699,15,293021
10000,0.018571,172.31.36.0-255,66,280765,15,293021
10001,0.02097,74.125.24.0-255,5738,286503,15,293021
10002,0.020979,172.31.36.0-255,66,286569,15,293021
10003,0.02333,74.125.24.0-255,1758,288327,15,293021
10004,0.023339,172.31.36.0-255,66,288393,15,293021
10005,0.023542,172.31.36.0-255,105,288498,15,293021
10006,0.025881,74.125.24.0-255,66,288564,15,293021
10007,0.032181,172.31.36.0-255,166,288730,15,293021
10008,0.032211,172.31.36.0-255,1134,289864,15,293021
10009,0.032248,172.31.36.0-255,1514,291378,15,293021
10010,0.032249,172.31.36.0-255,1271,292649,15,293021
10011,0.033816,104.244.42.0-255,66,292715,15,293021
10012,0.033894,104.244.42.0-255,66,292781,15,293021
10013,0.033896,104.244.42.0-255,66,292847,15,293021
10014,0.034635,104.244.42.0-255,108,292955,15,293021
10015,0.034655,172.31.36.0-255,66,293021,15,293021
10016,0.0,172.217.194.0-255,153,153,15,213731
10017,2.2e-05,172.31.36.0-255,66,219,15,213731
10018,2.9e-05,172.217.194.0-255,1484,1703,15,213731
10019,5.7e-05,172.31.36.0-255,66,1769,15,213731
10020,6.3e-05,172.217.194.0-255,2902,4671,15,213731
10021,6.7e-05,172.31.36.0-255,66,4737,15,213731
10022,7.4e-05,172.217.194.0-255,7156,11893,15,213731
10023,7.7e-05,172.31.36.0-255,66,11959,15,213731
10024,8.1e-05,172.217.194.0-255,2056,14015,15,213731
10025,8.3e-05,172.31.36.0-255,66,14081,15,213731
10026,9.5e-05,172.31.36.0-255,66,14147,15,213731
10027,0.000101,172.217.194.0-255,5379,19526,15,213731
10028,0.000103,172.31.36.0-255,66,19592,15,213731
10029,0.000199,172.217.194.0-255,1484,21076,15,213731
10030,0.000203,172.31.36.0-255,66,21142,15,213731
10031,0.000209,172.217.194.0-255,2902,24044,15,213731
10032,0.000211,172.31.36.0-255,66,24110,15,213731
10033,0.000231,172.217.194.0-255,5738,29848,15,213731
10034,0.000238,172.31.36.0-255,66,29914,15,213731
10035,0.000276,172.217.194.0-255,4320,34234,15,213731
10036,0.00028,172.31.36.0-255,66,34300,15,213731
10037,0.000305,172.217.194.0-255,2543,36843,15,213731
10038,0.000308,172.31.36.0-255,66,36909,15,213731
10039,0.000405,172.217.194.0-255,1484,38393,15,213731
10040,0.000408,172.31.36.0-255,66,38459,15,213731
10041,0.00043,172.217.194.0-255,2902,41361,15,213731
10042,0.000435,172.31.36.0-255,66,41427,15,213731
10043,0.000436,172.217.194.0-255,5738,47165,15,213731
10044,0.000438,172.31.36.0-255,66,47231,15,213731
10045,0.000474,172.217.194.0-255,4320,51551,15,213731
10046,0.000478,172.31.36.0-255,66,51617,15,213731
10047,0.000503,172.217.194.0-255,2543,54160,15,213731
10048,0.000509,172.31.36.0-255,66,54226,15,213731
10049,0.000549,172.217.194.0-255,645,54871,15,213731
10050,0.000788,172.31.36.0-255,66,54937,15,213731
10051,0.000857,172.217.194.0-255,1484,56421,15,213731
10052,0.000867,172.217.194.0-255,2902,59323,15,213731
10053,0.000884,172.217.194.0-255,1484,60807,15,213731
10054,0.000897,172.217.194.0-255,4320,65127,15,213731
10055,0.000918,172.217.194.0-255,6797,71924,15,213731
10056,0.000924,172.31.36.0-255,66,71990,15,213731
10057,0.000933,172.217.194.0-255,2902,74892,15,213731
10058,0.00096,172.217.194.0-255,4320,79212,15,213731
10059,0.000965,172.31.36.0-255,66,79278,15,213731
10060,0.001033,172.31.36.0-255,66,79344,15,213731
10061,0.001156,172.217.194.0-255,1484,80828,15,213731
10062,0.001162,172.217.194.0-255,2902,83730,15,213731
10063,0.001182,172.31.36.0-255,66,83796,15,213731
10064,0.001189,172.217.194.0-255,5738,89534,15,213731
10065,0.001195,172.31.36.0-255,66,89600,15,213731
10066,0.001266,172.217.194.0-255,766,90366,15,213731
10067,0.001272,172.31.36.0-255,66,90432,15,213731
10068,0.001388,172.217.194.0-255,1484,91916,15,213731
10069,0.001394,172.217.194.0-255,2902,94818,15,213731
10070,0.001411,172.217.194.0-255,5738,100556,15,213731
10071,0.001436,172.217.194.0-255,5738,106294,15,213731
10072,0.001441,172.31.36.0-255,66,106360,15,213731
10073,0.001449,172.217.194.0-255,1484,107844,15,213731
10074,0.001457,172.31.36.0-255,66,107910,15,213731
10075,0.001497,172.217.194.0-255,766,108676,15,213731
10076,0.001509,172.31.36.0-255,66,108742,15,213731
10077,0.001603,172.217.194.0-255,1484,110226,15,213731
10078,0.001625,172.217.194.0-255,2902,113128,15,213731
10079,0.001631,172.217.194.0-255,5738,118866,15,213731
10080,0.001646,172.31.36.0-255,66,118932,15,213731
10081,0.00166,172.31.36.0-255,66,118998,15,213731
10082,0.001677,172.217.194.0-255,2902,121900,15,213731
10083,0.001679,172.217.194.0-255,1484,123384,15,213731
10084,0.001716,172.31.36.0-255,66,123450,15,213731
10085,0.002007,172.217.194.0-255,1484,124934,15,213731
10086,0.002012,172.217.194.0-255,2902,127836,15,213731
10087,0.002015,172.31.36.0-255,66,127902,15,213731
10088,0.00202,172.217.194.0-255,2902,130804,15,213731
10089,0.00204,172.217.194.0-255,2902,133706,15,213731
10090,0.002046,172.217.194.0-255,5738,139444,15,213731
10091,0.002081,172.217.194.0-255,1484,140928,15,213731
10092,0.002111,172.217.194.0-255,5020,145948,15,213731
10093,0.002119,172.31.36.0-255,66,146014,15,213731
10094,0.002145,172.217.194.0-255,1484,147498,15,213731
10095,0.002148,172.217.194.0-255,1484,148982,15,213731
10096,0.00216,172.217.194.0-255,1484,150466,15,213731
10097,0.002169,172.31.36.0-255,66,150532,15,213731
10098,0.002193,172.217.194.0-255,5738,156270,15,213731
10099,0.002238,172.217.194.0-255,5738,162008,15,213731
10100,0.002302,172.217.194.0-255,1484,163492,15,213731
10101,0.002315,172.217.194.0-255,2902,166394,15,213731
10102,0.002333,172.217.194.0-255,5738,172132,15,213731
10103,0.002336,172.217.194.0-255,1484,173616,15,213731
10104,0.002357,172.217.194.0-255,5738,179354,15,213731
10105,0.002387,172.217.194.0-255,5738,185092,15,213731
10106,0.00239,172.217.194.0-255,2184,187276,15,213731
10107,0.002403,172.217.194.0-255,2902,190178,15,213731
10108,0.002424,172.217.194.0-255,7156,197334,15,213731
10109,0.00244,172.217.194.0-255,2902,200236,15,213731
10110,0.002481,172.217.194.0-255,2902,203138,15,213731
10111,0.002515,172.217.194.0-255,1484,204622,15,213731
10112,0.00256,172.217.194.0-255,4320,208942,15,213731
10113,0.002614,172.217.194.0-255,97,209039,15,213731
10114,0.002786,172.31.36.0-255,66,209105,15,213731
10115,0.005344,172.217.194.0-255,105,209210,15,213731
10116,0.005373,172.31.36.0-255,66,209276,15,213731
10117,0.005411,172.31.36.0-255,105,209381,15,213731
10118,0.00796,172.217.194.0-255,66,209447,15,213731
10119,0.026331,172.31.36.0-255,167,209614,15,213731
10120,0.026382,172.31.36.0-255,1106,210720,15,213731
10121,0.026459,172.31.36.0-255,1514,212234,15,213731
10122,0.026461,172.31.36.0-255,1299,213533,15,213731
10123,0.027885,104.244.42.0-255,66,213599,15,213731
10124,0.027911,104.244.42.0-255,66,213665,15,213731
10125,0.028001,104.244.42.0-255,66,213731,15,213731
10126,0.0,74.125.24.0-255,216,216,15,322212
10127,2.5e-05,172.31.36.0-255,66,282,15,322212
10128,3.3e-05,74.125.24.0-255,1484,1766,15,322212
10129,3.7e-05,172.31.36.0-255,66,1832,15,322212
10130,5.2e-05,74.125.24.0-255,4320,6152,15,322212
10131,5.5e-05,172.31.36.0-255,66,6218,15,322212
10132,0.000103,172.31.36.0-255,66,6284,15,322212
10133,0.000311,74.125.24.0-255,1484,7768,15,322212
10134,0.000316,172.31.36.0-255,66,7834,15,322212
10135,0.000322,74.125.24.0-255,2902,10736,15,322212
10136,0.000324,172.31.36.0-255,66,10802,15,322212
10137,0.000335,74.125.24.0-255,2902,13704,15,322212
10138,0.000338,172.31.36.0-255,66,13770,15,322212
10139,0.000368,74.125.24.0-255,2902,16672,15,322212
10140,0.000371,172.31.36.0-255,66,16738,15,322212
10141,0.000376,74.125.24.0-255,2902,19640,15,322212
10142,0.000378,172.31.36.0-255,66,19706,15,322212
10143,0.000424,172.31.36.0-255,66,19772,15,322212
10144,0.00046,172.31.36.0-255,66,19838,15,322212
10145,0.001138,74.125.24.0-255,1484,21322,15,322212
10146,0.001145,172.31.36.0-255,66,21388,15,322212
10147,0.001152,74.125.24.0-255,2902,24290,15,322212
10148,0.001155,172.31.36.0-255,66,24356,15,322212
10149,0.001167,74.125.24.0-255,5738,30094,15,322212
10150,0.00117,172.31.36.0-255,66,30160,15,322212
10151,0.001218,172.31.36.0-255,66,30226,15,322212
10152,0.001248,74.125.24.0-255,5379,35605,15,322212
10153,0.001251,172.31.36.0-255,66,35671,15,322212
10154,0.001256,74.125.24.0-255,2902,38573,15,322212
10155,0.001258,172.31.36.0-255,66,38639,15,322212
10156,0.001293,172.31.36.0-255,66,38705,15,322212
10157,0.001544,74.125.24.0-255,1484,40189,15,322212
10158,0.001553,74.125.24.0-255,2902,43091,15,322212
10159,0.001558,172.31.36.0-255,66,43157,15,322212
10160,0.001565,74.125.24.0-255,4320,47477,15,322212
10161,0.001567,172.31.36.0-255,66,47543,15,322212
10162,0.001616,74.125.24.0-255,5738,53281,15,322212
10163,0.001619,172.31.36.0-255,66,53347,15,322212
10164,0.001638,74.125.24.0-255,2543,55890,15,322212
10165,0.001641,172.31.36.0-255,66,55956,15,322212
10166,0.001985,74.125.24.0-255,1484,57440,15,322212
10167,0.001994,74.125.24.0-255,2902,60342,15,322212
10168,0.001998,172.31.36.0-255,66,60408,15,322212
10169,0.002005,74.125.24.0-255,4320,64728,15,322212
10170,0.002007,172.31.36.0-255,66,64794,15,322212
10171,0.002035,74.125.24.0-255,1484,66278,15,322212
10172,0.002041,74.125.24.0-255,5738,72016,15,322212
10173,0.002043,172.31.36.0-255,66,72082,15,322212
10174,0.002072,74.125.24.0-255,2902,74984,15,322212
10175,0.002074,172.31.36.0-255,66,75050,15,322212
10176,0.002108,74.125.24.0-255,5738,80788,15,322212
10177,0.002112,172.31.36.0-255,66,80854,15,322212
10178,0.002156,172.31.36.0-255,66,80920,15,322212
10179,0.00228,74.125.24.0-255,1484,82404,15,322212
10180,0.002287,74.125.24.0-255,2902,85306,15,322212
10181,0.002291,172.31.36.0-255,66,85372,15,322212
10182,0.002297,74.125.24.0-255,2902,88274,15,322212
10183,0.0023,172.31.36.0-255,66,88340,15,322212
10184,0.002327,74.125.24.0-255,2902,91242,15,322212
10185,0.00233,172.31.36.0-255,66,91308,15,322212
10186,0.002335,74.125.24.0-255,4320,95628,15,322212
10187,0.002337,172.31.36.0-255,66,95694,15,322212
10188,0.002341,74.125.24.0-255,2902,98596,15,322212
10189,0.002344,172.31.36.0-255,66,98662,15,322212
10190,0.002348,74.125.24.0-255,2902,101564,15,322212
10191,0.00235,172.31.36.0-255,66,101630,15,322212
10192,0.002386,74.125.24.0-255,1484,103114,15,322212
10193,0.002399,172.31.36.0-255,66,103180,15,322212
10194,0.004731,74.125.24.0-255,5738,108918,15,322212
10195,0.00474,172.31.36.0-255,66,108984,15,322212
10196,0.007044,74.125.24.0-255,5738,114722,15,322212
10197,0.007051,172.31.36.0-255,66,114788,15,322212
10198,0.009363,74.125.24.0-255,5738,120526,15,322212
10199,0.009367,172.31.36.0-255,66,120592,15,322212
10200,0.011653,74.125.24.0-255,5738,126330,15,322212
10201,0.01166,172.31.36.0-255,66,126396,15,322212
10202,0.013995,74.125.24.0-255,5738,132134,15,322212
10203,0.014004,172.31.36.0-255,66,132200,15,322212
10204,0.016311,74.125.24.0-255,5738,137938,15,322212
10205,0.01632,172.31.36.0-255,66,138004,15,322212
10206,0.018608,74.125.24.0-255,5738,143742,15,322212
10207,0.018618,172.31.36.0-255,66,143808,15,322212
10208,0.020924,74.125.24.0-255,5738,149546,15,322212
10209,0.020935,172.31.36.0-255,66,149612,15,322212
10210,0.02325,74.125.24.0-255,5738,155350,15,322212
10211,0.023258,172.31.36.0-255,66,155416,15,322212
10212,0.025593,74.125.24.0-255,5738,161154,15,322212
10213,0.025601,172.31.36.0-255,66,161220,15,322212
10214,0.02791,74.125.24.0-255,5738,166958,15,322212
10215,0.027918,172.31.36.0-255,66,167024,15,322212
10216,0.030203,74.125.24.0-255,5738,172762,15,322212
10217,0.030211,172.31.36.0-255,66,172828,15,322212
10218,0.030995,172.31.36.0-255,167,172995,15,322212
10219,0.031027,172.31.36.0-255,1106,174101,15,322212
10220,0.031084,172.31.36.0-255,1514,175615,15,322212
10221,0.031086,172.31.36.0-255,1299,176914,15,322212
10222,0.032529,74.125.24.0-255,5738,182652,15,322212
10223,0.032536,172.31.36.0-255,66,182718,15,322212
10224,0.032577,104.244.42.0-255,66,182784,15,322212
10225,0.032582,104.244.42.0-255,66,182850,15,322212
10226,0.032671,104.244.42.0-255,66,182916,15,322212
10227,0.034844,74.125.24.0-255,5738,188654,15,322212
10228,0.034851,172.31.36.0-255,66,188720,15,322212
10229,0.037144,74.125.24.0-255,5738,194458,15,322212
10230,0.037151,172.31.36.0-255,66,194524,15,322212
10231,0.039461,74.125.24.0-255,5738,200262,15,322212
10232,0.039469,172.31.36.0-255,66,200328,15,322212
10233,0.041813,74.125.24.0-255,5738,206066,15,322212
10234,0.04183,172.31.36.0-255,66,206132,15,322212
10235,0.044145,74.125.24.0-255,5738,211870,15,322212
10236,0.044152,172.31.36.0-255,66,211936,15,322212
10237,0.046473,74.125.24.0-255,5738,217674,15,322212
10238,0.04648,172.31.36.0-255,66,217740,15,322212
10239,0.048801,74.125.24.0-255,5738,223478,15,322212
10240,0.048808,172.31.36.0-255,66,223544,15,322212
10241,0.051109,74.125.24.0-255,5738,229282,15,322212
10242,0.051115,172.31.36.0-255,66,229348,15,322212
10243,0.053428,74.125.24.0-255,5738,235086,15,322212
10244,0.053433,172.31.36.0-255,66,235152,15,322212
10245,0.055749,74.125.24.0-255,5738,240890,15,322212
10246,0.055756,172.31.36.0-255,66,240956,15,322212
10247,0.05805,74.125.24.0-255,5738,246694,15,322212
10248,0.058057,172.31.36.0-255,66,246760,15,322212
10249,0.060406,74.125.24.0-255,5738,252498,15,322212
10250,0.060413,172.31.36.0-255,66,252564,15,322212
10251,0.062736,74.125.24.0-255,5738,258302,15,322212
10252,0.062749,172.31.36.0-255,66,258368,15,322212
10253,0.065064,74.125.24.0-255,5738,264106,15,322212
10254,0.065071,172.31.36.0-255,66,264172,15,322212
10255,0.067382,74.125.24.0-255,5738,269910,15,322212
10256,0.06739,172.31.36.0-255,66,269976,15,322212
10257,0.069721,74.125.24.0-255,5738,275714,15,322212
10258,0.069727,172.31.36.0-255,66,275780,15,322212
10259,0.072041,74.125.24.0-255,5738,281518,15,322212
10260,0.072048,172.31.36.0-255,66,281584,15,322212
10261,0.074357,74.125.24.0-255,5738,287322,15,322212
10262,0.074366,172.31.36.0-255,66,287388,15,322212
10263,0.076699,74.125.24.0-255,5738,293126,15,322212
10264,0.076706,172.31.36.0-255,66,293192,15,322212
10265,0.079015,74.125.24.0-255,5738,298930,15,322212
10266,0.079022,172.31.36.0-255,66,298996,15,322212
10267,0.081307,74.125.24.0-255,5738,304734,15,322212
10268,0.081314,172.31.36.0-255,66,304800,15,322212
10269,0.083653,74.125.24.0-255,5738,310538,15,322212
10270,0.083663,172.31.36.0-255,66,310604,15,322212
10271,0.085989,74.125.24.0-255,5738,316342,15,322212
10272,0.085996,172.31.36.0-255,66,316408,15,322212
10273,0.088306,74.125.24.0-255,5738,322146,15,322212
10274,0.088313,172.31.36.0-255,66,322212,15,322212
10275,0.0,172.31.36.0-255,167,167,15,233
10276,0.005707,216.58.221.0-255,66,233,15,233
10277,0.0,74.125.130.0-255,150,150,15,367367
10278,1.6e-05,172.31.36.0-255,66,216,15,367367
10279,2.3e-05,74.125.130.0-255,1484,1700,15,367367
10280,2.8e-05,172.31.36.0-255,66,1766,15,367367
10281,5.8e-05,74.125.130.0-255,2902,4668,15,367367
10282,6.1e-05,172.31.36.0-255,66,4734,15,367367
10283,7.6e-05,74.125.130.0-255,5738,10472,15,367367
10284,8e-05,172.31.36.0-255,66,10538,15,367367
10285,0.00013,74.125.130.0-255,3498,14036,15,367367
10286,0.000133,172.31.36.0-255,66,14102,15,367367
10287,0.000308,74.125.130.0-255,1484,15586,15,367367
10288,0.000314,172.31.36.0-255,66,15652,15,367367
10289,0.000343,74.125.130.0-255,2902,18554,15,367367
10290,0.000346,172.31.36.0-255,66,18620,15,367367
10291,0.000352,74.125.130.0-255,4320,22940,15,367367
10292,0.000354,172.31.36.0-255,66,23006,15,367367
10293,0.000403,74.125.130.0-255,7156,30162,15,367367
10294,0.000406,172.31.36.0-255,66,30228,15,367367
10295,0.000436,74.125.130.0-255,5379,35607,15,367367
10296,0.000438,172.31.36.0-255,66,35673,15,367367
10297,0.000466,74.125.130.0-255,5738,41411,15,367367
10298,0.000468,172.31.36.0-255,66,41477,15,367367
10299,0.000493,74.125.130.0-255,2902,44379,15,367367
10300,0.000496,172.31.36.0-255,66,44445,15,367367
10301,0.000524,74.125.130.0-255,4320,48765,15,367367
10302,0.000526,172.31.36.0-255,66,48831,15,367367
10303,0.000529,74.125.130.0-255,1484,50315,15,367367
10304,0.00053,172.31.36.0-255,66,50381,15,367367
10305,0.000556,74.125.130.0-255,4320,54701,15,367367
10306,0.000559,172.31.36.0-255,66,54767,15,367367
10307,0.000585,74.125.130.0-255,5738,60505,15,367367
10308,0.000587,172.31.36.0-255,66,60571,15,367367
10309,0.000614,74.125.130.0-255,1484,62055,15,367367
10310,0.000618,74.125.130.0-255,2902,64957,15,367367
10311,0.00062,172.31.36.0-255,66,65023,15,367367
10312,0.000623,74.125.130.0-255,766,65789,15,367367
10313,0.000666,74.125.130.0-255,645,66434,15,367367
10314,0.000846,74.125.130.0-255,1484,67918,15,367367
10315,0.000849,172.31.36.0-255,66,67984,15,367367
10316,0.000854,74.125.130.0-255,2902,70886,15,367367
10317,0.000856,172.31.36.0-255,66,70952,15,367367
10318,0.000898,74.125.130.0-255,5738,76690,15,367367
10319,0.000902,74.125.130.0-255,4320,81010,15,367367
10320,0.000906,172.31.36.0-255,66,81076,15,367367
10321,0.000914,172.31.36.0-255,66,81142,15,367367
10322,0.000918,74.125.130.0-255,2902,84044,15,367367
10323,0.000923,172.31.36.0-255,66,84110,15,367367
10324,0.000962,172.31.36.0-255,66,84176,15,367367
10325,0.000987,74.125.130.0-255,2902,87078,15,367367
10326,0.000989,172.31.36.0-255,66,87144,15,367367
10327,0.001015,74.125.130.0-255,2184,89328,15,367367
10328,0.001018,172.31.36.0-255,66,89394,15,367367
10329,0.001053,74.125.130.0-255,1484,90878,15,367367
10330,0.00107,74.125.130.0-255,2902,93780,15,367367
10331,0.001073,172.31.36.0-255,66,93846,15,367367
10332,0.001075,74.125.130.0-255,1484,95330,15,367367
10333,0.001097,74.125.130.0-255,2902,98232,15,367367
10334,0.001099,172.31.36.0-255,66,98298,15,367367
10335,0.001102,74.125.130.0-255,1484,99782,15,367367
10336,0.001129,74.125.130.0-255,4320,104102,15,367367
10337,0.001133,172.31.36.0-255,66,104168,15,367367
10338,0.001152,74.125.130.0-255,2902,107070,15,367367
10339,0.001154,172.31.36.0-255,66,107136,15,367367
10340,0.001181,74.125.130.0-255,5738,112874,15,367367
10341,0.001183,172.31.36.0-255,66,112940,15,367367
10342,0.001195,172.31.36.0-255,66,113006,15,367367
10343,0.001203,74.125.130.0-255,2184,115190,15,367367
10344,0.001205,172.31.36.0-255,66,115256,15,367367
10345,0.001224,74.125.130.0-255,2902,118158,15,367367
10346,0.001226,172.31.36.0-255,66,118224,15,367367
10347,0.001254,74.125.130.0-255,7156,125380,15,367367
10348,0.001256,172.31.36.0-255,66,125446,15,367367
10349,0.001286,74.125.130.0-255,5738,131184,15,367367
10350,0.001288,172.31.36.0-255,66,131250,15,367367
10351,0.001319,74.125.130.0-255,5738,136988,15,367367
10352,0.001322,172.31.36.0-255,66,137054,15,367367
10353,0.001347,74.125.130.0-255,1484,138538,15,367367
10354,0.001354,74.125.130.0-255,7156,145694,15,367367
10355,0.001357,172.31.36.0-255,66,145760,15,367367
10356,0.001361,74.125.130.0-255,2184,147944,15,367367
10357,0.001364,172.31.36.0-255,66,148010,15,367367
10358,0.0014,74.125.130.0-255,1484,149494,15,367367
10359,0.001414,74.125.130.0-255,2902,152396,15,367367
10360,0.001418,172.31.36.0-255,66,152462,15,367367
10361,0.001446,74.125.130.0-255,5738,158200,15,367367
10362,0.001449,172.31.36.0-255,66,158266,15,367367
10363,0.001454,74.125.130.0-255,2902,161168,15,367367
10364,0.001456,172.31.36.0-255,66,161234,15,367367
10365,0.00148,74.125.130.0-255,4320,165554,15,367367
10366,0.001487,172.31.36.0-255,66,165620,15,367367
10367,0.001494,74.125.130.0-255,7156,172776,15,367367
10368,0.001497,172.31.36.0-255,66,172842,15,367367
10369,0.001523,74.125.130.0-255,5738,178580,15,367367
10370,0.00153,172.31.36.0-255,66,178646,15,367367
10371,0.001533,74.125.130.0-255,1484,180130,15,367367
10372,0.001555,74.125.130.0-255,2184,182314,15,367367
10373,0.001558,172.31.36.0-255,66,182380,15,367367
10374,0.001611,74.125.130.0-255,1484,183864,15,367367
10375,0.001629,74.125.130.0-255,2902,186766,15,367367
10376,0.001632,172.31.36.0-255,66,186832,15,367367
10377,0.001635,74.125.130.0-255,1484,188316,15,367367
10378,0.001697,74.125.130.0-255,2902,191218,15,367367
10379,0.0017,172.31.36.0-255,66,191284,15,367367
10380,0.001706,74.125.130.0-255,5738,197022,15,367367
10381,0.001709,172.31.36.0-255,66,197088,15,367367
10382,0.001719,74.125.130.0-255,5738,202826,15,367367
10383,0.001722,172.31.36.0-255,66,202892,15,367367
10384,0.001727,74.125.130.0-255,4320,207212,15,367367
10385,0.00173,172.31.36.0-255,66,207278,15,367367
10386,0.001757,74.125.130.0-255,2902,210180,15,367367
10387,0.001768,74.125.130.0-255,5738,215918,15,367367
10388,0.001777,172.31.36.0-255,66,215984,15,367367
10389,0.001781,172.31.36.0-255,66,216050,15,367367
10390,0.001784,74.125.130.0-255,766,216816,15,367367
10391,0.001878,74.125.130.0-255,1484,218300,15,367367
10392,0.001882,172.31.36.0-255,66,218366,15,367367
10393,0.001908,74.125.130.0-255,1484,219850,15,367367
10394,0.001913,74.125.130.0-255,2902,222752,15,367367
10395,0.001915,172.31.36.0-255,66,222818,15,367367
10396,0.001939,74.125.130.0-255,1484,224302,15,367367
10397,0.001962,74.125.130.0-255,4320,228622,15,367367
10398,0.001965,172.31.36.0-255,66,228688,15,367367
10399,0.001976,74.125.130.0-255,4320,233008,15,367367
10400,0.001978,172.31.36.0-255,66,233074,15,367367
10401,0.002003,74.125.130.0-255,2902,235976,15,367367
10402,0.002006,172.31.36.0-255,66,236042,15,367367
10403,0.002011,74.125.130.0-255,2902,238944,15,367367
10404,0.002013,172.31.36.0-255,66,239010,15,367367
10405,0.002022,74.125.130.0-255,4320,243330,15,367367
10406,0.002024,172.31.36.0-255,66,243396,15,367367
10407,0.002048,74.125.130.0-255,1484,244880,15,367367
10408,0.002074,74.125.130.0-255,6438,251318,15,367367
10409,0.002077,172.31.36.0-255,66,251384,15,367367
10410,0.002227,74.125.130.0-255,1484,252868,15,367367
10411,0.002243,74.125.130.0-255,1484,254352,15,367367
10412,0.002246,172.31.36.0-255,66,254418,15,367367
10413,0.002271,74.125.130.0-255,2902,257320,15,367367
10414,0.002273,172.31.36.0-255,66,257386,15,367367
10415,0.002302,74.125.130.0-255,5738,263124,15,367367
10416,0.002304,172.31.36.0-255,66,263190,15,367367
10417,0.002307,74.125.130.0-255,1484,264674,15,367367
10418,0.00235,172.31.36.0-255,66,264740,15,367367
10419,0.002353,74.125.130.0-255,1484,266224,15,367367
10420,0.002377,74.125.130.0-255,2902,269126,15,367367
10421,0.002379,172.31.36.0-255,66,269192,15,367367
10422,0.002401,74.125.130.0-255,5738,274930,15,367367
10423,0.002404,172.31.36.0-255,66,274996,15,367367
10424,0.002427,74.125.130.0-255,1484,276480,15,367367
10425,0.002438,74.125.130.0-255,766,277246,15,367367
10426,0.00244,172.31.36.0-255,66,277312,15,367367
10427,0.002615,74.125.130.0-255,1484,278796,15,367367
10428,0.002637,74.125.130.0-255,2902,281698,15,367367
10429,0.002639,172.31.36.0-255,66,281764,15,367367
10430,0.002645,74.125.130.0-255,2902,284666,15,367367
10431,0.002646,172.31.36.0-255,66,284732,15,367367
10432,0.002675,74.125.130.0-255,2902,287634,15,367367
10433,0.002677,172.31.36.0-255,66,287700,15,367367
10434,0.002681,74.125.130.0-255,2902,290602,15,367367
10435,0.002683,172.31.36.0-255,66,290668,15,367367
10436,0.002688,74.125.130.0-255,4320,294988,15,367367
10437,0.002689,172.31.36.0-255,66,295054,15,367367
10438,0.002697,74.125.130.0-255,4320,299374,15,367367
10439,0.002699,172.31.36.0-255,66,299440,15,367367
10440,0.002726,74.125.130.0-255,4320,303760,15,367367
10441,0.002729,172.31.36.0-255,66,303826,15,367367
10442,0.002737,74.125.130.0-255,4320,308146,15,367367
10443,0.002739,172.31.36.0-255,66,308212,15,367367
10444,0.002766,74.125.130.0-255,3602,311814,15,367367
10445,0.002768,172.31.36.0-255,66,311880,15,367367
10446,0.002807,74.125.130.0-255,2902,314782,15,367367
10447,0.002811,172.31.36.0-255,66,314848,15,367367
10448,0.002834,74.125.130.0-255,2902,317750,15,367367
10449,0.002836,172.31.36.0-255,66,317816,15,367367
10450,0.002863,74.125.130.0-255,7156,324972,15,367367
10451,0.002866,172.31.36.0-255,66,325038,15,367367
10452,0.002869,74.125.130.0-255,1484,326522,15,367367
10453,0.002873,74.125.130.0-255,2902,329424,15,367367
10454,0.002874,172.31.36.0-255,66,329490,15,367367
10455,0.002918,74.125.130.0-255,5738,335228,15,367367
10456,0.002921,172.31.36.0-255,66,335294,15,367367
10457,0.002924,74.125.130.0-255,2902,338196,15,367367
10458,0.002926,172.31.36.0-255,66,338262,15,367367
10459,0.002975,74.125.130.0-255,2902,341164,15,367367
10460,0.002978,172.31.36.0-255,66,341230,15,367367
10461,0.003003,74.125.130.0-255,5020,346250,15,367367
10462,0.003005,172.31.36.0-255,66,346316,15,367367
10463,0.003018,74.125.130.0-255,1484,347800,15,367367
10464,0.003037,74.125.130.0-255,7156,354956,15,367367
10465,0.003039,172.31.36.0-255,66,355022,15,367367
10466,0.003041,74.125.130.0-255,1484,356506,15,367367
10467,0.003073,172.31.36.0-255,66,356572,15,367367
10468,0.003078,74.125.130.0-255,4320,360892,15,367367
10469,0.00308,172.31.36.0-255,66,360958,15,367367
10470,0.003132,74.125.130.0-255,1717,362675,15,367367
10471,0.003136,172.31.36.0-255,66,362741,15,367367
10472,0.00316,74.125.130.0-255,105,362846,15,367367
10473,0.008335,172.31.36.0-255,66,362912,15,367367
10474,0.008372,172.31.36.0-255,105,363017,15,367367
10475,0.011084,74.125.130.0-255,66,363083,15,367367
10476,0.029649,172.31.36.0-255,167,363250,15,367367
10477,0.029679,172.31.36.0-255,1110,364360,15,367367
10478,0.029739,172.31.36.0-255,1514,365874,15,367367
10479,0.029741,172.31.36.0-255,1295,367169,15,367367
10480,0.031296,104.244.42.0-255,66,367235,15,367367
10481,0.03134,104.244.42.0-255,66,367301,15,367367
10482,0.031433,104.244.42.0-255,66,367367,15,367367
10483,0.0,172.217.194.0-255,153,153,15,322610
10484,2.2e-05,172.31.36.0-255,66,219,15,322610
10485,2.9e-05,172.217.194.0-255,1484,1703,15,322610
10486,3.4e-05,172.31.36.0-255,66,1769,15,322610
10487,3.9e-05,172.217.194.0-255,2902,4671,15,322610
10488,4.3e-05,172.31.36.0-255,66,4737,15,322610
10489,5.2e-05,172.217.194.0-255,7156,11893,15,322610
10490,5.5e-05,172.31.36.0-255,66,11959,15,322610
10491,5.9e-05,172.217.194.0-255,2074,14033,15,322610
10492,6.2e-05,172.31.36.0-255,66,14099,15,322610
10493,0.000118,172.217.194.0-255,1484,15583,15,322610
10494,0.000121,172.31.36.0-255,66,15649,15,322610
10495,0.000125,172.217.194.0-255,1484,17133,15,322610
10496,0.000128,172.31.36.0-255,66,17199,15,322610
10497,0.000143,172.217.194.0-255,1484,18683,15,322610
10498,0.000145,172.31.36.0-255,66,18749,15,322610
10499,0.000167,172.217.194.0-255,5738,24487,15,322610
10500,0.000169,172.31.36.0-255,66,24553,15,322610
10501,0.000174,172.217.194.0-255,2902,27455,15,322610
10502,0.000176,172.31.36.0-255,66,27521,15,322610
10503,0.000198,172.217.194.0-255,2902,30423,15,322610
10504,0.0002,172.31.36.0-255,66,30489,15,322610
10505,0.000203,172.217.194.0-255,1125,31614,15,322610
10506,0.000205,172.31.36.0-255,66,31680,15,322610
10507,0.000633,172.217.194.0-255,1484,33164,15,322610
10508,0.000639,172.31.36.0-255,66,33230,15,322610
10509,0.000645,172.217.194.0-255,2902,36132,15,322610
10510,0.000647,172.31.36.0-255,66,36198,15,322610
10511,0.000666,172.217.194.0-255,2902,39100,15,322610
10512,0.000668,172.31.36.0-255,66,39166,15,322610
10513,0.000674,172.217.194.0-255,4320,43486,15,322610
10514,0.000676,172.31.36.0-255,66,43552,15,322610
10515,0.000697,172.217.194.0-255,2902,46454,15,322610
10516,0.000714,172.217.194.0-255,5738,52192,15,322610
10517,0.000723,172.31.36.0-255,66,52258,15,322610
10518,0.000748,172.217.194.0-255,1484,53742,15,322610
10519,0.000751,172.217.194.0-255,1125,54867,15,322610
10520,0.000784,172.31.36.0-255,66,54933,15,322610
10521,0.001032,172.217.194.0-255,358,55291,15,322610
10522,0.001071,172.31.36.0-255,66,55357,15,322610
10523,0.001433,172.217.194.0-255,384,55741,15,322610
10524,0.001628,172.217.194.0-255,1484,57225,15,322610
10525,0.001647,172.217.194.0-255,2902,60127,15,322610
10526,0.001654,172.217.194.0-255,5738,65865,15,322610
10527,0.001687,172.217.194.0-255,5738,71603,15,322610
10528,0.001705,172.217.194.0-255,7156,78759,15,322610
10529,0.001741,172.217.194.0-255,4320,83079,15,322610
10530,0.001767,172.217.194.0-255,6438,89517,15,322610
10531,0.001983,172.217.194.0-255,1484,91001,15,322610
10532,0.002003,172.217.194.0-255,2902,93903,15,322610
10533,0.00201,172.217.194.0-255,5738,99641,15,322610
10534,0.002033,172.217.194.0-255,4320,103961,15,322610
10535,0.002049,172.217.194.0-255,7156,111117,15,322610
10536,0.002068,172.217.194.0-255,1484,112601,15,322610
10537,0.002074,172.217.194.0-255,5738,118339,15,322610
10538,0.002102,172.217.194.0-255,4320,122659,15,322610
10539,0.002117,172.217.194.0-255,766,123425,15,322610
10540,0.00682,172.31.36.0-255,66,123491,15,322610
10541,0.00922,172.217.194.0-255,5738,129229,15,322610
10542,0.009228,172.31.36.0-255,66,129295,15,322610
10543,0.011571,172.217.194.0-255,5738,135033,15,322610
10544,0.012876,172.31.36.0-255,66,135099,15,322610
10545,0.015209,172.217.194.0-255,5738,140837,15,322610
10546,0.015221,172.31.36.0-255,66,140903,15,322610
10547,0.017557,172.217.194.0-255,5738,146641,15,322610
10548,0.017566,172.31.36.0-255,66,146707,15,322610
10549,0.019937,172.217.194.0-255,5738,152445,15,322610
10550,0.019946,172.31.36.0-255,66,152511,15,322610
10551,0.022306,172.217.194.0-255,5738,158249,15,322610
10552,0.022313,172.31.36.0-255,66,158315,15,322610
10553,0.024655,172.217.194.0-255,5738,164053,15,322610
10554,0.024664,172.31.36.0-255,66,164119,15,322610
10555,0.026852,172.31.36.0-255,172,164291,15,322610
10556,0.026886,172.31.36.0-255,1111,165402,15,322610
10557,0.026945,172.31.36.0-255,1514,166916,15,322610
10558,0.026947,172.31.36.0-255,1294,168210,15,322610
10559,0.026996,172.217.194.0-255,4320,172530,15,322610
10560,0.027002,172.31.36.0-255,66,172596,15,322610
10561,0.027015,172.217.194.0-255,1484,174080,15,322610
10562,0.028409,104.244.42.0-255,66,174146,15,322610
10563,0.028418,104.244.42.0-255,66,174212,15,322610
10564,0.028486,104.244.42.0-255,66,174278,15,322610
10565,0.029347,172.217.194.0-255,4320,178598,15,322610
10566,0.029352,172.31.36.0-255,66,178664,15,322610
10567,0.031687,172.217.194.0-255,5738,184402,15,322610
10568,0.031727,172.31.36.0-255,66,184468,15,322610
10569,0.034063,172.217.194.0-255,1484,185952,15,322610
10570,0.034087,172.217.194.0-255,4320,190272,15,322610
10571,0.034093,172.31.36.0-255,66,190338,15,322610
10572,0.036466,172.217.194.0-255,5738,196076,15,322610
10573,0.036474,172.31.36.0-255,66,196142,15,322610
10574,0.03883,172.217.194.0-255,5738,201880,15,322610
10575,0.038837,172.31.36.0-255,66,201946,15,322610
10576,0.041184,172.217.194.0-255,5738,207684,15,322610
10577,0.041191,172.31.36.0-255,66,207750,15,322610
10578,0.043549,172.217.194.0-255,5738,213488,15,322610
10579,0.043556,172.31.36.0-255,66,213554,15,322610
10580,0.045898,172.217.194.0-255,5738,219292,15,322610
10581,0.045905,172.31.36.0-255,66,219358,15,322610
10582,0.04827,172.217.194.0-255,5738,225096,15,322610
10583,0.048277,172.31.36.0-255,66,225162,15,322610
10584,0.050625,172.217.194.0-255,5738,230900,15,322610
10585,0.050631,172.31.36.0-255,66,230966,15,322610
10586,0.052974,172.217.194.0-255,4320,235286,15,322610
10587,0.05298,172.31.36.0-255,66,235352,15,322610
10588,0.052998,172.217.194.0-255,1484,236836,15,322610
10589,0.055343,172.217.194.0-255,4320,241156,15,322610
10590,0.055349,172.31.36.0-255,66,241222,15,322610
10591,0.057701,172.217.194.0-255,5738,246960,15,322610
10592,0.0581,172.31.36.0-255,66,247026,15,322610
10593,0.060452,172.217.194.0-255,5738,252764,15,322610
10594,0.060462,172.31.36.0-255,66,252830,15,322610
10595,0.062796,172.217.194.0-255,5738,258568,15,322610
10596,0.062803,172.31.36.0-255,66,258634,15,322610
10597,0.065135,172.217.194.0-255,5738,264372,15,322610
10598,0.065141,172.31.36.0-255,66,264438,15,322610
10599,0.067499,172.217.194.0-255,5738,270176,15,322610
10600,0.067505,172.31.36.0-255,66,270242,15,322610
10601,0.069839,172.217.194.0-255,5738,275980,15,322610
10602,0.069845,172.31.36.0-255,66,276046,15,322610
10603,0.072178,172.217.194.0-255,5738,281784,15,322610
10604,0.072183,172.31.36.0-255,66,281850,15,322610
10605,0.07456,172.217.194.0-255,5738,287588,15,322610
10606,0.074566,172.31.36.0-255,66,287654,15,322610
10607,0.076931,172.217.194.0-255,5738,293392,15,322610
10608,0.076941,172.31.36.0-255,66,293458,15,322610
10609,0.079298,172.217.194.0-255,5738,299196,15,322610
10610,0.079304,172.31.36.0-255,66,299262,15,322610
10611,0.08166,172.217.194.0-255,5738,305000,15,322610
10612,0.081666,172.31.36.0-255,66,305066,15,322610
10613,0.084003,172.217.194.0-255,5738,310804,15,322610
10614,0.08401,172.31.36.0-255,66,310870,15,322610
10615,0.086358,172.217.194.0-255,5738,316608,15,322610
10616,0.086364,172.31.36.0-255,66,316674,15,322610
10617,0.088736,172.217.194.0-255,2902,319576,15,322610
10618,0.088742,172.31.36.0-255,66,319642,15,322610
10619,0.088762,172.217.194.0-255,2902,322544,15,322610
10620,0.088794,172.31.36.0-255,66,322610,15,322610
10621,0.0,74.125.24.0-255,153,153,15,323096
10622,1.4e-05,172.31.36.0-255,66,219,15,323096
10623,2.1e-05,74.125.24.0-255,1484,1703,15,323096
10624,2.6e-05,172.31.36.0-255,66,1769,15,323096
10625,3e-05,74.125.24.0-255,1484,3253,15,323096
10626,3.4e-05,172.31.36.0-255,66,3319,15,323096
10627,5.1e-05,74.125.24.0-255,1484,4803,15,323096
10628,5.4e-05,172.31.36.0-255,66,4869,15,323096
10629,6.2e-05,74.125.24.0-255,7156,12025,15,323096
10630,6.5e-05,172.31.36.0-255,66,12091,15,323096
10631,8.1e-05,74.125.24.0-255,2031,14122,15,323096
10632,8.3e-05,172.31.36.0-255,66,14188,15,323096
10633,0.000226,74.125.24.0-255,1484,15672,15,323096
10634,0.000231,172.31.36.0-255,66,15738,15,323096
10635,0.000236,74.125.24.0-255,2902,18640,15,323096
10636,0.000238,172.31.36.0-255,66,18706,15,323096
10637,0.000243,74.125.24.0-255,2902,21608,15,323096
10638,0.000245,172.31.36.0-255,66,21674,15,323096
10639,0.000267,74.125.24.0-255,2902,24576,15,323096
10640,0.000269,172.31.36.0-255,66,24642,15,323096
10641,0.000322,172.31.36.0-255,66,24708,15,323096
10642,0.000334,172.31.36.0-255,66,24774,15,323096
10643,0.00034,74.125.24.0-255,3961,28735,15,323096
10644,0.000341,172.31.36.0-255,66,28801,15,323096
10645,0.000861,74.125.24.0-255,1484,30285,15,323096
10646,0.000867,172.31.36.0-255,66,30351,15,323096
10647,0.000873,74.125.24.0-255,2902,33253,15,323096
10648,0.000876,172.31.36.0-255,66,33319,15,323096
10649,0.000902,74.125.24.0-255,4320,37639,15,323096
10650,0.000905,172.31.36.0-255,66,37705,15,323096
10651,0.000924,74.125.24.0-255,1484,39189,15,323096
10652,0.00093,74.125.24.0-255,4320,43509,15,323096
10653,0.000932,172.31.36.0-255,66,43575,15,323096
10654,0.00095,74.125.24.0-255,2543,46118,15,323096
10655,0.000952,172.31.36.0-255,66,46184,15,323096
10656,0.00106,74.125.24.0-255,645,46829,15,323096
10657,0.001092,74.125.24.0-255,1484,48313,15,323096
10658,0.001096,172.31.36.0-255,66,48379,15,323096
10659,0.001103,74.125.24.0-255,4320,52699,15,323096
10660,0.001104,172.31.36.0-255,66,52765,15,323096
10661,0.001126,74.125.24.0-255,7156,59921,15,323096
10662,0.001128,74.125.24.0-255,1484,61405,15,323096
10663,0.001167,74.125.24.0-255,1484,62889,15,323096
10664,0.001171,74.125.24.0-255,2902,65791,15,323096
10665,0.001174,172.31.36.0-255,66,65857,15,323096
10666,0.00118,172.31.36.0-255,66,65923,15,323096
10667,0.001198,74.125.24.0-255,5020,70943,15,323096
10668,0.001213,172.31.36.0-255,66,71009,15,323096
10669,0.001244,74.125.24.0-255,1484,72493,15,323096
10670,0.001255,74.125.24.0-255,1484,73977,15,323096
10671,0.001258,172.31.36.0-255,66,74043,15,323096
10672,0.001275,74.125.24.0-255,1484,75527,15,323096
10673,0.001282,74.125.24.0-255,5738,81265,15,323096
10674,0.001295,172.31.36.0-255,66,81331,15,323096
10675,0.001333,74.125.24.0-255,6235,87566,15,323096
10676,0.001352,172.31.36.0-255,66,87632,15,323096
10677,0.001455,74.125.24.0-255,1484,89116,15,323096
10678,0.00146,74.125.24.0-255,2902,92018,15,323096
10679,0.001474,74.125.24.0-255,1484,93502,15,323096
10680,0.001485,172.31.36.0-255,66,93568,15,323096
10681,0.001499,74.125.24.0-255,4320,97888,15,323096
10682,0.001504,172.31.36.0-255,66,97954,15,323096
10683,0.001588,74.125.24.0-255,2184,100138,15,323096
10684,0.001591,172.31.36.0-255,66,100204,15,323096
10685,0.001595,172.31.36.0-255,66,100270,15,323096
10686,0.001746,74.125.24.0-255,1484,101754,15,323096
10687,0.001752,74.125.24.0-255,2902,104656,15,323096
10688,0.001754,74.125.24.0-255,1484,106140,15,323096
10689,0.00176,172.31.36.0-255,66,106206,15,323096
10690,0.001782,74.125.24.0-255,4320,110526,15,323096
10691,0.001789,74.125.24.0-255,5738,116264,15,323096
10692,0.001795,172.31.36.0-255,66,116330,15,323096
10693,0.001808,74.125.24.0-255,4320,120650,15,323096
10694,0.001831,74.125.24.0-255,1484,122134,15,323096
10695,0.001838,172.31.36.0-255,66,122200,15,323096
10696,0.001851,74.125.24.0-255,7156,129356,15,323096
10697,0.001864,74.125.24.0-255,3988,133344,15,323096
10698,0.00189,172.31.36.0-255,66,133410,15,323096
10699,0.001896,74.125.24.0-255,4320,137730,15,323096
10700,0.001918,172.31.36.0-255,66,137796,15,323096
10701,0.004151,74.125.24.0-255,5738,143534,15,323096
10702,0.004159,172.31.36.0-255,66,143600,15,323096
10703,0.006383,74.125.24.0-255,2902,146502,15,323096
10704,0.006389,172.31.36.0-255,66,146568,15,323096
10705,0.006408,74.125.24.0-255,2902,149470,15,323096
10706,0.006411,172.31.36.0-255,66,149536,15,323096
10707,0.008692,74.125.24.0-255,5738,155274,15,323096
10708,0.008697,172.31.36.0-255,66,155340,15,323096
10709,0.010927,74.125.24.0-255,5738,161078,15,323096
10710,0.010934,172.31.36.0-255,66,161144,15,323096
10711,0.013158,74.125.24.0-255,5738,166882,15,323096
10712,0.013166,172.31.36.0-255,66,166948,15,323096
10713,0.015458,74.125.24.0-255,5738,172686,15,323096
10714,0.015466,172.31.36.0-255,66,172752,15,323096
10715,0.017715,74.125.24.0-255,5738,178490,15,323096
10716,0.017723,172.31.36.0-255,66,178556,15,323096
10717,0.02002,74.125.24.0-255,5738,184294,15,323096
10718,0.020028,172.31.36.0-255,66,184360,15,323096
10719,0.022264,74.125.24.0-255,5738,190098,15,323096
10720,0.022278,172.31.36.0-255,66,190164,15,323096
10721,0.024555,74.125.24.0-255,5738,195902,15,323096
10722,0.024564,172.31.36.0-255,66,195968,15,323096
10723,0.02679,74.125.24.0-255,5738,201706,15,323096
10724,0.026799,172.31.36.0-255,66,201772,15,323096
10725,0.028995,74.125.24.0-255,4320,206092,15,323096
10726,0.029002,172.31.36.0-255,66,206158,15,323096
10727,0.02902,74.125.24.0-255,1484,207642,15,323096
10728,0.031264,74.125.24.0-255,4320,211962,15,323096
10729,0.031273,172.31.36.0-255,66,212028,15,323096
10730,0.033515,74.125.24.0-255,5738,217766,15,323096
10731,0.033522,172.31.36.0-255,66,217832,15,323096
10732,0.034841,172.31.36.0-255,167,217999,15,323096
10733,0.034876,172.31.36.0-255,1110,219109,15,323096
10734,0.034933,172.31.36.0-255,1514,220623,15,323096
10735,0.034935,172.31.36.0-255,1295,221918,15,323096
10736,0.035799,74.125.24.0-255,5738,227656,15,323096
10737,0.035806,172.31.36.0-255,66,227722,15,323096
10738,0.036538,104.244.42.0-255,66,227788,15,323096
10739,0.036546,104.244.42.0-255,66,227854,15,323096
10740,0.036614,104.244.42.0-255,66,227920,15,323096
10741,0.038065,74.125.24.0-255,2902,230822,15,323096
10742,0.038072,172.31.36.0-255,66,230888,15,323096
10743,0.03809,74.125.24.0-255,2902,233790,15,323096
10744,0.038093,172.31.36.0-255,66,233856,15,323096
10745,0.040262,74.125.24.0-255,2902,236758,15,323096
10746,0.040268,172.31.36.0-255,66,236824,15,323096
10747,0.040315,74.125.24.0-255,2902,239726,15,323096
10748,0.040319,172.31.36.0-255,66,239792,15,323096
10749,0.04251,74.125.24.0-255,2902,242694,15,323096
10750,0.042517,172.31.36.0-255,66,242760,15,323096
10751,0.042572,74.125.24.0-255,2902,245662,15,323096
10752,0.042576,172.31.36.0-255,66,245728,15,323096
10753,0.044744,74.125.24.0-255,2902,248630,15,323096
10754,0.04475,172.31.36.0-255,66,248696,15,323096
10755,0.044772,74.125.24.0-255,2902,251598,15,323096
10756,0.044775,172.31.36.0-255,66,251664,15,323096
10757,0.046989,74.125.24.0-255,5738,257402,15,323096
10758,0.046996,172.31.36.0-255,66,257468,15,323096
10759,0.049257,74.125.24.0-255,5738,263206,15,323096
10760,0.049263,172.31.36.0-255,66,263272,15,323096
10761,0.051526,74.125.24.0-255,5738,269010,15,323096
10762,0.051534,172.31.36.0-255,66,269076,15,323096
10763,0.053799,74.125.24.0-255,5738,274814,15,323096
10764,0.053805,172.31.36.0-255,66,274880,15,323096
10765,0.056035,74.125.24.0-255,2902,277782,15,323096
10766,0.056042,172.31.36.0-255,66,277848,15,323096
10767,0.056062,74.125.24.0-255,2902,280750,15,323096
10768,0.056065,172.31.36.0-255,66,280816,15,323096
10769,0.058283,74.125.24.0-255,5738,286554,15,323096
10770,0.058289,172.31.36.0-255,66,286620,15,323096
10771,0.060527,74.125.24.0-255,5738,292358,15,323096
10772,0.060533,172.31.36.0-255,66,292424,15,323096
10773,0.062823,74.125.24.0-255,5738,298162,15,323096
10774,0.06283,172.31.36.0-255,66,298228,15,323096
10775,0.065033,74.125.24.0-255,5738,303966,15,323096
10776,0.065038,172.31.36.0-255,66,304032,15,323096
10777,0.067248,74.125.24.0-255,5738,309770,15,323096
10778,0.067256,172.31.36.0-255,66,309836,15,323096
10779,0.069493,74.125.24.0-255,5738,315574,15,323096
10780,0.069503,172.31.36.0-255,66,315640,15,323096
10781,0.071708,74.125.24.0-255,5738,321378,15,323096
10782,0.071715,172.31.36.0-255,66,321444,15,323096
10783,0.073958,74.125.24.0-255,1415,322859,15,323096
10784,0.074078,172.31.36.0-255,66,322925,15,323096
10785,0.074113,172.31.36.0-255,105,323030,15,323096
10786,0.076315,74.125.24.0-255,66,323096,15,323096
10787,0.0,172.217.194.0-255,218,218,15,184297
10788,1.9e-05,172.217.194.0-255,1484,1702,15,184297
10789,3.1e-05,172.31.36.0-255,66,1768,15,184297
10790,4e-05,172.217.194.0-255,4320,6088,15,184297
10791,4.4e-05,172.31.36.0-255,66,6154,15,184297
10792,4.7e-05,172.217.194.0-255,1484,7638,15,184297
10793,7.5e-05,172.217.194.0-255,6058,13696,15,184297
10794,7.8e-05,172.31.36.0-255,66,13762,15,184297
10795,9.8e-05,172.217.194.0-255,4320,18082,15,184297
10796,0.0001,172.31.36.0-255,66,18148,15,184297
10797,0.000129,172.31.36.0-255,66,18214,15,184297
10798,0.000148,172.217.194.0-255,2902,21116,15,184297
10799,0.00015,172.31.36.0-255,66,21182,15,184297
10800,0.00019,172.31.36.0-255,66,21248,15,184297
10801,0.000202,172.217.194.0-255,6438,27686,15,184297
10802,0.000205,172.31.36.0-255,66,27752,15,184297
10803,0.00079,172.217.194.0-255,1484,29236,15,184297
10804,0.000798,172.217.194.0-255,2902,32138,15,184297
10805,0.000802,172.31.36.0-255,66,32204,15,184297
10806,0.000808,172.217.194.0-255,2902,35106,15,184297
10807,0.00081,172.31.36.0-255,66,35172,15,184297
10808,0.000826,172.217.194.0-255,2902,38074,15,184297
10809,0.000829,172.31.36.0-255,66,38140,15,184297
10810,0.00086,172.217.194.0-255,1484,39624,15,184297
10811,0.000882,172.217.194.0-255,5668,45292,15,184297
10812,0.000886,172.31.36.0-255,66,45358,15,184297
10813,0.00101,172.217.194.0-255,1484,46842,15,184297
10814,0.001015,172.217.194.0-255,2902,49744,15,184297
10815,0.001018,172.31.36.0-255,66,49810,15,184297
10816,0.001042,172.217.194.0-255,5738,55548,15,184297
10817,0.001045,172.31.36.0-255,66,55614,15,184297
10818,0.001063,172.217.194.0-255,5738,61352,15,184297
10819,0.001065,172.31.36.0-255,66,61418,15,184297
10820,0.001071,172.217.194.0-255,4320,65738,15,184297
10821,0.001073,172.31.36.0-255,66,65804,15,184297
10822,0.001093,172.217.194.0-255,2902,68706,15,184297
10823,0.001098,172.31.36.0-255,66,68772,15,184297
10824,0.001109,172.217.194.0-255,5738,74510,15,184297
10825,0.001112,172.31.36.0-255,66,74576,15,184297
10826,0.001134,172.217.194.0-255,5020,79596,15,184297
10827,0.001137,172.31.36.0-255,66,79662,15,184297
10828,0.00154,172.217.194.0-255,1484,81146,15,184297
10829,0.00155,172.217.194.0-255,2902,84048,15,184297
10830,0.001554,172.31.36.0-255,66,84114,15,184297
10831,0.00156,172.217.194.0-255,2902,87016,15,184297
10832,0.001562,172.31.36.0-255,66,87082,15,184297
10833,0.001576,172.217.194.0-255,1484,88566,15,184297
10834,0.001608,172.31.36.0-255,66,88632,15,184297
10835,0.001674,172.31.36.0-255,66,88698,15,184297
10836,0.001691,172.31.36.0-255,66,88764,15,184297
10837,0.001707,172.31.36.0-255,66,88830,15,184297
10838,0.001748,172.217.194.0-255,1484,90314,15,184297
10839,0.001754,172.217.194.0-255,2902,93216,15,184297
10840,0.001758,172.31.36.0-255,66,93282,15,184297
10841,0.001764,172.217.194.0-255,4320,97602,15,184297
10842,0.001766,172.31.36.0-255,66,97668,15,184297
10843,0.00179,172.217.194.0-255,1484,99152,15,184297
10844,0.001807,172.31.36.0-255,66,99218,15,184297
10845,0.001811,172.217.194.0-255,1484,100702,15,184297
10846,0.001828,172.217.194.0-255,4320,105022,15,184297
10847,0.001831,172.31.36.0-255,66,105088,15,184297
10848,0.001854,172.217.194.0-255,5020,110108,15,184297
10849,0.001857,172.31.36.0-255,66,110174,15,184297
10850,0.001876,172.217.194.0-255,4320,114494,15,184297
10851,0.001878,172.31.36.0-255,66,114560,15,184297
10852,0.001883,172.217.194.0-255,2902,117462,15,184297
10853,0.001885,172.31.36.0-255,66,117528,15,184297
10854,0.001903,172.217.194.0-255,2902,120430,15,184297
10855,0.001906,172.31.36.0-255,66,120496,15,184297
10856,0.001921,172.31.36.0-255,66,120562,15,184297
10857,0.001934,172.31.36.0-255,66,120628,15,184297
10858,0.001976,172.217.194.0-255,5738,126366,15,184297
10859,0.001981,172.31.36.0-255,66,126432,15,184297
10860,0.002026,172.31.36.0-255,66,126498,15,184297
10861,0.002037,172.31.36.0-255,66,126564,15,184297
10862,0.002077,172.217.194.0-255,1484,128048,15,184297
10863,0.002099,172.217.194.0-255,2902,130950,15,184297
10864,0.002102,172.31.36.0-255,66,131016,15,184297
10865,0.002109,172.217.194.0-255,5738,136754,15,184297
10866,0.002112,172.31.36.0-255,66,136820,15,184297
10867,0.002132,172.217.194.0-255,4320,141140,15,184297
10868,0.002136,172.31.36.0-255,66,141206,15,184297
10869,0.002173,172.31.36.0-255,66,141272,15,184297
10870,0.00218,172.217.194.0-255,7156,148428,15,184297
10871,0.002183,172.31.36.0-255,66,148494,15,184297
10872,0.002239,172.217.194.0-255,3602,152096,15,184297
10873,0.002241,172.31.36.0-255,66,152162,15,184297
10874,0.002248,172.217.194.0-255,4320,156482,15,184297
10875,0.00225,172.31.36.0-255,66,156548,15,184297
10876,0.00226,172.31.36.0-255,66,156614,15,184297
10877,0.002265,172.217.194.0-255,2902,159516,15,184297
10878,0.002267,172.31.36.0-255,66,159582,15,184297
10879,0.002288,172.217.194.0-255,7156,166738,15,184297
10880,0.00229,172.31.36.0-255,66,166804,15,184297
10881,0.00233,172.31.36.0-255,66,166870,15,184297
10882,0.002334,172.217.194.0-255,2902,169772,15,184297
10883,0.002336,172.31.36.0-255,66,169838,15,184297
10884,0.002361,172.31.36.0-255,66,169904,15,184297
10885,0.002373,172.31.36.0-255,66,169970,15,184297
10886,0.002391,172.217.194.0-255,5020,174990,15,184297
10887,0.002393,172.31.36.0-255,66,175056,15,184297
10888,0.002406,172.31.36.0-255,66,175122,15,184297
10889,0.002411,172.217.194.0-255,4320,179442,15,184297
10890,0.002413,172.31.36.0-255,66,179508,15,184297
10891,0.002451,172.31.36.0-255,66,179574,15,184297
10892,0.002454,172.217.194.0-255,97,179671,15,184297
10893,0.002457,172.217.194.0-255,105,179776,15,184297
10894,0.008789,172.31.36.0-255,66,179842,15,184297
10895,0.00883,172.31.36.0-255,105,179947,15,184297
10896,0.011129,172.217.194.0-255,66,180013,15,184297
10897,0.034021,172.31.36.0-255,167,180180,15,184297
10898,0.034052,172.31.36.0-255,1109,181289,15,184297
10899,0.034111,172.31.36.0-255,1514,182803,15,184297
10900,0.034113,172.31.36.0-255,1296,184099,15,184297
10901,0.035543,104.244.42.0-255,66,184165,15,184297
10902,0.035594,104.244.42.0-255,66,184231,15,184297
10903,0.035695,104.244.42.0-255,66,184297,15,184297
10904,0.0,74.125.68.0-255,153,153,15,289548
10905,2.2e-05,172.31.36.0-255,66,219,15,289548
10906,2.8e-05,74.125.68.0-255,1484,1703,15,289548
10907,3.4e-05,172.31.36.0-255,66,1769,15,289548
10908,3.9e-05,74.125.68.0-255,2902,4671,15,289548
10909,4.3e-05,172.31.36.0-255,66,4737,15,289548
10910,5.2e-05,74.125.68.0-255,7156,11893,15,289548
10911,5.4e-05,172.31.36.0-255,66,11959,15,289548
10912,5.8e-05,74.125.68.0-255,1484,13443,15,289548
10913,6e-05,172.31.36.0-255,66,13509,15,289548
10914,9.1e-05,74.125.68.0-255,6303,19812,15,289548
10915,9.5e-05,172.31.36.0-255,66,19878,15,289548
10916,0.000107,172.31.36.0-255,66,19944,15,289548
10917,0.000141,74.125.68.0-255,2543,22487,15,289548
10918,0.000143,172.31.36.0-255,66,22553,15,289548
10919,0.000236,74.125.68.0-255,1484,24037,15,289548
10920,0.000239,172.31.36.0-255,66,24103,15,289548
10921,0.000252,74.125.68.0-255,1484,25587,15,289548
10922,0.000255,172.31.36.0-255,66,25653,15,289548
10923,0.000281,74.125.68.0-255,1484,27137,15,289548
10924,0.000284,172.31.36.0-255,66,27203,15,289548
10925,0.000291,74.125.68.0-255,5738,32941,15,289548
10926,0.000294,172.31.36.0-255,66,33007,15,289548
10927,0.000298,74.125.68.0-255,2902,35909,15,289548
10928,0.0003,172.31.36.0-255,66,35975,15,289548
10929,0.000356,172.31.36.0-255,66,36041,15,289548
10930,0.000362,74.125.68.0-255,4320,40361,15,289548
10931,0.000364,172.31.36.0-255,66,40427,15,289548
10932,0.0004,74.125.68.0-255,5649,46076,15,289548
10933,0.000403,172.31.36.0-255,66,46142,15,289548
10934,0.000575,74.125.68.0-255,385,46527,15,289548
10935,0.000722,74.125.68.0-255,1484,48011,15,289548
10936,0.00073,172.31.36.0-255,66,48077,15,289548
10937,0.000746,74.125.68.0-255,1484,49561,15,289548
10938,0.000752,74.125.68.0-255,2902,52463,15,289548
10939,0.000755,172.31.36.0-255,66,52529,15,289548
10940,0.00078,74.125.68.0-255,5738,58267,15,289548
10941,0.000783,172.31.36.0-255,66,58333,15,289548
10942,0.000795,74.125.68.0-255,1484,59817,15,289548
10943,0.000812,74.125.68.0-255,3961,63778,15,289548
10944,0.000815,172.31.36.0-255,66,63844,15,289548
10945,0.000819,74.125.68.0-255,1484,65328,15,289548
10946,0.00084,74.125.68.0-255,4320,69648,15,289548
10947,0.000845,172.31.36.0-255,66,69714,15,289548
10948,0.000877,172.31.36.0-255,66,69780,15,289548
10949,0.001064,74.125.68.0-255,1484,71264,15,289548
10950,0.001079,74.125.68.0-255,2902,74166,15,289548
10951,0.001083,172.31.36.0-255,66,74232,15,289548
10952,0.001088,74.125.68.0-255,2902,77134,15,289548
10953,0.00109,172.31.36.0-255,66,77200,15,289548
10954,0.001117,74.125.68.0-255,2902,80102,15,289548
10955,0.001122,74.125.68.0-255,2902,83004,15,289548
10956,0.001128,74.125.68.0-255,5738,88742,15,289548
10957,0.001137,172.31.36.0-255,66,88808,15,289548
10958,0.001148,74.125.68.0-255,4320,93128,15,289548
10959,0.001151,74.125.68.0-255,1484,94612,15,289548
10960,0.001155,172.31.36.0-255,66,94678,15,289548
10961,0.00118,74.125.68.0-255,7156,101834,15,289548
10962,0.001189,172.31.36.0-255,66,101900,15,289548
10963,0.001208,74.125.68.0-255,2184,104084,15,289548
10964,0.001227,172.31.36.0-255,66,104150,15,289548
10965,0.001477,74.125.68.0-255,1484,105634,15,289548
10966,0.001499,74.125.68.0-255,2902,108536,15,289548
10967,0.001501,74.125.68.0-255,1484,110020,15,289548
10968,0.001506,172.31.36.0-255,66,110086,15,289548
10969,0.001515,74.125.68.0-255,1484,111570,15,289548
10970,0.001532,74.125.68.0-255,4320,115890,15,289548
10971,0.001561,74.125.68.0-255,4320,120210,15,289548
10972,0.001577,74.125.68.0-255,4320,124530,15,289548
10973,0.001598,74.125.68.0-255,2902,127432,15,289548
10974,0.001623,74.125.68.0-255,6438,133870,15,289548
10975,0.001629,74.125.68.0-255,4320,138190,15,289548
10976,0.001652,74.125.68.0-255,2902,141092,15,289548
10977,0.001689,74.125.68.0-255,7156,148248,15,289548
10978,0.001734,74.125.68.0-255,2184,150432,15,289548
10979,0.001789,74.125.68.0-255,1484,151916,15,289548
10980,0.001795,74.125.68.0-255,2902,154818,15,289548
10981,0.00182,74.125.68.0-255,5738,160556,15,289548
10982,0.001824,74.125.68.0-255,1484,162040,15,289548
10983,0.001839,74.125.68.0-255,2902,164942,15,289548
10984,0.001857,74.125.68.0-255,2902,167844,15,289548
10985,0.001949,74.125.68.0-255,2902,170746,15,289548
10986,0.001954,74.125.68.0-255,3602,174348,15,289548
10987,0.001959,74.125.68.0-255,4320,178668,15,289548
10988,0.00199,74.125.68.0-255,1484,180152,15,289548
10989,0.002001,74.125.68.0-255,4320,184472,15,289548
10990,0.002008,74.125.68.0-255,5738,190210,15,289548
10991,0.002054,74.125.68.0-255,2902,193112,15,289548
10992,0.002081,74.125.68.0-255,7156,200268,15,289548
10993,0.002086,74.125.68.0-255,4320,204588,15,289548
10994,0.002089,74.125.68.0-255,1484,206072,15,289548
10995,0.002107,74.125.68.0-255,4320,210392,15,289548
10996,0.00211,74.125.68.0-255,1484,211876,15,289548
10997,0.00214,74.125.68.0-255,2184,214060,15,289548
10998,0.002154,74.125.68.0-255,1484,215544,15,289548
10999,0.002176,74.125.68.0-255,1484,217028,15,289548
11000,0.002178,74.125.68.0-255,1484,218512,15,289548
11001,0.002198,74.125.68.0-255,2902,221414,15,289548
11002,0.002219,74.125.68.0-255,5738,227152,15,289548
11003,0.002222,74.125.68.0-255,1484,228636,15,289548
11004,0.002236,74.125.68.0-255,2902,231538,15,289548
11005,0.002254,74.125.68.0-255,5738,237276,15,289548
11006,0.002285,74.125.68.0-255,4320,241596,15,289548
11007,0.002301,74.125.68.0-255,6438,248034,15,289548
11008,0.002341,74.125.68.0-255,4320,252354,15,289548
11009,0.002348,74.125.68.0-255,2902,255256,15,289548
11010,0.002359,74.125.68.0-255,2902,258158,15,289548
11011,0.002374,74.125.68.0-255,4320,262478,15,289548
11012,0.002397,74.125.68.0-255,7156,269634,15,289548
11013,0.002402,74.125.68.0-255,4320,273954,15,289548
11014,0.002448,74.125.68.0-255,4320,278274,15,289548
11015,0.002482,74.125.68.0-255,2902,281176,15,289548
11016,0.002509,74.125.68.0-255,3583,284759,15,289548
11017,0.002512,74.125.68.0-255,97,284856,15,289548
11018,0.005987,172.31.36.0-255,66,284922,15,289548
11019,0.008498,74.125.68.0-255,105,285027,15,289548
11020,0.009628,172.31.36.0-255,66,285093,15,289548
11021,0.009664,172.31.36.0-255,105,285198,15,289548
11022,0.012169,74.125.68.0-255,66,285264,15,289548
11023,0.029641,172.31.36.0-255,167,285431,15,289548
11024,0.02968,172.31.36.0-255,1106,286537,15,289548
11025,0.029738,172.31.36.0-255,1514,288051,15,289548
11026,0.02974,172.31.36.0-255,1299,289350,15,289548
11027,0.031167,104.244.42.0-255,66,289416,15,289548
11028,0.031306,104.244.42.0-255,66,289482,15,289548
11029,0.031331,104.244.42.0-255,66,289548,15,289548
11030,0.0,74.125.24.0-255,152,152,15,179762
11031,4.1e-05,172.31.36.0-255,66,218,15,179762
11032,4.7e-05,74.125.24.0-255,1484,1702,15,179762
11033,5.1e-05,172.31.36.0-255,66,1768,15,179762
11034,5.7e-05,74.125.24.0-255,2902,4670,15,179762
11035,6.6e-05,172.31.36.0-255,66,4736,15,179762
11036,7.4e-05,74.125.24.0-255,7156,11892,15,179762
11037,7.7e-05,172.31.36.0-255,66,11958,15,179762
11038,8.1e-05,74.125.24.0-255,3467,15425,15,179762
11039,8.4e-05,172.31.36.0-255,66,15491,15,179762
11040,0.000115,74.125.24.0-255,7156,22647,15,179762
11041,0.000119,172.31.36.0-255,66,22713,15,179762
11042,0.000151,74.125.24.0-255,5738,28451,15,179762
11043,0.000154,172.31.36.0-255,66,28517,15,179762
11044,0.000158,74.125.24.0-255,2543,31060,15,179762
11045,0.00016,172.31.36.0-255,66,31126,15,179762
11046,0.000304,74.125.24.0-255,1484,32610,15,179762
11047,0.000309,172.31.36.0-255,66,32676,15,179762
11048,0.000328,74.125.24.0-255,2902,35578,15,179762
11049,0.000331,172.31.36.0-255,66,35644,15,179762
11050,0.000338,74.125.24.0-255,5738,41382,15,179762
11051,0.000341,172.31.36.0-255,66,41448,15,179762
11052,0.000391,172.31.36.0-255,66,41514,15,179762
11053,0.000399,74.125.24.0-255,7156,48670,15,179762
11054,0.000402,172.31.36.0-255,66,48736,15,179762
11055,0.000425,74.125.24.0-255,3602,52338,15,179762
11056,0.000432,172.31.36.0-255,66,52404,15,179762
11057,0.000436,74.125.24.0-255,395,52799,15,179762
11058,0.000438,172.31.36.0-255,66,52865,15,179762
11059,0.000464,74.125.24.0-255,1484,54349,15,179762
11060,0.000467,172.31.36.0-255,66,54415,15,179762
11061,0.000481,74.125.24.0-255,4320,58735,15,179762
11062,0.000484,172.31.36.0-255,66,58801,15,179762
11063,0.000521,74.125.24.0-255,7156,65957,15,179762
11064,0.000527,172.31.36.0-255,66,66023,15,179762
11065,0.000549,74.125.24.0-255,5738,71761,15,179762
11066,0.000552,172.31.36.0-255,66,71827,15,179762
11067,0.000583,74.125.24.0-255,2902,74729,15,179762
11068,0.000586,172.31.36.0-255,66,74795,15,179762
11069,0.000589,74.125.24.0-255,1484,76279,15,179762
11070,0.000598,74.125.24.0-255,7156,83435,15,179762
11071,0.000602,172.31.36.0-255,66,83501,15,179762
11072,0.000621,74.125.24.0-255,3884,87385,15,179762
11073,0.000624,172.31.36.0-255,66,87451,15,179762
11074,0.000843,74.125.24.0-255,1484,88935,15,179762
11075,0.000858,74.125.24.0-255,2902,91837,15,179762
11076,0.000861,74.125.24.0-255,1484,93321,15,179762
11077,0.000862,172.31.36.0-255,66,93387,15,179762
11078,0.000874,74.125.24.0-255,4320,97707,15,179762
11079,0.000882,172.31.36.0-255,66,97773,15,179762
11080,0.000889,74.125.24.0-255,5738,103511,15,179762
11081,0.000892,172.31.36.0-255,66,103577,15,179762
11082,0.000921,74.125.24.0-255,7156,110733,15,179762
11083,0.00093,172.31.36.0-255,66,110799,15,179762
11084,0.000941,172.31.36.0-255,66,110865,15,179762
11085,0.000944,74.125.24.0-255,766,111631,15,179762
11086,0.00099,74.125.24.0-255,1484,113115,15,179762
11087,0.000993,172.31.36.0-255,66,113181,15,179762
11088,0.000997,74.125.24.0-255,1484,114665,15,179762
11089,0.00102,74.125.24.0-255,1484,116149,15,179762
11090,0.001023,172.31.36.0-255,66,116215,15,179762
11091,0.001029,74.125.24.0-255,5738,121953,15,179762
11092,0.001031,172.31.36.0-255,66,122019,15,179762
11093,0.001036,74.125.24.0-255,2902,124921,15,179762
11094,0.001045,172.31.36.0-255,66,124987,15,179762
11095,0.001079,172.31.36.0-255,66,125053,15,179762
11096,0.001092,172.31.36.0-255,66,125119,15,179762
11097,0.001141,172.31.36.0-255,66,125185,15,179762
11098,0.00118,172.31.36.0-255,66,125251,15,179762
11099,0.001189,172.31.36.0-255,66,125317,15,179762
11100,0.001198,74.125.24.0-255,1484,126801,15,179762
11101,0.001203,74.125.24.0-255,2902,129703,15,179762
11102,0.001205,172.31.36.0-255,66,129769,15,179762
11103,0.001236,74.125.24.0-255,5738,135507,15,179762
11104,0.001244,172.31.36.0-255,66,135573,15,179762
11105,0.00125,74.125.24.0-255,5738,141311,15,179762
11106,0.001253,172.31.36.0-255,66,141377,15,179762
11107,0.001267,172.31.36.0-255,66,141443,15,179762
11108,0.00127,74.125.24.0-255,1484,142927,15,179762
11109,0.0013,74.125.24.0-255,3602,146529,15,179762
11110,0.001304,172.31.36.0-255,66,146595,15,179762
11111,0.00155,74.125.24.0-255,1484,148079,15,179762
11112,0.001556,74.125.24.0-255,2902,150981,15,179762
11113,0.001561,172.31.36.0-255,66,151047,15,179762
11114,0.00157,74.125.24.0-255,2902,153949,15,179762
11115,0.001573,172.31.36.0-255,66,154015,15,179762
11116,0.001609,74.125.24.0-255,2902,156917,15,179762
11117,0.001613,172.31.36.0-255,66,156983,15,179762
11118,0.001619,74.125.24.0-255,5738,162721,15,179762
11119,0.001622,172.31.36.0-255,66,162787,15,179762
11120,0.001648,172.31.36.0-255,66,162853,15,179762
11121,0.001662,172.31.36.0-255,66,162919,15,179762
11122,0.001716,172.31.36.0-255,66,162985,15,179762
11123,0.001753,74.125.24.0-255,1484,164469,15,179762
11124,0.001768,172.31.36.0-255,66,164535,15,179762
11125,0.00179,172.31.36.0-255,66,164601,15,179762
11126,0.001801,172.31.36.0-255,66,164667,15,179762
11127,0.001807,74.125.24.0-255,5738,170405,15,179762
11128,0.001809,172.31.36.0-255,66,170471,15,179762
11129,0.00186,172.31.36.0-255,66,170537,15,179762
11130,0.001884,172.31.36.0-255,66,170603,15,179762
11131,0.001896,172.31.36.0-255,66,170669,15,179762
11132,0.001901,74.125.24.0-255,4320,174989,15,179762
11133,0.001904,172.31.36.0-255,66,175055,15,179762
11134,0.001961,172.31.36.0-255,66,175121,15,179762
11135,0.001965,74.125.24.0-255,105,175226,15,179762
11136,0.003397,172.31.36.0-255,66,175292,15,179762
11137,0.003424,172.31.36.0-255,105,175397,15,179762
11138,0.005629,74.125.24.0-255,66,175463,15,179762
11139,0.030508,172.31.36.0-255,182,175645,15,179762
11140,0.03054,172.31.36.0-255,1106,176751,15,179762
11141,0.03058,172.31.36.0-255,1514,178265,15,179762
11142,0.030581,172.31.36.0-255,1299,179564,15,179762
11143,0.032032,104.244.42.0-255,66,179630,15,179762
11144,0.032084,104.244.42.0-255,66,179696,15,179762
11145,0.032088,104.244.42.0-255,66,179762,15,179762
11146,0.0,74.125.24.0-255,147,147,15,237528
11147,2.6e-05,172.31.36.0-255,66,213,15,237528
11148,3.3e-05,74.125.24.0-255,1484,1697,15,237528
11149,3.8e-05,172.31.36.0-255,66,1763,15,237528
11150,7.8e-05,74.125.24.0-255,2902,4665,15,237528
11151,8.1e-05,172.31.36.0-255,66,4731,15,237528
11152,0.000236,74.125.24.0-255,7156,11887,15,237528
11153,0.000241,172.31.36.0-255,66,11953,15,237528
11154,0.000584,74.125.24.0-255,4912,16865,15,237528
11155,0.00059,172.31.36.0-255,66,16931,15,237528
11156,0.000861,172.31.36.0-255,66,16997,15,237528
11157,0.000901,74.125.24.0-255,5379,22376,15,237528
11158,0.000905,172.31.36.0-255,66,22442,15,237528
11159,0.001554,74.125.24.0-255,1484,23926,15,237528
11160,0.00156,172.31.36.0-255,66,23992,15,237528
11161,0.001614,172.31.36.0-255,66,24058,15,237528
11162,0.002517,74.125.24.0-255,2902,26960,15,237528
11163,0.002523,172.31.36.0-255,66,27026,15,237528
11164,0.002568,172.31.36.0-255,66,27092,15,237528
11165,0.00346,74.125.24.0-255,5738,32830,15,237528
11166,0.003465,172.31.36.0-255,66,32896,15,237528
11167,0.003513,172.31.36.0-255,66,32962,15,237528
11168,0.005879,74.125.24.0-255,5738,38700,15,237528
11169,0.005883,172.31.36.0-255,66,38766,15,237528
11170,0.008283,74.125.24.0-255,4320,43086,15,237528
11171,0.00829,172.31.36.0-255,66,43152,15,237528
11172,0.008319,74.125.24.0-255,1484,44636,15,237528
11173,0.008322,172.31.36.0-255,66,44702,15,237528
11174,0.010706,74.125.24.0-255,1484,46186,15,237528
11175,0.010739,74.125.24.0-255,2902,49088,15,237528
11176,0.010745,172.31.36.0-255,66,49154,15,237528
11177,0.010872,74.125.24.0-255,1484,50638,15,237528
11178,0.013164,74.125.24.0-255,4320,54958,15,237528
11179,0.013171,172.31.36.0-255,66,55024,15,237528
11180,0.015587,74.125.24.0-255,5738,60762,15,237528
11181,0.015654,172.31.36.0-255,66,60828,15,237528
11182,0.018069,74.125.24.0-255,5738,66566,15,237528
11183,0.018077,172.31.36.0-255,66,66632,15,237528
11184,0.020475,74.125.24.0-255,5738,72370,15,237528
11185,0.020482,172.31.36.0-255,66,72436,15,237528
11186,0.022849,74.125.24.0-255,5738,78174,15,237528
11187,0.022856,172.31.36.0-255,66,78240,15,237528
11188,0.025184,172.31.36.0-255,167,78407,15,237528
11189,0.025213,172.31.36.0-255,1110,79517,15,237528
11190,0.025251,172.31.36.0-255,1514,81031,15,237528
11191,0.025253,172.31.36.0-255,1295,82326,15,237528
11192,0.025255,74.125.24.0-255,4320,86646,15,237528
11193,0.02526,172.31.36.0-255,66,86712,15,237528
11194,0.025282,74.125.24.0-255,1484,88196,15,237528
11195,0.026844,104.244.42.0-255,66,88262,15,237528
11196,0.026896,104.244.42.0-255,66,88328,15,237528
11197,0.02694,104.244.42.0-255,66,88394,15,237528
11198,0.02754,104.244.42.0-255,108,88502,15,237528
11199,0.027564,172.31.36.0-255,66,88568,15,237528
11200,0.027639,74.125.24.0-255,4320,92888,15,237528
11201,0.027644,172.31.36.0-255,66,92954,15,237528
11202,0.03005,74.125.24.0-255,5738,98692,15,237528
11203,0.030106,172.31.36.0-255,66,98758,15,237528
11204,0.032467,74.125.24.0-255,5738,104496,15,237528
11205,0.032473,172.31.36.0-255,66,104562,15,237528
11206,0.034883,74.125.24.0-255,2902,107464,15,237528
11207,0.034888,172.31.36.0-255,66,107530,15,237528
11208,0.034921,74.125.24.0-255,2902,110432,15,237528
11209,0.034932,172.31.36.0-255,66,110498,15,237528
11210,0.037297,74.125.24.0-255,2902,113400,15,237528
11211,0.037302,172.31.36.0-255,66,113466,15,237528
11212,0.037356,74.125.24.0-255,2902,116368,15,237528
11213,0.037386,172.31.36.0-255,66,116434,15,237528
11214,0.039701,74.125.24.0-255,2902,119336,15,237528
11215,0.039707,172.31.36.0-255,66,119402,15,237528
11216,0.03976,74.125.24.0-255,2902,122304,15,237528
11217,0.039782,172.31.36.0-255,66,122370,15,237528
11218,0.042111,74.125.24.0-255,1484,123854,15,237528
11219,0.042143,74.125.24.0-255,1484,125338,15,237528
11220,0.042148,172.31.36.0-255,66,125404,15,237528
11221,0.042179,74.125.24.0-255,2902,128306,15,237528
11222,0.042193,172.31.36.0-255,66,128372,15,237528
11223,0.044553,74.125.24.0-255,2902,131274,15,237528
11224,0.044558,172.31.36.0-255,66,131340,15,237528
11225,0.044602,74.125.24.0-255,1484,132824,15,237528
11226,0.044618,74.125.24.0-255,1484,134308,15,237528
11227,0.04464,172.31.36.0-255,66,134374,15,237528
11228,0.046961,74.125.24.0-255,2902,137276,15,237528
11229,0.046966,172.31.36.0-255,66,137342,15,237528
11230,0.047031,74.125.24.0-255,2902,140244,15,237528
11231,0.047049,172.31.36.0-255,66,140310,15,237528
11232,0.049387,74.125.24.0-255,2902,143212,15,237528
11233,0.049392,172.31.36.0-255,66,143278,15,237528
11234,0.049437,74.125.24.0-255,2902,146180,15,237528
11235,0.049451,172.31.36.0-255,66,146246,15,237528
11236,0.051775,74.125.24.0-255,2902,149148,15,237528
11237,0.05178,172.31.36.0-255,66,149214,15,237528
11238,0.051839,74.125.24.0-255,2902,152116,15,237528
11239,0.051859,172.31.36.0-255,66,152182,15,237528
11240,0.05415,74.125.24.0-255,2902,155084,15,237528
11241,0.054156,172.31.36.0-255,66,155150,15,237528
11242,0.05428,74.125.24.0-255,2902,158052,15,237528
11243,0.054285,172.31.36.0-255,66,158118,15,237528
11244,0.056583,74.125.24.0-255,2902,161020,15,237528
11245,0.056588,172.31.36.0-255,66,161086,15,237528
11246,0.056624,74.125.24.0-255,1484,162570,15,237528
11247,0.056641,74.125.24.0-255,1484,164054,15,237528
11248,0.056673,172.31.36.0-255,66,164120,15,237528
11249,0.058972,74.125.24.0-255,2902,167022,15,237528
11250,0.058978,172.31.36.0-255,66,167088,15,237528
11251,0.05905,74.125.24.0-255,2902,169990,15,237528
11252,0.059057,172.31.36.0-255,66,170056,15,237528
11253,0.061392,74.125.24.0-255,2902,172958,15,237528
11254,0.061396,172.31.36.0-255,66,173024,15,237528
11255,0.061448,74.125.24.0-255,2902,175926,15,237528
11256,0.061482,172.31.36.0-255,66,175992,15,237528
11257,0.06379,74.125.24.0-255,2902,178894,15,237528
11258,0.063795,172.31.36.0-255,66,178960,15,237528
11259,0.063853,74.125.24.0-255,2902,181862,15,237528
11260,0.063875,172.31.36.0-255,66,181928,15,237528
11261,0.066189,74.125.24.0-255,2902,184830,15,237528
11262,0.066194,172.31.36.0-255,66,184896,15,237528
11263,0.066242,74.125.24.0-255,2902,187798,15,237528
11264,0.066265,172.31.36.0-255,66,187864,15,237528
11265,0.06861,74.125.24.0-255,2902,190766,15,237528
11266,0.068615,172.31.36.0-255,66,190832,15,237528
11267,0.068663,74.125.24.0-255,2902,193734,15,237528
11268,0.068696,172.31.36.0-255,66,193800,15,237528
11269,0.070997,74.125.24.0-255,2902,196702,15,237528
11270,0.071002,172.31.36.0-255,66,196768,15,237528
11271,0.0711,74.125.24.0-255,1484,198252,15,237528
11272,0.071112,74.125.24.0-255,1484,199736,15,237528
11273,0.073392,74.125.24.0-255,2902,202638,15,237528
11274,0.074021,172.31.36.0-255,66,202704,15,237528
11275,0.076395,74.125.24.0-255,5738,208442,15,237528
11276,0.076403,172.31.36.0-255,66,208508,15,237528
11277,0.078771,74.125.24.0-255,5738,214246,15,237528
11278,0.078784,172.31.36.0-255,66,214312,15,237528
11279,0.081162,74.125.24.0-255,5738,220050,15,237528
11280,0.08117,172.31.36.0-255,66,220116,15,237528
11281,0.083548,74.125.24.0-255,5738,225854,15,237528
11282,0.08356,172.31.36.0-255,66,225920,15,237528
11283,0.085964,74.125.24.0-255,5738,231658,15,237528
11284,0.085974,172.31.36.0-255,66,231724,15,237528
11285,0.088373,74.125.24.0-255,5738,237462,15,237528
11286,0.088381,172.31.36.0-255,66,237528,15,237528
11287,0.0,74.125.24.0-255,153,153,15,194367
11288,2.4e-05,172.31.36.0-255,66,219,15,194367
11289,3.2e-05,74.125.24.0-255,1484,1703,15,194367
11290,3.7e-05,172.31.36.0-255,66,1769,15,194367
11291,5.1e-05,74.125.24.0-255,2902,4671,15,194367
11292,5.5e-05,172.31.36.0-255,66,4737,15,194367
11293,6e-05,74.125.24.0-255,2902,7639,15,194367
11294,6.3e-05,172.31.36.0-255,66,7705,15,194367
11295,6.7e-05,74.125.24.0-255,1484,9189,15,194367
11296,6.9e-05,172.31.36.0-255,66,9255,15,194367
11297,0.000102,74.125.24.0-255,4873,14128,15,194367
11298,0.000106,172.31.36.0-255,66,14194,15,194367
11299,0.000304,74.125.24.0-255,1484,15678,15,194367
11300,0.00031,172.31.36.0-255,66,15744,15,194367
11301,0.000316,74.125.24.0-255,2902,18646,15,194367
11302,0.000319,172.31.36.0-255,66,18712,15,194367
11303,0.000324,74.125.24.0-255,4320,23032,15,194367
11304,0.000326,172.31.36.0-255,66,23098,15,194367
11305,0.000355,74.125.24.0-255,1484,24582,15,194367
11306,0.000362,172.31.36.0-255,66,24648,15,194367
11307,0.000382,74.125.24.0-255,4320,28968,15,194367
11308,0.000385,172.31.36.0-255,66,29034,15,194367
11309,0.000415,74.125.24.0-255,2543,31577,15,194367
11310,0.000417,172.31.36.0-255,66,31643,15,194367
11311,0.000522,74.125.24.0-255,1484,33127,15,194367
11312,0.000526,172.31.36.0-255,66,33193,15,194367
11313,0.000532,74.125.24.0-255,2902,36095,15,194367
11314,0.000535,172.31.36.0-255,66,36161,15,194367
11315,0.000539,74.125.24.0-255,2902,39063,15,194367
11316,0.000542,172.31.36.0-255,66,39129,15,194367
11317,0.000575,74.125.24.0-255,2902,42031,15,194367
11318,0.000578,172.31.36.0-255,66,42097,15,194367
11319,0.000584,74.125.24.0-255,5738,47835,15,194367
11320,0.000587,172.31.36.0-255,66,47901,15,194367
11321,0.000622,74.125.24.0-255,6797,54698,15,194367
11322,0.000625,172.31.36.0-255,66,54764,15,194367
11323,0.000629,74.125.24.0-255,2902,57666,15,194367
11324,0.000631,172.31.36.0-255,66,57732,15,194367
11325,0.000669,172.31.36.0-255,66,57798,15,194367
11326,0.000672,74.125.24.0-255,397,58195,15,194367
11327,0.000704,74.125.24.0-255,345,58540,15,194367
11328,0.001016,74.125.24.0-255,1484,60024,15,194367
11329,0.001022,74.125.24.0-255,2902,62926,15,194367
11330,0.001027,172.31.36.0-255,66,62992,15,194367
11331,0.001031,172.31.36.0-255,66,63058,15,194367
11332,0.001046,74.125.24.0-255,5738,68796,15,194367
11333,0.001048,172.31.36.0-255,66,68862,15,194367
11334,0.001095,172.31.36.0-255,66,68928,15,194367
11335,0.0011,74.125.24.0-255,2902,71830,15,194367
11336,0.001102,172.31.36.0-255,66,71896,15,194367
11337,0.001108,74.125.24.0-255,4320,76216,15,194367
11338,0.00111,172.31.36.0-255,66,76282,15,194367
11339,0.001162,74.125.24.0-255,3602,79884,15,194367
11340,0.001165,172.31.36.0-255,66,79950,15,194367
11341,0.002959,74.125.24.0-255,1484,81434,15,194367
11342,0.002972,74.125.24.0-255,2902,84336,15,194367
11343,0.002976,172.31.36.0-255,66,84402,15,194367
11344,0.002983,74.125.24.0-255,5738,90140,15,194367
11345,0.002986,172.31.36.0-255,66,90206,15,194367
11346,0.002991,74.125.24.0-255,2902,93108,15,194367
11347,0.002993,172.31.36.0-255,66,93174,15,194367
11348,0.003045,172.31.36.0-255,66,93240,15,194367
11349,0.003054,74.125.24.0-255,7156,100396,15,194367
11350,0.003056,172.31.36.0-255,66,100462,15,194367
11351,0.003065,74.125.24.0-255,3602,104064,15,194367
11352,0.003068,172.31.36.0-255,66,104130,15,194367
11353,0.003181,74.125.24.0-255,1484,105614,15,194367
11354,0.003194,74.125.24.0-255,2902,108516,15,194367
11355,0.003197,172.31.36.0-255,66,108582,15,194367
11356,0.003228,74.125.24.0-255,5738,114320,15,194367
11357,0.00323,172.31.36.0-255,66,114386,15,194367
11358,0.003235,74.125.24.0-255,4320,118706,15,194367
11359,0.003237,172.31.36.0-255,66,118772,15,194367
11360,0.00324,74.125.24.0-255,1484,120256,15,194367
11361,0.003248,74.125.24.0-255,1484,121740,15,194367
11362,0.00325,172.31.36.0-255,66,121806,15,194367
11363,0.003257,74.125.24.0-255,5738,127544,15,194367
11364,0.00326,172.31.36.0-255,66,127610,15,194367
11365,0.00327,172.31.36.0-255,66,127676,15,194367
11366,0.003304,74.125.24.0-255,2184,129860,15,194367
11367,0.003306,172.31.36.0-255,66,129926,15,194367
11368,0.003321,172.31.36.0-255,66,129992,15,194367
11369,0.003343,172.31.36.0-255,66,130058,15,194367
11370,0.00339,172.31.36.0-255,66,130124,15,194367
11371,0.003394,74.125.24.0-255,1484,131608,15,194367
11372,0.003428,172.31.36.0-255,66,131674,15,194367
11373,0.003458,74.125.24.0-255,5738,137412,15,194367
11374,0.003461,172.31.36.0-255,66,137478,15,194367
11375,0.003471,172.31.36.0-255,66,137544,15,194367
11376,0.003492,172.31.36.0-255,66,137610,15,194367
11377,0.003532,74.125.24.0-255,5738,143348,15,194367
11378,0.003534,172.31.36.0-255,66,143414,15,194367
11379,0.003559,172.31.36.0-255,66,143480,15,194367
11380,0.003572,172.31.36.0-255,66,143546,15,194367
11381,0.003613,74.125.24.0-255,4320,147866,15,194367
11382,0.003616,172.31.36.0-255,66,147932,15,194367
11383,0.003667,172.31.36.0-255,66,147998,15,194367
11384,0.00368,172.31.36.0-255,66,148064,15,194367
11385,0.003683,74.125.24.0-255,1484,149548,15,194367
11386,0.003696,172.31.36.0-255,66,149614,15,194367
11387,0.003701,74.125.24.0-255,4320,153934,15,194367
11388,0.003704,172.31.36.0-255,66,154000,15,194367
11389,0.003706,74.125.24.0-255,1484,155484,15,194367
11390,0.003711,74.125.24.0-255,3602,159086,15,194367
11391,0.003714,172.31.36.0-255,66,159152,15,194367
11392,0.003717,74.125.24.0-255,1484,160636,15,194367
11393,0.00372,74.125.24.0-255,1484,162120,15,194367
11394,0.003721,172.31.36.0-255,66,162186,15,194367
11395,0.00373,74.125.24.0-255,7156,169342,15,194367
11396,0.003733,172.31.36.0-255,66,169408,15,194367
11397,0.003756,74.125.24.0-255,2902,172310,15,194367
11398,0.003763,172.31.36.0-255,66,172376,15,194367
11399,0.003766,74.125.24.0-255,1484,173860,15,194367
11400,0.003773,74.125.24.0-255,5738,179598,15,194367
11401,0.003775,172.31.36.0-255,66,179664,15,194367
11402,0.003804,74.125.24.0-255,2902,182566,15,194367
11403,0.003807,172.31.36.0-255,66,182632,15,194367
11404,0.003822,172.31.36.0-255,66,182698,15,194367
11405,0.003852,74.125.24.0-255,3602,186300,15,194367
11406,0.003855,172.31.36.0-255,66,186366,15,194367
11407,0.003877,172.31.36.0-255,66,186432,15,194367
11408,0.003882,74.125.24.0-255,3243,189675,15,194367
11409,0.003884,172.31.36.0-255,66,189741,15,194367
11410,0.003887,74.125.24.0-255,105,189846,15,194367
11411,0.006594,172.31.36.0-255,66,189912,15,194367
11412,0.006634,172.31.36.0-255,105,190017,15,194367
11413,0.009159,74.125.24.0-255,66,190083,15,194367
11414,0.037833,172.31.36.0-255,167,190250,15,194367
11415,0.037978,172.31.36.0-255,1110,191360,15,194367
11416,0.038048,172.31.36.0-255,1514,192874,15,194367
11417,0.03805,172.31.36.0-255,1295,194169,15,194367
11418,0.039421,104.244.42.0-255,66,194235,15,194367
11419,0.039514,104.244.42.0-255,66,194301,15,194367
11420,0.039585,104.244.42.0-255,66,194367,15,194367
11421,0.0,74.125.24.0-255,143,143,15,220811
11422,2e-05,74.125.24.0-255,1484,1627,15,220811
11423,3e-05,172.31.36.0-255,66,1693,15,220811
11424,3.9e-05,74.125.24.0-255,2902,4595,15,220811
11425,4.4e-05,172.31.36.0-255,66,4661,15,220811
11426,6e-05,74.125.24.0-255,7156,11817,15,220811
11427,6.4e-05,172.31.36.0-255,66,11883,15,220811
11428,6.9e-05,74.125.24.0-255,1991,13874,15,220811
11429,7.2e-05,172.31.36.0-255,66,13940,15,220811
11430,0.000846,74.125.24.0-255,1484,15424,15,220811
11431,0.000858,74.125.24.0-255,2902,18326,15,220811
11432,0.000863,172.31.36.0-255,66,18392,15,220811
11433,0.000871,74.125.24.0-255,4320,22712,15,220811
11434,0.000873,172.31.36.0-255,66,22778,15,220811
11435,0.000885,74.125.24.0-255,4320,27098,15,220811
11436,0.000888,172.31.36.0-255,66,27164,15,220811
11437,0.000917,74.125.24.0-255,1484,28648,15,220811
11438,0.000925,74.125.24.0-255,5738,34386,15,220811
11439,0.000928,172.31.36.0-255,66,34452,15,220811
11440,0.000958,74.125.24.0-255,6797,41249,15,220811
11441,0.000961,172.31.36.0-255,66,41315,15,220811
11442,0.000991,74.125.24.0-255,6797,48112,15,220811
11443,0.000994,172.31.36.0-255,66,48178,15,220811
11444,0.001223,74.125.24.0-255,1484,49662,15,220811
11445,0.00123,74.125.24.0-255,1484,51146,15,220811
11446,0.001234,172.31.36.0-255,66,51212,15,220811
11447,0.001249,74.125.24.0-255,1484,52696,15,220811
11448,0.00126,74.125.24.0-255,5738,58434,15,220811
11449,0.001263,172.31.36.0-255,66,58500,15,220811
11450,0.001269,74.125.24.0-255,4320,62820,15,220811
11451,0.001272,172.31.36.0-255,66,62886,15,220811
11452,0.001314,172.31.36.0-255,66,62952,15,220811
11453,0.001347,172.31.36.0-255,66,63018,15,220811
11454,0.001357,172.31.36.0-255,66,63084,15,220811
11455,0.001388,74.125.24.0-255,2902,65986,15,220811
11456,0.001391,172.31.36.0-255,66,66052,15,220811
11457,0.001396,74.125.24.0-255,3961,70013,15,220811
11458,0.001398,172.31.36.0-255,66,70079,15,220811
11459,0.002166,74.125.24.0-255,1484,71563,15,220811
11460,0.002183,74.125.24.0-255,2902,74465,15,220811
11461,0.002186,172.31.36.0-255,66,74531,15,220811
11462,0.002193,74.125.24.0-255,5738,80269,15,220811
11463,0.002196,172.31.36.0-255,66,80335,15,220811
11464,0.00223,74.125.24.0-255,4320,84655,15,220811
11465,0.002233,172.31.36.0-255,66,84721,15,220811
11466,0.002253,74.125.24.0-255,2428,87149,15,220811
11467,0.002255,172.31.36.0-255,66,87215,15,220811
11468,0.002351,74.125.24.0-255,1484,88699,15,220811
11469,0.002355,74.125.24.0-255,2902,91601,15,220811
11470,0.002358,172.31.36.0-255,66,91667,15,220811
11471,0.002384,74.125.24.0-255,5738,97405,15,220811
11472,0.002386,172.31.36.0-255,66,97471,15,220811
11473,0.002397,172.31.36.0-255,66,97537,15,220811
11474,0.002424,74.125.24.0-255,4320,101857,15,220811
11475,0.002427,172.31.36.0-255,66,101923,15,220811
11476,0.00243,74.125.24.0-255,1484,103407,15,220811
11477,0.002464,172.31.36.0-255,66,103473,15,220811
11478,0.003217,74.125.24.0-255,1484,104957,15,220811
11479,0.003231,74.125.24.0-255,2902,107859,15,220811
11480,0.003234,172.31.36.0-255,66,107925,15,220811
11481,0.003265,74.125.24.0-255,5738,113663,15,220811
11482,0.003267,172.31.36.0-255,66,113729,15,220811
11483,0.00327,74.125.24.0-255,1484,115213,15,220811
11484,0.003275,74.125.24.0-255,2902,118115,15,220811
11485,0.003277,172.31.36.0-255,66,118181,15,220811
11486,0.003306,74.125.24.0-255,5738,123919,15,220811
11487,0.003309,172.31.36.0-255,66,123985,15,220811
11488,0.003314,74.125.24.0-255,4320,128305,15,220811
11489,0.003317,172.31.36.0-255,66,128371,15,220811
11490,0.003348,172.31.36.0-255,66,128437,15,220811
11491,0.003374,74.125.24.0-255,5738,134175,15,220811
11492,0.003377,172.31.36.0-255,66,134241,15,220811
11493,0.003417,172.31.36.0-255,66,134307,15,220811
11494,0.003433,172.31.36.0-255,66,134373,15,220811
11495,0.003471,172.31.36.0-255,66,134439,15,220811
11496,0.003482,172.31.36.0-255,66,134505,15,220811
11497,0.003501,172.31.36.0-255,66,134571,15,220811
11498,0.003543,74.125.24.0-255,7156,141727,15,220811
11499,0.003545,172.31.36.0-255,66,141793,15,220811
11500,0.003551,74.125.24.0-255,3602,145395,15,220811
11501,0.003553,172.31.36.0-255,66,145461,15,220811
11502,0.003567,74.125.24.0-255,1484,146945,15,220811
11503,0.003596,74.125.24.0-255,2902,149847,15,220811
11504,0.003599,172.31.36.0-255,66,149913,15,220811
11505,0.003611,172.31.36.0-255,66,149979,15,220811
11506,0.003621,74.125.24.0-255,2902,152881,15,220811
11507,0.003623,172.31.36.0-255,66,152947,15,220811
11508,0.003645,74.125.24.0-255,7156,160103,15,220811
11509,0.003647,172.31.36.0-255,66,160169,15,220811
11510,0.003659,74.125.24.0-255,7156,167325,15,220811
11511,0.003661,172.31.36.0-255,66,167391,15,220811
11512,0.003702,74.125.24.0-255,2184,169575,15,220811
11513,0.003705,172.31.36.0-255,66,169641,15,220811
11514,0.003722,172.31.36.0-255,66,169707,15,220811
11515,0.003733,172.31.36.0-255,66,169773,15,220811
11516,0.003737,74.125.24.0-255,2902,172675,15,220811
11517,0.003739,172.31.36.0-255,66,172741,15,220811
11518,0.003768,172.31.36.0-255,66,172807,15,220811
11519,0.003782,172.31.36.0-255,66,172873,15,220811
11520,0.003836,172.31.36.0-255,66,172939,15,220811
11521,0.00385,74.125.24.0-255,5738,178677,15,220811
11522,0.003856,172.31.36.0-255,66,178743,15,220811
11523,0.00386,74.125.24.0-255,2902,181645,15,220811
11524,0.003862,172.31.36.0-255,66,181711,15,220811
11525,0.003868,74.125.24.0-255,3602,185313,15,220811
11526,0.00387,172.31.36.0-255,66,185379,15,220811
11527,0.003988,74.125.24.0-255,1484,186863,15,220811
11528,0.003994,74.125.24.0-255,2902,189765,15,220811
11529,0.003997,172.31.36.0-255,66,189831,15,220811
11530,0.004023,74.125.24.0-255,5738,195569,15,220811
11531,0.004027,172.31.36.0-255,66,195635,15,220811
11532,0.004031,74.125.24.0-255,1484,197119,15,220811
11533,0.00407,172.31.36.0-255,66,197185,15,220811
11534,0.004077,74.125.24.0-255,5738,202923,15,220811
11535,0.00408,172.31.36.0-255,66,202989,15,220811
11536,0.004113,74.125.24.0-255,5020,208009,15,220811
11537,0.004117,172.31.36.0-255,66,208075,15,220811
11538,0.00412,74.125.24.0-255,1484,209559,15,220811
11539,0.004123,74.125.24.0-255,1484,211043,15,220811
11540,0.004125,172.31.36.0-255,66,211109,15,220811
11541,0.004128,74.125.24.0-255,1484,212593,15,220811
11542,0.004137,74.125.24.0-255,2902,215495,15,220811
11543,0.004139,172.31.36.0-255,66,215561,15,220811
11544,0.004143,74.125.24.0-255,1584,217145,15,220811
11545,0.004146,172.31.36.0-255,66,217211,15,220811
11546,0.004167,74.125.24.0-255,105,217316,15,220811
11547,0.007223,172.31.36.0-255,105,217421,15,220811
11548,0.009924,74.125.24.0-255,66,217487,15,220811
11549,0.02529,172.31.36.0-255,172,217659,15,220811
11550,0.025326,172.31.36.0-255,1109,218768,15,220811
11551,0.025385,172.31.36.0-255,1514,220282,15,220811
11552,0.025387,172.31.36.0-255,331,220613,15,220811
11553,0.026939,104.244.42.0-255,66,220679,15,220811
11554,0.026979,104.244.42.0-255,66,220745,15,220811
11555,0.02703,104.244.42.0-255,66,220811,15,220811
11556,0.0,74.125.200.0-255,153,153,15,149067
11557,2.2e-05,172.31.36.0-255,66,219,15,149067
11558,4.1e-05,74.125.200.0-255,1484,1703,15,149067
11559,4.6e-05,172.31.36.0-255,66,1769,15,149067
11560,5.2e-05,74.125.200.0-255,2902,4671,15,149067
11561,5.5e-05,172.31.36.0-255,66,4737,15,149067
11562,6e-05,74.125.200.0-255,4320,9057,15,149067
11563,6.3e-05,172.31.36.0-255,66,9123,15,149067
11564,0.000113,74.125.200.0-255,2902,12025,15,149067
11565,0.000116,172.31.36.0-255,66,12091,15,149067
11566,0.000135,74.125.200.0-255,2048,14139,15,149067
11567,0.000138,172.31.36.0-255,66,14205,15,149067
11568,0.000144,74.125.200.0-255,5738,19943,15,149067
11569,0.000146,172.31.36.0-255,66,20009,15,149067
11570,0.00018,74.125.200.0-255,2902,22911,15,149067
11571,0.000183,172.31.36.0-255,66,22977,15,149067
11572,0.000213,172.31.36.0-255,66,23043,15,149067
11573,0.000296,74.125.200.0-255,4320,27363,15,149067
11574,0.0003,172.31.36.0-255,66,27429,15,149067
11575,0.000334,74.125.200.0-255,2902,30331,15,149067
11576,0.000338,172.31.36.0-255,66,30397,15,149067
11577,0.000367,172.31.36.0-255,66,30463,15,149067
11578,0.000468,74.125.200.0-255,5738,36201,15,149067
11579,0.000472,172.31.36.0-255,66,36267,15,149067
11580,0.000506,172.31.36.0-255,66,36333,15,149067
11581,0.000579,74.125.200.0-255,4320,40653,15,149067
11582,0.000583,172.31.36.0-255,66,40719,15,149067
11583,0.000616,172.31.36.0-255,66,40785,15,149067
11584,0.000726,74.125.200.0-255,5738,46523,15,149067
11585,0.00073,172.31.36.0-255,66,46589,15,149067
11586,0.000761,172.31.36.0-255,66,46655,15,149067
11587,0.000882,74.125.200.0-255,1484,48139,15,149067
11588,0.00089,74.125.200.0-255,2902,51041,15,149067
11589,0.000893,172.31.36.0-255,66,51107,15,149067
11590,0.000911,74.125.200.0-255,5738,56845,15,149067
11591,0.000914,172.31.36.0-255,66,56911,15,149067
11592,0.000985,74.125.200.0-255,5738,62649,15,149067
11593,0.000989,172.31.36.0-255,66,62715,15,149067
11594,0.001013,74.125.200.0-255,7156,69871,15,149067
11595,0.001017,172.31.36.0-255,66,69937,15,149067
11596,0.001065,74.125.200.0-255,4320,74257,15,149067
11597,0.001069,172.31.36.0-255,66,74323,15,149067
11598,0.00109,74.125.200.0-255,6438,80761,15,149067
11599,0.001093,172.31.36.0-255,66,80827,15,149067
11600,0.001157,74.125.200.0-255,4320,85147,15,149067
11601,0.00116,172.31.36.0-255,66,85213,15,149067
11602,0.001176,74.125.200.0-255,1484,86697,15,149067
11603,0.001253,74.125.200.0-255,4320,91017,15,149067
11604,0.001257,172.31.36.0-255,66,91083,15,149067
11605,0.001295,172.31.36.0-255,66,91149,15,149067
11606,0.001435,74.125.200.0-255,3602,94751,15,149067
11607,0.001439,172.31.36.0-255,66,94817,15,149067
11608,0.001465,172.31.36.0-255,66,94883,15,149067
11609,0.001495,172.31.36.0-255,66,94949,15,149067
11610,0.00164,74.125.200.0-255,2902,97851,15,149067
11611,0.001644,172.31.36.0-255,66,97917,15,149067
11612,0.001672,172.31.36.0-255,66,97983,15,149067
11613,0.001774,74.125.200.0-255,4320,102303,15,149067
11614,0.001778,172.31.36.0-255,66,102369,15,149067
11615,0.001805,172.31.36.0-255,66,102435,15,149067
11616,0.001839,172.31.36.0-255,66,102501,15,149067
11617,0.001861,74.125.200.0-255,3602,106103,15,149067
11618,0.001863,172.31.36.0-255,66,106169,15,149067
11619,0.002055,74.125.200.0-255,1484,107653,15,149067
11620,0.00209,172.31.36.0-255,66,107719,15,149067
11621,0.002141,172.31.36.0-255,66,107785,15,149067
11622,0.002405,172.31.36.0-255,66,107851,15,149067
11623,0.002441,172.31.36.0-255,66,107917,15,149067
11624,0.00264,74.125.200.0-255,1484,109401,15,149067
11625,0.002792,172.31.36.0-255,66,109467,15,149067
11626,0.00282,172.31.36.0-255,66,109533,15,149067
11627,0.004838,74.125.200.0-255,5738,115271,15,149067
11628,0.004846,172.31.36.0-255,66,115337,15,149067
11629,0.006868,74.125.200.0-255,5738,121075,15,149067
11630,0.006876,172.31.36.0-255,66,121141,15,149067
11631,0.008907,74.125.200.0-255,5738,126879,15,149067
11632,0.008911,172.31.36.0-255,66,126945,15,149067
11633,0.010951,74.125.200.0-255,2902,129847,15,149067
11634,0.010957,172.31.36.0-255,66,129913,15,149067
11635,0.010972,74.125.200.0-255,2902,132815,15,149067
11636,0.010975,172.31.36.0-255,66,132881,15,149067
11637,0.012983,74.125.200.0-255,2902,135783,15,149067
11638,0.01299,172.31.36.0-255,66,135849,15,149067
11639,0.013024,74.125.200.0-255,2902,138751,15,149067
11640,0.013028,172.31.36.0-255,66,138817,15,149067
11641,0.015012,74.125.200.0-255,2902,141719,15,149067
11642,0.015019,172.31.36.0-255,66,141785,15,149067
11643,0.015053,74.125.200.0-255,1043,142828,15,149067
11644,0.015183,172.31.36.0-255,66,142894,15,149067
11645,0.015211,172.31.36.0-255,105,142999,15,149067
11646,0.017198,74.125.200.0-255,66,143065,15,149067
11647,0.027439,172.31.36.0-255,172,143237,15,149067
11648,0.027474,172.31.36.0-255,1108,144345,15,149067
11649,0.027556,172.31.36.0-255,1514,145859,15,149067
11650,0.027558,172.31.36.0-255,1514,147373,15,149067
11651,0.02756,172.31.36.0-255,1514,148887,15,149067
11652,0.027561,172.31.36.0-255,114,149001,15,149067
11653,0.029632,104.244.42.0-255,66,149067,15,149067
11654,0.0,172.217.194.0-255,159,159,15,300904
11655,2.7e-05,172.31.36.0-255,66,225,15,300904
11656,3.4e-05,172.217.194.0-255,1484,1709,15,300904
11657,4e-05,172.31.36.0-255,66,1775,15,300904
11658,4.4e-05,172.217.194.0-255,2902,4677,15,300904
11659,5.5e-05,172.31.36.0-255,66,4743,15,300904
11660,6.2e-05,172.217.194.0-255,7156,11899,15,300904
11661,6.4e-05,172.31.36.0-255,66,11965,15,300904
11662,6.8e-05,172.217.194.0-255,2056,14021,15,300904
11663,7e-05,172.31.36.0-255,66,14087,15,300904
11664,0.000116,172.217.194.0-255,4320,18407,15,300904
11665,0.000119,172.31.36.0-255,66,18473,15,300904
11666,0.000125,172.217.194.0-255,4320,22793,15,300904
11667,0.000128,172.31.36.0-255,66,22859,15,300904
11668,0.000143,172.217.194.0-255,1484,24343,15,300904
11669,0.000145,172.31.36.0-255,66,24409,15,300904
11670,0.000188,172.31.36.0-255,66,24475,15,300904
11671,0.0002,172.31.36.0-255,66,24541,15,300904
11672,0.000203,172.217.194.0-255,1125,25666,15,300904
11673,0.000205,172.31.36.0-255,66,25732,15,300904
11674,0.000209,172.217.194.0-255,1484,27216,15,300904
11675,0.000211,172.31.36.0-255,66,27282,15,300904
11676,0.000233,172.217.194.0-255,1484,28766,15,300904
11677,0.000237,172.31.36.0-255,66,28832,15,300904
11678,0.00027,172.217.194.0-255,2902,31734,15,300904
11679,0.000275,172.31.36.0-255,66,31800,15,300904
11680,0.000286,172.31.36.0-255,66,31866,15,300904
11681,0.00029,172.217.194.0-255,1125,32991,15,300904
11682,0.000292,172.31.36.0-255,66,33057,15,300904
11683,0.000543,172.217.194.0-255,366,33423,15,300904
11684,0.000548,172.217.194.0-255,378,33801,15,300904
11685,0.00075,172.31.36.0-255,66,33867,15,300904
11686,0.00081,172.217.194.0-255,1484,35351,15,300904
11687,0.000819,172.217.194.0-255,2902,38253,15,300904
11688,0.000822,172.31.36.0-255,66,38319,15,300904
11689,0.000826,172.217.194.0-255,1484,39803,15,300904
11690,0.000852,172.217.194.0-255,4320,44123,15,300904
11691,0.000855,172.31.36.0-255,66,44189,15,300904
11692,0.000862,172.217.194.0-255,5738,49927,15,300904
11693,0.000864,172.31.36.0-255,66,49993,15,300904
11694,0.000913,172.31.36.0-255,66,50059,15,300904
11695,0.00092,172.217.194.0-255,5020,55079,15,300904
11696,0.000923,172.31.36.0-255,66,55145,15,300904
11697,0.000951,172.217.194.0-255,7156,62301,15,300904
11698,0.000955,172.31.36.0-255,66,62367,15,300904
11699,0.000981,172.217.194.0-255,7156,69523,15,300904
11700,0.000984,172.31.36.0-255,66,69589,15,300904
11701,0.001001,172.31.36.0-255,66,69655,15,300904
11702,0.001017,172.31.36.0-255,66,69721,15,300904
11703,0.001023,172.217.194.0-255,5738,75459,15,300904
11704,0.001027,172.31.36.0-255,66,75525,15,300904
11705,0.00107,172.31.36.0-255,66,75591,15,300904
11706,0.001078,172.217.194.0-255,6438,82029,15,300904
11707,0.001081,172.31.36.0-255,66,82095,15,300904
11708,0.001641,172.217.194.0-255,1484,83579,15,300904
11709,0.001649,172.217.194.0-255,2902,86481,15,300904
11710,0.001654,172.31.36.0-255,66,86547,15,300904
11711,0.001668,172.217.194.0-255,5738,92285,15,300904
11712,0.001675,172.31.36.0-255,66,92351,15,300904
11713,0.001705,172.31.36.0-255,66,92417,15,300904
11714,0.001732,172.217.194.0-255,2902,95319,15,300904
11715,0.001734,172.31.36.0-255,66,95385,15,300904
11716,0.001741,172.217.194.0-255,7156,102541,15,300904
11717,0.001743,172.31.36.0-255,66,102607,15,300904
11718,0.001761,172.217.194.0-255,2902,105509,15,300904
11719,0.001764,172.31.36.0-255,66,105575,15,300904
11720,0.001788,172.217.194.0-255,766,106341,15,300904
11721,0.002074,172.217.194.0-255,1484,107825,15,300904
11722,0.002077,172.31.36.0-255,66,107891,15,300904
11723,0.002081,172.217.194.0-255,2902,110793,15,300904
11724,0.002084,172.31.36.0-255,66,110859,15,300904
11725,0.002112,172.217.194.0-255,5738,116597,15,300904
11726,0.002115,172.31.36.0-255,66,116663,15,300904
11727,0.002119,172.217.194.0-255,2902,119565,15,300904
11728,0.002121,172.31.36.0-255,66,119631,15,300904
11729,0.002154,172.31.36.0-255,66,119697,15,300904
11730,0.002175,172.217.194.0-255,5738,125435,15,300904
11731,0.002178,172.31.36.0-255,66,125501,15,300904
11732,0.002213,172.217.194.0-255,5020,130521,15,300904
11733,0.002215,172.31.36.0-255,66,130587,15,300904
11734,0.002276,172.217.194.0-255,4320,134907,15,300904
11735,0.002278,172.31.36.0-255,66,134973,15,300904
11736,0.002284,172.217.194.0-255,5738,140711,15,300904
11737,0.002289,172.217.194.0-255,4320,145031,15,300904
11738,0.002317,172.217.194.0-255,7156,152187,15,300904
11739,0.002324,172.217.194.0-255,7156,159343,15,300904
11740,0.002351,172.217.194.0-255,5020,164363,15,300904
11741,0.006263,172.31.36.0-255,66,164429,15,300904
11742,0.008587,172.217.194.0-255,5738,170167,15,300904
11743,0.008594,172.31.36.0-255,66,170233,15,300904
11744,0.010937,172.217.194.0-255,5738,175971,15,300904
11745,0.010945,172.31.36.0-255,66,176037,15,300904
11746,0.013298,172.217.194.0-255,2902,178939,15,300904
11747,0.013308,172.31.36.0-255,66,179005,15,300904
11748,0.01334,172.217.194.0-255,2902,181907,15,300904
11749,0.013344,172.31.36.0-255,66,181973,15,300904
11750,0.015629,172.217.194.0-255,2902,184875,15,300904
11751,0.015637,172.31.36.0-255,66,184941,15,300904
11752,0.015673,172.217.194.0-255,2902,187843,15,300904
11753,0.015676,172.31.36.0-255,66,187909,15,300904
11754,0.01798,172.217.194.0-255,2902,190811,15,300904
11755,0.017988,172.31.36.0-255,66,190877,15,300904
11756,0.018027,172.217.194.0-255,2902,193779,15,300904
11757,0.018032,172.31.36.0-255,66,193845,15,300904
11758,0.020341,172.217.194.0-255,5738,199583,15,300904
11759,0.020349,172.31.36.0-255,66,199649,15,300904
11760,0.022668,172.217.194.0-255,5738,205387,15,300904
11761,0.022675,172.31.36.0-255,66,205453,15,300904
11762,0.025011,172.217.194.0-255,5738,211191,15,300904
11763,0.02502,172.31.36.0-255,66,211257,15,300904
11764,0.027341,172.217.194.0-255,1484,212741,15,300904
11765,0.027383,172.217.194.0-255,4320,217061,15,300904
11766,0.027389,172.31.36.0-255,66,217127,15,300904
11767,0.028168,172.31.36.0-255,167,217294,15,300904
11768,0.028196,172.31.36.0-255,1106,218400,15,300904
11769,0.028242,172.31.36.0-255,1514,219914,15,300904
11770,0.028244,172.31.36.0-255,1301,221215,15,300904
11771,0.02968,104.244.42.0-255,66,221281,15,300904
11772,0.029694,104.244.42.0-255,66,221347,15,300904
11773,0.029731,172.217.194.0-255,5738,227085,15,300904
11774,0.029736,172.31.36.0-255,66,227151,15,300904
11775,0.029764,104.244.42.0-255,66,227217,15,300904
11776,0.032073,172.217.194.0-255,5738,232955,15,300904
11777,0.032079,172.31.36.0-255,66,233021,15,300904
11778,0.034393,172.217.194.0-255,2902,235923,15,300904
11779,0.034398,172.31.36.0-255,66,235989,15,300904
11780,0.034427,172.217.194.0-255,2902,238891,15,300904
11781,0.03443,172.31.36.0-255,66,238957,15,300904
11782,0.036705,172.217.194.0-255,2902,241859,15,300904
11783,0.03671,172.31.36.0-255,66,241925,15,300904
11784,0.036754,172.217.194.0-255,2902,244827,15,300904
11785,0.036758,172.31.36.0-255,66,244893,15,300904
11786,0.039031,172.217.194.0-255,2902,247795,15,300904
11787,0.039036,172.31.36.0-255,66,247861,15,300904
11788,0.03909,172.217.194.0-255,2902,250763,15,300904
11789,0.039094,172.31.36.0-255,66,250829,15,300904
11790,0.041349,172.217.194.0-255,2902,253731,15,300904
11791,0.041354,172.31.36.0-255,66,253797,15,300904
11792,0.041422,172.217.194.0-255,2902,256699,15,300904
11793,0.041425,172.31.36.0-255,66,256765,15,300904
11794,0.043689,172.217.194.0-255,2902,259667,15,300904
11795,0.043694,172.31.36.0-255,66,259733,15,300904
11796,0.043751,172.217.194.0-255,2902,262635,15,300904
11797,0.043756,172.31.36.0-255,66,262701,15,300904
11798,0.046005,172.217.194.0-255,1484,264185,15,300904
11799,0.046036,172.217.194.0-255,1484,265669,15,300904
11800,0.046041,172.31.36.0-255,66,265735,15,300904
11801,0.046079,172.217.194.0-255,2902,268637,15,300904
11802,0.046082,172.31.36.0-255,66,268703,15,300904
11803,0.048346,172.217.194.0-255,2902,271605,15,300904
11804,0.048351,172.31.36.0-255,66,271671,15,300904
11805,0.048383,172.217.194.0-255,2902,274573,15,300904
11806,0.048386,172.31.36.0-255,66,274639,15,300904
11807,0.050663,172.217.194.0-255,2902,277541,15,300904
11808,0.050669,172.31.36.0-255,66,277607,15,300904
11809,0.050701,172.217.194.0-255,2902,280509,15,300904
11810,0.050704,172.31.36.0-255,66,280575,15,300904
11811,0.052996,172.217.194.0-255,4320,284895,15,300904
11812,0.053003,172.31.36.0-255,66,284961,15,300904
11813,0.053033,172.217.194.0-255,1484,286445,15,300904
11814,0.055311,172.217.194.0-255,4320,290765,15,300904
11815,0.055317,172.31.36.0-255,66,290831,15,300904
11816,0.057646,172.217.194.0-255,5738,296569,15,300904
11817,0.057651,172.31.36.0-255,66,296635,15,300904
11818,0.059992,172.217.194.0-255,4032,300667,15,300904
11819,0.059997,172.31.36.0-255,66,300733,15,300904
11820,0.060186,172.31.36.0-255,105,300838,15,300904
11821,0.062442,172.217.194.0-255,66,300904,15,300904
11822,0.0,172.217.194.0-255,153,153,15,227353
11823,2.3e-05,172.31.36.0-255,66,219,15,227353
11824,3e-05,172.217.194.0-255,1484,1703,15,227353
11825,3.5e-05,172.31.36.0-255,66,1769,15,227353
11826,4.1e-05,172.217.194.0-255,2902,4671,15,227353
11827,5.4e-05,172.31.36.0-255,66,4737,15,227353
11828,6.2e-05,172.217.194.0-255,7156,11893,15,227353
11829,6.5e-05,172.31.36.0-255,66,11959,15,227353
11830,0.00011,172.31.36.0-255,66,12025,15,227353
11831,0.000117,172.217.194.0-255,6797,18822,15,227353
11832,0.00012,172.31.36.0-255,66,18888,15,227353
11833,0.000156,172.217.194.0-255,1484,20372,15,227353
11834,0.000159,172.31.36.0-255,66,20438,15,227353
11835,0.000164,172.217.194.0-255,2902,23340,15,227353
11836,0.000166,172.31.36.0-255,66,23406,15,227353
11837,0.000172,172.217.194.0-255,4320,27726,15,227353
11838,0.00018,172.31.36.0-255,66,27792,15,227353
11839,0.0002,172.217.194.0-255,1484,29276,15,227353
11840,0.000202,172.31.36.0-255,66,29342,15,227353
11841,0.000212,172.217.194.0-255,2902,32244,15,227353
11842,0.000214,172.31.36.0-255,66,32310,15,227353
11843,0.000259,172.31.36.0-255,66,32376,15,227353
11844,0.000276,172.31.36.0-255,66,32442,15,227353
11845,0.000396,172.217.194.0-255,114,32556,15,227353
11846,0.0004,172.31.36.0-255,66,32622,15,227353
11847,0.000404,172.217.194.0-255,381,33003,15,227353
11848,0.000406,172.31.36.0-255,66,33069,15,227353
11849,0.00063,172.217.194.0-255,1484,34553,15,227353
11850,0.000636,172.31.36.0-255,66,34619,15,227353
11851,0.000642,172.217.194.0-255,2902,37521,15,227353
11852,0.000655,172.217.194.0-255,5738,43259,15,227353
11853,0.000662,172.31.36.0-255,66,43325,15,227353
11854,0.000671,172.217.194.0-255,1484,44809,15,227353
11855,0.000726,172.31.36.0-255,66,44875,15,227353
11856,0.001438,172.217.194.0-255,1484,46359,15,227353
11857,0.001445,172.217.194.0-255,2902,49261,15,227353
11858,0.001449,172.31.36.0-255,66,49327,15,227353
11859,0.001481,172.217.194.0-255,5738,55065,15,227353
11860,0.001542,172.217.194.0-255,4320,59385,15,227353
11861,0.001545,172.31.36.0-255,66,59451,15,227353
11862,0.00155,172.31.36.0-255,66,59517,15,227353
11863,0.001599,172.31.36.0-255,66,59583,15,227353
11864,0.001804,172.217.194.0-255,1484,61067,15,227353
11865,0.001827,172.217.194.0-255,2902,63969,15,227353
11866,0.001831,172.31.36.0-255,66,64035,15,227353
11867,0.001839,172.217.194.0-255,5738,69773,15,227353
11868,0.001864,172.217.194.0-255,7156,76929,15,227353
11869,0.001869,172.31.36.0-255,66,76995,15,227353
11870,0.001881,172.217.194.0-255,5738,82733,15,227353
11871,0.001935,172.31.36.0-255,66,82799,15,227353
11872,0.00194,172.31.36.0-255,66,82865,15,227353
11873,0.002015,172.217.194.0-255,6438,89303,15,227353
11874,0.002021,172.31.36.0-255,66,89369,15,227353
11875,0.002073,172.31.36.0-255,66,89435,15,227353
11876,0.002082,172.217.194.0-255,1484,90919,15,227353
11877,0.002125,172.31.36.0-255,66,90985,15,227353
11878,0.002299,172.217.194.0-255,1484,92469,15,227353
11879,0.002316,172.217.194.0-255,2902,95371,15,227353
11880,0.002323,172.31.36.0-255,66,95437,15,227353
11881,0.002353,172.217.194.0-255,4320,99757,15,227353
11882,0.00236,172.217.194.0-255,5738,105495,15,227353
11883,0.002497,172.217.194.0-255,1484,106979,15,227353
11884,0.002515,172.217.194.0-255,2902,109881,15,227353
11885,0.002534,172.217.194.0-255,4320,114201,15,227353
11886,0.00255,172.217.194.0-255,5738,119939,15,227353
11887,0.002562,172.217.194.0-255,2902,122841,15,227353
11888,0.002586,172.217.194.0-255,4320,127161,15,227353
11889,0.002626,172.217.194.0-255,2184,129345,15,227353
11890,0.009021,172.31.36.0-255,66,129411,15,227353
11891,0.011661,172.217.194.0-255,5738,135149,15,227353
11892,0.011673,172.31.36.0-255,66,135215,15,227353
11893,0.014261,172.217.194.0-255,5738,140953,15,227353
11894,0.015555,172.31.36.0-255,66,141019,15,227353
11895,0.018115,172.217.194.0-255,5738,146757,15,227353
11896,0.018128,172.31.36.0-255,66,146823,15,227353
11897,0.020725,172.217.194.0-255,5738,152561,15,227353
11898,0.020747,172.31.36.0-255,66,152627,15,227353
11899,0.023376,172.217.194.0-255,5738,158365,15,227353
11900,0.023395,172.31.36.0-255,66,158431,15,227353
11901,0.025956,172.217.194.0-255,5738,164169,15,227353
11902,0.025967,172.31.36.0-255,66,164235,15,227353
11903,0.028541,172.217.194.0-255,5738,169973,15,227353
11904,0.02855,172.31.36.0-255,66,170039,15,227353
11905,0.031083,172.217.194.0-255,5738,175777,15,227353
11906,0.031091,172.31.36.0-255,66,175843,15,227353
11907,0.033659,172.217.194.0-255,5738,181581,15,227353
11908,0.033667,172.31.36.0-255,66,181647,15,227353
11909,0.034103,172.31.36.0-255,167,181814,15,227353
11910,0.034134,172.31.36.0-255,1106,182920,15,227353
11911,0.034192,172.31.36.0-255,1514,184434,15,227353
11912,0.034194,172.31.36.0-255,1301,185735,15,227353
11913,0.035653,104.244.42.0-255,66,185801,15,227353
11914,0.035682,104.244.42.0-255,66,185867,15,227353
11915,0.035702,104.244.42.0-255,66,185933,15,227353
11916,0.036219,172.217.194.0-255,5738,191671,15,227353
11917,0.036224,172.31.36.0-255,66,191737,15,227353
11918,0.038792,172.217.194.0-255,5738,197475,15,227353
11919,0.038802,172.31.36.0-255,66,197541,15,227353
11920,0.041349,172.217.194.0-255,5738,203279,15,227353
11921,0.041358,172.31.36.0-255,66,203345,15,227353
11922,0.043898,172.217.194.0-255,5738,209083,15,227353
11923,0.043905,172.31.36.0-255,66,209149,15,227353
11924,0.046492,172.217.194.0-255,5738,214887,15,227353
11925,0.046499,172.31.36.0-255,66,214953,15,227353
11926,0.049077,172.217.194.0-255,5738,220691,15,227353
11927,0.049085,172.31.36.0-255,66,220757,15,227353
11928,0.051646,172.217.194.0-255,5738,226495,15,227353
11929,0.051653,172.31.36.0-255,66,226561,15,227353
11930,0.0542,172.217.194.0-255,555,227116,15,227353
11931,0.054574,172.31.36.0-255,66,227182,15,227353
11932,0.054618,172.31.36.0-255,105,227287,15,227353
11933,0.057151,172.217.194.0-255,66,227353,15,227353
11934,0.0,172.217.194.0-255,153,153,15,315602
11935,2.2e-05,172.31.36.0-255,66,219,15,315602
11936,2.9e-05,172.217.194.0-255,1484,1703,15,315602
11937,3.3e-05,172.31.36.0-255,66,1769,15,315602
11938,3.8e-05,172.217.194.0-255,2902,4671,15,315602
11939,4.1e-05,172.31.36.0-255,66,4737,15,315602
11940,6.5e-05,172.217.194.0-255,7156,11893,15,315602
11941,6.8e-05,172.31.36.0-255,66,11959,15,315602
11942,9.4e-05,172.217.194.0-255,2053,14012,15,315602
11943,9.6e-05,172.31.36.0-255,66,14078,15,315602
11944,0.000159,172.217.194.0-255,1484,15562,15,315602
11945,0.000163,172.31.36.0-255,66,15628,15,315602
11946,0.000168,172.217.194.0-255,2902,18530,15,315602
11947,0.00017,172.31.36.0-255,66,18596,15,315602
11948,0.000186,172.217.194.0-255,5738,24334,15,315602
11949,0.000189,172.31.36.0-255,66,24400,15,315602
11950,0.000209,172.217.194.0-255,4320,28720,15,315602
11951,0.000212,172.31.36.0-255,66,28786,15,315602
11952,0.000278,172.31.36.0-255,66,28852,15,315602
11953,0.000312,172.217.194.0-255,6797,35649,15,315602
11954,0.000315,172.31.36.0-255,66,35715,15,315602
11955,0.000332,172.217.194.0-255,4320,40035,15,315602
11956,0.000335,172.31.36.0-255,66,40101,15,315602
11957,0.00036,172.217.194.0-255,2902,43003,15,315602
11958,0.000362,172.31.36.0-255,66,43069,15,315602
11959,0.000374,172.31.36.0-255,66,43135,15,315602
11960,0.000377,172.217.194.0-255,346,43481,15,315602
11961,0.000379,172.31.36.0-255,66,43547,15,315602
11962,0.000414,172.217.194.0-255,428,43975,15,315602
11963,0.000418,172.31.36.0-255,66,44041,15,315602
11964,0.000636,172.217.194.0-255,1484,45525,15,315602
11965,0.000644,172.217.194.0-255,2902,48427,15,315602
11966,0.000648,172.31.36.0-255,66,48493,15,315602
11967,0.000675,172.217.194.0-255,5738,54231,15,315602
11968,0.000679,172.31.36.0-255,66,54297,15,315602
11969,0.000687,172.217.194.0-255,5738,60035,15,315602
11970,0.00069,172.31.36.0-255,66,60101,15,315602
11971,0.000722,172.217.194.0-255,7156,67257,15,315602
11972,0.000726,172.31.36.0-255,66,67323,15,315602
11973,0.000738,172.31.36.0-255,66,67389,15,315602
11974,0.0008,172.217.194.0-255,1484,68873,15,315602
11975,0.000807,172.217.194.0-255,2902,71775,15,315602
11976,0.00081,172.31.36.0-255,66,71841,15,315602
11977,0.000841,172.217.194.0-255,4320,76161,15,315602
11978,0.000845,172.31.36.0-255,66,76227,15,315602
11979,0.00087,172.217.194.0-255,1484,77711,15,315602
11980,0.000886,172.31.36.0-255,66,77777,15,315602
11981,0.000899,172.31.36.0-255,66,77843,15,315602
11982,0.001628,172.217.194.0-255,1484,79327,15,315602
11983,0.001636,172.217.194.0-255,2902,82229,15,315602
11984,0.001641,172.31.36.0-255,66,82295,15,315602
11985,0.001645,172.217.194.0-255,1484,83779,15,315602
11986,0.00166,172.217.194.0-255,4320,88099,15,315602
11987,0.001664,172.31.36.0-255,66,88165,15,315602
11988,0.001707,172.31.36.0-255,66,88231,15,315602
11989,0.001744,172.31.36.0-255,66,88297,15,315602
11990,0.001904,172.217.194.0-255,1484,89781,15,315602
11991,0.001924,172.217.194.0-255,2902,92683,15,315602
11992,0.001927,172.31.36.0-255,66,92749,15,315602
11993,0.001933,172.217.194.0-255,5738,98487,15,315602
11994,0.001935,172.31.36.0-255,66,98553,15,315602
11995,0.001952,172.217.194.0-255,5738,104291,15,315602
11996,0.001954,172.31.36.0-255,66,104357,15,315602
11997,0.001969,172.217.194.0-255,4320,108677,15,315602
11998,0.001973,172.31.36.0-255,66,108743,15,315602
11999,0.001992,172.217.194.0-255,5738,114481,15,315602
12000,0.001994,172.31.36.0-255,66,114547,15,315602
12001,0.002025,172.31.36.0-255,66,114613,15,315602
12002,0.004269,172.217.194.0-255,5738,120351,15,315602
12003,0.004273,172.31.36.0-255,66,120417,15,315602
12004,0.006529,172.217.194.0-255,5738,126155,15,315602
12005,0.006535,172.31.36.0-255,66,126221,15,315602
12006,0.008775,172.217.194.0-255,5738,131959,15,315602
12007,0.008784,172.31.36.0-255,66,132025,15,315602
12008,0.011049,172.217.194.0-255,5738,137763,15,315602
12009,0.011057,172.31.36.0-255,66,137829,15,315602
12010,0.013336,172.217.194.0-255,5738,143567,15,315602
12011,0.013347,172.31.36.0-255,66,143633,15,315602
12012,0.015605,172.217.194.0-255,5738,149371,15,315602
12013,0.015613,172.31.36.0-255,66,149437,15,315602
12014,0.017882,172.217.194.0-255,5738,155175,15,315602
12015,0.017889,172.31.36.0-255,66,155241,15,315602
12016,0.020143,172.217.194.0-255,5738,160979,15,315602
12017,0.02015,172.31.36.0-255,66,161045,15,315602
12018,0.022428,172.217.194.0-255,5738,166783,15,315602
12019,0.022435,172.31.36.0-255,66,166849,15,315602
12020,0.024672,172.217.194.0-255,5738,172587,15,315602
12021,0.024681,172.31.36.0-255,66,172653,15,315602
12022,0.026213,172.31.36.0-255,167,172820,15,315602
12023,0.026255,172.31.36.0-255,1106,173926,15,315602
12024,0.026322,172.31.36.0-255,1514,175440,15,315602
12025,0.026324,172.31.36.0-255,1299,176739,15,315602
12026,0.026932,172.217.194.0-255,5738,182477,15,315602
12027,0.026939,172.31.36.0-255,66,182543,15,315602
12028,0.02777,104.244.42.0-255,66,182609,15,315602
12029,0.027948,104.244.42.0-255,66,182675,15,315602
12030,0.027952,104.244.42.0-255,66,182741,15,315602
12031,0.02917,172.217.194.0-255,5738,188479,15,315602
12032,0.029177,172.31.36.0-255,66,188545,15,315602
12033,0.031414,172.217.194.0-255,5738,194283,15,315602
12034,0.031423,172.31.36.0-255,66,194349,15,315602
12035,0.033665,172.217.194.0-255,5738,200087,15,315602
12036,0.033671,172.31.36.0-255,66,200153,15,315602
12037,0.035906,172.217.194.0-255,5738,205891,15,315602
12038,0.035911,172.31.36.0-255,66,205957,15,315602
12039,0.038184,172.217.194.0-255,5738,211695,15,315602
12040,0.03819,172.31.36.0-255,66,211761,15,315602
12041,0.040421,172.217.194.0-255,5738,217499,15,315602
12042,0.040431,172.31.36.0-255,66,217565,15,315602
12043,0.042688,172.217.194.0-255,5738,223303,15,315602
12044,0.042696,172.31.36.0-255,66,223369,15,315602
12045,0.044944,172.217.194.0-255,4320,227689,15,315602
12046,0.044951,172.31.36.0-255,66,227755,15,315602
12047,0.044984,172.217.194.0-255,1484,229239,15,315602
12048,0.047229,172.217.194.0-255,4320,233559,15,315602
12049,0.047236,172.31.36.0-255,66,233625,15,315602
12050,0.049496,172.217.194.0-255,5738,239363,15,315602
12051,0.049502,172.31.36.0-255,66,239429,15,315602
12052,0.051768,172.217.194.0-255,5738,245167,15,315602
12053,0.051776,172.31.36.0-255,66,245233,15,315602
12054,0.054026,172.217.194.0-255,4320,249553,15,315602
12055,0.054031,172.31.36.0-255,66,249619,15,315602
12056,0.054064,172.217.194.0-255,1484,251103,15,315602
12057,0.056302,172.217.194.0-255,1484,252587,15,315602
12058,0.056307,172.31.36.0-255,66,252653,15,315602
12059,0.056338,172.217.194.0-255,2902,255555,15,315602
12060,0.056341,172.31.36.0-255,66,255621,15,315602
12061,0.058561,172.217.194.0-255,2902,258523,15,315602
12062,0.058567,172.31.36.0-255,66,258589,15,315602
12063,0.05859,172.217.194.0-255,2902,261491,15,315602
12064,0.058593,172.31.36.0-255,66,261557,15,315602
12065,0.060844,172.217.194.0-255,5738,267295,15,315602
12066,0.06085,172.31.36.0-255,66,267361,15,315602
12067,0.063093,172.217.194.0-255,5738,273099,15,315602
12068,0.0631,172.31.36.0-255,66,273165,15,315602
12069,0.065362,172.217.194.0-255,5738,278903,15,315602
12070,0.065368,172.31.36.0-255,66,278969,15,315602
12071,0.067633,172.217.194.0-255,5738,284707,15,315602
12072,0.06764,172.31.36.0-255,66,284773,15,315602
12073,0.069917,172.217.194.0-255,5738,290511,15,315602
12074,0.069929,172.31.36.0-255,66,290577,15,315602
12075,0.072187,172.217.194.0-255,5738,296315,15,315602
12076,0.072192,172.31.36.0-255,66,296381,15,315602
12077,0.07445,172.217.194.0-255,5738,302119,15,315602
12078,0.074455,172.31.36.0-255,66,302185,15,315602
12079,0.076696,172.217.194.0-255,5738,307923,15,315602
12080,0.076702,172.31.36.0-255,66,307989,15,315602
12081,0.078959,172.217.194.0-255,5738,313727,15,315602
12082,0.078965,172.31.36.0-255,66,313793,15,315602
12083,0.081212,172.217.194.0-255,1572,315365,15,315602
12084,0.081218,172.31.36.0-255,66,315431,15,315602
12085,0.081397,172.31.36.0-255,105,315536,15,315602
12086,0.083591,172.217.194.0-255,66,315602,15,315602
12087,0.0,74.125.130.0-255,176,176,15,379982
12088,1.9e-05,172.31.36.0-255,66,242,15,379982
12089,2.6e-05,74.125.130.0-255,1484,1726,15,379982
12090,3e-05,172.31.36.0-255,66,1792,15,379982
12091,3.6e-05,74.125.130.0-255,2902,4694,15,379982
12092,3.9e-05,172.31.36.0-255,66,4760,15,379982
12093,6.9e-05,74.125.130.0-255,5738,10498,15,379982
12094,7.3e-05,172.31.36.0-255,66,10564,15,379982
12095,7.9e-05,74.125.130.0-255,3502,14066,15,379982
12096,8.1e-05,172.31.36.0-255,66,14132,15,379982
12097,0.000479,74.125.130.0-255,1484,15616,15,379982
12098,0.000484,172.31.36.0-255,66,15682,15,379982
12099,0.000493,74.125.130.0-255,2902,18584,15,379982
12100,0.000495,172.31.36.0-255,66,18650,15,379982
12101,0.0006,74.125.130.0-255,1484,20134,15,379982
12102,0.000604,172.31.36.0-255,66,20200,15,379982
12103,0.000627,74.125.130.0-255,2902,23102,15,379982
12104,0.00063,172.31.36.0-255,66,23168,15,379982
12105,0.000647,74.125.130.0-255,4320,27488,15,379982
12106,0.00065,172.31.36.0-255,66,27554,15,379982
12107,0.000665,74.125.130.0-255,1484,29038,15,379982
12108,0.000667,172.31.36.0-255,66,29104,15,379982
12109,0.00069,74.125.130.0-255,2543,31647,15,379982
12110,0.000693,172.31.36.0-255,66,31713,15,379982
12111,0.000808,74.125.130.0-255,1484,33197,15,379982
12112,0.000812,172.31.36.0-255,66,33263,15,379982
12113,0.000816,74.125.130.0-255,1484,34747,15,379982
12114,0.000819,172.31.36.0-255,66,34813,15,379982
12115,0.000824,74.125.130.0-255,2902,37715,15,379982
12116,0.000826,172.31.36.0-255,66,37781,15,379982
12117,0.000849,74.125.130.0-255,5738,43519,15,379982
12118,0.000852,172.31.36.0-255,66,43585,15,379982
12119,0.00087,74.125.130.0-255,4320,47905,15,379982
12120,0.000873,172.31.36.0-255,66,47971,15,379982
12121,0.000897,74.125.130.0-255,1125,49096,15,379982
12122,0.000905,74.125.130.0-255,5738,54834,15,379982
12123,0.000908,172.31.36.0-255,66,54900,15,379982
12124,0.000954,172.31.36.0-255,66,54966,15,379982
12125,0.000976,74.125.130.0-255,2797,57763,15,379982
12126,0.00098,172.31.36.0-255,66,57829,15,379982
12127,0.000983,74.125.130.0-255,118,57947,15,379982
12128,0.001159,74.125.130.0-255,1484,59431,15,379982
12129,0.001165,172.31.36.0-255,66,59497,15,379982
12130,0.001181,74.125.130.0-255,2902,62399,15,379982
12131,0.001185,172.31.36.0-255,66,62465,15,379982
12132,0.001207,74.125.130.0-255,2902,65367,15,379982
12133,0.00121,172.31.36.0-255,66,65433,15,379982
12134,0.00123,74.125.130.0-255,2902,68335,15,379982
12135,0.001233,172.31.36.0-255,66,68401,15,379982
12136,0.00124,74.125.130.0-255,4320,72721,15,379982
12137,0.001242,172.31.36.0-255,66,72787,15,379982
12138,0.001248,74.125.130.0-255,5379,78166,15,379982
12139,0.001251,172.31.36.0-255,66,78232,15,379982
12140,0.001296,74.125.130.0-255,5738,83970,15,379982
12141,0.001299,172.31.36.0-255,66,84036,15,379982
12142,0.001318,74.125.130.0-255,4320,88356,15,379982
12143,0.00132,172.31.36.0-255,66,88422,15,379982
12144,0.001326,74.125.130.0-255,3961,92383,15,379982
12145,0.001328,172.31.36.0-255,66,92449,15,379982
12146,0.001646,74.125.130.0-255,1484,93933,15,379982
12147,0.001655,74.125.130.0-255,2902,96835,15,379982
12148,0.001661,172.31.36.0-255,66,96901,15,379982
12149,0.001684,74.125.130.0-255,5738,102639,15,379982
12150,0.001687,172.31.36.0-255,66,102705,15,379982
12151,0.001722,74.125.130.0-255,4320,107025,15,379982
12152,0.001724,172.31.36.0-255,66,107091,15,379982
12153,0.001744,74.125.130.0-255,2902,109993,15,379982
12154,0.001746,172.31.36.0-255,66,110059,15,379982
12155,0.001751,74.125.130.0-255,2902,112961,15,379982
12156,0.001753,172.31.36.0-255,66,113027,15,379982
12157,0.001758,74.125.130.0-255,4320,117347,15,379982
12158,0.001762,172.31.36.0-255,66,117413,15,379982
12159,0.00179,74.125.130.0-255,4320,121733,15,379982
12160,0.001793,172.31.36.0-255,66,121799,15,379982
12161,0.001817,74.125.130.0-255,5020,126819,15,379982
12162,0.00182,172.31.36.0-255,66,126885,15,379982
12163,0.001906,74.125.130.0-255,1484,128369,15,379982
12164,0.001924,74.125.130.0-255,2902,131271,15,379982
12165,0.001928,172.31.36.0-255,66,131337,15,379982
12166,0.001933,74.125.130.0-255,2902,134239,15,379982
12167,0.001936,172.31.36.0-255,66,134305,15,379982
12168,0.001939,74.125.130.0-255,1484,135789,15,379982
12169,0.001957,74.125.130.0-255,2902,138691,15,379982
12170,0.001959,172.31.36.0-255,66,138757,15,379982
12171,0.001983,74.125.130.0-255,1484,140241,15,379982
12172,0.001993,74.125.130.0-255,1484,141725,15,379982
12173,0.001995,172.31.36.0-255,66,141791,15,379982
12174,0.002012,74.125.130.0-255,1484,143275,15,379982
12175,0.002018,74.125.130.0-255,4320,147595,15,379982
12176,0.002021,172.31.36.0-255,66,147661,15,379982
12177,0.002038,74.125.130.0-255,1484,149145,15,379982
12178,0.002046,74.125.130.0-255,5738,154883,15,379982
12179,0.002049,172.31.36.0-255,66,154949,15,379982
12180,0.002075,74.125.130.0-255,6438,161387,15,379982
12181,0.002077,172.31.36.0-255,66,161453,15,379982
12182,0.00208,74.125.130.0-255,379,161832,15,379982
12183,0.002366,74.125.130.0-255,1484,163316,15,379982
12184,0.002368,172.31.36.0-255,66,163382,15,379982
12185,0.002386,74.125.130.0-255,1484,164866,15,379982
12186,0.002403,74.125.130.0-255,2902,167768,15,379982
12187,0.002406,172.31.36.0-255,66,167834,15,379982
12188,0.002425,74.125.130.0-255,4320,172154,15,379982
12189,0.002427,172.31.36.0-255,66,172220,15,379982
12190,0.00244,74.125.130.0-255,1484,173704,15,379982
12191,0.002443,74.125.130.0-255,1484,175188,15,379982
12192,0.002445,172.31.36.0-255,66,175254,15,379982
12193,0.002481,74.125.130.0-255,2902,178156,15,379982
12194,0.002484,172.31.36.0-255,66,178222,15,379982
12195,0.002489,74.125.130.0-255,2902,181124,15,379982
12196,0.00249,172.31.36.0-255,66,181190,15,379982
12197,0.002507,74.125.130.0-255,4320,185510,15,379982
12198,0.00251,172.31.36.0-255,66,185576,15,379982
12199,0.002532,74.125.130.0-255,5738,191314,15,379982
12200,0.002534,172.31.36.0-255,66,191380,15,379982
12201,0.002553,74.125.130.0-255,2902,194282,15,379982
12202,0.002555,172.31.36.0-255,66,194348,15,379982
12203,0.002559,74.125.130.0-255,2184,196532,15,379982
12204,0.002561,172.31.36.0-255,66,196598,15,379982
12205,0.005229,74.125.130.0-255,5738,202336,15,379982
12206,0.005238,172.31.36.0-255,66,202402,15,379982
12207,0.007932,74.125.130.0-255,5738,208140,15,379982
12208,0.007942,172.31.36.0-255,66,208206,15,379982
12209,0.010619,74.125.130.0-255,4320,212526,15,379982
12210,0.010627,172.31.36.0-255,66,212592,15,379982
12211,0.010661,74.125.130.0-255,1484,214076,15,379982
12212,0.013319,74.125.130.0-255,4320,218396,15,379982
12213,0.013327,172.31.36.0-255,66,218462,15,379982
12214,0.016021,74.125.130.0-255,5738,224200,15,379982
12215,0.016031,172.31.36.0-255,66,224266,15,379982
12216,0.018729,74.125.130.0-255,5738,230004,15,379982
12217,0.01874,172.31.36.0-255,66,230070,15,379982
12218,0.021447,74.125.130.0-255,5738,235808,15,379982
12219,0.021456,172.31.36.0-255,66,235874,15,379982
12220,0.024186,74.125.130.0-255,5738,241612,15,379982
12221,0.024197,172.31.36.0-255,66,241678,15,379982
12222,0.0269,74.125.130.0-255,5738,247416,15,379982
12223,0.026907,172.31.36.0-255,66,247482,15,379982
12224,0.029609,74.125.130.0-255,5738,253220,15,379982
12225,0.029618,172.31.36.0-255,66,253286,15,379982
12226,0.032296,74.125.130.0-255,4320,257606,15,379982
12227,0.032304,172.31.36.0-255,66,257672,15,379982
12228,0.032323,74.125.130.0-255,1484,259156,15,379982
12229,0.033221,172.31.36.0-255,167,259323,15,379982
12230,0.03325,172.31.36.0-255,1110,260433,15,379982
12231,0.033296,172.31.36.0-255,1514,261947,15,379982
12232,0.033297,172.31.36.0-255,1295,263242,15,379982
12233,0.034897,104.244.42.0-255,66,263308,15,379982
12234,0.034925,104.244.42.0-255,66,263374,15,379982
12235,0.034943,104.244.42.0-255,66,263440,15,379982
12236,0.03503,74.125.130.0-255,2902,266342,15,379982
12237,0.035035,172.31.36.0-255,66,266408,15,379982
12238,0.035056,74.125.130.0-255,1484,267892,15,379982
12239,0.037726,74.125.130.0-255,4320,272212,15,379982
12240,0.037731,172.31.36.0-255,66,272278,15,379982
12241,0.040429,74.125.130.0-255,5738,278016,15,379982
12242,0.040436,172.31.36.0-255,66,278082,15,379982
12243,0.043122,74.125.130.0-255,5738,283820,15,379982
12244,0.043128,172.31.36.0-255,66,283886,15,379982
12245,0.045824,74.125.130.0-255,5738,289624,15,379982
12246,0.045831,172.31.36.0-255,66,289690,15,379982
12247,0.048548,74.125.130.0-255,5738,295428,15,379982
12248,0.048555,172.31.36.0-255,66,295494,15,379982
12249,0.051251,74.125.130.0-255,5738,301232,15,379982
12250,0.051257,172.31.36.0-255,66,301298,15,379982
12251,0.05394,74.125.130.0-255,5738,307036,15,379982
12252,0.053947,172.31.36.0-255,66,307102,15,379982
12253,0.056636,74.125.130.0-255,2902,310004,15,379982
12254,0.056642,172.31.36.0-255,66,310070,15,379982
12255,0.056664,74.125.130.0-255,2902,312972,15,379982
12256,0.056667,172.31.36.0-255,66,313038,15,379982
12257,0.059348,74.125.130.0-255,5738,318776,15,379982
12258,0.059354,172.31.36.0-255,66,318842,15,379982
12259,0.062051,74.125.130.0-255,5738,324580,15,379982
12260,0.062058,172.31.36.0-255,66,324646,15,379982
12261,0.064752,74.125.130.0-255,4320,328966,15,379982
12262,0.064759,172.31.36.0-255,66,329032,15,379982
12263,0.064774,74.125.130.0-255,1484,330516,15,379982
12264,0.067445,74.125.130.0-255,2902,333418,15,379982
12265,0.067451,172.31.36.0-255,66,333484,15,379982
12266,0.067467,74.125.130.0-255,1484,334968,15,379982
12267,0.07018,74.125.130.0-255,4320,339288,15,379982
12268,0.070186,172.31.36.0-255,66,339354,15,379982
12269,0.072884,74.125.130.0-255,5738,345092,15,379982
12270,0.07289,172.31.36.0-255,66,345158,15,379982
12271,0.075619,74.125.130.0-255,5738,350896,15,379982
12272,0.075626,172.31.36.0-255,66,350962,15,379982
12273,0.078324,74.125.130.0-255,5738,356700,15,379982
12274,0.078331,172.31.36.0-255,66,356766,15,379982
12275,0.08105,74.125.130.0-255,5738,362504,15,379982
12276,0.081057,172.31.36.0-255,66,362570,15,379982
12277,0.083758,74.125.130.0-255,5738,368308,15,379982
12278,0.083765,172.31.36.0-255,66,368374,15,379982
12279,0.086472,74.125.130.0-255,5738,374112,15,379982
12280,0.086478,172.31.36.0-255,66,374178,15,379982
12281,0.089177,74.125.130.0-255,5738,379916,15,379982
12282,0.089183,172.31.36.0-255,66,379982,15,379982
12283,0.0,172.217.194.0-255,152,152,15,226622
12284,2.5e-05,172.31.36.0-255,66,218,15,226622
12285,3.2e-05,172.217.194.0-255,1484,1702,15,226622
12286,3.7e-05,172.31.36.0-255,66,1768,15,226622
12287,5.1e-05,172.217.194.0-255,2902,4670,15,226622
12288,5.5e-05,172.31.36.0-255,66,4736,15,226622
12289,6.4e-05,172.217.194.0-255,7156,11892,15,226622
12290,6.8e-05,172.31.36.0-255,66,11958,15,226622
12291,8.1e-05,172.31.36.0-255,66,12024,15,226622
12292,0.000102,172.217.194.0-255,2019,14043,15,226622
12293,0.000105,172.31.36.0-255,66,14109,15,226622
12294,0.000114,172.217.194.0-255,1484,15593,15,226622
12295,0.000116,172.31.36.0-255,66,15659,15,226622
12296,0.000149,172.217.194.0-255,5379,21038,15,226622
12297,0.000153,172.31.36.0-255,66,21104,15,226622
12298,0.000157,172.217.194.0-255,1484,22588,15,226622
12299,0.000158,172.31.36.0-255,66,22654,15,226622
12300,0.000163,172.217.194.0-255,2902,25556,15,226622
12301,0.000166,172.31.36.0-255,66,25622,15,226622
12302,0.000198,172.217.194.0-255,5738,31360,15,226622
12303,0.000201,172.31.36.0-255,66,31426,15,226622
12304,0.000214,172.31.36.0-255,66,31492,15,226622
12305,0.000224,172.217.194.0-255,5738,37230,15,226622
12306,0.000227,172.31.36.0-255,66,37296,15,226622
12307,0.000257,172.217.194.0-255,4320,41616,15,226622
12308,0.000265,172.31.36.0-255,66,41682,15,226622
12309,0.00027,172.217.194.0-255,4252,45934,15,226622
12310,0.000273,172.31.36.0-255,66,46000,15,226622
12311,0.000275,172.217.194.0-255,364,46364,15,226622
12312,0.000277,172.31.36.0-255,66,46430,15,226622
12313,0.000357,172.217.194.0-255,1484,47914,15,226622
12314,0.00038,172.217.194.0-255,2902,50816,15,226622
12315,0.000383,172.31.36.0-255,66,50882,15,226622
12316,0.00039,172.217.194.0-255,5738,56620,15,226622
12317,0.000393,172.31.36.0-255,66,56686,15,226622
12318,0.000407,172.217.194.0-255,6797,63483,15,226622
12319,0.00041,172.31.36.0-255,66,63549,15,226622
12320,0.000441,172.217.194.0-255,7156,70705,15,226622
12321,0.000444,172.31.36.0-255,66,70771,15,226622
12322,0.000454,172.217.194.0-255,7156,77927,15,226622
12323,0.000457,172.31.36.0-255,66,77993,15,226622
12324,0.000485,172.217.194.0-255,1484,79477,15,226622
12325,0.000489,172.217.194.0-255,1125,80602,15,226622
12326,0.000491,172.31.36.0-255,66,80668,15,226622
12327,0.000628,172.217.194.0-255,1484,82152,15,226622
12328,0.000634,172.217.194.0-255,2902,85054,15,226622
12329,0.000638,172.31.36.0-255,66,85120,15,226622
12330,0.000645,172.217.194.0-255,5738,90858,15,226622
12331,0.000647,172.31.36.0-255,66,90924,15,226622
12332,0.000655,172.217.194.0-255,1484,92408,15,226622
12333,0.000679,172.217.194.0-255,4320,96728,15,226622
12334,0.000682,172.31.36.0-255,66,96794,15,226622
12335,0.000694,172.31.36.0-255,66,96860,15,226622
12336,0.000721,172.217.194.0-255,2902,99762,15,226622
12337,0.000724,172.31.36.0-255,66,99828,15,226622
12338,0.000731,172.217.194.0-255,4471,104299,15,226622
12339,0.000739,172.31.36.0-255,66,104365,15,226622
12340,0.000746,172.217.194.0-255,5738,110103,15,226622
12341,0.000749,172.31.36.0-255,66,110169,15,226622
12342,0.000752,172.217.194.0-255,1484,111653,15,226622
12343,0.000779,172.217.194.0-255,4320,115973,15,226622
12344,0.000785,172.31.36.0-255,66,116039,15,226622
12345,0.000799,172.31.36.0-255,66,116105,15,226622
12346,0.00084,172.31.36.0-255,66,116171,15,226622
12347,0.000879,172.31.36.0-255,66,116237,15,226622
12348,0.00089,172.31.36.0-255,66,116303,15,226622
12349,0.000916,172.217.194.0-255,2902,119205,15,226622
12350,0.000918,172.31.36.0-255,66,119271,15,226622
12351,0.000946,172.217.194.0-255,5738,125009,15,226622
12352,0.000949,172.31.36.0-255,66,125075,15,226622
12353,0.000971,172.217.194.0-255,6438,131513,15,226622
12354,0.000974,172.31.36.0-255,66,131579,15,226622
12355,0.00098,172.217.194.0-255,5738,137317,15,226622
12356,0.000983,172.31.36.0-255,66,137383,15,226622
12357,0.000991,172.217.194.0-255,7156,144539,15,226622
12358,0.000993,172.31.36.0-255,66,144605,15,226622
12359,0.001036,172.31.36.0-255,66,144671,15,226622
12360,0.001042,172.217.194.0-255,4320,148991,15,226622
12361,0.001044,172.31.36.0-255,66,149057,15,226622
12362,0.00107,172.217.194.0-255,2184,151241,15,226622
12363,0.001076,172.31.36.0-255,66,151307,15,226622
12364,0.001246,172.217.194.0-255,1484,152791,15,226622
12365,0.001265,172.217.194.0-255,2902,155693,15,226622
12366,0.001269,172.31.36.0-255,66,155759,15,226622
12367,0.001277,172.217.194.0-255,5738,161497,15,226622
12368,0.001279,172.31.36.0-255,66,161563,15,226622
12369,0.001318,172.31.36.0-255,66,161629,15,226622
12370,0.001349,172.217.194.0-255,1484,163113,15,226622
12371,0.001363,172.31.36.0-255,66,163179,15,226622
12372,0.001471,172.217.194.0-255,1484,164663,15,226622
12373,0.001477,172.217.194.0-255,2902,167565,15,226622
12374,0.00148,172.31.36.0-255,66,167631,15,226622
12375,0.001511,172.217.194.0-255,5738,173369,15,226622
12376,0.001513,172.31.36.0-255,66,173435,15,226622
12377,0.001562,172.217.194.0-255,2902,176337,15,226622
12378,0.001564,172.31.36.0-255,66,176403,15,226622
12379,0.001596,172.31.36.0-255,66,176469,15,226622
12380,0.001613,172.31.36.0-255,66,176535,15,226622
12381,0.001617,172.217.194.0-255,2184,178719,15,226622
12382,0.00162,172.31.36.0-255,66,178785,15,226622
12383,0.001623,172.217.194.0-255,1484,180269,15,226622
12384,0.001646,172.217.194.0-255,1484,181753,15,226622
12385,0.001649,172.31.36.0-255,66,181819,15,226622
12386,0.001659,172.217.194.0-255,4320,186139,15,226622
12387,0.001662,172.31.36.0-255,66,186205,15,226622
12388,0.001673,172.31.36.0-255,66,186271,15,226622
12389,0.001723,172.31.36.0-255,66,186337,15,226622
12390,0.001759,172.217.194.0-255,6438,192775,15,226622
12391,0.001761,172.217.194.0-255,1484,194259,15,226622
12392,0.001766,172.217.194.0-255,2902,197161,15,226622
12393,0.001772,172.217.194.0-255,5738,202899,15,226622
12394,0.001774,172.217.194.0-255,1484,204383,15,226622
12395,0.001778,172.31.36.0-255,66,204449,15,226622
12396,0.001783,172.31.36.0-255,66,204515,15,226622
12397,0.001791,172.31.36.0-255,66,204581,15,226622
12398,0.001809,172.31.36.0-255,66,204647,15,226622
12399,0.001835,172.217.194.0-255,7156,211803,15,226622
12400,0.001837,172.31.36.0-255,66,211869,15,226622
12401,0.001876,172.31.36.0-255,66,211935,15,226622
12402,0.001888,172.31.36.0-255,66,212001,15,226622
12403,0.001892,172.217.194.0-255,2902,214903,15,226622
12404,0.001894,172.31.36.0-255,66,214969,15,226622
12405,0.00193,172.217.194.0-255,6956,221925,15,226622
12406,0.001933,172.31.36.0-255,66,221991,15,226622
12407,0.001937,172.217.194.0-255,105,222096,15,226622
12408,0.00458,172.31.36.0-255,66,222162,15,226622
12409,0.004617,172.31.36.0-255,105,222267,15,226622
12410,0.006653,172.217.194.0-255,66,222333,15,226622
12411,0.036974,172.31.36.0-255,172,222505,15,226622
12412,0.037014,172.31.36.0-255,1106,223611,15,226622
12413,0.037078,172.31.36.0-255,1514,225125,15,226622
12414,0.037081,172.31.36.0-255,1299,226424,15,226622
12415,0.038529,104.244.42.0-255,66,226490,15,226622
12416,0.03856,104.244.42.0-255,66,226556,15,226622
12417,0.038605,104.244.42.0-255,66,226622,15,226622
12418,0.0,172.217.194.0-255,152,152,15,287322
12419,2.2e-05,172.31.36.0-255,66,218,15,287322
12420,2.9e-05,172.217.194.0-255,1484,1702,15,287322
12421,3.3e-05,172.31.36.0-255,66,1768,15,287322
12422,3.9e-05,172.217.194.0-255,2902,4670,15,287322
12423,4.1e-05,172.31.36.0-255,66,4736,15,287322
12424,6.3e-05,172.217.194.0-255,2902,7638,15,287322
12425,6.6e-05,172.31.36.0-255,66,7704,15,287322
12426,8.6e-05,172.217.194.0-255,4320,12024,15,287322
12427,9e-05,172.31.36.0-255,66,12090,15,287322
12428,9.5e-05,172.217.194.0-255,3453,15543,15,287322
12429,9.7e-05,172.31.36.0-255,66,15609,15,287322
12430,0.000111,172.31.36.0-255,66,15675,15,287322
12431,0.000115,172.217.194.0-255,2543,18218,15,287322
12432,0.000118,172.31.36.0-255,66,18284,15,287322
12433,0.000341,172.217.194.0-255,1484,19768,15,287322
12434,0.000346,172.31.36.0-255,66,19834,15,287322
12435,0.000353,172.217.194.0-255,2902,22736,15,287322
12436,0.000355,172.31.36.0-255,66,22802,15,287322
12437,0.000384,172.217.194.0-255,5738,28540,15,287322
12438,0.000387,172.31.36.0-255,66,28606,15,287322
12439,0.000417,172.217.194.0-255,4320,32926,15,287322
12440,0.00042,172.31.36.0-255,66,32992,15,287322
12441,0.000438,172.217.194.0-255,2543,35535,15,287322
12442,0.00044,172.31.36.0-255,66,35601,15,287322
12443,0.000485,172.217.194.0-255,1484,37085,15,287322
12444,0.000489,172.31.36.0-255,66,37151,15,287322
12445,0.000495,172.217.194.0-255,2902,40053,15,287322
12446,0.000497,172.31.36.0-255,66,40119,15,287322
12447,0.000503,172.217.194.0-255,5738,45857,15,287322
12448,0.000506,172.31.36.0-255,66,45923,15,287322
12449,0.000536,172.217.194.0-255,7109,53032,15,287322
12450,0.000538,172.31.36.0-255,66,53098,15,287322
12451,0.001073,172.217.194.0-255,99,53197,15,287322
12452,0.001103,172.31.36.0-255,66,53263,15,287322
12453,0.001185,172.217.194.0-255,1484,54747,15,287322
12454,0.001194,172.217.194.0-255,2902,57649,15,287322
12455,0.001197,172.31.36.0-255,66,57715,15,287322
12456,0.001221,172.217.194.0-255,4320,62035,15,287322
12457,0.001223,172.31.36.0-255,66,62101,15,287322
12458,0.00124,172.217.194.0-255,1484,63585,15,287322
12459,0.001249,172.217.194.0-255,7093,70678,15,287322
12460,0.001251,172.31.36.0-255,66,70744,15,287322
12461,0.001541,172.217.194.0-255,1484,72228,15,287322
12462,0.001548,172.217.194.0-255,2902,75130,15,287322
12463,0.001552,172.31.36.0-255,66,75196,15,287322
12464,0.001577,172.217.194.0-255,5738,80934,15,287322
12465,0.00158,172.31.36.0-255,66,81000,15,287322
12466,0.001607,172.217.194.0-255,4320,85320,15,287322
12467,0.001609,172.31.36.0-255,66,85386,15,287322
12468,0.001641,172.31.36.0-255,66,85452,15,287322
12469,0.001654,172.31.36.0-255,66,85518,15,287322
12470,0.002055,172.217.194.0-255,1484,87002,15,287322
12471,0.002063,172.217.194.0-255,2902,89904,15,287322
12472,0.002067,172.31.36.0-255,66,89970,15,287322
12473,0.002096,172.217.194.0-255,2902,92872,15,287322
12474,0.002098,172.31.36.0-255,66,92938,15,287322
12475,0.00211,172.217.194.0-255,2902,95840,15,287322
12476,0.002112,172.31.36.0-255,66,95906,15,287322
12477,0.002127,172.217.194.0-255,4320,100226,15,287322
12478,0.002129,172.31.36.0-255,66,100292,15,287322
12479,0.002158,172.217.194.0-255,7156,107448,15,287322
12480,0.002162,172.31.36.0-255,66,107514,15,287322
12481,0.002176,172.217.194.0-255,4320,111834,15,287322
12482,0.002178,172.31.36.0-255,66,111900,15,287322
12483,0.002201,172.31.36.0-255,66,111966,15,287322
12484,0.002261,172.217.194.0-255,1484,113450,15,287322
12485,0.002266,172.217.194.0-255,1484,114934,15,287322
12486,0.002268,172.31.36.0-255,66,115000,15,287322
12487,0.002288,172.217.194.0-255,1484,116484,15,287322
12488,0.002294,172.217.194.0-255,5738,122222,15,287322
12489,0.002297,172.31.36.0-255,66,122288,15,287322
12490,0.002315,172.217.194.0-255,2902,125190,15,287322
12491,0.002318,172.31.36.0-255,66,125256,15,287322
12492,0.002346,172.31.36.0-255,66,125322,15,287322
12493,0.002357,172.31.36.0-255,66,125388,15,287322
12494,0.002374,172.217.194.0-255,2184,127572,15,287322
12495,0.002376,172.31.36.0-255,66,127638,15,287322
12496,0.002383,172.217.194.0-255,7156,134794,15,287322
12497,0.002386,172.31.36.0-255,66,134860,15,287322
12498,0.002419,172.31.36.0-255,66,134926,15,287322
12499,0.002432,172.217.194.0-255,2902,137828,15,287322
12500,0.002435,172.31.36.0-255,66,137894,15,287322
12501,0.002457,172.217.194.0-255,5738,143632,15,287322
12502,0.00246,172.31.36.0-255,66,143698,15,287322
12503,0.002484,172.31.36.0-255,66,143764,15,287322
12504,0.00249,172.217.194.0-255,4320,148084,15,287322
12505,0.002492,172.31.36.0-255,66,148150,15,287322
12506,0.002517,172.217.194.0-255,2902,151052,15,287322
12507,0.00252,172.31.36.0-255,66,151118,15,287322
12508,0.002531,172.31.36.0-255,66,151184,15,287322
12509,0.002559,172.31.36.0-255,66,151250,15,287322
12510,0.002578,172.217.194.0-255,1484,152734,15,287322
12511,0.002583,172.217.194.0-255,2902,155636,15,287322
12512,0.002585,172.31.36.0-255,66,155702,15,287322
12513,0.002608,172.217.194.0-255,2184,157886,15,287322
12514,0.002611,172.31.36.0-255,66,157952,15,287322
12515,0.002657,172.217.194.0-255,1484,159436,15,287322
12516,0.002677,172.217.194.0-255,1484,160920,15,287322
12517,0.00268,172.31.36.0-255,66,160986,15,287322
12518,0.002693,172.217.194.0-255,2902,163888,15,287322
12519,0.002696,172.31.36.0-255,66,163954,15,287322
12520,0.002722,172.217.194.0-255,5738,169692,15,287322
12521,0.002724,172.31.36.0-255,66,169758,15,287322
12522,0.002748,172.217.194.0-255,2902,172660,15,287322
12523,0.002751,172.31.36.0-255,66,172726,15,287322
12524,0.002771,172.217.194.0-255,1484,174210,15,287322
12525,0.002777,172.217.194.0-255,5738,179948,15,287322
12526,0.002779,172.31.36.0-255,66,180014,15,287322
12527,0.002785,172.217.194.0-255,4320,184334,15,287322
12528,0.002788,172.31.36.0-255,66,184400,15,287322
12529,0.002867,172.217.194.0-255,4320,188720,15,287322
12530,0.00287,172.31.36.0-255,66,188786,15,287322
12531,0.00289,172.217.194.0-255,5020,193806,15,287322
12532,0.002892,172.31.36.0-255,66,193872,15,287322
12533,0.002895,172.217.194.0-255,1484,195356,15,287322
12534,0.002902,172.217.194.0-255,5738,201094,15,287322
12535,0.002904,172.31.36.0-255,66,201160,15,287322
12536,0.002908,172.217.194.0-255,2902,204062,15,287322
12537,0.002911,172.31.36.0-255,66,204128,15,287322
12538,0.002915,172.217.194.0-255,2902,207030,15,287322
12539,0.002917,172.31.36.0-255,66,207096,15,287322
12540,0.002941,172.217.194.0-255,7156,214252,15,287322
12541,0.002944,172.31.36.0-255,66,214318,15,287322
12542,0.002948,172.217.194.0-255,2902,217220,15,287322
12543,0.002951,172.31.36.0-255,66,217286,15,287322
12544,0.002985,172.31.36.0-255,66,217352,15,287322
12545,0.00308,172.217.194.0-255,1484,218836,15,287322
12546,0.003085,172.217.194.0-255,2902,221738,15,287322
12547,0.003087,172.31.36.0-255,66,221804,15,287322
12548,0.003111,172.217.194.0-255,5738,227542,15,287322
12549,0.003113,172.31.36.0-255,66,227608,15,287322
12550,0.003118,172.217.194.0-255,2902,230510,15,287322
12551,0.00312,172.31.36.0-255,66,230576,15,287322
12552,0.003139,172.217.194.0-255,7156,237732,15,287322
12553,0.003142,172.31.36.0-255,66,237798,15,287322
12554,0.003156,172.217.194.0-255,2902,240700,15,287322
12555,0.003157,172.31.36.0-255,66,240766,15,287322
12556,0.003163,172.217.194.0-255,4320,245086,15,287322
12557,0.003166,172.31.36.0-255,66,245152,15,287322
12558,0.003191,172.217.194.0-255,6438,251590,15,287322
12559,0.003585,172.217.194.0-255,1484,253074,15,287322
12560,0.003605,172.217.194.0-255,2902,255976,15,287322
12561,0.00363,172.217.194.0-255,5738,261714,15,287322
12562,0.003672,172.217.194.0-255,5738,267452,15,287322
12563,0.003714,172.217.194.0-255,2902,270354,15,287322
12564,0.003729,172.217.194.0-255,2184,272538,15,287322
12565,0.003777,172.217.194.0-255,1484,274022,15,287322
12566,0.00378,172.217.194.0-255,1484,275506,15,287322
12567,0.003792,172.217.194.0-255,1484,276990,15,287322
12568,0.003817,172.217.194.0-255,2902,279892,15,287322
12569,0.003848,172.217.194.0-255,2615,282507,15,287322
12570,0.003892,172.217.194.0-255,105,282612,15,287322
12571,0.012032,172.31.36.0-255,66,282678,15,287322
12572,0.013992,172.217.194.0-255,105,282783,15,287322
12573,0.014003,172.31.36.0-255,78,282861,15,287322
12574,0.017611,172.31.36.0-255,105,282966,15,287322
12575,0.020264,172.217.194.0-255,66,283032,15,287322
12576,0.038861,172.31.36.0-255,172,283204,15,287322
12577,0.038897,172.31.36.0-255,1110,284314,15,287322
12578,0.038962,172.31.36.0-255,1514,285828,15,287322
12579,0.038963,172.31.36.0-255,1296,287124,15,287322
12580,0.040429,104.244.42.0-255,66,287190,15,287322
12581,0.040469,104.244.42.0-255,66,287256,15,287322
12582,0.040514,104.244.42.0-255,66,287322,15,287322
12583,0.0,74.125.200.0-255,153,153,15,340595
12584,2.5e-05,172.31.36.0-255,66,219,15,340595
12585,3.3e-05,74.125.200.0-255,1484,1703,15,340595
12586,3.7e-05,172.31.36.0-255,66,1769,15,340595
12587,4.3e-05,74.125.200.0-255,2902,4671,15,340595
12588,4.6e-05,172.31.36.0-255,66,4737,15,340595
12589,5.3e-05,74.125.200.0-255,5738,10475,15,340595
12590,5.5e-05,172.31.36.0-255,66,10541,15,340595
12591,6.1e-05,74.125.200.0-255,3454,13995,15,340595
12592,6.4e-05,172.31.36.0-255,66,14061,15,340595
12593,0.000127,74.125.200.0-255,1484,15545,15,340595
12594,0.00013,172.31.36.0-255,66,15611,15,340595
12595,0.000148,74.125.200.0-255,2902,18513,15,340595
12596,0.000151,172.31.36.0-255,66,18579,15,340595
12597,0.000157,74.125.200.0-255,4320,22899,15,340595
12598,0.00016,172.31.36.0-255,66,22965,15,340595
12599,0.000185,74.125.200.0-255,1484,24449,15,340595
12600,0.000187,172.31.36.0-255,66,24515,15,340595
12601,0.000195,74.125.200.0-255,6797,31312,15,340595
12602,0.000197,172.31.36.0-255,66,31378,15,340595
12603,0.000226,74.125.200.0-255,5738,37116,15,340595
12604,0.000229,172.31.36.0-255,66,37182,15,340595
12605,0.000254,74.125.200.0-255,7156,44338,15,340595
12606,0.000257,172.31.36.0-255,66,44404,15,340595
12607,0.000262,74.125.200.0-255,3961,48365,15,340595
12608,0.000264,172.31.36.0-255,66,48431,15,340595
12609,0.000366,74.125.200.0-255,1484,49915,15,340595
12610,0.000371,172.31.36.0-255,66,49981,15,340595
12611,0.000376,74.125.200.0-255,2902,52883,15,340595
12612,0.000379,172.31.36.0-255,66,52949,15,340595
12613,0.000384,74.125.200.0-255,2902,55851,15,340595
12614,0.000386,172.31.36.0-255,66,55917,15,340595
12615,0.000413,74.125.200.0-255,2902,58819,15,340595
12616,0.000416,172.31.36.0-255,66,58885,15,340595
12617,0.00042,74.125.200.0-255,2902,61787,15,340595
12618,0.000422,172.31.36.0-255,66,61853,15,340595
12619,0.000429,74.125.200.0-255,4541,66394,15,340595
12620,0.000431,172.31.36.0-255,66,66460,15,340595
12621,0.000457,74.125.200.0-255,5738,72198,15,340595
12622,0.00046,172.31.36.0-255,66,72264,15,340595
12623,0.000477,74.125.200.0-255,2902,75166,15,340595
12624,0.000479,172.31.36.0-255,66,75232,15,340595
12625,0.000501,74.125.200.0-255,7156,82388,15,340595
12626,0.000504,172.31.36.0-255,66,82454,15,340595
12627,0.000506,74.125.200.0-255,576,83030,15,340595
12628,0.000565,74.125.200.0-255,1484,84514,15,340595
12629,0.000569,172.31.36.0-255,66,84580,15,340595
12630,0.000574,74.125.200.0-255,2902,87482,15,340595
12631,0.000576,172.31.36.0-255,66,87548,15,340595
12632,0.000596,74.125.200.0-255,5738,93286,15,340595
12633,0.000599,172.31.36.0-255,66,93352,15,340595
12634,0.000619,74.125.200.0-255,6797,100149,15,340595
12635,0.000622,172.31.36.0-255,66,100215,15,340595
12636,0.000671,74.125.200.0-255,2902,103117,15,340595
12637,0.000676,172.31.36.0-255,66,103183,15,340595
12638,0.000697,74.125.200.0-255,4320,107503,15,340595
12639,0.0007,172.31.36.0-255,66,107569,15,340595
12640,0.000748,172.31.36.0-255,66,107635,15,340595
12641,0.000751,74.125.200.0-255,1156,108791,15,340595
12642,0.00096,74.125.200.0-255,1484,110275,15,340595
12643,0.000964,172.31.36.0-255,66,110341,15,340595
12644,0.000984,74.125.200.0-255,2902,113243,15,340595
12645,0.000987,172.31.36.0-255,66,113309,15,340595
12646,0.00099,74.125.200.0-255,1484,114793,15,340595
12647,0.000995,74.125.200.0-255,2902,117695,15,340595
12648,0.000997,172.31.36.0-255,66,117761,15,340595
12649,0.001004,74.125.200.0-255,5738,123499,15,340595
12650,0.001006,172.31.36.0-255,66,123565,15,340595
12651,0.001028,74.125.200.0-255,4320,127885,15,340595
12652,0.001032,172.31.36.0-255,66,127951,15,340595
12653,0.001057,74.125.200.0-255,7156,135107,15,340595
12654,0.001059,172.31.36.0-255,66,135173,15,340595
12655,0.001063,74.125.200.0-255,1484,136657,15,340595
12656,0.001083,74.125.200.0-255,6438,143095,15,340595
12657,0.001086,172.31.36.0-255,66,143161,15,340595
12658,0.001245,74.125.200.0-255,1484,144645,15,340595
12659,0.00125,74.125.200.0-255,1484,146129,15,340595
12660,0.001253,172.31.36.0-255,66,146195,15,340595
12661,0.001272,74.125.200.0-255,1484,147679,15,340595
12662,0.001277,74.125.200.0-255,4320,151999,15,340595
12663,0.00128,172.31.36.0-255,66,152065,15,340595
12664,0.0013,74.125.200.0-255,1484,153549,15,340595
12665,0.001303,74.125.200.0-255,1484,155033,15,340595
12666,0.001305,172.31.36.0-255,66,155099,15,340595
12667,0.001311,74.125.200.0-255,5738,160837,15,340595
12668,0.001313,172.31.36.0-255,66,160903,15,340595
12669,0.001328,74.125.200.0-255,2902,163805,15,340595
12670,0.00133,172.31.36.0-255,66,163871,15,340595
12671,0.001333,74.125.200.0-255,1484,165355,15,340595
12672,0.001366,172.31.36.0-255,66,165421,15,340595
12673,0.001431,74.125.200.0-255,1484,166905,15,340595
12674,0.001453,74.125.200.0-255,2902,169807,15,340595
12675,0.001456,172.31.36.0-255,66,169873,15,340595
12676,0.001463,74.125.200.0-255,5738,175611,15,340595
12677,0.001466,172.31.36.0-255,66,175677,15,340595
12678,0.001492,74.125.200.0-255,2902,178579,15,340595
12679,0.001495,172.31.36.0-255,66,178645,15,340595
12680,0.001501,74.125.200.0-255,4320,182965,15,340595
12681,0.001503,172.31.36.0-255,66,183031,15,340595
12682,0.001528,74.125.200.0-255,5738,188769,15,340595
12683,0.001531,172.31.36.0-255,66,188835,15,340595
12684,0.00155,74.125.200.0-255,2902,191737,15,340595
12685,0.001553,172.31.36.0-255,66,191803,15,340595
12686,0.001582,74.125.200.0-255,2902,194705,15,340595
12687,0.001585,172.31.36.0-255,66,194771,15,340595
12688,0.001609,74.125.200.0-255,5020,199791,15,340595
12689,0.001612,172.31.36.0-255,66,199857,15,340595
12690,0.001642,74.125.200.0-255,1484,201341,15,340595
12691,0.001647,74.125.200.0-255,2902,204243,15,340595
12692,0.00165,172.31.36.0-255,66,204309,15,340595
12693,0.001676,74.125.200.0-255,5738,210047,15,340595
12694,0.001678,172.31.36.0-255,66,210113,15,340595
12695,0.001698,74.125.200.0-255,4320,214433,15,340595
12696,0.0017,172.31.36.0-255,66,214499,15,340595
12697,0.00172,74.125.200.0-255,2902,217401,15,340595
12698,0.001723,172.31.36.0-255,66,217467,15,340595
12699,0.001727,74.125.200.0-255,2902,220369,15,340595
12700,0.00173,172.31.36.0-255,66,220435,15,340595
12701,0.001753,74.125.200.0-255,5738,226173,15,340595
12702,0.001756,172.31.36.0-255,66,226239,15,340595
12703,0.001761,74.125.200.0-255,2902,229141,15,340595
12704,0.001763,172.31.36.0-255,66,229207,15,340595
12705,0.001788,74.125.200.0-255,6438,235645,15,340595
12706,0.001791,172.31.36.0-255,66,235711,15,340595
12707,0.001797,74.125.200.0-255,5738,241449,15,340595
12708,0.0018,172.31.36.0-255,66,241515,15,340595
12709,0.001807,74.125.200.0-255,7156,248671,15,340595
12710,0.00181,172.31.36.0-255,66,248737,15,340595
12711,0.001834,74.125.200.0-255,4320,253057,15,340595
12712,0.001836,172.31.36.0-255,66,253123,15,340595
12713,0.001864,172.31.36.0-255,66,253189,15,340595
12714,0.001883,74.125.200.0-255,2902,256091,15,340595
12715,0.001886,172.31.36.0-255,66,256157,15,340595
12716,0.001902,74.125.200.0-255,3602,259759,15,340595
12717,0.001904,172.31.36.0-255,66,259825,15,340595
12718,0.001967,74.125.200.0-255,1484,261309,15,340595
12719,0.001973,74.125.200.0-255,2902,264211,15,340595
12720,0.001976,172.31.36.0-255,66,264277,15,340595
12721,0.002024,74.125.200.0-255,4320,268597,15,340595
12722,0.002027,172.31.36.0-255,66,268663,15,340595
12723,0.002037,172.31.36.0-255,66,268729,15,340595
12724,0.002047,172.31.36.0-255,66,268795,15,340595
12725,0.002111,172.31.36.0-255,66,268861,15,340595
12726,0.002131,74.125.200.0-255,2902,271763,15,340595
12727,0.002134,172.31.36.0-255,66,271829,15,340595
12728,0.002159,74.125.200.0-255,2902,274731,15,340595
12729,0.002162,172.31.36.0-255,66,274797,15,340595
12730,0.00217,74.125.200.0-255,7156,281953,15,340595
12731,0.002172,172.31.36.0-255,66,282019,15,340595
12732,0.00219,74.125.200.0-255,4320,286339,15,340595
12733,0.002193,172.31.36.0-255,66,286405,15,340595
12734,0.002226,172.31.36.0-255,66,286471,15,340595
12735,0.002232,74.125.200.0-255,5738,292209,15,340595
12736,0.002234,172.31.36.0-255,66,292275,15,340595
12737,0.002245,74.125.200.0-255,766,293041,15,340595
12738,0.004442,74.125.200.0-255,4320,297361,15,340595
12739,0.00445,172.31.36.0-255,66,297427,15,340595
12740,0.006634,74.125.200.0-255,5738,303165,15,340595
12741,0.00664,172.31.36.0-255,66,303231,15,340595
12742,0.008828,74.125.200.0-255,5738,308969,15,340595
12743,0.008834,172.31.36.0-255,66,309035,15,340595
12744,0.011031,74.125.200.0-255,5738,314773,15,340595
12745,0.011035,172.31.36.0-255,66,314839,15,340595
12746,0.013217,74.125.200.0-255,5738,320577,15,340595
12747,0.013225,172.31.36.0-255,66,320643,15,340595
12748,0.015412,74.125.200.0-255,5738,326381,15,340595
12749,0.01542,172.31.36.0-255,66,326447,15,340595
12750,0.017635,74.125.200.0-255,5738,332185,15,340595
12751,0.017645,172.31.36.0-255,66,332251,15,340595
12752,0.019844,74.125.200.0-255,3818,336069,15,340595
12753,0.019852,172.31.36.0-255,66,336135,15,340595
12754,0.02149,172.31.36.0-255,105,336240,15,340595
12755,0.023644,74.125.200.0-255,66,336306,15,340595
12756,0.037805,172.31.36.0-255,172,336478,15,340595
12757,0.037841,172.31.36.0-255,1110,337588,15,340595
12758,0.037899,172.31.36.0-255,1514,339102,15,340595
12759,0.0379,172.31.36.0-255,1295,340397,15,340595
12760,0.039509,104.244.42.0-255,66,340463,15,340595
12761,0.039548,104.244.42.0-255,66,340529,15,340595
12762,0.039575,104.244.42.0-255,66,340595,15,340595
12763,0.0,74.125.130.0-255,153,153,15,409555
12764,2.5e-05,172.31.36.0-255,66,219,15,409555
12765,6.3e-05,74.125.130.0-255,1484,1703,15,409555
12766,6.7e-05,172.31.36.0-255,66,1769,15,409555
12767,7.2e-05,74.125.130.0-255,2902,4671,15,409555
12768,7.5e-05,172.31.36.0-255,66,4737,15,409555
12769,8.2e-05,74.125.130.0-255,7156,11893,15,409555
12770,9.3e-05,172.31.36.0-255,66,11959,15,409555
12771,9.6e-05,74.125.130.0-255,2020,13979,15,409555
12772,9.8e-05,172.31.36.0-255,66,14045,15,409555
12773,0.000181,74.125.130.0-255,1484,15529,15,409555
12774,0.000185,172.31.36.0-255,66,15595,15,409555
12775,0.000189,74.125.130.0-255,1484,17079,15,409555
12776,0.000192,172.31.36.0-255,66,17145,15,409555
12777,0.000214,74.125.130.0-255,1484,18629,15,409555
12778,0.000216,172.31.36.0-255,66,18695,15,409555
12779,0.000224,74.125.130.0-255,5738,24433,15,409555
12780,0.000226,172.31.36.0-255,66,24499,15,409555
12781,0.000229,74.125.130.0-255,1484,25983,15,409555
12782,0.000235,172.31.36.0-255,66,26049,15,409555
12783,0.00024,74.125.130.0-255,2902,28951,15,409555
12784,0.000242,172.31.36.0-255,66,29017,15,409555
12785,0.000269,74.125.130.0-255,2543,31560,15,409555
12786,0.000278,172.31.36.0-255,66,31626,15,409555
12787,0.000281,74.125.130.0-255,1484,33110,15,409555
12788,0.000283,172.31.36.0-255,66,33176,15,409555
12789,0.000303,74.125.130.0-255,1484,34660,15,409555
12790,0.000306,172.31.36.0-255,66,34726,15,409555
12791,0.000318,74.125.130.0-255,7156,41882,15,409555
12792,0.000322,74.125.130.0-255,2902,44784,15,409555
12793,0.000323,172.31.36.0-255,66,44850,15,409555
12794,0.000327,172.31.36.0-255,66,44916,15,409555
12795,0.000359,74.125.130.0-255,3961,48877,15,409555
12796,0.000364,172.31.36.0-255,66,48943,15,409555
12797,0.000425,74.125.130.0-255,1484,50427,15,409555
12798,0.000443,74.125.130.0-255,2902,53329,15,409555
12799,0.000446,172.31.36.0-255,66,53395,15,409555
12800,0.000477,74.125.130.0-255,5738,59133,15,409555
12801,0.00048,172.31.36.0-255,66,59199,15,409555
12802,0.000486,74.125.130.0-255,4320,63519,15,409555
12803,0.000488,172.31.36.0-255,66,63585,15,409555
12804,0.000529,74.125.130.0-255,2543,66128,15,409555
12805,0.000533,172.31.36.0-255,66,66194,15,409555
12806,0.00067,74.125.130.0-255,645,66839,15,409555
12807,0.000704,74.125.130.0-255,1484,68323,15,409555
12808,0.000708,172.31.36.0-255,66,68389,15,409555
12809,0.000733,74.125.130.0-255,1484,69873,15,409555
12810,0.000747,74.125.130.0-255,2902,72775,15,409555
12811,0.000751,172.31.36.0-255,66,72841,15,409555
12812,0.000762,74.125.130.0-255,4320,77161,15,409555
12813,0.000765,172.31.36.0-255,66,77227,15,409555
12814,0.000794,74.125.130.0-255,1484,78711,15,409555
12815,0.000801,74.125.130.0-255,4320,83031,15,409555
12816,0.000803,172.31.36.0-255,66,83097,15,409555
12817,0.000811,74.125.130.0-255,5738,88835,15,409555
12818,0.000813,172.31.36.0-255,66,88901,15,409555
12819,0.000836,74.125.130.0-255,7156,96057,15,409555
12820,0.000838,172.31.36.0-255,66,96123,15,409555
12821,0.000852,74.125.130.0-255,4320,100443,15,409555
12822,0.00086,172.31.36.0-255,66,100509,15,409555
12823,0.000863,74.125.130.0-255,766,101275,15,409555
12824,0.001095,172.31.36.0-255,66,101341,15,409555
12825,0.001521,74.125.130.0-255,1484,102825,15,409555
12826,0.001529,74.125.130.0-255,1484,104309,15,409555
12827,0.001533,172.31.36.0-255,66,104375,15,409555
12828,0.001566,74.125.130.0-255,2902,107277,15,409555
12829,0.00157,172.31.36.0-255,66,107343,15,409555
12830,0.00163,74.125.130.0-255,5738,113081,15,409555
12831,0.001634,172.31.36.0-255,66,113147,15,409555
12832,0.001639,74.125.130.0-255,1484,114631,15,409555
12833,0.001643,74.125.130.0-255,2902,117533,15,409555
12834,0.001645,172.31.36.0-255,66,117599,15,409555
12835,0.001657,74.125.130.0-255,5738,123337,15,409555
12836,0.001659,172.31.36.0-255,66,123403,15,409555
12837,0.001663,74.125.130.0-255,1484,124887,15,409555
12838,0.001667,74.125.130.0-255,2902,127789,15,409555
12839,0.001669,172.31.36.0-255,66,127855,15,409555
12840,0.001708,74.125.130.0-255,5738,133593,15,409555
12841,0.001711,172.31.36.0-255,66,133659,15,409555
12842,0.001745,74.125.130.0-255,2184,135843,15,409555
12843,0.001747,172.31.36.0-255,66,135909,15,409555
12844,0.001833,74.125.130.0-255,1484,137393,15,409555
12845,0.001853,74.125.130.0-255,2902,140295,15,409555
12846,0.001856,172.31.36.0-255,66,140361,15,409555
12847,0.001884,74.125.130.0-255,5738,146099,15,409555
12848,0.001887,172.31.36.0-255,66,146165,15,409555
12849,0.00189,74.125.130.0-255,1484,147649,15,409555
12850,0.001912,74.125.130.0-255,5738,153387,15,409555
12851,0.001914,172.31.36.0-255,66,153453,15,409555
12852,0.001918,74.125.130.0-255,2902,156355,15,409555
12853,0.00192,172.31.36.0-255,66,156421,15,409555
12854,0.00194,74.125.130.0-255,5738,162159,15,409555
12855,0.001946,172.31.36.0-255,66,162225,15,409555
12856,0.001971,74.125.130.0-255,5738,167963,15,409555
12857,0.001974,172.31.36.0-255,66,168029,15,409555
12858,0.002,74.125.130.0-255,2184,170213,15,409555
12859,0.002003,172.31.36.0-255,66,170279,15,409555
12860,0.004009,74.125.130.0-255,2902,173181,15,409555
12861,0.004014,172.31.36.0-255,66,173247,15,409555
12862,0.00404,74.125.130.0-255,2902,176149,15,409555
12863,0.004042,172.31.36.0-255,66,176215,15,409555
12864,0.006063,74.125.130.0-255,2902,179117,15,409555
12865,0.006067,172.31.36.0-255,66,179183,15,409555
12866,0.006102,74.125.130.0-255,2902,182085,15,409555
12867,0.006105,172.31.36.0-255,66,182151,15,409555
12868,0.008128,74.125.130.0-255,2902,185053,15,409555
12869,0.008135,172.31.36.0-255,66,185119,15,409555
12870,0.008169,74.125.130.0-255,2902,188021,15,409555
12871,0.008174,172.31.36.0-255,66,188087,15,409555
12872,0.010173,74.125.130.0-255,2902,190989,15,409555
12873,0.01018,172.31.36.0-255,66,191055,15,409555
12874,0.010216,74.125.130.0-255,2902,193957,15,409555
12875,0.01022,172.31.36.0-255,66,194023,15,409555
12876,0.012221,74.125.130.0-255,2902,196925,15,409555
12877,0.012228,172.31.36.0-255,66,196991,15,409555
12878,0.012262,74.125.130.0-255,2902,199893,15,409555
12879,0.012266,172.31.36.0-255,66,199959,15,409555
12880,0.01427,74.125.130.0-255,2902,202861,15,409555
12881,0.014279,172.31.36.0-255,66,202927,15,409555
12882,0.014313,74.125.130.0-255,2902,205829,15,409555
12883,0.014316,172.31.36.0-255,66,205895,15,409555
12884,0.016326,74.125.130.0-255,2902,208797,15,409555
12885,0.016338,172.31.36.0-255,66,208863,15,409555
12886,0.016378,74.125.130.0-255,2902,211765,15,409555
12887,0.016383,172.31.36.0-255,66,211831,15,409555
12888,0.01839,74.125.130.0-255,2902,214733,15,409555
12889,0.018397,172.31.36.0-255,66,214799,15,409555
12890,0.018433,74.125.130.0-255,2902,217701,15,409555
12891,0.018438,172.31.36.0-255,66,217767,15,409555
12892,0.020454,74.125.130.0-255,2902,220669,15,409555
12893,0.020461,172.31.36.0-255,66,220735,15,409555
12894,0.020492,74.125.130.0-255,2902,223637,15,409555
12895,0.020496,172.31.36.0-255,66,223703,15,409555
12896,0.022512,74.125.130.0-255,2902,226605,15,409555
12897,0.022519,172.31.36.0-255,66,226671,15,409555
12898,0.022549,74.125.130.0-255,2902,229573,15,409555
12899,0.022553,172.31.36.0-255,66,229639,15,409555
12900,0.024344,172.31.36.0-255,172,229811,15,409555
12901,0.024382,172.31.36.0-255,1106,230917,15,409555
12902,0.024458,172.31.36.0-255,1514,232431,15,409555
12903,0.02446,172.31.36.0-255,1514,233945,15,409555
12904,0.024462,172.31.36.0-255,1514,235459,15,409555
12905,0.024462,172.31.36.0-255,1081,236540,15,409555
12906,0.02456,74.125.130.0-255,2902,239442,15,409555
12907,0.024566,172.31.36.0-255,66,239508,15,409555
12908,0.024597,74.125.130.0-255,2902,242410,15,409555
12909,0.024601,172.31.36.0-255,66,242476,15,409555
12910,0.025935,104.244.42.0-255,66,242542,15,409555
12911,0.025973,104.244.42.0-255,66,242608,15,409555
12912,0.026026,104.244.42.0-255,66,242674,15,409555
12913,0.026029,104.244.42.0-255,66,242740,15,409555
12914,0.026608,74.125.130.0-255,1484,244224,15,409555
12915,0.026644,74.125.130.0-255,4320,248544,15,409555
12916,0.026662,172.31.36.0-255,66,248610,15,409555
12917,0.027126,104.244.42.0-255,108,248718,15,409555
12918,0.027132,172.31.36.0-255,66,248784,15,409555
12919,0.028709,74.125.130.0-255,5738,254522,15,409555
12920,0.028715,172.31.36.0-255,66,254588,15,409555
12921,0.030758,74.125.130.0-255,5738,260326,15,409555
12922,0.030764,172.31.36.0-255,66,260392,15,409555
12923,0.032802,74.125.130.0-255,5738,266130,15,409555
12924,0.032807,172.31.36.0-255,66,266196,15,409555
12925,0.034846,74.125.130.0-255,5738,271934,15,409555
12926,0.034851,172.31.36.0-255,66,272000,15,409555
12927,0.036927,74.125.130.0-255,5738,277738,15,409555
12928,0.036933,172.31.36.0-255,66,277804,15,409555
12929,0.038973,74.125.130.0-255,5738,283542,15,409555
12930,0.038979,172.31.36.0-255,66,283608,15,409555
12931,0.041044,74.125.130.0-255,5738,289346,15,409555
12932,0.041049,172.31.36.0-255,66,289412,15,409555
12933,0.043086,74.125.130.0-255,5738,295150,15,409555
12934,0.043091,172.31.36.0-255,66,295216,15,409555
12935,0.045182,74.125.130.0-255,5738,300954,15,409555
12936,0.045188,172.31.36.0-255,66,301020,15,409555
12937,0.04722,74.125.130.0-255,4320,305340,15,409555
12938,0.047226,172.31.36.0-255,66,305406,15,409555
12939,0.047263,74.125.130.0-255,1484,306890,15,409555
12940,0.049263,74.125.130.0-255,4320,311210,15,409555
12941,0.049269,172.31.36.0-255,66,311276,15,409555
12942,0.05132,74.125.130.0-255,5738,317014,15,409555
12943,0.051326,172.31.36.0-255,66,317080,15,409555
12944,0.053362,74.125.130.0-255,1484,318564,15,409555
12945,0.053396,74.125.130.0-255,4320,322884,15,409555
12946,0.053401,172.31.36.0-255,66,322950,15,409555
12947,0.055447,74.125.130.0-255,5738,328688,15,409555
12948,0.055452,172.31.36.0-255,66,328754,15,409555
12949,0.057491,74.125.130.0-255,5738,334492,15,409555
12950,0.057496,172.31.36.0-255,66,334558,15,409555
12951,0.059537,74.125.130.0-255,5738,340296,15,409555
12952,0.059543,172.31.36.0-255,66,340362,15,409555
12953,0.061583,74.125.130.0-255,5738,346100,15,409555
12954,0.061589,172.31.36.0-255,66,346166,15,409555
12955,0.063639,74.125.130.0-255,5738,351904,15,409555
12956,0.063645,172.31.36.0-255,66,351970,15,409555
12957,0.065687,74.125.130.0-255,4320,356290,15,409555
12958,0.065692,172.31.36.0-255,66,356356,15,409555
12959,0.065725,74.125.130.0-255,1484,357840,15,409555
12960,0.06773,74.125.130.0-255,4320,362160,15,409555
12961,0.067734,172.31.36.0-255,66,362226,15,409555
12962,0.069781,74.125.130.0-255,5738,367964,15,409555
12963,0.069787,172.31.36.0-255,66,368030,15,409555
12964,0.071827,74.125.130.0-255,5738,373768,15,409555
12965,0.071832,172.31.36.0-255,66,373834,15,409555
12966,0.073879,74.125.130.0-255,5738,379572,15,409555
12967,0.073884,172.31.36.0-255,66,379638,15,409555
12968,0.075922,74.125.130.0-255,5738,385376,15,409555
12969,0.075927,172.31.36.0-255,66,385442,15,409555
12970,0.077971,74.125.130.0-255,5738,391180,15,409555
12971,0.077976,172.31.36.0-255,66,391246,15,409555
12972,0.080056,74.125.130.0-255,4320,395566,15,409555
12973,0.080061,172.31.36.0-255,66,395632,15,409555
12974,0.080089,74.125.130.0-255,1484,397116,15,409555
12975,0.0821,74.125.130.0-255,4320,401436,15,409555
12976,0.082105,172.31.36.0-255,66,401502,15,409555
12977,0.08415,74.125.130.0-255,5738,407240,15,409555
12978,0.084155,172.31.36.0-255,66,407306,15,409555
12979,0.086206,74.125.130.0-255,2012,409318,15,409555
12980,0.086211,172.31.36.0-255,66,409384,15,409555
12981,0.086379,172.31.36.0-255,105,409489,15,409555
12982,0.088385,74.125.130.0-255,66,409555,15,409555
12983,0.0,74.125.24.0-255,153,153,15,119762
12984,1.4e-05,172.31.36.0-255,66,219,15,119762
12985,2e-05,74.125.24.0-255,1484,1703,15,119762
12986,2.3e-05,172.31.36.0-255,66,1769,15,119762
12987,2.8e-05,74.125.24.0-255,2902,4671,15,119762
12988,3.2e-05,172.31.36.0-255,66,4737,15,119762
12989,3.9e-05,74.125.24.0-255,4320,9057,15,119762
12990,4.1e-05,172.31.36.0-255,66,9123,15,119762
12991,6.2e-05,74.125.24.0-255,2902,12025,15,119762
12992,6.5e-05,172.31.36.0-255,66,12091,15,119762
12993,6.8e-05,74.125.24.0-255,1484,13575,15,119762
12994,7e-05,172.31.36.0-255,66,13641,15,119762
12995,0.000116,172.31.36.0-255,66,13707,15,119762
12996,0.000138,74.125.24.0-255,2543,16250,15,119762
12997,0.00014,172.31.36.0-255,66,16316,15,119762
12998,0.000258,74.125.24.0-255,1484,17800,15,119762
12999,0.000262,172.31.36.0-255,66,17866,15,119762
13000,0.000269,74.125.24.0-255,2902,20768,15,119762
13001,0.000271,172.31.36.0-255,66,20834,15,119762
13002,0.000275,74.125.24.0-255,1484,22318,15,119762
13003,0.000277,172.31.36.0-255,66,22384,15,119762
13004,0.000293,74.125.24.0-255,4320,26704,15,119762
13005,0.000295,172.31.36.0-255,66,26770,15,119762
13006,0.000334,172.31.36.0-255,66,26836,15,119762
13007,0.000341,74.125.24.0-255,5738,32574,15,119762
13008,0.000343,172.31.36.0-255,66,32640,15,119762
13009,0.000365,74.125.24.0-255,5020,37660,15,119762
13010,0.000368,172.31.36.0-255,66,37726,15,119762
13011,0.00037,74.125.24.0-255,365,38091,15,119762
13012,0.000373,172.31.36.0-255,66,38157,15,119762
13013,0.000411,74.125.24.0-255,131,38288,15,119762
13014,0.000516,74.125.24.0-255,1484,39772,15,119762
13015,0.000521,74.125.24.0-255,2902,42674,15,119762
13016,0.000544,172.31.36.0-255,66,42740,15,119762
13017,0.000556,74.125.24.0-255,5738,48478,15,119762
13018,0.000558,74.125.24.0-255,1484,49962,15,119762
13019,0.000564,172.31.36.0-255,66,50028,15,119762
13020,0.000594,74.125.24.0-255,1484,51512,15,119762
13021,0.000599,172.31.36.0-255,66,51578,15,119762
13022,0.000647,172.31.36.0-255,66,51644,15,119762
13023,0.003708,74.125.24.0-255,1484,53128,15,119762
13024,0.003726,74.125.24.0-255,2902,56030,15,119762
13025,0.003734,172.31.36.0-255,66,56096,15,119762
13026,0.003744,74.125.24.0-255,5738,61834,15,119762
13027,0.004036,74.125.24.0-255,1484,63318,15,119762
13028,0.00404,74.125.24.0-255,1484,64802,15,119762
13029,0.004051,74.125.24.0-255,1484,66286,15,119762
13030,0.004072,74.125.24.0-255,5738,72024,15,119762
13031,0.004087,74.125.24.0-255,2902,74926,15,119762
13032,0.0041,74.125.24.0-255,5738,80664,15,119762
13033,0.00413,74.125.24.0-255,1484,82148,15,119762
13034,0.004178,74.125.24.0-255,766,82914,15,119762
13035,0.004216,74.125.24.0-255,5020,87934,15,119762
13036,0.004234,74.125.24.0-255,1484,89418,15,119762
13037,0.004249,74.125.24.0-255,2902,92320,15,119762
13038,0.004275,74.125.24.0-255,5738,98058,15,119762
13039,0.004312,74.125.24.0-255,1484,99542,15,119762
13040,0.004497,74.125.24.0-255,1484,101026,15,119762
13041,0.004554,74.125.24.0-255,5738,106764,15,119762
13042,0.004557,74.125.24.0-255,1484,108248,15,119762
13043,0.004602,74.125.24.0-255,1484,109732,15,119762
13044,0.004662,74.125.24.0-255,5225,114957,15,119762
13045,0.004665,74.125.24.0-255,105,115062,15,119762
13046,0.005017,172.31.36.0-255,66,115128,15,119762
13047,0.010009,172.31.36.0-255,105,115233,15,119762
13048,0.012547,74.125.24.0-255,66,115299,15,119762
13049,0.031277,172.31.36.0-255,172,115471,15,119762
13050,0.031311,172.31.36.0-255,1106,116577,15,119762
13051,0.031371,172.31.36.0-255,1514,118091,15,119762
13052,0.031372,172.31.36.0-255,1299,119390,15,119762
13053,0.032855,104.244.42.0-255,66,119456,15,119762
13054,0.032885,104.244.42.0-255,66,119522,15,119762
13055,0.032952,104.244.42.0-255,66,119588,15,119762
13056,0.034549,104.244.42.0-255,108,119696,15,119762
13057,0.034558,172.31.36.0-255,66,119762,15,119762
13058,0.0,172.217.194.0-255,180,180,15,193893
13059,1.5e-05,172.217.194.0-255,1484,1664,15,193893
13060,2.2e-05,172.31.36.0-255,66,1730,15,193893
13061,5.6e-05,172.217.194.0-255,1484,3214,15,193893
13062,6.3e-05,172.217.194.0-255,4320,7534,15,193893
13063,6.6e-05,172.31.36.0-255,66,7600,15,193893
13064,0.000102,172.31.36.0-255,66,7666,15,193893
13065,0.000136,172.31.36.0-255,66,7732,15,193893
13066,0.00016,172.217.194.0-255,1484,9216,15,193893
13067,0.000163,172.217.194.0-255,1125,10341,15,193893
13068,0.000165,172.31.36.0-255,66,10407,15,193893
13069,0.000196,172.217.194.0-255,1484,11891,15,193893
13070,0.0002,172.217.194.0-255,1484,13375,15,193893
13071,0.000202,172.31.36.0-255,66,13441,15,193893
13072,0.000226,172.217.194.0-255,1484,14925,15,193893
13073,0.000233,172.217.194.0-255,5738,20663,15,193893
13074,0.000236,172.31.36.0-255,66,20729,15,193893
13075,0.000265,172.217.194.0-255,6797,27526,15,193893
13076,0.000269,172.31.36.0-255,66,27592,15,193893
13077,0.000406,172.217.194.0-255,1484,29076,15,193893
13078,0.000413,172.217.194.0-255,2902,31978,15,193893
13079,0.000418,172.31.36.0-255,66,32044,15,193893
13080,0.000421,172.217.194.0-255,1484,33528,15,193893
13081,0.000446,172.217.194.0-255,4320,37848,15,193893
13082,0.000448,172.31.36.0-255,66,37914,15,193893
13083,0.000474,172.217.194.0-255,4320,42234,15,193893
13084,0.000477,172.31.36.0-255,66,42300,15,193893
13085,0.000504,172.217.194.0-255,2839,45139,15,193893
13086,0.000506,172.31.36.0-255,66,45205,15,193893
13087,0.000534,172.217.194.0-255,380,45585,15,193893
13088,0.000654,172.217.194.0-255,1484,47069,15,193893
13089,0.000659,172.31.36.0-255,66,47135,15,193893
13090,0.000665,172.217.194.0-255,2902,50037,15,193893
13091,0.000668,172.31.36.0-255,66,50103,15,193893
13092,0.000691,172.217.194.0-255,4320,54423,15,193893
13093,0.000694,172.31.36.0-255,66,54489,15,193893
13094,0.000724,172.217.194.0-255,1484,55973,15,193893
13095,0.000731,172.217.194.0-255,6797,62770,15,193893
13096,0.000734,172.31.36.0-255,66,62836,15,193893
13097,0.000767,172.31.36.0-255,66,62902,15,193893
13098,0.000796,172.217.194.0-255,5738,68640,15,193893
13099,0.0008,172.31.36.0-255,66,68706,15,193893
13100,0.000804,172.217.194.0-255,2543,71249,15,193893
13101,0.000806,172.31.36.0-255,66,71315,15,193893
13102,0.001255,172.217.194.0-255,1484,72799,15,193893
13103,0.00127,172.217.194.0-255,2902,75701,15,193893
13104,0.001274,172.31.36.0-255,66,75767,15,193893
13105,0.00128,172.217.194.0-255,4320,80087,15,193893
13106,0.001282,172.31.36.0-255,66,80153,15,193893
13107,0.001301,172.217.194.0-255,1484,81637,15,193893
13108,0.001318,172.31.36.0-255,66,81703,15,193893
13109,0.001374,172.31.36.0-255,66,81769,15,193893
13110,0.001411,172.31.36.0-255,66,81835,15,193893
13111,0.001422,172.31.36.0-255,66,81901,15,193893
13112,0.001453,172.217.194.0-255,2902,84803,15,193893
13113,0.001455,172.31.36.0-255,66,84869,15,193893
13114,0.001494,172.31.36.0-255,66,84935,15,193893
13115,0.002132,172.217.194.0-255,1484,86419,15,193893
13116,0.002138,172.217.194.0-255,2902,89321,15,193893
13117,0.002142,172.31.36.0-255,66,89387,15,193893
13118,0.002182,172.217.194.0-255,2902,92289,15,193893
13119,0.002185,172.31.36.0-255,66,92355,15,193893
13120,0.002188,172.217.194.0-255,1484,93839,15,193893
13121,0.002194,172.217.194.0-255,5738,99577,15,193893
13122,0.002196,172.31.36.0-255,66,99643,15,193893
13123,0.002213,172.31.36.0-255,66,99709,15,193893
13124,0.002244,172.217.194.0-255,1484,101193,15,193893
13125,0.002255,172.31.36.0-255,66,101259,15,193893
13126,0.002295,172.217.194.0-255,1484,102743,15,193893
13127,0.002311,172.217.194.0-255,2902,105645,15,193893
13128,0.002314,172.31.36.0-255,66,105711,15,193893
13129,0.00232,172.217.194.0-255,5738,111449,15,193893
13130,0.002322,172.31.36.0-255,66,111515,15,193893
13131,0.00235,172.217.194.0-255,2902,114417,15,193893
13132,0.002352,172.31.36.0-255,66,114483,15,193893
13133,0.002381,172.217.194.0-255,5738,120221,15,193893
13134,0.002384,172.31.36.0-255,66,120287,15,193893
13135,0.002395,172.31.36.0-255,66,120353,15,193893
13136,0.002405,172.217.194.0-255,5738,126091,15,193893
13137,0.002408,172.31.36.0-255,66,126157,15,193893
13138,0.002413,172.217.194.0-255,3602,129759,15,193893
13139,0.002416,172.31.36.0-255,66,129825,15,193893
13140,0.002427,172.31.36.0-255,66,129891,15,193893
13141,0.002431,172.217.194.0-255,2902,132793,15,193893
13142,0.002434,172.31.36.0-255,66,132859,15,193893
13143,0.002481,172.31.36.0-255,66,132925,15,193893
13144,0.0025,172.31.36.0-255,66,132991,15,193893
13145,0.002542,172.217.194.0-255,1484,134475,15,193893
13146,0.002562,172.217.194.0-255,2902,137377,15,193893
13147,0.002565,172.31.36.0-255,66,137443,15,193893
13148,0.002573,172.217.194.0-255,5738,143181,15,193893
13149,0.002575,172.31.36.0-255,66,143247,15,193893
13150,0.002615,172.31.36.0-255,66,143313,15,193893
13151,0.002621,172.217.194.0-255,5738,149051,15,193893
13152,0.002623,172.31.36.0-255,66,149117,15,193893
13153,0.00263,172.217.194.0-255,1484,150601,15,193893
13154,0.002635,172.217.194.0-255,3602,154203,15,193893
13155,0.002638,172.31.36.0-255,66,154269,15,193893
13156,0.002731,172.217.194.0-255,1484,155753,15,193893
13157,0.002737,172.217.194.0-255,2902,158655,15,193893
13158,0.00274,172.31.36.0-255,66,158721,15,193893
13159,0.002768,172.217.194.0-255,5738,164459,15,193893
13160,0.002771,172.31.36.0-255,66,164525,15,193893
13161,0.002778,172.217.194.0-255,7156,171681,15,193893
13162,0.00278,172.31.36.0-255,66,171747,15,193893
13163,0.002795,172.31.36.0-255,66,171813,15,193893
13164,0.002817,172.217.194.0-255,4320,176133,15,193893
13165,0.00282,172.31.36.0-255,66,176199,15,193893
13166,0.002852,172.217.194.0-255,3602,179801,15,193893
13167,0.002855,172.31.36.0-255,66,179867,15,193893
13168,0.002865,172.31.36.0-255,66,179933,15,193893
13169,0.002902,172.217.194.0-255,5738,185671,15,193893
13170,0.002905,172.31.36.0-255,66,185737,15,193893
13171,0.002917,172.217.194.0-255,1484,187221,15,193893
13172,0.002938,172.31.36.0-255,66,187287,15,193893
13173,0.002952,172.31.36.0-255,66,187353,15,193893
13174,0.002998,172.31.36.0-255,66,187419,15,193893
13175,0.003001,172.217.194.0-255,105,187524,15,193893
13176,0.008071,172.31.36.0-255,105,187629,15,193893
13177,0.009984,172.217.194.0-255,66,187695,15,193893
13178,0.029609,172.31.36.0-255,172,187867,15,193893
13179,0.029644,172.31.36.0-255,1109,188976,15,193893
13180,0.029708,172.31.36.0-255,1514,190490,15,193893
13181,0.029709,172.31.36.0-255,1514,192004,15,193893
13182,0.02971,172.31.36.0-255,1514,193518,15,193893
13183,0.029711,172.31.36.0-255,111,193629,15,193893
13184,0.031138,104.244.42.0-255,66,193695,15,193893
13185,0.031193,104.244.42.0-255,66,193761,15,193893
13186,0.031279,104.244.42.0-255,66,193827,15,193893
13187,0.031291,104.244.42.0-255,66,193893,15,193893
13188,0.0,74.125.24.0-255,146,146,15,167789
13189,2.8e-05,74.125.24.0-255,1484,1630,15,167789
13190,3.7e-05,172.31.36.0-255,66,1696,15,167789
13191,4.5e-05,74.125.24.0-255,2902,4598,15,167789
13192,4.9e-05,172.31.36.0-255,66,4664,15,167789
13193,6.4e-05,74.125.24.0-255,7156,11820,15,167789
13194,6.7e-05,172.31.36.0-255,66,11886,15,167789
13195,7.1e-05,74.125.24.0-255,2038,13924,15,167789
13196,7.3e-05,172.31.36.0-255,66,13990,15,167789
13197,0.000292,74.125.24.0-255,1484,15474,15,167789
13198,0.0003,74.125.24.0-255,2902,18376,15,167789
13199,0.000304,172.31.36.0-255,66,18442,15,167789
13200,0.000311,74.125.24.0-255,5738,24180,15,167789
13201,0.000316,172.31.36.0-255,66,24246,15,167789
13202,0.000336,74.125.24.0-255,6797,31043,15,167789
13203,0.00034,172.31.36.0-255,66,31109,15,167789
13204,0.00039,172.31.36.0-255,66,31175,15,167789
13205,0.000408,172.31.36.0-255,66,31241,15,167789
13206,0.000423,74.125.24.0-255,3602,34843,15,167789
13207,0.000429,74.125.24.0-255,363,35206,15,167789
13208,0.000429,172.31.36.0-255,66,35272,15,167789
13209,0.000432,74.125.24.0-255,411,35683,15,167789
13210,0.000546,74.125.24.0-255,1484,37167,15,167789
13211,0.000551,172.31.36.0-255,66,37233,15,167789
13212,0.000557,74.125.24.0-255,2902,40135,15,167789
13213,0.000559,172.31.36.0-255,66,40201,15,167789
13214,0.000581,74.125.24.0-255,2902,43103,15,167789
13215,0.000585,172.31.36.0-255,66,43169,15,167789
13216,0.000603,74.125.24.0-255,4320,47489,15,167789
13217,0.000607,172.31.36.0-255,66,47555,15,167789
13218,0.000636,74.125.24.0-255,5379,52934,15,167789
13219,0.00064,172.31.36.0-255,66,53000,15,167789
13220,0.000647,74.125.24.0-255,5738,58738,15,167789
13221,0.000649,172.31.36.0-255,66,58804,15,167789
13222,0.0007,172.31.36.0-255,66,58870,15,167789
13223,0.001534,74.125.24.0-255,1484,60354,15,167789
13224,0.001543,74.125.24.0-255,1484,61838,15,167789
13225,0.001548,172.31.36.0-255,66,61904,15,167789
13226,0.001574,74.125.24.0-255,1484,63388,15,167789
13227,0.001581,74.125.24.0-255,5738,69126,15,167789
13228,0.001584,172.31.36.0-255,66,69192,15,167789
13229,0.001589,74.125.24.0-255,4320,73512,15,167789
13230,0.001591,172.31.36.0-255,66,73578,15,167789
13231,0.001637,172.31.36.0-255,66,73644,15,167789
13232,0.001647,172.31.36.0-255,66,73710,15,167789
13233,0.001652,74.125.24.0-255,2184,75894,15,167789
13234,0.001656,172.31.36.0-255,66,75960,15,167789
13235,0.001836,74.125.24.0-255,1484,77444,15,167789
13236,0.001843,74.125.24.0-255,2902,80346,15,167789
13237,0.001846,172.31.36.0-255,66,80412,15,167789
13238,0.001873,74.125.24.0-255,5738,86150,15,167789
13239,0.001875,172.31.36.0-255,66,86216,15,167789
13240,0.001907,172.31.36.0-255,66,86282,15,167789
13241,0.001928,74.125.24.0-255,4320,90602,15,167789
13242,0.00193,172.31.36.0-255,66,90668,15,167789
13243,0.002098,74.125.24.0-255,1484,92152,15,167789
13244,0.002103,74.125.24.0-255,2902,95054,15,167789
13245,0.002106,74.125.24.0-255,1484,96538,15,167789
13246,0.002109,74.125.24.0-255,1484,98022,15,167789
13247,0.002111,74.125.24.0-255,1484,99506,15,167789
13248,0.002115,74.125.24.0-255,2902,102408,15,167789
13249,0.002133,74.125.24.0-255,4320,106728,15,167789
13250,0.002135,74.125.24.0-255,1484,108212,15,167789
13251,0.002168,74.125.24.0-255,2184,110396,15,167789
13252,0.00223,74.125.24.0-255,5738,116134,15,167789
13253,0.002258,74.125.24.0-255,1484,117618,15,167789
13254,0.002306,74.125.24.0-255,7156,124774,15,167789
13255,0.002352,74.125.24.0-255,6438,131212,15,167789
13256,0.002358,74.125.24.0-255,5738,136950,15,167789
13257,0.00236,74.125.24.0-255,1484,138434,15,167789
13258,0.00238,74.125.24.0-255,7156,145590,15,167789
13259,0.0024,74.125.24.0-255,3602,149192,15,167789
13260,0.002403,74.125.24.0-255,1484,150676,15,167789
13261,0.002445,74.125.24.0-255,2902,153578,15,167789
13262,0.002491,74.125.24.0-255,6438,160016,15,167789
13263,0.002506,74.125.24.0-255,1484,161500,15,167789
13264,0.002571,74.125.24.0-255,1484,162984,15,167789
13265,0.002602,74.125.24.0-255,105,163089,15,167789
13266,0.005769,172.31.36.0-255,66,163155,15,167789
13267,0.00802,172.31.36.0-255,105,163260,15,167789
13268,0.010001,74.125.24.0-255,66,163326,15,167789
13269,0.029742,172.31.36.0-255,172,163498,15,167789
13270,0.029774,172.31.36.0-255,1109,164607,15,167789
13271,0.029816,172.31.36.0-255,1514,166121,15,167789
13272,0.029818,172.31.36.0-255,1296,167417,15,167789
13273,0.031309,104.244.42.0-255,66,167483,15,167789
13274,0.031318,104.244.42.0-255,66,167549,15,167789
13275,0.031388,104.244.42.0-255,66,167615,15,167789
13276,0.032005,104.244.42.0-255,108,167723,15,167789
13277,0.032027,172.31.36.0-255,66,167789,15,167789
13278,0.0,74.125.24.0-255,153,153,15,218949
13279,2.6e-05,172.31.36.0-255,66,219,15,218949
13280,3.2e-05,74.125.24.0-255,1484,1703,15,218949
13281,3.6e-05,172.31.36.0-255,66,1769,15,218949
13282,4.1e-05,74.125.24.0-255,2902,4671,15,218949
13283,5.3e-05,172.31.36.0-255,66,4737,15,218949
13284,6.1e-05,74.125.24.0-255,7156,11893,15,218949
13285,6.4e-05,172.31.36.0-255,66,11959,15,218949
13286,9.6e-05,74.125.24.0-255,2902,14861,15,218949
13287,9.9e-05,172.31.36.0-255,66,14927,15,218949
13288,0.000141,172.31.36.0-255,66,14993,15,218949
13289,0.000146,74.125.24.0-255,2543,17536,15,218949
13290,0.000148,172.31.36.0-255,66,17602,15,218949
13291,0.000184,74.125.24.0-255,1484,19086,15,218949
13292,0.000188,172.31.36.0-255,66,19152,15,218949
13293,0.000191,74.125.24.0-255,1484,20636,15,218949
13294,0.000193,172.31.36.0-255,66,20702,15,218949
13295,0.00022,74.125.24.0-255,1484,22186,15,218949
13296,0.000223,172.31.36.0-255,66,22252,15,218949
13297,0.00023,74.125.24.0-255,5738,27990,15,218949
13298,0.000232,172.31.36.0-255,66,28056,15,218949
13299,0.000243,74.125.24.0-255,4320,32376,15,218949
13300,0.000246,172.31.36.0-255,66,32442,15,218949
13301,0.000281,172.31.36.0-255,66,32508,15,218949
13302,0.0003,172.31.36.0-255,66,32574,15,218949
13303,0.000302,74.125.24.0-255,393,32967,15,218949
13304,0.000305,172.31.36.0-255,66,33033,15,218949
13305,0.000337,74.125.24.0-255,115,33148,15,218949
13306,0.000341,172.31.36.0-255,66,33214,15,218949
13307,0.000477,74.125.24.0-255,1484,34698,15,218949
13308,0.000497,74.125.24.0-255,2902,37600,15,218949
13309,0.0005,74.125.24.0-255,1484,39084,15,218949
13310,0.000513,172.31.36.0-255,66,39150,15,218949
13311,0.000517,74.125.24.0-255,4320,43470,15,218949
13312,0.000532,172.31.36.0-255,66,43536,15,218949
13313,0.000542,74.125.24.0-255,4320,47856,15,218949
13314,0.000551,172.31.36.0-255,66,47922,15,218949
13315,0.000592,172.31.36.0-255,66,47988,15,218949
13316,0.000625,74.125.24.0-255,7156,55144,15,218949
13317,0.000636,172.31.36.0-255,66,55210,15,218949
13318,0.000643,74.125.24.0-255,3288,58498,15,218949
13319,0.000651,172.31.36.0-255,66,58564,15,218949
13320,0.000715,172.31.36.0-255,101,58665,15,218949
13321,0.000762,74.125.24.0-255,1484,60149,15,218949
13322,0.000767,74.125.24.0-255,2902,63051,15,218949
13323,0.00077,172.31.36.0-255,66,63117,15,218949
13324,0.000776,74.125.24.0-255,2902,66019,15,218949
13325,0.000784,172.31.36.0-255,66,66085,15,218949
13326,0.000801,74.125.24.0-255,2902,68987,15,218949
13327,0.000811,172.31.36.0-255,66,69053,15,218949
13328,0.000815,172.31.36.0-255,66,69119,15,218949
13329,0.000823,74.125.24.0-255,1484,70603,15,218949
13330,0.000858,74.125.24.0-255,4320,74923,15,218949
13331,0.000864,172.31.36.0-255,66,74989,15,218949
13332,0.00092,172.31.36.0-255,66,75055,15,218949
13333,0.00143,74.125.24.0-255,1484,76539,15,218949
13334,0.00144,74.125.24.0-255,1484,78023,15,218949
13335,0.001443,172.31.36.0-255,66,78089,15,218949
13336,0.001472,74.125.24.0-255,1484,79573,15,218949
13337,0.001479,74.125.24.0-255,5738,85311,15,218949
13338,0.001498,74.125.24.0-255,4320,89631,15,218949
13339,0.00151,172.31.36.0-255,66,89697,15,218949
13340,0.001524,74.125.24.0-255,7156,96853,15,218949
13341,0.00155,74.125.24.0-255,1484,98337,15,218949
13342,0.001564,172.31.36.0-255,66,98403,15,218949
13343,0.001574,74.125.24.0-255,2184,100587,15,218949
13344,0.001617,172.31.36.0-255,66,100653,15,218949
13345,0.001648,74.125.24.0-255,1484,102137,15,218949
13346,0.001654,74.125.24.0-255,2902,105039,15,218949
13347,0.001657,74.125.24.0-255,1484,106523,15,218949
13348,0.001676,74.125.24.0-255,4320,110843,15,218949
13349,0.001682,74.125.24.0-255,5738,116581,15,218949
13350,0.001696,74.125.24.0-255,2902,119483,15,218949
13351,0.001704,172.31.36.0-255,66,119549,15,218949
13352,0.001779,172.31.36.0-255,66,119615,15,218949
13353,0.001812,74.125.24.0-255,1484,121099,15,218949
13354,0.001817,74.125.24.0-255,2902,124001,15,218949
13355,0.001837,74.125.24.0-255,5738,129739,15,218949
13356,0.001866,172.31.36.0-255,66,129805,15,218949
13357,0.001873,172.31.36.0-255,66,129871,15,218949
13358,0.001896,74.125.24.0-255,1484,131355,15,218949
13359,0.001947,172.31.36.0-255,66,131421,15,218949
13360,0.002234,74.125.24.0-255,1484,132905,15,218949
13361,0.00224,74.125.24.0-255,1484,134389,15,218949
13362,0.002243,172.31.36.0-255,66,134455,15,218949
13363,0.002273,74.125.24.0-255,1484,135939,15,218949
13364,0.002279,74.125.24.0-255,5738,141677,15,218949
13365,0.002284,74.125.24.0-255,4320,145997,15,218949
13366,0.002296,172.31.36.0-255,66,146063,15,218949
13367,0.002323,74.125.24.0-255,1484,147547,15,218949
13368,0.002374,74.125.24.0-255,5020,152567,15,218949
13369,0.002432,74.125.24.0-255,3602,156169,15,218949
13370,0.002454,74.125.24.0-255,1484,157653,15,218949
13371,0.00247,74.125.24.0-255,2902,160555,15,218949
13372,0.002474,74.125.24.0-255,4320,164875,15,218949
13373,0.00249,74.125.24.0-255,1484,166359,15,218949
13374,0.002495,74.125.24.0-255,4320,170679,15,218949
13375,0.00251,74.125.24.0-255,1484,172163,15,218949
13376,0.002512,74.125.24.0-255,1484,173647,15,218949
13377,0.002514,74.125.24.0-255,1484,175131,15,218949
13378,0.002529,74.125.24.0-255,1484,176615,15,218949
13379,0.002564,74.125.24.0-255,1484,178099,15,218949
13380,0.002578,74.125.24.0-255,3602,181701,15,218949
13381,0.002778,74.125.24.0-255,1484,183185,15,218949
13382,0.002782,74.125.24.0-255,2902,186087,15,218949
13383,0.002784,74.125.24.0-255,1484,187571,15,218949
13384,0.002813,74.125.24.0-255,5738,193309,15,218949
13385,0.002827,74.125.24.0-255,2902,196211,15,218949
13386,0.002843,74.125.24.0-255,2902,199113,15,218949
13387,0.002854,74.125.24.0-255,2902,202015,15,218949
13388,0.002904,74.125.24.0-255,5020,207035,15,218949
13389,0.002906,74.125.24.0-255,1484,208519,15,218949
13390,0.002912,74.125.24.0-255,5738,214257,15,218949
13391,0.00295,74.125.24.0-255,105,214362,15,218949
13392,0.002966,172.31.36.0-255,66,214428,15,218949
13393,0.003157,74.125.24.0-255,66,214494,15,218949
13394,0.004511,172.31.36.0-255,105,214599,15,218949
13395,0.006968,74.125.24.0-255,66,214665,15,218949
13396,0.027232,172.31.36.0-255,167,214832,15,218949
13397,0.027261,172.31.36.0-255,1110,215942,15,218949
13398,0.027308,172.31.36.0-255,1514,217456,15,218949
13399,0.02731,172.31.36.0-255,1295,218751,15,218949
13400,0.028913,104.244.42.0-255,66,218817,15,218949
13401,0.028922,104.244.42.0-255,66,218883,15,218949
13402,0.029011,104.244.42.0-255,66,218949,15,218949
13403,0.0,74.125.24.0-255,153,153,15,192292
13404,1.6e-05,74.125.24.0-255,1484,1637,15,192292
13405,2.5e-05,172.31.36.0-255,66,1703,15,192292
13406,3.3e-05,74.125.24.0-255,2902,4605,15,192292
13407,3.7e-05,172.31.36.0-255,66,4671,15,192292
13408,4.5e-05,74.125.24.0-255,7156,11827,15,192292
13409,4.9e-05,172.31.36.0-255,66,11893,15,192292
13410,8.7e-05,172.31.36.0-255,66,11959,15,192292
13411,0.0001,172.31.36.0-255,66,12025,15,192292
13412,0.000346,74.125.24.0-255,1484,13509,15,192292
13413,0.000354,74.125.24.0-255,2902,16411,15,192292
13414,0.000358,172.31.36.0-255,66,16477,15,192292
13415,0.000376,74.125.24.0-255,4320,20797,15,192292
13416,0.00038,172.31.36.0-255,66,20863,15,192292
13417,0.000397,74.125.24.0-255,1484,22347,15,192292
13418,0.000411,74.125.24.0-255,4320,26667,15,192292
13419,0.000414,172.31.36.0-255,66,26733,15,192292
13420,0.000438,172.31.36.0-255,66,26799,15,192292
13421,0.000463,74.125.24.0-255,1125,27924,15,192292
13422,0.000476,172.31.36.0-255,66,27990,15,192292
13423,0.000611,74.125.24.0-255,131,28121,15,192292
13424,0.000776,74.125.24.0-255,1484,29605,15,192292
13425,0.00078,172.31.36.0-255,66,29671,15,192292
13426,0.000786,74.125.24.0-255,2902,32573,15,192292
13427,0.000788,172.31.36.0-255,66,32639,15,192292
13428,0.000792,74.125.24.0-255,1484,34123,15,192292
13429,0.000805,74.125.24.0-255,1484,35607,15,192292
13430,0.000807,172.31.36.0-255,66,35673,15,192292
13431,0.00081,74.125.24.0-255,1484,37157,15,192292
13432,0.000835,74.125.24.0-255,5738,42895,15,192292
13433,0.000838,172.31.36.0-255,66,42961,15,192292
13434,0.000875,172.31.36.0-255,66,43027,15,192292
13435,0.000897,74.125.24.0-255,5379,48406,15,192292
13436,0.0009,172.31.36.0-255,66,48472,15,192292
13437,0.000905,74.125.24.0-255,3961,52433,15,192292
13438,0.000908,172.31.36.0-255,66,52499,15,192292
13439,0.001498,74.125.24.0-255,1484,53983,15,192292
13440,0.001508,74.125.24.0-255,2902,56885,15,192292
13441,0.001513,172.31.36.0-255,66,56951,15,192292
13442,0.001538,74.125.24.0-255,5738,62689,15,192292
13443,0.001541,172.31.36.0-255,66,62755,15,192292
13444,0.001544,74.125.24.0-255,1484,64239,15,192292
13445,0.001576,172.31.36.0-255,66,64305,15,192292
13446,0.001596,74.125.24.0-255,4320,68625,15,192292
13447,0.001599,172.31.36.0-255,66,68691,15,192292
13448,0.001628,172.31.36.0-255,66,68757,15,192292
13449,0.001754,74.125.24.0-255,1484,70241,15,192292
13450,0.001761,74.125.24.0-255,2902,73143,15,192292
13451,0.001765,172.31.36.0-255,66,73209,15,192292
13452,0.001772,74.125.24.0-255,5738,78947,15,192292
13453,0.001775,172.31.36.0-255,66,79013,15,192292
13454,0.001801,74.125.24.0-255,7156,86169,15,192292
13455,0.001804,172.31.36.0-255,66,86235,15,192292
13456,0.001839,172.31.36.0-255,66,86301,15,192292
13457,0.001846,74.125.24.0-255,4320,90621,15,192292
13458,0.001848,172.31.36.0-255,66,90687,15,192292
13459,0.001865,74.125.24.0-255,5020,95707,15,192292
13460,0.001868,172.31.36.0-255,66,95773,15,192292
13461,0.00189,74.125.24.0-255,2902,98675,15,192292
13462,0.001893,172.31.36.0-255,66,98741,15,192292
13463,0.001927,172.31.36.0-255,66,98807,15,192292
13464,0.00193,74.125.24.0-255,766,99573,15,192292
13465,0.00196,74.125.24.0-255,1484,101057,15,192292
13466,0.001963,172.31.36.0-255,66,101123,15,192292
13467,0.001968,74.125.24.0-255,2902,104025,15,192292
13468,0.00197,172.31.36.0-255,66,104091,15,192292
13469,0.001982,74.125.24.0-255,1484,105575,15,192292
13470,0.002,74.125.24.0-255,4320,109895,15,192292
13471,0.002003,172.31.36.0-255,66,109961,15,192292
13472,0.002036,74.125.24.0-255,1484,111445,15,192292
13473,0.002064,172.31.36.0-255,66,111511,15,192292
13474,0.002075,172.31.36.0-255,66,111577,15,192292
13475,0.002099,74.125.24.0-255,2184,113761,15,192292
13476,0.002101,172.31.36.0-255,66,113827,15,192292
13477,0.00238,74.125.24.0-255,1484,115311,15,192292
13478,0.002389,74.125.24.0-255,2902,118213,15,192292
13479,0.002394,172.31.36.0-255,66,118279,15,192292
13480,0.002398,74.125.24.0-255,1484,119763,15,192292
13481,0.002419,74.125.24.0-255,4320,124083,15,192292
13482,0.002421,172.31.36.0-255,66,124149,15,192292
13483,0.002437,172.31.36.0-255,66,124215,15,192292
13484,0.002471,172.31.36.0-255,66,124281,15,192292
13485,0.002494,74.125.24.0-255,5020,129301,15,192292
13486,0.002496,172.31.36.0-255,66,129367,15,192292
13487,0.002507,172.31.36.0-255,66,129433,15,192292
13488,0.002545,74.125.24.0-255,5738,135171,15,192292
13489,0.002548,172.31.36.0-255,66,135237,15,192292
13490,0.002584,172.31.36.0-255,66,135303,15,192292
13491,0.002587,74.125.24.0-255,1484,136787,15,192292
13492,0.002591,74.125.24.0-255,2902,139689,15,192292
13493,0.002594,172.31.36.0-255,66,139755,15,192292
13494,0.0026,74.125.24.0-255,5738,145493,15,192292
13495,0.002603,172.31.36.0-255,66,145559,15,192292
13496,0.002621,74.125.24.0-255,2902,148461,15,192292
13497,0.002623,172.31.36.0-255,66,148527,15,192292
13498,0.002644,172.31.36.0-255,66,148593,15,192292
13499,0.00265,74.125.24.0-255,4320,152913,15,192292
13500,0.002653,172.31.36.0-255,66,152979,15,192292
13501,0.002676,74.125.24.0-255,6438,159417,15,192292
13502,0.00268,172.31.36.0-255,66,159483,15,192292
13503,0.002686,74.125.24.0-255,7156,166639,15,192292
13504,0.002689,172.31.36.0-255,66,166705,15,192292
13505,0.002726,172.31.36.0-255,66,166771,15,192292
13506,0.002739,172.31.36.0-255,66,166837,15,192292
13507,0.002745,74.125.24.0-255,5020,171857,15,192292
13508,0.002747,172.31.36.0-255,66,171923,15,192292
13509,0.002751,74.125.24.0-255,1484,173407,15,192292
13510,0.002762,172.31.36.0-255,66,173473,15,192292
13511,0.002788,74.125.24.0-255,5738,179211,15,192292
13512,0.002791,172.31.36.0-255,66,179277,15,192292
13513,0.002833,74.125.24.0-255,7156,186433,15,192292
13514,0.002836,172.31.36.0-255,66,186499,15,192292
13515,0.00285,74.125.24.0-255,2127,188626,15,192292
13516,0.002852,172.31.36.0-255,66,188692,15,192292
13517,0.00291,74.125.24.0-255,105,188797,15,192292
13518,0.005659,172.31.36.0-255,105,188902,15,192292
13519,0.00794,74.125.24.0-255,66,188968,15,192292
13520,0.028777,172.31.36.0-255,172,189140,15,192292
13521,0.028811,172.31.36.0-255,1109,190249,15,192292
13522,0.028878,172.31.36.0-255,1514,191763,15,192292
13523,0.02888,172.31.36.0-255,331,192094,15,192292
13524,0.030347,104.244.42.0-255,66,192160,15,192292
13525,0.030375,104.244.42.0-255,66,192226,15,192292
13526,0.030413,104.244.42.0-255,66,192292,15,192292
13527,0.0,172.31.36.0-255,66,66,15,66
13528,0.0,172.217.194.0-255,300,300,15,304552
13529,2.2e-05,172.31.36.0-255,66,366,15,304552
13530,2.9e-05,172.217.194.0-255,1484,1850,15,304552
13531,3.4e-05,172.31.36.0-255,66,1916,15,304552
13532,4e-05,172.217.194.0-255,4320,6236,15,304552
13533,4.4e-05,172.31.36.0-255,66,6302,15,304552
13534,5.7e-05,172.31.36.0-255,66,6368,15,304552
13535,6.2e-05,172.217.194.0-255,4320,10688,15,304552
13536,6.5e-05,172.31.36.0-255,66,10754,15,304552
13537,0.000105,172.31.36.0-255,66,10820,15,304552
13538,0.000109,172.217.194.0-255,2543,13363,15,304552
13539,0.000111,172.31.36.0-255,66,13429,15,304552
13540,0.000263,172.217.194.0-255,1484,14913,15,304552
13541,0.000268,172.31.36.0-255,66,14979,15,304552
13542,0.000274,172.217.194.0-255,2902,17881,15,304552
13543,0.000276,172.31.36.0-255,66,17947,15,304552
13544,0.000282,172.217.194.0-255,2902,20849,15,304552
13545,0.000284,172.31.36.0-255,66,20915,15,304552
13546,0.000306,172.217.194.0-255,2902,23817,15,304552
13547,0.000309,172.31.36.0-255,66,23883,15,304552
13548,0.000329,172.217.194.0-255,1484,25367,15,304552
13549,0.000331,172.31.36.0-255,66,25433,15,304552
13550,0.000355,172.217.194.0-255,5379,30812,15,304552
13551,0.000358,172.31.36.0-255,66,30878,15,304552
13552,0.000515,172.217.194.0-255,1484,32362,15,304552
13553,0.00052,172.31.36.0-255,66,32428,15,304552
13554,0.000526,172.217.194.0-255,2902,35330,15,304552
13555,0.000529,172.31.36.0-255,66,35396,15,304552
13556,0.000533,172.217.194.0-255,1484,36880,15,304552
13557,0.000535,172.31.36.0-255,66,36946,15,304552
13558,0.000552,172.217.194.0-255,4320,41266,15,304552
13559,0.000556,172.31.36.0-255,66,41332,15,304552
13560,0.000559,172.217.194.0-255,1484,42816,15,304552
13561,0.000593,172.217.194.0-255,4320,47136,15,304552
13562,0.000597,172.31.36.0-255,66,47202,15,304552
13563,0.000613,172.217.194.0-255,1705,48907,15,304552
13564,0.000615,172.31.36.0-255,66,48973,15,304552
13565,0.000649,172.217.194.0-255,1484,50457,15,304552
13566,0.000662,172.217.194.0-255,2902,53359,15,304552
13567,0.000665,172.31.36.0-255,66,53425,15,304552
13568,0.000688,172.217.194.0-255,5738,59163,15,304552
13569,0.000691,172.31.36.0-255,66,59229,15,304552
13570,0.000697,172.217.194.0-255,4320,63549,15,304552
13571,0.000699,172.31.36.0-255,66,63615,15,304552
13572,0.000719,172.217.194.0-255,5379,68994,15,304552
13573,0.000722,172.31.36.0-255,66,69060,15,304552
13574,0.000773,172.217.194.0-255,4320,73380,15,304552
13575,0.000776,172.31.36.0-255,66,73446,15,304552
13576,0.000798,172.217.194.0-255,7156,80602,15,304552
13577,0.000801,172.31.36.0-255,66,80668,15,304552
13578,0.000805,172.217.194.0-255,2543,83211,15,304552
13579,0.000808,172.31.36.0-255,66,83277,15,304552
13580,0.001014,172.217.194.0-255,1484,84761,15,304552
13581,0.001019,172.217.194.0-255,2902,87663,15,304552
13582,0.00103,172.31.36.0-255,66,87729,15,304552
13583,0.001035,172.217.194.0-255,2902,90631,15,304552
13584,0.001037,172.31.36.0-255,66,90697,15,304552
13585,0.001064,172.217.194.0-255,2902,93599,15,304552
13586,0.001067,172.31.36.0-255,66,93665,15,304552
13587,0.001075,172.217.194.0-255,6234,99899,15,304552
13588,0.001077,172.31.36.0-255,66,99965,15,304552
13589,0.001182,172.217.194.0-255,1484,101449,15,304552
13590,0.0012,172.217.194.0-255,1484,102933,15,304552
13591,0.001204,172.31.36.0-255,66,102999,15,304552
13592,0.001209,172.217.194.0-255,2902,105901,15,304552
13593,0.001211,172.31.36.0-255,66,105967,15,304552
13594,0.001217,172.217.194.0-255,4320,110287,15,304552
13595,0.001219,172.31.36.0-255,66,110353,15,304552
13596,0.001242,172.217.194.0-255,1484,111837,15,304552
13597,0.00125,172.217.194.0-255,7156,118993,15,304552
13598,0.001252,172.31.36.0-255,66,119059,15,304552
13599,0.001272,172.217.194.0-255,5738,124797,15,304552
13600,0.001275,172.31.36.0-255,66,124863,15,304552
13601,0.001316,172.217.194.0-255,7156,132019,15,304552
13602,0.001321,172.31.36.0-255,66,132085,15,304552
13603,0.001338,172.217.194.0-255,2184,134269,15,304552
13604,0.00134,172.31.36.0-255,66,134335,15,304552
13605,0.002424,172.217.194.0-255,1484,135819,15,304552
13606,0.002444,172.217.194.0-255,2902,138721,15,304552
13607,0.002449,172.31.36.0-255,66,138787,15,304552
13608,0.002474,172.217.194.0-255,5738,144525,15,304552
13609,0.002476,172.31.36.0-255,66,144591,15,304552
13610,0.002483,172.217.194.0-255,4320,148911,15,304552
13611,0.002485,172.31.36.0-255,66,148977,15,304552
13612,0.002506,172.217.194.0-255,1484,150461,15,304552
13613,0.002512,172.217.194.0-255,4320,154781,15,304552
13614,0.002514,172.31.36.0-255,66,154847,15,304552
13615,0.002536,172.217.194.0-255,7156,162003,15,304552
13616,0.002538,172.31.36.0-255,66,162069,15,304552
13617,0.002557,172.217.194.0-255,1484,163553,15,304552
13618,0.002564,172.217.194.0-255,5020,168573,15,304552
13619,0.002566,172.31.36.0-255,66,168639,15,304552
13620,0.002773,172.217.194.0-255,1484,170123,15,304552
13621,0.00278,172.217.194.0-255,2902,173025,15,304552
13622,0.002784,172.31.36.0-255,66,173091,15,304552
13623,0.002789,172.217.194.0-255,2902,175993,15,304552
13624,0.002792,172.31.36.0-255,66,176059,15,304552
13625,0.002809,172.217.194.0-255,2902,178961,15,304552
13626,0.002812,172.31.36.0-255,66,179027,15,304552
13627,0.002826,172.31.36.0-255,66,179093,15,304552
13628,0.002855,172.31.36.0-255,66,179159,15,304552
13629,0.002874,172.217.194.0-255,2184,181343,15,304552
13630,0.002876,172.31.36.0-255,66,181409,15,304552
13631,0.002939,172.217.194.0-255,1484,182893,15,304552
13632,0.00297,172.217.194.0-255,2902,185795,15,304552
13633,0.002974,172.31.36.0-255,66,185861,15,304552
13634,0.002981,172.217.194.0-255,5738,191599,15,304552
13635,0.002984,172.31.36.0-255,66,191665,15,304552
13636,0.002988,172.217.194.0-255,2902,194567,15,304552
13637,0.00299,172.31.36.0-255,66,194633,15,304552
13638,0.002995,172.217.194.0-255,2902,197535,15,304552
13639,0.002997,172.31.36.0-255,66,197601,15,304552
13640,0.003,172.217.194.0-255,1484,199085,15,304552
13641,0.003047,172.31.36.0-255,66,199151,15,304552
13642,0.003054,172.217.194.0-255,1484,200635,15,304552
13643,0.003058,172.217.194.0-255,2184,202819,15,304552
13644,0.003061,172.31.36.0-255,66,202885,15,304552
13645,0.003084,172.217.194.0-255,7156,210041,15,304552
13646,0.003087,172.31.36.0-255,66,210107,15,304552
13647,0.003102,172.217.194.0-255,1484,211591,15,304552
13648,0.003115,172.31.36.0-255,66,211657,15,304552
13649,0.003156,172.31.36.0-255,66,211723,15,304552
13650,0.003217,172.31.36.0-255,66,211789,15,304552
13651,0.00323,172.31.36.0-255,66,211855,15,304552
13652,0.003251,172.217.194.0-255,2902,214757,15,304552
13653,0.003253,172.31.36.0-255,66,214823,15,304552
13654,0.003261,172.217.194.0-255,6438,221261,15,304552
13655,0.003264,172.31.36.0-255,66,221327,15,304552
13656,0.003305,172.217.194.0-255,1484,222811,15,304552
13657,0.00332,172.217.194.0-255,2902,225713,15,304552
13658,0.003323,172.31.36.0-255,66,225779,15,304552
13659,0.003339,172.217.194.0-255,1484,227263,15,304552
13660,0.003355,172.217.194.0-255,1484,228747,15,304552
13661,0.003358,172.31.36.0-255,66,228813,15,304552
13662,0.003364,172.217.194.0-255,4320,233133,15,304552
13663,0.003367,172.31.36.0-255,66,233199,15,304552
13664,0.003385,172.217.194.0-255,4320,237519,15,304552
13665,0.003387,172.31.36.0-255,66,237585,15,304552
13666,0.003417,172.217.194.0-255,5738,243323,15,304552
13667,0.00342,172.31.36.0-255,66,243389,15,304552
13668,0.003425,172.217.194.0-255,2902,246291,15,304552
13669,0.003427,172.31.36.0-255,66,246357,15,304552
13670,0.00344,172.217.194.0-255,1484,247841,15,304552
13671,0.003457,172.217.194.0-255,5738,253579,15,304552
13672,0.00346,172.31.36.0-255,66,253645,15,304552
13673,0.003477,172.217.194.0-255,2184,255829,15,304552
13674,0.00348,172.31.36.0-255,66,255895,15,304552
13675,0.003483,172.217.194.0-255,1484,257379,15,304552
13676,0.003498,172.217.194.0-255,2902,260281,15,304552
13677,0.003501,172.31.36.0-255,66,260347,15,304552
13678,0.003539,172.217.194.0-255,1484,261831,15,304552
13679,0.003543,172.217.194.0-255,1484,263315,15,304552
13680,0.003545,172.31.36.0-255,66,263381,15,304552
13681,0.003565,172.217.194.0-255,1484,264865,15,304552
13682,0.00357,172.217.194.0-255,2902,267767,15,304552
13683,0.003572,172.31.36.0-255,66,267833,15,304552
13684,0.003579,172.217.194.0-255,5738,273571,15,304552
13685,0.003581,172.31.36.0-255,66,273637,15,304552
13686,0.00361,172.217.194.0-255,4320,277957,15,304552
13687,0.003612,172.31.36.0-255,66,278023,15,304552
13688,0.003619,172.217.194.0-255,7156,285179,15,304552
13689,0.003622,172.31.36.0-255,66,285245,15,304552
13690,0.003625,172.217.194.0-255,1484,286729,15,304552
13691,0.003639,172.217.194.0-255,3602,290331,15,304552
13692,0.003642,172.31.36.0-255,66,290397,15,304552
13693,0.003667,172.217.194.0-255,1484,291881,15,304552
13694,0.00367,172.217.194.0-255,1484,293365,15,304552
13695,0.003673,172.31.36.0-255,66,293431,15,304552
13696,0.003688,172.217.194.0-255,1484,294915,15,304552
13697,0.003694,172.217.194.0-255,4320,299235,15,304552
13698,0.003696,172.31.36.0-255,66,299301,15,304552
13699,0.003712,172.217.194.0-255,1484,300785,15,304552
13700,0.003726,172.217.194.0-255,170,300955,15,304552
13701,0.003728,172.31.36.0-255,66,301021,15,304552
13702,0.003782,172.217.194.0-255,105,301126,15,304552
13703,0.01114,172.31.36.0-255,66,301192,15,304552
13704,0.01119,172.31.36.0-255,105,301297,15,304552
13705,0.013474,172.217.194.0-255,66,301363,15,304552
13706,0.029883,172.31.36.0-255,167,301530,15,304552
13707,0.029948,172.31.36.0-255,1108,302638,15,304552
13708,0.030005,172.31.36.0-255,1514,304152,15,304552
13709,0.030007,172.31.36.0-255,334,304486,15,304552
13710,0.031601,104.244.42.0-255,66,304552,15,304552
13711,0.0,74.125.24.0-255,153,153,15,338738
13712,5.4e-05,172.31.36.0-255,66,219,15,338738
13713,6.2e-05,74.125.24.0-255,1484,1703,15,338738
13714,6.6e-05,172.31.36.0-255,66,1769,15,338738
13715,7.1e-05,74.125.24.0-255,2902,4671,15,338738
13716,7.4e-05,172.31.36.0-255,66,4737,15,338738
13717,8e-05,74.125.24.0-255,7156,11893,15,338738
13718,8.4e-05,172.31.36.0-255,66,11959,15,338738
13719,9.3e-05,172.31.36.0-255,66,12025,15,338738
13720,0.000103,172.31.36.0-255,66,12091,15,338738
13721,0.00013,74.125.24.0-255,2543,14634,15,338738
13722,0.000133,172.31.36.0-255,66,14700,15,338738
13723,0.000176,74.125.24.0-255,1484,16184,15,338738
13724,0.000179,172.31.36.0-255,66,16250,15,338738
13725,0.000182,74.125.24.0-255,1484,17734,15,338738
13726,0.000184,172.31.36.0-255,66,17800,15,338738
13727,0.000197,74.125.24.0-255,1484,19284,15,338738
13728,0.0002,172.31.36.0-255,66,19350,15,338738
13729,0.000207,74.125.24.0-255,5738,25088,15,338738
13730,0.00021,172.31.36.0-255,66,25154,15,338738
13731,0.000218,74.125.24.0-255,6797,31951,15,338738
13732,0.00022,172.31.36.0-255,66,32017,15,338738
13733,0.000243,74.125.24.0-255,4320,36337,15,338738
13734,0.000246,172.31.36.0-255,66,36403,15,338738
13735,0.000276,172.31.36.0-255,66,36469,15,338738
13736,0.000281,74.125.24.0-255,2810,39279,15,338738
13737,0.000283,172.31.36.0-255,66,39345,15,338738
13738,0.000298,74.125.24.0-255,387,39732,15,338738
13739,0.0003,172.31.36.0-255,66,39798,15,338738
13740,0.000406,74.125.24.0-255,1484,41282,15,338738
13741,0.000415,74.125.24.0-255,2902,44184,15,338738
13742,0.000419,172.31.36.0-255,66,44250,15,338738
13743,0.000425,74.125.24.0-255,5738,49988,15,338738
13744,0.000428,172.31.36.0-255,66,50054,15,338738
13745,0.000457,74.125.24.0-255,2902,52956,15,338738
13746,0.000461,172.31.36.0-255,66,53022,15,338738
13747,0.00049,172.31.36.0-255,66,53088,15,338738
13748,0.000496,74.125.24.0-255,5738,58826,15,338738
13749,0.000505,172.31.36.0-255,66,58892,15,338738
13750,0.000528,74.125.24.0-255,3413,62305,15,338738
13751,0.000531,172.31.36.0-255,66,62371,15,338738
13752,0.000554,74.125.24.0-255,2902,65273,15,338738
13753,0.000557,172.31.36.0-255,66,65339,15,338738
13754,0.000575,74.125.24.0-255,1484,66823,15,338738
13755,0.000582,74.125.24.0-255,7156,73979,15,338738
13756,0.000586,172.31.36.0-255,66,74045,15,338738
13757,0.000598,172.31.36.0-255,66,74111,15,338738
13758,0.000618,74.125.24.0-255,2902,77013,15,338738
13759,0.000621,172.31.36.0-255,66,77079,15,338738
13760,0.000654,172.31.36.0-255,66,77145,15,338738
13761,0.000766,74.125.24.0-255,1484,78629,15,338738
13762,0.000773,74.125.24.0-255,2902,81531,15,338738
13763,0.000776,172.31.36.0-255,66,81597,15,338738
13764,0.000784,74.125.24.0-255,5738,87335,15,338738
13765,0.000786,172.31.36.0-255,66,87401,15,338738
13766,0.000818,74.125.24.0-255,1484,88885,15,338738
13767,0.000835,74.125.24.0-255,5379,94264,15,338738
13768,0.000838,172.31.36.0-255,66,94330,15,338738
13769,0.00113,74.125.24.0-255,1484,95814,15,338738
13770,0.001151,74.125.24.0-255,2902,98716,15,338738
13771,0.001155,172.31.36.0-255,66,98782,15,338738
13772,0.001161,74.125.24.0-255,5738,104520,15,338738
13773,0.001164,172.31.36.0-255,66,104586,15,338738
13774,0.001207,74.125.24.0-255,5738,110324,15,338738
13775,0.001211,172.31.36.0-255,66,110390,15,338738
13776,0.001235,74.125.24.0-255,7156,117546,15,338738
13777,0.001237,172.31.36.0-255,66,117612,15,338738
13778,0.001242,74.125.24.0-255,4320,121932,15,338738
13779,0.001244,172.31.36.0-255,66,121998,15,338738
13780,0.001251,74.125.24.0-255,6438,128436,15,338738
13781,0.001255,172.31.36.0-255,66,128502,15,338738
13782,0.001997,74.125.24.0-255,1484,129986,15,338738
13783,0.002007,74.125.24.0-255,2902,132888,15,338738
13784,0.002011,172.31.36.0-255,66,132954,15,338738
13785,0.002018,74.125.24.0-255,4320,137274,15,338738
13786,0.00202,172.31.36.0-255,66,137340,15,338738
13787,0.002035,74.125.24.0-255,1484,138824,15,338738
13788,0.002048,74.125.24.0-255,4320,143144,15,338738
13789,0.002051,172.31.36.0-255,66,143210,15,338738
13790,0.002077,74.125.24.0-255,7156,150366,15,338738
13791,0.00208,172.31.36.0-255,66,150432,15,338738
13792,0.002092,172.31.36.0-255,66,150498,15,338738
13793,0.004387,74.125.24.0-255,5738,156236,15,338738
13794,0.004394,172.31.36.0-255,66,156302,15,338738
13795,0.006662,74.125.24.0-255,5738,162040,15,338738
13796,0.006667,172.31.36.0-255,66,162106,15,338738
13797,0.008917,74.125.24.0-255,5738,167844,15,338738
13798,0.008925,172.31.36.0-255,66,167910,15,338738
13799,0.011211,74.125.24.0-255,5738,173648,15,338738
13800,0.011219,172.31.36.0-255,66,173714,15,338738
13801,0.013491,74.125.24.0-255,5738,179452,15,338738
13802,0.013499,172.31.36.0-255,66,179518,15,338738
13803,0.01579,74.125.24.0-255,5738,185256,15,338738
13804,0.0158,172.31.36.0-255,66,185322,15,338738
13805,0.018083,74.125.24.0-255,5738,191060,15,338738
13806,0.018103,172.31.36.0-255,66,191126,15,338738
13807,0.020391,74.125.24.0-255,5738,196864,15,338738
13808,0.020403,172.31.36.0-255,66,196930,15,338738
13809,0.022689,74.125.24.0-255,5738,202668,15,338738
13810,0.0227,172.31.36.0-255,66,202734,15,338738
13811,0.024937,74.125.24.0-255,5738,208472,15,338738
13812,0.024943,172.31.36.0-255,66,208538,15,338738
13813,0.027187,74.125.24.0-255,5738,214276,15,338738
13814,0.027196,172.31.36.0-255,66,214342,15,338738
13815,0.029437,74.125.24.0-255,5738,220080,15,338738
13816,0.029444,172.31.36.0-255,66,220146,15,338738
13817,0.031734,74.125.24.0-255,5738,225884,15,338738
13818,0.031743,172.31.36.0-255,66,225950,15,338738
13819,0.034036,74.125.24.0-255,5738,231688,15,338738
13820,0.034044,172.31.36.0-255,66,231754,15,338738
13821,0.035513,172.31.36.0-255,166,231920,15,338738
13822,0.035539,172.31.36.0-255,1134,233054,15,338738
13823,0.035586,172.31.36.0-255,1514,234568,15,338738
13824,0.035587,172.31.36.0-255,1271,235839,15,338738
13825,0.036302,74.125.24.0-255,5738,241577,15,338738
13826,0.036309,172.31.36.0-255,66,241643,15,338738
13827,0.03703,104.244.42.0-255,66,241709,15,338738
13828,0.037091,104.244.42.0-255,66,241775,15,338738
13829,0.037138,104.244.42.0-255,66,241841,15,338738
13830,0.038577,74.125.24.0-255,5738,247579,15,338738
13831,0.038584,172.31.36.0-255,66,247645,15,338738
13832,0.040842,74.125.24.0-255,5738,253383,15,338738
13833,0.040853,172.31.36.0-255,66,253449,15,338738
13834,0.043145,74.125.24.0-255,5738,259187,15,338738
13835,0.043153,172.31.36.0-255,66,259253,15,338738
13836,0.045421,74.125.24.0-255,5738,264991,15,338738
13837,0.045428,172.31.36.0-255,66,265057,15,338738
13838,0.0477,74.125.24.0-255,5738,270795,15,338738
13839,0.047707,172.31.36.0-255,66,270861,15,338738
13840,0.049996,74.125.24.0-255,5738,276599,15,338738
13841,0.050003,172.31.36.0-255,66,276665,15,338738
13842,0.052268,74.125.24.0-255,5738,282403,15,338738
13843,0.052275,172.31.36.0-255,66,282469,15,338738
13844,0.05461,74.125.24.0-255,5738,288207,15,338738
13845,0.054616,172.31.36.0-255,66,288273,15,338738
13846,0.05686,74.125.24.0-255,5738,294011,15,338738
13847,0.056868,172.31.36.0-255,66,294077,15,338738
13848,0.059142,74.125.24.0-255,5738,299815,15,338738
13849,0.059153,172.31.36.0-255,66,299881,15,338738
13850,0.061415,74.125.24.0-255,4320,304201,15,338738
13851,0.06142,172.31.36.0-255,66,304267,15,338738
13852,0.061453,74.125.24.0-255,1484,305751,15,338738
13853,0.063661,74.125.24.0-255,4320,310071,15,338738
13854,0.063666,172.31.36.0-255,66,310137,15,338738
13855,0.065937,74.125.24.0-255,4320,314457,15,338738
13856,0.065942,172.31.36.0-255,66,314523,15,338738
13857,0.065973,74.125.24.0-255,1484,316007,15,338738
13858,0.0682,74.125.24.0-255,4320,320327,15,338738
13859,0.068206,172.31.36.0-255,66,320393,15,338738
13860,0.070456,74.125.24.0-255,5738,326131,15,338738
13861,0.070463,172.31.36.0-255,66,326197,15,338738
13862,0.072739,74.125.24.0-255,5738,331935,15,338738
13863,0.072771,172.31.36.0-255,66,332001,15,338738
13864,0.075073,74.125.24.0-255,5738,337739,15,338738
13865,0.075083,172.31.36.0-255,66,337805,15,338738
13866,0.077327,74.125.24.0-255,696,338501,15,338738
13867,0.077468,172.31.36.0-255,66,338567,15,338738
13868,0.077506,172.31.36.0-255,105,338672,15,338738
13869,0.07975,74.125.24.0-255,66,338738,15,338738
13870,0.0,172.31.36.0-255,66,66,15,66
13871,0.0,74.125.24.0-255,212,212,15,339195
13872,2.3e-05,172.31.36.0-255,66,278,15,339195
13873,3.1e-05,74.125.24.0-255,1484,1762,15,339195
13874,3.6e-05,172.31.36.0-255,66,1828,15,339195
13875,4.3e-05,74.125.24.0-255,4320,6148,15,339195
13876,5.8e-05,172.31.36.0-255,66,6214,15,339195
13877,6.1e-05,74.125.24.0-255,1484,7698,15,339195
13878,6.4e-05,172.31.36.0-255,66,7764,15,339195
13879,6.8e-05,74.125.24.0-255,2902,10666,15,339195
13880,7.1e-05,172.31.36.0-255,66,10732,15,339195
13881,7.8e-05,74.125.24.0-255,6094,16826,15,339195
13882,8e-05,172.31.36.0-255,66,16892,15,339195
13883,0.000106,172.31.36.0-255,66,16958,15,339195
13884,0.000132,74.125.24.0-255,5379,22337,15,339195
13885,0.00014,172.31.36.0-255,66,22403,15,339195
13886,0.000247,74.125.24.0-255,1484,23887,15,339195
13887,0.000251,172.31.36.0-255,66,23953,15,339195
13888,0.000256,74.125.24.0-255,2902,26855,15,339195
13889,0.000258,172.31.36.0-255,66,26921,15,339195
13890,0.000293,74.125.24.0-255,5738,32659,15,339195
13891,0.000297,172.31.36.0-255,66,32725,15,339195
13892,0.000303,74.125.24.0-255,5738,38463,15,339195
13893,0.000305,172.31.36.0-255,66,38529,15,339195
13894,0.000309,74.125.24.0-255,2902,41431,15,339195
13895,0.000311,172.31.36.0-255,66,41497,15,339195
13896,0.000358,172.31.36.0-255,66,41563,15,339195
13897,0.000363,74.125.24.0-255,3961,45524,15,339195
13898,0.000365,172.31.36.0-255,66,45590,15,339195
13899,0.000413,74.125.24.0-255,647,46237,15,339195
13900,0.000416,172.31.36.0-255,66,46303,15,339195
13901,0.000608,74.125.24.0-255,1484,47787,15,339195
13902,0.000617,74.125.24.0-255,2902,50689,15,339195
13903,0.00062,74.125.24.0-255,1484,52173,15,339195
13904,0.000635,74.125.24.0-255,4320,56493,15,339195
13905,0.00064,74.125.24.0-255,4320,60813,15,339195
13906,0.000657,74.125.24.0-255,2902,63715,15,339195
13907,0.000663,172.31.36.0-255,66,63781,15,339195
13908,0.000683,172.31.36.0-255,66,63847,15,339195
13909,0.000703,74.125.24.0-255,4320,68167,15,339195
13910,0.000706,74.125.24.0-255,2184,70351,15,339195
13911,0.000737,172.31.36.0-255,66,70417,15,339195
13912,0.000975,74.125.24.0-255,1484,71901,15,339195
13913,0.00099,74.125.24.0-255,2902,74803,15,339195
13914,0.001,172.31.36.0-255,66,74869,15,339195
13915,0.00101,74.125.24.0-255,5738,80607,15,339195
13916,0.00102,172.31.36.0-255,66,80673,15,339195
13917,0.001033,74.125.24.0-255,7156,87829,15,339195
13918,0.001054,74.125.24.0-255,5738,93567,15,339195
13919,0.001059,74.125.24.0-255,4320,97887,15,339195
13920,0.001078,172.31.36.0-255,66,97953,15,339195
13921,0.001109,74.125.24.0-255,2902,100855,15,339195
13922,0.001127,74.125.24.0-255,3602,104457,15,339195
13923,0.001133,172.31.36.0-255,66,104523,15,339195
13924,0.001431,74.125.24.0-255,1484,106007,15,339195
13925,0.001438,74.125.24.0-255,2902,108909,15,339195
13926,0.001441,172.31.36.0-255,66,108975,15,339195
13927,0.001447,74.125.24.0-255,4320,113295,15,339195
13928,0.001452,172.31.36.0-255,66,113361,15,339195
13929,0.001474,74.125.24.0-255,1484,114845,15,339195
13930,0.00148,74.125.24.0-255,5738,120583,15,339195
13931,0.001504,74.125.24.0-255,7156,127739,15,339195
13932,0.001526,74.125.24.0-255,766,128505,15,339195
13933,0.001536,172.31.36.0-255,66,128571,15,339195
13934,0.001564,74.125.24.0-255,1484,130055,15,339195
13935,0.001571,74.125.24.0-255,4320,134375,15,339195
13936,0.001575,172.31.36.0-255,66,134441,15,339195
13937,0.00159,74.125.24.0-255,5738,140179,15,339195
13938,0.001612,74.125.24.0-255,4320,144499,15,339195
13939,0.001617,74.125.24.0-255,5738,150237,15,339195
13940,0.001635,172.31.36.0-255,66,150303,15,339195
13941,0.00169,172.31.36.0-255,66,150369,15,339195
13942,0.002023,74.125.24.0-255,1484,151853,15,339195
13943,0.00204,74.125.24.0-255,2902,154755,15,339195
13944,0.002044,172.31.36.0-255,66,154821,15,339195
13945,0.002049,74.125.24.0-255,2902,157723,15,339195
13946,0.002106,74.125.24.0-255,7156,164879,15,339195
13947,0.002125,74.125.24.0-255,3602,168481,15,339195
13948,0.002138,172.31.36.0-255,66,168547,15,339195
13949,0.002366,74.125.24.0-255,1484,170031,15,339195
13950,0.00237,74.125.24.0-255,1484,171515,15,339195
13951,0.002373,172.31.36.0-255,66,171581,15,339195
13952,0.002402,74.125.24.0-255,1484,173065,15,339195
13953,0.004474,74.125.24.0-255,1484,174549,15,339195
13954,0.004483,172.31.36.0-255,66,174615,15,339195
13955,0.004702,74.125.24.0-255,2902,177517,15,339195
13956,0.006788,74.125.24.0-255,2902,180419,15,339195
13957,0.009675,172.31.36.0-255,66,180485,15,339195
13958,0.012052,74.125.24.0-255,5738,186223,15,339195
13959,0.012139,172.31.36.0-255,66,186289,15,339195
13960,0.014537,74.125.24.0-255,5738,192027,15,339195
13961,0.014552,172.31.36.0-255,66,192093,15,339195
13962,0.016929,74.125.24.0-255,5738,197831,15,339195
13963,0.018396,172.31.36.0-255,66,197897,15,339195
13964,0.020773,74.125.24.0-255,5738,203635,15,339195
13965,0.020792,172.31.36.0-255,66,203701,15,339195
13966,0.023164,74.125.24.0-255,5738,209439,15,339195
13967,0.023186,172.31.36.0-255,66,209505,15,339195
13968,0.025518,74.125.24.0-255,5738,215243,15,339195
13969,0.025528,172.31.36.0-255,66,215309,15,339195
13970,0.027878,74.125.24.0-255,5738,221047,15,339195
13971,0.027888,172.31.36.0-255,66,221113,15,339195
13972,0.030259,74.125.24.0-255,5738,226851,15,339195
13973,0.030274,172.31.36.0-255,66,226917,15,339195
13974,0.032638,74.125.24.0-255,5738,232655,15,339195
13975,0.032648,172.31.36.0-255,66,232721,15,339195
13976,0.034996,74.125.24.0-255,5738,238459,15,339195
13977,0.035007,172.31.36.0-255,66,238525,15,339195
13978,0.037381,74.125.24.0-255,5738,244263,15,339195
13979,0.037393,172.31.36.0-255,66,244329,15,339195
13980,0.039748,74.125.24.0-255,5738,250067,15,339195
13981,0.039757,172.31.36.0-255,66,250133,15,339195
13982,0.040552,172.31.36.0-255,171,250304,15,339195
13983,0.040587,172.31.36.0-255,1110,251414,15,339195
13984,0.04065,172.31.36.0-255,1514,252928,15,339195
13985,0.040652,172.31.36.0-255,1295,254223,15,339195
13986,0.042106,74.125.24.0-255,5738,259961,15,339195
13987,0.042115,172.31.36.0-255,66,260027,15,339195
13988,0.042135,104.244.42.0-255,66,260093,15,339195
13989,0.042153,104.244.42.0-255,66,260159,15,339195
13990,0.042207,104.244.42.0-255,66,260225,15,339195
13991,0.044466,74.125.24.0-255,5738,265963,15,339195
13992,0.044476,172.31.36.0-255,66,266029,15,339195
13993,0.046861,74.125.24.0-255,5738,271767,15,339195
13994,0.046869,172.31.36.0-255,66,271833,15,339195
13995,0.049204,74.125.24.0-255,5738,277571,15,339195
13996,0.049211,172.31.36.0-255,66,277637,15,339195
13997,0.051559,74.125.24.0-255,5738,283375,15,339195
13998,0.051567,172.31.36.0-255,66,283441,15,339195
13999,0.053893,74.125.24.0-255,5738,289179,15,339195
14000,0.053903,172.31.36.0-255,66,289245,15,339195
14001,0.056284,74.125.24.0-255,5738,294983,15,339195
14002,0.056297,172.31.36.0-255,66,295049,15,339195
14003,0.058659,74.125.24.0-255,5738,300787,15,339195
14004,0.058667,172.31.36.0-255,66,300853,15,339195
14005,0.061005,74.125.24.0-255,5738,306591,15,339195
14006,0.061014,172.31.36.0-255,66,306657,15,339195
14007,0.063356,74.125.24.0-255,5738,312395,15,339195
14008,0.063364,172.31.36.0-255,66,312461,15,339195
14009,0.065743,74.125.24.0-255,5738,318199,15,339195
14010,0.065751,172.31.36.0-255,66,318265,15,339195
14011,0.068134,74.125.24.0-255,5738,324003,15,339195
14012,0.068141,172.31.36.0-255,66,324069,15,339195
14013,0.070514,74.125.24.0-255,5738,329807,15,339195
14014,0.070521,172.31.36.0-255,66,329873,15,339195
14015,0.072856,74.125.24.0-255,5738,335611,15,339195
14016,0.072864,172.31.36.0-255,66,335677,15,339195
14017,0.075199,74.125.24.0-255,3281,338958,15,339195
14018,0.075206,172.31.36.0-255,66,339024,15,339195
14019,0.075393,172.31.36.0-255,105,339129,15,339195
14020,0.077708,74.125.24.0-255,66,339195,15,339195
14021,0.0,172.217.194.0-255,150,150,15,248506
14022,3.6e-05,172.31.36.0-255,66,216,15,248506
14023,4.3e-05,172.217.194.0-255,1484,1700,15,248506
14024,4.8e-05,172.31.36.0-255,66,1766,15,248506
14025,5.3e-05,172.217.194.0-255,2902,4668,15,248506
14026,6.4e-05,172.31.36.0-255,66,4734,15,248506
14027,7.2e-05,172.217.194.0-255,7156,11890,15,248506
14028,7.5e-05,172.31.36.0-255,66,11956,15,248506
14029,7.9e-05,172.217.194.0-255,2045,14001,15,248506
14030,8.2e-05,172.31.36.0-255,66,14067,15,248506
14031,0.00013,172.217.194.0-255,1484,15551,15,248506
14032,0.000133,172.31.36.0-255,66,15617,15,248506
14033,0.00014,172.217.194.0-255,2902,18519,15,248506
14034,0.000143,172.31.36.0-255,66,18585,15,248506
14035,0.000172,172.217.194.0-255,5738,24323,15,248506
14036,0.000175,172.31.36.0-255,66,24389,15,248506
14037,0.000182,172.217.194.0-255,4320,28709,15,248506
14038,0.000184,172.31.36.0-255,66,28775,15,248506
14039,0.000215,172.217.194.0-255,2543,31318,15,248506
14040,0.000218,172.31.36.0-255,66,31384,15,248506
14041,0.000337,172.217.194.0-255,1484,32868,15,248506
14042,0.000341,172.31.36.0-255,66,32934,15,248506
14043,0.000347,172.217.194.0-255,2902,35836,15,248506
14044,0.000349,172.31.36.0-255,66,35902,15,248506
14045,0.000389,172.217.194.0-255,5738,41640,15,248506
14046,0.000393,172.31.36.0-255,66,41706,15,248506
14047,0.000401,172.217.194.0-255,6797,48503,15,248506
14048,0.000404,172.31.36.0-255,66,48569,15,248506
14049,0.000444,172.217.194.0-255,2902,51471,15,248506
14050,0.000448,172.31.36.0-255,66,51537,15,248506
14051,0.00049,172.217.194.0-255,2834,54371,15,248506
14052,0.000491,172.31.36.0-255,66,54437,15,248506
14053,0.000496,172.31.36.0-255,66,54503,15,248506
14054,0.000521,172.217.194.0-255,364,54867,15,248506
14055,0.000562,172.217.194.0-255,1484,56351,15,248506
14056,0.000565,172.31.36.0-255,66,56417,15,248506
14057,0.000594,172.217.194.0-255,4320,60737,15,248506
14058,0.000598,172.31.36.0-255,66,60803,15,248506
14059,0.000605,172.217.194.0-255,7156,67959,15,248506
14060,0.000609,172.31.36.0-255,66,68025,15,248506
14061,0.000618,172.217.194.0-255,1484,69509,15,248506
14062,0.000659,172.31.36.0-255,66,69575,15,248506
14063,0.000665,172.217.194.0-255,5020,74595,15,248506
14064,0.000668,172.31.36.0-255,66,74661,15,248506
14065,0.001065,172.217.194.0-255,1484,76145,15,248506
14066,0.001071,172.217.194.0-255,2902,79047,15,248506
14067,0.001075,172.31.36.0-255,66,79113,15,248506
14068,0.00108,172.217.194.0-255,2902,82015,15,248506
14069,0.001084,172.31.36.0-255,66,82081,15,248506
14070,0.001117,172.217.194.0-255,2902,84983,15,248506
14071,0.001121,172.31.36.0-255,66,85049,15,248506
14072,0.001128,172.217.194.0-255,5738,90787,15,248506
14073,0.00113,172.31.36.0-255,66,90853,15,248506
14074,0.00115,172.31.36.0-255,66,90919,15,248506
14075,0.001152,172.217.194.0-255,5020,95939,15,248506
14076,0.001155,172.31.36.0-255,66,96005,15,248506
14077,0.001184,172.217.194.0-255,4320,100325,15,248506
14078,0.001192,172.31.36.0-255,66,100391,15,248506
14079,0.001213,172.217.194.0-255,1484,101875,15,248506
14080,0.00122,172.217.194.0-255,7156,109031,15,248506
14081,0.001223,172.31.36.0-255,66,109097,15,248506
14082,0.00123,172.217.194.0-255,7156,116253,15,248506
14083,0.001233,172.31.36.0-255,66,116319,15,248506
14084,0.001267,172.217.194.0-255,7156,123475,15,248506
14085,0.001271,172.31.36.0-255,66,123541,15,248506
14086,0.001277,172.217.194.0-255,6438,129979,15,248506
14087,0.001279,172.31.36.0-255,66,130045,15,248506
14088,0.001308,172.217.194.0-255,4320,134365,15,248506
14089,0.00131,172.31.36.0-255,66,134431,15,248506
14090,0.001336,172.217.194.0-255,4320,138751,15,248506
14091,0.001339,172.31.36.0-255,66,138817,15,248506
14092,0.001347,172.217.194.0-255,7156,145973,15,248506
14093,0.001349,172.31.36.0-255,66,146039,15,248506
14094,0.001377,172.217.194.0-255,2902,148941,15,248506
14095,0.00138,172.31.36.0-255,66,149007,15,248506
14096,0.001387,172.217.194.0-255,7156,156163,15,248506
14097,0.001391,172.31.36.0-255,66,156229,15,248506
14098,0.001429,172.31.36.0-255,66,156295,15,248506
14099,0.001431,172.217.194.0-255,1484,157779,15,248506
14100,0.001436,172.217.194.0-255,2902,160681,15,248506
14101,0.001438,172.31.36.0-255,66,160747,15,248506
14102,0.00145,172.217.194.0-255,5738,166485,15,248506
14103,0.001453,172.31.36.0-255,66,166551,15,248506
14104,0.001467,172.31.36.0-255,66,166617,15,248506
14105,0.00151,172.217.194.0-255,1484,168101,15,248506
14106,0.001536,172.217.194.0-255,4320,172421,15,248506
14107,0.00154,172.31.36.0-255,66,172487,15,248506
14108,0.001546,172.217.194.0-255,5020,177507,15,248506
14109,0.001548,172.31.36.0-255,66,177573,15,248506
14110,0.001598,172.217.194.0-255,1484,179057,15,248506
14111,0.001603,172.217.194.0-255,2902,181959,15,248506
14112,0.001606,172.217.194.0-255,1484,183443,15,248506
14113,0.001608,172.31.36.0-255,66,183509,15,248506
14114,0.001628,172.217.194.0-255,4320,187829,15,248506
14115,0.001631,172.31.36.0-255,66,187895,15,248506
14116,0.001643,172.217.194.0-255,7156,195051,15,248506
14117,0.001647,172.31.36.0-255,66,195117,15,248506
14118,0.001671,172.217.194.0-255,5738,200855,15,248506
14119,0.001674,172.31.36.0-255,66,200921,15,248506
14120,0.001692,172.31.36.0-255,66,200987,15,248506
14121,0.001745,172.217.194.0-255,1484,202471,15,248506
14122,0.001752,172.217.194.0-255,2902,205373,15,248506
14123,0.001756,172.31.36.0-255,66,205439,15,248506
14124,0.00176,172.217.194.0-255,2902,208341,15,248506
14125,0.001762,172.31.36.0-255,66,208407,15,248506
14126,0.001787,172.217.194.0-255,2902,211309,15,248506
14127,0.001795,172.31.36.0-255,66,211375,15,248506
14128,0.001809,172.31.36.0-255,66,211441,15,248506
14129,0.001815,172.217.194.0-255,4320,215761,15,248506
14130,0.001817,172.31.36.0-255,66,215827,15,248506
14131,0.001858,172.217.194.0-255,6438,222265,15,248506
14132,0.001863,172.31.36.0-255,66,222331,15,248506
14133,0.001866,172.217.194.0-255,1484,223815,15,248506
14134,0.001871,172.217.194.0-255,2902,226717,15,248506
14135,0.001873,172.31.36.0-255,66,226783,15,248506
14136,0.001885,172.217.194.0-255,5738,232521,15,248506
14137,0.001888,172.31.36.0-255,66,232587,15,248506
14138,0.001931,172.31.36.0-255,66,232653,15,248506
14139,0.001934,172.217.194.0-255,1484,234137,15,248506
14140,0.001972,172.31.36.0-255,66,234203,15,248506
14141,0.002007,172.217.194.0-255,6438,240641,15,248506
14142,0.002012,172.31.36.0-255,66,240707,15,248506
14143,0.002034,172.217.194.0-255,2902,243609,15,248506
14144,0.002034,172.31.36.0-255,66,243675,15,248506
14145,0.002037,172.31.36.0-255,66,243741,15,248506
14146,0.002098,172.31.36.0-255,66,243807,15,248506
14147,0.002108,172.31.36.0-255,66,243873,15,248506
14148,0.002119,172.217.194.0-255,105,243978,15,248506
14149,0.003573,172.31.36.0-255,66,244044,15,248506
14150,0.003601,172.31.36.0-255,105,244149,15,248506
14151,0.005651,172.217.194.0-255,66,244215,15,248506
14152,0.032199,172.31.36.0-255,172,244387,15,248506
14153,0.032232,172.31.36.0-255,1110,245497,15,248506
14154,0.03227,172.31.36.0-255,1514,247011,15,248506
14155,0.032272,172.31.36.0-255,1297,248308,15,248506
14156,0.033868,104.244.42.0-255,66,248374,15,248506
14157,0.033896,104.244.42.0-255,66,248440,15,248506
14158,0.033948,104.244.42.0-255,66,248506,15,248506
14159,0.0,74.125.68.0-255,143,143,15,292213
14160,2.8e-05,74.125.68.0-255,1484,1627,15,292213
14161,3.7e-05,172.31.36.0-255,66,1693,15,292213
14162,4.3e-05,74.125.68.0-255,1484,3177,15,292213
14163,4.8e-05,74.125.68.0-255,2902,6079,15,292213
14164,5.1e-05,172.31.36.0-255,66,6145,15,292213
14165,8.7e-05,74.125.68.0-255,5738,11883,15,292213
14166,9e-05,172.31.36.0-255,66,11949,15,292213
14167,9.7e-05,74.125.68.0-255,3420,15369,15,292213
14168,9.9e-05,172.31.36.0-255,66,15435,15,292213
14169,0.000109,74.125.68.0-255,4320,19755,15,292213
14170,0.000112,172.31.36.0-255,66,19821,15,292213
14171,0.000155,172.31.36.0-255,66,19887,15,292213
14172,0.000158,74.125.68.0-255,1125,21012,15,292213
14173,0.000402,74.125.68.0-255,1484,22496,15,292213
14174,0.000407,172.31.36.0-255,66,22562,15,292213
14175,0.000413,74.125.68.0-255,2902,25464,15,292213
14176,0.000416,172.31.36.0-255,66,25530,15,292213
14177,0.00043,74.125.68.0-255,5738,31268,15,292213
14178,0.000433,172.31.36.0-255,66,31334,15,292213
14179,0.000472,74.125.68.0-255,5738,37072,15,292213
14180,0.000475,172.31.36.0-255,66,37138,15,292213
14181,0.000483,74.125.68.0-255,6797,43935,15,292213
14182,0.000485,172.31.36.0-255,66,44001,15,292213
14183,0.000521,172.31.36.0-255,66,44067,15,292213
14184,0.000546,74.125.68.0-255,2855,46922,15,292213
14185,0.00055,172.31.36.0-255,66,46988,15,292213
14186,0.000577,74.125.68.0-255,108,47096,15,292213
14187,0.00063,74.125.68.0-255,1484,48580,15,292213
14188,0.000633,172.31.36.0-255,66,48646,15,292213
14189,0.000664,74.125.68.0-255,2902,51548,15,292213
14190,0.000667,172.31.36.0-255,66,51614,15,292213
14191,0.000673,74.125.68.0-255,4320,55934,15,292213
14192,0.000675,172.31.36.0-255,66,56000,15,292213
14193,0.000711,172.31.36.0-255,66,56066,15,292213
14194,0.000717,74.125.68.0-255,4320,60386,15,292213
14195,0.000719,172.31.36.0-255,66,60452,15,292213
14196,0.00073,74.125.68.0-255,5738,66190,15,292213
14197,0.000733,172.31.36.0-255,66,66256,15,292213
14198,0.000745,74.125.68.0-255,1484,67740,15,292213
14199,0.000772,74.125.68.0-255,5020,72760,15,292213
14200,0.000776,172.31.36.0-255,66,72826,15,292213
14201,0.001116,74.125.68.0-255,1484,74310,15,292213
14202,0.00114,74.125.68.0-255,2902,77212,15,292213
14203,0.001144,172.31.36.0-255,66,77278,15,292213
14204,0.001151,74.125.68.0-255,5738,83016,15,292213
14205,0.001153,172.31.36.0-255,66,83082,15,292213
14206,0.001167,74.125.68.0-255,7156,90238,15,292213
14207,0.00117,172.31.36.0-255,66,90304,15,292213
14208,0.001205,74.125.68.0-255,1484,91788,15,292213
14209,0.001218,172.31.36.0-255,66,91854,15,292213
14210,0.001225,74.125.68.0-255,5020,96874,15,292213
14211,0.001228,172.31.36.0-255,66,96940,15,292213
14212,0.001464,74.125.68.0-255,1484,98424,15,292213
14213,0.001481,74.125.68.0-255,2902,101326,15,292213
14214,0.001486,172.31.36.0-255,66,101392,15,292213
14215,0.00153,74.125.68.0-255,4320,105712,15,292213
14216,0.001534,172.31.36.0-255,66,105778,15,292213
14217,0.001564,74.125.68.0-255,1484,107262,15,292213
14218,0.001571,74.125.68.0-255,5738,113000,15,292213
14219,0.001574,172.31.36.0-255,66,113066,15,292213
14220,0.001582,74.125.68.0-255,7156,120222,15,292213
14221,0.001584,172.31.36.0-255,66,120288,15,292213
14222,0.001597,172.31.36.0-255,66,120354,15,292213
14223,0.001738,74.125.68.0-255,1484,121838,15,292213
14224,0.001761,74.125.68.0-255,2902,124740,15,292213
14225,0.001765,172.31.36.0-255,66,124806,15,292213
14226,0.001768,74.125.68.0-255,1484,126290,15,292213
14227,0.001773,74.125.68.0-255,2902,129192,15,292213
14228,0.001775,172.31.36.0-255,66,129258,15,292213
14229,0.00181,74.125.68.0-255,5738,134996,15,292213
14230,0.001813,172.31.36.0-255,66,135062,15,292213
14231,0.001819,74.125.68.0-255,4320,139382,15,292213
14232,0.001821,172.31.36.0-255,66,139448,15,292213
14233,0.001857,74.125.68.0-255,4320,143768,15,292213
14234,0.00186,172.31.36.0-255,66,143834,15,292213
14235,0.001876,172.31.36.0-255,66,143900,15,292213
14236,0.001879,74.125.68.0-255,766,144666,15,292213
14237,0.002059,74.125.68.0-255,1484,146150,15,292213
14238,0.002063,172.31.36.0-255,66,146216,15,292213
14239,0.002069,74.125.68.0-255,2902,149118,15,292213
14240,0.002071,172.31.36.0-255,66,149184,15,292213
14241,0.002098,74.125.68.0-255,5738,154922,15,292213
14242,0.002102,172.31.36.0-255,66,154988,15,292213
14243,0.002132,74.125.68.0-255,7156,162144,15,292213
14244,0.002134,172.31.36.0-255,66,162210,15,292213
14245,0.002162,74.125.68.0-255,4320,166530,15,292213
14246,0.002164,172.31.36.0-255,66,166596,15,292213
14247,0.002176,172.31.36.0-255,66,166662,15,292213
14248,0.002183,74.125.68.0-255,1484,168146,15,292213
14249,0.002188,74.125.68.0-255,2902,171048,15,292213
14250,0.00219,172.31.36.0-255,66,171114,15,292213
14251,0.002193,74.125.68.0-255,1484,172598,15,292213
14252,0.00222,74.125.68.0-255,4320,176918,15,292213
14253,0.002227,172.31.36.0-255,66,176984,15,292213
14254,0.002234,74.125.68.0-255,5738,182722,15,292213
14255,0.002236,172.31.36.0-255,66,182788,15,292213
14256,0.002275,74.125.68.0-255,4320,187108,15,292213
14257,0.002278,172.31.36.0-255,66,187174,15,292213
14258,0.002306,172.31.36.0-255,66,187240,15,292213
14259,0.00231,74.125.68.0-255,2184,189424,15,292213
14260,0.002313,172.31.36.0-255,66,189490,15,292213
14261,0.002317,74.125.68.0-255,2902,192392,15,292213
14262,0.002319,172.31.36.0-255,66,192458,15,292213
14263,0.002326,74.125.68.0-255,7156,199614,15,292213
14264,0.002328,172.31.36.0-255,66,199680,15,292213
14265,0.002335,74.125.68.0-255,7156,206836,15,292213
14266,0.002337,172.31.36.0-255,66,206902,15,292213
14267,0.002341,74.125.68.0-255,2902,209804,15,292213
14268,0.002343,172.31.36.0-255,66,209870,15,292213
14269,0.002379,74.125.68.0-255,5738,215608,15,292213
14270,0.002382,172.31.36.0-255,66,215674,15,292213
14271,0.002386,74.125.68.0-255,2902,218576,15,292213
14272,0.002388,172.31.36.0-255,66,218642,15,292213
14273,0.002415,74.125.68.0-255,5020,223662,15,292213
14274,0.002418,172.31.36.0-255,66,223728,15,292213
14275,0.002432,172.31.36.0-255,66,223794,15,292213
14276,0.002437,74.125.68.0-255,5738,229532,15,292213
14277,0.002439,172.31.36.0-255,66,229598,15,292213
14278,0.002446,74.125.68.0-255,5738,235336,15,292213
14279,0.002448,172.31.36.0-255,66,235402,15,292213
14280,0.002474,74.125.68.0-255,1484,236886,15,292213
14281,0.002518,74.125.68.0-255,5738,242624,15,292213
14282,0.002521,172.31.36.0-255,66,242690,15,292213
14283,0.002551,74.125.68.0-255,6438,249128,15,292213
14284,0.002553,172.31.36.0-255,66,249194,15,292213
14285,0.00257,172.31.36.0-255,66,249260,15,292213
14286,0.002576,74.125.68.0-255,5738,254998,15,292213
14287,0.002578,172.31.36.0-255,66,255064,15,292213
14288,0.002588,172.31.36.0-255,66,255130,15,292213
14289,0.002591,74.125.68.0-255,1484,256614,15,292213
14290,0.002595,74.125.68.0-255,3602,260216,15,292213
14291,0.002598,172.31.36.0-255,66,260282,15,292213
14292,0.002623,74.125.68.0-255,4320,264602,15,292213
14293,0.002626,172.31.36.0-255,66,264668,15,292213
14294,0.002629,74.125.68.0-255,1484,266152,15,292213
14295,0.002633,74.125.68.0-255,2902,269054,15,292213
14296,0.002635,172.31.36.0-255,66,269120,15,292213
14297,0.00266,74.125.68.0-255,5738,274858,15,292213
14298,0.002663,172.31.36.0-255,66,274924,15,292213
14299,0.00267,74.125.68.0-255,1484,276408,15,292213
14300,0.002675,74.125.68.0-255,4320,280728,15,292213
14301,0.002677,172.31.36.0-255,66,280794,15,292213
14302,0.002706,74.125.68.0-255,5738,286532,15,292213
14303,0.002709,172.31.36.0-255,66,286598,15,292213
14304,0.002716,74.125.68.0-255,989,287587,15,292213
14305,0.002737,74.125.68.0-255,105,287692,15,292213
14306,0.004648,172.31.36.0-255,66,287758,15,292213
14307,0.004682,172.31.36.0-255,105,287863,15,292213
14308,0.00716,74.125.68.0-255,66,287929,15,292213
14309,0.027094,172.31.36.0-255,167,288096,15,292213
14310,0.027133,172.31.36.0-255,1109,289205,15,292213
14311,0.027204,172.31.36.0-255,1514,290719,15,292213
14312,0.027207,172.31.36.0-255,1296,292015,15,292213
14313,0.028668,104.244.42.0-255,66,292081,15,292213
14314,0.028715,104.244.42.0-255,66,292147,15,292213
14315,0.028765,104.244.42.0-255,66,292213,15,292213
14316,0.0,74.125.24.0-255,291,291,15,249976
14317,3.4e-05,172.31.36.0-255,66,357,15,249976
14318,4.1e-05,74.125.24.0-255,1484,1841,15,249976
14319,4.5e-05,172.31.36.0-255,66,1907,15,249976
14320,5.9e-05,74.125.24.0-255,4320,6227,15,249976
14321,6.3e-05,172.31.36.0-255,66,6293,15,249976
14322,6.7e-05,74.125.24.0-255,4320,10613,15,249976
14323,6.9e-05,172.31.36.0-255,66,10679,15,249976
14324,7.5e-05,74.125.24.0-255,4719,15398,15,249976
14325,7.8e-05,172.31.36.0-255,66,15464,15,249976
14326,9.1e-05,172.31.36.0-255,66,15530,15,249976
14327,0.000123,74.125.24.0-255,2902,18432,15,249976
14328,0.000125,172.31.36.0-255,66,18498,15,249976
14329,0.000131,74.125.24.0-255,3961,22459,15,249976
14330,0.000133,172.31.36.0-255,66,22525,15,249976
14331,0.000162,74.125.24.0-255,1484,24009,15,249976
14332,0.000166,172.31.36.0-255,66,24075,15,249976
14333,0.00017,74.125.24.0-255,2902,26977,15,249976
14334,0.000172,172.31.36.0-255,66,27043,15,249976
14335,0.000178,74.125.24.0-255,5738,32781,15,249976
14336,0.000181,172.31.36.0-255,66,32847,15,249976
14337,0.000212,74.125.24.0-255,6797,39644,15,249976
14338,0.000215,172.31.36.0-255,66,39710,15,249976
14339,0.000261,74.125.24.0-255,1484,41194,15,249976
14340,0.000264,172.31.36.0-255,66,41260,15,249976
14341,0.00027,74.125.24.0-255,2902,44162,15,249976
14342,0.000273,172.31.36.0-255,66,44228,15,249976
14343,0.000278,74.125.24.0-255,4320,48548,15,249976
14344,0.000281,172.31.36.0-255,66,48614,15,249976
14345,0.000317,74.125.24.0-255,1484,50098,15,249976
14346,0.00032,172.31.36.0-255,66,50164,15,249976
14347,0.000325,74.125.24.0-255,2902,53066,15,249976
14348,0.000328,172.31.36.0-255,66,53132,15,249976
14349,0.000354,74.125.24.0-255,4259,57391,15,249976
14350,0.000359,172.31.36.0-255,66,57457,15,249976
14351,0.000456,74.125.24.0-255,1484,58941,15,249976
14352,0.000461,172.31.36.0-255,66,59007,15,249976
14353,0.000468,74.125.24.0-255,2902,61909,15,249976
14354,0.00047,172.31.36.0-255,66,61975,15,249976
14355,0.000483,74.125.24.0-255,5738,67713,15,249976
14356,0.000486,172.31.36.0-255,66,67779,15,249976
14357,0.000527,74.125.24.0-255,6797,74576,15,249976
14358,0.000532,172.31.36.0-255,66,74642,15,249976
14359,0.000539,74.125.24.0-255,7156,81798,15,249976
14360,0.000541,172.31.36.0-255,66,81864,15,249976
14361,0.000545,74.125.24.0-255,2902,84766,15,249976
14362,0.000548,172.31.36.0-255,66,84832,15,249976
14363,0.000601,172.31.36.0-255,66,84898,15,249976
14364,0.000615,172.31.36.0-255,66,84964,15,249976
14365,0.00062,74.125.24.0-255,1934,86898,15,249976
14366,0.000622,172.31.36.0-255,66,86964,15,249976
14367,0.001081,74.125.24.0-255,1484,88448,15,249976
14368,0.001087,172.31.36.0-255,66,88514,15,249976
14369,0.001093,74.125.24.0-255,2902,91416,15,249976
14370,0.001096,172.31.36.0-255,66,91482,15,249976
14371,0.001102,74.125.24.0-255,5738,97220,15,249976
14372,0.00111,172.31.36.0-255,66,97286,15,249976
14373,0.001116,74.125.24.0-255,5738,103024,15,249976
14374,0.001118,172.31.36.0-255,66,103090,15,249976
14375,0.001155,172.31.36.0-255,66,103156,15,249976
14376,0.001161,74.125.24.0-255,5020,108176,15,249976
14377,0.001169,172.31.36.0-255,66,108242,15,249976
14378,0.001255,74.125.24.0-255,1484,109726,15,249976
14379,0.00126,74.125.24.0-255,1484,111210,15,249976
14380,0.001263,172.31.36.0-255,66,111276,15,249976
14381,0.001292,74.125.24.0-255,1484,112760,15,249976
14382,0.0013,74.125.24.0-255,5738,118498,15,249976
14383,0.001313,172.31.36.0-255,66,118564,15,249976
14384,0.001345,74.125.24.0-255,4320,122884,15,249976
14385,0.001351,74.125.24.0-255,4320,127204,15,249976
14386,0.001356,172.31.36.0-255,66,127270,15,249976
14387,0.001387,74.125.24.0-255,6438,133708,15,249976
14388,0.00139,172.31.36.0-255,66,133774,15,249976
14389,0.001523,74.125.24.0-255,1484,135258,15,249976
14390,0.001531,74.125.24.0-255,2902,138160,15,249976
14391,0.001536,172.31.36.0-255,66,138226,15,249976
14392,0.001567,74.125.24.0-255,5738,143964,15,249976
14393,0.001572,172.31.36.0-255,66,144030,15,249976
14394,0.001574,74.125.24.0-255,5738,149768,15,249976
14395,0.001589,172.31.36.0-255,66,149834,15,249976
14396,0.001595,74.125.24.0-255,5738,155572,15,249976
14397,0.001598,172.31.36.0-255,66,155638,15,249976
14398,0.00162,172.31.36.0-255,66,155704,15,249976
14399,0.001631,74.125.24.0-255,2184,157888,15,249976
14400,0.001637,172.31.36.0-255,66,157954,15,249976
14401,0.001699,74.125.24.0-255,1484,159438,15,249976
14402,0.001704,74.125.24.0-255,1484,160922,15,249976
14403,0.001708,172.31.36.0-255,66,160988,15,249976
14404,0.001737,74.125.24.0-255,1484,162472,15,249976
14405,0.001744,74.125.24.0-255,5738,168210,15,249976
14406,0.001751,172.31.36.0-255,66,168276,15,249976
14407,0.001764,172.31.36.0-255,66,168342,15,249976
14408,0.001808,172.31.36.0-255,66,168408,15,249976
14409,0.001881,74.125.24.0-255,1484,169892,15,249976
14410,0.001897,74.125.24.0-255,2902,172794,15,249976
14411,0.001901,172.31.36.0-255,66,172860,15,249976
14412,0.001908,74.125.24.0-255,5738,178598,15,249976
14413,0.001916,172.31.36.0-255,66,178664,15,249976
14414,0.001931,74.125.24.0-255,2902,181566,15,249976
14415,0.001944,172.31.36.0-255,66,181632,15,249976
14416,0.001953,74.125.24.0-255,1484,183116,15,249976
14417,0.001989,74.125.24.0-255,4320,187436,15,249976
14418,0.002035,74.125.24.0-255,6438,193874,15,249976
14419,0.002233,74.125.24.0-255,1484,195358,15,249976
14420,0.002254,74.125.24.0-255,2902,198260,15,249976
14421,0.002299,74.125.24.0-255,5738,203998,15,249976
14422,0.002308,74.125.24.0-255,7156,211154,15,249976
14423,0.002324,74.125.24.0-255,1484,212638,15,249976
14424,0.002348,74.125.24.0-255,5738,218376,15,249976
14425,0.002386,74.125.24.0-255,1484,219860,15,249976
14426,0.002391,74.125.24.0-255,2902,222762,15,249976
14427,0.002419,74.125.24.0-255,5738,228500,15,249976
14428,0.002444,74.125.24.0-255,7156,235656,15,249976
14429,0.002574,74.125.24.0-255,2184,237840,15,249976
14430,0.006502,172.31.36.0-255,66,237906,15,249976
14431,0.009051,74.125.24.0-255,5738,243644,15,249976
14432,0.009061,172.31.36.0-255,66,243710,15,249976
14433,0.011592,74.125.24.0-255,1739,245449,15,249976
14434,0.011597,172.31.36.0-255,66,245515,15,249976
14435,0.011773,172.31.36.0-255,105,245620,15,249976
14436,0.014292,74.125.24.0-255,66,245686,15,249976
14437,0.032749,172.31.36.0-255,172,245858,15,249976
14438,0.03279,172.31.36.0-255,1110,246968,15,249976
14439,0.032852,172.31.36.0-255,1514,248482,15,249976
14440,0.032854,172.31.36.0-255,1296,249778,15,249976
14441,0.034249,104.244.42.0-255,66,249844,15,249976
14442,0.034314,104.244.42.0-255,66,249910,15,249976
14443,0.034411,104.244.42.0-255,66,249976,15,249976
14444,0.0,172.217.194.0-255,153,153,15,254085
14445,2.9e-05,172.217.194.0-255,1484,1637,15,254085
14446,3.8e-05,172.31.36.0-255,66,1703,15,254085
14447,4.6e-05,172.217.194.0-255,2902,4605,15,254085
14448,4.9e-05,172.31.36.0-255,66,4671,15,254085
14449,6.2e-05,172.217.194.0-255,7156,11827,15,254085
14450,6.6e-05,172.217.194.0-255,2039,13866,15,254085
14451,8.7e-05,172.31.36.0-255,66,13932,15,254085
14452,0.000159,172.217.194.0-255,2902,16834,15,254085
14453,0.000175,172.217.194.0-255,2543,19377,15,254085
14454,0.000237,172.217.194.0-255,1484,20861,15,254085
14455,0.000252,172.217.194.0-255,2902,23763,15,254085
14456,0.000264,172.31.36.0-255,66,23829,15,254085
14457,0.000295,172.217.194.0-255,5738,29567,15,254085
14458,0.0003,172.31.36.0-255,66,29633,15,254085
14459,0.000328,172.217.194.0-255,6797,36430,15,254085
14460,0.000333,172.31.36.0-255,66,36496,15,254085
14461,0.000358,172.217.194.0-255,4320,40816,15,254085
14462,0.00037,172.31.36.0-255,66,40882,15,254085
14463,0.000385,172.31.36.0-255,66,40948,15,254085
14464,0.000389,172.217.194.0-255,2543,43491,15,254085
14465,0.000402,172.31.36.0-255,66,43557,15,254085
14466,0.000408,172.217.194.0-255,340,43897,15,254085
14467,0.000457,172.217.194.0-255,1484,45381,15,254085
14468,0.000463,172.217.194.0-255,4320,49701,15,254085
14469,0.000468,172.217.194.0-255,5738,55439,15,254085
14470,0.00047,172.31.36.0-255,66,55505,15,254085
14471,0.000475,172.31.36.0-255,66,55571,15,254085
14472,0.000496,172.217.194.0-255,1484,57055,15,254085
14473,0.000517,172.31.36.0-255,66,57121,15,254085
14474,0.000535,172.217.194.0-255,2902,60023,15,254085
14475,0.000541,172.217.194.0-255,5020,65043,15,254085
14476,0.000544,172.217.194.0-255,402,65445,15,254085
14477,0.000546,172.31.36.0-255,66,65511,15,254085
14478,0.000852,172.217.194.0-255,1484,66995,15,254085
14479,0.000857,172.31.36.0-255,66,67061,15,254085
14480,0.000862,172.217.194.0-255,2902,69963,15,254085
14481,0.000882,172.31.36.0-255,66,70029,15,254085
14482,0.000886,172.217.194.0-255,5738,75767,15,254085
14483,0.000889,172.31.36.0-255,66,75833,15,254085
14484,0.000914,172.217.194.0-255,7156,82989,15,254085
14485,0.000923,172.31.36.0-255,66,83055,15,254085
14486,0.000947,172.217.194.0-255,5738,88793,15,254085
14487,0.000951,172.217.194.0-255,2902,91695,15,254085
14488,0.000958,172.31.36.0-255,66,91761,15,254085
14489,0.000992,172.217.194.0-255,1484,93245,15,254085
14490,0.001001,172.31.36.0-255,66,93311,15,254085
14491,0.001019,172.217.194.0-255,2902,96213,15,254085
14492,0.001025,172.217.194.0-255,5738,101951,15,254085
14493,0.001028,172.31.36.0-255,66,102017,15,254085
14494,0.001029,172.217.194.0-255,2902,104919,15,254085
14495,0.001033,172.31.36.0-255,66,104985,15,254085
14496,0.001077,172.31.36.0-255,66,105051,15,254085
14497,0.001078,172.217.194.0-255,4320,109371,15,254085
14498,0.001081,172.31.36.0-255,66,109437,15,254085
14499,0.001109,172.217.194.0-255,6438,115875,15,254085
14500,0.001118,172.31.36.0-255,66,115941,15,254085
14501,0.001753,172.217.194.0-255,1484,117425,15,254085
14502,0.001764,172.217.194.0-255,2902,120327,15,254085
14503,0.001768,172.31.36.0-255,66,120393,15,254085
14504,0.001775,172.217.194.0-255,4320,124713,15,254085
14505,0.001798,172.217.194.0-255,1484,126197,15,254085
14506,0.001806,172.217.194.0-255,7156,133353,15,254085
14507,0.00181,172.217.194.0-255,4320,137673,15,254085
14508,0.001847,172.217.194.0-255,1484,139157,15,254085
14509,0.001852,172.217.194.0-255,2184,141341,15,254085
14510,0.002111,172.217.194.0-255,1484,142825,15,254085
14511,0.002119,172.217.194.0-255,2902,145727,15,254085
14512,0.002124,172.217.194.0-255,4320,150047,15,254085
14513,0.002151,172.217.194.0-255,1484,151531,15,254085
14514,0.002156,172.217.194.0-255,5738,157269,15,254085
14515,0.002195,172.217.194.0-255,4320,161589,15,254085
14516,0.002223,172.217.194.0-255,5020,166609,15,254085
14517,0.002272,172.217.194.0-255,1484,168093,15,254085
14518,0.002275,172.217.194.0-255,1484,169577,15,254085
14519,0.002285,172.217.194.0-255,1484,171061,15,254085
14520,0.002296,172.217.194.0-255,1484,172545,15,254085
14521,0.002311,172.217.194.0-255,4320,176865,15,254085
14522,0.002377,172.217.194.0-255,7156,184021,15,254085
14523,0.002396,172.217.194.0-255,2902,186923,15,254085
14524,0.0024,172.217.194.0-255,1484,188407,15,254085
14525,0.002402,172.217.194.0-255,1484,189891,15,254085
14526,0.00241,172.217.194.0-255,7156,197047,15,254085
14527,0.002413,172.217.194.0-255,1484,198531,15,254085
14528,0.002446,172.217.194.0-255,3602,202133,15,254085
14529,0.002487,172.217.194.0-255,2902,205035,15,254085
14530,0.002505,172.217.194.0-255,4320,209355,15,254085
14531,0.002517,172.217.194.0-255,4320,213675,15,254085
14532,0.002544,172.217.194.0-255,4320,217995,15,254085
14533,0.002573,172.217.194.0-255,2902,220897,15,254085
14534,0.002591,172.217.194.0-255,5738,226635,15,254085
14535,0.002643,172.217.194.0-255,6438,233073,15,254085
14536,0.002647,172.217.194.0-255,1484,234557,15,254085
14537,0.002661,172.217.194.0-255,4320,238877,15,254085
14538,0.00271,172.217.194.0-255,2902,241779,15,254085
14539,0.002726,172.217.194.0-255,4320,246099,15,254085
14540,0.002752,172.217.194.0-255,4320,250419,15,254085
14541,0.002771,172.217.194.0-255,105,250524,15,254085
14542,0.005663,172.31.36.0-255,66,250590,15,254085
14543,0.007485,172.31.36.0-255,105,250695,15,254085
14544,0.009757,172.217.194.0-255,66,250761,15,254085
14545,0.02681,172.31.36.0-255,172,250933,15,254085
14546,0.026843,172.31.36.0-255,1109,252042,15,254085
14547,0.026874,172.31.36.0-255,1514,253556,15,254085
14548,0.026876,172.31.36.0-255,331,253887,15,254085
14549,0.028379,104.244.42.0-255,66,253953,15,254085
14550,0.028383,104.244.42.0-255,66,254019,15,254085
14551,0.028444,104.244.42.0-255,66,254085,15,254085
14552,0.0,74.125.200.0-255,153,153,15,311038
14553,2.8e-05,172.31.36.0-255,66,219,15,311038
14554,3.4e-05,74.125.200.0-255,1484,1703,15,311038
14555,3.9e-05,172.31.36.0-255,66,1769,15,311038
14556,4.3e-05,74.125.200.0-255,2902,4671,15,311038
14557,4.6e-05,172.31.36.0-255,66,4737,15,311038
14558,7.8e-05,74.125.200.0-255,5738,10475,15,311038
14559,8.1e-05,172.31.36.0-255,66,10541,15,311038
14560,0.000139,74.125.200.0-255,2902,13443,15,311038
14561,0.000143,172.31.36.0-255,66,13509,15,311038
14562,0.000181,74.125.200.0-255,3477,16986,15,311038
14563,0.000184,172.31.36.0-255,66,17052,15,311038
14564,0.000222,74.125.200.0-255,4320,21372,15,311038
14565,0.000225,172.31.36.0-255,66,21438,15,311038
14566,0.000251,74.125.200.0-255,4320,25758,15,311038
14567,0.000254,172.31.36.0-255,66,25824,15,311038
14568,0.000328,74.125.200.0-255,4320,30144,15,311038
14569,0.000332,172.31.36.0-255,66,30210,15,311038
14570,0.000348,74.125.200.0-255,1125,31335,15,311038
14571,0.000352,172.31.36.0-255,66,31401,15,311038
14572,0.000417,74.125.200.0-255,4320,35721,15,311038
14573,0.00042,172.31.36.0-255,66,35787,15,311038
14574,0.00045,74.125.200.0-255,4320,40107,15,311038
14575,0.000453,172.31.36.0-255,66,40173,15,311038
14576,0.000485,74.125.200.0-255,7156,47329,15,311038
14577,0.000489,172.31.36.0-255,66,47395,15,311038
14578,0.000603,74.125.200.0-255,7156,54551,15,311038
14579,0.000607,172.31.36.0-255,66,54617,15,311038
14580,0.000648,172.31.36.0-255,66,54683,15,311038
14581,0.000793,74.125.200.0-255,358,55041,15,311038
14582,0.000797,172.31.36.0-255,66,55107,15,311038
14583,0.000801,74.125.200.0-255,133,55240,15,311038
14584,0.000826,74.125.200.0-255,2902,58142,15,311038
14585,0.000866,74.125.200.0-255,7156,65298,15,311038
14586,0.000949,74.125.200.0-255,2902,68200,15,311038
14587,0.001137,172.31.36.0-255,66,68266,15,311038
14588,0.001146,74.125.200.0-255,4320,72586,15,311038
14589,0.00117,74.125.200.0-255,5020,77606,15,311038
14590,0.001177,172.31.36.0-255,66,77672,15,311038
14591,0.00146,172.31.36.0-255,101,77773,15,311038
14592,0.001636,74.125.200.0-255,1484,79257,15,311038
14593,0.001645,74.125.200.0-255,2902,82159,15,311038
14594,0.001649,172.31.36.0-255,66,82225,15,311038
14595,0.001673,74.125.200.0-255,2902,85127,15,311038
14596,0.001701,74.125.200.0-255,4320,89447,15,311038
14597,0.001864,74.125.200.0-255,2902,92349,15,311038
14598,0.001877,74.125.200.0-255,4320,96669,15,311038
14599,0.001956,74.125.200.0-255,2902,99571,15,311038
14600,0.001973,74.125.200.0-255,3602,103173,15,311038
14601,0.002037,74.125.200.0-255,2902,106075,15,311038
14602,0.002223,74.125.200.0-255,7156,113231,15,311038
14603,0.002466,74.125.200.0-255,4320,117551,15,311038
14604,0.00248,74.125.200.0-255,4320,121871,15,311038
14605,0.002579,74.125.200.0-255,7156,129027,15,311038
14606,0.002621,74.125.200.0-255,2184,131211,15,311038
14607,0.002953,74.125.200.0-255,2902,134113,15,311038
14608,0.00297,74.125.200.0-255,5738,139851,15,311038
14609,0.002984,74.125.200.0-255,7156,147007,15,311038
14610,0.003677,74.125.200.0-255,66,147073,15,311038
14611,0.007224,172.31.36.0-255,66,147139,15,311038
14612,0.009502,74.125.200.0-255,5738,152877,15,311038
14613,0.00951,172.31.36.0-255,66,152943,15,311038
14614,0.011777,74.125.200.0-255,5738,158681,15,311038
14615,0.011786,172.31.36.0-255,66,158747,15,311038
14616,0.014062,74.125.200.0-255,5738,164485,15,311038
14617,0.01407,172.31.36.0-255,66,164551,15,311038
14618,0.016345,74.125.200.0-255,5738,170289,15,311038
14619,0.016362,172.31.36.0-255,66,170355,15,311038
14620,0.018642,74.125.200.0-255,5738,176093,15,311038
14621,0.018656,172.31.36.0-255,66,176159,15,311038
14622,0.020931,74.125.200.0-255,5738,181897,15,311038
14623,0.020949,172.31.36.0-255,66,181963,15,311038
14624,0.023226,74.125.200.0-255,5738,187701,15,311038
14625,0.023237,172.31.36.0-255,66,187767,15,311038
14626,0.025504,74.125.200.0-255,5738,193505,15,311038
14627,0.025514,172.31.36.0-255,66,193571,15,311038
14628,0.027779,74.125.200.0-255,5738,199309,15,311038
14629,0.027789,172.31.36.0-255,66,199375,15,311038
14630,0.029217,172.31.36.0-255,167,199542,15,311038
14631,0.029248,172.31.36.0-255,1106,200648,15,311038
14632,0.029287,172.31.36.0-255,1514,202162,15,311038
14633,0.029289,172.31.36.0-255,1299,203461,15,311038
14634,0.030062,74.125.200.0-255,5738,209199,15,311038
14635,0.030069,172.31.36.0-255,66,209265,15,311038
14636,0.030747,104.244.42.0-255,66,209331,15,311038
14637,0.030797,104.244.42.0-255,66,209397,15,311038
14638,0.030855,104.244.42.0-255,66,209463,15,311038
14639,0.032332,74.125.200.0-255,5738,215201,15,311038
14640,0.032338,172.31.36.0-255,66,215267,15,311038
14641,0.034598,74.125.200.0-255,5738,221005,15,311038
14642,0.034604,172.31.36.0-255,66,221071,15,311038
14643,0.036858,74.125.200.0-255,5738,226809,15,311038
14644,0.036864,172.31.36.0-255,66,226875,15,311038
14645,0.039117,74.125.200.0-255,5738,232613,15,311038
14646,0.039122,172.31.36.0-255,66,232679,15,311038
14647,0.041383,74.125.200.0-255,5738,238417,15,311038
14648,0.041393,172.31.36.0-255,66,238483,15,311038
14649,0.043658,74.125.200.0-255,5738,244221,15,311038
14650,0.043663,172.31.36.0-255,66,244287,15,311038
14651,0.045922,74.125.200.0-255,5738,250025,15,311038
14652,0.045927,172.31.36.0-255,66,250091,15,311038
14653,0.04818,74.125.200.0-255,5738,255829,15,311038
14654,0.048186,172.31.36.0-255,66,255895,15,311038
14655,0.050445,74.125.200.0-255,5738,261633,15,311038
14656,0.05045,172.31.36.0-255,66,261699,15,311038
14657,0.052744,74.125.200.0-255,5738,267437,15,311038
14658,0.052751,172.31.36.0-255,66,267503,15,311038
14659,0.055004,74.125.200.0-255,5738,273241,15,311038
14660,0.055009,172.31.36.0-255,66,273307,15,311038
14661,0.057275,74.125.200.0-255,4320,277627,15,311038
14662,0.057282,172.31.36.0-255,66,277693,15,311038
14663,0.05731,74.125.200.0-255,1484,279177,15,311038
14664,0.059544,74.125.200.0-255,4320,283497,15,311038
14665,0.05955,172.31.36.0-255,66,283563,15,311038
14666,0.061814,74.125.200.0-255,5738,289301,15,311038
14667,0.061865,172.31.36.0-255,66,289367,15,311038
14668,0.064122,74.125.200.0-255,4320,293687,15,311038
14669,0.064129,172.31.36.0-255,66,293753,15,311038
14670,0.064161,74.125.200.0-255,1484,295237,15,311038
14671,0.066392,74.125.200.0-255,4320,299557,15,311038
14672,0.066397,172.31.36.0-255,66,299623,15,311038
14673,0.068653,74.125.200.0-255,5738,305361,15,311038
14674,0.068706,172.31.36.0-255,66,305427,15,311038
14675,0.070976,74.125.200.0-255,5374,310801,15,311038
14676,0.070981,172.31.36.0-255,66,310867,15,311038
14677,0.071169,172.31.36.0-255,105,310972,15,311038
14678,0.078843,74.125.200.0-255,66,311038,15,311038
14679,0.0,74.125.68.0-255,226,226,15,229214
14680,2.3e-05,172.31.36.0-255,66,292,15,229214
14681,3.1e-05,74.125.68.0-255,1484,1776,15,229214
14682,3.6e-05,172.31.36.0-255,66,1842,15,229214
14683,5.3e-05,74.125.68.0-255,1484,3326,15,229214
14684,5.5e-05,172.31.36.0-255,66,3392,15,229214
14685,7.3e-05,74.125.68.0-255,2902,6294,15,229214
14686,7.6e-05,172.31.36.0-255,66,6360,15,229214
14687,0.000246,172.31.36.0-255,66,6426,15,229214
14688,0.000584,74.125.68.0-255,1484,7910,15,229214
14689,0.00059,172.31.36.0-255,66,7976,15,229214
14690,0.000657,74.125.68.0-255,2902,10878,15,229214
14691,0.000661,172.31.36.0-255,66,10944,15,229214
14692,0.000777,74.125.68.0-255,5738,16682,15,229214
14693,0.000781,172.31.36.0-255,66,16748,15,229214
14694,0.001047,74.125.68.0-255,6991,23739,15,229214
14695,0.001054,172.31.36.0-255,66,23805,15,229214
14696,0.003601,74.125.68.0-255,5738,29543,15,229214
14697,0.003608,172.31.36.0-255,66,29609,15,229214
14698,0.006151,74.125.68.0-255,5738,35347,15,229214
14699,0.00616,172.31.36.0-255,66,35413,15,229214
14700,0.008706,74.125.68.0-255,2902,38315,15,229214
14701,0.008716,172.31.36.0-255,66,38381,15,229214
14702,0.00875,74.125.68.0-255,2902,41283,15,229214
14703,0.008753,172.31.36.0-255,66,41349,15,229214
14704,0.011254,74.125.68.0-255,2902,44251,15,229214
14705,0.011262,172.31.36.0-255,66,44317,15,229214
14706,0.011296,74.125.68.0-255,2902,47219,15,229214
14707,0.011299,172.31.36.0-255,66,47285,15,229214
14708,0.013813,74.125.68.0-255,2902,50187,15,229214
14709,0.013823,172.31.36.0-255,66,50253,15,229214
14710,0.013845,74.125.68.0-255,2902,53155,15,229214
14711,0.013848,172.31.36.0-255,66,53221,15,229214
14712,0.015886,172.31.36.0-255,167,53388,15,229214
14713,0.015916,172.31.36.0-255,1108,54496,15,229214
14714,0.015976,172.31.36.0-255,1514,56010,15,229214
14715,0.015978,172.31.36.0-255,334,56344,15,229214
14716,0.016379,74.125.68.0-255,2902,59246,15,229214
14717,0.016386,172.31.36.0-255,66,59312,15,229214
14718,0.016417,74.125.68.0-255,2902,62214,15,229214
14719,0.01642,172.31.36.0-255,66,62280,15,229214
14720,0.017549,104.244.42.0-255,66,62346,15,229214
14721,0.018915,74.125.68.0-255,2902,65248,15,229214
14722,0.018922,172.31.36.0-255,66,65314,15,229214
14723,0.018959,74.125.68.0-255,1484,66798,15,229214
14724,0.018962,172.31.36.0-255,66,66864,15,229214
14725,0.018979,74.125.68.0-255,1484,68348,15,229214
14726,0.018982,172.31.36.0-255,66,68414,15,229214
14727,0.02148,74.125.68.0-255,2902,71316,15,229214
14728,0.021487,172.31.36.0-255,66,71382,15,229214
14729,0.021519,74.125.68.0-255,2902,74284,15,229214
14730,0.021522,172.31.36.0-255,66,74350,15,229214
14731,0.024023,74.125.68.0-255,2902,77252,15,229214
14732,0.024031,172.31.36.0-255,66,77318,15,229214
14733,0.024056,74.125.68.0-255,1484,78802,15,229214
14734,0.024059,172.31.36.0-255,66,78868,15,229214
14735,0.024076,74.125.68.0-255,1484,80352,15,229214
14736,0.024078,172.31.36.0-255,66,80418,15,229214
14737,0.026581,74.125.68.0-255,2902,83320,15,229214
14738,0.026588,172.31.36.0-255,66,83386,15,229214
14739,0.026634,74.125.68.0-255,2902,86288,15,229214
14740,0.026637,172.31.36.0-255,66,86354,15,229214
14741,0.029132,74.125.68.0-255,2902,89256,15,229214
14742,0.029139,172.31.36.0-255,66,89322,15,229214
14743,0.029184,74.125.68.0-255,2902,92224,15,229214
14744,0.029187,172.31.36.0-255,66,92290,15,229214
14745,0.031671,74.125.68.0-255,2902,95192,15,229214
14746,0.031677,172.31.36.0-255,66,95258,15,229214
14747,0.031715,74.125.68.0-255,2902,98160,15,229214
14748,0.031718,172.31.36.0-255,66,98226,15,229214
14749,0.034228,74.125.68.0-255,2902,101128,15,229214
14750,0.034234,172.31.36.0-255,66,101194,15,229214
14751,0.034264,74.125.68.0-255,2902,104096,15,229214
14752,0.034267,172.31.36.0-255,66,104162,15,229214
14753,0.036769,74.125.68.0-255,2902,107064,15,229214
14754,0.036776,172.31.36.0-255,66,107130,15,229214
14755,0.036813,74.125.68.0-255,2902,110032,15,229214
14756,0.036816,172.31.36.0-255,66,110098,15,229214
14757,0.039325,74.125.68.0-255,2902,113000,15,229214
14758,0.039332,172.31.36.0-255,66,113066,15,229214
14759,0.039372,74.125.68.0-255,2902,115968,15,229214
14760,0.039375,172.31.36.0-255,66,116034,15,229214
14761,0.041866,74.125.68.0-255,2902,118936,15,229214
14762,0.041872,172.31.36.0-255,66,119002,15,229214
14763,0.041912,74.125.68.0-255,2902,121904,15,229214
14764,0.041915,172.31.36.0-255,66,121970,15,229214
14765,0.044413,74.125.68.0-255,2902,124872,15,229214
14766,0.04442,172.31.36.0-255,66,124938,15,229214
14767,0.044462,74.125.68.0-255,2902,127840,15,229214
14768,0.044465,172.31.36.0-255,66,127906,15,229214
14769,0.046998,74.125.68.0-255,2902,130808,15,229214
14770,0.047004,172.31.36.0-255,66,130874,15,229214
14771,0.047025,74.125.68.0-255,2902,133776,15,229214
14772,0.047028,172.31.36.0-255,66,133842,15,229214
14773,0.049581,74.125.68.0-255,2902,136744,15,229214
14774,0.049588,172.31.36.0-255,66,136810,15,229214
14775,0.049609,74.125.68.0-255,2902,139712,15,229214
14776,0.049612,172.31.36.0-255,66,139778,15,229214
14777,0.05213,74.125.68.0-255,2902,142680,15,229214
14778,0.052137,172.31.36.0-255,66,142746,15,229214
14779,0.05217,74.125.68.0-255,2902,145648,15,229214
14780,0.052172,172.31.36.0-255,66,145714,15,229214
14781,0.054686,74.125.68.0-255,2902,148616,15,229214
14782,0.054693,172.31.36.0-255,66,148682,15,229214
14783,0.054726,74.125.68.0-255,2902,151584,15,229214
14784,0.054729,172.31.36.0-255,66,151650,15,229214
14785,0.05725,74.125.68.0-255,2902,154552,15,229214
14786,0.057257,172.31.36.0-255,66,154618,15,229214
14787,0.05728,74.125.68.0-255,2902,157520,15,229214
14788,0.057283,172.31.36.0-255,66,157586,15,229214
14789,0.059796,74.125.68.0-255,2902,160488,15,229214
14790,0.059802,172.31.36.0-255,66,160554,15,229214
14791,0.059841,74.125.68.0-255,2902,163456,15,229214
14792,0.059844,172.31.36.0-255,66,163522,15,229214
14793,0.062357,74.125.68.0-255,2902,166424,15,229214
14794,0.062362,172.31.36.0-255,66,166490,15,229214
14795,0.062387,74.125.68.0-255,2902,169392,15,229214
14796,0.062389,172.31.36.0-255,66,169458,15,229214
14797,0.064914,74.125.68.0-255,2902,172360,15,229214
14798,0.064921,172.31.36.0-255,66,172426,15,229214
14799,0.064957,74.125.68.0-255,2902,175328,15,229214
14800,0.06496,172.31.36.0-255,66,175394,15,229214
14801,0.06745,74.125.68.0-255,2902,178296,15,229214
14802,0.067456,172.31.36.0-255,66,178362,15,229214
14803,0.0675,74.125.68.0-255,1484,179846,15,229214
14804,0.067502,172.31.36.0-255,66,179912,15,229214
14805,0.067525,74.125.68.0-255,1484,181396,15,229214
14806,0.067527,172.31.36.0-255,66,181462,15,229214
14807,0.070012,74.125.68.0-255,2902,184364,15,229214
14808,0.070019,172.31.36.0-255,66,184430,15,229214
14809,0.070061,74.125.68.0-255,2902,187332,15,229214
14810,0.070065,172.31.36.0-255,66,187398,15,229214
14811,0.072563,74.125.68.0-255,2902,190300,15,229214
14812,0.072569,172.31.36.0-255,66,190366,15,229214
14813,0.0726,74.125.68.0-255,1484,191850,15,229214
14814,0.072603,172.31.36.0-255,66,191916,15,229214
14815,0.072614,74.125.68.0-255,1484,193400,15,229214
14816,0.072616,172.31.36.0-255,66,193466,15,229214
14817,0.075119,74.125.68.0-255,2902,196368,15,229214
14818,0.075126,172.31.36.0-255,66,196434,15,229214
14819,0.075182,74.125.68.0-255,2902,199336,15,229214
14820,0.075186,172.31.36.0-255,66,199402,15,229214
14821,0.077694,74.125.68.0-255,2902,202304,15,229214
14822,0.077702,172.31.36.0-255,66,202370,15,229214
14823,0.077725,74.125.68.0-255,2902,205272,15,229214
14824,0.077728,172.31.36.0-255,66,205338,15,229214
14825,0.080245,74.125.68.0-255,2902,208240,15,229214
14826,0.08025,172.31.36.0-255,66,208306,15,229214
14827,0.080289,74.125.68.0-255,2902,211208,15,229214
14828,0.080291,172.31.36.0-255,66,211274,15,229214
14829,0.082825,74.125.68.0-255,2902,214176,15,229214
14830,0.082831,172.31.36.0-255,66,214242,15,229214
14831,0.082852,74.125.68.0-255,1484,215726,15,229214
14832,0.082854,172.31.36.0-255,66,215792,15,229214
14833,0.082872,74.125.68.0-255,1484,217276,15,229214
14834,0.082874,172.31.36.0-255,66,217342,15,229214
14835,0.08537,74.125.68.0-255,2902,220244,15,229214
14836,0.085376,172.31.36.0-255,66,220310,15,229214
14837,0.085409,74.125.68.0-255,2902,223212,15,229214
14838,0.085412,172.31.36.0-255,66,223278,15,229214
14839,0.087923,74.125.68.0-255,2902,226180,15,229214
14840,0.08793,172.31.36.0-255,66,226246,15,229214
14841,0.087967,74.125.68.0-255,2902,229148,15,229214
14842,0.08797,172.31.36.0-255,66,229214,15,229214
14843,0.0,172.217.194.0-255,153,153,15,225904
14844,2.8e-05,172.31.36.0-255,66,219,15,225904
14845,3.4e-05,172.217.194.0-255,1484,1703,15,225904
14846,3.8e-05,172.31.36.0-255,66,1769,15,225904
14847,4.3e-05,172.217.194.0-255,2902,4671,15,225904
14848,4.6e-05,172.31.36.0-255,66,4737,15,225904
14849,6.1e-05,172.217.194.0-255,7156,11893,15,225904
14850,6.4e-05,172.31.36.0-255,66,11959,15,225904
14851,8.9e-05,172.217.194.0-255,4320,16279,15,225904
14852,9.2e-05,172.31.36.0-255,66,16345,15,225904
14853,0.000125,172.31.36.0-255,66,16411,15,225904
14854,0.000154,172.217.194.0-255,3493,19904,15,225904
14855,0.000158,172.31.36.0-255,66,19970,15,225904
14856,0.000164,172.217.194.0-255,2543,22513,15,225904
14857,0.000166,172.31.36.0-255,66,22579,15,225904
14858,0.000191,172.217.194.0-255,1484,24063,15,225904
14859,0.000194,172.31.36.0-255,66,24129,15,225904
14860,0.000215,172.217.194.0-255,2902,27031,15,225904
14861,0.000218,172.31.36.0-255,66,27097,15,225904
14862,0.000224,172.217.194.0-255,5738,32835,15,225904
14863,0.000226,172.31.36.0-255,66,32901,15,225904
14864,0.000229,172.217.194.0-255,1484,34385,15,225904
14865,0.000231,172.31.36.0-255,66,34451,15,225904
14866,0.000236,172.217.194.0-255,2902,37353,15,225904
14867,0.000238,172.31.36.0-255,66,37419,15,225904
14868,0.000274,172.217.194.0-255,6797,44216,15,225904
14869,0.000278,172.31.36.0-255,66,44282,15,225904
14870,0.000285,172.217.194.0-255,4320,48602,15,225904
14871,0.000287,172.31.36.0-255,66,48668,15,225904
14872,0.000315,172.217.194.0-255,7156,55824,15,225904
14873,0.000323,172.31.36.0-255,66,55890,15,225904
14874,0.000327,172.217.194.0-255,1376,57266,15,225904
14875,0.000362,172.217.194.0-255,115,57381,15,225904
14876,0.000522,172.217.194.0-255,385,57766,15,225904
14877,0.000526,172.31.36.0-255,66,57832,15,225904
14878,0.00086,172.217.194.0-255,1484,59316,15,225904
14879,0.00087,172.217.194.0-255,2902,62218,15,225904
14880,0.000873,172.31.36.0-255,66,62284,15,225904
14881,0.00088,172.217.194.0-255,5738,68022,15,225904
14882,0.000882,172.31.36.0-255,66,68088,15,225904
14883,0.000922,172.31.36.0-255,66,68154,15,225904
14884,0.000935,172.31.36.0-255,66,68220,15,225904
14885,0.001378,172.217.194.0-255,1484,69704,15,225904
14886,0.001386,172.217.194.0-255,2902,72606,15,225904
14887,0.00139,172.31.36.0-255,66,72672,15,225904
14888,0.001397,172.217.194.0-255,5738,78410,15,225904
14889,0.001399,172.31.36.0-255,66,78476,15,225904
14890,0.001416,172.217.194.0-255,1484,79960,15,225904
14891,0.001448,172.31.36.0-255,66,80026,15,225904
14892,0.001455,172.217.194.0-255,5738,85764,15,225904
14893,0.001457,172.31.36.0-255,66,85830,15,225904
14894,0.001482,172.217.194.0-255,5020,90850,15,225904
14895,0.001484,172.31.36.0-255,66,90916,15,225904
14896,0.001549,172.217.194.0-255,1484,92400,15,225904
14897,0.001562,172.217.194.0-255,2902,95302,15,225904
14898,0.001565,172.31.36.0-255,66,95368,15,225904
14899,0.00157,172.217.194.0-255,4320,99688,15,225904
14900,0.001572,172.31.36.0-255,66,99754,15,225904
14901,0.001588,172.217.194.0-255,1484,101238,15,225904
14902,0.001593,172.217.194.0-255,4320,105558,15,225904
14903,0.001596,172.31.36.0-255,66,105624,15,225904
14904,0.001619,172.217.194.0-255,5738,111362,15,225904
14905,0.001626,172.31.36.0-255,66,111428,15,225904
14906,0.00164,172.217.194.0-255,2902,114330,15,225904
14907,0.001642,172.31.36.0-255,66,114396,15,225904
14908,0.001667,172.31.36.0-255,66,114462,15,225904
14909,0.001707,172.217.194.0-255,1484,115946,15,225904
14910,0.001719,172.217.194.0-255,2902,118848,15,225904
14911,0.001722,172.31.36.0-255,66,118914,15,225904
14912,0.001724,172.217.194.0-255,1484,120398,15,225904
14913,0.00175,172.217.194.0-255,4320,124718,15,225904
14914,0.001753,172.31.36.0-255,66,124784,15,225904
14915,0.001763,172.31.36.0-255,66,124850,15,225904
14916,0.001785,172.217.194.0-255,4320,129170,15,225904
14917,0.001787,172.31.36.0-255,66,129236,15,225904
14918,0.001802,172.31.36.0-255,66,129302,15,225904
14919,0.001824,172.217.194.0-255,2184,131486,15,225904
14920,0.001831,172.31.36.0-255,66,131552,15,225904
14921,0.001854,172.217.194.0-255,1484,133036,15,225904
14922,0.001866,172.217.194.0-255,2902,135938,15,225904
14923,0.001868,172.31.36.0-255,66,136004,15,225904
14924,0.001872,172.217.194.0-255,2902,138906,15,225904
14925,0.001874,172.31.36.0-255,66,138972,15,225904
14926,0.001907,172.217.194.0-255,2902,141874,15,225904
14927,0.001909,172.31.36.0-255,66,141940,15,225904
14928,0.001915,172.217.194.0-255,5738,147678,15,225904
14929,0.001917,172.31.36.0-255,66,147744,15,225904
14930,0.001921,172.217.194.0-255,2902,150646,15,225904
14931,0.001923,172.31.36.0-255,66,150712,15,225904
14932,0.001972,172.31.36.0-255,66,150778,15,225904
14933,0.001978,172.217.194.0-255,5020,155798,15,225904
14934,0.00198,172.31.36.0-255,66,155864,15,225904
14935,0.002004,172.217.194.0-255,1484,157348,15,225904
14936,0.002008,172.217.194.0-255,2902,160250,15,225904
14937,0.00201,172.31.36.0-255,66,160316,15,225904
14938,0.002049,172.217.194.0-255,4320,164636,15,225904
14939,0.002053,172.31.36.0-255,66,164702,15,225904
14940,0.002082,172.217.194.0-255,1484,166186,15,225904
14941,0.002088,172.217.194.0-255,4320,170506,15,225904
14942,0.002091,172.31.36.0-255,66,170572,15,225904
14943,0.002121,172.31.36.0-255,66,170638,15,225904
14944,0.002128,172.31.36.0-255,66,170704,15,225904
14945,0.002181,172.217.194.0-255,1484,172188,15,225904
14946,0.002187,172.217.194.0-255,2902,175090,15,225904
14947,0.002195,172.31.36.0-255,66,175156,15,225904
14948,0.002206,172.217.194.0-255,5738,180894,15,225904
14949,0.002215,172.31.36.0-255,66,180960,15,225904
14950,0.002265,172.31.36.0-255,66,181026,15,225904
14951,0.002271,172.31.36.0-255,66,181092,15,225904
14952,0.002366,172.31.36.0-255,66,181158,15,225904
14953,0.002372,172.31.36.0-255,66,181224,15,225904
14954,0.002375,172.217.194.0-255,1484,182708,15,225904
14955,0.002378,172.217.194.0-255,1484,184192,15,225904
14956,0.002385,172.31.36.0-255,66,184258,15,225904
14957,0.002392,172.217.194.0-255,1484,185742,15,225904
14958,0.002398,172.217.194.0-255,4320,190062,15,225904
14959,0.002411,172.31.36.0-255,66,190128,15,225904
14960,0.002422,172.217.194.0-255,1484,191612,15,225904
14961,0.002434,172.217.194.0-255,4320,195932,15,225904
14962,0.002438,172.31.36.0-255,66,195998,15,225904
14963,0.002484,172.31.36.0-255,66,196064,15,225904
14964,0.002489,172.31.36.0-255,66,196130,15,225904
14965,0.004932,172.217.194.0-255,4320,200450,15,225904
14966,0.004938,172.31.36.0-255,66,200516,15,225904
14967,0.004961,172.217.194.0-255,1484,202000,15,225904
14968,0.00738,172.217.194.0-255,4320,206320,15,225904
14969,0.007384,172.31.36.0-255,66,206386,15,225904
14970,0.009811,172.217.194.0-255,1484,207870,15,225904
14971,0.009831,172.217.194.0-255,4320,212190,15,225904
14972,0.009833,172.31.36.0-255,66,212256,15,225904
14973,0.012263,172.217.194.0-255,5738,217994,15,225904
14974,0.012271,172.31.36.0-255,66,218060,15,225904
14975,0.014703,172.217.194.0-255,3323,221383,15,225904
14976,0.01471,172.31.36.0-255,66,221449,15,225904
14977,0.015827,172.31.36.0-255,105,221554,15,225904
14978,0.018278,172.217.194.0-255,66,221620,15,225904
14979,0.030997,172.31.36.0-255,167,221787,15,225904
14980,0.031028,172.31.36.0-255,1110,222897,15,225904
14981,0.031064,172.31.36.0-255,1514,224411,15,225904
14982,0.031067,172.31.36.0-255,1295,225706,15,225904
14983,0.03265,104.244.42.0-255,66,225772,15,225904
14984,0.032681,104.244.42.0-255,66,225838,15,225904
14985,0.032723,104.244.42.0-255,66,225904,15,225904
14986,0.0,74.125.24.0-255,219,219,15,293855
14987,2.9e-05,172.31.36.0-255,66,285,15,293855
14988,3.6e-05,74.125.24.0-255,1484,1769,15,293855
14989,3.9e-05,172.31.36.0-255,66,1835,15,293855
14990,5.3e-05,74.125.24.0-255,4320,6155,15,293855
14991,5.6e-05,172.31.36.0-255,66,6221,15,293855
14992,6.3e-05,74.125.24.0-255,7156,13377,15,293855
14993,6.5e-05,172.31.36.0-255,66,13443,15,293855
14994,0.000102,172.31.36.0-255,66,13509,15,293855
14995,0.000131,74.125.24.0-255,6115,19624,15,293855
14996,0.000134,172.31.36.0-255,66,19690,15,293855
14997,0.000136,74.125.24.0-255,1125,20815,15,293855
14998,0.000138,172.31.36.0-255,66,20881,15,293855
14999,0.000206,74.125.24.0-255,1484,22365,15,293855
15000,0.00021,172.31.36.0-255,66,22431,15,293855
15001,0.000214,74.125.24.0-255,2902,25333,15,293855
15002,0.000216,172.31.36.0-255,66,25399,15,293855
15003,0.000221,74.125.24.0-255,2902,28301,15,293855
15004,0.000223,172.31.36.0-255,66,28367,15,293855
15005,0.000253,74.125.24.0-255,2902,31269,15,293855
15006,0.000256,172.31.36.0-255,66,31335,15,293855
15007,0.000285,74.125.24.0-255,5738,37073,15,293855
15008,0.000288,172.31.36.0-255,66,37139,15,293855
15009,0.000318,74.125.24.0-255,5738,42877,15,293855
15010,0.000322,172.31.36.0-255,66,42943,15,293855
15011,0.000344,172.31.36.0-255,66,43009,15,293855
15012,0.000346,74.125.24.0-255,427,43436,15,293855
15013,0.000349,172.31.36.0-255,66,43502,15,293855
15014,0.000487,74.125.24.0-255,1484,44986,15,293855
15015,0.000492,74.125.24.0-255,2902,47888,15,293855
15016,0.000496,172.31.36.0-255,66,47954,15,293855
15017,0.000501,172.31.36.0-255,66,48020,15,293855
15018,0.00053,74.125.24.0-255,5738,53758,15,293855
15019,0.000533,172.31.36.0-255,66,53824,15,293855
15020,0.000547,172.31.36.0-255,66,53890,15,293855
15021,0.000551,74.125.24.0-255,1484,55374,15,293855
15022,0.000596,172.31.36.0-255,66,55440,15,293855
15023,0.000605,74.125.24.0-255,7156,62596,15,293855
15024,0.000607,172.31.36.0-255,66,62662,15,293855
15025,0.000648,74.125.24.0-255,4320,66982,15,293855
15026,0.000655,74.125.24.0-255,7156,74138,15,293855
15027,0.000654,172.31.36.0-255,66,74204,15,293855
15028,0.000658,172.31.36.0-255,66,74270,15,293855
15029,0.000686,172.31.36.0-255,66,74336,15,293855
15030,0.000711,74.125.24.0-255,5302,79638,15,293855
15031,0.000719,172.31.36.0-255,66,79704,15,293855
15032,0.000742,74.125.24.0-255,1484,81188,15,293855
15033,0.000754,74.125.24.0-255,2902,84090,15,293855
15034,0.000757,172.31.36.0-255,66,84156,15,293855
15035,0.000782,74.125.24.0-255,4320,88476,15,293855
15036,0.000785,172.31.36.0-255,66,88542,15,293855
15037,0.000792,74.125.24.0-255,5738,94280,15,293855
15038,0.000794,172.31.36.0-255,66,94346,15,293855
15039,0.000832,172.31.36.0-255,66,94412,15,293855
15040,0.000849,172.31.36.0-255,66,94478,15,293855
15041,0.001459,74.125.24.0-255,1484,95962,15,293855
15042,0.001465,74.125.24.0-255,2902,98864,15,293855
15043,0.001468,172.31.36.0-255,66,98930,15,293855
15044,0.001473,74.125.24.0-255,2902,101832,15,293855
15045,0.001476,172.31.36.0-255,66,101898,15,293855
15046,0.0015,74.125.24.0-255,2902,104800,15,293855
15047,0.001509,172.31.36.0-255,66,104866,15,293855
15048,0.001517,74.125.24.0-255,7156,112022,15,293855
15049,0.001519,172.31.36.0-255,66,112088,15,293855
15050,0.001526,74.125.24.0-255,7156,119244,15,293855
15051,0.001528,172.31.36.0-255,66,119310,15,293855
15052,0.001544,74.125.24.0-255,7156,126466,15,293855
15053,0.001547,172.31.36.0-255,66,126532,15,293855
15054,0.001556,74.125.24.0-255,2184,128716,15,293855
15055,0.001558,172.31.36.0-255,66,128782,15,293855
15056,0.001715,74.125.24.0-255,1484,130266,15,293855
15057,0.001721,74.125.24.0-255,2902,133168,15,293855
15058,0.001724,172.31.36.0-255,66,133234,15,293855
15059,0.001728,74.125.24.0-255,1484,134718,15,293855
15060,0.001747,74.125.24.0-255,4320,139038,15,293855
15061,0.00175,172.31.36.0-255,66,139104,15,293855
15062,0.001767,74.125.24.0-255,7156,146260,15,293855
15063,0.001773,172.31.36.0-255,66,146326,15,293855
15064,0.001809,74.125.24.0-255,5738,152064,15,293855
15065,0.001813,172.31.36.0-255,66,152130,15,293855
15066,0.00183,172.31.36.0-255,66,152196,15,293855
15067,0.001908,74.125.24.0-255,1484,153680,15,293855
15068,0.001928,74.125.24.0-255,2902,156582,15,293855
15069,0.001931,172.31.36.0-255,66,156648,15,293855
15070,0.001964,74.125.24.0-255,5738,162386,15,293855
15071,0.001967,172.31.36.0-255,66,162452,15,293855
15072,0.001973,74.125.24.0-255,5738,168190,15,293855
15073,0.001976,172.31.36.0-255,66,168256,15,293855
15074,0.002004,172.31.36.0-255,66,168322,15,293855
15075,0.002018,172.31.36.0-255,66,168388,15,293855
15076,0.003966,74.125.24.0-255,5738,174126,15,293855
15077,0.003973,172.31.36.0-255,66,174192,15,293855
15078,0.005912,74.125.24.0-255,2902,177094,15,293855
15079,0.005915,172.31.36.0-255,66,177160,15,293855
15080,0.005926,74.125.24.0-255,2902,180062,15,293855
15081,0.005932,172.31.36.0-255,66,180128,15,293855
15082,0.007874,74.125.24.0-255,5738,185866,15,293855
15083,0.007881,172.31.36.0-255,66,185932,15,293855
15084,0.00982,74.125.24.0-255,5738,191670,15,293855
15085,0.009826,172.31.36.0-255,66,191736,15,293855
15086,0.011788,74.125.24.0-255,5738,197474,15,293855
15087,0.011795,172.31.36.0-255,66,197540,15,293855
15088,0.013762,74.125.24.0-255,5738,203278,15,293855
15089,0.01377,172.31.36.0-255,66,203344,15,293855
15090,0.015724,74.125.24.0-255,5738,209082,15,293855
15091,0.015733,172.31.36.0-255,66,209148,15,293855
15092,0.017693,74.125.24.0-255,5738,214886,15,293855
15093,0.017702,172.31.36.0-255,66,214952,15,293855
15094,0.019641,74.125.24.0-255,5738,220690,15,293855
15095,0.019647,172.31.36.0-255,66,220756,15,293855
15096,0.02162,74.125.24.0-255,5738,226494,15,293855
15097,0.021626,172.31.36.0-255,66,226560,15,293855
15098,0.023597,74.125.24.0-255,5738,232298,15,293855
15099,0.023604,172.31.36.0-255,66,232364,15,293855
15100,0.025561,74.125.24.0-255,5738,238102,15,293855
15101,0.025567,172.31.36.0-255,66,238168,15,293855
15102,0.027518,74.125.24.0-255,5738,243906,15,293855
15103,0.027526,172.31.36.0-255,66,243972,15,293855
15104,0.029498,74.125.24.0-255,5738,249710,15,293855
15105,0.029505,172.31.36.0-255,66,249776,15,293855
15106,0.030876,172.31.36.0-255,166,249942,15,293855
15107,0.030907,172.31.36.0-255,1130,251072,15,293855
15108,0.030943,172.31.36.0-255,1514,252586,15,293855
15109,0.030946,172.31.36.0-255,1275,253861,15,293855
15110,0.03145,74.125.24.0-255,5738,259599,15,293855
15111,0.031457,172.31.36.0-255,66,259665,15,293855
15112,0.032415,104.244.42.0-255,66,259731,15,293855
15113,0.032466,104.244.42.0-255,66,259797,15,293855
15114,0.032512,104.244.42.0-255,66,259863,15,293855
15115,0.033502,74.125.24.0-255,5738,265601,15,293855
15116,0.033507,172.31.36.0-255,66,265667,15,293855
15117,0.035486,74.125.24.0-255,5738,271405,15,293855
15118,0.035493,172.31.36.0-255,66,271471,15,293855
15119,0.037452,74.125.24.0-255,5738,277209,15,293855
15120,0.03746,172.31.36.0-255,66,277275,15,293855
15121,0.039422,74.125.24.0-255,5738,283013,15,293855
15122,0.039444,172.31.36.0-255,66,283079,15,293855
15123,0.041402,74.125.24.0-255,5738,288817,15,293855
15124,0.041407,172.31.36.0-255,66,288883,15,293855
15125,0.043382,74.125.24.0-255,4735,293618,15,293855
15126,0.043387,172.31.36.0-255,66,293684,15,293855
15127,0.043581,172.31.36.0-255,105,293789,15,293855
15128,0.045506,74.125.24.0-255,66,293855,15,293855
15129,0.0,172.217.194.0-255,153,153,15,280058
15130,3.3e-05,172.31.36.0-255,66,219,15,280058
15131,4.1e-05,172.217.194.0-255,1484,1703,15,280058
15132,4.5e-05,172.31.36.0-255,66,1769,15,280058
15133,5e-05,172.217.194.0-255,2902,4671,15,280058
15134,5.3e-05,172.31.36.0-255,66,4737,15,280058
15135,6.1e-05,172.217.194.0-255,7156,11893,15,280058
15136,6.5e-05,172.31.36.0-255,66,11959,15,280058
15137,7e-05,172.217.194.0-255,2011,13970,15,280058
15138,7.3e-05,172.31.36.0-255,66,14036,15,280058
15139,0.000104,172.217.194.0-255,1484,15520,15,280058
15140,0.000107,172.31.36.0-255,66,15586,15,280058
15141,0.000112,172.217.194.0-255,2902,18488,15,280058
15142,0.000114,172.31.36.0-255,66,18554,15,280058
15143,0.000141,172.217.194.0-255,5738,24292,15,280058
15144,0.000144,172.31.36.0-255,66,24358,15,280058
15145,0.000151,172.217.194.0-255,6797,31155,15,280058
15146,0.000153,172.31.36.0-255,66,31221,15,280058
15147,0.000414,172.217.194.0-255,1484,32705,15,280058
15148,0.000419,172.31.36.0-255,66,32771,15,280058
15149,0.000424,172.217.194.0-255,2902,35673,15,280058
15150,0.000426,172.31.36.0-255,66,35739,15,280058
15151,0.000458,172.217.194.0-255,5738,41477,15,280058
15152,0.000461,172.31.36.0-255,66,41543,15,280058
15153,0.000469,172.217.194.0-255,6797,48340,15,280058
15154,0.000472,172.31.36.0-255,66,48406,15,280058
15155,0.000717,172.217.194.0-255,1484,49890,15,280058
15156,0.000723,172.31.36.0-255,66,49956,15,280058
15157,0.000731,172.217.194.0-255,2902,52858,15,280058
15158,0.000734,172.31.36.0-255,66,52924,15,280058
15159,0.00074,172.217.194.0-255,5738,58662,15,280058
15160,0.000742,172.31.36.0-255,66,58728,15,280058
15161,0.000771,172.217.194.0-255,6797,65525,15,280058
15162,0.000775,172.31.36.0-255,66,65591,15,280058
15163,0.002452,172.217.194.0-255,645,66236,15,280058
15164,0.002478,172.217.194.0-255,1484,67720,15,280058
15165,0.002483,172.31.36.0-255,66,67786,15,280058
15166,0.002514,172.217.194.0-255,4320,72106,15,280058
15167,0.002516,172.31.36.0-255,66,72172,15,280058
15168,0.002519,172.217.194.0-255,1484,73656,15,280058
15169,0.002538,172.217.194.0-255,5738,79394,15,280058
15170,0.002541,172.31.36.0-255,66,79460,15,280058
15171,0.002582,172.31.36.0-255,66,79526,15,280058
15172,0.002601,172.217.194.0-255,2902,82428,15,280058
15173,0.002602,172.31.36.0-255,66,82494,15,280058
15174,0.005091,172.217.194.0-255,5738,88232,15,280058
15175,0.005094,172.31.36.0-255,66,88298,15,280058
15176,0.007608,172.217.194.0-255,5738,94036,15,280058
15177,0.007617,172.31.36.0-255,66,94102,15,280058
15178,0.010132,172.217.194.0-255,5738,99840,15,280058
15179,0.010143,172.31.36.0-255,66,99906,15,280058
15180,0.012657,172.217.194.0-255,5738,105644,15,280058
15181,0.012667,172.31.36.0-255,66,105710,15,280058
15182,0.015183,172.217.194.0-255,5738,111448,15,280058
15183,0.015194,172.31.36.0-255,66,111514,15,280058
15184,0.01773,172.217.194.0-255,5738,117252,15,280058
15185,0.017745,172.31.36.0-255,66,117318,15,280058
15186,0.020265,172.217.194.0-255,5738,123056,15,280058
15187,0.020276,172.31.36.0-255,66,123122,15,280058
15188,0.022795,172.217.194.0-255,5738,128860,15,280058
15189,0.022805,172.31.36.0-255,66,128926,15,280058
15190,0.023298,172.31.36.0-255,167,129093,15,280058
15191,0.023338,172.31.36.0-255,1106,130199,15,280058
15192,0.023417,172.31.36.0-255,1514,131713,15,280058
15193,0.023419,172.31.36.0-255,1299,133012,15,280058
15194,0.024841,104.244.42.0-255,66,133078,15,280058
15195,0.024887,104.244.42.0-255,66,133144,15,280058
15196,0.024993,104.244.42.0-255,66,133210,15,280058
15197,0.025302,172.217.194.0-255,4320,137530,15,280058
15198,0.025306,172.31.36.0-255,66,137596,15,280058
15199,0.025338,172.217.194.0-255,1484,139080,15,280058
15200,0.027803,172.217.194.0-255,4320,143400,15,280058
15201,0.027811,172.31.36.0-255,66,143466,15,280058
15202,0.03036,172.217.194.0-255,5738,149204,15,280058
15203,0.030366,172.31.36.0-255,66,149270,15,280058
15204,0.03289,172.217.194.0-255,5738,155008,15,280058
15205,0.032898,172.31.36.0-255,66,155074,15,280058
15206,0.035404,172.217.194.0-255,5738,160812,15,280058
15207,0.03541,172.31.36.0-255,66,160878,15,280058
15208,0.03792,172.217.194.0-255,5738,166616,15,280058
15209,0.037927,172.31.36.0-255,66,166682,15,280058
15210,0.040498,172.217.194.0-255,5738,172420,15,280058
15211,0.040504,172.31.36.0-255,66,172486,15,280058
15212,0.043024,172.217.194.0-255,5738,178224,15,280058
15213,0.04303,172.31.36.0-255,66,178290,15,280058
15214,0.045534,172.217.194.0-255,4320,182610,15,280058
15215,0.04554,172.31.36.0-255,66,182676,15,280058
15216,0.045567,172.217.194.0-255,1484,184160,15,280058
15217,0.048032,172.217.194.0-255,4320,188480,15,280058
15218,0.048038,172.31.36.0-255,66,188546,15,280058
15219,0.050538,172.217.194.0-255,5738,194284,15,280058
15220,0.050545,172.31.36.0-255,66,194350,15,280058
15221,0.053073,172.217.194.0-255,5738,200088,15,280058
15222,0.053079,172.31.36.0-255,66,200154,15,280058
15223,0.055597,172.217.194.0-255,5738,205892,15,280058
15224,0.055603,172.31.36.0-255,66,205958,15,280058
15225,0.058095,172.217.194.0-255,5738,211696,15,280058
15226,0.058101,172.31.36.0-255,66,211762,15,280058
15227,0.060619,172.217.194.0-255,5738,217500,15,280058
15228,0.060624,172.31.36.0-255,66,217566,15,280058
15229,0.063145,172.217.194.0-255,5738,223304,15,280058
15230,0.063151,172.31.36.0-255,66,223370,15,280058
15231,0.065651,172.217.194.0-255,5738,229108,15,280058
15232,0.065656,172.31.36.0-255,66,229174,15,280058
15233,0.068169,172.217.194.0-255,5738,234912,15,280058
15234,0.068174,172.31.36.0-255,66,234978,15,280058
15235,0.070707,172.217.194.0-255,5738,240716,15,280058
15236,0.070712,172.31.36.0-255,66,240782,15,280058
15237,0.07323,172.217.194.0-255,5738,246520,15,280058
15238,0.073236,172.31.36.0-255,66,246586,15,280058
15239,0.075747,172.217.194.0-255,4320,250906,15,280058
15240,0.075753,172.31.36.0-255,66,250972,15,280058
15241,0.075783,172.217.194.0-255,1484,252456,15,280058
15242,0.078249,172.217.194.0-255,4320,256776,15,280058
15243,0.078254,172.31.36.0-255,66,256842,15,280058
15244,0.080754,172.217.194.0-255,5738,262580,15,280058
15245,0.08076,172.31.36.0-255,66,262646,15,280058
15246,0.08328,172.217.194.0-255,5738,268384,15,280058
15247,0.083286,172.31.36.0-255,66,268450,15,280058
15248,0.085789,172.217.194.0-255,5738,274188,15,280058
15249,0.085795,172.31.36.0-255,66,274254,15,280058
15250,0.088327,172.217.194.0-255,5738,279992,15,280058
15251,0.08834,172.31.36.0-255,66,280058,15,280058
15252,0.0,74.125.24.0-255,153,153,15,198714
15253,2.3e-05,172.31.36.0-255,66,219,15,198714
15254,3e-05,74.125.24.0-255,1484,1703,15,198714
15255,3.4e-05,172.31.36.0-255,66,1769,15,198714
15256,3.8e-05,74.125.24.0-255,1484,3253,15,198714
15257,4e-05,172.31.36.0-255,66,3319,15,198714
15258,5.9e-05,74.125.24.0-255,2902,6221,15,198714
15259,6.1e-05,172.31.36.0-255,66,6287,15,198714
15260,8.3e-05,74.125.24.0-255,1484,7771,15,198714
15261,8.5e-05,172.31.36.0-255,66,7837,15,198714
15262,9.1e-05,74.125.24.0-255,2902,10739,15,198714
15263,9.3e-05,172.31.36.0-255,66,10805,15,198714
15264,0.000115,74.125.24.0-255,1484,12289,15,198714
15265,0.000118,172.31.36.0-255,66,12355,15,198714
15266,0.000126,74.125.24.0-255,5738,18093,15,198714
15267,0.000128,172.31.36.0-255,66,18159,15,198714
15268,0.000148,74.125.24.0-255,4920,23079,15,198714
15269,0.000151,172.31.36.0-255,66,23145,15,198714
15270,0.000207,74.125.24.0-255,2902,26047,15,198714
15271,0.00021,172.31.36.0-255,66,26113,15,198714
15272,0.000221,74.125.24.0-255,1484,27597,15,198714
15273,0.000225,172.31.36.0-255,66,27663,15,198714
15274,0.000246,74.125.24.0-255,3961,31624,15,198714
15275,0.000249,172.31.36.0-255,66,31690,15,198714
15276,0.000286,74.125.24.0-255,1484,33174,15,198714
15277,0.000288,172.31.36.0-255,66,33240,15,198714
15278,0.000308,74.125.24.0-255,2902,36142,15,198714
15279,0.000311,172.31.36.0-255,66,36208,15,198714
15280,0.000339,172.31.36.0-255,66,36274,15,198714
15281,0.000416,74.125.24.0-255,4320,40594,15,198714
15282,0.000419,172.31.36.0-255,66,40660,15,198714
15283,0.000442,74.125.24.0-255,5738,46398,15,198714
15284,0.000445,172.31.36.0-255,66,46464,15,198714
15285,0.000505,74.125.24.0-255,1484,47948,15,198714
15286,0.000531,172.31.36.0-255,66,48014,15,198714
15287,0.000569,74.125.24.0-255,362,48376,15,198714
15288,0.000572,74.125.24.0-255,126,48502,15,198714
15289,0.000663,74.125.24.0-255,1484,49986,15,198714
15290,0.000668,172.31.36.0-255,66,50052,15,198714
15291,0.000673,74.125.24.0-255,2902,52954,15,198714
15292,0.000675,172.31.36.0-255,66,53020,15,198714
15293,0.000697,74.125.24.0-255,5738,58758,15,198714
15294,0.000699,172.31.36.0-255,66,58824,15,198714
15295,0.000747,74.125.24.0-255,7156,65980,15,198714
15296,0.00075,172.31.36.0-255,66,66046,15,198714
15297,0.000768,74.125.24.0-255,5738,71784,15,198714
15298,0.000771,172.31.36.0-255,66,71850,15,198714
15299,0.000862,74.125.24.0-255,4320,76170,15,198714
15300,0.000865,172.31.36.0-255,66,76236,15,198714
15301,0.000889,74.125.24.0-255,4320,80556,15,198714
15302,0.000892,172.31.36.0-255,66,80622,15,198714
15303,0.000939,74.125.24.0-255,2469,83091,15,198714
15304,0.000942,172.31.36.0-255,66,83157,15,198714
15305,0.000962,74.125.24.0-255,2902,86059,15,198714
15306,0.000965,172.31.36.0-255,66,86125,15,198714
15307,0.000981,74.125.24.0-255,1484,87609,15,198714
15308,0.000997,74.125.24.0-255,5738,93347,15,198714
15309,0.001,172.31.36.0-255,66,93413,15,198714
15310,0.001064,74.125.24.0-255,4320,97733,15,198714
15311,0.001069,172.31.36.0-255,66,97799,15,198714
15312,0.001101,74.125.24.0-255,1484,99283,15,198714
15313,0.001113,172.31.36.0-255,66,99349,15,198714
15314,0.001238,74.125.24.0-255,5738,105087,15,198714
15315,0.001254,74.125.24.0-255,2184,107271,15,198714
15316,0.001257,172.31.36.0-255,66,107337,15,198714
15317,0.001264,172.31.36.0-255,66,107403,15,198714
15318,0.001321,74.125.24.0-255,1484,108887,15,198714
15319,0.001348,74.125.24.0-255,2902,111789,15,198714
15320,0.001351,172.31.36.0-255,66,111855,15,198714
15321,0.001356,74.125.24.0-255,2902,114757,15,198714
15322,0.001358,172.31.36.0-255,66,114823,15,198714
15323,0.001405,74.125.24.0-255,7156,121979,15,198714
15324,0.001416,172.31.36.0-255,66,122045,15,198714
15325,0.00145,74.125.24.0-255,1484,123529,15,198714
15326,0.00146,74.125.24.0-255,1484,125013,15,198714
15327,0.001466,172.31.36.0-255,66,125079,15,198714
15328,0.001489,74.125.24.0-255,7156,132235,15,198714
15329,0.001494,172.31.36.0-255,66,132301,15,198714
15330,0.001505,74.125.24.0-255,4320,136621,15,198714
15331,0.001509,172.31.36.0-255,66,136687,15,198714
15332,0.001569,74.125.24.0-255,5020,141707,15,198714
15333,0.001595,172.31.36.0-255,66,141773,15,198714
15334,0.001869,74.125.24.0-255,1484,143257,15,198714
15335,0.001875,74.125.24.0-255,1484,144741,15,198714
15336,0.001878,172.31.36.0-255,66,144807,15,198714
15337,0.001898,74.125.24.0-255,1484,146291,15,198714
15338,0.001905,74.125.24.0-255,5738,152029,15,198714
15339,0.001936,74.125.24.0-255,1484,153513,15,198714
15340,0.00195,74.125.24.0-255,5738,159251,15,198714
15341,0.001961,74.125.24.0-255,2902,162153,15,198714
15342,0.001992,172.31.36.0-255,66,162219,15,198714
15343,0.002036,74.125.24.0-255,1484,163703,15,198714
15344,0.002078,172.31.36.0-255,66,163769,15,198714
15345,0.002139,74.125.24.0-255,1484,165253,15,198714
15346,0.002177,172.31.36.0-255,66,165319,15,198714
15347,0.002224,172.31.36.0-255,66,165385,15,198714
15348,0.002371,74.125.24.0-255,5738,171123,15,198714
15349,0.00238,172.31.36.0-255,66,171189,15,198714
15350,0.002395,74.125.24.0-255,6438,177627,15,198714
15351,0.002414,172.31.36.0-255,66,177693,15,198714
15352,0.002556,172.31.36.0-255,66,177759,15,198714
15353,0.002773,74.125.24.0-255,4320,182079,15,198714
15354,0.002778,172.31.36.0-255,66,182145,15,198714
15355,0.002828,74.125.24.0-255,7156,189301,15,198714
15356,0.002836,172.31.36.0-255,66,189367,15,198714
15357,0.002867,172.31.36.0-255,66,189433,15,198714
15358,0.003233,172.31.36.0-255,66,189499,15,198714
15359,0.003286,172.31.36.0-255,66,189565,15,198714
15360,0.003496,74.125.24.0-255,4320,193885,15,198714
15361,0.003501,172.31.36.0-255,66,193951,15,198714
15362,0.003543,172.31.36.0-255,66,194017,15,198714
15363,0.003595,172.31.36.0-255,66,194083,15,198714
15364,0.006268,74.125.24.0-255,105,194188,15,198714
15365,0.011941,172.31.36.0-255,66,194254,15,198714
15366,0.011988,172.31.36.0-255,105,194359,15,198714
15367,0.014639,74.125.24.0-255,66,194425,15,198714
15368,0.0471,172.31.36.0-255,172,194597,15,198714
15369,0.047149,172.31.36.0-255,1110,195707,15,198714
15370,0.047217,172.31.36.0-255,1514,197221,15,198714
15371,0.047219,172.31.36.0-255,1295,198516,15,198714
15372,0.048739,104.244.42.0-255,66,198582,15,198714
15373,0.048789,104.244.42.0-255,66,198648,15,198714
15374,0.048891,104.244.42.0-255,66,198714,15,198714
15375,0.0,74.125.200.0-255,143,143,15,362085
15376,2e-05,172.31.36.0-255,66,209,15,362085
15377,2.7e-05,74.125.200.0-255,1484,1693,15,362085
15378,3.2e-05,172.31.36.0-255,66,1759,15,362085
15379,5.8e-05,74.125.200.0-255,1484,3243,15,362085
15380,6e-05,172.31.36.0-255,66,3309,15,362085
15381,8.5e-05,74.125.200.0-255,1484,4793,15,362085
15382,8.8e-05,172.31.36.0-255,66,4859,15,362085
15383,9.2e-05,74.125.200.0-255,1484,6343,15,362085
15384,9.4e-05,172.31.36.0-255,66,6409,15,362085
15385,0.000112,74.125.200.0-255,1484,7893,15,362085
15386,0.00012,172.31.36.0-255,66,7959,15,362085
15387,0.000129,74.125.200.0-255,5738,13697,15,362085
15388,0.000131,172.31.36.0-255,66,13763,15,362085
15389,0.000173,74.125.200.0-255,594,14357,15,362085
15390,0.000175,172.31.36.0-255,66,14423,15,362085
15391,0.000282,74.125.200.0-255,1484,15907,15,362085
15392,0.000287,172.31.36.0-255,66,15973,15,362085
15393,0.000293,74.125.200.0-255,2902,18875,15,362085
15394,0.000295,172.31.36.0-255,66,18941,15,362085
15395,0.000325,74.125.200.0-255,5738,24679,15,362085
15396,0.000327,172.31.36.0-255,66,24745,15,362085
15397,0.000353,74.125.200.0-255,1484,26229,15,362085
15398,0.000355,172.31.36.0-255,66,26295,15,362085
15399,0.000387,74.125.200.0-255,5379,31674,15,362085
15400,0.00039,172.31.36.0-255,66,31740,15,362085
15401,0.000395,74.125.200.0-255,2902,34642,15,362085
15402,0.000397,172.31.36.0-255,66,34708,15,362085
15403,0.000403,74.125.200.0-255,4320,39028,15,362085
15404,0.000413,172.31.36.0-255,66,39094,15,362085
15405,0.000418,74.125.200.0-255,4320,43414,15,362085
15406,0.000421,172.31.36.0-255,66,43480,15,362085
15407,0.000458,74.125.200.0-255,4320,47800,15,362085
15408,0.000461,172.31.36.0-255,66,47866,15,362085
15409,0.000466,74.125.200.0-255,4320,52186,15,362085
15410,0.000468,172.31.36.0-255,66,52252,15,362085
15411,0.000498,74.125.200.0-255,7156,59408,15,362085
15412,0.000501,172.31.36.0-255,66,59474,15,362085
15413,0.000532,74.125.200.0-255,5738,65212,15,362085
15414,0.000535,172.31.36.0-255,66,65278,15,362085
15415,0.000537,74.125.200.0-255,766,66044,15,362085
15416,0.000557,74.125.200.0-255,409,66453,15,362085
15417,0.000621,74.125.200.0-255,1484,67937,15,362085
15418,0.000625,172.31.36.0-255,66,68003,15,362085
15419,0.000651,74.125.200.0-255,2902,70905,15,362085
15420,0.000653,172.31.36.0-255,66,70971,15,362085
15421,0.00066,74.125.200.0-255,5738,76709,15,362085
15422,0.000662,172.31.36.0-255,66,76775,15,362085
15423,0.000697,172.31.36.0-255,66,76841,15,362085
15424,0.000721,74.125.200.0-255,1484,78325,15,362085
15425,0.000736,172.31.36.0-255,66,78391,15,362085
15426,0.001626,74.125.200.0-255,1484,79875,15,362085
15427,0.001633,74.125.200.0-255,1484,81359,15,362085
15428,0.001637,172.31.36.0-255,66,81425,15,362085
15429,0.001665,74.125.200.0-255,1484,82909,15,362085
15430,0.001672,74.125.200.0-255,5738,88647,15,362085
15431,0.001674,172.31.36.0-255,66,88713,15,362085
15432,0.001678,74.125.200.0-255,1484,90197,15,362085
15433,0.001707,172.31.36.0-255,66,90263,15,362085
15434,0.001731,74.125.200.0-255,1484,91747,15,362085
15435,0.001737,74.125.200.0-255,4320,96067,15,362085
15436,0.001739,172.31.36.0-255,66,96133,15,362085
15437,0.001769,74.125.200.0-255,2902,99035,15,362085
15438,0.001771,172.31.36.0-255,66,99101,15,362085
15439,0.001777,74.125.200.0-255,3602,102703,15,362085
15440,0.001779,172.31.36.0-255,66,102769,15,362085
15441,0.001848,74.125.200.0-255,1484,104253,15,362085
15442,0.001854,74.125.200.0-255,2902,107155,15,362085
15443,0.001857,172.31.36.0-255,66,107221,15,362085
15444,0.001906,74.125.200.0-255,5738,112959,15,362085
15445,0.001909,172.31.36.0-255,66,113025,15,362085
15446,0.001925,172.31.36.0-255,66,113091,15,362085
15447,0.001933,74.125.200.0-255,7156,120247,15,362085
15448,0.001935,172.31.36.0-255,66,120313,15,362085
15449,0.00196,74.125.200.0-255,4320,124633,15,362085
15450,0.001962,172.31.36.0-255,66,124699,15,362085
15451,0.001974,74.125.200.0-255,2184,126883,15,362085
15452,0.001976,172.31.36.0-255,66,126949,15,362085
15453,0.003926,74.125.200.0-255,2902,129851,15,362085
15454,0.003932,172.31.36.0-255,66,129917,15,362085
15455,0.003961,74.125.200.0-255,2902,132819,15,362085
15456,0.003963,172.31.36.0-255,66,132885,15,362085
15457,0.005912,74.125.200.0-255,4320,137205,15,362085
15458,0.005918,172.31.36.0-255,66,137271,15,362085
15459,0.005947,74.125.200.0-255,1484,138755,15,362085
15460,0.007883,74.125.200.0-255,4320,143075,15,362085
15461,0.007889,172.31.36.0-255,66,143141,15,362085
15462,0.009862,74.125.200.0-255,4320,147461,15,362085
15463,0.009869,172.31.36.0-255,66,147527,15,362085
15464,0.009899,74.125.200.0-255,1484,149011,15,362085
15465,0.011841,74.125.200.0-255,4320,153331,15,362085
15466,0.011848,172.31.36.0-255,66,153397,15,362085
15467,0.013845,74.125.200.0-255,5738,159135,15,362085
15468,0.013852,172.31.36.0-255,66,159201,15,362085
15469,0.015829,74.125.200.0-255,5738,164939,15,362085
15470,0.015836,172.31.36.0-255,66,165005,15,362085
15471,0.017812,74.125.200.0-255,5738,170743,15,362085
15472,0.017822,172.31.36.0-255,66,170809,15,362085
15473,0.019805,74.125.200.0-255,5738,176547,15,362085
15474,0.019813,172.31.36.0-255,66,176613,15,362085
15475,0.02178,74.125.200.0-255,5738,182351,15,362085
15476,0.021788,172.31.36.0-255,66,182417,15,362085
15477,0.02376,74.125.200.0-255,5738,188155,15,362085
15478,0.023767,172.31.36.0-255,66,188221,15,362085
15479,0.025736,74.125.200.0-255,5738,193959,15,362085
15480,0.025744,172.31.36.0-255,66,194025,15,362085
15481,0.027719,74.125.200.0-255,5738,199763,15,362085
15482,0.027726,172.31.36.0-255,66,199829,15,362085
15483,0.029704,74.125.200.0-255,5738,205567,15,362085
15484,0.029711,172.31.36.0-255,66,205633,15,362085
15485,0.03021,172.31.36.0-255,167,205800,15,362085
15486,0.030238,172.31.36.0-255,1106,206906,15,362085
15487,0.030296,172.31.36.0-255,1514,208420,15,362085
15488,0.030302,172.31.36.0-255,1299,209719,15,362085
15489,0.031722,74.125.200.0-255,5738,215457,15,362085
15490,0.031729,172.31.36.0-255,66,215523,15,362085
15491,0.031745,104.244.42.0-255,66,215589,15,362085
15492,0.031769,104.244.42.0-255,66,215655,15,362085
15493,0.031875,104.244.42.0-255,66,215721,15,362085
15494,0.033703,74.125.200.0-255,5738,221459,15,362085
15495,0.033709,172.31.36.0-255,66,221525,15,362085
15496,0.035676,74.125.200.0-255,5738,227263,15,362085
15497,0.035683,172.31.36.0-255,66,227329,15,362085
15498,0.037654,74.125.200.0-255,5738,233067,15,362085
15499,0.037661,172.31.36.0-255,66,233133,15,362085
15500,0.039639,74.125.200.0-255,4320,237453,15,362085
15501,0.039646,172.31.36.0-255,66,237519,15,362085
15502,0.039672,74.125.200.0-255,1484,239003,15,362085
15503,0.041637,74.125.200.0-255,4320,243323,15,362085
15504,0.041647,172.31.36.0-255,66,243389,15,362085
15505,0.043635,74.125.200.0-255,5738,249127,15,362085
15506,0.043642,172.31.36.0-255,66,249193,15,362085
15507,0.045642,74.125.200.0-255,5738,254931,15,362085
15508,0.045648,172.31.36.0-255,66,254997,15,362085
15509,0.047627,74.125.200.0-255,5738,260735,15,362085
15510,0.047633,172.31.36.0-255,66,260801,15,362085
15511,0.049624,74.125.200.0-255,5738,266539,15,362085
15512,0.04963,172.31.36.0-255,66,266605,15,362085
15513,0.051607,74.125.200.0-255,5738,272343,15,362085
15514,0.051611,172.31.36.0-255,66,272409,15,362085
15515,0.053629,74.125.200.0-255,5738,278147,15,362085
15516,0.053636,172.31.36.0-255,66,278213,15,362085
15517,0.055631,74.125.200.0-255,5738,283951,15,362085
15518,0.055639,172.31.36.0-255,66,284017,15,362085
15519,0.057666,74.125.200.0-255,5738,289755,15,362085
15520,0.057673,172.31.36.0-255,66,289821,15,362085
15521,0.059666,74.125.200.0-255,5738,295559,15,362085
15522,0.059673,172.31.36.0-255,66,295625,15,362085
15523,0.061657,74.125.200.0-255,5738,301363,15,362085
15524,0.061664,172.31.36.0-255,66,301429,15,362085
15525,0.063635,74.125.200.0-255,5738,307167,15,362085
15526,0.063641,172.31.36.0-255,66,307233,15,362085
15527,0.065613,74.125.200.0-255,5738,312971,15,362085
15528,0.06562,172.31.36.0-255,66,313037,15,362085
15529,0.06759,74.125.200.0-255,4320,317357,15,362085
15530,0.067596,172.31.36.0-255,66,317423,15,362085
15531,0.067626,74.125.200.0-255,1484,318907,15,362085
15532,0.069568,74.125.200.0-255,4320,323227,15,362085
15533,0.069573,172.31.36.0-255,66,323293,15,362085
15534,0.071556,74.125.200.0-255,5738,329031,15,362085
15535,0.071563,172.31.36.0-255,66,329097,15,362085
15536,0.073535,74.125.200.0-255,5738,334835,15,362085
15537,0.073541,172.31.36.0-255,66,334901,15,362085
15538,0.075527,74.125.200.0-255,5738,340639,15,362085
15539,0.075536,172.31.36.0-255,66,340705,15,362085
15540,0.077519,74.125.200.0-255,5738,346443,15,362085
15541,0.077526,172.31.36.0-255,66,346509,15,362085
15542,0.079503,74.125.200.0-255,5738,352247,15,362085
15543,0.079509,172.31.36.0-255,66,352313,15,362085
15544,0.081475,74.125.200.0-255,5738,358051,15,362085
15545,0.081482,172.31.36.0-255,66,358117,15,362085
15546,0.083451,74.125.200.0-255,3731,361848,15,362085
15547,0.083457,172.31.36.0-255,66,361914,15,362085
15548,0.083634,172.31.36.0-255,105,362019,15,362085
15549,0.085562,74.125.200.0-255,66,362085,15,362085
15550,0.0,172.217.194.0-255,289,289,15,152103
15551,1.4e-05,172.217.194.0-255,1484,1773,15,152103
15552,2.4e-05,172.31.36.0-255,66,1839,15,152103
15553,3.3e-05,172.217.194.0-255,4320,6159,15,152103
15554,3.6e-05,172.31.36.0-255,66,6225,15,152103
15555,7.7e-05,172.31.36.0-255,66,6291,15,152103
15556,0.000108,172.31.36.0-255,66,6357,15,152103
15557,0.000136,172.31.36.0-255,66,6423,15,152103
15558,0.000194,172.31.36.0-255,66,6489,15,152103
15559,0.00022,172.217.194.0-255,3961,10450,15,152103
15560,0.000223,172.31.36.0-255,66,10516,15,152103
15561,0.000243,172.31.36.0-255,66,10582,15,152103
15562,0.000247,172.217.194.0-255,1438,12020,15,152103
15563,0.000283,172.217.194.0-255,364,12384,15,152103
15564,0.000286,172.31.36.0-255,66,12450,15,152103
15565,0.000597,172.217.194.0-255,1484,13934,15,152103
15566,0.000616,172.217.194.0-255,2902,16836,15,152103
15567,0.000621,172.31.36.0-255,66,16902,15,152103
15568,0.000628,172.217.194.0-255,5738,22640,15,152103
15569,0.000631,172.31.36.0-255,66,22706,15,152103
15570,0.000649,172.31.36.0-255,66,22772,15,152103
15571,0.000675,172.217.194.0-255,1484,24256,15,152103
15572,0.000683,172.217.194.0-255,7156,31412,15,152103
15573,0.000686,172.31.36.0-255,66,31478,15,152103
15574,0.00072,172.217.194.0-255,3602,35080,15,152103
15575,0.000723,172.31.36.0-255,66,35146,15,152103
15576,0.00103,172.217.194.0-255,1484,36630,15,152103
15577,0.001037,172.217.194.0-255,2902,39532,15,152103
15578,0.00104,172.31.36.0-255,66,39598,15,152103
15579,0.001045,172.217.194.0-255,1484,41082,15,152103
15580,0.001068,172.217.194.0-255,4320,45402,15,152103
15581,0.001071,172.31.36.0-255,66,45468,15,152103
15582,0.001079,172.217.194.0-255,7156,52624,15,152103
15583,0.001081,172.31.36.0-255,66,52690,15,152103
15584,0.001089,172.217.194.0-255,7156,59846,15,152103
15585,0.001091,172.31.36.0-255,66,59912,15,152103
15586,0.001122,172.217.194.0-255,7156,67068,15,152103
15587,0.001125,172.31.36.0-255,66,67134,15,152103
15588,0.00113,172.217.194.0-255,2184,69318,15,152103
15589,0.001132,172.31.36.0-255,66,69384,15,152103
15590,0.001137,172.217.194.0-255,2902,72286,15,152103
15591,0.001139,172.31.36.0-255,66,72352,15,152103
15592,0.001142,172.217.194.0-255,1484,73836,15,152103
15593,0.001173,172.217.194.0-255,5738,79574,15,152103
15594,0.001176,172.31.36.0-255,66,79640,15,152103
15595,0.001189,172.31.36.0-255,66,79706,15,152103
15596,0.001244,172.31.36.0-255,66,79772,15,152103
15597,0.001251,172.217.194.0-255,5738,85510,15,152103
15598,0.001254,172.31.36.0-255,66,85576,15,152103
15599,0.00129,172.31.36.0-255,66,85642,15,152103
15600,0.001304,172.31.36.0-255,66,85708,15,152103
15601,0.001331,172.217.194.0-255,6438,92146,15,152103
15602,0.001334,172.31.36.0-255,66,92212,15,152103
15603,0.001391,172.217.194.0-255,1484,93696,15,152103
15604,0.001397,172.217.194.0-255,2902,96598,15,152103
15605,0.0014,172.31.36.0-255,66,96664,15,152103
15606,0.001407,172.217.194.0-255,5738,102402,15,152103
15607,0.00141,172.31.36.0-255,66,102468,15,152103
15608,0.00145,172.31.36.0-255,66,102534,15,152103
15609,0.001519,172.217.194.0-255,5738,108272,15,152103
15610,0.001522,172.31.36.0-255,66,108338,15,152103
15611,0.001553,172.217.194.0-255,5020,113358,15,152103
15612,0.001556,172.31.36.0-255,66,113424,15,152103
15613,0.00156,172.217.194.0-255,1484,114908,15,152103
15614,0.001564,172.217.194.0-255,2902,117810,15,152103
15615,0.001567,172.31.36.0-255,66,117876,15,152103
15616,0.001576,172.217.194.0-255,4320,122196,15,152103
15617,0.001579,172.31.36.0-255,66,122262,15,152103
15618,0.001619,172.31.36.0-255,66,122328,15,152103
15619,0.001656,172.31.36.0-255,66,122394,15,152103
15620,0.001681,172.217.194.0-255,3602,125996,15,152103
15621,0.001684,172.31.36.0-255,66,126062,15,152103
15622,0.001696,172.31.36.0-255,66,126128,15,152103
15623,0.001703,172.217.194.0-255,7156,133284,15,152103
15624,0.001706,172.31.36.0-255,66,133350,15,152103
15625,0.001736,172.217.194.0-255,4320,137670,15,152103
15626,0.001738,172.31.36.0-255,66,137736,15,152103
15627,0.001746,172.217.194.0-255,7156,144892,15,152103
15628,0.001748,172.31.36.0-255,66,144958,15,152103
15629,0.001803,172.31.36.0-255,66,145024,15,152103
15630,0.001826,172.31.36.0-255,66,145090,15,152103
15631,0.00184,172.31.36.0-255,66,145156,15,152103
15632,0.001844,172.217.194.0-255,1484,146640,15,152103
15633,0.001912,172.31.36.0-255,66,146706,15,152103
15634,0.001919,172.217.194.0-255,766,147472,15,152103
15635,0.001934,172.31.36.0-255,66,147538,15,152103
15636,0.001937,172.217.194.0-255,105,147643,15,152103
15637,0.004361,172.31.36.0-255,105,147748,15,152103
15638,0.006642,172.217.194.0-255,66,147814,15,152103
15639,0.030188,172.31.36.0-255,172,147986,15,152103
15640,0.030224,172.31.36.0-255,1109,149095,15,152103
15641,0.030285,172.31.36.0-255,1514,150609,15,152103
15642,0.030287,172.31.36.0-255,1296,151905,15,152103
15643,0.031727,104.244.42.0-255,66,151971,15,152103
15644,0.031784,104.244.42.0-255,66,152037,15,152103
15645,0.031885,104.244.42.0-255,66,152103,15,152103
15646,0.0,74.125.24.0-255,153,153,15,286467
15647,2.2e-05,172.31.36.0-255,66,219,15,286467
15648,2.9e-05,74.125.24.0-255,1484,1703,15,286467
15649,3.3e-05,172.31.36.0-255,66,1769,15,286467
15650,4.7e-05,74.125.24.0-255,2902,4671,15,286467
15651,5.2e-05,172.31.36.0-255,66,4737,15,286467
15652,5.8e-05,74.125.24.0-255,4320,9057,15,286467
15653,6.2e-05,172.31.36.0-255,66,9123,15,286467
15654,9.8e-05,74.125.24.0-255,4854,13977,15,286467
15655,0.000101,172.31.36.0-255,66,14043,15,286467
15656,0.000276,74.125.24.0-255,1484,15527,15,286467
15657,0.000281,172.31.36.0-255,66,15593,15,286467
15658,0.000287,74.125.24.0-255,2902,18495,15,286467
15659,0.00029,172.31.36.0-255,66,18561,15,286467
15660,0.000295,74.125.24.0-255,2902,21463,15,286467
15661,0.000303,172.31.36.0-255,66,21529,15,286467
15662,0.000316,74.125.24.0-255,2902,24431,15,286467
15663,0.000323,172.31.36.0-255,66,24497,15,286467
15664,0.000366,74.125.24.0-255,6797,31294,15,286467
15665,0.000369,172.31.36.0-255,66,31360,15,286467
15666,0.000523,74.125.24.0-255,1484,32844,15,286467
15667,0.000527,172.31.36.0-255,66,32910,15,286467
15668,0.000533,74.125.24.0-255,2902,35812,15,286467
15669,0.000536,172.31.36.0-255,66,35878,15,286467
15670,0.000547,74.125.24.0-255,5738,41616,15,286467
15671,0.00055,172.31.36.0-255,66,41682,15,286467
15672,0.000571,74.125.24.0-255,1484,43166,15,286467
15673,0.000573,172.31.36.0-255,66,43232,15,286467
15674,0.000624,172.31.36.0-255,66,43298,15,286467
15675,0.000631,74.125.24.0-255,7156,50454,15,286467
15676,0.000634,172.31.36.0-255,66,50520,15,286467
15677,0.000638,74.125.24.0-255,2875,53395,15,286467
15678,0.000641,172.31.36.0-255,66,53461,15,286467
15679,0.001311,74.125.24.0-255,345,53806,15,286467
15680,0.001339,74.125.24.0-255,1484,55290,15,286467
15681,0.001343,172.31.36.0-255,66,55356,15,286467
15682,0.001348,74.125.24.0-255,1484,56840,15,286467
15683,0.001373,74.125.24.0-255,4320,61160,15,286467
15684,0.001376,172.31.36.0-255,66,61226,15,286467
15685,0.001416,172.31.36.0-255,66,61292,15,286467
15686,0.001427,172.31.36.0-255,66,61358,15,286467
15687,0.001444,74.125.24.0-255,1484,62842,15,286467
15688,0.001468,74.125.24.0-255,5379,68221,15,286467
15689,0.00147,172.31.36.0-255,66,68287,15,286467
15690,0.001961,74.125.24.0-255,1484,69771,15,286467
15691,0.001969,74.125.24.0-255,1484,71255,15,286467
15692,0.001973,172.31.36.0-255,66,71321,15,286467
15693,0.001986,74.125.24.0-255,1484,72805,15,286467
15694,0.001997,74.125.24.0-255,5738,78543,15,286467
15695,0.001999,172.31.36.0-255,66,78609,15,286467
15696,0.002004,74.125.24.0-255,2902,81511,15,286467
15697,0.002007,172.31.36.0-255,66,81577,15,286467
15698,0.002053,172.31.36.0-255,66,81643,15,286467
15699,0.00206,74.125.24.0-255,4320,85963,15,286467
15700,0.002062,172.31.36.0-255,66,86029,15,286467
15701,0.002097,74.125.24.0-255,6438,92467,15,286467
15702,0.0021,172.31.36.0-255,66,92533,15,286467
15703,0.002172,74.125.24.0-255,1484,94017,15,286467
15704,0.002175,74.125.24.0-255,1484,95501,15,286467
15705,0.002178,172.31.36.0-255,66,95567,15,286467
15706,0.002199,74.125.24.0-255,1484,97051,15,286467
15707,0.002206,74.125.24.0-255,5738,102789,15,286467
15708,0.002208,172.31.36.0-255,66,102855,15,286467
15709,0.002251,172.31.36.0-255,66,102921,15,286467
15710,0.002262,172.31.36.0-255,66,102987,15,286467
15711,0.002306,74.125.24.0-255,5738,108725,15,286467
15712,0.002309,172.31.36.0-255,66,108791,15,286467
15713,0.002349,172.31.36.0-255,66,108857,15,286467
15714,0.002363,172.31.36.0-255,66,108923,15,286467
15715,0.002385,74.125.24.0-255,1484,110407,15,286467
15716,0.002389,74.125.24.0-255,2902,113309,15,286467
15717,0.002391,172.31.36.0-255,66,113375,15,286467
15718,0.002422,74.125.24.0-255,5738,119113,15,286467
15719,0.002425,172.31.36.0-255,66,119179,15,286467
15720,0.002444,172.31.36.0-255,66,119245,15,286467
15721,0.002457,172.31.36.0-255,66,119311,15,286467
15722,0.002501,74.125.24.0-255,1484,120795,15,286467
15723,0.002504,74.125.24.0-255,1484,122279,15,286467
15724,0.002507,172.31.36.0-255,66,122345,15,286467
15725,0.002532,74.125.24.0-255,1484,123829,15,286467
15726,0.002538,74.125.24.0-255,5738,129567,15,286467
15727,0.002541,172.31.36.0-255,66,129633,15,286467
15728,0.002546,74.125.24.0-255,4320,133953,15,286467
15729,0.002549,172.31.36.0-255,66,134019,15,286467
15730,0.005072,74.125.24.0-255,2902,136921,15,286467
15731,0.00508,172.31.36.0-255,66,136987,15,286467
15732,0.005091,74.125.24.0-255,2902,139889,15,286467
15733,0.005098,172.31.36.0-255,66,139955,15,286467
15734,0.007577,74.125.24.0-255,2902,142857,15,286467
15735,0.007583,172.31.36.0-255,66,142923,15,286467
15736,0.007612,74.125.24.0-255,2902,145825,15,286467
15737,0.007615,172.31.36.0-255,66,145891,15,286467
15738,0.010101,74.125.24.0-255,2902,148793,15,286467
15739,0.010107,172.31.36.0-255,66,148859,15,286467
15740,0.010134,74.125.24.0-255,2902,151761,15,286467
15741,0.010137,172.31.36.0-255,66,151827,15,286467
15742,0.012632,74.125.24.0-255,2902,154729,15,286467
15743,0.01264,172.31.36.0-255,66,154795,15,286467
15744,0.012674,74.125.24.0-255,2902,157697,15,286467
15745,0.012678,172.31.36.0-255,66,157763,15,286467
15746,0.015199,74.125.24.0-255,5738,163501,15,286467
15747,0.015207,172.31.36.0-255,66,163567,15,286467
15748,0.017732,74.125.24.0-255,5738,169305,15,286467
15749,0.017739,172.31.36.0-255,66,169371,15,286467
15750,0.020269,74.125.24.0-255,5738,175109,15,286467
15751,0.020277,172.31.36.0-255,66,175175,15,286467
15752,0.022788,74.125.24.0-255,5738,180913,15,286467
15753,0.022796,172.31.36.0-255,66,180979,15,286467
15754,0.025314,74.125.24.0-255,5738,186717,15,286467
15755,0.025321,172.31.36.0-255,66,186783,15,286467
15756,0.02785,74.125.24.0-255,5738,192521,15,286467
15757,0.027857,172.31.36.0-255,66,192587,15,286467
15758,0.030377,74.125.24.0-255,5738,198325,15,286467
15759,0.030384,172.31.36.0-255,66,198391,15,286467
15760,0.032004,172.31.36.0-255,172,198563,15,286467
15761,0.032035,172.31.36.0-255,1106,199669,15,286467
15762,0.032093,172.31.36.0-255,1514,201183,15,286467
15763,0.032095,172.31.36.0-255,1299,202482,15,286467
15764,0.032924,74.125.24.0-255,5738,208220,15,286467
15765,0.032931,172.31.36.0-255,66,208286,15,286467
15766,0.033528,104.244.42.0-255,66,208352,15,286467
15767,0.033569,104.244.42.0-255,66,208418,15,286467
15768,0.033658,104.244.42.0-255,66,208484,15,286467
15769,0.035452,74.125.24.0-255,5738,214222,15,286467
15770,0.035457,172.31.36.0-255,66,214288,15,286467
15771,0.03798,74.125.24.0-255,5738,220026,15,286467
15772,0.037986,172.31.36.0-255,66,220092,15,286467
15773,0.040474,74.125.24.0-255,5738,225830,15,286467
15774,0.040482,172.31.36.0-255,66,225896,15,286467
15775,0.043027,74.125.24.0-255,5738,231634,15,286467
15776,0.043034,172.31.36.0-255,66,231700,15,286467
15777,0.045582,74.125.24.0-255,5738,237438,15,286467
15778,0.045589,172.31.36.0-255,66,237504,15,286467
15779,0.048097,74.125.24.0-255,5738,243242,15,286467
15780,0.048104,172.31.36.0-255,66,243308,15,286467
15781,0.050632,74.125.24.0-255,5738,249046,15,286467
15782,0.050639,172.31.36.0-255,66,249112,15,286467
15783,0.053162,74.125.24.0-255,5738,254850,15,286467
15784,0.053169,172.31.36.0-255,66,254916,15,286467
15785,0.055694,74.125.24.0-255,5738,260654,15,286467
15786,0.055701,172.31.36.0-255,66,260720,15,286467
15787,0.058204,74.125.24.0-255,5738,266458,15,286467
15788,0.05821,172.31.36.0-255,66,266524,15,286467
15789,0.060729,74.125.24.0-255,5738,272262,15,286467
15790,0.060735,172.31.36.0-255,66,272328,15,286467
15791,0.063248,74.125.24.0-255,5738,278066,15,286467
15792,0.063254,172.31.36.0-255,66,278132,15,286467
15793,0.065771,74.125.24.0-255,5738,283870,15,286467
15794,0.065778,172.31.36.0-255,66,283936,15,286467
15795,0.068304,74.125.24.0-255,2294,286230,15,286467
15796,0.068311,172.31.36.0-255,66,286296,15,286467
15797,0.068503,172.31.36.0-255,105,286401,15,286467
15798,0.070975,74.125.24.0-255,66,286467,15,286467
15799,0.0,172.217.194.0-255,224,224,15,186952
15800,2.1e-05,172.217.194.0-255,1484,1708,15,186952
15801,3.2e-05,172.31.36.0-255,66,1774,15,186952
15802,4.1e-05,172.217.194.0-255,4320,6094,15,186952
15803,4.6e-05,172.31.36.0-255,66,6160,15,186952
15804,4.9e-05,172.217.194.0-255,1484,7644,15,186952
15805,7.3e-05,172.217.194.0-255,6294,13938,15,186952
15806,7.7e-05,172.31.36.0-255,66,14004,15,186952
15807,9.8e-05,172.217.194.0-255,2902,16906,15,186952
15808,0.0001,172.31.36.0-255,66,16972,15,186952
15809,0.000119,172.217.194.0-255,5738,22710,15,186952
15810,0.000122,172.31.36.0-255,66,22776,15,186952
15811,0.000134,172.31.36.0-255,66,22842,15,186952
15812,0.000164,172.31.36.0-255,66,22908,15,186952
15813,0.000191,172.31.36.0-255,66,22974,15,186952
15814,0.000363,172.217.194.0-255,1484,24458,15,186952
15815,0.00037,172.217.194.0-255,2902,27360,15,186952
15816,0.000374,172.31.36.0-255,66,27426,15,186952
15817,0.000381,172.217.194.0-255,4320,31746,15,186952
15818,0.000384,172.31.36.0-255,66,31812,15,186952
15819,0.000404,172.217.194.0-255,1484,33296,15,186952
15820,0.000407,172.217.194.0-255,1484,34780,15,186952
15821,0.000409,172.31.36.0-255,66,34846,15,186952
15822,0.000429,172.217.194.0-255,5676,40522,15,186952
15823,0.000432,172.31.36.0-255,66,40588,15,186952
15824,0.000435,172.217.194.0-255,380,40968,15,186952
15825,0.00059,172.217.194.0-255,1484,42452,15,186952
15826,0.000595,172.31.36.0-255,66,42518,15,186952
15827,0.000602,172.217.194.0-255,2902,45420,15,186952
15828,0.000605,172.31.36.0-255,66,45486,15,186952
15829,0.000611,172.217.194.0-255,5738,51224,15,186952
15830,0.000614,172.31.36.0-255,66,51290,15,186952
15831,0.000641,172.217.194.0-255,2902,54192,15,186952
15832,0.000644,172.31.36.0-255,66,54258,15,186952
15833,0.000677,172.31.36.0-255,66,54324,15,186952
15834,0.000689,172.31.36.0-255,66,54390,15,186952
15835,0.000894,172.217.194.0-255,1484,55874,15,186952
15836,0.0009,172.217.194.0-255,2902,58776,15,186952
15837,0.000904,172.31.36.0-255,66,58842,15,186952
15838,0.000908,172.217.194.0-255,1484,60326,15,186952
15839,0.000929,172.217.194.0-255,4320,64646,15,186952
15840,0.000931,172.31.36.0-255,66,64712,15,186952
15841,0.00095,172.217.194.0-255,4320,69032,15,186952
15842,0.000952,172.31.36.0-255,66,69098,15,186952
15843,0.000993,172.31.36.0-255,66,69164,15,186952
15844,0.001002,172.31.36.0-255,66,69230,15,186952
15845,0.001006,172.217.194.0-255,2184,71414,15,186952
15846,0.001008,172.31.36.0-255,66,71480,15,186952
15847,0.00168,172.217.194.0-255,1484,72964,15,186952
15848,0.001696,172.217.194.0-255,2902,75866,15,186952
15849,0.0017,172.31.36.0-255,66,75932,15,186952
15850,0.001708,172.217.194.0-255,5738,81670,15,186952
15851,0.00171,172.31.36.0-255,66,81736,15,186952
15852,0.00174,172.31.36.0-255,66,81802,15,186952
15853,0.001757,172.217.194.0-255,2902,84704,15,186952
15854,0.001759,172.31.36.0-255,66,84770,15,186952
15855,0.001786,172.217.194.0-255,2902,87672,15,186952
15856,0.001788,172.31.36.0-255,66,87738,15,186952
15857,0.001818,172.31.36.0-255,66,87804,15,186952
15858,0.002111,172.217.194.0-255,1484,89288,15,186952
15859,0.002118,172.217.194.0-255,2902,92190,15,186952
15860,0.002122,172.31.36.0-255,66,92256,15,186952
15861,0.002158,172.217.194.0-255,5738,97994,15,186952
15862,0.00216,172.31.36.0-255,66,98060,15,186952
15863,0.002178,172.217.194.0-255,1484,99544,15,186952
15864,0.002202,172.31.36.0-255,66,99610,15,186952
15865,0.002216,172.217.194.0-255,1484,101094,15,186952
15866,0.002243,172.217.194.0-255,4320,105414,15,186952
15867,0.002246,172.31.36.0-255,66,105480,15,186952
15868,0.002268,172.217.194.0-255,5738,111218,15,186952
15869,0.002271,172.31.36.0-255,66,111284,15,186952
15870,0.002315,172.217.194.0-255,1484,112768,15,186952
15871,0.002318,172.217.194.0-255,766,113534,15,186952
15872,0.002323,172.31.36.0-255,66,113600,15,186952
15873,0.002515,172.217.194.0-255,1484,115084,15,186952
15874,0.002537,172.217.194.0-255,2902,117986,15,186952
15875,0.00254,172.31.36.0-255,66,118052,15,186952
15876,0.002548,172.217.194.0-255,5738,123790,15,186952
15877,0.00255,172.31.36.0-255,66,123856,15,186952
15878,0.002591,172.31.36.0-255,66,123922,15,186952
15879,0.002603,172.31.36.0-255,66,123988,15,186952
15880,0.002635,172.31.36.0-255,66,124054,15,186952
15881,0.002679,172.31.36.0-255,66,124120,15,186952
15882,0.00269,172.31.36.0-255,66,124186,15,186952
15883,0.002761,172.217.194.0-255,1484,125670,15,186952
15884,0.002765,172.217.194.0-255,2902,128572,15,186952
15885,0.002768,172.31.36.0-255,66,128638,15,186952
15886,0.002772,172.217.194.0-255,1484,130122,15,186952
15887,0.002792,172.217.194.0-255,4320,134442,15,186952
15888,0.002794,172.31.36.0-255,66,134508,15,186952
15889,0.002802,172.217.194.0-255,7156,141664,15,186952
15890,0.002805,172.31.36.0-255,66,141730,15,186952
15891,0.00283,172.217.194.0-255,5738,147468,15,186952
15892,0.002833,172.31.36.0-255,66,147534,15,186952
15893,0.002859,172.31.36.0-255,66,147600,15,186952
15894,0.002864,172.217.194.0-255,2184,149784,15,186952
15895,0.002866,172.31.36.0-255,66,149850,15,186952
15896,0.00296,172.217.194.0-255,1484,151334,15,186952
15897,0.002964,172.217.194.0-255,1484,152818,15,186952
15898,0.002967,172.31.36.0-255,66,152884,15,186952
15899,0.002971,172.217.194.0-255,1484,154368,15,186952
15900,0.00299,172.217.194.0-255,2902,157270,15,186952
15901,0.002993,172.31.36.0-255,66,157336,15,186952
15902,0.003,172.217.194.0-255,5738,163074,15,186952
15903,0.003002,172.31.36.0-255,66,163140,15,186952
15904,0.003007,172.217.194.0-255,2902,166042,15,186952
15905,0.003009,172.31.36.0-255,66,166108,15,186952
15906,0.00304,172.31.36.0-255,66,166174,15,186952
15907,0.003045,172.217.194.0-255,2902,169076,15,186952
15908,0.003047,172.31.36.0-255,66,169142,15,186952
15909,0.003092,172.31.36.0-255,66,169208,15,186952
15910,0.003116,172.217.194.0-255,1484,170692,15,186952
15911,0.003141,172.31.36.0-255,66,170758,15,186952
15912,0.003169,172.31.36.0-255,66,170824,15,186952
15913,0.00325,172.31.36.0-255,66,170890,15,186952
15914,0.003273,172.217.194.0-255,4320,175210,15,186952
15915,0.003276,172.31.36.0-255,66,175276,15,186952
15916,0.003279,172.217.194.0-255,1484,176760,15,186952
15917,0.003284,172.217.194.0-255,2687,179447,15,186952
15918,0.003287,172.31.36.0-255,66,179513,15,186952
15919,0.00329,172.217.194.0-255,105,179618,15,186952
15920,0.011418,172.31.36.0-255,105,179723,15,186952
15921,0.013709,172.217.194.0-255,66,179789,15,186952
15922,0.034715,172.31.36.0-255,172,179961,15,186952
15923,0.034746,172.31.36.0-255,1109,181070,15,186952
15924,0.03481,172.31.36.0-255,1514,182584,15,186952
15925,0.034812,172.31.36.0-255,1514,184098,15,186952
15926,0.034813,172.31.36.0-255,1514,185612,15,186952
15927,0.034814,172.31.36.0-255,1076,186688,15,186952
15928,0.036268,104.244.42.0-255,66,186754,15,186952
15929,0.036306,104.244.42.0-255,66,186820,15,186952
15930,0.03639,104.244.42.0-255,66,186886,15,186952
15931,0.036411,104.244.42.0-255,66,186952,15,186952
15932,0.0,172.217.194.0-255,153,153,15,331382
15933,2.2e-05,172.31.36.0-255,66,219,15,331382
15934,3e-05,172.217.194.0-255,1484,1703,15,331382
15935,3.5e-05,172.31.36.0-255,66,1769,15,331382
15936,4.8e-05,172.217.194.0-255,2902,4671,15,331382
15937,5.2e-05,172.31.36.0-255,66,4737,15,331382
15938,6e-05,172.217.194.0-255,7156,11893,15,331382
15939,6.3e-05,172.31.36.0-255,66,11959,15,331382
15940,0.000109,172.217.194.0-255,4882,16841,15,331382
15941,0.000113,172.31.36.0-255,66,16907,15,331382
15942,0.000148,172.31.36.0-255,66,16973,15,331382
15943,0.000164,172.217.194.0-255,1125,18098,15,331382
15944,0.000167,172.31.36.0-255,66,18164,15,331382
15945,0.000905,172.217.194.0-255,1484,19648,15,331382
15946,0.000911,172.31.36.0-255,66,19714,15,331382
15947,0.00092,172.217.194.0-255,2902,22616,15,331382
15948,0.000929,172.31.36.0-255,66,22682,15,331382
15949,0.00096,172.217.194.0-255,4320,27002,15,331382
15950,0.000962,172.31.36.0-255,66,27068,15,331382
15951,0.001,172.217.194.0-255,1484,28552,15,331382
15952,0.001002,172.31.36.0-255,66,28618,15,331382
15953,0.001031,172.217.194.0-255,5738,34356,15,331382
15954,0.001034,172.31.36.0-255,66,34422,15,331382
15955,0.001059,172.217.194.0-255,2543,36965,15,331382
15956,0.001062,172.31.36.0-255,66,37031,15,331382
15957,0.001132,172.217.194.0-255,2902,39933,15,331382
15958,0.001137,172.31.36.0-255,66,39999,15,331382
15959,0.001165,172.217.194.0-255,5738,45737,15,331382
15960,0.001169,172.31.36.0-255,66,45803,15,331382
15961,0.001195,172.217.194.0-255,1484,47287,15,331382
15962,0.001198,172.31.36.0-255,66,47353,15,331382
15963,0.001231,172.217.194.0-255,5379,52732,15,331382
15964,0.001267,172.217.194.0-255,1484,54216,15,331382
15965,0.001272,172.217.194.0-255,2902,57118,15,331382
15966,0.0013,172.217.194.0-255,4320,61438,15,331382
15967,0.001311,172.217.194.0-255,1484,62922,15,331382
15968,0.001325,172.217.194.0-255,4320,67242,15,331382
15969,0.001366,172.217.194.0-255,5738,72980,15,331382
15970,0.001402,172.217.194.0-255,5020,78000,15,331382
15971,0.001449,172.217.194.0-255,1484,79484,15,331382
15972,0.001465,172.217.194.0-255,2902,82386,15,331382
15973,0.001489,172.217.194.0-255,5738,88124,15,331382
15974,0.00152,172.217.194.0-255,1484,89608,15,331382
15975,0.001544,172.217.194.0-255,5264,94872,15,331382
15976,0.006062,172.31.36.0-255,66,94938,15,331382
15977,0.008087,172.217.194.0-255,5738,100676,15,331382
15978,0.008098,172.31.36.0-255,66,100742,15,331382
15979,0.010106,172.217.194.0-255,5738,106480,15,331382
15980,0.010114,172.31.36.0-255,66,106546,15,331382
15981,0.012112,172.217.194.0-255,5738,112284,15,331382
15982,0.01212,172.31.36.0-255,66,112350,15,331382
15983,0.014191,172.217.194.0-255,5738,118088,15,331382
15984,0.0142,172.31.36.0-255,66,118154,15,331382
15985,0.016188,172.217.194.0-255,5738,123892,15,331382
15986,0.016196,172.31.36.0-255,66,123958,15,331382
15987,0.018177,172.217.194.0-255,5738,129696,15,331382
15988,0.018186,172.31.36.0-255,66,129762,15,331382
15989,0.020198,172.217.194.0-255,5738,135500,15,331382
15990,0.020209,172.31.36.0-255,66,135566,15,331382
15991,0.022204,172.217.194.0-255,5738,141304,15,331382
15992,0.022214,172.31.36.0-255,66,141370,15,331382
15993,0.024187,172.217.194.0-255,5738,147108,15,331382
15994,0.024196,172.31.36.0-255,66,147174,15,331382
15995,0.025826,172.31.36.0-255,167,147341,15,331382
15996,0.025861,172.31.36.0-255,1110,148451,15,331382
15997,0.025919,172.31.36.0-255,1514,149965,15,331382
15998,0.025921,172.31.36.0-255,1295,151260,15,331382
15999,0.026198,172.217.194.0-255,5738,156998,15,331382
16000,0.026205,172.31.36.0-255,66,157064,15,331382
16001,0.027376,104.244.42.0-255,66,157130,15,331382
16002,0.027384,104.244.42.0-255,66,157196,15,331382
16003,0.027468,104.244.42.0-255,66,157262,15,331382
16004,0.028176,172.217.194.0-255,5738,163000,15,331382
16005,0.028184,172.31.36.0-255,66,163066,15,331382
16006,0.030172,172.217.194.0-255,5738,168804,15,331382
16007,0.03018,172.31.36.0-255,66,168870,15,331382
16008,0.032194,172.217.194.0-255,5738,174608,15,331382
16009,0.0322,172.31.36.0-255,66,174674,15,331382
16010,0.034204,172.217.194.0-255,5738,180412,15,331382
16011,0.034211,172.31.36.0-255,66,180478,15,331382
16012,0.036212,172.217.194.0-255,5738,186216,15,331382
16013,0.03622,172.31.36.0-255,66,186282,15,331382
16014,0.038208,172.217.194.0-255,5738,192020,15,331382
16015,0.038218,172.31.36.0-255,66,192086,15,331382
16016,0.040217,172.217.194.0-255,5738,197824,15,331382
16017,0.040224,172.31.36.0-255,66,197890,15,331382
16018,0.042217,172.217.194.0-255,5738,203628,15,331382
16019,0.042225,172.31.36.0-255,66,203694,15,331382
16020,0.044246,172.217.194.0-255,5738,209432,15,331382
16021,0.044254,172.31.36.0-255,66,209498,15,331382
16022,0.046261,172.217.194.0-255,5738,215236,15,331382
16023,0.046276,172.31.36.0-255,66,215302,15,331382
16024,0.048275,172.217.194.0-255,5738,221040,15,331382
16025,0.048289,172.31.36.0-255,66,221106,15,331382
16026,0.050283,172.217.194.0-255,5738,226844,15,331382
16027,0.050294,172.31.36.0-255,66,226910,15,331382
16028,0.052337,172.217.194.0-255,5738,232648,15,331382
16029,0.052349,172.31.36.0-255,66,232714,15,331382
16030,0.054357,172.217.194.0-255,5738,238452,15,331382
16031,0.057245,172.31.36.0-255,66,238518,15,331382
16032,0.059234,172.217.194.0-255,5738,244256,15,331382
16033,0.059252,172.31.36.0-255,66,244322,15,331382
16034,0.061251,172.217.194.0-255,5738,250060,15,331382
16035,0.061262,172.31.36.0-255,66,250126,15,331382
16036,0.063248,172.217.194.0-255,5738,255864,15,331382
16037,0.063256,172.31.36.0-255,66,255930,15,331382
16038,0.06528,172.217.194.0-255,5738,261668,15,331382
16039,0.065288,172.31.36.0-255,66,261734,15,331382
16040,0.067291,172.217.194.0-255,5738,267472,15,331382
16041,0.067298,172.31.36.0-255,66,267538,15,331382
16042,0.069301,172.217.194.0-255,5738,273276,15,331382
16043,0.069309,172.31.36.0-255,66,273342,15,331382
16044,0.071321,172.217.194.0-255,5738,279080,15,331382
16045,0.071329,172.31.36.0-255,66,279146,15,331382
16046,0.073332,172.217.194.0-255,5738,284884,15,331382
16047,0.07334,172.31.36.0-255,66,284950,15,331382
16048,0.075327,172.217.194.0-255,5738,290688,15,331382
16049,0.075339,172.31.36.0-255,66,290754,15,331382
16050,0.077346,172.217.194.0-255,5738,296492,15,331382
16051,0.077354,172.31.36.0-255,66,296558,15,331382
16052,0.079367,172.217.194.0-255,5738,302296,15,331382
16053,0.079374,172.31.36.0-255,66,302362,15,331382
16054,0.081372,172.217.194.0-255,5738,308100,15,331382
16055,0.081379,172.31.36.0-255,66,308166,15,331382
16056,0.083377,172.217.194.0-255,5738,313904,15,331382
16057,0.083385,172.31.36.0-255,66,313970,15,331382
16058,0.085392,172.217.194.0-255,5738,319708,15,331382
16059,0.0854,172.31.36.0-255,66,319774,15,331382
16060,0.087385,172.217.194.0-255,5738,325512,15,331382
16061,0.087392,172.31.36.0-255,66,325578,15,331382
16062,0.089399,172.217.194.0-255,5738,331316,15,331382
16063,0.089406,172.31.36.0-255,66,331382,15,331382
16064,0.0,74.125.68.0-255,150,150,15,330082
16065,3e-05,172.31.36.0-255,66,216,15,330082
16066,3.7e-05,74.125.68.0-255,1484,1700,15,330082
16067,4.1e-05,172.31.36.0-255,66,1766,15,330082
16068,4.7e-05,74.125.68.0-255,2902,4668,15,330082
16069,5.8e-05,172.31.36.0-255,66,4734,15,330082
16070,6.1e-05,74.125.68.0-255,1484,6218,15,330082
16071,6.5e-05,172.31.36.0-255,66,6284,15,330082
16072,7e-05,74.125.68.0-255,2902,9186,15,330082
16073,7.3e-05,172.31.36.0-255,66,9252,15,330082
16074,7.7e-05,74.125.68.0-255,2902,12154,15,330082
16075,8e-05,172.31.36.0-255,66,12220,15,330082
16076,0.000117,74.125.68.0-255,3467,15687,15,330082
16077,0.000121,172.31.36.0-255,66,15753,15,330082
16078,0.000127,74.125.68.0-255,7156,22909,15,330082
16079,0.00013,172.31.36.0-255,66,22975,15,330082
16080,0.000147,172.31.36.0-255,66,23041,15,330082
16081,0.000589,74.125.68.0-255,1484,24525,15,330082
16082,0.000594,172.31.36.0-255,66,24591,15,330082
16083,0.000605,74.125.68.0-255,2902,27493,15,330082
16084,0.000607,172.31.36.0-255,66,27559,15,330082
16085,0.000617,74.125.68.0-255,1484,29043,15,330082
16086,0.000619,172.31.36.0-255,66,29109,15,330082
16087,0.000624,74.125.68.0-255,2902,32011,15,330082
16088,0.000626,172.31.36.0-255,66,32077,15,330082
16089,0.000662,74.125.68.0-255,5738,37815,15,330082
16090,0.000667,172.31.36.0-255,66,37881,15,330082
16091,0.000671,74.125.68.0-255,1484,39365,15,330082
16092,0.000673,172.31.36.0-255,66,39431,15,330082
16093,0.000678,74.125.68.0-255,2543,41974,15,330082
16094,0.000679,172.31.36.0-255,66,42040,15,330082
16095,0.000711,74.125.68.0-255,5738,47778,15,330082
16096,0.000715,172.31.36.0-255,66,47844,15,330082
16097,0.00072,74.125.68.0-255,2902,50746,15,330082
16098,0.000722,172.31.36.0-255,66,50812,15,330082
16099,0.000747,74.125.68.0-255,4320,55132,15,330082
16100,0.000755,172.31.36.0-255,66,55198,15,330082
16101,0.00076,74.125.68.0-255,2815,58013,15,330082
16102,0.000762,172.31.36.0-255,66,58079,15,330082
16103,0.00138,74.125.68.0-255,133,58212,15,330082
16104,0.001794,74.125.68.0-255,1484,59696,15,330082
16105,0.001799,172.31.36.0-255,66,59762,15,330082
16106,0.001817,74.125.68.0-255,2902,62664,15,330082
16107,0.00182,172.31.36.0-255,66,62730,15,330082
16108,0.001823,74.125.68.0-255,1484,64214,15,330082
16109,0.00185,74.125.68.0-255,5738,69952,15,330082
16110,0.001853,172.31.36.0-255,66,70018,15,330082
16111,0.001891,74.125.68.0-255,2902,72920,15,330082
16112,0.001894,172.31.36.0-255,66,72986,15,330082
16113,0.001927,172.31.36.0-255,66,73052,15,330082
16114,0.001932,74.125.68.0-255,4320,77372,15,330082
16115,0.001934,172.31.36.0-255,66,77438,15,330082
16116,0.00194,74.125.68.0-255,5020,82458,15,330082
16117,0.001942,172.31.36.0-255,66,82524,15,330082
16118,0.002075,74.125.68.0-255,1484,84008,15,330082
16119,0.002087,74.125.68.0-255,2902,86910,15,330082
16120,0.002089,172.31.36.0-255,66,86976,15,330082
16121,0.002129,74.125.68.0-255,5738,92714,15,330082
16122,0.002132,172.31.36.0-255,66,92780,15,330082
16123,0.002136,74.125.68.0-255,2902,95682,15,330082
16124,0.002138,172.31.36.0-255,66,95748,15,330082
16125,0.002168,172.31.36.0-255,66,95814,15,330082
16126,0.002181,172.31.36.0-255,66,95880,15,330082
16127,0.002184,74.125.68.0-255,1484,97364,15,330082
16128,0.00221,74.125.68.0-255,2902,100266,15,330082
16129,0.002213,172.31.36.0-255,66,100332,15,330082
16130,0.002218,74.125.68.0-255,5738,106070,15,330082
16131,0.002221,172.31.36.0-255,66,106136,15,330082
16132,0.002248,74.125.68.0-255,5738,111874,15,330082
16133,0.002251,172.31.36.0-255,66,111940,15,330082
16134,0.002256,74.125.68.0-255,4320,116260,15,330082
16135,0.002258,172.31.36.0-255,66,116326,15,330082
16136,0.002278,74.125.68.0-255,2902,119228,15,330082
16137,0.002285,172.31.36.0-255,66,119294,15,330082
16138,0.002288,74.125.68.0-255,2902,122196,15,330082
16139,0.00229,172.31.36.0-255,66,122262,15,330082
16140,0.002321,172.31.36.0-255,66,122328,15,330082
16141,0.004689,74.125.68.0-255,5738,128066,15,330082
16142,0.004692,172.31.36.0-255,66,128132,15,330082
16143,0.007065,74.125.68.0-255,5738,133870,15,330082
16144,0.007072,172.31.36.0-255,66,133936,15,330082
16145,0.009446,74.125.68.0-255,5738,139674,15,330082
16146,0.009454,172.31.36.0-255,66,139740,15,330082
16147,0.011821,74.125.68.0-255,5738,145478,15,330082
16148,0.011829,172.31.36.0-255,66,145544,15,330082
16149,0.014207,74.125.68.0-255,5738,151282,15,330082
16150,0.01422,172.31.36.0-255,66,151348,15,330082
16151,0.016603,74.125.68.0-255,5738,157086,15,330082
16152,0.016611,172.31.36.0-255,66,157152,15,330082
16153,0.018984,74.125.68.0-255,5738,162890,15,330082
16154,0.018992,172.31.36.0-255,66,162956,15,330082
16155,0.021376,74.125.68.0-255,5738,168694,15,330082
16156,0.021384,172.31.36.0-255,66,168760,15,330082
16157,0.023762,74.125.68.0-255,5738,174498,15,330082
16158,0.02377,172.31.36.0-255,66,174564,15,330082
16159,0.026153,74.125.68.0-255,5738,180302,15,330082
16160,0.02616,172.31.36.0-255,66,180368,15,330082
16161,0.027214,172.31.36.0-255,167,180535,15,330082
16162,0.027245,172.31.36.0-255,1106,181641,15,330082
16163,0.027285,172.31.36.0-255,1514,183155,15,330082
16164,0.027287,172.31.36.0-255,1299,184454,15,330082
16165,0.028528,74.125.68.0-255,4320,188774,15,330082
16166,0.028534,172.31.36.0-255,66,188840,15,330082
16167,0.028569,74.125.68.0-255,1484,190324,15,330082
16168,0.028766,104.244.42.0-255,66,190390,15,330082
16169,0.028799,104.244.42.0-255,66,190456,15,330082
16170,0.028845,104.244.42.0-255,66,190522,15,330082
16171,0.030909,74.125.68.0-255,4320,194842,15,330082
16172,0.030914,172.31.36.0-255,66,194908,15,330082
16173,0.033278,74.125.68.0-255,4320,199228,15,330082
16174,0.033284,172.31.36.0-255,66,199294,15,330082
16175,0.033317,74.125.68.0-255,1484,200778,15,330082
16176,0.035702,74.125.68.0-255,4320,205098,15,330082
16177,0.035708,172.31.36.0-255,66,205164,15,330082
16178,0.038077,74.125.68.0-255,5738,210902,15,330082
16179,0.038082,172.31.36.0-255,66,210968,15,330082
16180,0.040461,74.125.68.0-255,5738,216706,15,330082
16181,0.040467,172.31.36.0-255,66,216772,15,330082
16182,0.042836,74.125.68.0-255,5738,222510,15,330082
16183,0.042842,172.31.36.0-255,66,222576,15,330082
16184,0.045213,74.125.68.0-255,5738,228314,15,330082
16185,0.045218,172.31.36.0-255,66,228380,15,330082
16186,0.047588,74.125.68.0-255,5738,234118,15,330082
16187,0.047593,172.31.36.0-255,66,234184,15,330082
16188,0.049959,74.125.68.0-255,5738,239922,15,330082
16189,0.049966,172.31.36.0-255,66,239988,15,330082
16190,0.052342,74.125.68.0-255,5738,245726,15,330082
16191,0.052349,172.31.36.0-255,66,245792,15,330082
16192,0.054724,74.125.68.0-255,4320,250112,15,330082
16193,0.054731,172.31.36.0-255,66,250178,15,330082
16194,0.05477,74.125.68.0-255,1484,251662,15,330082
16195,0.057085,74.125.68.0-255,2902,254564,15,330082
16196,0.057091,172.31.36.0-255,66,254630,15,330082
16197,0.059463,74.125.68.0-255,5738,260368,15,330082
16198,0.059468,172.31.36.0-255,66,260434,15,330082
16199,0.061832,74.125.68.0-255,5738,266172,15,330082
16200,0.061837,172.31.36.0-255,66,266238,15,330082
16201,0.064213,74.125.68.0-255,5738,271976,15,330082
16202,0.064219,172.31.36.0-255,66,272042,15,330082
16203,0.066586,74.125.68.0-255,5738,277780,15,330082
16204,0.066591,172.31.36.0-255,66,277846,15,330082
16205,0.068968,74.125.68.0-255,5738,283584,15,330082
16206,0.068974,172.31.36.0-255,66,283650,15,330082
16207,0.071343,74.125.68.0-255,5738,289388,15,330082
16208,0.071349,172.31.36.0-255,66,289454,15,330082
16209,0.073737,74.125.68.0-255,5738,295192,15,330082
16210,0.073742,172.31.36.0-255,66,295258,15,330082
16211,0.076107,74.125.68.0-255,5738,300996,15,330082
16212,0.076115,172.31.36.0-255,66,301062,15,330082
16213,0.078506,74.125.68.0-255,5738,306800,15,330082
16214,0.078512,172.31.36.0-255,66,306866,15,330082
16215,0.080888,74.125.68.0-255,5738,312604,15,330082
16216,0.080895,172.31.36.0-255,66,312670,15,330082
16217,0.083282,74.125.68.0-255,5738,318408,15,330082
16218,0.083288,172.31.36.0-255,66,318474,15,330082
16219,0.08566,74.125.68.0-255,5738,324212,15,330082
16220,0.085667,172.31.36.0-255,66,324278,15,330082
16221,0.088062,74.125.68.0-255,5738,330016,15,330082
16222,0.088067,172.31.36.0-255,66,330082,15,330082
16223,0.0,172.217.194.0-255,153,153,15,145669
16224,2.7e-05,172.217.194.0-255,1484,1637,15,145669
16225,3.6e-05,172.31.36.0-255,66,1703,15,145669
16226,4.4e-05,172.217.194.0-255,2902,4605,15,145669
16227,4.7e-05,172.31.36.0-255,66,4671,15,145669
16228,5.3e-05,172.217.194.0-255,7156,11827,15,145669
16229,6.7e-05,172.31.36.0-255,66,11893,15,145669
16230,7.8e-05,172.31.36.0-255,66,11959,15,145669
16231,0.000136,172.31.36.0-255,66,12025,15,145669
16232,0.000176,172.31.36.0-255,66,12091,15,145669
16233,0.000212,172.31.36.0-255,66,12157,15,145669
16234,0.000216,172.217.194.0-255,2846,15003,15,145669
16235,0.000218,172.31.36.0-255,66,15069,15,145669
16236,0.000325,172.217.194.0-255,375,15444,15,145669
16237,0.000458,172.217.194.0-255,1484,16928,15,145669
16238,0.000463,172.31.36.0-255,66,16994,15,145669
16239,0.000469,172.217.194.0-255,2902,19896,15,145669
16240,0.000471,172.31.36.0-255,66,19962,15,145669
16241,0.000477,172.217.194.0-255,5738,25700,15,145669
16242,0.000487,172.31.36.0-255,66,25766,15,145669
16243,0.000515,172.217.194.0-255,6797,32563,15,145669
16244,0.000519,172.217.194.0-255,2902,35465,15,145669
16245,0.00052,172.31.36.0-255,66,35531,15,145669
16246,0.000524,172.31.36.0-255,66,35597,15,145669
16247,0.000554,172.217.194.0-255,4320,39917,15,145669
16248,0.000558,172.31.36.0-255,66,39983,15,145669
16249,0.00057,172.31.36.0-255,66,40049,15,145669
16250,0.000902,172.217.194.0-255,1484,41533,15,145669
16251,0.000906,172.217.194.0-255,2902,44435,15,145669
16252,0.00091,172.31.36.0-255,66,44501,15,145669
16253,0.000944,172.217.194.0-255,5738,50239,15,145669
16254,0.000947,172.31.36.0-255,66,50305,15,145669
16255,0.000961,172.31.36.0-255,66,50371,15,145669
16256,0.000985,172.217.194.0-255,5738,56109,15,145669
16257,0.000988,172.31.36.0-255,66,56175,15,145669
16258,0.001009,172.217.194.0-255,5020,61195,15,145669
16259,0.001012,172.31.36.0-255,66,61261,15,145669
16260,0.001019,172.217.194.0-255,7156,68417,15,145669
16261,0.001021,172.31.36.0-255,66,68483,15,145669
16262,0.001048,172.217.194.0-255,4320,72803,15,145669
16263,0.001051,172.31.36.0-255,66,72869,15,145669
16264,0.001071,172.31.36.0-255,66,72935,15,145669
16265,0.001084,172.31.36.0-255,66,73001,15,145669
16266,0.001128,172.217.194.0-255,1484,74485,15,145669
16267,0.001133,172.217.194.0-255,2902,77387,15,145669
16268,0.001136,172.31.36.0-255,66,77453,15,145669
16269,0.001168,172.217.194.0-255,5738,83191,15,145669
16270,0.001171,172.31.36.0-255,66,83257,15,145669
16271,0.001178,172.217.194.0-255,7156,90413,15,145669
16272,0.00118,172.31.36.0-255,66,90479,15,145669
16273,0.001211,172.217.194.0-255,5738,96217,15,145669
16274,0.001214,172.31.36.0-255,66,96283,15,145669
16275,0.001222,172.217.194.0-255,5738,102021,15,145669
16276,0.001224,172.31.36.0-255,66,102087,15,145669
16277,0.001265,172.217.194.0-255,5020,107107,15,145669
16278,0.001269,172.31.36.0-255,66,107173,15,145669
16279,0.001283,172.31.36.0-255,66,107239,15,145669
16280,0.001307,172.31.36.0-255,66,107305,15,145669
16281,0.001311,172.217.194.0-255,2184,109489,15,145669
16282,0.001314,172.31.36.0-255,66,109555,15,145669
16283,0.001393,172.217.194.0-255,2902,112457,15,145669
16284,0.001397,172.31.36.0-255,66,112523,15,145669
16285,0.001405,172.217.194.0-255,7156,119679,15,145669
16286,0.001413,172.31.36.0-255,66,119745,15,145669
16287,0.001433,172.31.36.0-255,66,119811,15,145669
16288,0.001443,172.31.36.0-255,66,119877,15,145669
16289,0.001456,172.31.36.0-255,66,119943,15,145669
16290,0.00147,172.31.36.0-255,66,120009,15,145669
16291,0.001474,172.217.194.0-255,2902,122911,15,145669
16292,0.001477,172.31.36.0-255,66,122977,15,145669
16293,0.001507,172.217.194.0-255,3602,126579,15,145669
16294,0.001511,172.31.36.0-255,66,126645,15,145669
16295,0.001518,172.217.194.0-255,7156,133801,15,145669
16296,0.001522,172.31.36.0-255,66,133867,15,145669
16297,0.001562,172.31.36.0-255,66,133933,15,145669
16298,0.001566,172.217.194.0-255,1484,135417,15,145669
16299,0.001598,172.31.36.0-255,66,135483,15,145669
16300,0.001615,172.31.36.0-255,66,135549,15,145669
16301,0.001661,172.31.36.0-255,66,135615,15,145669
16302,0.001665,172.217.194.0-255,2184,137799,15,145669
16303,0.001668,172.31.36.0-255,66,137865,15,145669
16304,0.001713,172.31.36.0-255,66,137931,15,145669
16305,0.001759,172.31.36.0-255,66,137997,15,145669
16306,0.00177,172.31.36.0-255,66,138063,15,145669
16307,0.00178,172.217.194.0-255,97,138160,15,145669
16308,0.00182,172.217.194.0-255,105,138265,15,145669
16309,0.003361,172.31.36.0-255,66,138331,15,145669
16310,0.003388,172.31.36.0-255,105,138436,15,145669
16311,0.005636,172.217.194.0-255,66,138502,15,145669
16312,0.035728,172.31.36.0-255,172,138674,15,145669
16313,0.035759,172.31.36.0-255,1109,139783,15,145669
16314,0.0358,172.31.36.0-255,1514,141297,15,145669
16315,0.035802,172.31.36.0-255,1514,142811,15,145669
16316,0.035808,172.31.36.0-255,1514,144325,15,145669
16317,0.035809,172.31.36.0-255,1080,145405,15,145669
16318,0.037259,104.244.42.0-255,66,145471,15,145669
16319,0.037266,104.244.42.0-255,66,145537,15,145669
16320,0.037335,104.244.42.0-255,66,145603,15,145669
16321,0.037338,104.244.42.0-255,66,145669,15,145669
16322,0.0,172.217.194.0-255,143,143,15,166272
16323,1.9e-05,172.217.194.0-255,1484,1627,15,166272
16324,3.1e-05,172.31.36.0-255,66,1693,15,166272
16325,4e-05,172.217.194.0-255,2902,4595,15,166272
16326,5.6e-05,172.217.194.0-255,7156,11751,15,166272
16327,8e-05,172.217.194.0-255,4320,16071,15,166272
16328,0.000137,172.217.194.0-255,1484,17555,15,166272
16329,0.000155,172.217.194.0-255,3961,21516,15,166272
16330,0.000172,172.217.194.0-255,4320,25836,15,166272
16331,0.000187,172.217.194.0-255,1484,27320,15,166272
16332,0.00019,172.217.194.0-255,1484,28804,15,166272
16333,0.000192,172.31.36.0-255,66,28870,15,166272
16334,0.00022,172.31.36.0-255,66,28936,15,166272
16335,0.000268,172.217.194.0-255,3894,32830,15,166272
16336,0.000271,172.217.194.0-255,396,33226,15,166272
16337,0.0004,172.217.194.0-255,1484,34710,15,166272
16338,0.000407,172.217.194.0-255,2902,37612,15,166272
16339,0.000422,172.217.194.0-255,2902,40514,15,166272
16340,0.000441,172.217.194.0-255,2902,43416,15,166272
16341,0.000458,172.217.194.0-255,5738,49154,15,166272
16342,0.000478,172.217.194.0-255,5738,54892,15,166272
16343,0.000495,172.217.194.0-255,1484,56376,15,166272
16344,0.0005,172.217.194.0-255,2902,59278,15,166272
16345,0.000535,172.31.36.0-255,66,59344,15,166272
16346,0.000699,172.217.194.0-255,1484,60828,15,166272
16347,0.000731,172.217.194.0-255,1484,62312,15,166272
16348,0.000743,172.217.194.0-255,1484,63796,15,166272
16349,0.00075,172.217.194.0-255,5738,69534,15,166272
16350,0.000756,172.217.194.0-255,5738,75272,15,166272
16351,0.000762,172.217.194.0-255,5738,81010,15,166272
16352,0.000784,172.217.194.0-255,7156,88166,15,166272
16353,0.00079,172.217.194.0-255,5020,93186,15,166272
16354,0.000795,172.31.36.0-255,66,93252,15,166272
16355,0.000812,172.31.36.0-255,66,93318,15,166272
16356,0.001106,172.217.194.0-255,1484,94802,15,166272
16357,0.001132,172.217.194.0-255,2902,97704,15,166272
16358,0.001139,172.217.194.0-255,5738,103442,15,166272
16359,0.001155,172.217.194.0-255,4320,107762,15,166272
16360,0.001167,172.31.36.0-255,66,107828,15,166272
16361,0.001179,172.217.194.0-255,1484,109312,15,166272
16362,0.001191,172.31.36.0-255,66,109378,15,166272
16363,0.001227,172.31.36.0-255,66,109444,15,166272
16364,0.001657,172.217.194.0-255,1484,110928,15,166272
16365,0.001661,172.217.194.0-255,1484,112412,15,166272
16366,0.001664,172.31.36.0-255,66,112478,15,166272
16367,0.001682,172.217.194.0-255,1484,113962,15,166272
16368,0.001689,172.217.194.0-255,5738,119700,15,166272
16369,0.001699,172.31.36.0-255,66,119766,15,166272
16370,0.001702,172.217.194.0-255,1484,121250,15,166272
16371,0.001742,172.31.36.0-255,66,121316,15,166272
16372,0.00177,172.31.36.0-255,66,121382,15,166272
16373,0.001776,172.217.194.0-255,3602,124984,15,166272
16374,0.001802,172.31.36.0-255,66,125050,15,166272
16375,0.001852,172.217.194.0-255,1484,126534,15,166272
16376,0.001857,172.217.194.0-255,2902,129436,15,166272
16377,0.001871,172.217.194.0-255,2902,132338,15,166272
16378,0.001876,172.31.36.0-255,66,132404,15,166272
16379,0.001895,172.217.194.0-255,2902,135306,15,166272
16380,0.001899,172.217.194.0-255,2902,138208,15,166272
16381,0.001902,172.217.194.0-255,1484,139692,15,166272
16382,0.001914,172.31.36.0-255,66,139758,15,166272
16383,0.001993,172.217.194.0-255,1484,141242,15,166272
16384,0.002075,172.217.194.0-255,3602,144844,15,166272
16385,0.002218,172.217.194.0-255,5738,150582,15,166272
16386,0.00226,172.217.194.0-255,5738,156320,15,166272
16387,0.002301,172.217.194.0-255,5319,161639,15,166272
16388,0.002304,172.217.194.0-255,105,161744,15,166272
16389,0.006427,172.31.36.0-255,66,161810,15,166272
16390,0.009065,172.31.36.0-255,105,161915,15,166272
16391,0.011633,172.217.194.0-255,66,161981,15,166272
16392,0.031611,172.31.36.0-255,172,162153,15,166272
16393,0.031654,172.31.36.0-255,1109,163262,15,166272
16394,0.031727,172.31.36.0-255,1514,164776,15,166272
16395,0.031729,172.31.36.0-255,1298,166074,15,166272
16396,0.033146,104.244.42.0-255,66,166140,15,166272
16397,0.033176,104.244.42.0-255,66,166206,15,166272
16398,0.03327,104.244.42.0-255,66,166272,15,166272
16399,0.0,74.125.200.0-255,146,146,15,357701
16400,3.3e-05,172.31.36.0-255,66,212,15,357701
16401,4e-05,74.125.200.0-255,1484,1696,15,357701
16402,4.4e-05,172.31.36.0-255,66,1762,15,357701
16403,4.9e-05,74.125.200.0-255,2902,4664,15,357701
16404,5.1e-05,172.31.36.0-255,66,4730,15,357701
16405,5.8e-05,74.125.200.0-255,7156,11886,15,357701
16406,6.2e-05,172.31.36.0-255,66,11952,15,357701
16407,6.5e-05,74.125.200.0-255,2010,13962,15,357701
16408,6.8e-05,172.31.36.0-255,66,14028,15,357701
16409,0.000568,74.125.200.0-255,1484,15512,15,357701
16410,0.000574,172.31.36.0-255,66,15578,15,357701
16411,0.000585,74.125.200.0-255,2902,18480,15,357701
16412,0.000587,172.31.36.0-255,66,18546,15,357701
16413,0.000594,74.125.200.0-255,4320,22866,15,357701
16414,0.000597,172.31.36.0-255,66,22932,15,357701
16415,0.000613,74.125.200.0-255,1484,24416,15,357701
16416,0.000616,172.31.36.0-255,66,24482,15,357701
16417,0.000624,74.125.200.0-255,5738,30220,15,357701
16418,0.000626,172.31.36.0-255,66,30286,15,357701
16419,0.000641,74.125.200.0-255,1125,31411,15,357701
16420,0.000644,172.31.36.0-255,66,31477,15,357701
16421,0.000648,74.125.200.0-255,1484,32961,15,357701
16422,0.00065,172.31.36.0-255,66,33027,15,357701
16423,0.000671,74.125.200.0-255,5738,38765,15,357701
16424,0.000674,172.31.36.0-255,66,38831,15,357701
16425,0.000685,172.31.36.0-255,66,38897,15,357701
16426,0.000717,74.125.200.0-255,5738,44635,15,357701
16427,0.00072,172.31.36.0-255,66,44701,15,357701
16428,0.000736,74.125.200.0-255,5738,50439,15,357701
16429,0.000739,172.31.36.0-255,66,50505,15,357701
16430,0.000742,74.125.200.0-255,1484,51989,15,357701
16431,0.000744,172.31.36.0-255,66,52055,15,357701
16432,0.000784,74.125.200.0-255,3981,56036,15,357701
16433,0.000787,172.31.36.0-255,66,56102,15,357701
16434,0.000858,74.125.200.0-255,1484,57586,15,357701
16435,0.000863,172.31.36.0-255,66,57652,15,357701
16436,0.000868,74.125.200.0-255,2902,60554,15,357701
16437,0.00087,172.31.36.0-255,66,60620,15,357701
16438,0.000873,74.125.200.0-255,1484,62104,15,357701
16439,0.000875,172.31.36.0-255,66,62170,15,357701
16440,0.000906,74.125.200.0-255,1484,63654,15,357701
16441,0.000908,172.31.36.0-255,66,63720,15,357701
16442,0.00093,74.125.200.0-255,1484,65204,15,357701
16443,0.000933,172.31.36.0-255,66,65270,15,357701
16444,0.00094,74.125.200.0-255,5738,71008,15,357701
16445,0.000942,172.31.36.0-255,66,71074,15,357701
16446,0.00095,74.125.200.0-255,7156,78230,15,357701
16447,0.000954,172.31.36.0-255,66,78296,15,357701
16448,0.00098,172.31.36.0-255,66,78362,15,357701
16449,0.000985,74.125.200.0-255,3602,81964,15,357701
16450,0.000987,172.31.36.0-255,66,82030,15,357701
16451,0.001055,74.125.200.0-255,1484,83514,15,357701
16452,0.001058,172.31.36.0-255,66,83580,15,357701
16453,0.001071,74.125.200.0-255,2902,86482,15,357701
16454,0.001073,172.31.36.0-255,66,86548,15,357701
16455,0.001094,74.125.200.0-255,2902,89450,15,357701
16456,0.001096,172.31.36.0-255,66,89516,15,357701
16457,0.001101,74.125.200.0-255,4320,93836,15,357701
16458,0.001103,172.31.36.0-255,66,93902,15,357701
16459,0.00114,172.31.36.0-255,66,93968,15,357701
16460,0.001144,74.125.200.0-255,4320,98288,15,357701
16461,0.001146,172.31.36.0-255,66,98354,15,357701
16462,0.001192,74.125.200.0-255,4320,102674,15,357701
16463,0.001194,172.31.36.0-255,66,102740,15,357701
16464,0.001216,74.125.200.0-255,5020,107760,15,357701
16465,0.001218,172.31.36.0-255,66,107826,15,357701
16466,0.001245,74.125.200.0-255,1484,109310,15,357701
16467,0.001258,74.125.200.0-255,2902,112212,15,357701
16468,0.001273,74.125.200.0-255,4320,116532,15,357701
16469,0.001288,74.125.200.0-255,1484,118016,15,357701
16470,0.001293,74.125.200.0-255,5738,123754,15,357701
16471,0.001315,74.125.200.0-255,7156,130910,15,357701
16472,0.00135,74.125.200.0-255,2902,133812,15,357701
16473,0.001388,74.125.200.0-255,1484,135296,15,357701
16474,0.001404,74.125.200.0-255,2902,138198,15,357701
16475,0.001422,74.125.200.0-255,5738,143936,15,357701
16476,0.001448,74.125.200.0-255,5738,149674,15,357701
16477,0.001463,74.125.200.0-255,4320,153994,15,357701
16478,0.001482,74.125.200.0-255,5738,159732,15,357701
16479,0.001498,74.125.200.0-255,5738,165470,15,357701
16480,0.001504,74.125.200.0-255,5020,170490,15,357701
16481,0.001507,74.125.200.0-255,1484,171974,15,357701
16482,0.001524,74.125.200.0-255,4320,176294,15,357701
16483,0.001547,74.125.200.0-255,5738,182032,15,357701
16484,0.001569,74.125.200.0-255,7156,189188,15,357701
16485,0.001574,74.125.200.0-255,4320,193508,15,357701
16486,0.001603,74.125.200.0-255,2902,196410,15,357701
16487,0.001623,74.125.200.0-255,5020,201430,15,357701
16488,0.001768,74.125.200.0-255,1484,202914,15,357701
16489,0.001787,74.125.200.0-255,2902,205816,15,357701
16490,0.0018,74.125.200.0-255,2902,208718,15,357701
16491,0.001812,74.125.200.0-255,2902,211620,15,357701
16492,0.001881,74.125.200.0-255,7156,218776,15,357701
16493,0.001919,74.125.200.0-255,5020,223796,15,357701
16494,0.002004,74.125.200.0-255,1484,225280,15,357701
16495,0.00202,74.125.200.0-255,1484,226764,15,357701
16496,0.002029,74.125.200.0-255,1484,228248,15,357701
16497,0.002034,74.125.200.0-255,2902,231150,15,357701
16498,0.002044,74.125.200.0-255,2902,234052,15,357701
16499,0.002056,74.125.200.0-255,2902,236954,15,357701
16500,0.002074,74.125.200.0-255,4320,241274,15,357701
16501,0.003483,172.31.36.0-255,66,241340,15,357701
16502,0.005523,74.125.200.0-255,5738,247078,15,357701
16503,0.005529,172.31.36.0-255,66,247144,15,357701
16504,0.007562,74.125.200.0-255,5738,252882,15,357701
16505,0.00757,172.31.36.0-255,66,252948,15,357701
16506,0.009604,74.125.200.0-255,5738,258686,15,357701
16507,0.009612,172.31.36.0-255,66,258752,15,357701
16508,0.011659,74.125.200.0-255,5738,264490,15,357701
16509,0.011665,172.31.36.0-255,66,264556,15,357701
16510,0.013701,74.125.200.0-255,5738,270294,15,357701
16511,0.013708,172.31.36.0-255,66,270360,15,357701
16512,0.015741,74.125.200.0-255,5738,276098,15,357701
16513,0.015749,172.31.36.0-255,66,276164,15,357701
16514,0.017789,74.125.200.0-255,5738,281902,15,357701
16515,0.017797,172.31.36.0-255,66,281968,15,357701
16516,0.019835,74.125.200.0-255,5738,287706,15,357701
16517,0.019842,172.31.36.0-255,66,287772,15,357701
16518,0.021873,74.125.200.0-255,5738,293510,15,357701
16519,0.021881,172.31.36.0-255,66,293576,15,357701
16520,0.023913,74.125.200.0-255,5738,299314,15,357701
16521,0.023918,172.31.36.0-255,66,299380,15,357701
16522,0.025326,172.31.36.0-255,167,299547,15,357701
16523,0.025355,172.31.36.0-255,1106,300653,15,357701
16524,0.025391,172.31.36.0-255,1514,302167,15,357701
16525,0.025393,172.31.36.0-255,1301,303468,15,357701
16526,0.025944,74.125.200.0-255,5738,309206,15,357701
16527,0.02595,172.31.36.0-255,66,309272,15,357701
16528,0.026905,104.244.42.0-255,66,309338,15,357701
16529,0.026914,104.244.42.0-255,66,309404,15,357701
16530,0.026943,104.244.42.0-255,66,309470,15,357701
16531,0.027987,74.125.200.0-255,5738,315208,15,357701
16532,0.027993,172.31.36.0-255,66,315274,15,357701
16533,0.030027,74.125.200.0-255,4320,319594,15,357701
16534,0.030032,172.31.36.0-255,66,319660,15,357701
16535,0.030046,74.125.200.0-255,1484,321144,15,357701
16536,0.032059,74.125.200.0-255,4320,325464,15,357701
16537,0.032065,172.31.36.0-255,66,325530,15,357701
16538,0.034089,74.125.200.0-255,5738,331268,15,357701
16539,0.034095,172.31.36.0-255,66,331334,15,357701
16540,0.036121,74.125.200.0-255,2902,334236,15,357701
16541,0.036127,172.31.36.0-255,66,334302,15,357701
16542,0.036157,74.125.200.0-255,2902,337204,15,357701
16543,0.03616,172.31.36.0-255,66,337270,15,357701
16544,0.038153,74.125.200.0-255,2902,340172,15,357701
16545,0.038159,172.31.36.0-255,66,340238,15,357701
16546,0.038187,74.125.200.0-255,2902,343140,15,357701
16547,0.038192,172.31.36.0-255,66,343206,15,357701
16548,0.040191,74.125.200.0-255,2902,346108,15,357701
16549,0.040197,172.31.36.0-255,66,346174,15,357701
16550,0.040227,74.125.200.0-255,2902,349076,15,357701
16551,0.04023,172.31.36.0-255,66,349142,15,357701
16552,0.04223,74.125.200.0-255,2902,352044,15,357701
16553,0.042235,172.31.36.0-255,66,352110,15,357701
16554,0.042264,74.125.200.0-255,2902,355012,15,357701
16555,0.042267,172.31.36.0-255,66,355078,15,357701
16556,0.044265,74.125.200.0-255,2386,357464,15,357701
16557,0.044271,172.31.36.0-255,66,357530,15,357701
16558,0.044449,172.31.36.0-255,105,357635,15,357701
16559,0.046451,74.125.200.0-255,66,357701,15,357701
16560,0.0,216.58.221.0-255,149,149,15,275424
16561,4.1e-05,216.58.221.0-255,1484,1633,15,275424
16562,4.7e-05,172.31.36.0-255,66,1699,15,275424
16563,5.2e-05,216.58.221.0-255,1484,3183,15,275424
16564,6.5e-05,216.58.221.0-255,1484,4667,15,275424
16565,7.4e-05,172.31.36.0-255,66,4733,15,275424
16566,8.1e-05,216.58.221.0-255,5738,10471,15,275424
16567,8.4e-05,172.31.36.0-255,66,10537,15,275424
16568,8.8e-05,216.58.221.0-255,2902,13439,15,275424
16569,9.2e-05,172.31.36.0-255,66,13505,15,275424
16570,0.000132,172.31.36.0-255,66,13571,15,275424
16571,0.00014,216.58.221.0-255,6797,20368,15,275424
16572,0.000142,172.31.36.0-255,66,20434,15,275424
16573,0.000253,216.58.221.0-255,1484,21918,15,275424
16574,0.000258,216.58.221.0-255,1484,23402,15,275424
16575,0.00026,172.31.36.0-255,66,23468,15,275424
16576,0.000272,216.58.221.0-255,1484,24952,15,275424
16577,0.000286,216.58.221.0-255,5738,30690,15,275424
16578,0.000289,172.31.36.0-255,66,30756,15,275424
16579,0.000319,216.58.221.0-255,6797,37553,15,275424
16580,0.000323,172.31.36.0-255,66,37619,15,275424
16581,0.000424,216.58.221.0-255,1484,39103,15,275424
16582,0.000441,216.58.221.0-255,2902,42005,15,275424
16583,0.000446,172.31.36.0-255,66,42071,15,275424
16584,0.000454,216.58.221.0-255,5738,47809,15,275424
16585,0.000458,216.58.221.0-255,4320,52129,15,275424
16586,0.000459,172.31.36.0-255,66,52195,15,275424
16587,0.000463,172.31.36.0-255,66,52261,15,275424
16588,0.000476,216.58.221.0-255,1484,53745,15,275424
16589,0.000502,216.58.221.0-255,1455,55200,15,275424
16590,0.000506,172.31.36.0-255,66,55266,15,275424
16591,0.000942,216.58.221.0-255,113,55379,15,275424
16592,0.001048,216.58.221.0-255,1484,56863,15,275424
16593,0.001053,172.31.36.0-255,66,56929,15,275424
16594,0.001061,216.58.221.0-255,2902,59831,15,275424
16595,0.001063,172.31.36.0-255,66,59897,15,275424
16596,0.001068,216.58.221.0-255,2902,62799,15,275424
16597,0.00107,172.31.36.0-255,66,62865,15,275424
16598,0.001082,216.58.221.0-255,4320,67185,15,275424
16599,0.001085,172.31.36.0-255,66,67251,15,275424
16600,0.001108,216.58.221.0-255,1484,68735,15,275424
16601,0.001133,216.58.221.0-255,3961,72696,15,275424
16602,0.001136,172.31.36.0-255,66,72762,15,275424
16603,0.001142,216.58.221.0-255,5738,78500,15,275424
16604,0.001144,172.31.36.0-255,66,78566,15,275424
16605,0.001199,172.31.36.0-255,66,78632,15,275424
16606,0.001317,216.58.221.0-255,1484,80116,15,275424
16607,0.001324,216.58.221.0-255,2902,83018,15,275424
16608,0.001328,172.31.36.0-255,66,83084,15,275424
16609,0.001335,216.58.221.0-255,5738,88822,15,275424
16610,0.001337,172.31.36.0-255,66,88888,15,275424
16611,0.001365,216.58.221.0-255,5738,94626,15,275424
16612,0.001368,172.31.36.0-255,66,94692,15,275424
16613,0.001404,216.58.221.0-255,7156,101848,15,275424
16614,0.001407,172.31.36.0-255,66,101914,15,275424
16615,0.001417,172.31.36.0-255,66,101980,15,275424
16616,0.001425,216.58.221.0-255,2184,104164,15,275424
16617,0.001427,172.31.36.0-255,66,104230,15,275424
16618,0.001486,216.58.221.0-255,1484,105714,15,275424
16619,0.00149,216.58.221.0-255,2902,108616,15,275424
16620,0.001492,172.31.36.0-255,66,108682,15,275424
16621,0.001518,216.58.221.0-255,5738,114420,15,275424
16622,0.00152,172.31.36.0-255,66,114486,15,275424
16623,0.001525,216.58.221.0-255,4320,118806,15,275424
16624,0.001527,172.31.36.0-255,66,118872,15,275424
16625,0.001537,216.58.221.0-255,5738,124610,15,275424
16626,0.001539,172.31.36.0-255,66,124676,15,275424
16627,0.001577,216.58.221.0-255,1484,126160,15,275424
16628,0.001599,172.31.36.0-255,66,126226,15,275424
16629,0.001602,216.58.221.0-255,2184,128410,15,275424
16630,0.001604,172.31.36.0-255,66,128476,15,275424
16631,0.001686,216.58.221.0-255,1484,129960,15,275424
16632,0.0017,216.58.221.0-255,2902,132862,15,275424
16633,0.001702,172.31.36.0-255,66,132928,15,275424
16634,0.001717,216.58.221.0-255,4320,137248,15,275424
16635,0.001723,172.31.36.0-255,66,137314,15,275424
16636,0.001735,216.58.221.0-255,1484,138798,15,275424
16637,0.001742,216.58.221.0-255,1484,140282,15,275424
16638,0.001744,172.31.36.0-255,66,140348,15,275424
16639,0.001781,216.58.221.0-255,7156,147504,15,275424
16640,0.001783,172.31.36.0-255,66,147570,15,275424
16641,0.001794,172.31.36.0-255,66,147636,15,275424
16642,0.001804,216.58.221.0-255,5020,152656,15,275424
16643,0.001806,172.31.36.0-255,66,152722,15,275424
16644,0.001897,216.58.221.0-255,1484,154206,15,275424
16645,0.00191,216.58.221.0-255,2902,157108,15,275424
16646,0.001912,172.31.36.0-255,66,157174,15,275424
16647,0.001916,216.58.221.0-255,2902,160076,15,275424
16648,0.001918,172.31.36.0-255,66,160142,15,275424
16649,0.001936,216.58.221.0-255,1484,161626,15,275424
16650,0.001942,216.58.221.0-255,5738,167364,15,275424
16651,0.001948,172.31.36.0-255,66,167430,15,275424
16652,0.001954,216.58.221.0-255,5738,173168,15,275424
16653,0.001957,172.31.36.0-255,66,173234,15,275424
16654,0.001978,216.58.221.0-255,5738,178972,15,275424
16655,0.00198,172.31.36.0-255,66,179038,15,275424
16656,0.001994,172.31.36.0-255,66,179104,15,275424
16657,0.00221,216.58.221.0-255,1484,180588,15,275424
16658,0.002231,216.58.221.0-255,2902,183490,15,275424
16659,0.002233,172.31.36.0-255,66,183556,15,275424
16660,0.002238,216.58.221.0-255,4320,187876,15,275424
16661,0.00224,172.31.36.0-255,66,187942,15,275424
16662,0.002244,216.58.221.0-255,2902,190844,15,275424
16663,0.002246,172.31.36.0-255,66,190910,15,275424
16664,0.002283,216.58.221.0-255,5738,196648,15,275424
16665,0.002286,172.31.36.0-255,66,196714,15,275424
16666,0.002295,216.58.221.0-255,4320,201034,15,275424
16667,0.002297,172.31.36.0-255,66,201100,15,275424
16668,0.002306,172.31.36.0-255,66,201166,15,275424
16669,0.002311,216.58.221.0-255,3602,204768,15,275424
16670,0.002313,172.31.36.0-255,66,204834,15,275424
16671,0.002503,216.58.221.0-255,1484,206318,15,275424
16672,0.002507,216.58.221.0-255,2902,209220,15,275424
16673,0.00251,172.31.36.0-255,66,209286,15,275424
16674,0.00253,216.58.221.0-255,4320,213606,15,275424
16675,0.002532,172.31.36.0-255,66,213672,15,275424
16676,0.002538,216.58.221.0-255,5738,219410,15,275424
16677,0.00254,172.31.36.0-255,66,219476,15,275424
16678,0.002571,172.31.36.0-255,66,219542,15,275424
16679,0.002582,216.58.221.0-255,5738,225280,15,275424
16680,0.002584,172.31.36.0-255,66,225346,15,275424
16681,0.002609,216.58.221.0-255,2184,227530,15,275424
16682,0.002612,172.31.36.0-255,66,227596,15,275424
16683,0.002622,172.31.36.0-255,66,227662,15,275424
16684,0.002645,216.58.221.0-255,2902,230564,15,275424
16685,0.002647,172.31.36.0-255,66,230630,15,275424
16686,0.00267,216.58.221.0-255,7156,237786,15,275424
16687,0.002672,172.31.36.0-255,66,237852,15,275424
16688,0.002707,172.31.36.0-255,66,237918,15,275424
16689,0.002714,216.58.221.0-255,6438,244356,15,275424
16690,0.002716,172.31.36.0-255,66,244422,15,275424
16691,0.00278,216.58.221.0-255,1484,245906,15,275424
16692,0.002785,216.58.221.0-255,2902,248808,15,275424
16693,0.00279,216.58.221.0-255,5738,254546,15,275424
16694,0.002794,216.58.221.0-255,2902,257448,15,275424
16695,0.002807,216.58.221.0-255,4320,261768,15,275424
16696,0.002821,216.58.221.0-255,2902,264670,15,275424
16697,0.002834,216.58.221.0-255,2902,267572,15,275424
16698,0.002855,216.58.221.0-255,1484,269056,15,275424
16699,0.002888,216.58.221.0-255,2048,271104,15,275424
16700,0.002909,216.58.221.0-255,105,271209,15,275424
16701,0.002921,216.58.221.0-255,129,271338,15,275424
16702,0.008869,172.31.36.0-255,66,271404,15,275424
16703,0.011568,172.31.36.0-255,105,271509,15,275424
16704,0.0116,172.31.36.0-255,105,271614,15,275424
16705,0.01189,172.31.36.0-255,90,271704,15,275424
16706,0.011903,172.31.36.0-255,66,271770,15,275424
16707,0.013546,216.58.221.0-255,66,271836,15,275424
16708,0.013561,216.58.221.0-255,66,271902,15,275424
16709,0.013859,216.58.221.0-255,66,271968,15,275424
16710,0.013922,216.58.221.0-255,66,272034,15,275424
16711,0.013932,172.31.36.0-255,66,272100,15,275424
16712,0.064964,172.31.36.0-255,172,272272,15,275424
16713,0.064998,172.31.36.0-255,1109,273381,15,275424
16714,0.065048,172.31.36.0-255,1514,274895,15,275424
16715,0.065069,172.31.36.0-255,331,275226,15,275424
16716,0.066595,104.244.42.0-255,66,275292,15,275424
16717,0.066642,104.244.42.0-255,66,275358,15,275424
16718,0.066726,104.244.42.0-255,66,275424,15,275424
16719,0.0,172.31.36.0-255,105,105,15,276
16720,0.001488,157.240.13.0-255,105,210,15,276
16721,0.0015,172.31.36.0-255,66,276,15,276
16722,0.0,74.125.24.0-255,145,145,15,298261
16723,1.8e-05,172.31.36.0-255,66,211,15,298261
16724,2.5e-05,74.125.24.0-255,1484,1695,15,298261
16725,2.9e-05,172.31.36.0-255,66,1761,15,298261
16726,4.5e-05,74.125.24.0-255,2902,4663,15,298261
16727,5e-05,172.31.36.0-255,66,4729,15,298261
16728,5.8e-05,74.125.24.0-255,7156,11885,15,298261
16729,6.1e-05,172.31.36.0-255,66,11951,15,298261
16730,0.000102,172.31.36.0-255,66,12017,15,298261
16731,0.000133,74.125.24.0-255,5379,17396,15,298261
16732,0.000138,172.31.36.0-255,66,17462,15,298261
16733,0.000248,74.125.24.0-255,1484,18946,15,298261
16734,0.000255,172.31.36.0-255,66,19012,15,298261
16735,0.00026,74.125.24.0-255,2902,21914,15,298261
16736,0.000263,172.31.36.0-255,66,21980,15,298261
16737,0.000274,74.125.24.0-255,5738,27718,15,298261
16738,0.000277,172.31.36.0-255,66,27784,15,298261
16739,0.000328,172.31.36.0-255,66,27850,15,298261
16740,0.000356,74.125.24.0-255,3961,31811,15,298261
16741,0.000358,172.31.36.0-255,66,31877,15,298261
16742,0.000369,172.31.36.0-255,66,31943,15,298261
16743,0.000376,74.125.24.0-255,342,32285,15,298261
16744,0.000378,172.31.36.0-255,66,32351,15,298261
16745,0.000961,74.125.24.0-255,1484,33835,15,298261
16746,0.000966,74.125.24.0-255,1484,35319,15,298261
16747,0.000978,172.31.36.0-255,66,35385,15,298261
16748,0.000983,172.31.36.0-255,66,35451,15,298261
16749,0.000986,74.125.24.0-255,1484,36935,15,298261
16750,0.000989,172.31.36.0-255,66,37001,15,298261
16751,0.001002,74.125.24.0-255,5738,42739,15,298261
16752,0.001005,172.31.36.0-255,66,42805,15,298261
16753,0.001048,172.31.36.0-255,66,42871,15,298261
16754,0.001054,74.125.24.0-255,4320,47191,15,298261
16755,0.001056,172.31.36.0-255,66,47257,15,298261
16756,0.001092,74.125.24.0-255,5738,52995,15,298261
16757,0.001103,74.125.24.0-255,5020,58015,15,298261
16758,0.001109,172.31.36.0-255,66,58081,15,298261
16759,0.001113,172.31.36.0-255,66,58147,15,298261
16760,0.00115,172.31.36.0-255,66,58213,15,298261
16761,0.00119,172.31.36.0-255,66,58279,15,298261
16762,0.001219,74.125.24.0-255,4320,62599,15,298261
16763,0.001224,172.31.36.0-255,66,62665,15,298261
16764,0.001231,74.125.24.0-255,5738,68403,15,298261
16765,0.00124,172.31.36.0-255,66,68469,15,298261
16766,0.001257,172.31.36.0-255,66,68535,15,298261
16767,0.001264,74.125.24.0-255,7156,75691,15,298261
16768,0.001268,172.31.36.0-255,66,75757,15,298261
16769,0.001318,172.31.36.0-255,66,75823,15,298261
16770,0.001325,74.125.24.0-255,6438,82261,15,298261
16771,0.001328,172.31.36.0-255,66,82327,15,298261
16772,0.001483,74.125.24.0-255,1484,83811,15,298261
16773,0.00149,74.125.24.0-255,2902,86713,15,298261
16774,0.001494,172.31.36.0-255,66,86779,15,298261
16775,0.001534,74.125.24.0-255,5738,92517,15,298261
16776,0.001539,172.31.36.0-255,66,92583,15,298261
16777,0.001552,172.31.36.0-255,66,92649,15,298261
16778,0.001567,74.125.24.0-255,7156,99805,15,298261
16779,0.001571,172.31.36.0-255,66,99871,15,298261
16780,0.001603,74.125.24.0-255,5020,104891,15,298261
16781,0.001612,172.31.36.0-255,66,104957,15,298261
16782,0.002038,74.125.24.0-255,1484,106441,15,298261
16783,0.002046,74.125.24.0-255,2902,109343,15,298261
16784,0.00205,172.31.36.0-255,66,109409,15,298261
16785,0.002058,74.125.24.0-255,5738,115147,15,298261
16786,0.00206,172.31.36.0-255,66,115213,15,298261
16787,0.00211,172.31.36.0-255,66,115279,15,298261
16788,0.004188,74.125.24.0-255,5738,121017,15,298261
16789,0.004195,172.31.36.0-255,66,121083,15,298261
16790,0.006263,74.125.24.0-255,5738,126821,15,298261
16791,0.006271,172.31.36.0-255,66,126887,15,298261
16792,0.008332,74.125.24.0-255,5738,132625,15,298261
16793,0.008339,172.31.36.0-255,66,132691,15,298261
16794,0.010407,74.125.24.0-255,5738,138429,15,298261
16795,0.010414,172.31.36.0-255,66,138495,15,298261
16796,0.012484,74.125.24.0-255,5738,144233,15,298261
16797,0.01249,172.31.36.0-255,66,144299,15,298261
16798,0.014571,74.125.24.0-255,5738,150037,15,298261
16799,0.014578,172.31.36.0-255,66,150103,15,298261
16800,0.016682,74.125.24.0-255,5738,155841,15,298261
16801,0.016689,172.31.36.0-255,66,155907,15,298261
16802,0.018773,74.125.24.0-255,5738,161645,15,298261
16803,0.018781,172.31.36.0-255,66,161711,15,298261
16804,0.020871,74.125.24.0-255,5738,167449,15,298261
16805,0.020878,172.31.36.0-255,66,167515,15,298261
16806,0.022948,74.125.24.0-255,5738,173253,15,298261
16807,0.022955,172.31.36.0-255,66,173319,15,298261
16808,0.025063,74.125.24.0-255,5738,179057,15,298261
16809,0.025071,172.31.36.0-255,66,179123,15,298261
16810,0.02713,74.125.24.0-255,5738,184861,15,298261
16811,0.027136,172.31.36.0-255,66,184927,15,298261
16812,0.029205,74.125.24.0-255,5738,190665,15,298261
16813,0.029212,172.31.36.0-255,66,190731,15,298261
16814,0.031269,74.125.24.0-255,5738,196469,15,298261
16815,0.031276,172.31.36.0-255,66,196535,15,298261
16816,0.033371,74.125.24.0-255,5738,202273,15,298261
16817,0.033379,172.31.36.0-255,66,202339,15,298261
16818,0.035481,74.125.24.0-255,5738,208077,15,298261
16819,0.035491,172.31.36.0-255,66,208143,15,298261
16820,0.037566,74.125.24.0-255,5738,213881,15,298261
16821,0.03758,172.31.36.0-255,66,213947,15,298261
16822,0.039672,74.125.24.0-255,5738,219685,15,298261
16823,0.039682,172.31.36.0-255,66,219751,15,298261
16824,0.041767,74.125.24.0-255,5738,225489,15,298261
16825,0.041779,172.31.36.0-255,66,225555,15,298261
16826,0.043824,74.125.24.0-255,5738,231293,15,298261
16827,0.043831,172.31.36.0-255,66,231359,15,298261
16828,0.044672,172.31.36.0-255,167,231526,15,298261
16829,0.044703,172.31.36.0-255,1111,232637,15,298261
16830,0.04474,172.31.36.0-255,1514,234151,15,298261
16831,0.044741,172.31.36.0-255,1294,235445,15,298261
16832,0.045887,74.125.24.0-255,5738,241183,15,298261
16833,0.045893,172.31.36.0-255,66,241249,15,298261
16834,0.046246,104.244.42.0-255,66,241315,15,298261
16835,0.046283,104.244.42.0-255,66,241381,15,298261
16836,0.046322,104.244.42.0-255,66,241447,15,298261
16837,0.046939,104.244.42.0-255,108,241555,15,298261
16838,0.046963,172.31.36.0-255,66,241621,15,298261
16839,0.047972,74.125.24.0-255,5738,247359,15,298261
16840,0.047976,172.31.36.0-255,66,247425,15,298261
16841,0.05006,74.125.24.0-255,5738,253163,15,298261
16842,0.050065,172.31.36.0-255,66,253229,15,298261
16843,0.05215,74.125.24.0-255,5738,258967,15,298261
16844,0.052156,172.31.36.0-255,66,259033,15,298261
16845,0.054244,74.125.24.0-255,5738,264771,15,298261
16846,0.05425,172.31.36.0-255,66,264837,15,298261
16847,0.056334,74.125.24.0-255,5738,270575,15,298261
16848,0.056339,172.31.36.0-255,66,270641,15,298261
16849,0.058403,74.125.24.0-255,2902,273543,15,298261
16850,0.058409,172.31.36.0-255,66,273609,15,298261
16851,0.058449,74.125.24.0-255,2902,276511,15,298261
16852,0.058452,172.31.36.0-255,66,276577,15,298261
16853,0.060512,74.125.24.0-255,2902,279479,15,298261
16854,0.060518,172.31.36.0-255,66,279545,15,298261
16855,0.060549,74.125.24.0-255,2902,282447,15,298261
16856,0.060552,172.31.36.0-255,66,282513,15,298261
16857,0.062586,74.125.24.0-255,1484,283997,15,298261
16858,0.062623,74.125.24.0-255,1484,285481,15,298261
16859,0.062628,172.31.36.0-255,66,285547,15,298261
16860,0.062634,74.125.24.0-255,2902,288449,15,298261
16861,0.062636,172.31.36.0-255,66,288515,15,298261
16862,0.064699,74.125.24.0-255,2902,291417,15,298261
16863,0.064705,172.31.36.0-255,66,291483,15,298261
16864,0.064742,74.125.24.0-255,2902,294385,15,298261
16865,0.064745,172.31.36.0-255,66,294451,15,298261
16866,0.066808,74.125.24.0-255,2902,297353,15,298261
16867,0.066813,172.31.36.0-255,66,297419,15,298261
16868,0.066844,74.125.24.0-255,605,298024,15,298261
16869,0.066963,172.31.36.0-255,66,298090,15,298261
16870,0.066988,172.31.36.0-255,105,298195,15,298261
16871,0.069056,74.125.24.0-255,66,298261,15,298261
16872,0.0,172.217.194.0-255,152,152,15,147005
16873,3e-05,172.217.194.0-255,1484,1636,15,147005
16874,4.3e-05,172.31.36.0-255,66,1702,15,147005
16875,5.1e-05,172.217.194.0-255,2902,4604,15,147005
16876,5.5e-05,172.31.36.0-255,66,4670,15,147005
16877,6.3e-05,172.217.194.0-255,7156,11826,15,147005
16878,6.5e-05,172.31.36.0-255,66,11892,15,147005
16879,6.8e-05,172.217.194.0-255,1484,13376,15,147005
16880,7.1e-05,172.217.194.0-255,1484,14860,15,147005
16881,7.4e-05,172.31.36.0-255,66,14926,15,147005
16882,0.00012,172.31.36.0-255,66,14992,15,147005
16883,0.000125,172.217.194.0-255,2543,17535,15,147005
16884,0.000128,172.31.36.0-255,66,17601,15,147005
16885,0.000171,172.31.36.0-255,66,17667,15,147005
16886,0.000188,172.31.36.0-255,66,17733,15,147005
16887,0.000238,172.217.194.0-255,4320,22053,15,147005
16888,0.000241,172.31.36.0-255,66,22119,15,147005
16889,0.000269,172.217.194.0-255,2530,24649,15,147005
16890,0.000274,172.31.36.0-255,66,24715,15,147005
16891,0.000308,172.217.194.0-255,7156,31871,15,147005
16892,0.000312,172.31.36.0-255,66,31937,15,147005
16893,0.000321,172.217.194.0-255,7156,39093,15,147005
16894,0.000323,172.31.36.0-255,66,39159,15,147005
16895,0.000343,172.217.194.0-255,1484,40643,15,147005
16896,0.000363,172.31.36.0-255,66,40709,15,147005
16897,0.000404,172.217.194.0-255,1063,41772,15,147005
16898,0.000478,172.217.194.0-255,1484,43256,15,147005
16899,0.000482,172.31.36.0-255,66,43322,15,147005
16900,0.000487,172.217.194.0-255,2902,46224,15,147005
16901,0.00049,172.31.36.0-255,66,46290,15,147005
16902,0.000502,172.217.194.0-255,5738,52028,15,147005
16903,0.000505,172.31.36.0-255,66,52094,15,147005
16904,0.00051,172.217.194.0-255,2902,54996,15,147005
16905,0.000512,172.31.36.0-255,66,55062,15,147005
16906,0.000548,172.217.194.0-255,4320,59382,15,147005
16907,0.000552,172.31.36.0-255,66,59448,15,147005
16908,0.000566,172.31.36.0-255,66,59514,15,147005
16909,0.000569,172.217.194.0-255,2184,61698,15,147005
16910,0.000573,172.31.36.0-255,66,61764,15,147005
16911,0.000741,172.217.194.0-255,1484,63248,15,147005
16912,0.000747,172.217.194.0-255,2902,66150,15,147005
16913,0.00075,172.31.36.0-255,66,66216,15,147005
16914,0.000754,172.217.194.0-255,1484,67700,15,147005
16915,0.00078,172.217.194.0-255,4320,72020,15,147005
16916,0.000784,172.31.36.0-255,66,72086,15,147005
16917,0.000798,172.31.36.0-255,66,72152,15,147005
16918,0.000831,172.217.194.0-255,1484,73636,15,147005
16919,0.000845,172.31.36.0-255,66,73702,15,147005
16920,0.001127,172.217.194.0-255,1484,75186,15,147005
16921,0.001132,172.217.194.0-255,2902,78088,15,147005
16922,0.001136,172.31.36.0-255,66,78154,15,147005
16923,0.00114,172.217.194.0-255,1484,79638,15,147005
16924,0.001167,172.217.194.0-255,4320,83958,15,147005
16925,0.00117,172.31.36.0-255,66,84024,15,147005
16926,0.001183,172.31.36.0-255,66,84090,15,147005
16927,0.001201,172.31.36.0-255,66,84156,15,147005
16928,0.001261,172.217.194.0-255,766,84922,15,147005
16929,0.001342,172.217.194.0-255,1484,86406,15,147005
16930,0.001346,172.31.36.0-255,66,86472,15,147005
16931,0.001351,172.217.194.0-255,2902,89374,15,147005
16932,0.001354,172.31.36.0-255,66,89440,15,147005
16933,0.001382,172.217.194.0-255,5738,95178,15,147005
16934,0.001386,172.31.36.0-255,66,95244,15,147005
16935,0.0014,172.31.36.0-255,66,95310,15,147005
16936,0.001406,172.217.194.0-255,5738,101048,15,147005
16937,0.001413,172.31.36.0-255,66,101114,15,147005
16938,0.001445,172.217.194.0-255,6438,107552,15,147005
16939,0.001448,172.31.36.0-255,66,107618,15,147005
16940,0.001601,172.217.194.0-255,1484,109102,15,147005
16941,0.001616,172.217.194.0-255,2902,112004,15,147005
16942,0.001619,172.31.36.0-255,66,112070,15,147005
16943,0.001625,172.217.194.0-255,4320,116390,15,147005
16944,0.001628,172.31.36.0-255,66,116456,15,147005
16945,0.001659,172.217.194.0-255,1484,117940,15,147005
16946,0.001681,172.31.36.0-255,66,118006,15,147005
16947,0.001686,172.217.194.0-255,2902,120908,15,147005
16948,0.001688,172.31.36.0-255,66,120974,15,147005
16949,0.001729,172.31.36.0-255,66,121040,15,147005
16950,0.001748,172.31.36.0-255,66,121106,15,147005
16951,0.0018,172.31.36.0-255,66,121172,15,147005
16952,0.001828,172.217.194.0-255,7156,128328,15,147005
16953,0.001832,172.31.36.0-255,66,128394,15,147005
16954,0.001858,172.31.36.0-255,66,128460,15,147005
16955,0.001864,172.217.194.0-255,4320,132780,15,147005
16956,0.001866,172.31.36.0-255,66,132846,15,147005
16957,0.001912,172.31.36.0-255,66,132912,15,147005
16958,0.001962,172.31.36.0-255,66,132978,15,147005
16959,0.001982,172.217.194.0-255,4320,137298,15,147005
16960,0.001985,172.31.36.0-255,66,137364,15,147005
16961,0.001992,172.217.194.0-255,5015,142379,15,147005
16962,0.001995,172.31.36.0-255,66,142445,15,147005
16963,0.001997,172.217.194.0-255,105,142550,15,147005
16964,0.003436,172.31.36.0-255,105,142655,15,147005
16965,0.005688,172.217.194.0-255,66,142721,15,147005
16966,0.032469,172.31.36.0-255,167,142888,15,147005
16967,0.032503,172.31.36.0-255,1109,143997,15,147005
16968,0.032551,172.31.36.0-255,1514,145511,15,147005
16969,0.032572,172.31.36.0-255,1296,146807,15,147005
16970,0.034001,104.244.42.0-255,66,146873,15,147005
16971,0.034052,104.244.42.0-255,66,146939,15,147005
16972,0.034101,104.244.42.0-255,66,147005,15,147005
