,TIME,SRC,PACKET_SIZE,CUMULATIVE_PACKET_SIZE,PAGE_NUMBER,TOTAL_PACKET_SIZE
0,0.0,74.125.130.0-255,298,298,10,371167
1,2e-05,172.31.36.0-255,66,364,10,371167
2,6.2e-05,74.125.130.0-255,1484,1848,10,371167
3,6.7e-05,172.31.36.0-255,66,1914,10,371167
4,7.5e-05,74.125.130.0-255,4320,6234,10,371167
5,7.8e-05,172.31.36.0-255,66,6300,10,371167
6,8.1e-05,74.125.130.0-255,1484,7784,10,371167
7,8.4e-05,172.31.36.0-255,66,7850,10,371167
8,9e-05,74.125.130.0-255,2902,10752,10,371167
9,9.3e-05,172.31.36.0-255,66,10818,10,371167
10,0.000101,74.125.130.0-255,6083,16901,10,371167
11,0.000104,172.31.36.0-255,66,16967,10,371167
12,0.00011,74.125.130.0-255,4320,21287,10,371167
13,0.000113,172.31.36.0-255,66,21353,10,371167
14,0.000148,74.125.130.0-255,5738,27091,10,371167
15,0.000151,172.31.36.0-255,66,27157,10,371167
16,0.000156,74.125.130.0-255,3961,31118,10,371167
17,0.000159,172.31.36.0-255,66,31184,10,371167
18,0.000281,74.125.130.0-255,1484,32668,10,371167
19,0.000285,172.31.36.0-255,66,32734,10,371167
20,0.000292,74.125.130.0-255,2902,35636,10,371167
21,0.000295,172.31.36.0-255,66,35702,10,371167
22,0.000298,74.125.130.0-255,1484,37186,10,371167
23,0.000306,172.31.36.0-255,66,37252,10,371167
24,0.000312,74.125.130.0-255,2902,40154,10,371167
25,0.000314,172.31.36.0-255,66,40220,10,371167
26,0.000317,74.125.130.0-255,1484,41704,10,371167
27,0.00032,172.31.36.0-255,66,41770,10,371167
28,0.000357,74.125.130.0-255,4320,46090,10,371167
29,0.000361,172.31.36.0-255,66,46156,10,371167
30,0.000368,74.125.130.0-255,6797,52953,10,371167
31,0.000371,172.31.36.0-255,66,53019,10,371167
32,0.000379,74.125.130.0-255,7156,60175,10,371167
33,0.000382,172.31.36.0-255,66,60241,10,371167
34,0.000409,74.125.130.0-255,5379,65620,10,371167
35,0.000412,172.31.36.0-255,66,65686,10,371167
36,0.00044,74.125.130.0-255,380,66066,10,371167
37,0.000485,74.125.130.0-255,364,66430,10,371167
38,0.000715,74.125.130.0-255,1484,67914,10,371167
39,0.000722,172.31.36.0-255,66,67980,10,371167
40,0.000728,74.125.130.0-255,2902,70882,10,371167
41,0.00073,172.31.36.0-255,66,70948,10,371167
42,0.000763,74.125.130.0-255,5738,76686,10,371167
43,0.000767,172.31.36.0-255,66,76752,10,371167
44,0.000772,74.125.130.0-255,4320,81072,10,371167
45,0.000774,172.31.36.0-255,66,81138,10,371167
46,0.000815,74.125.130.0-255,5738,86876,10,371167
47,0.00082,74.125.130.0-255,5738,92614,10,371167
48,0.000832,172.31.36.0-255,66,92680,10,371167
49,0.000835,172.31.36.0-255,66,92746,10,371167
50,0.000844,74.125.130.0-255,4320,97066,10,371167
51,0.000846,172.31.36.0-255,66,97132,10,371167
52,0.000879,74.125.130.0-255,2902,100034,10,371167
53,0.000883,172.31.36.0-255,66,100100,10,371167
54,0.000887,74.125.130.0-255,766,100866,10,371167
55,0.000958,74.125.130.0-255,1484,102350,10,371167
56,0.000962,172.31.36.0-255,66,102416,10,371167
57,0.000966,74.125.130.0-255,1484,103900,10,371167
58,0.000986,74.125.130.0-255,1484,105384,10,371167
59,0.00099,172.31.36.0-255,66,105450,10,371167
60,0.000996,74.125.130.0-255,4320,109770,10,371167
61,0.000999,172.31.36.0-255,66,109836,10,371167
62,0.001023,74.125.130.0-255,1484,111320,10,371167
63,0.001027,74.125.130.0-255,1484,112804,10,371167
64,0.001029,172.31.36.0-255,66,112870,10,371167
65,0.001034,74.125.130.0-255,2902,115772,10,371167
66,0.001036,172.31.36.0-255,66,115838,10,371167
67,0.001042,74.125.130.0-255,5738,121576,10,371167
68,0.001045,172.31.36.0-255,66,121642,10,371167
69,0.001087,172.31.36.0-255,66,121708,10,371167
70,0.001118,74.125.130.0-255,3602,125310,10,371167
71,0.00112,172.31.36.0-255,66,125376,10,371167
72,0.001219,74.125.130.0-255,1484,126860,10,371167
73,0.001248,74.125.130.0-255,2902,129762,10,371167
74,0.001253,172.31.36.0-255,66,129828,10,371167
75,0.001259,74.125.130.0-255,5738,135566,10,371167
76,0.001261,172.31.36.0-255,66,135632,10,371167
77,0.001265,74.125.130.0-255,2902,138534,10,371167
78,0.001276,172.31.36.0-255,66,138600,10,371167
79,0.001282,74.125.130.0-255,4320,142920,10,371167
80,0.001284,172.31.36.0-255,66,142986,10,371167
81,0.001325,74.125.130.0-255,2902,145888,10,371167
82,0.001328,172.31.36.0-255,66,145954,10,371167
83,0.001359,74.125.130.0-255,5738,151692,10,371167
84,0.001362,172.31.36.0-255,66,151758,10,371167
85,0.001373,172.31.36.0-255,66,151824,10,371167
86,0.001785,74.125.130.0-255,1484,153308,10,371167
87,0.001798,74.125.130.0-255,1484,154792,10,371167
88,0.001802,172.31.36.0-255,66,154858,10,371167
89,0.001809,74.125.130.0-255,1484,156342,10,371167
90,0.001814,74.125.130.0-255,2902,159244,10,371167
91,0.001828,172.31.36.0-255,66,159310,10,371167
92,0.001834,74.125.130.0-255,4320,163630,10,371167
93,0.001836,172.31.36.0-255,66,163696,10,371167
94,0.001883,172.31.36.0-255,66,163762,10,371167
95,0.001893,172.31.36.0-255,66,163828,10,371167
96,0.001897,74.125.130.0-255,1484,165312,10,371167
97,0.001931,172.31.36.0-255,66,165378,10,371167
98,0.001935,74.125.130.0-255,2902,168280,10,371167
99,0.001937,172.31.36.0-255,66,168346,10,371167
100,0.001975,74.125.130.0-255,4320,172666,10,371167
101,0.001985,172.31.36.0-255,66,172732,10,371167
102,0.001992,172.31.36.0-255,66,172798,10,371167
103,0.001997,74.125.130.0-255,2902,175700,10,371167
104,0.001999,172.31.36.0-255,66,175766,10,371167
105,0.002032,74.125.130.0-255,5020,180786,10,371167
106,0.002034,172.31.36.0-255,66,180852,10,371167
107,0.004139,74.125.130.0-255,1484,182336,10,371167
108,0.004166,74.125.130.0-255,4320,186656,10,371167
109,0.004171,172.31.36.0-255,66,186722,10,371167
110,0.006273,74.125.130.0-255,5738,192460,10,371167
111,0.00628,172.31.36.0-255,66,192526,10,371167
112,0.008412,74.125.130.0-255,5738,198264,10,371167
113,0.008418,172.31.36.0-255,66,198330,10,371167
114,0.01054,74.125.130.0-255,5738,204068,10,371167
115,0.010549,172.31.36.0-255,66,204134,10,371167
116,0.012672,74.125.130.0-255,5738,209872,10,371167
117,0.01268,172.31.36.0-255,66,209938,10,371167
118,0.014799,74.125.130.0-255,5738,215676,10,371167
119,0.014809,172.31.36.0-255,66,215742,10,371167
120,0.016945,74.125.130.0-255,5738,221480,10,371167
121,0.016952,172.31.36.0-255,66,221546,10,371167
122,0.019082,74.125.130.0-255,5738,227284,10,371167
123,0.01909,172.31.36.0-255,66,227350,10,371167
124,0.021208,74.125.130.0-255,5738,233088,10,371167
125,0.021215,172.31.36.0-255,66,233154,10,371167
126,0.023332,74.125.130.0-255,5738,238892,10,371167
127,0.02334,172.31.36.0-255,66,238958,10,371167
128,0.025453,74.125.130.0-255,5738,244696,10,371167
129,0.02546,172.31.36.0-255,66,244762,10,371167
130,0.026265,172.31.36.0-255,172,244934,10,371167
131,0.026291,172.31.36.0-255,1113,246047,10,371167
132,0.026337,172.31.36.0-255,1514,247561,10,371167
133,0.026339,172.31.36.0-255,1291,248852,10,371167
134,0.02757,74.125.130.0-255,2902,251754,10,371167
135,0.027575,172.31.36.0-255,66,251820,10,371167
136,0.027609,74.125.130.0-255,2902,254722,10,371167
137,0.027612,172.31.36.0-255,66,254788,10,371167
138,0.027828,104.244.42.0-255,66,254854,10,371167
139,0.027872,104.244.42.0-255,66,254920,10,371167
140,0.027925,104.244.42.0-255,66,254986,10,371167
141,0.029688,74.125.130.0-255,2902,257888,10,371167
142,0.029694,172.31.36.0-255,66,257954,10,371167
143,0.029727,74.125.130.0-255,2902,260856,10,371167
144,0.02973,172.31.36.0-255,66,260922,10,371167
145,0.031797,74.125.130.0-255,2902,263824,10,371167
146,0.031802,172.31.36.0-255,66,263890,10,371167
147,0.031835,74.125.130.0-255,2902,266792,10,371167
148,0.031838,172.31.36.0-255,66,266858,10,371167
149,0.034009,74.125.130.0-255,2902,269760,10,371167
150,0.034013,172.31.36.0-255,66,269826,10,371167
151,0.03404,74.125.130.0-255,2902,272728,10,371167
152,0.034043,172.31.36.0-255,66,272794,10,371167
153,0.036128,74.125.130.0-255,2902,275696,10,371167
154,0.036133,172.31.36.0-255,66,275762,10,371167
155,0.036165,74.125.130.0-255,2902,278664,10,371167
156,0.036167,172.31.36.0-255,66,278730,10,371167
157,0.038244,74.125.130.0-255,2902,281632,10,371167
158,0.038249,172.31.36.0-255,66,281698,10,371167
159,0.038279,74.125.130.0-255,2902,284600,10,371167
160,0.038282,172.31.36.0-255,66,284666,10,371167
161,0.040358,74.125.130.0-255,2902,287568,10,371167
162,0.040363,172.31.36.0-255,66,287634,10,371167
163,0.040434,74.125.130.0-255,2902,290536,10,371167
164,0.040439,172.31.36.0-255,66,290602,10,371167
165,0.042463,74.125.130.0-255,2902,293504,10,371167
166,0.042483,172.31.36.0-255,66,293570,10,371167
167,0.042533,74.125.130.0-255,2902,296472,10,371167
168,0.042538,172.31.36.0-255,66,296538,10,371167
169,0.044593,74.125.130.0-255,2902,299440,10,371167
170,0.044601,172.31.36.0-255,66,299506,10,371167
171,0.044645,74.125.130.0-255,2902,302408,10,371167
172,0.044648,172.31.36.0-255,66,302474,10,371167
173,0.046718,74.125.130.0-255,2902,305376,10,371167
174,0.046729,172.31.36.0-255,66,305442,10,371167
175,0.046773,74.125.130.0-255,2902,308344,10,371167
176,0.046777,172.31.36.0-255,66,308410,10,371167
177,0.048838,74.125.130.0-255,2902,311312,10,371167
178,0.048844,172.31.36.0-255,66,311378,10,371167
179,0.048883,74.125.130.0-255,2902,314280,10,371167
180,0.048886,172.31.36.0-255,66,314346,10,371167
181,0.050967,74.125.130.0-255,2902,317248,10,371167
182,0.050973,172.31.36.0-255,66,317314,10,371167
183,0.051011,74.125.130.0-255,2902,320216,10,371167
184,0.051015,172.31.36.0-255,66,320282,10,371167
185,0.053088,74.125.130.0-255,2902,323184,10,371167
186,0.053093,172.31.36.0-255,66,323250,10,371167
187,0.053128,74.125.130.0-255,2902,326152,10,371167
188,0.053131,172.31.36.0-255,66,326218,10,371167
189,0.055201,74.125.130.0-255,2902,329120,10,371167
190,0.055207,172.31.36.0-255,66,329186,10,371167
191,0.05524,74.125.130.0-255,2902,332088,10,371167
192,0.055243,172.31.36.0-255,66,332154,10,371167
193,0.057309,74.125.130.0-255,2902,335056,10,371167
194,0.057313,172.31.36.0-255,66,335122,10,371167
195,0.057351,74.125.130.0-255,2902,338024,10,371167
196,0.057355,172.31.36.0-255,66,338090,10,371167
197,0.05943,74.125.130.0-255,2902,340992,10,371167
198,0.059436,172.31.36.0-255,66,341058,10,371167
199,0.059476,74.125.130.0-255,2902,343960,10,371167
200,0.059479,172.31.36.0-255,66,344026,10,371167
201,0.061542,74.125.130.0-255,1484,345510,10,371167
202,0.061571,74.125.130.0-255,1484,346994,10,371167
203,0.061575,172.31.36.0-255,66,347060,10,371167
204,0.061605,74.125.130.0-255,2902,349962,10,371167
205,0.061609,172.31.36.0-255,66,350028,10,371167
206,0.063678,74.125.130.0-255,2902,352930,10,371167
207,0.063682,172.31.36.0-255,66,352996,10,371167
208,0.063724,74.125.130.0-255,2902,355898,10,371167
209,0.063727,172.31.36.0-255,66,355964,10,371167
210,0.065797,74.125.130.0-255,2902,358866,10,371167
211,0.065801,172.31.36.0-255,66,358932,10,371167
212,0.065833,74.125.130.0-255,2902,361834,10,371167
213,0.065836,172.31.36.0-255,66,361900,10,371167
214,0.067911,74.125.130.0-255,2902,364802,10,371167
215,0.067918,172.31.36.0-255,66,364868,10,371167
216,0.067949,74.125.130.0-255,2902,367770,10,371167
217,0.067952,172.31.36.0-255,66,367836,10,371167
218,0.070026,74.125.130.0-255,3094,370930,10,371167
219,0.070032,172.31.36.0-255,66,370996,10,371167
220,0.070222,172.31.36.0-255,105,371101,10,371167
221,0.072284,74.125.130.0-255,66,371167,10,371167
222,0.0,74.125.24.0-255,146,146,10,198208
223,2.3e-05,172.31.36.0-255,66,212,10,198208
224,3e-05,74.125.24.0-255,1484,1696,10,198208
225,3.4e-05,172.31.36.0-255,66,1762,10,198208
226,3.9e-05,74.125.24.0-255,2902,4664,10,198208
227,4.3e-05,172.31.36.0-255,66,4730,10,198208
228,5.1e-05,74.125.24.0-255,7156,11886,10,198208
229,5.3e-05,172.31.36.0-255,66,11952,10,198208
230,6e-05,74.125.24.0-255,4927,16879,10,198208
231,6.2e-05,172.31.36.0-255,66,16945,10,198208
232,0.000104,172.31.36.0-255,66,17011,10,198208
233,0.000141,74.125.24.0-255,1484,18495,10,198208
234,0.000144,172.31.36.0-255,66,18561,10,198208
235,0.000149,74.125.24.0-255,2902,21463,10,198208
236,0.000151,172.31.36.0-255,66,21529,10,198208
237,0.000182,74.125.24.0-255,5738,27267,10,198208
238,0.000185,172.31.36.0-255,66,27333,10,198208
239,0.000212,172.31.36.0-255,66,27399,10,198208
240,0.000218,74.125.24.0-255,5738,33137,10,198208
241,0.00022,172.31.36.0-255,66,33203,10,198208
242,0.00024,74.125.24.0-255,2902,36105,10,198208
243,0.000242,172.31.36.0-255,66,36171,10,198208
244,0.000253,74.125.24.0-255,1464,37635,10,198208
245,0.000255,172.31.36.0-255,66,37701,10,198208
246,0.000327,74.125.24.0-255,1484,39185,10,198208
247,0.000331,172.31.36.0-255,66,39251,10,198208
248,0.000345,74.125.24.0-255,2902,42153,10,198208
249,0.000348,172.31.36.0-255,66,42219,10,198208
250,0.000354,74.125.24.0-255,5738,47957,10,198208
251,0.000356,172.31.36.0-255,66,48023,10,198208
252,0.000363,74.125.24.0-255,4320,52343,10,198208
253,0.000365,172.31.36.0-255,66,52409,10,198208
254,0.000381,74.125.24.0-255,2543,54952,10,198208
255,0.000383,172.31.36.0-255,66,55018,10,198208
256,0.000389,74.125.24.0-255,4320,59338,10,198208
257,0.000392,172.31.36.0-255,66,59404,10,198208
258,0.000423,172.31.36.0-255,66,59470,10,198208
259,0.000427,74.125.24.0-255,2543,62013,10,198208
260,0.000429,172.31.36.0-255,66,62079,10,198208
261,0.000473,74.125.24.0-255,1484,63563,10,198208
262,0.000492,74.125.24.0-255,2902,66465,10,198208
263,0.000496,172.31.36.0-255,66,66531,10,198208
264,0.000504,74.125.24.0-255,5738,72269,10,198208
265,0.000506,172.31.36.0-255,66,72335,10,198208
266,0.000527,74.125.24.0-255,2902,75237,10,198208
267,0.000529,172.31.36.0-255,66,75303,10,198208
268,0.000569,74.125.24.0-255,3662,78965,10,198208
269,0.000571,172.31.36.0-255,66,79031,10,198208
270,0.000632,74.125.24.0-255,1484,80515,10,198208
271,0.000646,74.125.24.0-255,2902,83417,10,198208
272,0.000649,172.31.36.0-255,66,83483,10,198208
273,0.000676,74.125.24.0-255,5738,89221,10,198208
274,0.000678,172.31.36.0-255,66,89287,10,198208
275,0.000686,74.125.24.0-255,7156,96443,10,198208
276,0.000688,172.31.36.0-255,66,96509,10,198208
277,0.000693,74.125.24.0-255,2902,99411,10,198208
278,0.000695,172.31.36.0-255,66,99477,10,198208
279,0.00073,172.31.36.0-255,66,99543,10,198208
280,0.000741,172.31.36.0-255,66,99609,10,198208
281,0.000781,74.125.24.0-255,1484,101093,10,198208
282,0.000805,74.125.24.0-255,7156,108249,10,198208
283,0.000808,172.31.36.0-255,66,108315,10,198208
284,0.000822,172.31.36.0-255,66,108381,10,198208
285,0.000835,172.31.36.0-255,66,108447,10,198208
286,0.000851,172.31.36.0-255,66,108513,10,198208
287,0.000897,74.125.24.0-255,5738,114251,10,198208
288,0.000901,172.31.36.0-255,66,114317,10,198208
289,0.000933,74.125.24.0-255,6438,120755,10,198208
290,0.000937,172.31.36.0-255,66,120821,10,198208
291,0.000951,172.31.36.0-255,66,120887,10,198208
292,0.000956,74.125.24.0-255,4320,125207,10,198208
293,0.000958,172.31.36.0-255,66,125273,10,198208
294,0.000996,172.31.36.0-255,66,125339,10,198208
295,0.001003,74.125.24.0-255,6438,131777,10,198208
296,0.001006,172.31.36.0-255,66,131843,10,198208
297,0.00105,74.125.24.0-255,7156,138999,10,198208
298,0.001054,172.31.36.0-255,66,139065,10,198208
299,0.001061,74.125.24.0-255,7156,146221,10,198208
300,0.001063,172.31.36.0-255,66,146287,10,198208
301,0.001073,172.31.36.0-255,66,146353,10,198208
302,0.001107,172.31.36.0-255,66,146419,10,198208
303,0.001137,74.125.24.0-255,7156,153575,10,198208
304,0.001141,172.31.36.0-255,66,153641,10,198208
305,0.001148,74.125.24.0-255,5738,159379,10,198208
306,0.00115,172.31.36.0-255,66,159445,10,198208
307,0.001166,74.125.24.0-255,2902,162347,10,198208
308,0.00117,172.31.36.0-255,66,162413,10,198208
309,0.001186,74.125.24.0-255,5738,168151,10,198208
310,0.001189,172.31.36.0-255,66,168217,10,198208
311,0.001215,172.31.36.0-255,66,168283,10,198208
312,0.00122,74.125.24.0-255,4320,172603,10,198208
313,0.001223,172.31.36.0-255,66,172669,10,198208
314,0.001246,74.125.24.0-255,4320,176989,10,198208
315,0.001251,172.31.36.0-255,66,177055,10,198208
316,0.00128,172.31.36.0-255,66,177121,10,198208
317,0.001338,74.125.24.0-255,4320,181441,10,198208
318,0.001342,172.31.36.0-255,66,181507,10,198208
319,0.001378,74.125.24.0-255,4320,185827,10,198208
320,0.001382,172.31.36.0-255,66,185893,10,198208
321,0.001394,172.31.36.0-255,66,185959,10,198208
322,0.00141,172.31.36.0-255,66,186025,10,198208
323,0.001425,172.31.36.0-255,66,186091,10,198208
324,0.001449,74.125.24.0-255,2902,188993,10,198208
325,0.001453,172.31.36.0-255,66,189059,10,198208
326,0.001464,172.31.36.0-255,66,189125,10,198208
327,0.001469,74.125.24.0-255,4320,193445,10,198208
328,0.001471,172.31.36.0-255,66,193511,10,198208
329,0.001514,172.31.36.0-255,66,193577,10,198208
330,0.001517,74.125.24.0-255,105,193682,10,198208
331,0.0044,172.31.36.0-255,66,193748,10,198208
332,0.004437,172.31.36.0-255,105,193853,10,198208
333,0.006443,74.125.24.0-255,66,193919,10,198208
334,0.032242,172.31.36.0-255,172,194091,10,198208
335,0.032277,172.31.36.0-255,1113,195204,10,198208
336,0.032342,172.31.36.0-255,1514,196718,10,198208
337,0.032344,172.31.36.0-255,1292,198010,10,198208
338,0.033723,104.244.42.0-255,66,198076,10,198208
339,0.033752,104.244.42.0-255,66,198142,10,198208
340,0.033834,104.244.42.0-255,66,198208,10,198208
341,0.0,74.125.68.0-255,145,145,10,352217
342,1.7e-05,172.31.36.0-255,66,211,10,352217
343,2.4e-05,74.125.68.0-255,1484,1695,10,352217
344,2.9e-05,172.31.36.0-255,66,1761,10,352217
345,4.5e-05,74.125.68.0-255,1484,3245,10,352217
346,4.7e-05,172.31.36.0-255,66,3311,10,352217
347,6.9e-05,74.125.68.0-255,1484,4795,10,352217
348,7.2e-05,172.31.36.0-255,66,4861,10,352217
349,9.4e-05,74.125.68.0-255,2902,7763,10,352217
350,9.6e-05,172.31.36.0-255,66,7829,10,352217
351,0.000128,74.125.68.0-255,1484,9313,10,352217
352,0.000131,172.31.36.0-255,66,9379,10,352217
353,0.00015,74.125.68.0-255,2902,12281,10,352217
354,0.000159,172.31.36.0-255,66,12347,10,352217
355,0.00019,74.125.68.0-255,3368,15715,10,352217
356,0.000193,172.31.36.0-255,66,15781,10,352217
357,0.000213,74.125.68.0-255,4320,20101,10,352217
358,0.000215,172.31.36.0-255,66,20167,10,352217
359,0.000256,74.125.68.0-255,5738,25905,10,352217
360,0.000259,172.31.36.0-255,66,25971,10,352217
361,0.00028,74.125.68.0-255,2902,28873,10,352217
362,0.000283,172.31.36.0-255,66,28939,10,352217
363,0.000301,74.125.68.0-255,2543,31482,10,352217
364,0.000303,172.31.36.0-255,66,31548,10,352217
365,0.000394,74.125.68.0-255,1484,33032,10,352217
366,0.000399,172.31.36.0-255,66,33098,10,352217
367,0.000404,74.125.68.0-255,2902,36000,10,352217
368,0.000406,172.31.36.0-255,66,36066,10,352217
369,0.000432,74.125.68.0-255,5738,41804,10,352217
370,0.000435,172.31.36.0-255,66,41870,10,352217
371,0.000457,74.125.68.0-255,6797,48667,10,352217
372,0.00046,172.31.36.0-255,66,48733,10,352217
373,0.000484,74.125.68.0-255,1484,50217,10,352217
374,0.000507,172.31.36.0-255,66,50283,10,352217
375,0.000567,74.125.68.0-255,7108,57391,10,352217
376,0.000571,74.125.68.0-255,110,57501,10,352217
377,0.000576,172.31.36.0-255,66,57567,10,352217
378,0.000591,74.125.68.0-255,332,57899,10,352217
379,0.000867,74.125.68.0-255,1484,59383,10,352217
380,0.000871,172.31.36.0-255,66,59449,10,352217
381,0.000877,74.125.68.0-255,2902,62351,10,352217
382,0.00088,172.31.36.0-255,66,62417,10,352217
383,0.000904,74.125.68.0-255,1484,63901,10,352217
384,0.000924,74.125.68.0-255,2902,66803,10,352217
385,0.000928,172.31.36.0-255,66,66869,10,352217
386,0.000943,74.125.68.0-255,4320,71189,10,352217
387,0.000945,172.31.36.0-255,66,71255,10,352217
388,0.000948,74.125.68.0-255,1484,72739,10,352217
389,0.000972,74.125.68.0-255,4320,77059,10,352217
390,0.000974,172.31.36.0-255,66,77125,10,352217
391,0.000995,172.31.36.0-255,66,77191,10,352217
392,0.001014,74.125.68.0-255,2902,80093,10,352217
393,0.001017,172.31.36.0-255,66,80159,10,352217
394,0.001022,74.125.68.0-255,3602,83761,10,352217
395,0.001024,172.31.36.0-255,66,83827,10,352217
396,0.001697,74.125.68.0-255,1484,85311,10,352217
397,0.001704,74.125.68.0-255,1484,86795,10,352217
398,0.001708,172.31.36.0-255,66,86861,10,352217
399,0.001723,74.125.68.0-255,1484,88345,10,352217
400,0.001727,74.125.68.0-255,1484,89829,10,352217
401,0.001729,172.31.36.0-255,66,89895,10,352217
402,0.00175,74.125.68.0-255,4320,94215,10,352217
403,0.001753,172.31.36.0-255,66,94281,10,352217
404,0.001756,74.125.68.0-255,1484,95765,10,352217
405,0.00176,74.125.68.0-255,2902,98667,10,352217
406,0.001762,172.31.36.0-255,66,98733,10,352217
407,0.001766,74.125.68.0-255,1484,100217,10,352217
408,0.001788,74.125.68.0-255,4320,104537,10,352217
409,0.001791,172.31.36.0-255,66,104603,10,352217
410,0.001804,74.125.68.0-255,4320,108923,10,352217
411,0.001807,172.31.36.0-255,66,108989,10,352217
412,0.001824,74.125.68.0-255,4320,113309,10,352217
413,0.001826,172.31.36.0-255,66,113375,10,352217
414,0.00185,74.125.68.0-255,2902,116277,10,352217
415,0.001852,172.31.36.0-255,66,116343,10,352217
416,0.001871,74.125.68.0-255,2184,118527,10,352217
417,0.001873,172.31.36.0-255,66,118593,10,352217
418,0.001945,74.125.68.0-255,1484,120077,10,352217
419,0.001965,74.125.68.0-255,2902,122979,10,352217
420,0.001968,172.31.36.0-255,66,123045,10,352217
421,0.001991,74.125.68.0-255,5738,128783,10,352217
422,0.001993,172.31.36.0-255,66,128849,10,352217
423,0.002024,74.125.68.0-255,2902,131751,10,352217
424,0.002026,172.31.36.0-255,66,131817,10,352217
425,0.002043,74.125.68.0-255,1484,133301,10,352217
426,0.00205,74.125.68.0-255,5738,139039,10,352217
427,0.002052,172.31.36.0-255,66,139105,10,352217
428,0.002063,172.31.36.0-255,66,139171,10,352217
429,0.002085,74.125.68.0-255,2902,142073,10,352217
430,0.002088,172.31.36.0-255,66,142139,10,352217
431,0.002113,74.125.68.0-255,2184,144323,10,352217
432,0.002116,172.31.36.0-255,66,144389,10,352217
433,0.002495,74.125.68.0-255,1484,145873,10,352217
434,0.002515,74.125.68.0-255,1484,147357,10,352217
435,0.002519,172.31.36.0-255,66,147423,10,352217
436,0.002539,74.125.68.0-255,2902,150325,10,352217
437,0.002542,172.31.36.0-255,66,150391,10,352217
438,0.002559,74.125.68.0-255,1484,151875,10,352217
439,0.00506,74.125.68.0-255,1484,153359,10,352217
440,0.005063,172.31.36.0-255,66,153425,10,352217
441,0.005079,74.125.68.0-255,2902,156327,10,352217
442,0.005082,172.31.36.0-255,66,156393,10,352217
443,0.007616,74.125.68.0-255,5738,162131,10,352217
444,0.007623,172.31.36.0-255,66,162197,10,352217
445,0.010174,74.125.68.0-255,5738,167935,10,352217
446,0.010183,172.31.36.0-255,66,168001,10,352217
447,0.012739,74.125.68.0-255,5738,173739,10,352217
448,0.012748,172.31.36.0-255,66,173805,10,352217
449,0.01529,74.125.68.0-255,5738,179543,10,352217
450,0.015299,172.31.36.0-255,66,179609,10,352217
451,0.017848,74.125.68.0-255,5738,185347,10,352217
452,0.017862,172.31.36.0-255,66,185413,10,352217
453,0.020417,74.125.68.0-255,5738,191151,10,352217
454,0.020423,172.31.36.0-255,66,191217,10,352217
455,0.022984,74.125.68.0-255,5738,196955,10,352217
456,0.022993,172.31.36.0-255,66,197021,10,352217
457,0.025545,74.125.68.0-255,5738,202759,10,352217
458,0.025552,172.31.36.0-255,66,202825,10,352217
459,0.028106,74.125.68.0-255,5738,208563,10,352217
460,0.028118,172.31.36.0-255,66,208629,10,352217
461,0.030676,74.125.68.0-255,5738,214367,10,352217
462,0.030688,172.31.36.0-255,66,214433,10,352217
463,0.03205,172.31.36.0-255,176,214609,10,352217
464,0.032079,172.31.36.0-255,1112,215721,10,352217
465,0.032138,172.31.36.0-255,1514,217235,10,352217
466,0.03214,172.31.36.0-255,1292,218527,10,352217
467,0.033275,74.125.68.0-255,5738,224265,10,352217
468,0.033282,172.31.36.0-255,66,224331,10,352217
469,0.033594,104.244.42.0-255,66,224397,10,352217
470,0.033601,104.244.42.0-255,66,224463,10,352217
471,0.033704,104.244.42.0-255,66,224529,10,352217
472,0.035848,74.125.68.0-255,5738,230267,10,352217
473,0.035854,172.31.36.0-255,66,230333,10,352217
474,0.038403,74.125.68.0-255,5738,236071,10,352217
475,0.03841,172.31.36.0-255,66,236137,10,352217
476,0.040977,74.125.68.0-255,5738,241875,10,352217
477,0.040983,172.31.36.0-255,66,241941,10,352217
478,0.043533,74.125.68.0-255,5738,247679,10,352217
479,0.043543,172.31.36.0-255,66,247745,10,352217
480,0.046097,74.125.68.0-255,5738,253483,10,352217
481,0.046104,172.31.36.0-255,66,253549,10,352217
482,0.048668,74.125.68.0-255,5738,259287,10,352217
483,0.048675,172.31.36.0-255,66,259353,10,352217
484,0.051239,74.125.68.0-255,5738,265091,10,352217
485,0.051246,172.31.36.0-255,66,265157,10,352217
486,0.053806,74.125.68.0-255,5738,270895,10,352217
487,0.053813,172.31.36.0-255,66,270961,10,352217
488,0.056379,74.125.68.0-255,5738,276699,10,352217
489,0.056391,172.31.36.0-255,66,276765,10,352217
490,0.058955,74.125.68.0-255,5738,282503,10,352217
491,0.058962,172.31.36.0-255,66,282569,10,352217
492,0.06152,74.125.68.0-255,5738,288307,10,352217
493,0.061527,172.31.36.0-255,66,288373,10,352217
494,0.064087,74.125.68.0-255,5738,294111,10,352217
495,0.064095,172.31.36.0-255,66,294177,10,352217
496,0.066677,74.125.68.0-255,5738,299915,10,352217
497,0.066684,172.31.36.0-255,66,299981,10,352217
498,0.069242,74.125.68.0-255,5738,305719,10,352217
499,0.069249,172.31.36.0-255,66,305785,10,352217
500,0.07181,74.125.68.0-255,5738,311523,10,352217
501,0.071816,172.31.36.0-255,66,311589,10,352217
502,0.074363,74.125.68.0-255,5738,317327,10,352217
503,0.074369,172.31.36.0-255,66,317393,10,352217
504,0.076929,74.125.68.0-255,5738,323131,10,352217
505,0.076942,172.31.36.0-255,66,323197,10,352217
506,0.079503,74.125.68.0-255,5738,328935,10,352217
507,0.079514,172.31.36.0-255,66,329001,10,352217
508,0.08207,74.125.68.0-255,5738,334739,10,352217
509,0.082077,172.31.36.0-255,66,334805,10,352217
510,0.084629,74.125.68.0-255,5738,340543,10,352217
511,0.084635,172.31.36.0-255,66,340609,10,352217
512,0.087191,74.125.68.0-255,5738,346347,10,352217
513,0.087198,172.31.36.0-255,66,346413,10,352217
514,0.089754,74.125.68.0-255,5738,352151,10,352217
515,0.089761,172.31.36.0-255,66,352217,10,352217
516,0.0,74.125.24.0-255,152,152,10,373595
517,3.4e-05,172.31.36.0-255,66,218,10,373595
518,4.1e-05,74.125.24.0-255,1484,1702,10,373595
519,4.6e-05,172.31.36.0-255,66,1768,10,373595
520,6e-05,74.125.24.0-255,2902,4670,10,373595
521,6.4e-05,172.31.36.0-255,66,4736,10,373595
522,7e-05,74.125.24.0-255,5738,10474,10,373595
523,7.4e-05,172.31.36.0-255,66,10540,10,373595
524,8e-05,74.125.24.0-255,4864,15404,10,373595
525,8.2e-05,172.31.36.0-255,66,15470,10,373595
526,8.9e-05,74.125.24.0-255,5738,21208,10,373595
527,9.2e-05,172.31.36.0-255,66,21274,10,373595
528,0.000157,172.31.36.0-255,66,21340,10,373595
529,0.00016,74.125.24.0-255,1484,22824,10,373595
530,0.000162,172.31.36.0-255,66,22890,10,373595
531,0.000195,74.125.24.0-255,5738,28628,10,373595
532,0.000199,172.31.36.0-255,66,28694,10,373595
533,0.000228,74.125.24.0-255,6438,35132,10,373595
534,0.000231,172.31.36.0-255,66,35198,10,373595
535,0.000257,74.125.24.0-255,1484,36682,10,373595
536,0.00026,172.31.36.0-255,66,36748,10,373595
537,0.000264,74.125.24.0-255,2902,39650,10,373595
538,0.000267,172.31.36.0-255,66,39716,10,373595
539,0.000273,74.125.24.0-255,5738,45454,10,373595
540,0.000276,172.31.36.0-255,66,45520,10,373595
541,0.00032,74.125.24.0-255,7152,52672,10,373595
542,0.000324,172.31.36.0-255,66,52738,10,373595
543,0.000628,74.125.24.0-255,1484,54222,10,373595
544,0.000633,172.31.36.0-255,66,54288,10,373595
545,0.000638,74.125.24.0-255,2902,57190,10,373595
546,0.000642,172.31.36.0-255,66,57256,10,373595
547,0.000652,74.125.24.0-255,2902,60158,10,373595
548,0.000655,172.31.36.0-255,66,60224,10,373595
549,0.000679,74.125.24.0-255,2902,63126,10,373595
550,0.000682,172.31.36.0-255,66,63192,10,373595
551,0.000688,74.125.24.0-255,4320,67512,10,373595
552,0.000692,172.31.36.0-255,66,67578,10,373595
553,0.000698,172.31.36.0-255,66,67644,10,373595
554,0.000727,74.125.24.0-255,2902,70546,10,373595
555,0.00073,172.31.36.0-255,66,70612,10,373595
556,0.00074,172.31.36.0-255,66,70678,10,373595
557,0.000743,74.125.24.0-255,331,71009,10,373595
558,0.001095,172.31.36.0-255,66,71075,10,373595
559,0.001527,74.125.24.0-255,1484,72559,10,373595
560,0.001537,74.125.24.0-255,2902,75461,10,373595
561,0.001542,172.31.36.0-255,66,75527,10,373595
562,0.001549,74.125.24.0-255,4320,79847,10,373595
563,0.001552,172.31.36.0-255,66,79913,10,373595
564,0.001571,74.125.24.0-255,1484,81397,10,373595
565,0.001585,74.125.24.0-255,7156,88553,10,373595
566,0.001588,172.31.36.0-255,66,88619,10,373595
567,0.001599,172.31.36.0-255,66,88685,10,373595
568,0.001628,74.125.24.0-255,5738,94423,10,373595
569,0.001631,172.31.36.0-255,66,94489,10,373595
570,0.001657,74.125.24.0-255,2184,96673,10,373595
571,0.00166,172.31.36.0-255,66,96739,10,373595
572,0.00169,74.125.24.0-255,1484,98223,10,373595
573,0.001695,74.125.24.0-255,2902,101125,10,373595
574,0.001698,172.31.36.0-255,66,101191,10,373595
575,0.001702,74.125.24.0-255,2902,104093,10,373595
576,0.001705,172.31.36.0-255,66,104159,10,373595
577,0.001736,74.125.24.0-255,2902,107061,10,373595
578,0.001739,172.31.36.0-255,66,107127,10,373595
579,0.001746,74.125.24.0-255,7156,114283,10,373595
580,0.001748,172.31.36.0-255,66,114349,10,373595
581,0.001755,74.125.24.0-255,7156,121505,10,373595
582,0.001757,172.31.36.0-255,66,121571,10,373595
583,0.001787,74.125.24.0-255,7156,128727,10,373595
584,0.00179,172.31.36.0-255,66,128793,10,373595
585,0.001795,74.125.24.0-255,2184,130977,10,373595
586,0.001797,172.31.36.0-255,66,131043,10,373595
587,0.002234,74.125.24.0-255,1484,132527,10,373595
588,0.002241,74.125.24.0-255,2902,135429,10,373595
589,0.002245,172.31.36.0-255,66,135495,10,373595
590,0.002252,74.125.24.0-255,5738,141233,10,373595
591,0.002255,172.31.36.0-255,66,141299,10,373595
592,0.002302,172.31.36.0-255,66,141365,10,373595
593,0.002307,74.125.24.0-255,4320,145685,10,373595
594,0.002309,172.31.36.0-255,66,145751,10,373595
595,0.00235,74.125.24.0-255,6438,152189,10,373595
596,0.002353,172.31.36.0-255,66,152255,10,373595
597,0.00476,74.125.24.0-255,5738,157993,10,373595
598,0.004764,172.31.36.0-255,66,158059,10,373595
599,0.007102,74.125.24.0-255,5738,163797,10,373595
600,0.007108,172.31.36.0-255,66,163863,10,373595
601,0.00947,74.125.24.0-255,5738,169601,10,373595
602,0.009477,172.31.36.0-255,66,169667,10,373595
603,0.011854,74.125.24.0-255,5738,175405,10,373595
604,0.011861,172.31.36.0-255,66,175471,10,373595
605,0.014242,74.125.24.0-255,5738,181209,10,373595
606,0.014257,172.31.36.0-255,66,181275,10,373595
607,0.016633,74.125.24.0-255,5738,187013,10,373595
608,0.016642,172.31.36.0-255,66,187079,10,373595
609,0.019006,74.125.24.0-255,5738,192817,10,373595
610,0.019015,172.31.36.0-255,66,192883,10,373595
611,0.021371,74.125.24.0-255,5738,198621,10,373595
612,0.021378,172.31.36.0-255,66,198687,10,373595
613,0.023755,74.125.24.0-255,5738,204425,10,373595
614,0.023763,172.31.36.0-255,66,204491,10,373595
615,0.026137,74.125.24.0-255,5738,210229,10,373595
616,0.026144,172.31.36.0-255,66,210295,10,373595
617,0.027955,172.31.36.0-255,167,210462,10,373595
618,0.027987,172.31.36.0-255,1111,211573,10,373595
619,0.028028,172.31.36.0-255,1514,213087,10,373595
620,0.028029,172.31.36.0-255,1292,214379,10,373595
621,0.02849,74.125.24.0-255,5738,220117,10,373595
622,0.028498,172.31.36.0-255,66,220183,10,373595
623,0.029503,104.244.42.0-255,66,220249,10,373595
624,0.029708,104.244.42.0-255,66,220315,10,373595
625,0.029714,104.244.42.0-255,66,220381,10,373595
626,0.030865,74.125.24.0-255,5738,226119,10,373595
627,0.03087,172.31.36.0-255,66,226185,10,373595
628,0.033213,74.125.24.0-255,5738,231923,10,373595
629,0.033219,172.31.36.0-255,66,231989,10,373595
630,0.035549,74.125.24.0-255,5738,237727,10,373595
631,0.035555,172.31.36.0-255,66,237793,10,373595
632,0.037932,74.125.24.0-255,5738,243531,10,373595
633,0.037938,172.31.36.0-255,66,243597,10,373595
634,0.040304,74.125.24.0-255,5738,249335,10,373595
635,0.040309,172.31.36.0-255,66,249401,10,373595
636,0.042688,74.125.24.0-255,5738,255139,10,373595
637,0.042707,172.31.36.0-255,66,255205,10,373595
638,0.045057,74.125.24.0-255,5738,260943,10,373595
639,0.045063,172.31.36.0-255,66,261009,10,373595
640,0.047398,74.125.24.0-255,5738,266747,10,373595
641,0.047403,172.31.36.0-255,66,266813,10,373595
642,0.049749,74.125.24.0-255,2902,269715,10,373595
643,0.049755,172.31.36.0-255,66,269781,10,373595
644,0.04979,74.125.24.0-255,2902,272683,10,373595
645,0.049793,172.31.36.0-255,66,272749,10,373595
646,0.052119,74.125.24.0-255,2902,275651,10,373595
647,0.052128,172.31.36.0-255,66,275717,10,373595
648,0.052182,74.125.24.0-255,2902,278619,10,373595
649,0.052186,172.31.36.0-255,66,278685,10,373595
650,0.054454,74.125.24.0-255,2902,281587,10,373595
651,0.054459,172.31.36.0-255,66,281653,10,373595
652,0.054523,74.125.24.0-255,2902,284555,10,373595
653,0.054527,172.31.36.0-255,66,284621,10,373595
654,0.056803,74.125.24.0-255,2902,287523,10,373595
655,0.056808,172.31.36.0-255,66,287589,10,373595
656,0.056862,74.125.24.0-255,2902,290491,10,373595
657,0.056869,172.31.36.0-255,66,290557,10,373595
658,0.05918,74.125.24.0-255,2902,293459,10,373595
659,0.059186,172.31.36.0-255,66,293525,10,373595
660,0.059223,74.125.24.0-255,2902,296427,10,373595
661,0.059226,172.31.36.0-255,66,296493,10,373595
662,0.061537,74.125.24.0-255,2902,299395,10,373595
663,0.061544,172.31.36.0-255,66,299461,10,373595
664,0.061588,74.125.24.0-255,1484,300945,10,373595
665,0.061608,74.125.24.0-255,1484,302429,10,373595
666,0.061612,172.31.36.0-255,66,302495,10,373595
667,0.063897,74.125.24.0-255,2902,305397,10,373595
668,0.063902,172.31.36.0-255,66,305463,10,373595
669,0.063958,74.125.24.0-255,2902,308365,10,373595
670,0.063962,172.31.36.0-255,66,308431,10,373595
671,0.066247,74.125.24.0-255,2902,311333,10,373595
672,0.066253,172.31.36.0-255,66,311399,10,373595
673,0.066291,74.125.24.0-255,2902,314301,10,373595
674,0.066294,172.31.36.0-255,66,314367,10,373595
675,0.068617,74.125.24.0-255,2902,317269,10,373595
676,0.068623,172.31.36.0-255,66,317335,10,373595
677,0.068653,74.125.24.0-255,1484,318819,10,373595
678,0.068669,74.125.24.0-255,1484,320303,10,373595
679,0.068672,172.31.36.0-255,66,320369,10,373595
680,0.070965,74.125.24.0-255,2902,323271,10,373595
681,0.070971,172.31.36.0-255,66,323337,10,373595
682,0.071017,74.125.24.0-255,2902,326239,10,373595
683,0.071022,172.31.36.0-255,66,326305,10,373595
684,0.073323,74.125.24.0-255,2902,329207,10,373595
685,0.07333,172.31.36.0-255,66,329273,10,373595
686,0.073365,74.125.24.0-255,1484,330757,10,373595
687,0.073381,74.125.24.0-255,1484,332241,10,373595
688,0.073384,172.31.36.0-255,66,332307,10,373595
689,0.075677,74.125.24.0-255,2902,335209,10,373595
690,0.075683,172.31.36.0-255,66,335275,10,373595
691,0.075732,74.125.24.0-255,2902,338177,10,373595
692,0.075736,172.31.36.0-255,66,338243,10,373595
693,0.078035,74.125.24.0-255,2902,341145,10,373595
694,0.078041,172.31.36.0-255,66,341211,10,373595
695,0.078089,74.125.24.0-255,2902,344113,10,373595
696,0.078093,172.31.36.0-255,66,344179,10,373595
697,0.080396,74.125.24.0-255,2902,347081,10,373595
698,0.080401,172.31.36.0-255,66,347147,10,373595
699,0.080444,74.125.24.0-255,2902,350049,10,373595
700,0.080447,172.31.36.0-255,66,350115,10,373595
701,0.082749,74.125.24.0-255,2902,353017,10,373595
702,0.082755,172.31.36.0-255,66,353083,10,373595
703,0.082799,74.125.24.0-255,2902,355985,10,373595
704,0.082802,172.31.36.0-255,66,356051,10,373595
705,0.08511,74.125.24.0-255,2902,358953,10,373595
706,0.085114,172.31.36.0-255,66,359019,10,373595
707,0.085146,74.125.24.0-255,2902,361921,10,373595
708,0.085148,172.31.36.0-255,66,361987,10,373595
709,0.08749,74.125.24.0-255,5738,367725,10,373595
710,0.087494,172.31.36.0-255,66,367791,10,373595
711,0.089857,74.125.24.0-255,5738,373529,10,373595
712,0.089863,172.31.36.0-255,66,373595,10,373595
713,0.0,74.125.24.0-255,153,153,10,378785
714,3.1e-05,172.31.36.0-255,66,219,10,378785
715,3.8e-05,74.125.24.0-255,1484,1703,10,378785
716,4.3e-05,172.31.36.0-255,66,1769,10,378785
717,4.9e-05,74.125.24.0-255,2902,4671,10,378785
718,5.2e-05,172.31.36.0-255,66,4737,10,378785
719,5.7e-05,74.125.24.0-255,4320,9057,10,378785
720,6.1e-05,172.31.36.0-255,66,9123,10,378785
721,9.5e-05,172.31.36.0-255,66,9189,10,378785
722,0.00013,74.125.24.0-255,7156,16345,10,378785
723,0.000133,172.31.36.0-255,66,16411,10,378785
724,0.000155,74.125.24.0-255,5379,21790,10,378785
725,0.000159,172.31.36.0-255,66,21856,10,378785
726,0.000332,74.125.24.0-255,1484,23340,10,378785
727,0.000336,172.31.36.0-255,66,23406,10,378785
728,0.000342,74.125.24.0-255,2902,26308,10,378785
729,0.000345,172.31.36.0-255,66,26374,10,378785
730,0.000348,74.125.24.0-255,1484,27858,10,378785
731,0.00035,172.31.36.0-255,66,27924,10,378785
732,0.000377,74.125.24.0-255,4320,32244,10,378785
733,0.00038,172.31.36.0-255,66,32310,10,378785
734,0.000384,74.125.24.0-255,1484,33794,10,378785
735,0.000386,172.31.36.0-255,66,33860,10,378785
736,0.000398,172.31.36.0-255,66,33926,10,378785
737,0.000416,74.125.24.0-255,1125,35051,10,378785
738,0.000422,172.31.36.0-255,66,35117,10,378785
739,0.000424,74.125.24.0-255,7156,42273,10,378785
740,0.000427,172.31.36.0-255,66,42339,10,378785
741,0.000447,74.125.24.0-255,2902,45241,10,378785
742,0.00045,172.31.36.0-255,66,45307,10,378785
743,0.000469,74.125.24.0-255,2876,48183,10,378785
744,0.000471,172.31.36.0-255,66,48249,10,378785
745,0.000529,74.125.24.0-255,109,48358,10,378785
746,0.000561,74.125.24.0-255,331,48689,10,378785
747,0.000898,74.125.24.0-255,1484,50173,10,378785
748,0.000904,172.31.36.0-255,66,50239,10,378785
749,0.000911,74.125.24.0-255,2902,53141,10,378785
750,0.000914,172.31.36.0-255,66,53207,10,378785
751,0.000918,74.125.24.0-255,2902,56109,10,378785
752,0.00092,172.31.36.0-255,66,56175,10,378785
753,0.000937,74.125.24.0-255,2902,59077,10,378785
754,0.000939,172.31.36.0-255,66,59143,10,378785
755,0.000947,74.125.24.0-255,7156,66299,10,378785
756,0.00095,172.31.36.0-255,66,66365,10,378785
757,0.000983,74.125.24.0-255,5738,72103,10,378785
758,0.000986,172.31.36.0-255,66,72169,10,378785
759,0.000997,172.31.36.0-255,66,72235,10,378785
760,0.000999,74.125.24.0-255,766,73001,10,378785
761,0.001209,74.125.24.0-255,1484,74485,10,378785
762,0.001215,172.31.36.0-255,66,74551,10,378785
763,0.001233,74.125.24.0-255,2902,77453,10,378785
764,0.001236,172.31.36.0-255,66,77519,10,378785
765,0.001243,74.125.24.0-255,5738,83257,10,378785
766,0.001245,172.31.36.0-255,66,83323,10,378785
767,0.00125,74.125.24.0-255,4320,87643,10,378785
768,0.001252,172.31.36.0-255,66,87709,10,378785
769,0.001269,74.125.24.0-255,1484,89193,10,378785
770,0.001305,74.125.24.0-255,4320,93513,10,378785
771,0.001307,172.31.36.0-255,66,93579,10,378785
772,0.001333,172.31.36.0-255,66,93645,10,378785
773,0.001337,74.125.24.0-255,2902,96547,10,378785
774,0.001338,172.31.36.0-255,66,96613,10,378785
775,0.001366,74.125.24.0-255,2184,98797,10,378785
776,0.001368,172.31.36.0-255,66,98863,10,378785
777,0.001712,74.125.24.0-255,1484,100347,10,378785
778,0.001729,74.125.24.0-255,2902,103249,10,378785
779,0.001732,172.31.36.0-255,66,103315,10,378785
780,0.001735,74.125.24.0-255,1484,104799,10,378785
781,0.001752,74.125.24.0-255,4320,109119,10,378785
782,0.001754,172.31.36.0-255,66,109185,10,378785
783,0.00178,74.125.24.0-255,4320,113505,10,378785
784,0.001782,172.31.36.0-255,66,113571,10,378785
785,0.001795,74.125.24.0-255,2902,116473,10,378785
786,0.001797,172.31.36.0-255,66,116539,10,378785
787,0.001804,74.125.24.0-255,7156,123695,10,378785
788,0.001806,172.31.36.0-255,66,123761,10,378785
789,0.001825,74.125.24.0-255,1484,125245,10,378785
790,0.001827,74.125.24.0-255,1484,126729,10,378785
791,0.001829,172.31.36.0-255,66,126795,10,378785
792,0.00185,74.125.24.0-255,6438,133233,10,378785
793,0.001853,172.31.36.0-255,66,133299,10,378785
794,0.001968,74.125.24.0-255,1484,134783,10,378785
795,0.002016,74.125.24.0-255,2902,137685,10,378785
796,0.002019,172.31.36.0-255,66,137751,10,378785
797,0.002024,74.125.24.0-255,5738,143489,10,378785
798,0.002026,172.31.36.0-255,66,143555,10,378785
799,0.002039,172.31.36.0-255,66,143621,10,378785
800,0.002041,74.125.24.0-255,1484,145105,10,378785
801,0.002069,74.125.24.0-255,7156,152261,10,378785
802,0.002072,172.31.36.0-255,66,152327,10,378785
803,0.002076,74.125.24.0-255,2184,154511,10,378785
804,0.002078,172.31.36.0-255,66,154577,10,378785
805,0.00229,74.125.24.0-255,1484,156061,10,378785
806,0.002303,74.125.24.0-255,2902,158963,10,378785
807,0.002306,172.31.36.0-255,66,159029,10,378785
808,0.002309,74.125.24.0-255,1484,160513,10,378785
809,0.002324,74.125.24.0-255,4320,164833,10,378785
810,0.002327,172.31.36.0-255,66,164899,10,378785
811,0.004624,74.125.24.0-255,5738,170637,10,378785
812,0.00463,172.31.36.0-255,66,170703,10,378785
813,0.006891,74.125.24.0-255,5738,176441,10,378785
814,0.006896,172.31.36.0-255,66,176507,10,378785
815,0.009182,74.125.24.0-255,5738,182245,10,378785
816,0.009189,172.31.36.0-255,66,182311,10,378785
817,0.011484,74.125.24.0-255,5738,188049,10,378785
818,0.011493,172.31.36.0-255,66,188115,10,378785
819,0.013787,74.125.24.0-255,5738,193853,10,378785
820,0.013801,172.31.36.0-255,66,193919,10,378785
821,0.016067,74.125.24.0-255,5738,199657,10,378785
822,0.016075,172.31.36.0-255,66,199723,10,378785
823,0.018346,74.125.24.0-255,5738,205461,10,378785
824,0.018352,172.31.36.0-255,66,205527,10,378785
825,0.020635,74.125.24.0-255,5738,211265,10,378785
826,0.020643,172.31.36.0-255,66,211331,10,378785
827,0.022926,74.125.24.0-255,5738,217069,10,378785
828,0.022932,172.31.36.0-255,66,217135,10,378785
829,0.025208,74.125.24.0-255,5738,222873,10,378785
830,0.025215,172.31.36.0-255,66,222939,10,378785
831,0.027523,74.125.24.0-255,5738,228677,10,378785
832,0.02753,172.31.36.0-255,66,228743,10,378785
833,0.029782,74.125.24.0-255,5738,234481,10,378785
834,0.029789,172.31.36.0-255,66,234547,10,378785
835,0.032061,74.125.24.0-255,5738,240285,10,378785
836,0.032068,172.31.36.0-255,66,240351,10,378785
837,0.033337,172.31.36.0-255,172,240523,10,378785
838,0.033363,172.31.36.0-255,1113,241636,10,378785
839,0.033408,172.31.36.0-255,1514,243150,10,378785
840,0.03341,172.31.36.0-255,1514,244664,10,378785
841,0.033411,172.31.36.0-255,1514,246178,10,378785
842,0.033412,172.31.36.0-255,1070,247248,10,378785
843,0.034368,74.125.24.0-255,5738,252986,10,378785
844,0.034375,172.31.36.0-255,66,253052,10,378785
845,0.034867,104.244.42.0-255,66,253118,10,378785
846,0.03493,104.244.42.0-255,66,253184,10,378785
847,0.034975,104.244.42.0-255,66,253250,10,378785
848,0.034979,104.244.42.0-255,66,253316,10,378785
849,0.036659,74.125.24.0-255,5738,259054,10,378785
850,0.036667,172.31.36.0-255,66,259120,10,378785
851,0.038952,74.125.24.0-255,5738,264858,10,378785
852,0.038958,172.31.36.0-255,66,264924,10,378785
853,0.041232,74.125.24.0-255,5738,270662,10,378785
854,0.041253,172.31.36.0-255,66,270728,10,378785
855,0.043548,74.125.24.0-255,5738,276466,10,378785
856,0.043555,172.31.36.0-255,66,276532,10,378785
857,0.045826,74.125.24.0-255,5738,282270,10,378785
858,0.045836,172.31.36.0-255,66,282336,10,378785
859,0.048126,74.125.24.0-255,5738,288074,10,378785
860,0.048146,172.31.36.0-255,66,288140,10,378785
861,0.050443,74.125.24.0-255,5738,293878,10,378785
862,0.050457,172.31.36.0-255,66,293944,10,378785
863,0.052723,74.125.24.0-255,5738,299682,10,378785
864,0.05274,172.31.36.0-255,66,299748,10,378785
865,0.05505,74.125.24.0-255,5738,305486,10,378785
866,0.055066,172.31.36.0-255,66,305552,10,378785
867,0.057355,74.125.24.0-255,5738,311290,10,378785
868,0.057366,172.31.36.0-255,66,311356,10,378785
869,0.059679,74.125.24.0-255,5738,317094,10,378785
870,0.059685,172.31.36.0-255,66,317160,10,378785
871,0.061977,74.125.24.0-255,5738,322898,10,378785
872,0.061988,172.31.36.0-255,66,322964,10,378785
873,0.064292,74.125.24.0-255,5738,328702,10,378785
874,0.064308,172.31.36.0-255,66,328768,10,378785
875,0.066589,74.125.24.0-255,5738,334506,10,378785
876,0.066606,172.31.36.0-255,66,334572,10,378785
877,0.068884,74.125.24.0-255,5738,340310,10,378785
878,0.068895,172.31.36.0-255,66,340376,10,378785
879,0.071205,74.125.24.0-255,5738,346114,10,378785
880,0.071225,172.31.36.0-255,66,346180,10,378785
881,0.073501,74.125.24.0-255,5738,351918,10,378785
882,0.073511,172.31.36.0-255,66,351984,10,378785
883,0.075799,74.125.24.0-255,5738,357722,10,378785
884,0.075805,172.31.36.0-255,66,357788,10,378785
885,0.078051,74.125.24.0-255,5738,363526,10,378785
886,0.078056,172.31.36.0-255,66,363592,10,378785
887,0.080316,74.125.24.0-255,5738,369330,10,378785
888,0.080322,172.31.36.0-255,66,369396,10,378785
889,0.082596,74.125.24.0-255,5738,375134,10,378785
890,0.082602,172.31.36.0-255,66,375200,10,378785
891,0.084874,74.125.24.0-255,3348,378548,10,378785
892,0.08488,172.31.36.0-255,66,378614,10,378785
893,0.08536,172.31.36.0-255,105,378719,10,378785
894,0.087606,74.125.24.0-255,66,378785,10,378785
895,0.0,74.125.200.0-255,66,66,10,66
896,0.0,172.217.194.0-255,159,159,10,208957
897,3.7e-05,172.31.36.0-255,66,225,10,208957
898,4.5e-05,172.217.194.0-255,1484,1709,10,208957
899,4.9e-05,172.31.36.0-255,66,1775,10,208957
900,5.4e-05,172.217.194.0-255,2902,4677,10,208957
901,5.7e-05,172.31.36.0-255,66,4743,10,208957
902,7.3e-05,172.217.194.0-255,7156,11899,10,208957
903,7.5e-05,172.31.36.0-255,66,11965,10,208957
904,8.2e-05,172.217.194.0-255,4815,16780,10,208957
905,8.4e-05,172.31.36.0-255,66,16846,10,208957
906,8.9e-05,172.217.194.0-255,4320,21166,10,208957
907,9.1e-05,172.31.36.0-255,66,21232,10,208957
908,0.000123,172.31.36.0-255,66,21298,10,208957
909,0.000176,172.217.194.0-255,1484,22782,10,208957
910,0.000179,172.31.36.0-255,66,22848,10,208957
911,0.000185,172.217.194.0-255,2902,25750,10,208957
912,0.000187,172.31.36.0-255,66,25816,10,208957
913,0.00022,172.217.194.0-255,5738,31554,10,208957
914,0.000225,172.31.36.0-255,66,31620,10,208957
915,0.000235,172.217.194.0-255,6797,38417,10,208957
916,0.000237,172.31.36.0-255,66,38483,10,208957
917,0.000256,172.31.36.0-255,66,38549,10,208957
918,0.000284,172.217.194.0-255,2902,41451,10,208957
919,0.000292,172.31.36.0-255,66,41517,10,208957
920,0.000297,172.217.194.0-255,2543,44060,10,208957
921,0.000298,172.31.36.0-255,66,44126,10,208957
922,0.000302,172.217.194.0-255,379,44505,10,208957
923,0.000304,172.31.36.0-255,66,44571,10,208957
924,0.000363,172.217.194.0-255,367,44938,10,208957
925,0.000367,172.31.36.0-255,66,45004,10,208957
926,0.000682,172.217.194.0-255,1484,46488,10,208957
927,0.000689,172.217.194.0-255,2902,49390,10,208957
928,0.000695,172.31.36.0-255,66,49456,10,208957
929,0.000713,172.217.194.0-255,5738,55194,10,208957
930,0.000716,172.31.36.0-255,66,55260,10,208957
931,0.000729,172.31.36.0-255,66,55326,10,208957
932,0.000788,172.31.36.0-255,66,55392,10,208957
933,0.000816,172.217.194.0-255,3602,58994,10,208957
934,0.000819,172.31.36.0-255,66,59060,10,208957
935,0.000921,172.217.194.0-255,1484,60544,10,208957
936,0.000925,172.217.194.0-255,1484,62028,10,208957
937,0.00093,172.31.36.0-255,66,62094,10,208957
938,0.000942,172.217.194.0-255,1484,63578,10,208957
939,0.000953,172.217.194.0-255,5738,69316,10,208957
940,0.000956,172.31.36.0-255,66,69382,10,208957
941,0.00096,172.217.194.0-255,2902,72284,10,208957
942,0.000962,172.31.36.0-255,66,72350,10,208957
943,0.001003,172.31.36.0-255,66,72416,10,208957
944,0.001011,172.31.36.0-255,66,72482,10,208957
945,0.001048,172.217.194.0-255,1484,73966,10,208957
946,0.001061,172.217.194.0-255,2902,76868,10,208957
947,0.001064,172.31.36.0-255,66,76934,10,208957
948,0.001092,172.217.194.0-255,5738,82672,10,208957
949,0.001095,172.31.36.0-255,66,82738,10,208957
950,0.001099,172.217.194.0-255,1484,84222,10,208957
951,0.001103,172.217.194.0-255,2902,87124,10,208957
952,0.001105,172.31.36.0-255,66,87190,10,208957
953,0.001131,172.217.194.0-255,5738,92928,10,208957
954,0.001134,172.31.36.0-255,66,92994,10,208957
955,0.001141,172.217.194.0-255,5738,98732,10,208957
956,0.001142,172.31.36.0-255,66,98798,10,208957
957,0.001183,172.31.36.0-255,66,98864,10,208957
958,0.001189,172.217.194.0-255,5738,104602,10,208957
959,0.001191,172.31.36.0-255,66,104668,10,208957
960,0.001205,172.217.194.0-255,7156,111824,10,208957
961,0.001208,172.31.36.0-255,66,111890,10,208957
962,0.001216,172.217.194.0-255,7156,119046,10,208957
963,0.001221,172.31.36.0-255,66,119112,10,208957
964,0.001258,172.217.194.0-255,7156,126268,10,208957
965,0.001262,172.31.36.0-255,66,126334,10,208957
966,0.001269,172.217.194.0-255,6438,132772,10,208957
967,0.001271,172.31.36.0-255,66,132838,10,208957
968,0.001301,172.31.36.0-255,66,132904,10,208957
969,0.001333,172.217.194.0-255,1484,134388,10,208957
970,0.001348,172.31.36.0-255,66,134454,10,208957
971,0.001382,172.31.36.0-255,66,134520,10,208957
972,0.001431,172.217.194.0-255,2902,137422,10,208957
973,0.001434,172.31.36.0-255,66,137488,10,208957
974,0.001473,172.217.194.0-255,7156,144644,10,208957
975,0.001476,172.31.36.0-255,66,144710,10,208957
976,0.001502,172.31.36.0-255,66,144776,10,208957
977,0.001518,172.31.36.0-255,66,144842,10,208957
978,0.001764,172.217.194.0-255,1484,146326,10,208957
979,0.001768,172.217.194.0-255,1484,147810,10,208957
980,0.001772,172.31.36.0-255,66,147876,10,208957
981,0.001801,172.217.194.0-255,1484,149360,10,208957
982,0.001808,172.217.194.0-255,5738,155098,10,208957
983,0.001812,172.31.36.0-255,66,155164,10,208957
984,0.00183,172.31.36.0-255,66,155230,10,208957
985,0.001864,172.31.36.0-255,66,155296,10,208957
986,0.001906,172.217.194.0-255,1484,156780,10,208957
987,0.001922,172.217.194.0-255,2902,159682,10,208957
988,0.001926,172.31.36.0-255,66,159748,10,208957
989,0.00196,172.217.194.0-255,5738,165486,10,208957
990,0.001969,172.31.36.0-255,66,165552,10,208957
991,0.001972,172.31.36.0-255,66,165618,10,208957
992,0.002006,172.31.36.0-255,66,165684,10,208957
993,0.002029,172.217.194.0-255,3602,169286,10,208957
994,0.002033,172.31.36.0-255,66,169352,10,208957
995,0.00205,172.31.36.0-255,66,169418,10,208957
996,0.002057,172.217.194.0-255,7156,176574,10,208957
997,0.002061,172.31.36.0-255,66,176640,10,208957
998,0.002099,172.217.194.0-255,2902,179542,10,208957
999,0.002102,172.31.36.0-255,66,179608,10,208957
1000,0.002141,172.31.36.0-255,66,179674,10,208957
1001,0.002147,172.31.36.0-255,66,179740,10,208957
1002,0.002154,172.217.194.0-255,7156,186896,10,208957
1003,0.002156,172.31.36.0-255,66,186962,10,208957
1004,0.002172,172.217.194.0-255,1484,188446,10,208957
1005,0.002206,172.217.194.0-255,7156,195602,10,208957
1006,0.00221,172.31.36.0-255,66,195668,10,208957
1007,0.002242,172.217.194.0-255,6438,202106,10,208957
1008,0.002246,172.31.36.0-255,66,202172,10,208957
1009,0.002249,172.217.194.0-255,1484,203656,10,208957
1010,0.002286,172.31.36.0-255,66,203722,10,208957
1011,0.002289,172.217.194.0-255,105,203827,10,208957
1012,0.002291,172.217.194.0-255,129,203956,10,208957
1013,0.003779,172.31.36.0-255,105,204061,10,208957
1014,0.003804,172.31.36.0-255,105,204166,10,208957
1015,0.004055,172.31.36.0-255,90,204256,10,208957
1016,0.004064,172.31.36.0-255,66,204322,10,208957
1017,0.006077,172.217.194.0-255,66,204388,10,208957
1018,0.006088,172.217.194.0-255,66,204454,10,208957
1019,0.006342,172.217.194.0-255,66,204520,10,208957
1020,0.006384,172.217.194.0-255,66,204586,10,208957
1021,0.00639,172.31.36.0-255,66,204652,10,208957
1022,0.034114,172.31.36.0-255,188,204840,10,208957
1023,0.034146,172.31.36.0-255,956,205796,10,208957
1024,0.034176,172.31.36.0-255,1514,207310,10,208957
1025,0.034194,172.31.36.0-255,1449,208759,10,208957
1026,0.035617,104.244.42.0-255,66,208825,10,208957
1027,0.035666,104.244.42.0-255,66,208891,10,208957
1028,0.035717,104.244.42.0-255,66,208957,10,208957
1029,0.0,172.217.194.0-255,153,153,10,169069
1030,1.5e-05,172.31.36.0-255,66,219,10,169069
1031,2.1e-05,172.217.194.0-255,1484,1703,10,169069
1032,2.5e-05,172.31.36.0-255,66,1769,10,169069
1033,3e-05,172.217.194.0-255,2902,4671,10,169069
1034,3.4e-05,172.31.36.0-255,66,4737,10,169069
1035,3.7e-05,172.217.194.0-255,1484,6221,10,169069
1036,4e-05,172.31.36.0-255,66,6287,10,169069
1037,4.7e-05,172.217.194.0-255,5738,12025,10,169069
1038,5e-05,172.31.36.0-255,66,12091,10,169069
1039,8e-05,172.217.194.0-255,2902,14993,10,169069
1040,8.3e-05,172.31.36.0-255,66,15059,10,169069
1041,0.00011,172.31.36.0-255,66,15125,10,169069
1042,0.00013,172.217.194.0-255,5379,20504,10,169069
1043,0.000133,172.31.36.0-255,66,20570,10,169069
1044,0.00017,172.217.194.0-255,1484,22054,10,169069
1045,0.000173,172.31.36.0-255,66,22120,10,169069
1046,0.000178,172.217.194.0-255,2902,25022,10,169069
1047,0.00018,172.31.36.0-255,66,25088,10,169069
1048,0.000195,172.217.194.0-255,4320,29408,10,169069
1049,0.000198,172.31.36.0-255,66,29474,10,169069
1050,0.000213,172.217.194.0-255,1484,30958,10,169069
1051,0.000216,172.31.36.0-255,66,31024,10,169069
1052,0.000221,172.217.194.0-255,2902,33926,10,169069
1053,0.000223,172.31.36.0-255,66,33992,10,169069
1054,0.000258,172.31.36.0-255,66,34058,10,169069
1055,0.000268,172.31.36.0-255,66,34124,10,169069
1056,0.000317,172.217.194.0-255,1747,35871,10,169069
1057,0.00032,172.31.36.0-255,66,35937,10,169069
1058,0.00045,172.217.194.0-255,1484,37421,10,169069
1059,0.000457,172.217.194.0-255,2902,40323,10,169069
1060,0.000461,172.31.36.0-255,66,40389,10,169069
1061,0.000468,172.217.194.0-255,5738,46127,10,169069
1062,0.00047,172.31.36.0-255,66,46193,10,169069
1063,0.000488,172.217.194.0-255,2902,49095,10,169069
1064,0.000491,172.31.36.0-255,66,49161,10,169069
1065,0.000494,172.217.194.0-255,1484,50645,10,169069
1066,0.000522,172.31.36.0-255,66,50711,10,169069
1067,0.000537,172.217.194.0-255,4320,55031,10,169069
1068,0.00054,172.31.36.0-255,66,55097,10,169069
1069,0.000565,172.217.194.0-255,6438,61535,10,169069
1070,0.000567,172.31.36.0-255,66,61601,10,169069
1071,0.00065,172.217.194.0-255,1484,63085,10,169069
1072,0.000657,172.217.194.0-255,2902,65987,10,169069
1073,0.00066,172.31.36.0-255,66,66053,10,169069
1074,0.000666,172.217.194.0-255,4320,70373,10,169069
1075,0.000669,172.31.36.0-255,66,70439,10,169069
1076,0.000684,172.217.194.0-255,1484,71923,10,169069
1077,0.000692,172.217.194.0-255,7156,79079,10,169069
1078,0.000694,172.31.36.0-255,66,79145,10,169069
1079,0.000718,172.217.194.0-255,4320,83465,10,169069
1080,0.000721,172.31.36.0-255,66,83531,10,169069
1081,0.000736,172.217.194.0-255,2902,86433,10,169069
1082,0.000739,172.31.36.0-255,66,86499,10,169069
1083,0.000771,172.31.36.0-255,66,86565,10,169069
1084,0.000784,172.31.36.0-255,66,86631,10,169069
1085,0.000787,172.217.194.0-255,1484,88115,10,169069
1086,0.000825,172.31.36.0-255,66,88181,10,169069
1087,0.00084,172.217.194.0-255,6438,94619,10,169069
1088,0.000843,172.31.36.0-255,66,94685,10,169069
1089,0.00147,172.217.194.0-255,1484,96169,10,169069
1090,0.001477,172.217.194.0-255,2902,99071,10,169069
1091,0.001481,172.31.36.0-255,66,99137,10,169069
1092,0.001485,172.217.194.0-255,1484,100621,10,169069
1093,0.0015,172.217.194.0-255,4320,104941,10,169069
1094,0.001503,172.31.36.0-255,66,105007,10,169069
1095,0.001509,172.217.194.0-255,5738,110745,10,169069
1096,0.001511,172.31.36.0-255,66,110811,10,169069
1097,0.001552,172.217.194.0-255,7156,117967,10,169069
1098,0.001555,172.31.36.0-255,66,118033,10,169069
1099,0.001579,172.217.194.0-255,5738,123771,10,169069
1100,0.001585,172.217.194.0-255,5020,128791,10,169069
1101,0.001589,172.31.36.0-255,66,128857,10,169069
1102,0.001596,172.31.36.0-255,66,128923,10,169069
1103,0.001859,172.217.194.0-255,1484,130407,10,169069
1104,0.001867,172.217.194.0-255,2902,133309,10,169069
1105,0.001871,172.31.36.0-255,66,133375,10,169069
1106,0.001876,172.217.194.0-255,2902,136277,10,169069
1107,0.001878,172.31.36.0-255,66,136343,10,169069
1108,0.001896,172.217.194.0-255,2902,139245,10,169069
1109,0.001898,172.31.36.0-255,66,139311,10,169069
1110,0.001912,172.31.36.0-255,66,139377,10,169069
1111,0.001931,172.217.194.0-255,1484,140861,10,169069
1112,0.001944,172.31.36.0-255,66,140927,10,169069
1113,0.001982,172.31.36.0-255,66,140993,10,169069
1114,0.002013,172.31.36.0-255,66,141059,10,169069
1115,0.002078,172.31.36.0-255,66,141125,10,169069
1116,0.002096,172.31.36.0-255,66,141191,10,169069
1117,0.002107,172.31.36.0-255,66,141257,10,169069
1118,0.002137,172.217.194.0-255,7156,148413,10,169069
1119,0.00214,172.31.36.0-255,66,148479,10,169069
1120,0.002173,172.31.36.0-255,66,148545,10,169069
1121,0.00219,172.31.36.0-255,66,148611,10,169069
1122,0.002218,172.31.36.0-255,66,148677,10,169069
1123,0.002234,172.31.36.0-255,66,148743,10,169069
1124,0.002248,172.217.194.0-255,5738,154481,10,169069
1125,0.002251,172.31.36.0-255,66,154547,10,169069
1126,0.002291,172.31.36.0-255,66,154613,10,169069
1127,0.002308,172.217.194.0-255,6438,161051,10,169069
1128,0.002311,172.31.36.0-255,66,161117,10,169069
1129,0.002325,172.31.36.0-255,66,161183,10,169069
1130,0.002337,172.31.36.0-255,66,161249,10,169069
1131,0.002352,172.217.194.0-255,2811,164060,10,169069
1132,0.002354,172.31.36.0-255,66,164126,10,169069
1133,0.002358,172.217.194.0-255,97,164223,10,169069
1134,0.002376,172.217.194.0-255,105,164328,10,169069
1135,0.010774,172.31.36.0-255,66,164394,10,169069
1136,0.010812,172.31.36.0-255,105,164499,10,169069
1137,0.012719,172.217.194.0-255,105,164604,10,169069
1138,0.01273,172.31.36.0-255,78,164682,10,169069
1139,0.013378,172.217.194.0-255,66,164748,10,169069
1140,0.030865,172.31.36.0-255,206,164954,10,169069
1141,0.030898,172.31.36.0-255,956,165910,10,169069
1142,0.030965,172.31.36.0-255,1514,167424,10,169069
1143,0.030967,172.31.36.0-255,1447,168871,10,169069
1144,0.032395,104.244.42.0-255,66,168937,10,169069
1145,0.032428,104.244.42.0-255,66,169003,10,169069
1146,0.032532,104.244.42.0-255,66,169069,10,169069
1147,0.0,172.217.194.0-255,152,152,10,234451
1148,2.7e-05,172.31.36.0-255,66,218,10,234451
1149,3.3e-05,172.217.194.0-255,1484,1702,10,234451
1150,3.7e-05,172.31.36.0-255,66,1768,10,234451
1151,4.2e-05,172.217.194.0-255,2902,4670,10,234451
1152,5.5e-05,172.31.36.0-255,66,4736,10,234451
1153,6e-05,172.217.194.0-255,2902,7638,10,234451
1154,6.2e-05,172.31.36.0-255,66,7704,10,234451
1155,0.000108,172.31.36.0-255,66,7770,10,234451
1156,0.000111,172.217.194.0-255,1484,9254,10,234451
1157,0.000113,172.31.36.0-255,66,9320,10,234451
1158,0.000149,172.217.194.0-255,4320,13640,10,234451
1159,0.000152,172.31.36.0-255,66,13706,10,234451
1160,0.000188,172.31.36.0-255,66,13772,10,234451
1161,0.000227,172.31.36.0-255,66,13838,10,234451
1162,0.000233,172.217.194.0-255,5020,18858,10,234451
1163,0.000235,172.31.36.0-255,66,18924,10,234451
1164,0.000238,172.217.194.0-255,1484,20408,10,234451
1165,0.00024,172.31.36.0-255,66,20474,10,234451
1166,0.00025,172.217.194.0-255,2902,23376,10,234451
1167,0.000252,172.31.36.0-255,66,23442,10,234451
1168,0.000257,172.217.194.0-255,2902,26344,10,234451
1169,0.000259,172.31.36.0-255,66,26410,10,234451
1170,0.000293,172.217.194.0-255,2902,29312,10,234451
1171,0.000297,172.31.36.0-255,66,29378,10,234451
1172,0.000304,172.217.194.0-255,5738,35116,10,234451
1173,0.000309,172.31.36.0-255,66,35182,10,234451
1174,0.000326,172.217.194.0-255,1444,36626,10,234451
1175,0.000329,172.31.36.0-255,66,36692,10,234451
1176,0.00041,172.217.194.0-255,1484,38176,10,234451
1177,0.000416,172.217.194.0-255,2902,41078,10,234451
1178,0.000419,172.31.36.0-255,66,41144,10,234451
1179,0.000447,172.217.194.0-255,4320,45464,10,234451
1180,0.00045,172.31.36.0-255,66,45530,10,234451
1181,0.000475,172.217.194.0-255,1484,47014,10,234451
1182,0.00048,172.217.194.0-255,2902,49916,10,234451
1183,0.000482,172.31.36.0-255,66,49982,10,234451
1184,0.00052,172.31.36.0-255,66,50048,10,234451
1185,0.000527,172.217.194.0-255,5738,55786,10,234451
1186,0.000529,172.31.36.0-255,66,55852,10,234451
1187,0.000548,172.31.36.0-255,66,55918,10,234451
1188,0.000581,172.217.194.0-255,766,56684,10,234451
1189,0.000597,172.31.36.0-255,66,56750,10,234451
1190,0.000608,172.31.36.0-255,66,56816,10,234451
1191,0.000662,172.217.194.0-255,4320,61136,10,234451
1192,0.000667,172.31.36.0-255,66,61202,10,234451
1193,0.000692,172.217.194.0-255,3323,64525,10,234451
1194,0.000695,172.31.36.0-255,66,64591,10,234451
1195,0.000764,172.217.194.0-255,1484,66075,10,234451
1196,0.000769,172.217.194.0-255,2902,68977,10,234451
1197,0.000772,172.31.36.0-255,66,69043,10,234451
1198,0.000802,172.217.194.0-255,5738,74781,10,234451
1199,0.000805,172.31.36.0-255,66,74847,10,234451
1200,0.000841,172.31.36.0-255,66,74913,10,234451
1201,0.000853,172.217.194.0-255,1484,76397,10,234451
1202,0.000865,172.217.194.0-255,7156,83553,10,234451
1203,0.000868,172.31.36.0-255,66,83619,10,234451
1204,0.000925,172.217.194.0-255,3602,87221,10,234451
1205,0.00093,172.31.36.0-255,66,87287,10,234451
1206,0.001509,172.217.194.0-255,1484,88771,10,234451
1207,0.001513,172.217.194.0-255,1484,90255,10,234451
1208,0.001517,172.31.36.0-255,66,90321,10,234451
1209,0.001542,172.217.194.0-255,1484,91805,10,234451
1210,0.001549,172.217.194.0-255,5738,97543,10,234451
1211,0.001552,172.31.36.0-255,66,97609,10,234451
1212,0.001556,172.217.194.0-255,1484,99093,10,234451
1213,0.001583,172.217.194.0-255,5738,104831,10,234451
1214,0.001587,172.31.36.0-255,66,104897,10,234451
1215,0.001591,172.217.194.0-255,2902,107799,10,234451
1216,0.001593,172.31.36.0-255,66,107865,10,234451
1217,0.001638,172.31.36.0-255,66,107931,10,234451
1218,0.001642,172.217.194.0-255,2184,110115,10,234451
1219,0.001644,172.31.36.0-255,66,110181,10,234451
1220,0.001809,172.217.194.0-255,1484,111665,10,234451
1221,0.001826,172.217.194.0-255,2902,114567,10,234451
1222,0.00183,172.31.36.0-255,66,114633,10,234451
1223,0.001835,172.217.194.0-255,2902,117535,10,234451
1224,0.001837,172.31.36.0-255,66,117601,10,234451
1225,0.00186,172.217.194.0-255,2902,120503,10,234451
1226,0.001873,172.31.36.0-255,66,120569,10,234451
1227,0.001877,172.217.194.0-255,2902,123471,10,234451
1228,0.001879,172.31.36.0-255,66,123537,10,234451
1229,0.001893,172.31.36.0-255,66,123603,10,234451
1230,0.001935,172.31.36.0-255,66,123669,10,234451
1231,0.001961,172.217.194.0-255,2184,125853,10,234451
1232,0.001964,172.31.36.0-255,66,125919,10,234451
1233,0.002085,172.217.194.0-255,1484,127403,10,234451
1234,0.002102,172.217.194.0-255,2902,130305,10,234451
1235,0.002105,172.31.36.0-255,66,130371,10,234451
1236,0.002109,172.217.194.0-255,1484,131855,10,234451
1237,0.002136,172.217.194.0-255,4320,136175,10,234451
1238,0.002139,172.31.36.0-255,66,136241,10,234451
1239,0.002146,172.217.194.0-255,5738,141979,10,234451
1240,0.002149,172.31.36.0-255,66,142045,10,234451
1241,0.002191,172.217.194.0-255,7156,149201,10,234451
1242,0.002195,172.31.36.0-255,66,149267,10,234451
1243,0.002202,172.217.194.0-255,5738,155005,10,234451
1244,0.002204,172.31.36.0-255,66,155071,10,234451
1245,0.002207,172.217.194.0-255,1484,156555,10,234451
1246,0.002236,172.217.194.0-255,3602,160157,10,234451
1247,0.002239,172.31.36.0-255,66,160223,10,234451
1248,0.002264,172.217.194.0-255,2902,163125,10,234451
1249,0.002267,172.31.36.0-255,66,163191,10,234451
1250,0.002298,172.217.194.0-255,4320,167511,10,234451
1251,0.002301,172.31.36.0-255,66,167577,10,234451
1252,0.002313,172.31.36.0-255,66,167643,10,234451
1253,0.002323,172.217.194.0-255,4320,171963,10,234451
1254,0.002326,172.31.36.0-255,66,172029,10,234451
1255,0.002364,172.217.194.0-255,2902,174931,10,234451
1256,0.002367,172.31.36.0-255,66,174997,10,234451
1257,0.002394,172.31.36.0-255,66,175063,10,234451
1258,0.002399,172.217.194.0-255,4320,179383,10,234451
1259,0.002401,172.31.36.0-255,66,179449,10,234451
1260,0.002451,172.31.36.0-255,66,179515,10,234451
1261,0.002467,172.31.36.0-255,66,179581,10,234451
1262,0.002472,172.217.194.0-255,2902,182483,10,234451
1263,0.002475,172.31.36.0-255,66,182549,10,234451
1264,0.002503,172.31.36.0-255,66,182615,10,234451
1265,0.002551,172.217.194.0-255,1484,184099,10,234451
1266,0.002556,172.31.36.0-255,66,184165,10,234451
1267,0.002594,172.31.36.0-255,66,184231,10,234451
1268,0.002606,172.31.36.0-255,66,184297,10,234451
1269,0.005152,172.217.194.0-255,5738,190035,10,234451
1270,0.005159,172.31.36.0-255,66,190101,10,234451
1271,0.007711,172.217.194.0-255,5738,195839,10,234451
1272,0.007716,172.31.36.0-255,66,195905,10,234451
1273,0.010264,172.217.194.0-255,5738,201643,10,234451
1274,0.010271,172.31.36.0-255,66,201709,10,234451
1275,0.012825,172.217.194.0-255,4320,206029,10,234451
1276,0.012832,172.31.36.0-255,66,206095,10,234451
1277,0.012857,172.217.194.0-255,1484,207579,10,234451
1278,0.015383,172.217.194.0-255,4320,211899,10,234451
1279,0.015391,172.31.36.0-255,66,211965,10,234451
1280,0.017936,172.217.194.0-255,5738,217703,10,234451
1281,0.017945,172.31.36.0-255,66,217769,10,234451
1282,0.020506,172.217.194.0-255,5738,223507,10,234451
1283,0.020515,172.31.36.0-255,66,223573,10,234451
1284,0.023084,172.217.194.0-255,5738,229311,10,234451
1285,0.023091,172.31.36.0-255,66,229377,10,234451
1286,0.025624,172.217.194.0-255,372,229749,10,234451
1287,0.02577,172.31.36.0-255,66,229815,10,234451
1288,0.025801,172.31.36.0-255,105,229920,10,234451
1289,0.028296,172.217.194.0-255,66,229986,10,234451
1290,0.032112,172.31.36.0-255,176,230162,10,234451
1291,0.032168,172.31.36.0-255,1112,231274,10,234451
1292,0.032191,172.31.36.0-255,1514,232788,10,234451
1293,0.032211,172.31.36.0-255,1291,234079,10,234451
1294,0.033644,104.244.42.0-255,66,234145,10,234451
1295,0.033691,104.244.42.0-255,66,234211,10,234451
1296,0.033743,104.244.42.0-255,66,234277,10,234451
1297,0.034779,104.244.42.0-255,108,234385,10,234451
1298,0.034797,172.31.36.0-255,66,234451,10,234451
1299,0.0,172.217.160.0-255,145,145,10,360781
1300,2.3e-05,172.31.36.0-255,66,211,10,360781
1301,3.1e-05,172.217.160.0-255,1484,1695,10,360781
1302,3.6e-05,172.31.36.0-255,66,1761,10,360781
1303,4.2e-05,172.217.160.0-255,2902,4663,10,360781
1304,4.5e-05,172.31.36.0-255,66,4729,10,360781
1305,4.9e-05,172.217.160.0-255,2902,7631,10,360781
1306,5.2e-05,172.31.36.0-255,66,7697,10,360781
1307,7.3e-05,172.31.36.0-255,66,7763,10,360781
1308,8.7e-05,172.31.36.0-255,66,7829,10,360781
1309,0.000123,172.217.160.0-255,3961,11790,10,360781
1310,0.000126,172.31.36.0-255,66,11856,10,360781
1311,0.000204,172.217.160.0-255,1484,13340,10,360781
1312,0.000207,172.31.36.0-255,66,13406,10,360781
1313,0.000212,172.217.160.0-255,2902,16308,10,360781
1314,0.000214,172.31.36.0-255,66,16374,10,360781
1315,0.00022,172.217.160.0-255,4320,20694,10,360781
1316,0.000227,172.31.36.0-255,66,20760,10,360781
1317,0.000269,172.31.36.0-255,66,20826,10,360781
1318,0.000274,172.217.160.0-255,2902,23728,10,360781
1319,0.000276,172.31.36.0-255,66,23794,10,360781
1320,0.000317,172.31.36.0-255,66,23860,10,360781
1321,0.00032,172.217.160.0-255,373,24233,10,360781
1322,0.000323,172.31.36.0-255,66,24299,10,360781
1323,0.000783,172.217.160.0-255,104,24403,10,360781
1324,0.000788,172.31.36.0-255,66,24469,10,360781
1325,0.000869,172.217.160.0-255,1484,25953,10,360781
1326,0.000873,172.217.160.0-255,1484,27437,10,360781
1327,0.000877,172.31.36.0-255,66,27503,10,360781
1328,0.000892,172.217.160.0-255,1484,28987,10,360781
1329,0.000894,172.31.36.0-255,66,29053,10,360781
1330,0.000901,172.217.160.0-255,5738,34791,10,360781
1331,0.000908,172.31.36.0-255,66,34857,10,360781
1332,0.000952,172.31.36.0-255,66,34923,10,360781
1333,0.000969,172.31.36.0-255,66,34989,10,360781
1334,0.000972,172.217.160.0-255,1484,36473,10,360781
1335,0.000999,172.217.160.0-255,2543,39016,10,360781
1336,0.001006,172.31.36.0-255,66,39082,10,360781
1337,0.002591,172.217.160.0-255,1484,40566,10,360781
1338,0.002634,172.217.160.0-255,4320,44886,10,360781
1339,0.002639,172.31.36.0-255,66,44952,10,360781
1340,0.004263,172.217.160.0-255,5738,50690,10,360781
1341,0.004267,172.31.36.0-255,66,50756,10,360781
1342,0.005884,172.217.160.0-255,2902,53658,10,360781
1343,0.005887,172.31.36.0-255,66,53724,10,360781
1344,0.00592,172.217.160.0-255,2902,56626,10,360781
1345,0.005922,172.31.36.0-255,66,56692,10,360781
1346,0.00752,172.217.160.0-255,2902,59594,10,360781
1347,0.007526,172.31.36.0-255,66,59660,10,360781
1348,0.007572,172.217.160.0-255,2902,62562,10,360781
1349,0.007576,172.31.36.0-255,66,62628,10,360781
1350,0.009148,172.217.160.0-255,2902,65530,10,360781
1351,0.009154,172.31.36.0-255,66,65596,10,360781
1352,0.009182,172.217.160.0-255,2902,68498,10,360781
1353,0.009184,172.31.36.0-255,66,68564,10,360781
1354,0.010795,172.217.160.0-255,5738,74302,10,360781
1355,0.010803,172.31.36.0-255,66,74368,10,360781
1356,0.012445,172.217.160.0-255,5738,80106,10,360781
1357,0.012452,172.31.36.0-255,66,80172,10,360781
1358,0.01408,172.217.160.0-255,5738,85910,10,360781
1359,0.014089,172.31.36.0-255,66,85976,10,360781
1360,0.015721,172.217.160.0-255,5738,91714,10,360781
1361,0.015729,172.31.36.0-255,66,91780,10,360781
1362,0.017368,172.217.160.0-255,5738,97518,10,360781
1363,0.017375,172.31.36.0-255,66,97584,10,360781
1364,0.019006,172.217.160.0-255,5738,103322,10,360781
1365,0.019014,172.31.36.0-255,66,103388,10,360781
1366,0.020638,172.217.160.0-255,5738,109126,10,360781
1367,0.020646,172.31.36.0-255,66,109192,10,360781
1368,0.02228,172.217.160.0-255,5738,114930,10,360781
1369,0.022288,172.31.36.0-255,66,114996,10,360781
1370,0.02396,172.217.160.0-255,5738,120734,10,360781
1371,0.023967,172.31.36.0-255,66,120800,10,360781
1372,0.025594,172.217.160.0-255,5738,126538,10,360781
1373,0.025602,172.31.36.0-255,66,126604,10,360781
1374,0.027229,172.217.160.0-255,5738,132342,10,360781
1375,0.027236,172.31.36.0-255,66,132408,10,360781
1376,0.028869,172.217.160.0-255,5738,138146,10,360781
1377,0.028875,172.31.36.0-255,66,138212,10,360781
1378,0.030522,172.217.160.0-255,5738,143950,10,360781
1379,0.03053,172.31.36.0-255,66,144016,10,360781
1380,0.031517,172.31.36.0-255,172,144188,10,360781
1381,0.031549,172.31.36.0-255,1113,145301,10,360781
1382,0.031647,172.31.36.0-255,1514,146815,10,360781
1383,0.03165,172.31.36.0-255,1514,148329,10,360781
1384,0.031655,172.31.36.0-255,1514,149843,10,360781
1385,0.031656,172.31.36.0-255,1070,150913,10,360781
1386,0.032158,172.217.160.0-255,5738,156651,10,360781
1387,0.032165,172.31.36.0-255,66,156717,10,360781
1388,0.033078,104.244.42.0-255,66,156783,10,360781
1389,0.033181,104.244.42.0-255,66,156849,10,360781
1390,0.033202,104.244.42.0-255,66,156915,10,360781
1391,0.033206,104.244.42.0-255,66,156981,10,360781
1392,0.033794,172.217.160.0-255,5738,162719,10,360781
1393,0.0338,172.31.36.0-255,66,162785,10,360781
1394,0.03543,172.217.160.0-255,5738,168523,10,360781
1395,0.035439,172.31.36.0-255,66,168589,10,360781
1396,0.037156,172.217.160.0-255,5738,174327,10,360781
1397,0.037163,172.31.36.0-255,66,174393,10,360781
1398,0.0388,172.217.160.0-255,5738,180131,10,360781
1399,0.038808,172.31.36.0-255,66,180197,10,360781
1400,0.040441,172.217.160.0-255,5738,185935,10,360781
1401,0.04045,172.31.36.0-255,66,186001,10,360781
1402,0.042111,172.217.160.0-255,5738,191739,10,360781
1403,0.042118,172.31.36.0-255,66,191805,10,360781
1404,0.043755,172.217.160.0-255,5738,197543,10,360781
1405,0.043763,172.31.36.0-255,66,197609,10,360781
1406,0.045408,172.217.160.0-255,5738,203347,10,360781
1407,0.045414,172.31.36.0-255,66,203413,10,360781
1408,0.047041,172.217.160.0-255,5738,209151,10,360781
1409,0.047047,172.31.36.0-255,66,209217,10,360781
1410,0.048683,172.217.160.0-255,5738,214955,10,360781
1411,0.04869,172.31.36.0-255,66,215021,10,360781
1412,0.050326,172.217.160.0-255,5738,220759,10,360781
1413,0.050333,172.31.36.0-255,66,220825,10,360781
1414,0.051962,172.217.160.0-255,5738,226563,10,360781
1415,0.051971,172.31.36.0-255,66,226629,10,360781
1416,0.053611,172.217.160.0-255,5738,232367,10,360781
1417,0.053618,172.31.36.0-255,66,232433,10,360781
1418,0.055256,172.217.160.0-255,5738,238171,10,360781
1419,0.055262,172.31.36.0-255,66,238237,10,360781
1420,0.056896,172.217.160.0-255,5738,243975,10,360781
1421,0.056904,172.31.36.0-255,66,244041,10,360781
1422,0.058561,172.217.160.0-255,5738,249779,10,360781
1423,0.058569,172.31.36.0-255,66,249845,10,360781
1424,0.060209,172.217.160.0-255,5738,255583,10,360781
1425,0.060215,172.31.36.0-255,66,255649,10,360781
1426,0.061851,172.217.160.0-255,5738,261387,10,360781
1427,0.061857,172.31.36.0-255,66,261453,10,360781
1428,0.063489,172.217.160.0-255,5738,267191,10,360781
1429,0.063496,172.31.36.0-255,66,267257,10,360781
1430,0.065125,172.217.160.0-255,5738,272995,10,360781
1431,0.065132,172.31.36.0-255,66,273061,10,360781
1432,0.066758,172.217.160.0-255,5738,278799,10,360781
1433,0.066764,172.31.36.0-255,66,278865,10,360781
1434,0.068394,172.217.160.0-255,5738,284603,10,360781
1435,0.068401,172.31.36.0-255,66,284669,10,360781
1436,0.070037,172.217.160.0-255,5738,290407,10,360781
1437,0.070043,172.31.36.0-255,66,290473,10,360781
1438,0.071682,172.217.160.0-255,5738,296211,10,360781
1439,0.071688,172.31.36.0-255,66,296277,10,360781
1440,0.073319,172.217.160.0-255,5738,302015,10,360781
1441,0.073325,172.31.36.0-255,66,302081,10,360781
1442,0.074999,172.217.160.0-255,5738,307819,10,360781
1443,0.075005,172.31.36.0-255,66,307885,10,360781
1444,0.076637,172.217.160.0-255,5738,313623,10,360781
1445,0.076644,172.31.36.0-255,66,313689,10,360781
1446,0.078268,172.217.160.0-255,5738,319427,10,360781
1447,0.078275,172.31.36.0-255,66,319493,10,360781
1448,0.079908,172.217.160.0-255,5738,325231,10,360781
1449,0.079915,172.31.36.0-255,66,325297,10,360781
1450,0.081542,172.217.160.0-255,5738,331035,10,360781
1451,0.081548,172.31.36.0-255,66,331101,10,360781
1452,0.083171,172.217.160.0-255,2902,334003,10,360781
1453,0.083178,172.31.36.0-255,66,334069,10,360781
1454,0.083206,172.217.160.0-255,2902,336971,10,360781
1455,0.08321,172.31.36.0-255,66,337037,10,360781
1456,0.084801,172.217.160.0-255,2902,339939,10,360781
1457,0.084808,172.31.36.0-255,66,340005,10,360781
1458,0.084843,172.217.160.0-255,2902,342907,10,360781
1459,0.084845,172.31.36.0-255,66,342973,10,360781
1460,0.086436,172.217.160.0-255,2902,345875,10,360781
1461,0.086445,172.31.36.0-255,66,345941,10,360781
1462,0.08648,172.217.160.0-255,2902,348843,10,360781
1463,0.086483,172.31.36.0-255,66,348909,10,360781
1464,0.088082,172.217.160.0-255,2902,351811,10,360781
1465,0.088089,172.31.36.0-255,66,351877,10,360781
1466,0.088118,172.217.160.0-255,2902,354779,10,360781
1467,0.088121,172.31.36.0-255,66,354845,10,360781
1468,0.08972,172.217.160.0-255,2902,357747,10,360781
1469,0.089726,172.31.36.0-255,66,357813,10,360781
1470,0.089755,172.217.160.0-255,2902,360715,10,360781
1471,0.089757,172.31.36.0-255,66,360781,10,360781
1472,0.0,172.217.194.0-255,151,151,10,295847
1473,1.8e-05,172.31.36.0-255,66,217,10,295847
1474,2.5e-05,172.217.194.0-255,1484,1701,10,295847
1475,3e-05,172.31.36.0-255,66,1767,10,295847
1476,3.5e-05,172.217.194.0-255,2902,4669,10,295847
1477,4.7e-05,172.31.36.0-255,66,4735,10,295847
1478,5.5e-05,172.217.194.0-255,7156,11891,10,295847
1479,5.8e-05,172.31.36.0-255,66,11957,10,295847
1480,6.3e-05,172.217.194.0-255,2065,14022,10,295847
1481,6.6e-05,172.31.36.0-255,66,14088,10,295847
1482,0.000235,172.217.194.0-255,1484,15572,10,295847
1483,0.00024,172.31.36.0-255,66,15638,10,295847
1484,0.000246,172.217.194.0-255,2902,18540,10,295847
1485,0.000249,172.31.36.0-255,66,18606,10,295847
1486,0.000257,172.217.194.0-255,1484,20090,10,295847
1487,0.00026,172.31.36.0-255,66,20156,10,295847
1488,0.000289,172.217.194.0-255,4320,24476,10,295847
1489,0.000291,172.31.36.0-255,66,24542,10,295847
1490,0.000336,172.31.36.0-255,66,24608,10,295847
1491,0.000348,172.31.36.0-255,66,24674,10,295847
1492,0.000353,172.217.194.0-255,3961,28635,10,295847
1493,0.000356,172.31.36.0-255,66,28701,10,295847
1494,0.001048,172.217.194.0-255,1484,30185,10,295847
1495,0.001055,172.31.36.0-255,66,30251,10,295847
1496,0.001065,172.217.194.0-255,2902,33153,10,295847
1497,0.001067,172.31.36.0-255,66,33219,10,295847
1498,0.001077,172.217.194.0-255,2902,36121,10,295847
1499,0.001094,172.31.36.0-255,66,36187,10,295847
1500,0.001102,172.217.194.0-255,7156,43343,10,295847
1501,0.001108,172.31.36.0-255,66,43409,10,295847
1502,0.001131,172.217.194.0-255,5738,49147,10,295847
1503,0.001133,172.31.36.0-255,66,49213,10,295847
1504,0.001162,172.31.36.0-255,66,49279,10,295847
1505,0.001165,172.217.194.0-255,1484,50763,10,295847
1506,0.001172,172.217.194.0-255,4320,55083,10,295847
1507,0.001174,172.31.36.0-255,66,55149,10,295847
1508,0.0012,172.217.194.0-255,1705,56854,10,295847
1509,0.001203,172.31.36.0-255,66,56920,10,295847
1510,0.001211,172.217.194.0-255,7156,64076,10,295847
1511,0.001213,172.31.36.0-255,66,64142,10,295847
1512,0.00122,172.217.194.0-255,5379,69521,10,295847
1513,0.001223,172.31.36.0-255,66,69587,10,295847
1514,0.002018,172.217.194.0-255,1484,71071,10,295847
1515,0.002026,172.217.194.0-255,2902,73973,10,295847
1516,0.002031,172.31.36.0-255,66,74039,10,295847
1517,0.002066,172.217.194.0-255,5738,79777,10,295847
1518,0.002068,172.31.36.0-255,66,79843,10,295847
1519,0.002074,172.217.194.0-255,2902,82745,10,295847
1520,0.002076,172.31.36.0-255,66,82811,10,295847
1521,0.00212,172.31.36.0-255,66,82877,10,295847
1522,0.002126,172.217.194.0-255,4320,87197,10,295847
1523,0.002128,172.31.36.0-255,66,87263,10,295847
1524,0.002131,172.217.194.0-255,1484,88747,10,295847
1525,0.002163,172.217.194.0-255,5020,93767,10,295847
1526,0.002165,172.31.36.0-255,66,93833,10,295847
1527,0.002491,172.217.194.0-255,1484,95317,10,295847
1528,0.002506,172.217.194.0-255,2902,98219,10,295847
1529,0.002509,172.31.36.0-255,66,98285,10,295847
1530,0.002515,172.217.194.0-255,4320,102605,10,295847
1531,0.002517,172.31.36.0-255,66,102671,10,295847
1532,0.002535,172.217.194.0-255,1484,104155,10,295847
1533,0.002539,172.217.194.0-255,1484,105639,10,295847
1534,0.002542,172.31.36.0-255,66,105705,10,295847
1535,0.002585,172.31.36.0-255,66,105771,10,295847
1536,0.00265,172.31.36.0-255,66,105837,10,295847
1537,0.005267,172.217.194.0-255,5738,111575,10,295847
1538,0.005274,172.31.36.0-255,66,111641,10,295847
1539,0.007899,172.217.194.0-255,5738,117379,10,295847
1540,0.007906,172.31.36.0-255,66,117445,10,295847
1541,0.010552,172.217.194.0-255,5738,123183,10,295847
1542,0.010565,172.31.36.0-255,66,123249,10,295847
1543,0.013191,172.217.194.0-255,5738,128987,10,295847
1544,0.013199,172.31.36.0-255,66,129053,10,295847
1545,0.015853,172.217.194.0-255,5738,134791,10,295847
1546,0.015867,172.31.36.0-255,66,134857,10,295847
1547,0.018525,172.217.194.0-255,5738,140595,10,295847
1548,0.018534,172.31.36.0-255,66,140661,10,295847
1549,0.021165,172.217.194.0-255,5738,146399,10,295847
1550,0.021172,172.31.36.0-255,66,146465,10,295847
1551,0.023794,172.217.194.0-255,5738,152203,10,295847
1552,0.023802,172.31.36.0-255,66,152269,10,295847
1553,0.026483,172.217.194.0-255,5738,158007,10,295847
1554,0.026496,172.31.36.0-255,66,158073,10,295847
1555,0.029122,172.217.194.0-255,5738,163811,10,295847
1556,0.02913,172.31.36.0-255,66,163877,10,295847
1557,0.029302,172.31.36.0-255,167,164044,10,295847
1558,0.029332,172.31.36.0-255,1112,165156,10,295847
1559,0.029393,172.31.36.0-255,1514,166670,10,295847
1560,0.029396,172.31.36.0-255,1291,167961,10,295847
1561,0.030875,104.244.42.0-255,66,168027,10,295847
1562,0.030884,104.244.42.0-255,66,168093,10,295847
1563,0.030972,104.244.42.0-255,66,168159,10,295847
1564,0.03176,172.217.194.0-255,5738,173897,10,295847
1565,0.031766,172.31.36.0-255,66,173963,10,295847
1566,0.034402,172.217.194.0-255,5738,179701,10,295847
1567,0.03441,172.31.36.0-255,66,179767,10,295847
1568,0.037043,172.217.194.0-255,5738,185505,10,295847
1569,0.03705,172.31.36.0-255,66,185571,10,295847
1570,0.039691,172.217.194.0-255,5738,191309,10,295847
1571,0.039698,172.31.36.0-255,66,191375,10,295847
1572,0.042349,172.217.194.0-255,5738,197113,10,295847
1573,0.042359,172.31.36.0-255,66,197179,10,295847
1574,0.045001,172.217.194.0-255,5738,202917,10,295847
1575,0.045009,172.31.36.0-255,66,202983,10,295847
1576,0.047653,172.217.194.0-255,5738,208721,10,295847
1577,0.047661,172.31.36.0-255,66,208787,10,295847
1578,0.050276,172.217.194.0-255,5738,214525,10,295847
1579,0.050283,172.31.36.0-255,66,214591,10,295847
1580,0.052915,172.217.194.0-255,5738,220329,10,295847
1581,0.052923,172.31.36.0-255,66,220395,10,295847
1582,0.055567,172.217.194.0-255,5738,226133,10,295847
1583,0.055574,172.31.36.0-255,66,226199,10,295847
1584,0.05822,172.217.194.0-255,5738,231937,10,295847
1585,0.058227,172.31.36.0-255,66,232003,10,295847
1586,0.060869,172.217.194.0-255,5738,237741,10,295847
1587,0.060876,172.31.36.0-255,66,237807,10,295847
1588,0.063508,172.217.194.0-255,5738,243545,10,295847
1589,0.063515,172.31.36.0-255,66,243611,10,295847
1590,0.066161,172.217.194.0-255,5738,249349,10,295847
1591,0.066171,172.31.36.0-255,66,249415,10,295847
1592,0.068827,172.217.194.0-255,5738,255153,10,295847
1593,0.06884,172.31.36.0-255,66,255219,10,295847
1594,0.071492,172.217.194.0-255,5738,260957,10,295847
1595,0.071499,172.31.36.0-255,66,261023,10,295847
1596,0.074137,172.217.194.0-255,5738,266761,10,295847
1597,0.074145,172.31.36.0-255,66,266827,10,295847
1598,0.07678,172.217.194.0-255,5738,272565,10,295847
1599,0.076788,172.31.36.0-255,66,272631,10,295847
1600,0.079434,172.217.194.0-255,5738,278369,10,295847
1601,0.079443,172.31.36.0-255,66,278435,10,295847
1602,0.082091,172.217.194.0-255,5738,284173,10,295847
1603,0.082099,172.31.36.0-255,66,284239,10,295847
1604,0.084849,172.217.194.0-255,5738,289977,10,295847
1605,0.084855,172.31.36.0-255,66,290043,10,295847
1606,0.087499,172.217.194.0-255,5738,295781,10,295847
1607,0.087506,172.31.36.0-255,66,295847,10,295847
1608,0.0,172.217.194.0-255,146,146,10,202923
1609,3.4e-05,172.31.36.0-255,66,212,10,202923
1610,4.1e-05,172.217.194.0-255,1484,1696,10,202923
1611,4.5e-05,172.31.36.0-255,66,1762,10,202923
1612,4.9e-05,172.217.194.0-255,2902,4664,10,202923
1613,5.2e-05,172.31.36.0-255,66,4730,10,202923
1614,5.7e-05,172.217.194.0-255,2902,7632,10,202923
1615,5.9e-05,172.31.36.0-255,66,7698,10,202923
1616,9.3e-05,172.217.194.0-255,6266,13964,10,202923
1617,9.6e-05,172.31.36.0-255,66,14030,10,202923
1618,0.000104,172.217.194.0-255,7156,21186,10,202923
1619,0.000106,172.31.36.0-255,66,21252,10,202923
1620,0.000129,172.217.194.0-255,4320,25572,10,202923
1621,0.000132,172.31.36.0-255,66,25638,10,202923
1622,0.000154,172.217.194.0-255,5379,31017,10,202923
1623,0.000156,172.31.36.0-255,66,31083,10,202923
1624,0.000168,172.31.36.0-255,66,31149,10,202923
1625,0.000176,172.217.194.0-255,6797,37946,10,202923
1626,0.000181,172.31.36.0-255,66,38012,10,202923
1627,0.000211,172.217.194.0-255,7156,45168,10,202923
1628,0.000214,172.31.36.0-255,66,45234,10,202923
1629,0.000222,172.217.194.0-255,7156,52390,10,202923
1630,0.000225,172.31.36.0-255,66,52456,10,202923
1631,0.000268,172.217.194.0-255,2869,55325,10,202923
1632,0.000271,172.31.36.0-255,66,55391,10,202923
1633,0.000301,172.217.194.0-255,384,55775,10,202923
1634,0.000305,172.31.36.0-255,66,55841,10,202923
1635,0.000511,172.217.194.0-255,1484,57325,10,202923
1636,0.000515,172.31.36.0-255,66,57391,10,202923
1637,0.000521,172.217.194.0-255,2902,60293,10,202923
1638,0.000524,172.31.36.0-255,66,60359,10,202923
1639,0.000551,172.217.194.0-255,5738,66097,10,202923
1640,0.000558,172.31.36.0-255,66,66163,10,202923
1641,0.000566,172.217.194.0-255,2902,69065,10,202923
1642,0.000577,172.31.36.0-255,66,69131,10,202923
1643,0.000612,172.31.36.0-255,66,69197,10,202923
1644,0.000614,172.217.194.0-255,7156,76353,10,202923
1645,0.000629,172.31.36.0-255,66,76419,10,202923
1646,0.000632,172.217.194.0-255,3602,80021,10,202923
1647,0.000642,172.31.36.0-255,66,80087,10,202923
1648,0.000827,172.217.194.0-255,1484,81571,10,202923
1649,0.000845,172.217.194.0-255,2902,84473,10,202923
1650,0.000849,172.31.36.0-255,66,84539,10,202923
1651,0.000856,172.217.194.0-255,5738,90277,10,202923
1652,0.00086,172.31.36.0-255,66,90343,10,202923
1653,0.000911,172.217.194.0-255,7156,97499,10,202923
1654,0.000915,172.31.36.0-255,66,97565,10,202923
1655,0.000969,172.217.194.0-255,3602,101167,10,202923
1656,0.000975,172.217.194.0-255,4320,105487,10,202923
1657,0.000975,172.31.36.0-255,66,105553,10,202923
1658,0.000979,172.31.36.0-255,66,105619,10,202923
1659,0.000993,172.31.36.0-255,66,105685,10,202923
1660,0.001011,172.217.194.0-255,1484,107169,10,202923
1661,0.001019,172.217.194.0-255,7156,114325,10,202923
1662,0.001032,172.31.36.0-255,66,114391,10,202923
1663,0.001059,172.31.36.0-255,66,114457,10,202923
1664,0.00107,172.217.194.0-255,3602,118059,10,202923
1665,0.001076,172.31.36.0-255,66,118125,10,202923
1666,0.001097,172.217.194.0-255,1484,119609,10,202923
1667,0.001111,172.217.194.0-255,2902,122511,10,202923
1668,0.001117,172.217.194.0-255,5738,128249,10,202923
1669,0.001121,172.31.36.0-255,66,128315,10,202923
1670,0.001138,172.217.194.0-255,7156,135471,10,202923
1671,0.001146,172.31.36.0-255,66,135537,10,202923
1672,0.001171,172.217.194.0-255,5738,141275,10,202923
1673,0.001181,172.31.36.0-255,66,141341,10,202923
1674,0.001186,172.31.36.0-255,66,141407,10,202923
1675,0.001209,172.217.194.0-255,1484,142891,10,202923
1676,0.001215,172.217.194.0-255,2902,145793,10,202923
1677,0.001221,172.31.36.0-255,66,145859,10,202923
1678,0.001232,172.217.194.0-255,5738,151597,10,202923
1679,0.001236,172.31.36.0-255,66,151663,10,202923
1680,0.001281,172.31.36.0-255,66,151729,10,202923
1681,0.001318,172.31.36.0-255,66,151795,10,202923
1682,0.001334,172.31.36.0-255,66,151861,10,202923
1683,0.001355,172.217.194.0-255,4320,156181,10,202923
1684,0.001362,172.31.36.0-255,66,156247,10,202923
1685,0.00137,172.217.194.0-255,1484,157731,10,202923
1686,0.00141,172.31.36.0-255,66,157797,10,202923
1687,0.001436,172.31.36.0-255,66,157863,10,202923
1688,0.00144,172.31.36.0-255,66,157929,10,202923
1689,0.001458,172.217.194.0-255,3602,161531,10,202923
1690,0.001464,172.31.36.0-255,66,161597,10,202923
1691,0.00147,172.217.194.0-255,1484,163081,10,202923
1692,0.001474,172.217.194.0-255,2902,165983,10,202923
1693,0.001478,172.31.36.0-255,66,166049,10,202923
1694,0.001487,172.217.194.0-255,1484,167533,10,202923
1695,0.001506,172.217.194.0-255,4320,171853,10,202923
1696,0.001512,172.31.36.0-255,66,171919,10,202923
1697,0.001547,172.217.194.0-255,4320,176239,10,202923
1698,0.001555,172.31.36.0-255,66,176305,10,202923
1699,0.001563,172.217.194.0-255,4320,180625,10,202923
1700,0.001569,172.31.36.0-255,66,180691,10,202923
1701,0.001586,172.31.36.0-255,66,180757,10,202923
1702,0.001597,172.217.194.0-255,2184,182941,10,202923
1703,0.001602,172.31.36.0-255,66,183007,10,202923
1704,0.001615,172.217.194.0-255,2902,185909,10,202923
1705,0.001615,172.31.36.0-255,66,185975,10,202923
1706,0.001619,172.31.36.0-255,66,186041,10,202923
1707,0.001654,172.31.36.0-255,66,186107,10,202923
1708,0.001662,172.217.194.0-255,1484,187591,10,202923
1709,0.001709,172.31.36.0-255,66,187657,10,202923
1710,0.001718,172.217.194.0-255,6438,194095,10,202923
1711,0.001726,172.31.36.0-255,66,194161,10,202923
1712,0.001737,172.217.194.0-255,4049,198210,10,202923
1713,0.001739,172.31.36.0-255,66,198276,10,202923
1714,0.001762,172.217.194.0-255,105,198381,10,202923
1715,0.01005,172.31.36.0-255,66,198447,10,202923
1716,0.01008,172.31.36.0-255,105,198552,10,202923
1717,0.012298,172.217.194.0-255,66,198618,10,202923
1718,0.027799,172.31.36.0-255,188,198806,10,202923
1719,0.027841,172.31.36.0-255,956,199762,10,202923
1720,0.027888,172.31.36.0-255,1514,201276,10,202923
1721,0.02789,172.31.36.0-255,1449,202725,10,202923
1722,0.029309,104.244.42.0-255,66,202791,10,202923
1723,0.029334,104.244.42.0-255,66,202857,10,202923
1724,0.029427,104.244.42.0-255,66,202923,10,202923
1725,0.0,172.217.194.0-255,153,153,10,364066
1726,2.4e-05,172.31.36.0-255,66,219,10,364066
1727,3.1e-05,172.217.194.0-255,1484,1703,10,364066
1728,3.6e-05,172.31.36.0-255,66,1769,10,364066
1729,5e-05,172.217.194.0-255,2902,4671,10,364066
1730,5.3e-05,172.31.36.0-255,66,4737,10,364066
1731,6.1e-05,172.217.194.0-255,7156,11893,10,364066
1732,6.4e-05,172.31.36.0-255,66,11959,10,364066
1733,6.8e-05,172.217.194.0-255,2065,14024,10,364066
1734,7.1e-05,172.31.36.0-255,66,14090,10,364066
1735,9.7e-05,172.217.194.0-255,2902,16992,10,364066
1736,0.000104,172.31.36.0-255,66,17058,10,364066
1737,0.000112,172.217.194.0-255,7156,24214,10,364066
1738,0.000115,172.31.36.0-255,66,24280,10,364066
1739,0.000197,172.217.194.0-255,2902,27182,10,364066
1740,0.000199,172.31.36.0-255,66,27248,10,364066
1741,0.000225,172.217.194.0-255,3961,31209,10,364066
1742,0.000228,172.31.36.0-255,66,31275,10,364066
1743,0.000287,172.217.194.0-255,1484,32759,10,364066
1744,0.000289,172.31.36.0-255,66,32825,10,364066
1745,0.000294,172.217.194.0-255,2902,35727,10,364066
1746,0.000297,172.31.36.0-255,66,35793,10,364066
1747,0.000325,172.217.194.0-255,5738,41531,10,364066
1748,0.000328,172.31.36.0-255,66,41597,10,364066
1749,0.000374,172.31.36.0-255,66,41663,10,364066
1750,0.000382,172.217.194.0-255,7156,48819,10,364066
1751,0.000384,172.31.36.0-255,66,48885,10,364066
1752,0.000419,172.217.194.0-255,5677,54562,10,364066
1753,0.000422,172.31.36.0-255,66,54628,10,364066
1754,0.000455,172.217.194.0-255,381,55009,10,364066
1755,0.000458,172.31.36.0-255,66,55075,10,364066
1756,0.000711,172.217.194.0-255,1484,56559,10,364066
1757,0.000719,172.217.194.0-255,2902,59461,10,364066
1758,0.000723,172.31.36.0-255,66,59527,10,364066
1759,0.00073,172.217.194.0-255,5738,65265,10,364066
1760,0.000732,172.31.36.0-255,66,65331,10,364066
1761,0.000751,172.217.194.0-255,5738,71069,10,364066
1762,0.000754,172.31.36.0-255,66,71135,10,364066
1763,0.000781,172.217.194.0-255,7156,78291,10,364066
1764,0.000784,172.31.36.0-255,66,78357,10,364066
1765,0.000791,172.217.194.0-255,5738,84095,10,364066
1766,0.000793,172.31.36.0-255,66,84161,10,364066
1767,0.000827,172.217.194.0-255,5020,89181,10,364066
1768,0.000831,172.31.36.0-255,66,89247,10,364066
1769,0.001047,172.217.194.0-255,1484,90731,10,364066
1770,0.001053,172.217.194.0-255,2902,93633,10,364066
1771,0.001057,172.31.36.0-255,66,93699,10,364066
1772,0.001064,172.217.194.0-255,5738,99437,10,364066
1773,0.001066,172.31.36.0-255,66,99503,10,364066
1774,0.001095,172.217.194.0-255,7156,106659,10,364066
1775,0.001098,172.31.36.0-255,66,106725,10,364066
1776,0.001103,172.217.194.0-255,2902,109627,10,364066
1777,0.001105,172.31.36.0-255,66,109693,10,364066
1778,0.001154,172.31.36.0-255,66,109759,10,364066
1779,0.001159,172.217.194.0-255,2184,111943,10,364066
1780,0.001161,172.31.36.0-255,66,112009,10,364066
1781,0.001764,172.217.194.0-255,1484,113493,10,364066
1782,0.001771,172.217.194.0-255,2902,116395,10,364066
1783,0.001774,172.31.36.0-255,66,116461,10,364066
1784,0.001803,172.217.194.0-255,5738,122199,10,364066
1785,0.001805,172.31.36.0-255,66,122265,10,364066
1786,0.001835,172.31.36.0-255,66,122331,10,364066
1787,0.001886,172.31.36.0-255,66,122397,10,364066
1788,0.001896,172.217.194.0-255,3602,125999,10,364066
1789,0.001903,172.31.36.0-255,66,126065,10,364066
1790,0.00191,172.217.194.0-255,5738,131803,10,364066
1791,0.001912,172.31.36.0-255,66,131869,10,364066
1792,0.001957,172.31.36.0-255,66,131935,10,364066
1793,0.001968,172.31.36.0-255,66,132001,10,364066
1794,0.001972,172.217.194.0-255,1484,133485,10,364066
1795,0.002006,172.217.194.0-255,6438,139923,10,364066
1796,0.002009,172.31.36.0-255,66,139989,10,364066
1797,0.002291,172.217.194.0-255,1484,141473,10,364066
1798,0.002296,172.217.194.0-255,2902,144375,10,364066
1799,0.0023,172.31.36.0-255,66,144441,10,364066
1800,0.002306,172.217.194.0-255,5738,150179,10,364066
1801,0.002308,172.31.36.0-255,66,150245,10,364066
1802,0.002344,172.217.194.0-255,2902,153147,10,364066
1803,0.002346,172.31.36.0-255,66,153213,10,364066
1804,0.002357,172.217.194.0-255,1484,154697,10,364066
1805,0.004576,172.217.194.0-255,1484,156181,10,364066
1806,0.004583,172.31.36.0-255,66,156247,10,364066
1807,0.00463,172.217.194.0-255,2902,159149,10,364066
1808,0.004632,172.31.36.0-255,66,159215,10,364066
1809,0.006874,172.217.194.0-255,2902,162117,10,364066
1810,0.006878,172.31.36.0-255,66,162183,10,364066
1811,0.006918,172.217.194.0-255,2902,165085,10,364066
1812,0.006921,172.31.36.0-255,66,165151,10,364066
1813,0.009174,172.217.194.0-255,2902,168053,10,364066
1814,0.009181,172.31.36.0-255,66,168119,10,364066
1815,0.00922,172.217.194.0-255,2902,171021,10,364066
1816,0.009223,172.31.36.0-255,66,171087,10,364066
1817,0.011502,172.217.194.0-255,2902,173989,10,364066
1818,0.011515,172.31.36.0-255,66,174055,10,364066
1819,0.011546,172.217.194.0-255,2902,176957,10,364066
1820,0.011549,172.31.36.0-255,66,177023,10,364066
1821,0.01384,172.217.194.0-255,5738,182761,10,364066
1822,0.013855,172.31.36.0-255,66,182827,10,364066
1823,0.016187,172.217.194.0-255,5738,188565,10,364066
1824,0.016204,172.31.36.0-255,66,188631,10,364066
1825,0.018526,172.217.194.0-255,5738,194369,10,364066
1826,0.018537,172.31.36.0-255,66,194435,10,364066
1827,0.020842,172.217.194.0-255,5738,200173,10,364066
1828,0.020849,172.31.36.0-255,66,200239,10,364066
1829,0.023134,172.217.194.0-255,5738,205977,10,364066
1830,0.02314,172.31.36.0-255,66,206043,10,364066
1831,0.02543,172.217.194.0-255,5738,211781,10,364066
1832,0.025438,172.31.36.0-255,66,211847,10,364066
1833,0.027748,172.217.194.0-255,5738,217585,10,364066
1834,0.027756,172.31.36.0-255,66,217651,10,364066
1835,0.030039,172.217.194.0-255,5738,223389,10,364066
1836,0.030047,172.31.36.0-255,66,223455,10,364066
1837,0.03236,172.217.194.0-255,5738,229193,10,364066
1838,0.032367,172.31.36.0-255,66,229259,10,364066
1839,0.032544,172.31.36.0-255,166,229425,10,364066
1840,0.032573,172.31.36.0-255,1137,230562,10,364066
1841,0.032634,172.31.36.0-255,1514,232076,10,364066
1842,0.032635,172.31.36.0-255,1268,233344,10,364066
1843,0.034075,104.244.42.0-255,66,233410,10,364066
1844,0.034081,104.244.42.0-255,66,233476,10,364066
1845,0.034176,104.244.42.0-255,66,233542,10,364066
1846,0.034646,172.217.194.0-255,5738,239280,10,364066
1847,0.03465,172.31.36.0-255,66,239346,10,364066
1848,0.036956,172.217.194.0-255,5738,245084,10,364066
1849,0.036965,172.31.36.0-255,66,245150,10,364066
1850,0.03929,172.217.194.0-255,5738,250888,10,364066
1851,0.039306,172.31.36.0-255,66,250954,10,364066
1852,0.041615,172.217.194.0-255,5738,256692,10,364066
1853,0.041622,172.31.36.0-255,66,256758,10,364066
1854,0.043932,172.217.194.0-255,5738,262496,10,364066
1855,0.043943,172.31.36.0-255,66,262562,10,364066
1856,0.04624,172.217.194.0-255,5738,268300,10,364066
1857,0.046246,172.31.36.0-255,66,268366,10,364066
1858,0.048549,172.217.194.0-255,5738,274104,10,364066
1859,0.048555,172.31.36.0-255,66,274170,10,364066
1860,0.050859,172.217.194.0-255,5738,279908,10,364066
1861,0.050864,172.31.36.0-255,66,279974,10,364066
1862,0.053153,172.217.194.0-255,5738,285712,10,364066
1863,0.05316,172.31.36.0-255,66,285778,10,364066
1864,0.055469,172.217.194.0-255,5738,291516,10,364066
1865,0.055479,172.31.36.0-255,66,291582,10,364066
1866,0.057787,172.217.194.0-255,5738,297320,10,364066
1867,0.057793,172.31.36.0-255,66,297386,10,364066
1868,0.060083,172.217.194.0-255,5738,303124,10,364066
1869,0.060089,172.31.36.0-255,66,303190,10,364066
1870,0.062411,172.217.194.0-255,5738,308928,10,364066
1871,0.062417,172.31.36.0-255,66,308994,10,364066
1872,0.064716,172.217.194.0-255,5738,314732,10,364066
1873,0.064722,172.31.36.0-255,66,314798,10,364066
1874,0.067035,172.217.194.0-255,5738,320536,10,364066
1875,0.067043,172.31.36.0-255,66,320602,10,364066
1876,0.069347,172.217.194.0-255,5738,326340,10,364066
1877,0.069353,172.31.36.0-255,66,326406,10,364066
1878,0.071636,172.217.194.0-255,5738,332144,10,364066
1879,0.071643,172.31.36.0-255,66,332210,10,364066
1880,0.073962,172.217.194.0-255,5738,337948,10,364066
1881,0.073971,172.31.36.0-255,66,338014,10,364066
1882,0.076274,172.217.194.0-255,5738,343752,10,364066
1883,0.076284,172.31.36.0-255,66,343818,10,364066
1884,0.078609,172.217.194.0-255,5738,349556,10,364066
1885,0.078614,172.31.36.0-255,66,349622,10,364066
1886,0.080924,172.217.194.0-255,5738,355360,10,364066
1887,0.080931,172.31.36.0-255,66,355426,10,364066
1888,0.083225,172.217.194.0-255,5738,361164,10,364066
1889,0.083233,172.31.36.0-255,66,361230,10,364066
1890,0.085518,172.217.194.0-255,2599,363829,10,364066
1891,0.085524,172.31.36.0-255,66,363895,10,364066
1892,0.085699,172.31.36.0-255,105,364000,10,364066
1893,0.087971,172.217.194.0-255,66,364066,10,364066
1894,0.0,172.217.194.0-255,153,153,10,235593
1895,2.3e-05,172.31.36.0-255,66,219,10,235593
1896,3.1e-05,172.217.194.0-255,1484,1703,10,235593
1897,3.5e-05,172.31.36.0-255,66,1769,10,235593
1898,4.2e-05,172.217.194.0-255,2902,4671,10,235593
1899,5.4e-05,172.31.36.0-255,66,4737,10,235593
1900,6.1e-05,172.217.194.0-255,4320,9057,10,235593
1901,6.4e-05,172.31.36.0-255,66,9123,10,235593
1902,7.1e-05,172.217.194.0-255,4947,14070,10,235593
1903,7.5e-05,172.31.36.0-255,66,14136,10,235593
1904,0.000136,172.217.194.0-255,1484,15620,10,235593
1905,0.000139,172.31.36.0-255,66,15686,10,235593
1906,0.000144,172.217.194.0-255,2902,18588,10,235593
1907,0.000146,172.31.36.0-255,66,18654,10,235593
1908,0.00015,172.217.194.0-255,1484,20138,10,235593
1909,0.000156,172.31.36.0-255,66,20204,10,235593
1910,0.000188,172.217.194.0-255,4320,24524,10,235593
1911,0.000196,172.31.36.0-255,66,24590,10,235593
1912,0.000204,172.217.194.0-255,6797,31387,10,235593
1913,0.000206,172.31.36.0-255,66,31453,10,235593
1914,0.000519,172.217.194.0-255,1484,32937,10,235593
1915,0.000525,172.31.36.0-255,66,33003,10,235593
1916,0.000532,172.217.194.0-255,2902,35905,10,235593
1917,0.000535,172.31.36.0-255,66,35971,10,235593
1918,0.000568,172.217.194.0-255,5738,41709,10,235593
1919,0.000571,172.31.36.0-255,66,41775,10,235593
1920,0.000609,172.217.194.0-255,2902,44677,10,235593
1921,0.000611,172.31.36.0-255,66,44743,10,235593
1922,0.000646,172.31.36.0-255,66,44809,10,235593
1923,0.000664,172.31.36.0-255,66,44875,10,235593
1924,0.000666,172.217.194.0-255,408,45283,10,235593
1925,0.00086,172.217.194.0-255,366,45649,10,235593
1926,0.001067,172.217.194.0-255,1484,47133,10,235593
1927,0.001073,172.31.36.0-255,66,47199,10,235593
1928,0.00108,172.217.194.0-255,2902,50101,10,235593
1929,0.001082,172.31.36.0-255,66,50167,10,235593
1930,0.00109,172.217.194.0-255,5738,55905,10,235593
1931,0.001097,172.31.36.0-255,66,55971,10,235593
1932,0.001104,172.217.194.0-255,5738,61709,10,235593
1933,0.001107,172.31.36.0-255,66,61775,10,235593
1934,0.001111,172.217.194.0-255,1484,63259,10,235593
1935,0.001171,172.31.36.0-255,66,63325,10,235593
1936,0.001177,172.217.194.0-255,5020,68345,10,235593
1937,0.00118,172.31.36.0-255,66,68411,10,235593
1938,0.001741,172.217.194.0-255,1484,69895,10,235593
1939,0.00175,172.217.194.0-255,2902,72797,10,235593
1940,0.001756,172.31.36.0-255,66,72863,10,235593
1941,0.001763,172.217.194.0-255,5738,78601,10,235593
1942,0.001766,172.31.36.0-255,66,78667,10,235593
1943,0.001792,172.217.194.0-255,7156,85823,10,235593
1944,0.001794,172.31.36.0-255,66,85889,10,235593
1945,0.001828,172.217.194.0-255,5738,91627,10,235593
1946,0.001908,172.217.194.0-255,1484,93111,10,235593
1947,0.001922,172.217.194.0-255,2902,96013,10,235593
1948,0.001943,172.217.194.0-255,5738,101751,10,235593
1949,0.001948,172.217.194.0-255,4320,106071,10,235593
1950,0.002245,172.217.194.0-255,1484,107555,10,235593
1951,0.00225,172.217.194.0-255,2902,110457,10,235593
1952,0.002272,172.217.194.0-255,5738,116195,10,235593
1953,0.00229,172.217.194.0-255,1484,117679,10,235593
1954,0.002312,172.217.194.0-255,2902,120581,10,235593
1955,0.002369,172.217.194.0-255,1484,122065,10,235593
1956,0.002383,172.217.194.0-255,2902,124967,10,235593
1957,0.002406,172.217.194.0-255,5738,130705,10,235593
1958,0.002502,172.217.194.0-255,5738,136443,10,235593
1959,0.002582,172.217.194.0-255,7156,143599,10,235593
1960,0.002594,172.217.194.0-255,1484,145083,10,235593
1961,0.002617,172.217.194.0-255,4320,149403,10,235593
1962,0.002633,172.217.194.0-255,7156,156559,10,235593
1963,0.00265,172.217.194.0-255,7156,163715,10,235593
1964,0.002655,172.217.194.0-255,4320,168035,10,235593
1965,0.002671,172.217.194.0-255,1484,169519,10,235593
1966,0.002673,172.217.194.0-255,766,170285,10,235593
1967,0.002739,172.217.194.0-255,2902,173187,10,235593
1968,0.002755,172.217.194.0-255,4320,177507,10,235593
1969,0.002758,172.217.194.0-255,1484,178991,10,235593
1970,0.002772,172.217.194.0-255,1484,180475,10,235593
1971,0.002796,172.217.194.0-255,1484,181959,10,235593
1972,0.002803,172.217.194.0-255,5738,187697,10,235593
1973,0.002806,172.217.194.0-255,1484,189181,10,235593
1974,0.002818,172.217.194.0-255,4320,193501,10,235593
1975,0.002844,172.217.194.0-255,7156,200657,10,235593
1976,0.002846,172.217.194.0-255,1484,202141,10,235593
1977,0.002851,172.217.194.0-255,2184,204325,10,235593
1978,0.002972,172.217.194.0-255,1484,205809,10,235593
1979,0.002989,172.217.194.0-255,2902,208711,10,235593
1980,0.002995,172.217.194.0-255,5738,214449,10,235593
1981,0.003082,172.217.194.0-255,1484,215933,10,235593
1982,0.003085,172.217.194.0-255,1484,217417,10,235593
1983,0.003101,172.217.194.0-255,1484,218901,10,235593
1984,0.003107,172.217.194.0-255,5738,224639,10,235593
1985,0.003141,172.217.194.0-255,2902,227541,10,235593
1986,0.003144,172.217.194.0-255,1484,229025,10,235593
1987,0.003187,172.217.194.0-255,2902,231927,10,235593
1988,0.003271,172.217.194.0-255,105,232032,10,235593
1989,0.00553,172.31.36.0-255,66,232098,10,235593
1990,0.008596,172.31.36.0-255,105,232203,10,235593
1991,0.011191,172.217.194.0-255,66,232269,10,235593
1992,0.035097,172.31.36.0-255,172,232441,10,235593
1993,0.035133,172.31.36.0-255,1112,233553,10,235593
1994,0.035195,172.31.36.0-255,1514,235067,10,235593
1995,0.035197,172.31.36.0-255,328,235395,10,235593
1996,0.03668,104.244.42.0-255,66,235461,10,235593
1997,0.036715,104.244.42.0-255,66,235527,10,235593
1998,0.03686,104.244.42.0-255,66,235593,10,235593
1999,0.0,172.217.194.0-255,151,151,10,366920
2000,2.8e-05,172.31.36.0-255,66,217,10,366920
2001,3.5e-05,172.217.194.0-255,1484,1701,10,366920
2002,3.9e-05,172.31.36.0-255,66,1767,10,366920
2003,4.4e-05,172.217.194.0-255,2902,4669,10,366920
2004,4.7e-05,172.31.36.0-255,66,4735,10,366920
2005,5.2e-05,172.217.194.0-255,4320,9055,10,366920
2006,5.5e-05,172.31.36.0-255,66,9121,10,366920
2007,6.6e-05,172.217.194.0-255,2902,12023,10,366920
2008,6.9e-05,172.31.36.0-255,66,12089,10,366920
2009,8.5e-05,172.217.194.0-255,2038,14127,10,366920
2010,8.7e-05,172.31.36.0-255,66,14193,10,366920
2011,0.000103,172.217.194.0-255,1484,15677,10,366920
2012,0.000105,172.31.36.0-255,66,15743,10,366920
2013,0.000108,172.217.194.0-255,1484,17227,10,366920
2014,0.00011,172.31.36.0-255,66,17293,10,366920
2015,0.000134,172.217.194.0-255,1484,18777,10,366920
2016,0.000137,172.31.36.0-255,66,18843,10,366920
2017,0.000143,172.217.194.0-255,5738,24581,10,366920
2018,0.000145,172.31.36.0-255,66,24647,10,366920
2019,0.000153,172.217.194.0-255,6797,31444,10,366920
2020,0.000155,172.31.36.0-255,66,31510,10,366920
2021,0.000219,172.217.194.0-255,1484,32994,10,366920
2022,0.000222,172.31.36.0-255,66,33060,10,366920
2023,0.000227,172.217.194.0-255,2902,35962,10,366920
2024,0.000229,172.31.36.0-255,66,36028,10,366920
2025,0.000265,172.217.194.0-255,5738,41766,10,366920
2026,0.000268,172.31.36.0-255,66,41832,10,366920
2027,0.000295,172.217.194.0-255,7156,48988,10,366920
2028,0.000298,172.31.36.0-255,66,49054,10,366920
2029,0.00033,172.217.194.0-255,6797,55851,10,366920
2030,0.000333,172.31.36.0-255,66,55917,10,366920
2031,0.000346,172.31.36.0-255,66,55983,10,366920
2032,0.000361,172.217.194.0-255,365,56348,10,366920
2033,0.000539,172.217.194.0-255,1484,57832,10,366920
2034,0.000543,172.31.36.0-255,66,57898,10,366920
2035,0.000548,172.217.194.0-255,2902,60800,10,366920
2036,0.00055,172.31.36.0-255,66,60866,10,366920
2037,0.000553,172.217.194.0-255,1484,62350,10,366920
2038,0.000569,172.217.194.0-255,4320,66670,10,366920
2039,0.000572,172.31.36.0-255,66,66736,10,366920
2040,0.000579,172.217.194.0-255,5738,72474,10,366920
2041,0.000581,172.31.36.0-255,66,72540,10,366920
2042,0.000585,172.217.194.0-255,1484,74024,10,366920
2043,0.0006,172.217.194.0-255,4320,78344,10,366920
2044,0.000603,172.31.36.0-255,66,78410,10,366920
2045,0.000629,172.217.194.0-255,7156,85566,10,366920
2046,0.000632,172.31.36.0-255,66,85632,10,366920
2047,0.000638,172.217.194.0-255,5020,90652,10,366920
2048,0.000641,172.31.36.0-255,66,90718,10,366920
2049,0.000709,172.217.194.0-255,1484,92202,10,366920
2050,0.000715,172.217.194.0-255,2902,95104,10,366920
2051,0.000718,172.31.36.0-255,66,95170,10,366920
2052,0.000725,172.217.194.0-255,5738,100908,10,366920
2053,0.000728,172.31.36.0-255,66,100974,10,366920
2054,0.00076,172.31.36.0-255,66,101040,10,366920
2055,0.000799,172.31.36.0-255,66,101106,10,366920
2056,0.000828,172.217.194.0-255,4320,105426,10,366920
2057,0.000831,172.31.36.0-255,66,105492,10,366920
2058,0.00085,172.217.194.0-255,1484,106976,10,366920
2059,0.000858,172.217.194.0-255,7156,114132,10,366920
2060,0.000861,172.31.36.0-255,66,114198,10,366920
2061,0.000884,172.217.194.0-255,4320,118518,10,366920
2062,0.000888,172.31.36.0-255,66,118584,10,366920
2063,0.000918,172.31.36.0-255,66,118650,10,366920
2064,0.000922,172.217.194.0-255,1484,120134,10,366920
2065,0.000942,172.217.194.0-255,6438,126572,10,366920
2066,0.000945,172.31.36.0-255,66,126638,10,366920
2067,0.000952,172.217.194.0-255,5738,132376,10,366920
2068,0.000954,172.31.36.0-255,66,132442,10,366920
2069,0.000972,172.217.194.0-255,2902,135344,10,366920
2070,0.000974,172.31.36.0-255,66,135410,10,366920
2071,0.000982,172.217.194.0-255,7156,142566,10,366920
2072,0.000984,172.31.36.0-255,66,142632,10,366920
2073,0.001,172.217.194.0-255,1125,143757,10,366920
2074,0.00101,172.31.36.0-255,66,143823,10,366920
2075,0.001071,172.31.36.0-255,66,143889,10,366920
2076,0.001543,172.217.194.0-255,1484,145373,10,366920
2077,0.001551,172.217.194.0-255,2902,148275,10,366920
2078,0.001555,172.31.36.0-255,66,148341,10,366920
2079,0.00157,172.217.194.0-255,1484,149825,10,366920
2080,0.001587,172.217.194.0-255,4320,154145,10,366920
2081,0.001589,172.31.36.0-255,66,154211,10,366920
2082,0.001595,172.217.194.0-255,5738,159949,10,366920
2083,0.001597,172.31.36.0-255,66,160015,10,366920
2084,0.001608,172.217.194.0-255,1125,161140,10,366920
2085,0.001739,172.217.194.0-255,1484,162624,10,366920
2086,0.001741,172.31.36.0-255,66,162690,10,366920
2087,0.001761,172.217.194.0-255,2902,165592,10,366920
2088,0.001763,172.31.36.0-255,66,165658,10,366920
2089,0.001779,172.217.194.0-255,2902,168560,10,366920
2090,0.001781,172.31.36.0-255,66,168626,10,366920
2091,0.0018,172.217.194.0-255,2902,171528,10,366920
2092,0.001802,172.31.36.0-255,66,171594,10,366920
2093,0.001809,172.217.194.0-255,6797,178391,10,366920
2094,0.001811,172.31.36.0-255,66,178457,10,366920
2095,0.00412,172.217.194.0-255,4320,182777,10,366920
2096,0.004123,172.31.36.0-255,66,182843,10,366920
2097,0.004137,172.217.194.0-255,1484,184327,10,366920
2098,0.006451,172.217.194.0-255,4320,188647,10,366920
2099,0.006458,172.31.36.0-255,66,188713,10,366920
2100,0.008766,172.217.194.0-255,5738,194451,10,366920
2101,0.008774,172.31.36.0-255,66,194517,10,366920
2102,0.011082,172.217.194.0-255,5738,200255,10,366920
2103,0.01109,172.31.36.0-255,66,200321,10,366920
2104,0.013401,172.217.194.0-255,5738,206059,10,366920
2105,0.013408,172.31.36.0-255,66,206125,10,366920
2106,0.015699,172.217.194.0-255,5738,211863,10,366920
2107,0.015708,172.31.36.0-255,66,211929,10,366920
2108,0.018003,172.217.194.0-255,5738,217667,10,366920
2109,0.018011,172.31.36.0-255,66,217733,10,366920
2110,0.020307,172.217.194.0-255,5738,223471,10,366920
2111,0.020314,172.31.36.0-255,66,223537,10,366920
2112,0.022616,172.217.194.0-255,5738,229275,10,366920
2113,0.022624,172.31.36.0-255,66,229341,10,366920
2114,0.024932,172.217.194.0-255,5738,235079,10,366920
2115,0.024939,172.31.36.0-255,66,235145,10,366920
2116,0.026458,172.31.36.0-255,176,235321,10,366920
2117,0.026501,172.31.36.0-255,1113,236434,10,366920
2118,0.026577,172.31.36.0-255,1514,237948,10,366920
2119,0.026579,172.31.36.0-255,1290,239238,10,366920
2120,0.027249,172.217.194.0-255,5738,244976,10,366920
2121,0.027255,172.31.36.0-255,66,245042,10,366920
2122,0.028018,104.244.42.0-255,66,245108,10,366920
2123,0.028057,104.244.42.0-255,66,245174,10,366920
2124,0.028157,104.244.42.0-255,66,245240,10,366920
2125,0.029499,104.244.42.0-255,108,245348,10,366920
2126,0.029518,172.31.36.0-255,66,245414,10,366920
2127,0.029556,172.217.194.0-255,5738,251152,10,366920
2128,0.02956,172.31.36.0-255,66,251218,10,366920
2129,0.031855,172.217.194.0-255,5738,256956,10,366920
2130,0.031861,172.31.36.0-255,66,257022,10,366920
2131,0.034135,172.217.194.0-255,2902,259924,10,366920
2132,0.03414,172.31.36.0-255,66,259990,10,366920
2133,0.034174,172.217.194.0-255,2902,262892,10,366920
2134,0.034177,172.31.36.0-255,66,262958,10,366920
2135,0.036425,172.217.194.0-255,2902,265860,10,366920
2136,0.03643,172.31.36.0-255,66,265926,10,366920
2137,0.036462,172.217.194.0-255,1484,267410,10,366920
2138,0.036478,172.217.194.0-255,1484,268894,10,366920
2139,0.036483,172.31.36.0-255,66,268960,10,366920
2140,0.038699,172.217.194.0-255,2902,271862,10,366920
2141,0.038704,172.31.36.0-255,66,271928,10,366920
2142,0.038763,172.217.194.0-255,2902,274830,10,366920
2143,0.038768,172.31.36.0-255,66,274896,10,366920
2144,0.041006,172.217.194.0-255,2902,277798,10,366920
2145,0.041011,172.31.36.0-255,66,277864,10,366920
2146,0.041056,172.217.194.0-255,2902,280766,10,366920
2147,0.04106,172.31.36.0-255,66,280832,10,366920
2148,0.043291,172.217.194.0-255,2902,283734,10,366920
2149,0.043297,172.31.36.0-255,66,283800,10,366920
2150,0.043329,172.217.194.0-255,2902,286702,10,366920
2151,0.043332,172.31.36.0-255,66,286768,10,366920
2152,0.045605,172.217.194.0-255,5738,292506,10,366920
2153,0.045611,172.31.36.0-255,66,292572,10,366920
2154,0.047925,172.217.194.0-255,5738,298310,10,366920
2155,0.04793,172.31.36.0-255,66,298376,10,366920
2156,0.050234,172.217.194.0-255,2902,301278,10,366920
2157,0.050239,172.31.36.0-255,66,301344,10,366920
2158,0.050274,172.217.194.0-255,2902,304246,10,366920
2159,0.050277,172.31.36.0-255,66,304312,10,366920
2160,0.052528,172.217.194.0-255,2902,307214,10,366920
2161,0.052533,172.31.36.0-255,66,307280,10,366920
2162,0.052563,172.217.194.0-255,2902,310182,10,366920
2163,0.052567,172.31.36.0-255,66,310248,10,366920
2164,0.054824,172.217.194.0-255,2902,313150,10,366920
2165,0.054829,172.31.36.0-255,66,313216,10,366920
2166,0.054866,172.217.194.0-255,2902,316118,10,366920
2167,0.054869,172.31.36.0-255,66,316184,10,366920
2168,0.057139,172.217.194.0-255,1484,317668,10,366920
2169,0.057216,172.217.194.0-255,4320,321988,10,366920
2170,0.057223,172.31.36.0-255,66,322054,10,366920
2171,0.059541,172.217.194.0-255,4320,326374,10,366920
2172,0.059546,172.31.36.0-255,66,326440,10,366920
2173,0.059581,172.217.194.0-255,1484,327924,10,366920
2174,0.061845,172.217.194.0-255,4320,332244,10,366920
2175,0.061851,172.31.36.0-255,66,332310,10,366920
2176,0.064155,172.217.194.0-255,5738,338048,10,366920
2177,0.064161,172.31.36.0-255,66,338114,10,366920
2178,0.066468,172.217.194.0-255,5738,343852,10,366920
2179,0.066473,172.31.36.0-255,66,343918,10,366920
2180,0.068778,172.217.194.0-255,4320,348238,10,366920
2181,0.068783,172.31.36.0-255,66,348304,10,366920
2182,0.068809,172.217.194.0-255,1484,349788,10,366920
2183,0.071077,172.217.194.0-255,4320,354108,10,366920
2184,0.071081,172.31.36.0-255,66,354174,10,366920
2185,0.073375,172.217.194.0-255,5738,359912,10,366920
2186,0.07338,172.31.36.0-255,66,359978,10,366920
2187,0.075684,172.217.194.0-255,4320,364298,10,366920
2188,0.07569,172.31.36.0-255,66,364364,10,366920
2189,0.075709,172.217.194.0-255,1484,365848,10,366920
2190,0.077978,172.217.194.0-255,835,366683,10,366920
2191,0.077983,172.31.36.0-255,66,366749,10,366920
2192,0.078142,172.31.36.0-255,105,366854,10,366920
2193,0.080394,172.217.194.0-255,66,366920,10,366920
2194,0.0,172.217.194.0-255,160,160,10,145604
2195,2.4e-05,172.31.36.0-255,66,226,10,145604
2196,3.2e-05,172.217.194.0-255,1484,1710,10,145604
2197,3.7e-05,172.31.36.0-255,66,1776,10,145604
2198,5.2e-05,172.217.194.0-255,2902,4678,10,145604
2199,5.5e-05,172.31.36.0-255,66,4744,10,145604
2200,6.3e-05,172.217.194.0-255,5738,10482,10,145604
2201,6.6e-05,172.31.36.0-255,66,10548,10,145604
2202,8.3e-05,172.31.36.0-255,66,10614,10,145604
2203,0.000122,172.217.194.0-255,6797,17411,10,145604
2204,0.000126,172.31.36.0-255,66,17477,10,145604
2205,0.00022,172.217.194.0-255,1484,18961,10,145604
2206,0.000225,172.31.36.0-255,66,19027,10,145604
2207,0.000232,172.217.194.0-255,2902,21929,10,145604
2208,0.000234,172.31.36.0-255,66,21995,10,145604
2209,0.000259,172.217.194.0-255,2902,24897,10,145604
2210,0.000262,172.31.36.0-255,66,24963,10,145604
2211,0.000278,172.217.194.0-255,2902,27865,10,145604
2212,0.000318,172.31.36.0-255,66,27931,10,145604
2213,0.000322,172.31.36.0-255,66,27997,10,145604
2214,0.000324,172.31.36.0-255,66,28063,10,145604
2215,0.000362,172.217.194.0-255,1417,29480,10,145604
2216,0.000365,172.31.36.0-255,66,29546,10,145604
2217,0.000554,172.217.194.0-255,363,29909,10,145604
2218,0.00056,172.31.36.0-255,66,29975,10,145604
2219,0.000982,172.217.194.0-255,1484,31459,10,145604
2220,0.000989,172.31.36.0-255,66,31525,10,145604
2221,0.000995,172.217.194.0-255,2902,34427,10,145604
2222,0.000997,172.31.36.0-255,66,34493,10,145604
2223,0.001002,172.217.194.0-255,2902,37395,10,145604
2224,0.001011,172.31.36.0-255,66,37461,10,145604
2225,0.001042,172.217.194.0-255,2902,40363,10,145604
2226,0.00105,172.217.194.0-255,7156,47519,10,145604
2227,0.001055,172.31.36.0-255,66,47585,10,145604
2228,0.001058,172.31.36.0-255,66,47651,10,145604
2229,0.001097,172.217.194.0-255,6797,54448,10,145604
2230,0.001102,172.31.36.0-255,66,54514,10,145604
2231,0.00111,172.217.194.0-255,7156,61670,10,145604
2232,0.001113,172.31.36.0-255,66,61736,10,145604
2233,0.001116,172.217.194.0-255,1484,63220,10,145604
2234,0.001168,172.31.36.0-255,66,63286,10,145604
2235,0.001182,172.31.36.0-255,66,63352,10,145604
2236,0.001219,172.217.194.0-255,5379,68731,10,145604
2237,0.001222,172.31.36.0-255,66,68797,10,145604
2238,0.001399,172.217.194.0-255,1484,70281,10,145604
2239,0.001406,172.217.194.0-255,2902,73183,10,145604
2240,0.00141,172.31.36.0-255,66,73249,10,145604
2241,0.001416,172.217.194.0-255,4320,77569,10,145604
2242,0.001419,172.31.36.0-255,66,77635,10,145604
2243,0.00144,172.217.194.0-255,1484,79119,10,145604
2244,0.001459,172.31.36.0-255,66,79185,10,145604
2245,0.001483,172.217.194.0-255,2902,82087,10,145604
2246,0.001486,172.31.36.0-255,66,82153,10,145604
2247,0.001505,172.31.36.0-255,66,82219,10,145604
2248,0.001508,172.217.194.0-255,1484,83703,10,145604
2249,0.001559,172.31.36.0-255,66,83769,10,145604
2250,0.00157,172.31.36.0-255,66,83835,10,145604
2251,0.001592,172.31.36.0-255,66,83901,10,145604
2252,0.001639,172.31.36.0-255,66,83967,10,145604
2253,0.001651,172.31.36.0-255,66,84033,10,145604
2254,0.001749,172.31.36.0-255,66,84099,10,145604
2255,0.001793,172.31.36.0-255,66,84165,10,145604
2256,0.001798,172.217.194.0-255,2184,86349,10,145604
2257,0.0018,172.31.36.0-255,66,86415,10,145604
2258,0.001805,172.217.194.0-255,4320,90735,10,145604
2259,0.001807,172.31.36.0-255,66,90801,10,145604
2260,0.001814,172.217.194.0-255,5738,96539,10,145604
2261,0.001816,172.31.36.0-255,66,96605,10,145604
2262,0.001821,172.217.194.0-255,2902,99507,10,145604
2263,0.001824,172.31.36.0-255,66,99573,10,145604
2264,0.001869,172.31.36.0-255,66,99639,10,145604
2265,0.001876,172.217.194.0-255,7156,106795,10,145604
2266,0.001878,172.31.36.0-255,66,106861,10,145604
2267,0.001914,172.217.194.0-255,5020,111881,10,145604
2268,0.001918,172.31.36.0-255,66,111947,10,145604
2269,0.001954,172.217.194.0-255,1484,113431,10,145604
2270,0.001958,172.217.194.0-255,2902,116333,10,145604
2271,0.001964,172.31.36.0-255,66,116399,10,145604
2272,0.001985,172.217.194.0-255,5738,122137,10,145604
2273,0.001989,172.31.36.0-255,66,122203,10,145604
2274,0.001995,172.217.194.0-255,5738,127941,10,145604
2275,0.001997,172.31.36.0-255,66,128007,10,145604
2276,0.002035,172.217.194.0-255,1484,129491,10,145604
2277,0.00205,172.217.194.0-255,2184,131675,10,145604
2278,0.002057,172.31.36.0-255,66,131741,10,145604
2279,0.002067,172.31.36.0-255,66,131807,10,145604
2280,0.00211,172.31.36.0-255,66,131873,10,145604
2281,0.00215,172.31.36.0-255,66,131939,10,145604
2282,0.002155,172.217.194.0-255,2902,134841,10,145604
2283,0.002157,172.31.36.0-255,66,134907,10,145604
2284,0.002178,172.31.36.0-255,66,134973,10,145604
2285,0.002191,172.31.36.0-255,66,135039,10,145604
2286,0.002207,172.217.194.0-255,5738,140777,10,145604
2287,0.00221,172.31.36.0-255,66,140843,10,145604
2288,0.002262,172.31.36.0-255,66,140909,10,145604
2289,0.002304,172.31.36.0-255,66,140975,10,145604
2290,0.002307,172.217.194.0-255,105,141080,10,145604
2291,0.00516,172.31.36.0-255,66,141146,10,145604
2292,0.005207,172.31.36.0-255,105,141251,10,145604
2293,0.00744,172.217.194.0-255,66,141317,10,145604
2294,0.02804,172.31.36.0-255,172,141489,10,145604
2295,0.028093,172.31.36.0-255,1113,142602,10,145604
2296,0.028169,172.31.36.0-255,1514,144116,10,145604
2297,0.028171,172.31.36.0-255,1290,145406,10,145604
2298,0.029601,104.244.42.0-255,66,145472,10,145604
2299,0.029644,104.244.42.0-255,66,145538,10,145604
2300,0.029746,104.244.42.0-255,66,145604,10,145604
2301,0.0,172.217.194.0-255,150,150,10,276686
2302,2.6e-05,172.31.36.0-255,66,216,10,276686
2303,3.4e-05,172.217.194.0-255,1484,1700,10,276686
2304,3.9e-05,172.31.36.0-255,66,1766,10,276686
2305,5.4e-05,172.217.194.0-255,2902,4668,10,276686
2306,5.8e-05,172.31.36.0-255,66,4734,10,276686
2307,6.7e-05,172.217.194.0-255,7156,11890,10,276686
2308,7e-05,172.31.36.0-255,66,11956,10,276686
2309,7.4e-05,172.217.194.0-255,2140,14096,10,276686
2310,7.8e-05,172.31.36.0-255,66,14162,10,276686
2311,0.000126,172.217.194.0-255,1484,15646,10,276686
2312,0.00013,172.31.36.0-255,66,15712,10,276686
2313,0.000135,172.217.194.0-255,2902,18614,10,276686
2314,0.000138,172.31.36.0-255,66,18680,10,276686
2315,0.000141,172.217.194.0-255,1484,20164,10,276686
2316,0.000143,172.31.36.0-255,66,20230,10,276686
2317,0.000169,172.217.194.0-255,4320,24550,10,276686
2318,0.000176,172.31.36.0-255,66,24616,10,276686
2319,0.000203,172.217.194.0-255,5738,30354,10,276686
2320,0.000206,172.31.36.0-255,66,30420,10,276686
2321,0.000222,172.217.194.0-255,1125,31545,10,276686
2322,0.000224,172.31.36.0-255,66,31611,10,276686
2323,0.000478,172.217.194.0-255,1484,33095,10,276686
2324,0.000485,172.31.36.0-255,66,33161,10,276686
2325,0.000491,172.217.194.0-255,2902,36063,10,276686
2326,0.000494,172.31.36.0-255,66,36129,10,276686
2327,0.000524,172.217.194.0-255,5738,41867,10,276686
2328,0.000528,172.31.36.0-255,66,41933,10,276686
2329,0.000539,172.31.36.0-255,66,41999,10,276686
2330,0.00057,172.217.194.0-255,2543,44542,10,276686
2331,0.000573,172.31.36.0-255,66,44608,10,276686
2332,0.000586,172.31.36.0-255,66,44674,10,276686
2333,0.000616,172.217.194.0-255,2543,47217,10,276686
2334,0.000618,172.31.36.0-255,66,47283,10,276686
2335,0.000621,172.217.194.0-255,358,47641,10,276686
2336,0.001109,172.31.36.0-255,66,47707,10,276686
2337,0.001754,172.217.194.0-255,386,48093,10,276686
2338,0.002055,172.217.194.0-255,1484,49577,10,276686
2339,0.002062,172.31.36.0-255,66,49643,10,276686
2340,0.002069,172.217.194.0-255,2902,52545,10,276686
2341,0.002071,172.31.36.0-255,66,52611,10,276686
2342,0.002077,172.217.194.0-255,4320,56931,10,276686
2343,0.002085,172.31.36.0-255,66,56997,10,276686
2344,0.002117,172.217.194.0-255,1484,58481,10,276686
2345,0.002132,172.31.36.0-255,66,58547,10,276686
2346,0.002166,172.31.36.0-255,66,58613,10,276686
2347,0.004521,172.217.194.0-255,5738,64351,10,276686
2348,0.004525,172.31.36.0-255,66,64417,10,276686
2349,0.006841,172.217.194.0-255,5738,70155,10,276686
2350,0.006848,172.31.36.0-255,66,70221,10,276686
2351,0.009161,172.217.194.0-255,5738,75959,10,276686
2352,0.009169,172.31.36.0-255,66,76025,10,276686
2353,0.011498,172.217.194.0-255,5738,81763,10,276686
2354,0.011506,172.31.36.0-255,66,81829,10,276686
2355,0.01385,172.217.194.0-255,5738,87567,10,276686
2356,0.013858,172.31.36.0-255,66,87633,10,276686
2357,0.016273,172.217.194.0-255,5738,93371,10,276686
2358,0.016284,172.31.36.0-255,66,93437,10,276686
2359,0.018616,172.217.194.0-255,5738,99175,10,276686
2360,0.018623,172.31.36.0-255,66,99241,10,276686
2361,0.020951,172.217.194.0-255,5738,104979,10,276686
2362,0.02096,172.31.36.0-255,66,105045,10,276686
2363,0.02168,172.31.36.0-255,172,105217,10,276686
2364,0.021719,172.31.36.0-255,1112,106329,10,276686
2365,0.021779,172.31.36.0-255,1514,107843,10,276686
2366,0.021781,172.31.36.0-255,329,108172,10,276686
2367,0.023261,104.244.42.0-255,66,108238,10,276686
2368,0.02329,104.244.42.0-255,66,108304,10,276686
2369,0.023314,172.217.194.0-255,5738,114042,10,276686
2370,0.023319,172.31.36.0-255,66,114108,10,276686
2371,0.023346,104.244.42.0-255,66,114174,10,276686
2372,0.025691,172.217.194.0-255,5738,119912,10,276686
2373,0.025698,172.31.36.0-255,66,119978,10,276686
2374,0.02804,172.217.194.0-255,5738,125716,10,276686
2375,0.028047,172.31.36.0-255,66,125782,10,276686
2376,0.030502,172.217.194.0-255,5738,131520,10,276686
2377,0.030509,172.31.36.0-255,66,131586,10,276686
2378,0.032881,172.217.194.0-255,5738,137324,10,276686
2379,0.032889,172.31.36.0-255,66,137390,10,276686
2380,0.035223,172.217.194.0-255,5738,143128,10,276686
2381,0.03523,172.31.36.0-255,66,143194,10,276686
2382,0.037562,172.217.194.0-255,5738,148932,10,276686
2383,0.03757,172.31.36.0-255,66,148998,10,276686
2384,0.03992,172.217.194.0-255,5738,154736,10,276686
2385,0.039927,172.31.36.0-255,66,154802,10,276686
2386,0.042251,172.217.194.0-255,5738,160540,10,276686
2387,0.04226,172.31.36.0-255,66,160606,10,276686
2388,0.04461,172.217.194.0-255,5738,166344,10,276686
2389,0.044617,172.31.36.0-255,66,166410,10,276686
2390,0.046974,172.217.194.0-255,5738,172148,10,276686
2391,0.046981,172.31.36.0-255,66,172214,10,276686
2392,0.049318,172.217.194.0-255,5738,177952,10,276686
2393,0.049325,172.31.36.0-255,66,178018,10,276686
2394,0.051685,172.217.194.0-255,5738,183756,10,276686
2395,0.051691,172.31.36.0-255,66,183822,10,276686
2396,0.054016,172.217.194.0-255,5738,189560,10,276686
2397,0.054022,172.31.36.0-255,66,189626,10,276686
2398,0.056384,172.217.194.0-255,5738,195364,10,276686
2399,0.056391,172.31.36.0-255,66,195430,10,276686
2400,0.058741,172.217.194.0-255,5738,201168,10,276686
2401,0.058749,172.31.36.0-255,66,201234,10,276686
2402,0.061094,172.217.194.0-255,5738,206972,10,276686
2403,0.061101,172.31.36.0-255,66,207038,10,276686
2404,0.063448,172.217.194.0-255,5738,212776,10,276686
2405,0.063454,172.31.36.0-255,66,212842,10,276686
2406,0.065827,172.217.194.0-255,5738,218580,10,276686
2407,0.065835,172.31.36.0-255,66,218646,10,276686
2408,0.068166,172.217.194.0-255,5738,224384,10,276686
2409,0.068173,172.31.36.0-255,66,224450,10,276686
2410,0.070523,172.217.194.0-255,5738,230188,10,276686
2411,0.07053,172.31.36.0-255,66,230254,10,276686
2412,0.072881,172.217.194.0-255,5738,235992,10,276686
2413,0.072888,172.31.36.0-255,66,236058,10,276686
2414,0.075217,172.217.194.0-255,5738,241796,10,276686
2415,0.075224,172.31.36.0-255,66,241862,10,276686
2416,0.077542,172.217.194.0-255,5738,247600,10,276686
2417,0.077549,172.31.36.0-255,66,247666,10,276686
2418,0.079867,172.217.194.0-255,5738,253404,10,276686
2419,0.079875,172.31.36.0-255,66,253470,10,276686
2420,0.082222,172.217.194.0-255,5738,259208,10,276686
2421,0.082229,172.31.36.0-255,66,259274,10,276686
2422,0.084565,172.217.194.0-255,5738,265012,10,276686
2423,0.084572,172.31.36.0-255,66,265078,10,276686
2424,0.086902,172.217.194.0-255,5738,270816,10,276686
2425,0.08691,172.31.36.0-255,66,270882,10,276686
2426,0.089263,172.217.194.0-255,5738,276620,10,276686
2427,0.089268,172.31.36.0-255,66,276686,10,276686
2428,0.0,74.125.200.0-255,66,66,10,66
2429,0.0,172.217.194.0-255,153,153,10,338585
2430,3.1e-05,172.31.36.0-255,66,219,10,338585
2431,3.7e-05,172.217.194.0-255,1484,1703,10,338585
2432,4.1e-05,172.31.36.0-255,66,1769,10,338585
2433,4.6e-05,172.217.194.0-255,2902,4671,10,338585
2434,5.6e-05,172.31.36.0-255,66,4737,10,338585
2435,6.3e-05,172.217.194.0-255,7156,11893,10,338585
2436,6.6e-05,172.31.36.0-255,66,11959,10,338585
2437,7e-05,172.217.194.0-255,2042,14001,10,338585
2438,7.4e-05,172.31.36.0-255,66,14067,10,338585
2439,7.5e-05,172.217.194.0-255,5738,19805,10,338585
2440,7.9e-05,172.31.36.0-255,66,19871,10,338585
2441,0.00011,172.217.194.0-255,5738,25609,10,338585
2442,0.000113,172.31.36.0-255,66,25675,10,338585
2443,0.000127,172.31.36.0-255,66,25741,10,338585
2444,0.000168,172.31.36.0-255,66,25807,10,338585
2445,0.00018,172.31.36.0-255,66,25873,10,338585
2446,0.000229,172.31.36.0-255,66,25939,10,338585
2447,0.000256,172.31.36.0-255,66,26005,10,338585
2448,0.00026,172.217.194.0-255,2902,28907,10,338585
2449,0.000262,172.31.36.0-255,66,28973,10,338585
2450,0.000304,172.217.194.0-255,4829,33802,10,338585
2451,0.000308,172.31.36.0-255,66,33868,10,338585
2452,0.000514,172.217.194.0-255,1484,35352,10,338585
2453,0.000519,172.31.36.0-255,66,35418,10,338585
2454,0.000525,172.217.194.0-255,2902,38320,10,338585
2455,0.000527,172.31.36.0-255,66,38386,10,338585
2456,0.00054,172.217.194.0-255,5738,44124,10,338585
2457,0.000544,172.31.36.0-255,66,44190,10,338585
2458,0.000573,172.31.36.0-255,66,44256,10,338585
2459,0.000608,172.217.194.0-255,7156,51412,10,338585
2460,0.000613,172.31.36.0-255,66,51478,10,338585
2461,0.000624,172.217.194.0-255,3602,55080,10,338585
2462,0.000631,172.31.36.0-255,66,55146,10,338585
2463,0.001108,172.217.194.0-255,1484,56630,10,338585
2464,0.001113,172.217.194.0-255,2902,59532,10,338585
2465,0.001117,172.31.36.0-255,66,59598,10,338585
2466,0.001125,172.217.194.0-255,5738,65336,10,338585
2467,0.001127,172.31.36.0-255,66,65402,10,338585
2468,0.001139,172.217.194.0-255,5738,71140,10,338585
2469,0.001142,172.31.36.0-255,66,71206,10,338585
2470,0.001178,172.31.36.0-255,66,71272,10,338585
2471,0.001183,172.217.194.0-255,2902,74174,10,338585
2472,0.001185,172.31.36.0-255,66,74240,10,338585
2473,0.001207,172.217.194.0-255,2184,76424,10,338585
2474,0.00121,172.31.36.0-255,66,76490,10,338585
2475,0.001837,172.217.194.0-255,1484,77974,10,338585
2476,0.001857,172.217.194.0-255,2902,80876,10,338585
2477,0.001862,172.31.36.0-255,66,80942,10,338585
2478,0.001869,172.217.194.0-255,5738,86680,10,338585
2479,0.001871,172.31.36.0-255,66,86746,10,338585
2480,0.001914,172.217.194.0-255,7156,93902,10,338585
2481,0.001917,172.31.36.0-255,66,93968,10,338585
2482,0.001942,172.217.194.0-255,5738,99706,10,338585
2483,0.001945,172.31.36.0-255,66,99772,10,338585
2484,0.001983,172.31.36.0-255,66,99838,10,338585
2485,0.003977,172.217.194.0-255,5738,105576,10,338585
2486,0.003982,172.31.36.0-255,66,105642,10,338585
2487,0.00597,172.217.194.0-255,5738,111380,10,338585
2488,0.005973,172.31.36.0-255,66,111446,10,338585
2489,0.007972,172.217.194.0-255,5738,117184,10,338585
2490,0.007978,172.31.36.0-255,66,117250,10,338585
2491,0.010007,172.217.194.0-255,5738,122988,10,338585
2492,0.010014,172.31.36.0-255,66,123054,10,338585
2493,0.012057,172.217.194.0-255,5738,128792,10,338585
2494,0.012064,172.31.36.0-255,66,128858,10,338585
2495,0.014058,172.217.194.0-255,5738,134596,10,338585
2496,0.014067,172.31.36.0-255,66,134662,10,338585
2497,0.016066,172.217.194.0-255,5738,140400,10,338585
2498,0.01607,172.31.36.0-255,66,140466,10,338585
2499,0.018051,172.217.194.0-255,5738,146204,10,338585
2500,0.018059,172.31.36.0-255,66,146270,10,338585
2501,0.02006,172.217.194.0-255,5738,152008,10,338585
2502,0.020066,172.31.36.0-255,66,152074,10,338585
2503,0.022093,172.217.194.0-255,5738,157812,10,338585
2504,0.022099,172.31.36.0-255,66,157878,10,338585
2505,0.02412,172.217.194.0-255,5738,163616,10,338585
2506,0.024127,172.31.36.0-255,66,163682,10,338585
2507,0.026111,172.217.194.0-255,5738,169420,10,338585
2508,0.026117,172.31.36.0-255,66,169486,10,338585
2509,0.02664,172.31.36.0-255,172,169658,10,338585
2510,0.026672,172.31.36.0-255,1112,170770,10,338585
2511,0.026718,172.31.36.0-255,1514,172284,10,338585
2512,0.02672,172.31.36.0-255,1293,173577,10,338585
2513,0.02812,172.217.194.0-255,5738,179315,10,338585
2514,0.028127,172.31.36.0-255,66,179381,10,338585
2515,0.028135,104.244.42.0-255,66,179447,10,338585
2516,0.028156,104.244.42.0-255,66,179513,10,338585
2517,0.028214,104.244.42.0-255,66,179579,10,338585
2518,0.030103,172.217.194.0-255,5738,185317,10,338585
2519,0.030109,172.31.36.0-255,66,185383,10,338585
2520,0.032111,172.217.194.0-255,5738,191121,10,338585
2521,0.032115,172.31.36.0-255,66,191187,10,338585
2522,0.034083,172.217.194.0-255,5738,196925,10,338585
2523,0.034089,172.31.36.0-255,66,196991,10,338585
2524,0.036078,172.217.194.0-255,5738,202729,10,338585
2525,0.036083,172.31.36.0-255,66,202795,10,338585
2526,0.038063,172.217.194.0-255,5738,208533,10,338585
2527,0.038069,172.31.36.0-255,66,208599,10,338585
2528,0.040043,172.217.194.0-255,5738,214337,10,338585
2529,0.04006,172.31.36.0-255,66,214403,10,338585
2530,0.042061,172.217.194.0-255,5738,220141,10,338585
2531,0.042067,172.31.36.0-255,66,220207,10,338585
2532,0.044138,172.217.194.0-255,5738,225945,10,338585
2533,0.044144,172.31.36.0-255,66,226011,10,338585
2534,0.046141,172.217.194.0-255,5738,231749,10,338585
2535,0.046148,172.31.36.0-255,66,231815,10,338585
2536,0.04815,172.217.194.0-255,5738,237553,10,338585
2537,0.048156,172.31.36.0-255,66,237619,10,338585
2538,0.050149,172.217.194.0-255,5738,243357,10,338585
2539,0.050154,172.31.36.0-255,66,243423,10,338585
2540,0.052145,172.217.194.0-255,5738,249161,10,338585
2541,0.05215,172.31.36.0-255,66,249227,10,338585
2542,0.054131,172.217.194.0-255,5738,254965,10,338585
2543,0.054137,172.31.36.0-255,66,255031,10,338585
2544,0.056139,172.217.194.0-255,5738,260769,10,338585
2545,0.056146,172.31.36.0-255,66,260835,10,338585
2546,0.058136,172.217.194.0-255,5738,266573,10,338585
2547,0.058142,172.31.36.0-255,66,266639,10,338585
2548,0.060112,172.217.194.0-255,5738,272377,10,338585
2549,0.060118,172.31.36.0-255,66,272443,10,338585
2550,0.062115,172.217.194.0-255,5738,278181,10,338585
2551,0.062121,172.31.36.0-255,66,278247,10,338585
2552,0.064115,172.217.194.0-255,5738,283985,10,338585
2553,0.064121,172.31.36.0-255,66,284051,10,338585
2554,0.066133,172.217.194.0-255,5738,289789,10,338585
2555,0.066139,172.31.36.0-255,66,289855,10,338585
2556,0.068143,172.217.194.0-255,5738,295593,10,338585
2557,0.068148,172.31.36.0-255,66,295659,10,338585
2558,0.070126,172.217.194.0-255,5738,301397,10,338585
2559,0.070132,172.31.36.0-255,66,301463,10,338585
2560,0.072113,172.217.194.0-255,5738,307201,10,338585
2561,0.072118,172.31.36.0-255,66,307267,10,338585
2562,0.074121,172.217.194.0-255,5738,313005,10,338585
2563,0.074127,172.31.36.0-255,66,313071,10,338585
2564,0.076122,172.217.194.0-255,5738,318809,10,338585
2565,0.076128,172.31.36.0-255,66,318875,10,338585
2566,0.078128,172.217.194.0-255,5738,324613,10,338585
2567,0.078134,172.31.36.0-255,66,324679,10,338585
2568,0.080127,172.217.194.0-255,5738,330417,10,338585
2569,0.080133,172.31.36.0-255,66,330483,10,338585
2570,0.082115,172.217.194.0-255,5738,336221,10,338585
2571,0.08212,172.31.36.0-255,66,336287,10,338585
2572,0.084083,172.217.194.0-255,2061,338348,10,338585
2573,0.084088,172.31.36.0-255,66,338414,10,338585
2574,0.084246,172.31.36.0-255,105,338519,10,338585
2575,0.086214,172.217.194.0-255,66,338585,10,338585
2576,0.0,74.125.24.0-255,152,152,10,205471
2577,2.3e-05,172.31.36.0-255,66,218,10,205471
2578,3e-05,74.125.24.0-255,1484,1702,10,205471
2579,3.4e-05,172.31.36.0-255,66,1768,10,205471
2580,4.8e-05,74.125.24.0-255,2902,4670,10,205471
2581,5.1e-05,172.31.36.0-255,66,4736,10,205471
2582,5.8e-05,74.125.24.0-255,5738,10474,10,205471
2583,6.1e-05,172.31.36.0-255,66,10540,10,205471
2584,0.000106,172.31.36.0-255,66,10606,10,205471
2585,0.000118,172.31.36.0-255,66,10672,10,205471
2586,0.00015,74.125.24.0-255,3961,14633,10,205471
2587,0.000153,172.31.36.0-255,66,14699,10,205471
2588,0.000481,74.125.24.0-255,1484,16183,10,205471
2589,0.000487,172.31.36.0-255,66,16249,10,205471
2590,0.000494,74.125.24.0-255,2902,19151,10,205471
2591,0.000497,172.31.36.0-255,66,19217,10,205471
2592,0.00053,74.125.24.0-255,5738,24955,10,205471
2593,0.000533,172.31.36.0-255,66,25021,10,205471
2594,0.00054,74.125.24.0-255,4320,29341,10,205471
2595,0.000542,172.31.36.0-255,66,29407,10,205471
2596,0.000564,74.125.24.0-255,5738,35145,10,205471
2597,0.000566,172.31.36.0-255,66,35211,10,205471
2598,0.0006,74.125.24.0-255,6797,42008,10,205471
2599,0.000604,172.31.36.0-255,66,42074,10,205471
2600,0.000609,74.125.24.0-255,4320,46394,10,205471
2601,0.000611,172.31.36.0-255,66,46460,10,205471
2602,0.000642,74.125.24.0-255,2855,49315,10,205471
2603,0.000645,74.125.24.0-255,108,49423,10,205471
2604,0.00065,172.31.36.0-255,66,49489,10,205471
2605,0.000657,172.31.36.0-255,66,49555,10,205471
2606,0.001148,74.125.24.0-255,1484,51039,10,205471
2607,0.001156,74.125.24.0-255,2902,53941,10,205471
2608,0.00116,172.31.36.0-255,66,54007,10,205471
2609,0.001188,74.125.24.0-255,5738,59745,10,205471
2610,0.001191,172.31.36.0-255,66,59811,10,205471
2611,0.001198,74.125.24.0-255,6797,66608,10,205471
2612,0.001201,172.31.36.0-255,66,66674,10,205471
2613,0.001243,74.125.24.0-255,7156,73830,10,205471
2614,0.001246,172.31.36.0-255,66,73896,10,205471
2615,0.001283,172.31.36.0-255,66,73962,10,205471
2616,0.001295,74.125.24.0-255,1125,75087,10,205471
2617,0.001539,172.31.36.0-255,66,75153,10,205471
2618,0.001713,74.125.24.0-255,332,75485,10,205471
2619,0.002359,74.125.24.0-255,1484,76969,10,205471
2620,0.002365,172.31.36.0-255,66,77035,10,205471
2621,0.002373,74.125.24.0-255,2902,79937,10,205471
2622,0.002375,172.31.36.0-255,66,80003,10,205471
2623,0.002388,74.125.24.0-255,5738,85741,10,205471
2624,0.00239,172.31.36.0-255,66,85807,10,205471
2625,0.002394,74.125.24.0-255,1484,87291,10,205471
2626,0.002419,74.125.24.0-255,2902,90193,10,205471
2627,0.002421,172.31.36.0-255,66,90259,10,205471
2628,0.002433,172.31.36.0-255,66,90325,10,205471
2629,0.002456,74.125.24.0-255,2902,93227,10,205471
2630,0.002458,172.31.36.0-255,66,93293,10,205471
2631,0.002499,172.31.36.0-255,66,93359,10,205471
2632,0.002521,74.125.24.0-255,1484,94843,10,205471
2633,0.002539,74.125.24.0-255,5738,100581,10,205471
2634,0.002541,172.31.36.0-255,66,100647,10,205471
2635,0.002569,74.125.24.0-255,1484,102131,10,205471
2636,0.002577,74.125.24.0-255,7156,109287,10,205471
2637,0.002579,172.31.36.0-255,66,109353,10,205471
2638,0.002592,74.125.24.0-255,1484,110837,10,205471
2639,0.002606,74.125.24.0-255,1484,112321,10,205471
2640,0.002608,172.31.36.0-255,66,112387,10,205471
2641,0.002619,74.125.24.0-255,1484,113871,10,205471
2642,0.002646,74.125.24.0-255,7156,121027,10,205471
2643,0.002648,172.31.36.0-255,66,121093,10,205471
2644,0.002671,74.125.24.0-255,6438,127531,10,205471
2645,0.002675,172.31.36.0-255,66,127597,10,205471
2646,0.002753,172.31.36.0-255,66,127663,10,205471
2647,0.00278,74.125.24.0-255,2902,130565,10,205471
2648,0.002783,172.31.36.0-255,66,130631,10,205471
2649,0.002826,172.31.36.0-255,66,130697,10,205471
2650,0.00288,74.125.24.0-255,2902,133599,10,205471
2651,0.002883,172.31.36.0-255,66,133665,10,205471
2652,0.002904,172.31.36.0-255,66,133731,10,205471
2653,0.003122,74.125.24.0-255,1484,135215,10,205471
2654,0.003136,74.125.24.0-255,2902,138117,10,205471
2655,0.003158,74.125.24.0-255,5738,143855,10,205471
2656,0.003183,74.125.24.0-255,2902,146757,10,205471
2657,0.003238,74.125.24.0-255,5738,152495,10,205471
2658,0.003264,74.125.24.0-255,5020,157515,10,205471
2659,0.003283,74.125.24.0-255,4320,161835,10,205471
2660,0.003312,74.125.24.0-255,2902,164737,10,205471
2661,0.003359,74.125.24.0-255,1484,166221,10,205471
2662,0.003374,74.125.24.0-255,5738,171959,10,205471
2663,0.003468,74.125.24.0-255,1484,173443,10,205471
2664,0.003525,74.125.24.0-255,2902,176345,10,205471
2665,0.003542,74.125.24.0-255,4320,180665,10,205471
2666,0.003556,74.125.24.0-255,2902,183567,10,205471
2667,0.003639,74.125.24.0-255,4320,187887,10,205471
2668,0.003829,74.125.24.0-255,5738,193625,10,205471
2669,0.003842,74.125.24.0-255,2902,196527,10,205471
2670,0.003921,74.125.24.0-255,4320,200847,10,205471
2671,0.004016,74.125.24.0-255,105,200952,10,205471
2672,0.006211,172.31.36.0-255,66,201018,10,205471
2673,0.009516,172.31.36.0-255,105,201123,10,205471
2674,0.011532,74.125.24.0-255,66,201189,10,205471
2675,0.033792,172.31.36.0-255,167,201356,10,205471
2676,0.033934,172.31.36.0-255,1111,202467,10,205471
2677,0.034009,172.31.36.0-255,1514,203981,10,205471
2678,0.034011,172.31.36.0-255,1292,205273,10,205471
2679,0.035374,104.244.42.0-255,66,205339,10,205471
2680,0.035469,104.244.42.0-255,66,205405,10,205471
2681,0.035575,104.244.42.0-255,66,205471,10,205471
2682,0.0,74.125.68.0-255,153,153,10,399410
2683,1.6e-05,172.31.36.0-255,66,219,10,399410
2684,5e-05,74.125.68.0-255,1484,1703,10,399410
2685,5.6e-05,172.31.36.0-255,66,1769,10,399410
2686,6.2e-05,74.125.68.0-255,2902,4671,10,399410
2687,6.5e-05,172.31.36.0-255,66,4737,10,399410
2688,7.1e-05,74.125.68.0-255,4320,9057,10,399410
2689,7.3e-05,172.31.36.0-255,66,9123,10,399410
2690,0.000104,74.125.68.0-255,4984,14107,10,399410
2691,0.000113,172.31.36.0-255,66,14173,10,399410
2692,0.000116,74.125.68.0-255,1484,15657,10,399410
2693,0.000118,172.31.36.0-255,66,15723,10,399410
2694,0.000123,74.125.68.0-255,2902,18625,10,399410
2695,0.000125,172.31.36.0-255,66,18691,10,399410
2696,0.000153,74.125.68.0-255,5738,24429,10,399410
2697,0.000156,172.31.36.0-255,66,24495,10,399410
2698,0.000163,74.125.68.0-255,4320,28815,10,399410
2699,0.000169,172.31.36.0-255,66,28881,10,399410
2700,0.000214,74.125.68.0-255,2543,31424,10,399410
2701,0.000217,172.31.36.0-255,66,31490,10,399410
2702,0.000307,74.125.68.0-255,1484,32974,10,399410
2703,0.000311,172.31.36.0-255,66,33040,10,399410
2704,0.000316,74.125.68.0-255,1484,34524,10,399410
2705,0.000318,172.31.36.0-255,66,34590,10,399410
2706,0.000344,74.125.68.0-255,1484,36074,10,399410
2707,0.000346,172.31.36.0-255,66,36140,10,399410
2708,0.000353,74.125.68.0-255,5738,41878,10,399410
2709,0.000355,172.31.36.0-255,66,41944,10,399410
2710,0.000363,74.125.68.0-255,1484,43428,10,399410
2711,0.000366,172.31.36.0-255,66,43494,10,399410
2712,0.000399,74.125.68.0-255,5379,48873,10,399410
2713,0.000402,172.31.36.0-255,66,48939,10,399410
2714,0.000409,74.125.68.0-255,7156,56095,10,399410
2715,0.000413,74.125.68.0-255,1484,57579,10,399410
2716,0.000449,74.125.68.0-255,125,57704,10,399410
2717,0.000525,74.125.68.0-255,1484,59188,10,399410
2718,0.000541,74.125.68.0-255,2902,62090,10,399410
2719,0.000556,74.125.68.0-255,2902,64992,10,399410
2720,0.000577,74.125.68.0-255,2902,67894,10,399410
2721,0.000582,74.125.68.0-255,4320,72214,10,399410
2722,0.000622,74.125.68.0-255,2249,74463,10,399410
2723,0.00064,74.125.68.0-255,2902,77365,10,399410
2724,0.000665,74.125.68.0-255,5738,83103,10,399410
2725,0.000677,74.125.68.0-255,1484,84587,10,399410
2726,0.00068,74.125.68.0-255,1484,86071,10,399410
2727,0.000692,74.125.68.0-255,2902,88973,10,399410
2728,0.000714,172.31.36.0-255,66,89039,10,399410
2729,0.000725,74.125.68.0-255,2543,91582,10,399410
2730,0.000763,172.31.36.0-255,66,91648,10,399410
2731,0.001011,74.125.68.0-255,1484,93132,10,399410
2732,0.001034,74.125.68.0-255,1484,94616,10,399410
2733,0.001039,74.125.68.0-255,2902,97518,10,399410
2734,0.001045,172.31.36.0-255,66,97584,10,399410
2735,0.001075,74.125.68.0-255,5738,103322,10,399410
2736,0.00108,74.125.68.0-255,4320,107642,10,399410
2737,0.001105,74.125.68.0-255,5738,113380,10,399410
2738,0.001115,172.31.36.0-255,66,113446,10,399410
2739,0.001122,74.125.68.0-255,4320,117766,10,399410
2740,0.001127,172.31.36.0-255,66,117832,10,399410
2741,0.001148,74.125.68.0-255,7156,124988,10,399410
2742,0.001154,74.125.68.0-255,766,125754,10,399410
2743,0.00118,172.31.36.0-255,66,125820,10,399410
2744,0.001908,74.125.68.0-255,1484,127304,10,399410
2745,0.001925,74.125.68.0-255,2902,130206,10,399410
2746,0.001929,172.31.36.0-255,66,130272,10,399410
2747,0.001937,74.125.68.0-255,5738,136010,10,399410
2748,0.001958,74.125.68.0-255,2902,138912,10,399410
2749,0.001963,74.125.68.0-255,4320,143232,10,399410
2750,0.001967,172.31.36.0-255,66,143298,10,399410
2751,0.002008,74.125.68.0-255,2902,146200,10,399410
2752,0.002026,172.31.36.0-255,66,146266,10,399410
2753,0.002058,74.125.68.0-255,5020,151286,10,399410
2754,0.002086,172.31.36.0-255,66,151352,10,399410
2755,0.002116,74.125.68.0-255,4320,155672,10,399410
2756,0.002123,172.31.36.0-255,66,155738,10,399410
2757,0.002153,74.125.68.0-255,5738,161476,10,399410
2758,0.002169,74.125.68.0-255,5738,167214,10,399410
2759,0.002175,172.31.36.0-255,66,167280,10,399410
2760,0.002194,74.125.68.0-255,2902,170182,10,399410
2761,0.0022,74.125.68.0-255,4320,174502,10,399410
2762,0.002215,74.125.68.0-255,5738,180240,10,399410
2763,0.002221,74.125.68.0-255,4320,184560,10,399410
2764,0.002224,74.125.68.0-255,766,185326,10,399410
2765,0.002233,172.31.36.0-255,66,185392,10,399410
2766,0.00447,74.125.68.0-255,4320,189712,10,399410
2767,0.004478,172.31.36.0-255,66,189778,10,399410
2768,0.004509,74.125.68.0-255,1484,191262,10,399410
2769,0.006699,74.125.68.0-255,4320,195582,10,399410
2770,0.007279,172.31.36.0-255,66,195648,10,399410
2771,0.009517,74.125.68.0-255,5738,201386,10,399410
2772,0.009524,172.31.36.0-255,66,201452,10,399410
2773,0.01177,74.125.68.0-255,5738,207190,10,399410
2774,0.015327,172.31.36.0-255,66,207256,10,399410
2775,0.017569,74.125.68.0-255,5738,212994,10,399410
2776,0.017579,172.31.36.0-255,66,213060,10,399410
2777,0.019802,74.125.68.0-255,5738,218798,10,399410
2778,0.019809,172.31.36.0-255,66,218864,10,399410
2779,0.022037,74.125.68.0-255,5738,224602,10,399410
2780,0.022045,172.31.36.0-255,66,224668,10,399410
2781,0.023164,172.31.36.0-255,172,224840,10,399410
2782,0.023226,172.31.36.0-255,1112,225952,10,399410
2783,0.023289,172.31.36.0-255,1514,227466,10,399410
2784,0.023291,172.31.36.0-255,330,227796,10,399410
2785,0.024319,74.125.68.0-255,5738,233534,10,399410
2786,0.024327,172.31.36.0-255,66,233600,10,399410
2787,0.024682,104.244.42.0-255,66,233666,10,399410
2788,0.024781,104.244.42.0-255,66,233732,10,399410
2789,0.024821,104.244.42.0-255,66,233798,10,399410
2790,0.026554,74.125.68.0-255,5738,239536,10,399410
2791,0.026561,172.31.36.0-255,66,239602,10,399410
2792,0.028781,74.125.68.0-255,5738,245340,10,399410
2793,0.028788,172.31.36.0-255,66,245406,10,399410
2794,0.031034,74.125.68.0-255,5738,251144,10,399410
2795,0.031041,172.31.36.0-255,66,251210,10,399410
2796,0.033277,74.125.68.0-255,5738,256948,10,399410
2797,0.033285,172.31.36.0-255,66,257014,10,399410
2798,0.035517,74.125.68.0-255,5738,262752,10,399410
2799,0.035523,172.31.36.0-255,66,262818,10,399410
2800,0.037742,74.125.68.0-255,5738,268556,10,399410
2801,0.037748,172.31.36.0-255,66,268622,10,399410
2802,0.039973,74.125.68.0-255,5738,274360,10,399410
2803,0.039981,172.31.36.0-255,66,274426,10,399410
2804,0.042223,74.125.68.0-255,5738,280164,10,399410
2805,0.042231,172.31.36.0-255,66,280230,10,399410
2806,0.044474,74.125.68.0-255,5738,285968,10,399410
2807,0.04448,172.31.36.0-255,66,286034,10,399410
2808,0.046717,74.125.68.0-255,5738,291772,10,399410
2809,0.046723,172.31.36.0-255,66,291838,10,399410
2810,0.048959,74.125.68.0-255,5738,297576,10,399410
2811,0.048966,172.31.36.0-255,66,297642,10,399410
2812,0.051216,74.125.68.0-255,5738,303380,10,399410
2813,0.051226,172.31.36.0-255,66,303446,10,399410
2814,0.053457,74.125.68.0-255,5738,309184,10,399410
2815,0.053464,172.31.36.0-255,66,309250,10,399410
2816,0.055701,74.125.68.0-255,5738,314988,10,399410
2817,0.055708,172.31.36.0-255,66,315054,10,399410
2818,0.057935,74.125.68.0-255,5738,320792,10,399410
2819,0.057941,172.31.36.0-255,66,320858,10,399410
2820,0.06017,74.125.68.0-255,5738,326596,10,399410
2821,0.060176,172.31.36.0-255,66,326662,10,399410
2822,0.062436,74.125.68.0-255,5738,332400,10,399410
2823,0.062443,172.31.36.0-255,66,332466,10,399410
2824,0.06467,74.125.68.0-255,5738,338204,10,399410
2825,0.064676,172.31.36.0-255,66,338270,10,399410
2826,0.066913,74.125.68.0-255,5738,344008,10,399410
2827,0.066918,172.31.36.0-255,66,344074,10,399410
2828,0.069156,74.125.68.0-255,5738,349812,10,399410
2829,0.069163,172.31.36.0-255,66,349878,10,399410
2830,0.071393,74.125.68.0-255,5738,355616,10,399410
2831,0.071399,172.31.36.0-255,66,355682,10,399410
2832,0.073623,74.125.68.0-255,5738,361420,10,399410
2833,0.073628,172.31.36.0-255,66,361486,10,399410
2834,0.07585,74.125.68.0-255,5738,367224,10,399410
2835,0.075856,172.31.36.0-255,66,367290,10,399410
2836,0.078077,74.125.68.0-255,4320,371610,10,399410
2837,0.078082,172.31.36.0-255,66,371676,10,399410
2838,0.07811,74.125.68.0-255,1484,373160,10,399410
2839,0.080299,74.125.68.0-255,4320,377480,10,399410
2840,0.080304,172.31.36.0-255,66,377546,10,399410
2841,0.082526,74.125.68.0-255,5738,383284,10,399410
2842,0.082582,172.31.36.0-255,66,383350,10,399410
2843,0.084796,74.125.68.0-255,4320,387670,10,399410
2844,0.084801,172.31.36.0-255,66,387736,10,399410
2845,0.084826,74.125.68.0-255,1484,389220,10,399410
2846,0.087018,74.125.68.0-255,4320,393540,10,399410
2847,0.087024,172.31.36.0-255,66,393606,10,399410
2848,0.089242,74.125.68.0-255,5738,399344,10,399410
2849,0.089301,172.31.36.0-255,66,399410,10,399410
2850,0.0,172.217.194.0-255,150,150,10,326918
2851,2.3e-05,172.31.36.0-255,66,216,10,326918
2852,3e-05,172.217.194.0-255,1484,1700,10,326918
2853,3.5e-05,172.31.36.0-255,66,1766,10,326918
2854,4.1e-05,172.217.194.0-255,2902,4668,10,326918
2855,4.6e-05,172.31.36.0-255,66,4734,10,326918
2856,5.3e-05,172.217.194.0-255,7156,11890,10,326918
2857,5.7e-05,172.31.36.0-255,66,11956,10,326918
2858,6.1e-05,172.217.194.0-255,1986,13942,10,326918
2859,6.4e-05,172.31.36.0-255,66,14008,10,326918
2860,6.9e-05,172.217.194.0-255,2902,16910,10,326918
2861,7.3e-05,172.31.36.0-255,66,16976,10,326918
2862,8e-05,172.217.194.0-255,7156,24132,10,326918
2863,8.3e-05,172.31.36.0-255,66,24198,10,326918
2864,8.9e-05,172.217.194.0-255,5738,29936,10,326918
2865,9.3e-05,172.31.36.0-255,66,30002,10,326918
2866,0.00012,172.217.194.0-255,7156,37158,10,326918
2867,0.000124,172.31.36.0-255,66,37224,10,326918
2868,0.00017,172.31.36.0-255,66,37290,10,326918
2869,0.000183,172.31.36.0-255,66,37356,10,326918
2870,0.000189,172.217.194.0-255,5691,43047,10,326918
2871,0.000191,172.31.36.0-255,66,43113,10,326918
2872,0.000195,172.217.194.0-255,101,43214,10,326918
2873,0.000197,172.31.36.0-255,66,43280,10,326918
2874,0.000229,172.217.194.0-255,362,43642,10,326918
2875,0.000232,172.31.36.0-255,66,43708,10,326918
2876,0.000383,172.217.194.0-255,1484,45192,10,326918
2877,0.000389,172.31.36.0-255,66,45258,10,326918
2878,0.000404,172.217.194.0-255,2902,48160,10,326918
2879,0.000407,172.31.36.0-255,66,48226,10,326918
2880,0.000436,172.217.194.0-255,5738,53964,10,326918
2881,0.000439,172.31.36.0-255,66,54030,10,326918
2882,0.000447,172.217.194.0-255,5738,59768,10,326918
2883,0.000449,172.31.36.0-255,66,59834,10,326918
2884,0.000467,172.217.194.0-255,1125,60959,10,326918
2885,0.00052,172.217.194.0-255,7156,68115,10,326918
2886,0.000523,172.31.36.0-255,66,68181,10,326918
2887,0.000546,172.217.194.0-255,7156,75337,10,326918
2888,0.000548,172.31.36.0-255,66,75403,10,326918
2889,0.000551,172.217.194.0-255,1484,76887,10,326918
2890,0.000554,172.217.194.0-255,1125,78012,10,326918
2891,0.000556,172.31.36.0-255,66,78078,10,326918
2892,0.000824,172.217.194.0-255,1484,79562,10,326918
2893,0.00083,172.217.194.0-255,2902,82464,10,326918
2894,0.000834,172.31.36.0-255,66,82530,10,326918
2895,0.000841,172.217.194.0-255,5738,88268,10,326918
2896,0.000843,172.31.36.0-255,66,88334,10,326918
2897,0.000867,172.217.194.0-255,2902,91236,10,326918
2898,0.00087,172.31.36.0-255,66,91302,10,326918
2899,0.000905,172.31.36.0-255,66,91368,10,326918
2900,0.000918,172.31.36.0-255,66,91434,10,326918
2901,0.001519,172.217.194.0-255,1484,92918,10,326918
2902,0.001525,172.217.194.0-255,2902,95820,10,326918
2903,0.00153,172.31.36.0-255,66,95886,10,326918
2904,0.001556,172.217.194.0-255,5738,101624,10,326918
2905,0.001559,172.31.36.0-255,66,101690,10,326918
2906,0.001564,172.217.194.0-255,2902,104592,10,326918
2907,0.001566,172.31.36.0-255,66,104658,10,326918
2908,0.001584,172.217.194.0-255,7156,111814,10,326918
2909,0.001586,172.31.36.0-255,66,111880,10,326918
2910,0.001599,172.31.36.0-255,66,111946,10,326918
2911,0.001619,172.217.194.0-255,2184,114130,10,326918
2912,0.001621,172.31.36.0-255,66,114196,10,326918
2913,0.001643,172.217.194.0-255,2902,117098,10,326918
2914,0.001646,172.217.194.0-255,2902,120000,10,326918
2915,0.00165,172.31.36.0-255,66,120066,10,326918
2916,0.001657,172.31.36.0-255,66,120132,10,326918
2917,0.001663,172.217.194.0-255,4320,124452,10,326918
2918,0.001665,172.31.36.0-255,66,124518,10,326918
2919,0.001672,172.217.194.0-255,5738,130256,10,326918
2920,0.001674,172.31.36.0-255,66,130322,10,326918
2921,0.001693,172.217.194.0-255,1484,131806,10,326918
2922,0.001732,172.31.36.0-255,66,131872,10,326918
2923,0.001739,172.217.194.0-255,5020,136892,10,326918
2924,0.001741,172.31.36.0-255,66,136958,10,326918
2925,0.001781,172.31.36.0-255,66,137024,10,326918
2926,0.001795,172.31.36.0-255,66,137090,10,326918
2927,0.003801,172.217.194.0-255,5738,142828,10,326918
2928,0.003807,172.31.36.0-255,66,142894,10,326918
2929,0.005828,172.217.194.0-255,5738,148632,10,326918
2930,0.005832,172.31.36.0-255,66,148698,10,326918
2931,0.007825,172.217.194.0-255,5738,154436,10,326918
2932,0.007829,172.31.36.0-255,66,154502,10,326918
2933,0.009827,172.217.194.0-255,5738,160240,10,326918
2934,0.009834,172.31.36.0-255,66,160306,10,326918
2935,0.011859,172.217.194.0-255,5738,166044,10,326918
2936,0.011868,172.31.36.0-255,66,166110,10,326918
2937,0.013878,172.217.194.0-255,5738,171848,10,326918
2938,0.013886,172.31.36.0-255,66,171914,10,326918
2939,0.015996,172.217.194.0-255,5738,177652,10,326918
2940,0.016007,172.31.36.0-255,66,177718,10,326918
2941,0.018021,172.217.194.0-255,5738,183456,10,326918
2942,0.018028,172.31.36.0-255,66,183522,10,326918
2943,0.020053,172.217.194.0-255,5738,189260,10,326918
2944,0.02006,172.31.36.0-255,66,189326,10,326918
2945,0.022091,172.217.194.0-255,5738,195064,10,326918
2946,0.022098,172.31.36.0-255,66,195130,10,326918
2947,0.024118,172.217.194.0-255,5738,200868,10,326918
2948,0.024127,172.31.36.0-255,66,200934,10,326918
2949,0.026152,172.217.194.0-255,5738,206672,10,326918
2950,0.026159,172.31.36.0-255,66,206738,10,326918
2951,0.028177,172.217.194.0-255,5738,212476,10,326918
2952,0.028184,172.31.36.0-255,66,212542,10,326918
2953,0.030204,172.217.194.0-255,5738,218280,10,326918
2954,0.030212,172.31.36.0-255,66,218346,10,326918
2955,0.031903,172.31.36.0-255,188,218534,10,326918
2956,0.031935,172.31.36.0-255,956,219490,10,326918
2957,0.031999,172.31.36.0-255,1514,221004,10,326918
2958,0.032001,172.31.36.0-255,1514,222518,10,326918
2959,0.032002,172.31.36.0-255,1514,224032,10,326918
2960,0.032003,172.31.36.0-255,1227,225259,10,326918
2961,0.03221,172.217.194.0-255,5738,230997,10,326918
2962,0.032217,172.31.36.0-255,66,231063,10,326918
2963,0.033481,104.244.42.0-255,66,231129,10,326918
2964,0.033509,104.244.42.0-255,66,231195,10,326918
2965,0.03356,104.244.42.0-255,66,231261,10,326918
2966,0.033574,104.244.42.0-255,66,231327,10,326918
2967,0.034242,172.217.194.0-255,5738,237065,10,326918
2968,0.034248,172.31.36.0-255,66,237131,10,326918
2969,0.036282,172.217.194.0-255,5738,242869,10,326918
2970,0.036289,172.31.36.0-255,66,242935,10,326918
2971,0.038333,172.217.194.0-255,5738,248673,10,326918
2972,0.03834,172.31.36.0-255,66,248739,10,326918
2973,0.040359,172.217.194.0-255,5738,254477,10,326918
2974,0.040366,172.31.36.0-255,66,254543,10,326918
2975,0.042373,172.217.194.0-255,5738,260281,10,326918
2976,0.04238,172.31.36.0-255,66,260347,10,326918
2977,0.044444,172.217.194.0-255,5738,266085,10,326918
2978,0.044451,172.31.36.0-255,66,266151,10,326918
2979,0.046474,172.217.194.0-255,5738,271889,10,326918
2980,0.046481,172.31.36.0-255,66,271955,10,326918
2981,0.048505,172.217.194.0-255,5738,277693,10,326918
2982,0.048512,172.31.36.0-255,66,277759,10,326918
2983,0.050518,172.217.194.0-255,5738,283497,10,326918
2984,0.050525,172.31.36.0-255,66,283563,10,326918
2985,0.052551,172.217.194.0-255,5738,289301,10,326918
2986,0.052558,172.31.36.0-255,66,289367,10,326918
2987,0.054571,172.217.194.0-255,5738,295105,10,326918
2988,0.054578,172.31.36.0-255,66,295171,10,326918
2989,0.056596,172.217.194.0-255,5738,300909,10,326918
2990,0.056603,172.31.36.0-255,66,300975,10,326918
2991,0.058597,172.217.194.0-255,5738,306713,10,326918
2992,0.058603,172.31.36.0-255,66,306779,10,326918
2993,0.060633,172.217.194.0-255,5738,312517,10,326918
2994,0.060639,172.31.36.0-255,66,312583,10,326918
2995,0.062708,172.217.194.0-255,5738,318321,10,326918
2996,0.062716,172.31.36.0-255,66,318387,10,326918
2997,0.064723,172.217.194.0-255,5738,324125,10,326918
2998,0.064729,172.31.36.0-255,66,324191,10,326918
2999,0.066725,172.217.194.0-255,2490,326681,10,326918
3000,0.066731,172.31.36.0-255,66,326747,10,326918
3001,0.066913,172.31.36.0-255,105,326852,10,326918
3002,0.068911,172.217.194.0-255,66,326918,10,326918
3003,0.0,172.217.194.0-255,142,142,10,337779
3004,2.1e-05,172.31.36.0-255,66,208,10,337779
3005,2.9e-05,172.217.194.0-255,1484,1692,10,337779
3006,3.3e-05,172.31.36.0-255,66,1758,10,337779
3007,3.9e-05,172.217.194.0-255,2902,4660,10,337779
3008,4.3e-05,172.31.36.0-255,66,4726,10,337779
3009,5.9e-05,172.217.194.0-255,7156,11882,10,337779
3010,6.3e-05,172.31.36.0-255,66,11948,10,337779
3011,6.8e-05,172.217.194.0-255,2060,14008,10,337779
3012,7.1e-05,172.31.36.0-255,66,14074,10,337779
3013,7.6e-05,172.217.194.0-255,2902,16976,10,337779
3014,7.8e-05,172.31.36.0-255,66,17042,10,337779
3015,8.2e-05,172.217.194.0-255,2902,19944,10,337779
3016,8.5e-05,172.31.36.0-255,66,20010,10,337779
3017,0.000117,172.217.194.0-255,4320,24330,10,337779
3018,0.00012,172.31.36.0-255,66,24396,10,337779
3019,0.000127,172.217.194.0-255,6797,31193,10,337779
3020,0.00013,172.31.36.0-255,66,31259,10,337779
3021,0.000447,172.217.194.0-255,1484,32743,10,337779
3022,0.000453,172.31.36.0-255,66,32809,10,337779
3023,0.000459,172.217.194.0-255,2902,35711,10,337779
3024,0.000462,172.31.36.0-255,66,35777,10,337779
3025,0.000467,172.217.194.0-255,2902,38679,10,337779
3026,0.000469,172.31.36.0-255,66,38745,10,337779
3027,0.000508,172.217.194.0-255,2902,41647,10,337779
3028,0.000511,172.31.36.0-255,66,41713,10,337779
3029,0.000523,172.31.36.0-255,66,41779,10,337779
3030,0.000557,172.217.194.0-255,5379,47158,10,337779
3031,0.00056,172.31.36.0-255,66,47224,10,337779
3032,0.000576,172.31.36.0-255,66,47290,10,337779
3033,0.000579,172.217.194.0-255,1423,48713,10,337779
3034,0.000674,172.217.194.0-255,380,49093,10,337779
3035,0.000678,172.31.36.0-255,66,49159,10,337779
3036,0.000957,172.217.194.0-255,1484,50643,10,337779
3037,0.000963,172.217.194.0-255,2902,53545,10,337779
3038,0.000967,172.31.36.0-255,66,53611,10,337779
3039,0.001002,172.217.194.0-255,5738,59349,10,337779
3040,0.001005,172.31.36.0-255,66,59415,10,337779
3041,0.001008,172.217.194.0-255,1484,60899,10,337779
3042,0.001051,172.31.36.0-255,66,60965,10,337779
3043,0.001057,172.217.194.0-255,5738,66703,10,337779
3044,0.001059,172.31.36.0-255,66,66769,10,337779
3045,0.001063,172.217.194.0-255,1484,68253,10,337779
3046,0.001091,172.217.194.0-255,3602,71855,10,337779
3047,0.001093,172.31.36.0-255,66,71921,10,337779
3048,0.001908,172.217.194.0-255,1484,73405,10,337779
3049,0.001919,172.217.194.0-255,2902,76307,10,337779
3050,0.001924,172.31.36.0-255,66,76373,10,337779
3051,0.001931,172.217.194.0-255,5738,82111,10,337779
3052,0.001933,172.31.36.0-255,66,82177,10,337779
3053,0.001937,172.217.194.0-255,1484,83661,10,337779
3054,0.001955,172.217.194.0-255,2902,86563,10,337779
3055,0.001961,172.31.36.0-255,66,86629,10,337779
3056,0.001967,172.217.194.0-255,2902,89531,10,337779
3057,0.001968,172.31.36.0-255,66,89597,10,337779
3058,0.002012,172.31.36.0-255,66,89663,10,337779
3059,0.002023,172.31.36.0-255,66,89729,10,337779
3060,0.004078,172.217.194.0-255,5738,95467,10,337779
3061,0.004085,172.31.36.0-255,66,95533,10,337779
3062,0.006146,172.217.194.0-255,5738,101271,10,337779
3063,0.006153,172.31.36.0-255,66,101337,10,337779
3064,0.008236,172.217.194.0-255,5738,107075,10,337779
3065,0.008242,172.31.36.0-255,66,107141,10,337779
3066,0.010346,172.217.194.0-255,5738,112879,10,337779
3067,0.010355,172.31.36.0-255,66,112945,10,337779
3068,0.012416,172.217.194.0-255,5738,118683,10,337779
3069,0.012424,172.31.36.0-255,66,118749,10,337779
3070,0.014506,172.217.194.0-255,5738,124487,10,337779
3071,0.014519,172.31.36.0-255,66,124553,10,337779
3072,0.016616,172.217.194.0-255,5738,130291,10,337779
3073,0.016628,172.31.36.0-255,66,130357,10,337779
3074,0.018743,172.217.194.0-255,5738,136095,10,337779
3075,0.018749,172.31.36.0-255,66,136161,10,337779
3076,0.020821,172.217.194.0-255,5738,141899,10,337779
3077,0.020829,172.31.36.0-255,66,141965,10,337779
3078,0.022906,172.217.194.0-255,5738,147703,10,337779
3079,0.022914,172.31.36.0-255,66,147769,10,337779
3080,0.024988,172.217.194.0-255,5738,153507,10,337779
3081,0.024995,172.31.36.0-255,66,153573,10,337779
3082,0.027074,172.217.194.0-255,5738,159311,10,337779
3083,0.027085,172.31.36.0-255,66,159377,10,337779
3084,0.029172,172.217.194.0-255,5738,165115,10,337779
3085,0.029182,172.31.36.0-255,66,165181,10,337779
3086,0.030733,172.31.36.0-255,167,165348,10,337779
3087,0.030771,172.31.36.0-255,1111,166459,10,337779
3088,0.030829,172.31.36.0-255,1514,167973,10,337779
3089,0.03083,172.31.36.0-255,1292,169265,10,337779
3090,0.031248,172.217.194.0-255,5738,175003,10,337779
3091,0.031256,172.31.36.0-255,66,175069,10,337779
3092,0.032281,104.244.42.0-255,66,175135,10,337779
3093,0.032297,104.244.42.0-255,66,175201,10,337779
3094,0.032478,104.244.42.0-255,66,175267,10,337779
3095,0.033329,172.217.194.0-255,5738,181005,10,337779
3096,0.033336,172.31.36.0-255,66,181071,10,337779
3097,0.035421,172.217.194.0-255,5738,186809,10,337779
3098,0.035431,172.31.36.0-255,66,186875,10,337779
3099,0.037521,172.217.194.0-255,5738,192613,10,337779
3100,0.037531,172.31.36.0-255,66,192679,10,337779
3101,0.039629,172.217.194.0-255,5738,198417,10,337779
3102,0.039645,172.31.36.0-255,66,198483,10,337779
3103,0.041752,172.217.194.0-255,5738,204221,10,337779
3104,0.041766,172.31.36.0-255,66,204287,10,337779
3105,0.043852,172.217.194.0-255,5738,210025,10,337779
3106,0.043859,172.31.36.0-255,66,210091,10,337779
3107,0.045969,172.217.194.0-255,5738,215829,10,337779
3108,0.045976,172.31.36.0-255,66,215895,10,337779
3109,0.048042,172.217.194.0-255,5738,221633,10,337779
3110,0.048048,172.31.36.0-255,66,221699,10,337779
3111,0.050145,172.217.194.0-255,5738,227437,10,337779
3112,0.050151,172.31.36.0-255,66,227503,10,337779
3113,0.052237,172.217.194.0-255,5738,233241,10,337779
3114,0.052245,172.31.36.0-255,66,233307,10,337779
3115,0.054334,172.217.194.0-255,5738,239045,10,337779
3116,0.054342,172.31.36.0-255,66,239111,10,337779
3117,0.056458,172.217.194.0-255,5738,244849,10,337779
3118,0.056465,172.31.36.0-255,66,244915,10,337779
3119,0.058578,172.217.194.0-255,5738,250653,10,337779
3120,0.058585,172.31.36.0-255,66,250719,10,337779
3121,0.060657,172.217.194.0-255,5738,256457,10,337779
3122,0.060663,172.31.36.0-255,66,256523,10,337779
3123,0.062758,172.217.194.0-255,5738,262261,10,337779
3124,0.062764,172.31.36.0-255,66,262327,10,337779
3125,0.064831,172.217.194.0-255,5738,268065,10,337779
3126,0.064839,172.31.36.0-255,66,268131,10,337779
3127,0.066919,172.217.194.0-255,5738,273869,10,337779
3128,0.066926,172.31.36.0-255,66,273935,10,337779
3129,0.068992,172.217.194.0-255,5738,279673,10,337779
3130,0.068999,172.31.36.0-255,66,279739,10,337779
3131,0.07108,172.217.194.0-255,5738,285477,10,337779
3132,0.071087,172.31.36.0-255,66,285543,10,337779
3133,0.073163,172.217.194.0-255,5738,291281,10,337779
3134,0.07317,172.31.36.0-255,66,291347,10,337779
3135,0.075236,172.217.194.0-255,5738,297085,10,337779
3136,0.075243,172.31.36.0-255,66,297151,10,337779
3137,0.077326,172.217.194.0-255,5738,302889,10,337779
3138,0.077333,172.31.36.0-255,66,302955,10,337779
3139,0.079417,172.217.194.0-255,5738,308693,10,337779
3140,0.079423,172.31.36.0-255,66,308759,10,337779
3141,0.081489,172.217.194.0-255,5738,314497,10,337779
3142,0.081495,172.31.36.0-255,66,314563,10,337779
3143,0.083632,172.217.194.0-255,5738,320301,10,337779
3144,0.083638,172.31.36.0-255,66,320367,10,337779
3145,0.085736,172.217.194.0-255,5738,326105,10,337779
3146,0.085746,172.31.36.0-255,66,326171,10,337779
3147,0.087826,172.217.194.0-255,5738,331909,10,337779
3148,0.087832,172.31.36.0-255,66,331975,10,337779
3149,0.089918,172.217.194.0-255,5738,337713,10,337779
3150,0.089925,172.31.36.0-255,66,337779,10,337779
3151,0.0,172.217.194.0-255,152,152,10,172213
3152,2e-05,172.31.36.0-255,66,218,10,172213
3153,2.8e-05,172.217.194.0-255,1484,1702,10,172213
3154,3.3e-05,172.31.36.0-255,66,1768,10,172213
3155,3.9e-05,172.217.194.0-255,2902,4670,10,172213
3156,4.9e-05,172.31.36.0-255,66,4736,10,172213
3157,5.7e-05,172.217.194.0-255,7156,11892,10,172213
3158,6.1e-05,172.31.36.0-255,66,11958,10,172213
3159,6.7e-05,172.217.194.0-255,4932,16890,10,172213
3160,7.1e-05,172.31.36.0-255,66,16956,10,172213
3161,8.3e-05,172.31.36.0-255,66,17022,10,172213
3162,0.000113,172.217.194.0-255,5379,22401,10,172213
3163,0.000116,172.31.36.0-255,66,22467,10,172213
3164,0.00012,172.217.194.0-255,1484,23951,10,172213
3165,0.000122,172.31.36.0-255,66,24017,10,172213
3166,0.000127,172.217.194.0-255,2902,26919,10,172213
3167,0.00013,172.31.36.0-255,66,26985,10,172213
3168,0.000134,172.217.194.0-255,1484,28469,10,172213
3169,0.000136,172.31.36.0-255,66,28535,10,172213
3170,0.000172,172.217.194.0-255,4320,32855,10,172213
3171,0.000175,172.31.36.0-255,66,32921,10,172213
3172,0.000181,172.217.194.0-255,5738,38659,10,172213
3173,0.000184,172.31.36.0-255,66,38725,10,172213
3174,0.000203,172.31.36.0-255,66,38791,10,172213
3175,0.000209,172.217.194.0-255,3961,42752,10,172213
3176,0.000211,172.31.36.0-255,66,42818,10,172213
3177,0.000294,172.217.194.0-255,647,43465,10,172213
3178,0.000297,172.31.36.0-255,66,43531,10,172213
3179,0.000343,172.217.194.0-255,1484,45015,10,172213
3180,0.000347,172.31.36.0-255,66,45081,10,172213
3181,0.000374,172.217.194.0-255,2902,47983,10,172213
3182,0.000377,172.31.36.0-255,66,48049,10,172213
3183,0.000383,172.217.194.0-255,5738,53787,10,172213
3184,0.000386,172.31.36.0-255,66,53853,10,172213
3185,0.000423,172.217.194.0-255,6797,60650,10,172213
3186,0.000426,172.31.36.0-255,66,60716,10,172213
3187,0.000433,172.217.194.0-255,7156,67872,10,172213
3188,0.000435,172.31.36.0-255,66,67938,10,172213
3189,0.000468,172.31.36.0-255,66,68004,10,172213
3190,0.000711,172.217.194.0-255,1484,69488,10,172213
3191,0.000719,172.217.194.0-255,2902,72390,10,172213
3192,0.000724,172.31.36.0-255,66,72456,10,172213
3193,0.000729,172.217.194.0-255,2902,75358,10,172213
3194,0.000731,172.31.36.0-255,66,75424,10,172213
3195,0.000753,172.217.194.0-255,1484,76908,10,172213
3196,0.000769,172.31.36.0-255,66,76974,10,172213
3197,0.000807,172.31.36.0-255,66,77040,10,172213
3198,0.000833,172.217.194.0-255,766,77806,10,172213
3199,0.000837,172.217.194.0-255,1484,79290,10,172213
3200,0.000839,172.31.36.0-255,66,79356,10,172213
3201,0.000843,172.217.194.0-255,2902,82258,10,172213
3202,0.000846,172.31.36.0-255,66,82324,10,172213
3203,0.000912,172.217.194.0-255,5738,88062,10,172213
3204,0.000944,172.31.36.0-255,66,88128,10,172213
3205,0.000951,172.31.36.0-255,66,88194,10,172213
3206,0.000955,172.31.36.0-255,66,88260,10,172213
3207,0.000973,172.31.36.0-255,66,88326,10,172213
3208,0.000987,172.31.36.0-255,66,88392,10,172213
3209,0.001018,172.217.194.0-255,4320,92712,10,172213
3210,0.00102,172.31.36.0-255,66,92778,10,172213
3211,0.00103,172.217.194.0-255,3602,96380,10,172213
3212,0.001032,172.31.36.0-255,66,96446,10,172213
3213,0.001129,172.217.194.0-255,1484,97930,10,172213
3214,0.001149,172.217.194.0-255,2902,100832,10,172213
3215,0.001152,172.31.36.0-255,66,100898,10,172213
3216,0.001157,172.217.194.0-255,2902,103800,10,172213
3217,0.00116,172.31.36.0-255,66,103866,10,172213
3218,0.001184,172.217.194.0-255,2902,106768,10,172213
3219,0.001187,172.31.36.0-255,66,106834,10,172213
3220,0.0012,172.31.36.0-255,66,106900,10,172213
3221,0.001218,172.31.36.0-255,66,106966,10,172213
3222,0.001269,172.31.36.0-255,66,107032,10,172213
3223,0.001316,172.31.36.0-255,66,107098,10,172213
3224,0.001322,172.217.194.0-255,3602,110700,10,172213
3225,0.001324,172.31.36.0-255,66,110766,10,172213
3226,0.001371,172.31.36.0-255,66,110832,10,172213
3227,0.001396,172.217.194.0-255,2902,113734,10,172213
3228,0.001399,172.31.36.0-255,66,113800,10,172213
3229,0.001421,172.31.36.0-255,66,113866,10,172213
3230,0.001428,172.217.194.0-255,6438,120304,10,172213
3231,0.00143,172.31.36.0-255,66,120370,10,172213
3232,0.001478,172.217.194.0-255,1484,121854,10,172213
3233,0.001482,172.217.194.0-255,1484,123338,10,172213
3234,0.001484,172.31.36.0-255,66,123404,10,172213
3235,0.001521,172.217.194.0-255,1484,124888,10,172213
3236,0.001528,172.217.194.0-255,5738,130626,10,172213
3237,0.001533,172.217.194.0-255,5738,136364,10,172213
3238,0.001585,172.31.36.0-255,101,136465,10,172213
3239,0.001603,172.31.36.0-255,66,136531,10,172213
3240,0.001606,172.31.36.0-255,66,136597,10,172213
3241,0.001609,172.31.36.0-255,66,136663,10,172213
3242,0.001614,172.217.194.0-255,4320,140983,10,172213
3243,0.001618,172.31.36.0-255,66,141049,10,172213
3244,0.001624,172.217.194.0-255,5020,146069,10,172213
3245,0.001627,172.31.36.0-255,66,146135,10,172213
3246,0.001633,172.217.194.0-255,5738,151873,10,172213
3247,0.001636,172.31.36.0-255,66,151939,10,172213
3248,0.001643,172.217.194.0-255,7156,159095,10,172213
3249,0.001646,172.31.36.0-255,66,159161,10,172213
3250,0.001696,172.217.194.0-255,6438,165599,10,172213
3251,0.0017,172.31.36.0-255,66,165665,10,172213
3252,0.001704,172.31.36.0-255,66,165731,10,172213
3253,0.001712,172.217.194.0-255,1484,167215,10,172213
3254,0.001769,172.31.36.0-255,66,167281,10,172213
3255,0.001788,172.31.36.0-255,66,167347,10,172213
3256,0.001798,172.31.36.0-255,66,167413,10,172213
3257,0.00181,172.217.194.0-255,105,167518,10,172213
3258,0.003844,172.217.194.0-255,66,167584,10,172213
3259,0.004681,172.31.36.0-255,105,167689,10,172213
3260,0.006954,172.217.194.0-255,66,167755,10,172213
3261,0.03117,172.31.36.0-255,167,167922,10,172213
3262,0.031204,172.31.36.0-255,1113,169035,10,172213
3263,0.031267,172.31.36.0-255,1514,170549,10,172213
3264,0.031269,172.31.36.0-255,1292,171841,10,172213
3265,0.032655,104.244.42.0-255,66,171907,10,172213
3266,0.032693,104.244.42.0-255,66,171973,10,172213
3267,0.032764,104.244.42.0-255,66,172039,10,172213
3268,0.033526,104.244.42.0-255,108,172147,10,172213
3269,0.033536,172.31.36.0-255,66,172213,10,172213
3270,0.0,172.217.194.0-255,152,152,10,263485
3271,3.8e-05,172.31.36.0-255,66,218,10,263485
3272,4.5e-05,172.217.194.0-255,1484,1702,10,263485
3273,4.8e-05,172.31.36.0-255,66,1768,10,263485
3274,5.4e-05,172.217.194.0-255,2902,4670,10,263485
3275,6.5e-05,172.31.36.0-255,66,4736,10,263485
3276,7.3e-05,172.217.194.0-255,7156,11892,10,263485
3277,7.6e-05,172.31.36.0-255,66,11958,10,263485
3278,8e-05,172.217.194.0-255,2036,13994,10,263485
3279,8.4e-05,172.31.36.0-255,66,14060,10,263485
3280,8.7e-05,172.217.194.0-255,1484,15544,10,263485
3281,8.9e-05,172.31.36.0-255,66,15610,10,263485
3282,0.000156,172.31.36.0-255,66,15676,10,263485
3283,0.000163,172.217.194.0-255,5379,21055,10,263485
3284,0.000165,172.31.36.0-255,66,21121,10,263485
3285,0.000206,172.217.194.0-255,1484,22605,10,263485
3286,0.000209,172.31.36.0-255,66,22671,10,263485
3287,0.000218,172.217.194.0-255,2902,25573,10,263485
3288,0.000221,172.31.36.0-255,66,25639,10,263485
3289,0.000228,172.217.194.0-255,5738,31377,10,263485
3290,0.00023,172.31.36.0-255,66,31443,10,263485
3291,0.000275,172.31.36.0-255,66,31509,10,263485
3292,0.000286,172.31.36.0-255,66,31575,10,263485
3293,0.000294,172.217.194.0-255,398,31973,10,263485
3294,0.000299,172.31.36.0-255,66,32039,10,263485
3295,0.000617,172.217.194.0-255,377,32416,10,263485
3296,0.000625,172.31.36.0-255,66,32482,10,263485
3297,0.000927,172.217.194.0-255,1484,33966,10,263485
3298,0.000934,172.31.36.0-255,66,34032,10,263485
3299,0.000939,172.217.194.0-255,2902,36934,10,263485
3300,0.000941,172.31.36.0-255,66,37000,10,263485
3301,0.000953,172.217.194.0-255,5738,42738,10,263485
3302,0.000956,172.31.36.0-255,66,42804,10,263485
3303,0.000964,172.217.194.0-255,7156,49960,10,263485
3304,0.000966,172.31.36.0-255,66,50026,10,263485
3305,0.001007,172.217.194.0-255,5738,55764,10,263485
3306,0.001011,172.31.36.0-255,66,55830,10,263485
3307,0.001023,172.31.36.0-255,66,55896,10,263485
3308,0.001032,172.217.194.0-255,2184,58080,10,263485
3309,0.001034,172.31.36.0-255,66,58146,10,263485
3310,0.001384,172.217.194.0-255,1484,59630,10,263485
3311,0.001393,172.217.194.0-255,2902,62532,10,263485
3312,0.001397,172.31.36.0-255,66,62598,10,263485
3313,0.001405,172.217.194.0-255,5738,68336,10,263485
3314,0.001407,172.31.36.0-255,66,68402,10,263485
3315,0.001416,172.217.194.0-255,1484,69886,10,263485
3316,0.001444,172.31.36.0-255,66,69952,10,263485
3317,0.001498,172.31.36.0-255,66,70018,10,263485
3318,0.001799,172.217.194.0-255,1484,71502,10,263485
3319,0.001807,172.217.194.0-255,2902,74404,10,263485
3320,0.001812,172.31.36.0-255,66,74470,10,263485
3321,0.001819,172.217.194.0-255,5738,80208,10,263485
3322,0.001823,172.31.36.0-255,66,80274,10,263485
3323,0.001841,172.31.36.0-255,66,80340,10,263485
3324,0.001855,172.217.194.0-255,4320,84660,10,263485
3325,0.001861,172.31.36.0-255,66,84726,10,263485
3326,0.00189,172.217.194.0-255,5738,90464,10,263485
3327,0.001893,172.31.36.0-255,66,90530,10,263485
3328,0.001916,172.217.194.0-255,5020,95550,10,263485
3329,0.001919,172.31.36.0-255,66,95616,10,263485
3330,0.001932,172.31.36.0-255,66,95682,10,263485
3331,0.001984,172.31.36.0-255,66,95748,10,263485
3332,0.001988,172.217.194.0-255,1484,97232,10,263485
3333,0.002012,172.217.194.0-255,766,97998,10,263485
3334,0.002015,172.31.36.0-255,66,98064,10,263485
3335,0.002083,172.217.194.0-255,1484,99548,10,263485
3336,0.002089,172.217.194.0-255,2902,102450,10,263485
3337,0.002092,172.31.36.0-255,66,102516,10,263485
3338,0.002098,172.217.194.0-255,4320,106836,10,263485
3339,0.002101,172.31.36.0-255,66,106902,10,263485
3340,0.002119,172.217.194.0-255,1484,108386,10,263485
3341,0.00217,172.217.194.0-255,4320,112706,10,263485
3342,0.002172,172.31.36.0-255,66,112772,10,263485
3343,0.002207,172.31.36.0-255,66,112838,10,263485
3344,0.002227,172.31.36.0-255,66,112904,10,263485
3345,0.002251,172.217.194.0-255,1484,114388,10,263485
3346,0.002256,172.217.194.0-255,2902,117290,10,263485
3347,0.002258,172.31.36.0-255,66,117356,10,263485
3348,0.002264,172.217.194.0-255,4320,121676,10,263485
3349,0.002267,172.31.36.0-255,66,121742,10,263485
3350,0.002287,172.217.194.0-255,1484,123226,10,263485
3351,0.002311,172.31.36.0-255,66,123292,10,263485
3352,0.002323,172.31.36.0-255,66,123358,10,263485
3353,0.002326,172.217.194.0-255,766,124124,10,263485
3354,0.002537,172.217.194.0-255,1484,125608,10,263485
3355,0.002542,172.31.36.0-255,66,125674,10,263485
3356,0.002548,172.217.194.0-255,2902,128576,10,263485
3357,0.002552,172.31.36.0-255,66,128642,10,263485
3358,0.002563,172.217.194.0-255,5738,134380,10,263485
3359,0.002566,172.31.36.0-255,66,134446,10,263485
3360,0.002605,172.31.36.0-255,66,134512,10,263485
3361,0.002613,172.217.194.0-255,7156,141668,10,263485
3362,0.002616,172.31.36.0-255,66,141734,10,263485
3363,0.002625,172.217.194.0-255,3602,145336,10,263485
3364,0.004505,172.31.36.0-255,66,145402,10,263485
3365,0.005179,172.217.194.0-255,1484,146886,10,263485
3366,0.005539,172.31.36.0-255,101,146987,10,263485
3367,0.007074,172.217.194.0-255,4320,151307,10,263485
3368,0.00708,172.31.36.0-255,66,151373,10,263485
3369,0.008106,172.217.194.0-255,1484,152857,10,263485
3370,0.009657,172.217.194.0-255,4320,157177,10,263485
3371,0.009664,172.31.36.0-255,66,157243,10,263485
3372,0.012259,172.217.194.0-255,5738,162981,10,263485
3373,0.012266,172.31.36.0-255,66,163047,10,263485
3374,0.014832,172.217.194.0-255,5738,168785,10,263485
3375,0.014841,172.31.36.0-255,66,168851,10,263485
3376,0.017438,172.217.194.0-255,5738,174589,10,263485
3377,0.017447,172.31.36.0-255,66,174655,10,263485
3378,0.020021,172.217.194.0-255,5738,180393,10,263485
3379,0.020029,172.31.36.0-255,66,180459,10,263485
3380,0.022653,172.217.194.0-255,5738,186197,10,263485
3381,0.022666,172.31.36.0-255,66,186263,10,263485
3382,0.025262,172.217.194.0-255,5738,192001,10,263485
3383,0.025271,172.31.36.0-255,66,192067,10,263485
3384,0.02787,172.217.194.0-255,5738,197805,10,263485
3385,0.027879,172.31.36.0-255,66,197871,10,263485
3386,0.030463,172.217.194.0-255,5738,203609,10,263485
3387,0.030472,172.31.36.0-255,66,203675,10,263485
3388,0.03303,172.217.194.0-255,5738,209413,10,263485
3389,0.033041,172.31.36.0-255,66,209479,10,263485
3390,0.035644,172.217.194.0-255,5738,215217,10,263485
3391,0.035652,172.31.36.0-255,66,215283,10,263485
3392,0.037635,172.31.36.0-255,172,215455,10,263485
3393,0.037665,172.31.36.0-255,1111,216566,10,263485
3394,0.037716,172.31.36.0-255,1514,218080,10,263485
3395,0.037718,172.31.36.0-255,1294,219374,10,263485
3396,0.03824,172.217.194.0-255,5738,225112,10,263485
3397,0.038246,172.31.36.0-255,66,225178,10,263485
3398,0.039125,104.244.42.0-255,66,225244,10,263485
3399,0.039148,104.244.42.0-255,66,225310,10,263485
3400,0.039218,104.244.42.0-255,66,225376,10,263485
3401,0.040841,172.217.194.0-255,5738,231114,10,263485
3402,0.040847,172.31.36.0-255,66,231180,10,263485
3403,0.043437,172.217.194.0-255,5738,236918,10,263485
3404,0.043444,172.31.36.0-255,66,236984,10,263485
3405,0.046053,172.217.194.0-255,5738,242722,10,263485
3406,0.046069,172.31.36.0-255,66,242788,10,263485
3407,0.04867,172.217.194.0-255,5738,248526,10,263485
3408,0.048677,172.31.36.0-255,66,248592,10,263485
3409,0.051261,172.217.194.0-255,5738,254330,10,263485
3410,0.051267,172.31.36.0-255,66,254396,10,263485
3411,0.053862,172.217.194.0-255,5738,260134,10,263485
3412,0.05387,172.31.36.0-255,66,260200,10,263485
3413,0.056437,172.217.194.0-255,3048,263248,10,263485
3414,0.056445,172.31.36.0-255,66,263314,10,263485
3415,0.056627,172.31.36.0-255,105,263419,10,263485
3416,0.062922,172.217.194.0-255,66,263485,10,263485
3417,0.0,172.217.194.0-255,153,153,10,130217
3418,2.2e-05,172.31.36.0-255,66,219,10,130217
3419,3e-05,172.217.194.0-255,1484,1703,10,130217
3420,3.5e-05,172.31.36.0-255,66,1769,10,130217
3421,4.9e-05,172.217.194.0-255,2902,4671,10,130217
3422,5.3e-05,172.31.36.0-255,66,4737,10,130217
3423,6.1e-05,172.217.194.0-255,7156,11893,10,130217
3424,6.5e-05,172.31.36.0-255,66,11959,10,130217
3425,8.2e-05,172.31.36.0-255,66,12025,10,130217
3426,8.6e-05,172.217.194.0-255,1484,13509,10,130217
3427,8.9e-05,172.31.36.0-255,66,13575,10,130217
3428,9.3e-05,172.217.194.0-255,1125,14700,10,130217
3429,9.5e-05,172.31.36.0-255,66,14766,10,130217
3430,0.000169,172.217.194.0-255,1484,16250,10,130217
3431,0.000172,172.31.36.0-255,66,16316,10,130217
3432,0.000176,172.217.194.0-255,1484,17800,10,130217
3433,0.000178,172.31.36.0-255,66,17866,10,130217
3434,0.000216,172.217.194.0-255,1484,19350,10,130217
3435,0.000219,172.31.36.0-255,66,19416,10,130217
3436,0.000225,172.217.194.0-255,5738,25154,10,130217
3437,0.000228,172.31.36.0-255,66,25220,10,130217
3438,0.00024,172.217.194.0-255,6797,32017,10,130217
3439,0.000243,172.31.36.0-255,66,32083,10,130217
3440,0.000258,172.31.36.0-255,66,32149,10,130217
3441,0.000262,172.217.194.0-255,2854,35003,10,130217
3442,0.000264,172.31.36.0-255,66,35069,10,130217
3443,0.000294,172.217.194.0-255,377,35446,10,130217
3444,0.000297,172.31.36.0-255,66,35512,10,130217
3445,0.000467,172.217.194.0-255,1484,36996,10,130217
3446,0.000474,172.31.36.0-255,66,37062,10,130217
3447,0.00048,172.217.194.0-255,2902,39964,10,130217
3448,0.000483,172.31.36.0-255,66,40030,10,130217
3449,0.000495,172.217.194.0-255,5738,45768,10,130217
3450,0.000497,172.31.36.0-255,66,45834,10,130217
3451,0.000504,172.217.194.0-255,5738,51572,10,130217
3452,0.000507,172.31.36.0-255,66,51638,10,130217
3453,0.00054,172.217.194.0-255,4320,55958,10,130217
3454,0.000543,172.31.36.0-255,66,56024,10,130217
3455,0.000561,172.31.36.0-255,66,56090,10,130217
3456,0.000565,172.217.194.0-255,2184,58274,10,130217
3457,0.000567,172.31.36.0-255,66,58340,10,130217
3458,0.001138,172.217.194.0-255,1484,59824,10,130217
3459,0.001147,172.217.194.0-255,2902,62726,10,130217
3460,0.001152,172.31.36.0-255,66,62792,10,130217
3461,0.001159,172.217.194.0-255,5738,68530,10,130217
3462,0.001162,172.31.36.0-255,66,68596,10,130217
3463,0.001175,172.217.194.0-255,5738,74334,10,130217
3464,0.001179,172.31.36.0-255,66,74400,10,130217
3465,0.001225,172.31.36.0-255,66,74466,10,130217
3466,0.001232,172.217.194.0-255,5020,79486,10,130217
3467,0.001235,172.31.36.0-255,66,79552,10,130217
3468,0.001682,172.217.194.0-255,1484,81036,10,130217
3469,0.001689,172.217.194.0-255,2902,83938,10,130217
3470,0.001693,172.31.36.0-255,66,84004,10,130217
3471,0.001701,172.217.194.0-255,4320,88324,10,130217
3472,0.001703,172.31.36.0-255,66,88390,10,130217
3473,0.001742,172.217.194.0-255,1484,89874,10,130217
3474,0.001755,172.31.36.0-255,66,89940,10,130217
3475,0.001765,172.31.36.0-255,66,90006,10,130217
3476,0.001803,172.31.36.0-255,66,90072,10,130217
3477,0.001832,172.217.194.0-255,766,90838,10,130217
3478,0.001846,172.31.36.0-255,66,90904,10,130217
3479,0.001853,172.217.194.0-255,6438,97342,10,130217
3480,0.001856,172.31.36.0-255,66,97408,10,130217
3481,0.001907,172.217.194.0-255,7156,104564,10,130217
3482,0.001935,172.217.194.0-255,4320,108884,10,130217
3483,0.001942,172.31.36.0-255,66,108950,10,130217
3484,0.001972,172.217.194.0-255,5020,113970,10,130217
3485,0.001976,172.31.36.0-255,66,114036,10,130217
3486,0.001979,172.31.36.0-255,66,114102,10,130217
3487,0.001981,172.31.36.0-255,66,114168,10,130217
3488,0.001989,172.31.36.0-255,66,114234,10,130217
3489,0.002052,172.31.36.0-255,66,114300,10,130217
3490,0.002106,172.31.36.0-255,66,114366,10,130217
3491,0.002131,172.31.36.0-255,66,114432,10,130217
3492,0.002144,172.31.36.0-255,66,114498,10,130217
3493,0.00215,172.217.194.0-255,7156,121654,10,130217
3494,0.002153,172.31.36.0-255,66,121720,10,130217
3495,0.002164,172.31.36.0-255,66,121786,10,130217
3496,0.002182,172.217.194.0-255,3602,125388,10,130217
3497,0.002218,172.31.36.0-255,66,125454,10,130217
3498,0.002224,172.31.36.0-255,66,125520,10,130217
3499,0.002327,172.31.36.0-255,66,125586,10,130217
3500,0.002361,172.217.194.0-255,105,125691,10,130217
3501,0.002377,172.31.36.0-255,66,125757,10,130217
3502,0.004717,172.31.36.0-255,105,125862,10,130217
3503,0.007323,172.217.194.0-255,66,125928,10,130217
3504,0.025096,172.31.36.0-255,172,126100,10,130217
3505,0.025132,172.31.36.0-255,1112,127212,10,130217
3506,0.025225,172.31.36.0-255,1514,128726,10,130217
3507,0.025227,172.31.36.0-255,1293,130019,10,130217
3508,0.026676,104.244.42.0-255,66,130085,10,130217
3509,0.026709,104.244.42.0-255,66,130151,10,130217
3510,0.026769,104.244.42.0-255,66,130217,10,130217
3511,0.0,74.125.130.0-255,153,153,10,362924
3512,3.3e-05,172.31.36.0-255,66,219,10,362924
3513,4e-05,74.125.130.0-255,1484,1703,10,362924
3514,4.5e-05,172.31.36.0-255,66,1769,10,362924
3515,5.1e-05,74.125.130.0-255,2902,4671,10,362924
3516,5.4e-05,172.31.36.0-255,66,4737,10,362924
3517,6.5e-05,74.125.130.0-255,1484,6221,10,362924
3518,6.8e-05,172.31.36.0-255,66,6287,10,362924
3519,7.3e-05,74.125.130.0-255,2902,9189,10,362924
3520,7.6e-05,172.31.36.0-255,66,9255,10,362924
3521,8.2e-05,74.125.130.0-255,4320,13575,10,362924
3522,8.5e-05,172.31.36.0-255,66,13641,10,362924
3523,0.000116,74.125.130.0-255,2082,15723,10,362924
3524,0.000119,172.31.36.0-255,66,15789,10,362924
3525,0.000123,74.125.130.0-255,2902,18691,10,362924
3526,0.000125,172.31.36.0-255,66,18757,10,362924
3527,0.000137,172.31.36.0-255,66,18823,10,362924
3528,0.00014,74.125.130.0-255,1125,19948,10,362924
3529,0.000142,172.31.36.0-255,66,20014,10,362924
3530,0.000297,74.125.130.0-255,1484,21498,10,362924
3531,0.000302,172.31.36.0-255,66,21564,10,362924
3532,0.000306,74.125.130.0-255,1484,23048,10,362924
3533,0.000309,172.31.36.0-255,66,23114,10,362924
3534,0.000336,74.125.130.0-255,1484,24598,10,362924
3535,0.00034,172.31.36.0-255,66,24664,10,362924
3536,0.000347,74.125.130.0-255,5738,30402,10,362924
3537,0.00035,172.31.36.0-255,66,30468,10,362924
3538,0.000357,74.125.130.0-255,6797,37265,10,362924
3539,0.000359,172.31.36.0-255,66,37331,10,362924
3540,0.000389,74.125.130.0-255,2902,40233,10,362924
3541,0.000392,172.31.36.0-255,66,40299,10,362924
3542,0.000433,74.125.130.0-255,4320,44619,10,362924
3543,0.000439,172.31.36.0-255,66,44685,10,362924
3544,0.000444,172.31.36.0-255,66,44751,10,362924
3545,0.000447,74.125.130.0-255,100,44851,10,362924
3546,0.000525,74.125.130.0-255,365,45216,10,362924
3547,0.000796,172.31.36.0-255,66,45282,10,362924
3548,0.000927,74.125.130.0-255,1484,46766,10,362924
3549,0.000936,74.125.130.0-255,2902,49668,10,362924
3550,0.00094,172.31.36.0-255,66,49734,10,362924
3551,0.000944,74.125.130.0-255,1484,51218,10,362924
3552,0.00097,74.125.130.0-255,4320,55538,10,362924
3553,0.000973,172.31.36.0-255,66,55604,10,362924
3554,0.000982,74.125.130.0-255,7156,62760,10,362924
3555,0.000984,172.31.36.0-255,66,62826,10,362924
3556,0.001023,172.31.36.0-255,66,62892,10,362924
3557,0.001049,74.125.130.0-255,2902,65794,10,362924
3558,0.001052,172.31.36.0-255,66,65860,10,362924
3559,0.001059,74.125.130.0-255,2184,68044,10,362924
3560,0.001061,172.31.36.0-255,66,68110,10,362924
3561,0.001511,74.125.130.0-255,1484,69594,10,362924
3562,0.001519,74.125.130.0-255,2902,72496,10,362924
3563,0.001523,172.31.36.0-255,66,72562,10,362924
3564,0.001552,74.125.130.0-255,5738,78300,10,362924
3565,0.001555,172.31.36.0-255,66,78366,10,362924
3566,0.001561,74.125.130.0-255,4320,82686,10,362924
3567,0.001563,172.31.36.0-255,66,82752,10,362924
3568,0.001588,74.125.130.0-255,4320,87072,10,362924
3569,0.001591,172.31.36.0-255,66,87138,10,362924
3570,0.001612,172.31.36.0-255,66,87204,10,362924
3571,0.001619,74.125.130.0-255,5020,92224,10,362924
3572,0.001622,172.31.36.0-255,66,92290,10,362924
3573,0.003547,74.125.130.0-255,2902,95192,10,362924
3574,0.003553,172.31.36.0-255,66,95258,10,362924
3575,0.003572,74.125.130.0-255,2902,98160,10,362924
3576,0.003574,172.31.36.0-255,66,98226,10,362924
3577,0.005488,74.125.130.0-255,2902,101128,10,362924
3578,0.005493,172.31.36.0-255,66,101194,10,362924
3579,0.005512,74.125.130.0-255,2902,104096,10,362924
3580,0.005515,172.31.36.0-255,66,104162,10,362924
3581,0.00744,74.125.130.0-255,2902,107064,10,362924
3582,0.007448,172.31.36.0-255,66,107130,10,362924
3583,0.007484,74.125.130.0-255,2902,110032,10,362924
3584,0.007488,172.31.36.0-255,66,110098,10,362924
3585,0.009387,74.125.130.0-255,2902,113000,10,362924
3586,0.009396,172.31.36.0-255,66,113066,10,362924
3587,0.009426,74.125.130.0-255,2902,115968,10,362924
3588,0.00943,172.31.36.0-255,66,116034,10,362924
3589,0.011344,74.125.130.0-255,2902,118936,10,362924
3590,0.011351,172.31.36.0-255,66,119002,10,362924
3591,0.011388,74.125.130.0-255,2902,121904,10,362924
3592,0.011392,172.31.36.0-255,66,121970,10,362924
3593,0.013294,74.125.130.0-255,2902,124872,10,362924
3594,0.013301,172.31.36.0-255,66,124938,10,362924
3595,0.01333,74.125.130.0-255,2902,127840,10,362924
3596,0.013334,172.31.36.0-255,66,127906,10,362924
3597,0.015244,74.125.130.0-255,2902,130808,10,362924
3598,0.015251,172.31.36.0-255,66,130874,10,362924
3599,0.015296,74.125.130.0-255,2902,133776,10,362924
3600,0.015299,172.31.36.0-255,66,133842,10,362924
3601,0.017199,74.125.130.0-255,2902,136744,10,362924
3602,0.017206,172.31.36.0-255,66,136810,10,362924
3603,0.017251,74.125.130.0-255,1484,138294,10,362924
3604,0.017266,74.125.130.0-255,1484,139778,10,362924
3605,0.01727,172.31.36.0-255,66,139844,10,362924
3606,0.019151,74.125.130.0-255,2902,142746,10,362924
3607,0.019159,172.31.36.0-255,66,142812,10,362924
3608,0.019206,74.125.130.0-255,2902,145714,10,362924
3609,0.01921,172.31.36.0-255,66,145780,10,362924
3610,0.021115,74.125.130.0-255,2902,148682,10,362924
3611,0.021122,172.31.36.0-255,66,148748,10,362924
3612,0.021151,74.125.130.0-255,2902,151650,10,362924
3613,0.021154,172.31.36.0-255,66,151716,10,362924
3614,0.021755,172.31.36.0-255,164,151880,10,362924
3615,0.021796,172.31.36.0-255,1120,153000,10,362924
3616,0.021861,172.31.36.0-255,1514,154514,10,362924
3617,0.021863,172.31.36.0-255,320,154834,10,362924
3618,0.023059,74.125.130.0-255,2902,157736,10,362924
3619,0.023064,172.31.36.0-255,66,157802,10,362924
3620,0.023113,74.125.130.0-255,1484,159286,10,362924
3621,0.023125,74.125.130.0-255,1484,160770,10,362924
3622,0.023129,172.31.36.0-255,66,160836,10,362924
3623,0.023293,104.244.42.0-255,66,160902,10,362924
3624,0.023329,104.244.42.0-255,66,160968,10,362924
3625,0.02341,104.244.42.0-255,66,161034,10,362924
3626,0.025004,74.125.130.0-255,2902,163936,10,362924
3627,0.025009,172.31.36.0-255,66,164002,10,362924
3628,0.025062,74.125.130.0-255,2902,166904,10,362924
3629,0.025065,172.31.36.0-255,66,166970,10,362924
3630,0.026948,74.125.130.0-255,2902,169872,10,362924
3631,0.026955,172.31.36.0-255,66,169938,10,362924
3632,0.026991,74.125.130.0-255,1484,171422,10,362924
3633,0.027004,74.125.130.0-255,1484,172906,10,362924
3634,0.027006,172.31.36.0-255,66,172972,10,362924
3635,0.0289,74.125.130.0-255,2902,175874,10,362924
3636,0.028905,172.31.36.0-255,66,175940,10,362924
3637,0.028939,74.125.130.0-255,2902,178842,10,362924
3638,0.028942,172.31.36.0-255,66,178908,10,362924
3639,0.030837,74.125.130.0-255,2902,181810,10,362924
3640,0.030842,172.31.36.0-255,66,181876,10,362924
3641,0.030882,74.125.130.0-255,2902,184778,10,362924
3642,0.030886,172.31.36.0-255,66,184844,10,362924
3643,0.032777,74.125.130.0-255,2902,187746,10,362924
3644,0.032782,172.31.36.0-255,66,187812,10,362924
3645,0.032829,74.125.130.0-255,2902,190714,10,362924
3646,0.032836,172.31.36.0-255,66,190780,10,362924
3647,0.03475,74.125.130.0-255,2902,193682,10,362924
3648,0.034756,172.31.36.0-255,66,193748,10,362924
3649,0.034795,74.125.130.0-255,2902,196650,10,362924
3650,0.034799,172.31.36.0-255,66,196716,10,362924
3651,0.036694,74.125.130.0-255,2902,199618,10,362924
3652,0.036699,172.31.36.0-255,66,199684,10,362924
3653,0.036737,74.125.130.0-255,2902,202586,10,362924
3654,0.03674,172.31.36.0-255,66,202652,10,362924
3655,0.038645,74.125.130.0-255,2902,205554,10,362924
3656,0.03865,172.31.36.0-255,66,205620,10,362924
3657,0.038689,74.125.130.0-255,2902,208522,10,362924
3658,0.038693,172.31.36.0-255,66,208588,10,362924
3659,0.040597,74.125.130.0-255,2902,211490,10,362924
3660,0.040603,172.31.36.0-255,66,211556,10,362924
3661,0.040641,74.125.130.0-255,2902,214458,10,362924
3662,0.040644,172.31.36.0-255,66,214524,10,362924
3663,0.042531,74.125.130.0-255,2902,217426,10,362924
3664,0.042537,172.31.36.0-255,66,217492,10,362924
3665,0.042576,74.125.130.0-255,2902,220394,10,362924
3666,0.04258,172.31.36.0-255,66,220460,10,362924
3667,0.044475,74.125.130.0-255,2902,223362,10,362924
3668,0.044481,172.31.36.0-255,66,223428,10,362924
3669,0.044508,74.125.130.0-255,2902,226330,10,362924
3670,0.04451,172.31.36.0-255,66,226396,10,362924
3671,0.046423,74.125.130.0-255,2902,229298,10,362924
3672,0.046429,172.31.36.0-255,66,229364,10,362924
3673,0.04646,74.125.130.0-255,2902,232266,10,362924
3674,0.046463,172.31.36.0-255,66,232332,10,362924
3675,0.048368,74.125.130.0-255,2902,235234,10,362924
3676,0.048373,172.31.36.0-255,66,235300,10,362924
3677,0.048422,74.125.130.0-255,2902,238202,10,362924
3678,0.048426,172.31.36.0-255,66,238268,10,362924
3679,0.050308,74.125.130.0-255,2902,241170,10,362924
3680,0.050314,172.31.36.0-255,66,241236,10,362924
3681,0.050359,74.125.130.0-255,2902,244138,10,362924
3682,0.050363,172.31.36.0-255,66,244204,10,362924
3683,0.052251,74.125.130.0-255,2902,247106,10,362924
3684,0.052256,172.31.36.0-255,66,247172,10,362924
3685,0.052305,74.125.130.0-255,2902,250074,10,362924
3686,0.052308,172.31.36.0-255,66,250140,10,362924
3687,0.054185,74.125.130.0-255,2902,253042,10,362924
3688,0.05419,172.31.36.0-255,66,253108,10,362924
3689,0.054238,74.125.130.0-255,2902,256010,10,362924
3690,0.054242,172.31.36.0-255,66,256076,10,362924
3691,0.056135,74.125.130.0-255,2902,258978,10,362924
3692,0.056141,172.31.36.0-255,66,259044,10,362924
3693,0.056177,74.125.130.0-255,2902,261946,10,362924
3694,0.05618,172.31.36.0-255,66,262012,10,362924
3695,0.058079,74.125.130.0-255,2902,264914,10,362924
3696,0.058086,172.31.36.0-255,66,264980,10,362924
3697,0.058107,74.125.130.0-255,2902,267882,10,362924
3698,0.05811,172.31.36.0-255,66,267948,10,362924
3699,0.060021,74.125.130.0-255,2902,270850,10,362924
3700,0.060027,172.31.36.0-255,66,270916,10,362924
3701,0.060056,74.125.130.0-255,2902,273818,10,362924
3702,0.06006,172.31.36.0-255,66,273884,10,362924
3703,0.061968,74.125.130.0-255,2902,276786,10,362924
3704,0.061974,172.31.36.0-255,66,276852,10,362924
3705,0.062005,74.125.130.0-255,2902,279754,10,362924
3706,0.062009,172.31.36.0-255,66,279820,10,362924
3707,0.063923,74.125.130.0-255,2902,282722,10,362924
3708,0.063928,172.31.36.0-255,66,282788,10,362924
3709,0.063967,74.125.130.0-255,2902,285690,10,362924
3710,0.063971,172.31.36.0-255,66,285756,10,362924
3711,0.065871,74.125.130.0-255,2902,288658,10,362924
3712,0.065892,172.31.36.0-255,66,288724,10,362924
3713,0.065925,74.125.130.0-255,2902,291626,10,362924
3714,0.065929,172.31.36.0-255,66,291692,10,362924
3715,0.067831,74.125.130.0-255,2902,294594,10,362924
3716,0.067836,172.31.36.0-255,66,294660,10,362924
3717,0.067872,74.125.130.0-255,2902,297562,10,362924
3718,0.067875,172.31.36.0-255,66,297628,10,362924
3719,0.069782,74.125.130.0-255,2902,300530,10,362924
3720,0.069788,172.31.36.0-255,66,300596,10,362924
3721,0.069824,74.125.130.0-255,2902,303498,10,362924
3722,0.069828,172.31.36.0-255,66,303564,10,362924
3723,0.07172,74.125.130.0-255,2902,306466,10,362924
3724,0.071726,172.31.36.0-255,66,306532,10,362924
3725,0.071765,74.125.130.0-255,2902,309434,10,362924
3726,0.071769,172.31.36.0-255,66,309500,10,362924
3727,0.073648,74.125.130.0-255,2902,312402,10,362924
3728,0.073654,172.31.36.0-255,66,312468,10,362924
3729,0.0737,74.125.130.0-255,2902,315370,10,362924
3730,0.073704,172.31.36.0-255,66,315436,10,362924
3731,0.075586,74.125.130.0-255,2902,318338,10,362924
3732,0.075591,172.31.36.0-255,66,318404,10,362924
3733,0.075637,74.125.130.0-255,2902,321306,10,362924
3734,0.075641,172.31.36.0-255,66,321372,10,362924
3735,0.077528,74.125.130.0-255,2902,324274,10,362924
3736,0.077534,172.31.36.0-255,66,324340,10,362924
3737,0.077574,74.125.130.0-255,2902,327242,10,362924
3738,0.077577,172.31.36.0-255,66,327308,10,362924
3739,0.07947,74.125.130.0-255,2902,330210,10,362924
3740,0.079475,172.31.36.0-255,66,330276,10,362924
3741,0.079511,74.125.130.0-255,2902,333178,10,362924
3742,0.079514,172.31.36.0-255,66,333244,10,362924
3743,0.081407,74.125.130.0-255,2902,336146,10,362924
3744,0.081413,172.31.36.0-255,66,336212,10,362924
3745,0.081449,74.125.130.0-255,2902,339114,10,362924
3746,0.081452,172.31.36.0-255,66,339180,10,362924
3747,0.083351,74.125.130.0-255,2902,342082,10,362924
3748,0.083356,172.31.36.0-255,66,342148,10,362924
3749,0.083392,74.125.130.0-255,2902,345050,10,362924
3750,0.083395,172.31.36.0-255,66,345116,10,362924
3751,0.085308,74.125.130.0-255,2902,348018,10,362924
3752,0.085313,172.31.36.0-255,66,348084,10,362924
3753,0.085359,74.125.130.0-255,2902,350986,10,362924
3754,0.085364,172.31.36.0-255,66,351052,10,362924
3755,0.087299,74.125.130.0-255,2902,353954,10,362924
3756,0.087304,172.31.36.0-255,66,354020,10,362924
3757,0.087342,74.125.130.0-255,2902,356922,10,362924
3758,0.087346,172.31.36.0-255,66,356988,10,362924
3759,0.089243,74.125.130.0-255,2902,359890,10,362924
3760,0.089248,172.31.36.0-255,66,359956,10,362924
3761,0.089281,74.125.130.0-255,2902,362858,10,362924
3762,0.089284,172.31.36.0-255,66,362924,10,362924
3763,0.0,172.217.160.0-255,152,152,10,219058
3764,2.2e-05,172.31.36.0-255,66,218,10,219058
3765,3e-05,172.217.160.0-255,1484,1702,10,219058
3766,3.4e-05,172.31.36.0-255,66,1768,10,219058
3767,4.8e-05,172.217.160.0-255,2902,4670,10,219058
3768,5.1e-05,172.31.36.0-255,66,4736,10,219058
3769,6e-05,172.217.160.0-255,7156,11892,10,219058
3770,6.2e-05,172.31.36.0-255,66,11958,10,219058
3771,7.6e-05,172.31.36.0-255,66,12024,10,219058
3772,8.5e-05,172.217.160.0-255,6797,18821,10,219058
3773,8.9e-05,172.31.36.0-255,66,18887,10,219058
3774,0.000125,172.217.160.0-255,4320,23207,10,219058
3775,0.000128,172.31.36.0-255,66,23273,10,219058
3776,0.000154,172.217.160.0-255,2902,26175,10,219058
3777,0.000156,172.31.36.0-255,66,26241,10,219058
3778,0.000185,172.217.160.0-255,2902,29143,10,219058
3779,0.000189,172.31.36.0-255,66,29209,10,219058
3780,0.000196,172.217.160.0-255,6797,36006,10,219058
3781,0.000199,172.31.36.0-255,66,36072,10,219058
3782,0.000211,172.217.160.0-255,7156,43228,10,219058
3783,0.000214,172.31.36.0-255,66,43294,10,219058
3784,0.00025,172.31.36.0-255,66,43360,10,219058
3785,0.000253,172.217.160.0-255,335,43695,10,219058
3786,0.000255,172.31.36.0-255,66,43761,10,219058
3787,0.000955,172.217.160.0-255,121,43882,10,219058
3788,0.000963,172.31.36.0-255,66,43948,10,219058
3789,0.001068,172.217.160.0-255,1484,45432,10,219058
3790,0.001071,172.31.36.0-255,66,45498,10,219058
3791,0.001077,172.217.160.0-255,2902,48400,10,219058
3792,0.001079,172.31.36.0-255,66,48466,10,219058
3793,0.001115,172.217.160.0-255,5738,54204,10,219058
3794,0.001118,172.31.36.0-255,66,54270,10,219058
3795,0.001161,172.31.36.0-255,66,54336,10,219058
3796,0.001169,172.217.160.0-255,7156,61492,10,219058
3797,0.001171,172.31.36.0-255,66,61558,10,219058
3798,0.001206,172.217.160.0-255,5379,66937,10,219058
3799,0.001208,172.31.36.0-255,66,67003,10,219058
3800,0.001941,172.217.160.0-255,1484,68487,10,219058
3801,0.001953,172.217.160.0-255,2902,71389,10,219058
3802,0.001958,172.31.36.0-255,66,71455,10,219058
3803,0.001966,172.217.160.0-255,5738,77193,10,219058
3804,0.001968,172.31.36.0-255,66,77259,10,219058
3805,0.002016,172.31.36.0-255,66,77325,10,219058
3806,0.00202,172.217.160.0-255,1484,78809,10,219058
3807,0.002025,172.217.160.0-255,4320,83129,10,219058
3808,0.002027,172.31.36.0-255,66,83195,10,219058
3809,0.002034,172.217.160.0-255,1484,84679,10,219058
3810,0.002056,172.217.160.0-255,1484,86163,10,219058
3811,0.002058,172.31.36.0-255,66,86229,10,219058
3812,0.002078,172.217.160.0-255,5020,91249,10,219058
3813,0.002081,172.31.36.0-255,66,91315,10,219058
3814,0.002105,172.217.160.0-255,1484,92799,10,219058
3815,0.002109,172.217.160.0-255,2902,95701,10,219058
3816,0.002112,172.31.36.0-255,66,95767,10,219058
3817,0.002116,172.217.160.0-255,1484,97251,10,219058
3818,0.002142,172.217.160.0-255,5738,102989,10,219058
3819,0.002144,172.31.36.0-255,66,103055,10,219058
3820,0.00216,172.217.160.0-255,2902,105957,10,219058
3821,0.002167,172.31.36.0-255,66,106023,10,219058
3822,0.002173,172.217.160.0-255,5738,111761,10,219058
3823,0.002175,172.31.36.0-255,66,111827,10,219058
3824,0.00218,172.217.160.0-255,2902,114729,10,219058
3825,0.002183,172.31.36.0-255,66,114795,10,219058
3826,0.002189,172.217.160.0-255,5738,120533,10,219058
3827,0.002191,172.31.36.0-255,66,120599,10,219058
3828,0.002236,172.217.160.0-255,6438,127037,10,219058
3829,0.002239,172.31.36.0-255,66,127103,10,219058
3830,0.002247,172.217.160.0-255,7156,134259,10,219058
3831,0.002253,172.31.36.0-255,66,134325,10,219058
3832,0.002259,172.217.160.0-255,2902,137227,10,219058
3833,0.002261,172.31.36.0-255,66,137293,10,219058
3834,0.002303,172.31.36.0-255,66,137359,10,219058
3835,0.002311,172.217.160.0-255,7156,144515,10,219058
3836,0.002313,172.31.36.0-255,66,144581,10,219058
3837,0.002317,172.217.160.0-255,2184,146765,10,219058
3838,0.002319,172.31.36.0-255,66,146831,10,219058
3839,0.002354,172.217.160.0-255,2902,149733,10,219058
3840,0.002357,172.31.36.0-255,66,149799,10,219058
3841,0.002362,172.217.160.0-255,2902,152701,10,219058
3842,0.002364,172.31.36.0-255,66,152767,10,219058
3843,0.002394,172.217.160.0-255,2902,155669,10,219058
3844,0.002396,172.31.36.0-255,66,155735,10,219058
3845,0.002446,172.31.36.0-255,66,155801,10,219058
3846,0.002466,172.217.160.0-255,1484,157285,10,219058
3847,0.002489,172.31.36.0-255,66,157351,10,219058
3848,0.002658,172.217.160.0-255,1484,158835,10,219058
3849,0.002682,172.217.160.0-255,2902,161737,10,219058
3850,0.002687,172.31.36.0-255,66,161803,10,219058
3851,0.002694,172.217.160.0-255,5738,167541,10,219058
3852,0.002697,172.31.36.0-255,66,167607,10,219058
3853,0.002742,172.31.36.0-255,66,167673,10,219058
3854,0.002765,172.217.160.0-255,4320,171993,10,219058
3855,0.002768,172.31.36.0-255,66,172059,10,219058
3856,0.002778,172.217.160.0-255,4320,176379,10,219058
3857,0.002781,172.31.36.0-255,66,176445,10,219058
3858,0.002784,172.217.160.0-255,1484,177929,10,219058
3859,0.002789,172.217.160.0-255,2902,180831,10,219058
3860,0.002791,172.31.36.0-255,66,180897,10,219058
3861,0.002833,172.217.160.0-255,3602,184499,10,219058
3862,0.002837,172.31.36.0-255,66,184565,10,219058
3863,0.002843,172.217.160.0-255,4320,188885,10,219058
3864,0.002845,172.31.36.0-255,66,188951,10,219058
3865,0.002862,172.31.36.0-255,66,189017,10,219058
3866,0.002911,172.31.36.0-255,66,189083,10,219058
3867,0.00295,172.31.36.0-255,66,189149,10,219058
3868,0.002963,172.31.36.0-255,66,189215,10,219058
3869,0.002991,172.217.160.0-255,5020,194235,10,219058
3870,0.002994,172.31.36.0-255,66,194301,10,219058
3871,0.003079,172.217.160.0-255,1484,195785,10,219058
3872,0.003101,172.217.160.0-255,2902,198687,10,219058
3873,0.003105,172.31.36.0-255,66,198753,10,219058
3874,0.003108,172.217.160.0-255,1484,200237,10,219058
3875,0.003125,172.31.36.0-255,66,200303,10,219058
3876,0.003153,172.217.160.0-255,1484,201787,10,219058
3877,0.003157,172.31.36.0-255,78,201865,10,219058
3878,0.003182,172.31.36.0-255,66,201931,10,219058
3879,0.003195,172.31.36.0-255,66,201997,10,219058
3880,0.003231,172.31.36.0-255,66,202063,10,219058
3881,0.003235,172.217.160.0-255,2902,204965,10,219058
3882,0.003237,172.31.36.0-255,66,205031,10,219058
3883,0.003243,172.217.160.0-255,4320,209351,10,219058
3884,0.003246,172.31.36.0-255,66,209417,10,219058
3885,0.0033,172.31.36.0-255,66,209483,10,219058
3886,0.003331,172.217.160.0-255,4880,214363,10,219058
3887,0.003334,172.31.36.0-255,66,214429,10,219058
3888,0.003338,172.217.160.0-255,105,214534,10,219058
3889,0.013491,172.31.36.0-255,66,214600,10,219058
3890,0.013557,172.31.36.0-255,105,214705,10,219058
3891,0.015503,172.217.160.0-255,66,214771,10,219058
3892,0.044341,172.31.36.0-255,172,214943,10,219058
3893,0.044387,172.31.36.0-255,1112,216055,10,219058
3894,0.044458,172.31.36.0-255,1514,217569,10,219058
3895,0.04446,172.31.36.0-255,1291,218860,10,219058
3896,0.045904,104.244.42.0-255,66,218926,10,219058
3897,0.045939,104.244.42.0-255,66,218992,10,219058
3898,0.046028,104.244.42.0-255,66,219058,10,219058
3899,0.0,74.125.24.0-255,146,146,10,290165
3900,2.7e-05,172.31.36.0-255,66,212,10,290165
3901,3.4e-05,74.125.24.0-255,1484,1696,10,290165
3902,3.8e-05,172.31.36.0-255,66,1762,10,290165
3903,4.3e-05,74.125.24.0-255,2902,4664,10,290165
3904,5.4e-05,172.31.36.0-255,66,4730,10,290165
3905,6.2e-05,74.125.24.0-255,7156,11886,10,290165
3906,6.5e-05,172.31.36.0-255,66,11952,10,290165
3907,6.9e-05,74.125.24.0-255,1986,13938,10,290165
3908,7.2e-05,172.31.36.0-255,66,14004,10,290165
3909,0.000105,74.125.24.0-255,2902,16906,10,290165
3910,0.000109,172.31.36.0-255,66,16972,10,290165
3911,0.000114,74.125.24.0-255,4320,21292,10,290165
3912,0.000116,172.31.36.0-255,66,21358,10,290165
3913,0.000126,172.31.36.0-255,66,21424,10,290165
3914,0.000149,74.125.24.0-255,1125,22549,10,290165
3915,0.000151,172.31.36.0-255,66,22615,10,290165
3916,0.000382,74.125.24.0-255,1484,24099,10,290165
3917,0.000387,172.31.36.0-255,66,24165,10,290165
3918,0.000392,74.125.24.0-255,2902,27067,10,290165
3919,0.000395,172.31.36.0-255,66,27133,10,290165
3920,0.000398,74.125.24.0-255,1484,28617,10,290165
3921,0.000407,172.31.36.0-255,66,28683,10,290165
3922,0.000439,74.125.24.0-255,4320,33003,10,290165
3923,0.000442,172.31.36.0-255,66,33069,10,290165
3924,0.000458,172.31.36.0-255,66,33135,10,290165
3925,0.000465,74.125.24.0-255,7156,40291,10,290165
3926,0.000468,172.31.36.0-255,66,40357,10,290165
3927,0.000514,74.125.24.0-255,2882,43239,10,290165
3928,0.000517,172.31.36.0-255,66,43305,10,290165
3929,0.000579,74.125.24.0-255,1484,44789,10,290165
3930,0.000584,74.125.24.0-255,1484,46273,10,290165
3931,0.000588,172.31.36.0-255,66,46339,10,290165
3932,0.000609,74.125.24.0-255,1484,47823,10,290165
3933,0.000618,74.125.24.0-255,5738,53561,10,290165
3934,0.00062,172.31.36.0-255,66,53627,10,290165
3935,0.000664,74.125.24.0-255,6797,60424,10,290165
3936,0.000667,172.31.36.0-255,66,60490,10,290165
3937,0.000719,74.125.24.0-255,7156,67646,10,290165
3938,0.000724,172.31.36.0-255,66,67712,10,290165
3939,0.00073,74.125.24.0-255,7156,74868,10,290165
3940,0.000733,172.31.36.0-255,66,74934,10,290165
3941,0.00075,172.31.36.0-255,66,75000,10,290165
3942,0.000757,74.125.24.0-255,7156,82156,10,290165
3943,0.00076,172.31.36.0-255,66,82222,10,290165
3944,0.000782,74.125.24.0-255,3961,86183,10,290165
3945,0.000786,172.31.36.0-255,66,86249,10,290165
3946,0.000887,74.125.24.0-255,1484,87733,10,290165
3947,0.000902,74.125.24.0-255,2902,90635,10,290165
3948,0.000906,172.31.36.0-255,66,90701,10,290165
3949,0.000949,74.125.24.0-255,5738,96439,10,290165
3950,0.000952,172.31.36.0-255,66,96505,10,290165
3951,0.00096,74.125.24.0-255,7156,103661,10,290165
3952,0.000962,172.31.36.0-255,66,103727,10,290165
3953,0.000972,74.125.24.0-255,2902,106629,10,290165
3954,0.000975,172.31.36.0-255,66,106695,10,290165
3955,0.00098,74.125.24.0-255,4320,111015,10,290165
3956,0.000982,172.31.36.0-255,66,111081,10,290165
3957,0.001029,172.31.36.0-255,66,111147,10,290165
3958,0.001032,74.125.24.0-255,766,111913,10,290165
3959,0.001157,74.125.24.0-255,1484,113397,10,290165
3960,0.001161,172.31.36.0-255,66,113463,10,290165
3961,0.001166,74.125.24.0-255,2902,116365,10,290165
3962,0.001172,172.31.36.0-255,66,116431,10,290165
3963,0.001205,74.125.24.0-255,5738,122169,10,290165
3964,0.001208,172.31.36.0-255,66,122235,10,290165
3965,0.001222,172.31.36.0-255,66,122301,10,290165
3966,0.001227,74.125.24.0-255,2902,125203,10,290165
3967,0.001229,172.31.36.0-255,66,125269,10,290165
3968,0.001258,74.125.24.0-255,5738,131007,10,290165
3969,0.001261,172.31.36.0-255,66,131073,10,290165
3970,0.00129,74.125.24.0-255,2184,133257,10,290165
3971,0.001294,172.31.36.0-255,66,133323,10,290165
3972,0.001299,74.125.24.0-255,2902,136225,10,290165
3973,0.001301,172.31.36.0-255,66,136291,10,290165
3974,0.001306,74.125.24.0-255,4320,140611,10,290165
3975,0.001309,172.31.36.0-255,66,140677,10,290165
3976,0.001337,74.125.24.0-255,2902,143579,10,290165
3977,0.00134,172.31.36.0-255,66,143645,10,290165
3978,0.001347,74.125.24.0-255,5738,149383,10,290165
3979,0.001349,172.31.36.0-255,66,149449,10,290165
3980,0.001363,172.31.36.0-255,66,149515,10,290165
3981,0.001393,74.125.24.0-255,1484,150999,10,290165
3982,0.001399,74.125.24.0-255,3602,154601,10,290165
3983,0.001402,172.31.36.0-255,66,154667,10,290165
3984,0.001486,74.125.24.0-255,1484,156151,10,290165
3985,0.001492,74.125.24.0-255,2902,159053,10,290165
3986,0.001496,172.31.36.0-255,66,159119,10,290165
3987,0.001503,74.125.24.0-255,5738,164857,10,290165
3988,0.001505,172.31.36.0-255,66,164923,10,290165
3989,0.00153,74.125.24.0-255,2902,167825,10,290165
3990,0.001533,172.31.36.0-255,66,167891,10,290165
3991,0.00154,74.125.24.0-255,7156,175047,10,290165
3992,0.001542,172.31.36.0-255,66,175113,10,290165
3993,0.001571,74.125.24.0-255,2902,178015,10,290165
3994,0.001575,172.31.36.0-255,66,178081,10,290165
3995,0.001591,172.31.36.0-255,66,178147,10,290165
3996,0.001885,74.125.24.0-255,1484,179631,10,290165
3997,0.001891,74.125.24.0-255,2902,182533,10,290165
3998,0.001895,172.31.36.0-255,66,182599,10,290165
3999,0.001925,74.125.24.0-255,5738,188337,10,290165
4000,0.001929,172.31.36.0-255,66,188403,10,290165
4001,0.001936,74.125.24.0-255,7156,195559,10,290165
4002,0.001939,172.31.36.0-255,66,195625,10,290165
4003,0.001957,172.31.36.0-255,66,195691,10,290165
4004,0.002052,172.31.36.0-255,66,195757,10,290165
4005,0.002058,172.31.36.0-255,66,195823,10,290165
4006,0.002072,172.31.36.0-255,66,195889,10,290165
4007,0.002167,74.125.24.0-255,1484,197373,10,290165
4008,0.002181,74.125.24.0-255,2902,200275,10,290165
4009,0.002185,172.31.36.0-255,66,200341,10,290165
4010,0.002191,74.125.24.0-255,2902,203243,10,290165
4011,0.002201,172.31.36.0-255,66,203309,10,290165
4012,0.002219,74.125.24.0-255,2902,206211,10,290165
4013,0.002226,74.125.24.0-255,7156,213367,10,290165
4014,0.002226,172.31.36.0-255,66,213433,10,290165
4015,0.00223,172.31.36.0-255,66,213499,10,290165
4016,0.002246,74.125.24.0-255,5738,219237,10,290165
4017,0.002257,172.31.36.0-255,66,219303,10,290165
4018,0.002285,172.31.36.0-255,66,219369,10,290165
4019,0.002301,74.125.24.0-255,2184,221553,10,290165
4020,0.002314,172.31.36.0-255,66,221619,10,290165
4021,0.004596,74.125.24.0-255,5738,227357,10,290165
4022,0.004602,172.31.36.0-255,66,227423,10,290165
4023,0.006926,74.125.24.0-255,5738,233161,10,290165
4024,0.00693,172.31.36.0-255,66,233227,10,290165
4025,0.009216,74.125.24.0-255,5738,238965,10,290165
4026,0.009222,172.31.36.0-255,66,239031,10,290165
4027,0.011726,74.125.24.0-255,5738,244769,10,290165
4028,0.011734,172.31.36.0-255,66,244835,10,290165
4029,0.013988,74.125.24.0-255,5738,250573,10,290165
4030,0.013996,172.31.36.0-255,66,250639,10,290165
4031,0.016293,74.125.24.0-255,5738,256377,10,290165
4032,0.016303,172.31.36.0-255,66,256443,10,290165
4033,0.018972,74.125.24.0-255,5738,262181,10,290165
4034,0.01898,172.31.36.0-255,66,262247,10,290165
4035,0.021264,74.125.24.0-255,5738,267985,10,290165
4036,0.021272,172.31.36.0-255,66,268051,10,290165
4037,0.023584,74.125.24.0-255,5738,273789,10,290165
4038,0.023591,172.31.36.0-255,66,273855,10,290165
4039,0.025888,74.125.24.0-255,5738,279593,10,290165
4040,0.025903,172.31.36.0-255,66,279659,10,290165
4041,0.028178,74.125.24.0-255,4320,283979,10,290165
4042,0.028186,172.31.36.0-255,66,284045,10,290165
4043,0.02822,74.125.24.0-255,1484,285529,10,290165
4044,0.030464,74.125.24.0-255,118,285647,10,290165
4045,0.030471,172.31.36.0-255,66,285713,10,290165
4046,0.030626,172.31.36.0-255,105,285818,10,290165
4047,0.032566,172.31.36.0-255,166,285984,10,290165
4048,0.032595,172.31.36.0-255,1136,287120,10,290165
4049,0.032637,172.31.36.0-255,1514,288634,10,290165
4050,0.032639,172.31.36.0-255,1267,289901,10,290165
4051,0.03289,74.125.24.0-255,66,289967,10,290165
4052,0.03409,104.244.42.0-255,66,290033,10,290165
4053,0.034145,104.244.42.0-255,66,290099,10,290165
4054,0.034171,104.244.42.0-255,66,290165,10,290165
4055,0.0,74.125.200.0-255,152,152,10,326039
4056,2.7e-05,172.31.36.0-255,66,218,10,326039
4057,3.4e-05,74.125.200.0-255,1484,1702,10,326039
4058,3.8e-05,172.31.36.0-255,66,1768,10,326039
4059,4.3e-05,74.125.200.0-255,2902,4670,10,326039
4060,5.5e-05,172.31.36.0-255,66,4736,10,326039
4061,6.3e-05,74.125.200.0-255,5738,10474,10,326039
4062,6.6e-05,172.31.36.0-255,66,10540,10,326039
4063,7.9e-05,74.125.200.0-255,1484,12024,10,326039
4064,8.1e-05,172.31.36.0-255,66,12090,10,326039
4065,0.000107,74.125.200.0-255,2041,14131,10,326039
4066,0.00011,172.31.36.0-255,66,14197,10,326039
4067,0.000178,74.125.200.0-255,1484,15681,10,326039
4068,0.000182,172.31.36.0-255,66,15747,10,326039
4069,0.000206,74.125.200.0-255,2902,18649,10,326039
4070,0.000209,172.31.36.0-255,66,18715,10,326039
4071,0.000214,74.125.200.0-255,2902,21617,10,326039
4072,0.000216,172.31.36.0-255,66,21683,10,326039
4073,0.000221,74.125.200.0-255,4320,26003,10,326039
4074,0.00023,172.31.36.0-255,66,26069,10,326039
4075,0.000256,74.125.200.0-255,4320,30389,10,326039
4076,0.000259,172.31.36.0-255,66,30455,10,326039
4077,0.000286,74.125.200.0-255,1125,31580,10,326039
4078,0.000289,172.31.36.0-255,66,31646,10,326039
4079,0.00044,74.125.200.0-255,1484,33130,10,326039
4080,0.000444,172.31.36.0-255,66,33196,10,326039
4081,0.000448,74.125.200.0-255,2902,36098,10,326039
4082,0.000451,172.31.36.0-255,66,36164,10,326039
4083,0.000477,74.125.200.0-255,5738,41902,10,326039
4084,0.00048,172.31.36.0-255,66,41968,10,326039
4085,0.000507,74.125.200.0-255,6797,48765,10,326039
4086,0.00051,172.31.36.0-255,66,48831,10,326039
4087,0.000577,74.125.200.0-255,1484,50315,10,326039
4088,0.000591,74.125.200.0-255,2902,53217,10,326039
4089,0.000594,172.31.36.0-255,66,53283,10,326039
4090,0.00062,74.125.200.0-255,2902,56185,10,326039
4091,0.000623,172.31.36.0-255,66,56251,10,326039
4092,0.00065,74.125.200.0-255,2902,59153,10,326039
4093,0.000653,172.31.36.0-255,66,59219,10,326039
4094,0.000657,74.125.200.0-255,1484,60703,10,326039
4095,0.000661,74.125.200.0-255,2902,63605,10,326039
4096,0.000664,172.31.36.0-255,66,63671,10,326039
4097,0.000673,74.125.200.0-255,2874,66545,10,326039
4098,0.000675,172.31.36.0-255,66,66611,10,326039
4099,0.000717,74.125.200.0-255,379,66990,10,326039
4100,0.000768,172.31.36.0-255,66,67056,10,326039
4101,0.001574,74.125.200.0-255,1484,68540,10,326039
4102,0.001584,74.125.200.0-255,2902,71442,10,326039
4103,0.001589,172.31.36.0-255,66,71508,10,326039
4104,0.001593,74.125.200.0-255,1484,72992,10,326039
4105,0.001619,74.125.200.0-255,2902,75894,10,326039
4106,0.001621,172.31.36.0-255,66,75960,10,326039
4107,0.001627,74.125.200.0-255,5738,81698,10,326039
4108,0.001629,172.31.36.0-255,66,81764,10,326039
4109,0.001666,172.31.36.0-255,66,81830,10,326039
4110,0.001673,74.125.200.0-255,5738,87568,10,326039
4111,0.001675,172.31.36.0-255,66,87634,10,326039
4112,0.001689,74.125.200.0-255,766,88400,10,326039
4113,0.002273,74.125.200.0-255,1484,89884,10,326039
4114,0.002276,172.31.36.0-255,66,89950,10,326039
4115,0.002294,74.125.200.0-255,2902,92852,10,326039
4116,0.002297,172.31.36.0-255,66,92918,10,326039
4117,0.002326,74.125.200.0-255,4320,97238,10,326039
4118,0.002329,172.31.36.0-255,66,97304,10,326039
4119,0.002334,74.125.200.0-255,5738,103042,10,326039
4120,0.002336,172.31.36.0-255,66,103108,10,326039
4121,0.004646,74.125.200.0-255,5738,108846,10,326039
4122,0.004651,172.31.36.0-255,66,108912,10,326039
4123,0.006968,74.125.200.0-255,5738,114650,10,326039
4124,0.006976,172.31.36.0-255,66,114716,10,326039
4125,0.009306,74.125.200.0-255,5738,120454,10,326039
4126,0.009316,172.31.36.0-255,66,120520,10,326039
4127,0.011633,74.125.200.0-255,5738,126258,10,326039
4128,0.011641,172.31.36.0-255,66,126324,10,326039
4129,0.013957,74.125.200.0-255,5738,132062,10,326039
4130,0.013967,172.31.36.0-255,66,132128,10,326039
4131,0.016284,74.125.200.0-255,5738,137866,10,326039
4132,0.016292,172.31.36.0-255,66,137932,10,326039
4133,0.018604,74.125.200.0-255,5738,143670,10,326039
4134,0.018611,172.31.36.0-255,66,143736,10,326039
4135,0.020923,74.125.200.0-255,5738,149474,10,326039
4136,0.020931,172.31.36.0-255,66,149540,10,326039
4137,0.021194,172.31.36.0-255,172,149712,10,326039
4138,0.021236,172.31.36.0-255,1111,150823,10,326039
4139,0.021401,172.31.36.0-255,1514,152337,10,326039
4140,0.021403,172.31.36.0-255,1294,153631,10,326039
4141,0.022682,104.244.42.0-255,66,153697,10,326039
4142,0.022714,104.244.42.0-255,66,153763,10,326039
4143,0.022896,104.244.42.0-255,66,153829,10,326039
4144,0.023234,74.125.200.0-255,2902,156731,10,326039
4145,0.023237,172.31.36.0-255,66,156797,10,326039
4146,0.023274,74.125.200.0-255,2902,159699,10,326039
4147,0.023279,172.31.36.0-255,66,159765,10,326039
4148,0.025543,74.125.200.0-255,2902,162667,10,326039
4149,0.025547,172.31.36.0-255,66,162733,10,326039
4150,0.025579,74.125.200.0-255,2902,165635,10,326039
4151,0.025581,172.31.36.0-255,66,165701,10,326039
4152,0.027849,74.125.200.0-255,2902,168603,10,326039
4153,0.027854,172.31.36.0-255,66,168669,10,326039
4154,0.027887,74.125.200.0-255,2902,171571,10,326039
4155,0.02789,172.31.36.0-255,66,171637,10,326039
4156,0.030171,74.125.200.0-255,2902,174539,10,326039
4157,0.030176,172.31.36.0-255,66,174605,10,326039
4158,0.030213,74.125.200.0-255,2902,177507,10,326039
4159,0.030216,172.31.36.0-255,66,177573,10,326039
4160,0.03248,74.125.200.0-255,2902,180475,10,326039
4161,0.032485,172.31.36.0-255,66,180541,10,326039
4162,0.032522,74.125.200.0-255,2902,183443,10,326039
4163,0.032526,172.31.36.0-255,66,183509,10,326039
4164,0.034792,74.125.200.0-255,2902,186411,10,326039
4165,0.034797,172.31.36.0-255,66,186477,10,326039
4166,0.034833,74.125.200.0-255,2902,189379,10,326039
4167,0.034836,172.31.36.0-255,66,189445,10,326039
4168,0.037101,74.125.200.0-255,2902,192347,10,326039
4169,0.037106,172.31.36.0-255,66,192413,10,326039
4170,0.037148,74.125.200.0-255,2902,195315,10,326039
4171,0.037152,172.31.36.0-255,66,195381,10,326039
4172,0.039407,74.125.200.0-255,2902,198283,10,326039
4173,0.039428,172.31.36.0-255,66,198349,10,326039
4174,0.039464,74.125.200.0-255,2902,201251,10,326039
4175,0.039469,172.31.36.0-255,66,201317,10,326039
4176,0.041748,74.125.200.0-255,2902,204219,10,326039
4177,0.041754,172.31.36.0-255,66,204285,10,326039
4178,0.041796,74.125.200.0-255,2902,207187,10,326039
4179,0.041799,172.31.36.0-255,66,207253,10,326039
4180,0.044064,74.125.200.0-255,2902,210155,10,326039
4181,0.044068,172.31.36.0-255,66,210221,10,326039
4182,0.044102,74.125.200.0-255,2902,213123,10,326039
4183,0.044105,172.31.36.0-255,66,213189,10,326039
4184,0.046371,74.125.200.0-255,2902,216091,10,326039
4185,0.046376,172.31.36.0-255,66,216157,10,326039
4186,0.046409,74.125.200.0-255,2902,219059,10,326039
4187,0.046412,172.31.36.0-255,66,219125,10,326039
4188,0.048675,74.125.200.0-255,2902,222027,10,326039
4189,0.04868,172.31.36.0-255,66,222093,10,326039
4190,0.048717,74.125.200.0-255,2902,224995,10,326039
4191,0.04872,172.31.36.0-255,66,225061,10,326039
4192,0.05098,74.125.200.0-255,2902,227963,10,326039
4193,0.050985,172.31.36.0-255,66,228029,10,326039
4194,0.051029,74.125.200.0-255,2902,230931,10,326039
4195,0.051032,172.31.36.0-255,66,230997,10,326039
4196,0.053289,74.125.200.0-255,2902,233899,10,326039
4197,0.053294,172.31.36.0-255,66,233965,10,326039
4198,0.053338,74.125.200.0-255,2902,236867,10,326039
4199,0.053342,172.31.36.0-255,66,236933,10,326039
4200,0.055606,74.125.200.0-255,2902,239835,10,326039
4201,0.055612,172.31.36.0-255,66,239901,10,326039
4202,0.055687,74.125.200.0-255,2902,242803,10,326039
4203,0.055692,172.31.36.0-255,66,242869,10,326039
4204,0.057911,74.125.200.0-255,2902,245771,10,326039
4205,0.057916,172.31.36.0-255,66,245837,10,326039
4206,0.057981,74.125.200.0-255,2902,248739,10,326039
4207,0.057986,172.31.36.0-255,66,248805,10,326039
4208,0.060212,74.125.200.0-255,2902,251707,10,326039
4209,0.060217,172.31.36.0-255,66,251773,10,326039
4210,0.060273,74.125.200.0-255,1484,253257,10,326039
4211,0.06029,74.125.200.0-255,1484,254741,10,326039
4212,0.060293,172.31.36.0-255,66,254807,10,326039
4213,0.062529,74.125.200.0-255,2902,257709,10,326039
4214,0.062534,172.31.36.0-255,66,257775,10,326039
4215,0.062595,74.125.200.0-255,2902,260677,10,326039
4216,0.0626,172.31.36.0-255,66,260743,10,326039
4217,0.064837,74.125.200.0-255,2902,263645,10,326039
4218,0.064842,172.31.36.0-255,66,263711,10,326039
4219,0.064897,74.125.200.0-255,2902,266613,10,326039
4220,0.064901,172.31.36.0-255,66,266679,10,326039
4221,0.067136,74.125.200.0-255,2902,269581,10,326039
4222,0.06714,172.31.36.0-255,66,269647,10,326039
4223,0.067198,74.125.200.0-255,2902,272549,10,326039
4224,0.067202,172.31.36.0-255,66,272615,10,326039
4225,0.069443,74.125.200.0-255,2902,275517,10,326039
4226,0.069447,172.31.36.0-255,66,275583,10,326039
4227,0.069625,74.125.200.0-255,2902,278485,10,326039
4228,0.06963,172.31.36.0-255,66,278551,10,326039
4229,0.071767,74.125.200.0-255,2902,281453,10,326039
4230,0.071772,172.31.36.0-255,66,281519,10,326039
4231,0.07193,74.125.200.0-255,2902,284421,10,326039
4232,0.071935,172.31.36.0-255,66,284487,10,326039
4233,0.074078,74.125.200.0-255,2902,287389,10,326039
4234,0.074082,172.31.36.0-255,66,287455,10,326039
4235,0.074264,74.125.200.0-255,2902,290357,10,326039
4236,0.074268,172.31.36.0-255,66,290423,10,326039
4237,0.076381,74.125.200.0-255,2902,293325,10,326039
4238,0.076385,172.31.36.0-255,66,293391,10,326039
4239,0.076569,74.125.200.0-255,2902,296293,10,326039
4240,0.076575,172.31.36.0-255,66,296359,10,326039
4241,0.078687,74.125.200.0-255,2902,299261,10,326039
4242,0.078691,172.31.36.0-255,66,299327,10,326039
4243,0.078868,74.125.200.0-255,2902,302229,10,326039
4244,0.078873,172.31.36.0-255,66,302295,10,326039
4245,0.080991,74.125.200.0-255,2902,305197,10,326039
4246,0.081006,172.31.36.0-255,66,305263,10,326039
4247,0.081171,74.125.200.0-255,2902,308165,10,326039
4248,0.081176,172.31.36.0-255,66,308231,10,326039
4249,0.083306,74.125.200.0-255,2902,311133,10,326039
4250,0.083311,172.31.36.0-255,66,311199,10,326039
4251,0.083473,74.125.200.0-255,2902,314101,10,326039
4252,0.083478,172.31.36.0-255,66,314167,10,326039
4253,0.085618,74.125.200.0-255,2902,317069,10,326039
4254,0.085623,172.31.36.0-255,66,317135,10,326039
4255,0.085783,74.125.200.0-255,2902,320037,10,326039
4256,0.085788,172.31.36.0-255,66,320103,10,326039
4257,0.08793,74.125.200.0-255,2902,323005,10,326039
4258,0.087935,172.31.36.0-255,66,323071,10,326039
4259,0.088105,74.125.200.0-255,2902,325973,10,326039
4260,0.08811,172.31.36.0-255,66,326039,10,326039
4261,0.0,74.125.24.0-255,299,299,10,345090
4262,1.7e-05,172.31.36.0-255,66,365,10,345090
4263,2.4e-05,74.125.24.0-255,1484,1849,10,345090
4264,2.8e-05,172.31.36.0-255,66,1915,10,345090
4265,3.8e-05,74.125.24.0-255,4320,6235,10,345090
4266,4.2e-05,172.31.36.0-255,66,6301,10,345090
4267,4.7e-05,74.125.24.0-255,2902,9203,10,345090
4268,5.1e-05,172.31.36.0-255,66,9269,10,345090
4269,0.000109,74.125.24.0-255,4630,13899,10,345090
4270,0.000112,172.31.36.0-255,66,13965,10,345090
4271,0.000168,74.125.24.0-255,1484,15449,10,345090
4272,0.00017,172.31.36.0-255,66,15515,10,345090
4273,0.000174,74.125.24.0-255,1484,16999,10,345090
4274,0.000176,172.31.36.0-255,66,17065,10,345090
4275,0.00019,74.125.24.0-255,1484,18549,10,345090
4276,0.000193,172.31.36.0-255,66,18615,10,345090
4277,0.000199,74.125.24.0-255,4320,22935,10,345090
4278,0.000202,172.31.36.0-255,66,23001,10,345090
4279,0.000257,74.125.24.0-255,4320,27321,10,345090
4280,0.000261,172.31.36.0-255,66,27387,10,345090
4281,0.000287,74.125.24.0-255,3961,31348,10,345090
4282,0.00029,172.31.36.0-255,66,31414,10,345090
4283,0.000301,172.31.36.0-255,66,31480,10,345090
4284,0.000309,74.125.24.0-255,7156,38636,10,345090
4285,0.000311,172.31.36.0-255,66,38702,10,345090
4286,0.000332,74.125.24.0-255,1125,39827,10,345090
4287,0.000335,172.31.36.0-255,66,39893,10,345090
4288,0.000377,74.125.24.0-255,1484,41377,10,345090
4289,0.000379,172.31.36.0-255,66,41443,10,345090
4290,0.000384,74.125.24.0-255,2902,44345,10,345090
4291,0.000386,172.31.36.0-255,66,44411,10,345090
4292,0.000401,74.125.24.0-255,2902,47313,10,345090
4293,0.000403,172.31.36.0-255,66,47379,10,345090
4294,0.000417,74.125.24.0-255,2902,50281,10,345090
4295,0.000419,172.31.36.0-255,66,50347,10,345090
4296,0.000427,74.125.24.0-255,6797,57144,10,345090
4297,0.00043,172.31.36.0-255,66,57210,10,345090
4298,0.000845,74.125.24.0-255,646,57856,10,345090
4299,0.001078,172.31.36.0-255,66,57922,10,345090
4300,0.001099,74.125.24.0-255,1484,59406,10,345090
4301,0.001118,74.125.24.0-255,2902,62308,10,345090
4302,0.001121,172.31.36.0-255,66,62374,10,345090
4303,0.001139,74.125.24.0-255,5738,68112,10,345090
4304,0.001142,172.31.36.0-255,66,68178,10,345090
4305,0.001169,172.31.36.0-255,66,68244,10,345090
4306,0.001193,74.125.24.0-255,4320,72564,10,345090
4307,0.001196,172.31.36.0-255,66,72630,10,345090
4308,0.001214,74.125.24.0-255,7156,79786,10,345090
4309,0.001218,172.31.36.0-255,66,79852,10,345090
4310,0.001239,74.125.24.0-255,3053,82905,10,345090
4311,0.001241,172.31.36.0-255,66,82971,10,345090
4312,0.001447,74.125.24.0-255,1484,84455,10,345090
4313,0.001463,74.125.24.0-255,2902,87357,10,345090
4314,0.001466,172.31.36.0-255,66,87423,10,345090
4315,0.001488,74.125.24.0-255,5738,93161,10,345090
4316,0.001491,172.31.36.0-255,66,93227,10,345090
4317,0.001525,172.31.36.0-255,66,93293,10,345090
4318,0.001545,74.125.24.0-255,4320,97613,10,345090
4319,0.001548,172.31.36.0-255,66,97679,10,345090
4320,0.001566,74.125.24.0-255,4320,101999,10,345090
4321,0.001569,172.31.36.0-255,66,102065,10,345090
4322,0.001599,74.125.24.0-255,6438,108503,10,345090
4323,0.001602,172.31.36.0-255,66,108569,10,345090
4324,0.001969,74.125.24.0-255,1484,110053,10,345090
4325,0.001978,74.125.24.0-255,2902,112955,10,345090
4326,0.001982,172.31.36.0-255,66,113021,10,345090
4327,0.00199,74.125.24.0-255,5738,118759,10,345090
4328,0.001992,172.31.36.0-255,66,118825,10,345090
4329,0.002004,74.125.24.0-255,1484,120309,10,345090
4330,0.002031,172.31.36.0-255,66,120375,10,345090
4331,0.002039,74.125.24.0-255,7156,127531,10,345090
4332,0.002042,172.31.36.0-255,66,127597,10,345090
4333,0.002088,74.125.24.0-255,3602,131199,10,345090
4334,0.00209,172.31.36.0-255,66,131265,10,345090
4335,0.002141,74.125.24.0-255,1484,132749,10,345090
4336,0.002144,74.125.24.0-255,1484,134233,10,345090
4337,0.002146,172.31.36.0-255,66,134299,10,345090
4338,0.002167,74.125.24.0-255,1484,135783,10,345090
4339,0.002174,74.125.24.0-255,5738,141521,10,345090
4340,0.002176,172.31.36.0-255,66,141587,10,345090
4341,0.002181,74.125.24.0-255,4320,145907,10,345090
4342,0.002183,172.31.36.0-255,66,145973,10,345090
4343,0.002209,172.31.36.0-255,66,146039,10,345090
4344,0.002241,74.125.24.0-255,2902,148941,10,345090
4345,0.002243,172.31.36.0-255,66,149007,10,345090
4346,0.002255,172.31.36.0-255,66,149073,10,345090
4347,0.004839,74.125.24.0-255,5738,154811,10,345090
4348,0.004849,172.31.36.0-255,66,154877,10,345090
4349,0.007456,74.125.24.0-255,5738,160615,10,345090
4350,0.007466,172.31.36.0-255,66,160681,10,345090
4351,0.010063,74.125.24.0-255,5738,166419,10,345090
4352,0.010071,172.31.36.0-255,66,166485,10,345090
4353,0.0127,74.125.24.0-255,5738,172223,10,345090
4354,0.012711,172.31.36.0-255,66,172289,10,345090
4355,0.01531,74.125.24.0-255,5738,178027,10,345090
4356,0.01532,172.31.36.0-255,66,178093,10,345090
4357,0.017901,74.125.24.0-255,5738,183831,10,345090
4358,0.017914,172.31.36.0-255,66,183897,10,345090
4359,0.020524,74.125.24.0-255,5738,189635,10,345090
4360,0.020535,172.31.36.0-255,66,189701,10,345090
4361,0.023135,74.125.24.0-255,5738,195439,10,345090
4362,0.023141,172.31.36.0-255,66,195505,10,345090
4363,0.025773,74.125.24.0-255,5738,201243,10,345090
4364,0.025781,172.31.36.0-255,66,201309,10,345090
4365,0.028394,74.125.24.0-255,5738,207047,10,345090
4366,0.028403,172.31.36.0-255,66,207113,10,345090
4367,0.030946,74.125.24.0-255,5738,212851,10,345090
4368,0.030953,172.31.36.0-255,66,212917,10,345090
4369,0.031983,172.31.36.0-255,172,213089,10,345090
4370,0.032015,172.31.36.0-255,1111,214200,10,345090
4371,0.032071,172.31.36.0-255,1514,215714,10,345090
4372,0.032074,172.31.36.0-255,1292,217006,10,345090
4373,0.033558,104.244.42.0-255,66,217072,10,345090
4374,0.033573,74.125.24.0-255,5738,222810,10,345090
4375,0.033581,172.31.36.0-255,66,222876,10,345090
4376,0.033591,104.244.42.0-255,66,222942,10,345090
4377,0.033617,104.244.42.0-255,66,223008,10,345090
4378,0.036145,74.125.24.0-255,1484,224492,10,345090
4379,0.036167,74.125.24.0-255,4320,228812,10,345090
4380,0.036173,172.31.36.0-255,66,228878,10,345090
4381,0.03873,74.125.24.0-255,5738,234616,10,345090
4382,0.038742,172.31.36.0-255,66,234682,10,345090
4383,0.041337,74.125.24.0-255,5738,240420,10,345090
4384,0.041344,172.31.36.0-255,66,240486,10,345090
4385,0.043881,74.125.24.0-255,2902,243388,10,345090
4386,0.043887,172.31.36.0-255,66,243454,10,345090
4387,0.043905,74.125.24.0-255,2902,246356,10,345090
4388,0.043907,172.31.36.0-255,66,246422,10,345090
4389,0.046471,74.125.24.0-255,5738,252160,10,345090
4390,0.046477,172.31.36.0-255,66,252226,10,345090
4391,0.049054,74.125.24.0-255,5738,257964,10,345090
4392,0.049061,172.31.36.0-255,66,258030,10,345090
4393,0.051648,74.125.24.0-255,5738,263768,10,345090
4394,0.051656,172.31.36.0-255,66,263834,10,345090
4395,0.054233,74.125.24.0-255,5738,269572,10,345090
4396,0.054245,172.31.36.0-255,66,269638,10,345090
4397,0.056841,74.125.24.0-255,5738,275376,10,345090
4398,0.056849,172.31.36.0-255,66,275442,10,345090
4399,0.059479,74.125.24.0-255,5738,281180,10,345090
4400,0.059488,172.31.36.0-255,66,281246,10,345090
4401,0.062062,74.125.24.0-255,5738,286984,10,345090
4402,0.062071,172.31.36.0-255,66,287050,10,345090
4403,0.064664,74.125.24.0-255,5738,292788,10,345090
4404,0.06467,172.31.36.0-255,66,292854,10,345090
4405,0.06731,74.125.24.0-255,5738,298592,10,345090
4406,0.067318,172.31.36.0-255,66,298658,10,345090
4407,0.069981,74.125.24.0-255,5738,304396,10,345090
4408,0.069992,172.31.36.0-255,66,304462,10,345090
4409,0.072595,74.125.24.0-255,5738,310200,10,345090
4410,0.072602,172.31.36.0-255,66,310266,10,345090
4411,0.075198,74.125.24.0-255,5738,316004,10,345090
4412,0.075208,172.31.36.0-255,66,316070,10,345090
4413,0.077809,74.125.24.0-255,5738,321808,10,345090
4414,0.077816,172.31.36.0-255,66,321874,10,345090
4415,0.080439,74.125.24.0-255,5738,327612,10,345090
4416,0.080446,172.31.36.0-255,66,327678,10,345090
4417,0.083004,74.125.24.0-255,5738,333416,10,345090
4418,0.083011,172.31.36.0-255,66,333482,10,345090
4419,0.085613,74.125.24.0-255,5738,339220,10,345090
4420,0.085629,172.31.36.0-255,66,339286,10,345090
4421,0.088274,74.125.24.0-255,5738,345024,10,345090
4422,0.088283,172.31.36.0-255,66,345090,10,345090
4423,0.0,74.125.24.0-255,153,153,10,288782
4424,1.6e-05,172.31.36.0-255,66,219,10,288782
4425,2.3e-05,74.125.24.0-255,1484,1703,10,288782
4426,2.7e-05,172.31.36.0-255,66,1769,10,288782
4427,3.3e-05,74.125.24.0-255,2902,4671,10,288782
4428,4.4e-05,172.31.36.0-255,66,4737,10,288782
4429,5.2e-05,74.125.24.0-255,7156,11893,10,288782
4430,5.5e-05,172.31.36.0-255,66,11959,10,288782
4431,5.9e-05,74.125.24.0-255,2028,13987,10,288782
4432,6.2e-05,172.31.36.0-255,66,14053,10,288782
4433,0.000216,74.125.24.0-255,1484,15537,10,288782
4434,0.000222,172.31.36.0-255,66,15603,10,288782
4435,0.000228,74.125.24.0-255,2902,18505,10,288782
4436,0.000231,172.31.36.0-255,66,18571,10,288782
4437,0.000243,74.125.24.0-255,5738,24309,10,288782
4438,0.000245,172.31.36.0-255,66,24375,10,288782
4439,0.000285,172.31.36.0-255,66,24441,10,288782
4440,0.000295,172.31.36.0-255,66,24507,10,288782
4441,0.000374,172.31.36.0-255,66,24573,10,288782
4442,0.000408,172.31.36.0-255,66,24639,10,288782
4443,0.000411,74.125.24.0-255,110,24749,10,288782
4444,0.000414,172.31.36.0-255,66,24815,10,288782
4445,0.000603,74.125.24.0-255,1484,26299,10,288782
4446,0.000607,172.31.36.0-255,66,26365,10,288782
4447,0.000613,74.125.24.0-255,2902,29267,10,288782
4448,0.000615,172.31.36.0-255,66,29333,10,288782
4449,0.000621,74.125.24.0-255,5738,35071,10,288782
4450,0.00063,172.31.36.0-255,66,35137,10,288782
4451,0.000636,74.125.24.0-255,5738,40875,10,288782
4452,0.000639,172.31.36.0-255,66,40941,10,288782
4453,0.000687,172.31.36.0-255,66,41007,10,288782
4454,0.000693,74.125.24.0-255,5285,46292,10,288782
4455,0.000695,172.31.36.0-255,66,46358,10,288782
4456,0.000853,74.125.24.0-255,1484,47842,10,288782
4457,0.00086,74.125.24.0-255,2902,50744,10,288782
4458,0.000863,172.31.36.0-255,66,50810,10,288782
4459,0.000871,74.125.24.0-255,5738,56548,10,288782
4460,0.000873,172.31.36.0-255,66,56614,10,288782
4461,0.000883,74.125.24.0-255,4320,60934,10,288782
4462,0.000885,172.31.36.0-255,66,61000,10,288782
4463,0.000907,74.125.24.0-255,1484,62484,10,288782
4464,0.000967,74.125.24.0-255,4320,66804,10,288782
4465,0.00097,172.31.36.0-255,66,66870,10,288782
4466,0.000999,74.125.24.0-255,7156,74026,10,288782
4467,0.001007,74.125.24.0-255,5888,79914,10,288782
4468,0.001013,172.31.36.0-255,66,79980,10,288782
4469,0.001016,172.31.36.0-255,66,80046,10,288782
4470,0.001096,74.125.24.0-255,1484,81530,10,288782
4471,0.001102,74.125.24.0-255,2902,84432,10,288782
4472,0.001105,172.31.36.0-255,66,84498,10,288782
4473,0.001133,74.125.24.0-255,5738,90236,10,288782
4474,0.001136,172.31.36.0-255,66,90302,10,288782
4475,0.00114,74.125.24.0-255,1484,91786,10,288782
4476,0.001157,74.125.24.0-255,4320,96106,10,288782
4477,0.00116,74.125.24.0-255,1484,97590,10,288782
4478,0.001165,172.31.36.0-255,66,97656,10,288782
4479,0.001203,172.31.36.0-255,66,97722,10,288782
4480,0.001209,74.125.24.0-255,5020,102742,10,288782
4481,0.001212,172.31.36.0-255,66,102808,10,288782
4482,0.001218,74.125.24.0-255,4320,107128,10,288782
4483,0.00122,172.31.36.0-255,66,107194,10,288782
4484,0.001256,74.125.24.0-255,1484,108678,10,288782
4485,0.001264,74.125.24.0-255,7156,115834,10,288782
4486,0.001267,172.31.36.0-255,66,115900,10,288782
4487,0.001272,74.125.24.0-255,2902,118802,10,288782
4488,0.001274,172.31.36.0-255,66,118868,10,288782
4489,0.001297,74.125.24.0-255,5738,124606,10,288782
4490,0.0013,172.31.36.0-255,66,124672,10,288782
4491,0.00131,172.31.36.0-255,66,124738,10,288782
4492,0.001332,74.125.24.0-255,2902,127640,10,288782
4493,0.001334,172.31.36.0-255,66,127706,10,288782
4494,0.00138,172.31.36.0-255,66,127772,10,288782
4495,0.001383,74.125.24.0-255,1125,128897,10,288782
4496,0.001404,74.125.24.0-255,1484,130381,10,288782
4497,0.001407,172.31.36.0-255,66,130447,10,288782
4498,0.001412,74.125.24.0-255,2902,133349,10,288782
4499,0.001415,172.31.36.0-255,66,133415,10,288782
4500,0.00142,74.125.24.0-255,4320,137735,10,288782
4501,0.001423,172.31.36.0-255,66,137801,10,288782
4502,0.001453,74.125.24.0-255,1484,139285,10,288782
4503,0.001467,172.31.36.0-255,66,139351,10,288782
4504,0.001479,172.31.36.0-255,66,139417,10,288782
4505,0.001508,74.125.24.0-255,2184,141601,10,288782
4506,0.00151,172.31.36.0-255,66,141667,10,288782
4507,0.002076,74.125.24.0-255,1484,143151,10,288782
4508,0.002084,74.125.24.0-255,2902,146053,10,288782
4509,0.002088,172.31.36.0-255,66,146119,10,288782
4510,0.002093,74.125.24.0-255,1484,147603,10,288782
4511,0.002115,74.125.24.0-255,2902,150505,10,288782
4512,0.002117,172.31.36.0-255,66,150571,10,288782
4513,0.002126,74.125.24.0-255,7156,157727,10,288782
4514,0.002127,172.31.36.0-255,66,157793,10,288782
4515,0.002147,74.125.24.0-255,1484,159277,10,288782
4516,0.002154,74.125.24.0-255,5738,165015,10,288782
4517,0.002156,172.31.36.0-255,66,165081,10,288782
4518,0.002195,172.31.36.0-255,66,165147,10,288782
4519,0.002288,74.125.24.0-255,1484,166631,10,288782
4520,0.002295,74.125.24.0-255,2902,169533,10,288782
4521,0.002299,172.31.36.0-255,66,169599,10,288782
4522,0.002305,74.125.24.0-255,4320,173919,10,288782
4523,0.002307,172.31.36.0-255,66,173985,10,288782
4524,0.002325,74.125.24.0-255,1484,175469,10,288782
4525,0.002332,74.125.24.0-255,1484,176953,10,288782
4526,0.002335,172.31.36.0-255,66,177019,10,288782
4527,0.002339,74.125.24.0-255,2902,179921,10,288782
4528,0.002341,172.31.36.0-255,66,179987,10,288782
4529,0.00239,172.31.36.0-255,66,180053,10,288782
4530,0.002398,74.125.24.0-255,6438,186491,10,288782
4531,0.0024,172.31.36.0-255,66,186557,10,288782
4532,0.004716,74.125.24.0-255,5738,192295,10,288782
4533,0.004723,172.31.36.0-255,66,192361,10,288782
4534,0.00704,74.125.24.0-255,5738,198099,10,288782
4535,0.007047,172.31.36.0-255,66,198165,10,288782
4536,0.009363,74.125.24.0-255,5738,203903,10,288782
4537,0.009369,172.31.36.0-255,66,203969,10,288782
4538,0.011686,74.125.24.0-255,5738,209707,10,288782
4539,0.011694,172.31.36.0-255,66,209773,10,288782
4540,0.014009,74.125.24.0-255,5738,215511,10,288782
4541,0.014019,172.31.36.0-255,66,215577,10,288782
4542,0.016348,74.125.24.0-255,5738,221315,10,288782
4543,0.016357,172.31.36.0-255,66,221381,10,288782
4544,0.018681,74.125.24.0-255,5738,227119,10,288782
4545,0.01869,172.31.36.0-255,66,227185,10,288782
4546,0.021,74.125.24.0-255,5738,232923,10,288782
4547,0.021009,172.31.36.0-255,66,232989,10,288782
4548,0.02331,74.125.24.0-255,5738,238727,10,288782
4549,0.023318,172.31.36.0-255,66,238793,10,288782
4550,0.025634,74.125.24.0-255,5738,244531,10,288782
4551,0.025641,172.31.36.0-255,66,244597,10,288782
4552,0.027968,74.125.24.0-255,5738,250335,10,288782
4553,0.027976,172.31.36.0-255,66,250401,10,288782
4554,0.030285,74.125.24.0-255,5738,256139,10,288782
4555,0.030293,172.31.36.0-255,66,256205,10,288782
4556,0.032576,74.125.24.0-255,5738,261943,10,288782
4557,0.032583,172.31.36.0-255,66,262009,10,288782
4558,0.032684,172.31.36.0-255,176,262185,10,288782
4559,0.032712,172.31.36.0-255,1113,263298,10,288782
4560,0.032823,172.31.36.0-255,1514,264812,10,288782
4561,0.032825,172.31.36.0-255,1290,266102,10,288782
4562,0.034236,104.244.42.0-255,66,266168,10,288782
4563,0.034244,104.244.42.0-255,66,266234,10,288782
4564,0.034391,104.244.42.0-255,66,266300,10,288782
4565,0.034891,74.125.24.0-255,2902,269202,10,288782
4566,0.034898,172.31.36.0-255,66,269268,10,288782
4567,0.034956,74.125.24.0-255,2902,272170,10,288782
4568,0.034961,172.31.36.0-255,66,272236,10,288782
4569,0.036945,104.244.42.0-255,108,272344,10,288782
4570,0.036955,172.31.36.0-255,66,272410,10,288782
4571,0.037236,74.125.24.0-255,2902,275312,10,288782
4572,0.037241,172.31.36.0-255,66,275378,10,288782
4573,0.0373,74.125.24.0-255,2902,278280,10,288782
4574,0.037303,172.31.36.0-255,66,278346,10,288782
4575,0.03958,74.125.24.0-255,2902,281248,10,288782
4576,0.039587,172.31.36.0-255,66,281314,10,288782
4577,0.039616,74.125.24.0-255,2902,284216,10,288782
4578,0.039619,172.31.36.0-255,66,284282,10,288782
4579,0.041929,74.125.24.0-255,2902,287184,10,288782
4580,0.041936,172.31.36.0-255,66,287250,10,288782
4581,0.04198,74.125.24.0-255,1295,288545,10,288782
4582,0.042122,172.31.36.0-255,66,288611,10,288782
4583,0.042157,172.31.36.0-255,105,288716,10,288782
4584,0.044517,74.125.24.0-255,66,288782,10,288782
4585,0.0,74.125.24.0-255,153,153,10,292491
4586,2.8e-05,172.31.36.0-255,66,219,10,292491
4587,3.5e-05,74.125.24.0-255,1484,1703,10,292491
4588,3.9e-05,172.31.36.0-255,66,1769,10,292491
4589,4.5e-05,74.125.24.0-255,2902,4671,10,292491
4590,4.7e-05,172.31.36.0-255,66,4737,10,292491
4591,5.4e-05,74.125.24.0-255,7156,11893,10,292491
4592,5.7e-05,172.31.36.0-255,66,11959,10,292491
4593,8.5e-05,74.125.24.0-255,4320,16279,10,292491
4594,8.8e-05,172.31.36.0-255,66,16345,10,292491
4595,0.000114,74.125.24.0-255,3468,19813,10,292491
4596,0.000117,172.31.36.0-255,66,19879,10,292491
4597,0.000128,172.31.36.0-255,66,19945,10,292491
4598,0.000153,74.125.24.0-255,7156,27101,10,292491
4599,0.000155,172.31.36.0-255,66,27167,10,292491
4600,0.00017,74.125.24.0-255,4320,31487,10,292491
4601,0.000173,172.31.36.0-255,66,31553,10,292491
4602,0.000187,74.125.24.0-255,5738,37291,10,292491
4603,0.00019,172.31.36.0-255,66,37357,10,292491
4604,0.000199,74.125.24.0-255,7156,44513,10,292491
4605,0.000202,172.31.36.0-255,66,44579,10,292491
4606,0.000226,74.125.24.0-255,6438,51017,10,292491
4607,0.00023,172.31.36.0-255,66,51083,10,292491
4608,0.000236,74.125.24.0-255,4551,55634,10,292491
4609,0.000237,172.31.36.0-255,66,55700,10,292491
4610,0.000261,74.125.24.0-255,2902,58602,10,292491
4611,0.000265,172.31.36.0-255,66,58668,10,292491
4612,0.00027,74.125.24.0-255,4320,62988,10,292491
4613,0.000272,172.31.36.0-255,66,63054,10,292491
4614,0.000282,172.31.36.0-255,66,63120,10,292491
4615,0.0003,74.125.24.0-255,1484,64604,10,292491
4616,0.000314,74.125.24.0-255,5738,70342,10,292491
4617,0.000317,172.31.36.0-255,66,70408,10,292491
4618,0.000348,172.31.36.0-255,66,70474,10,292491
4619,0.00037,74.125.24.0-255,2184,72658,10,292491
4620,0.000373,172.31.36.0-255,66,72724,10,292491
4621,0.000378,74.125.24.0-255,2902,75626,10,292491
4622,0.00038,172.31.36.0-255,66,75692,10,292491
4623,0.000383,74.125.24.0-255,1484,77176,10,292491
4624,0.000402,74.125.24.0-255,5738,82914,10,292491
4625,0.000405,172.31.36.0-255,66,82980,10,292491
4626,0.000412,74.125.24.0-255,5738,88718,10,292491
4627,0.000418,172.31.36.0-255,66,88784,10,292491
4628,0.000427,74.125.24.0-255,3411,92195,10,292491
4629,0.00043,172.31.36.0-255,66,92261,10,292491
4630,0.000435,74.125.24.0-255,2902,95163,10,292491
4631,0.000437,172.31.36.0-255,66,95229,10,292491
4632,0.000476,172.31.36.0-255,66,95295,10,292491
4633,0.000481,74.125.24.0-255,4320,99615,10,292491
4634,0.000484,172.31.36.0-255,66,99681,10,292491
4635,0.000505,74.125.24.0-255,6438,106119,10,292491
4636,0.000508,172.31.36.0-255,66,106185,10,292491
4637,0.000901,74.125.24.0-255,1484,107669,10,292491
4638,0.000908,74.125.24.0-255,2902,110571,10,292491
4639,0.000911,172.31.36.0-255,66,110637,10,292491
4640,0.000916,74.125.24.0-255,4320,114957,10,292491
4641,0.000918,172.31.36.0-255,66,115023,10,292491
4642,0.00093,74.125.24.0-255,1484,116507,10,292491
4643,0.000943,74.125.24.0-255,2902,119409,10,292491
4644,0.000946,172.31.36.0-255,66,119475,10,292491
4645,0.000983,172.31.36.0-255,66,119541,10,292491
4646,0.000997,172.31.36.0-255,66,119607,10,292491
4647,0.001068,74.125.24.0-255,1484,121091,10,292491
4648,0.001085,74.125.24.0-255,2902,123993,10,292491
4649,0.001088,172.31.36.0-255,66,124059,10,292491
4650,0.001093,74.125.24.0-255,2902,126961,10,292491
4651,0.001096,172.31.36.0-255,66,127027,10,292491
4652,0.001109,74.125.24.0-255,2902,129929,10,292491
4653,0.001111,172.31.36.0-255,66,129995,10,292491
4654,0.001152,74.125.24.0-255,2902,132897,10,292491
4655,0.001155,172.31.36.0-255,66,132963,10,292491
4656,0.001176,74.125.24.0-255,5738,138701,10,292491
4657,0.001179,172.31.36.0-255,66,138767,10,292491
4658,0.001194,172.31.36.0-255,66,138833,10,292491
4659,0.001224,172.31.36.0-255,66,138899,10,292491
4660,0.001233,74.125.24.0-255,4320,143219,10,292491
4661,0.001235,172.31.36.0-255,66,143285,10,292491
4662,0.001245,172.31.36.0-255,66,143351,10,292491
4663,0.001293,74.125.24.0-255,4320,147671,10,292491
4664,0.001296,172.31.36.0-255,66,147737,10,292491
4665,0.001317,74.125.24.0-255,5020,152757,10,292491
4666,0.00132,172.31.36.0-255,66,152823,10,292491
4667,0.001361,74.125.24.0-255,7156,159979,10,292491
4668,0.001366,172.31.36.0-255,66,160045,10,292491
4669,0.001383,74.125.24.0-255,2902,162947,10,292491
4670,0.001387,172.31.36.0-255,66,163013,10,292491
4671,0.001393,74.125.24.0-255,5738,168751,10,292491
4672,0.001396,172.31.36.0-255,66,168817,10,292491
4673,0.001412,172.31.36.0-255,66,168883,10,292491
4674,0.001414,74.125.24.0-255,766,169649,10,292491
4675,0.001602,74.125.24.0-255,1484,171133,10,292491
4676,0.001606,172.31.36.0-255,66,171199,10,292491
4677,0.001611,74.125.24.0-255,2902,174101,10,292491
4678,0.001613,172.31.36.0-255,66,174167,10,292491
4679,0.001643,74.125.24.0-255,5738,179905,10,292491
4680,0.001646,172.31.36.0-255,66,179971,10,292491
4681,0.001653,74.125.24.0-255,5738,185709,10,292491
4682,0.001656,172.31.36.0-255,66,185775,10,292491
4683,0.001686,74.125.24.0-255,1484,187259,10,292491
4684,0.001701,172.31.36.0-255,66,187325,10,292491
4685,0.001704,74.125.24.0-255,2184,189509,10,292491
4686,0.001706,172.31.36.0-255,66,189575,10,292491
4687,0.001884,74.125.24.0-255,1484,191059,10,292491
4688,0.00189,74.125.24.0-255,1484,192543,10,292491
4689,0.001893,172.31.36.0-255,66,192609,10,292491
4690,0.001913,74.125.24.0-255,1484,194093,10,292491
4691,0.001919,74.125.24.0-255,5738,199831,10,292491
4692,0.001922,172.31.36.0-255,66,199897,10,292491
4693,0.001928,74.125.24.0-255,5738,205635,10,292491
4694,0.00193,172.31.36.0-255,66,205701,10,292491
4695,0.00195,74.125.24.0-255,7156,212857,10,292491
4696,0.001953,172.31.36.0-255,66,212923,10,292491
4697,0.00196,74.125.24.0-255,7156,220079,10,292491
4698,0.001962,172.31.36.0-255,66,220145,10,292491
4699,0.001983,74.125.24.0-255,3602,223747,10,292491
4700,0.001985,172.31.36.0-255,66,223813,10,292491
4701,0.002038,74.125.24.0-255,1484,225297,10,292491
4702,0.002043,74.125.24.0-255,2902,228199,10,292491
4703,0.002046,172.31.36.0-255,66,228265,10,292491
4704,0.002049,74.125.24.0-255,1484,229749,10,292491
4705,0.002066,74.125.24.0-255,4320,234069,10,292491
4706,0.002069,172.31.36.0-255,66,234135,10,292491
4707,0.002072,74.125.24.0-255,1484,235619,10,292491
4708,0.00209,74.125.24.0-255,7156,242775,10,292491
4709,0.002093,172.31.36.0-255,66,242841,10,292491
4710,0.002112,74.125.24.0-255,2902,245743,10,292491
4711,0.002115,172.31.36.0-255,66,245809,10,292491
4712,0.004325,74.125.24.0-255,2902,248711,10,292491
4713,0.00433,172.31.36.0-255,66,248777,10,292491
4714,0.004392,74.125.24.0-255,2902,251679,10,292491
4715,0.004394,172.31.36.0-255,66,251745,10,292491
4716,0.006375,74.125.24.0-255,2902,254647,10,292491
4717,0.006379,172.31.36.0-255,66,254713,10,292491
4718,0.006422,74.125.24.0-255,2902,257615,10,292491
4719,0.006425,172.31.36.0-255,66,257681,10,292491
4720,0.008392,74.125.24.0-255,2902,260583,10,292491
4721,0.008399,172.31.36.0-255,66,260649,10,292491
4722,0.008455,74.125.24.0-255,2902,263551,10,292491
4723,0.008459,172.31.36.0-255,66,263617,10,292491
4724,0.010427,74.125.24.0-255,2902,266519,10,292491
4725,0.010435,172.31.36.0-255,66,266585,10,292491
4726,0.010488,74.125.24.0-255,2902,269487,10,292491
4727,0.010493,172.31.36.0-255,66,269553,10,292491
4728,0.012499,74.125.24.0-255,5738,275291,10,292491
4729,0.012506,172.31.36.0-255,66,275357,10,292491
4730,0.014552,74.125.24.0-255,5738,281095,10,292491
4731,0.01456,172.31.36.0-255,66,281161,10,292491
4732,0.016613,74.125.24.0-255,5738,286899,10,292491
4733,0.016621,172.31.36.0-255,66,286965,10,292491
4734,0.018687,74.125.24.0-255,1002,287967,10,292491
4735,0.018827,172.31.36.0-255,66,288033,10,292491
4736,0.018869,172.31.36.0-255,105,288138,10,292491
4737,0.020872,74.125.24.0-255,66,288204,10,292491
4738,0.030276,172.31.36.0-255,172,288376,10,292491
4739,0.030337,172.31.36.0-255,1111,289487,10,292491
4740,0.030411,172.31.36.0-255,1514,291001,10,292491
4741,0.030413,172.31.36.0-255,1292,292293,10,292491
4742,0.031831,104.244.42.0-255,66,292359,10,292491
4743,0.031885,104.244.42.0-255,66,292425,10,292491
4744,0.031985,104.244.42.0-255,66,292491,10,292491
4745,0.0,172.217.194.0-255,153,153,10,415978
4746,3.7e-05,172.31.36.0-255,66,219,10,415978
4747,4.4e-05,172.217.194.0-255,1484,1703,10,415978
4748,4.8e-05,172.31.36.0-255,66,1769,10,415978
4749,6.5e-05,172.217.194.0-255,2902,4671,10,415978
4750,6.8e-05,172.31.36.0-255,66,4737,10,415978
4751,7.5e-05,172.217.194.0-255,7156,11893,10,415978
4752,7.8e-05,172.31.36.0-255,66,11959,10,415978
4753,8.1e-05,172.217.194.0-255,1967,13926,10,415978
4754,8.3e-05,172.31.36.0-255,66,13992,10,415978
4755,0.000591,172.217.194.0-255,1484,15476,10,415978
4756,0.000597,172.31.36.0-255,66,15542,10,415978
4757,0.000608,172.217.194.0-255,2902,18444,10,415978
4758,0.000618,172.31.36.0-255,66,18510,10,415978
4759,0.000626,172.217.194.0-255,5738,24248,10,415978
4760,0.000628,172.31.36.0-255,66,24314,10,415978
4761,0.000634,172.217.194.0-255,4320,28634,10,415978
4762,0.000636,172.31.36.0-255,66,28700,10,415978
4763,0.000658,172.217.194.0-255,2543,31243,10,415978
4764,0.000668,172.31.36.0-255,66,31309,10,415978
4765,0.000832,172.217.194.0-255,1484,32793,10,415978
4766,0.000839,172.31.36.0-255,66,32859,10,415978
4767,0.000845,172.217.194.0-255,2902,35761,10,415978
4768,0.000848,172.31.36.0-255,66,35827,10,415978
4769,0.00086,172.217.194.0-255,5738,41565,10,415978
4770,0.000863,172.31.36.0-255,66,41631,10,415978
4771,0.00089,172.217.194.0-255,4320,45951,10,415978
4772,0.000894,172.31.36.0-255,66,46017,10,415978
4773,0.000921,172.217.194.0-255,2543,48560,10,415978
4774,0.000925,172.31.36.0-255,66,48626,10,415978
4775,0.001245,172.217.194.0-255,1484,50110,10,415978
4776,0.001251,172.31.36.0-255,66,50176,10,415978
4777,0.001259,172.217.194.0-255,2902,53078,10,415978
4778,0.001261,172.31.36.0-255,66,53144,10,415978
4779,0.001274,172.217.194.0-255,5738,58882,10,415978
4780,0.001276,172.31.36.0-255,66,58948,10,415978
4781,0.001307,172.217.194.0-255,6797,65745,10,415978
4782,0.001309,172.31.36.0-255,66,65811,10,415978
4783,0.001316,172.217.194.0-255,362,66173,10,415978
4784,0.001346,172.217.194.0-255,1484,67657,10,415978
4785,0.001349,172.31.36.0-255,66,67723,10,415978
4786,0.001368,172.217.194.0-255,4320,72043,10,415978
4787,0.001371,172.31.36.0-255,66,72109,10,415978
4788,0.001376,172.217.194.0-255,2902,75011,10,415978
4789,0.001378,172.31.36.0-255,66,75077,10,415978
4790,0.001402,172.217.194.0-255,7156,82233,10,415978
4791,0.001404,172.31.36.0-255,66,82299,10,415978
4792,0.001411,172.217.194.0-255,7090,89389,10,415978
4793,0.001414,172.31.36.0-255,66,89455,10,415978
4794,0.001454,172.217.194.0-255,5738,95193,10,415978
4795,0.001458,172.31.36.0-255,66,95259,10,415978
4796,0.001478,172.217.194.0-255,5379,100638,10,415978
4797,0.001481,172.31.36.0-255,66,100704,10,415978
4798,0.001724,172.217.194.0-255,1484,102188,10,415978
4799,0.00173,172.217.194.0-255,2902,105090,10,415978
4800,0.001734,172.31.36.0-255,66,105156,10,415978
4801,0.001739,172.217.194.0-255,2902,108058,10,415978
4802,0.00174,172.31.36.0-255,66,108124,10,415978
4803,0.001774,172.217.194.0-255,2902,111026,10,415978
4804,0.001777,172.31.36.0-255,66,111092,10,415978
4805,0.001784,172.217.194.0-255,7156,118248,10,415978
4806,0.001786,172.31.36.0-255,66,118314,10,415978
4807,0.001792,172.217.194.0-255,5738,124052,10,415978
4808,0.001794,172.31.36.0-255,66,124118,10,415978
4809,0.001821,172.217.194.0-255,2184,126302,10,415978
4810,0.001826,172.31.36.0-255,66,126368,10,415978
4811,0.001839,172.31.36.0-255,66,126434,10,415978
4812,0.001844,172.217.194.0-255,2902,129336,10,415978
4813,0.001846,172.31.36.0-255,66,129402,10,415978
4814,0.001875,172.217.194.0-255,7156,136558,10,415978
4815,0.001878,172.31.36.0-255,66,136624,10,415978
4816,0.001885,172.217.194.0-255,7156,143780,10,415978
4817,0.001888,172.31.36.0-255,66,143846,10,415978
4818,0.001916,172.217.194.0-255,4320,148166,10,415978
4819,0.001919,172.31.36.0-255,66,148232,10,415978
4820,0.001925,172.217.194.0-255,5738,153970,10,415978
4821,0.001928,172.31.36.0-255,66,154036,10,415978
4822,0.001958,172.217.194.0-255,6438,160474,10,415978
4823,0.001961,172.31.36.0-255,66,160540,10,415978
4824,0.002058,172.217.194.0-255,1484,162024,10,415978
4825,0.002062,172.217.194.0-255,1484,163508,10,415978
4826,0.002065,172.31.36.0-255,66,163574,10,415978
4827,0.002089,172.217.194.0-255,1484,165058,10,415978
4828,0.002096,172.217.194.0-255,5738,170796,10,415978
4829,0.002098,172.31.36.0-255,66,170862,10,415978
4830,0.00216,172.217.194.0-255,5738,176600,10,415978
4831,0.002162,172.31.36.0-255,66,176666,10,415978
4832,0.002169,172.217.194.0-255,7156,183822,10,415978
4833,0.002171,172.31.36.0-255,66,183888,10,415978
4834,0.002178,172.217.194.0-255,7156,191044,10,415978
4835,0.00218,172.31.36.0-255,66,191110,10,415978
4836,0.002207,172.217.194.0-255,3602,194712,10,415978
4837,0.002209,172.31.36.0-255,66,194778,10,415978
4838,0.004455,172.217.194.0-255,1484,196262,10,415978
4839,0.004495,172.217.194.0-255,4320,200582,10,415978
4840,0.004499,172.31.36.0-255,66,200648,10,415978
4841,0.006771,172.217.194.0-255,5738,206386,10,415978
4842,0.006777,172.31.36.0-255,66,206452,10,415978
4843,0.00906,172.217.194.0-255,5738,212190,10,415978
4844,0.009069,172.31.36.0-255,66,212256,10,415978
4845,0.011328,172.217.194.0-255,5738,217994,10,415978
4846,0.011337,172.31.36.0-255,66,218060,10,415978
4847,0.013629,172.217.194.0-255,5738,223798,10,415978
4848,0.01364,172.31.36.0-255,66,223864,10,415978
4849,0.015894,172.217.194.0-255,5738,229602,10,415978
4850,0.015907,172.31.36.0-255,66,229668,10,415978
4851,0.018177,172.217.194.0-255,5738,235406,10,415978
4852,0.018189,172.31.36.0-255,66,235472,10,415978
4853,0.020501,172.217.194.0-255,5738,241210,10,415978
4854,0.020512,172.31.36.0-255,66,241276,10,415978
4855,0.022821,172.217.194.0-255,5738,247014,10,415978
4856,0.022835,172.31.36.0-255,66,247080,10,415978
4857,0.025151,172.217.194.0-255,5738,252818,10,415978
4858,0.025175,172.31.36.0-255,66,252884,10,415978
4859,0.027451,172.217.194.0-255,5738,258622,10,415978
4860,0.027473,172.31.36.0-255,66,258688,10,415978
4861,0.029764,172.217.194.0-255,5738,264426,10,415978
4862,0.029785,172.31.36.0-255,66,264492,10,415978
4863,0.032064,172.217.194.0-255,5738,270230,10,415978
4864,0.032089,172.31.36.0-255,66,270296,10,415978
4865,0.034336,172.217.194.0-255,5738,276034,10,415978
4866,0.034343,172.31.36.0-255,66,276100,10,415978
4867,0.036614,172.217.194.0-255,5738,281838,10,415978
4868,0.036622,172.31.36.0-255,66,281904,10,415978
4869,0.037337,172.31.36.0-255,172,282076,10,415978
4870,0.037382,172.31.36.0-255,1112,283188,10,415978
4871,0.037588,172.31.36.0-255,1514,284702,10,415978
4872,0.03759,172.31.36.0-255,1291,285993,10,415978
4873,0.038888,172.217.194.0-255,5738,291731,10,415978
4874,0.038894,172.31.36.0-255,66,291797,10,415978
4875,0.038933,104.244.42.0-255,66,291863,10,415978
4876,0.038939,104.244.42.0-255,66,291929,10,415978
4877,0.03919,104.244.42.0-255,66,291995,10,415978
4878,0.041164,172.217.194.0-255,5738,297733,10,415978
4879,0.04117,172.31.36.0-255,66,297799,10,415978
4880,0.043445,172.217.194.0-255,5738,303537,10,415978
4881,0.043451,172.31.36.0-255,66,303603,10,415978
4882,0.045725,172.217.194.0-255,5738,309341,10,415978
4883,0.045747,172.31.36.0-255,66,309407,10,415978
4884,0.048006,172.217.194.0-255,5738,315145,10,415978
4885,0.048011,172.31.36.0-255,66,315211,10,415978
4886,0.050276,172.217.194.0-255,1484,316695,10,415978
4887,0.050307,172.217.194.0-255,4320,321015,10,415978
4888,0.050312,172.31.36.0-255,66,321081,10,415978
4889,0.052553,172.217.194.0-255,2902,323983,10,415978
4890,0.052559,172.31.36.0-255,66,324049,10,415978
4891,0.052592,172.217.194.0-255,2902,326951,10,415978
4892,0.052595,172.31.36.0-255,66,327017,10,415978
4893,0.05485,172.217.194.0-255,5738,332755,10,415978
4894,0.054856,172.31.36.0-255,66,332821,10,415978
4895,0.057118,172.217.194.0-255,4320,337141,10,415978
4896,0.057123,172.31.36.0-255,66,337207,10,415978
4897,0.057172,172.217.194.0-255,1484,338691,10,415978
4898,0.059409,172.217.194.0-255,4320,343011,10,415978
4899,0.059414,172.31.36.0-255,66,343077,10,415978
4900,0.061695,172.217.194.0-255,5738,348815,10,415978
4901,0.0617,172.31.36.0-255,66,348881,10,415978
4902,0.064003,172.217.194.0-255,4320,353201,10,415978
4903,0.064009,172.31.36.0-255,66,353267,10,415978
4904,0.064044,172.217.194.0-255,1484,354751,10,415978
4905,0.066305,172.217.194.0-255,4320,359071,10,415978
4906,0.066311,172.31.36.0-255,66,359137,10,415978
4907,0.068601,172.217.194.0-255,5738,364875,10,415978
4908,0.068607,172.31.36.0-255,66,364941,10,415978
4909,0.07089,172.217.194.0-255,5738,370679,10,415978
4910,0.070896,172.31.36.0-255,66,370745,10,415978
4911,0.073154,172.217.194.0-255,5738,376483,10,415978
4912,0.073162,172.31.36.0-255,66,376549,10,415978
4913,0.075431,172.217.194.0-255,5738,382287,10,415978
4914,0.075442,172.31.36.0-255,66,382353,10,415978
4915,0.077714,172.217.194.0-255,2902,385255,10,415978
4916,0.07772,172.31.36.0-255,66,385321,10,415978
4917,0.077753,172.217.194.0-255,2902,388223,10,415978
4918,0.077757,172.31.36.0-255,66,388289,10,415978
4919,0.079977,172.217.194.0-255,2902,391191,10,415978
4920,0.079982,172.31.36.0-255,66,391257,10,415978
4921,0.080025,172.217.194.0-255,2902,394159,10,415978
4922,0.080028,172.31.36.0-255,66,394225,10,415978
4923,0.082242,172.217.194.0-255,2902,397127,10,415978
4924,0.082248,172.31.36.0-255,66,397193,10,415978
4925,0.082274,172.217.194.0-255,1484,398677,10,415978
4926,0.082291,172.217.194.0-255,1484,400161,10,415978
4927,0.082294,172.31.36.0-255,66,400227,10,415978
4928,0.08452,172.217.194.0-255,2902,403129,10,415978
4929,0.084527,172.31.36.0-255,66,403195,10,415978
4930,0.084561,172.217.194.0-255,2902,406097,10,415978
4931,0.084564,172.31.36.0-255,66,406163,10,415978
4932,0.086786,172.217.194.0-255,2902,409065,10,415978
4933,0.086791,172.31.36.0-255,66,409131,10,415978
4934,0.086834,172.217.194.0-255,2902,412033,10,415978
4935,0.086837,172.31.36.0-255,66,412099,10,415978
4936,0.089042,172.217.194.0-255,2902,415001,10,415978
4937,0.089047,172.31.36.0-255,66,415067,10,415978
4938,0.089081,172.217.194.0-255,740,415807,10,415978
4939,0.089212,172.31.36.0-255,66,415873,10,415978
4940,0.089242,172.31.36.0-255,105,415978,10,415978
4941,0.0,74.125.24.0-255,150,150,10,223803
4942,2.3e-05,172.31.36.0-255,66,216,10,223803
4943,3e-05,74.125.24.0-255,1484,1700,10,223803
4944,3.4e-05,172.31.36.0-255,66,1766,10,223803
4945,4.2e-05,74.125.24.0-255,2902,4668,10,223803
4946,4.5e-05,172.31.36.0-255,66,4734,10,223803
4947,5.3e-05,74.125.24.0-255,7156,11890,10,223803
4948,5.7e-05,172.31.36.0-255,66,11956,10,223803
4949,6e-05,74.125.24.0-255,1484,13440,10,223803
4950,6.2e-05,172.31.36.0-255,66,13506,10,223803
4951,9.9e-05,74.125.24.0-255,6357,19863,10,223803
4952,0.000103,172.31.36.0-255,66,19929,10,223803
4953,0.000114,172.31.36.0-255,66,19995,10,223803
4954,0.000118,74.125.24.0-255,2543,22538,10,223803
4955,0.00012,172.31.36.0-255,66,22604,10,223803
4956,0.00017,74.125.24.0-255,1484,24088,10,223803
4957,0.000173,172.31.36.0-255,66,24154,10,223803
4958,0.000176,74.125.24.0-255,1484,25638,10,223803
4959,0.000178,172.31.36.0-255,66,25704,10,223803
4960,0.000193,74.125.24.0-255,1484,27188,10,223803
4961,0.000196,172.31.36.0-255,66,27254,10,223803
4962,0.000202,74.125.24.0-255,5738,32992,10,223803
4963,0.000205,172.31.36.0-255,66,33058,10,223803
4964,0.000223,74.125.24.0-255,2902,35960,10,223803
4965,0.000225,172.31.36.0-255,66,36026,10,223803
4966,0.000243,74.125.24.0-255,7156,43182,10,223803
4967,0.000245,172.31.36.0-255,66,43248,10,223803
4968,0.000264,74.125.24.0-255,1484,44732,10,223803
4969,0.000266,172.31.36.0-255,66,44798,10,223803
4970,0.000299,172.31.36.0-255,66,44864,10,223803
4971,0.000312,74.125.24.0-255,131,44995,10,223803
4972,0.000488,74.125.24.0-255,1484,46479,10,223803
4973,0.000493,172.31.36.0-255,66,46545,10,223803
4974,0.000499,74.125.24.0-255,2902,49447,10,223803
4975,0.000501,172.31.36.0-255,66,49513,10,223803
4976,0.000536,74.125.24.0-255,5738,55251,10,223803
4977,0.000539,172.31.36.0-255,66,55317,10,223803
4978,0.000541,74.125.24.0-255,1484,56801,10,223803
4979,0.000562,74.125.24.0-255,7156,63957,10,223803
4980,0.000564,172.31.36.0-255,66,64023,10,223803
4981,0.000602,74.125.24.0-255,5738,69761,10,223803
4982,0.000606,172.31.36.0-255,66,69827,10,223803
4983,0.000612,74.125.24.0-255,5738,75565,10,223803
4984,0.000615,172.31.36.0-255,66,75631,10,223803
4985,0.000635,74.125.24.0-255,3602,79233,10,223803
4986,0.000638,172.31.36.0-255,66,79299,10,223803
4987,0.000805,74.125.24.0-255,1484,80783,10,223803
4988,0.000822,74.125.24.0-255,2902,83685,10,223803
4989,0.000826,172.31.36.0-255,66,83751,10,223803
4990,0.000858,74.125.24.0-255,5738,89489,10,223803
4991,0.000862,172.31.36.0-255,66,89555,10,223803
4992,0.000886,74.125.24.0-255,4320,93875,10,223803
4993,0.000889,172.31.36.0-255,66,93941,10,223803
4994,0.000909,74.125.24.0-255,4320,98261,10,223803
4995,0.000912,172.31.36.0-255,66,98327,10,223803
4996,0.000925,172.31.36.0-255,66,98393,10,223803
4997,0.000929,74.125.24.0-255,2902,101295,10,223803
4998,0.000932,172.31.36.0-255,66,101361,10,223803
4999,0.000948,74.125.24.0-255,2184,103545,10,223803
5000,0.000951,172.31.36.0-255,66,103611,10,223803
5001,0.001036,74.125.24.0-255,1484,105095,10,223803
5002,0.001053,74.125.24.0-255,2902,107997,10,223803
5003,0.001056,172.31.36.0-255,66,108063,10,223803
5004,0.00106,74.125.24.0-255,1484,109547,10,223803
5005,0.001079,74.125.24.0-255,4320,113867,10,223803
5006,0.001082,172.31.36.0-255,66,113933,10,223803
5007,0.001088,74.125.24.0-255,5738,119671,10,223803
5008,0.001091,172.31.36.0-255,66,119737,10,223803
5009,0.001114,172.31.36.0-255,66,119803,10,223803
5010,0.00113,74.125.24.0-255,1484,121287,10,223803
5011,0.001136,74.125.24.0-255,4320,125607,10,223803
5012,0.001138,172.31.36.0-255,66,125673,10,223803
5013,0.00117,172.31.36.0-255,66,125739,10,223803
5014,0.001184,172.31.36.0-255,66,125805,10,223803
5015,0.00119,74.125.24.0-255,5738,131543,10,223803
5016,0.001192,172.31.36.0-255,66,131609,10,223803
5017,0.001232,172.31.36.0-255,66,131675,10,223803
5018,0.001245,74.125.24.0-255,1484,133159,10,223803
5019,0.00125,74.125.24.0-255,2902,136061,10,223803
5020,0.001252,172.31.36.0-255,66,136127,10,223803
5021,0.001273,74.125.24.0-255,5738,141865,10,223803
5022,0.001276,172.31.36.0-255,66,141931,10,223803
5023,0.001281,74.125.24.0-255,2902,144833,10,223803
5024,0.001283,172.31.36.0-255,66,144899,10,223803
5025,0.001304,74.125.24.0-255,7156,152055,10,223803
5026,0.001319,172.31.36.0-255,66,152121,10,223803
5027,0.001375,74.125.24.0-255,4320,156441,10,223803
5028,0.001392,172.31.36.0-255,66,156507,10,223803
5029,0.001474,172.31.36.0-255,66,156573,10,223803
5030,0.001516,74.125.24.0-255,1484,158057,10,223803
5031,0.001536,74.125.24.0-255,3602,161659,10,223803
5032,0.00154,74.125.24.0-255,1484,163143,10,223803
5033,0.001547,172.31.36.0-255,66,163209,10,223803
5034,0.001573,74.125.24.0-255,4320,167529,10,223803
5035,0.00158,74.125.24.0-255,5738,173267,10,223803
5036,0.001588,74.125.24.0-255,7156,180423,10,223803
5037,0.001611,74.125.24.0-255,7156,187579,10,223803
5038,0.001618,172.31.36.0-255,66,187645,10,223803
5039,0.001636,74.125.24.0-255,7156,194801,10,223803
5040,0.001639,74.125.24.0-255,766,195567,10,223803
5041,0.001668,74.125.24.0-255,1484,197051,10,223803
5042,0.001671,74.125.24.0-255,1484,198535,10,223803
5043,0.001676,172.31.36.0-255,66,198601,10,223803
5044,0.001695,74.125.24.0-255,1484,200085,10,223803
5045,0.001702,74.125.24.0-255,5738,205823,10,223803
5046,0.001727,172.31.36.0-255,66,205889,10,223803
5047,0.001742,172.31.36.0-255,66,205955,10,223803
5048,0.001753,74.125.24.0-255,4320,210275,10,223803
5049,0.001767,74.125.24.0-255,2902,213177,10,223803
5050,0.001791,74.125.24.0-255,1484,214661,10,223803
5051,0.001814,172.31.36.0-255,66,214727,10,223803
5052,0.001842,172.31.36.0-255,66,214793,10,223803
5053,0.001888,74.125.24.0-255,4320,219113,10,223803
5054,0.001897,172.31.36.0-255,66,219179,10,223803
5055,0.00192,74.125.24.0-255,105,219284,10,223803
5056,0.001966,172.31.36.0-255,66,219350,10,223803
5057,0.004849,172.31.36.0-255,105,219455,10,223803
5058,0.007111,74.125.24.0-255,66,219521,10,223803
5059,0.02656,172.31.36.0-255,167,219688,10,223803
5060,0.026591,172.31.36.0-255,1112,220800,10,223803
5061,0.026665,172.31.36.0-255,1514,222314,10,223803
5062,0.026667,172.31.36.0-255,1291,223605,10,223803
5063,0.028151,104.244.42.0-255,66,223671,10,223803
5064,0.028162,104.244.42.0-255,66,223737,10,223803
5065,0.02824,104.244.42.0-255,66,223803,10,223803
5066,0.0,172.217.194.0-255,298,298,10,317885
5067,1.9e-05,172.31.36.0-255,66,364,10,317885
5068,2.5e-05,172.217.194.0-255,1484,1848,10,317885
5069,3e-05,172.31.36.0-255,66,1914,10,317885
5070,3.6e-05,172.217.194.0-255,4320,6234,10,317885
5071,3.9e-05,172.31.36.0-255,66,6300,10,317885
5072,4.2e-05,172.217.194.0-255,1484,7784,10,317885
5073,4.4e-05,172.31.36.0-255,66,7850,10,317885
5074,7.4e-05,172.217.194.0-255,4320,12170,10,317885
5075,7.7e-05,172.31.36.0-255,66,12236,10,317885
5076,8.1e-05,172.217.194.0-255,2902,15138,10,317885
5077,8.3e-05,172.31.36.0-255,66,15204,10,317885
5078,0.000113,172.31.36.0-255,66,15270,10,317885
5079,0.000116,172.217.194.0-255,1484,16754,10,317885
5080,0.000118,172.31.36.0-255,66,16820,10,317885
5081,0.000175,172.217.194.0-255,2902,19722,10,317885
5082,0.000179,172.31.36.0-255,66,19788,10,317885
5083,0.000199,172.217.194.0-255,2543,22331,10,317885
5084,0.000202,172.31.36.0-255,66,22397,10,317885
5085,0.000275,172.217.194.0-255,1484,23881,10,317885
5086,0.000279,172.31.36.0-255,66,23947,10,317885
5087,0.000284,172.217.194.0-255,2902,26849,10,317885
5088,0.000286,172.31.36.0-255,66,26915,10,317885
5089,0.0003,172.217.194.0-255,2902,29817,10,317885
5090,0.000302,172.31.36.0-255,66,29883,10,317885
5091,0.00033,172.217.194.0-255,2902,32785,10,317885
5092,0.000332,172.31.36.0-255,66,32851,10,317885
5093,0.000346,172.31.36.0-255,66,32917,10,317885
5094,0.000351,172.217.194.0-255,4320,37237,10,317885
5095,0.000353,172.31.36.0-255,66,37303,10,317885
5096,0.000374,172.217.194.0-255,5379,42682,10,317885
5097,0.000377,172.31.36.0-255,66,42748,10,317885
5098,0.00038,172.217.194.0-255,676,43424,10,317885
5099,0.00062,172.217.194.0-255,1484,44908,10,317885
5100,0.000625,172.31.36.0-255,66,44974,10,317885
5101,0.000631,172.217.194.0-255,2902,47876,10,317885
5102,0.000633,172.31.36.0-255,66,47942,10,317885
5103,0.000639,172.217.194.0-255,5738,53680,10,317885
5104,0.000641,172.31.36.0-255,66,53746,10,317885
5105,0.000644,172.217.194.0-255,1484,55230,10,317885
5106,0.000681,172.31.36.0-255,66,55296,10,317885
5107,0.000727,172.31.36.0-255,66,55362,10,317885
5108,0.00075,172.217.194.0-255,3602,58964,10,317885
5109,0.000753,172.31.36.0-255,66,59030,10,317885
5110,0.001689,172.217.194.0-255,1484,60514,10,317885
5111,0.0017,172.217.194.0-255,2902,63416,10,317885
5112,0.001704,172.31.36.0-255,66,63482,10,317885
5113,0.00171,172.217.194.0-255,2902,66384,10,317885
5114,0.001712,172.31.36.0-255,66,66450,10,317885
5115,0.001729,172.217.194.0-255,2902,69352,10,317885
5116,0.001732,172.31.36.0-255,66,69418,10,317885
5117,0.001735,172.217.194.0-255,1484,70902,10,317885
5118,0.001769,172.31.36.0-255,66,70968,10,317885
5119,0.001775,172.217.194.0-255,4320,75288,10,317885
5120,0.001777,172.31.36.0-255,66,75354,10,317885
5121,0.001797,172.217.194.0-255,6438,81792,10,317885
5122,0.0018,172.31.36.0-255,66,81858,10,317885
5123,0.002158,172.217.194.0-255,1484,83342,10,317885
5124,0.002166,172.217.194.0-255,2902,86244,10,317885
5125,0.002171,172.31.36.0-255,66,86310,10,317885
5126,0.002178,172.217.194.0-255,4320,90630,10,317885
5127,0.00218,172.31.36.0-255,66,90696,10,317885
5128,0.002202,172.217.194.0-255,1484,92180,10,317885
5129,0.002215,172.31.36.0-255,66,92246,10,317885
5130,0.002234,172.217.194.0-255,1484,93730,10,317885
5131,0.002248,172.31.36.0-255,66,93796,10,317885
5132,0.004642,172.217.194.0-255,5738,99534,10,317885
5133,0.004651,172.31.36.0-255,66,99600,10,317885
5134,0.006986,172.217.194.0-255,4320,103920,10,317885
5135,0.006991,172.31.36.0-255,66,103986,10,317885
5136,0.00701,172.217.194.0-255,1484,105470,10,317885
5137,0.009332,172.217.194.0-255,4320,109790,10,317885
5138,0.009341,172.31.36.0-255,66,109856,10,317885
5139,0.01167,172.217.194.0-255,5738,115594,10,317885
5140,0.01168,172.31.36.0-255,66,115660,10,317885
5141,0.014021,172.217.194.0-255,5738,121398,10,317885
5142,0.01403,172.31.36.0-255,66,121464,10,317885
5143,0.016404,172.217.194.0-255,5738,127202,10,317885
5144,0.016412,172.31.36.0-255,66,127268,10,317885
5145,0.018721,172.217.194.0-255,5738,133006,10,317885
5146,0.018728,172.31.36.0-255,66,133072,10,317885
5147,0.021091,172.217.194.0-255,5738,138810,10,317885
5148,0.021098,172.31.36.0-255,66,138876,10,317885
5149,0.023407,172.217.194.0-255,5738,144614,10,317885
5150,0.023415,172.31.36.0-255,66,144680,10,317885
5151,0.023584,172.31.36.0-255,164,144844,10,317885
5152,0.023615,172.31.36.0-255,1122,145966,10,317885
5153,0.023709,172.31.36.0-255,1514,147480,10,317885
5154,0.023711,172.31.36.0-255,1514,148994,10,317885
5155,0.023712,172.31.36.0-255,1514,150508,10,317885
5156,0.023714,172.31.36.0-255,1061,151569,10,317885
5157,0.025151,104.244.42.0-255,66,151635,10,317885
5158,0.025201,104.244.42.0-255,66,151701,10,317885
5159,0.025325,104.244.42.0-255,66,151767,10,317885
5160,0.025331,104.244.42.0-255,66,151833,10,317885
5161,0.025749,172.217.194.0-255,5738,157571,10,317885
5162,0.025754,172.31.36.0-255,66,157637,10,317885
5163,0.025993,104.244.42.0-255,108,157745,10,317885
5164,0.025999,172.31.36.0-255,66,157811,10,317885
5165,0.028058,172.217.194.0-255,2902,160713,10,317885
5166,0.028064,172.31.36.0-255,66,160779,10,317885
5167,0.028094,172.217.194.0-255,2902,163681,10,317885
5168,0.028097,172.31.36.0-255,66,163747,10,317885
5169,0.030354,172.217.194.0-255,2902,166649,10,317885
5170,0.030359,172.31.36.0-255,66,166715,10,317885
5171,0.030424,172.217.194.0-255,2902,169617,10,317885
5172,0.030428,172.31.36.0-255,66,169683,10,317885
5173,0.032698,172.217.194.0-255,2902,172585,10,317885
5174,0.032704,172.31.36.0-255,66,172651,10,317885
5175,0.03274,172.217.194.0-255,1484,174135,10,317885
5176,0.032753,172.217.194.0-255,1484,175619,10,317885
5177,0.032755,172.31.36.0-255,66,175685,10,317885
5178,0.035043,172.217.194.0-255,2902,178587,10,317885
5179,0.035049,172.31.36.0-255,66,178653,10,317885
5180,0.035083,172.217.194.0-255,2902,181555,10,317885
5181,0.035086,172.31.36.0-255,66,181621,10,317885
5182,0.037368,172.217.194.0-255,2902,184523,10,317885
5183,0.037374,172.31.36.0-255,66,184589,10,317885
5184,0.037406,172.217.194.0-255,2902,187491,10,317885
5185,0.037409,172.31.36.0-255,66,187557,10,317885
5186,0.039701,172.217.194.0-255,2902,190459,10,317885
5187,0.039707,172.31.36.0-255,66,190525,10,317885
5188,0.039736,172.217.194.0-255,2902,193427,10,317885
5189,0.039738,172.31.36.0-255,66,193493,10,317885
5190,0.042027,172.217.194.0-255,2902,196395,10,317885
5191,0.042033,172.31.36.0-255,66,196461,10,317885
5192,0.042062,172.217.194.0-255,2902,199363,10,317885
5193,0.042065,172.31.36.0-255,66,199429,10,317885
5194,0.044337,172.217.194.0-255,2902,202331,10,317885
5195,0.044343,172.31.36.0-255,66,202397,10,317885
5196,0.044373,172.217.194.0-255,2902,205299,10,317885
5197,0.044376,172.31.36.0-255,66,205365,10,317885
5198,0.046668,172.217.194.0-255,2902,208267,10,317885
5199,0.046673,172.31.36.0-255,66,208333,10,317885
5200,0.046726,172.217.194.0-255,2902,211235,10,317885
5201,0.046729,172.31.36.0-255,66,211301,10,317885
5202,0.048996,172.217.194.0-255,2902,214203,10,317885
5203,0.049001,172.31.36.0-255,66,214269,10,317885
5204,0.049041,172.217.194.0-255,2902,217171,10,317885
5205,0.049045,172.31.36.0-255,66,217237,10,317885
5206,0.051303,172.217.194.0-255,2902,220139,10,317885
5207,0.051308,172.31.36.0-255,66,220205,10,317885
5208,0.051355,172.217.194.0-255,2902,223107,10,317885
5209,0.051358,172.31.36.0-255,66,223173,10,317885
5210,0.053629,172.217.194.0-255,2902,226075,10,317885
5211,0.053635,172.31.36.0-255,66,226141,10,317885
5212,0.053688,172.217.194.0-255,2902,229043,10,317885
5213,0.053692,172.31.36.0-255,66,229109,10,317885
5214,0.055954,172.217.194.0-255,2902,232011,10,317885
5215,0.05596,172.31.36.0-255,66,232077,10,317885
5216,0.055994,172.217.194.0-255,2902,234979,10,317885
5217,0.055997,172.31.36.0-255,66,235045,10,317885
5218,0.058285,172.217.194.0-255,1484,236529,10,317885
5219,0.058321,172.217.194.0-255,4320,240849,10,317885
5220,0.058326,172.31.36.0-255,66,240915,10,317885
5221,0.06066,172.217.194.0-255,5738,246653,10,317885
5222,0.060666,172.31.36.0-255,66,246719,10,317885
5223,0.062998,172.217.194.0-255,5738,252457,10,317885
5224,0.063003,172.31.36.0-255,66,252523,10,317885
5225,0.065332,172.217.194.0-255,5738,258261,10,317885
5226,0.065337,172.31.36.0-255,66,258327,10,317885
5227,0.067661,172.217.194.0-255,2902,261229,10,317885
5228,0.067666,172.31.36.0-255,66,261295,10,317885
5229,0.067704,172.217.194.0-255,2902,264197,10,317885
5230,0.067707,172.31.36.0-255,66,264263,10,317885
5231,0.070003,172.217.194.0-255,2902,267165,10,317885
5232,0.070008,172.31.36.0-255,66,267231,10,317885
5233,0.07004,172.217.194.0-255,2902,270133,10,317885
5234,0.070043,172.31.36.0-255,66,270199,10,317885
5235,0.072321,172.217.194.0-255,2902,273101,10,317885
5236,0.072327,172.31.36.0-255,66,273167,10,317885
5237,0.072363,172.217.194.0-255,2902,276069,10,317885
5238,0.072366,172.31.36.0-255,66,276135,10,317885
5239,0.074661,172.217.194.0-255,2902,279037,10,317885
5240,0.074666,172.31.36.0-255,66,279103,10,317885
5241,0.074692,172.217.194.0-255,1484,280587,10,317885
5242,0.074708,172.217.194.0-255,1484,282071,10,317885
5243,0.074711,172.31.36.0-255,66,282137,10,317885
5244,0.07698,172.217.194.0-255,2902,285039,10,317885
5245,0.076986,172.31.36.0-255,66,285105,10,317885
5246,0.077013,172.217.194.0-255,1484,286589,10,317885
5247,0.077024,172.217.194.0-255,1484,288073,10,317885
5248,0.077028,172.31.36.0-255,66,288139,10,317885
5249,0.079284,172.217.194.0-255,2902,291041,10,317885
5250,0.07929,172.31.36.0-255,66,291107,10,317885
5251,0.079354,172.217.194.0-255,2902,294009,10,317885
5252,0.079359,172.31.36.0-255,66,294075,10,317885
5253,0.081612,172.217.194.0-255,2902,296977,10,317885
5254,0.081617,172.31.36.0-255,66,297043,10,317885
5255,0.081694,172.217.194.0-255,1484,298527,10,317885
5256,0.08171,172.217.194.0-255,1484,300011,10,317885
5257,0.081714,172.31.36.0-255,66,300077,10,317885
5258,0.083943,172.217.194.0-255,2902,302979,10,317885
5259,0.083949,172.31.36.0-255,66,303045,10,317885
5260,0.084049,172.217.194.0-255,2902,305947,10,317885
5261,0.084053,172.31.36.0-255,66,306013,10,317885
5262,0.086269,172.217.194.0-255,2902,308915,10,317885
5263,0.086274,172.31.36.0-255,66,308981,10,317885
5264,0.086371,172.217.194.0-255,2902,311883,10,317885
5265,0.086376,172.31.36.0-255,66,311949,10,317885
5266,0.088608,172.217.194.0-255,2902,314851,10,317885
5267,0.088613,172.31.36.0-255,66,314917,10,317885
5268,0.08869,172.217.194.0-255,2902,317819,10,317885
5269,0.088695,172.31.36.0-255,66,317885,10,317885
5270,0.0,74.125.24.0-255,150,150,10,329016
5271,2.7e-05,172.31.36.0-255,66,216,10,329016
5272,3.5e-05,74.125.24.0-255,1484,1700,10,329016
5273,3.9e-05,172.31.36.0-255,66,1766,10,329016
5274,4.4e-05,74.125.24.0-255,2902,4668,10,329016
5275,4.6e-05,172.31.36.0-255,66,4734,10,329016
5276,5.3e-05,74.125.24.0-255,7156,11890,10,329016
5277,5.6e-05,172.31.36.0-255,66,11956,10,329016
5278,8e-05,74.125.24.0-255,1983,13939,10,329016
5279,8.2e-05,172.31.36.0-255,66,14005,10,329016
5280,0.000172,74.125.24.0-255,1484,15489,10,329016
5281,0.000176,172.31.36.0-255,66,15555,10,329016
5282,0.000195,74.125.24.0-255,2902,18457,10,329016
5283,0.000198,172.31.36.0-255,66,18523,10,329016
5284,0.000204,74.125.24.0-255,5738,24261,10,329016
5285,0.000206,172.31.36.0-255,66,24327,10,329016
5286,0.000233,172.31.36.0-255,66,24393,10,329016
5287,0.00026,74.125.24.0-255,3961,28354,10,329016
5288,0.000262,172.31.36.0-255,66,28420,10,329016
5289,0.000272,172.31.36.0-255,66,28486,10,329016
5290,0.000293,74.125.24.0-255,2902,31388,10,329016
5291,0.000296,172.31.36.0-255,66,31454,10,329016
5292,0.000327,172.31.36.0-255,66,31520,10,329016
5293,0.00033,74.125.24.0-255,367,31887,10,329016
5294,0.000331,172.31.36.0-255,66,31953,10,329016
5295,0.000334,74.125.24.0-255,407,32360,10,329016
5296,0.000337,172.31.36.0-255,66,32426,10,329016
5297,0.00112,74.125.24.0-255,1484,33910,10,329016
5298,0.001126,172.31.36.0-255,66,33976,10,329016
5299,0.001135,74.125.24.0-255,2902,36878,10,329016
5300,0.001137,172.31.36.0-255,66,36944,10,329016
5301,0.001145,74.125.24.0-255,5738,42682,10,329016
5302,0.001147,172.31.36.0-255,66,42748,10,329016
5303,0.001169,74.125.24.0-255,1484,44232,10,329016
5304,0.001182,172.31.36.0-255,66,44298,10,329016
5305,0.001207,74.125.24.0-255,7156,51454,10,329016
5306,0.00121,172.31.36.0-255,66,51520,10,329016
5307,0.001235,74.125.24.0-255,6438,57958,10,329016
5308,0.001238,172.31.36.0-255,66,58024,10,329016
5309,0.001286,74.125.24.0-255,1484,59508,10,329016
5310,0.001293,74.125.24.0-255,2902,62410,10,329016
5311,0.001296,172.31.36.0-255,66,62476,10,329016
5312,0.001302,74.125.24.0-255,5738,68214,10,329016
5313,0.001304,172.31.36.0-255,66,68280,10,329016
5314,0.001317,172.31.36.0-255,66,68346,10,329016
5315,0.001324,74.125.24.0-255,5738,74084,10,329016
5316,0.001327,172.31.36.0-255,66,74150,10,329016
5317,0.001366,74.125.24.0-255,5020,79170,10,329016
5318,0.001369,172.31.36.0-255,66,79236,10,329016
5319,0.001467,74.125.24.0-255,1484,80720,10,329016
5320,0.001485,74.125.24.0-255,2902,83622,10,329016
5321,0.00149,172.31.36.0-255,66,83688,10,329016
5322,0.001496,74.125.24.0-255,5738,89426,10,329016
5323,0.001499,172.31.36.0-255,66,89492,10,329016
5324,0.001523,74.125.24.0-255,5738,95230,10,329016
5325,0.001526,172.31.36.0-255,66,95296,10,329016
5326,0.00155,74.125.24.0-255,4320,99616,10,329016
5327,0.001553,172.31.36.0-255,66,99682,10,329016
5328,0.001565,172.31.36.0-255,66,99748,10,329016
5329,0.001568,74.125.24.0-255,2184,101932,10,329016
5330,0.00157,172.31.36.0-255,66,101998,10,329016
5331,0.001959,74.125.24.0-255,1484,103482,10,329016
5332,0.001966,74.125.24.0-255,2902,106384,10,329016
5333,0.001969,172.31.36.0-255,66,106450,10,329016
5334,0.001975,74.125.24.0-255,5738,112188,10,329016
5335,0.001977,172.31.36.0-255,66,112254,10,329016
5336,0.002011,172.31.36.0-255,66,112320,10,329016
5337,0.002015,74.125.24.0-255,2902,115222,10,329016
5338,0.002017,172.31.36.0-255,66,115288,10,329016
5339,0.002042,172.31.36.0-255,66,115354,10,329016
5340,0.002205,74.125.24.0-255,1484,116838,10,329016
5341,0.002207,74.125.24.0-255,1484,118322,10,329016
5342,0.002209,172.31.36.0-255,66,118388,10,329016
5343,0.002228,74.125.24.0-255,1484,119872,10,329016
5344,0.002234,74.125.24.0-255,5738,125610,10,329016
5345,0.002236,172.31.36.0-255,66,125676,10,329016
5346,0.002251,74.125.24.0-255,2902,128578,10,329016
5347,0.002253,172.31.36.0-255,66,128644,10,329016
5348,0.002279,172.31.36.0-255,66,128710,10,329016
5349,0.002285,74.125.24.0-255,7156,135866,10,329016
5350,0.002288,172.31.36.0-255,66,135932,10,329016
5351,0.002312,74.125.24.0-255,3602,139534,10,329016
5352,0.002315,172.31.36.0-255,66,139600,10,329016
5353,0.004554,74.125.24.0-255,1484,141084,10,329016
5354,0.004597,74.125.24.0-255,4320,145404,10,329016
5355,0.004602,172.31.36.0-255,66,145470,10,329016
5356,0.006901,74.125.24.0-255,5738,151208,10,329016
5357,0.006908,172.31.36.0-255,66,151274,10,329016
5358,0.00917,74.125.24.0-255,5738,157012,10,329016
5359,0.009176,172.31.36.0-255,66,157078,10,329016
5360,0.011456,74.125.24.0-255,5738,162816,10,329016
5361,0.011464,172.31.36.0-255,66,162882,10,329016
5362,0.013739,74.125.24.0-255,5738,168620,10,329016
5363,0.013748,172.31.36.0-255,66,168686,10,329016
5364,0.01603,74.125.24.0-255,5738,174424,10,329016
5365,0.016038,172.31.36.0-255,66,174490,10,329016
5366,0.018303,74.125.24.0-255,5738,180228,10,329016
5367,0.018312,172.31.36.0-255,66,180294,10,329016
5368,0.020587,74.125.24.0-255,5738,186032,10,329016
5369,0.020593,172.31.36.0-255,66,186098,10,329016
5370,0.022894,74.125.24.0-255,5738,191836,10,329016
5371,0.022901,172.31.36.0-255,66,191902,10,329016
5372,0.025203,74.125.24.0-255,4320,196222,10,329016
5373,0.025211,172.31.36.0-255,66,196288,10,329016
5374,0.025241,74.125.24.0-255,1484,197772,10,329016
5375,0.027481,74.125.24.0-255,4320,202092,10,329016
5376,0.027489,172.31.36.0-255,66,202158,10,329016
5377,0.029455,172.31.36.0-255,167,202325,10,329016
5378,0.029485,172.31.36.0-255,1112,203437,10,329016
5379,0.029522,172.31.36.0-255,1514,204951,10,329016
5380,0.029524,172.31.36.0-255,1291,206242,10,329016
5381,0.029753,74.125.24.0-255,5738,211980,10,329016
5382,0.02976,172.31.36.0-255,66,212046,10,329016
5383,0.030979,104.244.42.0-255,66,212112,10,329016
5384,0.031152,104.244.42.0-255,66,212178,10,329016
5385,0.031154,104.244.42.0-255,66,212244,10,329016
5386,0.032005,74.125.24.0-255,4320,216564,10,329016
5387,0.032009,172.31.36.0-255,66,216630,10,329016
5388,0.032037,74.125.24.0-255,1484,218114,10,329016
5389,0.034257,74.125.24.0-255,4320,222434,10,329016
5390,0.034262,172.31.36.0-255,66,222500,10,329016
5391,0.036543,74.125.24.0-255,5738,228238,10,329016
5392,0.036549,172.31.36.0-255,66,228304,10,329016
5393,0.038829,74.125.24.0-255,5738,234042,10,329016
5394,0.038834,172.31.36.0-255,66,234108,10,329016
5395,0.041093,74.125.24.0-255,5738,239846,10,329016
5396,0.041099,172.31.36.0-255,66,239912,10,329016
5397,0.043377,74.125.24.0-255,5738,245650,10,329016
5398,0.043383,172.31.36.0-255,66,245716,10,329016
5399,0.045669,74.125.24.0-255,5738,251454,10,329016
5400,0.045674,172.31.36.0-255,66,251520,10,329016
5401,0.047958,74.125.24.0-255,5738,257258,10,329016
5402,0.047964,172.31.36.0-255,66,257324,10,329016
5403,0.050229,74.125.24.0-255,5738,263062,10,329016
5404,0.050233,172.31.36.0-255,66,263128,10,329016
5405,0.052483,74.125.24.0-255,5738,268866,10,329016
5406,0.052488,172.31.36.0-255,66,268932,10,329016
5407,0.054788,74.125.24.0-255,2902,271834,10,329016
5408,0.054793,172.31.36.0-255,66,271900,10,329016
5409,0.054824,74.125.24.0-255,2902,274802,10,329016
5410,0.054826,172.31.36.0-255,66,274868,10,329016
5411,0.05707,74.125.24.0-255,4320,279188,10,329016
5412,0.057075,172.31.36.0-255,66,279254,10,329016
5413,0.057103,74.125.24.0-255,1484,280738,10,329016
5414,0.059412,74.125.24.0-255,4320,285058,10,329016
5415,0.059417,172.31.36.0-255,66,285124,10,329016
5416,0.061728,74.125.24.0-255,4320,289444,10,329016
5417,0.061734,172.31.36.0-255,66,289510,10,329016
5418,0.061765,74.125.24.0-255,1484,290994,10,329016
5419,0.06406,74.125.24.0-255,4320,295314,10,329016
5420,0.064065,172.31.36.0-255,66,295380,10,329016
5421,0.066349,74.125.24.0-255,5738,301118,10,329016
5422,0.066354,172.31.36.0-255,66,301184,10,329016
5423,0.068635,74.125.24.0-255,5738,306922,10,329016
5424,0.06864,172.31.36.0-255,66,306988,10,329016
5425,0.070935,74.125.24.0-255,5738,312726,10,329016
5426,0.07094,172.31.36.0-255,66,312792,10,329016
5427,0.073263,74.125.24.0-255,4320,317112,10,329016
5428,0.073269,172.31.36.0-255,66,317178,10,329016
5429,0.0733,74.125.24.0-255,1484,318662,10,329016
5430,0.075543,74.125.24.0-255,4320,322982,10,329016
5431,0.075549,172.31.36.0-255,66,323048,10,329016
5432,0.077822,74.125.24.0-255,5731,328779,10,329016
5433,0.077827,172.31.36.0-255,66,328845,10,329016
5434,0.078019,172.31.36.0-255,105,328950,10,329016
5435,0.080234,74.125.24.0-255,66,329016,10,329016
5436,0.0,74.125.24.0-255,156,156,10,295889
5437,2.4e-05,172.31.36.0-255,66,222,10,295889
5438,3.1e-05,74.125.24.0-255,1484,1706,10,295889
5439,3.6e-05,172.31.36.0-255,66,1772,10,295889
5440,4.1e-05,74.125.24.0-255,2902,4674,10,295889
5441,4.4e-05,172.31.36.0-255,66,4740,10,295889
5442,5.1e-05,74.125.24.0-255,5738,10478,10,295889
5443,5.4e-05,172.31.36.0-255,66,10544,10,295889
5444,7.5e-05,74.125.24.0-255,5738,16282,10,295889
5445,7.8e-05,172.31.36.0-255,66,16348,10,295889
5446,0.000107,74.125.24.0-255,3438,19786,10,295889
5447,0.00011,172.31.36.0-255,66,19852,10,295889
5448,0.000121,172.31.36.0-255,66,19918,10,295889
5449,0.000129,74.125.24.0-255,7156,27074,10,295889
5450,0.000131,172.31.36.0-255,66,27140,10,295889
5451,0.000149,74.125.24.0-255,4320,31460,10,295889
5452,0.000151,172.31.36.0-255,66,31526,10,295889
5453,0.000168,74.125.24.0-255,4320,35846,10,295889
5454,0.00017,172.31.36.0-255,66,35912,10,295889
5455,0.000191,74.125.24.0-255,6438,42350,10,295889
5456,0.000194,172.31.36.0-255,66,42416,10,295889
5457,0.000218,74.125.24.0-255,5738,48154,10,295889
5458,0.000221,172.31.36.0-255,66,48220,10,295889
5459,0.000244,74.125.24.0-255,5738,53958,10,295889
5460,0.000246,172.31.36.0-255,66,54024,10,295889
5461,0.000249,74.125.24.0-255,1437,55461,10,295889
5462,0.000251,172.31.36.0-255,66,55527,10,295889
5463,0.000254,74.125.24.0-255,111,55638,10,295889
5464,0.000256,172.31.36.0-255,66,55704,10,295889
5465,0.000724,74.125.24.0-255,1484,57188,10,295889
5466,0.00073,172.31.36.0-255,66,57254,10,295889
5467,0.000736,74.125.24.0-255,2902,60156,10,295889
5468,0.000738,172.31.36.0-255,66,60222,10,295889
5469,0.000743,74.125.24.0-255,2902,63124,10,295889
5470,0.000745,172.31.36.0-255,66,63190,10,295889
5471,0.000766,74.125.24.0-255,2902,66092,10,295889
5472,0.000768,172.31.36.0-255,66,66158,10,295889
5473,0.000775,74.125.24.0-255,7156,73314,10,295889
5474,0.000777,172.31.36.0-255,66,73380,10,295889
5475,0.000799,74.125.24.0-255,5738,79118,10,295889
5476,0.000801,172.31.36.0-255,66,79184,10,295889
5477,0.000809,74.125.24.0-255,7156,86340,10,295889
5478,0.000812,172.31.36.0-255,66,86406,10,295889
5479,0.000836,74.125.24.0-255,3602,90008,10,295889
5480,0.000839,172.31.36.0-255,66,90074,10,295889
5481,0.001354,74.125.24.0-255,1484,91558,10,295889
5482,0.001362,74.125.24.0-255,2902,94460,10,295889
5483,0.001365,172.31.36.0-255,66,94526,10,295889
5484,0.00139,74.125.24.0-255,4320,98846,10,295889
5485,0.001392,172.31.36.0-255,66,98912,10,295889
5486,0.001416,74.125.24.0-255,1484,100396,10,295889
5487,0.001423,74.125.24.0-255,4320,104716,10,295889
5488,0.001425,172.31.36.0-255,66,104782,10,295889
5489,0.001438,172.31.36.0-255,66,104848,10,295889
5490,0.001445,74.125.24.0-255,7156,112004,10,295889
5491,0.001447,172.31.36.0-255,66,112070,10,295889
5492,0.001493,172.31.36.0-255,66,112136,10,295889
5493,0.0015,74.125.24.0-255,5738,117874,10,295889
5494,0.001502,172.31.36.0-255,66,117940,10,295889
5495,0.001509,74.125.24.0-255,7156,125096,10,295889
5496,0.001511,172.31.36.0-255,66,125162,10,295889
5497,0.001536,74.125.24.0-255,4320,129482,10,295889
5498,0.001539,172.31.36.0-255,66,129548,10,295889
5499,0.00156,172.31.36.0-255,66,129614,10,295889
5500,0.001604,172.31.36.0-255,66,129680,10,295889
5501,0.00162,172.31.36.0-255,66,129746,10,295889
5502,0.001643,74.125.24.0-255,2902,132648,10,295889
5503,0.001645,172.31.36.0-255,66,132714,10,295889
5504,0.001668,74.125.24.0-255,6438,139152,10,295889
5505,0.001671,172.31.36.0-255,66,139218,10,295889
5506,0.001683,172.31.36.0-255,66,139284,10,295889
5507,0.001708,74.125.24.0-255,1484,140768,10,295889
5508,0.001738,172.31.36.0-255,66,140834,10,295889
5509,0.001744,74.125.24.0-255,5020,145854,10,295889
5510,0.001747,172.31.36.0-255,66,145920,10,295889
5511,0.00177,74.125.24.0-255,5738,151658,10,295889
5512,0.001773,172.31.36.0-255,66,151724,10,295889
5513,0.001813,172.31.36.0-255,66,151790,10,295889
5514,0.00183,172.31.36.0-255,66,151856,10,295889
5515,0.001854,74.125.24.0-255,4320,156176,10,295889
5516,0.001859,74.125.24.0-255,3602,159778,10,295889
5517,0.001863,172.31.36.0-255,66,159844,10,295889
5518,0.001866,172.31.36.0-255,66,159910,10,295889
5519,0.001891,74.125.24.0-255,2902,162812,10,295889
5520,0.001894,172.31.36.0-255,66,162878,10,295889
5521,0.001916,74.125.24.0-255,1484,164362,10,295889
5522,0.001924,74.125.24.0-255,5738,170100,10,295889
5523,0.001926,172.31.36.0-255,66,170166,10,295889
5524,0.001942,74.125.24.0-255,2902,173068,10,295889
5525,0.001945,172.31.36.0-255,66,173134,10,295889
5526,0.001976,172.31.36.0-255,66,173200,10,295889
5527,0.001982,74.125.24.0-255,4320,177520,10,295889
5528,0.001984,172.31.36.0-255,66,177586,10,295889
5529,0.002043,172.31.36.0-255,66,177652,10,295889
5530,0.004126,74.125.24.0-255,5738,183390,10,295889
5531,0.004133,172.31.36.0-255,66,183456,10,295889
5532,0.006201,74.125.24.0-255,5738,189194,10,295889
5533,0.006207,172.31.36.0-255,66,189260,10,295889
5534,0.008289,74.125.24.0-255,5738,194998,10,295889
5535,0.008296,172.31.36.0-255,66,195064,10,295889
5536,0.010349,74.125.24.0-255,5738,200802,10,295889
5537,0.010354,172.31.36.0-255,66,200868,10,295889
5538,0.012452,74.125.24.0-255,5738,206606,10,295889
5539,0.012459,172.31.36.0-255,66,206672,10,295889
5540,0.014533,74.125.24.0-255,5738,212410,10,295889
5541,0.014543,172.31.36.0-255,66,212476,10,295889
5542,0.016619,74.125.24.0-255,5738,218214,10,295889
5543,0.016627,172.31.36.0-255,66,218280,10,295889
5544,0.018719,74.125.24.0-255,5738,224018,10,295889
5545,0.01873,172.31.36.0-255,66,224084,10,295889
5546,0.020865,74.125.24.0-255,5738,229822,10,295889
5547,0.020872,172.31.36.0-255,66,229888,10,295889
5548,0.022966,74.125.24.0-255,5738,235626,10,295889
5549,0.022974,172.31.36.0-255,66,235692,10,295889
5550,0.025034,74.125.24.0-255,5738,241430,10,295889
5551,0.02504,172.31.36.0-255,66,241496,10,295889
5552,0.027114,74.125.24.0-255,5738,247234,10,295889
5553,0.027122,172.31.36.0-255,66,247300,10,295889
5554,0.029186,74.125.24.0-255,5738,253038,10,295889
5555,0.029192,172.31.36.0-255,66,253104,10,295889
5556,0.031274,74.125.24.0-255,5738,258842,10,295889
5557,0.031281,172.31.36.0-255,66,258908,10,295889
5558,0.03334,74.125.24.0-255,5738,264646,10,295889
5559,0.033346,172.31.36.0-255,66,264712,10,295889
5560,0.035131,172.31.36.0-255,172,264884,10,295889
5561,0.035164,172.31.36.0-255,1113,265997,10,295889
5562,0.035224,172.31.36.0-255,1514,267511,10,295889
5563,0.035226,172.31.36.0-255,1290,268801,10,295889
5564,0.035447,74.125.24.0-255,5738,274539,10,295889
5565,0.035454,172.31.36.0-255,66,274605,10,295889
5566,0.036668,104.244.42.0-255,66,274671,10,295889
5567,0.036713,104.244.42.0-255,66,274737,10,295889
5568,0.036815,104.244.42.0-255,66,274803,10,295889
5569,0.037518,74.125.24.0-255,1484,276287,10,295889
5570,0.037536,74.125.24.0-255,4320,280607,10,295889
5571,0.037542,172.31.36.0-255,66,280673,10,295889
5572,0.039631,74.125.24.0-255,5738,286411,10,295889
5573,0.03964,172.31.36.0-255,66,286477,10,295889
5574,0.041734,74.125.24.0-255,5738,292215,10,295889
5575,0.041741,172.31.36.0-255,66,292281,10,295889
5576,0.043826,74.125.24.0-255,3371,295652,10,295889
5577,0.043837,172.31.36.0-255,66,295718,10,295889
5578,0.04402,172.31.36.0-255,105,295823,10,295889
5579,0.046061,74.125.24.0-255,66,295889,10,295889
5580,0.0,172.31.36.0-255,74,74,10,74
5581,0.0,172.217.194.0-255,153,153,10,256847
5582,2.3e-05,172.31.36.0-255,66,219,10,256847
5583,3.1e-05,172.217.194.0-255,1484,1703,10,256847
5584,3.5e-05,172.31.36.0-255,66,1769,10,256847
5585,5e-05,172.217.194.0-255,2902,4671,10,256847
5586,5.3e-05,172.31.36.0-255,66,4737,10,256847
5587,6.2e-05,172.217.194.0-255,7156,11893,10,256847
5588,6.5e-05,172.31.36.0-255,66,11959,10,256847
5589,6.9e-05,172.217.194.0-255,2067,14026,10,256847
5590,7.3e-05,172.31.36.0-255,66,14092,10,256847
5591,7.8e-05,172.217.194.0-255,2902,16994,10,256847
5592,8e-05,172.31.36.0-255,66,17060,10,256847
5593,0.000112,172.217.194.0-255,7156,24216,10,256847
5594,0.000115,172.31.36.0-255,66,24282,10,256847
5595,0.000158,172.217.194.0-255,1484,25766,10,256847
5596,0.00016,172.31.36.0-255,66,25832,10,256847
5597,0.000186,172.217.194.0-255,5379,31211,10,256847
5598,0.000189,172.31.36.0-255,66,31277,10,256847
5599,0.000238,172.217.194.0-255,1484,32761,10,256847
5600,0.000241,172.31.36.0-255,66,32827,10,256847
5601,0.000247,172.217.194.0-255,2902,35729,10,256847
5602,0.000249,172.31.36.0-255,66,35795,10,256847
5603,0.000279,172.217.194.0-255,5738,41533,10,256847
5604,0.000281,172.31.36.0-255,66,41599,10,256847
5605,0.00031,172.217.194.0-255,6797,48396,10,256847
5606,0.000313,172.31.36.0-255,66,48462,10,256847
5607,0.000361,172.31.36.0-255,66,48528,10,256847
5608,0.000418,172.217.194.0-255,7156,55684,10,256847
5609,0.000422,172.31.36.0-255,66,55750,10,256847
5610,0.000446,172.217.194.0-255,1414,57164,10,256847
5611,0.000448,172.31.36.0-255,66,57230,10,256847
5612,0.000451,172.217.194.0-255,397,57627,10,256847
5613,0.000582,172.217.194.0-255,1484,59111,10,256847
5614,0.000586,172.31.36.0-255,66,59177,10,256847
5615,0.000592,172.217.194.0-255,2902,62079,10,256847
5616,0.000594,172.31.36.0-255,66,62145,10,256847
5617,0.000603,172.217.194.0-255,2902,65047,10,256847
5618,0.000606,172.31.36.0-255,66,65113,10,256847
5619,0.000636,172.217.194.0-255,2902,68015,10,256847
5620,0.000639,172.31.36.0-255,66,68081,10,256847
5621,0.000644,172.217.194.0-255,2902,70983,10,256847
5622,0.000646,172.31.36.0-255,66,71049,10,256847
5623,0.000675,172.217.194.0-255,2902,73951,10,256847
5624,0.000678,172.31.36.0-255,66,74017,10,256847
5625,0.000682,172.217.194.0-255,2902,76919,10,256847
5626,0.000684,172.31.36.0-255,66,76985,10,256847
5627,0.000736,172.31.36.0-255,66,77051,10,256847
5628,0.00078,172.217.194.0-255,4471,81522,10,256847
5629,0.000783,172.31.36.0-255,66,81588,10,256847
5630,0.001038,172.217.194.0-255,1484,83072,10,256847
5631,0.001045,172.217.194.0-255,2902,85974,10,256847
5632,0.001049,172.31.36.0-255,66,86040,10,256847
5633,0.001053,172.217.194.0-255,1484,87524,10,256847
5634,0.00108,172.217.194.0-255,4320,91844,10,256847
5635,0.001083,172.31.36.0-255,66,91910,10,256847
5636,0.00109,172.217.194.0-255,5738,97648,10,256847
5637,0.001092,172.31.36.0-255,66,97714,10,256847
5638,0.001121,172.217.194.0-255,7156,104870,10,256847
5639,0.001125,172.31.36.0-255,66,104936,10,256847
5640,0.00117,172.217.194.0-255,5738,110674,10,256847
5641,0.001181,172.31.36.0-255,66,110740,10,256847
5642,0.001225,172.217.194.0-255,5020,115760,10,256847
5643,0.001228,172.31.36.0-255,66,115826,10,256847
5644,0.001349,172.217.194.0-255,1484,117310,10,256847
5645,0.001355,172.217.194.0-255,2902,120212,10,256847
5646,0.001358,172.31.36.0-255,66,120278,10,256847
5647,0.001362,172.217.194.0-255,1484,121762,10,256847
5648,0.001381,172.217.194.0-255,4320,126082,10,256847
5649,0.001383,172.31.36.0-255,66,126148,10,256847
5650,0.001394,172.217.194.0-255,1484,127632,10,256847
5651,0.00142,172.217.194.0-255,7156,134788,10,256847
5652,0.001422,172.31.36.0-255,66,134854,10,256847
5653,0.001454,172.217.194.0-255,4320,139174,10,256847
5654,0.001458,172.31.36.0-255,66,139240,10,256847
5655,0.001524,172.31.36.0-255,66,139306,10,256847
5656,0.001577,172.217.194.0-255,2902,142208,10,256847
5657,0.00158,172.31.36.0-255,66,142274,10,256847
5658,0.001615,172.31.36.0-255,66,142340,10,256847
5659,0.001665,172.217.194.0-255,4320,146660,10,256847
5660,0.001669,172.31.36.0-255,66,146726,10,256847
5661,0.001696,172.31.36.0-255,66,146792,10,256847
5662,0.001763,172.217.194.0-255,5738,152530,10,256847
5663,0.001768,172.31.36.0-255,66,152596,10,256847
5664,0.001795,172.217.194.0-255,3602,156198,10,256847
5665,0.001798,172.31.36.0-255,66,156264,10,256847
5666,0.001826,172.217.194.0-255,1484,157748,10,256847
5667,0.001856,172.31.36.0-255,66,157814,10,256847
5668,0.001936,172.31.36.0-255,66,157880,10,256847
5669,0.001964,172.31.36.0-255,66,157946,10,256847
5670,0.002069,172.217.194.0-255,1484,159430,10,256847
5671,0.002113,172.31.36.0-255,66,159496,10,256847
5672,0.002144,172.217.194.0-255,2902,162398,10,256847
5673,0.002147,172.31.36.0-255,66,162464,10,256847
5674,0.002243,172.217.194.0-255,5738,168202,10,256847
5675,0.002246,172.31.36.0-255,66,168268,10,256847
5676,0.002279,172.217.194.0-255,5020,173288,10,256847
5677,0.002283,172.31.36.0-255,66,173354,10,256847
5678,0.002359,172.217.194.0-255,1484,174838,10,256847
5679,0.002374,172.217.194.0-255,2902,177740,10,256847
5680,0.002377,172.31.36.0-255,66,177806,10,256847
5681,0.002404,172.217.194.0-255,1484,179290,10,256847
5682,0.002429,172.217.194.0-255,4320,183610,10,256847
5683,0.002434,172.31.36.0-255,66,183676,10,256847
5684,0.002447,172.217.194.0-255,7156,190832,10,256847
5685,0.002449,172.31.36.0-255,66,190898,10,256847
5686,0.002469,172.217.194.0-255,4320,195218,10,256847
5687,0.002472,172.31.36.0-255,66,195284,10,256847
5688,0.002478,172.217.194.0-255,5738,201022,10,256847
5689,0.002484,172.31.36.0-255,66,201088,10,256847
5690,0.002515,172.217.194.0-255,6438,207526,10,256847
5691,0.002518,172.31.36.0-255,66,207592,10,256847
5692,0.002577,172.31.36.0-255,66,207658,10,256847
5693,0.002631,172.217.194.0-255,1484,209142,10,256847
5694,0.00266,172.217.194.0-255,5738,214880,10,256847
5695,0.002663,172.31.36.0-255,66,214946,10,256847
5696,0.002695,172.31.36.0-255,66,215012,10,256847
5697,0.002815,172.217.194.0-255,7156,222168,10,256847
5698,0.002819,172.31.36.0-255,66,222234,10,256847
5699,0.002847,172.217.194.0-255,5020,227254,10,256847
5700,0.00285,172.31.36.0-255,66,227320,10,256847
5701,0.002875,172.217.194.0-255,1484,228804,10,256847
5702,0.002894,172.217.194.0-255,4320,233124,10,256847
5703,0.002897,172.31.36.0-255,66,233190,10,256847
5704,0.002946,172.31.36.0-255,66,233256,10,256847
5705,0.003081,172.217.194.0-255,7156,240412,10,256847
5706,0.003085,172.31.36.0-255,66,240478,10,256847
5707,0.003105,172.217.194.0-255,5738,246216,10,256847
5708,0.003108,172.31.36.0-255,66,246282,10,256847
5709,0.003168,172.217.194.0-255,5738,252020,10,256847
5710,0.003172,172.31.36.0-255,66,252086,10,256847
5711,0.003229,172.31.36.0-255,66,252152,10,256847
5712,0.003277,172.31.36.0-255,66,252218,10,256847
5713,0.003375,172.217.194.0-255,105,252323,10,256847
5714,0.012236,172.31.36.0-255,66,252389,10,256847
5715,0.012281,172.31.36.0-255,105,252494,10,256847
5716,0.014551,172.217.194.0-255,66,252560,10,256847
5717,0.036175,172.31.36.0-255,172,252732,10,256847
5718,0.036215,172.31.36.0-255,1112,253844,10,256847
5719,0.03628,172.31.36.0-255,1514,255358,10,256847
5720,0.036282,172.31.36.0-255,1291,256649,10,256847
5721,0.037714,104.244.42.0-255,66,256715,10,256847
5722,0.037757,104.244.42.0-255,66,256781,10,256847
5723,0.03786,104.244.42.0-255,66,256847,10,256847
5724,0.0,74.125.24.0-255,297,297,10,195838
5725,2.3e-05,172.31.36.0-255,66,363,10,195838
5726,3e-05,74.125.24.0-255,1484,1847,10,195838
5727,3.5e-05,172.31.36.0-255,66,1913,10,195838
5728,4.9e-05,74.125.24.0-255,4320,6233,10,195838
5729,5.2e-05,172.31.36.0-255,66,6299,10,195838
5730,6.3e-05,172.31.36.0-255,66,6365,10,195838
5731,7e-05,74.125.24.0-255,5738,12103,10,195838
5732,7.2e-05,172.31.36.0-255,66,12169,10,195838
5733,0.0001,74.125.24.0-255,2902,15071,10,195838
5734,0.000103,172.31.36.0-255,66,15137,10,195838
5735,0.000115,172.31.36.0-255,66,15203,10,195838
5736,0.000143,74.125.24.0-255,1484,16687,10,195838
5737,0.000146,172.31.36.0-255,66,16753,10,195838
5738,0.000175,74.125.24.0-255,2902,19655,10,195838
5739,0.000178,172.31.36.0-255,66,19721,10,195838
5740,0.000184,74.125.24.0-255,5738,25459,10,195838
5741,0.000187,172.31.36.0-255,66,25525,10,195838
5742,0.000198,74.125.24.0-255,6797,32322,10,195838
5743,0.000201,172.31.36.0-255,66,32388,10,195838
5744,0.000973,74.125.24.0-255,1484,33872,10,195838
5745,0.000979,172.31.36.0-255,66,33938,10,195838
5746,0.000987,74.125.24.0-255,2902,36840,10,195838
5747,0.00099,172.31.36.0-255,66,36906,10,195838
5748,0.001002,74.125.24.0-255,5738,42644,10,195838
5749,0.001004,172.31.36.0-255,66,42710,10,195838
5750,0.001012,74.125.24.0-255,6797,49507,10,195838
5751,0.001014,172.31.36.0-255,66,49573,10,195838
5752,0.001057,74.125.24.0-255,649,50222,10,195838
5753,0.00106,172.31.36.0-255,66,50288,10,195838
5754,0.001116,74.125.24.0-255,1484,51772,10,195838
5755,0.001122,74.125.24.0-255,2902,54674,10,195838
5756,0.001125,172.31.36.0-255,66,54740,10,195838
5757,0.001132,74.125.24.0-255,5738,60478,10,195838
5758,0.001134,172.31.36.0-255,66,60544,10,195838
5759,0.001161,74.125.24.0-255,5738,66282,10,195838
5760,0.001164,172.31.36.0-255,66,66348,10,195838
5761,0.001196,74.125.24.0-255,4320,70668,10,195838
5762,0.001199,172.31.36.0-255,66,70734,10,195838
5763,0.001211,172.31.36.0-255,66,70800,10,195838
5764,0.001234,172.31.36.0-255,66,70866,10,195838
5765,0.00125,172.31.36.0-255,66,70932,10,195838
5766,0.00128,74.125.24.0-255,1484,72416,10,195838
5767,0.001362,74.125.24.0-255,4320,76736,10,195838
5768,0.001369,74.125.24.0-255,6438,83174,10,195838
5769,0.001418,74.125.24.0-255,1484,84658,10,195838
5770,0.001424,74.125.24.0-255,2902,87560,10,195838
5771,0.001451,74.125.24.0-255,5738,93298,10,195838
5772,0.00146,74.125.24.0-255,7156,100454,10,195838
5773,0.001475,74.125.24.0-255,5738,106192,10,195838
5774,0.001481,74.125.24.0-255,5738,111930,10,195838
5775,0.001495,74.125.24.0-255,1484,113414,10,195838
5776,0.00153,74.125.24.0-255,3602,117016,10,195838
5777,0.001652,74.125.24.0-255,1484,118500,10,195838
5778,0.001657,74.125.24.0-255,2902,121402,10,195838
5779,0.001661,74.125.24.0-255,1484,122886,10,195838
5780,0.001677,74.125.24.0-255,4320,127206,10,195838
5781,0.001795,172.31.36.0-255,78,127284,10,195838
5782,0.001816,172.31.36.0-255,78,127362,10,195838
5783,0.00182,74.125.24.0-255,2902,130264,10,195838
5784,0.001823,172.31.36.0-255,78,130342,10,195838
5785,0.001846,74.125.24.0-255,5020,135362,10,195838
5786,0.001852,172.31.36.0-255,78,135440,10,195838
5787,0.001907,74.125.24.0-255,1484,136924,10,195838
5788,0.001911,172.31.36.0-255,78,137002,10,195838
5789,0.001915,74.125.24.0-255,2902,139904,10,195838
5790,0.001917,172.31.36.0-255,78,139982,10,195838
5791,0.001953,74.125.24.0-255,5738,145720,10,195838
5792,0.001955,172.31.36.0-255,78,145798,10,195838
5793,0.001963,74.125.24.0-255,7156,152954,10,195838
5794,0.001966,172.31.36.0-255,78,153032,10,195838
5795,0.002002,74.125.24.0-255,5738,158770,10,195838
5796,0.002004,172.31.36.0-255,78,158848,10,195838
5797,0.002011,74.125.24.0-255,7156,166004,10,195838
5798,0.002014,172.31.36.0-255,78,166082,10,195838
5799,0.002019,74.125.24.0-255,3602,169684,10,195838
5800,0.002021,172.31.36.0-255,78,169762,10,195838
5801,0.002063,74.125.24.0-255,4320,174082,10,195838
5802,0.002066,172.31.36.0-255,78,174160,10,195838
5803,0.002072,74.125.24.0-255,4320,178480,10,195838
5804,0.002074,172.31.36.0-255,78,178558,10,195838
5805,0.002108,172.31.36.0-255,78,178636,10,195838
5806,0.002145,172.31.36.0-255,78,178714,10,195838
5807,0.002174,74.125.24.0-255,5020,183734,10,195838
5808,0.002177,172.31.36.0-255,78,183812,10,195838
5809,0.002197,172.31.36.0-255,78,183890,10,195838
5810,0.002203,74.125.24.0-255,3602,187492,10,195838
5811,0.002205,172.31.36.0-255,78,187570,10,195838
5812,0.00227,172.31.36.0-255,78,187648,10,195838
5813,0.002273,74.125.24.0-255,501,188149,10,195838
5814,0.002274,172.31.36.0-255,78,188227,10,195838
5815,0.002278,74.125.24.0-255,105,188332,10,195838
5816,0.002281,172.31.36.0-255,78,188410,10,195838
5817,0.004544,74.125.24.0-255,2902,191312,10,195838
5818,0.006605,172.31.36.0-255,66,191378,10,195838
5819,0.009498,172.31.36.0-255,105,191483,10,195838
5820,0.011755,74.125.24.0-255,66,191549,10,195838
5821,0.034123,172.31.36.0-255,172,191721,10,195838
5822,0.03416,172.31.36.0-255,1111,192832,10,195838
5823,0.034224,172.31.36.0-255,1514,194346,10,195838
5824,0.034225,172.31.36.0-255,1294,195640,10,195838
5825,0.035676,104.244.42.0-255,66,195706,10,195838
5826,0.035712,104.244.42.0-255,66,195772,10,195838
5827,0.035752,104.244.42.0-255,66,195838,10,195838
5828,0.0,74.125.68.0-255,153,153,10,311108
5829,1.5e-05,172.31.36.0-255,66,219,10,311108
5830,2.1e-05,74.125.68.0-255,1484,1703,10,311108
5831,2.6e-05,172.31.36.0-255,66,1769,10,311108
5832,3.9e-05,74.125.68.0-255,2902,4671,10,311108
5833,4.3e-05,172.31.36.0-255,66,4737,10,311108
5834,7.9e-05,74.125.68.0-255,7156,11893,10,311108
5835,8.3e-05,172.31.36.0-255,66,11959,10,311108
5836,0.000187,74.125.68.0-255,1975,13934,10,311108
5837,0.000191,172.31.36.0-255,66,14000,10,311108
5838,0.000227,74.125.68.0-255,2902,16902,10,311108
5839,0.00023,172.31.36.0-255,66,16968,10,311108
5840,0.000278,74.125.68.0-255,4320,21288,10,311108
5841,0.000281,172.31.36.0-255,66,21354,10,311108
5842,0.000298,74.125.68.0-255,2902,24256,10,311108
5843,0.000301,172.31.36.0-255,66,24322,10,311108
5844,0.000395,74.125.68.0-255,2902,27224,10,311108
5845,0.000399,172.31.36.0-255,66,27290,10,311108
5846,0.000432,74.125.68.0-255,6797,34087,10,311108
5847,0.000435,172.31.36.0-255,66,34153,10,311108
5848,0.000586,74.125.68.0-255,5738,39891,10,311108
5849,0.000591,172.31.36.0-255,66,39957,10,311108
5850,0.000627,172.31.36.0-255,66,40023,10,311108
5851,0.000847,172.31.36.0-255,66,40089,10,311108
5852,0.001079,74.125.68.0-255,2888,42977,10,311108
5853,0.001083,172.31.36.0-255,66,43043,10,311108
5854,0.001109,74.125.68.0-255,332,43375,10,311108
5855,0.001112,172.31.36.0-255,66,43441,10,311108
5856,0.001254,74.125.68.0-255,1484,44925,10,311108
5857,0.001259,172.31.36.0-255,66,44991,10,311108
5858,0.001267,74.125.68.0-255,2902,47893,10,311108
5859,0.001306,74.125.68.0-255,2902,50795,10,311108
5860,0.001322,74.125.68.0-255,2902,53697,10,311108
5861,0.001408,74.125.68.0-255,6797,60494,10,311108
5862,0.001536,74.125.68.0-255,7156,67650,10,311108
5863,0.001562,74.125.68.0-255,7156,74806,10,311108
5864,0.001787,74.125.68.0-255,2543,77349,10,311108
5865,0.00183,74.125.68.0-255,2902,80251,10,311108
5866,0.00187,74.125.68.0-255,1484,81735,10,311108
5867,0.002171,74.125.68.0-255,7156,88891,10,311108
5868,0.004234,172.31.36.0-255,66,88957,10,311108
5869,0.006437,74.125.68.0-255,5738,94695,10,311108
5870,0.006444,172.31.36.0-255,66,94761,10,311108
5871,0.008668,74.125.68.0-255,5738,100499,10,311108
5872,0.008674,172.31.36.0-255,66,100565,10,311108
5873,0.010891,74.125.68.0-255,4320,104885,10,311108
5874,0.010898,172.31.36.0-255,66,104951,10,311108
5875,0.010928,74.125.68.0-255,1484,106435,10,311108
5876,0.013111,74.125.68.0-255,4320,110755,10,311108
5877,0.013456,172.31.36.0-255,66,110821,10,311108
5878,0.015677,74.125.68.0-255,5738,116559,10,311108
5879,0.015686,172.31.36.0-255,66,116625,10,311108
5880,0.017898,74.125.68.0-255,5738,122363,10,311108
5881,0.017907,172.31.36.0-255,66,122429,10,311108
5882,0.020121,74.125.68.0-255,5738,128167,10,311108
5883,0.02013,172.31.36.0-255,66,128233,10,311108
5884,0.022343,74.125.68.0-255,5738,133971,10,311108
5885,0.02235,172.31.36.0-255,66,134037,10,311108
5886,0.024574,74.125.68.0-255,5738,139775,10,311108
5887,0.024581,172.31.36.0-255,66,139841,10,311108
5888,0.026787,74.125.68.0-255,4320,144161,10,311108
5889,0.026794,172.31.36.0-255,66,144227,10,311108
5890,0.026819,74.125.68.0-255,1484,145711,10,311108
5891,0.027218,172.31.36.0-255,188,145899,10,311108
5892,0.027246,172.31.36.0-255,956,146855,10,311108
5893,0.027307,172.31.36.0-255,1514,148369,10,311108
5894,0.027309,172.31.36.0-255,1447,149816,10,311108
5895,0.028771,104.244.42.0-255,66,149882,10,311108
5896,0.028827,104.244.42.0-255,66,149948,10,311108
5897,0.028908,104.244.42.0-255,66,150014,10,311108
5898,0.029011,74.125.68.0-255,4320,154334,10,311108
5899,0.029016,172.31.36.0-255,66,154400,10,311108
5900,0.031243,74.125.68.0-255,5738,160138,10,311108
5901,0.031292,172.31.36.0-255,66,160204,10,311108
5902,0.03353,74.125.68.0-255,5738,165942,10,311108
5903,0.033537,172.31.36.0-255,66,166008,10,311108
5904,0.03576,74.125.68.0-255,5738,171746,10,311108
5905,0.035767,172.31.36.0-255,66,171812,10,311108
5906,0.037988,74.125.68.0-255,5738,177550,10,311108
5907,0.037994,172.31.36.0-255,66,177616,10,311108
5908,0.040242,74.125.68.0-255,5738,183354,10,311108
5909,0.040249,172.31.36.0-255,66,183420,10,311108
5910,0.042456,74.125.68.0-255,5738,189158,10,311108
5911,0.042463,172.31.36.0-255,66,189224,10,311108
5912,0.044675,74.125.68.0-255,5738,194962,10,311108
5913,0.044682,172.31.36.0-255,66,195028,10,311108
5914,0.046889,74.125.68.0-255,5738,200766,10,311108
5915,0.046895,172.31.36.0-255,66,200832,10,311108
5916,0.04911,74.125.68.0-255,5738,206570,10,311108
5917,0.049116,172.31.36.0-255,66,206636,10,311108
5918,0.051322,74.125.68.0-255,5738,212374,10,311108
5919,0.051327,172.31.36.0-255,66,212440,10,311108
5920,0.053558,74.125.68.0-255,5738,218178,10,311108
5921,0.053565,172.31.36.0-255,66,218244,10,311108
5922,0.055791,74.125.68.0-255,5738,223982,10,311108
5923,0.055796,172.31.36.0-255,66,224048,10,311108
5924,0.058022,74.125.68.0-255,5738,229786,10,311108
5925,0.058028,172.31.36.0-255,66,229852,10,311108
5926,0.060253,74.125.68.0-255,5738,235590,10,311108
5927,0.060259,172.31.36.0-255,66,235656,10,311108
5928,0.06248,74.125.68.0-255,5738,241394,10,311108
5929,0.062487,172.31.36.0-255,66,241460,10,311108
5930,0.06471,74.125.68.0-255,5738,247198,10,311108
5931,0.064716,172.31.36.0-255,66,247264,10,311108
5932,0.066926,74.125.68.0-255,5738,253002,10,311108
5933,0.066933,172.31.36.0-255,66,253068,10,311108
5934,0.069155,74.125.68.0-255,5738,258806,10,311108
5935,0.069162,172.31.36.0-255,66,258872,10,311108
5936,0.071371,74.125.68.0-255,5738,264610,10,311108
5937,0.071379,172.31.36.0-255,66,264676,10,311108
5938,0.073583,74.125.68.0-255,5738,270414,10,311108
5939,0.073589,172.31.36.0-255,66,270480,10,311108
5940,0.075828,74.125.68.0-255,5738,276218,10,311108
5941,0.075834,172.31.36.0-255,66,276284,10,311108
5942,0.07804,74.125.68.0-255,5738,282022,10,311108
5943,0.078047,172.31.36.0-255,66,282088,10,311108
5944,0.080268,74.125.68.0-255,5738,287826,10,311108
5945,0.080274,172.31.36.0-255,66,287892,10,311108
5946,0.082511,74.125.68.0-255,5738,293630,10,311108
5947,0.082518,172.31.36.0-255,66,293696,10,311108
5948,0.084734,74.125.68.0-255,5738,299434,10,311108
5949,0.084742,172.31.36.0-255,66,299500,10,311108
5950,0.08696,74.125.68.0-255,5738,305238,10,311108
5951,0.086966,172.31.36.0-255,66,305304,10,311108
5952,0.089178,74.125.68.0-255,5738,311042,10,311108
5953,0.089184,172.31.36.0-255,66,311108,10,311108
5954,0.0,172.217.194.0-255,153,153,10,299840
5955,2.8e-05,172.31.36.0-255,66,219,10,299840
5956,3.5e-05,172.217.194.0-255,1484,1703,10,299840
5957,4e-05,172.31.36.0-255,66,1769,10,299840
5958,4.6e-05,172.217.194.0-255,2902,4671,10,299840
5959,5.1e-05,172.31.36.0-255,66,4737,10,299840
5960,5.9e-05,172.217.194.0-255,7156,11893,10,299840
5961,6.2e-05,172.31.36.0-255,66,11959,10,299840
5962,7.4e-05,172.31.36.0-255,66,12025,10,299840
5963,8.5e-05,172.31.36.0-255,66,12091,10,299840
5964,8.9e-05,172.217.194.0-255,2543,14634,10,299840
5965,9.2e-05,172.31.36.0-255,66,14700,10,299840
5966,0.000161,172.217.194.0-255,1484,16184,10,299840
5967,0.000163,172.31.36.0-255,66,16250,10,299840
5968,0.000169,172.217.194.0-255,2902,19152,10,299840
5969,0.000171,172.31.36.0-255,66,19218,10,299840
5970,0.0002,172.217.194.0-255,5738,24956,10,299840
5971,0.000203,172.31.36.0-255,66,25022,10,299840
5972,0.000219,172.217.194.0-255,4320,29342,10,299840
5973,0.000221,172.31.36.0-255,66,29408,10,299840
5974,0.000254,172.31.36.0-255,66,29474,10,299840
5975,0.000258,172.31.36.0-255,66,29540,10,299840
5976,0.000273,172.217.194.0-255,1415,30955,10,299840
5977,0.000275,172.31.36.0-255,66,31021,10,299840
5978,0.00029,172.217.194.0-255,1518,32539,10,299840
5979,0.000292,172.31.36.0-255,66,32605,10,299840
5980,0.000298,172.217.194.0-255,2902,35507,10,299840
5981,0.0003,172.31.36.0-255,66,35573,10,299840
5982,0.000304,172.217.194.0-255,2902,38475,10,299840
5983,0.000306,172.31.36.0-255,66,38541,10,299840
5984,0.000332,172.217.194.0-255,2902,41443,10,299840
5985,0.000335,172.31.36.0-255,66,41509,10,299840
5986,0.000352,172.217.194.0-255,6513,48022,10,299840
5987,0.000355,172.31.36.0-255,66,48088,10,299840
5988,0.000414,172.217.194.0-255,2902,50990,10,299840
5989,0.000416,172.31.36.0-255,66,51056,10,299840
5990,0.000445,172.217.194.0-255,4320,55376,10,299840
5991,0.000448,172.31.36.0-255,66,55442,10,299840
5992,0.000459,172.31.36.0-255,66,55508,10,299840
5993,0.000477,172.31.36.0-255,66,55574,10,299840
5994,0.000479,172.217.194.0-255,766,56340,10,299840
5995,0.001596,172.31.36.0-255,66,56406,10,299840
5996,0.001655,172.217.194.0-255,1484,57890,10,299840
5997,0.001663,172.217.194.0-255,2902,60792,10,299840
5998,0.001666,172.31.36.0-255,66,60858,10,299840
5999,0.001671,172.217.194.0-255,2902,63760,10,299840
6000,0.001674,172.31.36.0-255,66,63826,10,299840
6001,0.001681,172.217.194.0-255,7156,70982,10,299840
6002,0.001683,172.31.36.0-255,66,71048,10,299840
6003,0.001722,172.31.36.0-255,66,71114,10,299840
6004,0.001746,172.217.194.0-255,5738,76852,10,299840
6005,0.001749,172.31.36.0-255,66,76918,10,299840
6006,0.001754,172.217.194.0-255,3602,80520,10,299840
6007,0.001756,172.31.36.0-255,66,80586,10,299840
6008,0.004124,172.217.194.0-255,1484,82070,10,299840
6009,0.004147,172.217.194.0-255,4320,86390,10,299840
6010,0.004153,172.31.36.0-255,66,86456,10,299840
6011,0.006509,172.217.194.0-255,5738,92194,10,299840
6012,0.006517,172.31.36.0-255,66,92260,10,299840
6013,0.008919,172.217.194.0-255,5738,97998,10,299840
6014,0.008926,172.31.36.0-255,66,98064,10,299840
6015,0.011301,172.217.194.0-255,5738,103802,10,299840
6016,0.011312,172.31.36.0-255,66,103868,10,299840
6017,0.01365,172.217.194.0-255,5738,109606,10,299840
6018,0.01366,172.31.36.0-255,66,109672,10,299840
6019,0.016051,172.217.194.0-255,5738,115410,10,299840
6020,0.016058,172.31.36.0-255,66,115476,10,299840
6021,0.018396,172.217.194.0-255,5738,121214,10,299840
6022,0.018406,172.31.36.0-255,66,121280,10,299840
6023,0.020752,172.217.194.0-255,5738,127018,10,299840
6024,0.020761,172.31.36.0-255,66,127084,10,299840
6025,0.023117,172.217.194.0-255,5738,132822,10,299840
6026,0.023123,172.31.36.0-255,66,132888,10,299840
6027,0.025443,172.217.194.0-255,5738,138626,10,299840
6028,0.02545,172.31.36.0-255,66,138692,10,299840
6029,0.027765,172.217.194.0-255,5738,144430,10,299840
6030,0.027773,172.31.36.0-255,66,144496,10,299840
6031,0.030105,172.217.194.0-255,2902,147398,10,299840
6032,0.030114,172.31.36.0-255,66,147464,10,299840
6033,0.030122,172.217.194.0-255,2902,150366,10,299840
6034,0.030125,172.31.36.0-255,66,150432,10,299840
6035,0.03128,172.31.36.0-255,192,150624,10,299840
6036,0.031318,172.31.36.0-255,956,151580,10,299840
6037,0.031379,172.31.36.0-255,1514,153094,10,299840
6038,0.031381,172.31.36.0-255,1448,154542,10,299840
6039,0.032488,172.217.194.0-255,5738,160280,10,299840
6040,0.032499,172.31.36.0-255,66,160346,10,299840
6041,0.032851,104.244.42.0-255,66,160412,10,299840
6042,0.032894,104.244.42.0-255,66,160478,10,299840
6043,0.032986,104.244.42.0-255,66,160544,10,299840
6044,0.034858,172.217.194.0-255,5738,166282,10,299840
6045,0.034868,172.31.36.0-255,66,166348,10,299840
6046,0.037245,172.217.194.0-255,5738,172086,10,299840
6047,0.037256,172.31.36.0-255,66,172152,10,299840
6048,0.039632,172.217.194.0-255,5738,177890,10,299840
6049,0.039643,172.31.36.0-255,66,177956,10,299840
6050,0.042018,172.217.194.0-255,5738,183694,10,299840
6051,0.042031,172.31.36.0-255,66,183760,10,299840
6052,0.044416,172.217.194.0-255,5738,189498,10,299840
6053,0.044424,172.31.36.0-255,66,189564,10,299840
6054,0.046756,172.217.194.0-255,5738,195302,10,299840
6055,0.046764,172.31.36.0-255,66,195368,10,299840
6056,0.049112,172.217.194.0-255,5738,201106,10,299840
6057,0.049119,172.31.36.0-255,66,201172,10,299840
6058,0.051508,172.217.194.0-255,5738,206910,10,299840
6059,0.051519,172.31.36.0-255,66,206976,10,299840
6060,0.053877,172.217.194.0-255,5738,212714,10,299840
6061,0.053889,172.31.36.0-255,66,212780,10,299840
6062,0.056216,172.217.194.0-255,5738,218518,10,299840
6063,0.056225,172.31.36.0-255,66,218584,10,299840
6064,0.058597,172.217.194.0-255,5738,224322,10,299840
6065,0.058604,172.31.36.0-255,66,224388,10,299840
6066,0.060967,172.217.194.0-255,5738,230126,10,299840
6067,0.060974,172.31.36.0-255,66,230192,10,299840
6068,0.063361,172.217.194.0-255,5738,235930,10,299840
6069,0.063368,172.31.36.0-255,66,235996,10,299840
6070,0.065697,172.217.194.0-255,5738,241734,10,299840
6071,0.065706,172.31.36.0-255,66,241800,10,299840
6072,0.068088,172.217.194.0-255,5738,247538,10,299840
6073,0.068097,172.31.36.0-255,66,247604,10,299840
6074,0.07041,172.217.194.0-255,5738,253342,10,299840
6075,0.070419,172.31.36.0-255,66,253408,10,299840
6076,0.072751,172.217.194.0-255,5738,259146,10,299840
6077,0.07276,172.31.36.0-255,66,259212,10,299840
6078,0.075137,172.217.194.0-255,5738,264950,10,299840
6079,0.075145,172.31.36.0-255,66,265016,10,299840
6080,0.077502,172.217.194.0-255,5738,270754,10,299840
6081,0.077515,172.31.36.0-255,66,270820,10,299840
6082,0.079876,172.217.194.0-255,5738,276558,10,299840
6083,0.079884,172.31.36.0-255,66,276624,10,299840
6084,0.082253,172.217.194.0-255,5738,282362,10,299840
6085,0.082262,172.31.36.0-255,66,282428,10,299840
6086,0.084628,172.217.194.0-255,5738,288166,10,299840
6087,0.084637,172.31.36.0-255,66,288232,10,299840
6088,0.087009,172.217.194.0-255,5738,293970,10,299840
6089,0.087017,172.31.36.0-255,66,294036,10,299840
6090,0.089405,172.217.194.0-255,5738,299774,10,299840
6091,0.089413,172.31.36.0-255,66,299840,10,299840
6092,0.0,172.217.194.0-255,148,148,10,155995
6093,3.3e-05,172.31.36.0-255,66,214,10,155995
6094,4.1e-05,172.217.194.0-255,1484,1698,10,155995
6095,4.5e-05,172.31.36.0-255,66,1764,10,155995
6096,5e-05,172.217.194.0-255,2902,4666,10,155995
6097,5.2e-05,172.31.36.0-255,66,4732,10,155995
6098,5.5e-05,172.217.194.0-255,1484,6216,10,155995
6099,5.7e-05,172.31.36.0-255,66,6282,10,155995
6100,8.4e-05,172.217.194.0-255,5738,12020,10,155995
6101,8.8e-05,172.31.36.0-255,66,12086,10,155995
6102,0.000104,172.31.36.0-255,66,12152,10,155995
6103,0.000107,172.217.194.0-255,1484,13636,10,155995
6104,0.000108,172.31.36.0-255,66,13702,10,155995
6105,0.000153,172.31.36.0-255,66,13768,10,155995
6106,0.000183,172.217.194.0-255,1484,15252,10,155995
6107,0.000186,172.31.36.0-255,66,15318,10,155995
6108,0.000212,172.217.194.0-255,2902,18220,10,155995
6109,0.000215,172.31.36.0-255,66,18286,10,155995
6110,0.000219,172.217.194.0-255,2902,21188,10,155995
6111,0.000221,172.31.36.0-255,66,21254,10,155995
6112,0.000226,172.217.194.0-255,4320,25574,10,155995
6113,0.000234,172.31.36.0-255,66,25640,10,155995
6114,0.000238,172.217.194.0-255,2902,28542,10,155995
6115,0.00024,172.31.36.0-255,66,28608,10,155995
6116,0.000282,172.217.194.0-255,5738,34346,10,155995
6117,0.000287,172.31.36.0-255,66,34412,10,155995
6118,0.000301,172.31.36.0-255,66,34478,10,155995
6119,0.000327,172.217.194.0-255,2496,36974,10,155995
6120,0.000335,172.31.36.0-255,66,37040,10,155995
6121,0.000762,172.217.194.0-255,366,37406,10,155995
6122,0.000775,172.31.36.0-255,66,37472,10,155995
6123,0.0008,172.217.194.0-255,1484,38956,10,155995
6124,0.000825,172.217.194.0-255,4320,43276,10,155995
6125,0.000835,172.31.36.0-255,66,43342,10,155995
6126,0.000854,172.217.194.0-255,4320,47662,10,155995
6127,0.000855,172.31.36.0-255,66,47728,10,155995
6128,0.000861,172.31.36.0-255,66,47794,10,155995
6129,0.000877,172.217.194.0-255,4320,52114,10,155995
6130,0.000894,172.31.36.0-255,66,52180,10,155995
6131,0.000908,172.217.194.0-255,2902,55082,10,155995
6132,0.000921,172.31.36.0-255,66,55148,10,155995
6133,0.000926,172.217.194.0-255,6438,61586,10,155995
6134,0.000929,172.217.194.0-255,1484,63070,10,155995
6135,0.000936,172.31.36.0-255,66,63136,10,155995
6136,0.000969,172.31.36.0-255,66,63202,10,155995
6137,0.000982,172.31.36.0-255,66,63268,10,155995
6138,0.001061,172.217.194.0-255,4320,67588,10,155995
6139,0.001063,172.31.36.0-255,66,67654,10,155995
6140,0.001069,172.31.36.0-255,66,67720,10,155995
6141,0.001115,172.31.36.0-255,66,67786,10,155995
6142,0.001279,172.217.194.0-255,1484,69270,10,155995
6143,0.001293,172.217.194.0-255,2902,72172,10,155995
6144,0.001297,172.31.36.0-255,66,72238,10,155995
6145,0.001301,172.217.194.0-255,1484,73722,10,155995
6146,0.001329,172.217.194.0-255,4320,78042,10,155995
6147,0.001332,172.31.36.0-255,66,78108,10,155995
6148,0.001348,172.31.36.0-255,66,78174,10,155995
6149,0.001391,172.31.36.0-255,66,78240,10,155995
6150,0.001399,172.217.194.0-255,1484,79724,10,155995
6151,0.001426,172.217.194.0-255,5738,85462,10,155995
6152,0.001437,172.31.36.0-255,66,85528,10,155995
6153,0.001445,172.31.36.0-255,66,85594,10,155995
6154,0.001468,172.217.194.0-255,7156,92750,10,155995
6155,0.001473,172.31.36.0-255,66,92816,10,155995
6156,0.001502,172.217.194.0-255,7156,99972,10,155995
6157,0.001508,172.31.36.0-255,66,100038,10,155995
6158,0.001513,172.217.194.0-255,3602,103640,10,155995
6159,0.00152,172.31.36.0-255,66,103706,10,155995
6160,0.001739,172.217.194.0-255,1484,105190,10,155995
6161,0.001757,172.217.194.0-255,2902,108092,10,155995
6162,0.001761,172.31.36.0-255,66,108158,10,155995
6163,0.001767,172.217.194.0-255,5738,113896,10,155995
6164,0.001771,172.31.36.0-255,66,113962,10,155995
6165,0.001818,172.31.36.0-255,66,114028,10,155995
6166,0.001831,172.31.36.0-255,66,114094,10,155995
6167,0.001853,172.217.194.0-255,2184,116278,10,155995
6168,0.001863,172.31.36.0-255,66,116344,10,155995
6169,0.001989,172.217.194.0-255,1484,117828,10,155995
6170,0.001994,172.217.194.0-255,2902,120730,10,155995
6171,0.001997,172.31.36.0-255,66,120796,10,155995
6172,0.002003,172.217.194.0-255,4320,125116,10,155995
6173,0.002015,172.31.36.0-255,66,125182,10,155995
6174,0.002032,172.217.194.0-255,1484,126666,10,155995
6175,0.002043,172.217.194.0-255,5738,132404,10,155995
6176,0.002046,172.31.36.0-255,66,132470,10,155995
6177,0.002089,172.31.36.0-255,66,132536,10,155995
6178,0.002091,172.217.194.0-255,5020,137556,10,155995
6179,0.002095,172.31.36.0-255,66,137622,10,155995
6180,0.002148,172.217.194.0-255,1484,139106,10,155995
6181,0.002188,172.31.36.0-255,66,139172,10,155995
6182,0.002192,172.31.36.0-255,66,139238,10,155995
6183,0.002241,172.31.36.0-255,66,139304,10,155995
6184,0.002244,172.217.194.0-255,7156,146460,10,155995
6185,0.002254,172.31.36.0-255,66,146526,10,155995
6186,0.002294,172.31.36.0-255,66,146592,10,155995
6187,0.002311,172.31.36.0-255,66,146658,10,155995
6188,0.002335,172.217.194.0-255,2902,149560,10,155995
6189,0.00234,172.31.36.0-255,66,149626,10,155995
6190,0.002349,172.217.194.0-255,1484,151110,10,155995
6191,0.002354,172.31.36.0-255,66,151176,10,155995
6192,0.002382,172.217.194.0-255,105,151281,10,155995
6193,0.002396,172.31.36.0-255,66,151347,10,155995
6194,0.003712,172.31.36.0-255,105,151452,10,155995
6195,0.006222,172.217.194.0-255,66,151518,10,155995
6196,0.031092,172.31.36.0-255,188,151706,10,155995
6197,0.031202,172.31.36.0-255,956,152662,10,155995
6198,0.031272,172.31.36.0-255,1514,154176,10,155995
6199,0.031274,172.31.36.0-255,1447,155623,10,155995
6200,0.032664,104.244.42.0-255,66,155689,10,155995
6201,0.032796,104.244.42.0-255,66,155755,10,155995
6202,0.03285,104.244.42.0-255,66,155821,10,155995
6203,0.033394,104.244.42.0-255,108,155929,10,155995
6204,0.033402,172.31.36.0-255,66,155995,10,155995
6205,0.0,172.217.194.0-255,297,297,10,317904
6206,3.3e-05,172.31.36.0-255,66,363,10,317904
6207,3.9e-05,172.217.194.0-255,1484,1847,10,317904
6208,4.4e-05,172.31.36.0-255,66,1913,10,317904
6209,5e-05,172.217.194.0-255,4320,6233,10,317904
6210,5.3e-05,172.31.36.0-255,66,6299,10,317904
6211,0.000104,172.31.36.0-255,66,6365,10,317904
6212,0.000533,172.217.194.0-255,1484,7849,10,317904
6213,0.00054,172.31.36.0-255,66,7915,10,317904
6214,0.000551,172.217.194.0-255,2902,10817,10,317904
6215,0.000554,172.31.36.0-255,66,10883,10,317904
6216,0.000586,172.217.194.0-255,5738,16621,10,317904
6217,0.00059,172.31.36.0-255,66,16687,10,317904
6218,0.000598,172.217.194.0-255,6797,23484,10,317904
6219,0.0006,172.31.36.0-255,66,23550,10,317904
6220,0.000639,172.31.36.0-255,66,23616,10,317904
6221,0.000671,172.217.194.0-255,5738,29354,10,317904
6222,0.000677,172.31.36.0-255,66,29420,10,317904
6223,0.000689,172.31.36.0-255,66,29486,10,317904
6224,0.0007,172.31.36.0-255,66,29552,10,317904
6225,0.000723,172.217.194.0-255,344,29896,10,317904
6226,0.000726,172.31.36.0-255,66,29962,10,317904
6227,0.000877,172.217.194.0-255,117,30079,10,317904
6228,0.000882,172.31.36.0-255,66,30145,10,317904
6229,0.000886,172.217.194.0-255,378,30523,10,317904
6230,0.000888,172.31.36.0-255,66,30589,10,317904
6231,0.001193,172.217.194.0-255,1484,32073,10,317904
6232,0.001201,172.31.36.0-255,66,32139,10,317904
6233,0.001207,172.217.194.0-255,2902,35041,10,317904
6234,0.00121,172.31.36.0-255,66,35107,10,317904
6235,0.001215,172.217.194.0-255,2902,38009,10,317904
6236,0.001217,172.31.36.0-255,66,38075,10,317904
6237,0.001238,172.217.194.0-255,2902,40977,10,317904
6238,0.001241,172.31.36.0-255,66,41043,10,317904
6239,0.001253,172.31.36.0-255,66,41109,10,317904
6240,0.001276,172.217.194.0-255,2902,44011,10,317904
6241,0.001289,172.31.36.0-255,66,44077,10,317904
6242,0.001297,172.31.36.0-255,66,44143,10,317904
6243,0.001302,172.217.194.0-255,2184,46327,10,317904
6244,0.001304,172.31.36.0-255,66,46393,10,317904
6245,0.001686,172.217.194.0-255,1484,47877,10,317904
6246,0.001696,172.217.194.0-255,2902,50779,10,317904
6247,0.0017,172.31.36.0-255,66,50845,10,317904
6248,0.001705,172.217.194.0-255,2902,53747,10,317904
6249,0.001707,172.31.36.0-255,66,53813,10,317904
6250,0.001737,172.217.194.0-255,4320,58133,10,317904
6251,0.00174,172.31.36.0-255,66,58199,10,317904
6252,0.001746,172.217.194.0-255,4320,62519,10,317904
6253,0.001747,172.31.36.0-255,66,62585,10,317904
6254,0.001764,172.217.194.0-255,4320,66905,10,317904
6255,0.001766,172.31.36.0-255,66,66971,10,317904
6256,0.001769,172.217.194.0-255,1484,68455,10,317904
6257,0.001785,172.217.194.0-255,5738,74193,10,317904
6258,0.001787,172.31.36.0-255,66,74259,10,317904
6259,0.001809,172.217.194.0-255,2902,77161,10,317904
6260,0.001811,172.31.36.0-255,66,77227,10,317904
6261,0.001833,172.217.194.0-255,3602,80829,10,317904
6262,0.001835,172.31.36.0-255,66,80895,10,317904
6263,0.002069,172.217.194.0-255,1484,82379,10,317904
6264,0.002075,172.217.194.0-255,2902,85281,10,317904
6265,0.002078,172.31.36.0-255,66,85347,10,317904
6266,0.002083,172.217.194.0-255,2902,88249,10,317904
6267,0.002085,172.31.36.0-255,66,88315,10,317904
6268,0.002099,172.217.194.0-255,2902,91217,10,317904
6269,0.002102,172.31.36.0-255,66,91283,10,317904
6270,0.002144,172.31.36.0-255,66,91349,10,317904
6271,0.002156,172.31.36.0-255,66,91415,10,317904
6272,0.00219,172.217.194.0-255,4320,95735,10,317904
6273,0.002193,172.31.36.0-255,66,95801,10,317904
6274,0.002228,172.31.36.0-255,66,95867,10,317904
6275,0.002264,172.217.194.0-255,4320,100187,10,317904
6276,0.002266,172.31.36.0-255,66,100253,10,317904
6277,0.002292,172.31.36.0-255,66,100319,10,317904
6278,0.004662,172.217.194.0-255,2902,103221,10,317904
6279,0.004666,172.31.36.0-255,66,103287,10,317904
6280,0.004686,172.217.194.0-255,2902,106189,10,317904
6281,0.004688,172.31.36.0-255,66,106255,10,317904
6282,0.007028,172.217.194.0-255,5738,111993,10,317904
6283,0.007034,172.31.36.0-255,66,112059,10,317904
6284,0.009391,172.217.194.0-255,5738,117797,10,317904
6285,0.009399,172.31.36.0-255,66,117863,10,317904
6286,0.011752,172.217.194.0-255,5738,123601,10,317904
6287,0.01176,172.31.36.0-255,66,123667,10,317904
6288,0.014115,172.217.194.0-255,4320,127987,10,317904
6289,0.014126,172.31.36.0-255,66,128053,10,317904
6290,0.014146,172.217.194.0-255,1484,129537,10,317904
6291,0.016461,172.217.194.0-255,4320,133857,10,317904
6292,0.016469,172.31.36.0-255,66,133923,10,317904
6293,0.018857,172.217.194.0-255,5738,139661,10,317904
6294,0.018865,172.31.36.0-255,66,139727,10,317904
6295,0.021213,172.217.194.0-255,5738,145465,10,317904
6296,0.021223,172.31.36.0-255,66,145531,10,317904
6297,0.022203,172.31.36.0-255,172,145703,10,317904
6298,0.022236,172.31.36.0-255,1113,146816,10,317904
6299,0.022296,172.31.36.0-255,1514,148330,10,317904
6300,0.022298,172.31.36.0-255,1290,149620,10,317904
6301,0.0236,172.217.194.0-255,5738,155358,10,317904
6302,0.023607,172.31.36.0-255,66,155424,10,317904
6303,0.023795,104.244.42.0-255,66,155490,10,317904
6304,0.023953,104.244.42.0-255,66,155556,10,317904
6305,0.023979,104.244.42.0-255,66,155622,10,317904
6306,0.025962,172.217.194.0-255,5738,161360,10,317904
6307,0.02597,172.31.36.0-255,66,161426,10,317904
6308,0.028354,172.217.194.0-255,5738,167164,10,317904
6309,0.028362,172.31.36.0-255,66,167230,10,317904
6310,0.030726,172.217.194.0-255,5738,172968,10,317904
6311,0.030734,172.31.36.0-255,66,173034,10,317904
6312,0.033114,172.217.194.0-255,5738,178772,10,317904
6313,0.033124,172.31.36.0-255,66,178838,10,317904
6314,0.035475,172.217.194.0-255,5738,184576,10,317904
6315,0.035482,172.31.36.0-255,66,184642,10,317904
6316,0.037853,172.217.194.0-255,5738,190380,10,317904
6317,0.037858,172.31.36.0-255,66,190446,10,317904
6318,0.04022,172.217.194.0-255,5738,196184,10,317904
6319,0.040226,172.31.36.0-255,66,196250,10,317904
6320,0.042575,172.217.194.0-255,5738,201988,10,317904
6321,0.042582,172.31.36.0-255,66,202054,10,317904
6322,0.044925,172.217.194.0-255,5738,207792,10,317904
6323,0.044932,172.31.36.0-255,66,207858,10,317904
6324,0.047264,172.217.194.0-255,5738,213596,10,317904
6325,0.04727,172.31.36.0-255,66,213662,10,317904
6326,0.049612,172.217.194.0-255,5738,219400,10,317904
6327,0.049617,172.31.36.0-255,66,219466,10,317904
6328,0.051949,172.217.194.0-255,2902,222368,10,317904
6329,0.051954,172.31.36.0-255,66,222434,10,317904
6330,0.051987,172.217.194.0-255,2902,225336,10,317904
6331,0.051991,172.31.36.0-255,66,225402,10,317904
6332,0.054281,172.217.194.0-255,2902,228304,10,317904
6333,0.054302,172.31.36.0-255,66,228370,10,317904
6334,0.054346,172.217.194.0-255,2902,231272,10,317904
6335,0.054351,172.31.36.0-255,66,231338,10,317904
6336,0.056628,172.217.194.0-255,2902,234240,10,317904
6337,0.056633,172.31.36.0-255,66,234306,10,317904
6338,0.05669,172.217.194.0-255,2902,237208,10,317904
6339,0.056694,172.31.36.0-255,66,237274,10,317904
6340,0.058994,172.217.194.0-255,1484,238758,10,317904
6341,0.059066,172.217.194.0-255,2902,241660,10,317904
6342,0.059071,172.31.36.0-255,66,241726,10,317904
6343,0.059088,172.217.194.0-255,1484,243210,10,317904
6344,0.061414,172.217.194.0-255,4320,247530,10,317904
6345,0.06142,172.31.36.0-255,66,247596,10,317904
6346,0.063741,172.217.194.0-255,5738,253334,10,317904
6347,0.063747,172.31.36.0-255,66,253400,10,317904
6348,0.066095,172.217.194.0-255,2902,256302,10,317904
6349,0.066101,172.31.36.0-255,66,256368,10,317904
6350,0.06613,172.217.194.0-255,2902,259270,10,317904
6351,0.066133,172.31.36.0-255,66,259336,10,317904
6352,0.068422,172.217.194.0-255,2902,262238,10,317904
6353,0.068427,172.31.36.0-255,66,262304,10,317904
6354,0.068461,172.217.194.0-255,2902,265206,10,317904
6355,0.068464,172.31.36.0-255,66,265272,10,317904
6356,0.070765,172.217.194.0-255,2902,268174,10,317904
6357,0.070771,172.31.36.0-255,66,268240,10,317904
6358,0.070802,172.217.194.0-255,2902,271142,10,317904
6359,0.070805,172.31.36.0-255,66,271208,10,317904
6360,0.073123,172.217.194.0-255,5738,276946,10,317904
6361,0.073129,172.31.36.0-255,66,277012,10,317904
6362,0.075518,172.217.194.0-255,5738,282750,10,317904
6363,0.075525,172.31.36.0-255,66,282816,10,317904
6364,0.077854,172.217.194.0-255,5738,288554,10,317904
6365,0.077859,172.31.36.0-255,66,288620,10,317904
6366,0.080191,172.217.194.0-255,5738,294358,10,317904
6367,0.080196,172.31.36.0-255,66,294424,10,317904
6368,0.08253,172.217.194.0-255,2902,297326,10,317904
6369,0.082536,172.31.36.0-255,66,297392,10,317904
6370,0.082565,172.217.194.0-255,2902,300294,10,317904
6371,0.082568,172.31.36.0-255,66,300360,10,317904
6372,0.084878,172.217.194.0-255,2902,303262,10,317904
6373,0.084883,172.31.36.0-255,66,303328,10,317904
6374,0.084917,172.217.194.0-255,2902,306230,10,317904
6375,0.08492,172.31.36.0-255,66,306296,10,317904
6376,0.087232,172.217.194.0-255,5738,312034,10,317904
6377,0.087237,172.31.36.0-255,66,312100,10,317904
6378,0.089615,172.217.194.0-255,5738,317838,10,317904
6379,0.089622,172.31.36.0-255,66,317904,10,317904
6380,0.0,74.125.24.0-255,476,476,10,312614
6381,2.2e-05,172.31.36.0-255,66,542,10,312614
6382,2.8e-05,74.125.24.0-255,1484,2026,10,312614
6383,3.2e-05,172.31.36.0-255,66,2092,10,312614
6384,3.9e-05,74.125.24.0-255,4320,6412,10,312614
6385,5e-05,172.31.36.0-255,66,6478,10,312614
6386,6.1e-05,172.31.36.0-255,66,6544,10,312614
6387,8.6e-05,74.125.24.0-255,4320,10864,10,312614
6388,8.9e-05,172.31.36.0-255,66,10930,10,312614
6389,0.000121,172.31.36.0-255,66,10996,10,312614
6390,0.000542,74.125.24.0-255,1484,12480,10,312614
6391,0.000548,172.31.36.0-255,66,12546,10,312614
6392,0.000555,74.125.24.0-255,2902,15448,10,312614
6393,0.000559,172.31.36.0-255,66,15514,10,312614
6394,0.00057,74.125.24.0-255,2902,18416,10,312614
6395,0.000574,172.31.36.0-255,66,18482,10,312614
6396,0.000612,74.125.24.0-255,7156,25638,10,312614
6397,0.000617,172.31.36.0-255,66,25704,10,312614
6398,0.000626,74.125.24.0-255,7156,32860,10,312614
6399,0.000629,172.31.36.0-255,66,32926,10,312614
6400,0.000662,74.125.24.0-255,5738,38664,10,312614
6401,0.000665,172.31.36.0-255,66,38730,10,312614
6402,0.000672,74.125.24.0-255,4320,43050,10,312614
6403,0.000674,172.31.36.0-255,66,43116,10,312614
6404,0.000707,74.125.24.0-255,2184,45300,10,312614
6405,0.000711,172.31.36.0-255,66,45366,10,312614
6406,0.000714,74.125.24.0-255,677,46043,10,312614
6407,0.000716,172.31.36.0-255,66,46109,10,312614
6408,0.001175,74.125.24.0-255,1484,47593,10,312614
6409,0.001181,172.31.36.0-255,66,47659,10,312614
6410,0.001187,74.125.24.0-255,2902,50561,10,312614
6411,0.00119,172.31.36.0-255,66,50627,10,312614
6412,0.001203,74.125.24.0-255,5738,56365,10,312614
6413,0.001206,172.31.36.0-255,66,56431,10,312614
6414,0.001246,172.31.36.0-255,66,56497,10,312614
6415,0.001285,74.125.24.0-255,2902,59399,10,312614
6416,0.001289,172.31.36.0-255,66,59465,10,312614
6417,0.001304,172.31.36.0-255,66,59531,10,312614
6418,0.002267,74.125.24.0-255,1484,61015,10,312614
6419,0.002277,74.125.24.0-255,2902,63917,10,312614
6420,0.002281,172.31.36.0-255,66,63983,10,312614
6421,0.002289,74.125.24.0-255,4320,68303,10,312614
6422,0.002291,172.31.36.0-255,66,68369,10,312614
6423,0.002317,74.125.24.0-255,1484,69853,10,312614
6424,0.002324,74.125.24.0-255,5738,75591,10,312614
6425,0.002326,172.31.36.0-255,66,75657,10,312614
6426,0.002354,74.125.24.0-255,7156,82813,10,312614
6427,0.002356,172.31.36.0-255,66,82879,10,312614
6428,0.002361,74.125.24.0-255,4320,87199,10,312614
6429,0.002363,172.31.36.0-255,66,87265,10,312614
6430,0.002401,74.125.24.0-255,6438,93703,10,312614
6431,0.002404,172.31.36.0-255,66,93769,10,312614
6432,0.002453,74.125.24.0-255,1484,95253,10,312614
6433,0.002466,74.125.24.0-255,2902,98155,10,312614
6434,0.002469,172.31.36.0-255,66,98221,10,312614
6435,0.002472,74.125.24.0-255,1484,99705,10,312614
6436,0.002496,74.125.24.0-255,2902,102607,10,312614
6437,0.002497,172.31.36.0-255,66,102673,10,312614
6438,0.002501,74.125.24.0-255,2902,105575,10,312614
6439,0.002503,172.31.36.0-255,66,105641,10,312614
6440,0.00253,74.125.24.0-255,5738,111379,10,312614
6441,0.002536,172.31.36.0-255,66,111445,10,312614
6442,0.00254,74.125.24.0-255,4320,115765,10,312614
6443,0.002542,172.31.36.0-255,66,115831,10,312614
6444,0.002571,172.31.36.0-255,66,115897,10,312614
6445,0.002596,74.125.24.0-255,2184,118081,10,312614
6446,0.002599,172.31.36.0-255,66,118147,10,312614
6447,0.005155,74.125.24.0-255,5738,123885,10,312614
6448,0.005161,172.31.36.0-255,66,123951,10,312614
6449,0.007759,74.125.24.0-255,5738,129689,10,312614
6450,0.007768,172.31.36.0-255,66,129755,10,312614
6451,0.010333,74.125.24.0-255,5738,135493,10,312614
6452,0.010344,172.31.36.0-255,66,135559,10,312614
6453,0.012923,74.125.24.0-255,5738,141297,10,312614
6454,0.012934,172.31.36.0-255,66,141363,10,312614
6455,0.015504,74.125.24.0-255,5738,147101,10,312614
6456,0.01552,172.31.36.0-255,66,147167,10,312614
6457,0.018146,74.125.24.0-255,5738,152905,10,312614
6458,0.018159,172.31.36.0-255,66,152971,10,312614
6459,0.020749,74.125.24.0-255,5738,158709,10,312614
6460,0.020757,172.31.36.0-255,66,158775,10,312614
6461,0.02334,74.125.24.0-255,5738,164513,10,312614
6462,0.023348,172.31.36.0-255,66,164579,10,312614
6463,0.025922,74.125.24.0-255,5738,170317,10,312614
6464,0.025932,172.31.36.0-255,66,170383,10,312614
6465,0.0285,74.125.24.0-255,5738,176121,10,312614
6466,0.028506,172.31.36.0-255,66,176187,10,312614
6467,0.029464,172.31.36.0-255,172,176359,10,312614
6468,0.029496,172.31.36.0-255,1113,177472,10,312614
6469,0.029554,172.31.36.0-255,1514,178986,10,312614
6470,0.029556,172.31.36.0-255,1290,180276,10,312614
6471,0.031019,104.244.42.0-255,66,180342,10,312614
6472,0.031075,104.244.42.0-255,66,180408,10,312614
6473,0.031082,74.125.24.0-255,5738,186146,10,312614
6474,0.031087,172.31.36.0-255,66,186212,10,312614
6475,0.031127,104.244.42.0-255,66,186278,10,312614
6476,0.033697,74.125.24.0-255,5738,192016,10,312614
6477,0.033704,172.31.36.0-255,66,192082,10,312614
6478,0.036284,74.125.24.0-255,5738,197820,10,312614
6479,0.03629,172.31.36.0-255,66,197886,10,312614
6480,0.038882,74.125.24.0-255,5738,203624,10,312614
6481,0.038888,172.31.36.0-255,66,203690,10,312614
6482,0.041473,74.125.24.0-255,5738,209428,10,312614
6483,0.041483,172.31.36.0-255,66,209494,10,312614
6484,0.044072,74.125.24.0-255,5738,215232,10,312614
6485,0.044079,172.31.36.0-255,66,215298,10,312614
6486,0.04665,74.125.24.0-255,4320,219618,10,312614
6487,0.046657,172.31.36.0-255,66,219684,10,312614
6488,0.046686,74.125.24.0-255,1484,221168,10,312614
6489,0.049263,74.125.24.0-255,4320,225488,10,312614
6490,0.049269,172.31.36.0-255,66,225554,10,312614
6491,0.05188,74.125.24.0-255,5738,231292,10,312614
6492,0.051887,172.31.36.0-255,66,231358,10,312614
6493,0.054491,74.125.24.0-255,5738,237096,10,312614
6494,0.054499,172.31.36.0-255,66,237162,10,312614
6495,0.057082,74.125.24.0-255,5738,242900,10,312614
6496,0.05709,172.31.36.0-255,66,242966,10,312614
6497,0.059678,74.125.24.0-255,5738,248704,10,312614
6498,0.059687,172.31.36.0-255,66,248770,10,312614
6499,0.062287,74.125.24.0-255,5738,254508,10,312614
6500,0.062298,172.31.36.0-255,66,254574,10,312614
6501,0.064906,74.125.24.0-255,5738,260312,10,312614
6502,0.06492,172.31.36.0-255,66,260378,10,312614
6503,0.067506,74.125.24.0-255,5738,266116,10,312614
6504,0.067515,172.31.36.0-255,66,266182,10,312614
6505,0.07012,74.125.24.0-255,5738,271920,10,312614
6506,0.070128,172.31.36.0-255,66,271986,10,312614
6507,0.072722,74.125.24.0-255,5738,277724,10,312614
6508,0.07273,172.31.36.0-255,66,277790,10,312614
6509,0.075308,74.125.24.0-255,5738,283528,10,312614
6510,0.075317,172.31.36.0-255,66,283594,10,312614
6511,0.077909,74.125.24.0-255,5738,289332,10,312614
6512,0.077916,172.31.36.0-255,66,289398,10,312614
6513,0.080517,74.125.24.0-255,5738,295136,10,312614
6514,0.080524,172.31.36.0-255,66,295202,10,312614
6515,0.083101,74.125.24.0-255,5738,300940,10,312614
6516,0.08311,172.31.36.0-255,66,301006,10,312614
6517,0.08571,74.125.24.0-255,5738,306744,10,312614
6518,0.08572,172.31.36.0-255,66,306810,10,312614
6519,0.088298,74.125.24.0-255,5738,312548,10,312614
6520,0.088305,172.31.36.0-255,66,312614,10,312614
6521,0.0,172.253.118.0-255,153,153,10,304254
6522,2.2e-05,172.31.36.0-255,66,219,10,304254
6523,2.9e-05,172.253.118.0-255,1484,1703,10,304254
6524,3.3e-05,172.31.36.0-255,66,1769,10,304254
6525,3.9e-05,172.253.118.0-255,2902,4671,10,304254
6526,4.2e-05,172.31.36.0-255,66,4737,10,304254
6527,5.8e-05,172.253.118.0-255,7156,11893,10,304254
6528,6.1e-05,172.31.36.0-255,66,11959,10,304254
6529,6.5e-05,172.253.118.0-255,2038,13997,10,304254
6530,6.8e-05,172.31.36.0-255,66,14063,10,304254
6531,0.000121,172.31.36.0-255,66,14129,10,304254
6532,0.000145,172.253.118.0-255,1484,15613,10,304254
6533,0.000148,172.31.36.0-255,66,15679,10,304254
6534,0.000181,172.253.118.0-255,6797,22476,10,304254
6535,0.000184,172.31.36.0-255,66,22542,10,304254
6536,0.000303,172.253.118.0-255,1484,24026,10,304254
6537,0.000307,172.31.36.0-255,66,24092,10,304254
6538,0.000332,172.253.118.0-255,2902,26994,10,304254
6539,0.000335,172.31.36.0-255,66,27060,10,304254
6540,0.000363,172.253.118.0-255,5738,32798,10,304254
6541,0.000367,172.31.36.0-255,66,32864,10,304254
6542,0.000371,172.253.118.0-255,2902,35766,10,304254
6543,0.000373,172.31.36.0-255,66,35832,10,304254
6544,0.000404,172.31.36.0-255,66,35898,10,304254
6545,0.00045,172.31.36.0-255,66,35964,10,304254
6546,0.000453,172.253.118.0-255,447,36411,10,304254
6547,0.000454,172.31.36.0-255,66,36477,10,304254
6548,0.000605,172.253.118.0-255,1484,37961,10,304254
6549,0.00061,172.31.36.0-255,66,38027,10,304254
6550,0.000618,172.253.118.0-255,2902,40929,10,304254
6551,0.000621,172.31.36.0-255,66,40995,10,304254
6552,0.000632,172.253.118.0-255,5738,46733,10,304254
6553,0.000635,172.31.36.0-255,66,46799,10,304254
6554,0.000685,172.31.36.0-255,66,46865,10,304254
6555,0.000698,172.31.36.0-255,66,46931,10,304254
6556,0.000701,172.253.118.0-255,329,47260,10,304254
6557,0.001198,172.253.118.0-255,1484,48744,10,304254
6558,0.001203,172.31.36.0-255,66,48810,10,304254
6559,0.001209,172.253.118.0-255,2902,51712,10,304254
6560,0.001212,172.31.36.0-255,66,51778,10,304254
6561,0.001217,172.253.118.0-255,4320,56098,10,304254
6562,0.001219,172.31.36.0-255,66,56164,10,304254
6563,0.001251,172.253.118.0-255,1484,57648,10,304254
6564,0.001266,172.31.36.0-255,66,57714,10,304254
6565,0.001314,172.31.36.0-255,66,57780,10,304254
6566,0.001431,172.253.118.0-255,1484,59264,10,304254
6567,0.001438,172.253.118.0-255,2902,62166,10,304254
6568,0.001441,172.31.36.0-255,66,62232,10,304254
6569,0.00145,172.253.118.0-255,5738,67970,10,304254
6570,0.001452,172.31.36.0-255,66,68036,10,304254
6571,0.001491,172.31.36.0-255,66,68102,10,304254
6572,0.00154,172.253.118.0-255,7156,75258,10,304254
6573,0.001543,172.31.36.0-255,66,75324,10,304254
6574,0.001567,172.253.118.0-255,3602,78926,10,304254
6575,0.00157,172.31.36.0-255,66,78992,10,304254
6576,0.001595,172.253.118.0-255,1484,80476,10,304254
6577,0.0016,172.253.118.0-255,2902,83378,10,304254
6578,0.001603,172.31.36.0-255,66,83444,10,304254
6579,0.001608,172.253.118.0-255,2902,86346,10,304254
6580,0.001611,172.31.36.0-255,66,86412,10,304254
6581,0.001634,172.253.118.0-255,2902,89314,10,304254
6582,0.001637,172.31.36.0-255,66,89380,10,304254
6583,0.001645,172.253.118.0-255,2902,92282,10,304254
6584,0.001647,172.31.36.0-255,66,92348,10,304254
6585,0.001659,172.31.36.0-255,66,92414,10,304254
6586,0.001693,172.31.36.0-255,66,92480,10,304254
6587,0.002013,172.253.118.0-255,1484,93964,10,304254
6588,0.002019,172.253.118.0-255,2902,96866,10,304254
6589,0.002022,172.31.36.0-255,66,96932,10,304254
6590,0.002052,172.253.118.0-255,5738,102670,10,304254
6591,0.002055,172.31.36.0-255,66,102736,10,304254
6592,0.002058,172.253.118.0-255,1484,104220,10,304254
6593,0.002096,172.31.36.0-255,66,104286,10,304254
6594,0.004146,172.253.118.0-255,5738,110024,10,304254
6595,0.004153,172.31.36.0-255,66,110090,10,304254
6596,0.006203,172.253.118.0-255,5738,115828,10,304254
6597,0.006207,172.31.36.0-255,66,115894,10,304254
6598,0.008261,172.253.118.0-255,5738,121632,10,304254
6599,0.008268,172.31.36.0-255,66,121698,10,304254
6600,0.010324,172.253.118.0-255,5738,127436,10,304254
6601,0.01033,172.31.36.0-255,66,127502,10,304254
6602,0.012394,172.253.118.0-255,5738,133240,10,304254
6603,0.012401,172.31.36.0-255,66,133306,10,304254
6604,0.014456,172.253.118.0-255,5738,139044,10,304254
6605,0.014464,172.31.36.0-255,66,139110,10,304254
6606,0.016552,172.253.118.0-255,5738,144848,10,304254
6607,0.016567,172.31.36.0-255,66,144914,10,304254
6608,0.018649,172.253.118.0-255,5738,150652,10,304254
6609,0.018663,172.31.36.0-255,66,150718,10,304254
6610,0.02075,172.253.118.0-255,5738,156456,10,304254
6611,0.020764,172.31.36.0-255,66,156522,10,304254
6612,0.022819,172.253.118.0-255,5738,162260,10,304254
6613,0.022831,172.31.36.0-255,66,162326,10,304254
6614,0.024927,172.253.118.0-255,5738,168064,10,304254
6615,0.024934,172.31.36.0-255,66,168130,10,304254
6616,0.027002,172.253.118.0-255,5738,173868,10,304254
6617,0.027012,172.31.36.0-255,66,173934,10,304254
6618,0.029082,172.253.118.0-255,5738,179672,10,304254
6619,0.029089,172.31.36.0-255,66,179738,10,304254
6620,0.031152,172.253.118.0-255,4320,184058,10,304254
6621,0.03116,172.31.36.0-255,66,184124,10,304254
6622,0.031185,172.253.118.0-255,1484,185608,10,304254
6623,0.033226,172.253.118.0-255,4320,189928,10,304254
6624,0.033233,172.31.36.0-255,66,189994,10,304254
6625,0.035289,172.253.118.0-255,5738,195732,10,304254
6626,0.035296,172.31.36.0-255,66,195798,10,304254
6627,0.037354,172.253.118.0-255,5738,201536,10,304254
6628,0.037362,172.31.36.0-255,66,201602,10,304254
6629,0.039419,172.253.118.0-255,5738,207340,10,304254
6630,0.039426,172.31.36.0-255,66,207406,10,304254
6631,0.040536,172.31.36.0-255,172,207578,10,304254
6632,0.040565,172.31.36.0-255,1112,208690,10,304254
6633,0.040625,172.31.36.0-255,1514,210204,10,304254
6634,0.040628,172.31.36.0-255,1292,211496,10,304254
6635,0.041483,172.253.118.0-255,5738,217234,10,304254
6636,0.041491,172.31.36.0-255,66,217300,10,304254
6637,0.042107,104.244.42.0-255,66,217366,10,304254
6638,0.042171,104.244.42.0-255,66,217432,10,304254
6639,0.04224,104.244.42.0-255,66,217498,10,304254
6640,0.043566,172.253.118.0-255,5738,223236,10,304254
6641,0.043573,172.31.36.0-255,66,223302,10,304254
6642,0.045644,172.253.118.0-255,5738,229040,10,304254
6643,0.045651,172.31.36.0-255,66,229106,10,304254
6644,0.047726,172.253.118.0-255,5738,234844,10,304254
6645,0.047734,172.31.36.0-255,66,234910,10,304254
6646,0.049798,172.253.118.0-255,5738,240648,10,304254
6647,0.049805,172.31.36.0-255,66,240714,10,304254
6648,0.051866,172.253.118.0-255,5738,246452,10,304254
6649,0.051873,172.31.36.0-255,66,246518,10,304254
6650,0.053937,172.253.118.0-255,5738,252256,10,304254
6651,0.053945,172.31.36.0-255,66,252322,10,304254
6652,0.056008,172.253.118.0-255,5738,258060,10,304254
6653,0.056015,172.31.36.0-255,66,258126,10,304254
6654,0.058077,172.253.118.0-255,5738,263864,10,304254
6655,0.058084,172.31.36.0-255,66,263930,10,304254
6656,0.060152,172.253.118.0-255,5738,269668,10,304254
6657,0.060158,172.31.36.0-255,66,269734,10,304254
6658,0.062226,172.253.118.0-255,5738,275472,10,304254
6659,0.062234,172.31.36.0-255,66,275538,10,304254
6660,0.064308,172.253.118.0-255,5738,281276,10,304254
6661,0.064315,172.31.36.0-255,66,281342,10,304254
6662,0.066381,172.253.118.0-255,5738,287080,10,304254
6663,0.066388,172.31.36.0-255,66,287146,10,304254
6664,0.068459,172.253.118.0-255,5738,292884,10,304254
6665,0.068465,172.31.36.0-255,66,292950,10,304254
6666,0.070526,172.253.118.0-255,5738,298688,10,304254
6667,0.070536,172.31.36.0-255,66,298754,10,304254
6668,0.072582,172.253.118.0-255,5263,304017,10,304254
6669,0.072588,172.31.36.0-255,66,304083,10,304254
6670,0.072778,172.31.36.0-255,105,304188,10,304254
6671,0.074794,172.253.118.0-255,66,304254,10,304254
6672,0.0,172.217.194.0-255,145,145,10,263623
6673,3.4e-05,172.31.36.0-255,66,211,10,263623
6674,4.1e-05,172.217.194.0-255,1484,1695,10,263623
6675,4.5e-05,172.31.36.0-255,66,1761,10,263623
6676,5e-05,172.217.194.0-255,2902,4663,10,263623
6677,5.3e-05,172.31.36.0-255,66,4729,10,263623
6678,6.1e-05,172.217.194.0-255,7156,11885,10,263623
6679,6.5e-05,172.31.36.0-255,66,11951,10,263623
6680,7.1e-05,172.217.194.0-255,6342,18293,10,263623
6681,7.4e-05,172.31.36.0-255,66,18359,10,263623
6682,0.000104,172.217.194.0-255,2902,21261,10,263623
6683,0.000106,172.31.36.0-255,66,21327,10,263623
6684,0.000135,172.31.36.0-255,66,21393,10,263623
6685,0.000151,172.217.194.0-255,1484,22877,10,263623
6686,0.000153,172.31.36.0-255,66,22943,10,263623
6687,0.000165,172.217.194.0-255,2902,25845,10,263623
6688,0.000168,172.31.36.0-255,66,25911,10,263623
6689,0.000196,172.217.194.0-255,5738,31649,10,263623
6690,0.000199,172.31.36.0-255,66,31715,10,263623
6691,0.000213,172.217.194.0-255,4320,36035,10,263623
6692,0.000216,172.31.36.0-255,66,36101,10,263623
6693,0.000236,172.217.194.0-255,2543,38644,10,263623
6694,0.000239,172.31.36.0-255,66,38710,10,263623
6695,0.000678,172.217.194.0-255,1484,40194,10,263623
6696,0.000683,172.31.36.0-255,66,40260,10,263623
6697,0.000688,172.217.194.0-255,2902,43162,10,263623
6698,0.00069,172.31.36.0-255,66,43228,10,263623
6699,0.000693,172.217.194.0-255,1484,44712,10,263623
6700,0.000695,172.31.36.0-255,66,44778,10,263623
6701,0.000711,172.217.194.0-255,4320,49098,10,263623
6702,0.000714,172.31.36.0-255,66,49164,10,263623
6703,0.000721,172.217.194.0-255,6797,55961,10,263623
6704,0.000724,172.31.36.0-255,66,56027,10,263623
6705,0.000758,172.217.194.0-255,1484,57511,10,263623
6706,0.000762,172.31.36.0-255,66,57577,10,263623
6707,0.000791,172.31.36.0-255,66,57643,10,263623
6708,0.000823,172.217.194.0-255,5960,63603,10,263623
6709,0.000826,172.31.36.0-255,66,63669,10,263623
6710,0.000866,172.217.194.0-255,5738,69407,10,263623
6711,0.00087,172.31.36.0-255,66,69473,10,263623
6712,0.000877,172.217.194.0-255,5738,75211,10,263623
6713,0.000879,172.31.36.0-255,66,75277,10,263623
6714,0.000894,172.217.194.0-255,1484,76761,10,263623
6715,0.000896,172.31.36.0-255,66,76827,10,263623
6716,0.000899,172.217.194.0-255,1484,78311,10,263623
6717,0.000901,172.31.36.0-255,66,78377,10,263623
6718,0.000922,172.217.194.0-255,2543,80920,10,263623
6719,0.000925,172.31.36.0-255,66,80986,10,263623
6720,0.000983,172.217.194.0-255,1484,82470,10,263623
6721,0.000986,172.31.36.0-255,66,82536,10,263623
6722,0.000991,172.217.194.0-255,2902,85438,10,263623
6723,0.000993,172.31.36.0-255,66,85504,10,263623
6724,0.001,172.217.194.0-255,4320,89824,10,263623
6725,0.001002,172.31.36.0-255,66,89890,10,263623
6726,0.001023,172.217.194.0-255,1484,91374,10,263623
6727,0.001025,172.31.36.0-255,66,91440,10,263623
6728,0.001032,172.217.194.0-255,5738,97178,10,263623
6729,0.001034,172.31.36.0-255,66,97244,10,263623
6730,0.001048,172.217.194.0-255,561,97805,10,263623
6731,0.001051,172.31.36.0-255,66,97871,10,263623
6732,0.001165,172.217.194.0-255,1484,99355,10,263623
6733,0.001169,172.31.36.0-255,66,99421,10,263623
6734,0.001174,172.217.194.0-255,2902,102323,10,263623
6735,0.001176,172.31.36.0-255,66,102389,10,263623
6736,0.001205,172.217.194.0-255,5738,108127,10,263623
6737,0.001208,172.31.36.0-255,66,108193,10,263623
6738,0.00122,172.31.36.0-255,66,108259,10,263623
6739,0.00124,172.217.194.0-255,2902,111161,10,263623
6740,0.001242,172.31.36.0-255,66,111227,10,263623
6741,0.001254,172.31.36.0-255,66,111293,10,263623
6742,0.001257,172.217.194.0-255,766,112059,10,263623
6743,0.001258,172.31.36.0-255,66,112125,10,263623
6744,0.001488,172.217.194.0-255,1484,113609,10,263623
6745,0.001492,172.31.36.0-255,66,113675,10,263623
6746,0.001501,172.217.194.0-255,2902,116577,10,263623
6747,0.001503,172.31.36.0-255,66,116643,10,263623
6748,0.001507,172.217.194.0-255,1484,118127,10,263623
6749,0.001508,172.31.36.0-255,66,118193,10,263623
6750,0.00153,172.217.194.0-255,4320,122513,10,263623
6751,0.001533,172.31.36.0-255,66,122579,10,263623
6752,0.001536,172.217.194.0-255,1484,124063,10,263623
6753,0.001538,172.31.36.0-255,66,124129,10,263623
6754,0.001553,172.217.194.0-255,4320,128449,10,263623
6755,0.001555,172.31.36.0-255,66,128515,10,263623
6756,0.001568,172.217.194.0-255,2902,131417,10,263623
6757,0.00157,172.31.36.0-255,66,131483,10,263623
6758,0.00161,172.217.194.0-255,2902,134385,10,263623
6759,0.001613,172.31.36.0-255,66,134451,10,263623
6760,0.001672,172.31.36.0-255,66,134517,10,263623
6761,0.001694,172.217.194.0-255,3602,138119,10,263623
6762,0.001698,172.31.36.0-255,66,138185,10,263623
6763,0.001888,172.217.194.0-255,1484,139669,10,263623
6764,0.001893,172.31.36.0-255,66,139735,10,263623
6765,0.0019,172.217.194.0-255,2902,142637,10,263623
6766,0.001903,172.31.36.0-255,66,142703,10,263623
6767,0.001908,172.217.194.0-255,5738,148441,10,263623
6768,0.00191,172.31.36.0-255,66,148507,10,263623
6769,0.001933,172.217.194.0-255,2902,151409,10,263623
6770,0.001935,172.31.36.0-255,66,151475,10,263623
6771,0.001966,172.31.36.0-255,66,151541,10,263623
6772,0.001977,172.31.36.0-255,66,151607,10,263623
6773,0.002025,172.217.194.0-255,3602,155209,10,263623
6774,0.002028,172.31.36.0-255,66,155275,10,263623
6775,0.002034,172.217.194.0-255,4320,159595,10,263623
6776,0.002037,172.31.36.0-255,66,159661,10,263623
6777,0.002041,172.217.194.0-255,2902,162563,10,263623
6778,0.002044,172.31.36.0-255,66,162629,10,263623
6779,0.002068,172.217.194.0-255,7156,169785,10,263623
6780,0.002072,172.31.36.0-255,66,169851,10,263623
6781,0.002082,172.31.36.0-255,66,169917,10,263623
6782,0.002126,172.31.36.0-255,66,169983,10,263623
6783,0.002156,172.217.194.0-255,1484,171467,10,263623
6784,0.002159,172.31.36.0-255,66,171533,10,263623
6785,0.002164,172.217.194.0-255,2902,174435,10,263623
6786,0.002166,172.31.36.0-255,66,174501,10,263623
6787,0.002172,172.217.194.0-255,5738,180239,10,263623
6788,0.002175,172.31.36.0-255,66,180305,10,263623
6789,0.002186,172.31.36.0-255,66,180371,10,263623
6790,0.002205,172.217.194.0-255,2902,183273,10,263623
6791,0.002207,172.31.36.0-255,66,183339,10,263623
6792,0.002218,172.31.36.0-255,66,183405,10,263623
6793,0.002246,172.217.194.0-255,1484,184889,10,263623
6794,0.002259,172.217.194.0-255,2902,187791,10,263623
6795,0.002262,172.31.36.0-255,66,187857,10,263623
6796,0.002267,172.217.194.0-255,4320,192177,10,263623
6797,0.00227,172.31.36.0-255,66,192243,10,263623
6798,0.002279,172.217.194.0-255,1484,193727,10,263623
6799,0.002284,172.217.194.0-255,2902,196629,10,263623
6800,0.002285,172.31.36.0-255,66,196695,10,263623
6801,0.002315,172.31.36.0-255,66,196761,10,263623
6802,0.002319,172.217.194.0-255,2902,199663,10,263623
6803,0.002322,172.31.36.0-255,66,199729,10,263623
6804,0.002339,172.217.194.0-255,5738,205467,10,263623
6805,0.002341,172.31.36.0-255,66,205533,10,263623
6806,0.002367,172.217.194.0-255,7156,212689,10,263623
6807,0.00237,172.31.36.0-255,66,212755,10,263623
6808,0.00239,172.31.36.0-255,66,212821,10,263623
6809,0.002413,172.217.194.0-255,6438,219259,10,263623
6810,0.002416,172.31.36.0-255,66,219325,10,263623
6811,0.002419,172.217.194.0-255,2902,222227,10,263623
6812,0.002421,172.31.36.0-255,66,222293,10,263623
6813,0.002452,172.31.36.0-255,66,222359,10,263623
6814,0.00248,172.31.36.0-255,66,222425,10,263623
6815,0.002544,172.31.36.0-255,66,222491,10,263623
6816,0.002548,172.217.194.0-255,2902,225393,10,263623
6817,0.00255,172.31.36.0-255,66,225459,10,263623
6818,0.004885,172.217.194.0-255,2902,228361,10,263623
6819,0.004895,172.31.36.0-255,66,228427,10,263623
6820,0.004916,172.217.194.0-255,2902,231329,10,263623
6821,0.004919,172.31.36.0-255,66,231395,10,263623
6822,0.007233,172.217.194.0-255,2902,234297,10,263623
6823,0.007242,172.31.36.0-255,66,234363,10,263623
6824,0.007284,172.217.194.0-255,2902,237265,10,263623
6825,0.007286,172.31.36.0-255,66,237331,10,263623
6826,0.009587,172.217.194.0-255,2902,240233,10,263623
6827,0.009595,172.31.36.0-255,66,240299,10,263623
6828,0.009632,172.217.194.0-255,2902,243201,10,263623
6829,0.009636,172.31.36.0-255,66,243267,10,263623
6830,0.011985,172.217.194.0-255,5738,249005,10,263623
6831,0.011993,172.31.36.0-255,66,249071,10,263623
6832,0.014368,172.217.194.0-255,5738,254809,10,263623
6833,0.014377,172.31.36.0-255,66,254875,10,263623
6834,0.016756,172.217.194.0-255,4229,259104,10,263623
6835,0.01677,172.31.36.0-255,66,259170,10,263623
6836,0.019986,172.31.36.0-255,105,259275,10,263623
6837,0.022388,172.217.194.0-255,66,259341,10,263623
6838,0.033143,172.31.36.0-255,167,259508,10,263623
6839,0.033184,172.31.36.0-255,1113,260621,10,263623
6840,0.03322,172.31.36.0-255,1514,262135,10,263623
6841,0.033221,172.31.36.0-255,1290,263425,10,263623
6842,0.034672,104.244.42.0-255,66,263491,10,263623
6843,0.034721,104.244.42.0-255,66,263557,10,263623
6844,0.034782,104.244.42.0-255,66,263623,10,263623
6845,0.0,74.125.24.0-255,150,150,10,286172
6846,2.3e-05,172.31.36.0-255,66,216,10,286172
6847,2.9e-05,74.125.24.0-255,1484,1700,10,286172
6848,3.4e-05,172.31.36.0-255,66,1766,10,286172
6849,3.9e-05,74.125.24.0-255,2902,4668,10,286172
6850,4.2e-05,172.31.36.0-255,66,4734,10,286172
6851,5e-05,74.125.24.0-255,7156,11890,10,286172
6852,5.3e-05,172.31.36.0-255,66,11956,10,286172
6853,8.2e-05,74.125.24.0-255,2145,14101,10,286172
6854,8.5e-05,172.31.36.0-255,66,14167,10,286172
6855,0.000227,74.125.24.0-255,1484,15651,10,286172
6856,0.000232,172.31.36.0-255,66,15717,10,286172
6857,0.000237,74.125.24.0-255,2902,18619,10,286172
6858,0.00024,172.31.36.0-255,66,18685,10,286172
6859,0.000244,74.125.24.0-255,1484,20169,10,286172
6860,0.000246,172.31.36.0-255,66,20235,10,286172
6861,0.00027,74.125.24.0-255,4320,24555,10,286172
6862,0.000273,172.31.36.0-255,66,24621,10,286172
6863,0.000311,172.31.36.0-255,66,24687,10,286172
6864,0.000405,172.31.36.0-255,66,24753,10,286172
6865,0.000423,74.125.24.0-255,5738,30491,10,286172
6866,0.000426,172.31.36.0-255,66,30557,10,286172
6867,0.000506,74.125.24.0-255,2902,33459,10,286172
6868,0.000512,172.31.36.0-255,66,33525,10,286172
6869,0.000539,172.31.36.0-255,66,33591,10,286172
6870,0.000578,74.125.24.0-255,364,33955,10,286172
6871,0.000581,172.31.36.0-255,66,34021,10,286172
6872,0.000691,74.125.24.0-255,380,34401,10,286172
6873,0.000695,172.31.36.0-255,66,34467,10,286172
6874,0.000849,74.125.24.0-255,1484,35951,10,286172
6875,0.000864,74.125.24.0-255,2902,38853,10,286172
6876,0.000883,74.125.24.0-255,5738,44591,10,286172
6877,0.000889,172.31.36.0-255,66,44657,10,286172
6878,0.000919,74.125.24.0-255,2902,47559,10,286172
6879,0.000928,172.31.36.0-255,66,47625,10,286172
6880,0.000965,172.31.36.0-255,66,47691,10,286172
6881,0.001014,74.125.24.0-255,4320,52011,10,286172
6882,0.001028,74.125.24.0-255,4320,56331,10,286172
6883,0.001033,172.31.36.0-255,66,56397,10,286172
6884,0.001076,74.125.24.0-255,2184,58581,10,286172
6885,0.001092,172.31.36.0-255,66,58647,10,286172
6886,0.00157,74.125.24.0-255,1484,60131,10,286172
6887,0.001575,74.125.24.0-255,1484,61615,10,286172
6888,0.001579,172.31.36.0-255,66,61681,10,286172
6889,0.001607,74.125.24.0-255,1484,63165,10,286172
6890,0.001614,74.125.24.0-255,5738,68903,10,286172
6891,0.001618,172.31.36.0-255,66,68969,10,286172
6892,0.001627,74.125.24.0-255,1484,70453,10,286172
6893,0.001631,74.125.24.0-255,1484,71937,10,286172
6894,0.001659,74.125.24.0-255,7156,79093,10,286172
6895,0.001665,172.31.36.0-255,66,79159,10,286172
6896,0.001706,74.125.24.0-255,4320,83479,10,286172
6897,0.001712,172.31.36.0-255,66,83545,10,286172
6898,0.001746,172.31.36.0-255,66,83611,10,286172
6899,0.001806,74.125.24.0-255,4320,87931,10,286172
6900,0.001826,74.125.24.0-255,5738,93669,10,286172
6901,0.001834,172.31.36.0-255,66,93735,10,286172
6902,0.0019,74.125.24.0-255,1484,95219,10,286172
6903,0.001903,172.31.36.0-255,66,95285,10,286172
6904,0.001972,74.125.24.0-255,5738,101023,10,286172
6905,0.001978,172.31.36.0-255,66,101089,10,286172
6906,0.001998,74.125.24.0-255,6438,107527,10,286172
6907,0.002013,172.31.36.0-255,66,107593,10,286172
6908,0.002061,74.125.24.0-255,5738,113331,10,286172
6909,0.002068,172.31.36.0-255,66,113397,10,286172
6910,0.002103,172.31.36.0-255,66,113463,10,286172
6911,0.002137,172.31.36.0-255,66,113529,10,286172
6912,0.002283,74.125.24.0-255,2902,116431,10,286172
6913,0.002287,172.31.36.0-255,66,116497,10,286172
6914,0.002304,74.125.24.0-255,5020,121517,10,286172
6915,0.002323,172.31.36.0-255,66,121583,10,286172
6916,0.002332,74.125.24.0-255,4320,125903,10,286172
6917,0.002338,172.31.36.0-255,66,125969,10,286172
6918,0.002374,74.125.24.0-255,7156,133125,10,286172
6919,0.00239,74.125.24.0-255,2902,136027,10,286172
6920,0.002392,172.31.36.0-255,66,136093,10,286172
6921,0.002397,172.31.36.0-255,66,136159,10,286172
6922,0.002507,74.125.24.0-255,5738,141897,10,286172
6923,0.002513,172.31.36.0-255,66,141963,10,286172
6924,0.002611,172.31.36.0-255,66,142029,10,286172
6925,0.002794,74.125.24.0-255,3602,145631,10,286172
6926,0.006252,172.31.36.0-255,66,145697,10,286172
6927,0.008518,74.125.24.0-255,5738,151435,10,286172
6928,0.008524,172.31.36.0-255,66,151501,10,286172
6929,0.01078,74.125.24.0-255,5738,157239,10,286172
6930,0.010787,172.31.36.0-255,66,157305,10,286172
6931,0.013042,74.125.24.0-255,5738,163043,10,286172
6932,0.01305,172.31.36.0-255,66,163109,10,286172
6933,0.015345,74.125.24.0-255,5738,168847,10,286172
6934,0.015533,172.31.36.0-255,66,168913,10,286172
6935,0.017825,74.125.24.0-255,5738,174651,10,286172
6936,0.017834,172.31.36.0-255,66,174717,10,286172
6937,0.020168,74.125.24.0-255,5738,180455,10,286172
6938,0.02018,172.31.36.0-255,66,180521,10,286172
6939,0.022467,74.125.24.0-255,5738,186259,10,286172
6940,0.022475,172.31.36.0-255,66,186325,10,286172
6941,0.024766,74.125.24.0-255,5738,192063,10,286172
6942,0.024773,172.31.36.0-255,66,192129,10,286172
6943,0.027089,74.125.24.0-255,5738,197867,10,286172
6944,0.027096,172.31.36.0-255,66,197933,10,286172
6945,0.029398,74.125.24.0-255,5738,203671,10,286172
6946,0.029406,172.31.36.0-255,66,203737,10,286172
6947,0.031678,74.125.24.0-255,5738,209475,10,286172
6948,0.031683,172.31.36.0-255,66,209541,10,286172
6949,0.033931,74.125.24.0-255,5738,215279,10,286172
6950,0.033937,172.31.36.0-255,66,215345,10,286172
6951,0.036199,74.125.24.0-255,5738,221083,10,286172
6952,0.037487,172.31.36.0-255,66,221149,10,286172
6953,0.037926,172.31.36.0-255,172,221321,10,286172
6954,0.037958,172.31.36.0-255,1112,222433,10,286172
6955,0.038014,172.31.36.0-255,1514,223947,10,286172
6956,0.038016,172.31.36.0-255,329,224276,10,286172
6957,0.039464,104.244.42.0-255,66,224342,10,286172
6958,0.039475,104.244.42.0-255,66,224408,10,286172
6959,0.039589,104.244.42.0-255,66,224474,10,286172
6960,0.039784,74.125.24.0-255,5738,230212,10,286172
6961,0.039792,172.31.36.0-255,66,230278,10,286172
6962,0.042067,74.125.24.0-255,5738,236016,10,286172
6963,0.042073,172.31.36.0-255,66,236082,10,286172
6964,0.044348,74.125.24.0-255,5738,241820,10,286172
6965,0.044354,172.31.36.0-255,66,241886,10,286172
6966,0.04661,74.125.24.0-255,5738,247624,10,286172
6967,0.046615,172.31.36.0-255,66,247690,10,286172
6968,0.048905,74.125.24.0-255,5738,253428,10,286172
6969,0.04891,172.31.36.0-255,66,253494,10,286172
6970,0.051188,74.125.24.0-255,5738,259232,10,286172
6971,0.051194,172.31.36.0-255,66,259298,10,286172
6972,0.053487,74.125.24.0-255,5738,265036,10,286172
6973,0.053494,172.31.36.0-255,66,265102,10,286172
6974,0.055764,74.125.24.0-255,5738,270840,10,286172
6975,0.055771,172.31.36.0-255,66,270906,10,286172
6976,0.058089,74.125.24.0-255,5738,276644,10,286172
6977,0.058096,172.31.36.0-255,66,276710,10,286172
6978,0.06041,74.125.24.0-255,5738,282448,10,286172
6979,0.060417,172.31.36.0-255,66,282514,10,286172
6980,0.062695,74.125.24.0-255,3421,285935,10,286172
6981,0.062702,172.31.36.0-255,66,286001,10,286172
6982,0.062875,172.31.36.0-255,105,286106,10,286172
6983,0.065112,74.125.24.0-255,66,286172,10,286172
6984,0.0,172.31.36.0-255,105,105,10,162054
6985,0.061408,74.125.24.0-255,152,257,10,162054
6986,0.061432,172.31.36.0-255,66,323,10,162054
6987,0.061439,74.125.24.0-255,1484,1807,10,162054
6988,0.061443,172.31.36.0-255,66,1873,10,162054
6989,0.061448,74.125.24.0-255,2902,4775,10,162054
6990,0.061451,172.31.36.0-255,66,4841,10,162054
6991,0.061454,74.125.24.0-255,1484,6325,10,162054
6992,0.061456,172.31.36.0-255,66,6391,10,162054
6993,0.061485,74.125.24.0-255,5738,12129,10,162054
6994,0.061488,172.31.36.0-255,66,12195,10,162054
6995,0.061509,74.125.24.0-255,2013,14208,10,162054
6996,0.061511,172.31.36.0-255,66,14274,10,162054
6997,0.061539,172.31.36.0-255,66,14340,10,162054
6998,0.061551,74.125.24.0-255,1484,15824,10,162054
6999,0.061554,172.31.36.0-255,66,15890,10,162054
7000,0.061628,74.125.24.0-255,1484,17374,10,162054
7001,0.061632,172.31.36.0-255,66,17440,10,162054
7002,0.061647,74.125.24.0-255,2902,20342,10,162054
7003,0.06165,172.31.36.0-255,66,20408,10,162054
7004,0.061653,74.125.24.0-255,1125,21533,10,162054
7005,0.061655,172.31.36.0-255,66,21599,10,162054
7006,0.06174,74.125.24.0-255,1484,23083,10,162054
7007,0.061745,172.31.36.0-255,66,23149,10,162054
7008,0.06175,74.125.24.0-255,2902,26051,10,162054
7009,0.061752,172.31.36.0-255,66,26117,10,162054
7010,0.061779,74.125.24.0-255,5738,31855,10,162054
7011,0.061782,172.31.36.0-255,66,31921,10,162054
7012,0.061823,74.125.24.0-255,5738,37659,10,162054
7013,0.061827,172.31.36.0-255,66,37725,10,162054
7014,0.061846,74.125.24.0-255,5379,43104,10,162054
7015,0.06185,172.31.36.0-255,66,43170,10,162054
7016,0.061913,74.125.24.0-255,5738,48908,10,162054
7017,0.061916,172.31.36.0-255,66,48974,10,162054
7018,0.061965,74.125.24.0-255,7071,56045,10,162054
7019,0.061968,172.31.36.0-255,66,56111,10,162054
7020,0.062056,74.125.24.0-255,381,56492,10,162054
7021,0.06224,172.31.36.0-255,66,56558,10,162054
7022,0.06234,74.125.24.0-255,1484,58042,10,162054
7023,0.062349,74.125.24.0-255,2902,60944,10,162054
7024,0.062352,172.31.36.0-255,66,61010,10,162054
7025,0.062374,74.125.24.0-255,5738,66748,10,162054
7026,0.062376,172.31.36.0-255,66,66814,10,162054
7027,0.062413,74.125.24.0-255,2902,69716,10,162054
7028,0.062417,172.31.36.0-255,66,69782,10,162054
7029,0.062434,74.125.24.0-255,1484,71266,10,162054
7030,0.062452,74.125.24.0-255,7156,78422,10,162054
7031,0.062455,172.31.36.0-255,66,78488,10,162054
7032,0.06247,74.125.24.0-255,1125,79613,10,162054
7033,0.062518,74.125.24.0-255,5738,85351,10,162054
7034,0.062521,172.31.36.0-255,66,85417,10,162054
7035,0.062542,74.125.24.0-255,5379,90796,10,162054
7036,0.062545,172.31.36.0-255,66,90862,10,162054
7037,0.064967,74.125.24.0-255,5738,96600,10,162054
7038,0.064974,172.31.36.0-255,66,96666,10,162054
7039,0.067308,74.125.24.0-255,5738,102404,10,162054
7040,0.067314,172.31.36.0-255,66,102470,10,162054
7041,0.067998,31.13.82.0-255,105,102575,10,162054
7042,0.068006,172.31.36.0-255,66,102641,10,162054
7043,0.069663,74.125.24.0-255,5738,108379,10,162054
7044,0.069671,172.31.36.0-255,66,108445,10,162054
7045,0.072005,74.125.24.0-255,5738,114183,10,162054
7046,0.072012,172.31.36.0-255,66,114249,10,162054
7047,0.074331,74.125.24.0-255,5738,119987,10,162054
7048,0.074344,172.31.36.0-255,66,120053,10,162054
7049,0.07666,74.125.24.0-255,5738,125791,10,162054
7050,0.076671,172.31.36.0-255,66,125857,10,162054
7051,0.079006,74.125.24.0-255,5738,131595,10,162054
7052,0.079013,172.31.36.0-255,66,131661,10,162054
7053,0.081385,74.125.24.0-255,5738,137399,10,162054
7054,0.081393,172.31.36.0-255,66,137465,10,162054
7055,0.08377,74.125.24.0-255,5738,143203,10,162054
7056,0.08378,172.31.36.0-255,66,143269,10,162054
7057,0.086116,74.125.24.0-255,5738,149007,10,162054
7058,0.086123,172.31.36.0-255,66,149073,10,162054
7059,0.087243,172.31.36.0-255,188,149261,10,162054
7060,0.087269,172.31.36.0-255,956,150217,10,162054
7061,0.087318,172.31.36.0-255,1514,151731,10,162054
7062,0.08732,172.31.36.0-255,1514,153245,10,162054
7063,0.087321,172.31.36.0-255,1514,154759,10,162054
7064,0.087322,172.31.36.0-255,1227,155986,10,162054
7065,0.088437,74.125.24.0-255,5738,161724,10,162054
7066,0.088444,172.31.36.0-255,66,161790,10,162054
7067,0.088822,104.244.42.0-255,66,161856,10,162054
7068,0.088831,104.244.42.0-255,66,161922,10,162054
7069,0.088916,104.244.42.0-255,66,161988,10,162054
7070,0.088921,104.244.42.0-255,66,162054,10,162054
7071,0.0,172.217.194.0-255,153,153,10,306948
7072,2.3e-05,172.31.36.0-255,66,219,10,306948
7073,3.1e-05,172.217.194.0-255,1484,1703,10,306948
7074,3.5e-05,172.31.36.0-255,66,1769,10,306948
7075,4e-05,172.217.194.0-255,2902,4671,10,306948
7076,5.2e-05,172.31.36.0-255,66,4737,10,306948
7077,6e-05,172.217.194.0-255,7156,11893,10,306948
7078,6.3e-05,172.31.36.0-255,66,11959,10,306948
7079,8e-05,172.31.36.0-255,66,12025,10,306948
7080,0.000103,172.217.194.0-255,4922,16947,10,306948
7081,0.000106,172.31.36.0-255,66,17013,10,306948
7082,0.000113,172.217.194.0-255,1484,18497,10,306948
7083,0.000116,172.31.36.0-255,66,18563,10,306948
7084,0.000119,172.217.194.0-255,1125,19688,10,306948
7085,0.000121,172.31.36.0-255,66,19754,10,306948
7086,0.000147,172.217.194.0-255,1484,21238,10,306948
7087,0.00015,172.31.36.0-255,66,21304,10,306948
7088,0.000158,172.217.194.0-255,1484,22788,10,306948
7089,0.00016,172.31.36.0-255,66,22854,10,306948
7090,0.000164,172.217.194.0-255,2902,25756,10,306948
7091,0.000167,172.31.36.0-255,66,25822,10,306948
7092,0.000171,172.217.194.0-255,2902,28724,10,306948
7093,0.000173,172.31.36.0-255,66,28790,10,306948
7094,0.000205,172.217.194.0-255,2902,31692,10,306948
7095,0.000208,172.31.36.0-255,66,31758,10,306948
7096,0.000222,172.31.36.0-255,66,31824,10,306948
7097,0.000238,172.31.36.0-255,66,31890,10,306948
7098,0.000241,172.217.194.0-255,358,32248,10,306948
7099,0.000243,172.31.36.0-255,66,32314,10,306948
7100,0.000269,172.217.194.0-255,387,32701,10,306948
7101,0.000425,172.217.194.0-255,1484,34185,10,306948
7102,0.000431,172.31.36.0-255,66,34251,10,306948
7103,0.000436,172.217.194.0-255,2902,37153,10,306948
7104,0.000439,172.31.36.0-255,66,37219,10,306948
7105,0.000449,172.217.194.0-255,5738,42957,10,306948
7106,0.000452,172.31.36.0-255,66,43023,10,306948
7107,0.000483,172.217.194.0-255,6246,49269,10,306948
7108,0.000485,172.31.36.0-255,66,49335,10,306948
7109,0.000735,172.217.194.0-255,1484,50819,10,306948
7110,0.000742,172.217.194.0-255,2902,53721,10,306948
7111,0.000746,172.31.36.0-255,66,53787,10,306948
7112,0.000751,172.217.194.0-255,2902,56689,10,306948
7113,0.000754,172.31.36.0-255,66,56755,10,306948
7114,0.00078,172.217.194.0-255,2902,59657,10,306948
7115,0.000783,172.31.36.0-255,66,59723,10,306948
7116,0.000802,172.31.36.0-255,66,59789,10,306948
7117,0.00084,172.31.36.0-255,66,59855,10,306948
7118,0.000858,172.217.194.0-255,2184,62039,10,306948
7119,0.000861,172.31.36.0-255,66,62105,10,306948
7120,0.001581,172.217.194.0-255,1484,63589,10,306948
7121,0.001588,172.217.194.0-255,2902,66491,10,306948
7122,0.001592,172.31.36.0-255,66,66557,10,306948
7123,0.001598,172.217.194.0-255,2902,69459,10,306948
7124,0.0016,172.31.36.0-255,66,69525,10,306948
7125,0.001628,172.217.194.0-255,2902,72427,10,306948
7126,0.001635,172.31.36.0-255,66,72493,10,306948
7127,0.001649,172.31.36.0-255,66,72559,10,306948
7128,0.001662,172.31.36.0-255,66,72625,10,306948
7129,0.001885,172.217.194.0-255,1484,74109,10,306948
7130,0.001891,172.217.194.0-255,1484,75593,10,306948
7131,0.001894,172.31.36.0-255,66,75659,10,306948
7132,0.001921,172.217.194.0-255,1484,77143,10,306948
7133,0.001929,172.217.194.0-255,5738,82881,10,306948
7134,0.001931,172.31.36.0-255,66,82947,10,306948
7135,0.001939,172.217.194.0-255,7156,90103,10,306948
7136,0.001942,172.31.36.0-255,66,90169,10,306948
7137,0.001978,172.217.194.0-255,5738,95907,10,306948
7138,0.001981,172.31.36.0-255,66,95973,10,306948
7139,0.001992,172.31.36.0-255,66,96039,10,306948
7140,0.001999,172.217.194.0-255,766,96805,10,306948
7141,0.002351,172.217.194.0-255,1484,98289,10,306948
7142,0.002355,172.31.36.0-255,66,98355,10,306948
7143,0.002361,172.217.194.0-255,2902,101257,10,306948
7144,0.002363,172.31.36.0-255,66,101323,10,306948
7145,0.002388,172.217.194.0-255,5738,107061,10,306948
7146,0.00239,172.31.36.0-255,66,107127,10,306948
7147,0.002395,172.217.194.0-255,2902,110029,10,306948
7148,0.002396,172.31.36.0-255,66,110095,10,306948
7149,0.002449,172.217.194.0-255,5738,115833,10,306948
7150,0.002452,172.31.36.0-255,66,115899,10,306948
7151,0.00247,172.31.36.0-255,66,115965,10,306948
7152,0.002476,172.217.194.0-255,5020,120985,10,306948
7153,0.002478,172.31.36.0-255,66,121051,10,306948
7154,0.002551,172.217.194.0-255,1484,122535,10,306948
7155,0.002557,172.217.194.0-255,2902,125437,10,306948
7156,0.002562,172.31.36.0-255,66,125503,10,306948
7157,0.002594,172.217.194.0-255,5738,131241,10,306948
7158,0.002596,172.31.36.0-255,66,131307,10,306948
7159,0.002609,172.31.36.0-255,66,131373,10,306948
7160,0.002637,172.217.194.0-255,2902,134275,10,306948
7161,0.002639,172.31.36.0-255,66,134341,10,306948
7162,0.002654,172.31.36.0-255,66,134407,10,306948
7163,0.002663,172.217.194.0-255,2184,136591,10,306948
7164,0.002666,172.31.36.0-255,66,136657,10,306948
7165,0.005263,172.217.194.0-255,5738,142395,10,306948
7166,0.00527,172.31.36.0-255,66,142461,10,306948
7167,0.007851,172.217.194.0-255,5738,148199,10,306948
7168,0.00786,172.31.36.0-255,66,148265,10,306948
7169,0.010452,172.217.194.0-255,5738,154003,10,306948
7170,0.010457,172.31.36.0-255,66,154069,10,306948
7171,0.013075,172.217.194.0-255,5738,159807,10,306948
7172,0.013083,172.31.36.0-255,66,159873,10,306948
7173,0.015674,172.217.194.0-255,5738,165611,10,306948
7174,0.015682,172.31.36.0-255,66,165677,10,306948
7175,0.018318,172.217.194.0-255,5738,171415,10,306948
7176,0.018329,172.31.36.0-255,66,171481,10,306948
7177,0.020933,172.217.194.0-255,5738,177219,10,306948
7178,0.020942,172.31.36.0-255,66,177285,10,306948
7179,0.023584,172.217.194.0-255,5738,183023,10,306948
7180,0.023592,172.31.36.0-255,66,183089,10,306948
7181,0.026185,172.217.194.0-255,5738,188827,10,306948
7182,0.026192,172.31.36.0-255,66,188893,10,306948
7183,0.028781,172.217.194.0-255,5738,194631,10,306948
7184,0.02879,172.31.36.0-255,66,194697,10,306948
7185,0.030711,172.31.36.0-255,172,194869,10,306948
7186,0.030744,172.31.36.0-255,1110,195979,10,306948
7187,0.030803,172.31.36.0-255,1514,197493,10,306948
7188,0.030825,172.31.36.0-255,1295,198788,10,306948
7189,0.031417,172.217.194.0-255,5738,204526,10,306948
7190,0.031424,172.31.36.0-255,66,204592,10,306948
7191,0.032264,104.244.42.0-255,66,204658,10,306948
7192,0.032297,104.244.42.0-255,66,204724,10,306948
7193,0.03236,104.244.42.0-255,66,204790,10,306948
7194,0.032408,104.244.42.0-255,66,204856,10,306948
7195,0.034021,172.217.194.0-255,5738,210594,10,306948
7196,0.034026,172.31.36.0-255,66,210660,10,306948
7197,0.036681,172.217.194.0-255,5738,216398,10,306948
7198,0.036687,172.31.36.0-255,66,216464,10,306948
7199,0.039282,172.217.194.0-255,5738,222202,10,306948
7200,0.039288,172.31.36.0-255,66,222268,10,306948
7201,0.041879,172.217.194.0-255,5738,228006,10,306948
7202,0.041888,172.31.36.0-255,66,228072,10,306948
7203,0.04454,172.217.194.0-255,5738,233810,10,306948
7204,0.044546,172.31.36.0-255,66,233876,10,306948
7205,0.047152,172.217.194.0-255,5738,239614,10,306948
7206,0.047159,172.31.36.0-255,66,239680,10,306948
7207,0.049781,172.217.194.0-255,5738,245418,10,306948
7208,0.049788,172.31.36.0-255,66,245484,10,306948
7209,0.052383,172.217.194.0-255,5738,251222,10,306948
7210,0.05239,172.31.36.0-255,66,251288,10,306948
7211,0.054988,172.217.194.0-255,5738,257026,10,306948
7212,0.054995,172.31.36.0-255,66,257092,10,306948
7213,0.057634,172.217.194.0-255,5738,262830,10,306948
7214,0.057641,172.31.36.0-255,66,262896,10,306948
7215,0.060244,172.217.194.0-255,5738,268634,10,306948
7216,0.060251,172.31.36.0-255,66,268700,10,306948
7217,0.06289,172.217.194.0-255,5738,274438,10,306948
7218,0.062897,172.31.36.0-255,66,274504,10,306948
7219,0.06549,172.217.194.0-255,5738,280242,10,306948
7220,0.065496,172.31.36.0-255,66,280308,10,306948
7221,0.068127,172.217.194.0-255,5738,286046,10,306948
7222,0.068133,172.31.36.0-255,66,286112,10,306948
7223,0.070699,172.217.194.0-255,5738,291850,10,306948
7224,0.070706,172.31.36.0-255,66,291916,10,306948
7225,0.073338,172.217.194.0-255,5738,297654,10,306948
7226,0.073344,172.31.36.0-255,66,297720,10,306948
7227,0.075976,172.217.194.0-255,5738,303458,10,306948
7228,0.075982,172.31.36.0-255,66,303524,10,306948
7229,0.078556,172.217.194.0-255,3187,306711,10,306948
7230,0.078564,172.31.36.0-255,66,306777,10,306948
7231,0.078737,172.31.36.0-255,105,306882,10,306948
7232,0.081335,172.217.194.0-255,66,306948,10,306948
7233,0.0,74.125.24.0-255,150,150,10,305983
7234,2.2e-05,172.31.36.0-255,66,216,10,305983
7235,2.8e-05,74.125.24.0-255,1484,1700,10,305983
7236,3.2e-05,172.31.36.0-255,66,1766,10,305983
7237,3.7e-05,74.125.24.0-255,2902,4668,10,305983
7238,4e-05,172.31.36.0-255,66,4734,10,305983
7239,5.6e-05,74.125.24.0-255,7156,11890,10,305983
7240,5.9e-05,172.31.36.0-255,66,11956,10,305983
7241,0.00012,172.31.36.0-255,66,12022,10,305983
7242,0.000125,74.125.24.0-255,4320,16342,10,305983
7243,0.000127,172.31.36.0-255,66,16408,10,305983
7244,0.000153,74.125.24.0-255,2543,18951,10,305983
7245,0.000156,172.31.36.0-255,66,19017,10,305983
7246,0.000255,74.125.24.0-255,1484,20501,10,305983
7247,0.000259,172.31.36.0-255,66,20567,10,305983
7248,0.000264,74.125.24.0-255,2902,23469,10,305983
7249,0.000267,172.31.36.0-255,66,23535,10,305983
7250,0.000279,74.125.24.0-255,5738,29273,10,305983
7251,0.000281,172.31.36.0-255,66,29339,10,305983
7252,0.000306,74.125.24.0-255,4320,33659,10,305983
7253,0.000308,172.31.36.0-255,66,33725,10,305983
7254,0.000342,74.125.24.0-255,5379,39104,10,305983
7255,0.000346,172.31.36.0-255,66,39170,10,305983
7256,0.000375,74.125.24.0-255,4320,43490,10,305983
7257,0.000379,172.31.36.0-255,66,43556,10,305983
7258,0.000385,74.125.24.0-255,5738,49294,10,305983
7259,0.000387,172.31.36.0-255,66,49360,10,305983
7260,0.000413,74.125.24.0-255,4233,53593,10,305983
7261,0.000415,172.31.36.0-255,66,53659,10,305983
7262,0.000418,74.125.24.0-255,126,53785,10,305983
7263,0.000421,172.31.36.0-255,66,53851,10,305983
7264,0.00052,74.125.24.0-255,1484,55335,10,305983
7265,0.000528,74.125.24.0-255,2902,58237,10,305983
7266,0.000553,74.125.24.0-255,5738,63975,10,305983
7267,0.000622,74.125.24.0-255,2902,66877,10,305983
7268,0.000636,74.125.24.0-255,5738,72615,10,305983
7269,0.00065,74.125.24.0-255,2902,75517,10,305983
7270,0.000654,74.125.24.0-255,1892,77409,10,305983
7271,0.000702,172.31.36.0-255,66,77475,10,305983
7272,0.000766,74.125.24.0-255,1484,78959,10,305983
7273,0.00077,74.125.24.0-255,1484,80443,10,305983
7274,0.000782,74.125.24.0-255,1484,81927,10,305983
7275,0.000787,74.125.24.0-255,4320,86247,10,305983
7276,0.000793,172.31.36.0-255,66,86313,10,305983
7277,0.000812,74.125.24.0-255,1484,87797,10,305983
7278,0.000818,74.125.24.0-255,5738,93535,10,305983
7279,0.000856,74.125.24.0-255,1125,94660,10,305983
7280,0.000867,172.31.36.0-255,66,94726,10,305983
7281,0.001065,74.125.24.0-255,1484,96210,10,305983
7282,0.00107,74.125.24.0-255,2902,99112,10,305983
7283,0.001091,74.125.24.0-255,5738,104850,10,305983
7284,0.001107,74.125.24.0-255,5738,110588,10,305983
7285,0.001126,172.31.36.0-255,66,110654,10,305983
7286,0.001134,74.125.24.0-255,5738,116392,10,305983
7287,0.001161,172.31.36.0-255,66,116458,10,305983
7288,0.001166,74.125.24.0-255,2184,118642,10,305983
7289,0.001203,172.31.36.0-255,66,118708,10,305983
7290,0.00135,74.125.24.0-255,1484,120192,10,305983
7291,0.001357,74.125.24.0-255,2902,123094,10,305983
7292,0.001362,74.125.24.0-255,2902,125996,10,305983
7293,0.001377,74.125.24.0-255,2902,128898,10,305983
7294,0.001382,74.125.24.0-255,4320,133218,10,305983
7295,0.001389,172.31.36.0-255,66,133284,10,305983
7296,0.001468,172.31.36.0-255,66,133350,10,305983
7297,0.001692,74.125.24.0-255,1484,134834,10,305983
7298,0.001699,74.125.24.0-255,2902,137736,10,305983
7299,0.001702,74.125.24.0-255,1484,139220,10,305983
7300,0.001722,74.125.24.0-255,4320,143540,10,305983
7301,0.001725,74.125.24.0-255,1484,145024,10,305983
7302,0.001741,74.125.24.0-255,7156,152180,10,305983
7303,0.001751,172.31.36.0-255,66,152246,10,305983
7304,0.001757,74.125.24.0-255,4320,156566,10,305983
7305,0.001759,74.125.24.0-255,1484,158050,10,305983
7306,0.001763,172.31.36.0-255,66,158116,10,305983
7307,0.001814,74.125.24.0-255,5738,163854,10,305983
7308,0.001817,74.125.24.0-255,1484,165338,10,305983
7309,0.001823,172.31.36.0-255,66,165404,10,305983
7310,0.001848,74.125.24.0-255,5738,171142,10,305983
7311,0.001864,74.125.24.0-255,4320,175462,10,305983
7312,0.001879,74.125.24.0-255,2184,177646,10,305983
7313,0.001889,172.31.36.0-255,66,177712,10,305983
7314,0.002315,74.125.24.0-255,1484,179196,10,305983
7315,0.002334,74.125.24.0-255,2902,182098,10,305983
7316,0.002338,172.31.36.0-255,66,182164,10,305983
7317,0.002366,74.125.24.0-255,5738,187902,10,305983
7318,0.002371,74.125.24.0-255,2902,190804,10,305983
7319,0.002385,172.31.36.0-255,66,190870,10,305983
7320,0.00241,172.31.36.0-255,66,190936,10,305983
7321,0.00243,74.125.24.0-255,7156,198092,10,305983
7322,0.00244,172.31.36.0-255,66,198158,10,305983
7323,0.002451,74.125.24.0-255,3602,201760,10,305983
7324,0.00246,172.31.36.0-255,66,201826,10,305983
7325,0.002764,74.125.24.0-255,1484,203310,10,305983
7326,0.002787,74.125.24.0-255,1484,204794,10,305983
7327,0.002791,172.31.36.0-255,66,204860,10,305983
7328,0.002813,74.125.24.0-255,2902,207762,10,305983
7329,0.002818,74.125.24.0-255,2902,210664,10,305983
7330,0.002845,74.125.24.0-255,7156,217820,10,305983
7331,0.00287,172.31.36.0-255,66,217886,10,305983
7332,0.002883,74.125.24.0-255,5738,223624,10,305983
7333,0.002897,172.31.36.0-255,66,223690,10,305983
7334,0.002922,74.125.24.0-255,2184,225874,10,305983
7335,0.002949,172.31.36.0-255,66,225940,10,305983
7336,0.00306,74.125.24.0-255,1484,227424,10,305983
7337,0.003065,74.125.24.0-255,1484,228908,10,305983
7338,0.003077,172.31.36.0-255,66,228974,10,305983
7339,0.003081,74.125.24.0-255,1484,230458,10,305983
7340,0.003088,74.125.24.0-255,5738,236196,10,305983
7341,0.003107,74.125.24.0-255,5738,241934,10,305983
7342,0.00311,172.31.36.0-255,66,242000,10,305983
7343,0.003118,74.125.24.0-255,1484,243484,10,305983
7344,0.00315,74.125.24.0-255,4320,247804,10,305983
7345,0.003154,74.125.24.0-255,2184,249988,10,305983
7346,0.00317,172.31.36.0-255,66,250054,10,305983
7347,0.003235,74.125.24.0-255,1484,251538,10,305983
7348,0.003238,74.125.24.0-255,1484,253022,10,305983
7349,0.003244,172.31.36.0-255,66,253088,10,305983
7350,0.003253,74.125.24.0-255,1484,254572,10,305983
7351,0.003262,74.125.24.0-255,4320,258892,10,305983
7352,0.00328,74.125.24.0-255,1484,260376,10,305983
7353,0.003283,172.31.36.0-255,66,260442,10,305983
7354,0.003322,74.125.24.0-255,4320,264762,10,305983
7355,0.003327,172.31.36.0-255,66,264828,10,305983
7356,0.003351,74.125.24.0-255,1484,266312,10,305983
7357,0.003382,172.31.36.0-255,66,266378,10,305983
7358,0.003388,74.125.24.0-255,5738,272116,10,305983
7359,0.003393,172.31.36.0-255,66,272182,10,305983
7360,0.003419,74.125.24.0-255,5020,277202,10,305983
7361,0.003422,74.125.24.0-255,1484,278686,10,305983
7362,0.003437,74.125.24.0-255,4320,283006,10,305983
7363,0.003443,172.31.36.0-255,66,283072,10,305983
7364,0.003467,74.125.24.0-255,2902,285974,10,305983
7365,0.003483,172.31.36.0-255,66,286040,10,305983
7366,0.003487,74.125.24.0-255,2902,288942,10,305983
7367,0.003492,172.31.36.0-255,66,289008,10,305983
7368,0.003507,74.125.24.0-255,1484,290492,10,305983
7369,0.003532,74.125.24.0-255,5738,296230,10,305983
7370,0.003555,74.125.24.0-255,4945,301175,10,305983
7371,0.003558,74.125.24.0-255,97,301272,10,305983
7372,0.003576,172.31.36.0-255,66,301338,10,305983
7373,0.003652,74.125.24.0-255,105,301443,10,305983
7374,0.004919,172.31.36.0-255,66,301509,10,305983
7375,0.004951,172.31.36.0-255,105,301614,10,305983
7376,0.007253,74.125.24.0-255,66,301680,10,305983
7377,0.034808,172.31.36.0-255,188,301868,10,305983
7378,0.034855,172.31.36.0-255,956,302824,10,305983
7379,0.034942,172.31.36.0-255,1514,304338,10,305983
7380,0.034944,172.31.36.0-255,1447,305785,10,305983
7381,0.036348,104.244.42.0-255,66,305851,10,305983
7382,0.036443,104.244.42.0-255,66,305917,10,305983
7383,0.0365,104.244.42.0-255,66,305983,10,305983
7384,0.0,74.125.24.0-255,297,297,10,351163
7385,1.5e-05,172.31.36.0-255,66,363,10,351163
7386,2.2e-05,74.125.24.0-255,1484,1847,10,351163
7387,2.6e-05,172.31.36.0-255,66,1913,10,351163
7388,3.4e-05,74.125.24.0-255,4320,6233,10,351163
7389,3.7e-05,172.31.36.0-255,66,6299,10,351163
7390,4.8e-05,172.31.36.0-255,66,6365,10,351163
7391,7.7e-05,172.31.36.0-255,66,6431,10,351163
7392,9.4e-05,74.125.24.0-255,4320,10751,10,351163
7393,9.7e-05,172.31.36.0-255,66,10817,10,351163
7394,0.000118,74.125.24.0-255,1484,12301,10,351163
7395,0.00012,172.31.36.0-255,66,12367,10,351163
7396,0.000136,74.125.24.0-255,2543,14910,10,351163
7397,0.000139,172.31.36.0-255,66,14976,10,351163
7398,0.0004,74.125.24.0-255,1484,16460,10,351163
7399,0.000406,172.31.36.0-255,66,16526,10,351163
7400,0.000427,74.125.24.0-255,2902,19428,10,351163
7401,0.000431,172.31.36.0-255,66,19494,10,351163
7402,0.000438,74.125.24.0-255,5738,25232,10,351163
7403,0.000441,172.31.36.0-255,66,25298,10,351163
7404,0.000464,74.125.24.0-255,4320,29618,10,351163
7405,0.000467,172.31.36.0-255,66,29684,10,351163
7406,0.000491,74.125.24.0-255,6797,36481,10,351163
7407,0.000493,172.31.36.0-255,66,36547,10,351163
7408,0.000501,74.125.24.0-255,7156,43703,10,351163
7409,0.000504,172.31.36.0-255,66,43769,10,351163
7410,0.000532,74.125.24.0-255,5379,49148,10,351163
7411,0.000535,172.31.36.0-255,66,49214,10,351163
7412,0.000763,74.125.24.0-255,361,49575,10,351163
7413,0.000768,172.31.36.0-255,66,49641,10,351163
7414,0.000909,74.125.24.0-255,1484,51125,10,351163
7415,0.000915,74.125.24.0-255,2902,54027,10,351163
7416,0.000918,172.31.36.0-255,66,54093,10,351163
7417,0.000922,74.125.24.0-255,1484,55577,10,351163
7418,0.000942,74.125.24.0-255,4320,59897,10,351163
7419,0.000945,172.31.36.0-255,66,59963,10,351163
7420,0.000959,172.31.36.0-255,66,60029,10,351163
7421,0.000975,74.125.24.0-255,1484,61513,10,351163
7422,0.000991,74.125.24.0-255,1484,62997,10,351163
7423,0.000996,172.31.36.0-255,66,63063,10,351163
7424,0.001014,172.31.36.0-255,66,63129,10,351163
7425,0.001017,74.125.24.0-255,383,63512,10,351163
7426,0.001254,74.125.24.0-255,1484,64996,10,351163
7427,0.001259,172.31.36.0-255,66,65062,10,351163
7428,0.001265,74.125.24.0-255,2902,67964,10,351163
7429,0.001267,172.31.36.0-255,66,68030,10,351163
7430,0.00127,74.125.24.0-255,1484,69514,10,351163
7431,0.001286,74.125.24.0-255,4320,73834,10,351163
7432,0.001288,172.31.36.0-255,66,73900,10,351163
7433,0.001307,74.125.24.0-255,5738,79638,10,351163
7434,0.00131,172.31.36.0-255,66,79704,10,351163
7435,0.001341,74.125.24.0-255,7156,86860,10,351163
7436,0.001345,172.31.36.0-255,66,86926,10,351163
7437,0.001356,172.31.36.0-255,66,86992,10,351163
7438,0.00136,74.125.24.0-255,766,87758,10,351163
7439,0.001483,74.125.24.0-255,1484,89242,10,351163
7440,0.001487,172.31.36.0-255,66,89308,10,351163
7441,0.001493,74.125.24.0-255,2902,92210,10,351163
7442,0.001495,172.31.36.0-255,66,92276,10,351163
7443,0.001502,74.125.24.0-255,5738,98014,10,351163
7444,0.001504,172.31.36.0-255,66,98080,10,351163
7445,0.001522,74.125.24.0-255,2902,100982,10,351163
7446,0.001526,172.31.36.0-255,66,101048,10,351163
7447,0.001547,172.31.36.0-255,66,101114,10,351163
7448,0.001582,74.125.24.0-255,2902,104016,10,351163
7449,0.001585,172.31.36.0-255,66,104082,10,351163
7450,0.001606,74.125.24.0-255,4320,108402,10,351163
7451,0.001609,172.31.36.0-255,66,108468,10,351163
7452,0.001625,74.125.24.0-255,3602,112070,10,351163
7453,0.001628,172.31.36.0-255,66,112136,10,351163
7454,0.001994,74.125.24.0-255,1484,113620,10,351163
7455,0.002,74.125.24.0-255,2902,116522,10,351163
7456,0.002003,172.31.36.0-255,66,116588,10,351163
7457,0.002053,74.125.24.0-255,5738,122326,10,351163
7458,0.002056,172.31.36.0-255,66,122392,10,351163
7459,0.002071,172.31.36.0-255,66,122458,10,351163
7460,0.002076,74.125.24.0-255,4320,126778,10,351163
7461,0.002078,172.31.36.0-255,66,126844,10,351163
7462,0.002128,74.125.24.0-255,2902,129746,10,351163
7463,0.002132,172.31.36.0-255,66,129812,10,351163
7464,0.002151,74.125.24.0-255,3602,133414,10,351163
7465,0.002154,172.31.36.0-255,66,133480,10,351163
7466,0.004492,74.125.24.0-255,5738,139218,10,351163
7467,0.0045,172.31.36.0-255,66,139284,10,351163
7468,0.006843,74.125.24.0-255,5738,145022,10,351163
7469,0.006851,172.31.36.0-255,66,145088,10,351163
7470,0.009171,74.125.24.0-255,5738,150826,10,351163
7471,0.009179,172.31.36.0-255,66,150892,10,351163
7472,0.011531,74.125.24.0-255,5738,156630,10,351163
7473,0.011539,172.31.36.0-255,66,156696,10,351163
7474,0.013906,74.125.24.0-255,5738,162434,10,351163
7475,0.013916,172.31.36.0-255,66,162500,10,351163
7476,0.016292,74.125.24.0-255,5738,168238,10,351163
7477,0.016305,172.31.36.0-255,66,168304,10,351163
7478,0.018657,74.125.24.0-255,5738,174042,10,351163
7479,0.018667,172.31.36.0-255,66,174108,10,351163
7480,0.021005,74.125.24.0-255,5738,179846,10,351163
7481,0.021012,172.31.36.0-255,66,179912,10,351163
7482,0.023375,74.125.24.0-255,5738,185650,10,351163
7483,0.023383,172.31.36.0-255,66,185716,10,351163
7484,0.025771,74.125.24.0-255,5738,191454,10,351163
7485,0.025778,172.31.36.0-255,66,191520,10,351163
7486,0.028111,74.125.24.0-255,5738,197258,10,351163
7487,0.02812,172.31.36.0-255,66,197324,10,351163
7488,0.030457,74.125.24.0-255,5738,203062,10,351163
7489,0.030465,172.31.36.0-255,66,203128,10,351163
7490,0.032116,172.31.36.0-255,172,203300,10,351163
7491,0.032149,172.31.36.0-255,1114,204414,10,351163
7492,0.032207,172.31.36.0-255,1514,205928,10,351163
7493,0.032209,172.31.36.0-255,1289,207217,10,351163
7494,0.03284,74.125.24.0-255,5738,212955,10,351163
7495,0.032848,172.31.36.0-255,66,213021,10,351163
7496,0.03367,104.244.42.0-255,66,213087,10,351163
7497,0.033702,104.244.42.0-255,66,213153,10,351163
7498,0.033745,104.244.42.0-255,66,213219,10,351163
7499,0.035204,74.125.24.0-255,5738,218957,10,351163
7500,0.035211,172.31.36.0-255,66,219023,10,351163
7501,0.037562,74.125.24.0-255,5738,224761,10,351163
7502,0.037569,172.31.36.0-255,66,224827,10,351163
7503,0.039923,74.125.24.0-255,5738,230565,10,351163
7504,0.039933,172.31.36.0-255,66,230631,10,351163
7505,0.042282,74.125.24.0-255,5738,236369,10,351163
7506,0.04229,172.31.36.0-255,66,236435,10,351163
7507,0.044631,74.125.24.0-255,5738,242173,10,351163
7508,0.044639,172.31.36.0-255,66,242239,10,351163
7509,0.046972,74.125.24.0-255,5738,247977,10,351163
7510,0.04698,172.31.36.0-255,66,248043,10,351163
7511,0.049335,74.125.24.0-255,5738,253781,10,351163
7512,0.049342,172.31.36.0-255,66,253847,10,351163
7513,0.051752,74.125.24.0-255,5738,259585,10,351163
7514,0.05176,172.31.36.0-255,66,259651,10,351163
7515,0.054124,74.125.24.0-255,5738,265389,10,351163
7516,0.054131,172.31.36.0-255,66,265455,10,351163
7517,0.05649,74.125.24.0-255,5738,271193,10,351163
7518,0.056497,172.31.36.0-255,66,271259,10,351163
7519,0.058836,74.125.24.0-255,5738,276997,10,351163
7520,0.058845,172.31.36.0-255,66,277063,10,351163
7521,0.06117,74.125.24.0-255,5738,282801,10,351163
7522,0.061176,172.31.36.0-255,66,282867,10,351163
7523,0.063562,74.125.24.0-255,5738,288605,10,351163
7524,0.063569,172.31.36.0-255,66,288671,10,351163
7525,0.065921,74.125.24.0-255,5738,294409,10,351163
7526,0.065928,172.31.36.0-255,66,294475,10,351163
7527,0.068268,74.125.24.0-255,4320,298795,10,351163
7528,0.068275,172.31.36.0-255,66,298861,10,351163
7529,0.068294,74.125.24.0-255,1484,300345,10,351163
7530,0.070641,74.125.24.0-255,4320,304665,10,351163
7531,0.070648,172.31.36.0-255,66,304731,10,351163
7532,0.073001,74.125.24.0-255,5738,310469,10,351163
7533,0.073008,172.31.36.0-255,66,310535,10,351163
7534,0.075352,74.125.24.0-255,5738,316273,10,351163
7535,0.075359,172.31.36.0-255,66,316339,10,351163
7536,0.077763,74.125.24.0-255,5738,322077,10,351163
7537,0.077771,172.31.36.0-255,66,322143,10,351163
7538,0.080135,74.125.24.0-255,5738,327881,10,351163
7539,0.080141,172.31.36.0-255,66,327947,10,351163
7540,0.082497,74.125.24.0-255,5738,333685,10,351163
7541,0.082503,172.31.36.0-255,66,333751,10,351163
7542,0.084848,74.125.24.0-255,5738,339489,10,351163
7543,0.084856,172.31.36.0-255,66,339555,10,351163
7544,0.087219,74.125.24.0-255,5738,345293,10,351163
7545,0.087226,172.31.36.0-255,66,345359,10,351163
7546,0.089589,74.125.24.0-255,5738,351097,10,351163
7547,0.089597,172.31.36.0-255,66,351163,10,351163
7548,0.0,74.125.24.0-255,149,149,10,319700
7549,2.5e-05,172.31.36.0-255,66,215,10,319700
7550,6e-05,74.125.24.0-255,1484,1699,10,319700
7551,6.5e-05,172.31.36.0-255,66,1765,10,319700
7552,7.1e-05,74.125.24.0-255,2902,4667,10,319700
7553,7.5e-05,172.31.36.0-255,66,4733,10,319700
7554,0.000109,74.125.24.0-255,5738,10471,10,319700
7555,0.000113,172.31.36.0-255,66,10537,10,319700
7556,0.000119,74.125.24.0-255,3430,13967,10,319700
7557,0.000121,172.31.36.0-255,66,14033,10,319700
7558,0.000158,172.31.36.0-255,66,14099,10,319700
7559,0.000164,74.125.24.0-255,4320,18419,10,319700
7560,0.000167,172.31.36.0-255,66,18485,10,319700
7561,0.000206,74.125.24.0-255,1125,19610,10,319700
7562,0.000209,172.31.36.0-255,66,19676,10,319700
7563,0.00039,74.125.24.0-255,1484,21160,10,319700
7564,0.000395,172.31.36.0-255,66,21226,10,319700
7565,0.000401,74.125.24.0-255,2902,24128,10,319700
7566,0.000405,172.31.36.0-255,66,24194,10,319700
7567,0.000438,74.125.24.0-255,5738,29932,10,319700
7568,0.000441,172.31.36.0-255,66,29998,10,319700
7569,0.000462,74.125.24.0-255,6797,36795,10,319700
7570,0.000465,172.31.36.0-255,66,36861,10,319700
7571,0.000494,74.125.24.0-255,7156,44017,10,319700
7572,0.000497,172.31.36.0-255,66,44083,10,319700
7573,0.000532,74.125.24.0-255,7156,51239,10,319700
7574,0.000534,172.31.36.0-255,66,51305,10,319700
7575,0.000559,74.125.24.0-255,2854,54159,10,319700
7576,0.000561,172.31.36.0-255,66,54225,10,319700
7577,0.000585,74.125.24.0-255,110,54335,10,319700
7578,0.000587,172.31.36.0-255,66,54401,10,319700
7579,0.000707,74.125.24.0-255,1484,55885,10,319700
7580,0.000714,74.125.24.0-255,2902,58787,10,319700
7581,0.000719,172.31.36.0-255,66,58853,10,319700
7582,0.000765,74.125.24.0-255,5738,64591,10,319700
7583,0.000782,74.125.24.0-255,1484,66075,10,319700
7584,0.000799,74.125.24.0-255,2902,68977,10,319700
7585,0.000802,74.125.24.0-255,1484,70461,10,319700
7586,0.000808,172.31.36.0-255,66,70527,10,319700
7587,0.000834,74.125.24.0-255,1484,72011,10,319700
7588,0.000841,74.125.24.0-255,7156,79167,10,319700
7589,0.000866,74.125.24.0-255,5738,84905,10,319700
7590,0.000886,172.31.36.0-255,66,84971,10,319700
7591,0.000912,74.125.24.0-255,3602,88573,10,319700
7592,0.000923,172.31.36.0-255,66,88639,10,319700
7593,0.001195,74.125.24.0-255,1484,90123,10,319700
7594,0.001201,74.125.24.0-255,2902,93025,10,319700
7595,0.001205,172.31.36.0-255,66,93091,10,319700
7596,0.001212,74.125.24.0-255,5738,98829,10,319700
7597,0.001234,172.31.36.0-255,66,98895,10,319700
7598,0.001275,74.125.24.0-255,5738,104633,10,319700
7599,0.00128,172.31.36.0-255,66,104699,10,319700
7600,0.001303,74.125.24.0-255,5738,110437,10,319700
7601,0.001322,74.125.24.0-255,7156,117593,10,319700
7602,0.00136,172.31.36.0-255,66,117659,10,319700
7603,0.001421,74.125.24.0-255,5020,122679,10,319700
7604,0.001439,172.31.36.0-255,66,122745,10,319700
7605,0.001575,74.125.24.0-255,1484,124229,10,319700
7606,0.001579,74.125.24.0-255,1484,125713,10,319700
7607,0.001584,172.31.36.0-255,66,125779,10,319700
7608,0.001607,74.125.24.0-255,1484,127263,10,319700
7609,0.001613,74.125.24.0-255,5738,133001,10,319700
7610,0.001648,74.125.24.0-255,2902,135903,10,319700
7611,0.001666,172.31.36.0-255,66,135969,10,319700
7612,0.001827,74.125.24.0-255,1484,137453,10,319700
7613,0.001833,74.125.24.0-255,2902,140355,10,319700
7614,0.001836,172.31.36.0-255,66,140421,10,319700
7615,0.001864,74.125.24.0-255,5738,146159,10,319700
7616,0.001872,74.125.24.0-255,7156,153315,10,319700
7617,0.00188,172.31.36.0-255,66,153381,10,319700
7618,0.001907,74.125.24.0-255,1484,154865,10,319700
7619,0.001945,74.125.24.0-255,5020,159885,10,319700
7620,0.001956,172.31.36.0-255,66,159951,10,319700
7621,0.001986,74.125.24.0-255,1484,161435,10,319700
7622,0.00199,74.125.24.0-255,2902,164337,10,319700
7623,0.002005,172.31.36.0-255,66,164403,10,319700
7624,0.002017,74.125.24.0-255,5738,170141,10,319700
7625,0.002039,74.125.24.0-255,7156,177297,10,319700
7626,0.002064,74.125.24.0-255,5738,183035,10,319700
7627,0.002094,74.125.24.0-255,2184,185219,10,319700
7628,0.002182,74.125.24.0-255,1484,186703,10,319700
7629,0.002186,74.125.24.0-255,1484,188187,10,319700
7630,0.002197,74.125.24.0-255,1484,189671,10,319700
7631,0.002204,74.125.24.0-255,5738,195409,10,319700
7632,0.002262,74.125.24.0-255,2902,198311,10,319700
7633,0.002277,74.125.24.0-255,2184,200495,10,319700
7634,0.002329,74.125.24.0-255,1484,201979,10,319700
7635,0.002346,74.125.24.0-255,2902,204881,10,319700
7636,0.002369,74.125.24.0-255,5738,210619,10,319700
7637,0.002372,74.125.24.0-255,1484,212103,10,319700
7638,0.00501,172.31.36.0-255,66,212169,10,319700
7639,0.007318,74.125.24.0-255,5738,217907,10,319700
7640,0.007324,172.31.36.0-255,66,217973,10,319700
7641,0.009676,74.125.24.0-255,5738,223711,10,319700
7642,0.009686,172.31.36.0-255,66,223777,10,319700
7643,0.012008,74.125.24.0-255,5738,229515,10,319700
7644,0.012021,172.31.36.0-255,66,229581,10,319700
7645,0.014359,74.125.24.0-255,5738,235319,10,319700
7646,0.014373,172.31.36.0-255,66,235385,10,319700
7647,0.016692,74.125.24.0-255,5738,241123,10,319700
7648,0.016704,172.31.36.0-255,66,241189,10,319700
7649,0.019026,74.125.24.0-255,5738,246927,10,319700
7650,0.019035,172.31.36.0-255,66,246993,10,319700
7651,0.021363,74.125.24.0-255,5738,252731,10,319700
7652,0.021373,172.31.36.0-255,66,252797,10,319700
7653,0.023716,74.125.24.0-255,5738,258535,10,319700
7654,0.023724,172.31.36.0-255,66,258601,10,319700
7655,0.026053,74.125.24.0-255,5738,264339,10,319700
7656,0.026061,172.31.36.0-255,66,264405,10,319700
7657,0.028377,74.125.24.0-255,5738,270143,10,319700
7658,0.028384,172.31.36.0-255,66,270209,10,319700
7659,0.030722,74.125.24.0-255,5738,275947,10,319700
7660,0.03073,172.31.36.0-255,66,276013,10,319700
7661,0.03304,74.125.24.0-255,5738,281751,10,319700
7662,0.033048,172.31.36.0-255,66,281817,10,319700
7663,0.034829,172.31.36.0-255,167,281984,10,319700
7664,0.034866,172.31.36.0-255,1114,283098,10,319700
7665,0.034942,172.31.36.0-255,1514,284612,10,319700
7666,0.034944,172.31.36.0-255,1289,285901,10,319700
7667,0.035383,74.125.24.0-255,5738,291639,10,319700
7668,0.03539,172.31.36.0-255,66,291705,10,319700
7669,0.036384,104.244.42.0-255,66,291771,10,319700
7670,0.036447,104.244.42.0-255,66,291837,10,319700
7671,0.036491,104.244.42.0-255,66,291903,10,319700
7672,0.037711,74.125.24.0-255,5738,297641,10,319700
7673,0.037717,172.31.36.0-255,66,297707,10,319700
7674,0.040042,74.125.24.0-255,5738,303445,10,319700
7675,0.040048,172.31.36.0-255,66,303511,10,319700
7676,0.042357,74.125.24.0-255,5738,309249,10,319700
7677,0.042364,172.31.36.0-255,66,309315,10,319700
7678,0.044708,74.125.24.0-255,5738,315053,10,319700
7679,0.044715,172.31.36.0-255,66,315119,10,319700
7680,0.047067,74.125.24.0-255,4344,319463,10,319700
7681,0.047074,172.31.36.0-255,66,319529,10,319700
7682,0.047251,172.31.36.0-255,105,319634,10,319700
7683,0.049517,74.125.24.0-255,66,319700,10,319700
7684,0.0,172.217.194.0-255,153,153,10,263052
7685,3.3e-05,172.31.36.0-255,66,219,10,263052
7686,4e-05,172.217.194.0-255,1484,1703,10,263052
7687,4.4e-05,172.31.36.0-255,66,1769,10,263052
7688,4.9e-05,172.217.194.0-255,2902,4671,10,263052
7689,5.2e-05,172.31.36.0-255,66,4737,10,263052
7690,5.9e-05,172.217.194.0-255,7156,11893,10,263052
7691,6.2e-05,172.31.36.0-255,66,11959,10,263052
7692,9.9e-05,172.217.194.0-255,1994,13953,10,263052
7693,0.000102,172.31.36.0-255,66,14019,10,263052
7694,0.000193,172.217.194.0-255,1484,15503,10,263052
7695,0.000196,172.31.36.0-255,66,15569,10,263052
7696,0.000213,172.217.194.0-255,2902,18471,10,263052
7697,0.000216,172.31.36.0-255,66,18537,10,263052
7698,0.000241,172.217.194.0-255,5738,24275,10,263052
7699,0.000245,172.31.36.0-255,66,24341,10,263052
7700,0.000251,172.217.194.0-255,6797,31138,10,263052
7701,0.000254,172.31.36.0-255,66,31204,10,263052
7702,0.000282,172.217.194.0-255,2902,34106,10,263052
7703,0.000285,172.31.36.0-255,66,34172,10,263052
7704,0.000316,172.31.36.0-255,66,34238,10,263052
7705,0.000342,172.217.194.0-255,2543,36781,10,263052
7706,0.000344,172.31.36.0-255,66,36847,10,263052
7707,0.000363,172.217.194.0-255,2902,39749,10,263052
7708,0.000366,172.31.36.0-255,66,39815,10,263052
7709,0.000393,172.217.194.0-255,7156,46971,10,263052
7710,0.000396,172.31.36.0-255,66,47037,10,263052
7711,0.000402,172.217.194.0-255,4320,51357,10,263052
7712,0.000405,172.31.36.0-255,66,51423,10,263052
7713,0.000427,172.217.194.0-255,1484,52907,10,263052
7714,0.000431,172.31.36.0-255,66,52973,10,263052
7715,0.000451,172.217.194.0-255,1436,54409,10,263052
7716,0.000504,172.217.194.0-255,1484,55893,10,263052
7717,0.000507,172.31.36.0-255,66,55959,10,263052
7718,0.000512,172.217.194.0-255,2902,58861,10,263052
7719,0.000514,172.31.36.0-255,66,58927,10,263052
7720,0.000518,172.217.194.0-255,1484,60411,10,263052
7721,0.000545,172.217.194.0-255,4320,64731,10,263052
7722,0.000548,172.31.36.0-255,66,64797,10,263052
7723,0.000555,172.217.194.0-255,6797,71594,10,263052
7724,0.000557,172.31.36.0-255,66,71660,10,263052
7725,0.000623,172.31.36.0-255,66,71726,10,263052
7726,0.000627,172.217.194.0-255,2263,73989,10,263052
7727,0.000629,172.31.36.0-255,66,74055,10,263052
7728,0.000748,172.217.194.0-255,1484,75539,10,263052
7729,0.000753,172.217.194.0-255,2902,78441,10,263052
7730,0.000756,172.31.36.0-255,66,78507,10,263052
7731,0.000776,172.217.194.0-255,5738,84245,10,263052
7732,0.000779,172.31.36.0-255,66,84311,10,263052
7733,0.000812,172.31.36.0-255,66,84377,10,263052
7734,0.000834,172.217.194.0-255,4320,88697,10,263052
7735,0.000836,172.31.36.0-255,66,88763,10,263052
7736,0.000853,172.217.194.0-255,1484,90247,10,263052
7737,0.000882,172.31.36.0-255,66,90313,10,263052
7738,0.001242,172.217.194.0-255,1484,91797,10,263052
7739,0.001246,172.217.194.0-255,2902,94699,10,263052
7740,0.001249,172.31.36.0-255,66,94765,10,263052
7741,0.001255,172.217.194.0-255,2902,97667,10,263052
7742,0.001257,172.31.36.0-255,66,97733,10,263052
7743,0.00127,172.217.194.0-255,2902,100635,10,263052
7744,0.001273,172.31.36.0-255,66,100701,10,263052
7745,0.001291,172.217.194.0-255,4320,105021,10,263052
7746,0.001294,172.31.36.0-255,66,105087,10,263052
7747,0.001327,172.31.36.0-255,66,105153,10,263052
7748,0.001337,172.31.36.0-255,66,105219,10,263052
7749,0.00136,172.217.194.0-255,2184,107403,10,263052
7750,0.001362,172.31.36.0-255,66,107469,10,263052
7751,0.001606,172.217.194.0-255,1484,108953,10,263052
7752,0.001615,172.217.194.0-255,2902,111855,10,263052
7753,0.001618,172.31.36.0-255,66,111921,10,263052
7754,0.001622,172.217.194.0-255,1484,113405,10,263052
7755,0.001639,172.217.194.0-255,4320,117725,10,263052
7756,0.001641,172.31.36.0-255,66,117791,10,263052
7757,0.001647,172.217.194.0-255,4320,122111,10,263052
7758,0.001648,172.31.36.0-255,66,122177,10,263052
7759,0.001679,172.31.36.0-255,66,122243,10,263052
7760,0.001683,172.217.194.0-255,1484,123727,10,263052
7761,0.001714,172.217.194.0-255,2902,126629,10,263052
7762,0.001719,172.31.36.0-255,66,126695,10,263052
7763,0.001742,172.217.194.0-255,6438,133133,10,263052
7764,0.001746,172.31.36.0-255,66,133199,10,263052
7765,0.001766,172.217.194.0-255,7156,140355,10,263052
7766,0.001769,172.31.36.0-255,66,140421,10,263052
7767,0.001785,172.217.194.0-255,2902,143323,10,263052
7768,0.001788,172.31.36.0-255,66,143389,10,263052
7769,0.0018,172.31.36.0-255,66,143455,10,263052
7770,0.001821,172.217.194.0-255,1484,144939,10,263052
7771,0.001847,172.31.36.0-255,66,145005,10,263052
7772,0.001875,172.31.36.0-255,66,145071,10,263052
7773,0.001895,172.217.194.0-255,4320,149391,10,263052
7774,0.001897,172.31.36.0-255,66,149457,10,263052
7775,0.001919,172.31.36.0-255,66,149523,10,263052
7776,0.001926,172.217.194.0-255,6438,155961,10,263052
7777,0.001928,172.31.36.0-255,66,156027,10,263052
7778,0.002163,172.217.194.0-255,1484,157511,10,263052
7779,0.00217,172.217.194.0-255,2902,160413,10,263052
7780,0.002175,172.31.36.0-255,66,160479,10,263052
7781,0.002182,172.217.194.0-255,5738,166217,10,263052
7782,0.002184,172.31.36.0-255,66,166283,10,263052
7783,0.002205,172.217.194.0-255,2902,169185,10,263052
7784,0.002207,172.31.36.0-255,66,169251,10,263052
7785,0.002237,172.31.36.0-255,66,169317,10,263052
7786,0.002249,172.31.36.0-255,66,169383,10,263052
7787,0.002339,172.217.194.0-255,1484,170867,10,263052
7788,0.002361,172.217.194.0-255,2902,173769,10,263052
7789,0.002364,172.31.36.0-255,66,173835,10,263052
7790,0.00237,172.217.194.0-255,5738,179573,10,263052
7791,0.002373,172.31.36.0-255,66,179639,10,263052
7792,0.002377,172.217.194.0-255,4320,183959,10,263052
7793,0.002381,172.31.36.0-255,66,184025,10,263052
7794,0.002398,172.217.194.0-255,1484,185509,10,263052
7795,0.002405,172.217.194.0-255,5738,191247,10,263052
7796,0.002407,172.31.36.0-255,66,191313,10,263052
7797,0.002433,172.217.194.0-255,7156,198469,10,263052
7798,0.002436,172.31.36.0-255,66,198535,10,263052
7799,0.002441,172.217.194.0-255,5020,203555,10,263052
7800,0.002444,172.31.36.0-255,66,203621,10,263052
7801,0.002519,172.217.194.0-255,1484,205105,10,263052
7802,0.002523,172.217.194.0-255,2902,208007,10,263052
7803,0.002526,172.31.36.0-255,66,208073,10,263052
7804,0.00253,172.217.194.0-255,1484,209557,10,263052
7805,0.002546,172.217.194.0-255,4320,213877,10,263052
7806,0.002548,172.31.36.0-255,66,213943,10,263052
7807,0.002561,172.217.194.0-255,1484,215427,10,263052
7808,0.002593,172.31.36.0-255,66,215493,10,263052
7809,0.002597,172.217.194.0-255,4320,219813,10,263052
7810,0.002599,172.31.36.0-255,66,219879,10,263052
7811,0.002624,172.217.194.0-255,6438,226317,10,263052
7812,0.002627,172.31.36.0-255,66,226383,10,263052
7813,0.002688,172.217.194.0-255,1484,227867,10,263052
7814,0.002691,172.217.194.0-255,1484,229351,10,263052
7815,0.002693,172.31.36.0-255,66,229417,10,263052
7816,0.002709,172.217.194.0-255,1484,230901,10,263052
7817,0.002723,172.217.194.0-255,2902,233803,10,263052
7818,0.002725,172.31.36.0-255,66,233869,10,263052
7819,0.002744,172.217.194.0-255,2902,236771,10,263052
7820,0.002746,172.31.36.0-255,66,236837,10,263052
7821,0.00275,172.217.194.0-255,2902,239739,10,263052
7822,0.002752,172.31.36.0-255,66,239805,10,263052
7823,0.002757,172.217.194.0-255,2902,242707,10,263052
7824,0.002759,172.31.36.0-255,66,242773,10,263052
7825,0.002772,172.31.36.0-255,66,242839,10,263052
7826,0.002806,172.217.194.0-255,6438,249277,10,263052
7827,0.002809,172.31.36.0-255,66,249343,10,263052
7828,0.002815,172.217.194.0-255,7156,256499,10,263052
7829,0.002817,172.31.36.0-255,66,256565,10,263052
7830,0.002836,172.217.194.0-255,1797,258362,10,263052
7831,0.002839,172.31.36.0-255,66,258428,10,263052
7832,0.002889,172.217.194.0-255,105,258533,10,263052
7833,0.005336,172.31.36.0-255,66,258599,10,263052
7834,0.005363,172.31.36.0-255,105,258704,10,263052
7835,0.007882,172.217.194.0-255,66,258770,10,263052
7836,0.029611,172.31.36.0-255,167,258937,10,263052
7837,0.029656,172.31.36.0-255,1111,260048,10,263052
7838,0.029711,172.31.36.0-255,1514,261562,10,263052
7839,0.029713,172.31.36.0-255,1292,262854,10,263052
7840,0.031147,104.244.42.0-255,66,262920,10,263052
7841,0.031201,104.244.42.0-255,66,262986,10,263052
7842,0.031244,104.244.42.0-255,66,263052,10,263052
7843,0.0,74.125.68.0-255,153,153,10,392077
7844,1.5e-05,172.31.36.0-255,66,219,10,392077
7845,2.1e-05,74.125.68.0-255,1484,1703,10,392077
7846,2.6e-05,172.31.36.0-255,66,1769,10,392077
7847,5.6e-05,74.125.68.0-255,2902,4671,10,392077
7848,6e-05,172.31.36.0-255,66,4737,10,392077
7849,8.1e-05,74.125.68.0-255,2902,7639,10,392077
7850,8.4e-05,172.31.36.0-255,66,7705,10,392077
7851,0.000107,74.125.68.0-255,2902,10607,10,392077
7852,0.000109,172.31.36.0-255,66,10673,10,392077
7853,0.000138,74.125.68.0-255,1484,12157,10,392077
7854,0.00014,172.31.36.0-255,66,12223,10,392077
7855,0.000145,74.125.68.0-255,2027,14250,10,392077
7856,0.000147,172.31.36.0-255,66,14316,10,392077
7857,0.000152,74.125.68.0-255,2902,17218,10,392077
7858,0.000158,172.31.36.0-255,66,17284,10,392077
7859,0.000164,74.125.68.0-255,4320,21604,10,392077
7860,0.000167,172.31.36.0-255,66,21670,10,392077
7861,0.000197,74.125.68.0-255,2902,24572,10,392077
7862,0.0002,172.31.36.0-255,66,24638,10,392077
7863,0.000205,74.125.68.0-255,2902,27540,10,392077
7864,0.000207,172.31.36.0-255,66,27606,10,392077
7865,0.000213,74.125.68.0-255,3961,31567,10,392077
7866,0.000215,172.31.36.0-255,66,31633,10,392077
7867,0.00031,74.125.68.0-255,1484,33117,10,392077
7868,0.000314,172.31.36.0-255,66,33183,10,392077
7869,0.000319,74.125.68.0-255,2902,36085,10,392077
7870,0.000322,172.31.36.0-255,66,36151,10,392077
7871,0.000362,74.125.68.0-255,4320,40471,10,392077
7872,0.000365,172.31.36.0-255,66,40537,10,392077
7873,0.000393,74.125.68.0-255,5738,46275,10,392077
7874,0.000396,172.31.36.0-255,66,46341,10,392077
7875,0.000428,74.125.68.0-255,6797,53138,10,392077
7876,0.00043,172.31.36.0-255,66,53204,10,392077
7877,0.000437,74.125.68.0-255,5738,58942,10,392077
7878,0.000439,172.31.36.0-255,66,59008,10,392077
7879,0.000459,74.125.68.0-255,2902,61910,10,392077
7880,0.000462,172.31.36.0-255,66,61976,10,392077
7881,0.000489,74.125.68.0-255,4274,66250,10,392077
7882,0.000492,172.31.36.0-255,66,66316,10,392077
7883,0.000496,74.125.68.0-255,113,66429,10,392077
7884,0.000531,74.125.68.0-255,327,66756,10,392077
7885,0.00075,74.125.68.0-255,1484,68240,10,392077
7886,0.000756,172.31.36.0-255,66,68306,10,392077
7887,0.000774,74.125.68.0-255,2902,71208,10,392077
7888,0.000777,172.31.36.0-255,66,71274,10,392077
7889,0.00078,74.125.68.0-255,1484,72758,10,392077
7890,0.000785,74.125.68.0-255,2902,75660,10,392077
7891,0.000787,172.31.36.0-255,66,75726,10,392077
7892,0.000817,74.125.68.0-255,5738,81464,10,392077
7893,0.00082,172.31.36.0-255,66,81530,10,392077
7894,0.000824,74.125.68.0-255,1484,83014,10,392077
7895,0.000856,172.31.36.0-255,66,83080,10,392077
7896,0.000886,74.125.68.0-255,4320,87400,10,392077
7897,0.000889,172.31.36.0-255,66,87466,10,392077
7898,0.000913,74.125.68.0-255,5020,92486,10,392077
7899,0.000916,172.31.36.0-255,66,92552,10,392077
7900,0.001152,74.125.68.0-255,1484,94036,10,392077
7901,0.001166,74.125.68.0-255,2902,96938,10,392077
7902,0.00117,172.31.36.0-255,66,97004,10,392077
7903,0.001199,74.125.68.0-255,5738,102742,10,392077
7904,0.001202,172.31.36.0-255,66,102808,10,392077
7905,0.001209,74.125.68.0-255,7156,109964,10,392077
7906,0.001211,172.31.36.0-255,66,110030,10,392077
7907,0.00125,172.31.36.0-255,66,110096,10,392077
7908,0.001268,74.125.68.0-255,4320,114416,10,392077
7909,0.001271,172.31.36.0-255,66,114482,10,392077
7910,0.001291,74.125.68.0-255,2184,116666,10,392077
7911,0.001299,172.31.36.0-255,66,116732,10,392077
7912,0.001498,74.125.68.0-255,1484,118216,10,392077
7913,0.001511,74.125.68.0-255,2902,121118,10,392077
7914,0.001514,172.31.36.0-255,66,121184,10,392077
7915,0.001534,74.125.68.0-255,5738,126922,10,392077
7916,0.001537,172.31.36.0-255,66,126988,10,392077
7917,0.001541,74.125.68.0-255,2902,129890,10,392077
7918,0.001543,172.31.36.0-255,66,129956,10,392077
7919,0.001566,74.125.68.0-255,4320,134276,10,392077
7920,0.001568,172.31.36.0-255,66,134342,10,392077
7921,0.001571,74.125.68.0-255,1484,135826,10,392077
7922,0.001615,74.125.68.0-255,7156,142982,10,392077
7923,0.001618,172.31.36.0-255,66,143048,10,392077
7924,0.001624,74.125.68.0-255,4320,147368,10,392077
7925,0.001626,172.31.36.0-255,66,147434,10,392077
7926,0.001649,74.125.68.0-255,3602,151036,10,392077
7927,0.001651,172.31.36.0-255,66,151102,10,392077
7928,0.001968,74.125.68.0-255,1484,152586,10,392077
7929,0.001984,74.125.68.0-255,2902,155488,10,392077
7930,0.001987,172.31.36.0-255,66,155554,10,392077
7931,0.00199,74.125.68.0-255,1484,157038,10,392077
7932,0.002022,74.125.68.0-255,2902,159940,10,392077
7933,0.002024,172.31.36.0-255,66,160006,10,392077
7934,0.002048,74.125.68.0-255,1484,161490,10,392077
7935,0.002052,74.125.68.0-255,2902,164392,10,392077
7936,0.002054,172.31.36.0-255,66,164458,10,392077
7937,0.002082,74.125.68.0-255,5738,170196,10,392077
7938,0.002084,172.31.36.0-255,66,170262,10,392077
7939,0.002106,74.125.68.0-255,2902,173164,10,392077
7940,0.002108,172.31.36.0-255,66,173230,10,392077
7941,0.002145,74.125.68.0-255,1484,174714,10,392077
7942,0.002187,74.125.68.0-255,2902,177616,10,392077
7943,0.00219,172.31.36.0-255,66,177682,10,392077
7944,0.002226,74.125.68.0-255,1484,179166,10,392077
7945,0.002268,74.125.68.0-255,1484,180650,10,392077
7946,0.002271,172.31.36.0-255,66,180716,10,392077
7947,0.002309,74.125.68.0-255,1484,182200,10,392077
7948,0.002321,74.125.68.0-255,2902,185102,10,392077
7949,0.002323,172.31.36.0-255,66,185168,10,392077
7950,0.002344,74.125.68.0-255,766,185934,10,392077
7951,0.002653,172.31.36.0-255,66,186000,10,392077
7952,0.004802,74.125.68.0-255,4320,190320,10,392077
7953,0.004809,172.31.36.0-255,66,190386,10,392077
7954,0.005123,74.125.68.0-255,1484,191870,10,392077
7955,0.00729,74.125.68.0-255,4320,196190,10,392077
7956,0.007294,172.31.36.0-255,66,196256,10,392077
7957,0.009789,74.125.68.0-255,5738,201994,10,392077
7958,0.009796,172.31.36.0-255,66,202060,10,392077
7959,0.012285,74.125.68.0-255,5738,207798,10,392077
7960,0.012294,172.31.36.0-255,66,207864,10,392077
7961,0.014784,74.125.68.0-255,5738,213602,10,392077
7962,0.014793,172.31.36.0-255,66,213668,10,392077
7963,0.017272,74.125.68.0-255,5738,219406,10,392077
7964,0.017281,172.31.36.0-255,66,219472,10,392077
7965,0.019767,74.125.68.0-255,5738,225210,10,392077
7966,0.019776,172.31.36.0-255,66,225276,10,392077
7967,0.022264,74.125.68.0-255,5738,231014,10,392077
7968,0.022272,172.31.36.0-255,66,231080,10,392077
7969,0.024766,74.125.68.0-255,5738,236818,10,392077
7970,0.024773,172.31.36.0-255,66,236884,10,392077
7971,0.027253,74.125.68.0-255,5738,242622,10,392077
7972,0.027259,172.31.36.0-255,66,242688,10,392077
7973,0.028289,172.31.36.0-255,172,242860,10,392077
7974,0.028319,172.31.36.0-255,1113,243973,10,392077
7975,0.02838,172.31.36.0-255,1514,245487,10,392077
7976,0.028382,172.31.36.0-255,1292,246779,10,392077
7977,0.029771,74.125.68.0-255,5738,252517,10,392077
7978,0.029778,172.31.36.0-255,66,252583,10,392077
7979,0.029829,104.244.42.0-255,66,252649,10,392077
7980,0.029881,104.244.42.0-255,66,252715,10,392077
7981,0.029926,104.244.42.0-255,66,252781,10,392077
7982,0.032269,74.125.68.0-255,5738,258519,10,392077
7983,0.032276,172.31.36.0-255,66,258585,10,392077
7984,0.034773,74.125.68.0-255,5738,264323,10,392077
7985,0.034779,172.31.36.0-255,66,264389,10,392077
7986,0.037315,74.125.68.0-255,5738,270127,10,392077
7987,0.037323,172.31.36.0-255,66,270193,10,392077
7988,0.039814,74.125.68.0-255,5738,275931,10,392077
7989,0.03982,172.31.36.0-255,66,275997,10,392077
7990,0.04231,74.125.68.0-255,5738,281735,10,392077
7991,0.042315,172.31.36.0-255,66,281801,10,392077
7992,0.044813,74.125.68.0-255,5738,287539,10,392077
7993,0.044821,172.31.36.0-255,66,287605,10,392077
7994,0.047305,74.125.68.0-255,5738,293343,10,392077
7995,0.047311,172.31.36.0-255,66,293409,10,392077
7996,0.049802,74.125.68.0-255,5738,299147,10,392077
7997,0.049809,172.31.36.0-255,66,299213,10,392077
7998,0.052302,74.125.68.0-255,5738,304951,10,392077
7999,0.052308,172.31.36.0-255,66,305017,10,392077
8000,0.054811,74.125.68.0-255,5738,310755,10,392077
8001,0.054818,172.31.36.0-255,66,310821,10,392077
8002,0.057335,74.125.68.0-255,5738,316559,10,392077
8003,0.057342,172.31.36.0-255,66,316625,10,392077
8004,0.05982,74.125.68.0-255,5738,322363,10,392077
8005,0.059827,172.31.36.0-255,66,322429,10,392077
8006,0.06232,74.125.68.0-255,5738,328167,10,392077
8007,0.062326,172.31.36.0-255,66,328233,10,392077
8008,0.064823,74.125.68.0-255,5738,333971,10,392077
8009,0.064828,172.31.36.0-255,66,334037,10,392077
8010,0.067342,74.125.68.0-255,5738,339775,10,392077
8011,0.067349,172.31.36.0-255,66,339841,10,392077
8012,0.069825,74.125.68.0-255,5738,345579,10,392077
8013,0.069831,172.31.36.0-255,66,345645,10,392077
8014,0.07233,74.125.68.0-255,5738,351383,10,392077
8015,0.072337,172.31.36.0-255,66,351449,10,392077
8016,0.074832,74.125.68.0-255,5738,357187,10,392077
8017,0.074839,172.31.36.0-255,66,357253,10,392077
8018,0.077372,74.125.68.0-255,5738,362991,10,392077
8019,0.077378,172.31.36.0-255,66,363057,10,392077
8020,0.079875,74.125.68.0-255,5738,368795,10,392077
8021,0.079881,172.31.36.0-255,66,368861,10,392077
8022,0.082383,74.125.68.0-255,5738,374599,10,392077
8023,0.082389,172.31.36.0-255,66,374665,10,392077
8024,0.084881,74.125.68.0-255,5738,380403,10,392077
8025,0.084887,172.31.36.0-255,66,380469,10,392077
8026,0.087394,74.125.68.0-255,5738,386207,10,392077
8027,0.087401,172.31.36.0-255,66,386273,10,392077
8028,0.089893,74.125.68.0-255,5738,392011,10,392077
8029,0.089899,172.31.36.0-255,66,392077,10,392077
8030,0.0,172.253.118.0-255,151,151,10,313954
8031,3.1e-05,172.31.36.0-255,66,217,10,313954
8032,3.8e-05,172.253.118.0-255,1484,1701,10,313954
8033,4.2e-05,172.31.36.0-255,66,1767,10,313954
8034,4.7e-05,172.253.118.0-255,2902,4669,10,313954
8035,5e-05,172.31.36.0-255,66,4735,10,313954
8036,6.5e-05,172.253.118.0-255,7156,11891,10,313954
8037,6.8e-05,172.31.36.0-255,66,11957,10,313954
8038,7.2e-05,172.253.118.0-255,2067,14024,10,313954
8039,7.5e-05,172.31.36.0-255,66,14090,10,313954
8040,0.000108,172.253.118.0-255,1484,15574,10,313954
8041,0.00011,172.31.36.0-255,66,15640,10,313954
8042,0.000136,172.253.118.0-255,1484,17124,10,313954
8043,0.00014,172.31.36.0-255,66,17190,10,313954
8044,0.000145,172.253.118.0-255,4320,21510,10,313954
8045,0.000148,172.31.36.0-255,66,21576,10,313954
8046,0.000153,172.253.118.0-255,4320,25896,10,313954
8047,0.000161,172.31.36.0-255,66,25962,10,313954
8048,0.000194,172.253.118.0-255,4320,30282,10,313954
8049,0.000196,172.31.36.0-255,66,30348,10,313954
8050,0.000199,172.253.118.0-255,1125,31473,10,313954
8051,0.000202,172.31.36.0-255,66,31539,10,313954
8052,0.000268,172.253.118.0-255,1484,33023,10,313954
8053,0.000272,172.31.36.0-255,66,33089,10,313954
8054,0.000277,172.253.118.0-255,2902,35991,10,313954
8055,0.000279,172.31.36.0-255,66,36057,10,313954
8056,0.000282,172.253.118.0-255,1484,37541,10,313954
8057,0.000284,172.31.36.0-255,66,37607,10,313954
8058,0.000314,172.253.118.0-255,4320,41927,10,313954
8059,0.00032,172.31.36.0-255,66,41993,10,313954
8060,0.000331,172.31.36.0-255,66,42059,10,313954
8061,0.000359,172.31.36.0-255,66,42125,10,313954
8062,0.000391,172.253.118.0-255,7126,49251,10,313954
8063,0.000395,172.253.118.0-255,379,49630,10,313954
8064,0.0004,172.31.36.0-255,66,49696,10,313954
8065,0.000955,172.253.118.0-255,1484,51180,10,313954
8066,0.000965,172.253.118.0-255,2902,54082,10,313954
8067,0.000969,172.31.36.0-255,66,54148,10,313954
8068,0.000976,172.253.118.0-255,5738,59886,10,313954
8069,0.001027,172.253.118.0-255,5738,65624,10,313954
8070,0.001072,172.253.118.0-255,1484,67108,10,313954
8071,0.001088,172.253.118.0-255,7156,74264,10,313954
8072,0.001094,172.253.118.0-255,5738,80002,10,313954
8073,0.001113,172.253.118.0-255,4320,84322,10,313954
8074,0.001154,172.253.118.0-255,766,85088,10,313954
8075,0.001201,172.253.118.0-255,1484,86572,10,313954
8076,0.001237,172.253.118.0-255,1484,88056,10,313954
8077,0.001256,172.253.118.0-255,2902,90958,10,313954
8078,0.00126,172.253.118.0-255,1484,92442,10,313954
8079,0.001265,172.253.118.0-255,2902,95344,10,313954
8080,0.001271,172.253.118.0-255,5738,101082,10,313954
8081,0.001284,172.253.118.0-255,1484,102566,10,313954
8082,0.001319,172.253.118.0-255,1484,104050,10,313954
8083,0.00134,172.253.118.0-255,3602,107652,10,313954
8084,0.004219,172.31.36.0-255,66,107718,10,313954
8085,0.006568,172.253.118.0-255,5738,113456,10,313954
8086,0.006574,172.31.36.0-255,66,113522,10,313954
8087,0.008929,172.253.118.0-255,5738,119260,10,313954
8088,0.008948,172.31.36.0-255,66,119326,10,313954
8089,0.011287,172.253.118.0-255,5738,125064,10,313954
8090,0.013086,172.31.36.0-255,66,125130,10,313954
8091,0.015485,172.253.118.0-255,5738,130868,10,313954
8092,0.015497,172.31.36.0-255,66,130934,10,313954
8093,0.017837,172.253.118.0-255,5738,136672,10,313954
8094,0.017846,172.31.36.0-255,66,136738,10,313954
8095,0.020188,172.253.118.0-255,5738,142476,10,313954
8096,0.020195,172.31.36.0-255,66,142542,10,313954
8097,0.022533,172.253.118.0-255,5738,148280,10,313954
8098,0.022541,172.31.36.0-255,66,148346,10,313954
8099,0.024877,172.253.118.0-255,5738,154084,10,313954
8100,0.024886,172.31.36.0-255,66,154150,10,313954
8101,0.027218,172.253.118.0-255,5738,159888,10,313954
8102,0.027225,172.31.36.0-255,66,159954,10,313954
8103,0.027409,172.31.36.0-255,167,160121,10,313954
8104,0.027433,172.31.36.0-255,1112,161233,10,313954
8105,0.027478,172.31.36.0-255,1514,162747,10,313954
8106,0.02748,172.31.36.0-255,1291,164038,10,313954
8107,0.028977,104.244.42.0-255,66,164104,10,313954
8108,0.029007,104.244.42.0-255,66,164170,10,313954
8109,0.029054,104.244.42.0-255,66,164236,10,313954
8110,0.02955,172.253.118.0-255,1484,165720,10,313954
8111,0.029575,172.253.118.0-255,4320,170040,10,313954
8112,0.02958,172.31.36.0-255,66,170106,10,313954
8113,0.031912,172.253.118.0-255,5738,175844,10,313954
8114,0.031917,172.31.36.0-255,66,175910,10,313954
8115,0.034249,172.253.118.0-255,5738,181648,10,313954
8116,0.034255,172.31.36.0-255,66,181714,10,313954
8117,0.03659,172.253.118.0-255,5738,187452,10,313954
8118,0.036597,172.31.36.0-255,66,187518,10,313954
8119,0.038953,172.253.118.0-255,5738,193256,10,313954
8120,0.038966,172.31.36.0-255,66,193322,10,313954
8121,0.041295,172.253.118.0-255,5738,199060,10,313954
8122,0.041301,172.31.36.0-255,66,199126,10,313954
8123,0.043628,172.253.118.0-255,5738,204864,10,313954
8124,0.043633,172.31.36.0-255,66,204930,10,313954
8125,0.045969,172.253.118.0-255,5738,210668,10,313954
8126,0.045974,172.31.36.0-255,66,210734,10,313954
8127,0.0483,172.253.118.0-255,5738,216472,10,313954
8128,0.048305,172.31.36.0-255,66,216538,10,313954
8129,0.050646,172.253.118.0-255,5738,222276,10,313954
8130,0.050651,172.31.36.0-255,66,222342,10,313954
8131,0.052981,172.253.118.0-255,5738,228080,10,313954
8132,0.052986,172.31.36.0-255,66,228146,10,313954
8133,0.055311,172.253.118.0-255,5738,233884,10,313954
8134,0.055316,172.31.36.0-255,66,233950,10,313954
8135,0.057649,172.253.118.0-255,5738,239688,10,313954
8136,0.057655,172.31.36.0-255,66,239754,10,313954
8137,0.059998,172.253.118.0-255,2902,242656,10,313954
8138,0.060004,172.31.36.0-255,66,242722,10,313954
8139,0.060041,172.253.118.0-255,2902,245624,10,313954
8140,0.060061,172.31.36.0-255,66,245690,10,313954
8141,0.062326,172.253.118.0-255,2902,248592,10,313954
8142,0.062332,172.31.36.0-255,66,248658,10,313954
8143,0.062371,172.253.118.0-255,2902,251560,10,313954
8144,0.064,172.31.36.0-255,66,251626,10,313954
8145,0.064683,172.253.118.0-255,2902,254528,10,313954
8146,0.064689,172.31.36.0-255,66,254594,10,313954
8147,0.066327,172.253.118.0-255,2902,257496,10,313954
8148,0.066333,172.31.36.0-255,66,257562,10,313954
8149,0.067023,172.253.118.0-255,2902,260464,10,313954
8150,0.067028,172.31.36.0-255,66,260530,10,313954
8151,0.06866,172.253.118.0-255,2902,263432,10,313954
8152,0.068666,172.31.36.0-255,66,263498,10,313954
8153,0.069395,172.253.118.0-255,2902,266400,10,313954
8154,0.0694,172.31.36.0-255,66,266466,10,313954
8155,0.071012,172.253.118.0-255,2902,269368,10,313954
8156,0.071017,172.31.36.0-255,66,269434,10,313954
8157,0.071749,172.253.118.0-255,2902,272336,10,313954
8158,0.071756,172.31.36.0-255,66,272402,10,313954
8159,0.073364,172.253.118.0-255,2902,275304,10,313954
8160,0.073375,172.31.36.0-255,66,275370,10,313954
8161,0.074084,172.253.118.0-255,2902,278272,10,313954
8162,0.074089,172.31.36.0-255,66,278338,10,313954
8163,0.075715,172.253.118.0-255,2902,281240,10,313954
8164,0.07572,172.31.36.0-255,66,281306,10,313954
8165,0.076411,172.253.118.0-255,2902,284208,10,313954
8166,0.076416,172.31.36.0-255,66,284274,10,313954
8167,0.078057,172.253.118.0-255,2902,287176,10,313954
8168,0.078063,172.31.36.0-255,66,287242,10,313954
8169,0.078775,172.253.118.0-255,2902,290144,10,313954
8170,0.07878,172.31.36.0-255,66,290210,10,313954
8171,0.08041,172.253.118.0-255,2902,293112,10,313954
8172,0.080414,172.31.36.0-255,66,293178,10,313954
8173,0.081111,172.253.118.0-255,2902,296080,10,313954
8174,0.081116,172.31.36.0-255,66,296146,10,313954
8175,0.082751,172.253.118.0-255,2902,299048,10,313954
8176,0.082756,172.31.36.0-255,66,299114,10,313954
8177,0.083422,172.253.118.0-255,2902,302016,10,313954
8178,0.083427,172.31.36.0-255,66,302082,10,313954
8179,0.08508,172.253.118.0-255,2902,304984,10,313954
8180,0.085086,172.31.36.0-255,66,305050,10,313954
8181,0.085754,172.253.118.0-255,2902,307952,10,313954
8182,0.085761,172.31.36.0-255,66,308018,10,313954
8183,0.087418,172.253.118.0-255,2902,310920,10,313954
8184,0.087785,172.31.36.0-255,66,310986,10,313954
8185,0.088088,172.253.118.0-255,2902,313888,10,313954
8186,0.088094,172.31.36.0-255,66,313954,10,313954
8187,0.0,216.58.221.0-255,152,152,10,327969
8188,3.5e-05,172.31.36.0-255,66,218,10,327969
8189,4.2e-05,216.58.221.0-255,1484,1702,10,327969
8190,4.6e-05,172.31.36.0-255,66,1768,10,327969
8191,5.2e-05,216.58.221.0-255,2902,4670,10,327969
8192,6.4e-05,172.31.36.0-255,66,4736,10,327969
8193,7.2e-05,216.58.221.0-255,7156,11892,10,327969
8194,7.5e-05,172.31.36.0-255,66,11958,10,327969
8195,7.9e-05,216.58.221.0-255,2106,14064,10,327969
8196,8.2e-05,172.31.36.0-255,66,14130,10,327969
8197,0.000546,216.58.221.0-255,1484,15614,10,327969
8198,0.000552,172.31.36.0-255,66,15680,10,327969
8199,0.000562,216.58.221.0-255,2902,18582,10,327969
8200,0.000571,172.31.36.0-255,66,18648,10,327969
8201,0.000579,216.58.221.0-255,5738,24386,10,327969
8202,0.000582,172.31.36.0-255,66,24452,10,327969
8203,0.000587,216.58.221.0-255,4320,28772,10,327969
8204,0.000589,172.31.36.0-255,66,28838,10,327969
8205,0.00063,216.58.221.0-255,2543,31381,10,327969
8206,0.000636,172.31.36.0-255,66,31447,10,327969
8207,0.000806,216.58.221.0-255,1484,32931,10,327969
8208,0.000812,172.31.36.0-255,66,32997,10,327969
8209,0.000818,216.58.221.0-255,2902,35899,10,327969
8210,0.000821,172.31.36.0-255,66,35965,10,327969
8211,0.000832,216.58.221.0-255,5738,41703,10,327969
8212,0.000834,172.31.36.0-255,66,41769,10,327969
8213,0.00084,216.58.221.0-255,6797,48566,10,327969
8214,0.000841,172.31.36.0-255,66,48632,10,327969
8215,0.000899,216.58.221.0-255,1484,50116,10,327969
8216,0.000903,172.31.36.0-255,66,50182,10,327969
8217,0.000908,216.58.221.0-255,2902,53084,10,327969
8218,0.00091,172.31.36.0-255,66,53150,10,327969
8219,0.000922,216.58.221.0-255,5738,58888,10,327969
8220,0.000925,172.31.36.0-255,66,58954,10,327969
8221,0.000928,216.58.221.0-255,1484,60438,10,327969
8222,0.000964,216.58.221.0-255,5379,65817,10,327969
8223,0.000968,172.31.36.0-255,66,65883,10,327969
8224,0.001467,216.58.221.0-255,350,66233,10,327969
8225,0.001493,172.31.36.0-255,66,66299,10,327969
8226,0.002925,216.58.221.0-255,4320,70619,10,327969
8227,0.002929,172.31.36.0-255,66,70685,10,327969
8228,0.00342,216.58.221.0-255,1484,72169,10,327969
8229,0.004868,216.58.221.0-255,4320,76489,10,327969
8230,0.004875,172.31.36.0-255,66,76555,10,327969
8231,0.006817,216.58.221.0-255,5738,82293,10,327969
8232,0.006823,172.31.36.0-255,66,82359,10,327969
8233,0.008776,216.58.221.0-255,5738,88097,10,327969
8234,0.008782,172.31.36.0-255,66,88163,10,327969
8235,0.010728,216.58.221.0-255,5738,93901,10,327969
8236,0.010735,172.31.36.0-255,66,93967,10,327969
8237,0.012678,216.58.221.0-255,5738,99705,10,327969
8238,0.012685,172.31.36.0-255,66,99771,10,327969
8239,0.014636,216.58.221.0-255,5738,105509,10,327969
8240,0.014643,172.31.36.0-255,66,105575,10,327969
8241,0.016586,216.58.221.0-255,5738,111313,10,327969
8242,0.016594,172.31.36.0-255,66,111379,10,327969
8243,0.01854,216.58.221.0-255,5738,117117,10,327969
8244,0.018546,172.31.36.0-255,66,117183,10,327969
8245,0.020492,216.58.221.0-255,5738,122921,10,327969
8246,0.020499,172.31.36.0-255,66,122987,10,327969
8247,0.022451,216.58.221.0-255,5738,128725,10,327969
8248,0.022461,172.31.36.0-255,66,128791,10,327969
8249,0.024404,216.58.221.0-255,4320,133111,10,327969
8250,0.024412,172.31.36.0-255,66,133177,10,327969
8251,0.024445,216.58.221.0-255,1484,134661,10,327969
8252,0.026357,216.58.221.0-255,4320,138981,10,327969
8253,0.026366,172.31.36.0-255,66,139047,10,327969
8254,0.028312,216.58.221.0-255,5738,144785,10,327969
8255,0.028318,172.31.36.0-255,66,144851,10,327969
8256,0.028915,172.31.36.0-255,167,145018,10,327969
8257,0.028956,172.31.36.0-255,1112,146130,10,327969
8258,0.029031,172.31.36.0-255,1514,147644,10,327969
8259,0.029034,172.31.36.0-255,1291,148935,10,327969
8260,0.030263,216.58.221.0-255,5738,154673,10,327969
8261,0.03027,172.31.36.0-255,66,154739,10,327969
8262,0.030473,104.244.42.0-255,66,154805,10,327969
8263,0.030523,104.244.42.0-255,66,154871,10,327969
8264,0.03063,104.244.42.0-255,66,154937,10,327969
8265,0.032216,216.58.221.0-255,5738,160675,10,327969
8266,0.032221,172.31.36.0-255,66,160741,10,327969
8267,0.034173,216.58.221.0-255,2902,163643,10,327969
8268,0.034178,172.31.36.0-255,66,163709,10,327969
8269,0.034208,216.58.221.0-255,2902,166611,10,327969
8270,0.034212,172.31.36.0-255,66,166677,10,327969
8271,0.036125,216.58.221.0-255,2902,169579,10,327969
8272,0.03613,172.31.36.0-255,66,169645,10,327969
8273,0.036163,216.58.221.0-255,2902,172547,10,327969
8274,0.036166,172.31.36.0-255,66,172613,10,327969
8275,0.038084,216.58.221.0-255,4320,176933,10,327969
8276,0.038092,172.31.36.0-255,66,176999,10,327969
8277,0.038122,216.58.221.0-255,1484,178483,10,327969
8278,0.040054,216.58.221.0-255,4320,182803,10,327969
8279,0.040062,172.31.36.0-255,66,182869,10,327969
8280,0.042006,216.58.221.0-255,5738,188607,10,327969
8281,0.042014,172.31.36.0-255,66,188673,10,327969
8282,0.044009,216.58.221.0-255,5738,194411,10,327969
8283,0.044017,172.31.36.0-255,66,194477,10,327969
8284,0.045987,216.58.221.0-255,5738,200215,10,327969
8285,0.045994,172.31.36.0-255,66,200281,10,327969
8286,0.047988,216.58.221.0-255,5738,206019,10,327969
8287,0.047994,172.31.36.0-255,66,206085,10,327969
8288,0.04995,216.58.221.0-255,5738,211823,10,327969
8289,0.049956,172.31.36.0-255,66,211889,10,327969
8290,0.051906,216.58.221.0-255,5738,217627,10,327969
8291,0.051912,172.31.36.0-255,66,217693,10,327969
8292,0.053865,216.58.221.0-255,5738,223431,10,327969
8293,0.053871,172.31.36.0-255,66,223497,10,327969
8294,0.055828,216.58.221.0-255,5738,229235,10,327969
8295,0.055835,172.31.36.0-255,66,229301,10,327969
8296,0.05778,216.58.221.0-255,5738,235039,10,327969
8297,0.057788,172.31.36.0-255,66,235105,10,327969
8298,0.05974,216.58.221.0-255,5738,240843,10,327969
8299,0.059748,172.31.36.0-255,66,240909,10,327969
8300,0.061736,216.58.221.0-255,5738,246647,10,327969
8301,0.061743,172.31.36.0-255,66,246713,10,327969
8302,0.063698,216.58.221.0-255,5738,252451,10,327969
8303,0.063705,172.31.36.0-255,66,252517,10,327969
8304,0.065665,216.58.221.0-255,5738,258255,10,327969
8305,0.065672,172.31.36.0-255,66,258321,10,327969
8306,0.067612,216.58.221.0-255,5738,264059,10,327969
8307,0.067619,172.31.36.0-255,66,264125,10,327969
8308,0.069575,216.58.221.0-255,5738,269863,10,327969
8309,0.069581,172.31.36.0-255,66,269929,10,327969
8310,0.071551,216.58.221.0-255,5738,275667,10,327969
8311,0.071558,172.31.36.0-255,66,275733,10,327969
8312,0.073543,216.58.221.0-255,5738,281471,10,327969
8313,0.073551,172.31.36.0-255,66,281537,10,327969
8314,0.075512,216.58.221.0-255,5738,287275,10,327969
8315,0.075522,172.31.36.0-255,66,287341,10,327969
8316,0.077471,216.58.221.0-255,5738,293079,10,327969
8317,0.077477,172.31.36.0-255,66,293145,10,327969
8318,0.079429,216.58.221.0-255,5738,298883,10,327969
8319,0.079435,172.31.36.0-255,66,298949,10,327969
8320,0.081385,216.58.221.0-255,5738,304687,10,327969
8321,0.081392,172.31.36.0-255,66,304753,10,327969
8322,0.083344,216.58.221.0-255,5738,310491,10,327969
8323,0.083351,172.31.36.0-255,66,310557,10,327969
8324,0.085298,216.58.221.0-255,5738,316295,10,327969
8325,0.085304,172.31.36.0-255,66,316361,10,327969
8326,0.087256,216.58.221.0-255,5738,322099,10,327969
8327,0.087263,172.31.36.0-255,66,322165,10,327969
8328,0.089253,216.58.221.0-255,5738,327903,10,327969
8329,0.089261,172.31.36.0-255,66,327969,10,327969
8330,0.0,172.217.194.0-255,296,296,10,196785
8331,3.7e-05,172.31.36.0-255,66,362,10,196785
8332,4.5e-05,172.217.194.0-255,1484,1846,10,196785
8333,5e-05,172.31.36.0-255,66,1912,10,196785
8334,5.9e-05,172.217.194.0-255,4320,6232,10,196785
8335,7e-05,172.31.36.0-255,66,6298,10,196785
8336,8.2e-05,172.31.36.0-255,66,6364,10,196785
8337,8.5e-05,172.217.194.0-255,1484,7848,10,196785
8338,8.7e-05,172.31.36.0-255,66,7914,10,196785
8339,0.000122,172.217.194.0-255,7156,15070,10,196785
8340,0.000125,172.31.36.0-255,66,15136,10,196785
8341,0.000138,172.31.36.0-255,66,15202,10,196785
8342,0.000172,172.217.194.0-255,1484,16686,10,196785
8343,0.000174,172.31.36.0-255,66,16752,10,196785
8344,0.000208,172.217.194.0-255,2902,19654,10,196785
8345,0.000211,172.31.36.0-255,66,19720,10,196785
8346,0.000219,172.217.194.0-255,5738,25458,10,196785
8347,0.000227,172.31.36.0-255,66,25524,10,196785
8348,0.000234,172.217.194.0-255,6797,32321,10,196785
8349,0.000237,172.31.36.0-255,66,32387,10,196785
8350,0.000266,172.217.194.0-255,2902,35289,10,196785
8351,0.000268,172.31.36.0-255,66,35355,10,196785
8352,0.000308,172.31.36.0-255,66,35421,10,196785
8353,0.000312,172.217.194.0-255,1484,36905,10,196785
8354,0.000314,172.31.36.0-255,66,36971,10,196785
8355,0.000347,172.217.194.0-255,4271,41242,10,196785
8356,0.00035,172.31.36.0-255,66,41308,10,196785
8357,0.000354,172.217.194.0-255,99,41407,10,196785
8358,0.000357,172.31.36.0-255,66,41473,10,196785
8359,0.000387,172.217.194.0-255,1484,42957,10,196785
8360,0.000398,172.217.194.0-255,2902,45859,10,196785
8361,0.000401,172.31.36.0-255,66,45925,10,196785
8362,0.000409,172.217.194.0-255,7156,53081,10,196785
8363,0.000411,172.31.36.0-255,66,53147,10,196785
8364,0.000415,172.217.194.0-255,2902,56049,10,196785
8365,0.000419,172.31.36.0-255,66,56115,10,196785
8366,0.000431,172.217.194.0-255,2543,58658,10,196785
8367,0.000435,172.31.36.0-255,66,58724,10,196785
8368,0.00047,172.31.36.0-255,66,58790,10,196785
8369,0.000497,172.217.194.0-255,4320,63110,10,196785
8370,0.000501,172.31.36.0-255,66,63176,10,196785
8371,0.000506,172.217.194.0-255,2842,66018,10,196785
8372,0.000508,172.31.36.0-255,66,66084,10,196785
8373,0.000647,172.217.194.0-255,1484,67568,10,196785
8374,0.000653,172.217.194.0-255,2902,70470,10,196785
8375,0.000656,172.31.36.0-255,66,70536,10,196785
8376,0.000691,172.217.194.0-255,5738,76274,10,196785
8377,0.000694,172.31.36.0-255,66,76340,10,196785
8378,0.000701,172.217.194.0-255,5738,82078,10,196785
8379,0.000704,172.31.36.0-255,66,82144,10,196785
8380,0.000719,172.31.36.0-255,66,82210,10,196785
8381,0.000746,172.217.194.0-255,5020,87230,10,196785
8382,0.00075,172.31.36.0-255,66,87296,10,196785
8383,0.000771,172.217.194.0-255,1484,88780,10,196785
8384,0.000795,172.217.194.0-255,4320,93100,10,196785
8385,0.000798,172.31.36.0-255,66,93166,10,196785
8386,0.000805,172.217.194.0-255,5738,98904,10,196785
8387,0.000808,172.31.36.0-255,66,98970,10,196785
8388,0.000813,172.217.194.0-255,4320,103290,10,196785
8389,0.000816,172.31.36.0-255,66,103356,10,196785
8390,0.000851,172.31.36.0-255,66,103422,10,196785
8391,0.000863,172.31.36.0-255,66,103488,10,196785
8392,0.000959,172.217.194.0-255,1484,104972,10,196785
8393,0.000965,172.217.194.0-255,2902,107874,10,196785
8394,0.00097,172.31.36.0-255,66,107940,10,196785
8395,0.00098,172.217.194.0-255,5738,113678,10,196785
8396,0.00099,172.31.36.0-255,66,113744,10,196785
8397,0.000997,172.217.194.0-255,7156,120900,10,196785
8398,0.001,172.31.36.0-255,66,120966,10,196785
8399,0.001034,172.217.194.0-255,5738,126704,10,196785
8400,0.001037,172.31.36.0-255,66,126770,10,196785
8401,0.00105,172.31.36.0-255,66,126836,10,196785
8402,0.001198,172.217.194.0-255,1484,128320,10,196785
8403,0.001202,172.217.194.0-255,2902,131222,10,196785
8404,0.001206,172.31.36.0-255,66,131288,10,196785
8405,0.001229,172.217.194.0-255,5738,137026,10,196785
8406,0.001233,172.31.36.0-255,66,137092,10,196785
8407,0.001277,172.31.36.0-255,66,137158,10,196785
8408,0.00131,172.31.36.0-255,66,137224,10,196785
8409,0.001346,172.31.36.0-255,66,137290,10,196785
8410,0.001356,172.31.36.0-255,66,137356,10,196785
8411,0.001428,172.31.36.0-255,66,137422,10,196785
8412,0.001431,172.217.194.0-255,1484,138906,10,196785
8413,0.001448,172.217.194.0-255,4320,143226,10,196785
8414,0.001453,172.217.194.0-255,2902,146128,10,196785
8415,0.001454,172.31.36.0-255,66,146194,10,196785
8416,0.001457,172.31.36.0-255,66,146260,10,196785
8417,0.001487,172.217.194.0-255,4320,150580,10,196785
8418,0.00149,172.31.36.0-255,66,150646,10,196785
8419,0.001505,172.31.36.0-255,66,150712,10,196785
8420,0.001512,172.217.194.0-255,6438,157150,10,196785
8421,0.001514,172.31.36.0-255,66,157216,10,196785
8422,0.001599,172.217.194.0-255,1484,158700,10,196785
8423,0.001606,172.217.194.0-255,2902,161602,10,196785
8424,0.001609,172.31.36.0-255,66,161668,10,196785
8425,0.001615,172.217.194.0-255,5738,167406,10,196785
8426,0.001618,172.31.36.0-255,66,167472,10,196785
8427,0.001655,172.31.36.0-255,66,167538,10,196785
8428,0.001667,172.31.36.0-255,66,167604,10,196785
8429,0.001706,172.217.194.0-255,5738,173342,10,196785
8430,0.00171,172.31.36.0-255,66,173408,10,196785
8431,0.001726,172.217.194.0-255,7156,180564,10,196785
8432,0.001729,172.31.36.0-255,66,180630,10,196785
8433,0.001747,172.31.36.0-255,66,180696,10,196785
8434,0.001778,172.217.194.0-255,7156,187852,10,196785
8435,0.001783,172.31.36.0-255,66,187918,10,196785
8436,0.001828,172.31.36.0-255,66,187984,10,196785
8437,0.001841,172.31.36.0-255,66,188050,10,196785
8438,0.001879,172.31.36.0-255,66,188116,10,196785
8439,0.001892,172.31.36.0-255,66,188182,10,196785
8440,0.001895,172.217.194.0-255,739,188921,10,196785
8441,0.001898,172.217.194.0-255,105,189026,10,196785
8442,0.009845,172.31.36.0-255,66,189092,10,196785
8443,0.009873,172.31.36.0-255,105,189197,10,196785
8444,0.011087,172.217.194.0-255,105,189302,10,196785
8445,0.011093,172.31.36.0-255,78,189380,10,196785
8446,0.011849,172.217.194.0-255,66,189446,10,196785
8447,0.039556,172.31.36.0-255,172,189618,10,196785
8448,0.039589,172.31.36.0-255,1113,190731,10,196785
8449,0.039651,172.31.36.0-255,1514,192245,10,196785
8450,0.039653,172.31.36.0-255,1514,193759,10,196785
8451,0.039654,172.31.36.0-255,1514,195273,10,196785
8452,0.039678,172.31.36.0-255,1074,196347,10,196785
8453,0.041101,104.244.42.0-255,66,196413,10,196785
8454,0.041168,104.244.42.0-255,66,196479,10,196785
8455,0.041219,104.244.42.0-255,66,196545,10,196785
8456,0.041222,104.244.42.0-255,66,196611,10,196785
8457,0.041716,104.244.42.0-255,108,196719,10,196785
8458,0.041723,172.31.36.0-255,66,196785,10,196785
8459,0.0,172.217.194.0-255,153,153,10,178576
8460,3e-05,172.31.36.0-255,66,219,10,178576
8461,3.7e-05,172.217.194.0-255,1484,1703,10,178576
8462,4.1e-05,172.31.36.0-255,66,1769,10,178576
8463,5.2e-05,172.217.194.0-255,2902,4671,10,178576
8464,5.5e-05,172.31.36.0-255,66,4737,10,178576
8465,5.8e-05,172.217.194.0-255,1484,6221,10,178576
8466,6.1e-05,172.31.36.0-255,66,6287,10,178576
8467,6.5e-05,172.217.194.0-255,2902,9189,10,178576
8468,6.7e-05,172.31.36.0-255,66,9255,10,178576
8469,9.7e-05,172.217.194.0-255,4887,14142,10,178576
8470,0.0001,172.31.36.0-255,66,14208,10,178576
8471,0.000107,172.217.194.0-255,5738,19946,10,178576
8472,0.000114,172.31.36.0-255,66,20012,10,178576
8473,0.000145,172.217.194.0-255,2902,22914,10,178576
8474,0.000147,172.31.36.0-255,66,22980,10,178576
8475,0.000186,172.31.36.0-255,66,23046,10,178576
8476,0.000211,172.217.194.0-255,1484,24530,10,178576
8477,0.000213,172.31.36.0-255,66,24596,10,178576
8478,0.000218,172.217.194.0-255,2902,27498,10,178576
8479,0.00022,172.31.36.0-255,66,27564,10,178576
8480,0.000227,172.217.194.0-255,5738,33302,10,178576
8481,0.000234,172.31.36.0-255,66,33368,10,178576
8482,0.000274,172.217.194.0-255,6797,40165,10,178576
8483,0.000281,172.31.36.0-255,66,40231,10,178576
8484,0.000303,172.31.36.0-255,66,40297,10,178576
8485,0.000307,172.217.194.0-255,2796,43093,10,178576
8486,0.000309,172.31.36.0-255,66,43159,10,178576
8487,0.000335,172.217.194.0-255,118,43277,10,178576
8488,0.000338,172.31.36.0-255,66,43343,10,178576
8489,0.000361,172.217.194.0-255,382,43725,10,178576
8490,0.000496,172.217.194.0-255,1484,45209,10,178576
8491,0.000501,172.31.36.0-255,66,45275,10,178576
8492,0.000507,172.217.194.0-255,2902,48177,10,178576
8493,0.000509,172.31.36.0-255,66,48243,10,178576
8494,0.000522,172.217.194.0-255,5738,53981,10,178576
8495,0.000525,172.31.36.0-255,66,54047,10,178576
8496,0.000571,172.31.36.0-255,66,54113,10,178576
8497,0.000578,172.31.36.0-255,66,54179,10,178576
8498,0.000837,172.217.194.0-255,1484,55663,10,178576
8499,0.000844,172.217.194.0-255,2902,58565,10,178576
8500,0.000847,172.31.36.0-255,66,58631,10,178576
8501,0.000873,172.217.194.0-255,5738,64369,10,178576
8502,0.000876,172.31.36.0-255,66,64435,10,178576
8503,0.000904,172.31.36.0-255,66,64501,10,178576
8504,0.000909,172.217.194.0-255,4320,68821,10,178576
8505,0.000911,172.31.36.0-255,66,68887,10,178576
8506,0.000937,172.217.194.0-255,6438,75325,10,178576
8507,0.000945,172.31.36.0-255,66,75391,10,178576
8508,0.000999,172.217.194.0-255,1484,76875,10,178576
8509,0.001004,172.217.194.0-255,2902,79777,10,178576
8510,0.001006,172.31.36.0-255,66,79843,10,178576
8511,0.001013,172.217.194.0-255,5738,85581,10,178576
8512,0.001015,172.31.36.0-255,66,85647,10,178576
8513,0.001034,172.31.36.0-255,66,85713,10,178576
8514,0.001074,172.31.36.0-255,66,85779,10,178576
8515,0.001165,172.217.194.0-255,1484,87263,10,178576
8516,0.001171,172.217.194.0-255,2902,90165,10,178576
8517,0.001175,172.31.36.0-255,66,90231,10,178576
8518,0.001187,172.217.194.0-255,2902,93133,10,178576
8519,0.001194,172.31.36.0-255,66,93199,10,178576
8520,0.001217,172.217.194.0-255,2902,96101,10,178576
8521,0.001221,172.31.36.0-255,66,96167,10,178576
8522,0.001231,172.217.194.0-255,4320,100487,10,178576
8523,0.001234,172.31.36.0-255,66,100553,10,178576
8524,0.001271,172.31.36.0-255,66,100619,10,178576
8525,0.001283,172.31.36.0-255,66,100685,10,178576
8526,0.001287,172.217.194.0-255,2184,102869,10,178576
8527,0.001289,172.31.36.0-255,66,102935,10,178576
8528,0.001332,172.217.194.0-255,1484,104419,10,178576
8529,0.001338,172.217.194.0-255,2902,107321,10,178576
8530,0.00134,172.31.36.0-255,66,107387,10,178576
8531,0.00137,172.217.194.0-255,5738,113125,10,178576
8532,0.001374,172.31.36.0-255,66,113191,10,178576
8533,0.001385,172.31.36.0-255,66,113257,10,178576
8534,0.001428,172.217.194.0-255,7156,120413,10,178576
8535,0.001432,172.31.36.0-255,66,120479,10,178576
8536,0.001461,172.217.194.0-255,6438,126917,10,178576
8537,0.001466,172.31.36.0-255,66,126983,10,178576
8538,0.00151,172.31.36.0-255,66,127049,10,178576
8539,0.001513,172.217.194.0-255,1484,128533,10,178576
8540,0.001551,172.31.36.0-255,66,128599,10,178576
8541,0.001554,172.217.194.0-255,6438,135037,10,178576
8542,0.001557,172.31.36.0-255,66,135103,10,178576
8543,0.001777,172.217.194.0-255,1484,136587,10,178576
8544,0.001782,172.217.194.0-255,2902,139489,10,178576
8545,0.001786,172.31.36.0-255,66,139555,10,178576
8546,0.00179,172.217.194.0-255,1484,141039,10,178576
8547,0.001816,172.217.194.0-255,4320,145359,10,178576
8548,0.001819,172.31.36.0-255,66,145425,10,178576
8549,0.001837,172.31.36.0-255,66,145491,10,178576
8550,0.00184,172.217.194.0-255,1484,146975,10,178576
8551,0.001876,172.31.36.0-255,66,147041,10,178576
8552,0.001878,172.217.194.0-255,766,147807,10,178576
8553,0.001917,172.217.194.0-255,1484,149291,10,178576
8554,0.001921,172.31.36.0-255,66,149357,10,178576
8555,0.001927,172.217.194.0-255,4320,153677,10,178576
8556,0.001929,172.31.36.0-255,66,153743,10,178576
8557,0.001948,172.217.194.0-255,2902,156645,10,178576
8558,0.001951,172.31.36.0-255,66,156711,10,178576
8559,0.001977,172.217.194.0-255,2902,159613,10,178576
8560,0.001981,172.31.36.0-255,66,159679,10,178576
8561,0.001988,172.217.194.0-255,7156,166835,10,178576
8562,0.00199,172.31.36.0-255,66,166901,10,178576
8563,0.00207,172.31.36.0-255,66,166967,10,178576
8564,0.002081,172.31.36.0-255,66,167033,10,178576
8565,0.00211,172.31.36.0-255,66,167099,10,178576
8566,0.002113,172.217.194.0-255,1484,168583,10,178576
8567,0.002126,172.31.36.0-255,66,168649,10,178576
8568,0.002174,172.31.36.0-255,66,168715,10,178576
8569,0.002186,172.31.36.0-255,66,168781,10,178576
8570,0.002198,172.217.194.0-255,5098,173879,10,178576
8571,0.002201,172.31.36.0-255,66,173945,10,178576
8572,0.002204,172.217.194.0-255,105,174050,10,178576
8573,0.007647,172.31.36.0-255,66,174116,10,178576
8574,0.007674,172.31.36.0-255,105,174221,10,178576
8575,0.010213,172.217.194.0-255,66,174287,10,178576
8576,0.028594,172.31.36.0-255,172,174459,10,178576
8577,0.028617,172.31.36.0-255,1114,175573,10,178576
8578,0.028674,172.31.36.0-255,1514,177087,10,178576
8579,0.028676,172.31.36.0-255,1291,178378,10,178576
8580,0.030132,104.244.42.0-255,66,178444,10,178576
8581,0.030345,104.244.42.0-255,66,178510,10,178576
8582,0.030347,104.244.42.0-255,66,178576,10,178576
8583,0.0,74.125.24.0-255,295,295,10,277941
8584,3.4e-05,172.31.36.0-255,66,361,10,277941
8585,4e-05,74.125.24.0-255,1484,1845,10,277941
8586,4.5e-05,172.31.36.0-255,66,1911,10,277941
8587,5.2e-05,74.125.24.0-255,4320,6231,10,277941
8588,5.5e-05,172.31.36.0-255,66,6297,10,277941
8589,6.6e-05,172.31.36.0-255,66,6363,10,277941
8590,7.5e-05,172.31.36.0-255,66,6429,10,277941
8591,0.000112,74.125.24.0-255,6797,13226,10,277941
8592,0.000115,172.31.36.0-255,66,13292,10,277941
8593,0.000156,74.125.24.0-255,2902,16194,10,277941
8594,0.00016,172.31.36.0-255,66,16260,10,277941
8595,0.000165,74.125.24.0-255,4320,20580,10,277941
8596,0.000167,172.31.36.0-255,66,20646,10,277941
8597,0.000172,74.125.24.0-255,2902,23548,10,277941
8598,0.000174,172.31.36.0-255,66,23614,10,277941
8599,0.000198,74.125.24.0-255,5738,29352,10,277941
8600,0.000201,172.31.36.0-255,66,29418,10,277941
8601,0.000243,172.31.36.0-255,66,29484,10,277941
8602,0.00026,74.125.24.0-255,2822,32306,10,277941
8603,0.000263,172.31.36.0-255,66,32372,10,277941
8604,0.000286,74.125.24.0-255,408,32780,10,277941
8605,0.00029,172.31.36.0-255,66,32846,10,277941
8606,0.000539,74.125.24.0-255,1484,34330,10,277941
8607,0.000543,172.31.36.0-255,66,34396,10,277941
8608,0.000549,74.125.24.0-255,2902,37298,10,277941
8609,0.000552,172.31.36.0-255,66,37364,10,277941
8610,0.000559,74.125.24.0-255,5738,43102,10,277941
8611,0.000561,172.31.36.0-255,66,43168,10,277941
8612,0.000594,172.31.36.0-255,66,43234,10,277941
8613,0.000645,172.31.36.0-255,66,43300,10,277941
8614,0.001005,74.125.24.0-255,1484,44784,10,277941
8615,0.00101,74.125.24.0-255,2902,47686,10,277941
8616,0.001016,172.31.36.0-255,66,47752,10,277941
8617,0.00104,74.125.24.0-255,5738,53490,10,277941
8618,0.001043,172.31.36.0-255,66,53556,10,277941
8619,0.001058,74.125.24.0-255,4320,57876,10,277941
8620,0.001061,172.31.36.0-255,66,57942,10,277941
8621,0.001099,172.31.36.0-255,66,58008,10,277941
8622,0.001111,172.31.36.0-255,66,58074,10,277941
8623,0.001229,74.125.24.0-255,1484,59558,10,277941
8624,0.001233,74.125.24.0-255,1484,61042,10,277941
8625,0.001235,172.31.36.0-255,66,61108,10,277941
8626,0.001256,74.125.24.0-255,1484,62592,10,277941
8627,0.001263,74.125.24.0-255,5738,68330,10,277941
8628,0.001265,172.31.36.0-255,66,68396,10,277941
8629,0.001271,74.125.24.0-255,4320,72716,10,277941
8630,0.001274,172.31.36.0-255,66,72782,10,277941
8631,0.001297,172.31.36.0-255,66,72848,10,277941
8632,0.001305,74.125.24.0-255,7156,80004,10,277941
8633,0.001307,172.31.36.0-255,66,80070,10,277941
8634,0.001332,74.125.24.0-255,3602,83672,10,277941
8635,0.001335,172.31.36.0-255,66,83738,10,277941
8636,0.001579,74.125.24.0-255,1484,85222,10,277941
8637,0.001592,74.125.24.0-255,2902,88124,10,277941
8638,0.001598,74.125.24.0-255,4320,92444,10,277941
8639,0.001598,172.31.36.0-255,66,92510,10,277941
8640,0.001602,172.31.36.0-255,66,92576,10,277941
8641,0.001616,74.125.24.0-255,1484,94060,10,277941
8642,0.001669,74.125.24.0-255,7156,101216,10,277941
8643,0.001673,172.31.36.0-255,66,101282,10,277941
8644,0.00169,74.125.24.0-255,5738,107020,10,277941
8645,0.001693,172.31.36.0-255,66,107086,10,277941
8646,0.001705,172.31.36.0-255,66,107152,10,277941
8647,0.001857,74.125.24.0-255,1484,108636,10,277941
8648,0.001862,74.125.24.0-255,2902,111538,10,277941
8649,0.001864,172.31.36.0-255,66,111604,10,277941
8650,0.001872,74.125.24.0-255,5738,117342,10,277941
8651,0.001874,172.31.36.0-255,66,117408,10,277941
8652,0.001928,172.31.36.0-255,66,117474,10,277941
8653,0.001952,172.31.36.0-255,66,117540,10,277941
8654,0.001998,172.31.36.0-255,66,117606,10,277941
8655,0.002001,74.125.24.0-255,1484,119090,10,277941
8656,0.002004,172.31.36.0-255,78,119168,10,277941
8657,0.002039,172.31.36.0-255,66,119234,10,277941
8658,0.003989,74.125.24.0-255,5738,124972,10,277941
8659,0.003996,172.31.36.0-255,66,125038,10,277941
8660,0.006056,74.125.24.0-255,5738,130776,10,277941
8661,0.006063,172.31.36.0-255,66,130842,10,277941
8662,0.008052,74.125.24.0-255,5738,136580,10,277941
8663,0.008058,172.31.36.0-255,66,136646,10,277941
8664,0.00997,74.125.24.0-255,5738,142384,10,277941
8665,0.009976,172.31.36.0-255,66,142450,10,277941
8666,0.011904,74.125.24.0-255,5738,148188,10,277941
8667,0.011915,172.31.36.0-255,66,148254,10,277941
8668,0.01386,74.125.24.0-255,5738,153992,10,277941
8669,0.013868,172.31.36.0-255,66,154058,10,277941
8670,0.015814,74.125.24.0-255,5738,159796,10,277941
8671,0.015825,172.31.36.0-255,66,159862,10,277941
8672,0.01778,74.125.24.0-255,5738,165600,10,277941
8673,0.017789,172.31.36.0-255,66,165666,10,277941
8674,0.01971,74.125.24.0-255,5738,171404,10,277941
8675,0.019716,172.31.36.0-255,66,171470,10,277941
8676,0.021775,74.125.24.0-255,5738,177208,10,277941
8677,0.021782,172.31.36.0-255,66,177274,10,277941
8678,0.02373,74.125.24.0-255,5738,183012,10,277941
8679,0.023739,172.31.36.0-255,66,183078,10,277941
8680,0.025689,74.125.24.0-255,5738,188816,10,277941
8681,0.025697,172.31.36.0-255,66,188882,10,277941
8682,0.026965,172.31.36.0-255,167,189049,10,277941
8683,0.026992,172.31.36.0-255,1113,190162,10,277941
8684,0.027037,172.31.36.0-255,1514,191676,10,277941
8685,0.027039,172.31.36.0-255,1290,192966,10,277941
8686,0.027614,74.125.24.0-255,5738,198704,10,277941
8687,0.027621,172.31.36.0-255,66,198770,10,277941
8688,0.028475,104.244.42.0-255,66,198836,10,277941
8689,0.028525,104.244.42.0-255,66,198902,10,277941
8690,0.028577,104.244.42.0-255,66,198968,10,277941
8691,0.029551,74.125.24.0-255,4320,203288,10,277941
8692,0.029555,172.31.36.0-255,66,203354,10,277941
8693,0.029586,74.125.24.0-255,1484,204838,10,277941
8694,0.031468,74.125.24.0-255,4320,209158,10,277941
8695,0.031474,172.31.36.0-255,66,209224,10,277941
8696,0.033411,74.125.24.0-255,5738,214962,10,277941
8697,0.033417,172.31.36.0-255,66,215028,10,277941
8698,0.035334,74.125.24.0-255,5738,220766,10,277941
8699,0.035339,172.31.36.0-255,66,220832,10,277941
8700,0.037286,74.125.24.0-255,5738,226570,10,277941
8701,0.037291,172.31.36.0-255,66,226636,10,277941
8702,0.039344,74.125.24.0-255,5738,232374,10,277941
8703,0.03935,172.31.36.0-255,66,232440,10,277941
8704,0.041282,74.125.24.0-255,5738,238178,10,277941
8705,0.041289,172.31.36.0-255,66,238244,10,277941
8706,0.043239,74.125.24.0-255,5738,243982,10,277941
8707,0.043245,172.31.36.0-255,66,244048,10,277941
8708,0.045194,74.125.24.0-255,5738,249786,10,277941
8709,0.045199,172.31.36.0-255,66,249852,10,277941
8710,0.04714,74.125.24.0-255,5738,255590,10,277941
8711,0.047145,172.31.36.0-255,66,255656,10,277941
8712,0.049061,74.125.24.0-255,5738,261394,10,277941
8713,0.049067,172.31.36.0-255,66,261460,10,277941
8714,0.050993,74.125.24.0-255,5738,267198,10,277941
8715,0.050998,172.31.36.0-255,66,267264,10,277941
8716,0.052938,74.125.24.0-255,5738,273002,10,277941
8717,0.052943,172.31.36.0-255,66,273068,10,277941
8718,0.054884,74.125.24.0-255,4636,277704,10,277941
8719,0.05489,172.31.36.0-255,66,277770,10,277941
8720,0.055094,172.31.36.0-255,105,277875,10,277941
8721,0.05701,74.125.24.0-255,66,277941,10,277941
8722,0.0,74.125.68.0-255,146,146,10,379607
8723,2.2e-05,172.31.36.0-255,66,212,10,379607
8724,2.9e-05,74.125.68.0-255,1484,1696,10,379607
8725,3.4e-05,172.31.36.0-255,66,1762,10,379607
8726,4e-05,74.125.68.0-255,2902,4664,10,379607
8727,5.1e-05,172.31.36.0-255,66,4730,10,379607
8728,5.9e-05,74.125.68.0-255,7156,11886,10,379607
8729,6.1e-05,172.31.36.0-255,66,11952,10,379607
8730,8.5e-05,74.125.68.0-255,2050,14002,10,379607
8731,8.8e-05,172.31.36.0-255,66,14068,10,379607
8732,9.8e-05,74.125.68.0-255,2902,16970,10,379607
8733,0.0001,172.31.36.0-255,66,17036,10,379607
8734,0.000149,74.125.68.0-255,7156,24192,10,379607
8735,0.000152,172.31.36.0-255,66,24258,10,379607
8736,0.000179,74.125.68.0-255,2902,27160,10,379607
8737,0.000181,172.31.36.0-255,66,27226,10,379607
8738,0.000184,74.125.68.0-255,1484,28710,10,379607
8739,0.000186,172.31.36.0-255,66,28776,10,379607
8740,0.000208,74.125.68.0-255,2543,31319,10,379607
8741,0.000214,172.31.36.0-255,66,31385,10,379607
8742,0.000317,74.125.68.0-255,1484,32869,10,379607
8743,0.000321,172.31.36.0-255,66,32935,10,379607
8744,0.000327,74.125.68.0-255,2902,35837,10,379607
8745,0.00033,172.31.36.0-255,66,35903,10,379607
8746,0.000358,74.125.68.0-255,5738,41641,10,379607
8747,0.000361,172.31.36.0-255,66,41707,10,379607
8748,0.000388,74.125.68.0-255,6797,48504,10,379607
8749,0.000391,172.31.36.0-255,66,48570,10,379607
8750,0.000495,74.125.68.0-255,1484,50054,10,379607
8751,0.000499,172.31.36.0-255,66,50120,10,379607
8752,0.000503,74.125.68.0-255,1484,51604,10,379607
8753,0.000505,172.31.36.0-255,66,51670,10,379607
8754,0.000525,74.125.68.0-255,1484,53154,10,379607
8755,0.000533,74.125.68.0-255,5738,58892,10,379607
8756,0.000556,74.125.68.0-255,2902,61794,10,379607
8757,0.000591,74.125.68.0-255,3961,65755,10,379607
8758,0.000619,74.125.68.0-255,7156,72911,10,379607
8759,0.000633,74.125.68.0-255,1484,74395,10,379607
8760,0.000636,172.31.36.0-255,66,74461,10,379607
8761,0.00068,74.125.68.0-255,2902,77363,10,379607
8762,0.000708,74.125.68.0-255,5379,82742,10,379607
8763,0.000716,172.31.36.0-255,66,82808,10,379607
8764,0.000756,74.125.68.0-255,1484,84292,10,379607
8765,0.00077,74.125.68.0-255,2902,87194,10,379607
8766,0.000779,172.31.36.0-255,66,87260,10,379607
8767,0.00079,74.125.68.0-255,5738,92998,10,379607
8768,0.000808,172.31.36.0-255,66,93064,10,379607
8769,0.000837,74.125.68.0-255,6797,99861,10,379607
8770,0.00085,172.31.36.0-255,66,99927,10,379607
8771,0.001169,74.125.68.0-255,1484,101411,10,379607
8772,0.001184,74.125.68.0-255,2902,104313,10,379607
8773,0.001187,172.31.36.0-255,66,104379,10,379607
8774,0.001216,74.125.68.0-255,5738,110117,10,379607
8775,0.001229,172.31.36.0-255,66,110183,10,379607
8776,0.001251,74.125.68.0-255,5738,115921,10,379607
8777,0.00127,74.125.68.0-255,1111,117032,10,379607
8778,0.001273,172.31.36.0-255,66,117098,10,379607
8779,0.001501,74.125.68.0-255,1484,118582,10,379607
8780,0.001506,172.31.36.0-255,66,118648,10,379607
8781,0.001511,74.125.68.0-255,2902,121550,10,379607
8782,0.001532,74.125.68.0-255,4320,125870,10,379607
8783,0.001537,172.31.36.0-255,66,125936,10,379607
8784,0.001579,172.31.36.0-255,66,126002,10,379607
8785,0.001631,74.125.68.0-255,7156,133158,10,379607
8786,0.001652,172.31.36.0-255,66,133224,10,379607
8787,0.001695,172.31.36.0-255,66,133290,10,379607
8788,0.001901,74.125.68.0-255,1484,134774,10,379607
8789,0.001907,74.125.68.0-255,2902,137676,10,379607
8790,0.001911,172.31.36.0-255,66,137742,10,379607
8791,0.001938,74.125.68.0-255,4320,142062,10,379607
8792,0.001946,172.31.36.0-255,66,142128,10,379607
8793,0.001956,74.125.68.0-255,4320,146448,10,379607
8794,0.001975,74.125.68.0-255,1484,147932,10,379607
8795,0.001977,172.31.36.0-255,66,147998,10,379607
8796,0.002023,172.31.36.0-255,66,148064,10,379607
8797,0.002085,74.125.68.0-255,2902,150966,10,379607
8798,0.002092,172.31.36.0-255,66,151032,10,379607
8799,0.002111,74.125.68.0-255,5020,156052,10,379607
8800,0.00213,172.31.36.0-255,66,156118,10,379607
8801,0.004386,74.125.68.0-255,5738,161856,10,379607
8802,0.004393,172.31.36.0-255,66,161922,10,379607
8803,0.006642,74.125.68.0-255,5738,167660,10,379607
8804,0.00722,172.31.36.0-255,66,167726,10,379607
8805,0.009514,74.125.68.0-255,5738,173464,10,379607
8806,0.009521,172.31.36.0-255,66,173530,10,379607
8807,0.011784,74.125.68.0-255,5738,179268,10,379607
8808,0.011792,172.31.36.0-255,66,179334,10,379607
8809,0.014055,74.125.68.0-255,5738,185072,10,379607
8810,0.01408,172.31.36.0-255,66,185138,10,379607
8811,0.016345,74.125.68.0-255,5738,190876,10,379607
8812,0.016355,172.31.36.0-255,66,190942,10,379607
8813,0.018661,74.125.68.0-255,5738,196680,10,379607
8814,0.018668,172.31.36.0-255,66,196746,10,379607
8815,0.020932,74.125.68.0-255,5738,202484,10,379607
8816,0.02094,172.31.36.0-255,66,202550,10,379607
8817,0.023198,74.125.68.0-255,5738,208288,10,379607
8818,0.023204,172.31.36.0-255,66,208354,10,379607
8819,0.025469,74.125.68.0-255,5738,214092,10,379607
8820,0.025478,172.31.36.0-255,66,214158,10,379607
8821,0.02775,74.125.68.0-255,5738,219896,10,379607
8822,0.027757,172.31.36.0-255,66,219962,10,379607
8823,0.029681,172.31.36.0-255,172,220134,10,379607
8824,0.029714,172.31.36.0-255,1114,221248,10,379607
8825,0.029774,172.31.36.0-255,1514,222762,10,379607
8826,0.029776,172.31.36.0-255,1291,224053,10,379607
8827,0.030009,74.125.68.0-255,4320,228373,10,379607
8828,0.030015,172.31.36.0-255,66,228439,10,379607
8829,0.030045,74.125.68.0-255,1484,229923,10,379607
8830,0.03123,104.244.42.0-255,66,229989,10,379607
8831,0.03127,104.244.42.0-255,66,230055,10,379607
8832,0.031325,104.244.42.0-255,66,230121,10,379607
8833,0.032268,74.125.68.0-255,4320,234441,10,379607
8834,0.032275,172.31.36.0-255,66,234507,10,379607
8835,0.034533,74.125.68.0-255,5738,240245,10,379607
8836,0.034571,172.31.36.0-255,66,240311,10,379607
8837,0.036826,74.125.68.0-255,5738,246049,10,379607
8838,0.036832,172.31.36.0-255,66,246115,10,379607
8839,0.039099,74.125.68.0-255,5738,251853,10,379607
8840,0.039105,172.31.36.0-255,66,251919,10,379607
8841,0.041363,74.125.68.0-255,5738,257657,10,379607
8842,0.04137,172.31.36.0-255,66,257723,10,379607
8843,0.043627,74.125.68.0-255,5738,263461,10,379607
8844,0.043634,172.31.36.0-255,66,263527,10,379607
8845,0.045902,74.125.68.0-255,5738,269265,10,379607
8846,0.045909,172.31.36.0-255,66,269331,10,379607
8847,0.048173,74.125.68.0-255,5738,275069,10,379607
8848,0.048179,172.31.36.0-255,66,275135,10,379607
8849,0.050435,74.125.68.0-255,5738,280873,10,379607
8850,0.050442,172.31.36.0-255,66,280939,10,379607
8851,0.052712,74.125.68.0-255,5738,286677,10,379607
8852,0.052718,172.31.36.0-255,66,286743,10,379607
8853,0.054969,74.125.68.0-255,5738,292481,10,379607
8854,0.054975,172.31.36.0-255,66,292547,10,379607
8855,0.057243,74.125.68.0-255,5738,298285,10,379607
8856,0.057249,172.31.36.0-255,66,298351,10,379607
8857,0.059516,74.125.68.0-255,5738,304089,10,379607
8858,0.059522,172.31.36.0-255,66,304155,10,379607
8859,0.061787,74.125.68.0-255,5738,309893,10,379607
8860,0.061794,172.31.36.0-255,66,309959,10,379607
8861,0.064052,74.125.68.0-255,5738,315697,10,379607
8862,0.06406,172.31.36.0-255,66,315763,10,379607
8863,0.066312,74.125.68.0-255,5738,321501,10,379607
8864,0.066319,172.31.36.0-255,66,321567,10,379607
8865,0.068575,74.125.68.0-255,5738,327305,10,379607
8866,0.068582,172.31.36.0-255,66,327371,10,379607
8867,0.070845,74.125.68.0-255,5738,333109,10,379607
8868,0.070853,172.31.36.0-255,66,333175,10,379607
8869,0.073114,74.125.68.0-255,5738,338913,10,379607
8870,0.073123,172.31.36.0-255,66,338979,10,379607
8871,0.075384,74.125.68.0-255,5738,344717,10,379607
8872,0.07539,172.31.36.0-255,66,344783,10,379607
8873,0.077658,74.125.68.0-255,5738,350521,10,379607
8874,0.077665,172.31.36.0-255,66,350587,10,379607
8875,0.079921,74.125.68.0-255,5738,356325,10,379607
8876,0.079928,172.31.36.0-255,66,356391,10,379607
8877,0.082227,74.125.68.0-255,5738,362129,10,379607
8878,0.082233,172.31.36.0-255,66,362195,10,379607
8879,0.08449,74.125.68.0-255,5738,367933,10,379607
8880,0.084496,172.31.36.0-255,66,367999,10,379607
8881,0.086755,74.125.68.0-255,5738,373737,10,379607
8882,0.086761,172.31.36.0-255,66,373803,10,379607
8883,0.089013,74.125.68.0-255,5738,379541,10,379607
8884,0.089019,172.31.36.0-255,66,379607,10,379607
8885,0.0,172.217.160.0-255,144,144,10,394442
8886,2.4e-05,172.31.36.0-255,66,210,10,394442
8887,3.1e-05,172.217.160.0-255,1484,1694,10,394442
8888,3.6e-05,172.31.36.0-255,66,1760,10,394442
8889,4.2e-05,172.217.160.0-255,2902,4662,10,394442
8890,4.6e-05,172.31.36.0-255,66,4728,10,394442
8891,5.4e-05,172.217.160.0-255,7156,11884,10,394442
8892,5.7e-05,172.31.36.0-255,66,11950,10,394442
8893,6.1e-05,172.217.160.0-255,1975,13925,10,394442
8894,6.4e-05,172.31.36.0-255,66,13991,10,394442
8895,9.6e-05,172.217.160.0-255,1484,15475,10,394442
8896,9.8e-05,172.31.36.0-255,66,15541,10,394442
8897,0.000103,172.217.160.0-255,2902,18443,10,394442
8898,0.000106,172.31.36.0-255,66,18509,10,394442
8899,0.000109,172.217.160.0-255,1484,19993,10,394442
8900,0.000111,172.31.36.0-255,66,20059,10,394442
8901,0.000139,172.217.160.0-255,4320,24379,10,394442
8902,0.000142,172.31.36.0-255,66,24445,10,394442
8903,0.00015,172.217.160.0-255,6797,31242,10,394442
8904,0.000152,172.31.36.0-255,66,31308,10,394442
8905,0.000193,172.217.160.0-255,4320,35628,10,394442
8906,0.000196,172.31.36.0-255,66,35694,10,394442
8907,0.000208,172.217.160.0-255,2902,38596,10,394442
8908,0.00021,172.31.36.0-255,66,38662,10,394442
8909,0.000217,172.217.160.0-255,5738,44400,10,394442
8910,0.00022,172.31.36.0-255,66,44466,10,394442
8911,0.000243,172.217.160.0-255,2902,47368,10,394442
8912,0.000246,172.31.36.0-255,66,47434,10,394442
8913,0.000249,172.217.160.0-255,1125,48559,10,394442
8914,0.000251,172.31.36.0-255,66,48625,10,394442
8915,0.000626,172.217.160.0-255,1484,50109,10,394442
8916,0.000632,172.31.36.0-255,66,50175,10,394442
8917,0.000638,172.217.160.0-255,2902,53077,10,394442
8918,0.000642,172.31.36.0-255,66,53143,10,394442
8919,0.000649,172.217.160.0-255,5738,58881,10,394442
8920,0.000651,172.31.36.0-255,66,58947,10,394442
8921,0.000654,172.217.160.0-255,1484,60431,10,394442
8922,0.000705,172.217.160.0-255,5379,65810,10,394442
8923,0.000718,172.31.36.0-255,66,65876,10,394442
8924,0.000766,172.217.160.0-255,372,66248,10,394442
8925,0.001057,172.31.36.0-255,66,66314,10,394442
8926,0.001144,172.217.160.0-255,1484,67798,10,394442
8927,0.001153,172.217.160.0-255,2902,70700,10,394442
8928,0.001157,172.31.36.0-255,66,70766,10,394442
8929,0.001163,172.217.160.0-255,4320,75086,10,394442
8930,0.001166,172.31.36.0-255,66,75152,10,394442
8931,0.00118,172.217.160.0-255,1484,76636,10,394442
8932,0.001186,172.217.160.0-255,4320,80956,10,394442
8933,0.001188,172.31.36.0-255,66,81022,10,394442
8934,0.001224,172.31.36.0-255,66,81088,10,394442
8935,0.001232,172.217.160.0-255,6522,87610,10,394442
8936,0.001234,172.31.36.0-255,66,87676,10,394442
8937,0.001252,172.217.160.0-255,2902,90578,10,394442
8938,0.001255,172.31.36.0-255,66,90644,10,394442
8939,0.001273,172.217.160.0-255,4320,94964,10,394442
8940,0.001275,172.31.36.0-255,66,95030,10,394442
8941,0.001287,172.31.36.0-255,66,95096,10,394442
8942,0.00137,172.217.160.0-255,1484,96580,10,394442
8943,0.001377,172.217.160.0-255,2902,99482,10,394442
8944,0.00138,172.31.36.0-255,66,99548,10,394442
8945,0.001387,172.217.160.0-255,5738,105286,10,394442
8946,0.001389,172.31.36.0-255,66,105352,10,394442
8947,0.001458,172.217.160.0-255,2902,108254,10,394442
8948,0.001463,172.31.36.0-255,66,108320,10,394442
8949,0.001486,172.217.160.0-255,4084,112404,10,394442
8950,0.00149,172.31.36.0-255,66,112470,10,394442
8951,0.001495,172.217.160.0-255,4320,116790,10,394442
8952,0.001497,172.31.36.0-255,66,116856,10,394442
8953,0.001503,172.217.160.0-255,4320,121176,10,394442
8954,0.001506,172.31.36.0-255,66,121242,10,394442
8955,0.001526,172.217.160.0-255,1484,122726,10,394442
8956,0.001541,172.31.36.0-255,66,122792,10,394442
8957,0.001549,172.217.160.0-255,7156,129948,10,394442
8958,0.001551,172.31.36.0-255,66,130014,10,394442
8959,0.001586,172.217.160.0-255,5600,135614,10,394442
8960,0.001589,172.31.36.0-255,66,135680,10,394442
8961,0.003463,172.217.160.0-255,5738,141418,10,394442
8962,0.003471,172.31.36.0-255,66,141484,10,394442
8963,0.005352,172.217.160.0-255,5738,147222,10,394442
8964,0.005358,172.31.36.0-255,66,147288,10,394442
8965,0.007233,172.217.160.0-255,4320,151608,10,394442
8966,0.007237,172.31.36.0-255,66,151674,10,394442
8967,0.007253,172.217.160.0-255,1484,153158,10,394442
8968,0.009117,172.217.160.0-255,2902,156060,10,394442
8969,0.009125,172.31.36.0-255,66,156126,10,394442
8970,0.009145,172.217.160.0-255,1484,157610,10,394442
8971,0.011005,172.217.160.0-255,4320,161930,10,394442
8972,0.011013,172.31.36.0-255,66,161996,10,394442
8973,0.012895,172.217.160.0-255,5738,167734,10,394442
8974,0.012903,172.31.36.0-255,66,167800,10,394442
8975,0.01479,172.217.160.0-255,5738,173538,10,394442
8976,0.014798,172.31.36.0-255,66,173604,10,394442
8977,0.016678,172.217.160.0-255,5738,179342,10,394442
8978,0.016687,172.31.36.0-255,66,179408,10,394442
8979,0.018563,172.217.160.0-255,5738,185146,10,394442
8980,0.018569,172.31.36.0-255,66,185212,10,394442
8981,0.020465,172.217.160.0-255,5738,190950,10,394442
8982,0.020474,172.31.36.0-255,66,191016,10,394442
8983,0.022359,172.217.160.0-255,5738,196754,10,394442
8984,0.022367,172.31.36.0-255,66,196820,10,394442
8985,0.024247,172.217.160.0-255,5738,202558,10,394442
8986,0.024254,172.31.36.0-255,66,202624,10,394442
8987,0.02614,172.217.160.0-255,5738,208362,10,394442
8988,0.026148,172.31.36.0-255,66,208428,10,394442
8989,0.028039,172.217.160.0-255,5738,214166,10,394442
8990,0.028048,172.31.36.0-255,66,214232,10,394442
8991,0.029932,172.217.160.0-255,5738,219970,10,394442
8992,0.029939,172.31.36.0-255,66,220036,10,394442
8993,0.031652,172.31.36.0-255,172,220208,10,394442
8994,0.031681,172.31.36.0-255,1114,221322,10,394442
8995,0.031741,172.31.36.0-255,1514,222836,10,394442
8996,0.031743,172.31.36.0-255,1514,224350,10,394442
8997,0.031744,172.31.36.0-255,707,225057,10,394442
8998,0.031815,172.217.160.0-255,5738,230795,10,394442
8999,0.03182,172.31.36.0-255,66,230861,10,394442
9000,0.033224,104.244.42.0-255,66,230927,10,394442
9001,0.033252,104.244.42.0-255,66,230993,10,394442
9002,0.033306,104.244.42.0-255,66,231059,10,394442
9003,0.033319,104.244.42.0-255,66,231125,10,394442
9004,0.033721,172.217.160.0-255,5738,236863,10,394442
9005,0.033726,172.31.36.0-255,66,236929,10,394442
9006,0.035618,172.217.160.0-255,5738,242667,10,394442
9007,0.035625,172.31.36.0-255,66,242733,10,394442
9008,0.037525,172.217.160.0-255,5738,248471,10,394442
9009,0.037532,172.31.36.0-255,66,248537,10,394442
9010,0.039408,172.217.160.0-255,5738,254275,10,394442
9011,0.039415,172.31.36.0-255,66,254341,10,394442
9012,0.041314,172.217.160.0-255,5738,260079,10,394442
9013,0.041321,172.31.36.0-255,66,260145,10,394442
9014,0.043196,172.217.160.0-255,5738,265883,10,394442
9015,0.043201,172.31.36.0-255,66,265949,10,394442
9016,0.045089,172.217.160.0-255,5738,271687,10,394442
9017,0.045097,172.31.36.0-255,66,271753,10,394442
9018,0.046974,172.217.160.0-255,5738,277491,10,394442
9019,0.046981,172.31.36.0-255,66,277557,10,394442
9020,0.048903,172.217.160.0-255,5738,283295,10,394442
9021,0.048914,172.31.36.0-255,66,283361,10,394442
9022,0.05081,172.217.160.0-255,5738,289099,10,394442
9023,0.05082,172.31.36.0-255,66,289165,10,394442
9024,0.052708,172.217.160.0-255,5738,294903,10,394442
9025,0.052716,172.31.36.0-255,66,294969,10,394442
9026,0.054602,172.217.160.0-255,5738,300707,10,394442
9027,0.054609,172.31.36.0-255,66,300773,10,394442
9028,0.056486,172.217.160.0-255,5738,306511,10,394442
9029,0.056493,172.31.36.0-255,66,306577,10,394442
9030,0.05838,172.217.160.0-255,5738,312315,10,394442
9031,0.058386,172.31.36.0-255,66,312381,10,394442
9032,0.060268,172.217.160.0-255,5738,318119,10,394442
9033,0.060274,172.31.36.0-255,66,318185,10,394442
9034,0.06215,172.217.160.0-255,5738,323923,10,394442
9035,0.062157,172.31.36.0-255,66,323989,10,394442
9036,0.064038,172.217.160.0-255,5738,329727,10,394442
9037,0.064045,172.31.36.0-255,66,329793,10,394442
9038,0.065935,172.217.160.0-255,5738,335531,10,394442
9039,0.065942,172.31.36.0-255,66,335597,10,394442
9040,0.067833,172.217.160.0-255,5738,341335,10,394442
9041,0.067841,172.31.36.0-255,66,341401,10,394442
9042,0.069724,172.217.160.0-255,5738,347139,10,394442
9043,0.06973,172.31.36.0-255,66,347205,10,394442
9044,0.071613,172.217.160.0-255,5738,352943,10,394442
9045,0.07162,172.31.36.0-255,66,353009,10,394442
9046,0.073501,172.217.160.0-255,5738,358747,10,394442
9047,0.073509,172.31.36.0-255,66,358813,10,394442
9048,0.075392,172.217.160.0-255,5738,364551,10,394442
9049,0.075399,172.31.36.0-255,66,364617,10,394442
9050,0.077278,172.217.160.0-255,4320,368937,10,394442
9051,0.077284,172.31.36.0-255,66,369003,10,394442
9052,0.077301,172.217.160.0-255,1484,370487,10,394442
9053,0.079185,172.217.160.0-255,4320,374807,10,394442
9054,0.079193,172.31.36.0-255,66,374873,10,394442
9055,0.081113,172.217.160.0-255,5738,380611,10,394442
9056,0.081121,172.31.36.0-255,66,380677,10,394442
9057,0.082998,172.217.160.0-255,5738,386415,10,394442
9058,0.083003,172.31.36.0-255,66,386481,10,394442
9059,0.084903,172.217.160.0-255,5738,392219,10,394442
9060,0.084913,172.31.36.0-255,66,392285,10,394442
9061,0.086799,172.217.160.0-255,1920,394205,10,394442
9062,0.086805,172.31.36.0-255,66,394271,10,394442
9063,0.086979,172.31.36.0-255,105,394376,10,394442
9064,0.089002,172.217.160.0-255,66,394442,10,394442
9065,0.0,172.217.27.0-255,152,152,10,388085
9066,2.8e-05,172.31.36.0-255,66,218,10,388085
9067,3.5e-05,172.217.27.0-255,1484,1702,10,388085
9068,4e-05,172.31.36.0-255,66,1768,10,388085
9069,4.4e-05,172.217.27.0-255,2902,4670,10,388085
9070,4.7e-05,172.31.36.0-255,66,4736,10,388085
9071,6.2e-05,172.217.27.0-255,7156,11892,10,388085
9072,6.6e-05,172.31.36.0-255,66,11958,10,388085
9073,7.1e-05,172.217.27.0-255,3471,15429,10,388085
9074,7.4e-05,172.31.36.0-255,66,15495,10,388085
9075,7.9e-05,172.217.27.0-255,4320,19815,10,388085
9076,8.1e-05,172.31.36.0-255,66,19881,10,388085
9077,9.2e-05,172.31.36.0-255,66,19947,10,388085
9078,0.000123,172.217.27.0-255,1484,21431,10,388085
9079,0.000127,172.31.36.0-255,66,21497,10,388085
9080,0.00013,172.217.27.0-255,1125,22622,10,388085
9081,0.000132,172.31.36.0-255,66,22688,10,388085
9082,0.000226,172.217.27.0-255,1484,24172,10,388085
9083,0.000232,172.31.36.0-255,66,24238,10,388085
9084,0.000238,172.217.27.0-255,2902,27140,10,388085
9085,0.00024,172.31.36.0-255,66,27206,10,388085
9086,0.000252,172.217.27.0-255,5738,32944,10,388085
9087,0.000254,172.31.36.0-255,66,33010,10,388085
9088,0.000258,172.217.27.0-255,1484,34494,10,388085
9089,0.00026,172.31.36.0-255,66,34560,10,388085
9090,0.000306,172.217.27.0-255,5379,39939,10,388085
9091,0.000311,172.31.36.0-255,66,40005,10,388085
9092,0.000319,172.217.27.0-255,7156,47161,10,388085
9093,0.000321,172.31.36.0-255,66,47227,10,388085
9094,0.000332,172.31.36.0-255,66,47293,10,388085
9095,0.00036,172.217.27.0-255,1432,48725,10,388085
9096,0.000634,172.217.27.0-255,116,48841,10,388085
9097,0.000806,172.217.27.0-255,1484,50325,10,388085
9098,0.000811,172.31.36.0-255,66,50391,10,388085
9099,0.000817,172.217.27.0-255,2902,53293,10,388085
9100,0.000819,172.31.36.0-255,66,53359,10,388085
9101,0.000825,172.217.27.0-255,4320,57679,10,388085
9102,0.000833,172.31.36.0-255,66,57745,10,388085
9103,0.00084,172.217.27.0-255,5738,63483,10,388085
9104,0.000842,172.31.36.0-255,66,63549,10,388085
9105,0.000882,172.31.36.0-255,66,63615,10,388085
9106,0.000914,172.217.27.0-255,2543,66158,10,388085
9107,0.000917,172.31.36.0-255,66,66224,10,388085
9108,0.000925,172.217.27.0-255,6480,72704,10,388085
9109,0.000928,172.31.36.0-255,66,72770,10,388085
9110,0.001021,172.217.27.0-255,1484,74254,10,388085
9111,0.001027,172.217.27.0-255,2902,77156,10,388085
9112,0.001031,172.31.36.0-255,66,77222,10,388085
9113,0.001085,172.217.27.0-255,5738,82960,10,388085
9114,0.001096,172.31.36.0-255,66,83026,10,388085
9115,0.001101,172.217.27.0-255,7156,90182,10,388085
9116,0.001101,172.31.36.0-255,66,90248,10,388085
9117,0.001104,172.31.36.0-255,66,90314,10,388085
9118,0.00114,172.217.27.0-255,3602,93916,10,388085
9119,0.001143,172.31.36.0-255,66,93982,10,388085
9120,0.00276,172.217.27.0-255,1484,95466,10,388085
9121,0.002793,172.217.27.0-255,4320,99786,10,388085
9122,0.002798,172.31.36.0-255,66,99852,10,388085
9123,0.004455,172.217.27.0-255,2902,102754,10,388085
9124,0.004458,172.31.36.0-255,66,102820,10,388085
9125,0.004487,172.217.27.0-255,2902,105722,10,388085
9126,0.004489,172.31.36.0-255,66,105788,10,388085
9127,0.006135,172.217.27.0-255,4320,110108,10,388085
9128,0.006142,172.31.36.0-255,66,110174,10,388085
9129,0.00617,172.217.27.0-255,1484,111658,10,388085
9130,0.007803,172.217.27.0-255,4320,115978,10,388085
9131,0.007811,172.31.36.0-255,66,116044,10,388085
9132,0.009486,172.217.27.0-255,5738,121782,10,388085
9133,0.009495,172.31.36.0-255,66,121848,10,388085
9134,0.011166,172.217.27.0-255,5738,127586,10,388085
9135,0.011172,172.31.36.0-255,66,127652,10,388085
9136,0.01284,172.217.27.0-255,5738,133390,10,388085
9137,0.012849,172.31.36.0-255,66,133456,10,388085
9138,0.014519,172.217.27.0-255,5738,139194,10,388085
9139,0.014525,172.31.36.0-255,66,139260,10,388085
9140,0.016196,172.217.27.0-255,5738,144998,10,388085
9141,0.0162,172.31.36.0-255,66,145064,10,388085
9142,0.017886,172.217.27.0-255,5738,150802,10,388085
9143,0.017893,172.31.36.0-255,66,150868,10,388085
9144,0.019577,172.217.27.0-255,5738,156606,10,388085
9145,0.019587,172.31.36.0-255,66,156672,10,388085
9146,0.021273,172.217.27.0-255,5738,162410,10,388085
9147,0.021283,172.31.36.0-255,66,162476,10,388085
9148,0.022966,172.217.27.0-255,5738,168214,10,388085
9149,0.022975,172.31.36.0-255,66,168280,10,388085
9150,0.024651,172.217.27.0-255,5738,174018,10,388085
9151,0.024658,172.31.36.0-255,66,174084,10,388085
9152,0.02633,172.217.27.0-255,5738,179822,10,388085
9153,0.026338,172.31.36.0-255,66,179888,10,388085
9154,0.028011,172.217.27.0-255,5738,185626,10,388085
9155,0.028022,172.31.36.0-255,66,185692,10,388085
9156,0.029689,172.217.27.0-255,5738,191430,10,388085
9157,0.029697,172.31.36.0-255,66,191496,10,388085
9158,0.030907,172.31.36.0-255,172,191668,10,388085
9159,0.030936,172.31.36.0-255,1113,192781,10,388085
9160,0.031001,172.31.36.0-255,1514,194295,10,388085
9161,0.031003,172.31.36.0-255,1514,195809,10,388085
9162,0.031005,172.31.36.0-255,1514,197323,10,388085
9163,0.03103,172.31.36.0-255,1070,198393,10,388085
9164,0.031365,172.217.27.0-255,5738,204131,10,388085
9165,0.031371,172.31.36.0-255,66,204197,10,388085
9166,0.03247,104.244.42.0-255,66,204263,10,388085
9167,0.032641,104.244.42.0-255,66,204329,10,388085
9168,0.032661,104.244.42.0-255,66,204395,10,388085
9169,0.032673,104.244.42.0-255,66,204461,10,388085
9170,0.033038,172.217.27.0-255,5738,210199,10,388085
9171,0.033043,172.31.36.0-255,66,210265,10,388085
9172,0.034723,172.217.27.0-255,5738,216003,10,388085
9173,0.03473,172.31.36.0-255,66,216069,10,388085
9174,0.036416,172.217.27.0-255,5738,221807,10,388085
9175,0.036423,172.31.36.0-255,66,221873,10,388085
9176,0.038132,172.217.27.0-255,5738,227611,10,388085
9177,0.03814,172.31.36.0-255,66,227677,10,388085
9178,0.039802,172.217.27.0-255,5738,233415,10,388085
9179,0.039808,172.31.36.0-255,66,233481,10,388085
9180,0.041476,172.217.27.0-255,5738,239219,10,388085
9181,0.041483,172.31.36.0-255,66,239285,10,388085
9182,0.043165,172.217.27.0-255,5738,245023,10,388085
9183,0.043171,172.31.36.0-255,66,245089,10,388085
9184,0.044851,172.217.27.0-255,5738,250827,10,388085
9185,0.044858,172.31.36.0-255,66,250893,10,388085
9186,0.046569,172.217.27.0-255,5738,256631,10,388085
9187,0.046579,172.31.36.0-255,66,256697,10,388085
9188,0.048266,172.217.27.0-255,5738,262435,10,388085
9189,0.048272,172.31.36.0-255,66,262501,10,388085
9190,0.049951,172.217.27.0-255,5738,268239,10,388085
9191,0.049959,172.31.36.0-255,66,268305,10,388085
9192,0.051637,172.217.27.0-255,5738,274043,10,388085
9193,0.051643,172.31.36.0-255,66,274109,10,388085
9194,0.053319,172.217.27.0-255,5738,279847,10,388085
9195,0.053327,172.31.36.0-255,66,279913,10,388085
9196,0.055,172.217.27.0-255,5738,285651,10,388085
9197,0.055006,172.31.36.0-255,66,285717,10,388085
9198,0.056685,172.217.27.0-255,5738,291455,10,388085
9199,0.056692,172.31.36.0-255,66,291521,10,388085
9200,0.05837,172.217.27.0-255,5738,297259,10,388085
9201,0.058377,172.31.36.0-255,66,297325,10,388085
9202,0.060056,172.217.27.0-255,5738,303063,10,388085
9203,0.060063,172.31.36.0-255,66,303129,10,388085
9204,0.061746,172.217.27.0-255,5738,308867,10,388085
9205,0.061753,172.31.36.0-255,66,308933,10,388085
9206,0.063427,172.217.27.0-255,5738,314671,10,388085
9207,0.063436,172.31.36.0-255,66,314737,10,388085
9208,0.065101,172.217.27.0-255,5738,320475,10,388085
9209,0.065111,172.31.36.0-255,66,320541,10,388085
9210,0.066784,172.217.27.0-255,5738,326279,10,388085
9211,0.066793,172.31.36.0-255,66,326345,10,388085
9212,0.068477,172.217.27.0-255,5738,332083,10,388085
9213,0.068486,172.31.36.0-255,66,332149,10,388085
9214,0.070173,172.217.27.0-255,5738,337887,10,388085
9215,0.070181,172.31.36.0-255,66,337953,10,388085
9216,0.071856,172.217.27.0-255,5738,343691,10,388085
9217,0.071863,172.31.36.0-255,66,343757,10,388085
9218,0.073535,172.217.27.0-255,5738,349495,10,388085
9219,0.073542,172.31.36.0-255,66,349561,10,388085
9220,0.07524,172.217.27.0-255,5738,355299,10,388085
9221,0.075247,172.31.36.0-255,66,355365,10,388085
9222,0.076927,172.217.27.0-255,5738,361103,10,388085
9223,0.076933,172.31.36.0-255,66,361169,10,388085
9224,0.078613,172.217.27.0-255,5738,366907,10,388085
9225,0.07862,172.31.36.0-255,66,366973,10,388085
9226,0.080297,172.217.27.0-255,5738,372711,10,388085
9227,0.080304,172.31.36.0-255,66,372777,10,388085
9228,0.081991,172.217.27.0-255,5738,378515,10,388085
9229,0.081998,172.31.36.0-255,66,378581,10,388085
9230,0.08368,172.217.27.0-255,5738,384319,10,388085
9231,0.083688,172.31.36.0-255,66,384385,10,388085
9232,0.085354,172.217.27.0-255,3463,387848,10,388085
9233,0.085361,172.31.36.0-255,66,387914,10,388085
9234,0.085547,172.31.36.0-255,105,388019,10,388085
9235,0.087184,172.217.27.0-255,66,388085,10,388085
9236,0.0,74.125.68.0-255,152,152,10,283573
9237,1.8e-05,172.31.36.0-255,66,218,10,283573
9238,2.4e-05,74.125.68.0-255,1484,1702,10,283573
9239,2.9e-05,172.31.36.0-255,66,1768,10,283573
9240,3.5e-05,74.125.68.0-255,2902,4670,10,283573
9241,3.8e-05,172.31.36.0-255,66,4736,10,283573
9242,4.5e-05,74.125.68.0-255,7156,11892,10,283573
9243,4.9e-05,172.31.36.0-255,66,11958,10,283573
9244,5.3e-05,74.125.68.0-255,2085,14043,10,283573
9245,5.6e-05,172.31.36.0-255,66,14109,10,283573
9246,0.000117,74.125.68.0-255,1484,15593,10,283573
9247,0.00012,172.31.36.0-255,66,15659,10,283573
9248,0.000126,74.125.68.0-255,2902,18561,10,283573
9249,0.000128,172.31.36.0-255,66,18627,10,283573
9250,0.000149,74.125.68.0-255,5738,24365,10,283573
9251,0.000152,172.31.36.0-255,66,24431,10,283573
9252,0.000171,74.125.68.0-255,2902,27333,10,283573
9253,0.000173,172.31.36.0-255,66,27399,10,283573
9254,0.00022,74.125.68.0-255,3961,31360,10,283573
9255,0.000223,172.31.36.0-255,66,31426,10,283573
9256,0.00038,74.125.68.0-255,1484,32910,10,283573
9257,0.000385,172.31.36.0-255,66,32976,10,283573
9258,0.000392,74.125.68.0-255,2902,35878,10,283573
9259,0.000395,172.31.36.0-255,66,35944,10,283573
9260,0.000425,74.125.68.0-255,5738,41682,10,283573
9261,0.000427,172.31.36.0-255,66,41748,10,283573
9262,0.000435,74.125.68.0-255,6797,48545,10,283573
9263,0.000437,172.31.36.0-255,66,48611,10,283573
9264,0.000472,74.125.68.0-255,2902,51513,10,283573
9265,0.000475,172.31.36.0-255,66,51579,10,283573
9266,0.000514,74.125.68.0-255,4320,55899,10,283573
9267,0.000518,172.31.36.0-255,66,55965,10,283573
9268,0.000566,74.125.68.0-255,1463,57428,10,283573
9269,0.00092,74.125.68.0-255,347,57775,10,283573
9270,0.000945,172.31.36.0-255,66,57841,10,283573
9271,0.001099,74.125.68.0-255,1484,59325,10,283573
9272,0.001104,74.125.68.0-255,1484,60809,10,283573
9273,0.001123,74.125.68.0-255,1484,62293,10,283573
9274,0.001126,74.125.68.0-255,1484,63777,10,283573
9275,0.001129,74.125.68.0-255,1484,65261,10,283573
9276,0.001148,74.125.68.0-255,4320,69581,10,283573
9277,0.001169,74.125.68.0-255,2902,72483,10,283573
9278,0.001225,74.125.68.0-255,7156,79639,10,283573
9279,0.001233,172.31.36.0-255,66,79705,10,283573
9280,0.001243,74.125.68.0-255,2184,81889,10,283573
9281,0.00125,172.31.36.0-255,66,81955,10,283573
9282,0.00383,74.125.68.0-255,5738,87693,10,283573
9283,0.003841,172.31.36.0-255,66,87759,10,283573
9284,0.006421,74.125.68.0-255,5738,93497,10,283573
9285,0.00643,172.31.36.0-255,66,93563,10,283573
9286,0.009008,74.125.68.0-255,5738,99301,10,283573
9287,0.009017,172.31.36.0-255,66,99367,10,283573
9288,0.011598,74.125.68.0-255,5738,105105,10,283573
9289,0.011608,172.31.36.0-255,66,105171,10,283573
9290,0.014182,74.125.68.0-255,5738,110909,10,283573
9291,0.014191,172.31.36.0-255,66,110975,10,283573
9292,0.016764,74.125.68.0-255,5738,116713,10,283573
9293,0.016771,172.31.36.0-255,66,116779,10,283573
9294,0.019348,74.125.68.0-255,5738,122517,10,283573
9295,0.019357,172.31.36.0-255,66,122583,10,283573
9296,0.021935,74.125.68.0-255,5738,128321,10,283573
9297,0.021947,172.31.36.0-255,66,128387,10,283573
9298,0.024524,74.125.68.0-255,5738,134125,10,283573
9299,0.024533,172.31.36.0-255,66,134191,10,283573
9300,0.027114,74.125.68.0-255,5738,139929,10,283573
9301,0.027125,172.31.36.0-255,66,139995,10,283573
9302,0.029698,74.125.68.0-255,5738,145733,10,283573
9303,0.029707,172.31.36.0-255,66,145799,10,283573
9304,0.032288,74.125.68.0-255,5738,151537,10,283573
9305,0.032297,172.31.36.0-255,66,151603,10,283573
9306,0.033424,172.31.36.0-255,167,151770,10,283573
9307,0.033457,172.31.36.0-255,1112,152882,10,283573
9308,0.033518,172.31.36.0-255,1514,154396,10,283573
9309,0.03352,172.31.36.0-255,1291,155687,10,283573
9310,0.034898,74.125.68.0-255,5738,161425,10,283573
9311,0.034908,172.31.36.0-255,66,161491,10,283573
9312,0.034966,104.244.42.0-255,66,161557,10,283573
9313,0.035017,104.244.42.0-255,66,161623,10,283573
9314,0.035057,104.244.42.0-255,66,161689,10,283573
9315,0.037494,74.125.68.0-255,5738,167427,10,283573
9316,0.037502,172.31.36.0-255,66,167493,10,283573
9317,0.040099,74.125.68.0-255,5738,173231,10,283573
9318,0.040109,172.31.36.0-255,66,173297,10,283573
9319,0.042696,74.125.68.0-255,5738,179035,10,283573
9320,0.042703,172.31.36.0-255,66,179101,10,283573
9321,0.04529,74.125.68.0-255,5738,184839,10,283573
9322,0.045297,172.31.36.0-255,66,184905,10,283573
9323,0.047893,74.125.68.0-255,5738,190643,10,283573
9324,0.047899,172.31.36.0-255,66,190709,10,283573
9325,0.050529,74.125.68.0-255,5738,196447,10,283573
9326,0.050535,172.31.36.0-255,66,196513,10,283573
9327,0.053119,74.125.68.0-255,5738,202251,10,283573
9328,0.053127,172.31.36.0-255,66,202317,10,283573
9329,0.05572,74.125.68.0-255,5738,208055,10,283573
9330,0.055729,172.31.36.0-255,66,208121,10,283573
9331,0.058326,74.125.68.0-255,5738,213859,10,283573
9332,0.058334,172.31.36.0-255,66,213925,10,283573
9333,0.060927,74.125.68.0-255,5738,219663,10,283573
9334,0.060934,172.31.36.0-255,66,219729,10,283573
9335,0.063527,74.125.68.0-255,5738,225467,10,283573
9336,0.063533,172.31.36.0-255,66,225533,10,283573
9337,0.066148,74.125.68.0-255,5738,231271,10,283573
9338,0.066155,172.31.36.0-255,66,231337,10,283573
9339,0.068765,74.125.68.0-255,5738,237075,10,283573
9340,0.068772,172.31.36.0-255,66,237141,10,283573
9341,0.071373,74.125.68.0-255,5738,242879,10,283573
9342,0.071381,172.31.36.0-255,66,242945,10,283573
9343,0.073971,74.125.68.0-255,5738,248683,10,283573
9344,0.073978,172.31.36.0-255,66,248749,10,283573
9345,0.076569,74.125.68.0-255,5738,254487,10,283573
9346,0.076576,172.31.36.0-255,66,254553,10,283573
9347,0.079165,74.125.68.0-255,5738,260291,10,283573
9348,0.079172,172.31.36.0-255,66,260357,10,283573
9349,0.081762,74.125.68.0-255,5738,266095,10,283573
9350,0.081768,172.31.36.0-255,66,266161,10,283573
9351,0.08435,74.125.68.0-255,5738,271899,10,283573
9352,0.084355,172.31.36.0-255,66,271965,10,283573
9353,0.086937,74.125.68.0-255,5738,277703,10,283573
9354,0.086944,172.31.36.0-255,66,277769,10,283573
9355,0.089531,74.125.68.0-255,5738,283507,10,283573
9356,0.089539,172.31.36.0-255,66,283573,10,283573
9357,0.0,172.217.194.0-255,298,298,10,194908
9358,3.1e-05,172.31.36.0-255,66,364,10,194908
9359,4e-05,172.217.194.0-255,1484,1848,10,194908
9360,4.3e-05,172.31.36.0-255,66,1914,10,194908
9361,4.9e-05,172.217.194.0-255,4320,6234,10,194908
9362,5.2e-05,172.31.36.0-255,66,6300,10,194908
9363,6.2e-05,172.31.36.0-255,66,6366,10,194908
9364,0.000102,172.31.36.0-255,66,6432,10,194908
9365,0.000106,172.217.194.0-255,2902,9334,10,194908
9366,0.000108,172.31.36.0-255,66,9400,10,194908
9367,0.000123,172.217.194.0-255,5738,15138,10,194908
9368,0.000126,172.31.36.0-255,66,15204,10,194908
9369,0.000148,172.31.36.0-255,66,15270,10,194908
9370,0.000174,172.217.194.0-255,2184,17454,10,194908
9371,0.000176,172.31.36.0-255,66,17520,10,194908
9372,0.000182,172.217.194.0-255,2902,20422,10,194908
9373,0.000186,172.31.36.0-255,66,20488,10,194908
9374,0.00019,172.217.194.0-255,4320,24808,10,194908
9375,0.000193,172.31.36.0-255,66,24874,10,194908
9376,0.000217,172.217.194.0-255,1484,26358,10,194908
9377,0.00022,172.31.36.0-255,66,26424,10,194908
9378,0.000253,172.217.194.0-255,7156,33580,10,194908
9379,0.000256,172.31.36.0-255,66,33646,10,194908
9380,0.000272,172.217.194.0-255,1377,35023,10,194908
9381,0.000274,172.31.36.0-255,66,35089,10,194908
9382,0.000529,172.217.194.0-255,117,35206,10,194908
9383,0.000533,172.31.36.0-255,66,35272,10,194908
9384,0.000658,172.217.194.0-255,1484,36756,10,194908
9385,0.000663,172.31.36.0-255,66,36822,10,194908
9386,0.000667,172.217.194.0-255,1484,38306,10,194908
9387,0.000682,172.217.194.0-255,1484,39790,10,194908
9388,0.000685,172.31.36.0-255,66,39856,10,194908
9389,0.000691,172.217.194.0-255,4320,44176,10,194908
9390,0.000694,172.31.36.0-255,66,44242,10,194908
9391,0.000697,172.217.194.0-255,1484,45726,10,194908
9392,0.000721,172.217.194.0-255,7156,52882,10,194908
9393,0.000724,172.31.36.0-255,66,52948,10,194908
9394,0.000747,172.217.194.0-255,7156,60104,10,194908
9395,0.00075,172.31.36.0-255,66,60170,10,194908
9396,0.00077,172.31.36.0-255,66,60236,10,194908
9397,0.001148,172.217.194.0-255,1484,61720,10,194908
9398,0.001158,172.217.194.0-255,2902,64622,10,194908
9399,0.001161,172.31.36.0-255,66,64688,10,194908
9400,0.001167,172.217.194.0-255,5738,70426,10,194908
9401,0.00117,172.31.36.0-255,66,70492,10,194908
9402,0.001205,172.217.194.0-255,7156,77648,10,194908
9403,0.001209,172.31.36.0-255,66,77714,10,194908
9404,0.001238,172.217.194.0-255,5738,83452,10,194908
9405,0.001241,172.31.36.0-255,66,83518,10,194908
9406,0.001253,172.31.36.0-255,66,83584,10,194908
9407,0.00155,172.217.194.0-255,1484,85068,10,194908
9408,0.001558,172.217.194.0-255,2902,87970,10,194908
9409,0.001562,172.31.36.0-255,66,88036,10,194908
9410,0.001569,172.217.194.0-255,5738,93774,10,194908
9411,0.001571,172.31.36.0-255,66,93840,10,194908
9412,0.001574,172.217.194.0-255,1484,95324,10,194908
9413,0.001596,172.217.194.0-255,5738,101062,10,194908
9414,0.001599,172.31.36.0-255,66,101128,10,194908
9415,0.001617,172.217.194.0-255,2902,104030,10,194908
9416,0.001619,172.31.36.0-255,66,104096,10,194908
9417,0.001652,172.31.36.0-255,66,104162,10,194908
9418,0.001659,172.217.194.0-255,6438,110600,10,194908
9419,0.001662,172.31.36.0-255,66,110666,10,194908
9420,0.00171,172.31.36.0-255,66,110732,10,194908
9421,0.001718,172.217.194.0-255,6438,117170,10,194908
9422,0.00172,172.31.36.0-255,66,117236,10,194908
9423,0.00175,172.217.194.0-255,7156,124392,10,194908
9424,0.001753,172.31.36.0-255,66,124458,10,194908
9425,0.001781,172.31.36.0-255,66,124524,10,194908
9426,0.001785,172.217.194.0-255,2902,127426,10,194908
9427,0.001788,172.31.36.0-255,66,127492,10,194908
9428,0.001815,172.31.36.0-255,66,127558,10,194908
9429,0.001818,172.217.194.0-255,766,128324,10,194908
9430,0.001839,172.217.194.0-255,2902,131226,10,194908
9431,0.001842,172.31.36.0-255,66,131292,10,194908
9432,0.001879,172.31.36.0-255,66,131358,10,194908
9433,0.001893,172.31.36.0-255,66,131424,10,194908
9434,0.001925,172.31.36.0-255,66,131490,10,194908
9435,0.001928,172.217.194.0-255,1484,132974,10,194908
9436,0.001955,172.31.36.0-255,66,133040,10,194908
9437,0.001965,172.31.36.0-255,66,133106,10,194908
9438,0.002017,172.217.194.0-255,3602,136708,10,194908
9439,0.002019,172.31.36.0-255,66,136774,10,194908
9440,0.002078,172.217.194.0-255,1484,138258,10,194908
9441,0.00209,172.217.194.0-255,2902,141160,10,194908
9442,0.002093,172.31.36.0-255,66,141226,10,194908
9443,0.002114,172.217.194.0-255,5738,146964,10,194908
9444,0.002116,172.31.36.0-255,66,147030,10,194908
9445,0.002144,172.31.36.0-255,66,147096,10,194908
9446,0.00216,172.217.194.0-255,2902,149998,10,194908
9447,0.002162,172.31.36.0-255,66,150064,10,194908
9448,0.00219,172.31.36.0-255,66,150130,10,194908
9449,0.002218,172.217.194.0-255,4320,154450,10,194908
9450,0.002221,172.31.36.0-255,66,154516,10,194908
9451,0.002248,172.31.36.0-255,66,154582,10,194908
9452,0.00226,172.31.36.0-255,66,154648,10,194908
9453,0.002279,172.217.194.0-255,4320,158968,10,194908
9454,0.002281,172.31.36.0-255,66,159034,10,194908
9455,0.002306,172.217.194.0-255,6438,165472,10,194908
9456,0.002309,172.31.36.0-255,66,165538,10,194908
9457,0.002315,172.217.194.0-255,5738,171276,10,194908
9458,0.002317,172.31.36.0-255,66,171342,10,194908
9459,0.002353,172.31.36.0-255,66,171408,10,194908
9460,0.00236,172.217.194.0-255,6438,177846,10,194908
9461,0.002362,172.31.36.0-255,66,177912,10,194908
9462,0.002383,172.217.194.0-255,1484,179396,10,194908
9463,0.002395,172.217.194.0-255,2902,182298,10,194908
9464,0.002398,172.31.36.0-255,66,182364,10,194908
9465,0.002428,172.217.194.0-255,5738,188102,10,194908
9466,0.002431,172.31.36.0-255,66,188168,10,194908
9467,0.002434,172.217.194.0-255,1953,190121,10,194908
9468,0.002436,172.31.36.0-255,66,190187,10,194908
9469,0.002462,172.217.194.0-255,97,190284,10,194908
9470,0.002495,172.217.194.0-255,105,190389,10,194908
9471,0.00682,172.31.36.0-255,66,190455,10,194908
9472,0.006848,172.31.36.0-255,105,190560,10,194908
9473,0.009368,172.217.194.0-255,66,190626,10,194908
9474,0.029648,172.31.36.0-255,167,190793,10,194908
9475,0.029676,172.31.36.0-255,1113,191906,10,194908
9476,0.02972,172.31.36.0-255,1514,193420,10,194908
9477,0.029722,172.31.36.0-255,1290,194710,10,194908
9478,0.03122,104.244.42.0-255,66,194776,10,194908
9479,0.031261,104.244.42.0-255,66,194842,10,194908
9480,0.031304,104.244.42.0-255,66,194908,10,194908
9481,0.0,74.125.24.0-255,152,152,10,286181
9482,1.6e-05,172.31.36.0-255,66,218,10,286181
9483,2.3e-05,74.125.24.0-255,1484,1702,10,286181
9484,2.8e-05,172.31.36.0-255,66,1768,10,286181
9485,3.4e-05,74.125.24.0-255,2902,4670,10,286181
9486,3.8e-05,172.31.36.0-255,66,4736,10,286181
9487,4.5e-05,74.125.24.0-255,7156,11892,10,286181
9488,4.8e-05,172.31.36.0-255,66,11958,10,286181
9489,8.6e-05,74.125.24.0-255,5738,17696,10,286181
9490,9e-05,172.31.36.0-255,66,17762,10,286181
9491,0.000122,172.31.36.0-255,66,17828,10,286181
9492,0.000127,74.125.24.0-255,2543,20371,10,286181
9493,0.000129,172.31.36.0-255,66,20437,10,286181
9494,0.000133,74.125.24.0-255,2902,23339,10,286181
9495,0.000137,172.31.36.0-255,66,23405,10,286181
9496,0.000142,74.125.24.0-255,2902,26307,10,286181
9497,0.000144,172.31.36.0-255,66,26373,10,286181
9498,0.00017,74.125.24.0-255,4320,30693,10,286181
9499,0.000172,172.31.36.0-255,66,30759,10,286181
9500,0.000178,74.125.24.0-255,4320,35079,10,286181
9501,0.000179,172.31.36.0-255,66,35145,10,286181
9502,0.000205,74.125.24.0-255,2543,37688,10,286181
9503,0.000209,172.31.36.0-255,66,37754,10,286181
9504,0.000303,74.125.24.0-255,1484,39238,10,286181
9505,0.000307,172.31.36.0-255,66,39304,10,286181
9506,0.000312,74.125.24.0-255,2902,42206,10,286181
9507,0.000315,172.31.36.0-255,66,42272,10,286181
9508,0.000321,74.125.24.0-255,5738,48010,10,286181
9509,0.000324,172.31.36.0-255,66,48076,10,286181
9510,0.000355,74.125.24.0-255,6797,54873,10,286181
9511,0.000358,172.31.36.0-255,66,54939,10,286181
9512,0.000361,74.125.24.0-255,648,55587,10,286181
9513,0.00044,74.125.24.0-255,1484,57071,10,286181
9514,0.000443,172.31.36.0-255,66,57137,10,286181
9515,0.000449,74.125.24.0-255,2902,60039,10,286181
9516,0.000451,172.31.36.0-255,66,60105,10,286181
9517,0.000481,74.125.24.0-255,5738,65843,10,286181
9518,0.000483,172.31.36.0-255,66,65909,10,286181
9519,0.000487,74.125.24.0-255,1484,67393,10,286181
9520,0.000517,172.31.36.0-255,66,67459,10,286181
9521,0.000521,74.125.24.0-255,2902,70361,10,286181
9522,0.000524,172.31.36.0-255,66,70427,10,286181
9523,0.00055,172.31.36.0-255,66,70493,10,286181
9524,0.000571,74.125.24.0-255,1484,71977,10,286181
9525,0.000595,74.125.24.0-255,5738,77715,10,286181
9526,0.000598,172.31.36.0-255,66,77781,10,286181
9527,0.000609,172.31.36.0-255,66,77847,10,286181
9528,0.000612,74.125.24.0-255,1011,78858,10,286181
9529,0.000828,74.125.24.0-255,211,79069,10,286181
9530,0.001091,74.125.24.0-255,1484,80553,10,286181
9531,0.001098,74.125.24.0-255,2902,83455,10,286181
9532,0.001103,172.31.36.0-255,66,83521,10,286181
9533,0.001107,172.31.36.0-255,66,83587,10,286181
9534,0.001114,74.125.24.0-255,1484,85071,10,286181
9535,0.00114,74.125.24.0-255,4320,89391,10,286181
9536,0.001143,172.31.36.0-255,66,89457,10,286181
9537,0.00115,74.125.24.0-255,5738,95195,10,286181
9538,0.001152,172.31.36.0-255,66,95261,10,286181
9539,0.001158,74.125.24.0-255,4320,99581,10,286181
9540,0.00116,172.31.36.0-255,66,99647,10,286181
9541,0.001199,172.31.36.0-255,66,99713,10,286181
9542,0.001207,74.125.24.0-255,5020,104733,10,286181
9543,0.001209,172.31.36.0-255,66,104799,10,286181
9544,0.001225,74.125.24.0-255,1484,106283,10,286181
9545,0.001248,74.125.24.0-255,2902,109185,10,286181
9546,0.001251,172.31.36.0-255,66,109251,10,286181
9547,0.001258,74.125.24.0-255,5738,114989,10,286181
9548,0.00126,172.31.36.0-255,66,115055,10,286181
9549,0.001294,172.31.36.0-255,66,115121,10,286181
9550,0.001312,74.125.24.0-255,2902,118023,10,286181
9551,0.001315,172.31.36.0-255,66,118089,10,286181
9552,0.001332,74.125.24.0-255,5738,123827,10,286181
9553,0.001334,172.31.36.0-255,66,123893,10,286181
9554,0.001349,74.125.24.0-255,5020,128913,10,286181
9555,0.001351,172.31.36.0-255,66,128979,10,286181
9556,0.001425,74.125.24.0-255,1484,130463,10,286181
9557,0.001444,74.125.24.0-255,2902,133365,10,286181
9558,0.001447,172.31.36.0-255,66,133431,10,286181
9559,0.001455,74.125.24.0-255,5738,139169,10,286181
9560,0.001457,172.31.36.0-255,66,139235,10,286181
9561,0.001494,172.31.36.0-255,66,139301,10,286181
9562,0.001501,74.125.24.0-255,7156,146457,10,286181
9563,0.001515,172.31.36.0-255,66,146523,10,286181
9564,0.001533,74.125.24.0-255,1484,148007,10,286181
9565,0.001556,74.125.24.0-255,2184,150191,10,286181
9566,0.001563,172.31.36.0-255,66,150257,10,286181
9567,0.001916,74.125.24.0-255,1484,151741,10,286181
9568,0.001924,74.125.24.0-255,2902,154643,10,286181
9569,0.001928,172.31.36.0-255,66,154709,10,286181
9570,0.001933,74.125.24.0-255,2902,157611,10,286181
9571,0.001935,172.31.36.0-255,66,157677,10,286181
9572,0.001949,74.125.24.0-255,2902,160579,10,286181
9573,0.001952,172.31.36.0-255,66,160645,10,286181
9574,0.001959,74.125.24.0-255,7156,167801,10,286181
9575,0.001962,172.31.36.0-255,66,167867,10,286181
9576,0.001966,74.125.24.0-255,2902,170769,10,286181
9577,0.001969,172.31.36.0-255,66,170835,10,286181
9578,0.001997,172.31.36.0-255,66,170901,10,286181
9579,0.002007,74.125.24.0-255,2184,173085,10,286181
9580,0.002009,172.31.36.0-255,66,173151,10,286181
9581,0.002107,74.125.24.0-255,1484,174635,10,286181
9582,0.002112,74.125.24.0-255,2902,177537,10,286181
9583,0.002115,172.31.36.0-255,66,177603,10,286181
9584,0.00212,74.125.24.0-255,1484,179087,10,286181
9585,0.002137,74.125.24.0-255,4320,183407,10,286181
9586,0.00214,172.31.36.0-255,66,183473,10,286181
9587,0.002168,74.125.24.0-255,4320,187793,10,286181
9588,0.002171,172.31.36.0-255,66,187859,10,286181
9589,0.002177,74.125.24.0-255,5738,193597,10,286181
9590,0.00218,172.31.36.0-255,66,193663,10,286181
9591,0.002183,74.125.24.0-255,1484,195147,10,286181
9592,0.002229,74.125.24.0-255,6438,201585,10,286181
9593,0.002236,74.125.24.0-255,7156,208741,10,286181
9594,0.002241,74.125.24.0-255,4320,213061,10,286181
9595,0.002248,172.31.36.0-255,66,213127,10,286181
9596,0.00227,74.125.24.0-255,6438,219565,10,286181
9597,0.002294,172.31.36.0-255,66,219631,10,286181
9598,0.002306,74.125.24.0-255,1484,221115,10,286181
9599,0.002322,74.125.24.0-255,2902,224017,10,286181
9600,0.002328,74.125.24.0-255,4320,228337,10,286181
9601,0.00234,74.125.24.0-255,1484,229821,10,286181
9602,0.002352,172.31.36.0-255,66,229887,10,286181
9603,0.002391,74.125.24.0-255,7156,237043,10,286181
9604,0.002405,172.31.36.0-255,66,237109,10,286181
9605,0.002416,74.125.24.0-255,3602,240711,10,286181
9606,0.002422,172.31.36.0-255,66,240777,10,286181
9607,0.002432,74.125.24.0-255,4320,245097,10,286181
9608,0.002442,74.125.24.0-255,1484,246581,10,286181
9609,0.002462,74.125.24.0-255,4320,250901,10,286181
9610,0.002468,74.125.24.0-255,4320,255221,10,286181
9611,0.002476,172.31.36.0-255,66,255287,10,286181
9612,0.002494,74.125.24.0-255,7156,262443,10,286181
9613,0.002509,172.31.36.0-255,66,262509,10,286181
9614,0.002515,74.125.24.0-255,2902,265411,10,286181
9615,0.00253,172.31.36.0-255,66,265477,10,286181
9616,0.002546,74.125.24.0-255,766,266243,10,286181
9617,0.002566,74.125.24.0-255,1484,267727,10,286181
9618,0.002581,74.125.24.0-255,7156,274883,10,286181
9619,0.002598,74.125.24.0-255,6593,281476,10,286181
9620,0.002614,74.125.24.0-255,105,281581,10,286181
9621,0.002617,172.31.36.0-255,66,281647,10,286181
9622,0.004585,172.31.36.0-255,66,281713,10,286181
9623,0.004625,172.31.36.0-255,105,281818,10,286181
9624,0.006905,74.125.24.0-255,66,281884,10,286181
9625,0.032078,172.31.36.0-255,182,282066,10,286181
9626,0.03211,172.31.36.0-255,980,283046,10,286181
9627,0.032164,172.31.36.0-255,1514,284560,10,286181
9628,0.032165,172.31.36.0-255,1423,285983,10,286181
9629,0.033623,104.244.42.0-255,66,286049,10,286181
9630,0.033663,104.244.42.0-255,66,286115,10,286181
9631,0.033824,104.244.42.0-255,66,286181,10,286181
9632,0.0,74.125.130.0-255,150,150,10,273385
9633,2.5e-05,172.31.36.0-255,66,216,10,273385
9634,3.3e-05,74.125.130.0-255,1484,1700,10,273385
9635,3.7e-05,172.31.36.0-255,66,1766,10,273385
9636,4.3e-05,74.125.130.0-255,2902,4668,10,273385
9637,5.6e-05,172.31.36.0-255,66,4734,10,273385
9638,6.4e-05,74.125.130.0-255,7156,11890,10,273385
9639,6.7e-05,172.31.36.0-255,66,11956,10,273385
9640,7.1e-05,74.125.130.0-255,2088,14044,10,273385
9641,7.4e-05,172.31.36.0-255,66,14110,10,273385
9642,0.000124,74.125.130.0-255,2902,17012,10,273385
9643,0.000128,172.31.36.0-255,66,17078,10,273385
9644,0.000134,74.125.130.0-255,4320,21398,10,273385
9645,0.000137,172.31.36.0-255,66,21464,10,273385
9646,0.000153,172.31.36.0-255,66,21530,10,273385
9647,0.000156,74.125.130.0-255,1125,22655,10,273385
9648,0.000158,172.31.36.0-255,66,22721,10,273385
9649,0.000266,74.125.130.0-255,1484,24205,10,273385
9650,0.000272,172.31.36.0-255,66,24271,10,273385
9651,0.000277,74.125.130.0-255,1484,25755,10,273385
9652,0.000279,172.31.36.0-255,66,25821,10,273385
9653,0.000311,74.125.130.0-255,1484,27305,10,273385
9654,0.000314,172.31.36.0-255,66,27371,10,273385
9655,0.000321,74.125.130.0-255,5738,33109,10,273385
9656,0.000325,172.31.36.0-255,66,33175,10,273385
9657,0.000337,74.125.130.0-255,6797,39972,10,273385
9658,0.00034,172.31.36.0-255,66,40038,10,273385
9659,0.000392,172.31.36.0-255,66,40104,10,273385
9660,0.000396,74.125.130.0-255,2799,42903,10,273385
9661,0.000398,172.31.36.0-255,66,42969,10,273385
9662,0.000402,74.125.130.0-255,115,43084,10,273385
9663,0.000545,74.125.130.0-255,1484,44568,10,273385
9664,0.000553,172.31.36.0-255,66,44634,10,273385
9665,0.00056,74.125.130.0-255,2902,47536,10,273385
9666,0.000563,172.31.36.0-255,66,47602,10,273385
9667,0.000567,74.125.130.0-255,2902,50504,10,273385
9668,0.000575,172.31.36.0-255,66,50570,10,273385
9669,0.000612,74.125.130.0-255,1484,52054,10,273385
9670,0.000626,172.31.36.0-255,66,52120,10,273385
9671,0.000646,172.31.36.0-255,66,52186,10,273385
9672,0.000671,74.125.130.0-255,1440,53626,10,273385
9673,0.000742,74.125.130.0-255,1484,55110,10,273385
9674,0.000747,172.31.36.0-255,66,55176,10,273385
9675,0.000753,74.125.130.0-255,2902,58078,10,273385
9676,0.000756,172.31.36.0-255,66,58144,10,273385
9677,0.000763,74.125.130.0-255,1484,59628,10,273385
9678,0.000788,74.125.130.0-255,1484,61112,10,273385
9679,0.00079,172.31.36.0-255,66,61178,10,273385
9680,0.000795,74.125.130.0-255,4320,65498,10,273385
9681,0.000798,172.31.36.0-255,66,65564,10,273385
9682,0.000813,172.31.36.0-255,66,65630,10,273385
9683,0.000815,74.125.130.0-255,1484,67114,10,273385
9684,0.000863,172.31.36.0-255,66,67180,10,273385
9685,0.000884,74.125.130.0-255,1484,68664,10,273385
9686,0.000889,74.125.130.0-255,2902,71566,10,273385
9687,0.000892,172.31.36.0-255,66,71632,10,273385
9688,0.000927,74.125.130.0-255,5738,77370,10,273385
9689,0.000931,172.31.36.0-255,66,77436,10,273385
9690,0.000942,172.31.36.0-255,66,77502,10,273385
9691,0.000959,172.31.36.0-255,66,77568,10,273385
9692,0.000988,74.125.130.0-255,5020,82588,10,273385
9693,0.000991,172.31.36.0-255,66,82654,10,273385
9694,0.001057,74.125.130.0-255,1484,84138,10,273385
9695,0.001062,74.125.130.0-255,2902,87040,10,273385
9696,0.001065,172.31.36.0-255,66,87106,10,273385
9697,0.001071,74.125.130.0-255,5738,92844,10,273385
9698,0.001073,172.31.36.0-255,66,92910,10,273385
9699,0.001093,172.31.36.0-255,66,92976,10,273385
9700,0.001123,74.125.130.0-255,2902,95878,10,273385
9701,0.001126,172.31.36.0-255,66,95944,10,273385
9702,0.001155,172.31.36.0-255,66,96010,10,273385
9703,0.001191,172.31.36.0-255,66,96076,10,273385
9704,0.001199,74.125.130.0-255,7156,103232,10,273385
9705,0.001201,172.31.36.0-255,66,103298,10,273385
9706,0.001238,74.125.130.0-255,5738,109036,10,273385
9707,0.001241,172.31.36.0-255,66,109102,10,273385
9708,0.001269,172.31.36.0-255,66,109168,10,273385
9709,0.001298,74.125.130.0-255,7156,116324,10,273385
9710,0.001301,172.31.36.0-255,66,116390,10,273385
9711,0.001311,172.31.36.0-255,66,116456,10,273385
9712,0.00133,74.125.130.0-255,1484,117940,10,273385
9713,0.00136,172.31.36.0-255,66,118006,10,273385
9714,0.001363,74.125.130.0-255,766,118772,10,273385
9715,0.001971,74.125.130.0-255,1484,120256,10,273385
9716,0.001977,172.31.36.0-255,66,120322,10,273385
9717,0.001984,74.125.130.0-255,2902,123224,10,273385
9718,0.001986,172.31.36.0-255,66,123290,10,273385
9719,0.002022,74.125.130.0-255,5738,129028,10,273385
9720,0.002025,172.31.36.0-255,66,129094,10,273385
9721,0.003994,74.125.130.0-255,5738,134832,10,273385
9722,0.004,172.31.36.0-255,66,134898,10,273385
9723,0.005979,74.125.130.0-255,5738,140636,10,273385
9724,0.005986,172.31.36.0-255,66,140702,10,273385
9725,0.007965,74.125.130.0-255,5738,146440,10,273385
9726,0.007971,172.31.36.0-255,66,146506,10,273385
9727,0.009939,74.125.130.0-255,5738,152244,10,273385
9728,0.009945,172.31.36.0-255,66,152310,10,273385
9729,0.011921,74.125.130.0-255,5738,158048,10,273385
9730,0.011928,172.31.36.0-255,66,158114,10,273385
9731,0.013904,74.125.130.0-255,5738,163852,10,273385
9732,0.013911,172.31.36.0-255,66,163918,10,273385
9733,0.015898,74.125.130.0-255,5738,169656,10,273385
9734,0.015905,172.31.36.0-255,66,169722,10,273385
9735,0.01789,74.125.130.0-255,2902,172624,10,273385
9736,0.017896,172.31.36.0-255,66,172690,10,273385
9737,0.017932,74.125.130.0-255,2902,175592,10,273385
9738,0.017935,172.31.36.0-255,66,175658,10,273385
9739,0.019876,74.125.130.0-255,2902,178560,10,273385
9740,0.019884,172.31.36.0-255,66,178626,10,273385
9741,0.019917,74.125.130.0-255,2902,181528,10,273385
9742,0.019921,172.31.36.0-255,66,181594,10,273385
9743,0.021863,74.125.130.0-255,2902,184496,10,273385
9744,0.02187,172.31.36.0-255,66,184562,10,273385
9745,0.021903,74.125.130.0-255,2902,187464,10,273385
9746,0.021906,172.31.36.0-255,66,187530,10,273385
9747,0.023841,74.125.130.0-255,2902,190432,10,273385
9748,0.023849,172.31.36.0-255,66,190498,10,273385
9749,0.023896,74.125.130.0-255,2902,193400,10,273385
9750,0.023899,172.31.36.0-255,66,193466,10,273385
9751,0.025827,74.125.130.0-255,2902,196368,10,273385
9752,0.025834,172.31.36.0-255,66,196434,10,273385
9753,0.025866,74.125.130.0-255,2902,199336,10,273385
9754,0.025869,172.31.36.0-255,66,199402,10,273385
9755,0.027844,74.125.130.0-255,2902,202304,10,273385
9756,0.027851,172.31.36.0-255,66,202370,10,273385
9757,0.027883,74.125.130.0-255,2902,205272,10,273385
9758,0.027885,172.31.36.0-255,66,205338,10,273385
9759,0.029826,74.125.130.0-255,2902,208240,10,273385
9760,0.029834,172.31.36.0-255,66,208306,10,273385
9761,0.029865,74.125.130.0-255,2902,211208,10,273385
9762,0.029868,172.31.36.0-255,66,211274,10,273385
9763,0.031809,74.125.130.0-255,2902,214176,10,273385
9764,0.031816,172.31.36.0-255,66,214242,10,273385
9765,0.031845,74.125.130.0-255,2902,217144,10,273385
9766,0.031848,172.31.36.0-255,66,217210,10,273385
9767,0.033779,74.125.130.0-255,2902,220112,10,273385
9768,0.033785,172.31.36.0-255,66,220178,10,273385
9769,0.033819,74.125.130.0-255,2902,223080,10,273385
9770,0.033823,172.31.36.0-255,66,223146,10,273385
9771,0.034644,172.31.36.0-255,172,223318,10,273385
9772,0.034675,172.31.36.0-255,1113,224431,10,273385
9773,0.034735,172.31.36.0-255,1514,225945,10,273385
9774,0.034737,172.31.36.0-255,1292,227237,10,273385
9775,0.035756,74.125.130.0-255,2902,230139,10,273385
9776,0.035763,172.31.36.0-255,66,230205,10,273385
9777,0.035792,74.125.130.0-255,2902,233107,10,273385
9778,0.035795,172.31.36.0-255,66,233173,10,273385
9779,0.036154,104.244.42.0-255,66,233239,10,273385
9780,0.036198,104.244.42.0-255,66,233305,10,273385
9781,0.036263,104.244.42.0-255,66,233371,10,273385
9782,0.036896,104.244.42.0-255,108,233479,10,273385
9783,0.036905,172.31.36.0-255,66,233545,10,273385
9784,0.037726,74.125.130.0-255,2902,236447,10,273385
9785,0.037747,172.31.36.0-255,66,236513,10,273385
9786,0.037772,74.125.130.0-255,2902,239415,10,273385
9787,0.037776,172.31.36.0-255,66,239481,10,273385
9788,0.039721,74.125.130.0-255,2902,242383,10,273385
9789,0.039727,172.31.36.0-255,66,242449,10,273385
9790,0.039762,74.125.130.0-255,2902,245351,10,273385
9791,0.039764,172.31.36.0-255,66,245417,10,273385
9792,0.041734,74.125.130.0-255,5738,251155,10,273385
9793,0.041743,172.31.36.0-255,66,251221,10,273385
9794,0.043731,74.125.130.0-255,5738,256959,10,273385
9795,0.043737,172.31.36.0-255,66,257025,10,273385
9796,0.045715,74.125.130.0-255,5738,262763,10,273385
9797,0.045722,172.31.36.0-255,66,262829,10,273385
9798,0.047709,74.125.130.0-255,5738,268567,10,273385
9799,0.047716,172.31.36.0-255,66,268633,10,273385
9800,0.049691,74.125.130.0-255,4515,273148,10,273385
9801,0.049699,172.31.36.0-255,66,273214,10,273385
9802,0.049883,172.31.36.0-255,105,273319,10,273385
9803,0.051814,74.125.130.0-255,66,273385,10,273385
9804,0.0,172.217.194.0-255,153,153,10,306120
9805,3.2e-05,172.31.36.0-255,66,219,10,306120
9806,4e-05,172.217.194.0-255,1484,1703,10,306120
9807,4.4e-05,172.31.36.0-255,66,1769,10,306120
9808,5.7e-05,172.217.194.0-255,2902,4671,10,306120
9809,6e-05,172.31.36.0-255,66,4737,10,306120
9810,6.7e-05,172.217.194.0-255,7156,11893,10,306120
9811,6.9e-05,172.31.36.0-255,66,11959,10,306120
9812,7.3e-05,172.217.194.0-255,2066,14025,10,306120
9813,7.5e-05,172.31.36.0-255,66,14091,10,306120
9814,0.000126,172.217.194.0-255,1484,15575,10,306120
9815,0.000129,172.31.36.0-255,66,15641,10,306120
9816,0.000133,172.217.194.0-255,1484,17125,10,306120
9817,0.000135,172.31.36.0-255,66,17191,10,306120
9818,0.000171,172.217.194.0-255,1484,18675,10,306120
9819,0.000173,172.31.36.0-255,66,18741,10,306120
9820,0.000181,172.217.194.0-255,5738,24479,10,306120
9821,0.000183,172.31.36.0-255,66,24545,10,306120
9822,0.000188,172.217.194.0-255,4320,28865,10,306120
9823,0.00019,172.31.36.0-255,66,28931,10,306120
9824,0.000222,172.217.194.0-255,2543,31474,10,306120
9825,0.000225,172.31.36.0-255,66,31540,10,306120
9826,0.00023,172.217.194.0-255,2902,34442,10,306120
9827,0.000232,172.31.36.0-255,66,34508,10,306120
9828,0.000246,172.217.194.0-255,7156,41664,10,306120
9829,0.000249,172.31.36.0-255,66,41730,10,306120
9830,0.000278,172.217.194.0-255,6797,48527,10,306120
9831,0.000281,172.31.36.0-255,66,48593,10,306120
9832,0.001332,172.217.194.0-255,1484,50077,10,306120
9833,0.001338,172.31.36.0-255,66,50143,10,306120
9834,0.001347,172.217.194.0-255,2902,53045,10,306120
9835,0.001349,172.31.36.0-255,66,53111,10,306120
9836,0.001362,172.217.194.0-255,5738,58849,10,306120
9837,0.001365,172.31.36.0-255,66,58915,10,306120
9838,0.001368,172.217.194.0-255,1484,60399,10,306120
9839,0.001401,172.217.194.0-255,5379,65778,10,306120
9840,0.001404,172.31.36.0-255,66,65844,10,306120
9841,0.001697,172.217.194.0-255,647,66491,10,306120
9842,0.001816,172.217.194.0-255,1484,67975,10,306120
9843,0.001819,172.31.36.0-255,66,68041,10,306120
9844,0.001853,172.217.194.0-255,2902,70943,10,306120
9845,0.001856,172.31.36.0-255,66,71009,10,306120
9846,0.001862,172.217.194.0-255,5738,76747,10,306120
9847,0.001863,172.31.36.0-255,66,76813,10,306120
9848,0.00191,172.31.36.0-255,66,76879,10,306120
9849,0.00192,172.31.36.0-255,66,76945,10,306120
9850,0.001923,172.217.194.0-255,766,77711,10,306120
9851,0.001947,172.217.194.0-255,1484,79195,10,306120
9852,0.00195,172.31.36.0-255,66,79261,10,306120
9853,0.001955,172.217.194.0-255,4320,83581,10,306120
9854,0.001957,172.31.36.0-255,66,83647,10,306120
9855,0.001991,172.31.36.0-255,66,83713,10,306120
9856,0.001996,172.217.194.0-255,4320,88033,10,306120
9857,0.001998,172.31.36.0-255,66,88099,10,306120
9858,0.00203,172.217.194.0-255,5738,93837,10,306120
9859,0.002033,172.31.36.0-255,66,93903,10,306120
9860,0.002064,172.31.36.0-255,66,93969,10,306120
9861,0.002093,172.217.194.0-255,1484,95453,10,306120
9862,0.002098,172.217.194.0-255,2902,98355,10,306120
9863,0.002099,172.31.36.0-255,66,98421,10,306120
9864,0.002126,172.217.194.0-255,5738,104159,10,306120
9865,0.002129,172.31.36.0-255,66,104225,10,306120
9866,0.002173,172.217.194.0-255,1484,105709,10,306120
9867,0.002195,172.31.36.0-255,66,105775,10,306120
9868,0.002211,172.31.36.0-255,66,105841,10,306120
9869,0.002279,172.217.194.0-255,1484,107325,10,306120
9870,0.002298,172.217.194.0-255,2902,110227,10,306120
9871,0.0023,172.31.36.0-255,66,110293,10,306120
9872,0.002305,172.217.194.0-255,5738,116031,10,306120
9873,0.002308,172.31.36.0-255,66,116097,10,306120
9874,0.002342,172.31.36.0-255,66,116163,10,306120
9875,0.002373,172.31.36.0-255,66,116229,10,306120
9876,0.002406,172.217.194.0-255,1484,117713,10,306120
9877,0.002419,172.217.194.0-255,2902,120615,10,306120
9878,0.002421,172.31.36.0-255,66,120681,10,306120
9879,0.002447,172.217.194.0-255,5738,126419,10,306120
9880,0.00245,172.31.36.0-255,66,126485,10,306120
9881,0.002455,172.217.194.0-255,5738,132223,10,306120
9882,0.002457,172.31.36.0-255,66,132289,10,306120
9883,0.002492,172.31.36.0-255,66,132355,10,306120
9884,0.002517,172.217.194.0-255,4320,136675,10,306120
9885,0.002519,172.31.36.0-255,66,136741,10,306120
9886,0.002525,172.217.194.0-255,5020,141761,10,306120
9887,0.002527,172.31.36.0-255,66,141827,10,306120
9888,0.002532,172.217.194.0-255,5738,147565,10,306120
9889,0.002535,172.31.36.0-255,66,147631,10,306120
9890,0.002582,172.31.36.0-255,66,147697,10,306120
9891,0.002593,172.31.36.0-255,66,147763,10,306120
9892,0.002597,172.217.194.0-255,3602,151365,10,306120
9893,0.002601,172.31.36.0-255,66,151431,10,306120
9894,0.005118,172.217.194.0-255,1484,152915,10,306120
9895,0.00517,172.217.194.0-255,4320,157235,10,306120
9896,0.005174,172.31.36.0-255,66,157301,10,306120
9897,0.007744,172.217.194.0-255,4320,161621,10,306120
9898,0.007748,172.31.36.0-255,66,161687,10,306120
9899,0.007774,172.217.194.0-255,1484,163171,10,306120
9900,0.01029,172.217.194.0-255,4320,167491,10,306120
9901,0.010298,172.31.36.0-255,66,167557,10,306120
9902,0.012868,172.217.194.0-255,5738,173295,10,306120
9903,0.012876,172.31.36.0-255,66,173361,10,306120
9904,0.015467,172.217.194.0-255,5738,179099,10,306120
9905,0.015477,172.31.36.0-255,66,179165,10,306120
9906,0.018058,172.217.194.0-255,5738,184903,10,306120
9907,0.018067,172.31.36.0-255,66,184969,10,306120
9908,0.020619,172.217.194.0-255,5738,190707,10,306120
9909,0.020626,172.31.36.0-255,66,190773,10,306120
9910,0.023165,172.217.194.0-255,5738,196511,10,306120
9911,0.023172,172.31.36.0-255,66,196577,10,306120
9912,0.025743,172.217.194.0-255,5738,202315,10,306120
9913,0.025749,172.31.36.0-255,66,202381,10,306120
9914,0.028317,172.217.194.0-255,5738,208119,10,306120
9915,0.028325,172.31.36.0-255,66,208185,10,306120
9916,0.030943,172.217.194.0-255,5738,213923,10,306120
9917,0.03095,172.31.36.0-255,66,213989,10,306120
9918,0.031425,172.31.36.0-255,172,214161,10,306120
9919,0.031452,172.31.36.0-255,1111,215272,10,306120
9920,0.031498,172.31.36.0-255,1514,216786,10,306120
9921,0.031518,172.31.36.0-255,1294,218080,10,306120
9922,0.032903,104.244.42.0-255,66,218146,10,306120
9923,0.032943,104.244.42.0-255,66,218212,10,306120
9924,0.033003,104.244.42.0-255,66,218278,10,306120
9925,0.033508,172.217.194.0-255,5738,224016,10,306120
9926,0.033513,172.31.36.0-255,66,224082,10,306120
9927,0.036079,172.217.194.0-255,5738,229820,10,306120
9928,0.036084,172.31.36.0-255,66,229886,10,306120
9929,0.038647,172.217.194.0-255,5738,235624,10,306120
9930,0.038652,172.31.36.0-255,66,235690,10,306120
9931,0.041202,172.217.194.0-255,5738,241428,10,306120
9932,0.041207,172.31.36.0-255,66,241494,10,306120
9933,0.043747,172.217.194.0-255,5738,247232,10,306120
9934,0.043752,172.31.36.0-255,66,247298,10,306120
9935,0.046317,172.217.194.0-255,5738,253036,10,306120
9936,0.04634,172.31.36.0-255,66,253102,10,306120
9937,0.048895,172.217.194.0-255,5738,258840,10,306120
9938,0.048901,172.31.36.0-255,66,258906,10,306120
9939,0.051449,172.217.194.0-255,5738,264644,10,306120
9940,0.051453,172.31.36.0-255,66,264710,10,306120
9941,0.053992,172.217.194.0-255,5738,270448,10,306120
9942,0.053996,172.31.36.0-255,66,270514,10,306120
9943,0.056558,172.217.194.0-255,4320,274834,10,306120
9944,0.056562,172.31.36.0-255,66,274900,10,306120
9945,0.056593,172.217.194.0-255,1484,276384,10,306120
9946,0.059133,172.217.194.0-255,4320,280704,10,306120
9947,0.059139,172.31.36.0-255,66,280770,10,306120
9948,0.061719,172.217.194.0-255,5738,286508,10,306120
9949,0.061724,172.31.36.0-255,66,286574,10,306120
9950,0.064304,172.217.194.0-255,5738,292312,10,306120
9951,0.064309,172.31.36.0-255,66,292378,10,306120
9952,0.066871,172.217.194.0-255,5738,298116,10,306120
9953,0.066877,172.31.36.0-255,66,298182,10,306120
9954,0.069425,172.217.194.0-255,5738,303920,10,306120
9955,0.069431,172.31.36.0-255,66,303986,10,306120
9956,0.072002,172.217.194.0-255,1897,305883,10,306120
9957,0.07201,172.31.36.0-255,66,305949,10,306120
9958,0.072215,172.31.36.0-255,105,306054,10,306120
9959,0.074743,172.217.194.0-255,66,306120,10,306120
9960,0.0,172.217.194.0-255,150,150,10,177738
9961,2.3e-05,172.31.36.0-255,66,216,10,177738
9962,3e-05,172.217.194.0-255,1484,1700,10,177738
9963,3.4e-05,172.31.36.0-255,66,1766,10,177738
9964,4.8e-05,172.217.194.0-255,2902,4668,10,177738
9965,5e-05,172.31.36.0-255,66,4734,10,177738
9966,5.6e-05,172.217.194.0-255,4320,9054,10,177738
9967,5.9e-05,172.31.36.0-255,66,9120,10,177738
9968,6.2e-05,172.217.194.0-255,1484,10604,10,177738
9969,6.6e-05,172.31.36.0-255,66,10670,10,177738
9970,0.0001,172.217.194.0-255,3468,14138,10,177738
9971,0.000104,172.31.36.0-255,66,14204,10,177738
9972,0.000111,172.217.194.0-255,5738,19942,10,177738
9973,0.000113,172.31.36.0-255,66,20008,10,177738
9974,0.000153,172.217.194.0-255,4320,24328,10,177738
9975,0.000155,172.31.36.0-255,66,24394,10,177738
9976,0.000197,172.217.194.0-255,1484,25878,10,177738
9977,0.000199,172.31.36.0-255,66,25944,10,177738
9978,0.000218,172.31.36.0-255,66,26010,10,177738
9979,0.000229,172.31.36.0-255,66,26076,10,177738
9980,0.000232,172.217.194.0-255,1484,27560,10,177738
9981,0.000234,172.31.36.0-255,66,27626,10,177738
9982,0.000269,172.217.194.0-255,7156,34782,10,177738
9983,0.000271,172.31.36.0-255,66,34848,10,177738
9984,0.000288,172.31.36.0-255,66,34914,10,177738
9985,0.00043,172.217.194.0-255,1484,36398,10,177738
9986,0.000435,172.31.36.0-255,66,36464,10,177738
9987,0.000441,172.217.194.0-255,2902,39366,10,177738
9988,0.000443,172.31.36.0-255,66,39432,10,177738
9989,0.000449,172.217.194.0-255,4320,43752,10,177738
9990,0.000457,172.31.36.0-255,66,43818,10,177738
9991,0.000489,172.217.194.0-255,1484,45302,10,177738
9992,0.000511,172.31.36.0-255,66,45368,10,177738
9993,0.000522,172.31.36.0-255,66,45434,10,177738
9994,0.000553,172.217.194.0-255,2184,47618,10,177738
9995,0.000556,172.31.36.0-255,66,47684,10,177738
9996,0.000784,172.217.194.0-255,1484,49168,10,177738
9997,0.000791,172.217.194.0-255,2902,52070,10,177738
9998,0.000795,172.31.36.0-255,66,52136,10,177738
9999,0.000802,172.217.194.0-255,4320,56456,10,177738
10000,0.000804,172.31.36.0-255,66,56522,10,177738
10001,0.000828,172.217.194.0-255,1484,58006,10,177738
10002,0.000844,172.217.194.0-255,5738,63744,10,177738
10003,0.000847,172.31.36.0-255,66,63810,10,177738
10004,0.000888,172.217.194.0-255,7156,70966,10,177738
10005,0.000891,172.31.36.0-255,66,71032,10,177738
10006,0.000902,172.31.36.0-255,66,71098,10,177738
10007,0.000912,172.217.194.0-255,2184,73282,10,177738
10008,0.000914,172.31.36.0-255,66,73348,10,177738
10009,0.000951,172.217.194.0-255,2902,76250,10,177738
10010,0.000954,172.31.36.0-255,66,76316,10,177738
10011,0.000962,172.217.194.0-255,7156,83472,10,177738
10012,0.000969,172.31.36.0-255,66,83538,10,177738
10013,0.000975,172.217.194.0-255,5738,89276,10,177738
10014,0.000978,172.31.36.0-255,66,89342,10,177738
10015,0.001046,172.31.36.0-255,66,89408,10,177738
10016,0.001051,172.217.194.0-255,3602,93010,10,177738
10017,0.001054,172.31.36.0-255,66,93076,10,177738
10018,0.001453,172.217.194.0-255,1484,94560,10,177738
10019,0.001459,172.217.194.0-255,2902,97462,10,177738
10020,0.001463,172.31.36.0-255,66,97528,10,177738
10021,0.001467,172.217.194.0-255,1484,99012,10,177738
10022,0.001497,172.217.194.0-255,4320,103332,10,177738
10023,0.001502,172.31.36.0-255,66,103398,10,177738
10024,0.001528,172.31.36.0-255,66,103464,10,177738
10025,0.001554,172.217.194.0-255,4320,107784,10,177738
10026,0.001556,172.31.36.0-255,66,107850,10,177738
10027,0.001602,172.31.36.0-255,66,107916,10,177738
10028,0.001725,172.217.194.0-255,1484,109400,10,177738
10029,0.001731,172.217.194.0-255,2902,112302,10,177738
10030,0.001734,172.31.36.0-255,66,112368,10,177738
10031,0.001774,172.217.194.0-255,4320,116688,10,177738
10032,0.001777,172.31.36.0-255,66,116754,10,177738
10033,0.001801,172.217.194.0-255,1484,118238,10,177738
10034,0.001814,172.217.194.0-255,7156,125394,10,177738
10035,0.001816,172.31.36.0-255,66,125460,10,177738
10036,0.001826,172.31.36.0-255,66,125526,10,177738
10037,0.001837,172.31.36.0-255,66,125592,10,177738
10038,0.00221,172.217.194.0-255,1484,127076,10,177738
10039,0.002218,172.217.194.0-255,2902,129978,10,177738
10040,0.002223,172.31.36.0-255,66,130044,10,177738
10041,0.002227,172.217.194.0-255,1484,131528,10,177738
10042,0.002256,172.217.194.0-255,4320,135848,10,177738
10043,0.00226,172.31.36.0-255,66,135914,10,177738
10044,0.002284,172.31.36.0-255,66,135980,10,177738
10045,0.002297,172.31.36.0-255,66,136046,10,177738
10046,0.002336,172.217.194.0-255,1484,137530,10,177738
10047,0.002341,172.217.194.0-255,2902,140432,10,177738
10048,0.002343,172.31.36.0-255,66,140498,10,177738
10049,0.002383,172.217.194.0-255,5738,146236,10,177738
10050,0.002386,172.31.36.0-255,66,146302,10,177738
10051,0.002399,172.31.36.0-255,66,146368,10,177738
10052,0.002413,172.217.194.0-255,1484,147852,10,177738
10053,0.002436,172.31.36.0-255,66,147918,10,177738
10054,0.002451,172.217.194.0-255,3602,151520,10,177738
10055,0.002458,172.31.36.0-255,66,151586,10,177738
10056,0.00247,172.31.36.0-255,66,151652,10,177738
10057,0.002508,172.31.36.0-255,66,151718,10,177738
10058,0.002553,172.31.36.0-255,66,151784,10,177738
10059,0.002593,172.31.36.0-255,66,151850,10,177738
10060,0.002628,172.31.36.0-255,66,151916,10,177738
10061,0.00265,172.31.36.0-255,66,151982,10,177738
10062,0.005177,172.217.194.0-255,5738,157720,10,177738
10063,0.005186,172.31.36.0-255,66,157786,10,177738
10064,0.007717,172.217.194.0-255,5738,163524,10,177738
10065,0.007723,172.31.36.0-255,66,163590,10,177738
10066,0.010263,172.217.194.0-255,5738,169328,10,177738
10067,0.01027,172.31.36.0-255,66,169394,10,177738
10068,0.01278,172.217.194.0-255,3818,173212,10,177738
10069,0.012788,172.31.36.0-255,66,173278,10,177738
10070,0.012958,172.31.36.0-255,105,173383,10,177738
10071,0.015427,172.217.194.0-255,66,173449,10,177738
10072,0.037645,172.31.36.0-255,172,173621,10,177738
10073,0.037681,172.31.36.0-255,1112,174733,10,177738
10074,0.037741,172.31.36.0-255,1514,176247,10,177738
10075,0.037743,172.31.36.0-255,1293,177540,10,177738
10076,0.039183,104.244.42.0-255,66,177606,10,177738
10077,0.039217,104.244.42.0-255,66,177672,10,177738
10078,0.039261,104.244.42.0-255,66,177738,10,177738
10079,0.0,172.217.194.0-255,152,152,10,282547
10080,3.4e-05,172.31.36.0-255,66,218,10,282547
10081,4.2e-05,172.217.194.0-255,1484,1702,10,282547
10082,4.7e-05,172.31.36.0-255,66,1768,10,282547
10083,5.3e-05,172.217.194.0-255,2902,4670,10,282547
10084,5.5e-05,172.31.36.0-255,66,4736,10,282547
10085,6.2e-05,172.217.194.0-255,5738,10474,10,282547
10086,6.4e-05,172.31.36.0-255,66,10540,10,282547
10087,9.4e-05,172.217.194.0-255,3465,14005,10,282547
10088,9.7e-05,172.31.36.0-255,66,14071,10,282547
10089,0.000103,172.217.194.0-255,4320,18391,10,282547
10090,0.000105,172.31.36.0-255,66,18457,10,282547
10091,0.000108,172.217.194.0-255,1484,19941,10,282547
10092,0.00011,172.31.36.0-255,66,20007,10,282547
10093,0.000133,172.31.36.0-255,66,20073,10,282547
10094,0.000137,172.217.194.0-255,2543,22616,10,282547
10095,0.000139,172.31.36.0-255,66,22682,10,282547
10096,0.00043,172.217.194.0-255,1484,24166,10,282547
10097,0.000435,172.31.36.0-255,66,24232,10,282547
10098,0.000441,172.217.194.0-255,2902,27134,10,282547
10099,0.000443,172.31.36.0-255,66,27200,10,282547
10100,0.000474,172.217.194.0-255,5738,32938,10,282547
10101,0.000478,172.31.36.0-255,66,33004,10,282547
10102,0.000484,172.217.194.0-255,4320,37324,10,282547
10103,0.000486,172.31.36.0-255,66,37390,10,282547
10104,0.000512,172.31.36.0-255,66,37456,10,282547
10105,0.000527,172.217.194.0-255,1125,38581,10,282547
10106,0.00053,172.31.36.0-255,66,38647,10,282547
10107,0.000543,172.31.36.0-255,66,38713,10,282547
10108,0.000546,172.217.194.0-255,366,39079,10,282547
10109,0.000567,172.217.194.0-255,378,39457,10,282547
10110,0.000852,172.31.36.0-255,66,39523,10,282547
10111,0.000967,172.217.194.0-255,1484,41007,10,282547
10112,0.000976,172.217.194.0-255,2902,43909,10,282547
10113,0.001028,172.217.194.0-255,5738,49647,10,282547
10114,0.001035,172.217.194.0-255,5738,55385,10,282547
10115,0.001039,172.217.194.0-255,2902,58287,10,282547
10116,0.001076,172.217.194.0-255,5020,63307,10,282547
10117,0.00118,172.217.194.0-255,1484,64791,10,282547
10118,0.001185,172.217.194.0-255,1484,66275,10,282547
10119,0.0012,172.217.194.0-255,1484,67759,10,282547
10120,0.001206,172.217.194.0-255,5738,73497,10,282547
10121,0.001209,172.217.194.0-255,1484,74981,10,282547
10122,0.00123,172.217.194.0-255,1484,76465,10,282547
10123,0.001707,172.217.194.0-255,1484,77949,10,282547
10124,0.001717,172.217.194.0-255,2902,80851,10,282547
10125,0.001723,172.217.194.0-255,5738,86589,10,282547
10126,0.001743,172.217.194.0-255,1484,88073,10,282547
10127,0.001793,172.217.194.0-255,1484,89557,10,282547
10128,0.001817,172.217.194.0-255,4320,93877,10,282547
10129,0.001841,172.217.194.0-255,5738,99615,10,282547
10130,0.001846,172.217.194.0-255,2902,102517,10,282547
10131,0.001876,172.217.194.0-255,2902,105419,10,282547
10132,0.002072,172.217.194.0-255,1484,106903,10,282547
10133,0.002089,172.217.194.0-255,2902,109805,10,282547
10134,0.002095,172.217.194.0-255,4320,114125,10,282547
10135,0.002108,172.217.194.0-255,1484,115609,10,282547
10136,0.002123,172.217.194.0-255,5738,121347,10,282547
10137,0.002145,172.217.194.0-255,7156,128503,10,282547
10138,0.002228,172.217.194.0-255,1484,129987,10,282547
10139,0.002245,172.217.194.0-255,2902,132889,10,282547
10140,0.002256,172.217.194.0-255,2902,135791,10,282547
10141,0.002269,172.217.194.0-255,2902,138693,10,282547
10142,0.002272,172.217.194.0-255,1484,140177,10,282547
10143,0.002324,172.217.194.0-255,7156,147333,10,282547
10144,0.002341,172.217.194.0-255,4320,151653,10,282547
10145,0.006643,172.31.36.0-255,66,151719,10,282547
10146,0.008995,172.217.194.0-255,5738,157457,10,282547
10147,0.009002,172.31.36.0-255,66,157523,10,282547
10148,0.011332,172.217.194.0-255,5738,163261,10,282547
10149,0.011341,172.31.36.0-255,66,163327,10,282547
10150,0.013649,172.217.194.0-255,5738,169065,10,282547
10151,0.014306,172.31.36.0-255,66,169131,10,282547
10152,0.016634,172.217.194.0-255,5738,174869,10,282547
10153,0.016644,172.31.36.0-255,66,174935,10,282547
10154,0.018949,172.217.194.0-255,5738,180673,10,282547
10155,0.018956,172.31.36.0-255,66,180739,10,282547
10156,0.021271,172.217.194.0-255,5738,186477,10,282547
10157,0.021278,172.31.36.0-255,66,186543,10,282547
10158,0.023595,172.217.194.0-255,5738,192281,10,282547
10159,0.023603,172.31.36.0-255,66,192347,10,282547
10160,0.025954,172.217.194.0-255,4320,196667,10,282547
10161,0.02596,172.31.36.0-255,66,196733,10,282547
10162,0.025979,172.217.194.0-255,1484,198217,10,282547
10163,0.028313,172.217.194.0-255,4320,202537,10,282547
10164,0.028324,172.31.36.0-255,66,202603,10,282547
10165,0.03066,172.217.194.0-255,5738,208341,10,282547
10166,0.030714,172.31.36.0-255,66,208407,10,282547
10167,0.03207,172.31.36.0-255,172,208579,10,282547
10168,0.0321,172.31.36.0-255,1111,209690,10,282547
10169,0.032142,172.31.36.0-255,1514,211204,10,282547
10170,0.032144,172.31.36.0-255,1293,212497,10,282547
10171,0.03304,172.217.194.0-255,5738,218235,10,282547
10172,0.033046,172.31.36.0-255,66,218301,10,282547
10173,0.033643,104.244.42.0-255,66,218367,10,282547
10174,0.03365,104.244.42.0-255,66,218433,10,282547
10175,0.03368,104.244.42.0-255,66,218499,10,282547
10176,0.035389,172.217.194.0-255,5738,224237,10,282547
10177,0.035394,172.31.36.0-255,66,224303,10,282547
10178,0.037714,172.217.194.0-255,5738,230041,10,282547
10179,0.037721,172.31.36.0-255,66,230107,10,282547
10180,0.040026,172.217.194.0-255,5738,235845,10,282547
10181,0.040031,172.31.36.0-255,66,235911,10,282547
10182,0.042332,172.217.194.0-255,5738,241649,10,282547
10183,0.042338,172.31.36.0-255,66,241715,10,282547
10184,0.044661,172.217.194.0-255,5738,247453,10,282547
10185,0.044669,172.31.36.0-255,66,247519,10,282547
10186,0.047044,172.217.194.0-255,5738,253257,10,282547
10187,0.047057,172.31.36.0-255,66,253323,10,282547
10188,0.049382,172.217.194.0-255,4320,257643,10,282547
10189,0.049389,172.31.36.0-255,66,257709,10,282547
10190,0.049421,172.217.194.0-255,1484,259193,10,282547
10191,0.051682,172.217.194.0-255,4320,263513,10,282547
10192,0.051687,172.31.36.0-255,66,263579,10,282547
10193,0.054017,172.217.194.0-255,5738,269317,10,282547
10194,0.054467,172.31.36.0-255,66,269383,10,282547
10195,0.056798,172.217.194.0-255,5738,275121,10,282547
10196,0.056807,172.31.36.0-255,66,275187,10,282547
10197,0.059137,172.217.194.0-255,5738,280925,10,282547
10198,0.059145,172.31.36.0-255,66,280991,10,282547
10199,0.061447,172.217.194.0-255,1319,282310,10,282547
10200,0.061622,172.31.36.0-255,66,282376,10,282547
10201,0.061654,172.31.36.0-255,105,282481,10,282547
10202,0.063939,172.217.194.0-255,66,282547,10,282547
10203,0.0,172.217.194.0-255,153,153,10,258845
10204,2.2e-05,172.31.36.0-255,66,219,10,258845
10205,3e-05,172.217.194.0-255,1484,1703,10,258845
10206,3.5e-05,172.31.36.0-255,66,1769,10,258845
10207,4.1e-05,172.217.194.0-255,2902,4671,10,258845
10208,4.6e-05,172.31.36.0-255,66,4737,10,258845
10209,5.4e-05,172.217.194.0-255,7156,11893,10,258845
10210,5.8e-05,172.31.36.0-255,66,11959,10,258845
10211,6.4e-05,172.217.194.0-255,4320,16279,10,258845
10212,6.7e-05,172.31.36.0-255,66,16345,10,258845
10213,0.000106,172.31.36.0-255,66,16411,10,258845
10214,0.000109,172.217.194.0-255,1484,17895,10,258845
10215,0.000111,172.31.36.0-255,66,17961,10,258845
10216,0.000128,172.217.194.0-255,3961,21922,10,258845
10217,0.000131,172.31.36.0-255,66,21988,10,258845
10218,0.000353,172.217.194.0-255,1484,23472,10,258845
10219,0.000358,172.31.36.0-255,66,23538,10,258845
10220,0.000365,172.217.194.0-255,2902,26440,10,258845
10221,0.000368,172.31.36.0-255,66,26506,10,258845
10222,0.000373,172.217.194.0-255,2902,29408,10,258845
10223,0.000376,172.31.36.0-255,66,29474,10,258845
10224,0.000394,172.217.194.0-255,2902,32376,10,258845
10225,0.000397,172.31.36.0-255,66,32442,10,258845
10226,0.000403,172.217.194.0-255,4320,36762,10,258845
10227,0.000405,172.31.36.0-255,66,36828,10,258845
10228,0.00043,172.31.36.0-255,66,36894,10,258845
10229,0.000436,172.217.194.0-255,5738,42632,10,258845
10230,0.000439,172.31.36.0-255,66,42698,10,258845
10231,0.000454,172.217.194.0-255,2902,45600,10,258845
10232,0.000456,172.31.36.0-255,66,45666,10,258845
10233,0.00046,172.217.194.0-255,1125,46791,10,258845
10234,0.000496,172.217.194.0-255,381,47172,10,258845
10235,0.000543,172.217.194.0-255,364,47536,10,258845
10236,0.000546,172.31.36.0-255,66,47602,10,258845
10237,0.00089,172.217.194.0-255,1484,49086,10,258845
10238,0.000895,172.217.194.0-255,1484,50570,10,258845
10239,0.000898,172.31.36.0-255,66,50636,10,258845
10240,0.000919,172.217.194.0-255,1484,52120,10,258845
10241,0.000926,172.217.194.0-255,5738,57858,10,258845
10242,0.000928,172.31.36.0-255,66,57924,10,258845
10243,0.000935,172.217.194.0-255,4320,62244,10,258845
10244,0.000937,172.31.36.0-255,66,62310,10,258845
10245,0.000961,172.217.194.0-255,7156,69466,10,258845
10246,0.000965,172.31.36.0-255,66,69532,10,258845
10247,0.000993,172.217.194.0-255,4320,73852,10,258845
10248,0.000996,172.31.36.0-255,66,73918,10,258845
10249,0.001007,172.31.36.0-255,66,73984,10,258845
10250,0.00102,172.217.194.0-255,1484,75468,10,258845
10251,0.001024,172.217.194.0-255,2902,78370,10,258845
10252,0.001026,172.31.36.0-255,66,78436,10,258845
10253,0.001029,172.217.194.0-255,1484,79920,10,258845
10254,0.001047,172.217.194.0-255,4320,84240,10,258845
10255,0.00105,172.31.36.0-255,66,84306,10,258845
10256,0.001075,172.31.36.0-255,66,84372,10,258845
10257,0.001096,172.217.194.0-255,2902,87274,10,258845
10258,0.001103,172.217.194.0-255,7156,94430,10,258845
10259,0.001106,172.31.36.0-255,66,94496,10,258845
10260,0.00111,172.31.36.0-255,66,94562,10,258845
10261,0.001118,172.217.194.0-255,2902,97464,10,258845
10262,0.001121,172.31.36.0-255,66,97530,10,258845
10263,0.001125,172.217.194.0-255,2902,100432,10,258845
10264,0.001129,172.31.36.0-255,66,100498,10,258845
10265,0.00116,172.217.194.0-255,2184,102682,10,258845
10266,0.001164,172.31.36.0-255,66,102748,10,258845
10267,0.00117,172.217.194.0-255,5738,108486,10,258845
10268,0.001173,172.31.36.0-255,66,108552,10,258845
10269,0.001185,172.31.36.0-255,66,108618,10,258845
10270,0.001225,172.217.194.0-255,4320,112938,10,258845
10271,0.001229,172.31.36.0-255,66,113004,10,258845
10272,0.001263,172.217.194.0-255,6438,119442,10,258845
10273,0.001267,172.31.36.0-255,66,119508,10,258845
10274,0.001278,172.31.36.0-255,66,119574,10,258845
10275,0.00129,172.31.36.0-255,66,119640,10,258845
10276,0.001303,172.31.36.0-255,66,119706,10,258845
10277,0.001327,172.217.194.0-255,3602,123308,10,258845
10278,0.00133,172.31.36.0-255,66,123374,10,258845
10279,0.001461,172.217.194.0-255,1484,124858,10,258845
10280,0.001476,172.217.194.0-255,2902,127760,10,258845
10281,0.001479,172.31.36.0-255,66,127826,10,258845
10282,0.001485,172.217.194.0-255,2902,130728,10,258845
10283,0.001487,172.31.36.0-255,66,130794,10,258845
10284,0.001502,172.217.194.0-255,2902,133696,10,258845
10285,0.001505,172.31.36.0-255,66,133762,10,258845
10286,0.001511,172.217.194.0-255,4320,138082,10,258845
10287,0.001513,172.31.36.0-255,66,138148,10,258845
10288,0.001531,172.217.194.0-255,7156,145304,10,258845
10289,0.001533,172.31.36.0-255,66,145370,10,258845
10290,0.001561,172.217.194.0-255,1484,146854,10,258845
10291,0.001575,172.31.36.0-255,66,146920,10,258845
10292,0.001625,172.217.194.0-255,1484,148404,10,258845
10293,0.001646,172.217.194.0-255,2902,151306,10,258845
10294,0.001649,172.31.36.0-255,66,151372,10,258845
10295,0.001656,172.217.194.0-255,5738,157110,10,258845
10296,0.001658,172.31.36.0-255,66,157176,10,258845
10297,0.001683,172.217.194.0-255,4320,161496,10,258845
10298,0.001686,172.31.36.0-255,66,161562,10,258845
10299,0.001718,172.31.36.0-255,66,161628,10,258845
10300,0.00173,172.31.36.0-255,66,161694,10,258845
10301,0.001732,172.217.194.0-255,766,162460,10,258845
10302,0.001806,172.217.194.0-255,1484,163944,10,258845
10303,0.00181,172.31.36.0-255,66,164010,10,258845
10304,0.001815,172.217.194.0-255,2902,166912,10,258845
10305,0.001818,172.31.36.0-255,66,166978,10,258845
10306,0.001824,172.217.194.0-255,5738,172716,10,258845
10307,0.001827,172.31.36.0-255,66,172782,10,258845
10308,0.001849,172.217.194.0-255,5738,178520,10,258845
10309,0.001852,172.31.36.0-255,66,178586,10,258845
10310,0.001859,172.217.194.0-255,7156,185742,10,258845
10311,0.001862,172.31.36.0-255,66,185808,10,258845
10312,0.001894,172.217.194.0-255,5738,191546,10,258845
10313,0.001899,172.31.36.0-255,66,191612,10,258845
10314,0.001921,172.217.194.0-255,5020,196632,10,258845
10315,0.001923,172.31.36.0-255,66,196698,10,258845
10316,0.001939,172.217.194.0-255,4320,201018,10,258845
10317,0.001951,172.31.36.0-255,66,201084,10,258845
10318,0.001962,172.217.194.0-255,4320,205404,10,258845
10319,0.001968,172.31.36.0-255,66,205470,10,258845
10320,0.001991,172.217.194.0-255,5738,211208,10,258845
10321,0.002,172.31.36.0-255,66,211274,10,258845
10322,0.002056,172.217.194.0-255,4320,215594,10,258845
10323,0.002062,172.31.36.0-255,66,215660,10,258845
10324,0.002089,172.217.194.0-255,7156,222816,10,258845
10325,0.002121,172.217.194.0-255,7156,229972,10,258845
10326,0.002131,172.217.194.0-255,1484,231456,10,258845
10327,0.002139,172.31.36.0-255,66,231522,10,258845
10328,0.002162,172.217.194.0-255,5738,237260,10,258845
10329,0.002169,172.31.36.0-255,66,237326,10,258845
10330,0.002188,172.217.194.0-255,5020,242346,10,258845
10331,0.002196,172.217.194.0-255,7156,249502,10,258845
10332,0.00221,172.217.194.0-255,4320,253822,10,258845
10333,0.002213,172.217.194.0-255,159,253981,10,258845
10334,0.002218,172.31.36.0-255,66,254047,10,258845
10335,0.002251,172.217.194.0-255,105,254152,10,258845
10336,0.009734,172.31.36.0-255,66,254218,10,258845
10337,0.009778,172.31.36.0-255,105,254323,10,258845
10338,0.012315,172.217.194.0-255,66,254389,10,258845
10339,0.03192,172.31.36.0-255,167,254556,10,258845
10340,0.031957,172.31.36.0-255,1113,255669,10,258845
10341,0.03201,172.31.36.0-255,1514,257183,10,258845
10342,0.032012,172.31.36.0-255,1290,258473,10,258845
10343,0.033449,104.244.42.0-255,66,258539,10,258845
10344,0.033534,104.244.42.0-255,66,258605,10,258845
10345,0.033577,104.244.42.0-255,66,258671,10,258845
10346,0.034689,104.244.42.0-255,108,258779,10,258845
10347,0.034698,172.31.36.0-255,66,258845,10,258845
10348,0.0,74.125.24.0-255,154,154,10,245206
10349,3.3e-05,172.31.36.0-255,66,220,10,245206
10350,4e-05,74.125.24.0-255,1484,1704,10,245206
10351,4.4e-05,172.31.36.0-255,66,1770,10,245206
10352,4.9e-05,74.125.24.0-255,2902,4672,10,245206
10353,5.9e-05,172.31.36.0-255,66,4738,10,245206
10354,6.7e-05,74.125.24.0-255,7156,11894,10,245206
10355,7e-05,172.31.36.0-255,66,11960,10,245206
10356,7.3e-05,74.125.24.0-255,2040,14000,10,245206
10357,7.6e-05,172.31.36.0-255,66,14066,10,245206
10358,0.000159,74.125.24.0-255,1484,15550,10,245206
10359,0.000163,172.31.36.0-255,66,15616,10,245206
10360,0.000168,74.125.24.0-255,2902,18518,10,245206
10361,0.00017,172.31.36.0-255,66,18584,10,245206
10362,0.000174,74.125.24.0-255,1484,20068,10,245206
10363,0.000175,172.31.36.0-255,66,20134,10,245206
10364,0.000216,74.125.24.0-255,4320,24454,10,245206
10365,0.000219,172.31.36.0-255,66,24520,10,245206
10366,0.000226,74.125.24.0-255,6797,31317,10,245206
10367,0.000229,172.31.36.0-255,66,31383,10,245206
10368,0.000284,172.31.36.0-255,66,31449,10,245206
10369,0.000288,74.125.24.0-255,2543,33992,10,245206
10370,0.00029,172.31.36.0-255,66,34058,10,245206
10371,0.000391,74.125.24.0-255,1484,35542,10,245206
10372,0.000395,172.31.36.0-255,66,35608,10,245206
10373,0.000401,74.125.24.0-255,2902,38510,10,245206
10374,0.000404,172.31.36.0-255,66,38576,10,245206
10375,0.000433,74.125.24.0-255,2902,41478,10,245206
10376,0.000437,172.31.36.0-255,66,41544,10,245206
10377,0.000456,74.125.24.0-255,2902,44446,10,245206
10378,0.000459,172.31.36.0-255,66,44512,10,245206
10379,0.000463,74.125.24.0-255,2902,47414,10,245206
10380,0.000468,172.31.36.0-255,66,47480,10,245206
10381,0.000498,74.125.24.0-255,3961,51441,10,245206
10382,0.000502,172.31.36.0-255,66,51507,10,245206
10383,0.000533,74.125.24.0-255,364,51871,10,245206
10384,0.000557,74.125.24.0-255,1546,53417,10,245206
10385,0.000561,172.31.36.0-255,66,53483,10,245206
10386,0.000564,74.125.24.0-255,1484,54967,10,245206
10387,0.000593,74.125.24.0-255,4320,59287,10,245206
10388,0.000597,172.31.36.0-255,66,59353,10,245206
10389,0.000642,74.125.24.0-255,4320,63673,10,245206
10390,0.000647,172.31.36.0-255,66,63739,10,245206
10391,0.000677,74.125.24.0-255,5379,69118,10,245206
10392,0.00068,172.31.36.0-255,66,69184,10,245206
10393,0.000752,74.125.24.0-255,1484,70668,10,245206
10394,0.000768,74.125.24.0-255,2902,73570,10,245206
10395,0.000772,172.31.36.0-255,66,73636,10,245206
10396,0.000776,74.125.24.0-255,1484,75120,10,245206
10397,0.000803,74.125.24.0-255,4320,79440,10,245206
10398,0.000807,172.31.36.0-255,66,79506,10,245206
10399,0.000833,74.125.24.0-255,6797,86303,10,245206
10400,0.000836,172.31.36.0-255,66,86369,10,245206
10401,0.000844,74.125.24.0-255,7156,93525,10,245206
10402,0.000846,172.31.36.0-255,66,93591,10,245206
10403,0.000849,74.125.24.0-255,1484,95075,10,245206
10404,0.0009,172.31.36.0-255,66,95141,10,245206
10405,0.000909,74.125.24.0-255,2902,98043,10,245206
10406,0.000912,172.31.36.0-255,66,98109,10,245206
10407,0.000927,172.31.36.0-255,66,98175,10,245206
10408,0.000982,74.125.24.0-255,2184,100359,10,245206
10409,0.000986,172.31.36.0-255,66,100425,10,245206
10410,0.001049,74.125.24.0-255,1484,101909,10,245206
10411,0.001056,74.125.24.0-255,2902,104811,10,245206
10412,0.001068,172.31.36.0-255,66,104877,10,245206
10413,0.001078,74.125.24.0-255,5738,110615,10,245206
10414,0.001085,172.31.36.0-255,66,110681,10,245206
10415,0.001091,74.125.24.0-255,7156,117837,10,245206
10416,0.001105,172.31.36.0-255,66,117903,10,245206
10417,0.001117,74.125.24.0-255,5738,123641,10,245206
10418,0.001121,172.31.36.0-255,66,123707,10,245206
10419,0.001157,172.31.36.0-255,66,123773,10,245206
10420,0.001164,74.125.24.0-255,5020,128793,10,245206
10421,0.001171,172.31.36.0-255,66,128859,10,245206
10422,0.001263,74.125.24.0-255,7156,136015,10,245206
10423,0.00127,172.31.36.0-255,66,136081,10,245206
10424,0.001319,172.31.36.0-255,66,136147,10,245206
10425,0.001327,74.125.24.0-255,1484,137631,10,245206
10426,0.00133,74.125.24.0-255,2902,140533,10,245206
10427,0.001335,74.125.24.0-255,4320,144853,10,245206
10428,0.001335,172.31.36.0-255,66,144919,10,245206
10429,0.001339,172.31.36.0-255,66,144985,10,245206
10430,0.001371,74.125.24.0-255,1484,146469,10,245206
10431,0.001377,74.125.24.0-255,4320,150789,10,245206
10432,0.001383,172.31.36.0-255,66,150855,10,245206
10433,0.001399,172.31.36.0-255,66,150921,10,245206
10434,0.001401,74.125.24.0-255,5738,156659,10,245206
10435,0.001415,172.31.36.0-255,66,156725,10,245206
10436,0.001454,74.125.24.0-255,2902,159627,10,245206
10437,0.001469,172.31.36.0-255,66,159693,10,245206
10438,0.001473,172.31.36.0-255,66,159759,10,245206
10439,0.001491,172.31.36.0-255,66,159825,10,245206
10440,0.001504,172.31.36.0-255,66,159891,10,245206
10441,0.001517,74.125.24.0-255,4320,164211,10,245206
10442,0.001525,74.125.24.0-255,2184,166395,10,245206
10443,0.001525,172.31.36.0-255,66,166461,10,245206
10444,0.001527,74.125.24.0-255,349,166810,10,245206
10445,0.001529,172.31.36.0-255,66,166876,10,245206
10446,0.001554,74.125.24.0-255,1484,168360,10,245206
10447,0.001558,172.31.36.0-255,66,168426,10,245206
10448,0.001582,74.125.24.0-255,4320,172746,10,245206
10449,0.001587,172.31.36.0-255,66,172812,10,245206
10450,0.001638,74.125.24.0-255,2902,175714,10,245206
10451,0.001647,172.31.36.0-255,66,175780,10,245206
10452,0.001654,74.125.24.0-255,2902,178682,10,245206
10453,0.00166,74.125.24.0-255,7156,185838,10,245206
10454,0.00166,172.31.36.0-255,66,185904,10,245206
10455,0.001664,172.31.36.0-255,66,185970,10,245206
10456,0.00168,172.31.36.0-255,66,186036,10,245206
10457,0.001698,74.125.24.0-255,1484,187520,10,245206
10458,0.001702,74.125.24.0-255,766,188286,10,245206
10459,0.001706,74.125.24.0-255,2902,191188,10,245206
10460,0.001706,172.31.36.0-255,66,191254,10,245206
10461,0.00171,74.125.24.0-255,4320,195574,10,245206
10462,0.001713,172.31.36.0-255,66,195640,10,245206
10463,0.001715,74.125.24.0-255,5738,201378,10,245206
10464,0.001734,172.31.36.0-255,66,201444,10,245206
10465,0.001751,74.125.24.0-255,2902,204346,10,245206
10466,0.001761,172.31.36.0-255,66,204412,10,245206
10467,0.001773,172.31.36.0-255,66,204478,10,245206
10468,0.001792,74.125.24.0-255,2902,207380,10,245206
10469,0.001795,74.125.24.0-255,766,208146,10,245206
10470,0.001798,172.31.36.0-255,66,208212,10,245206
10471,0.001806,74.125.24.0-255,1484,209696,10,245206
10472,0.001812,172.31.36.0-255,66,209762,10,245206
10473,0.001842,74.125.24.0-255,4320,214082,10,245206
10474,0.001848,74.125.24.0-255,5738,219820,10,245206
10475,0.00185,172.31.36.0-255,66,219886,10,245206
10476,0.001854,74.125.24.0-255,7156,227042,10,245206
10477,0.001855,172.31.36.0-255,66,227108,10,245206
10478,0.001867,172.31.36.0-255,66,227174,10,245206
10479,0.001899,74.125.24.0-255,766,227940,10,245206
10480,0.001907,172.31.36.0-255,66,228006,10,245206
10481,0.001936,74.125.24.0-255,4320,232326,10,245206
10482,0.001941,172.31.36.0-255,66,232392,10,245206
10483,0.00197,74.125.24.0-255,7156,239548,10,245206
10484,0.001973,74.125.24.0-255,963,240511,10,245206
10485,0.001979,172.31.36.0-255,66,240577,10,245206
10486,0.002006,74.125.24.0-255,105,240682,10,245206
10487,0.003853,172.31.36.0-255,66,240748,10,245206
10488,0.003882,172.31.36.0-255,105,240853,10,245206
10489,0.006426,74.125.24.0-255,66,240919,10,245206
10490,0.027237,172.31.36.0-255,172,241091,10,245206
10491,0.027272,172.31.36.0-255,1111,242202,10,245206
10492,0.027308,172.31.36.0-255,1514,243716,10,245206
10493,0.02731,172.31.36.0-255,1292,245008,10,245206
10494,0.028832,104.244.42.0-255,66,245074,10,245206
10495,0.028861,104.244.42.0-255,66,245140,10,245206
10496,0.028864,104.244.42.0-255,66,245206,10,245206
10497,0.0,74.125.24.0-255,153,153,10,327903
10498,1.6e-05,172.31.36.0-255,66,219,10,327903
10499,2.3e-05,74.125.24.0-255,1484,1703,10,327903
10500,2.7e-05,172.31.36.0-255,66,1769,10,327903
10501,3.4e-05,74.125.24.0-255,2902,4671,10,327903
10502,3.7e-05,172.31.36.0-255,66,4737,10,327903
10503,4.5e-05,74.125.24.0-255,7156,11893,10,327903
10504,4.9e-05,172.31.36.0-255,66,11959,10,327903
10505,5.6e-05,74.125.24.0-255,6231,18190,10,327903
10506,5.8e-05,172.31.36.0-255,66,18256,10,327903
10507,7.8e-05,74.125.24.0-255,2902,21158,10,327903
10508,8e-05,172.31.36.0-255,66,21224,10,327903
10509,0.000113,172.31.36.0-255,66,21290,10,327903
10510,0.000504,74.125.24.0-255,1484,22774,10,327903
10511,0.00051,172.31.36.0-255,66,22840,10,327903
10512,0.000516,74.125.24.0-255,2902,25742,10,327903
10513,0.000519,172.31.36.0-255,66,25808,10,327903
10514,0.000572,74.125.24.0-255,5738,31546,10,327903
10515,0.000576,172.31.36.0-255,66,31612,10,327903
10516,0.000582,74.125.24.0-255,4320,35932,10,327903
10517,0.000584,172.31.36.0-255,66,35998,10,327903
10518,0.00062,74.125.24.0-255,2543,38541,10,327903
10519,0.000623,172.31.36.0-255,66,38607,10,327903
10520,0.000708,74.125.24.0-255,1484,40091,10,327903
10521,0.000711,172.31.36.0-255,66,40157,10,327903
10522,0.000717,74.125.24.0-255,2902,43059,10,327903
10523,0.000719,172.31.36.0-255,66,43125,10,327903
10524,0.000731,74.125.24.0-255,1484,44609,10,327903
10525,0.000733,172.31.36.0-255,66,44675,10,327903
10526,0.000757,74.125.24.0-255,4320,48995,10,327903
10527,0.00076,172.31.36.0-255,66,49061,10,327903
10528,0.000766,74.125.24.0-255,4320,53381,10,327903
10529,0.000768,172.31.36.0-255,66,53447,10,327903
10530,0.000794,172.31.36.0-255,66,53513,10,327903
10531,0.000864,172.31.36.0-255,66,53579,10,327903
10532,0.000921,74.125.24.0-255,4320,57899,10,327903
10533,0.000924,172.31.36.0-255,66,57965,10,327903
10534,0.00095,74.125.24.0-255,5738,63703,10,327903
10535,0.000952,172.31.36.0-255,66,63769,10,327903
10536,0.000987,74.125.24.0-255,2902,66671,10,327903
10537,0.000991,172.31.36.0-255,66,66737,10,327903
10538,0.001001,74.125.24.0-255,1484,68221,10,327903
10539,0.001013,74.125.24.0-255,1484,69705,10,327903
10540,0.001016,172.31.36.0-255,66,69771,10,327903
10541,0.001035,74.125.24.0-255,1706,71477,10,327903
10542,0.00104,172.31.36.0-255,66,71543,10,327903
10543,0.001642,74.125.24.0-255,1484,73027,10,327903
10544,0.001652,74.125.24.0-255,2902,75929,10,327903
10545,0.001656,172.31.36.0-255,66,75995,10,327903
10546,0.001672,74.125.24.0-255,2902,78897,10,327903
10547,0.001675,172.31.36.0-255,66,78963,10,327903
10548,0.001696,74.125.24.0-255,2902,81865,10,327903
10549,0.001699,172.31.36.0-255,66,81931,10,327903
10550,0.00172,74.125.24.0-255,7156,89087,10,327903
10551,0.001722,172.31.36.0-255,66,89153,10,327903
10552,0.00174,74.125.24.0-255,2902,92055,10,327903
10553,0.001742,172.31.36.0-255,66,92121,10,327903
10554,0.001759,74.125.24.0-255,2902,95023,10,327903
10555,0.001761,172.31.36.0-255,66,95089,10,327903
10556,0.001792,172.31.36.0-255,66,95155,10,327903
10557,0.00184,74.125.24.0-255,2184,97339,10,327903
10558,0.001843,172.31.36.0-255,66,97405,10,327903
10559,0.00232,74.125.24.0-255,1484,98889,10,327903
10560,0.002327,74.125.24.0-255,1484,100373,10,327903
10561,0.002332,172.31.36.0-255,66,100439,10,327903
10562,0.002354,74.125.24.0-255,1484,101923,10,327903
10563,0.002361,74.125.24.0-255,5738,107661,10,327903
10564,0.002363,172.31.36.0-255,66,107727,10,327903
10565,0.00237,74.125.24.0-255,5738,113465,10,327903
10566,0.002372,172.31.36.0-255,66,113531,10,327903
10567,0.002405,74.125.24.0-255,1484,115015,10,327903
10568,0.002409,74.125.24.0-255,1484,116499,10,327903
10569,0.002411,172.31.36.0-255,66,116565,10,327903
10570,0.002425,74.125.24.0-255,1484,118049,10,327903
10571,0.00243,74.125.24.0-255,2902,120951,10,327903
10572,0.002432,172.31.36.0-255,66,121017,10,327903
10573,0.002452,74.125.24.0-255,2902,123919,10,327903
10574,0.002455,172.31.36.0-255,66,123985,10,327903
10575,0.002473,74.125.24.0-255,1484,125469,10,327903
10576,0.002494,74.125.24.0-255,6438,131907,10,327903
10577,0.002497,172.31.36.0-255,66,131973,10,327903
10578,0.005095,74.125.24.0-255,5738,137711,10,327903
10579,0.005103,172.31.36.0-255,66,137777,10,327903
10580,0.007683,74.125.24.0-255,5738,143515,10,327903
10581,0.007689,172.31.36.0-255,66,143581,10,327903
10582,0.010292,74.125.24.0-255,5738,149319,10,327903
10583,0.010299,172.31.36.0-255,66,149385,10,327903
10584,0.012889,74.125.24.0-255,5738,155123,10,327903
10585,0.012901,172.31.36.0-255,66,155189,10,327903
10586,0.015519,74.125.24.0-255,5738,160927,10,327903
10587,0.015531,172.31.36.0-255,66,160993,10,327903
10588,0.018133,74.125.24.0-255,5738,166731,10,327903
10589,0.018143,172.31.36.0-255,66,166797,10,327903
10590,0.020731,74.125.24.0-255,5738,172535,10,327903
10591,0.020742,172.31.36.0-255,66,172601,10,327903
10592,0.023386,74.125.24.0-255,5738,178339,10,327903
10593,0.023396,172.31.36.0-255,66,178405,10,327903
10594,0.026026,74.125.24.0-255,5738,184143,10,327903
10595,0.026045,172.31.36.0-255,66,184209,10,327903
10596,0.028665,74.125.24.0-255,5738,189947,10,327903
10597,0.028677,172.31.36.0-255,66,190013,10,327903
10598,0.031302,74.125.24.0-255,5738,195751,10,327903
10599,0.031311,172.31.36.0-255,66,195817,10,327903
10600,0.033099,172.31.36.0-255,283,196100,10,327903
10601,0.033132,172.31.36.0-255,956,197056,10,327903
10602,0.0332,172.31.36.0-255,1514,198570,10,327903
10603,0.033202,172.31.36.0-255,1447,200017,10,327903
10604,0.033898,74.125.24.0-255,5738,205755,10,327903
10605,0.033905,172.31.36.0-255,66,205821,10,327903
10606,0.034677,104.244.42.0-255,66,205887,10,327903
10607,0.034685,104.244.42.0-255,66,205953,10,327903
10608,0.034806,104.244.42.0-255,66,206019,10,327903
10609,0.036489,74.125.24.0-255,5738,211757,10,327903
10610,0.036498,172.31.36.0-255,66,211823,10,327903
10611,0.039099,74.125.24.0-255,5738,217561,10,327903
10612,0.039108,172.31.36.0-255,66,217627,10,327903
10613,0.041746,74.125.24.0-255,5738,223365,10,327903
10614,0.041766,172.31.36.0-255,66,223431,10,327903
10615,0.044405,74.125.24.0-255,5738,229169,10,327903
10616,0.044412,172.31.36.0-255,66,229235,10,327903
10617,0.046992,74.125.24.0-255,5738,234973,10,327903
10618,0.047,172.31.36.0-255,66,235039,10,327903
10619,0.049595,74.125.24.0-255,5738,240777,10,327903
10620,0.049602,172.31.36.0-255,66,240843,10,327903
10621,0.052202,74.125.24.0-255,5738,246581,10,327903
10622,0.052209,172.31.36.0-255,66,246647,10,327903
10623,0.054784,74.125.24.0-255,5738,252385,10,327903
10624,0.054794,172.31.36.0-255,66,252451,10,327903
10625,0.057402,74.125.24.0-255,5738,258189,10,327903
10626,0.057414,172.31.36.0-255,66,258255,10,327903
10627,0.060037,74.125.24.0-255,5738,263993,10,327903
10628,0.060052,172.31.36.0-255,66,264059,10,327903
10629,0.062679,74.125.24.0-255,5738,269797,10,327903
10630,0.062686,172.31.36.0-255,66,269863,10,327903
10631,0.065341,74.125.24.0-255,5738,275601,10,327903
10632,0.065348,172.31.36.0-255,66,275667,10,327903
10633,0.067931,74.125.24.0-255,5738,281405,10,327903
10634,0.067938,172.31.36.0-255,66,281471,10,327903
10635,0.070534,74.125.24.0-255,5738,287209,10,327903
10636,0.070541,172.31.36.0-255,66,287275,10,327903
10637,0.073158,74.125.24.0-255,5738,293013,10,327903
10638,0.073168,172.31.36.0-255,66,293079,10,327903
10639,0.075776,74.125.24.0-255,5738,298817,10,327903
10640,0.075786,172.31.36.0-255,66,298883,10,327903
10641,0.078421,74.125.24.0-255,5738,304621,10,327903
10642,0.078428,172.31.36.0-255,66,304687,10,327903
10643,0.08102,74.125.24.0-255,5738,310425,10,327903
10644,0.081027,172.31.36.0-255,66,310491,10,327903
10645,0.083626,74.125.24.0-255,5738,316229,10,327903
10646,0.083633,172.31.36.0-255,66,316295,10,327903
10647,0.086241,74.125.24.0-255,5738,322033,10,327903
10648,0.086248,172.31.36.0-255,66,322099,10,327903
10649,0.088828,74.125.24.0-255,5738,327837,10,327903
10650,0.088836,172.31.36.0-255,66,327903,10,327903
10651,0.0,172.217.194.0-255,145,145,10,92368
10652,3.3e-05,172.31.36.0-255,66,211,10,92368
10653,4e-05,172.217.194.0-255,1484,1695,10,92368
10654,4.4e-05,172.31.36.0-255,66,1761,10,92368
10655,4.9e-05,172.217.194.0-255,2902,4663,10,92368
10656,5.1e-05,172.31.36.0-255,66,4729,10,92368
10657,6.4e-05,172.217.194.0-255,4320,9049,10,92368
10658,6.7e-05,172.31.36.0-255,66,9115,10,92368
10659,0.000101,172.217.194.0-255,7156,16271,10,92368
10660,0.000104,172.31.36.0-255,66,16337,10,92368
10661,0.000131,172.217.194.0-255,2057,18394,10,92368
10662,0.000134,172.31.36.0-255,66,18460,10,92368
10663,0.000196,172.217.194.0-255,5738,24198,10,92368
10664,0.0002,172.31.36.0-255,66,24264,10,92368
10665,0.00023,172.217.194.0-255,6797,31061,10,92368
10666,0.000232,172.31.36.0-255,66,31127,10,92368
10667,0.000334,172.217.194.0-255,2902,34029,10,92368
10668,0.000338,172.31.36.0-255,66,34095,10,92368
10669,0.000377,172.31.36.0-255,66,34161,10,92368
10670,0.000474,172.217.194.0-255,1484,35645,10,92368
10671,0.000477,172.31.36.0-255,66,35711,10,92368
10672,0.000524,172.31.36.0-255,66,35777,10,92368
10673,0.000689,172.217.194.0-255,437,36214,10,92368
10674,0.000694,172.31.36.0-255,66,36280,10,92368
10675,0.000723,172.217.194.0-255,4320,40600,10,92368
10676,0.000726,172.31.36.0-255,66,40666,10,92368
10677,0.000772,172.31.36.0-255,66,40732,10,92368
10678,0.000988,172.217.194.0-255,5738,46470,10,92368
10679,0.000994,172.31.36.0-255,66,46536,10,92368
10680,0.001011,172.217.194.0-255,5020,51556,10,92368
10681,0.001014,172.31.36.0-255,66,51622,10,92368
10682,0.001111,172.31.36.0-255,66,51688,10,92368
10683,0.001157,172.31.36.0-255,66,51754,10,92368
10684,0.001473,172.31.36.0-255,66,51820,10,92368
10685,0.001501,172.217.194.0-255,2184,54004,10,92368
10686,0.00161,172.217.194.0-255,7156,61160,10,92368
10687,0.002998,172.217.194.0-255,4320,65480,10,92368
10688,0.003738,172.217.194.0-255,5738,71218,10,92368
10689,0.004142,172.31.36.0-255,66,71284,10,92368
10690,0.006425,172.217.194.0-255,4320,75604,10,92368
10691,0.006432,172.31.36.0-255,66,75670,10,92368
10692,0.006458,172.217.194.0-255,1484,77154,10,92368
10693,0.008686,172.217.194.0-255,4320,81474,10,92368
10694,0.009297,172.31.36.0-255,66,81540,10,92368
10695,0.011559,172.217.194.0-255,5738,87278,10,92368
10696,0.011567,172.31.36.0-255,66,87344,10,92368
10697,0.013811,172.217.194.0-255,498,87842,10,92368
10698,0.014769,172.31.36.0-255,66,87908,10,92368
10699,0.014799,172.31.36.0-255,105,88013,10,92368
10700,0.017056,172.217.194.0-255,66,88079,10,92368
10701,0.028696,172.31.36.0-255,172,88251,10,92368
10702,0.028725,172.31.36.0-255,1113,89364,10,92368
10703,0.028759,172.31.36.0-255,1514,90878,10,92368
10704,0.028761,172.31.36.0-255,1292,92170,10,92368
10705,0.030192,104.244.42.0-255,66,92236,10,92368
10706,0.030251,104.244.42.0-255,66,92302,10,92368
10707,0.030257,104.244.42.0-255,66,92368,10,92368
10708,0.0,74.125.24.0-255,151,151,10,215436
10709,2.6e-05,172.31.36.0-255,66,217,10,215436
10710,3.3e-05,74.125.24.0-255,1484,1701,10,215436
10711,3.7e-05,172.31.36.0-255,66,1767,10,215436
10712,4.2e-05,74.125.24.0-255,2902,4669,10,215436
10713,4.4e-05,172.31.36.0-255,66,4735,10,215436
10714,4.8e-05,74.125.24.0-255,2902,7637,10,215436
10715,5e-05,172.31.36.0-255,66,7703,10,215436
10716,6.5e-05,74.125.24.0-255,4320,12023,10,215436
10717,6.8e-05,172.31.36.0-255,66,12089,10,215436
10718,9.9e-05,74.125.24.0-255,5738,17827,10,215436
10719,0.000101,172.31.36.0-255,66,17893,10,215436
10720,0.000127,74.125.24.0-255,6307,24200,10,215436
10721,0.000129,172.31.36.0-255,66,24266,10,215436
10722,0.000141,172.31.36.0-255,66,24332,10,215436
10723,0.000176,172.31.36.0-255,66,24398,10,215436
10724,0.000192,74.125.24.0-255,766,25164,10,215436
10725,0.000194,172.31.36.0-255,66,25230,10,215436
10726,0.000197,74.125.24.0-255,1484,26714,10,215436
10727,0.0002,172.31.36.0-255,66,26780,10,215436
10728,0.000204,74.125.24.0-255,2902,29682,10,215436
10729,0.000207,172.31.36.0-255,66,29748,10,215436
10730,0.000212,74.125.24.0-255,4320,34068,10,215436
10731,0.000214,172.31.36.0-255,66,34134,10,215436
10732,0.000238,74.125.24.0-255,1484,35618,10,215436
10733,0.000241,172.31.36.0-255,66,35684,10,215436
10734,0.000248,74.125.24.0-255,7151,42835,10,215436
10735,0.00025,172.31.36.0-255,66,42901,10,215436
10736,0.000311,74.125.24.0-255,1484,44385,10,215436
10737,0.000314,172.31.36.0-255,66,44451,10,215436
10738,0.00032,74.125.24.0-255,2902,47353,10,215436
10739,0.000322,172.31.36.0-255,66,47419,10,215436
10740,0.000343,74.125.24.0-255,4320,51739,10,215436
10741,0.000347,172.31.36.0-255,66,51805,10,215436
10742,0.000367,74.125.24.0-255,1484,53289,10,215436
10743,0.000384,172.31.36.0-255,66,53355,10,215436
10744,0.000389,74.125.24.0-255,4320,57675,10,215436
10745,0.000395,172.31.36.0-255,66,57741,10,215436
10746,0.00041,74.125.24.0-255,6438,64179,10,215436
10747,0.000414,172.31.36.0-255,66,64245,10,215436
10748,0.000421,172.31.36.0-255,101,64346,10,215436
10749,0.000433,74.125.24.0-255,331,64677,10,215436
10750,0.000467,74.125.24.0-255,1484,66161,10,215436
10751,0.00047,172.31.36.0-255,66,66227,10,215436
10752,0.000495,74.125.24.0-255,4320,70547,10,215436
10753,0.000499,172.31.36.0-255,66,70613,10,215436
10754,0.000505,74.125.24.0-255,5738,76351,10,215436
10755,0.000508,172.31.36.0-255,66,76417,10,215436
10756,0.000515,74.125.24.0-255,7156,83573,10,215436
10757,0.000517,172.31.36.0-255,66,83639,10,215436
10758,0.000523,74.125.24.0-255,4320,87959,10,215436
10759,0.000562,172.31.36.0-255,66,88025,10,215436
10760,0.000564,172.31.36.0-255,66,88091,10,215436
10761,0.000567,74.125.24.0-255,766,88857,10,215436
10762,0.000605,74.125.24.0-255,4320,93177,10,215436
10763,0.000609,172.31.36.0-255,66,93243,10,215436
10764,0.000641,172.31.36.0-255,66,93309,10,215436
10765,0.000645,74.125.24.0-255,1484,94793,10,215436
10766,0.000649,74.125.24.0-255,2902,97695,10,215436
10767,0.000652,172.31.36.0-255,66,97761,10,215436
10768,0.00069,172.31.36.0-255,66,97827,10,215436
10769,0.000849,74.125.24.0-255,1484,99311,10,215436
10770,0.000915,74.125.24.0-255,2902,102213,10,215436
10771,0.000919,172.31.36.0-255,66,102279,10,215436
10772,0.000926,74.125.24.0-255,4320,106599,10,215436
10773,0.000928,172.31.36.0-255,66,106665,10,215436
10774,0.000956,74.125.24.0-255,7156,113821,10,215436
10775,0.000958,172.31.36.0-255,66,113887,10,215436
10776,0.000972,74.125.24.0-255,1484,115371,10,215436
10777,0.000979,74.125.24.0-255,7156,122527,10,215436
10778,0.000982,172.31.36.0-255,66,122593,10,215436
10779,0.00101,74.125.24.0-255,5738,128331,10,215436
10780,0.001014,172.31.36.0-255,66,128397,10,215436
10781,0.001023,74.125.24.0-255,2902,131299,10,215436
10782,0.001025,172.31.36.0-255,66,131365,10,215436
10783,0.001028,74.125.24.0-255,766,132131,10,215436
10784,0.001526,74.125.24.0-255,1484,133615,10,215436
10785,0.001532,172.31.36.0-255,66,133681,10,215436
10786,0.001544,74.125.24.0-255,2902,136583,10,215436
10787,0.001547,172.31.36.0-255,66,136649,10,215436
10788,0.001552,74.125.24.0-255,4320,140969,10,215436
10789,0.001554,172.31.36.0-255,66,141035,10,215436
10790,0.001578,74.125.24.0-255,1484,142519,10,215436
10791,0.001591,172.31.36.0-255,66,142585,10,215436
10792,0.001616,74.125.24.0-255,2902,145487,10,215436
10793,0.001619,172.31.36.0-255,66,145553,10,215436
10794,0.001685,172.31.36.0-255,66,145619,10,215436
10795,0.001709,172.31.36.0-255,66,145685,10,215436
10796,0.001732,172.31.36.0-255,66,145751,10,215436
10797,0.00175,74.125.24.0-255,2184,147935,10,215436
10798,0.001753,172.31.36.0-255,66,148001,10,215436
10799,0.001819,74.125.24.0-255,1484,149485,10,215436
10800,0.001835,74.125.24.0-255,2902,152387,10,215436
10801,0.001839,172.31.36.0-255,66,152453,10,215436
10802,0.001842,74.125.24.0-255,1484,153937,10,215436
10803,0.001859,74.125.24.0-255,4320,158257,10,215436
10804,0.001863,172.31.36.0-255,66,158323,10,215436
10805,0.00189,74.125.24.0-255,2902,161225,10,215436
10806,0.001894,172.31.36.0-255,66,161291,10,215436
10807,0.001915,74.125.24.0-255,5738,167029,10,215436
10808,0.001918,172.31.36.0-255,66,167095,10,215436
10809,0.001938,74.125.24.0-255,4320,171415,10,215436
10810,0.001941,172.31.36.0-255,66,171481,10,215436
10811,0.001972,74.125.24.0-255,1484,172965,10,215436
10812,0.002006,172.31.36.0-255,66,173031,10,215436
10813,0.002062,74.125.24.0-255,1484,174515,10,215436
10814,0.002068,74.125.24.0-255,2902,177417,10,215436
10815,0.002072,172.31.36.0-255,66,177483,10,215436
10816,0.002095,74.125.24.0-255,5738,183221,10,215436
10817,0.002099,172.31.36.0-255,66,183287,10,215436
10818,0.002121,74.125.24.0-255,4320,187607,10,215436
10819,0.002124,172.31.36.0-255,66,187673,10,215436
10820,0.002159,74.125.24.0-255,5738,193411,10,215436
10821,0.002163,172.31.36.0-255,66,193477,10,215436
10822,0.002175,172.31.36.0-255,66,193543,10,215436
10823,0.002183,74.125.24.0-255,5738,199281,10,215436
10824,0.002185,172.31.36.0-255,66,199347,10,215436
10825,0.002222,172.31.36.0-255,66,199413,10,215436
10826,0.002238,172.31.36.0-255,66,199479,10,215436
10827,0.002243,74.125.24.0-255,3602,203081,10,215436
10828,0.00225,172.31.36.0-255,66,203147,10,215436
10829,0.002269,74.125.24.0-255,5738,208885,10,215436
10830,0.002272,172.31.36.0-255,66,208951,10,215436
10831,0.002326,172.31.36.0-255,66,209017,10,215436
10832,0.002331,172.31.36.0-255,66,209083,10,215436
10833,0.002355,74.125.24.0-255,1484,210567,10,215436
10834,0.002378,74.125.24.0-255,105,210672,10,215436
10835,0.002388,172.31.36.0-255,66,210738,10,215436
10836,0.002707,74.125.24.0-255,66,210804,10,215436
10837,0.008005,172.31.36.0-255,105,210909,10,215436
10838,0.010294,74.125.24.0-255,66,210975,10,215436
10839,0.031631,172.31.36.0-255,172,211147,10,215436
10840,0.031662,172.31.36.0-255,1113,212260,10,215436
10841,0.031709,172.31.36.0-255,1514,213774,10,215436
10842,0.03171,172.31.36.0-255,1290,215064,10,215436
10843,0.033184,104.244.42.0-255,66,215130,10,215436
10844,0.033193,104.244.42.0-255,66,215196,10,215436
10845,0.033276,104.244.42.0-255,66,215262,10,215436
10846,0.034382,104.244.42.0-255,108,215370,10,215436
10847,0.034402,172.31.36.0-255,66,215436,10,215436
10848,0.0,74.125.200.0-255,142,142,10,293581
10849,3.5e-05,172.31.36.0-255,66,208,10,293581
10850,4.1e-05,74.125.200.0-255,1484,1692,10,293581
10851,4.5e-05,172.31.36.0-255,66,1758,10,293581
10852,4.8e-05,74.125.200.0-255,1484,3242,10,293581
10853,5e-05,172.31.36.0-255,66,3308,10,293581
10854,5.6e-05,74.125.200.0-255,2902,6210,10,293581
10855,5.9e-05,172.31.36.0-255,66,6276,10,293581
10856,6.5e-05,74.125.200.0-255,5738,12014,10,293581
10857,6.8e-05,172.31.36.0-255,66,12080,10,293581
10858,9.2e-05,74.125.200.0-255,4320,16400,10,293581
10859,9.5e-05,172.31.36.0-255,66,16466,10,293581
10860,0.000119,74.125.200.0-255,2040,18506,10,293581
10861,0.000121,172.31.36.0-255,66,18572,10,293581
10862,0.000128,74.125.200.0-255,7156,25728,10,293581
10863,0.00013,172.31.36.0-255,66,25794,10,293581
10864,0.000146,74.125.200.0-255,5379,31173,10,293581
10865,0.000149,172.31.36.0-255,66,31239,10,293581
10866,0.000376,74.125.200.0-255,1484,32723,10,293581
10867,0.000381,172.31.36.0-255,66,32789,10,293581
10868,0.000385,74.125.200.0-255,1484,34273,10,293581
10869,0.000388,172.31.36.0-255,66,34339,10,293581
10870,0.000402,74.125.200.0-255,1484,35823,10,293581
10871,0.000405,172.31.36.0-255,66,35889,10,293581
10872,0.000411,74.125.200.0-255,4320,40209,10,293581
10873,0.000415,172.31.36.0-255,66,40275,10,293581
10874,0.000446,172.31.36.0-255,66,40341,10,293581
10875,0.000452,74.125.200.0-255,5738,46079,10,293581
10876,0.000454,172.31.36.0-255,66,46145,10,293581
10877,0.00047,74.125.200.0-255,4320,50465,10,293581
10878,0.000474,172.31.36.0-255,66,50531,10,293581
10879,0.000501,74.125.200.0-255,6438,56969,10,293581
10880,0.000505,172.31.36.0-255,66,57035,10,293581
10881,0.000529,74.125.200.0-255,398,57433,10,293581
10882,0.000577,74.125.200.0-255,109,57542,10,293581
10883,0.000873,172.31.36.0-255,66,57608,10,293581
10884,0.001182,74.125.200.0-255,1484,59092,10,293581
10885,0.001194,74.125.200.0-255,2902,61994,10,293581
10886,0.001198,172.31.36.0-255,66,62060,10,293581
10887,0.001223,74.125.200.0-255,2902,64962,10,293581
10888,0.001225,172.31.36.0-255,66,65028,10,293581
10889,0.001253,74.125.200.0-255,2902,67930,10,293581
10890,0.001255,172.31.36.0-255,66,67996,10,293581
10891,0.001262,74.125.200.0-255,7156,75152,10,293581
10892,0.001265,172.31.36.0-255,66,75218,10,293581
10893,0.001274,172.31.36.0-255,66,75284,10,293581
10894,0.001278,74.125.200.0-255,2902,78186,10,293581
10895,0.001281,172.31.36.0-255,66,78252,10,293581
10896,0.001301,74.125.200.0-255,5020,83272,10,293581
10897,0.001303,172.31.36.0-255,66,83338,10,293581
10898,0.001395,74.125.200.0-255,1484,84822,10,293581
10899,0.001403,74.125.200.0-255,2902,87724,10,293581
10900,0.001406,172.31.36.0-255,66,87790,10,293581
10901,0.001429,74.125.200.0-255,4320,92110,10,293581
10902,0.001432,172.31.36.0-255,66,92176,10,293581
10903,0.001449,74.125.200.0-255,4320,96496,10,293581
10904,0.001452,172.31.36.0-255,66,96562,10,293581
10905,0.001471,74.125.200.0-255,1484,98046,10,293581
10906,0.001488,74.125.200.0-255,7156,105202,10,293581
10907,0.001492,172.31.36.0-255,66,105268,10,293581
10908,0.00153,172.31.36.0-255,66,105334,10,293581
10909,0.001535,74.125.200.0-255,3602,108936,10,293581
10910,0.001538,172.31.36.0-255,66,109002,10,293581
10911,0.001583,74.125.200.0-255,1484,110486,10,293581
10912,0.001609,172.31.36.0-255,66,110552,10,293581
10913,0.001627,74.125.200.0-255,1484,112036,10,293581
10914,0.001638,172.31.36.0-255,66,112102,10,293581
10915,0.001661,74.125.200.0-255,5738,117840,10,293581
10916,0.001663,172.31.36.0-255,66,117906,10,293581
10917,0.001681,74.125.200.0-255,3602,121508,10,293581
10918,0.001683,172.31.36.0-255,66,121574,10,293581
10919,0.001709,74.125.200.0-255,4320,125894,10,293581
10920,0.001712,172.31.36.0-255,66,125960,10,293581
10921,0.001733,74.125.200.0-255,5738,131698,10,293581
10922,0.001736,172.31.36.0-255,66,131764,10,293581
10923,0.001739,74.125.200.0-255,1484,133248,10,293581
10924,0.001757,74.125.200.0-255,5738,138986,10,293581
10925,0.001759,172.31.36.0-255,66,139052,10,293581
10926,0.001777,74.125.200.0-255,4320,143372,10,293581
10927,0.001779,172.31.36.0-255,66,143438,10,293581
10928,0.001805,172.31.36.0-255,66,143504,10,293581
10929,0.001835,74.125.200.0-255,2184,145688,10,293581
10930,0.001837,172.31.36.0-255,66,145754,10,293581
10931,0.001854,74.125.200.0-255,2902,148656,10,293581
10932,0.001856,172.31.36.0-255,66,148722,10,293581
10933,0.001871,74.125.200.0-255,1484,150206,10,293581
10934,0.001882,74.125.200.0-255,1484,151690,10,293581
10935,0.001884,172.31.36.0-255,66,151756,10,293581
10936,0.001903,74.125.200.0-255,4320,156076,10,293581
10937,0.001906,172.31.36.0-255,66,156142,10,293581
10938,0.001921,74.125.200.0-255,1484,157626,10,293581
10939,0.001942,74.125.200.0-255,7156,164782,10,293581
10940,0.001944,172.31.36.0-255,66,164848,10,293581
10941,0.001966,74.125.200.0-255,5738,170586,10,293581
10942,0.001968,172.31.36.0-255,66,170652,10,293581
10943,0.001987,74.125.200.0-255,4320,174972,10,293581
10944,0.00199,172.31.36.0-255,66,175038,10,293581
10945,0.001995,74.125.200.0-255,4320,179358,10,293581
10946,0.001997,172.31.36.0-255,66,179424,10,293581
10947,0.002046,74.125.200.0-255,5738,185162,10,293581
10948,0.002049,172.31.36.0-255,66,185228,10,293581
10949,0.002084,172.31.36.0-255,66,185294,10,293581
10950,0.002102,172.31.36.0-255,66,185360,10,293581
10951,0.002107,74.125.200.0-255,3602,188962,10,293581
10952,0.00211,172.31.36.0-255,66,189028,10,293581
10953,0.002177,172.31.36.0-255,66,189094,10,293581
10954,0.002187,172.31.36.0-255,66,189160,10,293581
10955,0.00219,74.125.200.0-255,2902,192062,10,293581
10956,0.002192,172.31.36.0-255,66,192128,10,293581
10957,0.002248,172.31.36.0-255,66,192194,10,293581
10958,0.002284,74.125.200.0-255,1484,193678,10,293581
10959,0.002301,74.125.200.0-255,2902,196580,10,293581
10960,0.002303,172.31.36.0-255,66,196646,10,293581
10961,0.002306,74.125.200.0-255,1484,198130,10,293581
10962,0.00232,74.125.200.0-255,4320,202450,10,293581
10963,0.002322,172.31.36.0-255,66,202516,10,293581
10964,0.002338,74.125.200.0-255,2902,205418,10,293581
10965,0.002341,172.31.36.0-255,66,205484,10,293581
10966,0.002363,74.125.200.0-255,4320,209804,10,293581
10967,0.002365,172.31.36.0-255,66,209870,10,293581
10968,0.002374,172.31.36.0-255,66,209936,10,293581
10969,0.002377,74.125.200.0-255,1484,211420,10,293581
10970,0.002406,74.125.200.0-255,6438,217858,10,293581
10971,0.002408,172.31.36.0-255,66,217924,10,293581
10972,0.002414,74.125.200.0-255,7156,225080,10,293581
10973,0.002416,172.31.36.0-255,66,225146,10,293581
10974,0.002427,74.125.200.0-255,1484,226630,10,293581
10975,0.00243,74.125.200.0-255,1484,228114,10,293581
10976,0.002431,172.31.36.0-255,66,228180,10,293581
10977,0.002449,74.125.200.0-255,4320,232500,10,293581
10978,0.002451,172.31.36.0-255,66,232566,10,293581
10979,0.002458,74.125.200.0-255,5738,238304,10,293581
10980,0.00246,172.31.36.0-255,66,238370,10,293581
10981,0.002479,74.125.200.0-255,1484,239854,10,293581
10982,0.002501,74.125.200.0-255,5738,245592,10,293581
10983,0.002503,172.31.36.0-255,66,245658,10,293581
10984,0.002526,74.125.200.0-255,6438,252096,10,293581
10985,0.002528,172.31.36.0-255,66,252162,10,293581
10986,0.00255,172.31.36.0-255,66,252228,10,293581
10987,0.002565,74.125.200.0-255,4320,256548,10,293581
10988,0.002567,172.31.36.0-255,66,256614,10,293581
10989,0.002572,74.125.200.0-255,4320,260934,10,293581
10990,0.002574,172.31.36.0-255,66,261000,10,293581
10991,0.002586,74.125.200.0-255,2902,263902,10,293581
10992,0.002588,172.31.36.0-255,66,263968,10,293581
10993,0.002608,74.125.200.0-255,5738,269706,10,293581
10994,0.002611,172.31.36.0-255,66,269772,10,293581
10995,0.005165,74.125.200.0-255,5738,275510,10,293581
10996,0.005169,172.31.36.0-255,66,275576,10,293581
10997,0.00771,74.125.200.0-255,5738,281314,10,293581
10998,0.007716,172.31.36.0-255,66,281380,10,293581
10999,0.010269,74.125.200.0-255,5738,287118,10,293581
11000,0.010275,172.31.36.0-255,66,287184,10,293581
11001,0.012823,74.125.200.0-255,1878,289062,10,293581
11002,0.012831,172.31.36.0-255,66,289128,10,293581
11003,0.015637,172.31.36.0-255,105,289233,10,293581
11004,0.018145,74.125.200.0-255,66,289299,10,293581
11005,0.032989,172.31.36.0-255,167,289466,10,293581
11006,0.033021,172.31.36.0-255,1112,290578,10,293581
11007,0.033059,172.31.36.0-255,1514,292092,10,293581
11008,0.03306,172.31.36.0-255,1291,293383,10,293581
11009,0.034515,104.244.42.0-255,66,293449,10,293581
11010,0.034547,104.244.42.0-255,66,293515,10,293581
11011,0.034594,104.244.42.0-255,66,293581,10,293581
11012,0.0,172.217.27.0-255,153,153,10,380022
11013,1.6e-05,172.31.36.0-255,66,219,10,380022
11014,2.3e-05,172.217.27.0-255,1484,1703,10,380022
11015,2.8e-05,172.31.36.0-255,66,1769,10,380022
11016,3.5e-05,172.217.27.0-255,2902,4671,10,380022
11017,4.6e-05,172.31.36.0-255,66,4737,10,380022
11018,5.4e-05,172.217.27.0-255,7156,11893,10,380022
11019,5.7e-05,172.31.36.0-255,66,11959,10,380022
11020,6.1e-05,172.217.27.0-255,1967,13926,10,380022
11021,6.4e-05,172.31.36.0-255,66,13992,10,380022
11022,0.00013,172.217.27.0-255,1484,15476,10,380022
11023,0.000133,172.31.36.0-255,66,15542,10,380022
11024,0.000138,172.217.27.0-255,2902,18444,10,380022
11025,0.000141,172.31.36.0-255,66,18510,10,380022
11026,0.000173,172.217.27.0-255,5738,24248,10,380022
11027,0.000176,172.31.36.0-255,66,24314,10,380022
11028,0.00021,172.31.36.0-255,66,24380,10,380022
11029,0.00026,172.217.27.0-255,5738,30118,10,380022
11030,0.000264,172.31.36.0-255,66,30184,10,380022
11031,0.000294,172.217.27.0-255,5379,35563,10,380022
11032,0.000296,172.31.36.0-255,66,35629,10,380022
11033,0.000299,172.217.27.0-255,1484,37113,10,380022
11034,0.000302,172.31.36.0-255,66,37179,10,380022
11035,0.000337,172.217.27.0-255,2902,40081,10,380022
11036,0.00034,172.31.36.0-255,66,40147,10,380022
11037,0.000346,172.217.27.0-255,5738,45885,10,380022
11038,0.000348,172.31.36.0-255,66,45951,10,380022
11039,0.000362,172.217.27.0-255,6797,52748,10,380022
11040,0.000364,172.31.36.0-255,66,52814,10,380022
11041,0.000417,172.217.27.0-255,398,53212,10,380022
11042,0.00042,172.31.36.0-255,66,53278,10,380022
11043,0.000923,172.217.27.0-255,114,53392,10,380022
11044,0.001059,172.217.27.0-255,1484,54876,10,380022
11045,0.001064,172.31.36.0-255,66,54942,10,380022
11046,0.001069,172.217.27.0-255,2902,57844,10,380022
11047,0.001071,172.31.36.0-255,66,57910,10,380022
11048,0.001078,172.217.27.0-255,5738,63648,10,380022
11049,0.001085,172.31.36.0-255,66,63714,10,380022
11050,0.001095,172.217.27.0-255,1484,65198,10,380022
11051,0.001138,172.31.36.0-255,66,65264,10,380022
11052,0.001146,172.217.27.0-255,7156,72420,10,380022
11053,0.001148,172.31.36.0-255,66,72486,10,380022
11054,0.001173,172.217.27.0-255,2543,75029,10,380022
11055,0.001175,172.31.36.0-255,66,75095,10,380022
11056,0.001633,172.217.27.0-255,1484,76579,10,380022
11057,0.001641,172.217.27.0-255,2902,79481,10,380022
11058,0.001645,172.31.36.0-255,66,79547,10,380022
11059,0.001654,172.217.27.0-255,5738,85285,10,380022
11060,0.001656,172.31.36.0-255,66,85351,10,380022
11061,0.001664,172.217.27.0-255,1484,86835,10,380022
11062,0.00171,172.31.36.0-255,66,86901,10,380022
11063,0.001721,172.31.36.0-255,66,86967,10,380022
11064,0.001729,172.217.27.0-255,2184,89151,10,380022
11065,0.001732,172.31.36.0-255,66,89217,10,380022
11066,0.003394,172.217.27.0-255,5738,94955,10,380022
11067,0.003399,172.31.36.0-255,66,95021,10,380022
11068,0.005072,172.217.27.0-255,5738,100759,10,380022
11069,0.005076,172.31.36.0-255,66,100825,10,380022
11070,0.006754,172.217.27.0-255,5738,106563,10,380022
11071,0.00676,172.31.36.0-255,66,106629,10,380022
11072,0.008439,172.217.27.0-255,5738,112367,10,380022
11073,0.008445,172.31.36.0-255,66,112433,10,380022
11074,0.010131,172.217.27.0-255,5738,118171,10,380022
11075,0.010138,172.31.36.0-255,66,118237,10,380022
11076,0.011823,172.217.27.0-255,5738,123975,10,380022
11077,0.01183,172.31.36.0-255,66,124041,10,380022
11078,0.013512,172.217.27.0-255,5738,129779,10,380022
11079,0.013519,172.31.36.0-255,66,129845,10,380022
11080,0.0152,172.217.27.0-255,5738,135583,10,380022
11081,0.015209,172.31.36.0-255,66,135649,10,380022
11082,0.016881,172.217.27.0-255,5738,141387,10,380022
11083,0.016886,172.31.36.0-255,66,141453,10,380022
11084,0.017018,172.31.36.0-255,101,141554,10,380022
11085,0.018567,172.217.27.0-255,5738,147292,10,380022
11086,0.018575,172.31.36.0-255,66,147358,10,380022
11087,0.018648,172.217.27.0-255,66,147424,10,380022
11088,0.020256,172.217.27.0-255,5738,153162,10,380022
11089,0.020263,172.31.36.0-255,66,153228,10,380022
11090,0.021946,172.217.27.0-255,5738,158966,10,380022
11091,0.021953,172.31.36.0-255,66,159032,10,380022
11092,0.023635,172.217.27.0-255,5738,164770,10,380022
11093,0.023642,172.31.36.0-255,66,164836,10,380022
11094,0.025321,172.217.27.0-255,5738,170574,10,380022
11095,0.025328,172.31.36.0-255,66,170640,10,380022
11096,0.027013,172.217.27.0-255,5738,176378,10,380022
11097,0.027021,172.31.36.0-255,66,176444,10,380022
11098,0.028712,172.217.27.0-255,5738,182182,10,380022
11099,0.028719,172.31.36.0-255,66,182248,10,380022
11100,0.028781,172.31.36.0-255,188,182436,10,380022
11101,0.028808,172.31.36.0-255,956,183392,10,380022
11102,0.028924,172.31.36.0-255,1514,184906,10,380022
11103,0.028926,172.31.36.0-255,1447,186353,10,380022
11104,0.030328,104.244.42.0-255,66,186419,10,380022
11105,0.030368,104.244.42.0-255,66,186485,10,380022
11106,0.030412,172.217.27.0-255,5738,192223,10,380022
11107,0.030418,172.31.36.0-255,66,192289,10,380022
11108,0.030563,104.244.42.0-255,66,192355,10,380022
11109,0.032101,172.217.27.0-255,5738,198093,10,380022
11110,0.032108,172.31.36.0-255,66,198159,10,380022
11111,0.033823,172.217.27.0-255,5738,203897,10,380022
11112,0.03383,172.31.36.0-255,66,203963,10,380022
11113,0.035515,172.217.27.0-255,5738,209701,10,380022
11114,0.035521,172.31.36.0-255,66,209767,10,380022
11115,0.037213,172.217.27.0-255,5738,215505,10,380022
11116,0.037223,172.31.36.0-255,66,215571,10,380022
11117,0.038898,172.217.27.0-255,5738,221309,10,380022
11118,0.038905,172.31.36.0-255,66,221375,10,380022
11119,0.040597,172.217.27.0-255,5738,227113,10,380022
11120,0.040607,172.31.36.0-255,66,227179,10,380022
11121,0.042292,172.217.27.0-255,5738,232917,10,380022
11122,0.042302,172.31.36.0-255,66,232983,10,380022
11123,0.043983,172.217.27.0-255,5738,238721,10,380022
11124,0.043989,172.31.36.0-255,66,238787,10,380022
11125,0.045675,172.217.27.0-255,5738,244525,10,380022
11126,0.045681,172.31.36.0-255,66,244591,10,380022
11127,0.047368,172.217.27.0-255,5738,250329,10,380022
11128,0.047374,172.31.36.0-255,66,250395,10,380022
11129,0.049062,172.217.27.0-255,5738,256133,10,380022
11130,0.049069,172.31.36.0-255,66,256199,10,380022
11131,0.050755,172.217.27.0-255,5738,261937,10,380022
11132,0.050763,172.31.36.0-255,66,262003,10,380022
11133,0.052443,172.217.27.0-255,5738,267741,10,380022
11134,0.052451,172.31.36.0-255,66,267807,10,380022
11135,0.054132,172.217.27.0-255,5738,273545,10,380022
11136,0.054139,172.31.36.0-255,66,273611,10,380022
11137,0.055819,172.217.27.0-255,5738,279349,10,380022
11138,0.055825,172.31.36.0-255,66,279415,10,380022
11139,0.057501,172.217.27.0-255,5738,285153,10,380022
11140,0.057507,172.31.36.0-255,66,285219,10,380022
11141,0.059185,172.217.27.0-255,5738,290957,10,380022
11142,0.059191,172.31.36.0-255,66,291023,10,380022
11143,0.060881,172.217.27.0-255,5738,296761,10,380022
11144,0.060889,172.31.36.0-255,66,296827,10,380022
11145,0.062574,172.217.27.0-255,5738,302565,10,380022
11146,0.062581,172.31.36.0-255,66,302631,10,380022
11147,0.064266,172.217.27.0-255,5738,308369,10,380022
11148,0.064272,172.31.36.0-255,66,308435,10,380022
11149,0.065973,172.217.27.0-255,5738,314173,10,380022
11150,0.065979,172.31.36.0-255,66,314239,10,380022
11151,0.067681,172.217.27.0-255,5738,319977,10,380022
11152,0.067687,172.31.36.0-255,66,320043,10,380022
11153,0.069377,172.217.27.0-255,5738,325781,10,380022
11154,0.069384,172.31.36.0-255,66,325847,10,380022
11155,0.071062,172.217.27.0-255,5738,331585,10,380022
11156,0.071069,172.31.36.0-255,66,331651,10,380022
11157,0.072752,172.217.27.0-255,5738,337389,10,380022
11158,0.072758,172.31.36.0-255,66,337455,10,380022
11159,0.074436,172.217.27.0-255,5738,343193,10,380022
11160,0.074443,172.31.36.0-255,66,343259,10,380022
11161,0.076123,172.217.27.0-255,5738,348997,10,380022
11162,0.076129,172.31.36.0-255,66,349063,10,380022
11163,0.077804,172.217.27.0-255,5738,354801,10,380022
11164,0.077811,172.31.36.0-255,66,354867,10,380022
11165,0.079492,172.217.27.0-255,5738,360605,10,380022
11166,0.079498,172.31.36.0-255,66,360671,10,380022
11167,0.081185,172.217.27.0-255,5738,366409,10,380022
11168,0.081212,172.31.36.0-255,66,366475,10,380022
11169,0.08291,172.217.27.0-255,5738,372213,10,380022
11170,0.082917,172.31.36.0-255,66,372279,10,380022
11171,0.084607,172.217.27.0-255,5738,378017,10,380022
11172,0.084613,172.31.36.0-255,66,378083,10,380022
11173,0.086316,172.217.27.0-255,1768,379851,10,380022
11174,0.086323,172.31.36.0-255,66,379917,10,380022
11175,0.086499,172.31.36.0-255,105,380022,10,380022
11176,0.0,172.217.24.0-255,153,153,10,330910
11177,2.1e-05,172.31.36.0-255,66,219,10,330910
11178,2.8e-05,172.217.24.0-255,1484,1703,10,330910
11179,3.3e-05,172.31.36.0-255,66,1769,10,330910
11180,3.8e-05,172.217.24.0-255,2902,4671,10,330910
11181,4.1e-05,172.31.36.0-255,66,4737,10,330910
11182,4.5e-05,172.217.24.0-255,2902,7639,10,330910
11183,4.8e-05,172.31.36.0-255,66,7705,10,330910
11184,5.2e-05,172.217.24.0-255,2902,10607,10,330910
11185,5.4e-05,172.31.36.0-255,66,10673,10,330910
11186,5.9e-05,172.217.24.0-255,3480,14153,10,330910
11187,6.1e-05,172.31.36.0-255,66,14219,10,330910
11188,0.000436,172.217.24.0-255,1484,15703,10,330910
11189,0.000441,172.31.36.0-255,66,15769,10,330910
11190,0.000449,172.217.24.0-255,2902,18671,10,330910
11191,0.000451,172.31.36.0-255,66,18737,10,330910
11192,0.000457,172.217.24.0-255,5738,24475,10,330910
11193,0.000459,172.31.36.0-255,66,24541,10,330910
11194,0.000462,172.217.24.0-255,1484,26025,10,330910
11195,0.000464,172.31.36.0-255,66,26091,10,330910
11196,0.000477,172.217.24.0-255,2902,28993,10,330910
11197,0.000479,172.31.36.0-255,66,29059,10,330910
11198,0.000512,172.217.24.0-255,2543,31602,10,330910
11199,0.000514,172.31.36.0-255,66,31668,10,330910
11200,0.000778,172.217.24.0-255,1484,33152,10,330910
11201,0.000784,172.31.36.0-255,66,33218,10,330910
11202,0.000789,172.217.24.0-255,2902,36120,10,330910
11203,0.000791,172.31.36.0-255,66,36186,10,330910
11204,0.000795,172.217.24.0-255,2902,39088,10,330910
11205,0.000797,172.31.36.0-255,66,39154,10,330910
11206,0.000816,172.217.24.0-255,2902,42056,10,330910
11207,0.000818,172.31.36.0-255,66,42122,10,330910
11208,0.000857,172.217.24.0-255,4320,46442,10,330910
11209,0.00086,172.31.36.0-255,66,46508,10,330910
11210,0.000873,172.217.24.0-255,2543,49051,10,330910
11211,0.000875,172.31.36.0-255,66,49117,10,330910
11212,0.000936,172.217.24.0-255,1484,50601,10,330910
11213,0.000941,172.217.24.0-255,1484,52085,10,330910
11214,0.000943,172.31.36.0-255,66,52151,10,330910
11215,0.000954,172.217.24.0-255,1484,53635,10,330910
11216,0.000959,172.217.24.0-255,2902,56537,10,330910
11217,0.000961,172.31.36.0-255,66,56603,10,330910
11218,0.000983,172.217.24.0-255,2902,59505,10,330910
11219,0.000985,172.31.36.0-255,66,59571,10,330910
11220,0.000988,172.217.24.0-255,1484,61055,10,330910
11221,0.001006,172.217.24.0-255,5379,66434,10,330910
11222,0.001009,172.31.36.0-255,66,66500,10,330910
11223,0.001011,172.217.24.0-255,361,66861,10,330910
11224,0.002933,172.217.24.0-255,4320,71181,10,330910
11225,0.002942,172.31.36.0-255,66,71247,10,330910
11226,0.004897,172.217.24.0-255,5738,76985,10,330910
11227,0.004909,172.31.36.0-255,66,77051,10,330910
11228,0.006872,172.217.24.0-255,5738,82789,10,330910
11229,0.00689,172.31.36.0-255,66,82855,10,330910
11230,0.008845,172.217.24.0-255,5738,88593,10,330910
11231,0.008859,172.31.36.0-255,66,88659,10,330910
11232,0.010814,172.217.24.0-255,5738,94397,10,330910
11233,0.010828,172.31.36.0-255,66,94463,10,330910
11234,0.012785,172.217.24.0-255,5738,100201,10,330910
11235,0.012802,172.31.36.0-255,66,100267,10,330910
11236,0.014756,172.217.24.0-255,5738,106005,10,330910
11237,0.014771,172.31.36.0-255,66,106071,10,330910
11238,0.01672,172.217.24.0-255,5738,111809,10,330910
11239,0.016731,172.31.36.0-255,66,111875,10,330910
11240,0.018682,172.217.24.0-255,5738,117613,10,330910
11241,0.018692,172.31.36.0-255,66,117679,10,330910
11242,0.02064,172.217.24.0-255,5738,123417,10,330910
11243,0.020653,172.31.36.0-255,66,123483,10,330910
11244,0.021522,172.31.36.0-255,172,123655,10,330910
11245,0.021563,172.31.36.0-255,1113,124768,10,330910
11246,0.02164,172.31.36.0-255,1514,126282,10,330910
11247,0.021642,172.31.36.0-255,1290,127572,10,330910
11248,0.022675,172.217.24.0-255,5738,133310,10,330910
11249,0.022684,172.31.36.0-255,66,133376,10,330910
11250,0.023034,104.244.42.0-255,66,133442,10,330910
11251,0.023135,104.244.42.0-255,66,133508,10,330910
11252,0.023253,104.244.42.0-255,66,133574,10,330910
11253,0.024626,172.217.24.0-255,5738,139312,10,330910
11254,0.024633,172.31.36.0-255,66,139378,10,330910
11255,0.026583,172.217.24.0-255,5738,145116,10,330910
11256,0.026589,172.31.36.0-255,66,145182,10,330910
11257,0.028531,172.217.24.0-255,5738,150920,10,330910
11258,0.028538,172.31.36.0-255,66,150986,10,330910
11259,0.030546,172.217.24.0-255,5738,156724,10,330910
11260,0.030553,172.31.36.0-255,66,156790,10,330910
11261,0.032495,172.217.24.0-255,5738,162528,10,330910
11262,0.032502,172.31.36.0-255,66,162594,10,330910
11263,0.034443,172.217.24.0-255,5738,168332,10,330910
11264,0.03445,172.31.36.0-255,66,168398,10,330910
11265,0.036414,172.217.24.0-255,5738,174136,10,330910
11266,0.03642,172.31.36.0-255,66,174202,10,330910
11267,0.038378,172.217.24.0-255,5738,179940,10,330910
11268,0.038389,172.31.36.0-255,66,180006,10,330910
11269,0.04033,172.217.24.0-255,5738,185744,10,330910
11270,0.04034,172.31.36.0-255,66,185810,10,330910
11271,0.042289,172.217.24.0-255,5738,191548,10,330910
11272,0.042297,172.31.36.0-255,66,191614,10,330910
11273,0.044234,172.217.24.0-255,5738,197352,10,330910
11274,0.044241,172.31.36.0-255,66,197418,10,330910
11275,0.046183,172.217.24.0-255,5738,203156,10,330910
11276,0.04619,172.31.36.0-255,66,203222,10,330910
11277,0.048148,172.217.24.0-255,5738,208960,10,330910
11278,0.048159,172.31.36.0-255,66,209026,10,330910
11279,0.050118,172.217.24.0-255,5738,214764,10,330910
11280,0.05013,172.31.36.0-255,66,214830,10,330910
11281,0.052076,172.217.24.0-255,5738,220568,10,330910
11282,0.052084,172.31.36.0-255,66,220634,10,330910
11283,0.054035,172.217.24.0-255,5738,226372,10,330910
11284,0.054045,172.31.36.0-255,66,226438,10,330910
11285,0.055988,172.217.24.0-255,5738,232176,10,330910
11286,0.055995,172.31.36.0-255,66,232242,10,330910
11287,0.057969,172.217.24.0-255,5738,237980,10,330910
11288,0.057986,172.31.36.0-255,66,238046,10,330910
11289,0.05994,172.217.24.0-255,5738,243784,10,330910
11290,0.059949,172.31.36.0-255,66,243850,10,330910
11291,0.061903,172.217.24.0-255,5738,249588,10,330910
11292,0.061911,172.31.36.0-255,66,249654,10,330910
11293,0.063855,172.217.24.0-255,5738,255392,10,330910
11294,0.063863,172.31.36.0-255,66,255458,10,330910
11295,0.065809,172.217.24.0-255,5738,261196,10,330910
11296,0.06582,172.31.36.0-255,66,261262,10,330910
11297,0.06777,172.217.24.0-255,5738,267000,10,330910
11298,0.067781,172.31.36.0-255,66,267066,10,330910
11299,0.069739,172.217.24.0-255,5738,272804,10,330910
11300,0.06975,172.31.36.0-255,66,272870,10,330910
11301,0.071698,172.217.24.0-255,5738,278608,10,330910
11302,0.071708,172.31.36.0-255,66,278674,10,330910
11303,0.07367,172.217.24.0-255,5738,284412,10,330910
11304,0.073681,172.31.36.0-255,66,284478,10,330910
11305,0.075631,172.217.24.0-255,5738,290216,10,330910
11306,0.075642,172.31.36.0-255,66,290282,10,330910
11307,0.077632,172.217.24.0-255,5738,296020,10,330910
11308,0.077641,172.31.36.0-255,66,296086,10,330910
11309,0.079587,172.217.24.0-255,5738,301824,10,330910
11310,0.079597,172.31.36.0-255,66,301890,10,330910
11311,0.081575,172.217.24.0-255,5738,307628,10,330910
11312,0.081587,172.31.36.0-255,66,307694,10,330910
11313,0.083541,172.217.24.0-255,5738,313432,10,330910
11314,0.083554,172.31.36.0-255,66,313498,10,330910
11315,0.085492,172.217.24.0-255,5738,319236,10,330910
11316,0.085501,172.31.36.0-255,66,319302,10,330910
11317,0.087449,172.217.24.0-255,5738,325040,10,330910
11318,0.087457,172.31.36.0-255,66,325106,10,330910
11319,0.089398,172.217.24.0-255,5738,330844,10,330910
11320,0.089408,172.31.36.0-255,66,330910,10,330910
11321,0.0,172.217.194.0-255,153,153,10,255691
11322,3.4e-05,172.31.36.0-255,66,219,10,255691
11323,4.1e-05,172.217.194.0-255,1484,1703,10,255691
11324,4.5e-05,172.31.36.0-255,66,1769,10,255691
11325,5.8e-05,172.217.194.0-255,2902,4671,10,255691
11326,6.2e-05,172.31.36.0-255,66,4737,10,255691
11327,6.9e-05,172.217.194.0-255,7156,11893,10,255691
11328,7.2e-05,172.31.36.0-255,66,11959,10,255691
11329,7.5e-05,172.217.194.0-255,1484,13443,10,255691
11330,7.7e-05,172.31.36.0-255,66,13509,10,255691
11331,0.000134,172.31.36.0-255,66,13575,10,255691
11332,0.000137,172.217.194.0-255,1484,15059,10,255691
11333,0.00014,172.31.36.0-255,66,15125,10,255691
11334,0.000142,172.217.194.0-255,1125,16250,10,255691
11335,0.000144,172.31.36.0-255,66,16316,10,255691
11336,0.000172,172.217.194.0-255,1484,17800,10,255691
11337,0.000175,172.31.36.0-255,66,17866,10,255691
11338,0.000181,172.217.194.0-255,2902,20768,10,255691
11339,0.000184,172.31.36.0-255,66,20834,10,255691
11340,0.000189,172.217.194.0-255,4320,25154,10,255691
11341,0.000192,172.31.36.0-255,66,25220,10,255691
11342,0.000226,172.217.194.0-255,1484,26704,10,255691
11343,0.000229,172.31.36.0-255,66,26770,10,255691
11344,0.000247,172.31.36.0-255,66,26836,10,255691
11345,0.000277,172.217.194.0-255,4320,31156,10,255691
11346,0.000281,172.31.36.0-255,66,31222,10,255691
11347,0.000306,172.217.194.0-255,5968,37190,10,255691
11348,0.000308,172.31.36.0-255,66,37256,10,255691
11349,0.000585,172.217.194.0-255,1484,38740,10,255691
11350,0.00059,172.31.36.0-255,66,38806,10,255691
11351,0.000596,172.217.194.0-255,2902,41708,10,255691
11352,0.000598,172.31.36.0-255,66,41774,10,255691
11353,0.000654,172.217.194.0-255,5738,47512,10,255691
11354,0.000658,172.31.36.0-255,66,47578,10,255691
11355,0.000672,172.31.36.0-255,66,47644,10,255691
11356,0.000705,172.31.36.0-255,66,47710,10,255691
11357,0.001114,172.217.194.0-255,1484,49194,10,255691
11358,0.001133,172.217.194.0-255,2902,52096,10,255691
11359,0.001139,172.31.36.0-255,66,52162,10,255691
11360,0.001159,172.217.194.0-255,4320,56482,10,255691
11361,0.001164,172.31.36.0-255,66,56548,10,255691
11362,0.001166,172.217.194.0-255,5738,62286,10,255691
11363,0.001168,172.31.36.0-255,66,62352,10,255691
11364,0.001194,172.217.194.0-255,2902,65254,10,255691
11365,0.001197,172.31.36.0-255,66,65320,10,255691
11366,0.001203,172.217.194.0-255,4320,69640,10,255691
11367,0.001205,172.31.36.0-255,66,69706,10,255691
11368,0.001235,172.217.194.0-255,2902,72608,10,255691
11369,0.001239,172.31.36.0-255,66,72674,10,255691
11370,0.001277,172.31.36.0-255,66,72740,10,255691
11371,0.001436,172.217.194.0-255,1484,74224,10,255691
11372,0.001441,172.217.194.0-255,2902,77126,10,255691
11373,0.001444,172.31.36.0-255,66,77192,10,255691
11374,0.001477,172.217.194.0-255,5738,82930,10,255691
11375,0.001482,172.31.36.0-255,66,82996,10,255691
11376,0.001504,172.31.36.0-255,66,83062,10,255691
11377,0.001543,172.217.194.0-255,5738,88800,10,255691
11378,0.001547,172.31.36.0-255,66,88866,10,255691
11379,0.001586,172.31.36.0-255,66,88932,10,255691
11380,0.001589,172.217.194.0-255,1484,90416,10,255691
11381,0.001593,172.217.194.0-255,2902,93318,10,255691
11382,0.001595,172.31.36.0-255,66,93384,10,255691
11383,0.001607,172.217.194.0-255,2902,96286,10,255691
11384,0.00161,172.31.36.0-255,66,96352,10,255691
11385,0.001648,172.217.194.0-255,2902,99254,10,255691
11386,0.001651,172.31.36.0-255,66,99320,10,255691
11387,0.001681,172.31.36.0-255,66,99386,10,255691
11388,0.001684,172.217.194.0-255,1484,100870,10,255691
11389,0.001689,172.217.194.0-255,2902,103772,10,255691
11390,0.001691,172.31.36.0-255,66,103838,10,255691
11391,0.001728,172.217.194.0-255,6438,110276,10,255691
11392,0.001732,172.31.36.0-255,66,110342,10,255691
11393,0.001958,172.217.194.0-255,1484,111826,10,255691
11394,0.001977,172.217.194.0-255,2902,114728,10,255691
11395,0.001981,172.31.36.0-255,66,114794,10,255691
11396,0.001989,172.217.194.0-255,5738,120532,10,255691
11397,0.001991,172.31.36.0-255,66,120598,10,255691
11398,0.002017,172.217.194.0-255,7156,127754,10,255691
11399,0.002026,172.31.36.0-255,66,127820,10,255691
11400,0.00203,172.217.194.0-255,2902,130722,10,255691
11401,0.002032,172.31.36.0-255,66,130788,10,255691
11402,0.002072,172.31.36.0-255,66,130854,10,255691
11403,0.002076,172.217.194.0-255,2184,133038,10,255691
11404,0.002078,172.31.36.0-255,66,133104,10,255691
11405,0.002366,172.217.194.0-255,1484,134588,10,255691
11406,0.002373,172.217.194.0-255,2902,137490,10,255691
11407,0.002378,172.31.36.0-255,66,137556,10,255691
11408,0.002387,172.217.194.0-255,5738,143294,10,255691
11409,0.00239,172.31.36.0-255,66,143360,10,255691
11410,0.002409,172.217.194.0-255,4320,147680,10,255691
11411,0.002416,172.31.36.0-255,66,147746,10,255691
11412,0.002445,172.217.194.0-255,7156,154902,10,255691
11413,0.002447,172.31.36.0-255,66,154968,10,255691
11414,0.00246,172.31.36.0-255,66,155034,10,255691
11415,0.002463,172.217.194.0-255,2902,157936,10,255691
11416,0.002465,172.31.36.0-255,66,158002,10,255691
11417,0.002505,172.217.194.0-255,1484,159486,10,255691
11418,0.002525,172.217.194.0-255,2902,162388,10,255691
11419,0.00253,172.31.36.0-255,66,162454,10,255691
11420,0.002542,172.31.36.0-255,66,162520,10,255691
11421,0.002549,172.217.194.0-255,7156,169676,10,255691
11422,0.002551,172.31.36.0-255,66,169742,10,255691
11423,0.00256,172.31.36.0-255,66,169808,10,255691
11424,0.002564,172.217.194.0-255,2184,171992,10,255691
11425,0.002566,172.31.36.0-255,66,172058,10,255691
11426,0.002611,172.217.194.0-255,2902,174960,10,255691
11427,0.002614,172.31.36.0-255,66,175026,10,255691
11428,0.002619,172.217.194.0-255,4320,179346,10,255691
11429,0.002622,172.31.36.0-255,66,179412,10,255691
11430,0.002657,172.31.36.0-255,66,179478,10,255691
11431,0.002663,172.217.194.0-255,4320,183798,10,255691
11432,0.002665,172.31.36.0-255,66,183864,10,255691
11433,0.002698,172.217.194.0-255,7156,191020,10,255691
11434,0.002701,172.31.36.0-255,66,191086,10,255691
11435,0.002721,172.217.194.0-255,4320,195406,10,255691
11436,0.002724,172.31.36.0-255,66,195472,10,255691
11437,0.002727,172.217.194.0-255,2184,197656,10,255691
11438,0.002729,172.31.36.0-255,66,197722,10,255691
11439,0.002768,172.217.194.0-255,5738,203460,10,255691
11440,0.002771,172.31.36.0-255,66,203526,10,255691
11441,0.002803,172.217.194.0-255,5738,209264,10,255691
11442,0.002806,172.31.36.0-255,66,209330,10,255691
11443,0.002809,172.217.194.0-255,1484,210814,10,255691
11444,0.002814,172.217.194.0-255,2902,213716,10,255691
11445,0.002816,172.31.36.0-255,66,213782,10,255691
11446,0.002855,172.31.36.0-255,66,213848,10,255691
11447,0.002858,172.217.194.0-255,1484,215332,10,255691
11448,0.002861,172.217.194.0-255,1484,216816,10,255691
11449,0.002863,172.31.36.0-255,66,216882,10,255691
11450,0.002908,172.31.36.0-255,66,216948,10,255691
11451,0.002915,172.217.194.0-255,7156,224104,10,255691
11452,0.002917,172.31.36.0-255,66,224170,10,255691
11453,0.00292,172.217.194.0-255,1484,225654,10,255691
11454,0.002923,172.217.194.0-255,1484,227138,10,255691
11455,0.002927,172.31.36.0-255,66,227204,10,255691
11456,0.002968,172.217.194.0-255,7156,234360,10,255691
11457,0.002971,172.31.36.0-255,66,234426,10,255691
11458,0.002982,172.31.36.0-255,66,234492,10,255691
11459,0.002985,172.217.194.0-255,2184,236676,10,255691
11460,0.002988,172.31.36.0-255,66,236742,10,255691
11461,0.002992,172.217.194.0-255,2902,239644,10,255691
11462,0.002994,172.31.36.0-255,66,239710,10,255691
11463,0.003001,172.217.194.0-255,7156,246866,10,255691
11464,0.003003,172.31.36.0-255,66,246932,10,255691
11465,0.003027,172.217.194.0-255,1261,248193,10,255691
11466,0.003085,172.217.194.0-255,105,248298,10,255691
11467,0.008487,172.31.36.0-255,66,248364,10,255691
11468,0.008519,172.31.36.0-255,105,248469,10,255691
11469,0.011109,172.217.194.0-255,66,248535,10,255691
11470,0.032675,172.31.36.0-255,167,248702,10,255691
11471,0.032707,172.31.36.0-255,1111,249813,10,255691
11472,0.032749,172.31.36.0-255,1514,251327,10,255691
11473,0.032751,172.31.36.0-255,1514,252841,10,255691
11474,0.032756,172.31.36.0-255,1514,254355,10,255691
11475,0.032757,172.31.36.0-255,1072,255427,10,255691
11476,0.034235,104.244.42.0-255,66,255493,10,255691
11477,0.034286,104.244.42.0-255,66,255559,10,255691
11478,0.034348,104.244.42.0-255,66,255625,10,255691
11479,0.034352,104.244.42.0-255,66,255691,10,255691
11480,0.0,172.217.194.0-255,153,153,10,146153
11481,2.2e-05,172.31.36.0-255,66,219,10,146153
11482,2.9e-05,172.217.194.0-255,1484,1703,10,146153
11483,3.4e-05,172.31.36.0-255,66,1769,10,146153
11484,4.8e-05,172.217.194.0-255,2902,4671,10,146153
11485,5.1e-05,172.31.36.0-255,66,4737,10,146153
11486,5.9e-05,172.217.194.0-255,7156,11893,10,146153
11487,6.2e-05,172.31.36.0-255,66,11959,10,146153
11488,6.5e-05,172.217.194.0-255,1484,13443,10,146153
11489,6.7e-05,172.31.36.0-255,66,13509,10,146153
11490,0.000123,172.31.36.0-255,66,13575,10,146153
11491,0.000128,172.217.194.0-255,3961,17536,10,146153
11492,0.000131,172.31.36.0-255,66,17602,10,146153
11493,0.000329,172.217.194.0-255,1484,19086,10,146153
11494,0.000347,172.31.36.0-255,66,19152,10,146153
11495,0.000353,172.217.194.0-255,2902,22054,10,146153
11496,0.000356,172.31.36.0-255,66,22120,10,146153
11497,0.000368,172.217.194.0-255,5738,27858,10,146153
11498,0.00037,172.31.36.0-255,66,27924,10,146153
11499,0.000377,172.217.194.0-255,4320,32244,10,146153
11500,0.000379,172.31.36.0-255,66,32310,10,146153
11501,0.000415,172.217.194.0-255,2543,34853,10,146153
11502,0.000419,172.31.36.0-255,66,34919,10,146153
11503,0.000438,172.31.36.0-255,66,34985,10,146153
11504,0.000443,172.217.194.0-255,2543,37528,10,146153
11505,0.000445,172.31.36.0-255,66,37594,10,146153
11506,0.000509,172.217.194.0-255,378,37972,10,146153
11507,0.000513,172.31.36.0-255,66,38038,10,146153
11508,0.001063,172.217.194.0-255,1484,39522,10,146153
11509,0.001068,172.31.36.0-255,66,39588,10,146153
11510,0.001074,172.217.194.0-255,2902,42490,10,146153
11511,0.001076,172.31.36.0-255,66,42556,10,146153
11512,0.001082,172.217.194.0-255,4320,46876,10,146153
11513,0.001088,172.31.36.0-255,66,46942,10,146153
11514,0.001092,172.217.194.0-255,1484,48426,10,146153
11515,0.001128,172.217.194.0-255,7156,55582,10,146153
11516,0.00113,172.31.36.0-255,66,55648,10,146153
11517,0.001168,172.31.36.0-255,66,55714,10,146153
11518,0.001196,172.217.194.0-255,2184,57898,10,146153
11519,0.001199,172.31.36.0-255,66,57964,10,146153
11520,0.001204,172.217.194.0-255,2902,60866,10,146153
11521,0.001206,172.31.36.0-255,66,60932,10,146153
11522,0.001211,172.217.194.0-255,4320,65252,10,146153
11523,0.001217,172.31.36.0-255,66,65318,10,146153
11524,0.001228,172.31.36.0-255,66,65384,10,146153
11525,0.001271,172.31.36.0-255,66,65450,10,146153
11526,0.001306,172.217.194.0-255,4320,69770,10,146153
11527,0.001309,172.31.36.0-255,66,69836,10,146153
11528,0.001358,172.31.36.0-255,66,69902,10,146153
11529,0.001376,172.31.36.0-255,66,69968,10,146153
11530,0.00138,172.217.194.0-255,2184,72152,10,146153
11531,0.001383,172.31.36.0-255,66,72218,10,146153
11532,0.001388,172.217.194.0-255,2902,75120,10,146153
11533,0.00139,172.31.36.0-255,66,75186,10,146153
11534,0.001397,172.217.194.0-255,7156,82342,10,146153
11535,0.0014,172.31.36.0-255,66,82408,10,146153
11536,0.001412,172.31.36.0-255,66,82474,10,146153
11537,0.00147,172.31.36.0-255,66,82540,10,146153
11538,0.001506,172.31.36.0-255,66,82606,10,146153
11539,0.001513,172.217.194.0-255,5738,88344,10,146153
11540,0.001515,172.31.36.0-255,66,88410,10,146153
11541,0.001558,172.31.36.0-255,66,88476,10,146153
11542,0.001563,172.217.194.0-255,3602,92078,10,146153
11543,0.001565,172.31.36.0-255,66,92144,10,146153
11544,0.001633,172.217.194.0-255,1484,93628,10,146153
11545,0.001638,172.217.194.0-255,2902,96530,10,146153
11546,0.001641,172.31.36.0-255,66,96596,10,146153
11547,0.001665,172.217.194.0-255,5738,102334,10,146153
11548,0.001668,172.31.36.0-255,66,102400,10,146153
11549,0.001674,172.217.194.0-255,4320,106720,10,146153
11550,0.001676,172.31.36.0-255,66,106786,10,146153
11551,0.001726,172.217.194.0-255,1484,108270,10,146153
11552,0.00173,172.31.36.0-255,66,108336,10,146153
11553,0.001763,172.217.194.0-255,6438,114774,10,146153
11554,0.001766,172.31.36.0-255,66,114840,10,146153
11555,0.001792,172.217.194.0-255,1484,116324,10,146153
11556,0.001809,172.217.194.0-255,2902,119226,10,146153
11557,0.001811,172.31.36.0-255,66,119292,10,146153
11558,0.001818,172.217.194.0-255,5738,125030,10,146153
11559,0.00182,172.31.36.0-255,66,125096,10,146153
11560,0.00188,172.31.36.0-255,66,125162,10,146153
11561,0.001895,172.31.36.0-255,66,125228,10,146153
11562,0.001911,172.31.36.0-255,66,125294,10,146153
11563,0.00194,172.217.194.0-255,5738,131032,10,146153
11564,0.001943,172.31.36.0-255,66,131098,10,146153
11565,0.001992,172.217.194.0-255,7156,138254,10,146153
11566,0.001995,172.31.36.0-255,66,138320,10,146153
11567,0.002043,172.31.36.0-255,66,138386,10,146153
11568,0.002065,172.31.36.0-255,66,138452,10,146153
11569,0.002079,172.31.36.0-255,66,138518,10,146153
11570,0.002104,172.31.36.0-255,66,138584,10,146153
11571,0.002123,172.31.36.0-255,66,138650,10,146153
11572,0.002126,172.217.194.0-255,105,138755,10,146153
11573,0.010341,172.31.36.0-255,66,138821,10,146153
11574,0.010394,172.31.36.0-255,105,138926,10,146153
11575,0.012658,172.217.194.0-255,66,138992,10,146153
11576,0.031851,172.31.36.0-255,172,139164,10,146153
11577,0.031889,172.31.36.0-255,1110,140274,10,146153
11578,0.031956,172.31.36.0-255,1514,141788,10,146153
11579,0.031958,172.31.36.0-255,1514,143302,10,146153
11580,0.031959,172.31.36.0-255,1514,144816,10,146153
11581,0.031984,172.31.36.0-255,1073,145889,10,146153
11582,0.033421,104.244.42.0-255,66,145955,10,146153
11583,0.033453,104.244.42.0-255,66,146021,10,146153
11584,0.033524,104.244.42.0-255,66,146087,10,146153
11585,0.033537,104.244.42.0-255,66,146153,10,146153
11586,0.0,74.125.24.0-255,291,291,10,301912
11587,1.5e-05,172.31.36.0-255,66,357,10,301912
11588,2.1e-05,74.125.24.0-255,1484,1841,10,301912
11589,2.5e-05,172.31.36.0-255,66,1907,10,301912
11590,3.1e-05,74.125.24.0-255,4320,6227,10,301912
11591,4.3e-05,172.31.36.0-255,66,6293,10,301912
11592,8.2e-05,74.125.24.0-255,7156,13449,10,301912
11593,8.6e-05,172.31.36.0-255,66,13515,10,301912
11594,0.000112,74.125.24.0-255,350,13865,10,301912
11595,0.000115,172.31.36.0-255,66,13931,10,301912
11596,0.000119,74.125.24.0-255,1484,15415,10,301912
11597,0.000121,172.31.36.0-255,66,15481,10,301912
11598,0.000151,74.125.24.0-255,5738,21219,10,301912
11599,0.000154,172.31.36.0-255,66,21285,10,301912
11600,0.000166,172.31.36.0-255,66,21351,10,301912
11601,0.000168,74.125.24.0-255,1125,22476,10,301912
11602,0.000171,172.31.36.0-255,66,22542,10,301912
11603,0.000383,74.125.24.0-255,1484,24026,10,301912
11604,0.000389,172.31.36.0-255,66,24092,10,301912
11605,0.000396,74.125.24.0-255,2902,26994,10,301912
11606,0.000399,172.31.36.0-255,66,27060,10,301912
11607,0.000413,74.125.24.0-255,5738,32798,10,301912
11608,0.000417,172.31.36.0-255,66,32864,10,301912
11609,0.00042,74.125.24.0-255,1484,34348,10,301912
11610,0.000422,172.31.36.0-255,66,34414,10,301912
11611,0.000467,172.31.36.0-255,66,34480,10,301912
11612,0.000498,172.31.36.0-255,66,34546,10,301912
11613,0.0005,74.125.24.0-255,344,34890,10,301912
11614,0.000502,172.31.36.0-255,66,34956,10,301912
11615,0.000887,74.125.24.0-255,1484,36440,10,301912
11616,0.000894,74.125.24.0-255,2902,39342,10,301912
11617,0.000898,172.31.36.0-255,66,39408,10,301912
11618,0.000905,74.125.24.0-255,5738,45146,10,301912
11619,0.000907,172.31.36.0-255,66,45212,10,301912
11620,0.000949,172.31.36.0-255,66,45278,10,301912
11621,0.000979,74.125.24.0-255,4320,49598,10,301912
11622,0.000982,172.31.36.0-255,66,49664,10,301912
11623,0.00101,74.125.24.0-255,6438,56102,10,301912
11624,0.001016,172.31.36.0-255,66,56168,10,301912
11625,0.002248,74.125.24.0-255,1484,57652,10,301912
11626,0.002257,74.125.24.0-255,2902,60554,10,301912
11627,0.002261,172.31.36.0-255,66,60620,10,301912
11628,0.002267,74.125.24.0-255,4320,64940,10,301912
11629,0.002269,172.31.36.0-255,66,65006,10,301912
11630,0.002289,74.125.24.0-255,1484,66490,10,301912
11631,0.002307,172.31.36.0-255,66,66556,10,301912
11632,0.00234,74.125.24.0-255,4320,70876,10,301912
11633,0.002343,172.31.36.0-255,66,70942,10,301912
11634,0.002373,74.125.24.0-255,6438,77380,10,301912
11635,0.002375,172.31.36.0-255,66,77446,10,301912
11636,0.002511,74.125.24.0-255,1484,78930,10,301912
11637,0.002522,74.125.24.0-255,2902,81832,10,301912
11638,0.002525,172.31.36.0-255,66,81898,10,301912
11639,0.00253,74.125.24.0-255,4320,86218,10,301912
11640,0.002532,172.31.36.0-255,66,86284,10,301912
11641,0.002558,74.125.24.0-255,1484,87768,10,301912
11642,0.002565,74.125.24.0-255,7156,94924,10,301912
11643,0.002567,172.31.36.0-255,66,94990,10,301912
11644,0.002594,172.31.36.0-255,66,95056,10,301912
11645,0.002621,74.125.24.0-255,5738,100794,10,301912
11646,0.002624,172.31.36.0-255,66,100860,10,301912
11647,0.002628,74.125.24.0-255,2184,103044,10,301912
11648,0.00263,172.31.36.0-255,66,103110,10,301912
11649,0.005192,74.125.24.0-255,2902,106012,10,301912
11650,0.005199,172.31.36.0-255,66,106078,10,301912
11651,0.005265,74.125.24.0-255,2902,108980,10,301912
11652,0.00527,172.31.36.0-255,66,109046,10,301912
11653,0.007793,74.125.24.0-255,2902,111948,10,301912
11654,0.007802,172.31.36.0-255,66,112014,10,301912
11655,0.007872,74.125.24.0-255,2902,114916,10,301912
11656,0.007877,172.31.36.0-255,66,114982,10,301912
11657,0.010393,74.125.24.0-255,2902,117884,10,301912
11658,0.0104,172.31.36.0-255,66,117950,10,301912
11659,0.010453,74.125.24.0-255,2902,120852,10,301912
11660,0.010457,172.31.36.0-255,66,120918,10,301912
11661,0.013003,74.125.24.0-255,2902,123820,10,301912
11662,0.013011,172.31.36.0-255,66,123886,10,301912
11663,0.013046,74.125.24.0-255,2902,126788,10,301912
11664,0.013048,172.31.36.0-255,66,126854,10,301912
11665,0.015611,74.125.24.0-255,2902,129756,10,301912
11666,0.015618,172.31.36.0-255,66,129822,10,301912
11667,0.015654,74.125.24.0-255,2902,132724,10,301912
11668,0.015659,172.31.36.0-255,66,132790,10,301912
11669,0.018201,74.125.24.0-255,2902,135692,10,301912
11670,0.018212,172.31.36.0-255,66,135758,10,301912
11671,0.018254,74.125.24.0-255,2902,138660,10,301912
11672,0.018258,172.31.36.0-255,66,138726,10,301912
11673,0.020809,74.125.24.0-255,2902,141628,10,301912
11674,0.020816,172.31.36.0-255,66,141694,10,301912
11675,0.020855,74.125.24.0-255,2902,144596,10,301912
11676,0.020859,172.31.36.0-255,66,144662,10,301912
11677,0.023412,74.125.24.0-255,2902,147564,10,301912
11678,0.02342,172.31.36.0-255,66,147630,10,301912
11679,0.023458,74.125.24.0-255,2902,150532,10,301912
11680,0.023461,172.31.36.0-255,66,150598,10,301912
11681,0.026008,74.125.24.0-255,2902,153500,10,301912
11682,0.026014,172.31.36.0-255,66,153566,10,301912
11683,0.026049,74.125.24.0-255,2902,156468,10,301912
11684,0.026053,172.31.36.0-255,66,156534,10,301912
11685,0.026227,172.31.36.0-255,183,156717,10,301912
11686,0.026253,172.31.36.0-255,956,157673,10,301912
11687,0.026359,172.31.36.0-255,1514,159187,10,301912
11688,0.026361,172.31.36.0-255,1449,160636,10,301912
11689,0.027778,104.244.42.0-255,66,160702,10,301912
11690,0.027787,104.244.42.0-255,66,160768,10,301912
11691,0.027962,104.244.42.0-255,66,160834,10,301912
11692,0.028624,74.125.24.0-255,5738,166572,10,301912
11693,0.02863,172.31.36.0-255,66,166638,10,301912
11694,0.031199,74.125.24.0-255,5738,172376,10,301912
11695,0.031204,172.31.36.0-255,66,172442,10,301912
11696,0.033785,74.125.24.0-255,5738,178180,10,301912
11697,0.033793,172.31.36.0-255,66,178246,10,301912
11698,0.036377,74.125.24.0-255,5738,183984,10,301912
11699,0.036384,172.31.36.0-255,66,184050,10,301912
11700,0.038994,74.125.24.0-255,5738,189788,10,301912
11701,0.039001,172.31.36.0-255,66,189854,10,301912
11702,0.041578,74.125.24.0-255,5738,195592,10,301912
11703,0.041583,172.31.36.0-255,66,195658,10,301912
11704,0.044175,74.125.24.0-255,5738,201396,10,301912
11705,0.044181,172.31.36.0-255,66,201462,10,301912
11706,0.04677,74.125.24.0-255,5738,207200,10,301912
11707,0.046776,172.31.36.0-255,66,207266,10,301912
11708,0.049366,74.125.24.0-255,5738,213004,10,301912
11709,0.049372,172.31.36.0-255,66,213070,10,301912
11710,0.051949,74.125.24.0-255,5738,218808,10,301912
11711,0.051955,172.31.36.0-255,66,218874,10,301912
11712,0.054536,74.125.24.0-255,5738,224612,10,301912
11713,0.054542,172.31.36.0-255,66,224678,10,301912
11714,0.057121,74.125.24.0-255,2902,227580,10,301912
11715,0.057126,172.31.36.0-255,66,227646,10,301912
11716,0.057164,74.125.24.0-255,2902,230548,10,301912
11717,0.057167,172.31.36.0-255,66,230614,10,301912
11718,0.059723,74.125.24.0-255,2902,233516,10,301912
11719,0.059728,172.31.36.0-255,66,233582,10,301912
11720,0.059759,74.125.24.0-255,2902,236484,10,301912
11721,0.059763,172.31.36.0-255,66,236550,10,301912
11722,0.06232,74.125.24.0-255,2902,239452,10,301912
11723,0.062326,172.31.36.0-255,66,239518,10,301912
11724,0.062366,74.125.24.0-255,2902,242420,10,301912
11725,0.062369,172.31.36.0-255,66,242486,10,301912
11726,0.064917,74.125.24.0-255,2902,245388,10,301912
11727,0.064922,172.31.36.0-255,66,245454,10,301912
11728,0.064964,74.125.24.0-255,2902,248356,10,301912
11729,0.064969,172.31.36.0-255,66,248422,10,301912
11730,0.067508,74.125.24.0-255,2902,251324,10,301912
11731,0.067515,172.31.36.0-255,66,251390,10,301912
11732,0.067543,74.125.24.0-255,2902,254292,10,301912
11733,0.067546,172.31.36.0-255,66,254358,10,301912
11734,0.070089,74.125.24.0-255,2902,257260,10,301912
11735,0.070094,172.31.36.0-255,66,257326,10,301912
11736,0.070126,74.125.24.0-255,2902,260228,10,301912
11737,0.070129,172.31.36.0-255,66,260294,10,301912
11738,0.072682,74.125.24.0-255,2902,263196,10,301912
11739,0.072688,172.31.36.0-255,66,263262,10,301912
11740,0.072721,74.125.24.0-255,2902,266164,10,301912
11741,0.072725,172.31.36.0-255,66,266230,10,301912
11742,0.07528,74.125.24.0-255,2902,269132,10,301912
11743,0.075285,172.31.36.0-255,66,269198,10,301912
11744,0.075317,74.125.24.0-255,2902,272100,10,301912
11745,0.07532,172.31.36.0-255,66,272166,10,301912
11746,0.077878,74.125.24.0-255,2902,275068,10,301912
11747,0.077884,172.31.36.0-255,66,275134,10,301912
11748,0.077914,74.125.24.0-255,2902,278036,10,301912
11749,0.077918,172.31.36.0-255,66,278102,10,301912
11750,0.08047,74.125.24.0-255,2902,281004,10,301912
11751,0.080475,172.31.36.0-255,66,281070,10,301912
11752,0.080511,74.125.24.0-255,2902,283972,10,301912
11753,0.080514,172.31.36.0-255,66,284038,10,301912
11754,0.083065,74.125.24.0-255,2902,286940,10,301912
11755,0.083071,172.31.36.0-255,66,287006,10,301912
11756,0.083101,74.125.24.0-255,1484,288490,10,301912
11757,0.083132,74.125.24.0-255,1484,289974,10,301912
11758,0.083136,172.31.36.0-255,66,290040,10,301912
11759,0.085664,74.125.24.0-255,2902,292942,10,301912
11760,0.085669,172.31.36.0-255,66,293008,10,301912
11761,0.085752,74.125.24.0-255,2902,295910,10,301912
11762,0.085757,172.31.36.0-255,66,295976,10,301912
11763,0.088259,74.125.24.0-255,2902,298878,10,301912
11764,0.088265,172.31.36.0-255,66,298944,10,301912
11765,0.08833,74.125.24.0-255,2902,301846,10,301912
11766,0.088334,172.31.36.0-255,66,301912,10,301912
11767,0.0,172.217.27.0-255,152,152,10,353734
11768,3.6e-05,172.31.36.0-255,66,218,10,353734
11769,4.4e-05,172.217.27.0-255,1484,1702,10,353734
11770,4.9e-05,172.31.36.0-255,66,1768,10,353734
11771,5.6e-05,172.217.27.0-255,2902,4670,10,353734
11772,5.9e-05,172.31.36.0-255,66,4736,10,353734
11773,6.6e-05,172.217.27.0-255,7156,11892,10,353734
11774,6.9e-05,172.31.36.0-255,66,11958,10,353734
11775,7.2e-05,172.217.27.0-255,1484,13442,10,353734
11776,7.4e-05,172.31.36.0-255,66,13508,10,353734
11777,9.8e-05,172.217.27.0-255,551,14059,10,353734
11778,0.0001,172.31.36.0-255,66,14125,10,353734
11779,0.000146,172.217.27.0-255,1484,15609,10,353734
11780,0.000149,172.31.36.0-255,66,15675,10,353734
11781,0.000154,172.217.27.0-255,4320,19995,10,353734
11782,0.000157,172.31.36.0-255,66,20061,10,353734
11783,0.000195,172.217.27.0-255,5738,25799,10,353734
11784,0.000199,172.31.36.0-255,66,25865,10,353734
11785,0.000202,172.217.27.0-255,1484,27349,10,353734
11786,0.000204,172.31.36.0-255,66,27415,10,353734
11787,0.000221,172.217.27.0-255,3961,31376,10,353734
11788,0.000225,172.31.36.0-255,66,31442,10,353734
11789,0.000813,172.217.27.0-255,1484,32926,10,353734
11790,0.000818,172.31.36.0-255,66,32992,10,353734
11791,0.000823,172.217.27.0-255,1484,34476,10,353734
11792,0.000826,172.31.36.0-255,66,34542,10,353734
11793,0.000831,172.217.27.0-255,2902,37444,10,353734
11794,0.000834,172.31.36.0-255,66,37510,10,353734
11795,0.00084,172.217.27.0-255,5738,43248,10,353734
11796,0.000842,172.31.36.0-255,66,43314,10,353734
11797,0.00089,172.31.36.0-255,66,43380,10,353734
11798,0.000911,172.217.27.0-255,2543,45923,10,353734
11799,0.000914,172.31.36.0-255,66,45989,10,353734
11800,0.000926,172.31.36.0-255,66,46055,10,353734
11801,0.002611,172.217.27.0-255,5738,51793,10,353734
11802,0.002617,172.31.36.0-255,66,51859,10,353734
11803,0.004255,172.217.27.0-255,5738,57597,10,353734
11804,0.004258,172.31.36.0-255,66,57663,10,353734
11805,0.005898,172.217.27.0-255,2902,60565,10,353734
11806,0.005903,172.31.36.0-255,66,60631,10,353734
11807,0.00593,172.217.27.0-255,2902,63533,10,353734
11808,0.005932,172.31.36.0-255,66,63599,10,353734
11809,0.007543,172.217.27.0-255,2902,66501,10,353734
11810,0.00755,172.31.36.0-255,66,66567,10,353734
11811,0.007567,172.217.27.0-255,2902,69469,10,353734
11812,0.00757,172.31.36.0-255,66,69535,10,353734
11813,0.009179,172.217.27.0-255,2902,72437,10,353734
11814,0.009186,172.31.36.0-255,66,72503,10,353734
11815,0.009206,172.217.27.0-255,2902,75405,10,353734
11816,0.009208,172.31.36.0-255,66,75471,10,353734
11817,0.010829,172.217.27.0-255,5738,81209,10,353734
11818,0.010837,172.31.36.0-255,66,81275,10,353734
11819,0.012474,172.217.27.0-255,5738,87013,10,353734
11820,0.012482,172.31.36.0-255,66,87079,10,353734
11821,0.014151,172.217.27.0-255,5738,92817,10,353734
11822,0.014163,172.31.36.0-255,66,92883,10,353734
11823,0.015802,172.217.27.0-255,5738,98621,10,353734
11824,0.015809,172.31.36.0-255,66,98687,10,353734
11825,0.017473,172.217.27.0-255,5738,104425,10,353734
11826,0.017481,172.31.36.0-255,66,104491,10,353734
11827,0.019121,172.217.27.0-255,5738,110229,10,353734
11828,0.019128,172.31.36.0-255,66,110295,10,353734
11829,0.020791,172.217.27.0-255,5738,116033,10,353734
11830,0.020798,172.31.36.0-255,66,116099,10,353734
11831,0.022443,172.217.27.0-255,5738,121837,10,353734
11832,0.02245,172.31.36.0-255,66,121903,10,353734
11833,0.024091,172.217.27.0-255,5738,127641,10,353734
11834,0.024098,172.31.36.0-255,66,127707,10,353734
11835,0.025735,172.217.27.0-255,5738,133445,10,353734
11836,0.025741,172.31.36.0-255,66,133511,10,353734
11837,0.027386,172.217.27.0-255,5738,139249,10,353734
11838,0.027392,172.31.36.0-255,66,139315,10,353734
11839,0.029026,172.217.27.0-255,5738,145053,10,353734
11840,0.029033,172.31.36.0-255,66,145119,10,353734
11841,0.030063,172.31.36.0-255,172,145291,10,353734
11842,0.030098,172.31.36.0-255,1112,146403,10,353734
11843,0.030131,172.31.36.0-255,1514,147917,10,353734
11844,0.030132,172.31.36.0-255,1291,149208,10,353734
11845,0.030668,172.217.27.0-255,5738,154946,10,353734
11846,0.030675,172.31.36.0-255,66,155012,10,353734
11847,0.031642,104.244.42.0-255,66,155078,10,353734
11848,0.03165,104.244.42.0-255,66,155144,10,353734
11849,0.031678,104.244.42.0-255,66,155210,10,353734
11850,0.032308,172.217.27.0-255,4320,159530,10,353734
11851,0.032314,172.31.36.0-255,66,159596,10,353734
11852,0.03233,172.217.27.0-255,1484,161080,10,353734
11853,0.033955,172.217.27.0-255,4320,165400,10,353734
11854,0.033965,172.31.36.0-255,66,165466,10,353734
11855,0.035647,172.217.27.0-255,5738,171204,10,353734
11856,0.035652,172.31.36.0-255,66,171270,10,353734
11857,0.037307,172.217.27.0-255,5738,177008,10,353734
11858,0.037312,172.31.36.0-255,66,177074,10,353734
11859,0.038933,172.217.27.0-255,4320,181394,10,353734
11860,0.038939,172.31.36.0-255,66,181460,10,353734
11861,0.03897,172.217.27.0-255,1484,182944,10,353734
11862,0.040581,172.217.27.0-255,4320,187264,10,353734
11863,0.040587,172.31.36.0-255,66,187330,10,353734
11864,0.042234,172.217.27.0-255,5738,193068,10,353734
11865,0.042239,172.31.36.0-255,66,193134,10,353734
11866,0.043873,172.217.27.0-255,5738,198872,10,353734
11867,0.043878,172.31.36.0-255,66,198938,10,353734
11868,0.045523,172.217.27.0-255,5738,204676,10,353734
11869,0.04553,172.31.36.0-255,66,204742,10,353734
11870,0.047171,172.217.27.0-255,5738,210480,10,353734
11871,0.047177,172.31.36.0-255,66,210546,10,353734
11872,0.048817,172.217.27.0-255,2902,213448,10,353734
11873,0.048823,172.31.36.0-255,66,213514,10,353734
11874,0.048842,172.217.27.0-255,2902,216416,10,353734
11875,0.048845,172.31.36.0-255,66,216482,10,353734
11876,0.050459,172.217.27.0-255,2902,219384,10,353734
11877,0.050467,172.31.36.0-255,66,219450,10,353734
11878,0.050498,172.217.27.0-255,2902,222352,10,353734
11879,0.050502,172.31.36.0-255,66,222418,10,353734
11880,0.05209,172.217.27.0-255,2902,225320,10,353734
11881,0.052095,172.31.36.0-255,66,225386,10,353734
11882,0.052125,172.217.27.0-255,2902,228288,10,353734
11883,0.052128,172.31.36.0-255,66,228354,10,353734
11884,0.053725,172.217.27.0-255,2902,231256,10,353734
11885,0.05373,172.31.36.0-255,66,231322,10,353734
11886,0.053769,172.217.27.0-255,2902,234224,10,353734
11887,0.053772,172.31.36.0-255,66,234290,10,353734
11888,0.055398,172.217.27.0-255,2902,237192,10,353734
11889,0.055413,172.31.36.0-255,66,237258,10,353734
11890,0.055437,172.217.27.0-255,2902,240160,10,353734
11891,0.05544,172.31.36.0-255,66,240226,10,353734
11892,0.057078,172.217.27.0-255,5738,245964,10,353734
11893,0.057091,172.31.36.0-255,66,246030,10,353734
11894,0.058729,172.217.27.0-255,2902,248932,10,353734
11895,0.058736,172.31.36.0-255,66,248998,10,353734
11896,0.058753,172.217.27.0-255,2902,251900,10,353734
11897,0.058756,172.31.36.0-255,66,251966,10,353734
11898,0.060387,172.217.27.0-255,5738,257704,10,353734
11899,0.060401,172.31.36.0-255,66,257770,10,353734
11900,0.062054,172.217.27.0-255,5738,263508,10,353734
11901,0.062068,172.31.36.0-255,66,263574,10,353734
11902,0.063723,172.217.27.0-255,5738,269312,10,353734
11903,0.063738,172.31.36.0-255,66,269378,10,353734
11904,0.065383,172.217.27.0-255,5738,275116,10,353734
11905,0.06539,172.31.36.0-255,66,275182,10,353734
11906,0.067045,172.217.27.0-255,5738,280920,10,353734
11907,0.067056,172.31.36.0-255,66,280986,10,353734
11908,0.068711,172.217.27.0-255,5738,286724,10,353734
11909,0.06872,172.31.36.0-255,66,286790,10,353734
11910,0.070367,172.217.27.0-255,5738,292528,10,353734
11911,0.070373,172.31.36.0-255,66,292594,10,353734
11912,0.072011,172.217.27.0-255,4320,296914,10,353734
11913,0.072018,172.31.36.0-255,66,296980,10,353734
11914,0.072037,172.217.27.0-255,1484,298464,10,353734
11915,0.073659,172.217.27.0-255,4320,302784,10,353734
11916,0.073666,172.31.36.0-255,66,302850,10,353734
11917,0.075297,172.217.27.0-255,5738,308588,10,353734
11918,0.075303,172.31.36.0-255,66,308654,10,353734
11919,0.076936,172.217.27.0-255,5738,314392,10,353734
11920,0.076941,172.31.36.0-255,66,314458,10,353734
11921,0.078573,172.217.27.0-255,5738,320196,10,353734
11922,0.078578,172.31.36.0-255,66,320262,10,353734
11923,0.080211,172.217.27.0-255,5738,326000,10,353734
11924,0.080217,172.31.36.0-255,66,326066,10,353734
11925,0.081859,172.217.27.0-255,4320,330386,10,353734
11926,0.081865,172.31.36.0-255,66,330452,10,353734
11927,0.081893,172.217.27.0-255,1484,331936,10,353734
11928,0.083505,172.217.27.0-255,4320,336256,10,353734
11929,0.083512,172.31.36.0-255,66,336322,10,353734
11930,0.08516,172.217.27.0-255,5738,342060,10,353734
11931,0.085166,172.31.36.0-255,66,342126,10,353734
11932,0.086806,172.217.27.0-255,5738,347864,10,353734
11933,0.086813,172.31.36.0-255,66,347930,10,353734
11934,0.088456,172.217.27.0-255,5738,353668,10,353734
11935,0.088464,172.31.36.0-255,66,353734,10,353734
11936,0.0,74.125.24.0-255,153,153,10,233277
11937,1.7e-05,172.31.36.0-255,66,219,10,233277
11938,2.4e-05,74.125.24.0-255,1484,1703,10,233277
11939,2.9e-05,172.31.36.0-255,66,1769,10,233277
11940,3.5e-05,74.125.24.0-255,2902,4671,10,233277
11941,3.8e-05,172.31.36.0-255,66,4737,10,233277
11942,6e-05,74.125.24.0-255,7156,11893,10,233277
11943,6.3e-05,172.31.36.0-255,66,11959,10,233277
11944,7.4e-05,74.125.24.0-255,1484,13443,10,233277
11945,7.7e-05,172.31.36.0-255,66,13509,10,233277
11946,0.000106,74.125.24.0-255,3494,17003,10,233277
11947,0.000109,172.31.36.0-255,66,17069,10,233277
11948,0.00012,172.31.36.0-255,66,17135,10,233277
11949,0.000139,74.125.24.0-255,5379,22514,10,233277
11950,0.000142,172.31.36.0-255,66,22580,10,233277
11951,0.000262,74.125.24.0-255,1484,24064,10,233277
11952,0.000267,172.31.36.0-255,66,24130,10,233277
11953,0.000272,74.125.24.0-255,2902,27032,10,233277
11954,0.000275,172.31.36.0-255,66,27098,10,233277
11955,0.000304,74.125.24.0-255,4320,31418,10,233277
11956,0.000307,172.31.36.0-255,66,31484,10,233277
11957,0.000334,74.125.24.0-255,1484,32968,10,233277
11958,0.000336,172.31.36.0-255,66,33034,10,233277
11959,0.000352,74.125.24.0-255,5738,38772,10,233277
11960,0.000355,172.31.36.0-255,66,38838,10,233277
11961,0.00037,74.125.24.0-255,1125,39963,10,233277
11962,0.000372,172.31.36.0-255,66,40029,10,233277
11963,0.000384,172.31.36.0-255,66,40095,10,233277
11964,0.00039,74.125.24.0-255,4320,44415,10,233277
11965,0.000393,172.31.36.0-255,66,44481,10,233277
11966,0.000409,74.125.24.0-255,3961,48442,10,233277
11967,0.000412,172.31.36.0-255,66,48508,10,233277
11968,0.000427,74.125.24.0-255,362,48870,10,233277
11969,0.000659,74.125.24.0-255,125,48995,10,233277
11970,0.000714,74.125.24.0-255,1484,50479,10,233277
11971,0.000717,74.125.24.0-255,1484,51963,10,233277
11972,0.000722,172.31.36.0-255,66,52029,10,233277
11973,0.000732,74.125.24.0-255,1484,53513,10,233277
11974,0.000735,172.31.36.0-255,66,53579,10,233277
11975,0.000742,74.125.24.0-255,5738,59317,10,233277
11976,0.000744,172.31.36.0-255,66,59383,10,233277
11977,0.000779,74.125.24.0-255,5738,65121,10,233277
11978,0.000783,172.31.36.0-255,66,65187,10,233277
11979,0.000801,74.125.24.0-255,7156,72343,10,233277
11980,0.000804,172.31.36.0-255,66,72409,10,233277
11981,0.000816,172.31.36.0-255,66,72475,10,233277
11982,0.000838,74.125.24.0-255,2184,74659,10,233277
11983,0.000841,172.31.36.0-255,66,74725,10,233277
11984,0.000993,74.125.24.0-255,1484,76209,10,233277
11985,0.000999,74.125.24.0-255,2902,79111,10,233277
11986,0.001005,172.31.36.0-255,66,79177,10,233277
11987,0.001034,74.125.24.0-255,5738,84915,10,233277
11988,0.001037,172.31.36.0-255,66,84981,10,233277
11989,0.001051,172.31.36.0-255,66,85047,10,233277
11990,0.001056,74.125.24.0-255,4320,89367,10,233277
11991,0.001058,172.31.36.0-255,66,89433,10,233277
11992,0.001092,74.125.24.0-255,2902,92335,10,233277
11993,0.001095,172.31.36.0-255,66,92401,10,233277
11994,0.001111,74.125.24.0-255,3602,96003,10,233277
11995,0.001114,172.31.36.0-255,66,96069,10,233277
11996,0.001573,74.125.24.0-255,1484,97553,10,233277
11997,0.00158,74.125.24.0-255,2902,100455,10,233277
11998,0.001584,172.31.36.0-255,66,100521,10,233277
11999,0.001603,74.125.24.0-255,1484,102005,10,233277
12000,0.001622,74.125.24.0-255,2902,104907,10,233277
12001,0.001624,172.31.36.0-255,66,104973,10,233277
12002,0.00163,74.125.24.0-255,4320,109293,10,233277
12003,0.001632,172.31.36.0-255,66,109359,10,233277
12004,0.001655,74.125.24.0-255,1484,110843,10,233277
12005,0.00166,74.125.24.0-255,4320,115163,10,233277
12006,0.001663,172.31.36.0-255,66,115229,10,233277
12007,0.001688,172.31.36.0-255,66,115295,10,233277
12008,0.00171,74.125.24.0-255,2902,118197,10,233277
12009,0.001713,172.31.36.0-255,66,118263,10,233277
12010,0.001733,74.125.24.0-255,3602,121865,10,233277
12011,0.001735,172.31.36.0-255,66,121931,10,233277
12012,0.002515,74.125.24.0-255,1484,123415,10,233277
12013,0.002541,74.125.24.0-255,2902,126317,10,233277
12014,0.002546,172.31.36.0-255,66,126383,10,233277
12015,0.002555,74.125.24.0-255,5738,132121,10,233277
12016,0.002557,172.31.36.0-255,66,132187,10,233277
12017,0.00259,172.31.36.0-255,66,132253,10,233277
12018,0.002641,172.31.36.0-255,66,132319,10,233277
12019,0.002653,172.31.36.0-255,66,132385,10,233277
12020,0.002656,74.125.24.0-255,1484,133869,10,233277
12021,0.002728,172.31.36.0-255,66,133935,10,233277
12022,0.002763,74.125.24.0-255,7156,141091,10,233277
12023,0.002765,172.31.36.0-255,66,141157,10,233277
12024,0.002787,74.125.24.0-255,5738,146895,10,233277
12025,0.002789,172.31.36.0-255,66,146961,10,233277
12026,0.002809,172.31.36.0-255,66,147027,10,233277
12027,0.002831,74.125.24.0-255,4320,151347,10,233277
12028,0.002834,172.31.36.0-255,66,151413,10,233277
12029,0.002847,74.125.24.0-255,2184,153597,10,233277
12030,0.00285,172.31.36.0-255,66,153663,10,233277
12031,0.002889,74.125.24.0-255,7156,160819,10,233277
12032,0.002892,172.31.36.0-255,66,160885,10,233277
12033,0.002896,74.125.24.0-255,2902,163787,10,233277
12034,0.002899,172.31.36.0-255,66,163853,10,233277
12035,0.002906,74.125.24.0-255,5738,169591,10,233277
12036,0.002909,172.31.36.0-255,66,169657,10,233277
12037,0.002934,74.125.24.0-255,2902,172559,10,233277
12038,0.002937,172.31.36.0-255,66,172625,10,233277
12039,0.002943,74.125.24.0-255,4320,176945,10,233277
12040,0.002945,172.31.36.0-255,66,177011,10,233277
12041,0.002988,172.31.36.0-255,66,177077,10,233277
12042,0.003,172.31.36.0-255,66,177143,10,233277
12043,0.003012,172.31.36.0-255,66,177209,10,233277
12044,0.003017,74.125.24.0-255,4320,181529,10,233277
12045,0.00302,172.31.36.0-255,66,181595,10,233277
12046,0.003027,74.125.24.0-255,7156,188751,10,233277
12047,0.003029,172.31.36.0-255,66,188817,10,233277
12048,0.003035,74.125.24.0-255,3602,192419,10,233277
12049,0.003038,172.31.36.0-255,66,192485,10,233277
12050,0.003044,74.125.24.0-255,4320,196805,10,233277
12051,0.003047,172.31.36.0-255,66,196871,10,233277
12052,0.003085,172.31.36.0-255,66,196937,10,233277
12053,0.003089,74.125.24.0-255,1484,198421,10,233277
12054,0.003116,172.31.36.0-255,66,198487,10,233277
12055,0.003135,74.125.24.0-255,2902,201389,10,233277
12056,0.003137,172.31.36.0-255,66,201455,10,233277
12057,0.003163,172.31.36.0-255,66,201521,10,233277
12058,0.003171,74.125.24.0-255,5738,207259,10,233277
12059,0.003173,172.31.36.0-255,66,207325,10,233277
12060,0.00319,74.125.24.0-255,2902,210227,10,233277
12061,0.003193,172.31.36.0-255,66,210293,10,233277
12062,0.0032,74.125.24.0-255,5738,216031,10,233277
12063,0.003207,74.125.24.0-255,7156,223187,10,233277
12064,0.003224,74.125.24.0-255,1484,224671,10,233277
12065,0.003261,74.125.24.0-255,3977,228648,10,233277
12066,0.00331,74.125.24.0-255,105,228753,10,233277
12067,0.006323,172.31.36.0-255,66,228819,10,233277
12068,0.008206,172.31.36.0-255,105,228924,10,233277
12069,0.010802,74.125.24.0-255,66,228990,10,233277
12070,0.032943,172.31.36.0-255,172,229162,10,233277
12071,0.032976,172.31.36.0-255,1113,230275,10,233277
12072,0.033036,172.31.36.0-255,1514,231789,10,233277
12073,0.033037,172.31.36.0-255,1290,233079,10,233277
12074,0.034494,104.244.42.0-255,66,233145,10,233277
12075,0.034532,104.244.42.0-255,66,233211,10,233277
12076,0.034558,104.244.42.0-255,66,233277,10,233277
12077,0.0,172.217.194.0-255,143,143,10,234128
12078,2.4e-05,172.31.36.0-255,66,209,10,234128
12079,3.1e-05,172.217.194.0-255,1484,1693,10,234128
12080,3.4e-05,172.31.36.0-255,66,1759,10,234128
12081,3.9e-05,172.217.194.0-255,2902,4661,10,234128
12082,4.2e-05,172.31.36.0-255,66,4727,10,234128
12083,4.8e-05,172.217.194.0-255,4320,9047,10,234128
12084,5.1e-05,172.31.36.0-255,66,9113,10,234128
12085,7.6e-05,172.217.194.0-255,2902,12015,10,234128
12086,7.9e-05,172.31.36.0-255,66,12081,10,234128
12087,8.2e-05,172.217.194.0-255,1484,13565,10,234128
12088,8.6e-05,172.31.36.0-255,66,13631,10,234128
12089,8.9e-05,172.217.194.0-255,7156,20787,10,234128
12090,9.1e-05,172.31.36.0-255,66,20853,10,234128
12091,0.000121,172.217.194.0-255,3464,24317,10,234128
12092,0.000124,172.31.36.0-255,66,24383,10,234128
12093,0.000132,172.217.194.0-255,6797,31180,10,234128
12094,0.000134,172.31.36.0-255,66,31246,10,234128
12095,0.000213,172.217.194.0-255,1484,32730,10,234128
12096,0.000218,172.31.36.0-255,66,32796,10,234128
12097,0.000225,172.217.194.0-255,2902,35698,10,234128
12098,0.000228,172.31.36.0-255,66,35764,10,234128
12099,0.00025,172.217.194.0-255,5738,41502,10,234128
12100,0.000253,172.31.36.0-255,66,41568,10,234128
12101,0.000259,172.217.194.0-255,4320,45888,10,234128
12102,0.000262,172.31.36.0-255,66,45954,10,234128
12103,0.000285,172.217.194.0-255,5738,51692,10,234128
12104,0.000288,172.31.36.0-255,66,51758,10,234128
12105,0.00032,172.217.194.0-255,6797,58555,10,234128
12106,0.000325,172.31.36.0-255,66,58621,10,234128
12107,0.000331,172.217.194.0-255,6797,65418,10,234128
12108,0.000334,172.31.36.0-255,66,65484,10,234128
12109,0.000354,172.217.194.0-255,381,65865,10,234128
12110,0.000425,172.217.194.0-255,362,66227,10,234128
12111,0.000737,172.217.194.0-255,1484,67711,10,234128
12112,0.000743,172.31.36.0-255,66,67777,10,234128
12113,0.000749,172.217.194.0-255,2902,70679,10,234128
12114,0.000751,172.31.36.0-255,66,70745,10,234128
12115,0.000758,172.217.194.0-255,5738,76483,10,234128
12116,0.000761,172.31.36.0-255,66,76549,10,234128
12117,0.000772,172.31.36.0-255,66,76615,10,234128
12118,0.000778,172.217.194.0-255,4320,80935,10,234128
12119,0.00078,172.31.36.0-255,66,81001,10,234128
12120,0.0008,172.217.194.0-255,7156,88157,10,234128
12121,0.000804,172.31.36.0-255,66,88223,10,234128
12122,0.000808,172.217.194.0-255,2184,90407,10,234128
12123,0.000811,172.31.36.0-255,66,90473,10,234128
12124,0.001189,172.217.194.0-255,1484,91957,10,234128
12125,0.0012,172.217.194.0-255,2902,94859,10,234128
12126,0.001204,172.31.36.0-255,66,94925,10,234128
12127,0.001212,172.217.194.0-255,5738,100663,10,234128
12128,0.001214,172.31.36.0-255,66,100729,10,234128
12129,0.001219,172.217.194.0-255,2902,103631,10,234128
12130,0.001222,172.31.36.0-255,66,103697,10,234128
12131,0.001244,172.217.194.0-255,4320,108017,10,234128
12132,0.001247,172.31.36.0-255,66,108083,10,234128
12133,0.001262,172.31.36.0-255,66,108149,10,234128
12134,0.001266,172.217.194.0-255,2184,110333,10,234128
12135,0.001268,172.31.36.0-255,66,110399,10,234128
12136,0.001309,172.217.194.0-255,2902,113301,10,234128
12137,0.001313,172.31.36.0-255,66,113367,10,234128
12138,0.001317,172.217.194.0-255,1484,114851,10,234128
12139,0.001338,172.217.194.0-255,5738,120589,10,234128
12140,0.001341,172.31.36.0-255,66,120655,10,234128
12141,0.001354,172.31.36.0-255,66,120721,10,234128
12142,0.001383,172.217.194.0-255,5738,126459,10,234128
12143,0.001387,172.31.36.0-255,66,126525,10,234128
12144,0.001411,172.31.36.0-255,66,126591,10,234128
12145,0.001696,172.217.194.0-255,1484,128075,10,234128
12146,0.001704,172.217.194.0-255,2902,130977,10,234128
12147,0.00171,172.31.36.0-255,66,131043,10,234128
12148,0.001718,172.217.194.0-255,5738,136781,10,234128
12149,0.001721,172.31.36.0-255,66,136847,10,234128
12150,0.00176,172.31.36.0-255,66,136913,10,234128
12151,0.0018,172.31.36.0-255,66,136979,10,234128
12152,0.001956,172.217.194.0-255,1484,138463,10,234128
12153,0.001962,172.217.194.0-255,2902,141365,10,234128
12154,0.001973,172.31.36.0-255,66,141431,10,234128
12155,0.00198,172.217.194.0-255,5738,147169,10,234128
12156,0.001984,172.31.36.0-255,66,147235,10,234128
12157,0.001991,172.217.194.0-255,7156,154391,10,234128
12158,0.001993,172.31.36.0-255,66,154457,10,234128
12159,0.002024,172.31.36.0-255,66,154523,10,234128
12160,0.002028,172.217.194.0-255,2184,156707,10,234128
12161,0.00203,172.31.36.0-255,66,156773,10,234128
12162,0.002098,172.217.194.0-255,1484,158257,10,234128
12163,0.002103,172.217.194.0-255,2902,161159,10,234128
12164,0.002106,172.31.36.0-255,66,161225,10,234128
12165,0.00211,172.217.194.0-255,1484,162709,10,234128
12166,0.002127,172.217.194.0-255,4320,167029,10,234128
12167,0.00213,172.31.36.0-255,66,167095,10,234128
12168,0.002134,172.217.194.0-255,2902,169997,10,234128
12169,0.002136,172.31.36.0-255,66,170063,10,234128
12170,0.002165,172.31.36.0-255,66,170129,10,234128
12171,0.002202,172.31.36.0-255,66,170195,10,234128
12172,0.002236,172.217.194.0-255,4320,174515,10,234128
12173,0.002239,172.31.36.0-255,66,174581,10,234128
12174,0.002269,172.31.36.0-255,66,174647,10,234128
12175,0.002279,172.31.36.0-255,66,174713,10,234128
12176,0.002366,172.31.36.0-255,66,174779,10,234128
12177,0.00237,172.31.36.0-255,66,174845,10,234128
12178,0.00239,172.31.36.0-255,66,174911,10,234128
12179,0.002403,172.31.36.0-255,66,174977,10,234128
12180,0.00241,172.217.194.0-255,7156,182133,10,234128
12181,0.002412,172.31.36.0-255,66,182199,10,234128
12182,0.002435,172.217.194.0-255,2184,184383,10,234128
12183,0.002438,172.31.36.0-255,66,184449,10,234128
12184,0.004789,172.217.194.0-255,2902,187351,10,234128
12185,0.004796,172.31.36.0-255,66,187417,10,234128
12186,0.004816,172.217.194.0-255,2902,190319,10,234128
12187,0.004819,172.31.36.0-255,66,190385,10,234128
12188,0.007173,172.217.194.0-255,5738,196123,10,234128
12189,0.00718,172.31.36.0-255,66,196189,10,234128
12190,0.009585,172.217.194.0-255,5738,201927,10,234128
12191,0.009594,172.31.36.0-255,66,201993,10,234128
12192,0.011962,172.217.194.0-255,5738,207731,10,234128
12193,0.011968,172.31.36.0-255,66,207797,10,234128
12194,0.014336,172.217.194.0-255,5738,213535,10,234128
12195,0.014343,172.31.36.0-255,66,213601,10,234128
12196,0.016746,172.217.194.0-255,5738,219339,10,234128
12197,0.016758,172.31.36.0-255,66,219405,10,234128
12198,0.019136,172.217.194.0-255,5738,225143,10,234128
12199,0.019148,172.31.36.0-255,66,225209,10,234128
12200,0.02152,172.217.194.0-255,4398,229607,10,234128
12201,0.021529,172.31.36.0-255,66,229673,10,234128
12202,0.023552,172.31.36.0-255,105,229778,10,234128
12203,0.025904,172.217.194.0-255,66,229844,10,234128
12204,0.026541,172.31.36.0-255,167,230011,10,234128
12205,0.026575,172.31.36.0-255,1112,231123,10,234128
12206,0.026609,172.31.36.0-255,1514,232637,10,234128
12207,0.026611,172.31.36.0-255,1293,233930,10,234128
12208,0.028053,104.244.42.0-255,66,233996,10,234128
12209,0.028107,104.244.42.0-255,66,234062,10,234128
12210,0.028121,104.244.42.0-255,66,234128,10,234128
12211,0.0,74.125.24.0-255,290,290,10,334744
12212,2.9e-05,172.31.36.0-255,66,356,10,334744
12213,3.6e-05,74.125.24.0-255,1484,1840,10,334744
12214,3.9e-05,172.31.36.0-255,66,1906,10,334744
12215,4.6e-05,74.125.24.0-255,4320,6226,10,334744
12216,5.7e-05,172.31.36.0-255,66,6292,10,334744
12217,6.9e-05,172.31.36.0-255,66,6358,10,334744
12218,0.000533,74.125.24.0-255,1484,7842,10,334744
12219,0.00054,172.31.36.0-255,66,7908,10,334744
12220,0.00055,74.125.24.0-255,2902,10810,10,334744
12221,0.000561,172.31.36.0-255,66,10876,10,334744
12222,0.00059,74.125.24.0-255,5738,16614,10,334744
12223,0.000594,172.31.36.0-255,66,16680,10,334744
12224,0.00063,74.125.24.0-255,6797,23477,10,334744
12225,0.000634,172.31.36.0-255,66,23543,10,334744
12226,0.000894,74.125.24.0-255,1484,25027,10,334744
12227,0.0009,172.31.36.0-255,66,25093,10,334744
12228,0.00091,74.125.24.0-255,2902,27995,10,334744
12229,0.000912,172.31.36.0-255,66,28061,10,334744
12230,0.000924,74.125.24.0-255,5738,33799,10,334744
12231,0.000926,172.31.36.0-255,66,33865,10,334744
12232,0.000946,74.125.24.0-255,4320,38185,10,334744
12233,0.000949,172.31.36.0-255,66,38251,10,334744
12234,0.000979,74.125.24.0-255,2543,40794,10,334744
12235,0.000981,172.31.36.0-255,66,40860,10,334744
12236,0.001007,74.125.24.0-255,1484,42344,10,334744
12237,0.00101,172.31.36.0-255,66,42410,10,334744
12238,0.001015,74.125.24.0-255,2902,45312,10,334744
12239,0.001018,172.31.36.0-255,66,45378,10,334744
12240,0.001028,74.125.24.0-255,5738,51116,10,334744
12241,0.001031,172.31.36.0-255,66,51182,10,334744
12242,0.001038,74.125.24.0-255,6797,57979,10,334744
12243,0.001048,172.31.36.0-255,66,58045,10,334744
12244,0.001066,74.125.24.0-255,707,58752,10,334744
12245,0.001415,172.31.36.0-255,66,58818,10,334744
12246,0.001662,74.125.24.0-255,1484,60302,10,334744
12247,0.001671,74.125.24.0-255,2902,63204,10,334744
12248,0.001675,74.125.24.0-255,2902,66106,10,334744
12249,0.001693,74.125.24.0-255,2902,69008,10,334744
12250,0.001696,74.125.24.0-255,1484,70492,10,334744
12251,0.001707,172.31.36.0-255,66,70558,10,334744
12252,0.001736,74.125.24.0-255,7156,77714,10,334744
12253,0.00175,74.125.24.0-255,3961,81675,10,334744
12254,0.00177,172.31.36.0-255,66,81741,10,334744
12255,0.003807,74.125.24.0-255,5738,87479,10,334744
12256,0.003813,172.31.36.0-255,66,87545,10,334744
12257,0.005833,74.125.24.0-255,5738,93283,10,334744
12258,0.005839,172.31.36.0-255,66,93349,10,334744
12259,0.007857,74.125.24.0-255,5738,99087,10,334744
12260,0.007863,172.31.36.0-255,66,99153,10,334744
12261,0.00992,74.125.24.0-255,5738,104891,10,334744
12262,0.009928,172.31.36.0-255,66,104957,10,334744
12263,0.011943,74.125.24.0-255,5738,110695,10,334744
12264,0.01195,172.31.36.0-255,66,110761,10,334744
12265,0.013984,74.125.24.0-255,5738,116499,10,334744
12266,0.013995,172.31.36.0-255,66,116565,10,334744
12267,0.016018,74.125.24.0-255,5738,122303,10,334744
12268,0.016026,172.31.36.0-255,66,122369,10,334744
12269,0.018068,74.125.24.0-255,5738,128107,10,334744
12270,0.018075,172.31.36.0-255,66,128173,10,334744
12271,0.020101,74.125.24.0-255,5738,133911,10,334744
12272,0.020108,172.31.36.0-255,66,133977,10,334744
12273,0.022151,74.125.24.0-255,5738,139715,10,334744
12274,0.022159,172.31.36.0-255,66,139781,10,334744
12275,0.024198,74.125.24.0-255,5738,145519,10,334744
12276,0.024205,172.31.36.0-255,66,145585,10,334744
12277,0.026215,74.125.24.0-255,5738,151323,10,334744
12278,0.026222,172.31.36.0-255,66,151389,10,334744
12279,0.027596,172.31.36.0-255,172,151561,10,334744
12280,0.027636,172.31.36.0-255,1113,152674,10,334744
12281,0.027731,172.31.36.0-255,1514,154188,10,334744
12282,0.027733,172.31.36.0-255,1290,155478,10,334744
12283,0.028253,74.125.24.0-255,5738,161216,10,334744
12284,0.028259,172.31.36.0-255,66,161282,10,334744
12285,0.029158,104.244.42.0-255,66,161348,10,334744
12286,0.02922,104.244.42.0-255,66,161414,10,334744
12287,0.029313,104.244.42.0-255,66,161480,10,334744
12288,0.030265,74.125.24.0-255,2902,164382,10,334744
12289,0.030269,172.31.36.0-255,66,164448,10,334744
12290,0.030301,74.125.24.0-255,2902,167350,10,334744
12291,0.030324,172.31.36.0-255,66,167416,10,334744
12292,0.032271,74.125.24.0-255,2902,170318,10,334744
12293,0.032277,172.31.36.0-255,66,170384,10,334744
12294,0.032327,74.125.24.0-255,2902,173286,10,334744
12295,0.032354,172.31.36.0-255,66,173352,10,334744
12296,0.034294,74.125.24.0-255,2902,176254,10,334744
12297,0.0343,172.31.36.0-255,66,176320,10,334744
12298,0.034354,74.125.24.0-255,2902,179222,10,334744
12299,0.034376,172.31.36.0-255,66,179288,10,334744
12300,0.036321,74.125.24.0-255,2902,182190,10,334744
12301,0.036327,172.31.36.0-255,66,182256,10,334744
12302,0.036407,74.125.24.0-255,1484,183740,10,334744
12303,0.036422,74.125.24.0-255,1484,185224,10,334744
12304,0.036425,172.31.36.0-255,66,185290,10,334744
12305,0.038332,74.125.24.0-255,2902,188192,10,334744
12306,0.038337,172.31.36.0-255,66,188258,10,334744
12307,0.038422,74.125.24.0-255,2902,191160,10,334744
12308,0.038429,172.31.36.0-255,66,191226,10,334744
12309,0.04034,74.125.24.0-255,2902,194128,10,334744
12310,0.040345,172.31.36.0-255,66,194194,10,334744
12311,0.040468,74.125.24.0-255,2902,197096,10,334744
12312,0.040473,172.31.36.0-255,66,197162,10,334744
12313,0.042357,74.125.24.0-255,2902,200064,10,334744
12314,0.042363,172.31.36.0-255,66,200130,10,334744
12315,0.042499,74.125.24.0-255,2902,203032,10,334744
12316,0.042504,172.31.36.0-255,66,203098,10,334744
12317,0.044388,74.125.24.0-255,2902,206000,10,334744
12318,0.044394,172.31.36.0-255,66,206066,10,334744
12319,0.044516,74.125.24.0-255,2902,208968,10,334744
12320,0.044522,172.31.36.0-255,66,209034,10,334744
12321,0.046411,74.125.24.0-255,2902,211936,10,334744
12322,0.046416,172.31.36.0-255,66,212002,10,334744
12323,0.046536,74.125.24.0-255,2902,214904,10,334744
12324,0.046541,172.31.36.0-255,66,214970,10,334744
12325,0.048456,74.125.24.0-255,2902,217872,10,334744
12326,0.048461,172.31.36.0-255,66,217938,10,334744
12327,0.048529,74.125.24.0-255,2902,220840,10,334744
12328,0.048544,172.31.36.0-255,66,220906,10,334744
12329,0.050474,74.125.24.0-255,2902,223808,10,334744
12330,0.05048,172.31.36.0-255,66,223874,10,334744
12331,0.05055,74.125.24.0-255,2902,226776,10,334744
12332,0.050561,172.31.36.0-255,66,226842,10,334744
12333,0.0525,74.125.24.0-255,2902,229744,10,334744
12334,0.052505,172.31.36.0-255,66,229810,10,334744
12335,0.052585,74.125.24.0-255,2902,232712,10,334744
12336,0.052967,172.31.36.0-255,66,232778,10,334744
12337,0.054535,74.125.24.0-255,2902,235680,10,334744
12338,0.05454,172.31.36.0-255,66,235746,10,334744
12339,0.054989,74.125.24.0-255,2902,238648,10,334744
12340,0.054994,172.31.36.0-255,66,238714,10,334744
12341,0.056575,74.125.24.0-255,2902,241616,10,334744
12342,0.057004,74.125.24.0-255,2902,244518,10,334744
12343,0.057055,172.31.36.0-255,66,244584,10,334744
12344,0.059082,74.125.24.0-255,5738,250322,10,334744
12345,0.059088,172.31.36.0-255,66,250388,10,334744
12346,0.061107,74.125.24.0-255,5738,256126,10,334744
12347,0.061112,172.31.36.0-255,66,256192,10,334744
12348,0.063138,74.125.24.0-255,4320,260512,10,334744
12349,0.063143,172.31.36.0-255,66,260578,10,334744
12350,0.063179,74.125.24.0-255,1484,262062,10,334744
12351,0.065169,74.125.24.0-255,4320,266382,10,334744
12352,0.065174,172.31.36.0-255,66,266448,10,334744
12353,0.067205,74.125.24.0-255,5738,272186,10,334744
12354,0.067264,172.31.36.0-255,66,272252,10,334744
12355,0.069287,74.125.24.0-255,5738,277990,10,334744
12356,0.069292,172.31.36.0-255,66,278056,10,334744
12357,0.071319,74.125.24.0-255,4320,282376,10,334744
12358,0.071324,172.31.36.0-255,66,282442,10,334744
12359,0.07136,74.125.24.0-255,1484,283926,10,334744
12360,0.073334,74.125.24.0-255,4320,288246,10,334744
12361,0.07334,172.31.36.0-255,66,288312,10,334744
12362,0.075374,74.125.24.0-255,5738,294050,10,334744
12363,0.07543,172.31.36.0-255,66,294116,10,334744
12364,0.077444,74.125.24.0-255,5738,299854,10,334744
12365,0.07745,172.31.36.0-255,66,299920,10,334744
12366,0.079454,74.125.24.0-255,5738,305658,10,334744
12367,0.079459,172.31.36.0-255,66,305724,10,334744
12368,0.081485,74.125.24.0-255,5738,311462,10,334744
12369,0.08149,172.31.36.0-255,66,311528,10,334744
12370,0.083501,74.125.24.0-255,5738,317266,10,334744
12371,0.083506,172.31.36.0-255,66,317332,10,334744
12372,0.08552,74.125.24.0-255,5738,323070,10,334744
12373,0.085525,172.31.36.0-255,66,323136,10,334744
12374,0.087571,74.125.24.0-255,5738,328874,10,334744
12375,0.087577,172.31.36.0-255,66,328940,10,334744
12376,0.089629,74.125.24.0-255,5738,334678,10,334744
12377,0.089636,172.31.36.0-255,66,334744,10,334744
12378,0.0,74.125.24.0-255,161,161,10,327792
12379,3.3e-05,172.31.36.0-255,66,227,10,327792
12380,4e-05,74.125.24.0-255,1484,1711,10,327792
12381,4.4e-05,172.31.36.0-255,66,1777,10,327792
12382,5e-05,74.125.24.0-255,2902,4679,10,327792
12383,5.3e-05,172.31.36.0-255,66,4745,10,327792
12384,6.7e-05,74.125.24.0-255,7156,11901,10,327792
12385,7e-05,172.31.36.0-255,66,11967,10,327792
12386,9.6e-05,74.125.24.0-255,2019,13986,10,327792
12387,0.000105,172.31.36.0-255,66,14052,10,327792
12388,0.000132,74.125.24.0-255,2902,16954,10,327792
12389,0.000136,172.31.36.0-255,66,17020,10,327792
12390,0.000141,74.125.24.0-255,4320,21340,10,327792
12391,0.000143,172.31.36.0-255,66,21406,10,327792
12392,0.000159,172.31.36.0-255,66,21472,10,327792
12393,0.000187,74.125.24.0-255,1125,22597,10,327792
12394,0.000194,172.31.36.0-255,66,22663,10,327792
12395,0.000236,74.125.24.0-255,1484,24147,10,327792
12396,0.000239,172.31.36.0-255,66,24213,10,327792
12397,0.000244,74.125.24.0-255,2902,27115,10,327792
12398,0.000247,172.31.36.0-255,66,27181,10,327792
12399,0.000274,74.125.24.0-255,5738,32919,10,327792
12400,0.000278,172.31.36.0-255,66,32985,10,327792
12401,0.000285,74.125.24.0-255,6797,39782,10,327792
12402,0.000287,172.31.36.0-255,66,39848,10,327792
12403,0.000321,172.31.36.0-255,66,39914,10,327792
12404,0.000353,74.125.24.0-255,5738,45652,10,327792
12405,0.000357,172.31.36.0-255,66,45718,10,327792
12406,0.000361,74.125.24.0-255,2876,48594,10,327792
12407,0.000364,172.31.36.0-255,66,48660,10,327792
12408,0.000439,74.125.24.0-255,111,48771,10,327792
12409,0.000585,74.125.24.0-255,1484,50255,10,327792
12410,0.000589,172.31.36.0-255,66,50321,10,327792
12411,0.000609,74.125.24.0-255,2902,53223,10,327792
12412,0.000612,172.31.36.0-255,66,53289,10,327792
12413,0.000618,74.125.24.0-255,4320,57609,10,327792
12414,0.000622,172.31.36.0-255,66,57675,10,327792
12415,0.00064,74.125.24.0-255,1484,59159,10,327792
12416,0.000658,172.31.36.0-255,66,59225,10,327792
12417,0.000662,74.125.24.0-255,1484,60709,10,327792
12418,0.000704,172.31.36.0-255,66,60775,10,327792
12419,0.000708,74.125.24.0-255,331,61106,10,327792
12420,0.00093,74.125.24.0-255,1484,62590,10,327792
12421,0.000935,172.31.36.0-255,66,62656,10,327792
12422,0.000941,74.125.24.0-255,2902,65558,10,327792
12423,0.000943,172.31.36.0-255,66,65624,10,327792
12424,0.000947,74.125.24.0-255,1484,67108,10,327792
12425,0.000978,74.125.24.0-255,4320,71428,10,327792
12426,0.000982,172.31.36.0-255,66,71494,10,327792
12427,0.000993,172.31.36.0-255,66,71560,10,327792
12428,0.001015,74.125.24.0-255,4320,75880,10,327792
12429,0.001018,172.31.36.0-255,66,75946,10,327792
12430,0.001054,172.31.36.0-255,66,76012,10,327792
12431,0.001477,74.125.24.0-255,1484,77496,10,327792
12432,0.001488,74.125.24.0-255,2902,80398,10,327792
12433,0.001493,172.31.36.0-255,66,80464,10,327792
12434,0.001498,74.125.24.0-255,2902,83366,10,327792
12435,0.0015,172.31.36.0-255,66,83432,10,327792
12436,0.001537,74.125.24.0-255,7156,90588,10,327792
12437,0.001542,172.31.36.0-255,66,90654,10,327792
12438,0.001583,74.125.24.0-255,2902,93556,10,327792
12439,0.001586,172.31.36.0-255,66,93622,10,327792
12440,0.001634,172.31.36.0-255,66,93688,10,327792
12441,0.001639,74.125.24.0-255,3602,97290,10,327792
12442,0.001643,172.31.36.0-255,66,97356,10,327792
12443,0.001671,74.125.24.0-255,1484,98840,10,327792
12444,0.001706,74.125.24.0-255,2902,101742,10,327792
12445,0.001711,172.31.36.0-255,66,101808,10,327792
12446,0.001717,74.125.24.0-255,4320,106128,10,327792
12447,0.001719,172.31.36.0-255,66,106194,10,327792
12448,0.001738,74.125.24.0-255,1484,107678,10,327792
12449,0.001742,74.125.24.0-255,1484,109162,10,327792
12450,0.001749,172.31.36.0-255,66,109228,10,327792
12451,0.001774,74.125.24.0-255,5738,114966,10,327792
12452,0.001778,172.31.36.0-255,66,115032,10,327792
12453,0.001789,172.31.36.0-255,66,115098,10,327792
12454,0.001858,172.31.36.0-255,66,115164,10,327792
12455,0.002022,74.125.24.0-255,1484,116648,10,327792
12456,0.002031,74.125.24.0-255,2902,119550,10,327792
12457,0.002034,172.31.36.0-255,66,119616,10,327792
12458,0.002038,74.125.24.0-255,1484,121100,10,327792
12459,0.00207,74.125.24.0-255,4320,125420,10,327792
12460,0.002074,172.31.36.0-255,66,125486,10,327792
12461,0.002079,74.125.24.0-255,2902,128388,10,327792
12462,0.002081,172.31.36.0-255,66,128454,10,327792
12463,0.002091,74.125.24.0-255,4320,132774,10,327792
12464,0.002093,172.31.36.0-255,66,132840,10,327792
12465,0.002127,74.125.24.0-255,5738,138578,10,327792
12466,0.002132,172.31.36.0-255,66,138644,10,327792
12467,0.002149,172.31.36.0-255,66,138710,10,327792
12468,0.004398,74.125.24.0-255,5738,144448,10,327792
12469,0.004405,172.31.36.0-255,66,144514,10,327792
12470,0.006652,74.125.24.0-255,5738,150252,10,327792
12471,0.006658,172.31.36.0-255,66,150318,10,327792
12472,0.008936,74.125.24.0-255,5738,156056,10,327792
12473,0.008943,172.31.36.0-255,66,156122,10,327792
12474,0.011207,74.125.24.0-255,5738,161860,10,327792
12475,0.011215,172.31.36.0-255,66,161926,10,327792
12476,0.013513,74.125.24.0-255,5738,167664,10,327792
12477,0.013524,172.31.36.0-255,66,167730,10,327792
12478,0.015805,74.125.24.0-255,5738,173468,10,327792
12479,0.015813,172.31.36.0-255,66,173534,10,327792
12480,0.018068,74.125.24.0-255,5738,179272,10,327792
12481,0.018076,172.31.36.0-255,66,179338,10,327792
12482,0.020334,74.125.24.0-255,5738,185076,10,327792
12483,0.020341,172.31.36.0-255,66,185142,10,327792
12484,0.022588,74.125.24.0-255,5738,190880,10,327792
12485,0.022595,172.31.36.0-255,66,190946,10,327792
12486,0.024853,74.125.24.0-255,5738,196684,10,327792
12487,0.02486,172.31.36.0-255,66,196750,10,327792
12488,0.027144,74.125.24.0-255,5738,202488,10,327792
12489,0.02715,172.31.36.0-255,66,202554,10,327792
12490,0.027499,172.31.36.0-255,172,202726,10,327792
12491,0.02754,172.31.36.0-255,1113,203839,10,327792
12492,0.027816,172.31.36.0-255,1514,205353,10,327792
12493,0.027819,172.31.36.0-255,1514,206867,10,327792
12494,0.027825,172.31.36.0-255,1514,208381,10,327792
12495,0.027826,172.31.36.0-255,1070,209451,10,327792
12496,0.029023,104.244.42.0-255,66,209517,10,327792
12497,0.029101,104.244.42.0-255,66,209583,10,327792
12498,0.029383,104.244.42.0-255,66,209649,10,327792
12499,0.029396,104.244.42.0-255,66,209715,10,327792
12500,0.029434,74.125.24.0-255,5738,215453,10,327792
12501,0.029439,172.31.36.0-255,66,215519,10,327792
12502,0.031739,74.125.24.0-255,5738,221257,10,327792
12503,0.031746,172.31.36.0-255,66,221323,10,327792
12504,0.034026,74.125.24.0-255,5738,227061,10,327792
12505,0.034033,172.31.36.0-255,66,227127,10,327792
12506,0.036329,74.125.24.0-255,5738,232865,10,327792
12507,0.036335,172.31.36.0-255,66,232931,10,327792
12508,0.038649,74.125.24.0-255,5738,238669,10,327792
12509,0.038658,172.31.36.0-255,66,238735,10,327792
12510,0.040906,74.125.24.0-255,5738,244473,10,327792
12511,0.040913,172.31.36.0-255,66,244539,10,327792
12512,0.043187,74.125.24.0-255,5738,250277,10,327792
12513,0.043195,172.31.36.0-255,66,250343,10,327792
12514,0.045465,74.125.24.0-255,5738,256081,10,327792
12515,0.045471,172.31.36.0-255,66,256147,10,327792
12516,0.047748,74.125.24.0-255,5738,261885,10,327792
12517,0.047754,172.31.36.0-255,66,261951,10,327792
12518,0.050023,74.125.24.0-255,5738,267689,10,327792
12519,0.05003,172.31.36.0-255,66,267755,10,327792
12520,0.052331,74.125.24.0-255,5738,273493,10,327792
12521,0.052338,172.31.36.0-255,66,273559,10,327792
12522,0.054617,74.125.24.0-255,5738,279297,10,327792
12523,0.054624,172.31.36.0-255,66,279363,10,327792
12524,0.056894,74.125.24.0-255,5738,285101,10,327792
12525,0.056901,172.31.36.0-255,66,285167,10,327792
12526,0.059152,74.125.24.0-255,5738,290905,10,327792
12527,0.059159,172.31.36.0-255,66,290971,10,327792
12528,0.061415,74.125.24.0-255,5738,296709,10,327792
12529,0.061422,172.31.36.0-255,66,296775,10,327792
12530,0.063691,74.125.24.0-255,5738,302513,10,327792
12531,0.063697,172.31.36.0-255,66,302579,10,327792
12532,0.06598,74.125.24.0-255,5738,308317,10,327792
12533,0.065986,172.31.36.0-255,66,308383,10,327792
12534,0.068252,74.125.24.0-255,5738,314121,10,327792
12535,0.068259,172.31.36.0-255,66,314187,10,327792
12536,0.070524,74.125.24.0-255,5738,319925,10,327792
12537,0.070531,172.31.36.0-255,66,319991,10,327792
12538,0.072832,74.125.24.0-255,5738,325729,10,327792
12539,0.07284,172.31.36.0-255,66,325795,10,327792
12540,0.075123,74.125.24.0-255,1760,327555,10,327792
12541,0.07513,172.31.36.0-255,66,327621,10,327792
12542,0.075292,172.31.36.0-255,105,327726,10,327792
12543,0.077549,74.125.24.0-255,66,327792,10,327792
12544,0.0,172.217.194.0-255,153,153,10,281889
12545,2.4e-05,172.31.36.0-255,66,219,10,281889
12546,3.2e-05,172.217.194.0-255,1484,1703,10,281889
12547,3.6e-05,172.31.36.0-255,66,1769,10,281889
12548,4.3e-05,172.217.194.0-255,2902,4671,10,281889
12549,5.6e-05,172.31.36.0-255,66,4737,10,281889
12550,6.3e-05,172.217.194.0-255,5738,10475,10,281889
12551,6.6e-05,172.31.36.0-255,66,10541,10,281889
12552,7.4e-05,172.217.194.0-255,5738,16279,10,281889
12553,7.6e-05,172.31.36.0-255,66,16345,10,281889
12554,0.000127,172.31.36.0-255,66,16411,10,281889
12555,0.000141,172.31.36.0-255,66,16477,10,281889
12556,0.000159,172.31.36.0-255,66,16543,10,281889
12557,0.00019,172.31.36.0-255,66,16609,10,281889
12558,0.000207,172.31.36.0-255,66,16675,10,281889
12559,0.000233,172.217.194.0-255,428,17103,10,281889
12560,0.000235,172.31.36.0-255,66,17169,10,281889
12561,0.000466,172.217.194.0-255,1484,18653,10,281889
12562,0.000472,172.31.36.0-255,66,18719,10,281889
12563,0.000478,172.217.194.0-255,2902,21621,10,281889
12564,0.000481,172.31.36.0-255,66,21687,10,281889
12565,0.000491,172.217.194.0-255,4320,26007,10,281889
12566,0.000494,172.31.36.0-255,66,26073,10,281889
12567,0.000499,172.217.194.0-255,4320,30393,10,281889
12568,0.000502,172.31.36.0-255,66,30459,10,281889
12569,0.00053,172.217.194.0-255,1484,31943,10,281889
12570,0.000532,172.31.36.0-255,66,32009,10,281889
12571,0.000546,172.31.36.0-255,66,32075,10,281889
12572,0.000559,172.217.194.0-255,7156,39231,10,281889
12573,0.000561,172.31.36.0-255,66,39297,10,281889
12574,0.000584,172.217.194.0-255,766,40063,10,281889
12575,0.00087,172.217.194.0-255,1484,41547,10,281889
12576,0.000875,172.31.36.0-255,66,41613,10,281889
12577,0.000881,172.217.194.0-255,2902,44515,10,281889
12578,0.000884,172.31.36.0-255,66,44581,10,281889
12579,0.000894,172.217.194.0-255,5738,50319,10,281889
12580,0.000896,172.31.36.0-255,66,50385,10,281889
12581,0.000949,172.31.36.0-255,66,50451,10,281889
12582,0.000968,172.31.36.0-255,66,50517,10,281889
12583,0.002347,172.217.194.0-255,1484,52001,10,281889
12584,0.002359,172.217.194.0-255,2902,54903,10,281889
12585,0.002364,172.31.36.0-255,66,54969,10,281889
12586,0.002373,172.217.194.0-255,5738,60707,10,281889
12587,0.002375,172.31.36.0-255,66,60773,10,281889
12588,0.002415,172.31.36.0-255,66,60839,10,281889
12589,0.002453,172.217.194.0-255,4320,65159,10,281889
12590,0.002456,172.31.36.0-255,66,65225,10,281889
12591,0.00249,172.31.36.0-255,66,65291,10,281889
12592,0.002513,172.217.194.0-255,1484,66775,10,281889
12593,0.002529,172.217.194.0-255,2902,69677,10,281889
12594,0.002532,172.31.36.0-255,66,69743,10,281889
12595,0.002539,172.217.194.0-255,5738,75481,10,281889
12596,0.002541,172.31.36.0-255,66,75547,10,281889
12597,0.002546,172.217.194.0-255,2902,78449,10,281889
12598,0.002548,172.31.36.0-255,66,78515,10,281889
12599,0.002586,172.217.194.0-255,4320,82835,10,281889
12600,0.00259,172.31.36.0-255,66,82901,10,281889
12601,0.002609,172.31.36.0-255,66,82967,10,281889
12602,0.002613,172.217.194.0-255,2184,85151,10,281889
12603,0.002615,172.31.36.0-255,66,85217,10,281889
12604,0.002657,172.217.194.0-255,1484,86701,10,281889
12605,0.002676,172.217.194.0-255,2902,89603,10,281889
12606,0.002679,172.31.36.0-255,66,89669,10,281889
12607,0.002697,172.217.194.0-255,4320,93989,10,281889
12608,0.0027,172.31.36.0-255,66,94055,10,281889
12609,0.00533,172.217.194.0-255,2902,96957,10,281889
12610,0.005335,172.31.36.0-255,66,97023,10,281889
12611,0.005362,172.217.194.0-255,2902,99925,10,281889
12612,0.005365,172.31.36.0-255,66,99991,10,281889
12613,0.007978,172.217.194.0-255,2902,102893,10,281889
12614,0.007987,172.31.36.0-255,66,102959,10,281889
12615,0.008026,172.217.194.0-255,2902,105861,10,281889
12616,0.008029,172.31.36.0-255,66,105927,10,281889
12617,0.010624,172.217.194.0-255,2902,108829,10,281889
12618,0.010631,172.31.36.0-255,66,108895,10,281889
12619,0.010674,172.217.194.0-255,2902,111797,10,281889
12620,0.010678,172.31.36.0-255,66,111863,10,281889
12621,0.013296,172.217.194.0-255,2902,114765,10,281889
12622,0.013304,172.31.36.0-255,66,114831,10,281889
12623,0.013334,172.217.194.0-255,2902,117733,10,281889
12624,0.013336,172.31.36.0-255,66,117799,10,281889
12625,0.015983,172.217.194.0-255,5738,123537,10,281889
12626,0.015996,172.31.36.0-255,66,123603,10,281889
12627,0.018683,172.217.194.0-255,5738,129341,10,281889
12628,0.018691,172.31.36.0-255,66,129407,10,281889
12629,0.021372,172.217.194.0-255,5738,135145,10,281889
12630,0.021379,172.31.36.0-255,66,135211,10,281889
12631,0.024069,172.217.194.0-255,5738,140949,10,281889
12632,0.024076,172.31.36.0-255,66,141015,10,281889
12633,0.026719,172.217.194.0-255,5738,146753,10,281889
12634,0.02673,172.31.36.0-255,66,146819,10,281889
12635,0.029401,172.217.194.0-255,5738,152557,10,281889
12636,0.029409,172.31.36.0-255,66,152623,10,281889
12637,0.032093,172.217.194.0-255,5738,158361,10,281889
12638,0.032099,172.31.36.0-255,66,158427,10,281889
12639,0.033047,172.31.36.0-255,167,158594,10,281889
12640,0.03308,172.31.36.0-255,1112,159706,10,281889
12641,0.03314,172.31.36.0-255,1514,161220,10,281889
12642,0.033141,172.31.36.0-255,1291,162511,10,281889
12643,0.034594,104.244.42.0-255,66,162577,10,281889
12644,0.034662,104.244.42.0-255,66,162643,10,281889
12645,0.034705,104.244.42.0-255,66,162709,10,281889
12646,0.034755,172.217.194.0-255,4320,167029,10,281889
12647,0.03476,172.31.36.0-255,66,167095,10,281889
12648,0.034791,172.217.194.0-255,1484,168579,10,281889
12649,0.037427,172.217.194.0-255,4320,172899,10,281889
12650,0.037434,172.31.36.0-255,66,172965,10,281889
12651,0.040136,172.217.194.0-255,4320,177285,10,281889
12652,0.040144,172.31.36.0-255,66,177351,10,281889
12653,0.040174,172.217.194.0-255,1484,178835,10,281889
12654,0.042825,172.217.194.0-255,4320,183155,10,281889
12655,0.042831,172.31.36.0-255,66,183221,10,281889
12656,0.045491,172.217.194.0-255,5738,188959,10,281889
12657,0.045498,172.31.36.0-255,66,189025,10,281889
12658,0.048177,172.217.194.0-255,5738,194763,10,281889
12659,0.048184,172.31.36.0-255,66,194829,10,281889
12660,0.050856,172.217.194.0-255,5738,200567,10,281889
12661,0.050863,172.31.36.0-255,66,200633,10,281889
12662,0.053536,172.217.194.0-255,5738,206371,10,281889
12663,0.053542,172.31.36.0-255,66,206437,10,281889
12664,0.056216,172.217.194.0-255,5738,212175,10,281889
12665,0.056223,172.31.36.0-255,66,212241,10,281889
12666,0.058883,172.217.194.0-255,5738,217979,10,281889
12667,0.05889,172.31.36.0-255,66,218045,10,281889
12668,0.061543,172.217.194.0-255,5738,223783,10,281889
12669,0.06155,172.31.36.0-255,66,223849,10,281889
12670,0.064225,172.217.194.0-255,5738,229587,10,281889
12671,0.064233,172.31.36.0-255,66,229653,10,281889
12672,0.066944,172.217.194.0-255,5738,235391,10,281889
12673,0.066954,172.31.36.0-255,66,235457,10,281889
12674,0.069656,172.217.194.0-255,5738,241195,10,281889
12675,0.069667,172.31.36.0-255,66,241261,10,281889
12676,0.072371,172.217.194.0-255,5738,246999,10,281889
12677,0.072379,172.31.36.0-255,66,247065,10,281889
12678,0.075065,172.217.194.0-255,5738,252803,10,281889
12679,0.075072,172.31.36.0-255,66,252869,10,281889
12680,0.077752,172.217.194.0-255,5738,258607,10,281889
12681,0.077759,172.31.36.0-255,66,258673,10,281889
12682,0.080411,172.217.194.0-255,5738,264411,10,281889
12683,0.080422,172.31.36.0-255,66,264477,10,281889
12684,0.08308,172.217.194.0-255,5738,270215,10,281889
12685,0.083088,172.31.36.0-255,66,270281,10,281889
12686,0.085749,172.217.194.0-255,5738,276019,10,281889
12687,0.085757,172.31.36.0-255,66,276085,10,281889
12688,0.088428,172.217.194.0-255,5738,281823,10,281889
12689,0.088435,172.31.36.0-255,66,281889,10,281889
12690,0.0,172.217.194.0-255,152,152,10,330037
12691,3.4e-05,172.31.36.0-255,66,218,10,330037
12692,4.1e-05,172.217.194.0-255,1484,1702,10,330037
12693,4.6e-05,172.31.36.0-255,66,1768,10,330037
12694,5.2e-05,172.217.194.0-255,2902,4670,10,330037
12695,5.4e-05,172.31.36.0-255,66,4736,10,330037
12696,5.7e-05,172.217.194.0-255,1484,6220,10,330037
12697,5.9e-05,172.31.36.0-255,66,6286,10,330037
12698,6.3e-05,172.217.194.0-255,1484,7770,10,330037
12699,6.6e-05,172.31.36.0-255,66,7836,10,330037
12700,9.2e-05,172.217.194.0-255,6224,14060,10,330037
12701,9.5e-05,172.31.36.0-255,66,14126,10,330037
12702,0.000101,172.217.194.0-255,4320,18446,10,330037
12703,0.000103,172.31.36.0-255,66,18512,10,330037
12704,0.000124,172.217.194.0-255,4320,22832,10,330037
12705,0.000127,172.31.36.0-255,66,22898,10,330037
12706,0.000134,172.217.194.0-255,7156,30054,10,330037
12707,0.000136,172.31.36.0-255,66,30120,10,330037
12708,0.000147,172.217.194.0-255,1125,31245,10,330037
12709,0.00015,172.31.36.0-255,66,31311,10,330037
12710,0.000248,172.217.194.0-255,1484,32795,10,330037
12711,0.000252,172.31.36.0-255,66,32861,10,330037
12712,0.000256,172.217.194.0-255,1484,34345,10,330037
12713,0.000257,172.31.36.0-255,66,34411,10,330037
12714,0.000272,172.217.194.0-255,1484,35895,10,330037
12715,0.000275,172.31.36.0-255,66,35961,10,330037
12716,0.000279,172.217.194.0-255,2902,38863,10,330037
12717,0.000282,172.31.36.0-255,66,38929,10,330037
12718,0.000308,172.217.194.0-255,2902,41831,10,330037
12719,0.000311,172.31.36.0-255,66,41897,10,330037
12720,0.000317,172.217.194.0-255,5738,47635,10,330037
12721,0.000319,172.31.36.0-255,66,47701,10,330037
12722,0.000333,172.217.194.0-255,2902,50603,10,330037
12723,0.000336,172.31.36.0-255,66,50669,10,330037
12724,0.000351,172.217.194.0-255,6797,57466,10,330037
12725,0.000354,172.31.36.0-255,66,57532,10,330037
12726,0.000387,172.217.194.0-255,1484,59016,10,330037
12727,0.000412,172.217.194.0-255,7068,66084,10,330037
12728,0.000416,172.31.36.0-255,66,66150,10,330037
12729,0.000793,172.217.194.0-255,120,66270,10,330037
12730,0.00082,172.31.36.0-255,66,66336,10,330037
12731,0.00099,172.217.194.0-255,383,66719,10,330037
12732,0.001467,172.217.194.0-255,1484,68203,10,330037
12733,0.001474,172.31.36.0-255,66,68269,10,330037
12734,0.001481,172.217.194.0-255,2902,71171,10,330037
12735,0.001483,172.31.36.0-255,66,71237,10,330037
12736,0.001489,172.217.194.0-255,5738,76975,10,330037
12737,0.00149,172.31.36.0-255,66,77041,10,330037
12738,0.001534,172.31.36.0-255,66,77107,10,330037
12739,0.001549,172.217.194.0-255,1484,78591,10,330037
12740,0.001574,172.31.36.0-255,66,78657,10,330037
12741,0.00159,172.217.194.0-255,2184,80841,10,330037
12742,0.001592,172.31.36.0-255,66,80907,10,330037
12743,0.001839,172.217.194.0-255,1484,82391,10,330037
12744,0.001853,172.217.194.0-255,2902,85293,10,330037
12745,0.001855,172.31.36.0-255,66,85359,10,330037
12746,0.001876,172.217.194.0-255,5738,91097,10,330037
12747,0.001878,172.31.36.0-255,66,91163,10,330037
12748,0.001925,172.217.194.0-255,4320,95483,10,330037
12749,0.001928,172.31.36.0-255,66,95549,10,330037
12750,0.00195,172.31.36.0-255,66,95615,10,330037
12751,0.001955,172.217.194.0-255,4320,99935,10,330037
12752,0.001957,172.31.36.0-255,66,100001,10,330037
12753,0.001979,172.217.194.0-255,6438,106439,10,330037
12754,0.001981,172.31.36.0-255,66,106505,10,330037
12755,0.002003,172.217.194.0-255,1484,107989,10,330037
12756,0.002025,172.31.36.0-255,66,108055,10,330037
12757,0.002036,172.31.36.0-255,66,108121,10,330037
12758,0.002048,172.217.194.0-255,1484,109605,10,330037
12759,0.002079,172.31.36.0-255,66,109671,10,330037
12760,0.004367,172.217.194.0-255,5738,115409,10,330037
12761,0.004371,172.31.36.0-255,66,115475,10,330037
12762,0.006647,172.217.194.0-255,5738,121213,10,330037
12763,0.006654,172.31.36.0-255,66,121279,10,330037
12764,0.008936,172.217.194.0-255,5738,127017,10,330037
12765,0.008942,172.31.36.0-255,66,127083,10,330037
12766,0.011254,172.217.194.0-255,5738,132821,10,330037
12767,0.011262,172.31.36.0-255,66,132887,10,330037
12768,0.013562,172.217.194.0-255,5738,138625,10,330037
12769,0.013571,172.31.36.0-255,66,138691,10,330037
12770,0.015871,172.217.194.0-255,5738,144429,10,330037
12771,0.015879,172.31.36.0-255,66,144495,10,330037
12772,0.018181,172.217.194.0-255,5738,150233,10,330037
12773,0.01819,172.31.36.0-255,66,150299,10,330037
12774,0.02051,172.217.194.0-255,5738,156037,10,330037
12775,0.020517,172.31.36.0-255,66,156103,10,330037
12776,0.022827,172.217.194.0-255,5738,161841,10,330037
12777,0.022834,172.31.36.0-255,66,161907,10,330037
12778,0.02472,172.31.36.0-255,172,162079,10,330037
12779,0.024752,172.31.36.0-255,1112,163191,10,330037
12780,0.024792,172.31.36.0-255,1514,164705,10,330037
12781,0.024794,172.31.36.0-255,1291,165996,10,330037
12782,0.025196,172.217.194.0-255,5738,171734,10,330037
12783,0.025202,172.31.36.0-255,66,171800,10,330037
12784,0.026258,104.244.42.0-255,66,171866,10,330037
12785,0.026317,104.244.42.0-255,66,171932,10,330037
12786,0.02636,104.244.42.0-255,66,171998,10,330037
12787,0.027472,172.217.194.0-255,2902,174900,10,330037
12788,0.027476,172.31.36.0-255,66,174966,10,330037
12789,0.027505,172.217.194.0-255,2902,177868,10,330037
12790,0.027508,172.31.36.0-255,66,177934,10,330037
12791,0.027922,104.244.42.0-255,108,178042,10,330037
12792,0.027942,172.31.36.0-255,66,178108,10,330037
12793,0.02975,172.217.194.0-255,2902,181010,10,330037
12794,0.029754,172.31.36.0-255,66,181076,10,330037
12795,0.02981,172.217.194.0-255,2902,183978,10,330037
12796,0.029814,172.31.36.0-255,66,184044,10,330037
12797,0.029885,172.31.36.0-255,101,184145,10,330037
12798,0.032056,172.217.194.0-255,2902,187047,10,330037
12799,0.032062,172.31.36.0-255,66,187113,10,330037
12800,0.032092,172.217.194.0-255,2902,190015,10,330037
12801,0.032095,172.31.36.0-255,66,190081,10,330037
12802,0.032145,172.217.194.0-255,66,190147,10,330037
12803,0.034358,172.217.194.0-255,2902,193049,10,330037
12804,0.034365,172.31.36.0-255,66,193115,10,330037
12805,0.034387,172.217.194.0-255,2902,196017,10,330037
12806,0.034389,172.31.36.0-255,66,196083,10,330037
12807,0.03669,172.217.194.0-255,5738,201821,10,330037
12808,0.03671,172.31.36.0-255,66,201887,10,330037
12809,0.039052,172.217.194.0-255,5738,207625,10,330037
12810,0.03907,172.31.36.0-255,66,207691,10,330037
12811,0.041434,172.217.194.0-255,5738,213429,10,330037
12812,0.041449,172.31.36.0-255,66,213495,10,330037
12813,0.043757,172.217.194.0-255,5738,219233,10,330037
12814,0.043774,172.31.36.0-255,66,219299,10,330037
12815,0.046108,172.217.194.0-255,5738,225037,10,330037
12816,0.046126,172.31.36.0-255,66,225103,10,330037
12817,0.048423,172.217.194.0-255,5738,230841,10,330037
12818,0.048429,172.31.36.0-255,66,230907,10,330037
12819,0.050704,172.217.194.0-255,5738,236645,10,330037
12820,0.05071,172.31.36.0-255,66,236711,10,330037
12821,0.053025,172.217.194.0-255,5738,242449,10,330037
12822,0.053031,172.31.36.0-255,66,242515,10,330037
12823,0.055312,172.217.194.0-255,5738,248253,10,330037
12824,0.055318,172.31.36.0-255,66,248319,10,330037
12825,0.057601,172.217.194.0-255,5738,254057,10,330037
12826,0.057607,172.31.36.0-255,66,254123,10,330037
12827,0.059896,172.217.194.0-255,4320,258443,10,330037
12828,0.059902,172.31.36.0-255,66,258509,10,330037
12829,0.059928,172.217.194.0-255,1484,259993,10,330037
12830,0.062205,172.217.194.0-255,2902,262895,10,330037
12831,0.06221,172.31.36.0-255,66,262961,10,330037
12832,0.062252,172.217.194.0-255,1484,264445,10,330037
12833,0.064518,172.217.194.0-255,4320,268765,10,330037
12834,0.064522,172.31.36.0-255,66,268831,10,330037
12835,0.066794,172.217.194.0-255,1484,270315,10,330037
12836,0.066824,172.217.194.0-255,4320,274635,10,330037
12837,0.066828,172.31.36.0-255,66,274701,10,330037
12838,0.069115,172.217.194.0-255,5738,280439,10,330037
12839,0.069123,172.31.36.0-255,66,280505,10,330037
12840,0.071437,172.217.194.0-255,5738,286243,10,330037
12841,0.071447,172.31.36.0-255,66,286309,10,330037
12842,0.073748,172.217.194.0-255,5738,292047,10,330037
12843,0.073757,172.31.36.0-255,66,292113,10,330037
12844,0.076094,172.217.194.0-255,5738,297851,10,330037
12845,0.076101,172.31.36.0-255,66,297917,10,330037
12846,0.078401,172.217.194.0-255,4320,302237,10,330037
12847,0.078406,172.31.36.0-255,66,302303,10,330037
12848,0.078433,172.217.194.0-255,1484,303787,10,330037
12849,0.080748,172.217.194.0-255,4320,308107,10,330037
12850,0.080753,172.31.36.0-255,66,308173,10,330037
12851,0.083035,172.217.194.0-255,4320,312493,10,330037
12852,0.08304,172.31.36.0-255,66,312559,10,330037
12853,0.083072,172.217.194.0-255,1484,314043,10,330037
12854,0.085307,172.217.194.0-255,4320,318363,10,330037
12855,0.085314,172.31.36.0-255,66,318429,10,330037
12856,0.087609,172.217.194.0-255,5738,324167,10,330037
12857,0.087615,172.31.36.0-255,66,324233,10,330037
12858,0.089906,172.217.194.0-255,5738,329971,10,330037
12859,0.089912,172.31.36.0-255,66,330037,10,330037
12860,0.0,74.125.24.0-255,153,153,10,215109
12861,4e-05,172.31.36.0-255,66,219,10,215109
12862,4.8e-05,74.125.24.0-255,1484,1703,10,215109
12863,5.5e-05,172.31.36.0-255,66,1769,10,215109
12864,6e-05,74.125.24.0-255,2902,4671,10,215109
12865,6.3e-05,172.31.36.0-255,66,4737,10,215109
12866,7e-05,74.125.24.0-255,7156,11893,10,215109
12867,7.4e-05,172.31.36.0-255,66,11959,10,215109
12868,9e-05,172.31.36.0-255,66,12025,10,215109
12869,0.000111,74.125.24.0-255,2066,14091,10,215109
12870,0.000114,74.125.24.0-255,2543,16634,10,215109
12871,0.000115,172.31.36.0-255,66,16700,10,215109
12872,0.00012,172.31.36.0-255,66,16766,10,215109
12873,0.000128,74.125.24.0-255,1484,18250,10,215109
12874,0.000131,172.31.36.0-255,66,18316,10,215109
12875,0.000134,74.125.24.0-255,1484,19800,10,215109
12876,0.000136,172.31.36.0-255,66,19866,10,215109
12877,0.000159,74.125.24.0-255,1484,21350,10,215109
12878,0.000161,172.31.36.0-255,66,21416,10,215109
12879,0.000169,74.125.24.0-255,5738,27154,10,215109
12880,0.000171,172.31.36.0-255,66,27220,10,215109
12881,0.000218,74.125.24.0-255,6797,34017,10,215109
12882,0.000221,172.31.36.0-255,66,34083,10,215109
12883,0.000465,74.125.24.0-255,1484,35567,10,215109
12884,0.00047,172.31.36.0-255,66,35633,10,215109
12885,0.000476,74.125.24.0-255,2902,38535,10,215109
12886,0.000478,172.31.36.0-255,66,38601,10,215109
12887,0.000498,74.125.24.0-255,5738,44339,10,215109
12888,0.000503,172.31.36.0-255,66,44405,10,215109
12889,0.000547,74.125.24.0-255,7143,51548,10,215109
12890,0.000551,172.31.36.0-255,66,51614,10,215109
12891,0.000607,74.125.24.0-255,331,51945,10,215109
12892,0.000884,74.125.24.0-255,1484,53429,10,215109
12893,0.000886,172.31.36.0-255,66,53495,10,215109
12894,0.000897,74.125.24.0-255,2902,56397,10,215109
12895,0.0009,172.31.36.0-255,66,56463,10,215109
12896,0.000929,74.125.24.0-255,5738,62201,10,215109
12897,0.000932,172.31.36.0-255,66,62267,10,215109
12898,0.000945,172.31.36.0-255,66,62333,10,215109
12899,0.001004,74.125.24.0-255,4320,66653,10,215109
12900,0.001008,172.31.36.0-255,66,66719,10,215109
12901,0.001031,172.31.36.0-255,66,66785,10,215109
12902,0.001167,74.125.24.0-255,1484,68269,10,215109
12903,0.001174,74.125.24.0-255,2902,71171,10,215109
12904,0.001177,172.31.36.0-255,66,71237,10,215109
12905,0.001181,74.125.24.0-255,1484,72721,10,215109
12906,0.001202,74.125.24.0-255,4320,77041,10,215109
12907,0.001206,172.31.36.0-255,66,77107,10,215109
12908,0.001218,172.31.36.0-255,66,77173,10,215109
12909,0.00124,74.125.24.0-255,4320,81493,10,215109
12910,0.001242,172.31.36.0-255,66,81559,10,215109
12911,0.001255,172.31.36.0-255,66,81625,10,215109
12912,0.001258,74.125.24.0-255,766,82391,10,215109
12913,0.001273,74.125.24.0-255,1484,83875,10,215109
12914,0.001275,172.31.36.0-255,66,83941,10,215109
12915,0.001281,74.125.24.0-255,2902,86843,10,215109
12916,0.001284,172.31.36.0-255,66,86909,10,215109
12917,0.001294,74.125.24.0-255,1484,88393,10,215109
12918,0.001299,74.125.24.0-255,2902,91295,10,215109
12919,0.001302,172.31.36.0-255,66,91361,10,215109
12920,0.001334,74.125.24.0-255,7156,98517,10,215109
12921,0.001338,172.31.36.0-255,66,98583,10,215109
12922,0.001349,172.31.36.0-255,66,98649,10,215109
12923,0.001398,172.31.36.0-255,66,98715,10,215109
12924,0.001418,74.125.24.0-255,4320,103035,10,215109
12925,0.001422,172.31.36.0-255,66,103101,10,215109
12926,0.001446,74.125.24.0-255,5738,108839,10,215109
12927,0.00145,172.31.36.0-255,66,108905,10,215109
12928,0.001461,172.31.36.0-255,66,108971,10,215109
12929,0.001499,172.31.36.0-255,66,109037,10,215109
12930,0.001517,74.125.24.0-255,2184,111221,10,215109
12931,0.001519,172.31.36.0-255,66,111287,10,215109
12932,0.001526,74.125.24.0-255,5738,117025,10,215109
12933,0.001529,172.31.36.0-255,66,117091,10,215109
12934,0.001553,74.125.24.0-255,7156,124247,10,215109
12935,0.001558,172.31.36.0-255,66,124313,10,215109
12936,0.001571,74.125.24.0-255,7156,131469,10,215109
12937,0.001574,172.31.36.0-255,66,131535,10,215109
12938,0.001596,74.125.24.0-255,7156,138691,10,215109
12939,0.001599,172.31.36.0-255,66,138757,10,215109
12940,0.001606,74.125.24.0-255,6438,145195,10,215109
12941,0.00161,172.31.36.0-255,66,145261,10,215109
12942,0.001627,74.125.24.0-255,1484,146745,10,215109
12943,0.001632,74.125.24.0-255,2902,149647,10,215109
12944,0.001635,172.31.36.0-255,66,149713,10,215109
12945,0.001641,74.125.24.0-255,5738,155451,10,215109
12946,0.001644,172.31.36.0-255,66,155517,10,215109
12947,0.001695,172.31.36.0-255,66,155583,10,215109
12948,0.001707,172.31.36.0-255,66,155649,10,215109
12949,0.001731,74.125.24.0-255,766,156415,10,215109
12950,0.001759,74.125.24.0-255,1484,157899,10,215109
12951,0.001763,172.31.36.0-255,66,157965,10,215109
12952,0.001829,74.125.24.0-255,2902,160867,10,215109
12953,0.001832,172.31.36.0-255,66,160933,10,215109
12954,0.001858,74.125.24.0-255,1484,162417,10,215109
12955,0.001865,74.125.24.0-255,4320,166737,10,215109
12956,0.001868,172.31.36.0-255,66,166803,10,215109
12957,0.001883,172.31.36.0-255,66,166869,10,215109
12958,0.001896,172.31.36.0-255,66,166935,10,215109
12959,0.001922,74.125.24.0-255,1484,168419,10,215109
12960,0.001928,74.125.24.0-255,2902,171321,10,215109
12961,0.001931,172.31.36.0-255,66,171387,10,215109
12962,0.001937,74.125.24.0-255,4320,175707,10,215109
12963,0.00194,172.31.36.0-255,66,175773,10,215109
12964,0.001958,74.125.24.0-255,1484,177257,10,215109
12965,0.001967,74.125.24.0-255,7156,184413,10,215109
12966,0.00197,172.31.36.0-255,66,184479,10,215109
12967,0.001984,172.31.36.0-255,66,184545,10,215109
12968,0.002005,74.125.24.0-255,4320,188865,10,215109
12969,0.002008,172.31.36.0-255,66,188931,10,215109
12970,0.002013,74.125.24.0-255,2184,191115,10,215109
12971,0.002016,172.31.36.0-255,66,191181,10,215109
12972,0.002039,74.125.24.0-255,2902,194083,10,215109
12973,0.002042,172.31.36.0-255,66,194149,10,215109
12974,0.002048,74.125.24.0-255,2902,197051,10,215109
12975,0.00205,172.31.36.0-255,66,197117,10,215109
12976,0.002075,74.125.24.0-255,1484,198601,10,215109
12977,0.002088,172.31.36.0-255,66,198667,10,215109
12978,0.002094,74.125.24.0-255,4320,202987,10,215109
12979,0.002095,172.31.36.0-255,66,203053,10,215109
12980,0.002118,74.125.24.0-255,2902,205955,10,215109
12981,0.002121,172.31.36.0-255,66,206021,10,215109
12982,0.00216,172.31.36.0-255,66,206087,10,215109
12983,0.002175,172.31.36.0-255,66,206153,10,215109
12984,0.002198,74.125.24.0-255,1484,207637,10,215109
12985,0.002227,172.31.36.0-255,66,207703,10,215109
12986,0.002262,172.31.36.0-255,66,207769,10,215109
12987,0.002266,74.125.24.0-255,2121,209890,10,215109
12988,0.002268,172.31.36.0-255,66,209956,10,215109
12989,0.004428,74.125.24.0-255,168,210124,10,215109
12990,0.010073,172.31.36.0-255,105,210229,10,215109
12991,0.01011,172.31.36.0-255,105,210334,10,215109
12992,0.010342,172.31.36.0-255,90,210424,10,215109
12993,0.010353,172.31.36.0-255,66,210490,10,215109
12994,0.012264,74.125.24.0-255,66,210556,10,215109
12995,0.012278,74.125.24.0-255,66,210622,10,215109
12996,0.012517,74.125.24.0-255,66,210688,10,215109
12997,0.012548,74.125.24.0-255,66,210754,10,215109
12998,0.012558,172.31.36.0-255,66,210820,10,215109
12999,0.032568,172.31.36.0-255,172,210992,10,215109
13000,0.0326,172.31.36.0-255,1112,212104,10,215109
13001,0.032639,172.31.36.0-255,1514,213618,10,215109
13002,0.032641,172.31.36.0-255,1293,214911,10,215109
13003,0.034185,104.244.42.0-255,66,214977,10,215109
13004,0.034338,104.244.42.0-255,66,215043,10,215109
13005,0.03434,104.244.42.0-255,66,215109,10,215109
13006,0.0,74.125.130.0-255,143,143,10,311127
13007,1.5e-05,172.31.36.0-255,66,209,10,311127
13008,2.2e-05,74.125.130.0-255,1484,1693,10,311127
13009,2.7e-05,172.31.36.0-255,66,1759,10,311127
13010,3.2e-05,74.125.130.0-255,2902,4661,10,311127
13011,3.6e-05,172.31.36.0-255,66,4727,10,311127
13012,5.8e-05,74.125.130.0-255,5738,10465,10,311127
13013,6.1e-05,172.31.36.0-255,66,10531,10,311127
13014,8.7e-05,74.125.130.0-255,3567,14098,10,311127
13015,9e-05,172.31.36.0-255,66,14164,10,311127
13016,0.000475,74.125.130.0-255,1484,15648,10,311127
13017,0.000482,172.31.36.0-255,66,15714,10,311127
13018,0.000489,74.125.130.0-255,2902,18616,10,311127
13019,0.000492,172.31.36.0-255,66,18682,10,311127
13020,0.000497,74.125.130.0-255,2902,21584,10,311127
13021,0.0005,172.31.36.0-255,66,21650,10,311127
13022,0.000528,74.125.130.0-255,4320,25970,10,311127
13023,0.000531,172.31.36.0-255,66,26036,10,311127
13024,0.000557,74.125.130.0-255,5379,31415,10,311127
13025,0.00056,172.31.36.0-255,66,31481,10,311127
13026,0.000593,74.125.130.0-255,2902,34383,10,311127
13027,0.000596,172.31.36.0-255,66,34449,10,311127
13028,0.000616,74.125.130.0-255,2902,37351,10,311127
13029,0.000619,172.31.36.0-255,66,37417,10,311127
13030,0.000622,74.125.130.0-255,1484,38901,10,311127
13031,0.000624,172.31.36.0-255,66,38967,10,311127
13032,0.000644,74.125.130.0-255,5738,44705,10,311127
13033,0.000647,172.31.36.0-255,66,44771,10,311127
13034,0.000663,74.125.130.0-255,3961,48732,10,311127
13035,0.000665,172.31.36.0-255,66,48798,10,311127
13036,0.002658,74.125.130.0-255,1484,50282,10,311127
13037,0.002665,172.31.36.0-255,66,50348,10,311127
13038,0.002684,74.125.130.0-255,2902,53250,10,311127
13039,0.002686,172.31.36.0-255,66,53316,10,311127
13040,0.00269,74.125.130.0-255,1484,54800,10,311127
13041,0.004592,74.125.130.0-255,1484,56284,10,311127
13042,0.004596,172.31.36.0-255,66,56350,10,311127
13043,0.00462,74.125.130.0-255,2902,59252,10,311127
13044,0.004622,172.31.36.0-255,66,59318,10,311127
13045,0.006529,74.125.130.0-255,2902,62220,10,311127
13046,0.006532,172.31.36.0-255,66,62286,10,311127
13047,0.006552,74.125.130.0-255,2902,65188,10,311127
13048,0.006554,172.31.36.0-255,66,65254,10,311127
13049,0.008468,74.125.130.0-255,4320,69574,10,311127
13050,0.008475,172.31.36.0-255,66,69640,10,311127
13051,0.008495,74.125.130.0-255,1484,71124,10,311127
13052,0.01043,74.125.130.0-255,4320,75444,10,311127
13053,0.010438,172.31.36.0-255,66,75510,10,311127
13054,0.012402,74.125.130.0-255,5738,81248,10,311127
13055,0.012414,172.31.36.0-255,66,81314,10,311127
13056,0.014385,74.125.130.0-255,5738,87052,10,311127
13057,0.014402,172.31.36.0-255,66,87118,10,311127
13058,0.016423,74.125.130.0-255,5738,92856,10,311127
13059,0.016434,172.31.36.0-255,66,92922,10,311127
13060,0.01839,74.125.130.0-255,5738,98660,10,311127
13061,0.018402,172.31.36.0-255,66,98726,10,311127
13062,0.020386,74.125.130.0-255,5738,104464,10,311127
13063,0.020396,172.31.36.0-255,66,104530,10,311127
13064,0.022344,74.125.130.0-255,5738,110268,10,311127
13065,0.022351,172.31.36.0-255,66,110334,10,311127
13066,0.024297,74.125.130.0-255,5738,116072,10,311127
13067,0.024305,172.31.36.0-255,66,116138,10,311127
13068,0.02577,172.31.36.0-255,172,116310,10,311127
13069,0.025802,172.31.36.0-255,1112,117422,10,311127
13070,0.025863,172.31.36.0-255,1514,118936,10,311127
13071,0.025864,172.31.36.0-255,329,119265,10,311127
13072,0.026247,74.125.130.0-255,5738,125003,10,311127
13073,0.026254,172.31.36.0-255,66,125069,10,311127
13074,0.027326,104.244.42.0-255,66,125135,10,311127
13075,0.027355,104.244.42.0-255,66,125201,10,311127
13076,0.027414,104.244.42.0-255,66,125267,10,311127
13077,0.028193,74.125.130.0-255,5738,131005,10,311127
13078,0.028199,172.31.36.0-255,66,131071,10,311127
13079,0.030155,74.125.130.0-255,5738,136809,10,311127
13080,0.030162,172.31.36.0-255,66,136875,10,311127
13081,0.032127,74.125.130.0-255,5738,142613,10,311127
13082,0.032133,172.31.36.0-255,66,142679,10,311127
13083,0.034081,74.125.130.0-255,5738,148417,10,311127
13084,0.034088,172.31.36.0-255,66,148483,10,311127
13085,0.036044,74.125.130.0-255,5738,154221,10,311127
13086,0.036051,172.31.36.0-255,66,154287,10,311127
13087,0.038011,74.125.130.0-255,5738,160025,10,311127
13088,0.038018,172.31.36.0-255,66,160091,10,311127
13089,0.039972,74.125.130.0-255,5738,165829,10,311127
13090,0.039978,172.31.36.0-255,66,165895,10,311127
13091,0.041939,74.125.130.0-255,5738,171633,10,311127
13092,0.041946,172.31.36.0-255,66,171699,10,311127
13093,0.043883,74.125.130.0-255,5738,177437,10,311127
13094,0.04389,172.31.36.0-255,66,177503,10,311127
13095,0.045838,74.125.130.0-255,5738,183241,10,311127
13096,0.045844,172.31.36.0-255,66,183307,10,311127
13097,0.047793,74.125.130.0-255,5738,189045,10,311127
13098,0.0478,172.31.36.0-255,66,189111,10,311127
13099,0.049734,74.125.130.0-255,5738,194849,10,311127
13100,0.049742,172.31.36.0-255,66,194915,10,311127
13101,0.051697,74.125.130.0-255,5738,200653,10,311127
13102,0.051703,172.31.36.0-255,66,200719,10,311127
13103,0.053657,74.125.130.0-255,5738,206457,10,311127
13104,0.053663,172.31.36.0-255,66,206523,10,311127
13105,0.055603,74.125.130.0-255,5738,212261,10,311127
13106,0.055609,172.31.36.0-255,66,212327,10,311127
13107,0.057554,74.125.130.0-255,5738,218065,10,311127
13108,0.057559,172.31.36.0-255,66,218131,10,311127
13109,0.059527,74.125.130.0-255,5738,223869,10,311127
13110,0.059534,172.31.36.0-255,66,223935,10,311127
13111,0.061481,74.125.130.0-255,5738,229673,10,311127
13112,0.061488,172.31.36.0-255,66,229739,10,311127
13113,0.063433,74.125.130.0-255,5738,235477,10,311127
13114,0.06344,172.31.36.0-255,66,235543,10,311127
13115,0.065394,74.125.130.0-255,5738,241281,10,311127
13116,0.0654,172.31.36.0-255,66,241347,10,311127
13117,0.06735,74.125.130.0-255,5738,247085,10,311127
13118,0.067357,172.31.36.0-255,66,247151,10,311127
13119,0.069312,74.125.130.0-255,5738,252889,10,311127
13120,0.069319,172.31.36.0-255,66,252955,10,311127
13121,0.071251,74.125.130.0-255,2902,255857,10,311127
13122,0.071257,172.31.36.0-255,66,255923,10,311127
13123,0.071276,74.125.130.0-255,2902,258825,10,311127
13124,0.071279,172.31.36.0-255,66,258891,10,311127
13125,0.073197,74.125.130.0-255,5738,264629,10,311127
13126,0.073203,172.31.36.0-255,66,264695,10,311127
13127,0.075157,74.125.130.0-255,5738,270433,10,311127
13128,0.075164,172.31.36.0-255,66,270499,10,311127
13129,0.077118,74.125.130.0-255,5738,276237,10,311127
13130,0.077125,172.31.36.0-255,66,276303,10,311127
13131,0.079107,74.125.130.0-255,5738,282041,10,311127
13132,0.079114,172.31.36.0-255,66,282107,10,311127
13133,0.081067,74.125.130.0-255,5738,287845,10,311127
13134,0.081073,172.31.36.0-255,66,287911,10,311127
13135,0.083021,74.125.130.0-255,5738,293649,10,311127
13136,0.083028,172.31.36.0-255,66,293715,10,311127
13137,0.084975,74.125.130.0-255,5738,299453,10,311127
13138,0.084982,172.31.36.0-255,66,299519,10,311127
13139,0.086927,74.125.130.0-255,5738,305257,10,311127
13140,0.086934,172.31.36.0-255,66,305323,10,311127
13141,0.088879,74.125.130.0-255,5738,311061,10,311127
13142,0.088885,172.31.36.0-255,66,311127,10,311127
13143,0.0,172.217.194.0-255,143,143,10,324848
13144,1.5e-05,172.31.36.0-255,66,209,10,324848
13145,4.7e-05,172.217.194.0-255,1484,1693,10,324848
13146,5.2e-05,172.31.36.0-255,66,1759,10,324848
13147,5.9e-05,172.217.194.0-255,2902,4661,10,324848
13148,6.2e-05,172.31.36.0-255,66,4727,10,324848
13149,6.8e-05,172.217.194.0-255,7156,11883,10,324848
13150,7.1e-05,172.31.36.0-255,66,11949,10,324848
13151,0.000102,172.217.194.0-255,2012,13961,10,324848
13152,0.000105,172.31.36.0-255,66,14027,10,324848
13153,0.00011,172.217.194.0-255,2902,16929,10,324848
13154,0.000113,172.31.36.0-255,66,16995,10,324848
13155,0.00014,172.217.194.0-255,5738,22733,10,324848
13156,0.000143,172.31.36.0-255,66,22799,10,324848
13157,0.000189,172.217.194.0-255,2902,25701,10,324848
13158,0.000193,172.31.36.0-255,66,25767,10,324848
13159,0.000221,172.217.194.0-255,5379,31146,10,324848
13160,0.000226,172.31.36.0-255,66,31212,10,324848
13161,0.000381,172.217.194.0-255,1484,32696,10,324848
13162,0.000387,172.31.36.0-255,66,32762,10,324848
13163,0.000393,172.217.194.0-255,2902,35664,10,324848
13164,0.000396,172.31.36.0-255,66,35730,10,324848
13165,0.000422,172.217.194.0-255,5738,41468,10,324848
13166,0.000425,172.31.36.0-255,66,41534,10,324848
13167,0.000447,172.217.194.0-255,7156,48690,10,324848
13168,0.00045,172.31.36.0-255,66,48756,10,324848
13169,0.000464,172.217.194.0-255,3961,52717,10,324848
13170,0.000472,172.31.36.0-255,66,52783,10,324848
13171,0.000485,172.31.36.0-255,66,52849,10,324848
13172,0.000488,172.217.194.0-255,1422,54271,10,324848
13173,0.00049,172.31.36.0-255,66,54337,10,324848
13174,0.00075,172.217.194.0-255,380,54717,10,324848
13175,0.001075,172.217.194.0-255,1484,56201,10,324848
13176,0.00108,172.31.36.0-255,66,56267,10,324848
13177,0.001084,172.217.194.0-255,1484,57751,10,324848
13178,0.001108,172.217.194.0-255,1484,59235,10,324848
13179,0.001111,172.31.36.0-255,66,59301,10,324848
13180,0.001118,172.217.194.0-255,5738,65039,10,324848
13181,0.00112,172.31.36.0-255,66,65105,10,324848
13182,0.001158,172.31.36.0-255,66,65171,10,324848
13183,0.001168,172.31.36.0-255,66,65237,10,324848
13184,0.001212,172.217.194.0-255,2184,67421,10,324848
13185,0.001215,172.31.36.0-255,66,67487,10,324848
13186,0.002057,172.217.194.0-255,1484,68971,10,324848
13187,0.002068,172.217.194.0-255,2902,71873,10,324848
13188,0.002073,172.31.36.0-255,66,71939,10,324848
13189,0.002081,172.217.194.0-255,5738,77677,10,324848
13190,0.002083,172.31.36.0-255,66,77743,10,324848
13191,0.002104,172.31.36.0-255,66,77809,10,324848
13192,0.002176,172.31.36.0-255,66,77875,10,324848
13193,0.004259,172.217.194.0-255,4320,82195,10,324848
13194,0.004264,172.31.36.0-255,66,82261,10,324848
13195,0.004292,172.217.194.0-255,1484,83745,10,324848
13196,0.006323,172.217.194.0-255,4320,88065,10,324848
13197,0.006328,172.31.36.0-255,66,88131,10,324848
13198,0.008407,172.217.194.0-255,5738,93869,10,324848
13199,0.008413,172.31.36.0-255,66,93935,10,324848
13200,0.010467,172.217.194.0-255,5738,99673,10,324848
13201,0.010474,172.31.36.0-255,66,99739,10,324848
13202,0.012525,172.217.194.0-255,5738,105477,10,324848
13203,0.012534,172.31.36.0-255,66,105543,10,324848
13204,0.014614,172.217.194.0-255,5738,111281,10,324848
13205,0.014622,172.31.36.0-255,66,111347,10,324848
13206,0.016669,172.217.194.0-255,5738,117085,10,324848
13207,0.016676,172.31.36.0-255,66,117151,10,324848
13208,0.018758,172.217.194.0-255,4320,121471,10,324848
13209,0.018764,172.31.36.0-255,66,121537,10,324848
13210,0.018794,172.217.194.0-255,1484,123021,10,324848
13211,0.020851,172.217.194.0-255,4320,127341,10,324848
13212,0.020857,172.31.36.0-255,66,127407,10,324848
13213,0.022936,172.217.194.0-255,5738,133145,10,324848
13214,0.022944,172.31.36.0-255,66,133211,10,324848
13215,0.025022,172.217.194.0-255,5738,138949,10,324848
13216,0.025028,172.31.36.0-255,66,139015,10,324848
13217,0.025598,172.31.36.0-255,172,139187,10,324848
13218,0.025638,172.31.36.0-255,1114,140301,10,324848
13219,0.025863,172.31.36.0-255,1514,141815,10,324848
13220,0.025865,172.31.36.0-255,1514,143329,10,324848
13221,0.02587,172.31.36.0-255,1514,144843,10,324848
13222,0.025871,172.31.36.0-255,1069,145912,10,324848
13223,0.027084,172.217.194.0-255,5738,151650,10,324848
13224,0.02709,172.31.36.0-255,66,151716,10,324848
13225,0.027134,104.244.42.0-255,66,151782,10,324848
13226,0.027208,104.244.42.0-255,66,151848,10,324848
13227,0.027428,104.244.42.0-255,66,151914,10,324848
13228,0.027435,104.244.42.0-255,66,151980,10,324848
13229,0.029155,172.217.194.0-255,5738,157718,10,324848
13230,0.02916,172.31.36.0-255,66,157784,10,324848
13231,0.031237,172.217.194.0-255,5738,163522,10,324848
13232,0.031242,172.31.36.0-255,66,163588,10,324848
13233,0.033351,172.217.194.0-255,5738,169326,10,324848
13234,0.033357,172.31.36.0-255,66,169392,10,324848
13235,0.035433,172.217.194.0-255,5738,175130,10,324848
13236,0.035439,172.31.36.0-255,66,175196,10,324848
13237,0.03749,172.217.194.0-255,5738,180934,10,324848
13238,0.037495,172.31.36.0-255,66,181000,10,324848
13239,0.03954,172.217.194.0-255,5738,186738,10,324848
13240,0.039546,172.31.36.0-255,66,186804,10,324848
13241,0.041601,172.217.194.0-255,5738,192542,10,324848
13242,0.041607,172.31.36.0-255,66,192608,10,324848
13243,0.043699,172.217.194.0-255,5738,198346,10,324848
13244,0.043706,172.31.36.0-255,66,198412,10,324848
13245,0.045777,172.217.194.0-255,5738,204150,10,324848
13246,0.045782,172.31.36.0-255,66,204216,10,324848
13247,0.047839,172.217.194.0-255,5738,209954,10,324848
13248,0.047845,172.31.36.0-255,66,210020,10,324848
13249,0.049919,172.217.194.0-255,2902,212922,10,324848
13250,0.049925,172.31.36.0-255,66,212988,10,324848
13251,0.049969,172.217.194.0-255,2902,215890,10,324848
13252,0.049973,172.31.36.0-255,66,215956,10,324848
13253,0.051969,172.217.194.0-255,2902,218858,10,324848
13254,0.051974,172.31.36.0-255,66,218924,10,324848
13255,0.052023,172.217.194.0-255,2902,221826,10,324848
13256,0.052027,172.31.36.0-255,66,221892,10,324848
13257,0.054101,172.217.194.0-255,4320,226212,10,324848
13258,0.054106,172.31.36.0-255,66,226278,10,324848
13259,0.054169,172.217.194.0-255,1484,227762,10,324848
13260,0.056167,172.217.194.0-255,4320,232082,10,324848
13261,0.056172,172.31.36.0-255,66,232148,10,324848
13262,0.058258,172.217.194.0-255,5738,237886,10,324848
13263,0.058263,172.31.36.0-255,66,237952,10,324848
13264,0.06031,172.217.194.0-255,5738,243690,10,324848
13265,0.060315,172.31.36.0-255,66,243756,10,324848
13266,0.062365,172.217.194.0-255,4320,248076,10,324848
13267,0.06237,172.31.36.0-255,66,248142,10,324848
13268,0.062405,172.217.194.0-255,1484,249626,10,324848
13269,0.064415,172.217.194.0-255,4320,253946,10,324848
13270,0.064421,172.31.36.0-255,66,254012,10,324848
13271,0.066515,172.217.194.0-255,5738,259750,10,324848
13272,0.066521,172.31.36.0-255,66,259816,10,324848
13273,0.068574,172.217.194.0-255,5738,265554,10,324848
13274,0.06858,172.31.36.0-255,66,265620,10,324848
13275,0.070637,172.217.194.0-255,2902,268522,10,324848
13276,0.070642,172.31.36.0-255,66,268588,10,324848
13277,0.070672,172.217.194.0-255,2902,271490,10,324848
13278,0.070675,172.31.36.0-255,66,271556,10,324848
13279,0.072697,172.217.194.0-255,2902,274458,10,324848
13280,0.072702,172.31.36.0-255,66,274524,10,324848
13281,0.072737,172.217.194.0-255,2902,277426,10,324848
13282,0.072742,172.31.36.0-255,66,277492,10,324848
13283,0.074753,172.217.194.0-255,2902,280394,10,324848
13284,0.074758,172.31.36.0-255,66,280460,10,324848
13285,0.074789,172.217.194.0-255,1484,281944,10,324848
13286,0.074802,172.217.194.0-255,1484,283428,10,324848
13287,0.074805,172.31.36.0-255,66,283494,10,324848
13288,0.07685,172.217.194.0-255,2902,286396,10,324848
13289,0.076856,172.31.36.0-255,66,286462,10,324848
13290,0.076891,172.217.194.0-255,2902,289364,10,324848
13291,0.076894,172.31.36.0-255,66,289430,10,324848
13292,0.078926,172.217.194.0-255,2902,292332,10,324848
13293,0.078931,172.31.36.0-255,66,292398,10,324848
13294,0.078964,172.217.194.0-255,2902,295300,10,324848
13295,0.078967,172.31.36.0-255,66,295366,10,324848
13296,0.081028,172.217.194.0-255,2902,298268,10,324848
13297,0.081033,172.31.36.0-255,66,298334,10,324848
13298,0.081068,172.217.194.0-255,2902,301236,10,324848
13299,0.081072,172.31.36.0-255,66,301302,10,324848
13300,0.083097,172.217.194.0-255,2902,304204,10,324848
13301,0.083103,172.31.36.0-255,66,304270,10,324848
13302,0.08314,172.217.194.0-255,2902,307172,10,324848
13303,0.083143,172.31.36.0-255,66,307238,10,324848
13304,0.085131,172.217.194.0-255,2902,310140,10,324848
13305,0.085136,172.31.36.0-255,66,310206,10,324848
13306,0.085167,172.217.194.0-255,2902,313108,10,324848
13307,0.085171,172.31.36.0-255,66,313174,10,324848
13308,0.087218,172.217.194.0-255,5738,318912,10,324848
13309,0.087222,172.31.36.0-255,66,318978,10,324848
13310,0.089288,172.217.194.0-255,4320,323298,10,324848
13311,0.089293,172.31.36.0-255,66,323364,10,324848
13312,0.089319,172.217.194.0-255,1484,324848,10,324848
13313,0.0,74.125.130.0-255,143,143,10,349129
13314,2.4e-05,172.31.36.0-255,66,209,10,349129
13315,3.1e-05,74.125.130.0-255,1484,1693,10,349129
13316,3.6e-05,172.31.36.0-255,66,1759,10,349129
13317,4.2e-05,74.125.130.0-255,2902,4661,10,349129
13318,4.5e-05,172.31.36.0-255,66,4727,10,349129
13319,5.3e-05,74.125.130.0-255,7156,11883,10,349129
13320,5.6e-05,172.31.36.0-255,66,11949,10,349129
13321,8.6e-05,74.125.130.0-255,1993,13942,10,349129
13322,8.9e-05,172.31.36.0-255,66,14008,10,349129
13323,0.000454,74.125.130.0-255,1484,15492,10,349129
13324,0.000459,172.31.36.0-255,66,15558,10,349129
13325,0.000466,74.125.130.0-255,2902,18460,10,349129
13326,0.000469,172.31.36.0-255,66,18526,10,349129
13327,0.000501,74.125.130.0-255,4320,22846,10,349129
13328,0.000504,172.31.36.0-255,66,22912,10,349129
13329,0.000511,74.125.130.0-255,5738,28650,10,349129
13330,0.000513,172.31.36.0-255,66,28716,10,349129
13331,0.00056,74.125.130.0-255,2543,31259,10,349129
13332,0.000564,172.31.36.0-255,66,31325,10,349129
13333,0.000648,74.125.130.0-255,1484,32809,10,349129
13334,0.000652,172.31.36.0-255,66,32875,10,349129
13335,0.000658,74.125.130.0-255,2902,35777,10,349129
13336,0.00066,172.31.36.0-255,66,35843,10,349129
13337,0.000666,74.125.130.0-255,4320,40163,10,349129
13338,0.000668,172.31.36.0-255,66,40229,10,349129
13339,0.000684,74.125.130.0-255,1484,41713,10,349129
13340,0.000687,172.31.36.0-255,66,41779,10,349129
13341,0.000691,74.125.130.0-255,2902,44681,10,349129
13342,0.000693,172.31.36.0-255,66,44747,10,349129
13343,0.00072,74.125.130.0-255,5379,50126,10,349129
13344,0.000724,172.31.36.0-255,66,50192,10,349129
13345,0.000735,172.31.36.0-255,66,50258,10,349129
13346,0.000741,74.125.130.0-255,4320,54578,10,349129
13347,0.000743,172.31.36.0-255,66,54644,10,349129
13348,0.000761,74.125.130.0-255,2833,57477,10,349129
13349,0.000764,172.31.36.0-255,66,57543,10,349129
13350,0.000767,74.125.130.0-255,365,57908,10,349129
13351,0.001113,74.125.130.0-255,1484,59392,10,349129
13352,0.001117,172.31.36.0-255,66,59458,10,349129
13353,0.001121,74.125.130.0-255,1484,60942,10,349129
13354,0.001145,74.125.130.0-255,1484,62426,10,349129
13355,0.001148,172.31.36.0-255,66,62492,10,349129
13356,0.001155,74.125.130.0-255,5738,68230,10,349129
13357,0.001157,172.31.36.0-255,66,68296,10,349129
13358,0.001162,74.125.130.0-255,4320,72616,10,349129
13359,0.001164,172.31.36.0-255,66,72682,10,349129
13360,0.001188,74.125.130.0-255,5738,78420,10,349129
13361,0.001191,172.31.36.0-255,66,78486,10,349129
13362,0.001219,74.125.130.0-255,5738,84224,10,349129
13363,0.001221,172.31.36.0-255,66,84290,10,349129
13364,0.001246,74.125.130.0-255,5738,90028,10,349129
13365,0.001249,172.31.36.0-255,66,90094,10,349129
13366,0.001254,74.125.130.0-255,2184,92278,10,349129
13367,0.001255,172.31.36.0-255,66,92344,10,349129
13368,0.001378,74.125.130.0-255,1484,93828,10,349129
13369,0.001396,74.125.130.0-255,2902,96730,10,349129
13370,0.0014,172.31.36.0-255,66,96796,10,349129
13371,0.001405,74.125.130.0-255,2902,99698,10,349129
13372,0.001407,172.31.36.0-255,66,99764,10,349129
13373,0.001433,74.125.130.0-255,4320,104084,10,349129
13374,0.001436,172.31.36.0-255,66,104150,10,349129
13375,0.001478,172.31.36.0-255,66,104216,10,349129
13376,0.001484,74.125.130.0-255,5738,109954,10,349129
13377,0.001486,172.31.36.0-255,66,110020,10,349129
13378,0.001515,74.125.130.0-255,5738,115758,10,349129
13379,0.001517,172.31.36.0-255,66,115824,10,349129
13380,0.001539,74.125.130.0-255,2184,118008,10,349129
13381,0.001542,172.31.36.0-255,66,118074,10,349129
13382,0.003759,74.125.130.0-255,2902,120976,10,349129
13383,0.003767,172.31.36.0-255,66,121042,10,349129
13384,0.003788,74.125.130.0-255,2902,123944,10,349129
13385,0.003791,172.31.36.0-255,66,124010,10,349129
13386,0.006002,74.125.130.0-255,2902,126912,10,349129
13387,0.006007,172.31.36.0-255,66,126978,10,349129
13388,0.006027,74.125.130.0-255,2902,129880,10,349129
13389,0.00603,172.31.36.0-255,66,129946,10,349129
13390,0.00826,74.125.130.0-255,2902,132848,10,349129
13391,0.008269,172.31.36.0-255,66,132914,10,349129
13392,0.008288,74.125.130.0-255,2902,135816,10,349129
13393,0.008291,172.31.36.0-255,66,135882,10,349129
13394,0.010519,74.125.130.0-255,5738,141620,10,349129
13395,0.01053,172.31.36.0-255,66,141686,10,349129
13396,0.012777,74.125.130.0-255,5738,147424,10,349129
13397,0.012787,172.31.36.0-255,66,147490,10,349129
13398,0.015038,74.125.130.0-255,5738,153228,10,349129
13399,0.015053,172.31.36.0-255,66,153294,10,349129
13400,0.017306,74.125.130.0-255,5738,159032,10,349129
13401,0.017316,172.31.36.0-255,66,159098,10,349129
13402,0.019567,74.125.130.0-255,5738,164836,10,349129
13403,0.019578,172.31.36.0-255,66,164902,10,349129
13404,0.021831,74.125.130.0-255,5738,170640,10,349129
13405,0.021844,172.31.36.0-255,66,170706,10,349129
13406,0.0241,74.125.130.0-255,5738,176444,10,349129
13407,0.02411,172.31.36.0-255,66,176510,10,349129
13408,0.026352,74.125.130.0-255,5738,182248,10,349129
13409,0.026362,172.31.36.0-255,66,182314,10,349129
13410,0.028615,74.125.130.0-255,5738,188052,10,349129
13411,0.028625,172.31.36.0-255,66,188118,10,349129
13412,0.030886,74.125.130.0-255,5738,193856,10,349129
13413,0.030895,172.31.36.0-255,66,193922,10,349129
13414,0.032178,172.31.36.0-255,188,194110,10,349129
13415,0.032211,172.31.36.0-255,956,195066,10,349129
13416,0.032268,172.31.36.0-255,1514,196580,10,349129
13417,0.03227,172.31.36.0-255,1447,198027,10,349129
13418,0.033142,74.125.130.0-255,5738,203765,10,349129
13419,0.033149,172.31.36.0-255,66,203831,10,349129
13420,0.033745,104.244.42.0-255,66,203897,10,349129
13421,0.033801,104.244.42.0-255,66,203963,10,349129
13422,0.033852,104.244.42.0-255,66,204029,10,349129
13423,0.035414,74.125.130.0-255,5738,209767,10,349129
13424,0.035425,172.31.36.0-255,66,209833,10,349129
13425,0.037681,74.125.130.0-255,5738,215571,10,349129
13426,0.037688,172.31.36.0-255,66,215637,10,349129
13427,0.039933,74.125.130.0-255,5738,221375,10,349129
13428,0.039943,172.31.36.0-255,66,221441,10,349129
13429,0.042199,74.125.130.0-255,5738,227179,10,349129
13430,0.042208,172.31.36.0-255,66,227245,10,349129
13431,0.04445,74.125.130.0-255,5738,232983,10,349129
13432,0.044458,172.31.36.0-255,66,233049,10,349129
13433,0.046712,74.125.130.0-255,5738,238787,10,349129
13434,0.046721,172.31.36.0-255,66,238853,10,349129
13435,0.048966,74.125.130.0-255,5738,244591,10,349129
13436,0.048975,172.31.36.0-255,66,244657,10,349129
13437,0.051247,74.125.130.0-255,5738,250395,10,349129
13438,0.051261,172.31.36.0-255,66,250461,10,349129
13439,0.053521,74.125.130.0-255,5738,256199,10,349129
13440,0.053528,172.31.36.0-255,66,256265,10,349129
13441,0.055816,74.125.130.0-255,5738,262003,10,349129
13442,0.055823,172.31.36.0-255,66,262069,10,349129
13443,0.058075,74.125.130.0-255,5738,267807,10,349129
13444,0.058082,172.31.36.0-255,66,267873,10,349129
13445,0.060337,74.125.130.0-255,5738,273611,10,349129
13446,0.060344,172.31.36.0-255,66,273677,10,349129
13447,0.062599,74.125.130.0-255,5738,279415,10,349129
13448,0.06261,172.31.36.0-255,66,279481,10,349129
13449,0.064852,74.125.130.0-255,5738,285219,10,349129
13450,0.064859,172.31.36.0-255,66,285285,10,349129
13451,0.06712,74.125.130.0-255,5738,291023,10,349129
13452,0.067132,172.31.36.0-255,66,291089,10,349129
13453,0.069383,74.125.130.0-255,5738,296827,10,349129
13454,0.06939,172.31.36.0-255,66,296893,10,349129
13455,0.071645,74.125.130.0-255,5738,302631,10,349129
13456,0.071652,172.31.36.0-255,66,302697,10,349129
13457,0.073906,74.125.130.0-255,5738,308435,10,349129
13458,0.073913,172.31.36.0-255,66,308501,10,349129
13459,0.076202,74.125.130.0-255,5738,314239,10,349129
13460,0.076209,172.31.36.0-255,66,314305,10,349129
13461,0.078455,74.125.130.0-255,5738,320043,10,349129
13462,0.078464,172.31.36.0-255,66,320109,10,349129
13463,0.080708,74.125.130.0-255,5738,325847,10,349129
13464,0.080714,172.31.36.0-255,66,325913,10,349129
13465,0.082994,74.125.130.0-255,5738,331651,10,349129
13466,0.083006,172.31.36.0-255,66,331717,10,349129
13467,0.085263,74.125.130.0-255,5738,337455,10,349129
13468,0.08527,172.31.36.0-255,66,337521,10,349129
13469,0.087514,74.125.130.0-255,5738,343259,10,349129
13470,0.087521,172.31.36.0-255,66,343325,10,349129
13471,0.08977,74.125.130.0-255,5738,349063,10,349129
13472,0.089776,172.31.36.0-255,66,349129,10,349129
13473,0.0,172.217.194.0-255,146,146,10,190416
13474,1.9e-05,172.31.36.0-255,66,212,10,190416
13475,2.7e-05,172.217.194.0-255,1484,1696,10,190416
13476,3.2e-05,172.31.36.0-255,66,1762,10,190416
13477,4.7e-05,172.217.194.0-255,2902,4664,10,190416
13478,5.1e-05,172.31.36.0-255,66,4730,10,190416
13479,5.8e-05,172.217.194.0-255,7156,11886,10,190416
13480,6.1e-05,172.31.36.0-255,66,11952,10,190416
13481,6.5e-05,172.217.194.0-255,1965,13917,10,190416
13482,6.8e-05,172.31.36.0-255,66,13983,10,190416
13483,0.000266,172.217.194.0-255,1484,15467,10,190416
13484,0.000271,172.31.36.0-255,66,15533,10,190416
13485,0.000278,172.217.194.0-255,2902,18435,10,190416
13486,0.000282,172.31.36.0-255,66,18501,10,190416
13487,0.000293,172.217.194.0-255,5738,24239,10,190416
13488,0.000296,172.31.36.0-255,66,24305,10,190416
13489,0.000351,172.31.36.0-255,66,24371,10,190416
13490,0.000385,172.217.194.0-255,2543,26914,10,190416
13491,0.000387,172.31.36.0-255,66,26980,10,190416
13492,0.000399,172.31.36.0-255,66,27046,10,190416
13493,0.000419,172.31.36.0-255,66,27112,10,190416
13494,0.000469,172.217.194.0-255,3602,30714,10,190416
13495,0.000473,172.31.36.0-255,66,30780,10,190416
13496,0.000517,172.217.194.0-255,378,31158,10,190416
13497,0.000521,172.31.36.0-255,66,31224,10,190416
13498,0.000553,172.217.194.0-255,99,31323,10,190416
13499,0.000556,172.31.36.0-255,66,31389,10,190416
13500,0.000665,172.217.194.0-255,1484,32873,10,190416
13501,0.000671,172.31.36.0-255,66,32939,10,190416
13502,0.000676,172.217.194.0-255,2902,35841,10,190416
13503,0.000679,172.31.36.0-255,66,35907,10,190416
13504,0.00069,172.217.194.0-255,5738,41645,10,190416
13505,0.000693,172.31.36.0-255,66,41711,10,190416
13506,0.000698,172.217.194.0-255,2902,44613,10,190416
13507,0.000728,172.217.194.0-255,5738,50351,10,190416
13508,0.000764,172.217.194.0-255,4737,55088,10,190416
13509,0.000796,172.217.194.0-255,1484,56572,10,190416
13510,0.000801,172.217.194.0-255,2902,59474,10,190416
13511,0.000814,172.217.194.0-255,1484,60958,10,190416
13512,0.000828,172.217.194.0-255,4320,65278,10,190416
13513,0.000834,172.31.36.0-255,66,65344,10,190416
13514,0.000845,172.217.194.0-255,2902,68246,10,190416
13515,0.000878,172.217.194.0-255,2902,71148,10,190416
13516,0.000893,172.217.194.0-255,1484,72632,10,190416
13517,0.000913,172.217.194.0-255,3602,76234,10,190416
13518,0.000921,172.31.36.0-255,66,76300,10,190416
13519,0.001037,172.217.194.0-255,1484,77784,10,190416
13520,0.001045,172.217.194.0-255,2902,80686,10,190416
13521,0.001053,172.31.36.0-255,66,80752,10,190416
13522,0.001087,172.217.194.0-255,5738,86490,10,190416
13523,0.001109,172.31.36.0-255,66,86556,10,190416
13524,0.001117,172.217.194.0-255,1484,88040,10,190416
13525,0.001169,172.217.194.0-255,7156,95196,10,190416
13526,0.001187,172.217.194.0-255,4320,99516,10,190416
13527,0.001192,172.31.36.0-255,66,99582,10,190416
13528,0.001209,172.217.194.0-255,1484,101066,10,190416
13529,0.001243,172.31.36.0-255,66,101132,10,190416
13530,0.001254,172.217.194.0-255,3602,104734,10,190416
13531,0.001264,172.31.36.0-255,66,104800,10,190416
13532,0.001295,172.217.194.0-255,4320,109120,10,190416
13533,0.001321,172.31.36.0-255,66,109186,10,190416
13534,0.001339,172.31.36.0-255,66,109252,10,190416
13535,0.001391,172.217.194.0-255,4320,113572,10,190416
13536,0.001442,172.31.36.0-255,66,113638,10,190416
13537,0.001461,172.217.194.0-255,5738,119376,10,190416
13538,0.001496,172.31.36.0-255,66,119442,10,190416
13539,0.00152,172.31.36.0-255,66,119508,10,190416
13540,0.001766,172.217.194.0-255,1484,120992,10,190416
13541,0.001772,172.217.194.0-255,2902,123894,10,190416
13542,0.001777,172.217.194.0-255,2902,126796,10,190416
13543,0.001792,172.217.194.0-255,2902,129698,10,190416
13544,0.001798,172.31.36.0-255,66,129764,10,190416
13545,0.001841,172.217.194.0-255,5738,135502,10,190416
13546,0.001862,172.217.194.0-255,5020,140522,10,190416
13547,0.001867,172.31.36.0-255,66,140588,10,190416
13548,0.001955,172.217.194.0-255,1484,142072,10,190416
13549,0.00197,172.217.194.0-255,2902,144974,10,190416
13550,0.001977,172.31.36.0-255,66,145040,10,190416
13551,0.00199,172.217.194.0-255,5738,150778,10,190416
13552,0.001999,172.217.194.0-255,2902,153680,10,190416
13553,0.002018,172.217.194.0-255,7156,160836,10,190416
13554,0.002036,172.217.194.0-255,2902,163738,10,190416
13555,0.002039,172.31.36.0-255,66,163804,10,190416
13556,0.002044,172.31.36.0-255,66,163870,10,190416
13557,0.002084,172.217.194.0-255,7156,171026,10,190416
13558,0.002132,172.217.194.0-255,1484,172510,10,190416
13559,0.002135,172.31.36.0-255,66,172576,10,190416
13560,0.002146,172.217.194.0-255,2902,175478,10,190416
13561,0.002163,172.217.194.0-255,4320,179798,10,190416
13562,0.002167,172.31.36.0-255,66,179864,10,190416
13563,0.002262,172.31.36.0-255,66,179930,10,190416
13564,0.002293,172.217.194.0-255,2902,182832,10,190416
13565,0.002307,172.31.36.0-255,66,182898,10,190416
13566,0.002373,172.217.194.0-255,105,183003,10,190416
13567,0.002378,172.31.36.0-255,66,183069,10,190416
13568,0.010834,172.31.36.0-255,105,183174,10,190416
13569,0.013402,172.217.194.0-255,66,183240,10,190416
13570,0.034116,172.31.36.0-255,187,183427,10,190416
13571,0.034154,172.31.36.0-255,980,184407,10,190416
13572,0.034223,172.31.36.0-255,1514,185921,10,190416
13573,0.034224,172.31.36.0-255,1514,187435,10,190416
13574,0.034229,172.31.36.0-255,1514,188949,10,190416
13575,0.034231,172.31.36.0-255,1203,190152,10,190416
13576,0.035719,104.244.42.0-255,66,190218,10,190416
13577,0.035752,104.244.42.0-255,66,190284,10,190416
13578,0.035806,104.244.42.0-255,66,190350,10,190416
13579,0.035821,104.244.42.0-255,66,190416,10,190416
13580,0.0,172.217.27.0-255,152,152,10,397972
13581,2.3e-05,172.31.36.0-255,66,218,10,397972
13582,3.1e-05,172.217.27.0-255,1484,1702,10,397972
13583,3.6e-05,172.31.36.0-255,66,1768,10,397972
13584,4.2e-05,172.217.27.0-255,2902,4670,10,397972
13585,4.6e-05,172.31.36.0-255,66,4736,10,397972
13586,4.9e-05,172.217.27.0-255,1484,6220,10,397972
13587,5.1e-05,172.31.36.0-255,66,6286,10,397972
13588,5.7e-05,172.217.27.0-255,2902,9188,10,397972
13589,6e-05,172.31.36.0-255,66,9254,10,397972
13590,6.6e-05,172.217.27.0-255,4830,14084,10,397972
13591,6.9e-05,172.31.36.0-255,66,14150,10,397972
13592,0.00032,172.217.27.0-255,1484,15634,10,397972
13593,0.000326,172.31.36.0-255,66,15700,10,397972
13594,0.000332,172.217.27.0-255,2902,18602,10,397972
13595,0.000334,172.31.36.0-255,66,18668,10,397972
13596,0.000341,172.217.27.0-255,5738,24406,10,397972
13597,0.000344,172.31.36.0-255,66,24472,10,397972
13598,0.000383,172.217.27.0-255,6797,31269,10,397972
13599,0.000386,172.31.36.0-255,66,31335,10,397972
13600,0.000587,172.217.27.0-255,1484,32819,10,397972
13601,0.000592,172.31.36.0-255,66,32885,10,397972
13602,0.000598,172.217.27.0-255,2902,35787,10,397972
13603,0.000601,172.31.36.0-255,66,35853,10,397972
13604,0.000628,172.217.27.0-255,5738,41591,10,397972
13605,0.000631,172.31.36.0-255,66,41657,10,397972
13606,0.000661,172.217.27.0-255,2902,44559,10,397972
13607,0.000663,172.31.36.0-255,66,44625,10,397972
13608,0.000685,172.217.27.0-255,3961,48586,10,397972
13609,0.000688,172.31.36.0-255,66,48652,10,397972
13610,0.00079,172.217.27.0-255,1484,50136,10,397972
13611,0.000793,172.31.36.0-255,66,50202,10,397972
13612,0.000798,172.217.27.0-255,2902,53104,10,397972
13613,0.000824,172.217.27.0-255,4320,57424,10,397972
13614,0.000827,172.31.36.0-255,66,57490,10,397972
13615,0.000831,172.31.36.0-255,66,57556,10,397972
13616,0.000841,172.217.27.0-255,1484,59040,10,397972
13617,0.000863,172.217.27.0-255,7125,66165,10,397972
13618,0.000875,172.31.36.0-255,66,66231,10,397972
13619,0.00109,172.217.27.0-255,114,66345,10,397972
13620,0.001164,172.31.36.0-255,66,66411,10,397972
13621,0.001257,172.217.27.0-255,1484,67895,10,397972
13622,0.001266,172.217.27.0-255,2902,70797,10,397972
13623,0.001273,172.217.27.0-255,5738,76535,10,397972
13624,0.001306,172.217.27.0-255,1484,78019,10,397972
13625,0.001329,172.217.27.0-255,5379,83398,10,397972
13626,0.00135,172.217.27.0-255,5738,89136,10,397972
13627,0.001361,172.217.27.0-255,1484,90620,10,397972
13628,0.001366,172.217.27.0-255,4320,94940,10,397972
13629,0.001382,172.217.27.0-255,1484,96424,10,397972
13630,0.001416,172.217.27.0-255,2902,99326,10,397972
13631,0.001432,172.217.27.0-255,1125,100451,10,397972
13632,0.001642,172.217.27.0-255,1484,101935,10,397972
13633,0.001648,172.217.27.0-255,1484,103419,10,397972
13634,0.004683,172.31.36.0-255,66,103485,10,397972
13635,0.006325,172.217.27.0-255,5738,109223,10,397972
13636,0.006336,172.31.36.0-255,66,109289,10,397972
13637,0.007974,172.217.27.0-255,5738,115027,10,397972
13638,0.007983,172.31.36.0-255,66,115093,10,397972
13639,0.009617,172.217.27.0-255,5738,120831,10,397972
13640,0.009627,172.31.36.0-255,66,120897,10,397972
13641,0.011284,172.217.27.0-255,5738,126635,10,397972
13642,0.011299,172.31.36.0-255,66,126701,10,397972
13643,0.012941,172.217.27.0-255,5738,132439,10,397972
13644,0.01439,172.31.36.0-255,66,132505,10,397972
13645,0.01604,172.217.27.0-255,5738,138243,10,397972
13646,0.016054,172.31.36.0-255,66,138309,10,397972
13647,0.017701,172.217.27.0-255,5738,144047,10,397972
13648,0.017709,172.31.36.0-255,66,144113,10,397972
13649,0.019347,172.217.27.0-255,5738,149851,10,397972
13650,0.019359,172.31.36.0-255,66,149917,10,397972
13651,0.021008,172.217.27.0-255,5738,155655,10,397972
13652,0.021023,172.31.36.0-255,66,155721,10,397972
13653,0.02266,172.217.27.0-255,5738,161459,10,397972
13654,0.022669,172.31.36.0-255,66,161525,10,397972
13655,0.02332,172.31.36.0-255,172,161697,10,397972
13656,0.023353,172.31.36.0-255,1111,162808,10,397972
13657,0.023413,172.31.36.0-255,1514,164322,10,397972
13658,0.023414,172.31.36.0-255,1292,165614,10,397972
13659,0.024321,172.217.27.0-255,5738,171352,10,397972
13660,0.02433,172.31.36.0-255,66,171418,10,397972
13661,0.024886,104.244.42.0-255,66,171484,10,397972
13662,0.024916,104.244.42.0-255,66,171550,10,397972
13663,0.024954,104.244.42.0-255,66,171616,10,397972
13664,0.025971,172.217.27.0-255,5738,177354,10,397972
13665,0.025979,172.31.36.0-255,66,177420,10,397972
13666,0.027637,172.217.27.0-255,5738,183158,10,397972
13667,0.027646,172.31.36.0-255,66,183224,10,397972
13668,0.029282,172.217.27.0-255,5738,188962,10,397972
13669,0.029291,172.31.36.0-255,66,189028,10,397972
13670,0.030941,172.217.27.0-255,5738,194766,10,397972
13671,0.030949,172.31.36.0-255,66,194832,10,397972
13672,0.032602,172.217.27.0-255,5738,200570,10,397972
13673,0.032611,172.31.36.0-255,66,200636,10,397972
13674,0.034252,172.217.27.0-255,5738,206374,10,397972
13675,0.034259,172.31.36.0-255,66,206440,10,397972
13676,0.035911,172.217.27.0-255,5738,212178,10,397972
13677,0.035918,172.31.36.0-255,66,212244,10,397972
13678,0.037569,172.217.27.0-255,5738,217982,10,397972
13679,0.037576,172.31.36.0-255,66,218048,10,397972
13680,0.039234,172.217.27.0-255,5738,223786,10,397972
13681,0.03925,172.31.36.0-255,66,223852,10,397972
13682,0.040886,172.217.27.0-255,5738,229590,10,397972
13683,0.040893,172.31.36.0-255,66,229656,10,397972
13684,0.042559,172.217.27.0-255,5738,235394,10,397972
13685,0.042566,172.31.36.0-255,66,235460,10,397972
13686,0.044205,172.217.27.0-255,5738,241198,10,397972
13687,0.044212,172.31.36.0-255,66,241264,10,397972
13688,0.04585,172.217.27.0-255,5738,247002,10,397972
13689,0.045857,172.31.36.0-255,66,247068,10,397972
13690,0.047501,172.217.27.0-255,5738,252806,10,397972
13691,0.047506,172.31.36.0-255,66,252872,10,397972
13692,0.049141,172.217.27.0-255,5738,258610,10,397972
13693,0.049146,172.31.36.0-255,66,258676,10,397972
13694,0.050781,172.217.27.0-255,5738,264414,10,397972
13695,0.050789,172.31.36.0-255,66,264480,10,397972
13696,0.052426,172.217.27.0-255,5738,270218,10,397972
13697,0.052432,172.31.36.0-255,66,270284,10,397972
13698,0.054079,172.217.27.0-255,5738,276022,10,397972
13699,0.05409,172.31.36.0-255,66,276088,10,397972
13700,0.055737,172.217.27.0-255,5738,281826,10,397972
13701,0.055746,172.31.36.0-255,66,281892,10,397972
13702,0.057388,172.217.27.0-255,5738,287630,10,397972
13703,0.057394,172.31.36.0-255,66,287696,10,397972
13704,0.059054,172.217.27.0-255,5738,293434,10,397972
13705,0.059061,172.31.36.0-255,66,293500,10,397972
13706,0.060695,172.217.27.0-255,5738,299238,10,397972
13707,0.060701,172.31.36.0-255,66,299304,10,397972
13708,0.062331,172.217.27.0-255,5738,305042,10,397972
13709,0.062339,172.31.36.0-255,66,305108,10,397972
13710,0.063986,172.217.27.0-255,5738,310846,10,397972
13711,0.063995,172.31.36.0-255,66,310912,10,397972
13712,0.06564,172.217.27.0-255,5738,316650,10,397972
13713,0.065652,172.31.36.0-255,66,316716,10,397972
13714,0.067294,172.217.27.0-255,5738,322454,10,397972
13715,0.067303,172.31.36.0-255,66,322520,10,397972
13716,0.06894,172.217.27.0-255,5738,328258,10,397972
13717,0.068949,172.31.36.0-255,66,328324,10,397972
13718,0.070585,172.217.27.0-255,5738,334062,10,397972
13719,0.070592,172.31.36.0-255,66,334128,10,397972
13720,0.072238,172.217.27.0-255,5738,339866,10,397972
13721,0.072245,172.31.36.0-255,66,339932,10,397972
13722,0.07389,172.217.27.0-255,5738,345670,10,397972
13723,0.073899,172.31.36.0-255,66,345736,10,397972
13724,0.075539,172.217.27.0-255,5738,351474,10,397972
13725,0.075547,172.31.36.0-255,66,351540,10,397972
13726,0.077201,172.217.27.0-255,5738,357278,10,397972
13727,0.077208,172.31.36.0-255,66,357344,10,397972
13728,0.078858,172.217.27.0-255,5738,363082,10,397972
13729,0.078869,172.31.36.0-255,66,363148,10,397972
13730,0.080528,172.217.27.0-255,5738,368886,10,397972
13731,0.080537,172.31.36.0-255,66,368952,10,397972
13732,0.082173,172.217.27.0-255,5738,374690,10,397972
13733,0.082182,172.31.36.0-255,66,374756,10,397972
13734,0.083823,172.217.27.0-255,5738,380494,10,397972
13735,0.083831,172.31.36.0-255,66,380560,10,397972
13736,0.085489,172.217.27.0-255,5738,386298,10,397972
13737,0.085496,172.31.36.0-255,66,386364,10,397972
13738,0.087138,172.217.27.0-255,5738,392102,10,397972
13739,0.087146,172.31.36.0-255,66,392168,10,397972
13740,0.088801,172.217.27.0-255,5738,397906,10,397972
13741,0.088812,172.31.36.0-255,66,397972,10,397972
13742,0.0,74.125.24.0-255,431,431,10,85020
13743,2.5e-05,74.125.24.0-255,1484,1915,10,85020
13744,3.4e-05,172.31.36.0-255,66,1981,10,85020
13745,4.3e-05,74.125.24.0-255,4320,6301,10,85020
13746,4.5e-05,172.31.36.0-255,66,6367,10,85020
13747,0.000226,172.31.36.0-255,66,6433,10,85020
13748,0.000589,172.31.36.0-255,66,6499,10,85020
13749,0.000981,74.125.24.0-255,7156,13655,10,85020
13750,0.000987,172.31.36.0-255,66,13721,10,85020
13751,0.002626,74.125.24.0-255,5738,19459,10,85020
13752,0.002632,172.31.36.0-255,66,19525,10,85020
13753,0.002813,74.125.24.0-255,5738,25263,10,85020
13754,0.002818,172.31.36.0-255,66,25329,10,85020
13755,0.002866,74.125.24.0-255,7156,32485,10,85020
13756,0.002886,172.31.36.0-255,66,32551,10,85020
13757,0.003344,74.125.24.0-255,5738,38289,10,85020
13758,0.003349,172.31.36.0-255,66,38355,10,85020
13759,0.003415,172.31.36.0-255,66,38421,10,85020
13760,0.004204,74.125.24.0-255,4320,42741,10,85020
13761,0.004208,172.31.36.0-255,66,42807,10,85020
13762,0.004258,172.31.36.0-255,66,42873,10,85020
13763,0.004935,74.125.24.0-255,2902,45775,10,85020
13764,0.004939,172.31.36.0-255,66,45841,10,85020
13765,0.004967,74.125.24.0-255,4320,50161,10,85020
13766,0.004974,172.31.36.0-255,66,50227,10,85020
13767,0.00528,74.125.24.0-255,2902,53129,10,85020
13768,0.005297,172.31.36.0-255,66,53195,10,85020
13769,0.005623,172.31.36.0-255,66,53261,10,85020
13770,0.006043,172.31.36.0-255,66,53327,10,85020
13771,0.006524,74.125.24.0-255,7156,60483,10,85020
13772,0.006529,172.31.36.0-255,66,60549,10,85020
13773,0.006564,172.31.36.0-255,66,60615,10,85020
13774,0.006941,172.31.36.0-255,66,60681,10,85020
13775,0.006974,172.31.36.0-255,66,60747,10,85020
13776,0.007542,74.125.24.0-255,4320,65067,10,85020
13777,0.007547,172.31.36.0-255,66,65133,10,85020
13778,0.007593,172.31.36.0-255,66,65199,10,85020
13779,0.008228,74.125.24.0-255,7156,72355,10,85020
13780,0.008234,172.31.36.0-255,66,72421,10,85020
13781,0.008258,172.31.36.0-255,66,72487,10,85020
13782,0.008652,172.31.36.0-255,66,72553,10,85020
13783,0.008677,172.31.36.0-255,66,72619,10,85020
13784,0.008712,74.125.24.0-255,5738,78357,10,85020
13785,0.008716,172.31.36.0-255,66,78423,10,85020
13786,0.008737,172.31.36.0-255,66,78489,10,85020
13787,0.008806,172.31.36.0-255,66,78555,10,85020
13788,0.008828,172.31.36.0-255,66,78621,10,85020
13789,0.009159,74.125.24.0-255,1484,80105,10,85020
13790,0.00918,172.31.36.0-255,66,80171,10,85020
13791,0.009218,172.31.36.0-255,66,80237,10,85020
13792,0.00925,172.31.36.0-255,66,80303,10,85020
13793,0.009697,172.31.36.0-255,66,80369,10,85020
13794,0.009748,172.31.36.0-255,66,80435,10,85020
13795,0.010888,172.31.36.0-255,66,80501,10,85020
13796,0.01098,172.31.36.0-255,66,80567,10,85020
13797,0.01139,172.31.36.0-255,105,80672,10,85020
13798,0.013936,74.125.24.0-255,66,80738,10,85020
13799,0.030292,172.31.36.0-255,167,80905,10,85020
13800,0.030328,172.31.36.0-255,1112,82017,10,85020
13801,0.030368,172.31.36.0-255,1514,83531,10,85020
13802,0.03037,172.31.36.0-255,1291,84822,10,85020
13803,0.031843,104.244.42.0-255,66,84888,10,85020
13804,0.031864,104.244.42.0-255,66,84954,10,85020
13805,0.031924,104.244.42.0-255,66,85020,10,85020
13806,0.0,74.125.68.0-255,146,146,10,335245
13807,2.8e-05,172.31.36.0-255,66,212,10,335245
13808,3.6e-05,74.125.68.0-255,1484,1696,10,335245
13809,4e-05,172.31.36.0-255,66,1762,10,335245
13810,4.3e-05,74.125.68.0-255,1484,3246,10,335245
13811,4.5e-05,172.31.36.0-255,66,3312,10,335245
13812,7.1e-05,74.125.68.0-255,1484,4796,10,335245
13813,7.3e-05,172.31.36.0-255,66,4862,10,335245
13814,9.3e-05,74.125.68.0-255,2902,7764,10,335245
13815,9.6e-05,172.31.36.0-255,66,7830,10,335245
13816,0.000113,74.125.68.0-255,5738,13568,10,335245
13817,0.000117,172.31.36.0-255,66,13634,10,335245
13818,0.00012,74.125.68.0-255,600,14234,10,335245
13819,0.000121,172.31.36.0-255,66,14300,10,335245
13820,0.000144,74.125.68.0-255,1484,15784,10,335245
13821,0.000147,172.31.36.0-255,66,15850,10,335245
13822,0.00015,74.125.68.0-255,1484,17334,10,335245
13823,0.000152,172.31.36.0-255,66,17400,10,335245
13824,0.000169,74.125.68.0-255,2902,20302,10,335245
13825,0.000172,172.31.36.0-255,66,20368,10,335245
13826,0.000175,74.125.68.0-255,1484,21852,10,335245
13827,0.000177,172.31.36.0-255,66,21918,10,335245
13828,0.000199,74.125.68.0-255,4320,26238,10,335245
13829,0.000202,172.31.36.0-255,66,26304,10,335245
13830,0.00022,74.125.68.0-255,1484,27788,10,335245
13831,0.000222,172.31.36.0-255,66,27854,10,335245
13832,0.000238,74.125.68.0-255,3961,31815,10,335245
13833,0.000241,172.31.36.0-255,66,31881,10,335245
13834,0.000281,74.125.68.0-255,1484,33365,10,335245
13835,0.000285,172.31.36.0-255,66,33431,10,335245
13836,0.000302,74.125.68.0-255,2902,36333,10,335245
13837,0.000305,172.31.36.0-255,66,36399,10,335245
13838,0.000339,74.125.68.0-255,4320,40719,10,335245
13839,0.000343,172.31.36.0-255,66,40785,10,335245
13840,0.000367,74.125.68.0-255,1484,42269,10,335245
13841,0.00037,172.31.36.0-255,66,42335,10,335245
13842,0.000377,74.125.68.0-255,6797,49132,10,335245
13843,0.00038,172.31.36.0-255,66,49198,10,335245
13844,0.000387,74.125.68.0-255,7156,56354,10,335245
13845,0.000389,172.31.36.0-255,66,56420,10,335245
13846,0.000404,74.125.68.0-255,1484,57904,10,335245
13847,0.000408,172.31.36.0-255,66,57970,10,335245
13848,0.000423,74.125.68.0-255,1484,59454,10,335245
13849,0.000426,172.31.36.0-255,66,59520,10,335245
13850,0.000454,74.125.68.0-255,7108,66628,10,335245
13851,0.000459,172.31.36.0-255,66,66694,10,335245
13852,0.001678,74.125.68.0-255,112,66806,10,335245
13853,0.00173,74.125.68.0-255,1484,68290,10,335245
13854,0.001735,172.31.36.0-255,66,68356,10,335245
13855,0.001751,74.125.68.0-255,2902,71258,10,335245
13856,0.001769,74.125.68.0-255,5738,76996,10,335245
13857,0.001784,74.125.68.0-255,2902,79898,10,335245
13858,0.001795,74.125.68.0-255,4320,84218,10,335245
13859,0.001819,74.125.68.0-255,7156,91374,10,335245
13860,0.001834,74.125.68.0-255,1484,92858,10,335245
13861,0.001837,74.125.68.0-255,1484,94342,10,335245
13862,0.001867,74.125.68.0-255,1484,95826,10,335245
13863,0.00188,74.125.68.0-255,1484,97310,10,335245
13864,0.001918,74.125.68.0-255,1484,98794,10,335245
13865,0.001934,74.125.68.0-255,2184,100978,10,335245
13866,0.002203,74.125.68.0-255,1484,102462,10,335245
13867,0.002219,74.125.68.0-255,2902,105364,10,335245
13868,0.002222,74.125.68.0-255,1484,106848,10,335245
13869,0.002241,74.125.68.0-255,4320,111168,10,335245
13870,0.002254,74.125.68.0-255,1484,112652,10,335245
13871,0.002726,172.31.36.0-255,66,112718,10,335245
13872,0.004958,74.125.68.0-255,5738,118456,10,335245
13873,0.004965,172.31.36.0-255,66,118522,10,335245
13874,0.007201,74.125.68.0-255,4320,122842,10,335245
13875,0.007208,172.31.36.0-255,66,122908,10,335245
13876,0.00723,74.125.68.0-255,1484,124392,10,335245
13877,0.007232,172.31.36.0-255,66,124458,10,335245
13878,0.009435,74.125.68.0-255,4320,128778,10,335245
13879,0.009443,172.31.36.0-255,66,128844,10,335245
13880,0.009468,74.125.68.0-255,1484,130328,10,335245
13881,0.011677,74.125.68.0-255,4320,134648,10,335245
13882,0.011684,172.31.36.0-255,66,134714,10,335245
13883,0.013915,74.125.68.0-255,5738,140452,10,335245
13884,0.013973,172.31.36.0-255,66,140518,10,335245
13885,0.016195,74.125.68.0-255,5738,146256,10,335245
13886,0.016202,172.31.36.0-255,66,146322,10,335245
13887,0.018424,74.125.68.0-255,5738,152060,10,335245
13888,0.018435,172.31.36.0-255,66,152126,10,335245
13889,0.020668,74.125.68.0-255,5738,157864,10,335245
13890,0.020676,172.31.36.0-255,66,157930,10,335245
13891,0.020857,172.31.36.0-255,166,158096,10,335245
13892,0.020903,172.31.36.0-255,1137,159233,10,335245
13893,0.021091,172.31.36.0-255,1514,160747,10,335245
13894,0.021094,172.31.36.0-255,1266,162013,10,335245
13895,0.022387,104.244.42.0-255,66,162079,10,335245
13896,0.022509,104.244.42.0-255,66,162145,10,335245
13897,0.022669,104.244.42.0-255,66,162211,10,335245
13898,0.022893,74.125.68.0-255,5738,167949,10,335245
13899,0.0229,172.31.36.0-255,66,168015,10,335245
13900,0.025115,74.125.68.0-255,4320,172335,10,335245
13901,0.025121,172.31.36.0-255,66,172401,10,335245
13902,0.025152,74.125.68.0-255,1484,173885,10,335245
13903,0.027335,74.125.68.0-255,4320,178205,10,335245
13904,0.02734,172.31.36.0-255,66,178271,10,335245
13905,0.029553,74.125.68.0-255,4320,182591,10,335245
13906,0.029559,172.31.36.0-255,66,182657,10,335245
13907,0.029586,74.125.68.0-255,1484,184141,10,335245
13908,0.031786,74.125.68.0-255,4320,188461,10,335245
13909,0.031791,172.31.36.0-255,66,188527,10,335245
13910,0.03401,74.125.68.0-255,2902,191429,10,335245
13911,0.034015,172.31.36.0-255,66,191495,10,335245
13912,0.034048,74.125.68.0-255,2902,194397,10,335245
13913,0.034066,172.31.36.0-255,66,194463,10,335245
13914,0.036221,74.125.68.0-255,2902,197365,10,335245
13915,0.036226,172.31.36.0-255,66,197431,10,335245
13916,0.036268,74.125.68.0-255,2902,200333,10,335245
13917,0.03628,172.31.36.0-255,66,200399,10,335245
13918,0.038452,74.125.68.0-255,2902,203301,10,335245
13919,0.038458,172.31.36.0-255,66,203367,10,335245
13920,0.038531,74.125.68.0-255,2902,206269,10,335245
13921,0.038539,172.31.36.0-255,66,206335,10,335245
13922,0.040674,74.125.68.0-255,2902,209237,10,335245
13923,0.040681,172.31.36.0-255,66,209303,10,335245
13924,0.040769,74.125.68.0-255,2902,212205,10,335245
13925,0.040786,172.31.36.0-255,66,212271,10,335245
13926,0.042899,74.125.68.0-255,2902,215173,10,335245
13927,0.042905,172.31.36.0-255,66,215239,10,335245
13928,0.042996,74.125.68.0-255,1484,216723,10,335245
13929,0.043001,172.31.36.0-255,66,216789,10,335245
13930,0.043017,74.125.68.0-255,1484,218273,10,335245
13931,0.045116,74.125.68.0-255,2902,221175,10,335245
13932,0.045182,172.31.36.0-255,66,221241,10,335245
13933,0.047414,74.125.68.0-255,5738,226979,10,335245
13934,0.047475,172.31.36.0-255,66,227045,10,335245
13935,0.04972,74.125.68.0-255,5738,232783,10,335245
13936,0.049726,172.31.36.0-255,66,232849,10,335245
13937,0.051944,74.125.68.0-255,4320,237169,10,335245
13938,0.05195,172.31.36.0-255,66,237235,10,335245
13939,0.051983,74.125.68.0-255,1484,238719,10,335245
13940,0.054166,74.125.68.0-255,4320,243039,10,335245
13941,0.054171,172.31.36.0-255,66,243105,10,335245
13942,0.056381,74.125.68.0-255,2902,246007,10,335245
13943,0.056386,172.31.36.0-255,66,246073,10,335245
13944,0.056405,74.125.68.0-255,2902,248975,10,335245
13945,0.056583,172.31.36.0-255,66,249041,10,335245
13946,0.058603,74.125.68.0-255,2902,251943,10,335245
13947,0.058608,172.31.36.0-255,66,252009,10,335245
13948,0.058796,74.125.68.0-255,1484,253493,10,335245
13949,0.058815,74.125.68.0-255,1484,254977,10,335245
13950,0.058946,172.31.36.0-255,66,255043,10,335245
13951,0.06082,74.125.68.0-255,2902,257945,10,335245
13952,0.060826,172.31.36.0-255,66,258011,10,335245
13953,0.06116,74.125.68.0-255,2902,260913,10,335245
13954,0.061165,172.31.36.0-255,66,260979,10,335245
13955,0.063049,74.125.68.0-255,2902,263881,10,335245
13956,0.063054,172.31.36.0-255,66,263947,10,335245
13957,0.063379,74.125.68.0-255,2902,266849,10,335245
13958,0.063385,172.31.36.0-255,66,266915,10,335245
13959,0.065261,74.125.68.0-255,2902,269817,10,335245
13960,0.065267,172.31.36.0-255,66,269883,10,335245
13961,0.06559,74.125.68.0-255,2902,272785,10,335245
13962,0.065595,172.31.36.0-255,66,272851,10,335245
13963,0.067479,74.125.68.0-255,2902,275753,10,335245
13964,0.067485,172.31.36.0-255,66,275819,10,335245
13965,0.067806,74.125.68.0-255,2902,278721,10,335245
13966,0.067812,172.31.36.0-255,66,278787,10,335245
13967,0.069698,74.125.68.0-255,2902,281689,10,335245
13968,0.069703,172.31.36.0-255,66,281755,10,335245
13969,0.070045,74.125.68.0-255,1484,283239,10,335245
13970,0.070056,74.125.68.0-255,1484,284723,10,335245
13971,0.070059,172.31.36.0-255,66,284789,10,335245
13972,0.071932,74.125.68.0-255,2902,287691,10,335245
13973,0.071938,172.31.36.0-255,66,287757,10,335245
13974,0.072287,74.125.68.0-255,2902,290659,10,335245
13975,0.072293,172.31.36.0-255,66,290725,10,335245
13976,0.074163,74.125.68.0-255,2902,293627,10,335245
13977,0.074169,172.31.36.0-255,66,293693,10,335245
13978,0.074504,74.125.68.0-255,2902,296595,10,335245
13979,0.074509,172.31.36.0-255,66,296661,10,335245
13980,0.076394,74.125.68.0-255,2902,299563,10,335245
13981,0.076399,172.31.36.0-255,66,299629,10,335245
13982,0.076723,74.125.68.0-255,2902,302531,10,335245
13983,0.076729,172.31.36.0-255,66,302597,10,335245
13984,0.078604,74.125.68.0-255,2902,305499,10,335245
13985,0.078609,172.31.36.0-255,66,305565,10,335245
13986,0.078938,74.125.68.0-255,2902,308467,10,335245
13987,0.078943,172.31.36.0-255,66,308533,10,335245
13988,0.080842,74.125.68.0-255,2902,311435,10,335245
13989,0.080848,172.31.36.0-255,66,311501,10,335245
13990,0.081168,74.125.68.0-255,2902,314403,10,335245
13991,0.081174,172.31.36.0-255,66,314469,10,335245
13992,0.083058,74.125.68.0-255,2902,317371,10,335245
13993,0.083063,172.31.36.0-255,66,317437,10,335245
13994,0.083392,74.125.68.0-255,2902,320339,10,335245
13995,0.083398,172.31.36.0-255,66,320405,10,335245
13996,0.085282,74.125.68.0-255,2902,323307,10,335245
13997,0.085286,172.31.36.0-255,66,323373,10,335245
13998,0.085625,74.125.68.0-255,2902,326275,10,335245
13999,0.08563,172.31.36.0-255,66,326341,10,335245
14000,0.087503,74.125.68.0-255,2902,329243,10,335245
14001,0.087507,172.31.36.0-255,66,329309,10,335245
14002,0.087827,74.125.68.0-255,2902,332211,10,335245
14003,0.087832,172.31.36.0-255,66,332277,10,335245
14004,0.08971,74.125.68.0-255,2902,335179,10,335245
14005,0.089715,172.31.36.0-255,66,335245,10,335245
14006,0.0,172.217.194.0-255,152,152,10,244062
14007,1.7e-05,172.31.36.0-255,66,218,10,244062
14008,2.3e-05,172.217.194.0-255,1484,1702,10,244062
14009,2.7e-05,172.31.36.0-255,66,1768,10,244062
14010,3e-05,172.217.194.0-255,1484,3252,10,244062
14011,3.1e-05,172.31.36.0-255,66,3318,10,244062
14012,6e-05,172.217.194.0-255,4320,7638,10,244062
14013,6.3e-05,172.31.36.0-255,66,7704,10,244062
14014,0.000101,172.217.194.0-255,2902,10606,10,244062
14015,0.000103,172.31.36.0-255,66,10672,10,244062
14016,0.000122,172.217.194.0-255,3436,14108,10,244062
14017,0.000125,172.31.36.0-255,66,14174,10,244062
14018,0.000132,172.217.194.0-255,7156,21330,10,244062
14019,0.000134,172.31.36.0-255,66,21396,10,244062
14020,0.000137,172.217.194.0-255,2902,24298,10,244062
14021,0.00014,172.31.36.0-255,66,24364,10,244062
14022,0.00019,172.31.36.0-255,66,24430,10,244062
14023,0.000205,172.217.194.0-255,1484,25914,10,244062
14024,0.000208,172.31.36.0-255,66,25980,10,244062
14025,0.000212,172.217.194.0-255,2902,28882,10,244062
14026,0.000213,172.31.36.0-255,66,28948,10,244062
14027,0.000248,172.217.194.0-255,4320,33268,10,244062
14028,0.000252,172.31.36.0-255,66,33334,10,244062
14029,0.000257,172.217.194.0-255,4320,37654,10,244062
14030,0.000259,172.31.36.0-255,66,37720,10,244062
14031,0.00029,172.217.194.0-255,766,38486,10,244062
14032,0.000293,172.31.36.0-255,66,38552,10,244062
14033,0.004874,172.217.194.0-255,1484,40036,10,244062
14034,0.004881,172.31.36.0-255,66,40102,10,244062
14035,0.004889,172.217.194.0-255,2902,43004,10,244062
14036,0.004891,172.31.36.0-255,66,43070,10,244062
14037,0.004895,172.217.194.0-255,1484,44554,10,244062
14038,0.00726,172.217.194.0-255,4320,48874,10,244062
14039,0.007267,172.31.36.0-255,66,48940,10,244062
14040,0.009614,172.217.194.0-255,5738,54678,10,244062
14041,0.009621,172.31.36.0-255,66,54744,10,244062
14042,0.011997,172.217.194.0-255,5738,60482,10,244062
14043,0.012003,172.31.36.0-255,66,60548,10,244062
14044,0.014387,172.217.194.0-255,5738,66286,10,244062
14045,0.014395,172.31.36.0-255,66,66352,10,244062
14046,0.016749,172.217.194.0-255,5738,72090,10,244062
14047,0.016755,172.31.36.0-255,66,72156,10,244062
14048,0.019104,172.217.194.0-255,5738,77894,10,244062
14049,0.019111,172.31.36.0-255,66,77960,10,244062
14050,0.02149,172.217.194.0-255,5738,83698,10,244062
14051,0.021501,172.31.36.0-255,66,83764,10,244062
14052,0.023887,172.217.194.0-255,5738,89502,10,244062
14053,0.023896,172.31.36.0-255,66,89568,10,244062
14054,0.02622,172.217.194.0-255,5738,95306,10,244062
14055,0.026226,172.31.36.0-255,66,95372,10,244062
14056,0.028574,172.217.194.0-255,5738,101110,10,244062
14057,0.028581,172.31.36.0-255,66,101176,10,244062
14058,0.030812,172.31.36.0-255,167,101343,10,244062
14059,0.030844,172.31.36.0-255,1113,102456,10,244062
14060,0.030883,172.31.36.0-255,1514,103970,10,244062
14061,0.030884,172.31.36.0-255,1290,105260,10,244062
14062,0.030948,172.217.194.0-255,5738,110998,10,244062
14063,0.030954,172.31.36.0-255,66,111064,10,244062
14064,0.032417,104.244.42.0-255,66,111130,10,244062
14065,0.032453,104.244.42.0-255,66,111196,10,244062
14066,0.032514,104.244.42.0-255,66,111262,10,244062
14067,0.033273,172.217.194.0-255,4320,115582,10,244062
14068,0.033278,172.31.36.0-255,66,115648,10,244062
14069,0.033309,172.217.194.0-255,1484,117132,10,244062
14070,0.035649,172.217.194.0-255,4320,121452,10,244062
14071,0.035655,172.31.36.0-255,66,121518,10,244062
14072,0.037984,172.217.194.0-255,5738,127256,10,244062
14073,0.037991,172.31.36.0-255,66,127322,10,244062
14074,0.040346,172.217.194.0-255,5738,133060,10,244062
14075,0.040352,172.31.36.0-255,66,133126,10,244062
14076,0.042716,172.217.194.0-255,5738,138864,10,244062
14077,0.042723,172.31.36.0-255,66,138930,10,244062
14078,0.045117,172.217.194.0-255,4320,143250,10,244062
14079,0.045123,172.31.36.0-255,66,143316,10,244062
14080,0.045151,172.217.194.0-255,1484,144800,10,244062
14081,0.047491,172.217.194.0-255,4320,149120,10,244062
14082,0.047497,172.31.36.0-255,66,149186,10,244062
14083,0.049827,172.217.194.0-255,5738,154924,10,244062
14084,0.049833,172.31.36.0-255,66,154990,10,244062
14085,0.05221,172.217.194.0-255,5738,160728,10,244062
14086,0.052215,172.31.36.0-255,66,160794,10,244062
14087,0.054589,172.217.194.0-255,5738,166532,10,244062
14088,0.054594,172.31.36.0-255,66,166598,10,244062
14089,0.056936,172.217.194.0-255,5738,172336,10,244062
14090,0.056941,172.31.36.0-255,66,172402,10,244062
14091,0.059296,172.217.194.0-255,5738,178140,10,244062
14092,0.059303,172.31.36.0-255,66,178206,10,244062
14093,0.061661,172.217.194.0-255,5738,183944,10,244062
14094,0.061667,172.31.36.0-255,66,184010,10,244062
14095,0.064032,172.217.194.0-255,4320,188330,10,244062
14096,0.064038,172.31.36.0-255,66,188396,10,244062
14097,0.064062,172.217.194.0-255,1484,189880,10,244062
14098,0.066405,172.217.194.0-255,4320,194200,10,244062
14099,0.06641,172.31.36.0-255,66,194266,10,244062
14100,0.06882,172.217.194.0-255,4320,198586,10,244062
14101,0.068826,172.31.36.0-255,66,198652,10,244062
14102,0.068856,172.217.194.0-255,1484,200136,10,244062
14103,0.071177,172.217.194.0-255,4320,204456,10,244062
14104,0.071182,172.31.36.0-255,66,204522,10,244062
14105,0.073573,172.217.194.0-255,2902,207424,10,244062
14106,0.073579,172.31.36.0-255,66,207490,10,244062
14107,0.073603,172.217.194.0-255,2902,210392,10,244062
14108,0.073606,172.31.36.0-255,66,210458,10,244062
14109,0.075923,172.217.194.0-255,5738,216196,10,244062
14110,0.075931,172.31.36.0-255,66,216262,10,244062
14111,0.078275,172.217.194.0-255,5738,222000,10,244062
14112,0.078282,172.31.36.0-255,66,222066,10,244062
14113,0.080615,172.217.194.0-255,5738,227804,10,244062
14114,0.080621,172.31.36.0-255,66,227870,10,244062
14115,0.082996,172.217.194.0-255,2902,230772,10,244062
14116,0.083002,172.31.36.0-255,66,230838,10,244062
14117,0.083032,172.217.194.0-255,2902,233740,10,244062
14118,0.083035,172.31.36.0-255,66,233806,10,244062
14119,0.085358,172.217.194.0-255,4320,238126,10,244062
14120,0.085363,172.31.36.0-255,66,238192,10,244062
14121,0.08539,172.217.194.0-255,1484,239676,10,244062
14122,0.08773,172.217.194.0-255,4320,243996,10,244062
14123,0.087736,172.31.36.0-255,66,244062,10,244062
14124,0.0,172.217.194.0-255,298,298,10,184239
14125,1.6e-05,172.31.36.0-255,66,364,10,184239
14126,2.3e-05,172.217.194.0-255,1484,1848,10,184239
14127,2.8e-05,172.31.36.0-255,66,1914,10,184239
14128,3.5e-05,172.217.194.0-255,4320,6234,10,184239
14129,4.7e-05,172.31.36.0-255,66,6300,10,184239
14130,6e-05,172.31.36.0-255,66,6366,10,184239
14131,6.4e-05,172.217.194.0-255,1484,7850,10,184239
14132,6.6e-05,172.31.36.0-255,66,7916,10,184239
14133,0.000114,172.31.36.0-255,66,7982,10,184239
14134,0.000118,172.217.194.0-255,1484,9466,10,184239
14135,0.00012,172.31.36.0-255,66,9532,10,184239
14136,0.000123,172.217.194.0-255,1484,11016,10,184239
14137,0.000125,172.31.36.0-255,66,11082,10,184239
14138,0.000157,172.217.194.0-255,1484,12566,10,184239
14139,0.00016,172.31.36.0-255,66,12632,10,184239
14140,0.000167,172.217.194.0-255,5738,18370,10,184239
14141,0.00017,172.31.36.0-255,66,18436,10,184239
14142,0.000181,172.31.36.0-255,66,18502,10,184239
14143,0.000207,172.217.194.0-255,2543,21045,10,184239
14144,0.00021,172.31.36.0-255,66,21111,10,184239
14145,0.000248,172.31.36.0-255,66,21177,10,184239
14146,0.000276,172.217.194.0-255,121,21298,10,184239
14147,0.000278,172.31.36.0-255,66,21364,10,184239
14148,0.000303,172.217.194.0-255,1484,22848,10,184239
14149,0.000306,172.31.36.0-255,66,22914,10,184239
14150,0.00031,172.217.194.0-255,1484,24398,10,184239
14151,0.000312,172.31.36.0-255,66,24464,10,184239
14152,0.000331,172.217.194.0-255,1484,25948,10,184239
14153,0.00034,172.217.194.0-255,7156,33104,10,184239
14154,0.000342,172.31.36.0-255,66,33170,10,184239
14155,0.000384,172.217.194.0-255,1484,34654,10,184239
14156,0.000401,172.217.194.0-255,4249,38903,10,184239
14157,0.000404,172.31.36.0-255,66,38969,10,184239
14158,0.000457,172.217.194.0-255,5738,44707,10,184239
14159,0.000459,172.31.36.0-255,66,44773,10,184239
14160,0.000467,172.217.194.0-255,7156,51929,10,184239
14161,0.000469,172.31.36.0-255,66,51995,10,184239
14162,0.000479,172.217.194.0-255,3961,55956,10,184239
14163,0.000481,172.31.36.0-255,66,56022,10,184239
14164,0.000624,172.217.194.0-255,1484,57506,10,184239
14165,0.000629,172.217.194.0-255,2902,60408,10,184239
14166,0.000633,172.31.36.0-255,66,60474,10,184239
14167,0.000663,172.217.194.0-255,5738,66212,10,184239
14168,0.000666,172.31.36.0-255,66,66278,10,184239
14169,0.000672,172.217.194.0-255,4320,70598,10,184239
14170,0.000675,172.31.36.0-255,66,70664,10,184239
14171,0.000707,172.31.36.0-255,66,70730,10,184239
14172,0.000713,172.217.194.0-255,5738,76468,10,184239
14173,0.000715,172.31.36.0-255,66,76534,10,184239
14174,0.000745,172.217.194.0-255,5020,81554,10,184239
14175,0.000747,172.31.36.0-255,66,81620,10,184239
14176,0.000789,172.217.194.0-255,4320,85940,10,184239
14177,0.000792,172.31.36.0-255,66,86006,10,184239
14178,0.000796,172.217.194.0-255,1484,87490,10,184239
14179,0.000821,172.217.194.0-255,4320,91810,10,184239
14180,0.000824,172.31.36.0-255,66,91876,10,184239
14181,0.000851,172.217.194.0-255,1484,93360,10,184239
14182,0.000864,172.31.36.0-255,66,93426,10,184239
14183,0.000893,172.217.194.0-255,5738,99164,10,184239
14184,0.000906,172.31.36.0-255,66,99230,10,184239
14185,0.000964,172.31.36.0-255,66,99296,10,184239
14186,0.00101,172.31.36.0-255,66,99362,10,184239
14187,0.001615,172.217.194.0-255,1484,100846,10,184239
14188,0.001621,172.217.194.0-255,2902,103748,10,184239
14189,0.001625,172.31.36.0-255,66,103814,10,184239
14190,0.001654,172.217.194.0-255,5738,109552,10,184239
14191,0.001657,172.31.36.0-255,66,109618,10,184239
14192,0.001664,172.217.194.0-255,7156,116774,10,184239
14193,0.00169,172.217.194.0-255,5738,122512,10,184239
14194,0.00171,172.31.36.0-255,66,122578,10,184239
14195,0.001944,172.217.194.0-255,1484,124062,10,184239
14196,0.001948,172.217.194.0-255,1484,125546,10,184239
14197,0.001951,172.31.36.0-255,66,125612,10,184239
14198,0.001982,172.217.194.0-255,1484,127096,10,184239
14199,0.001989,172.217.194.0-255,5738,132834,10,184239
14200,0.001992,172.217.194.0-255,2902,135736,10,184239
14201,0.001997,172.31.36.0-255,66,135802,10,184239
14202,0.002004,172.31.36.0-255,66,135868,10,184239
14203,0.002014,172.217.194.0-255,4320,140188,10,184239
14204,0.002016,172.31.36.0-255,66,140254,10,184239
14205,0.002064,172.217.194.0-255,7156,147410,10,184239
14206,0.002076,172.31.36.0-255,66,147476,10,184239
14207,0.002098,172.217.194.0-255,1484,148960,10,184239
14208,0.002132,172.31.36.0-255,66,149026,10,184239
14209,0.002148,172.217.194.0-255,2902,151928,10,184239
14210,0.002155,172.217.194.0-255,5738,157666,10,184239
14211,0.002179,172.217.194.0-255,2902,160568,10,184239
14212,0.00219,172.31.36.0-255,66,160634,10,184239
14213,0.002202,172.217.194.0-255,4320,164954,10,184239
14214,0.002247,172.217.194.0-255,2184,167138,10,184239
14215,0.002249,172.217.194.0-255,1484,168622,10,184239
14216,0.002252,172.31.36.0-255,66,168688,10,184239
14217,0.002258,172.31.36.0-255,66,168754,10,184239
14218,0.00232,172.217.194.0-255,4320,173074,10,184239
14219,0.002372,172.31.36.0-255,66,173140,10,184239
14220,0.002379,172.217.194.0-255,766,173906,10,184239
14221,0.002401,172.31.36.0-255,66,173972,10,184239
14222,0.002442,172.217.194.0-255,3602,177574,10,184239
14223,0.002447,172.217.194.0-255,2999,180573,10,184239
14224,0.00245,172.217.194.0-255,105,180678,10,184239
14225,0.002465,172.31.36.0-255,66,180744,10,184239
14226,0.010683,172.31.36.0-255,105,180849,10,184239
14227,0.013161,172.217.194.0-255,66,180915,10,184239
14228,0.028164,172.31.36.0-255,172,181087,10,184239
14229,0.0282,172.31.36.0-255,1111,182198,10,184239
14230,0.028277,172.31.36.0-255,1514,183712,10,184239
14231,0.028279,172.31.36.0-255,329,184041,10,184239
14232,0.029751,104.244.42.0-255,66,184107,10,184239
14233,0.029782,104.244.42.0-255,66,184173,10,184239
14234,0.029839,104.244.42.0-255,66,184239,10,184239
14235,0.0,172.217.160.0-255,146,146,10,329477
14236,1.9e-05,172.31.36.0-255,66,212,10,329477
14237,2.6e-05,172.217.160.0-255,1484,1696,10,329477
14238,3.1e-05,172.31.36.0-255,66,1762,10,329477
14239,3.6e-05,172.217.160.0-255,2902,4664,10,329477
14240,4e-05,172.31.36.0-255,66,4730,10,329477
14241,4.5e-05,172.217.160.0-255,2902,7632,10,329477
14242,4.7e-05,172.31.36.0-255,66,7698,10,329477
14243,6e-05,172.31.36.0-255,66,7764,10,329477
14244,0.000104,172.31.36.0-255,66,7830,10,329477
14245,0.000138,172.217.160.0-255,1484,9314,10,329477
14246,0.000141,172.31.36.0-255,66,9380,10,329477
14247,0.000146,172.217.160.0-255,2902,12282,10,329477
14248,0.000148,172.31.36.0-255,66,12348,10,329477
14249,0.000163,172.217.160.0-255,2902,15250,10,329477
14250,0.000168,172.31.36.0-255,66,15316,10,329477
14251,0.00019,172.217.160.0-255,2902,18218,10,329477
14252,0.000193,172.31.36.0-255,66,18284,10,329477
14253,0.000199,172.217.160.0-255,6797,25081,10,329477
14254,0.000201,172.31.36.0-255,66,25147,10,329477
14255,0.000232,172.31.36.0-255,66,25213,10,329477
14256,0.000256,172.217.160.0-255,5738,30951,10,329477
14257,0.000259,172.31.36.0-255,66,31017,10,329477
14258,0.000264,172.217.160.0-255,2543,33560,10,329477
14259,0.000265,172.31.36.0-255,66,33626,10,329477
14260,0.000269,172.217.160.0-255,334,33960,10,329477
14261,0.000271,172.31.36.0-255,66,34026,10,329477
14262,0.000869,172.217.160.0-255,123,34149,10,329477
14263,0.000875,172.31.36.0-255,66,34215,10,329477
14264,0.00093,172.217.160.0-255,1484,35699,10,329477
14265,0.000935,172.31.36.0-255,66,35765,10,329477
14266,0.000943,172.217.160.0-255,2902,38667,10,329477
14267,0.000945,172.31.36.0-255,66,38733,10,329477
14268,0.000952,172.217.160.0-255,5738,44471,10,329477
14269,0.000954,172.31.36.0-255,66,44537,10,329477
14270,0.000959,172.217.160.0-255,4320,48857,10,329477
14271,0.000961,172.31.36.0-255,66,48923,10,329477
14272,0.001008,172.217.160.0-255,2543,51466,10,329477
14273,0.001011,172.31.36.0-255,66,51532,10,329477
14274,0.001032,172.217.160.0-255,2902,54434,10,329477
14275,0.001035,172.31.36.0-255,66,54500,10,329477
14276,0.001042,172.217.160.0-255,7156,61656,10,329477
14277,0.001045,172.31.36.0-255,66,61722,10,329477
14278,0.001079,172.217.160.0-255,1484,63206,10,329477
14279,0.001082,172.31.36.0-255,66,63272,10,329477
14280,0.001102,172.217.160.0-255,5379,68651,10,329477
14281,0.001106,172.31.36.0-255,66,68717,10,329477
14282,0.001443,172.217.160.0-255,1484,70201,10,329477
14283,0.001449,172.31.36.0-255,66,70267,10,329477
14284,0.001466,172.217.160.0-255,2902,73169,10,329477
14285,0.001468,172.31.36.0-255,66,73235,10,329477
14286,0.001474,172.217.160.0-255,2902,76137,10,329477
14287,0.001476,172.31.36.0-255,66,76203,10,329477
14288,0.001501,172.217.160.0-255,1484,77687,10,329477
14289,0.001504,172.31.36.0-255,66,77753,10,329477
14290,0.001514,172.31.36.0-255,66,77819,10,329477
14291,0.001519,172.217.160.0-255,2902,80721,10,329477
14292,0.001522,172.31.36.0-255,66,80787,10,329477
14293,0.001564,172.31.36.0-255,66,80853,10,329477
14294,0.00157,172.217.160.0-255,4320,85173,10,329477
14295,0.001574,172.31.36.0-255,66,85239,10,329477
14296,0.001591,172.217.160.0-255,4320,89559,10,329477
14297,0.001595,172.31.36.0-255,66,89625,10,329477
14298,0.001608,172.31.36.0-255,66,89691,10,329477
14299,0.001641,172.31.36.0-255,66,89757,10,329477
14300,0.001668,172.217.160.0-255,1484,91241,10,329477
14301,0.001669,172.31.36.0-255,66,91307,10,329477
14302,0.001673,172.217.160.0-255,1484,92791,10,329477
14303,0.001674,172.31.36.0-255,66,92857,10,329477
14304,0.001688,172.217.160.0-255,1484,94341,10,329477
14305,0.00169,172.31.36.0-255,66,94407,10,329477
14306,0.001697,172.217.160.0-255,5738,100145,10,329477
14307,0.001699,172.31.36.0-255,66,100211,10,329477
14308,0.001736,172.31.36.0-255,66,100277,10,329477
14309,0.001753,172.217.160.0-255,2902,103179,10,329477
14310,0.001756,172.31.36.0-255,66,103245,10,329477
14311,0.001773,172.217.160.0-255,4320,107565,10,329477
14312,0.001776,172.31.36.0-255,66,107631,10,329477
14313,0.001797,172.217.160.0-255,6438,114069,10,329477
14314,0.001799,172.31.36.0-255,66,114135,10,329477
14315,0.001838,172.217.160.0-255,1484,115619,10,329477
14316,0.00184,172.31.36.0-255,66,115685,10,329477
14317,0.001845,172.217.160.0-255,2902,118587,10,329477
14318,0.001847,172.31.36.0-255,66,118653,10,329477
14319,0.001873,172.217.160.0-255,5738,124391,10,329477
14320,0.001876,172.31.36.0-255,66,124457,10,329477
14321,0.001881,172.217.160.0-255,5738,130195,10,329477
14322,0.001883,172.31.36.0-255,66,130261,10,329477
14323,0.001886,172.217.160.0-255,1484,131745,10,329477
14324,0.001888,172.31.36.0-255,66,131811,10,329477
14325,0.001909,172.31.36.0-255,66,131877,10,329477
14326,0.001921,172.217.160.0-255,2902,134779,10,329477
14327,0.001923,172.31.36.0-255,66,134845,10,329477
14328,0.001929,172.217.160.0-255,5020,139865,10,329477
14329,0.001932,172.31.36.0-255,66,139931,10,329477
14330,0.003838,172.217.160.0-255,5738,145669,10,329477
14331,0.003842,172.31.36.0-255,66,145735,10,329477
14332,0.005743,172.217.160.0-255,5738,151473,10,329477
14333,0.005746,172.31.36.0-255,66,151539,10,329477
14334,0.007711,172.217.160.0-255,5738,157277,10,329477
14335,0.007718,172.31.36.0-255,66,157343,10,329477
14336,0.009633,172.217.160.0-255,5738,163081,10,329477
14337,0.00964,172.31.36.0-255,66,163147,10,329477
14338,0.011559,172.217.160.0-255,5738,168885,10,329477
14339,0.011566,172.31.36.0-255,66,168951,10,329477
14340,0.013491,172.217.160.0-255,5738,174689,10,329477
14341,0.013504,172.31.36.0-255,66,174755,10,329477
14342,0.015455,172.217.160.0-255,5738,180493,10,329477
14343,0.015463,172.31.36.0-255,66,180559,10,329477
14344,0.017394,172.217.160.0-255,5738,186297,10,329477
14345,0.017402,172.31.36.0-255,66,186363,10,329477
14346,0.019322,172.217.160.0-255,5738,192101,10,329477
14347,0.019329,172.31.36.0-255,66,192167,10,329477
14348,0.021249,172.217.160.0-255,5738,197905,10,329477
14349,0.021256,172.31.36.0-255,66,197971,10,329477
14350,0.02317,172.217.160.0-255,5738,203709,10,329477
14351,0.023179,172.31.36.0-255,66,203775,10,329477
14352,0.025095,172.217.160.0-255,5738,209513,10,329477
14353,0.025103,172.31.36.0-255,66,209579,10,329477
14354,0.027055,172.217.160.0-255,5738,215317,10,329477
14355,0.027062,172.31.36.0-255,66,215383,10,329477
14356,0.028976,172.217.160.0-255,5738,221121,10,329477
14357,0.028982,172.31.36.0-255,66,221187,10,329477
14358,0.029413,172.31.36.0-255,172,221359,10,329477
14359,0.029447,172.31.36.0-255,1111,222470,10,329477
14360,0.02948,172.31.36.0-255,1514,223984,10,329477
14361,0.029482,172.31.36.0-255,1292,225276,10,329477
14362,0.030922,172.217.160.0-255,5738,231014,10,329477
14363,0.030928,172.31.36.0-255,66,231080,10,329477
14364,0.030956,104.244.42.0-255,66,231146,10,329477
14365,0.03098,104.244.42.0-255,66,231212,10,329477
14366,0.031024,104.244.42.0-255,66,231278,10,329477
14367,0.032837,172.217.160.0-255,5738,237016,10,329477
14368,0.032843,172.31.36.0-255,66,237082,10,329477
14369,0.034758,172.217.160.0-255,5738,242820,10,329477
14370,0.034764,172.31.36.0-255,66,242886,10,329477
14371,0.036679,172.217.160.0-255,5738,248624,10,329477
14372,0.036685,172.31.36.0-255,66,248690,10,329477
14373,0.0386,172.217.160.0-255,5738,254428,10,329477
14374,0.038606,172.31.36.0-255,66,254494,10,329477
14375,0.040513,172.217.160.0-255,5738,260232,10,329477
14376,0.040519,172.31.36.0-255,66,260298,10,329477
14377,0.042438,172.217.160.0-255,5738,266036,10,329477
14378,0.042444,172.31.36.0-255,66,266102,10,329477
14379,0.044361,172.217.160.0-255,5738,271840,10,329477
14380,0.044367,172.31.36.0-255,66,271906,10,329477
14381,0.046286,172.217.160.0-255,5738,277644,10,329477
14382,0.046293,172.31.36.0-255,66,277710,10,329477
14383,0.048223,172.217.160.0-255,4320,282030,10,329477
14384,0.048229,172.31.36.0-255,66,282096,10,329477
14385,0.04826,172.217.160.0-255,1484,283580,10,329477
14386,0.050141,172.217.160.0-255,4320,287900,10,329477
14387,0.050148,172.31.36.0-255,66,287966,10,329477
14388,0.052056,172.217.160.0-255,5738,293704,10,329477
14389,0.052063,172.31.36.0-255,66,293770,10,329477
14390,0.053975,172.217.160.0-255,5738,299508,10,329477
14391,0.053981,172.31.36.0-255,66,299574,10,329477
14392,0.055888,172.217.160.0-255,5738,305312,10,329477
14393,0.055894,172.31.36.0-255,66,305378,10,329477
14394,0.057806,172.217.160.0-255,5738,311116,10,329477
14395,0.057811,172.31.36.0-255,66,311182,10,329477
14396,0.059728,172.217.160.0-255,5738,316920,10,329477
14397,0.059734,172.31.36.0-255,66,316986,10,329477
14398,0.061644,172.217.160.0-255,5738,322724,10,329477
14399,0.061648,172.31.36.0-255,66,322790,10,329477
14400,0.063554,172.217.160.0-255,5738,328528,10,329477
14401,0.063559,172.31.36.0-255,66,328594,10,329477
14402,0.065452,172.217.160.0-255,646,329240,10,329477
14403,0.065592,172.31.36.0-255,66,329306,10,329477
14404,0.065618,172.31.36.0-255,105,329411,10,329477
14405,0.067502,172.217.160.0-255,66,329477,10,329477
14406,0.0,172.217.194.0-255,159,159,10,352796
14407,3.4e-05,172.31.36.0-255,66,225,10,352796
14408,4.1e-05,172.217.194.0-255,1484,1709,10,352796
14409,4.4e-05,172.31.36.0-255,66,1775,10,352796
14410,5e-05,172.217.194.0-255,2902,4677,10,352796
14411,6.1e-05,172.31.36.0-255,66,4743,10,352796
14412,6.8e-05,172.217.194.0-255,7156,11899,10,352796
14413,7.1e-05,172.31.36.0-255,66,11965,10,352796
14414,7.5e-05,172.217.194.0-255,2047,14012,10,352796
14415,7.8e-05,172.31.36.0-255,66,14078,10,352796
14416,8.1e-05,172.217.194.0-255,1484,15562,10,352796
14417,8.5e-05,172.31.36.0-255,66,15628,10,352796
14418,0.000135,172.31.36.0-255,66,15694,10,352796
14419,0.000142,172.217.194.0-255,5379,21073,10,352796
14420,0.000146,172.31.36.0-255,66,21139,10,352796
14421,0.000174,172.217.194.0-255,5738,26877,10,352796
14422,0.00018,172.31.36.0-255,66,26943,10,352796
14423,0.000183,172.217.194.0-255,1484,28427,10,352796
14424,0.000185,172.31.36.0-255,66,28493,10,352796
14425,0.000192,172.217.194.0-255,7156,35649,10,352796
14426,0.000195,172.31.36.0-255,66,35715,10,352796
14427,0.000238,172.217.194.0-255,1484,37199,10,352796
14428,0.000242,172.31.36.0-255,66,37265,10,352796
14429,0.000256,172.31.36.0-255,66,37331,10,352796
14430,0.000305,172.217.194.0-255,6797,44128,10,352796
14431,0.00031,172.31.36.0-255,66,44194,10,352796
14432,0.000661,172.217.194.0-255,645,44839,10,352796
14433,0.000669,172.31.36.0-255,66,44905,10,352796
14434,0.001202,172.217.194.0-255,1484,46389,10,352796
14435,0.001209,172.31.36.0-255,66,46455,10,352796
14436,0.001217,172.217.194.0-255,2902,49357,10,352796
14437,0.001219,172.31.36.0-255,66,49423,10,352796
14438,0.001231,172.217.194.0-255,5738,55161,10,352796
14439,0.001234,172.31.36.0-255,66,55227,10,352796
14440,0.001241,172.217.194.0-255,5738,60965,10,352796
14441,0.001243,172.31.36.0-255,66,61031,10,352796
14442,0.00128,172.217.194.0-255,4320,65351,10,352796
14443,0.001283,172.31.36.0-255,66,65417,10,352796
14444,0.001297,172.31.36.0-255,66,65483,10,352796
14445,0.001301,172.217.194.0-255,2184,67667,10,352796
14446,0.001303,172.31.36.0-255,66,67733,10,352796
14447,0.001701,172.217.194.0-255,1484,69217,10,352796
14448,0.00172,172.217.194.0-255,2902,72119,10,352796
14449,0.001724,172.31.36.0-255,66,72185,10,352796
14450,0.001755,172.217.194.0-255,5738,77923,10,352796
14451,0.001758,172.31.36.0-255,66,77989,10,352796
14452,0.001765,172.217.194.0-255,5738,83727,10,352796
14453,0.001795,172.217.194.0-255,7156,90883,10,352796
14454,0.001815,172.217.194.0-255,5738,96621,10,352796
14455,0.001822,172.217.194.0-255,5020,101641,10,352796
14456,0.001846,172.217.194.0-255,1484,103125,10,352796
14457,0.001876,172.217.194.0-255,1484,104609,10,352796
14458,0.001882,172.217.194.0-255,4320,108929,10,352796
14459,0.001913,172.217.194.0-255,1484,110413,10,352796
14460,0.001948,172.217.194.0-255,1484,111897,10,352796
14461,0.001963,172.217.194.0-255,5738,117635,10,352796
14462,0.00665,172.31.36.0-255,66,117701,10,352796
14463,0.008689,172.217.194.0-255,5738,123439,10,352796
14464,0.008698,172.31.36.0-255,66,123505,10,352796
14465,0.010702,172.217.194.0-255,5738,129243,10,352796
14466,0.01071,172.31.36.0-255,66,129309,10,352796
14467,0.012737,172.217.194.0-255,5738,135047,10,352796
14468,0.012744,172.31.36.0-255,66,135113,10,352796
14469,0.014804,172.217.194.0-255,5738,140851,10,352796
14470,0.014814,172.31.36.0-255,66,140917,10,352796
14471,0.016842,172.217.194.0-255,5738,146655,10,352796
14472,0.016853,172.31.36.0-255,66,146721,10,352796
14473,0.018859,172.217.194.0-255,5738,152459,10,352796
14474,0.018867,172.31.36.0-255,66,152525,10,352796
14475,0.020897,172.217.194.0-255,5738,158263,10,352796
14476,0.020904,172.31.36.0-255,66,158329,10,352796
14477,0.022898,172.217.194.0-255,5738,164067,10,352796
14478,0.022909,172.31.36.0-255,66,164133,10,352796
14479,0.024924,172.217.194.0-255,5738,169871,10,352796
14480,0.024932,172.31.36.0-255,66,169937,10,352796
14481,0.02672,172.31.36.0-255,172,170109,10,352796
14482,0.026753,172.31.36.0-255,1112,171221,10,352796
14483,0.026811,172.31.36.0-255,1514,172735,10,352796
14484,0.026813,172.31.36.0-255,1291,174026,10,352796
14485,0.026966,172.217.194.0-255,5738,179764,10,352796
14486,0.026972,172.31.36.0-255,66,179830,10,352796
14487,0.028263,104.244.42.0-255,66,179896,10,352796
14488,0.028272,104.244.42.0-255,66,179962,10,352796
14489,0.028375,104.244.42.0-255,66,180028,10,352796
14490,0.028977,172.217.194.0-255,5738,185766,10,352796
14491,0.028984,172.31.36.0-255,66,185832,10,352796
14492,0.031049,172.217.194.0-255,5738,191570,10,352796
14493,0.031056,172.31.36.0-255,66,191636,10,352796
14494,0.033106,172.217.194.0-255,5738,197374,10,352796
14495,0.033112,172.31.36.0-255,66,197440,10,352796
14496,0.035158,172.217.194.0-255,5738,203178,10,352796
14497,0.035164,172.31.36.0-255,66,203244,10,352796
14498,0.037174,172.217.194.0-255,5738,208982,10,352796
14499,0.037182,172.31.36.0-255,66,209048,10,352796
14500,0.039218,172.217.194.0-255,5738,214786,10,352796
14501,0.039226,172.31.36.0-255,66,214852,10,352796
14502,0.041273,172.217.194.0-255,5738,220590,10,352796
14503,0.041282,172.31.36.0-255,66,220656,10,352796
14504,0.043306,172.217.194.0-255,5738,226394,10,352796
14505,0.043313,172.31.36.0-255,66,226460,10,352796
14506,0.045345,172.217.194.0-255,5738,232198,10,352796
14507,0.045352,172.31.36.0-255,66,232264,10,352796
14508,0.047382,172.217.194.0-255,5738,238002,10,352796
14509,0.04739,172.31.36.0-255,66,238068,10,352796
14510,0.049423,172.217.194.0-255,5738,243806,10,352796
14511,0.049431,172.31.36.0-255,66,243872,10,352796
14512,0.051453,172.217.194.0-255,5738,249610,10,352796
14513,0.05146,172.31.36.0-255,66,249676,10,352796
14514,0.053472,172.217.194.0-255,5738,255414,10,352796
14515,0.053479,172.31.36.0-255,66,255480,10,352796
14516,0.055515,172.217.194.0-255,5738,261218,10,352796
14517,0.055526,172.31.36.0-255,66,261284,10,352796
14518,0.057557,172.217.194.0-255,5738,267022,10,352796
14519,0.057564,172.31.36.0-255,66,267088,10,352796
14520,0.059595,172.217.194.0-255,5738,272826,10,352796
14521,0.059602,172.31.36.0-255,66,272892,10,352796
14522,0.061637,172.217.194.0-255,5738,278630,10,352796
14523,0.061644,172.31.36.0-255,66,278696,10,352796
14524,0.063678,172.217.194.0-255,5738,284434,10,352796
14525,0.063685,172.31.36.0-255,66,284500,10,352796
14526,0.065705,172.217.194.0-255,5738,290238,10,352796
14527,0.065712,172.31.36.0-255,66,290304,10,352796
14528,0.067737,172.217.194.0-255,5738,296042,10,352796
14529,0.067744,172.31.36.0-255,66,296108,10,352796
14530,0.069765,172.217.194.0-255,5738,301846,10,352796
14531,0.069772,172.31.36.0-255,66,301912,10,352796
14532,0.071823,172.217.194.0-255,5738,307650,10,352796
14533,0.071829,172.31.36.0-255,66,307716,10,352796
14534,0.073837,172.217.194.0-255,5738,313454,10,352796
14535,0.073844,172.31.36.0-255,66,313520,10,352796
14536,0.075878,172.217.194.0-255,5738,319258,10,352796
14537,0.075886,172.31.36.0-255,66,319324,10,352796
14538,0.077904,172.217.194.0-255,4320,323644,10,352796
14539,0.077911,172.31.36.0-255,66,323710,10,352796
14540,0.077935,172.217.194.0-255,1484,325194,10,352796
14541,0.079933,172.217.194.0-255,4320,329514,10,352796
14542,0.07994,172.31.36.0-255,66,329580,10,352796
14543,0.08197,172.217.194.0-255,5738,335318,10,352796
14544,0.081977,172.31.36.0-255,66,335384,10,352796
14545,0.083985,172.217.194.0-255,5738,341122,10,352796
14546,0.083992,172.31.36.0-255,66,341188,10,352796
14547,0.086021,172.217.194.0-255,5738,346926,10,352796
14548,0.086029,172.31.36.0-255,66,346992,10,352796
14549,0.088057,172.217.194.0-255,5738,352730,10,352796
14550,0.088063,172.31.36.0-255,66,352796,10,352796
14551,0.0,74.125.24.0-255,143,143,10,255423
14552,3e-05,172.31.36.0-255,66,209,10,255423
14553,3.7e-05,74.125.24.0-255,1484,1693,10,255423
14554,4e-05,172.31.36.0-255,66,1759,10,255423
14555,4.5e-05,74.125.24.0-255,2902,4661,10,255423
14556,4.8e-05,172.31.36.0-255,66,4727,10,255423
14557,6.2e-05,74.125.24.0-255,7156,11883,10,255423
14558,6.5e-05,172.31.36.0-255,66,11949,10,255423
14559,9.2e-05,74.125.24.0-255,2055,14004,10,255423
14560,9.4e-05,172.31.36.0-255,66,14070,10,255423
14561,0.000133,74.125.24.0-255,2902,16972,10,255423
14562,0.000136,172.31.36.0-255,66,17038,10,255423
14563,0.000143,74.125.24.0-255,7156,24194,10,255423
14564,0.000145,172.31.36.0-255,66,24260,10,255423
14565,0.000188,74.125.24.0-255,1484,25744,10,255423
14566,0.000191,172.31.36.0-255,66,25810,10,255423
14567,0.000226,172.31.36.0-255,66,25876,10,255423
14568,0.000238,172.31.36.0-255,66,25942,10,255423
14569,0.000243,74.125.24.0-255,3961,29903,10,255423
14570,0.000245,172.31.36.0-255,66,29969,10,255423
14571,0.000273,74.125.24.0-255,4320,34289,10,255423
14572,0.000281,172.31.36.0-255,66,34355,10,255423
14573,0.000316,172.31.36.0-255,66,34421,10,255423
14574,0.000368,74.125.24.0-255,2902,37323,10,255423
14575,0.000371,172.31.36.0-255,66,37389,10,255423
14576,0.000396,74.125.24.0-255,1125,38514,10,255423
14577,0.000399,172.31.36.0-255,66,38580,10,255423
14578,0.00054,74.125.24.0-255,401,38981,10,255423
14579,0.000545,172.31.36.0-255,66,39047,10,255423
14580,0.00071,74.125.24.0-255,109,39156,10,255423
14581,0.000794,172.31.36.0-255,66,39222,10,255423
14582,0.000865,74.125.24.0-255,1484,40706,10,255423
14583,0.000873,74.125.24.0-255,2902,43608,10,255423
14584,0.000876,172.31.36.0-255,66,43674,10,255423
14585,0.000903,74.125.24.0-255,5738,49412,10,255423
14586,0.000907,172.31.36.0-255,66,49478,10,255423
14587,0.000935,74.125.24.0-255,6797,56275,10,255423
14588,0.000938,172.31.36.0-255,66,56341,10,255423
14589,0.000966,74.125.24.0-255,7156,63497,10,255423
14590,0.000969,172.31.36.0-255,66,63563,10,255423
14591,0.001002,74.125.24.0-255,7156,70719,10,255423
14592,0.001006,172.31.36.0-255,66,70785,10,255423
14593,0.001011,74.125.24.0-255,2543,73328,10,255423
14594,0.001013,172.31.36.0-255,66,73394,10,255423
14595,0.001615,74.125.24.0-255,1484,74878,10,255423
14596,0.001623,74.125.24.0-255,2902,77780,10,255423
14597,0.001627,172.31.36.0-255,66,77846,10,255423
14598,0.001649,74.125.24.0-255,5738,83584,10,255423
14599,0.001652,172.31.36.0-255,66,83650,10,255423
14600,0.001657,74.125.24.0-255,2902,86552,10,255423
14601,0.001659,172.31.36.0-255,66,86618,10,255423
14602,0.001695,172.31.36.0-255,66,86684,10,255423
14603,0.00173,172.31.36.0-255,66,86750,10,255423
14604,0.001753,74.125.24.0-255,766,87516,10,255423
14605,0.001796,74.125.24.0-255,1484,89000,10,255423
14606,0.001798,172.31.36.0-255,66,89066,10,255423
14607,0.001822,74.125.24.0-255,2902,91968,10,255423
14608,0.001824,172.31.36.0-255,66,92034,10,255423
14609,0.001829,74.125.24.0-255,2902,94936,10,255423
14610,0.001831,172.31.36.0-255,66,95002,10,255423
14611,0.001851,74.125.24.0-255,2902,97904,10,255423
14612,0.001854,172.31.36.0-255,66,97970,10,255423
14613,0.001891,172.31.36.0-255,66,98036,10,255423
14614,0.001916,74.125.24.0-255,4320,102356,10,255423
14615,0.001918,172.31.36.0-255,66,102422,10,255423
14616,0.001952,172.31.36.0-255,66,102488,10,255423
14617,0.001963,172.31.36.0-255,66,102554,10,255423
14618,0.001991,74.125.24.0-255,4320,106874,10,255423
14619,0.001993,172.31.36.0-255,66,106940,10,255423
14620,0.002009,172.31.36.0-255,66,107006,10,255423
14621,0.002015,74.125.24.0-255,5020,112026,10,255423
14622,0.002018,172.31.36.0-255,66,112092,10,255423
14623,0.002064,74.125.24.0-255,4320,116412,10,255423
14624,0.002066,172.31.36.0-255,66,116478,10,255423
14625,0.002093,74.125.24.0-255,5738,122216,10,255423
14626,0.002096,172.31.36.0-255,66,122282,10,255423
14627,0.00212,74.125.24.0-255,4320,126602,10,255423
14628,0.002122,172.31.36.0-255,66,126668,10,255423
14629,0.002151,74.125.24.0-255,7156,133824,10,255423
14630,0.002154,172.31.36.0-255,66,133890,10,255423
14631,0.002164,172.31.36.0-255,66,133956,10,255423
14632,0.002168,74.125.24.0-255,2184,136140,10,255423
14633,0.00217,172.31.36.0-255,66,136206,10,255423
14634,0.002208,74.125.24.0-255,2902,139108,10,255423
14635,0.002211,172.31.36.0-255,66,139174,10,255423
14636,0.002239,74.125.24.0-255,5738,144912,10,255423
14637,0.002241,172.31.36.0-255,66,144978,10,255423
14638,0.002262,172.31.36.0-255,66,145044,10,255423
14639,0.002339,172.31.36.0-255,66,145110,10,255423
14640,0.002358,172.31.36.0-255,66,145176,10,255423
14641,0.002372,172.31.36.0-255,66,145242,10,255423
14642,0.002376,74.125.24.0-255,2184,147426,10,255423
14643,0.002493,74.125.24.0-255,1484,148910,10,255423
14644,0.002511,74.125.24.0-255,2902,151812,10,255423
14645,0.002516,74.125.24.0-255,4320,156132,10,255423
14646,0.002529,74.125.24.0-255,1484,157616,10,255423
14647,0.002541,74.125.24.0-255,2902,160518,10,255423
14648,0.002578,74.125.24.0-255,4320,164838,10,255423
14649,0.002599,74.125.24.0-255,6438,171276,10,255423
14650,0.007005,172.31.36.0-255,66,171342,10,255423
14651,0.009598,74.125.24.0-255,5738,177080,10,255423
14652,0.009604,172.31.36.0-255,66,177146,10,255423
14653,0.012205,74.125.24.0-255,5738,182884,10,255423
14654,0.012213,172.31.36.0-255,66,182950,10,255423
14655,0.014846,74.125.24.0-255,5738,188688,10,255423
14656,0.014859,172.31.36.0-255,66,188754,10,255423
14657,0.017462,74.125.24.0-255,5738,194492,10,255423
14658,0.01747,172.31.36.0-255,66,194558,10,255423
14659,0.020097,74.125.24.0-255,5738,200296,10,255423
14660,0.020106,172.31.36.0-255,66,200362,10,255423
14661,0.022708,74.125.24.0-255,5738,206100,10,255423
14662,0.022715,172.31.36.0-255,66,206166,10,255423
14663,0.025274,74.125.24.0-255,5738,211904,10,255423
14664,0.025281,172.31.36.0-255,66,211970,10,255423
14665,0.02788,74.125.24.0-255,5738,217708,10,255423
14666,0.02789,172.31.36.0-255,66,217774,10,255423
14667,0.030503,74.125.24.0-255,5738,223512,10,255423
14668,0.030511,172.31.36.0-255,66,223578,10,255423
14669,0.032904,172.31.36.0-255,171,223749,10,255423
14670,0.032936,172.31.36.0-255,1137,224886,10,255423
14671,0.032974,172.31.36.0-255,1514,226400,10,255423
14672,0.032976,172.31.36.0-255,1266,227666,10,255423
14673,0.033132,74.125.24.0-255,5738,233404,10,255423
14674,0.033138,172.31.36.0-255,66,233470,10,255423
14675,0.034492,104.244.42.0-255,66,233536,10,255423
14676,0.034499,104.244.42.0-255,66,233602,10,255423
14677,0.034529,104.244.42.0-255,66,233668,10,255423
14678,0.035712,74.125.24.0-255,5738,239406,10,255423
14679,0.035717,172.31.36.0-255,66,239472,10,255423
14680,0.038335,74.125.24.0-255,4320,243792,10,255423
14681,0.038341,172.31.36.0-255,66,243858,10,255423
14682,0.03837,74.125.24.0-255,1484,245342,10,255423
14683,0.040933,74.125.24.0-255,4320,249662,10,255423
14684,0.040938,172.31.36.0-255,66,249728,10,255423
14685,0.043564,74.125.24.0-255,5458,255186,10,255423
14686,0.043569,172.31.36.0-255,66,255252,10,255423
14687,0.043757,172.31.36.0-255,105,255357,10,255423
14688,0.046299,74.125.24.0-255,66,255423,10,255423
14689,0.0,74.125.24.0-255,153,153,10,312175
14690,2.4e-05,172.31.36.0-255,66,219,10,312175
14691,3.2e-05,74.125.24.0-255,1484,1703,10,312175
14692,3.7e-05,172.31.36.0-255,66,1769,10,312175
14693,4.3e-05,74.125.24.0-255,2902,4671,10,312175
14694,4.5e-05,172.31.36.0-255,66,4737,10,312175
14695,5.1e-05,74.125.24.0-255,2902,7639,10,312175
14696,5.3e-05,172.31.36.0-255,66,7705,10,312175
14697,7.3e-05,74.125.24.0-255,2902,10607,10,312175
14698,7.6e-05,172.31.36.0-255,66,10673,10,312175
14699,9.4e-05,74.125.24.0-255,3392,14065,10,312175
14700,9.7e-05,172.31.36.0-255,66,14131,10,312175
14701,0.000385,74.125.24.0-255,1484,15615,10,312175
14702,0.00039,172.31.36.0-255,66,15681,10,312175
14703,0.000397,74.125.24.0-255,2902,18583,10,312175
14704,0.0004,172.31.36.0-255,66,18649,10,312175
14705,0.000421,74.125.24.0-255,5738,24387,10,312175
14706,0.000423,172.31.36.0-255,66,24453,10,312175
14707,0.000466,74.125.24.0-255,4320,28773,10,312175
14708,0.000469,172.31.36.0-255,66,28839,10,312175
14709,0.000481,74.125.24.0-255,2543,31382,10,312175
14710,0.000483,172.31.36.0-255,66,31448,10,312175
14711,0.000537,74.125.24.0-255,1484,32932,10,312175
14712,0.000542,172.31.36.0-255,66,32998,10,312175
14713,0.000559,74.125.24.0-255,2902,35900,10,312175
14714,0.000562,172.31.36.0-255,66,35966,10,312175
14715,0.000569,74.125.24.0-255,5738,41704,10,312175
14716,0.000571,172.31.36.0-255,66,41770,10,312175
14717,0.000603,74.125.24.0-255,1484,43254,10,312175
14718,0.000605,172.31.36.0-255,66,43320,10,312175
14719,0.00064,74.125.24.0-255,1484,44804,10,312175
14720,0.000643,172.31.36.0-255,66,44870,10,312175
14721,0.000658,172.31.36.0-255,66,44936,10,312175
14722,0.00067,172.31.36.0-255,66,45002,10,312175
14723,0.000672,74.125.24.0-255,358,45360,10,312175
14724,0.000694,74.125.24.0-255,134,45494,10,312175
14725,0.000754,74.125.24.0-255,348,45842,10,312175
14726,0.001181,172.31.36.0-255,66,45908,10,312175
14727,0.001541,74.125.24.0-255,1484,47392,10,312175
14728,0.001549,74.125.24.0-255,1484,48876,10,312175
14729,0.001553,172.31.36.0-255,66,48942,10,312175
14730,0.001573,74.125.24.0-255,1484,50426,10,312175
14731,0.00158,74.125.24.0-255,5738,56164,10,312175
14732,0.001582,172.31.36.0-255,66,56230,10,312175
14733,0.001605,74.125.24.0-255,4320,60550,10,312175
14734,0.001608,172.31.36.0-255,66,60616,10,312175
14735,0.001636,172.31.36.0-255,66,60682,10,312175
14736,0.001657,74.125.24.0-255,5738,66420,10,312175
14737,0.00166,172.31.36.0-255,66,66486,10,312175
14738,0.001678,74.125.24.0-255,5020,71506,10,312175
14739,0.001681,172.31.36.0-255,66,71572,10,312175
14740,0.002178,74.125.24.0-255,1484,73056,10,312175
14741,0.002211,74.125.24.0-255,2902,75958,10,312175
14742,0.002216,172.31.36.0-255,66,76024,10,312175
14743,0.002223,74.125.24.0-255,4320,80344,10,312175
14744,0.002225,172.31.36.0-255,66,80410,10,312175
14745,0.002252,74.125.24.0-255,5738,86148,10,312175
14746,0.002254,172.31.36.0-255,66,86214,10,312175
14747,0.002272,74.125.24.0-255,2902,89116,10,312175
14748,0.002275,172.31.36.0-255,66,89182,10,312175
14749,0.002282,74.125.24.0-255,5738,94920,10,312175
14750,0.002284,172.31.36.0-255,66,94986,10,312175
14751,0.002296,74.125.24.0-255,2902,97888,10,312175
14752,0.002298,172.31.36.0-255,66,97954,10,312175
14753,0.002339,172.31.36.0-255,66,98020,10,312175
14754,0.004763,74.125.24.0-255,5738,103758,10,312175
14755,0.004768,172.31.36.0-255,66,103824,10,312175
14756,0.007156,74.125.24.0-255,5738,109562,10,312175
14757,0.007163,172.31.36.0-255,66,109628,10,312175
14758,0.009582,74.125.24.0-255,5738,115366,10,312175
14759,0.009591,172.31.36.0-255,66,115432,10,312175
14760,0.012001,74.125.24.0-255,5738,121170,10,312175
14761,0.01201,172.31.36.0-255,66,121236,10,312175
14762,0.014427,74.125.24.0-255,5738,126974,10,312175
14763,0.014436,172.31.36.0-255,66,127040,10,312175
14764,0.016816,74.125.24.0-255,5738,132778,10,312175
14765,0.016828,172.31.36.0-255,66,132844,10,312175
14766,0.019204,74.125.24.0-255,5738,138582,10,312175
14767,0.019213,172.31.36.0-255,66,138648,10,312175
14768,0.02159,74.125.24.0-255,5738,144386,10,312175
14769,0.021599,172.31.36.0-255,66,144452,10,312175
14770,0.024004,74.125.24.0-255,5738,150190,10,312175
14771,0.024013,172.31.36.0-255,66,150256,10,312175
14772,0.026389,74.125.24.0-255,5738,155994,10,312175
14773,0.026397,172.31.36.0-255,66,156060,10,312175
14774,0.028814,74.125.24.0-255,5738,161798,10,312175
14775,0.028822,172.31.36.0-255,66,161864,10,312175
14776,0.029464,172.31.36.0-255,172,162036,10,312175
14777,0.0295,172.31.36.0-255,1112,163148,10,312175
14778,0.029563,172.31.36.0-255,1514,164662,10,312175
14779,0.029565,172.31.36.0-255,1291,165953,10,312175
14780,0.031024,104.244.42.0-255,66,166019,10,312175
14781,0.031089,104.244.42.0-255,66,166085,10,312175
14782,0.031112,104.244.42.0-255,66,166151,10,312175
14783,0.0312,74.125.24.0-255,2902,169053,10,312175
14784,0.031205,172.31.36.0-255,66,169119,10,312175
14785,0.031225,74.125.24.0-255,2902,172021,10,312175
14786,0.031228,172.31.36.0-255,66,172087,10,312175
14787,0.033594,74.125.24.0-255,2902,174989,10,312175
14788,0.033601,172.31.36.0-255,66,175055,10,312175
14789,0.033634,74.125.24.0-255,2902,177957,10,312175
14790,0.033637,172.31.36.0-255,66,178023,10,312175
14791,0.035983,74.125.24.0-255,2902,180925,10,312175
14792,0.035991,172.31.36.0-255,66,180991,10,312175
14793,0.036011,74.125.24.0-255,2902,183893,10,312175
14794,0.036014,172.31.36.0-255,66,183959,10,312175
14795,0.038377,74.125.24.0-255,2902,186861,10,312175
14796,0.038384,172.31.36.0-255,66,186927,10,312175
14797,0.038447,74.125.24.0-255,2902,189829,10,312175
14798,0.03845,172.31.36.0-255,66,189895,10,312175
14799,0.040774,74.125.24.0-255,2902,192797,10,312175
14800,0.040781,172.31.36.0-255,66,192863,10,312175
14801,0.040831,74.125.24.0-255,2902,195765,10,312175
14802,0.040834,172.31.36.0-255,66,195831,10,312175
14803,0.043183,74.125.24.0-255,2902,198733,10,312175
14804,0.043192,172.31.36.0-255,66,198799,10,312175
14805,0.043221,74.125.24.0-255,2902,201701,10,312175
14806,0.043224,172.31.36.0-255,66,201767,10,312175
14807,0.045577,74.125.24.0-255,2902,204669,10,312175
14808,0.045584,172.31.36.0-255,66,204735,10,312175
14809,0.045605,74.125.24.0-255,2902,207637,10,312175
14810,0.045608,172.31.36.0-255,66,207703,10,312175
14811,0.047997,74.125.24.0-255,5738,213441,10,312175
14812,0.048004,172.31.36.0-255,66,213507,10,312175
14813,0.050401,74.125.24.0-255,5738,219245,10,312175
14814,0.050407,172.31.36.0-255,66,219311,10,312175
14815,0.052799,74.125.24.0-255,5738,225049,10,312175
14816,0.052823,172.31.36.0-255,66,225115,10,312175
14817,0.055251,74.125.24.0-255,5738,230853,10,312175
14818,0.055269,172.31.36.0-255,66,230919,10,312175
14819,0.057696,74.125.24.0-255,5738,236657,10,312175
14820,0.057715,172.31.36.0-255,66,236723,10,312175
14821,0.060142,74.125.24.0-255,5738,242461,10,312175
14822,0.06016,172.31.36.0-255,66,242527,10,312175
14823,0.062582,74.125.24.0-255,5738,248265,10,312175
14824,0.062601,172.31.36.0-255,66,248331,10,312175
14825,0.065003,74.125.24.0-255,5738,254069,10,312175
14826,0.06502,172.31.36.0-255,66,254135,10,312175
14827,0.067398,74.125.24.0-255,5738,259873,10,312175
14828,0.067407,172.31.36.0-255,66,259939,10,312175
14829,0.069806,74.125.24.0-255,5738,265677,10,312175
14830,0.069817,172.31.36.0-255,66,265743,10,312175
14831,0.072217,74.125.24.0-255,5738,271481,10,312175
14832,0.072225,172.31.36.0-255,66,271547,10,312175
14833,0.074624,74.125.24.0-255,5738,277285,10,312175
14834,0.074632,172.31.36.0-255,66,277351,10,312175
14835,0.077002,74.125.24.0-255,5738,283089,10,312175
14836,0.077008,172.31.36.0-255,66,283155,10,312175
14837,0.079393,74.125.24.0-255,5738,288893,10,312175
14838,0.079399,172.31.36.0-255,66,288959,10,312175
14839,0.081766,74.125.24.0-255,5738,294697,10,312175
14840,0.081772,172.31.36.0-255,66,294763,10,312175
14841,0.084159,74.125.24.0-255,5738,300501,10,312175
14842,0.084165,172.31.36.0-255,66,300567,10,312175
14843,0.086548,74.125.24.0-255,5738,306305,10,312175
14844,0.086555,172.31.36.0-255,66,306371,10,312175
14845,0.088973,74.125.24.0-255,5738,312109,10,312175
14846,0.088979,172.31.36.0-255,66,312175,10,312175
14847,0.0,172.217.194.0-255,152,152,10,285057
14848,1.6e-05,172.31.36.0-255,66,218,10,285057
14849,4.2e-05,172.217.194.0-255,1484,1702,10,285057
14850,4.7e-05,172.31.36.0-255,66,1768,10,285057
14851,5.2e-05,172.217.194.0-255,2902,4670,10,285057
14852,5.6e-05,172.31.36.0-255,66,4736,10,285057
14853,7.4e-05,172.217.194.0-255,1484,6220,10,285057
14854,7.7e-05,172.31.36.0-255,66,6286,10,285057
14855,0.000106,172.217.194.0-255,5738,12024,10,285057
14856,0.000109,172.31.36.0-255,66,12090,10,285057
14857,0.000122,172.31.36.0-255,66,12156,10,285057
14858,0.000136,172.217.194.0-255,1484,13640,10,285057
14859,0.000138,172.31.36.0-255,66,13706,10,285057
14860,0.00016,172.217.194.0-255,6797,20503,10,285057
14861,0.000163,172.31.36.0-255,66,20569,10,285057
14862,0.001099,172.217.194.0-255,1484,22053,10,285057
14863,0.001107,172.31.36.0-255,66,22119,10,285057
14864,0.001117,172.217.194.0-255,2902,25021,10,285057
14865,0.001119,172.31.36.0-255,66,25087,10,285057
14866,0.001126,172.217.194.0-255,5738,30825,10,285057
14867,0.001129,172.31.36.0-255,66,30891,10,285057
14868,0.001141,172.31.36.0-255,66,30957,10,285057
14869,0.001179,172.217.194.0-255,7156,38113,10,285057
14870,0.001181,172.31.36.0-255,66,38179,10,285057
14871,0.001224,172.217.194.0-255,6438,44617,10,285057
14872,0.001226,172.31.36.0-255,66,44683,10,285057
14873,0.00172,172.217.194.0-255,365,45048,10,285057
14874,0.001728,172.31.36.0-255,66,45114,10,285057
14875,0.001758,172.217.194.0-255,1484,46598,10,285057
14876,0.001762,172.31.36.0-255,66,46664,10,285057
14877,0.001777,172.217.194.0-255,2902,49566,10,285057
14878,0.00178,172.31.36.0-255,66,49632,10,285057
14879,0.0018,172.217.194.0-255,5738,55370,10,285057
14880,0.001803,172.31.36.0-255,66,55436,10,285057
14881,0.001828,172.217.194.0-255,4320,59756,10,285057
14882,0.00183,172.31.36.0-255,66,59822,10,285057
14883,0.001847,172.217.194.0-255,4320,64142,10,285057
14884,0.00185,172.31.36.0-255,66,64208,10,285057
14885,0.001872,172.217.194.0-255,1484,65692,10,285057
14886,0.001885,172.217.194.0-255,2902,68594,10,285057
14887,0.001888,172.31.36.0-255,66,68660,10,285057
14888,0.001919,172.31.36.0-255,66,68726,10,285057
14889,0.004236,172.217.194.0-255,5738,74464,10,285057
14890,0.004242,172.31.36.0-255,66,74530,10,285057
14891,0.006553,172.217.194.0-255,4320,78850,10,285057
14892,0.006557,172.31.36.0-255,66,78916,10,285057
14893,0.006575,172.217.194.0-255,1484,80400,10,285057
14894,0.008856,172.217.194.0-255,4320,84720,10,285057
14895,0.008864,172.31.36.0-255,66,84786,10,285057
14896,0.011181,172.217.194.0-255,5738,90524,10,285057
14897,0.01119,172.31.36.0-255,66,90590,10,285057
14898,0.013493,172.217.194.0-255,5738,96328,10,285057
14899,0.013502,172.31.36.0-255,66,96394,10,285057
14900,0.015811,172.217.194.0-255,5738,102132,10,285057
14901,0.01582,172.31.36.0-255,66,102198,10,285057
14902,0.018147,172.217.194.0-255,5738,107936,10,285057
14903,0.018154,172.31.36.0-255,66,108002,10,285057
14904,0.020458,172.217.194.0-255,5738,113740,10,285057
14905,0.020467,172.31.36.0-255,66,113806,10,285057
14906,0.022804,172.217.194.0-255,5738,119544,10,285057
14907,0.022812,172.31.36.0-255,66,119610,10,285057
14908,0.024149,172.31.36.0-255,172,119782,10,285057
14909,0.024182,172.31.36.0-255,1113,120895,10,285057
14910,0.02424,172.31.36.0-255,1514,122409,10,285057
14911,0.024242,172.31.36.0-255,1290,123699,10,285057
14912,0.025108,172.217.194.0-255,5738,129437,10,285057
14913,0.025115,172.31.36.0-255,66,129503,10,285057
14914,0.025677,104.244.42.0-255,66,129569,10,285057
14915,0.025754,104.244.42.0-255,66,129635,10,285057
14916,0.025813,104.244.42.0-255,66,129701,10,285057
14917,0.02745,172.217.194.0-255,5738,135439,10,285057
14918,0.027458,172.31.36.0-255,66,135505,10,285057
14919,0.029776,172.217.194.0-255,5738,141243,10,285057
14920,0.029784,172.31.36.0-255,66,141309,10,285057
14921,0.032075,172.217.194.0-255,5738,147047,10,285057
14922,0.032082,172.31.36.0-255,66,147113,10,285057
14923,0.034405,172.217.194.0-255,5738,152851,10,285057
14924,0.034411,172.31.36.0-255,66,152917,10,285057
14925,0.036708,172.217.194.0-255,5738,158655,10,285057
14926,0.036714,172.31.36.0-255,66,158721,10,285057
14927,0.039035,172.217.194.0-255,5738,164459,10,285057
14928,0.039042,172.31.36.0-255,66,164525,10,285057
14929,0.041353,172.217.194.0-255,5738,170263,10,285057
14930,0.041359,172.31.36.0-255,66,170329,10,285057
14931,0.043664,172.217.194.0-255,5738,176067,10,285057
14932,0.043674,172.31.36.0-255,66,176133,10,285057
14933,0.046005,172.217.194.0-255,5738,181871,10,285057
14934,0.046012,172.31.36.0-255,66,181937,10,285057
14935,0.048308,172.217.194.0-255,5738,187675,10,285057
14936,0.048316,172.31.36.0-255,66,187741,10,285057
14937,0.050635,172.217.194.0-255,5738,193479,10,285057
14938,0.050642,172.31.36.0-255,66,193545,10,285057
14939,0.052935,172.217.194.0-255,5738,199283,10,285057
14940,0.052942,172.31.36.0-255,66,199349,10,285057
14941,0.055222,172.217.194.0-255,5738,205087,10,285057
14942,0.055227,172.31.36.0-255,66,205153,10,285057
14943,0.057611,172.217.194.0-255,5738,210891,10,285057
14944,0.057618,172.31.36.0-255,66,210957,10,285057
14945,0.059949,172.217.194.0-255,5738,216695,10,285057
14946,0.059957,172.31.36.0-255,66,216761,10,285057
14947,0.062275,172.217.194.0-255,5738,222499,10,285057
14948,0.062281,172.31.36.0-255,66,222565,10,285057
14949,0.064609,172.217.194.0-255,5738,228303,10,285057
14950,0.064615,172.31.36.0-255,66,228369,10,285057
14951,0.066908,172.217.194.0-255,5738,234107,10,285057
14952,0.066915,172.31.36.0-255,66,234173,10,285057
14953,0.069277,172.217.194.0-255,5738,239911,10,285057
14954,0.069284,172.31.36.0-255,66,239977,10,285057
14955,0.071587,172.217.194.0-255,4320,244297,10,285057
14956,0.071594,172.31.36.0-255,66,244363,10,285057
14957,0.071617,172.217.194.0-255,1484,245847,10,285057
14958,0.073904,172.217.194.0-255,4320,250167,10,285057
14959,0.073911,172.31.36.0-255,66,250233,10,285057
14960,0.076235,172.217.194.0-255,5738,255971,10,285057
14961,0.076242,172.31.36.0-255,66,256037,10,285057
14962,0.078536,172.217.194.0-255,5738,261775,10,285057
14963,0.078542,172.31.36.0-255,66,261841,10,285057
14964,0.080824,172.217.194.0-255,5738,267579,10,285057
14965,0.080831,172.31.36.0-255,66,267645,10,285057
14966,0.083141,172.217.194.0-255,5738,273383,10,285057
14967,0.083148,172.31.36.0-255,66,273449,10,285057
14968,0.085464,172.217.194.0-255,5738,279187,10,285057
14969,0.085471,172.31.36.0-255,66,279253,10,285057
14970,0.087801,172.217.194.0-255,5738,284991,10,285057
14971,0.087807,172.31.36.0-255,66,285057,10,285057
14972,0.0,172.217.194.0-255,155,155,10,324767
14973,2.5e-05,172.31.36.0-255,66,221,10,324767
14974,3e-05,172.217.194.0-255,1484,1705,10,324767
14975,3.4e-05,172.31.36.0-255,66,1771,10,324767
14976,3.8e-05,172.217.194.0-255,2902,4673,10,324767
14977,4e-05,172.31.36.0-255,66,4739,10,324767
14978,4.7e-05,172.217.194.0-255,7156,11895,10,324767
14979,4.9e-05,172.31.36.0-255,66,11961,10,324767
14980,8.8e-05,172.31.36.0-255,66,12027,10,324767
14981,9.9e-05,172.217.194.0-255,3428,15455,10,324767
14982,0.000101,172.31.36.0-255,66,15521,10,324767
14983,0.000105,172.217.194.0-255,2543,18064,10,324767
14984,0.000107,172.31.36.0-255,66,18130,10,324767
14985,0.000143,172.217.194.0-255,1484,19614,10,324767
14986,0.000145,172.31.36.0-255,66,19680,10,324767
14987,0.000149,172.217.194.0-255,1484,21164,10,324767
14988,0.000151,172.31.36.0-255,66,21230,10,324767
14989,0.000162,172.217.194.0-255,1484,22714,10,324767
14990,0.000164,172.31.36.0-255,66,22780,10,324767
14991,0.000169,172.217.194.0-255,2902,25682,10,324767
14992,0.000171,172.31.36.0-255,66,25748,10,324767
14993,0.00019,172.217.194.0-255,2902,28650,10,324767
14994,0.000192,172.31.36.0-255,66,28716,10,324767
14995,0.000199,172.217.194.0-255,6797,35513,10,324767
14996,0.000201,172.31.36.0-255,66,35579,10,324767
14997,0.000207,172.217.194.0-255,7156,42735,10,324767
14998,0.000209,172.31.36.0-255,66,42801,10,324767
14999,0.000242,172.217.194.0-255,1484,44285,10,324767
15000,0.000245,172.31.36.0-255,66,44351,10,324767
15001,0.000271,172.31.36.0-255,66,44417,10,324767
15002,0.000273,172.217.194.0-255,395,44812,10,324767
15003,0.000443,172.217.194.0-255,1484,46296,10,324767
15004,0.000448,172.217.194.0-255,1484,47780,10,324767
15005,0.000458,172.217.194.0-255,1484,49264,10,324767
15006,0.000477,172.217.194.0-255,4320,53584,10,324767
15007,0.000497,172.217.194.0-255,1484,55068,10,324767
15008,0.000505,172.217.194.0-255,7156,62224,10,324767
15009,0.000529,172.217.194.0-255,4320,66544,10,324767
15010,0.000534,172.217.194.0-255,2184,68728,10,324767
15011,0.001088,172.217.194.0-255,1484,70212,10,324767
15012,0.001095,172.217.194.0-255,2902,73114,10,324767
15013,0.001099,172.217.194.0-255,2902,76016,10,324767
15014,0.001115,172.217.194.0-255,2902,78918,10,324767
15015,0.001117,172.217.194.0-255,1484,80402,10,324767
15016,0.001149,172.217.194.0-255,1484,81886,10,324767
15017,0.001174,172.217.194.0-255,766,82652,10,324767
15018,0.001602,172.217.194.0-255,1484,84136,10,324767
15019,0.001605,172.217.194.0-255,1484,85620,10,324767
15020,0.001616,172.217.194.0-255,1484,87104,10,324767
15021,0.00162,172.217.194.0-255,2902,90006,10,324767
15022,0.001636,172.217.194.0-255,2902,92908,10,324767
15023,0.001652,172.217.194.0-255,7156,100064,10,324767
15024,0.001671,172.217.194.0-255,5738,105802,10,324767
15025,0.001745,172.217.194.0-255,2902,108704,10,324767
15026,0.00177,172.217.194.0-255,1484,110188,10,324767
15027,0.001772,172.217.194.0-255,1484,111672,10,324767
15028,0.001801,172.217.194.0-255,4320,115992,10,324767
15029,0.001813,172.217.194.0-255,2184,118176,10,324767
15030,0.00198,172.217.194.0-255,1484,119660,10,324767
15031,0.001985,172.217.194.0-255,2902,122562,10,324767
15032,0.002008,172.217.194.0-255,1484,124046,10,324767
15033,0.002023,172.217.194.0-255,1484,125530,10,324767
15034,0.002036,172.217.194.0-255,1484,127014,10,324767
15035,0.002057,172.217.194.0-255,2902,129916,10,324767
15036,0.002067,172.217.194.0-255,2902,132818,10,324767
15037,0.002109,172.217.194.0-255,5738,138556,10,324767
15038,0.002129,172.217.194.0-255,5020,143576,10,324767
15039,0.00218,172.217.194.0-255,1484,145060,10,324767
15040,0.00219,172.217.194.0-255,1484,146544,10,324767
15041,0.0022,172.217.194.0-255,1484,148028,10,324767
15042,0.002217,172.217.194.0-255,2902,150930,10,324767
15043,0.002235,172.217.194.0-255,2902,153832,10,324767
15044,0.002248,172.217.194.0-255,1484,155316,10,324767
15045,0.002257,172.217.194.0-255,1484,156800,10,324767
15046,0.002289,172.217.194.0-255,7156,163956,10,324767
15047,0.002305,172.217.194.0-255,3602,167558,10,324767
15048,0.003392,172.31.36.0-255,66,167624,10,324767
15049,0.005654,172.217.194.0-255,4320,171944,10,324767
15050,0.005661,172.31.36.0-255,66,172010,10,324767
15051,0.00568,172.217.194.0-255,1484,173494,10,324767
15052,0.007893,172.217.194.0-255,4320,177814,10,324767
15053,0.007899,172.31.36.0-255,66,177880,10,324767
15054,0.010166,172.217.194.0-255,1484,179364,10,324767
15055,0.010188,172.217.194.0-255,4320,183684,10,324767
15056,0.010193,172.31.36.0-255,66,183750,10,324767
15057,0.012461,172.217.194.0-255,5738,189488,10,324767
15058,0.012475,172.31.36.0-255,66,189554,10,324767
15059,0.014738,172.217.194.0-255,5738,195292,10,324767
15060,0.014745,172.31.36.0-255,66,195358,10,324767
15061,0.017,172.217.194.0-255,5738,201096,10,324767
15062,0.017008,172.31.36.0-255,66,201162,10,324767
15063,0.019294,172.217.194.0-255,5738,206900,10,324767
15064,0.019301,172.31.36.0-255,66,206966,10,324767
15065,0.021557,172.217.194.0-255,5738,212704,10,324767
15066,0.021564,172.31.36.0-255,66,212770,10,324767
15067,0.023823,172.217.194.0-255,5738,218508,10,324767
15068,0.02383,172.31.36.0-255,66,218574,10,324767
15069,0.026077,172.217.194.0-255,5738,224312,10,324767
15070,0.026083,172.31.36.0-255,66,224378,10,324767
15071,0.026821,172.31.36.0-255,172,224550,10,324767
15072,0.026852,172.31.36.0-255,1111,225661,10,324767
15073,0.026896,172.31.36.0-255,1514,227175,10,324767
15074,0.026897,172.31.36.0-255,1514,228689,10,324767
15075,0.026899,172.31.36.0-255,1514,230203,10,324767
15076,0.0269,172.31.36.0-255,1074,231277,10,324767
15077,0.028339,172.217.194.0-255,5738,237015,10,324767
15078,0.028346,172.31.36.0-255,66,237081,10,324767
15079,0.028388,104.244.42.0-255,66,237147,10,324767
15080,0.028394,104.244.42.0-255,66,237213,10,324767
15081,0.028447,104.244.42.0-255,66,237279,10,324767
15082,0.028494,104.244.42.0-255,66,237345,10,324767
15083,0.029073,104.244.42.0-255,108,237453,10,324767
15084,0.029078,172.31.36.0-255,66,237519,10,324767
15085,0.030624,172.217.194.0-255,4320,241839,10,324767
15086,0.030628,172.31.36.0-255,66,241905,10,324767
15087,0.030658,172.217.194.0-255,1484,243389,10,324767
15088,0.032909,172.217.194.0-255,4320,247709,10,324767
15089,0.032914,172.31.36.0-255,66,247775,10,324767
15090,0.03514,172.217.194.0-255,4320,252095,10,324767
15091,0.035144,172.31.36.0-255,66,252161,10,324767
15092,0.035171,172.217.194.0-255,1484,253645,10,324767
15093,0.037377,172.217.194.0-255,2902,256547,10,324767
15094,0.037382,172.31.36.0-255,66,256613,10,324767
15095,0.03741,172.217.194.0-255,1484,258097,10,324767
15096,0.039625,172.217.194.0-255,4320,262417,10,324767
15097,0.03963,172.31.36.0-255,66,262483,10,324767
15098,0.04187,172.217.194.0-255,5738,268221,10,324767
15099,0.041875,172.31.36.0-255,66,268287,10,324767
15100,0.044127,172.217.194.0-255,5738,274025,10,324767
15101,0.044132,172.31.36.0-255,66,274091,10,324767
15102,0.046361,172.217.194.0-255,4320,278411,10,324767
15103,0.046365,172.31.36.0-255,66,278477,10,324767
15104,0.046391,172.217.194.0-255,1484,279961,10,324767
15105,0.048577,172.217.194.0-255,2902,282863,10,324767
15106,0.048581,172.31.36.0-255,66,282929,10,324767
15107,0.048605,172.217.194.0-255,1484,284413,10,324767
15108,0.050838,172.217.194.0-255,4320,288733,10,324767
15109,0.050843,172.31.36.0-255,66,288799,10,324767
15110,0.053075,172.217.194.0-255,5738,294537,10,324767
15111,0.053081,172.31.36.0-255,66,294603,10,324767
15112,0.055331,172.217.194.0-255,5738,300341,10,324767
15113,0.055336,172.31.36.0-255,66,300407,10,324767
15114,0.057596,172.217.194.0-255,5738,306145,10,324767
15115,0.057602,172.31.36.0-255,66,306211,10,324767
15116,0.059845,172.217.194.0-255,5738,311949,10,324767
15117,0.05985,172.31.36.0-255,66,312015,10,324767
15118,0.06209,172.217.194.0-255,4320,316335,10,324767
15119,0.062094,172.31.36.0-255,66,316401,10,324767
15120,0.062123,172.217.194.0-255,1484,317885,10,324767
15121,0.064385,172.217.194.0-255,4320,322205,10,324767
15122,0.064395,172.31.36.0-255,66,322271,10,324767
15123,0.066625,172.217.194.0-255,1734,324005,10,324767
15124,0.06663,172.31.36.0-255,66,324071,10,324767
15125,0.066798,172.31.36.0-255,105,324176,10,324767
15126,0.066825,172.31.36.0-255,105,324281,10,324767
15127,0.067079,172.31.36.0-255,90,324371,10,324767
15128,0.067088,172.31.36.0-255,66,324437,10,324767
15129,0.069024,172.217.194.0-255,66,324503,10,324767
15130,0.069031,172.217.194.0-255,66,324569,10,324767
15131,0.069307,172.217.194.0-255,66,324635,10,324767
15132,0.069323,172.217.194.0-255,66,324701,10,324767
15133,0.069327,172.31.36.0-255,66,324767,10,324767
15134,0.0,172.217.194.0-255,146,146,10,347044
15135,3.5e-05,172.31.36.0-255,66,212,10,347044
15136,4.2e-05,172.217.194.0-255,1484,1696,10,347044
15137,4.7e-05,172.31.36.0-255,66,1762,10,347044
15138,5.3e-05,172.217.194.0-255,2902,4664,10,347044
15139,5.6e-05,172.31.36.0-255,66,4730,10,347044
15140,6.4e-05,172.217.194.0-255,7156,11886,10,347044
15141,6.7e-05,172.31.36.0-255,66,11952,10,347044
15142,7.1e-05,172.217.194.0-255,2083,14035,10,347044
15143,7.3e-05,172.31.36.0-255,66,14101,10,347044
15144,0.000229,172.217.194.0-255,1484,15585,10,347044
15145,0.000233,172.31.36.0-255,66,15651,10,347044
15146,0.000239,172.217.194.0-255,2902,18553,10,347044
15147,0.000242,172.31.36.0-255,66,18619,10,347044
15148,0.000249,172.217.194.0-255,5738,24357,10,347044
15149,0.000251,172.31.36.0-255,66,24423,10,347044
15150,0.000276,172.217.194.0-255,5738,30161,10,347044
15151,0.000279,172.31.36.0-255,66,30227,10,347044
15152,0.000299,172.217.194.0-255,1125,31352,10,347044
15153,0.000302,172.31.36.0-255,66,31418,10,347044
15154,0.000636,172.217.194.0-255,1484,32902,10,347044
15155,0.000641,172.31.36.0-255,66,32968,10,347044
15156,0.000651,172.217.194.0-255,2902,35870,10,347044
15157,0.000653,172.31.36.0-255,66,35936,10,347044
15158,0.00066,172.217.194.0-255,5738,41674,10,347044
15159,0.000663,172.31.36.0-255,66,41740,10,347044
15160,0.000669,172.217.194.0-255,5738,47478,10,347044
15161,0.000672,172.31.36.0-255,66,47544,10,347044
15162,0.000724,172.31.36.0-255,66,47610,10,347044
15163,0.000729,172.217.194.0-255,4251,51861,10,347044
15164,0.000732,172.31.36.0-255,66,51927,10,347044
15165,0.000872,172.217.194.0-255,365,52292,10,347044
15166,0.000962,172.217.194.0-255,1484,53776,10,347044
15167,0.000968,172.31.36.0-255,66,53842,10,347044
15168,0.000973,172.217.194.0-255,1484,55326,10,347044
15169,0.000991,172.217.194.0-255,1484,56810,10,347044
15170,0.000994,172.31.36.0-255,66,56876,10,347044
15171,0.001,172.217.194.0-255,5738,62614,10,347044
15172,0.001003,172.31.36.0-255,66,62680,10,347044
15173,0.00102,172.217.194.0-255,2902,65582,10,347044
15174,0.001023,172.31.36.0-255,66,65648,10,347044
15175,0.001054,172.31.36.0-255,66,65714,10,347044
15176,0.001058,172.217.194.0-255,1484,67198,10,347044
15177,0.001086,172.31.36.0-255,66,67264,10,347044
15178,0.001609,172.217.194.0-255,1484,68748,10,347044
15179,0.001617,172.217.194.0-255,1484,70232,10,347044
15180,0.001621,172.31.36.0-255,66,70298,10,347044
15181,0.001642,172.217.194.0-255,1484,71782,10,347044
15182,0.001648,172.217.194.0-255,5738,77520,10,347044
15183,0.00165,172.31.36.0-255,66,77586,10,347044
15184,0.001671,172.217.194.0-255,2902,80488,10,347044
15185,0.001673,172.31.36.0-255,66,80554,10,347044
15186,0.001713,172.31.36.0-255,66,80620,10,347044
15187,0.001724,172.31.36.0-255,66,80686,10,347044
15188,0.001726,172.217.194.0-255,766,81452,10,347044
15189,0.001759,172.217.194.0-255,1484,82936,10,347044
15190,0.001763,172.31.36.0-255,66,83002,10,347044
15191,0.001766,172.217.194.0-255,1484,84486,10,347044
15192,0.001783,172.217.194.0-255,2902,87388,10,347044
15193,0.001785,172.31.36.0-255,66,87454,10,347044
15194,0.001792,172.217.194.0-255,7156,94610,10,347044
15195,0.001794,172.31.36.0-255,66,94676,10,347044
15196,0.001797,172.217.194.0-255,1484,96160,10,347044
15197,0.001826,172.217.194.0-255,7156,103316,10,347044
15198,0.001828,172.31.36.0-255,66,103382,10,347044
15199,0.001844,172.217.194.0-255,5738,109120,10,347044
15200,0.001846,172.31.36.0-255,66,109186,10,347044
15201,0.001869,172.217.194.0-255,6438,115624,10,347044
15202,0.001872,172.31.36.0-255,66,115690,10,347044
15203,0.002412,172.217.194.0-255,1484,117174,10,347044
15204,0.002442,172.217.194.0-255,2902,120076,10,347044
15205,0.002445,172.31.36.0-255,66,120142,10,347044
15206,0.002451,172.217.194.0-255,5738,125880,10,347044
15207,0.002453,172.31.36.0-255,66,125946,10,347044
15208,0.002458,172.217.194.0-255,2902,128848,10,347044
15209,0.002459,172.31.36.0-255,66,128914,10,347044
15210,0.002498,172.31.36.0-255,66,128980,10,347044
15211,0.002504,172.217.194.0-255,5738,134718,10,347044
15212,0.002506,172.31.36.0-255,66,134784,10,347044
15213,0.00492,172.217.194.0-255,5738,140522,10,347044
15214,0.004925,172.31.36.0-255,66,140588,10,347044
15215,0.007317,172.217.194.0-255,5738,146326,10,347044
15216,0.007323,172.31.36.0-255,66,146392,10,347044
15217,0.009748,172.217.194.0-255,5738,152130,10,347044
15218,0.009756,172.31.36.0-255,66,152196,10,347044
15219,0.012154,172.217.194.0-255,5738,157934,10,347044
15220,0.012162,172.31.36.0-255,66,158000,10,347044
15221,0.014556,172.217.194.0-255,5738,163738,10,347044
15222,0.014564,172.31.36.0-255,66,163804,10,347044
15223,0.017019,172.217.194.0-255,5738,169542,10,347044
15224,0.017026,172.31.36.0-255,66,169608,10,347044
15225,0.019439,172.217.194.0-255,5738,175346,10,347044
15226,0.019445,172.31.36.0-255,66,175412,10,347044
15227,0.021485,172.31.36.0-255,164,175576,10,347044
15228,0.021525,172.31.36.0-255,1120,176696,10,347044
15229,0.021591,172.31.36.0-255,1514,178210,10,347044
15230,0.021592,172.31.36.0-255,320,178530,10,347044
15231,0.021832,172.217.194.0-255,5738,184268,10,347044
15232,0.021839,172.31.36.0-255,66,184334,10,347044
15233,0.023078,104.244.42.0-255,66,184400,10,347044
15234,0.023104,104.244.42.0-255,66,184466,10,347044
15235,0.023172,104.244.42.0-255,66,184532,10,347044
15236,0.02429,172.217.194.0-255,5738,190270,10,347044
15237,0.024296,172.31.36.0-255,66,190336,10,347044
15238,0.026734,172.217.194.0-255,5738,196074,10,347044
15239,0.026741,172.31.36.0-255,66,196140,10,347044
15240,0.02917,172.217.194.0-255,5738,201878,10,347044
15241,0.029177,172.31.36.0-255,66,201944,10,347044
15242,0.0316,172.217.194.0-255,5738,207682,10,347044
15243,0.031606,172.31.36.0-255,66,207748,10,347044
15244,0.03406,172.217.194.0-255,5738,213486,10,347044
15245,0.034067,172.31.36.0-255,66,213552,10,347044
15246,0.036485,172.217.194.0-255,5738,219290,10,347044
15247,0.036491,172.31.36.0-255,66,219356,10,347044
15248,0.038894,172.217.194.0-255,5738,225094,10,347044
15249,0.038901,172.31.36.0-255,66,225160,10,347044
15250,0.041274,172.217.194.0-255,5738,230898,10,347044
15251,0.041283,172.31.36.0-255,66,230964,10,347044
15252,0.043686,172.217.194.0-255,5738,236702,10,347044
15253,0.043692,172.31.36.0-255,66,236768,10,347044
15254,0.046073,172.217.194.0-255,5738,242506,10,347044
15255,0.04608,172.31.36.0-255,66,242572,10,347044
15256,0.048547,172.217.194.0-255,5738,248310,10,347044
15257,0.048553,172.31.36.0-255,66,248376,10,347044
15258,0.050993,172.217.194.0-255,5738,254114,10,347044
15259,0.051,172.31.36.0-255,66,254180,10,347044
15260,0.053416,172.217.194.0-255,5738,259918,10,347044
15261,0.053423,172.31.36.0-255,66,259984,10,347044
15262,0.05586,172.217.194.0-255,5738,265722,10,347044
15263,0.055867,172.31.36.0-255,66,265788,10,347044
15264,0.058288,172.217.194.0-255,5738,271526,10,347044
15265,0.058294,172.31.36.0-255,66,271592,10,347044
15266,0.060678,172.217.194.0-255,5738,277330,10,347044
15267,0.060685,172.31.36.0-255,66,277396,10,347044
15268,0.063102,172.217.194.0-255,5738,283134,10,347044
15269,0.063109,172.31.36.0-255,66,283200,10,347044
15270,0.065545,172.217.194.0-255,5738,288938,10,347044
15271,0.065551,172.31.36.0-255,66,289004,10,347044
15272,0.067997,172.217.194.0-255,5738,294742,10,347044
15273,0.068004,172.31.36.0-255,66,294808,10,347044
15274,0.07042,172.217.194.0-255,5738,300546,10,347044
15275,0.070427,172.31.36.0-255,66,300612,10,347044
15276,0.072831,172.217.194.0-255,5738,306350,10,347044
15277,0.072841,172.31.36.0-255,66,306416,10,347044
15278,0.07528,172.217.194.0-255,5738,312154,10,347044
15279,0.075287,172.31.36.0-255,66,312220,10,347044
15280,0.077681,172.217.194.0-255,5738,317958,10,347044
15281,0.077688,172.31.36.0-255,66,318024,10,347044
15282,0.080121,172.217.194.0-255,5738,323762,10,347044
15283,0.080127,172.31.36.0-255,66,323828,10,347044
15284,0.082506,172.217.194.0-255,5738,329566,10,347044
15285,0.082514,172.31.36.0-255,66,329632,10,347044
15286,0.084977,172.217.194.0-255,5738,335370,10,347044
15287,0.084983,172.31.36.0-255,66,335436,10,347044
15288,0.087457,172.217.194.0-255,5738,341174,10,347044
15289,0.087464,172.31.36.0-255,66,341240,10,347044
15290,0.089908,172.217.194.0-255,5738,346978,10,347044
15291,0.089915,172.31.36.0-255,66,347044,10,347044
15292,0.0,74.125.68.0-255,153,153,10,373248
15293,3.2e-05,172.31.36.0-255,66,219,10,373248
15294,4e-05,74.125.68.0-255,1484,1703,10,373248
15295,4.5e-05,172.31.36.0-255,66,1769,10,373248
15296,5e-05,74.125.68.0-255,2902,4671,10,373248
15297,5.3e-05,172.31.36.0-255,66,4737,10,373248
15298,5.6e-05,74.125.68.0-255,1484,6221,10,373248
15299,5.9e-05,172.31.36.0-255,66,6287,10,373248
15300,8.7e-05,74.125.68.0-255,1484,7771,10,373248
15301,8.9e-05,172.31.36.0-255,66,7837,10,373248
15302,9.4e-05,74.125.68.0-255,4320,12157,10,373248
15303,9.7e-05,172.31.36.0-255,66,12223,10,373248
15304,0.000101,74.125.68.0-255,1966,14189,10,373248
15305,0.000103,172.31.36.0-255,66,14255,10,373248
15306,0.000264,74.125.68.0-255,1484,15739,10,373248
15307,0.000269,172.31.36.0-255,66,15805,10,373248
15308,0.000273,74.125.68.0-255,1484,17289,10,373248
15309,0.000275,172.31.36.0-255,66,17355,10,373248
15310,0.000289,74.125.68.0-255,1484,18839,10,373248
15311,0.000292,172.31.36.0-255,66,18905,10,373248
15312,0.000313,74.125.68.0-255,2902,21807,10,373248
15313,0.000316,172.31.36.0-255,66,21873,10,373248
15314,0.000329,74.125.68.0-255,2902,24775,10,373248
15315,0.000332,172.31.36.0-255,66,24841,10,373248
15316,0.000352,74.125.68.0-255,2902,27743,10,373248
15317,0.000355,172.31.36.0-255,66,27809,10,373248
15318,0.000378,74.125.68.0-255,3961,31770,10,373248
15319,0.000381,172.31.36.0-255,66,31836,10,373248
15320,0.000409,74.125.68.0-255,1484,33320,10,373248
15321,0.000414,172.31.36.0-255,66,33386,10,373248
15322,0.000433,74.125.68.0-255,2902,36288,10,373248
15323,0.000436,172.31.36.0-255,66,36354,10,373248
15324,0.000442,74.125.68.0-255,2902,39256,10,373248
15325,0.000444,172.31.36.0-255,66,39322,10,373248
15326,0.000469,74.125.68.0-255,2902,42224,10,373248
15327,0.000472,172.31.36.0-255,66,42290,10,373248
15328,0.000475,74.125.68.0-255,1484,43774,10,373248
15329,0.000481,74.125.68.0-255,2902,46676,10,373248
15330,0.000483,172.31.36.0-255,66,46742,10,373248
15331,0.000503,74.125.68.0-255,2543,49285,10,373248
15332,0.000506,172.31.36.0-255,66,49351,10,373248
15333,0.000578,74.125.68.0-255,1484,50835,10,373248
15334,0.000601,74.125.68.0-255,2902,53737,10,373248
15335,0.000606,172.31.36.0-255,66,53803,10,373248
15336,0.00061,74.125.68.0-255,1484,55287,10,373248
15337,0.000626,74.125.68.0-255,2902,58189,10,373248
15338,0.00063,172.31.36.0-255,66,58255,10,373248
15339,0.000644,74.125.68.0-255,1484,59739,10,373248
15340,0.000659,74.125.68.0-255,4320,64059,10,373248
15341,0.000663,172.31.36.0-255,66,64125,10,373248
15342,0.000666,74.125.68.0-255,1484,65609,10,373248
15343,0.000698,74.125.68.0-255,1125,66734,10,373248
15344,0.000707,172.31.36.0-255,66,66800,10,373248
15345,0.000839,74.125.68.0-255,1484,68284,10,373248
15346,0.000862,74.125.68.0-255,2902,71186,10,373248
15347,0.000865,172.31.36.0-255,66,71252,10,373248
15348,0.000889,74.125.68.0-255,5738,76990,10,373248
15349,0.000892,172.31.36.0-255,66,77056,10,373248
15350,0.000918,74.125.68.0-255,1484,78540,10,373248
15351,0.000941,74.125.68.0-255,5960,84500,10,373248
15352,0.000944,172.31.36.0-255,66,84566,10,373248
15353,0.00102,74.125.68.0-255,1484,86050,10,373248
15354,0.001046,74.125.68.0-255,2902,88952,10,373248
15355,0.001049,172.31.36.0-255,66,89018,10,373248
15356,0.001075,74.125.68.0-255,5738,94756,10,373248
15357,0.001079,172.31.36.0-255,66,94822,10,373248
15358,0.001084,74.125.68.0-255,2902,97724,10,373248
15359,0.001085,172.31.36.0-255,66,97790,10,373248
15360,0.001109,74.125.68.0-255,2902,100692,10,373248
15361,0.001113,172.31.36.0-255,66,100758,10,373248
15362,0.00113,74.125.68.0-255,1125,101883,10,373248
15363,0.001365,172.31.36.0-255,66,101949,10,373248
15364,0.001834,74.125.68.0-255,1484,103433,10,373248
15365,0.001844,74.125.68.0-255,2902,106335,10,373248
15366,0.001848,172.31.36.0-255,66,106401,10,373248
15367,0.001854,74.125.68.0-255,2902,109303,10,373248
15368,0.001856,172.31.36.0-255,66,109369,10,373248
15369,0.001871,74.125.68.0-255,2902,112271,10,373248
15370,0.001875,172.31.36.0-255,66,112337,10,373248
15371,0.001894,74.125.68.0-255,4320,116657,10,373248
15372,0.001896,172.31.36.0-255,66,116723,10,373248
15373,0.001922,74.125.68.0-255,4320,121043,10,373248
15374,0.001924,172.31.36.0-255,66,121109,10,373248
15375,0.001936,172.31.36.0-255,66,121175,10,373248
15376,0.001942,74.125.68.0-255,5020,126195,10,373248
15377,0.001944,172.31.36.0-255,66,126261,10,373248
15378,0.003988,74.125.68.0-255,5738,131999,10,373248
15379,0.003996,172.31.36.0-255,66,132065,10,373248
15380,0.006037,74.125.68.0-255,5738,137803,10,373248
15381,0.006043,172.31.36.0-255,66,137869,10,373248
15382,0.008085,74.125.68.0-255,5738,143607,10,373248
15383,0.008093,172.31.36.0-255,66,143673,10,373248
15384,0.010172,74.125.68.0-255,5738,149411,10,373248
15385,0.010191,172.31.36.0-255,66,149477,10,373248
15386,0.012261,74.125.68.0-255,5738,155215,10,373248
15387,0.012278,172.31.36.0-255,66,155281,10,373248
15388,0.014345,74.125.68.0-255,5738,161019,10,373248
15389,0.014357,172.31.36.0-255,66,161085,10,373248
15390,0.016399,74.125.68.0-255,5738,166823,10,373248
15391,0.016413,172.31.36.0-255,66,166889,10,373248
15392,0.018509,74.125.68.0-255,5738,172627,10,373248
15393,0.018523,172.31.36.0-255,66,172693,10,373248
15394,0.020592,74.125.68.0-255,5738,178431,10,373248
15395,0.020609,172.31.36.0-255,66,178497,10,373248
15396,0.022656,74.125.68.0-255,5738,184235,10,373248
15397,0.022669,172.31.36.0-255,66,184301,10,373248
15398,0.024718,74.125.68.0-255,5738,190039,10,373248
15399,0.024731,172.31.36.0-255,66,190105,10,373248
15400,0.026797,74.125.68.0-255,5738,195843,10,373248
15401,0.02681,172.31.36.0-255,66,195909,10,373248
15402,0.028859,74.125.68.0-255,5738,201647,10,373248
15403,0.028872,172.31.36.0-255,66,201713,10,373248
15404,0.030177,172.31.36.0-255,192,201905,10,373248
15405,0.030219,172.31.36.0-255,956,202861,10,373248
15406,0.030269,172.31.36.0-255,1514,204375,10,373248
15407,0.030272,172.31.36.0-255,1447,205822,10,373248
15408,0.030925,74.125.68.0-255,5738,211560,10,373248
15409,0.030935,172.31.36.0-255,66,211626,10,373248
15410,0.03171,104.244.42.0-255,66,211692,10,373248
15411,0.031724,104.244.42.0-255,66,211758,10,373248
15412,0.031813,104.244.42.0-255,66,211824,10,373248
15413,0.03297,74.125.68.0-255,5738,217562,10,373248
15414,0.032977,172.31.36.0-255,66,217628,10,373248
15415,0.035023,74.125.68.0-255,5738,223366,10,373248
15416,0.035033,172.31.36.0-255,66,223432,10,373248
15417,0.037069,74.125.68.0-255,4320,227752,10,373248
15418,0.037078,172.31.36.0-255,66,227818,10,373248
15419,0.037105,74.125.68.0-255,1484,229302,10,373248
15420,0.039113,74.125.68.0-255,4320,233622,10,373248
15421,0.039121,172.31.36.0-255,66,233688,10,373248
15422,0.041158,74.125.68.0-255,5738,239426,10,373248
15423,0.041167,172.31.36.0-255,66,239492,10,373248
15424,0.043243,74.125.68.0-255,5738,245230,10,373248
15425,0.043254,172.31.36.0-255,66,245296,10,373248
15426,0.045294,74.125.68.0-255,5738,251034,10,373248
15427,0.0453,172.31.36.0-255,66,251100,10,373248
15428,0.047338,74.125.68.0-255,5738,256838,10,373248
15429,0.047345,172.31.36.0-255,66,256904,10,373248
15430,0.049378,74.125.68.0-255,5738,262642,10,373248
15431,0.049384,172.31.36.0-255,66,262708,10,373248
15432,0.051433,74.125.68.0-255,5738,268446,10,373248
15433,0.051451,172.31.36.0-255,66,268512,10,373248
15434,0.053496,74.125.68.0-255,5738,274250,10,373248
15435,0.053507,172.31.36.0-255,66,274316,10,373248
15436,0.055543,74.125.68.0-255,5738,280054,10,373248
15437,0.055552,172.31.36.0-255,66,280120,10,373248
15438,0.057592,74.125.68.0-255,5738,285858,10,373248
15439,0.0576,172.31.36.0-255,66,285924,10,373248
15440,0.05964,74.125.68.0-255,5738,291662,10,373248
15441,0.059648,172.31.36.0-255,66,291728,10,373248
15442,0.061688,74.125.68.0-255,5738,297466,10,373248
15443,0.061696,172.31.36.0-255,66,297532,10,373248
15444,0.063731,74.125.68.0-255,2902,300434,10,373248
15445,0.063736,172.31.36.0-255,66,300500,10,373248
15446,0.063772,74.125.68.0-255,2902,303402,10,373248
15447,0.063776,172.31.36.0-255,66,303468,10,373248
15448,0.06578,74.125.68.0-255,2902,306370,10,373248
15449,0.065787,172.31.36.0-255,66,306436,10,373248
15450,0.065818,74.125.68.0-255,2902,309338,10,373248
15451,0.065821,172.31.36.0-255,66,309404,10,373248
15452,0.067838,74.125.68.0-255,5738,315142,10,373248
15453,0.067851,172.31.36.0-255,66,315208,10,373248
15454,0.069896,74.125.68.0-255,5738,320946,10,373248
15455,0.069911,172.31.36.0-255,66,321012,10,373248
15456,0.071957,74.125.68.0-255,5738,326750,10,373248
15457,0.071966,172.31.36.0-255,66,326816,10,373248
15458,0.074034,74.125.68.0-255,5738,332554,10,373248
15459,0.074039,172.31.36.0-255,66,332620,10,373248
15460,0.076082,74.125.68.0-255,5738,338358,10,373248
15461,0.076089,172.31.36.0-255,66,338424,10,373248
15462,0.078123,74.125.68.0-255,5738,344162,10,373248
15463,0.07813,172.31.36.0-255,66,344228,10,373248
15464,0.080178,74.125.68.0-255,5738,349966,10,373248
15465,0.080188,172.31.36.0-255,66,350032,10,373248
15466,0.082241,74.125.68.0-255,5738,355770,10,373248
15467,0.082255,172.31.36.0-255,66,355836,10,373248
15468,0.084349,74.125.68.0-255,5738,361574,10,373248
15469,0.084362,172.31.36.0-255,66,361640,10,373248
15470,0.086439,74.125.68.0-255,5738,367378,10,373248
15471,0.086456,172.31.36.0-255,66,367444,10,373248
15472,0.088499,74.125.68.0-255,5738,373182,10,373248
15473,0.088513,172.31.36.0-255,66,373248,10,373248
15474,0.0,74.125.200.0-255,153,153,10,351964
15475,2.6e-05,172.31.36.0-255,66,219,10,351964
15476,6.5e-05,74.125.200.0-255,1484,1703,10,351964
15477,7e-05,172.31.36.0-255,66,1769,10,351964
15478,7.4e-05,74.125.200.0-255,1484,3253,10,351964
15479,7.8e-05,172.31.36.0-255,66,3319,10,351964
15480,9.3e-05,74.125.200.0-255,2902,6221,10,351964
15481,9.7e-05,172.31.36.0-255,66,6287,10,351964
15482,0.000103,74.125.200.0-255,5738,12025,10,351964
15483,0.000106,172.31.36.0-255,66,12091,10,351964
15484,0.000124,74.125.200.0-255,1484,13575,10,351964
15485,0.000127,172.31.36.0-255,66,13641,10,351964
15486,0.000143,74.125.200.0-255,4936,18577,10,351964
15487,0.000146,172.31.36.0-255,66,18643,10,351964
15488,0.000152,74.125.200.0-255,5738,24381,10,351964
15489,0.000155,172.31.36.0-255,66,24447,10,351964
15490,0.00017,74.125.200.0-255,1484,25931,10,351964
15491,0.000173,172.31.36.0-255,66,25997,10,351964
15492,0.000177,74.125.200.0-255,1484,27481,10,351964
15493,0.000181,172.31.36.0-255,66,27547,10,351964
15494,0.000199,74.125.200.0-255,3961,31508,10,351964
15495,0.000202,172.31.36.0-255,66,31574,10,351964
15496,0.000294,74.125.200.0-255,1484,33058,10,351964
15497,0.000299,172.31.36.0-255,66,33124,10,351964
15498,0.00031,74.125.200.0-255,2902,36026,10,351964
15499,0.000313,172.31.36.0-255,66,36092,10,351964
15500,0.000316,74.125.200.0-255,1484,37576,10,351964
15501,0.00032,172.31.36.0-255,66,37642,10,351964
15502,0.000344,74.125.200.0-255,4320,41962,10,351964
15503,0.000348,172.31.36.0-255,66,42028,10,351964
15504,0.000352,74.125.200.0-255,2902,44930,10,351964
15505,0.000354,172.31.36.0-255,66,44996,10,351964
15506,0.000392,74.125.200.0-255,3961,48957,10,351964
15507,0.000396,172.31.36.0-255,66,49023,10,351964
15508,0.000619,74.125.200.0-255,1484,50507,10,351964
15509,0.000637,74.125.200.0-255,2902,53409,10,351964
15510,0.000642,172.31.36.0-255,66,53475,10,351964
15511,0.000648,74.125.200.0-255,4320,57795,10,351964
15512,0.00065,172.31.36.0-255,66,57861,10,351964
15513,0.000698,172.31.36.0-255,66,57927,10,351964
15514,0.000778,74.125.200.0-255,1484,59411,10,351964
15515,0.000783,74.125.200.0-255,2902,62313,10,351964
15516,0.000785,172.31.36.0-255,66,62379,10,351964
15517,0.000799,74.125.200.0-255,1484,63863,10,351964
15518,0.000803,74.125.200.0-255,2902,66765,10,351964
15519,0.000805,172.31.36.0-255,66,66831,10,351964
15520,0.000829,74.125.200.0-255,5738,72569,10,351964
15521,0.000832,172.31.36.0-255,66,72635,10,351964
15522,0.000849,74.125.200.0-255,3961,76596,10,351964
15523,0.000854,172.31.36.0-255,66,76662,10,351964
15524,0.000878,74.125.200.0-255,4320,80982,10,351964
15525,0.000881,172.31.36.0-255,66,81048,10,351964
15526,0.000893,172.31.36.0-255,66,81114,10,351964
15527,0.000895,74.125.200.0-255,1125,82239,10,351964
15528,0.001104,172.31.36.0-255,66,82305,10,351964
15529,0.001482,74.125.200.0-255,1484,83789,10,351964
15530,0.001493,74.125.200.0-255,2902,86691,10,351964
15531,0.001497,172.31.36.0-255,66,86757,10,351964
15532,0.001502,74.125.200.0-255,1484,88241,10,351964
15533,0.001505,74.125.200.0-255,1484,89725,10,351964
15534,0.001507,172.31.36.0-255,66,89791,10,351964
15535,0.001526,74.125.200.0-255,1484,91275,10,351964
15536,0.001547,74.125.200.0-255,5738,97013,10,351964
15537,0.00155,172.31.36.0-255,66,97079,10,351964
15538,0.001556,74.125.200.0-255,4320,101399,10,351964
15539,0.001559,172.31.36.0-255,66,101465,10,351964
15540,0.001561,74.125.200.0-255,1484,102949,10,351964
15541,0.001588,74.125.200.0-255,4320,107269,10,351964
15542,0.001591,172.31.36.0-255,66,107335,10,351964
15543,0.001635,74.125.200.0-255,2902,110237,10,351964
15544,0.001639,172.31.36.0-255,66,110303,10,351964
15545,0.001662,74.125.200.0-255,6438,116741,10,351964
15546,0.001665,172.31.36.0-255,66,116807,10,351964
15547,0.001892,74.125.200.0-255,1484,118291,10,351964
15548,0.001897,74.125.200.0-255,1484,119775,10,351964
15549,0.001901,172.31.36.0-255,66,119841,10,351964
15550,0.001918,74.125.200.0-255,1484,121325,10,351964
15551,0.001921,74.125.200.0-255,1484,122809,10,351964
15552,0.001923,172.31.36.0-255,66,122875,10,351964
15553,0.001927,74.125.200.0-255,2902,125777,10,351964
15554,0.001929,172.31.36.0-255,66,125843,10,351964
15555,0.001945,74.125.200.0-255,5738,131581,10,351964
15556,0.001947,172.31.36.0-255,66,131647,10,351964
15557,0.001969,74.125.200.0-255,5738,137385,10,351964
15558,0.001973,172.31.36.0-255,66,137451,10,351964
15559,0.001982,74.125.200.0-255,4320,141771,10,351964
15560,0.001984,172.31.36.0-255,66,141837,10,351964
15561,0.001997,74.125.200.0-255,1484,143321,10,351964
15562,0.002032,172.31.36.0-255,66,143387,10,351964
15563,0.002567,74.125.200.0-255,1484,144871,10,351964
15564,0.002595,74.125.200.0-255,1484,146355,10,351964
15565,0.0026,172.31.36.0-255,66,146421,10,351964
15566,0.002609,74.125.200.0-255,1484,147905,10,351964
15567,0.002623,74.125.200.0-255,2902,150807,10,351964
15568,0.002625,172.31.36.0-255,66,150873,10,351964
15569,0.002628,74.125.200.0-255,1484,152357,10,351964
15570,0.002644,74.125.200.0-255,4320,156677,10,351964
15571,0.002646,172.31.36.0-255,66,156743,10,351964
15572,0.005225,74.125.200.0-255,5738,162481,10,351964
15573,0.00523,172.31.36.0-255,66,162547,10,351964
15574,0.007849,74.125.200.0-255,1484,164031,10,351964
15575,0.007878,74.125.200.0-255,4320,168351,10,351964
15576,0.007883,172.31.36.0-255,66,168417,10,351964
15577,0.01047,74.125.200.0-255,5738,174155,10,351964
15578,0.01048,172.31.36.0-255,66,174221,10,351964
15579,0.013065,74.125.200.0-255,5738,179959,10,351964
15580,0.013074,172.31.36.0-255,66,180025,10,351964
15581,0.015659,74.125.200.0-255,5738,185763,10,351964
15582,0.015668,172.31.36.0-255,66,185829,10,351964
15583,0.018251,74.125.200.0-255,5738,191567,10,351964
15584,0.018258,172.31.36.0-255,66,191633,10,351964
15585,0.02083,74.125.200.0-255,5738,197371,10,351964
15586,0.020838,172.31.36.0-255,66,197437,10,351964
15587,0.020975,172.31.36.0-255,172,197609,10,351964
15588,0.021029,172.31.36.0-255,1112,198721,10,351964
15589,0.021273,172.31.36.0-255,1514,200235,10,351964
15590,0.021276,172.31.36.0-255,329,200564,10,351964
15591,0.022519,104.244.42.0-255,66,200630,10,351964
15592,0.02262,104.244.42.0-255,66,200696,10,351964
15593,0.022874,104.244.42.0-255,66,200762,10,351964
15594,0.023429,74.125.200.0-255,5738,206500,10,351964
15595,0.023435,172.31.36.0-255,66,206566,10,351964
15596,0.02601,74.125.200.0-255,5738,212304,10,351964
15597,0.026017,172.31.36.0-255,66,212370,10,351964
15598,0.028597,74.125.200.0-255,5738,218108,10,351964
15599,0.028602,172.31.36.0-255,66,218174,10,351964
15600,0.031189,74.125.200.0-255,5738,223912,10,351964
15601,0.031213,172.31.36.0-255,66,223978,10,351964
15602,0.033788,74.125.200.0-255,5738,229716,10,351964
15603,0.033793,172.31.36.0-255,66,229782,10,351964
15604,0.036363,74.125.200.0-255,5738,235520,10,351964
15605,0.036369,172.31.36.0-255,66,235586,10,351964
15606,0.038945,74.125.200.0-255,5738,241324,10,351964
15607,0.038951,172.31.36.0-255,66,241390,10,351964
15608,0.04152,74.125.200.0-255,4320,245710,10,351964
15609,0.041526,172.31.36.0-255,66,245776,10,351964
15610,0.041554,74.125.200.0-255,1484,247260,10,351964
15611,0.044087,74.125.200.0-255,4320,251580,10,351964
15612,0.044092,172.31.36.0-255,66,251646,10,351964
15613,0.046672,74.125.200.0-255,2902,254548,10,351964
15614,0.046677,172.31.36.0-255,66,254614,10,351964
15615,0.046706,74.125.200.0-255,2902,257516,10,351964
15616,0.046709,172.31.36.0-255,66,257582,10,351964
15617,0.049253,74.125.200.0-255,2902,260484,10,351964
15618,0.049259,172.31.36.0-255,66,260550,10,351964
15619,0.049293,74.125.200.0-255,2902,263452,10,351964
15620,0.049296,172.31.36.0-255,66,263518,10,351964
15621,0.05184,74.125.200.0-255,2902,266420,10,351964
15622,0.051847,172.31.36.0-255,66,266486,10,351964
15623,0.05186,74.125.200.0-255,1484,267970,10,351964
15624,0.051873,74.125.200.0-255,1484,269454,10,351964
15625,0.051876,172.31.36.0-255,66,269520,10,351964
15626,0.054421,74.125.200.0-255,2902,272422,10,351964
15627,0.054427,172.31.36.0-255,66,272488,10,351964
15628,0.054455,74.125.200.0-255,2902,275390,10,351964
15629,0.054458,172.31.36.0-255,66,275456,10,351964
15630,0.056994,74.125.200.0-255,2902,278358,10,351964
15631,0.057,172.31.36.0-255,66,278424,10,351964
15632,0.057033,74.125.200.0-255,2902,281326,10,351964
15633,0.057036,172.31.36.0-255,66,281392,10,351964
15634,0.059567,74.125.200.0-255,2902,284294,10,351964
15635,0.059574,172.31.36.0-255,66,284360,10,351964
15636,0.059602,74.125.200.0-255,1484,285844,10,351964
15637,0.05962,74.125.200.0-255,1484,287328,10,351964
15638,0.059623,172.31.36.0-255,66,287394,10,351964
15639,0.062167,74.125.200.0-255,1484,288878,10,351964
15640,0.062205,74.125.200.0-255,4320,293198,10,351964
15641,0.062209,172.31.36.0-255,66,293264,10,351964
15642,0.064781,74.125.200.0-255,2902,296166,10,351964
15643,0.064787,172.31.36.0-255,66,296232,10,351964
15644,0.064821,74.125.200.0-255,2902,299134,10,351964
15645,0.064824,172.31.36.0-255,66,299200,10,351964
15646,0.067364,74.125.200.0-255,2902,302102,10,351964
15647,0.067369,172.31.36.0-255,66,302168,10,351964
15648,0.067396,74.125.200.0-255,2902,305070,10,351964
15649,0.067399,172.31.36.0-255,66,305136,10,351964
15650,0.069934,74.125.200.0-255,2902,308038,10,351964
15651,0.06994,172.31.36.0-255,66,308104,10,351964
15652,0.069975,74.125.200.0-255,2902,311006,10,351964
15653,0.069977,172.31.36.0-255,66,311072,10,351964
15654,0.072503,74.125.200.0-255,2902,313974,10,351964
15655,0.072508,172.31.36.0-255,66,314040,10,351964
15656,0.072539,74.125.200.0-255,2902,316942,10,351964
15657,0.072542,172.31.36.0-255,66,317008,10,351964
15658,0.075085,74.125.200.0-255,2902,319910,10,351964
15659,0.075091,172.31.36.0-255,66,319976,10,351964
15660,0.075123,74.125.200.0-255,2902,322878,10,351964
15661,0.075126,172.31.36.0-255,66,322944,10,351964
15662,0.077694,74.125.200.0-255,5738,328682,10,351964
15663,0.077712,172.31.36.0-255,66,328748,10,351964
15664,0.080313,74.125.200.0-255,5738,334486,10,351964
15665,0.08033,172.31.36.0-255,66,334552,10,351964
15666,0.082934,74.125.200.0-255,5738,340290,10,351964
15667,0.082949,172.31.36.0-255,66,340356,10,351964
15668,0.085535,74.125.200.0-255,5738,346094,10,351964
15669,0.085541,172.31.36.0-255,66,346160,10,351964
15670,0.088118,74.125.200.0-255,5738,351898,10,351964
15671,0.088124,172.31.36.0-255,66,351964,10,351964
15672,0.0,74.125.68.0-255,153,153,10,325346
15673,1.6e-05,172.31.36.0-255,66,219,10,325346
15674,2.3e-05,74.125.68.0-255,1484,1703,10,325346
15675,2.7e-05,172.31.36.0-255,66,1769,10,325346
15676,5.5e-05,74.125.68.0-255,1484,3253,10,325346
15677,5.8e-05,172.31.36.0-255,66,3319,10,325346
15678,6.4e-05,74.125.68.0-255,2902,6221,10,325346
15679,6.8e-05,172.31.36.0-255,66,6287,10,325346
15680,7.5e-05,74.125.68.0-255,5738,12025,10,325346
15681,7.8e-05,172.31.36.0-255,66,12091,10,325346
15682,8.2e-05,74.125.68.0-255,2029,14120,10,325346
15683,8.5e-05,172.31.36.0-255,66,14186,10,325346
15684,8.8e-05,74.125.68.0-255,1484,15670,10,325346
15685,9.1e-05,172.31.36.0-255,66,15736,10,325346
15686,0.000132,74.125.68.0-255,1484,17220,10,325346
15687,0.000135,172.31.36.0-255,66,17286,10,325346
15688,0.000143,74.125.68.0-255,7156,24442,10,325346
15689,0.000145,172.31.36.0-255,66,24508,10,325346
15690,0.000148,74.125.68.0-255,1484,25992,10,325346
15691,0.00015,172.31.36.0-255,66,26058,10,325346
15692,0.000173,74.125.68.0-255,2902,28960,10,325346
15693,0.000176,172.31.36.0-255,66,29026,10,325346
15694,0.000204,74.125.68.0-255,2543,31569,10,325346
15695,0.000207,172.31.36.0-255,66,31635,10,325346
15696,0.00038,74.125.68.0-255,1484,33119,10,325346
15697,0.000385,172.31.36.0-255,66,33185,10,325346
15698,0.000391,74.125.68.0-255,2902,36087,10,325346
15699,0.000394,172.31.36.0-255,66,36153,10,325346
15700,0.000422,74.125.68.0-255,5738,41891,10,325346
15701,0.000425,172.31.36.0-255,66,41957,10,325346
15702,0.000472,74.125.68.0-255,5738,47695,10,325346
15703,0.000476,172.31.36.0-255,66,47761,10,325346
15704,0.000499,74.125.68.0-255,1125,48886,10,325346
15705,0.000664,74.125.68.0-255,1484,50370,10,325346
15706,0.000679,172.31.36.0-255,66,50436,10,325346
15707,0.000717,74.125.68.0-255,1484,51920,10,325346
15708,0.000732,74.125.68.0-255,2902,54822,10,325346
15709,0.000735,172.31.36.0-255,66,54888,10,325346
15710,0.000744,74.125.68.0-255,5738,60626,10,325346
15711,0.000747,74.125.68.0-255,1484,62110,10,325346
15712,0.000765,172.31.36.0-255,66,62176,10,325346
15713,0.000772,74.125.68.0-255,3961,66137,10,325346
15714,0.000782,172.31.36.0-255,66,66203,10,325346
15715,0.000935,74.125.68.0-255,1484,67687,10,325346
15716,0.000962,74.125.68.0-255,2902,70589,10,325346
15717,0.000965,74.125.68.0-255,1484,72073,10,325346
15718,0.000983,172.31.36.0-255,66,72139,10,325346
15719,0.00099,74.125.68.0-255,4320,76459,10,325346
15720,0.000996,74.125.68.0-255,5738,82197,10,325346
15721,0.001014,172.31.36.0-255,66,82263,10,325346
15722,0.001025,74.125.68.0-255,2902,85165,10,325346
15723,0.001045,74.125.68.0-255,3961,89126,10,325346
15724,0.001049,74.125.68.0-255,2902,92028,10,325346
15725,0.001067,74.125.68.0-255,7156,99184,10,325346
15726,0.001078,172.31.36.0-255,66,99250,10,325346
15727,0.001107,74.125.68.0-255,1125,100375,10,325346
15728,0.001515,172.31.36.0-255,66,100441,10,325346
15729,0.003286,74.125.68.0-255,4320,104761,10,325346
15730,0.003724,74.125.68.0-255,1484,106245,10,325346
15731,0.005738,172.31.36.0-255,66,106311,10,325346
15732,0.007969,74.125.68.0-255,5738,112049,10,325346
15733,0.008014,172.31.36.0-255,66,112115,10,325346
15734,0.010238,74.125.68.0-255,5738,117853,10,325346
15735,0.010248,172.31.36.0-255,66,117919,10,325346
15736,0.012471,74.125.68.0-255,5738,123657,10,325346
15737,0.012481,172.31.36.0-255,66,123723,10,325346
15738,0.014713,74.125.68.0-255,5738,129461,10,325346
15739,0.014722,172.31.36.0-255,66,129527,10,325346
15740,0.016948,74.125.68.0-255,5738,135265,10,325346
15741,0.016957,172.31.36.0-255,66,135331,10,325346
15742,0.019172,74.125.68.0-255,5738,141069,10,325346
15743,0.019179,172.31.36.0-255,66,141135,10,325346
15744,0.021397,74.125.68.0-255,5738,146873,10,325346
15745,0.021406,172.31.36.0-255,66,146939,10,325346
15746,0.023623,74.125.68.0-255,5738,152677,10,325346
15747,0.023629,172.31.36.0-255,66,152743,10,325346
15748,0.024337,172.31.36.0-255,172,152915,10,325346
15749,0.024367,172.31.36.0-255,1111,154026,10,325346
15750,0.024424,172.31.36.0-255,1514,155540,10,325346
15751,0.024426,172.31.36.0-255,1292,156832,10,325346
15752,0.025851,74.125.68.0-255,5738,162570,10,325346
15753,0.025859,172.31.36.0-255,66,162636,10,325346
15754,0.0259,104.244.42.0-255,66,162702,10,325346
15755,0.025907,104.244.42.0-255,66,162768,10,325346
15756,0.02601,104.244.42.0-255,66,162834,10,325346
15757,0.028082,74.125.68.0-255,5738,168572,10,325346
15758,0.02809,172.31.36.0-255,66,168638,10,325346
15759,0.030303,74.125.68.0-255,5738,174376,10,325346
15760,0.030309,172.31.36.0-255,66,174442,10,325346
15761,0.032538,74.125.68.0-255,5738,180180,10,325346
15762,0.032544,172.31.36.0-255,66,180246,10,325346
15763,0.034774,74.125.68.0-255,5738,185984,10,325346
15764,0.034781,172.31.36.0-255,66,186050,10,325346
15765,0.037006,74.125.68.0-255,5738,191788,10,325346
15766,0.037012,172.31.36.0-255,66,191854,10,325346
15767,0.039242,74.125.68.0-255,5738,197592,10,325346
15768,0.039248,172.31.36.0-255,66,197658,10,325346
15769,0.041479,74.125.68.0-255,5738,203396,10,325346
15770,0.041485,172.31.36.0-255,66,203462,10,325346
15771,0.043707,74.125.68.0-255,5738,209200,10,325346
15772,0.043714,172.31.36.0-255,66,209266,10,325346
15773,0.04594,74.125.68.0-255,5738,215004,10,325346
15774,0.04595,172.31.36.0-255,66,215070,10,325346
15775,0.048174,74.125.68.0-255,5738,220808,10,325346
15776,0.04818,172.31.36.0-255,66,220874,10,325346
15777,0.050407,74.125.68.0-255,5738,226612,10,325346
15778,0.050414,172.31.36.0-255,66,226678,10,325346
15779,0.052667,74.125.68.0-255,5738,232416,10,325346
15780,0.052673,172.31.36.0-255,66,232482,10,325346
15781,0.054902,74.125.68.0-255,5738,238220,10,325346
15782,0.054909,172.31.36.0-255,66,238286,10,325346
15783,0.057126,74.125.68.0-255,5738,244024,10,325346
15784,0.057131,172.31.36.0-255,66,244090,10,325346
15785,0.059339,74.125.68.0-255,5738,249828,10,325346
15786,0.059346,172.31.36.0-255,66,249894,10,325346
15787,0.061572,74.125.68.0-255,5738,255632,10,325346
15788,0.061579,172.31.36.0-255,66,255698,10,325346
15789,0.063805,74.125.68.0-255,5738,261436,10,325346
15790,0.063811,172.31.36.0-255,66,261502,10,325346
15791,0.066026,74.125.68.0-255,5738,267240,10,325346
15792,0.066033,172.31.36.0-255,66,267306,10,325346
15793,0.068258,74.125.68.0-255,5738,273044,10,325346
15794,0.068264,172.31.36.0-255,66,273110,10,325346
15795,0.070481,74.125.68.0-255,5738,278848,10,325346
15796,0.070487,172.31.36.0-255,66,278914,10,325346
15797,0.072743,74.125.68.0-255,5738,284652,10,325346
15798,0.07275,172.31.36.0-255,66,284718,10,325346
15799,0.074991,74.125.68.0-255,5738,290456,10,325346
15800,0.074997,172.31.36.0-255,66,290522,10,325346
15801,0.077261,74.125.68.0-255,5738,296260,10,325346
15802,0.077268,172.31.36.0-255,66,296326,10,325346
15803,0.079492,74.125.68.0-255,5738,302064,10,325346
15804,0.0795,172.31.36.0-255,66,302130,10,325346
15805,0.081733,74.125.68.0-255,5738,307868,10,325346
15806,0.081739,172.31.36.0-255,66,307934,10,325346
15807,0.083959,74.125.68.0-255,5738,313672,10,325346
15808,0.083965,172.31.36.0-255,66,313738,10,325346
15809,0.086188,74.125.68.0-255,5738,319476,10,325346
15810,0.086197,172.31.36.0-255,66,319542,10,325346
15811,0.088434,74.125.68.0-255,5738,325280,10,325346
15812,0.08844,172.31.36.0-255,66,325346,10,325346
15813,0.0,74.125.68.0-255,296,296,10,309623
15814,1.6e-05,172.31.36.0-255,66,362,10,309623
15815,2.1e-05,74.125.68.0-255,1484,1846,10,309623
15816,2.5e-05,172.31.36.0-255,66,1912,10,309623
15817,4.3e-05,74.125.68.0-255,1484,3396,10,309623
15818,4.6e-05,172.31.36.0-255,66,3462,10,309623
15819,6.6e-05,74.125.68.0-255,2902,6364,10,309623
15820,6.9e-05,172.31.36.0-255,66,6430,10,309623
15821,7.7e-05,74.125.68.0-255,5738,12168,10,309623
15822,7.9e-05,172.31.36.0-255,66,12234,10,309623
15823,0.000105,74.125.68.0-255,4320,16554,10,309623
15824,0.000108,172.31.36.0-255,66,16620,10,309623
15825,0.000136,74.125.68.0-255,4686,21306,10,309623
15826,0.000138,172.31.36.0-255,66,21372,10,309623
15827,0.000151,172.31.36.0-255,66,21438,10,309623
15828,0.00023,74.125.68.0-255,1484,22922,10,309623
15829,0.000234,172.31.36.0-255,66,22988,10,309623
15830,0.000242,74.125.68.0-255,2902,25890,10,309623
15831,0.000244,172.31.36.0-255,66,25956,10,309623
15832,0.000264,74.125.68.0-255,1484,27440,10,309623
15833,0.000266,172.31.36.0-255,66,27506,10,309623
15834,0.000271,74.125.68.0-255,2902,30408,10,309623
15835,0.000274,172.31.36.0-255,66,30474,10,309623
15836,0.000281,74.125.68.0-255,5738,36212,10,309623
15837,0.000283,172.31.36.0-255,66,36278,10,309623
15838,0.000309,74.125.68.0-255,3961,40239,10,309623
15839,0.000312,172.31.36.0-255,66,40305,10,309623
15840,0.000318,74.125.68.0-255,4320,44625,10,309623
15841,0.00032,172.31.36.0-255,66,44691,10,309623
15842,0.000359,172.31.36.0-255,66,44757,10,309623
15843,0.000362,74.125.68.0-255,1434,46191,10,309623
15844,0.000398,74.125.68.0-255,111,46302,10,309623
15845,0.000482,74.125.68.0-255,1484,47786,10,309623
15846,0.000486,172.31.36.0-255,66,47852,10,309623
15847,0.000507,74.125.68.0-255,2902,50754,10,309623
15848,0.00051,172.31.36.0-255,66,50820,10,309623
15849,0.000516,74.125.68.0-255,4320,55140,10,309623
15850,0.000519,172.31.36.0-255,66,55206,10,309623
15851,0.000534,74.125.68.0-255,1484,56690,10,309623
15852,0.000559,74.125.68.0-255,7156,63846,10,309623
15853,0.000562,172.31.36.0-255,66,63912,10,309623
15854,0.000569,74.125.68.0-255,7156,71068,10,309623
15855,0.000572,172.31.36.0-255,66,71134,10,309623
15856,0.000576,74.125.68.0-255,1484,72618,10,309623
15857,0.000608,74.125.68.0-255,7156,79774,10,309623
15858,0.000612,172.31.36.0-255,66,79840,10,309623
15859,0.000615,74.125.68.0-255,766,80606,10,309623
15860,0.000669,74.125.68.0-255,1484,82090,10,309623
15861,0.000673,172.31.36.0-255,66,82156,10,309623
15862,0.000696,74.125.68.0-255,2902,85058,10,309623
15863,0.000699,172.31.36.0-255,66,85124,10,309623
15864,0.000706,74.125.68.0-255,4320,89444,10,309623
15865,0.000708,172.31.36.0-255,66,89510,10,309623
15866,0.000725,74.125.68.0-255,1484,90994,10,309623
15867,0.000733,74.125.68.0-255,7156,98150,10,309623
15868,0.000736,172.31.36.0-255,66,98216,10,309623
15869,0.000758,74.125.68.0-255,2902,101118,10,309623
15870,0.000761,172.31.36.0-255,66,101184,10,309623
15871,0.000785,172.31.36.0-255,66,101250,10,309623
15872,0.000814,74.125.68.0-255,3288,104538,10,309623
15873,0.000817,172.31.36.0-255,66,104604,10,309623
15874,0.000884,74.125.68.0-255,1484,106088,10,309623
15875,0.000899,74.125.68.0-255,2902,108990,10,309623
15876,0.000903,172.31.36.0-255,66,109056,10,309623
15877,0.000906,74.125.68.0-255,1484,110540,10,309623
15878,0.000923,74.125.68.0-255,2902,113442,10,309623
15879,0.000926,172.31.36.0-255,66,113508,10,309623
15880,0.00093,74.125.68.0-255,2902,116410,10,309623
15881,0.000932,172.31.36.0-255,66,116476,10,309623
15882,0.000947,74.125.68.0-255,2902,119378,10,309623
15883,0.000949,172.31.36.0-255,66,119444,10,309623
15884,0.000967,74.125.68.0-255,4320,123764,10,309623
15885,0.000969,172.31.36.0-255,66,123830,10,309623
15886,0.000988,74.125.68.0-255,5738,129568,10,309623
15887,0.000992,172.31.36.0-255,66,129634,10,309623
15888,0.001017,74.125.68.0-255,2902,132536,10,309623
15889,0.00102,172.31.36.0-255,66,132602,10,309623
15890,0.001044,74.125.68.0-255,6438,139040,10,309623
15891,0.001047,172.31.36.0-255,66,139106,10,309623
15892,0.001077,74.125.68.0-255,1484,140590,10,309623
15893,0.001081,74.125.68.0-255,1484,142074,10,309623
15894,0.001084,172.31.36.0-255,66,142140,10,309623
15895,0.001102,74.125.68.0-255,1484,143624,10,309623
15896,0.001109,74.125.68.0-255,5738,149362,10,309623
15897,0.001112,172.31.36.0-255,66,149428,10,309623
15898,0.001116,74.125.68.0-255,2902,152330,10,309623
15899,0.001118,172.31.36.0-255,66,152396,10,309623
15900,0.001148,74.125.68.0-255,4320,156716,10,309623
15901,0.001152,172.31.36.0-255,66,156782,10,309623
15902,0.001163,172.31.36.0-255,66,156848,10,309623
15903,0.00117,74.125.68.0-255,5738,162586,10,309623
15904,0.001172,172.31.36.0-255,66,162652,10,309623
15905,0.001205,74.125.68.0-255,4320,166972,10,309623
15906,0.001209,172.31.36.0-255,66,167038,10,309623
15907,0.001229,74.125.68.0-255,2184,169222,10,309623
15908,0.001232,172.31.36.0-255,66,169288,10,309623
15909,0.00124,74.125.68.0-255,5738,175026,10,309623
15910,0.001242,172.31.36.0-255,66,175092,10,309623
15911,0.001249,74.125.68.0-255,7156,182248,10,309623
15912,0.001251,172.31.36.0-255,66,182314,10,309623
15913,0.001275,74.125.68.0-255,2902,185216,10,309623
15914,0.001278,172.31.36.0-255,66,185282,10,309623
15915,0.00131,172.31.36.0-255,66,185348,10,309623
15916,0.001327,74.125.68.0-255,1484,186832,10,309623
15917,0.00134,74.125.68.0-255,766,187598,10,309623
15918,0.001343,172.31.36.0-255,66,187664,10,309623
15919,0.001423,74.125.68.0-255,1484,189148,10,309623
15920,0.001436,74.125.68.0-255,2902,192050,10,309623
15921,0.00144,172.31.36.0-255,66,192116,10,309623
15922,0.001444,74.125.68.0-255,1484,193600,10,309623
15923,0.001465,74.125.68.0-255,4320,197920,10,309623
15924,0.001505,74.125.68.0-255,2902,200822,10,309623
15925,0.001509,172.31.36.0-255,66,200888,10,309623
15926,0.001512,172.31.36.0-255,66,200954,10,309623
15927,0.001537,74.125.68.0-255,2902,203856,10,309623
15928,0.001539,172.31.36.0-255,66,203922,10,309623
15929,0.001547,74.125.68.0-255,7156,211078,10,309623
15930,0.00155,172.31.36.0-255,66,211144,10,309623
15931,0.001562,172.31.36.0-255,66,211210,10,309623
15932,0.001678,74.125.68.0-255,1484,212694,10,309623
15933,0.001682,74.125.68.0-255,1484,214178,10,309623
15934,0.001687,172.31.36.0-255,66,214244,10,309623
15935,0.001696,74.125.68.0-255,1484,215728,10,309623
15936,0.001699,74.125.68.0-255,1484,217212,10,309623
15937,0.001701,172.31.36.0-255,66,217278,10,309623
15938,0.001717,74.125.68.0-255,4320,221598,10,309623
15939,0.001719,172.31.36.0-255,66,221664,10,309623
15940,0.001723,74.125.68.0-255,1484,223148,10,309623
15941,0.001752,74.125.68.0-255,4320,227468,10,309623
15942,0.001755,172.31.36.0-255,66,227534,10,309623
15943,0.001763,74.125.68.0-255,7156,234690,10,309623
15944,0.001765,172.31.36.0-255,66,234756,10,309623
15945,0.001798,172.31.36.0-255,66,234822,10,309623
15946,0.001817,74.125.68.0-255,766,235588,10,309623
15947,0.001847,74.125.68.0-255,1484,237072,10,309623
15948,0.00185,172.31.36.0-255,66,237138,10,309623
15949,0.001853,74.125.68.0-255,1484,238622,10,309623
15950,0.001875,74.125.68.0-255,2902,241524,10,309623
15951,0.001879,172.31.36.0-255,66,241590,10,309623
15952,0.001882,74.125.68.0-255,1484,243074,10,309623
15953,0.001886,74.125.68.0-255,2902,245976,10,309623
15954,0.001889,172.31.36.0-255,66,246042,10,309623
15955,0.001902,74.125.68.0-255,4320,250362,10,309623
15956,0.001905,172.31.36.0-255,66,250428,10,309623
15957,0.001926,74.125.68.0-255,1484,251912,10,309623
15958,0.001939,74.125.68.0-255,2902,254814,10,309623
15959,0.001943,172.31.36.0-255,66,254880,10,309623
15960,0.001972,172.31.36.0-255,66,254946,10,309623
15961,0.001976,74.125.68.0-255,2902,257848,10,309623
15962,0.001979,172.31.36.0-255,66,257914,10,309623
15963,0.002001,172.31.36.0-255,66,257980,10,309623
15964,0.002021,74.125.68.0-255,2184,260164,10,309623
15965,0.002023,172.31.36.0-255,66,260230,10,309623
15966,0.002034,172.31.36.0-255,66,260296,10,309623
15967,0.002069,74.125.68.0-255,7156,267452,10,309623
15968,0.002072,172.31.36.0-255,66,267518,10,309623
15969,0.002078,74.125.68.0-255,5738,273256,10,309623
15970,0.002081,172.31.36.0-255,66,273322,10,309623
15971,0.002085,74.125.68.0-255,2184,275506,10,309623
15972,0.002087,172.31.36.0-255,66,275572,10,309623
15973,0.002113,74.125.68.0-255,2902,278474,10,309623
15974,0.002117,172.31.36.0-255,66,278540,10,309623
15975,0.00212,74.125.68.0-255,1484,280024,10,309623
15976,0.002135,74.125.68.0-255,2902,282926,10,309623
15977,0.002138,172.31.36.0-255,66,282992,10,309623
15978,0.002171,74.125.68.0-255,5738,288730,10,309623
15979,0.002174,172.31.36.0-255,66,288796,10,309623
15980,0.002178,74.125.68.0-255,1484,290280,10,309623
15981,0.002204,172.31.36.0-255,66,290346,10,309623
15982,0.002232,74.125.68.0-255,1484,291830,10,309623
15983,0.002264,172.31.36.0-255,66,291896,10,309623
15984,0.004525,74.125.68.0-255,5738,297634,10,309623
15985,0.004533,172.31.36.0-255,66,297700,10,309623
15986,0.006789,74.125.68.0-255,5738,303438,10,309623
15987,0.006797,172.31.36.0-255,66,303504,10,309623
15988,0.009035,74.125.68.0-255,1429,304933,10,309623
15989,0.011,172.31.36.0-255,66,304999,10,309623
15990,0.011042,172.31.36.0-255,105,305104,10,309623
15991,0.013262,74.125.68.0-255,66,305170,10,309623
15992,0.033402,172.31.36.0-255,164,305334,10,309623
15993,0.033437,172.31.36.0-255,1119,306453,10,309623
15994,0.033491,172.31.36.0-255,1514,307967,10,309623
15995,0.033492,172.31.36.0-255,1284,309251,10,309623
15996,0.034974,104.244.42.0-255,66,309317,10,309623
15997,0.035006,104.244.42.0-255,66,309383,10,309623
15998,0.035112,104.244.42.0-255,66,309449,10,309623
15999,0.035944,104.244.42.0-255,108,309557,10,309623
16000,0.035949,172.31.36.0-255,66,309623,10,309623
16001,0.0,172.217.194.0-255,152,152,10,159315
16002,3.1e-05,172.31.36.0-255,66,218,10,159315
16003,3.8e-05,172.217.194.0-255,1484,1702,10,159315
16004,4.3e-05,172.31.36.0-255,66,1768,10,159315
16005,4.6e-05,172.217.194.0-255,1484,3252,10,159315
16006,4.9e-05,172.31.36.0-255,66,3318,10,159315
16007,5.5e-05,172.217.194.0-255,2902,6220,10,159315
16008,5.8e-05,172.31.36.0-255,66,6286,10,159315
16009,6.4e-05,172.217.194.0-255,5738,12024,10,159315
16010,6.7e-05,172.31.36.0-255,66,12090,10,159315
16011,0.000116,172.31.36.0-255,66,12156,10,159315
16012,0.000122,172.217.194.0-255,5379,17535,10,159315
16013,0.000125,172.31.36.0-255,66,17601,10,159315
16014,0.00017,172.217.194.0-255,1484,19085,10,159315
16015,0.000173,172.31.36.0-255,66,19151,10,159315
16016,0.00018,172.217.194.0-255,2902,22053,10,159315
16017,0.000184,172.31.36.0-255,66,22119,10,159315
16018,0.00019,172.217.194.0-255,5738,27857,10,159315
16019,0.000192,172.31.36.0-255,66,27923,10,159315
16020,0.000195,172.217.194.0-255,1484,29407,10,159315
16021,0.000197,172.31.36.0-255,66,29473,10,159315
16022,0.000226,172.217.194.0-255,7156,36629,10,159315
16023,0.000229,172.31.36.0-255,66,36695,10,159315
16024,0.000259,172.217.194.0-255,5738,42433,10,159315
16025,0.000262,172.31.36.0-255,66,42499,10,159315
16026,0.000291,172.31.36.0-255,66,42565,10,159315
16027,0.000293,172.217.194.0-255,362,42927,10,159315
16028,0.000295,172.31.36.0-255,66,42993,10,159315
16029,0.000335,172.217.194.0-255,1484,44477,10,159315
16030,0.000339,172.31.36.0-255,66,44543,10,159315
16031,0.000345,172.217.194.0-255,4320,48863,10,159315
16032,0.000348,172.31.36.0-255,66,48929,10,159315
16033,0.000351,172.217.194.0-255,1484,50413,10,159315
16034,0.000382,172.217.194.0-255,5738,56151,10,159315
16035,0.000387,172.31.36.0-255,66,56217,10,159315
16036,0.000393,172.31.36.0-255,66,56283,10,159315
16037,0.000403,172.217.194.0-255,1484,57767,10,159315
16038,0.00044,172.31.36.0-255,66,57833,10,159315
16039,0.000707,172.217.194.0-255,1484,59317,10,159315
16040,0.000713,172.217.194.0-255,2902,62219,10,159315
16041,0.000718,172.31.36.0-255,66,62285,10,159315
16042,0.000738,172.217.194.0-255,5738,68023,10,159315
16043,0.000741,172.31.36.0-255,66,68089,10,159315
16044,0.000746,172.217.194.0-255,2902,70991,10,159315
16045,0.000749,172.31.36.0-255,66,71057,10,159315
16046,0.000792,172.31.36.0-255,66,71123,10,159315
16047,0.000803,172.31.36.0-255,66,71189,10,159315
16048,0.000807,172.217.194.0-255,2184,73373,10,159315
16049,0.00081,172.31.36.0-255,66,73439,10,159315
16050,0.00086,172.217.194.0-255,1484,74923,10,159315
16051,0.000877,172.217.194.0-255,2902,77825,10,159315
16052,0.000881,172.31.36.0-255,66,77891,10,159315
16053,0.000888,172.217.194.0-255,5738,83629,10,159315
16054,0.000902,172.31.36.0-255,66,83695,10,159315
16055,0.000917,172.31.36.0-255,66,83761,10,159315
16056,0.000924,172.217.194.0-255,4320,88081,10,159315
16057,0.000934,172.31.36.0-255,66,88147,10,159315
16058,0.000938,172.31.36.0-255,66,88213,10,159315
16059,0.000966,172.217.194.0-255,2184,90397,10,159315
16060,0.000972,172.31.36.0-255,66,90463,10,159315
16061,0.00122,172.217.194.0-255,1484,91947,10,159315
16062,0.001226,172.217.194.0-255,2902,94849,10,159315
16063,0.001229,172.31.36.0-255,66,94915,10,159315
16064,0.001236,172.217.194.0-255,5738,100653,10,159315
16065,0.001238,172.31.36.0-255,66,100719,10,159315
16066,0.001281,172.217.194.0-255,5738,106457,10,159315
16067,0.001285,172.31.36.0-255,66,106523,10,159315
16068,0.001297,172.217.194.0-255,2902,109425,10,159315
16069,0.001302,172.31.36.0-255,66,109491,10,159315
16070,0.00131,172.217.194.0-255,2184,111675,10,159315
16071,0.001312,172.31.36.0-255,66,111741,10,159315
16072,0.001447,172.217.194.0-255,1484,113225,10,159315
16073,0.001451,172.217.194.0-255,1484,114709,10,159315
16074,0.001454,172.31.36.0-255,66,114775,10,159315
16075,0.001474,172.217.194.0-255,1484,116259,10,159315
16076,0.001481,172.217.194.0-255,5738,121997,10,159315
16077,0.001483,172.31.36.0-255,66,122063,10,159315
16078,0.00149,172.217.194.0-255,5738,127801,10,159315
16079,0.001492,172.31.36.0-255,66,127867,10,159315
16080,0.00151,172.217.194.0-255,7156,135023,10,159315
16081,0.001513,172.31.36.0-255,66,135089,10,159315
16082,0.001537,172.217.194.0-255,5738,140827,10,159315
16083,0.001542,172.31.36.0-255,66,140893,10,159315
16084,0.001559,172.217.194.0-255,4320,145213,10,159315
16085,0.00156,172.31.36.0-255,66,145279,10,159315
16086,0.001565,172.31.36.0-255,66,145345,10,159315
16087,0.00161,172.31.36.0-255,66,145411,10,159315
16088,0.001623,172.31.36.0-255,66,145477,10,159315
16089,0.001695,172.31.36.0-255,66,145543,10,159315
16090,0.001713,172.31.36.0-255,66,145609,10,159315
16091,0.001727,172.31.36.0-255,66,145675,10,159315
16092,0.001737,172.217.194.0-255,1484,147159,10,159315
16093,0.001766,172.31.36.0-255,66,147225,10,159315
16094,0.001807,172.31.36.0-255,66,147291,10,159315
16095,0.001828,172.31.36.0-255,66,147357,10,159315
16096,0.001845,172.31.36.0-255,66,147423,10,159315
16097,0.001876,172.217.194.0-255,3602,151025,10,159315
16098,0.001881,172.31.36.0-255,66,151091,10,159315
16099,0.001896,172.217.194.0-255,3511,154602,10,159315
16100,0.001897,172.31.36.0-255,66,154668,10,159315
16101,0.001899,172.217.194.0-255,105,154773,10,159315
16102,0.001909,172.31.36.0-255,66,154839,10,159315
16103,0.003662,172.31.36.0-255,105,154944,10,159315
16104,0.005918,172.217.194.0-255,66,155010,10,159315
16105,0.036546,172.31.36.0-255,188,155198,10,159315
16106,0.036577,172.31.36.0-255,956,156154,10,159315
16107,0.036622,172.31.36.0-255,1514,157668,10,159315
16108,0.036624,172.31.36.0-255,1449,159117,10,159315
16109,0.038087,104.244.42.0-255,66,159183,10,159315
16110,0.038181,104.244.42.0-255,66,159249,10,159315
16111,0.038184,104.244.42.0-255,66,159315,10,159315
16112,0.0,172.217.194.0-255,153,153,10,352246
16113,2.7e-05,172.31.36.0-255,66,219,10,352246
16114,3.3e-05,172.217.194.0-255,1484,1703,10,352246
16115,3.8e-05,172.31.36.0-255,66,1769,10,352246
16116,4.2e-05,172.217.194.0-255,2902,4671,10,352246
16117,5.4e-05,172.31.36.0-255,66,4737,10,352246
16118,6.1e-05,172.217.194.0-255,7156,11893,10,352246
16119,6.4e-05,172.31.36.0-255,66,11959,10,352246
16120,7.1e-05,172.217.194.0-255,5738,17697,10,352246
16121,7.3e-05,172.31.36.0-255,66,17763,10,352246
16122,0.000103,172.217.194.0-255,1974,19737,10,352246
16123,0.000107,172.31.36.0-255,66,19803,10,352246
16124,0.000119,172.31.36.0-255,66,19869,10,352246
16125,0.000173,172.217.194.0-255,1484,21353,10,352246
16126,0.000177,172.31.36.0-255,66,21419,10,352246
16127,0.000209,172.217.194.0-255,2902,24321,10,352246
16128,0.000213,172.31.36.0-255,66,24387,10,352246
16129,0.00022,172.217.194.0-255,5738,30125,10,352246
16130,0.000223,172.31.36.0-255,66,30191,10,352246
16131,0.000275,172.31.36.0-255,66,30257,10,352246
16132,0.000288,172.31.36.0-255,66,30323,10,352246
16133,0.00029,172.217.194.0-255,379,30702,10,352246
16134,0.000293,172.31.36.0-255,66,30768,10,352246
16135,0.00055,172.217.194.0-255,364,31132,10,352246
16136,0.000557,172.31.36.0-255,66,31198,10,352246
16137,0.000624,172.217.194.0-255,1484,32682,10,352246
16138,0.000628,172.31.36.0-255,66,32748,10,352246
16139,0.000635,172.217.194.0-255,2902,35650,10,352246
16140,0.000637,172.31.36.0-255,66,35716,10,352246
16141,0.00065,172.217.194.0-255,5738,41454,10,352246
16142,0.000656,172.217.194.0-255,4320,45774,10,352246
16143,0.000656,172.31.36.0-255,66,45840,10,352246
16144,0.000662,172.31.36.0-255,66,45906,10,352246
16145,0.000691,172.217.194.0-255,2543,48449,10,352246
16146,0.000696,172.31.36.0-255,66,48515,10,352246
16147,0.000792,172.217.194.0-255,1484,49999,10,352246
16148,0.000799,172.217.194.0-255,2902,52901,10,352246
16149,0.000811,172.31.36.0-255,66,52967,10,352246
16150,0.000831,172.217.194.0-255,5738,58705,10,352246
16151,0.000843,172.31.36.0-255,66,58771,10,352246
16152,0.000878,172.217.194.0-255,6797,65568,10,352246
16153,0.000885,172.31.36.0-255,66,65634,10,352246
16154,0.001092,172.217.194.0-255,1484,67118,10,352246
16155,0.001099,172.217.194.0-255,2902,70020,10,352246
16156,0.001103,172.31.36.0-255,66,70086,10,352246
16157,0.001109,172.217.194.0-255,2902,72988,10,352246
16158,0.001114,172.31.36.0-255,66,73054,10,352246
16159,0.001132,172.217.194.0-255,1484,74538,10,352246
16160,0.001145,172.31.36.0-255,66,74604,10,352246
16161,0.001167,172.217.194.0-255,1484,76088,10,352246
16162,0.001215,172.31.36.0-255,66,76154,10,352246
16163,0.001501,172.217.194.0-255,1484,77638,10,352246
16164,0.001507,172.217.194.0-255,1484,79122,10,352246
16165,0.001511,172.31.36.0-255,66,79188,10,352246
16166,0.001526,172.217.194.0-255,1484,80672,10,352246
16167,0.001538,172.217.194.0-255,5738,86410,10,352246
16168,0.001545,172.217.194.0-255,7156,93566,10,352246
16169,0.001574,172.217.194.0-255,5738,99304,10,352246
16170,0.001596,172.217.194.0-255,2184,101488,10,352246
16171,0.001597,172.31.36.0-255,66,101554,10,352246
16172,0.001603,172.31.36.0-255,66,101620,10,352246
16173,0.003617,172.217.194.0-255,2902,104522,10,352246
16174,0.003624,172.31.36.0-255,66,104588,10,352246
16175,0.003662,172.217.194.0-255,2902,107490,10,352246
16176,0.003667,172.31.36.0-255,66,107556,10,352246
16177,0.005661,172.217.194.0-255,2902,110458,10,352246
16178,0.005667,172.31.36.0-255,66,110524,10,352246
16179,0.005711,172.217.194.0-255,2902,113426,10,352246
16180,0.005716,172.31.36.0-255,66,113492,10,352246
16181,0.007729,172.217.194.0-255,2902,116394,10,352246
16182,0.007736,172.31.36.0-255,66,116460,10,352246
16183,0.007763,172.217.194.0-255,2902,119362,10,352246
16184,0.007796,172.31.36.0-255,66,119428,10,352246
16185,0.009798,172.217.194.0-255,2902,122330,10,352246
16186,0.009805,172.31.36.0-255,66,122396,10,352246
16187,0.009861,172.217.194.0-255,2902,125298,10,352246
16188,0.011765,172.31.36.0-255,66,125364,10,352246
16189,0.011854,172.217.194.0-255,2902,128266,10,352246
16190,0.011859,172.31.36.0-255,66,128332,10,352246
16191,0.013799,172.217.194.0-255,2902,131234,10,352246
16192,0.013807,172.31.36.0-255,66,131300,10,352246
16193,0.013888,172.217.194.0-255,2902,134202,10,352246
16194,0.013922,172.31.36.0-255,66,134268,10,352246
16195,0.01589,172.217.194.0-255,2902,137170,10,352246
16196,0.015897,172.31.36.0-255,66,137236,10,352246
16197,0.015951,172.217.194.0-255,2902,140138,10,352246
16198,0.01623,172.31.36.0-255,66,140204,10,352246
16199,0.017943,172.217.194.0-255,2902,143106,10,352246
16200,0.017951,172.31.36.0-255,66,143172,10,352246
16201,0.018287,172.217.194.0-255,2902,146074,10,352246
16202,0.018294,172.31.36.0-255,66,146140,10,352246
16203,0.019997,172.217.194.0-255,2902,149042,10,352246
16204,0.020004,172.31.36.0-255,66,149108,10,352246
16205,0.020363,172.217.194.0-255,2902,152010,10,352246
16206,0.020369,172.31.36.0-255,66,152076,10,352246
16207,0.022051,172.217.194.0-255,2902,154978,10,352246
16208,0.022059,172.31.36.0-255,66,155044,10,352246
16209,0.02241,172.217.194.0-255,2902,157946,10,352246
16210,0.022417,172.31.36.0-255,66,158012,10,352246
16211,0.02409,172.217.194.0-255,2902,160914,10,352246
16212,0.024097,172.31.36.0-255,66,160980,10,352246
16213,0.024471,172.217.194.0-255,2902,163882,10,352246
16214,0.024478,172.31.36.0-255,66,163948,10,352246
16215,0.026141,172.217.194.0-255,2902,166850,10,352246
16216,0.026148,172.31.36.0-255,66,166916,10,352246
16217,0.026523,172.217.194.0-255,2902,169818,10,352246
16218,0.026529,172.31.36.0-255,66,169884,10,352246
16219,0.028202,172.217.194.0-255,2902,172786,10,352246
16220,0.028208,172.31.36.0-255,66,172852,10,352246
16221,0.028572,172.217.194.0-255,2902,175754,10,352246
16222,0.028578,172.31.36.0-255,66,175820,10,352246
16223,0.02983,172.31.36.0-255,167,175987,10,352246
16224,0.029863,172.31.36.0-255,1114,177101,10,352246
16225,0.029933,172.31.36.0-255,1514,178615,10,352246
16226,0.029935,172.31.36.0-255,1289,179904,10,352246
16227,0.030255,172.217.194.0-255,2902,182806,10,352246
16228,0.030261,172.31.36.0-255,66,182872,10,352246
16229,0.030634,172.217.194.0-255,2902,185774,10,352246
16230,0.030641,172.31.36.0-255,66,185840,10,352246
16231,0.031395,104.244.42.0-255,66,185906,10,352246
16232,0.031437,104.244.42.0-255,66,185972,10,352246
16233,0.031491,104.244.42.0-255,66,186038,10,352246
16234,0.032317,172.217.194.0-255,2902,188940,10,352246
16235,0.032324,172.31.36.0-255,66,189006,10,352246
16236,0.032744,172.217.194.0-255,2902,191908,10,352246
16237,0.03275,172.31.36.0-255,66,191974,10,352246
16238,0.034367,172.217.194.0-255,2902,194876,10,352246
16239,0.034376,172.31.36.0-255,66,194942,10,352246
16240,0.034815,172.217.194.0-255,2902,197844,10,352246
16241,0.034821,172.31.36.0-255,66,197910,10,352246
16242,0.036447,172.217.194.0-255,2902,200812,10,352246
16243,0.036453,172.31.36.0-255,66,200878,10,352246
16244,0.036884,172.217.194.0-255,2902,203780,10,352246
16245,0.036891,172.31.36.0-255,66,203846,10,352246
16246,0.038486,172.217.194.0-255,2902,206748,10,352246
16247,0.038493,172.31.36.0-255,66,206814,10,352246
16248,0.038945,172.217.194.0-255,2902,209716,10,352246
16249,0.038952,172.31.36.0-255,66,209782,10,352246
16250,0.040561,172.217.194.0-255,2902,212684,10,352246
16251,0.040568,172.31.36.0-255,66,212750,10,352246
16252,0.041001,172.217.194.0-255,2902,215652,10,352246
16253,0.041007,172.31.36.0-255,66,215718,10,352246
16254,0.042615,172.217.194.0-255,2902,218620,10,352246
16255,0.042621,172.31.36.0-255,66,218686,10,352246
16256,0.043044,172.217.194.0-255,2902,221588,10,352246
16257,0.043049,172.31.36.0-255,66,221654,10,352246
16258,0.044659,172.217.194.0-255,2902,224556,10,352246
16259,0.044664,172.31.36.0-255,66,224622,10,352246
16260,0.045123,172.217.194.0-255,2902,227524,10,352246
16261,0.045129,172.31.36.0-255,66,227590,10,352246
16262,0.046725,172.217.194.0-255,2902,230492,10,352246
16263,0.04673,172.31.36.0-255,66,230558,10,352246
16264,0.047174,172.217.194.0-255,2902,233460,10,352246
16265,0.047179,172.31.36.0-255,66,233526,10,352246
16266,0.048766,172.217.194.0-255,2902,236428,10,352246
16267,0.048772,172.31.36.0-255,66,236494,10,352246
16268,0.049212,172.217.194.0-255,2902,239396,10,352246
16269,0.049219,172.31.36.0-255,66,239462,10,352246
16270,0.050812,172.217.194.0-255,2902,242364,10,352246
16271,0.050819,172.31.36.0-255,66,242430,10,352246
16272,0.051267,172.217.194.0-255,2902,245332,10,352246
16273,0.051274,172.31.36.0-255,66,245398,10,352246
16274,0.052868,172.217.194.0-255,2902,248300,10,352246
16275,0.052874,172.31.36.0-255,66,248366,10,352246
16276,0.053336,172.217.194.0-255,2902,251268,10,352246
16277,0.053342,172.31.36.0-255,66,251334,10,352246
16278,0.05493,172.217.194.0-255,2902,254236,10,352246
16279,0.054937,172.31.36.0-255,66,254302,10,352246
16280,0.055399,172.217.194.0-255,2902,257204,10,352246
16281,0.055406,172.31.36.0-255,66,257270,10,352246
16282,0.057011,172.217.194.0-255,2902,260172,10,352246
16283,0.057021,172.31.36.0-255,66,260238,10,352246
16284,0.057455,172.217.194.0-255,2902,263140,10,352246
16285,0.057461,172.31.36.0-255,66,263206,10,352246
16286,0.059067,172.217.194.0-255,2902,266108,10,352246
16287,0.059074,172.31.36.0-255,66,266174,10,352246
16288,0.059483,172.217.194.0-255,2902,269076,10,352246
16289,0.059489,172.31.36.0-255,66,269142,10,352246
16290,0.061128,172.217.194.0-255,2902,272044,10,352246
16291,0.061134,172.31.36.0-255,66,272110,10,352246
16292,0.061558,172.217.194.0-255,2902,275012,10,352246
16293,0.061565,172.31.36.0-255,66,275078,10,352246
16294,0.063182,172.217.194.0-255,2902,277980,10,352246
16295,0.063188,172.31.36.0-255,66,278046,10,352246
16296,0.063601,172.217.194.0-255,2902,280948,10,352246
16297,0.063607,172.31.36.0-255,66,281014,10,352246
16298,0.065255,172.217.194.0-255,2902,283916,10,352246
16299,0.065262,172.31.36.0-255,66,283982,10,352246
16300,0.065659,172.217.194.0-255,2902,286884,10,352246
16301,0.065665,172.31.36.0-255,66,286950,10,352246
16302,0.067299,172.217.194.0-255,2902,289852,10,352246
16303,0.06732,172.31.36.0-255,66,289918,10,352246
16304,0.06769,172.217.194.0-255,2902,292820,10,352246
16305,0.067711,172.31.36.0-255,66,292886,10,352246
16306,0.069374,172.217.194.0-255,2902,295788,10,352246
16307,0.06938,172.31.36.0-255,66,295854,10,352246
16308,0.069748,172.217.194.0-255,2902,298756,10,352246
16309,0.069754,172.31.36.0-255,66,298822,10,352246
16310,0.071446,172.217.194.0-255,2902,301724,10,352246
16311,0.071453,172.31.36.0-255,66,301790,10,352246
16312,0.071795,172.217.194.0-255,2902,304692,10,352246
16313,0.071802,172.31.36.0-255,66,304758,10,352246
16314,0.073514,172.217.194.0-255,2902,307660,10,352246
16315,0.073519,172.31.36.0-255,66,307726,10,352246
16316,0.073862,172.217.194.0-255,2902,310628,10,352246
16317,0.073867,172.31.36.0-255,66,310694,10,352246
16318,0.075563,172.217.194.0-255,2902,313596,10,352246
16319,0.075569,172.31.36.0-255,66,313662,10,352246
16320,0.075927,172.217.194.0-255,2902,316564,10,352246
16321,0.075934,172.31.36.0-255,66,316630,10,352246
16322,0.077619,172.217.194.0-255,2902,319532,10,352246
16323,0.077624,172.31.36.0-255,66,319598,10,352246
16324,0.077971,172.217.194.0-255,2902,322500,10,352246
16325,0.077977,172.31.36.0-255,66,322566,10,352246
16326,0.079678,172.217.194.0-255,2902,325468,10,352246
16327,0.079684,172.31.36.0-255,66,325534,10,352246
16328,0.080047,172.217.194.0-255,2902,328436,10,352246
16329,0.080054,172.31.36.0-255,66,328502,10,352246
16330,0.081719,172.217.194.0-255,2902,331404,10,352246
16331,0.081725,172.31.36.0-255,66,331470,10,352246
16332,0.08212,172.217.194.0-255,2902,334372,10,352246
16333,0.082127,172.31.36.0-255,66,334438,10,352246
16334,0.083757,172.217.194.0-255,2902,337340,10,352246
16335,0.083764,172.31.36.0-255,66,337406,10,352246
16336,0.084187,172.217.194.0-255,2902,340308,10,352246
16337,0.084194,172.31.36.0-255,66,340374,10,352246
16338,0.085835,172.217.194.0-255,2902,343276,10,352246
16339,0.085841,172.31.36.0-255,66,343342,10,352246
16340,0.086287,172.217.194.0-255,2902,346244,10,352246
16341,0.086293,172.31.36.0-255,66,346310,10,352246
16342,0.087893,172.217.194.0-255,2902,349212,10,352246
16343,0.0879,172.31.36.0-255,66,349278,10,352246
16344,0.088332,172.217.194.0-255,2902,352180,10,352246
16345,0.088339,172.31.36.0-255,66,352246,10,352246
16346,0.0,172.217.194.0-255,152,152,10,175941
16347,2.9e-05,172.31.36.0-255,66,218,10,175941
16348,3.6e-05,172.217.194.0-255,1484,1702,10,175941
16349,4e-05,172.31.36.0-255,66,1768,10,175941
16350,4.5e-05,172.217.194.0-255,2902,4670,10,175941
16351,4.7e-05,172.31.36.0-255,66,4736,10,175941
16352,6.2e-05,172.217.194.0-255,7156,11892,10,175941
16353,6.5e-05,172.31.36.0-255,66,11958,10,175941
16354,7.1e-05,172.217.194.0-255,4865,16823,10,175941
16355,7.3e-05,172.31.36.0-255,66,16889,10,175941
16356,0.000109,172.31.36.0-255,66,16955,10,175941
16357,0.000128,172.217.194.0-255,5379,22334,10,175941
16358,0.000131,172.31.36.0-255,66,22400,10,175941
16359,0.000166,172.217.194.0-255,1484,23884,10,175941
16360,0.000169,172.31.36.0-255,66,23950,10,175941
16361,0.000208,172.31.36.0-255,66,24016,10,175941
16362,0.00022,172.31.36.0-255,66,24082,10,175941
16363,0.000238,172.31.36.0-255,66,24148,10,175941
16364,0.000267,172.217.194.0-255,409,24557,10,175941
16365,0.000271,172.31.36.0-255,66,24623,10,175941
16366,0.00032,172.217.194.0-255,1484,26107,10,175941
16367,0.000325,172.31.36.0-255,66,26173,10,175941
16368,0.00035,172.217.194.0-255,2902,29075,10,175941
16369,0.000353,172.217.194.0-255,1484,30559,10,175941
16370,0.000355,172.31.36.0-255,66,30625,10,175941
16371,0.000359,172.31.36.0-255,66,30691,10,175941
16372,0.000389,172.217.194.0-255,4320,35011,10,175941
16373,0.000393,172.31.36.0-255,66,35077,10,175941
16374,0.000405,172.217.194.0-255,5738,40815,10,175941
16375,0.000407,172.31.36.0-255,66,40881,10,175941
16376,0.000421,172.31.36.0-255,66,40947,10,175941
16377,0.000427,172.217.194.0-255,5020,45967,10,175941
16378,0.000429,172.31.36.0-255,66,46033,10,175941
16379,0.000478,172.217.194.0-255,1484,47517,10,175941
16380,0.000482,172.217.194.0-255,1484,49001,10,175941
16381,0.000485,172.31.36.0-255,66,49067,10,175941
16382,0.000509,172.217.194.0-255,1484,50551,10,175941
16383,0.000516,172.217.194.0-255,5738,56289,10,175941
16384,0.000519,172.31.36.0-255,66,56355,10,175941
16385,0.000557,172.31.36.0-255,66,56421,10,175941
16386,0.000593,172.31.36.0-255,66,56487,10,175941
16387,0.00062,172.217.194.0-255,2184,58671,10,175941
16388,0.000623,172.31.36.0-255,66,58737,10,175941
16389,0.000627,172.217.194.0-255,1484,60221,10,175941
16390,0.00065,172.217.194.0-255,2902,63123,10,175941
16391,0.000653,172.31.36.0-255,66,63189,10,175941
16392,0.00066,172.217.194.0-255,5738,68927,10,175941
16393,0.000662,172.31.36.0-255,66,68993,10,175941
16394,0.00071,172.31.36.0-255,66,69059,10,175941
16395,0.000781,172.31.36.0-255,66,69125,10,175941
16396,0.000793,172.31.36.0-255,66,69191,10,175941
16397,0.000813,172.31.36.0-255,66,69257,10,175941
16398,0.00084,172.217.194.0-255,4320,73577,10,175941
16399,0.000848,172.31.36.0-255,66,73643,10,175941
16400,0.00087,172.217.194.0-255,6438,80081,10,175941
16401,0.000873,172.31.36.0-255,66,80147,10,175941
16402,0.000881,172.217.194.0-255,7156,87303,10,175941
16403,0.000884,172.31.36.0-255,66,87369,10,175941
16404,0.000904,172.217.194.0-255,4320,91689,10,175941
16405,0.000909,172.31.36.0-255,66,91755,10,175941
16406,0.000915,172.31.36.0-255,66,91821,10,175941
16407,0.000972,172.31.36.0-255,66,91887,10,175941
16408,0.000976,172.217.194.0-255,2262,94149,10,175941
16409,0.000979,172.31.36.0-255,66,94215,10,175941
16410,0.001046,172.31.36.0-255,66,94281,10,175941
16411,0.001051,172.217.194.0-255,2902,97183,10,175941
16412,0.001054,172.31.36.0-255,66,97249,10,175941
16413,0.001088,172.217.194.0-255,6438,103687,10,175941
16414,0.001097,172.31.36.0-255,66,103753,10,175941
16415,0.001252,172.217.194.0-255,1484,105237,10,175941
16416,0.001259,172.217.194.0-255,2902,108139,10,175941
16417,0.001262,172.31.36.0-255,66,108205,10,175941
16418,0.00127,172.217.194.0-255,5738,113943,10,175941
16419,0.001272,172.31.36.0-255,66,114009,10,175941
16420,0.001309,172.217.194.0-255,6797,120806,10,175941
16421,0.001313,172.31.36.0-255,66,120872,10,175941
16422,0.001494,172.217.194.0-255,1484,122356,10,175941
16423,0.0015,172.217.194.0-255,1484,123840,10,175941
16424,0.001504,172.31.36.0-255,66,123906,10,175941
16425,0.001535,172.217.194.0-255,1484,125390,10,175941
16426,0.001543,172.217.194.0-255,5738,131128,10,175941
16427,0.001548,172.31.36.0-255,66,131194,10,175941
16428,0.001556,172.31.36.0-255,66,131260,10,175941
16429,0.001598,172.31.36.0-255,66,131326,10,175941
16430,0.001753,172.217.194.0-255,1484,132810,10,175941
16431,0.001759,172.217.194.0-255,2902,135712,10,175941
16432,0.001763,172.31.36.0-255,66,135778,10,175941
16433,0.00177,172.217.194.0-255,5738,141516,10,175941
16434,0.001772,172.31.36.0-255,66,141582,10,175941
16435,0.001862,172.31.36.0-255,66,141648,10,175941
16436,0.001875,172.31.36.0-255,66,141714,10,175941
16437,0.001888,172.217.194.0-255,7156,148870,10,175941
16438,0.001891,172.31.36.0-255,66,148936,10,175941
16439,0.001899,172.217.194.0-255,7156,156092,10,175941
16440,0.001901,172.31.36.0-255,66,156158,10,175941
16441,0.001931,172.217.194.0-255,1484,157642,10,175941
16442,0.001949,172.31.36.0-255,66,157708,10,175941
16443,0.001952,172.217.194.0-255,766,158474,10,175941
16444,0.00199,172.217.194.0-255,7156,165630,10,175941
16445,0.001993,172.31.36.0-255,66,165696,10,175941
16446,0.002023,172.217.194.0-255,5555,171251,10,175941
16447,0.002026,172.31.36.0-255,66,171317,10,175941
16448,0.002029,172.217.194.0-255,105,171422,10,175941
16449,0.006169,172.31.36.0-255,66,171488,10,175941
16450,0.006197,172.31.36.0-255,105,171593,10,175941
16451,0.008253,172.217.194.0-255,66,171659,10,175941
16452,0.032359,172.31.36.0-255,167,171826,10,175941
16453,0.032391,172.31.36.0-255,1111,172937,10,175941
16454,0.032434,172.31.36.0-255,1514,174451,10,175941
16455,0.032436,172.31.36.0-255,1292,175743,10,175941
16456,0.033914,104.244.42.0-255,66,175809,10,175941
16457,0.033945,104.244.42.0-255,66,175875,10,175941
16458,0.033999,104.244.42.0-255,66,175941,10,175941
16459,0.0,74.125.200.0-255,297,297,10,385045
16460,1.7e-05,172.31.36.0-255,66,363,10,385045
16461,2.3e-05,74.125.200.0-255,1484,1847,10,385045
16462,2.7e-05,172.31.36.0-255,66,1913,10,385045
16463,3.3e-05,74.125.200.0-255,2902,4815,10,385045
16464,3.7e-05,172.31.36.0-255,66,4881,10,385045
16465,4.4e-05,74.125.200.0-255,5738,10619,10,385045
16466,4.7e-05,172.31.36.0-255,66,10685,10,385045
16467,7e-05,74.125.200.0-255,3296,13981,10,385045
16468,7.3e-05,172.31.36.0-255,66,14047,10,385045
16469,0.000603,74.125.200.0-255,1484,15531,10,385045
16470,0.00061,172.31.36.0-255,66,15597,10,385045
16471,0.000618,74.125.200.0-255,2902,18499,10,385045
16472,0.000621,172.31.36.0-255,66,18565,10,385045
16473,0.000628,74.125.200.0-255,5738,24303,10,385045
16474,0.000631,172.31.36.0-255,66,24369,10,385045
16475,0.000666,74.125.200.0-255,2902,27271,10,385045
16476,0.000669,172.31.36.0-255,66,27337,10,385045
16477,0.000692,74.125.200.0-255,3961,31298,10,385045
16478,0.000695,172.31.36.0-255,66,31364,10,385045
16479,0.000703,74.125.200.0-255,7156,38520,10,385045
16480,0.000705,172.31.36.0-255,66,38586,10,385045
16481,0.000711,74.125.200.0-255,4320,42906,10,385045
16482,0.000714,172.31.36.0-255,66,42972,10,385045
16483,0.000737,74.125.200.0-255,4320,47292,10,385045
16484,0.000741,172.31.36.0-255,66,47358,10,385045
16485,0.000744,74.125.200.0-255,1125,48483,10,385045
16486,0.000746,172.31.36.0-255,66,48549,10,385045
16487,0.001159,74.125.200.0-255,1484,50033,10,385045
16488,0.001166,172.31.36.0-255,66,50099,10,385045
16489,0.001171,74.125.200.0-255,1484,51583,10,385045
16490,0.001174,172.31.36.0-255,66,51649,10,385045
16491,0.001179,74.125.200.0-255,2902,54551,10,385045
16492,0.001181,172.31.36.0-255,66,54617,10,385045
16493,0.001206,74.125.200.0-255,5738,60355,10,385045
16494,0.001209,172.31.36.0-255,66,60421,10,385045
16495,0.001243,172.31.36.0-255,66,60487,10,385045
16496,0.001246,74.125.200.0-255,1484,61971,10,385045
16497,0.00127,172.31.36.0-255,66,62037,10,385045
16498,0.001273,74.125.200.0-255,286,62323,10,385045
16499,0.001316,74.125.200.0-255,1484,63807,10,385045
16500,0.001319,172.31.36.0-255,66,63873,10,385045
16501,0.001325,74.125.200.0-255,2902,66775,10,385045
16502,0.001328,172.31.36.0-255,66,66841,10,385045
16503,0.00135,74.125.200.0-255,1484,68325,10,385045
16504,0.001365,74.125.200.0-255,4320,72645,10,385045
16505,0.001368,172.31.36.0-255,66,72711,10,385045
16506,0.001374,74.125.200.0-255,4320,77031,10,385045
16507,0.001376,172.31.36.0-255,66,77097,10,385045
16508,0.001406,74.125.200.0-255,5738,82835,10,385045
16509,0.001409,172.31.36.0-255,66,82901,10,385045
16510,0.001412,74.125.200.0-255,1484,84385,10,385045
16511,0.001432,74.125.200.0-255,5738,90123,10,385045
16512,0.001434,172.31.36.0-255,66,90189,10,385045
16513,0.001467,74.125.200.0-255,2902,93091,10,385045
16514,0.00147,172.31.36.0-255,66,93157,10,385045
16515,0.001491,74.125.200.0-255,2939,96096,10,385045
16516,0.001494,172.31.36.0-255,66,96162,10,385045
16517,0.001537,74.125.200.0-255,1484,97646,10,385045
16518,0.001559,74.125.200.0-255,2902,100548,10,385045
16519,0.001562,172.31.36.0-255,66,100614,10,385045
16520,0.001566,74.125.200.0-255,1484,102098,10,385045
16521,0.001581,74.125.200.0-255,2902,105000,10,385045
16522,0.001585,172.31.36.0-255,66,105066,10,385045
16523,0.001608,74.125.200.0-255,2902,107968,10,385045
16524,0.001611,172.31.36.0-255,66,108034,10,385045
16525,0.001631,74.125.200.0-255,2902,110936,10,385045
16526,0.001634,172.31.36.0-255,66,111002,10,385045
16527,0.001637,74.125.200.0-255,1484,112486,10,385045
16528,0.001642,74.125.200.0-255,1819,114305,10,385045
16529,0.001644,172.31.36.0-255,66,114371,10,385045
16530,0.001696,74.125.200.0-255,5738,120109,10,385045
16531,0.001699,172.31.36.0-255,66,120175,10,385045
16532,0.001707,74.125.200.0-255,7156,127331,10,385045
16533,0.001709,172.31.36.0-255,66,127397,10,385045
16534,0.001735,74.125.200.0-255,4320,131717,10,385045
16535,0.001738,172.31.36.0-255,66,131783,10,385045
16536,0.001745,74.125.200.0-255,5738,137521,10,385045
16537,0.001748,172.31.36.0-255,66,137587,10,385045
16538,0.00177,74.125.200.0-255,2902,140489,10,385045
16539,0.001773,172.31.36.0-255,66,140555,10,385045
16540,0.001799,172.31.36.0-255,66,140621,10,385045
16541,0.002126,74.125.200.0-255,1484,142105,10,385045
16542,0.002133,74.125.200.0-255,1484,143589,10,385045
16543,0.002137,172.31.36.0-255,66,143655,10,385045
16544,0.002154,74.125.200.0-255,1484,145139,10,385045
16545,0.002158,74.125.200.0-255,1484,146623,10,385045
16546,0.00216,172.31.36.0-255,66,146689,10,385045
16547,0.00218,74.125.200.0-255,4320,151009,10,385045
16548,0.002183,172.31.36.0-255,66,151075,10,385045
16549,0.002189,74.125.200.0-255,5738,156813,10,385045
16550,0.002192,172.31.36.0-255,66,156879,10,385045
16551,0.002208,74.125.200.0-255,5738,162617,10,385045
16552,0.002211,172.31.36.0-255,66,162683,10,385045
16553,0.002225,172.31.36.0-255,66,162749,10,385045
16554,0.004466,74.125.200.0-255,5738,168487,10,385045
16555,0.004475,172.31.36.0-255,66,168553,10,385045
16556,0.006729,74.125.200.0-255,5738,174291,10,385045
16557,0.006736,172.31.36.0-255,66,174357,10,385045
16558,0.008992,74.125.200.0-255,5738,180095,10,385045
16559,0.009002,172.31.36.0-255,66,180161,10,385045
16560,0.01126,74.125.200.0-255,5738,185899,10,385045
16561,0.011269,172.31.36.0-255,66,185965,10,385045
16562,0.01353,74.125.200.0-255,5738,191703,10,385045
16563,0.013538,172.31.36.0-255,66,191769,10,385045
16564,0.015795,74.125.200.0-255,5738,197507,10,385045
16565,0.015803,172.31.36.0-255,66,197573,10,385045
16566,0.018067,74.125.200.0-255,5738,203311,10,385045
16567,0.018076,172.31.36.0-255,66,203377,10,385045
16568,0.020378,74.125.200.0-255,5738,209115,10,385045
16569,0.020392,172.31.36.0-255,66,209181,10,385045
16570,0.022646,74.125.200.0-255,5738,214919,10,385045
16571,0.022656,172.31.36.0-255,66,214985,10,385045
16572,0.024909,74.125.200.0-255,5738,220723,10,385045
16573,0.024918,172.31.36.0-255,66,220789,10,385045
16574,0.027165,74.125.200.0-255,5738,226527,10,385045
16575,0.027174,172.31.36.0-255,66,226593,10,385045
16576,0.029435,74.125.200.0-255,5738,232331,10,385045
16577,0.029442,172.31.36.0-255,66,232397,10,385045
16578,0.030277,172.31.36.0-255,167,232564,10,385045
16579,0.030308,172.31.36.0-255,1112,233676,10,385045
16580,0.030382,172.31.36.0-255,1514,235190,10,385045
16581,0.030384,172.31.36.0-255,1291,236481,10,385045
16582,0.031692,74.125.200.0-255,5738,242219,10,385045
16583,0.031701,172.31.36.0-255,66,242285,10,385045
16584,0.031823,104.244.42.0-255,66,242351,10,385045
16585,0.031868,104.244.42.0-255,66,242417,10,385045
16586,0.031916,104.244.42.0-255,66,242483,10,385045
16587,0.033952,74.125.200.0-255,5738,248221,10,385045
16588,0.03396,172.31.36.0-255,66,248287,10,385045
16589,0.03623,74.125.200.0-255,5738,254025,10,385045
16590,0.036242,172.31.36.0-255,66,254091,10,385045
16591,0.038506,74.125.200.0-255,5738,259829,10,385045
16592,0.038518,172.31.36.0-255,66,259895,10,385045
16593,0.040769,74.125.200.0-255,5738,265633,10,385045
16594,0.040777,172.31.36.0-255,66,265699,10,385045
16595,0.043056,74.125.200.0-255,5738,271437,10,385045
16596,0.043065,172.31.36.0-255,66,271503,10,385045
16597,0.045321,74.125.200.0-255,5738,277241,10,385045
16598,0.045329,172.31.36.0-255,66,277307,10,385045
16599,0.04762,74.125.200.0-255,5738,283045,10,385045
16600,0.047631,172.31.36.0-255,66,283111,10,385045
16601,0.049881,74.125.200.0-255,5738,288849,10,385045
16602,0.049893,172.31.36.0-255,66,288915,10,385045
16603,0.052149,74.125.200.0-255,5738,294653,10,385045
16604,0.052166,172.31.36.0-255,66,294719,10,385045
16605,0.054432,74.125.200.0-255,5738,300457,10,385045
16606,0.054439,172.31.36.0-255,66,300523,10,385045
16607,0.056701,74.125.200.0-255,5738,306261,10,385045
16608,0.056708,172.31.36.0-255,66,306327,10,385045
16609,0.058973,74.125.200.0-255,5738,312065,10,385045
16610,0.05898,172.31.36.0-255,66,312131,10,385045
16611,0.061242,74.125.200.0-255,5738,317869,10,385045
16612,0.061249,172.31.36.0-255,66,317935,10,385045
16613,0.063508,74.125.200.0-255,5738,323673,10,385045
16614,0.063515,172.31.36.0-255,66,323739,10,385045
16615,0.065771,74.125.200.0-255,5738,329477,10,385045
16616,0.065779,172.31.36.0-255,66,329543,10,385045
16617,0.068092,74.125.200.0-255,5738,335281,10,385045
16618,0.068098,172.31.36.0-255,66,335347,10,385045
16619,0.070363,74.125.200.0-255,5738,341085,10,385045
16620,0.070373,172.31.36.0-255,66,341151,10,385045
16621,0.072622,74.125.200.0-255,5738,346889,10,385045
16622,0.072627,172.31.36.0-255,66,346955,10,385045
16623,0.074873,74.125.200.0-255,5738,352693,10,385045
16624,0.07488,172.31.36.0-255,66,352759,10,385045
16625,0.077121,74.125.200.0-255,5738,358497,10,385045
16626,0.077127,172.31.36.0-255,66,358563,10,385045
16627,0.079385,74.125.200.0-255,5738,364301,10,385045
16628,0.079392,172.31.36.0-255,66,364367,10,385045
16629,0.081646,74.125.200.0-255,5738,370105,10,385045
16630,0.081654,172.31.36.0-255,66,370171,10,385045
16631,0.083906,74.125.200.0-255,5738,375909,10,385045
16632,0.083913,172.31.36.0-255,66,375975,10,385045
16633,0.086171,74.125.200.0-255,5738,381713,10,385045
16634,0.086182,172.31.36.0-255,66,381779,10,385045
16635,0.088438,74.125.200.0-255,3095,384874,10,385045
16636,0.088445,172.31.36.0-255,66,384940,10,385045
16637,0.088628,172.31.36.0-255,105,385045,10,385045
16638,0.0,74.125.24.0-255,152,152,10,283160
16639,2.7e-05,172.31.36.0-255,66,218,10,283160
16640,3.4e-05,74.125.24.0-255,1484,1702,10,283160
16641,3.9e-05,172.31.36.0-255,66,1768,10,283160
16642,5.1e-05,74.125.24.0-255,2902,4670,10,283160
16643,5.5e-05,172.31.36.0-255,66,4736,10,283160
16644,6.2e-05,74.125.24.0-255,7156,11892,10,283160
16645,6.4e-05,172.31.36.0-255,66,11958,10,283160
16646,6.8e-05,74.125.24.0-255,2021,13979,10,283160
16647,7.1e-05,172.31.36.0-255,66,14045,10,283160
16648,0.00013,74.125.24.0-255,1484,15529,10,283160
16649,0.000134,172.31.36.0-255,66,15595,10,283160
16650,0.00014,74.125.24.0-255,2902,18497,10,283160
16651,0.000143,172.31.36.0-255,66,18563,10,283160
16652,0.000171,74.125.24.0-255,5738,24301,10,283160
16653,0.000176,172.31.36.0-255,66,24367,10,283160
16654,0.000179,74.125.24.0-255,1484,25851,10,283160
16655,0.000181,172.31.36.0-255,66,25917,10,283160
16656,0.000222,74.125.24.0-255,2902,28819,10,283160
16657,0.000225,172.31.36.0-255,66,28885,10,283160
16658,0.00025,74.125.24.0-255,2543,31428,10,283160
16659,0.000253,172.31.36.0-255,66,31494,10,283160
16660,0.000316,74.125.24.0-255,1484,32978,10,283160
16661,0.000321,172.31.36.0-255,66,33044,10,283160
16662,0.000326,74.125.24.0-255,2902,35946,10,283160
16663,0.00033,172.31.36.0-255,66,36012,10,283160
16664,0.000356,74.125.24.0-255,2902,38914,10,283160
16665,0.00036,172.31.36.0-255,66,38980,10,283160
16666,0.000388,74.125.24.0-255,2902,41882,10,283160
16667,0.000391,172.31.36.0-255,66,41948,10,283160
16668,0.000396,74.125.24.0-255,2902,44850,10,283160
16669,0.0004,172.31.36.0-255,66,44916,10,283160
16670,0.000436,172.31.36.0-255,66,44982,10,283160
16671,0.000448,172.31.36.0-255,66,45048,10,283160
16672,0.000543,74.125.24.0-255,130,45178,10,283160
16673,0.000657,74.125.24.0-255,348,45526,10,283160
16674,0.000816,74.125.24.0-255,1484,47010,10,283160
16675,0.000821,172.31.36.0-255,66,47076,10,283160
16676,0.000827,74.125.24.0-255,2902,49978,10,283160
16677,0.00083,172.31.36.0-255,66,50044,10,283160
16678,0.000846,74.125.24.0-255,5738,55782,10,283160
16679,0.000849,172.31.36.0-255,66,55848,10,283160
16680,0.00086,172.31.36.0-255,66,55914,10,283160
16681,0.000895,74.125.24.0-255,2902,58816,10,283160
16682,0.000898,172.31.36.0-255,66,58882,10,283160
16683,0.000914,172.31.36.0-255,66,58948,10,283160
16684,0.001034,74.125.24.0-255,1484,60432,10,283160
16685,0.001052,74.125.24.0-255,2902,63334,10,283160
16686,0.001056,172.31.36.0-255,66,63400,10,283160
16687,0.001086,74.125.24.0-255,1484,64884,10,283160
16688,0.001099,74.125.24.0-255,4320,69204,10,283160
16689,0.001103,172.31.36.0-255,66,69270,10,283160
16690,0.001123,74.125.24.0-255,7156,76426,10,283160
16691,0.001126,172.31.36.0-255,66,76492,10,283160
16692,0.001155,74.125.24.0-255,4320,80812,10,283160
16693,0.001158,172.31.36.0-255,66,80878,10,283160
16694,0.001169,172.31.36.0-255,66,80944,10,283160
16695,0.001183,74.125.24.0-255,766,81710,10,283160
16696,0.001221,74.125.24.0-255,1484,83194,10,283160
16697,0.001224,172.31.36.0-255,66,83260,10,283160
16698,0.001229,74.125.24.0-255,2902,86162,10,283160
16699,0.001231,172.31.36.0-255,66,86228,10,283160
16700,0.001257,74.125.24.0-255,5738,91966,10,283160
16701,0.001262,172.31.36.0-255,66,92032,10,283160
16702,0.001266,74.125.24.0-255,4320,96352,10,283160
16703,0.001268,172.31.36.0-255,66,96418,10,283160
16704,0.001311,172.31.36.0-255,66,96484,10,283160
16705,0.001321,172.31.36.0-255,66,96550,10,283160
16706,0.00134,74.125.24.0-255,1484,98034,10,283160
16707,0.001344,74.125.24.0-255,2902,100936,10,283160
16708,0.001346,172.31.36.0-255,66,101002,10,283160
16709,0.001372,74.125.24.0-255,5738,106740,10,283160
16710,0.001375,172.31.36.0-255,66,106806,10,283160
16711,0.001402,74.125.24.0-255,4320,111126,10,283160
16712,0.001405,172.31.36.0-255,66,111192,10,283160
16713,0.001437,172.31.36.0-255,66,111258,10,283160
16714,0.001463,172.31.36.0-255,66,111324,10,283160
16715,0.00168,74.125.24.0-255,1484,112808,10,283160
16716,0.001683,74.125.24.0-255,1484,114292,10,283160
16717,0.001685,172.31.36.0-255,66,114358,10,283160
16718,0.001704,74.125.24.0-255,1484,115842,10,283160
16719,0.001706,74.125.24.0-255,1484,117326,10,283160
16720,0.001708,172.31.36.0-255,66,117392,10,283160
16721,0.001737,74.125.24.0-255,4320,121712,10,283160
16722,0.001739,172.31.36.0-255,66,121778,10,283160
16723,0.001749,172.31.36.0-255,66,121844,10,283160
16724,0.001757,74.125.24.0-255,5738,127582,10,283160
16725,0.001759,172.31.36.0-255,66,127648,10,283160
16726,0.001798,74.125.24.0-255,1484,129132,10,283160
16727,0.001814,74.125.24.0-255,3602,132734,10,283160
16728,0.001816,172.31.36.0-255,66,132800,10,283160
16729,0.001819,74.125.24.0-255,2902,135702,10,283160
16730,0.001821,172.31.36.0-255,66,135768,10,283160
16731,0.001848,74.125.24.0-255,2902,138670,10,283160
16732,0.00185,172.31.36.0-255,66,138736,10,283160
16733,0.001869,172.31.36.0-255,66,138802,10,283160
16734,0.001874,74.125.24.0-255,5738,144540,10,283160
16735,0.001876,172.31.36.0-255,66,144606,10,283160
16736,0.001899,74.125.24.0-255,2902,147508,10,283160
16737,0.001901,172.31.36.0-255,66,147574,10,283160
16738,0.001906,74.125.24.0-255,6438,154012,10,283160
16739,0.001908,172.31.36.0-255,66,154078,10,283160
16740,0.001927,74.125.24.0-255,5738,159816,10,283160
16741,0.001929,172.31.36.0-255,66,159882,10,283160
16742,0.001951,74.125.24.0-255,1484,161366,10,283160
16743,0.001955,74.125.24.0-255,4320,165686,10,283160
16744,0.001957,172.31.36.0-255,66,165752,10,283160
16745,0.001976,74.125.24.0-255,4320,170072,10,283160
16746,0.001977,172.31.36.0-255,66,170138,10,283160
16747,0.002034,74.125.24.0-255,2902,173040,10,283160
16748,0.002036,172.31.36.0-255,66,173106,10,283160
16749,0.002063,172.31.36.0-255,66,173172,10,283160
16750,0.002065,74.125.24.0-255,766,173938,10,283160
16751,0.002068,74.125.24.0-255,1484,175422,10,283160
16752,0.002069,172.31.36.0-255,66,175488,10,283160
16753,0.002074,74.125.24.0-255,4320,179808,10,283160
16754,0.002076,172.31.36.0-255,66,179874,10,283160
16755,0.002082,74.125.24.0-255,7156,187030,10,283160
16756,0.002086,172.31.36.0-255,66,187096,10,283160
16757,0.002112,74.125.24.0-255,2902,189998,10,283160
16758,0.002114,172.31.36.0-255,66,190064,10,283160
16759,0.002123,74.125.24.0-255,5738,195802,10,283160
16760,0.002124,172.31.36.0-255,66,195868,10,283160
16761,0.002127,74.125.24.0-255,1484,197352,10,283160
16762,0.002148,74.125.24.0-255,5738,203090,10,283160
16763,0.00215,172.31.36.0-255,66,203156,10,283160
16764,0.002174,74.125.24.0-255,5020,208176,10,283160
16765,0.002176,172.31.36.0-255,66,208242,10,283160
16766,0.002196,74.125.24.0-255,5738,213980,10,283160
16767,0.002198,172.31.36.0-255,66,214046,10,283160
16768,0.002207,74.125.24.0-255,7156,221202,10,283160
16769,0.002209,172.31.36.0-255,66,221268,10,283160
16770,0.002244,172.31.36.0-255,66,221334,10,283160
16771,0.002271,74.125.24.0-255,1484,222818,10,283160
16772,0.002279,74.125.24.0-255,6438,229256,10,283160
16773,0.002281,172.31.36.0-255,66,229322,10,283160
16774,0.002283,74.125.24.0-255,1484,230806,10,283160
16775,0.002287,74.125.24.0-255,2902,233708,10,283160
16776,0.002288,172.31.36.0-255,66,233774,10,283160
16777,0.002291,74.125.24.0-255,1484,235258,10,283160
16778,0.002318,74.125.24.0-255,4320,239578,10,283160
16779,0.00232,172.31.36.0-255,66,239644,10,283160
16780,0.002325,74.125.24.0-255,2902,242546,10,283160
16781,0.002327,172.31.36.0-255,66,242612,10,283160
16782,0.002334,74.125.24.0-255,7156,249768,10,283160
16783,0.00234,172.31.36.0-255,66,249834,10,283160
16784,0.00236,74.125.24.0-255,2902,252736,10,283160
16785,0.002362,172.31.36.0-255,66,252802,10,283160
16786,0.002371,74.125.24.0-255,4320,257122,10,283160
16787,0.002373,172.31.36.0-255,66,257188,10,283160
16788,0.004692,74.125.24.0-255,1484,258672,10,283160
16789,0.004705,74.125.24.0-255,4320,262992,10,283160
16790,0.004709,172.31.36.0-255,66,263058,10,283160
16791,0.00665,172.31.36.0-255,101,263159,10,283160
16792,0.007049,74.125.24.0-255,5738,268897,10,283160
16793,0.007054,172.31.36.0-255,66,268963,10,283160
16794,0.008931,74.125.24.0-255,66,269029,10,283160
16795,0.009357,74.125.24.0-255,2902,271931,10,283160
16796,0.009362,172.31.36.0-255,66,271997,10,283160
16797,0.009383,74.125.24.0-255,2902,274899,10,283160
16798,0.009385,172.31.36.0-255,66,274965,10,283160
16799,0.011676,74.125.24.0-255,3397,278362,10,283160
16800,0.011684,172.31.36.0-255,66,278428,10,283160
16801,0.016377,172.31.36.0-255,105,278533,10,283160
16802,0.024524,74.125.24.0-255,66,278599,10,283160
16803,0.036619,172.31.36.0-255,206,278805,10,283160
16804,0.036675,172.31.36.0-255,956,279761,10,283160
16805,0.036735,172.31.36.0-255,1514,281275,10,283160
16806,0.036757,172.31.36.0-255,1447,282722,10,283160
16807,0.038182,104.244.42.0-255,66,282788,10,283160
16808,0.038192,104.244.42.0-255,66,282854,10,283160
16809,0.03828,104.244.42.0-255,66,282920,10,283160
16810,0.038327,104.244.42.0-255,66,282986,10,283160
16811,0.041189,104.244.42.0-255,108,283094,10,283160
16812,0.041195,172.31.36.0-255,66,283160,10,283160
16813,0.0,172.31.36.0-255,66,66,10,66
16814,0.0,74.125.24.0-255,146,146,10,237772
16815,1.8e-05,172.31.36.0-255,66,212,10,237772
16816,2.5e-05,74.125.24.0-255,1484,1696,10,237772
16817,3.1e-05,172.31.36.0-255,66,1762,10,237772
16818,4.4e-05,74.125.24.0-255,2902,4664,10,237772
16819,4.8e-05,172.31.36.0-255,66,4730,10,237772
16820,5.4e-05,74.125.24.0-255,5738,10468,10,237772
16821,5.8e-05,172.31.36.0-255,66,10534,10,237772
16822,9.9e-05,74.125.24.0-255,3496,14030,10,237772
16823,0.000101,172.31.36.0-255,66,14096,10,237772
16824,0.000147,74.125.24.0-255,1484,15580,10,237772
16825,0.00015,172.31.36.0-255,66,15646,10,237772
16826,0.000156,74.125.24.0-255,2902,18548,10,237772
16827,0.00016,172.31.36.0-255,66,18614,10,237772
16828,0.000172,74.125.24.0-255,5738,24352,10,237772
16829,0.000175,172.31.36.0-255,66,24418,10,237772
16830,0.00021,74.125.24.0-255,6797,31215,10,237772
16831,0.000213,172.31.36.0-255,66,31281,10,237772
16832,0.000341,74.125.24.0-255,1484,32765,10,237772
16833,0.000344,172.31.36.0-255,66,32831,10,237772
16834,0.000373,74.125.24.0-255,2902,35733,10,237772
16835,0.000375,172.31.36.0-255,66,35799,10,237772
16836,0.000382,74.125.24.0-255,5738,41537,10,237772
16837,0.000384,172.31.36.0-255,66,41603,10,237772
16838,0.000417,74.125.24.0-255,6797,48400,10,237772
16839,0.00042,172.31.36.0-255,66,48466,10,237772
16840,0.000427,74.125.24.0-255,7156,55622,10,237772
16841,0.000429,172.31.36.0-255,66,55688,10,237772
16842,0.000466,172.31.36.0-255,66,55754,10,237772
16843,0.000647,74.125.24.0-255,131,55885,10,237772
16844,0.000652,172.31.36.0-255,66,55951,10,237772
16845,0.000685,74.125.24.0-255,1484,57435,10,237772
16846,0.00069,74.125.24.0-255,1484,58919,10,237772
16847,0.000693,172.31.36.0-255,66,58985,10,237772
16848,0.00071,74.125.24.0-255,1484,60469,10,237772
16849,0.000718,74.125.24.0-255,7156,67625,10,237772
16850,0.000721,172.31.36.0-255,66,67691,10,237772
16851,0.000728,74.125.24.0-255,5379,73070,10,237772
16852,0.00073,172.31.36.0-255,66,73136,10,237772
16853,0.000792,172.31.36.0-255,66,73202,10,237772
16854,0.000829,74.125.24.0-255,5379,78581,10,237772
16855,0.000833,172.31.36.0-255,66,78647,10,237772
16856,0.001023,74.125.24.0-255,347,78994,10,237772
16857,0.001239,74.125.24.0-255,1484,80478,10,237772
16858,0.001243,172.31.36.0-255,66,80544,10,237772
16859,0.001249,74.125.24.0-255,2902,83446,10,237772
16860,0.001251,172.31.36.0-255,66,83512,10,237772
16861,0.001254,74.125.24.0-255,1484,84996,10,237772
16862,0.001279,74.125.24.0-255,4320,89316,10,237772
16863,0.001281,172.31.36.0-255,66,89382,10,237772
16864,0.001293,172.31.36.0-255,66,89448,10,237772
16865,0.001332,172.31.36.0-255,66,89514,10,237772
16866,0.001336,74.125.24.0-255,2184,91698,10,237772
16867,0.001339,172.31.36.0-255,66,91764,10,237772
16868,0.001423,74.125.24.0-255,1484,93248,10,237772
16869,0.001426,74.125.24.0-255,1484,94732,10,237772
16870,0.001429,172.31.36.0-255,66,94798,10,237772
16871,0.001457,74.125.24.0-255,1484,96282,10,237772
16872,0.001465,74.125.24.0-255,5738,102020,10,237772
16873,0.001467,172.31.36.0-255,66,102086,10,237772
16874,0.001509,74.125.24.0-255,5738,107824,10,237772
16875,0.001512,172.31.36.0-255,66,107890,10,237772
16876,0.001539,74.125.24.0-255,7156,115046,10,237772
16877,0.001542,172.31.36.0-255,66,115112,10,237772
16878,0.001547,74.125.24.0-255,4320,119432,10,237772
16879,0.001549,172.31.36.0-255,66,119498,10,237772
16880,0.001561,74.125.24.0-255,6438,125936,10,237772
16881,0.001564,172.31.36.0-255,66,126002,10,237772
16882,0.001605,74.125.24.0-255,1484,127486,10,237772
16883,0.00161,74.125.24.0-255,1484,128970,10,237772
16884,0.001612,172.31.36.0-255,66,129036,10,237772
16885,0.001638,74.125.24.0-255,1484,130520,10,237772
16886,0.001645,74.125.24.0-255,5738,136258,10,237772
16887,0.001648,172.31.36.0-255,66,136324,10,237772
16888,0.001684,172.31.36.0-255,66,136390,10,237772
16889,0.001689,74.125.24.0-255,2902,139292,10,237772
16890,0.001691,172.31.36.0-255,66,139358,10,237772
16891,0.001729,74.125.24.0-255,5738,145096,10,237772
16892,0.001732,172.31.36.0-255,66,145162,10,237772
16893,0.001795,74.125.24.0-255,5020,150182,10,237772
16894,0.001798,172.31.36.0-255,66,150248,10,237772
16895,0.001947,74.125.24.0-255,1484,151732,10,237772
16896,0.001967,74.125.24.0-255,2902,154634,10,237772
16897,0.001971,172.31.36.0-255,66,154700,10,237772
16898,0.002003,74.125.24.0-255,5738,160438,10,237772
16899,0.002006,74.125.24.0-255,1484,161922,10,237772
16900,0.00201,172.31.36.0-255,66,161988,10,237772
16901,0.002019,74.125.24.0-255,1484,163472,10,237772
16902,0.002021,172.31.36.0-255,66,163538,10,237772
16903,0.002052,74.125.24.0-255,7156,170694,10,237772
16904,0.002055,172.31.36.0-255,66,170760,10,237772
16905,0.002071,172.31.36.0-255,66,170826,10,237772
16906,0.002102,74.125.24.0-255,5020,175846,10,237772
16907,0.002105,172.31.36.0-255,66,175912,10,237772
16908,0.00229,74.125.24.0-255,1484,177396,10,237772
16909,0.00233,74.125.24.0-255,2902,180298,10,237772
16910,0.002334,172.31.36.0-255,66,180364,10,237772
16911,0.00234,74.125.24.0-255,2902,183266,10,237772
16912,0.002342,172.31.36.0-255,66,183332,10,237772
16913,0.002374,74.125.24.0-255,2902,186234,10,237772
16914,0.002376,172.31.36.0-255,66,186300,10,237772
16915,0.002401,172.31.36.0-255,66,186366,10,237772
16916,0.002413,172.31.36.0-255,66,186432,10,237772
16917,0.002445,74.125.24.0-255,3602,190034,10,237772
16918,0.002448,172.31.36.0-255,66,190100,10,237772
16919,0.002463,172.31.36.0-255,66,190166,10,237772
16920,0.002496,172.31.36.0-255,66,190232,10,237772
16921,0.002503,74.125.24.0-255,5738,195970,10,237772
16922,0.002505,172.31.36.0-255,66,196036,10,237772
16923,0.002539,74.125.24.0-255,3602,199638,10,237772
16924,0.002542,172.31.36.0-255,66,199704,10,237772
16925,0.002554,172.31.36.0-255,66,199770,10,237772
16926,0.00257,172.31.36.0-255,66,199836,10,237772
16927,0.002601,74.125.24.0-255,2902,202738,10,237772
16928,0.002604,172.31.36.0-255,66,202804,10,237772
16929,0.002641,172.31.36.0-255,66,202870,10,237772
16930,0.002644,74.125.24.0-255,1484,204354,10,237772
16931,0.002689,74.125.24.0-255,4320,208674,10,237772
16932,0.002692,172.31.36.0-255,66,208740,10,237772
16933,0.002731,172.31.36.0-255,66,208806,10,237772
16934,0.002734,74.125.24.0-255,1484,210290,10,237772
16935,0.002737,74.125.24.0-255,1484,211774,10,237772
16936,0.002739,172.31.36.0-255,66,211840,10,237772
16937,0.002758,172.31.36.0-255,66,211906,10,237772
16938,0.002766,74.125.24.0-255,7156,219062,10,237772
16939,0.002768,172.31.36.0-255,66,219128,10,237772
16940,0.00278,172.31.36.0-255,66,219194,10,237772
16941,0.002787,74.125.24.0-255,5738,224932,10,237772
16942,0.00279,172.31.36.0-255,66,224998,10,237772
16943,0.002793,74.125.24.0-255,1484,226482,10,237772
16944,0.00284,172.31.36.0-255,66,226548,10,237772
16945,0.002847,74.125.24.0-255,6529,233077,10,237772
16946,0.002849,172.31.36.0-255,66,233143,10,237772
16947,0.002878,74.125.24.0-255,105,233248,10,237772
16948,0.009625,172.31.36.0-255,66,233314,10,237772
16949,0.009668,172.31.36.0-255,105,233419,10,237772
16950,0.012272,74.125.24.0-255,66,233485,10,237772
16951,0.035668,172.31.36.0-255,172,233657,10,237772
16952,0.035702,172.31.36.0-255,1113,234770,10,237772
16953,0.035764,172.31.36.0-255,1514,236284,10,237772
16954,0.035766,172.31.36.0-255,1290,237574,10,237772
16955,0.037219,104.244.42.0-255,66,237640,10,237772
16956,0.037395,104.244.42.0-255,66,237706,10,237772
16957,0.037399,104.244.42.0-255,66,237772,10,237772
16958,0.0,74.125.68.0-255,153,153,10,320949
16959,2.4e-05,172.31.36.0-255,66,219,10,320949
16960,3.2e-05,74.125.68.0-255,1484,1703,10,320949
16961,3.6e-05,172.31.36.0-255,66,1769,10,320949
16962,4.2e-05,74.125.68.0-255,2902,4671,10,320949
16963,4.6e-05,172.31.36.0-255,66,4737,10,320949
16964,5.1e-05,74.125.68.0-255,2902,7639,10,320949
16965,5.3e-05,172.31.36.0-255,66,7705,10,320949
16966,5.9e-05,74.125.68.0-255,4320,12025,10,320949
16967,6.2e-05,172.31.36.0-255,66,12091,10,320949
16968,0.000128,172.31.36.0-255,66,12157,10,320949
16969,0.00014,172.31.36.0-255,66,12223,10,320949
16970,0.000194,74.125.68.0-255,1484,13707,10,320949
16971,0.000198,172.31.36.0-255,66,13773,10,320949
16972,0.000203,74.125.68.0-255,2902,16675,10,320949
16973,0.000204,172.31.36.0-255,66,16741,10,320949
16974,0.000208,74.125.68.0-255,1484,18225,10,320949
16975,0.00021,172.31.36.0-255,66,18291,10,320949
16976,0.000238,74.125.68.0-255,4320,22611,10,320949
16977,0.00024,172.31.36.0-255,66,22677,10,320949
16978,0.000244,74.125.68.0-255,1484,24161,10,320949
16979,0.000246,172.31.36.0-255,66,24227,10,320949
16980,0.000264,74.125.68.0-255,5379,29606,10,320949
16981,0.000266,172.31.36.0-255,66,29672,10,320949
16982,0.000422,74.125.68.0-255,1484,31156,10,320949
16983,0.000425,172.31.36.0-255,66,31222,10,320949
16984,0.000441,74.125.68.0-255,2902,34124,10,320949
16985,0.000444,172.31.36.0-255,66,34190,10,320949
16986,0.00046,74.125.68.0-255,2902,37092,10,320949
16987,0.000463,172.31.36.0-255,66,37158,10,320949
16988,0.000466,74.125.68.0-255,1484,38642,10,320949
16989,0.000485,74.125.68.0-255,4320,42962,10,320949
16990,0.000488,172.31.36.0-255,66,43028,10,320949
16991,0.000507,74.125.68.0-255,1484,44512,10,320949
16992,0.000511,74.125.68.0-255,2874,47386,10,320949
16993,0.000513,172.31.36.0-255,66,47452,10,320949
16994,0.000739,74.125.68.0-255,347,47799,10,320949
16995,0.000902,74.125.68.0-255,1484,49283,10,320949
16996,0.000907,172.31.36.0-255,66,49349,10,320949
16997,0.000915,74.125.68.0-255,2902,52251,10,320949
16998,0.000918,172.31.36.0-255,66,52317,10,320949
16999,0.000924,74.125.68.0-255,5738,58055,10,320949
17000,0.000927,172.31.36.0-255,66,58121,10,320949
17001,0.000959,74.125.68.0-255,2902,61023,10,320949
17002,0.000962,172.31.36.0-255,66,61089,10,320949
17003,0.000988,172.31.36.0-255,66,61155,10,320949
17004,0.000993,74.125.68.0-255,2902,64057,10,320949
17005,0.000995,172.31.36.0-255,66,64123,10,320949
17006,0.001015,172.31.36.0-255,66,64189,10,320949
17007,0.001018,74.125.68.0-255,1125,65314,10,320949
17008,0.00174,74.125.68.0-255,1484,66798,10,320949
17009,0.001746,172.31.36.0-255,66,66864,10,320949
17010,0.00177,74.125.68.0-255,2902,69766,10,320949
17011,0.001773,172.31.36.0-255,66,69832,10,320949
17012,0.001776,74.125.68.0-255,1484,71316,10,320949
17013,0.001779,74.125.68.0-255,1484,72800,10,320949
17014,0.001781,172.31.36.0-255,66,72866,10,320949
17015,0.001799,74.125.68.0-255,1484,74350,10,320949
17016,0.001806,74.125.68.0-255,5738,80088,10,320949
17017,0.001808,172.31.36.0-255,66,80154,10,320949
17018,0.001833,74.125.68.0-255,1484,81638,10,320949
17019,0.00186,172.31.36.0-255,66,81704,10,320949
17020,0.001892,74.125.68.0-255,7156,88860,10,320949
17021,0.001894,172.31.36.0-255,66,88926,10,320949
17022,0.001914,74.125.68.0-255,2184,91110,10,320949
17023,0.001917,172.31.36.0-255,66,91176,10,320949
17024,0.002277,74.125.68.0-255,1484,92660,10,320949
17025,0.002284,74.125.68.0-255,2902,95562,10,320949
17026,0.002288,172.31.36.0-255,66,95628,10,320949
17027,0.002295,74.125.68.0-255,4320,99948,10,320949
17028,0.002298,172.31.36.0-255,66,100014,10,320949
17029,0.002319,74.125.68.0-255,5738,105752,10,320949
17030,0.002321,172.31.36.0-255,66,105818,10,320949
17031,0.002365,172.31.36.0-255,66,105884,10,320949
17032,0.002369,74.125.68.0-255,1484,107368,10,320949
17033,0.004685,74.125.68.0-255,4320,111688,10,320949
17034,0.004692,172.31.36.0-255,66,111754,10,320949
17035,0.007013,74.125.68.0-255,4320,116074,10,320949
17036,0.007017,172.31.36.0-255,66,116140,10,320949
17037,0.007036,74.125.68.0-255,1484,117624,10,320949
17038,0.009345,74.125.68.0-255,4320,121944,10,320949
17039,0.009353,172.31.36.0-255,66,122010,10,320949
17040,0.011672,74.125.68.0-255,5738,127748,10,320949
17041,0.01168,172.31.36.0-255,66,127814,10,320949
17042,0.014002,74.125.68.0-255,5738,133552,10,320949
17043,0.01401,172.31.36.0-255,66,133618,10,320949
17044,0.016341,74.125.68.0-255,5738,139356,10,320949
17045,0.016351,172.31.36.0-255,66,139422,10,320949
17046,0.018705,74.125.68.0-255,4320,143742,10,320949
17047,0.018712,172.31.36.0-255,66,143808,10,320949
17048,0.018729,74.125.68.0-255,1484,145292,10,320949
17049,0.021053,74.125.68.0-255,4320,149612,10,320949
17050,0.02106,172.31.36.0-255,66,149678,10,320949
17051,0.023392,74.125.68.0-255,5738,155416,10,320949
17052,0.023399,172.31.36.0-255,66,155482,10,320949
17053,0.025727,74.125.68.0-255,5738,161220,10,320949
17054,0.025734,172.31.36.0-255,66,161286,10,320949
17055,0.028053,74.125.68.0-255,4320,165606,10,320949
17056,0.028059,172.31.36.0-255,66,165672,10,320949
17057,0.028075,74.125.68.0-255,1484,167156,10,320949
17058,0.028975,172.31.36.0-255,192,167348,10,320949
17059,0.029005,172.31.36.0-255,956,168304,10,320949
17060,0.029054,172.31.36.0-255,1514,169818,10,320949
17061,0.029055,172.31.36.0-255,1447,171265,10,320949
17062,0.030395,74.125.68.0-255,4320,175585,10,320949
17063,0.030401,172.31.36.0-255,66,175651,10,320949
17064,0.030529,104.244.42.0-255,66,175717,10,320949
17065,0.030576,104.244.42.0-255,66,175783,10,320949
17066,0.030664,104.244.42.0-255,66,175849,10,320949
17067,0.032745,74.125.68.0-255,5738,181587,10,320949
17068,0.03275,172.31.36.0-255,66,181653,10,320949
17069,0.035081,74.125.68.0-255,5738,187391,10,320949
17070,0.035087,172.31.36.0-255,66,187457,10,320949
17071,0.037402,74.125.68.0-255,5738,193195,10,320949
17072,0.037408,172.31.36.0-255,66,193261,10,320949
17073,0.039733,74.125.68.0-255,5738,198999,10,320949
17074,0.03974,172.31.36.0-255,66,199065,10,320949
17075,0.042087,74.125.68.0-255,5738,204803,10,320949
17076,0.042095,172.31.36.0-255,66,204869,10,320949
17077,0.044425,74.125.68.0-255,5738,210607,10,320949
17078,0.044431,172.31.36.0-255,66,210673,10,320949
17079,0.046756,74.125.68.0-255,5738,216411,10,320949
17080,0.046762,172.31.36.0-255,66,216477,10,320949
17081,0.049082,74.125.68.0-255,5738,222215,10,320949
17082,0.049088,172.31.36.0-255,66,222281,10,320949
17083,0.051415,74.125.68.0-255,5738,228019,10,320949
17084,0.051422,172.31.36.0-255,66,228085,10,320949
17085,0.053749,74.125.68.0-255,5738,233823,10,320949
17086,0.053756,172.31.36.0-255,66,233889,10,320949
17087,0.0561,74.125.68.0-255,5738,239627,10,320949
17088,0.056107,172.31.36.0-255,66,239693,10,320949
17089,0.058436,74.125.68.0-255,5738,245431,10,320949
17090,0.058443,172.31.36.0-255,66,245497,10,320949
17091,0.060776,74.125.68.0-255,5738,251235,10,320949
17092,0.060781,172.31.36.0-255,66,251301,10,320949
17093,0.063094,74.125.68.0-255,5738,257039,10,320949
17094,0.063101,172.31.36.0-255,66,257105,10,320949
17095,0.065427,74.125.68.0-255,5738,262843,10,320949
17096,0.065434,172.31.36.0-255,66,262909,10,320949
17097,0.067757,74.125.68.0-255,5738,268647,10,320949
17098,0.067767,172.31.36.0-255,66,268713,10,320949
17099,0.0701,74.125.68.0-255,5738,274451,10,320949
17100,0.070108,172.31.36.0-255,66,274517,10,320949
17101,0.072443,74.125.68.0-255,5738,280255,10,320949
17102,0.072448,172.31.36.0-255,66,280321,10,320949
17103,0.074782,74.125.68.0-255,5738,286059,10,320949
17104,0.074789,172.31.36.0-255,66,286125,10,320949
17105,0.077117,74.125.68.0-255,5738,291863,10,320949
17106,0.077124,172.31.36.0-255,66,291929,10,320949
17107,0.079465,74.125.68.0-255,5738,297667,10,320949
17108,0.07947,172.31.36.0-255,66,297733,10,320949
17109,0.0818,74.125.68.0-255,5738,303471,10,320949
17110,0.081807,172.31.36.0-255,66,303537,10,320949
17111,0.084141,74.125.68.0-255,5738,309275,10,320949
17112,0.084148,172.31.36.0-255,66,309341,10,320949
17113,0.086477,74.125.68.0-255,5738,315079,10,320949
17114,0.086484,172.31.36.0-255,66,315145,10,320949
17115,0.088809,74.125.68.0-255,5738,320883,10,320949
17116,0.088815,172.31.36.0-255,66,320949,10,320949
17117,0.0,172.217.194.0-255,152,152,10,200146
17118,1.9e-05,172.31.36.0-255,66,218,10,200146
17119,2.5e-05,172.217.194.0-255,1484,1702,10,200146
17120,2.9e-05,172.31.36.0-255,66,1768,10,200146
17121,3.5e-05,172.217.194.0-255,2902,4670,10,200146
17122,3.7e-05,172.31.36.0-255,66,4736,10,200146
17123,7.6e-05,172.217.194.0-255,7156,11892,10,200146
17124,7.9e-05,172.31.36.0-255,66,11958,10,200146
17125,8.5e-05,172.217.194.0-255,4936,16894,10,200146
17126,8.7e-05,172.31.36.0-255,66,16960,10,200146
17127,0.000101,172.31.36.0-255,66,17026,10,200146
17128,0.000115,172.217.194.0-255,2543,19569,10,200146
17129,0.000118,172.31.36.0-255,66,19635,10,200146
17130,0.000162,172.217.194.0-255,1484,21119,10,200146
17131,0.000164,172.31.36.0-255,66,21185,10,200146
17132,0.000182,172.217.194.0-255,2902,24087,10,200146
17133,0.000184,172.31.36.0-255,66,24153,10,200146
17134,0.000191,172.217.194.0-255,5738,29891,10,200146
17135,0.000194,172.31.36.0-255,66,29957,10,200146
17136,0.000249,172.31.36.0-255,66,30023,10,200146
17137,0.00027,172.217.194.0-255,3961,33984,10,200146
17138,0.000272,172.31.36.0-255,66,34050,10,200146
17139,0.000284,172.31.36.0-255,66,34116,10,200146
17140,0.000435,172.217.194.0-255,378,34494,10,200146
17141,0.00044,172.31.36.0-255,66,34560,10,200146
17142,0.000599,172.217.194.0-255,1484,36044,10,200146
17143,0.000604,172.31.36.0-255,66,36110,10,200146
17144,0.00061,172.217.194.0-255,2902,39012,10,200146
17145,0.000613,172.31.36.0-255,66,39078,10,200146
17146,0.00062,172.217.194.0-255,5738,44816,10,200146
17147,0.000623,172.31.36.0-255,66,44882,10,200146
17148,0.000663,172.31.36.0-255,66,44948,10,200146
17149,0.00067,172.217.194.0-255,7156,52104,10,200146
17150,0.000673,172.31.36.0-255,66,52170,10,200146
17151,0.000708,172.217.194.0-255,3602,55772,10,200146
17152,0.00071,172.31.36.0-255,66,55838,10,200146
17153,0.001005,172.217.194.0-255,1484,57322,10,200146
17154,0.001012,172.217.194.0-255,2902,60224,10,200146
17155,0.001016,172.31.36.0-255,66,60290,10,200146
17156,0.001023,172.217.194.0-255,5738,66028,10,200146
17157,0.001025,172.31.36.0-255,66,66094,10,200146
17158,0.001044,172.217.194.0-255,2902,68996,10,200146
17159,0.001046,172.31.36.0-255,66,69062,10,200146
17160,0.001089,172.31.36.0-255,66,69128,10,200146
17161,0.001101,172.31.36.0-255,66,69194,10,200146
17162,0.001122,172.217.194.0-255,1484,70678,10,200146
17163,0.001128,172.217.194.0-255,2902,73580,10,200146
17164,0.00113,172.31.36.0-255,66,73646,10,200146
17165,0.001137,172.217.194.0-255,5738,79384,10,200146
17166,0.00114,172.31.36.0-255,66,79450,10,200146
17167,0.001176,172.31.36.0-255,66,79516,10,200146
17168,0.001204,172.31.36.0-255,66,79582,10,200146
17169,0.00121,172.217.194.0-255,766,80348,10,200146
17170,0.001321,172.217.194.0-255,1484,81832,10,200146
17171,0.001325,172.31.36.0-255,66,81898,10,200146
17172,0.00133,172.217.194.0-255,2902,84800,10,200146
17173,0.001333,172.31.36.0-255,66,84866,10,200146
17174,0.001338,172.217.194.0-255,2902,87768,10,200146
17175,0.00134,172.31.36.0-255,66,87834,10,200146
17176,0.001359,172.217.194.0-255,2902,90736,10,200146
17177,0.001362,172.31.36.0-255,66,90802,10,200146
17178,0.001376,172.31.36.0-255,66,90868,10,200146
17179,0.001379,172.217.194.0-255,1484,92352,10,200146
17180,0.001402,172.31.36.0-255,66,92418,10,200146
17181,0.001455,172.217.194.0-255,1484,93902,10,200146
17182,0.001461,172.217.194.0-255,2902,96804,10,200146
17183,0.001464,172.31.36.0-255,66,96870,10,200146
17184,0.001469,172.217.194.0-255,4320,101190,10,200146
17185,0.001472,172.31.36.0-255,66,101256,10,200146
17186,0.001484,172.217.194.0-255,1484,102740,10,200146
17187,0.001508,172.31.36.0-255,66,102806,10,200146
17188,0.001523,172.217.194.0-255,1484,104290,10,200146
17189,0.001528,172.217.194.0-255,2902,107192,10,200146
17190,0.00153,172.31.36.0-255,66,107258,10,200146
17191,0.00156,172.31.36.0-255,66,107324,10,200146
17192,0.001611,172.217.194.0-255,1484,108808,10,200146
17193,0.001616,172.217.194.0-255,2902,111710,10,200146
17194,0.001618,172.31.36.0-255,66,111776,10,200146
17195,0.001642,172.217.194.0-255,5738,117514,10,200146
17196,0.001645,172.31.36.0-255,66,117580,10,200146
17197,0.001663,172.31.36.0-255,66,117646,10,200146
17198,0.001686,172.217.194.0-255,5738,123384,10,200146
17199,0.001688,172.31.36.0-255,66,123450,10,200146
17200,0.001706,172.217.194.0-255,5020,128470,10,200146
17201,0.00171,172.31.36.0-255,66,128536,10,200146
17202,0.001741,172.217.194.0-255,1484,130020,10,200146
17203,0.001746,172.217.194.0-255,2902,132922,10,200146
17204,0.001749,172.31.36.0-255,66,132988,10,200146
17205,0.001771,172.217.194.0-255,5738,138726,10,200146
17206,0.001773,172.31.36.0-255,66,138792,10,200146
17207,0.001776,172.217.194.0-255,1484,140276,10,200146
17208,0.001801,172.31.36.0-255,66,140342,10,200146
17209,0.001816,172.217.194.0-255,1484,141826,10,200146
17210,0.001847,172.31.36.0-255,66,141892,10,200146
17211,0.001894,172.217.194.0-255,5738,147630,10,200146
17212,0.001928,172.217.194.0-255,1484,149114,10,200146
17213,0.001947,172.217.194.0-255,2902,152016,10,200146
17214,0.001951,172.217.194.0-255,2902,154918,10,200146
17215,0.001968,172.217.194.0-255,2902,157820,10,200146
17216,0.001974,172.217.194.0-255,5738,163558,10,200146
17217,0.001993,172.217.194.0-255,7156,170714,10,200146
17218,0.001996,172.217.194.0-255,1484,172198,10,200146
17219,0.002024,172.217.194.0-255,7156,179354,10,200146
17220,0.002041,172.217.194.0-255,4320,183674,10,200146
17221,0.002096,172.217.194.0-255,7156,190830,10,200146
17222,0.002141,172.217.194.0-255,4683,195513,10,200146
17223,0.002189,172.217.194.0-255,105,195618,10,200146
17224,0.005343,172.31.36.0-255,66,195684,10,200146
17225,0.008432,172.31.36.0-255,105,195789,10,200146
17226,0.010972,172.217.194.0-255,66,195855,10,200146
17227,0.029072,172.31.36.0-255,176,196031,10,200146
17228,0.029107,172.31.36.0-255,1112,197143,10,200146
17229,0.029161,172.31.36.0-255,1514,198657,10,200146
17230,0.029163,172.31.36.0-255,1291,199948,10,200146
17231,0.030635,104.244.42.0-255,66,200014,10,200146
17232,0.030674,104.244.42.0-255,66,200080,10,200146
17233,0.030719,104.244.42.0-255,66,200146,10,200146
17234,0.0,74.125.200.0-255,153,153,10,321182
17235,1.6e-05,172.31.36.0-255,66,219,10,321182
17236,2.3e-05,74.125.200.0-255,1484,1703,10,321182
17237,2.7e-05,172.31.36.0-255,66,1769,10,321182
17238,3.3e-05,74.125.200.0-255,2902,4671,10,321182
17239,3.6e-05,172.31.36.0-255,66,4737,10,321182
17240,5.9e-05,74.125.200.0-255,4320,9057,10,321182
17241,6.2e-05,172.31.36.0-255,66,9123,10,321182
17242,9.8e-05,74.125.200.0-255,4884,14007,10,321182
17243,0.000101,172.31.36.0-255,66,14073,10,321182
17244,0.000122,74.125.200.0-255,4320,18393,10,321182
17245,0.000125,172.31.36.0-255,66,18459,10,321182
17246,0.000142,74.125.200.0-255,1484,19943,10,321182
17247,0.000145,172.31.36.0-255,66,20009,10,321182
17248,0.000151,74.125.200.0-255,5738,25747,10,321182
17249,0.000153,172.31.36.0-255,66,25813,10,321182
17250,0.000188,74.125.200.0-255,5379,31192,10,321182
17251,0.000191,172.31.36.0-255,66,31258,10,321182
17252,0.00024,74.125.200.0-255,1484,32742,10,321182
17253,0.000242,172.31.36.0-255,66,32808,10,321182
17254,0.000248,74.125.200.0-255,2902,35710,10,321182
17255,0.00025,172.31.36.0-255,66,35776,10,321182
17256,0.000279,74.125.200.0-255,5738,41514,10,321182
17257,0.000282,172.31.36.0-255,66,41580,10,321182
17258,0.000285,74.125.200.0-255,1484,43064,10,321182
17259,0.000287,172.31.36.0-255,66,43130,10,321182
17260,0.000311,74.125.200.0-255,5379,48509,10,321182
17261,0.000314,172.31.36.0-255,66,48575,10,321182
17262,0.000332,74.125.200.0-255,4320,52895,10,321182
17263,0.000334,172.31.36.0-255,66,52961,10,321182
17264,0.000355,74.125.200.0-255,2902,55863,10,321182
17265,0.000358,172.31.36.0-255,66,55929,10,321182
17266,0.000362,74.125.200.0-255,2902,58831,10,321182
17267,0.000364,172.31.36.0-255,66,58897,10,321182
17268,0.000398,74.125.200.0-255,7152,66049,10,321182
17269,0.000401,172.31.36.0-255,66,66115,10,321182
17270,0.000494,74.125.200.0-255,331,66446,10,321182
17271,0.001023,74.125.200.0-255,1484,67930,10,321182
17272,0.001028,172.31.36.0-255,66,67996,10,321182
17273,0.001045,74.125.200.0-255,2902,70898,10,321182
17274,0.001047,172.31.36.0-255,66,70964,10,321182
17275,0.001051,74.125.200.0-255,1484,72448,10,321182
17276,0.001073,74.125.200.0-255,4320,76768,10,321182
17277,0.001076,172.31.36.0-255,66,76834,10,321182
17278,0.001082,74.125.200.0-255,4320,81154,10,321182
17279,0.001084,172.31.36.0-255,66,81220,10,321182
17280,0.001112,74.125.200.0-255,5738,86958,10,321182
17281,0.001115,172.31.36.0-255,66,87024,10,321182
17282,0.001118,74.125.200.0-255,1484,88508,10,321182
17283,0.001147,172.31.36.0-255,66,88574,10,321182
17284,0.001172,74.125.200.0-255,2184,90758,10,321182
17285,0.001175,172.31.36.0-255,66,90824,10,321182
17286,0.001842,74.125.200.0-255,1484,92308,10,321182
17287,0.001852,74.125.200.0-255,2902,95210,10,321182
17288,0.001856,172.31.36.0-255,66,95276,10,321182
17289,0.001864,74.125.200.0-255,5738,101014,10,321182
17290,0.001866,172.31.36.0-255,66,101080,10,321182
17291,0.001882,74.125.200.0-255,1484,102564,10,321182
17292,0.001895,74.125.200.0-255,2902,105466,10,321182
17293,0.001897,172.31.36.0-255,66,105532,10,321182
17294,0.001918,74.125.200.0-255,5738,111270,10,321182
17295,0.00192,172.31.36.0-255,66,111336,10,321182
17296,0.001935,74.125.200.0-255,2902,114238,10,321182
17297,0.001937,172.31.36.0-255,66,114304,10,321182
17298,0.001954,74.125.200.0-255,4320,118624,10,321182
17299,0.001956,172.31.36.0-255,66,118690,10,321182
17300,0.001995,74.125.200.0-255,6438,125128,10,321182
17301,0.001997,172.31.36.0-255,66,125194,10,321182
17302,0.004559,74.125.200.0-255,5738,130932,10,321182
17303,0.004566,172.31.36.0-255,66,130998,10,321182
17304,0.007123,74.125.200.0-255,5738,136736,10,321182
17305,0.007129,172.31.36.0-255,66,136802,10,321182
17306,0.009705,74.125.200.0-255,5738,142540,10,321182
17307,0.009717,172.31.36.0-255,66,142606,10,321182
17308,0.012328,74.125.200.0-255,5738,148344,10,321182
17309,0.01234,172.31.36.0-255,66,148410,10,321182
17310,0.014927,74.125.200.0-255,5738,154148,10,321182
17311,0.014942,172.31.36.0-255,66,154214,10,321182
17312,0.017531,74.125.200.0-255,5738,159952,10,321182
17313,0.017546,172.31.36.0-255,66,160018,10,321182
17314,0.020133,74.125.200.0-255,5738,165756,10,321182
17315,0.020148,172.31.36.0-255,66,165822,10,321182
17316,0.022718,74.125.200.0-255,5738,171560,10,321182
17317,0.022734,172.31.36.0-255,66,171626,10,321182
17318,0.024382,172.31.36.0-255,167,171793,10,321182
17319,0.024426,172.31.36.0-255,1113,172906,10,321182
17320,0.024499,172.31.36.0-255,1514,174420,10,321182
17321,0.024501,172.31.36.0-255,1290,175710,10,321182
17322,0.025338,74.125.200.0-255,5738,181448,10,321182
17323,0.025346,172.31.36.0-255,66,181514,10,321182
17324,0.025948,104.244.42.0-255,66,181580,10,321182
17325,0.025982,104.244.42.0-255,66,181646,10,321182
17326,0.026073,104.244.42.0-255,66,181712,10,321182
17327,0.026976,104.244.42.0-255,108,181820,10,321182
17328,0.026986,172.31.36.0-255,66,181886,10,321182
17329,0.027922,74.125.200.0-255,5738,187624,10,321182
17330,0.027927,172.31.36.0-255,66,187690,10,321182
17331,0.030496,74.125.200.0-255,5738,193428,10,321182
17332,0.030502,172.31.36.0-255,66,193494,10,321182
17333,0.033072,74.125.200.0-255,5738,199232,10,321182
17334,0.033079,172.31.36.0-255,66,199298,10,321182
17335,0.03565,74.125.200.0-255,5738,205036,10,321182
17336,0.035657,172.31.36.0-255,66,205102,10,321182
17337,0.038231,74.125.200.0-255,5738,210840,10,321182
17338,0.038239,172.31.36.0-255,66,210906,10,321182
17339,0.040818,74.125.200.0-255,5738,216644,10,321182
17340,0.040825,172.31.36.0-255,66,216710,10,321182
17341,0.043401,74.125.200.0-255,5738,222448,10,321182
17342,0.043414,172.31.36.0-255,66,222514,10,321182
17343,0.046003,74.125.200.0-255,5738,228252,10,321182
17344,0.046015,172.31.36.0-255,66,228318,10,321182
17345,0.048609,74.125.200.0-255,5738,234056,10,321182
17346,0.048617,172.31.36.0-255,66,234122,10,321182
17347,0.051199,74.125.200.0-255,5738,239860,10,321182
17348,0.051208,172.31.36.0-255,66,239926,10,321182
17349,0.053808,74.125.200.0-255,5738,245664,10,321182
17350,0.053815,172.31.36.0-255,66,245730,10,321182
17351,0.056404,74.125.200.0-255,5738,251468,10,321182
17352,0.056414,172.31.36.0-255,66,251534,10,321182
17353,0.05899,74.125.200.0-255,5738,257272,10,321182
17354,0.059001,172.31.36.0-255,66,257338,10,321182
17355,0.061585,74.125.200.0-255,5738,263076,10,321182
17356,0.061591,172.31.36.0-255,66,263142,10,321182
17357,0.064182,74.125.200.0-255,5738,268880,10,321182
17358,0.064189,172.31.36.0-255,66,268946,10,321182
17359,0.066759,74.125.200.0-255,5738,274684,10,321182
17360,0.066767,172.31.36.0-255,66,274750,10,321182
17361,0.069374,74.125.200.0-255,5738,280488,10,321182
17362,0.069381,172.31.36.0-255,66,280554,10,321182
17363,0.07195,74.125.200.0-255,5738,286292,10,321182
17364,0.071956,172.31.36.0-255,66,286358,10,321182
17365,0.074523,74.125.200.0-255,5738,292096,10,321182
17366,0.07453,172.31.36.0-255,66,292162,10,321182
17367,0.077104,74.125.200.0-255,5738,297900,10,321182
17368,0.077111,172.31.36.0-255,66,297966,10,321182
17369,0.079692,74.125.200.0-255,5738,303704,10,321182
17370,0.079698,172.31.36.0-255,66,303770,10,321182
17371,0.082291,74.125.200.0-255,5738,309508,10,321182
17372,0.082298,172.31.36.0-255,66,309574,10,321182
17373,0.084869,74.125.200.0-255,5738,315312,10,321182
17374,0.084875,172.31.36.0-255,66,315378,10,321182
17375,0.087451,74.125.200.0-255,5738,321116,10,321182
17376,0.087457,172.31.36.0-255,66,321182,10,321182
17377,0.0,172.253.118.0-255,153,153,10,377977
17378,3.4e-05,172.31.36.0-255,66,219,10,377977
17379,4.1e-05,172.253.118.0-255,1484,1703,10,377977
17380,4.5e-05,172.31.36.0-255,66,1769,10,377977
17381,5.9e-05,172.253.118.0-255,2902,4671,10,377977
17382,6.2e-05,172.31.36.0-255,66,4737,10,377977
17383,6.9e-05,172.253.118.0-255,5738,10475,10,377977
17384,7.1e-05,172.31.36.0-255,66,10541,10,377977
17385,7.6e-05,172.253.118.0-255,3521,14062,10,377977
17386,8.1e-05,172.31.36.0-255,66,14128,10,377977
17387,0.000105,172.253.118.0-255,4320,18448,10,377977
17388,0.000107,172.31.36.0-255,66,18514,10,377977
17389,0.000113,172.253.118.0-255,4320,22834,10,377977
17390,0.000121,172.31.36.0-255,66,22900,10,377977
17391,0.000133,172.253.118.0-255,1484,24384,10,377977
17392,0.000135,172.31.36.0-255,66,24450,10,377977
17393,0.000169,172.253.118.0-255,6797,31247,10,377977
17394,0.000172,172.31.36.0-255,66,31313,10,377977
17395,0.000299,172.253.118.0-255,1484,32797,10,377977
17396,0.000303,172.31.36.0-255,66,32863,10,377977
17397,0.00031,172.253.118.0-255,2902,35765,10,377977
17398,0.000313,172.31.36.0-255,66,35831,10,377977
17399,0.000337,172.253.118.0-255,5738,41569,10,377977
17400,0.000345,172.31.36.0-255,66,41635,10,377977
17401,0.000393,172.31.36.0-255,66,41701,10,377977
17402,0.000411,172.31.36.0-255,66,41767,10,377977
17403,0.000414,172.253.118.0-255,1125,42892,10,377977
17404,0.000418,172.31.36.0-255,66,42958,10,377977
17405,0.000845,172.253.118.0-255,647,43605,10,377977
17406,0.00085,172.31.36.0-255,66,43671,10,377977
17407,0.00104,172.253.118.0-255,1484,45155,10,377977
17408,0.001046,172.253.118.0-255,1484,46639,10,377977
17409,0.001063,172.253.118.0-255,1484,48123,10,377977
17410,0.00107,172.253.118.0-255,5738,53861,10,377977
17411,0.00108,172.253.118.0-255,1484,55345,10,377977
17412,0.001104,172.253.118.0-255,7156,62501,10,377977
17413,0.001124,172.253.118.0-255,4320,66821,10,377977
17414,0.00113,172.253.118.0-255,5738,72559,10,377977
17415,0.001145,172.253.118.0-255,2902,75461,10,377977
17416,0.00117,172.253.118.0-255,2184,77645,10,377977
17417,0.001294,172.253.118.0-255,1484,79129,10,377977
17418,0.001319,172.253.118.0-255,2902,82031,10,377977
17419,0.001339,172.253.118.0-255,4320,86351,10,377977
17420,0.001353,172.253.118.0-255,1484,87835,10,377977
17421,0.001356,172.253.118.0-255,1484,89319,10,377977
17422,0.001373,172.253.118.0-255,2902,92221,10,377977
17423,0.00138,172.253.118.0-255,5738,97959,10,377977
17424,0.001383,172.253.118.0-255,1484,99443,10,377977
17425,0.001399,172.253.118.0-255,5738,105181,10,377977
17426,0.001425,172.253.118.0-255,2902,108083,10,377977
17427,0.001439,172.253.118.0-255,3602,111685,10,377977
17428,0.001458,172.253.118.0-255,4320,116005,10,377977
17429,0.001475,172.253.118.0-255,2902,118907,10,377977
17430,0.00148,172.253.118.0-255,4320,123227,10,377977
17431,0.001505,172.253.118.0-255,5738,128965,10,377977
17432,0.00152,172.253.118.0-255,7156,136121,10,377977
17433,0.001789,172.253.118.0-255,1484,137605,10,377977
17434,0.001793,172.253.118.0-255,2902,140507,10,377977
17435,0.001812,172.253.118.0-255,4320,144827,10,377977
17436,0.001828,172.253.118.0-255,1484,146311,10,377977
17437,0.001865,172.253.118.0-255,1484,147795,10,377977
17438,0.001886,172.253.118.0-255,2902,150697,10,377977
17439,0.001908,172.253.118.0-255,6438,157135,10,377977
17440,0.002171,172.253.118.0-255,1484,158619,10,377977
17441,0.002184,172.253.118.0-255,1484,160103,10,377977
17442,0.002196,172.253.118.0-255,1484,161587,10,377977
17443,0.002202,172.253.118.0-255,5738,167325,10,377977
17444,0.002229,172.253.118.0-255,5738,173063,10,377977
17445,0.002253,172.253.118.0-255,7156,180219,10,377977
17446,0.002259,172.253.118.0-255,7156,187375,10,377977
17447,0.002273,172.253.118.0-255,3602,190977,10,377977
17448,0.006417,172.31.36.0-255,66,191043,10,377977
17449,0.008676,172.253.118.0-255,5738,196781,10,377977
17450,0.008685,172.31.36.0-255,66,196847,10,377977
17451,0.010944,172.253.118.0-255,5738,202585,10,377977
17452,0.010953,172.31.36.0-255,66,202651,10,377977
17453,0.013178,172.253.118.0-255,5738,208389,10,377977
17454,0.013185,172.31.36.0-255,66,208455,10,377977
17455,0.01546,172.253.118.0-255,5738,214193,10,377977
17456,0.015889,172.31.36.0-255,66,214259,10,377977
17457,0.018138,172.253.118.0-255,5738,219997,10,377977
17458,0.018146,172.31.36.0-255,66,220063,10,377977
17459,0.020435,172.253.118.0-255,5738,225801,10,377977
17460,0.020448,172.31.36.0-255,66,225867,10,377977
17461,0.022704,172.253.118.0-255,5738,231605,10,377977
17462,0.022712,172.31.36.0-255,66,231671,10,377977
17463,0.024959,172.253.118.0-255,5738,237409,10,377977
17464,0.02497,172.31.36.0-255,66,237475,10,377977
17465,0.027234,172.253.118.0-255,5738,243213,10,377977
17466,0.027245,172.31.36.0-255,66,243279,10,377977
17467,0.029503,172.253.118.0-255,5738,249017,10,377977
17468,0.02951,172.31.36.0-255,66,249083,10,377977
17469,0.031781,172.253.118.0-255,5738,254821,10,377977
17470,0.031791,172.31.36.0-255,66,254887,10,377977
17471,0.034042,172.253.118.0-255,5738,260625,10,377977
17472,0.034052,172.31.36.0-255,66,260691,10,377977
17473,0.036304,172.253.118.0-255,5738,266429,10,377977
17474,0.036313,172.31.36.0-255,66,266495,10,377977
17475,0.038557,172.253.118.0-255,5738,272233,10,377977
17476,0.038564,172.31.36.0-255,66,272299,10,377977
17477,0.038981,172.31.36.0-255,172,272471,10,377977
17478,0.039008,172.31.36.0-255,1112,273583,10,377977
17479,0.039046,172.31.36.0-255,1514,275097,10,377977
17480,0.039047,172.31.36.0-255,1291,276388,10,377977
17481,0.040502,104.244.42.0-255,66,276454,10,377977
17482,0.040575,104.244.42.0-255,66,276520,10,377977
17483,0.040579,104.244.42.0-255,66,276586,10,377977
17484,0.040798,172.253.118.0-255,5738,282324,10,377977
17485,0.040803,172.31.36.0-255,66,282390,10,377977
17486,0.043049,172.253.118.0-255,5738,288128,10,377977
17487,0.043055,172.31.36.0-255,66,288194,10,377977
17488,0.045302,172.253.118.0-255,5738,293932,10,377977
17489,0.045308,172.31.36.0-255,66,293998,10,377977
17490,0.047545,172.253.118.0-255,5738,299736,10,377977
17491,0.047551,172.31.36.0-255,66,299802,10,377977
17492,0.049783,172.253.118.0-255,5738,305540,10,377977
17493,0.049789,172.31.36.0-255,66,305606,10,377977
17494,0.052068,172.253.118.0-255,5738,311344,10,377977
17495,0.052091,172.31.36.0-255,66,311410,10,377977
17496,0.054331,172.253.118.0-255,5738,317148,10,377977
17497,0.054336,172.31.36.0-255,66,317214,10,377977
17498,0.056574,172.253.118.0-255,5738,322952,10,377977
17499,0.056579,172.31.36.0-255,66,323018,10,377977
17500,0.058817,172.253.118.0-255,5738,328756,10,377977
17501,0.058824,172.31.36.0-255,66,328822,10,377977
17502,0.06107,172.253.118.0-255,5738,334560,10,377977
17503,0.061077,172.31.36.0-255,66,334626,10,377977
17504,0.063321,172.253.118.0-255,5738,340364,10,377977
17505,0.063333,172.31.36.0-255,66,340430,10,377977
17506,0.065601,172.253.118.0-255,5738,346168,10,377977
17507,0.065614,172.31.36.0-255,66,346234,10,377977
17508,0.067855,172.253.118.0-255,5738,351972,10,377977
17509,0.067862,172.31.36.0-255,66,352038,10,377977
17510,0.070112,172.253.118.0-255,5738,357776,10,377977
17511,0.070118,172.31.36.0-255,66,357842,10,377977
17512,0.072357,172.253.118.0-255,5738,363580,10,377977
17513,0.072362,172.31.36.0-255,66,363646,10,377977
17514,0.074604,172.253.118.0-255,5738,369384,10,377977
17515,0.074611,172.31.36.0-255,66,369450,10,377977
17516,0.076843,172.253.118.0-255,2902,372352,10,377977
17517,0.07685,172.31.36.0-255,66,372418,10,377977
17518,0.076887,172.253.118.0-255,2902,375320,10,377977
17519,0.076891,172.31.36.0-255,66,375386,10,377977
17520,0.07909,172.253.118.0-255,2354,377740,10,377977
17521,0.079095,172.31.36.0-255,66,377806,10,377977
17522,0.079279,172.31.36.0-255,105,377911,10,377977
17523,0.081484,172.253.118.0-255,66,377977,10,377977
17524,0.0,172.217.194.0-255,153,153,10,152950
17525,1.6e-05,172.31.36.0-255,66,219,10,152950
17526,2.3e-05,172.217.194.0-255,1484,1703,10,152950
17527,2.7e-05,172.31.36.0-255,66,1769,10,152950
17528,3.2e-05,172.217.194.0-255,2902,4671,10,152950
17529,3.6e-05,172.31.36.0-255,66,4737,10,152950
17530,5e-05,172.217.194.0-255,7156,11893,10,152950
17531,5.4e-05,172.31.36.0-255,66,11959,10,152950
17532,7e-05,172.217.194.0-255,2902,14861,10,152950
17533,7.2e-05,172.31.36.0-255,66,14927,10,152950
17534,0.000107,172.31.36.0-255,66,14993,10,152950
17535,0.000115,172.217.194.0-255,2543,17536,10,152950
17536,0.000117,172.31.36.0-255,66,17602,10,152950
17537,0.000144,172.217.194.0-255,7156,24758,10,152950
17538,0.000147,172.31.36.0-255,66,24824,10,152950
17539,0.000191,172.31.36.0-255,66,24890,10,152950
17540,0.000417,172.217.194.0-255,1484,26374,10,152950
17541,0.000422,172.31.36.0-255,66,26440,10,152950
17542,0.000428,172.217.194.0-255,2902,29342,10,152950
17543,0.00043,172.31.36.0-255,66,29408,10,152950
17544,0.000441,172.217.194.0-255,5738,35146,10,152950
17545,0.000443,172.31.36.0-255,66,35212,10,152950
17546,0.00049,172.217.194.0-255,5738,40950,10,152950
17547,0.000493,172.31.36.0-255,66,41016,10,152950
17548,0.000516,172.217.194.0-255,1125,42141,10,152950
17549,0.000518,172.31.36.0-255,66,42207,10,152950
17550,0.000525,172.217.194.0-255,7156,49363,10,152950
17551,0.000527,172.31.36.0-255,66,49429,10,152950
17552,0.000587,172.31.36.0-255,66,49495,10,152950
17553,0.000602,172.31.36.0-255,66,49561,10,152950
17554,0.000608,172.217.194.0-255,5379,54940,10,152950
17555,0.00061,172.31.36.0-255,66,55006,10,152950
17556,0.000616,172.217.194.0-255,5738,60744,10,152950
17557,0.000618,172.31.36.0-255,66,60810,10,152950
17558,0.000641,172.217.194.0-255,1484,62294,10,152950
17559,0.000673,172.31.36.0-255,66,62360,10,152950
17560,0.000937,172.217.194.0-255,1484,63844,10,152950
17561,0.000943,172.217.194.0-255,2902,66746,10,152950
17562,0.000946,172.31.36.0-255,66,66812,10,152950
17563,0.000953,172.217.194.0-255,5738,72550,10,152950
17564,0.000954,172.31.36.0-255,66,72616,10,152950
17565,0.000993,172.31.36.0-255,66,72682,10,152950
17566,0.000996,172.217.194.0-255,1484,74166,10,152950
17567,0.001027,172.31.36.0-255,66,74232,10,152950
17568,0.001053,172.217.194.0-255,1484,75716,10,152950
17569,0.001058,172.217.194.0-255,2902,78618,10,152950
17570,0.00106,172.31.36.0-255,66,78684,10,152950
17571,0.001065,172.217.194.0-255,5738,84422,10,152950
17572,0.001067,172.31.36.0-255,66,84488,10,152950
17573,0.001106,172.31.36.0-255,66,84554,10,152950
17574,0.001117,172.31.36.0-255,66,84620,10,152950
17575,0.001143,172.217.194.0-255,2902,87522,10,152950
17576,0.001145,172.31.36.0-255,66,87588,10,152950
17577,0.001167,172.217.194.0-255,1484,89072,10,152950
17578,0.001173,172.217.194.0-255,5738,94810,10,152950
17579,0.001176,172.31.36.0-255,66,94876,10,152950
17580,0.001181,172.217.194.0-255,5738,100614,10,152950
17581,0.001183,172.31.36.0-255,66,100680,10,152950
17582,0.00121,172.217.194.0-255,5738,106418,10,152950
17583,0.001213,172.31.36.0-255,66,106484,10,152950
17584,0.001226,172.31.36.0-255,66,106550,10,152950
17585,0.001235,172.31.36.0-255,66,106616,10,152950
17586,0.001268,172.217.194.0-255,4320,110936,10,152950
17587,0.001271,172.31.36.0-255,66,111002,10,152950
17588,0.00129,172.31.36.0-255,66,111068,10,152950
17589,0.001316,172.217.194.0-255,3602,114670,10,152950
17590,0.001318,172.31.36.0-255,66,114736,10,152950
17591,0.001366,172.217.194.0-255,1484,116220,10,152950
17592,0.001411,172.217.194.0-255,2902,119122,10,152950
17593,0.001414,172.31.36.0-255,66,119188,10,152950
17594,0.00142,172.217.194.0-255,5738,124926,10,152950
17595,0.001422,172.31.36.0-255,66,124992,10,152950
17596,0.001441,172.31.36.0-255,66,125058,10,152950
17597,0.001452,172.31.36.0-255,66,125124,10,152950
17598,0.001454,172.217.194.0-255,766,125890,10,152950
17599,0.001476,172.217.194.0-255,1484,127374,10,152950
17600,0.001479,172.31.36.0-255,66,127440,10,152950
17601,0.001482,172.217.194.0-255,1484,128924,10,152950
17602,0.001509,172.217.194.0-255,2902,131826,10,152950
17603,0.001512,172.31.36.0-255,66,131892,10,152950
17604,0.001522,172.31.36.0-255,66,131958,10,152950
17605,0.00154,172.217.194.0-255,5738,137696,10,152950
17606,0.001542,172.31.36.0-255,66,137762,10,152950
17607,0.001566,172.217.194.0-255,4320,142082,10,152950
17608,0.001569,172.31.36.0-255,66,142148,10,152950
17609,0.00159,172.31.36.0-255,66,142214,10,152950
17610,0.001602,172.31.36.0-255,66,142280,10,152950
17611,0.00163,172.217.194.0-255,4320,146600,10,152950
17612,0.001633,172.31.36.0-255,66,146666,10,152950
17613,0.001671,172.31.36.0-255,66,146732,10,152950
17614,0.001691,172.31.36.0-255,66,146798,10,152950
17615,0.001712,172.31.36.0-255,66,146864,10,152950
17616,0.001756,172.31.36.0-255,66,146930,10,152950
17617,0.00176,172.217.194.0-255,2220,149150,10,152950
17618,0.001762,172.31.36.0-255,66,149216,10,152950
17619,0.001764,172.217.194.0-255,105,149321,10,152950
17620,0.009572,172.31.36.0-255,66,149387,10,152950
17621,0.009612,172.31.36.0-255,105,149492,10,152950
17622,0.012193,172.217.194.0-255,66,149558,10,152950
17623,0.031549,172.31.36.0-255,172,149730,10,152950
17624,0.031589,172.31.36.0-255,1112,150842,10,152950
17625,0.031659,172.31.36.0-255,1514,152356,10,152950
17626,0.031661,172.31.36.0-255,330,152686,10,152950
17627,0.033095,104.244.42.0-255,66,152752,10,152950
17628,0.033134,104.244.42.0-255,66,152818,10,152950
17629,0.033229,104.244.42.0-255,66,152884,10,152950
17630,0.03325,104.244.42.0-255,66,152950,10,152950
17631,0.0,74.125.24.0-255,153,153,10,336443
17632,2.4e-05,172.31.36.0-255,66,219,10,336443
17633,3.1e-05,74.125.24.0-255,1484,1703,10,336443
17634,3.5e-05,172.31.36.0-255,66,1769,10,336443
17635,4.9e-05,74.125.24.0-255,2902,4671,10,336443
17636,5.3e-05,172.31.36.0-255,66,4737,10,336443
17637,6.1e-05,74.125.24.0-255,7156,11893,10,336443
17638,6.4e-05,172.31.36.0-255,66,11959,10,336443
17639,6.8e-05,74.125.24.0-255,2037,13996,10,336443
17640,7.2e-05,172.31.36.0-255,66,14062,10,336443
17641,0.000135,74.125.24.0-255,1484,15546,10,336443
17642,0.000138,172.31.36.0-255,66,15612,10,336443
17643,0.000143,74.125.24.0-255,2902,18514,10,336443
17644,0.000146,172.31.36.0-255,66,18580,10,336443
17645,0.000149,74.125.24.0-255,1484,20064,10,336443
17646,0.000152,172.31.36.0-255,66,20130,10,336443
17647,0.000179,74.125.24.0-255,4320,24450,10,336443
17648,0.000183,172.31.36.0-255,66,24516,10,336443
17649,0.000226,172.31.36.0-255,66,24582,10,336443
17650,0.000255,172.31.36.0-255,66,24648,10,336443
17651,0.000276,74.125.24.0-255,1484,26132,10,336443
17652,0.000279,74.125.24.0-255,1125,27257,10,336443
17653,0.000283,172.31.36.0-255,66,27323,10,336443
17654,0.000287,172.31.36.0-255,66,27389,10,336443
17655,0.000322,74.125.24.0-255,1484,28873,10,336443
17656,0.000324,172.31.36.0-255,66,28939,10,336443
17657,0.000329,74.125.24.0-255,2902,31841,10,336443
17658,0.000332,172.31.36.0-255,66,31907,10,336443
17659,0.000364,74.125.24.0-255,5738,37645,10,336443
17660,0.000368,172.31.36.0-255,66,37711,10,336443
17661,0.000374,74.125.24.0-255,4320,42031,10,336443
17662,0.000423,74.125.24.0-255,2898,44929,10,336443
17663,0.0006,172.31.36.0-255,66,44995,10,336443
17664,0.001166,74.125.24.0-255,331,45326,10,336443
17665,0.0012,74.125.24.0-255,1484,46810,10,336443
17666,0.001204,172.31.36.0-255,66,46876,10,336443
17667,0.001208,74.125.24.0-255,1484,48360,10,336443
17668,0.001232,74.125.24.0-255,2902,51262,10,336443
17669,0.001235,172.31.36.0-255,66,51328,10,336443
17670,0.001243,74.125.24.0-255,7156,58484,10,336443
17671,0.001245,172.31.36.0-255,66,58550,10,336443
17672,0.001282,172.31.36.0-255,66,58616,10,336443
17673,0.001288,74.125.24.0-255,4320,62936,10,336443
17674,0.00129,172.31.36.0-255,66,63002,10,336443
17675,0.001312,74.125.24.0-255,766,63768,10,336443
17676,0.001442,74.125.24.0-255,1484,65252,10,336443
17677,0.001446,172.31.36.0-255,66,65318,10,336443
17678,0.001453,74.125.24.0-255,2902,68220,10,336443
17679,0.001455,172.31.36.0-255,66,68286,10,336443
17680,0.001458,74.125.24.0-255,1484,69770,10,336443
17681,0.001477,74.125.24.0-255,4320,74090,10,336443
17682,0.001479,172.31.36.0-255,66,74156,10,336443
17683,0.00149,74.125.24.0-255,5738,79894,10,336443
17684,0.001493,172.31.36.0-255,66,79960,10,336443
17685,0.001497,74.125.24.0-255,2902,82862,10,336443
17686,0.001499,172.31.36.0-255,66,82928,10,336443
17687,0.001558,74.125.24.0-255,3602,86530,10,336443
17688,0.001579,74.125.24.0-255,2902,89432,10,336443
17689,0.001607,172.31.36.0-255,66,89498,10,336443
17690,0.001962,74.125.24.0-255,1484,90982,10,336443
17691,0.001968,74.125.24.0-255,2902,93884,10,336443
17692,0.001971,172.31.36.0-255,66,93950,10,336443
17693,0.001977,74.125.24.0-255,4320,98270,10,336443
17694,0.002001,74.125.24.0-255,1484,99754,10,336443
17695,0.002006,74.125.24.0-255,4320,104074,10,336443
17696,0.002009,74.125.24.0-255,1484,105558,10,336443
17697,0.002015,172.31.36.0-255,66,105624,10,336443
17698,0.002029,74.125.24.0-255,7156,112780,10,336443
17699,0.002045,74.125.24.0-255,2902,115682,10,336443
17700,0.002075,172.31.36.0-255,66,115748,10,336443
17701,0.004128,74.125.24.0-255,5738,121486,10,336443
17702,0.004135,172.31.36.0-255,66,121552,10,336443
17703,0.006211,74.125.24.0-255,5738,127290,10,336443
17704,0.006218,172.31.36.0-255,66,127356,10,336443
17705,0.00829,74.125.24.0-255,1484,128840,10,336443
17706,0.00831,74.125.24.0-255,4320,133160,10,336443
17707,0.008313,172.31.36.0-255,66,133226,10,336443
17708,0.0104,74.125.24.0-255,5738,138964,10,336443
17709,0.010407,172.31.36.0-255,66,139030,10,336443
17710,0.012478,74.125.24.0-255,5738,144768,10,336443
17711,0.012486,172.31.36.0-255,66,144834,10,336443
17712,0.014574,74.125.24.0-255,5738,150572,10,336443
17713,0.014584,172.31.36.0-255,66,150638,10,336443
17714,0.01668,74.125.24.0-255,5738,156376,10,336443
17715,0.016691,172.31.36.0-255,66,156442,10,336443
17716,0.018782,74.125.24.0-255,5738,162180,10,336443
17717,0.018789,172.31.36.0-255,66,162246,10,336443
17718,0.020857,74.125.24.0-255,5738,167984,10,336443
17719,0.020864,172.31.36.0-255,66,168050,10,336443
17720,0.022944,74.125.24.0-255,5738,173788,10,336443
17721,0.022954,172.31.36.0-255,66,173854,10,336443
17722,0.025032,74.125.24.0-255,5738,179592,10,336443
17723,0.025042,172.31.36.0-255,66,179658,10,336443
17724,0.025975,172.31.36.0-255,167,179825,10,336443
17725,0.026007,172.31.36.0-255,1113,180938,10,336443
17726,0.026063,172.31.36.0-255,1514,182452,10,336443
17727,0.026065,172.31.36.0-255,1290,183742,10,336443
17728,0.027165,74.125.24.0-255,5738,189480,10,336443
17729,0.027171,172.31.36.0-255,66,189546,10,336443
17730,0.027556,104.244.42.0-255,66,189612,10,336443
17731,0.027562,104.244.42.0-255,66,189678,10,336443
17732,0.027639,104.244.42.0-255,66,189744,10,336443
17733,0.028452,172.31.36.0-255,101,189845,10,336443
17734,0.029275,74.125.24.0-255,5738,195583,10,336443
17735,0.029284,172.31.36.0-255,66,195649,10,336443
17736,0.030491,74.125.24.0-255,66,195715,10,336443
17737,0.031371,74.125.24.0-255,4320,200035,10,336443
17738,0.031377,172.31.36.0-255,66,200101,10,336443
17739,0.031405,74.125.24.0-255,1484,201585,10,336443
17740,0.033452,74.125.24.0-255,4320,205905,10,336443
17741,0.033457,172.31.36.0-255,66,205971,10,336443
17742,0.035568,74.125.24.0-255,5738,211709,10,336443
17743,0.035574,172.31.36.0-255,66,211775,10,336443
17744,0.037641,74.125.24.0-255,5738,217513,10,336443
17745,0.037647,172.31.36.0-255,66,217579,10,336443
17746,0.039736,74.125.24.0-255,5738,223317,10,336443
17747,0.039743,172.31.36.0-255,66,223383,10,336443
17748,0.041802,74.125.24.0-255,5738,229121,10,336443
17749,0.041809,172.31.36.0-255,66,229187,10,336443
17750,0.043868,74.125.24.0-255,5738,234925,10,336443
17751,0.043874,172.31.36.0-255,66,234991,10,336443
17752,0.045945,74.125.24.0-255,5738,240729,10,336443
17753,0.045951,172.31.36.0-255,66,240795,10,336443
17754,0.04803,74.125.24.0-255,5738,246533,10,336443
17755,0.048037,172.31.36.0-255,66,246599,10,336443
17756,0.050145,74.125.24.0-255,5738,252337,10,336443
17757,0.050151,172.31.36.0-255,66,252403,10,336443
17758,0.052209,74.125.24.0-255,5738,258141,10,336443
17759,0.052215,172.31.36.0-255,66,258207,10,336443
17760,0.054313,74.125.24.0-255,5738,263945,10,336443
17761,0.05432,172.31.36.0-255,66,264011,10,336443
17762,0.056383,74.125.24.0-255,5738,269749,10,336443
17763,0.05639,172.31.36.0-255,66,269815,10,336443
17764,0.058445,74.125.24.0-255,5738,275553,10,336443
17765,0.058451,172.31.36.0-255,66,275619,10,336443
17766,0.06051,74.125.24.0-255,5738,281357,10,336443
17767,0.060522,172.31.36.0-255,66,281423,10,336443
17768,0.062618,74.125.24.0-255,5738,287161,10,336443
17769,0.062625,172.31.36.0-255,66,287227,10,336443
17770,0.064703,74.125.24.0-255,5738,292965,10,336443
17771,0.064709,172.31.36.0-255,66,293031,10,336443
17772,0.066802,74.125.24.0-255,5738,298769,10,336443
17773,0.066808,172.31.36.0-255,66,298835,10,336443
17774,0.068874,74.125.24.0-255,5738,304573,10,336443
17775,0.06888,172.31.36.0-255,66,304639,10,336443
17776,0.070974,74.125.24.0-255,5738,310377,10,336443
17777,0.070983,172.31.36.0-255,66,310443,10,336443
17778,0.073068,74.125.24.0-255,5738,316181,10,336443
17779,0.073075,172.31.36.0-255,66,316247,10,336443
17780,0.07515,74.125.24.0-255,5738,321985,10,336443
17781,0.075156,172.31.36.0-255,66,322051,10,336443
17782,0.077242,74.125.24.0-255,5738,327789,10,336443
17783,0.077249,172.31.36.0-255,66,327855,10,336443
17784,0.079348,74.125.24.0-255,5738,333593,10,336443
17785,0.079355,172.31.36.0-255,66,333659,10,336443
17786,0.081438,74.125.24.0-255,2547,336206,10,336443
17787,0.081444,172.31.36.0-255,66,336272,10,336443
17788,0.081616,172.31.36.0-255,105,336377,10,336443
17789,0.088683,74.125.24.0-255,66,336443,10,336443
17790,0.0,172.217.194.0-255,151,151,10,133178
17791,2.8e-05,172.31.36.0-255,66,217,10,133178
17792,3.5e-05,172.217.194.0-255,1484,1701,10,133178
17793,3.9e-05,172.31.36.0-255,66,1767,10,133178
17794,4.4e-05,172.217.194.0-255,2902,4669,10,133178
17795,5.4e-05,172.31.36.0-255,66,4735,10,133178
17796,6.2e-05,172.217.194.0-255,7156,11891,10,133178
17797,6.5e-05,172.31.36.0-255,66,11957,10,133178
17798,0.000141,172.31.36.0-255,66,12023,10,133178
17799,0.000153,172.217.194.0-255,2041,14064,10,133178
17800,0.00016,172.31.36.0-255,66,14130,10,133178
17801,0.000275,172.217.194.0-255,6797,20927,10,133178
17802,0.000281,172.31.36.0-255,66,20993,10,133178
17803,0.000346,172.217.194.0-255,4320,25313,10,133178
17804,0.00035,172.31.36.0-255,66,25379,10,133178
17805,0.000391,172.31.36.0-255,66,25445,10,133178
17806,0.000544,172.217.194.0-255,7156,32601,10,133178
17807,0.00055,172.31.36.0-255,66,32667,10,133178
17808,0.000587,172.31.36.0-255,66,32733,10,133178
17809,0.000714,172.217.194.0-255,382,33115,10,133178
17810,0.000718,172.31.36.0-255,66,33181,10,133178
17811,0.000746,172.217.194.0-255,5738,38919,10,133178
17812,0.000749,172.31.36.0-255,66,38985,10,133178
17813,0.000814,172.217.194.0-255,5738,44723,10,133178
17814,0.000818,172.31.36.0-255,66,44789,10,133178
17815,0.000845,172.217.194.0-255,2902,47691,10,133178
17816,0.000849,172.31.36.0-255,66,47757,10,133178
17817,0.000912,172.217.194.0-255,5738,53495,10,133178
17818,0.000916,172.31.36.0-255,66,53561,10,133178
17819,0.000957,172.31.36.0-255,66,53627,10,133178
17820,0.00111,172.217.194.0-255,766,54393,10,133178
17821,0.001128,172.217.194.0-255,2902,57295,10,133178
17822,0.001132,172.31.36.0-255,66,57361,10,133178
17823,0.001177,172.31.36.0-255,66,57427,10,133178
17824,0.00139,172.31.36.0-255,66,57493,10,133178
17825,0.001416,172.217.194.0-255,2184,59677,10,133178
17826,0.001419,172.31.36.0-255,66,59743,10,133178
17827,0.001527,172.31.36.0-255,66,59809,10,133178
17828,0.001575,172.31.36.0-255,66,59875,10,133178
17829,0.001921,172.31.36.0-255,66,59941,10,133178
17830,0.00229,172.217.194.0-255,4320,64261,10,133178
17831,0.002699,172.217.194.0-255,4320,68581,10,133178
17832,0.005847,172.31.36.0-255,66,68647,10,133178
17833,0.007857,172.217.194.0-255,4320,72967,10,133178
17834,0.007863,172.31.36.0-255,66,73033,10,133178
17835,0.007886,172.217.194.0-255,1484,74517,10,133178
17836,0.009862,172.217.194.0-255,4320,78837,10,133178
17837,0.009868,172.31.36.0-255,66,78903,10,133178
17838,0.011886,172.217.194.0-255,5738,84641,10,133178
17839,0.011893,172.31.36.0-255,66,84707,10,133178
17840,0.013911,172.217.194.0-255,5738,90445,10,133178
17841,0.013918,172.31.36.0-255,66,90511,10,133178
17842,0.015935,172.217.194.0-255,5738,96249,10,133178
17843,0.015944,172.31.36.0-255,66,96315,10,133178
17844,0.017953,172.217.194.0-255,5738,102053,10,133178
17845,0.01796,172.31.36.0-255,66,102119,10,133178
17846,0.019978,172.217.194.0-255,5738,107857,10,133178
17847,0.019985,172.31.36.0-255,66,107923,10,133178
17848,0.021988,172.217.194.0-255,5738,113661,10,133178
17849,0.021995,172.31.36.0-255,66,113727,10,133178
17850,0.024016,172.217.194.0-255,5738,119465,10,133178
17851,0.024023,172.31.36.0-255,66,119531,10,133178
17852,0.026032,172.217.194.0-255,5738,125269,10,133178
17853,0.026039,172.31.36.0-255,66,125335,10,133178
17854,0.028052,172.217.194.0-255,3301,128636,10,133178
17855,0.028059,172.31.36.0-255,66,128702,10,133178
17856,0.028245,172.31.36.0-255,105,128807,10,133178
17857,0.030256,172.217.194.0-255,66,128873,10,133178
17858,0.0312,172.31.36.0-255,188,129061,10,133178
17859,0.031228,172.31.36.0-255,956,130017,10,133178
17860,0.031255,172.31.36.0-255,1514,131531,10,133178
17861,0.031257,172.31.36.0-255,1449,132980,10,133178
17862,0.032698,104.244.42.0-255,66,133046,10,133178
17863,0.032728,104.244.42.0-255,66,133112,10,133178
17864,0.032784,104.244.42.0-255,66,133178,10,133178
17865,0.0,74.125.200.0-255,153,153,10,348116
17866,2.5e-05,172.31.36.0-255,66,219,10,348116
17867,3.3e-05,74.125.200.0-255,1484,1703,10,348116
17868,3.8e-05,172.31.36.0-255,66,1769,10,348116
17869,4.3e-05,74.125.200.0-255,2902,4671,10,348116
17870,4.6e-05,172.31.36.0-255,66,4737,10,348116
17871,4.9e-05,74.125.200.0-255,1484,6221,10,348116
17872,5.1e-05,172.31.36.0-255,66,6287,10,348116
17873,8.1e-05,74.125.200.0-255,2902,9189,10,348116
17874,8.6e-05,172.31.36.0-255,66,9255,10,348116
17875,8.9e-05,74.125.200.0-255,1484,10739,10,348116
17876,9.1e-05,172.31.36.0-255,66,10805,10,348116
17877,0.000111,74.125.200.0-255,4855,15660,10,348116
17878,0.000114,172.31.36.0-255,66,15726,10,348116
17879,0.000119,74.125.200.0-255,4320,20046,10,348116
17880,0.000122,172.31.36.0-255,66,20112,10,348116
17881,0.000146,74.125.200.0-255,5738,25850,10,348116
17882,0.000149,172.31.36.0-255,66,25916,10,348116
17883,0.000187,74.125.200.0-255,4320,30236,10,348116
17884,0.00019,172.31.36.0-255,66,30302,10,348116
17885,0.000207,74.125.200.0-255,1125,31427,10,348116
17886,0.00021,172.31.36.0-255,66,31493,10,348116
17887,0.000272,74.125.200.0-255,1484,32977,10,348116
17888,0.00028,172.31.36.0-255,66,33043,10,348116
17889,0.000285,74.125.200.0-255,2902,35945,10,348116
17890,0.000287,172.31.36.0-255,66,36011,10,348116
17891,0.000325,74.125.200.0-255,4320,40331,10,348116
17892,0.000329,172.31.36.0-255,66,40397,10,348116
17893,0.000333,74.125.200.0-255,2902,43299,10,348116
17894,0.000336,172.31.36.0-255,66,43365,10,348116
17895,0.00035,74.125.200.0-255,2902,46267,10,348116
17896,0.000353,172.31.36.0-255,66,46333,10,348116
17897,0.000356,74.125.200.0-255,2543,48876,10,348116
17898,0.000359,172.31.36.0-255,66,48942,10,348116
17899,0.000383,74.125.200.0-255,2902,51844,10,348116
17900,0.000386,172.31.36.0-255,66,51910,10,348116
17901,0.000403,74.125.200.0-255,7156,59066,10,348116
17902,0.000406,172.31.36.0-255,66,59132,10,348116
17903,0.000411,74.125.200.0-255,4320,63452,10,348116
17904,0.00043,172.31.36.0-255,66,63518,10,348116
17905,0.000455,74.125.200.0-255,2875,66393,10,348116
17906,0.000458,172.31.36.0-255,66,66459,10,348116
17907,0.000534,74.125.200.0-255,112,66571,10,348116
17908,0.000553,74.125.200.0-255,331,66902,10,348116
17909,0.001244,74.125.200.0-255,1484,68386,10,348116
17910,0.001249,172.31.36.0-255,66,68452,10,348116
17911,0.001255,74.125.200.0-255,2902,71354,10,348116
17912,0.001257,172.31.36.0-255,66,71420,10,348116
17913,0.001277,74.125.200.0-255,2902,74322,10,348116
17914,0.001279,172.31.36.0-255,66,74388,10,348116
17915,0.001295,74.125.200.0-255,1484,75872,10,348116
17916,0.001301,74.125.200.0-255,5738,81610,10,348116
17917,0.001303,172.31.36.0-255,66,81676,10,348116
17918,0.001321,74.125.200.0-255,4320,85996,10,348116
17919,0.001324,172.31.36.0-255,66,86062,10,348116
17920,0.00135,74.125.200.0-255,5738,91800,10,348116
17921,0.001352,172.31.36.0-255,66,91866,10,348116
17922,0.001369,74.125.200.0-255,1484,93350,10,348116
17923,0.00139,172.31.36.0-255,66,93416,10,348116
17924,0.001861,74.125.200.0-255,1484,94900,10,348116
17925,0.001887,74.125.200.0-255,2902,97802,10,348116
17926,0.00189,172.31.36.0-255,66,97868,10,348116
17927,0.00191,74.125.200.0-255,5738,103606,10,348116
17928,0.001912,172.31.36.0-255,66,103672,10,348116
17929,0.001927,74.125.200.0-255,2902,106574,10,348116
17930,0.001929,172.31.36.0-255,66,106640,10,348116
17931,0.001943,74.125.200.0-255,4320,110960,10,348116
17932,0.001945,172.31.36.0-255,66,111026,10,348116
17933,0.001979,74.125.200.0-255,5738,116764,10,348116
17934,0.001981,172.31.36.0-255,66,116830,10,348116
17935,0.001996,74.125.200.0-255,1484,118314,10,348116
17936,0.002001,74.125.200.0-255,4320,122634,10,348116
17937,0.002003,172.31.36.0-255,66,122700,10,348116
17938,0.002027,74.125.200.0-255,4320,127020,10,348116
17939,0.002029,74.125.200.0-255,766,127786,10,348116
17940,0.002032,172.31.36.0-255,66,127852,10,348116
17941,0.002217,172.31.36.0-255,66,127918,10,348116
17942,0.004295,74.125.200.0-255,4320,132238,10,348116
17943,0.004299,172.31.36.0-255,66,132304,10,348116
17944,0.004483,74.125.200.0-255,1484,133788,10,348116
17945,0.006564,74.125.200.0-255,4320,138108,10,348116
17946,0.006569,172.31.36.0-255,66,138174,10,348116
17947,0.008842,74.125.200.0-255,5738,143912,10,348116
17948,0.008849,172.31.36.0-255,66,143978,10,348116
17949,0.011134,74.125.200.0-255,5738,149716,10,348116
17950,0.011143,172.31.36.0-255,66,149782,10,348116
17951,0.01343,74.125.200.0-255,5738,155520,10,348116
17952,0.013439,172.31.36.0-255,66,155586,10,348116
17953,0.015714,74.125.200.0-255,5738,161324,10,348116
17954,0.01572,172.31.36.0-255,66,161390,10,348116
17955,0.018001,74.125.200.0-255,5738,167128,10,348116
17956,0.018009,172.31.36.0-255,66,167194,10,348116
17957,0.020282,74.125.200.0-255,5738,172932,10,348116
17958,0.02029,172.31.36.0-255,66,172998,10,348116
17959,0.022595,74.125.200.0-255,4320,177318,10,348116
17960,0.022602,172.31.36.0-255,66,177384,10,348116
17961,0.022622,74.125.200.0-255,1484,178868,10,348116
17962,0.022642,172.31.36.0-255,171,179039,10,348116
17963,0.022679,172.31.36.0-255,1113,180152,10,348116
17964,0.022786,172.31.36.0-255,1514,181666,10,348116
17965,0.022788,172.31.36.0-255,1290,182956,10,348116
17966,0.024196,104.244.42.0-255,66,183022,10,348116
17967,0.024202,104.244.42.0-255,66,183088,10,348116
17968,0.024333,104.244.42.0-255,66,183154,10,348116
17969,0.024868,74.125.200.0-255,4320,187474,10,348116
17970,0.024875,172.31.36.0-255,66,187540,10,348116
17971,0.024891,104.244.42.0-255,108,187648,10,348116
17972,0.024898,172.31.36.0-255,66,187714,10,348116
17973,0.027145,74.125.200.0-255,5738,193452,10,348116
17974,0.02715,172.31.36.0-255,66,193518,10,348116
17975,0.02941,74.125.200.0-255,5738,199256,10,348116
17976,0.029415,172.31.36.0-255,66,199322,10,348116
17977,0.031681,74.125.200.0-255,5738,205060,10,348116
17978,0.031686,172.31.36.0-255,66,205126,10,348116
17979,0.033947,74.125.200.0-255,5738,210864,10,348116
17980,0.033952,172.31.36.0-255,66,210930,10,348116
17981,0.03622,74.125.200.0-255,5738,216668,10,348116
17982,0.036225,172.31.36.0-255,66,216734,10,348116
17983,0.038496,74.125.200.0-255,4320,221054,10,348116
17984,0.038502,172.31.36.0-255,66,221120,10,348116
17985,0.038529,74.125.200.0-255,1484,222604,10,348116
17986,0.040765,74.125.200.0-255,4320,226924,10,348116
17987,0.04077,172.31.36.0-255,66,226990,10,348116
17988,0.043043,74.125.200.0-255,5738,232728,10,348116
17989,0.043049,172.31.36.0-255,66,232794,10,348116
17990,0.045322,74.125.200.0-255,1484,234278,10,348116
17991,0.045354,74.125.200.0-255,4320,238598,10,348116
17992,0.045359,172.31.36.0-255,66,238664,10,348116
17993,0.047649,74.125.200.0-255,5738,244402,10,348116
17994,0.047655,172.31.36.0-255,66,244468,10,348116
17995,0.049926,74.125.200.0-255,5738,250206,10,348116
17996,0.049932,172.31.36.0-255,66,250272,10,348116
17997,0.05223,74.125.200.0-255,5738,256010,10,348116
17998,0.052235,172.31.36.0-255,66,256076,10,348116
17999,0.054534,74.125.200.0-255,5738,261814,10,348116
18000,0.054539,172.31.36.0-255,66,261880,10,348116
18001,0.056809,74.125.200.0-255,2902,264782,10,348116
18002,0.056814,172.31.36.0-255,66,264848,10,348116
18003,0.056845,74.125.200.0-255,2902,267750,10,348116
18004,0.056848,172.31.36.0-255,66,267816,10,348116
18005,0.05908,74.125.200.0-255,2902,270718,10,348116
18006,0.059085,172.31.36.0-255,66,270784,10,348116
18007,0.059114,74.125.200.0-255,2902,273686,10,348116
18008,0.059118,172.31.36.0-255,66,273752,10,348116
18009,0.061363,74.125.200.0-255,5738,279490,10,348116
18010,0.061368,172.31.36.0-255,66,279556,10,348116
18011,0.063641,74.125.200.0-255,5738,285294,10,348116
18012,0.063646,172.31.36.0-255,66,285360,10,348116
18013,0.065918,74.125.200.0-255,5738,291098,10,348116
18014,0.065923,172.31.36.0-255,66,291164,10,348116
18015,0.068197,74.125.200.0-255,5738,296902,10,348116
18016,0.068202,172.31.36.0-255,66,296968,10,348116
18017,0.070479,74.125.200.0-255,5738,302706,10,348116
18018,0.070484,172.31.36.0-255,66,302772,10,348116
18019,0.072748,74.125.200.0-255,5738,308510,10,348116
18020,0.072753,172.31.36.0-255,66,308576,10,348116
18021,0.075025,74.125.200.0-255,4320,312896,10,348116
18022,0.07503,172.31.36.0-255,66,312962,10,348116
18023,0.075062,74.125.200.0-255,1484,314446,10,348116
18024,0.077326,74.125.200.0-255,4320,318766,10,348116
18025,0.077331,172.31.36.0-255,66,318832,10,348116
18026,0.079599,74.125.200.0-255,5738,324570,10,348116
18027,0.079604,172.31.36.0-255,66,324636,10,348116
18028,0.081871,74.125.200.0-255,5738,330374,10,348116
18029,0.081876,172.31.36.0-255,66,330440,10,348116
18030,0.084155,74.125.200.0-255,5738,336178,10,348116
18031,0.084166,172.31.36.0-255,66,336244,10,348116
18032,0.086444,74.125.200.0-255,2902,339146,10,348116
18033,0.086449,172.31.36.0-255,66,339212,10,348116
18034,0.086482,74.125.200.0-255,2902,342114,10,348116
18035,0.086485,172.31.36.0-255,66,342180,10,348116
18036,0.088721,74.125.200.0-255,2902,345082,10,348116
18037,0.088727,172.31.36.0-255,66,345148,10,348116
18038,0.088762,74.125.200.0-255,2902,348050,10,348116
18039,0.088765,172.31.36.0-255,66,348116,10,348116
18040,0.0,74.125.24.0-255,153,153,10,194248
18041,3e-05,172.31.36.0-255,66,219,10,194248
18042,3.7e-05,74.125.24.0-255,1484,1703,10,194248
18043,4.1e-05,172.31.36.0-255,66,1769,10,194248
18044,5.3e-05,74.125.24.0-255,2902,4671,10,194248
18045,5.5e-05,172.31.36.0-255,66,4737,10,194248
18046,6e-05,74.125.24.0-255,2902,7639,10,194248
18047,6.2e-05,172.31.36.0-255,66,7705,10,194248
18048,9.9e-05,74.125.24.0-255,6196,13901,10,194248
18049,0.000102,172.31.36.0-255,66,13967,10,194248
18050,0.000136,74.125.24.0-255,2902,16869,10,194248
18051,0.000143,172.31.36.0-255,66,16935,10,194248
18052,0.000174,74.125.24.0-255,4320,21255,10,194248
18053,0.000178,172.31.36.0-255,66,21321,10,194248
18054,0.000187,74.125.24.0-255,5738,27059,10,194248
18055,0.000189,172.31.36.0-255,66,27125,10,194248
18056,0.000194,74.125.24.0-255,3961,31086,10,194248
18057,0.000196,172.31.36.0-255,66,31152,10,194248
18058,0.000257,74.125.24.0-255,1484,32636,10,194248
18059,0.000261,172.31.36.0-255,66,32702,10,194248
18060,0.000267,74.125.24.0-255,2902,35604,10,194248
18061,0.000269,172.31.36.0-255,66,35670,10,194248
18062,0.000272,74.125.24.0-255,1484,37154,10,194248
18063,0.000274,172.31.36.0-255,66,37220,10,194248
18064,0.000315,74.125.24.0-255,4320,41540,10,194248
18065,0.00032,172.31.36.0-255,66,41606,10,194248
18066,0.000327,74.125.24.0-255,6797,48403,10,194248
18067,0.000329,172.31.36.0-255,66,48469,10,194248
18068,0.000371,172.31.36.0-255,66,48535,10,194248
18069,0.000375,74.125.24.0-255,2849,51384,10,194248
18070,0.000378,74.125.24.0-255,111,51495,10,194248
18071,0.00038,172.31.36.0-255,66,51561,10,194248
18072,0.000433,74.125.24.0-255,335,51896,10,194248
18073,0.000954,172.31.36.0-255,66,51962,10,194248
18074,0.000954,74.125.24.0-255,1484,53446,10,194248
18075,0.000986,74.125.24.0-255,2902,56348,10,194248
18076,0.000989,172.31.36.0-255,66,56414,10,194248
18077,0.000995,74.125.24.0-255,2902,59316,10,194248
18078,0.000998,172.31.36.0-255,66,59382,10,194248
18079,0.001032,74.125.24.0-255,2902,62284,10,194248
18080,0.001035,172.31.36.0-255,66,62350,10,194248
18081,0.001039,74.125.24.0-255,2902,65252,10,194248
18082,0.001041,172.31.36.0-255,66,65318,10,194248
18083,0.001052,172.31.36.0-255,66,65384,10,194248
18084,0.001057,74.125.24.0-255,2902,68286,10,194248
18085,0.001059,172.31.36.0-255,66,68352,10,194248
18086,0.001093,172.31.36.0-255,66,68418,10,194248
18087,0.001123,74.125.24.0-255,5738,74156,10,194248
18088,0.001126,172.31.36.0-255,66,74222,10,194248
18089,0.001153,74.125.24.0-255,1484,75706,10,194248
18090,0.001165,172.31.36.0-255,66,75772,10,194248
18091,0.001185,172.31.36.0-255,66,75838,10,194248
18092,0.001189,74.125.24.0-255,766,76604,10,194248
18093,0.001589,172.31.36.0-255,66,76670,10,194248
18094,0.001697,74.125.24.0-255,1484,78154,10,194248
18095,0.001705,74.125.24.0-255,2902,81056,10,194248
18096,0.001708,172.31.36.0-255,66,81122,10,194248
18097,0.001715,74.125.24.0-255,5738,86860,10,194248
18098,0.001717,172.31.36.0-255,66,86926,10,194248
18099,0.001729,74.125.24.0-255,4320,91246,10,194248
18100,0.001732,172.31.36.0-255,66,91312,10,194248
18101,0.001735,74.125.24.0-255,1484,92796,10,194248
18102,0.001774,172.31.36.0-255,66,92862,10,194248
18103,0.001783,172.31.36.0-255,66,92928,10,194248
18104,0.001979,74.125.24.0-255,1484,94412,10,194248
18105,0.001986,74.125.24.0-255,2902,97314,10,194248
18106,0.001989,172.31.36.0-255,66,97380,10,194248
18107,0.001993,74.125.24.0-255,1484,98864,10,194248
18108,0.002021,74.125.24.0-255,4320,103184,10,194248
18109,0.002024,172.31.36.0-255,66,103250,10,194248
18110,0.002037,172.31.36.0-255,66,103316,10,194248
18111,0.00205,74.125.24.0-255,1484,104800,10,194248
18112,0.002069,74.125.24.0-255,2902,107702,10,194248
18113,0.002072,172.31.36.0-255,66,107768,10,194248
18114,0.002118,172.31.36.0-255,66,107834,10,194248
18115,0.002134,172.31.36.0-255,66,107900,10,194248
18116,0.002176,74.125.24.0-255,5738,113638,10,194248
18117,0.00218,172.31.36.0-255,66,113704,10,194248
18118,0.002233,172.31.36.0-255,66,113770,10,194248
18119,0.002261,172.31.36.0-255,66,113836,10,194248
18120,0.002301,172.31.36.0-255,66,113902,10,194248
18121,0.002329,172.31.36.0-255,66,113968,10,194248
18122,0.002335,74.125.24.0-255,5020,118988,10,194248
18123,0.002337,172.31.36.0-255,66,119054,10,194248
18124,0.002363,172.31.36.0-255,66,119120,10,194248
18125,0.002374,172.31.36.0-255,66,119186,10,194248
18126,0.004678,74.125.24.0-255,5738,124924,10,194248
18127,0.0047,172.31.36.0-255,66,124990,10,194248
18128,0.007033,74.125.24.0-255,5738,130728,10,194248
18129,0.00705,172.31.36.0-255,66,130794,10,194248
18130,0.009339,74.125.24.0-255,5738,136532,10,194248
18131,0.009355,172.31.36.0-255,66,136598,10,194248
18132,0.011625,74.125.24.0-255,4320,140918,10,194248
18133,0.011631,172.31.36.0-255,66,140984,10,194248
18134,0.011669,74.125.24.0-255,1484,142468,10,194248
18135,0.013896,74.125.24.0-255,4320,146788,10,194248
18136,0.013901,172.31.36.0-255,66,146854,10,194248
18137,0.016195,74.125.24.0-255,5738,152592,10,194248
18138,0.016201,172.31.36.0-255,66,152658,10,194248
18139,0.018467,74.125.24.0-255,5738,158396,10,194248
18140,0.018474,172.31.36.0-255,66,158462,10,194248
18141,0.020753,74.125.24.0-255,5738,164200,10,194248
18142,0.020763,172.31.36.0-255,66,164266,10,194248
18143,0.023058,74.125.24.0-255,5738,170004,10,194248
18144,0.023065,172.31.36.0-255,66,170070,10,194248
18145,0.025382,74.125.24.0-255,5738,175808,10,194248
18146,0.025389,172.31.36.0-255,66,175874,10,194248
18147,0.027653,74.125.24.0-255,5738,181612,10,194248
18148,0.02766,172.31.36.0-255,66,181678,10,194248
18149,0.029931,74.125.24.0-255,5738,187416,10,194248
18150,0.029937,172.31.36.0-255,66,187482,10,194248
18151,0.032176,74.125.24.0-255,2242,189724,10,194248
18152,0.032183,172.31.36.0-255,66,189790,10,194248
18153,0.032364,172.31.36.0-255,105,189895,10,194248
18154,0.034596,74.125.24.0-255,66,189961,10,194248
18155,0.036659,172.31.36.0-255,172,190133,10,194248
18156,0.03669,172.31.36.0-255,1112,191245,10,194248
18157,0.036732,172.31.36.0-255,1514,192759,10,194248
18158,0.036733,172.31.36.0-255,1291,194050,10,194248
18159,0.038239,104.244.42.0-255,66,194116,10,194248
18160,0.038246,104.244.42.0-255,66,194182,10,194248
18161,0.038283,104.244.42.0-255,66,194248,10,194248
18162,0.0,74.125.68.0-255,153,153,10,400091
18163,3.4e-05,172.31.36.0-255,66,219,10,400091
18164,4.1e-05,74.125.68.0-255,1484,1703,10,400091
18165,4.5e-05,172.31.36.0-255,66,1769,10,400091
18166,5e-05,74.125.68.0-255,2902,4671,10,400091
18167,5.2e-05,172.31.36.0-255,66,4737,10,400091
18168,5.5e-05,74.125.68.0-255,1484,6221,10,400091
18169,5.8e-05,172.31.36.0-255,66,6287,10,400091
18170,6.4e-05,74.125.68.0-255,2902,9189,10,400091
18171,6.7e-05,172.31.36.0-255,66,9255,10,400091
18172,9.6e-05,74.125.68.0-255,2902,12157,10,400091
18173,9.9e-05,172.31.36.0-255,66,12223,10,400091
18174,0.000114,74.125.68.0-255,2036,14259,10,400091
18175,0.000116,172.31.36.0-255,66,14325,10,400091
18176,0.000318,74.125.68.0-255,1484,15809,10,400091
18177,0.000323,172.31.36.0-255,66,15875,10,400091
18178,0.000328,74.125.68.0-255,2902,18777,10,400091
18179,0.000331,172.31.36.0-255,66,18843,10,400091
18180,0.000354,74.125.68.0-255,1484,20327,10,400091
18181,0.000357,172.31.36.0-255,66,20393,10,400091
18182,0.000361,74.125.68.0-255,2902,23295,10,400091
18183,0.000364,172.31.36.0-255,66,23361,10,400091
18184,0.000379,74.125.68.0-255,2902,26263,10,400091
18185,0.000382,172.31.36.0-255,66,26329,10,400091
18186,0.000397,74.125.68.0-255,2902,29231,10,400091
18187,0.000399,172.31.36.0-255,66,29297,10,400091
18188,0.000404,74.125.68.0-255,2543,31840,10,400091
18189,0.000407,172.31.36.0-255,66,31906,10,400091
18190,0.000513,74.125.68.0-255,1484,33390,10,400091
18191,0.000517,172.31.36.0-255,66,33456,10,400091
18192,0.000539,74.125.68.0-255,2902,36358,10,400091
18193,0.000543,172.31.36.0-255,66,36424,10,400091
18194,0.000547,74.125.68.0-255,2902,39326,10,400091
18195,0.000551,172.31.36.0-255,66,39392,10,400091
18196,0.000568,74.125.68.0-255,2902,42294,10,400091
18197,0.000571,172.31.36.0-255,66,42360,10,400091
18198,0.00058,74.125.68.0-255,6797,49157,10,400091
18199,0.000582,172.31.36.0-255,66,49223,10,400091
18200,0.000855,74.125.68.0-255,1484,50707,10,400091
18201,0.000897,74.125.68.0-255,1484,52191,10,400091
18202,0.000902,172.31.36.0-255,66,52257,10,400091
18203,0.000944,74.125.68.0-255,2902,55159,10,400091
18204,0.000947,172.31.36.0-255,66,55225,10,400091
18205,0.00095,74.125.68.0-255,1484,56709,10,400091
18206,0.000968,74.125.68.0-255,2902,59611,10,400091
18207,0.000971,172.31.36.0-255,66,59677,10,400091
18208,0.001017,74.125.68.0-255,5738,65415,10,400091
18209,0.001021,172.31.36.0-255,66,65481,10,400091
18210,0.001026,74.125.68.0-255,1706,67187,10,400091
18211,0.001028,172.31.36.0-255,66,67253,10,400091
18212,0.001162,74.125.68.0-255,1484,68737,10,400091
18213,0.001178,74.125.68.0-255,2902,71639,10,400091
18214,0.001182,172.31.36.0-255,66,71705,10,400091
18215,0.001203,74.125.68.0-255,5738,77443,10,400091
18216,0.001205,172.31.36.0-255,66,77509,10,400091
18217,0.001208,74.125.68.0-255,1484,78993,10,400091
18218,0.001253,74.125.68.0-255,2902,81895,10,400091
18219,0.001256,172.31.36.0-255,66,81961,10,400091
18220,0.001283,74.125.68.0-255,2902,84863,10,400091
18221,0.001287,172.31.36.0-255,66,84929,10,400091
18222,0.001308,74.125.68.0-255,1125,86054,10,400091
18223,0.001319,172.31.36.0-255,66,86120,10,400091
18224,0.001362,172.31.36.0-255,66,86186,10,400091
18225,0.001374,172.31.36.0-255,66,86252,10,400091
18226,0.001413,74.125.68.0-255,4456,90708,10,400091
18227,0.001417,172.31.36.0-255,66,90774,10,400091
18228,0.001547,74.125.68.0-255,1484,92258,10,400091
18229,0.001561,74.125.68.0-255,1484,93742,10,400091
18230,0.001564,172.31.36.0-255,66,93808,10,400091
18231,0.001568,74.125.68.0-255,1484,95292,10,400091
18232,0.001582,74.125.68.0-255,1484,96776,10,400091
18233,0.001584,172.31.36.0-255,66,96842,10,400091
18234,0.001601,74.125.68.0-255,2902,99744,10,400091
18235,0.001604,172.31.36.0-255,66,99810,10,400091
18236,0.001618,74.125.68.0-255,2902,102712,10,400091
18237,0.001621,172.31.36.0-255,66,102778,10,400091
18238,0.001624,74.125.68.0-255,1484,104262,10,400091
18239,0.001659,74.125.68.0-255,2902,107164,10,400091
18240,0.001661,172.31.36.0-255,66,107230,10,400091
18241,0.001679,74.125.68.0-255,5738,112968,10,400091
18242,0.001682,172.31.36.0-255,66,113034,10,400091
18243,0.001685,74.125.68.0-255,1484,114518,10,400091
18244,0.001706,74.125.68.0-255,2902,117420,10,400091
18245,0.001709,172.31.36.0-255,66,117486,10,400091
18246,0.001712,74.125.68.0-255,1484,118970,10,400091
18247,0.001752,74.125.68.0-255,2902,121872,10,400091
18248,0.001755,172.31.36.0-255,66,121938,10,400091
18249,0.001758,74.125.68.0-255,1484,123422,10,400091
18250,0.00178,74.125.68.0-255,2184,125606,10,400091
18251,0.001782,172.31.36.0-255,66,125672,10,400091
18252,0.001893,74.125.68.0-255,1484,127156,10,400091
18253,0.001928,74.125.68.0-255,1484,128640,10,400091
18254,0.00193,172.31.36.0-255,66,128706,10,400091
18255,0.001934,74.125.68.0-255,2902,131608,10,400091
18256,0.001936,172.31.36.0-255,66,131674,10,400091
18257,0.001964,74.125.68.0-255,5738,137412,10,400091
18258,0.001967,172.31.36.0-255,66,137478,10,400091
18259,0.001972,74.125.68.0-255,4320,141798,10,400091
18260,0.001974,172.31.36.0-255,66,141864,10,400091
18261,0.001989,74.125.68.0-255,5738,147602,10,400091
18262,0.001991,172.31.36.0-255,66,147668,10,400091
18263,0.002034,74.125.68.0-255,2902,150570,10,400091
18264,0.002036,172.31.36.0-255,66,150636,10,400091
18265,0.002061,74.125.68.0-255,7156,157792,10,400091
18266,0.002063,172.31.36.0-255,66,157858,10,400091
18267,0.004035,74.125.68.0-255,5738,163596,10,400091
18268,0.004039,172.31.36.0-255,66,163662,10,400091
18269,0.006002,74.125.68.0-255,5738,169400,10,400091
18270,0.006009,172.31.36.0-255,66,169466,10,400091
18271,0.007973,74.125.68.0-255,2902,172368,10,400091
18272,0.007979,172.31.36.0-255,66,172434,10,400091
18273,0.008001,74.125.68.0-255,2902,175336,10,400091
18274,0.008005,172.31.36.0-255,66,175402,10,400091
18275,0.009947,74.125.68.0-255,2902,178304,10,400091
18276,0.009954,172.31.36.0-255,66,178370,10,400091
18277,0.009973,74.125.68.0-255,2902,181272,10,400091
18278,0.009975,172.31.36.0-255,66,181338,10,400091
18279,0.011932,74.125.68.0-255,5738,187076,10,400091
18280,0.011939,172.31.36.0-255,66,187142,10,400091
18281,0.013941,74.125.68.0-255,5738,192880,10,400091
18282,0.013956,172.31.36.0-255,66,192946,10,400091
18283,0.015933,74.125.68.0-255,5738,198684,10,400091
18284,0.015945,172.31.36.0-255,66,198750,10,400091
18285,0.017912,74.125.68.0-255,5738,204488,10,400091
18286,0.017919,172.31.36.0-255,66,204554,10,400091
18287,0.019894,74.125.68.0-255,5738,210292,10,400091
18288,0.0199,172.31.36.0-255,66,210358,10,400091
18289,0.021877,74.125.68.0-255,5738,216096,10,400091
18290,0.021885,172.31.36.0-255,66,216162,10,400091
18291,0.023894,74.125.68.0-255,5738,221900,10,400091
18292,0.023901,172.31.36.0-255,66,221966,10,400091
18293,0.025895,74.125.68.0-255,5738,227704,10,400091
18294,0.025902,172.31.36.0-255,66,227770,10,400091
18295,0.027878,74.125.68.0-255,5738,233508,10,400091
18296,0.027886,172.31.36.0-255,66,233574,10,400091
18297,0.029926,74.125.68.0-255,5738,239312,10,400091
18298,0.029933,172.31.36.0-255,66,239378,10,400091
18299,0.031896,74.125.68.0-255,4320,243698,10,400091
18300,0.031902,172.31.36.0-255,66,243764,10,400091
18301,0.031934,74.125.68.0-255,1484,245248,10,400091
18302,0.032693,172.31.36.0-255,188,245436,10,400091
18303,0.032724,172.31.36.0-255,956,246392,10,400091
18304,0.032765,172.31.36.0-255,1514,247906,10,400091
18305,0.032767,172.31.36.0-255,1447,249353,10,400091
18306,0.03387,74.125.68.0-255,4320,253673,10,400091
18307,0.033876,172.31.36.0-255,66,253739,10,400091
18308,0.034268,104.244.42.0-255,66,253805,10,400091
18309,0.034274,104.244.42.0-255,66,253871,10,400091
18310,0.034399,104.244.42.0-255,66,253937,10,400091
18311,0.035286,104.244.42.0-255,108,254045,10,400091
18312,0.035306,172.31.36.0-255,66,254111,10,400091
18313,0.035843,74.125.68.0-255,1484,255595,10,400091
18314,0.035874,74.125.68.0-255,4320,259915,10,400091
18315,0.035878,172.31.36.0-255,66,259981,10,400091
18316,0.037848,74.125.68.0-255,5738,265719,10,400091
18317,0.037854,172.31.36.0-255,66,265785,10,400091
18318,0.03983,74.125.68.0-255,5738,271523,10,400091
18319,0.039836,172.31.36.0-255,66,271589,10,400091
18320,0.041805,74.125.68.0-255,4320,275909,10,400091
18321,0.041811,172.31.36.0-255,66,275975,10,400091
18322,0.041842,74.125.68.0-255,1484,277459,10,400091
18323,0.043771,74.125.68.0-255,4320,281779,10,400091
18324,0.043777,172.31.36.0-255,66,281845,10,400091
18325,0.045764,74.125.68.0-255,2902,284747,10,400091
18326,0.04577,172.31.36.0-255,66,284813,10,400091
18327,0.045801,74.125.68.0-255,2902,287715,10,400091
18328,0.045804,172.31.36.0-255,66,287781,10,400091
18329,0.047747,74.125.68.0-255,2902,290683,10,400091
18330,0.047752,172.31.36.0-255,66,290749,10,400091
18331,0.047782,74.125.68.0-255,2902,293651,10,400091
18332,0.047785,172.31.36.0-255,66,293717,10,400091
18333,0.049726,74.125.68.0-255,2902,296619,10,400091
18334,0.049731,172.31.36.0-255,66,296685,10,400091
18335,0.049766,74.125.68.0-255,2902,299587,10,400091
18336,0.04977,172.31.36.0-255,66,299653,10,400091
18337,0.051702,74.125.68.0-255,2902,302555,10,400091
18338,0.051708,172.31.36.0-255,66,302621,10,400091
18339,0.05175,74.125.68.0-255,2902,305523,10,400091
18340,0.051753,172.31.36.0-255,66,305589,10,400091
18341,0.053675,74.125.68.0-255,2902,308491,10,400091
18342,0.053682,172.31.36.0-255,66,308557,10,400091
18343,0.053715,74.125.68.0-255,1484,310041,10,400091
18344,0.053727,74.125.68.0-255,1484,311525,10,400091
18345,0.05373,172.31.36.0-255,66,311591,10,400091
18346,0.05564,74.125.68.0-255,2902,314493,10,400091
18347,0.055646,172.31.36.0-255,66,314559,10,400091
18348,0.05568,74.125.68.0-255,2902,317461,10,400091
18349,0.055683,172.31.36.0-255,66,317527,10,400091
18350,0.057635,74.125.68.0-255,2902,320429,10,400091
18351,0.05764,172.31.36.0-255,66,320495,10,400091
18352,0.057669,74.125.68.0-255,2902,323397,10,400091
18353,0.057672,172.31.36.0-255,66,323463,10,400091
18354,0.059623,74.125.68.0-255,2902,326365,10,400091
18355,0.05963,172.31.36.0-255,66,326431,10,400091
18356,0.059667,74.125.68.0-255,2902,329333,10,400091
18357,0.059671,172.31.36.0-255,66,329399,10,400091
18358,0.061594,74.125.68.0-255,2902,332301,10,400091
18359,0.061599,172.31.36.0-255,66,332367,10,400091
18360,0.061637,74.125.68.0-255,2902,335269,10,400091
18361,0.06164,172.31.36.0-255,66,335335,10,400091
18362,0.063574,74.125.68.0-255,2902,338237,10,400091
18363,0.06358,172.31.36.0-255,66,338303,10,400091
18364,0.063615,74.125.68.0-255,2902,341205,10,400091
18365,0.063619,172.31.36.0-255,66,341271,10,400091
18366,0.065548,74.125.68.0-255,2902,344173,10,400091
18367,0.065554,172.31.36.0-255,66,344239,10,400091
18368,0.065588,74.125.68.0-255,2902,347141,10,400091
18369,0.065591,172.31.36.0-255,66,347207,10,400091
18370,0.067584,74.125.68.0-255,5738,352945,10,400091
18371,0.067594,172.31.36.0-255,66,353011,10,400091
18372,0.069555,74.125.68.0-255,5738,358749,10,400091
18373,0.069561,172.31.36.0-255,66,358815,10,400091
18374,0.071539,74.125.68.0-255,5738,364553,10,400091
18375,0.071544,172.31.36.0-255,66,364619,10,400091
18376,0.073517,74.125.68.0-255,5738,370357,10,400091
18377,0.073522,172.31.36.0-255,66,370423,10,400091
18378,0.075481,74.125.68.0-255,5738,376161,10,400091
18379,0.075487,172.31.36.0-255,66,376227,10,400091
18380,0.077462,74.125.68.0-255,5738,381965,10,400091
18381,0.077468,172.31.36.0-255,66,382031,10,400091
18382,0.079463,74.125.68.0-255,5738,387769,10,400091
18383,0.07947,172.31.36.0-255,66,387835,10,400091
18384,0.081455,74.125.68.0-255,5738,393573,10,400091
18385,0.081462,172.31.36.0-255,66,393639,10,400091
18386,0.08346,74.125.68.0-255,5690,399329,10,400091
18387,0.083466,172.31.36.0-255,66,399395,10,400091
18388,0.083666,172.31.36.0-255,105,399500,10,400091
18389,0.083693,172.31.36.0-255,105,399605,10,400091
18390,0.083928,172.31.36.0-255,90,399695,10,400091
18391,0.083935,172.31.36.0-255,66,399761,10,400091
18392,0.085595,74.125.68.0-255,66,399827,10,400091
18393,0.085615,74.125.68.0-255,66,399893,10,400091
18394,0.085866,74.125.68.0-255,66,399959,10,400091
18395,0.088103,74.125.68.0-255,66,400025,10,400091
18396,0.088111,172.31.36.0-255,66,400091,10,400091
18397,0.0,74.125.24.0-255,153,153,10,306389
18398,2e-05,172.31.36.0-255,66,219,10,306389
18399,2.7e-05,74.125.24.0-255,1484,1703,10,306389
18400,3.1e-05,172.31.36.0-255,66,1769,10,306389
18401,3.5e-05,74.125.24.0-255,1484,3253,10,306389
18402,3.8e-05,172.31.36.0-255,66,3319,10,306389
18403,5.3e-05,74.125.24.0-255,4320,7639,10,306389
18404,5.6e-05,172.31.36.0-255,66,7705,10,306389
18405,9.7e-05,74.125.24.0-255,6301,14006,10,306389
18406,0.000101,172.31.36.0-255,66,14072,10,306389
18407,0.000177,74.125.24.0-255,1484,15556,10,306389
18408,0.00018,172.31.36.0-255,66,15622,10,306389
18409,0.000221,74.125.24.0-255,2902,18524,10,306389
18410,0.000225,172.31.36.0-255,66,18590,10,306389
18411,0.000229,74.125.24.0-255,2902,21492,10,306389
18412,0.000231,172.31.36.0-255,66,21558,10,306389
18413,0.00027,74.125.24.0-255,7156,28714,10,306389
18414,0.000273,172.31.36.0-255,66,28780,10,306389
18415,0.000278,74.125.24.0-255,2543,31323,10,306389
18416,0.00028,172.31.36.0-255,66,31389,10,306389
18417,0.000471,74.125.24.0-255,1484,32873,10,306389
18418,0.000476,172.31.36.0-255,66,32939,10,306389
18419,0.000505,74.125.24.0-255,2902,35841,10,306389
18420,0.000509,172.31.36.0-255,66,35907,10,306389
18421,0.000515,74.125.24.0-255,5738,41645,10,306389
18422,0.000518,172.31.36.0-255,66,41711,10,306389
18423,0.000547,74.125.24.0-255,6797,48508,10,306389
18424,0.000551,172.31.36.0-255,66,48574,10,306389
18425,0.000702,74.125.24.0-255,1484,50058,10,306389
18426,0.000706,172.31.36.0-255,66,50124,10,306389
18427,0.000737,74.125.24.0-255,2902,53026,10,306389
18428,0.00074,172.31.36.0-255,66,53092,10,306389
18429,0.000746,74.125.24.0-255,5738,58830,10,306389
18430,0.000758,74.125.24.0-255,4320,63150,10,306389
18431,0.000777,172.31.36.0-255,66,63216,10,306389
18432,0.000804,74.125.24.0-255,2890,66106,10,306389
18433,0.000819,172.31.36.0-255,66,66172,10,306389
18434,0.00088,74.125.24.0-255,329,66501,10,306389
18435,0.001146,172.31.36.0-255,66,66567,10,306389
18436,0.001197,74.125.24.0-255,1484,68051,10,306389
18437,0.001203,74.125.24.0-255,2902,70953,10,306389
18438,0.00122,74.125.24.0-255,5738,76691,10,306389
18439,0.001235,74.125.24.0-255,2902,79593,10,306389
18440,0.001248,172.31.36.0-255,66,79659,10,306389
18441,0.001279,74.125.24.0-255,1484,81143,10,306389
18442,0.001282,172.31.36.0-255,66,81209,10,306389
18443,0.001298,74.125.24.0-255,4320,85529,10,306389
18444,0.001319,74.125.24.0-255,6438,91967,10,306389
18445,0.00133,172.31.36.0-255,66,92033,10,306389
18446,0.001622,74.125.24.0-255,1484,93517,10,306389
18447,0.00163,74.125.24.0-255,2902,96419,10,306389
18448,0.001634,172.31.36.0-255,66,96485,10,306389
18449,0.001665,74.125.24.0-255,4320,100805,10,306389
18450,0.001684,74.125.24.0-255,5738,106543,10,306389
18451,0.00171,74.125.24.0-255,2902,109445,10,306389
18452,0.001766,74.125.24.0-255,1484,110929,10,306389
18453,0.001781,74.125.24.0-255,2902,113831,10,306389
18454,0.001795,74.125.24.0-255,4320,118151,10,306389
18455,0.001805,74.125.24.0-255,1484,119635,10,306389
18456,0.00181,74.125.24.0-255,2902,122537,10,306389
18457,0.001831,74.125.24.0-255,5738,128275,10,306389
18458,0.001861,74.125.24.0-255,1484,129759,10,306389
18459,0.001899,74.125.24.0-255,2184,131943,10,306389
18460,0.001948,74.125.24.0-255,1484,133427,10,306389
18461,0.001955,74.125.24.0-255,2902,136329,10,306389
18462,0.001982,74.125.24.0-255,5738,142067,10,306389
18463,0.002005,74.125.24.0-255,2902,144969,10,306389
18464,0.002018,74.125.24.0-255,2902,147871,10,306389
18465,0.002044,74.125.24.0-255,7156,155027,10,306389
18466,0.002061,74.125.24.0-255,1484,156511,10,306389
18467,0.002115,74.125.24.0-255,1484,157995,10,306389
18468,0.002119,74.125.24.0-255,1484,159479,10,306389
18469,0.002134,74.125.24.0-255,1484,160963,10,306389
18470,0.00214,74.125.24.0-255,4320,165283,10,306389
18471,0.002153,74.125.24.0-255,1484,166767,10,306389
18472,0.002223,74.125.24.0-255,5738,172505,10,306389
18473,0.002246,74.125.24.0-255,5020,177525,10,306389
18474,0.002295,74.125.24.0-255,1484,179009,10,306389
18475,0.002299,74.125.24.0-255,1484,180493,10,306389
18476,0.002317,74.125.24.0-255,1484,181977,10,306389
18477,0.002324,74.125.24.0-255,5738,187715,10,306389
18478,0.002373,74.125.24.0-255,7156,194871,10,306389
18479,0.002396,74.125.24.0-255,5738,200609,10,306389
18480,0.002593,74.125.24.0-255,1484,202093,10,306389
18481,0.0026,74.125.24.0-255,1484,203577,10,306389
18482,0.00261,74.125.24.0-255,1484,205061,10,306389
18483,0.002635,74.125.24.0-255,5738,210799,10,306389
18484,0.002641,74.125.24.0-255,2902,213701,10,306389
18485,0.002672,74.125.24.0-255,2902,216603,10,306389
18486,0.003257,74.125.24.0-255,1484,218087,10,306389
18487,0.003265,74.125.24.0-255,2902,220989,10,306389
18488,0.00328,74.125.24.0-255,1484,222473,10,306389
18489,0.0033,74.125.24.0-255,4320,226793,10,306389
18490,0.003306,74.125.24.0-255,4320,231113,10,306389
18491,0.003321,74.125.24.0-255,4320,235433,10,306389
18492,0.003344,74.125.24.0-255,4320,239753,10,306389
18493,0.003347,74.125.24.0-255,1484,241237,10,306389
18494,0.003353,74.125.24.0-255,7156,248393,10,306389
18495,0.003378,74.125.24.0-255,2184,250577,10,306389
18496,0.003514,74.125.24.0-255,1484,252061,10,306389
18497,0.003517,74.125.24.0-255,2902,254963,10,306389
18498,0.003538,74.125.24.0-255,5738,260701,10,306389
18499,0.003555,74.125.24.0-255,7156,267857,10,306389
18500,0.003569,74.125.24.0-255,5738,273595,10,306389
18501,0.003572,74.125.24.0-255,1484,275079,10,306389
18502,0.003616,74.125.24.0-255,1484,276563,10,306389
18503,0.003636,74.125.24.0-255,5738,282301,10,306389
18504,0.003644,74.125.24.0-255,7156,289457,10,306389
18505,0.003655,74.125.24.0-255,1484,290941,10,306389
18506,0.003704,74.125.24.0-255,5738,296679,10,306389
18507,0.003707,74.125.24.0-255,766,297445,10,306389
18508,0.003727,74.125.24.0-255,4320,301765,10,306389
18509,0.003756,74.125.24.0-255,105,301870,10,306389
18510,0.006107,172.31.36.0-255,66,301936,10,306389
18511,0.008573,172.31.36.0-255,105,302041,10,306389
18512,0.01113,74.125.24.0-255,66,302107,10,306389
18513,0.03081,172.31.36.0-255,167,302274,10,306389
18514,0.030847,172.31.36.0-255,1112,303386,10,306389
18515,0.030906,172.31.36.0-255,1514,304900,10,306389
18516,0.030907,172.31.36.0-255,1291,306191,10,306389
18517,0.032395,104.244.42.0-255,66,306257,10,306389
18518,0.032431,104.244.42.0-255,66,306323,10,306389
18519,0.032484,104.244.42.0-255,66,306389,10,306389
18520,0.0,172.217.26.0-255,150,150,10,316449
18521,1.7e-05,172.31.36.0-255,66,216,10,316449
18522,2.4e-05,172.217.26.0-255,1484,1700,10,316449
18523,2.7e-05,172.31.36.0-255,66,1766,10,316449
18524,3.3e-05,172.217.26.0-255,2902,4668,10,316449
18525,3.6e-05,172.31.36.0-255,66,4734,10,316449
18526,4.2e-05,172.217.26.0-255,4320,9054,10,316449
18527,4.4e-05,172.31.36.0-255,66,9120,10,316449
18528,4.7e-05,172.217.26.0-255,1484,10604,10,316449
18529,4.9e-05,172.31.36.0-255,66,10670,10,316449
18530,8e-05,172.217.26.0-255,3494,14164,10,316449
18531,8.3e-05,172.31.36.0-255,66,14230,10,316449
18532,9.4e-05,172.31.36.0-255,66,14296,10,316449
18533,9.8e-05,172.217.26.0-255,2902,17198,10,316449
18534,0.0001,172.31.36.0-255,66,17264,10,316449
18535,0.000123,172.217.26.0-255,2543,19807,10,316449
18536,0.000125,172.31.36.0-255,66,19873,10,316449
18537,0.00065,172.217.26.0-255,1484,21357,10,316449
18538,0.000656,172.31.36.0-255,66,21423,10,316449
18539,0.000664,172.217.26.0-255,2902,24325,10,316449
18540,0.000666,172.31.36.0-255,66,24391,10,316449
18541,0.000672,172.217.26.0-255,5738,30129,10,316449
18542,0.000674,172.31.36.0-255,66,30195,10,316449
18543,0.000711,172.31.36.0-255,66,30261,10,316449
18544,0.000722,172.31.36.0-255,66,30327,10,316449
18545,0.000745,172.217.26.0-255,4230,34557,10,316449
18546,0.000748,172.31.36.0-255,66,34623,10,316449
18547,0.001091,172.217.26.0-255,136,34759,10,316449
18548,0.001097,172.31.36.0-255,66,34825,10,316449
18549,0.001254,172.217.26.0-255,1484,36309,10,316449
18550,0.001262,172.217.26.0-255,2902,39211,10,316449
18551,0.001267,172.31.36.0-255,66,39277,10,316449
18552,0.001274,172.217.26.0-255,5738,45015,10,316449
18553,0.001276,172.31.36.0-255,66,45081,10,316449
18554,0.001295,172.217.26.0-255,1484,46565,10,316449
18555,0.001327,172.31.36.0-255,66,46631,10,316449
18556,0.001336,172.217.26.0-255,7156,53787,10,316449
18557,0.001339,172.31.36.0-255,66,53853,10,316449
18558,0.00136,172.217.26.0-255,2543,56396,10,316449
18559,0.001362,172.31.36.0-255,66,56462,10,316449
18560,0.003307,172.217.26.0-255,2902,59364,10,316449
18561,0.003314,172.31.36.0-255,66,59430,10,316449
18562,0.003335,172.217.26.0-255,2902,62332,10,316449
18563,0.003338,172.31.36.0-255,66,62398,10,316449
18564,0.005281,172.217.26.0-255,2902,65300,10,316449
18565,0.005285,172.31.36.0-255,66,65366,10,316449
18566,0.005303,172.217.26.0-255,2902,68268,10,316449
18567,0.005305,172.31.36.0-255,66,68334,10,316449
18568,0.007267,172.217.26.0-255,5738,74072,10,316449
18569,0.007273,172.31.36.0-255,66,74138,10,316449
18570,0.009253,172.217.26.0-255,5738,79876,10,316449
18571,0.009261,172.31.36.0-255,66,79942,10,316449
18572,0.011233,172.217.26.0-255,5738,85680,10,316449
18573,0.01124,172.31.36.0-255,66,85746,10,316449
18574,0.013216,172.217.26.0-255,5738,91484,10,316449
18575,0.013224,172.31.36.0-255,66,91550,10,316449
18576,0.015211,172.217.26.0-255,5738,97288,10,316449
18577,0.015217,172.31.36.0-255,66,97354,10,316449
18578,0.017199,172.217.26.0-255,5738,103092,10,316449
18579,0.017208,172.31.36.0-255,66,103158,10,316449
18580,0.019185,172.217.26.0-255,5738,108896,10,316449
18581,0.019192,172.31.36.0-255,66,108962,10,316449
18582,0.021166,172.217.26.0-255,5738,114700,10,316449
18583,0.021173,172.31.36.0-255,66,114766,10,316449
18584,0.023146,172.217.26.0-255,5738,120504,10,316449
18585,0.023153,172.31.36.0-255,66,120570,10,316449
18586,0.025143,172.217.26.0-255,5738,126308,10,316449
18587,0.025154,172.31.36.0-255,66,126374,10,316449
18588,0.027176,172.217.26.0-255,5738,132112,10,316449
18589,0.027184,172.31.36.0-255,66,132178,10,316449
18590,0.029164,172.217.26.0-255,5738,137916,10,316449
18591,0.029171,172.31.36.0-255,66,137982,10,316449
18592,0.030425,172.31.36.0-255,166,138148,10,316449
18593,0.030458,172.31.36.0-255,1135,139283,10,316449
18594,0.030519,172.31.36.0-255,1514,140797,10,316449
18595,0.030521,172.31.36.0-255,1268,142065,10,316449
18596,0.031159,172.217.26.0-255,5738,147803,10,316449
18597,0.031166,172.31.36.0-255,66,147869,10,316449
18598,0.032001,104.244.42.0-255,66,147935,10,316449
18599,0.032199,104.244.42.0-255,66,148001,10,316449
18600,0.032205,104.244.42.0-255,66,148067,10,316449
18601,0.033161,172.217.26.0-255,5738,153805,10,316449
18602,0.033169,172.31.36.0-255,66,153871,10,316449
18603,0.035162,172.217.26.0-255,5738,159609,10,316449
18604,0.035169,172.31.36.0-255,66,159675,10,316449
18605,0.037153,172.217.26.0-255,5738,165413,10,316449
18606,0.03716,172.31.36.0-255,66,165479,10,316449
18607,0.039135,172.217.26.0-255,5738,171217,10,316449
18608,0.039141,172.31.36.0-255,66,171283,10,316449
18609,0.041132,172.217.26.0-255,5738,177021,10,316449
18610,0.041142,172.31.36.0-255,66,177087,10,316449
18611,0.043133,172.217.26.0-255,5738,182825,10,316449
18612,0.04314,172.31.36.0-255,66,182891,10,316449
18613,0.045145,172.217.26.0-255,5738,188629,10,316449
18614,0.045152,172.31.36.0-255,66,188695,10,316449
18615,0.047134,172.217.26.0-255,5738,194433,10,316449
18616,0.047142,172.31.36.0-255,66,194499,10,316449
18617,0.049126,172.217.26.0-255,5738,200237,10,316449
18618,0.049132,172.31.36.0-255,66,200303,10,316449
18619,0.051126,172.217.26.0-255,5738,206041,10,316449
18620,0.051132,172.31.36.0-255,66,206107,10,316449
18621,0.05316,172.217.26.0-255,5738,211845,10,316449
18622,0.053167,172.31.36.0-255,66,211911,10,316449
18623,0.055152,172.217.26.0-255,5738,217649,10,316449
18624,0.055158,172.31.36.0-255,66,217715,10,316449
18625,0.057142,172.217.26.0-255,5738,223453,10,316449
18626,0.057148,172.31.36.0-255,66,223519,10,316449
18627,0.059114,172.217.26.0-255,5738,229257,10,316449
18628,0.05912,172.31.36.0-255,66,229323,10,316449
18629,0.061098,172.217.26.0-255,5738,235061,10,316449
18630,0.061104,172.31.36.0-255,66,235127,10,316449
18631,0.063083,172.217.26.0-255,5738,240865,10,316449
18632,0.06309,172.31.36.0-255,66,240931,10,316449
18633,0.065073,172.217.26.0-255,5738,246669,10,316449
18634,0.065078,172.31.36.0-255,66,246735,10,316449
18635,0.067057,172.217.26.0-255,5738,252473,10,316449
18636,0.067064,172.31.36.0-255,66,252539,10,316449
18637,0.069141,172.217.26.0-255,1484,254023,10,316449
18638,0.069167,172.217.26.0-255,4320,258343,10,316449
18639,0.069171,172.31.36.0-255,66,258409,10,316449
18640,0.071159,172.217.26.0-255,5738,264147,10,316449
18641,0.071166,172.31.36.0-255,66,264213,10,316449
18642,0.073151,172.217.26.0-255,5738,269951,10,316449
18643,0.073158,172.31.36.0-255,66,270017,10,316449
18644,0.075137,172.217.26.0-255,5738,275755,10,316449
18645,0.075144,172.31.36.0-255,66,275821,10,316449
18646,0.077128,172.217.26.0-255,5738,281559,10,316449
18647,0.077136,172.31.36.0-255,66,281625,10,316449
18648,0.079114,172.217.26.0-255,5738,287363,10,316449
18649,0.079122,172.31.36.0-255,66,287429,10,316449
18650,0.081106,172.217.26.0-255,5738,293167,10,316449
18651,0.081113,172.31.36.0-255,66,293233,10,316449
18652,0.083133,172.217.26.0-255,5738,298971,10,316449
18653,0.08314,172.31.36.0-255,66,299037,10,316449
18654,0.085129,172.217.26.0-255,5738,304775,10,316449
18655,0.085135,172.31.36.0-255,66,304841,10,316449
18656,0.087118,172.217.26.0-255,5738,310579,10,316449
18657,0.087124,172.31.36.0-255,66,310645,10,316449
18658,0.089095,172.217.26.0-255,5738,316383,10,316449
18659,0.089101,172.31.36.0-255,66,316449,10,316449
18660,0.0,172.217.194.0-255,150,150,10,205982
18661,2.2e-05,172.31.36.0-255,66,216,10,205982
18662,2.9e-05,172.217.194.0-255,1484,1700,10,205982
18663,3.4e-05,172.31.36.0-255,66,1766,10,205982
18664,4e-05,172.217.194.0-255,2902,4668,10,205982
18665,4.4e-05,172.31.36.0-255,66,4734,10,205982
18666,6.5e-05,172.217.194.0-255,1484,6218,10,205982
18667,6.8e-05,172.31.36.0-255,66,6284,10,205982
18668,9.4e-05,172.217.194.0-255,5738,12022,10,205982
18669,9.7e-05,172.31.36.0-255,66,12088,10,205982
18670,0.000187,172.217.194.0-255,2056,14144,10,205982
18671,0.000189,172.31.36.0-255,66,14210,10,205982
18672,0.00023,172.31.36.0-255,66,14276,10,205982
18673,0.000387,172.217.194.0-255,6797,21073,10,205982
18674,0.000391,172.31.36.0-255,66,21139,10,205982
18675,0.000511,172.31.36.0-255,66,21205,10,205982
18676,0.00054,172.31.36.0-255,66,21271,10,205982
18677,0.00081,172.31.36.0-255,66,21337,10,205982
18678,0.000838,172.31.36.0-255,66,21403,10,205982
18679,0.001051,172.217.194.0-255,385,21788,10,205982
18680,0.001055,172.31.36.0-255,66,21854,10,205982
18681,0.001175,172.217.194.0-255,1484,23338,10,205982
18682,0.00118,172.31.36.0-255,66,23404,10,205982
18683,0.001189,172.217.194.0-255,2902,26306,10,205982
18684,0.001191,172.31.36.0-255,66,26372,10,205982
18685,0.001222,172.217.194.0-255,2902,29274,10,205982
18686,0.001225,172.31.36.0-255,66,29340,10,205982
18687,0.001244,172.217.194.0-255,2902,32242,10,205982
18688,0.001323,172.217.194.0-255,2902,35144,10,205982
18689,0.001545,172.217.194.0-255,7156,42300,10,205982
18690,0.001561,172.217.194.0-255,3602,45902,10,205982
18691,0.001955,172.217.194.0-255,6438,52340,10,205982
18692,0.002322,172.217.194.0-255,2902,55242,10,205982
18693,0.002859,172.217.194.0-255,2902,58144,10,205982
18694,0.003842,172.217.194.0-255,2902,61046,10,205982
18695,0.004234,172.31.36.0-255,66,61112,10,205982
18696,0.006534,172.217.194.0-255,5738,66850,10,205982
18697,0.00654,172.31.36.0-255,66,66916,10,205982
18698,0.008824,172.217.194.0-255,5738,72654,10,205982
18699,0.00883,172.31.36.0-255,66,72720,10,205982
18700,0.011142,172.217.194.0-255,5738,78458,10,205982
18701,0.01115,172.31.36.0-255,66,78524,10,205982
18702,0.013463,172.217.194.0-255,5738,84262,10,205982
18703,0.013947,172.31.36.0-255,66,84328,10,205982
18704,0.016257,172.217.194.0-255,5738,90066,10,205982
18705,0.016264,172.31.36.0-255,66,90132,10,205982
18706,0.018571,172.217.194.0-255,5738,95870,10,205982
18707,0.0186,172.31.36.0-255,66,95936,10,205982
18708,0.020948,172.217.194.0-255,5738,101674,10,205982
18709,0.020957,172.31.36.0-255,66,101740,10,205982
18710,0.023261,172.217.194.0-255,5738,107478,10,205982
18711,0.02327,172.31.36.0-255,66,107544,10,205982
18712,0.025552,172.217.194.0-255,5738,113282,10,205982
18713,0.02556,172.31.36.0-255,66,113348,10,205982
18714,0.02786,172.217.194.0-255,5738,119086,10,205982
18715,0.027869,172.31.36.0-255,66,119152,10,205982
18716,0.030156,172.217.194.0-255,4320,123472,10,205982
18717,0.030164,172.31.36.0-255,66,123538,10,205982
18718,0.030183,172.217.194.0-255,1484,125022,10,205982
18719,0.032439,172.217.194.0-255,2902,127924,10,205982
18720,0.034022,172.31.36.0-255,66,127990,10,205982
18721,0.036336,172.217.194.0-255,5738,133728,10,205982
18722,0.036345,172.31.36.0-255,66,133794,10,205982
18723,0.038635,172.217.194.0-255,5738,139532,10,205982
18724,0.038643,172.31.36.0-255,66,139598,10,205982
18725,0.040918,172.217.194.0-255,5738,145336,10,205982
18726,0.04201,172.31.36.0-255,66,145402,10,205982
18727,0.042336,172.31.36.0-255,172,145574,10,205982
18728,0.042365,172.31.36.0-255,1113,146687,10,205982
18729,0.042412,172.31.36.0-255,1514,148201,10,205982
18730,0.042414,172.31.36.0-255,1290,149491,10,205982
18731,0.04388,104.244.42.0-255,66,149557,10,205982
18732,0.043887,104.244.42.0-255,66,149623,10,205982
18733,0.04395,104.244.42.0-255,66,149689,10,205982
18734,0.04428,172.217.194.0-255,5738,155427,10,205982
18735,0.044284,172.31.36.0-255,66,155493,10,205982
18736,0.04657,172.217.194.0-255,5738,161231,10,205982
18737,0.046577,172.31.36.0-255,66,161297,10,205982
18738,0.048869,172.217.194.0-255,5738,167035,10,205982
18739,0.048876,172.31.36.0-255,66,167101,10,205982
18740,0.051162,172.217.194.0-255,5738,172839,10,205982
18741,0.051169,172.31.36.0-255,66,172905,10,205982
18742,0.053473,172.217.194.0-255,5738,178643,10,205982
18743,0.05348,172.31.36.0-255,66,178709,10,205982
18744,0.05576,172.217.194.0-255,5738,184447,10,205982
18745,0.055766,172.31.36.0-255,66,184513,10,205982
18746,0.058064,172.217.194.0-255,5738,190251,10,205982
18747,0.05807,172.31.36.0-255,66,190317,10,205982
18748,0.06034,172.217.194.0-255,5738,196055,10,205982
18749,0.060346,172.31.36.0-255,66,196121,10,205982
18750,0.062618,172.217.194.0-255,2902,199023,10,205982
18751,0.062624,172.31.36.0-255,66,199089,10,205982
18752,0.06265,172.217.194.0-255,2902,201991,10,205982
18753,0.06268,172.31.36.0-255,66,202057,10,205982
18754,0.06491,172.217.194.0-255,2902,204959,10,205982
18755,0.064916,172.31.36.0-255,66,205025,10,205982
18756,0.064944,172.217.194.0-255,720,205745,10,205982
18757,0.065101,172.31.36.0-255,66,205811,10,205982
18758,0.065138,172.31.36.0-255,105,205916,10,205982
18759,0.067396,172.217.194.0-255,66,205982,10,205982
18760,0.0,172.217.194.0-255,146,146,10,314935
18761,2.4e-05,172.31.36.0-255,66,212,10,314935
18762,3.1e-05,172.217.194.0-255,1484,1696,10,314935
18763,3.6e-05,172.31.36.0-255,66,1762,10,314935
18764,4.2e-05,172.217.194.0-255,2902,4664,10,314935
18765,4.6e-05,172.31.36.0-255,66,4730,10,314935
18766,5.4e-05,172.217.194.0-255,7156,11886,10,314935
18767,5.7e-05,172.31.36.0-255,66,11952,10,314935
18768,6.2e-05,172.217.194.0-255,2075,14027,10,314935
18769,6.5e-05,172.31.36.0-255,66,14093,10,314935
18770,9.9e-05,172.217.194.0-255,4320,18413,10,314935
18771,0.000103,172.31.36.0-255,66,18479,10,314935
18772,0.000125,172.217.194.0-255,7156,25635,10,314935
18773,0.000127,172.31.36.0-255,66,25701,10,314935
18774,0.000151,172.217.194.0-255,5379,31080,10,314935
18775,0.000154,172.31.36.0-255,66,31146,10,314935
18776,0.000225,172.217.194.0-255,1484,32630,10,314935
18777,0.000228,172.31.36.0-255,66,32696,10,314935
18778,0.00027,172.217.194.0-255,2902,35598,10,314935
18779,0.000273,172.31.36.0-255,66,35664,10,314935
18780,0.00028,172.217.194.0-255,5738,41402,10,314935
18781,0.000282,172.31.36.0-255,66,41468,10,314935
18782,0.000313,172.31.36.0-255,66,41534,10,314935
18783,0.000318,172.217.194.0-255,2902,44436,10,314935
18784,0.00032,172.31.36.0-255,66,44502,10,314935
18785,0.00034,172.217.194.0-255,5738,50240,10,314935
18786,0.000342,172.31.36.0-255,66,50306,10,314935
18787,0.000365,172.217.194.0-255,7071,57377,10,314935
18788,0.000368,172.31.36.0-255,66,57443,10,314935
18789,0.000371,172.217.194.0-255,120,57563,10,314935
18790,0.000373,172.31.36.0-255,66,57629,10,314935
18791,0.000402,172.217.194.0-255,379,58008,10,314935
18792,0.000405,172.31.36.0-255,66,58074,10,314935
18793,0.000815,172.217.194.0-255,1484,59558,10,314935
18794,0.000821,172.31.36.0-255,66,59624,10,314935
18795,0.000828,172.217.194.0-255,2902,62526,10,314935
18796,0.00083,172.31.36.0-255,66,62592,10,314935
18797,0.000836,172.217.194.0-255,5738,68330,10,314935
18798,0.000838,172.31.36.0-255,66,68396,10,314935
18799,0.000868,172.217.194.0-255,2902,71298,10,314935
18800,0.000871,172.31.36.0-255,66,71364,10,314935
18801,0.000904,172.31.36.0-255,66,71430,10,314935
18802,0.000941,172.217.194.0-255,7156,78586,10,314935
18803,0.000944,172.31.36.0-255,66,78652,10,314935
18804,0.000965,172.217.194.0-255,3602,82254,10,314935
18805,0.000969,172.31.36.0-255,66,82320,10,314935
18806,0.001273,172.217.194.0-255,1484,83804,10,314935
18807,0.001279,172.31.36.0-255,66,83870,10,314935
18808,0.001285,172.217.194.0-255,2902,86772,10,314935
18809,0.001287,172.31.36.0-255,66,86838,10,314935
18810,0.00129,172.217.194.0-255,1484,88322,10,314935
18811,0.001292,172.31.36.0-255,66,88388,10,314935
18812,0.001318,172.217.194.0-255,4320,92708,10,314935
18813,0.001321,172.31.36.0-255,66,92774,10,314935
18814,0.001336,172.31.36.0-255,66,92840,10,314935
18815,0.001374,172.31.36.0-255,66,92906,10,314935
18816,0.001389,172.217.194.0-255,766,93672,10,314935
18817,0.001392,172.31.36.0-255,66,93738,10,314935
18818,0.001408,172.217.194.0-255,1484,95222,10,314935
18819,0.001411,172.31.36.0-255,66,95288,10,314935
18820,0.001462,172.31.36.0-255,66,95354,10,314935
18821,0.001528,172.217.194.0-255,4320,99674,10,314935
18822,0.001532,172.31.36.0-255,66,99740,10,314935
18823,0.001553,172.217.194.0-255,5020,104760,10,314935
18824,0.001557,172.31.36.0-255,66,104826,10,314935
18825,0.001582,172.31.36.0-255,66,104892,10,314935
18826,0.001631,172.31.36.0-255,66,104958,10,314935
18827,0.002354,172.217.194.0-255,1484,106442,10,314935
18828,0.002359,172.31.36.0-255,66,106508,10,314935
18829,0.002365,172.217.194.0-255,2902,109410,10,314935
18830,0.002367,172.31.36.0-255,66,109476,10,314935
18831,0.00237,172.217.194.0-255,1484,110960,10,314935
18832,0.002372,172.31.36.0-255,66,111026,10,314935
18833,0.002394,172.217.194.0-255,4320,115346,10,314935
18834,0.002396,172.31.36.0-255,66,115412,10,314935
18835,0.002403,172.217.194.0-255,5738,121150,10,314935
18836,0.002405,172.31.36.0-255,66,121216,10,314935
18837,0.002433,172.217.194.0-255,1484,122700,10,314935
18838,0.002477,172.217.194.0-255,5020,127720,10,314935
18839,0.002492,172.31.36.0-255,66,127786,10,314935
18840,0.005008,172.217.194.0-255,5738,133524,10,314935
18841,0.005017,172.31.36.0-255,66,133590,10,314935
18842,0.00755,172.217.194.0-255,5738,139328,10,314935
18843,0.007554,172.31.36.0-255,66,139394,10,314935
18844,0.010097,172.217.194.0-255,5738,145132,10,314935
18845,0.010108,172.31.36.0-255,66,145198,10,314935
18846,0.01265,172.217.194.0-255,5738,150936,10,314935
18847,0.012667,172.31.36.0-255,66,151002,10,314935
18848,0.015201,172.217.194.0-255,5738,156740,10,314935
18849,0.015211,172.31.36.0-255,66,156806,10,314935
18850,0.017749,172.217.194.0-255,5738,162544,10,314935
18851,0.017761,172.31.36.0-255,66,162610,10,314935
18852,0.02029,172.217.194.0-255,5738,168348,10,314935
18853,0.020299,172.31.36.0-255,66,168414,10,314935
18854,0.022829,172.217.194.0-255,5738,174152,10,314935
18855,0.022837,172.31.36.0-255,66,174218,10,314935
18856,0.025344,172.217.194.0-255,5738,179956,10,314935
18857,0.025356,172.31.36.0-255,66,180022,10,314935
18858,0.027896,172.217.194.0-255,5738,185760,10,314935
18859,0.027905,172.31.36.0-255,66,185826,10,314935
18860,0.030459,172.217.194.0-255,5738,191564,10,314935
18861,0.030473,172.31.36.0-255,66,191630,10,314935
18862,0.03197,172.31.36.0-255,167,191797,10,314935
18863,0.032001,172.31.36.0-255,1113,192910,10,314935
18864,0.03206,172.31.36.0-255,1514,194424,10,314935
18865,0.032061,172.31.36.0-255,1290,195714,10,314935
18866,0.033004,172.217.194.0-255,5738,201452,10,314935
18867,0.033012,172.31.36.0-255,66,201518,10,314935
18868,0.033549,104.244.42.0-255,66,201584,10,314935
18869,0.033557,104.244.42.0-255,66,201650,10,314935
18870,0.033643,104.244.42.0-255,66,201716,10,314935
18871,0.034301,104.244.42.0-255,108,201824,10,314935
18872,0.03431,172.31.36.0-255,66,201890,10,314935
18873,0.035563,172.217.194.0-255,5738,207628,10,314935
18874,0.035569,172.31.36.0-255,66,207694,10,314935
18875,0.038089,172.217.194.0-255,5738,213432,10,314935
18876,0.038096,172.31.36.0-255,66,213498,10,314935
18877,0.040625,172.217.194.0-255,5738,219236,10,314935
18878,0.040634,172.31.36.0-255,66,219302,10,314935
18879,0.043172,172.217.194.0-255,5738,225040,10,314935
18880,0.04318,172.31.36.0-255,66,225106,10,314935
18881,0.045726,172.217.194.0-255,5738,230844,10,314935
18882,0.045733,172.31.36.0-255,66,230910,10,314935
18883,0.048477,172.217.194.0-255,5738,236648,10,314935
18884,0.048484,172.31.36.0-255,66,236714,10,314935
18885,0.051029,172.217.194.0-255,5738,242452,10,314935
18886,0.051037,172.31.36.0-255,66,242518,10,314935
18887,0.053579,172.217.194.0-255,5738,248256,10,314935
18888,0.053586,172.31.36.0-255,66,248322,10,314935
18889,0.056133,172.217.194.0-255,5738,254060,10,314935
18890,0.056142,172.31.36.0-255,66,254126,10,314935
18891,0.058671,172.217.194.0-255,5738,259864,10,314935
18892,0.058681,172.31.36.0-255,66,259930,10,314935
18893,0.061199,172.217.194.0-255,5738,265668,10,314935
18894,0.061206,172.31.36.0-255,66,265734,10,314935
18895,0.063777,172.217.194.0-255,5738,271472,10,314935
18896,0.063784,172.31.36.0-255,66,271538,10,314935
18897,0.066302,172.217.194.0-255,5738,277276,10,314935
18898,0.066309,172.31.36.0-255,66,277342,10,314935
18899,0.068853,172.217.194.0-255,5738,283080,10,314935
18900,0.06886,172.31.36.0-255,66,283146,10,314935
18901,0.071377,172.217.194.0-255,5738,288884,10,314935
18902,0.071384,172.31.36.0-255,66,288950,10,314935
18903,0.07392,172.217.194.0-255,5738,294688,10,314935
18904,0.073926,172.31.36.0-255,66,294754,10,314935
18905,0.076458,172.217.194.0-255,5738,300492,10,314935
18906,0.076466,172.31.36.0-255,66,300558,10,314935
18907,0.079026,172.217.194.0-255,5738,306296,10,314935
18908,0.079033,172.31.36.0-255,66,306362,10,314935
18909,0.081579,172.217.194.0-255,5738,312100,10,314935
18910,0.081585,172.31.36.0-255,66,312166,10,314935
18911,0.084104,172.217.194.0-255,2532,314698,10,314935
18912,0.084111,172.31.36.0-255,66,314764,10,314935
18913,0.084285,172.31.36.0-255,105,314869,10,314935
18914,0.086786,172.217.194.0-255,66,314935,10,314935
18915,0.0,74.125.24.0-255,153,153,10,219936
18916,2.9e-05,172.31.36.0-255,66,219,10,219936
18917,3.7e-05,74.125.24.0-255,1484,1703,10,219936
18918,4.2e-05,172.31.36.0-255,66,1769,10,219936
18919,4.8e-05,74.125.24.0-255,2902,4671,10,219936
18920,5.3e-05,172.31.36.0-255,66,4737,10,219936
18921,6e-05,74.125.24.0-255,7156,11893,10,219936
18922,6.2e-05,172.31.36.0-255,66,11959,10,219936
18923,8.2e-05,74.125.24.0-255,2017,13976,10,219936
18924,8.4e-05,172.31.36.0-255,66,14042,10,219936
18925,0.000336,74.125.24.0-255,1484,15526,10,219936
18926,0.000341,172.31.36.0-255,66,15592,10,219936
18927,0.000348,74.125.24.0-255,2902,18494,10,219936
18928,0.000351,172.31.36.0-255,66,18560,10,219936
18929,0.000376,74.125.24.0-255,5738,24298,10,219936
18930,0.000379,172.31.36.0-255,66,24364,10,219936
18931,0.000383,74.125.24.0-255,2902,27266,10,219936
18932,0.000385,172.31.36.0-255,66,27332,10,219936
18933,0.000404,74.125.24.0-255,3961,31293,10,219936
18934,0.000406,172.31.36.0-255,66,31359,10,219936
18935,0.000445,74.125.24.0-255,1484,32843,10,219936
18936,0.000448,172.31.36.0-255,66,32909,10,219936
18937,0.000453,74.125.24.0-255,2902,35811,10,219936
18938,0.000456,172.31.36.0-255,66,35877,10,219936
18939,0.00047,74.125.24.0-255,1484,37361,10,219936
18940,0.000473,172.31.36.0-255,66,37427,10,219936
18941,0.000497,74.125.24.0-255,4320,41747,10,219936
18942,0.000501,172.31.36.0-255,66,41813,10,219936
18943,0.000505,74.125.24.0-255,2902,44715,10,219936
18944,0.000508,172.31.36.0-255,66,44781,10,219936
18945,0.000519,172.31.36.0-255,66,44847,10,219936
18946,0.000544,74.125.24.0-255,7156,52003,10,219936
18947,0.000549,172.31.36.0-255,66,52069,10,219936
18948,0.000557,74.125.24.0-255,3602,55671,10,219936
18949,0.00056,172.31.36.0-255,66,55737,10,219936
18950,0.000586,74.125.24.0-255,401,56138,10,219936
18951,0.00085,172.31.36.0-255,66,56204,10,219936
18952,0.001441,74.125.24.0-255,342,56546,10,219936
18953,0.001473,74.125.24.0-255,1484,58030,10,219936
18954,0.001478,172.31.36.0-255,66,58096,10,219936
18955,0.001496,74.125.24.0-255,4320,62416,10,219936
18956,0.001499,172.31.36.0-255,66,62482,10,219936
18957,0.001504,74.125.24.0-255,2902,65384,10,219936
18958,0.001506,172.31.36.0-255,66,65450,10,219936
18959,0.001525,74.125.24.0-255,4320,69770,10,219936
18960,0.001528,172.31.36.0-255,66,69836,10,219936
18961,0.001556,172.31.36.0-255,66,69902,10,219936
18962,0.001582,74.125.24.0-255,5738,75640,10,219936
18963,0.001585,172.31.36.0-255,66,75706,10,219936
18964,0.001591,74.125.24.0-255,5020,80726,10,219936
18965,0.001593,172.31.36.0-255,66,80792,10,219936
18966,0.002203,74.125.24.0-255,1484,82276,10,219936
18967,0.00222,74.125.24.0-255,2902,85178,10,219936
18968,0.002223,172.31.36.0-255,66,85244,10,219936
18969,0.002229,74.125.24.0-255,5738,90982,10,219936
18970,0.002231,172.31.36.0-255,66,91048,10,219936
18971,0.00227,74.125.24.0-255,7156,98204,10,219936
18972,0.002273,172.31.36.0-255,66,98270,10,219936
18973,0.002289,74.125.24.0-255,2902,101172,10,219936
18974,0.002291,172.31.36.0-255,66,101238,10,219936
18975,0.002294,74.125.24.0-255,1484,102722,10,219936
18976,0.00233,172.31.36.0-255,66,102788,10,219936
18977,0.002346,74.125.24.0-255,2184,104972,10,219936
18978,0.002348,172.31.36.0-255,66,105038,10,219936
18979,0.002547,74.125.24.0-255,1484,106522,10,219936
18980,0.00255,74.125.24.0-255,1484,108006,10,219936
18981,0.002552,172.31.36.0-255,66,108072,10,219936
18982,0.002568,74.125.24.0-255,1484,109556,10,219936
18983,0.002575,74.125.24.0-255,5738,115294,10,219936
18984,0.002577,172.31.36.0-255,66,115360,10,219936
18985,0.002579,74.125.24.0-255,1484,116844,10,219936
18986,0.002607,172.31.36.0-255,66,116910,10,219936
18987,0.002624,74.125.24.0-255,2902,119812,10,219936
18988,0.002626,172.31.36.0-255,66,119878,10,219936
18989,0.002631,74.125.24.0-255,4320,124198,10,219936
18990,0.002633,172.31.36.0-255,66,124264,10,219936
18991,0.002658,172.31.36.0-255,66,124330,10,219936
18992,0.002661,74.125.24.0-255,1484,125814,10,219936
18993,0.002663,74.125.24.0-255,1484,127298,10,219936
18994,0.002665,172.31.36.0-255,66,127364,10,219936
18995,0.002668,74.125.24.0-255,1484,128848,10,219936
18996,0.002671,74.125.24.0-255,1484,130332,10,219936
18997,0.002672,172.31.36.0-255,66,130398,10,219936
18998,0.002678,74.125.24.0-255,4320,134718,10,219936
18999,0.002681,172.31.36.0-255,66,134784,10,219936
19000,0.002741,172.31.36.0-255,66,134850,10,219936
19001,0.002747,74.125.24.0-255,5738,140588,10,219936
19002,0.002749,172.31.36.0-255,66,140654,10,219936
19003,0.002754,74.125.24.0-255,5020,145674,10,219936
19004,0.002756,172.31.36.0-255,66,145740,10,219936
19005,0.002825,74.125.24.0-255,1484,147224,10,219936
19006,0.00284,74.125.24.0-255,2902,150126,10,219936
19007,0.002842,172.31.36.0-255,66,150192,10,219936
19008,0.002866,74.125.24.0-255,5738,155930,10,219936
19009,0.002868,172.31.36.0-255,66,155996,10,219936
19010,0.002874,74.125.24.0-255,5738,161734,10,219936
19011,0.002876,172.31.36.0-255,66,161800,10,219936
19012,0.00289,74.125.24.0-255,2902,164702,10,219936
19013,0.002892,172.31.36.0-255,66,164768,10,219936
19014,0.002932,74.125.24.0-255,5738,170506,10,219936
19015,0.002935,172.31.36.0-255,66,170572,10,219936
19016,0.002961,172.31.36.0-255,66,170638,10,219936
19017,0.002971,74.125.24.0-255,1484,172122,10,219936
19018,0.002982,74.125.24.0-255,2902,175024,10,219936
19019,0.002984,172.31.36.0-255,66,175090,10,219936
19020,0.002999,74.125.24.0-255,5738,180828,10,219936
19021,0.003002,172.31.36.0-255,66,180894,10,219936
19022,0.003052,172.31.36.0-255,66,180960,10,219936
19023,0.003064,172.31.36.0-255,66,181026,10,219936
19024,0.003087,74.125.24.0-255,5738,186764,10,219936
19025,0.003089,172.31.36.0-255,66,186830,10,219936
19026,0.003125,172.31.36.0-255,66,186896,10,219936
19027,0.003142,74.125.24.0-255,2184,189080,10,219936
19028,0.003144,172.31.36.0-255,66,189146,10,219936
19029,0.003156,172.31.36.0-255,66,189212,10,219936
19030,0.003168,172.31.36.0-255,66,189278,10,219936
19031,0.003217,172.31.36.0-255,66,189344,10,219936
19032,0.00323,74.125.24.0-255,2902,192246,10,219936
19033,0.003254,74.125.24.0-255,5738,197984,10,219936
19034,0.003325,74.125.24.0-255,7156,205140,10,219936
19035,0.003346,74.125.24.0-255,3602,208742,10,219936
19036,0.003376,74.125.24.0-255,5020,213762,10,219936
19037,0.003391,74.125.24.0-255,1484,215246,10,219936
19038,0.003424,74.125.24.0-255,105,215351,10,219936
19039,0.003425,172.31.36.0-255,66,215417,10,219936
19040,0.003433,172.31.36.0-255,66,215483,10,219936
19041,0.006131,172.31.36.0-255,105,215588,10,219936
19042,0.008384,74.125.24.0-255,66,215654,10,219936
19043,0.030785,172.31.36.0-255,167,215821,10,219936
19044,0.030814,172.31.36.0-255,1113,216934,10,219936
19045,0.030859,172.31.36.0-255,1514,218448,10,219936
19046,0.030861,172.31.36.0-255,1290,219738,10,219936
19047,0.032317,104.244.42.0-255,66,219804,10,219936
19048,0.032361,104.244.42.0-255,66,219870,10,219936
19049,0.032427,104.244.42.0-255,66,219936,10,219936
19050,0.0,172.217.194.0-255,152,152,10,319450
19051,2.6e-05,172.31.36.0-255,66,218,10,319450
19052,3.2e-05,172.217.194.0-255,1484,1702,10,319450
19053,3.5e-05,172.31.36.0-255,66,1768,10,319450
19054,4e-05,172.217.194.0-255,2902,4670,10,319450
19055,4.2e-05,172.31.36.0-255,66,4736,10,319450
19056,4.6e-05,172.217.194.0-255,2902,7638,10,319450
19057,4.8e-05,172.31.36.0-255,66,7704,10,319450
19058,7.2e-05,172.31.36.0-255,66,7770,10,319450
19059,9.3e-05,172.217.194.0-255,5738,13508,10,319450
19060,9.6e-05,172.31.36.0-255,66,13574,10,319450
19061,0.000129,172.31.36.0-255,66,13640,10,319450
19062,0.000158,172.217.194.0-255,1484,15124,10,319450
19063,0.000161,172.31.36.0-255,66,15190,10,319450
19064,0.000164,172.217.194.0-255,1484,16674,10,319450
19065,0.000166,172.31.36.0-255,66,16740,10,319450
19066,0.000178,172.217.194.0-255,1484,18224,10,319450
19067,0.00018,172.31.36.0-255,66,18290,10,319450
19068,0.000186,172.217.194.0-255,5738,24028,10,319450
19069,0.000188,172.31.36.0-255,66,24094,10,319450
19070,0.00019,172.217.194.0-255,1484,25578,10,319450
19071,0.000192,172.31.36.0-255,66,25644,10,319450
19072,0.000215,172.217.194.0-255,2902,28546,10,319450
19073,0.000218,172.31.36.0-255,66,28612,10,319450
19074,0.000227,172.217.194.0-255,1484,30096,10,319450
19075,0.000229,172.31.36.0-255,66,30162,10,319450
19076,0.000257,172.31.36.0-255,66,30228,10,319450
19077,0.000276,172.217.194.0-255,2543,32771,10,319450
19078,0.000279,172.31.36.0-255,66,32837,10,319450
19079,0.000285,172.217.194.0-255,7052,39889,10,319450
19080,0.000288,172.31.36.0-255,66,39955,10,319450
19081,0.00029,172.217.194.0-255,116,40071,10,319450
19082,0.00044,172.217.194.0-255,381,40452,10,319450
19083,0.000581,172.217.194.0-255,1484,41936,10,319450
19084,0.000585,172.31.36.0-255,66,42002,10,319450
19085,0.000589,172.217.194.0-255,1484,43486,10,319450
19086,0.000601,172.217.194.0-255,1484,44970,10,319450
19087,0.000603,172.31.36.0-255,66,45036,10,319450
19088,0.000606,172.217.194.0-255,1484,46520,10,319450
19089,0.000627,172.217.194.0-255,4320,50840,10,319450
19090,0.00063,172.31.36.0-255,66,50906,10,319450
19091,0.000651,172.217.194.0-255,2902,53808,10,319450
19092,0.000654,172.31.36.0-255,66,53874,10,319450
19093,0.000668,172.217.194.0-255,3412,57286,10,319450
19094,0.00067,172.31.36.0-255,66,57352,10,319450
19095,0.001047,172.217.194.0-255,1484,58836,10,319450
19096,0.001058,172.217.194.0-255,2902,61738,10,319450
19097,0.001062,172.31.36.0-255,66,61804,10,319450
19098,0.00107,172.217.194.0-255,5738,67542,10,319450
19099,0.001072,172.31.36.0-255,66,67608,10,319450
19100,0.001085,172.217.194.0-255,1484,69092,10,319450
19101,0.001133,172.31.36.0-255,66,69158,10,319450
19102,0.001154,172.217.194.0-255,1484,70642,10,319450
19103,0.001168,172.31.36.0-255,66,70708,10,319450
19104,0.001528,172.217.194.0-255,1484,72192,10,319450
19105,0.001536,172.217.194.0-255,2902,75094,10,319450
19106,0.00154,172.31.36.0-255,66,75160,10,319450
19107,0.001547,172.217.194.0-255,5738,80898,10,319450
19108,0.001548,172.31.36.0-255,66,80964,10,319450
19109,0.001576,172.31.36.0-255,66,81030,10,319450
19110,0.001621,172.217.194.0-255,2902,83932,10,319450
19111,0.001623,172.31.36.0-255,66,83998,10,319450
19112,0.001648,172.31.36.0-255,66,84064,10,319450
19113,0.002301,172.217.194.0-255,1484,85548,10,319450
19114,0.002306,172.217.194.0-255,2902,88450,10,319450
19115,0.002309,172.31.36.0-255,66,88516,10,319450
19116,0.002322,172.217.194.0-255,2902,91418,10,319450
19117,0.002325,172.31.36.0-255,66,91484,10,319450
19118,0.002339,172.217.194.0-255,2902,94386,10,319450
19119,0.002341,172.31.36.0-255,66,94452,10,319450
19120,0.002345,172.217.194.0-255,2902,97354,10,319450
19121,0.002348,172.31.36.0-255,66,97420,10,319450
19122,0.002385,172.31.36.0-255,66,97486,10,319450
19123,0.002395,172.31.36.0-255,66,97552,10,319450
19124,0.002418,172.217.194.0-255,2184,99736,10,319450
19125,0.00242,172.31.36.0-255,66,99802,10,319450
19126,0.002476,172.217.194.0-255,1484,101286,10,319450
19127,0.002488,172.217.194.0-255,2902,104188,10,319450
19128,0.00249,172.31.36.0-255,66,104254,10,319450
19129,0.002512,172.217.194.0-255,5738,109992,10,319450
19130,0.002514,172.31.36.0-255,66,110058,10,319450
19131,0.002519,172.217.194.0-255,4320,114378,10,319450
19132,0.002521,172.31.36.0-255,66,114444,10,319450
19133,0.002543,172.217.194.0-255,2902,117346,10,319450
19134,0.002545,172.31.36.0-255,66,117412,10,319450
19135,0.002559,172.31.36.0-255,66,117478,10,319450
19136,0.002563,172.217.194.0-255,2184,119662,10,319450
19137,0.002565,172.31.36.0-255,66,119728,10,319450
19138,0.005075,172.217.194.0-255,5738,125466,10,319450
19139,0.005082,172.31.36.0-255,66,125532,10,319450
19140,0.007607,172.217.194.0-255,5738,131270,10,319450
19141,0.007614,172.31.36.0-255,66,131336,10,319450
19142,0.010123,172.217.194.0-255,5738,137074,10,319450
19143,0.010131,172.31.36.0-255,66,137140,10,319450
19144,0.01262,172.217.194.0-255,5738,142878,10,319450
19145,0.012628,172.31.36.0-255,66,142944,10,319450
19146,0.015121,172.217.194.0-255,5738,148682,10,319450
19147,0.01513,172.31.36.0-255,66,148748,10,319450
19148,0.017644,172.217.194.0-255,5738,154486,10,319450
19149,0.017653,172.31.36.0-255,66,154552,10,319450
19150,0.020201,172.217.194.0-255,5738,160290,10,319450
19151,0.020215,172.31.36.0-255,66,160356,10,319450
19152,0.022728,172.217.194.0-255,5738,166094,10,319450
19153,0.022736,172.31.36.0-255,66,166160,10,319450
19154,0.025252,172.217.194.0-255,5738,171898,10,319450
19155,0.02526,172.31.36.0-255,66,171964,10,319450
19156,0.027759,172.217.194.0-255,5738,177702,10,319450
19157,0.027766,172.31.36.0-255,66,177768,10,319450
19158,0.030305,172.217.194.0-255,5738,183506,10,319450
19159,0.030313,172.31.36.0-255,66,183572,10,319450
19160,0.032868,172.217.194.0-255,5738,189310,10,319450
19161,0.032876,172.31.36.0-255,66,189376,10,319450
19162,0.034144,172.31.36.0-255,183,189559,10,319450
19163,0.034172,172.31.36.0-255,956,190515,10,319450
19164,0.034214,172.31.36.0-255,1514,192029,10,319450
19165,0.034216,172.31.36.0-255,1447,193476,10,319450
19166,0.035408,172.217.194.0-255,5738,199214,10,319450
19167,0.035414,172.31.36.0-255,66,199280,10,319450
19168,0.035709,104.244.42.0-255,66,199346,10,319450
19169,0.035776,104.244.42.0-255,66,199412,10,319450
19170,0.035821,104.244.42.0-255,66,199478,10,319450
19171,0.037927,172.217.194.0-255,5738,205216,10,319450
19172,0.037934,172.31.36.0-255,66,205282,10,319450
19173,0.040436,172.217.194.0-255,5738,211020,10,319450
19174,0.040457,172.31.36.0-255,66,211086,10,319450
19175,0.042992,172.217.194.0-255,5738,216824,10,319450
19176,0.042998,172.31.36.0-255,66,216890,10,319450
19177,0.045515,172.217.194.0-255,5738,222628,10,319450
19178,0.045521,172.31.36.0-255,66,222694,10,319450
19179,0.048022,172.217.194.0-255,4320,227014,10,319450
19180,0.048029,172.31.36.0-255,66,227080,10,319450
19181,0.048054,172.217.194.0-255,1484,228564,10,319450
19182,0.050549,172.217.194.0-255,4320,232884,10,319450
19183,0.050555,172.31.36.0-255,66,232950,10,319450
19184,0.053064,172.217.194.0-255,5738,238688,10,319450
19185,0.05307,172.31.36.0-255,66,238754,10,319450
19186,0.055578,172.217.194.0-255,5738,244492,10,319450
19187,0.055584,172.31.36.0-255,66,244558,10,319450
19188,0.058093,172.217.194.0-255,5738,250296,10,319450
19189,0.058099,172.31.36.0-255,66,250362,10,319450
19190,0.060633,172.217.194.0-255,5738,256100,10,319450
19191,0.060638,172.31.36.0-255,66,256166,10,319450
19192,0.063138,172.217.194.0-255,4320,260486,10,319450
19193,0.063144,172.31.36.0-255,66,260552,10,319450
19194,0.063172,172.217.194.0-255,1484,262036,10,319450
19195,0.065663,172.217.194.0-255,4320,266356,10,319450
19196,0.065668,172.31.36.0-255,66,266422,10,319450
19197,0.068172,172.217.194.0-255,5738,272160,10,319450
19198,0.068177,172.31.36.0-255,66,272226,10,319450
19199,0.070687,172.217.194.0-255,5738,277964,10,319450
19200,0.070692,172.31.36.0-255,66,278030,10,319450
19201,0.073206,172.217.194.0-255,2902,280932,10,319450
19202,0.073211,172.31.36.0-255,66,280998,10,319450
19203,0.073244,172.217.194.0-255,2902,283900,10,319450
19204,0.073247,172.31.36.0-255,66,283966,10,319450
19205,0.075704,172.217.194.0-255,2902,286868,10,319450
19206,0.07571,172.31.36.0-255,66,286934,10,319450
19207,0.07574,172.217.194.0-255,2902,289836,10,319450
19208,0.075743,172.31.36.0-255,66,289902,10,319450
19209,0.078225,172.217.194.0-255,2902,292804,10,319450
19210,0.07823,172.31.36.0-255,66,292870,10,319450
19211,0.078265,172.217.194.0-255,2902,295772,10,319450
19212,0.078268,172.31.36.0-255,66,295838,10,319450
19213,0.08073,172.217.194.0-255,2902,298740,10,319450
19214,0.080734,172.31.36.0-255,66,298806,10,319450
19215,0.080773,172.217.194.0-255,2902,301708,10,319450
19216,0.080776,172.31.36.0-255,66,301774,10,319450
19217,0.083227,172.217.194.0-255,2902,304676,10,319450
19218,0.083233,172.31.36.0-255,66,304742,10,319450
19219,0.083272,172.217.194.0-255,2902,307644,10,319450
19220,0.083276,172.31.36.0-255,66,307710,10,319450
19221,0.08574,172.217.194.0-255,2902,310612,10,319450
19222,0.085747,172.31.36.0-255,66,310678,10,319450
19223,0.085773,172.217.194.0-255,2902,313580,10,319450
19224,0.085776,172.31.36.0-255,66,313646,10,319450
19225,0.088275,172.217.194.0-255,5738,319384,10,319450
19226,0.08828,172.31.36.0-255,66,319450,10,319450
19227,0.0,172.217.194.0-255,297,297,10,321800
19228,2.8e-05,172.31.36.0-255,66,363,10,321800
19229,3.5e-05,172.217.194.0-255,1484,1847,10,321800
19230,3.9e-05,172.31.36.0-255,66,1913,10,321800
19231,4.5e-05,172.217.194.0-255,4320,6233,10,321800
19232,4.8e-05,172.31.36.0-255,66,6299,10,321800
19233,5.4e-05,172.217.194.0-255,4320,10619,10,321800
19234,5.6e-05,172.31.36.0-255,66,10685,10,321800
19235,0.000101,172.217.194.0-255,4690,15375,10,321800
19236,0.000104,172.31.36.0-255,66,15441,10,321800
19237,0.000115,172.31.36.0-255,66,15507,10,321800
19238,0.000127,172.217.194.0-255,5379,20886,10,321800
19239,0.000131,172.31.36.0-255,66,20952,10,321800
19240,0.000137,172.217.194.0-255,5738,26690,10,321800
19241,0.00014,172.31.36.0-255,66,26756,10,321800
19242,0.000185,172.31.36.0-255,66,26822,10,321800
19243,0.000207,172.217.194.0-255,5738,32560,10,321800
19244,0.00021,172.31.36.0-255,66,32626,10,321800
19245,0.000242,172.217.194.0-255,5738,38364,10,321800
19246,0.000244,172.31.36.0-255,66,38430,10,321800
19247,0.000251,172.217.194.0-255,5651,44081,10,321800
19248,0.000253,172.31.36.0-255,66,44147,10,321800
19249,0.0004,172.217.194.0-255,120,44267,10,321800
19250,0.000405,172.31.36.0-255,66,44333,10,321800
19251,0.000455,172.217.194.0-255,384,44717,10,321800
19252,0.000459,172.31.36.0-255,66,44783,10,321800
19253,0.000666,172.217.194.0-255,1484,46267,10,321800
19254,0.00067,172.31.36.0-255,66,46333,10,321800
19255,0.000676,172.217.194.0-255,2902,49235,10,321800
19256,0.000678,172.31.36.0-255,66,49301,10,321800
19257,0.000683,172.217.194.0-255,2902,52203,10,321800
19258,0.000689,172.31.36.0-255,66,52269,10,321800
19259,0.000715,172.217.194.0-255,2902,55171,10,321800
19260,0.000724,172.31.36.0-255,66,55237,10,321800
19261,0.000739,172.31.36.0-255,66,55303,10,321800
19262,0.000746,172.31.36.0-255,66,55369,10,321800
19263,0.000765,172.217.194.0-255,2184,57553,10,321800
19264,0.000781,172.31.36.0-255,66,57619,10,321800
19265,0.001592,172.217.194.0-255,1484,59103,10,321800
19266,0.001607,172.217.194.0-255,2902,62005,10,321800
19267,0.001612,172.31.36.0-255,66,62071,10,321800
19268,0.00162,172.217.194.0-255,5738,67809,10,321800
19269,0.001628,172.217.194.0-255,7156,74965,10,321800
19270,0.001662,172.217.194.0-255,5738,80703,10,321800
19271,0.002216,172.217.194.0-255,1484,82187,10,321800
19272,0.002223,172.217.194.0-255,2902,85089,10,321800
19273,0.002229,172.217.194.0-255,5738,90827,10,321800
19274,0.002316,172.217.194.0-255,2902,93729,10,321800
19275,0.002376,172.217.194.0-255,1484,95213,10,321800
19276,0.002379,172.217.194.0-255,1484,96697,10,321800
19277,0.002391,172.217.194.0-255,1484,98181,10,321800
19278,0.002396,172.217.194.0-255,2902,101083,10,321800
19279,0.002412,172.217.194.0-255,2902,103985,10,321800
19280,0.002427,172.217.194.0-255,2902,106887,10,321800
19281,0.002457,172.217.194.0-255,2902,109789,10,321800
19282,0.003678,172.31.36.0-255,66,109855,10,321800
19283,0.006061,172.217.194.0-255,5738,115593,10,321800
19284,0.006068,172.31.36.0-255,66,115659,10,321800
19285,0.008471,172.217.194.0-255,5738,121397,10,321800
19286,0.008477,172.31.36.0-255,66,121463,10,321800
19287,0.010855,172.217.194.0-255,5738,127201,10,321800
19288,0.010861,172.31.36.0-255,66,127267,10,321800
19289,0.013252,172.217.194.0-255,5738,133005,10,321800
19290,0.013259,172.31.36.0-255,66,133071,10,321800
19291,0.015669,172.217.194.0-255,5738,138809,10,321800
19292,0.015678,172.31.36.0-255,66,138875,10,321800
19293,0.018041,172.217.194.0-255,5738,144613,10,321800
19294,0.018052,172.31.36.0-255,66,144679,10,321800
19295,0.020459,172.217.194.0-255,5738,150417,10,321800
19296,0.020466,172.31.36.0-255,66,150483,10,321800
19297,0.022942,172.217.194.0-255,5738,156221,10,321800
19298,0.022948,172.31.36.0-255,66,156287,10,321800
19299,0.024601,172.31.36.0-255,172,156459,10,321800
19300,0.024636,172.31.36.0-255,1114,157573,10,321800
19301,0.02467,172.31.36.0-255,1514,159087,10,321800
19302,0.024672,172.31.36.0-255,1289,160376,10,321800
19303,0.025348,172.217.194.0-255,5738,166114,10,321800
19304,0.025355,172.31.36.0-255,66,166180,10,321800
19305,0.026196,104.244.42.0-255,66,166246,10,321800
19306,0.026244,104.244.42.0-255,66,166312,10,321800
19307,0.026249,104.244.42.0-255,66,166378,10,321800
19308,0.027702,172.217.194.0-255,5738,172116,10,321800
19309,0.027709,172.31.36.0-255,66,172182,10,321800
19310,0.030099,172.217.194.0-255,5738,177920,10,321800
19311,0.030103,172.31.36.0-255,66,177986,10,321800
19312,0.032521,172.217.194.0-255,5738,183724,10,321800
19313,0.032526,172.31.36.0-255,66,183790,10,321800
19314,0.034915,172.217.194.0-255,5738,189528,10,321800
19315,0.03492,172.31.36.0-255,66,189594,10,321800
19316,0.037337,172.217.194.0-255,5738,195332,10,321800
19317,0.037342,172.31.36.0-255,66,195398,10,321800
19318,0.039707,172.217.194.0-255,5738,201136,10,321800
19319,0.039726,172.31.36.0-255,66,201202,10,321800
19320,0.042107,172.217.194.0-255,5738,206940,10,321800
19321,0.042112,172.31.36.0-255,66,207006,10,321800
19322,0.044541,172.217.194.0-255,5738,212744,10,321800
19323,0.044547,172.31.36.0-255,66,212810,10,321800
19324,0.046937,172.217.194.0-255,5738,218548,10,321800
19325,0.046943,172.31.36.0-255,66,218614,10,321800
19326,0.049332,172.217.194.0-255,5738,224352,10,321800
19327,0.049337,172.31.36.0-255,66,224418,10,321800
19328,0.051689,172.217.194.0-255,4320,228738,10,321800
19329,0.051695,172.31.36.0-255,66,228804,10,321800
19330,0.051732,172.217.194.0-255,1484,230288,10,321800
19331,0.05406,172.217.194.0-255,4320,234608,10,321800
19332,0.054066,172.31.36.0-255,66,234674,10,321800
19333,0.056473,172.217.194.0-255,5738,240412,10,321800
19334,0.056525,172.31.36.0-255,66,240478,10,321800
19335,0.058877,172.217.194.0-255,5738,246216,10,321800
19336,0.058882,172.31.36.0-255,66,246282,10,321800
19337,0.061234,172.217.194.0-255,1484,247766,10,321800
19338,0.061265,172.217.194.0-255,4320,252086,10,321800
19339,0.06127,172.31.36.0-255,66,252152,10,321800
19340,0.063684,172.217.194.0-255,5738,257890,10,321800
19341,0.06369,172.31.36.0-255,66,257956,10,321800
19342,0.06606,172.217.194.0-255,5738,263694,10,321800
19343,0.066065,172.31.36.0-255,66,263760,10,321800
19344,0.068416,172.217.194.0-255,5738,269498,10,321800
19345,0.068422,172.31.36.0-255,66,269564,10,321800
19346,0.070771,172.217.194.0-255,5738,275302,10,321800
19347,0.070776,172.31.36.0-255,66,275368,10,321800
19348,0.073118,172.217.194.0-255,5738,281106,10,321800
19349,0.073124,172.31.36.0-255,66,281172,10,321800
19350,0.07546,172.217.194.0-255,5738,286910,10,321800
19351,0.075466,172.31.36.0-255,66,286976,10,321800
19352,0.077838,172.217.194.0-255,5738,292714,10,321800
19353,0.077844,172.31.36.0-255,66,292780,10,321800
19354,0.080193,172.217.194.0-255,5738,298518,10,321800
19355,0.080198,172.31.36.0-255,66,298584,10,321800
19356,0.082524,172.217.194.0-255,5738,304322,10,321800
19357,0.082529,172.31.36.0-255,66,304388,10,321800
19358,0.084869,172.217.194.0-255,5738,310126,10,321800
19359,0.084875,172.31.36.0-255,66,310192,10,321800
19360,0.087251,172.217.194.0-255,5738,315930,10,321800
19361,0.087256,172.31.36.0-255,66,315996,10,321800
19362,0.089603,172.217.194.0-255,5738,321734,10,321800
19363,0.089608,172.31.36.0-255,66,321800,10,321800
19364,0.0,74.125.24.0-255,143,143,10,297709
19365,2.2e-05,172.31.36.0-255,66,209,10,297709
19366,2.9e-05,74.125.24.0-255,1484,1693,10,297709
19367,3.4e-05,172.31.36.0-255,66,1759,10,297709
19368,4.8e-05,74.125.24.0-255,2902,4661,10,297709
19369,5.1e-05,172.31.36.0-255,66,4727,10,297709
19370,5.9e-05,74.125.24.0-255,7156,11883,10,297709
19371,6.2e-05,172.31.36.0-255,66,11949,10,297709
19372,6.8e-05,74.125.24.0-255,4320,16269,10,297709
19373,7e-05,172.31.36.0-255,66,16335,10,297709
19374,0.000107,74.125.24.0-255,3393,19728,10,297709
19375,0.000111,172.31.36.0-255,66,19794,10,297709
19376,0.000122,172.31.36.0-255,66,19860,10,297709
19377,0.000139,172.31.36.0-255,66,19926,10,297709
19378,0.000143,74.125.24.0-255,766,20692,10,297709
19379,0.000145,172.31.36.0-255,66,20758,10,297709
19380,0.000523,74.125.24.0-255,1484,22242,10,297709
19381,0.00053,172.31.36.0-255,66,22308,10,297709
19382,0.000537,74.125.24.0-255,2902,25210,10,297709
19383,0.00054,172.31.36.0-255,66,25276,10,297709
19384,0.000551,74.125.24.0-255,5738,31014,10,297709
19385,0.000553,172.31.36.0-255,66,31080,10,297709
19386,0.000605,172.31.36.0-255,66,31146,10,297709
19387,0.000735,74.125.24.0-255,1484,32630,10,297709
19388,0.000739,172.31.36.0-255,66,32696,10,297709
19389,0.000744,74.125.24.0-255,2902,35598,10,297709
19390,0.000746,172.31.36.0-255,66,35664,10,297709
19391,0.000775,74.125.24.0-255,5738,41402,10,297709
19392,0.000778,172.31.36.0-255,66,41468,10,297709
19393,0.000784,74.125.24.0-255,4320,45788,10,297709
19394,0.000786,172.31.36.0-255,66,45854,10,297709
19395,0.000821,74.125.24.0-255,3961,49815,10,297709
19396,0.000824,172.31.36.0-255,66,49881,10,297709
19397,0.000835,172.31.36.0-255,66,49947,10,297709
19398,0.000843,74.125.24.0-255,6797,56744,10,297709
19399,0.000845,172.31.36.0-255,66,56810,10,297709
19400,0.002981,74.125.24.0-255,5738,62548,10,297709
19401,0.002988,172.31.36.0-255,66,62614,10,297709
19402,0.005125,74.125.24.0-255,5738,68352,10,297709
19403,0.005129,172.31.36.0-255,66,68418,10,297709
19404,0.007316,74.125.24.0-255,4320,72738,10,297709
19405,0.007322,172.31.36.0-255,66,72804,10,297709
19406,0.00735,74.125.24.0-255,1484,74288,10,297709
19407,0.009429,74.125.24.0-255,4320,78608,10,297709
19408,0.009438,172.31.36.0-255,66,78674,10,297709
19409,0.011554,74.125.24.0-255,5738,84412,10,297709
19410,0.011564,172.31.36.0-255,66,84478,10,297709
19411,0.013744,74.125.24.0-255,5738,90216,10,297709
19412,0.013775,172.31.36.0-255,66,90282,10,297709
19413,0.015884,74.125.24.0-255,5738,96020,10,297709
19414,0.015894,172.31.36.0-255,66,96086,10,297709
19415,0.018037,74.125.24.0-255,5738,101824,10,297709
19416,0.018047,172.31.36.0-255,66,101890,10,297709
19417,0.020201,74.125.24.0-255,5738,107628,10,297709
19418,0.020214,172.31.36.0-255,66,107694,10,297709
19419,0.022326,74.125.24.0-255,5738,113432,10,297709
19420,0.022339,172.31.36.0-255,66,113498,10,297709
19421,0.024504,74.125.24.0-255,5738,119236,10,297709
19422,0.02452,172.31.36.0-255,66,119302,10,297709
19423,0.02665,74.125.24.0-255,5738,125040,10,297709
19424,0.026662,172.31.36.0-255,66,125106,10,297709
19425,0.028844,74.125.24.0-255,5738,130844,10,297709
19426,0.028855,172.31.36.0-255,66,130910,10,297709
19427,0.029175,172.31.36.0-255,172,131082,10,297709
19428,0.029206,172.31.36.0-255,1114,132196,10,297709
19429,0.029269,172.31.36.0-255,1514,133710,10,297709
19430,0.029271,172.31.36.0-255,1289,134999,10,297709
19431,0.030724,104.244.42.0-255,66,135065,10,297709
19432,0.030757,104.244.42.0-255,66,135131,10,297709
19433,0.030843,104.244.42.0-255,66,135197,10,297709
19434,0.030984,74.125.24.0-255,5738,140935,10,297709
19435,0.03099,172.31.36.0-255,66,141001,10,297709
19436,0.033173,74.125.24.0-255,5738,146739,10,297709
19437,0.03318,172.31.36.0-255,66,146805,10,297709
19438,0.035304,74.125.24.0-255,5738,152543,10,297709
19439,0.035312,172.31.36.0-255,66,152609,10,297709
19440,0.03745,74.125.24.0-255,5738,158347,10,297709
19441,0.037457,172.31.36.0-255,66,158413,10,297709
19442,0.039652,74.125.24.0-255,5738,164151,10,297709
19443,0.039658,172.31.36.0-255,66,164217,10,297709
19444,0.041799,74.125.24.0-255,5738,169955,10,297709
19445,0.041807,172.31.36.0-255,66,170021,10,297709
19446,0.044005,74.125.24.0-255,5738,175759,10,297709
19447,0.044011,172.31.36.0-255,66,175825,10,297709
19448,0.04618,74.125.24.0-255,5738,181563,10,297709
19449,0.046192,172.31.36.0-255,66,181629,10,297709
19450,0.048305,74.125.24.0-255,5738,187367,10,297709
19451,0.048313,172.31.36.0-255,66,187433,10,297709
19452,0.050441,74.125.24.0-255,5738,193171,10,297709
19453,0.050448,172.31.36.0-255,66,193237,10,297709
19454,0.052634,74.125.24.0-255,5738,198975,10,297709
19455,0.05264,172.31.36.0-255,66,199041,10,297709
19456,0.054766,74.125.24.0-255,5738,204779,10,297709
19457,0.054773,172.31.36.0-255,66,204845,10,297709
19458,0.056941,74.125.24.0-255,5738,210583,10,297709
19459,0.056947,172.31.36.0-255,66,210649,10,297709
19460,0.0591,74.125.24.0-255,5738,216387,10,297709
19461,0.059106,172.31.36.0-255,66,216453,10,297709
19462,0.06132,74.125.24.0-255,5738,222191,10,297709
19463,0.061325,172.31.36.0-255,66,222257,10,297709
19464,0.063497,74.125.24.0-255,5738,227995,10,297709
19465,0.063504,172.31.36.0-255,66,228061,10,297709
19466,0.065633,74.125.24.0-255,5738,233799,10,297709
19467,0.06564,172.31.36.0-255,66,233865,10,297709
19468,0.067796,74.125.24.0-255,5738,239603,10,297709
19469,0.067803,172.31.36.0-255,66,239669,10,297709
19470,0.069936,74.125.24.0-255,5738,245407,10,297709
19471,0.069943,172.31.36.0-255,66,245473,10,297709
19472,0.072127,74.125.24.0-255,5738,251211,10,297709
19473,0.072134,172.31.36.0-255,66,251277,10,297709
19474,0.074267,74.125.24.0-255,5738,257015,10,297709
19475,0.074275,172.31.36.0-255,66,257081,10,297709
19476,0.076455,74.125.24.0-255,5738,262819,10,297709
19477,0.07646,172.31.36.0-255,66,262885,10,297709
19478,0.078598,74.125.24.0-255,5738,268623,10,297709
19479,0.078605,172.31.36.0-255,66,268689,10,297709
19480,0.080776,74.125.24.0-255,5738,274427,10,297709
19481,0.080784,172.31.36.0-255,66,274493,10,297709
19482,0.08294,74.125.24.0-255,5738,280231,10,297709
19483,0.082948,172.31.36.0-255,66,280297,10,297709
19484,0.085082,74.125.24.0-255,5738,286035,10,297709
19485,0.085089,172.31.36.0-255,66,286101,10,297709
19486,0.087228,74.125.24.0-255,5738,291839,10,297709
19487,0.087235,172.31.36.0-255,66,291905,10,297709
19488,0.089355,74.125.24.0-255,5738,297643,10,297709
19489,0.089363,172.31.36.0-255,66,297709,10,297709
19490,0.0,172.217.194.0-255,66,66,10,66
19491,0.0,74.125.24.0-255,299,299,10,239408
19492,3.5e-05,172.31.36.0-255,66,365,10,239408
19493,4.2e-05,74.125.24.0-255,1484,1849,10,239408
19494,4.7e-05,172.31.36.0-255,66,1915,10,239408
19495,6e-05,74.125.24.0-255,4320,6235,10,239408
19496,6.4e-05,172.31.36.0-255,66,6301,10,239408
19497,7.1e-05,74.125.24.0-255,5738,12039,10,239408
19498,7.4e-05,172.31.36.0-255,66,12105,10,239408
19499,0.000102,74.125.24.0-255,1888,13993,10,239408
19500,0.000105,172.31.36.0-255,66,14059,10,239408
19501,0.000108,74.125.24.0-255,1484,15543,10,239408
19502,0.00011,172.31.36.0-255,66,15609,10,239408
19503,0.000143,74.125.24.0-255,2902,18511,10,239408
19504,0.000147,172.31.36.0-255,66,18577,10,239408
19505,0.000153,74.125.24.0-255,4320,22897,10,239408
19506,0.000155,172.31.36.0-255,66,22963,10,239408
19507,0.000179,74.125.24.0-255,1484,24447,10,239408
19508,0.000182,172.31.36.0-255,66,24513,10,239408
19509,0.000189,74.125.24.0-255,5738,30251,10,239408
19510,0.000192,172.31.36.0-255,66,30317,10,239408
19511,0.00021,74.125.24.0-255,1125,31442,10,239408
19512,0.000212,172.31.36.0-255,66,31508,10,239408
19513,0.000265,74.125.24.0-255,1484,32992,10,239408
19514,0.000268,172.31.36.0-255,66,33058,10,239408
19515,0.000273,74.125.24.0-255,2902,35960,10,239408
19516,0.000276,172.31.36.0-255,66,36026,10,239408
19517,0.000279,74.125.24.0-255,1484,37510,10,239408
19518,0.000281,172.31.36.0-255,66,37576,10,239408
19519,0.000302,74.125.24.0-255,4320,41896,10,239408
19520,0.000308,172.31.36.0-255,66,41962,10,239408
19521,0.000314,74.125.24.0-255,4320,46282,10,239408
19522,0.000317,172.31.36.0-255,66,46348,10,239408
19523,0.000353,74.125.24.0-255,6797,53145,10,239408
19524,0.000357,172.31.36.0-255,66,53211,10,239408
19525,0.000371,172.31.36.0-255,66,53277,10,239408
19526,0.000374,74.125.24.0-255,1125,54402,10,239408
19527,0.0004,74.125.24.0-255,363,54765,10,239408
19528,0.000444,74.125.24.0-255,132,54897,10,239408
19529,0.000448,172.31.36.0-255,66,54963,10,239408
19530,0.000526,74.125.24.0-255,345,55308,10,239408
19531,0.000894,74.125.24.0-255,1484,56792,10,239408
19532,0.000898,172.31.36.0-255,66,56858,10,239408
19533,0.000907,74.125.24.0-255,2902,59760,10,239408
19534,0.000909,172.31.36.0-255,66,59826,10,239408
19535,0.000921,74.125.24.0-255,5738,65564,10,239408
19536,0.000924,172.31.36.0-255,66,65630,10,239408
19537,0.000966,172.31.36.0-255,66,65696,10,239408
19538,0.000999,74.125.24.0-255,5738,71434,10,239408
19539,0.001003,172.31.36.0-255,66,71500,10,239408
19540,0.001023,74.125.24.0-255,5020,76520,10,239408
19541,0.001027,172.31.36.0-255,66,76586,10,239408
19542,0.00176,74.125.24.0-255,1484,78070,10,239408
19543,0.001771,74.125.24.0-255,2902,80972,10,239408
19544,0.001776,172.31.36.0-255,66,81038,10,239408
19545,0.001783,74.125.24.0-255,5738,86776,10,239408
19546,0.001786,172.31.36.0-255,66,86842,10,239408
19547,0.00179,74.125.24.0-255,2902,89744,10,239408
19548,0.001792,172.31.36.0-255,66,89810,10,239408
19549,0.001828,172.31.36.0-255,66,89876,10,239408
19550,0.001849,172.31.36.0-255,66,89942,10,239408
19551,0.001877,74.125.24.0-255,5738,95680,10,239408
19552,0.00188,172.31.36.0-255,66,95746,10,239408
19553,0.001886,74.125.24.0-255,2902,98648,10,239408
19554,0.001888,172.31.36.0-255,66,98714,10,239408
19555,0.001912,74.125.24.0-255,4320,103034,10,239408
19556,0.001916,172.31.36.0-255,66,103100,10,239408
19557,0.001931,172.31.36.0-255,66,103166,10,239408
19558,0.001935,74.125.24.0-255,2902,106068,10,239408
19559,0.001941,172.31.36.0-255,66,106134,10,239408
19560,0.00197,74.125.24.0-255,3602,109736,10,239408
19561,0.001974,172.31.36.0-255,66,109802,10,239408
19562,0.002011,74.125.24.0-255,4320,114122,10,239408
19563,0.002015,172.31.36.0-255,66,114188,10,239408
19564,0.002021,74.125.24.0-255,5738,119926,10,239408
19565,0.002023,172.31.36.0-255,66,119992,10,239408
19566,0.002031,74.125.24.0-255,5738,125730,10,239408
19567,0.002034,172.31.36.0-255,66,125796,10,239408
19568,0.002066,74.125.24.0-255,5738,131534,10,239408
19569,0.00207,172.31.36.0-255,66,131600,10,239408
19570,0.002082,172.31.36.0-255,66,131666,10,239408
19571,0.002111,74.125.24.0-255,2184,133850,10,239408
19572,0.002128,172.31.36.0-255,66,133916,10,239408
19573,0.002247,74.125.24.0-255,1484,135400,10,239408
19574,0.002255,74.125.24.0-255,2902,138302,10,239408
19575,0.002258,172.31.36.0-255,66,138368,10,239408
19576,0.002293,74.125.24.0-255,5738,144106,10,239408
19577,0.002296,172.31.36.0-255,66,144172,10,239408
19578,0.002301,74.125.24.0-255,4320,148492,10,239408
19579,0.002303,172.31.36.0-255,66,148558,10,239408
19580,0.002324,74.125.24.0-255,5738,154296,10,239408
19581,0.002326,172.31.36.0-255,66,154362,10,239408
19582,0.00233,74.125.24.0-255,2902,157264,10,239408
19583,0.002332,172.31.36.0-255,66,157330,10,239408
19584,0.002382,172.31.36.0-255,66,157396,10,239408
19585,0.002386,74.125.24.0-255,2184,159580,10,239408
19586,0.002388,172.31.36.0-255,66,159646,10,239408
19587,0.002568,74.125.24.0-255,1484,161130,10,239408
19588,0.002579,74.125.24.0-255,1484,162614,10,239408
19589,0.002582,172.31.36.0-255,66,162680,10,239408
19590,0.002586,74.125.24.0-255,1484,164164,10,239408
19591,0.002608,74.125.24.0-255,1484,165648,10,239408
19592,0.002613,74.125.24.0-255,4320,169968,10,239408
19593,0.002617,172.31.36.0-255,66,170034,10,239408
19594,0.002624,172.31.36.0-255,66,170100,10,239408
19595,0.002627,74.125.24.0-255,1484,171584,10,239408
19596,0.00266,172.31.36.0-255,66,171650,10,239408
19597,0.002671,172.31.36.0-255,66,171716,10,239408
19598,0.002701,74.125.24.0-255,3602,175318,10,239408
19599,0.002703,172.31.36.0-255,66,175384,10,239408
19600,0.002709,74.125.24.0-255,7156,182540,10,239408
19601,0.002711,172.31.36.0-255,66,182606,10,239408
19602,0.002714,74.125.24.0-255,1484,184090,10,239408
19603,0.002755,74.125.24.0-255,7156,191246,10,239408
19604,0.002757,172.31.36.0-255,66,191312,10,239408
19605,0.002784,74.125.24.0-255,1484,192796,10,239408
19606,0.002792,74.125.24.0-255,7156,199952,10,239408
19607,0.002794,172.31.36.0-255,66,200018,10,239408
19608,0.002796,74.125.24.0-255,1484,201502,10,239408
19609,0.002805,172.31.36.0-255,66,201568,10,239408
19610,0.002814,172.31.36.0-255,66,201634,10,239408
19611,0.00282,74.125.24.0-255,5738,207372,10,239408
19612,0.002822,172.31.36.0-255,66,207438,10,239408
19613,0.002862,172.31.36.0-255,66,207504,10,239408
19614,0.002888,74.125.24.0-255,5020,212524,10,239408
19615,0.00289,172.31.36.0-255,66,212590,10,239408
19616,0.002935,74.125.24.0-255,5738,218328,10,239408
19617,0.002938,172.31.36.0-255,66,218394,10,239408
19618,0.002945,74.125.24.0-255,7156,225550,10,239408
19619,0.002948,172.31.36.0-255,66,225616,10,239408
19620,0.002981,172.31.36.0-255,66,225682,10,239408
19621,0.003,74.125.24.0-255,2902,228584,10,239408
19622,0.003002,172.31.36.0-255,66,228650,10,239408
19623,0.003015,172.31.36.0-255,66,228716,10,239408
19624,0.003026,172.31.36.0-255,66,228782,10,239408
19625,0.00305,74.125.24.0-255,4320,233102,10,239408
19626,0.003052,172.31.36.0-255,66,233168,10,239408
19627,0.003064,172.31.36.0-255,66,233234,10,239408
19628,0.003093,74.125.24.0-255,1484,234718,10,239408
19629,0.003118,172.31.36.0-255,66,234784,10,239408
19630,0.003121,74.125.24.0-255,105,234889,10,239408
19631,0.005377,172.31.36.0-255,66,234955,10,239408
19632,0.005423,172.31.36.0-255,105,235060,10,239408
19633,0.00771,74.125.24.0-255,66,235126,10,239408
19634,0.032881,172.31.36.0-255,167,235293,10,239408
19635,0.032913,172.31.36.0-255,1112,236405,10,239408
19636,0.032971,172.31.36.0-255,1514,237919,10,239408
19637,0.032993,172.31.36.0-255,1291,239210,10,239408
19638,0.034401,104.244.42.0-255,66,239276,10,239408
19639,0.034439,104.244.42.0-255,66,239342,10,239408
19640,0.034527,104.244.42.0-255,66,239408,10,239408
19641,0.0,172.217.194.0-255,153,153,10,254229
19642,3.5e-05,172.31.36.0-255,66,219,10,254229
19643,4.3e-05,172.217.194.0-255,1484,1703,10,254229
19644,4.7e-05,172.31.36.0-255,66,1769,10,254229
19645,5.2e-05,172.217.194.0-255,2902,4671,10,254229
19646,5.5e-05,172.31.36.0-255,66,4737,10,254229
19647,6.3e-05,172.217.194.0-255,7156,11893,10,254229
19648,6.5e-05,172.31.36.0-255,66,11959,10,254229
19649,9.5e-05,172.217.194.0-255,1484,13443,10,254229
19650,9.9e-05,172.31.36.0-255,66,13509,10,254229
19651,0.000133,172.31.36.0-255,66,13575,10,254229
19652,0.000146,172.31.36.0-255,66,13641,10,254229
19653,0.000152,172.217.194.0-255,5738,19379,10,254229
19654,0.000154,172.31.36.0-255,66,19445,10,254229
19655,0.0002,172.31.36.0-255,66,19511,10,254229
19656,0.000825,172.217.194.0-255,1484,20995,10,254229
19657,0.00083,172.31.36.0-255,66,21061,10,254229
19658,0.00084,172.217.194.0-255,2902,23963,10,254229
19659,0.000844,172.31.36.0-255,66,24029,10,254229
19660,0.000849,172.217.194.0-255,4320,28349,10,254229
19661,0.000851,172.31.36.0-255,66,28415,10,254229
19662,0.000879,172.31.36.0-255,66,28481,10,254229
19663,0.000883,172.217.194.0-255,118,28599,10,254229
19664,0.000885,172.31.36.0-255,66,28665,10,254229
19665,0.002554,172.217.194.0-255,1484,30149,10,254229
19666,0.002561,172.31.36.0-255,66,30215,10,254229
19667,0.002625,172.217.194.0-255,2902,33117,10,254229
19668,0.002629,172.31.36.0-255,66,33183,10,254229
19669,0.002646,172.217.194.0-255,1484,34667,10,254229
19670,0.002659,172.217.194.0-255,2902,37569,10,254229
19671,0.002661,172.31.36.0-255,66,37635,10,254229
19672,0.002694,172.217.194.0-255,7156,44791,10,254229
19673,0.002697,172.31.36.0-255,66,44857,10,254229
19674,0.002724,172.31.36.0-255,66,44923,10,254229
19675,0.00275,172.31.36.0-255,66,44989,10,254229
19676,0.003078,172.217.194.0-255,1484,46473,10,254229
19677,0.003086,172.217.194.0-255,2902,49375,10,254229
19678,0.003089,172.31.36.0-255,66,49441,10,254229
19679,0.003104,172.217.194.0-255,1484,50925,10,254229
19680,0.003107,172.217.194.0-255,1484,52409,10,254229
19681,0.003109,172.31.36.0-255,66,52475,10,254229
19682,0.003112,172.217.194.0-255,1484,53959,10,254229
19683,0.003168,172.217.194.0-255,5738,59697,10,254229
19684,0.003171,172.31.36.0-255,66,59763,10,254229
19685,0.003174,172.217.194.0-255,1484,61247,10,254229
19686,0.003227,172.31.36.0-255,66,61313,10,254229
19687,0.003235,172.217.194.0-255,7156,68469,10,254229
19688,0.003237,172.31.36.0-255,66,68535,10,254229
19689,0.003257,172.217.194.0-255,2184,70719,10,254229
19690,0.003259,172.31.36.0-255,66,70785,10,254229
19691,0.003281,172.217.194.0-255,7156,77941,10,254229
19692,0.003283,172.31.36.0-255,66,78007,10,254229
19693,0.003316,172.31.36.0-255,66,78073,10,254229
19694,0.003345,172.31.36.0-255,66,78139,10,254229
19695,0.003357,172.217.194.0-255,4320,82459,10,254229
19696,0.003359,172.31.36.0-255,66,82525,10,254229
19697,0.003363,172.217.194.0-255,3602,86127,10,254229
19698,0.003365,172.31.36.0-255,66,86193,10,254229
19699,0.00423,172.217.194.0-255,1484,87677,10,254229
19700,0.004239,172.217.194.0-255,2902,90579,10,254229
19701,0.004242,172.31.36.0-255,66,90645,10,254229
19702,0.004249,172.217.194.0-255,5738,96383,10,254229
19703,0.004251,172.31.36.0-255,66,96449,10,254229
19704,0.004266,172.217.194.0-255,1484,97933,10,254229
19705,0.00429,172.31.36.0-255,66,97999,10,254229
19706,0.004293,172.217.194.0-255,1484,99483,10,254229
19707,0.004332,172.217.194.0-255,4320,103803,10,254229
19708,0.004336,172.31.36.0-255,66,103869,10,254229
19709,0.004355,172.217.194.0-255,5020,108889,10,254229
19710,0.004358,172.31.36.0-255,66,108955,10,254229
19711,0.005422,172.217.194.0-255,1484,110439,10,254229
19712,0.005461,172.217.194.0-255,2902,113341,10,254229
19713,0.005466,172.31.36.0-255,78,113419,10,254229
19714,0.00547,172.217.194.0-255,1484,114903,10,254229
19715,0.005482,172.31.36.0-255,66,114969,10,254229
19716,0.005501,172.217.194.0-255,1484,116453,10,254229
19717,0.005514,172.217.194.0-255,2902,119355,10,254229
19718,0.005517,172.31.36.0-255,66,119421,10,254229
19719,0.005526,172.217.194.0-255,2902,122323,10,254229
19720,0.005528,172.31.36.0-255,66,122389,10,254229
19721,0.005551,172.217.194.0-255,2902,125291,10,254229
19722,0.005553,172.31.36.0-255,66,125357,10,254229
19723,0.00556,172.217.194.0-255,5738,131095,10,254229
19724,0.005561,172.31.36.0-255,66,131161,10,254229
19725,0.005578,172.217.194.0-255,7156,138317,10,254229
19726,0.00558,172.31.36.0-255,66,138383,10,254229
19727,0.005608,172.217.194.0-255,5020,143403,10,254229
19728,0.005611,172.31.36.0-255,66,143469,10,254229
19729,0.005617,172.217.194.0-255,7156,150625,10,254229
19730,0.005619,172.31.36.0-255,66,150691,10,254229
19731,0.005622,172.217.194.0-255,1484,152175,10,254229
19732,0.005645,172.217.194.0-255,5738,157913,10,254229
19733,0.005647,172.31.36.0-255,66,157979,10,254229
19734,0.005678,172.217.194.0-255,766,158745,10,254229
19735,0.005682,172.31.36.0-255,66,158811,10,254229
19736,0.005956,172.217.194.0-255,1484,160295,10,254229
19737,0.005962,172.217.194.0-255,2902,163197,10,254229
19738,0.005983,172.217.194.0-255,5738,168935,10,254229
19739,0.006035,172.217.194.0-255,4320,173255,10,254229
19740,0.006052,172.217.194.0-255,5738,178993,10,254229
19741,0.006086,172.217.194.0-255,2902,181895,10,254229
19742,0.006104,172.217.194.0-255,2184,184079,10,254229
19743,0.006181,172.31.36.0-255,66,184145,10,254229
19744,0.006185,172.31.36.0-255,66,184211,10,254229
19745,0.006188,172.31.36.0-255,66,184277,10,254229
19746,0.006191,172.31.36.0-255,66,184343,10,254229
19747,0.006201,172.31.36.0-255,66,184409,10,254229
19748,0.006205,172.31.36.0-255,66,184475,10,254229
19749,0.006207,172.31.36.0-255,66,184541,10,254229
19750,0.00621,172.31.36.0-255,66,184607,10,254229
19751,0.006815,172.217.194.0-255,1484,186091,10,254229
19752,0.006823,172.217.194.0-255,2902,188993,10,254229
19753,0.006827,172.31.36.0-255,66,189059,10,254229
19754,0.006852,172.217.194.0-255,5738,194797,10,254229
19755,0.006854,172.31.36.0-255,66,194863,10,254229
19756,0.006892,172.217.194.0-255,4320,199183,10,254229
19757,0.006895,172.31.36.0-255,66,199249,10,254229
19758,0.006922,172.31.36.0-255,66,199315,10,254229
19759,0.006944,172.217.194.0-255,5738,205053,10,254229
19760,0.006946,172.31.36.0-255,66,205119,10,254229
19761,0.006959,172.217.194.0-255,5020,210139,10,254229
19762,0.006964,172.31.36.0-255,66,210205,10,254229
19763,0.006978,172.31.36.0-255,66,210271,10,254229
19764,0.006993,172.217.194.0-255,2902,213173,10,254229
19765,0.006997,172.31.36.0-255,66,213239,10,254229
19766,0.007003,172.31.36.0-255,66,213305,10,254229
19767,0.007054,172.217.194.0-255,5738,219043,10,254229
19768,0.007057,172.31.36.0-255,66,219109,10,254229
19769,0.007084,172.31.36.0-255,66,219175,10,254229
19770,0.007318,172.217.194.0-255,1484,220659,10,254229
19771,0.007341,172.217.194.0-255,2902,223561,10,254229
19772,0.007344,172.31.36.0-255,66,223627,10,254229
19773,0.007359,172.217.194.0-255,4320,227947,10,254229
19774,0.007362,172.31.36.0-255,66,228013,10,254229
19775,0.007395,172.31.36.0-255,66,228079,10,254229
19776,0.007425,172.31.36.0-255,66,228145,10,254229
19777,0.007451,172.217.194.0-255,4320,232465,10,254229
19778,0.007454,172.31.36.0-255,66,232531,10,254229
19779,0.007502,172.217.194.0-255,3602,236133,10,254229
19780,0.007505,172.31.36.0-255,66,236199,10,254229
19781,0.007709,172.217.194.0-255,1484,237683,10,254229
19782,0.00774,172.217.194.0-255,2902,240585,10,254229
19783,0.007743,172.31.36.0-255,66,240651,10,254229
19784,0.007766,172.217.194.0-255,4320,244971,10,254229
19785,0.00777,172.31.36.0-255,66,245037,10,254229
19786,0.007812,172.217.194.0-255,4495,249532,10,254229
19787,0.007815,172.31.36.0-255,66,249598,10,254229
19788,0.007905,172.217.194.0-255,105,249703,10,254229
19789,0.008002,172.31.36.0-255,66,249769,10,254229
19790,0.008031,172.31.36.0-255,105,249874,10,254229
19791,0.010313,172.217.194.0-255,66,249940,10,254229
19792,0.032573,172.31.36.0-255,172,250112,10,254229
19793,0.032606,172.31.36.0-255,1111,251223,10,254229
19794,0.032648,172.31.36.0-255,1514,252737,10,254229
19795,0.032649,172.31.36.0-255,1294,254031,10,254229
19796,0.034106,104.244.42.0-255,66,254097,10,254229
19797,0.034165,104.244.42.0-255,66,254163,10,254229
19798,0.034167,104.244.42.0-255,66,254229,10,254229
19799,0.0,74.125.200.0-255,153,153,10,363258
19800,2.7e-05,172.31.36.0-255,66,219,10,363258
19801,3.5e-05,74.125.200.0-255,1484,1703,10,363258
19802,3.9e-05,172.31.36.0-255,66,1769,10,363258
19803,4.5e-05,74.125.200.0-255,2902,4671,10,363258
19804,4.9e-05,172.31.36.0-255,66,4737,10,363258
19805,5.1e-05,74.125.200.0-255,1484,6221,10,363258
19806,5.5e-05,172.31.36.0-255,66,6287,10,363258
19807,8.4e-05,74.125.200.0-255,5738,12025,10,363258
19808,8.8e-05,172.31.36.0-255,66,12091,10,363258
19809,0.000109,74.125.200.0-255,1950,14041,10,363258
19810,0.000112,172.31.36.0-255,66,14107,10,363258
19811,0.000116,74.125.200.0-255,2902,17009,10,363258
19812,0.000117,172.31.36.0-255,66,17075,10,363258
19813,0.000121,74.125.200.0-255,4320,21395,10,363258
19814,0.000123,172.31.36.0-255,66,21461,10,363258
19815,0.000142,74.125.200.0-255,2902,24363,10,363258
19816,0.000144,172.31.36.0-255,66,24429,10,363258
19817,0.000147,74.125.200.0-255,2902,27331,10,363258
19818,0.000149,172.31.36.0-255,66,27397,10,363258
19819,0.000172,74.125.200.0-255,3961,31358,10,363258
19820,0.000174,172.31.36.0-255,66,31424,10,363258
19821,0.00027,74.125.200.0-255,1484,32908,10,363258
19822,0.000274,172.31.36.0-255,66,32974,10,363258
19823,0.000293,74.125.200.0-255,1484,34458,10,363258
19824,0.000295,172.31.36.0-255,66,34524,10,363258
19825,0.0003,74.125.200.0-255,2902,37426,10,363258
19826,0.000303,172.31.36.0-255,66,37492,10,363258
19827,0.000306,74.125.200.0-255,1484,38976,10,363258
19828,0.000308,172.31.36.0-255,66,39042,10,363258
19829,0.000336,74.125.200.0-255,4320,43362,10,363258
19830,0.000339,172.31.36.0-255,66,43428,10,363258
19831,0.000344,74.125.200.0-255,4320,47748,10,363258
19832,0.000346,172.31.36.0-255,66,47814,10,363258
19833,0.000374,74.125.200.0-255,5379,53193,10,363258
19834,0.000378,172.31.36.0-255,66,53259,10,363258
19835,0.00041,172.31.36.0-255,66,53325,10,363258
19836,0.00043,74.125.200.0-255,1125,54450,10,363258
19837,0.000826,74.125.200.0-255,647,55097,10,363258
19838,0.000832,172.31.36.0-255,66,55163,10,363258
19839,0.001019,74.125.200.0-255,1484,56647,10,363258
19840,0.001039,74.125.200.0-255,2902,59549,10,363258
19841,0.001045,172.31.36.0-255,66,59615,10,363258
19842,0.001052,74.125.200.0-255,5738,65353,10,363258
19843,0.001054,172.31.36.0-255,66,65419,10,363258
19844,0.001086,172.31.36.0-255,66,65485,10,363258
19845,0.001102,74.125.200.0-255,1484,66969,10,363258
19846,0.001117,172.31.36.0-255,66,67035,10,363258
19847,0.001122,74.125.200.0-255,2184,69219,10,363258
19848,0.001124,172.31.36.0-255,66,69285,10,363258
19849,0.001828,74.125.200.0-255,1484,70769,10,363258
19850,0.001835,74.125.200.0-255,2902,73671,10,363258
19851,0.001839,172.31.36.0-255,66,73737,10,363258
19852,0.001843,74.125.200.0-255,1484,75221,10,363258
19853,0.001889,74.125.200.0-255,2902,78123,10,363258
19854,0.001892,172.31.36.0-255,66,78189,10,363258
19855,0.001898,74.125.200.0-255,5738,83927,10,363258
19856,0.0019,172.31.36.0-255,66,83993,10,363258
19857,0.001903,74.125.200.0-255,1484,85477,10,363258
19858,0.001916,74.125.200.0-255,2902,88379,10,363258
19859,0.001918,172.31.36.0-255,66,88445,10,363258
19860,0.001921,74.125.200.0-255,1484,89929,10,363258
19861,0.001944,74.125.200.0-255,4320,94249,10,363258
19862,0.001946,172.31.36.0-255,66,94315,10,363258
19863,0.001951,74.125.200.0-255,5738,100053,10,363258
19864,0.001953,172.31.36.0-255,66,100119,10,363258
19865,0.002002,74.125.200.0-255,3602,103721,10,363258
19866,0.002004,172.31.36.0-255,66,103787,10,363258
19867,0.003933,74.125.200.0-255,1484,105271,10,363258
19868,0.003974,74.125.200.0-255,4320,109591,10,363258
19869,0.003979,172.31.36.0-255,66,109657,10,363258
19870,0.005964,74.125.200.0-255,5738,115395,10,363258
19871,0.005972,172.31.36.0-255,66,115461,10,363258
19872,0.007959,74.125.200.0-255,5738,121199,10,363258
19873,0.007967,172.31.36.0-255,66,121265,10,363258
19874,0.009964,74.125.200.0-255,5738,127003,10,363258
19875,0.009971,172.31.36.0-255,66,127069,10,363258
19876,0.011959,74.125.200.0-255,5738,132807,10,363258
19877,0.01197,172.31.36.0-255,66,132873,10,363258
19878,0.013965,74.125.200.0-255,5738,138611,10,363258
19879,0.013972,172.31.36.0-255,66,138677,10,363258
19880,0.015976,74.125.200.0-255,5738,144415,10,363258
19881,0.015984,172.31.36.0-255,66,144481,10,363258
19882,0.017975,74.125.200.0-255,5738,150219,10,363258
19883,0.017982,172.31.36.0-255,66,150285,10,363258
19884,0.019963,74.125.200.0-255,5738,156023,10,363258
19885,0.01997,172.31.36.0-255,66,156089,10,363258
19886,0.021985,74.125.200.0-255,4320,160409,10,363258
19887,0.021992,172.31.36.0-255,66,160475,10,363258
19888,0.022008,74.125.200.0-255,1484,161959,10,363258
19889,0.022508,172.31.36.0-255,172,162131,10,363258
19890,0.022544,172.31.36.0-255,1112,163243,10,363258
19891,0.022579,172.31.36.0-255,1514,164757,10,363258
19892,0.022581,172.31.36.0-255,1514,166271,10,363258
19893,0.022585,172.31.36.0-255,1514,167785,10,363258
19894,0.022587,172.31.36.0-255,1071,168856,10,363258
19895,0.023975,74.125.200.0-255,4320,173176,10,363258
19896,0.023981,172.31.36.0-255,66,173242,10,363258
19897,0.024072,104.244.42.0-255,66,173308,10,363258
19898,0.024285,104.244.42.0-255,66,173374,10,363258
19899,0.024291,104.244.42.0-255,66,173440,10,363258
19900,0.024295,104.244.42.0-255,66,173506,10,363258
19901,0.025956,74.125.200.0-255,5738,179244,10,363258
19902,0.025963,172.31.36.0-255,66,179310,10,363258
19903,0.027975,74.125.200.0-255,5738,185048,10,363258
19904,0.027982,172.31.36.0-255,66,185114,10,363258
19905,0.029966,74.125.200.0-255,5738,190852,10,363258
19906,0.029972,172.31.36.0-255,66,190918,10,363258
19907,0.031964,74.125.200.0-255,5738,196656,10,363258
19908,0.031974,172.31.36.0-255,66,196722,10,363258
19909,0.033959,74.125.200.0-255,5738,202460,10,363258
19910,0.033965,172.31.36.0-255,66,202526,10,363258
19911,0.035949,74.125.200.0-255,5738,208264,10,363258
19912,0.035953,172.31.36.0-255,66,208330,10,363258
19913,0.037959,74.125.200.0-255,4320,212650,10,363258
19914,0.037964,172.31.36.0-255,66,212716,10,363258
19915,0.037989,74.125.200.0-255,1484,214200,10,363258
19916,0.03994,74.125.200.0-255,4320,218520,10,363258
19917,0.039945,172.31.36.0-255,66,218586,10,363258
19918,0.041939,74.125.200.0-255,5738,224324,10,363258
19919,0.041945,172.31.36.0-255,66,224390,10,363258
19920,0.043922,74.125.200.0-255,5738,230128,10,363258
19921,0.043929,172.31.36.0-255,66,230194,10,363258
19922,0.045912,74.125.200.0-255,5738,235932,10,363258
19923,0.045918,172.31.36.0-255,66,235998,10,363258
19924,0.047899,74.125.200.0-255,4320,240318,10,363258
19925,0.047906,172.31.36.0-255,66,240384,10,363258
19926,0.047926,74.125.200.0-255,1484,241868,10,363258
19927,0.049895,74.125.200.0-255,4320,246188,10,363258
19928,0.049901,172.31.36.0-255,66,246254,10,363258
19929,0.051887,74.125.200.0-255,5738,251992,10,363258
19930,0.051895,172.31.36.0-255,66,252058,10,363258
19931,0.053897,74.125.200.0-255,5738,257796,10,363258
19932,0.053903,172.31.36.0-255,66,257862,10,363258
19933,0.055882,74.125.200.0-255,5738,263600,10,363258
19934,0.055887,172.31.36.0-255,66,263666,10,363258
19935,0.057881,74.125.200.0-255,5738,269404,10,363258
19936,0.057887,172.31.36.0-255,66,269470,10,363258
19937,0.059865,74.125.200.0-255,5738,275208,10,363258
19938,0.05987,172.31.36.0-255,66,275274,10,363258
19939,0.061853,74.125.200.0-255,5738,281012,10,363258
19940,0.061859,172.31.36.0-255,66,281078,10,363258
19941,0.063842,74.125.200.0-255,5738,286816,10,363258
19942,0.06385,172.31.36.0-255,66,286882,10,363258
19943,0.065837,74.125.200.0-255,5738,292620,10,363258
19944,0.065846,172.31.36.0-255,66,292686,10,363258
19945,0.067907,74.125.200.0-255,5738,298424,10,363258
19946,0.067917,172.31.36.0-255,66,298490,10,363258
19947,0.069916,74.125.200.0-255,5738,304228,10,363258
19948,0.069926,172.31.36.0-255,66,304294,10,363258
19949,0.071932,74.125.200.0-255,5738,310032,10,363258
19950,0.07195,172.31.36.0-255,66,310098,10,363258
19951,0.073938,74.125.200.0-255,5738,315836,10,363258
19952,0.073944,172.31.36.0-255,66,315902,10,363258
19953,0.075938,74.125.200.0-255,5738,321640,10,363258
19954,0.075945,172.31.36.0-255,66,321706,10,363258
19955,0.077924,74.125.200.0-255,2902,324608,10,363258
19956,0.07793,172.31.36.0-255,66,324674,10,363258
19957,0.07796,74.125.200.0-255,2902,327576,10,363258
19958,0.077963,172.31.36.0-255,66,327642,10,363258
19959,0.079911,74.125.200.0-255,2902,330544,10,363258
19960,0.079915,172.31.36.0-255,66,330610,10,363258
19961,0.079942,74.125.200.0-255,2902,333512,10,363258
19962,0.079945,172.31.36.0-255,66,333578,10,363258
19963,0.081891,74.125.200.0-255,2902,336480,10,363258
19964,0.081896,172.31.36.0-255,66,336546,10,363258
19965,0.081926,74.125.200.0-255,2902,339448,10,363258
19966,0.08193,172.31.36.0-255,66,339514,10,363258
19967,0.083874,74.125.200.0-255,2902,342416,10,363258
19968,0.08388,172.31.36.0-255,66,342482,10,363258
19969,0.083911,74.125.200.0-255,2902,345384,10,363258
19970,0.083913,172.31.36.0-255,66,345450,10,363258
19971,0.085851,74.125.200.0-255,2902,348352,10,363258
19972,0.085858,172.31.36.0-255,66,348418,10,363258
19973,0.085896,74.125.200.0-255,2902,351320,10,363258
19974,0.085902,172.31.36.0-255,66,351386,10,363258
19975,0.087836,74.125.200.0-255,2902,354288,10,363258
19976,0.087844,172.31.36.0-255,66,354354,10,363258
19977,0.08788,74.125.200.0-255,2902,357256,10,363258
19978,0.087883,172.31.36.0-255,66,357322,10,363258
19979,0.089823,74.125.200.0-255,2902,360224,10,363258
19980,0.08983,172.31.36.0-255,66,360290,10,363258
19981,0.089852,74.125.200.0-255,2902,363192,10,363258
19982,0.089856,172.31.36.0-255,66,363258,10,363258
19983,0.0,74.125.130.0-255,152,152,10,369401
19984,2e-05,172.31.36.0-255,66,218,10,369401
19985,2.7e-05,74.125.130.0-255,1484,1702,10,369401
19986,3.1e-05,172.31.36.0-255,66,1768,10,369401
19987,3.5e-05,74.125.130.0-255,1484,3252,10,369401
19988,4.5e-05,172.31.36.0-255,66,3318,10,369401
19989,5.1e-05,74.125.130.0-255,2902,6220,10,369401
19990,5.4e-05,172.31.36.0-255,66,6286,10,369401
19991,6.1e-05,74.125.130.0-255,5738,12024,10,369401
19992,6.4e-05,172.31.36.0-255,66,12090,10,369401
19993,8.7e-05,74.125.130.0-255,3395,15485,10,369401
19994,9.5e-05,172.31.36.0-255,66,15551,10,369401
19995,0.0001,74.125.130.0-255,4320,19871,10,369401
19996,0.000102,172.31.36.0-255,66,19937,10,369401
19997,0.000154,172.31.36.0-255,66,20003,10,369401
19998,0.000157,74.125.130.0-255,1125,21128,10,369401
19999,0.000159,172.31.36.0-255,66,21194,10,369401
20000,0.000289,74.125.130.0-255,1484,22678,10,369401
20001,0.000294,172.31.36.0-255,66,22744,10,369401
20002,0.000299,74.125.130.0-255,2902,25646,10,369401
20003,0.000302,172.31.36.0-255,66,25712,10,369401
20004,0.000334,74.125.130.0-255,5738,31450,10,369401
20005,0.000337,172.31.36.0-255,66,31516,10,369401
20006,0.000342,74.125.130.0-255,4320,35836,10,369401
20007,0.000344,172.31.36.0-255,66,35902,10,369401
20008,0.000372,74.125.130.0-255,1484,37386,10,369401
20009,0.000375,172.31.36.0-255,66,37452,10,369401
20010,0.000403,74.125.130.0-255,3961,41413,10,369401
20011,0.000405,172.31.36.0-255,66,41479,10,369401
20012,0.000409,74.125.130.0-255,2902,44381,10,369401
20013,0.000411,172.31.36.0-255,66,44447,10,369401
20014,0.000421,74.125.130.0-255,4320,48767,10,369401
20015,0.000424,172.31.36.0-255,66,48833,10,369401
20016,0.000459,74.125.130.0-255,7088,55921,10,369401
20017,0.000462,172.31.36.0-255,66,55987,10,369401
20018,0.000464,74.125.130.0-255,366,56353,10,369401
20019,0.000608,74.125.130.0-255,1484,57837,10,369401
20020,0.000613,172.31.36.0-255,66,57903,10,369401
20021,0.000619,74.125.130.0-255,2902,60805,10,369401
20022,0.000621,172.31.36.0-255,66,60871,10,369401
20023,0.000654,74.125.130.0-255,4320,65191,10,369401
20024,0.00066,74.125.130.0-255,5738,70929,10,369401
20025,0.000687,172.31.36.0-255,66,70995,10,369401
20026,0.00069,172.31.36.0-255,66,71061,10,369401
20027,0.000714,172.31.36.0-255,66,71127,10,369401
20028,0.00072,74.125.130.0-255,4320,75447,10,369401
20029,0.000723,172.31.36.0-255,66,75513,10,369401
20030,0.000757,74.125.130.0-255,4320,79833,10,369401
20031,0.00076,172.31.36.0-255,66,79899,10,369401
20032,0.000765,74.125.130.0-255,2543,82442,10,369401
20033,0.000766,172.31.36.0-255,66,82508,10,369401
20034,0.00116,74.125.130.0-255,1484,83992,10,369401
20035,0.001177,74.125.130.0-255,2902,86894,10,369401
20036,0.001181,172.31.36.0-255,66,86960,10,369401
20037,0.001186,74.125.130.0-255,2902,89862,10,369401
20038,0.001189,172.31.36.0-255,66,89928,10,369401
20039,0.001227,74.125.130.0-255,2902,92830,10,369401
20040,0.00123,172.31.36.0-255,66,92896,10,369401
20041,0.001238,74.125.130.0-255,7156,100052,10,369401
20042,0.00124,172.31.36.0-255,66,100118,10,369401
20043,0.001252,74.125.130.0-255,7156,107274,10,369401
20044,0.001254,172.31.36.0-255,66,107340,10,369401
20045,0.001288,74.125.130.0-255,5738,113078,10,369401
20046,0.001291,172.31.36.0-255,66,113144,10,369401
20047,0.001296,74.125.130.0-255,3602,116746,10,369401
20048,0.001298,172.31.36.0-255,66,116812,10,369401
20049,0.003321,74.125.130.0-255,1484,118296,10,369401
20050,0.003351,74.125.130.0-255,4320,122616,10,369401
20051,0.003356,172.31.36.0-255,66,122682,10,369401
20052,0.005383,74.125.130.0-255,5738,128420,10,369401
20053,0.00539,172.31.36.0-255,66,128486,10,369401
20054,0.00741,74.125.130.0-255,5738,134224,10,369401
20055,0.007414,172.31.36.0-255,66,134290,10,369401
20056,0.00944,74.125.130.0-255,5738,140028,10,369401
20057,0.009448,172.31.36.0-255,66,140094,10,369401
20058,0.01147,74.125.130.0-255,5738,145832,10,369401
20059,0.011479,172.31.36.0-255,66,145898,10,369401
20060,0.013511,74.125.130.0-255,5738,151636,10,369401
20061,0.013518,172.31.36.0-255,66,151702,10,369401
20062,0.015549,74.125.130.0-255,5738,157440,10,369401
20063,0.015559,172.31.36.0-255,66,157506,10,369401
20064,0.017585,74.125.130.0-255,5738,163244,10,369401
20065,0.017592,172.31.36.0-255,66,163310,10,369401
20066,0.019607,74.125.130.0-255,5738,169048,10,369401
20067,0.019613,172.31.36.0-255,66,169114,10,369401
20068,0.021644,74.125.130.0-255,5738,174852,10,369401
20069,0.021652,172.31.36.0-255,66,174918,10,369401
20070,0.023678,74.125.130.0-255,5738,180656,10,369401
20071,0.023686,172.31.36.0-255,66,180722,10,369401
20072,0.025713,74.125.130.0-255,5738,186460,10,369401
20073,0.02572,172.31.36.0-255,66,186526,10,369401
20074,0.027521,172.31.36.0-255,188,186714,10,369401
20075,0.027551,172.31.36.0-255,956,187670,10,369401
20076,0.027627,172.31.36.0-255,1514,189184,10,369401
20077,0.027628,172.31.36.0-255,1447,190631,10,369401
20078,0.027734,74.125.130.0-255,5738,196369,10,369401
20079,0.027739,172.31.36.0-255,66,196435,10,369401
20080,0.029107,104.244.42.0-255,66,196501,10,369401
20081,0.029117,104.244.42.0-255,66,196567,10,369401
20082,0.029257,104.244.42.0-255,66,196633,10,369401
20083,0.029755,74.125.130.0-255,5738,202371,10,369401
20084,0.029761,172.31.36.0-255,66,202437,10,369401
20085,0.03179,74.125.130.0-255,5738,208175,10,369401
20086,0.031798,172.31.36.0-255,66,208241,10,369401
20087,0.033833,74.125.130.0-255,5738,213979,10,369401
20088,0.03384,172.31.36.0-255,66,214045,10,369401
20089,0.035866,74.125.130.0-255,5738,219783,10,369401
20090,0.035873,172.31.36.0-255,66,219849,10,369401
20091,0.037912,74.125.130.0-255,5738,225587,10,369401
20092,0.037919,172.31.36.0-255,66,225653,10,369401
20093,0.03994,74.125.130.0-255,5738,231391,10,369401
20094,0.039949,172.31.36.0-255,66,231457,10,369401
20095,0.041979,74.125.130.0-255,5738,237195,10,369401
20096,0.041986,172.31.36.0-255,66,237261,10,369401
20097,0.044025,74.125.130.0-255,5738,242999,10,369401
20098,0.044034,172.31.36.0-255,66,243065,10,369401
20099,0.046095,74.125.130.0-255,5738,248803,10,369401
20100,0.046102,172.31.36.0-255,66,248869,10,369401
20101,0.048125,74.125.130.0-255,5738,254607,10,369401
20102,0.048133,172.31.36.0-255,66,254673,10,369401
20103,0.050165,74.125.130.0-255,5738,260411,10,369401
20104,0.050172,172.31.36.0-255,66,260477,10,369401
20105,0.052201,74.125.130.0-255,4320,264797,10,369401
20106,0.052208,172.31.36.0-255,66,264863,10,369401
20107,0.052233,74.125.130.0-255,1484,266347,10,369401
20108,0.054243,74.125.130.0-255,4320,270667,10,369401
20109,0.05425,172.31.36.0-255,66,270733,10,369401
20110,0.056292,74.125.130.0-255,5738,276471,10,369401
20111,0.056298,172.31.36.0-255,66,276537,10,369401
20112,0.058353,74.125.130.0-255,5738,282275,10,369401
20113,0.058359,172.31.36.0-255,66,282341,10,369401
20114,0.060388,74.125.130.0-255,5738,288079,10,369401
20115,0.060394,172.31.36.0-255,66,288145,10,369401
20116,0.06243,74.125.130.0-255,5738,293883,10,369401
20117,0.062438,172.31.36.0-255,66,293949,10,369401
20118,0.064488,74.125.130.0-255,5738,299687,10,369401
20119,0.064495,172.31.36.0-255,66,299753,10,369401
20120,0.066541,74.125.130.0-255,5738,305491,10,369401
20121,0.066547,172.31.36.0-255,66,305557,10,369401
20122,0.068573,74.125.130.0-255,5738,311295,10,369401
20123,0.06858,172.31.36.0-255,66,311361,10,369401
20124,0.070613,74.125.130.0-255,5738,317099,10,369401
20125,0.070618,172.31.36.0-255,66,317165,10,369401
20126,0.072666,74.125.130.0-255,5738,322903,10,369401
20127,0.072673,172.31.36.0-255,66,322969,10,369401
20128,0.074693,74.125.130.0-255,5738,328707,10,369401
20129,0.074701,172.31.36.0-255,66,328773,10,369401
20130,0.076727,74.125.130.0-255,5738,334511,10,369401
20131,0.076733,172.31.36.0-255,66,334577,10,369401
20132,0.078765,74.125.130.0-255,5738,340315,10,369401
20133,0.078772,172.31.36.0-255,66,340381,10,369401
20134,0.080806,74.125.130.0-255,5738,346119,10,369401
20135,0.080812,172.31.36.0-255,66,346185,10,369401
20136,0.082857,74.125.130.0-255,5738,351923,10,369401
20137,0.082864,172.31.36.0-255,66,351989,10,369401
20138,0.084899,74.125.130.0-255,5738,357727,10,369401
20139,0.084906,172.31.36.0-255,66,357793,10,369401
20140,0.08694,74.125.130.0-255,5738,363531,10,369401
20141,0.086945,172.31.36.0-255,66,363597,10,369401
20142,0.088975,74.125.130.0-255,5738,369335,10,369401
20143,0.088981,172.31.36.0-255,66,369401,10,369401
20144,0.0,172.217.194.0-255,152,152,10,304156
20145,2.3e-05,172.31.36.0-255,66,218,10,304156
20146,3.1e-05,172.217.194.0-255,1484,1702,10,304156
20147,3.6e-05,172.31.36.0-255,66,1768,10,304156
20148,5.1e-05,172.217.194.0-255,2902,4670,10,304156
20149,5.4e-05,172.31.36.0-255,66,4736,10,304156
20150,6.2e-05,172.217.194.0-255,7156,11892,10,304156
20151,6.6e-05,172.31.36.0-255,66,11958,10,304156
20152,7e-05,172.217.194.0-255,2104,14062,10,304156
20153,7.2e-05,172.31.36.0-255,66,14128,10,304156
20154,0.000275,172.217.194.0-255,1484,15612,10,304156
20155,0.000281,172.31.36.0-255,66,15678,10,304156
20156,0.000288,172.217.194.0-255,2902,18580,10,304156
20157,0.000291,172.31.36.0-255,66,18646,10,304156
20158,0.000301,172.217.194.0-255,4320,22966,10,304156
20159,0.000304,172.31.36.0-255,66,23032,10,304156
20160,0.000315,172.217.194.0-255,1484,24516,10,304156
20161,0.000318,172.31.36.0-255,66,24582,10,304156
20162,0.000356,172.31.36.0-255,66,24648,10,304156
20163,0.000387,172.217.194.0-255,5379,30027,10,304156
20164,0.00039,172.31.36.0-255,66,30093,10,304156
20165,0.000406,172.31.36.0-255,66,30159,10,304156
20166,0.001228,172.217.194.0-255,1484,31643,10,304156
20167,0.001235,172.31.36.0-255,66,31709,10,304156
20168,0.001245,172.217.194.0-255,2902,34611,10,304156
20169,0.001247,172.31.36.0-255,66,34677,10,304156
20170,0.00126,172.217.194.0-255,5738,40415,10,304156
20171,0.001262,172.31.36.0-255,66,40481,10,304156
20172,0.00127,172.217.194.0-255,5738,46219,10,304156
20173,0.001272,172.31.36.0-255,66,46285,10,304156
20174,0.001314,172.31.36.0-255,66,46351,10,304156
20175,0.001326,172.31.36.0-255,66,46417,10,304156
20176,0.001354,172.217.194.0-255,7156,53573,10,304156
20177,0.001357,172.31.36.0-255,66,53639,10,304156
20178,0.00137,172.31.36.0-255,66,53705,10,304156
20179,0.001393,172.217.194.0-255,4181,57886,10,304156
20180,0.001395,172.31.36.0-255,66,57952,10,304156
20181,0.001417,172.217.194.0-255,2902,60854,10,304156
20182,0.00142,172.31.36.0-255,66,60920,10,304156
20183,0.001447,172.217.194.0-255,4716,65636,10,304156
20184,0.00145,172.31.36.0-255,66,65702,10,304156
20185,0.001477,172.217.194.0-255,1484,67186,10,304156
20186,0.001499,172.217.194.0-255,2902,70088,10,304156
20187,0.001502,172.31.36.0-255,66,70154,10,304156
20188,0.001505,172.217.194.0-255,1484,71638,10,304156
20189,0.001536,172.217.194.0-255,4320,75958,10,304156
20190,0.001539,172.31.36.0-255,66,76024,10,304156
20191,0.001562,172.31.36.0-255,66,76090,10,304156
20192,0.001583,172.217.194.0-255,1484,77574,10,304156
20193,0.001587,172.217.194.0-255,2902,80476,10,304156
20194,0.00159,172.31.36.0-255,66,80542,10,304156
20195,0.001619,172.217.194.0-255,5738,86280,10,304156
20196,0.001622,172.31.36.0-255,66,86346,10,304156
20197,0.001637,172.31.36.0-255,66,86412,10,304156
20198,0.001672,172.31.36.0-255,66,86478,10,304156
20199,0.004045,172.217.194.0-255,5738,92216,10,304156
20200,0.004055,172.31.36.0-255,66,92282,10,304156
20201,0.00642,172.217.194.0-255,5738,98020,10,304156
20202,0.006425,172.31.36.0-255,66,98086,10,304156
20203,0.008798,172.217.194.0-255,4320,102406,10,304156
20204,0.008805,172.31.36.0-255,66,102472,10,304156
20205,0.008835,172.217.194.0-255,1484,103956,10,304156
20206,0.011177,172.217.194.0-255,4320,108276,10,304156
20207,0.011185,172.31.36.0-255,66,108342,10,304156
20208,0.013547,172.217.194.0-255,5738,114080,10,304156
20209,0.013557,172.31.36.0-255,66,114146,10,304156
20210,0.01593,172.217.194.0-255,5738,119884,10,304156
20211,0.015942,172.31.36.0-255,66,119950,10,304156
20212,0.018319,172.217.194.0-255,5738,125688,10,304156
20213,0.018329,172.31.36.0-255,66,125754,10,304156
20214,0.020701,172.217.194.0-255,5738,131492,10,304156
20215,0.02071,172.31.36.0-255,66,131558,10,304156
20216,0.023075,172.217.194.0-255,5738,137296,10,304156
20217,0.023088,172.31.36.0-255,66,137362,10,304156
20218,0.025465,172.217.194.0-255,5738,143100,10,304156
20219,0.02548,172.31.36.0-255,66,143166,10,304156
20220,0.027858,172.217.194.0-255,5738,148904,10,304156
20221,0.027873,172.31.36.0-255,66,148970,10,304156
20222,0.030288,172.217.194.0-255,5738,154708,10,304156
20223,0.030295,172.31.36.0-255,66,154774,10,304156
20224,0.030816,172.31.36.0-255,167,154941,10,304156
20225,0.030849,172.31.36.0-255,1112,156053,10,304156
20226,0.030906,172.31.36.0-255,1514,157567,10,304156
20227,0.030908,172.31.36.0-255,1291,158858,10,304156
20228,0.032359,104.244.42.0-255,66,158924,10,304156
20229,0.032431,104.244.42.0-255,66,158990,10,304156
20230,0.032435,104.244.42.0-255,66,159056,10,304156
20231,0.032694,172.217.194.0-255,5738,164794,10,304156
20232,0.032701,172.31.36.0-255,66,164860,10,304156
20233,0.035063,172.217.194.0-255,5738,170598,10,304156
20234,0.035071,172.31.36.0-255,66,170664,10,304156
20235,0.037428,172.217.194.0-255,5738,176402,10,304156
20236,0.037436,172.31.36.0-255,66,176468,10,304156
20237,0.039798,172.217.194.0-255,5738,182206,10,304156
20238,0.039806,172.31.36.0-255,66,182272,10,304156
20239,0.042185,172.217.194.0-255,5738,188010,10,304156
20240,0.042196,172.31.36.0-255,66,188076,10,304156
20241,0.044579,172.217.194.0-255,5738,193814,10,304156
20242,0.044586,172.31.36.0-255,66,193880,10,304156
20243,0.046982,172.217.194.0-255,5738,199618,10,304156
20244,0.046992,172.31.36.0-255,66,199684,10,304156
20245,0.049358,172.217.194.0-255,5738,205422,10,304156
20246,0.049366,172.31.36.0-255,66,205488,10,304156
20247,0.051721,172.217.194.0-255,5738,211226,10,304156
20248,0.051729,172.31.36.0-255,66,211292,10,304156
20249,0.054112,172.217.194.0-255,5738,217030,10,304156
20250,0.054119,172.31.36.0-255,66,217096,10,304156
20251,0.056467,172.217.194.0-255,5738,222834,10,304156
20252,0.056475,172.31.36.0-255,66,222900,10,304156
20253,0.058847,172.217.194.0-255,5738,228638,10,304156
20254,0.058854,172.31.36.0-255,66,228704,10,304156
20255,0.061243,172.217.194.0-255,5738,234442,10,304156
20256,0.061255,172.31.36.0-255,66,234508,10,304156
20257,0.063621,172.217.194.0-255,5738,240246,10,304156
20258,0.063628,172.31.36.0-255,66,240312,10,304156
20259,0.065984,172.217.194.0-255,5738,246050,10,304156
20260,0.065991,172.31.36.0-255,66,246116,10,304156
20261,0.068393,172.217.194.0-255,5738,251854,10,304156
20262,0.068405,172.31.36.0-255,66,251920,10,304156
20263,0.070777,172.217.194.0-255,5738,257658,10,304156
20264,0.070784,172.31.36.0-255,66,257724,10,304156
20265,0.073147,172.217.194.0-255,5738,263462,10,304156
20266,0.073161,172.31.36.0-255,66,263528,10,304156
20267,0.075558,172.217.194.0-255,5738,269266,10,304156
20268,0.07557,172.31.36.0-255,66,269332,10,304156
20269,0.077978,172.217.194.0-255,5738,275070,10,304156
20270,0.077994,172.31.36.0-255,66,275136,10,304156
20271,0.08037,172.217.194.0-255,5738,280874,10,304156
20272,0.080377,172.31.36.0-255,66,280940,10,304156
20273,0.082764,172.217.194.0-255,5738,286678,10,304156
20274,0.08278,172.31.36.0-255,66,286744,10,304156
20275,0.085148,172.217.194.0-255,5738,292482,10,304156
20276,0.085155,172.31.36.0-255,66,292548,10,304156
20277,0.08753,172.217.194.0-255,5738,298286,10,304156
20278,0.087537,172.31.36.0-255,66,298352,10,304156
20279,0.089909,172.217.194.0-255,5738,304090,10,304156
20280,0.089916,172.31.36.0-255,66,304156,10,304156
20281,0.0,172.217.194.0-255,153,153,10,225456
20282,2.7e-05,172.31.36.0-255,66,219,10,225456
20283,3.4e-05,172.217.194.0-255,1484,1703,10,225456
20284,3.9e-05,172.31.36.0-255,66,1769,10,225456
20285,5.2e-05,172.217.194.0-255,2902,4671,10,225456
20286,5.5e-05,172.31.36.0-255,66,4737,10,225456
20287,5.9e-05,172.217.194.0-255,2902,7639,10,225456
20288,6.2e-05,172.31.36.0-255,66,7705,10,225456
20289,6.7e-05,172.217.194.0-255,4320,12025,10,225456
20290,7e-05,172.31.36.0-255,66,12091,10,225456
20291,0.0001,172.217.194.0-255,2003,14094,10,225456
20292,0.000103,172.31.36.0-255,66,14160,10,225456
20293,0.000211,172.217.194.0-255,1484,15644,10,225456
20294,0.000215,172.31.36.0-255,66,15710,10,225456
20295,0.000219,172.217.194.0-255,1484,17194,10,225456
20296,0.000221,172.31.36.0-255,66,17260,10,225456
20297,0.000238,172.217.194.0-255,1484,18744,10,225456
20298,0.000241,172.31.36.0-255,66,18810,10,225456
20299,0.000252,172.217.194.0-255,5738,24548,10,225456
20300,0.000254,172.31.36.0-255,66,24614,10,225456
20301,0.000263,172.217.194.0-255,6797,31411,10,225456
20302,0.000266,172.31.36.0-255,66,31477,10,225456
20303,0.000432,172.217.194.0-255,1484,32961,10,225456
20304,0.000437,172.31.36.0-255,66,33027,10,225456
20305,0.000442,172.217.194.0-255,2902,35929,10,225456
20306,0.000444,172.31.36.0-255,66,35995,10,225456
20307,0.000447,172.217.194.0-255,1484,37479,10,225456
20308,0.000453,172.31.36.0-255,66,37545,10,225456
20309,0.000481,172.217.194.0-255,4320,41865,10,225456
20310,0.000484,172.31.36.0-255,66,41931,10,225456
20311,0.000491,172.217.194.0-255,5738,47669,10,225456
20312,0.000493,172.31.36.0-255,66,47735,10,225456
20313,0.000496,172.217.194.0-255,1484,49219,10,225456
20314,0.000544,172.217.194.0-255,3961,53180,10,225456
20315,0.000544,172.31.36.0-255,66,53246,10,225456
20316,0.00055,172.31.36.0-255,66,53312,10,225456
20317,0.00057,172.217.194.0-255,648,53960,10,225456
20318,0.000712,172.217.194.0-255,1484,55444,10,225456
20319,0.000717,172.31.36.0-255,66,55510,10,225456
20320,0.000722,172.217.194.0-255,2902,58412,10,225456
20321,0.000732,172.31.36.0-255,66,58478,10,225456
20322,0.000742,172.217.194.0-255,4320,62798,10,225456
20323,0.000748,172.31.36.0-255,66,62864,10,225456
20324,0.00076,172.217.194.0-255,1484,64348,10,225456
20325,0.000791,172.217.194.0-255,2902,67250,10,225456
20326,0.000798,172.31.36.0-255,66,67316,10,225456
20327,0.000816,172.217.194.0-255,7156,74472,10,225456
20328,0.000819,172.217.194.0-255,766,75238,10,225456
20329,0.000823,172.31.36.0-255,66,75304,10,225456
20330,0.000955,172.217.194.0-255,1484,76788,10,225456
20331,0.00097,172.217.194.0-255,2902,79690,10,225456
20332,0.000973,172.31.36.0-255,66,79756,10,225456
20333,0.000978,172.217.194.0-255,2902,82658,10,225456
20334,0.000991,172.31.36.0-255,66,82724,10,225456
20335,0.001002,172.217.194.0-255,7156,89880,10,225456
20336,0.001012,172.31.36.0-255,66,89946,10,225456
20337,0.001027,172.217.194.0-255,5738,95684,10,225456
20338,0.00104,172.31.36.0-255,66,95750,10,225456
20339,0.001071,172.217.194.0-255,3602,99352,10,225456
20340,0.001073,172.31.36.0-255,66,99418,10,225456
20341,0.001079,172.31.36.0-255,66,99484,10,225456
20342,0.001153,172.31.36.0-255,66,99550,10,225456
20343,0.001157,172.31.36.0-255,66,99616,10,225456
20344,0.001172,172.31.36.0-255,66,99682,10,225456
20345,0.001475,172.217.194.0-255,1484,101166,10,225456
20346,0.001491,172.217.194.0-255,2902,104068,10,225456
20347,0.001495,172.31.36.0-255,66,104134,10,225456
20348,0.0015,172.217.194.0-255,2902,107036,10,225456
20349,0.001509,172.31.36.0-255,66,107102,10,225456
20350,0.001522,172.217.194.0-255,2902,110004,10,225456
20351,0.001536,172.31.36.0-255,66,110070,10,225456
20352,0.001554,172.217.194.0-255,2902,112972,10,225456
20353,0.001565,172.31.36.0-255,66,113038,10,225456
20354,0.001573,172.217.194.0-255,4320,117358,10,225456
20355,0.001581,172.31.36.0-255,66,117424,10,225456
20356,0.001591,172.217.194.0-255,2902,120326,10,225456
20357,0.001599,172.31.36.0-255,66,120392,10,225456
20358,0.001611,172.217.194.0-255,1484,121876,10,225456
20359,0.001627,172.31.36.0-255,66,121942,10,225456
20360,0.001645,172.217.194.0-255,2184,124126,10,225456
20361,0.001649,172.31.36.0-255,66,124192,10,225456
20362,0.002126,172.217.194.0-255,1484,125676,10,225456
20363,0.002137,172.217.194.0-255,2902,128578,10,225456
20364,0.002141,172.31.36.0-255,66,128644,10,225456
20365,0.002149,172.217.194.0-255,4320,132964,10,225456
20366,0.002181,172.217.194.0-255,1484,134448,10,225456
20367,0.002189,172.217.194.0-255,5738,140186,10,225456
20368,0.00223,172.217.194.0-255,4320,144506,10,225456
20369,0.002236,172.31.36.0-255,66,144572,10,225456
20370,0.002267,172.217.194.0-255,7156,151728,10,225456
20371,0.002275,172.217.194.0-255,6438,158166,10,225456
20372,0.002315,172.31.36.0-255,66,158232,10,225456
20373,0.002438,172.217.194.0-255,1484,159716,10,225456
20374,0.002445,172.217.194.0-255,2902,162618,10,225456
20375,0.002472,172.217.194.0-255,5738,168356,10,225456
20376,0.002475,172.217.194.0-255,1484,169840,10,225456
20377,0.002502,172.217.194.0-255,7156,176996,10,225456
20378,0.002551,172.217.194.0-255,6438,183434,10,225456
20379,0.002565,172.217.194.0-255,5738,189172,10,225456
20380,0.002632,172.217.194.0-255,1484,190656,10,225456
20381,0.002649,172.217.194.0-255,3602,194258,10,225456
20382,0.002655,172.217.194.0-255,5738,199996,10,225456
20383,0.002732,172.217.194.0-255,1484,201480,10,225456
20384,0.002755,172.217.194.0-255,1484,202964,10,225456
20385,0.002847,172.217.194.0-255,2184,205148,10,225456
20386,0.002859,172.217.194.0-255,4320,209468,10,225456
20387,0.002894,172.217.194.0-255,1484,210952,10,225456
20388,0.002908,172.217.194.0-255,1484,212436,10,225456
20389,0.002923,172.217.194.0-255,5738,218174,10,225456
20390,0.002986,172.217.194.0-255,2637,220811,10,225456
20391,0.002989,172.217.194.0-255,105,220916,10,225456
20392,0.003181,172.31.36.0-255,66,220982,10,225456
20393,0.004629,172.31.36.0-255,105,221087,10,225456
20394,0.006899,172.217.194.0-255,66,221153,10,225456
20395,0.03635,172.31.36.0-255,188,221341,10,225456
20396,0.036407,172.31.36.0-255,956,222297,10,225456
20397,0.036647,172.31.36.0-255,1514,223811,10,225456
20398,0.03665,172.31.36.0-255,1447,225258,10,225456
20399,0.037931,104.244.42.0-255,66,225324,10,225456
20400,0.038063,104.244.42.0-255,66,225390,10,225456
20401,0.038213,104.244.42.0-255,66,225456,10,225456
20402,0.0,172.253.118.0-255,152,152,10,328659
20403,3e-05,172.31.36.0-255,66,218,10,328659
20404,3.7e-05,172.253.118.0-255,1484,1702,10,328659
20405,4.1e-05,172.31.36.0-255,66,1768,10,328659
20406,4.6e-05,172.253.118.0-255,2902,4670,10,328659
20407,4.9e-05,172.31.36.0-255,66,4736,10,328659
20408,6.2e-05,172.253.118.0-255,4320,9056,10,328659
20409,6.4e-05,172.31.36.0-255,66,9122,10,328659
20410,0.000142,172.253.118.0-255,2902,12024,10,328659
20411,0.000147,172.31.36.0-255,66,12090,10,328659
20412,0.000178,172.253.118.0-255,2104,14194,10,328659
20413,0.000181,172.31.36.0-255,66,14260,10,328659
20414,0.000279,172.253.118.0-255,1484,15744,10,328659
20415,0.000284,172.31.36.0-255,66,15810,10,328659
20416,0.000289,172.253.118.0-255,2902,18712,10,328659
20417,0.000293,172.31.36.0-255,66,18778,10,328659
20418,0.000356,172.253.118.0-255,5738,24516,10,328659
20419,0.00036,172.31.36.0-255,66,24582,10,328659
20420,0.000368,172.253.118.0-255,6797,31379,10,328659
20421,0.00037,172.31.36.0-255,66,31445,10,328659
20422,0.000381,172.31.36.0-255,66,31511,10,328659
20423,0.000417,172.253.118.0-255,6797,38308,10,328659
20424,0.000421,172.31.36.0-255,66,38374,10,328659
20425,0.00064,172.253.118.0-255,1484,39858,10,328659
20426,0.000644,172.31.36.0-255,66,39924,10,328659
20427,0.000649,172.253.118.0-255,2902,42826,10,328659
20428,0.000651,172.31.36.0-255,66,42892,10,328659
20429,0.000685,172.253.118.0-255,5738,48630,10,328659
20430,0.000689,172.31.36.0-255,66,48696,10,328659
20431,0.00072,172.253.118.0-255,7071,55767,10,328659
20432,0.000723,172.31.36.0-255,66,55833,10,328659
20433,0.001057,172.253.118.0-255,130,55963,10,328659
20434,0.001089,172.253.118.0-255,1484,57447,10,328659
20435,0.001094,172.31.36.0-255,66,57513,10,328659
20436,0.001125,172.253.118.0-255,2902,60415,10,328659
20437,0.001129,172.31.36.0-255,66,60481,10,328659
20438,0.001135,172.253.118.0-255,5738,66219,10,328659
20439,0.001137,172.31.36.0-255,66,66285,10,328659
20440,0.001175,172.31.36.0-255,66,66351,10,328659
20441,0.001193,172.253.118.0-255,2902,69253,10,328659
20442,0.001195,172.31.36.0-255,66,69319,10,328659
20443,0.0012,172.253.118.0-255,2902,72221,10,328659
20444,0.001202,172.31.36.0-255,66,72287,10,328659
20445,0.001231,172.253.118.0-255,2902,75189,10,328659
20446,0.001234,172.31.36.0-255,66,75255,10,328659
20447,0.001276,172.31.36.0-255,66,75321,10,328659
20448,0.001293,172.31.36.0-255,66,75387,10,328659
20449,0.001299,172.253.118.0-255,5738,81125,10,328659
20450,0.001301,172.31.36.0-255,66,81191,10,328659
20451,0.001331,172.253.118.0-255,5020,86211,10,328659
20452,0.001334,172.31.36.0-255,66,86277,10,328659
20453,0.001337,172.253.118.0-255,348,86625,10,328659
20454,0.001714,172.253.118.0-255,1484,88109,10,328659
20455,0.001718,172.31.36.0-255,66,88175,10,328659
20456,0.00174,172.253.118.0-255,2902,91077,10,328659
20457,0.001742,172.31.36.0-255,66,91143,10,328659
20458,0.001752,172.253.118.0-255,4320,95463,10,328659
20459,0.001754,172.31.36.0-255,66,95529,10,328659
20460,0.001773,172.253.118.0-255,1484,97013,10,328659
20461,0.001784,172.253.118.0-255,7156,104169,10,328659
20462,0.001787,172.31.36.0-255,66,104235,10,328659
20463,0.001808,172.253.118.0-255,1484,105719,10,328659
20464,0.001858,172.253.118.0-255,3602,109321,10,328659
20465,0.004968,172.31.36.0-255,66,109387,10,328659
20466,0.007266,172.253.118.0-255,5738,115125,10,328659
20467,0.007274,172.31.36.0-255,66,115191,10,328659
20468,0.009567,172.253.118.0-255,5738,120929,10,328659
20469,0.009576,172.31.36.0-255,66,120995,10,328659
20470,0.01187,172.253.118.0-255,5738,126733,10,328659
20471,0.011878,172.31.36.0-255,66,126799,10,328659
20472,0.014181,172.253.118.0-255,5738,132537,10,328659
20473,0.014194,172.31.36.0-255,66,132603,10,328659
20474,0.01648,172.253.118.0-255,5738,138341,10,328659
20475,0.016489,172.31.36.0-255,66,138407,10,328659
20476,0.018826,172.253.118.0-255,5738,144145,10,328659
20477,0.018836,172.31.36.0-255,66,144211,10,328659
20478,0.021124,172.253.118.0-255,5738,149949,10,328659
20479,0.021131,172.31.36.0-255,66,150015,10,328659
20480,0.023451,172.253.118.0-255,5738,155753,10,328659
20481,0.023457,172.31.36.0-255,66,155819,10,328659
20482,0.024406,172.31.36.0-255,171,155990,10,328659
20483,0.024448,172.31.36.0-255,1136,157126,10,328659
20484,0.024525,172.31.36.0-255,1514,158640,10,328659
20485,0.024527,172.31.36.0-255,1514,160154,10,328659
20486,0.024528,172.31.36.0-255,1514,161668,10,328659
20487,0.024557,172.31.36.0-255,1047,162715,10,328659
20488,0.025764,172.253.118.0-255,5738,168453,10,328659
20489,0.025771,172.31.36.0-255,66,168519,10,328659
20490,0.025935,104.244.42.0-255,66,168585,10,328659
20491,0.025985,104.244.42.0-255,66,168651,10,328659
20492,0.026095,104.244.42.0-255,66,168717,10,328659
20493,0.026137,104.244.42.0-255,66,168783,10,328659
20494,0.028078,172.253.118.0-255,5738,174521,10,328659
20495,0.028085,172.31.36.0-255,66,174587,10,328659
20496,0.03038,172.253.118.0-255,2902,177489,10,328659
20497,0.030386,172.31.36.0-255,66,177555,10,328659
20498,0.030421,172.253.118.0-255,2902,180457,10,328659
20499,0.030424,172.31.36.0-255,66,180523,10,328659
20500,0.032706,172.253.118.0-255,2902,183425,10,328659
20501,0.032712,172.31.36.0-255,66,183491,10,328659
20502,0.03275,172.253.118.0-255,2902,186393,10,328659
20503,0.032753,172.31.36.0-255,66,186459,10,328659
20504,0.034995,172.253.118.0-255,2902,189361,10,328659
20505,0.034999,172.31.36.0-255,66,189427,10,328659
20506,0.03504,172.253.118.0-255,2902,192329,10,328659
20507,0.035043,172.31.36.0-255,66,192395,10,328659
20508,0.037299,172.253.118.0-255,2902,195297,10,328659
20509,0.037305,172.31.36.0-255,66,195363,10,328659
20510,0.037337,172.253.118.0-255,2902,198265,10,328659
20511,0.03734,172.31.36.0-255,66,198331,10,328659
20512,0.039589,172.253.118.0-255,2902,201233,10,328659
20513,0.039595,172.31.36.0-255,66,201299,10,328659
20514,0.039632,172.253.118.0-255,2902,204201,10,328659
20515,0.039635,172.31.36.0-255,66,204267,10,328659
20516,0.041873,172.253.118.0-255,2902,207169,10,328659
20517,0.041891,172.31.36.0-255,66,207235,10,328659
20518,0.041919,172.253.118.0-255,2902,210137,10,328659
20519,0.041923,172.31.36.0-255,66,210203,10,328659
20520,0.044175,172.253.118.0-255,2902,213105,10,328659
20521,0.044181,172.31.36.0-255,66,213171,10,328659
20522,0.044216,172.253.118.0-255,2902,216073,10,328659
20523,0.044219,172.31.36.0-255,66,216139,10,328659
20524,0.046463,172.253.118.0-255,2902,219041,10,328659
20525,0.046468,172.31.36.0-255,66,219107,10,328659
20526,0.046516,172.253.118.0-255,2902,222009,10,328659
20527,0.04652,172.31.36.0-255,66,222075,10,328659
20528,0.048768,172.253.118.0-255,2902,224977,10,328659
20529,0.048773,172.31.36.0-255,66,225043,10,328659
20530,0.048812,172.253.118.0-255,2902,227945,10,328659
20531,0.048815,172.31.36.0-255,66,228011,10,328659
20532,0.051036,172.253.118.0-255,2902,230913,10,328659
20533,0.051043,172.31.36.0-255,66,230979,10,328659
20534,0.0511,172.253.118.0-255,2902,233881,10,328659
20535,0.051104,172.31.36.0-255,66,233947,10,328659
20536,0.053336,172.253.118.0-255,2902,236849,10,328659
20537,0.053344,172.31.36.0-255,66,236915,10,328659
20538,0.053395,172.253.118.0-255,2902,239817,10,328659
20539,0.053399,172.31.36.0-255,66,239883,10,328659
20540,0.055647,172.253.118.0-255,2902,242785,10,328659
20541,0.055656,172.31.36.0-255,66,242851,10,328659
20542,0.055701,172.253.118.0-255,2902,245753,10,328659
20543,0.055705,172.31.36.0-255,66,245819,10,328659
20544,0.05797,172.253.118.0-255,2902,248721,10,328659
20545,0.057976,172.31.36.0-255,66,248787,10,328659
20546,0.058007,172.253.118.0-255,2902,251689,10,328659
20547,0.058011,172.31.36.0-255,66,251755,10,328659
20548,0.06028,172.253.118.0-255,5738,257493,10,328659
20549,0.060286,172.31.36.0-255,66,257559,10,328659
20550,0.06259,172.253.118.0-255,5738,263297,10,328659
20551,0.062594,172.31.36.0-255,66,263363,10,328659
20552,0.064879,172.253.118.0-255,2902,266265,10,328659
20553,0.064885,172.31.36.0-255,66,266331,10,328659
20554,0.064921,172.253.118.0-255,2902,269233,10,328659
20555,0.064924,172.31.36.0-255,66,269299,10,328659
20556,0.06717,172.253.118.0-255,2902,272201,10,328659
20557,0.067175,172.31.36.0-255,66,272267,10,328659
20558,0.067223,172.253.118.0-255,2902,275169,10,328659
20559,0.067228,172.31.36.0-255,66,275235,10,328659
20560,0.069464,172.253.118.0-255,2902,278137,10,328659
20561,0.069469,172.31.36.0-255,66,278203,10,328659
20562,0.069527,172.253.118.0-255,2902,281105,10,328659
20563,0.069531,172.31.36.0-255,66,281171,10,328659
20564,0.071755,172.253.118.0-255,2902,284073,10,328659
20565,0.07176,172.31.36.0-255,66,284139,10,328659
20566,0.07181,172.253.118.0-255,2902,287041,10,328659
20567,0.071816,172.31.36.0-255,66,287107,10,328659
20568,0.074042,172.253.118.0-255,2902,290009,10,328659
20569,0.074048,172.31.36.0-255,66,290075,10,328659
20570,0.074101,172.253.118.0-255,2902,292977,10,328659
20571,0.074105,172.31.36.0-255,66,293043,10,328659
20572,0.076335,172.253.118.0-255,2902,295945,10,328659
20573,0.076342,172.31.36.0-255,66,296011,10,328659
20574,0.076422,172.253.118.0-255,2902,298913,10,328659
20575,0.076427,172.31.36.0-255,66,298979,10,328659
20576,0.078635,172.253.118.0-255,2902,301881,10,328659
20577,0.078641,172.31.36.0-255,66,301947,10,328659
20578,0.078697,172.253.118.0-255,2902,304849,10,328659
20579,0.078701,172.31.36.0-255,66,304915,10,328659
20580,0.080918,172.253.118.0-255,2902,307817,10,328659
20581,0.080924,172.31.36.0-255,66,307883,10,328659
20582,0.08099,172.253.118.0-255,2902,310785,10,328659
20583,0.080994,172.31.36.0-255,66,310851,10,328659
20584,0.083205,172.253.118.0-255,2902,313753,10,328659
20585,0.08321,172.31.36.0-255,66,313819,10,328659
20586,0.083273,172.253.118.0-255,2902,316721,10,328659
20587,0.083278,172.31.36.0-255,66,316787,10,328659
20588,0.085492,172.253.118.0-255,2902,319689,10,328659
20589,0.085497,172.31.36.0-255,66,319755,10,328659
20590,0.085574,172.253.118.0-255,2902,322657,10,328659
20591,0.085577,172.31.36.0-255,66,322723,10,328659
20592,0.087775,172.253.118.0-255,2902,325625,10,328659
20593,0.08778,172.31.36.0-255,66,325691,10,328659
20594,0.087868,172.253.118.0-255,2902,328593,10,328659
20595,0.087873,172.31.36.0-255,66,328659,10,328659
20596,0.0,74.125.130.0-255,152,152,10,377622
20597,2.3e-05,172.31.36.0-255,66,218,10,377622
20598,3e-05,74.125.130.0-255,1484,1702,10,377622
20599,3.5e-05,172.31.36.0-255,66,1768,10,377622
20600,4.8e-05,74.125.130.0-255,2902,4670,10,377622
20601,5.2e-05,172.31.36.0-255,66,4736,10,377622
20602,5.5e-05,74.125.130.0-255,1484,6220,10,377622
20603,5.8e-05,172.31.36.0-255,66,6286,10,377622
20604,6.2e-05,74.125.130.0-255,2902,9188,10,377622
20605,6.5e-05,172.31.36.0-255,66,9254,10,377622
20606,9.9e-05,74.125.130.0-255,4847,14101,10,377622
20607,0.000102,172.31.36.0-255,66,14167,10,377622
20608,0.000228,74.125.130.0-255,1484,15651,10,377622
20609,0.000232,172.31.36.0-255,66,15717,10,377622
20610,0.000238,74.125.130.0-255,2902,18619,10,377622
20611,0.00024,172.31.36.0-255,66,18685,10,377622
20612,0.000243,74.125.130.0-255,1484,20169,10,377622
20613,0.00025,172.31.36.0-255,66,20235,10,377622
20614,0.000254,74.125.130.0-255,1484,21719,10,377622
20615,0.000256,172.31.36.0-255,66,21785,10,377622
20616,0.000277,74.125.130.0-255,1484,23269,10,377622
20617,0.000279,172.31.36.0-255,66,23335,10,377622
20618,0.000287,74.125.130.0-255,5738,29073,10,377622
20619,0.000289,172.31.36.0-255,66,29139,10,377622
20620,0.000315,74.125.130.0-255,2543,31682,10,377622
20621,0.000317,172.31.36.0-255,66,31748,10,377622
20622,0.000343,74.125.130.0-255,2902,34650,10,377622
20623,0.000347,172.31.36.0-255,66,34716,10,377622
20624,0.000354,74.125.130.0-255,7156,41872,10,377622
20625,0.000356,172.31.36.0-255,66,41938,10,377622
20626,0.000366,74.125.130.0-255,4320,46258,10,377622
20627,0.000368,172.31.36.0-255,66,46324,10,377622
20628,0.000404,74.125.130.0-255,2543,48867,10,377622
20629,0.000438,74.125.130.0-255,1484,50351,10,377622
20630,0.000454,74.125.130.0-255,1484,51835,10,377622
20631,0.000459,74.125.130.0-255,2902,54737,10,377622
20632,0.000464,74.125.130.0-255,4320,59057,10,377622
20633,0.000509,74.125.130.0-255,1484,60541,10,377622
20634,0.000534,74.125.130.0-255,5961,66502,10,377622
20635,0.000548,172.31.36.0-255,66,66568,10,377622
20636,0.000597,74.125.130.0-255,1484,68052,10,377622
20637,0.000616,74.125.130.0-255,2902,70954,10,377622
20638,0.000625,172.31.36.0-255,66,71020,10,377622
20639,0.00064,74.125.130.0-255,5738,76758,10,377622
20640,0.000651,172.31.36.0-255,66,76824,10,377622
20641,0.000657,74.125.130.0-255,5738,82562,10,377622
20642,0.000681,74.125.130.0-255,2543,85105,10,377622
20643,0.000707,74.125.130.0-255,6797,91902,10,377622
20644,0.000724,172.31.36.0-255,66,91968,10,377622
20645,0.000813,74.125.130.0-255,1484,93452,10,377622
20646,0.000818,74.125.130.0-255,2902,96354,10,377622
20647,0.000842,172.31.36.0-255,66,96420,10,377622
20648,0.000848,74.125.130.0-255,5738,102158,10,377622
20649,0.000854,74.125.130.0-255,4320,106478,10,377622
20650,0.000875,74.125.130.0-255,5738,112216,10,377622
20651,0.000919,74.125.130.0-255,2184,114400,10,377622
20652,0.000922,172.31.36.0-255,66,114466,10,377622
20653,0.001021,74.125.130.0-255,1484,115950,10,377622
20654,0.001027,74.125.130.0-255,2902,118852,10,377622
20655,0.001043,74.125.130.0-255,1484,120336,10,377622
20656,0.001061,74.125.130.0-255,4320,124656,10,377622
20657,0.001068,74.125.130.0-255,5738,130394,10,377622
20658,0.001091,74.125.130.0-255,7156,137550,10,377622
20659,0.001113,74.125.130.0-255,4320,141870,10,377622
20660,0.001127,74.125.130.0-255,6438,148308,10,377622
20661,0.001223,74.125.130.0-255,1484,149792,10,377622
20662,0.001237,74.125.130.0-255,2902,152694,10,377622
20663,0.001284,74.125.130.0-255,5738,158432,10,377622
20664,0.001289,74.125.130.0-255,4320,162752,10,377622
20665,0.001295,74.125.130.0-255,5738,168490,10,377622
20666,0.001324,74.125.130.0-255,7156,175646,10,377622
20667,0.001366,74.125.130.0-255,2902,178548,10,377622
20668,0.001384,74.125.130.0-255,3602,182150,10,377622
20669,0.001411,74.125.130.0-255,1484,183634,10,377622
20670,0.001431,74.125.130.0-255,2902,186536,10,377622
20671,0.001436,74.125.130.0-255,4320,190856,10,377622
20672,0.001448,74.125.130.0-255,1484,192340,10,377622
20673,0.001481,74.125.130.0-255,1484,193824,10,377622
20674,0.001516,74.125.130.0-255,5020,198844,10,377622
20675,0.0016,74.125.130.0-255,1484,200328,10,377622
20676,0.001603,74.125.130.0-255,1484,201812,10,377622
20677,0.001614,74.125.130.0-255,1484,203296,10,377622
20678,0.001628,74.125.130.0-255,4320,207616,10,377622
20679,0.00164,74.125.130.0-255,1484,209100,10,377622
20680,0.001667,74.125.130.0-255,7156,216256,10,377622
20681,0.001692,74.125.130.0-255,1484,217740,10,377622
20682,0.001723,74.125.130.0-255,5020,222760,10,377622
20683,0.001905,74.125.130.0-255,1484,224244,10,377622
20684,0.001909,74.125.130.0-255,1484,225728,10,377622
20685,0.001931,74.125.130.0-255,2902,228630,10,377622
20686,0.001948,74.125.130.0-255,4320,232950,10,377622
20687,0.001962,74.125.130.0-255,1484,234434,10,377622
20688,0.001966,74.125.130.0-255,4320,238754,10,377622
20689,0.001968,74.125.130.0-255,1484,240238,10,377622
20690,0.001988,74.125.130.0-255,4320,244558,10,377622
20691,0.002004,74.125.130.0-255,5738,250296,10,377622
20692,0.002028,74.125.130.0-255,5738,256034,10,377622
20693,0.00203,74.125.130.0-255,766,256800,10,377622
20694,0.00706,172.31.36.0-255,66,256866,10,377622
20695,0.009167,74.125.130.0-255,5738,262604,10,377622
20696,0.009176,172.31.36.0-255,66,262670,10,377622
20697,0.011259,74.125.130.0-255,5738,268408,10,377622
20698,0.011266,172.31.36.0-255,66,268474,10,377622
20699,0.013328,74.125.130.0-255,5738,274212,10,377622
20700,0.013338,172.31.36.0-255,66,274278,10,377622
20701,0.015397,74.125.130.0-255,5738,280016,10,377622
20702,0.016145,172.31.36.0-255,66,280082,10,377622
20703,0.01823,74.125.130.0-255,5738,285820,10,377622
20704,0.018248,172.31.36.0-255,66,285886,10,377622
20705,0.020336,74.125.130.0-255,5738,291624,10,377622
20706,0.020349,172.31.36.0-255,66,291690,10,377622
20707,0.022413,74.125.130.0-255,5738,297428,10,377622
20708,0.022421,172.31.36.0-255,66,297494,10,377622
20709,0.024486,74.125.130.0-255,5738,303232,10,377622
20710,0.026967,172.31.36.0-255,66,303298,10,377622
20711,0.029076,74.125.130.0-255,5738,309036,10,377622
20712,0.029085,172.31.36.0-255,66,309102,10,377622
20713,0.031147,74.125.130.0-255,5738,314840,10,377622
20714,0.031153,172.31.36.0-255,66,314906,10,377622
20715,0.033233,74.125.130.0-255,5738,320644,10,377622
20716,0.033241,172.31.36.0-255,66,320710,10,377622
20717,0.035308,74.125.130.0-255,5738,326448,10,377622
20718,0.035315,172.31.36.0-255,66,326514,10,377622
20719,0.036302,172.31.36.0-255,172,326686,10,377622
20720,0.03633,172.31.36.0-255,1112,327798,10,377622
20721,0.036384,172.31.36.0-255,1514,329312,10,377622
20722,0.036386,172.31.36.0-255,1291,330603,10,377622
20723,0.037383,74.125.130.0-255,5738,336341,10,377622
20724,0.037391,172.31.36.0-255,66,336407,10,377622
20725,0.03781,104.244.42.0-255,66,336473,10,377622
20726,0.037833,104.244.42.0-255,66,336539,10,377622
20727,0.037927,104.244.42.0-255,66,336605,10,377622
20728,0.039497,74.125.130.0-255,5738,342343,10,377622
20729,0.039503,172.31.36.0-255,66,342409,10,377622
20730,0.041582,74.125.130.0-255,5738,348147,10,377622
20731,0.041588,172.31.36.0-255,66,348213,10,377622
20732,0.043657,74.125.130.0-255,5738,353951,10,377622
20733,0.043663,172.31.36.0-255,66,354017,10,377622
20734,0.04573,74.125.130.0-255,5738,359755,10,377622
20735,0.045736,172.31.36.0-255,66,359821,10,377622
20736,0.047797,74.125.130.0-255,5738,365559,10,377622
20737,0.047804,172.31.36.0-255,66,365625,10,377622
20738,0.049875,74.125.130.0-255,5738,371363,10,377622
20739,0.049882,172.31.36.0-255,66,371429,10,377622
20740,0.051958,74.125.130.0-255,5738,377167,10,377622
20741,0.051965,172.31.36.0-255,66,377233,10,377622
20742,0.053992,74.125.130.0-255,152,377385,10,377622
20743,0.054118,172.31.36.0-255,66,377451,10,377622
20744,0.054155,172.31.36.0-255,105,377556,10,377622
20745,0.056195,74.125.130.0-255,66,377622,10,377622
20746,0.0,74.125.68.0-255,143,143,10,390433
20747,2.2e-05,172.31.36.0-255,66,209,10,390433
20748,2.9e-05,74.125.68.0-255,1484,1693,10,390433
20749,3.3e-05,172.31.36.0-255,66,1759,10,390433
20750,4e-05,74.125.68.0-255,2902,4661,10,390433
20751,4.3e-05,172.31.36.0-255,66,4727,10,390433
20752,5.1e-05,74.125.68.0-255,7156,11883,10,390433
20753,5.4e-05,172.31.36.0-255,66,11949,10,390433
20754,6e-05,74.125.68.0-255,2009,13958,10,390433
20755,6.4e-05,172.31.36.0-255,66,14024,10,390433
20756,0.000126,74.125.68.0-255,1484,15508,10,390433
20757,0.000128,172.31.36.0-255,66,15574,10,390433
20758,0.000134,74.125.68.0-255,2902,18476,10,390433
20759,0.000136,172.31.36.0-255,66,18542,10,390433
20760,0.000143,74.125.68.0-255,5738,24280,10,390433
20761,0.000146,172.31.36.0-255,66,24346,10,390433
20762,0.00015,74.125.68.0-255,2902,27248,10,390433
20763,0.000152,172.31.36.0-255,66,27314,10,390433
20764,0.000238,74.125.68.0-255,1484,28798,10,390433
20765,0.000241,172.31.36.0-255,66,28864,10,390433
20766,0.000262,74.125.68.0-255,2543,31407,10,390433
20767,0.000265,172.31.36.0-255,66,31473,10,390433
20768,0.00028,74.125.68.0-255,1484,32957,10,390433
20769,0.000283,172.31.36.0-255,66,33023,10,390433
20770,0.000287,74.125.68.0-255,2902,35925,10,390433
20771,0.00029,172.31.36.0-255,66,35991,10,390433
20772,0.000315,74.125.68.0-255,5738,41729,10,390433
20773,0.000319,172.31.36.0-255,66,41795,10,390433
20774,0.000322,74.125.68.0-255,1484,43279,10,390433
20775,0.000324,172.31.36.0-255,66,43345,10,390433
20776,0.000351,74.125.68.0-255,5379,48724,10,390433
20777,0.000355,172.31.36.0-255,66,48790,10,390433
20778,0.000373,74.125.68.0-255,2902,51692,10,390433
20779,0.000376,172.31.36.0-255,66,51758,10,390433
20780,0.000395,74.125.68.0-255,5738,57496,10,390433
20781,0.000398,172.31.36.0-255,66,57562,10,390433
20782,0.000413,74.125.68.0-255,4320,61882,10,390433
20783,0.000416,172.31.36.0-255,66,61948,10,390433
20784,0.000431,74.125.68.0-255,4275,66223,10,390433
20785,0.000434,172.31.36.0-255,66,66289,10,390433
20786,0.000437,74.125.68.0-255,108,66397,10,390433
20787,0.000562,74.125.68.0-255,1484,67881,10,390433
20788,0.000567,172.31.36.0-255,66,67947,10,390433
20789,0.000599,74.125.68.0-255,2902,70849,10,390433
20790,0.000602,172.31.36.0-255,66,70915,10,390433
20791,0.000624,74.125.68.0-255,5738,76653,10,390433
20792,0.000627,172.31.36.0-255,66,76719,10,390433
20793,0.000632,74.125.68.0-255,4320,81039,10,390433
20794,0.000634,172.31.36.0-255,66,81105,10,390433
20795,0.000656,74.125.68.0-255,2902,84007,10,390433
20796,0.000659,172.31.36.0-255,66,84073,10,390433
20797,0.000671,172.31.36.0-255,66,84139,10,390433
20798,0.000681,172.31.36.0-255,66,84205,10,390433
20799,0.000702,74.125.68.0-255,330,84535,10,390433
20800,0.000931,74.125.68.0-255,1484,86019,10,390433
20801,0.000936,172.31.36.0-255,66,86085,10,390433
20802,0.000942,74.125.68.0-255,2902,88987,10,390433
20803,0.000944,172.31.36.0-255,66,89053,10,390433
20804,0.000975,74.125.68.0-255,2902,91955,10,390433
20805,0.000978,172.31.36.0-255,66,92021,10,390433
20806,0.000998,74.125.68.0-255,2902,94923,10,390433
20807,0.001001,172.31.36.0-255,66,94989,10,390433
20808,0.001007,74.125.68.0-255,4320,99309,10,390433
20809,0.001009,172.31.36.0-255,66,99375,10,390433
20810,0.001022,74.125.68.0-255,2902,102277,10,390433
20811,0.001024,172.31.36.0-255,66,102343,10,390433
20812,0.001027,74.125.68.0-255,1484,103827,10,390433
20813,0.001057,172.31.36.0-255,66,103893,10,390433
20814,0.00106,74.125.68.0-255,1484,105377,10,390433
20815,0.001075,74.125.68.0-255,2184,107561,10,390433
20816,0.001078,172.31.36.0-255,66,107627,10,390433
20817,0.001205,74.125.68.0-255,1484,109111,10,390433
20818,0.001222,74.125.68.0-255,1484,110595,10,390433
20819,0.001226,172.31.36.0-255,66,110661,10,390433
20820,0.001239,74.125.68.0-255,2902,113563,10,390433
20821,0.001242,172.31.36.0-255,66,113629,10,390433
20822,0.001263,74.125.68.0-255,5738,119367,10,390433
20823,0.001267,172.31.36.0-255,66,119433,10,390433
20824,0.001288,74.125.68.0-255,7156,126589,10,390433
20825,0.001292,172.31.36.0-255,66,126655,10,390433
20826,0.001309,74.125.68.0-255,1484,128139,10,390433
20827,0.001324,74.125.68.0-255,2902,131041,10,390433
20828,0.001327,172.31.36.0-255,66,131107,10,390433
20829,0.001348,74.125.68.0-255,4320,135427,10,390433
20830,0.00135,172.31.36.0-255,66,135493,10,390433
20831,0.001374,74.125.68.0-255,4320,139813,10,390433
20832,0.001377,172.31.36.0-255,66,139879,10,390433
20833,0.001395,74.125.68.0-255,2184,142063,10,390433
20834,0.001398,172.31.36.0-255,66,142129,10,390433
20835,0.00168,74.125.68.0-255,1484,143613,10,390433
20836,0.001696,74.125.68.0-255,2902,146515,10,390433
20837,0.0017,172.31.36.0-255,66,146581,10,390433
20838,0.001723,74.125.68.0-255,5738,152319,10,390433
20839,0.001726,172.31.36.0-255,66,152385,10,390433
20840,0.001731,74.125.68.0-255,2902,155287,10,390433
20841,0.001733,172.31.36.0-255,66,155353,10,390433
20842,0.001781,74.125.68.0-255,2902,158255,10,390433
20843,0.001784,172.31.36.0-255,66,158321,10,390433
20844,0.001804,74.125.68.0-255,7156,165477,10,390433
20845,0.001807,172.31.36.0-255,66,165543,10,390433
20846,0.001818,172.31.36.0-255,66,165609,10,390433
20847,0.001871,74.125.68.0-255,2184,167793,10,390433
20848,0.001874,172.31.36.0-255,66,167859,10,390433
20849,0.00407,74.125.68.0-255,2902,170761,10,390433
20850,0.004079,172.31.36.0-255,66,170827,10,390433
20851,0.004101,74.125.68.0-255,2902,173729,10,390433
20852,0.004105,172.31.36.0-255,66,173795,10,390433
20853,0.006311,74.125.68.0-255,2902,176697,10,390433
20854,0.00632,172.31.36.0-255,66,176763,10,390433
20855,0.006343,74.125.68.0-255,2902,179665,10,390433
20856,0.006345,172.31.36.0-255,66,179731,10,390433
20857,0.008544,74.125.68.0-255,2902,182633,10,390433
20858,0.00855,172.31.36.0-255,66,182699,10,390433
20859,0.008572,74.125.68.0-255,2902,185601,10,390433
20860,0.008575,172.31.36.0-255,66,185667,10,390433
20861,0.010785,74.125.68.0-255,2902,188569,10,390433
20862,0.010797,172.31.36.0-255,66,188635,10,390433
20863,0.010818,74.125.68.0-255,2902,191537,10,390433
20864,0.010821,172.31.36.0-255,66,191603,10,390433
20865,0.013052,74.125.68.0-255,5738,197341,10,390433
20866,0.013068,172.31.36.0-255,66,197407,10,390433
20867,0.015351,74.125.68.0-255,5738,203145,10,390433
20868,0.015362,172.31.36.0-255,66,203211,10,390433
20869,0.017878,74.125.68.0-255,5738,208949,10,390433
20870,0.017897,172.31.36.0-255,66,209015,10,390433
20871,0.020159,74.125.68.0-255,5738,214753,10,390433
20872,0.020174,172.31.36.0-255,66,214819,10,390433
20873,0.022408,74.125.68.0-255,5738,220557,10,390433
20874,0.022417,172.31.36.0-255,66,220623,10,390433
20875,0.024658,74.125.68.0-255,5738,226361,10,390433
20876,0.024666,172.31.36.0-255,66,226427,10,390433
20877,0.026895,74.125.68.0-255,5738,232165,10,390433
20878,0.026904,172.31.36.0-255,66,232231,10,390433
20879,0.029152,74.125.68.0-255,5738,237969,10,390433
20880,0.029167,172.31.36.0-255,66,238035,10,390433
20881,0.031402,74.125.68.0-255,4320,242355,10,390433
20882,0.031409,172.31.36.0-255,66,242421,10,390433
20883,0.031428,74.125.68.0-255,1484,243905,10,390433
20884,0.032322,172.31.36.0-255,172,244077,10,390433
20885,0.032352,172.31.36.0-255,1111,245188,10,390433
20886,0.032417,172.31.36.0-255,1514,246702,10,390433
20887,0.032419,172.31.36.0-255,1292,247994,10,390433
20888,0.033647,74.125.68.0-255,4320,252314,10,390433
20889,0.033654,172.31.36.0-255,66,252380,10,390433
20890,0.033868,104.244.42.0-255,66,252446,10,390433
20891,0.033876,104.244.42.0-255,66,252512,10,390433
20892,0.033987,104.244.42.0-255,66,252578,10,390433
20893,0.035907,74.125.68.0-255,5738,258316,10,390433
20894,0.035914,172.31.36.0-255,66,258382,10,390433
20895,0.038159,74.125.68.0-255,5738,264120,10,390433
20896,0.038166,172.31.36.0-255,66,264186,10,390433
20897,0.040417,74.125.68.0-255,5738,269924,10,390433
20898,0.040424,172.31.36.0-255,66,269990,10,390433
20899,0.042672,74.125.68.0-255,5738,275728,10,390433
20900,0.042678,172.31.36.0-255,66,275794,10,390433
20901,0.044923,74.125.68.0-255,5738,281532,10,390433
20902,0.04493,172.31.36.0-255,66,281598,10,390433
20903,0.047176,74.125.68.0-255,5738,287336,10,390433
20904,0.047182,172.31.36.0-255,66,287402,10,390433
20905,0.049431,74.125.68.0-255,5738,293140,10,390433
20906,0.049438,172.31.36.0-255,66,293206,10,390433
20907,0.051681,74.125.68.0-255,5738,298944,10,390433
20908,0.051687,172.31.36.0-255,66,299010,10,390433
20909,0.053934,74.125.68.0-255,5738,304748,10,390433
20910,0.053941,172.31.36.0-255,66,304814,10,390433
20911,0.056207,74.125.68.0-255,5738,310552,10,390433
20912,0.056213,172.31.36.0-255,66,310618,10,390433
20913,0.058458,74.125.68.0-255,5738,316356,10,390433
20914,0.058465,172.31.36.0-255,66,316422,10,390433
20915,0.060728,74.125.68.0-255,5738,322160,10,390433
20916,0.060738,172.31.36.0-255,66,322226,10,390433
20917,0.063002,74.125.68.0-255,5738,327964,10,390433
20918,0.063009,172.31.36.0-255,66,328030,10,390433
20919,0.065252,74.125.68.0-255,5738,333768,10,390433
20920,0.065258,172.31.36.0-255,66,333834,10,390433
20921,0.067501,74.125.68.0-255,5738,339572,10,390433
20922,0.067508,172.31.36.0-255,66,339638,10,390433
20923,0.069768,74.125.68.0-255,5738,345376,10,390433
20924,0.069775,172.31.36.0-255,66,345442,10,390433
20925,0.072023,74.125.68.0-255,5738,351180,10,390433
20926,0.072032,172.31.36.0-255,66,351246,10,390433
20927,0.074316,74.125.68.0-255,5738,356984,10,390433
20928,0.074322,172.31.36.0-255,66,357050,10,390433
20929,0.076558,74.125.68.0-255,5738,362788,10,390433
20930,0.076564,172.31.36.0-255,66,362854,10,390433
20931,0.078806,74.125.68.0-255,5738,368592,10,390433
20932,0.078813,172.31.36.0-255,66,368658,10,390433
20933,0.081067,74.125.68.0-255,5738,374396,10,390433
20934,0.081074,172.31.36.0-255,66,374462,10,390433
20935,0.083318,74.125.68.0-255,5738,380200,10,390433
20936,0.083325,172.31.36.0-255,66,380266,10,390433
20937,0.085583,74.125.68.0-255,5738,386004,10,390433
20938,0.085589,172.31.36.0-255,66,386070,10,390433
20939,0.087824,74.125.68.0-255,4192,390262,10,390433
20940,0.087831,172.31.36.0-255,66,390328,10,390433
20941,0.087997,172.31.36.0-255,105,390433,10,390433
20942,0.0,74.125.24.0-255,153,153,10,361655
20943,3.4e-05,172.31.36.0-255,66,219,10,361655
20944,4.1e-05,74.125.24.0-255,1484,1703,10,361655
20945,4.5e-05,172.31.36.0-255,66,1769,10,361655
20946,5.8e-05,74.125.24.0-255,2902,4671,10,361655
20947,6.1e-05,172.31.36.0-255,66,4737,10,361655
20948,6.8e-05,74.125.24.0-255,7156,11893,10,361655
20949,7.1e-05,172.31.36.0-255,66,11959,10,361655
20950,7.5e-05,74.125.24.0-255,2048,14007,10,361655
20951,7.7e-05,172.31.36.0-255,66,14073,10,361655
20952,0.000257,74.125.24.0-255,1484,15557,10,361655
20953,0.000262,172.31.36.0-255,66,15623,10,361655
20954,0.000267,74.125.24.0-255,1484,17107,10,361655
20955,0.000269,172.31.36.0-255,66,17173,10,361655
20956,0.000299,74.125.24.0-255,1484,18657,10,361655
20957,0.000304,172.31.36.0-255,66,18723,10,361655
20958,0.000305,74.125.24.0-255,5738,24461,10,361655
20959,0.000309,172.31.36.0-255,66,24527,10,361655
20960,0.000311,74.125.24.0-255,6797,31324,10,361655
20961,0.000313,172.31.36.0-255,66,31390,10,361655
20962,0.000441,74.125.24.0-255,1484,32874,10,361655
20963,0.000445,172.31.36.0-255,66,32940,10,361655
20964,0.00045,74.125.24.0-255,2902,35842,10,361655
20965,0.000452,172.31.36.0-255,66,35908,10,361655
20966,0.000456,74.125.24.0-255,2902,38810,10,361655
20967,0.000464,172.31.36.0-255,66,38876,10,361655
20968,0.000489,74.125.24.0-255,2902,41778,10,361655
20969,0.000493,172.31.36.0-255,66,41844,10,361655
20970,0.000504,172.31.36.0-255,66,41910,10,361655
20971,0.000545,74.125.24.0-255,5379,47289,10,361655
20972,0.000549,172.31.36.0-255,66,47355,10,361655
20973,0.000562,172.31.36.0-255,66,47421,10,361655
20974,0.000564,74.125.24.0-255,399,47820,10,361655
20975,0.000568,74.125.24.0-255,115,47935,10,361655
20976,0.000596,74.125.24.0-255,327,48262,10,361655
20977,0.000807,172.31.36.0-255,66,48328,10,361655
20978,0.000934,74.125.24.0-255,1484,49812,10,361655
20979,0.000943,74.125.24.0-255,2902,52714,10,361655
20980,0.000946,172.31.36.0-255,66,52780,10,361655
20981,0.000956,74.125.24.0-255,5738,58518,10,361655
20982,0.000958,172.31.36.0-255,66,58584,10,361655
20983,0.000982,172.31.36.0-255,66,58650,10,361655
20984,0.001013,74.125.24.0-255,7156,65806,10,361655
20985,0.001016,172.31.36.0-255,66,65872,10,361655
20986,0.001038,74.125.24.0-255,2902,68774,10,361655
20987,0.001046,172.31.36.0-255,66,68840,10,361655
20988,0.00105,74.125.24.0-255,766,69606,10,361655
20989,0.001233,74.125.24.0-255,1484,71090,10,361655
20990,0.001239,172.31.36.0-255,66,71156,10,361655
20991,0.001245,74.125.24.0-255,2902,74058,10,361655
20992,0.001246,172.31.36.0-255,66,74124,10,361655
20993,0.001258,74.125.24.0-255,5738,79862,10,361655
20994,0.001261,172.31.36.0-255,66,79928,10,361655
20995,0.001268,74.125.24.0-255,7156,87084,10,361655
20996,0.001271,172.31.36.0-255,66,87150,10,361655
20997,0.001308,74.125.24.0-255,5738,92888,10,361655
20998,0.001312,172.31.36.0-255,66,92954,10,361655
20999,0.001324,172.31.36.0-255,66,93020,10,361655
21000,0.001399,74.125.24.0-255,1484,94504,10,361655
21001,0.001423,74.125.24.0-255,2902,97406,10,361655
21002,0.001427,74.125.24.0-255,1484,98890,10,361655
21003,0.001439,172.31.36.0-255,66,98956,10,361655
21004,0.001445,74.125.24.0-255,1484,100440,10,361655
21005,0.001446,172.31.36.0-255,66,100506,10,361655
21006,0.001458,74.125.24.0-255,7156,107662,10,361655
21007,0.00146,172.31.36.0-255,66,107728,10,361655
21008,0.001463,74.125.24.0-255,1484,109212,10,361655
21009,0.001516,172.31.36.0-255,66,109278,10,361655
21010,0.001521,74.125.24.0-255,3602,112880,10,361655
21011,0.001523,172.31.36.0-255,66,112946,10,361655
21012,0.001674,74.125.24.0-255,1484,114430,10,361655
21013,0.00168,74.125.24.0-255,2902,117332,10,361655
21014,0.001683,172.31.36.0-255,66,117398,10,361655
21015,0.001687,74.125.24.0-255,1484,118882,10,361655
21016,0.001713,74.125.24.0-255,4320,123202,10,361655
21017,0.001716,172.31.36.0-255,66,123268,10,361655
21018,0.001721,74.125.24.0-255,4320,127588,10,361655
21019,0.001724,172.31.36.0-255,66,127654,10,361655
21020,0.001763,172.31.36.0-255,66,127720,10,361655
21021,0.001767,74.125.24.0-255,2902,130622,10,361655
21022,0.001769,172.31.36.0-255,66,130688,10,361655
21023,0.001785,74.125.24.0-255,4320,135008,10,361655
21024,0.001788,172.31.36.0-255,66,135074,10,361655
21025,0.001817,74.125.24.0-255,3602,138676,10,361655
21026,0.001822,172.31.36.0-255,66,138742,10,361655
21027,0.003767,74.125.24.0-255,1484,140226,10,361655
21028,0.003793,74.125.24.0-255,4320,144546,10,361655
21029,0.003797,172.31.36.0-255,66,144612,10,361655
21030,0.005758,74.125.24.0-255,5738,150350,10,361655
21031,0.005763,172.31.36.0-255,66,150416,10,361655
21032,0.007724,74.125.24.0-255,5738,156154,10,361655
21033,0.00773,172.31.36.0-255,66,156220,10,361655
21034,0.009734,74.125.24.0-255,5738,161958,10,361655
21035,0.00974,172.31.36.0-255,66,162024,10,361655
21036,0.011698,74.125.24.0-255,5738,167762,10,361655
21037,0.011705,172.31.36.0-255,66,167828,10,361655
21038,0.013681,74.125.24.0-255,5738,173566,10,361655
21039,0.013688,172.31.36.0-255,66,173632,10,361655
21040,0.01565,74.125.24.0-255,5738,179370,10,361655
21041,0.015657,172.31.36.0-255,66,179436,10,361655
21042,0.017632,74.125.24.0-255,5738,185174,10,361655
21043,0.01764,172.31.36.0-255,66,185240,10,361655
21044,0.019638,74.125.24.0-255,5738,190978,10,361655
21045,0.019645,172.31.36.0-255,66,191044,10,361655
21046,0.021616,74.125.24.0-255,5738,196782,10,361655
21047,0.021624,172.31.36.0-255,66,196848,10,361655
21048,0.023596,74.125.24.0-255,5738,202586,10,361655
21049,0.023602,172.31.36.0-255,66,202652,10,361655
21050,0.025596,74.125.24.0-255,5738,208390,10,361655
21051,0.025603,172.31.36.0-255,66,208456,10,361655
21052,0.025737,172.31.36.0-255,164,208620,10,361655
21053,0.025763,172.31.36.0-255,1119,209739,10,361655
21054,0.025866,172.31.36.0-255,1514,211253,10,361655
21055,0.025889,172.31.36.0-255,1284,212537,10,361655
21056,0.027267,104.244.42.0-255,66,212603,10,361655
21057,0.027306,104.244.42.0-255,66,212669,10,361655
21058,0.027451,104.244.42.0-255,66,212735,10,361655
21059,0.027547,74.125.24.0-255,5738,218473,10,361655
21060,0.027552,172.31.36.0-255,66,218539,10,361655
21061,0.029531,74.125.24.0-255,5738,224277,10,361655
21062,0.029537,172.31.36.0-255,66,224343,10,361655
21063,0.031502,74.125.24.0-255,5738,230081,10,361655
21064,0.03151,172.31.36.0-255,66,230147,10,361655
21065,0.033466,74.125.24.0-255,5738,235885,10,361655
21066,0.033472,172.31.36.0-255,66,235951,10,361655
21067,0.035419,74.125.24.0-255,5738,241689,10,361655
21068,0.035426,172.31.36.0-255,66,241755,10,361655
21069,0.037392,74.125.24.0-255,5738,247493,10,361655
21070,0.037397,172.31.36.0-255,66,247559,10,361655
21071,0.039352,74.125.24.0-255,5738,253297,10,361655
21072,0.039358,172.31.36.0-255,66,253363,10,361655
21073,0.041298,74.125.24.0-255,5738,259101,10,361655
21074,0.041303,172.31.36.0-255,66,259167,10,361655
21075,0.043257,74.125.24.0-255,1484,260651,10,361655
21076,0.043296,74.125.24.0-255,4320,264971,10,361655
21077,0.043303,172.31.36.0-255,66,265037,10,361655
21078,0.045256,74.125.24.0-255,5738,270775,10,361655
21079,0.045261,172.31.36.0-255,66,270841,10,361655
21080,0.047215,74.125.24.0-255,5738,276579,10,361655
21081,0.047221,172.31.36.0-255,66,276645,10,361655
21082,0.049196,74.125.24.0-255,5738,282383,10,361655
21083,0.049201,172.31.36.0-255,66,282449,10,361655
21084,0.051173,74.125.24.0-255,5738,288187,10,361655
21085,0.051191,172.31.36.0-255,66,288253,10,361655
21086,0.053186,74.125.24.0-255,5738,293991,10,361655
21087,0.053192,172.31.36.0-255,66,294057,10,361655
21088,0.055171,74.125.24.0-255,5738,299795,10,361655
21089,0.055193,172.31.36.0-255,66,299861,10,361655
21090,0.057189,74.125.24.0-255,5738,305599,10,361655
21091,0.057194,172.31.36.0-255,66,305665,10,361655
21092,0.059139,74.125.24.0-255,5738,311403,10,361655
21093,0.059145,172.31.36.0-255,66,311469,10,361655
21094,0.061128,74.125.24.0-255,5738,317207,10,361655
21095,0.061134,172.31.36.0-255,66,317273,10,361655
21096,0.063101,74.125.24.0-255,5738,323011,10,361655
21097,0.063107,172.31.36.0-255,66,323077,10,361655
21098,0.065081,74.125.24.0-255,5738,328815,10,361655
21099,0.065087,172.31.36.0-255,66,328881,10,361655
21100,0.067059,74.125.24.0-255,5738,334619,10,361655
21101,0.067064,172.31.36.0-255,66,334685,10,361655
21102,0.069014,74.125.24.0-255,5738,340423,10,361655
21103,0.06902,172.31.36.0-255,66,340489,10,361655
21104,0.070993,74.125.24.0-255,5738,346227,10,361655
21105,0.070999,172.31.36.0-255,66,346293,10,361655
21106,0.072977,74.125.24.0-255,4320,350613,10,361655
21107,0.072982,172.31.36.0-255,66,350679,10,361655
21108,0.073015,74.125.24.0-255,1484,352163,10,361655
21109,0.074952,74.125.24.0-255,4320,356483,10,361655
21110,0.074957,172.31.36.0-255,66,356549,10,361655
21111,0.076938,74.125.24.0-255,4869,361418,10,361655
21112,0.076944,172.31.36.0-255,66,361484,10,361655
21113,0.077143,172.31.36.0-255,105,361589,10,361655
21114,0.079048,74.125.24.0-255,66,361655,10,361655
21115,0.0,74.125.200.0-255,146,146,10,297968
21116,1.7e-05,172.31.36.0-255,66,212,10,297968
21117,2.4e-05,74.125.200.0-255,1484,1696,10,297968
21118,2.9e-05,172.31.36.0-255,66,1762,10,297968
21119,3.4e-05,74.125.200.0-255,2902,4664,10,297968
21120,4.6e-05,172.31.36.0-255,66,4730,10,297968
21121,5.3e-05,74.125.200.0-255,5738,10468,10,297968
21122,5.6e-05,172.31.36.0-255,66,10534,10,297968
21123,9.3e-05,74.125.200.0-255,3376,13910,10,297968
21124,9.7e-05,172.31.36.0-255,66,13976,10,297968
21125,0.00042,74.125.200.0-255,1484,15460,10,297968
21126,0.000426,74.125.200.0-255,2902,18362,10,297968
21127,0.000438,172.31.36.0-255,66,18428,10,297968
21128,0.000442,172.31.36.0-255,66,18494,10,297968
21129,0.000449,74.125.200.0-255,5738,24232,10,297968
21130,0.000456,172.31.36.0-255,66,24298,10,297968
21131,0.00046,74.125.200.0-255,2902,27200,10,297968
21132,0.000463,172.31.36.0-255,66,27266,10,297968
21133,0.000469,74.125.200.0-255,3961,31227,10,297968
21134,0.000471,172.31.36.0-255,66,31293,10,297968
21135,0.000661,74.125.200.0-255,1484,32777,10,297968
21136,0.000666,172.31.36.0-255,66,32843,10,297968
21137,0.000673,74.125.200.0-255,2902,35745,10,297968
21138,0.000675,172.31.36.0-255,66,35811,10,297968
21139,0.000712,74.125.200.0-255,5738,41549,10,297968
21140,0.000715,172.31.36.0-255,66,41615,10,297968
21141,0.000721,74.125.200.0-255,4320,45935,10,297968
21142,0.000723,172.31.36.0-255,66,46001,10,297968
21143,0.000734,74.125.200.0-255,5379,51380,10,297968
21144,0.000736,172.31.36.0-255,66,51446,10,297968
21145,0.000772,172.31.36.0-255,66,51512,10,297968
21146,0.000777,74.125.200.0-255,2543,54055,10,297968
21147,0.000779,172.31.36.0-255,66,54121,10,297968
21148,0.000782,74.125.200.0-255,410,54531,10,297968
21149,0.001078,172.31.36.0-255,66,54597,10,297968
21150,0.001388,74.125.200.0-255,333,54930,10,297968
21151,0.001723,74.125.200.0-255,1484,56414,10,297968
21152,0.00173,172.31.36.0-255,66,56480,10,297968
21153,0.001738,74.125.200.0-255,2902,59382,10,297968
21154,0.001739,172.31.36.0-255,66,59448,10,297968
21155,0.001743,74.125.200.0-255,1484,60932,10,297968
21156,0.00178,74.125.200.0-255,4320,65252,10,297968
21157,0.001783,172.31.36.0-255,66,65318,10,297968
21158,0.001793,172.31.36.0-255,66,65384,10,297968
21159,0.001812,172.31.36.0-255,66,65450,10,297968
21160,0.001815,74.125.200.0-255,1484,66934,10,297968
21161,0.001844,74.125.200.0-255,3602,70536,10,297968
21162,0.001846,172.31.36.0-255,66,70602,10,297968
21163,0.004096,74.125.200.0-255,5738,76340,10,297968
21164,0.004102,172.31.36.0-255,66,76406,10,297968
21165,0.006359,74.125.200.0-255,5738,82144,10,297968
21166,0.006363,172.31.36.0-255,66,82210,10,297968
21167,0.008619,74.125.200.0-255,5738,87948,10,297968
21168,0.008627,172.31.36.0-255,66,88014,10,297968
21169,0.010893,74.125.200.0-255,5738,93752,10,297968
21170,0.010901,172.31.36.0-255,66,93818,10,297968
21171,0.013148,74.125.200.0-255,5738,99556,10,297968
21172,0.013156,172.31.36.0-255,66,99622,10,297968
21173,0.015409,74.125.200.0-255,5738,105360,10,297968
21174,0.015418,172.31.36.0-255,66,105426,10,297968
21175,0.01768,74.125.200.0-255,5738,111164,10,297968
21176,0.01769,172.31.36.0-255,66,111230,10,297968
21177,0.019936,74.125.200.0-255,5738,116968,10,297968
21178,0.019944,172.31.36.0-255,66,117034,10,297968
21179,0.022205,74.125.200.0-255,5738,122772,10,297968
21180,0.022211,172.31.36.0-255,66,122838,10,297968
21181,0.024458,74.125.200.0-255,5738,128576,10,297968
21182,0.024466,172.31.36.0-255,66,128642,10,297968
21183,0.026729,74.125.200.0-255,5738,134380,10,297968
21184,0.026737,172.31.36.0-255,66,134446,10,297968
21185,0.028999,74.125.200.0-255,5738,140184,10,297968
21186,0.029007,172.31.36.0-255,66,140250,10,297968
21187,0.030845,172.31.36.0-255,187,140437,10,297968
21188,0.030879,172.31.36.0-255,980,141417,10,297968
21189,0.030942,172.31.36.0-255,1514,142931,10,297968
21190,0.030944,172.31.36.0-255,1514,144445,10,297968
21191,0.030946,172.31.36.0-255,1514,145959,10,297968
21192,0.030946,172.31.36.0-255,1203,147162,10,297968
21193,0.031296,74.125.200.0-255,5738,152900,10,297968
21194,0.031303,172.31.36.0-255,66,152966,10,297968
21195,0.032448,104.244.42.0-255,66,153032,10,297968
21196,0.032458,104.244.42.0-255,66,153098,10,297968
21197,0.032512,104.244.42.0-255,66,153164,10,297968
21198,0.032516,104.244.42.0-255,66,153230,10,297968
21199,0.033553,74.125.200.0-255,4320,157550,10,297968
21200,0.033559,172.31.36.0-255,66,157616,10,297968
21201,0.033588,74.125.200.0-255,1484,159100,10,297968
21202,0.035813,74.125.200.0-255,4320,163420,10,297968
21203,0.035819,172.31.36.0-255,66,163486,10,297968
21204,0.03808,74.125.200.0-255,5738,169224,10,297968
21205,0.038087,172.31.36.0-255,66,169290,10,297968
21206,0.04035,74.125.200.0-255,5738,175028,10,297968
21207,0.040356,172.31.36.0-255,66,175094,10,297968
21208,0.042622,74.125.200.0-255,5738,180832,10,297968
21209,0.042629,172.31.36.0-255,66,180898,10,297968
21210,0.044923,74.125.200.0-255,5738,186636,10,297968
21211,0.04493,172.31.36.0-255,66,186702,10,297968
21212,0.047227,74.125.200.0-255,5738,192440,10,297968
21213,0.047234,172.31.36.0-255,66,192506,10,297968
21214,0.049496,74.125.200.0-255,5738,198244,10,297968
21215,0.049502,172.31.36.0-255,66,198310,10,297968
21216,0.051768,74.125.200.0-255,5738,204048,10,297968
21217,0.051775,172.31.36.0-255,66,204114,10,297968
21218,0.054039,74.125.200.0-255,5738,209852,10,297968
21219,0.054044,172.31.36.0-255,66,209918,10,297968
21220,0.056284,74.125.200.0-255,2902,212820,10,297968
21221,0.056289,172.31.36.0-255,66,212886,10,297968
21222,0.056317,74.125.200.0-255,2902,215788,10,297968
21223,0.056319,172.31.36.0-255,66,215854,10,297968
21224,0.058535,74.125.200.0-255,2902,218756,10,297968
21225,0.058542,172.31.36.0-255,66,218822,10,297968
21226,0.05857,74.125.200.0-255,2902,221724,10,297968
21227,0.058573,172.31.36.0-255,66,221790,10,297968
21228,0.060785,74.125.200.0-255,2902,224692,10,297968
21229,0.060792,172.31.36.0-255,66,224758,10,297968
21230,0.060817,74.125.200.0-255,2902,227660,10,297968
21231,0.060821,172.31.36.0-255,66,227726,10,297968
21232,0.063036,74.125.200.0-255,2902,230628,10,297968
21233,0.063043,172.31.36.0-255,66,230694,10,297968
21234,0.06308,74.125.200.0-255,2902,233596,10,297968
21235,0.063083,172.31.36.0-255,66,233662,10,297968
21236,0.065293,74.125.200.0-255,2902,236564,10,297968
21237,0.0653,172.31.36.0-255,66,236630,10,297968
21238,0.065328,74.125.200.0-255,1484,238114,10,297968
21239,0.065346,74.125.200.0-255,1484,239598,10,297968
21240,0.065349,172.31.36.0-255,66,239664,10,297968
21241,0.067549,74.125.200.0-255,2902,242566,10,297968
21242,0.067566,172.31.36.0-255,66,242632,10,297968
21243,0.067594,74.125.200.0-255,2902,245534,10,297968
21244,0.067597,172.31.36.0-255,66,245600,10,297968
21245,0.06983,74.125.200.0-255,2902,248502,10,297968
21246,0.069837,172.31.36.0-255,66,248568,10,297968
21247,0.069844,74.125.200.0-255,2902,251470,10,297968
21248,0.069847,172.31.36.0-255,66,251536,10,297968
21249,0.072095,74.125.200.0-255,5738,257274,10,297968
21250,0.072101,172.31.36.0-255,66,257340,10,297968
21251,0.074355,74.125.200.0-255,5738,263078,10,297968
21252,0.074361,172.31.36.0-255,66,263144,10,297968
21253,0.076619,74.125.200.0-255,5738,268882,10,297968
21254,0.076625,172.31.36.0-255,66,268948,10,297968
21255,0.078871,74.125.200.0-255,5738,274686,10,297968
21256,0.078877,172.31.36.0-255,66,274752,10,297968
21257,0.081116,74.125.200.0-255,5738,280490,10,297968
21258,0.081121,172.31.36.0-255,66,280556,10,297968
21259,0.083383,74.125.200.0-255,5738,286294,10,297968
21260,0.083389,172.31.36.0-255,66,286360,10,297968
21261,0.085639,74.125.200.0-255,5738,292098,10,297968
21262,0.085644,172.31.36.0-255,66,292164,10,297968
21263,0.087898,74.125.200.0-255,5738,297902,10,297968
21264,0.087904,172.31.36.0-255,66,297968,10,297968
21265,0.0,172.217.194.0-255,149,149,10,208832
21266,3e-05,172.31.36.0-255,66,215,10,208832
21267,3.7e-05,172.217.194.0-255,1484,1699,10,208832
21268,4e-05,172.31.36.0-255,66,1765,10,208832
21269,4.4e-05,172.217.194.0-255,2902,4667,10,208832
21270,4.6e-05,172.31.36.0-255,66,4733,10,208832
21271,5.3e-05,172.217.194.0-255,7156,11889,10,208832
21272,5.6e-05,172.31.36.0-255,66,11955,10,208832
21273,6e-05,172.217.194.0-255,3446,15401,10,208832
21274,6.1e-05,172.31.36.0-255,66,15467,10,208832
21275,7.9e-05,172.217.194.0-255,5738,21205,10,208832
21276,8.3e-05,172.31.36.0-255,66,21271,10,208832
21277,9.8e-05,172.217.194.0-255,7156,28427,10,208832
21278,0.0001,172.31.36.0-255,66,28493,10,208832
21279,0.000102,172.217.194.0-255,1484,29977,10,208832
21280,0.000104,172.31.36.0-255,66,30043,10,208832
21281,0.000121,172.217.194.0-255,1125,31168,10,208832
21282,0.000123,172.31.36.0-255,66,31234,10,208832
21283,0.000172,172.217.194.0-255,1484,32718,10,208832
21284,0.000175,172.31.36.0-255,66,32784,10,208832
21285,0.000193,172.217.194.0-255,2902,35686,10,208832
21286,0.000195,172.31.36.0-255,66,35752,10,208832
21287,0.000198,172.217.194.0-255,1484,37236,10,208832
21288,0.0002,172.31.36.0-255,66,37302,10,208832
21289,0.000225,172.217.194.0-255,4320,41622,10,208832
21290,0.000227,172.31.36.0-255,66,41688,10,208832
21291,0.00023,172.217.194.0-255,2902,44590,10,208832
21292,0.000231,172.31.36.0-255,66,44656,10,208832
21293,0.000254,172.31.36.0-255,66,44722,10,208832
21294,0.000289,172.31.36.0-255,66,44788,10,208832
21295,0.000369,172.217.194.0-255,98,44886,10,208832
21296,0.000402,172.217.194.0-255,363,45249,10,208832
21297,0.000691,172.31.36.0-255,66,45315,10,208832
21298,0.00085,172.217.194.0-255,1484,46799,10,208832
21299,0.000859,172.217.194.0-255,2902,49701,10,208832
21300,0.000863,172.217.194.0-255,2902,52603,10,208832
21301,0.000881,172.217.194.0-255,2902,55505,10,208832
21302,0.000885,172.217.194.0-255,2902,58407,10,208832
21303,0.000902,172.217.194.0-255,5738,64145,10,208832
21304,0.000914,172.217.194.0-255,4320,68465,10,208832
21305,0.000919,172.217.194.0-255,4320,72785,10,208832
21306,0.000939,172.217.194.0-255,5738,78523,10,208832
21307,0.000942,172.217.194.0-255,766,79289,10,208832
21308,0.001219,172.217.194.0-255,1484,80773,10,208832
21309,0.001225,172.217.194.0-255,2902,83675,10,208832
21310,0.00123,172.217.194.0-255,5738,89413,10,208832
21311,0.001276,172.217.194.0-255,5738,95151,10,208832
21312,0.001294,172.217.194.0-255,5020,100171,10,208832
21313,0.001323,172.217.194.0-255,2902,103073,10,208832
21314,0.001335,172.217.194.0-255,4320,107393,10,208832
21315,0.001392,172.217.194.0-255,2902,110295,10,208832
21316,0.001394,172.217.194.0-255,766,111061,10,208832
21317,0.001531,172.217.194.0-255,1484,112545,10,208832
21318,0.001534,172.217.194.0-255,1484,114029,10,208832
21319,0.001545,172.217.194.0-255,1484,115513,10,208832
21320,0.00155,172.217.194.0-255,5738,121251,10,208832
21321,0.001565,172.217.194.0-255,4320,125571,10,208832
21322,0.001611,172.217.194.0-255,766,126337,10,208832
21323,0.001721,172.217.194.0-255,1484,127821,10,208832
21324,0.001734,172.217.194.0-255,1484,129305,10,208832
21325,0.001743,172.217.194.0-255,1484,130789,10,208832
21326,0.001746,172.217.194.0-255,2902,133691,10,208832
21327,0.001757,172.217.194.0-255,2902,136593,10,208832
21328,0.00177,172.217.194.0-255,4320,140913,10,208832
21329,0.001813,172.217.194.0-255,2184,143097,10,208832
21330,0.001827,172.217.194.0-255,1484,144581,10,208832
21331,0.001956,172.217.194.0-255,1484,146065,10,208832
21332,0.001972,172.217.194.0-255,2902,148967,10,208832
21333,0.001987,172.217.194.0-255,4320,153287,10,208832
21334,0.001996,172.217.194.0-255,1484,154771,10,208832
21335,0.002003,172.217.194.0-255,5738,160509,10,208832
21336,0.002026,172.217.194.0-255,7156,167665,10,208832
21337,0.002099,172.217.194.0-255,2902,170567,10,208832
21338,0.002113,172.217.194.0-255,5738,176305,10,208832
21339,0.002117,172.217.194.0-255,2902,179207,10,208832
21340,0.002138,172.217.194.0-255,7156,186363,10,208832
21341,0.002172,172.217.194.0-255,4320,190683,10,208832
21342,0.002203,172.217.194.0-255,2184,192867,10,208832
21343,0.002239,172.217.194.0-255,2902,195769,10,208832
21344,0.002267,172.217.194.0-255,4320,200089,10,208832
21345,0.002331,172.217.194.0-255,2902,202991,10,208832
21346,0.005854,172.31.36.0-255,66,203057,10,208832
21347,0.008146,172.217.194.0-255,1256,204313,10,208832
21348,0.0085,172.31.36.0-255,66,204379,10,208832
21349,0.008528,172.31.36.0-255,105,204484,10,208832
21350,0.010761,172.217.194.0-255,66,204550,10,208832
21351,0.028051,172.31.36.0-255,167,204717,10,208832
21352,0.028093,172.31.36.0-255,1113,205830,10,208832
21353,0.028218,172.31.36.0-255,1514,207344,10,208832
21354,0.02822,172.31.36.0-255,1290,208634,10,208832
21355,0.029608,104.244.42.0-255,66,208700,10,208832
21356,0.029729,104.244.42.0-255,66,208766,10,208832
21357,0.029786,104.244.42.0-255,66,208832,10,208832
21358,0.0,172.217.194.0-255,356,356,10,342793
21359,3e-05,172.31.36.0-255,66,422,10,342793
21360,3.7e-05,172.217.194.0-255,1484,1906,10,342793
21361,4.2e-05,172.31.36.0-255,66,1972,10,342793
21362,4.8e-05,172.217.194.0-255,4320,6292,10,342793
21363,5e-05,172.31.36.0-255,66,6358,10,342793
21364,6.1e-05,172.31.36.0-255,66,6424,10,342793
21365,0.00012,172.217.194.0-255,1484,7908,10,342793
21366,0.000123,172.31.36.0-255,66,7974,10,342793
21367,0.000128,172.217.194.0-255,2902,10876,10,342793
21368,0.00013,172.31.36.0-255,66,10942,10,342793
21369,0.000133,172.217.194.0-255,1484,12426,10,342793
21370,0.000136,172.31.36.0-255,66,12492,10,342793
21371,0.00016,172.217.194.0-255,4320,16812,10,342793
21372,0.000162,172.31.36.0-255,66,16878,10,342793
21373,0.00019,172.217.194.0-255,1484,18362,10,342793
21374,0.000192,172.31.36.0-255,66,18428,10,342793
21375,0.000215,172.217.194.0-255,5379,23807,10,342793
21376,0.000218,172.31.36.0-255,66,23873,10,342793
21377,0.000449,172.217.194.0-255,1484,25357,10,342793
21378,0.000453,172.31.36.0-255,66,25423,10,342793
21379,0.000459,172.217.194.0-255,2902,28325,10,342793
21380,0.000461,172.31.36.0-255,66,28391,10,342793
21381,0.000479,172.217.194.0-255,5738,34129,10,342793
21382,0.000482,172.31.36.0-255,66,34195,10,342793
21383,0.00051,172.217.194.0-255,6797,40992,10,342793
21384,0.000513,172.31.36.0-255,66,41058,10,342793
21385,0.000559,172.217.194.0-255,1484,42542,10,342793
21386,0.000562,172.31.36.0-255,66,42608,10,342793
21387,0.000569,172.217.194.0-255,2902,45510,10,342793
21388,0.000572,172.31.36.0-255,66,45576,10,342793
21389,0.000598,172.217.194.0-255,5738,51314,10,342793
21390,0.000601,172.31.36.0-255,66,51380,10,342793
21391,0.000609,172.217.194.0-255,6797,58177,10,342793
21392,0.000612,172.31.36.0-255,66,58243,10,342793
21393,0.000948,172.217.194.0-255,646,58889,10,342793
21394,0.000984,172.31.36.0-255,66,58955,10,342793
21395,0.001387,172.217.194.0-255,1484,60439,10,342793
21396,0.001398,172.217.194.0-255,2902,63341,10,342793
21397,0.001403,172.31.36.0-255,66,63407,10,342793
21398,0.00141,172.217.194.0-255,5738,69145,10,342793
21399,0.001413,172.31.36.0-255,66,69211,10,342793
21400,0.001421,172.217.194.0-255,7156,76367,10,342793
21401,0.001424,172.31.36.0-255,66,76433,10,342793
21402,0.001466,172.31.36.0-255,66,76499,10,342793
21403,0.00147,172.217.194.0-255,2184,78683,10,342793
21404,0.001472,172.31.36.0-255,66,78749,10,342793
21405,0.001687,172.217.194.0-255,1484,80233,10,342793
21406,0.001693,172.217.194.0-255,2902,83135,10,342793
21407,0.001697,172.31.36.0-255,66,83201,10,342793
21408,0.00172,172.217.194.0-255,5738,88939,10,342793
21409,0.001722,172.31.36.0-255,66,89005,10,342793
21410,0.001743,172.217.194.0-255,7156,96161,10,342793
21411,0.001781,172.31.36.0-255,66,96227,10,342793
21412,0.001789,172.31.36.0-255,66,96293,10,342793
21413,0.001795,172.217.194.0-255,5738,102031,10,342793
21414,0.001797,172.31.36.0-255,66,102097,10,342793
21415,0.001801,172.217.194.0-255,2184,104281,10,342793
21416,0.001803,172.31.36.0-255,66,104347,10,342793
21417,0.001821,172.217.194.0-255,1484,105831,10,342793
21418,0.001826,172.217.194.0-255,2902,108733,10,342793
21419,0.001828,172.31.36.0-255,66,108799,10,342793
21420,0.001831,172.217.194.0-255,1484,110283,10,342793
21421,0.001849,172.217.194.0-255,4320,114603,10,342793
21422,0.001853,172.31.36.0-255,66,114669,10,342793
21423,0.001886,172.31.36.0-255,66,114735,10,342793
21424,0.001898,172.31.36.0-255,66,114801,10,342793
21425,0.001981,172.217.194.0-255,1484,116285,10,342793
21426,0.001986,172.217.194.0-255,2902,119187,10,342793
21427,0.00199,172.31.36.0-255,66,119253,10,342793
21428,0.001996,172.217.194.0-255,5738,124991,10,342793
21429,0.001998,172.31.36.0-255,66,125057,10,342793
21430,0.002023,172.217.194.0-255,2902,127959,10,342793
21431,0.002025,172.31.36.0-255,66,128025,10,342793
21432,0.002054,172.217.194.0-255,2902,130927,10,342793
21433,0.002057,172.31.36.0-255,66,130993,10,342793
21434,0.00206,172.31.36.0-255,66,131059,10,342793
21435,0.002089,172.31.36.0-255,66,131125,10,342793
21436,0.002252,172.217.194.0-255,1484,132609,10,342793
21437,0.00227,172.217.194.0-255,2902,135511,10,342793
21438,0.002273,172.31.36.0-255,66,135577,10,342793
21439,0.002279,172.217.194.0-255,5738,141315,10,342793
21440,0.002281,172.31.36.0-255,66,141381,10,342793
21441,0.002284,172.217.194.0-255,1484,142865,10,342793
21442,0.002306,172.217.194.0-255,5738,148603,10,342793
21443,0.002308,172.31.36.0-255,66,148669,10,342793
21444,0.002319,172.31.36.0-255,66,148735,10,342793
21445,0.002336,172.217.194.0-255,4320,153055,10,342793
21446,0.002338,172.31.36.0-255,66,153121,10,342793
21447,0.002341,172.217.194.0-255,2184,155305,10,342793
21448,0.002343,172.31.36.0-255,66,155371,10,342793
21449,0.004585,172.217.194.0-255,2902,158273,10,342793
21450,0.004591,172.31.36.0-255,66,158339,10,342793
21451,0.004626,172.217.194.0-255,2902,161241,10,342793
21452,0.004629,172.31.36.0-255,66,161307,10,342793
21453,0.006904,172.217.194.0-255,2902,164209,10,342793
21454,0.006911,172.31.36.0-255,66,164275,10,342793
21455,0.006955,172.217.194.0-255,2902,167177,10,342793
21456,0.006959,172.31.36.0-255,66,167243,10,342793
21457,0.009197,172.217.194.0-255,2902,170145,10,342793
21458,0.009204,172.31.36.0-255,66,170211,10,342793
21459,0.009248,172.217.194.0-255,2902,173113,10,342793
21460,0.009253,172.31.36.0-255,66,173179,10,342793
21461,0.011543,172.217.194.0-255,5738,178917,10,342793
21462,0.011555,172.31.36.0-255,66,178983,10,342793
21463,0.013829,172.217.194.0-255,5738,184721,10,342793
21464,0.013838,172.31.36.0-255,66,184787,10,342793
21465,0.0161,172.217.194.0-255,5738,190525,10,342793
21466,0.016107,172.31.36.0-255,66,190591,10,342793
21467,0.018374,172.217.194.0-255,4320,194911,10,342793
21468,0.018382,172.31.36.0-255,66,194977,10,342793
21469,0.018402,172.217.194.0-255,1484,196461,10,342793
21470,0.020652,172.217.194.0-255,4320,200781,10,342793
21471,0.020659,172.31.36.0-255,66,200847,10,342793
21472,0.022928,172.217.194.0-255,5738,206585,10,342793
21473,0.022935,172.31.36.0-255,66,206651,10,342793
21474,0.025233,172.217.194.0-255,5738,212389,10,342793
21475,0.02524,172.31.36.0-255,66,212455,10,342793
21476,0.026273,172.31.36.0-255,167,212622,10,342793
21477,0.026314,172.31.36.0-255,1113,213735,10,342793
21478,0.026391,172.31.36.0-255,1514,215249,10,342793
21479,0.026393,172.31.36.0-255,1290,216539,10,342793
21480,0.027541,172.217.194.0-255,5738,222277,10,342793
21481,0.027548,172.31.36.0-255,66,222343,10,342793
21482,0.027819,104.244.42.0-255,66,222409,10,342793
21483,0.027903,104.244.42.0-255,66,222475,10,342793
21484,0.027946,104.244.42.0-255,66,222541,10,342793
21485,0.029871,172.217.194.0-255,5738,228279,10,342793
21486,0.029877,172.31.36.0-255,66,228345,10,342793
21487,0.032151,172.217.194.0-255,5738,234083,10,342793
21488,0.032158,172.31.36.0-255,66,234149,10,342793
21489,0.034448,172.217.194.0-255,5738,239887,10,342793
21490,0.034455,172.31.36.0-255,66,239953,10,342793
21491,0.036723,172.217.194.0-255,5738,245691,10,342793
21492,0.03673,172.31.36.0-255,66,245757,10,342793
21493,0.038984,172.217.194.0-255,5738,251495,10,342793
21494,0.038991,172.31.36.0-255,66,251561,10,342793
21495,0.041257,172.217.194.0-255,5738,257299,10,342793
21496,0.041263,172.31.36.0-255,66,257365,10,342793
21497,0.043542,172.217.194.0-255,5738,263103,10,342793
21498,0.043549,172.31.36.0-255,66,263169,10,342793
21499,0.045864,172.217.194.0-255,5738,268907,10,342793
21500,0.04587,172.31.36.0-255,66,268973,10,342793
21501,0.048154,172.217.194.0-255,5738,274711,10,342793
21502,0.048161,172.31.36.0-255,66,274777,10,342793
21503,0.05041,172.217.194.0-255,5738,280515,10,342793
21504,0.050417,172.31.36.0-255,66,280581,10,342793
21505,0.052691,172.217.194.0-255,5738,286319,10,342793
21506,0.052697,172.31.36.0-255,66,286385,10,342793
21507,0.054971,172.217.194.0-255,5738,292123,10,342793
21508,0.054978,172.31.36.0-255,66,292189,10,342793
21509,0.057241,172.217.194.0-255,5738,297927,10,342793
21510,0.057251,172.31.36.0-255,66,297993,10,342793
21511,0.059504,172.217.194.0-255,5738,303731,10,342793
21512,0.05951,172.31.36.0-255,66,303797,10,342793
21513,0.061783,172.217.194.0-255,5738,309535,10,342793
21514,0.061789,172.31.36.0-255,66,309601,10,342793
21515,0.06406,172.217.194.0-255,5738,315339,10,342793
21516,0.064066,172.31.36.0-255,66,315405,10,342793
21517,0.066361,172.217.194.0-255,5738,321143,10,342793
21518,0.066369,172.31.36.0-255,66,321209,10,342793
21519,0.068654,172.217.194.0-255,5738,326947,10,342793
21520,0.06866,172.31.36.0-255,66,327013,10,342793
21521,0.070952,172.217.194.0-255,5738,332751,10,342793
21522,0.070958,172.31.36.0-255,66,332817,10,342793
21523,0.073233,172.217.194.0-255,5738,338555,10,342793
21524,0.073241,172.31.36.0-255,66,338621,10,342793
21525,0.075516,172.217.194.0-255,3935,342556,10,342793
21526,0.075522,172.31.36.0-255,66,342622,10,342793
21527,0.075707,172.31.36.0-255,105,342727,10,342793
21528,0.077951,172.217.194.0-255,66,342793,10,342793
21529,0.0,172.217.194.0-255,153,153,10,204838
21530,2.2e-05,172.31.36.0-255,66,219,10,204838
21531,3.1e-05,172.217.194.0-255,1484,1703,10,204838
21532,3.5e-05,172.31.36.0-255,66,1769,10,204838
21533,4.1e-05,172.217.194.0-255,2902,4671,10,204838
21534,4.5e-05,172.31.36.0-255,66,4737,10,204838
21535,5.3e-05,172.217.194.0-255,7156,11893,10,204838
21536,5.7e-05,172.31.36.0-255,66,11959,10,204838
21537,6.1e-05,172.217.194.0-255,2049,14008,10,204838
21538,6.4e-05,172.31.36.0-255,66,14074,10,204838
21539,0.000103,172.217.194.0-255,1484,15558,10,204838
21540,0.000105,172.31.36.0-255,66,15624,10,204838
21541,0.000111,172.217.194.0-255,2902,18526,10,204838
21542,0.000113,172.31.36.0-255,66,18592,10,204838
21543,0.00012,172.217.194.0-255,5738,24330,10,204838
21544,0.000122,172.31.36.0-255,66,24396,10,204838
21545,0.000154,172.217.194.0-255,6797,31193,10,204838
21546,0.000157,172.31.36.0-255,66,31259,10,204838
21547,0.000165,172.217.194.0-255,7156,38415,10,204838
21548,0.000167,172.31.36.0-255,66,38481,10,204838
21549,0.000186,172.217.194.0-255,4320,42801,10,204838
21550,0.000188,172.31.36.0-255,66,42867,10,204838
21551,0.000213,172.217.194.0-255,5379,48246,10,204838
21552,0.000215,172.31.36.0-255,66,48312,10,204838
21553,0.000222,172.217.194.0-255,7156,55468,10,204838
21554,0.000224,172.31.36.0-255,66,55534,10,204838
21555,0.00024,172.217.194.0-255,2902,58436,10,204838
21556,0.000242,172.31.36.0-255,66,58502,10,204838
21557,0.000249,172.217.194.0-255,5738,64240,10,204838
21558,0.000252,172.31.36.0-255,66,64306,10,204838
21559,0.000268,172.217.194.0-255,1125,65431,10,204838
21560,0.00027,172.31.36.0-255,66,65497,10,204838
21561,0.000273,172.217.194.0-255,381,65878,10,204838
21562,0.000316,172.217.194.0-255,363,66241,10,204838
21563,0.000523,172.217.194.0-255,1484,67725,10,204838
21564,0.000528,172.31.36.0-255,66,67791,10,204838
21565,0.000534,172.217.194.0-255,2902,70693,10,204838
21566,0.000536,172.31.36.0-255,66,70759,10,204838
21567,0.00054,172.217.194.0-255,1484,72243,10,204838
21568,0.000555,172.217.194.0-255,4320,76563,10,204838
21569,0.000558,172.31.36.0-255,66,76629,10,204838
21570,0.000561,172.217.194.0-255,1484,78113,10,204838
21571,0.00059,172.31.36.0-255,66,78179,10,204838
21572,0.000627,172.31.36.0-255,66,78245,10,204838
21573,0.000816,172.217.194.0-255,1484,79729,10,204838
21574,0.000822,172.217.194.0-255,2902,82631,10,204838
21575,0.000825,172.31.36.0-255,66,82697,10,204838
21576,0.000833,172.217.194.0-255,5738,88435,10,204838
21577,0.000835,172.31.36.0-255,66,88501,10,204838
21578,0.000852,172.217.194.0-255,2902,91403,10,204838
21579,0.000855,172.31.36.0-255,66,91469,10,204838
21580,0.000884,172.217.194.0-255,7156,98625,10,204838
21581,0.000888,172.31.36.0-255,66,98691,10,204838
21582,0.000901,172.217.194.0-255,4320,103011,10,204838
21583,0.000904,172.31.36.0-255,66,103077,10,204838
21584,0.000935,172.31.36.0-255,66,103143,10,204838
21585,0.00094,172.217.194.0-255,4320,107463,10,204838
21586,0.000942,172.31.36.0-255,66,107529,10,204838
21587,0.000974,172.31.36.0-255,66,107595,10,204838
21588,0.000988,172.31.36.0-255,66,107661,10,204838
21589,0.001022,172.31.36.0-255,66,107727,10,204838
21590,0.001073,172.217.194.0-255,1484,109211,10,204838
21591,0.00109,172.217.194.0-255,2902,112113,10,204838
21592,0.001093,172.31.36.0-255,66,112179,10,204838
21593,0.0011,172.217.194.0-255,5738,117917,10,204838
21594,0.001102,172.31.36.0-255,66,117983,10,204838
21595,0.00111,172.217.194.0-255,7156,125139,10,204838
21596,0.001113,172.31.36.0-255,66,125205,10,204838
21597,0.001173,172.31.36.0-255,66,125271,10,204838
21598,0.001177,172.217.194.0-255,2184,127455,10,204838
21599,0.001179,172.31.36.0-255,66,127521,10,204838
21600,0.001184,172.217.194.0-255,2902,130423,10,204838
21601,0.001186,172.31.36.0-255,66,130489,10,204838
21602,0.001193,172.217.194.0-255,7156,137645,10,204838
21603,0.001196,172.31.36.0-255,66,137711,10,204838
21604,0.00123,172.31.36.0-255,66,137777,10,204838
21605,0.001233,172.217.194.0-255,1484,139261,10,204838
21606,0.001274,172.217.194.0-255,6438,145699,10,204838
21607,0.001277,172.31.36.0-255,66,145765,10,204838
21608,0.001301,172.217.194.0-255,1484,147249,10,204838
21609,0.001323,172.217.194.0-255,2902,150151,10,204838
21610,0.001329,172.217.194.0-255,5738,155889,10,204838
21611,0.001334,172.31.36.0-255,66,155955,10,204838
21612,0.001342,172.31.36.0-255,66,156021,10,204838
21613,0.001349,172.217.194.0-255,5738,161759,10,204838
21614,0.001351,172.31.36.0-255,66,161825,10,204838
21615,0.001393,172.217.194.0-255,7156,168981,10,204838
21616,0.001397,172.31.36.0-255,66,169047,10,204838
21617,0.00141,172.31.36.0-255,66,169113,10,204838
21618,0.0015,172.217.194.0-255,1484,170597,10,204838
21619,0.001506,172.217.194.0-255,2902,173499,10,204838
21620,0.001509,172.31.36.0-255,66,173565,10,204838
21621,0.001531,172.217.194.0-255,5738,179303,10,204838
21622,0.001533,172.31.36.0-255,66,179369,10,204838
21623,0.001545,172.217.194.0-255,1484,180853,10,204838
21624,0.001573,172.31.36.0-255,66,180919,10,204838
21625,0.001602,172.31.36.0-255,66,180985,10,204838
21626,0.001625,172.217.194.0-255,2184,183169,10,204838
21627,0.001643,172.31.36.0-255,66,183235,10,204838
21628,0.00165,172.31.36.0-255,66,183301,10,204838
21629,0.001664,172.31.36.0-255,66,183367,10,204838
21630,0.001678,172.31.36.0-255,66,183433,10,204838
21631,0.00169,172.217.194.0-255,1484,184917,10,204838
21632,0.001741,172.31.36.0-255,66,184983,10,204838
21633,0.001798,172.31.36.0-255,66,185049,10,204838
21634,0.001825,172.217.194.0-255,5738,190787,10,204838
21635,0.001828,172.31.36.0-255,66,190853,10,204838
21636,0.001844,172.31.36.0-255,66,190919,10,204838
21637,0.001851,172.217.194.0-255,6351,197270,10,204838
21638,0.001853,172.31.36.0-255,66,197336,10,204838
21639,0.001856,172.217.194.0-255,105,197441,10,204838
21640,0.004874,172.31.36.0-255,66,197507,10,204838
21641,0.004915,172.31.36.0-255,105,197612,10,204838
21642,0.007195,172.217.194.0-255,66,197678,10,204838
21643,0.034698,172.31.36.0-255,167,197845,10,204838
21644,0.034733,172.31.36.0-255,1112,198957,10,204838
21645,0.034796,172.31.36.0-255,1514,200471,10,204838
21646,0.034798,172.31.36.0-255,1514,201985,10,204838
21647,0.034799,172.31.36.0-255,1514,203499,10,204838
21648,0.0348,172.31.36.0-255,1075,204574,10,204838
21649,0.036194,104.244.42.0-255,66,204640,10,204838
21650,0.036218,104.244.42.0-255,66,204706,10,204838
21651,0.036293,104.244.42.0-255,66,204772,10,204838
21652,0.036297,104.244.42.0-255,66,204838,10,204838
21653,0.0,74.125.24.0-255,145,145,10,199033
21654,1.5e-05,172.31.36.0-255,66,211,10,199033
21655,2.3e-05,74.125.24.0-255,1484,1695,10,199033
21656,2.7e-05,172.31.36.0-255,66,1761,10,199033
21657,4.1e-05,74.125.24.0-255,2902,4663,10,199033
21658,4.4e-05,172.31.36.0-255,66,4729,10,199033
21659,5.2e-05,74.125.24.0-255,7156,11885,10,199033
21660,5.5e-05,172.31.36.0-255,66,11951,10,199033
21661,6e-05,74.125.24.0-255,2105,14056,10,199033
21662,6.2e-05,172.31.36.0-255,66,14122,10,199033
21663,8.9e-05,74.125.24.0-255,1484,15606,10,199033
21664,9.2e-05,172.31.36.0-255,66,15672,10,199033
21665,9.7e-05,74.125.24.0-255,2902,18574,10,199033
21666,0.0001,172.31.36.0-255,66,18640,10,199033
21667,0.000136,74.125.24.0-255,5738,24378,10,199033
21668,0.000139,172.31.36.0-255,66,24444,10,199033
21669,0.000146,74.125.24.0-255,6797,31241,10,199033
21670,0.000148,172.31.36.0-255,66,31307,10,199033
21671,0.000203,74.125.24.0-255,7156,38463,10,199033
21672,0.000206,172.31.36.0-255,66,38529,10,199033
21673,0.000218,172.31.36.0-255,66,38595,10,199033
21674,0.000244,74.125.24.0-255,1484,40079,10,199033
21675,0.000247,172.31.36.0-255,66,40145,10,199033
21676,0.000252,74.125.24.0-255,2902,43047,10,199033
21677,0.000254,172.31.36.0-255,66,43113,10,199033
21678,0.000261,74.125.24.0-255,5738,48851,10,199033
21679,0.000264,172.31.36.0-255,66,48917,10,199033
21680,0.000305,74.125.24.0-255,6797,55714,10,199033
21681,0.000308,172.31.36.0-255,66,55780,10,199033
21682,0.000333,74.125.24.0-255,647,56427,10,199033
21683,0.000335,172.31.36.0-255,66,56493,10,199033
21684,0.000597,74.125.24.0-255,1484,57977,10,199033
21685,0.000605,74.125.24.0-255,2902,60879,10,199033
21686,0.000609,172.31.36.0-255,66,60945,10,199033
21687,0.000614,74.125.24.0-255,1484,62429,10,199033
21688,0.000626,74.125.24.0-255,5738,68167,10,199033
21689,0.000628,172.31.36.0-255,66,68233,10,199033
21690,0.000633,74.125.24.0-255,2902,71135,10,199033
21691,0.000636,172.31.36.0-255,66,71201,10,199033
21692,0.000676,172.31.36.0-255,66,71267,10,199033
21693,0.000688,172.31.36.0-255,66,71333,10,199033
21694,0.001208,74.125.24.0-255,1484,72817,10,199033
21695,0.00123,74.125.24.0-255,2902,75719,10,199033
21696,0.001235,172.31.36.0-255,66,75785,10,199033
21697,0.001241,74.125.24.0-255,5738,81523,10,199033
21698,0.001244,172.31.36.0-255,66,81589,10,199033
21699,0.001247,74.125.24.0-255,1484,83073,10,199033
21700,0.001282,172.31.36.0-255,66,83139,10,199033
21701,0.001299,172.31.36.0-255,66,83205,10,199033
21702,0.001437,74.125.24.0-255,1484,84689,10,199033
21703,0.001443,74.125.24.0-255,2902,87591,10,199033
21704,0.001446,172.31.36.0-255,66,87657,10,199033
21705,0.001478,74.125.24.0-255,5738,93395,10,199033
21706,0.001481,172.31.36.0-255,66,93461,10,199033
21707,0.001488,74.125.24.0-255,5738,99199,10,199033
21708,0.00149,172.31.36.0-255,66,99265,10,199033
21709,0.00152,74.125.24.0-255,5738,105003,10,199033
21710,0.001541,172.31.36.0-255,66,105069,10,199033
21711,0.001549,172.31.36.0-255,66,105135,10,199033
21712,0.00156,172.31.36.0-255,66,105201,10,199033
21713,0.001576,172.31.36.0-255,66,105267,10,199033
21714,0.001622,172.31.36.0-255,66,105333,10,199033
21715,0.001646,74.125.24.0-255,1484,106817,10,199033
21716,0.001649,74.125.24.0-255,1484,108301,10,199033
21717,0.001652,172.31.36.0-255,66,108367,10,199033
21718,0.001675,74.125.24.0-255,1484,109851,10,199033
21719,0.00169,74.125.24.0-255,5738,115589,10,199033
21720,0.001692,172.31.36.0-255,66,115655,10,199033
21721,0.001697,74.125.24.0-255,2902,118557,10,199033
21722,0.001699,172.31.36.0-255,66,118623,10,199033
21723,0.001742,74.125.24.0-255,4320,122943,10,199033
21724,0.001745,172.31.36.0-255,66,123009,10,199033
21725,0.001772,74.125.24.0-255,5738,128747,10,199033
21726,0.001775,172.31.36.0-255,66,128813,10,199033
21727,0.001788,172.31.36.0-255,66,128879,10,199033
21728,0.001865,74.125.24.0-255,1484,130363,10,199033
21729,0.001882,74.125.24.0-255,2902,133265,10,199033
21730,0.001885,172.31.36.0-255,66,133331,10,199033
21731,0.001892,74.125.24.0-255,5738,139069,10,199033
21732,0.001895,172.31.36.0-255,66,139135,10,199033
21733,0.001943,172.31.36.0-255,66,139201,10,199033
21734,0.001956,172.31.36.0-255,66,139267,10,199033
21735,0.001974,172.31.36.0-255,66,139333,10,199033
21736,0.002016,172.31.36.0-255,66,139399,10,199033
21737,0.002043,74.125.24.0-255,4320,143719,10,199033
21738,0.002046,172.31.36.0-255,66,143785,10,199033
21739,0.002057,172.31.36.0-255,66,143851,10,199033
21740,0.002062,74.125.24.0-255,4320,148171,10,199033
21741,0.002065,172.31.36.0-255,66,148237,10,199033
21742,0.002092,74.125.24.0-255,4320,152557,10,199033
21743,0.002095,172.31.36.0-255,66,152623,10,199033
21744,0.002101,74.125.24.0-255,4320,156943,10,199033
21745,0.002103,172.31.36.0-255,66,157009,10,199033
21746,0.002133,74.125.24.0-255,5738,162747,10,199033
21747,0.00215,74.125.24.0-255,5738,168485,10,199033
21748,0.002155,172.31.36.0-255,66,168551,10,199033
21749,0.002158,172.31.36.0-255,66,168617,10,199033
21750,0.002172,172.31.36.0-255,66,168683,10,199033
21751,0.002176,74.125.24.0-255,1484,170167,10,199033
21752,0.002194,74.125.24.0-255,2902,173069,10,199033
21753,0.002196,172.31.36.0-255,66,173135,10,199033
21754,0.002234,172.31.36.0-255,66,173201,10,199033
21755,0.002241,74.125.24.0-255,6438,179639,10,199033
21756,0.002243,172.31.36.0-255,66,179705,10,199033
21757,0.00229,172.31.36.0-255,66,179771,10,199033
21758,0.002327,172.31.36.0-255,66,179837,10,199033
21759,0.002335,74.125.24.0-255,6438,186275,10,199033
21760,0.002338,172.31.36.0-255,66,186341,10,199033
21761,0.004598,74.125.24.0-255,5738,192079,10,199033
21762,0.004606,172.31.36.0-255,66,192145,10,199033
21763,0.006843,74.125.24.0-255,2369,194514,10,199033
21764,0.006847,172.31.36.0-255,66,194580,10,199033
21765,0.009747,172.31.36.0-255,105,194685,10,199033
21766,0.011993,74.125.24.0-255,66,194751,10,199033
21767,0.027988,172.31.36.0-255,167,194918,10,199033
21768,0.028038,172.31.36.0-255,1112,196030,10,199033
21769,0.028101,172.31.36.0-255,1514,197544,10,199033
21770,0.028103,172.31.36.0-255,1291,198835,10,199033
21771,0.029591,104.244.42.0-255,66,198901,10,199033
21772,0.02961,104.244.42.0-255,66,198967,10,199033
21773,0.029638,104.244.42.0-255,66,199033,10,199033
21774,0.0,172.217.194.0-255,152,152,10,219440
21775,2.2e-05,172.31.36.0-255,66,218,10,219440
21776,2.9e-05,172.217.194.0-255,1484,1702,10,219440
21777,3.4e-05,172.31.36.0-255,66,1768,10,219440
21778,5e-05,172.217.194.0-255,2902,4670,10,219440
21779,5.3e-05,172.31.36.0-255,66,4736,10,219440
21780,6.1e-05,172.217.194.0-255,7156,11892,10,219440
21781,6.5e-05,172.31.36.0-255,66,11958,10,219440
21782,6.9e-05,172.217.194.0-255,2037,13995,10,219440
21783,7.3e-05,172.31.36.0-255,66,14061,10,219440
21784,7.8e-05,172.217.194.0-255,2902,16963,10,219440
21785,8e-05,172.31.36.0-255,66,17029,10,219440
21786,0.00012,172.217.194.0-255,7156,24185,10,219440
21787,0.000123,172.31.36.0-255,66,24251,10,219440
21788,0.000131,172.217.194.0-255,6797,31048,10,219440
21789,0.000133,172.31.36.0-255,66,31114,10,219440
21790,0.000191,172.217.194.0-255,1484,32598,10,219440
21791,0.000193,172.31.36.0-255,66,32664,10,219440
21792,0.000198,172.217.194.0-255,2902,35566,10,219440
21793,0.000201,172.31.36.0-255,66,35632,10,219440
21794,0.000238,172.217.194.0-255,5738,41370,10,219440
21795,0.000241,172.31.36.0-255,66,41436,10,219440
21796,0.000249,172.217.194.0-255,7156,48592,10,219440
21797,0.000251,172.31.36.0-255,66,48658,10,219440
21798,0.000286,172.217.194.0-255,6797,55455,10,219440
21799,0.000289,172.31.36.0-255,66,55521,10,219440
21800,0.000304,172.31.36.0-255,66,55587,10,219440
21801,0.000308,172.217.194.0-255,678,56265,10,219440
21802,0.00031,172.31.36.0-255,66,56331,10,219440
21803,0.000453,172.217.194.0-255,1484,57815,10,219440
21804,0.000457,172.31.36.0-255,66,57881,10,219440
21805,0.000464,172.217.194.0-255,2902,60783,10,219440
21806,0.000466,172.31.36.0-255,66,60849,10,219440
21807,0.000475,172.217.194.0-255,1484,62333,10,219440
21808,0.000501,172.217.194.0-255,4320,66653,10,219440
21809,0.000504,172.31.36.0-255,66,66719,10,219440
21810,0.000518,172.31.36.0-255,66,66785,10,219440
21811,0.000535,172.31.36.0-255,66,66851,10,219440
21812,0.000564,172.217.194.0-255,766,67617,10,219440
21813,0.000591,172.217.194.0-255,1484,69101,10,219440
21814,0.000594,172.31.36.0-255,66,69167,10,219440
21815,0.000598,172.217.194.0-255,1484,70651,10,219440
21816,0.000623,172.217.194.0-255,2902,73553,10,219440
21817,0.000626,172.31.36.0-255,66,73619,10,219440
21818,0.000632,172.217.194.0-255,4320,77939,10,219440
21819,0.000634,172.31.36.0-255,66,78005,10,219440
21820,0.000645,172.217.194.0-255,5738,83743,10,219440
21821,0.000647,172.31.36.0-255,66,83809,10,219440
21822,0.00066,172.31.36.0-255,66,83875,10,219440
21823,0.000692,172.217.194.0-255,1484,85359,10,219440
21824,0.0007,172.217.194.0-255,6438,91797,10,219440
21825,0.000702,172.31.36.0-255,66,91863,10,219440
21826,0.000899,172.31.36.0-255,101,91964,10,219440
21827,0.001102,172.217.194.0-255,1484,93448,10,219440
21828,0.001138,172.217.194.0-255,2902,96350,10,219440
21829,0.001141,172.31.36.0-255,66,96416,10,219440
21830,0.001148,172.217.194.0-255,5738,102154,10,219440
21831,0.001151,172.31.36.0-255,66,102220,10,219440
21832,0.001197,172.31.36.0-255,66,102286,10,219440
21833,0.001216,172.31.36.0-255,66,102352,10,219440
21834,0.001323,172.217.194.0-255,1484,103836,10,219440
21835,0.001345,172.217.194.0-255,2902,106738,10,219440
21836,0.001348,172.31.36.0-255,66,106804,10,219440
21837,0.001354,172.217.194.0-255,4320,111124,10,219440
21838,0.001357,172.31.36.0-255,66,111190,10,219440
21839,0.001388,172.217.194.0-255,1484,112674,10,219440
21840,0.001403,172.31.36.0-255,66,112740,10,219440
21841,0.001411,172.217.194.0-255,7156,119896,10,219440
21842,0.001413,172.31.36.0-255,66,119962,10,219440
21843,0.001433,172.217.194.0-255,1484,121446,10,219440
21844,0.001437,172.217.194.0-255,2184,123630,10,219440
21845,0.001445,172.31.36.0-255,66,123696,10,219440
21846,0.001484,172.217.194.0-255,2902,126598,10,219440
21847,0.001487,172.31.36.0-255,66,126664,10,219440
21848,0.001495,172.217.194.0-255,7156,133820,10,219440
21849,0.001497,172.31.36.0-255,66,133886,10,219440
21850,0.001508,172.217.194.0-255,5738,139624,10,219440
21851,0.001511,172.31.36.0-255,66,139690,10,219440
21852,0.001551,172.217.194.0-255,2902,142592,10,219440
21853,0.001553,172.31.36.0-255,66,142658,10,219440
21854,0.001596,172.31.36.0-255,66,142724,10,219440
21855,0.001617,172.31.36.0-255,66,142790,10,219440
21856,0.001637,172.31.36.0-255,66,142856,10,219440
21857,0.001651,172.31.36.0-255,66,142922,10,219440
21858,0.001664,172.31.36.0-255,66,142988,10,219440
21859,0.001684,172.31.36.0-255,66,143054,10,219440
21860,0.001838,172.217.194.0-255,1484,144538,10,219440
21861,0.001844,172.217.194.0-255,2902,147440,10,219440
21862,0.001848,172.31.36.0-255,66,147506,10,219440
21863,0.001852,172.217.194.0-255,1484,148990,10,219440
21864,0.001883,172.217.194.0-255,4320,153310,10,219440
21865,0.001887,172.31.36.0-255,66,153376,10,219440
21866,0.001905,172.31.36.0-255,66,153442,10,219440
21867,0.00193,172.217.194.0-255,4320,157762,10,219440
21868,0.001933,172.31.36.0-255,66,157828,10,219440
21869,0.001966,172.217.194.0-255,6438,164266,10,219440
21870,0.001969,172.31.36.0-255,66,164332,10,219440
21871,0.002085,172.217.194.0-255,1484,165816,10,219440
21872,0.002105,172.217.194.0-255,2902,168718,10,219440
21873,0.002108,172.31.36.0-255,66,168784,10,219440
21874,0.002115,172.217.194.0-255,5738,174522,10,219440
21875,0.002117,172.31.36.0-255,66,174588,10,219440
21876,0.002135,172.217.194.0-255,2902,177490,10,219440
21877,0.002137,172.31.36.0-255,66,177556,10,219440
21878,0.002173,172.31.36.0-255,66,177622,10,219440
21879,0.002187,172.31.36.0-255,66,177688,10,219440
21880,0.00219,172.217.194.0-255,1484,179172,10,219440
21881,0.002194,172.217.194.0-255,1484,180656,10,219440
21882,0.002196,172.31.36.0-255,66,180722,10,219440
21883,0.002225,172.217.194.0-255,1484,182206,10,219440
21884,0.002231,172.217.194.0-255,5738,187944,10,219440
21885,0.002234,172.31.36.0-255,66,188010,10,219440
21886,0.002239,172.217.194.0-255,2902,190912,10,219440
21887,0.002242,172.31.36.0-255,66,190978,10,219440
21888,0.002265,172.217.194.0-255,5738,196716,10,219440
21889,0.002268,172.31.36.0-255,66,196782,10,219440
21890,0.002283,172.31.36.0-255,66,196848,10,219440
21891,0.003109,172.217.194.0-255,66,196914,10,219440
21892,0.004573,172.217.194.0-255,5738,202652,10,219440
21893,0.004581,172.31.36.0-255,66,202718,10,219440
21894,0.006835,172.217.194.0-255,5738,208456,10,219440
21895,0.006841,172.31.36.0-255,66,208522,10,219440
21896,0.009101,172.217.194.0-255,5738,214260,10,219440
21897,0.009108,172.31.36.0-255,66,214326,10,219440
21898,0.011361,172.217.194.0-255,656,214982,10,219440
21899,0.012142,172.31.36.0-255,105,215087,10,219440
21900,0.018735,172.217.194.0-255,66,215153,10,219440
21901,0.035792,172.31.36.0-255,172,215325,10,219440
21902,0.035826,172.31.36.0-255,1111,216436,10,219440
21903,0.035887,172.31.36.0-255,1514,217950,10,219440
21904,0.035889,172.31.36.0-255,1292,219242,10,219440
21905,0.037361,104.244.42.0-255,66,219308,10,219440
21906,0.037391,104.244.42.0-255,66,219374,10,219440
21907,0.037455,104.244.42.0-255,66,219440,10,219440
21908,0.0,172.217.194.0-255,153,153,10,313258
21909,1.9e-05,172.31.36.0-255,66,219,10,313258
21910,2.6e-05,172.217.194.0-255,1484,1703,10,313258
21911,3e-05,172.31.36.0-255,66,1769,10,313258
21912,3.6e-05,172.217.194.0-255,2902,4671,10,313258
21913,3.9e-05,172.31.36.0-255,66,4737,10,313258
21914,6.8e-05,172.217.194.0-255,7156,11893,10,313258
21915,7.1e-05,172.31.36.0-255,66,11959,10,313258
21916,7.6e-05,172.217.194.0-255,2082,14041,10,313258
21917,7.8e-05,172.31.36.0-255,66,14107,10,313258
21918,0.000133,172.217.194.0-255,1484,15591,10,313258
21919,0.000136,172.31.36.0-255,66,15657,10,313258
21920,0.000141,172.217.194.0-255,2902,18559,10,313258
21921,0.000144,172.31.36.0-255,66,18625,10,313258
21922,0.000166,172.217.194.0-255,5738,24363,10,313258
21923,0.000169,172.31.36.0-255,66,24429,10,313258
21924,0.000176,172.217.194.0-255,5738,30167,10,313258
21925,0.000178,172.31.36.0-255,66,30233,10,313258
21926,0.000191,172.217.194.0-255,1125,31358,10,313258
21927,0.000194,172.31.36.0-255,66,31424,10,313258
21928,0.000302,172.217.194.0-255,1484,32908,10,313258
21929,0.000306,172.31.36.0-255,66,32974,10,313258
21930,0.000312,172.217.194.0-255,2902,35876,10,313258
21931,0.000315,172.31.36.0-255,66,35942,10,313258
21932,0.000321,172.217.194.0-255,5738,41680,10,313258
21933,0.000324,172.31.36.0-255,66,41746,10,313258
21934,0.000353,172.217.194.0-255,5738,47484,10,313258
21935,0.000356,172.31.36.0-255,66,47550,10,313258
21936,0.000393,172.31.36.0-255,66,47616,10,313258
21937,0.000404,172.31.36.0-255,66,47682,10,313258
21938,0.000407,172.217.194.0-255,345,48027,10,313258
21939,0.000421,172.217.194.0-255,430,48457,10,313258
21940,0.000685,172.217.194.0-255,1484,49941,10,313258
21941,0.00069,172.31.36.0-255,66,50007,10,313258
21942,0.000696,172.217.194.0-255,2902,52909,10,313258
21943,0.000698,172.31.36.0-255,66,52975,10,313258
21944,0.000703,172.217.194.0-255,2902,55877,10,313258
21945,0.000705,172.31.36.0-255,66,55943,10,313258
21946,0.000726,172.217.194.0-255,2902,58845,10,313258
21947,0.000729,172.31.36.0-255,66,58911,10,313258
21948,0.000742,172.31.36.0-255,66,58977,10,313258
21949,0.000756,172.31.36.0-255,66,59043,10,313258
21950,0.000992,172.217.194.0-255,1484,60527,10,313258
21951,0.000999,172.217.194.0-255,2902,63429,10,313258
21952,0.001003,172.31.36.0-255,66,63495,10,313258
21953,0.001009,172.217.194.0-255,4320,67815,10,313258
21954,0.001011,172.31.36.0-255,66,67881,10,313258
21955,0.001024,172.217.194.0-255,1484,69365,10,313258
21956,0.00103,172.217.194.0-255,4320,73685,10,313258
21957,0.001032,172.31.36.0-255,66,73751,10,313258
21958,0.001064,172.31.36.0-255,66,73817,10,313258
21959,0.001077,172.31.36.0-255,66,73883,10,313258
21960,0.001101,172.217.194.0-255,766,74649,10,313258
21961,0.00113,172.217.194.0-255,1484,76133,10,313258
21962,0.001133,172.31.36.0-255,66,76199,10,313258
21963,0.001136,172.217.194.0-255,1484,77683,10,313258
21964,0.001152,172.217.194.0-255,2902,80585,10,313258
21965,0.001155,172.31.36.0-255,66,80651,10,313258
21966,0.001175,172.217.194.0-255,1484,82135,10,313258
21967,0.001183,172.217.194.0-255,7156,89291,10,313258
21968,0.001186,172.31.36.0-255,66,89357,10,313258
21969,0.00121,172.217.194.0-255,2902,92259,10,313258
21970,0.001214,172.31.36.0-255,66,92325,10,313258
21971,0.001227,172.31.36.0-255,66,92391,10,313258
21972,0.001266,172.217.194.0-255,5020,97411,10,313258
21973,0.001269,172.31.36.0-255,66,97477,10,313258
21974,0.001768,172.217.194.0-255,1484,98961,10,313258
21975,0.001775,172.217.194.0-255,2902,101863,10,313258
21976,0.001778,172.31.36.0-255,66,101929,10,313258
21977,0.001813,172.217.194.0-255,1484,103413,10,313258
21978,0.00183,172.217.194.0-255,4320,107733,10,313258
21979,0.001832,172.31.36.0-255,66,107799,10,313258
21980,0.00184,172.217.194.0-255,7156,114955,10,313258
21981,0.001842,172.31.36.0-255,66,115021,10,313258
21982,0.001853,172.31.36.0-255,66,115087,10,313258
21983,0.001875,172.217.194.0-255,4320,119407,10,313258
21984,0.001877,172.31.36.0-255,66,119473,10,313258
21985,0.001882,172.217.194.0-255,2184,121657,10,313258
21986,0.001884,172.31.36.0-255,66,121723,10,313258
21987,0.001888,172.217.194.0-255,2902,124625,10,313258
21988,0.001891,172.31.36.0-255,66,124691,10,313258
21989,0.001897,172.217.194.0-255,4320,129011,10,313258
21990,0.001899,172.31.36.0-255,66,129077,10,313258
21991,0.001916,172.217.194.0-255,2902,131979,10,313258
21992,0.001918,172.31.36.0-255,66,132045,10,313258
21993,0.001922,172.217.194.0-255,2902,134947,10,313258
21994,0.001924,172.31.36.0-255,66,135013,10,313258
21995,0.001928,172.217.194.0-255,1484,136497,10,313258
21996,0.001958,172.31.36.0-255,66,136563,10,313258
21997,0.001969,172.31.36.0-255,66,136629,10,313258
21998,0.002038,172.217.194.0-255,1484,138113,10,313258
21999,0.002052,172.217.194.0-255,1484,139597,10,313258
22000,0.002055,172.31.36.0-255,66,139663,10,313258
22001,0.002075,172.217.194.0-255,1484,141147,10,313258
22002,0.002081,172.217.194.0-255,5738,146885,10,313258
22003,0.002084,172.31.36.0-255,66,146951,10,313258
22004,0.002113,172.217.194.0-255,1484,148435,10,313258
22005,0.002137,172.217.194.0-255,7156,155591,10,313258
22006,0.00214,172.31.36.0-255,66,155657,10,313258
22007,0.00216,172.217.194.0-255,4320,159977,10,313258
22008,0.002162,172.31.36.0-255,66,160043,10,313258
22009,0.002168,172.217.194.0-255,4320,164363,10,313258
22010,0.00217,172.31.36.0-255,66,164429,10,313258
22011,0.002178,172.217.194.0-255,6438,170867,10,313258
22012,0.002181,172.31.36.0-255,66,170933,10,313258
22013,0.002292,172.217.194.0-255,1484,172417,10,313258
22014,0.002307,172.217.194.0-255,2902,175319,10,313258
22015,0.002311,172.31.36.0-255,66,175385,10,313258
22016,0.002319,172.217.194.0-255,5738,181123,10,313258
22017,0.002321,172.31.36.0-255,66,181189,10,313258
22018,0.002324,172.217.194.0-255,1484,182673,10,313258
22019,0.002345,172.217.194.0-255,2902,185575,10,313258
22020,0.002348,172.31.36.0-255,66,185641,10,313258
22021,0.002355,172.217.194.0-255,5738,191379,10,313258
22022,0.002357,172.31.36.0-255,66,191445,10,313258
22023,0.002391,172.31.36.0-255,66,191511,10,313258
22024,0.004735,172.217.194.0-255,5738,197249,10,313258
22025,0.004745,172.31.36.0-255,66,197315,10,313258
22026,0.007074,172.217.194.0-255,5738,203053,10,313258
22027,0.007078,172.31.36.0-255,66,203119,10,313258
22028,0.009406,172.217.194.0-255,5738,208857,10,313258
22029,0.009413,172.31.36.0-255,66,208923,10,313258
22030,0.011741,172.217.194.0-255,5738,214661,10,313258
22031,0.01175,172.31.36.0-255,66,214727,10,313258
22032,0.014102,172.217.194.0-255,5738,220465,10,313258
22033,0.014114,172.31.36.0-255,66,220531,10,313258
22034,0.016496,172.217.194.0-255,5738,226269,10,313258
22035,0.016509,172.31.36.0-255,66,226335,10,313258
22036,0.01884,172.217.194.0-255,5738,232073,10,313258
22037,0.018851,172.31.36.0-255,66,232139,10,313258
22038,0.021212,172.217.194.0-255,5738,237877,10,313258
22039,0.021221,172.31.36.0-255,66,237943,10,313258
22040,0.023559,172.217.194.0-255,5738,243681,10,313258
22041,0.023571,172.31.36.0-255,66,243747,10,313258
22042,0.025932,172.217.194.0-255,5738,249485,10,313258
22043,0.025945,172.31.36.0-255,66,249551,10,313258
22044,0.028279,172.217.194.0-255,5738,255289,10,313258
22045,0.028287,172.31.36.0-255,66,255355,10,313258
22046,0.030635,172.217.194.0-255,4320,259675,10,313258
22047,0.030643,172.31.36.0-255,66,259741,10,313258
22048,0.030664,172.217.194.0-255,1484,261225,10,313258
22049,0.032992,172.217.194.0-255,4320,265545,10,313258
22050,0.032999,172.31.36.0-255,66,265611,10,313258
22051,0.033176,172.31.36.0-255,172,265783,10,313258
22052,0.033204,172.31.36.0-255,1112,266895,10,313258
22053,0.033261,172.31.36.0-255,1514,268409,10,313258
22054,0.033263,172.31.36.0-255,1291,269700,10,313258
22055,0.034703,104.244.42.0-255,66,269766,10,313258
22056,0.03474,104.244.42.0-255,66,269832,10,313258
22057,0.034783,104.244.42.0-255,66,269898,10,313258
22058,0.035353,172.217.194.0-255,5738,275636,10,313258
22059,0.035359,172.31.36.0-255,66,275702,10,313258
22060,0.035551,104.244.42.0-255,108,275810,10,313258
22061,0.035561,172.31.36.0-255,66,275876,10,313258
22062,0.037696,172.217.194.0-255,5738,281614,10,313258
22063,0.037703,172.31.36.0-255,66,281680,10,313258
22064,0.040052,172.217.194.0-255,5738,287418,10,313258
22065,0.040059,172.31.36.0-255,66,287484,10,313258
22066,0.042407,172.217.194.0-255,5738,293222,10,313258
22067,0.042415,172.31.36.0-255,66,293288,10,313258
22068,0.044768,172.217.194.0-255,5738,299026,10,313258
22069,0.044775,172.31.36.0-255,66,299092,10,313258
22070,0.047101,172.217.194.0-255,5738,304830,10,313258
22071,0.047108,172.31.36.0-255,66,304896,10,313258
22072,0.049476,172.217.194.0-255,5738,310634,10,313258
22073,0.049484,172.31.36.0-255,66,310700,10,313258
22074,0.051836,172.217.194.0-255,2321,313021,10,313258
22075,0.051844,172.31.36.0-255,66,313087,10,313258
22076,0.052003,172.31.36.0-255,105,313192,10,313258
22077,0.054334,172.217.194.0-255,66,313258,10,313258
22078,0.0,74.125.68.0-255,149,149,10,294549
22079,3.8e-05,172.31.36.0-255,66,215,10,294549
22080,4.5e-05,74.125.68.0-255,1484,1699,10,294549
22081,5e-05,172.31.36.0-255,66,1765,10,294549
22082,5.5e-05,74.125.68.0-255,2902,4667,10,294549
22083,5.7e-05,172.31.36.0-255,66,4733,10,294549
22084,6.3e-05,74.125.68.0-255,4320,9053,10,294549
22085,6.5e-05,172.31.36.0-255,66,9119,10,294549
22086,8.7e-05,74.125.68.0-255,4840,13959,10,294549
22087,9e-05,172.31.36.0-255,66,14025,10,294549
22088,0.000163,74.125.68.0-255,1484,15509,10,294549
22089,0.000167,172.31.36.0-255,66,15575,10,294549
22090,0.000172,74.125.68.0-255,2902,18477,10,294549
22091,0.000174,172.31.36.0-255,66,18543,10,294549
22092,0.000196,74.125.68.0-255,2902,21445,10,294549
22093,0.000199,172.31.36.0-255,66,21511,10,294549
22094,0.000206,74.125.68.0-255,4320,25831,10,294549
22095,0.000208,172.31.36.0-255,66,25897,10,294549
22096,0.000243,74.125.68.0-255,5379,31276,10,294549
22097,0.000247,172.31.36.0-255,66,31342,10,294549
22098,0.000291,74.125.68.0-255,1484,32826,10,294549
22099,0.000295,172.31.36.0-255,66,32892,10,294549
22100,0.000313,74.125.68.0-255,2902,35794,10,294549
22101,0.000315,172.31.36.0-255,66,35860,10,294549
22102,0.000321,74.125.68.0-255,5738,41598,10,294549
22103,0.000327,172.31.36.0-255,66,41664,10,294549
22104,0.000335,74.125.68.0-255,1484,43148,10,294549
22105,0.000337,172.31.36.0-255,66,43214,10,294549
22106,0.000361,74.125.68.0-255,5379,48593,10,294549
22107,0.000364,172.31.36.0-255,66,48659,10,294549
22108,0.001091,74.125.68.0-255,1484,50143,10,294549
22109,0.001098,172.31.36.0-255,66,50209,10,294549
22110,0.001108,74.125.68.0-255,2902,53111,10,294549
22111,0.00111,172.31.36.0-255,66,53177,10,294549
22112,0.001114,74.125.68.0-255,2902,56079,10,294549
22113,0.001117,172.31.36.0-255,66,56145,10,294549
22114,0.001135,74.125.68.0-255,1484,57629,10,294549
22115,0.001143,74.125.68.0-255,5738,63367,10,294549
22116,0.001145,172.31.36.0-255,66,63433,10,294549
22117,0.001192,74.125.68.0-255,5379,68812,10,294549
22118,0.001196,172.31.36.0-255,66,68878,10,294549
22119,0.001202,74.125.68.0-255,5738,74616,10,294549
22120,0.001204,172.31.36.0-255,66,74682,10,294549
22121,0.001241,172.31.36.0-255,66,74748,10,294549
22122,0.001307,74.125.68.0-255,1484,76232,10,294549
22123,0.001321,74.125.68.0-255,2902,79134,10,294549
22124,0.001324,172.31.36.0-255,66,79200,10,294549
22125,0.001343,74.125.68.0-255,4320,83520,10,294549
22126,0.001346,172.31.36.0-255,66,83586,10,294549
22127,0.001368,74.125.68.0-255,1484,85070,10,294549
22128,0.001373,74.125.68.0-255,4320,89390,10,294549
22129,0.001375,172.31.36.0-255,66,89456,10,294549
22130,0.001427,74.125.68.0-255,3124,92580,10,294549
22131,0.001431,172.31.36.0-255,66,92646,10,294549
22132,0.002587,74.125.68.0-255,1484,94130,10,294549
22133,0.002604,74.125.68.0-255,2902,97032,10,294549
22134,0.002608,172.31.36.0-255,66,97098,10,294549
22135,0.002614,74.125.68.0-255,2902,100000,10,294549
22136,0.002617,172.31.36.0-255,66,100066,10,294549
22137,0.005191,74.125.68.0-255,4320,104386,10,294549
22138,0.005194,172.31.36.0-255,66,104452,10,294549
22139,0.005209,74.125.68.0-255,1484,105936,10,294549
22140,0.007795,74.125.68.0-255,4320,110256,10,294549
22141,0.007808,172.31.36.0-255,66,110322,10,294549
22142,0.010418,74.125.68.0-255,5738,116060,10,294549
22143,0.010434,172.31.36.0-255,66,116126,10,294549
22144,0.013042,74.125.68.0-255,5738,121864,10,294549
22145,0.013058,172.31.36.0-255,66,121930,10,294549
22146,0.015665,74.125.68.0-255,5738,127668,10,294549
22147,0.015686,172.31.36.0-255,66,127734,10,294549
22148,0.01829,74.125.68.0-255,5738,133472,10,294549
22149,0.018308,172.31.36.0-255,66,133538,10,294549
22150,0.020905,74.125.68.0-255,5738,139276,10,294549
22151,0.020921,172.31.36.0-255,66,139342,10,294549
22152,0.023522,74.125.68.0-255,5738,145080,10,294549
22153,0.023536,172.31.36.0-255,66,145146,10,294549
22154,0.026131,74.125.68.0-255,5738,150884,10,294549
22155,0.026143,172.31.36.0-255,66,150950,10,294549
22156,0.028759,74.125.68.0-255,5738,156688,10,294549
22157,0.028777,172.31.36.0-255,66,156754,10,294549
22158,0.031372,74.125.68.0-255,5738,162492,10,294549
22159,0.031386,172.31.36.0-255,66,162558,10,294549
22160,0.033974,74.125.68.0-255,5738,168296,10,294549
22161,0.033989,172.31.36.0-255,66,168362,10,294549
22162,0.036598,74.125.68.0-255,5738,174100,10,294549
22163,0.036616,172.31.36.0-255,66,174166,10,294549
22164,0.039212,74.125.68.0-255,5738,179904,10,294549
22165,0.039229,172.31.36.0-255,66,179970,10,294549
22166,0.041826,74.125.68.0-255,5738,185708,10,294549
22167,0.041859,172.31.36.0-255,66,185774,10,294549
22168,0.042715,172.31.36.0-255,188,185962,10,294549
22169,0.042746,172.31.36.0-255,956,186918,10,294549
22170,0.042793,172.31.36.0-255,1514,188432,10,294549
22171,0.042795,172.31.36.0-255,1447,189879,10,294549
22172,0.044279,104.244.42.0-255,66,189945,10,294549
22173,0.044302,104.244.42.0-255,66,190011,10,294549
22174,0.044404,104.244.42.0-255,66,190077,10,294549
22175,0.044431,74.125.68.0-255,5738,195815,10,294549
22176,0.04444,172.31.36.0-255,66,195881,10,294549
22177,0.047018,74.125.68.0-255,5738,201619,10,294549
22178,0.047027,172.31.36.0-255,66,201685,10,294549
22179,0.049619,74.125.68.0-255,5738,207423,10,294549
22180,0.049636,172.31.36.0-255,66,207489,10,294549
22181,0.052247,74.125.68.0-255,5738,213227,10,294549
22182,0.052259,172.31.36.0-255,66,213293,10,294549
22183,0.054856,74.125.68.0-255,5738,219031,10,294549
22184,0.054871,172.31.36.0-255,66,219097,10,294549
22185,0.057473,74.125.68.0-255,5738,224835,10,294549
22186,0.057487,172.31.36.0-255,66,224901,10,294549
22187,0.060086,74.125.68.0-255,5738,230639,10,294549
22188,0.060106,172.31.36.0-255,66,230705,10,294549
22189,0.062699,74.125.68.0-255,5738,236443,10,294549
22190,0.062711,172.31.36.0-255,66,236509,10,294549
22191,0.065307,74.125.68.0-255,5738,242247,10,294549
22192,0.065315,172.31.36.0-255,66,242313,10,294549
22193,0.067952,74.125.68.0-255,5738,248051,10,294549
22194,0.067961,172.31.36.0-255,66,248117,10,294549
22195,0.07054,74.125.68.0-255,5738,253855,10,294549
22196,0.07055,172.31.36.0-255,66,253921,10,294549
22197,0.073139,74.125.68.0-255,5738,259659,10,294549
22198,0.073153,172.31.36.0-255,66,259725,10,294549
22199,0.075757,74.125.68.0-255,5738,265463,10,294549
22200,0.07577,172.31.36.0-255,66,265529,10,294549
22201,0.078363,74.125.68.0-255,5738,271267,10,294549
22202,0.078373,172.31.36.0-255,66,271333,10,294549
22203,0.080953,74.125.68.0-255,5738,277071,10,294549
22204,0.080964,172.31.36.0-255,66,277137,10,294549
22205,0.083546,74.125.68.0-255,5738,282875,10,294549
22206,0.083555,172.31.36.0-255,66,282941,10,294549
22207,0.086146,74.125.68.0-255,5738,288679,10,294549
22208,0.086155,172.31.36.0-255,66,288745,10,294549
22209,0.088746,74.125.68.0-255,5738,294483,10,294549
22210,0.088757,172.31.36.0-255,66,294549,10,294549
22211,0.0,74.125.68.0-255,150,150,10,302118
22212,2.1e-05,172.31.36.0-255,66,216,10,302118
22213,2.8e-05,74.125.68.0-255,1484,1700,10,302118
22214,3.2e-05,172.31.36.0-255,66,1766,10,302118
22215,4.6e-05,74.125.68.0-255,2902,4668,10,302118
22216,4.9e-05,172.31.36.0-255,66,4734,10,302118
22217,8.7e-05,74.125.68.0-255,1484,6218,10,302118
22218,9e-05,172.31.36.0-255,66,6284,10,302118
22219,9.6e-05,74.125.68.0-255,2902,9186,10,302118
22220,9.8e-05,172.31.36.0-255,66,9252,10,302118
22221,0.00013,74.125.68.0-255,4912,14164,10,302118
22222,0.000134,172.31.36.0-255,66,14230,10,302118
22223,0.000141,74.125.68.0-255,5738,19968,10,302118
22224,0.000143,172.31.36.0-255,66,20034,10,302118
22225,0.00019,172.31.36.0-255,66,20100,10,302118
22226,0.000259,74.125.68.0-255,1484,21584,10,302118
22227,0.000261,172.31.36.0-255,66,21650,10,302118
22228,0.000287,74.125.68.0-255,2902,24552,10,302118
22229,0.000289,172.31.36.0-255,66,24618,10,302118
22230,0.000295,74.125.68.0-255,4320,28938,10,302118
22231,0.000297,172.31.36.0-255,66,29004,10,302118
22232,0.000348,74.125.68.0-255,7156,36160,10,302118
22233,0.00035,172.31.36.0-255,66,36226,10,302118
22234,0.000372,74.125.68.0-255,1484,37710,10,302118
22235,0.000374,172.31.36.0-255,66,37776,10,302118
22236,0.000382,74.125.68.0-255,7156,44932,10,302118
22237,0.000385,172.31.36.0-255,66,44998,10,302118
22238,0.000395,172.31.36.0-255,66,45064,10,302118
22239,0.000398,74.125.68.0-255,766,45830,10,302118
22240,0.0004,172.31.36.0-255,66,45896,10,302118
22241,0.000447,74.125.68.0-255,426,46322,10,302118
22242,0.000512,74.125.68.0-255,1484,47806,10,302118
22243,0.000518,74.125.68.0-255,2902,50708,10,302118
22244,0.000531,74.125.68.0-255,2902,53610,10,302118
22245,0.000543,74.125.68.0-255,2902,56512,10,302118
22246,0.000547,74.125.68.0-255,2902,59414,10,302118
22247,0.000552,74.125.68.0-255,4320,63734,10,302118
22248,0.000554,74.125.68.0-255,1484,65218,10,302118
22249,0.00057,74.125.68.0-255,7156,72374,10,302118
22250,0.000572,74.125.68.0-255,1484,73858,10,302118
22251,0.000595,74.125.68.0-255,6438,80296,10,302118
22252,0.000675,172.31.36.0-255,66,80362,10,302118
22253,0.000704,74.125.68.0-255,1484,81846,10,302118
22254,0.00071,74.125.68.0-255,2902,84748,10,302118
22255,0.000712,74.125.68.0-255,1484,86232,10,302118
22256,0.000726,74.125.68.0-255,4320,90552,10,302118
22257,0.000743,74.125.68.0-255,4320,94872,10,302118
22258,0.000756,74.125.68.0-255,2902,97774,10,302118
22259,0.000764,172.31.36.0-255,66,97840,10,302118
22260,0.000797,74.125.68.0-255,4320,102160,10,302118
22261,0.000823,74.125.68.0-255,7156,109316,10,302118
22262,0.000828,172.31.36.0-255,66,109382,10,302118
22263,0.000858,74.125.68.0-255,1484,110866,10,302118
22264,0.000875,172.31.36.0-255,66,110932,10,302118
22265,0.000897,74.125.68.0-255,7156,118088,10,302118
22266,0.000908,172.31.36.0-255,66,118154,10,302118
22267,0.000939,74.125.68.0-255,6438,124592,10,302118
22268,0.000949,172.31.36.0-255,66,124658,10,302118
22269,0.001304,74.125.68.0-255,1484,126142,10,302118
22270,0.00131,74.125.68.0-255,2902,129044,10,302118
22271,0.001324,172.31.36.0-255,66,129110,10,302118
22272,0.001327,74.125.68.0-255,1484,130594,10,302118
22273,0.001352,74.125.68.0-255,2902,133496,10,302118
22274,0.001358,74.125.68.0-255,5738,139234,10,302118
22275,0.001365,172.31.36.0-255,66,139300,10,302118
22276,0.001399,74.125.68.0-255,4320,143620,10,302118
22277,0.001417,172.31.36.0-255,66,143686,10,302118
22278,0.00145,74.125.68.0-255,3602,147288,10,302118
22279,0.00147,172.31.36.0-255,66,147354,10,302118
22280,0.00156,74.125.68.0-255,1484,148838,10,302118
22281,0.001565,74.125.68.0-255,2902,151740,10,302118
22282,0.001569,172.31.36.0-255,66,151806,10,302118
22283,0.001587,74.125.68.0-255,2902,154708,10,302118
22284,0.00161,74.125.68.0-255,2902,157610,10,302118
22285,0.001616,74.125.68.0-255,7156,164766,10,302118
22286,0.00162,172.31.36.0-255,66,164832,10,302118
22287,0.00163,172.31.36.0-255,66,164898,10,302118
22288,0.00171,172.31.36.0-255,66,164964,10,302118
22289,0.001715,74.125.68.0-255,2902,167866,10,302118
22290,0.001763,172.31.36.0-255,66,167932,10,302118
22291,0.001766,74.125.68.0-255,1484,169416,10,302118
22292,0.001771,74.125.68.0-255,5020,174436,10,302118
22293,0.001791,74.125.68.0-255,1484,175920,10,302118
22294,0.001808,74.125.68.0-255,2902,178822,10,302118
22295,0.001825,74.125.68.0-255,5738,184560,10,302118
22296,0.001828,172.31.36.0-255,66,184626,10,302118
22297,0.001833,172.31.36.0-255,66,184692,10,302118
22298,0.001858,74.125.68.0-255,5738,190430,10,302118
22299,0.001869,74.125.68.0-255,7156,197586,10,302118
22300,0.001886,172.31.36.0-255,66,197652,10,302118
22301,0.001897,74.125.68.0-255,5738,203390,10,302118
22302,0.001902,172.31.36.0-255,66,203456,10,302118
22303,0.00193,74.125.68.0-255,5020,208476,10,302118
22304,0.001947,172.31.36.0-255,66,208542,10,302118
22305,0.001957,74.125.68.0-255,1484,210026,10,302118
22306,0.00199,74.125.68.0-255,2902,212928,10,302118
22307,0.001997,74.125.68.0-255,5738,218666,10,302118
22308,0.002001,74.125.68.0-255,2902,221568,10,302118
22309,0.002006,74.125.68.0-255,4320,225888,10,302118
22310,0.002018,172.31.36.0-255,66,225954,10,302118
22311,0.002023,74.125.68.0-255,4320,230274,10,302118
22312,0.002041,74.125.68.0-255,4320,234594,10,302118
22313,0.002047,74.125.68.0-255,5738,240332,10,302118
22314,0.002077,74.125.68.0-255,6438,246770,10,302118
22315,0.002081,172.31.36.0-255,66,246836,10,302118
22316,0.00209,172.31.36.0-255,66,246902,10,302118
22317,0.002097,74.125.68.0-255,1484,248386,10,302118
22318,0.002121,74.125.68.0-255,4320,252706,10,302118
22319,0.002129,74.125.68.0-255,7156,259862,10,302118
22320,0.002159,74.125.68.0-255,5738,265600,10,302118
22321,0.002181,74.125.68.0-255,7156,272756,10,302118
22322,0.002185,172.31.36.0-255,66,272822,10,302118
22323,0.002217,172.31.36.0-255,66,272888,10,302118
22324,0.002224,74.125.68.0-255,766,273654,10,302118
22325,0.002226,74.125.68.0-255,1484,275138,10,302118
22326,0.002257,74.125.68.0-255,7156,282294,10,302118
22327,0.002283,74.125.68.0-255,5738,288032,10,302118
22328,0.002294,74.125.68.0-255,2184,290216,10,302118
22329,0.002301,74.125.68.0-255,5738,295954,10,302118
22330,0.002345,172.31.36.0-255,66,296020,10,302118
22331,0.002362,74.125.68.0-255,1469,297489,10,302118
22332,0.002366,74.125.68.0-255,105,297594,10,302118
22333,0.002384,172.31.36.0-255,66,297660,10,302118
22334,0.004938,172.31.36.0-255,105,297765,10,302118
22335,0.007415,74.125.68.0-255,66,297831,10,302118
22336,0.036106,172.31.36.0-255,172,298003,10,302118
22337,0.03614,172.31.36.0-255,1113,299116,10,302118
22338,0.036205,172.31.36.0-255,1514,300630,10,302118
22339,0.036208,172.31.36.0-255,1290,301920,10,302118
22340,0.037664,104.244.42.0-255,66,301986,10,302118
22341,0.037715,104.244.42.0-255,66,302052,10,302118
22342,0.037794,104.244.42.0-255,66,302118,10,302118
22343,0.0,172.217.194.0-255,300,300,10,349933
22344,3.6e-05,172.31.36.0-255,66,366,10,349933
22345,4.3e-05,172.217.194.0-255,1484,1850,10,349933
22346,4.7e-05,172.31.36.0-255,66,1916,10,349933
22347,5.4e-05,172.217.194.0-255,4320,6236,10,349933
22348,5.7e-05,172.31.36.0-255,66,6302,10,349933
22349,6.2e-05,172.217.194.0-255,2902,9204,10,349933
22350,6.5e-05,172.31.36.0-255,66,9270,10,349933
22351,9.1e-05,172.217.194.0-255,4652,13922,10,349933
22352,9.4e-05,172.31.36.0-255,66,13988,10,349933
22353,0.000224,172.217.194.0-255,1484,15472,10,349933
22354,0.000229,172.31.36.0-255,66,15538,10,349933
22355,0.000235,172.217.194.0-255,2902,18440,10,349933
22356,0.000238,172.31.36.0-255,66,18506,10,349933
22357,0.000244,172.217.194.0-255,5738,24244,10,349933
22358,0.000246,172.31.36.0-255,66,24310,10,349933
22359,0.000272,172.217.194.0-255,6797,31107,10,349933
22360,0.000275,172.31.36.0-255,66,31173,10,349933
22361,0.000278,172.217.194.0-255,1484,32657,10,349933
22362,0.00028,172.31.36.0-255,66,32723,10,349933
22363,0.000298,172.217.194.0-255,5738,38461,10,349933
22364,0.000301,172.31.36.0-255,66,38527,10,349933
22365,0.000316,172.217.194.0-255,5738,44265,10,349933
22366,0.000319,172.31.36.0-255,66,44331,10,349933
22367,0.000338,172.217.194.0-255,3961,48292,10,349933
22368,0.000341,172.31.36.0-255,66,48358,10,349933
22369,0.000614,172.217.194.0-255,1484,49842,10,349933
22370,0.000619,172.31.36.0-255,66,49908,10,349933
22371,0.000625,172.217.194.0-255,2902,52810,10,349933
22372,0.000627,172.217.194.0-255,1484,54294,10,349933
22373,0.00063,172.31.36.0-255,66,54360,10,349933
22374,0.000633,172.31.36.0-255,66,54426,10,349933
22375,0.000648,172.217.194.0-255,1484,55910,10,349933
22376,0.000663,172.217.194.0-255,1484,57394,10,349933
22377,0.000666,172.31.36.0-255,66,57460,10,349933
22378,0.000672,172.217.194.0-255,5738,63198,10,349933
22379,0.000675,172.31.36.0-255,66,63264,10,349933
22380,0.000679,172.217.194.0-255,2543,65807,10,349933
22381,0.000681,172.31.36.0-255,66,65873,10,349933
22382,0.000858,172.217.194.0-255,1484,67357,10,349933
22383,0.000864,172.217.194.0-255,2902,70259,10,349933
22384,0.000868,172.31.36.0-255,66,70325,10,349933
22385,0.000872,172.217.194.0-255,1484,71809,10,349933
22386,0.000891,172.217.194.0-255,4320,76129,10,349933
22387,0.000894,172.31.36.0-255,66,76195,10,349933
22388,0.0009,172.217.194.0-255,5738,81933,10,349933
22389,0.000902,172.31.36.0-255,66,81999,10,349933
22390,0.00092,172.217.194.0-255,7156,89155,10,349933
22391,0.000923,172.31.36.0-255,66,89221,10,349933
22392,0.000934,172.31.36.0-255,66,89287,10,349933
22393,0.000957,172.217.194.0-255,766,90053,10,349933
22394,0.000997,172.217.194.0-255,646,90699,10,349933
22395,0.001158,172.31.36.0-255,66,90765,10,349933
22396,0.001314,172.217.194.0-255,1484,92249,10,349933
22397,0.001324,172.217.194.0-255,2902,95151,10,349933
22398,0.001327,172.31.36.0-255,66,95217,10,349933
22399,0.001335,172.217.194.0-255,5738,100955,10,349933
22400,0.001338,172.31.36.0-255,66,101021,10,349933
22401,0.00137,172.31.36.0-255,66,101087,10,349933
22402,0.001384,172.217.194.0-255,1484,102571,10,349933
22403,0.001397,172.31.36.0-255,66,102637,10,349933
22404,0.00142,172.217.194.0-255,766,103403,10,349933
22405,0.001714,172.31.36.0-255,66,103469,10,349933
22406,0.00344,172.217.194.0-255,4320,107789,10,349933
22407,0.003447,172.31.36.0-255,66,107855,10,349933
22408,0.003761,172.217.194.0-255,1484,109339,10,349933
22409,0.005528,172.217.194.0-255,4320,113659,10,349933
22410,0.005534,172.31.36.0-255,66,113725,10,349933
22411,0.007575,172.217.194.0-255,5738,119463,10,349933
22412,0.00758,172.31.36.0-255,66,119529,10,349933
22413,0.009658,172.217.194.0-255,5738,125267,10,349933
22414,0.009666,172.31.36.0-255,66,125333,10,349933
22415,0.011761,172.217.194.0-255,5738,131071,10,349933
22416,0.011769,172.31.36.0-255,66,131137,10,349933
22417,0.013851,172.217.194.0-255,5738,136875,10,349933
22418,0.01386,172.31.36.0-255,66,136941,10,349933
22419,0.015932,172.217.194.0-255,5738,142679,10,349933
22420,0.015945,172.31.36.0-255,66,142745,10,349933
22421,0.01803,172.217.194.0-255,5738,148483,10,349933
22422,0.018038,172.31.36.0-255,66,148549,10,349933
22423,0.020099,172.217.194.0-255,5738,154287,10,349933
22424,0.020107,172.31.36.0-255,66,154353,10,349933
22425,0.022175,172.217.194.0-255,5738,160091,10,349933
22426,0.022182,172.31.36.0-255,66,160157,10,349933
22427,0.024248,172.217.194.0-255,5738,165895,10,349933
22428,0.024255,172.31.36.0-255,66,165961,10,349933
22429,0.02522,172.31.36.0-255,188,166149,10,349933
22430,0.0253,172.31.36.0-255,956,167105,10,349933
22431,0.025387,172.31.36.0-255,1514,168619,10,349933
22432,0.02539,172.31.36.0-255,1514,170133,10,349933
22433,0.025391,172.31.36.0-255,1514,171647,10,349933
22434,0.025451,172.31.36.0-255,1227,172874,10,349933
22435,0.026316,172.217.194.0-255,5738,178612,10,349933
22436,0.026322,172.31.36.0-255,66,178678,10,349933
22437,0.026816,104.244.42.0-255,66,178744,10,349933
22438,0.026862,104.244.42.0-255,66,178810,10,349933
22439,0.027009,104.244.42.0-255,66,178876,10,349933
22440,0.027015,104.244.42.0-255,66,178942,10,349933
22441,0.028396,172.217.194.0-255,2902,181844,10,349933
22442,0.028402,172.31.36.0-255,66,181910,10,349933
22443,0.028433,172.217.194.0-255,2902,184812,10,349933
22444,0.028436,172.31.36.0-255,66,184878,10,349933
22445,0.030457,172.217.194.0-255,2902,187780,10,349933
22446,0.030463,172.31.36.0-255,66,187846,10,349933
22447,0.030498,172.217.194.0-255,2902,190748,10,349933
22448,0.030501,172.31.36.0-255,66,190814,10,349933
22449,0.032518,172.217.194.0-255,2902,193716,10,349933
22450,0.032525,172.31.36.0-255,66,193782,10,349933
22451,0.032603,172.217.194.0-255,2902,196684,10,349933
22452,0.032608,172.31.36.0-255,66,196750,10,349933
22453,0.032699,172.31.36.0-255,101,196851,10,349933
22454,0.034594,172.217.194.0-255,2902,199753,10,349933
22455,0.0346,172.31.36.0-255,66,199819,10,349933
22456,0.034683,172.217.194.0-255,2902,202721,10,349933
22457,0.034688,172.31.36.0-255,66,202787,10,349933
22458,0.034725,172.217.194.0-255,66,202853,10,349933
22459,0.036659,172.217.194.0-255,2902,205755,10,349933
22460,0.036665,172.31.36.0-255,66,205821,10,349933
22461,0.036794,172.217.194.0-255,2902,208723,10,349933
22462,0.0368,172.31.36.0-255,66,208789,10,349933
22463,0.03874,172.217.194.0-255,1484,210273,10,349933
22464,0.038768,172.217.194.0-255,1484,211757,10,349933
22465,0.038773,172.31.36.0-255,66,211823,10,349933
22466,0.038872,172.217.194.0-255,2902,214725,10,349933
22467,0.038877,172.31.36.0-255,66,214791,10,349933
22468,0.040814,172.217.194.0-255,2902,217693,10,349933
22469,0.040824,172.31.36.0-255,66,217759,10,349933
22470,0.040934,172.217.194.0-255,1484,219243,10,349933
22471,0.040951,172.217.194.0-255,1484,220727,10,349933
22472,0.040956,172.31.36.0-255,66,220793,10,349933
22473,0.042895,172.217.194.0-255,2902,223695,10,349933
22474,0.042901,172.31.36.0-255,66,223761,10,349933
22475,0.043019,172.217.194.0-255,2902,226663,10,349933
22476,0.043025,172.31.36.0-255,66,226729,10,349933
22477,0.044963,172.217.194.0-255,2902,229631,10,349933
22478,0.044968,172.31.36.0-255,66,229697,10,349933
22479,0.04508,172.217.194.0-255,2902,232599,10,349933
22480,0.045084,172.31.36.0-255,66,232665,10,349933
22481,0.047044,172.217.194.0-255,2902,235567,10,349933
22482,0.047049,172.31.36.0-255,66,235633,10,349933
22483,0.047161,172.217.194.0-255,2902,238535,10,349933
22484,0.047166,172.31.36.0-255,66,238601,10,349933
22485,0.049093,172.217.194.0-255,2902,241503,10,349933
22486,0.049098,172.31.36.0-255,66,241569,10,349933
22487,0.049226,172.217.194.0-255,2902,244471,10,349933
22488,0.049231,172.31.36.0-255,66,244537,10,349933
22489,0.051198,172.217.194.0-255,1484,246021,10,349933
22490,0.051295,172.217.194.0-255,4320,250341,10,349933
22491,0.051301,172.31.36.0-255,66,250407,10,349933
22492,0.053357,172.217.194.0-255,5738,256145,10,349933
22493,0.053363,172.31.36.0-255,66,256211,10,349933
22494,0.055437,172.217.194.0-255,5738,261949,10,349933
22495,0.055442,172.31.36.0-255,66,262015,10,349933
22496,0.057504,172.217.194.0-255,5738,267753,10,349933
22497,0.057509,172.31.36.0-255,66,267819,10,349933
22498,0.059599,172.217.194.0-255,4320,272139,10,349933
22499,0.059604,172.31.36.0-255,66,272205,10,349933
22500,0.059634,172.217.194.0-255,1484,273689,10,349933
22501,0.061666,172.217.194.0-255,4320,278009,10,349933
22502,0.061671,172.31.36.0-255,66,278075,10,349933
22503,0.06374,172.217.194.0-255,5738,283813,10,349933
22504,0.063745,172.31.36.0-255,66,283879,10,349933
22505,0.065809,172.217.194.0-255,4320,288199,10,349933
22506,0.065815,172.31.36.0-255,66,288265,10,349933
22507,0.065842,172.217.194.0-255,1484,289749,10,349933
22508,0.067876,172.217.194.0-255,4320,294069,10,349933
22509,0.067881,172.31.36.0-255,66,294135,10,349933
22510,0.069938,172.217.194.0-255,5738,299873,10,349933
22511,0.069942,172.31.36.0-255,66,299939,10,349933
22512,0.072008,172.217.194.0-255,5738,305677,10,349933
22513,0.072013,172.31.36.0-255,66,305743,10,349933
22514,0.074103,172.217.194.0-255,2902,308645,10,349933
22515,0.074108,172.31.36.0-255,66,308711,10,349933
22516,0.07414,172.217.194.0-255,2902,311613,10,349933
22517,0.074143,172.31.36.0-255,66,311679,10,349933
22518,0.076166,172.217.194.0-255,1484,313163,10,349933
22519,0.076224,172.217.194.0-255,4320,317483,10,349933
22520,0.07623,172.31.36.0-255,66,317549,10,349933
22521,0.078294,172.217.194.0-255,5738,323287,10,349933
22522,0.078299,172.31.36.0-255,66,323353,10,349933
22523,0.080352,172.217.194.0-255,4320,327673,10,349933
22524,0.080357,172.31.36.0-255,66,327739,10,349933
22525,0.080388,172.217.194.0-255,1484,329223,10,349933
22526,0.082429,172.217.194.0-255,2902,332125,10,349933
22527,0.082434,172.31.36.0-255,66,332191,10,349933
22528,0.082463,172.217.194.0-255,1484,333675,10,349933
22529,0.084527,172.217.194.0-255,4320,337995,10,349933
22530,0.084533,172.31.36.0-255,66,338061,10,349933
22531,0.086568,172.217.194.0-255,2902,340963,10,349933
22532,0.086574,172.31.36.0-255,66,341029,10,349933
22533,0.086608,172.217.194.0-255,2902,343931,10,349933
22534,0.08661,172.31.36.0-255,66,343997,10,349933
22535,0.088634,172.217.194.0-255,2902,346899,10,349933
22536,0.088639,172.31.36.0-255,66,346965,10,349933
22537,0.08868,172.217.194.0-255,2902,349867,10,349933
22538,0.088683,172.31.36.0-255,66,349933,10,349933
22539,0.0,74.125.24.0-255,153,153,10,218215
22540,3.4e-05,172.31.36.0-255,66,219,10,218215
22541,4.2e-05,74.125.24.0-255,1484,1703,10,218215
22542,4.6e-05,172.31.36.0-255,66,1769,10,218215
22543,5.2e-05,74.125.24.0-255,2902,4671,10,218215
22544,5.4e-05,172.31.36.0-255,66,4737,10,218215
22545,6.1e-05,74.125.24.0-255,7156,11893,10,218215
22546,6.3e-05,172.31.36.0-255,66,11959,10,218215
22547,6.7e-05,74.125.24.0-255,2020,13979,10,218215
22548,6.9e-05,172.31.36.0-255,66,14045,10,218215
22549,0.000107,74.125.24.0-255,4320,18365,10,218215
22550,0.00011,172.31.36.0-255,66,18431,10,218215
22551,0.000139,74.125.24.0-255,7156,25587,10,218215
22552,0.000142,172.31.36.0-255,66,25653,10,218215
22553,0.000154,172.31.36.0-255,66,25719,10,218215
22554,0.000188,74.125.24.0-255,5738,31457,10,218215
22555,0.000191,172.31.36.0-255,66,31523,10,218215
22556,0.00022,172.31.36.0-255,66,31589,10,218215
22557,0.000223,74.125.24.0-255,1484,33073,10,218215
22558,0.000226,172.31.36.0-255,66,33139,10,218215
22559,0.00023,74.125.24.0-255,2902,36041,10,218215
22560,0.000233,172.31.36.0-255,66,36107,10,218215
22561,0.000239,74.125.24.0-255,5738,41845,10,218215
22562,0.000243,172.31.36.0-255,66,41911,10,218215
22563,0.000275,74.125.24.0-255,7152,49063,10,218215
22564,0.000279,172.31.36.0-255,66,49129,10,218215
22565,0.000396,74.125.24.0-255,1484,50613,10,218215
22566,0.0004,172.31.36.0-255,66,50679,10,218215
22567,0.000406,74.125.24.0-255,2902,53581,10,218215
22568,0.000409,172.31.36.0-255,66,53647,10,218215
22569,0.000412,74.125.24.0-255,1484,55131,10,218215
22570,0.000433,74.125.24.0-255,4320,59451,10,218215
22571,0.000436,172.31.36.0-255,66,59517,10,218215
22572,0.000449,172.31.36.0-255,66,59583,10,218215
22573,0.00048,74.125.24.0-255,2902,62485,10,218215
22574,0.000488,172.31.36.0-255,66,62551,10,218215
22575,0.000493,172.31.36.0-255,66,62617,10,218215
22576,0.000532,74.125.24.0-255,1484,64101,10,218215
22577,0.000537,74.125.24.0-255,2902,67003,10,218215
22578,0.000539,172.31.36.0-255,66,67069,10,218215
22579,0.000546,74.125.24.0-255,5738,72807,10,218215
22580,0.000549,172.31.36.0-255,66,72873,10,218215
22581,0.000554,74.125.24.0-255,2902,75775,10,218215
22582,0.000558,172.31.36.0-255,66,75841,10,218215
22583,0.000598,172.31.36.0-255,66,75907,10,218215
22584,0.000604,74.125.24.0-255,5738,81645,10,218215
22585,0.000606,172.31.36.0-255,66,81711,10,218215
22586,0.000621,74.125.24.0-255,5020,86731,10,218215
22587,0.000624,172.31.36.0-255,66,86797,10,218215
22588,0.000651,74.125.24.0-255,5738,92535,10,218215
22589,0.000655,172.31.36.0-255,66,92601,10,218215
22590,0.000666,172.31.36.0-255,66,92667,10,218215
22591,0.000693,74.125.24.0-255,2902,95569,10,218215
22592,0.000696,172.31.36.0-255,66,95635,10,218215
22593,0.000707,172.31.36.0-255,66,95701,10,218215
22594,0.000727,74.125.24.0-255,5738,101439,10,218215
22595,0.000731,172.31.36.0-255,66,101505,10,218215
22596,0.000741,74.125.24.0-255,766,102271,10,218215
22597,0.000927,74.125.24.0-255,1484,103755,10,218215
22598,0.000931,172.31.36.0-255,66,103821,10,218215
22599,0.000936,74.125.24.0-255,2902,106723,10,218215
22600,0.000939,172.31.36.0-255,66,106789,10,218215
22601,0.000957,74.125.24.0-255,5738,112527,10,218215
22602,0.000959,172.31.36.0-255,66,112593,10,218215
22603,0.000995,172.31.36.0-255,66,112659,10,218215
22604,0.001025,74.125.24.0-255,2902,115561,10,218215
22605,0.001028,172.31.36.0-255,66,115627,10,218215
22606,0.001057,172.31.36.0-255,66,115693,10,218215
22607,0.001082,74.125.24.0-255,2902,118595,10,218215
22608,0.001086,172.31.36.0-255,66,118661,10,218215
22609,0.001116,172.31.36.0-255,66,118727,10,218215
22610,0.001129,172.31.36.0-255,66,118793,10,218215
22611,0.001134,74.125.24.0-255,4320,123113,10,218215
22612,0.001136,172.31.36.0-255,66,123179,10,218215
22613,0.001164,74.125.24.0-255,5020,128199,10,218215
22614,0.001172,172.31.36.0-255,66,128265,10,218215
22615,0.001202,74.125.24.0-255,1484,129749,10,218215
22616,0.00122,74.125.24.0-255,2902,132651,10,218215
22617,0.001225,172.31.36.0-255,66,132717,10,218215
22618,0.001231,74.125.24.0-255,5738,138455,10,218215
22619,0.001233,172.31.36.0-255,66,138521,10,218215
22620,0.001271,172.31.36.0-255,66,138587,10,218215
22621,0.001301,172.31.36.0-255,66,138653,10,218215
22622,0.001336,74.125.24.0-255,5738,144391,10,218215
22623,0.00134,172.31.36.0-255,66,144457,10,218215
22624,0.001371,172.31.36.0-255,66,144523,10,218215
22625,0.001433,172.31.36.0-255,66,144589,10,218215
22626,0.001438,74.125.24.0-255,3602,148191,10,218215
22627,0.001442,172.31.36.0-255,66,148257,10,218215
22628,0.001509,74.125.24.0-255,1484,149741,10,218215
22629,0.001515,74.125.24.0-255,2902,152643,10,218215
22630,0.001519,172.31.36.0-255,66,152709,10,218215
22631,0.001533,74.125.24.0-255,4320,157029,10,218215
22632,0.001536,172.31.36.0-255,66,157095,10,218215
22633,0.001556,74.125.24.0-255,1484,158579,10,218215
22634,0.00157,172.31.36.0-255,66,158645,10,218215
22635,0.001605,172.31.36.0-255,66,158711,10,218215
22636,0.001658,74.125.24.0-255,1484,160195,10,218215
22637,0.001665,74.125.24.0-255,2902,163097,10,218215
22638,0.001668,172.31.36.0-255,66,163163,10,218215
22639,0.001673,74.125.24.0-255,2902,166065,10,218215
22640,0.001675,172.31.36.0-255,66,166131,10,218215
22641,0.001693,74.125.24.0-255,2902,169033,10,218215
22642,0.001696,74.125.24.0-255,1484,170517,10,218215
22643,0.001697,172.31.36.0-255,66,170583,10,218215
22644,0.001725,74.125.24.0-255,5738,176321,10,218215
22645,0.001729,172.31.36.0-255,66,176387,10,218215
22646,0.001745,74.125.24.0-255,2184,178571,10,218215
22647,0.001745,172.31.36.0-255,66,178637,10,218215
22648,0.001749,172.31.36.0-255,66,178703,10,218215
22649,0.001798,74.125.24.0-255,1484,180187,10,218215
22650,0.001802,74.125.24.0-255,1484,181671,10,218215
22651,0.001806,172.31.36.0-255,66,181737,10,218215
22652,0.001825,74.125.24.0-255,1484,183221,10,218215
22653,0.001832,74.125.24.0-255,5738,188959,10,218215
22654,0.001836,172.31.36.0-255,66,189025,10,218215
22655,0.001841,74.125.24.0-255,4320,193345,10,218215
22656,0.001843,172.31.36.0-255,66,193411,10,218215
22657,0.001871,74.125.24.0-255,7156,200567,10,218215
22658,0.001874,172.31.36.0-255,66,200633,10,218215
22659,0.001892,74.125.24.0-255,5738,206371,10,218215
22660,0.001894,172.31.36.0-255,66,206437,10,218215
22661,0.001895,74.125.24.0-255,2902,209339,10,218215
22662,0.0019,172.31.36.0-255,66,209405,10,218215
22663,0.001918,74.125.24.0-255,4018,213423,10,218215
22664,0.001922,74.125.24.0-255,97,213520,10,218215
22665,0.001922,172.31.36.0-255,66,213586,10,218215
22666,0.001961,74.125.24.0-255,105,213691,10,218215
22667,0.004564,172.31.36.0-255,66,213757,10,218215
22668,0.004591,172.31.36.0-255,105,213862,10,218215
22669,0.006803,74.125.24.0-255,66,213928,10,218215
22670,0.030922,172.31.36.0-255,172,214100,10,218215
22671,0.030954,172.31.36.0-255,1111,215211,10,218215
22672,0.030999,172.31.36.0-255,1514,216725,10,218215
22673,0.031,172.31.36.0-255,1292,218017,10,218215
22674,0.032512,104.244.42.0-255,66,218083,10,218215
22675,0.03252,104.244.42.0-255,66,218149,10,218215
22676,0.032538,104.244.42.0-255,66,218215,10,218215
22677,0.0,74.125.24.0-255,153,153,10,325626
22678,2.1e-05,172.31.36.0-255,66,219,10,325626
22679,2.8e-05,74.125.24.0-255,1484,1703,10,325626
22680,3.3e-05,172.31.36.0-255,66,1769,10,325626
22681,4.7e-05,74.125.24.0-255,2902,4671,10,325626
22682,4.9e-05,172.31.36.0-255,66,4737,10,325626
22683,5.7e-05,74.125.24.0-255,7156,11893,10,325626
22684,6e-05,172.31.36.0-255,66,11959,10,325626
22685,7.4e-05,172.31.36.0-255,66,12025,10,325626
22686,0.0001,74.125.24.0-255,2056,14081,10,325626
22687,0.000103,172.31.36.0-255,66,14147,10,325626
22688,0.000155,74.125.24.0-255,3961,18108,10,325626
22689,0.000158,172.31.36.0-255,66,18174,10,325626
22690,0.000197,74.125.24.0-255,1484,19658,10,325626
22691,0.000199,172.31.36.0-255,66,19724,10,325626
22692,0.000234,74.125.24.0-255,2902,22626,10,325626
22693,0.000236,172.31.36.0-255,66,22692,10,325626
22694,0.000242,74.125.24.0-255,5738,28430,10,325626
22695,0.000244,172.31.36.0-255,66,28496,10,325626
22696,0.000284,172.31.36.0-255,66,28562,10,325626
22697,0.00033,74.125.24.0-255,4320,32882,10,325626
22698,0.000333,172.31.36.0-255,66,32948,10,325626
22699,0.000361,74.125.24.0-255,7156,40104,10,325626
22700,0.000363,172.31.36.0-255,66,40170,10,325626
22701,0.000394,74.125.24.0-255,1401,41571,10,325626
22702,0.000396,172.31.36.0-255,66,41637,10,325626
22703,0.000399,74.125.24.0-255,132,41769,10,325626
22704,0.0004,172.31.36.0-255,66,41835,10,325626
22705,0.000436,74.125.24.0-255,2902,44737,10,325626
22706,0.000439,172.31.36.0-255,66,44803,10,325626
22707,0.000444,74.125.24.0-255,2902,47705,10,325626
22708,0.000446,172.31.36.0-255,66,47771,10,325626
22709,0.000465,74.125.24.0-255,2902,50673,10,325626
22710,0.000467,172.31.36.0-255,66,50739,10,325626
22711,0.000491,74.125.24.0-255,4320,55059,10,325626
22712,0.000493,172.31.36.0-255,66,55125,10,325626
22713,0.000537,172.31.36.0-255,66,55191,10,325626
22714,0.00062,74.125.24.0-255,4241,59432,10,325626
22715,0.000624,172.31.36.0-255,66,59498,10,325626
22716,0.001656,74.125.24.0-255,1484,60982,10,325626
22717,0.001669,74.125.24.0-255,2902,63884,10,325626
22718,0.001673,172.31.36.0-255,66,63950,10,325626
22719,0.001682,74.125.24.0-255,5738,69688,10,325626
22720,0.001684,172.31.36.0-255,66,69754,10,325626
22721,0.00173,172.31.36.0-255,66,69820,10,325626
22722,0.001794,74.125.24.0-255,2902,72722,10,325626
22723,0.001797,172.31.36.0-255,66,72788,10,325626
22724,0.001833,172.31.36.0-255,66,72854,10,325626
22725,0.002004,74.125.24.0-255,1484,74338,10,325626
22726,0.002011,74.125.24.0-255,2902,77240,10,325626
22727,0.002015,172.31.36.0-255,66,77306,10,325626
22728,0.002021,74.125.24.0-255,2902,80208,10,325626
22729,0.002023,172.31.36.0-255,66,80274,10,325626
22730,0.002048,74.125.24.0-255,2902,83176,10,325626
22731,0.002051,172.31.36.0-255,66,83242,10,325626
22732,0.002069,172.31.36.0-255,66,83308,10,325626
22733,0.002157,172.31.36.0-255,66,83374,10,325626
22734,0.004248,74.125.24.0-255,5738,89112,10,325626
22735,0.004255,172.31.36.0-255,66,89178,10,325626
22736,0.006362,74.125.24.0-255,5738,94916,10,325626
22737,0.006366,172.31.36.0-255,66,94982,10,325626
22738,0.008492,74.125.24.0-255,5738,100720,10,325626
22739,0.008499,172.31.36.0-255,66,100786,10,325626
22740,0.010619,74.125.24.0-255,5738,106524,10,325626
22741,0.010631,172.31.36.0-255,66,106590,10,325626
22742,0.012719,74.125.24.0-255,5738,112328,10,325626
22743,0.012729,172.31.36.0-255,66,112394,10,325626
22744,0.014824,74.125.24.0-255,5738,118132,10,325626
22745,0.014839,172.31.36.0-255,66,118198,10,325626
22746,0.016944,74.125.24.0-255,5738,123936,10,325626
22747,0.016956,172.31.36.0-255,66,124002,10,325626
22748,0.019046,74.125.24.0-255,5738,129740,10,325626
22749,0.019052,172.31.36.0-255,66,129806,10,325626
22750,0.021164,74.125.24.0-255,5738,135544,10,325626
22751,0.021173,172.31.36.0-255,66,135610,10,325626
22752,0.023278,74.125.24.0-255,5738,141348,10,325626
22753,0.023285,172.31.36.0-255,66,141414,10,325626
22754,0.025393,74.125.24.0-255,5738,147152,10,325626
22755,0.0254,172.31.36.0-255,66,147218,10,325626
22756,0.027498,74.125.24.0-255,5738,152956,10,325626
22757,0.027505,172.31.36.0-255,66,153022,10,325626
22758,0.028702,172.31.36.0-255,171,153193,10,325626
22759,0.028733,172.31.36.0-255,1112,154305,10,325626
22760,0.028794,172.31.36.0-255,1514,155819,10,325626
22761,0.028795,172.31.36.0-255,1293,157112,10,325626
22762,0.029627,74.125.24.0-255,5738,162850,10,325626
22763,0.029635,172.31.36.0-255,66,162916,10,325626
22764,0.030189,104.244.42.0-255,66,162982,10,325626
22765,0.030212,104.244.42.0-255,66,163048,10,325626
22766,0.030287,104.244.42.0-255,66,163114,10,325626
22767,0.031746,74.125.24.0-255,5738,168852,10,325626
22768,0.031751,172.31.36.0-255,66,168918,10,325626
22769,0.033856,74.125.24.0-255,5738,174656,10,325626
22770,0.033872,172.31.36.0-255,66,174722,10,325626
22771,0.036053,74.125.24.0-255,5738,180460,10,325626
22772,0.036071,172.31.36.0-255,66,180526,10,325626
22773,0.038197,74.125.24.0-255,5738,186264,10,325626
22774,0.038216,172.31.36.0-255,66,186330,10,325626
22775,0.040368,74.125.24.0-255,5738,192068,10,325626
22776,0.040383,172.31.36.0-255,66,192134,10,325626
22777,0.042475,74.125.24.0-255,5738,197872,10,325626
22778,0.042481,172.31.36.0-255,66,197938,10,325626
22779,0.044589,74.125.24.0-255,5738,203676,10,325626
22780,0.044596,172.31.36.0-255,66,203742,10,325626
22781,0.04669,74.125.24.0-255,5738,209480,10,325626
22782,0.046696,172.31.36.0-255,66,209546,10,325626
22783,0.048767,74.125.24.0-255,5738,215284,10,325626
22784,0.048773,172.31.36.0-255,66,215350,10,325626
22785,0.050845,74.125.24.0-255,5738,221088,10,325626
22786,0.050851,172.31.36.0-255,66,221154,10,325626
22787,0.052944,74.125.24.0-255,5738,226892,10,325626
22788,0.052953,172.31.36.0-255,66,226958,10,325626
22789,0.055057,74.125.24.0-255,5738,232696,10,325626
22790,0.055064,172.31.36.0-255,66,232762,10,325626
22791,0.057201,74.125.24.0-255,5738,238500,10,325626
22792,0.057207,172.31.36.0-255,66,238566,10,325626
22793,0.059308,74.125.24.0-255,5738,244304,10,325626
22794,0.059315,172.31.36.0-255,66,244370,10,325626
22795,0.061421,74.125.24.0-255,5738,250108,10,325626
22796,0.061428,172.31.36.0-255,66,250174,10,325626
22797,0.063535,74.125.24.0-255,5738,255912,10,325626
22798,0.063542,172.31.36.0-255,66,255978,10,325626
22799,0.065637,74.125.24.0-255,5738,261716,10,325626
22800,0.065643,172.31.36.0-255,66,261782,10,325626
22801,0.067748,74.125.24.0-255,5738,267520,10,325626
22802,0.067756,172.31.36.0-255,66,267586,10,325626
22803,0.06991,74.125.24.0-255,5738,273324,10,325626
22804,0.06992,172.31.36.0-255,66,273390,10,325626
22805,0.072052,74.125.24.0-255,5738,279128,10,325626
22806,0.072058,172.31.36.0-255,66,279194,10,325626
22807,0.07417,74.125.24.0-255,5738,284932,10,325626
22808,0.074177,172.31.36.0-255,66,284998,10,325626
22809,0.076325,74.125.24.0-255,5738,290736,10,325626
22810,0.076331,172.31.36.0-255,66,290802,10,325626
22811,0.078446,74.125.24.0-255,5738,296540,10,325626
22812,0.078453,172.31.36.0-255,66,296606,10,325626
22813,0.080577,74.125.24.0-255,5738,302344,10,325626
22814,0.080584,172.31.36.0-255,66,302410,10,325626
22815,0.082697,74.125.24.0-255,5738,308148,10,325626
22816,0.082706,172.31.36.0-255,66,308214,10,325626
22817,0.084827,74.125.24.0-255,5738,313952,10,325626
22818,0.084841,172.31.36.0-255,66,314018,10,325626
22819,0.086974,74.125.24.0-255,5738,319756,10,325626
22820,0.086989,172.31.36.0-255,66,319822,10,325626
22821,0.089092,74.125.24.0-255,5738,325560,10,325626
22822,0.0891,172.31.36.0-255,66,325626,10,325626
22823,0.0,172.217.194.0-255,145,145,10,316147
22824,2.3e-05,172.31.36.0-255,66,211,10,316147
22825,3.1e-05,172.217.194.0-255,1484,1695,10,316147
22826,3.6e-05,172.31.36.0-255,66,1761,10,316147
22827,4.1e-05,172.217.194.0-255,2902,4663,10,316147
22828,4.4e-05,172.31.36.0-255,66,4729,10,316147
22829,4.8e-05,172.217.194.0-255,1484,6213,10,316147
22830,5.1e-05,172.31.36.0-255,66,6279,10,316147
22831,8.5e-05,172.217.194.0-255,5738,12017,10,316147
22832,8.8e-05,172.31.36.0-255,66,12083,10,316147
22833,9.3e-05,172.217.194.0-255,2085,14168,10,316147
22834,9.6e-05,172.31.36.0-255,66,14234,10,316147
22835,0.00013,172.217.194.0-255,1484,15718,10,316147
22836,0.000133,172.31.36.0-255,66,15784,10,316147
22837,0.000138,172.217.194.0-255,2902,18686,10,316147
22838,0.00014,172.31.36.0-255,66,18752,10,316147
22839,0.000143,172.217.194.0-255,1484,20236,10,316147
22840,0.000145,172.31.36.0-255,66,20302,10,316147
22841,0.000163,172.217.194.0-255,4320,24622,10,316147
22842,0.000166,172.31.36.0-255,66,24688,10,316147
22843,0.000171,172.217.194.0-255,4320,29008,10,316147
22844,0.000173,172.31.36.0-255,66,29074,10,316147
22845,0.000224,172.31.36.0-255,66,29140,10,316147
22846,0.000242,172.217.194.0-255,1125,30265,10,316147
22847,0.000245,172.31.36.0-255,66,30331,10,316147
22848,0.000251,172.217.194.0-255,6797,37128,10,316147
22849,0.000254,172.31.36.0-255,66,37194,10,316147
22850,0.000309,172.217.194.0-255,1484,38678,10,316147
22851,0.000313,172.31.36.0-255,66,38744,10,316147
22852,0.000317,172.217.194.0-255,2902,41646,10,316147
22853,0.000319,172.31.36.0-255,66,41712,10,316147
22854,0.000368,172.217.194.0-255,5738,47450,10,316147
22855,0.000371,172.31.36.0-255,66,47516,10,316147
22856,0.000376,172.217.194.0-255,2902,50418,10,316147
22857,0.000378,172.31.36.0-255,66,50484,10,316147
22858,0.000395,172.217.194.0-255,4257,54741,10,316147
22859,0.000398,172.31.36.0-255,66,54807,10,316147
22860,0.001277,172.217.194.0-255,381,55188,10,316147
22861,0.001306,172.217.194.0-255,1484,56672,10,316147
22862,0.00131,172.31.36.0-255,66,56738,10,316147
22863,0.001318,172.217.194.0-255,4320,61058,10,316147
22864,0.00132,172.31.36.0-255,66,61124,10,316147
22865,0.001345,172.31.36.0-255,66,61190,10,316147
22866,0.00137,172.217.194.0-255,1484,62674,10,316147
22867,0.001381,172.31.36.0-255,66,62740,10,316147
22868,0.001396,172.217.194.0-255,4320,67060,10,316147
22869,0.001398,172.31.36.0-255,66,67126,10,316147
22870,0.001426,172.217.194.0-255,5020,72146,10,316147
22871,0.001428,172.31.36.0-255,66,72212,10,316147
22872,0.002057,172.217.194.0-255,1484,73696,10,316147
22873,0.002066,172.217.194.0-255,2902,76598,10,316147
22874,0.00207,172.31.36.0-255,66,76664,10,316147
22875,0.002078,172.217.194.0-255,5738,82402,10,316147
22876,0.00208,172.31.36.0-255,66,82468,10,316147
22877,0.002101,172.217.194.0-255,5738,88206,10,316147
22878,0.002103,172.31.36.0-255,66,88272,10,316147
22879,0.002136,172.217.194.0-255,7156,95428,10,316147
22880,0.002138,172.31.36.0-255,66,95494,10,316147
22881,0.002148,172.31.36.0-255,66,95560,10,316147
22882,0.002169,172.217.194.0-255,2184,97744,10,316147
22883,0.002173,172.31.36.0-255,66,97810,10,316147
22884,0.004465,172.217.194.0-255,2902,100712,10,316147
22885,0.00447,172.31.36.0-255,66,100778,10,316147
22886,0.004502,172.217.194.0-255,2902,103680,10,316147
22887,0.004505,172.31.36.0-255,66,103746,10,316147
22888,0.006782,172.217.194.0-255,2902,106648,10,316147
22889,0.006788,172.31.36.0-255,66,106714,10,316147
22890,0.006811,172.217.194.0-255,2902,109616,10,316147
22891,0.006814,172.31.36.0-255,66,109682,10,316147
22892,0.009164,172.217.194.0-255,5738,115420,10,316147
22893,0.009171,172.31.36.0-255,66,115486,10,316147
22894,0.011514,172.217.194.0-255,5738,121224,10,316147
22895,0.011522,172.31.36.0-255,66,121290,10,316147
22896,0.013872,172.217.194.0-255,5738,127028,10,316147
22897,0.01388,172.31.36.0-255,66,127094,10,316147
22898,0.01621,172.217.194.0-255,5738,132832,10,316147
22899,0.016219,172.31.36.0-255,66,132898,10,316147
22900,0.018576,172.217.194.0-255,5738,138636,10,316147
22901,0.018583,172.31.36.0-255,66,138702,10,316147
22902,0.020918,172.217.194.0-255,5738,144440,10,316147
22903,0.020926,172.31.36.0-255,66,144506,10,316147
22904,0.022291,172.31.36.0-255,172,144678,10,316147
22905,0.022321,172.31.36.0-255,1110,145788,10,316147
22906,0.022381,172.31.36.0-255,1514,147302,10,316147
22907,0.022382,172.31.36.0-255,331,147633,10,316147
22908,0.023285,172.217.194.0-255,5738,153371,10,316147
22909,0.023292,172.31.36.0-255,66,153437,10,316147
22910,0.023828,104.244.42.0-255,66,153503,10,316147
22911,0.023857,104.244.42.0-255,66,153569,10,316147
22912,0.023963,104.244.42.0-255,66,153635,10,316147
22913,0.025673,172.217.194.0-255,5738,159373,10,316147
22914,0.025678,172.31.36.0-255,66,159439,10,316147
22915,0.02806,172.217.194.0-255,5738,165177,10,316147
22916,0.028067,172.31.36.0-255,66,165243,10,316147
22917,0.030394,172.217.194.0-255,5738,170981,10,316147
22918,0.030403,172.31.36.0-255,66,171047,10,316147
22919,0.032742,172.217.194.0-255,5738,176785,10,316147
22920,0.032753,172.31.36.0-255,66,176851,10,316147
22921,0.035113,172.217.194.0-255,5738,182589,10,316147
22922,0.035127,172.31.36.0-255,66,182655,10,316147
22923,0.037489,172.217.194.0-255,5738,188393,10,316147
22924,0.037499,172.31.36.0-255,66,188459,10,316147
22925,0.039846,172.217.194.0-255,5738,194197,10,316147
22926,0.039853,172.31.36.0-255,66,194263,10,316147
22927,0.042192,172.217.194.0-255,5738,200001,10,316147
22928,0.042203,172.31.36.0-255,66,200067,10,316147
22929,0.044549,172.217.194.0-255,5738,205805,10,316147
22930,0.044555,172.31.36.0-255,66,205871,10,316147
22931,0.046883,172.217.194.0-255,5738,211609,10,316147
22932,0.04689,172.31.36.0-255,66,211675,10,316147
22933,0.049215,172.217.194.0-255,5738,217413,10,316147
22934,0.049222,172.31.36.0-255,66,217479,10,316147
22935,0.051575,172.217.194.0-255,5738,223217,10,316147
22936,0.051587,172.31.36.0-255,66,223283,10,316147
22937,0.053938,172.217.194.0-255,5738,229021,10,316147
22938,0.053947,172.31.36.0-255,66,229087,10,316147
22939,0.056281,172.217.194.0-255,5738,234825,10,316147
22940,0.056287,172.31.36.0-255,66,234891,10,316147
22941,0.058641,172.217.194.0-255,5738,240629,10,316147
22942,0.058648,172.31.36.0-255,66,240695,10,316147
22943,0.061015,172.217.194.0-255,5738,246433,10,316147
22944,0.061022,172.31.36.0-255,66,246499,10,316147
22945,0.06335,172.217.194.0-255,5738,252237,10,316147
22946,0.063356,172.31.36.0-255,66,252303,10,316147
22947,0.065702,172.217.194.0-255,5738,258041,10,316147
22948,0.065709,172.31.36.0-255,66,258107,10,316147
22949,0.068077,172.217.194.0-255,5738,263845,10,316147
22950,0.068085,172.31.36.0-255,66,263911,10,316147
22951,0.070427,172.217.194.0-255,5738,269649,10,316147
22952,0.070433,172.31.36.0-255,66,269715,10,316147
22953,0.072784,172.217.194.0-255,5738,275453,10,316147
22954,0.07279,172.31.36.0-255,66,275519,10,316147
22955,0.075159,172.217.194.0-255,5738,281257,10,316147
22956,0.075166,172.31.36.0-255,66,281323,10,316147
22957,0.077531,172.217.194.0-255,5738,287061,10,316147
22958,0.077537,172.31.36.0-255,66,287127,10,316147
22959,0.079876,172.217.194.0-255,5738,292865,10,316147
22960,0.079882,172.31.36.0-255,66,292931,10,316147
22961,0.082223,172.217.194.0-255,5738,298669,10,316147
22962,0.08223,172.31.36.0-255,66,298735,10,316147
22963,0.084592,172.217.194.0-255,5738,304473,10,316147
22964,0.084599,172.31.36.0-255,66,304539,10,316147
22965,0.086937,172.217.194.0-255,5738,310277,10,316147
22966,0.086945,172.31.36.0-255,66,310343,10,316147
22967,0.089281,172.217.194.0-255,5738,316081,10,316147
22968,0.089288,172.31.36.0-255,66,316147,10,316147
22969,0.0,172.253.118.0-255,145,145,10,355669
22970,3.2e-05,172.31.36.0-255,66,211,10,355669
22971,4.1e-05,172.253.118.0-255,1484,1695,10,355669
22972,4.6e-05,172.31.36.0-255,66,1761,10,355669
22973,5.1e-05,172.253.118.0-255,2902,4663,10,355669
22974,5.4e-05,172.31.36.0-255,66,4729,10,355669
22975,6.1e-05,172.253.118.0-255,7156,11885,10,355669
22976,6.3e-05,172.31.36.0-255,66,11951,10,355669
22977,0.000102,172.31.36.0-255,66,12017,10,355669
22978,0.000136,172.31.36.0-255,66,12083,10,355669
22979,0.000953,172.253.118.0-255,1484,13567,10,355669
22980,0.00096,172.31.36.0-255,66,13633,10,355669
22981,0.000969,172.253.118.0-255,2902,16535,10,355669
22982,0.000971,172.31.36.0-255,66,16601,10,355669
22983,0.000975,172.253.118.0-255,1484,18085,10,355669
22984,0.000976,172.31.36.0-255,66,18151,10,355669
22985,0.001001,172.253.118.0-255,4320,22471,10,355669
22986,0.001004,172.31.36.0-255,66,22537,10,355669
22987,0.001007,172.253.118.0-255,1484,24021,10,355669
22988,0.001008,172.31.36.0-255,66,24087,10,355669
22989,0.001014,172.253.118.0-255,2902,26989,10,355669
22990,0.001016,172.31.36.0-255,66,27055,10,355669
22991,0.001036,172.253.118.0-255,1484,28539,10,355669
22992,0.001039,172.31.36.0-255,66,28605,10,355669
22993,0.001059,172.253.118.0-255,5379,33984,10,355669
22994,0.001061,172.31.36.0-255,66,34050,10,355669
22995,0.00107,172.253.118.0-255,7156,41206,10,355669
22996,0.001072,172.31.36.0-255,66,41272,10,355669
22997,0.001117,172.253.118.0-255,4320,45592,10,355669
22998,0.00112,172.31.36.0-255,66,45658,10,355669
22999,0.001131,172.253.118.0-255,1433,47091,10,355669
23000,0.001473,172.253.118.0-255,113,47204,10,355669
23001,0.001506,172.253.118.0-255,1484,48688,10,355669
23002,0.001508,172.31.36.0-255,66,48754,10,355669
23003,0.001519,172.253.118.0-255,1484,50238,10,355669
23004,0.001533,172.253.118.0-255,1484,51722,10,355669
23005,0.001535,172.31.36.0-255,66,51788,10,355669
23006,0.001542,172.253.118.0-255,5738,57526,10,355669
23007,0.001545,172.31.36.0-255,66,57592,10,355669
23008,0.00156,172.253.118.0-255,1484,59076,10,355669
23009,0.001596,172.253.118.0-255,4320,63396,10,355669
23010,0.001599,172.31.36.0-255,66,63462,10,355669
23011,0.001615,172.253.118.0-255,2902,66364,10,355669
23012,0.001617,172.31.36.0-255,66,66430,10,355669
23013,0.001631,172.253.118.0-255,4320,70750,10,355669
23014,0.001633,172.31.36.0-255,66,70816,10,355669
23015,0.001654,172.253.118.0-255,7156,77972,10,355669
23016,0.001657,172.31.36.0-255,66,78038,10,355669
23017,0.001678,172.253.118.0-255,3602,81640,10,355669
23018,0.00168,172.31.36.0-255,66,81706,10,355669
23019,0.001959,172.253.118.0-255,1484,83190,10,355669
23020,0.001963,172.253.118.0-255,1484,84674,10,355669
23021,0.001965,172.31.36.0-255,66,84740,10,355669
23022,0.001982,172.253.118.0-255,1484,86224,10,355669
23023,0.001996,172.253.118.0-255,1484,87708,10,355669
23024,0.001998,172.31.36.0-255,66,87774,10,355669
23025,0.002013,172.253.118.0-255,4320,92094,10,355669
23026,0.002015,172.31.36.0-255,66,92160,10,355669
23027,0.002019,172.253.118.0-255,2902,95062,10,355669
23028,0.002022,172.31.36.0-255,66,95128,10,355669
23029,0.002028,172.253.118.0-255,5738,100866,10,355669
23030,0.00203,172.31.36.0-255,66,100932,10,355669
23031,0.002051,172.253.118.0-255,4320,105252,10,355669
23032,0.002053,172.31.36.0-255,66,105318,10,355669
23033,0.002073,172.253.118.0-255,7156,112474,10,355669
23034,0.002075,172.31.36.0-255,66,112540,10,355669
23035,0.002097,172.253.118.0-255,3602,116142,10,355669
23036,0.002099,172.31.36.0-255,66,116208,10,355669
23037,0.00217,172.253.118.0-255,1484,117692,10,355669
23038,0.002174,172.253.118.0-255,2902,120594,10,355669
23039,0.002176,172.31.36.0-255,66,120660,10,355669
23040,0.002192,172.253.118.0-255,4320,124980,10,355669
23041,0.002194,172.31.36.0-255,66,125046,10,355669
23042,0.002217,172.253.118.0-255,1484,126530,10,355669
23043,0.002228,172.31.36.0-255,66,126596,10,355669
23044,0.002234,172.253.118.0-255,5738,132334,10,355669
23045,0.002236,172.31.36.0-255,66,132400,10,355669
23046,0.002264,172.253.118.0-255,5738,138138,10,355669
23047,0.002266,172.31.36.0-255,66,138204,10,355669
23048,0.00227,172.253.118.0-255,2184,140388,10,355669
23049,0.002273,172.31.36.0-255,66,140454,10,355669
23050,0.004595,172.253.118.0-255,2902,143356,10,355669
23051,0.0046,172.31.36.0-255,66,143422,10,355669
23052,0.004611,172.253.118.0-255,2902,146324,10,355669
23053,0.004614,172.31.36.0-255,66,146390,10,355669
23054,0.006933,172.253.118.0-255,4320,150710,10,355669
23055,0.00694,172.31.36.0-255,66,150776,10,355669
23056,0.006961,172.253.118.0-255,1484,152260,10,355669
23057,0.009275,172.253.118.0-255,4320,156580,10,355669
23058,0.009283,172.31.36.0-255,66,156646,10,355669
23059,0.011637,172.253.118.0-255,5738,162384,10,355669
23060,0.011646,172.31.36.0-255,66,162450,10,355669
23061,0.013983,172.253.118.0-255,5738,168188,10,355669
23062,0.013993,172.31.36.0-255,66,168254,10,355669
23063,0.016326,172.253.118.0-255,5738,173992,10,355669
23064,0.016335,172.31.36.0-255,66,174058,10,355669
23065,0.01869,172.253.118.0-255,5738,179796,10,355669
23066,0.018697,172.31.36.0-255,66,179862,10,355669
23067,0.02104,172.253.118.0-255,5738,185600,10,355669
23068,0.021049,172.31.36.0-255,66,185666,10,355669
23069,0.023384,172.253.118.0-255,5738,191404,10,355669
23070,0.023391,172.31.36.0-255,66,191470,10,355669
23071,0.023753,172.31.36.0-255,176,191646,10,355669
23072,0.023797,172.31.36.0-255,1111,192757,10,355669
23073,0.023929,172.31.36.0-255,1514,194271,10,355669
23074,0.023931,172.31.36.0-255,1292,195563,10,355669
23075,0.025302,104.244.42.0-255,66,195629,10,355669
23076,0.025342,104.244.42.0-255,66,195695,10,355669
23077,0.025494,104.244.42.0-255,66,195761,10,355669
23078,0.025721,172.253.118.0-255,2902,198663,10,355669
23079,0.025726,172.31.36.0-255,66,198729,10,355669
23080,0.025757,172.253.118.0-255,2902,201631,10,355669
23081,0.02576,172.31.36.0-255,66,201697,10,355669
23082,0.02806,172.253.118.0-255,2902,204599,10,355669
23083,0.028065,172.31.36.0-255,66,204665,10,355669
23084,0.028088,172.253.118.0-255,2902,207567,10,355669
23085,0.028092,172.31.36.0-255,66,207633,10,355669
23086,0.030412,172.253.118.0-255,5738,213371,10,355669
23087,0.030417,172.31.36.0-255,66,213437,10,355669
23088,0.032764,172.253.118.0-255,5738,219175,10,355669
23089,0.032769,172.31.36.0-255,66,219241,10,355669
23090,0.035112,172.253.118.0-255,4320,223561,10,355669
23091,0.035118,172.31.36.0-255,66,223627,10,355669
23092,0.035136,172.253.118.0-255,1484,225111,10,355669
23093,0.037444,172.253.118.0-255,4320,229431,10,355669
23094,0.037449,172.31.36.0-255,66,229497,10,355669
23095,0.039803,172.253.118.0-255,4320,233817,10,355669
23096,0.039808,172.31.36.0-255,66,233883,10,355669
23097,0.039841,172.253.118.0-255,1484,235367,10,355669
23098,0.042152,172.253.118.0-255,4320,239687,10,355669
23099,0.042157,172.31.36.0-255,66,239753,10,355669
23100,0.04455,172.253.118.0-255,5738,245491,10,355669
23101,0.044557,172.31.36.0-255,66,245557,10,355669
23102,0.046891,172.253.118.0-255,4320,249877,10,355669
23103,0.046895,172.31.36.0-255,66,249943,10,355669
23104,0.046921,172.253.118.0-255,1484,251427,10,355669
23105,0.049228,172.253.118.0-255,4320,255747,10,355669
23106,0.049233,172.31.36.0-255,66,255813,10,355669
23107,0.051565,172.253.118.0-255,5738,261551,10,355669
23108,0.05157,172.31.36.0-255,66,261617,10,355669
23109,0.05391,172.253.118.0-255,5738,267355,10,355669
23110,0.053915,172.31.36.0-255,66,267421,10,355669
23111,0.056246,172.253.118.0-255,5738,273159,10,355669
23112,0.056251,172.31.36.0-255,66,273225,10,355669
23113,0.058593,172.253.118.0-255,5738,278963,10,355669
23114,0.058598,172.31.36.0-255,66,279029,10,355669
23115,0.060935,172.253.118.0-255,5738,284767,10,355669
23116,0.06094,172.31.36.0-255,66,284833,10,355669
23117,0.063279,172.253.118.0-255,5738,290571,10,355669
23118,0.063285,172.31.36.0-255,66,290637,10,355669
23119,0.065623,172.253.118.0-255,5738,296375,10,355669
23120,0.065628,172.31.36.0-255,66,296441,10,355669
23121,0.067957,172.253.118.0-255,2902,299343,10,355669
23122,0.067962,172.31.36.0-255,66,299409,10,355669
23123,0.067993,172.253.118.0-255,2902,302311,10,355669
23124,0.067997,172.31.36.0-255,66,302377,10,355669
23125,0.070287,172.253.118.0-255,2902,305279,10,355669
23126,0.070293,172.31.36.0-255,66,305345,10,355669
23127,0.070335,172.253.118.0-255,2902,308247,10,355669
23128,0.070339,172.31.36.0-255,66,308313,10,355669
23129,0.072639,172.253.118.0-255,2902,311215,10,355669
23130,0.072645,172.31.36.0-255,66,311281,10,355669
23131,0.072679,172.253.118.0-255,2902,314183,10,355669
23132,0.072682,172.31.36.0-255,66,314249,10,355669
23133,0.074986,172.253.118.0-255,2902,317151,10,355669
23134,0.07499,172.31.36.0-255,66,317217,10,355669
23135,0.075025,172.253.118.0-255,2902,320119,10,355669
23136,0.075028,172.31.36.0-255,66,320185,10,355669
23137,0.077322,172.253.118.0-255,2902,323087,10,355669
23138,0.077327,172.31.36.0-255,66,323153,10,355669
23139,0.07736,172.253.118.0-255,2902,326055,10,355669
23140,0.077363,172.31.36.0-255,66,326121,10,355669
23141,0.079665,172.253.118.0-255,2902,329023,10,355669
23142,0.07967,172.31.36.0-255,66,329089,10,355669
23143,0.079709,172.253.118.0-255,2902,331991,10,355669
23144,0.079712,172.31.36.0-255,66,332057,10,355669
23145,0.08201,172.253.118.0-255,2902,334959,10,355669
23146,0.082016,172.31.36.0-255,66,335025,10,355669
23147,0.082046,172.253.118.0-255,2902,337927,10,355669
23148,0.082049,172.31.36.0-255,66,337993,10,355669
23149,0.084361,172.253.118.0-255,2902,340895,10,355669
23150,0.084366,172.31.36.0-255,66,340961,10,355669
23151,0.084396,172.253.118.0-255,2902,343863,10,355669
23152,0.084398,172.31.36.0-255,66,343929,10,355669
23153,0.086701,172.253.118.0-255,2902,346831,10,355669
23154,0.086721,172.31.36.0-255,66,346897,10,355669
23155,0.08674,172.253.118.0-255,2902,349799,10,355669
23156,0.086744,172.31.36.0-255,66,349865,10,355669
23157,0.089063,172.253.118.0-255,5738,355603,10,355669
23158,0.089068,172.31.36.0-255,66,355669,10,355669
23159,0.0,74.125.68.0-255,142,142,10,315008
23160,2.6e-05,172.31.36.0-255,66,208,10,315008
23161,3.3e-05,74.125.68.0-255,1484,1692,10,315008
23162,3.8e-05,172.31.36.0-255,66,1758,10,315008
23163,4.3e-05,74.125.68.0-255,2902,4660,10,315008
23164,4.5e-05,172.31.36.0-255,66,4726,10,315008
23165,4.8e-05,74.125.68.0-255,1484,6210,10,315008
23166,5.1e-05,172.31.36.0-255,66,6276,10,315008
23167,8e-05,74.125.68.0-255,4320,10596,10,315008
23168,8.2e-05,172.31.36.0-255,66,10662,10,315008
23169,8.7e-05,74.125.68.0-255,3422,14084,10,315008
23170,8.9e-05,172.31.36.0-255,66,14150,10,315008
23171,0.000132,74.125.68.0-255,1484,15634,10,315008
23172,0.000134,172.31.36.0-255,66,15700,10,315008
23173,0.00014,74.125.68.0-255,2902,18602,10,315008
23174,0.000142,172.31.36.0-255,66,18668,10,315008
23175,0.000145,74.125.68.0-255,1484,20152,10,315008
23176,0.000147,172.31.36.0-255,66,20218,10,315008
23177,0.000171,74.125.68.0-255,4320,24538,10,315008
23178,0.000174,172.31.36.0-255,66,24604,10,315008
23179,0.000183,74.125.68.0-255,6797,31401,10,315008
23180,0.000187,172.31.36.0-255,66,31467,10,315008
23181,0.00023,74.125.68.0-255,1484,32951,10,315008
23182,0.000233,172.31.36.0-255,66,33017,10,315008
23183,0.000236,74.125.68.0-255,1484,34501,10,315008
23184,0.000238,172.31.36.0-255,66,34567,10,315008
23185,0.000252,74.125.68.0-255,1484,36051,10,315008
23186,0.000254,172.31.36.0-255,66,36117,10,315008
23187,0.000257,74.125.68.0-255,1484,37601,10,315008
23188,0.000259,172.31.36.0-255,66,37667,10,315008
23189,0.000284,74.125.68.0-255,4320,41987,10,315008
23190,0.000287,172.31.36.0-255,66,42053,10,315008
23191,0.00029,74.125.68.0-255,1484,43537,10,315008
23192,0.000318,74.125.68.0-255,2902,46439,10,315008
23193,0.000324,172.31.36.0-255,66,46505,10,315008
23194,0.000336,74.125.68.0-255,2543,49048,10,315008
23195,0.000339,172.31.36.0-255,66,49114,10,315008
23196,0.001233,74.125.68.0-255,1484,50598,10,315008
23197,0.001245,74.125.68.0-255,2902,53500,10,315008
23198,0.00125,172.31.36.0-255,66,53566,10,315008
23199,0.001258,74.125.68.0-255,5738,59304,10,315008
23200,0.00126,172.31.36.0-255,66,59370,10,315008
23201,0.001283,74.125.68.0-255,1484,60854,10,315008
23202,0.001305,74.125.68.0-255,5379,66233,10,315008
23203,0.001308,172.31.36.0-255,66,66299,10,315008
23204,0.001338,74.125.68.0-255,646,66945,10,315008
23205,0.001751,74.125.68.0-255,1484,68429,10,315008
23206,0.001757,172.31.36.0-255,66,68495,10,315008
23207,0.001763,74.125.68.0-255,2902,71397,10,315008
23208,0.001765,172.31.36.0-255,66,71463,10,315008
23209,0.001776,74.125.68.0-255,1484,72947,10,315008
23210,0.001788,74.125.68.0-255,1484,74431,10,315008
23211,0.00179,172.31.36.0-255,66,74497,10,315008
23212,0.001795,74.125.68.0-255,4320,78817,10,315008
23213,0.001797,172.31.36.0-255,66,78883,10,315008
23214,0.001832,172.31.36.0-255,66,78949,10,315008
23215,0.001837,74.125.68.0-255,4320,83269,10,315008
23216,0.001838,172.31.36.0-255,66,83335,10,315008
23217,0.001845,74.125.68.0-255,5738,89073,10,315008
23218,0.001847,172.31.36.0-255,66,89139,10,315008
23219,0.001884,74.125.68.0-255,3602,92741,10,315008
23220,0.001887,172.31.36.0-255,66,92807,10,315008
23221,0.004113,74.125.68.0-255,1484,94291,10,315008
23222,0.004157,74.125.68.0-255,4320,98611,10,315008
23223,0.004161,172.31.36.0-255,66,98677,10,315008
23224,0.006445,74.125.68.0-255,5738,104415,10,315008
23225,0.006456,172.31.36.0-255,66,104481,10,315008
23226,0.008764,74.125.68.0-255,5738,110219,10,315008
23227,0.008782,172.31.36.0-255,66,110285,10,315008
23228,0.011092,74.125.68.0-255,5738,116023,10,315008
23229,0.011109,172.31.36.0-255,66,116089,10,315008
23230,0.013407,74.125.68.0-255,5738,121827,10,315008
23231,0.013423,172.31.36.0-255,66,121893,10,315008
23232,0.015717,74.125.68.0-255,5738,127631,10,315008
23233,0.015729,172.31.36.0-255,66,127697,10,315008
23234,0.018034,74.125.68.0-255,5738,133435,10,315008
23235,0.018042,172.31.36.0-255,66,133501,10,315008
23236,0.020328,74.125.68.0-255,5738,139239,10,315008
23237,0.020336,172.31.36.0-255,66,139305,10,315008
23238,0.022622,74.125.68.0-255,5738,145043,10,315008
23239,0.022631,172.31.36.0-255,66,145109,10,315008
23240,0.023735,172.31.36.0-255,172,145281,10,315008
23241,0.02387,172.31.36.0-255,1112,146393,10,315008
23242,0.023947,172.31.36.0-255,1514,147907,10,315008
23243,0.023949,172.31.36.0-255,1291,149198,10,315008
23244,0.024932,74.125.68.0-255,5738,154936,10,315008
23245,0.024938,172.31.36.0-255,66,155002,10,315008
23246,0.025279,104.244.42.0-255,66,155068,10,315008
23247,0.025414,104.244.42.0-255,66,155134,10,315008
23248,0.025499,104.244.42.0-255,66,155200,10,315008
23249,0.027243,74.125.68.0-255,4320,159520,10,315008
23250,0.027249,172.31.36.0-255,66,159586,10,315008
23251,0.027274,74.125.68.0-255,1484,161070,10,315008
23252,0.029553,74.125.68.0-255,4320,165390,10,315008
23253,0.029562,172.31.36.0-255,66,165456,10,315008
23254,0.031854,74.125.68.0-255,5738,171194,10,315008
23255,0.031865,172.31.36.0-255,66,171260,10,315008
23256,0.034149,74.125.68.0-255,5738,176998,10,315008
23257,0.034158,172.31.36.0-255,66,177064,10,315008
23258,0.036447,74.125.68.0-255,5738,182802,10,315008
23259,0.036456,172.31.36.0-255,66,182868,10,315008
23260,0.038787,74.125.68.0-255,5738,188606,10,315008
23261,0.038795,172.31.36.0-255,66,188672,10,315008
23262,0.041084,74.125.68.0-255,5738,194410,10,315008
23263,0.041091,172.31.36.0-255,66,194476,10,315008
23264,0.04338,74.125.68.0-255,5738,200214,10,315008
23265,0.04339,172.31.36.0-255,66,200280,10,315008
23266,0.045687,74.125.68.0-255,5738,206018,10,315008
23267,0.045697,172.31.36.0-255,66,206084,10,315008
23268,0.047996,74.125.68.0-255,5738,211822,10,315008
23269,0.04801,172.31.36.0-255,66,211888,10,315008
23270,0.050299,74.125.68.0-255,5738,217626,10,315008
23271,0.050307,172.31.36.0-255,66,217692,10,315008
23272,0.052593,74.125.68.0-255,5738,223430,10,315008
23273,0.052602,172.31.36.0-255,66,223496,10,315008
23274,0.054887,74.125.68.0-255,5738,229234,10,315008
23275,0.054897,172.31.36.0-255,66,229300,10,315008
23276,0.057181,74.125.68.0-255,4320,233620,10,315008
23277,0.057193,172.31.36.0-255,66,233686,10,315008
23278,0.057225,74.125.68.0-255,1484,235170,10,315008
23279,0.059485,74.125.68.0-255,4320,239490,10,315008
23280,0.059499,172.31.36.0-255,66,239556,10,315008
23281,0.061803,74.125.68.0-255,5738,245294,10,315008
23282,0.061818,172.31.36.0-255,66,245360,10,315008
23283,0.064107,74.125.68.0-255,5738,251098,10,315008
23284,0.064118,172.31.36.0-255,66,251164,10,315008
23285,0.066422,74.125.68.0-255,5738,256902,10,315008
23286,0.066433,172.31.36.0-255,66,256968,10,315008
23287,0.068717,74.125.68.0-255,5738,262706,10,315008
23288,0.068725,172.31.36.0-255,66,262772,10,315008
23289,0.071005,74.125.68.0-255,5738,268510,10,315008
23290,0.071013,172.31.36.0-255,66,268576,10,315008
23291,0.073299,74.125.68.0-255,5738,274314,10,315008
23292,0.073309,172.31.36.0-255,66,274380,10,315008
23293,0.075608,74.125.68.0-255,5738,280118,10,315008
23294,0.075618,172.31.36.0-255,66,280184,10,315008
23295,0.077905,74.125.68.0-255,5738,285922,10,315008
23296,0.077915,172.31.36.0-255,66,285988,10,315008
23297,0.080213,74.125.68.0-255,5738,291726,10,315008
23298,0.080223,172.31.36.0-255,66,291792,10,315008
23299,0.082522,74.125.68.0-255,5738,297530,10,315008
23300,0.082532,172.31.36.0-255,66,297596,10,315008
23301,0.084812,74.125.68.0-255,5738,303334,10,315008
23302,0.084822,172.31.36.0-255,66,303400,10,315008
23303,0.087116,74.125.68.0-255,5738,309138,10,315008
23304,0.087127,172.31.36.0-255,66,309204,10,315008
23305,0.089427,74.125.68.0-255,5738,314942,10,315008
23306,0.089436,172.31.36.0-255,66,315008,10,315008
23307,0.0,172.31.36.0-255,66,66,10,66
23308,0.0,74.125.130.0-255,153,153,10,373702
23309,2.3e-05,172.31.36.0-255,66,219,10,373702
23310,3e-05,74.125.130.0-255,1484,1703,10,373702
23311,3.5e-05,172.31.36.0-255,66,1769,10,373702
23312,3.9e-05,74.125.130.0-255,1484,3253,10,373702
23313,5.5e-05,172.31.36.0-255,66,3319,10,373702
23314,6.2e-05,74.125.130.0-255,2902,6221,10,373702
23315,6.5e-05,172.31.36.0-255,66,6287,10,373702
23316,7.1e-05,74.125.130.0-255,2902,9189,10,373702
23317,7.3e-05,172.31.36.0-255,66,9255,10,373702
23318,9.8e-05,74.125.130.0-255,2902,12157,10,373702
23319,0.000101,172.31.36.0-255,66,12223,10,373702
23320,0.000104,74.125.130.0-255,1484,13707,10,373702
23321,0.000106,172.31.36.0-255,66,13773,10,373702
23322,0.000111,74.125.130.0-255,1975,15748,10,373702
23323,0.000113,172.31.36.0-255,66,15814,10,373702
23324,0.000142,74.125.130.0-255,4320,20134,10,373702
23325,0.000145,172.31.36.0-255,66,20200,10,373702
23326,0.000156,74.125.130.0-255,5738,25938,10,373702
23327,0.000159,172.31.36.0-255,66,26004,10,373702
23328,0.000192,74.125.130.0-255,4320,30324,10,373702
23329,0.000194,172.31.36.0-255,66,30390,10,373702
23330,0.00022,74.125.130.0-255,1125,31515,10,373702
23331,0.000222,172.31.36.0-255,66,31581,10,373702
23332,0.000396,74.125.130.0-255,1484,33065,10,373702
23333,0.000402,172.31.36.0-255,66,33131,10,373702
23334,0.000409,74.125.130.0-255,2902,36033,10,373702
23335,0.000411,172.31.36.0-255,66,36099,10,373702
23336,0.000435,74.125.130.0-255,2902,39001,10,373702
23337,0.000442,172.31.36.0-255,66,39067,10,373702
23338,0.000448,74.125.130.0-255,4320,43387,10,373702
23339,0.000451,172.31.36.0-255,66,43453,10,373702
23340,0.000498,74.125.130.0-255,1484,44937,10,373702
23341,0.000504,74.125.130.0-255,2902,47839,10,373702
23342,0.000527,74.125.130.0-255,1125,48964,10,373702
23343,0.000568,172.31.36.0-255,66,49030,10,373702
23344,0.00072,74.125.130.0-255,1484,50514,10,373702
23345,0.00074,74.125.130.0-255,1484,51998,10,373702
23346,0.000743,74.125.130.0-255,1484,53482,10,373702
23347,0.000758,74.125.130.0-255,1484,54966,10,373702
23348,0.000761,74.125.130.0-255,1484,56450,10,373702
23349,0.00077,172.31.36.0-255,66,56516,10,373702
23350,0.000783,74.125.130.0-255,4320,60836,10,373702
23351,0.000793,74.125.130.0-255,5379,66215,10,373702
23352,0.000812,74.125.130.0-255,646,66861,10,373702
23353,0.000826,172.31.36.0-255,66,66927,10,373702
23354,0.001651,74.125.130.0-255,1484,68411,10,373702
23355,0.001674,74.125.130.0-255,2902,71313,10,373702
23356,0.001679,172.31.36.0-255,66,71379,10,373702
23357,0.001686,74.125.130.0-255,4320,75699,10,373702
23358,0.001717,74.125.130.0-255,1484,77183,10,373702
23359,0.001722,74.125.130.0-255,2902,80085,10,373702
23360,0.001727,74.125.130.0-255,4320,84405,10,373702
23361,0.001734,74.125.130.0-255,5738,90143,10,373702
23362,0.001751,74.125.130.0-255,2902,93045,10,373702
23363,0.001758,74.125.130.0-255,5738,98783,10,373702
23364,0.001779,74.125.130.0-255,1484,100267,10,373702
23365,0.001782,74.125.130.0-255,766,101033,10,373702
23366,0.002129,74.125.130.0-255,1484,102517,10,373702
23367,0.002138,74.125.130.0-255,2902,105419,10,373702
23368,0.002142,74.125.130.0-255,2902,108321,10,373702
23369,0.002163,74.125.130.0-255,4320,112641,10,373702
23370,0.002174,74.125.130.0-255,1484,114125,10,373702
23371,0.002189,74.125.130.0-255,1484,115609,10,373702
23372,0.002207,74.125.130.0-255,5738,121347,10,373702
23373,0.002211,74.125.130.0-255,2902,124249,10,373702
23374,0.002233,74.125.130.0-255,2902,127151,10,373702
23375,0.002247,74.125.130.0-255,4320,131471,10,373702
23376,0.00227,74.125.130.0-255,2902,134373,10,373702
23377,0.002277,74.125.130.0-255,6438,140811,10,373702
23378,0.002283,74.125.130.0-255,4320,145131,10,373702
23379,0.002302,74.125.130.0-255,2902,148033,10,373702
23380,0.002305,74.125.130.0-255,1484,149517,10,373702
23381,0.002374,74.125.130.0-255,2184,151701,10,373702
23382,0.002377,74.125.130.0-255,1484,153185,10,373702
23383,0.002381,74.125.130.0-255,2902,156087,10,373702
23384,0.002396,74.125.130.0-255,1484,157571,10,373702
23385,0.002417,74.125.130.0-255,2902,160473,10,373702
23386,0.002422,74.125.130.0-255,2902,163375,10,373702
23387,0.002443,74.125.130.0-255,2902,166277,10,373702
23388,0.00245,74.125.130.0-255,4320,170597,10,373702
23389,0.002481,74.125.130.0-255,5738,176335,10,373702
23390,0.002499,74.125.130.0-255,1484,177819,10,373702
23391,0.007415,172.31.36.0-255,66,177885,10,373702
23392,0.009928,74.125.130.0-255,5738,183623,10,373702
23393,0.009942,172.31.36.0-255,66,183689,10,373702
23394,0.012445,74.125.130.0-255,5738,189427,10,373702
23395,0.012456,172.31.36.0-255,66,189493,10,373702
23396,0.014955,74.125.130.0-255,5738,195231,10,373702
23397,0.014967,172.31.36.0-255,66,195297,10,373702
23398,0.017491,74.125.130.0-255,5738,201035,10,373702
23399,0.017506,172.31.36.0-255,66,201101,10,373702
23400,0.020004,74.125.130.0-255,5738,206839,10,373702
23401,0.020018,172.31.36.0-255,66,206905,10,373702
23402,0.022499,74.125.130.0-255,5738,212643,10,373702
23403,0.02251,172.31.36.0-255,66,212709,10,373702
23404,0.024982,74.125.130.0-255,5738,218447,10,373702
23405,0.024991,172.31.36.0-255,66,218513,10,373702
23406,0.027499,74.125.130.0-255,5738,224251,10,373702
23407,0.02751,172.31.36.0-255,66,224317,10,373702
23408,0.029992,74.125.130.0-255,5738,230055,10,373702
23409,0.030002,172.31.36.0-255,66,230121,10,373702
23410,0.032335,172.31.36.0-255,170,230291,10,373702
23411,0.032367,172.31.36.0-255,1138,231429,10,373702
23412,0.032427,172.31.36.0-255,1514,232943,10,373702
23413,0.032429,172.31.36.0-255,1265,234208,10,373702
23414,0.032483,74.125.130.0-255,5738,239946,10,373702
23415,0.03249,172.31.36.0-255,66,240012,10,373702
23416,0.033885,104.244.42.0-255,66,240078,10,373702
23417,0.033937,104.244.42.0-255,66,240144,10,373702
23418,0.033991,104.244.42.0-255,66,240210,10,373702
23419,0.034968,74.125.130.0-255,5738,245948,10,373702
23420,0.034977,172.31.36.0-255,66,246014,10,373702
23421,0.037454,74.125.130.0-255,5738,251752,10,373702
23422,0.037462,172.31.36.0-255,66,251818,10,373702
23423,0.039963,74.125.130.0-255,5738,257556,10,373702
23424,0.039972,172.31.36.0-255,66,257622,10,373702
23425,0.042461,74.125.130.0-255,5738,263360,10,373702
23426,0.042467,172.31.36.0-255,66,263426,10,373702
23427,0.044948,74.125.130.0-255,5738,269164,10,373702
23428,0.044954,172.31.36.0-255,66,269230,10,373702
23429,0.047432,74.125.130.0-255,5738,274968,10,373702
23430,0.047451,172.31.36.0-255,66,275034,10,373702
23431,0.049947,74.125.130.0-255,5738,280772,10,373702
23432,0.049954,172.31.36.0-255,66,280838,10,373702
23433,0.052428,74.125.130.0-255,5738,286576,10,373702
23434,0.052434,172.31.36.0-255,66,286642,10,373702
23435,0.054917,74.125.130.0-255,5738,292380,10,373702
23436,0.054923,172.31.36.0-255,66,292446,10,373702
23437,0.057414,74.125.130.0-255,5738,298184,10,373702
23438,0.057421,172.31.36.0-255,66,298250,10,373702
23439,0.059901,74.125.130.0-255,5738,303988,10,373702
23440,0.059909,172.31.36.0-255,66,304054,10,373702
23441,0.062399,74.125.130.0-255,5738,309792,10,373702
23442,0.062405,172.31.36.0-255,66,309858,10,373702
23443,0.064886,74.125.130.0-255,5738,315596,10,373702
23444,0.064894,172.31.36.0-255,66,315662,10,373702
23445,0.067382,74.125.130.0-255,5738,321400,10,373702
23446,0.067389,172.31.36.0-255,66,321466,10,373702
23447,0.069878,74.125.130.0-255,5738,327204,10,373702
23448,0.069886,172.31.36.0-255,66,327270,10,373702
23449,0.072374,74.125.130.0-255,5738,333008,10,373702
23450,0.07238,172.31.36.0-255,66,333074,10,373702
23451,0.074871,74.125.130.0-255,5738,338812,10,373702
23452,0.074878,172.31.36.0-255,66,338878,10,373702
23453,0.077343,74.125.130.0-255,5738,344616,10,373702
23454,0.077349,172.31.36.0-255,66,344682,10,373702
23455,0.079838,74.125.130.0-255,5738,350420,10,373702
23456,0.079845,172.31.36.0-255,66,350486,10,373702
23457,0.082329,74.125.130.0-255,5738,356224,10,373702
23458,0.082336,172.31.36.0-255,66,356290,10,373702
23459,0.084831,74.125.130.0-255,5738,362028,10,373702
23460,0.084838,172.31.36.0-255,66,362094,10,373702
23461,0.087322,74.125.130.0-255,5738,367832,10,373702
23462,0.087327,172.31.36.0-255,66,367898,10,373702
23463,0.089815,74.125.130.0-255,5738,373636,10,373702
23464,0.089821,172.31.36.0-255,66,373702,10,373702
23465,0.0,172.217.194.0-255,153,153,10,179434
23466,2e-05,172.31.36.0-255,66,219,10,179434
23467,2.9e-05,172.217.194.0-255,1484,1703,10,179434
23468,3.3e-05,172.31.36.0-255,66,1769,10,179434
23469,3.9e-05,172.217.194.0-255,2902,4671,10,179434
23470,4.2e-05,172.31.36.0-255,66,4737,10,179434
23471,4.8e-05,172.217.194.0-255,4320,9057,10,179434
23472,5.1e-05,172.31.36.0-255,66,9123,10,179434
23473,7.5e-05,172.217.194.0-255,7156,16279,10,179434
23474,7.8e-05,172.31.36.0-255,66,16345,10,179434
23475,9.5e-05,172.217.194.0-255,2147,18492,10,179434
23476,9.7e-05,172.31.36.0-255,66,18558,10,179434
23477,0.000109,172.31.36.0-255,66,18624,10,179434
23478,0.000137,172.217.194.0-255,2543,21167,10,179434
23479,0.000139,172.31.36.0-255,66,21233,10,179434
23480,0.000144,172.217.194.0-255,2902,24135,10,179434
23481,0.000146,172.31.36.0-255,66,24201,10,179434
23482,0.000153,172.217.194.0-255,5738,29939,10,179434
23483,0.000156,172.31.36.0-255,66,30005,10,179434
23484,0.000182,172.217.194.0-255,1484,31489,10,179434
23485,0.000184,172.31.36.0-255,66,31555,10,179434
23486,0.000192,172.217.194.0-255,6797,38352,10,179434
23487,0.000194,172.31.36.0-255,66,38418,10,179434
23488,0.000225,172.217.194.0-255,7156,45574,10,179434
23489,0.000228,172.31.36.0-255,66,45640,10,179434
23490,0.000234,172.217.194.0-255,5738,51378,10,179434
23491,0.000237,172.31.36.0-255,66,51444,10,179434
23492,0.000317,172.217.194.0-255,3961,55405,10,179434
23493,0.000322,172.31.36.0-255,66,55471,10,179434
23494,0.000325,172.217.194.0-255,365,55836,10,179434
23495,0.000327,172.31.36.0-255,66,55902,10,179434
23496,0.000353,172.217.194.0-255,379,56281,10,179434
23497,0.0008,172.217.194.0-255,1484,57765,10,179434
23498,0.000805,172.31.36.0-255,66,57831,10,179434
23499,0.000812,172.217.194.0-255,2902,60733,10,179434
23500,0.000814,172.31.36.0-255,66,60799,10,179434
23501,0.000844,172.217.194.0-255,5738,66537,10,179434
23502,0.000874,172.31.36.0-255,66,66603,10,179434
23503,0.000878,172.31.36.0-255,66,66669,10,179434
23504,0.000881,172.31.36.0-255,66,66735,10,179434
23505,0.000956,172.217.194.0-255,1484,68219,10,179434
23506,0.000961,172.217.194.0-255,2902,71121,10,179434
23507,0.000963,172.217.194.0-255,1484,72605,10,179434
23508,0.000968,172.31.36.0-255,66,72671,10,179434
23509,0.000979,172.217.194.0-255,4320,76991,10,179434
23510,0.000982,172.31.36.0-255,66,77057,10,179434
23511,0.00099,172.217.194.0-255,7156,84213,10,179434
23512,0.000992,172.31.36.0-255,66,84279,10,179434
23513,0.001021,172.217.194.0-255,5738,90017,10,179434
23514,0.001024,172.31.36.0-255,66,90083,10,179434
23515,0.001042,172.31.36.0-255,66,90149,10,179434
23516,0.001059,172.31.36.0-255,66,90215,10,179434
23517,0.00107,172.31.36.0-255,66,90281,10,179434
23518,0.001223,172.217.194.0-255,1484,91765,10,179434
23519,0.001229,172.217.194.0-255,2902,94667,10,179434
23520,0.001232,172.31.36.0-255,66,94733,10,179434
23521,0.001236,172.217.194.0-255,1484,96217,10,179434
23522,0.001252,172.217.194.0-255,4320,100537,10,179434
23523,0.001255,172.31.36.0-255,66,100603,10,179434
23524,0.001258,172.217.194.0-255,1484,102087,10,179434
23525,0.001286,172.31.36.0-255,66,102153,10,179434
23526,0.001296,172.217.194.0-255,1484,103637,10,179434
23527,0.001325,172.31.36.0-255,66,103703,10,179434
23528,0.001546,172.217.194.0-255,1484,105187,10,179434
23529,0.001553,172.217.194.0-255,2902,108089,10,179434
23530,0.001556,172.31.36.0-255,66,108155,10,179434
23531,0.00156,172.217.194.0-255,1484,109639,10,179434
23532,0.001579,172.217.194.0-255,4320,113959,10,179434
23533,0.001581,172.31.36.0-255,66,114025,10,179434
23534,0.001625,172.217.194.0-255,5738,119763,10,179434
23535,0.001628,172.31.36.0-255,66,119829,10,179434
23536,0.001653,172.217.194.0-255,7156,126985,10,179434
23537,0.001656,172.31.36.0-255,66,127051,10,179434
23538,0.001668,172.31.36.0-255,66,127117,10,179434
23539,0.001671,172.217.194.0-255,1484,128601,10,179434
23540,0.001675,172.217.194.0-255,2902,131503,10,179434
23541,0.001677,172.31.36.0-255,66,131569,10,179434
23542,0.001683,172.217.194.0-255,5738,137307,10,179434
23543,0.001685,172.31.36.0-255,66,137373,10,179434
23544,0.001712,172.31.36.0-255,66,137439,10,179434
23545,0.001737,172.217.194.0-255,2902,140341,10,179434
23546,0.00174,172.31.36.0-255,66,140407,10,179434
23547,0.001753,172.31.36.0-255,66,140473,10,179434
23548,0.001893,172.217.194.0-255,1484,141957,10,179434
23549,0.001899,172.217.194.0-255,2902,144859,10,179434
23550,0.001902,172.31.36.0-255,66,144925,10,179434
23551,0.001908,172.217.194.0-255,2902,147827,10,179434
23552,0.001911,172.31.36.0-255,66,147893,10,179434
23553,0.001925,172.217.194.0-255,2902,150795,10,179434
23554,0.001927,172.31.36.0-255,66,150861,10,179434
23555,0.00193,172.217.194.0-255,1484,152345,10,179434
23556,0.00195,172.217.194.0-255,4320,156665,10,179434
23557,0.001953,172.31.36.0-255,66,156731,10,179434
23558,0.001984,172.31.36.0-255,66,156797,10,179434
23559,0.001994,172.31.36.0-255,66,156863,10,179434
23560,0.002014,172.217.194.0-255,766,157629,10,179434
23561,0.002114,172.217.194.0-255,1484,159113,10,179434
23562,0.002118,172.31.36.0-255,66,159179,10,179434
23563,0.002123,172.217.194.0-255,2902,162081,10,179434
23564,0.002125,172.31.36.0-255,66,162147,10,179434
23565,0.002129,172.217.194.0-255,1484,163631,10,179434
23566,0.002143,172.217.194.0-255,4320,167951,10,179434
23567,0.002145,172.31.36.0-255,66,168017,10,179434
23568,0.002179,172.31.36.0-255,66,168083,10,179434
23569,0.002191,172.31.36.0-255,66,168149,10,179434
23570,0.00221,172.217.194.0-255,1484,169633,10,179434
23571,0.002216,172.217.194.0-255,4320,173953,10,179434
23572,0.002219,172.31.36.0-255,66,174019,10,179434
23573,0.002287,172.31.36.0-255,66,174085,10,179434
23574,0.002341,172.31.36.0-255,66,174151,10,179434
23575,0.002394,172.31.36.0-255,66,174217,10,179434
23576,0.002402,172.217.194.0-255,1484,175701,10,179434
23577,0.002436,172.31.36.0-255,66,175767,10,179434
23578,0.004703,172.217.194.0-255,105,175872,10,179434
23579,0.010332,172.31.36.0-255,66,175938,10,179434
23580,0.01037,172.31.36.0-255,105,176043,10,179434
23581,0.012641,172.217.194.0-255,66,176109,10,179434
23582,0.03475,172.31.36.0-255,172,176281,10,179434
23583,0.034779,172.31.36.0-255,1112,177393,10,179434
23584,0.03483,172.31.36.0-255,1514,178907,10,179434
23585,0.034831,172.31.36.0-255,329,179236,10,179434
23586,0.036275,104.244.42.0-255,66,179302,10,179434
23587,0.036302,104.244.42.0-255,66,179368,10,179434
23588,0.036348,104.244.42.0-255,66,179434,10,179434
23589,0.0,74.125.68.0-255,152,152,10,388296
23590,2.4e-05,172.31.36.0-255,66,218,10,388296
23591,3.1e-05,74.125.68.0-255,1484,1702,10,388296
23592,3.6e-05,172.31.36.0-255,66,1768,10,388296
23593,6e-05,74.125.68.0-255,2902,4670,10,388296
23594,6.3e-05,172.31.36.0-255,66,4736,10,388296
23595,8.7e-05,74.125.68.0-255,4320,9056,10,388296
23596,9e-05,172.31.36.0-255,66,9122,10,388296
23597,0.000108,74.125.68.0-255,2902,12024,10,388296
23598,0.000112,172.31.36.0-255,66,12090,10,388296
23599,0.000128,74.125.68.0-255,1484,13574,10,388296
23600,0.00013,172.31.36.0-255,66,13640,10,388296
23601,0.000146,74.125.68.0-255,1484,15124,10,388296
23602,0.000148,172.31.36.0-255,66,15190,10,388296
23603,0.000163,74.125.68.0-255,3504,18694,10,388296
23604,0.000165,172.31.36.0-255,66,18760,10,388296
23605,0.00019,74.125.68.0-255,5738,24498,10,388296
23606,0.000193,172.31.36.0-255,66,24564,10,388296
23607,0.000208,74.125.68.0-255,2902,27466,10,388296
23608,0.000211,172.31.36.0-255,66,27532,10,388296
23609,0.000236,74.125.68.0-255,2902,30434,10,388296
23610,0.000239,172.31.36.0-255,66,30500,10,388296
23611,0.000253,74.125.68.0-255,1125,31625,10,388296
23612,0.000256,172.31.36.0-255,66,31691,10,388296
23613,0.000389,74.125.68.0-255,1484,33175,10,388296
23614,0.000394,172.31.36.0-255,66,33241,10,388296
23615,0.000421,74.125.68.0-255,1484,34725,10,388296
23616,0.000424,172.31.36.0-255,66,34791,10,388296
23617,0.000447,74.125.68.0-255,2902,37693,10,388296
23618,0.00045,172.31.36.0-255,66,37759,10,388296
23619,0.000453,74.125.68.0-255,1484,39243,10,388296
23620,0.000455,172.31.36.0-255,66,39309,10,388296
23621,0.000476,74.125.68.0-255,1484,40793,10,388296
23622,0.000483,74.125.68.0-255,4320,45113,10,388296
23623,0.000486,172.31.36.0-255,66,45179,10,388296
23624,0.000536,74.125.68.0-255,3961,49140,10,388296
23625,0.000539,172.31.36.0-255,66,49206,10,388296
23626,0.000544,74.125.68.0-255,4320,53526,10,388296
23627,0.000547,172.31.36.0-255,66,53592,10,388296
23628,0.000576,74.125.68.0-255,4320,57912,10,388296
23629,0.000579,172.31.36.0-255,66,57978,10,388296
23630,0.000616,74.125.68.0-255,5738,63716,10,388296
23631,0.000619,172.31.36.0-255,66,63782,10,388296
23632,0.000662,74.125.68.0-255,2813,66595,10,388296
23633,0.000666,172.31.36.0-255,66,66661,10,388296
23634,0.001202,74.125.68.0-255,385,67046,10,388296
23635,0.001254,74.125.68.0-255,1484,68530,10,388296
23636,0.001258,172.31.36.0-255,66,68596,10,388296
23637,0.001264,74.125.68.0-255,2902,71498,10,388296
23638,0.001267,172.31.36.0-255,66,71564,10,388296
23639,0.001284,74.125.68.0-255,4320,75884,10,388296
23640,0.001287,172.31.36.0-255,66,75950,10,388296
23641,0.001314,74.125.68.0-255,2902,78852,10,388296
23642,0.001317,172.31.36.0-255,66,78918,10,388296
23643,0.001335,74.125.68.0-255,5738,84656,10,388296
23644,0.001338,172.31.36.0-255,66,84722,10,388296
23645,0.001345,74.125.68.0-255,5738,90460,10,388296
23646,0.001347,172.31.36.0-255,66,90526,10,388296
23647,0.001352,74.125.68.0-255,2902,93428,10,388296
23648,0.001355,172.31.36.0-255,66,93494,10,388296
23649,0.001398,74.125.68.0-255,4320,97814,10,388296
23650,0.001401,172.31.36.0-255,66,97880,10,388296
23651,0.001407,74.125.68.0-255,3602,101482,10,388296
23652,0.001409,172.31.36.0-255,66,101548,10,388296
23653,0.001708,74.125.68.0-255,1484,103032,10,388296
23654,0.00173,74.125.68.0-255,1484,104516,10,388296
23655,0.001735,172.31.36.0-255,66,104582,10,388296
23656,0.001755,74.125.68.0-255,2902,107484,10,388296
23657,0.001758,172.31.36.0-255,66,107550,10,388296
23658,0.001762,74.125.68.0-255,1484,109034,10,388296
23659,0.001787,74.125.68.0-255,4320,113354,10,388296
23660,0.001789,172.31.36.0-255,66,113420,10,388296
23661,0.001817,74.125.68.0-255,7156,120576,10,388296
23662,0.00182,172.31.36.0-255,66,120642,10,388296
23663,0.001823,74.125.68.0-255,1484,122126,10,388296
23664,0.001841,74.125.68.0-255,2902,125028,10,388296
23665,0.001843,172.31.36.0-255,66,125094,10,388296
23666,0.001849,74.125.68.0-255,4320,129414,10,388296
23667,0.001851,172.31.36.0-255,66,129480,10,388296
23668,0.001863,74.125.68.0-255,1484,130964,10,388296
23669,0.001882,74.125.68.0-255,5020,135984,10,388296
23670,0.001885,172.31.36.0-255,66,136050,10,388296
23671,0.00206,74.125.68.0-255,1484,137534,10,388296
23672,0.002076,74.125.68.0-255,1484,139018,10,388296
23673,0.00208,172.31.36.0-255,66,139084,10,388296
23674,0.002092,74.125.68.0-255,1484,140568,10,388296
23675,0.002104,74.125.68.0-255,1484,142052,10,388296
23676,0.002107,172.31.36.0-255,66,142118,10,388296
23677,0.002125,74.125.68.0-255,4320,146438,10,388296
23678,0.002129,172.31.36.0-255,66,146504,10,388296
23679,0.002144,74.125.68.0-255,1484,147988,10,388296
23680,0.002161,74.125.68.0-255,4320,152308,10,388296
23681,0.002164,172.31.36.0-255,66,152374,10,388296
23682,0.002186,74.125.68.0-255,2902,155276,10,388296
23683,0.002188,172.31.36.0-255,66,155342,10,388296
23684,0.002194,74.125.68.0-255,4320,159662,10,388296
23685,0.002197,172.31.36.0-255,66,159728,10,388296
23686,0.002214,74.125.68.0-255,5738,165466,10,388296
23687,0.002217,172.31.36.0-255,66,165532,10,388296
23688,0.002241,74.125.68.0-255,5020,170552,10,388296
23689,0.002244,172.31.36.0-255,66,170618,10,388296
23690,0.00456,74.125.68.0-255,4320,174938,10,388296
23691,0.004564,172.31.36.0-255,66,175004,10,388296
23692,0.004578,74.125.68.0-255,1484,176488,10,388296
23693,0.0069,74.125.68.0-255,4320,180808,10,388296
23694,0.006906,172.31.36.0-255,66,180874,10,388296
23695,0.009243,74.125.68.0-255,5738,186612,10,388296
23696,0.00925,172.31.36.0-255,66,186678,10,388296
23697,0.011582,74.125.68.0-255,5738,192416,10,388296
23698,0.011588,172.31.36.0-255,66,192482,10,388296
23699,0.013925,74.125.68.0-255,5738,198220,10,388296
23700,0.013938,172.31.36.0-255,66,198286,10,388296
23701,0.016269,74.125.68.0-255,5738,204024,10,388296
23702,0.016279,172.31.36.0-255,66,204090,10,388296
23703,0.018606,74.125.68.0-255,5738,209828,10,388296
23704,0.018614,172.31.36.0-255,66,209894,10,388296
23705,0.020945,74.125.68.0-255,5738,215632,10,388296
23706,0.020953,172.31.36.0-255,66,215698,10,388296
23707,0.023287,74.125.68.0-255,5738,221436,10,388296
23708,0.023296,172.31.36.0-255,66,221502,10,388296
23709,0.025666,74.125.68.0-255,5738,227240,10,388296
23710,0.025672,172.31.36.0-255,66,227306,10,388296
23711,0.025758,172.31.36.0-255,167,227473,10,388296
23712,0.025789,172.31.36.0-255,1110,228583,10,388296
23713,0.025905,172.31.36.0-255,1514,230097,10,388296
23714,0.025908,172.31.36.0-255,1293,231390,10,388296
23715,0.027329,104.244.42.0-255,66,231456,10,388296
23716,0.027362,104.244.42.0-255,66,231522,10,388296
23717,0.027463,104.244.42.0-255,66,231588,10,388296
23718,0.028002,74.125.68.0-255,5738,237326,10,388296
23719,0.028009,172.31.36.0-255,66,237392,10,388296
23720,0.030344,74.125.68.0-255,5738,243130,10,388296
23721,0.03035,172.31.36.0-255,66,243196,10,388296
23722,0.032688,74.125.68.0-255,5738,248934,10,388296
23723,0.032695,172.31.36.0-255,66,249000,10,388296
23724,0.035037,74.125.68.0-255,5738,254738,10,388296
23725,0.035045,172.31.36.0-255,66,254804,10,388296
23726,0.03739,74.125.68.0-255,5738,260542,10,388296
23727,0.037399,172.31.36.0-255,66,260608,10,388296
23728,0.039741,74.125.68.0-255,5738,266346,10,388296
23729,0.039746,172.31.36.0-255,66,266412,10,388296
23730,0.042088,74.125.68.0-255,5738,272150,10,388296
23731,0.042094,172.31.36.0-255,66,272216,10,388296
23732,0.04443,74.125.68.0-255,5738,277954,10,388296
23733,0.044438,172.31.36.0-255,66,278020,10,388296
23734,0.046791,74.125.68.0-255,5738,283758,10,388296
23735,0.046798,172.31.36.0-255,66,283824,10,388296
23736,0.04912,74.125.68.0-255,5738,289562,10,388296
23737,0.049126,172.31.36.0-255,66,289628,10,388296
23738,0.051469,74.125.68.0-255,5738,295366,10,388296
23739,0.051475,172.31.36.0-255,66,295432,10,388296
23740,0.053804,74.125.68.0-255,5738,301170,10,388296
23741,0.05381,172.31.36.0-255,66,301236,10,388296
23742,0.056152,74.125.68.0-255,5738,306974,10,388296
23743,0.056159,172.31.36.0-255,66,307040,10,388296
23744,0.058494,74.125.68.0-255,5738,312778,10,388296
23745,0.0585,172.31.36.0-255,66,312844,10,388296
23746,0.060827,74.125.68.0-255,5738,318582,10,388296
23747,0.060834,172.31.36.0-255,66,318648,10,388296
23748,0.063164,74.125.68.0-255,5738,324386,10,388296
23749,0.063172,172.31.36.0-255,66,324452,10,388296
23750,0.065512,74.125.68.0-255,5738,330190,10,388296
23751,0.065518,172.31.36.0-255,66,330256,10,388296
23752,0.067857,74.125.68.0-255,5738,335994,10,388296
23753,0.067863,172.31.36.0-255,66,336060,10,388296
23754,0.070195,74.125.68.0-255,5738,341798,10,388296
23755,0.070202,172.31.36.0-255,66,341864,10,388296
23756,0.072531,74.125.68.0-255,5738,347602,10,388296
23757,0.072538,172.31.36.0-255,66,347668,10,388296
23758,0.074891,74.125.68.0-255,5738,353406,10,388296
23759,0.074898,172.31.36.0-255,66,353472,10,388296
23760,0.077246,74.125.68.0-255,5738,359210,10,388296
23761,0.077253,172.31.36.0-255,66,359276,10,388296
23762,0.079593,74.125.68.0-255,5738,365014,10,388296
23763,0.079599,172.31.36.0-255,66,365080,10,388296
23764,0.081926,74.125.68.0-255,5738,370818,10,388296
23765,0.081932,172.31.36.0-255,66,370884,10,388296
23766,0.084265,74.125.68.0-255,5738,376622,10,388296
23767,0.084271,172.31.36.0-255,66,376688,10,388296
23768,0.086601,74.125.68.0-255,5738,382426,10,388296
23769,0.086607,172.31.36.0-255,66,382492,10,388296
23770,0.088945,74.125.68.0-255,5738,388230,10,388296
23771,0.088951,172.31.36.0-255,66,388296,10,388296
23772,0.0,74.125.68.0-255,152,152,10,313763
23773,2.2e-05,172.31.36.0-255,66,218,10,313763
23774,4e-05,74.125.68.0-255,1484,1702,10,313763
23775,5.3e-05,172.31.36.0-255,66,1768,10,313763
23776,5.9e-05,74.125.68.0-255,2902,4670,10,313763
23777,6.3e-05,172.31.36.0-255,66,4736,10,313763
23778,6.9e-05,74.125.68.0-255,4320,9056,10,313763
23779,7.1e-05,172.31.36.0-255,66,9122,10,313763
23780,0.00012,74.125.68.0-255,7156,16278,10,313763
23781,0.000124,172.31.36.0-255,66,16344,10,313763
23782,0.000153,74.125.68.0-255,2075,18419,10,313763
23783,0.000156,172.31.36.0-255,66,18485,10,313763
23784,0.000174,172.31.36.0-255,66,18551,10,313763
23785,0.000179,74.125.68.0-255,2543,21094,10,313763
23786,0.000182,172.31.36.0-255,66,21160,10,313763
23787,0.000245,74.125.68.0-255,1484,22644,10,313763
23788,0.000248,172.31.36.0-255,66,22710,10,313763
23789,0.000252,74.125.68.0-255,1484,24194,10,313763
23790,0.000254,172.31.36.0-255,66,24260,10,313763
23791,0.000281,74.125.68.0-255,2902,27162,10,313763
23792,0.000285,172.31.36.0-255,66,27228,10,313763
23793,0.000291,74.125.68.0-255,5738,32966,10,313763
23794,0.000294,172.31.36.0-255,66,33032,10,313763
23795,0.000319,74.125.68.0-255,2902,35934,10,313763
23796,0.000322,172.31.36.0-255,66,36000,10,313763
23797,0.00035,74.125.68.0-255,3961,39961,10,313763
23798,0.000353,172.31.36.0-255,66,40027,10,313763
23799,0.000359,74.125.68.0-255,4320,44347,10,313763
23800,0.000362,172.31.36.0-255,66,44413,10,313763
23801,0.000392,74.125.68.0-255,5738,50151,10,313763
23802,0.000396,172.31.36.0-255,66,50217,10,313763
23803,0.000424,74.125.68.0-255,5655,55872,10,313763
23804,0.000426,172.31.36.0-255,66,55938,10,313763
23805,0.000459,74.125.68.0-255,128,56066,10,313763
23806,0.00055,74.125.68.0-255,1484,57550,10,313763
23807,0.000555,172.31.36.0-255,66,57616,10,313763
23808,0.000559,74.125.68.0-255,1484,59100,10,313763
23809,0.000585,74.125.68.0-255,1484,60584,10,313763
23810,0.000587,172.31.36.0-255,66,60650,10,313763
23811,0.000617,74.125.68.0-255,2902,63552,10,313763
23812,0.00062,172.31.36.0-255,66,63618,10,313763
23813,0.000644,74.125.68.0-255,4320,67938,10,313763
23814,0.000647,172.31.36.0-255,66,68004,10,313763
23815,0.000672,74.125.68.0-255,1484,69488,10,313763
23816,0.000691,74.125.68.0-255,2902,72390,10,313763
23817,0.000694,172.31.36.0-255,66,72456,10,313763
23818,0.000722,74.125.68.0-255,5738,78194,10,313763
23819,0.000725,172.31.36.0-255,66,78260,10,313763
23820,0.00073,74.125.68.0-255,2902,81162,10,313763
23821,0.000733,172.31.36.0-255,66,81228,10,313763
23822,0.000781,172.31.36.0-255,66,81294,10,313763
23823,0.00092,74.125.68.0-255,1484,82778,10,313763
23824,0.000935,74.125.68.0-255,2902,85680,10,313763
23825,0.000939,172.31.36.0-255,66,85746,10,313763
23826,0.000943,74.125.68.0-255,1484,87230,10,313763
23827,0.000974,74.125.68.0-255,4320,91550,10,313763
23828,0.000977,172.31.36.0-255,66,91616,10,313763
23829,0.000981,74.125.68.0-255,1484,93100,10,313763
23830,0.001008,74.125.68.0-255,7156,100256,10,313763
23831,0.001011,172.31.36.0-255,66,100322,10,313763
23832,0.001044,172.31.36.0-255,66,100388,10,313763
23833,0.001086,74.125.68.0-255,6438,106826,10,313763
23834,0.001089,172.31.36.0-255,66,106892,10,313763
23835,0.001368,74.125.68.0-255,1484,108376,10,313763
23836,0.001381,74.125.68.0-255,1484,109860,10,313763
23837,0.001384,172.31.36.0-255,66,109926,10,313763
23838,0.001405,74.125.68.0-255,2902,112828,10,313763
23839,0.001408,172.31.36.0-255,66,112894,10,313763
23840,0.001438,74.125.68.0-255,4320,117214,10,313763
23841,0.001441,172.31.36.0-255,66,117280,10,313763
23842,0.001476,74.125.68.0-255,5738,123018,10,313763
23843,0.001479,172.31.36.0-255,66,123084,10,313763
23844,0.001522,74.125.68.0-255,7156,130240,10,313763
23845,0.001526,172.31.36.0-255,66,130306,10,313763
23846,0.001534,74.125.68.0-255,7156,137462,10,313763
23847,0.001553,74.125.68.0-255,1484,138946,10,313763
23848,0.001574,172.31.36.0-255,66,139012,10,313763
23849,0.0016,74.125.68.0-255,2184,141196,10,313763
23850,0.001725,74.125.68.0-255,1484,142680,10,313763
23851,0.001731,74.125.68.0-255,2902,145582,10,313763
23852,0.001781,74.125.68.0-255,5738,151320,10,313763
23853,0.001789,74.125.68.0-255,7156,158476,10,313763
23854,0.00181,74.125.68.0-255,5738,164214,10,313763
23855,0.001847,74.125.68.0-255,4320,168534,10,313763
23856,0.001892,74.125.68.0-255,5738,174272,10,313763
23857,0.001943,172.31.36.0-255,66,174338,10,313763
23858,0.001973,172.31.36.0-255,66,174404,10,313763
23859,0.002012,74.125.68.0-255,2902,177306,10,313763
23860,0.002015,74.125.68.0-255,1484,178790,10,313763
23861,0.002024,74.125.68.0-255,2902,181692,10,313763
23862,0.00203,74.125.68.0-255,5738,187430,10,313763
23863,0.002035,74.125.68.0-255,4320,191750,10,313763
23864,0.002047,74.125.68.0-255,1484,193234,10,313763
23865,0.00206,172.31.36.0-255,66,193300,10,313763
23866,0.002092,74.125.68.0-255,6438,199738,10,313763
23867,0.002097,74.125.68.0-255,2902,202640,10,313763
23868,0.002112,172.31.36.0-255,66,202706,10,313763
23869,0.002154,74.125.68.0-255,4320,207026,10,313763
23870,0.002173,172.31.36.0-255,66,207092,10,313763
23871,0.002228,74.125.68.0-255,5020,212112,10,313763
23872,0.002237,172.31.36.0-255,66,212178,10,313763
23873,0.002263,74.125.68.0-255,1484,213662,10,313763
23874,0.002265,74.125.68.0-255,1484,215146,10,313763
23875,0.002293,172.31.36.0-255,66,215212,10,313763
23876,0.004526,74.125.68.0-255,5738,220950,10,313763
23877,0.004532,172.31.36.0-255,66,221016,10,313763
23878,0.006752,74.125.68.0-255,5738,226754,10,313763
23879,0.006758,172.31.36.0-255,66,226820,10,313763
23880,0.008973,74.125.68.0-255,5738,232558,10,313763
23881,0.008977,172.31.36.0-255,66,232624,10,313763
23882,0.011221,74.125.68.0-255,5738,238362,10,313763
23883,0.011231,172.31.36.0-255,66,238428,10,313763
23884,0.01349,74.125.68.0-255,5738,244166,10,313763
23885,0.01354,172.31.36.0-255,66,244232,10,313763
23886,0.015782,74.125.68.0-255,5738,249970,10,313763
23887,0.015799,172.31.36.0-255,66,250036,10,313763
23888,0.01803,74.125.68.0-255,5738,255774,10,313763
23889,0.01804,172.31.36.0-255,66,255840,10,313763
23890,0.020266,74.125.68.0-255,5738,261578,10,313763
23891,0.020275,172.31.36.0-255,66,261644,10,313763
23892,0.022501,74.125.68.0-255,5738,267382,10,313763
23893,0.02251,172.31.36.0-255,66,267448,10,313763
23894,0.024737,74.125.68.0-255,5738,273186,10,313763
23895,0.024746,172.31.36.0-255,66,273252,10,313763
23896,0.026981,74.125.68.0-255,5738,278990,10,313763
23897,0.026991,172.31.36.0-255,66,279056,10,313763
23898,0.029236,74.125.68.0-255,5738,284794,10,313763
23899,0.029251,172.31.36.0-255,66,284860,10,313763
23900,0.031502,74.125.68.0-255,5738,290598,10,313763
23901,0.031517,172.31.36.0-255,66,290664,10,313763
23902,0.033773,74.125.68.0-255,5738,296402,10,313763
23903,0.033784,172.31.36.0-255,66,296468,10,313763
23904,0.036044,74.125.68.0-255,5738,302206,10,313763
23905,0.036052,172.31.36.0-255,66,302272,10,313763
23906,0.038288,74.125.68.0-255,5738,308010,10,313763
23907,0.038298,172.31.36.0-255,66,308076,10,313763
23908,0.04054,74.125.68.0-255,1166,309242,10,313763
23909,0.040768,172.31.36.0-255,66,309308,10,313763
23910,0.040812,172.31.36.0-255,105,309413,10,313763
23911,0.043018,74.125.68.0-255,66,309479,10,313763
23912,0.052151,172.31.36.0-255,167,309646,10,313763
23913,0.052187,172.31.36.0-255,1112,310758,10,313763
23914,0.05225,172.31.36.0-255,1514,312272,10,313763
23915,0.052252,172.31.36.0-255,1293,313565,10,313763
23916,0.053694,104.244.42.0-255,66,313631,10,313763
23917,0.053757,104.244.42.0-255,66,313697,10,313763
23918,0.053801,104.244.42.0-255,66,313763,10,313763
23919,0.0,74.125.130.0-255,159,159,10,325752
23920,1.8e-05,172.31.36.0-255,66,225,10,325752
23921,2.5e-05,74.125.130.0-255,1484,1709,10,325752
23922,2.9e-05,172.31.36.0-255,66,1775,10,325752
23923,3.5e-05,74.125.130.0-255,2902,4677,10,325752
23924,3.8e-05,172.31.36.0-255,66,4743,10,325752
23925,8.9e-05,74.125.130.0-255,1484,6227,10,325752
23926,9.3e-05,172.31.36.0-255,66,6293,10,325752
23927,0.000112,74.125.130.0-255,2902,9195,10,325752
23928,0.000115,172.31.36.0-255,66,9261,10,325752
23929,0.000118,74.125.130.0-255,1484,10745,10,325752
23930,0.00012,172.31.36.0-255,66,10811,10,325752
23931,0.000139,74.125.130.0-255,3458,14269,10,325752
23932,0.000141,172.31.36.0-255,66,14335,10,325752
23933,0.000255,74.125.130.0-255,1484,15819,10,325752
23934,0.00026,172.31.36.0-255,66,15885,10,325752
23935,0.000266,74.125.130.0-255,2902,18787,10,325752
23936,0.000268,172.31.36.0-255,66,18853,10,325752
23937,0.000274,74.125.130.0-255,4320,23173,10,325752
23938,0.000277,172.31.36.0-255,66,23239,10,325752
23939,0.000315,74.125.130.0-255,2902,26141,10,325752
23940,0.000319,172.31.36.0-255,66,26207,10,325752
23941,0.000341,74.125.130.0-255,5379,31586,10,325752
23942,0.000344,172.31.36.0-255,66,31652,10,325752
23943,0.000365,74.125.130.0-255,5738,37390,10,325752
23944,0.000371,172.31.36.0-255,66,37456,10,325752
23945,0.000381,74.125.130.0-255,2902,40358,10,325752
23946,0.000383,172.31.36.0-255,66,40424,10,325752
23947,0.000386,74.125.130.0-255,1484,41908,10,325752
23948,0.000389,172.31.36.0-255,66,41974,10,325752
23949,0.00043,74.125.130.0-255,2902,44876,10,325752
23950,0.000433,172.31.36.0-255,66,44942,10,325752
23951,0.000454,74.125.130.0-255,3961,48903,10,325752
23952,0.000457,172.31.36.0-255,66,48969,10,325752
23953,0.00078,74.125.130.0-255,1484,50453,10,325752
23954,0.000798,74.125.130.0-255,2902,53355,10,325752
23955,0.000802,172.31.36.0-255,66,53421,10,325752
23956,0.000809,74.125.130.0-255,4320,57741,10,325752
23957,0.00081,172.31.36.0-255,66,57807,10,325752
23958,0.000821,74.125.130.0-255,1484,59291,10,325752
23959,0.000838,74.125.130.0-255,2902,62193,10,325752
23960,0.000841,172.31.36.0-255,66,62259,10,325752
23961,0.000862,74.125.130.0-255,3961,66220,10,325752
23962,0.000865,172.31.36.0-255,66,66286,10,325752
23963,0.000868,74.125.130.0-255,1484,67770,10,325752
23964,0.000872,74.125.130.0-255,2902,70672,10,325752
23965,0.000874,172.31.36.0-255,66,70738,10,325752
23966,0.000902,74.125.130.0-255,5738,76476,10,325752
23967,0.000904,172.31.36.0-255,66,76542,10,325752
23968,0.000926,74.125.130.0-255,5738,82280,10,325752
23969,0.000928,172.31.36.0-255,66,82346,10,325752
23970,0.000942,74.125.130.0-255,1705,84051,10,325752
23971,0.000944,172.31.36.0-255,66,84117,10,325752
23972,0.000977,74.125.130.0-255,1484,85601,10,325752
23973,0.000996,74.125.130.0-255,2902,88503,10,325752
23974,0.000999,172.31.36.0-255,66,88569,10,325752
23975,0.001025,74.125.130.0-255,5738,94307,10,325752
23976,0.001028,172.31.36.0-255,66,94373,10,325752
23977,0.001048,74.125.130.0-255,4320,98693,10,325752
23978,0.001051,172.31.36.0-255,66,98759,10,325752
23979,0.001072,74.125.130.0-255,2543,101302,10,325752
23980,0.001079,172.31.36.0-255,66,101368,10,325752
23981,0.001176,74.125.130.0-255,1484,102852,10,325752
23982,0.001182,74.125.130.0-255,2902,105754,10,325752
23983,0.001186,172.31.36.0-255,66,105820,10,325752
23984,0.001206,74.125.130.0-255,4320,110140,10,325752
23985,0.00121,172.31.36.0-255,66,110206,10,325752
23986,0.00123,74.125.130.0-255,1484,111690,10,325752
23987,0.001235,74.125.130.0-255,2902,114592,10,325752
23988,0.001237,172.31.36.0-255,66,114658,10,325752
23989,0.001242,74.125.130.0-255,3297,117955,10,325752
23990,0.001244,172.31.36.0-255,66,118021,10,325752
23991,0.001439,74.125.130.0-255,1484,119505,10,325752
23992,0.001445,74.125.130.0-255,1484,120989,10,325752
23993,0.001449,172.31.36.0-255,66,121055,10,325752
23994,0.001469,74.125.130.0-255,2902,123957,10,325752
23995,0.001472,172.31.36.0-255,66,124023,10,325752
23996,0.001478,74.125.130.0-255,5738,129761,10,325752
23997,0.00148,172.31.36.0-255,66,129827,10,325752
23998,0.001503,74.125.130.0-255,2902,132729,10,325752
23999,0.001505,172.31.36.0-255,66,132795,10,325752
24000,0.001524,74.125.130.0-255,3238,136033,10,325752
24001,0.001527,172.31.36.0-255,66,136099,10,325752
24002,0.005514,74.125.130.0-255,1484,137583,10,325752
24003,0.005536,74.125.130.0-255,2902,140485,10,325752
24004,0.00554,172.31.36.0-255,66,140551,10,325752
24005,0.005545,74.125.130.0-255,1484,142035,10,325752
24006,0.008165,74.125.130.0-255,4320,146355,10,325752
24007,0.008172,172.31.36.0-255,66,146421,10,325752
24008,0.010782,74.125.130.0-255,5738,152159,10,325752
24009,0.01079,172.31.36.0-255,66,152225,10,325752
24010,0.013433,74.125.130.0-255,5738,157963,10,325752
24011,0.013443,172.31.36.0-255,66,158029,10,325752
24012,0.016073,74.125.130.0-255,5738,163767,10,325752
24013,0.016084,172.31.36.0-255,66,163833,10,325752
24014,0.018876,74.125.130.0-255,5738,169571,10,325752
24015,0.01889,172.31.36.0-255,66,169637,10,325752
24016,0.021507,74.125.130.0-255,5738,175375,10,325752
24017,0.021518,172.31.36.0-255,66,175441,10,325752
24018,0.02414,74.125.130.0-255,5738,181179,10,325752
24019,0.02415,172.31.36.0-255,66,181245,10,325752
24020,0.026779,74.125.130.0-255,5738,186983,10,325752
24021,0.026794,172.31.36.0-255,66,187049,10,325752
24022,0.028169,172.31.36.0-255,172,187221,10,325752
24023,0.028253,172.31.36.0-255,1111,188332,10,325752
24024,0.028338,172.31.36.0-255,1514,189846,10,325752
24025,0.028341,172.31.36.0-255,1292,191138,10,325752
24026,0.029429,74.125.130.0-255,2902,194040,10,325752
24027,0.029435,172.31.36.0-255,66,194106,10,325752
24028,0.02947,74.125.130.0-255,2902,197008,10,325752
24029,0.029474,172.31.36.0-255,66,197074,10,325752
24030,0.029701,104.244.42.0-255,66,197140,10,325752
24031,0.029789,104.244.42.0-255,66,197206,10,325752
24032,0.029946,104.244.42.0-255,66,197272,10,325752
24033,0.032041,74.125.130.0-255,2902,200174,10,325752
24034,0.032045,172.31.36.0-255,66,200240,10,325752
24035,0.032077,74.125.130.0-255,2902,203142,10,325752
24036,0.03208,172.31.36.0-255,66,203208,10,325752
24037,0.03465,74.125.130.0-255,2902,206110,10,325752
24038,0.034657,172.31.36.0-255,66,206176,10,325752
24039,0.034687,74.125.130.0-255,2902,209078,10,325752
24040,0.03469,172.31.36.0-255,66,209144,10,325752
24041,0.03725,74.125.130.0-255,1484,210628,10,325752
24042,0.037286,74.125.130.0-255,4320,214948,10,325752
24043,0.037291,172.31.36.0-255,66,215014,10,325752
24044,0.039896,74.125.130.0-255,4320,219334,10,325752
24045,0.039901,172.31.36.0-255,66,219400,10,325752
24046,0.039928,74.125.130.0-255,1484,220884,10,325752
24047,0.042517,74.125.130.0-255,4320,225204,10,325752
24048,0.042522,172.31.36.0-255,66,225270,10,325752
24049,0.045131,74.125.130.0-255,5738,231008,10,325752
24050,0.045137,172.31.36.0-255,66,231074,10,325752
24051,0.047745,74.125.130.0-255,5738,236812,10,325752
24052,0.047752,172.31.36.0-255,66,236878,10,325752
24053,0.050379,74.125.130.0-255,5738,242616,10,325752
24054,0.05039,172.31.36.0-255,66,242682,10,325752
24055,0.053021,74.125.130.0-255,5738,248420,10,325752
24056,0.053027,172.31.36.0-255,66,248486,10,325752
24057,0.055663,74.125.130.0-255,4320,252806,10,325752
24058,0.05567,172.31.36.0-255,66,252872,10,325752
24059,0.055688,74.125.130.0-255,1484,254356,10,325752
24060,0.058288,74.125.130.0-255,4320,258676,10,325752
24061,0.058293,172.31.36.0-255,66,258742,10,325752
24062,0.060893,74.125.130.0-255,5738,264480,10,325752
24063,0.060898,172.31.36.0-255,66,264546,10,325752
24064,0.063517,74.125.130.0-255,4320,268866,10,325752
24065,0.063522,172.31.36.0-255,66,268932,10,325752
24066,0.063553,74.125.130.0-255,1484,270416,10,325752
24067,0.066142,74.125.130.0-255,4320,274736,10,325752
24068,0.066148,172.31.36.0-255,66,274802,10,325752
24069,0.068768,74.125.130.0-255,5738,280540,10,325752
24070,0.068775,172.31.36.0-255,66,280606,10,325752
24071,0.071382,74.125.130.0-255,5738,286344,10,325752
24072,0.071388,172.31.36.0-255,66,286410,10,325752
24073,0.073993,74.125.130.0-255,5738,292148,10,325752
24074,0.073998,172.31.36.0-255,66,292214,10,325752
24075,0.076606,74.125.130.0-255,5738,297952,10,325752
24076,0.076612,172.31.36.0-255,66,298018,10,325752
24077,0.079224,74.125.130.0-255,4320,302338,10,325752
24078,0.079229,172.31.36.0-255,66,302404,10,325752
24079,0.079259,74.125.130.0-255,1484,303888,10,325752
24080,0.081845,74.125.130.0-255,4320,308208,10,325752
24081,0.081851,172.31.36.0-255,66,308274,10,325752
24082,0.084463,74.125.130.0-255,5738,314012,10,325752
24083,0.084469,172.31.36.0-255,66,314078,10,325752
24084,0.087078,74.125.130.0-255,5738,319816,10,325752
24085,0.087083,172.31.36.0-255,66,319882,10,325752
24086,0.089687,74.125.130.0-255,1484,321366,10,325752
24087,0.089717,74.125.130.0-255,4320,325686,10,325752
24088,0.089722,172.31.36.0-255,66,325752,10,325752
24089,0.0,172.217.194.0-255,153,153,10,335376
24090,3.8e-05,172.31.36.0-255,66,219,10,335376
24091,4.7e-05,172.217.194.0-255,1484,1703,10,335376
24092,5.1e-05,172.31.36.0-255,66,1769,10,335376
24093,5.6e-05,172.217.194.0-255,2902,4671,10,335376
24094,5.8e-05,172.31.36.0-255,66,4737,10,335376
24095,6.5e-05,172.217.194.0-255,7156,11893,10,335376
24096,6.8e-05,172.31.36.0-255,66,11959,10,335376
24097,7.3e-05,172.217.194.0-255,2002,13961,10,335376
24098,7.5e-05,172.31.36.0-255,66,14027,10,335376
24099,0.000129,172.217.194.0-255,1484,15511,10,335376
24100,0.000132,172.31.36.0-255,66,15577,10,335376
24101,0.000136,172.217.194.0-255,2902,18479,10,335376
24102,0.000138,172.31.36.0-255,66,18545,10,335376
24103,0.000145,172.217.194.0-255,5738,24283,10,335376
24104,0.000147,172.31.36.0-255,66,24349,10,335376
24105,0.000151,172.217.194.0-255,1484,25833,10,335376
24106,0.000152,172.31.36.0-255,66,25899,10,335376
24107,0.000169,172.217.194.0-255,5379,31278,10,335376
24108,0.000172,172.31.36.0-255,66,31344,10,335376
24109,0.000195,172.217.194.0-255,4320,35664,10,335376
24110,0.000198,172.31.36.0-255,66,35730,10,335376
24111,0.000222,172.217.194.0-255,2902,38632,10,335376
24112,0.000224,172.31.36.0-255,66,38698,10,335376
24113,0.000232,172.217.194.0-255,5738,44436,10,335376
24114,0.000234,172.31.36.0-255,66,44502,10,335376
24115,0.00025,172.217.194.0-255,1484,45986,10,335376
24116,0.000253,172.31.36.0-255,66,46052,10,335376
24117,0.000267,172.217.194.0-255,2543,48595,10,335376
24118,0.000271,172.31.36.0-255,66,48661,10,335376
24119,0.000333,172.217.194.0-255,1484,50145,10,335376
24120,0.000337,172.31.36.0-255,66,50211,10,335376
24121,0.00034,172.217.194.0-255,1484,51695,10,335376
24122,0.000354,172.217.194.0-255,1484,53179,10,335376
24123,0.00036,172.217.194.0-255,5738,58917,10,335376
24124,0.00036,172.31.36.0-255,66,58983,10,335376
24125,0.000364,172.31.36.0-255,66,59049,10,335376
24126,0.000399,172.217.194.0-255,2902,61951,10,335376
24127,0.000403,172.31.36.0-255,66,62017,10,335376
24128,0.000424,172.217.194.0-255,4541,66558,10,335376
24129,0.000427,172.31.36.0-255,66,66624,10,335376
24130,0.000582,172.217.194.0-255,1484,68108,10,335376
24131,0.000587,172.217.194.0-255,2902,71010,10,335376
24132,0.00059,172.31.36.0-255,66,71076,10,335376
24133,0.000594,172.217.194.0-255,1484,72560,10,335376
24134,0.000613,172.217.194.0-255,4320,76880,10,335376
24135,0.000616,172.31.36.0-255,66,76946,10,335376
24136,0.000621,172.217.194.0-255,4320,81266,10,335376
24137,0.000623,172.31.36.0-255,66,81332,10,335376
24138,0.000637,172.217.194.0-255,1994,83326,10,335376
24139,0.00064,172.31.36.0-255,66,83392,10,335376
24140,0.000694,172.217.194.0-255,1484,84876,10,335376
24141,0.000699,172.217.194.0-255,2902,87778,10,335376
24142,0.000702,172.31.36.0-255,66,87844,10,335376
24143,0.000726,172.217.194.0-255,5738,93582,10,335376
24144,0.00073,172.31.36.0-255,66,93648,10,335376
24145,0.000736,172.217.194.0-255,5738,99386,10,335376
24146,0.000738,172.31.36.0-255,66,99452,10,335376
24147,0.000764,172.31.36.0-255,66,99518,10,335376
24148,0.000791,172.217.194.0-255,4320,103838,10,335376
24149,0.000794,172.31.36.0-255,66,103904,10,335376
24150,0.0008,172.217.194.0-255,5020,108924,10,335376
24151,0.000802,172.31.36.0-255,66,108990,10,335376
24152,0.000898,172.217.194.0-255,1484,110474,10,335376
24153,0.000912,172.217.194.0-255,2902,113376,10,335376
24154,0.000915,172.31.36.0-255,66,113442,10,335376
24155,0.00095,172.217.194.0-255,5738,119180,10,335376
24156,0.000954,172.31.36.0-255,66,119246,10,335376
24157,0.000961,172.217.194.0-255,4320,123566,10,335376
24158,0.000964,172.31.36.0-255,66,123632,10,335376
24159,0.000975,172.217.194.0-255,4320,127952,10,335376
24160,0.000978,172.31.36.0-255,66,128018,10,335376
24161,0.001004,172.217.194.0-255,1484,129502,10,335376
24162,0.001018,172.31.36.0-255,66,129568,10,335376
24163,0.001021,172.217.194.0-255,766,130334,10,335376
24164,0.001554,172.31.36.0-255,66,130400,10,335376
24165,0.001824,172.217.194.0-255,1484,131884,10,335376
24166,0.001835,172.217.194.0-255,2902,134786,10,335376
24167,0.001842,172.31.36.0-255,66,134852,10,335376
24168,0.00185,172.217.194.0-255,4320,139172,10,335376
24169,0.001852,172.31.36.0-255,66,139238,10,335376
24170,0.001873,172.217.194.0-255,1484,140722,10,335376
24171,0.001896,172.217.194.0-255,4320,145042,10,335376
24172,0.001899,172.31.36.0-255,66,145108,10,335376
24173,0.001926,172.31.36.0-255,66,145174,10,335376
24174,0.001929,172.217.194.0-255,1484,146658,10,335376
24175,0.001952,172.31.36.0-255,66,146724,10,335376
24176,0.002019,172.217.194.0-255,1484,148208,10,335376
24177,0.002046,172.217.194.0-255,2902,151110,10,335376
24178,0.00205,172.31.36.0-255,66,151176,10,335376
24179,0.002053,172.217.194.0-255,1484,152660,10,335376
24180,0.002071,172.217.194.0-255,4320,156980,10,335376
24181,0.002074,172.31.36.0-255,66,157046,10,335376
24182,0.002116,172.217.194.0-255,7156,164202,10,335376
24183,0.002119,172.31.36.0-255,66,164268,10,335376
24184,0.002145,172.217.194.0-255,5738,170006,10,335376
24185,0.002148,172.31.36.0-255,66,170072,10,335376
24186,0.00216,172.31.36.0-255,66,170138,10,335376
24187,0.002163,172.217.194.0-255,766,170904,10,335376
24188,0.002425,172.217.194.0-255,1484,172388,10,335376
24189,0.002431,172.31.36.0-255,66,172454,10,335376
24190,0.002437,172.217.194.0-255,2902,175356,10,335376
24191,0.00244,172.31.36.0-255,66,175422,10,335376
24192,0.002447,172.217.194.0-255,5738,181160,10,335376
24193,0.002449,172.31.36.0-255,66,181226,10,335376
24194,0.002453,172.217.194.0-255,1484,182710,10,335376
24195,0.002516,172.31.36.0-255,66,182776,10,335376
24196,0.002538,172.31.36.0-255,66,182842,10,335376
24197,0.00254,172.217.194.0-255,1484,184326,10,335376
24198,0.002544,172.217.194.0-255,1484,185810,10,335376
24199,0.002545,172.31.36.0-255,66,185876,10,335376
24200,0.002567,172.217.194.0-255,1484,187360,10,335376
24201,0.002573,172.217.194.0-255,5738,193098,10,335376
24202,0.002575,172.31.36.0-255,66,193164,10,335376
24203,0.002579,172.217.194.0-255,2902,196066,10,335376
24204,0.002581,172.31.36.0-255,66,196132,10,335376
24205,0.002604,172.31.36.0-255,66,196198,10,335376
24206,0.002614,172.31.36.0-255,66,196264,10,335376
24207,0.002635,172.217.194.0-255,2184,198448,10,335376
24208,0.002637,172.31.36.0-255,66,198514,10,335376
24209,0.005218,172.217.194.0-255,4320,202834,10,335376
24210,0.005222,172.31.36.0-255,66,202900,10,335376
24211,0.005238,172.217.194.0-255,1484,204384,10,335376
24212,0.007794,172.217.194.0-255,4320,208704,10,335376
24213,0.007801,172.31.36.0-255,66,208770,10,335376
24214,0.010407,172.217.194.0-255,5738,214508,10,335376
24215,0.010415,172.31.36.0-255,66,214574,10,335376
24216,0.013039,172.217.194.0-255,5738,220312,10,335376
24217,0.01305,172.31.36.0-255,66,220378,10,335376
24218,0.015626,172.217.194.0-255,5738,226116,10,335376
24219,0.015637,172.31.36.0-255,66,226182,10,335376
24220,0.018237,172.217.194.0-255,5738,231920,10,335376
24221,0.018253,172.31.36.0-255,66,231986,10,335376
24222,0.020838,172.217.194.0-255,5738,237724,10,335376
24223,0.020849,172.31.36.0-255,66,237790,10,335376
24224,0.023424,172.217.194.0-255,5738,243528,10,335376
24225,0.023433,172.31.36.0-255,66,243594,10,335376
24226,0.026004,172.217.194.0-255,5738,249332,10,335376
24227,0.026011,172.31.36.0-255,66,249398,10,335376
24228,0.028587,172.217.194.0-255,5738,255136,10,335376
24229,0.028595,172.31.36.0-255,66,255202,10,335376
24230,0.031164,172.217.194.0-255,5738,260940,10,335376
24231,0.031174,172.31.36.0-255,66,261006,10,335376
24232,0.033758,172.217.194.0-255,5738,266744,10,335376
24233,0.033766,172.31.36.0-255,66,266810,10,335376
24234,0.033885,172.31.36.0-255,172,266982,10,335376
24235,0.033909,172.31.36.0-255,1111,268093,10,335376
24236,0.033959,172.31.36.0-255,1514,269607,10,335376
24237,0.033961,172.31.36.0-255,1292,270899,10,335376
24238,0.03546,104.244.42.0-255,66,270965,10,335376
24239,0.035467,104.244.42.0-255,66,271031,10,335376
24240,0.035548,104.244.42.0-255,66,271097,10,335376
24241,0.036327,172.217.194.0-255,2902,273999,10,335376
24242,0.036331,172.31.36.0-255,66,274065,10,335376
24243,0.036368,172.217.194.0-255,2902,276967,10,335376
24244,0.036371,172.31.36.0-255,66,277033,10,335376
24245,0.038928,172.217.194.0-255,5738,282771,10,335376
24246,0.038934,172.31.36.0-255,66,282837,10,335376
24247,0.041497,172.217.194.0-255,5738,288575,10,335376
24248,0.041502,172.31.36.0-255,66,288641,10,335376
24249,0.044079,172.217.194.0-255,2902,291543,10,335376
24250,0.044099,172.31.36.0-255,66,291609,10,335376
24251,0.044121,172.217.194.0-255,2902,294511,10,335376
24252,0.044125,172.31.36.0-255,66,294577,10,335376
24253,0.046679,172.217.194.0-255,2902,297479,10,335376
24254,0.046685,172.31.36.0-255,66,297545,10,335376
24255,0.046713,172.217.194.0-255,2902,300447,10,335376
24256,0.046716,172.31.36.0-255,66,300513,10,335376
24257,0.049289,172.217.194.0-255,2902,303415,10,335376
24258,0.049296,172.31.36.0-255,66,303481,10,335376
24259,0.049328,172.217.194.0-255,2902,306383,10,335376
24260,0.049332,172.31.36.0-255,66,306449,10,335376
24261,0.051858,172.217.194.0-255,2902,309351,10,335376
24262,0.051864,172.31.36.0-255,66,309417,10,335376
24263,0.051903,172.217.194.0-255,2902,312319,10,335376
24264,0.051906,172.31.36.0-255,66,312385,10,335376
24265,0.054441,172.217.194.0-255,2902,315287,10,335376
24266,0.054447,172.31.36.0-255,66,315353,10,335376
24267,0.0545,172.217.194.0-255,2902,318255,10,335376
24268,0.054504,172.31.36.0-255,66,318321,10,335376
24269,0.057028,172.217.194.0-255,2902,321223,10,335376
24270,0.057033,172.31.36.0-255,66,321289,10,335376
24271,0.057078,172.217.194.0-255,2902,324191,10,335376
24272,0.057081,172.31.36.0-255,66,324257,10,335376
24273,0.059583,172.217.194.0-255,2902,327159,10,335376
24274,0.059588,172.31.36.0-255,66,327225,10,335376
24275,0.059645,172.217.194.0-255,2902,330127,10,335376
24276,0.059649,172.31.36.0-255,66,330193,10,335376
24277,0.062154,172.217.194.0-255,2902,333095,10,335376
24278,0.06216,172.31.36.0-255,66,333161,10,335376
24279,0.062212,172.217.194.0-255,1978,335139,10,335376
24280,0.062216,172.31.36.0-255,66,335205,10,335376
24281,0.062383,172.31.36.0-255,105,335310,10,335376
24282,0.06496,172.217.194.0-255,66,335376,10,335376
24283,0.0,74.125.130.0-255,152,152,10,323901
24284,2.6e-05,172.31.36.0-255,66,218,10,323901
24285,3.3e-05,74.125.130.0-255,1484,1702,10,323901
24286,3.8e-05,172.31.36.0-255,66,1768,10,323901
24287,4.2e-05,74.125.130.0-255,2902,4670,10,323901
24288,5.2e-05,172.31.36.0-255,66,4736,10,323901
24289,5.5e-05,74.125.130.0-255,1484,6220,10,323901
24290,5.7e-05,172.31.36.0-255,66,6286,10,323901
24291,6.2e-05,74.125.130.0-255,2902,9188,10,323901
24292,6.4e-05,172.31.36.0-255,66,9254,10,323901
24293,9.3e-05,74.125.130.0-255,1484,10738,10,323901
24294,9.5e-05,172.31.36.0-255,66,10804,10,323901
24295,0.000116,74.125.130.0-255,2902,13706,10,323901
24296,0.000119,172.31.36.0-255,66,13772,10,323901
24297,0.000122,74.125.130.0-255,629,14401,10,323901
24298,0.000124,172.31.36.0-255,66,14467,10,323901
24299,0.000177,74.125.130.0-255,1484,15951,10,323901
24300,0.000181,172.31.36.0-255,66,16017,10,323901
24301,0.000185,74.125.130.0-255,1484,17501,10,323901
24302,0.000187,172.31.36.0-255,66,17567,10,323901
24303,0.000209,74.125.130.0-255,2902,20469,10,323901
24304,0.000216,172.31.36.0-255,66,20535,10,323901
24305,0.00022,74.125.130.0-255,2902,23437,10,323901
24306,0.000222,172.31.36.0-255,66,23503,10,323901
24307,0.000227,74.125.130.0-255,4320,27823,10,323901
24308,0.000229,172.31.36.0-255,66,27889,10,323901
24309,0.000256,74.125.130.0-255,3961,31850,10,323901
24310,0.00026,172.31.36.0-255,66,31916,10,323901
24311,0.000788,74.125.130.0-255,1484,33400,10,323901
24312,0.000794,172.31.36.0-255,66,33466,10,323901
24313,0.000826,74.125.130.0-255,2902,36368,10,323901
24314,0.000829,172.31.36.0-255,66,36434,10,323901
24315,0.000858,74.125.130.0-255,4320,40754,10,323901
24316,0.00086,172.31.36.0-255,66,40820,10,323901
24317,0.000866,74.125.130.0-255,2902,43722,10,323901
24318,0.000868,172.31.36.0-255,66,43788,10,323901
24319,0.000902,74.125.130.0-255,4320,48108,10,323901
24320,0.000906,172.31.36.0-255,66,48174,10,323901
24321,0.00092,74.125.130.0-255,1125,49299,10,323901
24322,0.000941,74.125.130.0-255,1484,50783,10,323901
24323,0.000944,172.31.36.0-255,66,50849,10,323901
24324,0.00097,74.125.130.0-255,1484,52333,10,323901
24325,0.000989,74.125.130.0-255,2902,55235,10,323901
24326,0.000992,172.31.36.0-255,66,55301,10,323901
24327,0.001019,74.125.130.0-255,2902,58203,10,323901
24328,0.001021,172.31.36.0-255,66,58269,10,323901
24329,0.001027,74.125.130.0-255,4320,62589,10,323901
24330,0.001029,172.31.36.0-255,66,62655,10,323901
24331,0.00106,74.125.130.0-255,4240,66895,10,323901
24332,0.001065,172.31.36.0-255,66,66961,10,323901
24333,0.001483,74.125.130.0-255,1484,68445,10,323901
24334,0.001516,74.125.130.0-255,1484,69929,10,323901
24335,0.001518,172.31.36.0-255,66,69995,10,323901
24336,0.001522,74.125.130.0-255,1484,71479,10,323901
24337,0.00154,74.125.130.0-255,1484,72963,10,323901
24338,0.001542,172.31.36.0-255,66,73029,10,323901
24339,0.001575,74.125.130.0-255,4320,77349,10,323901
24340,0.001578,172.31.36.0-255,66,77415,10,323901
24341,0.001604,74.125.130.0-255,5738,83153,10,323901
24342,0.001606,172.31.36.0-255,66,83219,10,323901
24343,0.001609,74.125.130.0-255,1125,84344,10,323901
24344,0.002335,74.125.130.0-255,1484,85828,10,323901
24345,0.002337,172.31.36.0-255,66,85894,10,323901
24346,0.002364,74.125.130.0-255,2902,88796,10,323901
24347,0.002366,172.31.36.0-255,66,88862,10,323901
24348,0.00239,74.125.130.0-255,1484,90346,10,323901
24349,0.002401,74.125.130.0-255,2902,93248,10,323901
24350,0.002402,172.31.36.0-255,66,93314,10,323901
24351,0.002426,74.125.130.0-255,5738,99052,10,323901
24352,0.002428,172.31.36.0-255,66,99118,10,323901
24353,0.002469,74.125.130.0-255,7156,106274,10,323901
24354,0.002471,172.31.36.0-255,66,106340,10,323901
24355,0.002476,74.125.130.0-255,4320,110660,10,323901
24356,0.002478,172.31.36.0-255,66,110726,10,323901
24357,0.002497,74.125.130.0-255,4320,115046,10,323901
24358,0.002499,172.31.36.0-255,66,115112,10,323901
24359,0.002507,74.125.130.0-255,3602,118714,10,323901
24360,0.002508,172.31.36.0-255,66,118780,10,323901
24361,0.004978,74.125.130.0-255,5738,124518,10,323901
24362,0.004982,172.31.36.0-255,66,124584,10,323901
24363,0.007483,74.125.130.0-255,5738,130322,10,323901
24364,0.00749,172.31.36.0-255,66,130388,10,323901
24365,0.00997,74.125.130.0-255,5738,136126,10,323901
24366,0.009978,172.31.36.0-255,66,136192,10,323901
24367,0.012466,74.125.130.0-255,5738,141930,10,323901
24368,0.012473,172.31.36.0-255,66,141996,10,323901
24369,0.014943,74.125.130.0-255,5738,147734,10,323901
24370,0.014949,172.31.36.0-255,66,147800,10,323901
24371,0.017439,74.125.130.0-255,5738,153538,10,323901
24372,0.01745,172.31.36.0-255,66,153604,10,323901
24373,0.01994,74.125.130.0-255,5738,159342,10,323901
24374,0.019948,172.31.36.0-255,66,159408,10,323901
24375,0.022434,74.125.130.0-255,5738,165146,10,323901
24376,0.022441,172.31.36.0-255,66,165212,10,323901
24377,0.024916,74.125.130.0-255,5738,170950,10,323901
24378,0.024922,172.31.36.0-255,66,171016,10,323901
24379,0.025639,172.31.36.0-255,172,171188,10,323901
24380,0.025668,172.31.36.0-255,1114,172302,10,323901
24381,0.025699,172.31.36.0-255,1514,173816,10,323901
24382,0.025701,172.31.36.0-255,1291,175107,10,323901
24383,0.027128,104.244.42.0-255,66,175173,10,323901
24384,0.027155,104.244.42.0-255,66,175239,10,323901
24385,0.027199,104.244.42.0-255,66,175305,10,323901
24386,0.027394,74.125.130.0-255,5738,181043,10,323901
24387,0.027399,172.31.36.0-255,66,181109,10,323901
24388,0.029869,74.125.130.0-255,5738,186847,10,323901
24389,0.029875,172.31.36.0-255,66,186913,10,323901
24390,0.032346,74.125.130.0-255,5738,192651,10,323901
24391,0.032352,172.31.36.0-255,66,192717,10,323901
24392,0.034822,74.125.130.0-255,5738,198455,10,323901
24393,0.034827,172.31.36.0-255,66,198521,10,323901
24394,0.037298,74.125.130.0-255,5738,204259,10,323901
24395,0.037302,172.31.36.0-255,66,204325,10,323901
24396,0.039775,74.125.130.0-255,5738,210063,10,323901
24397,0.039792,172.31.36.0-255,66,210129,10,323901
24398,0.042265,74.125.130.0-255,5738,215867,10,323901
24399,0.04227,172.31.36.0-255,66,215933,10,323901
24400,0.044778,74.125.130.0-255,5738,221671,10,323901
24401,0.044784,172.31.36.0-255,66,221737,10,323901
24402,0.047249,74.125.130.0-255,4320,226057,10,323901
24403,0.047255,172.31.36.0-255,66,226123,10,323901
24404,0.047292,74.125.130.0-255,1484,227607,10,323901
24405,0.049725,74.125.130.0-255,4320,231927,10,323901
24406,0.049731,172.31.36.0-255,66,231993,10,323901
24407,0.052194,74.125.130.0-255,5738,237731,10,323901
24408,0.052198,172.31.36.0-255,66,237797,10,323901
24409,0.054676,74.125.130.0-255,5738,243535,10,323901
24410,0.054681,172.31.36.0-255,66,243601,10,323901
24411,0.057156,74.125.130.0-255,5738,249339,10,323901
24412,0.057161,172.31.36.0-255,66,249405,10,323901
24413,0.059645,74.125.130.0-255,4320,253725,10,323901
24414,0.059651,172.31.36.0-255,66,253791,10,323901
24415,0.059679,74.125.130.0-255,1484,255275,10,323901
24416,0.062119,74.125.130.0-255,4320,259595,10,323901
24417,0.062123,172.31.36.0-255,66,259661,10,323901
24418,0.064593,74.125.130.0-255,5738,265399,10,323901
24419,0.064598,172.31.36.0-255,66,265465,10,323901
24420,0.067068,74.125.130.0-255,5738,271203,10,323901
24421,0.067073,172.31.36.0-255,66,271269,10,323901
24422,0.069544,74.125.130.0-255,5738,277007,10,323901
24423,0.06955,172.31.36.0-255,66,277073,10,323901
24424,0.072031,74.125.130.0-255,5738,282811,10,323901
24425,0.072037,172.31.36.0-255,66,282877,10,323901
24426,0.074513,74.125.130.0-255,5738,288615,10,323901
24427,0.074517,172.31.36.0-255,66,288681,10,323901
24428,0.076997,74.125.130.0-255,5738,294419,10,323901
24429,0.077002,172.31.36.0-255,66,294485,10,323901
24430,0.079493,74.125.130.0-255,5738,300223,10,323901
24431,0.0795,172.31.36.0-255,66,300289,10,323901
24432,0.081975,74.125.130.0-255,5738,306027,10,323901
24433,0.081981,172.31.36.0-255,66,306093,10,323901
24434,0.08448,74.125.130.0-255,2902,308995,10,323901
24435,0.084485,172.31.36.0-255,66,309061,10,323901
24436,0.084521,74.125.130.0-255,2902,311963,10,323901
24437,0.084525,172.31.36.0-255,66,312029,10,323901
24438,0.086966,74.125.130.0-255,2902,314931,10,323901
24439,0.08697,172.31.36.0-255,66,314997,10,323901
24440,0.087042,74.125.130.0-255,2902,317899,10,323901
24441,0.087049,172.31.36.0-255,66,317965,10,323901
24442,0.089438,74.125.130.0-255,2902,320867,10,323901
24443,0.089444,172.31.36.0-255,66,320933,10,323901
24444,0.089511,74.125.130.0-255,2902,323835,10,323901
24445,0.089516,172.31.36.0-255,66,323901,10,323901
24446,0.0,172.217.194.0-255,297,297,10,217566
24447,2.7e-05,172.31.36.0-255,66,363,10,217566
24448,3.4e-05,172.217.194.0-255,1484,1847,10,217566
24449,3.8e-05,172.31.36.0-255,66,1913,10,217566
24450,4.6e-05,172.217.194.0-255,4320,6233,10,217566
24451,5.8e-05,172.31.36.0-255,66,6299,10,217566
24452,7.1e-05,172.31.36.0-255,66,6365,10,217566
24453,9.5e-05,172.31.36.0-255,66,6431,10,217566
24454,0.000102,172.217.194.0-255,5379,11810,10,217566
24455,0.000105,172.31.36.0-255,66,11876,10,217566
24456,0.000631,172.217.194.0-255,1484,13360,10,217566
24457,0.000638,172.31.36.0-255,66,13426,10,217566
24458,0.000644,172.217.194.0-255,2902,16328,10,217566
24459,0.000646,172.31.36.0-255,66,16394,10,217566
24460,0.000679,172.217.194.0-255,5738,22132,10,217566
24461,0.000682,172.31.36.0-255,66,22198,10,217566
24462,0.000686,172.217.194.0-255,2902,25100,10,217566
24463,0.000688,172.31.36.0-255,66,25166,10,217566
24464,0.000725,172.31.36.0-255,66,25232,10,217566
24465,0.000731,172.217.194.0-255,4320,29552,10,217566
24466,0.000733,172.31.36.0-255,66,29618,10,217566
24467,0.000764,172.217.194.0-255,2902,32520,10,217566
24468,0.000766,172.31.36.0-255,66,32586,10,217566
24469,0.000793,172.217.194.0-255,2833,35419,10,217566
24470,0.000796,172.31.36.0-255,66,35485,10,217566
24471,0.0008,172.217.194.0-255,99,35584,10,217566
24472,0.000802,172.31.36.0-255,66,35650,10,217566
24473,0.000936,172.217.194.0-255,1484,37134,10,217566
24474,0.000941,172.31.36.0-255,66,37200,10,217566
24475,0.000947,172.217.194.0-255,2902,40102,10,217566
24476,0.000949,172.31.36.0-255,66,40168,10,217566
24477,0.000956,172.217.194.0-255,5738,45906,10,217566
24478,0.000962,172.31.36.0-255,66,45972,10,217566
24479,0.000969,172.217.194.0-255,4320,50292,10,217566
24480,0.000971,172.31.36.0-255,66,50358,10,217566
24481,0.001012,172.31.36.0-255,66,50424,10,217566
24482,0.001044,172.31.36.0-255,66,50490,10,217566
24483,0.001068,172.217.194.0-255,2902,53392,10,217566
24484,0.001071,172.31.36.0-255,66,53458,10,217566
24485,0.001099,172.217.194.0-255,5738,59196,10,217566
24486,0.001113,172.31.36.0-255,66,59262,10,217566
24487,0.00112,172.31.36.0-255,66,59328,10,217566
24488,0.001126,172.217.194.0-255,4320,63648,10,217566
24489,0.001128,172.31.36.0-255,66,63714,10,217566
24490,0.00117,172.31.36.0-255,66,63780,10,217566
24491,0.001174,172.217.194.0-255,1484,65264,10,217566
24492,0.001197,172.217.194.0-255,2902,68166,10,217566
24493,0.001201,172.31.36.0-255,66,68232,10,217566
24494,0.001204,172.217.194.0-255,1484,69716,10,217566
24495,0.001226,172.217.194.0-255,4320,74036,10,217566
24496,0.001232,172.217.194.0-255,5738,79774,10,217566
24497,0.001234,172.217.194.0-255,1484,81258,10,217566
24498,0.001239,172.31.36.0-255,66,81324,10,217566
24499,0.001242,172.31.36.0-255,66,81390,10,217566
24500,0.001303,172.31.36.0-255,66,81456,10,217566
24501,0.001322,172.217.194.0-255,5020,86476,10,217566
24502,0.001329,172.31.36.0-255,66,86542,10,217566
24503,0.001378,172.217.194.0-255,1484,88026,10,217566
24504,0.001384,172.217.194.0-255,2902,90928,10,217566
24505,0.001387,172.31.36.0-255,66,90994,10,217566
24506,0.001414,172.217.194.0-255,5738,96732,10,217566
24507,0.001417,172.217.194.0-255,1484,98216,10,217566
24508,0.001421,172.31.36.0-255,66,98282,10,217566
24509,0.001441,172.217.194.0-255,5738,104020,10,217566
24510,0.001444,172.31.36.0-255,66,104086,10,217566
24511,0.001478,172.31.36.0-255,66,104152,10,217566
24512,0.001501,172.217.194.0-255,1484,105636,10,217566
24513,0.001506,172.217.194.0-255,2184,107820,10,217566
24514,0.001508,172.31.36.0-255,66,107886,10,217566
24515,0.001543,172.217.194.0-255,1484,109370,10,217566
24516,0.001546,172.217.194.0-255,1484,110854,10,217566
24517,0.001549,172.31.36.0-255,66,110920,10,217566
24518,0.001566,172.217.194.0-255,1484,112404,10,217566
24519,0.001569,172.217.194.0-255,1484,113888,10,217566
24520,0.001571,172.31.36.0-255,66,113954,10,217566
24521,0.001595,172.217.194.0-255,4320,118274,10,217566
24522,0.001598,172.31.36.0-255,66,118340,10,217566
24523,0.001605,172.217.194.0-255,7156,125496,10,217566
24524,0.001608,172.31.36.0-255,66,125562,10,217566
24525,0.001666,172.217.194.0-255,2184,127746,10,217566
24526,0.001683,172.31.36.0-255,66,127812,10,217566
24527,0.001687,172.31.36.0-255,66,127878,10,217566
24528,0.00169,172.31.36.0-255,66,127944,10,217566
24529,0.001726,172.217.194.0-255,2902,130846,10,217566
24530,0.001729,172.31.36.0-255,66,130912,10,217566
24531,0.001742,172.31.36.0-255,66,130978,10,217566
24532,0.001749,172.217.194.0-255,5020,135998,10,217566
24533,0.001755,172.217.194.0-255,5738,141736,10,217566
24534,0.001806,172.31.36.0-255,66,141802,10,217566
24535,0.001825,172.31.36.0-255,66,141868,10,217566
24536,0.002182,172.217.194.0-255,1484,143352,10,217566
24537,0.002207,172.217.194.0-255,2902,146254,10,217566
24538,0.002211,172.31.36.0-255,66,146320,10,217566
24539,0.002219,172.217.194.0-255,5738,152058,10,217566
24540,0.002221,172.31.36.0-255,66,152124,10,217566
24541,0.002231,172.217.194.0-255,2902,155026,10,217566
24542,0.002233,172.31.36.0-255,66,155092,10,217566
24543,0.002284,172.31.36.0-255,66,155158,10,217566
24544,0.002296,172.31.36.0-255,66,155224,10,217566
24545,0.002304,172.217.194.0-255,766,155990,10,217566
24546,0.002307,172.217.194.0-255,1484,157474,10,217566
24547,0.002311,172.217.194.0-255,4320,161794,10,217566
24548,0.002396,172.217.194.0-255,3602,165396,10,217566
24549,0.002414,172.31.36.0-255,66,165462,10,217566
24550,0.004755,172.217.194.0-255,5738,171200,10,217566
24551,0.004763,172.31.36.0-255,66,171266,10,217566
24552,0.007137,172.217.194.0-255,5738,177004,10,217566
24553,0.007145,172.31.36.0-255,66,177070,10,217566
24554,0.009517,172.217.194.0-255,5738,182808,10,217566
24555,0.009525,172.31.36.0-255,66,182874,10,217566
24556,0.011888,172.217.194.0-255,5738,188612,10,217566
24557,0.011896,172.31.36.0-255,66,188678,10,217566
24558,0.014265,172.217.194.0-255,5738,194416,10,217566
24559,0.014274,172.31.36.0-255,66,194482,10,217566
24560,0.016627,172.217.194.0-255,5738,200220,10,217566
24561,0.016636,172.31.36.0-255,66,200286,10,217566
24562,0.019007,172.217.194.0-255,5738,206024,10,217566
24563,0.019016,172.31.36.0-255,66,206090,10,217566
24564,0.021392,172.217.194.0-255,5738,211828,10,217566
24565,0.021403,172.31.36.0-255,66,211894,10,217566
24566,0.023725,172.217.194.0-255,1154,213048,10,217566
24567,0.023848,172.31.36.0-255,66,213114,10,217566
24568,0.023887,172.31.36.0-255,105,213219,10,217566
24569,0.026211,172.217.194.0-255,66,213285,10,217566
24570,0.035926,172.31.36.0-255,164,213449,10,217566
24571,0.03596,172.31.36.0-255,1121,214570,10,217566
24572,0.036019,172.31.36.0-255,1514,216084,10,217566
24573,0.036021,172.31.36.0-255,1284,217368,10,217566
24574,0.03751,104.244.42.0-255,66,217434,10,217566
24575,0.03752,104.244.42.0-255,66,217500,10,217566
24576,0.037604,104.244.42.0-255,66,217566,10,217566
24577,0.0,74.125.24.0-255,153,153,10,317315
24578,2.6e-05,172.31.36.0-255,66,219,10,317315
24579,3.3e-05,74.125.24.0-255,1484,1703,10,317315
24580,3.7e-05,172.31.36.0-255,66,1769,10,317315
24581,5e-05,74.125.24.0-255,2902,4671,10,317315
24582,5.4e-05,172.31.36.0-255,66,4737,10,317315
24583,5.9e-05,74.125.24.0-255,2902,7639,10,317315
24584,6.1e-05,172.31.36.0-255,66,7705,10,317315
24585,0.0001,74.125.24.0-255,6305,14010,10,317315
24586,0.000104,172.31.36.0-255,66,14076,10,317315
24587,0.000139,74.125.24.0-255,7156,21232,10,317315
24588,0.000143,172.31.36.0-255,66,21298,10,317315
24589,0.000149,74.125.24.0-255,4320,25618,10,317315
24590,0.000151,172.31.36.0-255,66,25684,10,317315
24591,0.000185,74.125.24.0-255,5379,31063,10,317315
24592,0.000188,172.31.36.0-255,66,31129,10,317315
24593,0.000372,74.125.24.0-255,1484,32613,10,317315
24594,0.000378,172.31.36.0-255,66,32679,10,317315
24595,0.000397,74.125.24.0-255,2902,35581,10,317315
24596,0.000402,172.31.36.0-255,66,35647,10,317315
24597,0.000405,74.125.24.0-255,1484,37131,10,317315
24598,0.000407,172.31.36.0-255,66,37197,10,317315
24599,0.000413,74.125.24.0-255,2902,40099,10,317315
24600,0.000416,172.31.36.0-255,66,40165,10,317315
24601,0.000421,74.125.24.0-255,4320,44485,10,317315
24602,0.000423,172.31.36.0-255,66,44551,10,317315
24603,0.000436,74.125.24.0-255,1484,46035,10,317315
24604,0.00044,172.31.36.0-255,66,46101,10,317315
24605,0.000462,74.125.24.0-255,4320,50421,10,317315
24606,0.000466,172.31.36.0-255,66,50487,10,317315
24607,0.000494,74.125.24.0-255,5379,55866,10,317315
24608,0.000498,172.31.36.0-255,66,55932,10,317315
24609,0.000503,74.125.24.0-255,4320,60252,10,317315
24610,0.000506,172.31.36.0-255,66,60318,10,317315
24611,0.00054,74.125.24.0-255,5958,66276,10,317315
24612,0.000545,172.31.36.0-255,66,66342,10,317315
24613,0.001112,74.125.24.0-255,1484,67826,10,317315
24614,0.001124,74.125.24.0-255,2902,70728,10,317315
24615,0.001129,172.31.36.0-255,66,70794,10,317315
24616,0.001137,74.125.24.0-255,5738,76532,10,317315
24617,0.00114,172.31.36.0-255,66,76598,10,317315
24618,0.001162,172.31.36.0-255,66,76664,10,317315
24619,0.001191,74.125.24.0-255,2902,79566,10,317315
24620,0.001195,172.31.36.0-255,66,79632,10,317315
24621,0.001226,74.125.24.0-255,7156,86788,10,317315
24622,0.001229,172.31.36.0-255,66,86854,10,317315
24623,0.001233,74.125.24.0-255,766,87620,10,317315
24624,0.001374,74.125.24.0-255,1484,89104,10,317315
24625,0.001379,172.31.36.0-255,66,89170,10,317315
24626,0.001386,74.125.24.0-255,2902,92072,10,317315
24627,0.001389,172.31.36.0-255,66,92138,10,317315
24628,0.001421,74.125.24.0-255,5738,97876,10,317315
24629,0.001424,172.31.36.0-255,66,97942,10,317315
24630,0.001427,74.125.24.0-255,1484,99426,10,317315
24631,0.001455,172.31.36.0-255,66,99492,10,317315
24632,0.001466,74.125.24.0-255,1484,100976,10,317315
24633,0.001494,172.31.36.0-255,66,101042,10,317315
24634,0.001552,74.125.24.0-255,1484,102526,10,317315
24635,0.001555,74.125.24.0-255,1484,104010,10,317315
24636,0.001557,172.31.36.0-255,66,104076,10,317315
24637,0.001574,74.125.24.0-255,1484,105560,10,317315
24638,0.00158,74.125.24.0-255,4320,109880,10,317315
24639,0.001582,172.31.36.0-255,66,109946,10,317315
24640,0.001588,74.125.24.0-255,5738,115684,10,317315
24641,0.00159,172.31.36.0-255,66,115750,10,317315
24642,0.00162,74.125.24.0-255,2902,118652,10,317315
24643,0.001623,172.31.36.0-255,66,118718,10,317315
24644,0.001628,74.125.24.0-255,4320,123038,10,317315
24645,0.001646,172.31.36.0-255,66,123104,10,317315
24646,0.00168,172.31.36.0-255,66,123170,10,317315
24647,0.001684,74.125.24.0-255,1484,124654,10,317315
24648,0.001688,74.125.24.0-255,2902,127556,10,317315
24649,0.00169,172.31.36.0-255,66,127622,10,317315
24650,0.001729,74.125.24.0-255,5738,133360,10,317315
24651,0.001733,172.31.36.0-255,66,133426,10,317315
24652,0.001746,172.31.36.0-255,66,133492,10,317315
24653,0.001789,74.125.24.0-255,4320,137812,10,317315
24654,0.001793,172.31.36.0-255,66,137878,10,317315
24655,0.001834,172.31.36.0-255,66,137944,10,317315
24656,0.001853,172.31.36.0-255,66,138010,10,317315
24657,0.00187,172.31.36.0-255,66,138076,10,317315
24658,0.001899,74.125.24.0-255,5020,143096,10,317315
24659,0.001903,172.31.36.0-255,66,143162,10,317315
24660,0.001945,74.125.24.0-255,1484,144646,10,317315
24661,0.001962,74.125.24.0-255,2902,147548,10,317315
24662,0.001965,172.31.36.0-255,66,147614,10,317315
24663,0.001992,74.125.24.0-255,5738,153352,10,317315
24664,0.001995,172.31.36.0-255,66,153418,10,317315
24665,0.002048,172.31.36.0-255,66,153484,10,317315
24666,0.002078,74.125.24.0-255,7156,160640,10,317315
24667,0.002081,172.31.36.0-255,66,160706,10,317315
24668,0.002109,74.125.24.0-255,3602,164308,10,317315
24669,0.002112,172.31.36.0-255,66,164374,10,317315
24670,0.004385,74.125.24.0-255,1484,165858,10,317315
24671,0.004462,74.125.24.0-255,4320,170178,10,317315
24672,0.004467,172.31.36.0-255,66,170244,10,317315
24673,0.006804,74.125.24.0-255,5738,175982,10,317315
24674,0.006808,172.31.36.0-255,66,176048,10,317315
24675,0.00914,74.125.24.0-255,5738,181786,10,317315
24676,0.009147,172.31.36.0-255,66,181852,10,317315
24677,0.011487,74.125.24.0-255,5738,187590,10,317315
24678,0.011497,172.31.36.0-255,66,187656,10,317315
24679,0.013826,74.125.24.0-255,5738,193394,10,317315
24680,0.013834,172.31.36.0-255,66,193460,10,317315
24681,0.016163,74.125.24.0-255,5738,199198,10,317315
24682,0.016173,172.31.36.0-255,66,199264,10,317315
24683,0.018505,74.125.24.0-255,5738,205002,10,317315
24684,0.018512,172.31.36.0-255,66,205068,10,317315
24685,0.020858,74.125.24.0-255,5738,210806,10,317315
24686,0.020867,172.31.36.0-255,66,210872,10,317315
24687,0.023238,74.125.24.0-255,5738,216610,10,317315
24688,0.023246,172.31.36.0-255,66,216676,10,317315
24689,0.025577,74.125.24.0-255,5738,222414,10,317315
24690,0.025585,172.31.36.0-255,66,222480,10,317315
24691,0.026523,172.31.36.0-255,167,222647,10,317315
24692,0.026557,172.31.36.0-255,1112,223759,10,317315
24693,0.026614,172.31.36.0-255,1514,225273,10,317315
24694,0.026615,172.31.36.0-255,1291,226564,10,317315
24695,0.027928,74.125.24.0-255,5738,232302,10,317315
24696,0.027936,172.31.36.0-255,66,232368,10,317315
24697,0.02805,104.244.42.0-255,66,232434,10,317315
24698,0.028111,104.244.42.0-255,66,232500,10,317315
24699,0.028249,104.244.42.0-255,66,232566,10,317315
24700,0.030245,74.125.24.0-255,5738,238304,10,317315
24701,0.030252,172.31.36.0-255,66,238370,10,317315
24702,0.032622,74.125.24.0-255,5738,244108,10,317315
24703,0.03263,172.31.36.0-255,66,244174,10,317315
24704,0.034963,74.125.24.0-255,5738,249912,10,317315
24705,0.03497,172.31.36.0-255,66,249978,10,317315
24706,0.037323,74.125.24.0-255,5738,255716,10,317315
24707,0.037329,172.31.36.0-255,66,255782,10,317315
24708,0.039678,74.125.24.0-255,5738,261520,10,317315
24709,0.039685,172.31.36.0-255,66,261586,10,317315
24710,0.042009,74.125.24.0-255,5738,267324,10,317315
24711,0.042018,172.31.36.0-255,66,267390,10,317315
24712,0.044369,74.125.24.0-255,5738,273128,10,317315
24713,0.044376,172.31.36.0-255,66,273194,10,317315
24714,0.046785,74.125.24.0-255,5738,278932,10,317315
24715,0.046792,172.31.36.0-255,66,278998,10,317315
24716,0.049152,74.125.24.0-255,5738,284736,10,317315
24717,0.049159,172.31.36.0-255,66,284802,10,317315
24718,0.051485,74.125.24.0-255,5738,290540,10,317315
24719,0.051491,172.31.36.0-255,66,290606,10,317315
24720,0.053831,74.125.24.0-255,5738,296344,10,317315
24721,0.053839,172.31.36.0-255,66,296410,10,317315
24722,0.05617,74.125.24.0-255,5738,302148,10,317315
24723,0.056177,172.31.36.0-255,66,302214,10,317315
24724,0.058498,74.125.24.0-255,5738,307952,10,317315
24725,0.058504,172.31.36.0-255,66,308018,10,317315
24726,0.060839,74.125.24.0-255,5738,313756,10,317315
24727,0.060846,172.31.36.0-255,66,313822,10,317315
24728,0.063165,74.125.24.0-255,3256,317078,10,317315
24729,0.063172,172.31.36.0-255,66,317144,10,317315
24730,0.063592,172.31.36.0-255,105,317249,10,317315
24731,0.065875,74.125.24.0-255,66,317315,10,317315
24732,0.0,172.217.194.0-255,154,154,10,330507
24733,2.7e-05,172.31.36.0-255,66,220,10,330507
24734,3.4e-05,172.217.194.0-255,1484,1704,10,330507
24735,3.8e-05,172.31.36.0-255,66,1770,10,330507
24736,4.3e-05,172.217.194.0-255,2902,4672,10,330507
24737,4.6e-05,172.31.36.0-255,66,4738,10,330507
24738,5.4e-05,172.217.194.0-255,7156,11894,10,330507
24739,5.7e-05,172.31.36.0-255,66,11960,10,330507
24740,9.8e-05,172.31.36.0-255,66,12026,10,330507
24741,0.000175,172.217.194.0-255,2543,14569,10,330507
24742,0.000178,172.31.36.0-255,66,14635,10,330507
24743,0.000185,172.217.194.0-255,2902,17537,10,330507
24744,0.000186,172.31.36.0-255,66,17603,10,330507
24745,0.000209,172.217.194.0-255,7156,24759,10,330507
24746,0.000212,172.31.36.0-255,66,24825,10,330507
24747,0.000253,172.217.194.0-255,1484,26309,10,330507
24748,0.000256,172.31.36.0-255,66,26375,10,330507
24749,0.000278,172.217.194.0-255,5379,31754,10,330507
24750,0.000281,172.31.36.0-255,66,31820,10,330507
24751,0.000589,172.217.194.0-255,1484,33304,10,330507
24752,0.000593,172.31.36.0-255,66,33370,10,330507
24753,0.000599,172.217.194.0-255,2902,36272,10,330507
24754,0.000601,172.31.36.0-255,66,36338,10,330507
24755,0.000623,172.217.194.0-255,2902,39240,10,330507
24756,0.000626,172.31.36.0-255,66,39306,10,330507
24757,0.000647,172.217.194.0-255,2902,42208,10,330507
24758,0.000649,172.31.36.0-255,66,42274,10,330507
24759,0.000655,172.217.194.0-255,4320,46594,10,330507
24760,0.000657,172.31.36.0-255,66,46660,10,330507
24761,0.000679,172.217.194.0-255,3122,49782,10,330507
24762,0.000683,172.31.36.0-255,66,49848,10,330507
24763,0.000701,172.217.194.0-255,4320,54168,10,330507
24764,0.000704,172.31.36.0-255,66,54234,10,330507
24765,0.000722,172.217.194.0-255,2902,57136,10,330507
24766,0.000724,172.31.36.0-255,66,57202,10,330507
24767,0.000741,172.217.194.0-255,7156,64358,10,330507
24768,0.000743,172.31.36.0-255,66,64424,10,330507
24769,0.000791,172.217.194.0-255,2543,66967,10,330507
24770,0.000794,172.31.36.0-255,66,67033,10,330507
24771,0.000798,172.217.194.0-255,2902,69935,10,330507
24772,0.0008,172.31.36.0-255,66,70001,10,330507
24773,0.000807,172.217.194.0-255,7156,77157,10,330507
24774,0.000809,172.31.36.0-255,66,77223,10,330507
24775,0.00084,172.217.194.0-255,1484,78707,10,330507
24776,0.000855,172.217.194.0-255,5379,84086,10,330507
24777,0.000858,172.31.36.0-255,66,84152,10,330507
24778,0.001359,172.217.194.0-255,1484,85636,10,330507
24779,0.00137,172.217.194.0-255,2902,88538,10,330507
24780,0.001374,172.31.36.0-255,66,88604,10,330507
24781,0.00138,172.217.194.0-255,2902,91506,10,330507
24782,0.001382,172.31.36.0-255,66,91572,10,330507
24783,0.0014,172.217.194.0-255,2902,94474,10,330507
24784,0.001402,172.31.36.0-255,66,94540,10,330507
24785,0.001406,172.217.194.0-255,2902,97442,10,330507
24786,0.001408,172.31.36.0-255,66,97508,10,330507
24787,0.001412,172.217.194.0-255,1484,98992,10,330507
24788,0.001441,172.31.36.0-255,66,99058,10,330507
24789,0.001474,172.217.194.0-255,4320,103378,10,330507
24790,0.001477,172.31.36.0-255,66,103444,10,330507
24791,0.001502,172.217.194.0-255,6438,109882,10,330507
24792,0.001505,172.31.36.0-255,66,109948,10,330507
24793,0.001558,172.217.194.0-255,5738,115686,10,330507
24794,0.001563,172.31.36.0-255,66,115752,10,330507
24795,0.001593,172.217.194.0-255,7156,122908,10,330507
24796,0.001597,172.31.36.0-255,66,122974,10,330507
24797,0.001614,172.217.194.0-255,1484,124458,10,330507
24798,0.001638,172.31.36.0-255,66,124524,10,330507
24799,0.001712,172.217.194.0-255,2902,127426,10,330507
24800,0.001715,172.31.36.0-255,66,127492,10,330507
24801,0.001732,172.217.194.0-255,3602,131094,10,330507
24802,0.001735,172.31.36.0-255,66,131160,10,330507
24803,0.001739,172.217.194.0-255,2902,134062,10,330507
24804,0.001741,172.31.36.0-255,66,134128,10,330507
24805,0.001772,172.217.194.0-255,2902,137030,10,330507
24806,0.001774,172.31.36.0-255,66,137096,10,330507
24807,0.001796,172.31.36.0-255,66,137162,10,330507
24808,0.00184,172.31.36.0-255,66,137228,10,330507
24809,0.001876,172.31.36.0-255,66,137294,10,330507
24810,0.001941,172.217.194.0-255,2902,140196,10,330507
24811,0.001945,172.31.36.0-255,66,140262,10,330507
24812,0.00196,172.217.194.0-255,7156,147418,10,330507
24813,0.001962,172.31.36.0-255,66,147484,10,330507
24814,0.002006,172.217.194.0-255,7156,154640,10,330507
24815,0.002009,172.31.36.0-255,66,154706,10,330507
24816,0.00203,172.217.194.0-255,4320,159026,10,330507
24817,0.002033,172.31.36.0-255,66,159092,10,330507
24818,0.00208,172.217.194.0-255,2902,161994,10,330507
24819,0.002083,172.31.36.0-255,66,162060,10,330507
24820,0.002114,172.31.36.0-255,66,162126,10,330507
24821,0.002151,172.217.194.0-255,7156,169282,10,330507
24822,0.002155,172.31.36.0-255,66,169348,10,330507
24823,0.002176,172.217.194.0-255,5738,175086,10,330507
24824,0.002179,172.31.36.0-255,66,175152,10,330507
24825,0.002223,172.217.194.0-255,2902,178054,10,330507
24826,0.002226,172.31.36.0-255,66,178120,10,330507
24827,0.002276,172.31.36.0-255,66,178186,10,330507
24828,0.004553,172.217.194.0-255,5738,183924,10,330507
24829,0.004558,172.31.36.0-255,66,183990,10,330507
24830,0.006804,172.217.194.0-255,4320,188310,10,330507
24831,0.00681,172.31.36.0-255,66,188376,10,330507
24832,0.006829,172.217.194.0-255,1484,189860,10,330507
24833,0.009081,172.217.194.0-255,4320,194180,10,330507
24834,0.009088,172.31.36.0-255,66,194246,10,330507
24835,0.011361,172.217.194.0-255,5738,199984,10,330507
24836,0.011368,172.31.36.0-255,66,200050,10,330507
24837,0.013658,172.217.194.0-255,5738,205788,10,330507
24838,0.013665,172.31.36.0-255,66,205854,10,330507
24839,0.015956,172.217.194.0-255,5738,211592,10,330507
24840,0.015966,172.31.36.0-255,66,211658,10,330507
24841,0.01826,172.217.194.0-255,5738,217396,10,330507
24842,0.018268,172.31.36.0-255,66,217462,10,330507
24843,0.020546,172.217.194.0-255,5738,223200,10,330507
24844,0.020556,172.31.36.0-255,66,223266,10,330507
24845,0.022841,172.217.194.0-255,5738,229004,10,330507
24846,0.02285,172.31.36.0-255,66,229070,10,330507
24847,0.02512,172.217.194.0-255,5738,234808,10,330507
24848,0.025128,172.31.36.0-255,66,234874,10,330507
24849,0.027409,172.217.194.0-255,5738,240612,10,330507
24850,0.027416,172.31.36.0-255,66,240678,10,330507
24851,0.028645,172.31.36.0-255,176,240854,10,330507
24852,0.028674,172.31.36.0-255,1113,241967,10,330507
24853,0.028715,172.31.36.0-255,1514,243481,10,330507
24854,0.028717,172.31.36.0-255,1290,244771,10,330507
24855,0.029726,172.217.194.0-255,5738,250509,10,330507
24856,0.029734,172.31.36.0-255,66,250575,10,330507
24857,0.030178,104.244.42.0-255,66,250641,10,330507
24858,0.030225,104.244.42.0-255,66,250707,10,330507
24859,0.030272,104.244.42.0-255,66,250773,10,330507
24860,0.03203,172.217.194.0-255,5738,256511,10,330507
24861,0.032037,172.31.36.0-255,66,256577,10,330507
24862,0.034327,172.217.194.0-255,5738,262315,10,330507
24863,0.034332,172.31.36.0-255,66,262381,10,330507
24864,0.036568,172.217.194.0-255,5738,268119,10,330507
24865,0.036574,172.31.36.0-255,66,268185,10,330507
24866,0.038911,172.217.194.0-255,5738,273923,10,330507
24867,0.038916,172.31.36.0-255,66,273989,10,330507
24868,0.041271,172.217.194.0-255,5738,279727,10,330507
24869,0.041277,172.31.36.0-255,66,279793,10,330507
24870,0.043571,172.217.194.0-255,5738,285531,10,330507
24871,0.043582,172.31.36.0-255,66,285597,10,330507
24872,0.045843,172.217.194.0-255,5738,291335,10,330507
24873,0.045851,172.31.36.0-255,66,291401,10,330507
24874,0.04811,172.217.194.0-255,5738,297139,10,330507
24875,0.048117,172.31.36.0-255,66,297205,10,330507
24876,0.050356,172.217.194.0-255,5738,302943,10,330507
24877,0.050364,172.31.36.0-255,66,303009,10,330507
24878,0.052647,172.217.194.0-255,5738,308747,10,330507
24879,0.052654,172.31.36.0-255,66,308813,10,330507
24880,0.054932,172.217.194.0-255,5738,314551,10,330507
24881,0.054938,172.31.36.0-255,66,314617,10,330507
24882,0.057204,172.217.194.0-255,1484,316101,10,330507
24883,0.05724,172.217.194.0-255,4320,320421,10,330507
24884,0.057245,172.31.36.0-255,66,320487,10,330507
24885,0.059517,172.217.194.0-255,5738,326225,10,330507
24886,0.059525,172.31.36.0-255,66,326291,10,330507
24887,0.061812,172.217.194.0-255,3979,330270,10,330507
24888,0.061822,172.31.36.0-255,66,330336,10,330507
24889,0.06206,172.31.36.0-255,105,330441,10,330507
24890,0.064327,172.217.194.0-255,66,330507,10,330507
24891,0.0,74.125.130.0-255,153,153,10,382038
24892,1.4e-05,172.31.36.0-255,66,219,10,382038
24893,3.2e-05,74.125.130.0-255,1484,1703,10,382038
24894,3.7e-05,172.31.36.0-255,66,1769,10,382038
24895,5.2e-05,74.125.130.0-255,2902,4671,10,382038
24896,5.5e-05,172.31.36.0-255,66,4737,10,382038
24897,8.9e-05,74.125.130.0-255,4320,9057,10,382038
24898,9.2e-05,172.31.36.0-255,66,9123,10,382038
24899,0.000118,74.125.130.0-255,1484,10607,10,382038
24900,0.00012,172.31.36.0-255,66,10673,10,382038
24901,0.000141,74.125.130.0-255,3469,14142,10,382038
24902,0.000144,172.31.36.0-255,66,14208,10,382038
24903,0.000258,74.125.130.0-255,1484,15692,10,382038
24904,0.000263,172.31.36.0-255,66,15758,10,382038
24905,0.000278,74.125.130.0-255,1484,17242,10,382038
24906,0.00028,172.31.36.0-255,66,17308,10,382038
24907,0.000312,74.125.130.0-255,1484,18792,10,382038
24908,0.000315,172.31.36.0-255,66,18858,10,382038
24909,0.000332,74.125.130.0-255,1484,20342,10,382038
24910,0.000335,172.31.36.0-255,66,20408,10,382038
24911,0.000339,74.125.130.0-255,1484,21892,10,382038
24912,0.000341,172.31.36.0-255,66,21958,10,382038
24913,0.000355,74.125.130.0-255,2902,24860,10,382038
24914,0.000358,172.31.36.0-255,66,24926,10,382038
24915,0.000377,74.125.130.0-255,1484,26410,10,382038
24916,0.000379,172.31.36.0-255,66,26476,10,382038
24917,0.000409,74.125.130.0-255,2902,29378,10,382038
24918,0.000411,172.31.36.0-255,66,29444,10,382038
24919,0.000445,74.125.130.0-255,2543,31987,10,382038
24920,0.000447,172.31.36.0-255,66,32053,10,382038
24921,0.000816,74.125.130.0-255,1484,33537,10,382038
24922,0.000821,172.31.36.0-255,66,33603,10,382038
24923,0.000827,74.125.130.0-255,1484,35087,10,382038
24924,0.000829,172.31.36.0-255,66,35153,10,382038
24925,0.000848,74.125.130.0-255,2902,38055,10,382038
24926,0.00085,172.31.36.0-255,66,38121,10,382038
24927,0.000883,74.125.130.0-255,5738,43859,10,382038
24928,0.000936,74.125.130.0-255,4320,48179,10,382038
24929,0.000957,74.125.130.0-255,2543,50722,10,382038
24930,0.000991,74.125.130.0-255,5738,56460,10,382038
24931,0.001034,74.125.130.0-255,2902,59362,10,382038
24932,0.001058,74.125.130.0-255,4320,63682,10,382038
24933,0.001082,74.125.130.0-255,2801,66483,10,382038
24934,0.001399,74.125.130.0-255,397,66880,10,382038
24935,0.001705,74.125.130.0-255,1484,68364,10,382038
24936,0.001721,74.125.130.0-255,2902,71266,10,382038
24937,0.001742,74.125.130.0-255,1484,72750,10,382038
24938,0.001755,74.125.130.0-255,1484,74234,10,382038
24939,0.001825,74.125.130.0-255,1484,75718,10,382038
24940,0.001829,74.125.130.0-255,2902,78620,10,382038
24941,0.001864,74.125.130.0-255,1484,80104,10,382038
24942,0.001878,172.31.36.0-255,66,80170,10,382038
24943,0.001889,74.125.130.0-255,2902,83072,10,382038
24944,0.001926,172.31.36.0-255,66,83138,10,382038
24945,0.001961,74.125.130.0-255,2902,86040,10,382038
24946,0.00199,172.31.36.0-255,66,86106,10,382038
24947,0.002009,74.125.130.0-255,1484,87590,10,382038
24948,0.002028,74.125.130.0-255,2902,90492,10,382038
24949,0.002031,74.125.130.0-255,1484,91976,10,382038
24950,0.002046,172.31.36.0-255,66,92042,10,382038
24951,0.002053,74.125.130.0-255,1484,93526,10,382038
24952,0.002082,74.125.130.0-255,2902,96428,10,382038
24953,0.002085,74.125.130.0-255,1484,97912,10,382038
24954,0.002098,172.31.36.0-255,66,97978,10,382038
24955,0.002105,74.125.130.0-255,1484,99462,10,382038
24956,0.00213,74.125.130.0-255,2184,101646,10,382038
24957,0.002143,172.31.36.0-255,66,101712,10,382038
24958,0.002539,74.125.130.0-255,1484,103196,10,382038
24959,0.002545,74.125.130.0-255,2902,106098,10,382038
24960,0.002549,172.31.36.0-255,66,106164,10,382038
24961,0.002554,74.125.130.0-255,2902,109066,10,382038
24962,0.002568,74.125.130.0-255,1484,110550,10,382038
24963,0.00257,74.125.130.0-255,1484,112034,10,382038
24964,0.002575,172.31.36.0-255,66,112100,10,382038
24965,0.002587,74.125.130.0-255,4320,116420,10,382038
24966,0.002605,74.125.130.0-255,2902,119322,10,382038
24967,0.002618,74.125.130.0-255,4320,123642,10,382038
24968,0.002621,172.31.36.0-255,66,123708,10,382038
24969,0.002627,172.31.36.0-255,66,123774,10,382038
24970,0.002644,74.125.130.0-255,4320,128094,10,382038
24971,0.00266,172.31.36.0-255,66,128160,10,382038
24972,0.002671,74.125.130.0-255,4320,132480,10,382038
24973,0.002685,74.125.130.0-255,3602,136082,10,382038
24974,0.0027,172.31.36.0-255,66,136148,10,382038
24975,0.002932,74.125.130.0-255,1484,137632,10,382038
24976,0.002951,74.125.130.0-255,2902,140534,10,382038
24977,0.002954,172.31.36.0-255,66,140600,10,382038
24978,0.002959,74.125.130.0-255,2902,143502,10,382038
24979,0.002967,172.31.36.0-255,66,143568,10,382038
24980,0.002977,74.125.130.0-255,2902,146470,10,382038
24981,0.002981,172.31.36.0-255,66,146536,10,382038
24982,0.003002,74.125.130.0-255,2902,149438,10,382038
24983,0.003012,74.125.130.0-255,1484,150922,10,382038
24984,0.003025,74.125.130.0-255,2902,153824,10,382038
24985,0.003035,172.31.36.0-255,66,153890,10,382038
24986,0.003064,74.125.130.0-255,4320,158210,10,382038
24987,0.00307,172.31.36.0-255,66,158276,10,382038
24988,0.003088,74.125.130.0-255,2184,160460,10,382038
24989,0.003107,172.31.36.0-255,66,160526,10,382038
24990,0.003436,74.125.130.0-255,1484,162010,10,382038
24991,0.00344,172.31.36.0-255,66,162076,10,382038
24992,0.003447,74.125.130.0-255,2902,164978,10,382038
24993,0.003459,74.125.130.0-255,1484,166462,10,382038
24994,0.00348,74.125.130.0-255,4320,170782,10,382038
24995,0.003482,74.125.130.0-255,1484,172266,10,382038
24996,0.003486,74.125.130.0-255,2902,175168,10,382038
24997,0.003496,74.125.130.0-255,1484,176652,10,382038
24998,0.00351,74.125.130.0-255,4320,180972,10,382038
24999,0.003513,74.125.130.0-255,1484,182456,10,382038
25000,0.00353,74.125.130.0-255,4320,186776,10,382038
25001,0.003533,74.125.130.0-255,1484,188260,10,382038
25002,0.003552,74.125.130.0-255,5738,193998,10,382038
25003,0.003576,74.125.130.0-255,4320,198318,10,382038
25004,0.003592,74.125.130.0-255,2184,200502,10,382038
25005,0.003596,74.125.130.0-255,2902,203404,10,382038
25006,0.003612,74.125.130.0-255,4320,207724,10,382038
25007,0.003629,74.125.130.0-255,2902,210626,10,382038
25008,0.003645,74.125.130.0-255,5738,216364,10,382038
25009,0.003656,74.125.130.0-255,1484,217848,10,382038
25010,0.00367,74.125.130.0-255,2902,220750,10,382038
25011,0.003682,74.125.130.0-255,5738,226488,10,382038
25012,0.003701,74.125.130.0-255,2184,228672,10,382038
25013,0.003705,74.125.130.0-255,2902,231574,10,382038
25014,0.003714,74.125.130.0-255,1484,233058,10,382038
25015,0.00373,74.125.130.0-255,5738,238796,10,382038
25016,0.003757,74.125.130.0-255,7156,245952,10,382038
25017,0.003763,74.125.130.0-255,5738,251690,10,382038
25018,0.003784,74.125.130.0-255,2902,254592,10,382038
25019,0.003819,74.125.130.0-255,1484,256076,10,382038
25020,0.003835,74.125.130.0-255,4320,260396,10,382038
25021,0.003855,74.125.130.0-255,2902,263298,10,382038
25022,0.003869,74.125.130.0-255,4320,267618,10,382038
25023,0.003874,74.125.130.0-255,4320,271938,10,382038
25024,0.00389,74.125.130.0-255,2902,274840,10,382038
25025,0.003892,74.125.130.0-255,1484,276324,10,382038
25026,0.003926,74.125.130.0-255,4320,280644,10,382038
25027,0.00394,74.125.130.0-255,2184,282828,10,382038
25028,0.003954,74.125.130.0-255,1484,284312,10,382038
25029,0.003971,74.125.130.0-255,5738,290050,10,382038
25030,0.003973,74.125.130.0-255,1484,291534,10,382038
25031,0.00399,74.125.130.0-255,2902,294436,10,382038
25032,0.003995,74.125.130.0-255,5738,300174,10,382038
25033,0.004019,74.125.130.0-255,4320,304494,10,382038
25034,0.004032,74.125.130.0-255,7156,311650,10,382038
25035,0.004036,74.125.130.0-255,2184,313834,10,382038
25036,0.004079,74.125.130.0-255,2902,316736,10,382038
25037,0.004101,74.125.130.0-255,1484,318220,10,382038
25038,0.004126,74.125.130.0-255,2902,321122,10,382038
25039,0.004138,74.125.130.0-255,4320,325442,10,382038
25040,0.004156,74.125.130.0-255,1484,326926,10,382038
25041,0.004161,74.125.130.0-255,5738,332664,10,382038
25042,0.004195,74.125.130.0-255,5738,338402,10,382038
25043,0.004206,74.125.130.0-255,766,339168,10,382038
25044,0.004227,74.125.130.0-255,7156,346324,10,382038
25045,0.00423,74.125.130.0-255,1484,347808,10,382038
25046,0.004234,74.125.130.0-255,2902,350710,10,382038
25047,0.004259,74.125.130.0-255,1484,352194,10,382038
25048,0.004273,74.125.130.0-255,4320,356514,10,382038
25049,0.004288,74.125.130.0-255,5738,362252,10,382038
25050,0.004306,74.125.130.0-255,7156,369408,10,382038
25051,0.004332,74.125.130.0-255,5738,375146,10,382038
25052,0.004361,74.125.130.0-255,2264,377410,10,382038
25053,0.004426,74.125.130.0-255,105,377515,10,382038
25054,0.006019,172.31.36.0-255,66,377581,10,382038
25055,0.010658,172.31.36.0-255,105,377686,10,382038
25056,0.012682,74.125.130.0-255,66,377752,10,382038
25057,0.031553,172.31.36.0-255,171,377923,10,382038
25058,0.031587,172.31.36.0-255,1137,379060,10,382038
25059,0.031653,172.31.36.0-255,1514,380574,10,382038
25060,0.031655,172.31.36.0-255,1266,381840,10,382038
25061,0.0331,104.244.42.0-255,66,381906,10,382038
25062,0.033188,104.244.42.0-255,66,381972,10,382038
25063,0.03328,104.244.42.0-255,66,382038,10,382038
25064,0.0,74.125.24.0-255,155,155,10,171842
25065,1.5e-05,172.31.36.0-255,66,221,10,171842
25066,2.2e-05,74.125.24.0-255,1484,1705,10,171842
25067,2.6e-05,172.31.36.0-255,66,1771,10,171842
25068,4e-05,74.125.24.0-255,2902,4673,10,171842
25069,4.3e-05,172.31.36.0-255,66,4739,10,171842
25070,5e-05,74.125.24.0-255,5738,10477,10,171842
25071,5.2e-05,172.31.36.0-255,66,10543,10,171842
25072,9.6e-05,172.31.36.0-255,66,10609,10,171842
25073,0.000104,74.125.24.0-255,6797,17406,10,171842
25074,0.000106,172.31.36.0-255,66,17472,10,171842
25075,0.00019,74.125.24.0-255,1484,18956,10,171842
25076,0.000193,172.31.36.0-255,66,19022,10,171842
25077,0.000198,74.125.24.0-255,2902,21924,10,171842
25078,0.000199,172.31.36.0-255,66,21990,10,171842
25079,0.000202,74.125.24.0-255,1484,23474,10,171842
25080,0.000209,172.31.36.0-255,66,23540,10,171842
25081,0.000239,74.125.24.0-255,4320,27860,10,171842
25082,0.000242,172.31.36.0-255,66,27926,10,171842
25083,0.000249,74.125.24.0-255,6797,34723,10,171842
25084,0.000251,172.31.36.0-255,66,34789,10,171842
25085,0.000267,172.31.36.0-255,66,34855,10,171842
25086,0.000295,74.125.24.0-255,2819,37674,10,171842
25087,0.000297,172.31.36.0-255,66,37740,10,171842
25088,0.00032,74.125.24.0-255,379,38119,10,171842
25089,0.000322,172.31.36.0-255,66,38185,10,171842
25090,0.000461,74.125.24.0-255,1484,39669,10,171842
25091,0.000466,172.31.36.0-255,66,39735,10,171842
25092,0.000471,74.125.24.0-255,2902,42637,10,171842
25093,0.000474,172.31.36.0-255,66,42703,10,171842
25094,0.000502,74.125.24.0-255,4320,47023,10,171842
25095,0.000504,172.31.36.0-255,66,47089,10,171842
25096,0.000517,172.31.36.0-255,66,47155,10,171842
25097,0.000542,74.125.24.0-255,4320,51475,10,171842
25098,0.000545,172.31.36.0-255,66,51541,10,171842
25099,0.000579,172.31.36.0-255,66,51607,10,171842
25100,0.00068,74.125.24.0-255,1484,53091,10,171842
25101,0.000688,74.125.24.0-255,2902,55993,10,171842
25102,0.000691,172.31.36.0-255,66,56059,10,171842
25103,0.000703,74.125.24.0-255,1484,57543,10,171842
25104,0.000719,74.125.24.0-255,4320,61863,10,171842
25105,0.000722,172.31.36.0-255,66,61929,10,171842
25106,0.000767,172.31.36.0-255,66,61995,10,171842
25107,0.000779,172.31.36.0-255,66,62061,10,171842
25108,0.000807,74.125.24.0-255,5020,67081,10,171842
25109,0.00081,172.31.36.0-255,66,67147,10,171842
25110,0.000821,172.31.36.0-255,66,67213,10,171842
25111,0.000866,172.31.36.0-255,66,67279,10,171842
25112,0.000888,74.125.24.0-255,3602,70881,10,171842
25113,0.00089,172.31.36.0-255,66,70947,10,171842
25114,0.000983,74.125.24.0-255,1484,72431,10,171842
25115,0.000989,74.125.24.0-255,2902,75333,10,171842
25116,0.000991,74.125.24.0-255,1484,76817,10,171842
25117,0.000997,172.31.36.0-255,66,76883,10,171842
25118,0.001014,74.125.24.0-255,4320,81203,10,171842
25119,0.001017,172.31.36.0-255,66,81269,10,171842
25120,0.001024,74.125.24.0-255,5738,87007,10,171842
25121,0.001026,172.31.36.0-255,66,87073,10,171842
25122,0.001053,74.125.24.0-255,7156,94229,10,171842
25123,0.001056,172.31.36.0-255,66,94295,10,171842
25124,0.00107,172.31.36.0-255,66,94361,10,171842
25125,0.00117,74.125.24.0-255,1484,95845,10,171842
25126,0.001176,74.125.24.0-255,2902,98747,10,171842
25127,0.001179,172.31.36.0-255,66,98813,10,171842
25128,0.001208,74.125.24.0-255,2902,101715,10,171842
25129,0.001211,172.31.36.0-255,66,101781,10,171842
25130,0.001239,74.125.24.0-255,4320,106101,10,171842
25131,0.001242,172.31.36.0-255,66,106167,10,171842
25132,0.001246,74.125.24.0-255,1484,107651,10,171842
25133,0.001275,74.125.24.0-255,7156,114807,10,171842
25134,0.001278,172.31.36.0-255,66,114873,10,171842
25135,0.001304,172.31.36.0-255,66,114939,10,171842
25136,0.001311,74.125.24.0-255,3602,118541,10,171842
25137,0.001314,172.31.36.0-255,66,118607,10,171842
25138,0.001394,74.125.24.0-255,1484,120091,10,171842
25139,0.0014,74.125.24.0-255,2902,122993,10,171842
25140,0.001403,172.31.36.0-255,66,123059,10,171842
25141,0.001428,74.125.24.0-255,5738,128797,10,171842
25142,0.001432,172.31.36.0-255,66,128863,10,171842
25143,0.001474,172.31.36.0-255,66,128929,10,171842
25144,0.001478,74.125.24.0-255,2902,131831,10,171842
25145,0.001481,172.31.36.0-255,66,131897,10,171842
25146,0.001522,172.31.36.0-255,66,131963,10,171842
25147,0.001609,74.125.24.0-255,1484,133447,10,171842
25148,0.001615,74.125.24.0-255,2902,136349,10,171842
25149,0.001617,172.31.36.0-255,66,136415,10,171842
25150,0.00165,74.125.24.0-255,5738,142153,10,171842
25151,0.001654,172.31.36.0-255,66,142219,10,171842
25152,0.001672,172.31.36.0-255,66,142285,10,171842
25153,0.001708,74.125.24.0-255,2902,145187,10,171842
25154,0.00171,172.31.36.0-255,66,145253,10,171842
25155,0.001746,172.31.36.0-255,66,145319,10,171842
25156,0.00176,172.31.36.0-255,66,145385,10,171842
25157,0.001779,172.31.36.0-255,66,145451,10,171842
25158,0.001803,74.125.24.0-255,4320,149771,10,171842
25159,0.001805,172.31.36.0-255,66,149837,10,171842
25160,0.001819,172.31.36.0-255,66,149903,10,171842
25161,0.00185,74.125.24.0-255,6438,156341,10,171842
25162,0.001853,172.31.36.0-255,66,156407,10,171842
25163,0.001866,172.31.36.0-255,66,156473,10,171842
25164,0.001871,74.125.24.0-255,4320,160793,10,171842
25165,0.001873,172.31.36.0-255,66,160859,10,171842
25166,0.001888,74.125.24.0-255,5738,166597,10,171842
25167,0.001891,172.31.36.0-255,66,166663,10,171842
25168,0.001936,172.31.36.0-255,66,166729,10,171842
25169,0.001996,172.31.36.0-255,66,166795,10,171842
25170,0.00203,172.31.36.0-255,66,166861,10,171842
25171,0.002032,74.125.24.0-255,330,167191,10,171842
25172,0.003991,74.125.24.0-255,105,167296,10,171842
25173,0.008443,172.31.36.0-255,66,167362,10,171842
25174,0.008484,172.31.36.0-255,105,167467,10,171842
25175,0.010416,74.125.24.0-255,66,167533,10,171842
25176,0.032349,172.31.36.0-255,193,167726,10,171842
25177,0.032387,172.31.36.0-255,1112,168838,10,171842
25178,0.032449,172.31.36.0-255,1514,170352,10,171842
25179,0.032451,172.31.36.0-255,1292,171644,10,171842
25180,0.033871,104.244.42.0-255,66,171710,10,171842
25181,0.033969,104.244.42.0-255,66,171776,10,171842
25182,0.034025,104.244.42.0-255,66,171842,10,171842
25183,0.0,74.125.24.0-255,299,299,10,343006
25184,2.4e-05,172.31.36.0-255,66,365,10,343006
25185,3e-05,74.125.24.0-255,1484,1849,10,343006
25186,3.5e-05,172.31.36.0-255,66,1915,10,343006
25187,4.3e-05,74.125.24.0-255,4320,6235,10,343006
25188,4.6e-05,172.31.36.0-255,66,6301,10,343006
25189,5.8e-05,172.31.36.0-255,66,6367,10,343006
25190,9.1e-05,172.31.36.0-255,66,6433,10,343006
25191,9.4e-05,74.125.24.0-255,1484,7917,10,343006
25192,9.6e-05,172.31.36.0-255,66,7983,10,343006
25193,0.000123,172.31.36.0-255,66,8049,10,343006
25194,0.000134,172.31.36.0-255,66,8115,10,343006
25195,0.000151,74.125.24.0-255,2902,11017,10,343006
25196,0.000153,172.31.36.0-255,66,11083,10,343006
25197,0.000156,74.125.24.0-255,766,11849,10,343006
25198,0.000157,172.31.36.0-255,66,11915,10,343006
25199,0.000183,74.125.24.0-255,1484,13399,10,343006
25200,0.000185,172.31.36.0-255,66,13465,10,343006
25201,0.000189,74.125.24.0-255,1484,14949,10,343006
25202,0.000191,172.31.36.0-255,66,15015,10,343006
25203,0.000195,74.125.24.0-255,1484,16499,10,343006
25204,0.000197,172.31.36.0-255,66,16565,10,343006
25205,0.000222,74.125.24.0-255,2902,19467,10,343006
25206,0.000225,172.31.36.0-255,66,19533,10,343006
25207,0.000235,172.31.36.0-255,66,19599,10,343006
25208,0.000247,74.125.24.0-255,1433,21032,10,343006
25209,0.000249,172.31.36.0-255,66,21098,10,343006
25210,0.000252,74.125.24.0-255,109,21207,10,343006
25211,0.000291,74.125.24.0-255,1484,22691,10,343006
25212,0.000304,74.125.24.0-255,2902,25593,10,343006
25213,0.000324,74.125.24.0-255,5738,31331,10,343006
25214,0.000368,74.125.24.0-255,6797,38128,10,343006
25215,0.000441,74.125.24.0-255,1484,39612,10,343006
25216,0.000458,74.125.24.0-255,2902,42514,10,343006
25217,0.000478,74.125.24.0-255,5738,48252,10,343006
25218,0.000499,74.125.24.0-255,2902,51154,10,343006
25219,0.000514,74.125.24.0-255,4231,55385,10,343006
25220,0.000607,172.31.36.0-255,66,55451,10,343006
25221,0.000663,74.125.24.0-255,1484,56935,10,343006
25222,0.000668,74.125.24.0-255,2902,59837,10,343006
25223,0.000674,74.125.24.0-255,4320,64157,10,343006
25224,0.000682,172.31.36.0-255,66,64223,10,343006
25225,0.000689,74.125.24.0-255,1484,65707,10,343006
25226,0.000702,74.125.24.0-255,4320,70027,10,343006
25227,0.000744,172.31.36.0-255,66,70093,10,343006
25228,0.000761,74.125.24.0-255,5738,75831,10,343006
25229,0.000779,74.125.24.0-255,5020,80851,10,343006
25230,0.000797,172.31.36.0-255,66,80917,10,343006
25231,0.001233,74.125.24.0-255,1484,82401,10,343006
25232,0.00124,74.125.24.0-255,2902,85303,10,343006
25233,0.001243,172.31.36.0-255,66,85369,10,343006
25234,0.00127,74.125.24.0-255,5738,91107,10,343006
25235,0.001291,74.125.24.0-255,4320,95427,10,343006
25236,0.001297,74.125.24.0-255,5738,101165,10,343006
25237,0.0013,74.125.24.0-255,1484,102649,10,343006
25238,0.001308,172.31.36.0-255,66,102715,10,343006
25239,0.001338,74.125.24.0-255,1484,104199,10,343006
25240,0.001344,172.31.36.0-255,66,104265,10,343006
25241,0.001353,74.125.24.0-255,766,105031,10,343006
25242,0.001947,74.125.24.0-255,1484,106515,10,343006
25243,0.001952,172.31.36.0-255,66,106581,10,343006
25244,0.001957,74.125.24.0-255,2902,109483,10,343006
25245,0.001979,74.125.24.0-255,2902,112385,10,343006
25246,0.001987,172.31.36.0-255,66,112451,10,343006
25247,0.001998,74.125.24.0-255,2902,115353,10,343006
25248,0.002001,74.125.24.0-255,1484,116837,10,343006
25249,0.002015,74.125.24.0-255,2902,119739,10,343006
25250,0.002032,74.125.24.0-255,5738,125477,10,343006
25251,0.002039,172.31.36.0-255,66,125543,10,343006
25252,0.002049,74.125.24.0-255,4320,129863,10,343006
25253,0.002053,172.31.36.0-255,66,129929,10,343006
25254,0.00208,74.125.24.0-255,766,130695,10,343006
25255,0.002094,172.31.36.0-255,66,130761,10,343006
25256,0.002099,74.125.24.0-255,2902,133663,10,343006
25257,0.002103,172.31.36.0-255,66,133729,10,343006
25258,0.002112,74.125.24.0-255,2902,136631,10,343006
25259,0.002138,74.125.24.0-255,5738,142369,10,343006
25260,0.002147,172.31.36.0-255,66,142435,10,343006
25261,0.002161,74.125.24.0-255,1484,143919,10,343006
25262,0.002178,172.31.36.0-255,66,143985,10,343006
25263,0.002201,74.125.24.0-255,5738,149723,10,343006
25264,0.002211,172.31.36.0-255,66,149789,10,343006
25265,0.002223,74.125.24.0-255,6438,156227,10,343006
25266,0.002228,172.31.36.0-255,66,156293,10,343006
25267,0.002275,74.125.24.0-255,1484,157777,10,343006
25268,0.002279,74.125.24.0-255,1484,159261,10,343006
25269,0.002295,74.125.24.0-255,1484,160745,10,343006
25270,0.002306,172.31.36.0-255,66,160811,10,343006
25271,0.002978,172.31.36.0-255,101,160912,10,343006
25272,0.004473,74.125.24.0-255,1484,162396,10,343006
25273,0.004565,74.125.24.0-255,4320,166716,10,343006
25274,0.00457,172.31.36.0-255,66,166782,10,343006
25275,0.005206,74.125.24.0-255,66,166848,10,343006
25276,0.006815,74.125.24.0-255,5738,172586,10,343006
25277,0.006822,172.31.36.0-255,66,172652,10,343006
25278,0.009139,74.125.24.0-255,5738,178390,10,343006
25279,0.009155,172.31.36.0-255,66,178456,10,343006
25280,0.011443,74.125.24.0-255,5738,184194,10,343006
25281,0.012763,172.31.36.0-255,66,184260,10,343006
25282,0.015018,74.125.24.0-255,5738,189998,10,343006
25283,0.015024,172.31.36.0-255,66,190064,10,343006
25284,0.017305,74.125.24.0-255,5738,195802,10,343006
25285,0.017322,172.31.36.0-255,66,195868,10,343006
25286,0.019575,74.125.24.0-255,5738,201606,10,343006
25287,0.019584,172.31.36.0-255,66,201672,10,343006
25288,0.021838,74.125.24.0-255,5738,207410,10,343006
25289,0.021845,172.31.36.0-255,66,207476,10,343006
25290,0.024091,74.125.24.0-255,5738,213214,10,343006
25291,0.024097,172.31.36.0-255,66,213280,10,343006
25292,0.026355,74.125.24.0-255,5738,219018,10,343006
25293,0.026362,172.31.36.0-255,66,219084,10,343006
25294,0.028618,74.125.24.0-255,5738,224822,10,343006
25295,0.030876,172.31.36.0-255,66,224888,10,343006
25296,0.033138,74.125.24.0-255,5738,230626,10,343006
25297,0.033153,172.31.36.0-255,66,230692,10,343006
25298,0.03542,74.125.24.0-255,5738,236430,10,343006
25299,0.035427,172.31.36.0-255,66,236496,10,343006
25300,0.037688,74.125.24.0-255,5738,242234,10,343006
25301,0.037695,172.31.36.0-255,66,242300,10,343006
25302,0.039959,74.125.24.0-255,5738,248038,10,343006
25303,0.039967,172.31.36.0-255,66,248104,10,343006
25304,0.042218,74.125.24.0-255,5738,253842,10,343006
25305,0.042225,172.31.36.0-255,66,253908,10,343006
25306,0.043164,172.31.36.0-255,172,254080,10,343006
25307,0.043195,172.31.36.0-255,1112,255192,10,343006
25308,0.043256,172.31.36.0-255,1514,256706,10,343006
25309,0.043258,172.31.36.0-255,1293,257999,10,343006
25310,0.044503,74.125.24.0-255,5738,263737,10,343006
25311,0.04451,172.31.36.0-255,66,263803,10,343006
25312,0.044701,104.244.42.0-255,66,263869,10,343006
25313,0.044898,104.244.42.0-255,66,263935,10,343006
25314,0.044904,104.244.42.0-255,66,264001,10,343006
25315,0.046764,74.125.24.0-255,5738,269739,10,343006
25316,0.046769,172.31.36.0-255,66,269805,10,343006
25317,0.04903,74.125.24.0-255,5738,275543,10,343006
25318,0.049036,172.31.36.0-255,66,275609,10,343006
25319,0.05131,74.125.24.0-255,5738,281347,10,343006
25320,0.051316,172.31.36.0-255,66,281413,10,343006
25321,0.053555,74.125.24.0-255,5738,287151,10,343006
25322,0.053561,172.31.36.0-255,66,287217,10,343006
25323,0.055823,74.125.24.0-255,5738,292955,10,343006
25324,0.055829,172.31.36.0-255,66,293021,10,343006
25325,0.058101,74.125.24.0-255,5738,298759,10,343006
25326,0.058108,172.31.36.0-255,66,298825,10,343006
25327,0.060383,74.125.24.0-255,5738,304563,10,343006
25328,0.06039,172.31.36.0-255,66,304629,10,343006
25329,0.062669,74.125.24.0-255,5738,310367,10,343006
25330,0.062676,172.31.36.0-255,66,310433,10,343006
25331,0.064922,74.125.24.0-255,5738,316171,10,343006
25332,0.064928,172.31.36.0-255,66,316237,10,343006
25333,0.067191,74.125.24.0-255,5738,321975,10,343006
25334,0.067198,172.31.36.0-255,66,322041,10,343006
25335,0.069474,74.125.24.0-255,5738,327779,10,343006
25336,0.069483,172.31.36.0-255,66,327845,10,343006
25337,0.071753,74.125.24.0-255,5738,333583,10,343006
25338,0.071759,172.31.36.0-255,66,333649,10,343006
25339,0.074023,74.125.24.0-255,5738,339387,10,343006
25340,0.074029,172.31.36.0-255,66,339453,10,343006
25341,0.076288,74.125.24.0-255,3316,342769,10,343006
25342,0.076295,172.31.36.0-255,66,342835,10,343006
25343,0.076474,172.31.36.0-255,105,342940,10,343006
25344,0.082174,74.125.24.0-255,66,343006,10,343006
25345,0.0,74.125.68.0-255,151,151,10,330549
25346,2.6e-05,172.31.36.0-255,66,217,10,330549
25347,3.2e-05,74.125.68.0-255,1484,1701,10,330549
25348,3.7e-05,172.31.36.0-255,66,1767,10,330549
25349,4e-05,74.125.68.0-255,1484,3251,10,330549
25350,4.2e-05,172.31.36.0-255,66,3317,10,330549
25351,6.7e-05,74.125.68.0-255,1484,4801,10,330549
25352,6.9e-05,172.31.36.0-255,66,4867,10,330549
25353,7.7e-05,74.125.68.0-255,7156,12023,10,330549
25354,7.9e-05,172.31.36.0-255,66,12089,10,330549
25355,8.3e-05,74.125.68.0-255,2049,14138,10,330549
25356,8.4e-05,172.31.36.0-255,66,14204,10,330549
25357,0.000163,74.125.68.0-255,1484,15688,10,330549
25358,0.000169,172.31.36.0-255,66,15754,10,330549
25359,0.000181,74.125.68.0-255,2902,18656,10,330549
25360,0.000184,172.31.36.0-255,66,18722,10,330549
25361,0.000189,74.125.68.0-255,2902,21624,10,330549
25362,0.000191,172.31.36.0-255,66,21690,10,330549
25363,0.000213,74.125.68.0-255,1484,23174,10,330549
25364,0.000215,172.31.36.0-255,66,23240,10,330549
25365,0.000244,74.125.68.0-255,4320,27560,10,330549
25366,0.000247,172.31.36.0-255,66,27626,10,330549
25367,0.000267,74.125.68.0-255,3961,31587,10,330549
25368,0.00027,172.31.36.0-255,66,31653,10,330549
25369,0.000321,74.125.68.0-255,1484,33137,10,330549
25370,0.000325,172.31.36.0-255,66,33203,10,330549
25371,0.000329,74.125.68.0-255,1484,34687,10,330549
25372,0.000331,172.31.36.0-255,66,34753,10,330549
25373,0.000345,74.125.68.0-255,1484,36237,10,330549
25374,0.00035,172.31.36.0-255,66,36303,10,330549
25375,0.00035,74.125.68.0-255,4320,40623,10,330549
25376,0.000355,172.31.36.0-255,66,40689,10,330549
25377,0.000366,74.125.68.0-255,1484,42173,10,330549
25378,0.00038,74.125.68.0-255,2902,45075,10,330549
25379,0.000383,172.31.36.0-255,66,45141,10,330549
25380,0.000404,74.125.68.0-255,5379,50520,10,330549
25381,0.000407,172.31.36.0-255,66,50586,10,330549
25382,0.000416,74.125.68.0-255,7156,57742,10,330549
25383,0.000419,172.31.36.0-255,66,57808,10,330549
25384,0.000432,74.125.68.0-255,1484,59292,10,330549
25385,0.000438,74.125.68.0-255,4320,63612,10,330549
25386,0.000442,172.31.36.0-255,66,63678,10,330549
25387,0.000462,74.125.68.0-255,2854,66532,10,330549
25388,0.000465,172.31.36.0-255,66,66598,10,330549
25389,0.000752,74.125.68.0-255,109,66707,10,330549
25390,0.000816,172.31.36.0-255,66,66773,10,330549
25391,0.00082,74.125.68.0-255,332,67105,10,330549
25392,0.000834,172.31.36.0-255,66,67171,10,330549
25393,0.000998,74.125.68.0-255,1484,68655,10,330549
25394,0.001027,74.125.68.0-255,2902,71557,10,330549
25395,0.001032,172.31.36.0-255,66,71623,10,330549
25396,0.001055,74.125.68.0-255,5738,77361,10,330549
25397,0.001059,172.31.36.0-255,66,77427,10,330549
25398,0.001131,172.31.36.0-255,66,77493,10,330549
25399,0.001143,172.31.36.0-255,66,77559,10,330549
25400,0.001147,74.125.68.0-255,2184,79743,10,330549
25401,0.001149,172.31.36.0-255,66,79809,10,330549
25402,0.001217,74.125.68.0-255,1484,81293,10,330549
25403,0.001223,74.125.68.0-255,2902,84195,10,330549
25404,0.001227,172.31.36.0-255,66,84261,10,330549
25405,0.001234,74.125.68.0-255,4320,88581,10,330549
25406,0.001236,172.31.36.0-255,66,88647,10,330549
25407,0.001241,74.125.68.0-255,4320,92967,10,330549
25408,0.001243,172.31.36.0-255,66,93033,10,330549
25409,0.001273,74.125.68.0-255,1484,94517,10,330549
25410,0.001282,74.125.68.0-255,7156,101673,10,330549
25411,0.001285,172.31.36.0-255,66,101739,10,330549
25412,0.001296,172.31.36.0-255,66,101805,10,330549
25413,0.001301,74.125.68.0-255,3602,105407,10,330549
25414,0.001304,172.31.36.0-255,66,105473,10,330549
25415,0.001608,172.31.36.0-255,101,105574,10,330549
25416,0.003618,74.125.68.0-255,1484,107058,10,330549
25417,0.003637,74.125.68.0-255,4320,111378,10,330549
25418,0.003641,172.31.36.0-255,66,111444,10,330549
25419,0.003855,74.125.68.0-255,66,111510,10,330549
25420,0.005931,74.125.68.0-255,5738,117248,10,330549
25421,0.005935,172.31.36.0-255,66,117314,10,330549
25422,0.008218,74.125.68.0-255,5738,123052,10,330549
25423,0.008225,172.31.36.0-255,66,123118,10,330549
25424,0.010519,74.125.68.0-255,5738,128856,10,330549
25425,0.010527,172.31.36.0-255,66,128922,10,330549
25426,0.012856,74.125.68.0-255,5738,134660,10,330549
25427,0.012864,172.31.36.0-255,66,134726,10,330549
25428,0.015155,74.125.68.0-255,5738,140464,10,330549
25429,0.015164,172.31.36.0-255,66,140530,10,330549
25430,0.017462,74.125.68.0-255,5738,146268,10,330549
25431,0.017471,172.31.36.0-255,66,146334,10,330549
25432,0.019776,74.125.68.0-255,5738,152072,10,330549
25433,0.019787,172.31.36.0-255,66,152138,10,330549
25434,0.022076,74.125.68.0-255,5738,157876,10,330549
25435,0.022082,172.31.36.0-255,66,157942,10,330549
25436,0.023219,172.31.36.0-255,172,158114,10,330549
25437,0.02326,172.31.36.0-255,1112,159226,10,330549
25438,0.023335,172.31.36.0-255,1514,160740,10,330549
25439,0.023337,172.31.36.0-255,1293,162033,10,330549
25440,0.024362,74.125.68.0-255,5738,167771,10,330549
25441,0.024368,172.31.36.0-255,66,167837,10,330549
25442,0.024781,104.244.42.0-255,66,167903,10,330549
25443,0.024824,104.244.42.0-255,66,167969,10,330549
25444,0.024877,104.244.42.0-255,66,168035,10,330549
25445,0.026641,74.125.68.0-255,1484,169519,10,330549
25446,0.026671,74.125.68.0-255,4320,173839,10,330549
25447,0.026676,172.31.36.0-255,66,173905,10,330549
25448,0.028959,74.125.68.0-255,5738,179643,10,330549
25449,0.028966,172.31.36.0-255,66,179709,10,330549
25450,0.031253,74.125.68.0-255,5738,185447,10,330549
25451,0.031259,172.31.36.0-255,66,185513,10,330549
25452,0.033538,74.125.68.0-255,4320,189833,10,330549
25453,0.033545,172.31.36.0-255,66,189899,10,330549
25454,0.033569,74.125.68.0-255,1484,191383,10,330549
25455,0.035824,74.125.68.0-255,2902,194285,10,330549
25456,0.03583,172.31.36.0-255,66,194351,10,330549
25457,0.035859,74.125.68.0-255,1484,195835,10,330549
25458,0.038109,74.125.68.0-255,4320,200155,10,330549
25459,0.038115,172.31.36.0-255,66,200221,10,330549
25460,0.040405,74.125.68.0-255,5738,205959,10,330549
25461,0.040411,172.31.36.0-255,66,206025,10,330549
25462,0.04269,74.125.68.0-255,2902,208927,10,330549
25463,0.042695,172.31.36.0-255,66,208993,10,330549
25464,0.042728,74.125.68.0-255,2902,211895,10,330549
25465,0.042732,172.31.36.0-255,66,211961,10,330549
25466,0.044979,74.125.68.0-255,2902,214863,10,330549
25467,0.044985,172.31.36.0-255,66,214929,10,330549
25468,0.045003,74.125.68.0-255,2902,217831,10,330549
25469,0.045006,172.31.36.0-255,66,217897,10,330549
25470,0.047307,74.125.68.0-255,5738,223635,10,330549
25471,0.047314,172.31.36.0-255,66,223701,10,330549
25472,0.049602,74.125.68.0-255,5738,229439,10,330549
25473,0.049608,172.31.36.0-255,66,229505,10,330549
25474,0.051889,74.125.68.0-255,2902,232407,10,330549
25475,0.051894,172.31.36.0-255,66,232473,10,330549
25476,0.051962,74.125.68.0-255,2902,235375,10,330549
25477,0.051967,172.31.36.0-255,66,235441,10,330549
25478,0.054177,74.125.68.0-255,2902,238343,10,330549
25479,0.054183,172.31.36.0-255,66,238409,10,330549
25480,0.054241,74.125.68.0-255,2902,241311,10,330549
25481,0.054245,172.31.36.0-255,66,241377,10,330549
25482,0.056455,74.125.68.0-255,2902,244279,10,330549
25483,0.05646,172.31.36.0-255,66,244345,10,330549
25484,0.056519,74.125.68.0-255,2902,247247,10,330549
25485,0.056524,172.31.36.0-255,66,247313,10,330549
25486,0.058747,74.125.68.0-255,2902,250215,10,330549
25487,0.058753,172.31.36.0-255,66,250281,10,330549
25488,0.058807,74.125.68.0-255,2902,253183,10,330549
25489,0.058811,172.31.36.0-255,66,253249,10,330549
25490,0.061036,74.125.68.0-255,1484,254733,10,330549
25491,0.061067,74.125.68.0-255,1484,256217,10,330549
25492,0.061071,172.31.36.0-255,66,256283,10,330549
25493,0.0611,74.125.68.0-255,2902,259185,10,330549
25494,0.061104,172.31.36.0-255,66,259251,10,330549
25495,0.063383,74.125.68.0-255,2902,262153,10,330549
25496,0.063389,172.31.36.0-255,66,262219,10,330549
25497,0.063421,74.125.68.0-255,2902,265121,10,330549
25498,0.063423,172.31.36.0-255,66,265187,10,330549
25499,0.065672,74.125.68.0-255,2902,268089,10,330549
25500,0.065677,172.31.36.0-255,66,268155,10,330549
25501,0.065706,74.125.68.0-255,1484,269639,10,330549
25502,0.065722,74.125.68.0-255,1484,271123,10,330549
25503,0.065725,172.31.36.0-255,66,271189,10,330549
25504,0.067962,74.125.68.0-255,2902,274091,10,330549
25505,0.067968,172.31.36.0-255,66,274157,10,330549
25506,0.068001,74.125.68.0-255,2902,277059,10,330549
25507,0.068004,172.31.36.0-255,66,277125,10,330549
25508,0.070239,74.125.68.0-255,2902,280027,10,330549
25509,0.070245,172.31.36.0-255,66,280093,10,330549
25510,0.070281,74.125.68.0-255,2902,282995,10,330549
25511,0.070283,172.31.36.0-255,66,283061,10,330549
25512,0.072527,74.125.68.0-255,2902,285963,10,330549
25513,0.072532,172.31.36.0-255,66,286029,10,330549
25514,0.072563,74.125.68.0-255,2902,288931,10,330549
25515,0.072566,172.31.36.0-255,66,288997,10,330549
25516,0.074835,74.125.68.0-255,2902,291899,10,330549
25517,0.074841,172.31.36.0-255,66,291965,10,330549
25518,0.074862,74.125.68.0-255,2902,294867,10,330549
25519,0.074864,172.31.36.0-255,66,294933,10,330549
25520,0.077117,74.125.68.0-255,2902,297835,10,330549
25521,0.077123,172.31.36.0-255,66,297901,10,330549
25522,0.077153,74.125.68.0-255,2902,300803,10,330549
25523,0.077157,172.31.36.0-255,66,300869,10,330549
25524,0.079402,74.125.68.0-255,2902,303771,10,330549
25525,0.079408,172.31.36.0-255,66,303837,10,330549
25526,0.079438,74.125.68.0-255,2902,306739,10,330549
25527,0.079441,172.31.36.0-255,66,306805,10,330549
25528,0.081689,74.125.68.0-255,2902,309707,10,330549
25529,0.081694,172.31.36.0-255,66,309773,10,330549
25530,0.081723,74.125.68.0-255,2902,312675,10,330549
25531,0.081727,172.31.36.0-255,66,312741,10,330549
25532,0.083982,74.125.68.0-255,2902,315643,10,330549
25533,0.083988,172.31.36.0-255,66,315709,10,330549
25534,0.084017,74.125.68.0-255,2902,318611,10,330549
25535,0.084019,172.31.36.0-255,66,318677,10,330549
25536,0.086272,74.125.68.0-255,2902,321579,10,330549
25537,0.086278,172.31.36.0-255,66,321645,10,330549
25538,0.08631,74.125.68.0-255,2902,324547,10,330549
25539,0.086313,172.31.36.0-255,66,324613,10,330549
25540,0.088562,74.125.68.0-255,2902,327515,10,330549
25541,0.088569,172.31.36.0-255,66,327581,10,330549
25542,0.088603,74.125.68.0-255,2902,330483,10,330549
25543,0.088606,172.31.36.0-255,66,330549,10,330549
25544,0.0,172.217.194.0-255,152,152,10,250618
25545,3.4e-05,172.31.36.0-255,66,218,10,250618
25546,4.1e-05,172.217.194.0-255,1484,1702,10,250618
25547,4.5e-05,172.31.36.0-255,66,1768,10,250618
25548,5.8e-05,172.217.194.0-255,2902,4670,10,250618
25549,6e-05,172.31.36.0-255,66,4736,10,250618
25550,6.8e-05,172.217.194.0-255,7156,11892,10,250618
25551,7e-05,172.31.36.0-255,66,11958,10,250618
25552,8e-05,172.31.36.0-255,66,12024,10,250618
25553,0.000124,172.31.36.0-255,66,12090,10,250618
25554,0.000128,172.217.194.0-255,2543,14633,10,250618
25555,0.00013,172.31.36.0-255,66,14699,10,250618
25556,0.000133,172.217.194.0-255,1484,16183,10,250618
25557,0.000135,172.31.36.0-255,66,16249,10,250618
25558,0.000139,172.217.194.0-255,2902,19151,10,250618
25559,0.000141,172.31.36.0-255,66,19217,10,250618
25560,0.000146,172.217.194.0-255,2902,22119,10,250618
25561,0.000149,172.31.36.0-255,66,22185,10,250618
25562,0.000189,172.217.194.0-255,2902,25087,10,250618
25563,0.000193,172.31.36.0-255,66,25153,10,250618
25564,0.000213,172.31.36.0-255,66,25219,10,250618
25565,0.000226,172.31.36.0-255,66,25285,10,250618
25566,0.000229,172.217.194.0-255,393,25678,10,250618
25567,0.00023,172.31.36.0-255,66,25744,10,250618
25568,0.000336,172.217.194.0-255,382,26126,10,250618
25569,0.000341,172.31.36.0-255,66,26192,10,250618
25570,0.000523,172.217.194.0-255,1484,27676,10,250618
25571,0.000528,172.31.36.0-255,66,27742,10,250618
25572,0.000534,172.217.194.0-255,2902,30644,10,250618
25573,0.000536,172.217.194.0-255,1484,32128,10,250618
25574,0.000538,172.31.36.0-255,66,32194,10,250618
25575,0.000571,172.217.194.0-255,4320,36514,10,250618
25576,0.000575,172.31.36.0-255,66,36580,10,250618
25577,0.000588,172.31.36.0-255,66,36646,10,250618
25578,0.000626,172.217.194.0-255,2543,39189,10,250618
25579,0.00063,172.31.36.0-255,66,39255,10,250618
25580,0.000648,172.31.36.0-255,66,39321,10,250618
25581,0.001585,172.217.194.0-255,1484,40805,10,250618
25582,0.001597,172.217.194.0-255,2902,43707,10,250618
25583,0.001602,172.31.36.0-255,66,43773,10,250618
25584,0.001608,172.217.194.0-255,2902,46675,10,250618
25585,0.00161,172.31.36.0-255,66,46741,10,250618
25586,0.001635,172.217.194.0-255,2902,49643,10,250618
25587,0.001638,172.31.36.0-255,66,49709,10,250618
25588,0.001657,172.31.36.0-255,66,49775,10,250618
25589,0.001663,172.217.194.0-255,5738,55513,10,250618
25590,0.001665,172.31.36.0-255,66,55579,10,250618
25591,0.001695,172.217.194.0-255,5020,60599,10,250618
25592,0.001703,172.31.36.0-255,66,60665,10,250618
25593,0.001809,172.217.194.0-255,1484,62149,10,250618
25594,0.001815,172.217.194.0-255,2902,65051,10,250618
25595,0.001818,172.31.36.0-255,66,65117,10,250618
25596,0.001822,172.217.194.0-255,1484,66601,10,250618
25597,0.001847,172.217.194.0-255,4320,70921,10,250618
25598,0.00185,172.31.36.0-255,66,70987,10,250618
25599,0.001854,172.217.194.0-255,1484,72471,10,250618
25600,0.00189,172.31.36.0-255,66,72537,10,250618
25601,0.0019,172.31.36.0-255,66,72603,10,250618
25602,0.001928,172.217.194.0-255,2184,74787,10,250618
25603,0.00193,172.31.36.0-255,66,74853,10,250618
25604,0.001988,172.217.194.0-255,2902,77755,10,250618
25605,0.001991,172.31.36.0-255,66,77821,10,250618
25606,0.001998,172.217.194.0-255,7156,84977,10,250618
25607,0.002,172.31.36.0-255,66,85043,10,250618
25608,0.002015,172.31.36.0-255,66,85109,10,250618
25609,0.002031,172.31.36.0-255,66,85175,10,250618
25610,0.002041,172.31.36.0-255,66,85241,10,250618
25611,0.002055,172.217.194.0-255,5738,90979,10,250618
25612,0.002057,172.31.36.0-255,66,91045,10,250618
25613,0.002098,172.31.36.0-255,66,91111,10,250618
25614,0.002139,172.31.36.0-255,66,91177,10,250618
25615,0.002162,172.31.36.0-255,66,91243,10,250618
25616,0.002165,172.217.194.0-255,1484,92727,10,250618
25617,0.002192,172.217.194.0-255,3602,96329,10,250618
25618,0.002195,172.31.36.0-255,66,96395,10,250618
25619,0.004536,172.217.194.0-255,5738,102133,10,250618
25620,0.004541,172.31.36.0-255,66,102199,10,250618
25621,0.006933,172.217.194.0-255,5738,107937,10,250618
25622,0.00694,172.31.36.0-255,66,108003,10,250618
25623,0.009317,172.217.194.0-255,5738,113741,10,250618
25624,0.009324,172.31.36.0-255,66,113807,10,250618
25625,0.011724,172.217.194.0-255,5738,119545,10,250618
25626,0.011732,172.31.36.0-255,66,119611,10,250618
25627,0.014098,172.217.194.0-255,5738,125349,10,250618
25628,0.014108,172.31.36.0-255,66,125415,10,250618
25629,0.016496,172.217.194.0-255,5738,131153,10,250618
25630,0.016503,172.31.36.0-255,66,131219,10,250618
25631,0.018876,172.217.194.0-255,5738,136957,10,250618
25632,0.018883,172.31.36.0-255,66,137023,10,250618
25633,0.021281,172.217.194.0-255,5738,142761,10,250618
25634,0.021287,172.31.36.0-255,66,142827,10,250618
25635,0.023701,172.217.194.0-255,5738,148565,10,250618
25636,0.02371,172.31.36.0-255,66,148631,10,250618
25637,0.026084,172.217.194.0-255,5738,154369,10,250618
25638,0.026095,172.31.36.0-255,66,154435,10,250618
25639,0.02847,172.217.194.0-255,5738,160173,10,250618
25640,0.028477,172.31.36.0-255,66,160239,10,250618
25641,0.030842,172.217.194.0-255,5738,165977,10,250618
25642,0.030849,172.31.36.0-255,66,166043,10,250618
25643,0.033227,172.217.194.0-255,5738,171781,10,250618
25644,0.033234,172.31.36.0-255,66,171847,10,250618
25645,0.03358,172.31.36.0-255,167,172014,10,250618
25646,0.033637,172.31.36.0-255,1113,173127,10,250618
25647,0.033783,172.31.36.0-255,1514,174641,10,250618
25648,0.033786,172.31.36.0-255,1290,175931,10,250618
25649,0.035129,104.244.42.0-255,66,175997,10,250618
25650,0.035173,104.244.42.0-255,66,176063,10,250618
25651,0.035321,104.244.42.0-255,66,176129,10,250618
25652,0.035598,172.217.194.0-255,2902,179031,10,250618
25653,0.035602,172.31.36.0-255,66,179097,10,250618
25654,0.035674,172.217.194.0-255,2902,181999,10,250618
25655,0.035681,172.31.36.0-255,66,182065,10,250618
25656,0.035965,104.244.42.0-255,108,182173,10,250618
25657,0.035974,172.31.36.0-255,66,182239,10,250618
25658,0.037977,172.217.194.0-255,2902,185141,10,250618
25659,0.037983,172.31.36.0-255,66,185207,10,250618
25660,0.038038,172.217.194.0-255,2902,188109,10,250618
25661,0.038042,172.31.36.0-255,66,188175,10,250618
25662,0.040349,172.217.194.0-255,2902,191077,10,250618
25663,0.040355,172.31.36.0-255,66,191143,10,250618
25664,0.040417,172.217.194.0-255,2902,194045,10,250618
25665,0.040423,172.31.36.0-255,66,194111,10,250618
25666,0.042728,172.217.194.0-255,2902,197013,10,250618
25667,0.042752,172.31.36.0-255,66,197079,10,250618
25668,0.042783,172.217.194.0-255,2902,199981,10,250618
25669,0.042787,172.31.36.0-255,66,200047,10,250618
25670,0.045127,172.217.194.0-255,2902,202949,10,250618
25671,0.045132,172.31.36.0-255,66,203015,10,250618
25672,0.045168,172.217.194.0-255,2902,205917,10,250618
25673,0.045171,172.31.36.0-255,66,205983,10,250618
25674,0.04749,172.217.194.0-255,2902,208885,10,250618
25675,0.047495,172.31.36.0-255,66,208951,10,250618
25676,0.047529,172.217.194.0-255,2902,211853,10,250618
25677,0.047531,172.31.36.0-255,66,211919,10,250618
25678,0.049867,172.217.194.0-255,2902,214821,10,250618
25679,0.049871,172.31.36.0-255,66,214887,10,250618
25680,0.049907,172.217.194.0-255,2902,217789,10,250618
25681,0.04991,172.31.36.0-255,66,217855,10,250618
25682,0.052228,172.217.194.0-255,2902,220757,10,250618
25683,0.052233,172.31.36.0-255,66,220823,10,250618
25684,0.052274,172.217.194.0-255,2902,223725,10,250618
25685,0.052278,172.31.36.0-255,66,223791,10,250618
25686,0.054609,172.217.194.0-255,2902,226693,10,250618
25687,0.054615,172.31.36.0-255,66,226759,10,250618
25688,0.054646,172.217.194.0-255,2902,229661,10,250618
25689,0.054649,172.31.36.0-255,66,229727,10,250618
25690,0.056967,172.217.194.0-255,2902,232629,10,250618
25691,0.056975,172.31.36.0-255,66,232695,10,250618
25692,0.057024,172.217.194.0-255,2902,235597,10,250618
25693,0.057029,172.31.36.0-255,66,235663,10,250618
25694,0.059348,172.217.194.0-255,2902,238565,10,250618
25695,0.059354,172.31.36.0-255,66,238631,10,250618
25696,0.059395,172.217.194.0-255,2902,241533,10,250618
25697,0.059398,172.31.36.0-255,66,241599,10,250618
25698,0.061727,172.217.194.0-255,2902,244501,10,250618
25699,0.061732,172.31.36.0-255,66,244567,10,250618
25700,0.06177,172.217.194.0-255,2902,247469,10,250618
25701,0.061773,172.31.36.0-255,66,247535,10,250618
25702,0.064098,172.217.194.0-255,2846,250381,10,250618
25703,0.064103,172.31.36.0-255,66,250447,10,250618
25704,0.064262,172.31.36.0-255,105,250552,10,250618
25705,0.066615,172.217.194.0-255,66,250618,10,250618
25706,0.0,74.125.24.0-255,146,146,10,328381
25707,2.4e-05,172.31.36.0-255,66,212,10,328381
25708,3.2e-05,74.125.24.0-255,1484,1696,10,328381
25709,3.7e-05,172.31.36.0-255,66,1762,10,328381
25710,4.3e-05,74.125.24.0-255,2902,4664,10,328381
25711,4.7e-05,172.31.36.0-255,66,4730,10,328381
25712,5.5e-05,74.125.24.0-255,7156,11886,10,328381
25713,5.8e-05,172.31.36.0-255,66,11952,10,328381
25714,6.1e-05,74.125.24.0-255,1484,13436,10,328381
25715,6.3e-05,172.31.36.0-255,66,13502,10,328381
25716,6.8e-05,74.125.24.0-255,2000,15502,10,328381
25717,7e-05,172.31.36.0-255,66,15568,10,328381
25718,7.6e-05,74.125.24.0-255,4320,19888,10,328381
25719,7.9e-05,172.31.36.0-255,66,19954,10,328381
25720,0.000109,74.125.24.0-255,1484,21438,10,328381
25721,0.000111,172.31.36.0-255,66,21504,10,328381
25722,0.000123,172.31.36.0-255,66,21570,10,328381
25723,0.000136,74.125.24.0-255,1125,22695,10,328381
25724,0.000138,172.31.36.0-255,66,22761,10,328381
25725,0.000233,74.125.24.0-255,1484,24245,10,328381
25726,0.000237,172.31.36.0-255,66,24311,10,328381
25727,0.000242,74.125.24.0-255,2902,27213,10,328381
25728,0.000244,172.31.36.0-255,66,27279,10,328381
25729,0.000249,74.125.24.0-255,2902,30181,10,328381
25730,0.000251,172.31.36.0-255,66,30247,10,328381
25731,0.000269,74.125.24.0-255,2902,33149,10,328381
25732,0.000272,172.31.36.0-255,66,33215,10,328381
25733,0.000285,172.31.36.0-255,66,33281,10,328381
25734,0.000307,74.125.24.0-255,4320,37601,10,328381
25735,0.00031,172.31.36.0-255,66,37667,10,328381
25736,0.000337,172.31.36.0-255,66,37733,10,328381
25737,0.00034,74.125.24.0-255,109,37842,10,328381
25738,0.000358,74.125.24.0-255,331,38173,10,328381
25739,0.000744,74.125.24.0-255,1484,39657,10,328381
25740,0.00075,172.31.36.0-255,66,39723,10,328381
25741,0.000756,74.125.24.0-255,2902,42625,10,328381
25742,0.000758,172.31.36.0-255,66,42691,10,328381
25743,0.000765,74.125.24.0-255,5738,48429,10,328381
25744,0.000767,172.31.36.0-255,66,48495,10,328381
25745,0.000808,172.31.36.0-255,66,48561,10,328381
25746,0.000822,172.31.36.0-255,66,48627,10,328381
25747,0.000844,74.125.24.0-255,2184,50811,10,328381
25748,0.000847,172.31.36.0-255,66,50877,10,328381
25749,0.001494,74.125.24.0-255,1484,52361,10,328381
25750,0.001503,74.125.24.0-255,2902,55263,10,328381
25751,0.001507,172.31.36.0-255,66,55329,10,328381
25752,0.001515,74.125.24.0-255,5738,61067,10,328381
25753,0.001517,172.31.36.0-255,66,61133,10,328381
25754,0.001522,74.125.24.0-255,2902,64035,10,328381
25755,0.001524,172.31.36.0-255,66,64101,10,328381
25756,0.001562,172.31.36.0-255,66,64167,10,328381
25757,0.00159,74.125.24.0-255,1484,65651,10,328381
25758,0.001613,172.31.36.0-255,66,65717,10,328381
25759,0.003568,74.125.24.0-255,5738,71455,10,328381
25760,0.003575,172.31.36.0-255,66,71521,10,328381
25761,0.005564,74.125.24.0-255,5738,77259,10,328381
25762,0.005567,172.31.36.0-255,66,77325,10,328381
25763,0.007525,74.125.24.0-255,5738,83063,10,328381
25764,0.007531,172.31.36.0-255,66,83129,10,328381
25765,0.009518,74.125.24.0-255,5738,88867,10,328381
25766,0.009526,172.31.36.0-255,66,88933,10,328381
25767,0.011525,74.125.24.0-255,5738,94671,10,328381
25768,0.011533,172.31.36.0-255,66,94737,10,328381
25769,0.01349,74.125.24.0-255,5738,100475,10,328381
25770,0.013497,172.31.36.0-255,66,100541,10,328381
25771,0.015458,74.125.24.0-255,5738,106279,10,328381
25772,0.015465,172.31.36.0-255,66,106345,10,328381
25773,0.017443,74.125.24.0-255,5738,112083,10,328381
25774,0.017453,172.31.36.0-255,66,112149,10,328381
25775,0.019494,74.125.24.0-255,5738,117887,10,328381
25776,0.019505,172.31.36.0-255,66,117953,10,328381
25777,0.021499,74.125.24.0-255,5738,123691,10,328381
25778,0.021506,172.31.36.0-255,66,123757,10,328381
25779,0.023497,74.125.24.0-255,5738,129495,10,328381
25780,0.023504,172.31.36.0-255,66,129561,10,328381
25781,0.025447,74.125.24.0-255,5738,135299,10,328381
25782,0.025455,172.31.36.0-255,66,135365,10,328381
25783,0.027396,74.125.24.0-255,5738,141103,10,328381
25784,0.027403,172.31.36.0-255,66,141169,10,328381
25785,0.029376,74.125.24.0-255,5738,146907,10,328381
25786,0.029385,172.31.36.0-255,66,146973,10,328381
25787,0.031365,74.125.24.0-255,5738,152711,10,328381
25788,0.031373,172.31.36.0-255,66,152777,10,328381
25789,0.033347,74.125.24.0-255,5738,158515,10,328381
25790,0.033355,172.31.36.0-255,66,158581,10,328381
25791,0.034249,172.31.36.0-255,167,158748,10,328381
25792,0.034282,172.31.36.0-255,1111,159859,10,328381
25793,0.034346,172.31.36.0-255,1514,161373,10,328381
25794,0.034348,172.31.36.0-255,1514,162887,10,328381
25795,0.034353,172.31.36.0-255,1514,164401,10,328381
25796,0.034354,172.31.36.0-255,1072,165473,10,328381
25797,0.03536,74.125.24.0-255,5738,171211,10,328381
25798,0.035367,172.31.36.0-255,66,171277,10,328381
25799,0.03578,104.244.42.0-255,66,171343,10,328381
25800,0.035892,104.244.42.0-255,66,171409,10,328381
25801,0.035924,104.244.42.0-255,66,171475,10,328381
25802,0.035929,104.244.42.0-255,66,171541,10,328381
25803,0.037341,74.125.24.0-255,5738,177279,10,328381
25804,0.037347,172.31.36.0-255,66,177345,10,328381
25805,0.039295,74.125.24.0-255,5738,183083,10,328381
25806,0.0393,172.31.36.0-255,66,183149,10,328381
25807,0.041281,74.125.24.0-255,5738,188887,10,328381
25808,0.04129,172.31.36.0-255,66,188953,10,328381
25809,0.043269,74.125.24.0-255,5738,194691,10,328381
25810,0.043276,172.31.36.0-255,66,194757,10,328381
25811,0.045249,74.125.24.0-255,5738,200495,10,328381
25812,0.045259,172.31.36.0-255,66,200561,10,328381
25813,0.047218,74.125.24.0-255,5738,206299,10,328381
25814,0.047225,172.31.36.0-255,66,206365,10,328381
25815,0.049186,74.125.24.0-255,5738,212103,10,328381
25816,0.049193,172.31.36.0-255,66,212169,10,328381
25817,0.051147,74.125.24.0-255,5738,217907,10,328381
25818,0.051154,172.31.36.0-255,66,217973,10,328381
25819,0.053153,74.125.24.0-255,5738,223711,10,328381
25820,0.05316,172.31.36.0-255,66,223777,10,328381
25821,0.055099,74.125.24.0-255,5738,229515,10,328381
25822,0.055105,172.31.36.0-255,66,229581,10,328381
25823,0.057053,74.125.24.0-255,2902,232483,10,328381
25824,0.057059,172.31.36.0-255,66,232549,10,328381
25825,0.05708,74.125.24.0-255,2902,235451,10,328381
25826,0.057083,172.31.36.0-255,66,235517,10,328381
25827,0.059046,74.125.24.0-255,5738,241255,10,328381
25828,0.059054,172.31.36.0-255,66,241321,10,328381
25829,0.061035,74.125.24.0-255,5738,247059,10,328381
25830,0.061042,172.31.36.0-255,66,247125,10,328381
25831,0.063069,74.125.24.0-255,5738,252863,10,328381
25832,0.063079,172.31.36.0-255,66,252929,10,328381
25833,0.065048,74.125.24.0-255,5738,258667,10,328381
25834,0.065054,172.31.36.0-255,66,258733,10,328381
25835,0.067037,74.125.24.0-255,5738,264471,10,328381
25836,0.067044,172.31.36.0-255,66,264537,10,328381
25837,0.068997,74.125.24.0-255,5738,270275,10,328381
25838,0.069003,172.31.36.0-255,66,270341,10,328381
25839,0.070953,74.125.24.0-255,5738,276079,10,328381
25840,0.07096,172.31.36.0-255,66,276145,10,328381
25841,0.072915,74.125.24.0-255,5738,281883,10,328381
25842,0.072921,172.31.36.0-255,66,281949,10,328381
25843,0.074931,74.125.24.0-255,5738,287687,10,328381
25844,0.074938,172.31.36.0-255,66,287753,10,328381
25845,0.076886,74.125.24.0-255,5738,293491,10,328381
25846,0.076893,172.31.36.0-255,66,293557,10,328381
25847,0.078876,74.125.24.0-255,5738,299295,10,328381
25848,0.078886,172.31.36.0-255,66,299361,10,328381
25849,0.080889,74.125.24.0-255,5738,305099,10,328381
25850,0.080896,172.31.36.0-255,66,305165,10,328381
25851,0.082902,74.125.24.0-255,5738,310903,10,328381
25852,0.08291,172.31.36.0-255,66,310969,10,328381
25853,0.084889,74.125.24.0-255,5738,316707,10,328381
25854,0.084896,172.31.36.0-255,66,316773,10,328381
25855,0.086873,74.125.24.0-255,5738,322511,10,328381
25856,0.08688,172.31.36.0-255,66,322577,10,328381
25857,0.088857,74.125.24.0-255,5738,328315,10,328381
25858,0.088862,172.31.36.0-255,66,328381,10,328381
25859,0.0,74.125.24.0-255,153,153,10,181739
25860,2.6e-05,172.31.36.0-255,66,219,10,181739
25861,3.2e-05,74.125.24.0-255,1484,1703,10,181739
25862,3.6e-05,172.31.36.0-255,66,1769,10,181739
25863,4.2e-05,74.125.24.0-255,2902,4671,10,181739
25864,5.1e-05,172.31.36.0-255,66,4737,10,181739
25865,6e-05,74.125.24.0-255,7156,11893,10,181739
25866,6.3e-05,172.31.36.0-255,66,11959,10,181739
25867,0.000106,172.31.36.0-255,66,12025,10,181739
25868,0.000142,172.31.36.0-255,66,12091,10,181739
25869,0.00015,74.125.24.0-255,7156,19247,10,181739
25870,0.000152,172.31.36.0-255,66,19313,10,181739
25871,0.000175,74.125.24.0-255,1484,20797,10,181739
25872,0.000178,172.31.36.0-255,66,20863,10,181739
25873,0.000195,172.31.36.0-255,66,20929,10,181739
25874,0.000233,74.125.24.0-255,1484,22413,10,181739
25875,0.000236,172.31.36.0-255,66,22479,10,181739
25876,0.00024,74.125.24.0-255,2902,25381,10,181739
25877,0.000243,172.31.36.0-255,66,25447,10,181739
25878,0.000265,74.125.24.0-255,5738,31185,10,181739
25879,0.000267,172.31.36.0-255,66,31251,10,181739
25880,0.000275,74.125.24.0-255,2902,34153,10,181739
25881,0.000277,172.31.36.0-255,66,34219,10,181739
25882,0.000311,74.125.24.0-255,4287,38506,10,181739
25883,0.000315,172.31.36.0-255,66,38572,10,181739
25884,0.000436,74.125.24.0-255,117,38689,10,181739
25885,0.000441,172.31.36.0-255,66,38755,10,181739
25886,0.000489,74.125.24.0-255,332,39087,10,181739
25887,0.000492,172.31.36.0-255,66,39153,10,181739
25888,0.000716,74.125.24.0-255,1484,40637,10,181739
25889,0.000732,74.125.24.0-255,2902,43539,10,181739
25890,0.000736,74.125.24.0-255,4320,47859,10,181739
25891,0.000736,172.31.36.0-255,66,47925,10,181739
25892,0.00074,172.31.36.0-255,66,47991,10,181739
25893,0.000783,74.125.24.0-255,1484,49475,10,181739
25894,0.000795,74.125.24.0-255,4320,53795,10,181739
25895,0.000798,172.31.36.0-255,66,53861,10,181739
25896,0.000829,74.125.24.0-255,2543,56404,10,181739
25897,0.000831,172.31.36.0-255,66,56470,10,181739
25898,0.00084,172.31.36.0-255,66,56536,10,181739
25899,0.000856,172.31.36.0-255,66,56602,10,181739
25900,0.000988,74.125.24.0-255,1484,58086,10,181739
25901,0.000994,74.125.24.0-255,2902,60988,10,181739
25902,0.000997,172.31.36.0-255,66,61054,10,181739
25903,0.001001,74.125.24.0-255,2902,63956,10,181739
25904,0.001003,172.31.36.0-255,66,64022,10,181739
25905,0.001017,74.125.24.0-255,2902,66924,10,181739
25906,0.00102,172.31.36.0-255,66,66990,10,181739
25907,0.001023,74.125.24.0-255,1484,68474,10,181739
25908,0.001061,74.125.24.0-255,4320,72794,10,181739
25909,0.001062,172.31.36.0-255,66,72860,10,181739
25910,0.001065,172.31.36.0-255,66,72926,10,181739
25911,0.001089,74.125.24.0-255,1484,74410,10,181739
25912,0.001099,74.125.24.0-255,5020,79430,10,181739
25913,0.001102,172.31.36.0-255,66,79496,10,181739
25914,0.001123,74.125.24.0-255,1484,80980,10,181739
25915,0.001138,74.125.24.0-255,4320,85300,10,181739
25916,0.001141,172.31.36.0-255,66,85366,10,181739
25917,0.001146,74.125.24.0-255,4320,89686,10,181739
25918,0.001148,172.31.36.0-255,66,89752,10,181739
25919,0.001214,172.31.36.0-255,66,89818,10,181739
25920,0.001231,172.31.36.0-255,66,89884,10,181739
25921,0.001291,74.125.24.0-255,1484,91368,10,181739
25922,0.001306,74.125.24.0-255,2902,94270,10,181739
25923,0.001309,172.31.36.0-255,66,94336,10,181739
25924,0.001314,74.125.24.0-255,4320,98656,10,181739
25925,0.001316,172.31.36.0-255,66,98722,10,181739
25926,0.00134,74.125.24.0-255,1484,100206,10,181739
25927,0.001352,172.31.36.0-255,66,100272,10,181739
25928,0.001358,74.125.24.0-255,5738,106010,10,181739
25929,0.00136,172.31.36.0-255,66,106076,10,181739
25930,0.001405,74.125.24.0-255,5020,111096,10,181739
25931,0.001408,172.31.36.0-255,66,111162,10,181739
25932,0.00145,74.125.24.0-255,1484,112646,10,181739
25933,0.001461,74.125.24.0-255,1484,114130,10,181739
25934,0.001463,172.31.36.0-255,66,114196,10,181739
25935,0.001477,74.125.24.0-255,1484,115680,10,181739
25936,0.001486,74.125.24.0-255,5738,121418,10,181739
25937,0.001489,172.31.36.0-255,66,121484,10,181739
25938,0.001518,172.31.36.0-255,66,121550,10,181739
25939,0.001524,74.125.24.0-255,5738,127288,10,181739
25940,0.001526,172.31.36.0-255,66,127354,10,181739
25941,0.00155,74.125.24.0-255,2902,130256,10,181739
25942,0.001553,172.31.36.0-255,66,130322,10,181739
25943,0.001563,74.125.24.0-255,2184,132506,10,181739
25944,0.001565,172.31.36.0-255,66,132572,10,181739
25945,0.001793,74.125.24.0-255,1484,134056,10,181739
25946,0.001799,74.125.24.0-255,2902,136958,10,181739
25947,0.001801,172.31.36.0-255,66,137024,10,181739
25948,0.001805,74.125.24.0-255,1484,138508,10,181739
25949,0.001826,74.125.24.0-255,5738,144246,10,181739
25950,0.001829,172.31.36.0-255,66,144312,10,181739
25951,0.00188,172.31.36.0-255,66,144378,10,181739
25952,0.001898,172.31.36.0-255,66,144444,10,181739
25953,0.001903,74.125.24.0-255,2902,147346,10,181739
25954,0.001906,172.31.36.0-255,66,147412,10,181739
25955,0.001963,172.31.36.0-255,66,147478,10,181739
25956,0.001974,172.31.36.0-255,66,147544,10,181739
25957,0.002002,74.125.24.0-255,1484,149028,10,181739
25958,0.00202,74.125.24.0-255,2902,151930,10,181739
25959,0.002023,172.31.36.0-255,66,151996,10,181739
25960,0.002028,74.125.24.0-255,2902,154898,10,181739
25961,0.00203,172.31.36.0-255,66,154964,10,181739
25962,0.002048,74.125.24.0-255,2902,157866,10,181739
25963,0.002051,172.31.36.0-255,66,157932,10,181739
25964,0.002066,74.125.24.0-255,7156,165088,10,181739
25965,0.00207,172.31.36.0-255,66,165154,10,181739
25966,0.002098,74.125.24.0-255,5738,170892,10,181739
25967,0.002101,172.31.36.0-255,66,170958,10,181739
25968,0.002119,172.31.36.0-255,66,171024,10,181739
25969,0.00216,74.125.24.0-255,5738,176762,10,181739
25970,0.002163,172.31.36.0-255,66,176828,10,181739
25971,0.002206,172.31.36.0-255,66,176894,10,181739
25972,0.002223,172.31.36.0-255,66,176960,10,181739
25973,0.002247,172.31.36.0-255,66,177026,10,181739
25974,0.00226,172.31.36.0-255,66,177092,10,181739
25975,0.002263,74.125.24.0-255,105,177197,10,181739
25976,0.003424,172.31.36.0-255,66,177263,10,181739
25977,0.003449,172.31.36.0-255,105,177368,10,181739
25978,0.005771,74.125.24.0-255,66,177434,10,181739
25979,0.034284,172.31.36.0-255,188,177622,10,181739
25980,0.034311,172.31.36.0-255,956,178578,10,181739
25981,0.03436,172.31.36.0-255,1514,180092,10,181739
25982,0.034362,172.31.36.0-255,1449,181541,10,181739
25983,0.035843,104.244.42.0-255,66,181607,10,181739
25984,0.035852,104.244.42.0-255,66,181673,10,181739
25985,0.035944,104.244.42.0-255,66,181739,10,181739
25986,0.0,74.125.24.0-255,153,153,10,301938
25987,2.8e-05,172.31.36.0-255,66,219,10,301938
25988,3.5e-05,74.125.24.0-255,1484,1703,10,301938
25989,3.9e-05,172.31.36.0-255,66,1769,10,301938
25990,4.4e-05,74.125.24.0-255,2902,4671,10,301938
25991,4.7e-05,172.31.36.0-255,66,4737,10,301938
25992,6.1e-05,74.125.24.0-255,5738,10475,10,301938
25993,6.3e-05,172.31.36.0-255,66,10541,10,301938
25994,9.5e-05,74.125.24.0-255,3433,13974,10,301938
25995,9.8e-05,172.31.36.0-255,66,14040,10,301938
25996,0.000173,74.125.24.0-255,1484,15524,10,301938
25997,0.000179,172.31.36.0-255,66,15590,10,301938
25998,0.000183,74.125.24.0-255,2902,18492,10,301938
25999,0.000186,172.31.36.0-255,66,18558,10,301938
26000,0.000192,74.125.24.0-255,5738,24296,10,301938
26001,0.0002,172.31.36.0-255,66,24362,10,301938
26002,0.000205,74.125.24.0-255,2902,27264,10,301938
26003,0.000208,172.31.36.0-255,66,27330,10,301938
26004,0.000239,74.125.24.0-255,3961,31291,10,301938
26005,0.000242,172.31.36.0-255,66,31357,10,301938
26006,0.000245,74.125.24.0-255,1484,32841,10,301938
26007,0.000247,172.31.36.0-255,66,32907,10,301938
26008,0.000301,172.31.36.0-255,66,32973,10,301938
26009,0.000304,74.125.24.0-255,1484,34457,10,301938
26010,0.000306,172.31.36.0-255,66,34523,10,301938
26011,0.000331,172.31.36.0-255,66,34589,10,301938
26012,0.000334,74.125.24.0-255,766,35355,10,301938
26013,0.000338,172.31.36.0-255,66,35421,10,301938
26014,0.001063,74.125.24.0-255,647,36068,10,301938
26015,0.00107,172.31.36.0-255,66,36134,10,301938
26016,0.001841,74.125.24.0-255,1484,37618,10,301938
26017,0.001848,74.125.24.0-255,1484,39102,10,301938
26018,0.001851,172.31.36.0-255,66,39168,10,301938
26019,0.001878,74.125.24.0-255,1484,40652,10,301938
26020,0.001884,74.125.24.0-255,5738,46390,10,301938
26021,0.001887,172.31.36.0-255,66,46456,10,301938
26022,0.0019,172.31.36.0-255,66,46522,10,301938
26023,0.001906,74.125.24.0-255,5738,52260,10,301938
26024,0.001908,172.31.36.0-255,66,52326,10,301938
26025,0.001944,74.125.24.0-255,2902,55228,10,301938
26026,0.001947,172.31.36.0-255,66,55294,10,301938
26027,0.001971,74.125.24.0-255,2184,57478,10,301938
26028,0.001974,172.31.36.0-255,66,57544,10,301938
26029,0.003952,74.125.24.0-255,5738,63282,10,301938
26030,0.003959,172.31.36.0-255,66,63348,10,301938
26031,0.005963,74.125.24.0-255,5738,69086,10,301938
26032,0.005973,172.31.36.0-255,66,69152,10,301938
26033,0.007986,74.125.24.0-255,5738,74890,10,301938
26034,0.007993,172.31.36.0-255,66,74956,10,301938
26035,0.010019,74.125.24.0-255,5738,80694,10,301938
26036,0.010026,172.31.36.0-255,66,80760,10,301938
26037,0.012015,74.125.24.0-255,5738,86498,10,301938
26038,0.012021,172.31.36.0-255,66,86564,10,301938
26039,0.014051,74.125.24.0-255,5738,92302,10,301938
26040,0.014064,172.31.36.0-255,66,92368,10,301938
26041,0.016059,74.125.24.0-255,5738,98106,10,301938
26042,0.016067,172.31.36.0-255,66,98172,10,301938
26043,0.018066,74.125.24.0-255,5738,103910,10,301938
26044,0.018074,172.31.36.0-255,66,103976,10,301938
26045,0.020104,74.125.24.0-255,5738,109714,10,301938
26046,0.02011,172.31.36.0-255,66,109780,10,301938
26047,0.022161,74.125.24.0-255,5738,115518,10,301938
26048,0.022168,172.31.36.0-255,66,115584,10,301938
26049,0.024155,74.125.24.0-255,5738,121322,10,301938
26050,0.024162,172.31.36.0-255,66,121388,10,301938
26051,0.026187,74.125.24.0-255,5738,127126,10,301938
26052,0.026193,172.31.36.0-255,66,127192,10,301938
26053,0.026886,172.31.36.0-255,171,127363,10,301938
26054,0.02696,172.31.36.0-255,1138,128501,10,301938
26055,0.027059,172.31.36.0-255,1514,130015,10,301938
26056,0.027061,172.31.36.0-255,1265,131280,10,301938
26057,0.028202,74.125.24.0-255,5738,137018,10,301938
26058,0.028209,172.31.36.0-255,66,137084,10,301938
26059,0.028402,104.244.42.0-255,66,137150,10,301938
26060,0.028475,104.244.42.0-255,66,137216,10,301938
26061,0.028612,104.244.42.0-255,66,137282,10,301938
26062,0.030194,74.125.24.0-255,5738,143020,10,301938
26063,0.0302,172.31.36.0-255,66,143086,10,301938
26064,0.03221,74.125.24.0-255,5738,148824,10,301938
26065,0.032215,172.31.36.0-255,66,148890,10,301938
26066,0.034205,74.125.24.0-255,5738,154628,10,301938
26067,0.03421,172.31.36.0-255,66,154694,10,301938
26068,0.036209,74.125.24.0-255,5738,160432,10,301938
26069,0.036214,172.31.36.0-255,66,160498,10,301938
26070,0.038209,74.125.24.0-255,4320,164818,10,301938
26071,0.038215,172.31.36.0-255,66,164884,10,301938
26072,0.03825,74.125.24.0-255,1484,166368,10,301938
26073,0.040208,74.125.24.0-255,4320,170688,10,301938
26074,0.040213,172.31.36.0-255,66,170754,10,301938
26075,0.042209,74.125.24.0-255,5738,176492,10,301938
26076,0.042215,172.31.36.0-255,66,176558,10,301938
26077,0.044218,74.125.24.0-255,5738,182296,10,301938
26078,0.044224,172.31.36.0-255,66,182362,10,301938
26079,0.046226,74.125.24.0-255,5738,188100,10,301938
26080,0.046234,172.31.36.0-255,66,188166,10,301938
26081,0.04825,74.125.24.0-255,4320,192486,10,301938
26082,0.048257,172.31.36.0-255,66,192552,10,301938
26083,0.04829,74.125.24.0-255,1484,194036,10,301938
26084,0.050274,74.125.24.0-255,4320,198356,10,301938
26085,0.050282,172.31.36.0-255,66,198422,10,301938
26086,0.052301,74.125.24.0-255,5738,204160,10,301938
26087,0.052307,172.31.36.0-255,66,204226,10,301938
26088,0.054309,74.125.24.0-255,4320,208546,10,301938
26089,0.054314,172.31.36.0-255,66,208612,10,301938
26090,0.054355,74.125.24.0-255,1484,210096,10,301938
26091,0.056333,74.125.24.0-255,4320,214416,10,301938
26092,0.056339,172.31.36.0-255,66,214482,10,301938
26093,0.058388,74.125.24.0-255,5738,220220,10,301938
26094,0.058393,172.31.36.0-255,66,220286,10,301938
26095,0.060401,74.125.24.0-255,5738,226024,10,301938
26096,0.060407,172.31.36.0-255,66,226090,10,301938
26097,0.062468,74.125.24.0-255,5738,231828,10,301938
26098,0.062473,172.31.36.0-255,66,231894,10,301938
26099,0.064495,74.125.24.0-255,5738,237632,10,301938
26100,0.064501,172.31.36.0-255,66,237698,10,301938
26101,0.066552,74.125.24.0-255,5738,243436,10,301938
26102,0.066557,172.31.36.0-255,66,243502,10,301938
26103,0.068556,74.125.24.0-255,5738,249240,10,301938
26104,0.068561,172.31.36.0-255,66,249306,10,301938
26105,0.070583,74.125.24.0-255,5738,255044,10,301938
26106,0.070589,172.31.36.0-255,66,255110,10,301938
26107,0.072594,74.125.24.0-255,5738,260848,10,301938
26108,0.072599,172.31.36.0-255,66,260914,10,301938
26109,0.074591,74.125.24.0-255,4320,265234,10,301938
26110,0.074599,172.31.36.0-255,66,265300,10,301938
26111,0.074618,74.125.24.0-255,1484,266784,10,301938
26112,0.076601,74.125.24.0-255,4320,271104,10,301938
26113,0.076609,172.31.36.0-255,66,271170,10,301938
26114,0.078623,74.125.24.0-255,5738,276908,10,301938
26115,0.078629,172.31.36.0-255,66,276974,10,301938
26116,0.080617,74.125.24.0-255,4320,281294,10,301938
26117,0.080623,172.31.36.0-255,66,281360,10,301938
26118,0.080657,74.125.24.0-255,1484,282844,10,301938
26119,0.082622,74.125.24.0-255,4320,287164,10,301938
26120,0.082628,172.31.36.0-255,66,287230,10,301938
26121,0.084633,74.125.24.0-255,4320,291550,10,301938
26122,0.084638,172.31.36.0-255,66,291616,10,301938
26123,0.084668,74.125.24.0-255,1484,293100,10,301938
26124,0.086666,74.125.24.0-255,2902,296002,10,301938
26125,0.086671,172.31.36.0-255,66,296068,10,301938
26126,0.086701,74.125.24.0-255,1484,297552,10,301938
26127,0.088683,74.125.24.0-255,4320,301872,10,301938
26128,0.088688,172.31.36.0-255,66,301938,10,301938
26129,0.0,74.125.24.0-255,145,145,10,298283
26130,1.6e-05,172.31.36.0-255,66,211,10,298283
26131,2.2e-05,74.125.24.0-255,1484,1695,10,298283
26132,2.6e-05,172.31.36.0-255,66,1761,10,298283
26133,3.3e-05,74.125.24.0-255,2902,4663,10,298283
26134,4.5e-05,172.31.36.0-255,66,4729,10,298283
26135,5.3e-05,74.125.24.0-255,7156,11885,10,298283
26136,5.6e-05,172.31.36.0-255,66,11951,10,298283
26137,7.1e-05,74.125.24.0-255,1484,13435,10,298283
26138,7.3e-05,172.31.36.0-255,66,13501,10,298283
26139,0.000118,172.31.36.0-255,66,13567,10,298283
26140,0.000123,74.125.24.0-255,2543,16110,10,298283
26141,0.000125,172.31.36.0-255,66,16176,10,298283
26142,0.000192,74.125.24.0-255,1484,17660,10,298283
26143,0.000195,172.31.36.0-255,66,17726,10,298283
26144,0.0002,74.125.24.0-255,2902,20628,10,298283
26145,0.000203,172.31.36.0-255,66,20694,10,298283
26146,0.000235,74.125.24.0-255,5738,26432,10,298283
26147,0.000239,172.31.36.0-255,66,26498,10,298283
26148,0.000247,74.125.24.0-255,6797,33295,10,298283
26149,0.000249,172.31.36.0-255,66,33361,10,298283
26150,0.000612,74.125.24.0-255,1484,34845,10,298283
26151,0.000618,172.31.36.0-255,66,34911,10,298283
26152,0.000625,74.125.24.0-255,2902,37813,10,298283
26153,0.000627,172.31.36.0-255,66,37879,10,298283
26154,0.000685,74.125.24.0-255,4320,42199,10,298283
26155,0.000697,172.31.36.0-255,66,42265,10,298283
26156,0.000705,172.31.36.0-255,66,42331,10,298283
26157,0.000782,74.125.24.0-255,1484,43815,10,298283
26158,0.000787,172.31.36.0-255,66,43881,10,298283
26159,0.000792,74.125.24.0-255,2902,46783,10,298283
26160,0.000794,172.31.36.0-255,66,46849,10,298283
26161,0.000801,74.125.24.0-255,5738,52587,10,298283
26162,0.000809,172.31.36.0-255,66,52653,10,298283
26163,0.000847,172.31.36.0-255,66,52719,10,298283
26164,0.000851,74.125.24.0-255,1484,54203,10,298283
26165,0.000872,74.125.24.0-255,7156,61359,10,298283
26166,0.000875,172.31.36.0-255,66,61425,10,298283
26167,0.000878,74.125.24.0-255,1125,62550,10,298283
26168,0.00127,74.125.24.0-255,1484,64034,10,298283
26169,0.001275,172.31.36.0-255,66,64100,10,298283
26170,0.001281,74.125.24.0-255,2902,67002,10,298283
26171,0.001283,172.31.36.0-255,66,67068,10,298283
26172,0.001295,74.125.24.0-255,5738,72806,10,298283
26173,0.001298,172.31.36.0-255,66,72872,10,298283
26174,0.001304,74.125.24.0-255,5738,78610,10,298283
26175,0.001306,172.31.36.0-255,66,78676,10,298283
26176,0.001334,74.125.24.0-255,1156,79832,10,298283
26177,0.001572,74.125.24.0-255,1484,81316,10,298283
26178,0.001577,74.125.24.0-255,2902,84218,10,298283
26179,0.001579,74.125.24.0-255,1484,85702,10,298283
26180,0.001584,172.31.36.0-255,66,85768,10,298283
26181,0.001588,172.31.36.0-255,66,85834,10,298283
26182,0.001612,74.125.24.0-255,4320,90154,10,298283
26183,0.001615,172.31.36.0-255,66,90220,10,298283
26184,0.001634,172.31.36.0-255,66,90286,10,298283
26185,0.001646,172.31.36.0-255,66,90352,10,298283
26186,0.001675,74.125.24.0-255,766,91118,10,298283
26187,0.002052,172.31.36.0-255,66,91184,10,298283
26188,0.002489,74.125.24.0-255,1484,92668,10,298283
26189,0.0025,74.125.24.0-255,2902,95570,10,298283
26190,0.002504,172.31.36.0-255,66,95636,10,298283
26191,0.002511,74.125.24.0-255,4320,99956,10,298283
26192,0.002513,172.31.36.0-255,66,100022,10,298283
26193,0.002538,74.125.24.0-255,1484,101506,10,298283
26194,0.002558,172.31.36.0-255,66,101572,10,298283
26195,0.002562,74.125.24.0-255,1484,103056,10,298283
26196,0.002595,172.31.36.0-255,66,103122,10,298283
26197,0.002598,74.125.24.0-255,766,103888,10,298283
26198,0.005212,74.125.24.0-255,4320,108208,10,298283
26199,0.005221,172.31.36.0-255,66,108274,10,298283
26200,0.007834,74.125.24.0-255,5738,114012,10,298283
26201,0.007841,172.31.36.0-255,66,114078,10,298283
26202,0.010504,74.125.24.0-255,5738,119816,10,298283
26203,0.010513,172.31.36.0-255,66,119882,10,298283
26204,0.013147,74.125.24.0-255,5738,125620,10,298283
26205,0.013157,172.31.36.0-255,66,125686,10,298283
26206,0.015802,74.125.24.0-255,5738,131424,10,298283
26207,0.015813,172.31.36.0-255,66,131490,10,298283
26208,0.018428,74.125.24.0-255,5738,137228,10,298283
26209,0.018439,172.31.36.0-255,66,137294,10,298283
26210,0.021091,74.125.24.0-255,5738,143032,10,298283
26211,0.0211,172.31.36.0-255,66,143098,10,298283
26212,0.023705,74.125.24.0-255,5738,148836,10,298283
26213,0.023714,172.31.36.0-255,66,148902,10,298283
26214,0.026348,74.125.24.0-255,5738,154640,10,298283
26215,0.026354,172.31.36.0-255,66,154706,10,298283
26216,0.028543,172.31.36.0-255,166,154872,10,298283
26217,0.028576,172.31.36.0-255,1136,156008,10,298283
26218,0.028635,172.31.36.0-255,1514,157522,10,298283
26219,0.028636,172.31.36.0-255,1267,158789,10,298283
26220,0.028957,74.125.24.0-255,5738,164527,10,298283
26221,0.028964,172.31.36.0-255,66,164593,10,298283
26222,0.030106,104.244.42.0-255,66,164659,10,298283
26223,0.030134,104.244.42.0-255,66,164725,10,298283
26224,0.030196,104.244.42.0-255,66,164791,10,298283
26225,0.031609,74.125.24.0-255,5738,170529,10,298283
26226,0.031614,172.31.36.0-255,66,170595,10,298283
26227,0.034281,74.125.24.0-255,5738,176333,10,298283
26228,0.034301,172.31.36.0-255,66,176399,10,298283
26229,0.036937,74.125.24.0-255,5738,182137,10,298283
26230,0.036945,172.31.36.0-255,66,182203,10,298283
26231,0.03957,74.125.24.0-255,5738,187941,10,298283
26232,0.039578,172.31.36.0-255,66,188007,10,298283
26233,0.042237,74.125.24.0-255,5738,193745,10,298283
26234,0.042244,172.31.36.0-255,66,193811,10,298283
26235,0.044877,74.125.24.0-255,5738,199549,10,298283
26236,0.044885,172.31.36.0-255,66,199615,10,298283
26237,0.047543,74.125.24.0-255,5738,205353,10,298283
26238,0.047553,172.31.36.0-255,66,205419,10,298283
26239,0.050161,74.125.24.0-255,5738,211157,10,298283
26240,0.050169,172.31.36.0-255,66,211223,10,298283
26241,0.052794,74.125.24.0-255,5738,216961,10,298283
26242,0.0528,172.31.36.0-255,66,217027,10,298283
26243,0.055427,74.125.24.0-255,5738,222765,10,298283
26244,0.055433,172.31.36.0-255,66,222831,10,298283
26245,0.058085,74.125.24.0-255,5738,228569,10,298283
26246,0.058092,172.31.36.0-255,66,228635,10,298283
26247,0.060737,74.125.24.0-255,5738,234373,10,298283
26248,0.060744,172.31.36.0-255,66,234439,10,298283
26249,0.063375,74.125.24.0-255,5738,240177,10,298283
26250,0.063382,172.31.36.0-255,66,240243,10,298283
26251,0.066009,74.125.24.0-255,5738,245981,10,298283
26252,0.066015,172.31.36.0-255,66,246047,10,298283
26253,0.068641,74.125.24.0-255,5738,251785,10,298283
26254,0.068649,172.31.36.0-255,66,251851,10,298283
26255,0.071288,74.125.24.0-255,5738,257589,10,298283
26256,0.071294,172.31.36.0-255,66,257655,10,298283
26257,0.073932,74.125.24.0-255,5738,263393,10,298283
26258,0.073939,172.31.36.0-255,66,263459,10,298283
26259,0.076593,74.125.24.0-255,5738,269197,10,298283
26260,0.076599,172.31.36.0-255,66,269263,10,298283
26261,0.079256,74.125.24.0-255,5738,275001,10,298283
26262,0.079263,172.31.36.0-255,66,275067,10,298283
26263,0.081914,74.125.24.0-255,5738,280805,10,298283
26264,0.081921,172.31.36.0-255,66,280871,10,298283
26265,0.084556,74.125.24.0-255,5738,286609,10,298283
26266,0.084562,172.31.36.0-255,66,286675,10,298283
26267,0.087178,74.125.24.0-255,5738,292413,10,298283
26268,0.087184,172.31.36.0-255,66,292479,10,298283
26269,0.089811,74.125.24.0-255,5738,298217,10,298283
26270,0.089819,172.31.36.0-255,66,298283,10,298283
26271,0.0,74.125.200.0-255,153,153,10,362854
26272,2.1e-05,172.31.36.0-255,66,219,10,362854
26273,4.9e-05,74.125.200.0-255,1484,1703,10,362854
26274,5.3e-05,172.31.36.0-255,66,1769,10,362854
26275,5.9e-05,74.125.200.0-255,2902,4671,10,362854
26276,6.2e-05,172.31.36.0-255,66,4737,10,362854
26277,6.9e-05,74.125.200.0-255,5738,10475,10,362854
26278,7.2e-05,172.31.36.0-255,66,10541,10,362854
26279,7.5e-05,74.125.200.0-255,1484,12025,10,362854
26280,7.7e-05,172.31.36.0-255,66,12091,10,362854
26281,9.3e-05,74.125.200.0-255,2058,14149,10,362854
26282,9.5e-05,172.31.36.0-255,66,14215,10,362854
26283,0.000233,74.125.200.0-255,1484,15699,10,362854
26284,0.000238,172.31.36.0-255,66,15765,10,362854
26285,0.000257,74.125.200.0-255,2902,18667,10,362854
26286,0.00026,172.31.36.0-255,66,18733,10,362854
26287,0.000267,74.125.200.0-255,5738,24471,10,362854
26288,0.00027,172.31.36.0-255,66,24537,10,362854
26289,0.000286,74.125.200.0-255,4320,28857,10,362854
26290,0.000288,172.31.36.0-255,66,28923,10,362854
26291,0.000326,74.125.200.0-255,2543,31466,10,362854
26292,0.000329,172.31.36.0-255,66,31532,10,362854
26293,0.000352,74.125.200.0-255,2902,34434,10,362854
26294,0.000354,172.31.36.0-255,66,34500,10,362854
26295,0.000372,74.125.200.0-255,7156,41656,10,362854
26296,0.000375,172.31.36.0-255,66,41722,10,362854
26297,0.000378,74.125.200.0-255,1484,43206,10,362854
26298,0.00038,172.31.36.0-255,66,43272,10,362854
26299,0.000439,74.125.200.0-255,5379,48651,10,362854
26300,0.000442,172.31.36.0-255,66,48717,10,362854
26301,0.000538,74.125.200.0-255,1484,50201,10,362854
26302,0.000542,172.31.36.0-255,66,50267,10,362854
26303,0.000547,74.125.200.0-255,2902,53169,10,362854
26304,0.000549,172.31.36.0-255,66,53235,10,362854
26305,0.000581,74.125.200.0-255,5738,58973,10,362854
26306,0.000584,172.31.36.0-255,66,59039,10,362854
26307,0.000587,74.125.200.0-255,1484,60523,10,362854
26308,0.00061,74.125.200.0-255,5379,65902,10,362854
26309,0.000613,172.31.36.0-255,66,65968,10,362854
26310,0.000616,74.125.200.0-255,678,66646,10,362854
26311,0.000723,74.125.200.0-255,1484,68130,10,362854
26312,0.000729,172.31.36.0-255,66,68196,10,362854
26313,0.00074,74.125.200.0-255,2902,71098,10,362854
26314,0.000743,172.31.36.0-255,66,71164,10,362854
26315,0.000769,74.125.200.0-255,4320,75484,10,362854
26316,0.000771,172.31.36.0-255,66,75550,10,362854
26317,0.000827,172.31.36.0-255,66,75616,10,362854
26318,0.000829,172.31.36.0-255,66,75682,10,362854
26319,0.000847,74.125.200.0-255,4320,80002,10,362854
26320,0.000849,172.31.36.0-255,66,80068,10,362854
26321,0.000893,74.125.200.0-255,3961,84029,10,362854
26322,0.000896,172.31.36.0-255,66,84095,10,362854
26323,0.001882,74.125.200.0-255,1484,85579,10,362854
26324,0.001899,74.125.200.0-255,1484,87063,10,362854
26325,0.001903,172.31.36.0-255,66,87129,10,362854
26326,0.001925,74.125.200.0-255,2902,90031,10,362854
26327,0.001927,172.31.36.0-255,66,90097,10,362854
26328,0.001951,74.125.200.0-255,5738,95835,10,362854
26329,0.001954,172.31.36.0-255,66,95901,10,362854
26330,0.001961,74.125.200.0-255,5738,101639,10,362854
26331,0.001963,172.31.36.0-255,66,101705,10,362854
26332,0.001972,74.125.200.0-255,7156,108861,10,362854
26333,0.001974,172.31.36.0-255,66,108927,10,362854
26334,0.002023,172.31.36.0-255,66,108993,10,362854
26335,0.004041,74.125.200.0-255,5738,114731,10,362854
26336,0.004047,172.31.36.0-255,66,114797,10,362854
26337,0.006062,74.125.200.0-255,5738,120535,10,362854
26338,0.006083,172.31.36.0-255,66,120601,10,362854
26339,0.008105,74.125.200.0-255,5738,126339,10,362854
26340,0.008112,172.31.36.0-255,66,126405,10,362854
26341,0.010131,74.125.200.0-255,5738,132143,10,362854
26342,0.01014,172.31.36.0-255,66,132209,10,362854
26343,0.012162,74.125.200.0-255,5738,137947,10,362854
26344,0.012169,172.31.36.0-255,66,138013,10,362854
26345,0.014185,74.125.200.0-255,5738,143751,10,362854
26346,0.014193,172.31.36.0-255,66,143817,10,362854
26347,0.016211,74.125.200.0-255,5738,149555,10,362854
26348,0.016222,172.31.36.0-255,66,149621,10,362854
26349,0.018236,74.125.200.0-255,5738,155359,10,362854
26350,0.018243,172.31.36.0-255,66,155425,10,362854
26351,0.020267,74.125.200.0-255,5738,161163,10,362854
26352,0.020274,172.31.36.0-255,66,161229,10,362854
26353,0.022303,74.125.200.0-255,5738,166967,10,362854
26354,0.022311,172.31.36.0-255,66,167033,10,362854
26355,0.024351,74.125.200.0-255,5738,172771,10,362854
26356,0.024359,172.31.36.0-255,66,172837,10,362854
26357,0.026378,74.125.200.0-255,5738,178575,10,362854
26358,0.026386,172.31.36.0-255,66,178641,10,362854
26359,0.02785,172.31.36.0-255,172,178813,10,362854
26360,0.02788,172.31.36.0-255,1111,179924,10,362854
26361,0.027941,172.31.36.0-255,1514,181438,10,362854
26362,0.027943,172.31.36.0-255,1294,182732,10,362854
26363,0.028418,74.125.200.0-255,5738,188470,10,362854
26364,0.028425,172.31.36.0-255,66,188536,10,362854
26365,0.029392,104.244.42.0-255,66,188602,10,362854
26366,0.029446,104.244.42.0-255,66,188668,10,362854
26367,0.029489,104.244.42.0-255,66,188734,10,362854
26368,0.030437,74.125.200.0-255,5738,194472,10,362854
26369,0.030443,172.31.36.0-255,66,194538,10,362854
26370,0.032467,74.125.200.0-255,5738,200276,10,362854
26371,0.032474,172.31.36.0-255,66,200342,10,362854
26372,0.034493,74.125.200.0-255,5738,206080,10,362854
26373,0.034499,172.31.36.0-255,66,206146,10,362854
26374,0.036535,74.125.200.0-255,5738,211884,10,362854
26375,0.036542,172.31.36.0-255,66,211950,10,362854
26376,0.038565,74.125.200.0-255,5738,217688,10,362854
26377,0.038573,172.31.36.0-255,66,217754,10,362854
26378,0.040592,74.125.200.0-255,5738,223492,10,362854
26379,0.0406,172.31.36.0-255,66,223558,10,362854
26380,0.042652,74.125.200.0-255,5738,229296,10,362854
26381,0.042662,172.31.36.0-255,66,229362,10,362854
26382,0.044674,74.125.200.0-255,5738,235100,10,362854
26383,0.04468,172.31.36.0-255,66,235166,10,362854
26384,0.046701,74.125.200.0-255,5738,240904,10,362854
26385,0.046708,172.31.36.0-255,66,240970,10,362854
26386,0.048731,74.125.200.0-255,5738,246708,10,362854
26387,0.048738,172.31.36.0-255,66,246774,10,362854
26388,0.050766,74.125.200.0-255,5738,252512,10,362854
26389,0.050773,172.31.36.0-255,66,252578,10,362854
26390,0.052791,74.125.200.0-255,5738,258316,10,362854
26391,0.052798,172.31.36.0-255,66,258382,10,362854
26392,0.05481,74.125.200.0-255,5738,264120,10,362854
26393,0.054816,172.31.36.0-255,66,264186,10,362854
26394,0.056832,74.125.200.0-255,5738,269924,10,362854
26395,0.056839,172.31.36.0-255,66,269990,10,362854
26396,0.058855,74.125.200.0-255,5738,275728,10,362854
26397,0.058862,172.31.36.0-255,66,275794,10,362854
26398,0.060877,74.125.200.0-255,5738,281532,10,362854
26399,0.060883,172.31.36.0-255,66,281598,10,362854
26400,0.062941,74.125.200.0-255,5738,287336,10,362854
26401,0.062948,172.31.36.0-255,66,287402,10,362854
26402,0.064961,74.125.200.0-255,5738,293140,10,362854
26403,0.064968,172.31.36.0-255,66,293206,10,362854
26404,0.066987,74.125.200.0-255,5738,298944,10,362854
26405,0.066994,172.31.36.0-255,66,299010,10,362854
26406,0.069017,74.125.200.0-255,5738,304748,10,362854
26407,0.069024,172.31.36.0-255,66,304814,10,362854
26408,0.071058,74.125.200.0-255,5738,310552,10,362854
26409,0.071064,172.31.36.0-255,66,310618,10,362854
26410,0.073091,74.125.200.0-255,5738,316356,10,362854
26411,0.073097,172.31.36.0-255,66,316422,10,362854
26412,0.075126,74.125.200.0-255,5738,322160,10,362854
26413,0.075133,172.31.36.0-255,66,322226,10,362854
26414,0.077161,74.125.200.0-255,5738,327964,10,362854
26415,0.077167,172.31.36.0-255,66,328030,10,362854
26416,0.079183,74.125.200.0-255,5738,333768,10,362854
26417,0.079191,172.31.36.0-255,66,333834,10,362854
26418,0.081211,74.125.200.0-255,5738,339572,10,362854
26419,0.081218,172.31.36.0-255,66,339638,10,362854
26420,0.08324,74.125.200.0-255,5738,345376,10,362854
26421,0.083246,172.31.36.0-255,66,345442,10,362854
26422,0.085269,74.125.200.0-255,5738,351180,10,362854
26423,0.085277,172.31.36.0-255,66,351246,10,362854
26424,0.087292,74.125.200.0-255,5738,356984,10,362854
26425,0.087298,172.31.36.0-255,66,357050,10,362854
26426,0.089314,74.125.200.0-255,5738,362788,10,362854
26427,0.08932,172.31.36.0-255,66,362854,10,362854
26428,0.0,74.125.68.0-255,150,150,10,323433
26429,2.9e-05,172.31.36.0-255,66,216,10,323433
26430,3.6e-05,74.125.68.0-255,1484,1700,10,323433
26431,4.1e-05,172.31.36.0-255,66,1766,10,323433
26432,4.5e-05,74.125.68.0-255,2902,4668,10,323433
26433,5.6e-05,172.31.36.0-255,66,4734,10,323433
26434,6.4e-05,74.125.68.0-255,5738,10472,10,323433
26435,6.7e-05,172.31.36.0-255,66,10538,10,323433
26436,0.000104,74.125.68.0-255,3423,13961,10,323433
26437,0.000107,172.31.36.0-255,66,14027,10,323433
26438,0.000149,74.125.68.0-255,4320,18347,10,323433
26439,0.000153,172.31.36.0-255,66,18413,10,323433
26440,0.000183,74.125.68.0-255,4320,22733,10,323433
26441,0.000186,172.31.36.0-255,66,22799,10,323433
26442,0.000193,74.125.68.0-255,5738,28537,10,323433
26443,0.000195,172.31.36.0-255,66,28603,10,323433
26444,0.000205,74.125.68.0-255,2543,31146,10,323433
26445,0.000207,172.31.36.0-255,66,31212,10,323433
26446,0.00024,74.125.68.0-255,1484,32696,10,323433
26447,0.000243,172.31.36.0-255,66,32762,10,323433
26448,0.000268,74.125.68.0-255,1484,34246,10,323433
26449,0.000272,172.31.36.0-255,66,34312,10,323433
26450,0.000275,74.125.68.0-255,1484,35796,10,323433
26451,0.000277,172.31.36.0-255,66,35862,10,323433
26452,0.000281,74.125.68.0-255,2902,38764,10,323433
26453,0.00029,172.31.36.0-255,66,38830,10,323433
26454,0.000324,74.125.68.0-255,5738,44568,10,323433
26455,0.000328,172.31.36.0-255,66,44634,10,323433
26456,0.000333,74.125.68.0-255,2902,47536,10,323433
26457,0.000335,172.31.36.0-255,66,47602,10,323433
26458,0.000361,74.125.68.0-255,1125,48727,10,323433
26459,0.000364,172.31.36.0-255,66,48793,10,323433
26460,0.000416,74.125.68.0-255,1484,50277,10,323433
26461,0.000444,74.125.68.0-255,2902,53179,10,323433
26462,0.00045,172.31.36.0-255,66,53245,10,323433
26463,0.000473,74.125.68.0-255,5738,58983,10,323433
26464,0.000476,172.31.36.0-255,66,59049,10,323433
26465,0.000479,74.125.68.0-255,1484,60533,10,323433
26466,0.000484,74.125.68.0-255,2902,63435,10,323433
26467,0.000486,172.31.36.0-255,66,63501,10,323433
26468,0.000514,74.125.68.0-255,1484,64985,10,323433
26469,0.000531,74.125.68.0-255,1125,66110,10,323433
26470,0.000535,172.31.36.0-255,66,66176,10,323433
26471,0.000559,74.125.68.0-255,414,66590,10,323433
26472,0.000814,172.31.36.0-255,66,66656,10,323433
26473,0.000976,74.125.68.0-255,332,66988,10,323433
26474,0.001988,74.125.68.0-255,1484,68472,10,323433
26475,0.001994,172.31.36.0-255,66,68538,10,323433
26476,0.001999,74.125.68.0-255,1484,70022,10,323433
26477,0.002018,74.125.68.0-255,1484,71506,10,323433
26478,0.00202,172.31.36.0-255,66,71572,10,323433
26479,0.002027,74.125.68.0-255,5738,77310,10,323433
26480,0.002029,172.31.36.0-255,66,77376,10,323433
26481,0.002055,74.125.68.0-255,5738,83114,10,323433
26482,0.002057,172.31.36.0-255,66,83180,10,323433
26483,0.002085,74.125.68.0-255,7156,90336,10,323433
26484,0.002087,172.31.36.0-255,66,90402,10,323433
26485,0.00209,74.125.68.0-255,1484,91886,10,323433
26486,0.002109,74.125.68.0-255,4320,96206,10,323433
26487,0.00211,172.31.36.0-255,66,96272,10,323433
26488,0.002139,74.125.68.0-255,5020,101292,10,323433
26489,0.002141,172.31.36.0-255,66,101358,10,323433
26490,0.004383,74.125.68.0-255,1484,102842,10,323433
26491,0.004405,74.125.68.0-255,4320,107162,10,323433
26492,0.004408,172.31.36.0-255,66,107228,10,323433
26493,0.006642,74.125.68.0-255,5738,112966,10,323433
26494,0.006648,172.31.36.0-255,66,113032,10,323433
26495,0.008891,74.125.68.0-255,4320,117352,10,323433
26496,0.008898,172.31.36.0-255,66,117418,10,323433
26497,0.008927,74.125.68.0-255,1484,118902,10,323433
26498,0.011135,74.125.68.0-255,4320,123222,10,323433
26499,0.011143,172.31.36.0-255,66,123288,10,323433
26500,0.013386,74.125.68.0-255,5738,129026,10,323433
26501,0.013396,172.31.36.0-255,66,129092,10,323433
26502,0.015649,74.125.68.0-255,5738,134830,10,323433
26503,0.015658,172.31.36.0-255,66,134896,10,323433
26504,0.017891,74.125.68.0-255,5738,140634,10,323433
26505,0.017897,172.31.36.0-255,66,140700,10,323433
26506,0.020151,74.125.68.0-255,5738,146438,10,323433
26507,0.020161,172.31.36.0-255,66,146504,10,323433
26508,0.022404,74.125.68.0-255,5738,152242,10,323433
26509,0.022411,172.31.36.0-255,66,152308,10,323433
26510,0.024268,172.31.36.0-255,176,152484,10,323433
26511,0.024295,172.31.36.0-255,1111,153595,10,323433
26512,0.024337,172.31.36.0-255,1514,155109,10,323433
26513,0.024338,172.31.36.0-255,1292,156401,10,323433
26514,0.024682,74.125.68.0-255,5738,162139,10,323433
26515,0.024688,172.31.36.0-255,66,162205,10,323433
26516,0.025816,104.244.42.0-255,66,162271,10,323433
26517,0.025862,104.244.42.0-255,66,162337,10,323433
26518,0.025925,104.244.42.0-255,66,162403,10,323433
26519,0.026924,74.125.68.0-255,4320,166723,10,323433
26520,0.02693,172.31.36.0-255,66,166789,10,323433
26521,0.02697,74.125.68.0-255,1484,168273,10,323433
26522,0.02916,74.125.68.0-255,4320,172593,10,323433
26523,0.029165,172.31.36.0-255,66,172659,10,323433
26524,0.031413,74.125.68.0-255,2902,175561,10,323433
26525,0.031418,172.31.36.0-255,66,175627,10,323433
26526,0.031453,74.125.68.0-255,2902,178529,10,323433
26527,0.031456,172.31.36.0-255,66,178595,10,323433
26528,0.033647,74.125.68.0-255,2902,181497,10,323433
26529,0.033652,172.31.36.0-255,66,181563,10,323433
26530,0.033687,74.125.68.0-255,2902,184465,10,323433
26531,0.03369,172.31.36.0-255,66,184531,10,323433
26532,0.035884,74.125.68.0-255,2902,187433,10,323433
26533,0.03589,172.31.36.0-255,66,187499,10,323433
26534,0.035933,74.125.68.0-255,2902,190401,10,323433
26535,0.035937,172.31.36.0-255,66,190467,10,323433
26536,0.038137,74.125.68.0-255,2902,193369,10,323433
26537,0.038143,172.31.36.0-255,66,193435,10,323433
26538,0.038177,74.125.68.0-255,2902,196337,10,323433
26539,0.03818,172.31.36.0-255,66,196403,10,323433
26540,0.040396,74.125.68.0-255,2902,199305,10,323433
26541,0.040401,172.31.36.0-255,66,199371,10,323433
26542,0.040435,74.125.68.0-255,2902,202273,10,323433
26543,0.040438,172.31.36.0-255,66,202339,10,323433
26544,0.042633,74.125.68.0-255,2902,205241,10,323433
26545,0.042638,172.31.36.0-255,66,205307,10,323433
26546,0.042672,74.125.68.0-255,2902,208209,10,323433
26547,0.042675,172.31.36.0-255,66,208275,10,323433
26548,0.044869,74.125.68.0-255,2902,211177,10,323433
26549,0.044874,172.31.36.0-255,66,211243,10,323433
26550,0.044909,74.125.68.0-255,2902,214145,10,323433
26551,0.044912,172.31.36.0-255,66,214211,10,323433
26552,0.047125,74.125.68.0-255,2902,217113,10,323433
26553,0.04713,172.31.36.0-255,66,217179,10,323433
26554,0.047194,74.125.68.0-255,2902,220081,10,323433
26555,0.047198,172.31.36.0-255,66,220147,10,323433
26556,0.049367,74.125.68.0-255,2902,223049,10,323433
26557,0.049373,172.31.36.0-255,66,223115,10,323433
26558,0.049425,74.125.68.0-255,2902,226017,10,323433
26559,0.049429,172.31.36.0-255,66,226083,10,323433
26560,0.051611,74.125.68.0-255,2902,228985,10,323433
26561,0.051616,172.31.36.0-255,66,229051,10,323433
26562,0.051654,74.125.68.0-255,2902,231953,10,323433
26563,0.051658,172.31.36.0-255,66,232019,10,323433
26564,0.053935,74.125.68.0-255,2902,234921,10,323433
26565,0.05394,172.31.36.0-255,66,234987,10,323433
26566,0.053977,74.125.68.0-255,2902,237889,10,323433
26567,0.05398,172.31.36.0-255,66,237955,10,323433
26568,0.056173,74.125.68.0-255,2902,240857,10,323433
26569,0.056178,172.31.36.0-255,66,240923,10,323433
26570,0.056214,74.125.68.0-255,2902,243825,10,323433
26571,0.056217,172.31.36.0-255,66,243891,10,323433
26572,0.058424,74.125.68.0-255,2902,246793,10,323433
26573,0.05843,172.31.36.0-255,66,246859,10,323433
26574,0.058468,74.125.68.0-255,2902,249761,10,323433
26575,0.058472,172.31.36.0-255,66,249827,10,323433
26576,0.060699,74.125.68.0-255,2902,252729,10,323433
26577,0.060705,172.31.36.0-255,66,252795,10,323433
26578,0.060741,74.125.68.0-255,1484,254279,10,323433
26579,0.060757,74.125.68.0-255,1484,255763,10,323433
26580,0.060761,172.31.36.0-255,66,255829,10,323433
26581,0.062945,74.125.68.0-255,2902,258731,10,323433
26582,0.062951,172.31.36.0-255,66,258797,10,323433
26583,0.062995,74.125.68.0-255,2902,261699,10,323433
26584,0.062999,172.31.36.0-255,66,261765,10,323433
26585,0.065215,74.125.68.0-255,2902,264667,10,323433
26586,0.06522,172.31.36.0-255,66,264733,10,323433
26587,0.065257,74.125.68.0-255,2902,267635,10,323433
26588,0.06526,172.31.36.0-255,66,267701,10,323433
26589,0.067652,74.125.68.0-255,2902,270603,10,323433
26590,0.067658,172.31.36.0-255,66,270669,10,323433
26591,0.067692,74.125.68.0-255,2902,273571,10,323433
26592,0.067695,172.31.36.0-255,66,273637,10,323433
26593,0.069896,74.125.68.0-255,2902,276539,10,323433
26594,0.069901,172.31.36.0-255,66,276605,10,323433
26595,0.069937,74.125.68.0-255,2902,279507,10,323433
26596,0.069941,172.31.36.0-255,66,279573,10,323433
26597,0.072145,74.125.68.0-255,1484,281057,10,323433
26598,0.072179,74.125.68.0-255,4320,285377,10,323433
26599,0.072183,172.31.36.0-255,66,285443,10,323433
26600,0.074608,74.125.68.0-255,1484,286927,10,323433
26601,0.074644,74.125.68.0-255,4320,291247,10,323433
26602,0.074649,172.31.36.0-255,66,291313,10,323433
26603,0.076917,74.125.68.0-255,5738,297051,10,323433
26604,0.076923,172.31.36.0-255,66,297117,10,323433
26605,0.07917,74.125.68.0-255,5738,302855,10,323433
26606,0.079175,172.31.36.0-255,66,302921,10,323433
26607,0.081431,74.125.68.0-255,4320,307241,10,323433
26608,0.081437,172.31.36.0-255,66,307307,10,323433
26609,0.08147,74.125.68.0-255,1484,308791,10,323433
26610,0.083679,74.125.68.0-255,4320,313111,10,323433
26611,0.083684,172.31.36.0-255,66,313177,10,323433
26612,0.085928,74.125.68.0-255,4320,317497,10,323433
26613,0.085933,172.31.36.0-255,66,317563,10,323433
26614,0.085968,74.125.68.0-255,1484,319047,10,323433
26615,0.088298,74.125.68.0-255,4320,323367,10,323433
26616,0.088303,172.31.36.0-255,66,323433,10,323433
26617,0.0,74.125.24.0-255,153,153,10,353370
26618,3.7e-05,172.31.36.0-255,66,219,10,353370
26619,4.4e-05,74.125.24.0-255,1484,1703,10,353370
26620,4.9e-05,172.31.36.0-255,66,1769,10,353370
26621,5.6e-05,74.125.24.0-255,2902,4671,10,353370
26622,6e-05,172.31.36.0-255,66,4737,10,353370
26623,6.8e-05,74.125.24.0-255,7156,11893,10,353370
26624,7e-05,172.31.36.0-255,66,11959,10,353370
26625,7.4e-05,74.125.24.0-255,2039,13998,10,353370
26626,7.6e-05,172.31.36.0-255,66,14064,10,353370
26627,0.00011,74.125.24.0-255,1484,15548,10,353370
26628,0.000112,172.31.36.0-255,66,15614,10,353370
26629,0.000117,74.125.24.0-255,2902,18516,10,353370
26630,0.000119,172.31.36.0-255,66,18582,10,353370
26631,0.000125,74.125.24.0-255,4320,22902,10,353370
26632,0.000127,172.31.36.0-255,66,22968,10,353370
26633,0.000154,74.125.24.0-255,1484,24452,10,353370
26634,0.000157,172.31.36.0-255,66,24518,10,353370
26635,0.000164,74.125.24.0-255,6797,31315,10,353370
26636,0.000166,172.31.36.0-255,66,31381,10,353370
26637,0.00019,74.125.24.0-255,1484,32865,10,353370
26638,0.000192,172.31.36.0-255,66,32931,10,353370
26639,0.000218,74.125.24.0-255,5738,38669,10,353370
26640,0.000222,172.31.36.0-255,66,38735,10,353370
26641,0.000234,172.31.36.0-255,66,38801,10,353370
26642,0.000255,74.125.24.0-255,2902,41703,10,353370
26643,0.000258,172.31.36.0-255,66,41769,10,353370
26644,0.000281,74.125.24.0-255,7156,48925,10,353370
26645,0.000285,172.31.36.0-255,66,48991,10,353370
26646,0.000301,74.125.24.0-255,1484,50475,10,353370
26647,0.000304,172.31.36.0-255,66,50541,10,353370
26648,0.000326,74.125.24.0-255,5675,56216,10,353370
26649,0.000329,172.31.36.0-255,66,56282,10,353370
26650,0.000366,74.125.24.0-255,127,56409,10,353370
26651,0.000413,74.125.24.0-255,351,56760,10,353370
26652,0.000744,74.125.24.0-255,1484,58244,10,353370
26653,0.000765,172.31.36.0-255,66,58310,10,353370
26654,0.00077,74.125.24.0-255,2902,61212,10,353370
26655,0.000773,172.31.36.0-255,66,61278,10,353370
26656,0.000779,74.125.24.0-255,4320,65598,10,353370
26657,0.00078,172.31.36.0-255,66,65664,10,353370
26658,0.000788,74.125.24.0-255,7156,72820,10,353370
26659,0.00079,172.31.36.0-255,66,72886,10,353370
26660,0.000813,74.125.24.0-255,1484,74370,10,353370
26661,0.000848,74.125.24.0-255,2902,77272,10,353370
26662,0.000851,172.31.36.0-255,66,77338,10,353370
26663,0.000881,172.31.36.0-255,66,77404,10,353370
26664,0.000961,74.125.24.0-255,1484,78888,10,353370
26665,0.000966,74.125.24.0-255,2902,81790,10,353370
26666,0.000969,172.31.36.0-255,66,81856,10,353370
26667,0.000975,74.125.24.0-255,5738,87594,10,353370
26668,0.000977,172.31.36.0-255,66,87660,10,353370
26669,0.00098,74.125.24.0-255,1484,89144,10,353370
26670,0.000999,74.125.24.0-255,7156,96300,10,353370
26671,0.001003,172.31.36.0-255,66,96366,10,353370
26672,0.001028,74.125.24.0-255,4320,100686,10,353370
26673,0.001031,172.31.36.0-255,66,100752,10,353370
26674,0.001042,172.31.36.0-255,66,100818,10,353370
26675,0.001064,74.125.24.0-255,5738,106556,10,353370
26676,0.001067,172.31.36.0-255,66,106622,10,353370
26677,0.001072,74.125.24.0-255,2902,109524,10,353370
26678,0.001074,172.31.36.0-255,66,109590,10,353370
26679,0.001091,74.125.24.0-255,4320,113910,10,353370
26680,0.001094,172.31.36.0-255,66,113976,10,353370
26681,0.0011,74.125.24.0-255,7156,121132,10,353370
26682,0.001103,172.31.36.0-255,66,121198,10,353370
26683,0.001119,74.125.24.0-255,7156,128354,10,353370
26684,0.001122,172.31.36.0-255,66,128420,10,353370
26685,0.001129,74.125.24.0-255,6438,134858,10,353370
26686,0.001132,172.31.36.0-255,66,134924,10,353370
26687,0.00128,74.125.24.0-255,1484,136408,10,353370
26688,0.001286,74.125.24.0-255,2902,139310,10,353370
26689,0.001291,172.31.36.0-255,66,139376,10,353370
26690,0.001307,74.125.24.0-255,4320,143696,10,353370
26691,0.00131,172.31.36.0-255,66,143762,10,353370
26692,0.001332,74.125.24.0-255,1484,145246,10,353370
26693,0.001338,74.125.24.0-255,5738,150984,10,353370
26694,0.00134,172.31.36.0-255,66,151050,10,353370
26695,0.001361,74.125.24.0-255,4320,155370,10,353370
26696,0.001364,172.31.36.0-255,66,155436,10,353370
26697,0.001394,172.31.36.0-255,66,155502,10,353370
26698,0.0014,74.125.24.0-255,5020,160522,10,353370
26699,0.001402,172.31.36.0-255,66,160588,10,353370
26700,0.001971,74.125.24.0-255,1484,162072,10,353370
26701,0.001982,74.125.24.0-255,2902,164974,10,353370
26702,0.001986,172.31.36.0-255,66,165040,10,353370
26703,0.001993,74.125.24.0-255,5738,170778,10,353370
26704,0.001995,172.31.36.0-255,66,170844,10,353370
26705,0.002056,172.31.36.0-255,66,170910,10,353370
26706,0.002075,74.125.24.0-255,4320,175230,10,353370
26707,0.002079,172.31.36.0-255,66,175296,10,353370
26708,0.00209,172.31.36.0-255,66,175362,10,353370
26709,0.002096,74.125.24.0-255,5738,181100,10,353370
26710,0.002098,172.31.36.0-255,66,181166,10,353370
26711,0.002105,74.125.24.0-255,7156,188322,10,353370
26712,0.002107,172.31.36.0-255,66,188388,10,353370
26713,0.002118,74.125.24.0-255,4320,192708,10,353370
26714,0.002121,172.31.36.0-255,66,192774,10,353370
26715,0.002157,172.31.36.0-255,66,192840,10,353370
26716,0.002164,74.125.24.0-255,6438,199278,10,353370
26717,0.002166,172.31.36.0-255,66,199344,10,353370
26718,0.004472,74.125.24.0-255,5738,205082,10,353370
26719,0.004478,172.31.36.0-255,66,205148,10,353370
26720,0.00678,74.125.24.0-255,5738,210886,10,353370
26721,0.006786,172.31.36.0-255,66,210952,10,353370
26722,0.009161,74.125.24.0-255,5738,216690,10,353370
26723,0.009168,172.31.36.0-255,66,216756,10,353370
26724,0.011511,74.125.24.0-255,5738,222494,10,353370
26725,0.011519,172.31.36.0-255,66,222560,10,353370
26726,0.013864,74.125.24.0-255,5738,228298,10,353370
26727,0.013874,172.31.36.0-255,66,228364,10,353370
26728,0.016217,74.125.24.0-255,5738,234102,10,353370
26729,0.01623,172.31.36.0-255,66,234168,10,353370
26730,0.018555,74.125.24.0-255,5738,239906,10,353370
26731,0.018566,172.31.36.0-255,66,239972,10,353370
26732,0.020916,74.125.24.0-255,5738,245710,10,353370
26733,0.020923,172.31.36.0-255,66,245776,10,353370
26734,0.023285,74.125.24.0-255,5738,251514,10,353370
26735,0.023291,172.31.36.0-255,66,251580,10,353370
26736,0.025622,74.125.24.0-255,5738,257318,10,353370
26737,0.025634,172.31.36.0-255,66,257384,10,353370
26738,0.0277,172.31.36.0-255,172,257556,10,353370
26739,0.027738,172.31.36.0-255,1111,258667,10,353370
26740,0.027793,172.31.36.0-255,1514,260181,10,353370
26741,0.027795,172.31.36.0-255,1292,261473,10,353370
26742,0.027931,74.125.24.0-255,5738,267211,10,353370
26743,0.027937,172.31.36.0-255,66,267277,10,353370
26744,0.029243,104.244.42.0-255,66,267343,10,353370
26745,0.029312,104.244.42.0-255,66,267409,10,353370
26746,0.029413,104.244.42.0-255,66,267475,10,353370
26747,0.030246,74.125.24.0-255,5738,273213,10,353370
26748,0.030251,172.31.36.0-255,66,273279,10,353370
26749,0.032551,74.125.24.0-255,5738,279017,10,353370
26750,0.032556,172.31.36.0-255,66,279083,10,353370
26751,0.034917,74.125.24.0-255,5738,284821,10,353370
26752,0.034922,172.31.36.0-255,66,284887,10,353370
26753,0.037221,74.125.24.0-255,4320,289207,10,353370
26754,0.037226,172.31.36.0-255,66,289273,10,353370
26755,0.037258,74.125.24.0-255,1484,290757,10,353370
26756,0.039573,74.125.24.0-255,4320,295077,10,353370
26757,0.039578,172.31.36.0-255,66,295143,10,353370
26758,0.041903,74.125.24.0-255,5738,300881,10,353370
26759,0.041908,172.31.36.0-255,66,300947,10,353370
26760,0.044212,74.125.24.0-255,5738,306685,10,353370
26761,0.044218,172.31.36.0-255,66,306751,10,353370
26762,0.04654,74.125.24.0-255,5738,312489,10,353370
26763,0.046545,172.31.36.0-255,66,312555,10,353370
26764,0.048852,74.125.24.0-255,5738,318293,10,353370
26765,0.048858,172.31.36.0-255,66,318359,10,353370
26766,0.051226,74.125.24.0-255,5738,324097,10,353370
26767,0.051232,172.31.36.0-255,66,324163,10,353370
26768,0.053555,74.125.24.0-255,5738,329901,10,353370
26769,0.05356,172.31.36.0-255,66,329967,10,353370
26770,0.055919,74.125.24.0-255,5738,335705,10,353370
26771,0.055925,172.31.36.0-255,66,335771,10,353370
26772,0.05826,74.125.24.0-255,2902,338673,10,353370
26773,0.058266,172.31.36.0-255,66,338739,10,353370
26774,0.058294,74.125.24.0-255,2902,341641,10,353370
26775,0.058298,172.31.36.0-255,66,341707,10,353370
26776,0.060608,74.125.24.0-255,5738,347445,10,353370
26777,0.060613,172.31.36.0-255,66,347511,10,353370
26778,0.062954,74.125.24.0-255,2902,350413,10,353370
26779,0.062959,172.31.36.0-255,66,350479,10,353370
26780,0.062979,74.125.24.0-255,2654,353133,10,353370
26781,0.062982,172.31.36.0-255,66,353199,10,353370
26782,0.063147,172.31.36.0-255,105,353304,10,353370
26783,0.065437,74.125.24.0-255,66,353370,10,353370
26784,0.0,172.217.194.0-255,153,153,10,336433
26785,2.4e-05,172.31.36.0-255,66,219,10,336433
26786,3.1e-05,172.217.194.0-255,1484,1703,10,336433
26787,3.5e-05,172.31.36.0-255,66,1769,10,336433
26788,4.9e-05,172.217.194.0-255,2902,4671,10,336433
26789,5.3e-05,172.31.36.0-255,66,4737,10,336433
26790,6.1e-05,172.217.194.0-255,7156,11893,10,336433
26791,6.4e-05,172.31.36.0-255,66,11959,10,336433
26792,6.9e-05,172.217.194.0-255,2072,14031,10,336433
26793,7.2e-05,172.31.36.0-255,66,14097,10,336433
26794,9.9e-05,172.217.194.0-255,2902,16999,10,336433
26795,0.000103,172.31.36.0-255,66,17065,10,336433
26796,0.000131,172.217.194.0-255,5738,22803,10,336433
26797,0.000134,172.31.36.0-255,66,22869,10,336433
26798,0.000172,172.217.194.0-255,7156,30025,10,336433
26799,0.000175,172.31.36.0-255,66,30091,10,336433
26800,0.000211,172.217.194.0-255,1125,31216,10,336433
26801,0.000214,172.31.36.0-255,66,31282,10,336433
26802,0.000222,172.217.194.0-255,5738,37020,10,336433
26803,0.000224,172.31.36.0-255,66,37086,10,336433
26804,0.000237,172.217.194.0-255,7156,44242,10,336433
26805,0.00024,172.31.36.0-255,66,44308,10,336433
26806,0.000245,172.217.194.0-255,3961,48269,10,336433
26807,0.000247,172.31.36.0-255,66,48335,10,336433
26808,0.000744,172.217.194.0-255,1484,49819,10,336433
26809,0.00075,172.31.36.0-255,66,49885,10,336433
26810,0.000756,172.217.194.0-255,2902,52787,10,336433
26811,0.000758,172.31.36.0-255,66,52853,10,336433
26812,0.000768,172.217.194.0-255,2902,55755,10,336433
26813,0.000771,172.31.36.0-255,66,55821,10,336433
26814,0.000801,172.217.194.0-255,2902,58723,10,336433
26815,0.000803,172.31.36.0-255,66,58789,10,336433
26816,0.000812,172.217.194.0-255,6797,65586,10,336433
26817,0.000814,172.31.36.0-255,66,65652,10,336433
26818,0.000827,172.31.36.0-255,66,65718,10,336433
26819,0.000852,172.217.194.0-255,4320,70038,10,336433
26820,0.000855,172.31.36.0-255,66,70104,10,336433
26821,0.000859,172.217.194.0-255,2543,72647,10,336433
26822,0.000861,172.31.36.0-255,66,72713,10,336433
26823,0.000897,172.31.36.0-255,66,72779,10,336433
26824,0.000943,172.31.36.0-255,66,72845,10,336433
26825,0.001044,172.217.194.0-255,645,73490,10,336433
26826,0.001185,172.217.194.0-255,1484,74974,10,336433
26827,0.00119,172.31.36.0-255,66,75040,10,336433
26828,0.001195,172.217.194.0-255,2902,77942,10,336433
26829,0.001197,172.31.36.0-255,66,78008,10,336433
26830,0.001201,172.217.194.0-255,1484,79492,10,336433
26831,0.001233,172.217.194.0-255,4320,83812,10,336433
26832,0.001235,172.31.36.0-255,66,83878,10,336433
26833,0.00125,172.31.36.0-255,66,83944,10,336433
26834,0.001256,172.217.194.0-255,5738,89682,10,336433
26835,0.001259,172.31.36.0-255,66,89748,10,336433
26836,0.001302,172.217.194.0-255,7156,96904,10,336433
26837,0.001305,172.31.36.0-255,66,96970,10,336433
26838,0.001336,172.217.194.0-255,5020,101990,10,336433
26839,0.001339,172.31.36.0-255,66,102056,10,336433
26840,0.001357,172.31.36.0-255,66,102122,10,336433
26841,0.001373,172.31.36.0-255,66,102188,10,336433
26842,0.001644,172.217.194.0-255,1484,103672,10,336433
26843,0.00165,172.217.194.0-255,2902,106574,10,336433
26844,0.001653,172.31.36.0-255,66,106640,10,336433
26845,0.001659,172.217.194.0-255,2902,109542,10,336433
26846,0.001661,172.31.36.0-255,66,109608,10,336433
26847,0.001683,172.217.194.0-255,2902,112510,10,336433
26848,0.001711,172.31.36.0-255,66,112576,10,336433
26849,0.001715,172.31.36.0-255,66,112642,10,336433
26850,0.001722,172.31.36.0-255,66,112708,10,336433
26851,0.001749,172.217.194.0-255,2184,114892,10,336433
26852,0.001751,172.31.36.0-255,66,114958,10,336433
26853,0.002192,172.217.194.0-255,1484,116442,10,336433
26854,0.002236,172.217.194.0-255,1484,117926,10,336433
26855,0.00224,172.31.36.0-255,66,117992,10,336433
26856,0.002246,172.217.194.0-255,2902,120894,10,336433
26857,0.002248,172.31.36.0-255,66,120960,10,336433
26858,0.002278,172.217.194.0-255,5738,126698,10,336433
26859,0.00228,172.31.36.0-255,66,126764,10,336433
26860,0.002312,172.217.194.0-255,7156,133920,10,336433
26861,0.002315,172.31.36.0-255,66,133986,10,336433
26862,0.002352,172.217.194.0-255,5738,139724,10,336433
26863,0.002355,172.31.36.0-255,66,139790,10,336433
26864,0.002361,172.217.194.0-255,4320,144110,10,336433
26865,0.002362,172.31.36.0-255,66,144176,10,336433
26866,0.002374,172.217.194.0-255,5020,149196,10,336433
26867,0.002376,172.31.36.0-255,66,149262,10,336433
26868,0.004715,172.217.194.0-255,5738,155000,10,336433
26869,0.004722,172.31.36.0-255,66,155066,10,336433
26870,0.007056,172.217.194.0-255,5738,160804,10,336433
26871,0.00706,172.31.36.0-255,66,160870,10,336433
26872,0.008254,172.31.36.0-255,101,160971,10,336433
26873,0.009423,172.217.194.0-255,5738,166709,10,336433
26874,0.00943,172.31.36.0-255,66,166775,10,336433
26875,0.010557,172.217.194.0-255,66,166841,10,336433
26876,0.011763,172.217.194.0-255,5738,172579,10,336433
26877,0.011771,172.31.36.0-255,66,172645,10,336433
26878,0.01411,172.217.194.0-255,5738,178383,10,336433
26879,0.014118,172.31.36.0-255,66,178449,10,336433
26880,0.016457,172.217.194.0-255,5738,184187,10,336433
26881,0.016467,172.31.36.0-255,66,184253,10,336433
26882,0.018804,172.217.194.0-255,5738,189991,10,336433
26883,0.018812,172.31.36.0-255,66,190057,10,336433
26884,0.021125,172.217.194.0-255,5738,195795,10,336433
26885,0.021133,172.31.36.0-255,66,195861,10,336433
26886,0.023461,172.217.194.0-255,5738,201599,10,336433
26887,0.023468,172.31.36.0-255,66,201665,10,336433
26888,0.025803,172.217.194.0-255,5738,207403,10,336433
26889,0.025811,172.31.36.0-255,66,207469,10,336433
26890,0.028153,172.217.194.0-255,5738,213207,10,336433
26891,0.02816,172.31.36.0-255,66,213273,10,336433
26892,0.02981,172.31.36.0-255,167,213440,10,336433
26893,0.02986,172.31.36.0-255,1112,214552,10,336433
26894,0.029917,172.31.36.0-255,1514,216066,10,336433
26895,0.029918,172.31.36.0-255,1291,217357,10,336433
26896,0.030484,172.217.194.0-255,5738,223095,10,336433
26897,0.030491,172.31.36.0-255,66,223161,10,336433
26898,0.031349,104.244.42.0-255,66,223227,10,336433
26899,0.031391,104.244.42.0-255,66,223293,10,336433
26900,0.031455,104.244.42.0-255,66,223359,10,336433
26901,0.032834,172.217.194.0-255,5738,229097,10,336433
26902,0.032842,172.31.36.0-255,66,229163,10,336433
26903,0.035189,172.217.194.0-255,5738,234901,10,336433
26904,0.035197,172.31.36.0-255,66,234967,10,336433
26905,0.037516,172.217.194.0-255,5738,240705,10,336433
26906,0.037525,172.31.36.0-255,66,240771,10,336433
26907,0.03987,172.217.194.0-255,5738,246509,10,336433
26908,0.039882,172.31.36.0-255,66,246575,10,336433
26909,0.042243,172.217.194.0-255,5738,252313,10,336433
26910,0.042254,172.31.36.0-255,66,252379,10,336433
26911,0.044586,172.217.194.0-255,5738,258117,10,336433
26912,0.044593,172.31.36.0-255,66,258183,10,336433
26913,0.046928,172.217.194.0-255,5738,263921,10,336433
26914,0.046934,172.31.36.0-255,66,263987,10,336433
26915,0.049297,172.217.194.0-255,5738,269725,10,336433
26916,0.049303,172.31.36.0-255,66,269791,10,336433
26917,0.051626,172.217.194.0-255,5738,275529,10,336433
26918,0.051635,172.31.36.0-255,66,275595,10,336433
26919,0.053979,172.217.194.0-255,5738,281333,10,336433
26920,0.053986,172.31.36.0-255,66,281399,10,336433
26921,0.056309,172.217.194.0-255,5738,287137,10,336433
26922,0.056316,172.31.36.0-255,66,287203,10,336433
26923,0.058649,172.217.194.0-255,5738,292941,10,336433
26924,0.058656,172.31.36.0-255,66,293007,10,336433
26925,0.061022,172.217.194.0-255,5738,298745,10,336433
26926,0.061034,172.31.36.0-255,66,298811,10,336433
26927,0.063395,172.217.194.0-255,5738,304549,10,336433
26928,0.063402,172.31.36.0-255,66,304615,10,336433
26929,0.06574,172.217.194.0-255,5738,310353,10,336433
26930,0.065747,172.31.36.0-255,66,310419,10,336433
26931,0.068098,172.217.194.0-255,5738,316157,10,336433
26932,0.068105,172.31.36.0-255,66,316223,10,336433
26933,0.070428,172.217.194.0-255,5738,321961,10,336433
26934,0.070435,172.31.36.0-255,66,322027,10,336433
26935,0.072769,172.217.194.0-255,5738,327765,10,336433
26936,0.072778,172.31.36.0-255,66,327831,10,336433
26937,0.075128,172.217.194.0-255,5738,333569,10,336433
26938,0.075136,172.31.36.0-255,66,333635,10,336433
26939,0.077456,172.217.194.0-255,2561,336196,10,336433
26940,0.077463,172.31.36.0-255,66,336262,10,336433
26941,0.077669,172.31.36.0-255,105,336367,10,336433
26942,0.084128,172.217.194.0-255,66,336433,10,336433
26943,0.0,172.217.194.0-255,153,153,10,187585
26944,1.5e-05,172.31.36.0-255,66,219,10,187585
26945,2.1e-05,172.217.194.0-255,1484,1703,10,187585
26946,2.6e-05,172.31.36.0-255,66,1769,10,187585
26947,3.8e-05,172.217.194.0-255,2902,4671,10,187585
26948,4.1e-05,172.31.36.0-255,66,4737,10,187585
26949,4.7e-05,172.217.194.0-255,4320,9057,10,187585
26950,5e-05,172.31.36.0-255,66,9123,10,187585
26951,9.9e-05,172.31.36.0-255,66,9189,10,187585
26952,0.000106,172.217.194.0-255,4320,13509,10,187585
26953,0.000108,172.31.36.0-255,66,13575,10,187585
26954,0.000154,172.31.36.0-255,66,13641,10,187585
26955,0.00017,172.31.36.0-255,66,13707,10,187585
26956,0.000225,172.31.36.0-255,66,13773,10,187585
26957,0.00025,172.217.194.0-255,5738,19511,10,187585
26958,0.000253,172.31.36.0-255,66,19577,10,187585
26959,0.000278,172.217.194.0-255,1415,20992,10,187585
26960,0.000281,172.31.36.0-255,66,21058,10,187585
26961,0.00046,172.217.194.0-255,364,21422,10,187585
26962,0.000466,172.31.36.0-255,66,21488,10,187585
26963,0.000495,172.217.194.0-255,1484,22972,10,187585
26964,0.000497,172.31.36.0-255,66,23038,10,187585
26965,0.000504,172.217.194.0-255,4320,27358,10,187585
26966,0.000506,172.31.36.0-255,66,27424,10,187585
26967,0.000539,172.217.194.0-255,7156,34580,10,187585
26968,0.000542,172.31.36.0-255,66,34646,10,187585
26969,0.000548,172.217.194.0-255,5738,40384,10,187585
26970,0.000551,172.31.36.0-255,66,40450,10,187585
26971,0.000586,172.31.36.0-255,66,40516,10,187585
26972,0.000593,172.217.194.0-255,5020,45536,10,187585
26973,0.000595,172.31.36.0-255,66,45602,10,187585
26974,0.000627,172.217.194.0-255,1484,47086,10,187585
26975,0.000632,172.217.194.0-255,2902,49988,10,187585
26976,0.000635,172.31.36.0-255,66,50054,10,187585
26977,0.000641,172.217.194.0-255,5738,55792,10,187585
26978,0.000643,172.31.36.0-255,66,55858,10,187585
26979,0.000671,172.217.194.0-255,4320,60178,10,187585
26980,0.000673,172.31.36.0-255,66,60244,10,187585
26981,0.000707,172.31.36.0-255,66,60310,10,187585
26982,0.00072,172.31.36.0-255,66,60376,10,187585
26983,0.000762,172.31.36.0-255,66,60442,10,187585
26984,0.000782,172.31.36.0-255,66,60508,10,187585
26985,0.000794,172.31.36.0-255,66,60574,10,187585
26986,0.001435,172.217.194.0-255,1484,62058,10,187585
26987,0.001442,172.217.194.0-255,2902,64960,10,187585
26988,0.001445,172.31.36.0-255,66,65026,10,187585
26989,0.001453,172.217.194.0-255,5738,70764,10,187585
26990,0.001455,172.31.36.0-255,66,70830,10,187585
26991,0.001501,172.217.194.0-255,5738,76568,10,187585
26992,0.001505,172.31.36.0-255,66,76634,10,187585
26993,0.001508,172.31.36.0-255,66,76700,10,187585
26994,0.001533,172.217.194.0-255,4320,81020,10,187585
26995,0.001536,172.31.36.0-255,66,81086,10,187585
26996,0.00154,172.217.194.0-255,766,81852,10,187585
26997,0.001591,172.217.194.0-255,1484,83336,10,187585
26998,0.001594,172.31.36.0-255,66,83402,10,187585
26999,0.001599,172.217.194.0-255,2902,86304,10,187585
27000,0.001601,172.31.36.0-255,66,86370,10,187585
27001,0.001605,172.217.194.0-255,1484,87854,10,187585
27002,0.001625,172.217.194.0-255,4320,92174,10,187585
27003,0.001627,172.31.36.0-255,66,92240,10,187585
27004,0.001666,172.31.36.0-255,66,92306,10,187585
27005,0.001679,172.31.36.0-255,66,92372,10,187585
27006,0.001683,172.217.194.0-255,2184,94556,10,187585
27007,0.001685,172.31.36.0-255,66,94622,10,187585
27008,0.001751,172.217.194.0-255,2902,97524,10,187585
27009,0.001753,172.31.36.0-255,66,97590,10,187585
27010,0.001761,172.217.194.0-255,7156,104746,10,187585
27011,0.001764,172.31.36.0-255,66,104812,10,187585
27012,0.001786,172.31.36.0-255,66,104878,10,187585
27013,0.001791,172.217.194.0-255,2902,107780,10,187585
27014,0.001793,172.31.36.0-255,66,107846,10,187585
27015,0.001841,172.31.36.0-255,66,107912,10,187585
27016,0.001853,172.31.36.0-255,66,107978,10,187585
27017,0.001884,172.217.194.0-255,2902,110880,10,187585
27018,0.001887,172.31.36.0-255,66,110946,10,187585
27019,0.001905,172.31.36.0-255,66,111012,10,187585
27020,0.001912,172.217.194.0-255,5738,116750,10,187585
27021,0.001914,172.31.36.0-255,66,116816,10,187585
27022,0.001946,172.217.194.0-255,3602,120418,10,187585
27023,0.001949,172.31.36.0-255,66,120484,10,187585
27024,0.001956,172.217.194.0-255,5738,126222,10,187585
27025,0.001959,172.31.36.0-255,66,126288,10,187585
27026,0.001969,172.217.194.0-255,5738,132026,10,187585
27027,0.001971,172.31.36.0-255,66,132092,10,187585
27028,0.002002,172.217.194.0-255,1484,133576,10,187585
27029,0.002019,172.31.36.0-255,66,133642,10,187585
27030,0.002024,172.217.194.0-255,4320,137962,10,187585
27031,0.002026,172.31.36.0-255,66,138028,10,187585
27032,0.002056,172.217.194.0-255,2184,140212,10,187585
27033,0.002059,172.31.36.0-255,66,140278,10,187585
27034,0.002091,172.217.194.0-255,1484,141762,10,187585
27035,0.002094,172.217.194.0-255,1484,143246,10,187585
27036,0.002098,172.31.36.0-255,66,143312,10,187585
27037,0.002128,172.217.194.0-255,1484,144796,10,187585
27038,0.002135,172.217.194.0-255,5738,150534,10,187585
27039,0.002137,172.31.36.0-255,66,150600,10,187585
27040,0.002144,172.217.194.0-255,5738,156338,10,187585
27041,0.002146,172.31.36.0-255,66,156404,10,187585
27042,0.002179,172.217.194.0-255,7156,163560,10,187585
27043,0.002182,172.31.36.0-255,66,163626,10,187585
27044,0.002201,172.31.36.0-255,66,163692,10,187585
27045,0.002224,172.217.194.0-255,1484,165176,10,187585
27046,0.002229,172.217.194.0-255,2902,168078,10,187585
27047,0.002231,172.31.36.0-255,66,168144,10,187585
27048,0.002236,172.217.194.0-255,2902,171046,10,187585
27049,0.002238,172.31.36.0-255,66,171112,10,187585
27050,0.002272,172.217.194.0-255,2902,174014,10,187585
27051,0.002275,172.31.36.0-255,66,174080,10,187585
27052,0.002286,172.31.36.0-255,66,174146,10,187585
27053,0.002312,172.217.194.0-255,5738,179884,10,187585
27054,0.002314,172.31.36.0-255,66,179950,10,187585
27055,0.002351,172.31.36.0-255,66,180016,10,187585
27056,0.002388,172.31.36.0-255,66,180082,10,187585
27057,0.002439,172.217.194.0-255,105,180187,10,187585
27058,0.009991,172.31.36.0-255,66,180253,10,187585
27059,0.010034,172.31.36.0-255,105,180358,10,187585
27060,0.012486,172.217.194.0-255,66,180424,10,187585
27061,0.038978,172.31.36.0-255,172,180596,10,187585
27062,0.039819,172.31.36.0-255,1112,181708,10,187585
27063,0.039907,172.31.36.0-255,1514,183222,10,187585
27064,0.039909,172.31.36.0-255,1514,184736,10,187585
27065,0.039911,172.31.36.0-255,1514,186250,10,187585
27066,0.039912,172.31.36.0-255,1071,187321,10,187585
27067,0.040539,104.244.42.0-255,66,187387,10,187585
27068,0.04142,104.244.42.0-255,66,187453,10,187585
27069,0.041499,104.244.42.0-255,66,187519,10,187585
27070,0.041504,104.244.42.0-255,66,187585,10,187585
27071,0.0,74.125.24.0-255,153,153,10,264358
27072,2.4e-05,172.31.36.0-255,66,219,10,264358
27073,3.1e-05,74.125.24.0-255,1484,1703,10,264358
27074,3.5e-05,172.31.36.0-255,66,1769,10,264358
27075,5e-05,74.125.24.0-255,2902,4671,10,264358
27076,5.4e-05,172.31.36.0-255,66,4737,10,264358
27077,6.1e-05,74.125.24.0-255,7156,11893,10,264358
27078,6.4e-05,172.31.36.0-255,66,11959,10,264358
27079,7.7e-05,172.31.36.0-255,66,12025,10,264358
27080,8.9e-05,172.31.36.0-255,66,12091,10,264358
27081,0.000406,74.125.24.0-255,1484,13575,10,264358
27082,0.000413,172.31.36.0-255,66,13641,10,264358
27083,0.00042,74.125.24.0-255,2902,16543,10,264358
27084,0.000423,172.31.36.0-255,66,16609,10,264358
27085,0.000426,74.125.24.0-255,1484,18093,10,264358
27086,0.000433,172.31.36.0-255,66,18159,10,264358
27087,0.000467,74.125.24.0-255,4320,22479,10,264358
27088,0.00047,172.31.36.0-255,66,22545,10,264358
27089,0.000484,172.31.36.0-255,66,22611,10,264358
27090,0.000512,74.125.24.0-255,1125,23736,10,264358
27091,0.000514,172.31.36.0-255,66,23802,10,264358
27092,0.000527,172.31.36.0-255,66,23868,10,264358
27093,0.001186,74.125.24.0-255,646,24514,10,264358
27094,0.001192,172.31.36.0-255,66,24580,10,264358
27095,0.001426,74.125.24.0-255,1484,26064,10,264358
27096,0.001431,172.31.36.0-255,66,26130,10,264358
27097,0.001438,74.125.24.0-255,2902,29032,10,264358
27098,0.00144,172.31.36.0-255,66,29098,10,264358
27099,0.001451,74.125.24.0-255,5738,34836,10,264358
27100,0.001453,172.31.36.0-255,66,34902,10,264358
27101,0.001496,172.31.36.0-255,66,34968,10,264358
27102,0.001502,74.125.24.0-255,2902,37870,10,264358
27103,0.001503,172.31.36.0-255,66,37936,10,264358
27104,0.001543,172.31.36.0-255,66,38002,10,264358
27105,0.003843,74.125.24.0-255,5738,43740,10,264358
27106,0.003849,172.31.36.0-255,66,43806,10,264358
27107,0.006156,74.125.24.0-255,4320,48126,10,264358
27108,0.006159,172.31.36.0-255,66,48192,10,264358
27109,0.006183,74.125.24.0-255,1484,49676,10,264358
27110,0.00844,74.125.24.0-255,4320,53996,10,264358
27111,0.008449,172.31.36.0-255,66,54062,10,264358
27112,0.010711,74.125.24.0-255,5738,59800,10,264358
27113,0.010719,172.31.36.0-255,66,59866,10,264358
27114,0.013007,74.125.24.0-255,5738,65604,10,264358
27115,0.013014,172.31.36.0-255,66,65670,10,264358
27116,0.015298,74.125.24.0-255,5738,71408,10,264358
27117,0.015308,172.31.36.0-255,66,71474,10,264358
27118,0.017621,74.125.24.0-255,5738,77212,10,264358
27119,0.017634,172.31.36.0-255,66,77278,10,264358
27120,0.019914,74.125.24.0-255,5738,83016,10,264358
27121,0.019922,172.31.36.0-255,66,83082,10,264358
27122,0.022247,74.125.24.0-255,5738,88820,10,264358
27123,0.022257,172.31.36.0-255,66,88886,10,264358
27124,0.024544,74.125.24.0-255,5738,94624,10,264358
27125,0.024554,172.31.36.0-255,66,94690,10,264358
27126,0.026869,74.125.24.0-255,5738,100428,10,264358
27127,0.026877,172.31.36.0-255,66,100494,10,264358
27128,0.02868,172.31.36.0-255,167,100661,10,264358
27129,0.028716,172.31.36.0-255,1112,101773,10,264358
27130,0.028783,172.31.36.0-255,1514,103287,10,264358
27131,0.028785,172.31.36.0-255,1514,104801,10,264358
27132,0.028786,172.31.36.0-255,1514,106315,10,264358
27133,0.028812,172.31.36.0-255,1071,107386,10,264358
27134,0.029132,74.125.24.0-255,5738,113124,10,264358
27135,0.029139,172.31.36.0-255,66,113190,10,264358
27136,0.030231,104.244.42.0-255,66,113256,10,264358
27137,0.030279,104.244.42.0-255,66,113322,10,264358
27138,0.03038,104.244.42.0-255,66,113388,10,264358
27139,0.030386,104.244.42.0-255,66,113454,10,264358
27140,0.031422,74.125.24.0-255,5738,119192,10,264358
27141,0.031429,172.31.36.0-255,66,119258,10,264358
27142,0.033712,74.125.24.0-255,5738,124996,10,264358
27143,0.033719,172.31.36.0-255,66,125062,10,264358
27144,0.036002,74.125.24.0-255,5738,130800,10,264358
27145,0.03601,172.31.36.0-255,66,130866,10,264358
27146,0.038307,74.125.24.0-255,5738,136604,10,264358
27147,0.038314,172.31.36.0-255,66,136670,10,264358
27148,0.0406,74.125.24.0-255,5738,142408,10,264358
27149,0.040607,172.31.36.0-255,66,142474,10,264358
27150,0.042925,74.125.24.0-255,5738,148212,10,264358
27151,0.042932,172.31.36.0-255,66,148278,10,264358
27152,0.045276,74.125.24.0-255,5738,154016,10,264358
27153,0.045284,172.31.36.0-255,66,154082,10,264358
27154,0.04759,74.125.24.0-255,5738,159820,10,264358
27155,0.047598,172.31.36.0-255,66,159886,10,264358
27156,0.049862,74.125.24.0-255,5738,165624,10,264358
27157,0.04987,172.31.36.0-255,66,165690,10,264358
27158,0.05212,74.125.24.0-255,5738,171428,10,264358
27159,0.052127,172.31.36.0-255,66,171494,10,264358
27160,0.054436,74.125.24.0-255,5738,177232,10,264358
27161,0.054443,172.31.36.0-255,66,177298,10,264358
27162,0.056778,74.125.24.0-255,5738,183036,10,264358
27163,0.056785,172.31.36.0-255,66,183102,10,264358
27164,0.059125,74.125.24.0-255,5738,188840,10,264358
27165,0.059132,172.31.36.0-255,66,188906,10,264358
27166,0.061425,74.125.24.0-255,5738,194644,10,264358
27167,0.061432,172.31.36.0-255,66,194710,10,264358
27168,0.063695,74.125.24.0-255,5738,200448,10,264358
27169,0.063703,172.31.36.0-255,66,200514,10,264358
27170,0.065974,74.125.24.0-255,5738,206252,10,264358
27171,0.065981,172.31.36.0-255,66,206318,10,264358
27172,0.068261,74.125.24.0-255,5738,212056,10,264358
27173,0.068268,172.31.36.0-255,66,212122,10,264358
27174,0.070576,74.125.24.0-255,5738,217860,10,264358
27175,0.070583,172.31.36.0-255,66,217926,10,264358
27176,0.072887,74.125.24.0-255,5738,223664,10,264358
27177,0.072894,172.31.36.0-255,66,223730,10,264358
27178,0.075182,74.125.24.0-255,5738,229468,10,264358
27179,0.075189,172.31.36.0-255,66,229534,10,264358
27180,0.077466,74.125.24.0-255,5738,235272,10,264358
27181,0.077472,172.31.36.0-255,66,235338,10,264358
27182,0.079735,74.125.24.0-255,5738,241076,10,264358
27183,0.079742,172.31.36.0-255,66,241142,10,264358
27184,0.082047,74.125.24.0-255,5738,246880,10,264358
27185,0.082055,172.31.36.0-255,66,246946,10,264358
27186,0.084334,74.125.24.0-255,5738,252684,10,264358
27187,0.084341,172.31.36.0-255,66,252750,10,264358
27188,0.086605,74.125.24.0-255,5738,258488,10,264358
27189,0.086612,172.31.36.0-255,66,258554,10,264358
27190,0.088926,74.125.24.0-255,5738,264292,10,264358
27191,0.088933,172.31.36.0-255,66,264358,10,264358
27192,0.0,74.125.68.0-255,153,153,10,403048
27193,2.5e-05,172.31.36.0-255,66,219,10,403048
27194,3.2e-05,74.125.68.0-255,1484,1703,10,403048
27195,3.6e-05,172.31.36.0-255,66,1769,10,403048
27196,3.9e-05,74.125.68.0-255,1484,3253,10,403048
27197,4.1e-05,172.31.36.0-255,66,3319,10,403048
27198,6.4e-05,74.125.68.0-255,1484,4803,10,403048
27199,6.7e-05,172.31.36.0-255,66,4869,10,403048
27200,0.000103,74.125.68.0-255,2902,7771,10,403048
27201,0.000106,172.31.36.0-255,66,7837,10,403048
27202,0.000143,74.125.68.0-255,1484,9321,10,403048
27203,0.000147,172.31.36.0-255,66,9387,10,403048
27204,0.000171,74.125.68.0-255,2902,12289,10,403048
27205,0.000175,172.31.36.0-255,66,12355,10,403048
27206,0.000179,74.125.68.0-255,2019,14374,10,403048
27207,0.000181,172.31.36.0-255,66,14440,10,403048
27208,0.000235,74.125.68.0-255,1484,15924,10,403048
27209,0.000239,172.31.36.0-255,66,15990,10,403048
27210,0.000259,74.125.68.0-255,2902,18892,10,403048
27211,0.000261,172.31.36.0-255,66,18958,10,403048
27212,0.000295,74.125.68.0-255,4320,23278,10,403048
27213,0.000299,172.31.36.0-255,66,23344,10,403048
27214,0.000321,74.125.68.0-255,1484,24828,10,403048
27215,0.000324,172.31.36.0-255,66,24894,10,403048
27216,0.000329,74.125.68.0-255,2902,27796,10,403048
27217,0.000331,172.31.36.0-255,66,27862,10,403048
27218,0.000336,74.125.68.0-255,3961,31823,10,403048
27219,0.000341,172.31.36.0-255,66,31889,10,403048
27220,0.000352,74.125.68.0-255,2902,34791,10,403048
27221,0.000355,172.31.36.0-255,66,34857,10,403048
27222,0.000375,74.125.68.0-255,5738,40595,10,403048
27223,0.000378,172.31.36.0-255,66,40661,10,403048
27224,0.000418,172.31.36.0-255,66,40727,10,403048
27225,0.000428,172.31.36.0-255,66,40793,10,403048
27226,0.000444,74.125.68.0-255,1484,42277,10,403048
27227,0.000469,74.125.68.0-255,5020,47297,10,403048
27228,0.000471,172.31.36.0-255,66,47363,10,403048
27229,0.000572,74.125.68.0-255,399,47762,10,403048
27230,0.000577,74.125.68.0-255,113,47875,10,403048
27231,0.00063,74.125.68.0-255,328,48203,10,403048
27232,0.000841,172.31.36.0-255,66,48269,10,403048
27233,0.000946,74.125.68.0-255,1484,49753,10,403048
27234,0.000962,74.125.68.0-255,1484,51237,10,403048
27235,0.000966,172.31.36.0-255,66,51303,10,403048
27236,0.00098,74.125.68.0-255,1484,52787,10,403048
27237,0.000987,74.125.68.0-255,5738,58525,10,403048
27238,0.00099,172.31.36.0-255,66,58591,10,403048
27239,0.001021,74.125.68.0-255,2902,61493,10,403048
27240,0.001025,172.31.36.0-255,66,61559,10,403048
27241,0.001059,172.31.36.0-255,66,61625,10,403048
27242,0.001063,74.125.68.0-255,1484,63109,10,403048
27243,0.001083,74.125.68.0-255,5738,68847,10,403048
27244,0.001086,172.31.36.0-255,66,68913,10,403048
27245,0.001125,74.125.68.0-255,5020,73933,10,403048
27246,0.001129,172.31.36.0-255,66,73999,10,403048
27247,0.001277,74.125.68.0-255,1484,75483,10,403048
27248,0.001346,74.125.68.0-255,2902,78385,10,403048
27249,0.00135,172.31.36.0-255,66,78451,10,403048
27250,0.001354,74.125.68.0-255,1484,79935,10,403048
27251,0.001374,74.125.68.0-255,2902,82837,10,403048
27252,0.001377,172.31.36.0-255,66,82903,10,403048
27253,0.001381,74.125.68.0-255,2902,85805,10,403048
27254,0.001383,172.31.36.0-255,66,85871,10,403048
27255,0.001427,74.125.68.0-255,4320,90191,10,403048
27256,0.00143,172.31.36.0-255,66,90257,10,403048
27257,0.001435,74.125.68.0-255,2902,93159,10,403048
27258,0.001437,172.31.36.0-255,66,93225,10,403048
27259,0.001442,74.125.68.0-255,2902,96127,10,403048
27260,0.001444,172.31.36.0-255,66,96193,10,403048
27261,0.001468,74.125.68.0-255,5738,101931,10,403048
27262,0.001471,172.31.36.0-255,66,101997,10,403048
27263,0.001477,74.125.68.0-255,5738,107735,10,403048
27264,0.001479,172.31.36.0-255,66,107801,10,403048
27265,0.001496,74.125.68.0-255,766,108567,10,403048
27266,0.001563,74.125.68.0-255,1484,110051,10,403048
27267,0.001565,172.31.36.0-255,66,110117,10,403048
27268,0.001586,74.125.68.0-255,2902,113019,10,403048
27269,0.001588,172.31.36.0-255,66,113085,10,403048
27270,0.001593,74.125.68.0-255,4320,117405,10,403048
27271,0.001595,172.31.36.0-255,66,117471,10,403048
27272,0.001605,74.125.68.0-255,1484,118955,10,403048
27273,0.001619,74.125.68.0-255,1484,120439,10,403048
27274,0.001621,172.31.36.0-255,66,120505,10,403048
27275,0.001655,74.125.68.0-255,2902,123407,10,403048
27276,0.001658,172.31.36.0-255,66,123473,10,403048
27277,0.001678,74.125.68.0-255,5738,129211,10,403048
27278,0.00168,172.31.36.0-255,66,129277,10,403048
27279,0.001683,74.125.68.0-255,1484,130761,10,403048
27280,0.001702,74.125.68.0-255,5738,136499,10,403048
27281,0.001704,172.31.36.0-255,66,136565,10,403048
27282,0.00174,74.125.68.0-255,6438,143003,10,403048
27283,0.001743,172.31.36.0-255,66,143069,10,403048
27284,0.001814,74.125.68.0-255,1484,144553,10,403048
27285,0.001837,74.125.68.0-255,2902,147455,10,403048
27286,0.001839,172.31.36.0-255,66,147521,10,403048
27287,0.001842,74.125.68.0-255,1484,149005,10,403048
27288,0.001862,74.125.68.0-255,4320,153325,10,403048
27289,0.001864,172.31.36.0-255,66,153391,10,403048
27290,0.001882,74.125.68.0-255,2902,156293,10,403048
27291,0.001884,172.31.36.0-255,66,156359,10,403048
27292,0.001908,74.125.68.0-255,1484,157843,10,403048
27293,0.001914,74.125.68.0-255,5738,163581,10,403048
27294,0.001916,172.31.36.0-255,66,163647,10,403048
27295,0.001938,74.125.68.0-255,2902,166549,10,403048
27296,0.00194,172.31.36.0-255,66,166615,10,403048
27297,0.001951,74.125.68.0-255,2902,169517,10,403048
27298,0.001953,172.31.36.0-255,66,169583,10,403048
27299,0.001966,74.125.68.0-255,2902,172485,10,403048
27300,0.001968,172.31.36.0-255,66,172551,10,403048
27301,0.001982,74.125.68.0-255,5020,177571,10,403048
27302,0.001984,172.31.36.0-255,66,177637,10,403048
27303,0.002012,74.125.68.0-255,1484,179121,10,403048
27304,0.002022,74.125.68.0-255,2902,182023,10,403048
27305,0.002025,172.31.36.0-255,66,182089,10,403048
27306,0.002048,74.125.68.0-255,1484,183573,10,403048
27307,0.002064,74.125.68.0-255,4320,187893,10,403048
27308,0.002067,172.31.36.0-255,66,187959,10,403048
27309,0.004122,74.125.68.0-255,5738,193697,10,403048
27310,0.00413,172.31.36.0-255,66,193763,10,403048
27311,0.006164,74.125.68.0-255,5738,199501,10,403048
27312,0.00617,172.31.36.0-255,66,199567,10,403048
27313,0.008213,74.125.68.0-255,5738,205305,10,403048
27314,0.00822,172.31.36.0-255,66,205371,10,403048
27315,0.010272,74.125.68.0-255,5738,211109,10,403048
27316,0.010281,172.31.36.0-255,66,211175,10,403048
27317,0.012411,74.125.68.0-255,5738,216913,10,403048
27318,0.012422,172.31.36.0-255,66,216979,10,403048
27319,0.014456,74.125.68.0-255,5738,222717,10,403048
27320,0.014467,172.31.36.0-255,66,222783,10,403048
27321,0.01653,74.125.68.0-255,5738,228521,10,403048
27322,0.016537,172.31.36.0-255,66,228587,10,403048
27323,0.01858,74.125.68.0-255,5738,234325,10,403048
27324,0.018589,172.31.36.0-255,66,234391,10,403048
27325,0.020622,74.125.68.0-255,5738,240129,10,403048
27326,0.020628,172.31.36.0-255,66,240195,10,403048
27327,0.022672,74.125.68.0-255,5738,245933,10,403048
27328,0.02268,172.31.36.0-255,66,245999,10,403048
27329,0.024736,74.125.68.0-255,5738,251737,10,403048
27330,0.024743,172.31.36.0-255,66,251803,10,403048
27331,0.026778,74.125.68.0-255,5738,257541,10,403048
27332,0.026786,172.31.36.0-255,66,257607,10,403048
27333,0.028821,74.125.68.0-255,5738,263345,10,403048
27334,0.028826,172.31.36.0-255,66,263411,10,403048
27335,0.029441,172.31.36.0-255,172,263583,10,403048
27336,0.029477,172.31.36.0-255,1113,264696,10,403048
27337,0.029538,172.31.36.0-255,1514,266210,10,403048
27338,0.029539,172.31.36.0-255,1290,267500,10,403048
27339,0.030868,74.125.68.0-255,5738,273238,10,403048
27340,0.030873,172.31.36.0-255,66,273304,10,403048
27341,0.031024,104.244.42.0-255,66,273370,10,403048
27342,0.031031,104.244.42.0-255,66,273436,10,403048
27343,0.031124,104.244.42.0-255,66,273502,10,403048
27344,0.032902,74.125.68.0-255,2902,276404,10,403048
27345,0.032907,172.31.36.0-255,66,276470,10,403048
27346,0.032942,74.125.68.0-255,2902,279372,10,403048
27347,0.032945,172.31.36.0-255,66,279438,10,403048
27348,0.033289,104.244.42.0-255,108,279546,10,403048
27349,0.033309,172.31.36.0-255,66,279612,10,403048
27350,0.034926,74.125.68.0-255,2902,282514,10,403048
27351,0.034931,172.31.36.0-255,66,282580,10,403048
27352,0.034972,74.125.68.0-255,2902,285482,10,403048
27353,0.034976,172.31.36.0-255,66,285548,10,403048
27354,0.036949,74.125.68.0-255,2902,288450,10,403048
27355,0.036954,172.31.36.0-255,66,288516,10,403048
27356,0.03701,74.125.68.0-255,1484,290000,10,403048
27357,0.037026,74.125.68.0-255,1484,291484,10,403048
27358,0.03703,172.31.36.0-255,66,291550,10,403048
27359,0.03903,74.125.68.0-255,2902,294452,10,403048
27360,0.039034,172.31.36.0-255,66,294518,10,403048
27361,0.039074,74.125.68.0-255,2902,297420,10,403048
27362,0.039077,172.31.36.0-255,66,297486,10,403048
27363,0.041065,74.125.68.0-255,2902,300388,10,403048
27364,0.04107,172.31.36.0-255,66,300454,10,403048
27365,0.041105,74.125.68.0-255,2902,303356,10,403048
27366,0.041108,172.31.36.0-255,66,303422,10,403048
27367,0.043112,74.125.68.0-255,2902,306324,10,403048
27368,0.043118,172.31.36.0-255,66,306390,10,403048
27369,0.043147,74.125.68.0-255,2902,309292,10,403048
27370,0.04315,172.31.36.0-255,66,309358,10,403048
27371,0.045149,74.125.68.0-255,2902,312260,10,403048
27372,0.045154,172.31.36.0-255,66,312326,10,403048
27373,0.045187,74.125.68.0-255,2902,315228,10,403048
27374,0.04519,172.31.36.0-255,66,315294,10,403048
27375,0.047188,74.125.68.0-255,1484,316778,10,403048
27376,0.047223,74.125.68.0-255,4320,321098,10,403048
27377,0.047227,172.31.36.0-255,66,321164,10,403048
27378,0.049275,74.125.68.0-255,5738,326902,10,403048
27379,0.049281,172.31.36.0-255,66,326968,10,403048
27380,0.051314,74.125.68.0-255,5738,332706,10,403048
27381,0.051319,172.31.36.0-255,66,332772,10,403048
27382,0.053369,74.125.68.0-255,5738,338510,10,403048
27383,0.053375,172.31.36.0-255,66,338576,10,403048
27384,0.055422,74.125.68.0-255,5738,344314,10,403048
27385,0.05543,172.31.36.0-255,66,344380,10,403048
27386,0.057564,74.125.68.0-255,5738,350118,10,403048
27387,0.057572,172.31.36.0-255,66,350184,10,403048
27388,0.059623,74.125.68.0-255,5738,355922,10,403048
27389,0.059636,172.31.36.0-255,66,355988,10,403048
27390,0.061682,74.125.68.0-255,5738,361726,10,403048
27391,0.06169,172.31.36.0-255,66,361792,10,403048
27392,0.063721,74.125.68.0-255,1484,363276,10,403048
27393,0.063749,74.125.68.0-255,4320,367596,10,403048
27394,0.063753,172.31.36.0-255,66,367662,10,403048
27395,0.065789,74.125.68.0-255,4320,371982,10,403048
27396,0.065794,172.31.36.0-255,66,372048,10,403048
27397,0.065854,74.125.68.0-255,1484,373532,10,403048
27398,0.06783,74.125.68.0-255,4320,377852,10,403048
27399,0.067835,172.31.36.0-255,66,377918,10,403048
27400,0.069877,74.125.68.0-255,5738,383656,10,403048
27401,0.069882,172.31.36.0-255,66,383722,10,403048
27402,0.071901,74.125.68.0-255,1484,385206,10,403048
27403,0.07193,74.125.68.0-255,4320,389526,10,403048
27404,0.071934,172.31.36.0-255,66,389592,10,403048
27405,0.073981,74.125.68.0-255,5738,395330,10,403048
27406,0.073987,172.31.36.0-255,66,395396,10,403048
27407,0.076024,74.125.68.0-255,5738,401134,10,403048
27408,0.07603,172.31.36.0-255,66,401200,10,403048
27409,0.078062,74.125.68.0-255,1611,402811,10,403048
27410,0.078068,172.31.36.0-255,66,402877,10,403048
27411,0.078251,172.31.36.0-255,105,402982,10,403048
27412,0.080254,74.125.68.0-255,66,403048,10,403048
27413,0.0,172.217.194.0-255,296,296,10,150907
27414,2.3e-05,172.31.36.0-255,66,362,10,150907
27415,3e-05,172.217.194.0-255,1484,1846,10,150907
27416,3.4e-05,172.31.36.0-255,66,1912,10,150907
27417,4e-05,172.217.194.0-255,4320,6232,10,150907
27418,5.4e-05,172.31.36.0-255,66,6298,10,150907
27419,6.6e-05,172.31.36.0-255,66,6364,10,150907
27420,0.000116,172.31.36.0-255,66,6430,10,150907
27421,0.000177,172.217.194.0-255,1484,7914,10,150907
27422,0.00018,172.31.36.0-255,66,7980,10,150907
27423,0.00021,172.217.194.0-255,1484,9464,10,150907
27424,0.000212,172.31.36.0-255,66,9530,10,150907
27425,0.000217,172.217.194.0-255,2902,12432,10,150907
27426,0.000219,172.31.36.0-255,66,12498,10,150907
27427,0.000238,172.217.194.0-255,5738,18236,10,150907
27428,0.000245,172.31.36.0-255,66,18302,10,150907
27429,0.000248,172.217.194.0-255,1484,19786,10,150907
27430,0.000251,172.31.36.0-255,66,19852,10,150907
27431,0.000296,172.31.36.0-255,66,19918,10,150907
27432,0.000314,172.31.36.0-255,66,19984,10,150907
27433,0.000317,172.217.194.0-255,766,20750,10,150907
27434,0.000318,172.31.36.0-255,66,20816,10,150907
27435,0.00035,172.217.194.0-255,678,21494,10,150907
27436,0.000352,172.31.36.0-255,66,21560,10,150907
27437,0.00038,172.217.194.0-255,1484,23044,10,150907
27438,0.000383,172.31.36.0-255,66,23110,10,150907
27439,0.000412,172.217.194.0-255,4320,27430,10,150907
27440,0.000415,172.31.36.0-255,66,27496,10,150907
27441,0.000421,172.217.194.0-255,5738,33234,10,150907
27442,0.000423,172.31.36.0-255,66,33300,10,150907
27443,0.000451,172.217.194.0-255,5738,39038,10,150907
27444,0.000454,172.31.36.0-255,66,39104,10,150907
27445,0.000487,172.31.36.0-255,66,39170,10,150907
27446,0.000498,172.31.36.0-255,66,39236,10,150907
27447,0.000547,172.217.194.0-255,1484,40720,10,150907
27448,0.000566,172.217.194.0-255,2902,43622,10,150907
27449,0.000568,172.31.36.0-255,66,43688,10,150907
27450,0.000595,172.217.194.0-255,5738,49426,10,150907
27451,0.000598,172.31.36.0-255,66,49492,10,150907
27452,0.000618,172.31.36.0-255,66,49558,10,150907
27453,0.000658,172.217.194.0-255,5738,55296,10,150907
27454,0.00066,172.31.36.0-255,66,55362,10,150907
27455,0.000691,172.217.194.0-255,5888,61250,10,150907
27456,0.000693,172.31.36.0-255,66,61316,10,150907
27457,0.000718,172.31.36.0-255,66,61382,10,150907
27458,0.000749,172.217.194.0-255,5738,67120,10,150907
27459,0.000751,172.31.36.0-255,66,67186,10,150907
27460,0.000757,172.217.194.0-255,5020,72206,10,150907
27461,0.000759,172.31.36.0-255,66,72272,10,150907
27462,0.000775,172.31.36.0-255,66,72338,10,150907
27463,0.000786,172.31.36.0-255,66,72404,10,150907
27464,0.000806,172.31.36.0-255,66,72470,10,150907
27465,0.000856,172.31.36.0-255,66,72536,10,150907
27466,0.000868,172.31.36.0-255,66,72602,10,150907
27467,0.0009,172.217.194.0-255,4320,76922,10,150907
27468,0.000902,172.31.36.0-255,66,76988,10,150907
27469,0.000939,172.31.36.0-255,66,77054,10,150907
27470,0.000968,172.217.194.0-255,3602,80656,10,150907
27471,0.00097,172.31.36.0-255,66,80722,10,150907
27472,0.000973,172.217.194.0-255,1484,82206,10,150907
27473,0.000992,172.31.36.0-255,66,82272,10,150907
27474,0.001038,172.31.36.0-255,66,82338,10,150907
27475,0.001042,172.217.194.0-255,2184,84522,10,150907
27476,0.001044,172.31.36.0-255,66,84588,10,150907
27477,0.001051,172.217.194.0-255,5738,90326,10,150907
27478,0.001058,172.31.36.0-255,66,90392,10,150907
27479,0.001066,172.217.194.0-255,7156,97548,10,150907
27480,0.001068,172.31.36.0-255,66,97614,10,150907
27481,0.001084,172.31.36.0-255,66,97680,10,150907
27482,0.001137,172.31.36.0-255,66,97746,10,150907
27483,0.001172,172.217.194.0-255,2902,100648,10,150907
27484,0.001175,172.31.36.0-255,66,100714,10,150907
27485,0.001181,172.217.194.0-255,5020,105734,10,150907
27486,0.001183,172.31.36.0-255,66,105800,10,150907
27487,0.001194,172.217.194.0-255,5738,111538,10,150907
27488,0.001202,172.217.194.0-255,7156,118694,10,150907
27489,0.001206,172.217.194.0-255,2902,121596,10,150907
27490,0.001264,172.217.194.0-255,6438,128034,10,150907
27491,0.00128,172.217.194.0-255,1484,129518,10,150907
27492,0.001292,172.31.36.0-255,66,129584,10,150907
27493,0.001299,172.217.194.0-255,5738,135322,10,150907
27494,0.001309,172.31.36.0-255,66,135388,10,150907
27495,0.001352,172.217.194.0-255,5738,141126,10,150907
27496,0.001379,172.217.194.0-255,2184,143310,10,150907
27497,0.001384,172.217.194.0-255,2902,146212,10,150907
27498,0.001391,172.31.36.0-255,66,146278,10,150907
27499,0.001449,172.217.194.0-255,105,146383,10,150907
27500,0.001457,172.31.36.0-255,66,146449,10,150907
27501,0.004712,172.31.36.0-255,105,146554,10,150907
27502,0.007088,172.217.194.0-255,66,146620,10,150907
27503,0.041876,172.31.36.0-255,172,146792,10,150907
27504,0.041911,172.31.36.0-255,1112,147904,10,150907
27505,0.041972,172.31.36.0-255,1514,149418,10,150907
27506,0.041974,172.31.36.0-255,1291,150709,10,150907
27507,0.043452,104.244.42.0-255,66,150775,10,150907
27508,0.043463,104.244.42.0-255,66,150841,10,150907
27509,0.04351,104.244.42.0-255,66,150907,10,150907
27510,0.0,74.125.68.0-255,150,150,10,418738
27511,2.4e-05,172.31.36.0-255,66,216,10,418738
27512,2.9e-05,74.125.68.0-255,1484,1700,10,418738
27513,3.3e-05,172.31.36.0-255,66,1766,10,418738
27514,3.7e-05,74.125.68.0-255,1484,3250,10,418738
27515,3.9e-05,172.31.36.0-255,66,3316,10,418738
27516,6e-05,74.125.68.0-255,1484,4800,10,418738
27517,6.2e-05,172.31.36.0-255,66,4866,10,418738
27518,6.5e-05,74.125.68.0-255,1484,6350,10,418738
27519,6.7e-05,172.31.36.0-255,66,6416,10,418738
27520,8.9e-05,74.125.68.0-255,5738,12154,10,418738
27521,9.2e-05,172.31.36.0-255,66,12220,10,418738
27522,9.5e-05,74.125.68.0-255,2066,14286,10,418738
27523,9.8e-05,172.31.36.0-255,66,14352,10,418738
27524,0.000102,74.125.68.0-255,2902,17254,10,418738
27525,0.000105,172.31.36.0-255,66,17320,10,418738
27526,0.000109,74.125.68.0-255,2902,20222,10,418738
27527,0.000111,172.31.36.0-255,66,20288,10,418738
27528,0.000134,74.125.68.0-255,4320,24608,10,418738
27529,0.000137,172.31.36.0-255,66,24674,10,418738
27530,0.000141,74.125.68.0-255,2902,27576,10,418738
27531,0.000143,172.31.36.0-255,66,27642,10,418738
27532,0.000148,74.125.68.0-255,3961,31603,10,418738
27533,0.00015,172.31.36.0-255,66,31669,10,418738
27534,0.000259,74.125.68.0-255,1484,33153,10,418738
27535,0.000264,172.31.36.0-255,66,33219,10,418738
27536,0.000268,74.125.68.0-255,1484,34703,10,418738
27537,0.00027,172.31.36.0-255,66,34769,10,418738
27538,0.000288,74.125.68.0-255,1484,36253,10,418738
27539,0.00029,172.31.36.0-255,66,36319,10,418738
27540,0.000293,74.125.68.0-255,1484,37803,10,418738
27541,0.000295,172.31.36.0-255,66,37869,10,418738
27542,0.000314,74.125.68.0-255,5738,43607,10,418738
27543,0.000317,172.31.36.0-255,66,43673,10,418738
27544,0.000336,74.125.68.0-255,1484,45157,10,418738
27545,0.000351,74.125.68.0-255,3961,49118,10,418738
27546,0.000354,172.31.36.0-255,66,49184,10,418738
27547,0.000357,74.125.68.0-255,1484,50668,10,418738
27548,0.000377,74.125.68.0-255,4320,54988,10,418738
27549,0.00038,172.31.36.0-255,66,55054,10,418738
27550,0.000385,74.125.68.0-255,2902,57956,10,418738
27551,0.000389,172.31.36.0-255,66,58022,10,418738
27552,0.000407,74.125.68.0-255,7156,65178,10,418738
27553,0.00041,172.31.36.0-255,66,65244,10,418738
27554,0.000429,74.125.68.0-255,1397,66641,10,418738
27555,0.00047,74.125.68.0-255,383,67024,10,418738
27556,0.000473,172.31.36.0-255,66,67090,10,418738
27557,0.000586,74.125.68.0-255,1484,68574,10,418738
27558,0.000602,74.125.68.0-255,2902,71476,10,418738
27559,0.000605,172.31.36.0-255,66,71542,10,418738
27560,0.000627,74.125.68.0-255,5738,77280,10,418738
27561,0.00063,172.31.36.0-255,66,77346,10,418738
27562,0.000636,74.125.68.0-255,4320,81666,10,418738
27563,0.000638,172.31.36.0-255,66,81732,10,418738
27564,0.000654,74.125.68.0-255,1484,83216,10,418738
27565,0.000658,74.125.68.0-255,2902,86118,10,418738
27566,0.00066,172.31.36.0-255,66,86184,10,418738
27567,0.000681,74.125.68.0-255,3961,90145,10,418738
27568,0.000683,172.31.36.0-255,66,90211,10,418738
27569,0.000689,74.125.68.0-255,4320,94531,10,418738
27570,0.000691,172.31.36.0-255,66,94597,10,418738
27571,0.000721,74.125.68.0-255,5738,100335,10,418738
27572,0.000724,172.31.36.0-255,66,100401,10,418738
27573,0.000727,74.125.68.0-255,1125,101526,10,418738
27574,0.001044,74.125.68.0-255,1484,103010,10,418738
27575,0.001048,172.31.36.0-255,66,103076,10,418738
27576,0.001062,74.125.68.0-255,2902,105978,10,418738
27577,0.001065,172.31.36.0-255,66,106044,10,418738
27578,0.001085,74.125.68.0-255,1484,107528,10,418738
27579,0.001103,74.125.68.0-255,2902,110430,10,418738
27580,0.001107,172.31.36.0-255,66,110496,10,418738
27581,0.001113,74.125.68.0-255,2902,113398,10,418738
27582,0.001115,172.31.36.0-255,66,113464,10,418738
27583,0.001128,74.125.68.0-255,2902,116366,10,418738
27584,0.001131,172.31.36.0-255,66,116432,10,418738
27585,0.001149,74.125.68.0-255,4320,120752,10,418738
27586,0.001152,172.31.36.0-255,66,120818,10,418738
27587,0.001174,74.125.68.0-255,4320,125138,10,418738
27588,0.001177,172.31.36.0-255,66,125204,10,418738
27589,0.001195,74.125.68.0-255,1484,126688,10,418738
27590,0.001201,74.125.68.0-255,4320,131008,10,418738
27591,0.001203,172.31.36.0-255,66,131074,10,418738
27592,0.001232,74.125.68.0-255,5020,136094,10,418738
27593,0.001236,172.31.36.0-255,66,136160,10,418738
27594,0.001395,74.125.68.0-255,1484,137644,10,418738
27595,0.001431,74.125.68.0-255,2902,140546,10,418738
27596,0.001435,172.31.36.0-255,66,140612,10,418738
27597,0.001439,74.125.68.0-255,1484,142096,10,418738
27598,0.001453,74.125.68.0-255,1484,143580,10,418738
27599,0.001456,172.31.36.0-255,66,143646,10,418738
27600,0.001469,74.125.68.0-255,1484,145130,10,418738
27601,0.00149,74.125.68.0-255,2902,148032,10,418738
27602,0.001493,172.31.36.0-255,66,148098,10,418738
27603,0.001511,74.125.68.0-255,5738,153836,10,418738
27604,0.001514,172.31.36.0-255,66,153902,10,418738
27605,0.001532,74.125.68.0-255,1484,155386,10,418738
27606,0.001536,74.125.68.0-255,1484,156870,10,418738
27607,0.001539,172.31.36.0-255,66,156936,10,418738
27608,0.001565,74.125.68.0-255,7156,164092,10,418738
27609,0.001568,172.31.36.0-255,66,164158,10,418738
27610,0.001574,74.125.68.0-255,4320,168478,10,418738
27611,0.001576,172.31.36.0-255,66,168544,10,418738
27612,0.001598,74.125.68.0-255,2184,170728,10,418738
27613,0.001601,172.31.36.0-255,66,170794,10,418738
27614,0.00173,74.125.68.0-255,1484,172278,10,418738
27615,0.001745,74.125.68.0-255,1484,173762,10,418738
27616,0.001749,172.31.36.0-255,66,173828,10,418738
27617,0.001772,74.125.68.0-255,2902,176730,10,418738
27618,0.001774,172.31.36.0-255,66,176796,10,418738
27619,0.001779,74.125.68.0-255,2902,179698,10,418738
27620,0.001781,172.31.36.0-255,66,179764,10,418738
27621,0.001795,74.125.68.0-255,2902,182666,10,418738
27622,0.001797,172.31.36.0-255,66,182732,10,418738
27623,0.001804,74.125.68.0-255,4320,187052,10,418738
27624,0.001806,172.31.36.0-255,66,187118,10,418738
27625,0.001842,74.125.68.0-255,2902,190020,10,418738
27626,0.001846,172.31.36.0-255,66,190086,10,418738
27627,0.00186,74.125.68.0-255,2902,192988,10,418738
27628,0.001862,172.31.36.0-255,66,193054,10,418738
27629,0.00187,74.125.68.0-255,7156,200210,10,418738
27630,0.001872,172.31.36.0-255,66,200276,10,418738
27631,0.00191,74.125.68.0-255,2902,203178,10,418738
27632,0.001913,172.31.36.0-255,66,203244,10,418738
27633,0.001929,74.125.68.0-255,2184,205428,10,418738
27634,0.001933,172.31.36.0-255,66,205494,10,418738
27635,0.002109,74.125.68.0-255,1484,206978,10,418738
27636,0.002113,74.125.68.0-255,1484,208462,10,418738
27637,0.002115,172.31.36.0-255,66,208528,10,418738
27638,0.00213,74.125.68.0-255,1484,210012,10,418738
27639,0.002147,74.125.68.0-255,5738,215750,10,418738
27640,0.00215,172.31.36.0-255,66,215816,10,418738
27641,0.002153,74.125.68.0-255,2902,218718,10,418738
27642,0.002155,172.31.36.0-255,66,218784,10,418738
27643,0.002158,74.125.68.0-255,1484,220268,10,418738
27644,0.002168,74.125.68.0-255,1484,221752,10,418738
27645,0.00217,172.31.36.0-255,66,221818,10,418738
27646,0.002181,74.125.68.0-255,1484,223302,10,418738
27647,0.002207,172.31.36.0-255,66,223368,10,418738
27648,0.002212,74.125.68.0-255,4320,227688,10,418738
27649,0.002214,172.31.36.0-255,66,227754,10,418738
27650,0.002231,74.125.68.0-255,1484,229238,10,418738
27651,0.002245,74.125.68.0-255,2184,231422,10,418738
27652,0.002247,172.31.36.0-255,66,231488,10,418738
27653,0.004423,74.125.68.0-255,1484,232972,10,418738
27654,0.004445,74.125.68.0-255,2902,235874,10,418738
27655,0.004448,172.31.36.0-255,66,235940,10,418738
27656,0.00446,74.125.68.0-255,1484,237424,10,418738
27657,0.006667,74.125.68.0-255,4320,241744,10,418738
27658,0.006672,172.31.36.0-255,66,241810,10,418738
27659,0.008885,74.125.68.0-255,5738,247548,10,418738
27660,0.008891,172.31.36.0-255,66,247614,10,418738
27661,0.0111,74.125.68.0-255,5738,253352,10,418738
27662,0.011108,172.31.36.0-255,66,253418,10,418738
27663,0.013337,74.125.68.0-255,5738,259156,10,418738
27664,0.013345,172.31.36.0-255,66,259222,10,418738
27665,0.015582,74.125.68.0-255,5738,264960,10,418738
27666,0.01559,172.31.36.0-255,66,265026,10,418738
27667,0.017821,74.125.68.0-255,5738,270764,10,418738
27668,0.01783,172.31.36.0-255,66,270830,10,418738
27669,0.02004,74.125.68.0-255,5738,276568,10,418738
27670,0.020047,172.31.36.0-255,66,276634,10,418738
27671,0.022275,74.125.68.0-255,5738,282372,10,418738
27672,0.022282,172.31.36.0-255,66,282438,10,418738
27673,0.024509,74.125.68.0-255,5738,288176,10,418738
27674,0.024517,172.31.36.0-255,66,288242,10,418738
27675,0.026731,74.125.68.0-255,5738,293980,10,418738
27676,0.026737,172.31.36.0-255,66,294046,10,418738
27677,0.027484,172.31.36.0-255,167,294213,10,418738
27678,0.027515,172.31.36.0-255,1113,295326,10,418738
27679,0.027554,172.31.36.0-255,1514,296840,10,418738
27680,0.027556,172.31.36.0-255,1290,298130,10,418738
27681,0.02895,74.125.68.0-255,5738,303868,10,418738
27682,0.028956,172.31.36.0-255,66,303934,10,418738
27683,0.029046,104.244.42.0-255,66,304000,10,418738
27684,0.02909,104.244.42.0-255,66,304066,10,418738
27685,0.029093,104.244.42.0-255,66,304132,10,418738
27686,0.031178,74.125.68.0-255,5738,309870,10,418738
27687,0.031184,172.31.36.0-255,66,309936,10,418738
27688,0.033399,74.125.68.0-255,4320,314256,10,418738
27689,0.033404,172.31.36.0-255,66,314322,10,418738
27690,0.033435,74.125.68.0-255,1484,315806,10,418738
27691,0.035635,74.125.68.0-255,4320,320126,10,418738
27692,0.03564,172.31.36.0-255,66,320192,10,418738
27693,0.037852,74.125.68.0-255,5738,325930,10,418738
27694,0.037857,172.31.36.0-255,66,325996,10,418738
27695,0.040074,74.125.68.0-255,5738,331734,10,418738
27696,0.040082,172.31.36.0-255,66,331800,10,418738
27697,0.042297,74.125.68.0-255,5738,337538,10,418738
27698,0.042309,172.31.36.0-255,66,337604,10,418738
27699,0.04452,74.125.68.0-255,5738,343342,10,418738
27700,0.04453,172.31.36.0-255,66,343408,10,418738
27701,0.046747,74.125.68.0-255,4320,347728,10,418738
27702,0.046752,172.31.36.0-255,66,347794,10,418738
27703,0.046783,74.125.68.0-255,1484,349278,10,418738
27704,0.048966,74.125.68.0-255,4320,353598,10,418738
27705,0.048973,172.31.36.0-255,66,353664,10,418738
27706,0.051177,74.125.68.0-255,4320,357984,10,418738
27707,0.051182,172.31.36.0-255,66,358050,10,418738
27708,0.051209,74.125.68.0-255,1484,359534,10,418738
27709,0.053391,74.125.68.0-255,4320,363854,10,418738
27710,0.053397,172.31.36.0-255,66,363920,10,418738
27711,0.055632,74.125.68.0-255,5738,369658,10,418738
27712,0.055638,172.31.36.0-255,66,369724,10,418738
27713,0.057843,74.125.68.0-255,5738,375462,10,418738
27714,0.057847,172.31.36.0-255,66,375528,10,418738
27715,0.060064,74.125.68.0-255,2902,378430,10,418738
27716,0.060069,172.31.36.0-255,66,378496,10,418738
27717,0.060094,74.125.68.0-255,2902,381398,10,418738
27718,0.060097,172.31.36.0-255,66,381464,10,418738
27719,0.06228,74.125.68.0-255,4320,385784,10,418738
27720,0.062285,172.31.36.0-255,66,385850,10,418738
27721,0.062316,74.125.68.0-255,1484,387334,10,418738
27722,0.06448,74.125.68.0-255,4320,391654,10,418738
27723,0.064485,172.31.36.0-255,66,391720,10,418738
27724,0.066697,74.125.68.0-255,5738,397458,10,418738
27725,0.066702,172.31.36.0-255,66,397524,10,418738
27726,0.068901,74.125.68.0-255,4320,401844,10,418738
27727,0.068907,172.31.36.0-255,66,401910,10,418738
27728,0.068944,74.125.68.0-255,1484,403394,10,418738
27729,0.071105,74.125.68.0-255,4320,407714,10,418738
27730,0.071111,172.31.36.0-255,66,407780,10,418738
27731,0.073313,74.125.68.0-255,4320,412100,10,418738
27732,0.073318,172.31.36.0-255,66,412166,10,418738
27733,0.073348,74.125.68.0-255,1484,413650,10,418738
27734,0.07552,74.125.68.0-255,2902,416552,10,418738
27735,0.075525,172.31.36.0-255,66,416618,10,418738
27736,0.075555,74.125.68.0-255,1484,418102,10,418738
27737,0.077724,74.125.68.0-255,399,418501,10,418738
27738,0.077729,172.31.36.0-255,66,418567,10,418738
27739,0.077897,172.31.36.0-255,105,418672,10,418738
27740,0.080062,74.125.68.0-255,66,418738,10,418738
27741,0.0,74.125.68.0-255,153,153,10,269445
27742,2.3e-05,172.31.36.0-255,66,219,10,269445
27743,3e-05,74.125.68.0-255,1484,1703,10,269445
27744,3.4e-05,172.31.36.0-255,66,1769,10,269445
27745,3.9e-05,74.125.68.0-255,2902,4671,10,269445
27746,4.2e-05,172.31.36.0-255,66,4737,10,269445
27747,6e-05,74.125.68.0-255,1484,6221,10,269445
27748,6.9e-05,172.31.36.0-255,66,6287,10,269445
27749,9.3e-05,74.125.68.0-255,1484,7771,10,269445
27750,9.6e-05,172.31.36.0-255,66,7837,10,269445
27751,0.00011,74.125.68.0-255,4320,12157,10,269445
27752,0.000117,172.31.36.0-255,66,12223,10,269445
27753,0.000205,172.31.36.0-255,66,12289,10,269445
27754,0.000376,172.31.36.0-255,66,12355,10,269445
27755,0.000542,74.125.68.0-255,7156,19511,10,269445
27756,0.000549,172.31.36.0-255,66,19577,10,269445
27757,0.000559,74.125.68.0-255,2902,22479,10,269445
27758,0.000561,172.31.36.0-255,66,22545,10,269445
27759,0.000715,74.125.68.0-255,7156,29701,10,269445
27760,0.000719,172.31.36.0-255,66,29767,10,269445
27761,0.00076,172.31.36.0-255,66,29833,10,269445
27762,0.001088,74.125.68.0-255,2854,32687,10,269445
27763,0.001092,172.31.36.0-255,66,32753,10,269445
27764,0.001105,74.125.68.0-255,343,33096,10,269445
27765,0.001111,172.31.36.0-255,66,33162,10,269445
27766,0.001142,74.125.68.0-255,5738,38900,10,269445
27767,0.001145,172.31.36.0-255,66,38966,10,269445
27768,0.001182,172.31.36.0-255,66,39032,10,269445
27769,0.001451,74.125.68.0-255,2902,41934,10,269445
27770,0.001456,172.31.36.0-255,66,42000,10,269445
27771,0.001501,172.31.36.0-255,66,42066,10,269445
27772,0.001753,74.125.68.0-255,4320,46386,10,269445
27773,0.001758,172.31.36.0-255,66,46452,10,269445
27774,0.001779,74.125.68.0-255,2902,49354,10,269445
27775,0.001782,172.31.36.0-255,66,49420,10,269445
27776,0.001887,172.31.36.0-255,66,49486,10,269445
27777,0.00193,172.31.36.0-255,66,49552,10,269445
27778,0.002307,172.31.36.0-255,66,49618,10,269445
27779,0.002361,172.31.36.0-255,66,49684,10,269445
27780,0.002965,172.31.36.0-255,66,49750,10,269445
27781,0.003012,172.31.36.0-255,66,49816,10,269445
27782,0.005242,74.125.68.0-255,5738,55554,10,269445
27783,0.005253,172.31.36.0-255,66,55620,10,269445
27784,0.007485,74.125.68.0-255,5738,61358,10,269445
27785,0.007493,172.31.36.0-255,66,61424,10,269445
27786,0.009736,74.125.68.0-255,5738,67162,10,269445
27787,0.009745,172.31.36.0-255,66,67228,10,269445
27788,0.011988,74.125.68.0-255,5738,72966,10,269445
27789,0.011996,172.31.36.0-255,66,73032,10,269445
27790,0.014235,74.125.68.0-255,5738,78770,10,269445
27791,0.014247,172.31.36.0-255,66,78836,10,269445
27792,0.016486,74.125.68.0-255,5738,84574,10,269445
27793,0.016491,172.31.36.0-255,66,84640,10,269445
27794,0.018723,74.125.68.0-255,5738,90378,10,269445
27795,0.018733,172.31.36.0-255,66,90444,10,269445
27796,0.021005,74.125.68.0-255,4320,94764,10,269445
27797,0.021012,172.31.36.0-255,66,94830,10,269445
27798,0.021037,74.125.68.0-255,1484,96314,10,269445
27799,0.023225,74.125.68.0-255,4320,100634,10,269445
27800,0.023232,172.31.36.0-255,66,100700,10,269445
27801,0.02547,74.125.68.0-255,5738,106438,10,269445
27802,0.02548,172.31.36.0-255,66,106504,10,269445
27803,0.027705,74.125.68.0-255,5738,112242,10,269445
27804,0.027713,172.31.36.0-255,66,112308,10,269445
27805,0.029937,74.125.68.0-255,5738,118046,10,269445
27806,0.029944,172.31.36.0-255,66,118112,10,269445
27807,0.032176,74.125.68.0-255,5738,123850,10,269445
27808,0.032181,172.31.36.0-255,66,123916,10,269445
27809,0.034406,74.125.68.0-255,5738,129654,10,269445
27810,0.034414,172.31.36.0-255,66,129720,10,269445
27811,0.035045,172.31.36.0-255,172,129892,10,269445
27812,0.035099,172.31.36.0-255,1113,131005,10,269445
27813,0.03519,172.31.36.0-255,1514,132519,10,269445
27814,0.035192,172.31.36.0-255,1290,133809,10,269445
27815,0.036604,104.244.42.0-255,66,133875,10,269445
27816,0.036629,74.125.68.0-255,4320,138195,10,269445
27817,0.036634,172.31.36.0-255,66,138261,10,269445
27818,0.036658,104.244.42.0-255,66,138327,10,269445
27819,0.036669,74.125.68.0-255,1484,139811,10,269445
27820,0.03677,104.244.42.0-255,66,139877,10,269445
27821,0.03886,74.125.68.0-255,4320,144197,10,269445
27822,0.038866,172.31.36.0-255,66,144263,10,269445
27823,0.041086,74.125.68.0-255,5738,150001,10,269445
27824,0.041091,172.31.36.0-255,66,150067,10,269445
27825,0.043314,74.125.68.0-255,1484,151551,10,269445
27826,0.043348,74.125.68.0-255,4320,155871,10,269445
27827,0.043352,172.31.36.0-255,66,155937,10,269445
27828,0.045579,74.125.68.0-255,5738,161675,10,269445
27829,0.045585,172.31.36.0-255,66,161741,10,269445
27830,0.04781,74.125.68.0-255,5738,167479,10,269445
27831,0.047818,172.31.36.0-255,66,167545,10,269445
27832,0.050056,74.125.68.0-255,5738,173283,10,269445
27833,0.050062,172.31.36.0-255,66,173349,10,269445
27834,0.052291,74.125.68.0-255,5738,179087,10,269445
27835,0.052297,172.31.36.0-255,66,179153,10,269445
27836,0.054532,74.125.68.0-255,5738,184891,10,269445
27837,0.054542,172.31.36.0-255,66,184957,10,269445
27838,0.056762,74.125.68.0-255,5738,190695,10,269445
27839,0.056767,172.31.36.0-255,66,190761,10,269445
27840,0.058992,74.125.68.0-255,4320,195081,10,269445
27841,0.058997,172.31.36.0-255,66,195147,10,269445
27842,0.059032,74.125.68.0-255,1484,196631,10,269445
27843,0.061217,74.125.68.0-255,4320,200951,10,269445
27844,0.061222,172.31.36.0-255,66,201017,10,269445
27845,0.063462,74.125.68.0-255,5738,206755,10,269445
27846,0.063469,172.31.36.0-255,66,206821,10,269445
27847,0.065723,74.125.68.0-255,5738,212559,10,269445
27848,0.065729,172.31.36.0-255,66,212625,10,269445
27849,0.067954,74.125.68.0-255,5738,218363,10,269445
27850,0.06796,172.31.36.0-255,66,218429,10,269445
27851,0.070189,74.125.68.0-255,5738,224167,10,269445
27852,0.070196,172.31.36.0-255,66,224233,10,269445
27853,0.072424,74.125.68.0-255,5738,229971,10,269445
27854,0.072431,172.31.36.0-255,66,230037,10,269445
27855,0.074655,74.125.68.0-255,5738,235775,10,269445
27856,0.074663,172.31.36.0-255,66,235841,10,269445
27857,0.076899,74.125.68.0-255,4320,240161,10,269445
27858,0.076907,172.31.36.0-255,66,240227,10,269445
27859,0.076947,74.125.68.0-255,1484,241711,10,269445
27860,0.079131,74.125.68.0-255,4320,246031,10,269445
27861,0.07914,172.31.36.0-255,66,246097,10,269445
27862,0.081382,74.125.68.0-255,5738,251835,10,269445
27863,0.081395,172.31.36.0-255,66,251901,10,269445
27864,0.083615,74.125.68.0-255,5738,257639,10,269445
27865,0.083623,172.31.36.0-255,66,257705,10,269445
27866,0.085857,74.125.68.0-255,5738,263443,10,269445
27867,0.085865,172.31.36.0-255,66,263509,10,269445
27868,0.0881,74.125.68.0-255,2902,266411,10,269445
27869,0.088107,172.31.36.0-255,66,266477,10,269445
27870,0.088138,74.125.68.0-255,2902,269379,10,269445
27871,0.088141,172.31.36.0-255,66,269445,10,269445
27872,0.0,74.125.24.0-255,153,153,10,299422
27873,2.4e-05,172.31.36.0-255,66,219,10,299422
27874,3.2e-05,74.125.24.0-255,1484,1703,10,299422
27875,3.6e-05,172.31.36.0-255,66,1769,10,299422
27876,4.2e-05,74.125.24.0-255,2902,4671,10,299422
27877,4.4e-05,172.31.36.0-255,66,4737,10,299422
27878,5.3e-05,74.125.24.0-255,7156,11893,10,299422
27879,5.5e-05,172.31.36.0-255,66,11959,10,299422
27880,9.1e-05,172.31.36.0-255,66,12025,10,299422
27881,0.000118,172.31.36.0-255,66,12091,10,299422
27882,0.000122,74.125.24.0-255,2543,14634,10,299422
27883,0.000125,172.31.36.0-255,66,14700,10,299422
27884,0.000266,74.125.24.0-255,1484,16184,10,299422
27885,0.000271,172.31.36.0-255,66,16250,10,299422
27886,0.000277,74.125.24.0-255,2902,19152,10,299422
27887,0.000279,172.31.36.0-255,66,19218,10,299422
27888,0.000301,74.125.24.0-255,2902,22120,10,299422
27889,0.000303,172.31.36.0-255,66,22186,10,299422
27890,0.000309,74.125.24.0-255,4320,26506,10,299422
27891,0.000311,172.31.36.0-255,66,26572,10,299422
27892,0.000316,74.125.24.0-255,2902,29474,10,299422
27893,0.000318,172.31.36.0-255,66,29540,10,299422
27894,0.000341,74.125.24.0-255,2543,32083,10,299422
27895,0.000344,172.31.36.0-255,66,32149,10,299422
27896,0.000384,172.31.36.0-255,66,32215,10,299422
27897,0.000391,74.125.24.0-255,5379,37594,10,299422
27898,0.000393,172.31.36.0-255,66,37660,10,299422
27899,0.000396,74.125.24.0-255,413,38073,10,299422
27900,0.000398,172.31.36.0-255,66,38139,10,299422
27901,0.000453,74.125.24.0-255,330,38469,10,299422
27902,0.001048,172.31.36.0-255,66,38535,10,299422
27903,0.001409,74.125.24.0-255,1484,40019,10,299422
27904,0.001419,74.125.24.0-255,2902,42921,10,299422
27905,0.001424,74.125.24.0-255,2902,45823,10,299422
27906,0.001438,74.125.24.0-255,2902,48725,10,299422
27907,0.001442,74.125.24.0-255,2902,51627,10,299422
27908,0.001489,74.125.24.0-255,1484,53111,10,299422
27909,0.00151,74.125.24.0-255,5738,58849,10,299422
27910,0.001534,74.125.24.0-255,3602,62451,10,299422
27911,0.001548,74.125.24.0-255,1484,63935,10,299422
27912,0.001613,74.125.24.0-255,1484,65419,10,299422
27913,0.001633,74.125.24.0-255,2184,67603,10,299422
27914,0.002115,74.125.24.0-255,1484,69087,10,299422
27915,0.002124,74.125.24.0-255,2902,71989,10,299422
27916,0.002135,74.125.24.0-255,1484,73473,10,299422
27917,0.002153,74.125.24.0-255,1484,74957,10,299422
27918,0.00218,74.125.24.0-255,4320,79277,10,299422
27919,0.002222,74.125.24.0-255,2902,82179,10,299422
27920,0.002235,74.125.24.0-255,1484,83663,10,299422
27921,0.002242,74.125.24.0-255,5738,89401,10,299422
27922,0.002261,74.125.24.0-255,1484,90885,10,299422
27923,0.00228,74.125.24.0-255,2902,93787,10,299422
27924,0.002306,74.125.24.0-255,1484,95271,10,299422
27925,0.002342,74.125.24.0-255,2902,98173,10,299422
27926,0.002371,74.125.24.0-255,3602,101775,10,299422
27927,0.002837,172.31.36.0-255,66,101841,10,299422
27928,0.005444,74.125.24.0-255,4320,106161,10,299422
27929,0.00545,172.31.36.0-255,66,106227,10,299422
27930,0.00547,74.125.24.0-255,1484,107711,10,299422
27931,0.007972,74.125.24.0-255,4320,112031,10,299422
27932,0.008451,172.31.36.0-255,66,112097,10,299422
27933,0.011013,74.125.24.0-255,5738,117835,10,299422
27934,0.011024,172.31.36.0-255,66,117901,10,299422
27935,0.013595,74.125.24.0-255,5738,123639,10,299422
27936,0.013911,172.31.36.0-255,66,123705,10,299422
27937,0.016459,74.125.24.0-255,5738,129443,10,299422
27938,0.01647,172.31.36.0-255,66,129509,10,299422
27939,0.019018,74.125.24.0-255,5738,135247,10,299422
27940,0.019025,172.31.36.0-255,66,135313,10,299422
27941,0.02157,74.125.24.0-255,5738,141051,10,299422
27942,0.021579,172.31.36.0-255,66,141117,10,299422
27943,0.024113,74.125.24.0-255,5738,146855,10,299422
27944,0.024122,172.31.36.0-255,66,146921,10,299422
27945,0.026713,74.125.24.0-255,5738,152659,10,299422
27946,0.026722,172.31.36.0-255,66,152725,10,299422
27947,0.028169,172.31.36.0-255,172,152897,10,299422
27948,0.028203,172.31.36.0-255,1111,154008,10,299422
27949,0.028263,172.31.36.0-255,1514,155522,10,299422
27950,0.028265,172.31.36.0-255,1514,157036,10,299422
27951,0.028267,172.31.36.0-255,1514,158550,10,299422
27952,0.028268,172.31.36.0-255,1072,159622,10,299422
27953,0.029341,74.125.24.0-255,5738,165360,10,299422
27954,0.029348,172.31.36.0-255,66,165426,10,299422
27955,0.029737,104.244.42.0-255,66,165492,10,299422
27956,0.029745,104.244.42.0-255,66,165558,10,299422
27957,0.029826,104.244.42.0-255,66,165624,10,299422
27958,0.02983,104.244.42.0-255,66,165690,10,299422
27959,0.031876,74.125.24.0-255,5738,171428,10,299422
27960,0.031884,172.31.36.0-255,66,171494,10,299422
27961,0.03352,104.244.42.0-255,108,171602,10,299422
27962,0.03353,172.31.36.0-255,66,171668,10,299422
27963,0.034504,74.125.24.0-255,5738,177406,10,299422
27964,0.034512,172.31.36.0-255,66,177472,10,299422
27965,0.037135,74.125.24.0-255,5738,183210,10,299422
27966,0.037142,172.31.36.0-255,66,183276,10,299422
27967,0.039702,74.125.24.0-255,5738,189014,10,299422
27968,0.039709,172.31.36.0-255,66,189080,10,299422
27969,0.042323,74.125.24.0-255,5738,194818,10,299422
27970,0.04233,172.31.36.0-255,66,194884,10,299422
27971,0.044888,74.125.24.0-255,5738,200622,10,299422
27972,0.044895,172.31.36.0-255,66,200688,10,299422
27973,0.047433,74.125.24.0-255,5738,206426,10,299422
27974,0.04744,172.31.36.0-255,66,206492,10,299422
27975,0.050038,74.125.24.0-255,5738,212230,10,299422
27976,0.050047,172.31.36.0-255,66,212296,10,299422
27977,0.052659,74.125.24.0-255,5738,218034,10,299422
27978,0.052669,172.31.36.0-255,66,218100,10,299422
27979,0.055263,74.125.24.0-255,5738,223838,10,299422
27980,0.055268,172.31.36.0-255,66,223904,10,299422
27981,0.057815,74.125.24.0-255,5738,229642,10,299422
27982,0.057822,172.31.36.0-255,66,229708,10,299422
27983,0.060374,74.125.24.0-255,5738,235446,10,299422
27984,0.060381,172.31.36.0-255,66,235512,10,299422
27985,0.062926,74.125.24.0-255,5738,241250,10,299422
27986,0.062933,172.31.36.0-255,66,241316,10,299422
27987,0.065558,74.125.24.0-255,5738,247054,10,299422
27988,0.065567,172.31.36.0-255,66,247120,10,299422
27989,0.068154,74.125.24.0-255,5738,252858,10,299422
27990,0.068164,172.31.36.0-255,66,252924,10,299422
27991,0.070721,74.125.24.0-255,5738,258662,10,299422
27992,0.070729,172.31.36.0-255,66,258728,10,299422
27993,0.073308,74.125.24.0-255,5738,264466,10,299422
27994,0.073315,172.31.36.0-255,66,264532,10,299422
27995,0.075888,74.125.24.0-255,5738,270270,10,299422
27996,0.075895,172.31.36.0-255,66,270336,10,299422
27997,0.078433,74.125.24.0-255,5738,276074,10,299422
27998,0.07844,172.31.36.0-255,66,276140,10,299422
27999,0.081046,74.125.24.0-255,1484,277624,10,299422
28000,0.081066,74.125.24.0-255,4320,281944,10,299422
28001,0.081072,172.31.36.0-255,66,282010,10,299422
28002,0.083623,74.125.24.0-255,5738,287748,10,299422
28003,0.083636,172.31.36.0-255,66,287814,10,299422
28004,0.086261,74.125.24.0-255,5738,293552,10,299422
28005,0.086269,172.31.36.0-255,66,293618,10,299422
28006,0.088864,74.125.24.0-255,5738,299356,10,299422
28007,0.088872,172.31.36.0-255,66,299422,10,299422
28008,0.0,74.125.24.0-255,149,149,10,336764
28009,2.6e-05,172.31.36.0-255,66,215,10,336764
28010,3.3e-05,74.125.24.0-255,1484,1699,10,336764
28011,3.7e-05,172.31.36.0-255,66,1765,10,336764
28012,4.1e-05,74.125.24.0-255,2902,4667,10,336764
28013,4.4e-05,172.31.36.0-255,66,4733,10,336764
28014,5.8e-05,74.125.24.0-255,7156,11889,10,336764
28015,6.1e-05,172.31.36.0-255,66,11955,10,336764
28016,6.4e-05,74.125.24.0-255,1484,13439,10,336764
28017,6.6e-05,172.31.36.0-255,66,13505,10,336764
28018,0.00011,172.31.36.0-255,66,13571,10,336764
28019,0.000117,74.125.24.0-255,6797,20368,10,336764
28020,0.000119,172.31.36.0-255,66,20434,10,336764
28021,0.000325,74.125.24.0-255,1484,21918,10,336764
28022,0.00033,172.31.36.0-255,66,21984,10,336764
28023,0.000336,74.125.24.0-255,2902,24886,10,336764
28024,0.000339,172.31.36.0-255,66,24952,10,336764
28025,0.000345,74.125.24.0-255,4320,29272,10,336764
28026,0.000355,172.31.36.0-255,66,29338,10,336764
28027,0.000389,74.125.24.0-255,1484,30822,10,336764
28028,0.000395,172.31.36.0-255,66,30888,10,336764
28029,0.000397,74.125.24.0-255,6797,37685,10,336764
28030,0.0004,172.31.36.0-255,66,37751,10,336764
28031,0.000406,172.31.36.0-255,66,37817,10,336764
28032,0.000441,74.125.24.0-255,5738,43555,10,336764
28033,0.000445,172.31.36.0-255,66,43621,10,336764
28034,0.00045,74.125.24.0-255,2543,46164,10,336764
28035,0.000452,172.31.36.0-255,66,46230,10,336764
28036,0.001256,74.125.24.0-255,647,46877,10,336764
28037,0.001263,172.31.36.0-255,66,46943,10,336764
28038,0.001801,74.125.24.0-255,1484,48427,10,336764
28039,0.001815,74.125.24.0-255,1484,49911,10,336764
28040,0.001817,172.31.36.0-255,66,49977,10,336764
28041,0.001843,74.125.24.0-255,1484,51461,10,336764
28042,0.001849,74.125.24.0-255,5738,57199,10,336764
28043,0.001852,172.31.36.0-255,66,57265,10,336764
28044,0.001856,74.125.24.0-255,2902,60167,10,336764
28045,0.001858,172.31.36.0-255,66,60233,10,336764
28046,0.001884,74.125.24.0-255,5738,65971,10,336764
28047,0.001886,172.31.36.0-255,66,66037,10,336764
28048,0.001891,74.125.24.0-255,4320,70357,10,336764
28049,0.001893,172.31.36.0-255,66,70423,10,336764
28050,0.001918,74.125.24.0-255,5738,76161,10,336764
28051,0.00192,172.31.36.0-255,66,76227,10,336764
28052,0.001945,74.125.24.0-255,5020,81247,10,336764
28053,0.001947,172.31.36.0-255,66,81313,10,336764
28054,0.002244,74.125.24.0-255,1484,82797,10,336764
28055,0.002264,74.125.24.0-255,2902,85699,10,336764
28056,0.002266,172.31.36.0-255,66,85765,10,336764
28057,0.002292,74.125.24.0-255,5738,91503,10,336764
28058,0.002294,172.31.36.0-255,66,91569,10,336764
28059,0.002321,74.125.24.0-255,5738,97307,10,336764
28060,0.002323,172.31.36.0-255,66,97373,10,336764
28061,0.002349,74.125.24.0-255,7156,104529,10,336764
28062,0.002352,172.31.36.0-255,66,104595,10,336764
28063,0.002381,74.125.24.0-255,1484,106079,10,336764
28064,0.002394,74.125.24.0-255,5738,111817,10,336764
28065,0.002396,172.31.36.0-255,66,111883,10,336764
28066,0.002425,74.125.24.0-255,3602,115485,10,336764
28067,0.002427,172.31.36.0-255,66,115551,10,336764
28068,0.004742,74.125.24.0-255,1484,117035,10,336764
28069,0.004759,74.125.24.0-255,4320,121355,10,336764
28070,0.004764,172.31.36.0-255,66,121421,10,336764
28071,0.007121,74.125.24.0-255,5738,127159,10,336764
28072,0.007127,172.31.36.0-255,66,127225,10,336764
28073,0.009488,74.125.24.0-255,5738,132963,10,336764
28074,0.009495,172.31.36.0-255,66,133029,10,336764
28075,0.011845,74.125.24.0-255,5738,138767,10,336764
28076,0.011853,172.31.36.0-255,66,138833,10,336764
28077,0.014231,74.125.24.0-255,5738,144571,10,336764
28078,0.014241,172.31.36.0-255,66,144637,10,336764
28079,0.016625,74.125.24.0-255,5738,150375,10,336764
28080,0.016634,172.31.36.0-255,66,150441,10,336764
28081,0.018996,74.125.24.0-255,5738,156179,10,336764
28082,0.019004,172.31.36.0-255,66,156245,10,336764
28083,0.021351,74.125.24.0-255,5738,161983,10,336764
28084,0.021359,172.31.36.0-255,66,162049,10,336764
28085,0.023724,74.125.24.0-255,5738,167787,10,336764
28086,0.023731,172.31.36.0-255,66,167853,10,336764
28087,0.025568,172.31.36.0-255,172,168025,10,336764
28088,0.025599,172.31.36.0-255,1114,169139,10,336764
28089,0.025632,172.31.36.0-255,1514,170653,10,336764
28090,0.025634,172.31.36.0-255,1289,171942,10,336764
28091,0.026092,74.125.24.0-255,5738,177680,10,336764
28092,0.026102,172.31.36.0-255,66,177746,10,336764
28093,0.027094,104.244.42.0-255,66,177812,10,336764
28094,0.02714,104.244.42.0-255,66,177878,10,336764
28095,0.027288,104.244.42.0-255,66,177944,10,336764
28096,0.02843,74.125.24.0-255,5738,183682,10,336764
28097,0.028434,172.31.36.0-255,66,183748,10,336764
28098,0.03076,74.125.24.0-255,1484,185232,10,336764
28099,0.030795,74.125.24.0-255,4320,189552,10,336764
28100,0.0308,172.31.36.0-255,66,189618,10,336764
28101,0.033159,74.125.24.0-255,5738,195356,10,336764
28102,0.033164,172.31.36.0-255,66,195422,10,336764
28103,0.035518,74.125.24.0-255,5738,201160,10,336764
28104,0.035524,172.31.36.0-255,66,201226,10,336764
28105,0.037873,74.125.24.0-255,5738,206964,10,336764
28106,0.037878,172.31.36.0-255,66,207030,10,336764
28107,0.040214,74.125.24.0-255,5738,212768,10,336764
28108,0.04022,172.31.36.0-255,66,212834,10,336764
28109,0.042566,74.125.24.0-255,5738,218572,10,336764
28110,0.042572,172.31.36.0-255,66,218638,10,336764
28111,0.04493,74.125.24.0-255,5738,224376,10,336764
28112,0.044935,172.31.36.0-255,66,224442,10,336764
28113,0.047284,74.125.24.0-255,2902,227344,10,336764
28114,0.04729,172.31.36.0-255,66,227410,10,336764
28115,0.047331,74.125.24.0-255,2902,230312,10,336764
28116,0.047334,172.31.36.0-255,66,230378,10,336764
28117,0.049645,74.125.24.0-255,2902,233280,10,336764
28118,0.049651,172.31.36.0-255,66,233346,10,336764
28119,0.049683,74.125.24.0-255,2902,236248,10,336764
28120,0.049686,172.31.36.0-255,66,236314,10,336764
28121,0.052022,74.125.24.0-255,5738,242052,10,336764
28122,0.052028,172.31.36.0-255,66,242118,10,336764
28123,0.054368,74.125.24.0-255,5738,247856,10,336764
28124,0.054373,172.31.36.0-255,66,247922,10,336764
28125,0.056717,74.125.24.0-255,5738,253660,10,336764
28126,0.056723,172.31.36.0-255,66,253726,10,336764
28127,0.059064,74.125.24.0-255,5738,259464,10,336764
28128,0.059069,172.31.36.0-255,66,259530,10,336764
28129,0.061409,74.125.24.0-255,2902,262432,10,336764
28130,0.061415,172.31.36.0-255,66,262498,10,336764
28131,0.061474,74.125.24.0-255,2902,265400,10,336764
28132,0.061477,172.31.36.0-255,66,265466,10,336764
28133,0.063727,74.125.24.0-255,2902,268368,10,336764
28134,0.063733,172.31.36.0-255,66,268434,10,336764
28135,0.063801,74.125.24.0-255,2902,271336,10,336764
28136,0.063807,172.31.36.0-255,66,271402,10,336764
28137,0.06605,74.125.24.0-255,2902,274304,10,336764
28138,0.066055,172.31.36.0-255,66,274370,10,336764
28139,0.066161,74.125.24.0-255,2902,277272,10,336764
28140,0.066166,172.31.36.0-255,66,277338,10,336764
28141,0.068393,74.125.24.0-255,2902,280240,10,336764
28142,0.068399,172.31.36.0-255,66,280306,10,336764
28143,0.06851,74.125.24.0-255,2902,283208,10,336764
28144,0.068515,172.31.36.0-255,66,283274,10,336764
28145,0.070744,74.125.24.0-255,2902,286176,10,336764
28146,0.070749,172.31.36.0-255,66,286242,10,336764
28147,0.070853,74.125.24.0-255,2902,289144,10,336764
28148,0.070857,172.31.36.0-255,66,289210,10,336764
28149,0.07307,74.125.24.0-255,2902,292112,10,336764
28150,0.073075,172.31.36.0-255,66,292178,10,336764
28151,0.073181,74.125.24.0-255,2902,295080,10,336764
28152,0.073185,172.31.36.0-255,66,295146,10,336764
28153,0.075428,74.125.24.0-255,2902,298048,10,336764
28154,0.075433,172.31.36.0-255,66,298114,10,336764
28155,0.075512,74.125.24.0-255,2902,301016,10,336764
28156,0.075519,172.31.36.0-255,66,301082,10,336764
28157,0.077772,74.125.24.0-255,2902,303984,10,336764
28158,0.077777,172.31.36.0-255,66,304050,10,336764
28159,0.077861,74.125.24.0-255,2902,306952,10,336764
28160,0.077867,172.31.36.0-255,66,307018,10,336764
28161,0.080123,74.125.24.0-255,2902,309920,10,336764
28162,0.080127,172.31.36.0-255,66,309986,10,336764
28163,0.080202,74.125.24.0-255,2902,312888,10,336764
28164,0.080206,172.31.36.0-255,66,312954,10,336764
28165,0.082466,74.125.24.0-255,2902,315856,10,336764
28166,0.082471,172.31.36.0-255,66,315922,10,336764
28167,0.08254,74.125.24.0-255,2902,318824,10,336764
28168,0.082545,172.31.36.0-255,66,318890,10,336764
28169,0.084783,74.125.24.0-255,2902,321792,10,336764
28170,0.084788,172.31.36.0-255,66,321858,10,336764
28171,0.084882,74.125.24.0-255,2902,324760,10,336764
28172,0.084889,172.31.36.0-255,66,324826,10,336764
28173,0.087112,74.125.24.0-255,2902,327728,10,336764
28174,0.087117,172.31.36.0-255,66,327794,10,336764
28175,0.087244,74.125.24.0-255,2902,330696,10,336764
28176,0.087248,172.31.36.0-255,66,330762,10,336764
28177,0.089466,74.125.24.0-255,1484,332246,10,336764
28178,0.089497,74.125.24.0-255,1484,333730,10,336764
28179,0.089502,172.31.36.0-255,66,333796,10,336764
28180,0.089589,74.125.24.0-255,2902,336698,10,336764
28181,0.089594,172.31.36.0-255,66,336764,10,336764
28182,0.0,74.125.24.0-255,150,150,10,338391
28183,3.4e-05,172.31.36.0-255,66,216,10,338391
28184,4.2e-05,74.125.24.0-255,1484,1700,10,338391
28185,4.7e-05,172.31.36.0-255,66,1766,10,338391
28186,5.3e-05,74.125.24.0-255,2902,4668,10,338391
28187,5.5e-05,172.31.36.0-255,66,4734,10,338391
28188,6.2e-05,74.125.24.0-255,7156,11890,10,338391
28189,6.4e-05,172.31.36.0-255,66,11956,10,338391
28190,9.3e-05,172.31.36.0-255,66,12022,10,338391
28191,0.000104,172.31.36.0-255,66,12088,10,338391
28192,0.00019,74.125.24.0-255,1484,13572,10,338391
28193,0.000194,172.31.36.0-255,66,13638,10,338391
28194,0.000201,74.125.24.0-255,2902,16540,10,338391
28195,0.000203,172.31.36.0-255,66,16606,10,338391
28196,0.000213,74.125.24.0-255,5738,22344,10,338391
28197,0.000215,172.31.36.0-255,66,22410,10,338391
28198,0.00025,172.31.36.0-255,66,22476,10,338391
28199,0.000257,74.125.24.0-255,5738,28214,10,338391
28200,0.000259,172.31.36.0-255,66,28280,10,338391
28201,0.000283,74.125.24.0-255,3961,32241,10,338391
28202,0.000286,172.31.36.0-255,66,32307,10,338391
28203,0.000288,74.125.24.0-255,364,32671,10,338391
28204,0.00029,172.31.36.0-255,66,32737,10,338391
28205,0.00035,74.125.24.0-255,382,33119,10,338391
28206,0.000354,172.31.36.0-255,66,33185,10,338391
28207,0.000482,74.125.24.0-255,1484,34669,10,338391
28208,0.000487,172.31.36.0-255,66,34735,10,338391
28209,0.000491,74.125.24.0-255,1484,36219,10,338391
28210,0.000495,172.31.36.0-255,66,36285,10,338391
28211,0.000505,74.125.24.0-255,1484,37769,10,338391
28212,0.000513,74.125.24.0-255,4320,42089,10,338391
28213,0.000523,172.31.36.0-255,66,42155,10,338391
28214,0.00053,74.125.24.0-255,1484,43639,10,338391
28215,0.000536,74.125.24.0-255,4320,47959,10,338391
28216,0.00054,172.31.36.0-255,66,48025,10,338391
28217,0.00055,74.125.24.0-255,3961,51986,10,338391
28218,0.000555,172.31.36.0-255,66,52052,10,338391
28219,0.00059,172.31.36.0-255,66,52118,10,338391
28220,0.000599,74.125.24.0-255,6797,58915,10,338391
28221,0.000608,172.31.36.0-255,66,58981,10,338391
28222,0.00118,74.125.24.0-255,1484,60465,10,338391
28223,0.001189,74.125.24.0-255,2902,63367,10,338391
28224,0.001194,172.31.36.0-255,66,63433,10,338391
28225,0.001198,74.125.24.0-255,1484,64917,10,338391
28226,0.001215,74.125.24.0-255,4320,69237,10,338391
28227,0.001217,172.31.36.0-255,66,69303,10,338391
28228,0.001221,74.125.24.0-255,1484,70787,10,338391
28229,0.001254,74.125.24.0-255,7156,77943,10,338391
28230,0.001288,74.125.24.0-255,3602,81545,10,338391
28231,0.001422,74.125.24.0-255,1484,83029,10,338391
28232,0.001455,74.125.24.0-255,1484,84513,10,338391
28233,0.001468,74.125.24.0-255,1484,85997,10,338391
28234,0.001472,74.125.24.0-255,2902,88899,10,338391
28235,0.001495,74.125.24.0-255,2902,91801,10,338391
28236,0.001509,74.125.24.0-255,2902,94703,10,338391
28237,0.001524,74.125.24.0-255,1484,96187,10,338391
28238,0.00155,74.125.24.0-255,6438,102625,10,338391
28239,0.002276,74.125.24.0-255,1484,104109,10,338391
28240,0.002296,74.125.24.0-255,2902,107011,10,338391
28241,0.002302,74.125.24.0-255,5738,112749,10,338391
28242,0.00233,74.125.24.0-255,7156,119905,10,338391
28243,0.002354,74.125.24.0-255,5738,125643,10,338391
28244,0.00236,74.125.24.0-255,7156,132799,10,338391
28245,0.002371,74.125.24.0-255,1484,134283,10,338391
28246,0.002375,74.125.24.0-255,2184,136467,10,338391
28247,0.006651,172.31.36.0-255,66,136533,10,338391
28248,0.00903,74.125.24.0-255,5738,142271,10,338391
28249,0.009037,172.31.36.0-255,66,142337,10,338391
28250,0.011408,74.125.24.0-255,5738,148075,10,338391
28251,0.012152,172.31.36.0-255,66,148141,10,338391
28252,0.014519,74.125.24.0-255,5738,153879,10,338391
28253,0.014529,172.31.36.0-255,66,153945,10,338391
28254,0.016893,74.125.24.0-255,5738,159683,10,338391
28255,0.016903,172.31.36.0-255,66,159749,10,338391
28256,0.01929,74.125.24.0-255,5738,165487,10,338391
28257,0.019297,172.31.36.0-255,66,165553,10,338391
28258,0.02165,74.125.24.0-255,5738,171291,10,338391
28259,0.021656,172.31.36.0-255,66,171357,10,338391
28260,0.024021,74.125.24.0-255,5738,177095,10,338391
28261,0.024029,172.31.36.0-255,66,177161,10,338391
28262,0.026434,74.125.24.0-255,5738,182899,10,338391
28263,0.026443,172.31.36.0-255,66,182965,10,338391
28264,0.027278,172.31.36.0-255,167,183132,10,338391
28265,0.027307,172.31.36.0-255,1113,184245,10,338391
28266,0.027346,172.31.36.0-255,1514,185759,10,338391
28267,0.027348,172.31.36.0-255,1290,187049,10,338391
28268,0.028815,104.244.42.0-255,66,187115,10,338391
28269,0.028827,74.125.24.0-255,5738,192853,10,338391
28270,0.028831,172.31.36.0-255,66,192919,10,338391
28271,0.028864,104.244.42.0-255,66,192985,10,338391
28272,0.028912,104.244.42.0-255,66,193051,10,338391
28273,0.029589,104.244.42.0-255,108,193159,10,338391
28274,0.029608,172.31.36.0-255,66,193225,10,338391
28275,0.031197,74.125.24.0-255,5738,198963,10,338391
28276,0.031203,172.31.36.0-255,66,199029,10,338391
28277,0.033564,74.125.24.0-255,5738,204767,10,338391
28278,0.033574,172.31.36.0-255,66,204833,10,338391
28279,0.035946,74.125.24.0-255,5738,210571,10,338391
28280,0.035956,172.31.36.0-255,66,210637,10,338391
28281,0.038323,74.125.24.0-255,5738,216375,10,338391
28282,0.038328,172.31.36.0-255,66,216441,10,338391
28283,0.040683,74.125.24.0-255,5738,222179,10,338391
28284,0.040688,172.31.36.0-255,66,222245,10,338391
28285,0.043058,74.125.24.0-255,5738,227983,10,338391
28286,0.043064,172.31.36.0-255,66,228049,10,338391
28287,0.04541,74.125.24.0-255,5738,233787,10,338391
28288,0.045415,172.31.36.0-255,66,233853,10,338391
28289,0.047768,74.125.24.0-255,5738,239591,10,338391
28290,0.047773,172.31.36.0-255,66,239657,10,338391
28291,0.050126,74.125.24.0-255,5738,245395,10,338391
28292,0.050138,172.31.36.0-255,66,245461,10,338391
28293,0.052494,74.125.24.0-255,5738,251199,10,338391
28294,0.052504,172.31.36.0-255,66,251265,10,338391
28295,0.054871,74.125.24.0-255,5738,257003,10,338391
28296,0.054876,172.31.36.0-255,66,257069,10,338391
28297,0.057223,74.125.24.0-255,5738,262807,10,338391
28298,0.057229,172.31.36.0-255,66,262873,10,338391
28299,0.059583,74.125.24.0-255,5738,268611,10,338391
28300,0.059588,172.31.36.0-255,66,268677,10,338391
28301,0.061945,74.125.24.0-255,5738,274415,10,338391
28302,0.06195,172.31.36.0-255,66,274481,10,338391
28303,0.064305,74.125.24.0-255,5738,280219,10,338391
28304,0.064311,172.31.36.0-255,66,280285,10,338391
28305,0.066707,74.125.24.0-255,5738,286023,10,338391
28306,0.066715,172.31.36.0-255,66,286089,10,338391
28307,0.06907,74.125.24.0-255,5738,291827,10,338391
28308,0.069081,172.31.36.0-255,66,291893,10,338391
28309,0.071439,74.125.24.0-255,5738,297631,10,338391
28310,0.071444,172.31.36.0-255,66,297697,10,338391
28311,0.073807,74.125.24.0-255,5738,303435,10,338391
28312,0.07381,172.31.36.0-255,66,303501,10,338391
28313,0.07617,74.125.24.0-255,5738,309239,10,338391
28314,0.076176,172.31.36.0-255,66,309305,10,338391
28315,0.078514,74.125.24.0-255,5738,315043,10,338391
28316,0.078519,172.31.36.0-255,66,315109,10,338391
28317,0.080887,74.125.24.0-255,5738,320847,10,338391
28318,0.080893,172.31.36.0-255,66,320913,10,338391
28319,0.083258,74.125.24.0-255,5738,326651,10,338391
28320,0.083266,172.31.36.0-255,66,326717,10,338391
28321,0.085622,74.125.24.0-255,5738,332455,10,338391
28322,0.085632,172.31.36.0-255,66,332521,10,338391
28323,0.087998,74.125.24.0-255,4320,336841,10,338391
28324,0.088004,172.31.36.0-255,66,336907,10,338391
28325,0.088032,74.125.24.0-255,1484,338391,10,338391
28326,0.0,172.217.194.0-255,153,153,10,317304
28327,2.5e-05,172.31.36.0-255,66,219,10,317304
28328,3.3e-05,172.217.194.0-255,1484,1703,10,317304
28329,3.8e-05,172.31.36.0-255,66,1769,10,317304
28330,5.3e-05,172.217.194.0-255,2902,4671,10,317304
28331,5.6e-05,172.31.36.0-255,66,4737,10,317304
28332,6.1e-05,172.217.194.0-255,2902,7639,10,317304
28333,6.5e-05,172.31.36.0-255,66,7705,10,317304
28334,8.8e-05,172.217.194.0-255,2902,10607,10,317304
28335,9.1e-05,172.31.36.0-255,66,10673,10,317304
28336,0.000126,172.217.194.0-255,3511,14184,10,317304
28337,0.000129,172.31.36.0-255,66,14250,10,317304
28338,0.000137,172.217.194.0-255,7156,21406,10,317304
28339,0.00014,172.31.36.0-255,66,21472,10,317304
28340,0.000146,172.217.194.0-255,5738,27210,10,317304
28341,0.000149,172.31.36.0-255,66,27276,10,317304
28342,0.000193,172.217.194.0-255,4320,31596,10,317304
28343,0.000195,172.31.36.0-255,66,31662,10,317304
28344,0.000234,172.31.36.0-255,66,31728,10,317304
28345,0.000241,172.217.194.0-255,5379,37107,10,317304
28346,0.000243,172.31.36.0-255,66,37173,10,317304
28347,0.000299,172.217.194.0-255,4320,41493,10,317304
28348,0.000302,172.31.36.0-255,66,41559,10,317304
28349,0.000327,172.217.194.0-255,1484,43043,10,317304
28350,0.000331,172.31.36.0-255,66,43109,10,317304
28351,0.000339,172.217.194.0-255,7156,50265,10,317304
28352,0.000342,172.31.36.0-255,66,50331,10,317304
28353,0.000348,172.217.194.0-255,3961,54292,10,317304
28354,0.000351,172.31.36.0-255,66,54358,10,317304
28355,0.000354,172.217.194.0-255,362,54720,10,317304
28356,0.000356,172.31.36.0-255,66,54786,10,317304
28357,0.000393,172.217.194.0-255,381,55167,10,317304
28358,0.000711,172.217.194.0-255,1484,56651,10,317304
28359,0.000718,172.31.36.0-255,66,56717,10,317304
28360,0.000723,172.217.194.0-255,2902,59619,10,317304
28361,0.000725,172.31.36.0-255,66,59685,10,317304
28362,0.000729,172.217.194.0-255,1484,61169,10,317304
28363,0.000772,172.217.194.0-255,4320,65489,10,317304
28364,0.000775,172.217.194.0-255,1484,66973,10,317304
28365,0.000789,172.31.36.0-255,66,67039,10,317304
28366,0.000798,172.31.36.0-255,66,67105,10,317304
28367,0.000815,172.31.36.0-255,66,67171,10,317304
28368,0.000849,172.217.194.0-255,3602,70773,10,317304
28369,0.000852,172.31.36.0-255,66,70839,10,317304
28370,0.001193,172.217.194.0-255,1484,72323,10,317304
28371,0.001199,172.217.194.0-255,1484,73807,10,317304
28372,0.001202,172.31.36.0-255,66,73873,10,317304
28373,0.00123,172.217.194.0-255,1484,75357,10,317304
28374,0.001238,172.217.194.0-255,5738,81095,10,317304
28375,0.001241,172.31.36.0-255,66,81161,10,317304
28376,0.001304,172.31.36.0-255,66,81227,10,317304
28377,0.00132,172.31.36.0-255,66,81293,10,317304
28378,0.001326,172.217.194.0-255,5020,86313,10,317304
28379,0.001328,172.31.36.0-255,66,86379,10,317304
28380,0.001376,172.217.194.0-255,1484,87863,10,317304
28381,0.001381,172.217.194.0-255,2902,90765,10,317304
28382,0.001384,172.31.36.0-255,66,90831,10,317304
28383,0.001415,172.217.194.0-255,5738,96569,10,317304
28384,0.001418,172.31.36.0-255,66,96635,10,317304
28385,0.001424,172.217.194.0-255,4320,100955,10,317304
28386,0.001426,172.31.36.0-255,66,101021,10,317304
28387,0.001475,172.217.194.0-255,5738,106759,10,317304
28388,0.001479,172.31.36.0-255,66,106825,10,317304
28389,0.001494,172.31.36.0-255,66,106891,10,317304
28390,0.001497,172.217.194.0-255,766,107657,10,317304
28391,0.001566,172.217.194.0-255,1484,109141,10,317304
28392,0.00157,172.31.36.0-255,66,109207,10,317304
28393,0.001577,172.217.194.0-255,2902,112109,10,317304
28394,0.001579,172.31.36.0-255,66,112175,10,317304
28395,0.001615,172.217.194.0-255,5738,117913,10,317304
28396,0.001618,172.31.36.0-255,66,117979,10,317304
28397,0.001623,172.217.194.0-255,2902,120881,10,317304
28398,0.001625,172.31.36.0-255,66,120947,10,317304
28399,0.001669,172.217.194.0-255,7156,128103,10,317304
28400,0.001673,172.31.36.0-255,66,128169,10,317304
28401,0.001687,172.31.36.0-255,66,128235,10,317304
28402,0.001689,172.217.194.0-255,766,129001,10,317304
28403,0.001885,172.217.194.0-255,1484,130485,10,317304
28404,0.001889,172.31.36.0-255,66,130551,10,317304
28405,0.001894,172.217.194.0-255,2902,133453,10,317304
28406,0.001897,172.31.36.0-255,66,133519,10,317304
28407,0.001901,172.217.194.0-255,1484,135003,10,317304
28408,0.001928,172.217.194.0-255,4320,139323,10,317304
28409,0.001931,172.31.36.0-255,66,139389,10,317304
28410,0.001939,172.217.194.0-255,7156,146545,10,317304
28411,0.001941,172.31.36.0-255,66,146611,10,317304
28412,0.001964,172.217.194.0-255,5738,152349,10,317304
28413,0.001967,172.31.36.0-255,66,152415,10,317304
28414,0.001985,172.31.36.0-255,66,152481,10,317304
28415,0.002038,172.217.194.0-255,1484,153965,10,317304
28416,0.002044,172.217.194.0-255,2902,156867,10,317304
28417,0.002046,172.31.36.0-255,66,156933,10,317304
28418,0.002074,172.217.194.0-255,5738,162671,10,317304
28419,0.00208,172.31.36.0-255,66,162737,10,317304
28420,0.002088,172.217.194.0-255,1484,164221,10,317304
28421,0.002131,172.31.36.0-255,66,164287,10,317304
28422,0.002144,172.31.36.0-255,66,164353,10,317304
28423,0.002337,172.217.194.0-255,1484,165837,10,317304
28424,0.002356,172.217.194.0-255,2902,168739,10,317304
28425,0.00236,172.31.36.0-255,66,168805,10,317304
28426,0.002386,172.217.194.0-255,2902,171707,10,317304
28427,0.00239,172.31.36.0-255,66,171773,10,317304
28428,0.004685,172.217.194.0-255,2902,174675,10,317304
28429,0.004699,172.31.36.0-255,66,174741,10,317304
28430,0.004728,172.217.194.0-255,2902,177643,10,317304
28431,0.004731,172.31.36.0-255,66,177709,10,317304
28432,0.007033,172.217.194.0-255,2902,180611,10,317304
28433,0.007037,172.31.36.0-255,66,180677,10,317304
28434,0.007063,172.217.194.0-255,2902,183579,10,317304
28435,0.007066,172.31.36.0-255,66,183645,10,317304
28436,0.009376,172.217.194.0-255,2902,186547,10,317304
28437,0.009383,172.31.36.0-255,66,186613,10,317304
28438,0.009447,172.217.194.0-255,2902,189515,10,317304
28439,0.009451,172.31.36.0-255,66,189581,10,317304
28440,0.011756,172.217.194.0-255,2902,192483,10,317304
28441,0.011771,172.31.36.0-255,66,192549,10,317304
28442,0.011803,172.217.194.0-255,2902,195451,10,317304
28443,0.011807,172.31.36.0-255,66,195517,10,317304
28444,0.014152,172.217.194.0-255,5738,201255,10,317304
28445,0.014167,172.31.36.0-255,66,201321,10,317304
28446,0.016539,172.217.194.0-255,5738,207059,10,317304
28447,0.016555,172.31.36.0-255,66,207125,10,317304
28448,0.018956,172.217.194.0-255,5738,212863,10,317304
28449,0.018973,172.31.36.0-255,66,212929,10,317304
28450,0.021324,172.217.194.0-255,5738,218667,10,317304
28451,0.021341,172.31.36.0-255,66,218733,10,317304
28452,0.023706,172.217.194.0-255,5738,224471,10,317304
28453,0.02372,172.31.36.0-255,66,224537,10,317304
28454,0.026083,172.217.194.0-255,5738,230275,10,317304
28455,0.026101,172.31.36.0-255,66,230341,10,317304
28456,0.028503,172.217.194.0-255,5738,236079,10,317304
28457,0.028519,172.31.36.0-255,66,236145,10,317304
28458,0.030858,172.217.194.0-255,5738,241883,10,317304
28459,0.030867,172.31.36.0-255,66,241949,10,317304
28460,0.033218,172.217.194.0-255,5738,247687,10,317304
28461,0.033231,172.31.36.0-255,66,247753,10,317304
28462,0.035439,172.31.36.0-255,167,247920,10,317304
28463,0.035468,172.31.36.0-255,1113,249033,10,317304
28464,0.035532,172.31.36.0-255,1514,250547,10,317304
28465,0.035554,172.31.36.0-255,1290,251837,10,317304
28466,0.035578,172.217.194.0-255,5738,257575,10,317304
28467,0.035585,172.31.36.0-255,66,257641,10,317304
28468,0.03698,104.244.42.0-255,66,257707,10,317304
28469,0.037174,104.244.42.0-255,66,257773,10,317304
28470,0.037181,104.244.42.0-255,66,257839,10,317304
28471,0.037693,104.244.42.0-255,108,257947,10,317304
28472,0.037706,172.31.36.0-255,66,258013,10,317304
28473,0.037923,172.217.194.0-255,5738,263751,10,317304
28474,0.037929,172.31.36.0-255,66,263817,10,317304
28475,0.040254,172.217.194.0-255,5738,269555,10,317304
28476,0.040261,172.31.36.0-255,66,269621,10,317304
28477,0.042615,172.217.194.0-255,5738,275359,10,317304
28478,0.042626,172.31.36.0-255,66,275425,10,317304
28479,0.044957,172.217.194.0-255,5738,281163,10,317304
28480,0.044966,172.31.36.0-255,66,281229,10,317304
28481,0.047324,172.217.194.0-255,5738,286967,10,317304
28482,0.047333,172.31.36.0-255,66,287033,10,317304
28483,0.049686,172.217.194.0-255,5738,292771,10,317304
28484,0.049693,172.31.36.0-255,66,292837,10,317304
28485,0.052075,172.217.194.0-255,5738,298575,10,317304
28486,0.052091,172.31.36.0-255,66,298641,10,317304
28487,0.054437,172.217.194.0-255,5738,304379,10,317304
28488,0.054455,172.31.36.0-255,66,304445,10,317304
28489,0.056796,172.217.194.0-255,5738,310183,10,317304
28490,0.056811,172.31.36.0-255,66,310249,10,317304
28491,0.0592,172.217.194.0-255,5738,315987,10,317304
28492,0.059212,172.31.36.0-255,66,316053,10,317304
28493,0.061545,172.217.194.0-255,1014,317067,10,317304
28494,0.061724,172.31.36.0-255,66,317133,10,317304
28495,0.061767,172.31.36.0-255,105,317238,10,317304
28496,0.064098,172.217.194.0-255,66,317304,10,317304
28497,0.0,172.217.27.0-255,291,291,10,367412
28498,1.9e-05,172.31.36.0-255,66,357,10,367412
28499,2.5e-05,172.217.27.0-255,1484,1841,10,367412
28500,3e-05,172.31.36.0-255,66,1907,10,367412
28501,3.3e-05,172.217.27.0-255,1484,3391,10,367412
28502,3.5e-05,172.31.36.0-255,66,3457,10,367412
28503,4e-05,172.217.27.0-255,2902,6359,10,367412
28504,4.3e-05,172.31.36.0-255,66,6425,10,367412
28505,5e-05,172.217.27.0-255,5738,12163,10,367412
28506,5.3e-05,172.31.36.0-255,66,12229,10,367412
28507,9e-05,172.217.27.0-255,1868,14097,10,367412
28508,9.4e-05,172.31.36.0-255,66,14163,10,367412
28509,0.000391,172.217.27.0-255,1484,15647,10,367412
28510,0.000399,172.31.36.0-255,66,15713,10,367412
28511,0.000405,172.217.27.0-255,2902,18615,10,367412
28512,0.000407,172.31.36.0-255,66,18681,10,367412
28513,0.000413,172.217.27.0-255,5738,24419,10,367412
28514,0.000415,172.31.36.0-255,66,24485,10,367412
28515,0.000436,172.217.27.0-255,4320,28805,10,367412
28516,0.000439,172.31.36.0-255,66,28871,10,367412
28517,0.000468,172.217.27.0-255,2543,31414,10,367412
28518,0.000472,172.31.36.0-255,66,31480,10,367412
28519,0.000572,172.217.27.0-255,1484,32964,10,367412
28520,0.000578,172.31.36.0-255,66,33030,10,367412
28521,0.000584,172.217.27.0-255,2902,35932,10,367412
28522,0.000587,172.31.36.0-255,66,35998,10,367412
28523,0.00059,172.217.27.0-255,1484,37482,10,367412
28524,0.000592,172.31.36.0-255,66,37548,10,367412
28525,0.000606,172.217.27.0-255,1484,39032,10,367412
28526,0.00061,172.31.36.0-255,66,39098,10,367412
28527,0.000617,172.217.27.0-255,4320,43418,10,367412
28528,0.000619,172.31.36.0-255,66,43484,10,367412
28529,0.000668,172.31.36.0-255,66,43550,10,367412
28530,0.00068,172.31.36.0-255,66,43616,10,367412
28531,0.000684,172.217.27.0-255,2543,46159,10,367412
28532,0.000686,172.31.36.0-255,66,46225,10,367412
28533,0.00071,172.217.27.0-255,393,46618,10,367412
28534,0.001016,172.217.27.0-255,117,46735,10,367412
28535,0.001249,172.217.27.0-255,1484,48219,10,367412
28536,0.001255,172.31.36.0-255,66,48285,10,367412
28537,0.001262,172.217.27.0-255,2902,51187,10,367412
28538,0.001264,172.31.36.0-255,66,51253,10,367412
28539,0.00127,172.217.27.0-255,5738,56991,10,367412
28540,0.001272,172.31.36.0-255,66,57057,10,367412
28541,0.001317,172.31.36.0-255,66,57123,10,367412
28542,0.001329,172.31.36.0-255,66,57189,10,367412
28543,0.001332,172.217.27.0-255,1125,58314,10,367412
28544,0.001638,172.31.36.0-255,66,58380,10,367412
28545,0.002978,172.217.27.0-255,4320,62700,10,367412
28546,0.002982,172.31.36.0-255,66,62766,10,367412
28547,0.003276,172.217.27.0-255,1484,64250,10,367412
28548,0.004633,172.217.27.0-255,4320,68570,10,367412
28549,0.004639,172.31.36.0-255,66,68636,10,367412
28550,0.006284,172.217.27.0-255,4320,72956,10,367412
28551,0.006288,172.31.36.0-255,66,73022,10,367412
28552,0.006307,172.217.27.0-255,1484,74506,10,367412
28553,0.007951,172.217.27.0-255,4320,78826,10,367412
28554,0.007958,172.31.36.0-255,66,78892,10,367412
28555,0.009619,172.217.27.0-255,5738,84630,10,367412
28556,0.009626,172.31.36.0-255,66,84696,10,367412
28557,0.011285,172.217.27.0-255,5738,90434,10,367412
28558,0.011291,172.31.36.0-255,66,90500,10,367412
28559,0.012952,172.217.27.0-255,5738,96238,10,367412
28560,0.012961,172.31.36.0-255,66,96304,10,367412
28561,0.01462,172.217.27.0-255,5738,102042,10,367412
28562,0.014628,172.31.36.0-255,66,102108,10,367412
28563,0.016301,172.217.27.0-255,5738,107846,10,367412
28564,0.016308,172.31.36.0-255,66,107912,10,367412
28565,0.017973,172.217.27.0-255,5738,113650,10,367412
28566,0.01798,172.31.36.0-255,66,113716,10,367412
28567,0.019637,172.217.27.0-255,5738,119454,10,367412
28568,0.019643,172.31.36.0-255,66,119520,10,367412
28569,0.021295,172.217.27.0-255,5738,125258,10,367412
28570,0.021302,172.31.36.0-255,66,125324,10,367412
28571,0.022956,172.217.27.0-255,5738,131062,10,367412
28572,0.022962,172.31.36.0-255,66,131128,10,367412
28573,0.024624,172.217.27.0-255,5738,136866,10,367412
28574,0.024631,172.31.36.0-255,66,136932,10,367412
28575,0.026304,172.217.27.0-255,5738,142670,10,367412
28576,0.02631,172.31.36.0-255,66,142736,10,367412
28577,0.027133,172.31.36.0-255,171,142907,10,367412
28578,0.027162,172.31.36.0-255,1112,144019,10,367412
28579,0.027203,172.31.36.0-255,1514,145533,10,367412
28580,0.027204,172.31.36.0-255,1293,146826,10,367412
28581,0.027965,172.217.27.0-255,5738,152564,10,367412
28582,0.027972,172.31.36.0-255,66,152630,10,367412
28583,0.028648,104.244.42.0-255,66,152696,10,367412
28584,0.028748,104.244.42.0-255,66,152762,10,367412
28585,0.02879,104.244.42.0-255,66,152828,10,367412
28586,0.029629,172.217.27.0-255,5738,158566,10,367412
28587,0.029633,172.31.36.0-255,66,158632,10,367412
28588,0.031289,172.217.27.0-255,5738,164370,10,367412
28589,0.031294,172.31.36.0-255,66,164436,10,367412
28590,0.032949,172.217.27.0-255,5738,170174,10,367412
28591,0.032954,172.31.36.0-255,66,170240,10,367412
28592,0.034608,172.217.27.0-255,5738,175978,10,367412
28593,0.034614,172.31.36.0-255,66,176044,10,367412
28594,0.03628,172.217.27.0-255,5738,181782,10,367412
28595,0.036285,172.31.36.0-255,66,181848,10,367412
28596,0.03794,172.217.27.0-255,5738,187586,10,367412
28597,0.037946,172.31.36.0-255,66,187652,10,367412
28598,0.039594,172.217.27.0-255,5738,193390,10,367412
28599,0.0396,172.31.36.0-255,66,193456,10,367412
28600,0.041249,172.217.27.0-255,5738,199194,10,367412
28601,0.041255,172.31.36.0-255,66,199260,10,367412
28602,0.042914,172.217.27.0-255,2902,202162,10,367412
28603,0.04292,172.31.36.0-255,66,202228,10,367412
28604,0.04295,172.217.27.0-255,2902,205130,10,367412
28605,0.042954,172.31.36.0-255,66,205196,10,367412
28606,0.04457,172.217.27.0-255,2902,208098,10,367412
28607,0.04459,172.31.36.0-255,66,208164,10,367412
28608,0.044612,172.217.27.0-255,2902,211066,10,367412
28609,0.044617,172.31.36.0-255,66,211132,10,367412
28610,0.046236,172.217.27.0-255,2902,214034,10,367412
28611,0.046242,172.31.36.0-255,66,214100,10,367412
28612,0.046274,172.217.27.0-255,2902,217002,10,367412
28613,0.046277,172.31.36.0-255,66,217068,10,367412
28614,0.0479,172.217.27.0-255,2902,219970,10,367412
28615,0.047905,172.31.36.0-255,66,220036,10,367412
28616,0.047935,172.217.27.0-255,2902,222938,10,367412
28617,0.047938,172.31.36.0-255,66,223004,10,367412
28618,0.049575,172.217.27.0-255,2902,225906,10,367412
28619,0.04958,172.31.36.0-255,66,225972,10,367412
28620,0.049614,172.217.27.0-255,2902,228874,10,367412
28621,0.049617,172.31.36.0-255,66,228940,10,367412
28622,0.051239,172.217.27.0-255,2902,231842,10,367412
28623,0.051245,172.31.36.0-255,66,231908,10,367412
28624,0.051278,172.217.27.0-255,2902,234810,10,367412
28625,0.051281,172.31.36.0-255,66,234876,10,367412
28626,0.052888,172.217.27.0-255,2902,237778,10,367412
28627,0.052894,172.31.36.0-255,66,237844,10,367412
28628,0.052927,172.217.27.0-255,2902,240746,10,367412
28629,0.05293,172.31.36.0-255,66,240812,10,367412
28630,0.054546,172.217.27.0-255,2902,243714,10,367412
28631,0.054551,172.31.36.0-255,66,243780,10,367412
28632,0.05458,172.217.27.0-255,2902,246682,10,367412
28633,0.054582,172.31.36.0-255,66,246748,10,367412
28634,0.056203,172.217.27.0-255,2902,249650,10,367412
28635,0.05621,172.31.36.0-255,66,249716,10,367412
28636,0.056229,172.217.27.0-255,2902,252618,10,367412
28637,0.056232,172.31.36.0-255,66,252684,10,367412
28638,0.057877,172.217.27.0-255,5738,258422,10,367412
28639,0.057883,172.31.36.0-255,66,258488,10,367412
28640,0.059537,172.217.27.0-255,5738,264226,10,367412
28641,0.059543,172.31.36.0-255,66,264292,10,367412
28642,0.061202,172.217.27.0-255,5738,270030,10,367412
28643,0.061207,172.31.36.0-255,66,270096,10,367412
28644,0.062863,172.217.27.0-255,5738,275834,10,367412
28645,0.062868,172.31.36.0-255,66,275900,10,367412
28646,0.064519,172.217.27.0-255,5738,281638,10,367412
28647,0.064525,172.31.36.0-255,66,281704,10,367412
28648,0.066198,172.217.27.0-255,5738,287442,10,367412
28649,0.066203,172.31.36.0-255,66,287508,10,367412
28650,0.067857,172.217.27.0-255,5738,293246,10,367412
28651,0.067862,172.31.36.0-255,66,293312,10,367412
28652,0.069513,172.217.27.0-255,5738,299050,10,367412
28653,0.069518,172.31.36.0-255,66,299116,10,367412
28654,0.071176,172.217.27.0-255,4320,303436,10,367412
28655,0.071182,172.31.36.0-255,66,303502,10,367412
28656,0.07121,172.217.27.0-255,1484,304986,10,367412
28657,0.07284,172.217.27.0-255,4320,309306,10,367412
28658,0.072845,172.31.36.0-255,66,309372,10,367412
28659,0.074499,172.217.27.0-255,5738,315110,10,367412
28660,0.074504,172.31.36.0-255,66,315176,10,367412
28661,0.07616,172.217.27.0-255,5738,320914,10,367412
28662,0.076165,172.31.36.0-255,66,320980,10,367412
28663,0.077816,172.217.27.0-255,5738,326718,10,367412
28664,0.077821,172.31.36.0-255,66,326784,10,367412
28665,0.079473,172.217.27.0-255,5738,332522,10,367412
28666,0.079478,172.31.36.0-255,66,332588,10,367412
28667,0.081137,172.217.27.0-255,5738,338326,10,367412
28668,0.081141,172.31.36.0-255,66,338392,10,367412
28669,0.08282,172.217.27.0-255,5738,344130,10,367412
28670,0.082825,172.31.36.0-255,66,344196,10,367412
28671,0.084484,172.217.27.0-255,5738,349934,10,367412
28672,0.08449,172.31.36.0-255,66,350000,10,367412
28673,0.086158,172.217.27.0-255,5738,355738,10,367412
28674,0.086163,172.31.36.0-255,66,355804,10,367412
28675,0.087817,172.217.27.0-255,5738,361542,10,367412
28676,0.087823,172.31.36.0-255,66,361608,10,367412
28677,0.089473,172.217.27.0-255,5738,367346,10,367412
28678,0.089478,172.31.36.0-255,66,367412,10,367412
28679,0.0,172.253.118.0-255,163,163,10,325600
28680,3.1e-05,172.31.36.0-255,66,229,10,325600
28681,3.8e-05,172.253.118.0-255,1484,1713,10,325600
28682,4.1e-05,172.31.36.0-255,66,1779,10,325600
28683,4.7e-05,172.253.118.0-255,2902,4681,10,325600
28684,5e-05,172.31.36.0-255,66,4747,10,325600
28685,5.8e-05,172.253.118.0-255,7156,11903,10,325600
28686,6e-05,172.31.36.0-255,66,11969,10,325600
28687,6.3e-05,172.253.118.0-255,1484,13453,10,325600
28688,6.6e-05,172.31.36.0-255,66,13519,10,325600
28689,9.3e-05,172.253.118.0-255,2053,15572,10,325600
28690,9.7e-05,172.31.36.0-255,66,15638,10,325600
28691,0.000104,172.253.118.0-255,4320,19958,10,325600
28692,0.000106,172.31.36.0-255,66,20024,10,325600
28693,0.000118,172.253.118.0-255,1484,21508,10,325600
28694,0.00012,172.31.36.0-255,66,21574,10,325600
28695,0.000123,172.253.118.0-255,1484,23058,10,325600
28696,0.000126,172.31.36.0-255,66,23124,10,325600
28697,0.000146,172.253.118.0-255,5738,28862,10,325600
28698,0.000149,172.31.36.0-255,66,28928,10,325600
28699,0.000153,172.253.118.0-255,2543,31471,10,325600
28700,0.000156,172.31.36.0-255,66,31537,10,325600
28701,0.000225,172.253.118.0-255,1484,33021,10,325600
28702,0.000229,172.31.36.0-255,66,33087,10,325600
28703,0.000232,172.253.118.0-255,1484,34571,10,325600
28704,0.000234,172.31.36.0-255,66,34637,10,325600
28705,0.000245,172.253.118.0-255,1484,36121,10,325600
28706,0.000247,172.31.36.0-255,66,36187,10,325600
28707,0.000253,172.253.118.0-255,2902,39089,10,325600
28708,0.000256,172.31.36.0-255,66,39155,10,325600
28709,0.000273,172.253.118.0-255,1484,40639,10,325600
28710,0.000277,172.31.36.0-255,66,40705,10,325600
28711,0.000304,172.253.118.0-255,5738,46443,10,325600
28712,0.000308,172.31.36.0-255,66,46509,10,325600
28713,0.000322,172.253.118.0-255,2543,49052,10,325600
28714,0.000325,172.31.36.0-255,66,49118,10,325600
28715,0.000777,172.253.118.0-255,1484,50602,10,325600
28716,0.000805,172.253.118.0-255,2902,53504,10,325600
28717,0.00081,172.31.36.0-255,66,53570,10,325600
28718,0.000829,172.253.118.0-255,2902,56472,10,325600
28719,0.000832,172.31.36.0-255,66,56538,10,325600
28720,0.000851,172.253.118.0-255,1484,58022,10,325600
28721,0.000869,172.253.118.0-255,2902,60924,10,325600
28722,0.000873,172.31.36.0-255,66,60990,10,325600
28723,0.000879,172.253.118.0-255,4320,65310,10,325600
28724,0.000881,172.31.36.0-255,66,65376,10,325600
28725,0.000908,172.253.118.0-255,1704,67080,10,325600
28726,0.000911,172.31.36.0-255,66,67146,10,325600
28727,0.001352,172.253.118.0-255,1484,68630,10,325600
28728,0.00136,172.253.118.0-255,2902,71532,10,325600
28729,0.001364,172.31.36.0-255,66,71598,10,325600
28730,0.001369,172.253.118.0-255,2902,74500,10,325600
28731,0.001371,172.31.36.0-255,66,74566,10,325600
28732,0.001384,172.253.118.0-255,2902,77468,10,325600
28733,0.001385,172.31.36.0-255,66,77534,10,325600
28734,0.001399,172.253.118.0-255,1484,79018,10,325600
28735,0.00142,172.31.36.0-255,66,79084,10,325600
28736,0.001438,172.253.118.0-255,3961,83045,10,325600
28737,0.00144,172.31.36.0-255,66,83111,10,325600
28738,0.001445,172.253.118.0-255,4320,87431,10,325600
28739,0.001446,172.31.36.0-255,66,87497,10,325600
28740,0.001461,172.253.118.0-255,2902,90399,10,325600
28741,0.001464,172.31.36.0-255,66,90465,10,325600
28742,0.001468,172.253.118.0-255,2543,93008,10,325600
28743,0.00147,172.31.36.0-255,66,93074,10,325600
28744,0.002063,172.253.118.0-255,1484,94558,10,325600
28745,0.002066,172.253.118.0-255,1484,96042,10,325600
28746,0.002068,172.31.36.0-255,66,96108,10,325600
28747,0.002083,172.253.118.0-255,1484,97592,10,325600
28748,0.002095,172.253.118.0-255,2902,100494,10,325600
28749,0.002098,172.31.36.0-255,66,100560,10,325600
28750,0.002122,172.253.118.0-255,2902,103462,10,325600
28751,0.002124,172.31.36.0-255,66,103528,10,325600
28752,0.002164,172.31.36.0-255,66,103594,10,325600
28753,0.002179,172.253.118.0-255,1484,105078,10,325600
28754,0.002188,172.31.36.0-255,66,105144,10,325600
28755,0.002192,172.253.118.0-255,2184,107328,10,325600
28756,0.002194,172.31.36.0-255,66,107394,10,325600
28757,0.004468,172.253.118.0-255,2902,110296,10,325600
28758,0.004471,172.31.36.0-255,66,110362,10,325600
28759,0.004491,172.253.118.0-255,2902,113264,10,325600
28760,0.004493,172.31.36.0-255,66,113330,10,325600
28761,0.006779,172.253.118.0-255,5738,119068,10,325600
28762,0.006785,172.31.36.0-255,66,119134,10,325600
28763,0.0091,172.253.118.0-255,5738,124872,10,325600
28764,0.00911,172.31.36.0-255,66,124938,10,325600
28765,0.011418,172.253.118.0-255,5738,130676,10,325600
28766,0.011428,172.31.36.0-255,66,130742,10,325600
28767,0.013724,172.253.118.0-255,5738,136480,10,325600
28768,0.013736,172.31.36.0-255,66,136546,10,325600
28769,0.016068,172.253.118.0-255,5738,142284,10,325600
28770,0.016081,172.31.36.0-255,66,142350,10,325600
28771,0.018384,172.253.118.0-255,5738,148088,10,325600
28772,0.018394,172.31.36.0-255,66,148154,10,325600
28773,0.020718,172.253.118.0-255,4320,152474,10,325600
28774,0.020726,172.31.36.0-255,66,152540,10,325600
28775,0.020747,172.253.118.0-255,1484,154024,10,325600
28776,0.021396,172.31.36.0-255,167,154191,10,325600
28777,0.021422,172.31.36.0-255,1113,155304,10,325600
28778,0.021475,172.31.36.0-255,1514,156818,10,325600
28779,0.021477,172.31.36.0-255,1290,158108,10,325600
28780,0.022951,104.244.42.0-255,66,158174,10,325600
28781,0.022958,104.244.42.0-255,66,158240,10,325600
28782,0.023018,172.253.118.0-255,4320,162560,10,325600
28783,0.023021,172.31.36.0-255,66,162626,10,325600
28784,0.023062,104.244.42.0-255,66,162692,10,325600
28785,0.025338,172.253.118.0-255,4320,167012,10,325600
28786,0.025344,172.31.36.0-255,66,167078,10,325600
28787,0.025373,172.253.118.0-255,1484,168562,10,325600
28788,0.027645,172.253.118.0-255,4320,172882,10,325600
28789,0.027651,172.31.36.0-255,66,172948,10,325600
28790,0.029949,172.253.118.0-255,5738,178686,10,325600
28791,0.029955,172.31.36.0-255,66,178752,10,325600
28792,0.032247,172.253.118.0-255,5738,184490,10,325600
28793,0.032252,172.31.36.0-255,66,184556,10,325600
28794,0.034556,172.253.118.0-255,5738,190294,10,325600
28795,0.034561,172.31.36.0-255,66,190360,10,325600
28796,0.036852,172.253.118.0-255,4320,194680,10,325600
28797,0.036856,172.31.36.0-255,66,194746,10,325600
28798,0.036882,172.253.118.0-255,1484,196230,10,325600
28799,0.039145,172.253.118.0-255,4320,200550,10,325600
28800,0.039151,172.31.36.0-255,66,200616,10,325600
28801,0.04145,172.253.118.0-255,5738,206354,10,325600
28802,0.041457,172.31.36.0-255,66,206420,10,325600
28803,0.043752,172.253.118.0-255,5738,212158,10,325600
28804,0.043758,172.31.36.0-255,66,212224,10,325600
28805,0.046058,172.253.118.0-255,4320,216544,10,325600
28806,0.046063,172.31.36.0-255,66,216610,10,325600
28807,0.046088,172.253.118.0-255,1484,218094,10,325600
28808,0.048383,172.253.118.0-255,4320,222414,10,325600
28809,0.048389,172.31.36.0-255,66,222480,10,325600
28810,0.05069,172.253.118.0-255,5738,228218,10,325600
28811,0.050696,172.31.36.0-255,66,228284,10,325600
28812,0.052994,172.253.118.0-255,5738,234022,10,325600
28813,0.053,172.31.36.0-255,66,234088,10,325600
28814,0.05532,172.253.118.0-255,5738,239826,10,325600
28815,0.055325,172.31.36.0-255,66,239892,10,325600
28816,0.057617,172.253.118.0-255,5738,245630,10,325600
28817,0.057622,172.31.36.0-255,66,245696,10,325600
28818,0.059912,172.253.118.0-255,5738,251434,10,325600
28819,0.059917,172.31.36.0-255,66,251500,10,325600
28820,0.062213,172.253.118.0-255,5738,257238,10,325600
28821,0.06222,172.31.36.0-255,66,257304,10,325600
28822,0.064505,172.253.118.0-255,5738,263042,10,325600
28823,0.06451,172.31.36.0-255,66,263108,10,325600
28824,0.066811,172.253.118.0-255,5738,268846,10,325600
28825,0.066816,172.31.36.0-255,66,268912,10,325600
28826,0.069106,172.253.118.0-255,5738,274650,10,325600
28827,0.069111,172.31.36.0-255,66,274716,10,325600
28828,0.071401,172.253.118.0-255,4320,279036,10,325600
28829,0.071406,172.31.36.0-255,66,279102,10,325600
28830,0.071438,172.253.118.0-255,1484,280586,10,325600
28831,0.073737,172.253.118.0-255,4320,284906,10,325600
28832,0.073742,172.31.36.0-255,66,284972,10,325600
28833,0.076027,172.253.118.0-255,5738,290710,10,325600
28834,0.076032,172.31.36.0-255,66,290776,10,325600
28835,0.078325,172.253.118.0-255,5738,296514,10,325600
28836,0.078332,172.31.36.0-255,66,296580,10,325600
28837,0.080646,172.253.118.0-255,5738,302318,10,325600
28838,0.080652,172.31.36.0-255,66,302384,10,325600
28839,0.082941,172.253.118.0-255,5738,308122,10,325600
28840,0.082946,172.31.36.0-255,66,308188,10,325600
28841,0.085234,172.253.118.0-255,5738,313926,10,325600
28842,0.085239,172.31.36.0-255,66,313992,10,325600
28843,0.087535,172.253.118.0-255,5738,319730,10,325600
28844,0.08754,172.31.36.0-255,66,319796,10,325600
28845,0.089837,172.253.118.0-255,5738,325534,10,325600
28846,0.089842,172.31.36.0-255,66,325600,10,325600
28847,0.0,172.217.194.0-255,146,146,10,286381
28848,2.8e-05,172.31.36.0-255,66,212,10,286381
28849,3.4e-05,172.217.194.0-255,1484,1696,10,286381
28850,4e-05,172.31.36.0-255,66,1762,10,286381
28851,5.3e-05,172.217.194.0-255,2902,4664,10,286381
28852,5.5e-05,172.31.36.0-255,66,4730,10,286381
28853,6.1e-05,172.217.194.0-255,4320,9050,10,286381
28854,6.3e-05,172.31.36.0-255,66,9116,10,286381
28855,0.0001,172.217.194.0-255,2902,12018,10,286381
28856,0.000103,172.31.36.0-255,66,12084,10,286381
28857,0.000107,172.217.194.0-255,1994,14078,10,286381
28858,0.000109,172.31.36.0-255,66,14144,10,286381
28859,0.000245,172.217.194.0-255,1484,15628,10,286381
28860,0.000249,172.31.36.0-255,66,15694,10,286381
28861,0.000279,172.217.194.0-255,2902,18596,10,286381
28862,0.000283,172.31.36.0-255,66,18662,10,286381
28863,0.00029,172.217.194.0-255,5738,24400,10,286381
28864,0.000293,172.31.36.0-255,66,24466,10,286381
28865,0.000296,172.217.194.0-255,1484,25950,10,286381
28866,0.000298,172.31.36.0-255,66,26016,10,286381
28867,0.000348,172.31.36.0-255,66,26082,10,286381
28868,0.000377,172.217.194.0-255,5379,31461,10,286381
28869,0.000381,172.31.36.0-255,66,31527,10,286381
28870,0.000391,172.31.36.0-255,66,31593,10,286381
28871,0.000523,172.217.194.0-255,1484,33077,10,286381
28872,0.000527,172.31.36.0-255,66,33143,10,286381
28873,0.000532,172.217.194.0-255,2902,36045,10,286381
28874,0.000535,172.31.36.0-255,66,36111,10,286381
28875,0.000538,172.217.194.0-255,1484,37595,10,286381
28876,0.000549,172.31.36.0-255,66,37661,10,286381
28877,0.000583,172.217.194.0-255,4320,41981,10,286381
28878,0.000587,172.31.36.0-255,66,42047,10,286381
28879,0.000595,172.217.194.0-255,6797,48844,10,286381
28880,0.000603,172.31.36.0-255,66,48910,10,286381
28881,0.000664,172.217.194.0-255,4320,53230,10,286381
28882,0.000668,172.31.36.0-255,66,53296,10,286381
28883,0.000674,172.217.194.0-255,5738,59034,10,286381
28884,0.000676,172.31.36.0-255,66,59100,10,286381
28885,0.00068,172.217.194.0-255,1484,60584,10,286381
28886,0.000716,172.217.194.0-255,5959,66543,10,286381
28887,0.000719,172.31.36.0-255,66,66609,10,286381
28888,0.000842,172.217.194.0-255,1484,68093,10,286381
28889,0.000848,172.217.194.0-255,2902,70995,10,286381
28890,0.000851,172.31.36.0-255,66,71061,10,286381
28891,0.000856,172.217.194.0-255,2902,73963,10,286381
28892,0.000858,172.31.36.0-255,66,74029,10,286381
28893,0.000878,172.217.194.0-255,2902,76931,10,286381
28894,0.000881,172.217.194.0-255,1484,78415,10,286381
28895,0.000883,172.31.36.0-255,66,78481,10,286381
28896,0.000934,172.31.36.0-255,66,78547,10,286381
28897,0.000937,172.217.194.0-255,1484,80031,10,286381
28898,0.000947,172.31.36.0-255,66,80097,10,286381
28899,0.001461,172.217.194.0-255,1484,81581,10,286381
28900,0.001483,172.217.194.0-255,2902,84483,10,286381
28901,0.001487,172.31.36.0-255,66,84549,10,286381
28902,0.001495,172.217.194.0-255,5738,90287,10,286381
28903,0.001498,172.31.36.0-255,66,90353,10,286381
28904,0.001544,172.217.194.0-255,5738,96091,10,286381
28905,0.001548,172.31.36.0-255,66,96157,10,286381
28906,0.001579,172.217.194.0-255,5379,101536,10,286381
28907,0.001582,172.31.36.0-255,66,101602,10,286381
28908,0.001601,172.31.36.0-255,66,101668,10,286381
28909,0.001634,172.31.36.0-255,66,101734,10,286381
28910,0.00166,172.217.194.0-255,3602,105336,10,286381
28911,0.001663,172.31.36.0-255,66,105402,10,286381
28912,0.001802,172.217.194.0-255,1484,106886,10,286381
28913,0.001809,172.217.194.0-255,2902,109788,10,286381
28914,0.001813,172.31.36.0-255,66,109854,10,286381
28915,0.001843,172.217.194.0-255,5738,115592,10,286381
28916,0.001847,172.31.36.0-255,66,115658,10,286381
28917,0.001859,172.31.36.0-255,66,115724,10,286381
28918,0.001895,172.217.194.0-255,2902,118626,10,286381
28919,0.001898,172.31.36.0-255,66,118692,10,286381
28920,0.001914,172.31.36.0-255,66,118758,10,286381
28921,0.002078,172.217.194.0-255,1484,120242,10,286381
28922,0.00209,172.217.194.0-255,2902,123144,10,286381
28923,0.002092,172.31.36.0-255,66,123210,10,286381
28924,0.002115,172.217.194.0-255,5738,128948,10,286381
28925,0.002118,172.31.36.0-255,66,129014,10,286381
28926,0.002151,172.217.194.0-255,7156,136170,10,286381
28927,0.002153,172.31.36.0-255,66,136236,10,286381
28928,0.002172,172.217.194.0-255,2902,139138,10,286381
28929,0.002174,172.31.36.0-255,66,139204,10,286381
28930,0.002181,172.217.194.0-255,7156,146360,10,286381
28931,0.002183,172.31.36.0-255,66,146426,10,286381
28932,0.00222,172.217.194.0-255,2902,149328,10,286381
28933,0.002222,172.31.36.0-255,66,149394,10,286381
28934,0.002253,172.31.36.0-255,66,149460,10,286381
28935,0.002293,172.217.194.0-255,2902,152362,10,286381
28936,0.002295,172.31.36.0-255,66,152428,10,286381
28937,0.002339,172.31.36.0-255,66,152494,10,286381
28938,0.002344,172.217.194.0-255,3602,156096,10,286381
28939,0.002347,172.31.36.0-255,66,156162,10,286381
28940,0.002364,172.31.36.0-255,66,156228,10,286381
28941,0.002401,172.31.36.0-255,66,156294,10,286381
28942,0.004663,172.217.194.0-255,4320,160614,10,286381
28943,0.004666,172.31.36.0-255,66,160680,10,286381
28944,0.00469,172.217.194.0-255,1484,162164,10,286381
28945,0.006944,172.217.194.0-255,4320,166484,10,286381
28946,0.006952,172.31.36.0-255,66,166550,10,286381
28947,0.009244,172.217.194.0-255,5738,172288,10,286381
28948,0.00925,172.31.36.0-255,66,172354,10,286381
28949,0.011535,172.217.194.0-255,5738,178092,10,286381
28950,0.011543,172.31.36.0-255,66,178158,10,286381
28951,0.013821,172.217.194.0-255,5738,183896,10,286381
28952,0.013828,172.31.36.0-255,66,183962,10,286381
28953,0.016295,172.217.194.0-255,5738,189700,10,286381
28954,0.016305,172.31.36.0-255,66,189766,10,286381
28955,0.018607,172.217.194.0-255,5738,195504,10,286381
28956,0.018614,172.31.36.0-255,66,195570,10,286381
28957,0.020909,172.217.194.0-255,5738,201308,10,286381
28958,0.020917,172.31.36.0-255,66,201374,10,286381
28959,0.023207,172.217.194.0-255,5738,207112,10,286381
28960,0.023213,172.31.36.0-255,66,207178,10,286381
28961,0.025488,172.217.194.0-255,5738,212916,10,286381
28962,0.025495,172.31.36.0-255,66,212982,10,286381
28963,0.027797,172.217.194.0-255,5738,218720,10,286381
28964,0.027803,172.31.36.0-255,66,218786,10,286381
28965,0.028429,172.31.36.0-255,188,218974,10,286381
28966,0.028461,172.31.36.0-255,956,219930,10,286381
28967,0.028496,172.31.36.0-255,1514,221444,10,286381
28968,0.028498,172.31.36.0-255,1447,222891,10,286381
28969,0.029989,104.244.42.0-255,66,222957,10,286381
28970,0.029996,104.244.42.0-255,66,223023,10,286381
28971,0.030074,104.244.42.0-255,66,223089,10,286381
28972,0.030089,172.217.194.0-255,4320,227409,10,286381
28973,0.030092,172.31.36.0-255,66,227475,10,286381
28974,0.030121,172.217.194.0-255,1484,228959,10,286381
28975,0.032362,172.217.194.0-255,4320,233279,10,286381
28976,0.032367,172.31.36.0-255,66,233345,10,286381
28977,0.034681,172.217.194.0-255,5738,239083,10,286381
28978,0.034686,172.31.36.0-255,66,239149,10,286381
28979,0.036964,172.217.194.0-255,2902,242051,10,286381
28980,0.03697,172.31.36.0-255,66,242117,10,286381
28981,0.037001,172.217.194.0-255,2902,245019,10,286381
28982,0.037003,172.31.36.0-255,66,245085,10,286381
28983,0.039253,172.217.194.0-255,2902,247987,10,286381
28984,0.039258,172.31.36.0-255,66,248053,10,286381
28985,0.039289,172.217.194.0-255,2902,250955,10,286381
28986,0.039292,172.31.36.0-255,66,251021,10,286381
28987,0.041544,172.217.194.0-255,2902,253923,10,286381
28988,0.041549,172.31.36.0-255,66,253989,10,286381
28989,0.041584,172.217.194.0-255,2902,256891,10,286381
28990,0.041587,172.31.36.0-255,66,256957,10,286381
28991,0.043837,172.217.194.0-255,2902,259859,10,286381
28992,0.043843,172.31.36.0-255,66,259925,10,286381
28993,0.043878,172.217.194.0-255,2902,262827,10,286381
28994,0.043881,172.31.36.0-255,66,262893,10,286381
28995,0.046128,172.217.194.0-255,2902,265795,10,286381
28996,0.046133,172.31.36.0-255,66,265861,10,286381
28997,0.046165,172.217.194.0-255,2902,268763,10,286381
28998,0.046168,172.31.36.0-255,66,268829,10,286381
28999,0.048418,172.217.194.0-255,2902,271731,10,286381
29000,0.048423,172.31.36.0-255,66,271797,10,286381
29001,0.048456,172.217.194.0-255,2902,274699,10,286381
29002,0.048459,172.31.36.0-255,66,274765,10,286381
29003,0.050719,172.217.194.0-255,2902,277667,10,286381
29004,0.050724,172.31.36.0-255,66,277733,10,286381
29005,0.05076,172.217.194.0-255,2902,280635,10,286381
29006,0.050764,172.31.36.0-255,66,280701,10,286381
29007,0.053051,172.217.194.0-255,2902,283603,10,286381
29008,0.053056,172.31.36.0-255,66,283669,10,286381
29009,0.053093,172.217.194.0-255,2475,286144,10,286381
29010,0.053096,172.31.36.0-255,66,286210,10,286381
29011,0.05325,172.31.36.0-255,105,286315,10,286381
29012,0.055524,172.217.194.0-255,66,286381,10,286381
29013,0.0,74.125.24.0-255,152,152,10,366197
29014,2.2e-05,172.31.36.0-255,66,218,10,366197
29015,3e-05,74.125.24.0-255,1484,1702,10,366197
29016,3.5e-05,172.31.36.0-255,66,1768,10,366197
29017,4e-05,74.125.24.0-255,2902,4670,10,366197
29018,4.4e-05,172.31.36.0-255,66,4736,10,366197
29019,5.2e-05,74.125.24.0-255,5738,10474,10,366197
29020,5.6e-05,172.31.36.0-255,66,10540,10,366197
29021,5.9e-05,74.125.24.0-255,1484,12024,10,366197
29022,6.2e-05,172.31.36.0-255,66,12090,10,366197
29023,8.1e-05,74.125.24.0-255,2065,14155,10,366197
29024,8.3e-05,172.31.36.0-255,66,14221,10,366197
29025,9.7e-05,74.125.24.0-255,1484,15705,10,366197
29026,9.9e-05,172.31.36.0-255,66,15771,10,366197
29027,0.000115,74.125.24.0-255,2902,18673,10,366197
29028,0.000117,172.31.36.0-255,66,18739,10,366197
29029,0.000123,74.125.24.0-255,4320,23059,10,366197
29030,0.000125,172.31.36.0-255,66,23125,10,366197
29031,0.000185,74.125.24.0-255,7156,30281,10,366197
29032,0.000188,172.31.36.0-255,66,30347,10,366197
29033,0.00021,74.125.24.0-255,3961,34308,10,366197
29034,0.000213,172.31.36.0-255,66,34374,10,366197
29035,0.000227,172.31.36.0-255,66,34440,10,366197
29036,0.000231,74.125.24.0-255,2543,36983,10,366197
29037,0.000233,172.31.36.0-255,66,37049,10,366197
29038,0.001121,74.125.24.0-255,1484,38533,10,366197
29039,0.001128,172.31.36.0-255,66,38599,10,366197
29040,0.001136,74.125.24.0-255,2902,41501,10,366197
29041,0.001139,172.31.36.0-255,66,41567,10,366197
29042,0.001145,74.125.24.0-255,4320,45887,10,366197
29043,0.001147,172.31.36.0-255,66,45953,10,366197
29044,0.001199,172.31.36.0-255,66,46019,10,366197
29045,0.001286,74.125.24.0-255,1484,47503,10,366197
29046,0.001293,74.125.24.0-255,2902,50405,10,366197
29047,0.001297,172.31.36.0-255,66,50471,10,366197
29048,0.001302,74.125.24.0-255,2902,53373,10,366197
29049,0.001304,172.31.36.0-255,66,53439,10,366197
29050,0.001321,74.125.24.0-255,2902,56341,10,366197
29051,0.001323,172.31.36.0-255,66,56407,10,366197
29052,0.001339,74.125.24.0-255,5738,62145,10,366197
29053,0.001341,172.31.36.0-255,66,62211,10,366197
29054,0.001361,172.31.36.0-255,66,62277,10,366197
29055,0.001399,74.125.24.0-255,5738,68015,10,366197
29056,0.001402,172.31.36.0-255,66,68081,10,366197
29057,0.001422,74.125.24.0-255,4540,72621,10,366197
29058,0.001425,172.31.36.0-255,66,72687,10,366197
29059,0.001458,74.125.24.0-255,1484,74171,10,366197
29060,0.001482,74.125.24.0-255,2902,77073,10,366197
29061,0.001486,172.31.36.0-255,66,77139,10,366197
29062,0.00149,74.125.24.0-255,1484,78623,10,366197
29063,0.001505,74.125.24.0-255,2902,81525,10,366197
29064,0.001508,172.31.36.0-255,66,81591,10,366197
29065,0.001528,74.125.24.0-255,2902,84493,10,366197
29066,0.00153,172.31.36.0-255,66,84559,10,366197
29067,0.001542,172.31.36.0-255,66,84625,10,366197
29068,0.001568,74.125.24.0-255,4320,88945,10,366197
29069,0.001572,172.31.36.0-255,66,89011,10,366197
29070,0.001585,172.31.36.0-255,66,89077,10,366197
29071,0.001636,74.125.24.0-255,1484,90561,10,366197
29072,0.001642,74.125.24.0-255,2902,93463,10,366197
29073,0.001645,172.31.36.0-255,66,93529,10,366197
29074,0.001667,74.125.24.0-255,5738,99267,10,366197
29075,0.00167,172.31.36.0-255,66,99333,10,366197
29076,0.001713,172.31.36.0-255,66,99399,10,366197
29077,0.00172,74.125.24.0-255,5738,105137,10,366197
29078,0.001722,172.31.36.0-255,66,105203,10,366197
29079,0.001754,74.125.24.0-255,5020,110223,10,366197
29080,0.001758,172.31.36.0-255,66,110289,10,366197
29081,0.003699,74.125.24.0-255,5738,116027,10,366197
29082,0.003709,172.31.36.0-255,66,116093,10,366197
29083,0.005658,74.125.24.0-255,5738,121831,10,366197
29084,0.005666,172.31.36.0-255,66,121897,10,366197
29085,0.007578,74.125.24.0-255,5738,127635,10,366197
29086,0.007583,172.31.36.0-255,66,127701,10,366197
29087,0.007688,172.31.36.0-255,101,127802,10,366197
29088,0.009494,74.125.24.0-255,5738,133540,10,366197
29089,0.009501,172.31.36.0-255,66,133606,10,366197
29090,0.009615,74.125.24.0-255,66,133672,10,366197
29091,0.011416,74.125.24.0-255,5738,139410,10,366197
29092,0.011423,172.31.36.0-255,66,139476,10,366197
29093,0.013362,74.125.24.0-255,5738,145214,10,366197
29094,0.01337,172.31.36.0-255,66,145280,10,366197
29095,0.0153,74.125.24.0-255,5738,151018,10,366197
29096,0.015313,172.31.36.0-255,66,151084,10,366197
29097,0.017289,74.125.24.0-255,5738,156822,10,366197
29098,0.017298,172.31.36.0-255,66,156888,10,366197
29099,0.019232,74.125.24.0-255,5738,162626,10,366197
29100,0.01924,172.31.36.0-255,66,162692,10,366197
29101,0.021148,74.125.24.0-255,5738,168430,10,366197
29102,0.021157,172.31.36.0-255,66,168496,10,366197
29103,0.023073,74.125.24.0-255,5738,174234,10,366197
29104,0.02308,172.31.36.0-255,66,174300,10,366197
29105,0.025038,74.125.24.0-255,5738,180038,10,366197
29106,0.025047,172.31.36.0-255,66,180104,10,366197
29107,0.026986,74.125.24.0-255,5738,185842,10,366197
29108,0.026994,172.31.36.0-255,66,185908,10,366197
29109,0.028956,74.125.24.0-255,5738,191646,10,366197
29110,0.028965,172.31.36.0-255,66,191712,10,366197
29111,0.030888,74.125.24.0-255,5738,197450,10,366197
29112,0.030896,172.31.36.0-255,66,197516,10,366197
29113,0.032834,74.125.24.0-255,5738,203254,10,366197
29114,0.032843,172.31.36.0-255,66,203320,10,366197
29115,0.03305,172.31.36.0-255,167,203487,10,366197
29116,0.033103,172.31.36.0-255,1112,204599,10,366197
29117,0.033306,172.31.36.0-255,1514,206113,10,366197
29118,0.033309,172.31.36.0-255,1291,207404,10,366197
29119,0.034615,104.244.42.0-255,66,207470,10,366197
29120,0.034644,104.244.42.0-255,66,207536,10,366197
29121,0.034815,74.125.24.0-255,5738,213274,10,366197
29122,0.034822,172.31.36.0-255,66,213340,10,366197
29123,0.034862,104.244.42.0-255,66,213406,10,366197
29124,0.036778,74.125.24.0-255,5738,219144,10,366197
29125,0.036784,172.31.36.0-255,66,219210,10,366197
29126,0.038723,74.125.24.0-255,5738,224948,10,366197
29127,0.03873,172.31.36.0-255,66,225014,10,366197
29128,0.040652,74.125.24.0-255,5738,230752,10,366197
29129,0.040659,172.31.36.0-255,66,230818,10,366197
29130,0.042588,74.125.24.0-255,5738,236556,10,366197
29131,0.042598,172.31.36.0-255,66,236622,10,366197
29132,0.044516,74.125.24.0-255,5738,242360,10,366197
29133,0.044523,172.31.36.0-255,66,242426,10,366197
29134,0.046453,74.125.24.0-255,5738,248164,10,366197
29135,0.04646,172.31.36.0-255,66,248230,10,366197
29136,0.048402,74.125.24.0-255,5738,253968,10,366197
29137,0.048408,172.31.36.0-255,66,254034,10,366197
29138,0.050351,74.125.24.0-255,5738,259772,10,366197
29139,0.050359,172.31.36.0-255,66,259838,10,366197
29140,0.052312,74.125.24.0-255,5738,265576,10,366197
29141,0.052319,172.31.36.0-255,66,265642,10,366197
29142,0.054285,74.125.24.0-255,5738,271380,10,366197
29143,0.054291,172.31.36.0-255,66,271446,10,366197
29144,0.056232,74.125.24.0-255,5738,277184,10,366197
29145,0.05624,172.31.36.0-255,66,277250,10,366197
29146,0.058157,74.125.24.0-255,5738,282988,10,366197
29147,0.058163,172.31.36.0-255,66,283054,10,366197
29148,0.060103,74.125.24.0-255,5738,288792,10,366197
29149,0.06011,172.31.36.0-255,66,288858,10,366197
29150,0.062073,74.125.24.0-255,5738,294596,10,366197
29151,0.062079,172.31.36.0-255,66,294662,10,366197
29152,0.064029,74.125.24.0-255,5738,300400,10,366197
29153,0.064036,172.31.36.0-255,66,300466,10,366197
29154,0.065962,74.125.24.0-255,5738,306204,10,366197
29155,0.065968,172.31.36.0-255,66,306270,10,366197
29156,0.067923,74.125.24.0-255,5738,312008,10,366197
29157,0.067929,172.31.36.0-255,66,312074,10,366197
29158,0.069845,74.125.24.0-255,5738,317812,10,366197
29159,0.069851,172.31.36.0-255,66,317878,10,366197
29160,0.071771,74.125.24.0-255,5738,323616,10,366197
29161,0.071779,172.31.36.0-255,66,323682,10,366197
29162,0.073719,74.125.24.0-255,5738,329420,10,366197
29163,0.073726,172.31.36.0-255,66,329486,10,366197
29164,0.075691,74.125.24.0-255,5738,335224,10,366197
29165,0.075698,172.31.36.0-255,66,335290,10,366197
29166,0.077624,74.125.24.0-255,5738,341028,10,366197
29167,0.077631,172.31.36.0-255,66,341094,10,366197
29168,0.079621,74.125.24.0-255,5738,346832,10,366197
29169,0.079628,172.31.36.0-255,66,346898,10,366197
29170,0.081576,74.125.24.0-255,5738,352636,10,366197
29171,0.081582,172.31.36.0-255,66,352702,10,366197
29172,0.083498,74.125.24.0-255,5738,358440,10,366197
29173,0.083503,172.31.36.0-255,66,358506,10,366197
29174,0.085446,74.125.24.0-255,5738,364244,10,366197
29175,0.085454,172.31.36.0-255,66,364310,10,366197
29176,0.087381,74.125.24.0-255,1716,366026,10,366197
29177,0.087388,172.31.36.0-255,66,366092,10,366197
29178,0.087546,172.31.36.0-255,105,366197,10,366197
29179,0.0,74.125.200.0-255,153,153,10,391859
29180,2.3e-05,172.31.36.0-255,66,219,10,391859
29181,3.1e-05,74.125.200.0-255,1484,1703,10,391859
29182,3.5e-05,172.31.36.0-255,66,1769,10,391859
29183,4.1e-05,74.125.200.0-255,2902,4671,10,391859
29184,4.4e-05,172.31.36.0-255,66,4737,10,391859
29185,6e-05,74.125.200.0-255,7156,11893,10,391859
29186,6.4e-05,172.31.36.0-255,66,11959,10,391859
29187,6.8e-05,74.125.200.0-255,2065,14024,10,391859
29188,7e-05,172.31.36.0-255,66,14090,10,391859
29189,0.000165,74.125.200.0-255,1484,15574,10,391859
29190,0.000168,172.31.36.0-255,66,15640,10,391859
29191,0.000174,74.125.200.0-255,2902,18542,10,391859
29192,0.000176,172.31.36.0-255,66,18608,10,391859
29193,0.000201,74.125.200.0-255,5738,24346,10,391859
29194,0.000208,172.31.36.0-255,66,24412,10,391859
29195,0.000213,74.125.200.0-255,2902,27314,10,391859
29196,0.000215,172.31.36.0-255,66,27380,10,391859
29197,0.000251,74.125.200.0-255,3961,31341,10,391859
29198,0.000254,172.31.36.0-255,66,31407,10,391859
29199,0.00033,74.125.200.0-255,1484,32891,10,391859
29200,0.000334,172.31.36.0-255,66,32957,10,391859
29201,0.000339,74.125.200.0-255,2902,35859,10,391859
29202,0.000342,172.31.36.0-255,66,35925,10,391859
29203,0.000345,74.125.200.0-255,1484,37409,10,391859
29204,0.000347,172.31.36.0-255,66,37475,10,391859
29205,0.000371,74.125.200.0-255,1484,38959,10,391859
29206,0.000379,172.31.36.0-255,66,39025,10,391859
29207,0.000384,74.125.200.0-255,4320,43345,10,391859
29208,0.000387,172.31.36.0-255,66,43411,10,391859
29209,0.000393,74.125.200.0-255,5738,49149,10,391859
29210,0.000396,172.31.36.0-255,66,49215,10,391859
29211,0.00042,74.125.200.0-255,3961,53176,10,391859
29212,0.000427,74.125.200.0-255,2902,56078,10,391859
29213,0.000543,74.125.200.0-255,134,56212,10,391859
29214,0.000567,172.31.36.0-255,66,56278,10,391859
29215,0.00068,74.125.200.0-255,1484,57762,10,391859
29216,0.000686,74.125.200.0-255,2902,60664,10,391859
29217,0.000702,74.125.200.0-255,2902,63566,10,391859
29218,0.000714,74.125.200.0-255,2902,66468,10,391859
29219,0.000716,74.125.200.0-255,1484,67952,10,391859
29220,0.00072,172.31.36.0-255,66,68018,10,391859
29221,0.000726,172.31.36.0-255,66,68084,10,391859
29222,0.000751,74.125.200.0-255,5379,73463,10,391859
29223,0.000757,74.125.200.0-255,4320,77783,10,391859
29224,0.000785,74.125.200.0-255,7156,84939,10,391859
29225,0.000796,172.31.36.0-255,66,85005,10,391859
29226,0.000809,74.125.200.0-255,5379,90384,10,391859
29227,0.000837,172.31.36.0-255,66,90450,10,391859
29228,0.001241,74.125.200.0-255,1484,91934,10,391859
29229,0.001248,74.125.200.0-255,2902,94836,10,391859
29230,0.001252,172.31.36.0-255,66,94902,10,391859
29231,0.001256,74.125.200.0-255,1484,96386,10,391859
29232,0.001278,74.125.200.0-255,2902,99288,10,391859
29233,0.001284,74.125.200.0-255,4320,103608,10,391859
29234,0.001295,74.125.200.0-255,1484,105092,10,391859
29235,0.001317,74.125.200.0-255,4320,109412,10,391859
29236,0.001327,172.31.36.0-255,66,109478,10,391859
29237,0.001351,172.31.36.0-255,66,109544,10,391859
29238,0.001363,74.125.200.0-255,4320,113864,10,391859
29239,0.001379,74.125.200.0-255,2184,116048,10,391859
29240,0.001392,172.31.36.0-255,66,116114,10,391859
29241,0.00142,74.125.200.0-255,1484,117598,10,391859
29242,0.001423,74.125.200.0-255,1484,119082,10,391859
29243,0.001439,74.125.200.0-255,1484,120566,10,391859
29244,0.001446,74.125.200.0-255,5738,126304,10,391859
29245,0.001456,172.31.36.0-255,66,126370,10,391859
29246,0.001459,74.125.200.0-255,1484,127854,10,391859
29247,0.001479,74.125.200.0-255,5738,133592,10,391859
29248,0.001483,74.125.200.0-255,4320,137912,10,391859
29249,0.001488,172.31.36.0-255,66,137978,10,391859
29250,0.001499,74.125.200.0-255,4320,142298,10,391859
29251,0.001516,74.125.200.0-255,2902,145200,10,391859
29252,0.001533,74.125.200.0-255,5020,150220,10,391859
29253,0.001587,172.31.36.0-255,66,150286,10,391859
29254,0.00189,74.125.200.0-255,1484,151770,10,391859
29255,0.001914,74.125.200.0-255,2902,154672,10,391859
29256,0.001917,172.31.36.0-255,66,154738,10,391859
29257,0.001925,74.125.200.0-255,5738,160476,10,391859
29258,0.001928,74.125.200.0-255,1484,161960,10,391859
29259,0.001953,74.125.200.0-255,5738,167698,10,391859
29260,0.001956,172.31.36.0-255,66,167764,10,391859
29261,0.00196,172.31.36.0-255,66,167830,10,391859
29262,0.00197,74.125.200.0-255,4320,172150,10,391859
29263,0.002023,74.125.200.0-255,2184,174334,10,391859
29264,0.002033,172.31.36.0-255,66,174400,10,391859
29265,0.002223,74.125.200.0-255,1484,175884,10,391859
29266,0.002229,74.125.200.0-255,2902,178786,10,391859
29267,0.002232,172.31.36.0-255,66,178852,10,391859
29268,0.002261,74.125.200.0-255,5738,184590,10,391859
29269,0.002268,172.31.36.0-255,66,184656,10,391859
29270,0.002297,74.125.200.0-255,4320,188976,10,391859
29271,0.002312,74.125.200.0-255,5738,194714,10,391859
29272,0.002316,74.125.200.0-255,1484,196198,10,391859
29273,0.002322,172.31.36.0-255,66,196264,10,391859
29274,0.002333,74.125.200.0-255,3602,199866,10,391859
29275,0.002335,74.125.200.0-255,1484,201350,10,391859
29276,0.002347,172.31.36.0-255,66,201416,10,391859
29277,0.002356,74.125.200.0-255,2902,204318,10,391859
29278,0.002376,172.31.36.0-255,66,204384,10,391859
29279,0.002944,172.31.36.0-255,101,204485,10,391859
29280,0.004667,74.125.200.0-255,2902,207387,10,391859
29281,0.004674,172.31.36.0-255,66,207453,10,391859
29282,0.004702,74.125.200.0-255,2902,210355,10,391859
29283,0.004705,172.31.36.0-255,66,210421,10,391859
29284,0.00521,74.125.200.0-255,66,210487,10,391859
29285,0.006977,74.125.200.0-255,2902,213389,10,391859
29286,0.00698,172.31.36.0-255,66,213455,10,391859
29287,0.00701,74.125.200.0-255,2902,216357,10,391859
29288,0.007012,172.31.36.0-255,66,216423,10,391859
29289,0.009289,74.125.200.0-255,2902,219325,10,391859
29290,0.009296,172.31.36.0-255,66,219391,10,391859
29291,0.009323,74.125.200.0-255,2902,222293,10,391859
29292,0.009325,172.31.36.0-255,66,222359,10,391859
29293,0.011621,74.125.200.0-255,2902,225261,10,391859
29294,0.011629,172.31.36.0-255,66,225327,10,391859
29295,0.011655,74.125.200.0-255,2902,228229,10,391859
29296,0.011657,172.31.36.0-255,66,228295,10,391859
29297,0.013953,74.125.200.0-255,2902,231197,10,391859
29298,0.013961,172.31.36.0-255,66,231263,10,391859
29299,0.013994,74.125.200.0-255,2902,234165,10,391859
29300,0.013997,172.31.36.0-255,66,234231,10,391859
29301,0.016285,74.125.200.0-255,4320,238551,10,391859
29302,0.016295,172.31.36.0-255,66,238617,10,391859
29303,0.016323,74.125.200.0-255,1484,240101,10,391859
29304,0.018614,74.125.200.0-255,4320,244421,10,391859
29305,0.018623,172.31.36.0-255,66,244487,10,391859
29306,0.02094,74.125.200.0-255,5738,250225,10,391859
29307,0.020947,172.31.36.0-255,66,250291,10,391859
29308,0.023262,74.125.200.0-255,5738,256029,10,391859
29309,0.023268,172.31.36.0-255,66,256095,10,391859
29310,0.025581,74.125.200.0-255,5738,261833,10,391859
29311,0.025589,172.31.36.0-255,66,261899,10,391859
29312,0.027902,74.125.200.0-255,5738,267637,10,391859
29313,0.02791,172.31.36.0-255,66,267703,10,391859
29314,0.0292,172.31.36.0-255,172,267875,10,391859
29315,0.029231,172.31.36.0-255,1111,268986,10,391859
29316,0.029298,172.31.36.0-255,1514,270500,10,391859
29317,0.029299,172.31.36.0-255,1514,272014,10,391859
29318,0.0293,172.31.36.0-255,1514,273528,10,391859
29319,0.029302,172.31.36.0-255,1076,274604,10,391859
29320,0.030232,74.125.200.0-255,5738,280342,10,391859
29321,0.03024,172.31.36.0-255,66,280408,10,391859
29322,0.030764,104.244.42.0-255,66,280474,10,391859
29323,0.030773,104.244.42.0-255,66,280540,10,391859
29324,0.030848,104.244.42.0-255,66,280606,10,391859
29325,0.030854,104.244.42.0-255,66,280672,10,391859
29326,0.031762,104.244.42.0-255,108,280780,10,391859
29327,0.031772,172.31.36.0-255,66,280846,10,391859
29328,0.032577,74.125.200.0-255,5738,286584,10,391859
29329,0.032583,172.31.36.0-255,66,286650,10,391859
29330,0.034911,74.125.200.0-255,5738,292388,10,391859
29331,0.034918,172.31.36.0-255,66,292454,10,391859
29332,0.037233,74.125.200.0-255,5738,298192,10,391859
29333,0.03724,172.31.36.0-255,66,298258,10,391859
29334,0.039561,74.125.200.0-255,5738,303996,10,391859
29335,0.039567,172.31.36.0-255,66,304062,10,391859
29336,0.041888,74.125.200.0-255,5738,309800,10,391859
29337,0.041894,172.31.36.0-255,66,309866,10,391859
29338,0.044219,74.125.200.0-255,5738,315604,10,391859
29339,0.044226,172.31.36.0-255,66,315670,10,391859
29340,0.046584,74.125.200.0-255,5738,321408,10,391859
29341,0.046591,172.31.36.0-255,66,321474,10,391859
29342,0.048916,74.125.200.0-255,5738,327212,10,391859
29343,0.048924,172.31.36.0-255,66,327278,10,391859
29344,0.051257,74.125.200.0-255,5738,333016,10,391859
29345,0.051265,172.31.36.0-255,66,333082,10,391859
29346,0.053592,74.125.200.0-255,5738,338820,10,391859
29347,0.053608,172.31.36.0-255,66,338886,10,391859
29348,0.055935,74.125.200.0-255,5738,344624,10,391859
29349,0.055942,172.31.36.0-255,66,344690,10,391859
29350,0.058258,74.125.200.0-255,5738,350428,10,391859
29351,0.058264,172.31.36.0-255,66,350494,10,391859
29352,0.06059,74.125.200.0-255,5738,356232,10,391859
29353,0.060598,172.31.36.0-255,66,356298,10,391859
29354,0.06292,74.125.200.0-255,5738,362036,10,391859
29355,0.062928,172.31.36.0-255,66,362102,10,391859
29356,0.065253,74.125.200.0-255,5738,367840,10,391859
29357,0.06526,172.31.36.0-255,66,367906,10,391859
29358,0.067586,74.125.200.0-255,5738,373644,10,391859
29359,0.067592,172.31.36.0-255,66,373710,10,391859
29360,0.069913,74.125.200.0-255,5738,379448,10,391859
29361,0.069919,172.31.36.0-255,66,379514,10,391859
29362,0.072235,74.125.200.0-255,5738,385252,10,391859
29363,0.072242,172.31.36.0-255,66,385318,10,391859
29364,0.074578,74.125.200.0-255,5738,391056,10,391859
29365,0.074585,172.31.36.0-255,66,391122,10,391859
29366,0.076888,74.125.200.0-255,566,391688,10,391859
29367,0.077069,172.31.36.0-255,105,391793,10,391859
29368,0.083538,74.125.200.0-255,66,391859,10,391859
29369,0.0,74.125.24.0-255,150,150,10,295524
29370,3.5e-05,172.31.36.0-255,66,216,10,295524
29371,4.2e-05,74.125.24.0-255,1484,1700,10,295524
29372,4.5e-05,172.31.36.0-255,66,1766,10,295524
29373,5.1e-05,74.125.24.0-255,2902,4668,10,295524
29374,5.5e-05,172.31.36.0-255,66,4734,10,295524
29375,6e-05,74.125.24.0-255,4320,9054,10,295524
29376,6.3e-05,172.31.36.0-255,66,9120,10,295524
29377,0.000107,74.125.24.0-255,4947,14067,10,295524
29378,0.00011,172.31.36.0-255,66,14133,10,295524
29379,0.000173,74.125.24.0-255,1484,15617,10,295524
29380,0.000177,172.31.36.0-255,66,15683,10,295524
29381,0.000196,74.125.24.0-255,2902,18585,10,295524
29382,0.000199,172.31.36.0-255,66,18651,10,295524
29383,0.000206,74.125.24.0-255,5738,24389,10,295524
29384,0.00021,172.31.36.0-255,66,24455,10,295524
29385,0.000252,74.125.24.0-255,6797,31252,10,295524
29386,0.000255,172.31.36.0-255,66,31318,10,295524
29387,0.000258,74.125.24.0-255,1484,32802,10,295524
29388,0.00026,172.31.36.0-255,66,32868,10,295524
29389,0.000278,74.125.24.0-255,5738,38606,10,295524
29390,0.000281,172.31.36.0-255,66,38672,10,295524
29391,0.000316,172.31.36.0-255,66,38738,10,295524
29392,0.000596,74.125.24.0-255,1484,40222,10,295524
29393,0.000618,74.125.24.0-255,2902,43124,10,295524
29394,0.000619,172.31.36.0-255,66,43190,10,295524
29395,0.000623,74.125.24.0-255,4320,47510,10,295524
29396,0.000625,172.31.36.0-255,66,47576,10,295524
29397,0.000628,172.31.36.0-255,66,47642,10,295524
29398,0.000641,74.125.24.0-255,1484,49126,10,295524
29399,0.000644,172.31.36.0-255,66,49192,10,295524
29400,0.000651,74.125.24.0-255,7141,56333,10,295524
29401,0.000654,172.31.36.0-255,66,56399,10,295524
29402,0.000867,74.125.24.0-255,333,56732,10,295524
29403,0.000993,74.125.24.0-255,1484,58216,10,295524
29404,0.000998,172.31.36.0-255,66,58282,10,295524
29405,0.001004,74.125.24.0-255,2902,61184,10,295524
29406,0.001006,172.31.36.0-255,66,61250,10,295524
29407,0.001012,74.125.24.0-255,5738,66988,10,295524
29408,0.001014,172.31.36.0-255,66,67054,10,295524
29409,0.001046,74.125.24.0-255,2902,69956,10,295524
29410,0.00105,172.31.36.0-255,66,70022,10,295524
29411,0.001066,74.125.24.0-255,3961,73983,10,295524
29412,0.001069,172.31.36.0-255,66,74049,10,295524
29413,0.001101,74.125.24.0-255,7156,81205,10,295524
29414,0.001105,172.31.36.0-255,66,81271,10,295524
29415,0.00111,74.125.24.0-255,4320,85591,10,295524
29416,0.001112,172.31.36.0-255,66,85657,10,295524
29417,0.001131,74.125.24.0-255,4320,89977,10,295524
29418,0.001133,172.31.36.0-255,66,90043,10,295524
29419,0.001136,74.125.24.0-255,1125,91168,10,295524
29420,0.001693,74.125.24.0-255,1484,92652,10,295524
29421,0.001697,172.31.36.0-255,66,92718,10,295524
29422,0.001718,74.125.24.0-255,2902,95620,10,295524
29423,0.00172,172.31.36.0-255,66,95686,10,295524
29424,0.001726,74.125.24.0-255,5738,101424,10,295524
29425,0.001728,172.31.36.0-255,66,101490,10,295524
29426,0.001761,172.31.36.0-255,66,101556,10,295524
29427,0.004636,172.31.36.0-255,66,101622,10,295524
29428,0.007183,74.125.24.0-255,5738,107360,10,295524
29429,0.007192,172.31.36.0-255,66,107426,10,295524
29430,0.009723,74.125.24.0-255,5738,113164,10,295524
29431,0.009735,172.31.36.0-255,66,113230,10,295524
29432,0.012268,74.125.24.0-255,5738,118968,10,295524
29433,0.012278,172.31.36.0-255,66,119034,10,295524
29434,0.014826,74.125.24.0-255,5738,124772,10,295524
29435,0.014838,172.31.36.0-255,66,124838,10,295524
29436,0.01737,74.125.24.0-255,5738,130576,10,295524
29437,0.017383,172.31.36.0-255,66,130642,10,295524
29438,0.019889,74.125.24.0-255,5738,136380,10,295524
29439,0.019897,172.31.36.0-255,66,136446,10,295524
29440,0.022172,172.31.36.0-255,172,136618,10,295524
29441,0.022208,172.31.36.0-255,1112,137730,10,295524
29442,0.022246,172.31.36.0-255,1514,139244,10,295524
29443,0.022248,172.31.36.0-255,330,139574,10,295524
29444,0.022422,74.125.24.0-255,5738,145312,10,295524
29445,0.02243,172.31.36.0-255,66,145378,10,295524
29446,0.023733,104.244.42.0-255,66,145444,10,295524
29447,0.023792,104.244.42.0-255,66,145510,10,295524
29448,0.023797,104.244.42.0-255,66,145576,10,295524
29449,0.024955,74.125.24.0-255,5738,151314,10,295524
29450,0.024962,172.31.36.0-255,66,151380,10,295524
29451,0.027483,74.125.24.0-255,5738,157118,10,295524
29452,0.027492,172.31.36.0-255,66,157184,10,295524
29453,0.030013,74.125.24.0-255,5738,162922,10,295524
29454,0.03002,172.31.36.0-255,66,162988,10,295524
29455,0.03256,74.125.24.0-255,5738,168726,10,295524
29456,0.032571,172.31.36.0-255,66,168792,10,295524
29457,0.035089,74.125.24.0-255,5738,174530,10,295524
29458,0.035095,172.31.36.0-255,66,174596,10,295524
29459,0.03764,74.125.24.0-255,2902,177498,10,295524
29460,0.037646,172.31.36.0-255,66,177564,10,295524
29461,0.037677,74.125.24.0-255,2902,180466,10,295524
29462,0.03768,172.31.36.0-255,66,180532,10,295524
29463,0.040183,74.125.24.0-255,2902,183434,10,295524
29464,0.04019,172.31.36.0-255,66,183500,10,295524
29465,0.040225,74.125.24.0-255,2902,186402,10,295524
29466,0.040229,172.31.36.0-255,66,186468,10,295524
29467,0.042688,74.125.24.0-255,2902,189370,10,295524
29468,0.04271,172.31.36.0-255,66,189436,10,295524
29469,0.042727,74.125.24.0-255,2902,192338,10,295524
29470,0.042731,172.31.36.0-255,66,192404,10,295524
29471,0.045243,74.125.24.0-255,5738,198142,10,295524
29472,0.045249,172.31.36.0-255,66,198208,10,295524
29473,0.047764,74.125.24.0-255,5738,203946,10,295524
29474,0.047771,172.31.36.0-255,66,204012,10,295524
29475,0.050287,74.125.24.0-255,5738,209750,10,295524
29476,0.050293,172.31.36.0-255,66,209816,10,295524
29477,0.05282,74.125.24.0-255,5738,215554,10,295524
29478,0.052825,172.31.36.0-255,66,215620,10,295524
29479,0.055364,74.125.24.0-255,5738,221358,10,295524
29480,0.055371,172.31.36.0-255,66,221424,10,295524
29481,0.057885,74.125.24.0-255,5738,227162,10,295524
29482,0.057893,172.31.36.0-255,66,227228,10,295524
29483,0.060438,74.125.24.0-255,5738,232966,10,295524
29484,0.060445,172.31.36.0-255,66,233032,10,295524
29485,0.062967,74.125.24.0-255,5738,238770,10,295524
29486,0.062973,172.31.36.0-255,66,238836,10,295524
29487,0.065503,74.125.24.0-255,5738,244574,10,295524
29488,0.065509,172.31.36.0-255,66,244640,10,295524
29489,0.068026,74.125.24.0-255,5738,250378,10,295524
29490,0.068032,172.31.36.0-255,66,250444,10,295524
29491,0.070561,74.125.24.0-255,5738,256182,10,295524
29492,0.070566,172.31.36.0-255,66,256248,10,295524
29493,0.073099,74.125.24.0-255,5738,261986,10,295524
29494,0.073104,172.31.36.0-255,66,262052,10,295524
29495,0.075634,74.125.24.0-255,4320,266372,10,295524
29496,0.075641,172.31.36.0-255,66,266438,10,295524
29497,0.075671,74.125.24.0-255,1484,267922,10,295524
29498,0.078171,74.125.24.0-255,4320,272242,10,295524
29499,0.078176,172.31.36.0-255,66,272308,10,295524
29500,0.080717,74.125.24.0-255,5738,278046,10,295524
29501,0.080723,172.31.36.0-255,66,278112,10,295524
29502,0.083253,74.125.24.0-255,5738,283850,10,295524
29503,0.083259,172.31.36.0-255,66,283916,10,295524
29504,0.085766,74.125.24.0-255,5738,289654,10,295524
29505,0.085773,172.31.36.0-255,66,289720,10,295524
29506,0.08832,74.125.24.0-255,5738,295458,10,295524
29507,0.088327,172.31.36.0-255,66,295524,10,295524
29508,0.0,74.125.24.0-255,152,152,10,314393
29509,3.3e-05,172.31.36.0-255,66,218,10,314393
29510,4.1e-05,74.125.24.0-255,1484,1702,10,314393
29511,4.5e-05,172.31.36.0-255,66,1768,10,314393
29512,5.1e-05,74.125.24.0-255,2902,4670,10,314393
29513,5.4e-05,172.31.36.0-255,66,4736,10,314393
29514,6.1e-05,74.125.24.0-255,7156,11892,10,314393
29515,6.4e-05,172.31.36.0-255,66,11958,10,314393
29516,6.8e-05,74.125.24.0-255,2038,13996,10,314393
29517,7e-05,172.31.36.0-255,66,14062,10,314393
29518,0.000134,74.125.24.0-255,1484,15546,10,314393
29519,0.000137,172.31.36.0-255,66,15612,10,314393
29520,0.000156,74.125.24.0-255,1484,17096,10,314393
29521,0.000159,172.31.36.0-255,66,17162,10,314393
29522,0.000176,74.125.24.0-255,1484,18646,10,314393
29523,0.00018,172.31.36.0-255,66,18712,10,314393
29524,0.000184,74.125.24.0-255,2902,21614,10,314393
29525,0.000187,172.31.36.0-255,66,21680,10,314393
29526,0.000194,74.125.24.0-255,7156,28836,10,314393
29527,0.000196,172.31.36.0-255,66,28902,10,314393
29528,0.000218,74.125.24.0-255,5738,34640,10,314393
29529,0.000221,172.31.36.0-255,66,34706,10,314393
29530,0.000243,74.125.24.0-255,5379,40085,10,314393
29531,0.000246,172.31.36.0-255,66,40151,10,314393
29532,0.000262,74.125.24.0-255,4320,44471,10,314393
29533,0.000265,172.31.36.0-255,66,44537,10,314393
29534,0.00028,74.125.24.0-255,3961,48498,10,314393
29535,0.000284,172.31.36.0-255,66,48564,10,314393
29536,0.000294,172.31.36.0-255,66,48630,10,314393
29537,0.000323,172.31.36.0-255,66,48696,10,314393
29538,0.00036,74.125.24.0-255,411,49107,10,314393
29539,0.000427,74.125.24.0-255,331,49438,10,314393
29540,0.000758,74.125.24.0-255,1484,50922,10,314393
29541,0.000763,172.31.36.0-255,66,50988,10,314393
29542,0.000768,74.125.24.0-255,2902,53890,10,314393
29543,0.00077,172.31.36.0-255,66,53956,10,314393
29544,0.000799,74.125.24.0-255,5738,59694,10,314393
29545,0.000807,172.31.36.0-255,66,59760,10,314393
29546,0.000829,74.125.24.0-255,4320,64080,10,314393
29547,0.000833,172.31.36.0-255,66,64146,10,314393
29548,0.000869,172.31.36.0-255,66,64212,10,314393
29549,0.000879,172.31.36.0-255,66,64278,10,314393
29550,0.000883,74.125.24.0-255,2184,66462,10,314393
29551,0.000886,172.31.36.0-255,66,66528,10,314393
29552,0.001123,74.125.24.0-255,1484,68012,10,314393
29553,0.001132,74.125.24.0-255,2902,70914,10,314393
29554,0.001135,172.31.36.0-255,66,70980,10,314393
29555,0.001142,74.125.24.0-255,4320,75300,10,314393
29556,0.001144,172.31.36.0-255,66,75366,10,314393
29557,0.001155,74.125.24.0-255,1484,76850,10,314393
29558,0.00116,74.125.24.0-255,4320,81170,10,314393
29559,0.001162,172.31.36.0-255,66,81236,10,314393
29560,0.001201,172.31.36.0-255,66,81302,10,314393
29561,0.001211,172.31.36.0-255,66,81368,10,314393
29562,0.001214,74.125.24.0-255,766,82134,10,314393
29563,0.001889,74.125.24.0-255,1484,83618,10,314393
29564,0.001896,172.31.36.0-255,66,83684,10,314393
29565,0.001902,74.125.24.0-255,2902,86586,10,314393
29566,0.001904,172.31.36.0-255,66,86652,10,314393
29567,0.001932,74.125.24.0-255,5738,92390,10,314393
29568,0.001934,172.31.36.0-255,66,92456,10,314393
29569,0.00195,74.125.24.0-255,7156,99612,10,314393
29570,0.001952,172.31.36.0-255,66,99678,10,314393
29571,0.001971,74.125.24.0-255,5738,105416,10,314393
29572,0.001974,172.31.36.0-255,66,105482,10,314393
29573,0.001984,172.31.36.0-255,66,105548,10,314393
29574,0.002103,74.125.24.0-255,1484,107032,10,314393
29575,0.002117,74.125.24.0-255,2902,109934,10,314393
29576,0.00212,172.31.36.0-255,66,110000,10,314393
29577,0.002124,74.125.24.0-255,2902,112902,10,314393
29578,0.002126,172.31.36.0-255,66,112968,10,314393
29579,0.002141,74.125.24.0-255,2902,115870,10,314393
29580,0.002143,172.31.36.0-255,66,115936,10,314393
29581,0.002147,74.125.24.0-255,4320,120256,10,314393
29582,0.002149,172.31.36.0-255,66,120322,10,314393
29583,0.002178,172.31.36.0-255,66,120388,10,314393
29584,0.002188,172.31.36.0-255,66,120454,10,314393
29585,0.002225,74.125.24.0-255,2902,123356,10,314393
29586,0.002227,172.31.36.0-255,66,123422,10,314393
29587,0.002266,172.31.36.0-255,66,123488,10,314393
29588,0.002291,172.31.36.0-255,66,123554,10,314393
29589,0.002308,74.125.24.0-255,5738,129292,10,314393
29590,0.00231,172.31.36.0-255,66,129358,10,314393
29591,0.002324,74.125.24.0-255,3602,132960,10,314393
29592,0.002325,172.31.36.0-255,66,133026,10,314393
29593,0.002329,74.125.24.0-255,1484,134510,10,314393
29594,0.002333,74.125.24.0-255,2902,137412,10,314393
29595,0.002335,172.31.36.0-255,66,137478,10,314393
29596,0.002337,74.125.24.0-255,1484,138962,10,314393
29597,0.002358,74.125.24.0-255,4320,143282,10,314393
29598,0.00236,172.31.36.0-255,66,143348,10,314393
29599,0.002364,74.125.24.0-255,2902,146250,10,314393
29600,0.002366,172.31.36.0-255,66,146316,10,314393
29601,0.002383,74.125.24.0-255,2902,149218,10,314393
29602,0.002385,172.31.36.0-255,66,149284,10,314393
29603,0.002416,74.125.24.0-255,7156,156440,10,314393
29604,0.002418,172.31.36.0-255,66,156506,10,314393
29605,0.00243,74.125.24.0-255,2184,158690,10,314393
29606,0.006634,172.31.36.0-255,66,158756,10,314393
29607,0.009004,74.125.24.0-255,5738,164494,10,314393
29608,0.009011,172.31.36.0-255,66,164560,10,314393
29609,0.011352,74.125.24.0-255,5738,170298,10,314393
29610,0.011359,172.31.36.0-255,66,170364,10,314393
29611,0.013994,74.125.24.0-255,5738,176102,10,314393
29612,0.014003,172.31.36.0-255,66,176168,10,314393
29613,0.016337,74.125.24.0-255,5738,181906,10,314393
29614,0.016347,172.31.36.0-255,66,181972,10,314393
29615,0.018705,74.125.24.0-255,4320,186292,10,314393
29616,0.018715,172.31.36.0-255,66,186358,10,314393
29617,0.018736,74.125.24.0-255,1484,187842,10,314393
29618,0.021076,74.125.24.0-255,4320,192162,10,314393
29619,0.021084,172.31.36.0-255,66,192228,10,314393
29620,0.023478,74.125.24.0-255,5738,197966,10,314393
29621,0.023485,172.31.36.0-255,66,198032,10,314393
29622,0.025903,74.125.24.0-255,5738,203770,10,314393
29623,0.02591,172.31.36.0-255,66,203836,10,314393
29624,0.028327,74.125.24.0-255,5738,209574,10,314393
29625,0.028334,172.31.36.0-255,66,209640,10,314393
29626,0.030048,172.31.36.0-255,172,209812,10,314393
29627,0.03008,172.31.36.0-255,1113,210925,10,314393
29628,0.030119,172.31.36.0-255,1514,212439,10,314393
29629,0.030121,172.31.36.0-255,1514,213953,10,314393
29630,0.030126,172.31.36.0-255,1514,215467,10,314393
29631,0.030127,172.31.36.0-255,1070,216537,10,314393
29632,0.030718,74.125.24.0-255,5738,222275,10,314393
29633,0.030724,172.31.36.0-255,66,222341,10,314393
29634,0.031608,104.244.42.0-255,66,222407,10,314393
29635,0.031639,104.244.42.0-255,66,222473,10,314393
29636,0.031751,104.244.42.0-255,66,222539,10,314393
29637,0.031754,104.244.42.0-255,66,222605,10,314393
29638,0.033086,74.125.24.0-255,5738,228343,10,314393
29639,0.033091,172.31.36.0-255,66,228409,10,314393
29640,0.035411,74.125.24.0-255,2902,231311,10,314393
29641,0.035417,172.31.36.0-255,66,231377,10,314393
29642,0.035446,74.125.24.0-255,2902,234279,10,314393
29643,0.03545,172.31.36.0-255,66,234345,10,314393
29644,0.037783,74.125.24.0-255,2902,237247,10,314393
29645,0.037788,172.31.36.0-255,66,237313,10,314393
29646,0.037821,74.125.24.0-255,2902,240215,10,314393
29647,0.037824,172.31.36.0-255,66,240281,10,314393
29648,0.040132,74.125.24.0-255,5738,246019,10,314393
29649,0.040138,172.31.36.0-255,66,246085,10,314393
29650,0.042476,74.125.24.0-255,4320,250405,10,314393
29651,0.042482,172.31.36.0-255,66,250471,10,314393
29652,0.042508,74.125.24.0-255,1484,251955,10,314393
29653,0.044846,74.125.24.0-255,4320,256275,10,314393
29654,0.044853,172.31.36.0-255,66,256341,10,314393
29655,0.047219,74.125.24.0-255,1484,257825,10,314393
29656,0.047254,74.125.24.0-255,4320,262145,10,314393
29657,0.047259,172.31.36.0-255,66,262211,10,314393
29658,0.049613,74.125.24.0-255,5738,267949,10,314393
29659,0.049619,172.31.36.0-255,66,268015,10,314393
29660,0.051981,74.125.24.0-255,4320,272335,10,314393
29661,0.051987,172.31.36.0-255,66,272401,10,314393
29662,0.052015,74.125.24.0-255,1484,273885,10,314393
29663,0.054326,74.125.24.0-255,4320,278205,10,314393
29664,0.054332,172.31.36.0-255,66,278271,10,314393
29665,0.056723,74.125.24.0-255,5738,284009,10,314393
29666,0.056729,172.31.36.0-255,66,284075,10,314393
29667,0.059083,74.125.24.0-255,2902,286977,10,314393
29668,0.05909,172.31.36.0-255,66,287043,10,314393
29669,0.059118,74.125.24.0-255,2902,289945,10,314393
29670,0.059121,172.31.36.0-255,66,290011,10,314393
29671,0.061444,74.125.24.0-255,5738,295749,10,314393
29672,0.061449,172.31.36.0-255,66,295815,10,314393
29673,0.063819,74.125.24.0-255,5738,301553,10,314393
29674,0.063824,172.31.36.0-255,66,301619,10,314393
29675,0.066198,74.125.24.0-255,4320,305939,10,314393
29676,0.066204,172.31.36.0-255,66,306005,10,314393
29677,0.066234,74.125.24.0-255,1484,307489,10,314393
29678,0.068576,74.125.24.0-255,4320,311809,10,314393
29679,0.068582,172.31.36.0-255,66,311875,10,314393
29680,0.070923,74.125.24.0-255,2281,314156,10,314393
29681,0.070929,172.31.36.0-255,66,314222,10,314393
29682,0.071103,172.31.36.0-255,105,314327,10,314393
29683,0.073617,74.125.24.0-255,66,314393,10,314393
29684,0.0,172.217.194.0-255,153,153,10,173134
29685,3.4e-05,172.31.36.0-255,66,219,10,173134
29686,4.2e-05,172.217.194.0-255,1484,1703,10,173134
29687,4.7e-05,172.31.36.0-255,66,1769,10,173134
29688,5.2e-05,172.217.194.0-255,2902,4671,10,173134
29689,5.5e-05,172.31.36.0-255,66,4737,10,173134
29690,6.1e-05,172.217.194.0-255,5738,10475,10,173134
29691,6.4e-05,172.31.36.0-255,66,10541,10,173134
29692,6.9e-05,172.217.194.0-255,4320,14861,10,173134
29693,7.2e-05,172.31.36.0-255,66,14927,10,173134
29694,0.000112,172.31.36.0-255,66,14993,10,173134
29695,0.000124,172.31.36.0-255,66,15059,10,173134
29696,0.000137,172.217.194.0-255,2902,17961,10,173134
29697,0.000139,172.31.36.0-255,66,18027,10,173134
29698,0.000149,172.31.36.0-255,66,18093,10,173134
29699,0.000183,172.217.194.0-255,4320,22413,10,173134
29700,0.000185,172.31.36.0-255,66,22479,10,173134
29701,0.000211,172.31.36.0-255,66,22545,10,173134
29702,0.000227,172.217.194.0-255,1424,23969,10,173134
29703,0.000229,172.31.36.0-255,66,24035,10,173134
29704,0.000231,172.217.194.0-255,386,24421,10,173134
29705,0.000233,172.31.36.0-255,66,24487,10,173134
29706,0.000298,172.217.194.0-255,1484,25971,10,173134
29707,0.000301,172.31.36.0-255,66,26037,10,173134
29708,0.000316,172.217.194.0-255,2902,28939,10,173134
29709,0.000319,172.31.36.0-255,66,29005,10,173134
29710,0.000341,172.217.194.0-255,5738,34743,10,173134
29711,0.000343,172.31.36.0-255,66,34809,10,173134
29712,0.000379,172.217.194.0-255,4320,39129,10,173134
29713,0.000389,172.31.36.0-255,66,39195,10,173134
29714,0.000402,172.217.194.0-255,5738,44933,10,173134
29715,0.000406,172.31.36.0-255,66,44999,10,173134
29716,0.000423,172.31.36.0-255,66,45065,10,173134
29717,0.000432,172.217.194.0-255,2184,47249,10,173134
29718,0.000436,172.31.36.0-255,66,47315,10,173134
29719,0.000656,172.217.194.0-255,1484,48799,10,173134
29720,0.00067,172.217.194.0-255,2902,51701,10,173134
29721,0.000673,172.31.36.0-255,66,51767,10,173134
29722,0.000689,172.217.194.0-255,5738,57505,10,173134
29723,0.000698,172.31.36.0-255,66,57571,10,173134
29724,0.000722,172.217.194.0-255,7156,64727,10,173134
29725,0.000726,172.217.194.0-255,1484,66211,10,173134
29726,0.000728,172.31.36.0-255,66,66277,10,173134
29727,0.000762,172.217.194.0-255,2184,68461,10,173134
29728,0.000771,172.31.36.0-255,66,68527,10,173134
29729,0.000913,172.217.194.0-255,1484,70011,10,173134
29730,0.000917,172.217.194.0-255,2902,72913,10,173134
29731,0.00092,172.31.36.0-255,66,72979,10,173134
29732,0.000942,172.217.194.0-255,5738,78717,10,173134
29733,0.000945,172.31.36.0-255,66,78783,10,173134
29734,0.00095,172.217.194.0-255,4320,83103,10,173134
29735,0.000959,172.31.36.0-255,66,83169,10,173134
29736,0.000972,172.31.36.0-255,66,83235,10,173134
29737,0.001001,172.217.194.0-255,2902,86137,10,173134
29738,0.001007,172.31.36.0-255,66,86203,10,173134
29739,0.00102,172.31.36.0-255,66,86269,10,173134
29740,0.001075,172.217.194.0-255,1484,87753,10,173134
29741,0.001079,172.217.194.0-255,2902,90655,10,173134
29742,0.001089,172.31.36.0-255,66,90721,10,173134
29743,0.001095,172.217.194.0-255,4320,95041,10,173134
29744,0.001101,172.31.36.0-255,66,95107,10,173134
29745,0.001107,172.217.194.0-255,1484,96591,10,173134
29746,0.001117,172.217.194.0-255,1484,98075,10,173134
29747,0.001119,172.31.36.0-255,66,98141,10,173134
29748,0.001149,172.31.36.0-255,66,98207,10,173134
29749,0.001176,172.31.36.0-255,66,98273,10,173134
29750,0.001374,172.217.194.0-255,1484,99757,10,173134
29751,0.001388,172.217.194.0-255,2902,102659,10,173134
29752,0.001391,172.31.36.0-255,66,102725,10,173134
29753,0.001413,172.217.194.0-255,5738,108463,10,173134
29754,0.001416,172.31.36.0-255,66,108529,10,173134
29755,0.001422,172.217.194.0-255,7156,115685,10,173134
29756,0.001426,172.31.36.0-255,66,115751,10,173134
29757,0.001455,172.217.194.0-255,4320,120071,10,173134
29758,0.001463,172.31.36.0-255,66,120137,10,173134
29759,0.001486,172.217.194.0-255,2184,122321,10,173134
29760,0.001485,172.31.36.0-255,66,122387,10,173134
29761,0.001489,172.31.36.0-255,66,122453,10,173134
29762,0.001532,172.217.194.0-255,1484,123937,10,173134
29763,0.001536,172.217.194.0-255,1484,125421,10,173134
29764,0.001538,172.31.36.0-255,66,125487,10,173134
29765,0.001548,172.217.194.0-255,1484,126971,10,173134
29766,0.001552,172.217.194.0-255,2902,129873,10,173134
29767,0.001559,172.31.36.0-255,66,129939,10,173134
29768,0.001572,172.217.194.0-255,2902,132841,10,173134
29769,0.001574,172.31.36.0-255,66,132907,10,173134
29770,0.001591,172.31.36.0-255,66,132973,10,173134
29771,0.001647,172.31.36.0-255,66,133039,10,173134
29772,0.001679,172.217.194.0-255,3602,136641,10,173134
29773,0.001683,172.217.194.0-255,2902,139543,10,173134
29774,0.001683,172.31.36.0-255,66,139609,10,173134
29775,0.001688,172.31.36.0-255,66,139675,10,173134
29776,0.001703,172.31.36.0-255,66,139741,10,173134
29777,0.001713,172.31.36.0-255,66,139807,10,173134
29778,0.001735,172.217.194.0-255,5738,145545,10,173134
29779,0.001744,172.31.36.0-255,66,145611,10,173134
29780,0.001783,172.217.194.0-255,4320,149931,10,173134
29781,0.001785,172.31.36.0-255,66,149997,10,173134
29782,0.001789,172.31.36.0-255,66,150063,10,173134
29783,0.001809,172.217.194.0-255,5020,155083,10,173134
29784,0.001817,172.31.36.0-255,66,155149,10,173134
29785,0.001821,172.31.36.0-255,66,155215,10,173134
29786,0.001834,172.217.194.0-255,7156,162371,10,173134
29787,0.001841,172.31.36.0-255,66,162437,10,173134
29788,0.00187,172.31.36.0-255,66,162503,10,173134
29789,0.001874,172.31.36.0-255,66,162569,10,173134
29790,0.001919,172.31.36.0-255,66,162635,10,173134
29791,0.001929,172.217.194.0-255,5738,168373,10,173134
29792,0.001931,172.31.36.0-255,66,168439,10,173134
29793,0.001953,172.31.36.0-255,66,168505,10,173134
29794,0.00196,172.217.194.0-255,105,168610,10,173134
29795,0.00335,172.31.36.0-255,66,168676,10,173134
29796,0.003373,172.31.36.0-255,105,168781,10,173134
29797,0.005346,172.217.194.0-255,66,168847,10,173134
29798,0.031146,172.31.36.0-255,172,169019,10,173134
29799,0.031179,172.31.36.0-255,1113,170132,10,173134
29800,0.031219,172.31.36.0-255,1514,171646,10,173134
29801,0.031222,172.31.36.0-255,1290,172936,10,173134
29802,0.032728,104.244.42.0-255,66,173002,10,173134
29803,0.032756,104.244.42.0-255,66,173068,10,173134
29804,0.032801,104.244.42.0-255,66,173134,10,173134
29805,0.0,172.217.194.0-255,153,153,10,372309
29806,1.6e-05,172.31.36.0-255,66,219,10,372309
29807,2.4e-05,172.217.194.0-255,1484,1703,10,372309
29808,2.9e-05,172.31.36.0-255,66,1769,10,372309
29809,3.4e-05,172.217.194.0-255,2902,4671,10,372309
29810,3.7e-05,172.31.36.0-255,66,4737,10,372309
29811,4.6e-05,172.217.194.0-255,7156,11893,10,372309
29812,4.9e-05,172.31.36.0-255,66,11959,10,372309
29813,6.8e-05,172.217.194.0-255,2100,14059,10,372309
29814,7.1e-05,172.31.36.0-255,66,14125,10,372309
29815,8.9e-05,172.217.194.0-255,2902,17027,10,372309
29816,9.2e-05,172.31.36.0-255,66,17093,10,372309
29817,9.7e-05,172.217.194.0-255,2902,19995,10,372309
29818,9.9e-05,172.31.36.0-255,66,20061,10,372309
29819,0.000121,172.217.194.0-255,4320,24381,10,372309
29820,0.000124,172.31.36.0-255,66,24447,10,372309
29821,0.000132,172.217.194.0-255,6797,31244,10,372309
29822,0.000134,172.31.36.0-255,66,31310,10,372309
29823,0.000194,172.217.194.0-255,1484,32794,10,372309
29824,0.000196,172.31.36.0-255,66,32860,10,372309
29825,0.000201,172.217.194.0-255,2902,35762,10,372309
29826,0.000204,172.31.36.0-255,66,35828,10,372309
29827,0.000207,172.217.194.0-255,1484,37312,10,372309
29828,0.000209,172.31.36.0-255,66,37378,10,372309
29829,0.000236,172.217.194.0-255,4320,41698,10,372309
29830,0.000239,172.31.36.0-255,66,41764,10,372309
29831,0.000246,172.217.194.0-255,5738,47502,10,372309
29832,0.000248,172.31.36.0-255,66,47568,10,372309
29833,0.000261,172.31.36.0-255,66,47634,10,372309
29834,0.000278,172.217.194.0-255,2543,50177,10,372309
29835,0.000281,172.31.36.0-255,66,50243,10,372309
29836,0.000287,172.217.194.0-255,3961,54204,10,372309
29837,0.00029,172.31.36.0-255,66,54270,10,372309
29838,0.00032,172.217.194.0-255,369,54639,10,372309
29839,0.000392,172.217.194.0-255,375,55014,10,372309
29840,0.000669,172.217.194.0-255,1484,56498,10,372309
29841,0.000674,172.31.36.0-255,66,56564,10,372309
29842,0.00068,172.217.194.0-255,2902,59466,10,372309
29843,0.000683,172.31.36.0-255,66,59532,10,372309
29844,0.000688,172.217.194.0-255,2902,62434,10,372309
29845,0.00069,172.31.36.0-255,66,62500,10,372309
29846,0.00071,172.217.194.0-255,2902,65402,10,372309
29847,0.000713,172.31.36.0-255,66,65468,10,372309
29848,0.000727,172.31.36.0-255,66,65534,10,372309
29849,0.00073,172.217.194.0-255,1484,67018,10,372309
29850,0.000761,172.31.36.0-255,66,67084,10,372309
29851,0.001181,172.217.194.0-255,1484,68568,10,372309
29852,0.001188,172.217.194.0-255,2902,71470,10,372309
29853,0.001192,172.31.36.0-255,66,71536,10,372309
29854,0.001196,172.217.194.0-255,1484,73020,10,372309
29855,0.001219,172.217.194.0-255,4320,77340,10,372309
29856,0.001222,172.31.36.0-255,66,77406,10,372309
29857,0.001228,172.217.194.0-255,5738,83144,10,372309
29858,0.001231,172.31.36.0-255,66,83210,10,372309
29859,0.001252,172.217.194.0-255,7156,90366,10,372309
29860,0.001254,172.31.36.0-255,66,90432,10,372309
29861,0.001261,172.217.194.0-255,5738,96170,10,372309
29862,0.001263,172.31.36.0-255,66,96236,10,372309
29863,0.001288,172.217.194.0-255,5020,101256,10,372309
29864,0.00129,172.31.36.0-255,66,101322,10,372309
29865,0.001873,172.217.194.0-255,1484,102806,10,372309
29866,0.001881,172.217.194.0-255,2902,105708,10,372309
29867,0.001886,172.31.36.0-255,66,105774,10,372309
29868,0.001894,172.217.194.0-255,5738,111512,10,372309
29869,0.001896,172.31.36.0-255,66,111578,10,372309
29870,0.001902,172.217.194.0-255,5738,117316,10,372309
29871,0.001906,172.31.36.0-255,66,117382,10,372309
29872,0.00191,172.217.194.0-255,2902,120284,10,372309
29873,0.001912,172.31.36.0-255,66,120350,10,372309
29874,0.001948,172.31.36.0-255,66,120416,10,372309
29875,0.001984,172.217.194.0-255,1484,121900,10,372309
29876,0.002001,172.217.194.0-255,3602,125502,10,372309
29877,0.002003,172.31.36.0-255,66,125568,10,372309
29878,0.002077,172.217.194.0-255,1484,127052,10,372309
29879,0.002091,172.217.194.0-255,2902,129954,10,372309
29880,0.002094,172.31.36.0-255,66,130020,10,372309
29881,0.002098,172.217.194.0-255,2902,132922,10,372309
29882,0.0021,172.31.36.0-255,66,132988,10,372309
29883,0.002114,172.217.194.0-255,2902,135890,10,372309
29884,0.002117,172.31.36.0-255,66,135956,10,372309
29885,0.002148,172.217.194.0-255,5738,141694,10,372309
29886,0.002151,172.31.36.0-255,66,141760,10,372309
29887,0.002177,172.217.194.0-255,7156,148916,10,372309
29888,0.002179,172.31.36.0-255,66,148982,10,372309
29889,0.00219,172.31.36.0-255,66,149048,10,372309
29890,0.002194,172.217.194.0-255,2184,151232,10,372309
29891,0.002196,172.31.36.0-255,66,151298,10,372309
29892,0.004487,172.217.194.0-255,1484,152782,10,372309
29893,0.004506,172.217.194.0-255,4320,157102,10,372309
29894,0.004509,172.31.36.0-255,66,157168,10,372309
29895,0.006772,172.217.194.0-255,5738,162906,10,372309
29896,0.006778,172.31.36.0-255,66,162972,10,372309
29897,0.008027,172.31.36.0-255,101,163073,10,372309
29898,0.009108,172.217.194.0-255,5738,168811,10,372309
29899,0.009115,172.31.36.0-255,66,168877,10,372309
29900,0.010261,172.217.194.0-255,66,168943,10,372309
29901,0.01143,172.217.194.0-255,5738,174681,10,372309
29902,0.011438,172.31.36.0-255,66,174747,10,372309
29903,0.013708,172.217.194.0-255,5738,180485,10,372309
29904,0.013716,172.31.36.0-255,66,180551,10,372309
29905,0.016,172.217.194.0-255,5738,186289,10,372309
29906,0.016009,172.31.36.0-255,66,186355,10,372309
29907,0.018297,172.217.194.0-255,5738,192093,10,372309
29908,0.018305,172.31.36.0-255,66,192159,10,372309
29909,0.020602,172.217.194.0-255,5738,197897,10,372309
29910,0.020609,172.31.36.0-255,66,197963,10,372309
29911,0.022888,172.217.194.0-255,5738,203701,10,372309
29912,0.022895,172.31.36.0-255,66,203767,10,372309
29913,0.025228,172.217.194.0-255,5738,209505,10,372309
29914,0.025235,172.31.36.0-255,66,209571,10,372309
29915,0.027551,172.217.194.0-255,4320,213891,10,372309
29916,0.027558,172.31.36.0-255,66,213957,10,372309
29917,0.027578,172.217.194.0-255,1484,215441,10,372309
29918,0.029874,172.217.194.0-255,2902,218343,10,372309
29919,0.029881,172.31.36.0-255,66,218409,10,372309
29920,0.0322,172.217.194.0-255,5738,224147,10,372309
29921,0.032206,172.31.36.0-255,66,224213,10,372309
29922,0.032278,172.31.36.0-255,167,224380,10,372309
29923,0.032302,172.31.36.0-255,1112,225492,10,372309
29924,0.03235,172.31.36.0-255,1514,227006,10,372309
29925,0.032352,172.31.36.0-255,1291,228297,10,372309
29926,0.033879,104.244.42.0-255,66,228363,10,372309
29927,0.033909,104.244.42.0-255,66,228429,10,372309
29928,0.034027,104.244.42.0-255,66,228495,10,372309
29929,0.03452,172.217.194.0-255,5738,234233,10,372309
29930,0.034524,172.31.36.0-255,66,234299,10,372309
29931,0.036843,172.217.194.0-255,5738,240037,10,372309
29932,0.036849,172.31.36.0-255,66,240103,10,372309
29933,0.039133,172.217.194.0-255,5738,245841,10,372309
29934,0.039139,172.31.36.0-255,66,245907,10,372309
29935,0.041425,172.217.194.0-255,5738,251645,10,372309
29936,0.041431,172.31.36.0-255,66,251711,10,372309
29937,0.043699,172.217.194.0-255,5738,257449,10,372309
29938,0.043706,172.31.36.0-255,66,257515,10,372309
29939,0.045971,172.217.194.0-255,5738,263253,10,372309
29940,0.045978,172.31.36.0-255,66,263319,10,372309
29941,0.048285,172.217.194.0-255,5738,269057,10,372309
29942,0.048292,172.31.36.0-255,66,269123,10,372309
29943,0.050611,172.217.194.0-255,5738,274861,10,372309
29944,0.050618,172.31.36.0-255,66,274927,10,372309
29945,0.052942,172.217.194.0-255,5738,280665,10,372309
29946,0.052948,172.31.36.0-255,66,280731,10,372309
29947,0.055251,172.217.194.0-255,1484,282215,10,372309
29948,0.055279,172.217.194.0-255,4320,286535,10,372309
29949,0.055284,172.31.36.0-255,66,286601,10,372309
29950,0.057562,172.217.194.0-255,4320,290921,10,372309
29951,0.057569,172.31.36.0-255,66,290987,10,372309
29952,0.057594,172.217.194.0-255,1484,292471,10,372309
29953,0.05988,172.217.194.0-255,4320,296791,10,372309
29954,0.059887,172.31.36.0-255,66,296857,10,372309
29955,0.062241,172.217.194.0-255,5738,302595,10,372309
29956,0.062247,172.31.36.0-255,66,302661,10,372309
29957,0.064567,172.217.194.0-255,5738,308399,10,372309
29958,0.064574,172.31.36.0-255,66,308465,10,372309
29959,0.066889,172.217.194.0-255,5738,314203,10,372309
29960,0.066895,172.31.36.0-255,66,314269,10,372309
29961,0.069161,172.217.194.0-255,5738,320007,10,372309
29962,0.069167,172.31.36.0-255,66,320073,10,372309
29963,0.071495,172.217.194.0-255,5738,325811,10,372309
29964,0.071501,172.31.36.0-255,66,325877,10,372309
29965,0.073823,172.217.194.0-255,5738,331615,10,372309
29966,0.073829,172.31.36.0-255,66,331681,10,372309
29967,0.076109,172.217.194.0-255,5738,337419,10,372309
29968,0.076116,172.31.36.0-255,66,337485,10,372309
29969,0.078404,172.217.194.0-255,5738,343223,10,372309
29970,0.078411,172.31.36.0-255,66,343289,10,372309
29971,0.080698,172.217.194.0-255,5738,349027,10,372309
29972,0.080704,172.31.36.0-255,66,349093,10,372309
29973,0.082995,172.217.194.0-255,5738,354831,10,372309
29974,0.083001,172.31.36.0-255,66,354897,10,372309
29975,0.085291,172.217.194.0-255,5738,360635,10,372309
29976,0.085297,172.31.36.0-255,66,360701,10,372309
29977,0.087598,172.217.194.0-255,5738,366439,10,372309
29978,0.087604,172.31.36.0-255,66,366505,10,372309
29979,0.089879,172.217.194.0-255,5738,372243,10,372309
29980,0.089887,172.31.36.0-255,66,372309,10,372309
29981,0.0,74.125.24.0-255,143,143,10,232506
29982,3.5e-05,172.31.36.0-255,66,209,10,232506
29983,4.4e-05,74.125.24.0-255,1484,1693,10,232506
29984,4.8e-05,172.31.36.0-255,66,1759,10,232506
29985,5.3e-05,74.125.24.0-255,2902,4661,10,232506
29986,5.5e-05,172.31.36.0-255,66,4727,10,232506
29987,7e-05,74.125.24.0-255,7156,11883,10,232506
29988,7.2e-05,172.31.36.0-255,66,11949,10,232506
29989,7.5e-05,74.125.24.0-255,1484,13433,10,232506
29990,7.7e-05,172.31.36.0-255,66,13499,10,232506
29991,0.000121,172.31.36.0-255,66,13565,10,232506
29992,0.000131,172.31.36.0-255,66,13631,10,232506
29993,0.000153,172.31.36.0-255,66,13697,10,232506
29994,0.000159,74.125.24.0-255,5738,19435,10,232506
29995,0.000162,172.31.36.0-255,66,19501,10,232506
29996,0.000212,172.31.36.0-255,66,19567,10,232506
29997,0.000215,74.125.24.0-255,109,19676,10,232506
29998,0.000217,172.31.36.0-255,66,19742,10,232506
29999,0.00022,74.125.24.0-255,331,20073,10,232506
30000,0.000222,172.31.36.0-255,66,20139,10,232506
30001,0.000447,74.125.24.0-255,1484,21623,10,232506
30002,0.000452,74.125.24.0-255,2902,24525,10,232506
30003,0.000454,172.31.36.0-255,66,24591,10,232506
30004,0.000457,74.125.24.0-255,5738,30329,10,232506
30005,0.000459,172.31.36.0-255,66,30395,10,232506
30006,0.000462,172.31.36.0-255,66,30461,10,232506
30007,0.000502,172.31.36.0-255,66,30527,10,232506
30008,0.000517,172.31.36.0-255,66,30593,10,232506
30009,0.000687,74.125.24.0-255,1484,32077,10,232506
30010,0.000693,74.125.24.0-255,2902,34979,10,232506
30011,0.000697,172.31.36.0-255,66,35045,10,232506
30012,0.000704,74.125.24.0-255,5738,40783,10,232506
30013,0.000717,172.31.36.0-255,66,40849,10,232506
30014,0.000729,74.125.24.0-255,7156,48005,10,232506
30015,0.000734,172.31.36.0-255,66,48071,10,232506
30016,0.000766,74.125.24.0-255,5738,53809,10,232506
30017,0.000769,172.31.36.0-255,66,53875,10,232506
30018,0.000776,74.125.24.0-255,7156,61031,10,232506
30019,0.000781,74.125.24.0-255,3602,64633,10,232506
30020,0.00079,172.31.36.0-255,66,64699,10,232506
30021,0.001148,74.125.24.0-255,1484,66183,10,232506
30022,0.001153,74.125.24.0-255,2902,69085,10,232506
30023,0.001156,172.31.36.0-255,66,69151,10,232506
30024,0.00116,74.125.24.0-255,1484,70635,10,232506
30025,0.001179,74.125.24.0-255,4320,74955,10,232506
30026,0.001183,172.31.36.0-255,66,75021,10,232506
30027,0.001193,74.125.24.0-255,2902,77923,10,232506
30028,0.001196,172.31.36.0-255,66,77989,10,232506
30029,0.001211,74.125.24.0-255,5738,83727,10,232506
30030,0.001214,172.31.36.0-255,66,83793,10,232506
30031,0.001242,74.125.24.0-255,4320,88113,10,232506
30032,0.001247,172.31.36.0-255,66,88179,10,232506
30033,0.001275,74.125.24.0-255,5738,93917,10,232506
30034,0.001291,172.31.36.0-255,66,93983,10,232506
30035,0.001294,74.125.24.0-255,5020,99003,10,232506
30036,0.001324,172.31.36.0-255,66,99069,10,232506
30037,0.001401,74.125.24.0-255,1484,100553,10,232506
30038,0.001407,74.125.24.0-255,2902,103455,10,232506
30039,0.001409,172.31.36.0-255,66,103521,10,232506
30040,0.001441,74.125.24.0-255,5738,109259,10,232506
30041,0.001449,74.125.24.0-255,7156,116415,10,232506
30042,0.001454,172.31.36.0-255,66,116481,10,232506
30043,0.001482,74.125.24.0-255,5738,122219,10,232506
30044,0.001486,74.125.24.0-255,1484,123703,10,232506
30045,0.001489,172.31.36.0-255,66,123769,10,232506
30046,0.001536,172.31.36.0-255,66,123835,10,232506
30047,0.001548,74.125.24.0-255,7156,130991,10,232506
30048,0.001552,172.31.36.0-255,66,131057,10,232506
30049,0.001582,74.125.24.0-255,2902,133959,10,232506
30050,0.001585,172.31.36.0-255,66,134025,10,232506
30051,0.001588,74.125.24.0-255,1484,135509,10,232506
30052,0.001618,172.31.36.0-255,66,135575,10,232506
30053,0.001647,74.125.24.0-255,5738,141313,10,232506
30054,0.001652,172.31.36.0-255,66,141379,10,232506
30055,0.001662,74.125.24.0-255,4320,145699,10,232506
30056,0.001665,74.125.24.0-255,1484,147183,10,232506
30057,0.001666,172.31.36.0-255,66,147249,10,232506
30058,0.001718,74.125.24.0-255,2902,150151,10,232506
30059,0.001749,74.125.24.0-255,4320,154471,10,232506
30060,0.001774,74.125.24.0-255,2902,157373,10,232506
30061,0.001819,74.125.24.0-255,2902,160275,10,232506
30062,0.001843,74.125.24.0-255,766,161041,10,232506
30063,0.001884,74.125.24.0-255,7156,168197,10,232506
30064,0.001949,74.125.24.0-255,7156,175353,10,232506
30065,0.001975,74.125.24.0-255,3602,178955,10,232506
30066,0.007788,172.31.36.0-255,66,179021,10,232506
30067,0.009877,74.125.24.0-255,5738,184759,10,232506
30068,0.009886,172.31.36.0-255,66,184825,10,232506
30069,0.011968,74.125.24.0-255,5738,190563,10,232506
30070,0.011977,172.31.36.0-255,66,190629,10,232506
30071,0.014066,74.125.24.0-255,5738,196367,10,232506
30072,0.014074,172.31.36.0-255,66,196433,10,232506
30073,0.016151,74.125.24.0-255,5738,202171,10,232506
30074,0.016157,172.31.36.0-255,66,202237,10,232506
30075,0.01821,74.125.24.0-255,4320,206557,10,232506
30076,0.018215,172.31.36.0-255,66,206623,10,232506
30077,0.018241,74.125.24.0-255,1484,208107,10,232506
30078,0.020288,74.125.24.0-255,4320,212427,10,232506
30079,0.020312,172.31.36.0-255,66,212493,10,232506
30080,0.022399,74.125.24.0-255,5738,218231,10,232506
30081,0.024044,172.31.36.0-255,66,218297,10,232506
30082,0.026094,74.125.24.0-255,5738,224035,10,232506
30083,0.026103,172.31.36.0-255,66,224101,10,232506
30084,0.02816,74.125.24.0-255,3881,227982,10,232506
30085,0.028165,172.31.36.0-255,66,228048,10,232506
30086,0.028476,172.31.36.0-255,105,228153,10,232506
30087,0.030484,74.125.24.0-255,66,228219,10,232506
30088,0.040828,172.31.36.0-255,172,228391,10,232506
30089,0.040859,172.31.36.0-255,1113,229504,10,232506
30090,0.040907,172.31.36.0-255,1514,231018,10,232506
30091,0.040909,172.31.36.0-255,1290,232308,10,232506
30092,0.042385,104.244.42.0-255,66,232374,10,232506
30093,0.042423,104.244.42.0-255,66,232440,10,232506
30094,0.042474,104.244.42.0-255,66,232506,10,232506
30095,0.0,172.217.194.0-255,152,152,10,306727
30096,2.3e-05,172.31.36.0-255,66,218,10,306727
30097,3e-05,172.217.194.0-255,1484,1702,10,306727
30098,3.4e-05,172.31.36.0-255,66,1768,10,306727
30099,3.9e-05,172.217.194.0-255,2902,4670,10,306727
30100,5.2e-05,172.31.36.0-255,66,4736,10,306727
30101,6e-05,172.217.194.0-255,7156,11892,10,306727
30102,6.4e-05,172.31.36.0-255,66,11958,10,306727
30103,7.9e-05,172.31.36.0-255,66,12024,10,306727
30104,0.000126,172.217.194.0-255,5379,17403,10,306727
30105,0.000129,172.31.36.0-255,66,17469,10,306727
30106,0.00016,172.217.194.0-255,4320,21789,10,306727
30107,0.000163,172.31.36.0-255,66,21855,10,306727
30108,0.000167,172.217.194.0-255,2902,24757,10,306727
30109,0.00017,172.31.36.0-255,66,24823,10,306727
30110,0.000195,172.217.194.0-255,2902,27725,10,306727
30111,0.000202,172.31.36.0-255,66,27791,10,306727
30112,0.000208,172.217.194.0-255,4320,32111,10,306727
30113,0.000211,172.31.36.0-255,66,32177,10,306727
30114,0.000246,172.217.194.0-255,2543,34720,10,306727
30115,0.000248,172.31.36.0-255,66,34786,10,306727
30116,0.000256,172.217.194.0-255,7156,41942,10,306727
30117,0.000259,172.31.36.0-255,66,42008,10,306727
30118,0.000293,172.31.36.0-255,66,42074,10,306727
30119,0.000711,172.217.194.0-255,646,42720,10,306727
30120,0.000717,172.31.36.0-255,66,42786,10,306727
30121,0.000908,172.217.194.0-255,1484,44270,10,306727
30122,0.000913,172.31.36.0-255,66,44336,10,306727
30123,0.000918,172.217.194.0-255,2902,47238,10,306727
30124,0.000921,172.31.36.0-255,66,47304,10,306727
30125,0.000951,172.217.194.0-255,4320,51624,10,306727
30126,0.000954,172.31.36.0-255,66,51690,10,306727
30127,0.000979,172.217.194.0-255,1484,53174,10,306727
30128,0.000993,172.31.36.0-255,66,53240,10,306727
30129,0.001012,172.31.36.0-255,66,53306,10,306727
30130,0.001254,172.217.194.0-255,1484,54790,10,306727
30131,0.00126,172.217.194.0-255,2902,57692,10,306727
30132,0.001263,172.31.36.0-255,66,57758,10,306727
30133,0.00127,172.217.194.0-255,5738,63496,10,306727
30134,0.001273,172.31.36.0-255,66,63562,10,306727
30135,0.001279,172.217.194.0-255,5738,69300,10,306727
30136,0.001287,172.31.36.0-255,66,69366,10,306727
30137,0.00133,172.217.194.0-255,2902,72268,10,306727
30138,0.001332,172.31.36.0-255,66,72334,10,306727
30139,0.001374,172.31.36.0-255,66,72400,10,306727
30140,0.00138,172.217.194.0-255,5020,77420,10,306727
30141,0.001382,172.31.36.0-255,66,77486,10,306727
30142,0.001539,172.217.194.0-255,1484,78970,10,306727
30143,0.001554,172.217.194.0-255,2902,81872,10,306727
30144,0.001557,172.31.36.0-255,66,81938,10,306727
30145,0.001563,172.217.194.0-255,2902,84840,10,306727
30146,0.001564,172.31.36.0-255,66,84906,10,306727
30147,0.001589,172.217.194.0-255,2902,87808,10,306727
30148,0.001591,172.31.36.0-255,66,87874,10,306727
30149,0.001602,172.217.194.0-255,7156,95030,10,306727
30150,0.001605,172.31.36.0-255,66,95096,10,306727
30151,0.001666,172.31.36.0-255,66,95162,10,306727
30152,0.00167,172.217.194.0-255,2184,97346,10,306727
30153,0.001672,172.31.36.0-255,66,97412,10,306727
30154,0.001759,172.217.194.0-255,1484,98896,10,306727
30155,0.001766,172.217.194.0-255,2902,101798,10,306727
30156,0.001768,172.31.36.0-255,66,101864,10,306727
30157,0.001805,172.217.194.0-255,5738,107602,10,306727
30158,0.001808,172.31.36.0-255,66,107668,10,306727
30159,0.001811,172.217.194.0-255,1484,109152,10,306727
30160,0.001829,172.31.36.0-255,66,109218,10,306727
30161,0.001865,172.31.36.0-255,66,109284,10,306727
30162,0.001948,172.217.194.0-255,1484,110768,10,306727
30163,0.001955,172.217.194.0-255,2902,113670,10,306727
30164,0.001958,172.31.36.0-255,66,113736,10,306727
30165,0.001965,172.217.194.0-255,5738,119474,10,306727
30166,0.001968,172.31.36.0-255,66,119540,10,306727
30167,0.002005,172.31.36.0-255,66,119606,10,306727
30168,0.002018,172.31.36.0-255,66,119672,10,306727
30169,0.004095,172.217.194.0-255,5738,125410,10,306727
30170,0.004102,172.31.36.0-255,66,125476,10,306727
30171,0.006151,172.217.194.0-255,5738,131214,10,306727
30172,0.006155,172.31.36.0-255,66,131280,10,306727
30173,0.008197,172.217.194.0-255,5738,137018,10,306727
30174,0.008204,172.31.36.0-255,66,137084,10,306727
30175,0.010294,172.217.194.0-255,5738,142822,10,306727
30176,0.010302,172.31.36.0-255,66,142888,10,306727
30177,0.012355,172.217.194.0-255,5738,148626,10,306727
30178,0.012364,172.31.36.0-255,66,148692,10,306727
30179,0.014415,172.217.194.0-255,5738,154430,10,306727
30180,0.014424,172.31.36.0-255,66,154496,10,306727
30181,0.016467,172.217.194.0-255,5738,160234,10,306727
30182,0.016477,172.31.36.0-255,66,160300,10,306727
30183,0.018563,172.217.194.0-255,5738,166038,10,306727
30184,0.018572,172.31.36.0-255,66,166104,10,306727
30185,0.020628,172.217.194.0-255,5738,171842,10,306727
30186,0.020635,172.31.36.0-255,66,171908,10,306727
30187,0.02268,172.217.194.0-255,5738,177646,10,306727
30188,0.022687,172.31.36.0-255,66,177712,10,306727
30189,0.024742,172.217.194.0-255,5738,183450,10,306727
30190,0.02475,172.31.36.0-255,66,183516,10,306727
30191,0.026857,172.217.194.0-255,5738,189254,10,306727
30192,0.026865,172.31.36.0-255,66,189320,10,306727
30193,0.02895,172.217.194.0-255,5738,195058,10,306727
30194,0.028958,172.31.36.0-255,66,195124,10,306727
30195,0.03106,172.217.194.0-255,5738,200862,10,306727
30196,0.031065,172.31.36.0-255,66,200928,10,306727
30197,0.032043,172.31.36.0-255,167,201095,10,306727
30198,0.032074,172.31.36.0-255,1112,202207,10,306727
30199,0.032136,172.31.36.0-255,1514,203721,10,306727
30200,0.032138,172.31.36.0-255,1291,205012,10,306727
30201,0.033134,172.217.194.0-255,5738,210750,10,306727
30202,0.033142,172.31.36.0-255,66,210816,10,306727
30203,0.033608,104.244.42.0-255,66,210882,10,306727
30204,0.033617,104.244.42.0-255,66,210948,10,306727
30205,0.033695,104.244.42.0-255,66,211014,10,306727
30206,0.035193,172.217.194.0-255,5738,216752,10,306727
30207,0.0352,172.31.36.0-255,66,216818,10,306727
30208,0.03731,172.217.194.0-255,5738,222556,10,306727
30209,0.037317,172.31.36.0-255,66,222622,10,306727
30210,0.039361,172.217.194.0-255,5738,228360,10,306727
30211,0.039367,172.31.36.0-255,66,228426,10,306727
30212,0.041413,172.217.194.0-255,5738,234164,10,306727
30213,0.041421,172.31.36.0-255,66,234230,10,306727
30214,0.043487,172.217.194.0-255,5738,239968,10,306727
30215,0.043495,172.31.36.0-255,66,240034,10,306727
30216,0.045533,172.217.194.0-255,5738,245772,10,306727
30217,0.045538,172.31.36.0-255,66,245838,10,306727
30218,0.047619,172.217.194.0-255,5738,251576,10,306727
30219,0.047626,172.31.36.0-255,66,251642,10,306727
30220,0.049688,172.217.194.0-255,5738,257380,10,306727
30221,0.049695,172.31.36.0-255,66,257446,10,306727
30222,0.051805,172.217.194.0-255,5738,263184,10,306727
30223,0.051812,172.31.36.0-255,66,263250,10,306727
30224,0.053887,172.217.194.0-255,5738,268988,10,306727
30225,0.053894,172.31.36.0-255,66,269054,10,306727
30226,0.055978,172.217.194.0-255,5738,274792,10,306727
30227,0.056002,172.31.36.0-255,66,274858,10,306727
30228,0.058066,172.217.194.0-255,5738,280596,10,306727
30229,0.058073,172.31.36.0-255,66,280662,10,306727
30230,0.060138,172.217.194.0-255,5738,286400,10,306727
30231,0.060144,172.31.36.0-255,66,286466,10,306727
30232,0.062183,172.217.194.0-255,5738,292204,10,306727
30233,0.06219,172.31.36.0-255,66,292270,10,306727
30234,0.064245,172.217.194.0-255,5738,298008,10,306727
30235,0.064252,172.31.36.0-255,66,298074,10,306727
30236,0.066286,172.217.194.0-255,5738,303812,10,306727
30237,0.066293,172.31.36.0-255,66,303878,10,306727
30238,0.068332,172.217.194.0-255,2612,306490,10,306727
30239,0.06834,172.31.36.0-255,66,306556,10,306727
30240,0.068523,172.31.36.0-255,105,306661,10,306727
30241,0.070541,172.217.194.0-255,66,306727,10,306727
30242,0.0,74.125.68.0-255,152,152,10,409202
30243,3.4e-05,172.31.36.0-255,66,218,10,409202
30244,4.1e-05,74.125.68.0-255,1484,1702,10,409202
30245,4.6e-05,172.31.36.0-255,66,1768,10,409202
30246,6e-05,74.125.68.0-255,2902,4670,10,409202
30247,6.4e-05,172.31.36.0-255,66,4736,10,409202
30248,7.1e-05,74.125.68.0-255,5738,10474,10,409202
30249,7.3e-05,172.31.36.0-255,66,10540,10,409202
30250,8.4e-05,74.125.68.0-255,1484,12024,10,409202
30251,8.7e-05,172.31.36.0-255,66,12090,10,409202
30252,0.000118,74.125.68.0-255,4891,16981,10,409202
30253,0.000121,172.31.36.0-255,66,17047,10,409202
30254,0.000127,74.125.68.0-255,5738,22785,10,409202
30255,0.000129,172.31.36.0-255,66,22851,10,409202
30256,0.000136,74.125.68.0-255,7156,30007,10,409202
30257,0.000138,172.31.36.0-255,66,30073,10,409202
30258,0.000141,74.125.68.0-255,1125,31198,10,409202
30259,0.000144,172.31.36.0-255,66,31264,10,409202
30260,0.000316,74.125.68.0-255,1484,32748,10,409202
30261,0.000321,172.31.36.0-255,66,32814,10,409202
30262,0.000327,74.125.68.0-255,2902,35716,10,409202
30263,0.000329,172.31.36.0-255,66,35782,10,409202
30264,0.000381,74.125.68.0-255,5738,41520,10,409202
30265,0.000386,172.31.36.0-255,66,41586,10,409202
30266,0.000391,74.125.68.0-255,2902,44488,10,409202
30267,0.000394,172.31.36.0-255,66,44554,10,409202
30268,0.0004,74.125.68.0-255,5738,50292,10,409202
30269,0.000403,172.31.36.0-255,66,50358,10,409202
30270,0.000437,74.125.68.0-255,5379,55737,10,409202
30271,0.000442,74.125.68.0-255,4320,60057,10,409202
30272,0.000444,172.31.36.0-255,66,60123,10,409202
30273,0.000448,172.31.36.0-255,66,60189,10,409202
30274,0.000467,74.125.68.0-255,5689,65878,10,409202
30275,0.00047,172.31.36.0-255,66,65944,10,409202
30276,0.000501,74.125.68.0-255,113,66057,10,409202
30277,0.000622,74.125.68.0-255,330,66387,10,409202
30278,0.000853,172.31.36.0-255,66,66453,10,409202
30279,0.000957,74.125.68.0-255,1484,67937,10,409202
30280,0.000966,74.125.68.0-255,1484,69421,10,409202
30281,0.000969,172.31.36.0-255,66,69487,10,409202
30282,0.000975,74.125.68.0-255,2902,72389,10,409202
30283,0.000978,172.31.36.0-255,66,72455,10,409202
30284,0.001014,74.125.68.0-255,5738,78193,10,409202
30285,0.001019,172.31.36.0-255,66,78259,10,409202
30286,0.001025,74.125.68.0-255,4320,82579,10,409202
30287,0.001028,172.31.36.0-255,66,82645,10,409202
30288,0.001061,74.125.68.0-255,7156,89801,10,409202
30289,0.001065,172.31.36.0-255,66,89867,10,409202
30290,0.00107,74.125.68.0-255,2902,92769,10,409202
30291,0.001074,172.31.36.0-255,66,92835,10,409202
30292,0.00111,172.31.36.0-255,66,92901,10,409202
30293,0.001322,74.125.68.0-255,1484,94385,10,409202
30294,0.001329,74.125.68.0-255,1484,95869,10,409202
30295,0.001332,172.31.36.0-255,66,95935,10,409202
30296,0.001359,74.125.68.0-255,1484,97419,10,409202
30297,0.001365,74.125.68.0-255,4320,101739,10,409202
30298,0.001369,172.31.36.0-255,66,101805,10,409202
30299,0.001375,74.125.68.0-255,4320,106125,10,409202
30300,0.001377,172.31.36.0-255,66,106191,10,409202
30301,0.001407,74.125.68.0-255,4320,110511,10,409202
30302,0.001409,172.31.36.0-255,66,110577,10,409202
30303,0.001416,74.125.68.0-255,5738,116315,10,409202
30304,0.001418,172.31.36.0-255,66,116381,10,409202
30305,0.001457,74.125.68.0-255,7156,123537,10,409202
30306,0.00146,172.31.36.0-255,66,123603,10,409202
30307,0.001487,74.125.68.0-255,3602,127205,10,409202
30308,0.00149,172.31.36.0-255,66,127271,10,409202
30309,0.00176,74.125.68.0-255,1484,128755,10,409202
30310,0.001779,74.125.68.0-255,2902,131657,10,409202
30311,0.001783,172.31.36.0-255,66,131723,10,409202
30312,0.001805,74.125.68.0-255,1484,133207,10,409202
30313,0.00182,74.125.68.0-255,2902,136109,10,409202
30314,0.001823,172.31.36.0-255,66,136175,10,409202
30315,0.001852,74.125.68.0-255,5738,141913,10,409202
30316,0.001854,172.31.36.0-255,66,141979,10,409202
30317,0.001858,74.125.68.0-255,2902,144881,10,409202
30318,0.00186,172.31.36.0-255,66,144947,10,409202
30319,0.001893,172.31.36.0-255,66,145013,10,409202
30320,0.001941,74.125.68.0-255,6438,151451,10,409202
30321,0.001944,172.31.36.0-255,66,151517,10,409202
30322,0.001967,74.125.68.0-255,2902,154419,10,409202
30323,0.001969,172.31.36.0-255,66,154485,10,409202
30324,0.001995,74.125.68.0-255,4320,158805,10,409202
30325,0.001997,172.31.36.0-255,66,158871,10,409202
30326,0.003924,74.125.68.0-255,1484,160355,10,409202
30327,0.003956,74.125.68.0-255,4320,164675,10,409202
30328,0.003959,172.31.36.0-255,66,164741,10,409202
30329,0.005911,74.125.68.0-255,5738,170479,10,409202
30330,0.005917,172.31.36.0-255,66,170545,10,409202
30331,0.007906,74.125.68.0-255,5738,176283,10,409202
30332,0.007912,172.31.36.0-255,66,176349,10,409202
30333,0.009861,74.125.68.0-255,5738,182087,10,409202
30334,0.009871,172.31.36.0-255,66,182153,10,409202
30335,0.011823,74.125.68.0-255,5738,187891,10,409202
30336,0.011834,172.31.36.0-255,66,187957,10,409202
30337,0.01379,74.125.68.0-255,5738,193695,10,409202
30338,0.013802,172.31.36.0-255,66,193761,10,409202
30339,0.015763,74.125.68.0-255,5738,199499,10,409202
30340,0.015771,172.31.36.0-255,66,199565,10,409202
30341,0.017723,74.125.68.0-255,5738,205303,10,409202
30342,0.017732,172.31.36.0-255,66,205369,10,409202
30343,0.019693,74.125.68.0-255,5738,211107,10,409202
30344,0.019701,172.31.36.0-255,66,211173,10,409202
30345,0.021658,74.125.68.0-255,5738,216911,10,409202
30346,0.021665,172.31.36.0-255,66,216977,10,409202
30347,0.022514,172.31.36.0-255,167,217144,10,409202
30348,0.022542,172.31.36.0-255,1113,218257,10,409202
30349,0.022589,172.31.36.0-255,1514,219771,10,409202
30350,0.02259,172.31.36.0-255,1290,221061,10,409202
30351,0.023635,74.125.68.0-255,5738,226799,10,409202
30352,0.023641,172.31.36.0-255,66,226865,10,409202
30353,0.02403,104.244.42.0-255,66,226931,10,409202
30354,0.02405,104.244.42.0-255,66,226997,10,409202
30355,0.024095,104.244.42.0-255,66,227063,10,409202
30356,0.024738,104.244.42.0-255,108,227171,10,409202
30357,0.02476,172.31.36.0-255,66,227237,10,409202
30358,0.025589,74.125.68.0-255,5738,232975,10,409202
30359,0.025594,172.31.36.0-255,66,233041,10,409202
30360,0.027546,74.125.68.0-255,5738,238779,10,409202
30361,0.027554,172.31.36.0-255,66,238845,10,409202
30362,0.029504,74.125.68.0-255,5738,244583,10,409202
30363,0.02951,172.31.36.0-255,66,244649,10,409202
30364,0.031454,74.125.68.0-255,5738,250387,10,409202
30365,0.031461,172.31.36.0-255,66,250453,10,409202
30366,0.033402,74.125.68.0-255,1484,251937,10,409202
30367,0.033432,74.125.68.0-255,4320,256257,10,409202
30368,0.033437,172.31.36.0-255,66,256323,10,409202
30369,0.035376,74.125.68.0-255,5738,262061,10,409202
30370,0.035381,172.31.36.0-255,66,262127,10,409202
30371,0.037331,74.125.68.0-255,5738,267865,10,409202
30372,0.037337,172.31.36.0-255,66,267931,10,409202
30373,0.039278,74.125.68.0-255,5738,273669,10,409202
30374,0.039283,172.31.36.0-255,66,273735,10,409202
30375,0.041237,74.125.68.0-255,5738,279473,10,409202
30376,0.041243,172.31.36.0-255,66,279539,10,409202
30377,0.043185,74.125.68.0-255,5738,285277,10,409202
30378,0.043191,172.31.36.0-255,66,285343,10,409202
30379,0.045132,74.125.68.0-255,5738,291081,10,409202
30380,0.045138,172.31.36.0-255,66,291147,10,409202
30381,0.047085,74.125.68.0-255,5738,296885,10,409202
30382,0.047091,172.31.36.0-255,66,296951,10,409202
30383,0.049039,74.125.68.0-255,5738,302689,10,409202
30384,0.049046,172.31.36.0-255,66,302755,10,409202
30385,0.051002,74.125.68.0-255,5738,308493,10,409202
30386,0.051009,172.31.36.0-255,66,308559,10,409202
30387,0.052989,74.125.68.0-255,5738,314297,10,409202
30388,0.052995,172.31.36.0-255,66,314363,10,409202
30389,0.05494,74.125.68.0-255,4320,318683,10,409202
30390,0.054947,172.31.36.0-255,66,318749,10,409202
30391,0.054975,74.125.68.0-255,1484,320233,10,409202
30392,0.056888,74.125.68.0-255,4320,324553,10,409202
30393,0.056894,172.31.36.0-255,66,324619,10,409202
30394,0.058856,74.125.68.0-255,5738,330357,10,409202
30395,0.058863,172.31.36.0-255,66,330423,10,409202
30396,0.060814,74.125.68.0-255,5738,336161,10,409202
30397,0.060822,172.31.36.0-255,66,336227,10,409202
30398,0.062779,74.125.68.0-255,5738,341965,10,409202
30399,0.062785,172.31.36.0-255,66,342031,10,409202
30400,0.064735,74.125.68.0-255,5738,347769,10,409202
30401,0.06474,172.31.36.0-255,66,347835,10,409202
30402,0.066695,74.125.68.0-255,5738,353573,10,409202
30403,0.066701,172.31.36.0-255,66,353639,10,409202
30404,0.068635,74.125.68.0-255,1484,355123,10,409202
30405,0.068668,74.125.68.0-255,4320,359443,10,409202
30406,0.068673,172.31.36.0-255,66,359509,10,409202
30407,0.070617,74.125.68.0-255,5738,365247,10,409202
30408,0.070624,172.31.36.0-255,66,365313,10,409202
30409,0.072595,74.125.68.0-255,5738,371051,10,409202
30410,0.0726,172.31.36.0-255,66,371117,10,409202
30411,0.074545,74.125.68.0-255,5738,376855,10,409202
30412,0.07455,172.31.36.0-255,66,376921,10,409202
30413,0.076493,74.125.68.0-255,5738,382659,10,409202
30414,0.076498,172.31.36.0-255,66,382725,10,409202
30415,0.078446,74.125.68.0-255,5738,388463,10,409202
30416,0.078452,172.31.36.0-255,66,388529,10,409202
30417,0.080398,74.125.68.0-255,4320,392849,10,409202
30418,0.080404,172.31.36.0-255,66,392915,10,409202
30419,0.08044,74.125.68.0-255,1484,394399,10,409202
30420,0.082342,74.125.68.0-255,4320,398719,10,409202
30421,0.082348,172.31.36.0-255,66,398785,10,409202
30422,0.084293,74.125.68.0-255,5738,404523,10,409202
30423,0.084298,172.31.36.0-255,66,404589,10,409202
30424,0.086248,74.125.68.0-255,4376,408965,10,409202
30425,0.086253,172.31.36.0-255,66,409031,10,409202
30426,0.086445,172.31.36.0-255,105,409136,10,409202
30427,0.088349,74.125.68.0-255,66,409202,10,409202
30428,0.0,74.125.130.0-255,150,150,10,400880
30429,2.2e-05,172.31.36.0-255,66,216,10,400880
30430,2.9e-05,74.125.130.0-255,1484,1700,10,400880
30431,3.4e-05,172.31.36.0-255,66,1766,10,400880
30432,3.9e-05,74.125.130.0-255,2902,4668,10,400880
30433,4.2e-05,172.31.36.0-255,66,4734,10,400880
30434,4.8e-05,74.125.130.0-255,4320,9054,10,400880
30435,5e-05,172.31.36.0-255,66,9120,10,400880
30436,7e-05,74.125.130.0-255,1484,10604,10,400880
30437,7.3e-05,172.31.36.0-255,66,10670,10,400880
30438,8.9e-05,74.125.130.0-255,2902,13572,10,400880
30439,9.1e-05,172.31.36.0-255,66,13638,10,400880
30440,0.00011,74.125.130.0-255,2085,15723,10,400880
30441,0.000112,172.31.36.0-255,66,15789,10,400880
30442,0.00013,74.125.130.0-255,5738,21527,10,400880
30443,0.000132,172.31.36.0-255,66,21593,10,400880
30444,0.000138,74.125.130.0-255,5738,27331,10,400880
30445,0.00014,172.31.36.0-255,66,27397,10,400880
30446,0.000162,74.125.130.0-255,3961,31358,10,400880
30447,0.000165,172.31.36.0-255,66,31424,10,400880
30448,0.000335,74.125.130.0-255,1484,32908,10,400880
30449,0.000342,172.31.36.0-255,66,32974,10,400880
30450,0.000356,74.125.130.0-255,2902,35876,10,400880
30451,0.000358,172.31.36.0-255,66,35942,10,400880
30452,0.000385,74.125.130.0-255,1484,37426,10,400880
30453,0.000388,172.31.36.0-255,66,37492,10,400880
30454,0.000401,74.125.130.0-255,2902,40394,10,400880
30455,0.000404,172.31.36.0-255,66,40460,10,400880
30456,0.000422,74.125.130.0-255,1484,41944,10,400880
30457,0.000424,172.31.36.0-255,66,42010,10,400880
30458,0.000429,74.125.130.0-255,2902,44912,10,400880
30459,0.000431,172.31.36.0-255,66,44978,10,400880
30460,0.000437,74.125.130.0-255,3961,48939,10,400880
30461,0.000439,172.31.36.0-255,66,49005,10,400880
30462,0.000446,74.125.130.0-255,7156,56161,10,400880
30463,0.000449,172.31.36.0-255,66,56227,10,400880
30464,0.000454,74.125.130.0-255,2902,59129,10,400880
30465,0.000457,172.31.36.0-255,66,59195,10,400880
30466,0.000483,74.125.130.0-255,5738,64933,10,400880
30467,0.000486,172.31.36.0-255,66,64999,10,400880
30468,0.000489,74.125.130.0-255,1375,66374,10,400880
30469,0.000597,74.125.130.0-255,123,66497,10,400880
30470,0.000804,74.125.130.0-255,1484,67981,10,400880
30471,0.000808,172.31.36.0-255,66,68047,10,400880
30472,0.000814,74.125.130.0-255,2902,70949,10,400880
30473,0.000816,172.31.36.0-255,66,71015,10,400880
30474,0.000822,74.125.130.0-255,4320,75335,10,400880
30475,0.000824,172.31.36.0-255,66,75401,10,400880
30476,0.00084,74.125.130.0-255,1484,76885,10,400880
30477,0.000845,74.125.130.0-255,2902,79787,10,400880
30478,0.000847,172.31.36.0-255,66,79853,10,400880
30479,0.000853,74.125.130.0-255,4320,84173,10,400880
30480,0.000855,172.31.36.0-255,66,84239,10,400880
30481,0.000905,172.31.36.0-255,66,84305,10,400880
30482,0.000908,74.125.130.0-255,1484,85789,10,400880
30483,0.000923,74.125.130.0-255,1484,87273,10,400880
30484,0.000926,172.31.36.0-255,66,87339,10,400880
30485,0.000942,74.125.130.0-255,4320,91659,10,400880
30486,0.000944,74.125.130.0-255,766,92425,10,400880
30487,0.000948,172.31.36.0-255,66,92491,10,400880
30488,0.001068,74.125.130.0-255,1484,93975,10,400880
30489,0.001073,172.31.36.0-255,66,94041,10,400880
30490,0.001078,74.125.130.0-255,2902,96943,10,400880
30491,0.00108,172.31.36.0-255,66,97009,10,400880
30492,0.001106,74.125.130.0-255,4320,101329,10,400880
30493,0.001109,172.31.36.0-255,66,101395,10,400880
30494,0.001136,74.125.130.0-255,1484,102879,10,400880
30495,0.001151,74.125.130.0-255,2902,105781,10,400880
30496,0.001153,172.31.36.0-255,66,105847,10,400880
30497,0.001174,74.125.130.0-255,4320,110167,10,400880
30498,0.001176,172.31.36.0-255,66,110233,10,400880
30499,0.0012,74.125.130.0-255,2902,113135,10,400880
30500,0.001203,172.31.36.0-255,66,113201,10,400880
30501,0.00123,74.125.130.0-255,7156,120357,10,400880
30502,0.001233,172.31.36.0-255,66,120423,10,400880
30503,0.00124,74.125.130.0-255,6171,126594,10,400880
30504,0.001242,172.31.36.0-255,66,126660,10,400880
30505,0.00141,74.125.130.0-255,1484,128144,10,400880
30506,0.001416,74.125.130.0-255,2902,131046,10,400880
30507,0.001419,172.31.36.0-255,66,131112,10,400880
30508,0.001426,74.125.130.0-255,5738,136850,10,400880
30509,0.001429,172.31.36.0-255,66,136916,10,400880
30510,0.001448,74.125.130.0-255,1484,138400,10,400880
30511,0.001477,172.31.36.0-255,66,138466,10,400880
30512,0.001514,172.31.36.0-255,66,138532,10,400880
30513,0.001518,74.125.130.0-255,2184,140716,10,400880
30514,0.001521,172.31.36.0-255,66,140782,10,400880
30515,0.001525,74.125.130.0-255,2902,143684,10,400880
30516,0.001527,172.31.36.0-255,66,143750,10,400880
30517,0.001551,74.125.130.0-255,7156,150906,10,400880
30518,0.001554,172.31.36.0-255,66,150972,10,400880
30519,0.001559,74.125.130.0-255,4320,155292,10,400880
30520,0.001561,172.31.36.0-255,66,155358,10,400880
30521,0.00159,74.125.130.0-255,1484,156842,10,400880
30522,0.001611,74.125.130.0-255,4320,161162,10,400880
30523,0.001614,172.31.36.0-255,66,161228,10,400880
30524,0.001619,74.125.130.0-255,4320,165548,10,400880
30525,0.001622,172.31.36.0-255,66,165614,10,400880
30526,0.001641,74.125.130.0-255,7156,172770,10,400880
30527,0.001644,172.31.36.0-255,66,172836,10,400880
30528,0.001659,74.125.130.0-255,4320,177156,10,400880
30529,0.001663,172.31.36.0-255,66,177222,10,400880
30530,0.001671,74.125.130.0-255,2184,179406,10,400880
30531,0.001673,172.31.36.0-255,66,179472,10,400880
30532,0.001711,74.125.130.0-255,4320,183792,10,400880
30533,0.001715,172.31.36.0-255,66,183858,10,400880
30534,0.001732,74.125.130.0-255,2902,186760,10,400880
30535,0.001735,172.31.36.0-255,66,186826,10,400880
30536,0.00174,74.125.130.0-255,2902,189728,10,400880
30537,0.001743,172.31.36.0-255,66,189794,10,400880
30538,0.001765,74.125.130.0-255,5738,195532,10,400880
30539,0.001768,172.31.36.0-255,66,195598,10,400880
30540,0.001771,74.125.130.0-255,1484,197082,10,400880
30541,0.001788,74.125.130.0-255,2902,199984,10,400880
30542,0.001791,172.31.36.0-255,66,200050,10,400880
30543,0.00183,74.125.130.0-255,5738,205788,10,400880
30544,0.001833,172.31.36.0-255,66,205854,10,400880
30545,0.001837,74.125.130.0-255,1484,207338,10,400880
30546,0.001864,74.125.130.0-255,2184,209522,10,400880
30547,0.001867,172.31.36.0-255,66,209588,10,400880
30548,0.002077,74.125.130.0-255,1484,211072,10,400880
30549,0.002092,74.125.130.0-255,2902,213974,10,400880
30550,0.002097,172.31.36.0-255,66,214040,10,400880
30551,0.002142,74.125.130.0-255,1484,215524,10,400880
30552,0.002165,74.125.130.0-255,2902,218426,10,400880
30553,0.002169,172.31.36.0-255,66,218492,10,400880
30554,0.00218,74.125.130.0-255,5738,224230,10,400880
30555,0.002182,172.31.36.0-255,66,224296,10,400880
30556,0.002186,74.125.130.0-255,4320,228616,10,400880
30557,0.002189,172.31.36.0-255,66,228682,10,400880
30558,0.002196,74.125.130.0-255,5738,234420,10,400880
30559,0.002198,172.31.36.0-255,66,234486,10,400880
30560,0.002215,74.125.130.0-255,2902,237388,10,400880
30561,0.002217,172.31.36.0-255,66,237454,10,400880
30562,0.002254,74.125.130.0-255,6438,243892,10,400880
30563,0.002257,172.31.36.0-255,66,243958,10,400880
30564,0.004538,74.125.130.0-255,5738,249696,10,400880
30565,0.004547,172.31.36.0-255,66,249762,10,400880
30566,0.006858,74.125.130.0-255,5738,255500,10,400880
30567,0.006864,172.31.36.0-255,66,255566,10,400880
30568,0.009136,74.125.130.0-255,5738,261304,10,400880
30569,0.009142,172.31.36.0-255,66,261370,10,400880
30570,0.011434,74.125.130.0-255,5738,267108,10,400880
30571,0.011442,172.31.36.0-255,66,267174,10,400880
30572,0.013729,74.125.130.0-255,5738,272912,10,400880
30573,0.013737,172.31.36.0-255,66,272978,10,400880
30574,0.016019,74.125.130.0-255,5738,278716,10,400880
30575,0.016027,172.31.36.0-255,66,278782,10,400880
30576,0.018313,74.125.130.0-255,5738,284520,10,400880
30577,0.018323,172.31.36.0-255,66,284586,10,400880
30578,0.020612,74.125.130.0-255,5738,290324,10,400880
30579,0.020618,172.31.36.0-255,66,290390,10,400880
30580,0.02291,74.125.130.0-255,5738,296128,10,400880
30581,0.022919,172.31.36.0-255,66,296194,10,400880
30582,0.025206,74.125.130.0-255,5738,301932,10,400880
30583,0.025213,172.31.36.0-255,66,301998,10,400880
30584,0.027504,74.125.130.0-255,5738,307736,10,400880
30585,0.027516,172.31.36.0-255,66,307802,10,400880
30586,0.029806,74.125.130.0-255,5738,313540,10,400880
30587,0.029813,172.31.36.0-255,66,313606,10,400880
30588,0.030484,172.31.36.0-255,172,313778,10,400880
30589,0.030518,172.31.36.0-255,1110,314888,10,400880
30590,0.030582,172.31.36.0-255,1514,316402,10,400880
30591,0.030584,172.31.36.0-255,1514,317916,10,400880
30592,0.030585,172.31.36.0-255,1514,319430,10,400880
30593,0.030586,172.31.36.0-255,1073,320503,10,400880
30594,0.032033,104.244.42.0-255,66,320569,10,400880
30595,0.03208,104.244.42.0-255,66,320635,10,400880
30596,0.032102,74.125.130.0-255,5738,326373,10,400880
30597,0.032107,172.31.36.0-255,66,326439,10,400880
30598,0.03218,104.244.42.0-255,66,326505,10,400880
30599,0.032184,104.244.42.0-255,66,326571,10,400880
30600,0.0344,74.125.130.0-255,5738,332309,10,400880
30601,0.03441,172.31.36.0-255,66,332375,10,400880
30602,0.036695,74.125.130.0-255,5738,338113,10,400880
30603,0.036702,172.31.36.0-255,66,338179,10,400880
30604,0.038995,74.125.130.0-255,5738,343917,10,400880
30605,0.039001,172.31.36.0-255,66,343983,10,400880
30606,0.041296,74.125.130.0-255,5738,349721,10,400880
30607,0.041302,172.31.36.0-255,66,349787,10,400880
30608,0.0436,74.125.130.0-255,5738,355525,10,400880
30609,0.043609,172.31.36.0-255,66,355591,10,400880
30610,0.045916,74.125.130.0-255,5738,361329,10,400880
30611,0.045926,172.31.36.0-255,66,361395,10,400880
30612,0.048221,74.125.130.0-255,5738,367133,10,400880
30613,0.048227,172.31.36.0-255,66,367199,10,400880
30614,0.050533,74.125.130.0-255,5738,372937,10,400880
30615,0.050539,172.31.36.0-255,66,373003,10,400880
30616,0.052867,74.125.130.0-255,5738,378741,10,400880
30617,0.052873,172.31.36.0-255,66,378807,10,400880
30618,0.055174,74.125.130.0-255,5738,384545,10,400880
30619,0.05518,172.31.36.0-255,66,384611,10,400880
30620,0.057492,74.125.130.0-255,5738,390349,10,400880
30621,0.057499,172.31.36.0-255,66,390415,10,400880
30622,0.059786,74.125.130.0-255,5738,396153,10,400880
30623,0.059792,172.31.36.0-255,66,396219,10,400880
30624,0.062083,74.125.130.0-255,4424,400643,10,400880
30625,0.062089,172.31.36.0-255,66,400709,10,400880
30626,0.062278,172.31.36.0-255,105,400814,10,400880
30627,0.064533,74.125.130.0-255,66,400880,10,400880
30628,0.0,74.125.24.0-255,156,156,10,337306
30629,2.4e-05,172.31.36.0-255,66,222,10,337306
30630,3.2e-05,74.125.24.0-255,1484,1706,10,337306
30631,3.6e-05,172.31.36.0-255,66,1772,10,337306
30632,4.2e-05,74.125.24.0-255,2902,4674,10,337306
30633,4.5e-05,172.31.36.0-255,66,4740,10,337306
30634,5.3e-05,74.125.24.0-255,7156,11896,10,337306
30635,5.6e-05,172.31.36.0-255,66,11962,10,337306
30636,6e-05,74.125.24.0-255,2066,14028,10,337306
30637,6.3e-05,172.31.36.0-255,66,14094,10,337306
30638,0.000249,74.125.24.0-255,1484,15578,10,337306
30639,0.000254,172.31.36.0-255,66,15644,10,337306
30640,0.000261,74.125.24.0-255,2902,18546,10,337306
30641,0.000265,172.31.36.0-255,66,18612,10,337306
30642,0.000271,74.125.24.0-255,5738,24350,10,337306
30643,0.000274,172.31.36.0-255,66,24416,10,337306
30644,0.000278,74.125.24.0-255,2902,27318,10,337306
30645,0.00028,172.31.36.0-255,66,27384,10,337306
30646,0.000306,74.125.24.0-255,3961,31345,10,337306
30647,0.000308,172.31.36.0-255,66,31411,10,337306
30648,0.000316,74.125.24.0-255,7156,38567,10,337306
30649,0.000319,172.31.36.0-255,66,38633,10,337306
30650,0.000367,172.31.36.0-255,66,38699,10,337306
30651,0.000378,172.31.36.0-255,66,38765,10,337306
30652,0.000382,74.125.24.0-255,2481,41246,10,337306
30653,0.000384,172.31.36.0-255,66,41312,10,337306
30654,0.000519,74.125.24.0-255,380,41692,10,337306
30655,0.000523,172.31.36.0-255,66,41758,10,337306
30656,0.000552,74.125.24.0-255,1484,43242,10,337306
30657,0.000556,172.31.36.0-255,66,43308,10,337306
30658,0.000559,74.125.24.0-255,1484,44792,10,337306
30659,0.000575,74.125.24.0-255,2902,47694,10,337306
30660,0.000578,74.125.24.0-255,1484,49178,10,337306
30661,0.000585,172.31.36.0-255,66,49244,10,337306
30662,0.000618,74.125.24.0-255,5738,54982,10,337306
30663,0.000624,172.31.36.0-255,66,55048,10,337306
30664,0.000649,74.125.24.0-255,7156,62204,10,337306
30665,0.000666,74.125.24.0-255,5020,67224,10,337306
30666,0.000671,172.31.36.0-255,66,67290,10,337306
30667,0.000716,74.125.24.0-255,5738,73028,10,337306
30668,0.000737,74.125.24.0-255,7156,80184,10,337306
30669,0.000744,74.125.24.0-255,7156,87340,10,337306
30670,0.000777,172.31.36.0-255,66,87406,10,337306
30671,0.00131,74.125.24.0-255,1484,88890,10,337306
30672,0.001313,74.125.24.0-255,1484,90374,10,337306
30673,0.001325,172.31.36.0-255,66,90440,10,337306
30674,0.00133,74.125.24.0-255,1484,91924,10,337306
30675,0.001352,74.125.24.0-255,5738,97662,10,337306
30676,0.001369,172.31.36.0-255,66,97728,10,337306
30677,0.001378,74.125.24.0-255,1484,99212,10,337306
30678,0.00138,74.125.24.0-255,1484,100696,10,337306
30679,0.001385,172.31.36.0-255,66,100762,10,337306
30680,0.001419,74.125.24.0-255,5738,106500,10,337306
30681,0.001428,172.31.36.0-255,66,106566,10,337306
30682,0.001437,74.125.24.0-255,3602,110168,10,337306
30683,0.001447,172.31.36.0-255,66,110234,10,337306
30684,0.001835,74.125.24.0-255,1484,111718,10,337306
30685,0.001841,74.125.24.0-255,2902,114620,10,337306
30686,0.001844,172.31.36.0-255,66,114686,10,337306
30687,0.001852,74.125.24.0-255,5738,120424,10,337306
30688,0.001876,74.125.24.0-255,4320,124744,10,337306
30689,0.001899,172.31.36.0-255,66,124810,10,337306
30690,0.001954,74.125.24.0-255,1484,126294,10,337306
30691,0.001962,172.31.36.0-255,66,126360,10,337306
30692,0.002003,74.125.24.0-255,7156,133516,10,337306
30693,0.002029,74.125.24.0-255,1484,135000,10,337306
30694,0.002036,74.125.24.0-255,5738,140738,10,337306
30695,0.002053,74.125.24.0-255,5738,146476,10,337306
30696,0.002078,74.125.24.0-255,2184,148660,10,337306
30697,0.006229,172.31.36.0-255,66,148726,10,337306
30698,0.008263,74.125.24.0-255,5738,154464,10,337306
30699,0.008273,172.31.36.0-255,66,154530,10,337306
30700,0.01034,74.125.24.0-255,5738,160268,10,337306
30701,0.010352,172.31.36.0-255,66,160334,10,337306
30702,0.012422,74.125.24.0-255,5738,166072,10,337306
30703,0.013073,172.31.36.0-255,66,166138,10,337306
30704,0.015102,74.125.24.0-255,5738,171876,10,337306
30705,0.015118,172.31.36.0-255,66,171942,10,337306
30706,0.017178,74.125.24.0-255,5738,177680,10,337306
30707,0.017196,172.31.36.0-255,66,177746,10,337306
30708,0.019263,74.125.24.0-255,5738,183484,10,337306
30709,0.019279,172.31.36.0-255,66,183550,10,337306
30710,0.021348,74.125.24.0-255,5738,189288,10,337306
30711,0.021363,172.31.36.0-255,66,189354,10,337306
30712,0.023456,74.125.24.0-255,5738,195092,10,337306
30713,0.023471,172.31.36.0-255,66,195158,10,337306
30714,0.025544,74.125.24.0-255,5738,200896,10,337306
30715,0.025558,172.31.36.0-255,66,200962,10,337306
30716,0.027647,74.125.24.0-255,5738,206700,10,337306
30717,0.02766,172.31.36.0-255,66,206766,10,337306
30718,0.029715,74.125.24.0-255,5738,212504,10,337306
30719,0.029723,172.31.36.0-255,66,212570,10,337306
30720,0.03179,74.125.24.0-255,5738,218308,10,337306
30721,0.034161,172.31.36.0-255,66,218374,10,337306
30722,0.036213,74.125.24.0-255,5738,224112,10,337306
30723,0.036228,172.31.36.0-255,66,224178,10,337306
30724,0.038233,74.125.24.0-255,5738,229916,10,337306
30725,0.038239,172.31.36.0-255,66,229982,10,337306
30726,0.040096,172.31.36.0-255,167,230149,10,337306
30727,0.040131,172.31.36.0-255,1111,231260,10,337306
30728,0.040194,172.31.36.0-255,1514,232774,10,337306
30729,0.040196,172.31.36.0-255,1292,234066,10,337306
30730,0.040281,74.125.24.0-255,5738,239804,10,337306
30731,0.040286,172.31.36.0-255,66,239870,10,337306
30732,0.041642,104.244.42.0-255,66,239936,10,337306
30733,0.04185,104.244.42.0-255,66,240002,10,337306
30734,0.041855,104.244.42.0-255,66,240068,10,337306
30735,0.042386,74.125.24.0-255,5738,245806,10,337306
30736,0.042392,172.31.36.0-255,66,245872,10,337306
30737,0.044453,74.125.24.0-255,5738,251610,10,337306
30738,0.044461,172.31.36.0-255,66,251676,10,337306
30739,0.046557,74.125.24.0-255,5738,257414,10,337306
30740,0.046564,172.31.36.0-255,66,257480,10,337306
30741,0.04863,74.125.24.0-255,5738,263218,10,337306
30742,0.048637,172.31.36.0-255,66,263284,10,337306
30743,0.05068,74.125.24.0-255,5738,269022,10,337306
30744,0.050686,172.31.36.0-255,66,269088,10,337306
30745,0.052756,74.125.24.0-255,5738,274826,10,337306
30746,0.052763,172.31.36.0-255,66,274892,10,337306
30747,0.054803,74.125.24.0-255,5738,280630,10,337306
30748,0.054809,172.31.36.0-255,66,280696,10,337306
30749,0.056821,74.125.24.0-255,5738,286434,10,337306
30750,0.056829,172.31.36.0-255,66,286500,10,337306
30751,0.058876,74.125.24.0-255,5738,292238,10,337306
30752,0.058883,172.31.36.0-255,66,292304,10,337306
30753,0.060911,74.125.24.0-255,5738,298042,10,337306
30754,0.060918,172.31.36.0-255,66,298108,10,337306
30755,0.062954,74.125.24.0-255,5738,303846,10,337306
30756,0.062962,172.31.36.0-255,66,303912,10,337306
30757,0.064991,74.125.24.0-255,5738,309650,10,337306
30758,0.064998,172.31.36.0-255,66,309716,10,337306
30759,0.06701,74.125.24.0-255,5738,315454,10,337306
30760,0.067016,172.31.36.0-255,66,315520,10,337306
30761,0.069047,74.125.24.0-255,5738,321258,10,337306
30762,0.069054,172.31.36.0-255,66,321324,10,337306
30763,0.071094,74.125.24.0-255,5738,327062,10,337306
30764,0.071105,172.31.36.0-255,66,327128,10,337306
30765,0.073127,74.125.24.0-255,5738,332866,10,337306
30766,0.073133,172.31.36.0-255,66,332932,10,337306
30767,0.075177,74.125.24.0-255,3546,336478,10,337306
30768,0.075184,172.31.36.0-255,66,336544,10,337306
30769,0.075362,172.31.36.0-255,105,336649,10,337306
30770,0.075398,172.31.36.0-255,105,336754,10,337306
30771,0.07569,172.31.36.0-255,90,336844,10,337306
30772,0.075707,172.31.36.0-255,66,336910,10,337306
30773,0.0774,74.125.24.0-255,66,336976,10,337306
30774,0.077429,74.125.24.0-255,66,337042,10,337306
30775,0.077649,74.125.24.0-255,66,337108,10,337306
30776,0.077678,74.125.24.0-255,66,337174,10,337306
30777,0.077683,172.31.36.0-255,66,337240,10,337306
30778,0.077726,74.125.24.0-255,66,337306,10,337306
30779,0.0,74.125.24.0-255,142,142,10,374521
30780,2.3e-05,172.31.36.0-255,66,208,10,374521
30781,3.1e-05,74.125.24.0-255,1484,1692,10,374521
30782,3.6e-05,172.31.36.0-255,66,1758,10,374521
30783,4.2e-05,74.125.24.0-255,2902,4660,10,374521
30784,4.5e-05,172.31.36.0-255,66,4726,10,374521
30785,5.3e-05,74.125.24.0-255,7156,11882,10,374521
30786,5.6e-05,172.31.36.0-255,66,11948,10,374521
30787,6e-05,74.125.24.0-255,2082,14030,10,374521
30788,6.3e-05,172.31.36.0-255,66,14096,10,374521
30789,0.000419,74.125.24.0-255,1484,15580,10,374521
30790,0.000425,172.31.36.0-255,66,15646,10,374521
30791,0.000431,74.125.24.0-255,2902,18548,10,374521
30792,0.000433,172.31.36.0-255,66,18614,10,374521
30793,0.000457,74.125.24.0-255,5738,24352,10,374521
30794,0.000459,172.31.36.0-255,66,24418,10,374521
30795,0.000463,74.125.24.0-255,2902,27320,10,374521
30796,0.000466,172.31.36.0-255,66,27386,10,374521
30797,0.000505,74.125.24.0-255,4320,31706,10,374521
30798,0.000508,172.31.36.0-255,66,31772,10,374521
30799,0.00053,74.125.24.0-255,6797,38569,10,374521
30800,0.000532,172.31.36.0-255,66,38635,10,374521
30801,0.000538,74.125.24.0-255,5738,44373,10,374521
30802,0.00054,172.31.36.0-255,66,44439,10,374521
30803,0.000555,74.125.24.0-255,2902,47341,10,374521
30804,0.000558,172.31.36.0-255,66,47407,10,374521
30805,0.000576,74.125.24.0-255,1125,48532,10,374521
30806,0.000578,172.31.36.0-255,66,48598,10,374521
30807,0.00061,74.125.24.0-255,1484,50082,10,374521
30808,0.000614,172.31.36.0-255,66,50148,10,374521
30809,0.000619,74.125.24.0-255,2902,53050,10,374521
30810,0.000621,172.31.36.0-255,66,53116,10,374521
30811,0.000626,74.125.24.0-255,2902,56018,10,374521
30812,0.00064,74.125.24.0-255,2902,58920,10,374521
30813,0.000649,172.31.36.0-255,66,58986,10,374521
30814,0.00066,74.125.24.0-255,4320,63306,10,374521
30815,0.000665,172.31.36.0-255,66,63372,10,374521
30816,0.000681,74.125.24.0-255,2888,66260,10,374521
30817,0.000697,172.31.36.0-255,66,66326,10,374521
30818,0.000743,74.125.24.0-255,1484,67810,10,374521
30819,0.000747,74.125.24.0-255,2902,70712,10,374521
30820,0.000759,74.125.24.0-255,1484,72196,10,374521
30821,0.000771,172.31.36.0-255,66,72262,10,374521
30822,0.000781,74.125.24.0-255,4320,76582,10,374521
30823,0.000786,74.125.24.0-255,1484,78066,10,374521
30824,0.00079,172.31.36.0-255,66,78132,10,374521
30825,0.000798,74.125.24.0-255,1484,79616,10,374521
30826,0.000815,74.125.24.0-255,4320,83936,10,374521
30827,0.000838,74.125.24.0-255,2902,86838,10,374521
30828,0.000844,172.31.36.0-255,66,86904,10,374521
30829,0.000856,74.125.24.0-255,5623,92527,10,374521
30830,0.000877,172.31.36.0-255,66,92593,10,374521
30831,0.001283,74.125.24.0-255,1484,94077,10,374521
30832,0.00129,74.125.24.0-255,2902,96979,10,374521
30833,0.001293,172.31.36.0-255,66,97045,10,374521
30834,0.0013,74.125.24.0-255,5738,102783,10,374521
30835,0.001318,74.125.24.0-255,7156,109939,10,374521
30836,0.001334,172.31.36.0-255,66,110005,10,374521
30837,0.001341,74.125.24.0-255,5738,115743,10,374521
30838,0.001348,172.31.36.0-255,66,115809,10,374521
30839,0.001369,74.125.24.0-255,2184,117993,10,374521
30840,0.00139,172.31.36.0-255,66,118059,10,374521
30841,0.001925,74.125.24.0-255,1484,119543,10,374521
30842,0.001936,74.125.24.0-255,2902,122445,10,374521
30843,0.001941,172.31.36.0-255,66,122511,10,374521
30844,0.001949,74.125.24.0-255,5738,128249,10,374521
30845,0.001991,74.125.24.0-255,2902,131151,10,374521
30846,0.001998,74.125.24.0-255,5738,136889,10,374521
30847,0.002034,74.125.24.0-255,5020,141909,10,374521
30848,0.007474,172.31.36.0-255,66,141975,10,374521
30849,0.009523,74.125.24.0-255,5738,147713,10,374521
30850,0.009533,172.31.36.0-255,66,147779,10,374521
30851,0.011594,74.125.24.0-255,5738,153517,10,374521
30852,0.012207,172.31.36.0-255,66,153583,10,374521
30853,0.014264,74.125.24.0-255,5738,159321,10,374521
30854,0.014273,172.31.36.0-255,66,159387,10,374521
30855,0.016317,74.125.24.0-255,5738,165125,10,374521
30856,0.016326,172.31.36.0-255,66,165191,10,374521
30857,0.018359,74.125.24.0-255,5738,170929,10,374521
30858,0.018367,172.31.36.0-255,66,170995,10,374521
30859,0.020433,74.125.24.0-255,5738,176733,10,374521
30860,0.020443,172.31.36.0-255,66,176799,10,374521
30861,0.022492,74.125.24.0-255,5738,182537,10,374521
30862,0.022502,172.31.36.0-255,66,182603,10,374521
30863,0.023997,172.31.36.0-255,164,182767,10,374521
30864,0.024027,172.31.36.0-255,1120,183887,10,374521
30865,0.024198,172.31.36.0-255,1514,185401,10,374521
30866,0.024201,172.31.36.0-255,1514,186915,10,374521
30867,0.024202,172.31.36.0-255,1514,188429,10,374521
30868,0.024203,172.31.36.0-255,100,188529,10,374521
30869,0.024596,74.125.24.0-255,5738,194267,10,374521
30870,0.024604,172.31.36.0-255,66,194333,10,374521
30871,0.025573,104.244.42.0-255,66,194399,10,374521
30872,0.02561,104.244.42.0-255,66,194465,10,374521
30873,0.025767,104.244.42.0-255,66,194531,10,374521
30874,0.025781,104.244.42.0-255,66,194597,10,374521
30875,0.026661,74.125.24.0-255,5738,200335,10,374521
30876,0.026667,172.31.36.0-255,66,200401,10,374521
30877,0.028733,74.125.24.0-255,5738,206139,10,374521
30878,0.028739,172.31.36.0-255,66,206205,10,374521
30879,0.030766,74.125.24.0-255,5738,211943,10,374521
30880,0.030773,172.31.36.0-255,66,212009,10,374521
30881,0.032865,74.125.24.0-255,5738,217747,10,374521
30882,0.032872,172.31.36.0-255,66,217813,10,374521
30883,0.03492,74.125.24.0-255,5738,223551,10,374521
30884,0.034926,172.31.36.0-255,66,223617,10,374521
30885,0.03697,74.125.24.0-255,5738,229355,10,374521
30886,0.036978,172.31.36.0-255,66,229421,10,374521
30887,0.039021,74.125.24.0-255,5738,235159,10,374521
30888,0.039028,172.31.36.0-255,66,235225,10,374521
30889,0.041075,74.125.24.0-255,5738,240963,10,374521
30890,0.041081,172.31.36.0-255,66,241029,10,374521
30891,0.043121,74.125.24.0-255,5738,246767,10,374521
30892,0.043128,172.31.36.0-255,66,246833,10,374521
30893,0.045197,74.125.24.0-255,5738,252571,10,374521
30894,0.045204,172.31.36.0-255,66,252637,10,374521
30895,0.04724,74.125.24.0-255,5738,258375,10,374521
30896,0.047247,172.31.36.0-255,66,258441,10,374521
30897,0.049353,74.125.24.0-255,5738,264179,10,374521
30898,0.049364,172.31.36.0-255,66,264245,10,374521
30899,0.0514,74.125.24.0-255,5738,269983,10,374521
30900,0.051407,172.31.36.0-255,66,270049,10,374521
30901,0.053476,74.125.24.0-255,5738,275787,10,374521
30902,0.053483,172.31.36.0-255,66,275853,10,374521
30903,0.055529,74.125.24.0-255,5738,281591,10,374521
30904,0.055537,172.31.36.0-255,66,281657,10,374521
30905,0.057573,74.125.24.0-255,5738,287395,10,374521
30906,0.057581,172.31.36.0-255,66,287461,10,374521
30907,0.059634,74.125.24.0-255,5738,293199,10,374521
30908,0.05964,172.31.36.0-255,66,293265,10,374521
30909,0.06171,74.125.24.0-255,5738,299003,10,374521
30910,0.061716,172.31.36.0-255,66,299069,10,374521
30911,0.063745,74.125.24.0-255,5738,304807,10,374521
30912,0.063752,172.31.36.0-255,66,304873,10,374521
30913,0.065798,74.125.24.0-255,5738,310611,10,374521
30914,0.065805,172.31.36.0-255,66,310677,10,374521
30915,0.067871,74.125.24.0-255,5738,316415,10,374521
30916,0.067878,172.31.36.0-255,66,316481,10,374521
30917,0.069926,74.125.24.0-255,5738,322219,10,374521
30918,0.069935,172.31.36.0-255,66,322285,10,374521
30919,0.071997,74.125.24.0-255,5738,328023,10,374521
30920,0.072007,172.31.36.0-255,66,328089,10,374521
30921,0.074072,74.125.24.0-255,5738,333827,10,374521
30922,0.07408,172.31.36.0-255,66,333893,10,374521
30923,0.076192,74.125.24.0-255,5738,339631,10,374521
30924,0.0762,172.31.36.0-255,66,339697,10,374521
30925,0.078268,74.125.24.0-255,5738,345435,10,374521
30926,0.078277,172.31.36.0-255,66,345501,10,374521
30927,0.080343,74.125.24.0-255,5738,351239,10,374521
30928,0.080351,172.31.36.0-255,66,351305,10,374521
30929,0.082408,74.125.24.0-255,5738,357043,10,374521
30930,0.082417,172.31.36.0-255,66,357109,10,374521
30931,0.084477,74.125.24.0-255,5738,362847,10,374521
30932,0.084486,172.31.36.0-255,66,362913,10,374521
30933,0.086543,74.125.24.0-255,5738,368651,10,374521
30934,0.08655,172.31.36.0-255,66,368717,10,374521
30935,0.088607,74.125.24.0-255,5738,374455,10,374521
30936,0.088614,172.31.36.0-255,66,374521,10,374521
30937,0.0,74.125.24.0-255,297,297,10,334217
30938,2.4e-05,172.31.36.0-255,66,363,10,334217
30939,3.1e-05,74.125.24.0-255,1484,1847,10,334217
30940,3.6e-05,172.31.36.0-255,66,1913,10,334217
30941,4.3e-05,74.125.24.0-255,4320,6233,10,334217
30942,4.6e-05,172.31.36.0-255,66,6299,10,334217
30943,6.2e-05,74.125.24.0-255,7156,13455,10,334217
30944,6.6e-05,172.31.36.0-255,66,13521,10,334217
30945,9.8e-05,172.31.36.0-255,66,13587,10,334217
30946,0.000129,74.125.24.0-255,3961,17548,10,334217
30947,0.000133,172.31.36.0-255,66,17614,10,334217
30948,0.000236,74.125.24.0-255,1484,19098,10,334217
30949,0.00024,172.31.36.0-255,66,19164,10,334217
30950,0.000245,74.125.24.0-255,2902,22066,10,334217
30951,0.000248,172.31.36.0-255,66,22132,10,334217
30952,0.000251,74.125.24.0-255,1484,23616,10,334217
30953,0.000258,172.31.36.0-255,66,23682,10,334217
30954,0.000289,74.125.24.0-255,4320,28002,10,334217
30955,0.000292,172.31.36.0-255,66,28068,10,334217
30956,0.000299,74.125.24.0-255,5738,33806,10,334217
30957,0.000301,172.31.36.0-255,66,33872,10,334217
30958,0.000313,74.125.24.0-255,1125,34997,10,334217
30959,0.000315,172.31.36.0-255,66,35063,10,334217
30960,0.000379,74.125.24.0-255,1484,36547,10,334217
30961,0.000382,172.31.36.0-255,66,36613,10,334217
30962,0.000387,74.125.24.0-255,2902,39515,10,334217
30963,0.00039,172.31.36.0-255,66,39581,10,334217
30964,0.000397,74.125.24.0-255,1484,41065,10,334217
30965,0.000399,172.31.36.0-255,66,41131,10,334217
30966,0.000427,74.125.24.0-255,4320,45451,10,334217
30967,0.00043,172.31.36.0-255,66,45517,10,334217
30968,0.000437,74.125.24.0-255,6797,52314,10,334217
30969,0.00044,172.31.36.0-255,66,52380,10,334217
30970,0.000499,74.125.24.0-255,362,52742,10,334217
30971,0.000613,74.125.24.0-255,1484,54226,10,334217
30972,0.000619,172.31.36.0-255,66,54292,10,334217
30973,0.000624,74.125.24.0-255,2902,57194,10,334217
30974,0.000627,172.31.36.0-255,66,57260,10,334217
30975,0.000633,74.125.24.0-255,5738,62998,10,334217
30976,0.000641,172.31.36.0-255,66,63064,10,334217
30977,0.000681,74.125.24.0-255,4320,67384,10,334217
30978,0.000684,172.31.36.0-255,66,67450,10,334217
30979,0.000719,74.125.24.0-255,6797,74247,10,334217
30980,0.000722,172.31.36.0-255,66,74313,10,334217
30981,0.000741,172.31.36.0-255,66,74379,10,334217
30982,0.000744,74.125.24.0-255,860,75239,10,334217
30983,0.000747,74.125.24.0-255,1484,76723,10,334217
30984,0.000749,172.31.36.0-255,66,76789,10,334217
30985,0.000779,74.125.24.0-255,4320,81109,10,334217
30986,0.000782,172.31.36.0-255,66,81175,10,334217
30987,0.000794,172.31.36.0-255,66,81241,10,334217
30988,0.000813,74.125.24.0-255,1142,82383,10,334217
30989,0.000938,74.125.24.0-255,1484,83867,10,334217
30990,0.000942,172.31.36.0-255,66,83933,10,334217
30991,0.000948,74.125.24.0-255,2902,86835,10,334217
30992,0.00095,172.31.36.0-255,66,86901,10,334217
30993,0.000982,74.125.24.0-255,5738,92639,10,334217
30994,0.000984,172.31.36.0-255,66,92705,10,334217
30995,0.00099,74.125.24.0-255,5738,98443,10,334217
30996,0.000992,172.31.36.0-255,66,98509,10,334217
30997,0.001025,172.31.36.0-255,66,98575,10,334217
30998,0.001053,74.125.24.0-255,4320,102895,10,334217
30999,0.001057,172.31.36.0-255,66,102961,10,334217
31000,0.001063,74.125.24.0-255,5020,107981,10,334217
31001,0.001065,172.31.36.0-255,66,108047,10,334217
31002,0.001699,74.125.24.0-255,1484,109531,10,334217
31003,0.001704,74.125.24.0-255,1484,111015,10,334217
31004,0.001708,172.31.36.0-255,66,111081,10,334217
31005,0.001726,74.125.24.0-255,1484,112565,10,334217
31006,0.001733,74.125.24.0-255,4320,116885,10,334217
31007,0.001735,172.31.36.0-255,66,116951,10,334217
31008,0.001758,74.125.24.0-255,1484,118435,10,334217
31009,0.001766,74.125.24.0-255,7156,125591,10,334217
31010,0.001768,172.31.36.0-255,66,125657,10,334217
31011,0.001771,74.125.24.0-255,1484,127141,10,334217
31012,0.001816,172.31.36.0-255,66,127207,10,334217
31013,0.001821,74.125.24.0-255,2184,129391,10,334217
31014,0.001823,172.31.36.0-255,66,129457,10,334217
31015,0.001826,74.125.24.0-255,1484,130941,10,334217
31016,0.001844,74.125.24.0-255,2902,133843,10,334217
31017,0.001846,172.31.36.0-255,66,133909,10,334217
31018,0.001858,74.125.24.0-255,5738,139647,10,334217
31019,0.00186,172.31.36.0-255,66,139713,10,334217
31020,0.001903,172.31.36.0-255,66,139779,10,334217
31021,0.001909,74.125.24.0-255,4320,144099,10,334217
31022,0.001911,172.31.36.0-255,66,144165,10,334217
31023,0.001926,172.31.36.0-255,66,144231,10,334217
31024,0.001957,74.125.24.0-255,2184,146415,10,334217
31025,0.001959,172.31.36.0-255,66,146481,10,334217
31026,0.002076,74.125.24.0-255,1484,147965,10,334217
31027,0.002082,74.125.24.0-255,2902,150867,10,334217
31028,0.002085,172.31.36.0-255,66,150933,10,334217
31029,0.002089,74.125.24.0-255,2902,153835,10,334217
31030,0.002091,172.31.36.0-255,66,153901,10,334217
31031,0.002111,74.125.24.0-255,2902,156803,10,334217
31032,0.002113,172.31.36.0-255,66,156869,10,334217
31033,0.002135,172.31.36.0-255,66,156935,10,334217
31034,0.002167,74.125.24.0-255,2902,159837,10,334217
31035,0.002169,172.31.36.0-255,66,159903,10,334217
31036,0.002181,172.31.36.0-255,66,159969,10,334217
31037,0.00219,74.125.24.0-255,2184,162153,10,334217
31038,0.002193,172.31.36.0-255,66,162219,10,334217
31039,0.004461,74.125.24.0-255,2902,165121,10,334217
31040,0.004469,172.31.36.0-255,66,165187,10,334217
31041,0.004495,74.125.24.0-255,2902,168089,10,334217
31042,0.004498,172.31.36.0-255,66,168155,10,334217
31043,0.006751,74.125.24.0-255,5738,173893,10,334217
31044,0.006755,172.31.36.0-255,66,173959,10,334217
31045,0.009033,74.125.24.0-255,5738,179697,10,334217
31046,0.009039,172.31.36.0-255,66,179763,10,334217
31047,0.011294,74.125.24.0-255,5738,185501,10,334217
31048,0.011303,172.31.36.0-255,66,185567,10,334217
31049,0.013617,74.125.24.0-255,5738,191305,10,334217
31050,0.013633,172.31.36.0-255,66,191371,10,334217
31051,0.015897,74.125.24.0-255,5738,197109,10,334217
31052,0.015907,172.31.36.0-255,66,197175,10,334217
31053,0.018213,74.125.24.0-255,5738,202913,10,334217
31054,0.018223,172.31.36.0-255,66,202979,10,334217
31055,0.020503,74.125.24.0-255,5738,208717,10,334217
31056,0.02051,172.31.36.0-255,66,208783,10,334217
31057,0.022789,74.125.24.0-255,5738,214521,10,334217
31058,0.022797,172.31.36.0-255,66,214587,10,334217
31059,0.025062,74.125.24.0-255,5738,220325,10,334217
31060,0.025069,172.31.36.0-255,66,220391,10,334217
31061,0.027358,74.125.24.0-255,5738,226129,10,334217
31062,0.027365,172.31.36.0-255,66,226195,10,334217
31063,0.029643,74.125.24.0-255,5738,231933,10,334217
31064,0.029652,172.31.36.0-255,66,231999,10,334217
31065,0.03195,74.125.24.0-255,5738,237737,10,334217
31066,0.031961,172.31.36.0-255,66,237803,10,334217
31067,0.033125,172.31.36.0-255,172,237975,10,334217
31068,0.03316,172.31.36.0-255,1112,239087,10,334217
31069,0.033224,172.31.36.0-255,1514,240601,10,334217
31070,0.033226,172.31.36.0-255,1291,241892,10,334217
31071,0.034257,74.125.24.0-255,5738,247630,10,334217
31072,0.034266,172.31.36.0-255,66,247696,10,334217
31073,0.034626,104.244.42.0-255,66,247762,10,334217
31074,0.03471,104.244.42.0-255,66,247828,10,334217
31075,0.034765,104.244.42.0-255,66,247894,10,334217
31076,0.036552,74.125.24.0-255,5738,253632,10,334217
31077,0.036557,172.31.36.0-255,66,253698,10,334217
31078,0.038861,74.125.24.0-255,4320,258018,10,334217
31079,0.038868,172.31.36.0-255,66,258084,10,334217
31080,0.038901,74.125.24.0-255,1484,259568,10,334217
31081,0.041134,74.125.24.0-255,4320,263888,10,334217
31082,0.04114,172.31.36.0-255,66,263954,10,334217
31083,0.043392,74.125.24.0-255,5738,269692,10,334217
31084,0.043399,172.31.36.0-255,66,269758,10,334217
31085,0.045687,74.125.24.0-255,5738,275496,10,334217
31086,0.045694,172.31.36.0-255,66,275562,10,334217
31087,0.047956,74.125.24.0-255,5738,281300,10,334217
31088,0.047963,172.31.36.0-255,66,281366,10,334217
31089,0.050261,74.125.24.0-255,5738,287104,10,334217
31090,0.050268,172.31.36.0-255,66,287170,10,334217
31091,0.052537,74.125.24.0-255,5738,292908,10,334217
31092,0.052545,172.31.36.0-255,66,292974,10,334217
31093,0.054839,74.125.24.0-255,5738,298712,10,334217
31094,0.054846,172.31.36.0-255,66,298778,10,334217
31095,0.057109,74.125.24.0-255,5738,304516,10,334217
31096,0.057116,172.31.36.0-255,66,304582,10,334217
31097,0.059397,74.125.24.0-255,5738,310320,10,334217
31098,0.059405,172.31.36.0-255,66,310386,10,334217
31099,0.061663,74.125.24.0-255,5738,316124,10,334217
31100,0.06167,172.31.36.0-255,66,316190,10,334217
31101,0.063919,74.125.24.0-255,5738,321928,10,334217
31102,0.063926,172.31.36.0-255,66,321994,10,334217
31103,0.0662,74.125.24.0-255,5738,327732,10,334217
31104,0.066207,172.31.36.0-255,66,327798,10,334217
31105,0.068487,74.125.24.0-255,5738,333536,10,334217
31106,0.068493,172.31.36.0-255,66,333602,10,334217
31107,0.070723,74.125.24.0-255,378,333980,10,334217
31108,0.070943,172.31.36.0-255,66,334046,10,334217
31109,0.070982,172.31.36.0-255,105,334151,10,334217
31110,0.073218,74.125.24.0-255,66,334217,10,334217
31111,0.0,172.217.194.0-255,153,153,10,188012
31112,3.1e-05,172.31.36.0-255,66,219,10,188012
31113,3.9e-05,172.217.194.0-255,1484,1703,10,188012
31114,4.3e-05,172.31.36.0-255,66,1769,10,188012
31115,4.8e-05,172.217.194.0-255,2902,4671,10,188012
31116,5.1e-05,172.31.36.0-255,66,4737,10,188012
31117,5.6e-05,172.217.194.0-255,4320,9057,10,188012
31118,6e-05,172.31.36.0-255,66,9123,10,188012
31119,6.6e-05,172.217.194.0-255,5738,14861,10,188012
31120,6.9e-05,172.31.36.0-255,66,14927,10,188012
31121,9.9e-05,172.217.194.0-255,3439,18366,10,188012
31122,0.000101,172.31.36.0-255,66,18432,10,188012
31123,0.000115,172.31.36.0-255,66,18498,10,188012
31124,0.0002,172.217.194.0-255,1484,19982,10,188012
31125,0.000204,172.31.36.0-255,66,20048,10,188012
31126,0.00021,172.217.194.0-255,2902,22950,10,188012
31127,0.000213,172.31.36.0-255,66,23016,10,188012
31128,0.000218,172.217.194.0-255,2902,25918,10,188012
31129,0.00022,172.31.36.0-255,66,25984,10,188012
31130,0.000247,172.217.194.0-255,2902,28886,10,188012
31131,0.00025,172.31.36.0-255,66,28952,10,188012
31132,0.000257,172.217.194.0-255,6797,35749,10,188012
31133,0.000259,172.31.36.0-255,66,35815,10,188012
31134,0.000398,172.217.194.0-255,1484,37299,10,188012
31135,0.000403,172.217.194.0-255,2902,40201,10,188012
31136,0.000406,172.31.36.0-255,66,40267,10,188012
31137,0.00041,172.31.36.0-255,66,40333,10,188012
31138,0.000423,172.217.194.0-255,5738,46071,10,188012
31139,0.000427,172.31.36.0-255,66,46137,10,188012
31140,0.000453,172.217.194.0-255,6797,52934,10,188012
31141,0.000456,172.31.36.0-255,66,53000,10,188012
31142,0.000469,172.217.194.0-255,648,53648,10,188012
31143,0.000564,172.217.194.0-255,1484,55132,10,188012
31144,0.000567,172.31.36.0-255,66,55198,10,188012
31145,0.000574,172.217.194.0-255,2902,58100,10,188012
31146,0.000577,172.31.36.0-255,66,58166,10,188012
31147,0.000584,172.217.194.0-255,5738,63904,10,188012
31148,0.000586,172.31.36.0-255,66,63970,10,188012
31149,0.000589,172.217.194.0-255,1484,65454,10,188012
31150,0.000603,172.217.194.0-255,1484,66938,10,188012
31151,0.000606,172.31.36.0-255,66,67004,10,188012
31152,0.000634,172.217.194.0-255,7156,74160,10,188012
31153,0.000637,172.31.36.0-255,66,74226,10,188012
31154,0.000673,172.31.36.0-255,66,74292,10,188012
31155,0.000693,172.217.194.0-255,3602,77894,10,188012
31156,0.000696,172.31.36.0-255,66,77960,10,188012
31157,0.000782,172.217.194.0-255,1484,79444,10,188012
31158,0.0008,172.217.194.0-255,2902,82346,10,188012
31159,0.000804,172.31.36.0-255,66,82412,10,188012
31160,0.000809,172.217.194.0-255,2902,85314,10,188012
31161,0.000811,172.31.36.0-255,66,85380,10,188012
31162,0.000825,172.217.194.0-255,2902,88282,10,188012
31163,0.000827,172.31.36.0-255,66,88348,10,188012
31164,0.000833,172.217.194.0-255,4320,92668,10,188012
31165,0.000836,172.31.36.0-255,66,92734,10,188012
31166,0.000855,172.31.36.0-255,66,92800,10,188012
31167,0.000871,172.217.194.0-255,1484,94284,10,188012
31168,0.000895,172.31.36.0-255,66,94350,10,188012
31169,0.001197,172.217.194.0-255,1484,95834,10,188012
31170,0.001222,172.217.194.0-255,2902,98736,10,188012
31171,0.001226,172.31.36.0-255,66,98802,10,188012
31172,0.001233,172.217.194.0-255,5738,104540,10,188012
31173,0.001236,172.31.36.0-255,66,104606,10,188012
31174,0.001241,172.217.194.0-255,4320,108926,10,188012
31175,0.001243,172.31.36.0-255,66,108992,10,188012
31176,0.001284,172.217.194.0-255,4320,113312,10,188012
31177,0.001284,172.31.36.0-255,66,113378,10,188012
31178,0.001288,172.31.36.0-255,66,113444,10,188012
31179,0.001302,172.217.194.0-255,3602,117046,10,188012
31180,0.001305,172.31.36.0-255,66,117112,10,188012
31181,0.001336,172.31.36.0-255,66,117178,10,188012
31182,0.001348,172.31.36.0-255,66,117244,10,188012
31183,0.001368,172.217.194.0-255,1484,118728,10,188012
31184,0.001392,172.217.194.0-255,5738,124466,10,188012
31185,0.001396,172.31.36.0-255,66,124532,10,188012
31186,0.001426,172.31.36.0-255,66,124598,10,188012
31187,0.001485,172.217.194.0-255,1484,126082,10,188012
31188,0.001507,172.217.194.0-255,1484,127566,10,188012
31189,0.001511,172.31.36.0-255,66,127632,10,188012
31190,0.001519,172.217.194.0-255,2902,130534,10,188012
31191,0.001522,172.31.36.0-255,66,130600,10,188012
31192,0.001546,172.217.194.0-255,5738,136338,10,188012
31193,0.001549,172.31.36.0-255,66,136404,10,188012
31194,0.001564,172.217.194.0-255,2902,139306,10,188012
31195,0.001569,172.31.36.0-255,66,139372,10,188012
31196,0.00159,172.31.36.0-255,66,139438,10,188012
31197,0.001609,172.217.194.0-255,2902,142340,10,188012
31198,0.001612,172.31.36.0-255,66,142406,10,188012
31199,0.001634,172.217.194.0-255,6438,148844,10,188012
31200,0.001637,172.31.36.0-255,66,148910,10,188012
31201,0.001756,172.217.194.0-255,1484,150394,10,188012
31202,0.00177,172.217.194.0-255,2902,153296,10,188012
31203,0.001773,172.31.36.0-255,66,153362,10,188012
31204,0.001777,172.217.194.0-255,1484,154846,10,188012
31205,0.001795,172.217.194.0-255,4320,159166,10,188012
31206,0.001797,172.217.194.0-255,1484,160650,10,188012
31207,0.001798,172.31.36.0-255,66,160716,10,188012
31208,0.001826,172.217.194.0-255,7156,167872,10,188012
31209,0.001829,172.31.36.0-255,66,167938,10,188012
31210,0.001856,172.217.194.0-255,4320,172258,10,188012
31211,0.00186,172.31.36.0-255,66,172324,10,188012
31212,0.001872,172.31.36.0-255,66,172390,10,188012
31213,0.001881,172.217.194.0-255,2184,174574,10,188012
31214,0.001883,172.31.36.0-255,66,174640,10,188012
31215,0.001921,172.31.36.0-255,66,174706,10,188012
31216,0.001953,172.217.194.0-255,7156,181862,10,188012
31217,0.001957,172.31.36.0-255,66,181928,10,188012
31218,0.001971,172.31.36.0-255,66,181994,10,188012
31219,0.002,172.31.36.0-255,66,182060,10,188012
31220,0.002035,172.217.194.0-255,766,182826,10,188012
31221,0.002066,172.31.36.0-255,66,182892,10,188012
31222,0.002084,172.31.36.0-255,66,182958,10,188012
31223,0.002129,172.31.36.0-255,66,183024,10,188012
31224,0.002132,172.217.194.0-255,364,183388,10,188012
31225,0.002136,172.217.194.0-255,105,183493,10,188012
31226,0.00357,172.31.36.0-255,66,183559,10,188012
31227,0.003597,172.31.36.0-255,105,183664,10,188012
31228,0.005828,172.217.194.0-255,66,183730,10,188012
31229,0.030543,172.31.36.0-255,167,183897,10,188012
31230,0.030574,172.31.36.0-255,1113,185010,10,188012
31231,0.030614,172.31.36.0-255,1514,186524,10,188012
31232,0.030616,172.31.36.0-255,1290,187814,10,188012
31233,0.032046,104.244.42.0-255,66,187880,10,188012
31234,0.032111,104.244.42.0-255,66,187946,10,188012
31235,0.032113,104.244.42.0-255,66,188012,10,188012
31236,0.0,74.125.24.0-255,153,153,10,377376
31237,1.9e-05,172.31.36.0-255,66,219,10,377376
31238,2.7e-05,74.125.24.0-255,1484,1703,10,377376
31239,3.2e-05,172.31.36.0-255,66,1769,10,377376
31240,4.4e-05,74.125.24.0-255,2902,4671,10,377376
31241,4.7e-05,172.31.36.0-255,66,4737,10,377376
31242,5.4e-05,74.125.24.0-255,4320,9057,10,377376
31243,5.7e-05,172.31.36.0-255,66,9123,10,377376
31244,9.7e-05,74.125.24.0-255,4768,13891,10,377376
31245,0.000101,172.31.36.0-255,66,13957,10,377376
31246,0.000302,74.125.24.0-255,1484,15441,10,377376
31247,0.000307,172.31.36.0-255,66,15507,10,377376
31248,0.000313,74.125.24.0-255,2902,18409,10,377376
31249,0.000315,172.31.36.0-255,66,18475,10,377376
31250,0.00034,74.125.24.0-255,5738,24213,10,377376
31251,0.000343,172.31.36.0-255,66,24279,10,377376
31252,0.000366,74.125.24.0-255,2902,27181,10,377376
31253,0.000368,172.31.36.0-255,66,27247,10,377376
31254,0.000394,74.125.24.0-255,2902,30149,10,377376
31255,0.000397,172.31.36.0-255,66,30215,10,377376
31256,0.000403,74.125.24.0-255,4320,34535,10,377376
31257,0.000406,172.31.36.0-255,66,34601,10,377376
31258,0.000439,172.31.36.0-255,66,34667,10,377376
31259,0.000444,74.125.24.0-255,2902,37569,10,377376
31260,0.000446,172.31.36.0-255,66,37635,10,377376
31261,0.000484,172.31.36.0-255,66,37701,10,377376
31262,0.00049,74.125.24.0-255,4320,42021,10,377376
31263,0.000492,172.31.36.0-255,66,42087,10,377376
31264,0.000496,74.125.24.0-255,2184,44271,10,377376
31265,0.000498,172.31.36.0-255,66,44337,10,377376
31266,0.000528,74.125.24.0-255,411,44748,10,377376
31267,0.000531,172.31.36.0-255,66,44814,10,377376
31268,0.000592,74.125.24.0-255,332,45146,10,377376
31269,0.000595,172.31.36.0-255,66,45212,10,377376
31270,0.000837,74.125.24.0-255,1484,46696,10,377376
31271,0.000842,172.31.36.0-255,66,46762,10,377376
31272,0.000848,74.125.24.0-255,2902,49664,10,377376
31273,0.000851,172.31.36.0-255,66,49730,10,377376
31274,0.000856,74.125.24.0-255,2902,52632,10,377376
31275,0.000863,172.31.36.0-255,66,52698,10,377376
31276,0.000887,74.125.24.0-255,2902,55600,10,377376
31277,0.000894,172.31.36.0-255,66,55666,10,377376
31278,0.000898,74.125.24.0-255,2902,58568,10,377376
31279,0.000901,172.31.36.0-255,66,58634,10,377376
31280,0.000943,172.31.36.0-255,66,58700,10,377376
31281,0.000949,74.125.24.0-255,5738,64438,10,377376
31282,0.000951,172.31.36.0-255,66,64504,10,377376
31283,0.000982,74.125.24.0-255,5738,70242,10,377376
31284,0.000985,172.31.36.0-255,66,70308,10,377376
31285,0.000988,74.125.24.0-255,1125,71433,10,377376
31286,0.001353,74.125.24.0-255,1484,72917,10,377376
31287,0.001358,172.31.36.0-255,66,72983,10,377376
31288,0.001364,74.125.24.0-255,2902,75885,10,377376
31289,0.001366,172.31.36.0-255,66,75951,10,377376
31290,0.001391,74.125.24.0-255,1484,77435,10,377376
31291,0.001405,74.125.24.0-255,4320,81755,10,377376
31292,0.001408,74.125.24.0-255,1484,83239,10,377376
31293,0.001426,172.31.36.0-255,66,83305,10,377376
31294,0.001443,74.125.24.0-255,2902,86207,10,377376
31295,0.001465,74.125.24.0-255,5738,91945,10,377376
31296,0.001468,74.125.24.0-255,1484,93429,10,377376
31297,0.001471,172.31.36.0-255,66,93495,10,377376
31298,0.001481,74.125.24.0-255,4320,97815,10,377376
31299,0.0015,74.125.24.0-255,1484,99299,10,377376
31300,0.001505,172.31.36.0-255,66,99365,10,377376
31301,0.001514,74.125.24.0-255,2902,102267,10,377376
31302,0.001535,74.125.24.0-255,3602,105869,10,377376
31303,0.001556,172.31.36.0-255,66,105935,10,377376
31304,0.001628,74.125.24.0-255,1484,107419,10,377376
31305,0.001646,74.125.24.0-255,2902,110321,10,377376
31306,0.001684,74.125.24.0-255,5738,116059,10,377376
31307,0.001702,172.31.36.0-255,66,116125,10,377376
31308,0.001721,74.125.24.0-255,5738,121863,10,377376
31309,0.001739,74.125.24.0-255,7156,129019,10,377376
31310,0.001757,74.125.24.0-255,1484,130503,10,377376
31311,0.001763,172.31.36.0-255,66,130569,10,377376
31312,0.001805,172.31.36.0-255,66,130635,10,377376
31313,0.001975,74.125.24.0-255,1484,132119,10,377376
31314,0.001979,74.125.24.0-255,1484,133603,10,377376
31315,0.001994,74.125.24.0-255,1484,135087,10,377376
31316,0.001997,74.125.24.0-255,1484,136571,10,377376
31317,0.002001,172.31.36.0-255,66,136637,10,377376
31318,0.002006,172.31.36.0-255,66,136703,10,377376
31319,0.00202,74.125.24.0-255,4320,141023,10,377376
31320,0.002027,74.125.24.0-255,7156,148179,10,377376
31321,0.002093,74.125.24.0-255,1484,149663,10,377376
31322,0.002107,172.31.36.0-255,66,149729,10,377376
31323,0.002113,74.125.24.0-255,4320,154049,10,377376
31324,0.002116,74.125.24.0-255,2184,156233,10,377376
31325,0.002127,172.31.36.0-255,66,156299,10,377376
31326,0.004191,74.125.24.0-255,5738,162037,10,377376
31327,0.004199,172.31.36.0-255,66,162103,10,377376
31328,0.00628,74.125.24.0-255,5738,167841,10,377376
31329,0.006285,172.31.36.0-255,66,167907,10,377376
31330,0.008331,74.125.24.0-255,4320,172227,10,377376
31331,0.008337,172.31.36.0-255,66,172293,10,377376
31332,0.008354,74.125.24.0-255,1484,173777,10,377376
31333,0.010398,74.125.24.0-255,4320,178097,10,377376
31334,0.010405,172.31.36.0-255,66,178163,10,377376
31335,0.012498,74.125.24.0-255,4320,182483,10,377376
31336,0.012507,172.31.36.0-255,66,182549,10,377376
31337,0.012535,74.125.24.0-255,1484,184033,10,377376
31338,0.014573,74.125.24.0-255,4320,188353,10,377376
31339,0.01509,172.31.36.0-255,66,188419,10,377376
31340,0.017173,74.125.24.0-255,5738,194157,10,377376
31341,0.017183,172.31.36.0-255,66,194223,10,377376
31342,0.019252,74.125.24.0-255,5738,199961,10,377376
31343,0.01926,172.31.36.0-255,66,200027,10,377376
31344,0.021343,74.125.24.0-255,5738,205765,10,377376
31345,0.02135,172.31.36.0-255,66,205831,10,377376
31346,0.023432,74.125.24.0-255,5738,211569,10,377376
31347,0.028701,172.31.36.0-255,66,211635,10,377376
31348,0.030788,74.125.24.0-255,5738,217373,10,377376
31349,0.032721,172.31.36.0-255,66,217439,10,377376
31350,0.034817,74.125.24.0-255,5738,223177,10,377376
31351,0.034828,172.31.36.0-255,66,223243,10,377376
31352,0.036912,74.125.24.0-255,5738,228981,10,377376
31353,0.037263,172.31.36.0-255,66,229047,10,377376
31354,0.039386,74.125.24.0-255,5738,234785,10,377376
31355,0.039396,172.31.36.0-255,66,234851,10,377376
31356,0.041462,74.125.24.0-255,5738,240589,10,377376
31357,0.041475,172.31.36.0-255,66,240655,10,377376
31358,0.043554,74.125.24.0-255,5738,246393,10,377376
31359,0.043567,172.31.36.0-255,66,246459,10,377376
31360,0.044471,172.31.36.0-255,172,246631,10,377376
31361,0.044512,172.31.36.0-255,1112,247743,10,377376
31362,0.044597,172.31.36.0-255,1514,249257,10,377376
31363,0.044599,172.31.36.0-255,1291,250548,10,377376
31364,0.045724,74.125.24.0-255,5738,256286,10,377376
31365,0.045737,172.31.36.0-255,66,256352,10,377376
31366,0.046021,104.244.42.0-255,66,256418,10,377376
31367,0.046069,104.244.42.0-255,66,256484,10,377376
31368,0.046166,104.244.42.0-255,66,256550,10,377376
31369,0.047846,74.125.24.0-255,5738,262288,10,377376
31370,0.047858,172.31.36.0-255,66,262354,10,377376
31371,0.049949,74.125.24.0-255,5738,268092,10,377376
31372,0.049962,172.31.36.0-255,66,268158,10,377376
31373,0.052034,74.125.24.0-255,5738,273896,10,377376
31374,0.052046,172.31.36.0-255,66,273962,10,377376
31375,0.054122,74.125.24.0-255,5738,279700,10,377376
31376,0.054135,172.31.36.0-255,66,279766,10,377376
31377,0.056248,74.125.24.0-255,5738,285504,10,377376
31378,0.056259,172.31.36.0-255,66,285570,10,377376
31379,0.058331,74.125.24.0-255,5738,291308,10,377376
31380,0.058342,172.31.36.0-255,66,291374,10,377376
31381,0.060416,74.125.24.0-255,5738,297112,10,377376
31382,0.060433,172.31.36.0-255,66,297178,10,377376
31383,0.062525,74.125.24.0-255,5738,302916,10,377376
31384,0.062538,172.31.36.0-255,66,302982,10,377376
31385,0.064655,74.125.24.0-255,5738,308720,10,377376
31386,0.06467,172.31.36.0-255,66,308786,10,377376
31387,0.06675,74.125.24.0-255,5738,314524,10,377376
31388,0.066763,172.31.36.0-255,66,314590,10,377376
31389,0.068815,74.125.24.0-255,5738,320328,10,377376
31390,0.068854,172.31.36.0-255,66,320394,10,377376
31391,0.07098,74.125.24.0-255,5738,326132,10,377376
31392,0.070994,172.31.36.0-255,66,326198,10,377376
31393,0.073095,74.125.24.0-255,5738,331936,10,377376
31394,0.073106,172.31.36.0-255,66,332002,10,377376
31395,0.075236,74.125.24.0-255,5738,337740,10,377376
31396,0.075243,172.31.36.0-255,66,337806,10,377376
31397,0.077318,74.125.24.0-255,5738,343544,10,377376
31398,0.077325,172.31.36.0-255,66,343610,10,377376
31399,0.079393,74.125.24.0-255,5738,349348,10,377376
31400,0.079399,172.31.36.0-255,66,349414,10,377376
31401,0.081515,74.125.24.0-255,5738,355152,10,377376
31402,0.081522,172.31.36.0-255,66,355218,10,377376
31403,0.083579,74.125.24.0-255,5738,360956,10,377376
31404,0.083586,172.31.36.0-255,66,361022,10,377376
31405,0.085669,74.125.24.0-255,5738,366760,10,377376
31406,0.085676,172.31.36.0-255,66,366826,10,377376
31407,0.087756,74.125.24.0-255,5738,372564,10,377376
31408,0.087763,172.31.36.0-255,66,372630,10,377376
31409,0.089835,74.125.24.0-255,4680,377310,10,377376
31410,0.089842,172.31.36.0-255,66,377376,10,377376
31411,0.0,172.217.194.0-255,152,152,10,158169
31412,1.5e-05,172.31.36.0-255,66,218,10,158169
31413,2.2e-05,172.217.194.0-255,1484,1702,10,158169
31414,2.7e-05,172.31.36.0-255,66,1768,10,158169
31415,3.3e-05,172.217.194.0-255,2902,4670,10,158169
31416,4.6e-05,172.31.36.0-255,66,4736,10,158169
31417,5.4e-05,172.217.194.0-255,7156,11892,10,158169
31418,5.7e-05,172.31.36.0-255,66,11958,10,158169
31419,6.4e-05,172.217.194.0-255,4855,16813,10,158169
31420,6.8e-05,172.31.36.0-255,66,16879,10,158169
31421,8.5e-05,172.31.36.0-255,66,16945,10,158169
31422,0.000116,172.217.194.0-255,1484,18429,10,158169
31423,0.000119,172.31.36.0-255,66,18495,10,158169
31424,0.000125,172.217.194.0-255,2902,21397,10,158169
31425,0.000127,172.31.36.0-255,66,21463,10,158169
31426,0.000134,172.217.194.0-255,4320,25783,10,158169
31427,0.000137,172.31.36.0-255,66,25849,10,158169
31428,0.000186,172.31.36.0-255,66,25915,10,158169
31429,0.000192,172.217.194.0-255,4320,30235,10,158169
31430,0.000194,172.31.36.0-255,66,30301,10,158169
31431,0.000242,172.31.36.0-255,66,30367,10,158169
31432,0.000244,172.217.194.0-255,366,30733,10,158169
31433,0.000247,172.31.36.0-255,66,30799,10,158169
31434,0.0003,172.217.194.0-255,1484,32283,10,158169
31435,0.000304,172.31.36.0-255,66,32349,10,158169
31436,0.000309,172.217.194.0-255,2902,35251,10,158169
31437,0.000311,172.31.36.0-255,66,35317,10,158169
31438,0.000338,172.217.194.0-255,5738,41055,10,158169
31439,0.000341,172.31.36.0-255,66,41121,10,158169
31440,0.000348,172.217.194.0-255,5738,46859,10,158169
31441,0.00035,172.31.36.0-255,66,46925,10,158169
31442,0.000356,172.217.194.0-255,4320,51245,10,158169
31443,0.000362,172.31.36.0-255,66,51311,10,158169
31444,0.000393,172.31.36.0-255,66,51377,10,158169
31445,0.0004,172.217.194.0-255,4470,55847,10,158169
31446,0.000404,172.31.36.0-255,66,55913,10,158169
31447,0.0006,172.217.194.0-255,1484,57397,10,158169
31448,0.000607,172.217.194.0-255,2902,60299,10,158169
31449,0.000611,172.31.36.0-255,66,60365,10,158169
31450,0.000618,172.217.194.0-255,5738,66103,10,158169
31451,0.000622,172.31.36.0-255,66,66169,10,158169
31452,0.000657,172.217.194.0-255,6797,72966,10,158169
31453,0.000661,172.31.36.0-255,66,73032,10,158169
31454,0.000718,172.217.194.0-255,1484,74516,10,158169
31455,0.000723,172.217.194.0-255,2902,77418,10,158169
31456,0.000726,172.31.36.0-255,66,77484,10,158169
31457,0.000733,172.217.194.0-255,5738,83222,10,158169
31458,0.000735,172.31.36.0-255,66,83288,10,158169
31459,0.000749,172.31.36.0-255,66,83354,10,158169
31460,0.00076,172.31.36.0-255,66,83420,10,158169
31461,0.000781,172.217.194.0-255,766,84186,10,158169
31462,0.000962,172.217.194.0-255,1484,85670,10,158169
31463,0.000965,172.217.194.0-255,1484,87154,10,158169
31464,0.000971,172.31.36.0-255,66,87220,10,158169
31465,0.000984,172.217.194.0-255,1484,88704,10,158169
31466,0.000991,172.31.36.0-255,66,88770,10,158169
31467,0.000998,172.217.194.0-255,5738,94508,10,158169
31468,0.001,172.31.36.0-255,66,94574,10,158169
31469,0.001005,172.217.194.0-255,2902,97476,10,158169
31470,0.001007,172.31.36.0-255,66,97542,10,158169
31471,0.001047,172.31.36.0-255,66,97608,10,158169
31472,0.001053,172.217.194.0-255,4320,101928,10,158169
31473,0.001056,172.31.36.0-255,66,101994,10,158169
31474,0.001089,172.31.36.0-255,66,102060,10,158169
31475,0.001847,172.217.194.0-255,1484,103544,10,158169
31476,0.001856,172.217.194.0-255,2902,106446,10,158169
31477,0.00186,172.31.36.0-255,66,106512,10,158169
31478,0.001886,172.217.194.0-255,5738,112250,10,158169
31479,0.001889,172.31.36.0-255,66,112316,10,158169
31480,0.001933,172.31.36.0-255,66,112382,10,158169
31481,0.001944,172.31.36.0-255,66,112448,10,158169
31482,0.002074,172.217.194.0-255,1484,113932,10,158169
31483,0.002081,172.217.194.0-255,2902,116834,10,158169
31484,0.002084,172.31.36.0-255,66,116900,10,158169
31485,0.002088,172.217.194.0-255,1484,118384,10,158169
31486,0.002114,172.217.194.0-255,4320,122704,10,158169
31487,0.002116,172.31.36.0-255,66,122770,10,158169
31488,0.002129,172.31.36.0-255,66,122836,10,158169
31489,0.002151,172.217.194.0-255,1484,124320,10,158169
31490,0.002153,172.217.194.0-255,1484,125804,10,158169
31491,0.002156,172.31.36.0-255,66,125870,10,158169
31492,0.002202,172.31.36.0-255,66,125936,10,158169
31493,0.002215,172.31.36.0-255,66,126002,10,158169
31494,0.002255,172.31.36.0-255,66,126068,10,158169
31495,0.002289,172.31.36.0-255,66,126134,10,158169
31496,0.002326,172.217.194.0-255,5738,131872,10,158169
31497,0.002329,172.31.36.0-255,66,131938,10,158169
31498,0.002371,172.31.36.0-255,66,132004,10,158169
31499,0.002373,172.217.194.0-255,1484,133488,10,158169
31500,0.00238,172.217.194.0-255,7156,140644,10,158169
31501,0.002383,172.31.36.0-255,66,140710,10,158169
31502,0.002386,172.217.194.0-255,1484,142194,10,158169
31503,0.002389,172.31.36.0-255,78,142272,10,158169
31504,0.002405,172.217.194.0-255,1484,143756,10,158169
31505,0.00241,172.217.194.0-255,3602,147358,10,158169
31506,0.002427,172.217.194.0-255,1484,148842,10,158169
31507,0.002431,172.217.194.0-255,2902,151744,10,158169
31508,0.002436,172.31.36.0-255,66,151810,10,158169
31509,0.002438,172.31.36.0-255,66,151876,10,158169
31510,0.002507,172.217.194.0-255,1484,153360,10,158169
31511,0.002549,172.217.194.0-255,105,153465,10,158169
31512,0.00593,172.31.36.0-255,66,153531,10,158169
31513,0.008499,172.31.36.0-255,105,153636,10,158169
31514,0.010718,172.217.194.0-255,66,153702,10,158169
31515,0.032738,172.31.36.0-255,176,153878,10,158169
31516,0.032768,172.31.36.0-255,1113,154991,10,158169
31517,0.032824,172.31.36.0-255,1514,156505,10,158169
31518,0.032826,172.31.36.0-255,1292,157797,10,158169
31519,0.034219,104.244.42.0-255,66,157863,10,158169
31520,0.034256,104.244.42.0-255,66,157929,10,158169
31521,0.034312,104.244.42.0-255,66,157995,10,158169
31522,0.036787,104.244.42.0-255,108,158103,10,158169
31523,0.036797,172.31.36.0-255,66,158169,10,158169
31524,0.0,74.125.24.0-255,146,146,10,187886
31525,3.1e-05,172.31.36.0-255,66,212,10,187886
31526,3.8e-05,74.125.24.0-255,1484,1696,10,187886
31527,4.2e-05,172.31.36.0-255,66,1762,10,187886
31528,4.7e-05,74.125.24.0-255,2902,4664,10,187886
31529,4.9e-05,172.31.36.0-255,66,4730,10,187886
31530,5.3e-05,74.125.24.0-255,1484,6214,10,187886
31531,5.5e-05,172.31.36.0-255,66,6280,10,187886
31532,8.8e-05,74.125.24.0-255,5738,12018,10,187886
31533,9.1e-05,172.31.36.0-255,66,12084,10,187886
31534,9.5e-05,74.125.24.0-255,2027,14111,10,187886
31535,9.8e-05,172.31.36.0-255,66,14177,10,187886
31536,0.00011,172.31.36.0-255,66,14243,10,187886
31537,0.000134,74.125.24.0-255,5379,19622,10,187886
31538,0.000137,172.31.36.0-255,66,19688,10,187886
31539,0.000183,74.125.24.0-255,1484,21172,10,187886
31540,0.000186,172.31.36.0-255,66,21238,10,187886
31541,0.000189,74.125.24.0-255,1484,22722,10,187886
31542,0.000191,172.31.36.0-255,66,22788,10,187886
31543,0.000203,74.125.24.0-255,1484,24272,10,187886
31544,0.000206,172.31.36.0-255,66,24338,10,187886
31545,0.000212,74.125.24.0-255,5738,30076,10,187886
31546,0.000215,172.31.36.0-255,66,30142,10,187886
31547,0.00022,74.125.24.0-255,2902,33044,10,187886
31548,0.000223,172.31.36.0-255,66,33110,10,187886
31549,0.000247,74.125.24.0-255,3961,37071,10,187886
31550,0.00025,172.31.36.0-255,66,37137,10,187886
31551,0.000258,74.125.24.0-255,7156,44293,10,187886
31552,0.00026,172.31.36.0-255,66,44359,10,187886
31553,0.000284,74.125.24.0-255,7156,51515,10,187886
31554,0.000287,172.31.36.0-255,66,51581,10,187886
31555,0.000291,74.125.24.0-255,2852,54433,10,187886
31556,0.000293,74.125.24.0-255,114,54547,10,187886
31557,0.000295,172.31.36.0-255,66,54613,10,187886
31558,0.00039,74.125.24.0-255,1484,56097,10,187886
31559,0.000394,172.31.36.0-255,66,56163,10,187886
31560,0.000398,74.125.24.0-255,1484,57647,10,187886
31561,0.000412,74.125.24.0-255,1484,59131,10,187886
31562,0.000416,172.31.36.0-255,66,59197,10,187886
31563,0.000423,74.125.24.0-255,5738,64935,10,187886
31564,0.000425,172.31.36.0-255,66,65001,10,187886
31565,0.000431,74.125.24.0-255,5738,70739,10,187886
31566,0.000434,172.31.36.0-255,66,70805,10,187886
31567,0.00045,74.125.24.0-255,1484,72289,10,187886
31568,0.000475,172.31.36.0-255,66,72355,10,187886
31569,0.000496,74.125.24.0-255,3602,75957,10,187886
31570,0.000499,172.31.36.0-255,66,76023,10,187886
31571,0.000502,74.125.24.0-255,331,76354,10,187886
31572,0.000805,74.125.24.0-255,1484,77838,10,187886
31573,0.00081,172.31.36.0-255,66,77904,10,187886
31574,0.000815,74.125.24.0-255,2902,80806,10,187886
31575,0.000818,172.31.36.0-255,66,80872,10,187886
31576,0.000823,74.125.24.0-255,2902,83774,10,187886
31577,0.000826,172.31.36.0-255,66,83840,10,187886
31578,0.000843,74.125.24.0-255,2902,86742,10,187886
31579,0.000846,172.31.36.0-255,66,86808,10,187886
31580,0.000852,74.125.24.0-255,5738,92546,10,187886
31581,0.000854,172.31.36.0-255,66,92612,10,187886
31582,0.000884,74.125.24.0-255,7156,99768,10,187886
31583,0.000887,172.31.36.0-255,66,99834,10,187886
31584,0.00089,74.125.24.0-255,1484,101318,10,187886
31585,0.000904,74.125.24.0-255,1484,102802,10,187886
31586,0.000907,172.31.36.0-255,66,102868,10,187886
31587,0.00093,172.31.36.0-255,66,102934,10,187886
31588,0.000963,74.125.24.0-255,3051,105985,10,187886
31589,0.000966,172.31.36.0-255,66,106051,10,187886
31590,0.000983,172.31.36.0-255,66,106117,10,187886
31591,0.000995,172.31.36.0-255,66,106183,10,187886
31592,0.001145,74.125.24.0-255,1484,107667,10,187886
31593,0.00115,74.125.24.0-255,2902,110569,10,187886
31594,0.001154,172.31.36.0-255,66,110635,10,187886
31595,0.001193,74.125.24.0-255,1484,112119,10,187886
31596,0.001209,74.125.24.0-255,4320,116439,10,187886
31597,0.001213,172.31.36.0-255,66,116505,10,187886
31598,0.001227,172.31.36.0-255,66,116571,10,187886
31599,0.001239,172.31.36.0-255,66,116637,10,187886
31600,0.001318,74.125.24.0-255,1484,118121,10,187886
31601,0.001322,74.125.24.0-255,1484,119605,10,187886
31602,0.001326,172.31.36.0-255,66,119671,10,187886
31603,0.001346,74.125.24.0-255,1484,121155,10,187886
31604,0.001354,74.125.24.0-255,5738,126893,10,187886
31605,0.001357,172.31.36.0-255,66,126959,10,187886
31606,0.001364,74.125.24.0-255,7156,134115,10,187886
31607,0.001367,172.31.36.0-255,66,134181,10,187886
31608,0.001393,74.125.24.0-255,5738,139919,10,187886
31609,0.001396,172.31.36.0-255,66,139985,10,187886
31610,0.001407,172.31.36.0-255,66,140051,10,187886
31611,0.001847,74.125.24.0-255,1484,141535,10,187886
31612,0.001855,74.125.24.0-255,2902,144437,10,187886
31613,0.00186,172.31.36.0-255,66,144503,10,187886
31614,0.001884,74.125.24.0-255,5738,150241,10,187886
31615,0.001888,172.31.36.0-255,66,150307,10,187886
31616,0.001891,74.125.24.0-255,1484,151791,10,187886
31617,0.001909,172.31.36.0-255,66,151857,10,187886
31618,0.001948,172.31.36.0-255,66,151923,10,187886
31619,0.00198,74.125.24.0-255,1484,153407,10,187886
31620,0.001984,74.125.24.0-255,2902,156309,10,187886
31621,0.001986,172.31.36.0-255,66,156375,10,187886
31622,0.001999,74.125.24.0-255,4320,160695,10,187886
31623,0.002002,172.31.36.0-255,66,160761,10,187886
31624,0.002013,74.125.24.0-255,1484,162245,10,187886
31625,0.002016,74.125.24.0-255,1484,163729,10,187886
31626,0.002018,172.31.36.0-255,66,163795,10,187886
31627,0.002054,172.31.36.0-255,66,163861,10,187886
31628,0.002057,74.125.24.0-255,1484,165345,10,187886
31629,0.002068,74.125.24.0-255,1484,166829,10,187886
31630,0.00207,172.31.36.0-255,66,166895,10,187886
31631,0.002109,172.31.36.0-255,66,166961,10,187886
31632,0.002119,172.31.36.0-255,66,167027,10,187886
31633,0.002132,74.125.24.0-255,2902,169929,10,187886
31634,0.002134,172.31.36.0-255,66,169995,10,187886
31635,0.002149,74.125.24.0-255,4320,174315,10,187886
31636,0.002151,172.31.36.0-255,66,174381,10,187886
31637,0.002192,172.31.36.0-255,66,174447,10,187886
31638,0.002228,74.125.24.0-255,5738,180185,10,187886
31639,0.00223,172.31.36.0-255,66,180251,10,187886
31640,0.002269,172.31.36.0-255,66,180317,10,187886
31641,0.002289,172.31.36.0-255,66,180383,10,187886
31642,0.002291,74.125.24.0-255,105,180488,10,187886
31643,0.005639,172.31.36.0-255,66,180554,10,187886
31644,0.005665,172.31.36.0-255,105,180659,10,187886
31645,0.008244,74.125.24.0-255,66,180725,10,187886
31646,0.031155,172.31.36.0-255,172,180897,10,187886
31647,0.031189,172.31.36.0-255,1113,182010,10,187886
31648,0.031252,172.31.36.0-255,1514,183524,10,187886
31649,0.031253,172.31.36.0-255,1514,185038,10,187886
31650,0.031255,172.31.36.0-255,1514,186552,10,187886
31651,0.031256,172.31.36.0-255,1070,187622,10,187886
31652,0.032663,104.244.42.0-255,66,187688,10,187886
31653,0.032762,104.244.42.0-255,66,187754,10,187886
31654,0.032801,104.244.42.0-255,66,187820,10,187886
31655,0.032804,104.244.42.0-255,66,187886,10,187886
31656,0.0,74.125.24.0-255,150,150,10,298495
31657,3.1e-05,172.31.36.0-255,66,216,10,298495
31658,3.7e-05,74.125.24.0-255,1484,1700,10,298495
31659,4.1e-05,172.31.36.0-255,66,1766,10,298495
31660,4.5e-05,74.125.24.0-255,2902,4668,10,298495
31661,4.7e-05,172.31.36.0-255,66,4734,10,298495
31662,4.9e-05,74.125.24.0-255,1484,6218,10,298495
31663,5.2e-05,172.31.36.0-255,66,6284,10,298495
31664,5.8e-05,74.125.24.0-255,5738,12022,10,298495
31665,6e-05,172.31.36.0-255,66,12088,10,298495
31666,8.4e-05,74.125.24.0-255,1966,14054,10,298495
31667,8.6e-05,172.31.36.0-255,66,14120,10,298495
31668,0.000146,74.125.24.0-255,1484,15604,10,298495
31669,0.00015,172.31.36.0-255,66,15670,10,298495
31670,0.000155,74.125.24.0-255,2902,18572,10,298495
31671,0.000158,172.31.36.0-255,66,18638,10,298495
31672,0.000163,74.125.24.0-255,1484,20122,10,298495
31673,0.000164,172.31.36.0-255,66,20188,10,298495
31674,0.000189,74.125.24.0-255,4320,24508,10,298495
31675,0.000192,172.31.36.0-255,66,24574,10,298495
31676,0.000199,74.125.24.0-255,6797,31371,10,298495
31677,0.000201,172.31.36.0-255,66,31437,10,298495
31678,0.000224,74.125.24.0-255,2902,34339,10,298495
31679,0.000226,172.31.36.0-255,66,34405,10,298495
31680,0.000254,172.31.36.0-255,66,34471,10,298495
31681,0.000258,74.125.24.0-255,2543,37014,10,298495
31682,0.000261,172.31.36.0-255,66,37080,10,298495
31683,0.00029,74.125.24.0-255,2902,39982,10,298495
31684,0.000294,172.31.36.0-255,66,40048,10,298495
31685,0.000317,74.125.24.0-255,7156,47204,10,298495
31686,0.000319,172.31.36.0-255,66,47270,10,298495
31687,0.000349,74.125.24.0-255,5738,53008,10,298495
31688,0.000352,172.31.36.0-255,66,53074,10,298495
31689,0.000368,74.125.24.0-255,1460,54534,10,298495
31690,0.000372,74.125.24.0-255,109,54643,10,298495
31691,0.000374,172.31.36.0-255,66,54709,10,298495
31692,0.000554,74.125.24.0-255,332,55041,10,298495
31693,0.000785,172.31.36.0-255,66,55107,10,298495
31694,0.00085,74.125.24.0-255,1484,56591,10,298495
31695,0.000856,74.125.24.0-255,2902,59493,10,298495
31696,0.00086,172.31.36.0-255,66,59559,10,298495
31697,0.000867,74.125.24.0-255,5738,65297,10,298495
31698,0.000869,172.31.36.0-255,66,65363,10,298495
31699,0.000894,74.125.24.0-255,2902,68265,10,298495
31700,0.000897,172.31.36.0-255,66,68331,10,298495
31701,0.000918,74.125.24.0-255,3961,72292,10,298495
31702,0.000921,172.31.36.0-255,66,72358,10,298495
31703,0.000928,74.125.24.0-255,7156,79514,10,298495
31704,0.00093,172.31.36.0-255,66,79580,10,298495
31705,0.000947,74.125.24.0-255,4320,83900,10,298495
31706,0.00095,172.31.36.0-255,66,83966,10,298495
31707,0.000964,74.125.24.0-255,5379,89345,10,298495
31708,0.000966,172.31.36.0-255,66,89411,10,298495
31709,0.001137,74.125.24.0-255,1484,90895,10,298495
31710,0.001141,74.125.24.0-255,1484,92379,10,298495
31711,0.001144,172.31.36.0-255,66,92445,10,298495
31712,0.001163,74.125.24.0-255,1484,93929,10,298495
31713,0.00117,74.125.24.0-255,5738,99667,10,298495
31714,0.001173,172.31.36.0-255,66,99733,10,298495
31715,0.001176,74.125.24.0-255,1484,101217,10,298495
31716,0.001206,172.31.36.0-255,66,101283,10,298495
31717,0.00122,172.31.36.0-255,66,101349,10,298495
31718,0.001326,74.125.24.0-255,1484,102833,10,298495
31719,0.00133,74.125.24.0-255,2902,105735,10,298495
31720,0.001333,172.31.36.0-255,66,105801,10,298495
31721,0.001357,74.125.24.0-255,5738,111539,10,298495
31722,0.00136,172.31.36.0-255,66,111605,10,298495
31723,0.001366,74.125.24.0-255,5738,117343,10,298495
31724,0.001369,172.31.36.0-255,66,117409,10,298495
31725,0.001423,172.31.36.0-255,66,117475,10,298495
31726,0.00143,74.125.24.0-255,5020,122495,10,298495
31727,0.001433,172.31.36.0-255,66,122561,10,298495
31728,0.001435,74.125.24.0-255,5738,128299,10,298495
31729,0.001437,172.31.36.0-255,66,128365,10,298495
31730,0.001476,172.31.36.0-255,66,128431,10,298495
31731,0.001482,74.125.24.0-255,4320,132751,10,298495
31732,0.001484,172.31.36.0-255,66,132817,10,298495
31733,0.00151,74.125.24.0-255,2902,135719,10,298495
31734,0.001512,172.31.36.0-255,66,135785,10,298495
31735,0.001532,172.31.36.0-255,66,135851,10,298495
31736,0.001566,74.125.24.0-255,1484,137335,10,298495
31737,0.001571,74.125.24.0-255,2902,140237,10,298495
31738,0.001574,172.31.36.0-255,66,140303,10,298495
31739,0.001589,74.125.24.0-255,5738,146041,10,298495
31740,0.001592,172.31.36.0-255,66,146107,10,298495
31741,0.001624,172.31.36.0-255,66,146173,10,298495
31742,0.001643,74.125.24.0-255,2902,149075,10,298495
31743,0.001647,172.31.36.0-255,66,149141,10,298495
31744,0.001653,74.125.24.0-255,7156,156297,10,298495
31745,0.001656,172.31.36.0-255,66,156363,10,298495
31746,0.001658,74.125.24.0-255,1484,157847,10,298495
31747,0.001712,172.31.36.0-255,66,157913,10,298495
31748,0.001724,172.31.36.0-255,66,157979,10,298495
31749,0.001729,74.125.24.0-255,3602,161581,10,298495
31750,0.001732,172.31.36.0-255,66,161647,10,298495
31751,0.001837,74.125.24.0-255,1484,163131,10,298495
31752,0.00185,74.125.24.0-255,2902,166033,10,298495
31753,0.001854,172.31.36.0-255,66,166099,10,298495
31754,0.001859,74.125.24.0-255,2902,169001,10,298495
31755,0.001861,172.31.36.0-255,66,169067,10,298495
31756,0.001875,74.125.24.0-255,2902,171969,10,298495
31757,0.001877,172.31.36.0-255,66,172035,10,298495
31758,0.001888,172.31.36.0-255,66,172101,10,298495
31759,0.001904,74.125.24.0-255,4320,176421,10,298495
31760,0.001907,172.31.36.0-255,66,176487,10,298495
31761,0.001923,74.125.24.0-255,2902,179389,10,298495
31762,0.001925,172.31.36.0-255,66,179455,10,298495
31763,0.001957,172.31.36.0-255,66,179521,10,298495
31764,0.003906,74.125.24.0-255,5738,185259,10,298495
31765,0.003913,172.31.36.0-255,66,185325,10,298495
31766,0.005841,74.125.24.0-255,5738,191063,10,298495
31767,0.005844,172.31.36.0-255,66,191129,10,298495
31768,0.007781,74.125.24.0-255,1484,192613,10,298495
31769,0.007796,74.125.24.0-255,4320,196933,10,298495
31770,0.007799,172.31.36.0-255,66,196999,10,298495
31771,0.009746,74.125.24.0-255,5738,202737,10,298495
31772,0.009753,172.31.36.0-255,66,202803,10,298495
31773,0.011718,74.125.24.0-255,5738,208541,10,298495
31774,0.011726,172.31.36.0-255,66,208607,10,298495
31775,0.013652,74.125.24.0-255,5738,214345,10,298495
31776,0.013657,172.31.36.0-255,66,214411,10,298495
31777,0.015602,74.125.24.0-255,5738,220149,10,298495
31778,0.015608,172.31.36.0-255,66,220215,10,298495
31779,0.017572,74.125.24.0-255,5738,225953,10,298495
31780,0.017582,172.31.36.0-255,66,226019,10,298495
31781,0.019554,74.125.24.0-255,5738,231757,10,298495
31782,0.019566,172.31.36.0-255,66,231823,10,298495
31783,0.021547,74.125.24.0-255,5738,237561,10,298495
31784,0.021557,172.31.36.0-255,66,237627,10,298495
31785,0.023518,74.125.24.0-255,5738,243365,10,298495
31786,0.023526,172.31.36.0-255,66,243431,10,298495
31787,0.025463,74.125.24.0-255,5738,249169,10,298495
31788,0.025472,172.31.36.0-255,66,249235,10,298495
31789,0.027451,74.125.24.0-255,5738,254973,10,298495
31790,0.027461,172.31.36.0-255,66,255039,10,298495
31791,0.029455,74.125.24.0-255,5738,260777,10,298495
31792,0.029462,172.31.36.0-255,66,260843,10,298495
31793,0.031419,74.125.24.0-255,5738,266581,10,298495
31794,0.031426,172.31.36.0-255,66,266647,10,298495
31795,0.033254,172.31.36.0-255,188,266835,10,298495
31796,0.033285,172.31.36.0-255,956,267791,10,298495
31797,0.033321,172.31.36.0-255,1514,269305,10,298495
31798,0.033323,172.31.36.0-255,1449,270754,10,298495
31799,0.033361,74.125.24.0-255,4320,275074,10,298495
31800,0.033365,172.31.36.0-255,66,275140,10,298495
31801,0.033384,74.125.24.0-255,1484,276624,10,298495
31802,0.034795,104.244.42.0-255,66,276690,10,298495
31803,0.034825,104.244.42.0-255,66,276756,10,298495
31804,0.034872,104.244.42.0-255,66,276822,10,298495
31805,0.035311,74.125.24.0-255,4320,281142,10,298495
31806,0.035317,172.31.36.0-255,66,281208,10,298495
31807,0.037256,74.125.24.0-255,5738,286946,10,298495
31808,0.037261,172.31.36.0-255,66,287012,10,298495
31809,0.039182,74.125.24.0-255,5738,292750,10,298495
31810,0.039186,172.31.36.0-255,66,292816,10,298495
31811,0.041126,74.125.24.0-255,5442,298258,10,298495
31812,0.041131,172.31.36.0-255,66,298324,10,298495
31813,0.041335,172.31.36.0-255,105,298429,10,298495
31814,0.043254,74.125.24.0-255,66,298495,10,298495
31815,0.0,74.125.24.0-255,153,153,10,318740
31816,2.2e-05,172.31.36.0-255,66,219,10,318740
31817,4.1e-05,74.125.24.0-255,1484,1703,10,318740
31818,4.6e-05,172.31.36.0-255,66,1769,10,318740
31819,5.1e-05,74.125.24.0-255,2902,4671,10,318740
31820,5.4e-05,172.31.36.0-255,66,4737,10,318740
31821,6.1e-05,74.125.24.0-255,7156,11893,10,318740
31822,6.3e-05,172.31.36.0-255,66,11959,10,318740
31823,8.5e-05,74.125.24.0-255,1974,13933,10,318740
31824,8.7e-05,172.31.36.0-255,66,13999,10,318740
31825,0.000136,74.125.24.0-255,1484,15483,10,318740
31826,0.000138,172.31.36.0-255,66,15549,10,318740
31827,0.000142,74.125.24.0-255,2902,18451,10,318740
31828,0.000144,172.31.36.0-255,66,18517,10,318740
31829,0.000162,74.125.24.0-255,5738,24255,10,318740
31830,0.000164,172.31.36.0-255,66,24321,10,318740
31831,0.000193,74.125.24.0-255,6797,31118,10,318740
31832,0.000196,172.31.36.0-255,66,31184,10,318740
31833,0.000474,74.125.24.0-255,1484,32668,10,318740
31834,0.000478,172.31.36.0-255,66,32734,10,318740
31835,0.000484,74.125.24.0-255,2902,35636,10,318740
31836,0.000486,172.31.36.0-255,66,35702,10,318740
31837,0.000508,74.125.24.0-255,5738,41440,10,318740
31838,0.000511,172.31.36.0-255,66,41506,10,318740
31839,0.000516,74.125.24.0-255,4320,45826,10,318740
31840,0.000517,172.31.36.0-255,66,45892,10,318740
31841,0.000544,74.125.24.0-255,2543,48435,10,318740
31842,0.000547,172.31.36.0-255,66,48501,10,318740
31843,0.000561,172.31.36.0-255,66,48567,10,318740
31844,0.000565,74.125.24.0-255,2543,51110,10,318740
31845,0.000567,172.31.36.0-255,66,51176,10,318740
31846,0.000788,74.125.24.0-255,647,51823,10,318740
31847,0.000931,172.31.36.0-255,66,51889,10,318740
31848,0.00101,74.125.24.0-255,1484,53373,10,318740
31849,0.001017,74.125.24.0-255,2902,56275,10,318740
31850,0.00102,172.31.36.0-255,66,56341,10,318740
31851,0.001024,74.125.24.0-255,1484,57825,10,318740
31852,0.001042,74.125.24.0-255,4320,62145,10,318740
31853,0.001044,172.31.36.0-255,66,62211,10,318740
31854,0.001049,74.125.24.0-255,4320,66531,10,318740
31855,0.001051,172.31.36.0-255,66,66597,10,318740
31856,0.001081,172.31.36.0-255,66,66663,10,318740
31857,0.001088,74.125.24.0-255,7156,73819,10,318740
31858,0.001089,172.31.36.0-255,66,73885,10,318740
31859,0.001114,74.125.24.0-255,3602,77487,10,318740
31860,0.001115,172.31.36.0-255,66,77553,10,318740
31861,0.001432,74.125.24.0-255,1484,79037,10,318740
31862,0.00144,74.125.24.0-255,2902,81939,10,318740
31863,0.001444,172.31.36.0-255,66,82005,10,318740
31864,0.001451,74.125.24.0-255,5738,87743,10,318740
31865,0.001453,172.31.36.0-255,66,87809,10,318740
31866,0.001476,172.31.36.0-255,66,87875,10,318740
31867,0.00152,74.125.24.0-255,4320,92195,10,318740
31868,0.001522,172.31.36.0-255,66,92261,10,318740
31869,0.001541,74.125.24.0-255,4320,96581,10,318740
31870,0.001543,172.31.36.0-255,66,96647,10,318740
31871,0.001566,74.125.24.0-255,5020,101667,10,318740
31872,0.001567,172.31.36.0-255,66,101733,10,318740
31873,0.003936,74.125.24.0-255,5738,107471,10,318740
31874,0.003944,172.31.36.0-255,66,107537,10,318740
31875,0.006305,74.125.24.0-255,5738,113275,10,318740
31876,0.006311,172.31.36.0-255,66,113341,10,318740
31877,0.008726,74.125.24.0-255,5738,119079,10,318740
31878,0.008735,172.31.36.0-255,66,119145,10,318740
31879,0.011087,74.125.24.0-255,5738,124883,10,318740
31880,0.011093,172.31.36.0-255,66,124949,10,318740
31881,0.013443,74.125.24.0-255,5738,130687,10,318740
31882,0.01345,172.31.36.0-255,66,130753,10,318740
31883,0.015821,74.125.24.0-255,5738,136491,10,318740
31884,0.01583,172.31.36.0-255,66,136557,10,318740
31885,0.018171,74.125.24.0-255,5738,142295,10,318740
31886,0.018181,172.31.36.0-255,66,142361,10,318740
31887,0.020519,74.125.24.0-255,5738,148099,10,318740
31888,0.020527,172.31.36.0-255,66,148165,10,318740
31889,0.022931,74.125.24.0-255,4320,152485,10,318740
31890,0.022938,172.31.36.0-255,66,152551,10,318740
31891,0.02296,74.125.24.0-255,1484,154035,10,318740
31892,0.025295,74.125.24.0-255,4320,158355,10,318740
31893,0.025302,172.31.36.0-255,66,158421,10,318740
31894,0.027669,74.125.24.0-255,5738,164159,10,318740
31895,0.027675,172.31.36.0-255,66,164225,10,318740
31896,0.027681,172.31.36.0-255,188,164413,10,318740
31897,0.027704,172.31.36.0-255,956,165369,10,318740
31898,0.027753,172.31.36.0-255,1514,166883,10,318740
31899,0.027754,172.31.36.0-255,1447,168330,10,318740
31900,0.029224,104.244.42.0-255,66,168396,10,318740
31901,0.029259,104.244.42.0-255,66,168462,10,318740
31902,0.029348,104.244.42.0-255,66,168528,10,318740
31903,0.029999,74.125.24.0-255,2902,171430,10,318740
31904,0.030004,172.31.36.0-255,66,171496,10,318740
31905,0.030024,74.125.24.0-255,2902,174398,10,318740
31906,0.030027,172.31.36.0-255,66,174464,10,318740
31907,0.032366,74.125.24.0-255,4320,178784,10,318740
31908,0.032374,172.31.36.0-255,66,178850,10,318740
31909,0.032406,74.125.24.0-255,1484,180334,10,318740
31910,0.03472,74.125.24.0-255,4320,184654,10,318740
31911,0.034727,172.31.36.0-255,66,184720,10,318740
31912,0.037059,74.125.24.0-255,5738,190458,10,318740
31913,0.037064,172.31.36.0-255,66,190524,10,318740
31914,0.039419,74.125.24.0-255,5738,196262,10,318740
31915,0.039424,172.31.36.0-255,66,196328,10,318740
31916,0.041851,74.125.24.0-255,5738,202066,10,318740
31917,0.041858,172.31.36.0-255,66,202132,10,318740
31918,0.04421,74.125.24.0-255,5738,207870,10,318740
31919,0.044215,172.31.36.0-255,66,207936,10,318740
31920,0.04658,74.125.24.0-255,5738,213674,10,318740
31921,0.046586,172.31.36.0-255,66,213740,10,318740
31922,0.048945,74.125.24.0-255,5738,219478,10,318740
31923,0.048952,172.31.36.0-255,66,219544,10,318740
31924,0.051316,74.125.24.0-255,5738,225282,10,318740
31925,0.051322,172.31.36.0-255,66,225348,10,318740
31926,0.053654,74.125.24.0-255,5738,231086,10,318740
31927,0.05366,172.31.36.0-255,66,231152,10,318740
31928,0.055991,74.125.24.0-255,5738,236890,10,318740
31929,0.055997,172.31.36.0-255,66,236956,10,318740
31930,0.058371,74.125.24.0-255,5738,242694,10,318740
31931,0.058376,172.31.36.0-255,66,242760,10,318740
31932,0.060722,74.125.24.0-255,5738,248498,10,318740
31933,0.060728,172.31.36.0-255,66,248564,10,318740
31934,0.063103,74.125.24.0-255,5738,254302,10,318740
31935,0.063109,172.31.36.0-255,66,254368,10,318740
31936,0.065436,74.125.24.0-255,5738,260106,10,318740
31937,0.065442,172.31.36.0-255,66,260172,10,318740
31938,0.0678,74.125.24.0-255,5738,265910,10,318740
31939,0.067807,172.31.36.0-255,66,265976,10,318740
31940,0.07015,74.125.24.0-255,5738,271714,10,318740
31941,0.070156,172.31.36.0-255,66,271780,10,318740
31942,0.072529,74.125.24.0-255,2902,274682,10,318740
31943,0.072549,172.31.36.0-255,66,274748,10,318740
31944,0.072567,74.125.24.0-255,2902,277650,10,318740
31945,0.07257,172.31.36.0-255,66,277716,10,318740
31946,0.07495,74.125.24.0-255,5738,283454,10,318740
31947,0.074957,172.31.36.0-255,66,283520,10,318740
31948,0.077281,74.125.24.0-255,5738,289258,10,318740
31949,0.077287,172.31.36.0-255,66,289324,10,318740
31950,0.079643,74.125.24.0-255,5738,295062,10,318740
31951,0.079649,172.31.36.0-255,66,295128,10,318740
31952,0.082005,74.125.24.0-255,5738,300866,10,318740
31953,0.082012,172.31.36.0-255,66,300932,10,318740
31954,0.084367,74.125.24.0-255,2902,303834,10,318740
31955,0.084373,172.31.36.0-255,66,303900,10,318740
31956,0.084406,74.125.24.0-255,2902,306802,10,318740
31957,0.084409,172.31.36.0-255,66,306868,10,318740
31958,0.086717,74.125.24.0-255,2902,309770,10,318740
31959,0.086722,172.31.36.0-255,66,309836,10,318740
31960,0.086753,74.125.24.0-255,2902,312738,10,318740
31961,0.086756,172.31.36.0-255,66,312804,10,318740
31962,0.089067,74.125.24.0-255,2902,315706,10,318740
31963,0.089073,172.31.36.0-255,66,315772,10,318740
31964,0.089129,74.125.24.0-255,2902,318674,10,318740
31965,0.089134,172.31.36.0-255,66,318740,10,318740
31966,0.0,172.217.194.0-255,153,153,10,171058
31967,2.5e-05,172.31.36.0-255,66,219,10,171058
31968,3e-05,172.217.194.0-255,1484,1703,10,171058
31969,3.5e-05,172.31.36.0-255,66,1769,10,171058
31970,4.4e-05,172.217.194.0-255,2902,4671,10,171058
31971,4.8e-05,172.31.36.0-255,66,4737,10,171058
31972,5.6e-05,172.217.194.0-255,5738,10475,10,171058
31973,5.9e-05,172.31.36.0-255,66,10541,10,171058
31974,8.8e-05,172.217.194.0-255,1484,12025,10,171058
31975,9.2e-05,172.31.36.0-255,66,12091,10,171058
31976,9.7e-05,172.217.194.0-255,2038,14129,10,171058
31977,9.8e-05,172.31.36.0-255,66,14195,10,171058
31978,0.000111,172.31.36.0-255,66,14261,10,171058
31979,0.000117,172.217.194.0-255,5379,19640,10,171058
31980,0.00012,172.31.36.0-255,66,19706,10,171058
31981,0.000182,172.217.194.0-255,1484,21190,10,171058
31982,0.000186,172.31.36.0-255,66,21256,10,171058
31983,0.000192,172.217.194.0-255,2902,24158,10,171058
31984,0.000194,172.31.36.0-255,66,24224,10,171058
31985,0.000221,172.217.194.0-255,5738,29962,10,171058
31986,0.000224,172.31.36.0-255,66,30028,10,171058
31987,0.00023,172.217.194.0-255,5738,35766,10,171058
31988,0.000232,172.31.36.0-255,66,35832,10,171058
31989,0.000269,172.31.36.0-255,66,35898,10,171058
31990,0.000274,172.217.194.0-255,4252,40150,10,171058
31991,0.000277,172.31.36.0-255,66,40216,10,171058
31992,0.000492,172.217.194.0-255,364,40580,10,171058
31993,0.000496,172.31.36.0-255,66,40646,10,171058
31994,0.000805,172.217.194.0-255,1484,42130,10,171058
31995,0.00081,172.31.36.0-255,66,42196,10,171058
31996,0.000819,172.217.194.0-255,2902,45098,10,171058
31997,0.000821,172.31.36.0-255,66,45164,10,171058
31998,0.000834,172.217.194.0-255,5738,50902,10,171058
31999,0.000836,172.31.36.0-255,66,50968,10,171058
32000,0.000882,172.31.36.0-255,66,51034,10,171058
32001,0.000894,172.31.36.0-255,66,51100,10,171058
32002,0.001459,172.217.194.0-255,1484,52584,10,171058
32003,0.001469,172.217.194.0-255,2902,55486,10,171058
32004,0.001473,172.31.36.0-255,66,55552,10,171058
32005,0.001481,172.217.194.0-255,5738,61290,10,171058
32006,0.001483,172.31.36.0-255,66,61356,10,171058
32007,0.001486,172.217.194.0-255,1484,62840,10,171058
32008,0.001523,172.31.36.0-255,66,62906,10,171058
32009,0.001558,172.31.36.0-255,66,62972,10,171058
32010,0.001849,172.217.194.0-255,1484,64456,10,171058
32011,0.001853,172.217.194.0-255,2902,67358,10,171058
32012,0.001864,172.31.36.0-255,66,67424,10,171058
32013,0.001871,172.217.194.0-255,5738,73162,10,171058
32014,0.001872,172.31.36.0-255,66,73228,10,171058
32015,0.001908,172.31.36.0-255,66,73294,10,171058
32016,0.001933,172.217.194.0-255,1484,74778,10,171058
32017,0.001955,172.31.36.0-255,66,74844,10,171058
32018,0.001987,172.217.194.0-255,7156,82000,10,171058
32019,0.001989,172.31.36.0-255,66,82066,10,171058
32020,0.002013,172.217.194.0-255,4320,86386,10,171058
32021,0.002015,172.31.36.0-255,66,86452,10,171058
32022,0.002026,172.31.36.0-255,66,86518,10,171058
32023,0.002055,172.217.194.0-255,5738,92256,10,171058
32024,0.002057,172.31.36.0-255,66,92322,10,171058
32025,0.002077,172.217.194.0-255,6438,98760,10,171058
32026,0.002079,172.31.36.0-255,66,98826,10,171058
32027,0.002128,172.31.36.0-255,66,98892,10,171058
32028,0.002138,172.31.36.0-255,66,98958,10,171058
32029,0.002178,172.31.36.0-255,66,99024,10,171058
32030,0.002248,172.217.194.0-255,1484,100508,10,171058
32031,0.002254,172.217.194.0-255,2902,103410,10,171058
32032,0.002257,172.31.36.0-255,66,103476,10,171058
32033,0.002262,172.217.194.0-255,4320,107796,10,171058
32034,0.002264,172.31.36.0-255,66,107862,10,171058
32035,0.002285,172.217.194.0-255,1484,109346,10,171058
32036,0.002309,172.31.36.0-255,66,109412,10,171058
32037,0.002316,172.217.194.0-255,2902,112314,10,171058
32038,0.002319,172.31.36.0-255,66,112380,10,171058
32039,0.002333,172.31.36.0-255,66,112446,10,171058
32040,0.002336,172.217.194.0-255,766,113212,10,171058
32041,0.002412,172.217.194.0-255,1484,114696,10,171058
32042,0.002415,172.31.36.0-255,66,114762,10,171058
32043,0.002421,172.217.194.0-255,2902,117664,10,171058
32044,0.002424,172.31.36.0-255,66,117730,10,171058
32045,0.002433,172.217.194.0-255,4320,122050,10,171058
32046,0.002436,172.31.36.0-255,66,122116,10,171058
32047,0.002476,172.217.194.0-255,1484,123600,10,171058
32048,0.00249,172.31.36.0-255,66,123666,10,171058
32049,0.002494,172.217.194.0-255,2902,126568,10,171058
32050,0.002496,172.31.36.0-255,66,126634,10,171058
32051,0.002499,172.217.194.0-255,1484,128118,10,171058
32052,0.002527,172.217.194.0-255,6438,134556,10,171058
32053,0.00253,172.31.36.0-255,66,134622,10,171058
32054,0.002533,172.217.194.0-255,1484,136106,10,171058
32055,0.002535,172.217.194.0-255,1484,137590,10,171058
32056,0.002537,172.31.36.0-255,66,137656,10,171058
32057,0.002567,172.217.194.0-255,2902,140558,10,171058
32058,0.002571,172.31.36.0-255,66,140624,10,171058
32059,0.002603,172.31.36.0-255,66,140690,10,171058
32060,0.00261,172.217.194.0-255,5738,146428,10,171058
32061,0.002612,172.31.36.0-255,66,146494,10,171058
32062,0.002615,172.217.194.0-255,1484,147978,10,171058
32063,0.002617,172.31.36.0-255,78,148056,10,171058
32064,0.002633,172.31.36.0-255,66,148122,10,171058
32065,0.002636,172.217.194.0-255,2184,150306,10,171058
32066,0.002639,172.31.36.0-255,66,150372,10,171058
32067,0.002646,172.217.194.0-255,7156,157528,10,171058
32068,0.002648,172.31.36.0-255,66,157594,10,171058
32069,0.002697,172.31.36.0-255,66,157660,10,171058
32070,0.002727,172.217.194.0-255,4320,161980,10,171058
32071,0.00273,172.31.36.0-255,66,162046,10,171058
32072,0.002733,172.217.194.0-255,1484,163530,10,171058
32073,0.002747,172.31.36.0-255,66,163596,10,171058
32074,0.002761,172.31.36.0-255,66,163662,10,171058
32075,0.002811,172.31.36.0-255,66,163728,10,171058
32076,0.002821,172.31.36.0-255,66,163794,10,171058
32077,0.002845,172.217.194.0-255,2574,166368,10,171058
32078,0.002847,172.31.36.0-255,66,166434,10,171058
32079,0.00285,172.217.194.0-255,105,166539,10,171058
32080,0.004581,172.31.36.0-255,66,166605,10,171058
32081,0.004615,172.31.36.0-255,105,166710,10,171058
32082,0.006941,172.217.194.0-255,66,166776,10,171058
32083,0.026645,172.31.36.0-255,167,166943,10,171058
32084,0.026704,172.31.36.0-255,1112,168055,10,171058
32085,0.026779,172.31.36.0-255,1514,169569,10,171058
32086,0.026781,172.31.36.0-255,1291,170860,10,171058
32087,0.02821,104.244.42.0-255,66,170926,10,171058
32088,0.028218,104.244.42.0-255,66,170992,10,171058
32089,0.028301,104.244.42.0-255,66,171058,10,171058
32090,0.0,74.125.200.0-255,156,156,10,413822
32091,3.2e-05,172.31.36.0-255,66,222,10,413822
32092,3.9e-05,74.125.200.0-255,1484,1706,10,413822
32093,4.3e-05,172.31.36.0-255,66,1772,10,413822
32094,4.9e-05,74.125.200.0-255,2902,4674,10,413822
32095,5.3e-05,172.31.36.0-255,66,4740,10,413822
32096,5.7e-05,74.125.200.0-255,4320,9060,10,413822
32097,6e-05,172.31.36.0-255,66,9126,10,413822
32098,8.4e-05,74.125.200.0-255,2902,12028,10,413822
32099,8.6e-05,172.31.36.0-255,66,12094,10,413822
32100,9e-05,74.125.200.0-255,2018,14112,10,413822
32101,9.2e-05,172.31.36.0-255,66,14178,10,413822
32102,9.5e-05,74.125.200.0-255,2902,17080,10,413822
32103,9.6e-05,172.31.36.0-255,66,17146,10,413822
32104,0.000119,74.125.200.0-255,4320,21466,10,413822
32105,0.000122,172.31.36.0-255,66,21532,10,413822
32106,0.000138,74.125.200.0-255,1484,23016,10,413822
32107,0.00014,172.31.36.0-255,66,23082,10,413822
32108,0.000146,74.125.200.0-255,7156,30238,10,413822
32109,0.000148,172.31.36.0-255,66,30304,10,413822
32110,0.000151,74.125.200.0-255,1125,31429,10,413822
32111,0.000152,172.31.36.0-255,66,31495,10,413822
32112,0.000264,74.125.200.0-255,1484,32979,10,413822
32113,0.000268,172.31.36.0-255,66,33045,10,413822
32114,0.00028,74.125.200.0-255,2902,35947,10,413822
32115,0.000284,172.31.36.0-255,66,36013,10,413822
32116,0.000305,74.125.200.0-255,5738,41751,10,413822
32117,0.000308,172.31.36.0-255,66,41817,10,413822
32118,0.000311,74.125.200.0-255,1484,43301,10,413822
32119,0.000315,172.31.36.0-255,66,43367,10,413822
32120,0.000327,74.125.200.0-255,2902,46269,10,413822
32121,0.00033,172.31.36.0-255,66,46335,10,413822
32122,0.000365,74.125.200.0-255,5379,51714,10,413822
32123,0.000369,172.31.36.0-255,66,51780,10,413822
32124,0.000373,74.125.200.0-255,4320,56100,10,413822
32125,0.000375,74.125.200.0-255,1484,57584,10,413822
32126,0.000376,172.31.36.0-255,66,57650,10,413822
32127,0.00039,74.125.200.0-255,4320,61970,10,413822
32128,0.000393,172.31.36.0-255,66,62036,10,413822
32129,0.000413,74.125.200.0-255,2902,64938,10,413822
32130,0.000416,172.31.36.0-255,66,65004,10,413822
32131,0.000423,74.125.200.0-255,1436,66440,10,413822
32132,0.000444,74.125.200.0-255,111,66551,10,413822
32133,0.000506,74.125.200.0-255,1484,68035,10,413822
32134,0.00051,172.31.36.0-255,66,68101,10,413822
32135,0.000522,74.125.200.0-255,2902,71003,10,413822
32136,0.000525,172.31.36.0-255,66,71069,10,413822
32137,0.000528,74.125.200.0-255,1484,72553,10,413822
32138,0.000541,74.125.200.0-255,4320,76873,10,413822
32139,0.000543,172.31.36.0-255,66,76939,10,413822
32140,0.000564,74.125.200.0-255,2902,79841,10,413822
32141,0.000567,172.31.36.0-255,66,79907,10,413822
32142,0.000586,74.125.200.0-255,3645,83552,10,413822
32143,0.000588,172.31.36.0-255,66,83618,10,413822
32144,0.000789,74.125.200.0-255,1484,85102,10,413822
32145,0.000803,74.125.200.0-255,2902,88004,10,413822
32146,0.000806,172.31.36.0-255,66,88070,10,413822
32147,0.000811,74.125.200.0-255,4320,92390,10,413822
32148,0.000813,172.31.36.0-255,66,92456,10,413822
32149,0.00083,74.125.200.0-255,1484,93940,10,413822
32150,0.000834,74.125.200.0-255,2902,96842,10,413822
32151,0.000836,172.31.36.0-255,66,96908,10,413822
32152,0.000872,172.31.36.0-255,66,96974,10,413822
32153,0.000877,74.125.200.0-255,5738,102712,10,413822
32154,0.000879,172.31.36.0-255,66,102778,10,413822
32155,0.000894,74.125.200.0-255,5020,107798,10,413822
32156,0.000896,172.31.36.0-255,66,107864,10,413822
32157,0.001107,74.125.200.0-255,1484,109348,10,413822
32158,0.001122,74.125.200.0-255,2902,112250,10,413822
32159,0.001125,172.31.36.0-255,66,112316,10,413822
32160,0.001147,74.125.200.0-255,1484,113800,10,413822
32161,0.001161,74.125.200.0-255,4320,118120,10,413822
32162,0.001164,172.31.36.0-255,66,118186,10,413822
32163,0.001166,74.125.200.0-255,1484,119670,10,413822
32164,0.001185,74.125.200.0-255,2902,122572,10,413822
32165,0.001188,172.31.36.0-255,66,122638,10,413822
32166,0.001192,74.125.200.0-255,4320,126958,10,413822
32167,0.001194,172.31.36.0-255,66,127024,10,413822
32168,0.001204,74.125.200.0-255,1484,128508,10,413822
32169,0.001217,74.125.200.0-255,1484,129992,10,413822
32170,0.001219,172.31.36.0-255,66,130058,10,413822
32171,0.00124,74.125.200.0-255,4320,134378,10,413822
32172,0.001242,172.31.36.0-255,66,134444,10,413822
32173,0.001246,74.125.200.0-255,2902,137346,10,413822
32174,0.001247,172.31.36.0-255,66,137412,10,413822
32175,0.001264,74.125.200.0-255,4320,141732,10,413822
32176,0.001266,172.31.36.0-255,66,141798,10,413822
32177,0.001268,74.125.200.0-255,766,142564,10,413822
32178,0.001386,172.31.36.0-255,66,142630,10,413822
32179,0.001406,74.125.200.0-255,1484,144114,10,413822
32180,0.001418,74.125.200.0-255,2902,147016,10,413822
32181,0.001421,172.31.36.0-255,66,147082,10,413822
32182,0.001446,74.125.200.0-255,1484,148566,10,413822
32183,0.001458,74.125.200.0-255,2902,151468,10,413822
32184,0.001461,172.31.36.0-255,66,151534,10,413822
32185,0.001474,74.125.200.0-255,1484,153018,10,413822
32186,0.001477,74.125.200.0-255,1484,154502,10,413822
32187,0.001479,172.31.36.0-255,66,154568,10,413822
32188,0.001495,74.125.200.0-255,4320,158888,10,413822
32189,0.001499,172.31.36.0-255,66,158954,10,413822
32190,0.001515,74.125.200.0-255,4320,163274,10,413822
32191,0.001518,172.31.36.0-255,66,163340,10,413822
32192,0.001532,74.125.200.0-255,2902,166242,10,413822
32193,0.001536,74.125.200.0-255,2902,169144,10,413822
32194,0.001536,172.31.36.0-255,66,169210,10,413822
32195,0.001539,172.31.36.0-255,66,169276,10,413822
32196,0.00154,74.125.200.0-255,4320,173596,10,413822
32197,0.001543,172.31.36.0-255,66,173662,10,413822
32198,0.00158,74.125.200.0-255,3602,177264,10,413822
32199,0.001583,172.31.36.0-255,66,177330,10,413822
32200,0.001599,74.125.200.0-255,4320,181650,10,413822
32201,0.001602,172.31.36.0-255,66,181716,10,413822
32202,0.001622,74.125.200.0-255,1484,183200,10,413822
32203,0.001643,74.125.200.0-255,4320,187520,10,413822
32204,0.001646,172.31.36.0-255,66,187586,10,413822
32205,0.001653,74.125.200.0-255,5738,193324,10,413822
32206,0.001655,172.31.36.0-255,66,193390,10,413822
32207,0.001666,74.125.200.0-255,1484,194874,10,413822
32208,0.001669,74.125.200.0-255,1484,196358,10,413822
32209,0.001671,172.31.36.0-255,66,196424,10,413822
32210,0.001703,74.125.200.0-255,4320,200744,10,413822
32211,0.001707,172.31.36.0-255,66,200810,10,413822
32212,0.001714,74.125.200.0-255,7156,207966,10,413822
32213,0.001716,172.31.36.0-255,66,208032,10,413822
32214,0.001719,74.125.200.0-255,1484,209516,10,413822
32215,0.001743,74.125.200.0-255,2184,211700,10,413822
32216,0.001746,172.31.36.0-255,66,211766,10,413822
32217,0.00185,74.125.200.0-255,1484,213250,10,413822
32218,0.001853,74.125.200.0-255,1484,214734,10,413822
32219,0.001856,172.31.36.0-255,66,214800,10,413822
32220,0.001872,74.125.200.0-255,1484,216284,10,413822
32221,0.001875,74.125.200.0-255,1484,217768,10,413822
32222,0.001877,172.31.36.0-255,66,217834,10,413822
32223,0.001898,74.125.200.0-255,2902,220736,10,413822
32224,0.001901,172.31.36.0-255,66,220802,10,413822
32225,0.001955,74.125.200.0-255,5738,226540,10,413822
32226,0.001958,74.125.200.0-255,2902,229442,10,413822
32227,0.001959,172.31.36.0-255,66,229508,10,413822
32228,0.001962,74.125.200.0-255,4320,233828,10,413822
32229,0.001963,172.31.36.0-255,66,233894,10,413822
32230,0.001966,172.31.36.0-255,66,233960,10,413822
32231,0.001977,172.31.36.0-255,66,234026,10,413822
32232,0.001983,74.125.200.0-255,3602,237628,10,413822
32233,0.001985,172.31.36.0-255,66,237694,10,413822
32234,0.002149,74.125.200.0-255,1484,239178,10,413822
32235,0.00217,74.125.200.0-255,2902,242080,10,413822
32236,0.002173,172.31.36.0-255,66,242146,10,413822
32237,0.002179,74.125.200.0-255,4320,246466,10,413822
32238,0.002181,172.31.36.0-255,66,246532,10,413822
32239,0.002185,74.125.200.0-255,2902,249434,10,413822
32240,0.002187,172.31.36.0-255,66,249500,10,413822
32241,0.002204,74.125.200.0-255,2902,252402,10,413822
32242,0.002207,172.31.36.0-255,66,252468,10,413822
32243,0.002222,74.125.200.0-255,4320,256788,10,413822
32244,0.002225,172.31.36.0-255,66,256854,10,413822
32245,0.002251,74.125.200.0-255,7156,264010,10,413822
32246,0.002254,172.31.36.0-255,66,264076,10,413822
32247,0.002258,74.125.200.0-255,2902,266978,10,413822
32248,0.00226,172.31.36.0-255,66,267044,10,413822
32249,0.002263,74.125.200.0-255,1484,268528,10,413822
32250,0.004456,74.125.200.0-255,1484,270012,10,413822
32251,0.004462,172.31.36.0-255,66,270078,10,413822
32252,0.00448,74.125.200.0-255,2902,272980,10,413822
32253,0.004482,172.31.36.0-255,66,273046,10,413822
32254,0.006664,74.125.200.0-255,2902,275948,10,413822
32255,0.006668,172.31.36.0-255,66,276014,10,413822
32256,0.006687,74.125.200.0-255,2902,278916,10,413822
32257,0.006688,172.31.36.0-255,66,278982,10,413822
32258,0.008881,74.125.200.0-255,2902,281884,10,413822
32259,0.008887,172.31.36.0-255,66,281950,10,413822
32260,0.008909,74.125.200.0-255,2902,284852,10,413822
32261,0.008912,172.31.36.0-255,66,284918,10,413822
32262,0.011117,74.125.200.0-255,5738,290656,10,413822
32263,0.011123,172.31.36.0-255,66,290722,10,413822
32264,0.013373,74.125.200.0-255,5738,296460,10,413822
32265,0.013387,172.31.36.0-255,66,296526,10,413822
32266,0.015607,74.125.200.0-255,5738,302264,10,413822
32267,0.01562,172.31.36.0-255,66,302330,10,413822
32268,0.017851,74.125.200.0-255,5738,308068,10,413822
32269,0.017868,172.31.36.0-255,66,308134,10,413822
32270,0.020097,74.125.200.0-255,5738,313872,10,413822
32271,0.020106,172.31.36.0-255,66,313938,10,413822
32272,0.022343,74.125.200.0-255,5738,319676,10,413822
32273,0.022358,172.31.36.0-255,66,319742,10,413822
32274,0.024588,74.125.200.0-255,5738,325480,10,413822
32275,0.024602,172.31.36.0-255,66,325546,10,413822
32276,0.026837,74.125.200.0-255,5738,331284,10,413822
32277,0.026851,172.31.36.0-255,66,331350,10,413822
32278,0.029079,74.125.200.0-255,5738,337088,10,413822
32279,0.02909,172.31.36.0-255,66,337154,10,413822
32280,0.031343,74.125.200.0-255,5738,342892,10,413822
32281,0.031354,172.31.36.0-255,66,342958,10,413822
32282,0.032987,172.31.36.0-255,546,343504,10,413822
32283,0.033031,172.31.36.0-255,1113,344617,10,413822
32284,0.033108,172.31.36.0-255,1514,346131,10,413822
32285,0.03311,172.31.36.0-255,1290,347421,10,413822
32286,0.033573,74.125.200.0-255,5738,353159,10,413822
32287,0.033582,172.31.36.0-255,66,353225,10,413822
32288,0.03452,104.244.42.0-255,66,353291,10,413822
32289,0.034611,104.244.42.0-255,66,353357,10,413822
32290,0.034656,104.244.42.0-255,66,353423,10,413822
32291,0.035798,74.125.200.0-255,2902,356325,10,413822
32292,0.035808,172.31.36.0-255,66,356391,10,413822
32293,0.035839,74.125.200.0-255,2902,359293,10,413822
32294,0.035842,172.31.36.0-255,66,359359,10,413822
32295,0.038015,74.125.200.0-255,2902,362261,10,413822
32296,0.038022,172.31.36.0-255,66,362327,10,413822
32297,0.038054,74.125.200.0-255,1484,363811,10,413822
32298,0.038071,74.125.200.0-255,1484,365295,10,413822
32299,0.038074,172.31.36.0-255,66,365361,10,413822
32300,0.040234,74.125.200.0-255,2902,368263,10,413822
32301,0.04024,172.31.36.0-255,66,368329,10,413822
32302,0.040287,74.125.200.0-255,2902,371231,10,413822
32303,0.040291,172.31.36.0-255,66,371297,10,413822
32304,0.04246,74.125.200.0-255,2902,374199,10,413822
32305,0.042468,172.31.36.0-255,66,374265,10,413822
32306,0.042504,74.125.200.0-255,2902,377167,10,413822
32307,0.042507,172.31.36.0-255,66,377233,10,413822
32308,0.044681,74.125.200.0-255,2902,380135,10,413822
32309,0.044692,172.31.36.0-255,66,380201,10,413822
32310,0.044715,74.125.200.0-255,2902,383103,10,413822
32311,0.044718,172.31.36.0-255,66,383169,10,413822
32312,0.046931,74.125.200.0-255,2902,386071,10,413822
32313,0.046939,172.31.36.0-255,66,386137,10,413822
32314,0.046957,74.125.200.0-255,2902,389039,10,413822
32315,0.04696,172.31.36.0-255,66,389105,10,413822
32316,0.049166,74.125.200.0-255,2902,392007,10,413822
32317,0.049177,172.31.36.0-255,66,392073,10,413822
32318,0.049215,74.125.200.0-255,2902,394975,10,413822
32319,0.049218,172.31.36.0-255,66,395041,10,413822
32320,0.051399,74.125.200.0-255,2902,397943,10,413822
32321,0.051409,172.31.36.0-255,66,398009,10,413822
32322,0.051479,74.125.200.0-255,2902,400911,10,413822
32323,0.051484,172.31.36.0-255,66,400977,10,413822
32324,0.053627,74.125.200.0-255,1484,402461,10,413822
32325,0.053699,74.125.200.0-255,2902,405363,10,413822
32326,0.053705,172.31.36.0-255,66,405429,10,413822
32327,0.053724,74.125.200.0-255,1484,406913,10,413822
32328,0.055949,74.125.200.0-255,4320,411233,10,413822
32329,0.055963,172.31.36.0-255,66,411299,10,413822
32330,0.058174,74.125.200.0-255,1761,413060,10,413822
32331,0.058186,172.31.36.0-255,66,413126,10,413822
32332,0.058429,172.31.36.0-255,105,413231,10,413822
32333,0.058453,172.31.36.0-255,105,413336,10,413822
32334,0.058674,172.31.36.0-255,90,413426,10,413822
32335,0.058687,172.31.36.0-255,66,413492,10,413822
32336,0.060624,74.125.200.0-255,66,413558,10,413822
32337,0.060638,74.125.200.0-255,66,413624,10,413822
32338,0.060847,74.125.200.0-255,66,413690,10,413822
32339,0.060889,74.125.200.0-255,66,413756,10,413822
32340,0.060897,172.31.36.0-255,66,413822,10,413822
32341,0.0,172.217.194.0-255,145,145,10,141422
32342,1.9e-05,172.31.36.0-255,66,211,10,141422
32343,2.7e-05,172.217.194.0-255,1484,1695,10,141422
32344,3.1e-05,172.31.36.0-255,66,1761,10,141422
32345,3.7e-05,172.217.194.0-255,2902,4663,10,141422
32346,4e-05,172.31.36.0-255,66,4729,10,141422
32347,4.8e-05,172.217.194.0-255,7156,11885,10,141422
32348,5.1e-05,172.31.36.0-255,66,11951,10,141422
32349,5.5e-05,172.217.194.0-255,1950,13901,10,141422
32350,5.9e-05,172.31.36.0-255,66,13967,10,141422
32351,0.000121,172.217.194.0-255,1484,15451,10,141422
32352,0.000124,172.31.36.0-255,66,15517,10,141422
32353,0.00013,172.217.194.0-255,2902,18419,10,141422
32354,0.000132,172.31.36.0-255,66,18485,10,141422
32355,0.000135,172.217.194.0-255,1484,19969,10,141422
32356,0.000138,172.31.36.0-255,66,20035,10,141422
32357,0.000161,172.217.194.0-255,4320,24355,10,141422
32358,0.000164,172.31.36.0-255,66,24421,10,141422
32359,0.000171,172.217.194.0-255,6797,31218,10,141422
32360,0.000173,172.31.36.0-255,66,31284,10,141422
32361,0.000212,172.217.194.0-255,4320,35604,10,141422
32362,0.000215,172.31.36.0-255,66,35670,10,141422
32363,0.000247,172.31.36.0-255,66,35736,10,141422
32364,0.000251,172.217.194.0-255,2543,38279,10,141422
32365,0.000253,172.31.36.0-255,66,38345,10,141422
32366,0.0012,172.217.194.0-255,1484,39829,10,141422
32367,0.001208,172.31.36.0-255,66,39895,10,141422
32368,0.001218,172.217.194.0-255,2902,42797,10,141422
32369,0.00122,172.31.36.0-255,66,42863,10,141422
32370,0.001252,172.217.194.0-255,5738,48601,10,141422
32371,0.001254,172.31.36.0-255,66,48667,10,141422
32372,0.001282,172.31.36.0-255,66,48733,10,141422
32373,0.001305,172.217.194.0-255,2543,51276,10,141422
32374,0.001307,172.31.36.0-255,66,51342,10,141422
32375,0.001313,172.217.194.0-255,4320,55662,10,141422
32376,0.001314,172.31.36.0-255,66,55728,10,141422
32377,0.001321,172.217.194.0-255,4320,60048,10,141422
32378,0.001323,172.31.36.0-255,66,60114,10,141422
32379,0.001362,172.31.36.0-255,66,60180,10,141422
32380,0.001369,172.217.194.0-255,5738,65918,10,141422
32381,0.001371,172.31.36.0-255,66,65984,10,141422
32382,0.001394,172.217.194.0-255,2184,68168,10,141422
32383,0.001397,172.31.36.0-255,66,68234,10,141422
32384,0.001444,172.217.194.0-255,1484,69718,10,141422
32385,0.001449,172.217.194.0-255,1484,71202,10,141422
32386,0.001451,172.31.36.0-255,66,71268,10,141422
32387,0.001469,172.217.194.0-255,1484,72752,10,141422
32388,0.001475,172.217.194.0-255,5738,78490,10,141422
32389,0.001478,172.31.36.0-255,66,78556,10,141422
32390,0.001505,172.217.194.0-255,1484,80040,10,141422
32391,0.001524,172.217.194.0-255,5264,85304,10,141422
32392,0.001526,172.31.36.0-255,66,85370,10,141422
32393,0.001529,172.217.194.0-255,98,85468,10,141422
32394,0.001621,172.217.194.0-255,1484,86952,10,141422
32395,0.001625,172.31.36.0-255,66,87018,10,141422
32396,0.00163,172.217.194.0-255,1484,88502,10,141422
32397,0.001645,172.217.194.0-255,1484,89986,10,141422
32398,0.001648,172.31.36.0-255,66,90052,10,141422
32399,0.001655,172.217.194.0-255,5738,95790,10,141422
32400,0.001657,172.31.36.0-255,66,95856,10,141422
32401,0.001693,172.31.36.0-255,66,95922,10,141422
32402,0.001698,172.217.194.0-255,2902,98824,10,141422
32403,0.0017,172.31.36.0-255,66,98890,10,141422
32404,0.001722,172.31.36.0-255,66,98956,10,141422
32405,0.001749,172.31.36.0-255,66,99022,10,141422
32406,0.001788,172.31.36.0-255,66,99088,10,141422
32407,0.001808,172.217.194.0-255,4320,103408,10,141422
32408,0.00181,172.31.36.0-255,66,103474,10,141422
32409,0.001839,172.31.36.0-255,66,103540,10,141422
32410,0.001852,172.31.36.0-255,66,103606,10,141422
32411,0.001881,172.217.194.0-255,4320,107926,10,141422
32412,0.001884,172.31.36.0-255,66,107992,10,141422
32413,0.001899,172.31.36.0-255,66,108058,10,141422
32414,0.001902,172.217.194.0-255,1484,109542,10,141422
32415,0.001907,172.217.194.0-255,2902,112444,10,141422
32416,0.00191,172.31.36.0-255,66,112510,10,141422
32417,0.001939,172.217.194.0-255,5738,118248,10,141422
32418,0.001941,172.31.36.0-255,66,118314,10,141422
32419,0.001947,172.217.194.0-255,5738,124052,10,141422
32420,0.00195,172.31.36.0-255,66,124118,10,141422
32421,0.001974,172.217.194.0-255,4320,128438,10,141422
32422,0.001977,172.31.36.0-255,66,128504,10,141422
32423,0.001993,172.217.194.0-255,1484,129988,10,141422
32424,0.002029,172.31.36.0-255,66,130054,10,141422
32425,0.002037,172.217.194.0-255,1484,131538,10,141422
32426,0.002079,172.31.36.0-255,66,131604,10,141422
32427,0.002091,172.31.36.0-255,66,131670,10,141422
32428,0.002175,172.31.36.0-255,66,131736,10,141422
32429,0.00221,172.31.36.0-255,66,131802,10,141422
32430,0.002228,172.31.36.0-255,66,131868,10,141422
32431,0.002249,172.31.36.0-255,66,131934,10,141422
32432,0.002271,172.31.36.0-255,66,132000,10,141422
32433,0.002285,172.31.36.0-255,66,132066,10,141422
32434,0.002318,172.31.36.0-255,66,132132,10,141422
32435,0.002334,172.31.36.0-255,66,132198,10,141422
32436,0.002339,172.217.194.0-255,4535,136733,10,141422
32437,0.002341,172.31.36.0-255,66,136799,10,141422
32438,0.00237,172.217.194.0-255,105,136904,10,141422
32439,0.005363,172.31.36.0-255,66,136970,10,141422
32440,0.005402,172.31.36.0-255,105,137075,10,141422
32441,0.008008,172.217.194.0-255,66,137141,10,141422
32442,0.032206,172.31.36.0-255,166,137307,10,141422
32443,0.032241,172.31.36.0-255,1136,138443,10,141422
32444,0.032305,172.31.36.0-255,1514,139957,10,141422
32445,0.032307,172.31.36.0-255,1267,141224,10,141422
32446,0.033757,104.244.42.0-255,66,141290,10,141422
32447,0.033786,104.244.42.0-255,66,141356,10,141422
32448,0.033866,104.244.42.0-255,66,141422,10,141422
32449,0.0,172.217.194.0-255,142,142,10,278235
32450,2.3e-05,172.31.36.0-255,66,208,10,278235
32451,3.1e-05,172.217.194.0-255,1484,1692,10,278235
32452,3.5e-05,172.31.36.0-255,66,1758,10,278235
32453,5.1e-05,172.217.194.0-255,2902,4660,10,278235
32454,5.5e-05,172.31.36.0-255,66,4726,10,278235
32455,6e-05,172.217.194.0-255,2902,7628,10,278235
32456,6.4e-05,172.31.36.0-255,66,7694,10,278235
32457,9.9e-05,172.217.194.0-255,4320,12014,10,278235
32458,0.000103,172.31.36.0-255,66,12080,10,278235
32459,0.000183,172.217.194.0-255,2081,14161,10,278235
32460,0.000186,172.31.36.0-255,66,14227,10,278235
32461,0.000215,172.217.194.0-255,2902,17129,10,278235
32462,0.000218,172.31.36.0-255,66,17195,10,278235
32463,0.000253,172.31.36.0-255,66,17261,10,278235
32464,0.000421,172.217.194.0-255,5379,22640,10,278235
32465,0.000426,172.31.36.0-255,66,22706,10,278235
32466,0.000503,172.217.194.0-255,5738,28444,10,278235
32467,0.000507,172.31.36.0-255,66,28510,10,278235
32468,0.000535,172.31.36.0-255,66,28576,10,278235
32469,0.001631,172.217.194.0-255,1484,30060,10,278235
32470,0.001639,172.31.36.0-255,66,30126,10,278235
32471,0.001649,172.217.194.0-255,2902,33028,10,278235
32472,0.001659,172.31.36.0-255,66,33094,10,278235
32473,0.001686,172.217.194.0-255,1484,34578,10,278235
32474,0.001689,172.31.36.0-255,66,34644,10,278235
32475,0.001708,172.217.194.0-255,4320,38964,10,278235
32476,0.00171,172.31.36.0-255,66,39030,10,278235
32477,0.001772,172.217.194.0-255,2902,41932,10,278235
32478,0.001775,172.31.36.0-255,66,41998,10,278235
32479,0.001962,172.217.194.0-255,2902,44900,10,278235
32480,0.002278,172.217.194.0-255,7156,52056,10,278235
32481,0.002296,172.217.194.0-255,3602,55658,10,278235
32482,0.002431,172.217.194.0-255,645,56303,10,278235
32483,0.002464,172.217.194.0-255,4320,60623,10,278235
32484,0.002682,172.217.194.0-255,2902,63525,10,278235
32485,0.003144,172.217.194.0-255,1484,65009,10,278235
32486,0.003159,172.217.194.0-255,5738,70747,10,278235
32487,0.003524,172.31.36.0-255,66,70813,10,278235
32488,0.005893,172.217.194.0-255,5738,76551,10,278235
32489,0.0059,172.31.36.0-255,66,76617,10,278235
32490,0.008282,172.217.194.0-255,5738,82355,10,278235
32491,0.008289,172.31.36.0-255,66,82421,10,278235
32492,0.010643,172.217.194.0-255,5738,88159,10,278235
32493,0.010655,172.31.36.0-255,66,88225,10,278235
32494,0.013048,172.217.194.0-255,5738,93963,10,278235
32495,0.013059,172.31.36.0-255,66,94029,10,278235
32496,0.01545,172.217.194.0-255,5738,99767,10,278235
32497,0.015458,172.31.36.0-255,66,99833,10,278235
32498,0.017844,172.217.194.0-255,5738,105571,10,278235
32499,0.01903,172.31.36.0-255,66,105637,10,278235
32500,0.021441,172.217.194.0-255,5738,111375,10,278235
32501,0.021448,172.31.36.0-255,66,111441,10,278235
32502,0.021812,172.31.36.0-255,167,111608,10,278235
32503,0.021853,172.31.36.0-255,1113,112721,10,278235
32504,0.021942,172.31.36.0-255,1514,114235,10,278235
32505,0.021944,172.31.36.0-255,1290,115525,10,278235
32506,0.023443,104.244.42.0-255,66,115591,10,278235
32507,0.02345,104.244.42.0-255,66,115657,10,278235
32508,0.023511,104.244.42.0-255,66,115723,10,278235
32509,0.023827,172.217.194.0-255,5738,121461,10,278235
32510,0.023832,172.31.36.0-255,66,121527,10,278235
32511,0.026198,172.217.194.0-255,5738,127265,10,278235
32512,0.026205,172.31.36.0-255,66,127331,10,278235
32513,0.028621,172.217.194.0-255,5738,133069,10,278235
32514,0.028627,172.31.36.0-255,66,133135,10,278235
32515,0.030976,172.217.194.0-255,5738,138873,10,278235
32516,0.030982,172.31.36.0-255,66,138939,10,278235
32517,0.033357,172.217.194.0-255,5738,144677,10,278235
32518,0.033363,172.31.36.0-255,66,144743,10,278235
32519,0.03575,172.217.194.0-255,5738,150481,10,278235
32520,0.035756,172.31.36.0-255,66,150547,10,278235
32521,0.038128,172.217.194.0-255,5738,156285,10,278235
32522,0.038134,172.31.36.0-255,66,156351,10,278235
32523,0.0405,172.217.194.0-255,5738,162089,10,278235
32524,0.040507,172.31.36.0-255,66,162155,10,278235
32525,0.042879,172.217.194.0-255,5738,167893,10,278235
32526,0.042886,172.31.36.0-255,66,167959,10,278235
32527,0.045264,172.217.194.0-255,5738,173697,10,278235
32528,0.04527,172.31.36.0-255,66,173763,10,278235
32529,0.047671,172.217.194.0-255,5738,179501,10,278235
32530,0.047678,172.31.36.0-255,66,179567,10,278235
32531,0.050058,172.217.194.0-255,5738,185305,10,278235
32532,0.050067,172.31.36.0-255,66,185371,10,278235
32533,0.052457,172.217.194.0-255,5738,191109,10,278235
32534,0.052466,172.31.36.0-255,66,191175,10,278235
32535,0.054852,172.217.194.0-255,5738,196913,10,278235
32536,0.054862,172.31.36.0-255,66,196979,10,278235
32537,0.057264,172.217.194.0-255,5738,202717,10,278235
32538,0.057285,172.31.36.0-255,66,202783,10,278235
32539,0.059675,172.217.194.0-255,5738,208521,10,278235
32540,0.059684,172.31.36.0-255,66,208587,10,278235
32541,0.062061,172.217.194.0-255,5738,214325,10,278235
32542,0.062073,172.31.36.0-255,66,214391,10,278235
32543,0.064465,172.217.194.0-255,5738,220129,10,278235
32544,0.064473,172.31.36.0-255,66,220195,10,278235
32545,0.066851,172.217.194.0-255,5738,225933,10,278235
32546,0.066858,172.31.36.0-255,66,225999,10,278235
32547,0.069241,172.217.194.0-255,5738,231737,10,278235
32548,0.06925,172.31.36.0-255,66,231803,10,278235
32549,0.071617,172.217.194.0-255,5738,237541,10,278235
32550,0.071628,172.31.36.0-255,66,237607,10,278235
32551,0.073987,172.217.194.0-255,5738,243345,10,278235
32552,0.073997,172.31.36.0-255,66,243411,10,278235
32553,0.076374,172.217.194.0-255,5738,249149,10,278235
32554,0.076381,172.31.36.0-255,66,249215,10,278235
32555,0.078778,172.217.194.0-255,5738,254953,10,278235
32556,0.078787,172.31.36.0-255,66,255019,10,278235
32557,0.081169,172.217.194.0-255,5738,260757,10,278235
32558,0.081178,172.31.36.0-255,66,260823,10,278235
32559,0.083579,172.217.194.0-255,5738,266561,10,278235
32560,0.083588,172.31.36.0-255,66,266627,10,278235
32561,0.085948,172.217.194.0-255,5738,272365,10,278235
32562,0.085959,172.31.36.0-255,66,272431,10,278235
32563,0.088401,172.217.194.0-255,5738,278169,10,278235
32564,0.088412,172.31.36.0-255,66,278235,10,278235
32565,0.0,216.58.221.0-255,293,293,10,313447
32566,3.3e-05,172.31.36.0-255,66,359,10,313447
32567,3.9e-05,216.58.221.0-255,1484,1843,10,313447
32568,4.4e-05,172.31.36.0-255,66,1909,10,313447
32569,5.8e-05,216.58.221.0-255,4320,6229,10,313447
32570,6.1e-05,172.31.36.0-255,66,6295,10,313447
32571,6.7e-05,216.58.221.0-255,5738,12033,10,313447
32572,7e-05,172.31.36.0-255,66,12099,10,313447
32573,9.7e-05,216.58.221.0-255,1814,13913,10,313447
32574,0.000101,172.31.36.0-255,66,13979,10,313447
32575,0.000123,216.58.221.0-255,1484,15463,10,313447
32576,0.000127,172.31.36.0-255,66,15529,10,313447
32577,0.000132,216.58.221.0-255,2902,18431,10,313447
32578,0.000135,172.31.36.0-255,66,18497,10,313447
32579,0.000165,216.58.221.0-255,2902,21399,10,313447
32580,0.000168,172.31.36.0-255,66,21465,10,313447
32581,0.000173,216.58.221.0-255,4320,25785,10,313447
32582,0.000177,172.31.36.0-255,66,25851,10,313447
32583,0.000214,216.58.221.0-255,5379,31230,10,313447
32584,0.000218,172.31.36.0-255,66,31296,10,313447
32585,0.000397,216.58.221.0-255,1484,32780,10,313447
32586,0.000402,172.31.36.0-255,66,32846,10,313447
32587,0.000407,216.58.221.0-255,2902,35748,10,313447
32588,0.00041,172.31.36.0-255,66,35814,10,313447
32589,0.000414,216.58.221.0-255,2902,38716,10,313447
32590,0.000421,172.31.36.0-255,66,38782,10,313447
32591,0.000445,216.58.221.0-255,2902,41684,10,313447
32592,0.000448,172.31.36.0-255,66,41750,10,313447
32593,0.000454,216.58.221.0-255,5738,47488,10,313447
32594,0.000457,172.31.36.0-255,66,47554,10,313447
32595,0.00048,216.58.221.0-255,1125,48679,10,313447
32596,0.000483,172.31.36.0-255,66,48745,10,313447
32597,0.000488,216.58.221.0-255,2902,51647,10,313447
32598,0.000491,172.31.36.0-255,66,51713,10,313447
32599,0.000522,216.58.221.0-255,4320,56033,10,313447
32600,0.000524,172.31.36.0-255,66,56099,10,313447
32601,0.000531,216.58.221.0-255,5738,61837,10,313447
32602,0.000533,172.31.36.0-255,66,61903,10,313447
32603,0.000557,216.58.221.0-255,3961,65864,10,313447
32604,0.000561,172.31.36.0-255,66,65930,10,313447
32605,0.002571,216.58.221.0-255,648,66578,10,313447
32606,0.002606,216.58.221.0-255,1484,68062,10,313447
32607,0.00261,172.31.36.0-255,66,68128,10,313447
32608,0.002615,216.58.221.0-255,1484,69612,10,313447
32609,0.002639,216.58.221.0-255,1484,71096,10,313447
32610,0.002641,172.31.36.0-255,66,71162,10,313447
32611,0.004587,216.58.221.0-255,2902,74064,10,313447
32612,0.004594,172.31.36.0-255,66,74130,10,313447
32613,0.004617,216.58.221.0-255,2902,77032,10,313447
32614,0.00462,172.31.36.0-255,66,77098,10,313447
32615,0.006564,216.58.221.0-255,2902,80000,10,313447
32616,0.006568,172.31.36.0-255,66,80066,10,313447
32617,0.006596,216.58.221.0-255,2902,82968,10,313447
32618,0.006598,172.31.36.0-255,66,83034,10,313447
32619,0.008554,216.58.221.0-255,4320,87354,10,313447
32620,0.008561,172.31.36.0-255,66,87420,10,313447
32621,0.008589,216.58.221.0-255,1484,88904,10,313447
32622,0.010532,216.58.221.0-255,4320,93224,10,313447
32623,0.01054,172.31.36.0-255,66,93290,10,313447
32624,0.012545,216.58.221.0-255,5738,99028,10,313447
32625,0.012552,172.31.36.0-255,66,99094,10,313447
32626,0.014564,216.58.221.0-255,5738,104832,10,313447
32627,0.014574,172.31.36.0-255,66,104898,10,313447
32628,0.016623,216.58.221.0-255,5738,110636,10,313447
32629,0.016636,172.31.36.0-255,66,110702,10,313447
32630,0.018612,216.58.221.0-255,5738,116440,10,313447
32631,0.01862,172.31.36.0-255,66,116506,10,313447
32632,0.020606,216.58.221.0-255,5738,122244,10,313447
32633,0.020612,172.31.36.0-255,66,122310,10,313447
32634,0.022595,216.58.221.0-255,5738,128048,10,313447
32635,0.022603,172.31.36.0-255,66,128114,10,313447
32636,0.0246,216.58.221.0-255,5738,133852,10,313447
32637,0.024608,172.31.36.0-255,66,133918,10,313447
32638,0.026313,172.31.36.0-255,172,134090,10,313447
32639,0.026344,172.31.36.0-255,1111,135201,10,313447
32640,0.026383,172.31.36.0-255,1514,136715,10,313447
32641,0.026385,172.31.36.0-255,1292,138007,10,313447
32642,0.026574,216.58.221.0-255,4320,142327,10,313447
32643,0.02658,172.31.36.0-255,66,142393,10,313447
32644,0.026615,216.58.221.0-255,1484,143877,10,313447
32645,0.027857,104.244.42.0-255,66,143943,10,313447
32646,0.027918,104.244.42.0-255,66,144009,10,313447
32647,0.027921,104.244.42.0-255,66,144075,10,313447
32648,0.028553,216.58.221.0-255,2902,146977,10,313447
32649,0.028557,172.31.36.0-255,66,147043,10,313447
32650,0.028591,216.58.221.0-255,1484,148527,10,313447
32651,0.030539,216.58.221.0-255,4320,152847,10,313447
32652,0.030545,172.31.36.0-255,66,152913,10,313447
32653,0.032523,216.58.221.0-255,5738,158651,10,313447
32654,0.032528,172.31.36.0-255,66,158717,10,313447
32655,0.034494,216.58.221.0-255,5738,164455,10,313447
32656,0.034499,172.31.36.0-255,66,164521,10,313447
32657,0.036469,216.58.221.0-255,4320,168841,10,313447
32658,0.036475,172.31.36.0-255,66,168907,10,313447
32659,0.036508,216.58.221.0-255,1484,170391,10,313447
32660,0.038444,216.58.221.0-255,4320,174711,10,313447
32661,0.03845,172.31.36.0-255,66,174777,10,313447
32662,0.04043,216.58.221.0-255,5738,180515,10,313447
32663,0.040435,172.31.36.0-255,66,180581,10,313447
32664,0.042406,216.58.221.0-255,5738,186319,10,313447
32665,0.042412,172.31.36.0-255,66,186385,10,313447
32666,0.044376,216.58.221.0-255,4320,190705,10,313447
32667,0.044381,172.31.36.0-255,66,190771,10,313447
32668,0.044411,216.58.221.0-255,1484,192255,10,313447
32669,0.046354,216.58.221.0-255,4320,196575,10,313447
32670,0.046359,172.31.36.0-255,66,196641,10,313447
32671,0.048346,216.58.221.0-255,5738,202379,10,313447
32672,0.048357,172.31.36.0-255,66,202445,10,313447
32673,0.050329,216.58.221.0-255,4320,206765,10,313447
32674,0.050335,172.31.36.0-255,66,206831,10,313447
32675,0.050369,216.58.221.0-255,1484,208315,10,313447
32676,0.052306,216.58.221.0-255,4320,212635,10,313447
32677,0.052312,172.31.36.0-255,66,212701,10,313447
32678,0.054288,216.58.221.0-255,5738,218439,10,313447
32679,0.054294,172.31.36.0-255,66,218505,10,313447
32680,0.056276,216.58.221.0-255,4320,222825,10,313447
32681,0.056281,172.31.36.0-255,66,222891,10,313447
32682,0.056312,216.58.221.0-255,1484,224375,10,313447
32683,0.058255,216.58.221.0-255,4320,228695,10,313447
32684,0.05826,172.31.36.0-255,66,228761,10,313447
32685,0.060227,216.58.221.0-255,1484,230245,10,313447
32686,0.060263,216.58.221.0-255,4320,234565,10,313447
32687,0.060267,172.31.36.0-255,66,234631,10,313447
32688,0.062236,216.58.221.0-255,4320,238951,10,313447
32689,0.062241,172.31.36.0-255,66,239017,10,313447
32690,0.062276,216.58.221.0-255,1484,240501,10,313447
32691,0.064205,216.58.221.0-255,4320,244821,10,313447
32692,0.06421,172.31.36.0-255,66,244887,10,313447
32693,0.066392,216.58.221.0-255,5738,250625,10,313447
32694,0.066398,172.31.36.0-255,66,250691,10,313447
32695,0.068723,216.58.221.0-255,4320,255011,10,313447
32696,0.068729,172.31.36.0-255,66,255077,10,313447
32697,0.068754,216.58.221.0-255,1484,256561,10,313447
32698,0.070705,216.58.221.0-255,4320,260881,10,313447
32699,0.070711,172.31.36.0-255,66,260947,10,313447
32700,0.072689,216.58.221.0-255,5738,266685,10,313447
32701,0.072693,172.31.36.0-255,66,266751,10,313447
32702,0.074659,216.58.221.0-255,5738,272489,10,313447
32703,0.074664,172.31.36.0-255,66,272555,10,313447
32704,0.076635,216.58.221.0-255,5738,278293,10,313447
32705,0.07664,172.31.36.0-255,66,278359,10,313447
32706,0.078634,216.58.221.0-255,5738,284097,10,313447
32707,0.07864,172.31.36.0-255,66,284163,10,313447
32708,0.080621,216.58.221.0-255,5738,289901,10,313447
32709,0.08063,172.31.36.0-255,66,289967,10,313447
32710,0.082607,216.58.221.0-255,5738,295705,10,313447
32711,0.082612,172.31.36.0-255,66,295771,10,313447
32712,0.08461,216.58.221.0-255,5738,301509,10,313447
32713,0.084615,172.31.36.0-255,66,301575,10,313447
32714,0.086608,216.58.221.0-255,2902,304477,10,313447
32715,0.086614,172.31.36.0-255,66,304543,10,313447
32716,0.086646,216.58.221.0-255,2902,307445,10,313447
32717,0.08665,172.31.36.0-255,66,307511,10,313447
32718,0.088586,216.58.221.0-255,2902,310413,10,313447
32719,0.088592,172.31.36.0-255,66,310479,10,313447
32720,0.08863,216.58.221.0-255,2902,313381,10,313447
32721,0.088633,172.31.36.0-255,66,313447,10,313447
32722,0.0,172.217.194.0-255,152,152,10,343322
32723,2.4e-05,172.31.36.0-255,66,218,10,343322
32724,3.2e-05,172.217.194.0-255,1484,1702,10,343322
32725,3.6e-05,172.31.36.0-255,66,1768,10,343322
32726,4.1e-05,172.217.194.0-255,2902,4670,10,343322
32727,4.4e-05,172.31.36.0-255,66,4736,10,343322
32728,4.9e-05,172.217.194.0-255,2902,7638,10,343322
32729,5.1e-05,172.31.36.0-255,66,7704,10,343322
32730,7.9e-05,172.217.194.0-255,4320,12024,10,343322
32731,8.2e-05,172.31.36.0-255,66,12090,10,343322
32732,8.7e-05,172.217.194.0-255,2039,14129,10,343322
32733,8.9e-05,172.31.36.0-255,66,14195,10,343322
32734,0.000112,172.31.36.0-255,66,14261,10,343322
32735,0.000137,172.217.194.0-255,2902,17163,10,343322
32736,0.000139,172.31.36.0-255,66,17229,10,343322
32737,0.000145,172.217.194.0-255,5379,22608,10,343322
32738,0.000147,172.31.36.0-255,66,22674,10,343322
32739,0.000207,172.217.194.0-255,1484,24158,10,343322
32740,0.00021,172.31.36.0-255,66,24224,10,343322
32741,0.000213,172.217.194.0-255,1484,25708,10,343322
32742,0.000215,172.31.36.0-255,66,25774,10,343322
32743,0.000229,172.217.194.0-255,1484,27258,10,343322
32744,0.000232,172.31.36.0-255,66,27324,10,343322
32745,0.00024,172.217.194.0-255,5738,33062,10,343322
32746,0.000242,172.31.36.0-255,66,33128,10,343322
32747,0.000276,172.31.36.0-255,66,33194,10,343322
32748,0.000301,172.217.194.0-255,4320,37514,10,343322
32749,0.000304,172.31.36.0-255,66,37580,10,343322
32750,0.00031,172.217.194.0-255,5738,43318,10,343322
32751,0.000312,172.31.36.0-255,66,43384,10,343322
32752,0.000336,172.217.194.0-255,4320,47704,10,343322
32753,0.000339,172.31.36.0-255,66,47770,10,343322
32754,0.000353,172.217.194.0-255,766,48536,10,343322
32755,0.000394,172.217.194.0-255,676,49212,10,343322
32756,0.000424,172.217.194.0-255,1484,50696,10,343322
32757,0.000428,172.31.36.0-255,66,50762,10,343322
32758,0.000432,172.217.194.0-255,1484,52246,10,343322
32759,0.000449,172.217.194.0-255,2902,55148,10,343322
32760,0.000451,172.31.36.0-255,66,55214,10,343322
32761,0.000471,172.217.194.0-255,5738,60952,10,343322
32762,0.000474,172.31.36.0-255,66,61018,10,343322
32763,0.000508,172.217.194.0-255,4320,65338,10,343322
32764,0.00051,172.31.36.0-255,66,65404,10,343322
32765,0.000526,172.31.36.0-255,66,65470,10,343322
32766,0.000531,172.217.194.0-255,1636,67106,10,343322
32767,0.000534,172.31.36.0-255,66,67172,10,343322
32768,0.000627,172.217.194.0-255,1484,68656,10,343322
32769,0.000649,172.217.194.0-255,2902,71558,10,343322
32770,0.000653,172.217.194.0-255,2902,74460,10,343322
32771,0.000658,172.31.36.0-255,66,74526,10,343322
32772,0.000662,172.31.36.0-255,66,74592,10,343322
32773,0.000675,172.217.194.0-255,2902,77494,10,343322
32774,0.000678,172.31.36.0-255,66,77560,10,343322
32775,0.000682,172.217.194.0-255,2902,80462,10,343322
32776,0.000685,172.31.36.0-255,66,80528,10,343322
32777,0.000711,172.217.194.0-255,3947,84475,10,343322
32778,0.000714,172.31.36.0-255,66,84541,10,343322
32779,0.001028,172.217.194.0-255,1484,86025,10,343322
32780,0.001033,172.217.194.0-255,1484,87509,10,343322
32781,0.001036,172.31.36.0-255,66,87575,10,343322
32782,0.001059,172.217.194.0-255,1484,89059,10,343322
32783,0.001065,172.217.194.0-255,5738,94797,10,343322
32784,0.001068,172.31.36.0-255,66,94863,10,343322
32785,0.001075,172.217.194.0-255,7156,102019,10,343322
32786,0.001077,172.31.36.0-255,66,102085,10,343322
32787,0.001094,172.217.194.0-255,5738,107823,10,343322
32788,0.001097,172.31.36.0-255,66,107889,10,343322
32789,0.001107,172.31.36.0-255,66,107955,10,343322
32790,0.001138,172.217.194.0-255,2184,110139,10,343322
32791,0.001141,172.31.36.0-255,66,110205,10,343322
32792,0.001308,172.217.194.0-255,1484,111689,10,343322
32793,0.00133,172.217.194.0-255,2902,114591,10,343322
32794,0.001334,172.31.36.0-255,66,114657,10,343322
32795,0.001339,172.217.194.0-255,2902,117559,10,343322
32796,0.001341,172.31.36.0-255,66,117625,10,343322
32797,0.001359,172.217.194.0-255,7156,124781,10,343322
32798,0.001361,172.31.36.0-255,66,124847,10,343322
32799,0.001387,172.217.194.0-255,2902,127749,10,343322
32800,0.001389,172.31.36.0-255,66,127815,10,343322
32801,0.001418,172.31.36.0-255,66,127881,10,343322
32802,0.001437,172.217.194.0-255,4320,132201,10,343322
32803,0.00144,172.31.36.0-255,66,132267,10,343322
32804,0.001443,172.217.194.0-255,1484,133751,10,343322
32805,0.001446,172.217.194.0-255,2184,135935,10,343322
32806,0.001448,172.31.36.0-255,66,136001,10,343322
32807,0.001726,172.217.194.0-255,1484,137485,10,343322
32808,0.001732,172.217.194.0-255,2902,140387,10,343322
32809,0.001735,172.31.36.0-255,66,140453,10,343322
32810,0.001761,172.217.194.0-255,2902,143355,10,343322
32811,0.001763,172.31.36.0-255,66,143421,10,343322
32812,0.001769,172.217.194.0-255,4320,147741,10,343322
32813,0.001771,172.31.36.0-255,66,147807,10,343322
32814,0.001784,172.217.194.0-255,2902,150709,10,343322
32815,0.001786,172.31.36.0-255,66,150775,10,343322
32816,0.00183,172.31.36.0-255,66,150841,10,343322
32817,0.001847,172.217.194.0-255,1484,152325,10,343322
32818,0.00186,172.217.194.0-255,2902,155227,10,343322
32819,0.001862,172.31.36.0-255,66,155293,10,343322
32820,0.001879,172.217.194.0-255,2184,157477,10,343322
32821,0.001882,172.31.36.0-255,66,157543,10,343322
32822,0.002056,172.217.194.0-255,1484,159027,10,343322
32823,0.002069,172.217.194.0-255,1484,160511,10,343322
32824,0.002072,172.31.36.0-255,66,160577,10,343322
32825,0.002087,172.217.194.0-255,1484,162061,10,343322
32826,0.002092,172.217.194.0-255,2902,164963,10,343322
32827,0.002094,172.31.36.0-255,66,165029,10,343322
32828,0.002115,172.217.194.0-255,2902,167931,10,343322
32829,0.002117,172.31.36.0-255,66,167997,10,343322
32830,0.002125,172.217.194.0-255,7156,175153,10,343322
32831,0.002127,172.31.36.0-255,66,175219,10,343322
32832,0.002138,172.31.36.0-255,66,175285,10,343322
32833,0.002163,172.217.194.0-255,4320,179605,10,343322
32834,0.002167,172.217.194.0-255,2184,181789,10,343322
32835,0.002171,172.31.36.0-255,66,181855,10,343322
32836,0.002507,172.217.194.0-255,1484,183339,10,343322
32837,0.002523,172.217.194.0-255,2902,186241,10,343322
32838,0.002535,172.217.194.0-255,2902,189143,10,343322
32839,0.00255,172.217.194.0-255,2902,192045,10,343322
32840,0.002555,172.217.194.0-255,4320,196365,10,343322
32841,0.002581,172.217.194.0-255,1484,197849,10,343322
32842,0.002591,172.217.194.0-255,1484,199333,10,343322
32843,0.002605,172.217.194.0-255,4320,203653,10,343322
32844,0.008015,172.31.36.0-255,66,203719,10,343322
32845,0.008023,172.31.36.0-255,66,203785,10,343322
32846,0.008026,172.31.36.0-255,66,203851,10,343322
32847,0.008035,172.31.36.0-255,66,203917,10,343322
32848,0.008039,172.31.36.0-255,66,203983,10,343322
32849,0.008041,172.31.36.0-255,66,204049,10,343322
32850,0.008045,172.31.36.0-255,66,204115,10,343322
32851,0.008049,172.31.36.0-255,66,204181,10,343322
32852,0.010581,172.217.194.0-255,1484,205665,10,343322
32853,0.010605,172.217.194.0-255,4320,209985,10,343322
32854,0.01061,172.31.36.0-255,66,210051,10,343322
32855,0.013135,172.217.194.0-255,5738,215789,10,343322
32856,0.013144,172.31.36.0-255,66,215855,10,343322
32857,0.015694,172.217.194.0-255,5738,221593,10,343322
32858,0.015702,172.31.36.0-255,66,221659,10,343322
32859,0.01824,172.217.194.0-255,5738,227397,10,343322
32860,0.01825,172.31.36.0-255,66,227463,10,343322
32861,0.020757,172.217.194.0-255,5738,233201,10,343322
32862,0.020768,172.31.36.0-255,66,233267,10,343322
32863,0.023284,172.217.194.0-255,5738,239005,10,343322
32864,0.023294,172.31.36.0-255,66,239071,10,343322
32865,0.02582,172.217.194.0-255,5738,244809,10,343322
32866,0.025827,172.31.36.0-255,66,244875,10,343322
32867,0.028335,172.217.194.0-255,5738,250613,10,343322
32868,0.028343,172.31.36.0-255,66,250679,10,343322
32869,0.030833,172.217.194.0-255,5738,256417,10,343322
32870,0.030841,172.31.36.0-255,66,256483,10,343322
32871,0.033345,172.217.194.0-255,5738,262221,10,343322
32872,0.033353,172.31.36.0-255,66,262287,10,343322
32873,0.035839,172.31.36.0-255,167,262454,10,343322
32874,0.035879,172.217.194.0-255,5738,268192,10,343322
32875,0.035885,172.31.36.0-255,66,268258,10,343322
32876,0.035912,172.31.36.0-255,1112,269370,10,343322
32877,0.036084,172.31.36.0-255,1514,270884,10,343322
32878,0.036086,172.31.36.0-255,1291,272175,10,343322
32879,0.037392,104.244.42.0-255,66,272241,10,343322
32880,0.037434,104.244.42.0-255,66,272307,10,343322
32881,0.037666,104.244.42.0-255,66,272373,10,343322
32882,0.038408,172.217.194.0-255,5738,278111,10,343322
32883,0.038415,172.31.36.0-255,66,278177,10,343322
32884,0.040919,172.217.194.0-255,5738,283915,10,343322
32885,0.040927,172.31.36.0-255,66,283981,10,343322
32886,0.043472,172.217.194.0-255,5738,289719,10,343322
32887,0.043479,172.31.36.0-255,66,289785,10,343322
32888,0.046014,172.217.194.0-255,5738,295523,10,343322
32889,0.04602,172.31.36.0-255,66,295589,10,343322
32890,0.048517,172.217.194.0-255,5738,301327,10,343322
32891,0.048528,172.31.36.0-255,66,301393,10,343322
32892,0.051047,172.217.194.0-255,5738,307131,10,343322
32893,0.051053,172.31.36.0-255,66,307197,10,343322
32894,0.053598,172.217.194.0-255,5738,312935,10,343322
32895,0.053605,172.31.36.0-255,66,313001,10,343322
32896,0.05613,172.217.194.0-255,5738,318739,10,343322
32897,0.056139,172.31.36.0-255,66,318805,10,343322
32898,0.058649,172.217.194.0-255,5738,324543,10,343322
32899,0.058656,172.31.36.0-255,66,324609,10,343322
32900,0.061182,172.217.194.0-255,5738,330347,10,343322
32901,0.061189,172.31.36.0-255,66,330413,10,343322
32902,0.063726,172.217.194.0-255,5738,336151,10,343322
32903,0.063732,172.31.36.0-255,66,336217,10,343322
32904,0.066238,172.217.194.0-255,5738,341955,10,343322
32905,0.066246,172.31.36.0-255,66,342021,10,343322
32906,0.068731,172.217.194.0-255,1064,343085,10,343322
32907,0.068868,172.31.36.0-255,66,343151,10,343322
32908,0.068906,172.31.36.0-255,105,343256,10,343322
32909,0.071384,172.217.194.0-255,66,343322,10,343322
32910,0.0,172.217.194.0-255,150,150,10,346885
32911,3.5e-05,172.31.36.0-255,66,216,10,346885
32912,4.2e-05,172.217.194.0-255,1484,1700,10,346885
32913,4.6e-05,172.31.36.0-255,66,1766,10,346885
32914,5.1e-05,172.217.194.0-255,2902,4668,10,346885
32915,5.4e-05,172.31.36.0-255,66,4734,10,346885
32916,6.2e-05,172.217.194.0-255,7156,11890,10,346885
32917,6.4e-05,172.31.36.0-255,66,11956,10,346885
32918,0.000117,172.217.194.0-255,2086,14042,10,346885
32919,0.00012,172.31.36.0-255,66,14108,10,346885
32920,0.000139,172.217.194.0-255,2902,17010,10,346885
32921,0.000142,172.31.36.0-255,66,17076,10,346885
32922,0.000145,172.217.194.0-255,1484,18560,10,346885
32923,0.000147,172.31.36.0-255,66,18626,10,346885
32924,0.000172,172.217.194.0-255,4320,22946,10,346885
32925,0.000175,172.31.36.0-255,66,23012,10,346885
32926,0.000188,172.31.36.0-255,66,23078,10,346885
32927,0.000194,172.217.194.0-255,5738,28816,10,346885
32928,0.000196,172.31.36.0-255,66,28882,10,346885
32929,0.000227,172.31.36.0-255,66,28948,10,346885
32930,0.000666,172.217.194.0-255,1484,30432,10,346885
32931,0.000671,172.31.36.0-255,66,30498,10,346885
32932,0.000676,172.217.194.0-255,2902,33400,10,346885
32933,0.000678,172.31.36.0-255,66,33466,10,346885
32934,0.000702,172.217.194.0-255,5738,39204,10,346885
32935,0.000705,172.31.36.0-255,66,39270,10,346885
32936,0.000709,172.217.194.0-255,1484,40754,10,346885
32937,0.000711,172.31.36.0-255,66,40820,10,346885
32938,0.000742,172.217.194.0-255,2902,43722,10,346885
32939,0.000745,172.31.36.0-255,66,43788,10,346885
32940,0.000766,172.217.194.0-255,2543,46331,10,346885
32941,0.000769,172.31.36.0-255,66,46397,10,346885
32942,0.000775,172.217.194.0-255,5738,52135,10,346885
32943,0.000777,172.31.36.0-255,66,52201,10,346885
32944,0.00084,172.217.194.0-255,2902,55103,10,346885
32945,0.000843,172.31.36.0-255,66,55169,10,346885
32946,0.000872,172.31.36.0-255,66,55235,10,346885
32947,0.000898,172.217.194.0-255,1484,56719,10,346885
32948,0.000903,172.217.194.0-255,1484,58203,10,346885
32949,0.000905,172.31.36.0-255,66,58269,10,346885
32950,0.000925,172.217.194.0-255,1484,59753,10,346885
32951,0.000931,172.217.194.0-255,5738,65491,10,346885
32952,0.000934,172.31.36.0-255,66,65557,10,346885
32953,0.000937,172.217.194.0-255,1484,67041,10,346885
32954,0.000962,172.31.36.0-255,66,67107,10,346885
32955,0.000995,172.217.194.0-255,2902,70009,10,346885
32956,0.000998,172.31.36.0-255,66,70075,10,346885
32957,0.001029,172.31.36.0-255,66,70141,10,346885
32958,0.001047,172.217.194.0-255,2902,73043,10,346885
32959,0.001049,172.31.36.0-255,66,73109,10,346885
32960,0.001074,172.217.194.0-255,2902,76011,10,346885
32961,0.001077,172.31.36.0-255,66,76077,10,346885
32962,0.001084,172.217.194.0-255,7156,83233,10,346885
32963,0.001086,172.31.36.0-255,66,83299,10,346885
32964,0.001089,172.217.194.0-255,1484,84783,10,346885
32965,0.001106,172.217.194.0-255,1633,86416,10,346885
32966,0.001109,172.31.36.0-255,66,86482,10,346885
32967,0.001318,172.217.194.0-255,1484,87966,10,346885
32968,0.001323,172.217.194.0-255,2902,90868,10,346885
32969,0.001326,172.31.36.0-255,66,90934,10,346885
32970,0.001347,172.217.194.0-255,5738,96672,10,346885
32971,0.00135,172.31.36.0-255,66,96738,10,346885
32972,0.001356,172.217.194.0-255,5738,102476,10,346885
32973,0.001358,172.31.36.0-255,66,102542,10,346885
32974,0.001379,172.217.194.0-255,2902,105444,10,346885
32975,0.001382,172.31.36.0-255,66,105510,10,346885
32976,0.001411,172.31.36.0-255,66,105576,10,346885
32977,0.001418,172.217.194.0-255,5020,110596,10,346885
32978,0.00142,172.31.36.0-255,66,110662,10,346885
32979,0.001821,172.217.194.0-255,1484,112146,10,346885
32980,0.001831,172.217.194.0-255,2902,115048,10,346885
32981,0.001836,172.31.36.0-255,66,115114,10,346885
32982,0.001842,172.217.194.0-255,4320,119434,10,346885
32983,0.001844,172.31.36.0-255,66,119500,10,346885
32984,0.001858,172.217.194.0-255,1484,120984,10,346885
32985,0.001863,172.217.194.0-255,4320,125304,10,346885
32986,0.001865,172.31.36.0-255,66,125370,10,346885
32987,0.001876,172.217.194.0-255,1484,126854,10,346885
32988,0.001894,172.217.194.0-255,5738,132592,10,346885
32989,0.001896,172.31.36.0-255,66,132658,10,346885
32990,0.001919,172.217.194.0-255,7156,139814,10,346885
32991,0.001922,172.31.36.0-255,66,139880,10,346885
32992,0.001927,172.217.194.0-255,4320,144200,10,346885
32993,0.001928,172.31.36.0-255,66,144266,10,346885
32994,0.001943,172.217.194.0-255,766,145032,10,346885
32995,0.002208,172.217.194.0-255,1484,146516,10,346885
32996,0.002214,172.31.36.0-255,66,146582,10,346885
32997,0.00222,172.217.194.0-255,2902,149484,10,346885
32998,0.002222,172.31.36.0-255,66,149550,10,346885
32999,0.002228,172.217.194.0-255,5738,155288,10,346885
33000,0.00223,172.31.36.0-255,66,155354,10,346885
33001,0.002276,172.31.36.0-255,66,155420,10,346885
33002,0.002286,172.31.36.0-255,66,155486,10,346885
33003,0.002298,172.217.194.0-255,766,156252,10,346885
33004,0.004889,172.217.194.0-255,2902,159154,10,346885
33005,0.004893,172.31.36.0-255,66,159220,10,346885
33006,0.004909,172.217.194.0-255,1484,160704,10,346885
33007,0.007491,172.217.194.0-255,4320,165024,10,346885
33008,0.007497,172.31.36.0-255,66,165090,10,346885
33009,0.010078,172.217.194.0-255,5738,170828,10,346885
33010,0.010087,172.31.36.0-255,66,170894,10,346885
33011,0.012677,172.217.194.0-255,5738,176632,10,346885
33012,0.012687,172.31.36.0-255,66,176698,10,346885
33013,0.015319,172.217.194.0-255,5738,182436,10,346885
33014,0.015335,172.31.36.0-255,66,182502,10,346885
33015,0.017903,172.217.194.0-255,5738,188240,10,346885
33016,0.017912,172.31.36.0-255,66,188306,10,346885
33017,0.020485,172.217.194.0-255,4320,192626,10,346885
33018,0.020493,172.31.36.0-255,66,192692,10,346885
33019,0.020523,172.217.194.0-255,1484,194176,10,346885
33020,0.023119,172.217.194.0-255,4320,198496,10,346885
33021,0.023126,172.31.36.0-255,66,198562,10,346885
33022,0.025715,172.217.194.0-255,5738,204300,10,346885
33023,0.025724,172.31.36.0-255,66,204366,10,346885
33024,0.028308,172.217.194.0-255,2902,207268,10,346885
33025,0.028314,172.31.36.0-255,66,207334,10,346885
33026,0.028332,172.217.194.0-255,2902,210236,10,346885
33027,0.028335,172.31.36.0-255,66,210302,10,346885
33028,0.028455,172.31.36.0-255,167,210469,10,346885
33029,0.028479,172.31.36.0-255,1110,211579,10,346885
33030,0.028593,172.31.36.0-255,1514,213093,10,346885
33031,0.028595,172.31.36.0-255,1293,214386,10,346885
33032,0.030012,104.244.42.0-255,66,214452,10,346885
33033,0.030057,104.244.42.0-255,66,214518,10,346885
33034,0.030157,104.244.42.0-255,66,214584,10,346885
33035,0.030906,172.217.194.0-255,4320,218904,10,346885
33036,0.030912,172.31.36.0-255,66,218970,10,346885
33037,0.030947,172.217.194.0-255,1484,220454,10,346885
33038,0.033473,172.217.194.0-255,4320,224774,10,346885
33039,0.033478,172.31.36.0-255,66,224840,10,346885
33040,0.036082,172.217.194.0-255,2902,227742,10,346885
33041,0.036088,172.31.36.0-255,66,227808,10,346885
33042,0.03612,172.217.194.0-255,2902,230710,10,346885
33043,0.036123,172.31.36.0-255,66,230776,10,346885
33044,0.038638,172.217.194.0-255,2902,233678,10,346885
33045,0.038644,172.31.36.0-255,66,233744,10,346885
33046,0.038717,172.217.194.0-255,2902,236646,10,346885
33047,0.038722,172.31.36.0-255,66,236712,10,346885
33048,0.041228,172.217.194.0-255,2902,239614,10,346885
33049,0.041233,172.31.36.0-255,66,239680,10,346885
33050,0.041286,172.217.194.0-255,2902,242582,10,346885
33051,0.04129,172.31.36.0-255,66,242648,10,346885
33052,0.043815,172.217.194.0-255,2902,245550,10,346885
33053,0.04382,172.31.36.0-255,66,245616,10,346885
33054,0.043867,172.217.194.0-255,2902,248518,10,346885
33055,0.043871,172.31.36.0-255,66,248584,10,346885
33056,0.04641,172.217.194.0-255,2902,251486,10,346885
33057,0.046416,172.31.36.0-255,66,251552,10,346885
33058,0.046469,172.217.194.0-255,2902,254454,10,346885
33059,0.046473,172.31.36.0-255,66,254520,10,346885
33060,0.049002,172.217.194.0-255,2902,257422,10,346885
33061,0.049007,172.31.36.0-255,66,257488,10,346885
33062,0.049057,172.217.194.0-255,1484,258972,10,346885
33063,0.049071,172.217.194.0-255,1484,260456,10,346885
33064,0.049075,172.31.36.0-255,66,260522,10,346885
33065,0.05161,172.217.194.0-255,2902,263424,10,346885
33066,0.051616,172.31.36.0-255,66,263490,10,346885
33067,0.051675,172.217.194.0-255,2902,266392,10,346885
33068,0.05168,172.31.36.0-255,66,266458,10,346885
33069,0.054189,172.217.194.0-255,2902,269360,10,346885
33070,0.054194,172.31.36.0-255,66,269426,10,346885
33071,0.054254,172.217.194.0-255,2902,272328,10,346885
33072,0.054258,172.31.36.0-255,66,272394,10,346885
33073,0.056804,172.217.194.0-255,2902,275296,10,346885
33074,0.056808,172.31.36.0-255,66,275362,10,346885
33075,0.056864,172.217.194.0-255,2902,278264,10,346885
33076,0.056868,172.31.36.0-255,66,278330,10,346885
33077,0.059384,172.217.194.0-255,2902,281232,10,346885
33078,0.059389,172.31.36.0-255,66,281298,10,346885
33079,0.059473,172.217.194.0-255,2902,284200,10,346885
33080,0.059477,172.31.36.0-255,66,284266,10,346885
33081,0.061952,172.217.194.0-255,2902,287168,10,346885
33082,0.061958,172.31.36.0-255,66,287234,10,346885
33083,0.062017,172.217.194.0-255,2902,290136,10,346885
33084,0.062022,172.31.36.0-255,66,290202,10,346885
33085,0.06455,172.217.194.0-255,2902,293104,10,346885
33086,0.064555,172.31.36.0-255,66,293170,10,346885
33087,0.064609,172.217.194.0-255,2902,296072,10,346885
33088,0.064614,172.31.36.0-255,66,296138,10,346885
33089,0.067112,172.217.194.0-255,2902,299040,10,346885
33090,0.067117,172.31.36.0-255,66,299106,10,346885
33091,0.067181,172.217.194.0-255,2902,302008,10,346885
33092,0.067185,172.31.36.0-255,66,302074,10,346885
33093,0.069711,172.217.194.0-255,2902,304976,10,346885
33094,0.069716,172.31.36.0-255,66,305042,10,346885
33095,0.069768,172.217.194.0-255,2902,307944,10,346885
33096,0.069771,172.31.36.0-255,66,308010,10,346885
33097,0.072294,172.217.194.0-255,2902,310912,10,346885
33098,0.0723,172.31.36.0-255,66,310978,10,346885
33099,0.072343,172.217.194.0-255,2902,313880,10,346885
33100,0.072346,172.31.36.0-255,66,313946,10,346885
33101,0.074873,172.217.194.0-255,2902,316848,10,346885
33102,0.074879,172.31.36.0-255,66,316914,10,346885
33103,0.07494,172.217.194.0-255,2902,319816,10,346885
33104,0.074944,172.31.36.0-255,66,319882,10,346885
33105,0.077421,172.217.194.0-255,2902,322784,10,346885
33106,0.077426,172.31.36.0-255,66,322850,10,346885
33107,0.077486,172.217.194.0-255,2902,325752,10,346885
33108,0.07749,172.31.36.0-255,66,325818,10,346885
33109,0.079984,172.217.194.0-255,2902,328720,10,346885
33110,0.07999,172.31.36.0-255,66,328786,10,346885
33111,0.080075,172.217.194.0-255,2902,331688,10,346885
33112,0.08008,172.31.36.0-255,66,331754,10,346885
33113,0.082584,172.217.194.0-255,2902,334656,10,346885
33114,0.082589,172.31.36.0-255,66,334722,10,346885
33115,0.082628,172.217.194.0-255,2902,337624,10,346885
33116,0.082632,172.31.36.0-255,66,337690,10,346885
33117,0.085168,172.217.194.0-255,2902,340592,10,346885
33118,0.085173,172.31.36.0-255,66,340658,10,346885
33119,0.085228,172.217.194.0-255,2902,343560,10,346885
33120,0.085232,172.31.36.0-255,66,343626,10,346885
33121,0.087728,172.217.194.0-255,2902,346528,10,346885
33122,0.087749,172.31.36.0-255,66,346594,10,346885
33123,0.087768,172.217.194.0-255,120,346714,10,346885
33124,0.08789,172.31.36.0-255,66,346780,10,346885
33125,0.087918,172.31.36.0-255,105,346885,10,346885
33126,0.0,172.31.36.0-255,161,161,10,227
33127,0.007469,74.125.24.0-255,66,227,10,227
33128,0.0,172.217.27.0-255,146,146,10,393843
33129,1.6e-05,172.31.36.0-255,66,212,10,393843
33130,2.3e-05,172.217.27.0-255,1484,1696,10,393843
33131,2.7e-05,172.31.36.0-255,66,1762,10,393843
33132,3.2e-05,172.217.27.0-255,2902,4664,10,393843
33133,3.5e-05,172.31.36.0-255,66,4730,10,393843
33134,5e-05,172.217.27.0-255,5738,10468,10,393843
33135,5.2e-05,172.31.36.0-255,66,10534,10,393843
33136,0.000112,172.217.27.0-255,3418,13952,10,393843
33137,0.000116,172.31.36.0-255,66,14018,10,393843
33138,0.000154,172.217.27.0-255,7156,21174,10,393843
33139,0.000157,172.31.36.0-255,66,21240,10,393843
33140,0.000186,172.217.27.0-255,4320,25560,10,393843
33141,0.000192,172.31.36.0-255,66,25626,10,393843
33142,0.000292,172.217.27.0-255,5379,31005,10,393843
33143,0.000297,172.31.36.0-255,66,31071,10,393843
33144,0.000357,172.217.27.0-255,5738,36809,10,393843
33145,0.000361,172.31.36.0-255,66,36875,10,393843
33146,0.000425,172.217.27.0-255,7156,44031,10,393843
33147,0.000429,172.31.36.0-255,66,44097,10,393843
33148,0.000456,172.217.27.0-255,5379,49476,10,393843
33149,0.000459,172.31.36.0-255,66,49542,10,393843
33150,0.000571,172.217.27.0-255,7156,56698,10,393843
33151,0.000576,172.31.36.0-255,66,56764,10,393843
33152,0.000599,172.31.36.0-255,66,56830,10,393843
33153,0.00073,172.217.27.0-255,397,57227,10,393843
33154,0.000734,172.31.36.0-255,66,57293,10,393843
33155,0.000998,172.217.27.0-255,112,57405,10,393843
33156,0.001003,172.31.36.0-255,66,57471,10,393843
33157,0.001147,172.217.27.0-255,1484,58955,10,393843
33158,0.001151,172.31.36.0-255,66,59021,10,393843
33159,0.001156,172.217.27.0-255,2902,61923,10,393843
33160,0.001158,172.31.36.0-255,66,61989,10,393843
33161,0.001189,172.217.27.0-255,5738,67727,10,393843
33162,0.001192,172.31.36.0-255,66,67793,10,393843
33163,0.001262,172.217.27.0-255,7156,74949,10,393843
33164,0.001266,172.31.36.0-255,66,75015,10,393843
33165,0.001299,172.217.27.0-255,6797,81812,10,393843
33166,0.001302,172.31.36.0-255,66,81878,10,393843
33167,0.001434,172.31.36.0-255,66,81944,10,393843
33168,0.003062,172.217.27.0-255,5738,87682,10,393843
33169,0.003069,172.31.36.0-255,66,87748,10,393843
33170,0.004688,172.217.27.0-255,5738,93486,10,393843
33171,0.004692,172.31.36.0-255,66,93552,10,393843
33172,0.006312,172.217.27.0-255,5738,99290,10,393843
33173,0.006318,172.31.36.0-255,66,99356,10,393843
33174,0.007953,172.217.27.0-255,5738,105094,10,393843
33175,0.007961,172.31.36.0-255,66,105160,10,393843
33176,0.009592,172.217.27.0-255,5738,110898,10,393843
33177,0.009599,172.31.36.0-255,66,110964,10,393843
33178,0.011248,172.217.27.0-255,5738,116702,10,393843
33179,0.011256,172.31.36.0-255,66,116768,10,393843
33180,0.012925,172.217.27.0-255,5738,122506,10,393843
33181,0.012932,172.31.36.0-255,66,122572,10,393843
33182,0.014566,172.217.27.0-255,5738,128310,10,393843
33183,0.014574,172.31.36.0-255,66,128376,10,393843
33184,0.016217,172.217.27.0-255,5738,134114,10,393843
33185,0.016224,172.31.36.0-255,66,134180,10,393843
33186,0.017871,172.217.27.0-255,5738,139918,10,393843
33187,0.017879,172.31.36.0-255,66,139984,10,393843
33188,0.019515,172.217.27.0-255,5738,145722,10,393843
33189,0.019522,172.31.36.0-255,66,145788,10,393843
33190,0.021164,172.217.27.0-255,5738,151526,10,393843
33191,0.021171,172.31.36.0-255,66,151592,10,393843
33192,0.022803,172.217.27.0-255,5738,157330,10,393843
33193,0.02281,172.31.36.0-255,66,157396,10,393843
33194,0.024479,172.217.27.0-255,5738,163134,10,393843
33195,0.024487,172.31.36.0-255,66,163200,10,393843
33196,0.026174,172.217.27.0-255,5738,168938,10,393843
33197,0.026181,172.31.36.0-255,66,169004,10,393843
33198,0.027398,172.31.36.0-255,172,169176,10,393843
33199,0.027428,172.31.36.0-255,1111,170287,10,393843
33200,0.027485,172.31.36.0-255,1514,171801,10,393843
33201,0.027487,172.31.36.0-255,1292,173093,10,393843
33202,0.027808,172.217.27.0-255,5738,178831,10,393843
33203,0.027814,172.31.36.0-255,66,178897,10,393843
33204,0.028936,104.244.42.0-255,66,178963,10,393843
33205,0.028974,104.244.42.0-255,66,179029,10,393843
33206,0.029009,104.244.42.0-255,66,179095,10,393843
33207,0.029449,172.217.27.0-255,5738,184833,10,393843
33208,0.029456,172.31.36.0-255,66,184899,10,393843
33209,0.031105,172.217.27.0-255,5738,190637,10,393843
33210,0.031112,172.31.36.0-255,66,190703,10,393843
33211,0.032753,172.217.27.0-255,5738,196441,10,393843
33212,0.03276,172.31.36.0-255,66,196507,10,393843
33213,0.034392,172.217.27.0-255,5738,202245,10,393843
33214,0.034399,172.31.36.0-255,66,202311,10,393843
33215,0.03603,172.217.27.0-255,5738,208049,10,393843
33216,0.036036,172.31.36.0-255,66,208115,10,393843
33217,0.037673,172.217.27.0-255,5738,213853,10,393843
33218,0.03768,172.31.36.0-255,66,213919,10,393843
33219,0.039315,172.217.27.0-255,5738,219657,10,393843
33220,0.039322,172.31.36.0-255,66,219723,10,393843
33221,0.040961,172.217.27.0-255,5738,225461,10,393843
33222,0.040968,172.31.36.0-255,66,225527,10,393843
33223,0.042597,172.217.27.0-255,5738,231265,10,393843
33224,0.042604,172.31.36.0-255,66,231331,10,393843
33225,0.044255,172.217.27.0-255,5738,237069,10,393843
33226,0.044261,172.31.36.0-255,66,237135,10,393843
33227,0.045901,172.217.27.0-255,5738,242873,10,393843
33228,0.045907,172.31.36.0-255,66,242939,10,393843
33229,0.047545,172.217.27.0-255,5738,248677,10,393843
33230,0.047551,172.31.36.0-255,66,248743,10,393843
33231,0.049181,172.217.27.0-255,5738,254481,10,393843
33232,0.049188,172.31.36.0-255,66,254547,10,393843
33233,0.05083,172.217.27.0-255,5738,260285,10,393843
33234,0.050836,172.31.36.0-255,66,260351,10,393843
33235,0.052472,172.217.27.0-255,5738,266089,10,393843
33236,0.052479,172.31.36.0-255,66,266155,10,393843
33237,0.054116,172.217.27.0-255,5738,271893,10,393843
33238,0.054123,172.31.36.0-255,66,271959,10,393843
33239,0.055761,172.217.27.0-255,5738,277697,10,393843
33240,0.055767,172.31.36.0-255,66,277763,10,393843
33241,0.057405,172.217.27.0-255,5738,283501,10,393843
33242,0.057412,172.31.36.0-255,66,283567,10,393843
33243,0.059038,172.217.27.0-255,5738,289305,10,393843
33244,0.059045,172.31.36.0-255,66,289371,10,393843
33245,0.060674,172.217.27.0-255,5738,295109,10,393843
33246,0.06068,172.31.36.0-255,66,295175,10,393843
33247,0.062319,172.217.27.0-255,5738,300913,10,393843
33248,0.062325,172.31.36.0-255,66,300979,10,393843
33249,0.064008,172.217.27.0-255,5738,306717,10,393843
33250,0.064014,172.31.36.0-255,66,306783,10,393843
33251,0.065644,172.217.27.0-255,5738,312521,10,393843
33252,0.06565,172.31.36.0-255,66,312587,10,393843
33253,0.067301,172.217.27.0-255,5738,318325,10,393843
33254,0.067307,172.31.36.0-255,66,318391,10,393843
33255,0.068951,172.217.27.0-255,5738,324129,10,393843
33256,0.068957,172.31.36.0-255,66,324195,10,393843
33257,0.070608,172.217.27.0-255,5738,329933,10,393843
33258,0.070615,172.31.36.0-255,66,329999,10,393843
33259,0.07225,172.217.27.0-255,5738,335737,10,393843
33260,0.072257,172.31.36.0-255,66,335803,10,393843
33261,0.073886,172.217.27.0-255,5738,341541,10,393843
33262,0.073892,172.31.36.0-255,66,341607,10,393843
33263,0.075538,172.217.27.0-255,5738,347345,10,393843
33264,0.075544,172.31.36.0-255,66,347411,10,393843
33265,0.077178,172.217.27.0-255,5738,353149,10,393843
33266,0.077184,172.31.36.0-255,66,353215,10,393843
33267,0.078808,172.217.27.0-255,5738,358953,10,393843
33268,0.078815,172.31.36.0-255,66,359019,10,393843
33269,0.08045,172.217.27.0-255,5738,364757,10,393843
33270,0.080457,172.31.36.0-255,66,364823,10,393843
33271,0.082092,172.217.27.0-255,5738,370561,10,393843
33272,0.082098,172.31.36.0-255,66,370627,10,393843
33273,0.083731,172.217.27.0-255,5738,376365,10,393843
33274,0.083737,172.31.36.0-255,66,376431,10,393843
33275,0.085378,172.217.27.0-255,5738,382169,10,393843
33276,0.085386,172.31.36.0-255,66,382235,10,393843
33277,0.087029,172.217.27.0-255,5738,387973,10,393843
33278,0.087036,172.31.36.0-255,66,388039,10,393843
33279,0.088677,172.217.27.0-255,5738,393777,10,393843
33280,0.088683,172.31.36.0-255,66,393843,10,393843
33281,0.0,172.217.194.0-255,153,153,10,309616
33282,2.5e-05,172.31.36.0-255,66,219,10,309616
33283,3.3e-05,172.217.194.0-255,1484,1703,10,309616
33284,3.8e-05,172.31.36.0-255,66,1769,10,309616
33285,4.4e-05,172.217.194.0-255,2902,4671,10,309616
33286,4.7e-05,172.31.36.0-255,66,4737,10,309616
33287,5.4e-05,172.217.194.0-255,7156,11893,10,309616
33288,5.8e-05,172.31.36.0-255,66,11959,10,309616
33289,6.2e-05,172.217.194.0-255,2049,14008,10,309616
33290,6.5e-05,172.31.36.0-255,66,14074,10,309616
33291,0.00013,172.31.36.0-255,66,14140,10,309616
33292,0.000136,172.217.194.0-255,4320,18460,10,309616
33293,0.000139,172.31.36.0-255,66,18526,10,309616
33294,0.000141,172.217.194.0-255,1125,19651,10,309616
33295,0.000143,172.31.36.0-255,66,19717,10,309616
33296,0.000219,172.217.194.0-255,1484,21201,10,309616
33297,0.000222,172.31.36.0-255,66,21267,10,309616
33298,0.000228,172.217.194.0-255,2902,24169,10,309616
33299,0.00023,172.31.36.0-255,66,24235,10,309616
33300,0.00026,172.217.194.0-255,5738,29973,10,309616
33301,0.000263,172.31.36.0-255,66,30039,10,309616
33302,0.000269,172.217.194.0-255,5738,35777,10,309616
33303,0.000271,172.31.36.0-255,66,35843,10,309616
33304,0.000283,172.217.194.0-255,1484,37327,10,309616
33305,0.000285,172.31.36.0-255,66,37393,10,309616
33306,0.000307,172.217.194.0-255,1484,38877,10,309616
33307,0.000309,172.31.36.0-255,66,38943,10,309616
33308,0.000344,172.31.36.0-255,66,39009,10,309616
33309,0.000348,172.217.194.0-255,2184,41193,10,309616
33310,0.00035,172.31.36.0-255,66,41259,10,309616
33311,0.000353,172.217.194.0-255,341,41600,10,309616
33312,0.000636,172.217.194.0-255,116,41716,10,309616
33313,0.000657,172.217.194.0-255,383,42099,10,309616
33314,0.000918,172.217.194.0-255,1484,43583,10,309616
33315,0.000924,172.31.36.0-255,66,43649,10,309616
33316,0.00093,172.217.194.0-255,2902,46551,10,309616
33317,0.000948,172.217.194.0-255,5738,52289,10,309616
33318,0.000966,172.31.36.0-255,66,52355,10,309616
33319,0.000984,172.217.194.0-255,4320,56675,10,309616
33320,0.000995,172.31.36.0-255,66,56741,10,309616
33321,0.001014,172.217.194.0-255,7156,63897,10,309616
33322,0.001041,172.31.36.0-255,66,63963,10,309616
33323,0.001425,172.217.194.0-255,1484,65447,10,309616
33324,0.001432,172.217.194.0-255,2902,68349,10,309616
33325,0.001435,172.31.36.0-255,66,68415,10,309616
33326,0.001443,172.217.194.0-255,5738,74153,10,309616
33327,0.001445,172.217.194.0-255,1484,75637,10,309616
33328,0.001471,172.31.36.0-255,66,75703,10,309616
33329,0.00151,172.217.194.0-255,7156,82859,10,309616
33330,0.001534,172.217.194.0-255,6438,89297,10,309616
33331,0.001539,172.31.36.0-255,66,89363,10,309616
33332,0.001555,172.217.194.0-255,5738,95101,10,309616
33333,0.001566,172.31.36.0-255,66,95167,10,309616
33334,0.001585,172.31.36.0-255,66,95233,10,309616
33335,0.0016,172.217.194.0-255,7156,102389,10,309616
33336,0.001615,172.217.194.0-255,7156,109545,10,309616
33337,0.001626,172.217.194.0-255,1484,111029,10,309616
33338,0.001631,172.217.194.0-255,3602,114631,10,309616
33339,0.001639,172.31.36.0-255,66,114697,10,309616
33340,0.001667,172.217.194.0-255,1484,116181,10,309616
33341,0.001672,172.217.194.0-255,2902,119083,10,309616
33342,0.001676,172.31.36.0-255,66,119149,10,309616
33343,0.001691,172.217.194.0-255,5738,124887,10,309616
33344,0.001716,172.217.194.0-255,5738,130625,10,309616
33345,0.001719,172.217.194.0-255,1484,132109,10,309616
33346,0.001723,172.31.36.0-255,66,132175,10,309616
33347,0.00179,172.31.36.0-255,66,132241,10,309616
33348,0.001802,172.217.194.0-255,5020,137261,10,309616
33349,0.001808,172.217.194.0-255,5738,142999,10,309616
33350,0.001822,172.31.36.0-255,66,143065,10,309616
33351,0.001838,172.217.194.0-255,7156,150221,10,309616
33352,0.001857,172.217.194.0-255,7156,157377,10,309616
33353,0.001877,172.217.194.0-255,2902,160279,10,309616
33354,0.00188,172.217.194.0-255,766,161045,10,309616
33355,0.001889,172.31.36.0-255,66,161111,10,309616
33356,0.002059,172.217.194.0-255,1484,162595,10,309616
33357,0.002063,172.217.194.0-255,1484,164079,10,309616
33358,0.002069,172.31.36.0-255,66,164145,10,309616
33359,0.002078,172.217.194.0-255,1484,165629,10,309616
33360,0.002085,172.217.194.0-255,5738,171367,10,309616
33361,0.002109,172.217.194.0-255,5738,177105,10,309616
33362,0.00213,172.217.194.0-255,7156,184261,10,309616
33363,0.002159,172.217.194.0-255,2184,186445,10,309616
33364,0.002268,172.217.194.0-255,1484,187929,10,309616
33365,0.002273,172.217.194.0-255,2902,190831,10,309616
33366,0.002294,172.217.194.0-255,5738,196569,10,309616
33367,0.002318,172.217.194.0-255,2902,199471,10,309616
33368,0.002365,172.217.194.0-255,2902,202373,10,309616
33369,0.007445,172.31.36.0-255,66,202439,10,309616
33370,0.008256,172.31.36.0-255,101,202540,10,309616
33371,0.009757,172.217.194.0-255,5738,208278,10,309616
33372,0.009765,172.31.36.0-255,66,208344,10,309616
33373,0.010558,172.217.194.0-255,66,208410,10,309616
33374,0.012082,172.217.194.0-255,5738,214148,10,309616
33375,0.012089,172.31.36.0-255,66,214214,10,309616
33376,0.014413,172.217.194.0-255,5738,219952,10,309616
33377,0.015543,172.31.36.0-255,66,220018,10,309616
33378,0.017866,172.217.194.0-255,5738,225756,10,309616
33379,0.017878,172.31.36.0-255,66,225822,10,309616
33380,0.020233,172.217.194.0-255,5738,231560,10,309616
33381,0.02024,172.31.36.0-255,66,231626,10,309616
33382,0.022606,172.217.194.0-255,5738,237364,10,309616
33383,0.022616,172.31.36.0-255,66,237430,10,309616
33384,0.024945,172.217.194.0-255,5738,243168,10,309616
33385,0.024954,172.31.36.0-255,66,243234,10,309616
33386,0.027278,172.217.194.0-255,5738,248972,10,309616
33387,0.027287,172.31.36.0-255,66,249038,10,309616
33388,0.02964,172.217.194.0-255,5738,254776,10,309616
33389,0.029648,172.31.36.0-255,66,254842,10,309616
33390,0.032017,172.217.194.0-255,5738,260580,10,309616
33391,0.032026,172.31.36.0-255,66,260646,10,309616
33392,0.034396,172.217.194.0-255,5738,266384,10,309616
33393,0.034404,172.31.36.0-255,66,266450,10,309616
33394,0.035826,172.31.36.0-255,171,266621,10,309616
33395,0.035858,172.31.36.0-255,1135,267756,10,309616
33396,0.035918,172.31.36.0-255,1514,269270,10,309616
33397,0.035919,172.31.36.0-255,1268,270538,10,309616
33398,0.036723,172.217.194.0-255,5738,276276,10,309616
33399,0.03673,172.31.36.0-255,66,276342,10,309616
33400,0.037445,104.244.42.0-255,66,276408,10,309616
33401,0.037453,104.244.42.0-255,66,276474,10,309616
33402,0.037489,104.244.42.0-255,66,276540,10,309616
33403,0.03907,172.217.194.0-255,4320,280860,10,309616
33404,0.039076,172.31.36.0-255,66,280926,10,309616
33405,0.039096,172.217.194.0-255,1484,282410,10,309616
33406,0.041378,172.217.194.0-255,4320,286730,10,309616
33407,0.041386,172.31.36.0-255,66,286796,10,309616
33408,0.043711,172.217.194.0-255,4320,291116,10,309616
33409,0.043719,172.31.36.0-255,66,291182,10,309616
33410,0.043739,172.217.194.0-255,1484,292666,10,309616
33411,0.046047,172.217.194.0-255,4320,296986,10,309616
33412,0.046058,172.31.36.0-255,66,297052,10,309616
33413,0.048397,172.217.194.0-255,5738,302790,10,309616
33414,0.048451,172.31.36.0-255,66,302856,10,309616
33415,0.05077,172.217.194.0-255,5738,308594,10,309616
33416,0.050778,172.31.36.0-255,66,308660,10,309616
33417,0.053081,172.217.194.0-255,785,309445,10,309616
33418,0.053236,172.31.36.0-255,105,309550,10,309616
33419,0.059577,172.217.194.0-255,66,309616,10,309616
33420,0.0,172.217.194.0-255,143,143,10,287099
33421,3.3e-05,172.31.36.0-255,66,209,10,287099
33422,4e-05,172.217.194.0-255,1484,1693,10,287099
33423,4.4e-05,172.31.36.0-255,66,1759,10,287099
33424,4.9e-05,172.217.194.0-255,2902,4661,10,287099
33425,5.2e-05,172.31.36.0-255,66,4727,10,287099
33426,5.9e-05,172.217.194.0-255,7156,11883,10,287099
33427,6.2e-05,172.31.36.0-255,66,11949,10,287099
33428,6.6e-05,172.217.194.0-255,2144,14093,10,287099
33429,6.8e-05,172.31.36.0-255,66,14159,10,287099
33430,0.000112,172.217.194.0-255,1484,15643,10,287099
33431,0.000115,172.31.36.0-255,66,15709,10,287099
33432,0.00012,172.217.194.0-255,2902,18611,10,287099
33433,0.000122,172.31.36.0-255,66,18677,10,287099
33434,0.000125,172.217.194.0-255,1484,20161,10,287099
33435,0.000128,172.31.36.0-255,66,20227,10,287099
33436,0.000148,172.217.194.0-255,4320,24547,10,287099
33437,0.000151,172.31.36.0-255,66,24613,10,287099
33438,0.000158,172.217.194.0-255,6797,31410,10,287099
33439,0.00016,172.31.36.0-255,66,31476,10,287099
33440,0.000193,172.217.194.0-255,5738,37214,10,287099
33441,0.000197,172.31.36.0-255,66,37280,10,287099
33442,0.000223,172.31.36.0-255,66,37346,10,287099
33443,0.000227,172.217.194.0-255,2543,39889,10,287099
33444,0.000229,172.31.36.0-255,66,39955,10,287099
33445,0.000263,172.217.194.0-255,1484,41439,10,287099
33446,0.000266,172.31.36.0-255,66,41505,10,287099
33447,0.000271,172.217.194.0-255,2902,44407,10,287099
33448,0.000277,172.217.194.0-255,5738,50145,10,287099
33449,0.000277,172.31.36.0-255,66,50211,10,287099
33450,0.000281,172.31.36.0-255,66,50277,10,287099
33451,0.000303,172.217.194.0-255,2902,53179,10,287099
33452,0.000306,172.31.36.0-255,66,53245,10,287099
33453,0.000325,172.217.194.0-255,3961,57206,10,287099
33454,0.000329,172.31.36.0-255,66,57272,10,287099
33455,0.000332,172.217.194.0-255,366,57638,10,287099
33456,0.000532,172.217.194.0-255,378,58016,10,287099
33457,0.000675,172.217.194.0-255,1484,59500,10,287099
33458,0.000679,172.31.36.0-255,66,59566,10,287099
33459,0.000684,172.217.194.0-255,2902,62468,10,287099
33460,0.000686,172.31.36.0-255,66,62534,10,287099
33461,0.000691,172.217.194.0-255,2902,65436,10,287099
33462,0.000693,172.31.36.0-255,66,65502,10,287099
33463,0.000717,172.217.194.0-255,2902,68404,10,287099
33464,0.000721,172.31.36.0-255,66,68470,10,287099
33465,0.000728,172.217.194.0-255,6797,75267,10,287099
33466,0.000731,172.31.36.0-255,66,75333,10,287099
33467,0.000764,172.217.194.0-255,4320,79653,10,287099
33468,0.000767,172.31.36.0-255,66,79719,10,287099
33469,0.000792,172.31.36.0-255,66,79785,10,287099
33470,0.000821,172.217.194.0-255,2543,82328,10,287099
33471,0.000825,172.31.36.0-255,66,82394,10,287099
33472,0.001191,172.217.194.0-255,1484,83878,10,287099
33473,0.001201,172.217.194.0-255,2902,86780,10,287099
33474,0.001205,172.31.36.0-255,66,86846,10,287099
33475,0.001214,172.217.194.0-255,5738,92584,10,287099
33476,0.001216,172.31.36.0-255,66,92650,10,287099
33477,0.001222,172.217.194.0-255,5738,98388,10,287099
33478,0.001224,172.31.36.0-255,66,98454,10,287099
33479,0.001247,172.217.194.0-255,1484,99938,10,287099
33480,0.001263,172.31.36.0-255,66,100004,10,287099
33481,0.001267,172.217.194.0-255,2184,102188,10,287099
33482,0.001269,172.31.36.0-255,66,102254,10,287099
33483,0.001294,172.217.194.0-255,1484,103738,10,287099
33484,0.001313,172.217.194.0-255,1484,105222,10,287099
33485,0.001316,172.31.36.0-255,66,105288,10,287099
33486,0.001324,172.217.194.0-255,7156,112444,10,287099
33487,0.001326,172.31.36.0-255,66,112510,10,287099
33488,0.001334,172.217.194.0-255,7156,119666,10,287099
33489,0.001336,172.31.36.0-255,66,119732,10,287099
33490,0.001376,172.31.36.0-255,66,119798,10,287099
33491,0.001379,172.217.194.0-255,766,120564,10,287099
33492,0.001455,172.217.194.0-255,1484,122048,10,287099
33493,0.001459,172.31.36.0-255,66,122114,10,287099
33494,0.001465,172.217.194.0-255,2902,125016,10,287099
33495,0.001468,172.31.36.0-255,66,125082,10,287099
33496,0.001473,172.217.194.0-255,4320,129402,10,287099
33497,0.001475,172.31.36.0-255,66,129468,10,287099
33498,0.001506,172.217.194.0-255,1484,130952,10,287099
33499,0.001521,172.31.36.0-255,66,131018,10,287099
33500,0.001563,172.217.194.0-255,4320,135338,10,287099
33501,0.001569,172.31.36.0-255,66,135404,10,287099
33502,0.001586,172.217.194.0-255,6438,141842,10,287099
33503,0.001589,172.31.36.0-255,66,141908,10,287099
33504,0.001676,172.217.194.0-255,1484,143392,10,287099
33505,0.001682,172.217.194.0-255,2902,146294,10,287099
33506,0.001685,172.31.36.0-255,66,146360,10,287099
33507,0.001692,172.217.194.0-255,5738,152098,10,287099
33508,0.001695,172.31.36.0-255,66,152164,10,287099
33509,0.001725,172.31.36.0-255,66,152230,10,287099
33510,0.001744,172.217.194.0-255,4320,156550,10,287099
33511,0.001747,172.31.36.0-255,66,156616,10,287099
33512,0.00176,172.31.36.0-255,66,156682,10,287099
33513,0.001905,172.217.194.0-255,1484,158166,10,287099
33514,0.001912,172.217.194.0-255,2902,161068,10,287099
33515,0.001917,172.31.36.0-255,66,161134,10,287099
33516,0.001923,172.217.194.0-255,5738,166872,10,287099
33517,0.001926,172.31.36.0-255,66,166938,10,287099
33518,0.001931,172.217.194.0-255,4320,171258,10,287099
33519,0.001934,172.31.36.0-255,66,171324,10,287099
33520,0.00196,172.217.194.0-255,2902,174226,10,287099
33521,0.001964,172.31.36.0-255,66,174292,10,287099
33522,0.001981,172.31.36.0-255,66,174358,10,287099
33523,0.001985,172.217.194.0-255,2184,176542,10,287099
33524,0.001987,172.31.36.0-255,66,176608,10,287099
33525,0.002045,172.217.194.0-255,1484,178092,10,287099
33526,0.002058,172.217.194.0-255,2902,180994,10,287099
33527,0.002061,172.31.36.0-255,66,181060,10,287099
33528,0.002064,172.217.194.0-255,1484,182544,10,287099
33529,0.002082,172.217.194.0-255,4320,186864,10,287099
33530,0.002084,172.31.36.0-255,66,186930,10,287099
33531,0.002094,172.31.36.0-255,66,186996,10,287099
33532,0.002142,172.217.194.0-255,7156,194152,10,287099
33533,0.002145,172.31.36.0-255,66,194218,10,287099
33534,0.002164,172.31.36.0-255,66,194284,10,287099
33535,0.002206,172.217.194.0-255,1484,195768,10,287099
33536,0.002209,172.217.194.0-255,2902,198670,10,287099
33537,0.002211,172.31.36.0-255,66,198736,10,287099
33538,0.002232,172.217.194.0-255,5738,204474,10,287099
33539,0.002235,172.31.36.0-255,66,204540,10,287099
33540,0.00224,172.217.194.0-255,5738,210278,10,287099
33541,0.002243,172.31.36.0-255,66,210344,10,287099
33542,0.002282,172.31.36.0-255,66,210410,10,287099
33543,0.002287,172.217.194.0-255,4320,214730,10,287099
33544,0.002289,172.31.36.0-255,66,214796,10,287099
33545,0.002303,172.217.194.0-255,766,215562,10,287099
33546,0.002308,172.217.194.0-255,5738,221300,10,287099
33547,0.002311,172.31.36.0-255,66,221366,10,287099
33548,0.00232,172.217.194.0-255,1484,222850,10,287099
33549,0.002343,172.217.194.0-255,4320,227170,10,287099
33550,0.002362,172.217.194.0-255,4320,231490,10,287099
33551,0.002365,172.217.194.0-255,2902,234392,10,287099
33552,0.004769,172.31.36.0-255,66,234458,10,287099
33553,0.007097,172.217.194.0-255,5738,240196,10,287099
33554,0.007103,172.31.36.0-255,66,240262,10,287099
33555,0.009446,172.217.194.0-255,5738,246000,10,287099
33556,0.009451,172.31.36.0-255,66,246066,10,287099
33557,0.011804,172.217.194.0-255,5738,251804,10,287099
33558,0.01181,172.31.36.0-255,66,251870,10,287099
33559,0.014134,172.217.194.0-255,5738,257608,10,287099
33560,0.014141,172.31.36.0-255,66,257674,10,287099
33561,0.016485,172.217.194.0-255,5738,263412,10,287099
33562,0.016498,172.31.36.0-255,66,263478,10,287099
33563,0.018796,172.217.194.0-255,5738,269216,10,287099
33564,0.018804,172.31.36.0-255,66,269282,10,287099
33565,0.021139,172.217.194.0-255,5738,275020,10,287099
33566,0.021147,172.31.36.0-255,66,275086,10,287099
33567,0.023459,172.217.194.0-255,5738,280824,10,287099
33568,0.023465,172.31.36.0-255,66,280890,10,287099
33569,0.025755,172.217.194.0-255,2645,283535,10,287099
33570,0.02576,172.31.36.0-255,66,283601,10,287099
33571,0.025945,172.31.36.0-255,105,283706,10,287099
33572,0.026325,172.31.36.0-255,172,283878,10,287099
33573,0.026358,172.31.36.0-255,1112,284990,10,287099
33574,0.026408,172.31.36.0-255,1514,286504,10,287099
33575,0.026409,172.31.36.0-255,331,286835,10,287099
33576,0.027819,104.244.42.0-255,66,286901,10,287099
33577,0.028002,104.244.42.0-255,66,286967,10,287099
33578,0.028007,104.244.42.0-255,66,287033,10,287099
33579,0.028222,172.217.194.0-255,66,287099,10,287099
33580,0.0,74.125.24.0-255,153,153,10,342220
33581,3.4e-05,172.31.36.0-255,66,219,10,342220
33582,4.1e-05,74.125.24.0-255,1484,1703,10,342220
33583,4.5e-05,172.31.36.0-255,66,1769,10,342220
33584,5e-05,74.125.24.0-255,2902,4671,10,342220
33585,5.3e-05,172.31.36.0-255,66,4737,10,342220
33586,5.9e-05,74.125.24.0-255,5738,10475,10,342220
33587,6.2e-05,172.31.36.0-255,66,10541,10,342220
33588,6.6e-05,74.125.24.0-255,3522,14063,10,342220
33589,6.9e-05,172.31.36.0-255,66,14129,10,342220
33590,0.000187,74.125.24.0-255,1484,15613,10,342220
33591,0.000192,172.31.36.0-255,66,15679,10,342220
33592,0.000197,74.125.24.0-255,2902,18581,10,342220
33593,0.0002,172.31.36.0-255,66,18647,10,342220
33594,0.000204,74.125.24.0-255,2902,21549,10,342220
33595,0.000207,172.31.36.0-255,66,21615,10,342220
33596,0.000226,74.125.24.0-255,2902,24517,10,342220
33597,0.000228,172.31.36.0-255,66,24583,10,342220
33598,0.000234,74.125.24.0-255,5738,30321,10,342220
33599,0.000237,172.31.36.0-255,66,30387,10,342220
33600,0.000253,74.125.24.0-255,1125,31512,10,342220
33601,0.000256,172.31.36.0-255,66,31578,10,342220
33602,0.000262,74.125.24.0-255,7156,38734,10,342220
33603,0.000265,172.31.36.0-255,66,38800,10,342220
33604,0.000283,74.125.24.0-255,2902,41702,10,342220
33605,0.000286,172.31.36.0-255,66,41768,10,342220
33606,0.000323,172.31.36.0-255,66,41834,10,342220
33607,0.000336,172.31.36.0-255,66,41900,10,342220
33608,0.000358,74.125.24.0-255,1059,42959,10,342220
33609,0.000361,172.31.36.0-255,66,43025,10,342220
33610,0.000378,74.125.24.0-255,136,43161,10,342220
33611,0.00052,74.125.24.0-255,1484,44645,10,342220
33612,0.000525,172.31.36.0-255,66,44711,10,342220
33613,0.00053,74.125.24.0-255,2902,47613,10,342220
33614,0.000536,74.125.24.0-255,4320,51933,10,342220
33615,0.000545,172.31.36.0-255,66,51999,10,342220
33616,0.00055,74.125.24.0-255,1484,53483,10,342220
33617,0.000577,74.125.24.0-255,4320,57803,10,342220
33618,0.000593,74.125.24.0-255,5738,63541,10,342220
33619,0.000594,172.31.36.0-255,66,63607,10,342220
33620,0.000599,172.31.36.0-255,66,63673,10,342220
33621,0.000617,74.125.24.0-255,2902,66575,10,342220
33622,0.000625,172.31.36.0-255,66,66641,10,342220
33623,0.00063,74.125.24.0-255,346,66987,10,342220
33624,0.000643,172.31.36.0-255,66,67053,10,342220
33625,0.000657,74.125.24.0-255,1484,68537,10,342220
33626,0.000673,74.125.24.0-255,2902,71439,10,342220
33627,0.000675,172.31.36.0-255,66,71505,10,342220
33628,0.000695,74.125.24.0-255,1484,72989,10,342220
33629,0.000726,172.31.36.0-255,66,73055,10,342220
33630,0.000731,172.31.36.0-255,66,73121,10,342220
33631,0.000739,74.125.24.0-255,5738,78859,10,342220
33632,0.000743,74.125.24.0-255,2184,81043,10,342220
33633,0.000744,172.31.36.0-255,66,81109,10,342220
33634,0.00075,172.31.36.0-255,66,81175,10,342220
33635,0.001469,74.125.24.0-255,1484,82659,10,342220
33636,0.001479,74.125.24.0-255,2902,85561,10,342220
33637,0.001483,172.31.36.0-255,66,85627,10,342220
33638,0.00149,74.125.24.0-255,5738,91365,10,342220
33639,0.001571,74.125.24.0-255,5738,97103,10,342220
33640,0.001591,74.125.24.0-255,6438,103541,10,342220
33641,0.001769,74.125.24.0-255,1484,105025,10,342220
33642,0.001781,74.125.24.0-255,2902,107927,10,342220
33643,0.001786,74.125.24.0-255,4320,112247,10,342220
33644,0.001805,74.125.24.0-255,1484,113731,10,342220
33645,0.001813,74.125.24.0-255,7156,120887,10,342220
33646,0.001837,74.125.24.0-255,4320,125207,10,342220
33647,0.001858,74.125.24.0-255,4320,129527,10,342220
33648,0.001994,74.125.24.0-255,1484,131011,10,342220
33649,0.002001,74.125.24.0-255,2902,133913,10,342220
33650,0.002015,74.125.24.0-255,4320,138233,10,342220
33651,0.002027,74.125.24.0-255,1484,139717,10,342220
33652,0.002064,74.125.24.0-255,2902,142619,10,342220
33653,0.002111,74.125.24.0-255,5738,148357,10,342220
33654,0.002133,74.125.24.0-255,5020,153377,10,342220
33655,0.004447,172.31.36.0-255,66,153443,10,342220
33656,0.006535,74.125.24.0-255,5738,159181,10,342220
33657,0.006541,172.31.36.0-255,66,159247,10,342220
33658,0.008577,74.125.24.0-255,5738,164985,10,342220
33659,0.008813,172.31.36.0-255,66,165051,10,342220
33660,0.010889,74.125.24.0-255,5738,170789,10,342220
33661,0.010897,172.31.36.0-255,66,170855,10,342220
33662,0.012979,74.125.24.0-255,5738,176593,10,342220
33663,0.013507,172.31.36.0-255,66,176659,10,342220
33664,0.01557,74.125.24.0-255,5738,182397,10,342220
33665,0.015583,172.31.36.0-255,66,182463,10,342220
33666,0.017649,74.125.24.0-255,5738,188201,10,342220
33667,0.017664,172.31.36.0-255,66,188267,10,342220
33668,0.019746,74.125.24.0-255,5738,194005,10,342220
33669,0.019754,172.31.36.0-255,66,194071,10,342220
33670,0.021823,74.125.24.0-255,5738,199809,10,342220
33671,0.021832,172.31.36.0-255,66,199875,10,342220
33672,0.023905,74.125.24.0-255,5738,205613,10,342220
33673,0.023915,172.31.36.0-255,66,205679,10,342220
33674,0.025986,74.125.24.0-255,5738,211417,10,342220
33675,0.025995,172.31.36.0-255,66,211483,10,342220
33676,0.028083,74.125.24.0-255,5738,217221,10,342220
33677,0.028091,172.31.36.0-255,66,217287,10,342220
33678,0.030157,74.125.24.0-255,4320,221607,10,342220
33679,0.030163,172.31.36.0-255,66,221673,10,342220
33680,0.030183,74.125.24.0-255,1484,223157,10,342220
33681,0.030588,172.31.36.0-255,167,223324,10,342220
33682,0.030618,172.31.36.0-255,1112,224436,10,342220
33683,0.030659,172.31.36.0-255,1514,225950,10,342220
33684,0.030661,172.31.36.0-255,1291,227241,10,342220
33685,0.032139,104.244.42.0-255,66,227307,10,342220
33686,0.032185,104.244.42.0-255,66,227373,10,342220
33687,0.032204,74.125.24.0-255,4320,231693,10,342220
33688,0.032208,172.31.36.0-255,66,231759,10,342220
33689,0.032245,104.244.42.0-255,66,231825,10,342220
33690,0.034258,74.125.24.0-255,4320,236145,10,342220
33691,0.034263,172.31.36.0-255,66,236211,10,342220
33692,0.034293,74.125.24.0-255,1484,237695,10,342220
33693,0.034496,104.244.42.0-255,108,237803,10,342220
33694,0.034516,172.31.36.0-255,66,237869,10,342220
33695,0.036334,74.125.24.0-255,4320,242189,10,342220
33696,0.036339,172.31.36.0-255,66,242255,10,342220
33697,0.038398,74.125.24.0-255,5738,247993,10,342220
33698,0.03847,172.31.36.0-255,66,248059,10,342220
33699,0.040521,74.125.24.0-255,5738,253797,10,342220
33700,0.040527,172.31.36.0-255,66,253863,10,342220
33701,0.042573,74.125.24.0-255,5738,259601,10,342220
33702,0.042578,172.31.36.0-255,66,259667,10,342220
33703,0.044673,74.125.24.0-255,5738,265405,10,342220
33704,0.044678,172.31.36.0-255,66,265471,10,342220
33705,0.046725,74.125.24.0-255,5738,271209,10,342220
33706,0.046731,172.31.36.0-255,66,271275,10,342220
33707,0.048818,74.125.24.0-255,5738,277013,10,342220
33708,0.048825,172.31.36.0-255,66,277079,10,342220
33709,0.050872,74.125.24.0-255,5738,282817,10,342220
33710,0.050877,172.31.36.0-255,66,282883,10,342220
33711,0.052934,74.125.24.0-255,5738,288621,10,342220
33712,0.05294,172.31.36.0-255,66,288687,10,342220
33713,0.055014,74.125.24.0-255,5738,294425,10,342220
33714,0.05502,172.31.36.0-255,66,294491,10,342220
33715,0.057111,74.125.24.0-255,5738,300229,10,342220
33716,0.057117,172.31.36.0-255,66,300295,10,342220
33717,0.059165,74.125.24.0-255,2902,303197,10,342220
33718,0.05917,172.31.36.0-255,66,303263,10,342220
33719,0.059203,74.125.24.0-255,2902,306165,10,342220
33720,0.059223,172.31.36.0-255,66,306231,10,342220
33721,0.061218,74.125.24.0-255,2902,309133,10,342220
33722,0.061223,172.31.36.0-255,66,309199,10,342220
33723,0.061275,74.125.24.0-255,2902,312101,10,342220
33724,0.061299,172.31.36.0-255,66,312167,10,342220
33725,0.063271,74.125.24.0-255,2902,315069,10,342220
33726,0.063276,172.31.36.0-255,66,315135,10,342220
33727,0.063345,74.125.24.0-255,2902,318037,10,342220
33728,0.063361,172.31.36.0-255,66,318103,10,342220
33729,0.065322,74.125.24.0-255,2902,321005,10,342220
33730,0.065328,172.31.36.0-255,66,321071,10,342220
33731,0.065403,74.125.24.0-255,2902,323973,10,342220
33732,0.06541,172.31.36.0-255,66,324039,10,342220
33733,0.067373,74.125.24.0-255,2902,326941,10,342220
33734,0.067379,172.31.36.0-255,66,327007,10,342220
33735,0.067476,74.125.24.0-255,2902,329909,10,342220
33736,0.06748,172.31.36.0-255,66,329975,10,342220
33737,0.069456,74.125.24.0-255,2902,332877,10,342220
33738,0.069462,172.31.36.0-255,66,332943,10,342220
33739,0.069571,74.125.24.0-255,2902,335845,10,342220
33740,0.069575,172.31.36.0-255,66,335911,10,342220
33741,0.071536,74.125.24.0-255,2902,338813,10,342220
33742,0.071542,172.31.36.0-255,66,338879,10,342220
33743,0.071656,74.125.24.0-255,2902,341781,10,342220
33744,0.071794,172.31.36.0-255,66,341847,10,342220
33745,0.073568,74.125.24.0-255,136,341983,10,342220
33746,0.073729,172.31.36.0-255,66,342049,10,342220
33747,0.073759,172.31.36.0-255,105,342154,10,342220
33748,0.075785,74.125.24.0-255,66,342220,10,342220
33749,0.0,74.125.24.0-255,150,150,10,347406
33750,2.5e-05,172.31.36.0-255,66,216,10,347406
33751,3.3e-05,74.125.24.0-255,1484,1700,10,347406
33752,3.8e-05,172.31.36.0-255,66,1766,10,347406
33753,4.4e-05,74.125.24.0-255,2902,4668,10,347406
33754,4.7e-05,172.31.36.0-255,66,4734,10,347406
33755,5.4e-05,74.125.24.0-255,7156,11890,10,347406
33756,5.7e-05,172.31.36.0-255,66,11956,10,347406
33757,6.1e-05,74.125.24.0-255,2047,14003,10,347406
33758,6.4e-05,172.31.36.0-255,66,14069,10,347406
33759,8.3e-05,74.125.24.0-255,7156,21225,10,347406
33760,8.7e-05,172.31.36.0-255,66,21291,10,347406
33761,0.000118,74.125.24.0-255,4320,25611,10,347406
33762,0.000121,172.31.36.0-255,66,25677,10,347406
33763,0.000127,74.125.24.0-255,5379,31056,10,347406
33764,0.000129,172.31.36.0-255,66,31122,10,347406
33765,0.000159,74.125.24.0-255,1484,32606,10,347406
33766,0.000161,172.31.36.0-255,66,32672,10,347406
33767,0.000166,74.125.24.0-255,2902,35574,10,347406
33768,0.000168,172.31.36.0-255,66,35640,10,347406
33769,0.000172,74.125.24.0-255,1484,37124,10,347406
33770,0.000173,172.31.36.0-255,66,37190,10,347406
33771,0.000204,74.125.24.0-255,4320,41510,10,347406
33772,0.000207,172.31.36.0-255,66,41576,10,347406
33773,0.000213,74.125.24.0-255,4320,45896,10,347406
33774,0.000216,172.31.36.0-255,66,45962,10,347406
33775,0.000223,74.125.24.0-255,7156,53118,10,347406
33776,0.000225,172.31.36.0-255,66,53184,10,347406
33777,0.000252,74.125.24.0-255,4320,57504,10,347406
33778,0.000255,172.31.36.0-255,66,57570,10,347406
33779,0.000265,172.31.36.0-255,66,57636,10,347406
33780,0.000294,74.125.24.0-255,110,57746,10,347406
33781,0.000373,74.125.24.0-255,330,58076,10,347406
33782,0.000672,74.125.24.0-255,1484,59560,10,347406
33783,0.000679,74.125.24.0-255,2902,62462,10,347406
33784,0.000693,172.31.36.0-255,66,62528,10,347406
33785,0.00071,74.125.24.0-255,5738,68266,10,347406
33786,0.000716,172.31.36.0-255,66,68332,10,347406
33787,0.000732,74.125.24.0-255,7156,75488,10,347406
33788,0.000748,74.125.24.0-255,5738,81226,10,347406
33789,0.000751,74.125.24.0-255,1484,82710,10,347406
33790,0.000762,172.31.36.0-255,66,82776,10,347406
33791,0.000802,172.31.36.0-255,66,82842,10,347406
33792,0.001008,74.125.24.0-255,1484,84326,10,347406
33793,0.001015,74.125.24.0-255,2902,87228,10,347406
33794,0.001025,172.31.36.0-255,66,87294,10,347406
33795,0.001037,74.125.24.0-255,5738,93032,10,347406
33796,0.001044,172.31.36.0-255,66,93098,10,347406
33797,0.001077,74.125.24.0-255,4320,97418,10,347406
33798,0.001084,74.125.24.0-255,7156,104574,10,347406
33799,0.0011,172.31.36.0-255,66,104640,10,347406
33800,0.00111,74.125.24.0-255,3602,108242,10,347406
33801,0.001114,172.31.36.0-255,66,108308,10,347406
33802,0.001595,74.125.24.0-255,1484,109792,10,347406
33803,0.0016,74.125.24.0-255,1484,111276,10,347406
33804,0.001603,172.31.36.0-255,66,111342,10,347406
33805,0.001627,74.125.24.0-255,1484,112826,10,347406
33806,0.001635,74.125.24.0-255,5738,118564,10,347406
33807,0.001657,74.125.24.0-255,4320,122884,10,347406
33808,0.001661,172.31.36.0-255,66,122950,10,347406
33809,0.001697,74.125.24.0-255,766,123716,10,347406
33810,0.0017,172.31.36.0-255,66,123782,10,347406
33811,0.00212,172.31.36.0-255,66,123848,10,347406
33812,0.003957,74.125.24.0-255,4320,128168,10,347406
33813,0.003964,172.31.36.0-255,66,128234,10,347406
33814,0.004411,74.125.24.0-255,1484,129718,10,347406
33815,0.006255,74.125.24.0-255,4320,134038,10,347406
33816,0.006258,172.31.36.0-255,66,134104,10,347406
33817,0.008524,74.125.24.0-255,5738,139842,10,347406
33818,0.008531,172.31.36.0-255,66,139908,10,347406
33819,0.010841,74.125.24.0-255,5738,145646,10,347406
33820,0.010849,172.31.36.0-255,66,145712,10,347406
33821,0.013118,74.125.24.0-255,5738,151450,10,347406
33822,0.013125,172.31.36.0-255,66,151516,10,347406
33823,0.015472,74.125.24.0-255,5738,157254,10,347406
33824,0.015485,172.31.36.0-255,66,157320,10,347406
33825,0.017789,74.125.24.0-255,5738,163058,10,347406
33826,0.017798,172.31.36.0-255,66,163124,10,347406
33827,0.020121,74.125.24.0-255,5738,168862,10,347406
33828,0.020129,172.31.36.0-255,66,168928,10,347406
33829,0.022393,74.125.24.0-255,5738,174666,10,347406
33830,0.022403,172.31.36.0-255,66,174732,10,347406
33831,0.024655,74.125.24.0-255,5738,180470,10,347406
33832,0.024664,172.31.36.0-255,66,180536,10,347406
33833,0.026967,74.125.24.0-255,5738,186274,10,347406
33834,0.026975,172.31.36.0-255,66,186340,10,347406
33835,0.0282,172.31.36.0-255,176,186516,10,347406
33836,0.028231,172.31.36.0-255,1112,187628,10,347406
33837,0.028287,172.31.36.0-255,1514,189142,10,347406
33838,0.028288,172.31.36.0-255,1292,190434,10,347406
33839,0.029293,74.125.24.0-255,5738,196172,10,347406
33840,0.0293,172.31.36.0-255,66,196238,10,347406
33841,0.029754,104.244.42.0-255,66,196304,10,347406
33842,0.02977,104.244.42.0-255,66,196370,10,347406
33843,0.029813,104.244.42.0-255,66,196436,10,347406
33844,0.031562,74.125.24.0-255,5738,202174,10,347406
33845,0.031568,172.31.36.0-255,66,202240,10,347406
33846,0.033882,74.125.24.0-255,5738,207978,10,347406
33847,0.033889,172.31.36.0-255,66,208044,10,347406
33848,0.036202,74.125.24.0-255,5738,213782,10,347406
33849,0.036209,172.31.36.0-255,66,213848,10,347406
33850,0.038503,74.125.24.0-255,5738,219586,10,347406
33851,0.038508,172.31.36.0-255,66,219652,10,347406
33852,0.040774,74.125.24.0-255,5738,225390,10,347406
33853,0.040781,172.31.36.0-255,66,225456,10,347406
33854,0.043067,74.125.24.0-255,5738,231194,10,347406
33855,0.043074,172.31.36.0-255,66,231260,10,347406
33856,0.045375,74.125.24.0-255,1484,232744,10,347406
33857,0.045395,74.125.24.0-255,4320,237064,10,347406
33858,0.045401,172.31.36.0-255,66,237130,10,347406
33859,0.047696,74.125.24.0-255,5738,242868,10,347406
33860,0.047701,172.31.36.0-255,66,242934,10,347406
33861,0.050062,74.125.24.0-255,5738,248672,10,347406
33862,0.050072,172.31.36.0-255,66,248738,10,347406
33863,0.052341,74.125.24.0-255,5738,254476,10,347406
33864,0.052351,172.31.36.0-255,66,254542,10,347406
33865,0.054652,74.125.24.0-255,5738,260280,10,347406
33866,0.054671,172.31.36.0-255,66,260346,10,347406
33867,0.056952,74.125.24.0-255,5738,266084,10,347406
33868,0.056967,172.31.36.0-255,66,266150,10,347406
33869,0.059263,74.125.24.0-255,5738,271888,10,347406
33870,0.059275,172.31.36.0-255,66,271954,10,347406
33871,0.061594,74.125.24.0-255,5738,277692,10,347406
33872,0.061603,172.31.36.0-255,66,277758,10,347406
33873,0.063872,74.125.24.0-255,5738,283496,10,347406
33874,0.063879,172.31.36.0-255,66,283562,10,347406
33875,0.066139,74.125.24.0-255,5738,289300,10,347406
33876,0.066147,172.31.36.0-255,66,289366,10,347406
33877,0.068413,74.125.24.0-255,5738,295104,10,347406
33878,0.068422,172.31.36.0-255,66,295170,10,347406
33879,0.070784,74.125.24.0-255,5738,300908,10,347406
33880,0.07079,172.31.36.0-255,66,300974,10,347406
33881,0.073095,74.125.24.0-255,5738,306712,10,347406
33882,0.073102,172.31.36.0-255,66,306778,10,347406
33883,0.075375,74.125.24.0-255,5738,312516,10,347406
33884,0.075383,172.31.36.0-255,66,312582,10,347406
33885,0.07768,74.125.24.0-255,5738,318320,10,347406
33886,0.077687,172.31.36.0-255,66,318386,10,347406
33887,0.07999,74.125.24.0-255,5738,324124,10,347406
33888,0.079996,172.31.36.0-255,66,324190,10,347406
33889,0.082318,74.125.24.0-255,5738,329928,10,347406
33890,0.082324,172.31.36.0-255,66,329994,10,347406
33891,0.084616,74.125.24.0-255,5738,335732,10,347406
33892,0.084626,172.31.36.0-255,66,335798,10,347406
33893,0.086904,74.125.24.0-255,5738,341536,10,347406
33894,0.086911,172.31.36.0-255,66,341602,10,347406
33895,0.089239,74.125.24.0-255,5738,347340,10,347406
33896,0.089246,172.31.36.0-255,66,347406,10,347406
33897,0.0,74.125.24.0-255,145,145,10,349209
33898,3.2e-05,172.31.36.0-255,66,211,10,349209
33899,3.8e-05,74.125.24.0-255,1484,1695,10,349209
33900,4.3e-05,172.31.36.0-255,66,1761,10,349209
33901,4.8e-05,74.125.24.0-255,2902,4663,10,349209
33902,5e-05,172.31.36.0-255,66,4729,10,349209
33903,5.7e-05,74.125.24.0-255,7156,11885,10,349209
33904,6e-05,172.31.36.0-255,66,11951,10,349209
33905,6.3e-05,74.125.24.0-255,2067,14018,10,349209
33906,6.6e-05,172.31.36.0-255,66,14084,10,349209
33907,0.000111,74.125.24.0-255,1484,15568,10,349209
33908,0.000114,172.31.36.0-255,66,15634,10,349209
33909,0.00013,74.125.24.0-255,2902,18536,10,349209
33910,0.000133,172.31.36.0-255,66,18602,10,349209
33911,0.000139,74.125.24.0-255,5738,24340,10,349209
33912,0.000142,172.31.36.0-255,66,24406,10,349209
33913,0.000173,74.125.24.0-255,6797,31203,10,349209
33914,0.000176,172.31.36.0-255,66,31269,10,349209
33915,0.000208,74.125.24.0-255,2902,34171,10,349209
33916,0.000211,172.31.36.0-255,66,34237,10,349209
33917,0.000236,172.31.36.0-255,66,34303,10,349209
33918,0.000259,74.125.24.0-255,2543,36846,10,349209
33919,0.000261,172.31.36.0-255,66,36912,10,349209
33920,0.000284,74.125.24.0-255,2902,39814,10,349209
33921,0.000287,172.31.36.0-255,66,39880,10,349209
33922,0.0003,74.125.24.0-255,4320,44200,10,349209
33923,0.000303,172.31.36.0-255,66,44266,10,349209
33924,0.000321,74.125.24.0-255,2902,47168,10,349209
33925,0.000324,172.31.36.0-255,66,47234,10,349209
33926,0.000329,74.125.24.0-255,4320,51554,10,349209
33927,0.000332,172.31.36.0-255,66,51620,10,349209
33928,0.000371,74.125.24.0-255,2543,54163,10,349209
33929,0.000374,172.31.36.0-255,66,54229,10,349209
33930,0.00055,74.125.24.0-255,415,54644,10,349209
33931,0.000585,74.125.24.0-255,331,54975,10,349209
33932,0.000793,172.31.36.0-255,66,55041,10,349209
33933,0.000963,74.125.24.0-255,1484,56525,10,349209
33934,0.000973,74.125.24.0-255,2902,59427,10,349209
33935,0.000977,172.31.36.0-255,66,59493,10,349209
33936,0.000985,74.125.24.0-255,5738,65231,10,349209
33937,0.000987,172.31.36.0-255,66,65297,10,349209
33938,0.001025,172.31.36.0-255,66,65363,10,349209
33939,0.001032,74.125.24.0-255,4320,69683,10,349209
33940,0.001035,172.31.36.0-255,66,69749,10,349209
33941,0.001054,74.125.24.0-255,6438,76187,10,349209
33942,0.001057,172.31.36.0-255,66,76253,10,349209
33943,0.001382,74.125.24.0-255,1484,77737,10,349209
33944,0.001427,74.125.24.0-255,2902,80639,10,349209
33945,0.001432,172.31.36.0-255,66,80705,10,349209
33946,0.001441,74.125.24.0-255,5738,86443,10,349209
33947,0.001444,172.31.36.0-255,66,86509,10,349209
33948,0.001457,172.31.36.0-255,66,86575,10,349209
33949,0.001475,74.125.24.0-255,4320,90895,10,349209
33950,0.001477,172.31.36.0-255,66,90961,10,349209
33951,0.001501,74.125.24.0-255,4320,95281,10,349209
33952,0.001503,172.31.36.0-255,66,95347,10,349209
33953,0.001522,74.125.24.0-255,6438,101785,10,349209
33954,0.001525,172.31.36.0-255,66,101851,10,349209
33955,0.003543,74.125.24.0-255,5738,107589,10,349209
33956,0.00355,172.31.36.0-255,66,107655,10,349209
33957,0.005625,74.125.24.0-255,5738,113393,10,349209
33958,0.005632,172.31.36.0-255,66,113459,10,349209
33959,0.00768,74.125.24.0-255,5738,119197,10,349209
33960,0.007687,172.31.36.0-255,66,119263,10,349209
33961,0.00971,74.125.24.0-255,5738,125001,10,349209
33962,0.009718,172.31.36.0-255,66,125067,10,349209
33963,0.011763,74.125.24.0-255,5738,130805,10,349209
33964,0.011771,172.31.36.0-255,66,130871,10,349209
33965,0.013816,74.125.24.0-255,5738,136609,10,349209
33966,0.013828,172.31.36.0-255,66,136675,10,349209
33967,0.01587,74.125.24.0-255,5738,142413,10,349209
33968,0.015878,172.31.36.0-255,66,142479,10,349209
33969,0.017934,74.125.24.0-255,5738,148217,10,349209
33970,0.017941,172.31.36.0-255,66,148283,10,349209
33971,0.019978,74.125.24.0-255,5738,154021,10,349209
33972,0.019985,172.31.36.0-255,66,154087,10,349209
33973,0.022022,74.125.24.0-255,5738,159825,10,349209
33974,0.022033,172.31.36.0-255,66,159891,10,349209
33975,0.024067,74.125.24.0-255,5738,165629,10,349209
33976,0.024073,172.31.36.0-255,66,165695,10,349209
33977,0.025648,172.31.36.0-255,167,165862,10,349209
33978,0.025684,172.31.36.0-255,1112,166974,10,349209
33979,0.025719,172.31.36.0-255,1514,168488,10,349209
33980,0.02572,172.31.36.0-255,1291,169779,10,349209
33981,0.026112,74.125.24.0-255,5738,175517,10,349209
33982,0.026118,172.31.36.0-255,66,175583,10,349209
33983,0.027224,104.244.42.0-255,66,175649,10,349209
33984,0.02723,104.244.42.0-255,66,175715,10,349209
33985,0.027283,104.244.42.0-255,66,175781,10,349209
33986,0.028128,74.125.24.0-255,5738,181519,10,349209
33987,0.028133,172.31.36.0-255,66,181585,10,349209
33988,0.030154,74.125.24.0-255,5738,187323,10,349209
33989,0.03016,172.31.36.0-255,66,187389,10,349209
33990,0.032228,74.125.24.0-255,5738,193127,10,349209
33991,0.032234,172.31.36.0-255,66,193193,10,349209
33992,0.034279,74.125.24.0-255,5738,198931,10,349209
33993,0.034284,172.31.36.0-255,66,198997,10,349209
33994,0.036301,74.125.24.0-255,5738,204735,10,349209
33995,0.036306,172.31.36.0-255,66,204801,10,349209
33996,0.038343,74.125.24.0-255,4320,209121,10,349209
33997,0.038348,172.31.36.0-255,66,209187,10,349209
33998,0.038373,74.125.24.0-255,1484,210671,10,349209
33999,0.040378,74.125.24.0-255,2902,213573,10,349209
34000,0.040383,172.31.36.0-255,66,213639,10,349209
34001,0.04041,74.125.24.0-255,1484,215123,10,349209
34002,0.042401,74.125.24.0-255,4320,219443,10,349209
34003,0.042407,172.31.36.0-255,66,219509,10,349209
34004,0.044466,74.125.24.0-255,4320,223829,10,349209
34005,0.044472,172.31.36.0-255,66,223895,10,349209
34006,0.044489,74.125.24.0-255,1484,225379,10,349209
34007,0.046505,74.125.24.0-255,4320,229699,10,349209
34008,0.04651,172.31.36.0-255,66,229765,10,349209
34009,0.048543,74.125.24.0-255,5738,235503,10,349209
34010,0.048548,172.31.36.0-255,66,235569,10,349209
34011,0.050586,74.125.24.0-255,5738,241307,10,349209
34012,0.05059,172.31.36.0-255,66,241373,10,349209
34013,0.052619,74.125.24.0-255,5738,247111,10,349209
34014,0.052626,172.31.36.0-255,66,247177,10,349209
34015,0.054686,74.125.24.0-255,5738,252915,10,349209
34016,0.054693,172.31.36.0-255,66,252981,10,349209
34017,0.056733,74.125.24.0-255,5738,258719,10,349209
34018,0.056738,172.31.36.0-255,66,258785,10,349209
34019,0.058769,74.125.24.0-255,5738,264523,10,349209
34020,0.058774,172.31.36.0-255,66,264589,10,349209
34021,0.060812,74.125.24.0-255,5738,270327,10,349209
34022,0.060818,172.31.36.0-255,66,270393,10,349209
34023,0.062849,74.125.24.0-255,5738,276131,10,349209
34024,0.062854,172.31.36.0-255,66,276197,10,349209
34025,0.064873,74.125.24.0-255,5738,281935,10,349209
34026,0.064878,172.31.36.0-255,66,282001,10,349209
34027,0.066946,74.125.24.0-255,5738,287739,10,349209
34028,0.066952,172.31.36.0-255,66,287805,10,349209
34029,0.068989,74.125.24.0-255,5738,293543,10,349209
34030,0.068994,172.31.36.0-255,66,293609,10,349209
34031,0.071033,74.125.24.0-255,4320,297929,10,349209
34032,0.071039,172.31.36.0-255,66,297995,10,349209
34033,0.071064,74.125.24.0-255,1484,299479,10,349209
34034,0.073069,74.125.24.0-255,4320,303799,10,349209
34035,0.073074,172.31.36.0-255,66,303865,10,349209
34036,0.075103,74.125.24.0-255,5738,309603,10,349209
34037,0.075109,172.31.36.0-255,66,309669,10,349209
34038,0.077164,74.125.24.0-255,5738,315407,10,349209
34039,0.07717,172.31.36.0-255,66,315473,10,349209
34040,0.079214,74.125.24.0-255,5738,321211,10,349209
34041,0.079219,172.31.36.0-255,66,321277,10,349209
34042,0.081254,74.125.24.0-255,5738,327015,10,349209
34043,0.08126,172.31.36.0-255,66,327081,10,349209
34044,0.083303,74.125.24.0-255,4320,331401,10,349209
34045,0.083308,172.31.36.0-255,66,331467,10,349209
34046,0.083337,74.125.24.0-255,1484,332951,10,349209
34047,0.085333,74.125.24.0-255,4320,337271,10,349209
34048,0.085338,172.31.36.0-255,66,337337,10,349209
34049,0.087351,74.125.24.0-255,2902,340239,10,349209
34050,0.087358,172.31.36.0-255,66,340305,10,349209
34051,0.087389,74.125.24.0-255,2902,343207,10,349209
34052,0.087392,172.31.36.0-255,66,343273,10,349209
34053,0.089386,74.125.24.0-255,2902,346175,10,349209
34054,0.089392,172.31.36.0-255,66,346241,10,349209
34055,0.089422,74.125.24.0-255,2902,349143,10,349209
34056,0.089425,172.31.36.0-255,66,349209,10,349209
34057,0.0,172.253.118.0-255,146,146,10,394761
34058,3.4e-05,172.31.36.0-255,66,212,10,394761
34059,4e-05,172.253.118.0-255,1484,1696,10,394761
34060,4.5e-05,172.31.36.0-255,66,1762,10,394761
34061,4.9e-05,172.253.118.0-255,2902,4664,10,394761
34062,5.2e-05,172.31.36.0-255,66,4730,10,394761
34063,8.5e-05,172.253.118.0-255,7156,11886,10,394761
34064,8.8e-05,172.253.118.0-255,2103,13989,10,394761
34065,9e-05,172.31.36.0-255,66,14055,10,394761
34066,9.4e-05,172.31.36.0-255,66,14121,10,394761
34067,0.000322,172.253.118.0-255,1484,15605,10,394761
34068,0.000329,172.31.36.0-255,66,15671,10,394761
34069,0.000335,172.253.118.0-255,2902,18573,10,394761
34070,0.000339,172.31.36.0-255,66,18639,10,394761
34071,0.000359,172.253.118.0-255,5738,24377,10,394761
34072,0.000362,172.31.36.0-255,66,24443,10,394761
34073,0.000387,172.253.118.0-255,4320,28763,10,394761
34074,0.000392,172.31.36.0-255,66,28829,10,394761
34075,0.000408,172.253.118.0-255,2543,31372,10,394761
34076,0.000411,172.31.36.0-255,66,31438,10,394761
34077,0.00042,172.253.118.0-255,7156,38594,10,394761
34078,0.000422,172.31.36.0-255,66,38660,10,394761
34079,0.000455,172.253.118.0-255,7156,45816,10,394761
34080,0.000458,172.31.36.0-255,66,45882,10,394761
34081,0.000461,172.253.118.0-255,1484,47366,10,394761
34082,0.000463,172.31.36.0-255,66,47432,10,394761
34083,0.000485,172.253.118.0-255,7156,54588,10,394761
34084,0.000491,172.253.118.0-255,5738,60326,10,394761
34085,0.000492,172.31.36.0-255,66,60392,10,394761
34086,0.000495,172.31.36.0-255,66,60458,10,394761
34087,0.000561,172.253.118.0-255,5020,65478,10,394761
34088,0.000565,172.31.36.0-255,66,65544,10,394761
34089,0.000568,172.253.118.0-255,396,65940,10,394761
34090,0.000702,172.253.118.0-255,1484,67424,10,394761
34091,0.000706,172.253.118.0-255,1484,68908,10,394761
34092,0.000707,172.31.36.0-255,66,68974,10,394761
34093,0.000719,172.253.118.0-255,1484,70458,10,394761
34094,0.000721,172.31.36.0-255,66,70524,10,394761
34095,0.000727,172.253.118.0-255,5738,76262,10,394761
34096,0.000729,172.31.36.0-255,66,76328,10,394761
34097,0.000755,172.253.118.0-255,5738,82066,10,394761
34098,0.000759,172.31.36.0-255,66,82132,10,394761
34099,0.000816,172.31.36.0-255,66,82198,10,394761
34100,0.000821,172.253.118.0-255,5020,87218,10,394761
34101,0.000824,172.31.36.0-255,66,87284,10,394761
34102,0.000884,172.253.118.0-255,347,87631,10,394761
34103,0.000923,172.253.118.0-255,1484,89115,10,394761
34104,0.000927,172.31.36.0-255,66,89181,10,394761
34105,0.00093,172.253.118.0-255,1484,90665,10,394761
34106,0.000952,172.253.118.0-255,2902,93567,10,394761
34107,0.000954,172.31.36.0-255,66,93633,10,394761
34108,0.00096,172.253.118.0-255,5738,99371,10,394761
34109,0.000963,172.31.36.0-255,66,99437,10,394761
34110,0.000976,172.253.118.0-255,1484,100921,10,394761
34111,0.001002,172.253.118.0-255,4320,105241,10,394761
34112,0.001004,172.31.36.0-255,66,105307,10,394761
34113,0.001032,172.31.36.0-255,66,105373,10,394761
34114,0.001054,172.253.118.0-255,6438,111811,10,394761
34115,0.001056,172.31.36.0-255,66,111877,10,394761
34116,0.001913,172.253.118.0-255,1484,113361,10,394761
34117,0.001933,172.253.118.0-255,2902,116263,10,394761
34118,0.001937,172.31.36.0-255,66,116329,10,394761
34119,0.001945,172.253.118.0-255,5738,122067,10,394761
34120,0.001948,172.31.36.0-255,66,122133,10,394761
34121,0.001951,172.253.118.0-255,1484,123617,10,394761
34122,0.001973,172.253.118.0-255,5738,129355,10,394761
34123,0.001975,172.31.36.0-255,66,129421,10,394761
34124,0.001994,172.253.118.0-255,2902,132323,10,394761
34125,0.001996,172.31.36.0-255,66,132389,10,394761
34126,0.002015,172.253.118.0-255,5738,138127,10,394761
34127,0.002018,172.31.36.0-255,66,138193,10,394761
34128,0.002048,172.253.118.0-255,7156,145349,10,394761
34129,0.00205,172.31.36.0-255,66,145415,10,394761
34130,0.002053,172.253.118.0-255,766,146181,10,394761
34131,0.004086,172.253.118.0-255,4320,150501,10,394761
34132,0.00409,172.31.36.0-255,66,150567,10,394761
34133,0.006117,172.253.118.0-255,4320,154887,10,394761
34134,0.00612,172.31.36.0-255,66,154953,10,394761
34135,0.006135,172.253.118.0-255,1484,156437,10,394761
34136,0.008145,172.253.118.0-255,4320,160757,10,394761
34137,0.008151,172.31.36.0-255,66,160823,10,394761
34138,0.010194,172.253.118.0-255,5738,166561,10,394761
34139,0.010203,172.31.36.0-255,66,166627,10,394761
34140,0.012235,172.253.118.0-255,5738,172365,10,394761
34141,0.012246,172.31.36.0-255,66,172431,10,394761
34142,0.014289,172.253.118.0-255,5738,178169,10,394761
34143,0.014299,172.31.36.0-255,66,178235,10,394761
34144,0.016336,172.253.118.0-255,5738,183973,10,394761
34145,0.016342,172.31.36.0-255,66,184039,10,394761
34146,0.018357,172.253.118.0-255,5738,189777,10,394761
34147,0.018363,172.31.36.0-255,66,189843,10,394761
34148,0.020388,172.253.118.0-255,5738,195581,10,394761
34149,0.020395,172.31.36.0-255,66,195647,10,394761
34150,0.022437,172.253.118.0-255,5738,201385,10,394761
34151,0.022443,172.31.36.0-255,66,201451,10,394761
34152,0.024482,172.253.118.0-255,5738,207189,10,394761
34153,0.024497,172.31.36.0-255,66,207255,10,394761
34154,0.026551,172.253.118.0-255,5738,212993,10,394761
34155,0.026557,172.31.36.0-255,66,213059,10,394761
34156,0.028579,172.253.118.0-255,5738,218797,10,394761
34157,0.028587,172.31.36.0-255,66,218863,10,394761
34158,0.030617,172.253.118.0-255,5738,224601,10,394761
34159,0.030624,172.31.36.0-255,66,224667,10,394761
34160,0.032655,172.253.118.0-255,5738,230405,10,394761
34161,0.03266,172.31.36.0-255,66,230471,10,394761
34162,0.034608,172.31.36.0-255,167,230638,10,394761
34163,0.034637,172.31.36.0-255,1112,231750,10,394761
34164,0.034676,172.31.36.0-255,1514,233264,10,394761
34165,0.034677,172.31.36.0-255,1293,234557,10,394761
34166,0.034689,172.253.118.0-255,5738,240295,10,394761
34167,0.034693,172.31.36.0-255,66,240361,10,394761
34168,0.036113,104.244.42.0-255,66,240427,10,394761
34169,0.036134,104.244.42.0-255,66,240493,10,394761
34170,0.036203,104.244.42.0-255,66,240559,10,394761
34171,0.036766,172.253.118.0-255,5738,246297,10,394761
34172,0.036773,172.31.36.0-255,66,246363,10,394761
34173,0.038792,172.253.118.0-255,5738,252101,10,394761
34174,0.038798,172.31.36.0-255,66,252167,10,394761
34175,0.040823,172.253.118.0-255,5738,257905,10,394761
34176,0.040828,172.31.36.0-255,66,257971,10,394761
34177,0.042858,172.253.118.0-255,5738,263709,10,394761
34178,0.042864,172.31.36.0-255,66,263775,10,394761
34179,0.044896,172.253.118.0-255,5738,269513,10,394761
34180,0.044905,172.31.36.0-255,66,269579,10,394761
34181,0.046929,172.253.118.0-255,5738,275317,10,394761
34182,0.046936,172.31.36.0-255,66,275383,10,394761
34183,0.048977,172.253.118.0-255,5738,281121,10,394761
34184,0.048982,172.31.36.0-255,66,281187,10,394761
34185,0.051037,172.253.118.0-255,5738,286925,10,394761
34186,0.051043,172.31.36.0-255,66,286991,10,394761
34187,0.053057,172.253.118.0-255,5738,292729,10,394761
34188,0.053063,172.31.36.0-255,66,292795,10,394761
34189,0.055093,172.253.118.0-255,5738,298533,10,394761
34190,0.0551,172.31.36.0-255,66,298599,10,394761
34191,0.057125,172.253.118.0-255,5738,304337,10,394761
34192,0.057131,172.31.36.0-255,66,304403,10,394761
34193,0.059157,172.253.118.0-255,5738,310141,10,394761
34194,0.059163,172.31.36.0-255,66,310207,10,394761
34195,0.061187,172.253.118.0-255,4320,314527,10,394761
34196,0.061193,172.31.36.0-255,66,314593,10,394761
34197,0.061221,172.253.118.0-255,1484,316077,10,394761
34198,0.06322,172.253.118.0-255,4320,320397,10,394761
34199,0.063228,172.31.36.0-255,66,320463,10,394761
34200,0.065258,172.253.118.0-255,5738,326201,10,394761
34201,0.065264,172.31.36.0-255,66,326267,10,394761
34202,0.067308,172.253.118.0-255,4320,330587,10,394761
34203,0.067313,172.31.36.0-255,66,330653,10,394761
34204,0.06734,172.253.118.0-255,1484,332137,10,394761
34205,0.069345,172.253.118.0-255,4320,336457,10,394761
34206,0.069351,172.31.36.0-255,66,336523,10,394761
34207,0.071399,172.253.118.0-255,5738,342261,10,394761
34208,0.071406,172.31.36.0-255,66,342327,10,394761
34209,0.073449,172.253.118.0-255,5738,348065,10,394761
34210,0.073455,172.31.36.0-255,66,348131,10,394761
34211,0.075481,172.253.118.0-255,5738,353869,10,394761
34212,0.075487,172.31.36.0-255,66,353935,10,394761
34213,0.077534,172.253.118.0-255,5738,359673,10,394761
34214,0.07754,172.31.36.0-255,66,359739,10,394761
34215,0.079562,172.253.118.0-255,5738,365477,10,394761
34216,0.079569,172.31.36.0-255,66,365543,10,394761
34217,0.081596,172.253.118.0-255,1484,367027,10,394761
34218,0.081632,172.253.118.0-255,4320,371347,10,394761
34219,0.081638,172.31.36.0-255,66,371413,10,394761
34220,0.083668,172.253.118.0-255,2902,374315,10,394761
34221,0.083674,172.31.36.0-255,66,374381,10,394761
34222,0.083703,172.253.118.0-255,2902,377283,10,394761
34223,0.083707,172.31.36.0-255,66,377349,10,394761
34224,0.085719,172.253.118.0-255,5738,383087,10,394761
34225,0.085725,172.31.36.0-255,66,383153,10,394761
34226,0.087766,172.253.118.0-255,5738,388891,10,394761
34227,0.087772,172.31.36.0-255,66,388957,10,394761
34228,0.089818,172.253.118.0-255,5738,394695,10,394761
34229,0.089822,172.31.36.0-255,66,394761,10,394761
34230,0.0,74.125.24.0-255,152,152,10,329362
34231,3.2e-05,172.31.36.0-255,66,218,10,329362
34232,3.9e-05,74.125.24.0-255,1484,1702,10,329362
34233,4.4e-05,172.31.36.0-255,66,1768,10,329362
34234,4.8e-05,74.125.24.0-255,2902,4670,10,329362
34235,5.1e-05,172.31.36.0-255,66,4736,10,329362
34236,5.8e-05,74.125.24.0-255,7156,11892,10,329362
34237,6.1e-05,172.31.36.0-255,66,11958,10,329362
34238,8.7e-05,74.125.24.0-255,2037,13995,10,329362
34239,9.1e-05,172.31.36.0-255,66,14061,10,329362
34240,0.000407,74.125.24.0-255,1484,15545,10,329362
34241,0.000412,172.31.36.0-255,66,15611,10,329362
34242,0.000417,74.125.24.0-255,2902,18513,10,329362
34243,0.00042,172.31.36.0-255,66,18579,10,329362
34244,0.000423,74.125.24.0-255,1484,20063,10,329362
34245,0.000425,172.31.36.0-255,66,20129,10,329362
34246,0.000449,74.125.24.0-255,4320,24449,10,329362
34247,0.000452,172.31.36.0-255,66,24515,10,329362
34248,0.000458,74.125.24.0-255,4320,28835,10,329362
34249,0.00046,172.31.36.0-255,66,28901,10,329362
34250,0.000481,74.125.24.0-255,2543,31444,10,329362
34251,0.000484,172.31.36.0-255,66,31510,10,329362
34252,0.000761,74.125.24.0-255,1484,32994,10,329362
34253,0.000767,172.31.36.0-255,66,33060,10,329362
34254,0.000776,74.125.24.0-255,2902,35962,10,329362
34255,0.000778,172.31.36.0-255,66,36028,10,329362
34256,0.000785,74.125.24.0-255,5738,41766,10,329362
34257,0.000788,172.31.36.0-255,66,41832,10,329362
34258,0.000812,74.125.24.0-255,1484,43316,10,329362
34259,0.000815,172.31.36.0-255,66,43382,10,329362
34260,0.00085,172.31.36.0-255,66,43448,10,329362
34261,0.000869,74.125.24.0-255,4320,47768,10,329362
34262,0.000872,172.31.36.0-255,66,47834,10,329362
34263,0.000898,74.125.24.0-255,5379,53213,10,329362
34264,0.000901,172.31.36.0-255,66,53279,10,329362
34265,0.000904,74.125.24.0-255,645,53924,10,329362
34266,0.001101,74.125.24.0-255,1484,55408,10,329362
34267,0.001107,172.31.36.0-255,66,55474,10,329362
34268,0.001113,74.125.24.0-255,2902,58376,10,329362
34269,0.001116,172.31.36.0-255,66,58442,10,329362
34270,0.001121,74.125.24.0-255,2902,61344,10,329362
34271,0.001123,172.31.36.0-255,66,61410,10,329362
34272,0.001147,74.125.24.0-255,2902,64312,10,329362
34273,0.001149,172.31.36.0-255,66,64378,10,329362
34274,0.001163,172.31.36.0-255,66,64444,10,329362
34275,0.001178,74.125.24.0-255,1484,65928,10,329362
34276,0.00119,172.31.36.0-255,66,65994,10,329362
34277,0.001278,74.125.24.0-255,1484,67478,10,329362
34278,0.001282,74.125.24.0-255,2902,70380,10,329362
34279,0.001285,172.31.36.0-255,66,70446,10,329362
34280,0.001288,74.125.24.0-255,1484,71930,10,329362
34281,0.001303,74.125.24.0-255,4320,76250,10,329362
34282,0.001306,172.31.36.0-255,66,76316,10,329362
34283,0.001318,74.125.24.0-255,2902,79218,10,329362
34284,0.001321,172.31.36.0-255,66,79284,10,329362
34285,0.001352,172.31.36.0-255,66,79350,10,329362
34286,0.001381,74.125.24.0-255,4320,83670,10,329362
34287,0.001383,172.31.36.0-255,66,83736,10,329362
34288,0.001404,74.125.24.0-255,6438,90174,10,329362
34289,0.001407,172.31.36.0-255,66,90240,10,329362
34290,0.001459,74.125.24.0-255,5738,95978,10,329362
34291,0.001461,172.31.36.0-255,66,96044,10,329362
34292,0.001467,74.125.24.0-255,5738,101782,10,329362
34293,0.001469,172.31.36.0-255,66,101848,10,329362
34294,0.001492,74.125.24.0-255,1484,103332,10,329362
34295,0.001506,172.31.36.0-255,66,103398,10,329362
34296,0.001509,74.125.24.0-255,1484,104882,10,329362
34297,0.001544,74.125.24.0-255,1484,106366,10,329362
34298,0.001546,172.31.36.0-255,66,106432,10,329362
34299,0.001566,74.125.24.0-255,3602,110034,10,329362
34300,0.001568,172.31.36.0-255,66,110100,10,329362
34301,0.001602,74.125.24.0-255,1484,111584,10,329362
34302,0.001613,74.125.24.0-255,2902,114486,10,329362
34303,0.001615,172.31.36.0-255,66,114552,10,329362
34304,0.001635,74.125.24.0-255,4320,118872,10,329362
34305,0.001638,172.31.36.0-255,66,118938,10,329362
34306,0.00165,74.125.24.0-255,1484,120422,10,329362
34307,0.001653,74.125.24.0-255,1484,121906,10,329362
34308,0.001655,172.31.36.0-255,66,121972,10,329362
34309,0.001666,172.31.36.0-255,66,122038,10,329362
34310,0.001688,74.125.24.0-255,1484,123522,10,329362
34311,0.001708,74.125.24.0-255,7156,130678,10,329362
34312,0.00171,172.31.36.0-255,66,130744,10,329362
34313,0.001746,74.125.24.0-255,5020,135764,10,329362
34314,0.001748,172.31.36.0-255,66,135830,10,329362
34315,0.001869,74.125.24.0-255,1484,137314,10,329362
34316,0.001887,74.125.24.0-255,2902,140216,10,329362
34317,0.001889,172.31.36.0-255,66,140282,10,329362
34318,0.001893,74.125.24.0-255,2902,143184,10,329362
34319,0.001896,172.31.36.0-255,66,143250,10,329362
34320,0.001909,74.125.24.0-255,2902,146152,10,329362
34321,0.001911,172.31.36.0-255,66,146218,10,329362
34322,0.001932,74.125.24.0-255,7156,153374,10,329362
34323,0.001934,172.31.36.0-255,66,153440,10,329362
34324,0.001953,74.125.24.0-255,5738,159178,10,329362
34325,0.001955,172.31.36.0-255,66,159244,10,329362
34326,0.002014,172.31.36.0-255,66,159310,10,329362
34327,0.002029,74.125.24.0-255,766,160076,10,329362
34328,0.002332,74.125.24.0-255,1484,161560,10,329362
34329,0.002334,172.31.36.0-255,66,161626,10,329362
34330,0.002347,74.125.24.0-255,2902,164528,10,329362
34331,0.00235,172.31.36.0-255,66,164594,10,329362
34332,0.002355,74.125.24.0-255,4320,168914,10,329362
34333,0.002358,172.31.36.0-255,66,168980,10,329362
34334,0.00237,74.125.24.0-255,1484,170464,10,329362
34335,0.002405,172.31.36.0-255,66,170530,10,329362
34336,0.002428,74.125.24.0-255,4320,174850,10,329362
34337,0.00243,172.31.36.0-255,66,174916,10,329362
34338,0.002442,172.31.36.0-255,66,174982,10,329362
34339,0.002508,74.125.24.0-255,1484,176466,10,329362
34340,0.002519,74.125.24.0-255,2902,179368,10,329362
34341,0.002522,172.31.36.0-255,66,179434,10,329362
34342,0.002524,74.125.24.0-255,1484,180918,10,329362
34343,0.002542,74.125.24.0-255,4320,185238,10,329362
34344,0.002544,172.31.36.0-255,66,185304,10,329362
34345,0.002547,74.125.24.0-255,1484,186788,10,329362
34346,0.002567,74.125.24.0-255,5738,192526,10,329362
34347,0.002569,172.31.36.0-255,66,192592,10,329362
34348,0.002572,74.125.24.0-255,1484,194076,10,329362
34349,0.005123,74.125.24.0-255,4320,198396,10,329362
34350,0.005129,172.31.36.0-255,66,198462,10,329362
34351,0.007665,74.125.24.0-255,2902,201364,10,329362
34352,0.00767,172.31.36.0-255,66,201430,10,329362
34353,0.007702,74.125.24.0-255,2902,204332,10,329362
34354,0.007705,172.31.36.0-255,66,204398,10,329362
34355,0.010208,74.125.24.0-255,2902,207300,10,329362
34356,0.01022,172.31.36.0-255,66,207366,10,329362
34357,0.010244,74.125.24.0-255,2902,210268,10,329362
34358,0.010247,172.31.36.0-255,66,210334,10,329362
34359,0.01277,74.125.24.0-255,2902,213236,10,329362
34360,0.012779,172.31.36.0-255,66,213302,10,329362
34361,0.012812,74.125.24.0-255,2902,216204,10,329362
34362,0.012816,172.31.36.0-255,66,216270,10,329362
34363,0.015313,74.125.24.0-255,2902,219172,10,329362
34364,0.01532,172.31.36.0-255,66,219238,10,329362
34365,0.015354,74.125.24.0-255,2902,222140,10,329362
34366,0.015357,172.31.36.0-255,66,222206,10,329362
34367,0.017912,74.125.24.0-255,2902,225108,10,329362
34368,0.017922,172.31.36.0-255,66,225174,10,329362
34369,0.017959,74.125.24.0-255,2902,228076,10,329362
34370,0.017963,172.31.36.0-255,66,228142,10,329362
34371,0.020456,74.125.24.0-255,2902,231044,10,329362
34372,0.020465,172.31.36.0-255,66,231110,10,329362
34373,0.020501,74.125.24.0-255,2902,234012,10,329362
34374,0.020504,172.31.36.0-255,66,234078,10,329362
34375,0.02299,74.125.24.0-255,2902,236980,10,329362
34376,0.023002,172.31.36.0-255,66,237046,10,329362
34377,0.023041,74.125.24.0-255,2902,239948,10,329362
34378,0.023045,172.31.36.0-255,66,240014,10,329362
34379,0.025549,74.125.24.0-255,2902,242916,10,329362
34380,0.025555,172.31.36.0-255,66,242982,10,329362
34381,0.025578,74.125.24.0-255,2902,245884,10,329362
34382,0.025581,172.31.36.0-255,66,245950,10,329362
34383,0.026078,172.31.36.0-255,172,246122,10,329362
34384,0.026113,172.31.36.0-255,1113,247235,10,329362
34385,0.026144,172.31.36.0-255,1514,248749,10,329362
34386,0.026146,172.31.36.0-255,1290,250039,10,329362
34387,0.027623,104.244.42.0-255,66,250105,10,329362
34388,0.027664,104.244.42.0-255,66,250171,10,329362
34389,0.027711,104.244.42.0-255,66,250237,10,329362
34390,0.028085,74.125.24.0-255,2902,253139,10,329362
34391,0.028089,172.31.36.0-255,66,253205,10,329362
34392,0.028121,74.125.24.0-255,2902,256107,10,329362
34393,0.028124,172.31.36.0-255,66,256173,10,329362
34394,0.030596,74.125.24.0-255,2902,259075,10,329362
34395,0.030602,172.31.36.0-255,66,259141,10,329362
34396,0.030652,74.125.24.0-255,2902,262043,10,329362
34397,0.030655,172.31.36.0-255,66,262109,10,329362
34398,0.033158,74.125.24.0-255,2902,265011,10,329362
34399,0.033164,172.31.36.0-255,66,265077,10,329362
34400,0.033198,74.125.24.0-255,2902,267979,10,329362
34401,0.033202,172.31.36.0-255,66,268045,10,329362
34402,0.035688,74.125.24.0-255,2902,270947,10,329362
34403,0.035693,172.31.36.0-255,66,271013,10,329362
34404,0.035735,74.125.24.0-255,2902,273915,10,329362
34405,0.035738,172.31.36.0-255,66,273981,10,329362
34406,0.038209,74.125.24.0-255,2902,276883,10,329362
34407,0.038215,172.31.36.0-255,66,276949,10,329362
34408,0.038263,74.125.24.0-255,2902,279851,10,329362
34409,0.038267,172.31.36.0-255,66,279917,10,329362
34410,0.040745,74.125.24.0-255,2902,282819,10,329362
34411,0.040786,172.31.36.0-255,66,282885,10,329362
34412,0.040807,74.125.24.0-255,2902,285787,10,329362
34413,0.040811,172.31.36.0-255,66,285853,10,329362
34414,0.043346,74.125.24.0-255,5738,291591,10,329362
34415,0.043353,172.31.36.0-255,66,291657,10,329362
34416,0.045906,74.125.24.0-255,4320,295977,10,329362
34417,0.045911,172.31.36.0-255,66,296043,10,329362
34418,0.04595,74.125.24.0-255,1484,297527,10,329362
34419,0.048427,74.125.24.0-255,4320,301847,10,329362
34420,0.048433,172.31.36.0-255,66,301913,10,329362
34421,0.050981,74.125.24.0-255,5738,307651,10,329362
34422,0.050987,172.31.36.0-255,66,307717,10,329362
34423,0.053535,74.125.24.0-255,4320,312037,10,329362
34424,0.05354,172.31.36.0-255,66,312103,10,329362
34425,0.053569,74.125.24.0-255,1484,313587,10,329362
34426,0.056095,74.125.24.0-255,4320,317907,10,329362
34427,0.056101,172.31.36.0-255,66,317973,10,329362
34428,0.058651,74.125.24.0-255,5738,323711,10,329362
34429,0.058657,172.31.36.0-255,66,323777,10,329362
34430,0.061208,74.125.24.0-255,5348,329125,10,329362
34431,0.061214,172.31.36.0-255,66,329191,10,329362
34432,0.061415,172.31.36.0-255,105,329296,10,329362
34433,0.063931,74.125.24.0-255,66,329362,10,329362
34434,0.0,74.125.24.0-255,146,146,10,135739
34435,2.5e-05,172.31.36.0-255,66,212,10,135739
34436,3.2e-05,74.125.24.0-255,1484,1696,10,135739
34437,3.6e-05,172.31.36.0-255,66,1762,10,135739
34438,4e-05,74.125.24.0-255,2902,4664,10,135739
34439,4.3e-05,172.31.36.0-255,66,4730,10,135739
34440,7e-05,74.125.24.0-255,7156,11886,10,135739
34441,7.3e-05,172.31.36.0-255,66,11952,10,135739
34442,0.0001,172.31.36.0-255,66,12018,10,135739
34443,0.00014,172.31.36.0-255,66,12084,10,135739
34444,0.000168,74.125.24.0-255,2902,14986,10,135739
34445,0.000171,172.31.36.0-255,66,15052,10,135739
34446,0.000193,172.31.36.0-255,66,15118,10,135739
34447,0.000225,74.125.24.0-255,1484,16602,10,135739
34448,0.000228,172.31.36.0-255,66,16668,10,135739
34449,0.00025,74.125.24.0-255,2902,19570,10,135739
34450,0.000252,172.31.36.0-255,66,19636,10,135739
34451,0.000258,74.125.24.0-255,5738,25374,10,135739
34452,0.000261,172.31.36.0-255,66,25440,10,135739
34453,0.000282,74.125.24.0-255,5738,31178,10,135739
34454,0.000285,172.31.36.0-255,66,31244,10,135739
34455,0.000307,74.125.24.0-255,1464,32708,10,135739
34456,0.000311,172.31.36.0-255,66,32774,10,135739
34457,0.000448,74.125.24.0-255,1484,34258,10,135739
34458,0.000453,74.125.24.0-255,2902,37160,10,135739
34459,0.000453,172.31.36.0-255,66,37226,10,135739
34460,0.000457,172.31.36.0-255,66,37292,10,135739
34461,0.000478,74.125.24.0-255,5738,43030,10,135739
34462,0.000481,172.31.36.0-255,66,43096,10,135739
34463,0.000489,74.125.24.0-255,7156,50252,10,135739
34464,0.000501,172.31.36.0-255,66,50318,10,135739
34465,0.000507,74.125.24.0-255,2902,53220,10,135739
34466,0.000518,172.31.36.0-255,66,53286,10,135739
34467,0.000533,74.125.24.0-255,2184,55470,10,135739
34468,0.000536,172.31.36.0-255,66,55536,10,135739
34469,0.000566,172.31.36.0-255,66,55602,10,135739
34470,0.000795,74.125.24.0-255,1484,57086,10,135739
34471,0.0008,74.125.24.0-255,2902,59988,10,135739
34472,0.000803,172.31.36.0-255,66,60054,10,135739
34473,0.000807,74.125.24.0-255,1484,61538,10,135739
34474,0.000826,74.125.24.0-255,4320,65858,10,135739
34475,0.000832,74.125.24.0-255,5738,71596,10,135739
34476,0.000832,172.31.36.0-255,66,71662,10,135739
34477,0.000837,172.31.36.0-255,66,71728,10,135739
34478,0.000843,74.125.24.0-255,1484,73212,10,135739
34479,0.000869,172.31.36.0-255,66,73278,10,135739
34480,0.000877,74.125.24.0-255,4320,77598,10,135739
34481,0.000884,172.31.36.0-255,66,77664,10,135739
34482,0.000907,74.125.24.0-255,5738,83402,10,135739
34483,0.000912,172.31.36.0-255,66,83468,10,135739
34484,0.000949,172.31.36.0-255,66,83534,10,135739
34485,0.000953,172.31.36.0-255,66,83600,10,135739
34486,0.000979,74.125.24.0-255,2902,86502,10,135739
34487,0.000987,172.31.36.0-255,66,86568,10,135739
34488,0.001002,172.31.36.0-255,66,86634,10,135739
34489,0.001041,74.125.24.0-255,4320,90954,10,135739
34490,0.001046,172.31.36.0-255,66,91020,10,135739
34491,0.001068,172.31.36.0-255,66,91086,10,135739
34492,0.001085,172.31.36.0-255,66,91152,10,135739
34493,0.001107,172.31.36.0-255,66,91218,10,135739
34494,0.001109,172.31.36.0-255,66,91284,10,135739
34495,0.001128,74.125.24.0-255,2902,94186,10,135739
34496,0.001137,172.31.36.0-255,66,94252,10,135739
34497,0.001189,172.31.36.0-255,66,94318,10,135739
34498,0.001195,172.31.36.0-255,66,94384,10,135739
34499,0.001232,172.31.36.0-255,66,94450,10,135739
34500,0.001267,74.125.24.0-255,5020,99470,10,135739
34501,0.001273,172.31.36.0-255,66,99536,10,135739
34502,0.001288,74.125.24.0-255,3602,103138,10,135739
34503,0.00129,172.31.36.0-255,66,103204,10,135739
34504,0.001294,172.31.36.0-255,66,103270,10,135739
34505,0.001304,74.125.24.0-255,5738,109008,10,135739
34506,0.001315,172.31.36.0-255,66,109074,10,135739
34507,0.001343,172.31.36.0-255,66,109140,10,135739
34508,0.001356,172.31.36.0-255,66,109206,10,135739
34509,0.001367,74.125.24.0-255,1484,110690,10,135739
34510,0.001403,172.31.36.0-255,66,110756,10,135739
34511,0.001419,74.125.24.0-255,6438,117194,10,135739
34512,0.001425,172.31.36.0-255,66,117260,10,135739
34513,0.001439,172.31.36.0-255,66,117326,10,135739
34514,0.001467,74.125.24.0-255,1484,118810,10,135739
34515,0.001513,172.31.36.0-255,66,118876,10,135739
34516,0.001518,172.31.36.0-255,66,118942,10,135739
34517,0.001531,74.125.24.0-255,7156,126098,10,135739
34518,0.001541,172.31.36.0-255,66,126164,10,135739
34519,0.001556,74.125.24.0-255,4711,130875,10,135739
34520,0.001561,172.31.36.0-255,66,130941,10,135739
34521,0.001572,74.125.24.0-255,105,131046,10,135739
34522,0.007758,172.31.36.0-255,66,131112,10,135739
34523,0.007786,172.31.36.0-255,105,131217,10,135739
34524,0.009743,74.125.24.0-255,66,131283,10,135739
34525,0.029729,172.31.36.0-255,167,131450,10,135739
34526,0.029759,172.31.36.0-255,1113,132563,10,135739
34527,0.029802,172.31.36.0-255,1514,134077,10,135739
34528,0.029822,172.31.36.0-255,1290,135367,10,135739
34529,0.031323,104.244.42.0-255,66,135433,10,135739
34530,0.031332,104.244.42.0-255,66,135499,10,135739
34531,0.031359,104.244.42.0-255,66,135565,10,135739
34532,0.031981,104.244.42.0-255,108,135673,10,135739
34533,0.032002,172.31.36.0-255,66,135739,10,135739
34534,0.0,74.125.68.0-255,151,151,10,333994
34535,2.7e-05,172.31.36.0-255,66,217,10,333994
34536,3.4e-05,74.125.68.0-255,1484,1701,10,333994
34537,3.9e-05,172.31.36.0-255,66,1767,10,333994
34538,4.4e-05,74.125.68.0-255,2902,4669,10,333994
34539,4.6e-05,172.31.36.0-255,66,4735,10,333994
34540,6.1e-05,74.125.68.0-255,2902,7637,10,333994
34541,6.3e-05,172.31.36.0-255,66,7703,10,333994
34542,7.6e-05,74.125.68.0-255,2902,10605,10,333994
34543,7.9e-05,172.31.36.0-255,66,10671,10,333994
34544,8.2e-05,74.125.68.0-255,1484,12155,10,333994
34545,8.6e-05,172.31.36.0-255,66,12221,10,333994
34546,0.00011,74.125.68.0-255,4816,17037,10,333994
34547,0.000112,172.31.36.0-255,66,17103,10,333994
34548,0.000119,74.125.68.0-255,7156,24259,10,333994
34549,0.000121,172.31.36.0-255,66,24325,10,333994
34550,0.000144,74.125.68.0-255,1484,25809,10,333994
34551,0.000146,172.31.36.0-255,66,25875,10,333994
34552,0.000165,74.125.68.0-255,5379,31254,10,333994
34553,0.000168,172.31.36.0-255,66,31320,10,333994
34554,0.00025,74.125.68.0-255,1484,32804,10,333994
34555,0.000253,172.31.36.0-255,66,32870,10,333994
34556,0.000264,74.125.68.0-255,1484,34354,10,333994
34557,0.000266,172.31.36.0-255,66,34420,10,333994
34558,0.000271,74.125.68.0-255,2902,37322,10,333994
34559,0.000274,172.31.36.0-255,66,37388,10,333994
34560,0.000306,74.125.68.0-255,5738,43126,10,333994
34561,0.00031,172.31.36.0-255,66,43192,10,333994
34562,0.000313,74.125.68.0-255,1484,44676,10,333994
34563,0.000315,172.31.36.0-255,66,44742,10,333994
34564,0.000345,74.125.68.0-255,1484,46226,10,333994
34565,0.000349,172.31.36.0-255,66,46292,10,333994
34566,0.000354,74.125.68.0-255,3961,50253,10,333994
34567,0.000357,172.31.36.0-255,66,50319,10,333994
34568,0.000362,74.125.68.0-255,2902,53221,10,333994
34569,0.000364,172.31.36.0-255,66,53287,10,333994
34570,0.000379,74.125.68.0-255,4320,57607,10,333994
34571,0.000382,172.31.36.0-255,66,57673,10,333994
34572,0.000412,172.31.36.0-255,66,57739,10,333994
34573,0.000546,74.125.68.0-255,111,57850,10,333994
34574,0.000551,74.125.68.0-255,331,58181,10,333994
34575,0.000849,172.31.36.0-255,66,58247,10,333994
34576,0.001296,74.125.68.0-255,1484,59731,10,333994
34577,0.001306,74.125.68.0-255,2902,62633,10,333994
34578,0.001311,172.31.36.0-255,66,62699,10,333994
34579,0.001318,74.125.68.0-255,4320,67019,10,333994
34580,0.001321,172.31.36.0-255,66,67085,10,333994
34581,0.001345,74.125.68.0-255,1484,68569,10,333994
34582,0.001352,74.125.68.0-255,7156,75725,10,333994
34583,0.001355,172.31.36.0-255,66,75791,10,333994
34584,0.001375,74.125.68.0-255,1484,77275,10,333994
34585,0.001386,172.31.36.0-255,66,77341,10,333994
34586,0.001432,74.125.68.0-255,5020,82361,10,333994
34587,0.001436,172.31.36.0-255,66,82427,10,333994
34588,0.003432,74.125.68.0-255,5738,88165,10,333994
34589,0.003438,172.31.36.0-255,66,88231,10,333994
34590,0.005433,74.125.68.0-255,5738,93969,10,333994
34591,0.005439,172.31.36.0-255,66,94035,10,333994
34592,0.007431,74.125.68.0-255,5738,99773,10,333994
34593,0.007437,172.31.36.0-255,66,99839,10,333994
34594,0.009439,74.125.68.0-255,5738,105577,10,333994
34595,0.009447,172.31.36.0-255,66,105643,10,333994
34596,0.011465,74.125.68.0-255,5738,111381,10,333994
34597,0.011472,172.31.36.0-255,66,111447,10,333994
34598,0.013487,74.125.68.0-255,5738,117185,10,333994
34599,0.013496,172.31.36.0-255,66,117251,10,333994
34600,0.015501,74.125.68.0-255,5738,122989,10,333994
34601,0.015508,172.31.36.0-255,66,123055,10,333994
34602,0.017518,74.125.68.0-255,5738,128793,10,333994
34603,0.017526,172.31.36.0-255,66,128859,10,333994
34604,0.019521,74.125.68.0-255,5738,134597,10,333994
34605,0.019528,172.31.36.0-255,66,134663,10,333994
34606,0.021526,74.125.68.0-255,5738,140401,10,333994
34607,0.021533,172.31.36.0-255,66,140467,10,333994
34608,0.023542,74.125.68.0-255,5738,146205,10,333994
34609,0.02355,172.31.36.0-255,66,146271,10,333994
34610,0.025555,74.125.68.0-255,5738,152009,10,333994
34611,0.025562,172.31.36.0-255,66,152075,10,333994
34612,0.025954,172.31.36.0-255,188,152263,10,333994
34613,0.025995,172.31.36.0-255,956,153219,10,333994
34614,0.026068,172.31.36.0-255,1514,154733,10,333994
34615,0.02607,172.31.36.0-255,1447,156180,10,333994
34616,0.027482,104.244.42.0-255,66,156246,10,333994
34617,0.027566,74.125.68.0-255,5738,161984,10,333994
34618,0.02757,172.31.36.0-255,66,162050,10,333994
34619,0.02759,104.244.42.0-255,66,162116,10,333994
34620,0.027705,104.244.42.0-255,66,162182,10,333994
34621,0.029563,74.125.68.0-255,5738,167920,10,333994
34622,0.029569,172.31.36.0-255,66,167986,10,333994
34623,0.031567,74.125.68.0-255,5738,173724,10,333994
34624,0.031572,172.31.36.0-255,66,173790,10,333994
34625,0.033566,74.125.68.0-255,5738,179528,10,333994
34626,0.033571,172.31.36.0-255,66,179594,10,333994
34627,0.035583,74.125.68.0-255,5738,185332,10,333994
34628,0.035589,172.31.36.0-255,66,185398,10,333994
34629,0.037591,74.125.68.0-255,5738,191136,10,333994
34630,0.037596,172.31.36.0-255,66,191202,10,333994
34631,0.039599,74.125.68.0-255,5738,196940,10,333994
34632,0.039604,172.31.36.0-255,66,197006,10,333994
34633,0.041615,74.125.68.0-255,5738,202744,10,333994
34634,0.041634,172.31.36.0-255,66,202810,10,333994
34635,0.043632,74.125.68.0-255,5738,208548,10,333994
34636,0.043637,172.31.36.0-255,66,208614,10,333994
34637,0.045638,74.125.68.0-255,5738,214352,10,333994
34638,0.045644,172.31.36.0-255,66,214418,10,333994
34639,0.047646,74.125.68.0-255,5738,220156,10,333994
34640,0.047651,172.31.36.0-255,66,220222,10,333994
34641,0.04965,74.125.68.0-255,5738,225960,10,333994
34642,0.049655,172.31.36.0-255,66,226026,10,333994
34643,0.051658,74.125.68.0-255,5738,231764,10,333994
34644,0.051665,172.31.36.0-255,66,231830,10,333994
34645,0.053676,74.125.68.0-255,4320,236150,10,333994
34646,0.053681,172.31.36.0-255,66,236216,10,333994
34647,0.053711,74.125.68.0-255,1484,237700,10,333994
34648,0.055686,74.125.68.0-255,4320,242020,10,333994
34649,0.055692,172.31.36.0-255,66,242086,10,333994
34650,0.057709,74.125.68.0-255,5738,247824,10,333994
34651,0.057715,172.31.36.0-255,66,247890,10,333994
34652,0.059722,74.125.68.0-255,5738,253628,10,333994
34653,0.05973,172.31.36.0-255,66,253694,10,333994
34654,0.061721,74.125.68.0-255,5738,259432,10,333994
34655,0.061727,172.31.36.0-255,66,259498,10,333994
34656,0.063725,74.125.68.0-255,5738,265236,10,333994
34657,0.063731,172.31.36.0-255,66,265302,10,333994
34658,0.065756,74.125.68.0-255,4320,269622,10,333994
34659,0.065762,172.31.36.0-255,66,269688,10,333994
34660,0.065796,74.125.68.0-255,1484,271172,10,333994
34661,0.067759,74.125.68.0-255,4320,275492,10,333994
34662,0.067765,172.31.36.0-255,66,275558,10,333994
34663,0.069759,74.125.68.0-255,4320,279878,10,333994
34664,0.069764,172.31.36.0-255,66,279944,10,333994
34665,0.069797,74.125.68.0-255,1484,281428,10,333994
34666,0.071775,74.125.68.0-255,4320,285748,10,333994
34667,0.07178,172.31.36.0-255,66,285814,10,333994
34668,0.073776,74.125.68.0-255,4320,290134,10,333994
34669,0.073781,172.31.36.0-255,66,290200,10,333994
34670,0.07381,74.125.68.0-255,1484,291684,10,333994
34671,0.075775,74.125.68.0-255,4320,296004,10,333994
34672,0.075781,172.31.36.0-255,66,296070,10,333994
34673,0.077782,74.125.68.0-255,4320,300390,10,333994
34674,0.077787,172.31.36.0-255,66,300456,10,333994
34675,0.077818,74.125.68.0-255,1484,301940,10,333994
34676,0.079787,74.125.68.0-255,4320,306260,10,333994
34677,0.079792,172.31.36.0-255,66,306326,10,333994
34678,0.081791,74.125.68.0-255,5738,312064,10,333994
34679,0.081797,172.31.36.0-255,66,312130,10,333994
34680,0.083818,74.125.68.0-255,5738,317868,10,333994
34681,0.083824,172.31.36.0-255,66,317934,10,333994
34682,0.085831,74.125.68.0-255,4320,322254,10,333994
34683,0.085837,172.31.36.0-255,66,322320,10,333994
34684,0.085864,74.125.68.0-255,1484,323804,10,333994
34685,0.08783,74.125.68.0-255,4320,328124,10,333994
34686,0.087835,172.31.36.0-255,66,328190,10,333994
34687,0.089829,74.125.68.0-255,5738,333928,10,333994
34688,0.089834,172.31.36.0-255,66,333994,10,333994
34689,0.0,74.125.24.0-255,153,153,10,302500
34690,2.2e-05,172.31.36.0-255,66,219,10,302500
34691,2.9e-05,74.125.24.0-255,1484,1703,10,302500
34692,3.5e-05,172.31.36.0-255,66,1769,10,302500
34693,3.8e-05,74.125.24.0-255,1484,3253,10,302500
34694,4.1e-05,172.31.36.0-255,66,3319,10,302500
34695,4.9e-05,74.125.24.0-255,4320,7639,10,302500
34696,5.2e-05,172.31.36.0-255,66,7705,10,302500
34697,5.7e-05,74.125.24.0-255,2902,10607,10,302500
34698,5.9e-05,172.31.36.0-255,66,10673,10,302500
34699,8.1e-05,74.125.24.0-255,3517,14190,10,302500
34700,8.3e-05,172.31.36.0-255,66,14256,10,302500
34701,0.000103,74.125.24.0-255,2902,17158,10,302500
34702,0.000105,172.31.36.0-255,66,17224,10,302500
34703,0.000119,74.125.24.0-255,4320,21544,10,302500
34704,0.000122,172.31.36.0-255,66,21610,10,302500
34705,0.000125,74.125.24.0-255,1484,23094,10,302500
34706,0.000127,172.31.36.0-255,66,23160,10,302500
34707,0.000151,74.125.24.0-255,7156,30316,10,302500
34708,0.000154,172.31.36.0-255,66,30382,10,302500
34709,0.000157,74.125.24.0-255,1125,31507,10,302500
34710,0.000159,172.31.36.0-255,66,31573,10,302500
34711,0.000211,74.125.24.0-255,5738,37311,10,302500
34712,0.000215,172.31.36.0-255,66,37377,10,302500
34713,0.000229,74.125.24.0-255,5738,43115,10,302500
34714,0.000231,172.31.36.0-255,66,43181,10,302500
34715,0.000238,74.125.24.0-255,5379,48560,10,302500
34716,0.00024,172.31.36.0-255,66,48626,10,302500
34717,0.000298,74.125.24.0-255,1484,50110,10,302500
34718,0.000301,172.31.36.0-255,66,50176,10,302500
34719,0.000307,74.125.24.0-255,2902,53078,10,302500
34720,0.000309,172.31.36.0-255,66,53144,10,302500
34721,0.000333,74.125.24.0-255,5738,58882,10,302500
34722,0.000338,74.125.24.0-255,1484,60366,10,302500
34723,0.000356,74.125.24.0-255,5379,65745,10,302500
34724,0.000358,74.125.24.0-255,364,66109,10,302500
34725,0.000464,74.125.24.0-255,128,66237,10,302500
34726,0.00048,74.125.24.0-255,347,66584,10,302500
34727,0.000522,172.31.36.0-255,66,66650,10,302500
34728,0.000898,74.125.24.0-255,1484,68134,10,302500
34729,0.000905,74.125.24.0-255,2902,71036,10,302500
34730,0.000909,172.31.36.0-255,66,71102,10,302500
34731,0.000916,74.125.24.0-255,5738,76840,10,302500
34732,0.000945,172.31.36.0-255,66,76906,10,302500
34733,0.000968,172.31.36.0-255,66,76972,10,302500
34734,0.000987,74.125.24.0-255,7156,84128,10,302500
34735,0.000999,74.125.24.0-255,3602,87730,10,302500
34736,0.001009,172.31.36.0-255,66,87796,10,302500
34737,0.001179,74.125.24.0-255,1484,89280,10,302500
34738,0.001185,74.125.24.0-255,2902,92182,10,302500
34739,0.001188,172.31.36.0-255,66,92248,10,302500
34740,0.001192,74.125.24.0-255,1484,93732,10,302500
34741,0.00121,74.125.24.0-255,4320,98052,10,302500
34742,0.001217,172.31.36.0-255,66,98118,10,302500
34743,0.001261,172.31.36.0-255,66,98184,10,302500
34744,0.001281,74.125.24.0-255,2184,100368,10,302500
34745,0.001293,172.31.36.0-255,66,100434,10,302500
34746,0.001663,74.125.24.0-255,1484,101918,10,302500
34747,0.001669,74.125.24.0-255,2902,104820,10,302500
34748,0.001673,172.31.36.0-255,66,104886,10,302500
34749,0.0017,74.125.24.0-255,1484,106370,10,302500
34750,0.001705,74.125.24.0-255,2902,109272,10,302500
34751,0.001711,74.125.24.0-255,5738,115010,10,302500
34752,0.001722,74.125.24.0-255,2902,117912,10,302500
34753,0.001726,172.31.36.0-255,66,117978,10,302500
34754,0.001744,74.125.24.0-255,2902,120880,10,302500
34755,0.001761,74.125.24.0-255,1484,122364,10,302500
34756,0.001769,172.31.36.0-255,66,122430,10,302500
34757,0.001794,74.125.24.0-255,5020,127450,10,302500
34758,0.001801,74.125.24.0-255,5738,133188,10,302500
34759,0.001811,172.31.36.0-255,66,133254,10,302500
34760,0.00182,74.125.24.0-255,2902,136156,10,302500
34761,0.001825,172.31.36.0-255,66,136222,10,302500
34762,0.00187,74.125.24.0-255,766,136988,10,302500
34763,0.00188,172.31.36.0-255,66,137054,10,302500
34764,0.001926,74.125.24.0-255,1484,138538,10,302500
34765,0.00193,74.125.24.0-255,1484,140022,10,302500
34766,0.001935,172.31.36.0-255,66,140088,10,302500
34767,0.001955,74.125.24.0-255,1484,141572,10,302500
34768,0.001962,74.125.24.0-255,5738,147310,10,302500
34769,0.001976,74.125.24.0-255,1484,148794,10,302500
34770,0.001993,74.125.24.0-255,7156,155950,10,302500
34771,0.001997,172.31.36.0-255,66,156016,10,302500
34772,0.002003,172.31.36.0-255,66,156082,10,302500
34773,0.00202,74.125.24.0-255,4320,160402,10,302500
34774,0.002041,172.31.36.0-255,66,160468,10,302500
34775,0.002063,74.125.24.0-255,4320,164788,10,302500
34776,0.00212,172.31.36.0-255,66,164854,10,302500
34777,0.002155,74.125.24.0-255,2184,167038,10,302500
34778,0.002185,74.125.24.0-255,1484,168522,10,302500
34779,0.002203,74.125.24.0-255,1484,170006,10,302500
34780,0.002205,74.125.24.0-255,1484,171490,10,302500
34781,0.002212,74.125.24.0-255,5738,177228,10,302500
34782,0.00224,74.125.24.0-255,4320,181548,10,302500
34783,0.002292,74.125.24.0-255,2184,183732,10,302500
34784,0.008321,172.31.36.0-255,66,183798,10,302500
34785,0.008829,172.31.36.0-255,101,183899,10,302500
34786,0.010661,74.125.24.0-255,5738,189637,10,302500
34787,0.010668,172.31.36.0-255,66,189703,10,302500
34788,0.011073,74.125.24.0-255,66,189769,10,302500
34789,0.012987,74.125.24.0-255,5738,195507,10,302500
34790,0.014454,172.31.36.0-255,66,195573,10,302500
34791,0.016765,74.125.24.0-255,5738,201311,10,302500
34792,0.016782,172.31.36.0-255,66,201377,10,302500
34793,0.019115,74.125.24.0-255,5738,207115,10,302500
34794,0.019126,172.31.36.0-255,66,207181,10,302500
34795,0.021448,74.125.24.0-255,5738,212919,10,302500
34796,0.021456,172.31.36.0-255,66,212985,10,302500
34797,0.023762,74.125.24.0-255,5738,218723,10,302500
34798,0.02377,172.31.36.0-255,66,218789,10,302500
34799,0.02606,74.125.24.0-255,5738,224527,10,302500
34800,0.026067,172.31.36.0-255,66,224593,10,302500
34801,0.028363,74.125.24.0-255,5738,230331,10,302500
34802,0.028371,172.31.36.0-255,66,230397,10,302500
34803,0.030643,74.125.24.0-255,5738,236135,10,302500
34804,0.030652,172.31.36.0-255,66,236201,10,302500
34805,0.031458,172.31.36.0-255,167,236368,10,302500
34806,0.031511,172.31.36.0-255,1112,237480,10,302500
34807,0.03159,172.31.36.0-255,1514,238994,10,302500
34808,0.031592,172.31.36.0-255,1291,240285,10,302500
34809,0.032938,74.125.24.0-255,5738,246023,10,302500
34810,0.032946,172.31.36.0-255,66,246089,10,302500
34811,0.033008,104.244.42.0-255,66,246155,10,302500
34812,0.033073,104.244.42.0-255,66,246221,10,302500
34813,0.033174,104.244.42.0-255,66,246287,10,302500
34814,0.035261,74.125.24.0-255,5738,252025,10,302500
34815,0.035267,172.31.36.0-255,66,252091,10,302500
34816,0.037564,74.125.24.0-255,5738,257829,10,302500
34817,0.037571,172.31.36.0-255,66,257895,10,302500
34818,0.039863,74.125.24.0-255,5738,263633,10,302500
34819,0.039871,172.31.36.0-255,66,263699,10,302500
34820,0.04215,74.125.24.0-255,5738,269437,10,302500
34821,0.042157,172.31.36.0-255,66,269503,10,302500
34822,0.044436,74.125.24.0-255,5738,275241,10,302500
34823,0.044443,172.31.36.0-255,66,275307,10,302500
34824,0.046741,74.125.24.0-255,5738,281045,10,302500
34825,0.046747,172.31.36.0-255,66,281111,10,302500
34826,0.049057,74.125.24.0-255,5738,286849,10,302500
34827,0.049064,172.31.36.0-255,66,286915,10,302500
34828,0.051351,74.125.24.0-255,5738,292653,10,302500
34829,0.05136,172.31.36.0-255,66,292719,10,302500
34830,0.053658,74.125.24.0-255,5738,298457,10,302500
34831,0.053664,172.31.36.0-255,66,298523,10,302500
34832,0.056006,74.125.24.0-255,3740,302263,10,302500
34833,0.056012,172.31.36.0-255,66,302329,10,302500
34834,0.0562,172.31.36.0-255,105,302434,10,302500
34835,0.063568,74.125.24.0-255,66,302500,10,302500
34836,0.0,74.125.68.0-255,297,297,10,356299
34837,2.3e-05,172.31.36.0-255,66,363,10,356299
34838,6e-05,74.125.68.0-255,1484,1847,10,356299
34839,6.5e-05,172.31.36.0-255,66,1913,10,356299
34840,7.2e-05,74.125.68.0-255,2902,4815,10,356299
34841,7.6e-05,172.31.36.0-255,66,4881,10,356299
34842,8.8e-05,74.125.68.0-255,5738,10619,10,356299
34843,9.2e-05,172.31.36.0-255,66,10685,10,356299
34844,0.000124,74.125.68.0-255,3249,13934,10,356299
34845,0.000127,172.31.36.0-255,66,14000,10,356299
34846,0.000133,74.125.68.0-255,4320,18320,10,356299
34847,0.000136,172.31.36.0-255,66,18386,10,356299
34848,0.000173,172.31.36.0-255,66,18452,10,356299
34849,0.000178,74.125.68.0-255,2543,20995,10,356299
34850,0.000181,172.31.36.0-255,66,21061,10,356299
34851,0.000303,74.125.68.0-255,1484,22545,10,356299
34852,0.000308,172.31.36.0-255,66,22611,10,356299
34853,0.000312,74.125.68.0-255,1484,24095,10,356299
34854,0.000314,172.31.36.0-255,66,24161,10,356299
34855,0.00032,74.125.68.0-255,2902,27063,10,356299
34856,0.000329,172.31.36.0-255,66,27129,10,356299
34857,0.000361,74.125.68.0-255,5738,32867,10,356299
34858,0.000365,172.31.36.0-255,66,32933,10,356299
34859,0.000371,74.125.68.0-255,4320,37253,10,356299
34860,0.000373,172.31.36.0-255,66,37319,10,356299
34861,0.000403,74.125.68.0-255,5379,42698,10,356299
34862,0.000406,172.31.36.0-255,66,42764,10,356299
34863,0.000409,74.125.68.0-255,1484,44248,10,356299
34864,0.000411,172.31.36.0-255,66,44314,10,356299
34865,0.000437,74.125.68.0-255,4320,48634,10,356299
34866,0.000445,172.31.36.0-255,66,48700,10,356299
34867,0.000476,74.125.68.0-255,5738,54438,10,356299
34868,0.000479,172.31.36.0-255,66,54504,10,356299
34869,0.000512,74.125.68.0-255,1431,55935,10,356299
34870,0.000539,74.125.68.0-255,115,56050,10,356299
34871,0.000621,74.125.68.0-255,1484,57534,10,356299
34872,0.000625,172.31.36.0-255,66,57600,10,356299
34873,0.000629,74.125.68.0-255,1484,59084,10,356299
34874,0.00065,74.125.68.0-255,1484,60568,10,356299
34875,0.000652,172.31.36.0-255,66,60634,10,356299
34876,0.000659,74.125.68.0-255,5738,66372,10,356299
34877,0.000662,172.31.36.0-255,66,66438,10,356299
34878,0.000665,74.125.68.0-255,1484,67922,10,356299
34879,0.000688,74.125.68.0-255,2902,70824,10,356299
34880,0.000691,172.31.36.0-255,66,70890,10,356299
34881,0.000702,74.125.68.0-255,5738,76628,10,356299
34882,0.000704,172.31.36.0-255,66,76694,10,356299
34883,0.000745,172.31.36.0-255,66,76760,10,356299
34884,0.000771,74.125.68.0-255,1484,78244,10,356299
34885,0.000787,74.125.68.0-255,3867,82111,10,356299
34886,0.000791,172.31.36.0-255,66,82177,10,356299
34887,0.000933,74.125.68.0-255,1484,83661,10,356299
34888,0.000948,74.125.68.0-255,2902,86563,10,356299
34889,0.000952,172.31.36.0-255,66,86629,10,356299
34890,0.000957,74.125.68.0-255,2902,89531,10,356299
34891,0.00096,172.31.36.0-255,66,89597,10,356299
34892,0.000994,74.125.68.0-255,2902,92499,10,356299
34893,0.000997,172.31.36.0-255,66,92565,10,356299
34894,0.001001,74.125.68.0-255,2902,95467,10,356299
34895,0.001004,172.31.36.0-255,66,95533,10,356299
34896,0.001014,74.125.68.0-255,4320,99853,10,356299
34897,0.001017,172.31.36.0-255,66,99919,10,356299
34898,0.00103,172.31.36.0-255,66,99985,10,356299
34899,0.001037,74.125.68.0-255,5738,105723,10,356299
34900,0.00104,172.31.36.0-255,66,105789,10,356299
34901,0.001079,74.125.68.0-255,2184,107973,10,356299
34902,0.001085,172.31.36.0-255,66,108039,10,356299
34903,0.002116,74.125.68.0-255,1484,109523,10,356299
34904,0.002126,74.125.68.0-255,2902,112425,10,356299
34905,0.002131,172.31.36.0-255,66,112491,10,356299
34906,0.002137,74.125.68.0-255,2902,115393,10,356299
34907,0.002139,172.31.36.0-255,66,115459,10,356299
34908,0.002151,74.125.68.0-255,4320,119779,10,356299
34909,0.002153,172.31.36.0-255,66,119845,10,356299
34910,0.002186,172.31.36.0-255,66,119911,10,356299
34911,0.002198,74.125.68.0-255,5738,125649,10,356299
34912,0.0022,172.31.36.0-255,66,125715,10,356299
34913,0.002226,74.125.68.0-255,7156,132871,10,356299
34914,0.002232,172.31.36.0-255,66,132937,10,356299
34915,0.002235,74.125.68.0-255,766,133703,10,356299
34916,0.004495,74.125.68.0-255,4320,138023,10,356299
34917,0.004503,172.31.36.0-255,66,138089,10,356299
34918,0.006788,74.125.68.0-255,5738,143827,10,356299
34919,0.006792,172.31.36.0-255,66,143893,10,356299
34920,0.009059,74.125.68.0-255,5738,149631,10,356299
34921,0.009067,172.31.36.0-255,66,149697,10,356299
34922,0.011343,74.125.68.0-255,5738,155435,10,356299
34923,0.011354,172.31.36.0-255,66,155501,10,356299
34924,0.013629,74.125.68.0-255,5738,161239,10,356299
34925,0.013645,172.31.36.0-255,66,161305,10,356299
34926,0.01591,74.125.68.0-255,5738,167043,10,356299
34927,0.015924,172.31.36.0-255,66,167109,10,356299
34928,0.018184,74.125.68.0-255,5738,172847,10,356299
34929,0.018192,172.31.36.0-255,66,172913,10,356299
34930,0.020453,74.125.68.0-255,5738,178651,10,356299
34931,0.020465,172.31.36.0-255,66,178717,10,356299
34932,0.022726,74.125.68.0-255,5738,184455,10,356299
34933,0.022734,172.31.36.0-255,66,184521,10,356299
34934,0.024994,74.125.68.0-255,5738,190259,10,356299
34935,0.025005,172.31.36.0-255,66,190325,10,356299
34936,0.027267,74.125.68.0-255,5738,196063,10,356299
34937,0.027277,172.31.36.0-255,66,196129,10,356299
34938,0.029531,74.125.68.0-255,2902,199031,10,356299
34939,0.029539,172.31.36.0-255,66,199097,10,356299
34940,0.029571,74.125.68.0-255,2902,201999,10,356299
34941,0.029575,172.31.36.0-255,66,202065,10,356299
34942,0.030129,172.31.36.0-255,171,202236,10,356299
34943,0.030168,172.31.36.0-255,1111,203347,10,356299
34944,0.030235,172.31.36.0-255,1514,204861,10,356299
34945,0.030237,172.31.36.0-255,1292,206153,10,356299
34946,0.031698,104.244.42.0-255,66,206219,10,356299
34947,0.031733,104.244.42.0-255,66,206285,10,356299
34948,0.031778,104.244.42.0-255,66,206351,10,356299
34949,0.031801,74.125.68.0-255,2902,209253,10,356299
34950,0.031808,172.31.36.0-255,66,209319,10,356299
34951,0.031836,74.125.68.0-255,2902,212221,10,356299
34952,0.031838,172.31.36.0-255,66,212287,10,356299
34953,0.03407,74.125.68.0-255,2902,215189,10,356299
34954,0.034077,172.31.36.0-255,66,215255,10,356299
34955,0.034112,74.125.68.0-255,2902,218157,10,356299
34956,0.034116,172.31.36.0-255,66,218223,10,356299
34957,0.036337,74.125.68.0-255,2902,221125,10,356299
34958,0.036342,172.31.36.0-255,66,221191,10,356299
34959,0.036373,74.125.68.0-255,2902,224093,10,356299
34960,0.036377,172.31.36.0-255,66,224159,10,356299
34961,0.038627,74.125.68.0-255,5738,229897,10,356299
34962,0.038634,172.31.36.0-255,66,229963,10,356299
34963,0.040891,74.125.68.0-255,5738,235701,10,356299
34964,0.0409,172.31.36.0-255,66,235767,10,356299
34965,0.043169,74.125.68.0-255,5738,241505,10,356299
34966,0.043176,172.31.36.0-255,66,241571,10,356299
34967,0.045427,74.125.68.0-255,5738,247309,10,356299
34968,0.045435,172.31.36.0-255,66,247375,10,356299
34969,0.047693,74.125.68.0-255,5738,253113,10,356299
34970,0.0477,172.31.36.0-255,66,253179,10,356299
34971,0.049962,74.125.68.0-255,5738,258917,10,356299
34972,0.04997,172.31.36.0-255,66,258983,10,356299
34973,0.052228,74.125.68.0-255,5738,264721,10,356299
34974,0.052235,172.31.36.0-255,66,264787,10,356299
34975,0.054491,74.125.68.0-255,4320,269107,10,356299
34976,0.054498,172.31.36.0-255,66,269173,10,356299
34977,0.054525,74.125.68.0-255,1484,270657,10,356299
34978,0.056759,74.125.68.0-255,4320,274977,10,356299
34979,0.056766,172.31.36.0-255,66,275043,10,356299
34980,0.059023,74.125.68.0-255,5738,280781,10,356299
34981,0.059029,172.31.36.0-255,66,280847,10,356299
34982,0.061291,74.125.68.0-255,5738,286585,10,356299
34983,0.061297,172.31.36.0-255,66,286651,10,356299
34984,0.063558,74.125.68.0-255,5738,292389,10,356299
34985,0.063564,172.31.36.0-255,66,292455,10,356299
34986,0.065835,74.125.68.0-255,5738,298193,10,356299
34987,0.065841,172.31.36.0-255,66,298259,10,356299
34988,0.068113,74.125.68.0-255,5738,303997,10,356299
34989,0.068119,172.31.36.0-255,66,304063,10,356299
34990,0.070384,74.125.68.0-255,5738,309801,10,356299
34991,0.07039,172.31.36.0-255,66,309867,10,356299
34992,0.072653,74.125.68.0-255,5738,315605,10,356299
34993,0.07266,172.31.36.0-255,66,315671,10,356299
34994,0.074916,74.125.68.0-255,5738,321409,10,356299
34995,0.074923,172.31.36.0-255,66,321475,10,356299
34996,0.077183,74.125.68.0-255,5738,327213,10,356299
34997,0.077189,172.31.36.0-255,66,327279,10,356299
34998,0.079473,74.125.68.0-255,5738,333017,10,356299
34999,0.079479,172.31.36.0-255,66,333083,10,356299
35000,0.08175,74.125.68.0-255,5738,338821,10,356299
35001,0.081757,172.31.36.0-255,66,338887,10,356299
35002,0.084019,74.125.68.0-255,5738,344625,10,356299
35003,0.084026,172.31.36.0-255,66,344691,10,356299
35004,0.086286,74.125.68.0-255,5738,350429,10,356299
35005,0.086293,172.31.36.0-255,66,350495,10,356299
35006,0.088561,74.125.68.0-255,5738,356233,10,356299
35007,0.088568,172.31.36.0-255,66,356299,10,356299
35008,0.0,172.217.160.0-255,156,156,10,399771
35009,1.6e-05,172.31.36.0-255,66,222,10,399771
35010,2.3e-05,172.217.160.0-255,1484,1706,10,399771
35011,2.8e-05,172.31.36.0-255,66,1772,10,399771
35012,3.3e-05,172.217.160.0-255,2902,4674,10,399771
35013,3.7e-05,172.31.36.0-255,66,4740,10,399771
35014,4.5e-05,172.217.160.0-255,7156,11896,10,399771
35015,4.8e-05,172.31.36.0-255,66,11962,10,399771
35016,5.2e-05,172.217.160.0-255,2054,14016,10,399771
35017,5.4e-05,172.31.36.0-255,66,14082,10,399771
35018,0.00015,172.217.160.0-255,1484,15566,10,399771
35019,0.000153,172.31.36.0-255,66,15632,10,399771
35020,0.000158,172.217.160.0-255,2902,18534,10,399771
35021,0.000161,172.31.36.0-255,66,18600,10,399771
35022,0.000165,172.217.160.0-255,2902,21502,10,399771
35023,0.000168,172.31.36.0-255,66,21568,10,399771
35024,0.000184,172.217.160.0-255,2902,24470,10,399771
35025,0.000187,172.31.36.0-255,66,24536,10,399771
35026,0.000195,172.217.160.0-255,6797,31333,10,399771
35027,0.000197,172.31.36.0-255,66,31399,10,399771
35028,0.000528,172.217.160.0-255,1484,32883,10,399771
35029,0.000534,172.31.36.0-255,66,32949,10,399771
35030,0.00054,172.217.160.0-255,2902,35851,10,399771
35031,0.000543,172.31.36.0-255,66,35917,10,399771
35032,0.000548,172.217.160.0-255,2902,38819,10,399771
35033,0.00055,172.31.36.0-255,66,38885,10,399771
35034,0.000602,172.217.160.0-255,2902,41787,10,399771
35035,0.000605,172.31.36.0-255,66,41853,10,399771
35036,0.000614,172.217.160.0-255,6797,48650,10,399771
35037,0.000616,172.31.36.0-255,66,48716,10,399771
35038,0.000624,172.217.160.0-255,7156,55872,10,399771
35039,0.000626,172.31.36.0-255,66,55938,10,399771
35040,0.000656,172.31.36.0-255,66,56004,10,399771
35041,0.001015,172.217.160.0-255,372,56376,10,399771
35042,0.001077,172.217.160.0-255,370,56746,10,399771
35043,0.001246,172.217.160.0-255,1484,58230,10,399771
35044,0.001252,172.31.36.0-255,66,58296,10,399771
35045,0.001259,172.217.160.0-255,2902,61198,10,399771
35046,0.001262,172.31.36.0-255,66,61264,10,399771
35047,0.001269,172.217.160.0-255,5738,67002,10,399771
35048,0.001271,172.31.36.0-255,66,67068,10,399771
35049,0.001278,172.217.160.0-255,6797,73865,10,399771
35050,0.001281,172.31.36.0-255,66,73931,10,399771
35051,0.001293,172.31.36.0-255,66,73997,10,399771
35052,0.001319,172.217.160.0-255,5738,79735,10,399771
35053,0.001322,172.31.36.0-255,66,79801,10,399771
35054,0.001326,172.217.160.0-255,2543,82344,10,399771
35055,0.001328,172.31.36.0-255,66,82410,10,399771
35056,0.001594,172.217.160.0-255,1484,83894,10,399771
35057,0.001602,172.217.160.0-255,2902,86796,10,399771
35058,0.001607,172.31.36.0-255,66,86862,10,399771
35059,0.001614,172.217.160.0-255,5738,92600,10,399771
35060,0.001616,172.31.36.0-255,66,92666,10,399771
35061,0.001623,172.217.160.0-255,7156,99822,10,399771
35062,0.001626,172.31.36.0-255,66,99888,10,399771
35063,0.001661,172.217.160.0-255,5738,105626,10,399771
35064,0.001663,172.31.36.0-255,66,105692,10,399771
35065,0.001674,172.31.36.0-255,66,105758,10,399771
35066,0.001678,172.217.160.0-255,2184,107942,10,399771
35067,0.001681,172.31.36.0-255,66,108008,10,399771
35068,0.003294,172.217.160.0-255,4320,112328,10,399771
35069,0.003297,172.31.36.0-255,66,112394,10,399771
35070,0.003314,172.217.160.0-255,1484,113878,10,399771
35071,0.004924,172.217.160.0-255,4320,118198,10,399771
35072,0.004931,172.31.36.0-255,66,118264,10,399771
35073,0.006566,172.217.160.0-255,5738,124002,10,399771
35074,0.006575,172.31.36.0-255,66,124068,10,399771
35075,0.008205,172.217.160.0-255,5738,129806,10,399771
35076,0.008214,172.31.36.0-255,66,129872,10,399771
35077,0.009847,172.217.160.0-255,5738,135610,10,399771
35078,0.009858,172.31.36.0-255,66,135676,10,399771
35079,0.011494,172.217.160.0-255,5738,141414,10,399771
35080,0.011506,172.31.36.0-255,66,141480,10,399771
35081,0.013128,172.217.160.0-255,5738,147218,10,399771
35082,0.013136,172.31.36.0-255,66,147284,10,399771
35083,0.014768,172.217.160.0-255,5738,153022,10,399771
35084,0.014776,172.31.36.0-255,66,153088,10,399771
35085,0.016421,172.217.160.0-255,5738,158826,10,399771
35086,0.016428,172.31.36.0-255,66,158892,10,399771
35087,0.018077,172.217.160.0-255,5738,164630,10,399771
35088,0.018083,172.31.36.0-255,66,164696,10,399771
35089,0.018986,172.31.36.0-255,167,164863,10,399771
35090,0.019017,172.31.36.0-255,1113,165976,10,399771
35091,0.019077,172.31.36.0-255,1514,167490,10,399771
35092,0.019079,172.31.36.0-255,1290,168780,10,399771
35093,0.019717,172.217.160.0-255,5738,174518,10,399771
35094,0.019724,172.31.36.0-255,66,174584,10,399771
35095,0.020556,104.244.42.0-255,66,174650,10,399771
35096,0.020604,104.244.42.0-255,66,174716,10,399771
35097,0.020629,104.244.42.0-255,66,174782,10,399771
35098,0.021355,172.217.160.0-255,5738,180520,10,399771
35099,0.021362,172.31.36.0-255,66,180586,10,399771
35100,0.023005,172.217.160.0-255,5738,186324,10,399771
35101,0.023011,172.31.36.0-255,66,186390,10,399771
35102,0.02464,172.217.160.0-255,5738,192128,10,399771
35103,0.024647,172.31.36.0-255,66,192194,10,399771
35104,0.02629,172.217.160.0-255,5738,197932,10,399771
35105,0.026297,172.31.36.0-255,66,197998,10,399771
35106,0.027939,172.217.160.0-255,5738,203736,10,399771
35107,0.027945,172.31.36.0-255,66,203802,10,399771
35108,0.029585,172.217.160.0-255,5738,209540,10,399771
35109,0.029592,172.31.36.0-255,66,209606,10,399771
35110,0.031248,172.217.160.0-255,5738,215344,10,399771
35111,0.031255,172.31.36.0-255,66,215410,10,399771
35112,0.032886,172.217.160.0-255,5738,221148,10,399771
35113,0.032893,172.31.36.0-255,66,221214,10,399771
35114,0.03457,172.217.160.0-255,5738,226952,10,399771
35115,0.034577,172.31.36.0-255,66,227018,10,399771
35116,0.036213,172.217.160.0-255,5738,232756,10,399771
35117,0.03622,172.31.36.0-255,66,232822,10,399771
35118,0.037867,172.217.160.0-255,5738,238560,10,399771
35119,0.037874,172.31.36.0-255,66,238626,10,399771
35120,0.039512,172.217.160.0-255,5738,244364,10,399771
35121,0.039519,172.31.36.0-255,66,244430,10,399771
35122,0.041139,172.217.160.0-255,5738,250168,10,399771
35123,0.041149,172.31.36.0-255,66,250234,10,399771
35124,0.042819,172.217.160.0-255,5738,255972,10,399771
35125,0.042826,172.31.36.0-255,66,256038,10,399771
35126,0.044466,172.217.160.0-255,5738,261776,10,399771
35127,0.044473,172.31.36.0-255,66,261842,10,399771
35128,0.046109,172.217.160.0-255,5738,267580,10,399771
35129,0.046116,172.31.36.0-255,66,267646,10,399771
35130,0.047755,172.217.160.0-255,5738,273384,10,399771
35131,0.047763,172.31.36.0-255,66,273450,10,399771
35132,0.049396,172.217.160.0-255,5738,279188,10,399771
35133,0.049402,172.31.36.0-255,66,279254,10,399771
35134,0.051037,172.217.160.0-255,5738,284992,10,399771
35135,0.051044,172.31.36.0-255,66,285058,10,399771
35136,0.052677,172.217.160.0-255,5738,290796,10,399771
35137,0.052684,172.31.36.0-255,66,290862,10,399771
35138,0.054318,172.217.160.0-255,5738,296600,10,399771
35139,0.054324,172.31.36.0-255,66,296666,10,399771
35140,0.055966,172.217.160.0-255,5738,302404,10,399771
35141,0.055973,172.31.36.0-255,66,302470,10,399771
35142,0.057609,172.217.160.0-255,5738,308208,10,399771
35143,0.057616,172.31.36.0-255,66,308274,10,399771
35144,0.059259,172.217.160.0-255,5738,314012,10,399771
35145,0.059265,172.31.36.0-255,66,314078,10,399771
35146,0.060894,172.217.160.0-255,5738,319816,10,399771
35147,0.060901,172.31.36.0-255,66,319882,10,399771
35148,0.062557,172.217.160.0-255,5738,325620,10,399771
35149,0.062563,172.31.36.0-255,66,325686,10,399771
35150,0.0642,172.217.160.0-255,5738,331424,10,399771
35151,0.064207,172.31.36.0-255,66,331490,10,399771
35152,0.065854,172.217.160.0-255,5738,337228,10,399771
35153,0.065861,172.31.36.0-255,66,337294,10,399771
35154,0.0675,172.217.160.0-255,5738,343032,10,399771
35155,0.067507,172.31.36.0-255,66,343098,10,399771
35156,0.06915,172.217.160.0-255,5738,348836,10,399771
35157,0.069156,172.31.36.0-255,66,348902,10,399771
35158,0.070799,172.217.160.0-255,5738,354640,10,399771
35159,0.070807,172.31.36.0-255,66,354706,10,399771
35160,0.072442,172.217.160.0-255,5738,360444,10,399771
35161,0.072449,172.31.36.0-255,66,360510,10,399771
35162,0.074078,172.217.160.0-255,5738,366248,10,399771
35163,0.074085,172.31.36.0-255,66,366314,10,399771
35164,0.075728,172.217.160.0-255,5738,372052,10,399771
35165,0.075734,172.31.36.0-255,66,372118,10,399771
35166,0.077365,172.217.160.0-255,5738,377856,10,399771
35167,0.077372,172.31.36.0-255,66,377922,10,399771
35168,0.079002,172.217.160.0-255,5738,383660,10,399771
35169,0.079009,172.31.36.0-255,66,383726,10,399771
35170,0.080638,172.217.160.0-255,5738,389464,10,399771
35171,0.080645,172.31.36.0-255,66,389530,10,399771
35172,0.082287,172.217.160.0-255,5738,395268,10,399771
35173,0.082293,172.31.36.0-255,66,395334,10,399771
35174,0.083933,172.217.160.0-255,4200,399534,10,399771
35175,0.08394,172.31.36.0-255,66,399600,10,399771
35176,0.084111,172.31.36.0-255,105,399705,10,399771
35177,0.085709,172.217.160.0-255,66,399771,10,399771
35178,0.0,74.125.24.0-255,153,153,10,374580
35179,2.8e-05,172.31.36.0-255,66,219,10,374580
35180,3.5e-05,74.125.24.0-255,1484,1703,10,374580
35181,4e-05,172.31.36.0-255,66,1769,10,374580
35182,4.6e-05,74.125.24.0-255,2902,4671,10,374580
35183,5e-05,172.31.36.0-255,66,4737,10,374580
35184,5.4e-05,74.125.24.0-255,2902,7639,10,374580
35185,5.7e-05,172.31.36.0-255,66,7705,10,374580
35186,0.000102,74.125.24.0-255,1484,9189,10,374580
35187,0.000106,172.31.36.0-255,66,9255,10,374580
35188,0.000126,74.125.24.0-255,4983,14238,10,374580
35189,0.000129,172.31.36.0-255,66,14304,10,374580
35190,0.000304,74.125.24.0-255,1484,15788,10,374580
35191,0.000309,172.31.36.0-255,66,15854,10,374580
35192,0.000313,74.125.24.0-255,1484,17338,10,374580
35193,0.000316,172.31.36.0-255,66,17404,10,374580
35194,0.000341,74.125.24.0-255,1484,18888,10,374580
35195,0.000345,172.31.36.0-255,66,18954,10,374580
35196,0.000349,74.125.24.0-255,2902,21856,10,374580
35197,0.000352,172.31.36.0-255,66,21922,10,374580
35198,0.000356,74.125.24.0-255,2902,24824,10,374580
35199,0.000359,172.31.36.0-255,66,24890,10,374580
35200,0.000382,74.125.24.0-255,4320,29210,10,374580
35201,0.000385,172.31.36.0-255,66,29276,10,374580
35202,0.000388,74.125.24.0-255,1484,30760,10,374580
35203,0.00039,172.31.36.0-255,66,30826,10,374580
35204,0.000406,74.125.24.0-255,2543,33369,10,374580
35205,0.000409,172.31.36.0-255,66,33435,10,374580
35206,0.000412,74.125.24.0-255,1484,34919,10,374580
35207,0.000414,172.31.36.0-255,66,34985,10,374580
35208,0.000429,74.125.24.0-255,2902,37887,10,374580
35209,0.000432,172.31.36.0-255,66,37953,10,374580
35210,0.000443,172.31.36.0-255,66,38019,10,374580
35211,0.000447,74.125.24.0-255,2902,40921,10,374580
35212,0.000451,172.31.36.0-255,66,40987,10,374580
35213,0.000482,74.125.24.0-255,2902,43889,10,374580
35214,0.000482,172.31.36.0-255,66,43955,10,374580
35215,0.000486,172.31.36.0-255,66,44021,10,374580
35216,0.000506,74.125.24.0-255,3602,47623,10,374580
35217,0.000509,172.31.36.0-255,66,47689,10,374580
35218,0.000512,74.125.24.0-255,428,48117,10,374580
35219,0.000514,172.31.36.0-255,66,48183,10,374580
35220,0.000733,74.125.24.0-255,1484,49667,10,374580
35221,0.000737,172.31.36.0-255,66,49733,10,374580
35222,0.000741,74.125.24.0-255,2902,52635,10,374580
35223,0.000743,172.31.36.0-255,66,52701,10,374580
35224,0.000747,74.125.24.0-255,2902,55603,10,374580
35225,0.000749,172.31.36.0-255,66,55669,10,374580
35226,0.000773,74.125.24.0-255,2902,58571,10,374580
35227,0.000776,172.31.36.0-255,66,58637,10,374580
35228,0.000791,172.31.36.0-255,66,58703,10,374580
35229,0.000795,74.125.24.0-255,4320,63023,10,374580
35230,0.000803,172.31.36.0-255,66,63089,10,374580
35231,0.000835,74.125.24.0-255,4320,67409,10,374580
35232,0.000843,172.31.36.0-255,66,67475,10,374580
35233,0.000848,74.125.24.0-255,2902,70377,10,374580
35234,0.00085,172.31.36.0-255,66,70443,10,374580
35235,0.000869,74.125.24.0-255,3883,74326,10,374580
35236,0.000872,172.31.36.0-255,66,74392,10,374580
35237,0.001106,74.125.24.0-255,1484,75876,10,374580
35238,0.001115,74.125.24.0-255,2902,78778,10,374580
35239,0.001118,172.31.36.0-255,66,78844,10,374580
35240,0.001121,74.125.24.0-255,1484,80328,10,374580
35241,0.001137,74.125.24.0-255,1484,81812,10,374580
35242,0.001139,172.31.36.0-255,66,81878,10,374580
35243,0.00115,74.125.24.0-255,1484,83362,10,374580
35244,0.00116,74.125.24.0-255,1484,84846,10,374580
35245,0.001163,172.31.36.0-255,66,84912,10,374580
35246,0.001183,74.125.24.0-255,1484,86396,10,374580
35247,0.001187,74.125.24.0-255,2902,89298,10,374580
35248,0.00119,172.31.36.0-255,66,89364,10,374580
35249,0.001195,74.125.24.0-255,5738,95102,10,374580
35250,0.001197,172.31.36.0-255,66,95168,10,374580
35251,0.001214,74.125.24.0-255,7156,102324,10,374580
35252,0.001217,172.31.36.0-255,66,102390,10,374580
35253,0.001232,74.125.24.0-255,5738,108128,10,374580
35254,0.001234,172.31.36.0-255,66,108194,10,374580
35255,0.001237,74.125.24.0-255,766,108960,10,374580
35256,0.001319,74.125.24.0-255,1484,110444,10,374580
35257,0.001323,172.31.36.0-255,66,110510,10,374580
35258,0.001328,74.125.24.0-255,2902,113412,10,374580
35259,0.00133,74.125.24.0-255,1484,114896,10,374580
35260,0.001343,74.125.24.0-255,4320,119216,10,374580
35261,0.001356,74.125.24.0-255,4320,123536,10,374580
35262,0.001372,74.125.24.0-255,4320,127856,10,374580
35263,0.001418,74.125.24.0-255,5020,132876,10,374580
35264,0.001702,74.125.24.0-255,1484,134360,10,374580
35265,0.001706,74.125.24.0-255,1484,135844,10,374580
35266,0.001716,74.125.24.0-255,1484,137328,10,374580
35267,0.001718,74.125.24.0-255,1484,138812,10,374580
35268,0.001729,74.125.24.0-255,4320,143132,10,374580
35269,0.001743,74.125.24.0-255,1484,144616,10,374580
35270,0.001813,74.125.24.0-255,5738,150354,10,374580
35271,0.001818,74.125.24.0-255,5020,155374,10,374580
35272,0.002185,74.125.24.0-255,1484,156858,10,374580
35273,0.002189,74.125.24.0-255,2902,159760,10,374580
35274,0.002206,74.125.24.0-255,5738,165498,10,374580
35275,0.002227,74.125.24.0-255,4320,169818,10,374580
35276,0.002238,74.125.24.0-255,1484,171302,10,374580
35277,0.002255,74.125.24.0-255,5738,177040,10,374580
35278,0.002267,74.125.24.0-255,4320,181360,10,374580
35279,0.002303,74.125.24.0-255,2902,184262,10,374580
35280,0.002316,74.125.24.0-255,5020,189282,10,374580
35281,0.002319,74.125.24.0-255,2902,192184,10,374580
35282,0.002339,74.125.24.0-255,5738,197922,10,374580
35283,0.002349,74.125.24.0-255,1484,199406,10,374580
35284,0.005872,172.31.36.0-255,66,199472,10,374580
35285,0.008184,74.125.24.0-255,5738,205210,10,374580
35286,0.008191,172.31.36.0-255,66,205276,10,374580
35287,0.010454,74.125.24.0-255,5738,211014,10,374580
35288,0.010461,172.31.36.0-255,66,211080,10,374580
35289,0.012752,74.125.24.0-255,5738,216818,10,374580
35290,0.012761,172.31.36.0-255,66,216884,10,374580
35291,0.015045,74.125.24.0-255,5738,222622,10,374580
35292,0.015057,172.31.36.0-255,66,222688,10,374580
35293,0.017337,74.125.24.0-255,5738,228426,10,374580
35294,0.017351,172.31.36.0-255,66,228492,10,374580
35295,0.019615,74.125.24.0-255,5738,234230,10,374580
35296,0.019626,172.31.36.0-255,66,234296,10,374580
35297,0.021878,74.125.24.0-255,5738,240034,10,374580
35298,0.02189,172.31.36.0-255,66,240100,10,374580
35299,0.023409,172.31.36.0-255,172,240272,10,374580
35300,0.023439,172.31.36.0-255,1112,241384,10,374580
35301,0.023477,172.31.36.0-255,1514,242898,10,374580
35302,0.023479,172.31.36.0-255,329,243227,10,374580
35303,0.024144,74.125.24.0-255,5738,248965,10,374580
35304,0.024153,172.31.36.0-255,66,249031,10,374580
35305,0.024951,104.244.42.0-255,66,249097,10,374580
35306,0.024984,104.244.42.0-255,66,249163,10,374580
35307,0.025028,104.244.42.0-255,66,249229,10,374580
35308,0.026408,74.125.24.0-255,5738,254967,10,374580
35309,0.026417,172.31.36.0-255,66,255033,10,374580
35310,0.028679,74.125.24.0-255,5738,260771,10,374580
35311,0.028686,172.31.36.0-255,66,260837,10,374580
35312,0.030931,74.125.24.0-255,4320,265157,10,374580
35313,0.030937,172.31.36.0-255,66,265223,10,374580
35314,0.030966,74.125.24.0-255,1484,266707,10,374580
35315,0.033195,74.125.24.0-255,2902,269609,10,374580
35316,0.033201,172.31.36.0-255,66,269675,10,374580
35317,0.035461,74.125.24.0-255,5738,275413,10,374580
35318,0.035467,172.31.36.0-255,66,275479,10,374580
35319,0.037731,74.125.24.0-255,5738,281217,10,374580
35320,0.037737,172.31.36.0-255,66,281283,10,374580
35321,0.040002,74.125.24.0-255,5738,287021,10,374580
35322,0.040006,172.31.36.0-255,66,287087,10,374580
35323,0.042266,74.125.24.0-255,5738,292825,10,374580
35324,0.042272,172.31.36.0-255,66,292891,10,374580
35325,0.044535,74.125.24.0-255,5738,298629,10,374580
35326,0.04454,172.31.36.0-255,66,298695,10,374580
35327,0.046795,74.125.24.0-255,5738,304433,10,374580
35328,0.046801,172.31.36.0-255,66,304499,10,374580
35329,0.049057,74.125.24.0-255,5738,310237,10,374580
35330,0.049063,172.31.36.0-255,66,310303,10,374580
35331,0.051317,74.125.24.0-255,5738,316041,10,374580
35332,0.051322,172.31.36.0-255,66,316107,10,374580
35333,0.053594,74.125.24.0-255,5738,321845,10,374580
35334,0.053599,172.31.36.0-255,66,321911,10,374580
35335,0.055869,74.125.24.0-255,5738,327649,10,374580
35336,0.055875,172.31.36.0-255,66,327715,10,374580
35337,0.058162,74.125.24.0-255,1484,329199,10,374580
35338,0.058198,74.125.24.0-255,4320,333519,10,374580
35339,0.058203,172.31.36.0-255,66,333585,10,374580
35340,0.060469,74.125.24.0-255,5738,339323,10,374580
35341,0.060474,172.31.36.0-255,66,339389,10,374580
35342,0.062719,74.125.24.0-255,4320,343709,10,374580
35343,0.062724,172.31.36.0-255,66,343775,10,374580
35344,0.062749,74.125.24.0-255,1484,345259,10,374580
35345,0.064982,74.125.24.0-255,4320,349579,10,374580
35346,0.064988,172.31.36.0-255,66,349645,10,374580
35347,0.067241,74.125.24.0-255,1484,351129,10,374580
35348,0.067277,74.125.24.0-255,4320,355449,10,374580
35349,0.067282,172.31.36.0-255,66,355515,10,374580
35350,0.069552,74.125.24.0-255,5738,361253,10,374580
35351,0.069557,172.31.36.0-255,66,361319,10,374580
35352,0.071913,74.125.24.0-255,5738,367057,10,374580
35353,0.071918,172.31.36.0-255,66,367123,10,374580
35354,0.074208,74.125.24.0-255,5738,372861,10,374580
35355,0.074214,172.31.36.0-255,66,372927,10,374580
35356,0.076466,74.125.24.0-255,1416,374343,10,374580
35357,0.07662,172.31.36.0-255,66,374409,10,374580
35358,0.076648,172.31.36.0-255,105,374514,10,374580
35359,0.078864,74.125.24.0-255,66,374580,10,374580
35360,0.0,74.125.68.0-255,148,148,10,366853
35361,1.3e-05,172.31.36.0-255,66,214,10,366853
35362,3.2e-05,74.125.68.0-255,1484,1698,10,366853
35363,3.5e-05,172.31.36.0-255,66,1764,10,366853
35364,5.7e-05,74.125.68.0-255,2902,4666,10,366853
35365,5.9e-05,172.31.36.0-255,66,4732,10,366853
35366,6.3e-05,74.125.68.0-255,2902,7634,10,366853
35367,6.5e-05,172.31.36.0-255,66,7700,10,366853
35368,7.1e-05,74.125.68.0-255,4320,12020,10,366853
35369,7.4e-05,172.31.36.0-255,66,12086,10,366853
35370,0.000102,74.125.68.0-255,2076,14162,10,366853
35371,0.000104,172.31.36.0-255,66,14228,10,366853
35372,0.000135,74.125.68.0-255,2902,17130,10,366853
35373,0.000137,172.31.36.0-255,66,17196,10,366853
35374,0.000156,74.125.68.0-255,4320,21516,10,366853
35375,0.000158,172.31.36.0-255,66,21582,10,366853
35376,0.000178,74.125.68.0-255,5738,27320,10,366853
35377,0.00018,172.31.36.0-255,66,27386,10,366853
35378,0.000222,74.125.68.0-255,3961,31347,10,366853
35379,0.000226,172.31.36.0-255,66,31413,10,366853
35380,0.000328,74.125.68.0-255,1484,32897,10,366853
35381,0.000332,172.31.36.0-255,66,32963,10,366853
35382,0.000337,74.125.68.0-255,2902,35865,10,366853
35383,0.000338,172.31.36.0-255,66,35931,10,366853
35384,0.000359,74.125.68.0-255,5738,41669,10,366853
35385,0.000361,172.31.36.0-255,66,41735,10,366853
35386,0.000383,74.125.68.0-255,6797,48532,10,366853
35387,0.000385,172.31.36.0-255,66,48598,10,366853
35388,0.000406,74.125.68.0-255,1484,50082,10,366853
35389,0.000409,172.31.36.0-255,66,50148,10,366853
35390,0.000437,172.31.36.0-255,66,50214,10,366853
35391,0.00046,74.125.68.0-255,4320,54534,10,366853
35392,0.000482,74.125.68.0-255,2819,57353,10,366853
35393,0.00049,172.31.36.0-255,66,57419,10,366853
35394,0.000564,74.125.68.0-255,381,57800,10,366853
35395,0.000689,74.125.68.0-255,1484,59284,10,366853
35396,0.000693,74.125.68.0-255,1484,60768,10,366853
35397,0.000709,74.125.68.0-255,1484,62252,10,366853
35398,0.000713,74.125.68.0-255,2902,65154,10,366853
35399,0.000715,74.125.68.0-255,1484,66638,10,366853
35400,0.000731,74.125.68.0-255,2902,69540,10,366853
35401,0.000734,172.31.36.0-255,66,69606,10,366853
35402,0.000739,172.31.36.0-255,66,69672,10,366853
35403,0.000755,74.125.68.0-255,4320,73992,10,366853
35404,0.00077,74.125.68.0-255,5379,79371,10,366853
35405,0.000774,74.125.68.0-255,4320,83691,10,366853
35406,0.000791,172.31.36.0-255,66,83757,10,366853
35407,0.000822,74.125.68.0-255,5738,89495,10,366853
35408,0.000829,172.31.36.0-255,66,89561,10,366853
35409,0.000843,74.125.68.0-255,2543,92104,10,366853
35410,0.000862,172.31.36.0-255,66,92170,10,366853
35411,0.000995,74.125.68.0-255,1484,93654,10,366853
35412,0.00101,74.125.68.0-255,2902,96556,10,366853
35413,0.001019,172.31.36.0-255,66,96622,10,366853
35414,0.001024,74.125.68.0-255,2902,99524,10,366853
35415,0.001028,74.125.68.0-255,4320,103844,10,366853
35416,0.001053,74.125.68.0-255,7156,111000,10,366853
35417,0.001056,172.31.36.0-255,66,111066,10,366853
35418,0.001062,74.125.68.0-255,1484,112550,10,366853
35419,0.001064,74.125.68.0-255,1484,114034,10,366853
35420,0.001068,172.31.36.0-255,66,114100,10,366853
35421,0.001082,74.125.68.0-255,5738,119838,10,366853
35422,0.001096,172.31.36.0-255,66,119904,10,366853
35423,0.001122,74.125.68.0-255,4320,124224,10,366853
35424,0.001137,74.125.68.0-255,2184,126408,10,366853
35425,0.001173,74.125.68.0-255,1484,127892,10,366853
35426,0.001175,74.125.68.0-255,1484,129376,10,366853
35427,0.001185,74.125.68.0-255,1484,130860,10,366853
35428,0.001187,74.125.68.0-255,1484,132344,10,366853
35429,0.00119,172.31.36.0-255,66,132410,10,366853
35430,0.001195,172.31.36.0-255,66,132476,10,366853
35431,0.001211,74.125.68.0-255,4320,136796,10,366853
35432,0.001222,172.31.36.0-255,66,136862,10,366853
35433,0.001247,172.31.36.0-255,66,136928,10,366853
35434,0.001279,172.31.36.0-255,66,136994,10,366853
35435,0.001283,74.125.68.0-255,2184,139178,10,366853
35436,0.001287,172.31.36.0-255,66,139244,10,366853
35437,0.001792,74.125.68.0-255,1484,140728,10,366853
35438,0.001811,74.125.68.0-255,2902,143630,10,366853
35439,0.001815,172.31.36.0-255,66,143696,10,366853
35440,0.001834,74.125.68.0-255,5738,149434,10,366853
35441,0.001852,172.31.36.0-255,66,149500,10,366853
35442,0.00186,74.125.68.0-255,7156,156656,10,366853
35443,0.001864,172.31.36.0-255,66,156722,10,366853
35444,0.001908,74.125.68.0-255,4320,161042,10,366853
35445,0.001921,172.31.36.0-255,66,161108,10,366853
35446,0.00193,74.125.68.0-255,2184,163292,10,366853
35447,0.001934,172.31.36.0-255,66,163358,10,366853
35448,0.002124,74.125.68.0-255,1484,164842,10,366853
35449,0.00214,74.125.68.0-255,2902,167744,10,366853
35450,0.002143,172.31.36.0-255,66,167810,10,366853
35451,0.002147,74.125.68.0-255,1484,169294,10,366853
35452,0.002162,74.125.68.0-255,4320,173614,10,366853
35453,0.00217,172.31.36.0-255,66,173680,10,366853
35454,0.00219,74.125.68.0-255,5738,179418,10,366853
35455,0.002192,172.31.36.0-255,66,179484,10,366853
35456,0.002209,74.125.68.0-255,5738,185222,10,366853
35457,0.002212,74.125.68.0-255,1484,186706,10,366853
35458,0.002218,172.31.36.0-255,66,186772,10,366853
35459,0.002246,74.125.68.0-255,1484,188256,10,366853
35460,0.00225,74.125.68.0-255,2902,191158,10,366853
35461,0.002256,172.31.36.0-255,66,191224,10,366853
35462,0.002266,74.125.68.0-255,5738,196962,10,366853
35463,0.00227,172.31.36.0-255,66,197028,10,366853
35464,0.002281,74.125.68.0-255,4320,201348,10,366853
35465,0.002298,74.125.68.0-255,1484,202832,10,366853
35466,0.002301,74.125.68.0-255,1484,204316,10,366853
35467,0.002318,74.125.68.0-255,5738,210054,10,366853
35468,0.002321,74.125.68.0-255,1484,211538,10,366853
35469,0.002334,74.125.68.0-255,2902,214440,10,366853
35470,0.002345,74.125.68.0-255,2902,217342,10,366853
35471,0.002347,74.125.68.0-255,1484,218826,10,366853
35472,0.002364,74.125.68.0-255,2184,221010,10,366853
35473,0.002383,74.125.68.0-255,1484,222494,10,366853
35474,0.002399,74.125.68.0-255,2902,225396,10,366853
35475,0.00242,74.125.68.0-255,5738,231134,10,366853
35476,0.002432,74.125.68.0-255,1484,232618,10,366853
35477,0.002436,74.125.68.0-255,2902,235520,10,366853
35478,0.002455,74.125.68.0-255,1484,237004,10,366853
35479,0.002472,74.125.68.0-255,5738,242742,10,366853
35480,0.002487,74.125.68.0-255,1484,244226,10,366853
35481,0.00253,74.125.68.0-255,5738,249964,10,366853
35482,0.002547,74.125.68.0-255,5020,254984,10,366853
35483,0.002562,74.125.68.0-255,1484,256468,10,366853
35484,0.002578,74.125.68.0-255,2902,259370,10,366853
35485,0.002581,74.125.68.0-255,1484,260854,10,366853
35486,0.002594,74.125.68.0-255,1484,262338,10,366853
35487,0.002608,74.125.68.0-255,2902,265240,10,366853
35488,0.002614,74.125.68.0-255,4320,269560,10,366853
35489,0.002617,74.125.68.0-255,1484,271044,10,366853
35490,0.002664,74.125.68.0-255,1484,272528,10,366853
35491,0.00267,74.125.68.0-255,5738,278266,10,366853
35492,0.002673,74.125.68.0-255,1484,279750,10,366853
35493,0.002692,74.125.68.0-255,5738,285488,10,366853
35494,0.002705,74.125.68.0-255,1484,286972,10,366853
35495,0.002709,74.125.68.0-255,2184,289156,10,366853
35496,0.002711,74.125.68.0-255,1484,290640,10,366853
35497,0.002713,74.125.68.0-255,1484,292124,10,366853
35498,0.002742,74.125.68.0-255,4320,296444,10,366853
35499,0.002773,74.125.68.0-255,4320,300764,10,366853
35500,0.002795,74.125.68.0-255,5738,306502,10,366853
35501,0.002825,74.125.68.0-255,5738,312240,10,366853
35502,0.002837,74.125.68.0-255,2184,314424,10,366853
35503,0.003002,172.31.36.0-255,66,314490,10,366853
35504,0.003066,74.125.68.0-255,1484,315974,10,366853
35505,0.003082,74.125.68.0-255,2902,318876,10,366853
35506,0.0031,74.125.68.0-255,2902,321778,10,366853
35507,0.003105,74.125.68.0-255,4320,326098,10,366853
35508,0.003109,172.31.36.0-255,66,326164,10,366853
35509,0.003119,172.31.36.0-255,66,326230,10,366853
35510,0.00313,74.125.68.0-255,2902,329132,10,366853
35511,0.003148,74.125.68.0-255,4320,333452,10,366853
35512,0.003152,74.125.68.0-255,4320,337772,10,366853
35513,0.003155,74.125.68.0-255,1484,339256,10,366853
35514,0.003171,74.125.68.0-255,2902,342158,10,366853
35515,0.003175,74.125.68.0-255,1484,343642,10,366853
35516,0.003185,172.31.36.0-255,66,343708,10,366853
35517,0.003198,74.125.68.0-255,5020,348728,10,366853
35518,0.003224,172.31.36.0-255,66,348794,10,366853
35519,0.003236,74.125.68.0-255,1484,350278,10,366853
35520,0.00325,74.125.68.0-255,4320,354598,10,366853
35521,0.003266,74.125.68.0-255,1484,356082,10,366853
35522,0.003279,74.125.68.0-255,5738,361820,10,366853
35523,0.003282,74.125.68.0-255,338,362158,10,366853
35524,0.003297,172.31.36.0-255,66,362224,10,366853
35525,0.003333,74.125.68.0-255,105,362329,10,366853
35526,0.004891,172.31.36.0-255,66,362395,10,366853
35527,0.004922,172.31.36.0-255,105,362500,10,366853
35528,0.007191,74.125.68.0-255,66,362566,10,366853
35529,0.028362,172.31.36.0-255,172,362738,10,366853
35530,0.028421,172.31.36.0-255,1111,363849,10,366853
35531,0.028503,172.31.36.0-255,1514,365363,10,366853
35532,0.028505,172.31.36.0-255,1292,366655,10,366853
35533,0.029863,104.244.42.0-255,66,366721,10,366853
35534,0.02994,104.244.42.0-255,66,366787,10,366853
35535,0.030022,104.244.42.0-255,66,366853,10,366853
35536,0.0,74.125.24.0-255,146,146,10,242003
35537,5.2e-05,172.31.36.0-255,66,212,10,242003
35538,6e-05,74.125.24.0-255,1484,1696,10,242003
35539,6.5e-05,172.31.36.0-255,66,1762,10,242003
35540,7.8e-05,74.125.24.0-255,2902,4664,10,242003
35541,8.2e-05,172.31.36.0-255,66,4730,10,242003
35542,8.9e-05,74.125.24.0-255,7156,11886,10,242003
35543,9.1e-05,172.31.36.0-255,66,11952,10,242003
35544,9.5e-05,74.125.24.0-255,2035,13987,10,242003
35545,9.8e-05,172.31.36.0-255,66,14053,10,242003
35546,0.000101,74.125.24.0-255,1484,15537,10,242003
35547,0.000102,172.31.36.0-255,66,15603,10,242003
35548,0.000132,74.125.24.0-255,2902,18505,10,242003
35549,0.000136,172.31.36.0-255,66,18571,10,242003
35550,0.000142,74.125.24.0-255,5738,24309,10,242003
35551,0.000144,172.31.36.0-255,66,24375,10,242003
35552,0.000169,74.125.24.0-255,6797,31172,10,242003
35553,0.000172,172.31.36.0-255,66,31238,10,242003
35554,0.000344,74.125.24.0-255,1484,32722,10,242003
35555,0.000348,172.31.36.0-255,66,32788,10,242003
35556,0.000354,74.125.24.0-255,2902,35690,10,242003
35557,0.000357,172.31.36.0-255,66,35756,10,242003
35558,0.000362,74.125.24.0-255,4320,40076,10,242003
35559,0.000367,172.31.36.0-255,66,40142,10,242003
35560,0.000377,74.125.24.0-255,1484,41626,10,242003
35561,0.00038,172.31.36.0-255,66,41692,10,242003
35562,0.000416,74.125.24.0-255,2902,44594,10,242003
35563,0.00042,172.31.36.0-255,66,44660,10,242003
35564,0.000453,74.125.24.0-255,3961,48621,10,242003
35565,0.000457,172.31.36.0-255,66,48687,10,242003
35566,0.000465,74.125.24.0-255,7156,55843,10,242003
35567,0.000467,172.31.36.0-255,66,55909,10,242003
35568,0.000476,74.125.24.0-255,1484,57393,10,242003
35569,0.000499,172.31.36.0-255,66,57459,10,242003
35570,0.000753,74.125.24.0-255,647,58106,10,242003
35571,0.000872,172.31.36.0-255,66,58172,10,242003
35572,0.000922,74.125.24.0-255,1484,59656,10,242003
35573,0.000926,74.125.24.0-255,1484,61140,10,242003
35574,0.000929,172.31.36.0-255,66,61206,10,242003
35575,0.000961,74.125.24.0-255,1484,62690,10,242003
35576,0.000968,74.125.24.0-255,5738,68428,10,242003
35577,0.000971,172.31.36.0-255,66,68494,10,242003
35578,0.000989,172.31.36.0-255,66,68560,10,242003
35579,0.001024,74.125.24.0-255,2902,71462,10,242003
35580,0.001028,172.31.36.0-255,66,71528,10,242003
35581,0.001063,172.31.36.0-255,66,71594,10,242003
35582,0.001075,172.31.36.0-255,66,71660,10,242003
35583,0.001081,74.125.24.0-255,5738,77398,10,242003
35584,0.001083,172.31.36.0-255,66,77464,10,242003
35585,0.001127,74.125.24.0-255,4320,81784,10,242003
35586,0.001131,172.31.36.0-255,66,81850,10,242003
35587,0.001161,172.31.36.0-255,66,81916,10,242003
35588,0.001227,172.31.36.0-255,66,81982,10,242003
35589,0.001233,74.125.24.0-255,4320,86302,10,242003
35590,0.001235,172.31.36.0-255,66,86368,10,242003
35591,0.001281,172.31.36.0-255,66,86434,10,242003
35592,0.001284,74.125.24.0-255,1484,87918,10,242003
35593,0.001308,74.125.24.0-255,2902,90820,10,242003
35594,0.001311,172.31.36.0-255,66,90886,10,242003
35595,0.001318,74.125.24.0-255,5738,96624,10,242003
35596,0.00132,172.31.36.0-255,66,96690,10,242003
35597,0.001327,74.125.24.0-255,7156,103846,10,242003
35598,0.001329,172.31.36.0-255,66,103912,10,242003
35599,0.001359,74.125.24.0-255,1484,105396,10,242003
35600,0.001372,172.31.36.0-255,66,105462,10,242003
35601,0.001378,74.125.24.0-255,5020,110482,10,242003
35602,0.001381,172.31.36.0-255,66,110548,10,242003
35603,0.001421,74.125.24.0-255,5738,116286,10,242003
35604,0.001424,172.31.36.0-255,66,116352,10,242003
35605,0.001427,74.125.24.0-255,1484,117836,10,242003
35606,0.001456,74.125.24.0-255,5738,123574,10,242003
35607,0.001461,172.31.36.0-255,66,123640,10,242003
35608,0.001466,172.31.36.0-255,66,123706,10,242003
35609,0.001489,74.125.24.0-255,4320,128026,10,242003
35610,0.001496,172.31.36.0-255,66,128092,10,242003
35611,0.001503,74.125.24.0-255,6438,134530,10,242003
35612,0.001505,172.31.36.0-255,66,134596,10,242003
35613,0.002118,74.125.24.0-255,1484,136080,10,242003
35614,0.002132,74.125.24.0-255,2902,138982,10,242003
35615,0.002136,172.31.36.0-255,66,139048,10,242003
35616,0.002141,74.125.24.0-255,4320,143368,10,242003
35617,0.002143,172.31.36.0-255,66,143434,10,242003
35618,0.002178,74.125.24.0-255,1484,144918,10,242003
35619,0.002216,172.31.36.0-255,66,144984,10,242003
35620,0.002227,172.31.36.0-255,66,145050,10,242003
35621,0.002248,74.125.24.0-255,1484,146534,10,242003
35622,0.002256,74.125.24.0-255,2902,149436,10,242003
35623,0.002258,172.31.36.0-255,66,149502,10,242003
35624,0.002291,74.125.24.0-255,5738,155240,10,242003
35625,0.002295,172.31.36.0-255,66,155306,10,242003
35626,0.002305,172.31.36.0-255,66,155372,10,242003
35627,0.002338,172.31.36.0-255,66,155438,10,242003
35628,0.002376,172.31.36.0-255,66,155504,10,242003
35629,0.002387,172.31.36.0-255,66,155570,10,242003
35630,0.002412,172.31.36.0-255,66,155636,10,242003
35631,0.004734,74.125.24.0-255,5738,161374,10,242003
35632,0.004747,172.31.36.0-255,66,161440,10,242003
35633,0.007067,74.125.24.0-255,5738,167178,10,242003
35634,0.007072,172.31.36.0-255,66,167244,10,242003
35635,0.009408,74.125.24.0-255,5738,172982,10,242003
35636,0.009415,172.31.36.0-255,66,173048,10,242003
35637,0.011781,74.125.24.0-255,5738,178786,10,242003
35638,0.011803,172.31.36.0-255,66,178852,10,242003
35639,0.014153,74.125.24.0-255,5738,184590,10,242003
35640,0.014167,172.31.36.0-255,66,184656,10,242003
35641,0.016514,74.125.24.0-255,5738,190394,10,242003
35642,0.016526,172.31.36.0-255,66,190460,10,242003
35643,0.018871,74.125.24.0-255,5738,196198,10,242003
35644,0.018886,172.31.36.0-255,66,196264,10,242003
35645,0.02124,74.125.24.0-255,5738,202002,10,242003
35646,0.021257,172.31.36.0-255,66,202068,10,242003
35647,0.023599,74.125.24.0-255,5738,207806,10,242003
35648,0.023613,172.31.36.0-255,66,207872,10,242003
35649,0.025959,74.125.24.0-255,5738,213610,10,242003
35650,0.025975,172.31.36.0-255,66,213676,10,242003
35651,0.028304,74.125.24.0-255,5738,219414,10,242003
35652,0.028313,172.31.36.0-255,66,219480,10,242003
35653,0.030659,74.125.24.0-255,5738,225218,10,242003
35654,0.030675,172.31.36.0-255,66,225284,10,242003
35655,0.033029,74.125.24.0-255,5738,231022,10,242003
35656,0.03304,172.31.36.0-255,66,231088,10,242003
35657,0.034168,172.31.36.0-255,172,231260,10,242003
35658,0.0342,172.31.36.0-255,1111,232371,10,242003
35659,0.034243,172.31.36.0-255,1514,233885,10,242003
35660,0.034244,172.31.36.0-255,1292,235177,10,242003
35661,0.035344,74.125.24.0-255,5738,240915,10,242003
35662,0.035352,172.31.36.0-255,66,240981,10,242003
35663,0.035725,104.244.42.0-255,66,241047,10,242003
35664,0.035784,104.244.42.0-255,66,241113,10,242003
35665,0.035921,104.244.42.0-255,66,241179,10,242003
35666,0.037671,74.125.24.0-255,587,241766,10,242003
35667,0.03783,172.31.36.0-255,66,241832,10,242003
35668,0.037855,172.31.36.0-255,105,241937,10,242003
35669,0.040156,74.125.24.0-255,66,242003,10,242003
35670,0.0,74.125.24.0-255,155,155,10,244605
35671,3.1e-05,172.31.36.0-255,66,221,10,244605
35672,3.8e-05,74.125.24.0-255,1484,1705,10,244605
35673,4.2e-05,172.31.36.0-255,66,1771,10,244605
35674,4.7e-05,74.125.24.0-255,2902,4673,10,244605
35675,4.9e-05,172.31.36.0-255,66,4739,10,244605
35676,6.5e-05,74.125.24.0-255,7156,11895,10,244605
35677,6.7e-05,172.31.36.0-255,66,11961,10,244605
35678,7.2e-05,74.125.24.0-255,2036,13997,10,244605
35679,7.5e-05,172.31.36.0-255,66,14063,10,244605
35680,0.000122,172.31.36.0-255,66,14129,10,244605
35681,0.000135,172.31.36.0-255,66,14195,10,244605
35682,0.000146,74.125.24.0-255,4320,18515,10,244605
35683,0.000148,172.31.36.0-255,66,18581,10,244605
35684,0.000184,74.125.24.0-255,6438,25019,10,244605
35685,0.000188,172.31.36.0-255,66,25085,10,244605
35686,0.000191,74.125.24.0-255,1484,26569,10,244605
35687,0.000193,172.31.36.0-255,66,26635,10,244605
35688,0.0002,74.125.24.0-255,2902,29537,10,244605
35689,0.000208,172.31.36.0-255,66,29603,10,244605
35690,0.000215,74.125.24.0-255,5738,35341,10,244605
35691,0.000218,172.31.36.0-255,66,35407,10,244605
35692,0.000251,74.125.24.0-255,7075,42482,10,244605
35693,0.000254,172.31.36.0-255,66,42548,10,244605
35694,0.00038,74.125.24.0-255,128,42676,10,244605
35695,0.000384,172.31.36.0-255,66,42742,10,244605
35696,0.000387,74.125.24.0-255,348,43090,10,244605
35697,0.00039,172.31.36.0-255,66,43156,10,244605
35698,0.000552,74.125.24.0-255,1484,44640,10,244605
35699,0.000556,172.31.36.0-255,66,44706,10,244605
35700,0.000562,74.125.24.0-255,2902,47608,10,244605
35701,0.000564,172.31.36.0-255,66,47674,10,244605
35702,0.000585,74.125.24.0-255,5738,53412,10,244605
35703,0.000588,172.31.36.0-255,66,53478,10,244605
35704,0.000599,74.125.24.0-255,5738,59216,10,244605
35705,0.000601,172.31.36.0-255,66,59282,10,244605
35706,0.000642,172.31.36.0-255,66,59348,10,244605
35707,0.000648,74.125.24.0-255,3961,63309,10,244605
35708,0.000652,172.31.36.0-255,66,63375,10,244605
35709,0.001424,74.125.24.0-255,1484,64859,10,244605
35710,0.001436,74.125.24.0-255,2902,67761,10,244605
35711,0.001441,172.31.36.0-255,66,67827,10,244605
35712,0.001448,74.125.24.0-255,5738,73565,10,244605
35713,0.00145,172.31.36.0-255,66,73631,10,244605
35714,0.001462,74.125.24.0-255,4320,77951,10,244605
35715,0.001464,172.31.36.0-255,66,78017,10,244605
35716,0.001468,74.125.24.0-255,1484,79501,10,244605
35717,0.001507,172.31.36.0-255,66,79567,10,244605
35718,0.001517,172.31.36.0-255,66,79633,10,244605
35719,0.001977,74.125.24.0-255,1484,81117,10,244605
35720,0.001984,74.125.24.0-255,2902,84019,10,244605
35721,0.001988,172.31.36.0-255,66,84085,10,244605
35722,0.002019,74.125.24.0-255,5738,89823,10,244605
35723,0.002021,172.31.36.0-255,66,89889,10,244605
35724,0.002028,74.125.24.0-255,5738,95627,10,244605
35725,0.00203,172.31.36.0-255,66,95693,10,244605
35726,0.002067,172.31.36.0-255,66,95759,10,244605
35727,0.002074,74.125.24.0-255,5020,100779,10,244605
35728,0.002076,172.31.36.0-255,66,100845,10,244605
35729,0.002142,74.125.24.0-255,1484,102329,10,244605
35730,0.002162,74.125.24.0-255,2902,105231,10,244605
35731,0.002164,172.31.36.0-255,66,105297,10,244605
35732,0.002171,74.125.24.0-255,5738,111035,10,244605
35733,0.002173,172.31.36.0-255,66,111101,10,244605
35734,0.002241,172.31.36.0-255,66,111167,10,244605
35735,0.002253,172.31.36.0-255,66,111233,10,244605
35736,0.002345,74.125.24.0-255,1484,112717,10,244605
35737,0.002349,74.125.24.0-255,1484,114201,10,244605
35738,0.002351,172.31.36.0-255,66,114267,10,244605
35739,0.002375,74.125.24.0-255,1484,115751,10,244605
35740,0.002381,74.125.24.0-255,5738,121489,10,244605
35741,0.002384,172.31.36.0-255,66,121555,10,244605
35742,0.002417,172.31.36.0-255,66,121621,10,244605
35743,0.002422,74.125.24.0-255,4320,125941,10,244605
35744,0.002424,172.31.36.0-255,66,126007,10,244605
35745,0.002454,74.125.24.0-255,6438,132445,10,244605
35746,0.002456,172.31.36.0-255,66,132511,10,244605
35747,0.002551,74.125.24.0-255,1484,133995,10,244605
35748,0.002556,74.125.24.0-255,2902,136897,10,244605
35749,0.002558,172.31.36.0-255,66,136963,10,244605
35750,0.002586,74.125.24.0-255,5738,142701,10,244605
35751,0.002588,172.31.36.0-255,66,142767,10,244605
35752,0.002614,74.125.24.0-255,7156,149923,10,244605
35753,0.002617,172.31.36.0-255,66,149989,10,244605
35754,0.002656,74.125.24.0-255,5738,155727,10,244605
35755,0.002658,172.31.36.0-255,66,155793,10,244605
35756,0.002679,74.125.24.0-255,7156,162949,10,244605
35757,0.002682,172.31.36.0-255,66,163015,10,244605
35758,0.002685,74.125.24.0-255,1484,164499,10,244605
35759,0.002687,172.31.36.0-255,78,164577,10,244605
35760,0.002695,74.125.24.0-255,7156,171733,10,244605
35761,0.002697,172.31.36.0-255,78,171811,10,244605
35762,0.002749,172.31.36.0-255,66,171877,10,244605
35763,0.002764,74.125.24.0-255,766,172643,10,244605
35764,0.002767,74.125.24.0-255,1484,174127,10,244605
35765,0.002772,74.125.24.0-255,2902,177029,10,244605
35766,0.002778,74.125.24.0-255,4320,181349,10,244605
35767,0.002785,74.125.24.0-255,7156,188505,10,244605
35768,0.002789,74.125.24.0-255,2902,191407,10,244605
35769,0.002793,74.125.24.0-255,1484,192891,10,244605
35770,0.002797,172.31.36.0-255,66,192957,10,244605
35771,0.002799,172.31.36.0-255,66,193023,10,244605
35772,0.0028,172.31.36.0-255,66,193089,10,244605
35773,0.002801,172.31.36.0-255,66,193155,10,244605
35774,0.002839,172.31.36.0-255,66,193221,10,244605
35775,0.00284,172.31.36.0-255,66,193287,10,244605
35776,0.002841,172.31.36.0-255,66,193353,10,244605
35777,0.002845,74.125.24.0-255,2902,196255,10,244605
35778,0.002847,172.31.36.0-255,66,196321,10,244605
35779,0.00285,74.125.24.0-255,2184,198505,10,244605
35780,0.002853,172.31.36.0-255,66,198571,10,244605
35781,0.002893,74.125.24.0-255,2902,201473,10,244605
35782,0.002895,172.31.36.0-255,66,201539,10,244605
35783,0.002923,74.125.24.0-255,4320,205859,10,244605
35784,0.002925,172.31.36.0-255,66,205925,10,244605
35785,0.002931,74.125.24.0-255,5738,211663,10,244605
35786,0.002933,172.31.36.0-255,66,211729,10,244605
35787,0.002962,74.125.24.0-255,1484,213213,10,244605
35788,0.002976,172.31.36.0-255,66,213279,10,244605
35789,0.003019,74.125.24.0-255,2902,216181,10,244605
35790,0.003021,172.31.36.0-255,66,216247,10,244605
35791,0.003045,74.125.24.0-255,5020,221267,10,244605
35792,0.003048,172.31.36.0-255,66,221333,10,244605
35793,0.003054,74.125.24.0-255,5738,227071,10,244605
35794,0.003056,172.31.36.0-255,66,227137,10,244605
35795,0.003059,74.125.24.0-255,1484,228621,10,244605
35796,0.00307,172.31.36.0-255,66,228687,10,244605
35797,0.003081,172.31.36.0-255,66,228753,10,244605
35798,0.003092,172.31.36.0-255,66,228819,10,244605
35799,0.003097,74.125.24.0-255,2902,231721,10,244605
35800,0.003099,172.31.36.0-255,66,231787,10,244605
35801,0.003135,74.125.24.0-255,5738,237525,10,244605
35802,0.003138,172.31.36.0-255,66,237591,10,244605
35803,0.003142,74.125.24.0-255,2319,239910,10,244605
35804,0.003144,172.31.36.0-255,66,239976,10,244605
35805,0.003175,74.125.24.0-255,105,240081,10,244605
35806,0.010349,172.31.36.0-255,66,240147,10,244605
35807,0.010379,172.31.36.0-255,105,240252,10,244605
35808,0.012967,74.125.24.0-255,66,240318,10,244605
35809,0.038217,172.31.36.0-255,172,240490,10,244605
35810,0.038319,172.31.36.0-255,1111,241601,10,244605
35811,0.038402,172.31.36.0-255,1514,243115,10,244605
35812,0.038404,172.31.36.0-255,1292,244407,10,244605
35813,0.039782,104.244.42.0-255,66,244473,10,244605
35814,0.039839,104.244.42.0-255,66,244539,10,244605
35815,0.039922,104.244.42.0-255,66,244605,10,244605
35816,0.0,74.125.24.0-255,152,152,10,352926
35817,3.3e-05,172.31.36.0-255,66,218,10,352926
35818,4e-05,74.125.24.0-255,1484,1702,10,352926
35819,4.5e-05,172.31.36.0-255,66,1768,10,352926
35820,5e-05,74.125.24.0-255,2902,4670,10,352926
35821,6.1e-05,172.31.36.0-255,66,4736,10,352926
35822,6.8e-05,74.125.24.0-255,7156,11892,10,352926
35823,7e-05,172.31.36.0-255,66,11958,10,352926
35824,7.4e-05,74.125.24.0-255,2018,13976,10,352926
35825,7.7e-05,172.31.36.0-255,66,14042,10,352926
35826,0.000212,74.125.24.0-255,1484,15526,10,352926
35827,0.000217,172.31.36.0-255,66,15592,10,352926
35828,0.000223,74.125.24.0-255,2902,18494,10,352926
35829,0.000225,172.31.36.0-255,66,18560,10,352926
35830,0.000231,74.125.24.0-255,5738,24298,10,352926
35831,0.00024,172.31.36.0-255,66,24364,10,352926
35832,0.000243,74.125.24.0-255,1484,25848,10,352926
35833,0.000245,172.31.36.0-255,66,25914,10,352926
35834,0.000276,74.125.24.0-255,1484,27398,10,352926
35835,0.000279,172.31.36.0-255,66,27464,10,352926
35836,0.000319,74.125.24.0-255,5738,33202,10,352926
35837,0.00032,172.31.36.0-255,66,33268,10,352926
35838,0.000324,172.31.36.0-255,66,33334,10,352926
35839,0.000358,74.125.24.0-255,6797,40131,10,352926
35840,0.000362,172.31.36.0-255,66,40197,10,352926
35841,0.000368,74.125.24.0-255,7156,47353,10,352926
35842,0.00037,172.31.36.0-255,66,47419,10,352926
35843,0.000393,74.125.24.0-255,1484,48903,10,352926
35844,0.000396,172.31.36.0-255,66,48969,10,352926
35845,0.000433,172.31.36.0-255,66,49035,10,352926
35846,0.000436,74.125.24.0-255,413,49448,10,352926
35847,0.000473,74.125.24.0-255,331,49779,10,352926
35848,0.000815,74.125.24.0-255,1484,51263,10,352926
35849,0.000819,172.31.36.0-255,66,51329,10,352926
35850,0.000825,74.125.24.0-255,2902,54231,10,352926
35851,0.000829,172.31.36.0-255,66,54297,10,352926
35852,0.000852,74.125.24.0-255,5738,60035,10,352926
35853,0.000857,74.125.24.0-255,2902,62937,10,352926
35854,0.000859,172.31.36.0-255,66,63003,10,352926
35855,0.000864,172.31.36.0-255,66,63069,10,352926
35856,0.000899,172.31.36.0-255,66,63135,10,352926
35857,0.000904,74.125.24.0-255,2902,66037,10,352926
35858,0.000915,172.31.36.0-255,66,66103,10,352926
35859,0.000952,172.31.36.0-255,66,66169,10,352926
35860,0.001375,74.125.24.0-255,1484,67653,10,352926
35861,0.001387,74.125.24.0-255,2902,70555,10,352926
35862,0.001392,172.31.36.0-255,66,70621,10,352926
35863,0.001399,74.125.24.0-255,5738,76359,10,352926
35864,0.001402,74.125.24.0-255,1484,77843,10,352926
35865,0.001472,74.125.24.0-255,7156,84999,10,352926
35866,0.001491,74.125.24.0-255,6438,91437,10,352926
35867,0.001517,172.31.36.0-255,66,91503,10,352926
35868,0.001632,74.125.24.0-255,1484,92987,10,352926
35869,0.001639,74.125.24.0-255,2902,95889,10,352926
35870,0.001641,74.125.24.0-255,1484,97373,10,352926
35871,0.001654,172.31.36.0-255,66,97439,10,352926
35872,0.001671,74.125.24.0-255,4320,101759,10,352926
35873,0.001677,74.125.24.0-255,4320,106079,10,352926
35874,0.00168,74.125.24.0-255,1484,107563,10,352926
35875,0.001686,172.31.36.0-255,66,107629,10,352926
35876,0.001718,74.125.24.0-255,3602,111231,10,352926
35877,0.001746,172.31.36.0-255,66,111297,10,352926
35878,0.001813,74.125.24.0-255,1484,112781,10,352926
35879,0.001819,74.125.24.0-255,2902,115683,10,352926
35880,0.001825,172.31.36.0-255,66,115749,10,352926
35881,0.00185,74.125.24.0-255,5738,121487,10,352926
35882,0.001897,172.31.36.0-255,66,121553,10,352926
35883,0.001906,74.125.24.0-255,1484,123037,10,352926
35884,0.001911,74.125.24.0-255,5020,128057,10,352926
35885,0.001922,172.31.36.0-255,66,128123,10,352926
35886,0.00196,74.125.24.0-255,1484,129607,10,352926
35887,0.001965,74.125.24.0-255,2902,132509,10,352926
35888,0.001976,172.31.36.0-255,66,132575,10,352926
35889,0.001981,74.125.24.0-255,2902,135477,10,352926
35890,0.001986,172.31.36.0-255,66,135543,10,352926
35891,0.001997,74.125.24.0-255,2902,138445,10,352926
35892,0.002023,74.125.24.0-255,7156,145601,10,352926
35893,0.002031,172.31.36.0-255,66,145667,10,352926
35894,0.002058,74.125.24.0-255,4320,149987,10,352926
35895,0.002065,74.125.24.0-255,7156,157143,10,352926
35896,0.002078,172.31.36.0-255,66,157209,10,352926
35897,0.002657,172.31.36.0-255,101,157310,10,352926
35898,0.004075,74.125.24.0-255,5738,163048,10,352926
35899,0.004081,172.31.36.0-255,66,163114,10,352926
35900,0.004632,74.125.24.0-255,66,163180,10,352926
35901,0.006055,74.125.24.0-255,2902,166082,10,352926
35902,0.006059,172.31.36.0-255,66,166148,10,352926
35903,0.006088,74.125.24.0-255,2902,169050,10,352926
35904,0.006105,172.31.36.0-255,66,169116,10,352926
35905,0.00805,74.125.24.0-255,2902,172018,10,352926
35906,0.008057,172.31.36.0-255,66,172084,10,352926
35907,0.00809,74.125.24.0-255,2902,174986,10,352926
35908,0.008127,172.31.36.0-255,66,175052,10,352926
35909,0.010059,74.125.24.0-255,2902,177954,10,352926
35910,0.010065,172.31.36.0-255,66,178020,10,352926
35911,0.010097,74.125.24.0-255,2902,180922,10,352926
35912,0.010491,172.31.36.0-255,66,180988,10,352926
35913,0.012069,74.125.24.0-255,2902,183890,10,352926
35914,0.012075,172.31.36.0-255,66,183956,10,352926
35915,0.012495,74.125.24.0-255,2902,186858,10,352926
35916,0.012501,172.31.36.0-255,66,186924,10,352926
35917,0.014066,74.125.24.0-255,2902,189826,10,352926
35918,0.014073,172.31.36.0-255,66,189892,10,352926
35919,0.014485,74.125.24.0-255,2902,192794,10,352926
35920,0.01449,172.31.36.0-255,66,192860,10,352926
35921,0.016077,74.125.24.0-255,2902,195762,10,352926
35922,0.016084,172.31.36.0-255,66,195828,10,352926
35923,0.016458,74.125.24.0-255,2902,198730,10,352926
35924,0.016464,172.31.36.0-255,66,198796,10,352926
35925,0.018128,74.125.24.0-255,2902,201698,10,352926
35926,0.018136,172.31.36.0-255,66,201764,10,352926
35927,0.018468,74.125.24.0-255,2902,204666,10,352926
35928,0.018473,172.31.36.0-255,66,204732,10,352926
35929,0.020137,74.125.24.0-255,2902,207634,10,352926
35930,0.020143,172.31.36.0-255,66,207700,10,352926
35931,0.020455,74.125.24.0-255,2902,210602,10,352926
35932,0.020462,172.31.36.0-255,66,210668,10,352926
35933,0.022155,74.125.24.0-255,2902,213570,10,352926
35934,0.022162,172.31.36.0-255,66,213636,10,352926
35935,0.022433,74.125.24.0-255,2902,216538,10,352926
35936,0.022439,172.31.36.0-255,66,216604,10,352926
35937,0.024155,74.125.24.0-255,2902,219506,10,352926
35938,0.024162,172.31.36.0-255,66,219572,10,352926
35939,0.024466,74.125.24.0-255,2902,222474,10,352926
35940,0.024473,172.31.36.0-255,66,222540,10,352926
35941,0.026154,74.125.24.0-255,2902,225442,10,352926
35942,0.026161,172.31.36.0-255,66,225508,10,352926
35943,0.026463,74.125.24.0-255,2902,228410,10,352926
35944,0.026469,172.31.36.0-255,66,228476,10,352926
35945,0.027098,172.31.36.0-255,172,228648,10,352926
35946,0.02714,172.31.36.0-255,1113,229761,10,352926
35947,0.027216,172.31.36.0-255,1514,231275,10,352926
35948,0.027218,172.31.36.0-255,1292,232567,10,352926
35949,0.028157,74.125.24.0-255,2902,235469,10,352926
35950,0.028163,172.31.36.0-255,66,235535,10,352926
35951,0.02847,74.125.24.0-255,2902,238437,10,352926
35952,0.028476,172.31.36.0-255,66,238503,10,352926
35953,0.02863,104.244.42.0-255,66,238569,10,352926
35954,0.028678,104.244.42.0-255,66,238635,10,352926
35955,0.028728,104.244.42.0-255,66,238701,10,352926
35956,0.03016,74.125.24.0-255,2902,241603,10,352926
35957,0.030165,172.31.36.0-255,66,241669,10,352926
35958,0.030475,74.125.24.0-255,2902,244571,10,352926
35959,0.030481,172.31.36.0-255,66,244637,10,352926
35960,0.031802,104.244.42.0-255,108,244745,10,352926
35961,0.031825,172.31.36.0-255,66,244811,10,352926
35962,0.032183,74.125.24.0-255,2902,247713,10,352926
35963,0.032188,172.31.36.0-255,66,247779,10,352926
35964,0.032457,74.125.24.0-255,2902,250681,10,352926
35965,0.032463,172.31.36.0-255,66,250747,10,352926
35966,0.03417,74.125.24.0-255,2902,253649,10,352926
35967,0.034175,172.31.36.0-255,66,253715,10,352926
35968,0.034452,74.125.24.0-255,2902,256617,10,352926
35969,0.034458,172.31.36.0-255,66,256683,10,352926
35970,0.036161,74.125.24.0-255,2902,259585,10,352926
35971,0.036166,172.31.36.0-255,66,259651,10,352926
35972,0.036438,74.125.24.0-255,2902,262553,10,352926
35973,0.036443,172.31.36.0-255,66,262619,10,352926
35974,0.038151,74.125.24.0-255,2902,265521,10,352926
35975,0.038157,172.31.36.0-255,66,265587,10,352926
35976,0.038454,74.125.24.0-255,2902,268489,10,352926
35977,0.03846,172.31.36.0-255,66,268555,10,352926
35978,0.040139,74.125.24.0-255,2902,271457,10,352926
35979,0.040145,172.31.36.0-255,66,271523,10,352926
35980,0.040426,74.125.24.0-255,2902,274425,10,352926
35981,0.040432,172.31.36.0-255,66,274491,10,352926
35982,0.042143,74.125.24.0-255,2902,277393,10,352926
35983,0.042148,172.31.36.0-255,66,277459,10,352926
35984,0.042427,74.125.24.0-255,2902,280361,10,352926
35985,0.042433,172.31.36.0-255,66,280427,10,352926
35986,0.044149,74.125.24.0-255,2902,283329,10,352926
35987,0.044155,172.31.36.0-255,66,283395,10,352926
35988,0.044464,74.125.24.0-255,2902,286297,10,352926
35989,0.044469,172.31.36.0-255,66,286363,10,352926
35990,0.046145,74.125.24.0-255,2902,289265,10,352926
35991,0.04615,172.31.36.0-255,66,289331,10,352926
35992,0.04647,74.125.24.0-255,2902,292233,10,352926
35993,0.046475,172.31.36.0-255,66,292299,10,352926
35994,0.048122,74.125.24.0-255,2902,295201,10,352926
35995,0.048127,172.31.36.0-255,66,295267,10,352926
35996,0.048463,74.125.24.0-255,2902,298169,10,352926
35997,0.048469,172.31.36.0-255,66,298235,10,352926
35998,0.050136,74.125.24.0-255,2902,301137,10,352926
35999,0.050158,172.31.36.0-255,66,301203,10,352926
36000,0.050457,74.125.24.0-255,2902,304105,10,352926
36001,0.050463,172.31.36.0-255,66,304171,10,352926
36002,0.052147,74.125.24.0-255,2902,307073,10,352926
36003,0.052152,172.31.36.0-255,66,307139,10,352926
36004,0.052423,74.125.24.0-255,2902,310041,10,352926
36005,0.052429,172.31.36.0-255,66,310107,10,352926
36006,0.054154,74.125.24.0-255,2902,313009,10,352926
36007,0.05416,172.31.36.0-255,66,313075,10,352926
36008,0.054398,74.125.24.0-255,2902,315977,10,352926
36009,0.054406,172.31.36.0-255,66,316043,10,352926
36010,0.056128,74.125.24.0-255,2902,318945,10,352926
36011,0.056133,172.31.36.0-255,66,319011,10,352926
36012,0.056395,74.125.24.0-255,2902,321913,10,352926
36013,0.056401,172.31.36.0-255,66,321979,10,352926
36014,0.058137,74.125.24.0-255,2902,324881,10,352926
36015,0.058143,172.31.36.0-255,66,324947,10,352926
36016,0.058403,74.125.24.0-255,2902,327849,10,352926
36017,0.05841,172.31.36.0-255,66,327915,10,352926
36018,0.060115,74.125.24.0-255,2902,330817,10,352926
36019,0.06012,172.31.36.0-255,66,330883,10,352926
36020,0.060399,74.125.24.0-255,2902,333785,10,352926
36021,0.060404,172.31.36.0-255,66,333851,10,352926
36022,0.062113,74.125.24.0-255,2902,336753,10,352926
36023,0.062119,172.31.36.0-255,66,336819,10,352926
36024,0.062435,74.125.24.0-255,2902,339721,10,352926
36025,0.062441,172.31.36.0-255,66,339787,10,352926
36026,0.064109,74.125.24.0-255,2902,342689,10,352926
36027,0.064114,172.31.36.0-255,66,342755,10,352926
36028,0.06441,74.125.24.0-255,2902,345657,10,352926
36029,0.064416,172.31.36.0-255,66,345723,10,352926
36030,0.0661,74.125.24.0-255,2902,348625,10,352926
36031,0.066106,172.31.36.0-255,66,348691,10,352926
36032,0.066413,74.125.24.0-255,2902,351593,10,352926
36033,0.066419,172.31.36.0-255,66,351659,10,352926
36034,0.068085,74.125.24.0-255,1096,352755,10,352926
36035,0.068242,172.31.36.0-255,105,352860,10,352926
36036,0.07386,74.125.24.0-255,66,352926,10,352926
36037,0.0,74.125.68.0-255,153,153,10,288275
36038,2.7e-05,172.31.36.0-255,66,219,10,288275
36039,3.4e-05,74.125.68.0-255,1484,1703,10,288275
36040,4e-05,172.31.36.0-255,66,1769,10,288275
36041,4.6e-05,74.125.68.0-255,2902,4671,10,288275
36042,4.9e-05,172.31.36.0-255,66,4737,10,288275
36043,6.6e-05,74.125.68.0-255,4320,9057,10,288275
36044,7e-05,172.31.36.0-255,66,9123,10,288275
36045,9.5e-05,74.125.68.0-255,1484,10607,10,288275
36046,9.7e-05,172.31.36.0-255,66,10673,10,288275
36047,0.000103,74.125.68.0-255,3486,14159,10,288275
36048,0.000106,172.31.36.0-255,66,14225,10,288275
36049,0.000141,74.125.68.0-255,1484,15709,10,288275
36050,0.000144,172.31.36.0-255,66,15775,10,288275
36051,0.000149,74.125.68.0-255,2902,18677,10,288275
36052,0.000151,172.31.36.0-255,66,18743,10,288275
36053,0.000158,74.125.68.0-255,5738,24481,10,288275
36054,0.00016,172.31.36.0-255,66,24547,10,288275
36055,0.000164,74.125.68.0-255,2902,27449,10,288275
36056,0.000167,172.31.36.0-255,66,27515,10,288275
36057,0.000172,74.125.68.0-255,3961,31476,10,288275
36058,0.000175,172.31.36.0-255,66,31542,10,288275
36059,0.000178,74.125.68.0-255,1484,33026,10,288275
36060,0.00018,172.31.36.0-255,66,33092,10,288275
36061,0.000185,74.125.68.0-255,2902,35994,10,288275
36062,0.000187,172.31.36.0-255,66,36060,10,288275
36063,0.000194,74.125.68.0-255,5738,41798,10,288275
36064,0.000197,172.31.36.0-255,66,41864,10,288275
36065,0.000204,74.125.68.0-255,6797,48661,10,288275
36066,0.000207,172.31.36.0-255,66,48727,10,288275
36067,0.000219,172.31.36.0-255,66,48793,10,288275
36068,0.000226,74.125.68.0-255,7104,55897,10,288275
36069,0.000229,172.31.36.0-255,66,55963,10,288275
36070,0.000232,74.125.68.0-255,112,56075,10,288275
36071,0.000282,74.125.68.0-255,333,56408,10,288275
36072,0.000393,74.125.68.0-255,1484,57892,10,288275
36073,0.000398,172.31.36.0-255,66,57958,10,288275
36074,0.000404,74.125.68.0-255,2902,60860,10,288275
36075,0.000407,172.31.36.0-255,66,60926,10,288275
36076,0.000443,74.125.68.0-255,1484,62410,10,288275
36077,0.000446,74.125.68.0-255,1484,63894,10,288275
36078,0.000449,172.31.36.0-255,66,63960,10,288275
36079,0.000464,74.125.68.0-255,1484,65444,10,288275
36080,0.000471,74.125.68.0-255,5738,71182,10,288275
36081,0.000473,172.31.36.0-255,66,71248,10,288275
36082,0.00048,74.125.68.0-255,5738,76986,10,288275
36083,0.000482,172.31.36.0-255,66,77052,10,288275
36084,0.000499,74.125.68.0-255,5738,82790,10,288275
36085,0.000502,172.31.36.0-255,66,82856,10,288275
36086,0.000529,74.125.68.0-255,5738,88594,10,288275
36087,0.000532,172.31.36.0-255,66,88660,10,288275
36088,0.00055,74.125.68.0-255,2184,90844,10,288275
36089,0.000552,172.31.36.0-255,66,90910,10,288275
36090,0.000718,74.125.68.0-255,1484,92394,10,288275
36091,0.000723,74.125.68.0-255,1484,93878,10,288275
36092,0.000727,172.31.36.0-255,66,93944,10,288275
36093,0.00075,74.125.68.0-255,1484,95428,10,288275
36094,0.000757,74.125.68.0-255,5738,101166,10,288275
36095,0.00076,172.31.36.0-255,66,101232,10,288275
36096,0.000764,74.125.68.0-255,2902,104134,10,288275
36097,0.000767,172.31.36.0-255,66,104200,10,288275
36098,0.000801,172.31.36.0-255,66,104266,10,288275
36099,0.000808,74.125.68.0-255,5738,110004,10,288275
36100,0.00081,172.31.36.0-255,66,110070,10,288275
36101,0.000825,74.125.68.0-255,1484,111554,10,288275
36102,0.000842,74.125.68.0-255,3602,115156,10,288275
36103,0.000845,172.31.36.0-255,66,115222,10,288275
36104,0.001085,74.125.68.0-255,1484,116706,10,288275
36105,0.001092,74.125.68.0-255,2902,119608,10,288275
36106,0.001095,172.31.36.0-255,66,119674,10,288275
36107,0.001122,74.125.68.0-255,5738,125412,10,288275
36108,0.001124,172.31.36.0-255,66,125478,10,288275
36109,0.001129,74.125.68.0-255,2902,128380,10,288275
36110,0.001131,172.31.36.0-255,66,128446,10,288275
36111,0.001148,74.125.68.0-255,4320,132766,10,288275
36112,0.00115,172.31.36.0-255,66,132832,10,288275
36113,0.001158,74.125.68.0-255,7156,139988,10,288275
36114,0.001161,172.31.36.0-255,66,140054,10,288275
36115,0.00118,74.125.68.0-255,1484,141538,10,288275
36116,0.001193,172.31.36.0-255,66,141604,10,288275
36117,0.001233,74.125.68.0-255,1484,143088,10,288275
36118,0.001254,74.125.68.0-255,2902,145990,10,288275
36119,0.001257,172.31.36.0-255,66,146056,10,288275
36120,0.001265,74.125.68.0-255,5738,151794,10,288275
36121,0.001267,172.31.36.0-255,66,151860,10,288275
36122,0.001294,74.125.68.0-255,7156,159016,10,288275
36123,0.001298,172.31.36.0-255,66,159082,10,288275
36124,0.001308,74.125.68.0-255,4320,163402,10,288275
36125,0.00131,172.31.36.0-255,66,163468,10,288275
36126,0.001348,74.125.68.0-255,2902,166370,10,288275
36127,0.001351,172.31.36.0-255,66,166436,10,288275
36128,0.001381,172.31.36.0-255,66,166502,10,288275
36129,0.001453,74.125.68.0-255,1484,167986,10,288275
36130,0.001473,74.125.68.0-255,2902,170888,10,288275
36131,0.001477,172.31.36.0-255,66,170954,10,288275
36132,0.001483,74.125.68.0-255,5738,176692,10,288275
36133,0.001486,172.31.36.0-255,66,176758,10,288275
36134,0.001492,74.125.68.0-255,5738,182496,10,288275
36135,0.001494,172.31.36.0-255,66,182562,10,288275
36136,0.001523,74.125.68.0-255,7156,189718,10,288275
36137,0.001527,172.31.36.0-255,66,189784,10,288275
36138,0.001545,74.125.68.0-255,2902,192686,10,288275
36139,0.001548,172.31.36.0-255,66,192752,10,288275
36140,0.001576,172.31.36.0-255,66,192818,10,288275
36141,0.001702,74.125.68.0-255,1484,194302,10,288275
36142,0.001707,74.125.68.0-255,1484,195786,10,288275
36143,0.00171,172.31.36.0-255,66,195852,10,288275
36144,0.001729,74.125.68.0-255,1484,197336,10,288275
36145,0.001732,74.125.68.0-255,1484,198820,10,288275
36146,0.001734,172.31.36.0-255,66,198886,10,288275
36147,0.001761,74.125.68.0-255,4320,203206,10,288275
36148,0.001764,172.31.36.0-255,66,203272,10,288275
36149,0.00177,74.125.68.0-255,2902,206174,10,288275
36150,0.001772,172.31.36.0-255,66,206240,10,288275
36151,0.001789,172.31.36.0-255,66,206306,10,288275
36152,0.001819,172.31.36.0-255,66,206372,10,288275
36153,0.001878,74.125.68.0-255,1484,207856,10,288275
36154,0.001892,74.125.68.0-255,2902,210758,10,288275
36155,0.001895,172.31.36.0-255,66,210824,10,288275
36156,0.001898,74.125.68.0-255,1484,212308,10,288275
36157,0.001902,74.125.68.0-255,2902,215210,10,288275
36158,0.001905,172.31.36.0-255,66,215276,10,288275
36159,0.001934,74.125.68.0-255,5738,221014,10,288275
36160,0.001937,172.31.36.0-255,66,221080,10,288275
36161,0.001967,172.31.36.0-255,66,221146,10,288275
36162,0.001987,74.125.68.0-255,2902,224048,10,288275
36163,0.00199,74.125.68.0-255,1484,225532,10,288275
36164,0.001995,172.31.36.0-255,66,225598,10,288275
36165,0.002028,172.31.36.0-255,66,225664,10,288275
36166,0.002033,74.125.68.0-255,4320,229984,10,288275
36167,0.002035,172.31.36.0-255,66,230050,10,288275
36168,0.002072,172.31.36.0-255,66,230116,10,288275
36169,0.002092,74.125.68.0-255,1484,231600,10,288275
36170,0.0021,74.125.68.0-255,6438,238038,10,288275
36171,0.002102,172.31.36.0-255,66,238104,10,288275
36172,0.00213,172.31.36.0-255,66,238170,10,288275
36173,0.002154,74.125.68.0-255,5738,243908,10,288275
36174,0.002157,172.31.36.0-255,66,243974,10,288275
36175,0.002204,74.125.68.0-255,3602,247576,10,288275
36176,0.002209,172.31.36.0-255,66,247642,10,288275
36177,0.002217,172.31.36.0-255,66,247708,10,288275
36178,0.002265,74.125.68.0-255,4320,252028,10,288275
36179,0.002268,172.31.36.0-255,66,252094,10,288275
36180,0.002292,172.31.36.0-255,66,252160,10,288275
36181,0.002297,74.125.68.0-255,4320,256480,10,288275
36182,0.0023,172.31.36.0-255,66,256546,10,288275
36183,0.004526,74.125.68.0-255,5738,262284,10,288275
36184,0.004534,172.31.36.0-255,66,262350,10,288275
36185,0.006758,74.125.68.0-255,5738,268088,10,288275
36186,0.006766,172.31.36.0-255,66,268154,10,288275
36187,0.008985,74.125.68.0-255,5738,273892,10,288275
36188,0.008993,172.31.36.0-255,66,273958,10,288275
36189,0.011214,74.125.68.0-255,5738,279696,10,288275
36190,0.011219,172.31.36.0-255,66,279762,10,288275
36191,0.013443,74.125.68.0-255,3987,283749,10,288275
36192,0.013453,172.31.36.0-255,66,283815,10,288275
36193,0.021001,172.31.36.0-255,105,283920,10,288275
36194,0.023188,74.125.68.0-255,66,283986,10,288275
36195,0.035635,172.31.36.0-255,172,284158,10,288275
36196,0.035672,172.31.36.0-255,1112,285270,10,288275
36197,0.035765,172.31.36.0-255,1514,286784,10,288275
36198,0.035767,172.31.36.0-255,1293,288077,10,288275
36199,0.037134,104.244.42.0-255,66,288143,10,288275
36200,0.037159,104.244.42.0-255,66,288209,10,288275
36201,0.03729,104.244.42.0-255,66,288275,10,288275
36202,0.0,172.217.194.0-255,374,374,10,231552
36203,2.3e-05,172.31.36.0-255,66,440,10,231552
36204,2.9e-05,172.217.194.0-255,1484,1924,10,231552
36205,3.3e-05,172.31.36.0-255,66,1990,10,231552
36206,6.1e-05,172.217.194.0-255,4320,6310,10,231552
36207,6.3e-05,172.31.36.0-255,66,6376,10,231552
36208,0.000221,172.217.194.0-255,2902,9278,10,231552
36209,0.000226,172.31.36.0-255,66,9344,10,231552
36210,0.000244,172.217.194.0-255,4669,14013,10,231552
36211,0.000247,172.31.36.0-255,66,14079,10,231552
36212,0.000521,172.217.194.0-255,1484,15563,10,231552
36213,0.000526,172.31.36.0-255,66,15629,10,231552
36214,0.000552,172.217.194.0-255,7156,22785,10,231552
36215,0.000555,172.31.36.0-255,66,22851,10,231552
36216,0.000882,172.31.36.0-255,66,22917,10,231552
36217,0.00342,172.217.194.0-255,5738,28655,10,231552
36218,0.003427,172.31.36.0-255,66,28721,10,231552
36219,0.006008,172.217.194.0-255,5738,34459,10,231552
36220,0.006013,172.31.36.0-255,66,34525,10,231552
36221,0.008573,172.217.194.0-255,2902,37427,10,231552
36222,0.008581,172.31.36.0-255,66,37493,10,231552
36223,0.008606,172.217.194.0-255,2902,40395,10,231552
36224,0.008609,172.31.36.0-255,66,40461,10,231552
36225,0.011134,172.217.194.0-255,2902,43363,10,231552
36226,0.011143,172.31.36.0-255,66,43429,10,231552
36227,0.011169,172.217.194.0-255,2902,46331,10,231552
36228,0.011173,172.31.36.0-255,66,46397,10,231552
36229,0.013682,172.217.194.0-255,2902,49299,10,231552
36230,0.013692,172.31.36.0-255,66,49365,10,231552
36231,0.013717,172.217.194.0-255,2902,52267,10,231552
36232,0.013721,172.31.36.0-255,66,52333,10,231552
36233,0.016283,172.217.194.0-255,2902,55235,10,231552
36234,0.016291,172.31.36.0-255,66,55301,10,231552
36235,0.016316,172.217.194.0-255,2902,58203,10,231552
36236,0.01632,172.31.36.0-255,66,58269,10,231552
36237,0.018859,172.217.194.0-255,2902,61171,10,231552
36238,0.018866,172.31.36.0-255,66,61237,10,231552
36239,0.018891,172.217.194.0-255,2902,64139,10,231552
36240,0.018895,172.31.36.0-255,66,64205,10,231552
36241,0.020423,172.31.36.0-255,188,64393,10,231552
36242,0.020454,172.31.36.0-255,956,65349,10,231552
36243,0.020492,172.31.36.0-255,1514,66863,10,231552
36244,0.020494,172.31.36.0-255,1447,68310,10,231552
36245,0.021412,172.217.194.0-255,2902,71212,10,231552
36246,0.021419,172.31.36.0-255,66,71278,10,231552
36247,0.021456,172.217.194.0-255,2902,74180,10,231552
36248,0.021459,172.31.36.0-255,66,74246,10,231552
36249,0.021977,104.244.42.0-255,66,74312,10,231552
36250,0.022027,104.244.42.0-255,66,74378,10,231552
36251,0.022109,104.244.42.0-255,66,74444,10,231552
36252,0.023958,172.217.194.0-255,2902,77346,10,231552
36253,0.023964,172.31.36.0-255,66,77412,10,231552
36254,0.023996,172.217.194.0-255,1484,78896,10,231552
36255,0.023999,172.31.36.0-255,66,78962,10,231552
36256,0.024015,172.217.194.0-255,1484,80446,10,231552
36257,0.024018,172.31.36.0-255,66,80512,10,231552
36258,0.026496,172.217.194.0-255,2902,83414,10,231552
36259,0.026501,172.31.36.0-255,66,83480,10,231552
36260,0.026579,172.217.194.0-255,2902,86382,10,231552
36261,0.026585,172.31.36.0-255,66,86448,10,231552
36262,0.029043,172.217.194.0-255,2902,89350,10,231552
36263,0.029049,172.31.36.0-255,66,89416,10,231552
36264,0.029124,172.217.194.0-255,2902,92318,10,231552
36265,0.029128,172.31.36.0-255,66,92384,10,231552
36266,0.031594,172.217.194.0-255,2902,95286,10,231552
36267,0.0316,172.31.36.0-255,66,95352,10,231552
36268,0.031667,172.217.194.0-255,2902,98254,10,231552
36269,0.031672,172.31.36.0-255,66,98320,10,231552
36270,0.03415,172.217.194.0-255,2902,101222,10,231552
36271,0.034159,172.31.36.0-255,66,101288,10,231552
36272,0.034203,172.217.194.0-255,2902,104190,10,231552
36273,0.034206,172.31.36.0-255,66,104256,10,231552
36274,0.036703,172.217.194.0-255,2902,107158,10,231552
36275,0.036709,172.31.36.0-255,66,107224,10,231552
36276,0.036767,172.217.194.0-255,1484,108708,10,231552
36277,0.03677,172.31.36.0-255,66,108774,10,231552
36278,0.03679,172.217.194.0-255,1484,110258,10,231552
36279,0.036793,172.31.36.0-255,66,110324,10,231552
36280,0.039236,172.217.194.0-255,1484,111808,10,231552
36281,0.039242,172.31.36.0-255,66,111874,10,231552
36282,0.039272,172.217.194.0-255,1484,113358,10,231552
36283,0.039275,172.31.36.0-255,66,113424,10,231552
36284,0.039317,172.217.194.0-255,2902,116326,10,231552
36285,0.039322,172.31.36.0-255,66,116392,10,231552
36286,0.041772,172.217.194.0-255,1484,117876,10,231552
36287,0.041777,172.31.36.0-255,66,117942,10,231552
36288,0.041847,172.217.194.0-255,4320,122262,10,231552
36289,0.041851,172.31.36.0-255,66,122328,10,231552
36290,0.044306,172.217.194.0-255,1484,123812,10,231552
36291,0.044312,172.31.36.0-255,66,123878,10,231552
36292,0.044389,172.217.194.0-255,2902,126780,10,231552
36293,0.044393,172.31.36.0-255,66,126846,10,231552
36294,0.044413,172.217.194.0-255,1484,128330,10,231552
36295,0.044416,172.31.36.0-255,66,128396,10,231552
36296,0.046851,172.217.194.0-255,1484,129880,10,231552
36297,0.046856,172.31.36.0-255,66,129946,10,231552
36298,0.046942,172.217.194.0-255,2902,132848,10,231552
36299,0.046947,172.31.36.0-255,66,132914,10,231552
36300,0.046996,172.217.194.0-255,1484,134398,10,231552
36301,0.047,172.31.36.0-255,66,134464,10,231552
36302,0.049384,172.217.194.0-255,1484,135948,10,231552
36303,0.04939,172.31.36.0-255,66,136014,10,231552
36304,0.049478,172.217.194.0-255,2902,138916,10,231552
36305,0.049483,172.31.36.0-255,66,138982,10,231552
36306,0.049538,172.217.194.0-255,1484,140466,10,231552
36307,0.049541,172.31.36.0-255,66,140532,10,231552
36308,0.051913,172.217.194.0-255,1484,142016,10,231552
36309,0.051918,172.31.36.0-255,66,142082,10,231552
36310,0.052023,172.217.194.0-255,2902,144984,10,231552
36311,0.052028,172.31.36.0-255,66,145050,10,231552
36312,0.052079,172.217.194.0-255,1484,146534,10,231552
36313,0.052083,172.31.36.0-255,66,146600,10,231552
36314,0.054464,172.217.194.0-255,1484,148084,10,231552
36315,0.054469,172.31.36.0-255,66,148150,10,231552
36316,0.054562,172.217.194.0-255,2902,151052,10,231552
36317,0.054567,172.31.36.0-255,66,151118,10,231552
36318,0.054615,172.217.194.0-255,1484,152602,10,231552
36319,0.054618,172.31.36.0-255,66,152668,10,231552
36320,0.057011,172.217.194.0-255,1484,154152,10,231552
36321,0.057017,172.31.36.0-255,66,154218,10,231552
36322,0.057093,172.217.194.0-255,2902,157120,10,231552
36323,0.057098,172.31.36.0-255,66,157186,10,231552
36324,0.057144,172.217.194.0-255,1484,158670,10,231552
36325,0.057148,172.31.36.0-255,66,158736,10,231552
36326,0.05957,172.217.194.0-255,1484,160220,10,231552
36327,0.059575,172.31.36.0-255,66,160286,10,231552
36328,0.059624,172.217.194.0-255,2902,163188,10,231552
36329,0.059628,172.31.36.0-255,66,163254,10,231552
36330,0.05969,172.217.194.0-255,1484,164738,10,231552
36331,0.059694,172.31.36.0-255,66,164804,10,231552
36332,0.062094,172.217.194.0-255,1484,166288,10,231552
36333,0.062099,172.31.36.0-255,66,166354,10,231552
36334,0.062184,172.217.194.0-255,2902,169256,10,231552
36335,0.062188,172.31.36.0-255,66,169322,10,231552
36336,0.062231,172.217.194.0-255,1484,170806,10,231552
36337,0.062234,172.31.36.0-255,66,170872,10,231552
36338,0.064656,172.217.194.0-255,1484,172356,10,231552
36339,0.064662,172.31.36.0-255,66,172422,10,231552
36340,0.064722,172.217.194.0-255,2902,175324,10,231552
36341,0.064727,172.31.36.0-255,66,175390,10,231552
36342,0.064787,172.217.194.0-255,1484,176874,10,231552
36343,0.064791,172.31.36.0-255,66,176940,10,231552
36344,0.067204,172.217.194.0-255,1484,178424,10,231552
36345,0.067209,172.31.36.0-255,66,178490,10,231552
36346,0.067269,172.217.194.0-255,2902,181392,10,231552
36347,0.067273,172.31.36.0-255,66,181458,10,231552
36348,0.067335,172.217.194.0-255,1484,182942,10,231552
36349,0.067339,172.31.36.0-255,66,183008,10,231552
36350,0.06977,172.217.194.0-255,1484,184492,10,231552
36351,0.069776,172.31.36.0-255,66,184558,10,231552
36352,0.069818,172.217.194.0-255,2902,187460,10,231552
36353,0.069821,172.31.36.0-255,66,187526,10,231552
36354,0.069901,172.217.194.0-255,1484,189010,10,231552
36355,0.069905,172.31.36.0-255,66,189076,10,231552
36356,0.072319,172.217.194.0-255,1484,190560,10,231552
36357,0.072324,172.31.36.0-255,66,190626,10,231552
36358,0.072367,172.217.194.0-255,2902,193528,10,231552
36359,0.072371,172.31.36.0-255,66,193594,10,231552
36360,0.072447,172.217.194.0-255,1484,195078,10,231552
36361,0.072451,172.31.36.0-255,66,195144,10,231552
36362,0.074839,172.217.194.0-255,1484,196628,10,231552
36363,0.074844,172.31.36.0-255,66,196694,10,231552
36364,0.07491,172.217.194.0-255,2902,199596,10,231552
36365,0.074915,172.31.36.0-255,66,199662,10,231552
36366,0.074977,172.217.194.0-255,1484,201146,10,231552
36367,0.074981,172.31.36.0-255,66,201212,10,231552
36368,0.077383,172.217.194.0-255,1484,202696,10,231552
36369,0.077387,172.31.36.0-255,66,202762,10,231552
36370,0.077434,172.217.194.0-255,2902,205664,10,231552
36371,0.077438,172.31.36.0-255,66,205730,10,231552
36372,0.077516,172.217.194.0-255,1484,207214,10,231552
36373,0.07752,172.31.36.0-255,66,207280,10,231552
36374,0.079909,172.217.194.0-255,1484,208764,10,231552
36375,0.079915,172.31.36.0-255,66,208830,10,231552
36376,0.079971,172.217.194.0-255,2902,211732,10,231552
36377,0.079976,172.31.36.0-255,66,211798,10,231552
36378,0.080055,172.217.194.0-255,1484,213282,10,231552
36379,0.08006,172.31.36.0-255,66,213348,10,231552
36380,0.082462,172.217.194.0-255,1484,214832,10,231552
36381,0.082469,172.31.36.0-255,66,214898,10,231552
36382,0.082521,172.217.194.0-255,2902,217800,10,231552
36383,0.082526,172.31.36.0-255,66,217866,10,231552
36384,0.082597,172.217.194.0-255,1484,219350,10,231552
36385,0.082601,172.31.36.0-255,66,219416,10,231552
36386,0.084989,172.217.194.0-255,1484,220900,10,231552
36387,0.084996,172.31.36.0-255,66,220966,10,231552
36388,0.085081,172.217.194.0-255,2902,223868,10,231552
36389,0.085086,172.31.36.0-255,66,223934,10,231552
36390,0.085186,172.217.194.0-255,1484,225418,10,231552
36391,0.085192,172.31.36.0-255,66,225484,10,231552
36392,0.087553,172.217.194.0-255,1484,226968,10,231552
36393,0.087558,172.31.36.0-255,66,227034,10,231552
36394,0.087621,172.217.194.0-255,2902,229936,10,231552
36395,0.087626,172.31.36.0-255,66,230002,10,231552
36396,0.087729,172.217.194.0-255,1484,231486,10,231552
36397,0.087734,172.31.36.0-255,66,231552,10,231552
36398,0.0,172.31.36.0-255,66,66,10,66
36399,0.0,74.125.24.0-255,146,146,10,267961
36400,2.1e-05,172.31.36.0-255,66,212,10,267961
36401,2.8e-05,74.125.24.0-255,1484,1696,10,267961
36402,3.3e-05,172.31.36.0-255,66,1762,10,267961
36403,3.9e-05,74.125.24.0-255,2902,4664,10,267961
36404,4.2e-05,172.31.36.0-255,66,4730,10,267961
36405,4.9e-05,74.125.24.0-255,5738,10468,10,267961
36406,5.2e-05,172.31.36.0-255,66,10534,10,267961
36407,7.8e-05,74.125.24.0-255,3446,13980,10,267961
36408,8.2e-05,172.31.36.0-255,66,14046,10,267961
36409,9.7e-05,74.125.24.0-255,4320,18366,10,267961
36410,9.9e-05,172.31.36.0-255,66,18432,10,267961
36411,0.000128,74.125.24.0-255,7156,25588,10,267961
36412,0.000131,172.31.36.0-255,66,25654,10,267961
36413,0.00017,172.31.36.0-255,66,25720,10,267961
36414,0.000175,74.125.24.0-255,4320,30040,10,267961
36415,0.000177,172.31.36.0-255,66,30106,10,267961
36416,0.000193,74.125.24.0-255,2902,33008,10,267961
36417,0.000195,172.31.36.0-255,66,33074,10,267961
36418,0.00022,74.125.24.0-255,1125,34199,10,267961
36419,0.000224,172.31.36.0-255,66,34265,10,267961
36420,0.000237,74.125.24.0-255,1484,35749,10,267961
36421,0.00024,172.31.36.0-255,66,35815,10,267961
36422,0.000255,74.125.24.0-255,4320,40135,10,267961
36423,0.000257,172.31.36.0-255,66,40201,10,267961
36424,0.000282,172.31.36.0-255,66,40267,10,267961
36425,0.000318,74.125.24.0-255,2543,42810,10,267961
36426,0.000321,172.31.36.0-255,66,42876,10,267961
36427,0.000409,74.125.24.0-255,404,43280,10,267961
36428,0.000413,172.31.36.0-255,66,43346,10,267961
36429,0.000451,74.125.24.0-255,371,43717,10,267961
36430,0.000532,74.125.24.0-255,1484,45201,10,267961
36431,0.000537,172.31.36.0-255,66,45267,10,267961
36432,0.000542,74.125.24.0-255,2902,48169,10,267961
36433,0.000545,172.31.36.0-255,66,48235,10,267961
36434,0.00055,74.125.24.0-255,2902,51137,10,267961
36435,0.000552,172.31.36.0-255,66,51203,10,267961
36436,0.000578,74.125.24.0-255,2902,54105,10,267961
36437,0.000581,172.31.36.0-255,66,54171,10,267961
36438,0.000587,74.125.24.0-255,5738,59909,10,267961
36439,0.00059,172.31.36.0-255,66,59975,10,267961
36440,0.000651,172.31.36.0-255,66,60041,10,267961
36441,0.000688,74.125.24.0-255,6797,66838,10,267961
36442,0.000692,172.31.36.0-255,66,66904,10,267961
36443,0.001104,74.125.24.0-255,1484,68388,10,267961
36444,0.001111,74.125.24.0-255,2902,71290,10,267961
36445,0.001114,172.31.36.0-255,66,71356,10,267961
36446,0.001121,74.125.24.0-255,4320,75676,10,267961
36447,0.001124,172.31.36.0-255,66,75742,10,267961
36448,0.001137,74.125.24.0-255,1484,77226,10,267961
36449,0.00114,74.125.24.0-255,1484,78710,10,267961
36450,0.001144,172.31.36.0-255,66,78776,10,267961
36451,0.001159,74.125.24.0-255,5738,84514,10,267961
36452,0.001162,172.31.36.0-255,66,84580,10,267961
36453,0.001167,74.125.24.0-255,2902,87482,10,267961
36454,0.001169,172.31.36.0-255,66,87548,10,267961
36455,0.001208,172.31.36.0-255,66,87614,10,267961
36456,0.001213,74.125.24.0-255,2184,89798,10,267961
36457,0.001215,172.31.36.0-255,66,89864,10,267961
36458,0.00124,74.125.24.0-255,1484,91348,10,267961
36459,0.001245,74.125.24.0-255,2902,94250,10,267961
36460,0.001247,172.31.36.0-255,66,94316,10,267961
36461,0.001253,74.125.24.0-255,4320,98636,10,267961
36462,0.001255,172.31.36.0-255,66,98702,10,267961
36463,0.001267,74.125.24.0-255,1484,100186,10,267961
36464,0.001284,74.125.24.0-255,1484,101670,10,267961
36465,0.001286,172.31.36.0-255,66,101736,10,267961
36466,0.001315,172.31.36.0-255,66,101802,10,267961
36467,0.001322,74.125.24.0-255,7156,108958,10,267961
36468,0.001325,172.31.36.0-255,66,109024,10,267961
36469,0.001349,74.125.24.0-255,3602,112626,10,267961
36470,0.001352,172.31.36.0-255,66,112692,10,267961
36471,0.001355,74.125.24.0-255,1484,114176,10,267961
36472,0.001373,74.125.24.0-255,2902,117078,10,267961
36473,0.001376,172.31.36.0-255,66,117144,10,267961
36474,0.001379,74.125.24.0-255,1484,118628,10,267961
36475,0.001395,74.125.24.0-255,2902,121530,10,267961
36476,0.001397,172.31.36.0-255,66,121596,10,267961
36477,0.001416,74.125.24.0-255,5738,127334,10,267961
36478,0.001418,172.31.36.0-255,66,127400,10,267961
36479,0.001425,74.125.24.0-255,5738,133138,10,267961
36480,0.001427,172.31.36.0-255,66,133204,10,267961
36481,0.001463,172.31.36.0-255,66,133270,10,267961
36482,0.001481,74.125.24.0-255,1484,134754,10,267961
36483,0.001504,172.31.36.0-255,66,134820,10,267961
36484,0.001523,74.125.24.0-255,1484,136304,10,267961
36485,0.001534,172.31.36.0-255,66,136370,10,267961
36486,0.001556,74.125.24.0-255,7156,143526,10,267961
36487,0.00156,172.31.36.0-255,66,143592,10,267961
36488,0.001581,74.125.24.0-255,3602,147194,10,267961
36489,0.001583,172.31.36.0-255,66,147260,10,267961
36490,0.001602,74.125.24.0-255,1484,148744,10,267961
36491,0.001615,74.125.24.0-255,2902,151646,10,267961
36492,0.001618,74.125.24.0-255,2902,154548,10,267961
36493,0.001623,172.31.36.0-255,66,154614,10,267961
36494,0.001627,172.31.36.0-255,66,154680,10,267961
36495,0.001635,74.125.24.0-255,2902,157582,10,267961
36496,0.001638,172.31.36.0-255,66,157648,10,267961
36497,0.001641,74.125.24.0-255,1484,159132,10,267961
36498,0.00173,74.125.24.0-255,5738,164870,10,267961
36499,0.001744,172.31.36.0-255,66,164936,10,267961
36500,0.001751,74.125.24.0-255,5020,169956,10,267961
36501,0.0018,172.31.36.0-255,66,170022,10,267961
36502,0.001806,74.125.24.0-255,2184,172206,10,267961
36503,0.00183,172.31.36.0-255,66,172272,10,267961
36504,0.001845,74.125.24.0-255,1484,173756,10,267961
36505,0.001849,74.125.24.0-255,1484,175240,10,267961
36506,0.00186,172.31.36.0-255,66,175306,10,267961
36507,0.001864,74.125.24.0-255,1484,176790,10,267961
36508,0.001869,74.125.24.0-255,4320,181110,10,267961
36509,0.00188,74.125.24.0-255,1484,182594,10,267961
36510,0.001884,74.125.24.0-255,2902,185496,10,267961
36511,0.001887,172.31.36.0-255,66,185562,10,267961
36512,0.00192,74.125.24.0-255,7156,192718,10,267961
36513,0.001935,172.31.36.0-255,66,192784,10,267961
36514,0.00195,74.125.24.0-255,3602,196386,10,267961
36515,0.001968,172.31.36.0-255,66,196452,10,267961
36516,0.001999,74.125.24.0-255,4320,200772,10,267961
36517,0.002002,74.125.24.0-255,1484,202256,10,267961
36518,0.002021,74.125.24.0-255,4320,206576,10,267961
36519,0.002028,74.125.24.0-255,5738,212314,10,267961
36520,0.002032,172.31.36.0-255,66,212380,10,267961
36521,0.002042,172.31.36.0-255,66,212446,10,267961
36522,0.002048,74.125.24.0-255,5738,218184,10,267961
36523,0.002055,74.125.24.0-255,7156,225340,10,267961
36524,0.002081,74.125.24.0-255,5020,230360,10,267961
36525,0.002089,172.31.36.0-255,66,230426,10,267961
36526,0.002096,74.125.24.0-255,1484,231910,10,267961
36527,0.002111,74.125.24.0-255,2902,234812,10,267961
36528,0.002116,74.125.24.0-255,2902,237714,10,267961
36529,0.002131,74.125.24.0-255,2902,240616,10,267961
36530,0.002136,172.31.36.0-255,66,240682,10,267961
36531,0.002168,74.125.24.0-255,5738,246420,10,267961
36532,0.002188,172.31.36.0-255,66,246486,10,267961
36533,0.002202,74.125.24.0-255,5020,251506,10,267961
36534,0.002206,74.125.24.0-255,1484,252990,10,267961
36535,0.002224,74.125.24.0-255,5738,258728,10,267961
36536,0.002232,172.31.36.0-255,66,258794,10,267961
36537,0.002246,74.125.24.0-255,2902,261696,10,267961
36538,0.002249,74.125.24.0-255,1297,262993,10,267961
36539,0.002251,74.125.24.0-255,97,263090,10,267961
36540,0.00227,172.31.36.0-255,66,263156,10,267961
36541,0.002303,74.125.24.0-255,105,263261,10,267961
36542,0.0106,172.31.36.0-255,66,263327,10,267961
36543,0.010648,172.31.36.0-255,105,263432,10,267961
36544,0.012689,74.125.24.0-255,66,263498,10,267961
36545,0.033842,172.31.36.0-255,172,263670,10,267961
36546,0.033875,172.31.36.0-255,1113,264783,10,267961
36547,0.033938,172.31.36.0-255,1514,266297,10,267961
36548,0.033939,172.31.36.0-255,1292,267589,10,267961
36549,0.035438,104.244.42.0-255,66,267655,10,267961
36550,0.035466,104.244.42.0-255,66,267721,10,267961
36551,0.035547,104.244.42.0-255,66,267787,10,267961
36552,0.03673,104.244.42.0-255,108,267895,10,267961
36553,0.036738,172.31.36.0-255,66,267961,10,267961
36554,0.0,74.125.200.0-255,153,153,10,408841
36555,2.5e-05,172.31.36.0-255,66,219,10,408841
36556,3.1e-05,74.125.200.0-255,1484,1703,10,408841
36557,3.5e-05,172.31.36.0-255,66,1769,10,408841
36558,5.2e-05,74.125.200.0-255,1484,3253,10,408841
36559,5.5e-05,172.31.36.0-255,66,3319,10,408841
36560,7.8e-05,74.125.200.0-255,1484,4803,10,408841
36561,8.1e-05,172.31.36.0-255,66,4869,10,408841
36562,9.4e-05,74.125.200.0-255,5738,10607,10,408841
36563,9.7e-05,172.31.36.0-255,66,10673,10,408841
36564,0.000104,74.125.200.0-255,6300,16973,10,408841
36565,0.000106,172.31.36.0-255,66,17039,10,408841
36566,0.000109,74.125.200.0-255,1484,18523,10,408841
36567,0.000111,172.31.36.0-255,66,18589,10,408841
36568,0.000138,74.125.200.0-255,5738,24327,10,408841
36569,0.000142,172.31.36.0-255,66,24393,10,408841
36570,0.000147,74.125.200.0-255,2902,27295,10,408841
36571,0.00015,172.31.36.0-255,66,27361,10,408841
36572,0.000176,74.125.200.0-255,3961,31322,10,408841
36573,0.000179,172.31.36.0-255,66,31388,10,408841
36574,0.000284,74.125.200.0-255,1484,32872,10,408841
36575,0.000288,172.31.36.0-255,66,32938,10,408841
36576,0.000323,74.125.200.0-255,2902,35840,10,408841
36577,0.000326,172.31.36.0-255,66,35906,10,408841
36578,0.000332,74.125.200.0-255,2902,38808,10,408841
36579,0.000335,172.31.36.0-255,66,38874,10,408841
36580,0.000346,74.125.200.0-255,4320,43194,10,408841
36581,0.000349,172.31.36.0-255,66,43260,10,408841
36582,0.000354,74.125.200.0-255,2902,46162,10,408841
36583,0.000357,172.31.36.0-255,66,46228,10,408841
36584,0.000385,74.125.200.0-255,2543,48771,10,408841
36585,0.000388,172.31.36.0-255,66,48837,10,408841
36586,0.000395,74.125.200.0-255,5738,54575,10,408841
36587,0.0004,74.125.200.0-255,4320,58895,10,408841
36588,0.000405,172.31.36.0-255,66,58961,10,408841
36589,0.000438,74.125.200.0-255,5738,64699,10,408841
36590,0.000442,74.125.200.0-255,1435,66134,10,408841
36591,0.000443,172.31.36.0-255,66,66200,10,408841
36592,0.000476,74.125.200.0-255,375,66575,10,408841
36593,0.000479,172.31.36.0-255,66,66641,10,408841
36594,0.00065,74.125.200.0-255,1484,68125,10,408841
36595,0.000656,74.125.200.0-255,2902,71027,10,408841
36596,0.00066,172.31.36.0-255,66,71093,10,408841
36597,0.000682,74.125.200.0-255,5738,76831,10,408841
36598,0.000686,172.31.36.0-255,66,76897,10,408841
36599,0.000695,74.125.200.0-255,1484,78381,10,408841
36600,0.000725,74.125.200.0-255,2902,81283,10,408841
36601,0.000734,172.31.36.0-255,66,81349,10,408841
36602,0.000763,74.125.200.0-255,4320,85669,10,408841
36603,0.000767,74.125.200.0-255,2902,88571,10,408841
36604,0.000767,172.31.36.0-255,66,88637,10,408841
36605,0.000772,172.31.36.0-255,66,88703,10,408841
36606,0.000823,74.125.200.0-255,766,89469,10,408841
36607,0.000855,74.125.200.0-255,1484,90953,10,408841
36608,0.000862,172.31.36.0-255,66,91019,10,408841
36609,0.00089,74.125.200.0-255,2902,93921,10,408841
36610,0.000897,172.31.36.0-255,66,93987,10,408841
36611,0.000927,74.125.200.0-255,5738,99725,10,408841
36612,0.000931,74.125.200.0-255,1484,101209,10,408841
36613,0.000934,74.125.200.0-255,2902,104111,10,408841
36614,0.000937,172.31.36.0-255,66,104177,10,408841
36615,0.000941,172.31.36.0-255,66,104243,10,408841
36616,0.000967,74.125.200.0-255,5738,109981,10,408841
36617,0.00097,74.125.200.0-255,1484,111465,10,408841
36618,0.000973,74.125.200.0-255,2902,114367,10,408841
36619,0.000981,172.31.36.0-255,66,114433,10,408841
36620,0.000992,74.125.200.0-255,1484,115917,10,408841
36621,0.001016,74.125.200.0-255,4320,120237,10,408841
36622,0.001021,74.125.200.0-255,2902,123139,10,408841
36623,0.001025,172.31.36.0-255,66,123205,10,408841
36624,0.00105,74.125.200.0-255,766,123971,10,408841
36625,0.001366,172.31.36.0-255,66,124037,10,408841
36626,0.001547,74.125.200.0-255,1484,125521,10,408841
36627,0.001557,74.125.200.0-255,1484,127005,10,408841
36628,0.001572,74.125.200.0-255,1484,128489,10,408841
36629,0.001587,74.125.200.0-255,2902,131391,10,408841
36630,0.001606,74.125.200.0-255,4320,135711,10,408841
36631,0.001648,74.125.200.0-255,7156,142867,10,408841
36632,0.00167,74.125.200.0-255,5738,148605,10,408841
36633,0.001684,74.125.200.0-255,2902,151507,10,408841
36634,0.00169,74.125.200.0-255,4320,155827,10,408841
36635,0.001733,74.125.200.0-255,2184,158011,10,408841
36636,0.00211,74.125.200.0-255,1484,159495,10,408841
36637,0.002117,74.125.200.0-255,2902,162397,10,408841
36638,0.00212,74.125.200.0-255,1484,163881,10,408841
36639,0.00214,74.125.200.0-255,4320,168201,10,408841
36640,0.002144,74.125.200.0-255,2902,171103,10,408841
36641,0.002148,74.125.200.0-255,4320,175423,10,408841
36642,0.002173,74.125.200.0-255,4320,179743,10,408841
36643,0.002194,74.125.200.0-255,4320,184063,10,408841
36644,0.0022,74.125.200.0-255,7156,191219,10,408841
36645,0.002225,74.125.200.0-255,766,191985,10,408841
36646,0.006334,172.31.36.0-255,66,192051,10,408841
36647,0.008626,74.125.200.0-255,5738,197789,10,408841
36648,0.008634,172.31.36.0-255,66,197855,10,408841
36649,0.010899,74.125.200.0-255,5738,203593,10,408841
36650,0.010906,172.31.36.0-255,66,203659,10,408841
36651,0.013183,74.125.200.0-255,5738,209397,10,408841
36652,0.013197,172.31.36.0-255,66,209463,10,408841
36653,0.015467,74.125.200.0-255,5738,215201,10,408841
36654,0.015477,172.31.36.0-255,66,215267,10,408841
36655,0.017777,74.125.200.0-255,5738,221005,10,408841
36656,0.017785,172.31.36.0-255,66,221071,10,408841
36657,0.020058,74.125.200.0-255,5738,226809,10,408841
36658,0.020066,172.31.36.0-255,66,226875,10,408841
36659,0.022358,74.125.200.0-255,5738,232613,10,408841
36660,0.022368,172.31.36.0-255,66,232679,10,408841
36661,0.024651,74.125.200.0-255,5738,238417,10,408841
36662,0.024658,172.31.36.0-255,66,238483,10,408841
36663,0.026939,74.125.200.0-255,5738,244221,10,408841
36664,0.026948,172.31.36.0-255,66,244287,10,408841
36665,0.029222,74.125.200.0-255,5738,250025,10,408841
36666,0.029228,172.31.36.0-255,66,250091,10,408841
36667,0.02964,172.31.36.0-255,167,250258,10,408841
36668,0.029678,172.31.36.0-255,1113,251371,10,408841
36669,0.029757,172.31.36.0-255,1514,252885,10,408841
36670,0.029759,172.31.36.0-255,1290,254175,10,408841
36671,0.031202,104.244.42.0-255,66,254241,10,408841
36672,0.031233,104.244.42.0-255,66,254307,10,408841
36673,0.03135,104.244.42.0-255,66,254373,10,408841
36674,0.031481,74.125.200.0-255,1484,255857,10,408841
36675,0.031512,74.125.200.0-255,4320,260177,10,408841
36676,0.031518,172.31.36.0-255,66,260243,10,408841
36677,0.033778,74.125.200.0-255,2902,263145,10,408841
36678,0.033783,172.31.36.0-255,66,263211,10,408841
36679,0.033819,74.125.200.0-255,2902,266113,10,408841
36680,0.033838,172.31.36.0-255,66,266179,10,408841
36681,0.036047,74.125.200.0-255,2902,269081,10,408841
36682,0.036052,172.31.36.0-255,66,269147,10,408841
36683,0.036094,74.125.200.0-255,1484,270631,10,408841
36684,0.03611,74.125.200.0-255,1484,272115,10,408841
36685,0.036134,172.31.36.0-255,66,272181,10,408841
36686,0.038345,74.125.200.0-255,2902,275083,10,408841
36687,0.038352,172.31.36.0-255,66,275149,10,408841
36688,0.038394,74.125.200.0-255,2902,278051,10,408841
36689,0.038404,172.31.36.0-255,66,278117,10,408841
36690,0.040616,74.125.200.0-255,2902,281019,10,408841
36691,0.040622,172.31.36.0-255,66,281085,10,408841
36692,0.040662,74.125.200.0-255,2902,283987,10,408841
36693,0.040677,172.31.36.0-255,66,284053,10,408841
36694,0.042886,74.125.200.0-255,2902,286955,10,408841
36695,0.042893,172.31.36.0-255,66,287021,10,408841
36696,0.04293,74.125.200.0-255,2902,289923,10,408841
36697,0.042945,172.31.36.0-255,66,289989,10,408841
36698,0.045149,74.125.200.0-255,2902,292891,10,408841
36699,0.045154,172.31.36.0-255,66,292957,10,408841
36700,0.045203,74.125.200.0-255,2902,295859,10,408841
36701,0.04521,172.31.36.0-255,66,295925,10,408841
36702,0.047409,74.125.200.0-255,2902,298827,10,408841
36703,0.047414,172.31.36.0-255,66,298893,10,408841
36704,0.047459,74.125.200.0-255,2902,301795,10,408841
36705,0.047473,172.31.36.0-255,66,301861,10,408841
36706,0.049681,74.125.200.0-255,2902,304763,10,408841
36707,0.049686,172.31.36.0-255,66,304829,10,408841
36708,0.049733,74.125.200.0-255,2902,307731,10,408841
36709,0.049745,172.31.36.0-255,66,307797,10,408841
36710,0.051953,74.125.200.0-255,2902,310699,10,408841
36711,0.051961,172.31.36.0-255,66,310765,10,408841
36712,0.052005,74.125.200.0-255,2902,313667,10,408841
36713,0.052011,172.31.36.0-255,66,313733,10,408841
36714,0.054222,74.125.200.0-255,2902,316635,10,408841
36715,0.054227,172.31.36.0-255,66,316701,10,408841
36716,0.054276,74.125.200.0-255,2902,319603,10,408841
36717,0.054301,172.31.36.0-255,66,319669,10,408841
36718,0.056502,74.125.200.0-255,2902,322571,10,408841
36719,0.05651,172.31.36.0-255,66,322637,10,408841
36720,0.05656,74.125.200.0-255,2902,325539,10,408841
36721,0.056819,172.31.36.0-255,66,325605,10,408841
36722,0.058775,74.125.200.0-255,2902,328507,10,408841
36723,0.058782,172.31.36.0-255,66,328573,10,408841
36724,0.059089,74.125.200.0-255,2902,331475,10,408841
36725,0.059095,172.31.36.0-255,66,331541,10,408841
36726,0.061041,74.125.200.0-255,2902,334443,10,408841
36727,0.061046,172.31.36.0-255,66,334509,10,408841
36728,0.06137,74.125.200.0-255,2902,337411,10,408841
36729,0.061376,172.31.36.0-255,66,337477,10,408841
36730,0.063313,74.125.200.0-255,2902,340379,10,408841
36731,0.063319,172.31.36.0-255,66,340445,10,408841
36732,0.063653,74.125.200.0-255,2902,343347,10,408841
36733,0.063658,172.31.36.0-255,66,343413,10,408841
36734,0.065577,74.125.200.0-255,2902,346315,10,408841
36735,0.065582,172.31.36.0-255,66,346381,10,408841
36736,0.065916,74.125.200.0-255,2902,349283,10,408841
36737,0.065921,172.31.36.0-255,66,349349,10,408841
36738,0.067838,74.125.200.0-255,2902,352251,10,408841
36739,0.067844,172.31.36.0-255,66,352317,10,408841
36740,0.068178,74.125.200.0-255,2902,355219,10,408841
36741,0.068184,172.31.36.0-255,66,355285,10,408841
36742,0.070103,74.125.200.0-255,2902,358187,10,408841
36743,0.070109,172.31.36.0-255,66,358253,10,408841
36744,0.070439,74.125.200.0-255,1484,359737,10,408841
36745,0.070468,74.125.200.0-255,1484,361221,10,408841
36746,0.070472,172.31.36.0-255,66,361287,10,408841
36747,0.072372,74.125.200.0-255,2902,364189,10,408841
36748,0.072377,172.31.36.0-255,66,364255,10,408841
36749,0.072733,74.125.200.0-255,2902,367157,10,408841
36750,0.072738,172.31.36.0-255,66,367223,10,408841
36751,0.074653,74.125.200.0-255,2902,370125,10,408841
36752,0.074661,172.31.36.0-255,66,370191,10,408841
36753,0.074995,74.125.200.0-255,1484,371675,10,408841
36754,0.075024,74.125.200.0-255,1484,373159,10,408841
36755,0.075028,172.31.36.0-255,66,373225,10,408841
36756,0.076924,74.125.200.0-255,2902,376127,10,408841
36757,0.07693,172.31.36.0-255,66,376193,10,408841
36758,0.077283,74.125.200.0-255,2902,379095,10,408841
36759,0.077288,172.31.36.0-255,66,379161,10,408841
36760,0.079198,74.125.200.0-255,2902,382063,10,408841
36761,0.079203,172.31.36.0-255,66,382129,10,408841
36762,0.079555,74.125.200.0-255,2902,385031,10,408841
36763,0.07956,172.31.36.0-255,66,385097,10,408841
36764,0.081469,74.125.200.0-255,2902,387999,10,408841
36765,0.081474,172.31.36.0-255,66,388065,10,408841
36766,0.081824,74.125.200.0-255,2902,390967,10,408841
36767,0.081829,172.31.36.0-255,66,391033,10,408841
36768,0.083729,74.125.200.0-255,2902,393935,10,408841
36769,0.083735,172.31.36.0-255,66,394001,10,408841
36770,0.084086,74.125.200.0-255,2902,396903,10,408841
36771,0.084092,172.31.36.0-255,66,396969,10,408841
36772,0.086,74.125.200.0-255,2902,399871,10,408841
36773,0.086005,172.31.36.0-255,66,399937,10,408841
36774,0.086348,74.125.200.0-255,2902,402839,10,408841
36775,0.086354,172.31.36.0-255,66,402905,10,408841
36776,0.088266,74.125.200.0-255,2902,405807,10,408841
36777,0.088271,172.31.36.0-255,66,405873,10,408841
36778,0.088622,74.125.200.0-255,2902,408775,10,408841
36779,0.088628,172.31.36.0-255,66,408841,10,408841
36780,0.0,74.125.24.0-255,66,66,10,66
36781,0.0,74.125.24.0-255,298,298,10,293351
36782,3.5e-05,172.31.36.0-255,66,364,10,293351
36783,4.2e-05,74.125.24.0-255,1484,1848,10,293351
36784,4.8e-05,172.31.36.0-255,66,1914,10,293351
36785,5.3e-05,74.125.24.0-255,2902,4816,10,293351
36786,5.6e-05,172.31.36.0-255,66,4882,10,293351
36787,6.2e-05,74.125.24.0-255,5738,10620,10,293351
36788,6.5e-05,172.31.36.0-255,66,10686,10,293351
36789,7e-05,74.125.24.0-255,2902,13588,10,293351
36790,7.2e-05,172.31.36.0-255,66,13654,10,293351
36791,9.2e-05,74.125.24.0-255,400,14054,10,293351
36792,9.5e-05,172.31.36.0-255,66,14120,10,293351
36793,0.000202,74.125.24.0-255,1484,15604,10,293351
36794,0.000207,172.31.36.0-255,66,15670,10,293351
36795,0.00021,74.125.24.0-255,1484,17154,10,293351
36796,0.000213,172.31.36.0-255,66,17220,10,293351
36797,0.000226,74.125.24.0-255,1484,18704,10,293351
36798,0.000231,172.31.36.0-255,66,18770,10,293351
36799,0.000237,74.125.24.0-255,5738,24508,10,293351
36800,0.000241,172.31.36.0-255,66,24574,10,293351
36801,0.000292,74.125.24.0-255,5738,30312,10,293351
36802,0.000295,172.31.36.0-255,66,30378,10,293351
36803,0.000306,74.125.24.0-255,1125,31503,10,293351
36804,0.000308,172.31.36.0-255,66,31569,10,293351
36805,0.000326,74.125.24.0-255,7156,38725,10,293351
36806,0.000329,172.31.36.0-255,66,38791,10,293351
36807,0.000334,74.125.24.0-255,4320,43111,10,293351
36808,0.000337,172.31.36.0-255,66,43177,10,293351
36809,0.00037,74.125.24.0-255,1484,44661,10,293351
36810,0.000373,172.31.36.0-255,66,44727,10,293351
36811,0.000394,74.125.24.0-255,3961,48688,10,293351
36812,0.000399,172.31.36.0-255,66,48754,10,293351
36813,0.000778,74.125.24.0-255,1484,50238,10,293351
36814,0.000805,74.125.24.0-255,2902,53140,10,293351
36815,0.000809,172.31.36.0-255,66,53206,10,293351
36816,0.000816,74.125.24.0-255,5738,58944,10,293351
36817,0.000836,74.125.24.0-255,4320,63264,10,293351
36818,0.000854,74.125.24.0-255,2543,65807,10,293351
36819,0.000861,74.125.24.0-255,7156,72963,10,293351
36820,0.000884,74.125.24.0-255,2902,75865,10,293351
36821,0.000907,74.125.24.0-255,6797,82662,10,293351
36822,0.001,74.125.24.0-255,1484,84146,10,293351
36823,0.001018,74.125.24.0-255,2902,87048,10,293351
36824,0.001022,74.125.24.0-255,1484,88532,10,293351
36825,0.001035,74.125.24.0-255,4320,92852,10,293351
36826,0.001038,74.125.24.0-255,1484,94336,10,293351
36827,0.001059,74.125.24.0-255,7156,101492,10,293351
36828,0.001078,74.125.24.0-255,1484,102976,10,293351
36829,0.001104,74.125.24.0-255,5738,108714,10,293351
36830,0.001185,74.125.24.0-255,1484,110198,10,293351
36831,0.001198,74.125.24.0-255,1484,111682,10,293351
36832,0.001216,74.125.24.0-255,1484,113166,10,293351
36833,0.001222,74.125.24.0-255,5738,118904,10,293351
36834,0.001247,74.125.24.0-255,2902,121806,10,293351
36835,0.00126,74.125.24.0-255,1484,123290,10,293351
36836,0.001266,74.125.24.0-255,5738,129028,10,293351
36837,0.001282,74.125.24.0-255,2902,131930,10,293351
36838,0.001302,74.125.24.0-255,2184,134114,10,293351
36839,0.001329,74.125.24.0-255,212,134326,10,293351
36840,0.001359,74.125.24.0-255,1484,135810,10,293351
36841,0.001381,74.125.24.0-255,4320,140130,10,293351
36842,0.001384,74.125.24.0-255,1484,141614,10,293351
36843,0.001402,74.125.24.0-255,7156,148770,10,293351
36844,0.001419,74.125.24.0-255,2902,151672,10,293351
36845,0.001457,74.125.24.0-255,2902,154574,10,293351
36846,0.001472,74.125.24.0-255,5020,159594,10,293351
36847,0.001891,74.125.24.0-255,1484,161078,10,293351
36848,0.001899,74.125.24.0-255,2902,163980,10,293351
36849,0.001902,74.125.24.0-255,1484,165464,10,293351
36850,0.001923,74.125.24.0-255,4320,169784,10,293351
36851,0.001929,74.125.24.0-255,5738,175522,10,293351
36852,0.001949,74.125.24.0-255,7156,182678,10,293351
36853,0.001968,74.125.24.0-255,1484,184162,10,293351
36854,0.001992,74.125.24.0-255,766,184928,10,293351
36855,0.002138,74.125.24.0-255,1484,186412,10,293351
36856,0.002148,74.125.24.0-255,1484,187896,10,293351
36857,0.002165,74.125.24.0-255,1484,189380,10,293351
36858,0.002171,74.125.24.0-255,5738,195118,10,293351
36859,0.002216,74.125.24.0-255,1484,196602,10,293351
36860,0.002284,74.125.24.0-255,1484,198086,10,293351
36861,0.002292,74.125.24.0-255,2902,200988,10,293351
36862,0.002295,74.125.24.0-255,1484,202472,10,293351
36863,0.002313,74.125.24.0-255,4320,206792,10,293351
36864,0.002327,74.125.24.0-255,2902,209694,10,293351
36865,0.002349,74.125.24.0-255,4320,214014,10,293351
36866,0.00237,74.125.24.0-255,6438,220452,10,293351
36867,0.002373,74.125.24.0-255,1484,221936,10,293351
36868,0.0024,74.125.24.0-255,1484,223420,10,293351
36869,0.002448,74.125.24.0-255,4320,227740,10,293351
36870,0.002463,74.125.24.0-255,2184,229924,10,293351
36871,0.002533,74.125.24.0-255,1484,231408,10,293351
36872,0.002537,74.125.24.0-255,2902,234310,10,293351
36873,0.002553,74.125.24.0-255,2902,237212,10,293351
36874,0.002568,74.125.24.0-255,2902,240114,10,293351
36875,0.002587,74.125.24.0-255,4320,244434,10,293351
36876,0.002591,74.125.24.0-255,2902,247336,10,293351
36877,0.002605,74.125.24.0-255,2902,250238,10,293351
36878,0.002617,74.125.24.0-255,4320,254558,10,293351
36879,0.002628,74.125.24.0-255,766,255324,10,293351
36880,0.002645,74.125.24.0-255,1484,256808,10,293351
36881,0.002657,74.125.24.0-255,2902,259710,10,293351
36882,0.002677,74.125.24.0-255,5738,265448,10,293351
36883,0.0027,74.125.24.0-255,5738,271186,10,293351
36884,0.002715,74.125.24.0-255,7156,278342,10,293351
36885,0.002721,74.125.24.0-255,5738,284080,10,293351
36886,0.002733,74.125.24.0-255,1484,285564,10,293351
36887,0.002748,74.125.24.0-255,1484,287048,10,293351
36888,0.002808,74.125.24.0-255,1484,288532,10,293351
36889,0.002811,74.125.24.0-255,174,288706,10,293351
36890,0.002859,74.125.24.0-255,105,288811,10,293351
36891,0.006011,172.31.36.0-255,66,288877,10,293351
36892,0.009546,172.31.36.0-255,105,288982,10,293351
36893,0.012119,74.125.24.0-255,66,289048,10,293351
36894,0.033005,172.31.36.0-255,188,289236,10,293351
36895,0.033036,172.31.36.0-255,956,290192,10,293351
36896,0.033084,172.31.36.0-255,1514,291706,10,293351
36897,0.033086,172.31.36.0-255,1447,293153,10,293351
36898,0.034583,104.244.42.0-255,66,293219,10,293351
36899,0.034591,104.244.42.0-255,66,293285,10,293351
36900,0.034711,104.244.42.0-255,66,293351,10,293351
36901,0.0,74.125.68.0-255,145,145,10,364827
36902,3.2e-05,172.31.36.0-255,66,211,10,364827
36903,3.8e-05,74.125.68.0-255,1484,1695,10,364827
36904,4.2e-05,172.31.36.0-255,66,1761,10,364827
36905,4.7e-05,74.125.68.0-255,2902,4663,10,364827
36906,5.9e-05,172.31.36.0-255,66,4729,10,364827
36907,6.5e-05,74.125.68.0-255,5738,10467,10,364827
36908,6.8e-05,172.31.36.0-255,66,10533,10,364827
36909,7.4e-05,74.125.68.0-255,4800,15333,10,364827
36910,7.7e-05,172.31.36.0-255,66,15399,10,364827
36911,0.000105,74.125.68.0-255,2902,18301,10,364827
36912,0.000108,172.31.36.0-255,66,18367,10,364827
36913,0.000137,74.125.68.0-255,2902,21269,10,364827
36914,0.00014,172.31.36.0-255,66,21335,10,364827
36915,0.000144,74.125.68.0-255,1484,22819,10,364827
36916,0.000146,172.31.36.0-255,66,22885,10,364827
36917,0.00015,74.125.68.0-255,2902,25787,10,364827
36918,0.000152,172.31.36.0-255,66,25853,10,364827
36919,0.000185,74.125.68.0-255,4320,30173,10,364827
36920,0.000188,172.31.36.0-255,66,30239,10,364827
36921,0.000225,74.125.68.0-255,1125,31364,10,364827
36922,0.000228,172.31.36.0-255,66,31430,10,364827
36923,0.000311,74.125.68.0-255,1484,32914,10,364827
36924,0.000316,172.31.36.0-255,66,32980,10,364827
36925,0.000344,74.125.68.0-255,2902,35882,10,364827
36926,0.000348,172.31.36.0-255,66,35948,10,364827
36927,0.000355,74.125.68.0-255,5738,41686,10,364827
36928,0.000358,172.31.36.0-255,66,41752,10,364827
36929,0.000389,74.125.68.0-255,6797,48549,10,364827
36930,0.000395,172.31.36.0-255,66,48615,10,364827
36931,0.000398,74.125.68.0-255,1484,50099,10,364827
36932,0.0004,172.31.36.0-255,66,50165,10,364827
36933,0.000437,74.125.68.0-255,5738,55903,10,364827
36934,0.000442,172.31.36.0-255,66,55969,10,364827
36935,0.000448,74.125.68.0-255,5738,61707,10,364827
36936,0.000454,172.31.36.0-255,66,61773,10,364827
36937,0.00047,74.125.68.0-255,1484,63257,10,364827
36938,0.000495,74.125.68.0-255,2855,66112,10,364827
36939,0.000499,172.31.36.0-255,66,66178,10,364827
36940,0.000696,74.125.68.0-255,112,66290,10,364827
36941,0.000813,172.31.36.0-255,66,66356,10,364827
36942,0.000977,74.125.68.0-255,1484,67840,10,364827
36943,0.000986,74.125.68.0-255,2902,70742,10,364827
36944,0.00099,172.31.36.0-255,66,70808,10,364827
36945,0.001022,74.125.68.0-255,5738,76546,10,364827
36946,0.001026,172.31.36.0-255,66,76612,10,364827
36947,0.001031,74.125.68.0-255,2902,79514,10,364827
36948,0.001034,172.31.36.0-255,66,79580,10,364827
36949,0.001068,74.125.68.0-255,3961,83541,10,364827
36950,0.001072,172.31.36.0-255,66,83607,10,364827
36951,0.00108,74.125.68.0-255,7156,90763,10,364827
36952,0.001083,172.31.36.0-255,66,90829,10,364827
36953,0.00109,74.125.68.0-255,7156,97985,10,364827
36954,0.001095,172.31.36.0-255,66,98051,10,364827
36955,0.001114,74.125.68.0-255,2543,100594,10,364827
36956,0.001117,172.31.36.0-255,66,100660,10,364827
36957,0.002109,74.125.68.0-255,1484,102144,10,364827
36958,0.002166,74.125.68.0-255,2902,105046,10,364827
36959,0.002171,172.31.36.0-255,66,105112,10,364827
36960,0.002175,74.125.68.0-255,1484,106596,10,364827
36961,0.002179,74.125.68.0-255,2902,109498,10,364827
36962,0.002181,172.31.36.0-255,66,109564,10,364827
36963,0.002191,74.125.68.0-255,5738,115302,10,364827
36964,0.002193,172.31.36.0-255,66,115368,10,364827
36965,0.002199,74.125.68.0-255,5738,121106,10,364827
36966,0.002201,172.31.36.0-255,66,121172,10,364827
36967,0.002206,74.125.68.0-255,4320,125492,10,364827
36968,0.002208,172.31.36.0-255,66,125558,10,364827
36969,0.00223,74.125.68.0-255,2902,128460,10,364827
36970,0.002232,172.31.36.0-255,66,128526,10,364827
36971,0.002237,74.125.68.0-255,4320,132846,10,364827
36972,0.00224,172.31.36.0-255,66,132912,10,364827
36973,0.002266,74.125.68.0-255,2184,135096,10,364827
36974,0.002268,172.31.36.0-255,66,135162,10,364827
36975,0.00236,74.125.68.0-255,1484,136646,10,364827
36976,0.002377,74.125.68.0-255,2902,139548,10,364827
36977,0.002379,172.31.36.0-255,66,139614,10,364827
36978,0.002383,74.125.68.0-255,1484,141098,10,364827
36979,0.002411,74.125.68.0-255,2902,144000,10,364827
36980,0.002415,172.31.36.0-255,66,144066,10,364827
36981,0.00242,74.125.68.0-255,4320,148386,10,364827
36982,0.002423,172.31.36.0-255,66,148452,10,364827
36983,0.002454,74.125.68.0-255,4320,152772,10,364827
36984,0.002457,172.31.36.0-255,66,152838,10,364827
36985,0.002462,74.125.68.0-255,4320,157158,10,364827
36986,0.002465,172.31.36.0-255,66,157224,10,364827
36987,0.002495,74.125.68.0-255,4320,161544,10,364827
36988,0.002498,172.31.36.0-255,66,161610,10,364827
36989,0.002521,172.31.36.0-255,66,161676,10,364827
36990,0.005019,74.125.68.0-255,5738,167414,10,364827
36991,0.005025,172.31.36.0-255,66,167480,10,364827
36992,0.007534,74.125.68.0-255,5738,173218,10,364827
36993,0.007539,172.31.36.0-255,66,173284,10,364827
36994,0.010056,74.125.68.0-255,5738,179022,10,364827
36995,0.010065,172.31.36.0-255,66,179088,10,364827
36996,0.012574,74.125.68.0-255,5738,184826,10,364827
36997,0.012582,172.31.36.0-255,66,184892,10,364827
36998,0.015099,74.125.68.0-255,5738,190630,10,364827
36999,0.01511,172.31.36.0-255,66,190696,10,364827
37000,0.017619,74.125.68.0-255,5738,196434,10,364827
37001,0.017628,172.31.36.0-255,66,196500,10,364827
37002,0.020136,74.125.68.0-255,5738,202238,10,364827
37003,0.020142,172.31.36.0-255,66,202304,10,364827
37004,0.02266,74.125.68.0-255,5738,208042,10,364827
37005,0.02267,172.31.36.0-255,66,208108,10,364827
37006,0.025163,74.125.68.0-255,5738,213846,10,364827
37007,0.025171,172.31.36.0-255,66,213912,10,364827
37008,0.025969,172.31.36.0-255,182,214094,10,364827
37009,0.025999,172.31.36.0-255,980,215074,10,364827
37010,0.026037,172.31.36.0-255,1514,216588,10,364827
37011,0.026058,172.31.36.0-255,1423,218011,10,364827
37012,0.02753,104.244.42.0-255,66,218077,10,364827
37013,0.027537,104.244.42.0-255,66,218143,10,364827
37014,0.027632,104.244.42.0-255,66,218209,10,364827
37015,0.027674,74.125.68.0-255,5738,223947,10,364827
37016,0.027678,172.31.36.0-255,66,224013,10,364827
37017,0.03018,74.125.68.0-255,5738,229751,10,364827
37018,0.030187,172.31.36.0-255,66,229817,10,364827
37019,0.032702,74.125.68.0-255,5738,235555,10,364827
37020,0.032708,172.31.36.0-255,66,235621,10,364827
37021,0.035218,74.125.68.0-255,5738,241359,10,364827
37022,0.035224,172.31.36.0-255,66,241425,10,364827
37023,0.037752,74.125.68.0-255,2902,244327,10,364827
37024,0.037758,172.31.36.0-255,66,244393,10,364827
37025,0.037787,74.125.68.0-255,2902,247295,10,364827
37026,0.037791,172.31.36.0-255,66,247361,10,364827
37027,0.040247,74.125.68.0-255,2902,250263,10,364827
37028,0.040252,172.31.36.0-255,66,250329,10,364827
37029,0.040291,74.125.68.0-255,2902,253231,10,364827
37030,0.040294,172.31.36.0-255,66,253297,10,364827
37031,0.04274,74.125.68.0-255,2902,256199,10,364827
37032,0.04276,172.31.36.0-255,66,256265,10,364827
37033,0.042788,74.125.68.0-255,2902,259167,10,364827
37034,0.042794,172.31.36.0-255,66,259233,10,364827
37035,0.045275,74.125.68.0-255,5738,264971,10,364827
37036,0.04528,172.31.36.0-255,66,265037,10,364827
37037,0.047792,74.125.68.0-255,5738,270775,10,364827
37038,0.047798,172.31.36.0-255,66,270841,10,364827
37039,0.050296,74.125.68.0-255,5738,276579,10,364827
37040,0.050302,172.31.36.0-255,66,276645,10,364827
37041,0.052808,74.125.68.0-255,5738,282383,10,364827
37042,0.052814,172.31.36.0-255,66,282449,10,364827
37043,0.055338,74.125.68.0-255,5738,288187,10,364827
37044,0.055342,172.31.36.0-255,66,288253,10,364827
37045,0.057841,74.125.68.0-255,5738,293991,10,364827
37046,0.057847,172.31.36.0-255,66,294057,10,364827
37047,0.060338,74.125.68.0-255,5738,299795,10,364827
37048,0.060342,172.31.36.0-255,66,299861,10,364827
37049,0.062839,74.125.68.0-255,5738,305599,10,364827
37050,0.062845,172.31.36.0-255,66,305665,10,364827
37051,0.065343,74.125.68.0-255,5738,311403,10,364827
37052,0.06535,172.31.36.0-255,66,311469,10,364827
37053,0.067853,74.125.68.0-255,2902,314371,10,364827
37054,0.067858,172.31.36.0-255,66,314437,10,364827
37055,0.067893,74.125.68.0-255,2902,317339,10,364827
37056,0.067896,172.31.36.0-255,66,317405,10,364827
37057,0.070346,74.125.68.0-255,2902,320307,10,364827
37058,0.070352,172.31.36.0-255,66,320373,10,364827
37059,0.070403,74.125.68.0-255,2902,323275,10,364827
37060,0.070407,172.31.36.0-255,66,323341,10,364827
37061,0.07285,74.125.68.0-255,2902,326243,10,364827
37062,0.072856,172.31.36.0-255,66,326309,10,364827
37063,0.072899,74.125.68.0-255,2902,329211,10,364827
37064,0.072904,172.31.36.0-255,66,329277,10,364827
37065,0.075346,74.125.68.0-255,2902,332179,10,364827
37066,0.075351,172.31.36.0-255,66,332245,10,364827
37067,0.075392,74.125.68.0-255,2902,335147,10,364827
37068,0.075396,172.31.36.0-255,66,335213,10,364827
37069,0.077846,74.125.68.0-255,2902,338115,10,364827
37070,0.077851,172.31.36.0-255,66,338181,10,364827
37071,0.077893,74.125.68.0-255,2902,341083,10,364827
37072,0.077897,172.31.36.0-255,66,341149,10,364827
37073,0.080348,74.125.68.0-255,2902,344051,10,364827
37074,0.080354,172.31.36.0-255,66,344117,10,364827
37075,0.080392,74.125.68.0-255,2902,347019,10,364827
37076,0.080395,172.31.36.0-255,66,347085,10,364827
37077,0.082849,74.125.68.0-255,2902,349987,10,364827
37078,0.082856,172.31.36.0-255,66,350053,10,364827
37079,0.082892,74.125.68.0-255,2902,352955,10,364827
37080,0.082895,172.31.36.0-255,66,353021,10,364827
37081,0.08535,74.125.68.0-255,2902,355923,10,364827
37082,0.085355,172.31.36.0-255,66,355989,10,364827
37083,0.085387,74.125.68.0-255,2902,358891,10,364827
37084,0.08539,172.31.36.0-255,66,358957,10,364827
37085,0.08784,74.125.68.0-255,1484,360441,10,364827
37086,0.087877,74.125.68.0-255,4320,364761,10,364827
37087,0.087882,172.31.36.0-255,66,364827,10,364827
37088,0.0,172.217.194.0-255,146,146,10,300357
37089,2e-05,172.31.36.0-255,66,212,10,300357
37090,2.7e-05,172.217.194.0-255,1484,1696,10,300357
37091,3.2e-05,172.31.36.0-255,66,1762,10,300357
37092,4.8e-05,172.217.194.0-255,2902,4664,10,300357
37093,5.3e-05,172.31.36.0-255,66,4730,10,300357
37094,6e-05,172.217.194.0-255,7156,11886,10,300357
37095,6.3e-05,172.31.36.0-255,66,11952,10,300357
37096,6.7e-05,172.217.194.0-255,2104,14056,10,300357
37097,7e-05,172.31.36.0-255,66,14122,10,300357
37098,0.000107,172.217.194.0-255,2902,17024,10,300357
37099,0.00011,172.31.36.0-255,66,17090,10,300357
37100,0.000116,172.217.194.0-255,4320,21410,10,300357
37101,0.000119,172.31.36.0-255,66,21476,10,300357
37102,0.00013,172.31.36.0-255,66,21542,10,300357
37103,0.000154,172.217.194.0-255,1125,22667,10,300357
37104,0.000157,172.31.36.0-255,66,22733,10,300357
37105,0.000938,172.217.194.0-255,1484,24217,10,300357
37106,0.000944,172.31.36.0-255,66,24283,10,300357
37107,0.000954,172.217.194.0-255,2902,27185,10,300357
37108,0.000957,172.31.36.0-255,66,27251,10,300357
37109,0.000969,172.217.194.0-255,5738,32989,10,300357
37110,0.000972,172.31.36.0-255,66,33055,10,300357
37111,0.001006,172.217.194.0-255,6797,39852,10,300357
37112,0.001009,172.31.36.0-255,66,39918,10,300357
37113,0.001012,172.217.194.0-255,1484,41402,10,300357
37114,0.001014,172.31.36.0-255,66,41468,10,300357
37115,0.001045,172.217.194.0-255,5738,47206,10,300357
37116,0.001048,172.31.36.0-255,66,47272,10,300357
37117,0.001059,172.31.36.0-255,66,47338,10,300357
37118,0.001062,172.217.194.0-255,1377,48715,10,300357
37119,0.001113,172.217.194.0-255,118,48833,10,300357
37120,0.001223,172.217.194.0-255,1484,50317,10,300357
37121,0.001228,172.31.36.0-255,66,50383,10,300357
37122,0.001234,172.217.194.0-255,2902,53285,10,300357
37123,0.001237,172.31.36.0-255,66,53351,10,300357
37124,0.001249,172.217.194.0-255,5738,59089,10,300357
37125,0.001251,172.31.36.0-255,66,59155,10,300357
37126,0.001288,172.31.36.0-255,66,59221,10,300357
37127,0.001318,172.217.194.0-255,4320,63541,10,300357
37128,0.001321,172.31.36.0-255,66,63607,10,300357
37129,0.00136,172.31.36.0-255,66,63673,10,300357
37130,0.001373,172.31.36.0-255,66,63739,10,300357
37131,0.001435,172.31.36.0-255,66,63805,10,300357
37132,0.001887,172.217.194.0-255,1484,65289,10,300357
37133,0.001896,172.217.194.0-255,2902,68191,10,300357
37134,0.001901,172.31.36.0-255,66,68257,10,300357
37135,0.001908,172.217.194.0-255,2902,71159,10,300357
37136,0.00191,172.31.36.0-255,66,71225,10,300357
37137,0.001931,172.217.194.0-255,2902,74127,10,300357
37138,0.001934,172.31.36.0-255,66,74193,10,300357
37139,0.001947,172.31.36.0-255,66,74259,10,300357
37140,0.001981,172.217.194.0-255,2902,77161,10,300357
37141,0.001983,172.31.36.0-255,66,77227,10,300357
37142,0.001998,172.31.36.0-255,66,77293,10,300357
37143,0.002227,172.217.194.0-255,1484,78777,10,300357
37144,0.002242,172.217.194.0-255,2902,81679,10,300357
37145,0.002245,172.31.36.0-255,66,81745,10,300357
37146,0.002264,172.217.194.0-255,5738,87483,10,300357
37147,0.002267,172.31.36.0-255,66,87549,10,300357
37148,0.002307,172.31.36.0-255,66,87615,10,300357
37149,0.002324,172.31.36.0-255,66,87681,10,300357
37150,0.002356,172.31.36.0-255,66,87747,10,300357
37151,0.004705,172.217.194.0-255,5738,93485,10,300357
37152,0.004711,172.31.36.0-255,66,93551,10,300357
37153,0.007043,172.217.194.0-255,5738,99289,10,300357
37154,0.007048,172.31.36.0-255,66,99355,10,300357
37155,0.009388,172.217.194.0-255,5738,105093,10,300357
37156,0.009396,172.31.36.0-255,66,105159,10,300357
37157,0.011728,172.217.194.0-255,5738,110897,10,300357
37158,0.011737,172.31.36.0-255,66,110963,10,300357
37159,0.014075,172.217.194.0-255,5738,116701,10,300357
37160,0.014082,172.31.36.0-255,66,116767,10,300357
37161,0.016412,172.217.194.0-255,5738,122505,10,300357
37162,0.016419,172.31.36.0-255,66,122571,10,300357
37163,0.018758,172.217.194.0-255,5738,128309,10,300357
37164,0.018769,172.31.36.0-255,66,128375,10,300357
37165,0.021108,172.217.194.0-255,5738,134113,10,300357
37166,0.021115,172.31.36.0-255,66,134179,10,300357
37167,0.02344,172.217.194.0-255,5738,139917,10,300357
37168,0.023448,172.31.36.0-255,66,139983,10,300357
37169,0.025766,172.217.194.0-255,5738,145721,10,300357
37170,0.025775,172.31.36.0-255,66,145787,10,300357
37171,0.028092,172.217.194.0-255,5738,151525,10,300357
37172,0.028102,172.31.36.0-255,66,151591,10,300357
37173,0.030455,172.217.194.0-255,5738,157329,10,300357
37174,0.030463,172.31.36.0-255,66,157395,10,300357
37175,0.0328,172.217.194.0-255,5738,163133,10,300357
37176,0.032808,172.31.36.0-255,66,163199,10,300357
37177,0.035152,172.217.194.0-255,5738,168937,10,300357
37178,0.035159,172.31.36.0-255,66,169003,10,300357
37179,0.036392,172.31.36.0-255,176,169179,10,300357
37180,0.036422,172.31.36.0-255,1112,170291,10,300357
37181,0.03648,172.31.36.0-255,1514,171805,10,300357
37182,0.036482,172.31.36.0-255,1293,173098,10,300357
37183,0.037506,172.217.194.0-255,5738,178836,10,300357
37184,0.037514,172.31.36.0-255,66,178902,10,300357
37185,0.037946,104.244.42.0-255,66,178968,10,300357
37186,0.037976,104.244.42.0-255,66,179034,10,300357
37187,0.038003,104.244.42.0-255,66,179100,10,300357
37188,0.039891,172.217.194.0-255,5738,184838,10,300357
37189,0.039899,172.31.36.0-255,66,184904,10,300357
37190,0.042217,172.217.194.0-255,5738,190642,10,300357
37191,0.042224,172.31.36.0-255,66,190708,10,300357
37192,0.044552,172.217.194.0-255,5738,196446,10,300357
37193,0.04456,172.31.36.0-255,66,196512,10,300357
37194,0.046883,172.217.194.0-255,5738,202250,10,300357
37195,0.04689,172.31.36.0-255,66,202316,10,300357
37196,0.049228,172.217.194.0-255,5738,208054,10,300357
37197,0.049235,172.31.36.0-255,66,208120,10,300357
37198,0.051597,172.217.194.0-255,5738,213858,10,300357
37199,0.051605,172.31.36.0-255,66,213924,10,300357
37200,0.053949,172.217.194.0-255,5738,219662,10,300357
37201,0.053956,172.31.36.0-255,66,219728,10,300357
37202,0.056292,172.217.194.0-255,5738,225466,10,300357
37203,0.056299,172.31.36.0-255,66,225532,10,300357
37204,0.058623,172.217.194.0-255,5738,231270,10,300357
37205,0.058629,172.31.36.0-255,66,231336,10,300357
37206,0.060976,172.217.194.0-255,5738,237074,10,300357
37207,0.060984,172.31.36.0-255,66,237140,10,300357
37208,0.063344,172.217.194.0-255,5738,242878,10,300357
37209,0.063351,172.31.36.0-255,66,242944,10,300357
37210,0.065692,172.217.194.0-255,5738,248682,10,300357
37211,0.065699,172.31.36.0-255,66,248748,10,300357
37212,0.068018,172.217.194.0-255,5738,254486,10,300357
37213,0.068025,172.31.36.0-255,66,254552,10,300357
37214,0.070357,172.217.194.0-255,5738,260290,10,300357
37215,0.070366,172.31.36.0-255,66,260356,10,300357
37216,0.072694,172.217.194.0-255,5738,266094,10,300357
37217,0.0727,172.31.36.0-255,66,266160,10,300357
37218,0.075035,172.217.194.0-255,5738,271898,10,300357
37219,0.075041,172.31.36.0-255,66,271964,10,300357
37220,0.077383,172.217.194.0-255,5738,277702,10,300357
37221,0.07739,172.31.36.0-255,66,277768,10,300357
37222,0.079704,172.217.194.0-255,5738,283506,10,300357
37223,0.079711,172.31.36.0-255,66,283572,10,300357
37224,0.082092,172.217.194.0-255,5738,289310,10,300357
37225,0.082099,172.31.36.0-255,66,289376,10,300357
37226,0.084421,172.217.194.0-255,5738,295114,10,300357
37227,0.084428,172.31.36.0-255,66,295180,10,300357
37228,0.08674,172.217.194.0-255,4940,300120,10,300357
37229,0.086747,172.31.36.0-255,66,300186,10,300357
37230,0.086933,172.31.36.0-255,105,300291,10,300357
37231,0.089256,172.217.194.0-255,66,300357,10,300357
37232,0.0,74.125.24.0-255,298,298,10,312973
37233,1.5e-05,172.31.36.0-255,66,364,10,312973
37234,2.4e-05,74.125.24.0-255,1484,1848,10,312973
37235,2.9e-05,172.31.36.0-255,66,1914,10,312973
37236,3.6e-05,74.125.24.0-255,4320,6234,10,312973
37237,3.9e-05,172.31.36.0-255,66,6300,10,312973
37238,6.1e-05,172.31.36.0-255,66,6366,10,312973
37239,7.6e-05,172.31.36.0-255,66,6432,10,312973
37240,0.000139,74.125.24.0-255,2543,8975,10,312973
37241,0.000142,172.31.36.0-255,66,9041,10,312973
37242,0.000168,74.125.24.0-255,1484,10525,10,312973
37243,0.000171,172.31.36.0-255,66,10591,10,312973
37244,0.000176,74.125.24.0-255,2902,13493,10,312973
37245,0.000179,172.31.36.0-255,66,13559,10,312973
37246,0.0002,74.125.24.0-255,5738,19297,10,312973
37247,0.000203,172.31.36.0-255,66,19363,10,312973
37248,0.00021,74.125.24.0-255,5738,25101,10,312973
37249,0.000213,172.31.36.0-255,66,25167,10,312973
37250,0.000244,74.125.24.0-255,2543,27710,10,312973
37251,0.000246,172.31.36.0-255,66,27776,10,312973
37252,0.000264,172.31.36.0-255,66,27842,10,312973
37253,0.000267,74.125.24.0-255,414,28256,10,312973
37254,0.000268,172.31.36.0-255,66,28322,10,312973
37255,0.0004,74.125.24.0-255,331,28653,10,312973
37256,0.000405,172.31.36.0-255,66,28719,10,312973
37257,0.000781,74.125.24.0-255,1484,30203,10,312973
37258,0.000786,172.31.36.0-255,66,30269,10,312973
37259,0.000793,74.125.24.0-255,2902,33171,10,312973
37260,0.000795,172.31.36.0-255,66,33237,10,312973
37261,0.0008,74.125.24.0-255,2902,36139,10,312973
37262,0.000802,172.31.36.0-255,66,36205,10,312973
37263,0.000841,74.125.24.0-255,2902,39107,10,312973
37264,0.000844,172.31.36.0-255,66,39173,10,312973
37265,0.000851,74.125.24.0-255,5738,44911,10,312973
37266,0.000853,172.31.36.0-255,66,44977,10,312973
37267,0.000867,172.31.36.0-255,66,45043,10,312973
37268,0.000912,74.125.24.0-255,5020,50063,10,312973
37269,0.000915,172.31.36.0-255,66,50129,10,312973
37270,0.00162,74.125.24.0-255,1484,51613,10,312973
37271,0.00163,74.125.24.0-255,2902,54515,10,312973
37272,0.001634,172.31.36.0-255,66,54581,10,312973
37273,0.001641,74.125.24.0-255,5738,60319,10,312973
37274,0.001643,172.31.36.0-255,66,60385,10,312973
37275,0.001686,172.31.36.0-255,66,60451,10,312973
37276,0.001696,172.31.36.0-255,66,60517,10,312973
37277,0.001726,74.125.24.0-255,2184,62701,10,312973
37278,0.001728,172.31.36.0-255,66,62767,10,312973
37279,0.001782,74.125.24.0-255,1484,64251,10,312973
37280,0.001787,74.125.24.0-255,1484,65735,10,312973
37281,0.00179,172.31.36.0-255,66,65801,10,312973
37282,0.001818,74.125.24.0-255,1484,67285,10,312973
37283,0.001825,74.125.24.0-255,5738,73023,10,312973
37284,0.001827,172.31.36.0-255,66,73089,10,312973
37285,0.001841,172.31.36.0-255,66,73155,10,312973
37286,0.001849,74.125.24.0-255,7156,80311,10,312973
37287,0.001851,172.31.36.0-255,66,80377,10,312973
37288,0.001878,74.125.24.0-255,3602,83979,10,312973
37289,0.00188,172.31.36.0-255,66,84045,10,312973
37290,0.00191,74.125.24.0-255,4320,88365,10,312973
37291,0.001912,172.31.36.0-255,66,88431,10,312973
37292,0.001916,74.125.24.0-255,1484,89915,10,312973
37293,0.001955,172.31.36.0-255,66,89981,10,312973
37294,0.001969,172.31.36.0-255,66,90047,10,312973
37295,0.002006,172.31.36.0-255,66,90113,10,312973
37296,0.00201,74.125.24.0-255,1484,91597,10,312973
37297,0.002037,74.125.24.0-255,7156,98753,10,312973
37298,0.00204,172.31.36.0-255,66,98819,10,312973
37299,0.002076,74.125.24.0-255,5738,104557,10,312973
37300,0.00208,172.31.36.0-255,66,104623,10,312973
37301,0.002111,74.125.24.0-255,5738,110361,10,312973
37302,0.002114,172.31.36.0-255,66,110427,10,312973
37303,0.002119,74.125.24.0-255,2902,113329,10,312973
37304,0.002121,172.31.36.0-255,66,113395,10,312973
37305,0.004093,74.125.24.0-255,5738,119133,10,312973
37306,0.004107,172.31.36.0-255,66,119199,10,312973
37307,0.00609,74.125.24.0-255,5738,124937,10,312973
37308,0.006094,172.31.36.0-255,66,125003,10,312973
37309,0.008075,74.125.24.0-255,5738,130741,10,312973
37310,0.008086,172.31.36.0-255,66,130807,10,312973
37311,0.010077,74.125.24.0-255,5738,136545,10,312973
37312,0.010084,172.31.36.0-255,66,136611,10,312973
37313,0.012038,74.125.24.0-255,4320,140931,10,312973
37314,0.012046,172.31.36.0-255,66,140997,10,312973
37315,0.012082,74.125.24.0-255,1484,142481,10,312973
37316,0.014028,74.125.24.0-255,4320,146801,10,312973
37317,0.014035,172.31.36.0-255,66,146867,10,312973
37318,0.016036,74.125.24.0-255,5738,152605,10,312973
37319,0.016044,172.31.36.0-255,66,152671,10,312973
37320,0.017975,74.125.24.0-255,5738,158409,10,312973
37321,0.017981,172.31.36.0-255,66,158475,10,312973
37322,0.019936,74.125.24.0-255,5738,164213,10,312973
37323,0.019944,172.31.36.0-255,66,164279,10,312973
37324,0.021887,74.125.24.0-255,5738,170017,10,312973
37325,0.021894,172.31.36.0-255,66,170083,10,312973
37326,0.023877,74.125.24.0-255,5738,175821,10,312973
37327,0.023888,172.31.36.0-255,66,175887,10,312973
37328,0.025897,74.125.24.0-255,5738,181625,10,312973
37329,0.025905,172.31.36.0-255,66,181691,10,312973
37330,0.027896,74.125.24.0-255,5738,187429,10,312973
37331,0.027903,172.31.36.0-255,66,187495,10,312973
37332,0.029882,74.125.24.0-255,5738,193233,10,312973
37333,0.029889,172.31.36.0-255,66,193299,10,312973
37334,0.031885,74.125.24.0-255,5738,199037,10,312973
37335,0.031894,172.31.36.0-255,66,199103,10,312973
37336,0.033898,74.125.24.0-255,5738,204841,10,312973
37337,0.033905,172.31.36.0-255,66,204907,10,312973
37338,0.035879,74.125.24.0-255,5738,210645,10,312973
37339,0.035886,172.31.36.0-255,66,210711,10,312973
37340,0.037363,172.31.36.0-255,188,210899,10,312973
37341,0.037396,172.31.36.0-255,956,211855,10,312973
37342,0.037457,172.31.36.0-255,1514,213369,10,312973
37343,0.037458,172.31.36.0-255,1449,214818,10,312973
37344,0.037851,74.125.24.0-255,5738,220556,10,312973
37345,0.037858,172.31.36.0-255,66,220622,10,312973
37346,0.038856,104.244.42.0-255,66,220688,10,312973
37347,0.038925,104.244.42.0-255,66,220754,10,312973
37348,0.039026,104.244.42.0-255,66,220820,10,312973
37349,0.03981,74.125.24.0-255,5738,226558,10,312973
37350,0.039814,172.31.36.0-255,66,226624,10,312973
37351,0.041776,74.125.24.0-255,5738,232362,10,312973
37352,0.041783,172.31.36.0-255,66,232428,10,312973
37353,0.043761,74.125.24.0-255,5738,238166,10,312973
37354,0.043767,172.31.36.0-255,66,238232,10,312973
37355,0.045732,74.125.24.0-255,5738,243970,10,312973
37356,0.045738,172.31.36.0-255,66,244036,10,312973
37357,0.047697,74.125.24.0-255,5738,249774,10,312973
37358,0.047703,172.31.36.0-255,66,249840,10,312973
37359,0.049678,74.125.24.0-255,1484,251324,10,312973
37360,0.049687,74.125.24.0-255,4320,255644,10,312973
37361,0.049693,172.31.36.0-255,66,255710,10,312973
37362,0.051637,74.125.24.0-255,5738,261448,10,312973
37363,0.051644,172.31.36.0-255,66,261514,10,312973
37364,0.053592,74.125.24.0-255,5738,267252,10,312973
37365,0.053598,172.31.36.0-255,66,267318,10,312973
37366,0.05555,74.125.24.0-255,5738,273056,10,312973
37367,0.055556,172.31.36.0-255,66,273122,10,312973
37368,0.057486,74.125.24.0-255,5738,278860,10,312973
37369,0.057491,172.31.36.0-255,66,278926,10,312973
37370,0.059462,74.125.24.0-255,5738,284664,10,312973
37371,0.059468,172.31.36.0-255,66,284730,10,312973
37372,0.061399,74.125.24.0-255,5738,290468,10,312973
37373,0.061404,172.31.36.0-255,66,290534,10,312973
37374,0.063469,74.125.24.0-255,5738,296272,10,312973
37375,0.063476,172.31.36.0-255,66,296338,10,312973
37376,0.065449,74.125.24.0-255,5738,302076,10,312973
37377,0.065455,172.31.36.0-255,66,302142,10,312973
37378,0.067406,74.125.24.0-255,5738,307880,10,312973
37379,0.067411,172.31.36.0-255,66,307946,10,312973
37380,0.069425,74.125.24.0-255,4265,312211,10,312973
37381,0.069431,172.31.36.0-255,66,312277,10,312973
37382,0.06961,172.31.36.0-255,105,312382,10,312973
37383,0.069645,172.31.36.0-255,105,312487,10,312973
37384,0.069927,172.31.36.0-255,90,312577,10,312973
37385,0.069936,172.31.36.0-255,66,312643,10,312973
37386,0.071533,74.125.24.0-255,66,312709,10,312973
37387,0.07159,74.125.24.0-255,66,312775,10,312973
37388,0.071849,74.125.24.0-255,66,312841,10,312973
37389,0.07187,74.125.24.0-255,66,312907,10,312973
37390,0.071891,172.31.36.0-255,66,312973,10,312973
37391,0.0,74.125.130.0-255,146,146,10,402268
37392,3.4e-05,172.31.36.0-255,66,212,10,402268
37393,4.1e-05,74.125.130.0-255,1484,1696,10,402268
37394,4.6e-05,172.31.36.0-255,66,1762,10,402268
37395,5.1e-05,74.125.130.0-255,2902,4664,10,402268
37396,5.4e-05,172.31.36.0-255,66,4730,10,402268
37397,5.9e-05,74.125.130.0-255,4320,9050,10,402268
37398,6.1e-05,172.31.36.0-255,66,9116,10,402268
37399,6.5e-05,74.125.130.0-255,1484,10600,10,402268
37400,6.7e-05,172.31.36.0-255,66,10666,10,402268
37401,9.5e-05,74.125.130.0-255,3436,14102,10,402268
37402,0.0001,172.31.36.0-255,66,14168,10,402268
37403,0.000192,74.125.130.0-255,1484,15652,10,402268
37404,0.000195,172.31.36.0-255,66,15718,10,402268
37405,0.000201,74.125.130.0-255,2902,18620,10,402268
37406,0.000203,172.31.36.0-255,66,18686,10,402268
37407,0.000251,74.125.130.0-255,4320,23006,10,402268
37408,0.000255,172.31.36.0-255,66,23072,10,402268
37409,0.000258,74.125.130.0-255,1484,24556,10,402268
37410,0.00026,172.31.36.0-255,66,24622,10,402268
37411,0.000283,74.125.130.0-255,6797,31419,10,402268
37412,0.000286,172.31.36.0-255,66,31485,10,402268
37413,0.00055,74.125.130.0-255,1484,32969,10,402268
37414,0.000555,172.31.36.0-255,66,33035,10,402268
37415,0.00057,74.125.130.0-255,1484,34519,10,402268
37416,0.000573,172.31.36.0-255,66,34585,10,402268
37417,0.000577,74.125.130.0-255,2902,37487,10,402268
37418,0.000579,172.31.36.0-255,66,37553,10,402268
37419,0.000583,74.125.130.0-255,2902,40455,10,402268
37420,0.000586,172.31.36.0-255,66,40521,10,402268
37421,0.0006,74.125.130.0-255,2902,43423,10,402268
37422,0.000604,172.31.36.0-255,66,43489,10,402268
37423,0.000607,74.125.130.0-255,1484,44973,10,402268
37424,0.000626,74.125.130.0-255,3961,48934,10,402268
37425,0.000629,172.31.36.0-255,66,49000,10,402268
37426,0.000636,74.125.130.0-255,5738,54738,10,402268
37427,0.000638,172.31.36.0-255,66,54804,10,402268
37428,0.00066,74.125.130.0-255,2902,57706,10,402268
37429,0.000663,172.31.36.0-255,66,57772,10,402268
37430,0.00069,172.31.36.0-255,66,57838,10,402268
37431,0.001568,74.125.130.0-255,648,58486,10,402268
37432,0.001602,74.125.130.0-255,1484,59970,10,402268
37433,0.001606,172.31.36.0-255,66,60036,10,402268
37434,0.001628,74.125.130.0-255,2902,62938,10,402268
37435,0.00163,172.31.36.0-255,66,63004,10,402268
37436,0.001648,74.125.130.0-255,4320,67324,10,402268
37437,0.00165,172.31.36.0-255,66,67390,10,402268
37438,0.001677,74.125.130.0-255,7156,74546,10,402268
37439,0.001679,172.31.36.0-255,66,74612,10,402268
37440,0.001693,74.125.130.0-255,1484,76096,10,402268
37441,0.001708,74.125.130.0-255,4320,80416,10,402268
37442,0.00171,172.31.36.0-255,66,80482,10,402268
37443,0.001727,74.125.130.0-255,2902,83384,10,402268
37444,0.001729,172.31.36.0-255,66,83450,10,402268
37445,0.001735,74.125.130.0-255,5738,89188,10,402268
37446,0.001737,172.31.36.0-255,66,89254,10,402268
37447,0.001749,74.125.130.0-255,3602,92856,10,402268
37448,0.001751,172.31.36.0-255,66,92922,10,402268
37449,0.001768,74.125.130.0-255,5738,98660,10,402268
37450,0.00177,172.31.36.0-255,66,98726,10,402268
37451,0.001791,74.125.130.0-255,4320,103046,10,402268
37452,0.001794,172.31.36.0-255,66,103112,10,402268
37453,0.001798,74.125.130.0-255,2902,106014,10,402268
37454,0.0018,172.31.36.0-255,66,106080,10,402268
37455,0.001823,172.31.36.0-255,66,106146,10,402268
37456,0.001829,74.125.130.0-255,5738,111884,10,402268
37457,0.001831,172.31.36.0-255,66,111950,10,402268
37458,0.001856,74.125.130.0-255,5738,117688,10,402268
37459,0.001858,172.31.36.0-255,66,117754,10,402268
37460,0.001877,74.125.130.0-255,2902,120656,10,402268
37461,0.001879,172.31.36.0-255,66,120722,10,402268
37462,0.001894,74.125.130.0-255,7156,127878,10,402268
37463,0.001897,172.31.36.0-255,66,127944,10,402268
37464,0.001926,74.125.130.0-255,2184,130128,10,402268
37465,0.001928,172.31.36.0-255,66,130194,10,402268
37466,0.00193,74.125.130.0-255,1484,131678,10,402268
37467,0.001934,74.125.130.0-255,2902,134580,10,402268
37468,0.001936,172.31.36.0-255,66,134646,10,402268
37469,0.001942,74.125.130.0-255,5738,140384,10,402268
37470,0.001944,172.31.36.0-255,66,140450,10,402268
37471,0.001951,74.125.130.0-255,7156,147606,10,402268
37472,0.001954,172.31.36.0-255,66,147672,10,402268
37473,0.001975,74.125.130.0-255,1484,149156,10,402268
37474,0.001992,74.125.130.0-255,3602,152758,10,402268
37475,0.001994,172.31.36.0-255,66,152824,10,402268
37476,0.002105,74.125.130.0-255,1484,154308,10,402268
37477,0.002118,74.125.130.0-255,2902,157210,10,402268
37478,0.00212,172.31.36.0-255,66,157276,10,402268
37479,0.002123,74.125.130.0-255,1484,158760,10,402268
37480,0.002136,74.125.130.0-255,1484,160244,10,402268
37481,0.002137,172.31.36.0-255,66,160310,10,402268
37482,0.002142,74.125.130.0-255,4320,164630,10,402268
37483,0.002144,172.31.36.0-255,66,164696,10,402268
37484,0.002167,74.125.130.0-255,4320,169016,10,402268
37485,0.002169,172.31.36.0-255,66,169082,10,402268
37486,0.002185,74.125.130.0-255,4320,173402,10,402268
37487,0.002187,172.31.36.0-255,66,173468,10,402268
37488,0.00219,74.125.130.0-255,1484,174952,10,402268
37489,0.002213,74.125.130.0-255,4320,179272,10,402268
37490,0.002216,172.31.36.0-255,66,179338,10,402268
37491,0.002218,74.125.130.0-255,1484,180822,10,402268
37492,0.00223,74.125.130.0-255,1484,182306,10,402268
37493,0.002232,172.31.36.0-255,66,182372,10,402268
37494,0.002249,74.125.130.0-255,4320,186692,10,402268
37495,0.002251,172.31.36.0-255,66,186758,10,402268
37496,0.002253,74.125.130.0-255,766,187524,10,402268
37497,0.004017,172.31.36.0-255,66,187590,10,402268
37498,0.004574,74.125.130.0-255,4320,191910,10,402268
37499,0.004579,172.31.36.0-255,66,191976,10,402268
37500,0.006347,74.125.130.0-255,1484,193460,10,402268
37501,0.006921,74.125.130.0-255,2902,196362,10,402268
37502,0.006924,172.31.36.0-255,66,196428,10,402268
37503,0.006939,74.125.130.0-255,1484,197912,10,402268
37504,0.009277,74.125.130.0-255,4320,202232,10,402268
37505,0.009284,172.31.36.0-255,66,202298,10,402268
37506,0.011647,74.125.130.0-255,5738,208036,10,402268
37507,0.011653,172.31.36.0-255,66,208102,10,402268
37508,0.013996,74.125.130.0-255,5738,213840,10,402268
37509,0.014012,172.31.36.0-255,66,213906,10,402268
37510,0.016349,74.125.130.0-255,5738,219644,10,402268
37511,0.016359,172.31.36.0-255,66,219710,10,402268
37512,0.018707,74.125.130.0-255,5738,225448,10,402268
37513,0.018717,172.31.36.0-255,66,225514,10,402268
37514,0.021047,74.125.130.0-255,5738,231252,10,402268
37515,0.021052,172.31.36.0-255,66,231318,10,402268
37516,0.023412,74.125.130.0-255,5738,237056,10,402268
37517,0.02342,172.31.36.0-255,66,237122,10,402268
37518,0.025762,74.125.130.0-255,5738,242860,10,402268
37519,0.025769,172.31.36.0-255,66,242926,10,402268
37520,0.028104,74.125.130.0-255,5738,248664,10,402268
37521,0.028126,172.31.36.0-255,66,248730,10,402268
37522,0.028866,172.31.36.0-255,167,248897,10,402268
37523,0.028896,172.31.36.0-255,1111,250008,10,402268
37524,0.028938,172.31.36.0-255,1514,251522,10,402268
37525,0.02894,172.31.36.0-255,1292,252814,10,402268
37526,0.030435,104.244.42.0-255,66,252880,10,402268
37527,0.030448,104.244.42.0-255,66,252946,10,402268
37528,0.030456,74.125.130.0-255,5738,258684,10,402268
37529,0.03047,172.31.36.0-255,66,258750,10,402268
37530,0.030545,104.244.42.0-255,66,258816,10,402268
37531,0.032791,74.125.130.0-255,1484,260300,10,402268
37532,0.032824,74.125.130.0-255,4320,264620,10,402268
37533,0.032829,172.31.36.0-255,66,264686,10,402268
37534,0.035168,74.125.130.0-255,5738,270424,10,402268
37535,0.035173,172.31.36.0-255,66,270490,10,402268
37536,0.037509,74.125.130.0-255,5738,276228,10,402268
37537,0.037515,172.31.36.0-255,66,276294,10,402268
37538,0.039869,74.125.130.0-255,5738,282032,10,402268
37539,0.039875,172.31.36.0-255,66,282098,10,402268
37540,0.04221,74.125.130.0-255,5738,287836,10,402268
37541,0.042216,172.31.36.0-255,66,287902,10,402268
37542,0.044545,74.125.130.0-255,5738,293640,10,402268
37543,0.044551,172.31.36.0-255,66,293706,10,402268
37544,0.046889,74.125.130.0-255,5738,299444,10,402268
37545,0.046896,172.31.36.0-255,66,299510,10,402268
37546,0.049229,74.125.130.0-255,5738,305248,10,402268
37547,0.049235,172.31.36.0-255,66,305314,10,402268
37548,0.051582,74.125.130.0-255,5738,311052,10,402268
37549,0.051588,172.31.36.0-255,66,311118,10,402268
37550,0.053934,74.125.130.0-255,5738,316856,10,402268
37551,0.053939,172.31.36.0-255,66,316922,10,402268
37552,0.056277,74.125.130.0-255,5738,322660,10,402268
37553,0.056281,172.31.36.0-255,66,322726,10,402268
37554,0.058603,74.125.130.0-255,4320,327046,10,402268
37555,0.058609,172.31.36.0-255,66,327112,10,402268
37556,0.058638,74.125.130.0-255,1484,328596,10,402268
37557,0.060943,74.125.130.0-255,4320,332916,10,402268
37558,0.060949,172.31.36.0-255,66,332982,10,402268
37559,0.063286,74.125.130.0-255,5738,338720,10,402268
37560,0.063291,172.31.36.0-255,66,338786,10,402268
37561,0.065623,74.125.130.0-255,4320,343106,10,402268
37562,0.065628,172.31.36.0-255,66,343172,10,402268
37563,0.065656,74.125.130.0-255,1484,344656,10,402268
37564,0.067974,74.125.130.0-255,4320,348976,10,402268
37565,0.067979,172.31.36.0-255,66,349042,10,402268
37566,0.0703,74.125.130.0-255,5738,354780,10,402268
37567,0.070308,172.31.36.0-255,66,354846,10,402268
37568,0.072644,74.125.130.0-255,1484,356330,10,402268
37569,0.07268,74.125.130.0-255,4320,360650,10,402268
37570,0.072686,172.31.36.0-255,66,360716,10,402268
37571,0.07502,74.125.130.0-255,2902,363618,10,402268
37572,0.075025,172.31.36.0-255,66,363684,10,402268
37573,0.075058,74.125.130.0-255,2902,366586,10,402268
37574,0.075061,172.31.36.0-255,66,366652,10,402268
37575,0.07735,74.125.130.0-255,2902,369554,10,402268
37576,0.077355,172.31.36.0-255,66,369620,10,402268
37577,0.077389,74.125.130.0-255,2902,372522,10,402268
37578,0.077392,172.31.36.0-255,66,372588,10,402268
37579,0.079689,74.125.130.0-255,2902,375490,10,402268
37580,0.079694,172.31.36.0-255,66,375556,10,402268
37581,0.079727,74.125.130.0-255,2902,378458,10,402268
37582,0.07973,172.31.36.0-255,66,378524,10,402268
37583,0.082065,74.125.130.0-255,2902,381426,10,402268
37584,0.082071,172.31.36.0-255,66,381492,10,402268
37585,0.082089,74.125.130.0-255,2902,384394,10,402268
37586,0.082091,172.31.36.0-255,66,384460,10,402268
37587,0.084402,74.125.130.0-255,2902,387362,10,402268
37588,0.084408,172.31.36.0-255,66,387428,10,402268
37589,0.084451,74.125.130.0-255,2902,390330,10,402268
37590,0.084454,172.31.36.0-255,66,390396,10,402268
37591,0.086736,74.125.130.0-255,2902,393298,10,402268
37592,0.086741,172.31.36.0-255,66,393364,10,402268
37593,0.08677,74.125.130.0-255,2902,396266,10,402268
37594,0.086774,172.31.36.0-255,66,396332,10,402268
37595,0.089089,74.125.130.0-255,2902,399234,10,402268
37596,0.089093,172.31.36.0-255,66,399300,10,402268
37597,0.089129,74.125.130.0-255,2902,402202,10,402268
37598,0.089132,172.31.36.0-255,66,402268,10,402268
37599,0.0,74.125.24.0-255,299,299,10,271697
37600,1.8e-05,172.31.36.0-255,66,365,10,271697
37601,2.5e-05,74.125.24.0-255,1484,1849,10,271697
37602,2.9e-05,172.31.36.0-255,66,1915,10,271697
37603,4.8e-05,74.125.24.0-255,4320,6235,10,271697
37604,5.2e-05,172.31.36.0-255,66,6301,10,271697
37605,8.1e-05,74.125.24.0-255,4320,10621,10,271697
37606,8.5e-05,172.31.36.0-255,66,10687,10,271697
37607,0.000149,74.125.24.0-255,2902,13589,10,271697
37608,0.000152,172.31.36.0-255,66,13655,10,271697
37609,0.000187,172.31.36.0-255,66,13721,10,271697
37610,0.000336,74.125.24.0-255,7156,20877,10,271697
37611,0.000342,172.31.36.0-255,66,20943,10,271697
37612,0.000456,74.125.24.0-255,5738,26681,10,271697
37613,0.000461,172.31.36.0-255,66,26747,10,271697
37614,0.000498,172.31.36.0-255,66,26813,10,271697
37615,0.000804,74.125.24.0-255,4320,31133,10,271697
37616,0.00081,172.31.36.0-255,66,31199,10,271697
37617,0.000851,172.31.36.0-255,66,31265,10,271697
37618,0.00111,74.125.24.0-255,5738,37003,10,271697
37619,0.001115,172.31.36.0-255,66,37069,10,271697
37620,0.001151,172.31.36.0-255,66,37135,10,271697
37621,0.001441,74.125.24.0-255,5738,42873,10,271697
37622,0.001448,172.31.36.0-255,66,42939,10,271697
37623,0.001495,172.31.36.0-255,66,43005,10,271697
37624,0.001714,172.31.36.0-255,66,43071,10,271697
37625,0.001768,172.31.36.0-255,66,43137,10,271697
37626,0.0023,74.125.24.0-255,1484,44621,10,271697
37627,0.002336,74.125.24.0-255,2902,47523,10,271697
37628,0.002341,172.31.36.0-255,66,47589,10,271697
37629,0.002372,74.125.24.0-255,5738,53327,10,271697
37630,0.002375,172.31.36.0-255,66,53393,10,271697
37631,0.002472,74.125.24.0-255,7156,60549,10,271697
37632,0.002476,172.31.36.0-255,66,60615,10,271697
37633,0.002506,74.125.24.0-255,5738,66353,10,271697
37634,0.00251,172.31.36.0-255,66,66419,10,271697
37635,0.002702,74.125.24.0-255,5738,72157,10,271697
37636,0.002706,172.31.36.0-255,66,72223,10,271697
37637,0.002759,172.31.36.0-255,66,72289,10,271697
37638,0.003166,172.31.36.0-255,101,72390,10,271697
37639,0.003213,172.31.36.0-255,66,72456,10,271697
37640,0.003507,172.31.36.0-255,66,72522,10,271697
37641,0.003529,74.125.24.0-255,5738,78260,10,271697
37642,0.003532,172.31.36.0-255,66,78326,10,271697
37643,0.005652,74.125.24.0-255,66,78392,10,271697
37644,0.006056,74.125.24.0-255,5738,84130,10,271697
37645,0.006062,172.31.36.0-255,66,84196,10,271697
37646,0.008582,74.125.24.0-255,4320,88516,10,271697
37647,0.008585,172.31.36.0-255,66,88582,10,271697
37648,0.008616,74.125.24.0-255,1484,90066,10,271697
37649,0.01113,74.125.24.0-255,4320,94386,10,271697
37650,0.011136,172.31.36.0-255,66,94452,10,271697
37651,0.013684,74.125.24.0-255,5738,100190,10,271697
37652,0.013693,172.31.36.0-255,66,100256,10,271697
37653,0.016236,74.125.24.0-255,5738,105994,10,271697
37654,0.016243,172.31.36.0-255,66,106060,10,271697
37655,0.018802,74.125.24.0-255,5738,111798,10,271697
37656,0.01881,172.31.36.0-255,66,111864,10,271697
37657,0.021363,74.125.24.0-255,5738,117602,10,271697
37658,0.021372,172.31.36.0-255,66,117668,10,271697
37659,0.023911,74.125.24.0-255,5738,123406,10,271697
37660,0.02392,172.31.36.0-255,66,123472,10,271697
37661,0.026447,74.125.24.0-255,5738,129210,10,271697
37662,0.026454,172.31.36.0-255,66,129276,10,271697
37663,0.02901,74.125.24.0-255,5738,135014,10,271697
37664,0.029018,172.31.36.0-255,66,135080,10,271697
37665,0.031561,74.125.24.0-255,5738,140818,10,271697
37666,0.031569,172.31.36.0-255,66,140884,10,271697
37667,0.034082,74.125.24.0-255,4320,145204,10,271697
37668,0.034087,172.31.36.0-255,66,145270,10,271697
37669,0.034113,74.125.24.0-255,1484,146754,10,271697
37670,0.034825,172.31.36.0-255,188,146942,10,271697
37671,0.034852,172.31.36.0-255,956,147898,10,271697
37672,0.034902,172.31.36.0-255,1514,149412,10,271697
37673,0.034903,172.31.36.0-255,1447,150859,10,271697
37674,0.036395,104.244.42.0-255,66,150925,10,271697
37675,0.036424,104.244.42.0-255,66,150991,10,271697
37676,0.036475,104.244.42.0-255,66,151057,10,271697
37677,0.036633,74.125.24.0-255,4320,155377,10,271697
37678,0.036638,172.31.36.0-255,66,155443,10,271697
37679,0.037291,104.244.42.0-255,108,155551,10,271697
37680,0.037301,172.31.36.0-255,66,155617,10,271697
37681,0.039178,74.125.24.0-255,5738,161355,10,271697
37682,0.039184,172.31.36.0-255,66,161421,10,271697
37683,0.041701,74.125.24.0-255,5738,167159,10,271697
37684,0.041708,172.31.36.0-255,66,167225,10,271697
37685,0.044292,74.125.24.0-255,5738,172963,10,271697
37686,0.044299,172.31.36.0-255,66,173029,10,271697
37687,0.046845,74.125.24.0-255,5738,178767,10,271697
37688,0.046852,172.31.36.0-255,66,178833,10,271697
37689,0.049402,74.125.24.0-255,5738,184571,10,271697
37690,0.049409,172.31.36.0-255,66,184637,10,271697
37691,0.051965,74.125.24.0-255,5738,190375,10,271697
37692,0.051972,172.31.36.0-255,66,190441,10,271697
37693,0.054491,74.125.24.0-255,5738,196179,10,271697
37694,0.054498,172.31.36.0-255,66,196245,10,271697
37695,0.05704,74.125.24.0-255,5738,201983,10,271697
37696,0.057047,172.31.36.0-255,66,202049,10,271697
37697,0.059623,74.125.24.0-255,5738,207787,10,271697
37698,0.05963,172.31.36.0-255,66,207853,10,271697
37699,0.062179,74.125.24.0-255,5738,213591,10,271697
37700,0.062186,172.31.36.0-255,66,213657,10,271697
37701,0.064724,74.125.24.0-255,5738,219395,10,271697
37702,0.064731,172.31.36.0-255,66,219461,10,271697
37703,0.067265,74.125.24.0-255,5738,225199,10,271697
37704,0.067272,172.31.36.0-255,66,225265,10,271697
37705,0.069816,74.125.24.0-255,5738,231003,10,271697
37706,0.069823,172.31.36.0-255,66,231069,10,271697
37707,0.07234,74.125.24.0-255,5738,236807,10,271697
37708,0.072346,172.31.36.0-255,66,236873,10,271697
37709,0.074892,74.125.24.0-255,5738,242611,10,271697
37710,0.074901,172.31.36.0-255,66,242677,10,271697
37711,0.077473,74.125.24.0-255,5738,248415,10,271697
37712,0.077481,172.31.36.0-255,66,248481,10,271697
37713,0.080011,74.125.24.0-255,5738,254219,10,271697
37714,0.080018,172.31.36.0-255,66,254285,10,271697
37715,0.082563,74.125.24.0-255,5738,260023,10,271697
37716,0.082569,172.31.36.0-255,66,260089,10,271697
37717,0.085113,74.125.24.0-255,5738,265827,10,271697
37718,0.08512,172.31.36.0-255,66,265893,10,271697
37719,0.087671,74.125.24.0-255,5738,271631,10,271697
37720,0.087678,172.31.36.0-255,66,271697,10,271697
37721,0.0,74.125.24.0-255,150,150,10,232648
37722,3.2e-05,172.31.36.0-255,66,216,10,232648
37723,3.9e-05,74.125.24.0-255,1484,1700,10,232648
37724,4.4e-05,172.31.36.0-255,66,1766,10,232648
37725,4.9e-05,74.125.24.0-255,2902,4668,10,232648
37726,5.1e-05,172.31.36.0-255,66,4734,10,232648
37727,5.8e-05,74.125.24.0-255,7156,11890,10,232648
37728,6.1e-05,172.31.36.0-255,66,11956,10,232648
37729,9.3e-05,74.125.24.0-255,2019,13975,10,232648
37730,9.8e-05,172.31.36.0-255,66,14041,10,232648
37731,0.000196,74.125.24.0-255,1484,15525,10,232648
37732,0.0002,172.31.36.0-255,66,15591,10,232648
37733,0.000206,74.125.24.0-255,2902,18493,10,232648
37734,0.000209,172.31.36.0-255,66,18559,10,232648
37735,0.000212,74.125.24.0-255,1484,20043,10,232648
37736,0.000213,172.31.36.0-255,66,20109,10,232648
37737,0.000239,74.125.24.0-255,4320,24429,10,232648
37738,0.000242,172.31.36.0-255,66,24495,10,232648
37739,0.000247,74.125.24.0-255,2902,27397,10,232648
37740,0.000249,172.31.36.0-255,66,27463,10,232648
37741,0.000252,74.125.24.0-255,1484,28947,10,232648
37742,0.000253,172.31.36.0-255,66,29013,10,232648
37743,0.000285,172.31.36.0-255,66,29079,10,232648
37744,0.000298,172.31.36.0-255,66,29145,10,232648
37745,0.00032,74.125.24.0-255,2902,32047,10,232648
37746,0.000322,74.125.24.0-255,1484,33531,10,232648
37747,0.000325,172.31.36.0-255,66,33597,10,232648
37748,0.000328,172.31.36.0-255,66,33663,10,232648
37749,0.000348,172.31.36.0-255,66,33729,10,232648
37750,0.000363,74.125.24.0-255,3602,37331,10,232648
37751,0.000366,172.31.36.0-255,66,37397,10,232648
37752,0.000369,74.125.24.0-255,433,37830,10,232648
37753,0.000467,74.125.24.0-255,1484,39314,10,232648
37754,0.000471,172.31.36.0-255,66,39380,10,232648
37755,0.000476,74.125.24.0-255,2902,42282,10,232648
37756,0.000479,172.31.36.0-255,66,42348,10,232648
37757,0.000485,74.125.24.0-255,4320,46668,10,232648
37758,0.000487,172.31.36.0-255,66,46734,10,232648
37759,0.000506,74.125.24.0-255,1484,48218,10,232648
37760,0.000515,74.125.24.0-255,7156,55374,10,232648
37761,0.000517,172.31.36.0-255,66,55440,10,232648
37762,0.000541,74.125.24.0-255,5738,61178,10,232648
37763,0.000544,172.31.36.0-255,66,61244,10,232648
37764,0.000547,74.125.24.0-255,1484,62728,10,232648
37765,0.000551,74.125.24.0-255,2902,65630,10,232648
37766,0.000553,172.31.36.0-255,66,65696,10,232648
37767,0.00056,74.125.24.0-255,5738,71434,10,232648
37768,0.000562,172.31.36.0-255,66,71500,10,232648
37769,0.000565,74.125.24.0-255,1043,72543,10,232648
37770,0.000854,74.125.24.0-255,1484,74027,10,232648
37771,0.000859,172.31.36.0-255,66,74093,10,232648
37772,0.000865,74.125.24.0-255,2902,76995,10,232648
37773,0.000869,172.31.36.0-255,66,77061,10,232648
37774,0.000892,74.125.24.0-255,2902,79963,10,232648
37775,0.000895,172.31.36.0-255,66,80029,10,232648
37776,0.000901,74.125.24.0-255,4320,84349,10,232648
37777,0.000904,172.31.36.0-255,66,84415,10,232648
37778,0.00091,172.31.36.0-255,66,84481,10,232648
37779,0.00094,74.125.24.0-255,7156,91637,10,232648
37780,0.000943,172.31.36.0-255,66,91703,10,232648
37781,0.000967,74.125.24.0-255,6438,98141,10,232648
37782,0.00097,172.31.36.0-255,66,98207,10,232648
37783,0.00098,74.125.24.0-255,1484,99691,10,232648
37784,0.000993,74.125.24.0-255,2902,102593,10,232648
37785,0.000995,172.31.36.0-255,66,102659,10,232648
37786,0.001,74.125.24.0-255,2902,105561,10,232648
37787,0.001003,172.31.36.0-255,66,105627,10,232648
37788,0.001017,74.125.24.0-255,2902,108529,10,232648
37789,0.00102,172.31.36.0-255,66,108595,10,232648
37790,0.001037,74.125.24.0-255,4320,112915,10,232648
37791,0.00104,172.31.36.0-255,66,112981,10,232648
37792,0.001062,74.125.24.0-255,5738,118719,10,232648
37793,0.001065,172.31.36.0-255,66,118785,10,232648
37794,0.001078,74.125.24.0-255,1484,120269,10,232648
37795,0.001104,172.31.36.0-255,66,120335,10,232648
37796,0.001139,74.125.24.0-255,2184,122519,10,232648
37797,0.001143,172.31.36.0-255,66,122585,10,232648
37798,0.001248,74.125.24.0-255,1484,124069,10,232648
37799,0.001265,74.125.24.0-255,2902,126971,10,232648
37800,0.001269,172.31.36.0-255,66,127037,10,232648
37801,0.001293,74.125.24.0-255,5738,132775,10,232648
37802,0.001296,172.31.36.0-255,66,132841,10,232648
37803,0.001301,74.125.24.0-255,2902,135743,10,232648
37804,0.001304,172.31.36.0-255,66,135809,10,232648
37805,0.001336,172.31.36.0-255,66,135875,10,232648
37806,0.001375,74.125.24.0-255,4320,140195,10,232648
37807,0.001377,172.31.36.0-255,66,140261,10,232648
37808,0.001402,74.125.24.0-255,2902,143163,10,232648
37809,0.001406,74.125.24.0-255,3602,146765,10,232648
37810,0.00141,172.31.36.0-255,66,146831,10,232648
37811,0.001413,172.31.36.0-255,66,146897,10,232648
37812,0.001474,74.125.24.0-255,1484,148381,10,232648
37813,0.00149,74.125.24.0-255,2902,151283,10,232648
37814,0.001493,172.31.36.0-255,66,151349,10,232648
37815,0.001499,74.125.24.0-255,4320,155669,10,232648
37816,0.001501,172.31.36.0-255,66,155735,10,232648
37817,0.00154,172.31.36.0-255,66,155801,10,232648
37818,0.001547,74.125.24.0-255,7156,162957,10,232648
37819,0.001549,172.31.36.0-255,66,163023,10,232648
37820,0.001593,74.125.24.0-255,2902,165925,10,232648
37821,0.001597,172.31.36.0-255,66,165991,10,232648
37822,0.001621,74.125.24.0-255,6438,172429,10,232648
37823,0.001624,172.31.36.0-255,66,172495,10,232648
37824,0.00169,74.125.24.0-255,1484,173979,10,232648
37825,0.001695,74.125.24.0-255,1484,175463,10,232648
37826,0.001698,172.31.36.0-255,66,175529,10,232648
37827,0.001709,74.125.24.0-255,1484,177013,10,232648
37828,0.001714,74.125.24.0-255,2902,179915,10,232648
37829,0.001716,172.31.36.0-255,66,179981,10,232648
37830,0.001748,74.125.24.0-255,2902,182883,10,232648
37831,0.001752,172.31.36.0-255,66,182949,10,232648
37832,0.001775,172.31.36.0-255,66,183015,10,232648
37833,0.001783,74.125.24.0-255,7156,190171,10,232648
37834,0.001786,172.31.36.0-255,66,190237,10,232648
37835,0.001789,74.125.24.0-255,1484,191721,10,232648
37836,0.00181,74.125.24.0-255,2184,193905,10,232648
37837,0.001813,172.31.36.0-255,66,193971,10,232648
37838,0.001931,74.125.24.0-255,1484,195455,10,232648
37839,0.001937,74.125.24.0-255,2902,198357,10,232648
37840,0.00194,172.31.36.0-255,66,198423,10,232648
37841,0.001944,74.125.24.0-255,1484,199907,10,232648
37842,0.001966,74.125.24.0-255,4320,204227,10,232648
37843,0.001969,172.31.36.0-255,66,204293,10,232648
37844,0.001986,74.125.24.0-255,4320,208613,10,232648
37845,0.001989,172.31.36.0-255,66,208679,10,232648
37846,0.002028,172.31.36.0-255,66,208745,10,232648
37847,0.002041,172.31.36.0-255,66,208811,10,232648
37848,0.002053,172.31.36.0-255,66,208877,10,232648
37849,0.002081,74.125.24.0-255,1484,210361,10,232648
37850,0.002104,172.31.36.0-255,66,210427,10,232648
37851,0.002112,74.125.24.0-255,7156,217583,10,232648
37852,0.002114,172.31.36.0-255,66,217649,10,232648
37853,0.002162,172.31.36.0-255,66,217715,10,232648
37854,0.002175,172.31.36.0-255,66,217781,10,232648
37855,0.002225,172.31.36.0-255,66,217847,10,232648
37856,0.002245,74.125.24.0-255,6438,224285,10,232648
37857,0.002248,172.31.36.0-255,66,224351,10,232648
37858,0.002269,172.31.36.0-255,66,224417,10,232648
37859,0.002274,74.125.24.0-255,3520,227937,10,232648
37860,0.002278,172.31.36.0-255,66,228003,10,232648
37861,0.002281,74.125.24.0-255,105,228108,10,232648
37862,0.003745,172.31.36.0-255,66,228174,10,232648
37863,0.003774,172.31.36.0-255,105,228279,10,232648
37864,0.006125,74.125.24.0-255,66,228345,10,232648
37865,0.030354,172.31.36.0-255,188,228533,10,232648
37866,0.030388,172.31.36.0-255,956,229489,10,232648
37867,0.030431,172.31.36.0-255,1514,231003,10,232648
37868,0.030433,172.31.36.0-255,1447,232450,10,232648
37869,0.031923,104.244.42.0-255,66,232516,10,232648
37870,0.031932,104.244.42.0-255,66,232582,10,232648
37871,0.032042,104.244.42.0-255,66,232648,10,232648
37872,0.0,74.125.24.0-255,153,153,10,254173
37873,2.5e-05,172.31.36.0-255,66,219,10,254173
37874,3.3e-05,74.125.24.0-255,1484,1703,10,254173
37875,3.7e-05,172.31.36.0-255,66,1769,10,254173
37876,4.3e-05,74.125.24.0-255,2902,4671,10,254173
37877,4.6e-05,172.31.36.0-255,66,4737,10,254173
37878,5.2e-05,74.125.24.0-255,4320,9057,10,254173
37879,5.6e-05,172.31.36.0-255,66,9123,10,254173
37880,8.5e-05,74.125.24.0-255,4801,13924,10,254173
37881,8.8e-05,172.31.36.0-255,66,13990,10,254173
37882,0.000203,74.125.24.0-255,1484,15474,10,254173
37883,0.000207,172.31.36.0-255,66,15540,10,254173
37884,0.000213,74.125.24.0-255,2902,18442,10,254173
37885,0.000215,172.31.36.0-255,66,18508,10,254173
37886,0.000246,74.125.24.0-255,5738,24246,10,254173
37887,0.00025,172.31.36.0-255,66,24312,10,254173
37888,0.000253,74.125.24.0-255,1484,25796,10,254173
37889,0.000255,172.31.36.0-255,66,25862,10,254173
37890,0.000276,74.125.24.0-255,1484,27346,10,254173
37891,0.000279,172.31.36.0-255,66,27412,10,254173
37892,0.000303,74.125.24.0-255,6797,34209,10,254173
37893,0.000306,172.31.36.0-255,66,34275,10,254173
37894,0.000317,172.31.36.0-255,66,34341,10,254173
37895,0.000339,74.125.24.0-255,5379,39720,10,254173
37896,0.000343,172.31.36.0-255,66,39786,10,254173
37897,0.000382,74.125.24.0-255,4320,44106,10,254173
37898,0.000385,172.31.36.0-255,66,44172,10,254173
37899,0.000408,74.125.24.0-255,1484,45656,10,254173
37900,0.000411,172.31.36.0-255,66,45722,10,254173
37901,0.000424,74.125.24.0-255,4320,50042,10,254173
37902,0.000427,172.31.36.0-255,66,50108,10,254173
37903,0.000443,74.125.24.0-255,5738,55846,10,254173
37904,0.000446,172.31.36.0-255,66,55912,10,254173
37905,0.00046,74.125.24.0-255,1125,57037,10,254173
37906,0.000757,74.125.24.0-255,413,57450,10,254173
37907,0.000821,74.125.24.0-255,331,57781,10,254173
37908,0.000825,172.31.36.0-255,66,57847,10,254173
37909,0.001108,74.125.24.0-255,1484,59331,10,254173
37910,0.00112,74.125.24.0-255,2902,62233,10,254173
37911,0.001125,172.31.36.0-255,66,62299,10,254173
37912,0.001147,74.125.24.0-255,5738,68037,10,254173
37913,0.001149,172.31.36.0-255,66,68103,10,254173
37914,0.001175,74.125.24.0-255,2902,71005,10,254173
37915,0.001177,172.31.36.0-255,66,71071,10,254173
37916,0.001183,74.125.24.0-255,3961,75032,10,254173
37917,0.001185,172.31.36.0-255,66,75098,10,254173
37918,0.001188,74.125.24.0-255,1484,76582,10,254173
37919,0.001212,74.125.24.0-255,4320,80902,10,254173
37920,0.001214,172.31.36.0-255,66,80968,10,254173
37921,0.001234,74.125.24.0-255,2902,83870,10,254173
37922,0.001237,172.31.36.0-255,66,83936,10,254173
37923,0.00126,172.31.36.0-255,66,84002,10,254173
37924,0.001637,74.125.24.0-255,1484,85486,10,254173
37925,0.001645,74.125.24.0-255,1484,86970,10,254173
37926,0.001649,172.31.36.0-255,66,87036,10,254173
37927,0.001669,74.125.24.0-255,1484,88520,10,254173
37928,0.001676,74.125.24.0-255,5738,94258,10,254173
37929,0.001678,172.31.36.0-255,66,94324,10,254173
37930,0.001697,74.125.24.0-255,2902,97226,10,254173
37931,0.001699,172.31.36.0-255,66,97292,10,254173
37932,0.001737,172.31.36.0-255,66,97358,10,254173
37933,0.001745,74.125.24.0-255,7156,104514,10,254173
37934,0.001747,172.31.36.0-255,66,104580,10,254173
37935,0.001752,74.125.24.0-255,3602,108182,10,254173
37936,0.001754,172.31.36.0-255,66,108248,10,254173
37937,0.001861,74.125.24.0-255,1484,109732,10,254173
37938,0.001885,74.125.24.0-255,2902,112634,10,254173
37939,0.001889,172.31.36.0-255,66,112700,10,254173
37940,0.001896,74.125.24.0-255,4320,117020,10,254173
37941,0.001898,172.31.36.0-255,66,117086,10,254173
37942,0.001923,74.125.24.0-255,1484,118570,10,254173
37943,0.001931,74.125.24.0-255,7156,125726,10,254173
37944,0.001934,172.31.36.0-255,66,125792,10,254173
37945,0.001949,172.31.36.0-255,66,125858,10,254173
37946,0.001953,74.125.24.0-255,2184,128042,10,254173
37947,0.001955,172.31.36.0-255,66,128108,10,254173
37948,0.002025,74.125.24.0-255,1484,129592,10,254173
37949,0.002031,74.125.24.0-255,2902,132494,10,254173
37950,0.002035,172.31.36.0-255,66,132560,10,254173
37951,0.002038,74.125.24.0-255,1484,134044,10,254173
37952,0.002078,74.125.24.0-255,4320,138364,10,254173
37953,0.002083,172.31.36.0-255,66,138430,10,254173
37954,0.002089,74.125.24.0-255,5738,144168,10,254173
37955,0.002091,172.31.36.0-255,66,144234,10,254173
37956,0.002099,74.125.24.0-255,7156,151390,10,254173
37957,0.002101,172.31.36.0-255,66,151456,10,254173
37958,0.00212,74.125.24.0-255,5738,157194,10,254173
37959,0.002122,172.31.36.0-255,66,157260,10,254173
37960,0.002133,172.31.36.0-255,66,157326,10,254173
37961,0.002145,74.125.24.0-255,766,158092,10,254173
37962,0.002149,74.125.24.0-255,1484,159576,10,254173
37963,0.002152,172.31.36.0-255,66,159642,10,254173
37964,0.002195,172.31.36.0-255,66,159708,10,254173
37965,0.002241,74.125.24.0-255,1484,161192,10,254173
37966,0.002244,172.31.36.0-255,78,161270,10,254173
37967,0.002257,172.31.36.0-255,66,161336,10,254173
37968,0.002287,172.31.36.0-255,66,161402,10,254173
37969,0.002304,74.125.24.0-255,1484,162886,10,254173
37970,0.002316,172.31.36.0-255,66,162952,10,254173
37971,0.00232,74.125.24.0-255,2184,165136,10,254173
37972,0.002323,172.31.36.0-255,66,165202,10,254173
37973,0.002532,74.125.24.0-255,1484,166686,10,254173
37974,0.002538,74.125.24.0-255,1484,168170,10,254173
37975,0.002542,172.31.36.0-255,66,168236,10,254173
37976,0.002559,74.125.24.0-255,1484,169720,10,254173
37977,0.002566,74.125.24.0-255,4320,174040,10,254173
37978,0.002569,172.31.36.0-255,66,174106,10,254173
37979,0.002595,74.125.24.0-255,1484,175590,10,254173
37980,0.00261,172.31.36.0-255,66,175656,10,254173
37981,0.002622,172.31.36.0-255,66,175722,10,254173
37982,0.00264,74.125.24.0-255,5020,180742,10,254173
37983,0.002644,172.31.36.0-255,66,180808,10,254173
37984,0.002683,74.125.24.0-255,1484,182292,10,254173
37985,0.002689,74.125.24.0-255,2902,185194,10,254173
37986,0.002692,172.31.36.0-255,66,185260,10,254173
37987,0.002711,74.125.24.0-255,2902,188162,10,254173
37988,0.002714,172.31.36.0-255,66,188228,10,254173
37989,0.002738,74.125.24.0-255,2902,191130,10,254173
37990,0.002741,172.31.36.0-255,66,191196,10,254173
37991,0.002749,74.125.24.0-255,7156,198352,10,254173
37992,0.002751,172.31.36.0-255,66,198418,10,254173
37993,0.002757,74.125.24.0-255,5738,204156,10,254173
37994,0.00276,172.31.36.0-255,66,204222,10,254173
37995,0.002802,172.31.36.0-255,66,204288,10,254173
37996,0.002807,74.125.24.0-255,2184,206472,10,254173
37997,0.002809,172.31.36.0-255,66,206538,10,254173
37998,0.002831,74.125.24.0-255,1484,208022,10,254173
37999,0.002837,74.125.24.0-255,2902,210924,10,254173
38000,0.002839,172.31.36.0-255,66,210990,10,254173
38001,0.002863,74.125.24.0-255,5738,216728,10,254173
38002,0.002868,172.31.36.0-255,66,216794,10,254173
38003,0.002875,74.125.24.0-255,5738,222532,10,254173
38004,0.002877,172.31.36.0-255,66,222598,10,254173
38005,0.002894,74.125.24.0-255,2902,225500,10,254173
38006,0.002921,74.125.24.0-255,2902,228402,10,254173
38007,0.002936,74.125.24.0-255,2184,230586,10,254173
38008,0.002964,74.125.24.0-255,5738,236324,10,254173
38009,0.002971,74.125.24.0-255,4320,240644,10,254173
38010,0.003014,74.125.24.0-255,2902,243546,10,254173
38011,0.003103,74.125.24.0-255,2902,246448,10,254173
38012,0.003119,74.125.24.0-255,2913,249361,10,254173
38013,0.003122,74.125.24.0-255,105,249466,10,254173
38014,0.006654,172.31.36.0-255,66,249532,10,254173
38015,0.007417,172.31.36.0-255,101,249633,10,254173
38016,0.009332,172.31.36.0-255,105,249738,10,254173
38017,0.009506,74.125.24.0-255,66,249804,10,254173
38018,0.011462,74.125.24.0-255,66,249870,10,254173
38019,0.035166,172.31.36.0-255,188,250058,10,254173
38020,0.0352,172.31.36.0-255,956,251014,10,254173
38021,0.03525,172.31.36.0-255,1514,252528,10,254173
38022,0.035251,172.31.36.0-255,1447,253975,10,254173
38023,0.036715,104.244.42.0-255,66,254041,10,254173
38024,0.036797,104.244.42.0-255,66,254107,10,254173
38025,0.036843,104.244.42.0-255,66,254173,10,254173
38026,0.0,172.217.27.0-255,291,291,10,274747
38027,2.4e-05,172.31.36.0-255,66,357,10,274747
38028,3.2e-05,172.217.27.0-255,1484,1841,10,274747
38029,3.7e-05,172.31.36.0-255,66,1907,10,274747
38030,4.5e-05,172.217.27.0-255,4320,6227,10,274747
38031,4.8e-05,172.31.36.0-255,66,6293,10,274747
38032,6.2e-05,172.217.27.0-255,5738,12031,10,274747
38033,6.7e-05,172.31.36.0-255,66,12097,10,274747
38034,8.1e-05,172.31.36.0-255,66,12163,10,274747
38035,8.8e-05,172.217.27.0-255,6797,18960,10,274747
38036,9.2e-05,172.31.36.0-255,66,19026,10,274747
38037,0.000254,172.217.27.0-255,1484,20510,10,274747
38038,0.000259,172.31.36.0-255,66,20576,10,274747
38039,0.000265,172.217.27.0-255,2902,23478,10,274747
38040,0.000267,172.31.36.0-255,66,23544,10,274747
38041,0.00028,172.217.27.0-255,5738,29282,10,274747
38042,0.000282,172.31.36.0-255,66,29348,10,274747
38043,0.000287,172.217.27.0-255,2902,32250,10,274747
38044,0.000289,172.31.36.0-255,66,32316,10,274747
38045,0.000322,172.217.27.0-255,3961,36277,10,274747
38046,0.000324,172.31.36.0-255,66,36343,10,274747
38047,0.000349,172.217.27.0-255,1484,37827,10,274747
38048,0.000351,172.31.36.0-255,66,37893,10,274747
38049,0.000357,172.217.27.0-255,2902,40795,10,274747
38050,0.000359,172.31.36.0-255,66,40861,10,274747
38051,0.000366,172.217.27.0-255,5738,46599,10,274747
38052,0.000373,172.31.36.0-255,66,46665,10,274747
38053,0.000403,172.217.27.0-255,7082,53747,10,274747
38054,0.000406,172.31.36.0-255,66,53813,10,274747
38055,0.000647,172.217.27.0-255,142,53955,10,274747
38056,0.000653,172.31.36.0-255,66,54021,10,274747
38057,0.000774,172.217.27.0-255,1484,55505,10,274747
38058,0.000781,172.217.27.0-255,2902,58407,10,274747
38059,0.000784,172.31.36.0-255,66,58473,10,274747
38060,0.00079,172.217.27.0-255,2902,61375,10,274747
38061,0.000792,172.31.36.0-255,66,61441,10,274747
38062,0.000818,172.217.27.0-255,1484,62925,10,274747
38063,0.00083,172.217.27.0-255,5738,68663,10,274747
38064,0.000833,172.31.36.0-255,66,68729,10,274747
38065,0.000847,172.31.36.0-255,66,68795,10,274747
38066,0.000854,172.217.27.0-255,6797,75592,10,274747
38067,0.000857,172.31.36.0-255,66,75658,10,274747
38068,0.000907,172.217.27.0-255,1484,77142,10,274747
38069,0.000924,172.217.27.0-255,2902,80044,10,274747
38070,0.000926,172.31.36.0-255,66,80110,10,274747
38071,0.000934,172.217.27.0-255,5738,85848,10,274747
38072,0.000936,172.31.36.0-255,66,85914,10,274747
38073,0.000987,172.31.36.0-255,66,85980,10,274747
38074,0.000999,172.31.36.0-255,66,86046,10,274747
38075,0.001011,172.217.27.0-255,5020,91066,10,274747
38076,0.001013,172.31.36.0-255,66,91132,10,274747
38077,0.001042,172.217.27.0-255,5738,96870,10,274747
38078,0.001044,172.31.36.0-255,66,96936,10,274747
38079,0.001049,172.217.27.0-255,2902,99838,10,274747
38080,0.001051,172.31.36.0-255,66,99904,10,274747
38081,0.001057,172.217.27.0-255,4320,104224,10,274747
38082,0.001059,172.31.36.0-255,66,104290,10,274747
38083,0.001064,172.217.27.0-255,4320,108610,10,274747
38084,0.001067,172.31.36.0-255,66,108676,10,274747
38085,0.001092,172.217.27.0-255,4320,112996,10,274747
38086,0.001095,172.31.36.0-255,66,113062,10,274747
38087,0.00111,172.31.36.0-255,66,113128,10,274747
38088,0.001133,172.217.27.0-255,3602,116730,10,274747
38089,0.00114,172.31.36.0-255,66,116796,10,274747
38090,0.001212,172.217.27.0-255,1484,118280,10,274747
38091,0.001217,172.217.27.0-255,2902,121182,10,274747
38092,0.00122,172.31.36.0-255,66,121248,10,274747
38093,0.001252,172.217.27.0-255,5738,126986,10,274747
38094,0.001255,172.31.36.0-255,66,127052,10,274747
38095,0.001273,172.31.36.0-255,66,127118,10,274747
38096,0.001304,172.217.27.0-255,4320,131438,10,274747
38097,0.001307,172.31.36.0-255,66,131504,10,274747
38098,0.001341,172.217.27.0-255,6438,137942,10,274747
38099,0.001344,172.31.36.0-255,66,138008,10,274747
38100,0.001357,172.31.36.0-255,66,138074,10,274747
38101,0.001368,172.217.27.0-255,7156,145230,10,274747
38102,0.00137,172.31.36.0-255,66,145296,10,274747
38103,0.001427,172.31.36.0-255,66,145362,10,274747
38104,0.00145,172.217.27.0-255,6438,151800,10,274747
38105,0.001452,172.31.36.0-255,66,151866,10,274747
38106,0.001484,172.217.27.0-255,1484,153350,10,274747
38107,0.001489,172.217.27.0-255,2902,156252,10,274747
38108,0.001492,172.31.36.0-255,66,156318,10,274747
38109,0.001519,172.217.27.0-255,2902,159220,10,274747
38110,0.001521,172.31.36.0-255,66,159286,10,274747
38111,0.001527,172.217.27.0-255,4320,163606,10,274747
38112,0.001529,172.31.36.0-255,66,163672,10,274747
38113,0.001536,172.217.27.0-255,5738,169410,10,274747
38114,0.001553,172.31.36.0-255,66,169476,10,274747
38115,0.001584,172.217.27.0-255,2902,172378,10,274747
38116,0.001591,172.31.36.0-255,66,172444,10,274747
38117,0.001606,172.31.36.0-255,66,172510,10,274747
38118,0.001646,172.217.27.0-255,1484,173994,10,274747
38119,0.001661,172.217.27.0-255,2902,176896,10,274747
38120,0.001663,172.31.36.0-255,66,176962,10,274747
38121,0.001667,172.217.27.0-255,1484,178446,10,274747
38122,0.001696,172.217.27.0-255,4320,182766,10,274747
38123,0.0017,172.31.36.0-255,66,182832,10,274747
38124,0.00171,172.31.36.0-255,66,182898,10,274747
38125,0.00172,172.217.27.0-255,4320,187218,10,274747
38126,0.001722,172.31.36.0-255,66,187284,10,274747
38127,0.001725,172.217.27.0-255,1484,188768,10,274747
38128,0.001732,172.217.27.0-255,7156,195924,10,274747
38129,0.001734,172.31.36.0-255,66,195990,10,274747
38130,0.001756,172.217.27.0-255,1484,197474,10,274747
38131,0.00179,172.31.36.0-255,66,197540,10,274747
38132,0.001814,172.217.27.0-255,2184,199724,10,274747
38133,0.001827,172.31.36.0-255,66,199790,10,274747
38134,0.001857,172.217.27.0-255,1484,201274,10,274747
38135,0.001862,172.217.27.0-255,2902,204176,10,274747
38136,0.001865,172.217.27.0-255,1484,205660,10,274747
38137,0.001926,172.217.27.0-255,7156,212816,10,274747
38138,0.00193,172.31.36.0-255,66,212882,10,274747
38139,0.001935,172.31.36.0-255,66,212948,10,274747
38140,0.001947,172.217.27.0-255,1484,214432,10,274747
38141,0.001949,172.217.27.0-255,1484,215916,10,274747
38142,0.001951,172.217.27.0-255,1484,217400,10,274747
38143,0.001953,172.217.27.0-255,1484,218884,10,274747
38144,0.001958,172.217.27.0-255,4320,223204,10,274747
38145,0.001964,172.217.27.0-255,7156,230360,10,274747
38146,0.001969,172.217.27.0-255,3602,233962,10,274747
38147,0.00199,172.217.27.0-255,1484,235446,10,274747
38148,0.002009,172.217.27.0-255,2902,238348,10,274747
38149,0.002016,172.217.27.0-255,7156,245504,10,274747
38150,0.002019,172.217.27.0-255,1484,246988,10,274747
38151,0.002034,172.217.27.0-255,5738,252726,10,274747
38152,0.002044,172.31.36.0-255,66,252792,10,274747
38153,0.002054,172.217.27.0-255,4320,257112,10,274747
38154,0.002085,172.31.36.0-255,66,257178,10,274747
38155,0.002096,172.217.27.0-255,5020,262198,10,274747
38156,0.002121,172.217.27.0-255,7156,269354,10,274747
38157,0.002135,172.217.27.0-255,764,270118,10,274747
38158,0.002138,172.217.27.0-255,105,270223,10,274747
38159,0.002145,172.31.36.0-255,66,270289,10,274747
38160,0.00495,172.31.36.0-255,105,270394,10,274747
38161,0.006541,172.217.27.0-255,66,270460,10,274747
38162,0.034252,172.31.36.0-255,172,270632,10,274747
38163,0.034288,172.31.36.0-255,1112,271744,10,274747
38164,0.034348,172.31.36.0-255,1514,273258,10,274747
38165,0.03435,172.31.36.0-255,1291,274549,10,274747
38166,0.03575,104.244.42.0-255,66,274615,10,274747
38167,0.035789,104.244.42.0-255,66,274681,10,274747
38168,0.035848,104.244.42.0-255,66,274747,10,274747
38169,0.0,172.217.194.0-255,146,146,10,173177
38170,2.3e-05,172.31.36.0-255,66,212,10,173177
38171,3e-05,172.217.194.0-255,1484,1696,10,173177
38172,3.6e-05,172.31.36.0-255,66,1762,10,173177
38173,4.2e-05,172.217.194.0-255,2902,4664,10,173177
38174,4.5e-05,172.31.36.0-255,66,4730,10,173177
38175,5.2e-05,172.217.194.0-255,5738,10468,10,173177
38176,5.6e-05,172.31.36.0-255,66,10534,10,173177
38177,7.6e-05,172.217.194.0-255,3501,14035,10,173177
38178,7.9e-05,172.31.36.0-255,66,14101,10,173177
38179,8.6e-05,172.217.194.0-255,4320,18421,10,173177
38180,8.9e-05,172.31.36.0-255,66,18487,10,173177
38181,0.000109,172.217.194.0-255,1484,19971,10,173177
38182,0.000112,172.31.36.0-255,66,20037,10,173177
38183,0.000149,172.31.36.0-255,66,20103,10,173177
38184,0.000155,172.217.194.0-255,5738,25841,10,173177
38185,0.000158,172.31.36.0-255,66,25907,10,173177
38186,0.000175,172.217.194.0-255,1484,27391,10,173177
38187,0.000177,172.31.36.0-255,66,27457,10,173177
38188,0.000206,172.31.36.0-255,66,27523,10,173177
38189,0.000211,172.217.194.0-255,2902,30425,10,173177
38190,0.000214,172.31.36.0-255,66,30491,10,173177
38191,0.00024,172.31.36.0-255,66,30557,10,173177
38192,0.000265,172.217.194.0-255,2902,33459,10,173177
38193,0.000268,172.31.36.0-255,66,33525,10,173177
38194,0.000272,172.217.194.0-255,2543,36068,10,173177
38195,0.000275,172.31.36.0-255,66,36134,10,173177
38196,0.000305,172.31.36.0-255,66,36200,10,173177
38197,0.000316,172.31.36.0-255,66,36266,10,173177
38198,0.000334,172.217.194.0-255,1125,37391,10,173177
38199,0.000338,172.217.194.0-255,1484,38875,10,173177
38200,0.00034,172.31.36.0-255,66,38941,10,173177
38201,0.000367,172.217.194.0-255,4320,43261,10,173177
38202,0.000369,172.31.36.0-255,66,43327,10,173177
38203,0.000377,172.217.194.0-255,7156,50483,10,173177
38204,0.000379,172.31.36.0-255,66,50549,10,173177
38205,0.000397,172.217.194.0-255,2902,53451,10,173177
38206,0.0004,172.31.36.0-255,66,53517,10,173177
38207,0.000403,172.217.194.0-255,1125,54642,10,173177
38208,0.001108,172.217.194.0-255,1484,56126,10,173177
38209,0.001114,172.31.36.0-255,66,56192,10,173177
38210,0.00112,172.217.194.0-255,2902,59094,10,173177
38211,0.001122,172.31.36.0-255,66,59160,10,173177
38212,0.001128,172.217.194.0-255,5738,64898,10,173177
38213,0.00113,172.31.36.0-255,66,64964,10,173177
38214,0.001133,172.217.194.0-255,1484,66448,10,173177
38215,0.001167,172.31.36.0-255,66,66514,10,173177
38216,0.001179,172.31.36.0-255,66,66580,10,173177
38217,0.001261,172.217.194.0-255,1484,68064,10,173177
38218,0.001267,172.217.194.0-255,2902,70966,10,173177
38219,0.00127,172.31.36.0-255,66,71032,10,173177
38220,0.001294,172.217.194.0-255,5738,76770,10,173177
38221,0.001297,172.31.36.0-255,66,76836,10,173177
38222,0.001306,172.31.36.0-255,66,76902,10,173177
38223,0.00133,172.217.194.0-255,4320,81222,10,173177
38224,0.001333,172.31.36.0-255,66,81288,10,173177
38225,0.001343,172.31.36.0-255,66,81354,10,173177
38226,0.001407,172.31.36.0-255,66,81420,10,173177
38227,0.001421,172.31.36.0-255,66,81486,10,173177
38228,0.001428,172.217.194.0-255,6438,87924,10,173177
38229,0.00143,172.31.36.0-255,66,87990,10,173177
38230,0.00145,172.217.194.0-255,4320,92310,10,173177
38231,0.001452,172.31.36.0-255,66,92376,10,173177
38232,0.001467,172.217.194.0-255,2902,95278,10,173177
38233,0.00147,172.31.36.0-255,66,95344,10,173177
38234,0.001482,172.31.36.0-255,66,95410,10,173177
38235,0.001534,172.217.194.0-255,7156,102566,10,173177
38236,0.001538,172.31.36.0-255,66,102632,10,173177
38237,0.001559,172.31.36.0-255,66,102698,10,173177
38238,0.001637,172.217.194.0-255,1484,104182,10,173177
38239,0.00166,172.217.194.0-255,2902,107084,10,173177
38240,0.001665,172.31.36.0-255,66,107150,10,173177
38241,0.001684,172.217.194.0-255,4320,111470,10,173177
38242,0.001687,172.31.36.0-255,66,111536,10,173177
38243,0.001693,172.217.194.0-255,5738,117274,10,173177
38244,0.001696,172.31.36.0-255,66,117340,10,173177
38245,0.001709,172.217.194.0-255,7156,124496,10,173177
38246,0.001711,172.31.36.0-255,66,124562,10,173177
38247,0.001746,172.217.194.0-255,4320,128882,10,173177
38248,0.001749,172.31.36.0-255,66,128948,10,173177
38249,0.001758,172.31.36.0-255,66,129014,10,173177
38250,0.001801,172.217.194.0-255,1484,130498,10,173177
38251,0.001806,172.217.194.0-255,2902,133400,10,173177
38252,0.001808,172.31.36.0-255,66,133466,10,173177
38253,0.001832,172.217.194.0-255,5738,139204,10,173177
38254,0.001835,172.31.36.0-255,66,139270,10,173177
38255,0.001841,172.217.194.0-255,4320,143590,10,173177
38256,0.001843,172.31.36.0-255,66,143656,10,173177
38257,0.001875,172.217.194.0-255,7156,150812,10,173177
38258,0.001879,172.31.36.0-255,66,150878,10,173177
38259,0.001882,172.31.36.0-255,66,150944,10,173177
38260,0.001903,172.217.194.0-255,3602,154546,10,173177
38261,0.001906,172.31.36.0-255,66,154612,10,173177
38262,0.001918,172.31.36.0-255,66,154678,10,173177
38263,0.001925,172.217.194.0-255,5738,160416,10,173177
38264,0.001927,172.31.36.0-255,66,160482,10,173177
38265,0.001978,172.217.194.0-255,4320,164802,10,173177
38266,0.001982,172.31.36.0-255,66,164868,10,173177
38267,0.002086,172.217.194.0-255,2902,167770,10,173177
38268,0.002097,172.217.194.0-255,1484,169254,10,173177
38269,0.002099,172.31.36.0-255,66,169320,10,173177
38270,0.002106,172.31.36.0-255,66,169386,10,173177
38271,0.002155,172.31.36.0-255,66,169452,10,173177
38272,0.002206,172.31.36.0-255,66,169518,10,173177
38273,0.002222,172.217.194.0-255,105,169623,10,173177
38274,0.004445,172.31.36.0-255,66,169689,10,173177
38275,0.004483,172.31.36.0-255,105,169794,10,173177
38276,0.006722,172.217.194.0-255,66,169860,10,173177
38277,0.03408,172.31.36.0-255,164,170024,10,173177
38278,0.034109,172.31.36.0-255,1120,171144,10,173177
38279,0.034165,172.31.36.0-255,1514,172658,10,173177
38280,0.034166,172.31.36.0-255,321,172979,10,173177
38281,0.035649,104.244.42.0-255,66,173045,10,173177
38282,0.03568,104.244.42.0-255,66,173111,10,173177
38283,0.035718,104.244.42.0-255,66,173177,10,173177
38284,0.0,74.125.68.0-255,146,146,10,404928
38285,2.6e-05,172.31.36.0-255,66,212,10,404928
38286,3.3e-05,74.125.68.0-255,1484,1696,10,404928
38287,3.7e-05,172.31.36.0-255,66,1762,10,404928
38288,5.1e-05,74.125.68.0-255,1484,3246,10,404928
38289,5.4e-05,172.31.36.0-255,66,3312,10,404928
38290,7.7e-05,74.125.68.0-255,2902,6214,10,404928
38291,8.1e-05,172.31.36.0-255,66,6280,10,404928
38292,0.000101,74.125.68.0-255,5738,12018,10,404928
38293,0.000104,172.31.36.0-255,66,12084,10,404928
38294,0.000108,74.125.68.0-255,1983,14067,10,404928
38295,0.00011,172.31.36.0-255,66,14133,10,404928
38296,0.000213,74.125.68.0-255,1484,15617,10,404928
38297,0.000217,172.31.36.0-255,66,15683,10,404928
38298,0.000223,74.125.68.0-255,2902,18585,10,404928
38299,0.000225,172.31.36.0-255,66,18651,10,404928
38300,0.000259,74.125.68.0-255,2902,21553,10,404928
38301,0.000264,172.31.36.0-255,66,21619,10,404928
38302,0.0003,74.125.68.0-255,4320,25939,10,404928
38303,0.000304,172.31.36.0-255,66,26005,10,404928
38304,0.000316,74.125.68.0-255,2902,28907,10,404928
38305,0.000319,172.31.36.0-255,66,28973,10,404928
38306,0.000361,74.125.68.0-255,2543,31516,10,404928
38307,0.000364,172.31.36.0-255,66,31582,10,404928
38308,0.000464,74.125.68.0-255,1484,33066,10,404928
38309,0.000468,172.31.36.0-255,66,33132,10,404928
38310,0.00049,74.125.68.0-255,2902,36034,10,404928
38311,0.000492,172.31.36.0-255,66,36100,10,404928
38312,0.000516,74.125.68.0-255,5738,41838,10,404928
38313,0.00052,172.31.36.0-255,66,41904,10,404928
38314,0.000526,74.125.68.0-255,4320,46224,10,404928
38315,0.00053,172.31.36.0-255,66,46290,10,404928
38316,0.000552,74.125.68.0-255,5379,51669,10,404928
38317,0.000555,172.31.36.0-255,66,51735,10,404928
38318,0.000575,74.125.68.0-255,2902,54637,10,404928
38319,0.000579,172.31.36.0-255,66,54703,10,404928
38320,0.000597,74.125.68.0-255,5738,60441,10,404928
38321,0.0006,172.31.36.0-255,66,60507,10,404928
38322,0.000623,74.125.68.0-255,4320,64827,10,404928
38323,0.000625,172.31.36.0-255,66,64893,10,404928
38324,0.000629,74.125.68.0-255,1402,66295,10,404928
38325,0.000654,74.125.68.0-255,130,66425,10,404928
38326,0.000848,172.31.36.0-255,66,66491,10,404928
38327,0.001062,74.125.68.0-255,1484,67975,10,404928
38328,0.00107,74.125.68.0-255,1484,69459,10,404928
38329,0.001074,172.31.36.0-255,66,69525,10,404928
38330,0.00108,74.125.68.0-255,2902,72427,10,404928
38331,0.001082,172.31.36.0-255,66,72493,10,404928
38332,0.001124,74.125.68.0-255,5738,78231,10,404928
38333,0.001128,172.31.36.0-255,66,78297,10,404928
38334,0.001138,172.31.36.0-255,66,78363,10,404928
38335,0.001174,172.31.36.0-255,66,78429,10,404928
38336,0.001179,74.125.68.0-255,2902,81331,10,404928
38337,0.00118,172.31.36.0-255,66,81397,10,404928
38338,0.001213,74.125.68.0-255,3602,84999,10,404928
38339,0.001217,172.31.36.0-255,66,85065,10,404928
38340,0.00122,74.125.68.0-255,1484,86549,10,404928
38341,0.001261,74.125.68.0-255,2902,89451,10,404928
38342,0.001265,172.31.36.0-255,66,89517,10,404928
38343,0.001269,74.125.68.0-255,1484,91001,10,404928
38344,0.001286,74.125.68.0-255,4320,95321,10,404928
38345,0.00129,172.31.36.0-255,66,95387,10,404928
38346,0.001306,74.125.68.0-255,1484,96871,10,404928
38347,0.001322,74.125.68.0-255,2902,99773,10,404928
38348,0.001325,172.31.36.0-255,66,99839,10,404928
38349,0.001351,172.31.36.0-255,66,99905,10,404928
38350,0.001357,74.125.68.0-255,5738,105643,10,404928
38351,0.00136,172.31.36.0-255,66,105709,10,404928
38352,0.001362,74.125.68.0-255,766,106475,10,404928
38353,0.001505,74.125.68.0-255,1484,107959,10,404928
38354,0.00151,172.31.36.0-255,66,108025,10,404928
38355,0.001526,74.125.68.0-255,2902,110927,10,404928
38356,0.001529,172.31.36.0-255,66,110993,10,404928
38357,0.001532,74.125.68.0-255,1484,112477,10,404928
38358,0.00155,74.125.68.0-255,1484,113961,10,404928
38359,0.001551,172.31.36.0-255,66,114027,10,404928
38360,0.001583,74.125.68.0-255,1484,115511,10,404928
38361,0.001605,74.125.68.0-255,2902,118413,10,404928
38362,0.001608,172.31.36.0-255,66,118479,10,404928
38363,0.001632,74.125.68.0-255,5738,124217,10,404928
38364,0.001634,172.31.36.0-255,66,124283,10,404928
38365,0.00164,74.125.68.0-255,5738,130021,10,404928
38366,0.001642,172.31.36.0-255,66,130087,10,404928
38367,0.001661,74.125.68.0-255,5738,135825,10,404928
38368,0.001663,172.31.36.0-255,66,135891,10,404928
38369,0.001677,74.125.68.0-255,1484,137375,10,404928
38370,0.001704,74.125.68.0-255,2902,140277,10,404928
38371,0.001707,172.31.36.0-255,66,140343,10,404928
38372,0.001724,74.125.68.0-255,766,141109,10,404928
38373,0.001745,74.125.68.0-255,1484,142593,10,404928
38374,0.001747,172.31.36.0-255,66,142659,10,404928
38375,0.001759,74.125.68.0-255,1484,144143,10,404928
38376,0.001771,74.125.68.0-255,1484,145627,10,404928
38377,0.001773,172.31.36.0-255,66,145693,10,404928
38378,0.001779,74.125.68.0-255,5738,151431,10,404928
38379,0.001781,172.31.36.0-255,66,151497,10,404928
38380,0.001784,74.125.68.0-255,1484,152981,10,404928
38381,0.001804,74.125.68.0-255,4320,157301,10,404928
38382,0.001807,172.31.36.0-255,66,157367,10,404928
38383,0.001819,74.125.68.0-255,4320,161687,10,404928
38384,0.001822,172.31.36.0-255,66,161753,10,404928
38385,0.001841,74.125.68.0-255,2902,164655,10,404928
38386,0.001843,172.31.36.0-255,66,164721,10,404928
38387,0.001846,74.125.68.0-255,1484,166205,10,404928
38388,0.00189,74.125.68.0-255,1484,167689,10,404928
38389,0.001892,172.31.36.0-255,66,167755,10,404928
38390,0.001925,74.125.68.0-255,2902,170657,10,404928
38391,0.001928,172.31.36.0-255,66,170723,10,404928
38392,0.001982,74.125.68.0-255,1484,172207,10,404928
38393,0.002045,74.125.68.0-255,2902,175109,10,404928
38394,0.002048,172.31.36.0-255,66,175175,10,404928
38395,0.002083,74.125.68.0-255,3602,178777,10,404928
38396,0.002086,172.31.36.0-255,66,178843,10,404928
38397,0.00209,74.125.68.0-255,2902,181745,10,404928
38398,0.002093,172.31.36.0-255,66,181811,10,404928
38399,0.002103,74.125.68.0-255,1484,183295,10,404928
38400,0.002118,74.125.68.0-255,2902,186197,10,404928
38401,0.002121,172.31.36.0-255,66,186263,10,404928
38402,0.002125,74.125.68.0-255,2902,189165,10,404928
38403,0.002127,172.31.36.0-255,66,189231,10,404928
38404,0.002144,74.125.68.0-255,5738,194969,10,404928
38405,0.002146,172.31.36.0-255,66,195035,10,404928
38406,0.002149,74.125.68.0-255,1484,196519,10,404928
38407,0.002152,74.125.68.0-255,1484,198003,10,404928
38408,0.002154,172.31.36.0-255,66,198069,10,404928
38409,0.002174,74.125.68.0-255,1484,199553,10,404928
38410,0.00218,74.125.68.0-255,5738,205291,10,404928
38411,0.002182,172.31.36.0-255,66,205357,10,404928
38412,0.002202,74.125.68.0-255,5020,210377,10,404928
38413,0.002205,172.31.36.0-255,66,210443,10,404928
38414,0.00443,74.125.68.0-255,5738,216181,10,404928
38415,0.004436,172.31.36.0-255,66,216247,10,404928
38416,0.006702,74.125.68.0-255,5738,221985,10,404928
38417,0.006708,172.31.36.0-255,66,222051,10,404928
38418,0.008952,74.125.68.0-255,5738,227789,10,404928
38419,0.008959,172.31.36.0-255,66,227855,10,404928
38420,0.011245,74.125.68.0-255,5738,233593,10,404928
38421,0.011253,172.31.36.0-255,66,233659,10,404928
38422,0.013498,74.125.68.0-255,5738,239397,10,404928
38423,0.013506,172.31.36.0-255,66,239463,10,404928
38424,0.015743,74.125.68.0-255,5738,245201,10,404928
38425,0.015752,172.31.36.0-255,66,245267,10,404928
38426,0.017998,74.125.68.0-255,5738,251005,10,404928
38427,0.018006,172.31.36.0-255,66,251071,10,404928
38428,0.020243,74.125.68.0-255,5738,256809,10,404928
38429,0.02025,172.31.36.0-255,66,256875,10,404928
38430,0.022497,74.125.68.0-255,5738,262613,10,404928
38431,0.022503,172.31.36.0-255,66,262679,10,404928
38432,0.024758,74.125.68.0-255,5738,268417,10,404928
38433,0.024765,172.31.36.0-255,66,268483,10,404928
38434,0.027016,74.125.68.0-255,5738,274221,10,404928
38435,0.027024,172.31.36.0-255,66,274287,10,404928
38436,0.029277,74.125.68.0-255,5738,280025,10,404928
38437,0.029285,172.31.36.0-255,66,280091,10,404928
38438,0.030079,172.31.36.0-255,182,280273,10,404928
38439,0.030108,172.31.36.0-255,1112,281385,10,404928
38440,0.030154,172.31.36.0-255,1514,282899,10,404928
38441,0.030155,172.31.36.0-255,1514,284413,10,404928
38442,0.030157,172.31.36.0-255,1514,285927,10,404928
38443,0.030158,172.31.36.0-255,1071,286998,10,404928
38444,0.031523,74.125.68.0-255,5738,292736,10,404928
38445,0.031529,172.31.36.0-255,66,292802,10,404928
38446,0.031605,104.244.42.0-255,66,292868,10,404928
38447,0.031674,104.244.42.0-255,66,292934,10,404928
38448,0.031722,104.244.42.0-255,66,293000,10,404928
38449,0.031726,104.244.42.0-255,66,293066,10,404928
38450,0.033769,74.125.68.0-255,5738,298804,10,404928
38451,0.033775,172.31.36.0-255,66,298870,10,404928
38452,0.036023,74.125.68.0-255,4320,303190,10,404928
38453,0.036028,172.31.36.0-255,66,303256,10,404928
38454,0.036051,74.125.68.0-255,1484,304740,10,404928
38455,0.038272,74.125.68.0-255,4320,309060,10,404928
38456,0.038277,172.31.36.0-255,66,309126,10,404928
38457,0.040512,74.125.68.0-255,4320,313446,10,404928
38458,0.040516,172.31.36.0-255,66,313512,10,404928
38459,0.040542,74.125.68.0-255,1484,314996,10,404928
38460,0.042752,74.125.68.0-255,4320,319316,10,404928
38461,0.042757,172.31.36.0-255,66,319382,10,404928
38462,0.044988,74.125.68.0-255,2902,322284,10,404928
38463,0.044993,172.31.36.0-255,66,322350,10,404928
38464,0.045022,74.125.68.0-255,2902,325252,10,404928
38465,0.045025,172.31.36.0-255,66,325318,10,404928
38466,0.047225,74.125.68.0-255,2902,328220,10,404928
38467,0.047229,172.31.36.0-255,66,328286,10,404928
38468,0.047256,74.125.68.0-255,2902,331188,10,404928
38469,0.047259,172.31.36.0-255,66,331254,10,404928
38470,0.049514,74.125.68.0-255,2902,334156,10,404928
38471,0.049519,172.31.36.0-255,66,334222,10,404928
38472,0.049547,74.125.68.0-255,2902,337124,10,404928
38473,0.04955,172.31.36.0-255,66,337190,10,404928
38474,0.051757,74.125.68.0-255,2902,340092,10,404928
38475,0.051763,172.31.36.0-255,66,340158,10,404928
38476,0.051794,74.125.68.0-255,2902,343060,10,404928
38477,0.051797,172.31.36.0-255,66,343126,10,404928
38478,0.053999,74.125.68.0-255,2902,346028,10,404928
38479,0.054004,172.31.36.0-255,66,346094,10,404928
38480,0.054038,74.125.68.0-255,2902,348996,10,404928
38481,0.054042,172.31.36.0-255,66,349062,10,404928
38482,0.056242,74.125.68.0-255,2902,351964,10,404928
38483,0.056248,172.31.36.0-255,66,352030,10,404928
38484,0.056275,74.125.68.0-255,1484,353514,10,404928
38485,0.056292,74.125.68.0-255,1484,354998,10,404928
38486,0.056295,172.31.36.0-255,66,355064,10,404928
38487,0.058478,74.125.68.0-255,2902,357966,10,404928
38488,0.058483,172.31.36.0-255,66,358032,10,404928
38489,0.058516,74.125.68.0-255,1484,359516,10,404928
38490,0.058528,74.125.68.0-255,1484,361000,10,404928
38491,0.058531,172.31.36.0-255,66,361066,10,404928
38492,0.060725,74.125.68.0-255,2902,363968,10,404928
38493,0.060731,172.31.36.0-255,66,364034,10,404928
38494,0.060766,74.125.68.0-255,2902,366936,10,404928
38495,0.06077,172.31.36.0-255,66,367002,10,404928
38496,0.062991,74.125.68.0-255,5738,372740,10,404928
38497,0.062997,172.31.36.0-255,66,372806,10,404928
38498,0.065225,74.125.68.0-255,4320,377126,10,404928
38499,0.06523,172.31.36.0-255,66,377192,10,404928
38500,0.065262,74.125.68.0-255,1484,378676,10,404928
38501,0.067466,74.125.68.0-255,4320,382996,10,404928
38502,0.067472,172.31.36.0-255,66,383062,10,404928
38503,0.06972,74.125.68.0-255,5738,388800,10,404928
38504,0.069726,172.31.36.0-255,66,388866,10,404928
38505,0.071964,74.125.68.0-255,5738,394604,10,404928
38506,0.07197,172.31.36.0-255,66,394670,10,404928
38507,0.074208,74.125.68.0-255,5738,400408,10,404928
38508,0.074213,172.31.36.0-255,66,400474,10,404928
38509,0.076457,74.125.68.0-255,4217,404691,10,404928
38510,0.076462,172.31.36.0-255,66,404757,10,404928
38511,0.07666,172.31.36.0-255,105,404862,10,404928
38512,0.078868,74.125.68.0-255,66,404928,10,404928
38513,0.0,74.125.24.0-255,151,151,10,310618
38514,1.5e-05,172.31.36.0-255,66,217,10,310618
38515,2.3e-05,74.125.24.0-255,1484,1701,10,310618
38516,2.7e-05,172.31.36.0-255,66,1767,10,310618
38517,3.2e-05,74.125.24.0-255,2902,4669,10,310618
38518,4.3e-05,172.31.36.0-255,66,4735,10,310618
38519,5.1e-05,74.125.24.0-255,7156,11891,10,310618
38520,5.5e-05,172.31.36.0-255,66,11957,10,310618
38521,6e-05,74.125.24.0-255,1975,13932,10,310618
38522,6.2e-05,172.31.36.0-255,66,13998,10,310618
38523,0.00051,74.125.24.0-255,1484,15482,10,310618
38524,0.000517,172.31.36.0-255,66,15548,10,310618
38525,0.000526,74.125.24.0-255,2902,18450,10,310618
38526,0.000528,172.31.36.0-255,66,18516,10,310618
38527,0.000542,74.125.24.0-255,5738,24254,10,310618
38528,0.000544,172.31.36.0-255,66,24320,10,310618
38529,0.000547,74.125.24.0-255,1484,25804,10,310618
38530,0.000549,172.31.36.0-255,66,25870,10,310618
38531,0.000604,172.31.36.0-255,66,25936,10,310618
38532,0.000622,172.31.36.0-255,66,26002,10,310618
38533,0.000641,172.31.36.0-255,66,26068,10,310618
38534,0.000644,74.125.24.0-255,399,26467,10,310618
38535,0.000645,172.31.36.0-255,66,26533,10,310618
38536,0.000996,74.125.24.0-255,111,26644,10,310618
38537,0.001004,172.31.36.0-255,66,26710,10,310618
38538,0.001784,74.125.24.0-255,1484,28194,10,310618
38539,0.00179,172.31.36.0-255,66,28260,10,310618
38540,0.001797,74.125.24.0-255,2902,31162,10,310618
38541,0.0018,172.31.36.0-255,66,31228,10,310618
38542,0.001812,74.125.24.0-255,5738,36966,10,310618
38543,0.001821,74.125.24.0-255,7156,44122,10,310618
38544,0.001886,74.125.24.0-255,2184,46306,10,310618
38545,0.001956,74.125.24.0-255,1484,47790,10,310618
38546,0.001959,74.125.24.0-255,1484,49274,10,310618
38547,0.001971,74.125.24.0-255,1484,50758,10,310618
38548,0.001974,74.125.24.0-255,1484,52242,10,310618
38549,0.002077,172.31.36.0-255,66,52308,10,310618
38550,0.00406,74.125.24.0-255,5738,58046,10,310618
38551,0.004066,172.31.36.0-255,66,58112,10,310618
38552,0.006061,74.125.24.0-255,5738,63850,10,310618
38553,0.006069,172.31.36.0-255,66,63916,10,310618
38554,0.008029,74.125.24.0-255,5738,69654,10,310618
38555,0.008038,172.31.36.0-255,66,69720,10,310618
38556,0.010005,74.125.24.0-255,5738,75458,10,310618
38557,0.010012,172.31.36.0-255,66,75524,10,310618
38558,0.011981,74.125.24.0-255,5738,81262,10,310618
38559,0.011989,172.31.36.0-255,66,81328,10,310618
38560,0.013927,74.125.24.0-255,5738,87066,10,310618
38561,0.013935,172.31.36.0-255,66,87132,10,310618
38562,0.015898,74.125.24.0-255,5738,92870,10,310618
38563,0.01591,172.31.36.0-255,66,92936,10,310618
38564,0.017875,74.125.24.0-255,5738,98674,10,310618
38565,0.017883,172.31.36.0-255,66,98740,10,310618
38566,0.019845,74.125.24.0-255,5738,104478,10,310618
38567,0.019853,172.31.36.0-255,66,104544,10,310618
38568,0.021806,74.125.24.0-255,5738,110282,10,310618
38569,0.021813,172.31.36.0-255,66,110348,10,310618
38570,0.023784,74.125.24.0-255,5738,116086,10,310618
38571,0.023793,172.31.36.0-255,66,116152,10,310618
38572,0.025758,74.125.24.0-255,5738,121890,10,310618
38573,0.025769,172.31.36.0-255,66,121956,10,310618
38574,0.027733,74.125.24.0-255,5738,127694,10,310618
38575,0.027741,172.31.36.0-255,66,127760,10,310618
38576,0.0281,172.31.36.0-255,171,127931,10,310618
38577,0.028151,172.31.36.0-255,1114,129045,10,310618
38578,0.028253,172.31.36.0-255,1514,130559,10,310618
38579,0.028255,172.31.36.0-255,1289,131848,10,310618
38580,0.029699,104.244.42.0-255,66,131914,10,310618
38581,0.029728,104.244.42.0-255,66,131980,10,310618
38582,0.029758,74.125.24.0-255,5738,137718,10,310618
38583,0.029763,172.31.36.0-255,66,137784,10,310618
38584,0.029814,104.244.42.0-255,66,137850,10,310618
38585,0.031722,74.125.24.0-255,5738,143588,10,310618
38586,0.03173,172.31.36.0-255,66,143654,10,310618
38587,0.033683,74.125.24.0-255,5738,149392,10,310618
38588,0.03369,172.31.36.0-255,66,149458,10,310618
38589,0.03567,74.125.24.0-255,5738,155196,10,310618
38590,0.035678,172.31.36.0-255,66,155262,10,310618
38591,0.037634,74.125.24.0-255,5738,161000,10,310618
38592,0.03764,172.31.36.0-255,66,161066,10,310618
38593,0.039596,74.125.24.0-255,5738,166804,10,310618
38594,0.039606,172.31.36.0-255,66,166870,10,310618
38595,0.041561,74.125.24.0-255,5738,172608,10,310618
38596,0.041567,172.31.36.0-255,66,172674,10,310618
38597,0.04351,74.125.24.0-255,5738,178412,10,310618
38598,0.043517,172.31.36.0-255,66,178478,10,310618
38599,0.045511,74.125.24.0-255,5738,184216,10,310618
38600,0.045519,172.31.36.0-255,66,184282,10,310618
38601,0.047512,74.125.24.0-255,5738,190020,10,310618
38602,0.047519,172.31.36.0-255,66,190086,10,310618
38603,0.049481,74.125.24.0-255,5738,195824,10,310618
38604,0.049488,172.31.36.0-255,66,195890,10,310618
38605,0.051499,74.125.24.0-255,4320,200210,10,310618
38606,0.051506,172.31.36.0-255,66,200276,10,310618
38607,0.051539,74.125.24.0-255,1484,201760,10,310618
38608,0.053478,74.125.24.0-255,4320,206080,10,310618
38609,0.053485,172.31.36.0-255,66,206146,10,310618
38610,0.055479,74.125.24.0-255,5738,211884,10,310618
38611,0.055486,172.31.36.0-255,66,211950,10,310618
38612,0.057486,74.125.24.0-255,5738,217688,10,310618
38613,0.057492,172.31.36.0-255,66,217754,10,310618
38614,0.059492,74.125.24.0-255,5738,223492,10,310618
38615,0.059499,172.31.36.0-255,66,223558,10,310618
38616,0.061486,74.125.24.0-255,5738,229296,10,310618
38617,0.061493,172.31.36.0-255,66,229362,10,310618
38618,0.06348,74.125.24.0-255,5738,235100,10,310618
38619,0.063487,172.31.36.0-255,66,235166,10,310618
38620,0.065439,74.125.24.0-255,5738,240904,10,310618
38621,0.065446,172.31.36.0-255,66,240970,10,310618
38622,0.067448,74.125.24.0-255,5738,246708,10,310618
38623,0.067461,172.31.36.0-255,66,246774,10,310618
38624,0.069424,74.125.24.0-255,5738,252512,10,310618
38625,0.069437,172.31.36.0-255,66,252578,10,310618
38626,0.071483,74.125.24.0-255,5738,258316,10,310618
38627,0.071496,172.31.36.0-255,66,258382,10,310618
38628,0.073457,74.125.24.0-255,5738,264120,10,310618
38629,0.073469,172.31.36.0-255,66,264186,10,310618
38630,0.075437,74.125.24.0-255,5738,269924,10,310618
38631,0.07545,172.31.36.0-255,66,269990,10,310618
38632,0.077455,74.125.24.0-255,5738,275728,10,310618
38633,0.077463,172.31.36.0-255,66,275794,10,310618
38634,0.079416,74.125.24.0-255,5738,281532,10,310618
38635,0.079429,172.31.36.0-255,66,281598,10,310618
38636,0.081462,74.125.24.0-255,5738,287336,10,310618
38637,0.081475,172.31.36.0-255,66,287402,10,310618
38638,0.083487,74.125.24.0-255,5738,293140,10,310618
38639,0.083502,172.31.36.0-255,66,293206,10,310618
38640,0.085486,74.125.24.0-255,5738,298944,10,310618
38641,0.085492,172.31.36.0-255,66,299010,10,310618
38642,0.087459,74.125.24.0-255,5738,304748,10,310618
38643,0.087472,172.31.36.0-255,66,304814,10,310618
38644,0.089487,74.125.24.0-255,5738,310552,10,310618
38645,0.089497,172.31.36.0-255,66,310618,10,310618
38646,0.0,74.125.68.0-255,153,153,10,358868
38647,2.2e-05,172.31.36.0-255,66,219,10,358868
38648,3e-05,74.125.68.0-255,1484,1703,10,358868
38649,3.4e-05,172.31.36.0-255,66,1769,10,358868
38650,4.1e-05,74.125.68.0-255,2902,4671,10,358868
38651,4.5e-05,172.31.36.0-255,66,4737,10,358868
38652,5.1e-05,74.125.68.0-255,4320,9057,10,358868
38653,5.4e-05,172.31.36.0-255,66,9123,10,358868
38654,7.6e-05,74.125.68.0-255,4939,14062,10,358868
38655,7.9e-05,172.31.36.0-255,66,14128,10,358868
38656,0.0001,74.125.68.0-255,2902,17030,10,358868
38657,0.000103,172.31.36.0-255,66,17096,10,358868
38658,0.000124,74.125.68.0-255,4320,21416,10,358868
38659,0.000127,172.31.36.0-255,66,21482,10,358868
38660,0.000138,172.31.36.0-255,66,21548,10,358868
38661,0.000141,74.125.68.0-255,1125,22673,10,358868
38662,0.000143,172.31.36.0-255,66,22739,10,358868
38663,0.000265,74.125.68.0-255,1484,24223,10,358868
38664,0.00027,172.31.36.0-255,66,24289,10,358868
38665,0.000275,74.125.68.0-255,2902,27191,10,358868
38666,0.000277,172.31.36.0-255,66,27257,10,358868
38667,0.000297,74.125.68.0-255,5738,32995,10,358868
38668,0.0003,172.31.36.0-255,66,33061,10,358868
38669,0.000305,74.125.68.0-255,2902,35963,10,358868
38670,0.000307,172.31.36.0-255,66,36029,10,358868
38671,0.000337,74.125.68.0-255,3961,39990,10,358868
38672,0.00034,172.31.36.0-255,66,40056,10,358868
38673,0.000343,74.125.68.0-255,1484,41540,10,358868
38674,0.000345,172.31.36.0-255,66,41606,10,358868
38675,0.000363,74.125.68.0-255,7156,48762,10,358868
38676,0.000365,172.31.36.0-255,66,48828,10,358868
38677,0.00037,74.125.68.0-255,2902,51730,10,358868
38678,0.000372,172.31.36.0-255,66,51796,10,358868
38679,0.000413,74.125.68.0-255,4320,56116,10,358868
38680,0.000416,172.31.36.0-255,66,56182,10,358868
38681,0.000428,74.125.68.0-255,1462,57644,10,358868
38682,0.000446,74.125.68.0-255,348,57992,10,358868
38683,0.000449,172.31.36.0-255,66,58058,10,358868
38684,0.000702,74.125.68.0-255,1484,59542,10,358868
38685,0.000708,74.125.68.0-255,2902,62444,10,358868
38686,0.00071,74.125.68.0-255,1484,63928,10,358868
38687,0.000716,172.31.36.0-255,66,63994,10,358868
38688,0.000733,74.125.68.0-255,2902,66896,10,358868
38689,0.000735,172.31.36.0-255,66,66962,10,358868
38690,0.000741,74.125.68.0-255,2902,69864,10,358868
38691,0.000743,172.31.36.0-255,66,69930,10,358868
38692,0.00076,74.125.68.0-255,2902,72832,10,358868
38693,0.000763,172.31.36.0-255,66,72898,10,358868
38694,0.000767,74.125.68.0-255,2902,75800,10,358868
38695,0.00077,172.31.36.0-255,66,75866,10,358868
38696,0.000794,74.125.68.0-255,5738,81604,10,358868
38697,0.000798,172.31.36.0-255,66,81670,10,358868
38698,0.00081,172.31.36.0-255,66,81736,10,358868
38699,0.000813,74.125.68.0-255,766,82502,10,358868
38700,0.001052,74.125.68.0-255,1484,83986,10,358868
38701,0.001059,172.31.36.0-255,66,84052,10,358868
38702,0.001069,74.125.68.0-255,2902,86954,10,358868
38703,0.001071,172.31.36.0-255,66,87020,10,358868
38704,0.001096,74.125.68.0-255,4320,91340,10,358868
38705,0.001098,172.31.36.0-255,66,91406,10,358868
38706,0.00115,172.31.36.0-255,66,91472,10,358868
38707,0.001167,74.125.68.0-255,7156,98628,10,358868
38708,0.00117,172.31.36.0-255,66,98694,10,358868
38709,0.001189,74.125.68.0-255,2902,101596,10,358868
38710,0.001193,74.125.68.0-255,2902,104498,10,358868
38711,0.001196,172.31.36.0-255,66,104564,10,358868
38712,0.0012,172.31.36.0-255,66,104630,10,358868
38713,0.001225,74.125.68.0-255,3602,108232,10,358868
38714,0.001228,172.31.36.0-255,66,108298,10,358868
38715,0.001281,74.125.68.0-255,1484,109782,10,358868
38716,0.0013,74.125.68.0-255,2902,112684,10,358868
38717,0.001303,172.31.36.0-255,66,112750,10,358868
38718,0.001323,74.125.68.0-255,4320,117070,10,358868
38719,0.001326,172.31.36.0-255,66,117136,10,358868
38720,0.001341,74.125.68.0-255,1484,118620,10,358868
38721,0.001371,74.125.68.0-255,7156,125776,10,358868
38722,0.001374,172.31.36.0-255,66,125842,10,358868
38723,0.001399,74.125.68.0-255,5738,131580,10,358868
38724,0.001402,74.125.68.0-255,1484,133064,10,358868
38725,0.001406,172.31.36.0-255,66,133130,10,358868
38726,0.001428,74.125.68.0-255,5738,138868,10,358868
38727,0.001431,172.31.36.0-255,66,138934,10,358868
38728,0.001435,74.125.68.0-255,2902,141836,10,358868
38729,0.001438,172.31.36.0-255,66,141902,10,358868
38730,0.001468,74.125.68.0-255,766,142668,10,358868
38731,0.001528,74.125.68.0-255,1484,144152,10,358868
38732,0.001532,172.31.36.0-255,66,144218,10,358868
38733,0.001549,74.125.68.0-255,2902,147120,10,358868
38734,0.001552,172.31.36.0-255,66,147186,10,358868
38735,0.001572,74.125.68.0-255,5738,152924,10,358868
38736,0.001575,172.31.36.0-255,66,152990,10,358868
38737,0.001579,74.125.68.0-255,2902,155892,10,358868
38738,0.001581,172.31.36.0-255,66,155958,10,358868
38739,0.001586,74.125.68.0-255,2902,158860,10,358868
38740,0.001588,172.31.36.0-255,66,158926,10,358868
38741,0.001606,74.125.68.0-255,1484,160410,10,358868
38742,0.001645,172.31.36.0-255,66,160476,10,358868
38743,0.001652,74.125.68.0-255,5738,166214,10,358868
38744,0.001655,172.31.36.0-255,66,166280,10,358868
38745,0.001684,74.125.68.0-255,2184,168464,10,358868
38746,0.001687,172.31.36.0-255,66,168530,10,358868
38747,0.001736,74.125.68.0-255,1484,170014,10,358868
38748,0.001757,74.125.68.0-255,2902,172916,10,358868
38749,0.001761,172.31.36.0-255,66,172982,10,358868
38750,0.001766,74.125.68.0-255,2902,175884,10,358868
38751,0.001768,172.31.36.0-255,66,175950,10,358868
38752,0.001788,74.125.68.0-255,2902,178852,10,358868
38753,0.001791,172.31.36.0-255,66,178918,10,358868
38754,0.001796,74.125.68.0-255,4320,183238,10,358868
38755,0.001798,172.31.36.0-255,66,183304,10,358868
38756,0.001804,74.125.68.0-255,5738,189042,10,358868
38757,0.001807,172.31.36.0-255,66,189108,10,358868
38758,0.001848,172.31.36.0-255,66,189174,10,358868
38759,0.001853,74.125.68.0-255,2184,191358,10,358868
38760,0.001854,172.31.36.0-255,66,191424,10,358868
38761,0.001896,74.125.68.0-255,1484,192908,10,358868
38762,0.001914,74.125.68.0-255,2902,195810,10,358868
38763,0.001917,172.31.36.0-255,66,195876,10,358868
38764,0.001921,74.125.68.0-255,1484,197360,10,358868
38765,0.001937,74.125.68.0-255,4320,201680,10,358868
38766,0.001941,172.31.36.0-255,66,201746,10,358868
38767,0.001944,74.125.68.0-255,1484,203230,10,358868
38768,0.001952,74.125.68.0-255,1484,204714,10,358868
38769,0.001954,172.31.36.0-255,66,204780,10,358868
38770,0.001972,74.125.68.0-255,1484,206264,10,358868
38771,0.001978,74.125.68.0-255,5738,212002,10,358868
38772,0.00198,172.31.36.0-255,66,212068,10,358868
38773,0.002019,172.31.36.0-255,66,212134,10,358868
38774,0.002038,74.125.68.0-255,2902,215036,10,358868
38775,0.002041,172.31.36.0-255,66,215102,10,358868
38776,0.002064,74.125.68.0-255,2184,217286,10,358868
38777,0.002066,172.31.36.0-255,66,217352,10,358868
38778,0.002183,74.125.68.0-255,1484,218836,10,358868
38779,0.002197,74.125.68.0-255,2902,221738,10,358868
38780,0.002201,172.31.36.0-255,66,221804,10,358868
38781,0.002225,74.125.68.0-255,5738,227542,10,358868
38782,0.002228,172.31.36.0-255,66,227608,10,358868
38783,0.002233,74.125.68.0-255,4320,231928,10,358868
38784,0.002235,172.31.36.0-255,66,231994,10,358868
38785,0.002263,74.125.68.0-255,5738,237732,10,358868
38786,0.002266,172.31.36.0-255,66,237798,10,358868
38787,0.002306,172.31.36.0-255,66,237864,10,358868
38788,0.00231,74.125.68.0-255,2184,240048,10,358868
38789,0.002312,172.31.36.0-255,66,240114,10,358868
38790,0.004592,74.125.68.0-255,5738,245852,10,358868
38791,0.004598,172.31.36.0-255,66,245918,10,358868
38792,0.006882,74.125.68.0-255,5738,251656,10,358868
38793,0.006889,172.31.36.0-255,66,251722,10,358868
38794,0.009188,74.125.68.0-255,5738,257460,10,358868
38795,0.009195,172.31.36.0-255,66,257526,10,358868
38796,0.011502,74.125.68.0-255,5738,263264,10,358868
38797,0.011509,172.31.36.0-255,66,263330,10,358868
38798,0.013802,74.125.68.0-255,5738,269068,10,358868
38799,0.013812,172.31.36.0-255,66,269134,10,358868
38800,0.016099,74.125.68.0-255,5738,274872,10,358868
38801,0.016109,172.31.36.0-255,66,274938,10,358868
38802,0.018401,74.125.68.0-255,5738,280676,10,358868
38803,0.018408,172.31.36.0-255,66,280742,10,358868
38804,0.020699,74.125.68.0-255,5738,286480,10,358868
38805,0.020707,172.31.36.0-255,66,286546,10,358868
38806,0.02299,74.125.68.0-255,5738,292284,10,358868
38807,0.022998,172.31.36.0-255,66,292350,10,358868
38808,0.025286,74.125.68.0-255,5738,298088,10,358868
38809,0.0253,172.31.36.0-255,66,298154,10,358868
38810,0.02759,74.125.68.0-255,5738,303892,10,358868
38811,0.027598,172.31.36.0-255,66,303958,10,358868
38812,0.029893,74.125.68.0-255,5738,309696,10,358868
38813,0.029902,172.31.36.0-255,66,309762,10,358868
38814,0.032205,74.125.68.0-255,5738,315500,10,358868
38815,0.032215,172.31.36.0-255,66,315566,10,358868
38816,0.03452,74.125.68.0-255,5738,321304,10,358868
38817,0.034533,172.31.36.0-255,66,321370,10,358868
38818,0.036819,74.125.68.0-255,5738,327108,10,358868
38819,0.036827,172.31.36.0-255,66,327174,10,358868
38820,0.039115,74.125.68.0-255,5738,332912,10,358868
38821,0.039122,172.31.36.0-255,66,332978,10,358868
38822,0.041419,74.125.68.0-255,5738,338716,10,358868
38823,0.041423,172.31.36.0-255,66,338782,10,358868
38824,0.043266,172.31.36.0-255,167,338949,10,358868
38825,0.043297,172.31.36.0-255,1112,340061,10,358868
38826,0.043337,172.31.36.0-255,1514,341575,10,358868
38827,0.043339,172.31.36.0-255,1291,342866,10,358868
38828,0.043711,74.125.68.0-255,5738,348604,10,358868
38829,0.043716,172.31.36.0-255,66,348670,10,358868
38830,0.044818,104.244.42.0-255,66,348736,10,358868
38831,0.044848,104.244.42.0-255,66,348802,10,358868
38832,0.044898,104.244.42.0-255,66,348868,10,358868
38833,0.046008,74.125.68.0-255,5738,354606,10,358868
38834,0.046015,172.31.36.0-255,66,354672,10,358868
38835,0.048304,74.125.68.0-255,3959,358631,10,358868
38836,0.04831,172.31.36.0-255,66,358697,10,358868
38837,0.048499,172.31.36.0-255,105,358802,10,358868
38838,0.050744,74.125.68.0-255,66,358868,10,358868
38839,0.0,74.125.130.0-255,297,297,10,330805
38840,2.8e-05,172.31.36.0-255,66,363,10,330805
38841,4.7e-05,74.125.130.0-255,1484,1847,10,330805
38842,5.3e-05,172.31.36.0-255,66,1913,10,330805
38843,6.6e-05,74.125.130.0-255,2902,4815,10,330805
38844,6.8e-05,172.31.36.0-255,66,4881,10,330805
38845,7.5e-05,74.125.130.0-255,4320,9201,10,330805
38846,7.7e-05,172.31.36.0-255,66,9267,10,330805
38847,9.2e-05,74.125.130.0-255,1484,10751,10,330805
38848,0.0001,172.31.36.0-255,66,10817,10,330805
38849,0.000124,74.125.130.0-255,3257,14074,10,330805
38850,0.000128,172.31.36.0-255,66,14140,10,330805
38851,0.000276,74.125.130.0-255,1484,15624,10,330805
38852,0.000281,172.31.36.0-255,66,15690,10,330805
38853,0.000286,74.125.130.0-255,2902,18592,10,330805
38854,0.000288,172.31.36.0-255,66,18658,10,330805
38855,0.000317,74.125.130.0-255,5738,24396,10,330805
38856,0.000322,172.31.36.0-255,66,24462,10,330805
38857,0.000328,74.125.130.0-255,5738,30200,10,330805
38858,0.000331,172.31.36.0-255,66,30266,10,330805
38859,0.000368,74.125.130.0-255,1125,31391,10,330805
38860,0.000371,172.31.36.0-255,66,31457,10,330805
38861,0.000587,74.125.130.0-255,1484,32941,10,330805
38862,0.000592,172.31.36.0-255,66,33007,10,330805
38863,0.000599,74.125.130.0-255,1484,34491,10,330805
38864,0.000601,172.31.36.0-255,66,34557,10,330805
38865,0.000628,74.125.130.0-255,1484,36041,10,330805
38866,0.000631,172.31.36.0-255,66,36107,10,330805
38867,0.000638,74.125.130.0-255,5738,41845,10,330805
38868,0.00064,172.31.36.0-255,66,41911,10,330805
38869,0.000651,74.125.130.0-255,4320,46231,10,330805
38870,0.000654,172.31.36.0-255,66,46297,10,330805
38871,0.00066,74.125.130.0-255,5379,51676,10,330805
38872,0.000663,172.31.36.0-255,66,51742,10,330805
38873,0.000721,172.31.36.0-255,66,51808,10,330805
38874,0.000727,74.125.130.0-255,3961,55769,10,330805
38875,0.000729,172.31.36.0-255,66,55835,10,330805
38876,0.00129,74.125.130.0-255,650,56485,10,330805
38877,0.001455,74.125.130.0-255,1484,57969,10,330805
38878,0.001461,172.31.36.0-255,66,58035,10,330805
38879,0.001469,74.125.130.0-255,2902,60937,10,330805
38880,0.001473,172.31.36.0-255,66,61003,10,330805
38881,0.001487,74.125.130.0-255,5738,66741,10,330805
38882,0.001489,172.31.36.0-255,66,66807,10,330805
38883,0.001493,74.125.130.0-255,2902,69709,10,330805
38884,0.001496,172.31.36.0-255,66,69775,10,330805
38885,0.001501,74.125.130.0-255,3961,73736,10,330805
38886,0.001504,172.31.36.0-255,66,73802,10,330805
38887,0.001541,74.125.130.0-255,4320,78122,10,330805
38888,0.001543,172.31.36.0-255,66,78188,10,330805
38889,0.00157,74.125.130.0-255,4320,82508,10,330805
38890,0.001573,172.31.36.0-255,66,82574,10,330805
38891,0.001596,74.125.130.0-255,5738,88312,10,330805
38892,0.001598,172.31.36.0-255,66,88378,10,330805
38893,0.001619,74.125.130.0-255,2543,90921,10,330805
38894,0.001621,172.31.36.0-255,66,90987,10,330805
38895,0.001979,74.125.130.0-255,1484,92471,10,330805
38896,0.001996,74.125.130.0-255,2902,95373,10,330805
38897,0.001998,172.31.36.0-255,66,95439,10,330805
38898,0.002024,74.125.130.0-255,5738,101177,10,330805
38899,0.002026,172.31.36.0-255,66,101243,10,330805
38900,0.002059,74.125.130.0-255,4320,105563,10,330805
38901,0.002062,172.31.36.0-255,66,105629,10,330805
38902,0.002088,74.125.130.0-255,7156,112785,10,330805
38903,0.00209,172.31.36.0-255,66,112851,10,330805
38904,0.002096,74.125.130.0-255,5738,118589,10,330805
38905,0.002098,172.31.36.0-255,66,118655,10,330805
38906,0.002117,74.125.130.0-255,6438,125093,10,330805
38907,0.002124,172.31.36.0-255,66,125159,10,330805
38908,0.004617,74.125.130.0-255,5738,130897,10,330805
38909,0.004624,172.31.36.0-255,66,130963,10,330805
38910,0.007127,74.125.130.0-255,5738,136701,10,330805
38911,0.007134,172.31.36.0-255,66,136767,10,330805
38912,0.009632,74.125.130.0-255,5738,142505,10,330805
38913,0.009639,172.31.36.0-255,66,142571,10,330805
38914,0.012139,74.125.130.0-255,5738,148309,10,330805
38915,0.012147,172.31.36.0-255,66,148375,10,330805
38916,0.014652,74.125.130.0-255,5738,154113,10,330805
38917,0.014661,172.31.36.0-255,66,154179,10,330805
38918,0.017169,74.125.130.0-255,5738,159917,10,330805
38919,0.017177,172.31.36.0-255,66,159983,10,330805
38920,0.019685,74.125.130.0-255,5738,165721,10,330805
38921,0.019693,172.31.36.0-255,66,165787,10,330805
38922,0.022198,74.125.130.0-255,5738,171525,10,330805
38923,0.022205,172.31.36.0-255,66,171591,10,330805
38924,0.024723,74.125.130.0-255,5738,177329,10,330805
38925,0.024729,172.31.36.0-255,66,177395,10,330805
38926,0.025339,172.31.36.0-255,171,177566,10,330805
38927,0.025381,172.31.36.0-255,1111,178677,10,330805
38928,0.025541,172.31.36.0-255,1514,180191,10,330805
38929,0.025543,172.31.36.0-255,1292,181483,10,330805
38930,0.026858,104.244.42.0-255,66,181549,10,330805
38931,0.026948,104.244.42.0-255,66,181615,10,330805
38932,0.027123,104.244.42.0-255,66,181681,10,330805
38933,0.027221,74.125.130.0-255,5738,187419,10,330805
38934,0.027227,172.31.36.0-255,66,187485,10,330805
38935,0.029711,74.125.130.0-255,5738,193223,10,330805
38936,0.029716,172.31.36.0-255,66,193289,10,330805
38937,0.032209,74.125.130.0-255,5738,199027,10,330805
38938,0.032215,172.31.36.0-255,66,199093,10,330805
38939,0.034702,74.125.130.0-255,5738,204831,10,330805
38940,0.034707,172.31.36.0-255,66,204897,10,330805
38941,0.037196,74.125.130.0-255,5738,210635,10,330805
38942,0.037201,172.31.36.0-255,66,210701,10,330805
38943,0.039699,74.125.130.0-255,5738,216439,10,330805
38944,0.039704,172.31.36.0-255,66,216505,10,330805
38945,0.042195,74.125.130.0-255,5738,222243,10,330805
38946,0.042218,172.31.36.0-255,66,222309,10,330805
38947,0.044731,74.125.130.0-255,5738,228047,10,330805
38948,0.044737,172.31.36.0-255,66,228113,10,330805
38949,0.047227,74.125.130.0-255,4320,232433,10,330805
38950,0.047233,172.31.36.0-255,66,232499,10,330805
38951,0.047263,74.125.130.0-255,1484,233983,10,330805
38952,0.049724,74.125.130.0-255,4320,238303,10,330805
38953,0.04973,172.31.36.0-255,66,238369,10,330805
38954,0.052235,74.125.130.0-255,5738,244107,10,330805
38955,0.052241,172.31.36.0-255,66,244173,10,330805
38956,0.054742,74.125.130.0-255,5738,249911,10,330805
38957,0.054747,172.31.36.0-255,66,249977,10,330805
38958,0.057238,74.125.130.0-255,5738,255715,10,330805
38959,0.057243,172.31.36.0-255,66,255781,10,330805
38960,0.059742,74.125.130.0-255,5738,261519,10,330805
38961,0.059748,172.31.36.0-255,66,261585,10,330805
38962,0.062244,74.125.130.0-255,5738,267323,10,330805
38963,0.062249,172.31.36.0-255,66,267389,10,330805
38964,0.06474,74.125.130.0-255,5738,273127,10,330805
38965,0.064745,172.31.36.0-255,66,273193,10,330805
38966,0.067241,74.125.130.0-255,4320,277513,10,330805
38967,0.067247,172.31.36.0-255,66,277579,10,330805
38968,0.067283,74.125.130.0-255,1484,279063,10,330805
38969,0.069738,74.125.130.0-255,4320,283383,10,330805
38970,0.069742,172.31.36.0-255,66,283449,10,330805
38971,0.07224,74.125.130.0-255,5738,289187,10,330805
38972,0.072245,172.31.36.0-255,66,289253,10,330805
38973,0.074733,74.125.130.0-255,2902,292155,10,330805
38974,0.074738,172.31.36.0-255,66,292221,10,330805
38975,0.074768,74.125.130.0-255,2902,295123,10,330805
38976,0.074771,172.31.36.0-255,66,295189,10,330805
38977,0.077279,74.125.130.0-255,2902,298091,10,330805
38978,0.077284,172.31.36.0-255,66,298157,10,330805
38979,0.077319,74.125.130.0-255,2902,301059,10,330805
38980,0.077322,172.31.36.0-255,66,301125,10,330805
38981,0.07977,74.125.130.0-255,2902,304027,10,330805
38982,0.079775,172.31.36.0-255,66,304093,10,330805
38983,0.079813,74.125.130.0-255,2902,306995,10,330805
38984,0.079816,172.31.36.0-255,66,307061,10,330805
38985,0.08227,74.125.130.0-255,2902,309963,10,330805
38986,0.082275,172.31.36.0-255,66,310029,10,330805
38987,0.082306,74.125.130.0-255,2902,312931,10,330805
38988,0.082309,172.31.36.0-255,66,312997,10,330805
38989,0.08477,74.125.130.0-255,2902,315899,10,330805
38990,0.084775,172.31.36.0-255,66,315965,10,330805
38991,0.084806,74.125.130.0-255,2902,318867,10,330805
38992,0.084809,172.31.36.0-255,66,318933,10,330805
38993,0.087273,74.125.130.0-255,2902,321835,10,330805
38994,0.087278,172.31.36.0-255,66,321901,10,330805
38995,0.087316,74.125.130.0-255,2902,324803,10,330805
38996,0.087319,172.31.36.0-255,66,324869,10,330805
38997,0.089758,74.125.130.0-255,2902,327771,10,330805
38998,0.089764,172.31.36.0-255,66,327837,10,330805
38999,0.089811,74.125.130.0-255,2902,330739,10,330805
39000,0.089815,172.31.36.0-255,66,330805,10,330805
39001,0.0,172.217.194.0-255,159,159,10,216233
39002,2.3e-05,172.31.36.0-255,66,225,10,216233
39003,2.9e-05,172.217.194.0-255,1484,1709,10,216233
39004,3.3e-05,172.31.36.0-255,66,1775,10,216233
39005,6.1e-05,172.217.194.0-255,2902,4677,10,216233
39006,6.4e-05,172.31.36.0-255,66,4743,10,216233
39007,7.6e-05,172.217.194.0-255,7156,11899,10,216233
39008,7.8e-05,172.31.36.0-255,66,11965,10,216233
39009,8.1e-05,172.217.194.0-255,1484,13449,10,216233
39010,8.4e-05,172.31.36.0-255,66,13515,10,216233
39011,0.000112,172.217.194.0-255,653,14168,10,216233
39012,0.000115,172.31.36.0-255,66,14234,10,216233
39013,0.000183,172.217.194.0-255,1484,15718,10,216233
39014,0.000186,172.31.36.0-255,66,15784,10,216233
39015,0.000192,172.217.194.0-255,2902,18686,10,216233
39016,0.000195,172.31.36.0-255,66,18752,10,216233
39017,0.000223,172.217.194.0-255,5738,24490,10,216233
39018,0.000226,172.31.36.0-255,66,24556,10,216233
39019,0.000262,172.217.194.0-255,6797,31353,10,216233
39020,0.000266,172.31.36.0-255,66,31419,10,216233
39021,0.00034,172.217.194.0-255,1484,32903,10,216233
39022,0.000344,172.31.36.0-255,66,32969,10,216233
39023,0.00035,172.217.194.0-255,2902,35871,10,216233
39024,0.000354,172.31.36.0-255,66,35937,10,216233
39025,0.000365,172.217.194.0-255,2902,38839,10,216233
39026,0.000368,172.31.36.0-255,66,38905,10,216233
39027,0.000392,172.217.194.0-255,2902,41807,10,216233
39028,0.000395,172.31.36.0-255,66,41873,10,216233
39029,0.000409,172.217.194.0-255,6797,48670,10,216233
39030,0.000412,172.31.36.0-255,66,48736,10,216233
39031,0.000436,172.217.194.0-255,1484,50220,10,216233
39032,0.00044,172.31.36.0-255,66,50286,10,216233
39033,0.00045,172.217.194.0-255,2902,53188,10,216233
39034,0.000455,172.31.36.0-255,66,53254,10,216233
39035,0.000475,172.217.194.0-255,5738,58992,10,216233
39036,0.000481,172.31.36.0-255,66,59058,10,216233
39037,0.000501,172.217.194.0-255,7096,66154,10,216233
39038,0.000509,172.31.36.0-255,66,66220,10,216233
39039,0.000545,172.217.194.0-255,378,66598,10,216233
39040,0.000801,172.31.36.0-255,66,66664,10,216233
39041,0.000834,172.217.194.0-255,1484,68148,10,216233
39042,0.000841,172.217.194.0-255,2902,71050,10,216233
39043,0.000848,172.217.194.0-255,5738,76788,10,216233
39044,0.000862,172.31.36.0-255,66,76854,10,216233
39045,0.000904,172.31.36.0-255,66,76920,10,216233
39046,0.000919,172.31.36.0-255,66,76986,10,216233
39047,0.000936,172.217.194.0-255,2184,79170,10,216233
39048,0.000943,172.31.36.0-255,66,79236,10,216233
39049,0.001397,172.217.194.0-255,1484,80720,10,216233
39050,0.001408,172.217.194.0-255,2902,83622,10,216233
39051,0.001412,172.31.36.0-255,66,83688,10,216233
39052,0.001421,172.217.194.0-255,5738,89426,10,216233
39053,0.00148,172.217.194.0-255,766,90192,10,216233
39054,0.001653,172.217.194.0-255,1484,91676,10,216233
39055,0.001659,172.217.194.0-255,2902,94578,10,216233
39056,0.001675,172.217.194.0-255,5738,100316,10,216233
39057,0.001696,172.217.194.0-255,7156,107472,10,216233
39058,0.001727,172.217.194.0-255,5738,113210,10,216233
39059,0.001754,172.217.194.0-255,2184,115394,10,216233
39060,0.002761,172.217.194.0-255,1484,116878,10,216233
39061,0.002765,172.217.194.0-255,1484,118362,10,216233
39062,0.002776,172.217.194.0-255,1484,119846,10,216233
39063,0.002779,172.217.194.0-255,1484,121330,10,216233
39064,0.002823,172.217.194.0-255,2902,124232,10,216233
39065,0.002843,172.217.194.0-255,1484,125716,10,216233
39066,0.002863,172.217.194.0-255,5020,130736,10,216233
39067,0.002898,172.217.194.0-255,1484,132220,10,216233
39068,0.002952,172.217.194.0-255,1484,133704,10,216233
39069,0.003012,172.217.194.0-255,2902,136606,10,216233
39070,0.003052,172.217.194.0-255,766,137372,10,216233
39071,0.003079,172.217.194.0-255,5738,143110,10,216233
39072,0.003101,172.217.194.0-255,2902,146012,10,216233
39073,0.003105,172.217.194.0-255,3602,149614,10,216233
39074,0.003148,172.217.194.0-255,4320,153934,10,216233
39075,0.003164,172.217.194.0-255,7156,161090,10,216233
39076,0.003175,172.217.194.0-255,2902,163992,10,216233
39077,0.003179,172.217.194.0-255,2902,166894,10,216233
39078,0.003221,172.217.194.0-255,3602,170496,10,216233
39079,0.003233,172.217.194.0-255,2902,173398,10,216233
39080,0.003268,172.217.194.0-255,4320,177718,10,216233
39081,0.003287,172.217.194.0-255,7156,184874,10,216233
39082,0.003289,172.217.194.0-255,766,185640,10,216233
39083,0.003385,172.217.194.0-255,1484,187124,10,216233
39084,0.003396,172.217.194.0-255,1484,188608,10,216233
39085,0.003408,172.217.194.0-255,4320,192928,10,216233
39086,0.003447,172.217.194.0-255,1484,194412,10,216233
39087,0.003477,172.217.194.0-255,2902,197314,10,216233
39088,0.00348,172.217.194.0-255,2184,199498,10,216233
39089,0.003508,172.217.194.0-255,4320,203818,10,216233
39090,0.003533,172.217.194.0-255,7156,210974,10,216233
39091,0.003535,172.217.194.0-255,456,211430,10,216233
39092,0.003571,172.217.194.0-255,105,211535,10,216233
39093,0.00406,172.31.36.0-255,66,211601,10,216233
39094,0.010082,172.31.36.0-255,105,211706,10,216233
39095,0.012666,172.217.194.0-255,66,211772,10,216233
39096,0.033263,172.31.36.0-255,172,211944,10,216233
39097,0.033294,172.31.36.0-255,1113,213057,10,216233
39098,0.033333,172.31.36.0-255,1514,214571,10,216233
39099,0.033334,172.31.36.0-255,1290,215861,10,216233
39100,0.034774,104.244.42.0-255,66,215927,10,216233
39101,0.034819,104.244.42.0-255,66,215993,10,216233
39102,0.034873,104.244.42.0-255,66,216059,10,216233
39103,0.035907,104.244.42.0-255,108,216167,10,216233
39104,0.035926,172.31.36.0-255,66,216233,10,216233
39105,0.0,172.217.194.0-255,153,153,10,356885
39106,2.2e-05,172.31.36.0-255,66,219,10,356885
39107,2.8e-05,172.217.194.0-255,1484,1703,10,356885
39108,3.2e-05,172.31.36.0-255,66,1769,10,356885
39109,3.7e-05,172.217.194.0-255,2902,4671,10,356885
39110,4e-05,172.31.36.0-255,66,4737,10,356885
39111,4.6e-05,172.217.194.0-255,7156,11893,10,356885
39112,4.9e-05,172.31.36.0-255,66,11959,10,356885
39113,7.1e-05,172.217.194.0-255,2047,14006,10,356885
39114,7.3e-05,172.31.36.0-255,66,14072,10,356885
39115,7.7e-05,172.217.194.0-255,2902,16974,10,356885
39116,7.9e-05,172.31.36.0-255,66,17040,10,356885
39117,8.2e-05,172.217.194.0-255,1484,18524,10,356885
39118,8.4e-05,172.31.36.0-255,66,18590,10,356885
39119,0.000107,172.217.194.0-255,5738,24328,10,356885
39120,0.000109,172.31.36.0-255,66,24394,10,356885
39121,0.000134,172.217.194.0-255,6797,31191,10,356885
39122,0.000136,172.31.36.0-255,66,31257,10,356885
39123,0.000212,172.217.194.0-255,1484,32741,10,356885
39124,0.000215,172.31.36.0-255,66,32807,10,356885
39125,0.00022,172.217.194.0-255,2902,35709,10,356885
39126,0.000222,172.31.36.0-255,66,35775,10,356885
39127,0.000246,172.217.194.0-255,5738,41513,10,356885
39128,0.000249,172.31.36.0-255,66,41579,10,356885
39129,0.000282,172.31.36.0-255,66,41645,10,356885
39130,0.000315,172.217.194.0-255,7156,48801,10,356885
39131,0.000317,172.31.36.0-255,66,48867,10,356885
39132,0.000333,172.217.194.0-255,1484,50351,10,356885
39133,0.000335,172.31.36.0-255,66,50417,10,356885
39134,0.000341,172.217.194.0-255,7087,57504,10,356885
39135,0.000343,172.31.36.0-255,66,57570,10,356885
39136,0.000346,172.217.194.0-255,98,57668,10,356885
39137,0.000575,172.217.194.0-255,365,58033,10,356885
39138,0.000826,172.217.194.0-255,1484,59517,10,356885
39139,0.000831,172.31.36.0-255,66,59583,10,356885
39140,0.000836,172.217.194.0-255,2902,62485,10,356885
39141,0.000839,172.31.36.0-255,66,62551,10,356885
39142,0.000843,172.217.194.0-255,2902,65453,10,356885
39143,0.000845,172.31.36.0-255,66,65519,10,356885
39144,0.000869,172.217.194.0-255,2902,68421,10,356885
39145,0.000871,172.31.36.0-255,66,68487,10,356885
39146,0.000882,172.31.36.0-255,66,68553,10,356885
39147,0.0009,172.217.194.0-255,2902,71455,10,356885
39148,0.000903,172.31.36.0-255,66,71521,10,356885
39149,0.000917,172.217.194.0-255,1484,73005,10,356885
39150,0.000943,172.31.36.0-255,66,73071,10,356885
39151,0.001188,172.217.194.0-255,1484,74555,10,356885
39152,0.001192,172.217.194.0-255,1484,76039,10,356885
39153,0.001195,172.31.36.0-255,66,76105,10,356885
39154,0.001214,172.217.194.0-255,1484,77589,10,356885
39155,0.00122,172.217.194.0-255,5738,83327,10,356885
39156,0.001221,172.31.36.0-255,66,83393,10,356885
39157,0.001226,172.217.194.0-255,4320,87713,10,356885
39158,0.001228,172.31.36.0-255,66,87779,10,356885
39159,0.001264,172.31.36.0-255,66,87845,10,356885
39160,0.001269,172.217.194.0-255,4320,92165,10,356885
39161,0.001271,172.31.36.0-255,66,92231,10,356885
39162,0.001287,172.217.194.0-255,3602,95833,10,356885
39163,0.001289,172.31.36.0-255,66,95899,10,356885
39164,0.001321,172.217.194.0-255,2902,98801,10,356885
39165,0.001324,172.31.36.0-255,66,98867,10,356885
39166,0.001328,172.217.194.0-255,4320,103187,10,356885
39167,0.00133,172.31.36.0-255,66,103253,10,356885
39168,0.00134,172.217.194.0-255,1484,104737,10,356885
39169,0.001362,172.217.194.0-255,7156,111893,10,356885
39170,0.001365,172.31.36.0-255,66,111959,10,356885
39171,0.00137,172.217.194.0-255,4320,116279,10,356885
39172,0.001372,172.31.36.0-255,66,116345,10,356885
39173,0.001386,172.217.194.0-255,4320,120665,10,356885
39174,0.001388,172.31.36.0-255,66,120731,10,356885
39175,0.00142,172.31.36.0-255,66,120797,10,356885
39176,0.001509,172.217.194.0-255,1484,122281,10,356885
39177,0.001537,172.217.194.0-255,2902,125183,10,356885
39178,0.00154,172.31.36.0-255,66,125249,10,356885
39179,0.001558,172.217.194.0-255,5738,130987,10,356885
39180,0.00156,172.31.36.0-255,66,131053,10,356885
39181,0.001581,172.217.194.0-255,4320,135373,10,356885
39182,0.001583,172.31.36.0-255,66,135439,10,356885
39183,0.001608,172.217.194.0-255,7156,142595,10,356885
39184,0.00161,172.31.36.0-255,66,142661,10,356885
39185,0.001614,172.217.194.0-255,2902,145563,10,356885
39186,0.001616,172.31.36.0-255,66,145629,10,356885
39187,0.001638,172.31.36.0-255,66,145695,10,356885
39188,0.001798,172.217.194.0-255,1484,147179,10,356885
39189,0.001805,172.217.194.0-255,2902,150081,10,356885
39190,0.001808,172.31.36.0-255,66,150147,10,356885
39191,0.001814,172.217.194.0-255,4320,154467,10,356885
39192,0.001816,172.31.36.0-255,66,154533,10,356885
39193,0.00183,172.217.194.0-255,1484,156017,10,356885
39194,0.001833,172.217.194.0-255,1484,157501,10,356885
39195,0.001835,172.31.36.0-255,66,157567,10,356885
39196,0.001864,172.31.36.0-255,66,157633,10,356885
39197,0.001879,172.217.194.0-255,1484,159117,10,356885
39198,0.001896,172.217.194.0-255,7156,166273,10,356885
39199,0.001899,172.31.36.0-255,66,166339,10,356885
39200,0.001916,172.217.194.0-255,2184,168523,10,356885
39201,0.001918,172.31.36.0-255,66,168589,10,356885
39202,0.002009,172.217.194.0-255,1484,170073,10,356885
39203,0.002014,172.217.194.0-255,2902,172975,10,356885
39204,0.002017,172.31.36.0-255,66,173041,10,356885
39205,0.002061,172.217.194.0-255,5738,178779,10,356885
39206,0.002064,172.31.36.0-255,66,178845,10,356885
39207,0.002087,172.217.194.0-255,7156,186001,10,356885
39208,0.00209,172.31.36.0-255,66,186067,10,356885
39209,0.002095,172.217.194.0-255,5738,191805,10,356885
39210,0.002098,172.31.36.0-255,66,191871,10,356885
39211,0.004137,172.217.194.0-255,5738,197609,10,356885
39212,0.004146,172.31.36.0-255,66,197675,10,356885
39213,0.006166,172.217.194.0-255,5738,203413,10,356885
39214,0.006173,172.31.36.0-255,66,203479,10,356885
39215,0.008216,172.217.194.0-255,5738,209217,10,356885
39216,0.008222,172.31.36.0-255,66,209283,10,356885
39217,0.010234,172.217.194.0-255,5738,215021,10,356885
39218,0.010241,172.31.36.0-255,66,215087,10,356885
39219,0.012272,172.217.194.0-255,5738,220825,10,356885
39220,0.012278,172.31.36.0-255,66,220891,10,356885
39221,0.014292,172.217.194.0-255,5738,226629,10,356885
39222,0.014301,172.31.36.0-255,66,226695,10,356885
39223,0.016365,172.217.194.0-255,5738,232433,10,356885
39224,0.016372,172.31.36.0-255,66,232499,10,356885
39225,0.018428,172.217.194.0-255,5738,238237,10,356885
39226,0.018436,172.31.36.0-255,66,238303,10,356885
39227,0.0205,172.217.194.0-255,5738,244041,10,356885
39228,0.020508,172.31.36.0-255,66,244107,10,356885
39229,0.022532,172.217.194.0-255,5738,249845,10,356885
39230,0.022539,172.31.36.0-255,66,249911,10,356885
39231,0.024568,172.217.194.0-255,5738,255649,10,356885
39232,0.024575,172.31.36.0-255,66,255715,10,356885
39233,0.026621,172.217.194.0-255,5738,261453,10,356885
39234,0.026628,172.31.36.0-255,66,261519,10,356885
39235,0.028671,172.217.194.0-255,5738,267257,10,356885
39236,0.028678,172.31.36.0-255,66,267323,10,356885
39237,0.030718,172.217.194.0-255,5738,273061,10,356885
39238,0.030724,172.31.36.0-255,66,273127,10,356885
39239,0.032757,172.217.194.0-255,5738,278865,10,356885
39240,0.032763,172.31.36.0-255,66,278931,10,356885
39241,0.03293,172.31.36.0-255,172,279103,10,356885
39242,0.032962,172.31.36.0-255,1110,280213,10,356885
39243,0.033146,172.31.36.0-255,1514,281727,10,356885
39244,0.033148,172.31.36.0-255,1295,283022,10,356885
39245,0.034426,104.244.42.0-255,66,283088,10,356885
39246,0.034449,104.244.42.0-255,66,283154,10,356885
39247,0.034645,104.244.42.0-255,66,283220,10,356885
39248,0.03479,172.217.194.0-255,5738,288958,10,356885
39249,0.034795,172.31.36.0-255,66,289024,10,356885
39250,0.036826,172.217.194.0-255,5738,294762,10,356885
39251,0.036832,172.31.36.0-255,66,294828,10,356885
39252,0.038944,172.217.194.0-255,5738,300566,10,356885
39253,0.03895,172.31.36.0-255,66,300632,10,356885
39254,0.040992,172.217.194.0-255,5738,306370,10,356885
39255,0.041011,172.31.36.0-255,66,306436,10,356885
39256,0.043078,172.217.194.0-255,5738,312174,10,356885
39257,0.04309,172.31.36.0-255,66,312240,10,356885
39258,0.045127,172.217.194.0-255,5738,317978,10,356885
39259,0.045132,172.31.36.0-255,66,318044,10,356885
39260,0.047155,172.217.194.0-255,4320,322364,10,356885
39261,0.04716,172.31.36.0-255,66,322430,10,356885
39262,0.047184,172.217.194.0-255,1484,323914,10,356885
39263,0.049166,172.217.194.0-255,4320,328234,10,356885
39264,0.049171,172.31.36.0-255,66,328300,10,356885
39265,0.051181,172.217.194.0-255,2902,331202,10,356885
39266,0.051186,172.31.36.0-255,66,331268,10,356885
39267,0.051209,172.217.194.0-255,2902,334170,10,356885
39268,0.051211,172.31.36.0-255,66,334236,10,356885
39269,0.053212,172.217.194.0-255,2902,337138,10,356885
39270,0.053217,172.31.36.0-255,66,337204,10,356885
39271,0.053241,172.217.194.0-255,2902,340106,10,356885
39272,0.053244,172.31.36.0-255,66,340172,10,356885
39273,0.055248,172.217.194.0-255,2902,343074,10,356885
39274,0.055254,172.31.36.0-255,66,343140,10,356885
39275,0.055281,172.217.194.0-255,2902,346042,10,356885
39276,0.055284,172.31.36.0-255,66,346108,10,356885
39277,0.057286,172.217.194.0-255,2902,349010,10,356885
39278,0.057292,172.31.36.0-255,66,349076,10,356885
39279,0.057324,172.217.194.0-255,2902,351978,10,356885
39280,0.057327,172.31.36.0-255,66,352044,10,356885
39281,0.059317,172.217.194.0-255,2902,354946,10,356885
39282,0.059322,172.31.36.0-255,66,355012,10,356885
39283,0.059352,172.217.194.0-255,1636,356648,10,356885
39284,0.059354,172.31.36.0-255,66,356714,10,356885
39285,0.059489,172.31.36.0-255,105,356819,10,356885
39286,0.06148,172.217.194.0-255,66,356885,10,356885
39287,0.0,74.125.24.0-255,150,150,10,363785
39288,2.5e-05,172.31.36.0-255,66,216,10,363785
39289,3.3e-05,74.125.24.0-255,1484,1700,10,363785
39290,3.8e-05,172.31.36.0-255,66,1766,10,363785
39291,4.4e-05,74.125.24.0-255,2902,4668,10,363785
39292,5.5e-05,172.31.36.0-255,66,4734,10,363785
39293,6.3e-05,74.125.24.0-255,7156,11890,10,363785
39294,6.6e-05,172.31.36.0-255,66,11956,10,363785
39295,7e-05,74.125.24.0-255,2003,13959,10,363785
39296,7.4e-05,172.31.36.0-255,66,14025,10,363785
39297,0.000208,74.125.24.0-255,1484,15509,10,363785
39298,0.000212,172.31.36.0-255,66,15575,10,363785
39299,0.000219,74.125.24.0-255,2902,18477,10,363785
39300,0.000222,172.31.36.0-255,66,18543,10,363785
39301,0.000251,74.125.24.0-255,5738,24281,10,363785
39302,0.000254,172.31.36.0-255,66,24347,10,363785
39303,0.00028,74.125.24.0-255,2902,27249,10,363785
39304,0.000282,172.31.36.0-255,66,27315,10,363785
39305,0.000313,74.125.24.0-255,3961,31276,10,363785
39306,0.000315,172.31.36.0-255,66,31342,10,363785
39307,0.000323,74.125.24.0-255,7156,38498,10,363785
39308,0.000325,172.31.36.0-255,66,38564,10,363785
39309,0.000333,74.125.24.0-255,1484,40048,10,363785
39310,0.000335,172.31.36.0-255,66,40114,10,363785
39311,0.000338,74.125.24.0-255,1484,41598,10,363785
39312,0.00034,172.31.36.0-255,66,41664,10,363785
39313,0.000369,74.125.24.0-255,1484,43148,10,363785
39314,0.000372,172.31.36.0-255,66,43214,10,363785
39315,0.000379,74.125.24.0-255,5379,48593,10,363785
39316,0.000381,172.31.36.0-255,66,48659,10,363785
39317,0.000428,74.125.24.0-255,1484,50143,10,363785
39318,0.00043,172.31.36.0-255,66,50209,10,363785
39319,0.000433,74.125.24.0-255,1484,51693,10,363785
39320,0.000455,74.125.24.0-255,1484,53177,10,363785
39321,0.000458,172.31.36.0-255,66,53243,10,363785
39322,0.000466,74.125.24.0-255,5738,58981,10,363785
39323,0.000468,172.31.36.0-255,66,59047,10,363785
39324,0.000479,74.125.24.0-255,6797,65844,10,363785
39325,0.000482,172.31.36.0-255,66,65910,10,363785
39326,0.000508,74.125.24.0-255,679,66589,10,363785
39327,0.000686,74.125.24.0-255,1484,68073,10,363785
39328,0.00069,172.31.36.0-255,66,68139,10,363785
39329,0.000695,74.125.24.0-255,1484,69623,10,363785
39330,0.000718,74.125.24.0-255,1484,71107,10,363785
39331,0.000721,172.31.36.0-255,66,71173,10,363785
39332,0.000729,74.125.24.0-255,5738,76911,10,363785
39333,0.000732,172.31.36.0-255,66,76977,10,363785
39334,0.00074,74.125.24.0-255,2902,79879,10,363785
39335,0.000742,172.31.36.0-255,66,79945,10,363785
39336,0.000784,172.31.36.0-255,66,80011,10,363785
39337,0.00079,74.125.24.0-255,5738,85749,10,363785
39338,0.000792,172.31.36.0-255,66,85815,10,363785
39339,0.000838,74.125.24.0-255,3961,89776,10,363785
39340,0.00084,172.31.36.0-255,66,89842,10,363785
39341,0.001834,74.125.24.0-255,1484,91326,10,363785
39342,0.001856,74.125.24.0-255,2902,94228,10,363785
39343,0.001861,172.31.36.0-255,66,94294,10,363785
39344,0.001869,74.125.24.0-255,4320,98614,10,363785
39345,0.001871,172.31.36.0-255,66,98680,10,363785
39346,0.001874,74.125.24.0-255,1484,100164,10,363785
39347,0.001904,74.125.24.0-255,7156,107320,10,363785
39348,0.001906,172.31.36.0-255,66,107386,10,363785
39349,0.001948,172.31.36.0-255,66,107452,10,363785
39350,0.002011,74.125.24.0-255,1484,108936,10,363785
39351,0.002015,74.125.24.0-255,1484,110420,10,363785
39352,0.002018,172.31.36.0-255,66,110486,10,363785
39353,0.003955,74.125.24.0-255,2902,113388,10,363785
39354,0.003962,172.31.36.0-255,66,113454,10,363785
39355,0.00401,74.125.24.0-255,2902,116356,10,363785
39356,0.004012,172.31.36.0-255,66,116422,10,363785
39357,0.005963,74.125.24.0-255,2902,119324,10,363785
39358,0.00597,172.31.36.0-255,66,119390,10,363785
39359,0.006002,74.125.24.0-255,2902,122292,10,363785
39360,0.006005,172.31.36.0-255,66,122358,10,363785
39361,0.007938,74.125.24.0-255,2902,125260,10,363785
39362,0.007944,172.31.36.0-255,66,125326,10,363785
39363,0.008005,74.125.24.0-255,2902,128228,10,363785
39364,0.008009,172.31.36.0-255,66,128294,10,363785
39365,0.009945,74.125.24.0-255,2902,131196,10,363785
39366,0.009953,172.31.36.0-255,66,131262,10,363785
39367,0.009995,74.125.24.0-255,2902,134164,10,363785
39368,0.009999,172.31.36.0-255,66,134230,10,363785
39369,0.011951,74.125.24.0-255,2902,137132,10,363785
39370,0.011959,172.31.36.0-255,66,137198,10,363785
39371,0.011992,74.125.24.0-255,2902,140100,10,363785
39372,0.011994,172.31.36.0-255,66,140166,10,363785
39373,0.013958,74.125.24.0-255,2902,143068,10,363785
39374,0.013966,172.31.36.0-255,66,143134,10,363785
39375,0.013998,74.125.24.0-255,2902,146036,10,363785
39376,0.014001,172.31.36.0-255,66,146102,10,363785
39377,0.015982,74.125.24.0-255,5738,151840,10,363785
39378,0.015995,172.31.36.0-255,66,151906,10,363785
39379,0.017986,74.125.24.0-255,5738,157644,10,363785
39380,0.017996,172.31.36.0-255,66,157710,10,363785
39381,0.020002,74.125.24.0-255,5738,163448,10,363785
39382,0.02001,172.31.36.0-255,66,163514,10,363785
39383,0.022022,74.125.24.0-255,5738,169252,10,363785
39384,0.022029,172.31.36.0-255,66,169318,10,363785
39385,0.024036,74.125.24.0-255,5738,175056,10,363785
39386,0.024044,172.31.36.0-255,66,175122,10,363785
39387,0.026053,74.125.24.0-255,5738,180860,10,363785
39388,0.026063,172.31.36.0-255,66,180926,10,363785
39389,0.028101,74.125.24.0-255,5738,186664,10,363785
39390,0.028109,172.31.36.0-255,66,186730,10,363785
39391,0.030125,74.125.24.0-255,5738,192468,10,363785
39392,0.030133,172.31.36.0-255,66,192534,10,363785
39393,0.031425,172.31.36.0-255,172,192706,10,363785
39394,0.031457,172.31.36.0-255,1111,193817,10,363785
39395,0.031515,172.31.36.0-255,1514,195331,10,363785
39396,0.031517,172.31.36.0-255,1292,196623,10,363785
39397,0.032193,74.125.24.0-255,5738,202361,10,363785
39398,0.0322,172.31.36.0-255,66,202427,10,363785
39399,0.032963,104.244.42.0-255,66,202493,10,363785
39400,0.032972,104.244.42.0-255,66,202559,10,363785
39401,0.033032,104.244.42.0-255,66,202625,10,363785
39402,0.034213,74.125.24.0-255,5738,208363,10,363785
39403,0.034221,172.31.36.0-255,66,208429,10,363785
39404,0.036241,74.125.24.0-255,5738,214167,10,363785
39405,0.036252,172.31.36.0-255,66,214233,10,363785
39406,0.038253,74.125.24.0-255,5738,219971,10,363785
39407,0.03826,172.31.36.0-255,66,220037,10,363785
39408,0.040259,74.125.24.0-255,5738,225775,10,363785
39409,0.040269,172.31.36.0-255,66,225841,10,363785
39410,0.042282,74.125.24.0-255,5738,231579,10,363785
39411,0.042289,172.31.36.0-255,66,231645,10,363785
39412,0.044297,74.125.24.0-255,5738,237383,10,363785
39413,0.044303,172.31.36.0-255,66,237449,10,363785
39414,0.046276,74.125.24.0-255,5738,243187,10,363785
39415,0.046282,172.31.36.0-255,66,243253,10,363785
39416,0.048281,74.125.24.0-255,5738,248991,10,363785
39417,0.048287,172.31.36.0-255,66,249057,10,363785
39418,0.050277,74.125.24.0-255,4320,253377,10,363785
39419,0.050283,172.31.36.0-255,66,253443,10,363785
39420,0.050308,74.125.24.0-255,1484,254927,10,363785
39421,0.05227,74.125.24.0-255,4320,259247,10,363785
39422,0.052285,172.31.36.0-255,66,259313,10,363785
39423,0.054312,74.125.24.0-255,5738,265051,10,363785
39424,0.05432,172.31.36.0-255,66,265117,10,363785
39425,0.056308,74.125.24.0-255,5738,270855,10,363785
39426,0.056315,172.31.36.0-255,66,270921,10,363785
39427,0.058287,74.125.24.0-255,5738,276659,10,363785
39428,0.058294,172.31.36.0-255,66,276725,10,363785
39429,0.060272,74.125.24.0-255,5738,282463,10,363785
39430,0.060279,172.31.36.0-255,66,282529,10,363785
39431,0.062292,74.125.24.0-255,5738,288267,10,363785
39432,0.062299,172.31.36.0-255,66,288333,10,363785
39433,0.064283,74.125.24.0-255,5738,294071,10,363785
39434,0.06429,172.31.36.0-255,66,294137,10,363785
39435,0.06629,74.125.24.0-255,5738,299875,10,363785
39436,0.066297,172.31.36.0-255,66,299941,10,363785
39437,0.06826,74.125.24.0-255,5738,305679,10,363785
39438,0.068268,172.31.36.0-255,66,305745,10,363785
39439,0.070297,74.125.24.0-255,5738,311483,10,363785
39440,0.070304,172.31.36.0-255,66,311549,10,363785
39441,0.07233,74.125.24.0-255,5738,317287,10,363785
39442,0.072336,172.31.36.0-255,66,317353,10,363785
39443,0.074359,74.125.24.0-255,5738,323091,10,363785
39444,0.074366,172.31.36.0-255,66,323157,10,363785
39445,0.076362,74.125.24.0-255,5738,328895,10,363785
39446,0.076372,172.31.36.0-255,66,328961,10,363785
39447,0.078388,74.125.24.0-255,5738,334699,10,363785
39448,0.078396,172.31.36.0-255,66,334765,10,363785
39449,0.080406,74.125.24.0-255,5738,340503,10,363785
39450,0.080412,172.31.36.0-255,66,340569,10,363785
39451,0.082459,74.125.24.0-255,5738,346307,10,363785
39452,0.082465,172.31.36.0-255,66,346373,10,363785
39453,0.084458,74.125.24.0-255,5738,352111,10,363785
39454,0.084466,172.31.36.0-255,66,352177,10,363785
39455,0.086464,74.125.24.0-255,5738,357915,10,363785
39456,0.086477,172.31.36.0-255,66,357981,10,363785
39457,0.088478,74.125.24.0-255,5738,363719,10,363785
39458,0.088485,172.31.36.0-255,66,363785,10,363785
39459,0.0,172.217.194.0-255,151,151,10,249188
39460,2.3e-05,172.31.36.0-255,66,217,10,249188
39461,3e-05,172.217.194.0-255,1484,1701,10,249188
39462,3.5e-05,172.31.36.0-255,66,1767,10,249188
39463,4.1e-05,172.217.194.0-255,2902,4669,10,249188
39464,5.2e-05,172.31.36.0-255,66,4735,10,249188
39465,6e-05,172.217.194.0-255,7156,11891,10,249188
39466,6.3e-05,172.31.36.0-255,66,11957,10,249188
39467,7.8e-05,172.31.36.0-255,66,12023,10,249188
39468,0.000121,172.31.36.0-255,66,12089,10,249188
39469,0.000148,172.217.194.0-255,1484,13573,10,249188
39470,0.000151,172.31.36.0-255,66,13639,10,249188
39471,0.000157,172.217.194.0-255,2902,16541,10,249188
39472,0.000159,172.31.36.0-255,66,16607,10,249188
39473,0.000193,172.217.194.0-255,5738,22345,10,249188
39474,0.000196,172.31.36.0-255,66,22411,10,249188
39475,0.000214,172.31.36.0-255,66,22477,10,249188
39476,0.000242,172.217.194.0-255,1484,23961,10,249188
39477,0.000244,172.31.36.0-255,66,24027,10,249188
39478,0.000263,172.31.36.0-255,66,24093,10,249188
39479,0.000266,172.217.194.0-255,410,24503,10,249188
39480,0.000268,172.31.36.0-255,66,24569,10,249188
39481,0.00035,172.217.194.0-255,364,24933,10,249188
39482,0.000353,172.31.36.0-255,66,24999,10,249188
39483,0.000469,172.217.194.0-255,1484,26483,10,249188
39484,0.000473,172.31.36.0-255,66,26549,10,249188
39485,0.00048,172.217.194.0-255,2902,29451,10,249188
39486,0.000483,172.31.36.0-255,66,29517,10,249188
39487,0.000494,172.217.194.0-255,5738,35255,10,249188
39488,0.000497,172.31.36.0-255,66,35321,10,249188
39489,0.000534,172.217.194.0-255,6797,42118,10,249188
39490,0.000538,172.31.36.0-255,66,42184,10,249188
39491,0.000813,172.217.194.0-255,1484,43668,10,249188
39492,0.000822,172.217.194.0-255,2902,46570,10,249188
39493,0.000825,172.31.36.0-255,66,46636,10,249188
39494,0.000829,172.217.194.0-255,1484,48120,10,249188
39495,0.000858,172.217.194.0-255,4320,52440,10,249188
39496,0.00086,172.31.36.0-255,66,52506,10,249188
39497,0.00089,172.217.194.0-255,6797,59303,10,249188
39498,0.000893,172.31.36.0-255,66,59369,10,249188
39499,0.001077,172.217.194.0-255,1484,60853,10,249188
39500,0.001083,172.217.194.0-255,2902,63755,10,249188
39501,0.001087,172.31.36.0-255,66,63821,10,249188
39502,0.001094,172.217.194.0-255,5738,69559,10,249188
39503,0.001096,172.31.36.0-255,66,69625,10,249188
39504,0.001132,172.31.36.0-255,66,69691,10,249188
39505,0.001139,172.217.194.0-255,7156,76847,10,249188
39506,0.001142,172.31.36.0-255,66,76913,10,249188
39507,0.001184,172.217.194.0-255,2902,79815,10,249188
39508,0.001191,172.31.36.0-255,66,79881,10,249188
39509,0.001197,172.217.194.0-255,5020,84901,10,249188
39510,0.0012,172.31.36.0-255,66,84967,10,249188
39511,0.00125,172.217.194.0-255,1484,86451,10,249188
39512,0.001264,172.217.194.0-255,2902,89353,10,249188
39513,0.001268,172.31.36.0-255,66,89419,10,249188
39514,0.001275,172.217.194.0-255,5738,95157,10,249188
39515,0.001277,172.31.36.0-255,66,95223,10,249188
39516,0.001324,172.31.36.0-255,66,95289,10,249188
39517,0.00133,172.217.194.0-255,5738,101027,10,249188
39518,0.001332,172.31.36.0-255,66,101093,10,249188
39519,0.001357,172.217.194.0-255,5020,106113,10,249188
39520,0.00136,172.31.36.0-255,66,106179,10,249188
39521,0.001377,172.31.36.0-255,66,106245,10,249188
39522,0.001384,172.217.194.0-255,7156,113401,10,249188
39523,0.001387,172.31.36.0-255,66,113467,10,249188
39524,0.001474,172.31.36.0-255,66,113533,10,249188
39525,0.001496,172.31.36.0-255,66,113599,10,249188
39526,0.001513,172.31.36.0-255,66,113665,10,249188
39527,0.001524,172.217.194.0-255,2184,115849,10,249188
39528,0.001527,172.31.36.0-255,66,115915,10,249188
39529,0.00171,172.217.194.0-255,1484,117399,10,249188
39530,0.001716,172.217.194.0-255,2902,120301,10,249188
39531,0.001719,172.31.36.0-255,66,120367,10,249188
39532,0.001723,172.217.194.0-255,1484,121851,10,249188
39533,0.001752,172.217.194.0-255,4320,126171,10,249188
39534,0.001755,172.31.36.0-255,66,126237,10,249188
39535,0.001779,172.31.36.0-255,66,126303,10,249188
39536,0.001785,172.217.194.0-255,4320,130623,10,249188
39537,0.001787,172.31.36.0-255,66,130689,10,249188
39538,0.00183,172.217.194.0-255,6438,137127,10,249188
39539,0.001834,172.31.36.0-255,66,137193,10,249188
39540,0.001923,172.217.194.0-255,1484,138677,10,249188
39541,0.001929,172.217.194.0-255,2902,141579,10,249188
39542,0.001933,172.31.36.0-255,66,141645,10,249188
39543,0.00194,172.217.194.0-255,5738,147383,10,249188
39544,0.001942,172.31.36.0-255,66,147449,10,249188
39545,0.001979,172.31.36.0-255,66,147515,10,249188
39546,0.002,172.217.194.0-255,2902,150417,10,249188
39547,0.002015,172.31.36.0-255,66,150483,10,249188
39548,0.002018,172.31.36.0-255,66,150549,10,249188
39549,0.002052,172.31.36.0-255,66,150615,10,249188
39550,0.00207,172.31.36.0-255,66,150681,10,249188
39551,0.002075,172.217.194.0-255,4320,155001,10,249188
39552,0.002077,172.31.36.0-255,66,155067,10,249188
39553,0.004078,172.217.194.0-255,1484,156551,10,249188
39554,0.004105,172.217.194.0-255,4320,160871,10,249188
39555,0.004112,172.31.36.0-255,66,160937,10,249188
39556,0.00617,172.217.194.0-255,5738,166675,10,249188
39557,0.006181,172.31.36.0-255,66,166741,10,249188
39558,0.008218,172.217.194.0-255,5738,172479,10,249188
39559,0.008224,172.31.36.0-255,66,172545,10,249188
39560,0.010266,172.217.194.0-255,5738,178283,10,249188
39561,0.010284,172.31.36.0-255,66,178349,10,249188
39562,0.012328,172.217.194.0-255,5738,184087,10,249188
39563,0.012338,172.31.36.0-255,66,184153,10,249188
39564,0.014387,172.217.194.0-255,5738,189891,10,249188
39565,0.014399,172.31.36.0-255,66,189957,10,249188
39566,0.016474,172.217.194.0-255,5738,195695,10,249188
39567,0.016487,172.31.36.0-255,66,195761,10,249188
39568,0.01854,172.217.194.0-255,5738,201499,10,249188
39569,0.018555,172.31.36.0-255,66,201565,10,249188
39570,0.020592,172.217.194.0-255,5738,207303,10,249188
39571,0.020602,172.31.36.0-255,66,207369,10,249188
39572,0.022631,172.217.194.0-255,5738,213107,10,249188
39573,0.022643,172.31.36.0-255,66,213173,10,249188
39574,0.024693,172.217.194.0-255,5738,218911,10,249188
39575,0.024712,172.31.36.0-255,66,218977,10,249188
39576,0.026785,172.217.194.0-255,5738,224715,10,249188
39577,0.026804,172.31.36.0-255,66,224781,10,249188
39578,0.028837,172.217.194.0-255,5738,230519,10,249188
39579,0.028855,172.31.36.0-255,66,230585,10,249188
39580,0.030894,172.217.194.0-255,5738,236323,10,249188
39581,0.030909,172.31.36.0-255,66,236389,10,249188
39582,0.032954,172.217.194.0-255,5738,242127,10,249188
39583,0.032966,172.31.36.0-255,66,242193,10,249188
39584,0.034989,172.217.194.0-255,2476,244669,10,249188
39585,0.035,172.31.36.0-255,66,244735,10,249188
39586,0.035226,172.31.36.0-255,105,244840,10,249188
39587,0.037232,172.217.194.0-255,66,244906,10,249188
39588,0.038846,172.31.36.0-255,167,245073,10,249188
39589,0.03888,172.31.36.0-255,1113,246186,10,249188
39590,0.038946,172.31.36.0-255,1514,247700,10,249188
39591,0.038948,172.31.36.0-255,1290,248990,10,249188
39592,0.040393,104.244.42.0-255,66,249056,10,249188
39593,0.04043,104.244.42.0-255,66,249122,10,249188
39594,0.040531,104.244.42.0-255,66,249188,10,249188
39595,0.0,74.125.200.0-255,153,153,10,335635
39596,2e-05,172.31.36.0-255,66,219,10,335635
39597,2.7e-05,74.125.200.0-255,1484,1703,10,335635
39598,3e-05,172.31.36.0-255,66,1769,10,335635
39599,3.4e-05,74.125.200.0-255,1484,3253,10,335635
39600,3.6e-05,172.31.36.0-255,66,3319,10,335635
39601,6e-05,74.125.200.0-255,1484,4803,10,335635
39602,6.2e-05,172.31.36.0-255,66,4869,10,335635
39603,6.9e-05,74.125.200.0-255,4320,9189,10,335635
39604,7.1e-05,172.31.36.0-255,66,9255,10,335635
39605,9.9e-05,74.125.200.0-255,4923,14178,10,335635
39606,0.000101,172.31.36.0-255,66,14244,10,335635
39607,0.000118,74.125.200.0-255,1484,15728,10,335635
39608,0.00012,172.31.36.0-255,66,15794,10,335635
39609,0.000125,74.125.200.0-255,2902,18696,10,335635
39610,0.000126,172.31.36.0-255,66,18762,10,335635
39611,0.000156,74.125.200.0-255,5738,24500,10,335635
39612,0.000158,172.31.36.0-255,66,24566,10,335635
39613,0.000163,74.125.200.0-255,5738,30304,10,335635
39614,0.000165,172.31.36.0-255,66,30370,10,335635
39615,0.000196,74.125.200.0-255,1125,31495,10,335635
39616,0.000198,172.31.36.0-255,66,31561,10,335635
39617,0.000265,74.125.200.0-255,1484,33045,10,335635
39618,0.000269,172.31.36.0-255,66,33111,10,335635
39619,0.000273,74.125.200.0-255,2902,36013,10,335635
39620,0.000275,172.31.36.0-255,66,36079,10,335635
39621,0.0003,74.125.200.0-255,5738,41817,10,335635
39622,0.000302,172.31.36.0-255,66,41883,10,335635
39623,0.000322,74.125.200.0-255,5738,47621,10,335635
39624,0.000325,172.31.36.0-255,66,47687,10,335635
39625,0.000327,74.125.200.0-255,1484,49171,10,335635
39626,0.000329,172.31.36.0-255,66,49237,10,335635
39627,0.000351,74.125.200.0-255,5379,54616,10,335635
39628,0.000353,172.31.36.0-255,66,54682,10,335635
39629,0.00037,74.125.200.0-255,2902,57584,10,335635
39630,0.000373,172.31.36.0-255,66,57650,10,335635
39631,0.0004,172.31.36.0-255,66,57716,10,335635
39632,0.000403,74.125.200.0-255,132,57848,10,335635
39633,0.000475,74.125.200.0-255,1484,59332,10,335635
39634,0.000478,172.31.36.0-255,66,59398,10,335635
39635,0.000483,74.125.200.0-255,2902,62300,10,335635
39636,0.000485,172.31.36.0-255,66,62366,10,335635
39637,0.000495,74.125.200.0-255,1484,63850,10,335635
39638,0.00051,74.125.200.0-255,4320,68170,10,335635
39639,0.000512,172.31.36.0-255,66,68236,10,335635
39640,0.000516,74.125.200.0-255,2902,71138,10,335635
39641,0.000518,172.31.36.0-255,66,71204,10,335635
39642,0.000548,74.125.200.0-255,2902,74106,10,335635
39643,0.00055,172.31.36.0-255,66,74172,10,335635
39644,0.000588,172.31.36.0-255,66,74238,10,335635
39645,0.000591,172.31.36.0-255,66,74304,10,335635
39646,0.000606,74.125.200.0-255,1125,75429,10,335635
39647,0.000711,74.125.200.0-255,1484,76913,10,335635
39648,0.00072,172.31.36.0-255,66,76979,10,335635
39649,0.000729,74.125.200.0-255,2902,79881,10,335635
39650,0.00074,74.125.200.0-255,2902,82783,10,335635
39651,0.000754,74.125.200.0-255,2902,85685,10,335635
39652,0.00076,172.31.36.0-255,66,85751,10,335635
39653,0.000785,74.125.200.0-255,7156,92907,10,335635
39654,0.000807,172.31.36.0-255,66,92973,10,335635
39655,0.000817,74.125.200.0-255,4320,97293,10,335635
39656,0.000832,74.125.200.0-255,3602,100895,10,335635
39657,0.000837,172.31.36.0-255,66,100961,10,335635
39658,0.000856,172.31.36.0-255,66,101027,10,335635
39659,0.000874,74.125.200.0-255,1484,102511,10,335635
39660,0.000886,74.125.200.0-255,2902,105413,10,335635
39661,0.000894,172.31.36.0-255,66,105479,10,335635
39662,0.000903,74.125.200.0-255,2902,108381,10,335635
39663,0.000907,172.31.36.0-255,66,108447,10,335635
39664,0.000919,74.125.200.0-255,2902,111349,10,335635
39665,0.000924,74.125.200.0-255,4320,115669,10,335635
39666,0.000941,74.125.200.0-255,5738,121407,10,335635
39667,0.000946,172.31.36.0-255,66,121473,10,335635
39668,0.000969,74.125.200.0-255,4320,125793,10,335635
39669,0.000974,172.31.36.0-255,66,125859,10,335635
39670,0.000981,74.125.200.0-255,1484,127343,10,335635
39671,0.000988,74.125.200.0-255,7156,134499,10,335635
39672,0.000998,74.125.200.0-255,766,135265,10,335635
39673,0.001019,172.31.36.0-255,66,135331,10,335635
39674,0.00109,74.125.200.0-255,1484,136815,10,335635
39675,0.001106,74.125.200.0-255,2902,139717,10,335635
39676,0.001114,172.31.36.0-255,66,139783,10,335635
39677,0.001125,74.125.200.0-255,1484,141267,10,335635
39678,0.001129,74.125.200.0-255,2902,144169,10,335635
39679,0.001144,172.31.36.0-255,66,144235,10,335635
39680,0.001153,74.125.200.0-255,5738,149973,10,335635
39681,0.001161,172.31.36.0-255,66,150039,10,335635
39682,0.001166,74.125.200.0-255,2902,152941,10,335635
39683,0.001185,74.125.200.0-255,5738,158679,10,335635
39684,0.001191,172.31.36.0-255,66,158745,10,335635
39685,0.001221,74.125.200.0-255,766,159511,10,335635
39686,0.001226,172.31.36.0-255,66,159577,10,335635
39687,0.001379,74.125.200.0-255,1484,161061,10,335635
39688,0.001383,74.125.200.0-255,1484,162545,10,335635
39689,0.001389,172.31.36.0-255,66,162611,10,335635
39690,0.0014,74.125.200.0-255,1484,164095,10,335635
39691,0.001416,74.125.200.0-255,5738,169833,10,335635
39692,0.001419,74.125.200.0-255,2902,172735,10,335635
39693,0.001426,172.31.36.0-255,66,172801,10,335635
39694,0.001449,74.125.200.0-255,7156,179957,10,335635
39695,0.001459,74.125.200.0-255,2902,182859,10,335635
39696,0.001462,172.31.36.0-255,66,182925,10,335635
39697,0.001466,172.31.36.0-255,66,182991,10,335635
39698,0.001474,74.125.200.0-255,4320,187311,10,335635
39699,0.001488,74.125.200.0-255,6438,193749,10,335635
39700,0.001519,74.125.200.0-255,7156,200905,10,335635
39701,0.001527,172.31.36.0-255,66,200971,10,335635
39702,0.001536,74.125.200.0-255,4320,205291,10,335635
39703,0.001544,74.125.200.0-255,2902,208193,10,335635
39704,0.001577,172.31.36.0-255,66,208259,10,335635
39705,0.001608,74.125.200.0-255,3602,211861,10,335635
39706,0.001612,172.31.36.0-255,66,211927,10,335635
39707,0.00162,74.125.200.0-255,4320,216247,10,335635
39708,0.001628,172.31.36.0-255,66,216313,10,335635
39709,0.001631,74.125.200.0-255,1484,217797,10,335635
39710,0.001651,74.125.200.0-255,4320,222117,10,335635
39711,0.001656,172.31.36.0-255,66,222183,10,335635
39712,0.00168,74.125.200.0-255,5738,227921,10,335635
39713,0.001685,172.31.36.0-255,66,227987,10,335635
39714,0.001712,74.125.200.0-255,5738,233725,10,335635
39715,0.001736,74.125.200.0-255,3602,237327,10,335635
39716,0.001743,172.31.36.0-255,66,237393,10,335635
39717,0.001759,74.125.200.0-255,1484,238877,10,335635
39718,0.001784,74.125.200.0-255,1484,240361,10,335635
39719,0.001787,74.125.200.0-255,1484,241845,10,335635
39720,0.0018,172.31.36.0-255,66,241911,10,335635
39721,0.001803,74.125.200.0-255,1484,243395,10,335635
39722,0.001807,74.125.200.0-255,2902,246297,10,335635
39723,0.001812,172.31.36.0-255,66,246363,10,335635
39724,0.001821,74.125.200.0-255,2902,249265,10,335635
39725,0.001825,74.125.200.0-255,2902,252167,10,335635
39726,0.001843,172.31.36.0-255,66,252233,10,335635
39727,0.001849,74.125.200.0-255,4320,256553,10,335635
39728,0.001854,172.31.36.0-255,66,256619,10,335635
39729,0.001862,74.125.200.0-255,2902,259521,10,335635
39730,0.001879,74.125.200.0-255,5738,265259,10,335635
39731,0.001885,74.125.200.0-255,5738,270997,10,335635
39732,0.001891,172.31.36.0-255,66,271063,10,335635
39733,0.001908,74.125.200.0-255,1484,272547,10,335635
39734,0.001926,74.125.200.0-255,5020,277567,10,335635
39735,0.00193,172.31.36.0-255,66,277633,10,335635
39736,0.001947,74.125.200.0-255,2902,280535,10,335635
39737,0.00195,74.125.200.0-255,1484,282019,10,335635
39738,0.001954,172.31.36.0-255,66,282085,10,335635
39739,0.001971,74.125.200.0-255,2902,284987,10,335635
39740,0.001978,172.31.36.0-255,66,285053,10,335635
39741,0.002006,74.125.200.0-255,2902,287955,10,335635
39742,0.002009,74.125.200.0-255,4320,292275,10,335635
39743,0.002028,172.31.36.0-255,66,292341,10,335635
39744,0.002037,74.125.200.0-255,5738,298079,10,335635
39745,0.002042,172.31.36.0-255,66,298145,10,335635
39746,0.002052,74.125.200.0-255,766,298911,10,335635
39747,0.002059,74.125.200.0-255,7156,306067,10,335635
39748,0.002077,172.31.36.0-255,66,306133,10,335635
39749,0.00209,74.125.200.0-255,7156,313289,10,335635
39750,0.002105,172.31.36.0-255,66,313355,10,335635
39751,0.00211,74.125.200.0-255,2902,316257,10,335635
39752,0.002124,172.31.36.0-255,66,316323,10,335635
39753,0.002146,74.125.200.0-255,5020,321343,10,335635
39754,0.002153,74.125.200.0-255,5738,327081,10,335635
39755,0.002157,172.31.36.0-255,66,327147,10,335635
39756,0.002183,74.125.200.0-255,3799,330946,10,335635
39757,0.002187,172.31.36.0-255,66,331012,10,335635
39758,0.002229,74.125.200.0-255,105,331117,10,335635
39759,0.008727,172.31.36.0-255,66,331183,10,335635
39760,0.008771,172.31.36.0-255,105,331288,10,335635
39761,0.01131,74.125.200.0-255,66,331354,10,335635
39762,0.031398,172.31.36.0-255,164,331518,10,335635
39763,0.031445,172.31.36.0-255,1119,332637,10,335635
39764,0.031506,172.31.36.0-255,1514,334151,10,335635
39765,0.031508,172.31.36.0-255,1286,335437,10,335635
39766,0.032938,104.244.42.0-255,66,335503,10,335635
39767,0.032981,104.244.42.0-255,66,335569,10,335635
39768,0.03309,104.244.42.0-255,66,335635,10,335635
39769,0.0,74.125.24.0-255,143,143,10,320050
39770,2.4e-05,172.31.36.0-255,66,209,10,320050
39771,3.2e-05,74.125.24.0-255,1484,1693,10,320050
39772,3.7e-05,172.31.36.0-255,66,1759,10,320050
39773,5.1e-05,74.125.24.0-255,2902,4661,10,320050
39774,5.4e-05,172.31.36.0-255,66,4727,10,320050
39775,5.9e-05,74.125.24.0-255,2902,7629,10,320050
39776,6.2e-05,172.31.36.0-255,66,7695,10,320050
39777,6.7e-05,74.125.24.0-255,2902,10597,10,320050
39778,7e-05,172.31.36.0-255,66,10663,10,320050
39779,0.000113,172.31.36.0-255,66,10729,10,320050
39780,0.000129,172.31.36.0-255,66,10795,10,320050
39781,0.000183,74.125.24.0-255,1484,12279,10,320050
39782,0.000186,172.31.36.0-255,66,12345,10,320050
39783,0.000199,74.125.24.0-255,2902,15247,10,320050
39784,0.000205,172.31.36.0-255,66,15313,10,320050
39785,0.000211,74.125.24.0-255,4320,19633,10,320050
39786,0.000214,172.31.36.0-255,66,19699,10,320050
39787,0.000238,74.125.24.0-255,1484,21183,10,320050
39788,0.00024,172.31.36.0-255,66,21249,10,320050
39789,0.000253,74.125.24.0-255,7156,28405,10,320050
39790,0.000255,172.31.36.0-255,66,28471,10,320050
39791,0.000289,74.125.24.0-255,6797,35268,10,320050
39792,0.000292,172.31.36.0-255,66,35334,10,320050
39793,0.000305,172.31.36.0-255,66,35400,10,320050
39794,0.000334,74.125.24.0-255,386,35786,10,320050
39795,0.000336,172.31.36.0-255,66,35852,10,320050
39796,0.000472,74.125.24.0-255,1484,37336,10,320050
39797,0.000477,172.31.36.0-255,66,37402,10,320050
39798,0.000484,74.125.24.0-255,2902,40304,10,320050
39799,0.000486,172.31.36.0-255,66,40370,10,320050
39800,0.000498,74.125.24.0-255,5738,46108,10,320050
39801,0.000502,172.31.36.0-255,66,46174,10,320050
39802,0.000506,74.125.24.0-255,2902,49076,10,320050
39803,0.000509,172.31.36.0-255,66,49142,10,320050
39804,0.000544,74.125.24.0-255,5379,54521,10,320050
39805,0.000548,172.31.36.0-255,66,54587,10,320050
39806,0.000552,74.125.24.0-255,1484,56071,10,320050
39807,0.000592,172.31.36.0-255,66,56137,10,320050
39808,0.000844,74.125.24.0-255,1484,57621,10,320050
39809,0.000851,74.125.24.0-255,2902,60523,10,320050
39810,0.000856,172.31.36.0-255,66,60589,10,320050
39811,0.000859,74.125.24.0-255,1484,62073,10,320050
39812,0.00089,74.125.24.0-255,2902,64975,10,320050
39813,0.000893,172.31.36.0-255,66,65041,10,320050
39814,0.0009,74.125.24.0-255,5738,70779,10,320050
39815,0.000902,172.31.36.0-255,66,70845,10,320050
39816,0.000936,74.125.24.0-255,2543,73388,10,320050
39817,0.00094,172.31.36.0-255,66,73454,10,320050
39818,0.001449,74.125.24.0-255,1484,74938,10,320050
39819,0.001465,74.125.24.0-255,2902,77840,10,320050
39820,0.00147,172.31.36.0-255,66,77906,10,320050
39821,0.001508,74.125.24.0-255,1484,79390,10,320050
39822,0.001528,74.125.24.0-255,4320,83710,10,320050
39823,0.001531,172.31.36.0-255,66,83776,10,320050
39824,0.001542,172.31.36.0-255,66,83842,10,320050
39825,0.001558,172.31.36.0-255,66,83908,10,320050
39826,0.001584,74.125.24.0-255,1484,85392,10,320050
39827,0.001595,74.125.24.0-255,5020,90412,10,320050
39828,0.001597,172.31.36.0-255,66,90478,10,320050
39829,0.002177,74.125.24.0-255,1484,91962,10,320050
39830,0.002185,74.125.24.0-255,2902,94864,10,320050
39831,0.002189,172.31.36.0-255,66,94930,10,320050
39832,0.002198,74.125.24.0-255,5738,100668,10,320050
39833,0.002201,172.31.36.0-255,66,100734,10,320050
39834,0.002212,74.125.24.0-255,4320,105054,10,320050
39835,0.002215,172.31.36.0-255,66,105120,10,320050
39836,0.00224,74.125.24.0-255,2902,108022,10,320050
39837,0.002243,172.31.36.0-255,66,108088,10,320050
39838,0.002263,172.31.36.0-255,66,108154,10,320050
39839,0.002267,74.125.24.0-255,2184,110338,10,320050
39840,0.002269,172.31.36.0-255,66,110404,10,320050
39841,0.002554,74.125.24.0-255,1484,111888,10,320050
39842,0.002558,74.125.24.0-255,1484,113372,10,320050
39843,0.002561,172.31.36.0-255,66,113438,10,320050
39844,0.002588,74.125.24.0-255,1484,114922,10,320050
39845,0.002595,74.125.24.0-255,5738,120660,10,320050
39846,0.002598,172.31.36.0-255,66,120726,10,320050
39847,0.002603,74.125.24.0-255,4320,125046,10,320050
39848,0.002605,172.31.36.0-255,66,125112,10,320050
39849,0.002647,172.31.36.0-255,66,125178,10,320050
39850,0.002663,172.31.36.0-255,66,125244,10,320050
39851,0.005313,74.125.24.0-255,5738,130982,10,320050
39852,0.005319,172.31.36.0-255,66,131048,10,320050
39853,0.007929,74.125.24.0-255,5738,136786,10,320050
39854,0.007936,172.31.36.0-255,66,136852,10,320050
39855,0.010529,74.125.24.0-255,5738,142590,10,320050
39856,0.010537,172.31.36.0-255,66,142656,10,320050
39857,0.013164,74.125.24.0-255,5738,148394,10,320050
39858,0.013186,172.31.36.0-255,66,148460,10,320050
39859,0.015811,74.125.24.0-255,5738,154198,10,320050
39860,0.015821,172.31.36.0-255,66,154264,10,320050
39861,0.018461,74.125.24.0-255,5738,160002,10,320050
39862,0.01847,172.31.36.0-255,66,160068,10,320050
39863,0.02108,74.125.24.0-255,5738,165806,10,320050
39864,0.02109,172.31.36.0-255,66,165872,10,320050
39865,0.023689,74.125.24.0-255,5738,171610,10,320050
39866,0.023697,172.31.36.0-255,66,171676,10,320050
39867,0.026308,74.125.24.0-255,5738,177414,10,320050
39868,0.026319,172.31.36.0-255,66,177480,10,320050
39869,0.028982,74.125.24.0-255,5738,183218,10,320050
39870,0.028991,172.31.36.0-255,66,183284,10,320050
39871,0.031625,74.125.24.0-255,5738,189022,10,320050
39872,0.031633,172.31.36.0-255,66,189088,10,320050
39873,0.034221,74.125.24.0-255,5738,194826,10,320050
39874,0.034229,172.31.36.0-255,66,194892,10,320050
39875,0.03686,74.125.24.0-255,5738,200630,10,320050
39876,0.036867,172.31.36.0-255,66,200696,10,320050
39877,0.037799,172.31.36.0-255,167,200863,10,320050
39878,0.037831,172.31.36.0-255,1112,201975,10,320050
39879,0.037893,172.31.36.0-255,1514,203489,10,320050
39880,0.037895,172.31.36.0-255,1514,205003,10,320050
39881,0.037896,172.31.36.0-255,1514,206517,10,320050
39882,0.037922,172.31.36.0-255,1071,207588,10,320050
39883,0.039319,104.244.42.0-255,66,207654,10,320050
39884,0.039344,104.244.42.0-255,66,207720,10,320050
39885,0.039474,104.244.42.0-255,66,207786,10,320050
39886,0.039478,104.244.42.0-255,66,207852,10,320050
39887,0.039524,74.125.24.0-255,5738,213590,10,320050
39888,0.039529,172.31.36.0-255,66,213656,10,320050
39889,0.040054,104.244.42.0-255,108,213764,10,320050
39890,0.040063,172.31.36.0-255,66,213830,10,320050
39891,0.042137,74.125.24.0-255,4320,218150,10,320050
39892,0.042145,172.31.36.0-255,66,218216,10,320050
39893,0.042169,74.125.24.0-255,1484,219700,10,320050
39894,0.044784,74.125.24.0-255,4320,224020,10,320050
39895,0.044793,172.31.36.0-255,66,224086,10,320050
39896,0.047406,74.125.24.0-255,5738,229824,10,320050
39897,0.047414,172.31.36.0-255,66,229890,10,320050
39898,0.05002,74.125.24.0-255,4320,234210,10,320050
39899,0.050027,172.31.36.0-255,66,234276,10,320050
39900,0.050052,74.125.24.0-255,1484,235760,10,320050
39901,0.052696,74.125.24.0-255,4320,240080,10,320050
39902,0.052702,172.31.36.0-255,66,240146,10,320050
39903,0.055383,74.125.24.0-255,5738,245884,10,320050
39904,0.055389,172.31.36.0-255,66,245950,10,320050
39905,0.058004,74.125.24.0-255,4320,250270,10,320050
39906,0.058011,172.31.36.0-255,66,250336,10,320050
39907,0.058039,74.125.24.0-255,1484,251820,10,320050
39908,0.060627,74.125.24.0-255,4320,256140,10,320050
39909,0.060637,172.31.36.0-255,66,256206,10,320050
39910,0.06329,74.125.24.0-255,5738,261944,10,320050
39911,0.063297,172.31.36.0-255,66,262010,10,320050
39912,0.065927,74.125.24.0-255,5738,267748,10,320050
39913,0.065934,172.31.36.0-255,66,267814,10,320050
39914,0.06857,74.125.24.0-255,5738,273552,10,320050
39915,0.068576,172.31.36.0-255,66,273618,10,320050
39916,0.071188,74.125.24.0-255,5738,279356,10,320050
39917,0.071196,172.31.36.0-255,66,279422,10,320050
39918,0.073788,74.125.24.0-255,5738,285160,10,320050
39919,0.073795,172.31.36.0-255,66,285226,10,320050
39920,0.076427,74.125.24.0-255,5738,290964,10,320050
39921,0.076438,172.31.36.0-255,66,291030,10,320050
39922,0.079067,74.125.24.0-255,5738,296768,10,320050
39923,0.079075,172.31.36.0-255,66,296834,10,320050
39924,0.081673,74.125.24.0-255,5738,302572,10,320050
39925,0.08168,172.31.36.0-255,66,302638,10,320050
39926,0.084331,74.125.24.0-255,5738,308376,10,320050
39927,0.084338,172.31.36.0-255,66,308442,10,320050
39928,0.086943,74.125.24.0-255,5738,314180,10,320050
39929,0.08695,172.31.36.0-255,66,314246,10,320050
39930,0.089558,74.125.24.0-255,5738,319984,10,320050
39931,0.089566,172.31.36.0-255,66,320050,10,320050
39932,0.0,74.125.24.0-255,143,143,10,267108
39933,3.6e-05,172.31.36.0-255,66,209,10,267108
39934,4.3e-05,74.125.24.0-255,1484,1693,10,267108
39935,4.8e-05,172.31.36.0-255,66,1759,10,267108
39936,5.3e-05,74.125.24.0-255,2902,4661,10,267108
39937,6.3e-05,172.31.36.0-255,66,4727,10,267108
39938,7.1e-05,74.125.24.0-255,7156,11883,10,267108
39939,7.3e-05,172.31.36.0-255,66,11949,10,267108
39940,7.6e-05,74.125.24.0-255,1484,13433,10,267108
39941,7.8e-05,172.31.36.0-255,66,13499,10,267108
39942,0.000108,74.125.24.0-255,575,14074,10,267108
39943,0.000116,172.31.36.0-255,66,14140,10,267108
39944,0.000119,74.125.24.0-255,1484,15624,10,267108
39945,0.000121,172.31.36.0-255,66,15690,10,267108
39946,0.000125,74.125.24.0-255,2902,18592,10,267108
39947,0.000128,172.31.36.0-255,66,18658,10,267108
39948,0.000152,74.125.24.0-255,1484,20142,10,267108
39949,0.000154,172.31.36.0-255,66,20208,10,267108
39950,0.000172,172.31.36.0-255,66,20274,10,267108
39951,0.000197,74.125.24.0-255,1484,21758,10,267108
39952,0.000199,172.31.36.0-255,66,21824,10,267108
39953,0.000215,172.31.36.0-255,66,21890,10,267108
39954,0.000226,172.31.36.0-255,66,21956,10,267108
39955,0.00033,74.125.24.0-255,1484,23440,10,267108
39956,0.000335,74.125.24.0-255,2902,26342,10,267108
39957,0.000336,172.31.36.0-255,66,26408,10,267108
39958,0.000342,172.31.36.0-255,66,26474,10,267108
39959,0.000366,74.125.24.0-255,4320,30794,10,267108
39960,0.000375,172.31.36.0-255,66,30860,10,267108
39961,0.000378,74.125.24.0-255,1484,32344,10,267108
39962,0.000409,74.125.24.0-255,7103,39447,10,267108
39963,0.000413,172.31.36.0-255,66,39513,10,267108
39964,0.00266,74.125.24.0-255,5738,45251,10,267108
39965,0.002667,172.31.36.0-255,66,45317,10,267108
39966,0.004887,74.125.24.0-255,5738,51055,10,267108
39967,0.004892,172.31.36.0-255,66,51121,10,267108
39968,0.007139,74.125.24.0-255,5738,56859,10,267108
39969,0.007145,172.31.36.0-255,66,56925,10,267108
39970,0.009419,74.125.24.0-255,5738,62663,10,267108
39971,0.009426,172.31.36.0-255,66,62729,10,267108
39972,0.011714,74.125.24.0-255,5738,68467,10,267108
39973,0.011722,172.31.36.0-255,66,68533,10,267108
39974,0.014009,74.125.24.0-255,5738,74271,10,267108
39975,0.014017,172.31.36.0-255,66,74337,10,267108
39976,0.016308,74.125.24.0-255,5738,80075,10,267108
39977,0.016315,172.31.36.0-255,66,80141,10,267108
39978,0.018574,74.125.24.0-255,5738,85879,10,267108
39979,0.01858,172.31.36.0-255,66,85945,10,267108
39980,0.020847,74.125.24.0-255,5738,91683,10,267108
39981,0.020855,172.31.36.0-255,66,91749,10,267108
39982,0.023143,74.125.24.0-255,5738,97487,10,267108
39983,0.02315,172.31.36.0-255,66,97553,10,267108
39984,0.023867,172.31.36.0-255,190,97743,10,267108
39985,0.023896,172.31.36.0-255,1111,98854,10,267108
39986,0.023932,172.31.36.0-255,1514,100368,10,267108
39987,0.023934,172.31.36.0-255,1292,101660,10,267108
39988,0.025399,74.125.24.0-255,5738,107398,10,267108
39989,0.025406,172.31.36.0-255,66,107464,10,267108
39990,0.025434,104.244.42.0-255,66,107530,10,267108
39991,0.025458,104.244.42.0-255,66,107596,10,267108
39992,0.025527,104.244.42.0-255,66,107662,10,267108
39993,0.027672,74.125.24.0-255,5738,113400,10,267108
39994,0.027678,172.31.36.0-255,66,113466,10,267108
39995,0.029934,74.125.24.0-255,2902,116368,10,267108
39996,0.029939,172.31.36.0-255,66,116434,10,267108
39997,0.029976,74.125.24.0-255,2902,119336,10,267108
39998,0.02998,172.31.36.0-255,66,119402,10,267108
39999,0.032218,74.125.24.0-255,4320,123722,10,267108
40000,0.032223,172.31.36.0-255,66,123788,10,267108
40001,0.032253,74.125.24.0-255,1484,125272,10,267108
40002,0.034507,74.125.24.0-255,4320,129592,10,267108
40003,0.034512,172.31.36.0-255,66,129658,10,267108
40004,0.036792,74.125.24.0-255,5738,135396,10,267108
40005,0.036798,172.31.36.0-255,66,135462,10,267108
40006,0.039048,74.125.24.0-255,5738,141200,10,267108
40007,0.039054,172.31.36.0-255,66,141266,10,267108
40008,0.041302,74.125.24.0-255,1484,142750,10,267108
40009,0.041339,74.125.24.0-255,4320,147070,10,267108
40010,0.041344,172.31.36.0-255,66,147136,10,267108
40011,0.04356,74.125.24.0-255,5738,152874,10,267108
40012,0.043566,172.31.36.0-255,66,152940,10,267108
40013,0.045851,74.125.24.0-255,2902,155842,10,267108
40014,0.045858,172.31.36.0-255,66,155908,10,267108
40015,0.045895,74.125.24.0-255,2902,158810,10,267108
40016,0.045897,172.31.36.0-255,66,158876,10,267108
40017,0.048095,74.125.24.0-255,2902,161778,10,267108
40018,0.0481,172.31.36.0-255,66,161844,10,267108
40019,0.048136,74.125.24.0-255,2902,164746,10,267108
40020,0.048139,172.31.36.0-255,66,164812,10,267108
40021,0.050335,74.125.24.0-255,2902,167714,10,267108
40022,0.05034,172.31.36.0-255,66,167780,10,267108
40023,0.050373,74.125.24.0-255,2902,170682,10,267108
40024,0.050376,172.31.36.0-255,66,170748,10,267108
40025,0.052603,74.125.24.0-255,4320,175068,10,267108
40026,0.052608,172.31.36.0-255,66,175134,10,267108
40027,0.052641,74.125.24.0-255,1484,176618,10,267108
40028,0.05487,74.125.24.0-255,4320,180938,10,267108
40029,0.054876,172.31.36.0-255,66,181004,10,267108
40030,0.057125,74.125.24.0-255,4320,185324,10,267108
40031,0.05713,172.31.36.0-255,66,185390,10,267108
40032,0.05716,74.125.24.0-255,1484,186874,10,267108
40033,0.059368,74.125.24.0-255,4320,191194,10,267108
40034,0.059374,172.31.36.0-255,66,191260,10,267108
40035,0.061624,74.125.24.0-255,2902,194162,10,267108
40036,0.061629,172.31.36.0-255,66,194228,10,267108
40037,0.061662,74.125.24.0-255,2902,197130,10,267108
40038,0.061665,172.31.36.0-255,66,197196,10,267108
40039,0.063882,74.125.24.0-255,2902,200098,10,267108
40040,0.063889,172.31.36.0-255,66,200164,10,267108
40041,0.063923,74.125.24.0-255,2902,203066,10,267108
40042,0.063927,172.31.36.0-255,66,203132,10,267108
40043,0.066121,74.125.24.0-255,2902,206034,10,267108
40044,0.066127,172.31.36.0-255,66,206100,10,267108
40045,0.066163,74.125.24.0-255,2902,209002,10,267108
40046,0.066167,172.31.36.0-255,66,209068,10,267108
40047,0.068389,74.125.24.0-255,5738,214806,10,267108
40048,0.068394,172.31.36.0-255,66,214872,10,267108
40049,0.070627,74.125.24.0-255,5738,220610,10,267108
40050,0.070632,172.31.36.0-255,66,220676,10,267108
40051,0.072922,74.125.24.0-255,5738,226414,10,267108
40052,0.07293,172.31.36.0-255,66,226480,10,267108
40053,0.075197,74.125.24.0-255,5738,232218,10,267108
40054,0.075207,172.31.36.0-255,66,232284,10,267108
40055,0.077453,74.125.24.0-255,5738,238022,10,267108
40056,0.077459,172.31.36.0-255,66,238088,10,267108
40057,0.079699,74.125.24.0-255,5738,243826,10,267108
40058,0.079706,172.31.36.0-255,66,243892,10,267108
40059,0.081949,74.125.24.0-255,5738,249630,10,267108
40060,0.081956,172.31.36.0-255,66,249696,10,267108
40061,0.084183,74.125.24.0-255,5738,255434,10,267108
40062,0.084189,172.31.36.0-255,66,255500,10,267108
40063,0.086449,74.125.24.0-255,5738,261238,10,267108
40064,0.086454,172.31.36.0-255,66,261304,10,267108
40065,0.088732,74.125.24.0-255,5738,267042,10,267108
40066,0.088737,172.31.36.0-255,66,267108,10,267108
40067,0.0,172.217.194.0-255,149,149,10,272793
40068,2e-05,172.31.36.0-255,66,215,10,272793
40069,2.6e-05,172.217.194.0-255,1484,1699,10,272793
40070,3.1e-05,172.31.36.0-255,66,1765,10,272793
40071,3.7e-05,172.217.194.0-255,2902,4667,10,272793
40072,4.1e-05,172.31.36.0-255,66,4733,10,272793
40073,4.8e-05,172.217.194.0-255,7156,11889,10,272793
40074,5.1e-05,172.31.36.0-255,66,11955,10,272793
40075,7.6e-05,172.217.194.0-255,2147,14102,10,272793
40076,7.9e-05,172.31.36.0-255,66,14168,10,272793
40077,0.000198,172.217.194.0-255,1484,15652,10,272793
40078,0.000203,172.31.36.0-255,66,15718,10,272793
40079,0.00021,172.217.194.0-255,2902,18620,10,272793
40080,0.000214,172.31.36.0-255,66,18686,10,272793
40081,0.00022,172.217.194.0-255,5738,24424,10,272793
40082,0.000223,172.31.36.0-255,66,24490,10,272793
40083,0.000225,172.217.194.0-255,1484,25974,10,272793
40084,0.000227,172.31.36.0-255,66,26040,10,272793
40085,0.000258,172.217.194.0-255,5379,31419,10,272793
40086,0.000262,172.31.36.0-255,66,31485,10,272793
40087,0.000474,172.217.194.0-255,1484,32969,10,272793
40088,0.00048,172.31.36.0-255,66,33035,10,272793
40089,0.000501,172.217.194.0-255,2902,35937,10,272793
40090,0.000505,172.31.36.0-255,66,36003,10,272793
40091,0.00051,172.217.194.0-255,2902,38905,10,272793
40092,0.000512,172.31.36.0-255,66,38971,10,272793
40093,0.000527,172.217.194.0-255,2902,41873,10,272793
40094,0.00053,172.31.36.0-255,66,41939,10,272793
40095,0.000558,172.31.36.0-255,66,42005,10,272793
40096,0.000581,172.217.194.0-255,2543,44548,10,272793
40097,0.000585,172.31.36.0-255,66,44614,10,272793
40098,0.000596,172.31.36.0-255,66,44680,10,272793
40099,0.000618,172.217.194.0-255,362,45042,10,272793
40100,0.000858,172.217.194.0-255,382,45424,10,272793
40101,0.000902,172.217.194.0-255,1484,46908,10,272793
40102,0.000906,172.31.36.0-255,66,46974,10,272793
40103,0.000927,172.217.194.0-255,4320,51294,10,272793
40104,0.000929,172.31.36.0-255,66,51360,10,272793
40105,0.000947,172.217.194.0-255,1484,52844,10,272793
40106,0.000963,172.217.194.0-255,5738,58582,10,272793
40107,0.000966,172.31.36.0-255,66,58648,10,272793
40108,0.000973,172.217.194.0-255,7156,65804,10,272793
40109,0.000975,172.31.36.0-255,66,65870,10,272793
40110,0.001,172.217.194.0-255,1484,67354,10,272793
40111,0.001016,172.31.36.0-255,66,67420,10,272793
40112,0.001256,172.217.194.0-255,1484,68904,10,272793
40113,0.001263,172.217.194.0-255,2902,71806,10,272793
40114,0.001266,172.31.36.0-255,66,71872,10,272793
40115,0.001282,172.217.194.0-255,5738,77610,10,272793
40116,0.001286,172.31.36.0-255,66,77676,10,272793
40117,0.00129,172.217.194.0-255,2902,80578,10,272793
40118,0.001292,172.31.36.0-255,66,80644,10,272793
40119,0.001328,172.31.36.0-255,66,80710,10,272793
40120,0.001366,172.217.194.0-255,5738,86448,10,272793
40121,0.001371,172.31.36.0-255,66,86514,10,272793
40122,0.001393,172.217.194.0-255,6438,92952,10,272793
40123,0.001397,172.31.36.0-255,66,93018,10,272793
40124,0.001436,172.31.36.0-255,66,93084,10,272793
40125,0.001461,172.217.194.0-255,4320,97404,10,272793
40126,0.001464,172.31.36.0-255,66,97470,10,272793
40127,0.001483,172.31.36.0-255,66,97536,10,272793
40128,0.001498,172.31.36.0-255,66,97602,10,272793
40129,0.00154,172.217.194.0-255,4320,101922,10,272793
40130,0.001544,172.31.36.0-255,66,101988,10,272793
40131,0.001547,172.31.36.0-255,66,102054,10,272793
40132,0.00157,172.217.194.0-255,6438,108492,10,272793
40133,0.001574,172.31.36.0-255,66,108558,10,272793
40134,0.001588,172.31.36.0-255,66,108624,10,272793
40135,0.001603,172.31.36.0-255,66,108690,10,272793
40136,0.001642,172.31.36.0-255,66,108756,10,272793
40137,0.001664,172.217.194.0-255,5738,114494,10,272793
40138,0.001667,172.31.36.0-255,66,114560,10,272793
40139,0.00168,172.217.194.0-255,7156,121716,10,272793
40140,0.001682,172.31.36.0-255,66,121782,10,272793
40141,0.001704,172.31.36.0-255,66,121848,10,272793
40142,0.003809,172.217.194.0-255,5738,127586,10,272793
40143,0.003816,172.31.36.0-255,66,127652,10,272793
40144,0.005922,172.217.194.0-255,5738,133390,10,272793
40145,0.005929,172.31.36.0-255,66,133456,10,272793
40146,0.008016,172.217.194.0-255,5738,139194,10,272793
40147,0.008024,172.31.36.0-255,66,139260,10,272793
40148,0.010121,172.217.194.0-255,5738,144998,10,272793
40149,0.010128,172.31.36.0-255,66,145064,10,272793
40150,0.012223,172.217.194.0-255,5738,150802,10,272793
40151,0.012231,172.31.36.0-255,66,150868,10,272793
40152,0.014306,172.217.194.0-255,5738,156606,10,272793
40153,0.014314,172.31.36.0-255,66,156672,10,272793
40154,0.016419,172.217.194.0-255,5738,162410,10,272793
40155,0.016428,172.31.36.0-255,66,162476,10,272793
40156,0.018529,172.217.194.0-255,5738,168214,10,272793
40157,0.018535,172.31.36.0-255,66,168280,10,272793
40158,0.020619,172.217.194.0-255,5738,174018,10,272793
40159,0.020625,172.31.36.0-255,66,174084,10,272793
40160,0.022755,172.217.194.0-255,5738,179822,10,272793
40161,0.022762,172.31.36.0-255,66,179888,10,272793
40162,0.022874,172.31.36.0-255,172,180060,10,272793
40163,0.022901,172.31.36.0-255,1112,181172,10,272793
40164,0.023039,172.31.36.0-255,1514,182686,10,272793
40165,0.023042,172.31.36.0-255,328,183014,10,272793
40166,0.024446,104.244.42.0-255,66,183080,10,272793
40167,0.024454,104.244.42.0-255,66,183146,10,272793
40168,0.02458,104.244.42.0-255,66,183212,10,272793
40169,0.024849,172.217.194.0-255,5738,188950,10,272793
40170,0.024854,172.31.36.0-255,66,189016,10,272793
40171,0.026948,172.217.194.0-255,5738,194754,10,272793
40172,0.026955,172.31.36.0-255,66,194820,10,272793
40173,0.029038,172.217.194.0-255,5738,200558,10,272793
40174,0.029044,172.31.36.0-255,66,200624,10,272793
40175,0.031127,172.217.194.0-255,5738,206362,10,272793
40176,0.031134,172.31.36.0-255,66,206428,10,272793
40177,0.03323,172.217.194.0-255,5738,212166,10,272793
40178,0.033236,172.31.36.0-255,66,212232,10,272793
40179,0.035329,172.217.194.0-255,5738,217970,10,272793
40180,0.035335,172.31.36.0-255,66,218036,10,272793
40181,0.03742,172.217.194.0-255,5738,223774,10,272793
40182,0.037426,172.31.36.0-255,66,223840,10,272793
40183,0.039517,172.217.194.0-255,5738,229578,10,272793
40184,0.039522,172.31.36.0-255,66,229644,10,272793
40185,0.041611,172.217.194.0-255,5738,235382,10,272793
40186,0.041617,172.31.36.0-255,66,235448,10,272793
40187,0.043706,172.217.194.0-255,5738,241186,10,272793
40188,0.043713,172.31.36.0-255,66,241252,10,272793
40189,0.045821,172.217.194.0-255,5738,246990,10,272793
40190,0.045829,172.31.36.0-255,66,247056,10,272793
40191,0.047922,172.217.194.0-255,5738,252794,10,272793
40192,0.047929,172.31.36.0-255,66,252860,10,272793
40193,0.050016,172.217.194.0-255,4320,257180,10,272793
40194,0.05002,172.31.36.0-255,66,257246,10,272793
40195,0.050053,172.217.194.0-255,1484,258730,10,272793
40196,0.052104,172.217.194.0-255,4320,263050,10,272793
40197,0.052109,172.31.36.0-255,66,263116,10,272793
40198,0.05418,172.217.194.0-255,5738,268854,10,272793
40199,0.054185,172.31.36.0-255,66,268920,10,272793
40200,0.056276,172.217.194.0-255,3636,272556,10,272793
40201,0.056282,172.31.36.0-255,66,272622,10,272793
40202,0.05647,172.31.36.0-255,105,272727,10,272793
40203,0.058534,172.217.194.0-255,66,272793,10,272793
40204,0.0,172.217.194.0-255,152,152,10,196645
40205,2.7e-05,172.31.36.0-255,66,218,10,196645
40206,3.5e-05,172.217.194.0-255,1484,1702,10,196645
40207,3.9e-05,172.31.36.0-255,66,1768,10,196645
40208,5.7e-05,172.217.194.0-255,2902,4670,10,196645
40209,6e-05,172.31.36.0-255,66,4736,10,196645
40210,6.9e-05,172.217.194.0-255,7156,11892,10,196645
40211,7.2e-05,172.31.36.0-255,66,11958,10,196645
40212,7.7e-05,172.217.194.0-255,2067,14025,10,196645
40213,8e-05,172.31.36.0-255,66,14091,10,196645
40214,9.4e-05,172.31.36.0-255,66,14157,10,196645
40215,0.000108,172.31.36.0-255,66,14223,10,196645
40216,0.000164,172.31.36.0-255,66,14289,10,196645
40217,0.00017,172.217.194.0-255,4320,18609,10,196645
40218,0.000172,172.31.36.0-255,66,18675,10,196645
40219,0.000205,172.217.194.0-255,7156,25831,10,196645
40220,0.000208,172.31.36.0-255,66,25897,10,196645
40221,0.000215,172.217.194.0-255,5668,31565,10,196645
40222,0.000217,172.31.36.0-255,66,31631,10,196645
40223,0.000225,172.217.194.0-255,365,31996,10,196645
40224,0.000227,172.31.36.0-255,66,32062,10,196645
40225,0.000248,172.217.194.0-255,1484,33546,10,196645
40226,0.000251,172.31.36.0-255,66,33612,10,196645
40227,0.000271,172.217.194.0-255,4320,37932,10,196645
40228,0.000278,172.31.36.0-255,66,37998,10,196645
40229,0.000308,172.31.36.0-255,66,38064,10,196645
40230,0.000314,172.217.194.0-255,4320,42384,10,196645
40231,0.000316,172.31.36.0-255,66,42450,10,196645
40232,0.000394,172.217.194.0-255,2184,44634,10,196645
40233,0.000419,172.31.36.0-255,66,44700,10,196645
40234,0.00077,172.217.194.0-255,1484,46184,10,196645
40235,0.000787,172.217.194.0-255,2902,49086,10,196645
40236,0.000793,172.217.194.0-255,4320,53406,10,196645
40237,0.000804,172.217.194.0-255,1484,54890,10,196645
40238,0.00081,172.217.194.0-255,2902,57792,10,196645
40239,0.000822,172.217.194.0-255,1484,59276,10,196645
40240,0.000849,172.31.36.0-255,66,59342,10,196645
40241,0.000926,172.217.194.0-255,7156,66498,10,196645
40242,0.000929,172.31.36.0-255,66,66564,10,196645
40243,0.000935,172.31.36.0-255,66,66630,10,196645
40244,0.00098,172.217.194.0-255,1484,68114,10,196645
40245,0.000993,172.31.36.0-255,66,68180,10,196645
40246,0.001019,172.217.194.0-255,2902,71082,10,196645
40247,0.001024,172.217.194.0-255,2902,73984,10,196645
40248,0.001027,172.217.194.0-255,1484,75468,10,196645
40249,0.001044,172.217.194.0-255,2902,78370,10,196645
40250,0.001048,172.31.36.0-255,66,78436,10,196645
40251,0.00106,172.217.194.0-255,4320,82756,10,196645
40252,0.001069,172.31.36.0-255,66,82822,10,196645
40253,0.00108,172.217.194.0-255,4320,87142,10,196645
40254,0.001103,172.217.194.0-255,1484,88626,10,196645
40255,0.001117,172.217.194.0-255,2184,90810,10,196645
40256,0.001132,172.31.36.0-255,66,90876,10,196645
40257,0.001288,172.217.194.0-255,1484,92360,10,196645
40258,0.001294,172.217.194.0-255,2902,95262,10,196645
40259,0.001318,172.217.194.0-255,4320,99582,10,196645
40260,0.001326,172.31.36.0-255,66,99648,10,196645
40261,0.001379,172.31.36.0-255,66,99714,10,196645
40262,0.001419,172.217.194.0-255,766,100480,10,196645
40263,0.001435,172.31.36.0-255,66,100546,10,196645
40264,0.00156,172.217.194.0-255,1484,102030,10,196645
40265,0.001565,172.217.194.0-255,2902,104932,10,196645
40266,0.001585,172.31.36.0-255,66,104998,10,196645
40267,0.001595,172.217.194.0-255,1484,106482,10,196645
40268,0.001618,172.217.194.0-255,4320,110802,10,196645
40269,0.001633,172.217.194.0-255,1484,112286,10,196645
40270,0.001635,172.31.36.0-255,66,112352,10,196645
40271,0.001647,172.217.194.0-255,5738,118090,10,196645
40272,0.001663,172.217.194.0-255,4320,122410,10,196645
40273,0.001669,172.31.36.0-255,66,122476,10,196645
40274,0.001691,172.217.194.0-255,4320,126796,10,196645
40275,0.001698,172.217.194.0-255,5738,132534,10,196645
40276,0.001719,172.217.194.0-255,2184,134718,10,196645
40277,0.001766,172.31.36.0-255,66,134784,10,196645
40278,0.001846,172.217.194.0-255,1484,136268,10,196645
40279,0.001852,172.217.194.0-255,2902,139170,10,196645
40280,0.001865,172.217.194.0-255,1484,140654,10,196645
40281,0.001872,172.31.36.0-255,66,140720,10,196645
40282,0.0019,172.217.194.0-255,4320,145040,10,196645
40283,0.001905,172.217.194.0-255,4320,149360,10,196645
40284,0.001922,172.217.194.0-255,5738,155098,10,196645
40285,0.001929,172.31.36.0-255,66,155164,10,196645
40286,0.001962,172.217.194.0-255,2902,158066,10,196645
40287,0.001982,172.217.194.0-255,5738,163804,10,196645
40288,0.002012,172.31.36.0-255,66,163870,10,196645
40289,0.002066,172.217.194.0-255,3602,167472,10,196645
40290,0.002078,172.31.36.0-255,66,167538,10,196645
40291,0.002085,172.217.194.0-255,4320,171858,10,196645
40292,0.00211,172.217.194.0-255,5738,177596,10,196645
40293,0.002119,172.31.36.0-255,66,177662,10,196645
40294,0.002129,172.217.194.0-255,1484,179146,10,196645
40295,0.002163,172.217.194.0-255,1484,180630,10,196645
40296,0.002174,172.31.36.0-255,66,180696,10,196645
40297,0.002184,172.217.194.0-255,2902,183598,10,196645
40298,0.002194,172.31.36.0-255,66,183664,10,196645
40299,0.002244,172.31.36.0-255,66,183730,10,196645
40300,0.002269,172.217.194.0-255,7156,190886,10,196645
40301,0.002274,172.31.36.0-255,66,190952,10,196645
40302,0.002307,172.217.194.0-255,800,191752,10,196645
40303,0.002311,172.217.194.0-255,97,191849,10,196645
40304,0.002324,172.31.36.0-255,66,191915,10,196645
40305,0.003199,172.31.36.0-255,101,192016,10,196645
40306,0.004602,172.217.194.0-255,105,192121,10,196645
40307,0.00505,172.31.36.0-255,105,192226,10,196645
40308,0.00544,172.217.194.0-255,66,192292,10,196645
40309,0.007338,172.217.194.0-255,66,192358,10,196645
40310,0.038994,172.31.36.0-255,172,192530,10,196645
40311,0.039031,172.31.36.0-255,1112,193642,10,196645
40312,0.03911,172.31.36.0-255,1514,195156,10,196645
40313,0.039112,172.31.36.0-255,1291,196447,10,196645
40314,0.040586,104.244.42.0-255,66,196513,10,196645
40315,0.040616,104.244.42.0-255,66,196579,10,196645
40316,0.040672,104.244.42.0-255,66,196645,10,196645
40317,0.0,74.125.200.0-255,146,146,10,349911
40318,2.4e-05,172.31.36.0-255,66,212,10,349911
40319,4.3e-05,74.125.200.0-255,1484,1696,10,349911
40320,4.8e-05,172.31.36.0-255,66,1762,10,349911
40321,7.3e-05,74.125.200.0-255,1484,3246,10,349911
40322,7.6e-05,172.31.36.0-255,66,3312,10,349911
40323,8.6e-05,74.125.200.0-255,1484,4796,10,349911
40324,8.9e-05,172.31.36.0-255,66,4862,10,349911
40325,0.0001,74.125.200.0-255,5738,10600,10,349911
40326,0.000103,172.31.36.0-255,66,10666,10,349911
40327,0.000137,74.125.200.0-255,3487,14153,10,349911
40328,0.000142,172.31.36.0-255,66,14219,10,349911
40329,0.000229,74.125.200.0-255,1484,15703,10,349911
40330,0.000232,172.31.36.0-255,66,15769,10,349911
40331,0.000262,74.125.200.0-255,2902,18671,10,349911
40332,0.000266,172.31.36.0-255,66,18737,10,349911
40333,0.000272,74.125.200.0-255,5738,24475,10,349911
40334,0.000276,172.31.36.0-255,66,24541,10,349911
40335,0.000282,74.125.200.0-255,4320,28861,10,349911
40336,0.000285,172.31.36.0-255,66,28927,10,349911
40337,0.000322,74.125.200.0-255,5379,34306,10,349911
40338,0.000326,172.31.36.0-255,66,34372,10,349911
40339,0.000333,74.125.200.0-255,5738,40110,10,349911
40340,0.000336,172.31.36.0-255,66,40176,10,349911
40341,0.000343,74.125.200.0-255,7156,47332,10,349911
40342,0.000345,172.31.36.0-255,66,47398,10,349911
40343,0.000369,74.125.200.0-255,1125,48523,10,349911
40344,0.000372,172.31.36.0-255,66,48589,10,349911
40345,0.000579,74.125.200.0-255,1484,50073,10,349911
40346,0.000585,172.31.36.0-255,66,50139,10,349911
40347,0.00061,74.125.200.0-255,2902,53041,10,349911
40348,0.000614,172.31.36.0-255,66,53107,10,349911
40349,0.000621,74.125.200.0-255,5738,58845,10,349911
40350,0.000623,172.31.36.0-255,66,58911,10,349911
40351,0.000628,74.125.200.0-255,4320,63231,10,349911
40352,0.00063,172.31.36.0-255,66,63297,10,349911
40353,0.000674,74.125.200.0-255,3123,66420,10,349911
40354,0.000678,172.31.36.0-255,66,66486,10,349911
40355,0.000706,74.125.200.0-255,4320,70806,10,349911
40356,0.000709,172.31.36.0-255,66,70872,10,349911
40357,0.000736,74.125.200.0-255,1484,72356,10,349911
40358,0.000739,172.31.36.0-255,66,72422,10,349911
40359,0.000744,74.125.200.0-255,2902,75324,10,349911
40360,0.000746,172.31.36.0-255,66,75390,10,349911
40361,0.000753,74.125.200.0-255,5738,81128,10,349911
40362,0.000756,172.31.36.0-255,66,81194,10,349911
40363,0.00078,74.125.200.0-255,4320,85514,10,349911
40364,0.000783,172.31.36.0-255,66,85580,10,349911
40365,0.000814,74.125.200.0-255,2902,88482,10,349911
40366,0.000819,172.31.36.0-255,66,88548,10,349911
40367,0.00083,172.31.36.0-255,66,88614,10,349911
40368,0.000835,74.125.200.0-255,3602,92216,10,349911
40369,0.000838,172.31.36.0-255,66,92282,10,349911
40370,0.000967,74.125.200.0-255,1484,93766,10,349911
40371,0.000972,172.31.36.0-255,66,93832,10,349911
40372,0.000977,74.125.200.0-255,2902,96734,10,349911
40373,0.00098,172.31.36.0-255,66,96800,10,349911
40374,0.000998,74.125.200.0-255,2902,99702,10,349911
40375,0.001,172.31.36.0-255,66,99768,10,349911
40376,0.001022,74.125.200.0-255,2902,102670,10,349911
40377,0.001025,172.31.36.0-255,66,102736,10,349911
40378,0.001032,74.125.200.0-255,7156,109892,10,349911
40379,0.001035,172.31.36.0-255,66,109958,10,349911
40380,0.001061,74.125.200.0-255,4320,114278,10,349911
40381,0.001064,172.31.36.0-255,66,114344,10,349911
40382,0.001102,172.31.36.0-255,66,114410,10,349911
40383,0.001108,74.125.200.0-255,2184,116594,10,349911
40384,0.00111,172.31.36.0-255,66,116660,10,349911
40385,0.001139,74.125.200.0-255,2902,119562,10,349911
40386,0.001142,172.31.36.0-255,66,119628,10,349911
40387,0.001205,74.125.200.0-255,7156,126784,10,349911
40388,0.00121,172.31.36.0-255,66,126850,10,349911
40389,0.001219,172.31.36.0-255,66,126916,10,349911
40390,0.001232,172.31.36.0-255,66,126982,10,349911
40391,0.001275,74.125.200.0-255,1484,128466,10,349911
40392,0.001278,172.31.36.0-255,66,128532,10,349911
40393,0.001281,74.125.200.0-255,1484,130016,10,349911
40394,0.001282,172.31.36.0-255,66,130082,10,349911
40395,0.001301,74.125.200.0-255,1484,131566,10,349911
40396,0.001303,172.31.36.0-255,66,131632,10,349911
40397,0.001314,74.125.200.0-255,5738,137370,10,349911
40398,0.001316,172.31.36.0-255,66,137436,10,349911
40399,0.001321,74.125.200.0-255,4320,141756,10,349911
40400,0.001323,172.31.36.0-255,66,141822,10,349911
40401,0.001345,74.125.200.0-255,2902,144724,10,349911
40402,0.001348,172.31.36.0-255,66,144790,10,349911
40403,0.001391,172.31.36.0-255,66,144856,10,349911
40404,0.001395,74.125.200.0-255,2184,147040,10,349911
40405,0.001397,172.31.36.0-255,66,147106,10,349911
40406,0.001523,74.125.200.0-255,1484,148590,10,349911
40407,0.001526,172.31.36.0-255,66,148656,10,349911
40408,0.001531,74.125.200.0-255,2902,151558,10,349911
40409,0.001533,172.31.36.0-255,66,151624,10,349911
40410,0.001552,74.125.200.0-255,5738,157362,10,349911
40411,0.001555,172.31.36.0-255,66,157428,10,349911
40412,0.001578,74.125.200.0-255,7156,164584,10,349911
40413,0.00158,172.31.36.0-255,66,164650,10,349911
40414,0.001607,74.125.200.0-255,2902,167552,10,349911
40415,0.001609,172.31.36.0-255,66,167618,10,349911
40416,0.001621,172.31.36.0-255,66,167684,10,349911
40417,0.001625,74.125.200.0-255,2184,169868,10,349911
40418,0.001627,172.31.36.0-255,66,169934,10,349911
40419,0.001779,74.125.200.0-255,1484,171418,10,349911
40420,0.001784,74.125.200.0-255,2902,174320,10,349911
40421,0.001799,74.125.200.0-255,1484,175804,10,349911
40422,0.001809,74.125.200.0-255,2902,178706,10,349911
40423,0.001823,74.125.200.0-255,1484,180190,10,349911
40424,0.001833,74.125.200.0-255,5738,185928,10,349911
40425,0.001836,74.125.200.0-255,2902,188830,10,349911
40426,0.001854,74.125.200.0-255,4320,193150,10,349911
40427,0.001871,74.125.200.0-255,4320,197470,10,349911
40428,0.001886,74.125.200.0-255,6438,203908,10,349911
40429,0.001923,74.125.200.0-255,2902,206810,10,349911
40430,0.001928,74.125.200.0-255,4320,211130,10,349911
40431,0.001944,74.125.200.0-255,2902,214032,10,349911
40432,0.001946,74.125.200.0-255,1484,215516,10,349911
40433,0.001967,74.125.200.0-255,7156,222672,10,349911
40434,0.00199,74.125.200.0-255,5738,228410,10,349911
40435,0.002001,74.125.200.0-255,766,229176,10,349911
40436,0.002006,74.125.200.0-255,4320,233496,10,349911
40437,0.002016,74.125.200.0-255,2902,236398,10,349911
40438,0.002035,74.125.200.0-255,5738,242136,10,349911
40439,0.00205,74.125.200.0-255,1484,243620,10,349911
40440,0.00388,172.31.36.0-255,66,243686,10,349911
40441,0.005916,74.125.200.0-255,5738,249424,10,349911
40442,0.005923,172.31.36.0-255,66,249490,10,349911
40443,0.007931,74.125.200.0-255,5738,255228,10,349911
40444,0.007939,172.31.36.0-255,66,255294,10,349911
40445,0.00994,74.125.200.0-255,5738,261032,10,349911
40446,0.009947,172.31.36.0-255,66,261098,10,349911
40447,0.011945,74.125.200.0-255,5738,266836,10,349911
40448,0.011953,172.31.36.0-255,66,266902,10,349911
40449,0.01395,74.125.200.0-255,5738,272640,10,349911
40450,0.013957,172.31.36.0-255,66,272706,10,349911
40451,0.015979,74.125.200.0-255,5738,278444,10,349911
40452,0.015985,172.31.36.0-255,66,278510,10,349911
40453,0.018016,74.125.200.0-255,5738,284248,10,349911
40454,0.018023,172.31.36.0-255,66,284314,10,349911
40455,0.020014,74.125.200.0-255,5738,290052,10,349911
40456,0.02002,172.31.36.0-255,66,290118,10,349911
40457,0.022028,74.125.200.0-255,5738,295856,10,349911
40458,0.022035,172.31.36.0-255,66,295922,10,349911
40459,0.024032,74.125.200.0-255,5738,301660,10,349911
40460,0.024039,172.31.36.0-255,66,301726,10,349911
40461,0.026039,74.125.200.0-255,5738,307464,10,349911
40462,0.026047,172.31.36.0-255,66,307530,10,349911
40463,0.028038,74.125.200.0-255,5738,313268,10,349911
40464,0.028044,172.31.36.0-255,66,313334,10,349911
40465,0.028438,172.31.36.0-255,193,313527,10,349911
40466,0.028468,172.31.36.0-255,1113,314640,10,349911
40467,0.028543,172.31.36.0-255,1514,316154,10,349911
40468,0.028545,172.31.36.0-255,1292,317446,10,349911
40469,0.029964,104.244.42.0-255,66,317512,10,349911
40470,0.029998,104.244.42.0-255,66,317578,10,349911
40471,0.030041,74.125.200.0-255,5738,323316,10,349911
40472,0.030047,172.31.36.0-255,66,323382,10,349911
40473,0.030096,104.244.42.0-255,66,323448,10,349911
40474,0.032041,74.125.200.0-255,5738,329186,10,349911
40475,0.032046,172.31.36.0-255,66,329252,10,349911
40476,0.034039,74.125.200.0-255,5738,334990,10,349911
40477,0.034045,172.31.36.0-255,66,335056,10,349911
40478,0.03606,74.125.200.0-255,5738,340794,10,349911
40479,0.036065,172.31.36.0-255,66,340860,10,349911
40480,0.038067,74.125.200.0-255,5738,346598,10,349911
40481,0.038072,172.31.36.0-255,66,346664,10,349911
40482,0.040064,74.125.200.0-255,3010,349674,10,349911
40483,0.04007,172.31.36.0-255,66,349740,10,349911
40484,0.040236,172.31.36.0-255,105,349845,10,349911
40485,0.042193,74.125.200.0-255,66,349911,10,349911
40486,0.0,74.125.130.0-255,145,145,10,369696
40487,2.3e-05,172.31.36.0-255,66,211,10,369696
40488,3e-05,74.125.130.0-255,1484,1695,10,369696
40489,3.4e-05,172.31.36.0-255,66,1761,10,369696
40490,4.1e-05,74.125.130.0-255,2902,4663,10,369696
40491,4.4e-05,172.31.36.0-255,66,4729,10,369696
40492,4.7e-05,74.125.130.0-255,1484,6213,10,369696
40493,4.9e-05,172.31.36.0-255,66,6279,10,369696
40494,5.5e-05,74.125.130.0-255,2902,9181,10,369696
40495,5.7e-05,172.31.36.0-255,66,9247,10,369696
40496,6e-05,74.125.130.0-255,1484,10731,10,369696
40497,6.2e-05,172.31.36.0-255,66,10797,10,369696
40498,8.8e-05,74.125.130.0-255,3471,14268,10,369696
40499,9.1e-05,172.31.36.0-255,66,14334,10,369696
40500,0.000165,74.125.130.0-255,1484,15818,10,369696
40501,0.000167,172.31.36.0-255,66,15884,10,369696
40502,0.000173,74.125.130.0-255,2902,18786,10,369696
40503,0.000176,172.31.36.0-255,66,18852,10,369696
40504,0.000197,74.125.130.0-255,5738,24590,10,369696
40505,0.0002,172.31.36.0-255,66,24656,10,369696
40506,0.000215,74.125.130.0-255,1484,26140,10,369696
40507,0.000217,172.31.36.0-255,66,26206,10,369696
40508,0.000241,74.125.130.0-255,5379,31585,10,369696
40509,0.000244,172.31.36.0-255,66,31651,10,369696
40510,0.000354,74.125.130.0-255,1484,33135,10,369696
40511,0.000359,172.31.36.0-255,66,33201,10,369696
40512,0.000364,74.125.130.0-255,2902,36103,10,369696
40513,0.000366,172.31.36.0-255,66,36169,10,369696
40514,0.000379,74.125.130.0-255,2902,39071,10,369696
40515,0.000382,172.31.36.0-255,66,39137,10,369696
40516,0.000388,74.125.130.0-255,4320,43457,10,369696
40517,0.00039,172.31.36.0-255,66,43523,10,369696
40518,0.000413,74.125.130.0-255,7156,50679,10,369696
40519,0.000416,172.31.36.0-255,66,50745,10,369696
40520,0.000445,74.125.130.0-255,2543,53288,10,369696
40521,0.000447,172.31.36.0-255,66,53354,10,369696
40522,0.000459,172.31.36.0-255,66,53420,10,369696
40523,0.000474,74.125.130.0-255,1484,54904,10,369696
40524,0.000491,74.125.130.0-255,1423,56327,10,369696
40525,0.000493,172.31.36.0-255,66,56393,10,369696
40526,0.000496,74.125.130.0-255,379,56772,10,369696
40527,0.000802,74.125.130.0-255,1484,58256,10,369696
40528,0.000807,172.31.36.0-255,66,58322,10,369696
40529,0.000813,74.125.130.0-255,2902,61224,10,369696
40530,0.000815,172.31.36.0-255,66,61290,10,369696
40531,0.000822,74.125.130.0-255,5738,67028,10,369696
40532,0.000824,172.31.36.0-255,66,67094,10,369696
40533,0.00086,74.125.130.0-255,1484,68578,10,369696
40534,0.000885,74.125.130.0-255,2902,71480,10,369696
40535,0.000898,172.31.36.0-255,66,71546,10,369696
40536,0.000906,74.125.130.0-255,5738,77284,10,369696
40537,0.000908,172.31.36.0-255,66,77350,10,369696
40538,0.00092,172.31.36.0-255,66,77416,10,369696
40539,0.000924,74.125.130.0-255,2184,79600,10,369696
40540,0.000927,172.31.36.0-255,66,79666,10,369696
40541,0.001135,74.125.130.0-255,1484,81150,10,369696
40542,0.001142,74.125.130.0-255,2902,84052,10,369696
40543,0.001145,172.31.36.0-255,66,84118,10,369696
40544,0.001151,74.125.130.0-255,2902,87020,10,369696
40545,0.001153,172.31.36.0-255,66,87086,10,369696
40546,0.001168,74.125.130.0-255,2902,89988,10,369696
40547,0.00117,172.31.36.0-255,66,90054,10,369696
40548,0.001191,74.125.130.0-255,4320,94374,10,369696
40549,0.001194,172.31.36.0-255,66,94440,10,369696
40550,0.001227,172.31.36.0-255,66,94506,10,369696
40551,0.001245,74.125.130.0-255,1484,95990,10,369696
40552,0.001275,172.31.36.0-255,66,96056,10,369696
40553,0.001432,74.125.130.0-255,1484,97540,10,369696
40554,0.001436,74.125.130.0-255,1484,99024,10,369696
40555,0.001439,172.31.36.0-255,66,99090,10,369696
40556,0.001458,74.125.130.0-255,1484,100574,10,369696
40557,0.001479,74.125.130.0-255,5738,106312,10,369696
40558,0.001482,172.31.36.0-255,66,106378,10,369696
40559,0.001486,74.125.130.0-255,1484,107862,10,369696
40560,0.001508,74.125.130.0-255,5738,113600,10,369696
40561,0.001511,172.31.36.0-255,66,113666,10,369696
40562,0.001532,74.125.130.0-255,7156,120822,10,369696
40563,0.001535,172.31.36.0-255,66,120888,10,369696
40564,0.001553,74.125.130.0-255,1484,122372,10,369696
40565,0.001558,74.125.130.0-255,2902,125274,10,369696
40566,0.00156,172.31.36.0-255,66,125340,10,369696
40567,0.001566,74.125.130.0-255,4320,129660,10,369696
40568,0.001568,172.31.36.0-255,66,129726,10,369696
40569,0.001572,74.125.130.0-255,766,130492,10,369696
40570,0.001798,74.125.130.0-255,1484,131976,10,369696
40571,0.001802,172.31.36.0-255,66,132042,10,369696
40572,0.001826,74.125.130.0-255,2902,134944,10,369696
40573,0.001828,172.31.36.0-255,66,135010,10,369696
40574,0.001835,74.125.130.0-255,5738,140748,10,369696
40575,0.001837,172.31.36.0-255,66,140814,10,369696
40576,0.001841,74.125.130.0-255,2902,143716,10,369696
40577,0.001843,172.31.36.0-255,66,143782,10,369696
40578,0.001866,74.125.130.0-255,1484,145266,10,369696
40579,0.001888,172.31.36.0-255,66,145332,10,369696
40580,0.001908,172.31.36.0-255,66,145398,10,369696
40581,0.001959,74.125.130.0-255,2184,147582,10,369696
40582,0.001962,172.31.36.0-255,66,147648,10,369696
40583,0.002124,74.125.130.0-255,1484,149132,10,369696
40584,0.002141,74.125.130.0-255,2902,152034,10,369696
40585,0.002146,172.31.36.0-255,66,152100,10,369696
40586,0.002168,74.125.130.0-255,4320,156420,10,369696
40587,0.00217,172.31.36.0-255,66,156486,10,369696
40588,0.002189,74.125.130.0-255,2902,159388,10,369696
40589,0.002192,172.31.36.0-255,66,159454,10,369696
40590,0.002221,74.125.130.0-255,5738,165192,10,369696
40591,0.002223,172.31.36.0-255,66,165258,10,369696
40592,0.002229,74.125.130.0-255,5738,170996,10,369696
40593,0.002231,172.31.36.0-255,66,171062,10,369696
40594,0.002234,74.125.130.0-255,1484,172546,10,369696
40595,0.004427,74.125.130.0-255,4320,176866,10,369696
40596,0.004433,172.31.36.0-255,66,176932,10,369696
40597,0.006625,74.125.130.0-255,4320,181252,10,369696
40598,0.006628,172.31.36.0-255,66,181318,10,369696
40599,0.00664,74.125.130.0-255,1484,182802,10,369696
40600,0.008815,74.125.130.0-255,4320,187122,10,369696
40601,0.008821,172.31.36.0-255,66,187188,10,369696
40602,0.011024,74.125.130.0-255,5738,192926,10,369696
40603,0.011032,172.31.36.0-255,66,192992,10,369696
40604,0.01324,74.125.130.0-255,5738,198730,10,369696
40605,0.013247,172.31.36.0-255,66,198796,10,369696
40606,0.015457,74.125.130.0-255,5738,204534,10,369696
40607,0.015466,172.31.36.0-255,66,204600,10,369696
40608,0.017689,74.125.130.0-255,5738,210338,10,369696
40609,0.017698,172.31.36.0-255,66,210404,10,369696
40610,0.019899,74.125.130.0-255,5738,216142,10,369696
40611,0.019905,172.31.36.0-255,66,216208,10,369696
40612,0.022107,74.125.130.0-255,5738,221946,10,369696
40613,0.022114,172.31.36.0-255,66,222012,10,369696
40614,0.024307,74.125.130.0-255,5738,227750,10,369696
40615,0.024315,172.31.36.0-255,66,227816,10,369696
40616,0.026506,74.125.130.0-255,5738,233554,10,369696
40617,0.026512,172.31.36.0-255,66,233620,10,369696
40618,0.028392,172.31.36.0-255,167,233787,10,369696
40619,0.028419,172.31.36.0-255,1113,234900,10,369696
40620,0.028455,172.31.36.0-255,1514,236414,10,369696
40621,0.028456,172.31.36.0-255,1290,237704,10,369696
40622,0.028701,74.125.130.0-255,4320,242024,10,369696
40623,0.028706,172.31.36.0-255,66,242090,10,369696
40624,0.028723,74.125.130.0-255,1484,243574,10,369696
40625,0.029984,104.244.42.0-255,66,243640,10,369696
40626,0.030051,104.244.42.0-255,66,243706,10,369696
40627,0.030054,104.244.42.0-255,66,243772,10,369696
40628,0.030905,74.125.130.0-255,4320,248092,10,369696
40629,0.030908,172.31.36.0-255,66,248158,10,369696
40630,0.033095,74.125.130.0-255,4320,252478,10,369696
40631,0.033101,172.31.36.0-255,66,252544,10,369696
40632,0.033125,74.125.130.0-255,1484,254028,10,369696
40633,0.035285,74.125.130.0-255,4320,258348,10,369696
40634,0.03529,172.31.36.0-255,66,258414,10,369696
40635,0.037492,74.125.130.0-255,5738,264152,10,369696
40636,0.037498,172.31.36.0-255,66,264218,10,369696
40637,0.039696,74.125.130.0-255,5738,269956,10,369696
40638,0.039701,172.31.36.0-255,66,270022,10,369696
40639,0.04189,74.125.130.0-255,4320,274342,10,369696
40640,0.041896,172.31.36.0-255,66,274408,10,369696
40641,0.041928,74.125.130.0-255,1484,275892,10,369696
40642,0.044096,74.125.130.0-255,4320,280212,10,369696
40643,0.044102,172.31.36.0-255,66,280278,10,369696
40644,0.046297,74.125.130.0-255,5738,286016,10,369696
40645,0.046304,172.31.36.0-255,66,286082,10,369696
40646,0.048496,74.125.130.0-255,5738,291820,10,369696
40647,0.048502,172.31.36.0-255,66,291886,10,369696
40648,0.050699,74.125.130.0-255,5738,297624,10,369696
40649,0.050705,172.31.36.0-255,66,297690,10,369696
40650,0.052905,74.125.130.0-255,4320,302010,10,369696
40651,0.052911,172.31.36.0-255,66,302076,10,369696
40652,0.052939,74.125.130.0-255,1484,303560,10,369696
40653,0.055117,74.125.130.0-255,4320,307880,10,369696
40654,0.055122,172.31.36.0-255,66,307946,10,369696
40655,0.057317,74.125.130.0-255,4320,312266,10,369696
40656,0.057322,172.31.36.0-255,66,312332,10,369696
40657,0.057352,74.125.130.0-255,1484,313816,10,369696
40658,0.059505,74.125.130.0-255,4320,318136,10,369696
40659,0.05951,172.31.36.0-255,66,318202,10,369696
40660,0.061704,74.125.130.0-255,2902,321104,10,369696
40661,0.061709,172.31.36.0-255,66,321170,10,369696
40662,0.061743,74.125.130.0-255,2902,324072,10,369696
40663,0.061746,172.31.36.0-255,66,324138,10,369696
40664,0.063899,74.125.130.0-255,2902,327040,10,369696
40665,0.063906,172.31.36.0-255,66,327106,10,369696
40666,0.063944,74.125.130.0-255,2902,330008,10,369696
40667,0.063947,172.31.36.0-255,66,330074,10,369696
40668,0.066096,74.125.130.0-255,2902,332976,10,369696
40669,0.066101,172.31.36.0-255,66,333042,10,369696
40670,0.066135,74.125.130.0-255,1484,334526,10,369696
40671,0.066151,74.125.130.0-255,1484,336010,10,369696
40672,0.066154,172.31.36.0-255,66,336076,10,369696
40673,0.068285,74.125.130.0-255,2902,338978,10,369696
40674,0.068291,172.31.36.0-255,66,339044,10,369696
40675,0.068331,74.125.130.0-255,2902,341946,10,369696
40676,0.068334,172.31.36.0-255,66,342012,10,369696
40677,0.070492,74.125.130.0-255,2902,344914,10,369696
40678,0.070498,172.31.36.0-255,66,344980,10,369696
40679,0.070529,74.125.130.0-255,2902,347882,10,369696
40680,0.070532,172.31.36.0-255,66,347948,10,369696
40681,0.072688,74.125.130.0-255,2902,350850,10,369696
40682,0.072694,172.31.36.0-255,66,350916,10,369696
40683,0.072725,74.125.130.0-255,2902,353818,10,369696
40684,0.072728,172.31.36.0-255,66,353884,10,369696
40685,0.074902,74.125.130.0-255,4320,358204,10,369696
40686,0.074907,172.31.36.0-255,66,358270,10,369696
40687,0.074926,74.125.130.0-255,1484,359754,10,369696
40688,0.077109,74.125.130.0-255,4320,364074,10,369696
40689,0.077115,172.31.36.0-255,66,364140,10,369696
40690,0.079309,74.125.130.0-255,5319,369459,10,369696
40691,0.079314,172.31.36.0-255,66,369525,10,369696
40692,0.079844,172.31.36.0-255,105,369630,10,369696
40693,0.081994,74.125.130.0-255,66,369696,10,369696
40694,0.0,172.217.194.0-255,153,153,10,277664
40695,3.3e-05,172.31.36.0-255,66,219,10,277664
40696,4e-05,172.217.194.0-255,1484,1703,10,277664
40697,4.4e-05,172.31.36.0-255,66,1769,10,277664
40698,5e-05,172.217.194.0-255,2902,4671,10,277664
40699,5.3e-05,172.31.36.0-255,66,4737,10,277664
40700,6e-05,172.217.194.0-255,5738,10475,10,277664
40701,6.3e-05,172.31.36.0-255,66,10541,10,277664
40702,8.6e-05,172.217.194.0-255,1484,12025,10,277664
40703,8.9e-05,172.31.36.0-255,66,12091,10,277664
40704,0.000109,172.217.194.0-255,1979,14070,10,277664
40705,0.000111,172.31.36.0-255,66,14136,10,277664
40706,0.000379,172.217.194.0-255,1484,15620,10,277664
40707,0.000383,172.31.36.0-255,66,15686,10,277664
40708,0.000389,172.217.194.0-255,2902,18588,10,277664
40709,0.000391,172.31.36.0-255,66,18654,10,277664
40710,0.000398,172.217.194.0-255,5738,24392,10,277664
40711,0.0004,172.31.36.0-255,66,24458,10,277664
40712,0.000448,172.217.194.0-255,4320,28778,10,277664
40713,0.000452,172.31.36.0-255,66,28844,10,277664
40714,0.00047,172.217.194.0-255,2543,31387,10,277664
40715,0.000473,172.31.36.0-255,66,31453,10,277664
40716,0.000492,172.217.194.0-255,1484,32937,10,277664
40717,0.000495,172.31.36.0-255,66,33003,10,277664
40718,0.0005,172.217.194.0-255,2902,35905,10,277664
40719,0.000503,172.31.36.0-255,66,35971,10,277664
40720,0.000527,172.217.194.0-255,5738,41709,10,277664
40721,0.00053,172.31.36.0-255,66,41775,10,277664
40722,0.000551,172.217.194.0-255,5738,47513,10,277664
40723,0.000555,172.31.36.0-255,66,47579,10,277664
40724,0.000587,172.31.36.0-255,66,47645,10,277664
40725,0.000598,172.31.36.0-255,66,47711,10,277664
40726,0.000601,172.217.194.0-255,1377,49088,10,277664
40727,0.000624,172.217.194.0-255,121,49209,10,277664
40728,0.000775,172.217.194.0-255,1484,50693,10,277664
40729,0.000779,172.31.36.0-255,66,50759,10,277664
40730,0.000784,172.217.194.0-255,2902,53661,10,277664
40731,0.000786,172.31.36.0-255,66,53727,10,277664
40732,0.000792,172.217.194.0-255,4320,58047,10,277664
40733,0.000794,172.31.36.0-255,66,58113,10,277664
40734,0.000812,172.217.194.0-255,1484,59597,10,277664
40735,0.00082,172.217.194.0-255,5738,65335,10,277664
40736,0.000822,172.31.36.0-255,66,65401,10,277664
40737,0.000836,172.217.194.0-255,1125,66526,10,277664
40738,0.000842,172.217.194.0-255,4320,70846,10,277664
40739,0.000844,172.31.36.0-255,66,70912,10,277664
40740,0.000877,172.31.36.0-255,66,70978,10,277664
40741,0.000882,172.217.194.0-255,2543,73521,10,277664
40742,0.000884,172.31.36.0-255,66,73587,10,277664
40743,0.002147,172.217.194.0-255,1484,75071,10,277664
40744,0.002157,172.217.194.0-255,2902,77973,10,277664
40745,0.002161,172.31.36.0-255,66,78039,10,277664
40746,0.002167,172.217.194.0-255,2902,80941,10,277664
40747,0.002169,172.31.36.0-255,66,81007,10,277664
40748,0.002185,172.217.194.0-255,2902,83909,10,277664
40749,0.002187,172.31.36.0-255,66,83975,10,277664
40750,0.002217,172.217.194.0-255,2902,86877,10,277664
40751,0.002219,172.31.36.0-255,66,86943,10,277664
40752,0.002244,172.31.36.0-255,66,87009,10,277664
40753,0.002253,172.31.36.0-255,66,87075,10,277664
40754,0.002257,172.217.194.0-255,2184,89259,10,277664
40755,0.002259,172.31.36.0-255,66,89325,10,277664
40756,0.002386,172.217.194.0-255,1484,90809,10,277664
40757,0.002403,172.217.194.0-255,2902,93711,10,277664
40758,0.002405,172.31.36.0-255,66,93777,10,277664
40759,0.002409,172.217.194.0-255,2902,96679,10,277664
40760,0.002411,172.31.36.0-255,66,96745,10,277664
40761,0.002427,172.217.194.0-255,2902,99647,10,277664
40762,0.002429,172.31.36.0-255,66,99713,10,277664
40763,0.002436,172.217.194.0-255,7156,106869,10,277664
40764,0.002439,172.31.36.0-255,66,106935,10,277664
40765,0.00246,172.217.194.0-255,5738,112673,10,277664
40766,0.002462,172.31.36.0-255,66,112739,10,277664
40767,0.002471,172.31.36.0-255,66,112805,10,277664
40768,0.002506,172.217.194.0-255,5738,118543,10,277664
40769,0.002508,172.31.36.0-255,66,118609,10,277664
40770,0.00254,172.31.36.0-255,66,118675,10,277664
40771,0.002551,172.31.36.0-255,66,118741,10,277664
40772,0.002566,172.217.194.0-255,2184,120925,10,277664
40773,0.002568,172.31.36.0-255,66,120991,10,277664
40774,0.00261,172.31.36.0-255,66,121057,10,277664
40775,0.002613,172.217.194.0-255,1484,122541,10,277664
40776,0.002637,172.31.36.0-255,66,122607,10,277664
40777,0.002658,172.31.36.0-255,66,122673,10,277664
40778,0.002674,172.31.36.0-255,66,122739,10,277664
40779,0.002703,172.31.36.0-255,66,122805,10,277664
40780,0.002712,172.31.36.0-255,66,122871,10,277664
40781,0.005378,172.217.194.0-255,5738,128609,10,277664
40782,0.0054,172.31.36.0-255,66,128675,10,277664
40783,0.008106,172.217.194.0-255,5738,134413,10,277664
40784,0.008129,172.31.36.0-255,66,134479,10,277664
40785,0.01078,172.217.194.0-255,5738,140217,10,277664
40786,0.010794,172.31.36.0-255,66,140283,10,277664
40787,0.013429,172.217.194.0-255,5738,146021,10,277664
40788,0.013435,172.31.36.0-255,66,146087,10,277664
40789,0.016118,172.217.194.0-255,5738,151825,10,277664
40790,0.016125,172.31.36.0-255,66,151891,10,277664
40791,0.018794,172.217.194.0-255,4320,156211,10,277664
40792,0.018803,172.31.36.0-255,66,156277,10,277664
40793,0.018824,172.217.194.0-255,1484,157761,10,277664
40794,0.021439,172.217.194.0-255,4320,162081,10,277664
40795,0.021447,172.31.36.0-255,66,162147,10,277664
40796,0.024125,172.217.194.0-255,5738,167885,10,277664
40797,0.024135,172.31.36.0-255,66,167951,10,277664
40798,0.026762,172.217.194.0-255,5738,173689,10,277664
40799,0.026771,172.31.36.0-255,66,173755,10,277664
40800,0.029436,172.217.194.0-255,5738,179493,10,277664
40801,0.029442,172.31.36.0-255,66,179559,10,277664
40802,0.032107,172.217.194.0-255,5738,185297,10,277664
40803,0.032116,172.31.36.0-255,66,185363,10,277664
40804,0.034758,172.217.194.0-255,5738,191101,10,277664
40805,0.034765,172.31.36.0-255,66,191167,10,277664
40806,0.035642,172.31.36.0-255,172,191339,10,277664
40807,0.03567,172.31.36.0-255,1112,192451,10,277664
40808,0.035699,172.31.36.0-255,1514,193965,10,277664
40809,0.0357,172.31.36.0-255,1291,195256,10,277664
40810,0.037181,104.244.42.0-255,66,195322,10,277664
40811,0.037247,104.244.42.0-255,66,195388,10,277664
40812,0.03725,104.244.42.0-255,66,195454,10,277664
40813,0.037418,172.217.194.0-255,5738,201192,10,277664
40814,0.037422,172.31.36.0-255,66,201258,10,277664
40815,0.040099,172.217.194.0-255,2902,204160,10,277664
40816,0.040103,172.31.36.0-255,66,204226,10,277664
40817,0.040132,172.217.194.0-255,2902,207128,10,277664
40818,0.040134,172.31.36.0-255,66,207194,10,277664
40819,0.042732,172.217.194.0-255,2902,210096,10,277664
40820,0.042736,172.31.36.0-255,66,210162,10,277664
40821,0.042771,172.217.194.0-255,2902,213064,10,277664
40822,0.042775,172.31.36.0-255,66,213130,10,277664
40823,0.045359,172.217.194.0-255,2902,216032,10,277664
40824,0.045364,172.31.36.0-255,66,216098,10,277664
40825,0.045399,172.217.194.0-255,2902,219000,10,277664
40826,0.045402,172.31.36.0-255,66,219066,10,277664
40827,0.048011,172.217.194.0-255,2902,221968,10,277664
40828,0.048017,172.31.36.0-255,66,222034,10,277664
40829,0.048051,172.217.194.0-255,2902,224936,10,277664
40830,0.048054,172.31.36.0-255,66,225002,10,277664
40831,0.05067,172.217.194.0-255,2902,227904,10,277664
40832,0.050676,172.31.36.0-255,66,227970,10,277664
40833,0.050709,172.217.194.0-255,2902,230872,10,277664
40834,0.050712,172.31.36.0-255,66,230938,10,277664
40835,0.053306,172.217.194.0-255,2902,233840,10,277664
40836,0.053311,172.31.36.0-255,66,233906,10,277664
40837,0.053353,172.217.194.0-255,2902,236808,10,277664
40838,0.053356,172.31.36.0-255,66,236874,10,277664
40839,0.055968,172.217.194.0-255,2902,239776,10,277664
40840,0.055974,172.31.36.0-255,66,239842,10,277664
40841,0.056006,172.217.194.0-255,2902,242744,10,277664
40842,0.056009,172.31.36.0-255,66,242810,10,277664
40843,0.058598,172.217.194.0-255,2902,245712,10,277664
40844,0.058619,172.31.36.0-255,66,245778,10,277664
40845,0.058639,172.217.194.0-255,2902,248680,10,277664
40846,0.058643,172.31.36.0-255,66,248746,10,277664
40847,0.061261,172.217.194.0-255,2902,251648,10,277664
40848,0.061267,172.31.36.0-255,66,251714,10,277664
40849,0.061298,172.217.194.0-255,2902,254616,10,277664
40850,0.061302,172.31.36.0-255,66,254682,10,277664
40851,0.063926,172.217.194.0-255,5738,260420,10,277664
40852,0.063931,172.31.36.0-255,66,260486,10,277664
40853,0.066564,172.217.194.0-255,4320,264806,10,277664
40854,0.06657,172.31.36.0-255,66,264872,10,277664
40855,0.0666,172.217.194.0-255,1484,266356,10,277664
40856,0.0692,172.217.194.0-255,4320,270676,10,277664
40857,0.069204,172.31.36.0-255,66,270742,10,277664
40858,0.071851,172.217.194.0-255,5738,276480,10,277664
40859,0.071857,172.31.36.0-255,66,276546,10,277664
40860,0.074472,172.217.194.0-255,881,277427,10,277664
40861,0.074614,172.31.36.0-255,66,277493,10,277664
40862,0.074643,172.31.36.0-255,105,277598,10,277664
40863,0.07724,172.217.194.0-255,66,277664,10,277664
40864,0.0,74.125.68.0-255,153,153,10,378423
40865,3.3e-05,172.31.36.0-255,66,219,10,378423
40866,4e-05,74.125.68.0-255,1484,1703,10,378423
40867,4.5e-05,172.31.36.0-255,66,1769,10,378423
40868,4.9e-05,74.125.68.0-255,2902,4671,10,378423
40869,5.2e-05,172.31.36.0-255,66,4737,10,378423
40870,9.1e-05,74.125.68.0-255,4320,9057,10,378423
40871,9.4e-05,172.31.36.0-255,66,9123,10,378423
40872,0.000109,74.125.68.0-255,1484,10607,10,378423
40873,0.000111,172.31.36.0-255,66,10673,10,378423
40874,0.000125,74.125.68.0-255,2902,13575,10,378423
40875,0.000128,172.31.36.0-255,66,13641,10,378423
40876,0.000131,74.125.68.0-255,648,14289,10,378423
40877,0.000134,172.31.36.0-255,66,14355,10,378423
40878,0.000157,74.125.68.0-255,1484,15839,10,378423
40879,0.00016,172.31.36.0-255,66,15905,10,378423
40880,0.000164,74.125.68.0-255,1484,17389,10,378423
40881,0.000166,172.31.36.0-255,66,17455,10,378423
40882,0.000181,74.125.68.0-255,2902,20357,10,378423
40883,0.000186,172.31.36.0-255,66,20423,10,378423
40884,0.000198,74.125.68.0-255,2902,23325,10,378423
40885,0.000201,172.31.36.0-255,66,23391,10,378423
40886,0.000227,74.125.68.0-255,7156,30547,10,378423
40887,0.00023,172.31.36.0-255,66,30613,10,378423
40888,0.000259,74.125.68.0-255,1125,31738,10,378423
40889,0.000261,172.31.36.0-255,66,31804,10,378423
40890,0.000323,74.125.68.0-255,1484,33288,10,378423
40891,0.000327,172.31.36.0-255,66,33354,10,378423
40892,0.000342,74.125.68.0-255,2902,36256,10,378423
40893,0.000346,172.31.36.0-255,66,36322,10,378423
40894,0.000349,74.125.68.0-255,1484,37806,10,378423
40895,0.000351,172.31.36.0-255,66,37872,10,378423
40896,0.000356,74.125.68.0-255,2902,40774,10,378423
40897,0.000358,172.31.36.0-255,66,40840,10,378423
40898,0.000378,74.125.68.0-255,5738,46578,10,378423
40899,0.000381,172.31.36.0-255,66,46644,10,378423
40900,0.000412,74.125.68.0-255,2543,49187,10,378423
40901,0.000415,172.31.36.0-255,66,49253,10,378423
40902,0.000455,74.125.68.0-255,2902,52155,10,378423
40903,0.00046,172.31.36.0-255,66,52221,10,378423
40904,0.000466,74.125.68.0-255,5738,57959,10,378423
40905,0.000468,172.31.36.0-255,66,58025,10,378423
40906,0.000498,74.125.68.0-255,5738,63763,10,378423
40907,0.000501,172.31.36.0-255,66,63829,10,378423
40908,0.000519,74.125.68.0-255,1484,65313,10,378423
40909,0.000541,74.125.68.0-255,1397,66710,10,378423
40910,0.000544,172.31.36.0-255,66,66776,10,378423
40911,0.000582,74.125.68.0-255,416,67192,10,378423
40912,0.000738,74.125.68.0-255,1484,68676,10,378423
40913,0.000742,172.31.36.0-255,66,68742,10,378423
40914,0.00076,74.125.68.0-255,2902,71644,10,378423
40915,0.000763,172.31.36.0-255,66,71710,10,378423
40916,0.000768,74.125.68.0-255,4320,76030,10,378423
40917,0.000771,172.31.36.0-255,66,76096,10,378423
40918,0.000807,172.31.36.0-255,66,76162,10,378423
40919,0.000847,74.125.68.0-255,1484,77646,10,378423
40920,0.00086,74.125.68.0-255,2902,80548,10,378423
40921,0.000865,172.31.36.0-255,66,80614,10,378423
40922,0.000885,74.125.68.0-255,4320,84934,10,378423
40923,0.000889,172.31.36.0-255,66,85000,10,378423
40924,0.000909,74.125.68.0-255,1484,86484,10,378423
40925,0.00093,74.125.68.0-255,6438,92922,10,378423
40926,0.000933,172.31.36.0-255,66,92988,10,378423
40927,0.001068,74.125.68.0-255,1484,94472,10,378423
40928,0.001082,74.125.68.0-255,2902,97374,10,378423
40929,0.001085,172.31.36.0-255,66,97440,10,378423
40930,0.001089,74.125.68.0-255,1484,98924,10,378423
40931,0.001111,74.125.68.0-255,2902,101826,10,378423
40932,0.001114,172.31.36.0-255,66,101892,10,378423
40933,0.001118,74.125.68.0-255,1484,103376,10,378423
40934,0.001135,74.125.68.0-255,4320,107696,10,378423
40935,0.001138,172.31.36.0-255,66,107762,10,378423
40936,0.001155,74.125.68.0-255,1484,109246,10,378423
40937,0.001178,74.125.68.0-255,7156,116402,10,378423
40938,0.001181,172.31.36.0-255,66,116468,10,378423
40939,0.001218,74.125.68.0-255,4320,120788,10,378423
40940,0.001221,172.31.36.0-255,66,120854,10,378423
40941,0.001237,74.125.68.0-255,5738,126592,10,378423
40942,0.00124,172.31.36.0-255,66,126658,10,378423
40943,0.001274,74.125.68.0-255,766,127424,10,378423
40944,0.001375,172.31.36.0-255,66,127490,10,378423
40945,0.002068,74.125.68.0-255,1484,128974,10,378423
40946,0.002079,74.125.68.0-255,2902,131876,10,378423
40947,0.002083,172.31.36.0-255,66,131942,10,378423
40948,0.00209,74.125.68.0-255,4320,136262,10,378423
40949,0.002092,172.31.36.0-255,66,136328,10,378423
40950,0.002108,74.125.68.0-255,1484,137812,10,378423
40951,0.002131,172.31.36.0-255,66,137878,10,378423
40952,0.002149,74.125.68.0-255,1484,139362,10,378423
40953,0.002208,74.125.68.0-255,4320,143682,10,378423
40954,0.002212,172.31.36.0-255,66,143748,10,378423
40955,0.00224,74.125.68.0-255,7156,150904,10,378423
40956,0.002243,172.31.36.0-255,66,150970,10,378423
40957,0.002268,74.125.68.0-255,2184,153154,10,378423
40958,0.002271,172.31.36.0-255,66,153220,10,378423
40959,0.004474,74.125.68.0-255,2902,156122,10,378423
40960,0.00448,172.31.36.0-255,66,156188,10,378423
40961,0.004514,74.125.68.0-255,2902,159090,10,378423
40962,0.004518,172.31.36.0-255,66,159156,10,378423
40963,0.006711,74.125.68.0-255,2902,162058,10,378423
40964,0.006717,172.31.36.0-255,66,162124,10,378423
40965,0.006758,74.125.68.0-255,2902,165026,10,378423
40966,0.006761,172.31.36.0-255,66,165092,10,378423
40967,0.008966,74.125.68.0-255,2902,167994,10,378423
40968,0.008973,172.31.36.0-255,66,168060,10,378423
40969,0.008997,74.125.68.0-255,2902,170962,10,378423
40970,0.009001,172.31.36.0-255,66,171028,10,378423
40971,0.011228,74.125.68.0-255,5738,176766,10,378423
40972,0.011236,172.31.36.0-255,66,176832,10,378423
40973,0.013485,74.125.68.0-255,5738,182570,10,378423
40974,0.013494,172.31.36.0-255,66,182636,10,378423
40975,0.015743,74.125.68.0-255,5738,188374,10,378423
40976,0.015753,172.31.36.0-255,66,188440,10,378423
40977,0.017993,74.125.68.0-255,5738,194178,10,378423
40978,0.018,172.31.36.0-255,66,194244,10,378423
40979,0.020243,74.125.68.0-255,5738,199982,10,378423
40980,0.020251,172.31.36.0-255,66,200048,10,378423
40981,0.022494,74.125.68.0-255,5738,205786,10,378423
40982,0.0225,172.31.36.0-255,66,205852,10,378423
40983,0.024764,74.125.68.0-255,5738,211590,10,378423
40984,0.02477,172.31.36.0-255,66,211656,10,378423
40985,0.025249,172.31.36.0-255,172,211828,10,378423
40986,0.025281,172.31.36.0-255,1113,212941,10,378423
40987,0.025335,172.31.36.0-255,1514,214455,10,378423
40988,0.025336,172.31.36.0-255,1290,215745,10,378423
40989,0.026801,104.244.42.0-255,66,215811,10,378423
40990,0.026828,104.244.42.0-255,66,215877,10,378423
40991,0.026879,104.244.42.0-255,66,215943,10,378423
40992,0.027006,74.125.68.0-255,2902,218845,10,378423
40993,0.02701,172.31.36.0-255,66,218911,10,378423
40994,0.027041,74.125.68.0-255,2902,221813,10,378423
40995,0.027044,172.31.36.0-255,66,221879,10,378423
40996,0.029256,74.125.68.0-255,2902,224781,10,378423
40997,0.029262,172.31.36.0-255,66,224847,10,378423
40998,0.029291,74.125.68.0-255,2902,227749,10,378423
40999,0.029294,172.31.36.0-255,66,227815,10,378423
41000,0.031501,74.125.68.0-255,2902,230717,10,378423
41001,0.031506,172.31.36.0-255,66,230783,10,378423
41002,0.031546,74.125.68.0-255,2902,233685,10,378423
41003,0.03155,172.31.36.0-255,66,233751,10,378423
41004,0.03375,74.125.68.0-255,2902,236653,10,378423
41005,0.033755,172.31.36.0-255,66,236719,10,378423
41006,0.033791,74.125.68.0-255,2902,239621,10,378423
41007,0.033794,172.31.36.0-255,66,239687,10,378423
41008,0.035998,74.125.68.0-255,2902,242589,10,378423
41009,0.036003,172.31.36.0-255,66,242655,10,378423
41010,0.036033,74.125.68.0-255,2902,245557,10,378423
41011,0.036035,172.31.36.0-255,66,245623,10,378423
41012,0.038245,74.125.68.0-255,2902,248525,10,378423
41013,0.038251,172.31.36.0-255,66,248591,10,378423
41014,0.038285,74.125.68.0-255,2902,251493,10,378423
41015,0.038288,172.31.36.0-255,66,251559,10,378423
41016,0.040488,74.125.68.0-255,2902,254461,10,378423
41017,0.04051,172.31.36.0-255,66,254527,10,378423
41018,0.040531,74.125.68.0-255,2902,257429,10,378423
41019,0.040535,172.31.36.0-255,66,257495,10,378423
41020,0.042746,74.125.68.0-255,2902,260397,10,378423
41021,0.042751,172.31.36.0-255,66,260463,10,378423
41022,0.042781,74.125.68.0-255,2902,263365,10,378423
41023,0.042784,172.31.36.0-255,66,263431,10,378423
41024,0.045048,74.125.68.0-255,5738,269169,10,378423
41025,0.045053,172.31.36.0-255,66,269235,10,378423
41026,0.047295,74.125.68.0-255,5738,274973,10,378423
41027,0.047301,172.31.36.0-255,66,275039,10,378423
41028,0.049542,74.125.68.0-255,5738,280777,10,378423
41029,0.049547,172.31.36.0-255,66,280843,10,378423
41030,0.051791,74.125.68.0-255,5738,286581,10,378423
41031,0.051796,172.31.36.0-255,66,286647,10,378423
41032,0.054038,74.125.68.0-255,5738,292385,10,378423
41033,0.054044,172.31.36.0-255,66,292451,10,378423
41034,0.056291,74.125.68.0-255,5738,298189,10,378423
41035,0.056296,172.31.36.0-255,66,298255,10,378423
41036,0.058541,74.125.68.0-255,5738,303993,10,378423
41037,0.058546,172.31.36.0-255,66,304059,10,378423
41038,0.060798,74.125.68.0-255,5738,309797,10,378423
41039,0.060803,172.31.36.0-255,66,309863,10,378423
41040,0.063043,74.125.68.0-255,5738,315601,10,378423
41041,0.063048,172.31.36.0-255,66,315667,10,378423
41042,0.065289,74.125.68.0-255,5738,321405,10,378423
41043,0.065295,172.31.36.0-255,66,321471,10,378423
41044,0.067543,74.125.68.0-255,5738,327209,10,378423
41045,0.06755,172.31.36.0-255,66,327275,10,378423
41046,0.069795,74.125.68.0-255,5738,333013,10,378423
41047,0.069803,172.31.36.0-255,66,333079,10,378423
41048,0.072035,74.125.68.0-255,5738,338817,10,378423
41049,0.072041,172.31.36.0-255,66,338883,10,378423
41050,0.074284,74.125.68.0-255,2902,341785,10,378423
41051,0.074289,172.31.36.0-255,66,341851,10,378423
41052,0.074318,74.125.68.0-255,2902,344753,10,378423
41053,0.074322,172.31.36.0-255,66,344819,10,378423
41054,0.076538,74.125.68.0-255,2902,347721,10,378423
41055,0.076544,172.31.36.0-255,66,347787,10,378423
41056,0.076577,74.125.68.0-255,2902,350689,10,378423
41057,0.07658,172.31.36.0-255,66,350755,10,378423
41058,0.078818,74.125.68.0-255,5738,356493,10,378423
41059,0.078823,172.31.36.0-255,66,356559,10,378423
41060,0.08106,74.125.68.0-255,5738,362297,10,378423
41061,0.081065,172.31.36.0-255,66,362363,10,378423
41062,0.083302,74.125.68.0-255,4320,366683,10,378423
41063,0.083307,172.31.36.0-255,66,366749,10,378423
41064,0.083332,74.125.68.0-255,1484,368233,10,378423
41065,0.085551,74.125.68.0-255,4320,372553,10,378423
41066,0.085556,172.31.36.0-255,66,372619,10,378423
41067,0.087802,74.125.68.0-255,5738,378357,10,378423
41068,0.087809,172.31.36.0-255,66,378423,10,378423
41069,0.0,74.125.24.0-255,153,153,10,329973
41070,2.7e-05,172.31.36.0-255,66,219,10,329973
41071,3.4e-05,74.125.24.0-255,1484,1703,10,329973
41072,3.9e-05,172.31.36.0-255,66,1769,10,329973
41073,4.5e-05,74.125.24.0-255,2902,4671,10,329973
41074,4.8e-05,172.31.36.0-255,66,4737,10,329973
41075,5.5e-05,74.125.24.0-255,7156,11893,10,329973
41076,5.8e-05,172.31.36.0-255,66,11959,10,329973
41077,7.6e-05,74.125.24.0-255,2012,13971,10,329973
41078,7.8e-05,172.31.36.0-255,66,14037,10,329973
41079,0.000258,74.125.24.0-255,1484,15521,10,329973
41080,0.000263,172.31.36.0-255,66,15587,10,329973
41081,0.000269,74.125.24.0-255,2902,18489,10,329973
41082,0.000273,172.31.36.0-255,66,18555,10,329973
41083,0.000279,74.125.24.0-255,5738,24293,10,329973
41084,0.000281,172.31.36.0-255,66,24359,10,329973
41085,0.000284,74.125.24.0-255,1484,25843,10,329973
41086,0.000286,172.31.36.0-255,66,25909,10,329973
41087,0.000314,74.125.24.0-255,5379,31288,10,329973
41088,0.000318,172.31.36.0-255,66,31354,10,329973
41089,0.000538,74.125.24.0-255,1484,32838,10,329973
41090,0.000543,172.31.36.0-255,66,32904,10,329973
41091,0.000547,74.125.24.0-255,2902,35806,10,329973
41092,0.000549,172.31.36.0-255,66,35872,10,329973
41093,0.000581,74.125.24.0-255,5738,41610,10,329973
41094,0.000584,172.31.36.0-255,66,41676,10,329973
41095,0.000618,172.31.36.0-255,66,41742,10,329973
41096,0.000626,172.31.36.0-255,66,41808,10,329973
41097,0.000629,74.125.24.0-255,1125,42933,10,329973
41098,0.000631,172.31.36.0-255,66,42999,10,329973
41099,0.000678,74.125.24.0-255,677,43676,10,329973
41100,0.000845,172.31.36.0-255,66,43742,10,329973
41101,0.001054,74.125.24.0-255,1484,45226,10,329973
41102,0.001064,74.125.24.0-255,2902,48128,10,329973
41103,0.001068,172.31.36.0-255,66,48194,10,329973
41104,0.001076,74.125.24.0-255,5738,53932,10,329973
41105,0.001078,172.31.36.0-255,66,53998,10,329973
41106,0.001117,172.31.36.0-255,66,54064,10,329973
41107,0.001122,74.125.24.0-255,2902,56966,10,329973
41108,0.001124,172.31.36.0-255,66,57032,10,329973
41109,0.001147,172.31.36.0-255,66,57098,10,329973
41110,0.001151,74.125.24.0-255,2184,59282,10,329973
41111,0.001495,74.125.24.0-255,1484,60766,10,329973
41112,0.001514,74.125.24.0-255,2902,63668,10,329973
41113,0.001533,74.125.24.0-255,5738,69406,10,329973
41114,0.001564,74.125.24.0-255,7156,76562,10,329973
41115,0.001613,74.125.24.0-255,3602,80164,10,329973
41116,0.001948,74.125.24.0-255,1484,81648,10,329973
41117,0.00196,74.125.24.0-255,2902,84550,10,329973
41118,0.001974,74.125.24.0-255,2902,87452,10,329973
41119,0.001986,74.125.24.0-255,2902,90354,10,329973
41120,0.002005,74.125.24.0-255,4320,94674,10,329973
41121,0.002059,74.125.24.0-255,2902,97576,10,329973
41122,0.006073,172.31.36.0-255,66,97642,10,329973
41123,0.008157,74.125.24.0-255,5738,103380,10,329973
41124,0.008164,172.31.36.0-255,66,103446,10,329973
41125,0.010246,74.125.24.0-255,5738,109184,10,329973
41126,0.010254,172.31.36.0-255,66,109250,10,329973
41127,0.012309,74.125.24.0-255,5738,114988,10,329973
41128,0.012317,172.31.36.0-255,66,115054,10,329973
41129,0.014399,74.125.24.0-255,5738,120792,10,329973
41130,0.014407,172.31.36.0-255,66,120858,10,329973
41131,0.01649,74.125.24.0-255,5738,126596,10,329973
41132,0.016498,172.31.36.0-255,66,126662,10,329973
41133,0.018555,74.125.24.0-255,5738,132400,10,329973
41134,0.018563,172.31.36.0-255,66,132466,10,329973
41135,0.020647,74.125.24.0-255,5738,138204,10,329973
41136,0.020653,172.31.36.0-255,66,138270,10,329973
41137,0.022718,74.125.24.0-255,5738,144008,10,329973
41138,0.022724,172.31.36.0-255,66,144074,10,329973
41139,0.024778,74.125.24.0-255,5738,149812,10,329973
41140,0.024786,172.31.36.0-255,66,149878,10,329973
41141,0.026832,172.31.36.0-255,176,150054,10,329973
41142,0.026859,172.31.36.0-255,1114,151168,10,329973
41143,0.026872,74.125.24.0-255,5738,156906,10,329973
41144,0.026876,172.31.36.0-255,66,156972,10,329973
41145,0.026895,172.31.36.0-255,1514,158486,10,329973
41146,0.026896,172.31.36.0-255,1291,159777,10,329973
41147,0.028414,104.244.42.0-255,66,159843,10,329973
41148,0.02842,104.244.42.0-255,66,159909,10,329973
41149,0.028421,104.244.42.0-255,66,159975,10,329973
41150,0.028941,74.125.24.0-255,4320,164295,10,329973
41151,0.028944,172.31.36.0-255,66,164361,10,329973
41152,0.028974,74.125.24.0-255,1484,165845,10,329973
41153,0.031021,74.125.24.0-255,2902,168747,10,329973
41154,0.031028,172.31.36.0-255,66,168813,10,329973
41155,0.033074,74.125.24.0-255,5738,174551,10,329973
41156,0.033079,172.31.36.0-255,66,174617,10,329973
41157,0.03516,74.125.24.0-255,5738,180355,10,329973
41158,0.035165,172.31.36.0-255,66,180421,10,329973
41159,0.037242,74.125.24.0-255,5738,186159,10,329973
41160,0.037249,172.31.36.0-255,66,186225,10,329973
41161,0.039323,74.125.24.0-255,5738,191963,10,329973
41162,0.039328,172.31.36.0-255,66,192029,10,329973
41163,0.041401,74.125.24.0-255,5738,197767,10,329973
41164,0.041405,172.31.36.0-255,66,197833,10,329973
41165,0.043468,74.125.24.0-255,5738,203571,10,329973
41166,0.043474,172.31.36.0-255,66,203637,10,329973
41167,0.045572,74.125.24.0-255,5738,209375,10,329973
41168,0.045579,172.31.36.0-255,66,209441,10,329973
41169,0.047669,74.125.24.0-255,5738,215179,10,329973
41170,0.047675,172.31.36.0-255,66,215245,10,329973
41171,0.049721,74.125.24.0-255,5738,220983,10,329973
41172,0.049727,172.31.36.0-255,66,221049,10,329973
41173,0.051793,74.125.24.0-255,5738,226787,10,329973
41174,0.051799,172.31.36.0-255,66,226853,10,329973
41175,0.053893,74.125.24.0-255,5738,232591,10,329973
41176,0.053899,172.31.36.0-255,66,232657,10,329973
41177,0.055971,74.125.24.0-255,5738,238395,10,329973
41178,0.055977,172.31.36.0-255,66,238461,10,329973
41179,0.058052,74.125.24.0-255,5738,244199,10,329973
41180,0.058058,172.31.36.0-255,66,244265,10,329973
41181,0.060155,74.125.24.0-255,5738,250003,10,329973
41182,0.06016,172.31.36.0-255,66,250069,10,329973
41183,0.062229,74.125.24.0-255,5738,255807,10,329973
41184,0.062234,172.31.36.0-255,66,255873,10,329973
41185,0.064283,74.125.24.0-255,5738,261611,10,329973
41186,0.064289,172.31.36.0-255,66,261677,10,329973
41187,0.066341,74.125.24.0-255,5738,267415,10,329973
41188,0.066363,172.31.36.0-255,66,267481,10,329973
41189,0.068416,74.125.24.0-255,5738,273219,10,329973
41190,0.068421,172.31.36.0-255,66,273285,10,329973
41191,0.070548,74.125.24.0-255,5738,279023,10,329973
41192,0.070555,172.31.36.0-255,66,279089,10,329973
41193,0.072634,74.125.24.0-255,5738,284827,10,329973
41194,0.072639,172.31.36.0-255,66,284893,10,329973
41195,0.074689,74.125.24.0-255,5738,290631,10,329973
41196,0.074695,172.31.36.0-255,66,290697,10,329973
41197,0.076768,74.125.24.0-255,5738,296435,10,329973
41198,0.076774,172.31.36.0-255,66,296501,10,329973
41199,0.078875,74.125.24.0-255,4320,300821,10,329973
41200,0.07888,172.31.36.0-255,66,300887,10,329973
41201,0.078908,74.125.24.0-255,1484,302371,10,329973
41202,0.080927,74.125.24.0-255,4320,306691,10,329973
41203,0.080933,172.31.36.0-255,66,306757,10,329973
41204,0.083003,74.125.24.0-255,5738,312495,10,329973
41205,0.083008,172.31.36.0-255,66,312561,10,329973
41206,0.085087,74.125.24.0-255,5738,318299,10,329973
41207,0.085093,172.31.36.0-255,66,318365,10,329973
41208,0.087178,74.125.24.0-255,5738,324103,10,329973
41209,0.087184,172.31.36.0-255,66,324169,10,329973
41210,0.089276,74.125.24.0-255,5738,329907,10,329973
41211,0.089281,172.31.36.0-255,66,329973,10,329973
41212,0.0,74.125.24.0-255,153,153,10,305698
41213,1.5e-05,172.31.36.0-255,66,219,10,305698
41214,2.2e-05,74.125.24.0-255,1484,1703,10,305698
41215,2.7e-05,172.31.36.0-255,66,1769,10,305698
41216,3.4e-05,74.125.24.0-255,2902,4671,10,305698
41217,3.7e-05,172.31.36.0-255,66,4737,10,305698
41218,4.5e-05,74.125.24.0-255,7156,11893,10,305698
41219,4.7e-05,172.31.36.0-255,66,11959,10,305698
41220,5.1e-05,74.125.24.0-255,2011,13970,10,305698
41221,5.4e-05,172.31.36.0-255,66,14036,10,305698
41222,8.8e-05,74.125.24.0-255,2902,16938,10,305698
41223,9.1e-05,172.31.36.0-255,66,17004,10,305698
41224,9.4e-05,74.125.24.0-255,1484,18488,10,305698
41225,9.6e-05,172.31.36.0-255,66,18554,10,305698
41226,0.000118,74.125.24.0-255,5738,24292,10,305698
41227,0.00012,172.31.36.0-255,66,24358,10,305698
41228,0.00016,74.125.24.0-255,6797,31155,10,305698
41229,0.000163,172.31.36.0-255,66,31221,10,305698
41230,0.000239,74.125.24.0-255,1484,32705,10,305698
41231,0.000242,172.31.36.0-255,66,32771,10,305698
41232,0.000247,74.125.24.0-255,2902,35673,10,305698
41233,0.000249,172.31.36.0-255,66,35739,10,305698
41234,0.000279,74.125.24.0-255,5738,41477,10,305698
41235,0.000282,172.31.36.0-255,66,41543,10,305698
41236,0.000326,172.31.36.0-255,66,41609,10,305698
41237,0.000343,74.125.24.0-255,1125,42734,10,305698
41238,0.000345,172.31.36.0-255,66,42800,10,305698
41239,0.000359,74.125.24.0-255,1484,44284,10,305698
41240,0.000361,172.31.36.0-255,66,44350,10,305698
41241,0.00039,172.31.36.0-255,66,44416,10,305698
41242,0.000393,74.125.24.0-255,110,44526,10,305698
41243,0.000396,74.125.24.0-255,331,44857,10,305698
41244,0.000862,74.125.24.0-255,1484,46341,10,305698
41245,0.000866,172.31.36.0-255,66,46407,10,305698
41246,0.000872,74.125.24.0-255,2902,49309,10,305698
41247,0.000875,172.31.36.0-255,66,49375,10,305698
41248,0.000879,74.125.24.0-255,2902,52277,10,305698
41249,0.000881,172.31.36.0-255,66,52343,10,305698
41250,0.000896,74.125.24.0-255,2902,55245,10,305698
41251,0.000899,172.31.36.0-255,66,55311,10,305698
41252,0.000903,74.125.24.0-255,2902,58213,10,305698
41253,0.000905,172.31.36.0-255,66,58279,10,305698
41254,0.000944,172.31.36.0-255,66,58345,10,305698
41255,0.000951,74.125.24.0-255,7156,65501,10,305698
41256,0.000953,172.31.36.0-255,66,65567,10,305698
41257,0.000969,74.125.24.0-255,3602,69169,10,305698
41258,0.000972,172.31.36.0-255,66,69235,10,305698
41259,0.001069,74.125.24.0-255,1484,70719,10,305698
41260,0.001074,74.125.24.0-255,2902,73621,10,305698
41261,0.001077,172.31.36.0-255,66,73687,10,305698
41262,0.001102,74.125.24.0-255,5738,79425,10,305698
41263,0.001104,172.31.36.0-255,66,79491,10,305698
41264,0.00113,172.31.36.0-255,66,79557,10,305698
41265,0.001146,74.125.24.0-255,1484,81041,10,305698
41266,0.001178,172.31.36.0-255,66,81107,10,305698
41267,0.001263,74.125.24.0-255,1484,82591,10,305698
41268,0.001278,74.125.24.0-255,2902,85493,10,305698
41269,0.001282,172.31.36.0-255,66,85559,10,305698
41270,0.001287,74.125.24.0-255,2902,88461,10,305698
41271,0.001288,172.31.36.0-255,66,88527,10,305698
41272,0.001315,74.125.24.0-255,2902,91429,10,305698
41273,0.001317,172.31.36.0-255,66,91495,10,305698
41274,0.001332,172.31.36.0-255,66,91561,10,305698
41275,0.001344,172.31.36.0-255,66,91627,10,305698
41276,0.001394,74.125.24.0-255,1484,93111,10,305698
41277,0.001399,74.125.24.0-255,2902,96013,10,305698
41278,0.001401,172.31.36.0-255,66,96079,10,305698
41279,0.00142,74.125.24.0-255,2902,98981,10,305698
41280,0.001422,172.31.36.0-255,66,99047,10,305698
41281,0.00144,74.125.24.0-255,2902,101949,10,305698
41282,0.001444,74.125.24.0-255,2902,104851,10,305698
41283,0.001455,172.31.36.0-255,66,104917,10,305698
41284,0.001458,172.31.36.0-255,66,104983,10,305698
41285,0.00146,172.31.36.0-255,66,105049,10,305698
41286,0.001491,172.31.36.0-255,66,105115,10,305698
41287,0.001619,74.125.24.0-255,1484,106599,10,305698
41288,0.00164,74.125.24.0-255,2902,109501,10,305698
41289,0.001643,172.31.36.0-255,66,109567,10,305698
41290,0.001651,74.125.24.0-255,5738,115305,10,305698
41291,0.001653,172.31.36.0-255,66,115371,10,305698
41292,0.001694,172.31.36.0-255,66,115437,10,305698
41293,0.001725,74.125.24.0-255,5738,121175,10,305698
41294,0.001727,172.31.36.0-255,66,121241,10,305698
41295,0.001745,74.125.24.0-255,5738,126979,10,305698
41296,0.001747,172.31.36.0-255,66,127045,10,305698
41297,0.001752,74.125.24.0-255,2184,129229,10,305698
41298,0.001754,172.31.36.0-255,66,129295,10,305698
41299,0.001791,74.125.24.0-255,1484,130779,10,305698
41300,0.001796,74.125.24.0-255,2902,133681,10,305698
41301,0.001798,172.31.36.0-255,66,133747,10,305698
41302,0.00182,74.125.24.0-255,5738,139485,10,305698
41303,0.001823,172.31.36.0-255,66,139551,10,305698
41304,0.001829,74.125.24.0-255,4320,143871,10,305698
41305,0.001831,172.31.36.0-255,66,143937,10,305698
41306,0.001842,74.125.24.0-255,5738,149675,10,305698
41307,0.001845,172.31.36.0-255,66,149741,10,305698
41308,0.001877,172.31.36.0-255,66,149807,10,305698
41309,0.001882,74.125.24.0-255,2184,151991,10,305698
41310,0.001884,172.31.36.0-255,66,152057,10,305698
41311,0.004162,74.125.24.0-255,5738,157795,10,305698
41312,0.004169,172.31.36.0-255,66,157861,10,305698
41313,0.006455,74.125.24.0-255,5738,163599,10,305698
41314,0.006466,172.31.36.0-255,66,163665,10,305698
41315,0.00875,74.125.24.0-255,5738,169403,10,305698
41316,0.008755,172.31.36.0-255,66,169469,10,305698
41317,0.01106,74.125.24.0-255,5738,175207,10,305698
41318,0.011069,172.31.36.0-255,66,175273,10,305698
41319,0.013426,74.125.24.0-255,5738,181011,10,305698
41320,0.013434,172.31.36.0-255,66,181077,10,305698
41321,0.015752,74.125.24.0-255,5738,186815,10,305698
41322,0.015762,172.31.36.0-255,66,186881,10,305698
41323,0.018051,74.125.24.0-255,5738,192619,10,305698
41324,0.018058,172.31.36.0-255,66,192685,10,305698
41325,0.020361,74.125.24.0-255,5738,198423,10,305698
41326,0.020369,172.31.36.0-255,66,198489,10,305698
41327,0.022682,74.125.24.0-255,5738,204227,10,305698
41328,0.022688,172.31.36.0-255,66,204293,10,305698
41329,0.025009,74.125.24.0-255,5738,210031,10,305698
41330,0.025016,172.31.36.0-255,66,210097,10,305698
41331,0.027327,74.125.24.0-255,5738,215835,10,305698
41332,0.027335,172.31.36.0-255,66,215901,10,305698
41333,0.029622,74.125.24.0-255,5738,221639,10,305698
41334,0.02963,172.31.36.0-255,66,221705,10,305698
41335,0.031404,172.31.36.0-255,172,221877,10,305698
41336,0.031436,172.31.36.0-255,1111,222988,10,305698
41337,0.031498,172.31.36.0-255,1514,224502,10,305698
41338,0.03152,172.31.36.0-255,1292,225794,10,305698
41339,0.031915,74.125.24.0-255,5738,231532,10,305698
41340,0.031922,172.31.36.0-255,66,231598,10,305698
41341,0.032979,104.244.42.0-255,66,231664,10,305698
41342,0.033034,104.244.42.0-255,66,231730,10,305698
41343,0.033053,104.244.42.0-255,66,231796,10,305698
41344,0.03427,74.125.24.0-255,5738,237534,10,305698
41345,0.034277,172.31.36.0-255,66,237600,10,305698
41346,0.036591,74.125.24.0-255,5738,243338,10,305698
41347,0.036598,172.31.36.0-255,66,243404,10,305698
41348,0.038918,74.125.24.0-255,5738,249142,10,305698
41349,0.038926,172.31.36.0-255,66,249208,10,305698
41350,0.04126,74.125.24.0-255,5738,254946,10,305698
41351,0.041267,172.31.36.0-255,66,255012,10,305698
41352,0.043591,74.125.24.0-255,5738,260750,10,305698
41353,0.043606,172.31.36.0-255,66,260816,10,305698
41354,0.04591,74.125.24.0-255,5738,266554,10,305698
41355,0.045918,172.31.36.0-255,66,266620,10,305698
41356,0.048237,74.125.24.0-255,5738,272358,10,305698
41357,0.048244,172.31.36.0-255,66,272424,10,305698
41358,0.050691,74.125.24.0-255,5738,278162,10,305698
41359,0.050701,172.31.36.0-255,66,278228,10,305698
41360,0.053037,74.125.24.0-255,5738,283966,10,305698
41361,0.053046,172.31.36.0-255,66,284032,10,305698
41362,0.05537,74.125.24.0-255,5738,289770,10,305698
41363,0.055377,172.31.36.0-255,66,289836,10,305698
41364,0.057705,74.125.24.0-255,5738,295574,10,305698
41365,0.057714,172.31.36.0-255,66,295640,10,305698
41366,0.060034,74.125.24.0-255,5738,301378,10,305698
41367,0.060043,172.31.36.0-255,66,301444,10,305698
41368,0.062366,74.125.24.0-255,4017,305461,10,305698
41369,0.062376,172.31.36.0-255,66,305527,10,305698
41370,0.062582,172.31.36.0-255,105,305632,10,305698
41371,0.064854,74.125.24.0-255,66,305698,10,305698
41372,0.0,74.125.24.0-255,153,153,10,208244
41373,2.4e-05,172.31.36.0-255,66,219,10,208244
41374,3.1e-05,74.125.24.0-255,1484,1703,10,208244
41375,3.6e-05,172.31.36.0-255,66,1769,10,208244
41376,4.2e-05,74.125.24.0-255,2902,4671,10,208244
41377,4.5e-05,172.31.36.0-255,66,4737,10,208244
41378,5.3e-05,74.125.24.0-255,7156,11893,10,208244
41379,5.7e-05,172.31.36.0-255,66,11959,10,208244
41380,8.3e-05,74.125.24.0-255,2104,14063,10,208244
41381,8.6e-05,172.31.36.0-255,66,14129,10,208244
41382,9.2e-05,74.125.24.0-255,2902,17031,10,208244
41383,9.5e-05,172.31.36.0-255,66,17097,10,208244
41384,0.0001,74.125.24.0-255,4320,21417,10,208244
41385,0.000103,172.31.36.0-255,66,21483,10,208244
41386,0.000118,74.125.24.0-255,2902,24385,10,208244
41387,0.00012,172.31.36.0-255,66,24451,10,208244
41388,0.000138,74.125.24.0-255,4320,28771,10,208244
41389,0.000142,172.31.36.0-255,66,28837,10,208244
41390,0.000163,74.125.24.0-255,2543,31380,10,208244
41391,0.000166,172.31.36.0-255,66,31446,10,208244
41392,0.000322,74.125.24.0-255,1484,32930,10,208244
41393,0.000328,172.31.36.0-255,66,32996,10,208244
41394,0.000353,74.125.24.0-255,2902,35898,10,208244
41395,0.000356,172.31.36.0-255,66,35964,10,208244
41396,0.000362,74.125.24.0-255,5738,41702,10,208244
41397,0.000365,172.31.36.0-255,66,41768,10,208244
41398,0.000368,74.125.24.0-255,1484,43252,10,208244
41399,0.000371,172.31.36.0-255,66,43318,10,208244
41400,0.000399,74.125.24.0-255,5379,48697,10,208244
41401,0.000402,172.31.36.0-255,66,48763,10,208244
41402,0.000413,172.31.36.0-255,66,48829,10,208244
41403,0.000434,74.125.24.0-255,2902,51731,10,208244
41404,0.000436,172.31.36.0-255,66,51797,10,208244
41405,0.000441,74.125.24.0-255,2817,54614,10,208244
41406,0.000443,172.31.36.0-255,66,54680,10,208244
41407,0.000487,74.125.24.0-255,381,55061,10,208244
41408,0.000639,74.125.24.0-255,1484,56545,10,208244
41409,0.000645,172.31.36.0-255,66,56611,10,208244
41410,0.000651,74.125.24.0-255,2902,59513,10,208244
41411,0.000654,172.31.36.0-255,66,59579,10,208244
41412,0.000661,74.125.24.0-255,5738,65317,10,208244
41413,0.000663,172.31.36.0-255,66,65383,10,208244
41414,0.000694,74.125.24.0-255,6797,72180,10,208244
41415,0.000696,172.31.36.0-255,66,72246,10,208244
41416,0.000703,74.125.24.0-255,7156,79402,10,208244
41417,0.000705,172.31.36.0-255,66,79468,10,208244
41418,0.000728,74.125.24.0-255,2902,82370,10,208244
41419,0.00073,172.31.36.0-255,66,82436,10,208244
41420,0.000754,74.125.24.0-255,6797,89233,10,208244
41421,0.000757,172.31.36.0-255,66,89299,10,208244
41422,0.000858,74.125.24.0-255,1484,90783,10,208244
41423,0.000865,74.125.24.0-255,2902,93685,10,208244
41424,0.000868,172.31.36.0-255,66,93751,10,208244
41425,0.000872,74.125.24.0-255,2902,96653,10,208244
41426,0.000874,172.31.36.0-255,66,96719,10,208244
41427,0.000889,74.125.24.0-255,2902,99621,10,208244
41428,0.000891,172.31.36.0-255,66,99687,10,208244
41429,0.000894,74.125.24.0-255,1484,101171,10,208244
41430,0.000931,172.31.36.0-255,66,101237,10,208244
41431,0.000943,172.31.36.0-255,66,101303,10,208244
41432,0.000957,74.125.24.0-255,589,101892,10,208244
41433,0.001028,74.125.24.0-255,1484,103376,10,208244
41434,0.001031,172.31.36.0-255,66,103442,10,208244
41435,0.001036,74.125.24.0-255,2902,106344,10,208244
41436,0.001038,172.31.36.0-255,66,106410,10,208244
41437,0.001044,74.125.24.0-255,4320,110730,10,208244
41438,0.001047,172.31.36.0-255,66,110796,10,208244
41439,0.001061,74.125.24.0-255,1484,112280,10,208244
41440,0.001066,74.125.24.0-255,4320,116600,10,208244
41441,0.001069,172.31.36.0-255,66,116666,10,208244
41442,0.001102,172.31.36.0-255,66,116732,10,208244
41443,0.001105,74.125.24.0-255,1484,118216,10,208244
41444,0.001145,172.31.36.0-255,66,118282,10,208244
41445,0.001168,74.125.24.0-255,5738,124020,10,208244
41446,0.001172,172.31.36.0-255,66,124086,10,208244
41447,0.001186,74.125.24.0-255,4320,128406,10,208244
41448,0.001188,172.31.36.0-255,66,128472,10,208244
41449,0.001196,74.125.24.0-255,7156,135628,10,208244
41450,0.001198,172.31.36.0-255,66,135694,10,208244
41451,0.00122,74.125.24.0-255,1484,137178,10,208244
41452,0.001245,172.31.36.0-255,66,137244,10,208244
41453,0.001274,172.31.36.0-255,66,137310,10,208244
41454,0.001288,172.31.36.0-255,66,137376,10,208244
41455,0.001326,172.31.36.0-255,66,137442,10,208244
41456,0.001369,172.31.36.0-255,66,137508,10,208244
41457,0.001687,74.125.24.0-255,1484,138992,10,208244
41458,0.0017,74.125.24.0-255,2902,141894,10,208244
41459,0.001704,172.31.36.0-255,66,141960,10,208244
41460,0.001711,74.125.24.0-255,4320,146280,10,208244
41461,0.001713,172.31.36.0-255,66,146346,10,208244
41462,0.001737,74.125.24.0-255,1484,147830,10,208244
41463,0.001752,172.31.36.0-255,66,147896,10,208244
41464,0.001765,172.31.36.0-255,66,147962,10,208244
41465,0.001982,74.125.24.0-255,1484,149446,10,208244
41466,0.001998,74.125.24.0-255,2902,152348,10,208244
41467,0.002002,172.31.36.0-255,66,152414,10,208244
41468,0.002009,74.125.24.0-255,5738,158152,10,208244
41469,0.002011,172.31.36.0-255,66,158218,10,208244
41470,0.002041,74.125.24.0-255,5738,163956,10,208244
41471,0.002044,172.31.36.0-255,66,164022,10,208244
41472,0.002062,74.125.24.0-255,5738,169760,10,208244
41473,0.002065,172.31.36.0-255,66,169826,10,208244
41474,0.002079,172.31.36.0-255,66,169892,10,208244
41475,0.002132,74.125.24.0-255,1484,171376,10,208244
41476,0.002138,74.125.24.0-255,2902,174278,10,208244
41477,0.002141,172.31.36.0-255,66,174344,10,208244
41478,0.002148,74.125.24.0-255,5738,180082,10,208244
41479,0.00215,172.31.36.0-255,66,180148,10,208244
41480,0.002177,172.31.36.0-255,66,180214,10,208244
41481,0.002201,74.125.24.0-255,4320,184534,10,208244
41482,0.002203,172.31.36.0-255,66,184600,10,208244
41483,0.002217,172.31.36.0-255,66,184666,10,208244
41484,0.002252,172.31.36.0-255,66,184732,10,208244
41485,0.002291,172.31.36.0-255,66,184798,10,208244
41486,0.002298,74.125.24.0-255,5738,190536,10,208244
41487,0.0023,172.31.36.0-255,66,190602,10,208244
41488,0.00233,172.31.36.0-255,66,190668,10,208244
41489,0.002337,74.125.24.0-255,5738,196406,10,208244
41490,0.002339,172.31.36.0-255,66,196472,10,208244
41491,0.002367,74.125.24.0-255,7080,203552,10,208244
41492,0.002369,172.31.36.0-255,66,203618,10,208244
41493,0.004711,74.125.24.0-255,105,203723,10,208244
41494,0.010346,172.31.36.0-255,66,203789,10,208244
41495,0.010387,172.31.36.0-255,105,203894,10,208244
41496,0.012709,74.125.24.0-255,66,203960,10,208244
41497,0.037425,172.31.36.0-255,167,204127,10,208244
41498,0.037458,172.31.36.0-255,1112,205239,10,208244
41499,0.037517,172.31.36.0-255,1514,206753,10,208244
41500,0.037519,172.31.36.0-255,1293,208046,10,208244
41501,0.038963,104.244.42.0-255,66,208112,10,208244
41502,0.039018,104.244.42.0-255,66,208178,10,208244
41503,0.039046,104.244.42.0-255,66,208244,10,208244
41504,0.0,172.31.36.0-255,66,66,10,66
41505,0.0,35.155.241.0-255,117,117,10,488
41506,0.010306,35.155.241.0-255,305,422,10,488
41507,0.010359,172.31.36.0-255,66,488,10,488
41508,0.0,74.125.24.0-255,153,153,10,255322
41509,2.1e-05,172.31.36.0-255,66,219,10,255322
41510,2.7e-05,74.125.24.0-255,1484,1703,10,255322
41511,3.3e-05,172.31.36.0-255,66,1769,10,255322
41512,3.9e-05,74.125.24.0-255,2902,4671,10,255322
41513,5.6e-05,172.31.36.0-255,66,4737,10,255322
41514,6.4e-05,74.125.24.0-255,7156,11893,10,255322
41515,6.8e-05,172.31.36.0-255,66,11959,10,255322
41516,7.3e-05,74.125.24.0-255,2047,14006,10,255322
41517,7.6e-05,172.31.36.0-255,66,14072,10,255322
41518,8.9e-05,172.31.36.0-255,66,14138,10,255322
41519,9.6e-05,74.125.24.0-255,5379,19517,10,255322
41520,0.0001,172.31.36.0-255,66,19583,10,255322
41521,0.000212,74.125.24.0-255,1484,21067,10,255322
41522,0.000217,172.31.36.0-255,66,21133,10,255322
41523,0.000222,74.125.24.0-255,2902,24035,10,255322
41524,0.000225,172.31.36.0-255,66,24101,10,255322
41525,0.000232,74.125.24.0-255,5738,29839,10,255322
41526,0.000235,172.31.36.0-255,66,29905,10,255322
41527,0.00024,74.125.24.0-255,4320,34225,10,255322
41528,0.000242,172.31.36.0-255,66,34291,10,255322
41529,0.000266,74.125.24.0-255,1484,35775,10,255322
41530,0.000268,172.31.36.0-255,66,35841,10,255322
41531,0.000301,172.31.36.0-255,66,35907,10,255322
41532,0.000309,74.125.24.0-255,7071,42978,10,255322
41533,0.000312,172.31.36.0-255,66,43044,10,255322
41534,0.000314,74.125.24.0-255,135,43179,10,255322
41535,0.000316,172.31.36.0-255,66,43245,10,255322
41536,0.000379,74.125.24.0-255,1484,44729,10,255322
41537,0.000382,172.31.36.0-255,66,44795,10,255322
41538,0.000388,74.125.24.0-255,2902,47697,10,255322
41539,0.000393,74.125.24.0-255,2902,50599,10,255322
41540,0.000419,74.125.24.0-255,7156,57755,10,255322
41541,0.000442,74.125.24.0-255,2821,60576,10,255322
41542,0.000457,74.125.24.0-255,2902,63478,10,255322
41543,0.000474,74.125.24.0-255,7156,70634,10,255322
41544,0.00052,74.125.24.0-255,4320,74954,10,255322
41545,0.000534,74.125.24.0-255,2543,77497,10,255322
41546,0.000566,172.31.36.0-255,66,77563,10,255322
41547,0.000889,74.125.24.0-255,1484,79047,10,255322
41548,0.000896,74.125.24.0-255,2902,81949,10,255322
41549,0.0009,172.31.36.0-255,66,82015,10,255322
41550,0.000904,74.125.24.0-255,1484,83499,10,255322
41551,0.000922,74.125.24.0-255,4320,87819,10,255322
41552,0.000929,172.31.36.0-255,66,87885,10,255322
41553,0.000953,74.125.24.0-255,4320,92205,10,255322
41554,0.000978,74.125.24.0-255,6438,98643,10,255322
41555,0.000983,172.31.36.0-255,66,98709,10,255322
41556,0.001,74.125.24.0-255,1484,100193,10,255322
41557,0.001005,74.125.24.0-255,2902,103095,10,255322
41558,0.001009,74.125.24.0-255,1484,104579,10,255322
41559,0.001022,74.125.24.0-255,4320,108899,10,255322
41560,0.001027,172.31.36.0-255,66,108965,10,255322
41561,0.001041,74.125.24.0-255,5738,114703,10,255322
41562,0.001059,74.125.24.0-255,7156,121859,10,255322
41563,0.001067,74.125.24.0-255,7156,129015,10,255322
41564,0.001076,172.31.36.0-255,66,129081,10,255322
41565,0.001102,74.125.24.0-255,3602,132683,10,255322
41566,0.00111,172.31.36.0-255,66,132749,10,255322
41567,0.001144,74.125.24.0-255,4320,137069,10,255322
41568,0.001149,74.125.24.0-255,2902,139971,10,255322
41569,0.001166,74.125.24.0-255,4320,144291,10,255322
41570,0.001183,74.125.24.0-255,4320,148611,10,255322
41571,0.00119,172.31.36.0-255,66,148677,10,255322
41572,0.001219,74.125.24.0-255,4320,152997,10,255322
41573,0.001234,172.31.36.0-255,66,153063,10,255322
41574,0.001268,74.125.24.0-255,4320,157383,10,255322
41575,0.001281,74.125.24.0-255,4320,161703,10,255322
41576,0.001286,74.125.24.0-255,4320,166023,10,255322
41577,0.001293,172.31.36.0-255,66,166089,10,255322
41578,0.001308,74.125.24.0-255,5738,171827,10,255322
41579,0.001324,74.125.24.0-255,5738,177565,10,255322
41580,0.001334,172.31.36.0-255,66,177631,10,255322
41581,0.001377,74.125.24.0-255,2902,180533,10,255322
41582,0.001395,172.31.36.0-255,66,180599,10,255322
41583,0.001419,74.125.24.0-255,6438,187037,10,255322
41584,0.001428,172.31.36.0-255,66,187103,10,255322
41585,0.001458,74.125.24.0-255,4320,191423,10,255322
41586,0.001463,74.125.24.0-255,2902,194325,10,255322
41587,0.001471,172.31.36.0-255,66,194391,10,255322
41588,0.00148,74.125.24.0-255,2902,197293,10,255322
41589,0.00152,74.125.24.0-255,7156,204449,10,255322
41590,0.001524,172.31.36.0-255,66,204515,10,255322
41591,0.001539,74.125.24.0-255,4320,208835,10,255322
41592,0.001575,172.31.36.0-255,66,208901,10,255322
41593,0.001604,74.125.24.0-255,1484,210385,10,255322
41594,0.001609,74.125.24.0-255,2902,213287,10,255322
41595,0.00162,172.31.36.0-255,66,213353,10,255322
41596,0.001636,74.125.24.0-255,5738,219091,10,255322
41597,0.001649,74.125.24.0-255,2902,221993,10,255322
41598,0.001689,172.31.36.0-255,66,222059,10,255322
41599,0.001707,74.125.24.0-255,2184,224243,10,255322
41600,0.001726,172.31.36.0-255,66,224309,10,255322
41601,0.001744,74.125.24.0-255,1484,225793,10,255322
41602,0.00176,74.125.24.0-255,1484,227277,10,255322
41603,0.001777,172.31.36.0-255,66,227343,10,255322
41604,0.001784,74.125.24.0-255,4320,231663,10,255322
41605,0.001788,74.125.24.0-255,2902,234565,10,255322
41606,0.001795,172.31.36.0-255,66,234631,10,255322
41607,0.001808,74.125.24.0-255,5738,240369,10,255322
41608,0.001811,74.125.24.0-255,1484,241853,10,255322
41609,0.001825,172.31.36.0-255,66,241919,10,255322
41610,0.001853,74.125.24.0-255,4320,246239,10,255322
41611,0.001912,172.31.36.0-255,66,246305,10,255322
41612,0.001923,74.125.24.0-255,2902,249207,10,255322
41613,0.001935,74.125.24.0-255,1484,250691,10,255322
41614,0.001962,74.125.24.0-255,105,250796,10,255322
41615,0.001971,172.31.36.0-255,66,250862,10,255322
41616,0.010415,172.31.36.0-255,105,250967,10,255322
41617,0.012639,74.125.24.0-255,66,251033,10,255322
41618,0.044144,172.31.36.0-255,172,251205,10,255322
41619,0.044194,172.31.36.0-255,1114,252319,10,255322
41620,0.044263,172.31.36.0-255,1514,253833,10,255322
41621,0.044264,172.31.36.0-255,1291,255124,10,255322
41622,0.045657,104.244.42.0-255,66,255190,10,255322
41623,0.045689,104.244.42.0-255,66,255256,10,255322
41624,0.045767,104.244.42.0-255,66,255322,10,255322
41625,0.0,74.125.200.0-255,145,145,10,366864
41626,3.3e-05,172.31.36.0-255,66,211,10,366864
41627,4.1e-05,74.125.200.0-255,1484,1695,10,366864
41628,4.4e-05,172.31.36.0-255,66,1761,10,366864
41629,4.8e-05,74.125.200.0-255,1484,3245,10,366864
41630,5e-05,172.31.36.0-255,66,3311,10,366864
41631,5.5e-05,74.125.200.0-255,2902,6213,10,366864
41632,5.8e-05,172.31.36.0-255,66,6279,10,366864
41633,6.4e-05,74.125.200.0-255,4320,10599,10,366864
41634,6.6e-05,172.31.36.0-255,66,10665,10,366864
41635,8.5e-05,74.125.200.0-255,1484,12149,10,366864
41636,8.7e-05,172.31.36.0-255,66,12215,10,366864
41637,0.000102,74.125.200.0-255,2003,14218,10,366864
41638,0.000104,172.31.36.0-255,66,14284,10,366864
41639,0.000135,74.125.200.0-255,2902,17186,10,366864
41640,0.000137,172.31.36.0-255,66,17252,10,366864
41641,0.000177,74.125.200.0-255,4320,21572,10,366864
41642,0.000181,172.31.36.0-255,66,21638,10,366864
41643,0.000185,74.125.200.0-255,1484,23122,10,366864
41644,0.000186,172.31.36.0-255,66,23188,10,366864
41645,0.000206,74.125.200.0-255,5738,28926,10,366864
41646,0.000209,172.31.36.0-255,66,28992,10,366864
41647,0.00023,74.125.200.0-255,2543,31535,10,366864
41648,0.000233,172.31.36.0-255,66,31601,10,366864
41649,0.000296,74.125.200.0-255,1484,33085,10,366864
41650,0.0003,172.31.36.0-255,66,33151,10,366864
41651,0.000305,74.125.200.0-255,2902,36053,10,366864
41652,0.000311,172.31.36.0-255,66,36119,10,366864
41653,0.000331,74.125.200.0-255,5738,41857,10,366864
41654,0.000335,172.31.36.0-255,66,41923,10,366864
41655,0.00034,74.125.200.0-255,2902,44825,10,366864
41656,0.000342,172.31.36.0-255,66,44891,10,366864
41657,0.000359,74.125.200.0-255,2902,47793,10,366864
41658,0.000363,172.31.36.0-255,66,47859,10,366864
41659,0.00037,74.125.200.0-255,6797,54656,10,366864
41660,0.000372,172.31.36.0-255,66,54722,10,366864
41661,0.000385,74.125.200.0-255,1484,56206,10,366864
41662,0.00041,172.31.36.0-255,66,56272,10,366864
41663,0.000447,74.125.200.0-255,1482,57754,10,366864
41664,0.000473,74.125.200.0-255,330,58084,10,366864
41665,0.000476,172.31.36.0-255,66,58150,10,366864
41666,0.000764,74.125.200.0-255,1484,59634,10,366864
41667,0.000787,74.125.200.0-255,2902,62536,10,366864
41668,0.000789,74.125.200.0-255,1484,64020,10,366864
41669,0.000791,172.31.36.0-255,66,64086,10,366864
41670,0.000809,74.125.200.0-255,4320,68406,10,366864
41671,0.000812,172.31.36.0-255,66,68472,10,366864
41672,0.000836,74.125.200.0-255,7156,75628,10,366864
41673,0.000839,172.31.36.0-255,66,75694,10,366864
41674,0.000842,74.125.200.0-255,1484,77178,10,366864
41675,0.000866,74.125.200.0-255,4320,81498,10,366864
41676,0.000869,172.31.36.0-255,66,81564,10,366864
41677,0.000874,74.125.200.0-255,2902,84466,10,366864
41678,0.000876,172.31.36.0-255,66,84532,10,366864
41679,0.000891,74.125.200.0-255,4320,88852,10,366864
41680,0.000893,172.31.36.0-255,66,88918,10,366864
41681,0.000913,74.125.200.0-255,3602,92520,10,366864
41682,0.000916,172.31.36.0-255,66,92586,10,366864
41683,0.001193,74.125.200.0-255,1484,94070,10,366864
41684,0.0012,74.125.200.0-255,1484,95554,10,366864
41685,0.001204,172.31.36.0-255,66,95620,10,366864
41686,0.001221,74.125.200.0-255,1484,97104,10,366864
41687,0.001226,74.125.200.0-255,4320,101424,10,366864
41688,0.001229,172.31.36.0-255,66,101490,10,366864
41689,0.001244,74.125.200.0-255,1484,102974,10,366864
41690,0.001273,172.31.36.0-255,66,103040,10,366864
41691,0.001292,74.125.200.0-255,2902,105942,10,366864
41692,0.001295,172.31.36.0-255,66,106008,10,366864
41693,0.00131,74.125.200.0-255,2902,108910,10,366864
41694,0.001313,172.31.36.0-255,66,108976,10,366864
41695,0.001345,172.31.36.0-255,66,109042,10,366864
41696,0.001415,74.125.200.0-255,1484,110526,10,366864
41697,0.001434,74.125.200.0-255,2902,113428,10,366864
41698,0.001438,172.31.36.0-255,66,113494,10,366864
41699,0.001443,74.125.200.0-255,2902,116396,10,366864
41700,0.001445,172.31.36.0-255,66,116462,10,366864
41701,0.001459,74.125.200.0-255,2902,119364,10,366864
41702,0.001461,172.31.36.0-255,66,119430,10,366864
41703,0.001468,74.125.200.0-255,5738,125168,10,366864
41704,0.00147,172.31.36.0-255,66,125234,10,366864
41705,0.001476,74.125.200.0-255,5738,130972,10,366864
41706,0.001478,172.31.36.0-255,66,131038,10,366864
41707,0.001492,74.125.200.0-255,1484,132522,10,366864
41708,0.001511,74.125.200.0-255,4320,136842,10,366864
41709,0.001513,172.31.36.0-255,66,136908,10,366864
41710,0.00153,74.125.200.0-255,6438,143346,10,366864
41711,0.001532,172.31.36.0-255,66,143412,10,366864
41712,0.001625,74.125.200.0-255,1484,144896,10,366864
41713,0.001642,74.125.200.0-255,2902,147798,10,366864
41714,0.001646,172.31.36.0-255,66,147864,10,366864
41715,0.00166,74.125.200.0-255,2902,150766,10,366864
41716,0.001663,172.31.36.0-255,66,150832,10,366864
41717,0.001685,74.125.200.0-255,4320,155152,10,366864
41718,0.001688,172.31.36.0-255,66,155218,10,366864
41719,0.001714,172.31.36.0-255,66,155284,10,366864
41720,0.001717,74.125.200.0-255,1484,156768,10,366864
41721,0.001735,74.125.200.0-255,1484,158252,10,366864
41722,0.001737,172.31.36.0-255,66,158318,10,366864
41723,0.001766,74.125.200.0-255,5738,164056,10,366864
41724,0.00177,172.31.36.0-255,66,164122,10,366864
41725,0.001798,172.31.36.0-255,66,164188,10,366864
41726,0.001809,172.31.36.0-255,66,164254,10,366864
41727,0.001838,74.125.200.0-255,4320,168574,10,366864
41728,0.001841,172.31.36.0-255,66,168640,10,366864
41729,0.001848,74.125.200.0-255,5738,174378,10,366864
41730,0.001851,172.31.36.0-255,66,174444,10,366864
41731,0.001857,74.125.200.0-255,7156,181600,10,366864
41732,0.00186,172.31.36.0-255,66,181666,10,366864
41733,0.001863,74.125.200.0-255,1484,183150,10,366864
41734,0.001887,74.125.200.0-255,2184,185334,10,366864
41735,0.001889,172.31.36.0-255,66,185400,10,366864
41736,0.001967,74.125.200.0-255,1484,186884,10,366864
41737,0.001979,74.125.200.0-255,2902,189786,10,366864
41738,0.001983,172.31.36.0-255,66,189852,10,366864
41739,0.002035,74.125.200.0-255,5738,195590,10,366864
41740,0.00204,172.31.36.0-255,66,195656,10,366864
41741,0.002042,74.125.200.0-255,1484,197140,10,366864
41742,0.002082,74.125.200.0-255,1484,198624,10,366864
41743,0.002084,172.31.36.0-255,66,198690,10,366864
41744,0.00211,74.125.200.0-255,7156,205846,10,366864
41745,0.002113,172.31.36.0-255,66,205912,10,366864
41746,0.002117,74.125.200.0-255,2902,208814,10,366864
41747,0.002119,172.31.36.0-255,66,208880,10,366864
41748,0.002121,74.125.200.0-255,1484,210364,10,366864
41749,0.00214,172.31.36.0-255,66,210430,10,366864
41750,0.002151,74.125.200.0-255,766,211196,10,366864
41751,0.002183,74.125.200.0-255,1484,212680,10,366864
41752,0.002186,172.31.36.0-255,66,212746,10,366864
41753,0.002199,74.125.200.0-255,2902,215648,10,366864
41754,0.002201,172.31.36.0-255,66,215714,10,366864
41755,0.002218,74.125.200.0-255,5738,221452,10,366864
41756,0.002221,172.31.36.0-255,66,221518,10,366864
41757,0.002225,74.125.200.0-255,2902,224420,10,366864
41758,0.002227,172.31.36.0-255,66,224486,10,366864
41759,0.00223,74.125.200.0-255,1484,225970,10,366864
41760,0.00225,74.125.200.0-255,2902,228872,10,366864
41761,0.002252,172.31.36.0-255,66,228938,10,366864
41762,0.002267,74.125.200.0-255,2902,231840,10,366864
41763,0.002269,172.31.36.0-255,66,231906,10,366864
41764,0.002297,74.125.200.0-255,5738,237644,10,366864
41765,0.002301,172.31.36.0-255,66,237710,10,366864
41766,0.002306,74.125.200.0-255,5738,243448,10,366864
41767,0.002308,172.31.36.0-255,66,243514,10,366864
41768,0.002311,74.125.200.0-255,1484,244998,10,366864
41769,0.002336,74.125.200.0-255,5020,250018,10,366864
41770,0.002339,172.31.36.0-255,66,250084,10,366864
41771,0.002341,74.125.200.0-255,1484,251568,10,366864
41772,0.002379,74.125.200.0-255,2902,254470,10,366864
41773,0.002382,172.31.36.0-255,66,254536,10,366864
41774,0.002408,74.125.200.0-255,7156,261692,10,366864
41775,0.002411,172.31.36.0-255,66,261758,10,366864
41776,0.002415,74.125.200.0-255,2902,264660,10,366864
41777,0.002417,172.31.36.0-255,66,264726,10,366864
41778,0.00479,74.125.200.0-255,5738,270464,10,366864
41779,0.004796,172.31.36.0-255,66,270530,10,366864
41780,0.00716,74.125.200.0-255,4320,274850,10,366864
41781,0.007166,172.31.36.0-255,66,274916,10,366864
41782,0.007183,74.125.200.0-255,1484,276400,10,366864
41783,0.00952,74.125.200.0-255,4320,280720,10,366864
41784,0.009527,172.31.36.0-255,66,280786,10,366864
41785,0.011889,74.125.200.0-255,5738,286524,10,366864
41786,0.011899,172.31.36.0-255,66,286590,10,366864
41787,0.014255,74.125.200.0-255,5738,292328,10,366864
41788,0.014264,172.31.36.0-255,66,292394,10,366864
41789,0.016628,74.125.200.0-255,5738,298132,10,366864
41790,0.01664,172.31.36.0-255,66,298198,10,366864
41791,0.019004,74.125.200.0-255,5738,303936,10,366864
41792,0.019016,172.31.36.0-255,66,304002,10,366864
41793,0.021377,74.125.200.0-255,5738,309740,10,366864
41794,0.021385,172.31.36.0-255,66,309806,10,366864
41795,0.023751,74.125.200.0-255,5738,315544,10,366864
41796,0.023759,172.31.36.0-255,66,315610,10,366864
41797,0.026153,74.125.200.0-255,5738,321348,10,366864
41798,0.026168,172.31.36.0-255,66,321414,10,366864
41799,0.028547,74.125.200.0-255,5738,327152,10,366864
41800,0.028558,172.31.36.0-255,66,327218,10,366864
41801,0.030908,74.125.200.0-255,5738,332956,10,366864
41802,0.030917,172.31.36.0-255,66,333022,10,366864
41803,0.031078,172.31.36.0-255,188,333210,10,366864
41804,0.031104,172.31.36.0-255,956,334166,10,366864
41805,0.03122,172.31.36.0-255,1514,335680,10,366864
41806,0.031222,172.31.36.0-255,1447,337127,10,366864
41807,0.032635,104.244.42.0-255,66,337193,10,366864
41808,0.032671,104.244.42.0-255,66,337259,10,366864
41809,0.032784,104.244.42.0-255,66,337325,10,366864
41810,0.033286,74.125.200.0-255,2902,340227,10,366864
41811,0.03329,172.31.36.0-255,66,340293,10,366864
41812,0.033326,74.125.200.0-255,2902,343195,10,366864
41813,0.03333,172.31.36.0-255,66,343261,10,366864
41814,0.033486,104.244.42.0-255,108,343369,10,366864
41815,0.033507,172.31.36.0-255,66,343435,10,366864
41816,0.035651,74.125.200.0-255,2902,346337,10,366864
41817,0.035657,172.31.36.0-255,66,346403,10,366864
41818,0.035696,74.125.200.0-255,2902,349305,10,366864
41819,0.035699,172.31.36.0-255,66,349371,10,366864
41820,0.038048,74.125.200.0-255,5738,355109,10,366864
41821,0.038055,172.31.36.0-255,66,355175,10,366864
41822,0.040402,74.125.200.0-255,5738,360913,10,366864
41823,0.040408,172.31.36.0-255,66,360979,10,366864
41824,0.042764,74.125.200.0-255,5057,366036,10,366864
41825,0.04277,172.31.36.0-255,66,366102,10,366864
41826,0.042946,172.31.36.0-255,105,366207,10,366864
41827,0.04297,172.31.36.0-255,105,366312,10,366864
41828,0.043199,172.31.36.0-255,90,366402,10,366864
41829,0.04321,172.31.36.0-255,66,366468,10,366864
41830,0.04526,74.125.200.0-255,66,366534,10,366864
41831,0.045276,74.125.200.0-255,66,366600,10,366864
41832,0.045499,74.125.200.0-255,66,366666,10,366864
41833,0.045525,74.125.200.0-255,66,366732,10,366864
41834,0.04553,172.31.36.0-255,66,366798,10,366864
41835,0.045533,74.125.200.0-255,66,366864,10,366864
41836,0.0,74.125.130.0-255,145,145,10,356990
41837,3e-05,172.31.36.0-255,66,211,10,356990
41838,3.5e-05,74.125.130.0-255,1484,1695,10,356990
41839,3.9e-05,172.31.36.0-255,66,1761,10,356990
41840,4.5e-05,74.125.130.0-255,2902,4663,10,356990
41841,4.8e-05,172.31.36.0-255,66,4729,10,356990
41842,8e-05,74.125.130.0-255,4320,9049,10,356990
41843,8.4e-05,172.31.36.0-255,66,9115,10,356990
41844,0.000108,74.125.130.0-255,7156,16271,10,356990
41845,0.00011,172.31.36.0-255,66,16337,10,356990
41846,0.000129,74.125.130.0-255,2037,18374,10,356990
41847,0.000132,172.31.36.0-255,66,18440,10,356990
41848,0.000135,74.125.130.0-255,1484,19924,10,356990
41849,0.000137,172.31.36.0-255,66,19990,10,356990
41850,0.000168,74.125.130.0-255,5738,25728,10,356990
41851,0.000173,172.31.36.0-255,66,25794,10,356990
41852,0.000194,74.125.130.0-255,5379,31173,10,356990
41853,0.000197,172.31.36.0-255,66,31239,10,356990
41854,0.000327,74.125.130.0-255,1484,32723,10,356990
41855,0.000331,172.31.36.0-255,66,32789,10,356990
41856,0.000335,74.125.130.0-255,1484,34273,10,356990
41857,0.000338,172.31.36.0-255,66,34339,10,356990
41858,0.000352,74.125.130.0-255,1484,35823,10,356990
41859,0.000354,172.31.36.0-255,66,35889,10,356990
41860,0.000359,74.125.130.0-255,2902,38791,10,356990
41861,0.000361,172.31.36.0-255,66,38857,10,356990
41862,0.000386,74.125.130.0-255,2902,41759,10,356990
41863,0.000389,172.31.36.0-255,66,41825,10,356990
41864,0.000396,74.125.130.0-255,5738,47563,10,356990
41865,0.000398,172.31.36.0-255,66,47629,10,356990
41866,0.000413,74.125.130.0-255,1125,48754,10,356990
41867,0.000415,172.31.36.0-255,66,48820,10,356990
41868,0.000433,74.125.130.0-255,4320,53140,10,356990
41869,0.000439,172.31.36.0-255,66,53206,10,356990
41870,0.000451,74.125.130.0-255,2902,56108,10,356990
41871,0.000453,172.31.36.0-255,66,56174,10,356990
41872,0.000464,172.31.36.0-255,66,56240,10,356990
41873,0.000467,74.125.130.0-255,1417,57657,10,356990
41874,0.000469,172.31.36.0-255,66,57723,10,356990
41875,0.000493,74.125.130.0-255,363,58086,10,356990
41876,0.000496,172.31.36.0-255,66,58152,10,356990
41877,0.000632,74.125.130.0-255,1484,59636,10,356990
41878,0.000636,172.31.36.0-255,66,59702,10,356990
41879,0.000642,74.125.130.0-255,2902,62604,10,356990
41880,0.000644,172.31.36.0-255,66,62670,10,356990
41881,0.000668,74.125.130.0-255,1484,64154,10,356990
41882,0.000671,172.31.36.0-255,66,64220,10,356990
41883,0.000676,74.125.130.0-255,2902,67122,10,356990
41884,0.000678,172.31.36.0-255,66,67188,10,356990
41885,0.000696,74.125.130.0-255,5738,72926,10,356990
41886,0.000699,172.31.36.0-255,66,72992,10,356990
41887,0.000719,74.125.130.0-255,4320,77312,10,356990
41888,0.000722,172.31.36.0-255,66,77378,10,356990
41889,0.000727,74.125.130.0-255,2902,80280,10,356990
41890,0.000737,172.31.36.0-255,66,80346,10,356990
41891,0.000743,74.125.130.0-255,2902,83248,10,356990
41892,0.000751,172.31.36.0-255,66,83314,10,356990
41893,0.000768,74.125.130.0-255,7156,90470,10,356990
41894,0.000779,172.31.36.0-255,66,90536,10,356990
41895,0.000781,74.125.130.0-255,2184,92720,10,356990
41896,0.000796,172.31.36.0-255,66,92786,10,356990
41897,0.000853,74.125.130.0-255,1484,94270,10,356990
41898,0.000856,74.125.130.0-255,1484,95754,10,356990
41899,0.000859,172.31.36.0-255,66,95820,10,356990
41900,0.000882,74.125.130.0-255,1484,97304,10,356990
41901,0.000888,74.125.130.0-255,5738,103042,10,356990
41902,0.000892,172.31.36.0-255,66,103108,10,356990
41903,0.000912,74.125.130.0-255,4320,107428,10,356990
41904,0.000916,172.31.36.0-255,66,107494,10,356990
41905,0.000949,172.31.36.0-255,66,107560,10,356990
41906,0.000973,74.125.130.0-255,7156,114716,10,356990
41907,0.000982,172.31.36.0-255,66,114782,10,356990
41908,0.000988,74.125.130.0-255,3053,117835,10,356990
41909,0.001001,172.31.36.0-255,66,117901,10,356990
41910,0.001235,74.125.130.0-255,1484,119385,10,356990
41911,0.001239,172.31.36.0-255,66,119451,10,356990
41912,0.001261,74.125.130.0-255,2902,122353,10,356990
41913,0.001264,172.31.36.0-255,66,122419,10,356990
41914,0.001269,74.125.130.0-255,2902,125321,10,356990
41915,0.001273,172.31.36.0-255,66,125387,10,356990
41916,0.001294,74.125.130.0-255,4320,129707,10,356990
41917,0.001321,172.31.36.0-255,66,129773,10,356990
41918,0.001322,74.125.130.0-255,2902,132675,10,356990
41919,0.001325,172.31.36.0-255,66,132741,10,356990
41920,0.001344,74.125.130.0-255,4320,137061,10,356990
41921,0.001349,172.31.36.0-255,66,137127,10,356990
41922,0.00138,74.125.130.0-255,1484,138611,10,356990
41923,0.001384,74.125.130.0-255,2902,141513,10,356990
41924,0.001384,172.31.36.0-255,66,141579,10,356990
41925,0.00139,172.31.36.0-255,66,141645,10,356990
41926,0.001423,74.125.130.0-255,2184,143829,10,356990
41927,0.001438,172.31.36.0-255,66,143895,10,356990
41928,0.001595,74.125.130.0-255,1484,145379,10,356990
41929,0.001599,172.31.36.0-255,66,145445,10,356990
41930,0.001618,74.125.130.0-255,1484,146929,10,356990
41931,0.00162,172.31.36.0-255,66,146995,10,356990
41932,0.001639,74.125.130.0-255,1484,148479,10,356990
41933,0.001642,172.31.36.0-255,66,148545,10,356990
41934,0.001648,74.125.130.0-255,2902,151447,10,356990
41935,0.001657,172.31.36.0-255,66,151513,10,356990
41936,0.001661,74.125.130.0-255,1484,152997,10,356990
41937,0.001664,74.125.130.0-255,1484,154481,10,356990
41938,0.001673,172.31.36.0-255,66,154547,10,356990
41939,0.00168,74.125.130.0-255,5738,160285,10,356990
41940,0.001686,172.31.36.0-255,66,160351,10,356990
41941,0.001695,74.125.130.0-255,1484,161835,10,356990
41942,0.001701,74.125.130.0-255,4320,166155,10,356990
41943,0.001707,74.125.130.0-255,5738,171893,10,356990
41944,0.001717,172.31.36.0-255,66,171959,10,356990
41945,0.001766,74.125.130.0-255,6438,178397,10,356990
41946,0.001773,74.125.130.0-255,7156,185553,10,356990
41947,0.001776,172.31.36.0-255,66,185619,10,356990
41948,0.001779,74.125.130.0-255,7156,192775,10,356990
41949,0.001782,172.31.36.0-255,66,192841,10,356990
41950,0.001795,172.31.36.0-255,66,192907,10,356990
41951,0.001809,172.31.36.0-255,66,192973,10,356990
41952,0.001847,172.31.36.0-255,66,193039,10,356990
41953,0.001855,74.125.130.0-255,766,193805,10,356990
41954,0.002037,74.125.130.0-255,1484,195289,10,356990
41955,0.002044,74.125.130.0-255,2902,198191,10,356990
41956,0.002076,74.125.130.0-255,5738,203929,10,356990
41957,0.002086,74.125.130.0-255,2902,206831,10,356990
41958,0.002126,74.125.130.0-255,2902,209733,10,356990
41959,0.002149,74.125.130.0-255,7156,216889,10,356990
41960,0.002176,74.125.130.0-255,5738,222627,10,356990
41961,0.002201,74.125.130.0-255,5020,227647,10,356990
41962,0.002326,74.125.130.0-255,1484,229131,10,356990
41963,0.002333,74.125.130.0-255,2902,232033,10,356990
41964,0.002364,74.125.130.0-255,5738,237771,10,356990
41965,0.002389,74.125.130.0-255,4320,242091,10,356990
41966,0.002405,74.125.130.0-255,5738,247829,10,356990
41967,0.002419,74.125.130.0-255,1484,249313,10,356990
41968,0.002451,74.125.130.0-255,2184,251497,10,356990
41969,0.002472,74.125.130.0-255,2902,254399,10,356990
41970,0.002491,74.125.130.0-255,7156,261555,10,356990
41971,0.002509,74.125.130.0-255,4320,265875,10,356990
41972,0.00253,74.125.130.0-255,4320,270195,10,356990
41973,0.00258,74.125.130.0-255,2184,272379,10,356990
41974,0.005949,172.31.36.0-255,66,272445,10,356990
41975,0.008533,74.125.130.0-255,5738,278183,10,356990
41976,0.008539,172.31.36.0-255,66,278249,10,356990
41977,0.0111,74.125.130.0-255,5738,283987,10,356990
41978,0.011108,172.31.36.0-255,66,284053,10,356990
41979,0.013678,74.125.130.0-255,5738,289791,10,356990
41980,0.013686,172.31.36.0-255,66,289857,10,356990
41981,0.016258,74.125.130.0-255,5738,295595,10,356990
41982,0.016267,172.31.36.0-255,66,295661,10,356990
41983,0.018835,74.125.130.0-255,5738,301399,10,356990
41984,0.018842,172.31.36.0-255,66,301465,10,356990
41985,0.021404,74.125.130.0-255,5738,307203,10,356990
41986,0.021411,172.31.36.0-255,66,307269,10,356990
41987,0.024004,74.125.130.0-255,5738,313007,10,356990
41988,0.024012,172.31.36.0-255,66,313073,10,356990
41989,0.026578,74.125.130.0-255,5738,318811,10,356990
41990,0.026585,172.31.36.0-255,66,318877,10,356990
41991,0.029144,74.125.130.0-255,5738,324615,10,356990
41992,0.029151,172.31.36.0-255,66,324681,10,356990
41993,0.031721,74.125.130.0-255,5738,330419,10,356990
41994,0.031727,172.31.36.0-255,66,330485,10,356990
41995,0.034303,74.125.130.0-255,5738,336223,10,356990
41996,0.03431,172.31.36.0-255,66,336289,10,356990
41997,0.034753,172.31.36.0-255,167,336456,10,356990
41998,0.034796,172.31.36.0-255,1113,337569,10,356990
41999,0.034867,172.31.36.0-255,1514,339083,10,356990
42000,0.034869,172.31.36.0-255,1292,340375,10,356990
42001,0.036237,104.244.42.0-255,66,340441,10,356990
42002,0.036285,104.244.42.0-255,66,340507,10,356990
42003,0.036377,104.244.42.0-255,66,340573,10,356990
42004,0.036872,74.125.130.0-255,5738,346311,10,356990
42005,0.036877,172.31.36.0-255,66,346377,10,356990
42006,0.036993,104.244.42.0-255,108,346485,10,356990
42007,0.036999,172.31.36.0-255,66,346551,10,356990
42008,0.039443,74.125.130.0-255,5738,352289,10,356990
42009,0.039451,172.31.36.0-255,66,352355,10,356990
42010,0.042017,74.125.130.0-255,4398,356753,10,356990
42011,0.042026,172.31.36.0-255,66,356819,10,356990
42012,0.042264,172.31.36.0-255,105,356924,10,356990
42013,0.044784,74.125.130.0-255,66,356990,10,356990
42014,0.0,172.217.194.0-255,152,152,10,290993
42015,2.3e-05,172.31.36.0-255,66,218,10,290993
42016,2.9e-05,172.217.194.0-255,1484,1702,10,290993
42017,3.2e-05,172.31.36.0-255,66,1768,10,290993
42018,3.8e-05,172.217.194.0-255,2902,4670,10,290993
42019,4.1e-05,172.31.36.0-255,66,4736,10,290993
42020,4.7e-05,172.217.194.0-255,7156,11892,10,290993
42021,5e-05,172.31.36.0-255,66,11958,10,290993
42022,7.6e-05,172.217.194.0-255,2048,14006,10,290993
42023,7.8e-05,172.31.36.0-255,66,14072,10,290993
42024,0.000109,172.217.194.0-255,2902,16974,10,290993
42025,0.000111,172.31.36.0-255,66,17040,10,290993
42026,0.000135,172.217.194.0-255,7156,24196,10,290993
42027,0.000137,172.31.36.0-255,66,24262,10,290993
42028,0.000139,172.217.194.0-255,1484,25746,10,290993
42029,0.000141,172.31.36.0-255,66,25812,10,290993
42030,0.000173,172.31.36.0-255,66,25878,10,290993
42031,0.000198,172.217.194.0-255,6797,32675,10,290993
42032,0.0002,172.31.36.0-255,66,32741,10,290993
42033,0.000207,172.217.194.0-255,6797,39538,10,290993
42034,0.000208,172.31.36.0-255,66,39604,10,290993
42035,0.000228,172.217.194.0-255,1484,41088,10,290993
42036,0.00023,172.31.36.0-255,66,41154,10,290993
42037,0.000253,172.31.36.0-255,66,41220,10,290993
42038,0.000274,172.217.194.0-255,3961,45181,10,290993
42039,0.000276,172.31.36.0-255,66,45247,10,290993
42040,0.000443,172.217.194.0-255,380,45627,10,290993
42041,0.000447,172.31.36.0-255,66,45693,10,290993
42042,0.000797,172.217.194.0-255,364,46057,10,290993
42043,0.000801,172.31.36.0-255,66,46123,10,290993
42044,0.001025,172.217.194.0-255,1484,47607,10,290993
42045,0.001034,172.217.194.0-255,2902,50509,10,290993
42046,0.001037,172.31.36.0-255,66,50575,10,290993
42047,0.001042,172.217.194.0-255,2902,53477,10,290993
42048,0.001044,172.31.36.0-255,66,53543,10,290993
42049,0.001057,172.217.194.0-255,2902,56445,10,290993
42050,0.001059,172.31.36.0-255,66,56511,10,290993
42051,0.001064,172.217.194.0-255,4320,60831,10,290993
42052,0.001065,172.31.36.0-255,66,60897,10,290993
42053,0.0011,172.31.36.0-255,66,60963,10,290993
42054,0.001132,172.31.36.0-255,66,61029,10,290993
42055,0.001153,172.217.194.0-255,766,61795,10,290993
42056,0.001646,172.217.194.0-255,1484,63279,10,290993
42057,0.001653,172.31.36.0-255,66,63345,10,290993
42058,0.001659,172.217.194.0-255,2902,66247,10,290993
42059,0.00166,172.31.36.0-255,66,66313,10,290993
42060,0.001666,172.217.194.0-255,5738,72051,10,290993
42061,0.001668,172.31.36.0-255,66,72117,10,290993
42062,0.001698,172.31.36.0-255,66,72183,10,290993
42063,0.001705,172.217.194.0-255,7156,79339,10,290993
42064,0.001706,172.31.36.0-255,66,79405,10,290993
42065,0.001724,172.217.194.0-255,3602,83007,10,290993
42066,0.001726,172.31.36.0-255,66,83073,10,290993
42067,0.002087,172.217.194.0-255,1484,84557,10,290993
42068,0.002094,172.217.194.0-255,2902,87459,10,290993
42069,0.002096,172.31.36.0-255,66,87525,10,290993
42070,0.002117,172.217.194.0-255,5738,93263,10,290993
42071,0.00212,172.31.36.0-255,66,93329,10,290993
42072,0.002127,172.217.194.0-255,5738,99067,10,290993
42073,0.002129,172.31.36.0-255,66,99133,10,290993
42074,0.002148,172.217.194.0-255,4320,103453,10,290993
42075,0.00215,172.31.36.0-255,66,103519,10,290993
42076,0.002186,172.31.36.0-255,66,103585,10,290993
42077,0.002204,172.217.194.0-255,2184,105769,10,290993
42078,0.002206,172.31.36.0-255,66,105835,10,290993
42079,0.00227,172.217.194.0-255,1484,107319,10,290993
42080,0.002274,172.217.194.0-255,1484,108803,10,290993
42081,0.002276,172.31.36.0-255,66,108869,10,290993
42082,0.002298,172.217.194.0-255,1484,110353,10,290993
42083,0.002304,172.217.194.0-255,5738,116091,10,290993
42084,0.002306,172.31.36.0-255,66,116157,10,290993
42085,0.002312,172.217.194.0-255,4320,120477,10,290993
42086,0.002315,172.31.36.0-255,66,120543,10,290993
42087,0.002348,172.31.36.0-255,66,120609,10,290993
42088,0.002358,172.217.194.0-255,1484,122093,10,290993
42089,0.002362,172.217.194.0-255,2902,124995,10,290993
42090,0.002365,172.31.36.0-255,66,125061,10,290993
42091,0.00239,172.217.194.0-255,5020,130081,10,290993
42092,0.002393,172.31.36.0-255,66,130147,10,290993
42093,0.002424,172.31.36.0-255,66,130213,10,290993
42094,0.002435,172.31.36.0-255,66,130279,10,290993
42095,0.002475,172.217.194.0-255,1484,131763,10,290993
42096,0.002517,172.31.36.0-255,66,131829,10,290993
42097,0.002521,172.217.194.0-255,2902,134731,10,290993
42098,0.002523,172.31.36.0-255,66,134797,10,290993
42099,0.00255,172.31.36.0-255,66,134863,10,290993
42100,0.002571,172.31.36.0-255,66,134929,10,290993
42101,0.002577,172.217.194.0-255,3602,138531,10,290993
42102,0.00258,172.31.36.0-255,66,138597,10,290993
42103,0.005072,172.217.194.0-255,5738,144335,10,290993
42104,0.005076,172.31.36.0-255,66,144401,10,290993
42105,0.007622,172.217.194.0-255,5738,150139,10,290993
42106,0.007628,172.31.36.0-255,66,150205,10,290993
42107,0.010149,172.217.194.0-255,5738,155943,10,290993
42108,0.010156,172.31.36.0-255,66,156009,10,290993
42109,0.012705,172.217.194.0-255,5738,161747,10,290993
42110,0.012718,172.31.36.0-255,66,161813,10,290993
42111,0.015259,172.217.194.0-255,5738,167551,10,290993
42112,0.01527,172.31.36.0-255,66,167617,10,290993
42113,0.017808,172.217.194.0-255,5738,173355,10,290993
42114,0.017817,172.31.36.0-255,66,173421,10,290993
42115,0.020342,172.217.194.0-255,5738,179159,10,290993
42116,0.02035,172.31.36.0-255,66,179225,10,290993
42117,0.022869,172.217.194.0-255,5738,184963,10,290993
42118,0.022876,172.31.36.0-255,66,185029,10,290993
42119,0.025406,172.217.194.0-255,5738,190767,10,290993
42120,0.025414,172.31.36.0-255,66,190833,10,290993
42121,0.02793,172.217.194.0-255,5738,196571,10,290993
42122,0.027938,172.31.36.0-255,66,196637,10,290993
42123,0.0299,172.31.36.0-255,167,196804,10,290993
42124,0.029931,172.31.36.0-255,1112,197916,10,290993
42125,0.029986,172.31.36.0-255,1514,199430,10,290993
42126,0.029988,172.31.36.0-255,1291,200721,10,290993
42127,0.030457,172.217.194.0-255,5738,206459,10,290993
42128,0.030464,172.31.36.0-255,66,206525,10,290993
42129,0.031438,104.244.42.0-255,66,206591,10,290993
42130,0.031478,104.244.42.0-255,66,206657,10,290993
42131,0.031531,104.244.42.0-255,66,206723,10,290993
42132,0.032791,104.244.42.0-255,108,206831,10,290993
42133,0.032801,172.31.36.0-255,66,206897,10,290993
42134,0.032991,172.217.194.0-255,5738,212635,10,290993
42135,0.032997,172.31.36.0-255,66,212701,10,290993
42136,0.035533,172.217.194.0-255,5738,218439,10,290993
42137,0.03554,172.31.36.0-255,66,218505,10,290993
42138,0.03807,172.217.194.0-255,5738,224243,10,290993
42139,0.038077,172.31.36.0-255,66,224309,10,290993
42140,0.040613,172.217.194.0-255,5738,230047,10,290993
42141,0.04062,172.31.36.0-255,66,230113,10,290993
42142,0.04317,172.217.194.0-255,5738,235851,10,290993
42143,0.043179,172.31.36.0-255,66,235917,10,290993
42144,0.04569,172.217.194.0-255,5738,241655,10,290993
42145,0.045697,172.31.36.0-255,66,241721,10,290993
42146,0.048224,172.217.194.0-255,5738,247459,10,290993
42147,0.048231,172.31.36.0-255,66,247525,10,290993
42148,0.050807,172.217.194.0-255,5738,253263,10,290993
42149,0.050819,172.31.36.0-255,66,253329,10,290993
42150,0.053346,172.217.194.0-255,5738,259067,10,290993
42151,0.053351,172.31.36.0-255,66,259133,10,290993
42152,0.055878,172.217.194.0-255,5738,264871,10,290993
42153,0.055884,172.31.36.0-255,66,264937,10,290993
42154,0.058416,172.217.194.0-255,5738,270675,10,290993
42155,0.058423,172.31.36.0-255,66,270741,10,290993
42156,0.060975,172.217.194.0-255,5738,276479,10,290993
42157,0.060981,172.31.36.0-255,66,276545,10,290993
42158,0.063519,172.217.194.0-255,5738,282283,10,290993
42159,0.063526,172.31.36.0-255,66,282349,10,290993
42160,0.06606,172.217.194.0-255,5738,288087,10,290993
42161,0.066067,172.31.36.0-255,66,288153,10,290993
42162,0.068601,172.217.194.0-255,2603,290756,10,290993
42163,0.068608,172.31.36.0-255,66,290822,10,290993
42164,0.068766,172.31.36.0-255,105,290927,10,290993
42165,0.071258,172.217.194.0-255,66,290993,10,290993
42166,0.0,172.217.24.0-255,153,153,10,386720
42167,3.1e-05,172.31.36.0-255,66,219,10,386720
42168,3.7e-05,172.217.24.0-255,1484,1703,10,386720
42169,4.1e-05,172.31.36.0-255,66,1769,10,386720
42170,4.6e-05,172.217.24.0-255,2902,4671,10,386720
42171,4.8e-05,172.31.36.0-255,66,4737,10,386720
42172,5.5e-05,172.217.24.0-255,7156,11893,10,386720
42173,5.8e-05,172.31.36.0-255,66,11959,10,386720
42174,9.4e-05,172.31.36.0-255,66,12025,10,386720
42175,0.000101,172.217.24.0-255,5738,17763,10,386720
42176,0.000104,172.31.36.0-255,66,17829,10,386720
42177,0.000119,172.217.24.0-255,5379,23208,10,386720
42178,0.000122,172.31.36.0-255,66,23274,10,386720
42179,0.000142,172.217.24.0-255,1484,24758,10,386720
42180,0.000145,172.31.36.0-255,66,24824,10,386720
42181,0.000164,172.217.24.0-255,2902,27726,10,386720
42182,0.000167,172.31.36.0-255,66,27792,10,386720
42183,0.000175,172.217.24.0-255,5738,33530,10,386720
42184,0.000177,172.31.36.0-255,66,33596,10,386720
42185,0.000205,172.217.24.0-255,6797,40393,10,386720
42186,0.000208,172.31.36.0-255,66,40459,10,386720
42187,0.000374,172.217.24.0-255,1484,41943,10,386720
42188,0.000378,172.31.36.0-255,66,42009,10,386720
42189,0.000385,172.217.24.0-255,2902,44911,10,386720
42190,0.000387,172.31.36.0-255,66,44977,10,386720
42191,0.000394,172.217.24.0-255,5738,50715,10,386720
42192,0.000396,172.217.24.0-255,1484,52199,10,386720
42193,0.000399,172.31.36.0-255,66,52265,10,386720
42194,0.000403,172.31.36.0-255,66,52331,10,386720
42195,0.000411,172.217.24.0-255,2902,55233,10,386720
42196,0.000414,172.31.36.0-255,66,55299,10,386720
42197,0.000461,172.217.24.0-255,2543,57842,10,386720
42198,0.000464,172.31.36.0-255,66,57908,10,386720
42199,0.00066,172.217.24.0-255,357,58265,10,386720
42200,0.0008,172.31.36.0-255,66,58331,10,386720
42201,0.00089,172.217.24.0-255,387,58718,10,386720
42202,0.001042,172.217.24.0-255,1484,60202,10,386720
42203,0.001047,172.31.36.0-255,66,60268,10,386720
42204,0.001053,172.217.24.0-255,2902,63170,10,386720
42205,0.001056,172.31.36.0-255,66,63236,10,386720
42206,0.00106,172.217.24.0-255,2902,66138,10,386720
42207,0.001063,172.31.36.0-255,66,66204,10,386720
42208,0.001069,172.217.24.0-255,4320,70524,10,386720
42209,0.001071,172.31.36.0-255,66,70590,10,386720
42210,0.001112,172.217.24.0-255,5379,75969,10,386720
42211,0.001117,172.31.36.0-255,66,76035,10,386720
42212,0.001124,172.217.24.0-255,5738,81773,10,386720
42213,0.001126,172.31.36.0-255,66,81839,10,386720
42214,0.001164,172.217.24.0-255,5738,87577,10,386720
42215,0.001167,172.31.36.0-255,66,87643,10,386720
42216,0.001188,172.217.24.0-255,5379,93022,10,386720
42217,0.00119,172.31.36.0-255,66,93088,10,386720
42218,0.001589,172.217.24.0-255,1484,94572,10,386720
42219,0.001596,172.217.24.0-255,2902,97474,10,386720
42220,0.001599,172.31.36.0-255,66,97540,10,386720
42221,0.001607,172.217.24.0-255,5738,103278,10,386720
42222,0.001609,172.31.36.0-255,66,103344,10,386720
42223,0.001613,172.217.24.0-255,4320,107664,10,386720
42224,0.001615,172.31.36.0-255,66,107730,10,386720
42225,0.001618,172.217.24.0-255,1484,109214,10,386720
42226,0.001632,172.217.24.0-255,4320,113534,10,386720
42227,0.001634,172.31.36.0-255,66,113600,10,386720
42228,0.001638,172.217.24.0-255,1484,115084,10,386720
42229,0.00167,172.31.36.0-255,66,115150,10,386720
42230,0.001673,172.217.24.0-255,2184,117334,10,386720
42231,0.001675,172.31.36.0-255,66,117400,10,386720
42232,0.001875,172.217.24.0-255,1484,118884,10,386720
42233,0.001878,172.217.24.0-255,1484,120368,10,386720
42234,0.00188,172.31.36.0-255,66,120434,10,386720
42235,0.001896,172.217.24.0-255,1484,121918,10,386720
42236,0.001902,172.217.24.0-255,5738,127656,10,386720
42237,0.001904,172.31.36.0-255,66,127722,10,386720
42238,0.001929,172.31.36.0-255,66,127788,10,386720
42239,0.001957,172.31.36.0-255,66,127854,10,386720
42240,0.001961,172.217.24.0-255,2184,130038,10,386720
42241,0.001963,172.31.36.0-255,66,130104,10,386720
42242,0.003883,172.217.24.0-255,5738,135842,10,386720
42243,0.003888,172.31.36.0-255,66,135908,10,386720
42244,0.005824,172.217.24.0-255,5738,141646,10,386720
42245,0.00583,172.31.36.0-255,66,141712,10,386720
42246,0.00776,172.217.24.0-255,5738,147450,10,386720
42247,0.007767,172.31.36.0-255,66,147516,10,386720
42248,0.00972,172.217.24.0-255,5738,153254,10,386720
42249,0.009727,172.31.36.0-255,66,153320,10,386720
42250,0.011663,172.217.24.0-255,5738,159058,10,386720
42251,0.01167,172.31.36.0-255,66,159124,10,386720
42252,0.013615,172.217.24.0-255,5738,164862,10,386720
42253,0.013625,172.31.36.0-255,66,164928,10,386720
42254,0.015566,172.217.24.0-255,5738,170666,10,386720
42255,0.015575,172.31.36.0-255,66,170732,10,386720
42256,0.017516,172.217.24.0-255,5738,176470,10,386720
42257,0.017523,172.31.36.0-255,66,176536,10,386720
42258,0.019468,172.217.24.0-255,5738,182274,10,386720
42259,0.019475,172.31.36.0-255,66,182340,10,386720
42260,0.021422,172.217.24.0-255,5738,188078,10,386720
42261,0.021429,172.31.36.0-255,66,188144,10,386720
42262,0.023364,172.217.24.0-255,5738,193882,10,386720
42263,0.023371,172.31.36.0-255,66,193948,10,386720
42264,0.025308,172.217.24.0-255,5738,199686,10,386720
42265,0.025315,172.31.36.0-255,66,199752,10,386720
42266,0.026982,172.31.36.0-255,182,199934,10,386720
42267,0.027023,172.31.36.0-255,980,200914,10,386720
42268,0.027079,172.31.36.0-255,1514,202428,10,386720
42269,0.027081,172.31.36.0-255,1423,203851,10,386720
42270,0.02725,172.217.24.0-255,5738,209589,10,386720
42271,0.027255,172.31.36.0-255,66,209655,10,386720
42272,0.028526,104.244.42.0-255,66,209721,10,386720
42273,0.028635,104.244.42.0-255,66,209787,10,386720
42274,0.028636,104.244.42.0-255,66,209853,10,386720
42275,0.029198,172.217.24.0-255,5738,215591,10,386720
42276,0.029205,172.31.36.0-255,66,215657,10,386720
42277,0.031164,172.217.24.0-255,5738,221395,10,386720
42278,0.03117,172.31.36.0-255,66,221461,10,386720
42279,0.033095,172.217.24.0-255,5738,227199,10,386720
42280,0.033101,172.31.36.0-255,66,227265,10,386720
42281,0.035042,172.217.24.0-255,5738,233003,10,386720
42282,0.035048,172.31.36.0-255,66,233069,10,386720
42283,0.036987,172.217.24.0-255,5738,238807,10,386720
42284,0.036992,172.31.36.0-255,66,238873,10,386720
42285,0.038925,172.217.24.0-255,5738,244611,10,386720
42286,0.038943,172.31.36.0-255,66,244677,10,386720
42287,0.040877,172.217.24.0-255,5738,250415,10,386720
42288,0.040882,172.31.36.0-255,66,250481,10,386720
42289,0.042823,172.217.24.0-255,5738,256219,10,386720
42290,0.042829,172.31.36.0-255,66,256285,10,386720
42291,0.044767,172.217.24.0-255,5738,262023,10,386720
42292,0.044772,172.31.36.0-255,66,262089,10,386720
42293,0.046711,172.217.24.0-255,5738,267827,10,386720
42294,0.046717,172.31.36.0-255,66,267893,10,386720
42295,0.048656,172.217.24.0-255,5738,273631,10,386720
42296,0.048665,172.31.36.0-255,66,273697,10,386720
42297,0.050604,172.217.24.0-255,5738,279435,10,386720
42298,0.05061,172.31.36.0-255,66,279501,10,386720
42299,0.05255,172.217.24.0-255,5738,285239,10,386720
42300,0.052556,172.31.36.0-255,66,285305,10,386720
42301,0.054488,172.217.24.0-255,5738,291043,10,386720
42302,0.054493,172.31.36.0-255,66,291109,10,386720
42303,0.056427,172.217.24.0-255,5738,296847,10,386720
42304,0.056432,172.31.36.0-255,66,296913,10,386720
42305,0.058358,172.217.24.0-255,5738,302651,10,386720
42306,0.058364,172.31.36.0-255,66,302717,10,386720
42307,0.060298,172.217.24.0-255,5738,308455,10,386720
42308,0.060303,172.31.36.0-255,66,308521,10,386720
42309,0.062238,172.217.24.0-255,5738,314259,10,386720
42310,0.062243,172.31.36.0-255,66,314325,10,386720
42311,0.064185,172.217.24.0-255,5738,320063,10,386720
42312,0.064189,172.31.36.0-255,66,320129,10,386720
42313,0.066124,172.217.24.0-255,4320,324449,10,386720
42314,0.066128,172.31.36.0-255,66,324515,10,386720
42315,0.06615,172.217.24.0-255,1484,325999,10,386720
42316,0.068057,172.217.24.0-255,4320,330319,10,386720
42317,0.068063,172.31.36.0-255,66,330385,10,386720
42318,0.069999,172.217.24.0-255,5738,336123,10,386720
42319,0.070005,172.31.36.0-255,66,336189,10,386720
42320,0.071948,172.217.24.0-255,5738,341927,10,386720
42321,0.071953,172.31.36.0-255,66,341993,10,386720
42322,0.073902,172.217.24.0-255,5738,347731,10,386720
42323,0.073908,172.31.36.0-255,66,347797,10,386720
42324,0.075838,172.217.24.0-255,5738,353535,10,386720
42325,0.075843,172.31.36.0-255,66,353601,10,386720
42326,0.077775,172.217.24.0-255,5738,359339,10,386720
42327,0.077781,172.31.36.0-255,66,359405,10,386720
42328,0.079727,172.217.24.0-255,5738,365143,10,386720
42329,0.079734,172.31.36.0-255,66,365209,10,386720
42330,0.081672,172.217.24.0-255,5738,370947,10,386720
42331,0.081679,172.31.36.0-255,66,371013,10,386720
42332,0.083608,172.217.24.0-255,2902,373915,10,386720
42333,0.083612,172.31.36.0-255,66,373981,10,386720
42334,0.083641,172.217.24.0-255,2902,376883,10,386720
42335,0.083644,172.31.36.0-255,66,376949,10,386720
42336,0.085544,172.217.24.0-255,2902,379851,10,386720
42337,0.08555,172.31.36.0-255,66,379917,10,386720
42338,0.085582,172.217.24.0-255,2902,382819,10,386720
42339,0.085585,172.31.36.0-255,66,382885,10,386720
42340,0.087481,172.217.24.0-255,2902,385787,10,386720
42341,0.087485,172.31.36.0-255,66,385853,10,386720
42342,0.087511,172.217.24.0-255,630,386483,10,386720
42343,0.087622,172.31.36.0-255,66,386549,10,386720
42344,0.087646,172.31.36.0-255,105,386654,10,386720
42345,0.089543,172.217.24.0-255,66,386720,10,386720
42346,0.0,74.125.24.0-255,298,298,10,386618
42347,3.4e-05,172.31.36.0-255,66,364,10,386618
42348,4e-05,74.125.24.0-255,1484,1848,10,386618
42349,4.6e-05,172.31.36.0-255,66,1914,10,386618
42350,8e-05,74.125.24.0-255,4320,6234,10,386618
42351,8.3e-05,172.31.36.0-255,66,6300,10,386618
42352,8.8e-05,74.125.24.0-255,4320,10620,10,386618
42353,9e-05,172.31.36.0-255,66,10686,10,386618
42354,0.000129,74.125.24.0-255,1484,12170,10,386618
42355,0.000133,172.31.36.0-255,66,12236,10,386618
42356,0.000152,74.125.24.0-255,1867,14103,10,386618
42357,0.000155,172.31.36.0-255,66,14169,10,386618
42358,0.000174,74.125.24.0-255,2902,17071,10,386618
42359,0.000177,172.31.36.0-255,66,17137,10,386618
42360,0.000191,74.125.24.0-255,1484,18621,10,386618
42361,0.000193,172.31.36.0-255,66,18687,10,386618
42362,0.000198,74.125.24.0-255,2902,21589,10,386618
42363,0.000202,172.31.36.0-255,66,21655,10,386618
42364,0.000222,74.125.24.0-255,2902,24557,10,386618
42365,0.000224,172.31.36.0-255,66,24623,10,386618
42366,0.000228,74.125.24.0-255,1484,26107,10,386618
42367,0.00023,172.31.36.0-255,66,26173,10,386618
42368,0.000246,74.125.24.0-255,5379,31552,10,386618
42369,0.000249,172.31.36.0-255,66,31618,10,386618
42370,0.000373,74.125.24.0-255,1484,33102,10,386618
42371,0.000378,172.31.36.0-255,66,33168,10,386618
42372,0.000384,74.125.24.0-255,2902,36070,10,386618
42373,0.000387,172.31.36.0-255,66,36136,10,386618
42374,0.000407,74.125.24.0-255,4320,40456,10,386618
42375,0.000411,172.31.36.0-255,66,40522,10,386618
42376,0.000427,74.125.24.0-255,1484,42006,10,386618
42377,0.00043,172.31.36.0-255,66,42072,10,386618
42378,0.000447,74.125.24.0-255,2902,44974,10,386618
42379,0.000449,172.31.36.0-255,66,45040,10,386618
42380,0.000473,172.31.36.0-255,66,45106,10,386618
42381,0.00048,74.125.24.0-255,7156,52262,10,386618
42382,0.000484,172.31.36.0-255,66,52328,10,386618
42383,0.000502,74.125.24.0-255,4320,56648,10,386618
42384,0.000505,172.31.36.0-255,66,56714,10,386618
42385,0.000508,74.125.24.0-255,1125,57839,10,386618
42386,0.000526,74.125.24.0-255,399,58238,10,386618
42387,0.000571,74.125.24.0-255,374,58612,10,386618
42388,0.000576,172.31.36.0-255,66,58678,10,386618
42389,0.000953,74.125.24.0-255,1484,60162,10,386618
42390,0.000963,74.125.24.0-255,2902,63064,10,386618
42391,0.000967,172.31.36.0-255,66,63130,10,386618
42392,0.000979,74.125.24.0-255,1484,64614,10,386618
42393,0.001,74.125.24.0-255,4320,68934,10,386618
42394,0.001003,172.31.36.0-255,66,69000,10,386618
42395,0.001009,74.125.24.0-255,4320,73320,10,386618
42396,0.001011,172.31.36.0-255,66,73386,10,386618
42397,0.001044,172.31.36.0-255,66,73452,10,386618
42398,0.00105,74.125.24.0-255,4320,77772,10,386618
42399,0.001052,172.31.36.0-255,66,77838,10,386618
42400,0.001072,74.125.24.0-255,1484,79322,10,386618
42401,0.0011,74.125.24.0-255,2184,81506,10,386618
42402,0.001104,172.31.36.0-255,66,81572,10,386618
42403,0.001152,74.125.24.0-255,1484,83056,10,386618
42404,0.001158,74.125.24.0-255,2902,85958,10,386618
42405,0.001163,172.31.36.0-255,66,86024,10,386618
42406,0.00118,74.125.24.0-255,4320,90344,10,386618
42407,0.001182,172.31.36.0-255,66,90410,10,386618
42408,0.001205,74.125.24.0-255,1484,91894,10,386618
42409,0.00121,74.125.24.0-255,4320,96214,10,386618
42410,0.001212,172.31.36.0-255,66,96280,10,386618
42411,0.001218,74.125.24.0-255,4320,100600,10,386618
42412,0.00122,172.31.36.0-255,66,100666,10,386618
42413,0.00124,74.125.24.0-255,7156,107822,10,386618
42414,0.001242,172.31.36.0-255,66,107888,10,386618
42415,0.001249,74.125.24.0-255,4320,112208,10,386618
42416,0.001251,172.31.36.0-255,66,112274,10,386618
42417,0.001278,74.125.24.0-255,3602,115876,10,386618
42418,0.001281,172.31.36.0-255,66,115942,10,386618
42419,0.001333,74.125.24.0-255,1484,117426,10,386618
42420,0.001353,74.125.24.0-255,2902,120328,10,386618
42421,0.001358,172.31.36.0-255,66,120394,10,386618
42422,0.001424,74.125.24.0-255,4320,124714,10,386618
42423,0.001429,172.31.36.0-255,66,124780,10,386618
42424,0.00144,74.125.24.0-255,1484,126264,10,386618
42425,0.001445,74.125.24.0-255,2902,129166,10,386618
42426,0.001448,172.31.36.0-255,66,129232,10,386618
42427,0.001461,172.31.36.0-255,66,129298,10,386618
42428,0.001474,172.31.36.0-255,66,129364,10,386618
42429,0.001762,74.125.24.0-255,1484,130848,10,386618
42430,0.001771,74.125.24.0-255,2902,133750,10,386618
42431,0.001776,172.31.36.0-255,66,133816,10,386618
42432,0.001803,74.125.24.0-255,5738,139554,10,386618
42433,0.001808,172.31.36.0-255,66,139620,10,386618
42434,0.001816,74.125.24.0-255,7156,146776,10,386618
42435,0.001819,172.31.36.0-255,66,146842,10,386618
42436,0.001845,74.125.24.0-255,4320,151162,10,386618
42437,0.001849,172.31.36.0-255,66,151228,10,386618
42438,0.001888,74.125.24.0-255,7156,158384,10,386618
42439,0.001893,172.31.36.0-255,66,158450,10,386618
42440,0.001906,74.125.24.0-255,5020,163470,10,386618
42441,0.001909,172.31.36.0-255,66,163536,10,386618
42442,0.003963,74.125.24.0-255,4320,167856,10,386618
42443,0.00397,172.31.36.0-255,66,167922,10,386618
42444,0.003985,74.125.24.0-255,1484,169406,10,386618
42445,0.006061,74.125.24.0-255,4320,173726,10,386618
42446,0.006067,172.31.36.0-255,66,173792,10,386618
42447,0.008133,74.125.24.0-255,5738,179530,10,386618
42448,0.00814,172.31.36.0-255,66,179596,10,386618
42449,0.010228,74.125.24.0-255,5738,185334,10,386618
42450,0.010236,172.31.36.0-255,66,185400,10,386618
42451,0.012326,74.125.24.0-255,5738,191138,10,386618
42452,0.012336,172.31.36.0-255,66,191204,10,386618
42453,0.014415,74.125.24.0-255,5738,196942,10,386618
42454,0.014424,172.31.36.0-255,66,197008,10,386618
42455,0.016491,74.125.24.0-255,5738,202746,10,386618
42456,0.016501,172.31.36.0-255,66,202812,10,386618
42457,0.018584,74.125.24.0-255,5738,208550,10,386618
42458,0.018591,172.31.36.0-255,66,208616,10,386618
42459,0.020714,74.125.24.0-255,5738,214354,10,386618
42460,0.020723,172.31.36.0-255,66,214420,10,386618
42461,0.022787,74.125.24.0-255,5738,220158,10,386618
42462,0.022794,172.31.36.0-255,66,220224,10,386618
42463,0.024881,74.125.24.0-255,5738,225962,10,386618
42464,0.024888,172.31.36.0-255,66,226028,10,386618
42465,0.026974,74.125.24.0-255,5738,231766,10,386618
42466,0.026982,172.31.36.0-255,66,231832,10,386618
42467,0.029052,74.125.24.0-255,5738,237570,10,386618
42468,0.02906,172.31.36.0-255,66,237636,10,386618
42469,0.031164,74.125.24.0-255,5738,243374,10,386618
42470,0.031172,172.31.36.0-255,66,243440,10,386618
42471,0.033264,74.125.24.0-255,5738,249178,10,386618
42472,0.03327,172.31.36.0-255,66,249244,10,386618
42473,0.035331,74.125.24.0-255,5738,254982,10,386618
42474,0.035339,172.31.36.0-255,66,255048,10,386618
42475,0.036005,172.31.36.0-255,167,255215,10,386618
42476,0.036039,172.31.36.0-255,1112,256327,10,386618
42477,0.036098,172.31.36.0-255,1514,257841,10,386618
42478,0.036101,172.31.36.0-255,1291,259132,10,386618
42479,0.037405,74.125.24.0-255,5738,264870,10,386618
42480,0.037411,172.31.36.0-255,66,264936,10,386618
42481,0.037561,104.244.42.0-255,66,265002,10,386618
42482,0.0376,104.244.42.0-255,66,265068,10,386618
42483,0.03765,104.244.42.0-255,66,265134,10,386618
42484,0.03826,104.244.42.0-255,108,265242,10,386618
42485,0.038267,172.31.36.0-255,66,265308,10,386618
42486,0.039498,74.125.24.0-255,5738,271046,10,386618
42487,0.039504,172.31.36.0-255,66,271112,10,386618
42488,0.041585,74.125.24.0-255,5738,276850,10,386618
42489,0.041608,172.31.36.0-255,66,276916,10,386618
42490,0.043697,74.125.24.0-255,2902,279818,10,386618
42491,0.043703,172.31.36.0-255,66,279884,10,386618
42492,0.043737,74.125.24.0-255,2902,282786,10,386618
42493,0.043741,172.31.36.0-255,66,282852,10,386618
42494,0.04584,74.125.24.0-255,2902,285754,10,386618
42495,0.045845,172.31.36.0-255,66,285820,10,386618
42496,0.045907,74.125.24.0-255,2902,288722,10,386618
42497,0.045912,172.31.36.0-255,66,288788,10,386618
42498,0.047934,74.125.24.0-255,2902,291690,10,386618
42499,0.047939,172.31.36.0-255,66,291756,10,386618
42500,0.047974,74.125.24.0-255,2902,294658,10,386618
42501,0.047977,172.31.36.0-255,66,294724,10,386618
42502,0.05003,74.125.24.0-255,2902,297626,10,386618
42503,0.050036,172.31.36.0-255,66,297692,10,386618
42504,0.050063,74.125.24.0-255,2902,300594,10,386618
42505,0.050066,172.31.36.0-255,66,300660,10,386618
42506,0.052098,74.125.24.0-255,1484,302144,10,386618
42507,0.052133,74.125.24.0-255,4320,306464,10,386618
42508,0.052138,172.31.36.0-255,66,306530,10,386618
42509,0.054235,74.125.24.0-255,5738,312268,10,386618
42510,0.05424,172.31.36.0-255,66,312334,10,386618
42511,0.056321,74.125.24.0-255,5738,318072,10,386618
42512,0.056327,172.31.36.0-255,66,318138,10,386618
42513,0.058409,74.125.24.0-255,5738,323876,10,386618
42514,0.058414,172.31.36.0-255,66,323942,10,386618
42515,0.060476,74.125.24.0-255,5738,329680,10,386618
42516,0.060482,172.31.36.0-255,66,329746,10,386618
42517,0.062559,74.125.24.0-255,5738,335484,10,386618
42518,0.062564,172.31.36.0-255,66,335550,10,386618
42519,0.064662,74.125.24.0-255,5738,341288,10,386618
42520,0.064667,172.31.36.0-255,66,341354,10,386618
42521,0.066783,74.125.24.0-255,1484,342838,10,386618
42522,0.066816,74.125.24.0-255,4320,347158,10,386618
42523,0.066821,172.31.36.0-255,66,347224,10,386618
42524,0.068906,74.125.24.0-255,4320,351544,10,386618
42525,0.068911,172.31.36.0-255,66,351610,10,386618
42526,0.068938,74.125.24.0-255,1484,353094,10,386618
42527,0.071014,74.125.24.0-255,4320,357414,10,386618
42528,0.07102,172.31.36.0-255,66,357480,10,386618
42529,0.073098,74.125.24.0-255,5738,363218,10,386618
42530,0.073105,172.31.36.0-255,66,363284,10,386618
42531,0.07518,74.125.24.0-255,5738,369022,10,386618
42532,0.075187,172.31.36.0-255,66,369088,10,386618
42533,0.077272,74.125.24.0-255,5738,374826,10,386618
42534,0.077279,172.31.36.0-255,66,374892,10,386618
42535,0.079379,74.125.24.0-255,5738,380630,10,386618
42536,0.079387,172.31.36.0-255,66,380696,10,386618
42537,0.081466,74.125.24.0-255,5160,385856,10,386618
42538,0.081473,172.31.36.0-255,66,385922,10,386618
42539,0.081661,172.31.36.0-255,105,386027,10,386618
42540,0.081696,172.31.36.0-255,105,386132,10,386618
42541,0.08191,172.31.36.0-255,90,386222,10,386618
42542,0.08192,172.31.36.0-255,66,386288,10,386618
42543,0.083724,74.125.24.0-255,66,386354,10,386618
42544,0.083753,74.125.24.0-255,66,386420,10,386618
42545,0.083938,74.125.24.0-255,66,386486,10,386618
42546,0.083976,74.125.24.0-255,66,386552,10,386618
42547,0.08399,172.31.36.0-255,66,386618,10,386618
42548,0.0,172.217.194.0-255,153,153,10,337937
42549,2.2e-05,172.31.36.0-255,66,219,10,337937
42550,2.9e-05,172.217.194.0-255,1484,1703,10,337937
42551,3.3e-05,172.31.36.0-255,66,1769,10,337937
42552,3.8e-05,172.217.194.0-255,2902,4671,10,337937
42553,4e-05,172.31.36.0-255,66,4737,10,337937
42554,4.5e-05,172.217.194.0-255,4320,9057,10,337937
42555,4.8e-05,172.31.36.0-255,66,9123,10,337937
42556,8.6e-05,172.217.194.0-255,4899,14022,10,337937
42557,8.9e-05,172.31.36.0-255,66,14088,10,337937
42558,0.000173,172.217.194.0-255,1484,15572,10,337937
42559,0.000176,172.31.36.0-255,66,15638,10,337937
42560,0.000181,172.217.194.0-255,2902,18540,10,337937
42561,0.000182,172.31.36.0-255,66,18606,10,337937
42562,0.000188,172.217.194.0-255,5738,24344,10,337937
42563,0.00019,172.31.36.0-255,66,24410,10,337937
42564,0.000234,172.217.194.0-255,6797,31207,10,337937
42565,0.000236,172.31.36.0-255,66,31273,10,337937
42566,0.000329,172.217.194.0-255,1484,32757,10,337937
42567,0.000332,172.31.36.0-255,66,32823,10,337937
42568,0.000337,172.217.194.0-255,2902,35725,10,337937
42569,0.000338,172.31.36.0-255,66,35791,10,337937
42570,0.000341,172.217.194.0-255,1484,37275,10,337937
42571,0.000343,172.31.36.0-255,66,37341,10,337937
42572,0.000369,172.217.194.0-255,4320,41661,10,337937
42573,0.000371,172.31.36.0-255,66,41727,10,337937
42574,0.000389,172.217.194.0-255,6797,48524,10,337937
42575,0.000391,172.31.36.0-255,66,48590,10,337937
42576,0.000436,172.217.194.0-255,7156,55746,10,337937
42577,0.000439,172.31.36.0-255,66,55812,10,337937
42578,0.000468,172.31.36.0-255,66,55878,10,337937
42579,0.00048,172.217.194.0-255,1125,57003,10,337937
42580,0.000543,172.217.194.0-255,367,57370,10,337937
42581,0.000917,172.217.194.0-255,377,57747,10,337937
42582,0.000921,172.31.36.0-255,66,57813,10,337937
42583,0.001143,172.217.194.0-255,1484,59297,10,337937
42584,0.001152,172.217.194.0-255,2902,62199,10,337937
42585,0.001156,172.31.36.0-255,66,62265,10,337937
42586,0.001164,172.217.194.0-255,5738,68003,10,337937
42587,0.001166,172.31.36.0-255,66,68069,10,337937
42588,0.001207,172.31.36.0-255,66,68135,10,337937
42589,0.00122,172.31.36.0-255,66,68201,10,337937
42590,0.001988,172.217.194.0-255,1484,69685,10,337937
42591,0.001997,172.217.194.0-255,2902,72587,10,337937
42592,0.002001,172.31.36.0-255,66,72653,10,337937
42593,0.002009,172.217.194.0-255,5738,78391,10,337937
42594,0.002011,172.31.36.0-255,66,78457,10,337937
42595,0.002018,172.217.194.0-255,5738,84195,10,337937
42596,0.00202,172.31.36.0-255,66,84261,10,337937
42597,0.00204,172.217.194.0-255,1484,85745,10,337937
42598,0.002053,172.31.36.0-255,66,85811,10,337937
42599,0.002068,172.217.194.0-255,1484,87295,10,337937
42600,0.002073,172.217.194.0-255,2184,89479,10,337937
42601,0.002075,172.31.36.0-255,66,89545,10,337937
42602,0.002079,172.217.194.0-255,2902,92447,10,337937
42603,0.002081,172.31.36.0-255,66,92513,10,337937
42604,0.002111,172.217.194.0-255,7156,99669,10,337937
42605,0.002115,172.31.36.0-255,66,99735,10,337937
42606,0.002129,172.31.36.0-255,66,99801,10,337937
42607,0.002144,172.217.194.0-255,2902,102703,10,337937
42608,0.002146,172.31.36.0-255,66,102769,10,337937
42609,0.002164,172.217.194.0-255,4320,107089,10,337937
42610,0.002166,172.31.36.0-255,66,107155,10,337937
42611,0.00219,172.217.194.0-255,3602,110757,10,337937
42612,0.002193,172.31.36.0-255,66,110823,10,337937
42613,0.002258,172.217.194.0-255,1484,112307,10,337937
42614,0.002262,172.217.194.0-255,2902,115209,10,337937
42615,0.002265,172.31.36.0-255,66,115275,10,337937
42616,0.002272,172.217.194.0-255,5738,121013,10,337937
42617,0.002274,172.31.36.0-255,66,121079,10,337937
42618,0.002296,172.217.194.0-255,4320,125399,10,337937
42619,0.002298,172.31.36.0-255,66,125465,10,337937
42620,0.002327,172.31.36.0-255,66,125531,10,337937
42621,0.002339,172.31.36.0-255,66,125597,10,337937
42622,0.004708,172.217.194.0-255,4320,129917,10,337937
42623,0.004712,172.31.36.0-255,66,129983,10,337937
42624,0.004722,172.217.194.0-255,1484,131467,10,337937
42625,0.007108,172.217.194.0-255,4320,135787,10,337937
42626,0.007114,172.31.36.0-255,66,135853,10,337937
42627,0.009504,172.217.194.0-255,5738,141591,10,337937
42628,0.009511,172.31.36.0-255,66,141657,10,337937
42629,0.011914,172.217.194.0-255,5738,147395,10,337937
42630,0.011937,172.31.36.0-255,66,147461,10,337937
42631,0.014311,172.217.194.0-255,5738,153199,10,337937
42632,0.014323,172.31.36.0-255,66,153265,10,337937
42633,0.016727,172.217.194.0-255,5738,159003,10,337937
42634,0.016737,172.31.36.0-255,66,159069,10,337937
42635,0.019138,172.217.194.0-255,5738,164807,10,337937
42636,0.019146,172.31.36.0-255,66,164873,10,337937
42637,0.021542,172.217.194.0-255,5738,170611,10,337937
42638,0.021554,172.31.36.0-255,66,170677,10,337937
42639,0.023974,172.217.194.0-255,5738,176415,10,337937
42640,0.023983,172.31.36.0-255,66,176481,10,337937
42641,0.026383,172.217.194.0-255,5738,182219,10,337937
42642,0.026392,172.31.36.0-255,66,182285,10,337937
42643,0.028791,172.217.194.0-255,5738,188023,10,337937
42644,0.028797,172.31.36.0-255,66,188089,10,337937
42645,0.030495,172.31.36.0-255,171,188260,10,337937
42646,0.030528,172.31.36.0-255,1113,189373,10,337937
42647,0.030588,172.31.36.0-255,1514,190887,10,337937
42648,0.03059,172.31.36.0-255,1290,192177,10,337937
42649,0.031186,172.217.194.0-255,2902,195079,10,337937
42650,0.031194,172.31.36.0-255,66,195145,10,337937
42651,0.031216,172.217.194.0-255,2902,198047,10,337937
42652,0.031219,172.31.36.0-255,66,198113,10,337937
42653,0.03205,104.244.42.0-255,66,198179,10,337937
42654,0.032086,104.244.42.0-255,66,198245,10,337937
42655,0.032166,104.244.42.0-255,66,198311,10,337937
42656,0.033589,172.217.194.0-255,2902,201213,10,337937
42657,0.033594,172.31.36.0-255,66,201279,10,337937
42658,0.033619,172.217.194.0-255,2902,204181,10,337937
42659,0.033622,172.31.36.0-255,66,204247,10,337937
42660,0.035971,172.217.194.0-255,2902,207149,10,337937
42661,0.035978,172.31.36.0-255,66,207215,10,337937
42662,0.036002,172.217.194.0-255,2902,210117,10,337937
42663,0.036005,172.31.36.0-255,66,210183,10,337937
42664,0.038374,172.217.194.0-255,5738,215921,10,337937
42665,0.038384,172.31.36.0-255,66,215987,10,337937
42666,0.040778,172.217.194.0-255,5738,221725,10,337937
42667,0.040788,172.31.36.0-255,66,221791,10,337937
42668,0.043186,172.217.194.0-255,5738,227529,10,337937
42669,0.043194,172.31.36.0-255,66,227595,10,337937
42670,0.045568,172.217.194.0-255,5738,233333,10,337937
42671,0.045577,172.31.36.0-255,66,233399,10,337937
42672,0.047954,172.217.194.0-255,5738,239137,10,337937
42673,0.04796,172.31.36.0-255,66,239203,10,337937
42674,0.050334,172.217.194.0-255,5738,244941,10,337937
42675,0.050339,172.31.36.0-255,66,245007,10,337937
42676,0.052705,172.217.194.0-255,5738,250745,10,337937
42677,0.052712,172.31.36.0-255,66,250811,10,337937
42678,0.055103,172.217.194.0-255,5738,256549,10,337937
42679,0.05511,172.31.36.0-255,66,256615,10,337937
42680,0.057509,172.217.194.0-255,5738,262353,10,337937
42681,0.057519,172.31.36.0-255,66,262419,10,337937
42682,0.059902,172.217.194.0-255,5738,268157,10,337937
42683,0.05991,172.31.36.0-255,66,268223,10,337937
42684,0.062289,172.217.194.0-255,5738,273961,10,337937
42685,0.062296,172.31.36.0-255,66,274027,10,337937
42686,0.06469,172.217.194.0-255,5738,279765,10,337937
42687,0.064697,172.31.36.0-255,66,279831,10,337937
42688,0.067085,172.217.194.0-255,5738,285569,10,337937
42689,0.067092,172.31.36.0-255,66,285635,10,337937
42690,0.06948,172.217.194.0-255,5738,291373,10,337937
42691,0.069486,172.31.36.0-255,66,291439,10,337937
42692,0.071864,172.217.194.0-255,1484,292923,10,337937
42693,0.071882,172.217.194.0-255,4320,297243,10,337937
42694,0.071887,172.31.36.0-255,66,297309,10,337937
42695,0.074273,172.217.194.0-255,5738,303047,10,337937
42696,0.074282,172.31.36.0-255,66,303113,10,337937
42697,0.076684,172.217.194.0-255,5738,308851,10,337937
42698,0.076692,172.31.36.0-255,66,308917,10,337937
42699,0.079132,172.217.194.0-255,5738,314655,10,337937
42700,0.079138,172.31.36.0-255,66,314721,10,337937
42701,0.081537,172.217.194.0-255,5738,320459,10,337937
42702,0.081544,172.31.36.0-255,66,320525,10,337937
42703,0.083974,172.217.194.0-255,5738,326263,10,337937
42704,0.083982,172.31.36.0-255,66,326329,10,337937
42705,0.086356,172.217.194.0-255,5738,332067,10,337937
42706,0.086362,172.31.36.0-255,66,332133,10,337937
42707,0.088747,172.217.194.0-255,5738,337871,10,337937
42708,0.088755,172.31.36.0-255,66,337937,10,337937
42709,0.0,172.217.194.0-255,321,321,10,226225
42710,2.4e-05,172.31.36.0-255,66,387,10,226225
42711,3.1e-05,172.217.194.0-255,1484,1871,10,226225
42712,3.6e-05,172.31.36.0-255,66,1937,10,226225
42713,4.2e-05,172.217.194.0-255,4320,6257,10,226225
42714,4.5e-05,172.31.36.0-255,66,6323,10,226225
42715,5.1e-05,172.217.194.0-255,5738,12061,10,226225
42716,5.4e-05,172.31.36.0-255,66,12127,10,226225
42717,6.9e-05,172.31.36.0-255,66,12193,10,226225
42718,7.6e-05,172.217.194.0-255,6797,18990,10,226225
42719,7.9e-05,172.31.36.0-255,66,19056,10,226225
42720,0.000129,172.217.194.0-255,1484,20540,10,226225
42721,0.000133,172.31.36.0-255,66,20606,10,226225
42722,0.000138,172.217.194.0-255,2902,23508,10,226225
42723,0.00014,172.31.36.0-255,66,23574,10,226225
42724,0.000159,172.217.194.0-255,5738,29312,10,226225
42725,0.000162,172.31.36.0-255,66,29378,10,226225
42726,0.000182,172.217.194.0-255,4320,33698,10,226225
42727,0.000184,172.31.36.0-255,66,33764,10,226225
42728,0.000219,172.31.36.0-255,66,33830,10,226225
42729,0.00023,172.31.36.0-255,66,33896,10,226225
42730,0.000233,172.217.194.0-255,113,34009,10,226225
42731,0.000235,172.31.36.0-255,66,34075,10,226225
42732,0.000276,172.217.194.0-255,386,34461,10,226225
42733,0.000278,172.31.36.0-255,66,34527,10,226225
42734,0.000794,172.217.194.0-255,1484,36011,10,226225
42735,0.0008,172.31.36.0-255,66,36077,10,226225
42736,0.000807,172.217.194.0-255,2902,38979,10,226225
42737,0.000809,172.31.36.0-255,66,39045,10,226225
42738,0.000816,172.217.194.0-255,5738,44783,10,226225
42739,0.000818,172.31.36.0-255,66,44849,10,226225
42740,0.000855,172.217.194.0-255,2902,47751,10,226225
42741,0.000858,172.31.36.0-255,66,47817,10,226225
42742,0.000879,172.217.194.0-255,3961,51778,10,226225
42743,0.000881,172.31.36.0-255,66,51844,10,226225
42744,0.000905,172.217.194.0-255,7156,59000,10,226225
42745,0.000908,172.31.36.0-255,66,59066,10,226225
42746,0.000916,172.217.194.0-255,7156,66222,10,226225
42747,0.000918,172.31.36.0-255,66,66288,10,226225
42748,0.000933,172.217.194.0-255,2543,68831,10,226225
42749,0.000936,172.31.36.0-255,66,68897,10,226225
42750,0.001216,172.217.194.0-255,1484,70381,10,226225
42751,0.001223,172.217.194.0-255,2902,73283,10,226225
42752,0.001226,172.31.36.0-255,66,73349,10,226225
42753,0.001252,172.217.194.0-255,5738,79087,10,226225
42754,0.001255,172.31.36.0-255,66,79153,10,226225
42755,0.001261,172.217.194.0-255,4320,83473,10,226225
42756,0.001263,172.31.36.0-255,66,83539,10,226225
42757,0.001284,172.31.36.0-255,66,83605,10,226225
42758,0.001297,172.31.36.0-255,66,83671,10,226225
42759,0.001366,172.217.194.0-255,2184,85855,10,226225
42760,0.001371,172.31.36.0-255,66,85921,10,226225
42761,0.001444,172.217.194.0-255,1484,87405,10,226225
42762,0.001448,172.217.194.0-255,2902,90307,10,226225
42763,0.001454,172.217.194.0-255,5738,96045,10,226225
42764,0.001461,172.217.194.0-255,7156,103201,10,226225
42765,0.001467,172.31.36.0-255,66,103267,10,226225
42766,0.00147,172.31.36.0-255,66,103333,10,226225
42767,0.001473,172.31.36.0-255,66,103399,10,226225
42768,0.001554,172.31.36.0-255,66,103465,10,226225
42769,0.001559,172.217.194.0-255,2184,105649,10,226225
42770,0.001561,172.31.36.0-255,66,105715,10,226225
42771,0.001565,172.217.194.0-255,2902,108617,10,226225
42772,0.001568,172.31.36.0-255,66,108683,10,226225
42773,0.001575,172.217.194.0-255,7156,115839,10,226225
42774,0.001577,172.31.36.0-255,66,115905,10,226225
42775,0.001585,172.217.194.0-255,7156,123061,10,226225
42776,0.001587,172.31.36.0-255,66,123127,10,226225
42777,0.001603,172.31.36.0-255,66,123193,10,226225
42778,0.001617,172.31.36.0-255,66,123259,10,226225
42779,0.001631,172.31.36.0-255,66,123325,10,226225
42780,0.00168,172.217.194.0-255,1484,124809,10,226225
42781,0.001708,172.31.36.0-255,66,124875,10,226225
42782,0.001711,172.217.194.0-255,1484,126359,10,226225
42783,0.001716,172.217.194.0-255,2902,129261,10,226225
42784,0.001718,172.31.36.0-255,66,129327,10,226225
42785,0.001724,172.217.194.0-255,5738,135065,10,226225
42786,0.001726,172.31.36.0-255,66,135131,10,226225
42787,0.001755,172.217.194.0-255,4320,139451,10,226225
42788,0.001758,172.31.36.0-255,66,139517,10,226225
42789,0.001769,172.217.194.0-255,5738,145255,10,226225
42790,0.001771,172.31.36.0-255,66,145321,10,226225
42791,0.001783,172.31.36.0-255,66,145387,10,226225
42792,0.001802,172.217.194.0-255,2902,148289,10,226225
42793,0.001804,172.31.36.0-255,66,148355,10,226225
42794,0.001808,172.217.194.0-255,2184,150539,10,226225
42795,0.001811,172.31.36.0-255,66,150605,10,226225
42796,0.001845,172.217.194.0-255,5738,156343,10,226225
42797,0.001848,172.31.36.0-255,66,156409,10,226225
42798,0.001871,172.217.194.0-255,7156,163565,10,226225
42799,0.001874,172.31.36.0-255,66,163631,10,226225
42800,0.001889,172.31.36.0-255,66,163697,10,226225
42801,0.00191,172.217.194.0-255,4320,168017,10,226225
42802,0.001912,172.31.36.0-255,66,168083,10,226225
42803,0.001932,172.217.194.0-255,2184,170267,10,226225
42804,0.001935,172.31.36.0-255,66,170333,10,226225
42805,0.001942,172.217.194.0-255,7156,177489,10,226225
42806,0.001945,172.31.36.0-255,66,177555,10,226225
42807,0.001957,172.31.36.0-255,66,177621,10,226225
42808,0.001969,172.31.36.0-255,66,177687,10,226225
42809,0.001988,172.217.194.0-255,1484,179171,10,226225
42810,0.001995,172.217.194.0-255,5020,184191,10,226225
42811,0.001998,172.31.36.0-255,66,184257,10,226225
42812,0.002002,172.217.194.0-255,2902,187159,10,226225
42813,0.002004,172.31.36.0-255,66,187225,10,226225
42814,0.002029,172.217.194.0-255,2902,190127,10,226225
42815,0.002032,172.31.36.0-255,66,190193,10,226225
42816,0.002046,172.31.36.0-255,66,190259,10,226225
42817,0.002057,172.31.36.0-255,66,190325,10,226225
42818,0.002104,172.217.194.0-255,6438,196763,10,226225
42819,0.002107,172.31.36.0-255,66,196829,10,226225
42820,0.002244,172.217.194.0-255,1484,198313,10,226225
42821,0.002251,172.217.194.0-255,2902,201215,10,226225
42822,0.002254,172.31.36.0-255,66,201281,10,226225
42823,0.002275,172.217.194.0-255,5738,207019,10,226225
42824,0.002277,172.31.36.0-255,66,207085,10,226225
42825,0.002282,172.217.194.0-255,2902,209987,10,226225
42826,0.002285,172.31.36.0-255,66,210053,10,226225
42827,0.002289,172.217.194.0-255,1484,211537,10,226225
42828,0.002293,172.217.194.0-255,2902,214439,10,226225
42829,0.002295,172.31.36.0-255,66,214505,10,226225
42830,0.002328,172.31.36.0-255,66,214571,10,226225
42831,0.002351,172.217.194.0-255,1484,216055,10,226225
42832,0.002419,172.31.36.0-255,66,216121,10,226225
42833,0.002436,172.217.194.0-255,5313,221434,10,226225
42834,0.002439,172.31.36.0-255,66,221500,10,226225
42835,0.002442,172.217.194.0-255,97,221597,10,226225
42836,0.002445,172.217.194.0-255,105,221702,10,226225
42837,0.004691,172.31.36.0-255,66,221768,10,226225
42838,0.00473,172.31.36.0-255,105,221873,10,226225
42839,0.006931,172.217.194.0-255,66,221939,10,226225
42840,0.035677,172.31.36.0-255,171,222110,10,226225
42841,0.03571,172.31.36.0-255,1113,223223,10,226225
42842,0.035777,172.31.36.0-255,1514,224737,10,226225
42843,0.035779,172.31.36.0-255,1290,226027,10,226225
42844,0.037234,104.244.42.0-255,66,226093,10,226225
42845,0.037242,104.244.42.0-255,66,226159,10,226225
42846,0.037319,104.244.42.0-255,66,226225,10,226225
42847,0.0,172.217.194.0-255,152,152,10,213229
42848,2.6e-05,172.31.36.0-255,66,218,10,213229
42849,3.3e-05,172.217.194.0-255,1484,1702,10,213229
42850,3.8e-05,172.31.36.0-255,66,1768,10,213229
42851,4.2e-05,172.217.194.0-255,2902,4670,10,213229
42852,4.5e-05,172.31.36.0-255,66,4736,10,213229
42853,5e-05,172.217.194.0-255,4320,9056,10,213229
42854,5.4e-05,172.31.36.0-255,66,9122,10,213229
42855,6.7e-05,172.217.194.0-255,1484,10606,10,213229
42856,7e-05,172.31.36.0-255,66,10672,10,213229
42857,0.000104,172.31.36.0-255,66,10738,10,213229
42858,0.000111,172.217.194.0-255,7156,17894,10,213229
42859,0.000113,172.31.36.0-255,66,17960,10,213229
42860,0.000134,172.217.194.0-255,1484,19444,10,213229
42861,0.000136,172.31.36.0-255,66,19510,10,213229
42862,0.000156,172.217.194.0-255,3961,23471,10,213229
42863,0.000158,172.31.36.0-255,66,23537,10,213229
42864,0.000202,172.217.194.0-255,1484,25021,10,213229
42865,0.000205,172.31.36.0-255,66,25087,10,213229
42866,0.00022,172.217.194.0-255,2902,27989,10,213229
42867,0.000223,172.31.36.0-255,66,28055,10,213229
42868,0.000251,172.217.194.0-255,5738,33793,10,213229
42869,0.000256,172.217.194.0-255,4320,38113,10,213229
42870,0.000257,172.31.36.0-255,66,38179,10,213229
42871,0.000261,172.31.36.0-255,66,38245,10,213229
42872,0.00028,172.217.194.0-255,7156,45401,10,213229
42873,0.000284,172.31.36.0-255,66,45467,10,213229
42874,0.0003,172.217.194.0-255,5379,50846,10,213229
42875,0.000303,172.31.36.0-255,66,50912,10,213229
42876,0.000326,172.217.194.0-255,7085,57997,10,213229
42877,0.00033,172.31.36.0-255,66,58063,10,213229
42878,0.000332,172.217.194.0-255,398,58461,10,213229
42879,0.000412,172.217.194.0-255,1484,59945,10,213229
42880,0.000416,172.31.36.0-255,66,60011,10,213229
42881,0.000422,172.217.194.0-255,2902,62913,10,213229
42882,0.000425,172.31.36.0-255,66,62979,10,213229
42883,0.000431,172.217.194.0-255,5738,68717,10,213229
42884,0.000434,172.31.36.0-255,66,68783,10,213229
42885,0.000437,172.217.194.0-255,1484,70267,10,213229
42886,0.00046,172.217.194.0-255,5738,76005,10,213229
42887,0.000464,172.31.36.0-255,66,76071,10,213229
42888,0.000491,172.217.194.0-255,1484,77555,10,213229
42889,0.000524,172.31.36.0-255,66,77621,10,213229
42890,0.000529,172.217.194.0-255,2184,79805,10,213229
42891,0.000532,172.31.36.0-255,66,79871,10,213229
42892,0.000783,172.217.194.0-255,1484,81355,10,213229
42893,0.000789,172.217.194.0-255,2902,84257,10,213229
42894,0.000792,172.31.36.0-255,66,84323,10,213229
42895,0.000797,172.217.194.0-255,2902,87225,10,213229
42896,0.000799,172.31.36.0-255,66,87291,10,213229
42897,0.000815,172.217.194.0-255,2902,90193,10,213229
42898,0.000817,172.31.36.0-255,66,90259,10,213229
42899,0.000859,172.31.36.0-255,66,90325,10,213229
42900,0.000864,172.217.194.0-255,4320,94645,10,213229
42901,0.000866,172.31.36.0-255,66,94711,10,213229
42902,0.000887,172.217.194.0-255,6438,101149,10,213229
42903,0.00089,172.31.36.0-255,66,101215,10,213229
42904,0.000917,172.31.36.0-255,66,101281,10,213229
42905,0.000927,172.31.36.0-255,66,101347,10,213229
42906,0.000946,172.217.194.0-255,1484,102831,10,213229
42907,0.000967,172.217.194.0-255,5738,108569,10,213229
42908,0.00097,172.31.36.0-255,66,108635,10,213229
42909,0.001,172.31.36.0-255,66,108701,10,213229
42910,0.001254,172.217.194.0-255,1484,110185,10,213229
42911,0.001259,172.217.194.0-255,1484,111669,10,213229
42912,0.001261,172.31.36.0-255,66,111735,10,213229
42913,0.001275,172.217.194.0-255,1484,113219,10,213229
42914,0.001282,172.217.194.0-255,5738,118957,10,213229
42915,0.001286,172.31.36.0-255,66,119023,10,213229
42916,0.001331,172.31.36.0-255,66,119089,10,213229
42917,0.001361,172.31.36.0-255,66,119155,10,213229
42918,0.001366,172.217.194.0-255,4320,123475,10,213229
42919,0.001368,172.31.36.0-255,66,123541,10,213229
42920,0.001402,172.217.194.0-255,766,124307,10,213229
42921,0.001485,172.217.194.0-255,1484,125791,10,213229
42922,0.00149,172.31.36.0-255,66,125857,10,213229
42923,0.001508,172.217.194.0-255,2902,128759,10,213229
42924,0.001511,172.31.36.0-255,66,128825,10,213229
42925,0.001514,172.217.194.0-255,1484,130309,10,213229
42926,0.001531,172.217.194.0-255,4320,134629,10,213229
42927,0.001533,172.31.36.0-255,66,134695,10,213229
42928,0.001537,172.217.194.0-255,1484,136179,10,213229
42929,0.001566,172.31.36.0-255,66,136245,10,213229
42930,0.001577,172.31.36.0-255,66,136311,10,213229
42931,0.001599,172.217.194.0-255,2184,138495,10,213229
42932,0.001602,172.31.36.0-255,66,138561,10,213229
42933,0.00169,172.217.194.0-255,1484,140045,10,213229
42934,0.001713,172.217.194.0-255,2902,142947,10,213229
42935,0.001717,172.31.36.0-255,66,143013,10,213229
42936,0.001745,172.217.194.0-255,5738,148751,10,213229
42937,0.001748,172.31.36.0-255,66,148817,10,213229
42938,0.00176,172.217.194.0-255,1484,150301,10,213229
42939,0.001793,172.31.36.0-255,66,150367,10,213229
42940,0.001812,172.217.194.0-255,1484,151851,10,213229
42941,0.001837,172.31.36.0-255,66,151917,10,213229
42942,0.001891,172.217.194.0-255,1484,153401,10,213229
42943,0.001897,172.217.194.0-255,2902,156303,10,213229
42944,0.0019,172.31.36.0-255,66,156369,10,213229
42945,0.001904,172.217.194.0-255,1484,157853,10,213229
42946,0.001919,172.217.194.0-255,4320,162173,10,213229
42947,0.001923,172.31.36.0-255,66,162239,10,213229
42948,0.001934,172.217.194.0-255,5738,167977,10,213229
42949,0.001937,172.31.36.0-255,66,168043,10,213229
42950,0.001957,172.217.194.0-255,1484,169527,10,213229
42951,0.001974,172.217.194.0-255,4320,173847,10,213229
42952,0.001978,172.31.36.0-255,66,173913,10,213229
42953,0.002009,172.31.36.0-255,66,173979,10,213229
42954,0.002044,172.31.36.0-255,66,174045,10,213229
42955,0.00205,172.217.194.0-255,4320,178365,10,213229
42956,0.002052,172.31.36.0-255,66,178431,10,213229
42957,0.002077,172.31.36.0-255,66,178497,10,213229
42958,0.002083,172.217.194.0-255,5020,183517,10,213229
42959,0.002085,172.31.36.0-255,66,183583,10,213229
42960,0.002122,172.217.194.0-255,2902,186485,10,213229
42961,0.002127,172.31.36.0-255,66,186551,10,213229
42962,0.002164,172.31.36.0-255,66,186617,10,213229
42963,0.002205,172.31.36.0-255,66,186683,10,213229
42964,0.002489,172.217.194.0-255,1484,188167,10,213229
42965,0.002495,172.217.194.0-255,2902,191069,10,213229
42966,0.002498,172.31.36.0-255,66,191135,10,213229
42967,0.002502,172.217.194.0-255,1484,192619,10,213229
42968,0.002522,172.217.194.0-255,4320,196939,10,213229
42969,0.002526,172.31.36.0-255,66,197005,10,213229
42970,0.002528,172.217.194.0-255,5738,202743,10,213229
42971,0.00253,172.31.36.0-255,66,202809,10,213229
42972,0.002556,172.31.36.0-255,66,202875,10,213229
42973,0.002591,172.31.36.0-255,66,202941,10,213229
42974,0.002603,172.217.194.0-255,2184,205125,10,213229
42975,0.002606,172.31.36.0-255,66,205191,10,213229
42976,0.00263,172.217.194.0-255,3348,208539,10,213229
42977,0.002633,172.31.36.0-255,66,208605,10,213229
42978,0.002677,172.217.194.0-255,105,208710,10,213229
42979,0.003781,172.31.36.0-255,66,208776,10,213229
42980,0.003807,172.31.36.0-255,105,208881,10,213229
42981,0.006317,172.217.194.0-255,66,208947,10,213229
42982,0.031597,172.31.36.0-255,167,209114,10,213229
42983,0.031628,172.31.36.0-255,1112,210226,10,213229
42984,0.031667,172.31.36.0-255,1514,211740,10,213229
42985,0.031669,172.31.36.0-255,1291,213031,10,213229
42986,0.033099,104.244.42.0-255,66,213097,10,213229
42987,0.033152,104.244.42.0-255,66,213163,10,213229
42988,0.033247,104.244.42.0-255,66,213229,10,213229
42989,0.0,172.253.118.0-255,146,146,10,378063
42990,2.4e-05,172.31.36.0-255,66,212,10,378063
42991,3.1e-05,172.253.118.0-255,1484,1696,10,378063
42992,3.6e-05,172.31.36.0-255,66,1762,10,378063
42993,4e-05,172.253.118.0-255,1484,3246,10,378063
42994,5.1e-05,172.31.36.0-255,66,3312,10,378063
42995,5.6e-05,172.253.118.0-255,2902,6214,10,378063
42996,6e-05,172.31.36.0-255,66,6280,10,378063
42997,6.7e-05,172.253.118.0-255,5738,12018,10,378063
42998,7e-05,172.31.36.0-255,66,12084,10,378063
42999,7.6e-05,172.253.118.0-255,2066,14150,10,378063
43000,7.9e-05,172.31.36.0-255,66,14216,10,378063
43001,8.4e-05,172.253.118.0-255,2902,17118,10,378063
43002,8.7e-05,172.31.36.0-255,66,17184,10,378063
43003,0.000134,172.253.118.0-255,7156,24340,10,378063
43004,0.000137,172.31.36.0-255,66,24406,10,378063
43005,0.000145,172.253.118.0-255,6797,31203,10,378063
43006,0.000147,172.31.36.0-255,66,31269,10,378063
43007,0.000246,172.253.118.0-255,1484,32753,10,378063
43008,0.00025,172.31.36.0-255,66,32819,10,378063
43009,0.000256,172.253.118.0-255,2902,35721,10,378063
43010,0.000258,172.31.36.0-255,66,35787,10,378063
43011,0.000291,172.253.118.0-255,5738,41525,10,378063
43012,0.000295,172.31.36.0-255,66,41591,10,378063
43013,0.000299,172.253.118.0-255,1484,43075,10,378063
43014,0.000301,172.31.36.0-255,66,43141,10,378063
43015,0.000351,172.31.36.0-255,66,43207,10,378063
43016,0.000355,172.253.118.0-255,2902,46109,10,378063
43017,0.000358,172.31.36.0-255,66,46175,10,378063
43018,0.000387,172.253.118.0-255,7108,53283,10,378063
43019,0.00039,172.31.36.0-255,66,53349,10,378063
43020,0.000425,172.253.118.0-255,343,53692,10,378063
43021,0.000613,172.253.118.0-255,1484,55176,10,378063
43022,0.000618,172.31.36.0-255,66,55242,10,378063
43023,0.000625,172.253.118.0-255,2902,58144,10,378063
43024,0.000628,172.31.36.0-255,66,58210,10,378063
43025,0.000631,172.253.118.0-255,1484,59694,10,378063
43026,0.00066,172.253.118.0-255,4320,64014,10,378063
43027,0.000664,172.31.36.0-255,66,64080,10,378063
43028,0.000668,172.253.118.0-255,2902,66982,10,378063
43029,0.00067,172.31.36.0-255,66,67048,10,378063
43030,0.000693,172.253.118.0-255,6797,73845,10,378063
43031,0.000701,172.31.36.0-255,66,73911,10,378063
43032,0.000709,172.253.118.0-255,7156,81067,10,378063
43033,0.000711,172.31.36.0-255,66,81133,10,378063
43034,0.000741,172.253.118.0-255,2902,84035,10,378063
43035,0.000744,172.31.36.0-255,66,84101,10,378063
43036,0.000749,172.253.118.0-255,3961,88062,10,378063
43037,0.000752,172.31.36.0-255,66,88128,10,378063
43038,0.000957,172.253.118.0-255,1484,89612,10,378063
43039,0.000965,172.253.118.0-255,2902,92514,10,378063
43040,0.000969,172.31.36.0-255,66,92580,10,378063
43041,0.000976,172.253.118.0-255,4320,96900,10,378063
43042,0.000979,172.31.36.0-255,66,96966,10,378063
43043,0.001009,172.253.118.0-255,1484,98450,10,378063
43044,0.001023,172.31.36.0-255,66,98516,10,378063
43045,0.00103,172.253.118.0-255,5738,104254,10,378063
43046,0.001032,172.31.36.0-255,66,104320,10,378063
43047,0.001057,172.253.118.0-255,5020,109340,10,378063
43048,0.00106,172.31.36.0-255,66,109406,10,378063
43049,0.001234,172.253.118.0-255,1484,110890,10,378063
43050,0.00124,172.253.118.0-255,2902,113792,10,378063
43051,0.001245,172.31.36.0-255,66,113858,10,378063
43052,0.001273,172.253.118.0-255,5738,119596,10,378063
43053,0.001277,172.31.36.0-255,66,119662,10,378063
43054,0.001281,172.253.118.0-255,2902,122564,10,378063
43055,0.001283,172.31.36.0-255,66,122630,10,378063
43056,0.001316,172.253.118.0-255,4320,126950,10,378063
43057,0.001361,172.253.118.0-255,5738,132688,10,378063
43058,0.001365,172.253.118.0-255,2184,134872,10,378063
43059,0.001503,172.31.36.0-255,66,134938,10,378063
43060,0.00201,172.253.118.0-255,1484,136422,10,378063
43061,0.002017,172.253.118.0-255,2902,139324,10,378063
43062,0.002021,172.31.36.0-255,66,139390,10,378063
43063,0.002047,172.253.118.0-255,4320,143710,10,378063
43064,0.00205,172.31.36.0-255,66,143776,10,378063
43065,0.002057,172.253.118.0-255,5738,149514,10,378063
43066,0.00206,172.31.36.0-255,66,149580,10,378063
43067,0.00214,172.31.36.0-255,66,149646,10,378063
43068,0.002143,172.253.118.0-255,1484,151130,10,378063
43069,0.002214,172.31.36.0-255,66,151196,10,378063
43070,0.00228,172.253.118.0-255,1484,152680,10,378063
43071,0.002295,172.253.118.0-255,2902,155582,10,378063
43072,0.002298,172.31.36.0-255,66,155648,10,378063
43073,0.002305,172.253.118.0-255,5738,161386,10,378063
43074,0.002307,172.31.36.0-255,66,161452,10,378063
43075,0.002332,172.253.118.0-255,2902,164354,10,378063
43076,0.002335,172.31.36.0-255,66,164420,10,378063
43077,0.002357,172.253.118.0-255,5738,170158,10,378063
43078,0.002363,172.31.36.0-255,66,170224,10,378063
43079,0.004669,172.253.118.0-255,5738,175962,10,378063
43080,0.004676,172.31.36.0-255,66,176028,10,378063
43081,0.006965,172.253.118.0-255,5738,181766,10,378063
43082,0.006968,172.31.36.0-255,66,181832,10,378063
43083,0.009263,172.253.118.0-255,5738,187570,10,378063
43084,0.009268,172.31.36.0-255,66,187636,10,378063
43085,0.011569,172.253.118.0-255,5738,193374,10,378063
43086,0.011575,172.31.36.0-255,66,193440,10,378063
43087,0.013885,172.253.118.0-255,5738,199178,10,378063
43088,0.013894,172.31.36.0-255,66,199244,10,378063
43089,0.016218,172.253.118.0-255,5738,204982,10,378063
43090,0.016226,172.31.36.0-255,66,205048,10,378063
43091,0.018547,172.253.118.0-255,5738,210786,10,378063
43092,0.018558,172.31.36.0-255,66,210852,10,378063
43093,0.020861,172.253.118.0-255,5738,216590,10,378063
43094,0.020869,172.31.36.0-255,66,216656,10,378063
43095,0.02318,172.253.118.0-255,5738,222394,10,378063
43096,0.023189,172.31.36.0-255,66,222460,10,378063
43097,0.025504,172.253.118.0-255,5738,228198,10,378063
43098,0.025513,172.31.36.0-255,66,228264,10,378063
43099,0.027818,172.253.118.0-255,5738,234002,10,378063
43100,0.027826,172.31.36.0-255,66,234068,10,378063
43101,0.030114,172.253.118.0-255,5738,239806,10,378063
43102,0.030123,172.31.36.0-255,66,239872,10,378063
43103,0.031071,172.31.36.0-255,167,240039,10,378063
43104,0.031104,172.31.36.0-255,1112,241151,10,378063
43105,0.031167,172.31.36.0-255,1514,242665,10,378063
43106,0.031188,172.31.36.0-255,1291,243956,10,378063
43107,0.03244,172.253.118.0-255,5738,249694,10,378063
43108,0.032447,172.31.36.0-255,66,249760,10,378063
43109,0.032629,104.244.42.0-255,66,249826,10,378063
43110,0.032683,104.244.42.0-255,66,249892,10,378063
43111,0.032728,104.244.42.0-255,66,249958,10,378063
43112,0.034749,172.253.118.0-255,5738,255696,10,378063
43113,0.034757,172.31.36.0-255,66,255762,10,378063
43114,0.037069,172.253.118.0-255,5738,261500,10,378063
43115,0.037075,172.31.36.0-255,66,261566,10,378063
43116,0.039397,172.253.118.0-255,5738,267304,10,378063
43117,0.039404,172.31.36.0-255,66,267370,10,378063
43118,0.041707,172.253.118.0-255,5738,273108,10,378063
43119,0.041716,172.31.36.0-255,66,273174,10,378063
43120,0.044034,172.253.118.0-255,5738,278912,10,378063
43121,0.044041,172.31.36.0-255,66,278978,10,378063
43122,0.04632,172.253.118.0-255,5738,284716,10,378063
43123,0.046325,172.31.36.0-255,66,284782,10,378063
43124,0.048617,172.253.118.0-255,2902,287684,10,378063
43125,0.048623,172.31.36.0-255,66,287750,10,378063
43126,0.048655,172.253.118.0-255,2902,290652,10,378063
43127,0.048659,172.31.36.0-255,66,290718,10,378063
43128,0.050906,172.253.118.0-255,2902,293620,10,378063
43129,0.050912,172.31.36.0-255,66,293686,10,378063
43130,0.050946,172.253.118.0-255,2902,296588,10,378063
43131,0.05095,172.31.36.0-255,66,296654,10,378063
43132,0.053209,172.253.118.0-255,2902,299556,10,378063
43133,0.053216,172.31.36.0-255,66,299622,10,378063
43134,0.053259,172.253.118.0-255,2902,302524,10,378063
43135,0.053263,172.31.36.0-255,66,302590,10,378063
43136,0.055506,172.253.118.0-255,2902,305492,10,378063
43137,0.05551,172.31.36.0-255,66,305558,10,378063
43138,0.055542,172.253.118.0-255,2902,308460,10,378063
43139,0.055544,172.31.36.0-255,66,308526,10,378063
43140,0.057799,172.253.118.0-255,2902,311428,10,378063
43141,0.057807,172.31.36.0-255,66,311494,10,378063
43142,0.057843,172.253.118.0-255,2902,314396,10,378063
43143,0.057846,172.31.36.0-255,66,314462,10,378063
43144,0.06013,172.253.118.0-255,2902,317364,10,378063
43145,0.060137,172.31.36.0-255,66,317430,10,378063
43146,0.06019,172.253.118.0-255,2902,320332,10,378063
43147,0.060193,172.31.36.0-255,66,320398,10,378063
43148,0.06243,172.253.118.0-255,2902,323300,10,378063
43149,0.062437,172.31.36.0-255,66,323366,10,378063
43150,0.06249,172.253.118.0-255,2902,326268,10,378063
43151,0.062494,172.31.36.0-255,66,326334,10,378063
43152,0.064739,172.253.118.0-255,2902,329236,10,378063
43153,0.064746,172.31.36.0-255,66,329302,10,378063
43154,0.064797,172.253.118.0-255,2902,332204,10,378063
43155,0.064801,172.31.36.0-255,66,332270,10,378063
43156,0.067029,172.253.118.0-255,2902,335172,10,378063
43157,0.067036,172.31.36.0-255,66,335238,10,378063
43158,0.067078,172.253.118.0-255,2902,338140,10,378063
43159,0.067082,172.31.36.0-255,66,338206,10,378063
43160,0.069339,172.253.118.0-255,2902,341108,10,378063
43161,0.069346,172.31.36.0-255,66,341174,10,378063
43162,0.069382,172.253.118.0-255,2902,344076,10,378063
43163,0.069385,172.31.36.0-255,66,344142,10,378063
43164,0.071635,172.253.118.0-255,2902,347044,10,378063
43165,0.071642,172.31.36.0-255,66,347110,10,378063
43166,0.071682,172.253.118.0-255,2902,350012,10,378063
43167,0.071686,172.31.36.0-255,66,350078,10,378063
43168,0.073925,172.253.118.0-255,2902,352980,10,378063
43169,0.073932,172.31.36.0-255,66,353046,10,378063
43170,0.073975,172.253.118.0-255,2902,355948,10,378063
43171,0.073979,172.31.36.0-255,66,356014,10,378063
43172,0.07621,172.253.118.0-255,2902,358916,10,378063
43173,0.076217,172.31.36.0-255,66,358982,10,378063
43174,0.076253,172.253.118.0-255,2902,361884,10,378063
43175,0.076256,172.31.36.0-255,66,361950,10,378063
43176,0.078537,172.253.118.0-255,5738,367688,10,378063
43177,0.078548,172.31.36.0-255,66,367754,10,378063
43178,0.08086,172.253.118.0-255,5738,373492,10,378063
43179,0.080867,172.31.36.0-255,66,373558,10,378063
43180,0.083176,172.253.118.0-255,4268,377826,10,378063
43181,0.083184,172.31.36.0-255,66,377892,10,378063
43182,0.083366,172.31.36.0-255,105,377997,10,378063
43183,0.085606,172.253.118.0-255,66,378063,10,378063
43184,0.0,172.217.24.0-255,150,150,10,392905
43185,1.8e-05,172.31.36.0-255,66,216,10,392905
43186,2.5e-05,172.217.24.0-255,1484,1700,10,392905
43187,2.9e-05,172.31.36.0-255,66,1766,10,392905
43188,3.5e-05,172.217.24.0-255,2902,4668,10,392905
43189,3.7e-05,172.31.36.0-255,66,4734,10,392905
43190,4.5e-05,172.217.24.0-255,7156,11890,10,392905
43191,4.7e-05,172.31.36.0-255,66,11956,10,392905
43192,5.1e-05,172.217.24.0-255,2002,13958,10,392905
43193,5.4e-05,172.31.36.0-255,66,14024,10,392905
43194,8.8e-05,172.217.24.0-255,2902,16926,10,392905
43195,9.1e-05,172.31.36.0-255,66,16992,10,392905
43196,0.000114,172.217.24.0-255,4320,21312,10,392905
43197,0.000117,172.31.36.0-255,66,21378,10,392905
43198,0.000124,172.217.24.0-255,7156,28534,10,392905
43199,0.000127,172.31.36.0-255,66,28600,10,392905
43200,0.00014,172.217.24.0-255,1484,30084,10,392905
43201,0.000142,172.31.36.0-255,66,30150,10,392905
43202,0.000146,172.217.24.0-255,1125,31275,10,392905
43203,0.000147,172.31.36.0-255,66,31341,10,392905
43204,0.000319,172.217.24.0-255,1484,32825,10,392905
43205,0.000324,172.31.36.0-255,66,32891,10,392905
43206,0.000329,172.217.24.0-255,2902,35793,10,392905
43207,0.000332,172.31.36.0-255,66,35859,10,392905
43208,0.000346,172.217.24.0-255,2902,38761,10,392905
43209,0.000348,172.31.36.0-255,66,38827,10,392905
43210,0.000353,172.217.24.0-255,4320,43147,10,392905
43211,0.000356,172.31.36.0-255,66,43213,10,392905
43212,0.000399,172.217.24.0-255,5379,48592,10,392905
43213,0.000401,172.31.36.0-255,66,48658,10,392905
43214,0.000847,172.217.24.0-255,1484,50142,10,392905
43215,0.000852,172.31.36.0-255,66,50208,10,392905
43216,0.000858,172.217.24.0-255,2902,53110,10,392905
43217,0.00086,172.31.36.0-255,66,53176,10,392905
43218,0.000888,172.217.24.0-255,5738,58914,10,392905
43219,0.00089,172.31.36.0-255,66,58980,10,392905
43220,0.000893,172.217.24.0-255,1484,60464,10,392905
43221,0.000911,172.217.24.0-255,2902,63366,10,392905
43222,0.000913,172.31.36.0-255,66,63432,10,392905
43223,0.000955,172.217.24.0-255,2873,66305,10,392905
43224,0.000958,172.31.36.0-255,66,66371,10,392905
43225,0.001187,172.217.24.0-255,117,66488,10,392905
43226,0.00137,172.217.24.0-255,1484,67972,10,392905
43227,0.001375,172.31.36.0-255,66,68038,10,392905
43228,0.001382,172.217.24.0-255,2902,70940,10,392905
43229,0.001384,172.31.36.0-255,66,71006,10,392905
43230,0.001402,172.217.24.0-255,4320,75326,10,392905
43231,0.001404,172.31.36.0-255,66,75392,10,392905
43232,0.00141,172.217.24.0-255,2902,78294,10,392905
43233,0.001412,172.31.36.0-255,66,78360,10,392905
43234,0.001431,172.217.24.0-255,2902,81262,10,392905
43235,0.001433,172.31.36.0-255,66,81328,10,392905
43236,0.001442,172.217.24.0-255,7156,88484,10,392905
43237,0.001443,172.31.36.0-255,66,88550,10,392905
43238,0.001467,172.217.24.0-255,5379,93929,10,392905
43239,0.00147,172.31.36.0-255,66,93995,10,392905
43240,0.001475,172.217.24.0-255,4320,98315,10,392905
43241,0.001477,172.31.36.0-255,66,98381,10,392905
43242,0.001501,172.217.24.0-255,2543,100924,10,392905
43243,0.001503,172.31.36.0-255,66,100990,10,392905
43244,0.001827,172.217.24.0-255,1484,102474,10,392905
43245,0.001835,172.217.24.0-255,2902,105376,10,392905
43246,0.001839,172.31.36.0-255,66,105442,10,392905
43247,0.001847,172.217.24.0-255,4320,109762,10,392905
43248,0.001849,172.31.36.0-255,66,109828,10,392905
43249,0.001873,172.217.24.0-255,1484,111312,10,392905
43250,0.001877,172.217.24.0-255,2902,114214,10,392905
43251,0.001879,172.31.36.0-255,66,114280,10,392905
43252,0.001885,172.217.24.0-255,4320,118600,10,392905
43253,0.001887,172.31.36.0-255,66,118666,10,392905
43254,0.0019,172.31.36.0-255,66,118732,10,392905
43255,0.001903,172.217.24.0-255,1484,120216,10,392905
43256,0.001921,172.217.24.0-255,4320,124536,10,392905
43257,0.001924,172.31.36.0-255,66,124602,10,392905
43258,0.001958,172.217.24.0-255,2184,126786,10,392905
43259,0.001961,172.31.36.0-255,66,126852,10,392905
43260,0.003852,172.217.24.0-255,2902,129754,10,392905
43261,0.003858,172.31.36.0-255,66,129820,10,392905
43262,0.003876,172.217.24.0-255,2902,132722,10,392905
43263,0.003879,172.31.36.0-255,66,132788,10,392905
43264,0.005787,172.217.24.0-255,2902,135690,10,392905
43265,0.00579,172.31.36.0-255,66,135756,10,392905
43266,0.005809,172.217.24.0-255,2902,138658,10,392905
43267,0.005811,172.31.36.0-255,66,138724,10,392905
43268,0.007719,172.217.24.0-255,2902,141626,10,392905
43269,0.007726,172.31.36.0-255,66,141692,10,392905
43270,0.007743,172.217.24.0-255,2902,144594,10,392905
43271,0.007746,172.31.36.0-255,66,144660,10,392905
43272,0.00966,172.217.24.0-255,5738,150398,10,392905
43273,0.009667,172.31.36.0-255,66,150464,10,392905
43274,0.011604,172.217.24.0-255,5738,156202,10,392905
43275,0.011611,172.31.36.0-255,66,156268,10,392905
43276,0.013548,172.217.24.0-255,5738,162006,10,392905
43277,0.013556,172.31.36.0-255,66,162072,10,392905
43278,0.0155,172.217.24.0-255,5738,167810,10,392905
43279,0.015508,172.31.36.0-255,66,167876,10,392905
43280,0.0175,172.217.24.0-255,5738,173614,10,392905
43281,0.017507,172.31.36.0-255,66,173680,10,392905
43282,0.019454,172.217.24.0-255,5738,179418,10,392905
43283,0.019462,172.31.36.0-255,66,179484,10,392905
43284,0.021403,172.217.24.0-255,5738,185222,10,392905
43285,0.02141,172.31.36.0-255,66,185288,10,392905
43286,0.023354,172.217.24.0-255,5738,191026,10,392905
43287,0.023361,172.31.36.0-255,66,191092,10,392905
43288,0.025347,172.217.24.0-255,5738,196830,10,392905
43289,0.025355,172.31.36.0-255,66,196896,10,392905
43290,0.02731,172.217.24.0-255,5738,202634,10,392905
43291,0.027318,172.31.36.0-255,66,202700,10,392905
43292,0.029252,172.217.24.0-255,5738,208438,10,392905
43293,0.029258,172.31.36.0-255,66,208504,10,392905
43294,0.030426,172.31.36.0-255,188,208692,10,392905
43295,0.030459,172.31.36.0-255,956,209648,10,392905
43296,0.030521,172.31.36.0-255,1514,211162,10,392905
43297,0.030523,172.31.36.0-255,1447,212609,10,392905
43298,0.031223,172.217.24.0-255,5738,218347,10,392905
43299,0.03123,172.31.36.0-255,66,218413,10,392905
43300,0.031966,104.244.42.0-255,66,218479,10,392905
43301,0.032009,104.244.42.0-255,66,218545,10,392905
43302,0.032142,104.244.42.0-255,66,218611,10,392905
43303,0.033173,172.217.24.0-255,5738,224349,10,392905
43304,0.033178,172.31.36.0-255,66,224415,10,392905
43305,0.035119,172.217.24.0-255,5738,230153,10,392905
43306,0.035125,172.31.36.0-255,66,230219,10,392905
43307,0.035439,104.244.42.0-255,108,230327,10,392905
43308,0.035448,172.31.36.0-255,66,230393,10,392905
43309,0.037071,172.217.24.0-255,5738,236131,10,392905
43310,0.037078,172.31.36.0-255,66,236197,10,392905
43311,0.03903,172.217.24.0-255,5738,241935,10,392905
43312,0.039037,172.31.36.0-255,66,242001,10,392905
43313,0.040995,172.217.24.0-255,5738,247739,10,392905
43314,0.041003,172.31.36.0-255,66,247805,10,392905
43315,0.042956,172.217.24.0-255,5738,253543,10,392905
43316,0.042963,172.31.36.0-255,66,253609,10,392905
43317,0.04491,172.217.24.0-255,5738,259347,10,392905
43318,0.044916,172.31.36.0-255,66,259413,10,392905
43319,0.046862,172.217.24.0-255,5738,265151,10,392905
43320,0.046869,172.31.36.0-255,66,265217,10,392905
43321,0.048821,172.217.24.0-255,5738,270955,10,392905
43322,0.048827,172.31.36.0-255,66,271021,10,392905
43323,0.05078,172.217.24.0-255,5738,276759,10,392905
43324,0.050787,172.31.36.0-255,66,276825,10,392905
43325,0.052727,172.217.24.0-255,5738,282563,10,392905
43326,0.052734,172.31.36.0-255,66,282629,10,392905
43327,0.054683,172.217.24.0-255,5738,288367,10,392905
43328,0.054691,172.31.36.0-255,66,288433,10,392905
43329,0.056641,172.217.24.0-255,5738,294171,10,392905
43330,0.056648,172.31.36.0-255,66,294237,10,392905
43331,0.058591,172.217.24.0-255,5738,299975,10,392905
43332,0.058598,172.31.36.0-255,66,300041,10,392905
43333,0.060561,172.217.24.0-255,5738,305779,10,392905
43334,0.060568,172.31.36.0-255,66,305845,10,392905
43335,0.062519,172.217.24.0-255,5738,311583,10,392905
43336,0.062525,172.31.36.0-255,66,311649,10,392905
43337,0.064475,172.217.24.0-255,5738,317387,10,392905
43338,0.064481,172.31.36.0-255,66,317453,10,392905
43339,0.06643,172.217.24.0-255,5738,323191,10,392905
43340,0.066436,172.31.36.0-255,66,323257,10,392905
43341,0.068375,172.217.24.0-255,5738,328995,10,392905
43342,0.068382,172.31.36.0-255,66,329061,10,392905
43343,0.070331,172.217.24.0-255,5738,334799,10,392905
43344,0.070338,172.31.36.0-255,66,334865,10,392905
43345,0.072279,172.217.24.0-255,5738,340603,10,392905
43346,0.072285,172.31.36.0-255,66,340669,10,392905
43347,0.074229,172.217.24.0-255,5738,346407,10,392905
43348,0.074236,172.31.36.0-255,66,346473,10,392905
43349,0.076178,172.217.24.0-255,5738,352211,10,392905
43350,0.076185,172.31.36.0-255,66,352277,10,392905
43351,0.078135,172.217.24.0-255,5738,358015,10,392905
43352,0.078142,172.31.36.0-255,66,358081,10,392905
43353,0.080089,172.217.24.0-255,5738,363819,10,392905
43354,0.080096,172.31.36.0-255,66,363885,10,392905
43355,0.082085,172.217.24.0-255,5738,369623,10,392905
43356,0.082092,172.31.36.0-255,66,369689,10,392905
43357,0.084035,172.217.24.0-255,5738,375427,10,392905
43358,0.084041,172.31.36.0-255,66,375493,10,392905
43359,0.085991,172.217.24.0-255,5738,381231,10,392905
43360,0.085998,172.31.36.0-255,66,381297,10,392905
43361,0.087948,172.217.24.0-255,5738,387035,10,392905
43362,0.087954,172.31.36.0-255,66,387101,10,392905
43363,0.089908,172.217.24.0-255,5738,392839,10,392905
43364,0.089914,172.31.36.0-255,66,392905,10,392905
43365,0.0,172.217.194.0-255,150,150,10,340379
43366,1.6e-05,172.31.36.0-255,66,216,10,340379
43367,2.3e-05,172.217.194.0-255,1484,1700,10,340379
43368,2.8e-05,172.31.36.0-255,66,1766,10,340379
43369,3.3e-05,172.217.194.0-255,2902,4668,10,340379
43370,3.7e-05,172.31.36.0-255,66,4734,10,340379
43371,4.5e-05,172.217.194.0-255,7156,11890,10,340379
43372,4.7e-05,172.31.36.0-255,66,11956,10,340379
43373,6.3e-05,172.217.194.0-255,2103,14059,10,340379
43374,6.6e-05,172.31.36.0-255,66,14125,10,340379
43375,0.000102,172.217.194.0-255,2902,17027,10,340379
43376,0.000106,172.31.36.0-255,66,17093,10,340379
43377,0.000133,172.31.36.0-255,66,17159,10,340379
43378,0.000139,172.217.194.0-255,5379,22538,10,340379
43379,0.000142,172.31.36.0-255,66,22604,10,340379
43380,0.000185,172.217.194.0-255,1484,24088,10,340379
43381,0.000188,172.31.36.0-255,66,24154,10,340379
43382,0.000193,172.217.194.0-255,2902,27056,10,340379
43383,0.000195,172.31.36.0-255,66,27122,10,340379
43384,0.000214,172.217.194.0-255,5738,32860,10,340379
43385,0.000217,172.31.36.0-255,66,32926,10,340379
43386,0.000222,172.217.194.0-255,4320,37246,10,340379
43387,0.000224,172.31.36.0-255,66,37312,10,340379
43388,0.00024,172.217.194.0-255,1484,38796,10,340379
43389,0.000242,172.31.36.0-255,66,38862,10,340379
43390,0.000266,172.217.194.0-255,1125,39987,10,340379
43391,0.000268,172.31.36.0-255,66,40053,10,340379
43392,0.001012,172.217.194.0-255,1484,41537,10,340379
43393,0.001018,172.31.36.0-255,66,41603,10,340379
43394,0.001025,172.217.194.0-255,2902,44505,10,340379
43395,0.001027,172.31.36.0-255,66,44571,10,340379
43396,0.001058,172.217.194.0-255,5738,50309,10,340379
43397,0.001061,172.31.36.0-255,66,50375,10,340379
43398,0.001082,172.217.194.0-255,6797,57172,10,340379
43399,0.001084,172.31.36.0-255,66,57238,10,340379
43400,0.001097,172.217.194.0-255,2902,60140,10,340379
43401,0.001099,172.31.36.0-255,66,60206,10,340379
43402,0.001121,172.217.194.0-255,4320,64526,10,340379
43403,0.001123,172.31.36.0-255,66,64592,10,340379
43404,0.001129,172.217.194.0-255,4320,68912,10,340379
43405,0.001131,172.31.36.0-255,66,68978,10,340379
43406,0.001147,172.217.194.0-255,5958,74936,10,340379
43407,0.00115,172.31.36.0-255,66,75002,10,340379
43408,0.001176,172.31.36.0-255,66,75068,10,340379
43409,0.001191,172.217.194.0-255,1484,76552,10,340379
43410,0.001197,172.217.194.0-255,5379,81931,10,340379
43411,0.0012,172.31.36.0-255,66,81997,10,340379
43412,0.003427,172.217.194.0-255,1484,83481,10,340379
43413,0.003437,172.217.194.0-255,2902,86383,10,340379
43414,0.003442,172.31.36.0-255,66,86449,10,340379
43415,0.003447,172.217.194.0-255,1484,87933,10,340379
43416,0.005389,172.217.194.0-255,4320,92253,10,340379
43417,0.005393,172.31.36.0-255,66,92319,10,340379
43418,0.007385,172.217.194.0-255,5738,98057,10,340379
43419,0.007392,172.31.36.0-255,66,98123,10,340379
43420,0.00939,172.217.194.0-255,5738,103861,10,340379
43421,0.009398,172.31.36.0-255,66,103927,10,340379
43422,0.011355,172.217.194.0-255,5738,109665,10,340379
43423,0.011363,172.31.36.0-255,66,109731,10,340379
43424,0.013319,172.217.194.0-255,5738,115469,10,340379
43425,0.013327,172.31.36.0-255,66,115535,10,340379
43426,0.015278,172.217.194.0-255,5738,121273,10,340379
43427,0.015288,172.31.36.0-255,66,121339,10,340379
43428,0.017262,172.217.194.0-255,5738,127077,10,340379
43429,0.017276,172.31.36.0-255,66,127143,10,340379
43430,0.019235,172.217.194.0-255,5738,132881,10,340379
43431,0.019242,172.31.36.0-255,66,132947,10,340379
43432,0.021183,172.217.194.0-255,5738,138685,10,340379
43433,0.02119,172.31.36.0-255,66,138751,10,340379
43434,0.023151,172.217.194.0-255,5738,144489,10,340379
43435,0.023161,172.31.36.0-255,66,144555,10,340379
43436,0.02514,172.217.194.0-255,5738,150293,10,340379
43437,0.025148,172.31.36.0-255,66,150359,10,340379
43438,0.027142,172.217.194.0-255,5738,156097,10,340379
43439,0.027149,172.31.36.0-255,66,156163,10,340379
43440,0.027289,172.31.36.0-255,176,156339,10,340379
43441,0.027319,172.31.36.0-255,1112,157451,10,340379
43442,0.027442,172.31.36.0-255,1514,158965,10,340379
43443,0.027444,172.31.36.0-255,1292,160257,10,340379
43444,0.028827,104.244.42.0-255,66,160323,10,340379
43445,0.028904,104.244.42.0-255,66,160389,10,340379
43446,0.029012,104.244.42.0-255,66,160455,10,340379
43447,0.029092,172.217.194.0-255,5738,166193,10,340379
43448,0.029097,172.31.36.0-255,66,166259,10,340379
43449,0.031066,172.217.194.0-255,5738,171997,10,340379
43450,0.031073,172.31.36.0-255,66,172063,10,340379
43451,0.033015,172.217.194.0-255,5738,177801,10,340379
43452,0.033023,172.31.36.0-255,66,177867,10,340379
43453,0.034972,172.217.194.0-255,5738,183605,10,340379
43454,0.034979,172.31.36.0-255,66,183671,10,340379
43455,0.036948,172.217.194.0-255,5738,189409,10,340379
43456,0.03696,172.31.36.0-255,66,189475,10,340379
43457,0.038933,172.217.194.0-255,5738,195213,10,340379
43458,0.038941,172.31.36.0-255,66,195279,10,340379
43459,0.04097,172.217.194.0-255,5738,201017,10,340379
43460,0.040976,172.31.36.0-255,66,201083,10,340379
43461,0.042967,172.217.194.0-255,5738,206821,10,340379
43462,0.042977,172.31.36.0-255,66,206887,10,340379
43463,0.044964,172.217.194.0-255,5738,212625,10,340379
43464,0.044971,172.31.36.0-255,66,212691,10,340379
43465,0.046929,172.217.194.0-255,5738,218429,10,340379
43466,0.046936,172.31.36.0-255,66,218495,10,340379
43467,0.048897,172.217.194.0-255,5738,224233,10,340379
43468,0.048903,172.31.36.0-255,66,224299,10,340379
43469,0.050856,172.217.194.0-255,5738,230037,10,340379
43470,0.050863,172.31.36.0-255,66,230103,10,340379
43471,0.052848,172.217.194.0-255,5738,235841,10,340379
43472,0.052858,172.31.36.0-255,66,235907,10,340379
43473,0.054812,172.217.194.0-255,5738,241645,10,340379
43474,0.054819,172.31.36.0-255,66,241711,10,340379
43475,0.056765,172.217.194.0-255,5738,247449,10,340379
43476,0.056771,172.31.36.0-255,66,247515,10,340379
43477,0.058749,172.217.194.0-255,5738,253253,10,340379
43478,0.058755,172.31.36.0-255,66,253319,10,340379
43479,0.060747,172.217.194.0-255,5738,259057,10,340379
43480,0.060754,172.31.36.0-255,66,259123,10,340379
43481,0.062765,172.217.194.0-255,5738,264861,10,340379
43482,0.062773,172.31.36.0-255,66,264927,10,340379
43483,0.064764,172.217.194.0-255,5738,270665,10,340379
43484,0.064771,172.31.36.0-255,66,270731,10,340379
43485,0.066758,172.217.194.0-255,5738,276469,10,340379
43486,0.066766,172.31.36.0-255,66,276535,10,340379
43487,0.068715,172.217.194.0-255,5738,282273,10,340379
43488,0.068722,172.31.36.0-255,66,282339,10,340379
43489,0.070673,172.217.194.0-255,5738,288077,10,340379
43490,0.070682,172.31.36.0-255,66,288143,10,340379
43491,0.072643,172.217.194.0-255,5738,293881,10,340379
43492,0.07265,172.31.36.0-255,66,293947,10,340379
43493,0.074603,172.217.194.0-255,5738,299685,10,340379
43494,0.07461,172.31.36.0-255,66,299751,10,340379
43495,0.076557,172.217.194.0-255,5738,305489,10,340379
43496,0.076564,172.31.36.0-255,66,305555,10,340379
43497,0.078525,172.217.194.0-255,5738,311293,10,340379
43498,0.078531,172.31.36.0-255,66,311359,10,340379
43499,0.080472,172.217.194.0-255,5738,317097,10,340379
43500,0.080479,172.31.36.0-255,66,317163,10,340379
43501,0.082427,172.217.194.0-255,5738,322901,10,340379
43502,0.082434,172.31.36.0-255,66,322967,10,340379
43503,0.084375,172.217.194.0-255,5738,328705,10,340379
43504,0.084382,172.31.36.0-255,66,328771,10,340379
43505,0.08636,172.217.194.0-255,5738,334509,10,340379
43506,0.086369,172.31.36.0-255,66,334575,10,340379
43507,0.088353,172.217.194.0-255,5738,340313,10,340379
43508,0.08836,172.31.36.0-255,66,340379,10,340379
43509,0.0,74.125.24.0-255,150,150,10,332124
43510,3.4e-05,172.31.36.0-255,66,216,10,332124
43511,4.2e-05,74.125.24.0-255,1484,1700,10,332124
43512,4.7e-05,172.31.36.0-255,66,1766,10,332124
43513,5.3e-05,74.125.24.0-255,2902,4668,10,332124
43514,5.5e-05,172.31.36.0-255,66,4734,10,332124
43515,6.3e-05,74.125.24.0-255,7156,11890,10,332124
43516,6.5e-05,172.31.36.0-255,66,11956,10,332124
43517,7e-05,74.125.24.0-255,2902,14858,10,332124
43518,7.2e-05,172.31.36.0-255,66,14924,10,332124
43519,0.000114,172.31.36.0-255,66,14990,10,332124
43520,0.000118,74.125.24.0-255,2543,17533,10,332124
43521,0.00012,172.31.36.0-255,66,17599,10,332124
43522,0.000298,74.125.24.0-255,1484,19083,10,332124
43523,0.000303,172.31.36.0-255,66,19149,10,332124
43524,0.000309,74.125.24.0-255,2902,22051,10,332124
43525,0.000311,172.31.36.0-255,66,22117,10,332124
43526,0.000317,74.125.24.0-255,5738,27855,10,332124
43527,0.00032,172.31.36.0-255,66,27921,10,332124
43528,0.000351,74.125.24.0-255,6797,34718,10,332124
43529,0.000356,172.31.36.0-255,66,34784,10,332124
43530,0.000362,74.125.24.0-255,4320,39104,10,332124
43531,0.000364,172.31.36.0-255,66,39170,10,332124
43532,0.000391,172.31.36.0-255,66,39236,10,332124
43533,0.000395,74.125.24.0-255,2816,42052,10,332124
43534,0.000398,172.31.36.0-255,66,42118,10,332124
43535,0.000419,74.125.24.0-255,132,42250,10,332124
43536,0.000422,172.31.36.0-255,66,42316,10,332124
43537,0.000534,74.125.24.0-255,1484,43800,10,332124
43538,0.000538,172.31.36.0-255,66,43866,10,332124
43539,0.000563,74.125.24.0-255,2902,46768,10,332124
43540,0.000566,172.31.36.0-255,66,46834,10,332124
43541,0.000574,74.125.24.0-255,5738,52572,10,332124
43542,0.000576,172.31.36.0-255,66,52638,10,332124
43543,0.000604,74.125.24.0-255,7079,59717,10,332124
43544,0.000607,172.31.36.0-255,66,59783,10,332124
43545,0.000661,74.125.24.0-255,1484,61267,10,332124
43546,0.000667,74.125.24.0-255,2902,64169,10,332124
43547,0.00067,172.31.36.0-255,66,64235,10,332124
43548,0.000689,74.125.24.0-255,1484,65719,10,332124
43549,0.000706,74.125.24.0-255,4320,70039,10,332124
43550,0.000709,172.31.36.0-255,66,70105,10,332124
43551,0.000716,74.125.24.0-255,6797,76902,10,332124
43552,0.000718,172.31.36.0-255,66,76968,10,332124
43553,0.001189,74.125.24.0-255,1484,78452,10,332124
43554,0.001197,74.125.24.0-255,2902,81354,10,332124
43555,0.001201,172.31.36.0-255,66,81420,10,332124
43556,0.001209,74.125.24.0-255,5738,87158,10,332124
43557,0.001211,172.31.36.0-255,66,87224,10,332124
43558,0.00128,172.31.36.0-255,66,87290,10,332124
43559,0.001287,74.125.24.0-255,7156,94446,10,332124
43560,0.001289,172.31.36.0-255,66,94512,10,332124
43561,0.001307,74.125.24.0-255,1484,95996,10,332124
43562,0.001326,74.125.24.0-255,2184,98180,10,332124
43563,0.00133,172.31.36.0-255,66,98246,10,332124
43564,0.001384,74.125.24.0-255,1484,99730,10,332124
43565,0.001389,74.125.24.0-255,2902,102632,10,332124
43566,0.001392,172.31.36.0-255,66,102698,10,332124
43567,0.001396,74.125.24.0-255,1484,104182,10,332124
43568,0.001415,74.125.24.0-255,4320,108502,10,332124
43569,0.001418,172.31.36.0-255,66,108568,10,332124
43570,0.001423,74.125.24.0-255,4320,112888,10,332124
43571,0.001425,172.31.36.0-255,66,112954,10,332124
43572,0.001452,172.31.36.0-255,66,113020,10,332124
43573,0.001465,172.31.36.0-255,66,113086,10,332124
43574,0.001488,74.125.24.0-255,2184,115270,10,332124
43575,0.001491,172.31.36.0-255,66,115336,10,332124
43576,0.003791,74.125.24.0-255,5738,121074,10,332124
43577,0.0038,172.31.36.0-255,66,121140,10,332124
43578,0.006121,74.125.24.0-255,5738,126878,10,332124
43579,0.006128,172.31.36.0-255,66,126944,10,332124
43580,0.008464,74.125.24.0-255,5738,132682,10,332124
43581,0.008471,172.31.36.0-255,66,132748,10,332124
43582,0.010802,74.125.24.0-255,5738,138486,10,332124
43583,0.010811,172.31.36.0-255,66,138552,10,332124
43584,0.013193,74.125.24.0-255,5738,144290,10,332124
43585,0.013201,172.31.36.0-255,66,144356,10,332124
43586,0.015524,74.125.24.0-255,5738,150094,10,332124
43587,0.015534,172.31.36.0-255,66,150160,10,332124
43588,0.017852,74.125.24.0-255,5738,155898,10,332124
43589,0.01786,172.31.36.0-255,66,155964,10,332124
43590,0.020168,74.125.24.0-255,5738,161702,10,332124
43591,0.020174,172.31.36.0-255,66,161768,10,332124
43592,0.022533,74.125.24.0-255,5738,167506,10,332124
43593,0.02254,172.31.36.0-255,66,167572,10,332124
43594,0.024839,74.125.24.0-255,5738,173310,10,332124
43595,0.024847,172.31.36.0-255,66,173376,10,332124
43596,0.027165,74.125.24.0-255,5738,179114,10,332124
43597,0.027174,172.31.36.0-255,66,179180,10,332124
43598,0.029504,74.125.24.0-255,5738,184918,10,332124
43599,0.029509,172.31.36.0-255,66,184984,10,332124
43600,0.029648,172.31.36.0-255,167,185151,10,332124
43601,0.029678,172.31.36.0-255,1111,186262,10,332124
43602,0.02978,172.31.36.0-255,1514,187776,10,332124
43603,0.029781,172.31.36.0-255,1292,189068,10,332124
43604,0.031174,104.244.42.0-255,66,189134,10,332124
43605,0.031221,104.244.42.0-255,66,189200,10,332124
43606,0.031322,104.244.42.0-255,66,189266,10,332124
43607,0.031819,74.125.24.0-255,1484,190750,10,332124
43608,0.031851,74.125.24.0-255,4320,195070,10,332124
43609,0.031855,172.31.36.0-255,66,195136,10,332124
43610,0.03416,74.125.24.0-255,5738,200874,10,332124
43611,0.034166,172.31.36.0-255,66,200940,10,332124
43612,0.036464,74.125.24.0-255,5738,206678,10,332124
43613,0.036469,172.31.36.0-255,66,206744,10,332124
43614,0.03877,74.125.24.0-255,5738,212482,10,332124
43615,0.038776,172.31.36.0-255,66,212548,10,332124
43616,0.041094,74.125.24.0-255,5738,218286,10,332124
43617,0.041101,172.31.36.0-255,66,218352,10,332124
43618,0.043396,74.125.24.0-255,5738,224090,10,332124
43619,0.043401,172.31.36.0-255,66,224156,10,332124
43620,0.045723,74.125.24.0-255,5738,229894,10,332124
43621,0.045728,172.31.36.0-255,66,229960,10,332124
43622,0.048027,74.125.24.0-255,5738,235698,10,332124
43623,0.048032,172.31.36.0-255,66,235764,10,332124
43624,0.050361,74.125.24.0-255,4320,240084,10,332124
43625,0.050367,172.31.36.0-255,66,240150,10,332124
43626,0.050398,74.125.24.0-255,1484,241634,10,332124
43627,0.052695,74.125.24.0-255,4320,245954,10,332124
43628,0.0527,172.31.36.0-255,66,246020,10,332124
43629,0.055041,74.125.24.0-255,5738,251758,10,332124
43630,0.055048,172.31.36.0-255,66,251824,10,332124
43631,0.057333,74.125.24.0-255,4320,256144,10,332124
43632,0.057338,172.31.36.0-255,66,256210,10,332124
43633,0.057366,74.125.24.0-255,1484,257694,10,332124
43634,0.059624,74.125.24.0-255,4320,262014,10,332124
43635,0.059629,172.31.36.0-255,66,262080,10,332124
43636,0.061917,74.125.24.0-255,4320,266400,10,332124
43637,0.061922,172.31.36.0-255,66,266466,10,332124
43638,0.061948,74.125.24.0-255,1484,267950,10,332124
43639,0.064248,74.125.24.0-255,4320,272270,10,332124
43640,0.064253,172.31.36.0-255,66,272336,10,332124
43641,0.066551,74.125.24.0-255,5738,278074,10,332124
43642,0.066556,172.31.36.0-255,66,278140,10,332124
43643,0.068851,74.125.24.0-255,5738,283878,10,332124
43644,0.068858,172.31.36.0-255,66,283944,10,332124
43645,0.071165,74.125.24.0-255,4320,288264,10,332124
43646,0.07117,172.31.36.0-255,66,288330,10,332124
43647,0.071199,74.125.24.0-255,1484,289814,10,332124
43648,0.073472,74.125.24.0-255,4320,294134,10,332124
43649,0.073477,172.31.36.0-255,66,294200,10,332124
43650,0.075777,74.125.24.0-255,5738,299938,10,332124
43651,0.075783,172.31.36.0-255,66,300004,10,332124
43652,0.0781,74.125.24.0-255,4320,304324,10,332124
43653,0.078105,172.31.36.0-255,66,304390,10,332124
43654,0.078136,74.125.24.0-255,1484,305874,10,332124
43655,0.080401,74.125.24.0-255,4320,310194,10,332124
43656,0.080407,172.31.36.0-255,66,310260,10,332124
43657,0.082715,74.125.24.0-255,5738,315998,10,332124
43658,0.08272,172.31.36.0-255,66,316064,10,332124
43659,0.085044,74.125.24.0-255,5738,321802,10,332124
43660,0.085049,172.31.36.0-255,66,321868,10,332124
43661,0.087349,74.125.24.0-255,4320,326188,10,332124
43662,0.087354,172.31.36.0-255,66,326254,10,332124
43663,0.087382,74.125.24.0-255,1484,327738,10,332124
43664,0.089677,74.125.24.0-255,4320,332058,10,332124
43665,0.089683,172.31.36.0-255,66,332124,10,332124
43666,0.0,172.217.194.0-255,153,153,10,241779
43667,2.8e-05,172.31.36.0-255,66,219,10,241779
43668,3.4e-05,172.217.194.0-255,1484,1703,10,241779
43669,3.7e-05,172.31.36.0-255,66,1769,10,241779
43670,4.1e-05,172.217.194.0-255,2902,4671,10,241779
43671,4.4e-05,172.31.36.0-255,66,4737,10,241779
43672,8.3e-05,172.217.194.0-255,7156,11893,10,241779
43673,8.6e-05,172.31.36.0-255,66,11959,10,241779
43674,9.7e-05,172.31.36.0-255,66,12025,10,241779
43675,0.000103,172.217.194.0-255,6797,18822,10,241779
43676,0.000106,172.31.36.0-255,66,18888,10,241779
43677,0.000174,172.217.194.0-255,1484,20372,10,241779
43678,0.000178,172.31.36.0-255,66,20438,10,241779
43679,0.000182,172.217.194.0-255,2902,23340,10,241779
43680,0.000184,172.31.36.0-255,66,23406,10,241779
43681,0.000206,172.217.194.0-255,4320,27726,10,241779
43682,0.000208,172.31.36.0-255,66,27792,10,241779
43683,0.000241,172.31.36.0-255,66,27858,10,241779
43684,0.000279,172.31.36.0-255,66,27924,10,241779
43685,0.000282,172.217.194.0-255,647,28571,10,241779
43686,0.000283,172.31.36.0-255,66,28637,10,241779
43687,0.000407,172.217.194.0-255,1484,30121,10,241779
43688,0.00041,172.31.36.0-255,66,30187,10,241779
43689,0.000415,172.217.194.0-255,2902,33089,10,241779
43690,0.00042,172.31.36.0-255,66,33155,10,241779
43691,0.000437,172.217.194.0-255,5738,38893,10,241779
43692,0.00044,172.31.36.0-255,66,38959,10,241779
43693,0.000478,172.31.36.0-255,66,39025,10,241779
43694,0.000483,172.217.194.0-255,4320,43345,10,241779
43695,0.000486,172.31.36.0-255,66,43411,10,241779
43696,0.000507,172.217.194.0-255,5738,49149,10,241779
43697,0.000515,172.217.194.0-255,2902,52051,10,241779
43698,0.000511,172.31.36.0-255,66,52117,10,241779
43699,0.000517,172.31.36.0-255,66,52183,10,241779
43700,0.000534,172.217.194.0-255,2184,54367,10,241779
43701,0.00054,172.31.36.0-255,66,54433,10,241779
43702,0.000743,172.217.194.0-255,1484,55917,10,241779
43703,0.000748,172.217.194.0-255,2902,58819,10,241779
43704,0.000751,172.31.36.0-255,66,58885,10,241779
43705,0.000779,172.217.194.0-255,5738,64623,10,241779
43706,0.000781,172.31.36.0-255,66,64689,10,241779
43707,0.000806,172.217.194.0-255,7156,71845,10,241779
43708,0.000809,172.31.36.0-255,66,71911,10,241779
43709,0.000839,172.217.194.0-255,5738,77649,10,241779
43710,0.000842,172.31.36.0-255,66,77715,10,241779
43711,0.000848,172.217.194.0-255,5738,83453,10,241779
43712,0.00085,172.31.36.0-255,66,83519,10,241779
43713,0.000875,172.217.194.0-255,5020,88539,10,241779
43714,0.000878,172.31.36.0-255,66,88605,10,241779
43715,0.001106,172.217.194.0-255,1484,90089,10,241779
43716,0.001123,172.217.194.0-255,2902,92991,10,241779
43717,0.001126,172.31.36.0-255,66,93057,10,241779
43718,0.001154,172.217.194.0-255,5738,98795,10,241779
43719,0.001157,172.31.36.0-255,66,98861,10,241779
43720,0.001189,172.217.194.0-255,1484,100345,10,241779
43721,0.001222,172.31.36.0-255,66,100411,10,241779
43722,0.001227,172.31.36.0-255,66,100477,10,241779
43723,0.001229,172.217.194.0-255,766,101243,10,241779
43724,0.001353,172.217.194.0-255,1484,102727,10,241779
43725,0.001356,172.31.36.0-255,66,102793,10,241779
43726,0.001359,172.217.194.0-255,1484,104277,10,241779
43727,0.001379,172.217.194.0-255,1484,105761,10,241779
43728,0.001381,172.31.36.0-255,66,105827,10,241779
43729,0.001387,172.217.194.0-255,4320,110147,10,241779
43730,0.001388,172.31.36.0-255,66,110213,10,241779
43731,0.001416,172.217.194.0-255,1484,111697,10,241779
43732,0.001449,172.31.36.0-255,66,111763,10,241779
43733,0.001454,172.31.36.0-255,66,111829,10,241779
43734,0.00149,172.217.194.0-255,3602,115431,10,241779
43735,0.001493,172.31.36.0-255,66,115497,10,241779
43736,0.001527,172.217.194.0-255,4320,119817,10,241779
43737,0.00153,172.31.36.0-255,66,119883,10,241779
43738,0.001563,172.217.194.0-255,5738,125621,10,241779
43739,0.001567,172.31.36.0-255,66,125687,10,241779
43740,0.001601,172.31.36.0-255,66,125753,10,241779
43741,0.001607,172.217.194.0-255,5738,131491,10,241779
43742,0.001609,172.31.36.0-255,66,131557,10,241779
43743,0.001656,172.217.194.0-255,5738,137295,10,241779
43744,0.001659,172.31.36.0-255,66,137361,10,241779
43745,0.001697,172.31.36.0-255,66,137427,10,241779
43746,0.00172,172.31.36.0-255,66,137493,10,241779
43747,0.001725,172.217.194.0-255,3602,141095,10,241779
43748,0.001728,172.31.36.0-255,66,141161,10,241779
43749,0.001917,172.217.194.0-255,1484,142645,10,241779
43750,0.001934,172.217.194.0-255,2902,145547,10,241779
43751,0.001938,172.31.36.0-255,66,145613,10,241779
43752,0.001971,172.217.194.0-255,4320,149933,10,241779
43753,0.001975,172.217.194.0-255,2902,152835,10,241779
43754,0.001975,172.31.36.0-255,66,152901,10,241779
43755,0.001979,172.31.36.0-255,66,152967,10,241779
43756,0.002006,172.217.194.0-255,5738,158705,10,241779
43757,0.002009,172.31.36.0-255,66,158771,10,241779
43758,0.002021,172.31.36.0-255,66,158837,10,241779
43759,0.002059,172.217.194.0-255,6438,165275,10,241779
43760,0.002063,172.31.36.0-255,66,165341,10,241779
43761,0.002155,172.217.194.0-255,1484,166825,10,241779
43762,0.002171,172.217.194.0-255,2902,169727,10,241779
43763,0.002174,172.217.194.0-255,1484,171211,10,241779
43764,0.002176,172.31.36.0-255,66,171277,10,241779
43765,0.002204,172.217.194.0-255,4320,175597,10,241779
43766,0.002207,172.31.36.0-255,66,175663,10,241779
43767,0.002214,172.217.194.0-255,7156,182819,10,241779
43768,0.002217,172.31.36.0-255,66,182885,10,241779
43769,0.002221,172.217.194.0-255,2902,185787,10,241779
43770,0.002225,172.31.36.0-255,66,185853,10,241779
43771,0.002255,172.217.194.0-255,2902,188755,10,241779
43772,0.002259,172.31.36.0-255,66,188821,10,241779
43773,0.002294,172.217.194.0-255,4320,193141,10,241779
43774,0.002297,172.31.36.0-255,66,193207,10,241779
43775,0.00233,172.217.194.0-255,6438,199645,10,241779
43776,0.002333,172.31.36.0-255,66,199711,10,241779
43777,0.002338,172.217.194.0-255,4320,204031,10,241779
43778,0.002341,172.31.36.0-255,66,204097,10,241779
43779,0.002343,172.217.194.0-255,1484,205581,10,241779
43780,0.00235,172.217.194.0-255,7156,212737,10,241779
43781,0.002352,172.31.36.0-255,66,212803,10,241779
43782,0.002362,172.31.36.0-255,66,212869,10,241779
43783,0.002365,172.217.194.0-255,1484,214353,10,241779
43784,0.002381,172.31.36.0-255,66,214419,10,241779
43785,0.002409,172.31.36.0-255,66,214485,10,241779
43786,0.002416,172.217.194.0-255,5738,220223,10,241779
43787,0.002418,172.31.36.0-255,66,220289,10,241779
43788,0.002451,172.217.194.0-255,5738,226027,10,241779
43789,0.002455,172.31.36.0-255,66,226093,10,241779
43790,0.002483,172.31.36.0-255,66,226159,10,241779
43791,0.002507,172.217.194.0-255,2184,228343,10,241779
43792,0.002511,172.217.194.0-255,1484,229827,10,241779
43793,0.002514,172.217.194.0-255,1484,231311,10,241779
43794,0.002519,172.217.194.0-255,5707,237018,10,241779
43795,0.002519,172.31.36.0-255,66,237084,10,241779
43796,0.002524,172.31.36.0-255,66,237150,10,241779
43797,0.002569,172.217.194.0-255,105,237255,10,241779
43798,0.003415,172.31.36.0-255,66,237321,10,241779
43799,0.003443,172.31.36.0-255,105,237426,10,241779
43800,0.005459,172.217.194.0-255,66,237492,10,241779
43801,0.034457,172.31.36.0-255,172,237664,10,241779
43802,0.034489,172.31.36.0-255,1111,238775,10,241779
43803,0.034535,172.31.36.0-255,1514,240289,10,241779
43804,0.034537,172.31.36.0-255,1292,241581,10,241779
43805,0.036001,104.244.42.0-255,66,241647,10,241779
43806,0.03603,104.244.42.0-255,66,241713,10,241779
43807,0.036089,104.244.42.0-255,66,241779,10,241779
43808,0.0,74.125.200.0-255,292,292,10,390737
43809,3.4e-05,172.31.36.0-255,66,358,10,390737
43810,4.1e-05,74.125.200.0-255,1484,1842,10,390737
43811,4.6e-05,172.31.36.0-255,66,1908,10,390737
43812,5.1e-05,74.125.200.0-255,4320,6228,10,390737
43813,5.4e-05,172.31.36.0-255,66,6294,10,390737
43814,5.8e-05,74.125.200.0-255,2902,9196,10,390737
43815,6.1e-05,172.31.36.0-255,66,9262,10,390737
43816,6.7e-05,74.125.200.0-255,4320,13582,10,390737
43817,6.9e-05,172.31.36.0-255,66,13648,10,390737
43818,0.000111,172.31.36.0-255,66,13714,10,390737
43819,0.000117,74.125.200.0-255,4320,18034,10,390737
43820,0.00012,172.31.36.0-255,66,18100,10,390737
43821,0.000134,74.125.200.0-255,1484,19584,10,390737
43822,0.000136,172.31.36.0-255,66,19650,10,390737
43823,0.000149,74.125.200.0-255,2543,22193,10,390737
43824,0.000151,172.31.36.0-255,66,22259,10,390737
43825,0.000207,74.125.200.0-255,1484,23743,10,390737
43826,0.00021,172.31.36.0-255,66,23809,10,390737
43827,0.000217,74.125.200.0-255,2902,26711,10,390737
43828,0.000219,172.31.36.0-255,66,26777,10,390737
43829,0.000249,74.125.200.0-255,5738,32515,10,390737
43830,0.000252,172.31.36.0-255,66,32581,10,390737
43831,0.000257,74.125.200.0-255,2902,35483,10,390737
43832,0.000258,172.31.36.0-255,66,35549,10,390737
43833,0.000284,74.125.200.0-255,4320,39869,10,390737
43834,0.000287,172.31.36.0-255,66,39935,10,390737
43835,0.000312,74.125.200.0-255,6797,46732,10,390737
43836,0.000315,172.31.36.0-255,66,46798,10,390737
43837,0.000366,74.125.200.0-255,2902,49700,10,390737
43838,0.000369,172.31.36.0-255,66,49766,10,390737
43839,0.000393,74.125.200.0-255,7104,56870,10,390737
43840,0.000396,172.31.36.0-255,66,56936,10,390737
43841,0.000415,74.125.200.0-255,114,57050,10,390737
43842,0.000612,74.125.200.0-255,1484,58534,10,390737
43843,0.000616,172.31.36.0-255,66,58600,10,390737
43844,0.000621,74.125.200.0-255,2902,61502,10,390737
43845,0.000623,172.31.36.0-255,66,61568,10,390737
43846,0.000628,74.125.200.0-255,2902,64470,10,390737
43847,0.00063,172.31.36.0-255,66,64536,10,390737
43848,0.000661,74.125.200.0-255,2902,67438,10,390737
43849,0.000664,172.31.36.0-255,66,67504,10,390737
43850,0.000671,74.125.200.0-255,6797,74301,10,390737
43851,0.000673,172.31.36.0-255,66,74367,10,390737
43852,0.00068,74.125.200.0-255,7156,81523,10,390737
43853,0.000686,172.31.36.0-255,66,81589,10,390737
43854,0.000695,74.125.200.0-255,1484,83073,10,390737
43855,0.000721,172.31.36.0-255,66,83139,10,390737
43856,0.001104,74.125.200.0-255,331,83470,10,390737
43857,0.001155,172.31.36.0-255,66,83536,10,390737
43858,0.001238,74.125.200.0-255,1484,85020,10,390737
43859,0.001247,74.125.200.0-255,2902,87922,10,390737
43860,0.00125,172.31.36.0-255,66,87988,10,390737
43861,0.001254,74.125.200.0-255,1484,89472,10,390737
43862,0.001275,74.125.200.0-255,2902,92374,10,390737
43863,0.001278,172.31.36.0-255,66,92440,10,390737
43864,0.001284,74.125.200.0-255,5738,98178,10,390737
43865,0.001287,172.31.36.0-255,66,98244,10,390737
43866,0.001307,74.125.200.0-255,4320,102564,10,390737
43867,0.00131,172.31.36.0-255,66,102630,10,390737
43868,0.001347,172.31.36.0-255,66,102696,10,390737
43869,0.001354,74.125.200.0-255,5738,108434,10,390737
43870,0.001356,172.31.36.0-255,66,108500,10,390737
43871,0.001358,74.125.200.0-255,766,109266,10,390737
43872,0.001703,172.31.36.0-255,66,109332,10,390737
43873,0.00175,74.125.200.0-255,1484,110816,10,390737
43874,0.001756,74.125.200.0-255,2902,113718,10,390737
43875,0.001759,172.31.36.0-255,66,113784,10,390737
43876,0.00178,74.125.200.0-255,5738,119522,10,390737
43877,0.001785,172.31.36.0-255,66,119588,10,390737
43878,0.001793,74.125.200.0-255,7156,126744,10,390737
43879,0.001795,172.31.36.0-255,66,126810,10,390737
43880,0.001856,74.125.200.0-255,7156,133966,10,390737
43881,0.00186,172.31.36.0-255,66,134032,10,390737
43882,0.001885,74.125.200.0-255,7156,141188,10,390737
43883,0.001888,172.31.36.0-255,66,141254,10,390737
43884,0.001891,74.125.200.0-255,2184,143438,10,390737
43885,0.001893,172.31.36.0-255,66,143504,10,390737
43886,0.003923,74.125.200.0-255,5738,149242,10,390737
43887,0.00393,172.31.36.0-255,66,149308,10,390737
43888,0.005973,74.125.200.0-255,5738,155046,10,390737
43889,0.005979,172.31.36.0-255,66,155112,10,390737
43890,0.008026,74.125.200.0-255,5738,160850,10,390737
43891,0.008032,172.31.36.0-255,66,160916,10,390737
43892,0.01009,74.125.200.0-255,5738,166654,10,390737
43893,0.010101,172.31.36.0-255,66,166720,10,390737
43894,0.012158,74.125.200.0-255,5738,172458,10,390737
43895,0.012166,172.31.36.0-255,66,172524,10,390737
43896,0.014229,74.125.200.0-255,5738,178262,10,390737
43897,0.014238,172.31.36.0-255,66,178328,10,390737
43898,0.016297,74.125.200.0-255,5738,184066,10,390737
43899,0.016307,172.31.36.0-255,66,184132,10,390737
43900,0.018368,74.125.200.0-255,5738,189870,10,390737
43901,0.018377,172.31.36.0-255,66,189936,10,390737
43902,0.020444,74.125.200.0-255,5738,195674,10,390737
43903,0.020454,172.31.36.0-255,66,195740,10,390737
43904,0.022512,74.125.200.0-255,4320,200060,10,390737
43905,0.022518,172.31.36.0-255,66,200126,10,390737
43906,0.022546,74.125.200.0-255,1484,201610,10,390737
43907,0.023608,172.31.36.0-255,172,201782,10,390737
43908,0.023642,172.31.36.0-255,1111,202893,10,390737
43909,0.023681,172.31.36.0-255,1514,204407,10,390737
43910,0.023682,172.31.36.0-255,1292,205699,10,390737
43911,0.02457,74.125.200.0-255,4320,210019,10,390737
43912,0.024576,172.31.36.0-255,66,210085,10,390737
43913,0.025153,104.244.42.0-255,66,210151,10,390737
43914,0.025198,104.244.42.0-255,66,210217,10,390737
43915,0.025255,104.244.42.0-255,66,210283,10,390737
43916,0.026611,74.125.200.0-255,5738,216021,10,390737
43917,0.026616,172.31.36.0-255,66,216087,10,390737
43918,0.028661,74.125.200.0-255,5738,221825,10,390737
43919,0.028666,172.31.36.0-255,66,221891,10,390737
43920,0.0307,74.125.200.0-255,2902,224793,10,390737
43921,0.030705,172.31.36.0-255,66,224859,10,390737
43922,0.030734,74.125.200.0-255,2902,227761,10,390737
43923,0.030737,172.31.36.0-255,66,227827,10,390737
43924,0.032745,74.125.200.0-255,2902,230729,10,390737
43925,0.03275,172.31.36.0-255,66,230795,10,390737
43926,0.032786,74.125.200.0-255,2902,233697,10,390737
43927,0.032789,172.31.36.0-255,66,233763,10,390737
43928,0.034787,74.125.200.0-255,2902,236665,10,390737
43929,0.034793,172.31.36.0-255,66,236731,10,390737
43930,0.034824,74.125.200.0-255,2902,239633,10,390737
43931,0.034827,172.31.36.0-255,66,239699,10,390737
43932,0.036825,74.125.200.0-255,2902,242601,10,390737
43933,0.036831,172.31.36.0-255,66,242667,10,390737
43934,0.036866,74.125.200.0-255,2902,245569,10,390737
43935,0.036868,172.31.36.0-255,66,245635,10,390737
43936,0.038871,74.125.200.0-255,2902,248537,10,390737
43937,0.038877,172.31.36.0-255,66,248603,10,390737
43938,0.03891,74.125.200.0-255,2902,251505,10,390737
43939,0.038913,172.31.36.0-255,66,251571,10,390737
43940,0.040921,74.125.200.0-255,2902,254473,10,390737
43941,0.040928,172.31.36.0-255,66,254539,10,390737
43942,0.040962,74.125.200.0-255,2902,257441,10,390737
43943,0.040965,172.31.36.0-255,66,257507,10,390737
43944,0.042964,74.125.200.0-255,2902,260409,10,390737
43945,0.042969,172.31.36.0-255,66,260475,10,390737
43946,0.043005,74.125.200.0-255,2902,263377,10,390737
43947,0.043008,172.31.36.0-255,66,263443,10,390737
43948,0.045007,74.125.200.0-255,2902,266345,10,390737
43949,0.045012,172.31.36.0-255,66,266411,10,390737
43950,0.04505,74.125.200.0-255,2902,269313,10,390737
43951,0.045053,172.31.36.0-255,66,269379,10,390737
43952,0.047054,74.125.200.0-255,2902,272281,10,390737
43953,0.047059,172.31.36.0-255,66,272347,10,390737
43954,0.047092,74.125.200.0-255,1484,273831,10,390737
43955,0.047109,74.125.200.0-255,1484,275315,10,390737
43956,0.047112,172.31.36.0-255,66,275381,10,390737
43957,0.049108,74.125.200.0-255,1484,276865,10,390737
43958,0.049155,74.125.200.0-255,4320,281185,10,390737
43959,0.04916,172.31.36.0-255,66,281251,10,390737
43960,0.051206,74.125.200.0-255,4320,285571,10,390737
43961,0.051211,172.31.36.0-255,66,285637,10,390737
43962,0.05124,74.125.200.0-255,1484,287121,10,390737
43963,0.053251,74.125.200.0-255,4320,291441,10,390737
43964,0.053257,172.31.36.0-255,66,291507,10,390737
43965,0.055314,74.125.200.0-255,5738,297245,10,390737
43966,0.055325,172.31.36.0-255,66,297311,10,390737
43967,0.057382,74.125.200.0-255,5738,303049,10,390737
43968,0.057388,172.31.36.0-255,66,303115,10,390737
43969,0.059448,74.125.200.0-255,4320,307435,10,390737
43970,0.059454,172.31.36.0-255,66,307501,10,390737
43971,0.059485,74.125.200.0-255,1484,308985,10,390737
43972,0.061494,74.125.200.0-255,4320,313305,10,390737
43973,0.061499,172.31.36.0-255,66,313371,10,390737
43974,0.063539,74.125.200.0-255,2902,316273,10,390737
43975,0.063545,172.31.36.0-255,66,316339,10,390737
43976,0.063576,74.125.200.0-255,2902,319241,10,390737
43977,0.063579,172.31.36.0-255,66,319307,10,390737
43978,0.065625,74.125.200.0-255,2902,322209,10,390737
43979,0.06563,172.31.36.0-255,66,322275,10,390737
43980,0.065668,74.125.200.0-255,2902,325177,10,390737
43981,0.065671,172.31.36.0-255,66,325243,10,390737
43982,0.067669,74.125.200.0-255,2902,328145,10,390737
43983,0.067674,172.31.36.0-255,66,328211,10,390737
43984,0.067707,74.125.200.0-255,2902,331113,10,390737
43985,0.06771,172.31.36.0-255,66,331179,10,390737
43986,0.069711,74.125.200.0-255,2902,334081,10,390737
43987,0.069716,172.31.36.0-255,66,334147,10,390737
43988,0.069748,74.125.200.0-255,2902,337049,10,390737
43989,0.069751,172.31.36.0-255,66,337115,10,390737
43990,0.071752,74.125.200.0-255,2902,340017,10,390737
43991,0.071757,172.31.36.0-255,66,340083,10,390737
43992,0.071786,74.125.200.0-255,2902,342985,10,390737
43993,0.071789,172.31.36.0-255,66,343051,10,390737
43994,0.0738,74.125.200.0-255,2902,345953,10,390737
43995,0.073806,172.31.36.0-255,66,346019,10,390737
43996,0.073827,74.125.200.0-255,1484,347503,10,390737
43997,0.073841,74.125.200.0-255,1484,348987,10,390737
43998,0.073845,172.31.36.0-255,66,349053,10,390737
43999,0.075855,74.125.200.0-255,2902,351955,10,390737
44000,0.07586,172.31.36.0-255,66,352021,10,390737
44001,0.075893,74.125.200.0-255,2902,354923,10,390737
44002,0.075896,172.31.36.0-255,66,354989,10,390737
44003,0.077895,74.125.200.0-255,2902,357891,10,390737
44004,0.077901,172.31.36.0-255,66,357957,10,390737
44005,0.077928,74.125.200.0-255,2902,360859,10,390737
44006,0.077931,172.31.36.0-255,66,360925,10,390737
44007,0.079944,74.125.200.0-255,2902,363827,10,390737
44008,0.079949,172.31.36.0-255,66,363893,10,390737
44009,0.079986,74.125.200.0-255,2902,366795,10,390737
44010,0.079989,172.31.36.0-255,66,366861,10,390737
44011,0.081989,74.125.200.0-255,2902,369763,10,390737
44012,0.081995,172.31.36.0-255,66,369829,10,390737
44013,0.082029,74.125.200.0-255,1484,371313,10,390737
44014,0.082047,74.125.200.0-255,1484,372797,10,390737
44015,0.082051,172.31.36.0-255,66,372863,10,390737
44016,0.084046,74.125.200.0-255,2902,375765,10,390737
44017,0.084051,172.31.36.0-255,66,375831,10,390737
44018,0.084086,74.125.200.0-255,2902,378733,10,390737
44019,0.084089,172.31.36.0-255,66,378799,10,390737
44020,0.086101,74.125.200.0-255,2902,381701,10,390737
44021,0.086112,172.31.36.0-255,66,381767,10,390737
44022,0.08615,74.125.200.0-255,2902,384669,10,390737
44023,0.086154,172.31.36.0-255,66,384735,10,390737
44024,0.088143,74.125.200.0-255,2902,387637,10,390737
44025,0.088148,172.31.36.0-255,66,387703,10,390737
44026,0.088182,74.125.200.0-255,1484,389187,10,390737
44027,0.088192,74.125.200.0-255,1484,390671,10,390737
44028,0.088194,172.31.36.0-255,66,390737,10,390737
44029,0.0,74.125.24.0-255,153,153,10,297561
44030,3.1e-05,172.31.36.0-255,66,219,10,297561
44031,3.8e-05,74.125.24.0-255,1484,1703,10,297561
44032,4.3e-05,172.31.36.0-255,66,1769,10,297561
44033,5.6e-05,74.125.24.0-255,2902,4671,10,297561
44034,5.9e-05,172.31.36.0-255,66,4737,10,297561
44035,6.6e-05,74.125.24.0-255,7156,11893,10,297561
44036,6.9e-05,172.31.36.0-255,66,11959,10,297561
44037,7.3e-05,74.125.24.0-255,1967,13926,10,297561
44038,7.5e-05,172.31.36.0-255,66,13992,10,297561
44039,0.000107,74.125.24.0-255,2902,16894,10,297561
44040,0.00011,172.31.36.0-255,66,16960,10,297561
44041,0.000116,74.125.24.0-255,7156,24116,10,297561
44042,0.000118,172.31.36.0-255,66,24182,10,297561
44043,0.000123,74.125.24.0-255,4320,28502,10,297561
44044,0.000125,172.31.36.0-255,66,28568,10,297561
44045,0.000187,74.125.24.0-255,2543,31111,10,297561
44046,0.000191,172.31.36.0-255,66,31177,10,297561
44047,0.000268,74.125.24.0-255,1484,32661,10,297561
44048,0.000272,172.31.36.0-255,66,32727,10,297561
44049,0.000276,74.125.24.0-255,1484,34211,10,297561
44050,0.000278,172.31.36.0-255,66,34277,10,297561
44051,0.0003,74.125.24.0-255,1484,35761,10,297561
44052,0.000303,172.31.36.0-255,66,35827,10,297561
44053,0.00031,74.125.24.0-255,5738,41565,10,297561
44054,0.000314,172.31.36.0-255,66,41631,10,297561
44055,0.00035,74.125.24.0-255,6797,48428,10,297561
44056,0.000354,172.31.36.0-255,66,48494,10,297561
44057,0.001108,74.125.24.0-255,1484,49978,10,297561
44058,0.001114,172.31.36.0-255,66,50044,10,297561
44059,0.001123,74.125.24.0-255,2902,52946,10,297561
44060,0.001126,172.31.36.0-255,66,53012,10,297561
44061,0.00114,74.125.24.0-255,5738,58750,10,297561
44062,0.001142,172.31.36.0-255,66,58816,10,297561
44063,0.001146,74.125.24.0-255,1484,60300,10,297561
44064,0.001186,74.125.24.0-255,5379,65679,10,297561
44065,0.00119,172.31.36.0-255,66,65745,10,297561
44066,0.001463,74.125.24.0-255,1484,67229,10,297561
44067,0.001469,74.125.24.0-255,1484,68713,10,297561
44068,0.001473,172.31.36.0-255,66,68779,10,297561
44069,0.001496,74.125.24.0-255,1484,70263,10,297561
44070,0.001502,74.125.24.0-255,5738,76001,10,297561
44071,0.001504,172.31.36.0-255,66,76067,10,297561
44072,0.001524,74.125.24.0-255,6797,82864,10,297561
44073,0.001526,172.31.36.0-255,66,82930,10,297561
44074,0.001556,74.125.24.0-255,7156,90086,10,297561
44075,0.001559,172.31.36.0-255,66,90152,10,297561
44076,0.001584,74.125.24.0-255,7156,97308,10,297561
44077,0.001586,172.31.36.0-255,66,97374,10,297561
44078,0.001609,74.125.24.0-255,2543,99917,10,297561
44079,0.001611,172.31.36.0-255,66,99983,10,297561
44080,0.004105,74.125.24.0-255,4320,104303,10,297561
44081,0.004109,172.31.36.0-255,66,104369,10,297561
44082,0.004131,74.125.24.0-255,1484,105853,10,297561
44083,0.006643,74.125.24.0-255,4320,110173,10,297561
44084,0.00665,172.31.36.0-255,66,110239,10,297561
44085,0.009184,74.125.24.0-255,5738,115977,10,297561
44086,0.009191,172.31.36.0-255,66,116043,10,297561
44087,0.011722,74.125.24.0-255,5738,121781,10,297561
44088,0.01173,172.31.36.0-255,66,121847,10,297561
44089,0.014246,74.125.24.0-255,5738,127585,10,297561
44090,0.014252,172.31.36.0-255,66,127651,10,297561
44091,0.01678,74.125.24.0-255,5738,133389,10,297561
44092,0.016787,172.31.36.0-255,66,133455,10,297561
44093,0.019308,74.125.24.0-255,5738,139193,10,297561
44094,0.019318,172.31.36.0-255,66,139259,10,297561
44095,0.021864,74.125.24.0-255,5738,144997,10,297561
44096,0.021877,172.31.36.0-255,66,145063,10,297561
44097,0.024394,74.125.24.0-255,5738,150801,10,297561
44098,0.024403,172.31.36.0-255,66,150867,10,297561
44099,0.02692,74.125.24.0-255,5738,156605,10,297561
44100,0.026927,172.31.36.0-255,66,156671,10,297561
44101,0.02946,74.125.24.0-255,5738,162409,10,297561
44102,0.029468,172.31.36.0-255,66,162475,10,297561
44103,0.032007,74.125.24.0-255,5738,168213,10,297561
44104,0.032014,172.31.36.0-255,66,168279,10,297561
44105,0.032619,172.31.36.0-255,183,168462,10,297561
44106,0.03265,172.31.36.0-255,956,169418,10,297561
44107,0.032691,172.31.36.0-255,1514,170932,10,297561
44108,0.032693,172.31.36.0-255,1447,172379,10,297561
44109,0.034182,104.244.42.0-255,66,172445,10,297561
44110,0.03419,104.244.42.0-255,66,172511,10,297561
44111,0.034268,104.244.42.0-255,66,172577,10,297561
44112,0.034536,74.125.24.0-255,5738,178315,10,297561
44113,0.03454,172.31.36.0-255,66,178381,10,297561
44114,0.037072,74.125.24.0-255,4320,182701,10,297561
44115,0.037078,172.31.36.0-255,66,182767,10,297561
44116,0.037113,74.125.24.0-255,1484,184251,10,297561
44117,0.039617,74.125.24.0-255,4320,188571,10,297561
44118,0.039623,172.31.36.0-255,66,188637,10,297561
44119,0.042152,74.125.24.0-255,5738,194375,10,297561
44120,0.042158,172.31.36.0-255,66,194441,10,297561
44121,0.044666,74.125.24.0-255,5738,200179,10,297561
44122,0.044672,172.31.36.0-255,66,200245,10,297561
44123,0.047182,74.125.24.0-255,5738,205983,10,297561
44124,0.047188,172.31.36.0-255,66,206049,10,297561
44125,0.04973,74.125.24.0-255,5738,211787,10,297561
44126,0.049735,172.31.36.0-255,66,211853,10,297561
44127,0.052255,74.125.24.0-255,5738,217591,10,297561
44128,0.052262,172.31.36.0-255,66,217657,10,297561
44129,0.05481,74.125.24.0-255,5738,223395,10,297561
44130,0.054816,172.31.36.0-255,66,223461,10,297561
44131,0.057341,74.125.24.0-255,5738,229199,10,297561
44132,0.057347,172.31.36.0-255,66,229265,10,297561
44133,0.059859,74.125.24.0-255,5738,235003,10,297561
44134,0.059863,172.31.36.0-255,66,235069,10,297561
44135,0.06239,74.125.24.0-255,5738,240807,10,297561
44136,0.062395,172.31.36.0-255,66,240873,10,297561
44137,0.064942,74.125.24.0-255,5738,246611,10,297561
44138,0.064947,172.31.36.0-255,66,246677,10,297561
44139,0.067465,74.125.24.0-255,5738,252415,10,297561
44140,0.067471,172.31.36.0-255,66,252481,10,297561
44141,0.069998,74.125.24.0-255,5738,258219,10,297561
44142,0.070004,172.31.36.0-255,66,258285,10,297561
44143,0.072515,74.125.24.0-255,5738,264023,10,297561
44144,0.07252,172.31.36.0-255,66,264089,10,297561
44145,0.075051,74.125.24.0-255,5738,269827,10,297561
44146,0.075057,172.31.36.0-255,66,269893,10,297561
44147,0.077581,74.125.24.0-255,5738,275631,10,297561
44148,0.077602,172.31.36.0-255,66,275697,10,297561
44149,0.080128,74.125.24.0-255,4320,280017,10,297561
44150,0.080133,172.31.36.0-255,66,280083,10,297561
44151,0.08017,74.125.24.0-255,1484,281567,10,297561
44152,0.082636,74.125.24.0-255,4320,285887,10,297561
44153,0.082642,172.31.36.0-255,66,285953,10,297561
44154,0.085174,74.125.24.0-255,5738,291691,10,297561
44155,0.085183,172.31.36.0-255,66,291757,10,297561
44156,0.087701,74.125.24.0-255,5738,297495,10,297561
44157,0.087706,172.31.36.0-255,66,297561,10,297561
44158,0.0,172.217.194.0-255,153,153,10,222645
44159,3.6e-05,172.31.36.0-255,66,219,10,222645
44160,4.4e-05,172.217.194.0-255,1484,1703,10,222645
44161,4.8e-05,172.31.36.0-255,66,1769,10,222645
44162,5.4e-05,172.217.194.0-255,2902,4671,10,222645
44163,6.7e-05,172.31.36.0-255,66,4737,10,222645
44164,7.1e-05,172.217.194.0-255,1484,6221,10,222645
44165,7.3e-05,172.31.36.0-255,66,6287,10,222645
44166,7.9e-05,172.217.194.0-255,2902,9189,10,222645
44167,8.1e-05,172.31.36.0-255,66,9255,10,222645
44168,8.4e-05,172.217.194.0-255,1484,10739,10,222645
44169,8.6e-05,172.31.36.0-255,66,10805,10,222645
44170,0.000102,172.217.194.0-255,3406,14211,10,222645
44171,0.000105,172.31.36.0-255,66,14277,10,222645
44172,0.000118,172.217.194.0-255,5738,20015,10,222645
44173,0.000122,172.31.36.0-255,66,20081,10,222645
44174,0.00015,172.217.194.0-255,2902,22983,10,222645
44175,0.000154,172.31.36.0-255,66,23049,10,222645
44176,0.000189,172.31.36.0-255,66,23115,10,222645
44177,0.000243,172.217.194.0-255,1484,24599,10,222645
44178,0.000246,172.31.36.0-255,66,24665,10,222645
44179,0.000273,172.217.194.0-255,2902,27567,10,222645
44180,0.000277,172.31.36.0-255,66,27633,10,222645
44181,0.000283,172.217.194.0-255,5738,33371,10,222645
44182,0.000286,172.31.36.0-255,66,33437,10,222645
44183,0.000289,172.217.194.0-255,1484,34921,10,222645
44184,0.00029,172.31.36.0-255,66,34987,10,222645
44185,0.000323,172.217.194.0-255,4320,39307,10,222645
44186,0.000328,172.31.36.0-255,66,39373,10,222645
44187,0.000336,172.217.194.0-255,6797,46170,10,222645
44188,0.000338,172.31.36.0-255,66,46236,10,222645
44189,0.000344,172.217.194.0-255,5738,51974,10,222645
44190,0.000347,172.31.36.0-255,66,52040,10,222645
44191,0.000402,172.217.194.0-255,1484,53524,10,222645
44192,0.000418,172.217.194.0-255,4212,57736,10,222645
44193,0.000424,172.31.36.0-255,66,57802,10,222645
44194,0.000434,172.217.194.0-255,404,58206,10,222645
44195,0.000454,172.217.194.0-255,1484,59690,10,222645
44196,0.000457,172.31.36.0-255,66,59756,10,222645
44197,0.000479,172.217.194.0-255,4320,64076,10,222645
44198,0.000483,172.31.36.0-255,66,64142,10,222645
44199,0.000486,172.217.194.0-255,1484,65626,10,222645
44200,0.000517,172.31.36.0-255,66,65692,10,222645
44201,0.00052,172.217.194.0-255,1125,66817,10,222645
44202,0.000563,172.217.194.0-255,1484,68301,10,222645
44203,0.000567,172.31.36.0-255,66,68367,10,222645
44204,0.000572,172.217.194.0-255,2902,71269,10,222645
44205,0.000575,172.31.36.0-255,66,71335,10,222645
44206,0.000578,172.217.194.0-255,1484,72819,10,222645
44207,0.000596,172.217.194.0-255,4320,77139,10,222645
44208,0.000605,172.31.36.0-255,66,77205,10,222645
44209,0.000611,172.217.194.0-255,4320,81525,10,222645
44210,0.000614,172.31.36.0-255,66,81591,10,222645
44211,0.000642,172.217.194.0-255,1994,83585,10,222645
44212,0.000646,172.31.36.0-255,66,83651,10,222645
44213,0.000687,172.217.194.0-255,1484,85135,10,222645
44214,0.000707,172.217.194.0-255,2902,88037,10,222645
44215,0.000712,172.31.36.0-255,66,88103,10,222645
44216,0.000734,172.217.194.0-255,5738,93841,10,222645
44217,0.000737,172.31.36.0-255,66,93907,10,222645
44218,0.000743,172.217.194.0-255,4320,98227,10,222645
44219,0.000745,172.31.36.0-255,66,98293,10,222645
44220,0.000773,172.217.194.0-255,1484,99777,10,222645
44221,0.000788,172.31.36.0-255,66,99843,10,222645
44222,0.000845,172.217.194.0-255,5020,104863,10,222645
44223,0.00085,172.31.36.0-255,66,104929,10,222645
44224,0.000953,172.217.194.0-255,1484,106413,10,222645
44225,0.000975,172.217.194.0-255,2902,109315,10,222645
44226,0.000979,172.31.36.0-255,66,109381,10,222645
44227,0.000986,172.217.194.0-255,5738,115119,10,222645
44228,0.000988,172.31.36.0-255,66,115185,10,222645
44229,0.001028,172.31.36.0-255,66,115251,10,222645
44230,0.001033,172.217.194.0-255,2902,118153,10,222645
44231,0.001036,172.31.36.0-255,66,118219,10,222645
44232,0.001078,172.31.36.0-255,66,118285,10,222645
44233,0.001083,172.217.194.0-255,2184,120469,10,222645
44234,0.001086,172.31.36.0-255,66,120535,10,222645
44235,0.001166,172.217.194.0-255,1484,122019,10,222645
44236,0.001182,172.217.194.0-255,2902,124921,10,222645
44237,0.001185,172.31.36.0-255,66,124987,10,222645
44238,0.001214,172.217.194.0-255,5738,130725,10,222645
44239,0.001217,172.31.36.0-255,66,130791,10,222645
44240,0.001225,172.217.194.0-255,5738,136529,10,222645
44241,0.001227,172.31.36.0-255,66,136595,10,222645
44242,0.001235,172.217.194.0-255,7156,143751,10,222645
44243,0.001238,172.31.36.0-255,66,143817,10,222645
44244,0.001263,172.217.194.0-255,5738,149555,10,222645
44245,0.001267,172.31.36.0-255,66,149621,10,222645
44246,0.001274,172.217.194.0-255,5020,154641,10,222645
44247,0.001277,172.31.36.0-255,66,154707,10,222645
44248,0.001389,172.217.194.0-255,1484,156191,10,222645
44249,0.001393,172.217.194.0-255,1484,157675,10,222645
44250,0.001396,172.31.36.0-255,66,157741,10,222645
44251,0.001432,172.217.194.0-255,1484,159225,10,222645
44252,0.001438,172.217.194.0-255,5738,164963,10,222645
44253,0.001441,172.31.36.0-255,66,165029,10,222645
44254,0.001446,172.217.194.0-255,4320,169349,10,222645
44255,0.001448,172.31.36.0-255,66,169415,10,222645
44256,0.001488,172.31.36.0-255,66,169481,10,222645
44257,0.001499,172.31.36.0-255,66,169547,10,222645
44258,0.001526,172.217.194.0-255,2184,171731,10,222645
44259,0.001529,172.31.36.0-255,66,171797,10,222645
44260,0.001569,172.217.194.0-255,1484,173281,10,222645
44261,0.001588,172.217.194.0-255,2902,176183,10,222645
44262,0.001591,172.31.36.0-255,66,176249,10,222645
44263,0.001598,172.217.194.0-255,5738,181987,10,222645
44264,0.001602,172.31.36.0-255,66,182053,10,222645
44265,0.001646,172.31.36.0-255,66,182119,10,222645
44266,0.001669,172.217.194.0-255,2902,185021,10,222645
44267,0.001672,172.31.36.0-255,66,185087,10,222645
44268,0.001675,172.217.194.0-255,1484,186571,10,222645
44269,0.001687,172.31.36.0-255,66,186637,10,222645
44270,0.002214,172.217.194.0-255,1484,188121,10,222645
44271,0.00222,172.217.194.0-255,2902,191023,10,222645
44272,0.002225,172.31.36.0-255,66,191089,10,222645
44273,0.00223,172.217.194.0-255,2902,193991,10,222645
44274,0.002232,172.31.36.0-255,66,194057,10,222645
44275,0.002256,172.217.194.0-255,2902,196959,10,222645
44276,0.002261,172.31.36.0-255,66,197025,10,222645
44277,0.002274,172.31.36.0-255,66,197091,10,222645
44278,0.002301,172.217.194.0-255,2902,199993,10,222645
44279,0.002304,172.31.36.0-255,66,200059,10,222645
44280,0.002316,172.31.36.0-255,66,200125,10,222645
44281,0.00236,172.31.36.0-255,66,200191,10,222645
44282,0.002436,172.217.194.0-255,5738,205929,10,222645
44283,0.002499,172.217.194.0-255,1484,207413,10,222645
44284,0.002553,172.217.194.0-255,6438,213851,10,222645
44285,0.002607,172.217.194.0-255,3602,217453,10,222645
44286,0.002609,172.217.194.0-255,502,217955,10,222645
44287,0.007915,172.31.36.0-255,66,218021,10,222645
44288,0.010467,172.217.194.0-255,105,218126,10,222645
44289,0.010685,172.31.36.0-255,66,218192,10,222645
44290,0.010719,172.31.36.0-255,105,218297,10,222645
44291,0.013285,172.217.194.0-255,66,218363,10,222645
44292,0.03624,172.31.36.0-255,167,218530,10,222645
44293,0.036275,172.31.36.0-255,1112,219642,10,222645
44294,0.036311,172.31.36.0-255,1514,221156,10,222645
44295,0.036313,172.31.36.0-255,1291,222447,10,222645
44296,0.037773,104.244.42.0-255,66,222513,10,222645
44297,0.037791,104.244.42.0-255,66,222579,10,222645
44298,0.037845,104.244.42.0-255,66,222645,10,222645
44299,0.0,172.31.36.0-255,66,66,10,66
44300,0.0,172.217.194.0-255,152,152,10,268971
44301,3.5e-05,172.31.36.0-255,66,218,10,268971
44302,4.3e-05,172.217.194.0-255,1484,1702,10,268971
44303,4.8e-05,172.31.36.0-255,66,1768,10,268971
44304,5.2e-05,172.217.194.0-255,2902,4670,10,268971
44305,5.5e-05,172.31.36.0-255,66,4736,10,268971
44306,0.000123,172.217.194.0-255,2902,7638,10,268971
44307,0.000126,172.31.36.0-255,66,7704,10,268971
44308,0.000148,172.217.194.0-255,4320,12024,10,268971
44309,0.000153,172.31.36.0-255,66,12090,10,268971
44310,0.000361,172.217.194.0-255,1976,14066,10,268971
44311,0.000368,172.31.36.0-255,66,14132,10,268971
44312,0.000427,172.217.194.0-255,2902,17034,10,268971
44313,0.00043,172.31.36.0-255,66,17100,10,268971
44314,0.000502,172.217.194.0-255,4320,21420,10,268971
44315,0.000505,172.31.36.0-255,66,21486,10,268971
44316,0.000529,172.217.194.0-255,2902,24388,10,268971
44317,0.000532,172.31.36.0-255,66,24454,10,268971
44318,0.000742,172.217.194.0-255,5738,30192,10,268971
44319,0.000748,172.31.36.0-255,66,30258,10,268971
44320,0.000779,172.31.36.0-255,66,30324,10,268971
44321,0.001243,172.31.36.0-255,66,30390,10,268971
44322,0.001497,172.31.36.0-255,66,30456,10,268971
44323,0.001763,172.217.194.0-255,5738,36194,10,268971
44324,0.001766,172.31.36.0-255,66,36260,10,268971
44325,0.001801,172.31.36.0-255,66,36326,10,268971
44326,0.002344,172.217.194.0-255,5738,42064,10,268971
44327,0.002347,172.31.36.0-255,66,42130,10,268971
44328,0.003113,172.217.194.0-255,7156,49286,10,268971
44329,0.005408,172.31.36.0-255,66,49352,10,268971
44330,0.007712,172.217.194.0-255,5738,55090,10,268971
44331,0.007723,172.31.36.0-255,66,55156,10,268971
44332,0.010034,172.217.194.0-255,5738,60894,10,268971
44333,0.010998,172.31.36.0-255,66,60960,10,268971
44334,0.013296,172.217.194.0-255,5738,66698,10,268971
44335,0.013312,172.31.36.0-255,66,66764,10,268971
44336,0.015597,172.217.194.0-255,5738,72502,10,268971
44337,0.015611,172.31.36.0-255,66,72568,10,268971
44338,0.017919,172.217.194.0-255,5738,78306,10,268971
44339,0.017933,172.31.36.0-255,66,78372,10,268971
44340,0.020235,172.217.194.0-255,5738,84110,10,268971
44341,0.020244,172.31.36.0-255,66,84176,10,268971
44342,0.022536,172.217.194.0-255,5738,89914,10,268971
44343,0.022546,172.31.36.0-255,66,89980,10,268971
44344,0.024853,172.217.194.0-255,5738,95718,10,268971
44345,0.024868,172.31.36.0-255,66,95784,10,268971
44346,0.027194,172.217.194.0-255,5738,101522,10,268971
44347,0.027205,172.31.36.0-255,66,101588,10,268971
44348,0.028322,172.31.36.0-255,188,101776,10,268971
44349,0.028356,172.31.36.0-255,956,102732,10,268971
44350,0.028397,172.31.36.0-255,1514,104246,10,268971
44351,0.028399,172.31.36.0-255,1514,105760,10,268971
44352,0.028403,172.31.36.0-255,1514,107274,10,268971
44353,0.028405,172.31.36.0-255,1227,108501,10,268971
44354,0.029522,172.217.194.0-255,5738,114239,10,268971
44355,0.029532,172.31.36.0-255,66,114305,10,268971
44356,0.029896,104.244.42.0-255,66,114371,10,268971
44357,0.029948,104.244.42.0-255,66,114437,10,268971
44358,0.029999,104.244.42.0-255,66,114503,10,268971
44359,0.030006,104.244.42.0-255,66,114569,10,268971
44360,0.031824,172.217.194.0-255,5738,120307,10,268971
44361,0.03183,172.31.36.0-255,66,120373,10,268971
44362,0.034138,172.217.194.0-255,2902,123275,10,268971
44363,0.034146,172.31.36.0-255,66,123341,10,268971
44364,0.034176,172.217.194.0-255,2902,126243,10,268971
44365,0.034198,172.31.36.0-255,66,126309,10,268971
44366,0.036447,172.217.194.0-255,2902,129211,10,268971
44367,0.036456,172.31.36.0-255,66,129277,10,268971
44368,0.036485,172.217.194.0-255,2902,132179,10,268971
44369,0.036511,172.31.36.0-255,66,132245,10,268971
44370,0.038763,172.217.194.0-255,2902,135147,10,268971
44371,0.03877,172.31.36.0-255,66,135213,10,268971
44372,0.038799,172.217.194.0-255,1484,136697,10,268971
44373,0.038816,172.217.194.0-255,1484,138181,10,268971
44374,0.038822,172.31.36.0-255,66,138247,10,268971
44375,0.041049,172.217.194.0-255,2902,141149,10,268971
44376,0.041057,172.31.36.0-255,66,141215,10,268971
44377,0.041092,172.217.194.0-255,1484,142699,10,268971
44378,0.041109,172.217.194.0-255,1484,144183,10,268971
44379,0.041119,172.31.36.0-255,66,144249,10,268971
44380,0.043332,172.217.194.0-255,2902,147151,10,268971
44381,0.043339,172.31.36.0-255,66,147217,10,268971
44382,0.043375,172.217.194.0-255,2902,150119,10,268971
44383,0.043399,172.31.36.0-255,66,150185,10,268971
44384,0.04563,172.217.194.0-255,2902,153087,10,268971
44385,0.045639,172.31.36.0-255,66,153153,10,268971
44386,0.045694,172.217.194.0-255,2902,156055,10,268971
44387,0.04571,172.31.36.0-255,66,156121,10,268971
44388,0.047948,172.217.194.0-255,2902,159023,10,268971
44389,0.047956,172.31.36.0-255,66,159089,10,268971
44390,0.047989,172.217.194.0-255,2902,161991,10,268971
44391,0.048012,172.31.36.0-255,66,162057,10,268971
44392,0.050257,172.217.194.0-255,2902,164959,10,268971
44393,0.050263,172.31.36.0-255,66,165025,10,268971
44394,0.050314,172.217.194.0-255,2902,167927,10,268971
44395,0.050337,172.31.36.0-255,66,167993,10,268971
44396,0.052571,172.217.194.0-255,2902,170895,10,268971
44397,0.05258,172.31.36.0-255,66,170961,10,268971
44398,0.052616,172.217.194.0-255,2902,173863,10,268971
44399,0.052636,172.31.36.0-255,66,173929,10,268971
44400,0.05486,172.217.194.0-255,2902,176831,10,268971
44401,0.054867,172.31.36.0-255,66,176897,10,268971
44402,0.054923,172.217.194.0-255,2902,179799,10,268971
44403,0.054941,172.31.36.0-255,66,179865,10,268971
44404,0.05718,172.217.194.0-255,2902,182767,10,268971
44405,0.057187,172.31.36.0-255,66,182833,10,268971
44406,0.057242,172.217.194.0-255,2902,185735,10,268971
44407,0.05727,172.31.36.0-255,66,185801,10,268971
44408,0.05948,172.217.194.0-255,2902,188703,10,268971
44409,0.059486,172.31.36.0-255,66,188769,10,268971
44410,0.059568,172.217.194.0-255,2902,191671,10,268971
44411,0.059581,172.31.36.0-255,66,191737,10,268971
44412,0.061796,172.217.194.0-255,2902,194639,10,268971
44413,0.061801,172.31.36.0-255,66,194705,10,268971
44414,0.061871,172.217.194.0-255,2902,197607,10,268971
44415,0.061892,172.31.36.0-255,66,197673,10,268971
44416,0.064092,172.217.194.0-255,2902,200575,10,268971
44417,0.064103,172.31.36.0-255,66,200641,10,268971
44418,0.064179,172.217.194.0-255,2902,203543,10,268971
44419,0.064189,172.31.36.0-255,66,203609,10,268971
44420,0.066413,172.217.194.0-255,2902,206511,10,268971
44421,0.066424,172.31.36.0-255,66,206577,10,268971
44422,0.066518,172.217.194.0-255,2902,209479,10,268971
44423,0.066568,172.31.36.0-255,66,209545,10,268971
44424,0.068725,172.217.194.0-255,2902,212447,10,268971
44425,0.068734,172.31.36.0-255,66,212513,10,268971
44426,0.068851,172.217.194.0-255,2902,215415,10,268971
44427,0.068856,172.31.36.0-255,66,215481,10,268971
44428,0.071029,172.217.194.0-255,2902,218383,10,268971
44429,0.071035,172.31.36.0-255,66,218449,10,268971
44430,0.071138,172.217.194.0-255,2902,221351,10,268971
44431,0.071143,172.31.36.0-255,66,221417,10,268971
44432,0.073322,172.217.194.0-255,2902,224319,10,268971
44433,0.073329,172.31.36.0-255,66,224385,10,268971
44434,0.073426,172.217.194.0-255,2902,227287,10,268971
44435,0.073432,172.31.36.0-255,66,227353,10,268971
44436,0.075607,172.217.194.0-255,2902,230255,10,268971
44437,0.07563,172.31.36.0-255,66,230321,10,268971
44438,0.075728,172.217.194.0-255,2902,233223,10,268971
44439,0.075734,172.31.36.0-255,66,233289,10,268971
44440,0.077924,172.217.194.0-255,2902,236191,10,268971
44441,0.07793,172.31.36.0-255,66,236257,10,268971
44442,0.078004,172.217.194.0-255,2902,239159,10,268971
44443,0.078015,172.31.36.0-255,66,239225,10,268971
44444,0.080237,172.217.194.0-255,2902,242127,10,268971
44445,0.080245,172.31.36.0-255,66,242193,10,268971
44446,0.080303,172.217.194.0-255,2902,245095,10,268971
44447,0.080319,172.31.36.0-255,66,245161,10,268971
44448,0.082569,172.217.194.0-255,2902,248063,10,268971
44449,0.082577,172.31.36.0-255,66,248129,10,268971
44450,0.082614,172.217.194.0-255,2902,251031,10,268971
44451,0.082649,172.31.36.0-255,66,251097,10,268971
44452,0.084883,172.217.194.0-255,2902,253999,10,268971
44453,0.084893,172.31.36.0-255,66,254065,10,268971
44454,0.084939,172.217.194.0-255,1484,255549,10,268971
44455,0.084952,172.217.194.0-255,1484,257033,10,268971
44456,0.085101,172.31.36.0-255,66,257099,10,268971
44457,0.08718,172.217.194.0-255,2902,260001,10,268971
44458,0.087186,172.31.36.0-255,66,260067,10,268971
44459,0.087412,172.217.194.0-255,2902,262969,10,268971
44460,0.087418,172.31.36.0-255,66,263035,10,268971
44461,0.089478,172.217.194.0-255,2902,265937,10,268971
44462,0.089485,172.31.36.0-255,66,266003,10,268971
44463,0.089713,172.217.194.0-255,2902,268905,10,268971
44464,0.089719,172.31.36.0-255,66,268971,10,268971
44465,0.0,172.217.194.0-255,146,146,10,225654
44466,1.5e-05,172.31.36.0-255,66,212,10,225654
44467,2.2e-05,172.217.194.0-255,1484,1696,10,225654
44468,2.7e-05,172.31.36.0-255,66,1762,10,225654
44469,3.1e-05,172.217.194.0-255,1484,3246,10,225654
44470,3.3e-05,172.31.36.0-255,66,3312,10,225654
44471,5.5e-05,172.217.194.0-255,1484,4796,10,225654
44472,6.2e-05,172.31.36.0-255,66,4862,10,225654
44473,7e-05,172.217.194.0-255,5738,10600,10,225654
44474,7.2e-05,172.31.36.0-255,66,10666,10,225654
44475,0.000106,172.217.194.0-255,4320,14986,10,225654
44476,0.000109,172.31.36.0-255,66,15052,10,225654
44477,0.000148,172.31.36.0-255,66,15118,10,225654
44478,0.000155,172.217.194.0-255,6797,21915,10,225654
44479,0.000158,172.31.36.0-255,66,21981,10,225654
44480,0.000219,172.217.194.0-255,7156,29137,10,225654
44481,0.000223,172.31.36.0-255,66,29203,10,225654
44482,0.000228,172.217.194.0-255,2902,32105,10,225654
44483,0.00023,172.31.36.0-255,66,32171,10,225654
44484,0.000267,172.217.194.0-255,6797,38968,10,225654
44485,0.000271,172.31.36.0-255,66,39034,10,225654
44486,0.000291,172.217.194.0-255,7156,46190,10,225654
44487,0.000294,172.31.36.0-255,66,46256,10,225654
44488,0.000297,172.217.194.0-255,1484,47740,10,225654
44489,0.000299,172.31.36.0-255,66,47806,10,225654
44490,0.000341,172.217.194.0-255,7156,54962,10,225654
44491,0.000345,172.31.36.0-255,66,55028,10,225654
44492,0.000371,172.217.194.0-255,1442,56470,10,225654
44493,0.000374,172.31.36.0-255,66,56536,10,225654
44494,0.00041,172.31.36.0-255,66,56602,10,225654
44495,0.000413,172.217.194.0-255,1484,58086,10,225654
44496,0.000443,172.217.194.0-255,7156,65242,10,225654
44497,0.000446,172.217.194.0-255,1125,66367,10,225654
44498,0.000449,172.31.36.0-255,66,66433,10,225654
44499,0.000485,172.217.194.0-255,1484,67917,10,225654
44500,0.000493,172.31.36.0-255,66,67983,10,225654
44501,0.0005,172.217.194.0-255,2902,70885,10,225654
44502,0.00051,172.31.36.0-255,66,70951,10,225654
44503,0.000521,172.217.194.0-255,5738,76689,10,225654
44504,0.000537,172.31.36.0-255,66,76755,10,225654
44505,0.000578,172.31.36.0-255,66,76821,10,225654
44506,0.000601,172.217.194.0-255,7156,83977,10,225654
44507,0.000613,172.31.36.0-255,66,84043,10,225654
44508,0.000619,172.217.194.0-255,2543,86586,10,225654
44509,0.000629,172.31.36.0-255,66,86652,10,225654
44510,0.000648,172.217.194.0-255,5738,92390,10,225654
44511,0.000658,172.31.36.0-255,66,92456,10,225654
44512,0.000683,172.217.194.0-255,4320,96776,10,225654
44513,0.000688,172.31.36.0-255,66,96842,10,225654
44514,0.000691,172.217.194.0-255,7156,103998,10,225654
44515,0.000702,172.31.36.0-255,66,104064,10,225654
44516,0.000727,172.217.194.0-255,5738,109802,10,225654
44517,0.000731,172.31.36.0-255,66,109868,10,225654
44518,0.000757,172.31.36.0-255,66,109934,10,225654
44519,0.000786,172.217.194.0-255,1484,111418,10,225654
44520,0.00079,172.217.194.0-255,2902,114320,10,225654
44521,0.000795,172.217.194.0-255,5738,120058,10,225654
44522,0.000817,172.31.36.0-255,66,120124,10,225654
44523,0.000842,172.31.36.0-255,66,120190,10,225654
44524,0.000877,172.31.36.0-255,66,120256,10,225654
44525,0.000901,172.217.194.0-255,2184,122440,10,225654
44526,0.000904,172.31.36.0-255,66,122506,10,225654
44527,0.000967,172.217.194.0-255,1484,123990,10,225654
44528,0.000972,172.217.194.0-255,2902,126892,10,225654
44529,0.000976,172.217.194.0-255,1484,128376,10,225654
44530,0.000984,172.31.36.0-255,66,128442,10,225654
44531,0.000995,172.217.194.0-255,4320,132762,10,225654
44532,0.001005,172.217.194.0-255,4320,137082,10,225654
44533,0.001008,172.31.36.0-255,66,137148,10,225654
44534,0.001035,172.31.36.0-255,66,137214,10,225654
44535,0.001036,172.217.194.0-255,4320,141534,10,225654
44536,0.001039,172.31.36.0-255,66,141600,10,225654
44537,0.001059,172.217.194.0-255,6438,148038,10,225654
44538,0.001065,172.31.36.0-255,66,148104,10,225654
44539,0.001119,172.217.194.0-255,1484,149588,10,225654
44540,0.001125,172.217.194.0-255,2902,152490,10,225654
44541,0.001129,172.31.36.0-255,66,152556,10,225654
44542,0.001135,172.217.194.0-255,4320,156876,10,225654
44543,0.001142,172.31.36.0-255,66,156942,10,225654
44544,0.001167,172.217.194.0-255,1484,158426,10,225654
44545,0.001181,172.31.36.0-255,66,158492,10,225654
44546,0.001229,172.31.36.0-255,66,158558,10,225654
44547,0.001241,172.217.194.0-255,1484,160042,10,225654
44548,0.001246,172.217.194.0-255,2902,162944,10,225654
44549,0.001251,172.217.194.0-255,2902,165846,10,225654
44550,0.001266,172.31.36.0-255,66,165912,10,225654
44551,0.001275,172.217.194.0-255,2902,168814,10,225654
44552,0.001282,172.31.36.0-255,66,168880,10,225654
44553,0.001299,172.31.36.0-255,66,168946,10,225654
44554,0.001308,172.217.194.0-255,1484,170430,10,225654
44555,0.001314,172.217.194.0-255,5738,176168,10,225654
44556,0.001319,172.31.36.0-255,66,176234,10,225654
44557,0.00135,172.217.194.0-255,5020,181254,10,225654
44558,0.001355,172.31.36.0-255,66,181320,10,225654
44559,0.001384,172.217.194.0-255,5738,187058,10,225654
44560,0.00139,172.31.36.0-255,66,187124,10,225654
44561,0.001391,172.217.194.0-255,5738,192862,10,225654
44562,0.001394,172.31.36.0-255,66,192928,10,225654
44563,0.001417,172.217.194.0-255,1484,194412,10,225654
44564,0.001441,172.217.194.0-255,2902,197314,10,225654
44565,0.001443,172.31.36.0-255,66,197380,10,225654
44566,0.001448,172.31.36.0-255,66,197446,10,225654
44567,0.001483,172.31.36.0-255,66,197512,10,225654
44568,0.001495,172.217.194.0-255,4320,201832,10,225654
44569,0.001511,172.31.36.0-255,66,201898,10,225654
44570,0.001514,172.217.194.0-255,7156,209054,10,225654
44571,0.001518,172.217.194.0-255,1484,210538,10,225654
44572,0.001525,172.31.36.0-255,66,210604,10,225654
44573,0.001569,172.31.36.0-255,66,210670,10,225654
44574,0.00157,172.217.194.0-255,4320,214990,10,225654
44575,0.001573,172.31.36.0-255,66,215056,10,225654
44576,0.001627,172.31.36.0-255,66,215122,10,225654
44577,0.001654,172.217.194.0-255,5738,220860,10,225654
44578,0.001664,172.31.36.0-255,66,220926,10,225654
44579,0.00171,172.31.36.0-255,66,220992,10,225654
44580,0.001781,172.217.194.0-255,136,221128,10,225654
44581,0.001788,172.31.36.0-255,66,221194,10,225654
44582,0.003795,172.31.36.0-255,105,221299,10,225654
44583,0.006085,172.217.194.0-255,66,221365,10,225654
44584,0.030758,172.31.36.0-255,172,221537,10,225654
44585,0.030794,172.31.36.0-255,1111,222648,10,225654
44586,0.030866,172.31.36.0-255,1514,224162,10,225654
44587,0.030868,172.31.36.0-255,1294,225456,10,225654
44588,0.032294,104.244.42.0-255,66,225522,10,225654
44589,0.032303,104.244.42.0-255,66,225588,10,225654
44590,0.032379,104.244.42.0-255,66,225654,10,225654
44591,0.0,216.58.221.0-255,142,142,10,329427
44592,3.6e-05,172.31.36.0-255,66,208,10,329427
44593,4.3e-05,216.58.221.0-255,1484,1692,10,329427
44594,4.8e-05,172.31.36.0-255,66,1758,10,329427
44595,5.3e-05,216.58.221.0-255,2902,4660,10,329427
44596,5.5e-05,172.31.36.0-255,66,4726,10,329427
44597,7.1e-05,216.58.221.0-255,7156,11882,10,329427
44598,7.5e-05,172.31.36.0-255,66,11948,10,329427
44599,7.9e-05,216.58.221.0-255,2039,13987,10,329427
44600,8.1e-05,172.31.36.0-255,66,14053,10,329427
44601,0.000158,216.58.221.0-255,1484,15537,10,329427
44602,0.000162,172.31.36.0-255,66,15603,10,329427
44603,0.000167,216.58.221.0-255,2902,18505,10,329427
44604,0.00017,172.31.36.0-255,66,18571,10,329427
44605,0.000173,216.58.221.0-255,1484,20055,10,329427
44606,0.000183,172.31.36.0-255,66,20121,10,329427
44607,0.000213,216.58.221.0-255,4320,24441,10,329427
44608,0.000217,172.31.36.0-255,66,24507,10,329427
44609,0.000229,172.31.36.0-255,66,24573,10,329427
44610,0.000257,216.58.221.0-255,5379,29952,10,329427
44611,0.00026,172.31.36.0-255,66,30018,10,329427
44612,0.000274,172.31.36.0-255,66,30084,10,329427
44613,0.000287,172.31.36.0-255,66,30150,10,329427
44614,0.00029,216.58.221.0-255,356,30506,10,329427
44615,0.000292,172.31.36.0-255,66,30572,10,329427
44616,0.000967,216.58.221.0-255,133,30705,10,329427
44617,0.000973,172.31.36.0-255,66,30771,10,329427
44618,0.001095,216.58.221.0-255,1484,32255,10,329427
44619,0.0011,172.31.36.0-255,66,32321,10,329427
44620,0.001107,216.58.221.0-255,2902,35223,10,329427
44621,0.001109,172.31.36.0-255,66,35289,10,329427
44622,0.001129,216.58.221.0-255,4320,39609,10,329427
44623,0.001132,172.31.36.0-255,66,39675,10,329427
44624,0.001137,216.58.221.0-255,2902,42577,10,329427
44625,0.001138,172.31.36.0-255,66,42643,10,329427
44626,0.001176,216.58.221.0-255,2902,45545,10,329427
44627,0.00118,172.31.36.0-255,66,45611,10,329427
44628,0.0012,172.31.36.0-255,66,45677,10,329427
44629,0.00121,172.31.36.0-255,66,45743,10,329427
44630,0.001446,216.58.221.0-255,1484,47227,10,329427
44631,0.001454,216.58.221.0-255,2902,50129,10,329427
44632,0.001459,172.31.36.0-255,66,50195,10,329427
44633,0.001463,216.58.221.0-255,1484,51679,10,329427
44634,0.001493,216.58.221.0-255,4320,55999,10,329427
44635,0.001496,172.31.36.0-255,66,56065,10,329427
44636,0.001503,216.58.221.0-255,5738,61803,10,329427
44637,0.001504,172.31.36.0-255,66,61869,10,329427
44638,0.001517,216.58.221.0-255,7156,69025,10,329427
44639,0.00152,172.31.36.0-255,66,69091,10,329427
44640,0.001526,216.58.221.0-255,2902,71993,10,329427
44641,0.001528,172.31.36.0-255,66,72059,10,329427
44642,0.001577,172.31.36.0-255,66,72125,10,329427
44643,0.001603,172.31.36.0-255,66,72191,10,329427
44644,0.001618,172.31.36.0-255,66,72257,10,329427
44645,0.003588,216.58.221.0-255,5738,77995,10,329427
44646,0.003595,172.31.36.0-255,66,78061,10,329427
44647,0.005568,216.58.221.0-255,2902,80963,10,329427
44648,0.005571,172.31.36.0-255,66,81029,10,329427
44649,0.005597,216.58.221.0-255,2902,83931,10,329427
44650,0.005599,172.31.36.0-255,66,83997,10,329427
44651,0.007548,216.58.221.0-255,2902,86899,10,329427
44652,0.007554,172.31.36.0-255,66,86965,10,329427
44653,0.007589,216.58.221.0-255,2902,89867,10,329427
44654,0.007592,172.31.36.0-255,66,89933,10,329427
44655,0.009529,216.58.221.0-255,2902,92835,10,329427
44656,0.009536,172.31.36.0-255,66,92901,10,329427
44657,0.009569,216.58.221.0-255,2902,95803,10,329427
44658,0.009572,172.31.36.0-255,66,95869,10,329427
44659,0.011515,216.58.221.0-255,2902,98771,10,329427
44660,0.011522,172.31.36.0-255,66,98837,10,329427
44661,0.011557,216.58.221.0-255,2902,101739,10,329427
44662,0.011559,172.31.36.0-255,66,101805,10,329427
44663,0.013507,216.58.221.0-255,2902,104707,10,329427
44664,0.013519,172.31.36.0-255,66,104773,10,329427
44665,0.01357,216.58.221.0-255,2902,107675,10,329427
44666,0.013574,172.31.36.0-255,66,107741,10,329427
44667,0.015496,216.58.221.0-255,2902,110643,10,329427
44668,0.015506,172.31.36.0-255,66,110709,10,329427
44669,0.015556,216.58.221.0-255,2902,113611,10,329427
44670,0.01556,172.31.36.0-255,66,113677,10,329427
44671,0.017485,216.58.221.0-255,2902,116579,10,329427
44672,0.017492,172.31.36.0-255,66,116645,10,329427
44673,0.017529,216.58.221.0-255,2902,119547,10,329427
44674,0.017533,172.31.36.0-255,66,119613,10,329427
44675,0.019483,216.58.221.0-255,2902,122515,10,329427
44676,0.019491,172.31.36.0-255,66,122581,10,329427
44677,0.019531,216.58.221.0-255,2902,125483,10,329427
44678,0.019535,172.31.36.0-255,66,125549,10,329427
44679,0.021465,216.58.221.0-255,2902,128451,10,329427
44680,0.021471,172.31.36.0-255,66,128517,10,329427
44681,0.021505,216.58.221.0-255,2902,131419,10,329427
44682,0.021508,172.31.36.0-255,66,131485,10,329427
44683,0.023448,216.58.221.0-255,2902,134387,10,329427
44684,0.023455,172.31.36.0-255,66,134453,10,329427
44685,0.023494,216.58.221.0-255,2902,137355,10,329427
44686,0.023497,172.31.36.0-255,66,137421,10,329427
44687,0.025421,216.58.221.0-255,2902,140323,10,329427
44688,0.025428,172.31.36.0-255,66,140389,10,329427
44689,0.02546,216.58.221.0-255,1484,141873,10,329427
44690,0.025479,216.58.221.0-255,1484,143357,10,329427
44691,0.025481,172.31.36.0-255,66,143423,10,329427
44692,0.027435,216.58.221.0-255,2902,146325,10,329427
44693,0.027441,172.31.36.0-255,66,146391,10,329427
44694,0.027483,216.58.221.0-255,2902,149293,10,329427
44695,0.027488,172.31.36.0-255,66,149359,10,329427
44696,0.029422,216.58.221.0-255,2902,152261,10,329427
44697,0.029428,172.31.36.0-255,66,152327,10,329427
44698,0.029456,216.58.221.0-255,2902,155229,10,329427
44699,0.029459,172.31.36.0-255,66,155295,10,329427
44700,0.030218,172.31.36.0-255,172,155467,10,329427
44701,0.030275,172.31.36.0-255,1111,156578,10,329427
44702,0.030365,172.31.36.0-255,1514,158092,10,329427
44703,0.030367,172.31.36.0-255,1292,159384,10,329427
44704,0.031405,216.58.221.0-255,2902,162286,10,329427
44705,0.031412,172.31.36.0-255,66,162352,10,329427
44706,0.031444,216.58.221.0-255,2902,165254,10,329427
44707,0.031448,172.31.36.0-255,66,165320,10,329427
44708,0.031757,104.244.42.0-255,66,165386,10,329427
44709,0.031854,104.244.42.0-255,66,165452,10,329427
44710,0.031982,104.244.42.0-255,66,165518,10,329427
44711,0.033375,216.58.221.0-255,1484,167002,10,329427
44712,0.033406,216.58.221.0-255,1484,168486,10,329427
44713,0.03341,172.31.36.0-255,66,168552,10,329427
44714,0.033416,216.58.221.0-255,2902,171454,10,329427
44715,0.033418,172.31.36.0-255,66,171520,10,329427
44716,0.035378,216.58.221.0-255,5738,177258,10,329427
44717,0.035383,172.31.36.0-255,66,177324,10,329427
44718,0.037357,216.58.221.0-255,5738,183062,10,329427
44719,0.037362,172.31.36.0-255,66,183128,10,329427
44720,0.039336,216.58.221.0-255,5738,188866,10,329427
44721,0.039342,172.31.36.0-255,66,188932,10,329427
44722,0.041318,216.58.221.0-255,5738,194670,10,329427
44723,0.041324,172.31.36.0-255,66,194736,10,329427
44724,0.043303,216.58.221.0-255,5738,200474,10,329427
44725,0.043308,172.31.36.0-255,66,200540,10,329427
44726,0.045281,216.58.221.0-255,5738,206278,10,329427
44727,0.045287,172.31.36.0-255,66,206344,10,329427
44728,0.047259,216.58.221.0-255,5738,212082,10,329427
44729,0.047264,172.31.36.0-255,66,212148,10,329427
44730,0.049244,216.58.221.0-255,2902,215050,10,329427
44731,0.04925,172.31.36.0-255,66,215116,10,329427
44732,0.049283,216.58.221.0-255,2902,218018,10,329427
44733,0.049287,172.31.36.0-255,66,218084,10,329427
44734,0.051241,216.58.221.0-255,5738,223822,10,329427
44735,0.051247,172.31.36.0-255,66,223888,10,329427
44736,0.053231,216.58.221.0-255,5738,229626,10,329427
44737,0.05324,172.31.36.0-255,66,229692,10,329427
44738,0.055224,216.58.221.0-255,5738,235430,10,329427
44739,0.055236,172.31.36.0-255,66,235496,10,329427
44740,0.05721,216.58.221.0-255,5738,241234,10,329427
44741,0.057215,172.31.36.0-255,66,241300,10,329427
44742,0.059177,216.58.221.0-255,5738,247038,10,329427
44743,0.059182,172.31.36.0-255,66,247104,10,329427
44744,0.061156,216.58.221.0-255,5738,252842,10,329427
44745,0.061161,172.31.36.0-255,66,252908,10,329427
44746,0.063154,216.58.221.0-255,5738,258646,10,329427
44747,0.063159,172.31.36.0-255,66,258712,10,329427
44748,0.065135,216.58.221.0-255,5738,264450,10,329427
44749,0.065141,172.31.36.0-255,66,264516,10,329427
44750,0.067143,216.58.221.0-255,5738,270254,10,329427
44751,0.067148,172.31.36.0-255,66,270320,10,329427
44752,0.069119,216.58.221.0-255,5738,276058,10,329427
44753,0.069125,172.31.36.0-255,66,276124,10,329427
44754,0.071099,216.58.221.0-255,5738,281862,10,329427
44755,0.071131,172.31.36.0-255,66,281928,10,329427
44756,0.073114,216.58.221.0-255,5738,287666,10,329427
44757,0.07312,172.31.36.0-255,66,287732,10,329427
44758,0.0751,216.58.221.0-255,5738,293470,10,329427
44759,0.075106,172.31.36.0-255,66,293536,10,329427
44760,0.077122,216.58.221.0-255,5738,299274,10,329427
44761,0.077129,172.31.36.0-255,66,299340,10,329427
44762,0.079106,216.58.221.0-255,5738,305078,10,329427
44763,0.079112,172.31.36.0-255,66,305144,10,329427
44764,0.081089,216.58.221.0-255,5738,310882,10,329427
44765,0.081096,172.31.36.0-255,66,310948,10,329427
44766,0.083097,216.58.221.0-255,4320,315268,10,329427
44767,0.083104,172.31.36.0-255,66,315334,10,329427
44768,0.083134,216.58.221.0-255,1484,316818,10,329427
44769,0.085109,216.58.221.0-255,2902,319720,10,329427
44770,0.085114,172.31.36.0-255,66,319786,10,329427
44771,0.085145,216.58.221.0-255,1484,321270,10,329427
44772,0.087086,216.58.221.0-255,2902,324172,10,329427
44773,0.087092,172.31.36.0-255,66,324238,10,329427
44774,0.087128,216.58.221.0-255,1484,325722,10,329427
44775,0.08908,216.58.221.0-255,3534,329256,10,329427
44776,0.089085,172.31.36.0-255,66,329322,10,329427
44777,0.089282,172.31.36.0-255,105,329427,10,329427
44778,0.0,74.125.24.0-255,146,146,10,149579
44779,2.1e-05,172.31.36.0-255,66,212,10,149579
44780,2.9e-05,74.125.24.0-255,1484,1696,10,149579
44781,3.4e-05,172.31.36.0-255,66,1762,10,149579
44782,4e-05,74.125.24.0-255,2902,4664,10,149579
44783,4.4e-05,172.31.36.0-255,66,4730,10,149579
44784,6e-05,74.125.24.0-255,7156,11886,10,149579
44785,6.3e-05,172.31.36.0-255,66,11952,10,149579
44786,6.8e-05,74.125.24.0-255,2048,14000,10,149579
44787,7.2e-05,172.31.36.0-255,66,14066,10,149579
44788,8.6e-05,172.31.36.0-255,66,14132,10,149579
44789,0.000104,172.31.36.0-255,66,14198,10,149579
44790,0.000144,172.31.36.0-255,66,14264,10,149579
44791,0.000177,74.125.24.0-255,6438,20702,10,149579
44792,0.00018,172.31.36.0-255,66,20768,10,149579
44793,0.000186,74.125.24.0-255,3164,23932,10,149579
44794,0.000188,172.31.36.0-255,66,23998,10,149579
44795,0.000237,74.125.24.0-255,1484,25482,10,149579
44796,0.000239,172.31.36.0-255,66,25548,10,149579
44797,0.000245,74.125.24.0-255,2902,28450,10,149579
44798,0.000247,172.31.36.0-255,66,28516,10,149579
44799,0.000268,74.125.24.0-255,5738,34254,10,149579
44800,0.000271,172.31.36.0-255,66,34320,10,149579
44801,0.000277,74.125.24.0-255,4320,38640,10,149579
44802,0.000279,172.31.36.0-255,66,38706,10,149579
44803,0.000319,74.125.24.0-255,2902,41608,10,149579
44804,0.000322,172.31.36.0-255,66,41674,10,149579
44805,0.000357,172.31.36.0-255,66,41740,10,149579
44806,0.000406,172.31.36.0-255,66,41806,10,149579
44807,0.000646,74.125.24.0-255,1484,43290,10,149579
44808,0.000654,74.125.24.0-255,2902,46192,10,149579
44809,0.000679,74.125.24.0-255,5738,51930,10,149579
44810,0.000682,74.125.24.0-255,2902,54832,10,149579
44811,0.000685,172.31.36.0-255,66,54898,10,149579
44812,0.000693,172.31.36.0-255,66,54964,10,149579
44813,0.00076,172.31.36.0-255,66,55030,10,149579
44814,0.00082,172.31.36.0-255,66,55096,10,149579
44815,0.000835,74.125.24.0-255,4320,59416,10,149579
44816,0.000854,172.31.36.0-255,66,59482,10,149579
44817,0.00088,172.31.36.0-255,66,59548,10,149579
44818,0.001026,74.125.24.0-255,1484,61032,10,149579
44819,0.001031,74.125.24.0-255,2902,63934,10,149579
44820,0.001046,172.31.36.0-255,66,64000,10,149579
44821,0.001058,74.125.24.0-255,5738,69738,10,149579
44822,0.00107,74.125.24.0-255,7156,76894,10,149579
44823,0.001075,172.31.36.0-255,66,76960,10,149579
44824,0.001088,74.125.24.0-255,5738,82698,10,149579
44825,0.001131,172.31.36.0-255,66,82764,10,149579
44826,0.001476,74.125.24.0-255,1484,84248,10,149579
44827,0.001491,74.125.24.0-255,2902,87150,10,149579
44828,0.001504,172.31.36.0-255,66,87216,10,149579
44829,0.001515,74.125.24.0-255,5738,92954,10,149579
44830,0.001535,74.125.24.0-255,2902,95856,10,149579
44831,0.001564,172.31.36.0-255,66,95922,10,149579
44832,0.001629,172.31.36.0-255,66,95988,10,149579
44833,0.001724,74.125.24.0-255,1484,97472,10,149579
44834,0.001729,74.125.24.0-255,1484,98956,10,149579
44835,0.001736,172.31.36.0-255,66,99022,10,149579
44836,0.001768,74.125.24.0-255,1484,100506,10,149579
44837,0.001775,74.125.24.0-255,5738,106244,10,149579
44838,0.001846,172.31.36.0-255,66,106310,10,149579
44839,0.001904,74.125.24.0-255,2902,109212,10,149579
44840,0.001925,74.125.24.0-255,7156,116368,10,149579
44841,0.001944,74.125.24.0-255,7156,123524,10,149579
44842,0.00195,172.31.36.0-255,66,123590,10,149579
44843,0.001974,74.125.24.0-255,1484,125074,10,149579
44844,0.001987,172.31.36.0-255,66,125140,10,149579
44845,0.001999,74.125.24.0-255,7156,132296,10,149579
44846,0.002066,172.31.36.0-255,66,132362,10,149579
44847,0.002072,172.31.36.0-255,66,132428,10,149579
44848,0.002094,74.125.24.0-255,1484,133912,10,149579
44849,0.002102,74.125.24.0-255,7156,141068,10,149579
44850,0.002153,172.31.36.0-255,66,141134,10,149579
44851,0.002199,74.125.24.0-255,938,142072,10,149579
44852,0.002201,74.125.24.0-255,105,142177,10,149579
44853,0.002208,172.31.36.0-255,66,142243,10,149579
44854,0.017477,172.31.36.0-255,105,142348,10,149579
44855,0.019762,74.125.24.0-255,66,142414,10,149579
44856,0.041371,172.31.36.0-255,172,142586,10,149579
44857,0.041411,172.31.36.0-255,1112,143698,10,149579
44858,0.041478,172.31.36.0-255,1514,145212,10,149579
44859,0.04148,172.31.36.0-255,1514,146726,10,149579
44860,0.041481,172.31.36.0-255,1514,148240,10,149579
44861,0.041482,172.31.36.0-255,1075,149315,10,149579
44862,0.042871,104.244.42.0-255,66,149381,10,149579
44863,0.042905,104.244.42.0-255,66,149447,10,149579
44864,0.042987,104.244.42.0-255,66,149513,10,149579
44865,0.043001,104.244.42.0-255,66,149579,10,149579
44866,0.0,172.217.194.0-255,297,297,10,302074
44867,3.4e-05,172.31.36.0-255,66,363,10,302074
44868,4e-05,172.217.194.0-255,1484,1847,10,302074
44869,4.4e-05,172.31.36.0-255,66,1913,10,302074
44870,5e-05,172.217.194.0-255,4320,6233,10,302074
44871,5.3e-05,172.31.36.0-255,66,6299,10,302074
44872,8.2e-05,172.217.194.0-255,7156,13455,10,302074
44873,8.7e-05,172.31.36.0-255,66,13521,10,302074
44874,0.000106,172.217.194.0-255,1883,15404,10,302074
44875,0.000108,172.31.36.0-255,66,15470,10,302074
44876,0.000119,172.31.36.0-255,66,15536,10,302074
44877,0.000125,172.217.194.0-255,3961,19497,10,302074
44878,0.000127,172.31.36.0-255,66,19563,10,302074
44879,0.00013,172.217.194.0-255,1484,21047,10,302074
44880,0.000132,172.31.36.0-255,66,21113,10,302074
44881,0.000153,172.217.194.0-255,2902,24015,10,302074
44882,0.000155,172.31.36.0-255,66,24081,10,302074
44883,0.000166,172.31.36.0-255,66,24147,10,302074
44884,0.000171,172.217.194.0-255,3961,28108,10,302074
44885,0.000173,172.31.36.0-255,66,28174,10,302074
44886,0.0002,172.217.194.0-255,4320,32494,10,302074
44887,0.000204,172.31.36.0-255,66,32560,10,302074
44888,0.000232,172.31.36.0-255,66,32626,10,302074
44889,0.000309,172.217.194.0-255,645,33271,10,302074
44890,0.000314,172.31.36.0-255,66,33337,10,302074
44891,0.000634,172.217.194.0-255,1484,34821,10,302074
44892,0.00064,172.31.36.0-255,66,34887,10,302074
44893,0.000645,172.217.194.0-255,2902,37789,10,302074
44894,0.000647,172.31.36.0-255,66,37855,10,302074
44895,0.000651,172.217.194.0-255,1484,39339,10,302074
44896,0.000675,172.217.194.0-255,4320,43659,10,302074
44897,0.000678,172.217.194.0-255,1484,45143,10,302074
44898,0.00068,172.31.36.0-255,66,45209,10,302074
44899,0.000711,172.31.36.0-255,66,45275,10,302074
44900,0.000726,172.217.194.0-255,2902,48177,10,302074
44901,0.000729,172.31.36.0-255,66,48243,10,302074
44902,0.000762,172.31.36.0-255,66,48309,10,302074
44903,0.001651,172.217.194.0-255,1484,49793,10,302074
44904,0.001661,172.217.194.0-255,2902,52695,10,302074
44905,0.001666,172.31.36.0-255,66,52761,10,302074
44906,0.001672,172.217.194.0-255,4320,57081,10,302074
44907,0.001675,172.31.36.0-255,66,57147,10,302074
44908,0.001692,172.217.194.0-255,1484,58631,10,302074
44909,0.001696,172.217.194.0-255,1484,60115,10,302074
44910,0.001698,172.31.36.0-255,66,60181,10,302074
44911,0.001731,172.31.36.0-255,66,60247,10,302074
44912,0.001742,172.31.36.0-255,66,60313,10,302074
44913,0.001745,172.217.194.0-255,766,61079,10,302074
44914,0.003863,172.217.194.0-255,4320,65399,10,302074
44915,0.003869,172.31.36.0-255,66,65465,10,302074
44916,0.006014,172.217.194.0-255,5738,71203,10,302074
44917,0.006021,172.31.36.0-255,66,71269,10,302074
44918,0.008167,172.217.194.0-255,5738,77007,10,302074
44919,0.008173,172.31.36.0-255,66,77073,10,302074
44920,0.010282,172.217.194.0-255,5738,82811,10,302074
44921,0.01029,172.31.36.0-255,66,82877,10,302074
44922,0.012435,172.217.194.0-255,5738,88615,10,302074
44923,0.012443,172.31.36.0-255,66,88681,10,302074
44924,0.014578,172.217.194.0-255,5738,94419,10,302074
44925,0.014586,172.31.36.0-255,66,94485,10,302074
44926,0.016706,172.217.194.0-255,5738,100223,10,302074
44927,0.016712,172.31.36.0-255,66,100289,10,302074
44928,0.018834,172.217.194.0-255,5738,106027,10,302074
44929,0.01884,172.31.36.0-255,66,106093,10,302074
44930,0.020956,172.217.194.0-255,5738,111831,10,302074
44931,0.020967,172.31.36.0-255,66,111897,10,302074
44932,0.02312,172.217.194.0-255,5738,117635,10,302074
44933,0.023129,172.31.36.0-255,66,117701,10,302074
44934,0.025253,172.217.194.0-255,5738,123439,10,302074
44935,0.025263,172.31.36.0-255,66,123505,10,302074
44936,0.027115,172.31.36.0-255,164,123669,10,302074
44937,0.027148,172.31.36.0-255,1121,124790,10,302074
44938,0.027209,172.31.36.0-255,1514,126304,10,302074
44939,0.027212,172.31.36.0-255,1514,127818,10,302074
44940,0.027217,172.31.36.0-255,1514,129332,10,302074
44941,0.027218,172.31.36.0-255,1062,130394,10,302074
44942,0.027369,172.217.194.0-255,4320,134714,10,302074
44943,0.027375,172.31.36.0-255,66,134780,10,302074
44944,0.027389,172.217.194.0-255,1484,136264,10,302074
44945,0.028662,104.244.42.0-255,66,136330,10,302074
44946,0.02869,104.244.42.0-255,66,136396,10,302074
44947,0.028763,104.244.42.0-255,66,136462,10,302074
44948,0.028783,104.244.42.0-255,66,136528,10,302074
44949,0.029519,172.217.194.0-255,4320,140848,10,302074
44950,0.029526,172.31.36.0-255,66,140914,10,302074
44951,0.031682,172.217.194.0-255,5738,146652,10,302074
44952,0.031689,172.31.36.0-255,66,146718,10,302074
44953,0.033829,172.217.194.0-255,5738,152456,10,302074
44954,0.033836,172.31.36.0-255,66,152522,10,302074
44955,0.035976,172.217.194.0-255,5738,158260,10,302074
44956,0.035983,172.31.36.0-255,66,158326,10,302074
44957,0.038151,172.217.194.0-255,5738,164064,10,302074
44958,0.038158,172.31.36.0-255,66,164130,10,302074
44959,0.040279,172.217.194.0-255,5738,169868,10,302074
44960,0.040285,172.31.36.0-255,66,169934,10,302074
44961,0.042442,172.217.194.0-255,5738,175672,10,302074
44962,0.042449,172.31.36.0-255,66,175738,10,302074
44963,0.044591,172.217.194.0-255,5738,181476,10,302074
44964,0.044598,172.31.36.0-255,66,181542,10,302074
44965,0.046755,172.217.194.0-255,5738,187280,10,302074
44966,0.046761,172.31.36.0-255,66,187346,10,302074
44967,0.048893,172.217.194.0-255,5738,193084,10,302074
44968,0.048901,172.31.36.0-255,66,193150,10,302074
44969,0.051054,172.217.194.0-255,5738,198888,10,302074
44970,0.051062,172.31.36.0-255,66,198954,10,302074
44971,0.053171,172.217.194.0-255,4320,203274,10,302074
44972,0.053179,172.31.36.0-255,66,203340,10,302074
44973,0.053196,172.217.194.0-255,1484,204824,10,302074
44974,0.055279,172.217.194.0-255,4320,209144,10,302074
44975,0.055286,172.31.36.0-255,66,209210,10,302074
44976,0.057443,172.217.194.0-255,5738,214948,10,302074
44977,0.05745,172.31.36.0-255,66,215014,10,302074
44978,0.05962,172.217.194.0-255,5738,220752,10,302074
44979,0.059628,172.31.36.0-255,66,220818,10,302074
44980,0.0618,172.217.194.0-255,5738,226556,10,302074
44981,0.061807,172.31.36.0-255,66,226622,10,302074
44982,0.06396,172.217.194.0-255,5738,232360,10,302074
44983,0.063967,172.31.36.0-255,66,232426,10,302074
44984,0.066093,172.217.194.0-255,5738,238164,10,302074
44985,0.0661,172.31.36.0-255,66,238230,10,302074
44986,0.068253,172.217.194.0-255,5738,243968,10,302074
44987,0.06826,172.31.36.0-255,66,244034,10,302074
44988,0.070387,172.217.194.0-255,5738,249772,10,302074
44989,0.070394,172.31.36.0-255,66,249838,10,302074
44990,0.072543,172.217.194.0-255,5738,255576,10,302074
44991,0.07255,172.31.36.0-255,66,255642,10,302074
44992,0.07469,172.217.194.0-255,5738,261380,10,302074
44993,0.074697,172.31.36.0-255,66,261446,10,302074
44994,0.076862,172.217.194.0-255,5738,267184,10,302074
44995,0.07687,172.31.36.0-255,66,267250,10,302074
44996,0.079005,172.217.194.0-255,5738,272988,10,302074
44997,0.079012,172.31.36.0-255,66,273054,10,302074
44998,0.081159,172.217.194.0-255,5738,278792,10,302074
44999,0.081166,172.31.36.0-255,66,278858,10,302074
45000,0.083318,172.217.194.0-255,5738,284596,10,302074
45001,0.083325,172.31.36.0-255,66,284662,10,302074
45002,0.085476,172.217.194.0-255,5738,290400,10,302074
45003,0.085482,172.31.36.0-255,66,290466,10,302074
45004,0.087647,172.217.194.0-255,5738,296204,10,302074
45005,0.087654,172.31.36.0-255,66,296270,10,302074
45006,0.089773,172.217.194.0-255,5738,302008,10,302074
45007,0.08978,172.31.36.0-255,66,302074,10,302074
45008,0.0,172.217.194.0-255,143,143,10,362448
45009,2.2e-05,172.31.36.0-255,66,209,10,362448
45010,3e-05,172.217.194.0-255,1484,1693,10,362448
45011,3.3e-05,172.31.36.0-255,66,1759,10,362448
45012,3.9e-05,172.217.194.0-255,2902,4661,10,362448
45013,4.2e-05,172.31.36.0-255,66,4727,10,362448
45014,5e-05,172.217.194.0-255,7156,11883,10,362448
45015,5.3e-05,172.31.36.0-255,66,11949,10,362448
45016,5.6e-05,172.217.194.0-255,1484,13433,10,362448
45017,5.8e-05,172.31.36.0-255,66,13499,10,362448
45018,9e-05,172.217.194.0-255,6337,19836,10,362448
45019,9.4e-05,172.31.36.0-255,66,19902,10,362448
45020,0.000115,172.217.194.0-255,4320,24222,10,362448
45021,0.000118,172.31.36.0-255,66,24288,10,362448
45022,0.000142,172.217.194.0-255,6797,31085,10,362448
45023,0.000145,172.31.36.0-255,66,31151,10,362448
45024,0.000373,172.217.194.0-255,1484,32635,10,362448
45025,0.000379,172.31.36.0-255,66,32701,10,362448
45026,0.000385,172.217.194.0-255,2902,35603,10,362448
45027,0.000388,172.31.36.0-255,66,35669,10,362448
45028,0.000394,172.217.194.0-255,5738,41407,10,362448
45029,0.000396,172.31.36.0-255,66,41473,10,362448
45030,0.000413,172.217.194.0-255,5738,47211,10,362448
45031,0.000416,172.31.36.0-255,66,47277,10,362448
45032,0.000436,172.217.194.0-255,1125,48402,10,362448
45033,0.000439,172.31.36.0-255,66,48468,10,362448
45034,0.000446,172.217.194.0-255,5738,54206,10,362448
45035,0.000448,172.31.36.0-255,66,54272,10,362448
45036,0.000468,172.217.194.0-255,1484,55756,10,362448
45037,0.00047,172.31.36.0-255,66,55822,10,362448
45038,0.000477,172.217.194.0-255,5738,61560,10,362448
45039,0.000479,172.31.36.0-255,66,61626,10,362448
45040,0.000517,172.217.194.0-255,4289,65915,10,362448
45041,0.00052,172.31.36.0-255,66,65981,10,362448
45042,0.000537,172.217.194.0-255,381,66362,10,362448
45043,0.000669,172.217.194.0-255,1484,67846,10,362448
45044,0.000673,172.31.36.0-255,66,67912,10,362448
45045,0.000679,172.217.194.0-255,2902,70814,10,362448
45046,0.000681,172.31.36.0-255,66,70880,10,362448
45047,0.000687,172.217.194.0-255,4320,75200,10,362448
45048,0.000689,172.31.36.0-255,66,75266,10,362448
45049,0.000706,172.217.194.0-255,1484,76750,10,362448
45050,0.000712,172.217.194.0-255,4320,81070,10,362448
45051,0.000714,172.31.36.0-255,66,81136,10,362448
45052,0.000732,172.217.194.0-255,2543,83679,10,362448
45053,0.000735,172.31.36.0-255,66,83745,10,362448
45054,0.000775,172.217.194.0-255,1484,85229,10,362448
45055,0.00078,172.217.194.0-255,2902,88131,10,362448
45056,0.000783,172.31.36.0-255,66,88197,10,362448
45057,0.000808,172.217.194.0-255,1484,89681,10,362448
45058,0.000822,172.217.194.0-255,4320,94001,10,362448
45059,0.000824,172.31.36.0-255,66,94067,10,362448
45060,0.000853,172.217.194.0-255,2902,96969,10,362448
45061,0.000855,172.31.36.0-255,66,97035,10,362448
45062,0.000877,172.217.194.0-255,3961,100996,10,362448
45063,0.00088,172.31.36.0-255,66,101062,10,362448
45064,0.001291,172.217.194.0-255,1484,102546,10,362448
45065,0.001297,172.217.194.0-255,2902,105448,10,362448
45066,0.001301,172.31.36.0-255,66,105514,10,362448
45067,0.001304,172.217.194.0-255,1484,106998,10,362448
45068,0.001322,172.217.194.0-255,4320,111318,10,362448
45069,0.001324,172.31.36.0-255,66,111384,10,362448
45070,0.001367,172.31.36.0-255,66,111450,10,362448
45071,0.00137,172.217.194.0-255,1484,112934,10,362448
45072,0.001403,172.217.194.0-255,7156,120090,10,362448
45073,0.001406,172.31.36.0-255,66,120156,10,362448
45074,0.001424,172.217.194.0-255,2184,122340,10,362448
45075,0.001426,172.31.36.0-255,66,122406,10,362448
45076,0.001432,172.217.194.0-255,4320,126726,10,362448
45077,0.001434,172.31.36.0-255,66,126792,10,362448
45078,0.00144,172.217.194.0-255,5738,132530,10,362448
45079,0.001442,172.31.36.0-255,66,132596,10,362448
45080,0.0015,172.31.36.0-255,66,132662,10,362448
45081,0.001507,172.217.194.0-255,5738,138400,10,362448
45082,0.001509,172.31.36.0-255,66,138466,10,362448
45083,0.001543,172.217.194.0-255,5738,144204,10,362448
45084,0.001548,172.31.36.0-255,66,144270,10,362448
45085,0.001555,172.217.194.0-255,766,145036,10,362448
45086,0.001589,172.217.194.0-255,1484,146520,10,362448
45087,0.001591,172.31.36.0-255,66,146586,10,362448
45088,0.001598,172.217.194.0-255,2902,149488,10,362448
45089,0.0016,172.31.36.0-255,66,149554,10,362448
45090,0.001603,172.217.194.0-255,1484,151038,10,362448
45091,0.001635,172.217.194.0-255,4320,155358,10,362448
45092,0.001639,172.31.36.0-255,66,155424,10,362448
45093,0.001642,172.217.194.0-255,1484,156908,10,362448
45094,0.001665,172.217.194.0-255,5738,162646,10,362448
45095,0.001667,172.31.36.0-255,66,162712,10,362448
45096,0.001688,172.217.194.0-255,5738,168450,10,362448
45097,0.00169,172.31.36.0-255,66,168516,10,362448
45098,0.001723,172.31.36.0-255,66,168582,10,362448
45099,0.001989,172.217.194.0-255,1484,170066,10,362448
45100,0.001995,172.217.194.0-255,2902,172968,10,362448
45101,0.001998,172.31.36.0-255,66,173034,10,362448
45102,0.002018,172.217.194.0-255,2902,175936,10,362448
45103,0.00202,172.31.36.0-255,66,176002,10,362448
45104,0.002035,172.217.194.0-255,2902,178904,10,362448
45105,0.002037,172.31.36.0-255,66,178970,10,362448
45106,0.002043,172.217.194.0-255,4320,183290,10,362448
45107,0.002046,172.31.36.0-255,66,183356,10,362448
45108,0.002079,172.217.194.0-255,7156,190512,10,362448
45109,0.002083,172.31.36.0-255,66,190578,10,362448
45110,0.002096,172.31.36.0-255,66,190644,10,362448
45111,0.002103,172.217.194.0-255,7156,197800,10,362448
45112,0.002106,172.31.36.0-255,66,197866,10,362448
45113,0.002113,172.217.194.0-255,7156,205022,10,362448
45114,0.002116,172.31.36.0-255,66,205088,10,362448
45115,0.002142,172.217.194.0-255,1484,206572,10,362448
45116,0.002159,172.31.36.0-255,66,206638,10,362448
45117,0.002163,172.217.194.0-255,766,207404,10,362448
45118,0.004498,172.217.194.0-255,4320,211724,10,362448
45119,0.004506,172.31.36.0-255,66,211790,10,362448
45120,0.006845,172.217.194.0-255,5738,217528,10,362448
45121,0.006852,172.31.36.0-255,66,217594,10,362448
45122,0.009158,172.217.194.0-255,5738,223332,10,362448
45123,0.009164,172.31.36.0-255,66,223398,10,362448
45124,0.011532,172.217.194.0-255,5738,229136,10,362448
45125,0.01154,172.31.36.0-255,66,229202,10,362448
45126,0.013877,172.217.194.0-255,5738,234940,10,362448
45127,0.013885,172.31.36.0-255,66,235006,10,362448
45128,0.01624,172.217.194.0-255,5738,240744,10,362448
45129,0.016247,172.31.36.0-255,66,240810,10,362448
45130,0.018573,172.217.194.0-255,5738,246548,10,362448
45131,0.018582,172.31.36.0-255,66,246614,10,362448
45132,0.020919,172.217.194.0-255,5738,252352,10,362448
45133,0.020929,172.31.36.0-255,66,252418,10,362448
45134,0.023246,172.217.194.0-255,5738,258156,10,362448
45135,0.023255,172.31.36.0-255,66,258222,10,362448
45136,0.02558,172.217.194.0-255,5738,263960,10,362448
45137,0.025587,172.31.36.0-255,66,264026,10,362448
45138,0.027965,172.217.194.0-255,5738,269764,10,362448
45139,0.027971,172.31.36.0-255,66,269830,10,362448
45140,0.030302,172.217.194.0-255,5738,275568,10,362448
45141,0.03031,172.31.36.0-255,66,275634,10,362448
45142,0.032653,172.217.194.0-255,5738,281372,10,362448
45143,0.03266,172.31.36.0-255,66,281438,10,362448
45144,0.033668,172.31.36.0-255,164,281602,10,362448
45145,0.0337,172.31.36.0-255,1119,282721,10,362448
45146,0.033763,172.31.36.0-255,1514,284235,10,362448
45147,0.033765,172.31.36.0-255,1514,285749,10,362448
45148,0.033766,172.31.36.0-255,1514,287263,10,362448
45149,0.033767,172.31.36.0-255,1064,288327,10,362448
45150,0.035004,172.217.194.0-255,5738,294065,10,362448
45151,0.035011,172.31.36.0-255,66,294131,10,362448
45152,0.035235,104.244.42.0-255,66,294197,10,362448
45153,0.035243,104.244.42.0-255,66,294263,10,362448
45154,0.035354,104.244.42.0-255,66,294329,10,362448
45155,0.03536,104.244.42.0-255,66,294395,10,362448
45156,0.036517,104.244.42.0-255,108,294503,10,362448
45157,0.036523,172.31.36.0-255,66,294569,10,362448
45158,0.03735,172.217.194.0-255,5738,300307,10,362448
45159,0.037354,172.31.36.0-255,66,300373,10,362448
45160,0.0397,172.217.194.0-255,5738,306111,10,362448
45161,0.039706,172.31.36.0-255,66,306177,10,362448
45162,0.042031,172.217.194.0-255,5738,311915,10,362448
45163,0.04204,172.31.36.0-255,66,311981,10,362448
45164,0.044374,172.217.194.0-255,5738,317719,10,362448
45165,0.04438,172.31.36.0-255,66,317785,10,362448
45166,0.046722,172.217.194.0-255,5738,323523,10,362448
45167,0.046729,172.31.36.0-255,66,323589,10,362448
45168,0.049053,172.217.194.0-255,5738,329327,10,362448
45169,0.04906,172.31.36.0-255,66,329393,10,362448
45170,0.051391,172.217.194.0-255,5738,335131,10,362448
45171,0.051398,172.31.36.0-255,66,335197,10,362448
45172,0.053762,172.217.194.0-255,5738,340935,10,362448
45173,0.053769,172.31.36.0-255,66,341001,10,362448
45174,0.05617,172.217.194.0-255,5738,346739,10,362448
45175,0.056178,172.31.36.0-255,66,346805,10,362448
45176,0.058549,172.217.194.0-255,5738,352543,10,362448
45177,0.058555,172.31.36.0-255,66,352609,10,362448
45178,0.060908,172.217.194.0-255,5738,358347,10,362448
45179,0.060915,172.31.36.0-255,66,358413,10,362448
45180,0.063265,172.217.194.0-255,3798,362211,10,362448
45181,0.063271,172.31.36.0-255,66,362277,10,362448
45182,0.063424,172.31.36.0-255,105,362382,10,362448
45183,0.065721,172.217.194.0-255,66,362448,10,362448
45184,0.0,74.125.24.0-255,152,152,10,319378
45185,2.7e-05,172.31.36.0-255,66,218,10,319378
45186,3.4e-05,74.125.24.0-255,1484,1702,10,319378
45187,3.7e-05,172.31.36.0-255,66,1768,10,319378
45188,4.2e-05,74.125.24.0-255,2902,4670,10,319378
45189,4.5e-05,172.31.36.0-255,66,4736,10,319378
45190,6e-05,74.125.24.0-255,7156,11892,10,319378
45191,6.2e-05,172.31.36.0-255,66,11958,10,319378
45192,8.7e-05,74.125.24.0-255,3422,15380,10,319378
45193,9e-05,172.31.36.0-255,66,15446,10,319378
45194,0.000119,74.125.24.0-255,4320,19766,10,319378
45195,0.000124,172.31.36.0-255,66,19832,10,319378
45196,0.000127,74.125.24.0-255,1484,21316,10,319378
45197,0.000129,172.31.36.0-255,66,21382,10,319378
45198,0.000162,172.31.36.0-255,66,21448,10,319378
45199,0.000164,74.125.24.0-255,1125,22573,10,319378
45200,0.000169,172.31.36.0-255,66,22639,10,319378
45201,0.000252,74.125.24.0-255,1484,24123,10,319378
45202,0.000257,172.31.36.0-255,66,24189,10,319378
45203,0.000262,74.125.24.0-255,1484,25673,10,319378
45204,0.000264,172.31.36.0-255,66,25739,10,319378
45205,0.000298,74.125.24.0-255,1484,27223,10,319378
45206,0.000303,172.31.36.0-255,66,27289,10,319378
45207,0.00031,74.125.24.0-255,5738,33027,10,319378
45208,0.000313,172.31.36.0-255,66,33093,10,319378
45209,0.000319,74.125.24.0-255,4320,37413,10,319378
45210,0.000321,172.31.36.0-255,66,37479,10,319378
45211,0.000354,74.125.24.0-255,7156,44635,10,319378
45212,0.000358,172.31.36.0-255,66,44701,10,319378
45213,0.000387,74.125.24.0-255,2543,47244,10,319378
45214,0.00039,172.31.36.0-255,66,47310,10,319378
45215,0.000393,74.125.24.0-255,1484,48794,10,319378
45216,0.000427,172.31.36.0-255,66,48860,10,319378
45217,0.00043,74.125.24.0-255,414,49274,10,319378
45218,0.000544,74.125.24.0-255,331,49605,10,319378
45219,0.000672,74.125.24.0-255,1484,51089,10,319378
45220,0.000676,172.31.36.0-255,66,51155,10,319378
45221,0.000681,74.125.24.0-255,2902,54057,10,319378
45222,0.000684,172.31.36.0-255,66,54123,10,319378
45223,0.000741,74.125.24.0-255,5738,59861,10,319378
45224,0.000744,172.31.36.0-255,66,59927,10,319378
45225,0.000756,172.31.36.0-255,66,59993,10,319378
45226,0.000789,74.125.24.0-255,4320,64313,10,319378
45227,0.000793,172.31.36.0-255,66,64379,10,319378
45228,0.000797,74.125.24.0-255,2902,67281,10,319378
45229,0.000799,172.31.36.0-255,66,67347,10,319378
45230,0.00084,172.31.36.0-255,66,67413,10,319378
45231,0.001046,74.125.24.0-255,1484,68897,10,319378
45232,0.001064,74.125.24.0-255,2902,71799,10,319378
45233,0.001068,172.31.36.0-255,66,71865,10,319378
45234,0.001071,74.125.24.0-255,1484,73349,10,319378
45235,0.0011,74.125.24.0-255,4320,77669,10,319378
45236,0.001106,74.125.24.0-255,5738,83407,10,319378
45237,0.001106,172.31.36.0-255,66,83473,10,319378
45238,0.00111,172.31.36.0-255,66,83539,10,319378
45239,0.001136,74.125.24.0-255,2902,86441,10,319378
45240,0.00114,172.31.36.0-255,66,86507,10,319378
45241,0.001157,172.31.36.0-255,66,86573,10,319378
45242,0.001163,74.125.24.0-255,5020,91593,10,319378
45243,0.001165,172.31.36.0-255,66,91659,10,319378
45244,0.001425,74.125.24.0-255,1484,93143,10,319378
45245,0.001431,74.125.24.0-255,2902,96045,10,319378
45246,0.001434,172.31.36.0-255,66,96111,10,319378
45247,0.001464,74.125.24.0-255,5738,101849,10,319378
45248,0.001467,172.31.36.0-255,66,101915,10,319378
45249,0.001475,74.125.24.0-255,7156,109071,10,319378
45250,0.001477,172.31.36.0-255,66,109137,10,319378
45251,0.00148,74.125.24.0-255,1484,110621,10,319378
45252,0.001518,172.31.36.0-255,66,110687,10,319378
45253,0.001523,74.125.24.0-255,2184,112871,10,319378
45254,0.001525,172.31.36.0-255,66,112937,10,319378
45255,0.001571,74.125.24.0-255,1484,114421,10,319378
45256,0.001576,74.125.24.0-255,2902,117323,10,319378
45257,0.001578,172.31.36.0-255,66,117389,10,319378
45258,0.001583,74.125.24.0-255,2902,120291,10,319378
45259,0.001587,172.31.36.0-255,66,120357,10,319378
45260,0.001606,74.125.24.0-255,2902,123259,10,319378
45261,0.001609,172.31.36.0-255,66,123325,10,319378
45262,0.001626,172.31.36.0-255,66,123391,10,319378
45263,0.001657,74.125.24.0-255,1484,124875,10,319378
45264,0.001672,172.31.36.0-255,66,124941,10,319378
45265,0.001842,74.125.24.0-255,1484,126425,10,319378
45266,0.001855,74.125.24.0-255,2902,129327,10,319378
45267,0.001858,172.31.36.0-255,66,129393,10,319378
45268,0.001893,74.125.24.0-255,5738,135131,10,319378
45269,0.001897,172.31.36.0-255,66,135197,10,319378
45270,0.00191,172.31.36.0-255,66,135263,10,319378
45271,0.001921,74.125.24.0-255,4320,139583,10,319378
45272,0.001923,172.31.36.0-255,66,139649,10,319378
45273,0.001955,74.125.24.0-255,6438,146087,10,319378
45274,0.001958,172.31.36.0-255,66,146153,10,319378
45275,0.001989,74.125.24.0-255,1484,147637,10,319378
45276,0.001993,74.125.24.0-255,2902,150539,10,319378
45277,0.001995,172.31.36.0-255,66,150605,10,319378
45278,0.002023,74.125.24.0-255,5738,156343,10,319378
45279,0.002026,172.31.36.0-255,66,156409,10,319378
45280,0.002038,74.125.24.0-255,5738,162147,10,319378
45281,0.00204,172.31.36.0-255,66,162213,10,319378
45282,0.002076,74.125.24.0-255,1484,163697,10,319378
45283,0.002091,172.31.36.0-255,66,163763,10,319378
45284,0.002096,74.125.24.0-255,2184,165947,10,319378
45285,0.002098,172.31.36.0-255,66,166013,10,319378
45286,0.002228,74.125.24.0-255,1484,167497,10,319378
45287,0.002245,74.125.24.0-255,2902,170399,10,319378
45288,0.002248,172.31.36.0-255,66,170465,10,319378
45289,0.002254,74.125.24.0-255,5738,176203,10,319378
45290,0.002256,172.31.36.0-255,66,176269,10,319378
45291,0.002268,74.125.24.0-255,4320,180589,10,319378
45292,0.00227,172.31.36.0-255,66,180655,10,319378
45293,0.002311,74.125.24.0-255,5738,186393,10,319378
45294,0.002314,172.31.36.0-255,66,186459,10,319378
45295,0.004574,74.125.24.0-255,5738,192197,10,319378
45296,0.004581,172.31.36.0-255,66,192263,10,319378
45297,0.006829,74.125.24.0-255,5738,198001,10,319378
45298,0.006835,172.31.36.0-255,66,198067,10,319378
45299,0.009114,74.125.24.0-255,5738,203805,10,319378
45300,0.00912,172.31.36.0-255,66,203871,10,319378
45301,0.011402,74.125.24.0-255,5738,209609,10,319378
45302,0.01141,172.31.36.0-255,66,209675,10,319378
45303,0.013687,74.125.24.0-255,5738,215413,10,319378
45304,0.013694,172.31.36.0-255,66,215479,10,319378
45305,0.015991,74.125.24.0-255,5738,221217,10,319378
45306,0.016,172.31.36.0-255,66,221283,10,319378
45307,0.018281,74.125.24.0-255,4320,225603,10,319378
45308,0.01829,172.31.36.0-255,66,225669,10,319378
45309,0.018323,74.125.24.0-255,1484,227153,10,319378
45310,0.020554,74.125.24.0-255,4320,231473,10,319378
45311,0.020561,172.31.36.0-255,66,231539,10,319378
45312,0.022854,74.125.24.0-255,5738,237277,10,319378
45313,0.022862,172.31.36.0-255,66,237343,10,319378
45314,0.025115,74.125.24.0-255,4320,241663,10,319378
45315,0.025124,172.31.36.0-255,66,241729,10,319378
45316,0.025156,74.125.24.0-255,1484,243213,10,319378
45317,0.027433,74.125.24.0-255,4320,247533,10,319378
45318,0.027441,172.31.36.0-255,66,247599,10,319378
45319,0.029704,74.125.24.0-255,5738,253337,10,319378
45320,0.029711,172.31.36.0-255,66,253403,10,319378
45321,0.029858,172.31.36.0-255,172,253575,10,319378
45322,0.02991,172.31.36.0-255,1111,254686,10,319378
45323,0.029982,172.31.36.0-255,1514,256200,10,319378
45324,0.029984,172.31.36.0-255,1292,257492,10,319378
45325,0.0314,104.244.42.0-255,66,257558,10,319378
45326,0.031494,104.244.42.0-255,66,257624,10,319378
45327,0.031528,104.244.42.0-255,66,257690,10,319378
45328,0.031997,74.125.24.0-255,1484,259174,10,319378
45329,0.032023,74.125.24.0-255,4320,263494,10,319378
45330,0.032028,172.31.36.0-255,66,263560,10,319378
45331,0.034273,74.125.24.0-255,2902,266462,10,319378
45332,0.034279,172.31.36.0-255,66,266528,10,319378
45333,0.034316,74.125.24.0-255,2902,269430,10,319378
45334,0.03432,172.31.36.0-255,66,269496,10,319378
45335,0.036547,74.125.24.0-255,2902,272398,10,319378
45336,0.036552,172.31.36.0-255,66,272464,10,319378
45337,0.036586,74.125.24.0-255,2902,275366,10,319378
45338,0.036589,172.31.36.0-255,66,275432,10,319378
45339,0.038827,74.125.24.0-255,5738,281170,10,319378
45340,0.038832,172.31.36.0-255,66,281236,10,319378
45341,0.041112,74.125.24.0-255,4320,285556,10,319378
45342,0.041117,172.31.36.0-255,66,285622,10,319378
45343,0.041146,74.125.24.0-255,1484,287106,10,319378
45344,0.043393,74.125.24.0-255,4320,291426,10,319378
45345,0.0434,172.31.36.0-255,66,291492,10,319378
45346,0.045642,74.125.24.0-255,4320,295812,10,319378
45347,0.045647,172.31.36.0-255,66,295878,10,319378
45348,0.045683,74.125.24.0-255,1484,297362,10,319378
45349,0.047935,74.125.24.0-255,4320,301682,10,319378
45350,0.04794,172.31.36.0-255,66,301748,10,319378
45351,0.050207,74.125.24.0-255,4320,306068,10,319378
45352,0.050213,172.31.36.0-255,66,306134,10,319378
45353,0.050253,74.125.24.0-255,1484,307618,10,319378
45354,0.05247,74.125.24.0-255,4320,311938,10,319378
45355,0.052475,172.31.36.0-255,66,312004,10,319378
45356,0.054725,74.125.24.0-255,5738,317742,10,319378
45357,0.05473,172.31.36.0-255,66,317808,10,319378
45358,0.056992,74.125.24.0-255,1333,319141,10,319378
45359,0.05714,172.31.36.0-255,66,319207,10,319378
45360,0.057168,172.31.36.0-255,105,319312,10,319378
45361,0.059405,74.125.24.0-255,66,319378,10,319378
45362,0.0,74.125.24.0-255,156,156,10,235485
45363,1.8e-05,172.31.36.0-255,66,222,10,235485
45364,2.5e-05,74.125.24.0-255,1484,1706,10,235485
45365,2.9e-05,172.31.36.0-255,66,1772,10,235485
45366,3.5e-05,74.125.24.0-255,2902,4674,10,235485
45367,3.9e-05,172.31.36.0-255,66,4740,10,235485
45368,4.7e-05,74.125.24.0-255,7156,11896,10,235485
45369,5e-05,172.31.36.0-255,66,11962,10,235485
45370,5.7e-05,74.125.24.0-255,4980,16942,10,235485
45371,5.9e-05,172.31.36.0-255,66,17008,10,235485
45372,6.6e-05,74.125.24.0-255,5738,22746,10,235485
45373,7e-05,172.31.36.0-255,66,22812,10,235485
45374,9.7e-05,74.125.24.0-255,5738,28550,10,235485
45375,0.0001,172.31.36.0-255,66,28616,10,235485
45376,0.00012,74.125.24.0-255,2543,31159,10,235485
45377,0.000124,172.31.36.0-255,66,31225,10,235485
45378,0.000189,74.125.24.0-255,1484,32709,10,235485
45379,0.000191,172.31.36.0-255,66,32775,10,235485
45380,0.000212,74.125.24.0-255,2902,35677,10,235485
45381,0.000215,172.31.36.0-255,66,35743,10,235485
45382,0.000222,74.125.24.0-255,5738,41481,10,235485
45383,0.000224,172.31.36.0-255,66,41547,10,235485
45384,0.000229,74.125.24.0-255,2902,44449,10,235485
45385,0.000231,172.31.36.0-255,66,44515,10,235485
45386,0.000252,74.125.24.0-255,2902,47417,10,235485
45387,0.000255,172.31.36.0-255,66,47483,10,235485
45388,0.000284,172.31.36.0-255,66,47549,10,235485
45389,0.000295,172.31.36.0-255,66,47615,10,235485
45390,0.000346,74.125.24.0-255,1470,49085,10,235485
45391,0.000349,172.31.36.0-255,66,49151,10,235485
45392,0.000366,74.125.24.0-255,344,49495,10,235485
45393,0.000557,74.125.24.0-255,1484,50979,10,235485
45394,0.000563,74.125.24.0-255,2902,53881,10,235485
45395,0.000575,172.31.36.0-255,66,53947,10,235485
45396,0.000587,74.125.24.0-255,5738,59685,10,235485
45397,0.00059,74.125.24.0-255,1484,61169,10,235485
45398,0.000596,172.31.36.0-255,66,61235,10,235485
45399,0.000616,74.125.24.0-255,5738,66973,10,235485
45400,0.000622,74.125.24.0-255,5738,72711,10,235485
45401,0.000639,172.31.36.0-255,66,72777,10,235485
45402,0.000652,74.125.24.0-255,2184,74961,10,235485
45403,0.000664,172.31.36.0-255,66,75027,10,235485
45404,0.000736,74.125.24.0-255,1484,76511,10,235485
45405,0.000741,74.125.24.0-255,1484,77995,10,235485
45406,0.000759,74.125.24.0-255,1484,79479,10,235485
45407,0.000767,74.125.24.0-255,5738,85217,10,235485
45408,0.000769,74.125.24.0-255,1484,86701,10,235485
45409,0.000774,172.31.36.0-255,66,86767,10,235485
45410,0.000814,74.125.24.0-255,7156,93923,10,235485
45411,0.000829,172.31.36.0-255,66,93989,10,235485
45412,0.000841,74.125.24.0-255,3602,97591,10,235485
45413,0.000863,172.31.36.0-255,66,97657,10,235485
45414,0.00093,74.125.24.0-255,1484,99141,10,235485
45415,0.000935,74.125.24.0-255,2902,102043,10,235485
45416,0.00095,74.125.24.0-255,4320,106363,10,235485
45417,0.000958,172.31.36.0-255,66,106429,10,235485
45418,0.000967,74.125.24.0-255,1484,107913,10,235485
45419,0.001011,172.31.36.0-255,66,107979,10,235485
45420,0.001041,74.125.24.0-255,3602,111581,10,235485
45421,0.001047,74.125.24.0-255,4320,115901,10,235485
45422,0.001063,172.31.36.0-255,66,115967,10,235485
45423,0.001074,74.125.24.0-255,7156,123123,10,235485
45424,0.001079,172.31.36.0-255,66,123189,10,235485
45425,0.001089,74.125.24.0-255,2902,126091,10,235485
45426,0.001091,74.125.24.0-255,1484,127575,10,235485
45427,0.001118,74.125.24.0-255,7156,134731,10,235485
45428,0.001139,172.31.36.0-255,66,134797,10,235485
45429,0.001183,74.125.24.0-255,7156,141953,10,235485
45430,0.001189,172.31.36.0-255,66,142019,10,235485
45431,0.001201,74.125.24.0-255,5738,147757,10,235485
45432,0.001219,74.125.24.0-255,5020,152777,10,235485
45433,0.001236,74.125.24.0-255,1484,154261,10,235485
45434,0.001244,172.31.36.0-255,66,154327,10,235485
45435,0.001258,74.125.24.0-255,2902,157229,10,235485
45436,0.001264,74.125.24.0-255,4320,161549,10,235485
45437,0.001278,74.125.24.0-255,1484,163033,10,235485
45438,0.001283,74.125.24.0-255,2902,165935,10,235485
45439,0.001288,172.31.36.0-255,66,166001,10,235485
45440,0.001322,74.125.24.0-255,5738,171739,10,235485
45441,0.001348,74.125.24.0-255,5020,176759,10,235485
45442,0.001358,172.31.36.0-255,66,176825,10,235485
45443,0.001369,74.125.24.0-255,5738,182563,10,235485
45444,0.001374,172.31.36.0-255,66,182629,10,235485
45445,0.001458,74.125.24.0-255,2184,184813,10,235485
45446,0.001464,74.125.24.0-255,2902,187715,10,235485
45447,0.001471,74.125.24.0-255,7156,194871,10,235485
45448,0.001529,74.125.24.0-255,4320,199191,10,235485
45449,0.001555,74.125.24.0-255,5738,204929,10,235485
45450,0.001578,74.125.24.0-255,7156,212085,10,235485
45451,0.001581,74.125.24.0-255,1484,213569,10,235485
45452,0.001628,74.125.24.0-255,6438,220007,10,235485
45453,0.001656,74.125.24.0-255,1484,221491,10,235485
45454,0.001673,74.125.24.0-255,2902,224393,10,235485
45455,0.00169,74.125.24.0-255,4320,228713,10,235485
45456,0.001714,74.125.24.0-255,1484,230197,10,235485
45457,0.001806,74.125.24.0-255,1484,231681,10,235485
45458,0.001808,74.125.24.0-255,135,231816,10,235485
45459,0.001847,74.125.24.0-255,105,231921,10,235485
45460,0.005479,172.31.36.0-255,66,231987,10,235485
45461,0.008502,172.31.36.0-255,105,232092,10,235485
45462,0.010828,74.125.24.0-255,66,232158,10,235485
45463,0.026562,172.31.36.0-255,172,232330,10,235485
45464,0.026596,172.31.36.0-255,1112,233442,10,235485
45465,0.026649,172.31.36.0-255,1514,234956,10,235485
45466,0.02665,172.31.36.0-255,331,235287,10,235485
45467,0.028082,104.244.42.0-255,66,235353,10,235485
45468,0.028112,104.244.42.0-255,66,235419,10,235485
45469,0.028194,104.244.42.0-255,66,235485,10,235485
45470,0.0,172.217.194.0-255,226,226,10,92578
45471,3e-05,172.31.36.0-255,66,292,10,92578
45472,3.7e-05,172.217.194.0-255,1484,1776,10,92578
45473,4.1e-05,172.31.36.0-255,66,1842,10,92578
45474,7.5e-05,172.217.194.0-255,4320,6162,10,92578
45475,7.8e-05,172.31.36.0-255,66,6228,10,92578
45476,0.000232,172.217.194.0-255,4320,10548,10,92578
45477,0.000237,172.31.36.0-255,66,10614,10,92578
45478,0.000261,172.217.194.0-255,1484,12098,10,92578
45479,0.000264,172.31.36.0-255,66,12164,10,92578
45480,0.000483,172.31.36.0-255,66,12230,10,92578
45481,0.000516,172.217.194.0-255,3520,15750,10,92578
45482,0.000521,172.31.36.0-255,66,15816,10,92578
45483,0.000977,172.217.194.0-255,6797,22613,10,92578
45484,0.000984,172.31.36.0-255,66,22679,10,92578
45485,0.002035,172.217.194.0-255,5623,28302,10,92578
45486,0.002041,172.31.36.0-255,66,28368,10,92578
45487,0.002139,172.31.36.0-255,66,28434,10,92578
45488,0.002494,172.217.194.0-255,4273,32707,10,92578
45489,0.002498,172.31.36.0-255,66,32773,10,92578
45490,0.002675,172.31.36.0-255,66,32839,10,92578
45491,0.002996,172.217.194.0-255,1531,34370,10,92578
45492,0.003,172.31.36.0-255,66,34436,10,92578
45493,0.003051,172.217.194.0-255,5326,39762,10,92578
45494,0.003054,172.31.36.0-255,66,39828,10,92578
45495,0.003297,172.31.36.0-255,66,39894,10,92578
45496,0.003326,172.217.194.0-255,5738,45632,10,92578
45497,0.003329,172.31.36.0-255,66,45698,10,92578
45498,0.003894,172.217.194.0-255,1484,47182,10,92578
45499,0.003899,172.31.36.0-255,66,47248,10,92578
45500,0.003941,172.217.194.0-255,2902,50150,10,92578
45501,0.003944,172.31.36.0-255,66,50216,10,92578
45502,0.003983,172.31.36.0-255,66,50282,10,92578
45503,0.004388,172.217.194.0-255,7156,57438,10,92578
45504,0.004392,172.31.36.0-255,66,57504,10,92578
45505,0.004454,172.31.36.0-255,66,57570,10,92578
45506,0.004952,172.31.36.0-255,66,57636,10,92578
45507,0.004986,172.217.194.0-255,4320,61956,10,92578
45508,0.004991,172.31.36.0-255,66,62022,10,92578
45509,0.005402,172.31.36.0-255,66,62088,10,92578
45510,0.005447,172.31.36.0-255,66,62154,10,92578
45511,0.00588,172.31.36.0-255,66,62220,10,92578
45512,0.005911,172.217.194.0-255,3050,65270,10,92578
45513,0.005914,172.31.36.0-255,66,65336,10,92578
45514,0.00696,172.217.194.0-255,5738,71074,10,92578
45515,0.006967,172.31.36.0-255,66,71140,10,92578
45516,0.007042,172.31.36.0-255,66,71206,10,92578
45517,0.007125,172.31.36.0-255,66,71272,10,92578
45518,0.007218,172.31.36.0-255,66,71338,10,92578
45519,0.007546,172.217.194.0-255,4394,75732,10,92578
45520,0.007552,172.31.36.0-255,66,75798,10,92578
45521,0.007584,172.217.194.0-255,7156,82954,10,92578
45522,0.007588,172.31.36.0-255,66,83020,10,92578
45523,0.007644,172.31.36.0-255,66,83086,10,92578
45524,0.00768,172.31.36.0-255,66,83152,10,92578
45525,0.008046,172.31.36.0-255,66,83218,10,92578
45526,0.00811,172.31.36.0-255,66,83284,10,92578
45527,0.008378,172.31.36.0-255,66,83350,10,92578
45528,0.008413,172.217.194.0-255,4705,88055,10,92578
45529,0.008426,172.31.36.0-255,66,88121,10,92578
45530,0.009499,172.31.36.0-255,105,88226,10,92578
45531,0.01144,172.217.194.0-255,66,88292,10,92578
45532,0.025621,172.31.36.0-255,171,88463,10,92578
45533,0.025677,172.31.36.0-255,1112,89575,10,92578
45534,0.025749,172.31.36.0-255,1514,91089,10,92578
45535,0.025751,172.31.36.0-255,1291,92380,10,92578
45536,0.027226,104.244.42.0-255,66,92446,10,92578
45537,0.027262,104.244.42.0-255,66,92512,10,92578
45538,0.027316,104.244.42.0-255,66,92578,10,92578
45539,0.0,74.125.24.0-255,155,155,10,252943
45540,1.5e-05,172.31.36.0-255,66,221,10,252943
45541,2.2e-05,74.125.24.0-255,1484,1705,10,252943
45542,2.7e-05,172.31.36.0-255,66,1771,10,252943
45543,3.2e-05,74.125.24.0-255,2902,4673,10,252943
45544,3.5e-05,172.31.36.0-255,66,4739,10,252943
45545,4.3e-05,74.125.24.0-255,7156,11895,10,252943
45546,4.6e-05,172.31.36.0-255,66,11961,10,252943
45547,6.7e-05,74.125.24.0-255,2086,14047,10,252943
45548,6.9e-05,172.31.36.0-255,66,14113,10,252943
45549,0.000115,74.125.24.0-255,1484,15597,10,252943
45550,0.000117,172.31.36.0-255,66,15663,10,252943
45551,0.000133,74.125.24.0-255,2902,18565,10,252943
45552,0.000135,172.31.36.0-255,66,18631,10,252943
45553,0.000142,74.125.24.0-255,5738,24369,10,252943
45554,0.000144,172.31.36.0-255,66,24435,10,252943
45555,0.000188,74.125.24.0-255,6797,31232,10,252943
45556,0.000192,172.31.36.0-255,66,31298,10,252943
45557,0.000282,74.125.24.0-255,1484,32782,10,252943
45558,0.000287,172.31.36.0-255,66,32848,10,252943
45559,0.000302,74.125.24.0-255,2902,35750,10,252943
45560,0.000304,172.31.36.0-255,66,35816,10,252943
45561,0.000311,74.125.24.0-255,5738,41554,10,252943
45562,0.000314,172.31.36.0-255,66,41620,10,252943
45563,0.000337,74.125.24.0-255,5738,47358,10,252943
45564,0.00034,172.31.36.0-255,66,47424,10,252943
45565,0.000362,172.31.36.0-255,66,47490,10,252943
45566,0.000387,74.125.24.0-255,3961,51451,10,252943
45567,0.00039,172.31.36.0-255,66,51517,10,252943
45568,0.000395,74.125.24.0-255,3961,55478,10,252943
45569,0.000398,172.31.36.0-255,66,55544,10,252943
45570,0.0004,74.125.24.0-255,362,55906,10,252943
45571,0.000501,74.125.24.0-255,130,56036,10,252943
45572,0.000567,74.125.24.0-255,348,56384,10,252943
45573,0.000944,74.125.24.0-255,1484,57868,10,252943
45574,0.000949,172.31.36.0-255,66,57934,10,252943
45575,0.000969,74.125.24.0-255,2902,60836,10,252943
45576,0.000972,172.31.36.0-255,66,60902,10,252943
45577,0.000976,74.125.24.0-255,2902,63804,10,252943
45578,0.000978,172.31.36.0-255,66,63870,10,252943
45579,0.000995,74.125.24.0-255,2902,66772,10,252943
45580,0.000998,172.31.36.0-255,66,66838,10,252943
45581,0.001008,172.31.36.0-255,66,66904,10,252943
45582,0.001032,74.125.24.0-255,4320,71224,10,252943
45583,0.001034,172.31.36.0-255,66,71290,10,252943
45584,0.001042,74.125.24.0-255,7156,78446,10,252943
45585,0.001044,172.31.36.0-255,66,78512,10,252943
45586,0.001074,74.125.24.0-255,3602,82114,10,252943
45587,0.001076,172.31.36.0-255,66,82180,10,252943
45588,0.001119,74.125.24.0-255,1484,83664,10,252943
45589,0.001142,74.125.24.0-255,2902,86566,10,252943
45590,0.001145,172.31.36.0-255,66,86632,10,252943
45591,0.001152,74.125.24.0-255,5738,92370,10,252943
45592,0.001154,172.31.36.0-255,66,92436,10,252943
45593,0.00118,74.125.24.0-255,4320,96756,10,252943
45594,0.001184,172.31.36.0-255,66,96822,10,252943
45595,0.001195,172.31.36.0-255,66,96888,10,252943
45596,0.001208,74.125.24.0-255,2902,99790,10,252943
45597,0.00121,172.31.36.0-255,66,99856,10,252943
45598,0.001215,74.125.24.0-255,2902,102758,10,252943
45599,0.001218,172.31.36.0-255,66,102824,10,252943
45600,0.001241,74.125.24.0-255,5020,107844,10,252943
45601,0.001244,172.31.36.0-255,66,107910,10,252943
45602,0.001261,74.125.24.0-255,1484,109394,10,252943
45603,0.001274,74.125.24.0-255,2902,112296,10,252943
45604,0.001278,172.31.36.0-255,66,112362,10,252943
45605,0.001295,74.125.24.0-255,5738,118100,10,252943
45606,0.001297,172.31.36.0-255,66,118166,10,252943
45607,0.001331,172.31.36.0-255,66,118232,10,252943
45608,0.001376,74.125.24.0-255,1484,119716,10,252943
45609,0.00141,172.31.36.0-255,66,119782,10,252943
45610,0.001488,74.125.24.0-255,1484,121266,10,252943
45611,0.001506,74.125.24.0-255,2902,124168,10,252943
45612,0.00151,172.31.36.0-255,66,124234,10,252943
45613,0.001513,74.125.24.0-255,1484,125718,10,252943
45614,0.001534,74.125.24.0-255,2902,128620,10,252943
45615,0.001537,172.31.36.0-255,66,128686,10,252943
45616,0.001543,74.125.24.0-255,5738,134424,10,252943
45617,0.001546,172.31.36.0-255,66,134490,10,252943
45618,0.00155,74.125.24.0-255,2902,137392,10,252943
45619,0.001553,172.31.36.0-255,66,137458,10,252943
45620,0.001595,172.31.36.0-255,66,137524,10,252943
45621,0.001605,172.31.36.0-255,66,137590,10,252943
45622,0.001639,74.125.24.0-255,1484,139074,10,252943
45623,0.001698,172.31.36.0-255,66,139140,10,252943
45624,0.001702,172.31.36.0-255,66,139206,10,252943
45625,0.00193,74.125.24.0-255,1484,140690,10,252943
45626,0.001937,74.125.24.0-255,2902,143592,10,252943
45627,0.001941,172.31.36.0-255,66,143658,10,252943
45628,0.001948,74.125.24.0-255,5738,149396,10,252943
45629,0.00195,172.31.36.0-255,66,149462,10,252943
45630,0.001996,172.31.36.0-255,66,149528,10,252943
45631,0.00201,172.31.36.0-255,66,149594,10,252943
45632,0.002048,172.31.36.0-255,66,149660,10,252943
45633,0.002056,74.125.24.0-255,7156,156816,10,252943
45634,0.002059,172.31.36.0-255,66,156882,10,252943
45635,0.002076,74.125.24.0-255,4320,161202,10,252943
45636,0.002079,172.31.36.0-255,66,161268,10,252943
45637,0.002108,172.31.36.0-255,66,161334,10,252943
45638,0.00214,172.31.36.0-255,66,161400,10,252943
45639,0.002165,74.125.24.0-255,4320,165720,10,252943
45640,0.002168,172.31.36.0-255,66,165786,10,252943
45641,0.002179,172.31.36.0-255,66,165852,10,252943
45642,0.002206,172.31.36.0-255,66,165918,10,252943
45643,0.002218,74.125.24.0-255,2184,168102,10,252943
45644,0.002221,172.31.36.0-255,66,168168,10,252943
45645,0.002516,74.125.24.0-255,1484,169652,10,252943
45646,0.002521,74.125.24.0-255,1484,171136,10,252943
45647,0.002525,172.31.36.0-255,66,171202,10,252943
45648,0.002544,74.125.24.0-255,1484,172686,10,252943
45649,0.00255,74.125.24.0-255,5738,178424,10,252943
45650,0.002553,172.31.36.0-255,66,178490,10,252943
45651,0.002557,74.125.24.0-255,1484,179974,10,252943
45652,0.002562,74.125.24.0-255,4320,184294,10,252943
45653,0.002564,172.31.36.0-255,66,184360,10,252943
45654,0.00507,74.125.24.0-255,5738,190098,10,252943
45655,0.005077,172.31.36.0-255,66,190164,10,252943
45656,0.007595,74.125.24.0-255,5738,195902,10,252943
45657,0.007603,172.31.36.0-255,66,195968,10,252943
45658,0.010084,74.125.24.0-255,5738,201706,10,252943
45659,0.010092,172.31.36.0-255,66,201772,10,252943
45660,0.012586,74.125.24.0-255,5738,207510,10,252943
45661,0.012594,172.31.36.0-255,66,207576,10,252943
45662,0.015128,74.125.24.0-255,5738,213314,10,252943
45663,0.015139,172.31.36.0-255,66,213380,10,252943
45664,0.017691,74.125.24.0-255,5738,219118,10,252943
45665,0.017699,172.31.36.0-255,66,219184,10,252943
45666,0.020228,74.125.24.0-255,5738,224922,10,252943
45667,0.02024,172.31.36.0-255,66,224988,10,252943
45668,0.022746,74.125.24.0-255,5738,230726,10,252943
45669,0.022753,172.31.36.0-255,66,230792,10,252943
45670,0.025264,74.125.24.0-255,5738,236530,10,252943
45671,0.025272,172.31.36.0-255,66,236596,10,252943
45672,0.027783,74.125.24.0-255,5738,242334,10,252943
45673,0.027791,172.31.36.0-255,66,242400,10,252943
45674,0.03029,74.125.24.0-255,5738,248138,10,252943
45675,0.030297,172.31.36.0-255,66,248204,10,252943
45676,0.032773,74.125.24.0-255,213,248417,10,252943
45677,0.032888,172.31.36.0-255,66,248483,10,252943
45678,0.032926,172.31.36.0-255,105,248588,10,252943
45679,0.035389,74.125.24.0-255,66,248654,10,252943
45680,0.038268,172.31.36.0-255,172,248826,10,252943
45681,0.038299,172.31.36.0-255,1112,249938,10,252943
45682,0.038356,172.31.36.0-255,1514,251452,10,252943
45683,0.038358,172.31.36.0-255,1293,252745,10,252943
45684,0.039761,104.244.42.0-255,66,252811,10,252943
45685,0.039787,104.244.42.0-255,66,252877,10,252943
45686,0.039852,104.244.42.0-255,66,252943,10,252943
45687,0.0,74.125.24.0-255,145,145,10,307018
45688,3.5e-05,172.31.36.0-255,66,211,10,307018
45689,4.4e-05,74.125.24.0-255,1484,1695,10,307018
45690,4.9e-05,172.31.36.0-255,66,1761,10,307018
45691,6.1e-05,74.125.24.0-255,2902,4663,10,307018
45692,6.5e-05,172.31.36.0-255,66,4729,10,307018
45693,7.2e-05,74.125.24.0-255,4320,9049,10,307018
45694,7.5e-05,172.31.36.0-255,66,9115,10,307018
45695,9.9e-05,74.125.24.0-255,2902,12017,10,307018
45696,0.000102,172.31.36.0-255,66,12083,10,307018
45697,0.000129,74.125.24.0-255,2049,14132,10,307018
45698,0.000132,172.31.36.0-255,66,14198,10,307018
45699,0.000139,74.125.24.0-255,5738,19936,10,307018
45700,0.000142,172.31.36.0-255,66,20002,10,307018
45701,0.000145,74.125.24.0-255,1484,21486,10,307018
45702,0.000147,172.31.36.0-255,66,21552,10,307018
45703,0.00018,74.125.24.0-255,5738,27290,10,307018
45704,0.000184,172.31.36.0-255,66,27356,10,307018
45705,0.000214,74.125.24.0-255,3961,31317,10,307018
45706,0.000217,172.31.36.0-255,66,31383,10,307018
45707,0.000362,74.125.24.0-255,1484,32867,10,307018
45708,0.000367,172.31.36.0-255,66,32933,10,307018
45709,0.000388,74.125.24.0-255,2902,35835,10,307018
45710,0.000391,172.31.36.0-255,66,35901,10,307018
45711,0.00042,74.125.24.0-255,5738,41639,10,307018
45712,0.000424,172.31.36.0-255,66,41705,10,307018
45713,0.000452,74.125.24.0-255,6797,48502,10,307018
45714,0.000456,172.31.36.0-255,66,48568,10,307018
45715,0.000552,74.125.24.0-255,1484,50052,10,307018
45716,0.000556,172.31.36.0-255,66,50118,10,307018
45717,0.000562,74.125.24.0-255,2902,53020,10,307018
45718,0.000565,172.31.36.0-255,66,53086,10,307018
45719,0.000569,74.125.24.0-255,2902,55988,10,307018
45720,0.000572,172.31.36.0-255,66,56054,10,307018
45721,0.000605,74.125.24.0-255,2902,58956,10,307018
45722,0.000609,74.125.24.0-255,2902,61858,10,307018
45723,0.00061,172.31.36.0-255,66,61924,10,307018
45724,0.000615,172.31.36.0-255,66,61990,10,307018
45725,0.000633,74.125.24.0-255,4293,66283,10,307018
45726,0.000636,172.31.36.0-255,66,66349,10,307018
45727,0.000668,74.125.24.0-255,108,66457,10,307018
45728,0.000672,172.31.36.0-255,66,66523,10,307018
45729,0.000713,74.125.24.0-255,333,66856,10,307018
45730,0.000717,172.31.36.0-255,66,66922,10,307018
45731,0.001016,74.125.24.0-255,1484,68406,10,307018
45732,0.001022,172.31.36.0-255,66,68472,10,307018
45733,0.001031,74.125.24.0-255,2902,71374,10,307018
45734,0.00104,172.31.36.0-255,66,71440,10,307018
45735,0.001047,74.125.24.0-255,5738,77178,10,307018
45736,0.001049,172.31.36.0-255,66,77244,10,307018
45737,0.001052,74.125.24.0-255,1484,78728,10,307018
45738,0.001055,172.31.36.0-255,66,78794,10,307018
45739,0.001089,74.125.24.0-255,2902,81696,10,307018
45740,0.001093,172.31.36.0-255,66,81762,10,307018
45741,0.001106,172.31.36.0-255,66,81828,10,307018
45742,0.001123,172.31.36.0-255,66,81894,10,307018
45743,0.002211,74.125.24.0-255,1484,83378,10,307018
45744,0.002217,172.31.36.0-255,66,83444,10,307018
45745,0.002224,74.125.24.0-255,2902,86346,10,307018
45746,0.002226,172.31.36.0-255,66,86412,10,307018
45747,0.00223,74.125.24.0-255,1484,87896,10,307018
45748,0.002232,172.31.36.0-255,66,87962,10,307018
45749,0.00226,74.125.24.0-255,4320,92282,10,307018
45750,0.002262,172.31.36.0-255,66,92348,10,307018
45751,0.002268,74.125.24.0-255,5738,98086,10,307018
45752,0.00227,172.31.36.0-255,66,98152,10,307018
45753,0.0023,172.31.36.0-255,66,98218,10,307018
45754,0.002375,74.125.24.0-255,6438,104656,10,307018
45755,0.002378,172.31.36.0-255,66,104722,10,307018
45756,0.003568,74.125.24.0-255,1484,106206,10,307018
45757,0.003571,172.31.36.0-255,66,106272,10,307018
45758,0.003576,74.125.24.0-255,2902,109174,10,307018
45759,0.003578,172.31.36.0-255,66,109240,10,307018
45760,0.003607,74.125.24.0-255,4320,113560,10,307018
45761,0.00361,172.31.36.0-255,66,113626,10,307018
45762,0.003616,74.125.24.0-255,5738,119364,10,307018
45763,0.003647,74.125.24.0-255,2902,122266,10,307018
45764,0.003652,74.125.24.0-255,4320,126586,10,307018
45765,0.003685,74.125.24.0-255,3602,130188,10,307018
45766,0.003922,74.125.24.0-255,1484,131672,10,307018
45767,0.003943,74.125.24.0-255,2902,134574,10,307018
45768,0.003947,74.125.24.0-255,2902,137476,10,307018
45769,0.003965,74.125.24.0-255,5738,143214,10,307018
45770,0.003979,74.125.24.0-255,1484,144698,10,307018
45771,0.004001,74.125.24.0-255,1484,146182,10,307018
45772,0.004043,74.125.24.0-255,4320,150502,10,307018
45773,0.004048,74.125.24.0-255,3602,154104,10,307018
45774,0.00436,74.125.24.0-255,1484,155588,10,307018
45775,0.004368,74.125.24.0-255,2902,158490,10,307018
45776,0.004382,74.125.24.0-255,2902,161392,10,307018
45777,0.004394,74.125.24.0-255,2902,164294,10,307018
45778,0.004421,74.125.24.0-255,7156,171450,10,307018
45779,0.004424,74.125.24.0-255,1484,172934,10,307018
45780,0.00447,74.125.24.0-255,2902,175836,10,307018
45781,0.00449,74.125.24.0-255,7156,182992,10,307018
45782,0.004503,74.125.24.0-255,5020,188012,10,307018
45783,0.004583,74.125.24.0-255,1484,189496,10,307018
45784,0.004604,74.125.24.0-255,2902,192398,10,307018
45785,0.004618,74.125.24.0-255,4320,196718,10,307018
45786,0.004632,74.125.24.0-255,1484,198202,10,307018
45787,0.004644,74.125.24.0-255,1484,199686,10,307018
45788,0.004689,74.125.24.0-255,2902,202588,10,307018
45789,0.004714,74.125.24.0-255,1484,204072,10,307018
45790,0.004726,74.125.24.0-255,1484,205556,10,307018
45791,0.004748,74.125.24.0-255,4320,209876,10,307018
45792,0.004764,74.125.24.0-255,1484,211360,10,307018
45793,0.004777,74.125.24.0-255,2184,213544,10,307018
45794,0.004866,74.125.24.0-255,1484,215028,10,307018
45795,0.004871,74.125.24.0-255,2902,217930,10,307018
45796,0.004877,74.125.24.0-255,5738,223668,10,307018
45797,0.004895,74.125.24.0-255,5738,229406,10,307018
45798,0.004961,74.125.24.0-255,5020,234426,10,307018
45799,0.004968,74.125.24.0-255,5738,240164,10,307018
45800,0.004997,74.125.24.0-255,2902,243066,10,307018
45801,0.005018,74.125.24.0-255,4320,247386,10,307018
45802,0.005021,74.125.24.0-255,1484,248870,10,307018
45803,0.005041,74.125.24.0-255,6438,255308,10,307018
45804,0.005069,74.125.24.0-255,2902,258210,10,307018
45805,0.005084,74.125.24.0-255,4320,262530,10,307018
45806,0.00509,74.125.24.0-255,5738,268268,10,307018
45807,0.005108,74.125.24.0-255,2902,271170,10,307018
45808,0.005136,74.125.24.0-255,5738,276908,10,307018
45809,0.005152,74.125.24.0-255,766,277674,10,307018
45810,0.005215,172.31.36.0-255,66,277740,10,307018
45811,0.00527,74.125.24.0-255,1484,279224,10,307018
45812,0.005284,74.125.24.0-255,2902,282126,10,307018
45813,0.005287,74.125.24.0-255,1484,283610,10,307018
45814,0.005291,172.31.36.0-255,66,283676,10,307018
45815,0.005322,74.125.24.0-255,4320,287996,10,307018
45816,0.005334,172.31.36.0-255,66,288062,10,307018
45817,0.005339,172.31.36.0-255,66,288128,10,307018
45818,0.005345,74.125.24.0-255,1484,289612,10,307018
45819,0.005352,74.125.24.0-255,1484,291096,10,307018
45820,0.005366,172.31.36.0-255,66,291162,10,307018
45821,0.005385,172.31.36.0-255,66,291228,10,307018
45822,0.005493,74.125.24.0-255,1484,292712,10,307018
45823,0.005498,74.125.24.0-255,2902,295614,10,307018
45824,0.005507,172.31.36.0-255,66,295680,10,307018
45825,0.005517,74.125.24.0-255,5738,301418,10,307018
45826,0.005522,172.31.36.0-255,66,301484,10,307018
45827,0.005553,74.125.24.0-255,910,302394,10,307018
45828,0.005587,74.125.24.0-255,105,302499,10,307018
45829,0.008093,172.31.36.0-255,66,302565,10,307018
45830,0.008121,172.31.36.0-255,105,302670,10,307018
45831,0.010159,74.125.24.0-255,66,302736,10,307018
45832,0.035453,172.31.36.0-255,167,302903,10,307018
45833,0.035486,172.31.36.0-255,1112,304015,10,307018
45834,0.035524,172.31.36.0-255,1514,305529,10,307018
45835,0.035526,172.31.36.0-255,1291,306820,10,307018
45836,0.036992,104.244.42.0-255,66,306886,10,307018
45837,0.037034,104.244.42.0-255,66,306952,10,307018
45838,0.037074,104.244.42.0-255,66,307018,10,307018
45839,0.0,74.125.24.0-255,144,144,10,202360
45840,2.2e-05,172.31.36.0-255,66,210,10,202360
45841,2.9e-05,74.125.24.0-255,1484,1694,10,202360
45842,3.3e-05,172.31.36.0-255,66,1760,10,202360
45843,3.9e-05,74.125.24.0-255,2902,4662,10,202360
45844,4.3e-05,172.31.36.0-255,66,4728,10,202360
45845,4.9e-05,74.125.24.0-255,4320,9048,10,202360
45846,5.2e-05,172.31.36.0-255,66,9114,10,202360
45847,7.6e-05,74.125.24.0-255,2902,12016,10,202360
45848,7.8e-05,172.31.36.0-255,66,12082,10,202360
45849,0.000104,172.31.36.0-255,66,12148,10,202360
45850,0.000115,172.31.36.0-255,66,12214,10,202360
45851,0.000147,74.125.24.0-255,2543,14757,10,202360
45852,0.00015,172.31.36.0-255,66,14823,10,202360
45853,0.000251,74.125.24.0-255,1484,16307,10,202360
45854,0.000255,172.31.36.0-255,66,16373,10,202360
45855,0.000261,74.125.24.0-255,2902,19275,10,202360
45856,0.000264,172.31.36.0-255,66,19341,10,202360
45857,0.000288,74.125.24.0-255,5738,25079,10,202360
45858,0.000291,172.31.36.0-255,66,25145,10,202360
45859,0.000294,74.125.24.0-255,1484,26629,10,202360
45860,0.000296,172.31.36.0-255,66,26695,10,202360
45861,0.000317,74.125.24.0-255,4320,31015,10,202360
45862,0.00032,172.31.36.0-255,66,31081,10,202360
45863,0.000342,74.125.24.0-255,2902,33983,10,202360
45864,0.000345,172.31.36.0-255,66,34049,10,202360
45865,0.000376,172.31.36.0-255,66,34115,10,202360
45866,0.000382,74.125.24.0-255,4234,38349,10,202360
45867,0.000384,172.31.36.0-255,66,38415,10,202360
45868,0.000418,74.125.24.0-255,126,38541,10,202360
45869,0.00058,74.125.24.0-255,1484,40025,10,202360
45870,0.000585,172.31.36.0-255,66,40091,10,202360
45871,0.000591,74.125.24.0-255,2902,42993,10,202360
45872,0.000595,172.31.36.0-255,66,43059,10,202360
45873,0.000601,74.125.24.0-255,5738,48797,10,202360
45874,0.000604,172.31.36.0-255,66,48863,10,202360
45875,0.000609,74.125.24.0-255,4320,53183,10,202360
45876,0.000612,172.31.36.0-255,66,53249,10,202360
45877,0.00065,172.31.36.0-255,66,53315,10,202360
45878,0.00067,74.125.24.0-255,1125,54440,10,202360
45879,0.000677,74.125.24.0-255,6797,61237,10,202360
45880,0.00068,172.31.36.0-255,66,61303,10,202360
45881,0.000876,74.125.24.0-255,1484,62787,10,202360
45882,0.000883,74.125.24.0-255,2902,65689,10,202360
45883,0.000886,172.31.36.0-255,66,65755,10,202360
45884,0.00089,74.125.24.0-255,1484,67239,10,202360
45885,0.000911,74.125.24.0-255,4320,71559,10,202360
45886,0.000914,172.31.36.0-255,66,71625,10,202360
45887,0.000919,74.125.24.0-255,4320,75945,10,202360
45888,0.000922,172.31.36.0-255,66,76011,10,202360
45889,0.000926,74.125.24.0-255,2902,78913,10,202360
45890,0.000928,172.31.36.0-255,66,78979,10,202360
45891,0.00096,172.31.36.0-255,66,79045,10,202360
45892,0.000971,172.31.36.0-255,66,79111,10,202360
45893,0.001009,74.125.24.0-255,1484,80595,10,202360
45894,0.001029,74.125.24.0-255,2902,83497,10,202360
45895,0.001032,172.31.36.0-255,66,83563,10,202360
45896,0.001037,74.125.24.0-255,4320,87883,10,202360
45897,0.00104,172.31.36.0-255,66,87949,10,202360
45898,0.001052,74.125.24.0-255,1484,89433,10,202360
45899,0.001061,74.125.24.0-255,1484,90917,10,202360
45900,0.001065,172.31.36.0-255,66,90983,10,202360
45901,0.001086,172.31.36.0-255,66,91049,10,202360
45902,0.001098,172.31.36.0-255,66,91115,10,202360
45903,0.001115,74.125.24.0-255,2184,93299,10,202360
45904,0.001118,172.31.36.0-255,66,93365,10,202360
45905,0.001245,74.125.24.0-255,1484,94849,10,202360
45906,0.001259,74.125.24.0-255,2902,97751,10,202360
45907,0.001262,172.31.36.0-255,66,97817,10,202360
45908,0.001303,74.125.24.0-255,2902,100719,10,202360
45909,0.001305,172.31.36.0-255,66,100785,10,202360
45910,0.001337,74.125.24.0-255,2902,103687,10,202360
45911,0.00134,172.31.36.0-255,66,103753,10,202360
45912,0.001353,172.31.36.0-255,66,103819,10,202360
45913,0.001365,172.31.36.0-255,66,103885,10,202360
45914,0.001453,74.125.24.0-255,1484,105369,10,202360
45915,0.001459,74.125.24.0-255,2902,108271,10,202360
45916,0.001461,172.31.36.0-255,66,108337,10,202360
45917,0.001468,74.125.24.0-255,5738,114075,10,202360
45918,0.00147,172.31.36.0-255,66,114141,10,202360
45919,0.001473,74.125.24.0-255,1484,115625,10,202360
45920,0.001505,172.31.36.0-255,66,115691,10,202360
45921,0.001537,74.125.24.0-255,7156,122847,10,202360
45922,0.00154,172.31.36.0-255,66,122913,10,202360
45923,0.001572,172.31.36.0-255,66,122979,10,202360
45924,0.001582,172.31.36.0-255,66,123045,10,202360
45925,0.001603,74.125.24.0-255,5738,128783,10,202360
45926,0.001606,172.31.36.0-255,66,128849,10,202360
45927,0.001632,74.125.24.0-255,4320,133169,10,202360
45928,0.001635,172.31.36.0-255,66,133235,10,202360
45929,0.001648,172.31.36.0-255,66,133301,10,202360
45930,0.001651,74.125.24.0-255,1484,134785,10,202360
45931,0.001655,74.125.24.0-255,2902,137687,10,202360
45932,0.001657,172.31.36.0-255,66,137753,10,202360
45933,0.001663,74.125.24.0-255,2902,140655,10,202360
45934,0.001666,172.31.36.0-255,66,140721,10,202360
45935,0.001686,74.125.24.0-255,2902,143623,10,202360
45936,0.001689,172.31.36.0-255,66,143689,10,202360
45937,0.001694,74.125.24.0-255,4320,148009,10,202360
45938,0.001696,172.31.36.0-255,66,148075,10,202360
45939,0.001702,74.125.24.0-255,5738,153813,10,202360
45940,0.001704,172.31.36.0-255,66,153879,10,202360
45941,0.001733,74.125.24.0-255,5738,159617,10,202360
45942,0.001736,172.31.36.0-255,66,159683,10,202360
45943,0.001746,172.31.36.0-255,66,159749,10,202360
45944,0.001787,74.125.24.0-255,4320,164069,10,202360
45945,0.00179,172.31.36.0-255,66,164135,10,202360
45946,0.001812,74.125.24.0-255,4320,168455,10,202360
45947,0.001815,172.31.36.0-255,66,168521,10,202360
45948,0.001827,172.31.36.0-255,66,168587,10,202360
45949,0.001845,74.125.24.0-255,2902,171489,10,202360
45950,0.001847,172.31.36.0-255,66,171555,10,202360
45951,0.001882,172.31.36.0-255,66,171621,10,202360
45952,0.001901,74.125.24.0-255,4320,175941,10,202360
45953,0.001904,172.31.36.0-255,66,176007,10,202360
45954,0.001934,172.31.36.0-255,66,176073,10,202360
45955,0.001972,74.125.24.0-255,5738,181811,10,202360
45956,0.001974,172.31.36.0-255,66,181877,10,202360
45957,0.002017,74.125.24.0-255,3602,185479,10,202360
45958,0.002045,74.125.24.0-255,766,186245,10,202360
45959,0.002049,172.31.36.0-255,66,186311,10,202360
45960,0.002058,172.31.36.0-255,66,186377,10,202360
45961,0.002061,172.31.36.0-255,66,186443,10,202360
45962,0.002064,172.31.36.0-255,66,186509,10,202360
45963,0.00209,74.125.24.0-255,4320,190829,10,202360
45964,0.002093,172.31.36.0-255,66,190895,10,202360
45965,0.002118,74.125.24.0-255,6770,197665,10,202360
45966,0.002121,172.31.36.0-255,66,197731,10,202360
45967,0.002158,74.125.24.0-255,105,197836,10,202360
45968,0.004667,172.31.36.0-255,66,197902,10,202360
45969,0.004704,172.31.36.0-255,105,198007,10,202360
45970,0.007041,74.125.24.0-255,66,198073,10,202360
45971,0.040841,172.31.36.0-255,172,198245,10,202360
45972,0.040875,172.31.36.0-255,1112,199357,10,202360
45973,0.04094,172.31.36.0-255,1514,200871,10,202360
45974,0.040942,172.31.36.0-255,1291,202162,10,202360
45975,0.042413,104.244.42.0-255,66,202228,10,202360
45976,0.042444,104.244.42.0-255,66,202294,10,202360
45977,0.042506,104.244.42.0-255,66,202360,10,202360
45978,0.0,74.125.130.0-255,146,146,10,372573
45979,2.8e-05,172.31.36.0-255,66,212,10,372573
45980,3.5e-05,74.125.130.0-255,1484,1696,10,372573
45981,3.9e-05,172.31.36.0-255,66,1762,10,372573
45982,4.1e-05,74.125.130.0-255,1484,3246,10,372573
45983,4.4e-05,172.31.36.0-255,66,3312,10,372573
45984,5.8e-05,74.125.130.0-255,2902,6214,10,372573
45985,6e-05,172.31.36.0-255,66,6280,10,372573
45986,6.6e-05,74.125.130.0-255,5738,12018,10,372573
45987,6.9e-05,172.31.36.0-255,66,12084,10,372573
45988,0.000104,74.125.130.0-255,4940,17024,10,372573
45989,0.000108,172.31.36.0-255,66,17090,10,372573
45990,0.000114,74.125.130.0-255,5738,22828,10,372573
45991,0.000116,172.31.36.0-255,66,22894,10,372573
45992,0.000159,74.125.130.0-255,5738,28632,10,372573
45993,0.000163,172.31.36.0-255,66,28698,10,372573
45994,0.000179,74.125.130.0-255,2543,31241,10,372573
45995,0.000182,172.31.36.0-255,66,31307,10,372573
45996,0.000561,74.125.130.0-255,1484,32791,10,372573
45997,0.000566,172.31.36.0-255,66,32857,10,372573
45998,0.000574,74.125.130.0-255,2902,35759,10,372573
45999,0.000576,172.31.36.0-255,66,35825,10,372573
46000,0.000612,74.125.130.0-255,5738,41563,10,372573
46001,0.000614,172.31.36.0-255,66,41629,10,372573
46002,0.000622,74.125.130.0-255,5738,47367,10,372573
46003,0.000624,172.31.36.0-255,66,47433,10,372573
46004,0.000649,74.125.130.0-255,1125,48558,10,372573
46005,0.000652,172.31.36.0-255,66,48624,10,372573
46006,0.000761,74.125.130.0-255,1484,50108,10,372573
46007,0.000766,172.31.36.0-255,66,50174,10,372573
46008,0.000793,74.125.130.0-255,2902,53076,10,372573
46009,0.000796,172.31.36.0-255,66,53142,10,372573
46010,0.000799,74.125.130.0-255,1484,54626,10,372573
46011,0.000801,172.31.36.0-255,66,54692,10,372573
46012,0.00082,74.125.130.0-255,2902,57594,10,372573
46013,0.000822,172.31.36.0-255,66,57660,10,372573
46014,0.000832,74.125.130.0-255,1484,59144,10,372573
46015,0.000834,172.31.36.0-255,66,59210,10,372573
46016,0.000868,74.125.130.0-255,4320,63530,10,372573
46017,0.000873,172.31.36.0-255,66,63596,10,372573
46018,0.000877,74.125.130.0-255,2543,66139,10,372573
46019,0.00088,172.31.36.0-255,66,66205,10,372573
46020,0.000943,74.125.130.0-255,1484,67689,10,372573
46021,0.000947,172.31.36.0-255,66,67755,10,372573
46022,0.000952,74.125.130.0-255,2902,70657,10,372573
46023,0.000955,172.31.36.0-255,66,70723,10,372573
46024,0.000987,74.125.130.0-255,5738,76461,10,372573
46025,0.00099,172.31.36.0-255,66,76527,10,372573
46026,0.00103,172.31.36.0-255,66,76593,10,372573
46027,0.001049,172.31.36.0-255,66,76659,10,372573
46028,0.001054,74.125.130.0-255,2902,79561,10,372573
46029,0.001056,172.31.36.0-255,66,79627,10,372573
46030,0.001079,74.125.130.0-255,1704,81331,10,372573
46031,0.001082,172.31.36.0-255,66,81397,10,372573
46032,0.001507,74.125.130.0-255,1484,82881,10,372573
46033,0.001514,172.31.36.0-255,66,82947,10,372573
46034,0.001518,74.125.130.0-255,1484,84431,10,372573
46035,0.00152,172.31.36.0-255,66,84497,10,372573
46036,0.001536,74.125.130.0-255,1484,85981,10,372573
46037,0.001538,172.31.36.0-255,66,86047,10,372573
46038,0.001564,74.125.130.0-255,2902,88949,10,372573
46039,0.001566,172.31.36.0-255,66,89015,10,372573
46040,0.001592,74.125.130.0-255,2902,91917,10,372573
46041,0.001594,172.31.36.0-255,66,91983,10,372573
46042,0.001597,74.125.130.0-255,1484,93467,10,372573
46043,0.001599,172.31.36.0-255,66,93533,10,372573
46044,0.001603,74.125.130.0-255,2902,96435,10,372573
46045,0.001606,172.31.36.0-255,66,96501,10,372573
46046,0.001614,74.125.130.0-255,2902,99403,10,372573
46047,0.001616,172.31.36.0-255,66,99469,10,372573
46048,0.001619,74.125.130.0-255,1484,100953,10,372573
46049,0.001621,172.31.36.0-255,66,101019,10,372573
46050,0.001648,74.125.130.0-255,2902,103921,10,372573
46051,0.001654,172.31.36.0-255,66,103987,10,372573
46052,0.001681,74.125.130.0-255,4320,108307,10,372573
46053,0.001683,172.31.36.0-255,66,108373,10,372573
46054,0.00169,74.125.130.0-255,5738,114111,10,372573
46055,0.001692,172.31.36.0-255,66,114177,10,372573
46056,0.001724,74.125.130.0-255,2184,116361,10,372573
46057,0.001727,172.31.36.0-255,66,116427,10,372573
46058,0.002232,74.125.130.0-255,1484,117911,10,372573
46059,0.002238,172.31.36.0-255,66,117977,10,372573
46060,0.002245,74.125.130.0-255,2902,120879,10,372573
46061,0.002248,172.31.36.0-255,66,120945,10,372573
46062,0.002287,74.125.130.0-255,5738,126683,10,372573
46063,0.002291,172.31.36.0-255,66,126749,10,372573
46064,0.002296,74.125.130.0-255,2902,129651,10,372573
46065,0.002298,172.31.36.0-255,66,129717,10,372573
46066,0.002303,74.125.130.0-255,4320,134037,10,372573
46067,0.002305,172.31.36.0-255,66,134103,10,372573
46068,0.002322,172.31.36.0-255,66,134169,10,372573
46069,0.002327,74.125.130.0-255,5738,139907,10,372573
46070,0.002329,172.31.36.0-255,66,139973,10,372573
46071,0.002396,74.125.130.0-255,6438,146411,10,372573
46072,0.002401,172.31.36.0-255,66,146477,10,372573
46073,0.002407,74.125.130.0-255,5738,152215,10,372573
46074,0.002409,172.31.36.0-255,66,152281,10,372573
46075,0.002421,74.125.130.0-255,7156,159437,10,372573
46076,0.002425,172.31.36.0-255,66,159503,10,372573
46077,0.002435,172.31.36.0-255,66,159569,10,372573
46078,0.002462,74.125.130.0-255,5738,165307,10,372573
46079,0.00247,172.31.36.0-255,66,165373,10,372573
46080,0.002475,74.125.130.0-255,2184,167557,10,372573
46081,0.002477,172.31.36.0-255,66,167623,10,372573
46082,0.002624,74.125.130.0-255,1484,169107,10,372573
46083,0.002628,172.31.36.0-255,66,169173,10,372573
46084,0.002632,74.125.130.0-255,1484,170657,10,372573
46085,0.002635,172.31.36.0-255,66,170723,10,372573
46086,0.002663,74.125.130.0-255,1484,172207,10,372573
46087,0.002666,172.31.36.0-255,66,172273,10,372573
46088,0.00267,74.125.130.0-255,2902,175175,10,372573
46089,0.002672,172.31.36.0-255,66,175241,10,372573
46090,0.002678,74.125.130.0-255,4320,179561,10,372573
46091,0.002688,172.31.36.0-255,66,179627,10,372573
46092,0.005293,74.125.130.0-255,1484,181111,10,372573
46093,0.005313,74.125.130.0-255,4320,185431,10,372573
46094,0.005316,172.31.36.0-255,66,185497,10,372573
46095,0.007948,74.125.130.0-255,5738,191235,10,372573
46096,0.007955,172.31.36.0-255,66,191301,10,372573
46097,0.010605,74.125.130.0-255,5738,197039,10,372573
46098,0.010618,172.31.36.0-255,66,197105,10,372573
46099,0.013274,74.125.130.0-255,5738,202843,10,372573
46100,0.013292,172.31.36.0-255,66,202909,10,372573
46101,0.015934,74.125.130.0-255,5738,208647,10,372573
46102,0.015951,172.31.36.0-255,66,208713,10,372573
46103,0.018613,74.125.130.0-255,5738,214451,10,372573
46104,0.018627,172.31.36.0-255,66,214517,10,372573
46105,0.021263,74.125.130.0-255,5738,220255,10,372573
46106,0.021277,172.31.36.0-255,66,220321,10,372573
46107,0.023924,74.125.130.0-255,5738,226059,10,372573
46108,0.023939,172.31.36.0-255,66,226125,10,372573
46109,0.026584,74.125.130.0-255,5738,231863,10,372573
46110,0.026596,172.31.36.0-255,66,231929,10,372573
46111,0.028701,172.31.36.0-255,167,232096,10,372573
46112,0.02874,172.31.36.0-255,1112,233208,10,372573
46113,0.028773,172.31.36.0-255,1514,234722,10,372573
46114,0.028774,172.31.36.0-255,1291,236013,10,372573
46115,0.029233,74.125.130.0-255,5738,241751,10,372573
46116,0.029247,172.31.36.0-255,66,241817,10,372573
46117,0.030257,104.244.42.0-255,66,241883,10,372573
46118,0.030297,104.244.42.0-255,66,241949,10,372573
46119,0.030346,104.244.42.0-255,66,242015,10,372573
46120,0.03187,74.125.130.0-255,4320,246335,10,372573
46121,0.031878,172.31.36.0-255,66,246401,10,372573
46122,0.031917,74.125.130.0-255,1484,247885,10,372573
46123,0.034523,74.125.130.0-255,4320,252205,10,372573
46124,0.03453,172.31.36.0-255,66,252271,10,372573
46125,0.037171,74.125.130.0-255,5738,258009,10,372573
46126,0.037177,172.31.36.0-255,66,258075,10,372573
46127,0.039811,74.125.130.0-255,5738,263813,10,372573
46128,0.039816,172.31.36.0-255,66,263879,10,372573
46129,0.04244,74.125.130.0-255,2902,266781,10,372573
46130,0.042445,172.31.36.0-255,66,266847,10,372573
46131,0.04248,74.125.130.0-255,2902,269749,10,372573
46132,0.042484,172.31.36.0-255,66,269815,10,372573
46133,0.045072,74.125.130.0-255,2902,272717,10,372573
46134,0.045078,172.31.36.0-255,66,272783,10,372573
46135,0.045115,74.125.130.0-255,2902,275685,10,372573
46136,0.045118,172.31.36.0-255,66,275751,10,372573
46137,0.047714,74.125.130.0-255,2902,278653,10,372573
46138,0.04772,172.31.36.0-255,66,278719,10,372573
46139,0.047753,74.125.130.0-255,2902,281621,10,372573
46140,0.047756,172.31.36.0-255,66,281687,10,372573
46141,0.050348,74.125.130.0-255,2902,284589,10,372573
46142,0.050353,172.31.36.0-255,66,284655,10,372573
46143,0.05039,74.125.130.0-255,2902,287557,10,372573
46144,0.050393,172.31.36.0-255,66,287623,10,372573
46145,0.052978,74.125.130.0-255,2902,290525,10,372573
46146,0.052984,172.31.36.0-255,66,290591,10,372573
46147,0.053021,74.125.130.0-255,2902,293493,10,372573
46148,0.053024,172.31.36.0-255,66,293559,10,372573
46149,0.055609,74.125.130.0-255,2902,296461,10,372573
46150,0.055615,172.31.36.0-255,66,296527,10,372573
46151,0.055651,74.125.130.0-255,2902,299429,10,372573
46152,0.055655,172.31.36.0-255,66,299495,10,372573
46153,0.058236,74.125.130.0-255,2902,302397,10,372573
46154,0.058242,172.31.36.0-255,66,302463,10,372573
46155,0.058286,74.125.130.0-255,2902,305365,10,372573
46156,0.05829,172.31.36.0-255,66,305431,10,372573
46157,0.060877,74.125.130.0-255,2902,308333,10,372573
46158,0.060883,172.31.36.0-255,66,308399,10,372573
46159,0.060915,74.125.130.0-255,2902,311301,10,372573
46160,0.060918,172.31.36.0-255,66,311367,10,372573
46161,0.063512,74.125.130.0-255,1484,312851,10,372573
46162,0.063581,74.125.130.0-255,2902,315753,10,372573
46163,0.063587,172.31.36.0-255,66,315819,10,372573
46164,0.063615,74.125.130.0-255,1484,317303,10,372573
46165,0.066227,74.125.130.0-255,4320,321623,10,372573
46166,0.066233,172.31.36.0-255,66,321689,10,372573
46167,0.068865,74.125.130.0-255,5738,327427,10,372573
46168,0.06887,172.31.36.0-255,66,327493,10,372573
46169,0.071508,74.125.130.0-255,5738,333231,10,372573
46170,0.071514,172.31.36.0-255,66,333297,10,372573
46171,0.074145,74.125.130.0-255,5738,339035,10,372573
46172,0.07415,172.31.36.0-255,66,339101,10,372573
46173,0.076792,74.125.130.0-255,5738,344839,10,372573
46174,0.076797,172.31.36.0-255,66,344905,10,372573
46175,0.079442,74.125.130.0-255,5738,350643,10,372573
46176,0.079448,172.31.36.0-255,66,350709,10,372573
46177,0.082079,74.125.130.0-255,5738,356447,10,372573
46178,0.082085,172.31.36.0-255,66,356513,10,372573
46179,0.084716,74.125.130.0-255,4320,360833,10,372573
46180,0.084722,172.31.36.0-255,66,360899,10,372573
46181,0.084758,74.125.130.0-255,1484,362383,10,372573
46182,0.087346,74.125.130.0-255,4320,366703,10,372573
46183,0.087352,172.31.36.0-255,66,366769,10,372573
46184,0.089985,74.125.130.0-255,5738,372507,10,372573
46185,0.089991,172.31.36.0-255,66,372573,10,372573
46186,0.0,74.125.24.0-255,153,153,10,329847
46187,2.2e-05,172.31.36.0-255,66,219,10,329847
46188,2.9e-05,74.125.24.0-255,1484,1703,10,329847
46189,3.5e-05,172.31.36.0-255,66,1769,10,329847
46190,4e-05,74.125.24.0-255,2902,4671,10,329847
46191,4.4e-05,172.31.36.0-255,66,4737,10,329847
46192,5.2e-05,74.125.24.0-255,7156,11893,10,329847
46193,5.5e-05,172.31.36.0-255,66,11959,10,329847
46194,5.9e-05,74.125.24.0-255,1484,13443,10,329847
46195,6.2e-05,172.31.36.0-255,66,13509,10,329847
46196,9.9e-05,172.31.36.0-255,66,13575,10,329847
46197,0.000103,74.125.24.0-255,2543,16118,10,329847
46198,0.000106,172.31.36.0-255,66,16184,10,329847
46199,0.000441,74.125.24.0-255,1484,17668,10,329847
46200,0.000447,172.31.36.0-255,66,17734,10,329847
46201,0.000453,74.125.24.0-255,2902,20636,10,329847
46202,0.000456,172.31.36.0-255,66,20702,10,329847
46203,0.000481,74.125.24.0-255,2902,23604,10,329847
46204,0.000484,172.31.36.0-255,66,23670,10,329847
46205,0.000512,74.125.24.0-255,2902,26572,10,329847
46206,0.000515,172.31.36.0-255,66,26638,10,329847
46207,0.000523,74.125.24.0-255,6797,33435,10,329847
46208,0.000525,172.31.36.0-255,66,33501,10,329847
46209,0.00054,172.31.36.0-255,66,33567,10,329847
46210,0.000544,74.125.24.0-255,2850,36417,10,329847
46211,0.000548,172.31.36.0-255,66,36483,10,329847
46212,0.000551,74.125.24.0-255,110,36593,10,329847
46213,0.000553,172.31.36.0-255,66,36659,10,329847
46214,0.0006,74.125.24.0-255,1484,38143,10,329847
46215,0.000604,172.31.36.0-255,66,38209,10,329847
46216,0.000609,74.125.24.0-255,2902,41111,10,329847
46217,0.00063,74.125.24.0-255,7156,48267,10,329847
46218,0.000637,74.125.24.0-255,5379,53646,10,329847
46219,0.000649,172.31.36.0-255,66,53712,10,329847
46220,0.000689,74.125.24.0-255,4320,58032,10,329847
46221,0.000702,172.31.36.0-255,66,58098,10,329847
46222,0.000735,74.125.24.0-255,5379,63477,10,329847
46223,0.000756,172.31.36.0-255,66,63543,10,329847
46224,0.001379,74.125.24.0-255,1484,65027,10,329847
46225,0.001396,74.125.24.0-255,2902,67929,10,329847
46226,0.0014,172.31.36.0-255,66,67995,10,329847
46227,0.001407,74.125.24.0-255,4320,72315,10,329847
46228,0.001419,74.125.24.0-255,1484,73799,10,329847
46229,0.001424,74.125.24.0-255,4320,78119,10,329847
46230,0.001434,172.31.36.0-255,66,78185,10,329847
46231,0.001451,74.125.24.0-255,1484,79669,10,329847
46232,0.001456,172.31.36.0-255,66,79735,10,329847
46233,0.001476,74.125.24.0-255,7156,86891,10,329847
46234,0.001493,74.125.24.0-255,2184,89075,10,329847
46235,0.001496,172.31.36.0-255,66,89141,10,329847
46236,0.001501,172.31.36.0-255,66,89207,10,329847
46237,0.001827,74.125.24.0-255,1484,90691,10,329847
46238,0.001842,74.125.24.0-255,2902,93593,10,329847
46239,0.001846,172.31.36.0-255,66,93659,10,329847
46240,0.001853,74.125.24.0-255,5738,99397,10,329847
46241,0.001855,172.31.36.0-255,66,99463,10,329847
46242,0.001896,172.31.36.0-255,66,99529,10,329847
46243,0.001907,74.125.24.0-255,4320,103849,10,329847
46244,0.001933,74.125.24.0-255,2184,106033,10,329847
46245,0.001949,172.31.36.0-255,66,106099,10,329847
46246,0.00197,74.125.24.0-255,1484,107583,10,329847
46247,0.001975,74.125.24.0-255,2902,110485,10,329847
46248,0.00198,74.125.24.0-255,4320,114805,10,329847
46249,0.001985,172.31.36.0-255,66,114871,10,329847
46250,0.002001,74.125.24.0-255,1484,116355,10,329847
46251,0.002007,74.125.24.0-255,5738,122093,10,329847
46252,0.002029,172.31.36.0-255,66,122159,10,329847
46253,0.002049,74.125.24.0-255,4320,126479,10,329847
46254,0.002055,74.125.24.0-255,5020,131499,10,329847
46255,0.002073,172.31.36.0-255,66,131565,10,329847
46256,0.002107,74.125.24.0-255,1484,133049,10,329847
46257,0.002113,74.125.24.0-255,2902,135951,10,329847
46258,0.002133,172.31.36.0-255,66,136017,10,329847
46259,0.00214,74.125.24.0-255,5738,141755,10,329847
46260,0.002143,74.125.24.0-255,1484,143239,10,329847
46261,0.002148,172.31.36.0-255,66,143305,10,329847
46262,0.002209,172.31.36.0-255,66,143371,10,329847
46263,0.00224,172.31.36.0-255,66,143437,10,329847
46264,0.004578,74.125.24.0-255,5738,149175,10,329847
46265,0.004586,172.31.36.0-255,66,149241,10,329847
46266,0.006897,74.125.24.0-255,5738,154979,10,329847
46267,0.0069,172.31.36.0-255,66,155045,10,329847
46268,0.009238,74.125.24.0-255,5738,160783,10,329847
46269,0.009245,172.31.36.0-255,66,160849,10,329847
46270,0.011573,74.125.24.0-255,5738,166587,10,329847
46271,0.011582,172.31.36.0-255,66,166653,10,329847
46272,0.013912,74.125.24.0-255,5738,172391,10,329847
46273,0.01392,172.31.36.0-255,66,172457,10,329847
46274,0.016264,74.125.24.0-255,5738,178195,10,329847
46275,0.016275,172.31.36.0-255,66,178261,10,329847
46276,0.018617,74.125.24.0-255,5738,183999,10,329847
46277,0.018626,172.31.36.0-255,66,184065,10,329847
46278,0.020954,74.125.24.0-255,5738,189803,10,329847
46279,0.020961,172.31.36.0-255,66,189869,10,329847
46280,0.023304,74.125.24.0-255,5738,195607,10,329847
46281,0.023312,172.31.36.0-255,66,195673,10,329847
46282,0.025631,74.125.24.0-255,5738,201411,10,329847
46283,0.025639,172.31.36.0-255,66,201477,10,329847
46284,0.0281,74.125.24.0-255,5738,207215,10,329847
46285,0.028109,172.31.36.0-255,66,207281,10,329847
46286,0.030424,74.125.24.0-255,5738,213019,10,329847
46287,0.030432,172.31.36.0-255,66,213085,10,329847
46288,0.032753,172.31.36.0-255,167,213252,10,329847
46289,0.03279,74.125.24.0-255,5738,218990,10,329847
46290,0.032796,172.31.36.0-255,66,219056,10,329847
46291,0.0328,172.31.36.0-255,1111,220167,10,329847
46292,0.032904,172.31.36.0-255,1514,221681,10,329847
46293,0.032906,172.31.36.0-255,1292,222973,10,329847
46294,0.034306,104.244.42.0-255,66,223039,10,329847
46295,0.034353,104.244.42.0-255,66,223105,10,329847
46296,0.034457,104.244.42.0-255,66,223171,10,329847
46297,0.035127,74.125.24.0-255,5738,228909,10,329847
46298,0.035132,172.31.36.0-255,66,228975,10,329847
46299,0.037449,74.125.24.0-255,5738,234713,10,329847
46300,0.037455,172.31.36.0-255,66,234779,10,329847
46301,0.039799,74.125.24.0-255,5738,240517,10,329847
46302,0.039808,172.31.36.0-255,66,240583,10,329847
46303,0.042114,74.125.24.0-255,5738,246321,10,329847
46304,0.04212,172.31.36.0-255,66,246387,10,329847
46305,0.04447,74.125.24.0-255,5738,252125,10,329847
46306,0.044485,172.31.36.0-255,66,252191,10,329847
46307,0.046828,74.125.24.0-255,5738,257929,10,329847
46308,0.046835,172.31.36.0-255,66,257995,10,329847
46309,0.049161,74.125.24.0-255,5738,263733,10,329847
46310,0.049168,172.31.36.0-255,66,263799,10,329847
46311,0.05151,74.125.24.0-255,4320,268119,10,329847
46312,0.051516,172.31.36.0-255,66,268185,10,329847
46313,0.051534,74.125.24.0-255,1484,269669,10,329847
46314,0.053825,74.125.24.0-255,4320,273989,10,329847
46315,0.053831,172.31.36.0-255,66,274055,10,329847
46316,0.056194,74.125.24.0-255,5738,279793,10,329847
46317,0.056202,172.31.36.0-255,66,279859,10,329847
46318,0.058528,74.125.24.0-255,5738,285597,10,329847
46319,0.058535,172.31.36.0-255,66,285663,10,329847
46320,0.060902,74.125.24.0-255,5738,291401,10,329847
46321,0.060912,172.31.36.0-255,66,291467,10,329847
46322,0.063267,74.125.24.0-255,5738,297205,10,329847
46323,0.063275,172.31.36.0-255,66,297271,10,329847
46324,0.065646,74.125.24.0-255,5738,303009,10,329847
46325,0.065653,172.31.36.0-255,66,303075,10,329847
46326,0.067966,74.125.24.0-255,5738,308813,10,329847
46327,0.067972,172.31.36.0-255,66,308879,10,329847
46328,0.070315,74.125.24.0-255,5738,314617,10,329847
46329,0.070321,172.31.36.0-255,66,314683,10,329847
46330,0.07272,74.125.24.0-255,5738,320421,10,329847
46331,0.072727,172.31.36.0-255,66,320487,10,329847
46332,0.075084,74.125.24.0-255,5738,326225,10,329847
46333,0.075094,172.31.36.0-255,66,326291,10,329847
46334,0.077458,74.125.24.0-255,3319,329610,10,329847
46335,0.077465,172.31.36.0-255,66,329676,10,329847
46336,0.077647,172.31.36.0-255,105,329781,10,329847
46337,0.079953,74.125.24.0-255,66,329847,10,329847
46338,0.0,172.217.194.0-255,152,152,10,219491
46339,2.3e-05,172.31.36.0-255,66,218,10,219491
46340,3.1e-05,172.217.194.0-255,1484,1702,10,219491
46341,3.6e-05,172.31.36.0-255,66,1768,10,219491
46342,4.2e-05,172.217.194.0-255,2902,4670,10,219491
46343,4.5e-05,172.31.36.0-255,66,4736,10,219491
46344,5.3e-05,172.217.194.0-255,7156,11892,10,219491
46345,5.6e-05,172.31.36.0-255,66,11958,10,219491
46346,6.3e-05,172.217.194.0-255,4806,16764,10,219491
46347,6.6e-05,172.31.36.0-255,66,16830,10,219491
46348,8.1e-05,172.31.36.0-255,66,16896,10,219491
46349,0.000138,172.217.194.0-255,1484,18380,10,219491
46350,0.000141,172.31.36.0-255,66,18446,10,219491
46351,0.000165,172.217.194.0-255,2902,21348,10,219491
46352,0.000168,172.31.36.0-255,66,21414,10,219491
46353,0.000175,172.217.194.0-255,5738,27152,10,219491
46354,0.000178,172.31.36.0-255,66,27218,10,219491
46355,0.000183,172.217.194.0-255,4320,31538,10,219491
46356,0.000185,172.31.36.0-255,66,31604,10,219491
46357,0.000226,172.31.36.0-255,66,31670,10,219491
46358,0.000233,172.217.194.0-255,5738,37408,10,219491
46359,0.000235,172.31.36.0-255,66,37474,10,219491
46360,0.000252,172.217.194.0-255,2494,39968,10,219491
46361,0.000254,172.31.36.0-255,66,40034,10,219491
46362,0.000286,172.217.194.0-255,6039,46073,10,219491
46363,0.000288,172.31.36.0-255,66,46139,10,219491
46364,0.000296,172.217.194.0-255,7156,53295,10,219491
46365,0.000299,172.31.36.0-255,66,53361,10,219491
46366,0.00033,172.217.194.0-255,3412,56773,10,219491
46367,0.000333,172.31.36.0-255,66,56839,10,219491
46368,0.000421,172.217.194.0-255,1484,58323,10,219491
46369,0.000428,172.217.194.0-255,2902,61225,10,219491
46370,0.000432,172.31.36.0-255,66,61291,10,219491
46371,0.000451,172.217.194.0-255,5738,67029,10,219491
46372,0.000454,172.31.36.0-255,66,67095,10,219491
46373,0.000459,172.217.194.0-255,2902,69997,10,219491
46374,0.000461,172.31.36.0-255,66,70063,10,219491
46375,0.000493,172.31.36.0-255,66,70129,10,219491
46376,0.000501,172.217.194.0-255,7156,77285,10,219491
46377,0.000503,172.31.36.0-255,66,77351,10,219491
46378,0.000527,172.217.194.0-255,3602,80953,10,219491
46379,0.00053,172.31.36.0-255,66,81019,10,219491
46380,0.000554,172.217.194.0-255,1484,82503,10,219491
46381,0.000558,172.217.194.0-255,2902,85405,10,219491
46382,0.00056,172.31.36.0-255,66,85471,10,219491
46383,0.000568,172.217.194.0-255,5738,91209,10,219491
46384,0.00057,172.31.36.0-255,66,91275,10,219491
46385,0.000582,172.31.36.0-255,66,91341,10,219491
46386,0.000611,172.217.194.0-255,4320,95661,10,219491
46387,0.000613,172.31.36.0-255,66,95727,10,219491
46388,0.00064,172.31.36.0-255,66,95793,10,219491
46389,0.00117,172.217.194.0-255,1484,97277,10,219491
46390,0.001176,172.217.194.0-255,2902,100179,10,219491
46391,0.00118,172.31.36.0-255,66,100245,10,219491
46392,0.001185,172.217.194.0-255,2902,103147,10,219491
46393,0.001187,172.31.36.0-255,66,103213,10,219491
46394,0.001204,172.217.194.0-255,2902,106115,10,219491
46395,0.001206,172.31.36.0-255,66,106181,10,219491
46396,0.001212,172.217.194.0-255,6797,112978,10,219491
46397,0.001214,172.31.36.0-255,66,113044,10,219491
46398,0.001231,172.217.194.0-255,1484,114528,10,219491
46399,0.001244,172.217.194.0-255,4320,118848,10,219491
46400,0.001247,172.31.36.0-255,66,118914,10,219491
46401,0.001267,172.31.36.0-255,66,118980,10,219491
46402,0.001273,172.217.194.0-255,4320,123300,10,219491
46403,0.001275,172.31.36.0-255,66,123366,10,219491
46404,0.001299,172.217.194.0-255,5738,129104,10,219491
46405,0.001302,172.31.36.0-255,66,129170,10,219491
46406,0.001317,172.217.194.0-255,4320,133490,10,219491
46407,0.00132,172.31.36.0-255,66,133556,10,219491
46408,0.001354,172.217.194.0-255,5020,138576,10,219491
46409,0.001357,172.31.36.0-255,66,138642,10,219491
46410,0.001368,172.31.36.0-255,66,138708,10,219491
46411,0.001375,172.217.194.0-255,7156,145864,10,219491
46412,0.001377,172.31.36.0-255,66,145930,10,219491
46413,0.001441,172.31.36.0-255,66,145996,10,219491
46414,0.001463,172.217.194.0-255,5020,151016,10,219491
46415,0.001466,172.31.36.0-255,66,151082,10,219491
46416,0.001472,172.217.194.0-255,5738,156820,10,219491
46417,0.001474,172.31.36.0-255,66,156886,10,219491
46418,0.001488,172.217.194.0-255,5738,162624,10,219491
46419,0.00149,172.31.36.0-255,66,162690,10,219491
46420,0.001509,172.217.194.0-255,2902,165592,10,219491
46421,0.001511,172.31.36.0-255,66,165658,10,219491
46422,0.001532,172.217.194.0-255,2902,168560,10,219491
46423,0.001535,172.31.36.0-255,66,168626,10,219491
46424,0.001564,172.31.36.0-255,66,168692,10,219491
46425,0.001579,172.217.194.0-255,2184,170876,10,219491
46426,0.001582,172.31.36.0-255,66,170942,10,219491
46427,0.001585,172.217.194.0-255,1484,172426,10,219491
46428,0.00162,172.31.36.0-255,66,172492,10,219491
46429,0.00163,172.31.36.0-255,66,172558,10,219491
46430,0.001644,172.217.194.0-255,2902,175460,10,219491
46431,0.001648,172.217.194.0-255,4320,179780,10,219491
46432,0.001651,172.31.36.0-255,66,179846,10,219491
46433,0.001658,172.31.36.0-255,66,179912,10,219491
46434,0.001668,172.31.36.0-255,66,179978,10,219491
46435,0.001692,172.217.194.0-255,1484,181462,10,219491
46436,0.001696,172.217.194.0-255,2902,184364,10,219491
46437,0.001698,172.31.36.0-255,66,184430,10,219491
46438,0.001725,172.217.194.0-255,5738,190168,10,219491
46439,0.001729,172.31.36.0-255,66,190234,10,219491
46440,0.001736,172.217.194.0-255,2902,193136,10,219491
46441,0.001738,172.31.36.0-255,66,193202,10,219491
46442,0.001777,172.31.36.0-255,66,193268,10,219491
46443,0.001787,172.31.36.0-255,66,193334,10,219491
46444,0.001823,172.217.194.0-255,7156,200490,10,219491
46445,0.001826,172.31.36.0-255,66,200556,10,219491
46446,0.001854,172.31.36.0-255,66,200622,10,219491
46447,0.001881,172.217.194.0-255,5738,206360,10,219491
46448,0.001893,172.217.194.0-255,2902,209262,10,219491
46449,0.001898,172.31.36.0-255,66,209328,10,219491
46450,0.0019,172.31.36.0-255,66,209394,10,219491
46451,0.001903,172.31.36.0-255,66,209460,10,219491
46452,0.001936,172.31.36.0-255,66,209526,10,219491
46453,0.001966,172.31.36.0-255,66,209592,10,219491
46454,0.001972,172.217.194.0-255,5189,214781,10,219491
46455,0.001973,172.31.36.0-255,66,214847,10,219491
46456,0.001976,172.217.194.0-255,105,214952,10,219491
46457,0.00433,172.31.36.0-255,66,215018,10,219491
46458,0.004367,172.31.36.0-255,105,215123,10,219491
46459,0.006328,172.217.194.0-255,66,215189,10,219491
46460,0.042349,172.31.36.0-255,187,215376,10,219491
46461,0.042383,172.31.36.0-255,980,216356,10,219491
46462,0.042451,172.31.36.0-255,1514,217870,10,219491
46463,0.042453,172.31.36.0-255,1423,219293,10,219491
46464,0.043883,104.244.42.0-255,66,219359,10,219491
46465,0.043949,104.244.42.0-255,66,219425,10,219491
46466,0.04407,104.244.42.0-255,66,219491,10,219491
46467,0.0,74.125.24.0-255,301,301,10,307813
46468,2e-05,172.31.36.0-255,66,367,10,307813
46469,2.6e-05,74.125.24.0-255,1484,1851,10,307813
46470,3e-05,172.31.36.0-255,66,1917,10,307813
46471,3.8e-05,74.125.24.0-255,4320,6237,10,307813
46472,4.1e-05,172.31.36.0-255,66,6303,10,307813
46473,5.2e-05,172.31.36.0-255,66,6369,10,307813
46474,0.000202,74.125.24.0-255,1484,7853,10,307813
46475,0.000207,172.31.36.0-255,66,7919,10,307813
46476,0.000214,74.125.24.0-255,2902,10821,10,307813
46477,0.000216,172.31.36.0-255,66,10887,10,307813
46478,0.000219,74.125.24.0-255,1484,12371,10,307813
46479,0.000222,172.31.36.0-255,66,12437,10,307813
46480,0.000247,74.125.24.0-255,4320,16757,10,307813
46481,0.00025,172.31.36.0-255,66,16823,10,307813
46482,0.000254,74.125.24.0-255,2902,19725,10,307813
46483,0.000256,172.31.36.0-255,66,19791,10,307813
46484,0.000259,74.125.24.0-255,1484,21275,10,307813
46485,0.000261,172.31.36.0-255,66,21341,10,307813
46486,0.000296,172.31.36.0-255,66,21407,10,307813
46487,0.000306,172.31.36.0-255,66,21473,10,307813
46488,0.000328,74.125.24.0-255,5738,27211,10,307813
46489,0.000331,172.31.36.0-255,66,27277,10,307813
46490,0.000342,172.31.36.0-255,66,27343,10,307813
46491,0.000361,74.125.24.0-255,3933,31276,10,307813
46492,0.000363,172.31.36.0-255,66,31342,10,307813
46493,0.000367,74.125.24.0-255,378,31720,10,307813
46494,0.000369,172.31.36.0-255,66,31786,10,307813
46495,0.000702,74.125.24.0-255,1484,33270,10,307813
46496,0.000709,74.125.24.0-255,2902,36172,10,307813
46497,0.000712,74.125.24.0-255,1484,37656,10,307813
46498,0.000731,74.125.24.0-255,4320,41976,10,307813
46499,0.000738,172.31.36.0-255,66,42042,10,307813
46500,0.000769,74.125.24.0-255,2902,44944,10,307813
46501,0.000782,74.125.24.0-255,4320,49264,10,307813
46502,0.000819,74.125.24.0-255,2184,51448,10,307813
46503,0.000832,172.31.36.0-255,66,51514,10,307813
46504,0.000961,74.125.24.0-255,1484,52998,10,307813
46505,0.000967,74.125.24.0-255,2902,55900,10,307813
46506,0.00097,172.31.36.0-255,66,55966,10,307813
46507,0.000984,74.125.24.0-255,4320,60286,10,307813
46508,0.000996,74.125.24.0-255,1484,61770,10,307813
46509,0.001005,172.31.36.0-255,66,61836,10,307813
46510,0.001016,74.125.24.0-255,4320,66156,10,307813
46511,0.00102,172.31.36.0-255,66,66222,10,307813
46512,0.001034,74.125.24.0-255,7156,73378,10,307813
46513,0.001046,74.125.24.0-255,1484,74862,10,307813
46514,0.001054,74.125.24.0-255,5738,80600,10,307813
46515,0.001069,172.31.36.0-255,66,80666,10,307813
46516,0.001074,74.125.24.0-255,4320,84986,10,307813
46517,0.001085,172.31.36.0-255,66,85052,10,307813
46518,0.001088,74.125.24.0-255,766,85818,10,307813
46519,0.001511,74.125.24.0-255,1484,87302,10,307813
46520,0.001517,172.31.36.0-255,66,87368,10,307813
46521,0.001523,74.125.24.0-255,2902,90270,10,307813
46522,0.001529,74.125.24.0-255,5738,96008,10,307813
46523,0.001545,74.125.24.0-255,4320,100328,10,307813
46524,0.001553,172.31.36.0-255,66,100394,10,307813
46525,0.00161,74.125.24.0-255,1484,101878,10,307813
46526,0.001632,172.31.36.0-255,66,101944,10,307813
46527,0.001877,74.125.24.0-255,1484,103428,10,307813
46528,0.001891,74.125.24.0-255,2902,106330,10,307813
46529,0.001894,172.31.36.0-255,66,106396,10,307813
46530,0.001899,74.125.24.0-255,2902,109298,10,307813
46531,0.001913,74.125.24.0-255,2902,112200,10,307813
46532,0.001925,172.31.36.0-255,66,112266,10,307813
46533,0.001943,74.125.24.0-255,7156,119422,10,307813
46534,0.001957,74.125.24.0-255,5738,125160,10,307813
46535,0.001966,172.31.36.0-255,66,125226,10,307813
46536,0.001979,74.125.24.0-255,4320,129546,10,307813
46537,0.001991,172.31.36.0-255,66,129612,10,307813
46538,0.002001,74.125.24.0-255,4320,133932,10,307813
46539,0.002009,172.31.36.0-255,66,133998,10,307813
46540,0.002015,74.125.24.0-255,3602,137600,10,307813
46541,0.002019,74.125.24.0-255,2902,140502,10,307813
46542,0.00204,74.125.24.0-255,5738,146240,10,307813
46543,0.002043,74.125.24.0-255,1484,147724,10,307813
46544,0.002052,172.31.36.0-255,66,147790,10,307813
46545,0.002096,172.31.36.0-255,66,147856,10,307813
46546,0.002105,74.125.24.0-255,2184,150040,10,307813
46547,0.002114,172.31.36.0-255,66,150106,10,307813
46548,0.002149,74.125.24.0-255,2902,153008,10,307813
46549,0.002153,74.125.24.0-255,2902,155910,10,307813
46550,0.002171,74.125.24.0-255,1484,157394,10,307813
46551,0.002185,74.125.24.0-255,4320,161714,10,307813
46552,0.002189,172.31.36.0-255,66,161780,10,307813
46553,0.002198,172.31.36.0-255,66,161846,10,307813
46554,0.002204,74.125.24.0-255,4320,166166,10,307813
46555,0.002211,74.125.24.0-255,1484,167650,10,307813
46556,0.002231,74.125.24.0-255,5738,173388,10,307813
46557,0.002259,74.125.24.0-255,4320,177708,10,307813
46558,0.002284,74.125.24.0-255,6438,184146,10,307813
46559,0.002291,74.125.24.0-255,7156,191302,10,307813
46560,0.002318,74.125.24.0-255,4320,195622,10,307813
46561,0.002353,74.125.24.0-255,4320,199942,10,307813
46562,0.005861,172.31.36.0-255,66,200008,10,307813
46563,0.008248,74.125.24.0-255,5738,205746,10,307813
46564,0.008255,172.31.36.0-255,66,205812,10,307813
46565,0.01063,74.125.24.0-255,5738,211550,10,307813
46566,0.010637,172.31.36.0-255,66,211616,10,307813
46567,0.013004,74.125.24.0-255,5738,217354,10,307813
46568,0.013012,172.31.36.0-255,66,217420,10,307813
46569,0.015379,74.125.24.0-255,5738,223158,10,307813
46570,0.017319,172.31.36.0-255,66,223224,10,307813
46571,0.019703,74.125.24.0-255,5738,228962,10,307813
46572,0.019714,172.31.36.0-255,66,229028,10,307813
46573,0.022097,74.125.24.0-255,5738,234766,10,307813
46574,0.022105,172.31.36.0-255,66,234832,10,307813
46575,0.024476,74.125.24.0-255,5738,240570,10,307813
46576,0.024484,172.31.36.0-255,66,240636,10,307813
46577,0.026837,74.125.24.0-255,5738,246374,10,307813
46578,0.026845,172.31.36.0-255,66,246440,10,307813
46579,0.029198,74.125.24.0-255,5738,252178,10,307813
46580,0.029206,172.31.36.0-255,66,252244,10,307813
46581,0.031483,172.31.36.0-255,172,252416,10,307813
46582,0.031515,172.31.36.0-255,1112,253528,10,307813
46583,0.031574,74.125.24.0-255,5738,259266,10,307813
46584,0.031581,172.31.36.0-255,66,259332,10,307813
46585,0.031592,172.31.36.0-255,1514,260846,10,307813
46586,0.031598,172.31.36.0-255,1291,262137,10,307813
46587,0.033014,104.244.42.0-255,66,262203,10,307813
46588,0.03306,104.244.42.0-255,66,262269,10,307813
46589,0.033158,104.244.42.0-255,66,262335,10,307813
46590,0.033786,104.244.42.0-255,108,262443,10,307813
46591,0.03379,172.31.36.0-255,66,262509,10,307813
46592,0.033934,74.125.24.0-255,5738,268247,10,307813
46593,0.033938,172.31.36.0-255,66,268313,10,307813
46594,0.03629,74.125.24.0-255,5738,274051,10,307813
46595,0.036297,172.31.36.0-255,66,274117,10,307813
46596,0.038657,74.125.24.0-255,5738,279855,10,307813
46597,0.038663,172.31.36.0-255,66,279921,10,307813
46598,0.041046,74.125.24.0-255,5738,285659,10,307813
46599,0.041053,172.31.36.0-255,66,285725,10,307813
46600,0.043446,74.125.24.0-255,5738,291463,10,307813
46601,0.043453,172.31.36.0-255,66,291529,10,307813
46602,0.045832,74.125.24.0-255,5738,297267,10,307813
46603,0.045837,172.31.36.0-255,66,297333,10,307813
46604,0.048213,74.125.24.0-255,5738,303071,10,307813
46605,0.04822,172.31.36.0-255,66,303137,10,307813
46606,0.050592,74.125.24.0-255,4439,307576,10,307813
46607,0.050598,172.31.36.0-255,66,307642,10,307813
46608,0.050772,172.31.36.0-255,105,307747,10,307813
46609,0.053123,74.125.24.0-255,66,307813,10,307813
46610,0.0,172.217.194.0-255,152,152,10,193537
46611,3.6e-05,172.31.36.0-255,66,218,10,193537
46612,4.4e-05,172.217.194.0-255,1484,1702,10,193537
46613,4.8e-05,172.31.36.0-255,66,1768,10,193537
46614,6e-05,172.217.194.0-255,2902,4670,10,193537
46615,6.3e-05,172.31.36.0-255,66,4736,10,193537
46616,7e-05,172.217.194.0-255,5738,10474,10,193537
46617,7.2e-05,172.31.36.0-255,66,10540,10,193537
46618,7.5e-05,172.217.194.0-255,1484,12024,10,193537
46619,7.7e-05,172.31.36.0-255,66,12090,10,193537
46620,9.4e-05,172.217.194.0-255,3423,15513,10,193537
46621,9.6e-05,172.31.36.0-255,66,15579,10,193537
46622,0.000109,172.217.194.0-255,5738,21317,10,193537
46623,0.000112,172.31.36.0-255,66,21383,10,193537
46624,0.000143,172.217.194.0-255,5738,27121,10,193537
46625,0.000146,172.31.36.0-255,66,27187,10,193537
46626,0.000177,172.217.194.0-255,3961,31148,10,193537
46627,0.00018,172.31.36.0-255,66,31214,10,193537
46628,0.000245,172.217.194.0-255,1484,32698,10,193537
46629,0.000248,172.31.36.0-255,66,32764,10,193537
46630,0.000274,172.217.194.0-255,2902,35666,10,193537
46631,0.000277,172.31.36.0-255,66,35732,10,193537
46632,0.00028,172.217.194.0-255,1484,37216,10,193537
46633,0.000282,172.31.36.0-255,66,37282,10,193537
46634,0.000288,172.217.194.0-255,2902,40184,10,193537
46635,0.00029,172.31.36.0-255,66,40250,10,193537
46636,0.000326,172.217.194.0-255,2902,43152,10,193537
46637,0.00033,172.31.36.0-255,66,43218,10,193537
46638,0.000348,172.31.36.0-255,66,43284,10,193537
46639,0.00038,172.217.194.0-255,4320,47604,10,193537
46640,0.000384,172.31.36.0-255,66,47670,10,193537
46641,0.000426,172.31.36.0-255,66,47736,10,193537
46642,0.000623,172.217.194.0-255,378,48114,10,193537
46643,0.000668,172.217.194.0-255,366,48480,10,193537
46644,0.000735,172.217.194.0-255,1484,49964,10,193537
46645,0.00074,172.31.36.0-255,66,50030,10,193537
46646,0.00075,172.217.194.0-255,2902,52932,10,193537
46647,0.000758,172.31.36.0-255,66,52998,10,193537
46648,0.00076,172.217.194.0-255,2902,55900,10,193537
46649,0.000775,172.31.36.0-255,66,55966,10,193537
46650,0.000786,172.217.194.0-255,2902,58868,10,193537
46651,0.000796,172.217.194.0-255,4320,63188,10,193537
46652,0.000801,172.31.36.0-255,66,63254,10,193537
46653,0.000823,172.217.194.0-255,5738,68992,10,193537
46654,0.000827,172.31.36.0-255,66,69058,10,193537
46655,0.00083,172.217.194.0-255,5738,74796,10,193537
46656,0.000841,172.31.36.0-255,66,74862,10,193537
46657,0.00087,172.217.194.0-255,5738,80600,10,193537
46658,0.000874,172.217.194.0-255,2184,82784,10,193537
46659,0.000878,172.217.194.0-255,2902,85686,10,193537
46660,0.000879,172.31.36.0-255,66,85752,10,193537
46661,0.000885,172.31.36.0-255,66,85818,10,193537
46662,0.000917,172.217.194.0-255,5738,91556,10,193537
46663,0.000922,172.31.36.0-255,66,91622,10,193537
46664,0.000924,172.217.194.0-255,7156,98778,10,193537
46665,0.00093,172.217.194.0-255,5738,104516,10,193537
46666,0.000945,172.31.36.0-255,66,104582,10,193537
46667,0.000962,172.31.36.0-255,66,104648,10,193537
46668,0.000977,172.31.36.0-255,66,104714,10,193537
46669,0.000993,172.217.194.0-255,1484,106198,10,193537
46670,0.001016,172.217.194.0-255,6438,112636,10,193537
46671,0.001026,172.31.36.0-255,66,112702,10,193537
46672,0.001102,172.217.194.0-255,1484,114186,10,193537
46673,0.001118,172.217.194.0-255,2902,117088,10,193537
46674,0.001122,172.31.36.0-255,66,117154,10,193537
46675,0.001125,172.217.194.0-255,1484,118638,10,193537
46676,0.001148,172.217.194.0-255,4320,122958,10,193537
46677,0.001159,172.31.36.0-255,66,123024,10,193537
46678,0.001214,172.217.194.0-255,4320,127344,10,193537
46679,0.001215,172.31.36.0-255,66,127410,10,193537
46680,0.00122,172.31.36.0-255,66,127476,10,193537
46681,0.001255,172.217.194.0-255,6438,133914,10,193537
46682,0.001259,172.217.194.0-255,1484,135398,10,193537
46683,0.001263,172.31.36.0-255,66,135464,10,193537
46684,0.001291,172.217.194.0-255,2902,138366,10,193537
46685,0.001294,172.31.36.0-255,66,138432,10,193537
46686,0.001299,172.217.194.0-255,2902,141334,10,193537
46687,0.001302,172.31.36.0-255,66,141400,10,193537
46688,0.001332,172.217.194.0-255,2902,144302,10,193537
46689,0.001336,172.217.194.0-255,2902,147204,10,193537
46690,0.001338,172.31.36.0-255,66,147270,10,193537
46691,0.001343,172.31.36.0-255,66,147336,10,193537
46692,0.001369,172.31.36.0-255,66,147402,10,193537
46693,0.001391,172.217.194.0-255,5738,153140,10,193537
46694,0.001399,172.31.36.0-255,66,153206,10,193537
46695,0.001401,172.217.194.0-255,2902,156108,10,193537
46696,0.001416,172.31.36.0-255,66,156174,10,193537
46697,0.001432,172.217.194.0-255,3602,159776,10,193537
46698,0.001439,172.31.36.0-255,66,159842,10,193537
46699,0.001508,172.217.194.0-255,1484,161326,10,193537
46700,0.001512,172.217.194.0-255,1484,162810,10,193537
46701,0.001514,172.31.36.0-255,66,162876,10,193537
46702,0.001543,172.217.194.0-255,1484,164360,10,193537
46703,0.001551,172.217.194.0-255,5738,170098,10,193537
46704,0.001563,172.31.36.0-255,66,170164,10,193537
46705,0.001565,172.217.194.0-255,1484,171648,10,193537
46706,0.001568,172.31.36.0-255,66,171714,10,193537
46707,0.001617,172.217.194.0-255,2902,174616,10,193537
46708,0.001621,172.31.36.0-255,66,174682,10,193537
46709,0.001671,172.31.36.0-255,66,174748,10,193537
46710,0.001687,172.31.36.0-255,66,174814,10,193537
46711,0.001698,172.217.194.0-255,1484,176298,10,193537
46712,0.001747,172.31.36.0-255,66,176364,10,193537
46713,0.001779,172.217.194.0-255,5020,181384,10,193537
46714,0.001789,172.31.36.0-255,66,181450,10,193537
46715,0.00186,172.31.36.0-255,66,181516,10,193537
46716,0.001869,172.217.194.0-255,4320,185836,10,193537
46717,0.001875,172.31.36.0-255,66,185902,10,193537
46718,0.001903,172.31.36.0-255,66,185968,10,193537
46719,0.001925,172.31.36.0-255,66,186034,10,193537
46720,0.001956,172.217.194.0-255,105,186139,10,193537
46721,0.001966,172.31.36.0-255,66,186205,10,193537
46722,0.008452,172.31.36.0-255,105,186310,10,193537
46723,0.010627,172.217.194.0-255,66,186376,10,193537
46724,0.033254,172.31.36.0-255,172,186548,10,193537
46725,0.033286,172.31.36.0-255,1111,187659,10,193537
46726,0.033335,172.31.36.0-255,1514,189173,10,193537
46727,0.033337,172.31.36.0-255,1514,190687,10,193537
46728,0.033342,172.31.36.0-255,1514,192201,10,193537
46729,0.033344,172.31.36.0-255,1072,193273,10,193537
46730,0.034783,104.244.42.0-255,66,193339,10,193537
46731,0.034847,104.244.42.0-255,66,193405,10,193537
46732,0.034903,104.244.42.0-255,66,193471,10,193537
46733,0.034906,104.244.42.0-255,66,193537,10,193537
46734,0.0,172.217.194.0-255,152,152,10,290020
46735,2.5e-05,172.31.36.0-255,66,218,10,290020
46736,3.3e-05,172.217.194.0-255,1484,1702,10,290020
46737,3.8e-05,172.31.36.0-255,66,1768,10,290020
46738,5.1e-05,172.217.194.0-255,2902,4670,10,290020
46739,5.5e-05,172.31.36.0-255,66,4736,10,290020
46740,6e-05,172.217.194.0-255,2902,7638,10,290020
46741,6.5e-05,172.31.36.0-255,66,7704,10,290020
46742,7.7e-05,172.31.36.0-255,66,7770,10,290020
46743,9.6e-05,172.217.194.0-255,5738,13508,10,290020
46744,0.000103,172.31.36.0-255,66,13574,10,290020
46745,0.000144,172.31.36.0-255,66,13640,10,290020
46746,0.000171,172.217.194.0-255,4320,17960,10,290020
46747,0.000173,172.31.36.0-255,66,18026,10,290020
46748,0.000189,172.31.36.0-255,66,18092,10,290020
46749,0.000194,172.217.194.0-255,2184,20276,10,290020
46750,0.000196,172.31.36.0-255,66,20342,10,290020
46751,0.000257,172.217.194.0-255,1484,21826,10,290020
46752,0.00026,172.31.36.0-255,66,21892,10,290020
46753,0.000268,172.217.194.0-255,2902,24794,10,290020
46754,0.000276,172.31.36.0-255,66,24860,10,290020
46755,0.000294,172.217.194.0-255,2902,27762,10,290020
46756,0.000296,172.31.36.0-255,66,27828,10,290020
46757,0.000321,172.217.194.0-255,2902,30730,10,290020
46758,0.000325,172.31.36.0-255,66,30796,10,290020
46759,0.000333,172.217.194.0-255,7103,37899,10,290020
46760,0.000336,172.31.36.0-255,66,37965,10,290020
46761,0.000415,172.217.194.0-255,1484,39449,10,290020
46762,0.000418,172.31.36.0-255,66,39515,10,290020
46763,0.000448,172.217.194.0-255,2902,42417,10,290020
46764,0.000452,172.31.36.0-255,66,42483,10,290020
46765,0.000458,172.217.194.0-255,5738,48221,10,290020
46766,0.00046,172.31.36.0-255,66,48287,10,290020
46767,0.000472,172.217.194.0-255,5738,54025,10,290020
46768,0.000475,172.31.36.0-255,66,54091,10,290020
46769,0.000497,172.217.194.0-255,1484,55575,10,290020
46770,0.000513,172.31.36.0-255,66,55641,10,290020
46771,0.000538,172.217.194.0-255,1484,57125,10,290020
46772,0.000543,172.217.194.0-255,2184,59309,10,290020
46773,0.000545,172.31.36.0-255,66,59375,10,290020
46774,0.000573,172.217.194.0-255,5738,65113,10,290020
46775,0.000575,172.31.36.0-255,66,65179,10,290020
46776,0.000582,172.217.194.0-255,5738,70917,10,290020
46777,0.000585,172.31.36.0-255,66,70983,10,290020
46778,0.000607,172.217.194.0-255,1484,72467,10,290020
46779,0.000619,172.31.36.0-255,66,72533,10,290020
46780,0.000653,172.217.194.0-255,5738,78271,10,290020
46781,0.000656,172.31.36.0-255,66,78337,10,290020
46782,0.000663,172.217.194.0-255,6438,84775,10,290020
46783,0.000666,172.31.36.0-255,66,84841,10,290020
46784,0.000673,172.217.194.0-255,379,85220,10,290020
46785,0.000786,172.217.194.0-255,1484,86704,10,290020
46786,0.00079,172.31.36.0-255,66,86770,10,290020
46787,0.000796,172.217.194.0-255,2902,89672,10,290020
46788,0.000797,172.31.36.0-255,66,89738,10,290020
46789,0.000828,172.217.194.0-255,5738,95476,10,290020
46790,0.000831,172.31.36.0-255,66,95542,10,290020
46791,0.000849,172.31.36.0-255,66,95608,10,290020
46792,0.000854,172.217.194.0-255,2902,98510,10,290020
46793,0.000857,172.31.36.0-255,66,98576,10,290020
46794,0.000917,172.31.36.0-255,66,98642,10,290020
46795,0.000921,172.217.194.0-255,1484,100126,10,290020
46796,0.000926,172.217.194.0-255,2902,103028,10,290020
46797,0.000934,172.31.36.0-255,66,103094,10,290020
46798,0.000941,172.217.194.0-255,5738,108832,10,290020
46799,0.000943,172.31.36.0-255,66,108898,10,290020
46800,0.000955,172.31.36.0-255,66,108964,10,290020
46801,0.000973,172.217.194.0-255,2902,111866,10,290020
46802,0.000979,172.31.36.0-255,66,111932,10,290020
46803,0.000992,172.31.36.0-255,66,111998,10,290020
46804,0.001161,172.217.194.0-255,1484,113482,10,290020
46805,0.001168,172.217.194.0-255,2902,116384,10,290020
46806,0.001173,172.31.36.0-255,66,116450,10,290020
46807,0.001177,172.217.194.0-255,1484,117934,10,290020
46808,0.001204,172.217.194.0-255,4320,122254,10,290020
46809,0.001207,172.31.36.0-255,66,122320,10,290020
46810,0.001215,172.217.194.0-255,7156,129476,10,290020
46811,0.001217,172.31.36.0-255,66,129542,10,290020
46812,0.001249,172.217.194.0-255,7156,136698,10,290020
46813,0.001252,172.31.36.0-255,66,136764,10,290020
46814,0.001284,172.217.194.0-255,7156,143920,10,290020
46815,0.001288,172.31.36.0-255,66,143986,10,290020
46816,0.001293,172.217.194.0-255,2184,146170,10,290020
46817,0.001295,172.31.36.0-255,66,146236,10,290020
46818,0.001318,172.217.194.0-255,1484,147720,10,290020
46819,0.00134,172.217.194.0-255,2902,150622,10,290020
46820,0.001343,172.31.36.0-255,66,150688,10,290020
46821,0.00135,172.217.194.0-255,5738,156426,10,290020
46822,0.001352,172.31.36.0-255,66,156492,10,290020
46823,0.001401,172.31.36.0-255,66,156558,10,290020
46824,0.001419,172.31.36.0-255,66,156624,10,290020
46825,0.001423,172.217.194.0-255,2184,158808,10,290020
46826,0.001426,172.31.36.0-255,66,158874,10,290020
46827,0.001699,172.217.194.0-255,1484,160358,10,290020
46828,0.001707,172.217.194.0-255,2902,163260,10,290020
46829,0.001711,172.31.36.0-255,66,163326,10,290020
46830,0.001748,172.217.194.0-255,5738,169064,10,290020
46831,0.001751,172.31.36.0-255,66,169130,10,290020
46832,0.001763,172.31.36.0-255,66,169196,10,290020
46833,0.001793,172.217.194.0-255,2902,172098,10,290020
46834,0.001797,172.31.36.0-255,66,172164,10,290020
46835,0.001813,172.31.36.0-255,66,172230,10,290020
46836,0.004071,172.217.194.0-255,5738,177968,10,290020
46837,0.004079,172.31.36.0-255,66,178034,10,290020
46838,0.00633,172.217.194.0-255,5738,183772,10,290020
46839,0.006338,172.31.36.0-255,66,183838,10,290020
46840,0.008623,172.217.194.0-255,5738,189576,10,290020
46841,0.008627,172.31.36.0-255,66,189642,10,290020
46842,0.010905,172.217.194.0-255,5738,195380,10,290020
46843,0.010922,172.31.36.0-255,66,195446,10,290020
46844,0.013221,172.217.194.0-255,5738,201184,10,290020
46845,0.013236,172.31.36.0-255,66,201250,10,290020
46846,0.015499,172.217.194.0-255,5738,206988,10,290020
46847,0.015512,172.31.36.0-255,66,207054,10,290020
46848,0.017803,172.217.194.0-255,5738,212792,10,290020
46849,0.017819,172.31.36.0-255,66,212858,10,290020
46850,0.020098,172.217.194.0-255,5738,218596,10,290020
46851,0.020115,172.31.36.0-255,66,218662,10,290020
46852,0.022417,172.217.194.0-255,5738,224400,10,290020
46853,0.022433,172.31.36.0-255,66,224466,10,290020
46854,0.024685,172.217.194.0-255,5738,230204,10,290020
46855,0.024697,172.31.36.0-255,66,230270,10,290020
46856,0.026993,172.217.194.0-255,5738,236008,10,290020
46857,0.027008,172.31.36.0-255,66,236074,10,290020
46858,0.029277,172.217.194.0-255,5738,241812,10,290020
46859,0.029293,172.31.36.0-255,66,241878,10,290020
46860,0.031567,172.217.194.0-255,5738,247616,10,290020
46861,0.031583,172.31.36.0-255,66,247682,10,290020
46862,0.03387,172.217.194.0-255,5738,253420,10,290020
46863,0.033886,172.31.36.0-255,66,253486,10,290020
46864,0.03616,172.217.194.0-255,5738,259224,10,290020
46865,0.036179,172.31.36.0-255,66,259290,10,290020
46866,0.038442,172.217.194.0-255,5738,265028,10,290020
46867,0.038451,172.31.36.0-255,66,265094,10,290020
46868,0.039218,172.31.36.0-255,171,265265,10,290020
46869,0.039255,172.31.36.0-255,1112,266377,10,290020
46870,0.039322,172.31.36.0-255,1514,267891,10,290020
46871,0.039324,172.31.36.0-255,1291,269182,10,290020
46872,0.0407,172.217.194.0-255,5738,274920,10,290020
46873,0.04071,172.31.36.0-255,66,274986,10,290020
46874,0.040779,104.244.42.0-255,66,275052,10,290020
46875,0.040881,104.244.42.0-255,66,275118,10,290020
46876,0.040905,104.244.42.0-255,66,275184,10,290020
46877,0.042957,172.217.194.0-255,5738,280922,10,290020
46878,0.042971,172.31.36.0-255,66,280988,10,290020
46879,0.045232,172.217.194.0-255,5738,286726,10,290020
46880,0.045244,172.31.36.0-255,66,286792,10,290020
46881,0.047525,172.217.194.0-255,2991,289783,10,290020
46882,0.047542,172.31.36.0-255,66,289849,10,290020
46883,0.048605,172.31.36.0-255,105,289954,10,290020
46884,0.050845,172.217.194.0-255,66,290020,10,290020
46885,0.0,172.31.36.0-255,66,66,10,66
46886,0.0,172.217.194.0-255,152,152,10,335922
46887,1.5e-05,172.31.36.0-255,66,218,10,335922
46888,2.3e-05,172.217.194.0-255,1484,1702,10,335922
46889,2.8e-05,172.31.36.0-255,66,1768,10,335922
46890,3.4e-05,172.217.194.0-255,2902,4670,10,335922
46891,3.6e-05,172.31.36.0-255,66,4736,10,335922
46892,4.4e-05,172.217.194.0-255,7156,11892,10,335922
46893,4.7e-05,172.31.36.0-255,66,11958,10,335922
46894,5.1e-05,172.217.194.0-255,2059,14017,10,335922
46895,5.4e-05,172.31.36.0-255,66,14083,10,335922
46896,0.000105,172.31.36.0-255,66,14149,10,335922
46897,0.000119,172.217.194.0-255,2902,17051,10,335922
46898,0.000121,172.31.36.0-255,66,17117,10,335922
46899,0.000128,172.217.194.0-255,5379,22496,10,335922
46900,0.00013,172.31.36.0-255,66,22562,10,335922
46901,0.000194,172.217.194.0-255,1484,24046,10,335922
46902,0.000197,172.31.36.0-255,66,24112,10,335922
46903,0.000201,172.217.194.0-255,1484,25596,10,335922
46904,0.000203,172.31.36.0-255,66,25662,10,335922
46905,0.000219,172.217.194.0-255,1484,27146,10,335922
46906,0.000222,172.31.36.0-255,66,27212,10,335922
46907,0.000229,172.217.194.0-255,5738,32950,10,335922
46908,0.000232,172.31.36.0-255,66,33016,10,335922
46909,0.000257,172.217.194.0-255,6797,39813,10,335922
46910,0.000259,172.31.36.0-255,66,39879,10,335922
46911,0.000303,172.217.194.0-255,4320,44199,10,335922
46912,0.000306,172.31.36.0-255,66,44265,10,335922
46913,0.000309,172.217.194.0-255,1484,45749,10,335922
46914,0.000311,172.31.36.0-255,66,45815,10,335922
46915,0.000329,172.217.194.0-255,4320,50135,10,335922
46916,0.000332,172.31.36.0-255,66,50201,10,335922
46917,0.000363,172.217.194.0-255,7093,57294,10,335922
46918,0.000366,172.31.36.0-255,66,57360,10,335922
46919,0.000642,172.217.194.0-255,382,57742,10,335922
46920,0.000766,172.217.194.0-255,1484,59226,10,335922
46921,0.000771,172.31.36.0-255,66,59292,10,335922
46922,0.000776,172.217.194.0-255,2902,62194,10,335922
46923,0.000778,172.31.36.0-255,66,62260,10,335922
46924,0.000783,172.217.194.0-255,2902,65162,10,335922
46925,0.000785,172.31.36.0-255,66,65228,10,335922
46926,0.000799,172.217.194.0-255,2902,68130,10,335922
46927,0.000801,172.31.36.0-255,66,68196,10,335922
46928,0.000828,172.217.194.0-255,6247,74443,10,335922
46929,0.000831,172.31.36.0-255,66,74509,10,335922
46930,0.00111,172.217.194.0-255,1484,75993,10,335922
46931,0.001115,172.217.194.0-255,2902,78895,10,335922
46932,0.001119,172.31.36.0-255,66,78961,10,335922
46933,0.001141,172.217.194.0-255,5738,84699,10,335922
46934,0.001144,172.31.36.0-255,66,84765,10,335922
46935,0.001199,172.31.36.0-255,66,84831,10,335922
46936,0.001211,172.31.36.0-255,66,84897,10,335922
46937,0.001936,172.217.194.0-255,1484,86381,10,335922
46938,0.001946,172.217.194.0-255,2902,89283,10,335922
46939,0.001951,172.31.36.0-255,66,89349,10,335922
46940,0.001958,172.217.194.0-255,4320,93669,10,335922
46941,0.00196,172.31.36.0-255,66,93735,10,335922
46942,0.001974,172.217.194.0-255,1484,95219,10,335922
46943,0.00198,172.217.194.0-255,5738,100957,10,335922
46944,0.001982,172.31.36.0-255,66,101023,10,335922
46945,0.002012,172.217.194.0-255,7156,108179,10,335922
46946,0.002014,172.31.36.0-255,66,108245,10,335922
46947,0.002028,172.31.36.0-255,66,108311,10,335922
46948,0.004317,172.217.194.0-255,5738,114049,10,335922
46949,0.004323,172.31.36.0-255,66,114115,10,335922
46950,0.00662,172.217.194.0-255,5738,119853,10,335922
46951,0.006625,172.31.36.0-255,66,119919,10,335922
46952,0.008928,172.217.194.0-255,5738,125657,10,335922
46953,0.008935,172.31.36.0-255,66,125723,10,335922
46954,0.011252,172.217.194.0-255,5738,131461,10,335922
46955,0.011261,172.31.36.0-255,66,131527,10,335922
46956,0.013565,172.217.194.0-255,5738,137265,10,335922
46957,0.013576,172.31.36.0-255,66,137331,10,335922
46958,0.01586,172.217.194.0-255,5738,143069,10,335922
46959,0.015868,172.31.36.0-255,66,143135,10,335922
46960,0.018178,172.217.194.0-255,5738,148873,10,335922
46961,0.018187,172.31.36.0-255,66,148939,10,335922
46962,0.020485,172.217.194.0-255,5738,154677,10,335922
46963,0.020493,172.31.36.0-255,66,154743,10,335922
46964,0.022793,172.217.194.0-255,5738,160481,10,335922
46965,0.022805,172.31.36.0-255,66,160547,10,335922
46966,0.025093,172.217.194.0-255,5738,166285,10,335922
46967,0.025099,172.31.36.0-255,66,166351,10,335922
46968,0.027003,172.31.36.0-255,172,166523,10,335922
46969,0.027035,172.31.36.0-255,1111,167634,10,335922
46970,0.027076,172.31.36.0-255,1514,169148,10,335922
46971,0.027078,172.31.36.0-255,1292,170440,10,335922
46972,0.027411,172.217.194.0-255,5738,176178,10,335922
46973,0.027418,172.31.36.0-255,66,176244,10,335922
46974,0.028538,104.244.42.0-255,66,176310,10,335922
46975,0.028589,104.244.42.0-255,66,176376,10,335922
46976,0.028639,104.244.42.0-255,66,176442,10,335922
46977,0.029718,172.217.194.0-255,2902,179344,10,335922
46978,0.029724,172.31.36.0-255,66,179410,10,335922
46979,0.029783,172.217.194.0-255,2902,182312,10,335922
46980,0.029788,172.31.36.0-255,66,182378,10,335922
46981,0.032017,172.217.194.0-255,2902,185280,10,335922
46982,0.032022,172.31.36.0-255,66,185346,10,335922
46983,0.032082,172.217.194.0-255,2902,188248,10,335922
46984,0.032086,172.31.36.0-255,66,188314,10,335922
46985,0.03432,172.217.194.0-255,2902,191216,10,335922
46986,0.034325,172.31.36.0-255,66,191282,10,335922
46987,0.034363,172.217.194.0-255,2902,194184,10,335922
46988,0.034367,172.31.36.0-255,66,194250,10,335922
46989,0.036609,172.217.194.0-255,2902,197152,10,335922
46990,0.036614,172.31.36.0-255,66,197218,10,335922
46991,0.036645,172.217.194.0-255,1484,198702,10,335922
46992,0.036662,172.217.194.0-255,1484,200186,10,335922
46993,0.036665,172.31.36.0-255,66,200252,10,335922
46994,0.038911,172.217.194.0-255,2902,203154,10,335922
46995,0.038917,172.31.36.0-255,66,203220,10,335922
46996,0.03895,172.217.194.0-255,2902,206122,10,335922
46997,0.038953,172.31.36.0-255,66,206188,10,335922
46998,0.041222,172.217.194.0-255,2902,209090,10,335922
46999,0.041227,172.31.36.0-255,66,209156,10,335922
47000,0.04125,172.217.194.0-255,2902,212058,10,335922
47001,0.041253,172.31.36.0-255,66,212124,10,335922
47002,0.043498,172.217.194.0-255,2902,215026,10,335922
47003,0.043503,172.31.36.0-255,66,215092,10,335922
47004,0.043537,172.217.194.0-255,2902,217994,10,335922
47005,0.04354,172.31.36.0-255,66,218060,10,335922
47006,0.045794,172.217.194.0-255,2902,220962,10,335922
47007,0.0458,172.31.36.0-255,66,221028,10,335922
47008,0.045832,172.217.194.0-255,2902,223930,10,335922
47009,0.045835,172.31.36.0-255,66,223996,10,335922
47010,0.048075,172.217.194.0-255,2902,226898,10,335922
47011,0.04808,172.31.36.0-255,66,226964,10,335922
47012,0.048122,172.217.194.0-255,2902,229866,10,335922
47013,0.048126,172.31.36.0-255,66,229932,10,335922
47014,0.050375,172.217.194.0-255,2902,232834,10,335922
47015,0.050381,172.31.36.0-255,66,232900,10,335922
47016,0.050413,172.217.194.0-255,1484,234384,10,335922
47017,0.050425,172.217.194.0-255,1484,235868,10,335922
47018,0.050428,172.31.36.0-255,66,235934,10,335922
47019,0.052709,172.217.194.0-255,2902,238836,10,335922
47020,0.052714,172.31.36.0-255,66,238902,10,335922
47021,0.052747,172.217.194.0-255,2902,241804,10,335922
47022,0.05275,172.31.36.0-255,66,241870,10,335922
47023,0.055,172.217.194.0-255,2902,244772,10,335922
47024,0.055005,172.31.36.0-255,66,244838,10,335922
47025,0.05504,172.217.194.0-255,2902,247740,10,335922
47026,0.055043,172.31.36.0-255,66,247806,10,335922
47027,0.05728,172.217.194.0-255,2902,250708,10,335922
47028,0.057285,172.31.36.0-255,66,250774,10,335922
47029,0.057354,172.217.194.0-255,2902,253676,10,335922
47030,0.057359,172.31.36.0-255,66,253742,10,335922
47031,0.059583,172.217.194.0-255,2902,256644,10,335922
47032,0.059588,172.31.36.0-255,66,256710,10,335922
47033,0.059632,172.217.194.0-255,2902,259612,10,335922
47034,0.059636,172.31.36.0-255,66,259678,10,335922
47035,0.061876,172.217.194.0-255,2902,262580,10,335922
47036,0.061882,172.31.36.0-255,66,262646,10,335922
47037,0.061918,172.217.194.0-255,2902,265548,10,335922
47038,0.061922,172.31.36.0-255,66,265614,10,335922
47039,0.064191,172.217.194.0-255,2902,268516,10,335922
47040,0.064195,172.31.36.0-255,66,268582,10,335922
47041,0.064221,172.217.194.0-255,2902,271484,10,335922
47042,0.064224,172.31.36.0-255,66,271550,10,335922
47043,0.066514,172.217.194.0-255,5738,277288,10,335922
47044,0.066519,172.31.36.0-255,66,277354,10,335922
47045,0.068815,172.217.194.0-255,5738,283092,10,335922
47046,0.06882,172.31.36.0-255,66,283158,10,335922
47047,0.071114,172.217.194.0-255,5738,288896,10,335922
47048,0.07112,172.31.36.0-255,66,288962,10,335922
47049,0.073441,172.217.194.0-255,5738,294700,10,335922
47050,0.073447,172.31.36.0-255,66,294766,10,335922
47051,0.075756,172.217.194.0-255,5738,300504,10,335922
47052,0.075762,172.31.36.0-255,66,300570,10,335922
47053,0.07808,172.217.194.0-255,5738,306308,10,335922
47054,0.078089,172.31.36.0-255,66,306374,10,335922
47055,0.080372,172.217.194.0-255,5738,312112,10,335922
47056,0.080378,172.31.36.0-255,66,312178,10,335922
47057,0.082669,172.217.194.0-255,2902,315080,10,335922
47058,0.082674,172.31.36.0-255,66,315146,10,335922
47059,0.082694,172.217.194.0-255,2902,318048,10,335922
47060,0.082697,172.31.36.0-255,66,318114,10,335922
47061,0.084961,172.217.194.0-255,2902,321016,10,335922
47062,0.084967,172.31.36.0-255,66,321082,10,335922
47063,0.084997,172.217.194.0-255,2902,323984,10,335922
47064,0.085,172.31.36.0-255,66,324050,10,335922
47065,0.087273,172.217.194.0-255,2902,326952,10,335922
47066,0.087285,172.31.36.0-255,66,327018,10,335922
47067,0.087319,172.217.194.0-255,2902,329920,10,335922
47068,0.087322,172.31.36.0-255,66,329986,10,335922
47069,0.089594,172.217.194.0-255,2902,332888,10,335922
47070,0.089602,172.31.36.0-255,66,332954,10,335922
47071,0.089637,172.217.194.0-255,2902,335856,10,335922
47072,0.08964,172.31.36.0-255,66,335922,10,335922
47073,0.0,74.125.130.0-255,146,146,10,264102
47074,3e-05,172.31.36.0-255,66,212,10,264102
47075,3.6e-05,74.125.130.0-255,1484,1696,10,264102
47076,4.1e-05,172.31.36.0-255,66,1762,10,264102
47077,4.6e-05,74.125.130.0-255,2902,4664,10,264102
47078,5.6e-05,172.31.36.0-255,66,4730,10,264102
47079,6.3e-05,74.125.130.0-255,5738,10468,10,264102
47080,6.5e-05,172.31.36.0-255,66,10534,10,264102
47081,0.000107,74.125.130.0-255,3396,13930,10,264102
47082,0.00011,172.31.36.0-255,66,13996,10,264102
47083,0.000114,74.125.130.0-255,1484,15480,10,264102
47084,0.000116,172.31.36.0-255,66,15546,10,264102
47085,0.000156,74.125.130.0-255,2902,18448,10,264102
47086,0.000159,172.31.36.0-255,66,18514,10,264102
47087,0.000164,74.125.130.0-255,2902,21416,10,264102
47088,0.000165,172.31.36.0-255,66,21482,10,264102
47089,0.000171,74.125.130.0-255,4320,25802,10,264102
47090,0.000173,172.31.36.0-255,66,25868,10,264102
47091,0.00021,74.125.130.0-255,5379,31247,10,264102
47092,0.000214,172.31.36.0-255,66,31313,10,264102
47093,0.000342,74.125.130.0-255,1484,32797,10,264102
47094,0.000347,172.31.36.0-255,66,32863,10,264102
47095,0.000352,74.125.130.0-255,2902,35765,10,264102
47096,0.000355,172.31.36.0-255,66,35831,10,264102
47097,0.000394,74.125.130.0-255,5738,41569,10,264102
47098,0.000397,172.31.36.0-255,66,41635,10,264102
47099,0.000407,172.31.36.0-255,66,41701,10,264102
47100,0.000414,74.125.130.0-255,5738,47439,10,264102
47101,0.000424,172.31.36.0-255,66,47505,10,264102
47102,0.00045,74.125.130.0-255,2902,50407,10,264102
47103,0.000454,74.125.130.0-255,1484,51891,10,264102
47104,0.000462,172.31.36.0-255,66,51957,10,264102
47105,0.000467,172.31.36.0-255,66,52023,10,264102
47106,0.000494,74.125.130.0-255,5379,57402,10,264102
47107,0.000498,172.31.36.0-255,66,57468,10,264102
47108,0.000686,74.125.130.0-255,647,58115,10,264102
47109,0.000691,172.31.36.0-255,66,58181,10,264102
47110,0.000867,74.125.130.0-255,1484,59665,10,264102
47111,0.000872,172.31.36.0-255,66,59731,10,264102
47112,0.000877,74.125.130.0-255,2902,62633,10,264102
47113,0.000879,172.31.36.0-255,66,62699,10,264102
47114,0.000882,74.125.130.0-255,1484,64183,10,264102
47115,0.000911,74.125.130.0-255,1484,65667,10,264102
47116,0.000915,172.31.36.0-255,66,65733,10,264102
47117,0.000923,74.125.130.0-255,4320,70053,10,264102
47118,0.000926,172.31.36.0-255,66,70119,10,264102
47119,0.000936,172.31.36.0-255,66,70185,10,264102
47120,0.000985,172.31.36.0-255,66,70251,10,264102
47121,0.001027,74.125.130.0-255,1484,71735,10,264102
47122,0.001032,74.125.130.0-255,2902,74637,10,264102
47123,0.001035,172.31.36.0-255,66,74703,10,264102
47124,0.00104,74.125.130.0-255,2902,77605,10,264102
47125,0.001042,172.31.36.0-255,66,77671,10,264102
47126,0.00107,74.125.130.0-255,4320,81991,10,264102
47127,0.001073,172.31.36.0-255,66,82057,10,264102
47128,0.001084,172.31.36.0-255,66,82123,10,264102
47129,0.001124,74.125.130.0-255,766,82889,10,264102
47130,0.001126,172.31.36.0-255,66,82955,10,264102
47131,0.001225,74.125.130.0-255,1484,84439,10,264102
47132,0.001229,172.31.36.0-255,66,84505,10,264102
47133,0.001233,74.125.130.0-255,1484,85989,10,264102
47134,0.001262,74.125.130.0-255,1484,87473,10,264102
47135,0.001265,172.31.36.0-255,66,87539,10,264102
47136,0.00127,74.125.130.0-255,4320,91859,10,264102
47137,0.001272,172.31.36.0-255,66,91925,10,264102
47138,0.001281,74.125.130.0-255,5738,97663,10,264102
47139,0.001284,172.31.36.0-255,66,97729,10,264102
47140,0.001295,172.31.36.0-255,66,97795,10,264102
47141,0.0013,74.125.130.0-255,4320,102115,10,264102
47142,0.001306,172.31.36.0-255,66,102181,10,264102
47143,0.001329,74.125.130.0-255,2902,105083,10,264102
47144,0.001331,172.31.36.0-255,66,105149,10,264102
47145,0.001334,74.125.130.0-255,766,105915,10,264102
47146,0.001423,74.125.130.0-255,1484,107399,10,264102
47147,0.001426,172.31.36.0-255,66,107465,10,264102
47148,0.001432,74.125.130.0-255,2902,110367,10,264102
47149,0.001433,172.31.36.0-255,66,110433,10,264102
47150,0.001437,74.125.130.0-255,2902,113335,10,264102
47151,0.001439,172.31.36.0-255,66,113401,10,264102
47152,0.001477,74.125.130.0-255,2902,116303,10,264102
47153,0.001479,172.31.36.0-255,66,116369,10,264102
47154,0.001488,74.125.130.0-255,7156,123525,10,264102
47155,0.00149,172.31.36.0-255,66,123591,10,264102
47156,0.00151,172.31.36.0-255,66,123657,10,264102
47157,0.001514,74.125.130.0-255,2184,125841,10,264102
47158,0.001519,172.31.36.0-255,66,125907,10,264102
47159,0.001565,172.31.36.0-255,66,125973,10,264102
47160,0.001571,74.125.130.0-255,4320,130293,10,264102
47161,0.001575,172.31.36.0-255,66,130359,10,264102
47162,0.001619,74.125.130.0-255,5738,136097,10,264102
47163,0.001622,172.31.36.0-255,66,136163,10,264102
47164,0.001628,74.125.130.0-255,5020,141183,10,264102
47165,0.001631,172.31.36.0-255,66,141249,10,264102
47166,0.001675,74.125.130.0-255,1484,142733,10,264102
47167,0.00168,74.125.130.0-255,2902,145635,10,264102
47168,0.001682,172.31.36.0-255,66,145701,10,264102
47169,0.001689,74.125.130.0-255,5738,151439,10,264102
47170,0.001691,172.31.36.0-255,66,151505,10,264102
47171,0.001695,74.125.130.0-255,2902,154407,10,264102
47172,0.001699,172.31.36.0-255,66,154473,10,264102
47173,0.001749,172.31.36.0-255,66,154539,10,264102
47174,0.001762,172.31.36.0-255,66,154605,10,264102
47175,0.00197,74.125.130.0-255,1484,156089,10,264102
47176,0.001977,74.125.130.0-255,2902,158991,10,264102
47177,0.001981,172.31.36.0-255,66,159057,10,264102
47178,0.001987,74.125.130.0-255,5738,164795,10,264102
47179,0.00199,172.31.36.0-255,66,164861,10,264102
47180,0.001999,74.125.130.0-255,1484,166345,10,264102
47181,0.002028,74.125.130.0-255,5738,172083,10,264102
47182,0.002032,172.31.36.0-255,66,172149,10,264102
47183,0.002042,172.31.36.0-255,66,172215,10,264102
47184,0.002115,172.31.36.0-255,66,172281,10,264102
47185,0.002144,74.125.130.0-255,7156,179437,10,264102
47186,0.002149,172.31.36.0-255,66,179503,10,264102
47187,0.002189,74.125.130.0-255,5738,185241,10,264102
47188,0.002194,74.125.130.0-255,766,186007,10,264102
47189,0.002197,74.125.130.0-255,1484,187491,10,264102
47190,0.002201,74.125.130.0-255,4320,191811,10,264102
47191,0.002206,74.125.130.0-255,4320,196131,10,264102
47192,0.002208,74.125.130.0-255,1484,197615,10,264102
47193,0.00221,172.31.36.0-255,66,197681,10,264102
47194,0.002241,74.125.130.0-255,4320,202001,10,264102
47195,0.002248,74.125.130.0-255,5738,207739,10,264102
47196,0.002252,172.31.36.0-255,66,207805,10,264102
47197,0.002258,172.31.36.0-255,66,207871,10,264102
47198,0.002284,74.125.130.0-255,5738,213609,10,264102
47199,0.002287,74.125.130.0-255,1484,215093,10,264102
47200,0.00229,74.125.130.0-255,1484,216577,10,264102
47201,0.002292,74.125.130.0-255,1484,218061,10,264102
47202,0.002295,74.125.130.0-255,2184,220245,10,264102
47203,0.002303,172.31.36.0-255,66,220311,10,264102
47204,0.002318,74.125.130.0-255,1484,221795,10,264102
47205,0.002322,74.125.130.0-255,1484,223279,10,264102
47206,0.002332,172.31.36.0-255,66,223345,10,264102
47207,0.002351,74.125.130.0-255,1484,224829,10,264102
47208,0.002358,74.125.130.0-255,5738,230567,10,264102
47209,0.002362,74.125.130.0-255,4320,234887,10,264102
47210,0.002363,172.31.36.0-255,66,234953,10,264102
47211,0.002377,172.31.36.0-255,66,235019,10,264102
47212,0.002402,74.125.130.0-255,5738,240757,10,264102
47213,0.002404,74.125.130.0-255,1484,242241,10,264102
47214,0.002409,74.125.130.0-255,5738,247979,10,264102
47215,0.002419,172.31.36.0-255,66,248045,10,264102
47216,0.002439,74.125.130.0-255,2902,250947,10,264102
47217,0.002443,74.125.130.0-255,1484,252431,10,264102
47218,0.002447,172.31.36.0-255,66,252497,10,264102
47219,0.002491,74.125.130.0-255,2902,255399,10,264102
47220,0.002493,74.125.130.0-255,905,256304,10,264102
47221,0.002494,172.31.36.0-255,66,256370,10,264102
47222,0.002495,74.125.130.0-255,97,256467,10,264102
47223,0.0025,172.31.36.0-255,66,256533,10,264102
47224,0.002541,74.125.130.0-255,105,256638,10,264102
47225,0.007385,172.31.36.0-255,66,256704,10,264102
47226,0.007413,172.31.36.0-255,105,256809,10,264102
47227,0.009612,74.125.130.0-255,66,256875,10,264102
47228,0.03797,172.31.36.0-255,172,257047,10,264102
47229,0.038002,172.31.36.0-255,1112,258159,10,264102
47230,0.038049,172.31.36.0-255,1514,259673,10,264102
47231,0.038102,172.31.36.0-255,1514,261187,10,264102
47232,0.038107,172.31.36.0-255,1514,262701,10,264102
47233,0.038122,172.31.36.0-255,1071,263772,10,264102
47234,0.039498,104.244.42.0-255,66,263838,10,264102
47235,0.039539,104.244.42.0-255,66,263904,10,264102
47236,0.039622,104.244.42.0-255,66,263970,10,264102
47237,0.039624,104.244.42.0-255,66,264036,10,264102
47238,0.039626,104.244.42.0-255,66,264102,10,264102
47239,0.0,74.125.200.0-255,152,152,10,229838
47240,1.9e-05,172.31.36.0-255,66,218,10,229838
47241,2.7e-05,74.125.200.0-255,1484,1702,10,229838
47242,3.1e-05,172.31.36.0-255,66,1768,10,229838
47243,3.7e-05,74.125.200.0-255,2902,4670,10,229838
47244,4.9e-05,172.31.36.0-255,66,4736,10,229838
47245,5.5e-05,74.125.200.0-255,5738,10474,10,229838
47246,5.9e-05,172.31.36.0-255,66,10540,10,229838
47247,6.4e-05,74.125.200.0-255,3459,13999,10,229838
47248,6.7e-05,172.31.36.0-255,66,14065,10,229838
47249,7.3e-05,74.125.200.0-255,4320,18385,10,229838
47250,7.6e-05,172.31.36.0-255,66,18451,10,229838
47251,0.000104,74.125.200.0-255,5738,24189,10,229838
47252,0.000107,172.31.36.0-255,66,24255,10,229838
47253,0.000115,74.125.200.0-255,5738,29993,10,229838
47254,0.000117,172.31.36.0-255,66,30059,10,229838
47255,0.000138,74.125.200.0-255,1125,31184,10,229838
47256,0.000141,172.31.36.0-255,66,31250,10,229838
47257,0.000195,74.125.200.0-255,1484,32734,10,229838
47258,0.000198,172.31.36.0-255,66,32800,10,229838
47259,0.000203,74.125.200.0-255,2902,35702,10,229838
47260,0.000206,172.31.36.0-255,66,35768,10,229838
47261,0.000232,74.125.200.0-255,5738,41506,10,229838
47262,0.000235,172.31.36.0-255,66,41572,10,229838
47263,0.000268,172.31.36.0-255,66,41638,10,229838
47264,0.000285,74.125.200.0-255,1484,43122,10,229838
47265,0.000291,172.31.36.0-255,66,43188,10,229838
47266,0.000306,172.31.36.0-255,66,43254,10,229838
47267,0.000309,74.125.200.0-255,360,43614,10,229838
47268,0.00031,172.31.36.0-255,66,43680,10,229838
47269,0.000341,74.125.200.0-255,130,43810,10,229838
47270,0.000514,74.125.200.0-255,1484,45294,10,229838
47271,0.000519,172.31.36.0-255,66,45360,10,229838
47272,0.000526,74.125.200.0-255,2902,48262,10,229838
47273,0.000528,172.31.36.0-255,66,48328,10,229838
47274,0.000535,74.125.200.0-255,5738,54066,10,229838
47275,0.000543,172.31.36.0-255,66,54132,10,229838
47276,0.000559,172.31.36.0-255,66,54198,10,229838
47277,0.000633,172.31.36.0-255,66,54264,10,229838
47278,0.000637,74.125.200.0-255,2184,56448,10,229838
47279,0.000639,172.31.36.0-255,66,56514,10,229838
47280,0.000725,74.125.200.0-255,1484,57998,10,229838
47281,0.00073,74.125.200.0-255,2902,60900,10,229838
47282,0.000733,172.31.36.0-255,66,60966,10,229838
47283,0.000739,74.125.200.0-255,2902,63868,10,229838
47284,0.000742,172.31.36.0-255,66,63934,10,229838
47285,0.000766,74.125.200.0-255,2902,66836,10,229838
47286,0.000768,172.31.36.0-255,66,66902,10,229838
47287,0.000776,74.125.200.0-255,1484,68386,10,229838
47288,0.00078,74.125.200.0-255,2902,71288,10,229838
47289,0.000782,172.31.36.0-255,66,71354,10,229838
47290,0.000785,74.125.200.0-255,1484,72838,10,229838
47291,0.000816,74.125.200.0-255,4320,77158,10,229838
47292,0.000819,172.31.36.0-255,66,77224,10,229838
47293,0.000859,74.125.200.0-255,4320,81544,10,229838
47294,0.000863,172.31.36.0-255,66,81610,10,229838
47295,0.000876,74.125.200.0-255,1484,83094,10,229838
47296,0.000888,74.125.200.0-255,7156,90250,10,229838
47297,0.000891,172.31.36.0-255,66,90316,10,229838
47298,0.000894,74.125.200.0-255,766,91082,10,229838
47299,0.001028,74.125.200.0-255,1484,92566,10,229838
47300,0.001033,172.31.36.0-255,66,92632,10,229838
47301,0.00106,74.125.200.0-255,2902,95534,10,229838
47302,0.001062,172.31.36.0-255,66,95600,10,229838
47303,0.001067,74.125.200.0-255,2902,98502,10,229838
47304,0.001069,172.31.36.0-255,66,98568,10,229838
47305,0.00108,74.125.200.0-255,4320,102888,10,229838
47306,0.001082,172.31.36.0-255,66,102954,10,229838
47307,0.001134,172.31.36.0-255,66,103020,10,229838
47308,0.001142,172.31.36.0-255,66,103086,10,229838
47309,0.001169,74.125.200.0-255,5020,108106,10,229838
47310,0.001171,172.31.36.0-255,66,108172,10,229838
47311,0.001207,74.125.200.0-255,1484,109656,10,229838
47312,0.001222,74.125.200.0-255,2902,112558,10,229838
47313,0.001225,172.31.36.0-255,66,112624,10,229838
47314,0.001256,74.125.200.0-255,5738,118362,10,229838
47315,0.00126,172.31.36.0-255,66,118428,10,229838
47316,0.001264,74.125.200.0-255,2902,121330,10,229838
47317,0.001266,172.31.36.0-255,66,121396,10,229838
47318,0.001301,74.125.200.0-255,5738,127134,10,229838
47319,0.001305,172.31.36.0-255,66,127200,10,229838
47320,0.001317,172.31.36.0-255,66,127266,10,229838
47321,0.001328,74.125.200.0-255,5020,132286,10,229838
47322,0.001331,172.31.36.0-255,66,132352,10,229838
47323,0.001338,74.125.200.0-255,5738,138090,10,229838
47324,0.001342,172.31.36.0-255,66,138156,10,229838
47325,0.001388,74.125.200.0-255,5738,143894,10,229838
47326,0.001407,172.31.36.0-255,66,143960,10,229838
47327,0.00144,74.125.200.0-255,5738,149698,10,229838
47328,0.001452,172.31.36.0-255,66,149764,10,229838
47329,0.001521,74.125.200.0-255,4320,154084,10,229838
47330,0.001526,74.125.200.0-255,5738,159822,10,229838
47331,0.001532,74.125.200.0-255,4320,164142,10,229838
47332,0.001535,172.31.36.0-255,66,164208,10,229838
47333,0.00159,74.125.200.0-255,7156,171364,10,229838
47334,0.001597,172.31.36.0-255,66,171430,10,229838
47335,0.001621,74.125.200.0-255,5020,176450,10,229838
47336,0.001642,74.125.200.0-255,6438,182888,10,229838
47337,0.00165,74.125.200.0-255,7156,190044,10,229838
47338,0.001681,74.125.200.0-255,2902,192946,10,229838
47339,0.001693,172.31.36.0-255,66,193012,10,229838
47340,0.001719,74.125.200.0-255,5738,198750,10,229838
47341,0.001731,172.31.36.0-255,66,198816,10,229838
47342,0.001761,74.125.200.0-255,1484,200300,10,229838
47343,0.001768,74.125.200.0-255,5738,206038,10,229838
47344,0.00178,172.31.36.0-255,66,206104,10,229838
47345,0.001815,74.125.200.0-255,5738,211842,10,229838
47346,0.001844,74.125.200.0-255,4320,216162,10,229838
47347,0.001856,74.125.200.0-255,1484,217646,10,229838
47348,0.001861,172.31.36.0-255,66,217712,10,229838
47349,0.001893,74.125.200.0-255,5738,223450,10,229838
47350,0.0019,172.31.36.0-255,66,223516,10,229838
47351,0.001927,74.125.200.0-255,1627,225143,10,229838
47352,0.001934,172.31.36.0-255,66,225209,10,229838
47353,0.00196,74.125.200.0-255,105,225314,10,229838
47354,0.004854,172.31.36.0-255,66,225380,10,229838
47355,0.004893,172.31.36.0-255,105,225485,10,229838
47356,0.007355,74.125.200.0-255,66,225551,10,229838
47357,0.031815,172.31.36.0-255,172,225723,10,229838
47358,0.031865,172.31.36.0-255,1111,226834,10,229838
47359,0.031927,172.31.36.0-255,1514,228348,10,229838
47360,0.031928,172.31.36.0-255,1292,229640,10,229838
47361,0.033352,104.244.42.0-255,66,229706,10,229838
47362,0.0334,104.244.42.0-255,66,229772,10,229838
47363,0.033494,104.244.42.0-255,66,229838,10,229838
47364,0.0,172.217.194.0-255,66,66,10,66
47365,0.0,74.125.24.0-255,153,153,10,361096
47366,1.2e-05,172.31.36.0-255,66,219,10,361096
47367,3.5e-05,74.125.24.0-255,1484,1703,10,361096
47368,3.9e-05,172.31.36.0-255,66,1769,10,361096
47369,4.6e-05,74.125.24.0-255,2902,4671,10,361096
47370,5.1e-05,172.31.36.0-255,66,4737,10,361096
47371,5.8e-05,74.125.24.0-255,7156,11893,10,361096
47372,6.1e-05,172.31.36.0-255,66,11959,10,361096
47373,7.9e-05,74.125.24.0-255,2078,14037,10,361096
47374,8.2e-05,172.31.36.0-255,66,14103,10,361096
47375,0.000127,74.125.24.0-255,2902,17005,10,361096
47376,0.000131,172.31.36.0-255,66,17071,10,361096
47377,0.000154,74.125.24.0-255,4320,21391,10,361096
47378,0.000157,172.31.36.0-255,66,21457,10,361096
47379,0.000161,74.125.24.0-255,1484,22941,10,361096
47380,0.000162,172.31.36.0-255,66,23007,10,361096
47381,0.000185,74.125.24.0-255,7156,30163,10,361096
47382,0.000188,172.31.36.0-255,66,30229,10,361096
47383,0.000191,74.125.24.0-255,1125,31354,10,361096
47384,0.000193,172.31.36.0-255,66,31420,10,361096
47385,0.000401,74.125.24.0-255,1484,32904,10,361096
47386,0.000406,172.31.36.0-255,66,32970,10,361096
47387,0.000412,74.125.24.0-255,2902,35872,10,361096
47388,0.000415,172.31.36.0-255,66,35938,10,361096
47389,0.000421,74.125.24.0-255,5738,41676,10,361096
47390,0.000424,172.31.36.0-255,66,41742,10,361096
47391,0.000439,74.125.24.0-255,1484,43226,10,361096
47392,0.000441,172.31.36.0-255,66,43292,10,361096
47393,0.000458,74.125.24.0-255,5379,48671,10,361096
47394,0.000462,172.31.36.0-255,66,48737,10,361096
47395,0.000488,74.125.24.0-255,2902,51639,10,361096
47396,0.00049,172.31.36.0-255,66,51705,10,361096
47397,0.000496,74.125.24.0-255,4320,56025,10,361096
47398,0.000499,172.31.36.0-255,66,56091,10,361096
47399,0.000526,74.125.24.0-255,7156,63247,10,361096
47400,0.000529,172.31.36.0-255,66,63313,10,361096
47401,0.000542,74.125.24.0-255,1484,64797,10,361096
47402,0.000546,74.125.24.0-255,1125,65922,10,361096
47403,0.000548,172.31.36.0-255,66,65988,10,361096
47404,0.000795,74.125.24.0-255,393,66381,10,361096
47405,0.001038,172.31.36.0-255,66,66447,10,361096
47406,0.001084,74.125.24.0-255,1484,67931,10,361096
47407,0.001105,74.125.24.0-255,2902,70833,10,361096
47408,0.001123,172.31.36.0-255,66,70899,10,361096
47409,0.001128,74.125.24.0-255,1484,72383,10,361096
47410,0.001134,74.125.24.0-255,5738,78121,10,361096
47411,0.001136,172.31.36.0-255,66,78187,10,361096
47412,0.001141,74.125.24.0-255,2902,81089,10,361096
47413,0.001143,172.31.36.0-255,66,81155,10,361096
47414,0.001169,172.31.36.0-255,66,81221,10,361096
47415,0.001177,74.125.24.0-255,7156,88377,10,361096
47416,0.001179,172.31.36.0-255,66,88443,10,361096
47417,0.001219,74.125.24.0-255,2467,90910,10,361096
47418,0.001222,172.31.36.0-255,66,90976,10,361096
47419,0.001707,74.125.24.0-255,1484,92460,10,361096
47420,0.001718,74.125.24.0-255,2902,95362,10,361096
47421,0.001722,172.31.36.0-255,66,95428,10,361096
47422,0.00173,74.125.24.0-255,5738,101166,10,361096
47423,0.001733,172.31.36.0-255,66,101232,10,361096
47424,0.001738,74.125.24.0-255,2902,104134,10,361096
47425,0.00174,172.31.36.0-255,66,104200,10,361096
47426,0.001766,74.125.24.0-255,2902,107102,10,361096
47427,0.001769,172.31.36.0-255,66,107168,10,361096
47428,0.001805,172.31.36.0-255,66,107234,10,361096
47429,0.001826,74.125.24.0-255,2902,110136,10,361096
47430,0.001829,172.31.36.0-255,66,110202,10,361096
47431,0.001835,74.125.24.0-255,5020,115222,10,361096
47432,0.001837,172.31.36.0-255,66,115288,10,361096
47433,0.001931,74.125.24.0-255,1484,116772,10,361096
47434,0.001938,74.125.24.0-255,2902,119674,10,361096
47435,0.001941,172.31.36.0-255,66,119740,10,361096
47436,0.001948,74.125.24.0-255,5738,125478,10,361096
47437,0.001951,172.31.36.0-255,66,125544,10,361096
47438,0.00197,74.125.24.0-255,4320,129864,10,361096
47439,0.001973,172.31.36.0-255,66,129930,10,361096
47440,0.002004,172.31.36.0-255,66,129996,10,361096
47441,0.002018,172.31.36.0-255,66,130062,10,361096
47442,0.002092,74.125.24.0-255,1484,131546,10,361096
47443,0.00211,74.125.24.0-255,2902,134448,10,361096
47444,0.002114,172.31.36.0-255,66,134514,10,361096
47445,0.002121,74.125.24.0-255,5738,140252,10,361096
47446,0.002123,172.31.36.0-255,66,140318,10,361096
47447,0.002135,74.125.24.0-255,1484,141802,10,361096
47448,0.002165,172.31.36.0-255,66,141868,10,361096
47449,0.002178,172.31.36.0-255,66,141934,10,361096
47450,0.004507,74.125.24.0-255,5738,147672,10,361096
47451,0.004513,172.31.36.0-255,66,147738,10,361096
47452,0.006846,74.125.24.0-255,2902,150640,10,361096
47453,0.00685,172.31.36.0-255,66,150706,10,361096
47454,0.006868,74.125.24.0-255,2902,153608,10,361096
47455,0.006871,172.31.36.0-255,66,153674,10,361096
47456,0.009195,74.125.24.0-255,5738,159412,10,361096
47457,0.009203,172.31.36.0-255,66,159478,10,361096
47458,0.011545,74.125.24.0-255,5738,165216,10,361096
47459,0.011554,172.31.36.0-255,66,165282,10,361096
47460,0.013904,74.125.24.0-255,5738,171020,10,361096
47461,0.013912,172.31.36.0-255,66,171086,10,361096
47462,0.016231,74.125.24.0-255,5738,176824,10,361096
47463,0.016243,172.31.36.0-255,66,176890,10,361096
47464,0.018587,74.125.24.0-255,5738,182628,10,361096
47465,0.018596,172.31.36.0-255,66,182694,10,361096
47466,0.02095,74.125.24.0-255,5738,188432,10,361096
47467,0.020958,172.31.36.0-255,66,188498,10,361096
47468,0.023294,74.125.24.0-255,5738,194236,10,361096
47469,0.023303,172.31.36.0-255,66,194302,10,361096
47470,0.02566,74.125.24.0-255,5738,200040,10,361096
47471,0.025672,172.31.36.0-255,66,200106,10,361096
47472,0.028016,74.125.24.0-255,5738,205844,10,361096
47473,0.028025,172.31.36.0-255,66,205910,10,361096
47474,0.029267,172.31.36.0-255,167,206077,10,361096
47475,0.029296,172.31.36.0-255,1112,207189,10,361096
47476,0.029354,172.31.36.0-255,1514,208703,10,361096
47477,0.029356,172.31.36.0-255,1291,209994,10,361096
47478,0.030374,74.125.24.0-255,5738,215732,10,361096
47479,0.030382,172.31.36.0-255,66,215798,10,361096
47480,0.030823,104.244.42.0-255,66,215864,10,361096
47481,0.030853,104.244.42.0-255,66,215930,10,361096
47482,0.030906,104.244.42.0-255,66,215996,10,361096
47483,0.03272,74.125.24.0-255,5738,221734,10,361096
47484,0.032725,172.31.36.0-255,66,221800,10,361096
47485,0.035049,74.125.24.0-255,5738,227538,10,361096
47486,0.035056,172.31.36.0-255,66,227604,10,361096
47487,0.037388,74.125.24.0-255,5738,233342,10,361096
47488,0.037396,172.31.36.0-255,66,233408,10,361096
47489,0.039729,74.125.24.0-255,5738,239146,10,361096
47490,0.039739,172.31.36.0-255,66,239212,10,361096
47491,0.042081,74.125.24.0-255,5738,244950,10,361096
47492,0.042089,172.31.36.0-255,66,245016,10,361096
47493,0.044464,74.125.24.0-255,5738,250754,10,361096
47494,0.044471,172.31.36.0-255,66,250820,10,361096
47495,0.046805,74.125.24.0-255,5738,256558,10,361096
47496,0.046812,172.31.36.0-255,66,256624,10,361096
47497,0.049158,74.125.24.0-255,5738,262362,10,361096
47498,0.049166,172.31.36.0-255,66,262428,10,361096
47499,0.051497,74.125.24.0-255,5738,268166,10,361096
47500,0.051503,172.31.36.0-255,66,268232,10,361096
47501,0.053847,74.125.24.0-255,5738,273970,10,361096
47502,0.053854,172.31.36.0-255,66,274036,10,361096
47503,0.056199,74.125.24.0-255,5738,279774,10,361096
47504,0.056207,172.31.36.0-255,66,279840,10,361096
47505,0.058559,74.125.24.0-255,5738,285578,10,361096
47506,0.058567,172.31.36.0-255,66,285644,10,361096
47507,0.060929,74.125.24.0-255,5738,291382,10,361096
47508,0.060936,172.31.36.0-255,66,291448,10,361096
47509,0.063287,74.125.24.0-255,5738,297186,10,361096
47510,0.063294,172.31.36.0-255,66,297252,10,361096
47511,0.065648,74.125.24.0-255,5738,302990,10,361096
47512,0.065656,172.31.36.0-255,66,303056,10,361096
47513,0.067991,74.125.24.0-255,5738,308794,10,361096
47514,0.067998,172.31.36.0-255,66,308860,10,361096
47515,0.07033,74.125.24.0-255,5738,314598,10,361096
47516,0.070337,172.31.36.0-255,66,314664,10,361096
47517,0.072681,74.125.24.0-255,5738,320402,10,361096
47518,0.072688,172.31.36.0-255,66,320468,10,361096
47519,0.075021,74.125.24.0-255,5738,326206,10,361096
47520,0.075029,172.31.36.0-255,66,326272,10,361096
47521,0.077384,74.125.24.0-255,5738,332010,10,361096
47522,0.077392,172.31.36.0-255,66,332076,10,361096
47523,0.079747,74.125.24.0-255,5738,337814,10,361096
47524,0.079754,172.31.36.0-255,66,337880,10,361096
47525,0.082089,74.125.24.0-255,5738,343618,10,361096
47526,0.082096,172.31.36.0-255,66,343684,10,361096
47527,0.084436,74.125.24.0-255,5738,349422,10,361096
47528,0.084443,172.31.36.0-255,66,349488,10,361096
47529,0.086785,74.125.24.0-255,5738,355226,10,361096
47530,0.086791,172.31.36.0-255,66,355292,10,361096
47531,0.089154,74.125.24.0-255,5738,361030,10,361096
47532,0.089161,172.31.36.0-255,66,361096,10,361096
47533,0.0,74.125.68.0-255,145,145,10,211608
47534,1.6e-05,172.31.36.0-255,66,211,10,211608
47535,2.2e-05,74.125.68.0-255,1484,1695,10,211608
47536,2.7e-05,172.31.36.0-255,66,1761,10,211608
47537,3.9e-05,74.125.68.0-255,2902,4663,10,211608
47538,4.2e-05,172.31.36.0-255,66,4729,10,211608
47539,4.7e-05,74.125.68.0-255,4320,9049,10,211608
47540,5e-05,172.31.36.0-255,66,9115,10,211608
47541,0.000104,74.125.68.0-255,1484,10599,10,211608
47542,0.000107,172.31.36.0-255,66,10665,10,211608
47543,0.000131,172.31.36.0-255,66,10731,10,211608
47544,0.000253,74.125.68.0-255,2902,13633,10,211608
47545,0.000257,172.31.36.0-255,66,13699,10,211608
47546,0.000282,74.125.68.0-255,1484,15183,10,211608
47547,0.000285,172.31.36.0-255,66,15249,10,211608
47548,0.000326,74.125.68.0-255,7156,22405,10,211608
47549,0.000329,172.31.36.0-255,66,22471,10,211608
47550,0.000355,74.125.68.0-255,5379,27850,10,211608
47551,0.000357,172.31.36.0-255,66,27916,10,211608
47552,0.000511,74.125.68.0-255,7156,35072,10,211608
47553,0.000516,172.31.36.0-255,66,35138,10,211608
47554,0.00055,172.31.36.0-255,66,35204,10,211608
47555,0.0008,74.125.68.0-255,4320,39524,10,211608
47556,0.000804,172.31.36.0-255,66,39590,10,211608
47557,0.000821,74.125.68.0-255,6438,46028,10,211608
47558,0.000824,172.31.36.0-255,66,46094,10,211608
47559,0.000948,74.125.68.0-255,444,46538,10,211608
47560,0.000952,172.31.36.0-255,66,46604,10,211608
47561,0.000984,74.125.68.0-255,7156,53760,10,211608
47562,0.000987,172.31.36.0-255,66,53826,10,211608
47563,0.00106,172.31.36.0-255,66,53892,10,211608
47564,0.001126,172.31.36.0-255,101,53993,10,211608
47565,0.001469,74.125.68.0-255,766,54759,10,211608
47566,0.001502,74.125.68.0-255,4320,59079,10,211608
47567,0.001508,172.31.36.0-255,66,59145,10,211608
47568,0.002042,74.125.68.0-255,7156,66301,10,211608
47569,0.002363,74.125.68.0-255,5020,71321,10,211608
47570,0.003093,74.125.68.0-255,5738,77059,10,211608
47571,0.00363,74.125.68.0-255,2902,79961,10,211608
47572,0.004154,172.31.36.0-255,66,80027,10,211608
47573,0.00448,74.125.68.0-255,66,80093,10,211608
47574,0.006401,74.125.68.0-255,5738,85831,10,211608
47575,0.006408,172.31.36.0-255,66,85897,10,211608
47576,0.008666,74.125.68.0-255,5738,91635,10,211608
47577,0.008672,172.31.36.0-255,66,91701,10,211608
47578,0.010929,74.125.68.0-255,5738,97439,10,211608
47579,0.010937,172.31.36.0-255,66,97505,10,211608
47580,0.013183,74.125.68.0-255,5738,103243,10,211608
47581,0.013191,172.31.36.0-255,66,103309,10,211608
47582,0.015426,74.125.68.0-255,5738,109047,10,211608
47583,0.01741,172.31.36.0-255,66,109113,10,211608
47584,0.019661,74.125.68.0-255,5738,114851,10,211608
47585,0.019671,172.31.36.0-255,66,114917,10,211608
47586,0.021924,74.125.68.0-255,5738,120655,10,211608
47587,0.02193,172.31.36.0-255,66,120721,10,211608
47588,0.024181,74.125.68.0-255,5738,126459,10,211608
47589,0.024189,172.31.36.0-255,66,126525,10,211608
47590,0.026423,74.125.68.0-255,5738,132263,10,211608
47591,0.026429,172.31.36.0-255,66,132329,10,211608
47592,0.028673,74.125.68.0-255,5738,138067,10,211608
47593,0.02868,172.31.36.0-255,66,138133,10,211608
47594,0.030923,74.125.68.0-255,5738,143871,10,211608
47595,0.030931,172.31.36.0-255,66,143937,10,211608
47596,0.033183,74.125.68.0-255,5738,149675,10,211608
47597,0.03319,172.31.36.0-255,66,149741,10,211608
47598,0.034317,172.31.36.0-255,188,149929,10,211608
47599,0.034348,172.31.36.0-255,956,150885,10,211608
47600,0.034421,172.31.36.0-255,1514,152399,10,211608
47601,0.034423,172.31.36.0-255,1514,153913,10,211608
47602,0.034424,172.31.36.0-255,1514,155427,10,211608
47603,0.034425,172.31.36.0-255,1227,156654,10,211608
47604,0.03544,74.125.68.0-255,5738,162392,10,211608
47605,0.035447,172.31.36.0-255,66,162458,10,211608
47606,0.035878,104.244.42.0-255,66,162524,10,211608
47607,0.036058,104.244.42.0-255,66,162590,10,211608
47608,0.036101,104.244.42.0-255,66,162656,10,211608
47609,0.036106,104.244.42.0-255,66,162722,10,211608
47610,0.037683,74.125.68.0-255,4320,167042,10,211608
47611,0.037689,172.31.36.0-255,66,167108,10,211608
47612,0.037717,74.125.68.0-255,1484,168592,10,211608
47613,0.039928,74.125.68.0-255,4320,172912,10,211608
47614,0.039936,172.31.36.0-255,66,172978,10,211608
47615,0.042184,74.125.68.0-255,5738,178716,10,211608
47616,0.042255,172.31.36.0-255,66,178782,10,211608
47617,0.044507,74.125.68.0-255,5738,184520,10,211608
47618,0.044516,172.31.36.0-255,66,184586,10,211608
47619,0.04677,74.125.68.0-255,5738,190324,10,211608
47620,0.046777,172.31.36.0-255,66,190390,10,211608
47621,0.04907,74.125.68.0-255,5738,196128,10,211608
47622,0.049077,172.31.36.0-255,66,196194,10,211608
47623,0.051357,74.125.68.0-255,5738,201932,10,211608
47624,0.051364,172.31.36.0-255,66,201998,10,211608
47625,0.053601,74.125.68.0-255,5738,207736,10,211608
47626,0.053607,172.31.36.0-255,66,207802,10,211608
47627,0.055848,74.125.68.0-255,3569,211371,10,211608
47628,0.055854,172.31.36.0-255,66,211437,10,211608
47629,0.05606,172.31.36.0-255,105,211542,10,211608
47630,0.063235,74.125.68.0-255,66,211608,10,211608
47631,0.0,74.125.24.0-255,153,153,10,231977
47632,2.1e-05,172.31.36.0-255,66,219,10,231977
47633,2.9e-05,74.125.24.0-255,1484,1703,10,231977
47634,3.4e-05,172.31.36.0-255,66,1769,10,231977
47635,3.9e-05,74.125.24.0-255,2902,4671,10,231977
47636,4.3e-05,172.31.36.0-255,66,4737,10,231977
47637,4.8e-05,74.125.24.0-255,2902,7639,10,231977
47638,5.1e-05,172.31.36.0-255,66,7705,10,231977
47639,6.3e-05,172.31.36.0-255,66,7771,10,231977
47640,9e-05,74.125.24.0-255,1484,9255,10,231977
47641,9.2e-05,172.31.36.0-255,66,9321,10,231977
47642,0.000127,172.31.36.0-255,66,9387,10,231977
47643,0.000159,74.125.24.0-255,1484,10871,10,231977
47644,0.000161,172.31.36.0-255,66,10937,10,231977
47645,0.000165,74.125.24.0-255,1484,12421,10,231977
47646,0.000167,172.31.36.0-255,66,12487,10,231977
47647,0.000202,172.31.36.0-255,66,12553,10,231977
47648,0.000293,172.31.36.0-255,66,12619,10,231977
47649,0.000322,74.125.24.0-255,1125,13744,10,231977
47650,0.000324,172.31.36.0-255,66,13810,10,231977
47651,0.000428,74.125.24.0-255,647,14457,10,231977
47652,0.000432,172.31.36.0-255,66,14523,10,231977
47653,0.000557,74.125.24.0-255,1484,16007,10,231977
47654,0.000563,172.31.36.0-255,66,16073,10,231977
47655,0.000568,74.125.24.0-255,2902,18975,10,231977
47656,0.000571,172.31.36.0-255,66,19041,10,231977
47657,0.000577,74.125.24.0-255,5738,24779,10,231977
47658,0.00058,172.31.36.0-255,66,24845,10,231977
47659,0.000598,74.125.24.0-255,1484,26329,10,231977
47660,0.000632,172.31.36.0-255,66,26395,10,231977
47661,0.00068,172.31.36.0-255,66,26461,10,231977
47662,0.000701,74.125.24.0-255,2184,28645,10,231977
47663,0.000704,172.31.36.0-255,66,28711,10,231977
47664,0.001234,74.125.24.0-255,1484,30195,10,231977
47665,0.001242,74.125.24.0-255,2902,33097,10,231977
47666,0.001246,172.31.36.0-255,66,33163,10,231977
47667,0.001271,74.125.24.0-255,5738,38901,10,231977
47668,0.001274,172.31.36.0-255,66,38967,10,231977
47669,0.001289,74.125.24.0-255,2902,41869,10,231977
47670,0.001291,172.31.36.0-255,66,41935,10,231977
47671,0.001315,172.31.36.0-255,66,42001,10,231977
47672,0.00135,74.125.24.0-255,4320,46321,10,231977
47673,0.001353,172.31.36.0-255,66,46387,10,231977
47674,0.001367,74.125.24.0-255,1484,47871,10,231977
47675,0.001401,172.31.36.0-255,66,47937,10,231977
47676,0.00144,74.125.24.0-255,4320,52257,10,231977
47677,0.001445,172.31.36.0-255,66,52323,10,231977
47678,0.001477,172.31.36.0-255,66,52389,10,231977
47679,0.001541,74.125.24.0-255,2902,55291,10,231977
47680,0.001544,172.31.36.0-255,66,55357,10,231977
47681,0.001565,74.125.24.0-255,1484,56841,10,231977
47682,0.001571,74.125.24.0-255,5020,61861,10,231977
47683,0.001574,172.31.36.0-255,66,61927,10,231977
47684,0.001735,74.125.24.0-255,1484,63411,10,231977
47685,0.001751,74.125.24.0-255,2902,66313,10,231977
47686,0.001754,74.125.24.0-255,1484,67797,10,231977
47687,0.001758,172.31.36.0-255,66,67863,10,231977
47688,0.001773,74.125.24.0-255,4320,72183,10,231977
47689,0.001776,172.31.36.0-255,66,72249,10,231977
47690,0.001809,74.125.24.0-255,7156,79405,10,231977
47691,0.001812,172.31.36.0-255,66,79471,10,231977
47692,0.001818,74.125.24.0-255,4320,83791,10,231977
47693,0.00182,172.31.36.0-255,66,83857,10,231977
47694,0.001869,74.125.24.0-255,4320,88177,10,231977
47695,0.001872,172.31.36.0-255,66,88243,10,231977
47696,0.001896,172.31.36.0-255,66,88309,10,231977
47697,0.002049,74.125.24.0-255,1484,89793,10,231977
47698,0.002054,74.125.24.0-255,2902,92695,10,231977
47699,0.002063,172.31.36.0-255,66,92761,10,231977
47700,0.002085,74.125.24.0-255,5738,98499,10,231977
47701,0.002087,172.31.36.0-255,66,98565,10,231977
47702,0.002091,74.125.24.0-255,1484,100049,10,231977
47703,0.002101,172.31.36.0-255,66,100115,10,231977
47704,0.002139,74.125.24.0-255,5738,105853,10,231977
47705,0.002143,172.31.36.0-255,66,105919,10,231977
47706,0.00216,74.125.24.0-255,1484,107403,10,231977
47707,0.00218,74.125.24.0-255,5738,113141,10,231977
47708,0.002183,172.31.36.0-255,66,113207,10,231977
47709,0.002217,74.125.24.0-255,4320,117527,10,231977
47710,0.00222,172.31.36.0-255,66,117593,10,231977
47711,0.002233,74.125.24.0-255,3602,121195,10,231977
47712,0.002236,172.31.36.0-255,66,121261,10,231977
47713,0.00225,74.125.24.0-255,2902,124163,10,231977
47714,0.002252,172.31.36.0-255,66,124229,10,231977
47715,0.002295,172.31.36.0-255,66,124295,10,231977
47716,0.002341,74.125.24.0-255,1484,125779,10,231977
47717,0.002371,172.31.36.0-255,66,125845,10,231977
47718,0.002397,74.125.24.0-255,1484,127329,10,231977
47719,0.002401,74.125.24.0-255,2902,130231,10,231977
47720,0.002404,172.31.36.0-255,66,130297,10,231977
47721,0.002422,74.125.24.0-255,2902,133199,10,231977
47722,0.002425,172.31.36.0-255,66,133265,10,231977
47723,0.002443,74.125.24.0-255,7156,140421,10,231977
47724,0.002445,172.31.36.0-255,66,140487,10,231977
47725,0.002457,74.125.24.0-255,1484,141971,10,231977
47726,0.002485,74.125.24.0-255,7156,149127,10,231977
47727,0.002489,172.31.36.0-255,66,149193,10,231977
47728,0.002512,74.125.24.0-255,5738,154931,10,231977
47729,0.002516,172.31.36.0-255,66,154997,10,231977
47730,0.002549,74.125.24.0-255,2902,157899,10,231977
47731,0.002552,172.31.36.0-255,66,157965,10,231977
47732,0.002572,74.125.24.0-255,2184,160149,10,231977
47733,0.002575,172.31.36.0-255,66,160215,10,231977
47734,0.002618,74.125.24.0-255,4320,164535,10,231977
47735,0.002623,172.31.36.0-255,66,164601,10,231977
47736,0.002639,74.125.24.0-255,1484,166085,10,231977
47737,0.002665,74.125.24.0-255,7156,173241,10,231977
47738,0.002668,172.31.36.0-255,66,173307,10,231977
47739,0.00268,74.125.24.0-255,1484,174791,10,231977
47740,0.002706,172.31.36.0-255,66,174857,10,231977
47741,0.002729,74.125.24.0-255,4320,179177,10,231977
47742,0.002732,172.31.36.0-255,66,179243,10,231977
47743,0.002751,74.125.24.0-255,5738,184981,10,231977
47744,0.002755,172.31.36.0-255,66,185047,10,231977
47745,0.00277,74.125.24.0-255,766,185813,10,231977
47746,0.002786,74.125.24.0-255,5738,191551,10,231977
47747,0.002788,172.31.36.0-255,66,191617,10,231977
47748,0.002801,74.125.24.0-255,1484,193101,10,231977
47749,0.00283,74.125.24.0-255,5738,198839,10,231977
47750,0.002834,172.31.36.0-255,66,198905,10,231977
47751,0.002855,74.125.24.0-255,5738,204643,10,231977
47752,0.002858,172.31.36.0-255,66,204709,10,231977
47753,0.002892,172.31.36.0-255,66,204775,10,231977
47754,0.002929,74.125.24.0-255,2902,207677,10,231977
47755,0.002932,172.31.36.0-255,66,207743,10,231977
47756,0.002954,74.125.24.0-255,3602,211345,10,231977
47757,0.002958,172.31.36.0-255,66,211411,10,231977
47758,0.002976,74.125.24.0-255,5738,217149,10,231977
47759,0.003042,74.125.24.0-255,1484,218633,10,231977
47760,0.003046,74.125.24.0-255,1484,220117,10,231977
47761,0.003099,74.125.24.0-255,3602,223719,10,231977
47762,0.003197,74.125.24.0-255,3613,227332,10,231977
47763,0.003201,74.125.24.0-255,105,227437,10,231977
47764,0.009467,172.31.36.0-255,66,227503,10,231977
47765,0.011742,172.31.36.0-255,105,227608,10,231977
47766,0.014004,74.125.24.0-255,66,227674,10,231977
47767,0.033854,172.31.36.0-255,188,227862,10,231977
47768,0.033888,172.31.36.0-255,956,228818,10,231977
47769,0.033954,172.31.36.0-255,1514,230332,10,231977
47770,0.033956,172.31.36.0-255,1447,231779,10,231977
47771,0.035388,104.244.42.0-255,66,231845,10,231977
47772,0.03552,104.244.42.0-255,66,231911,10,231977
47773,0.035575,104.244.42.0-255,66,231977,10,231977
47774,0.0,216.58.221.0-255,153,153,10,215424
47775,2.2e-05,172.31.36.0-255,66,219,10,215424
47776,2.8e-05,216.58.221.0-255,1484,1703,10,215424
47777,3.1e-05,172.31.36.0-255,66,1769,10,215424
47778,3.6e-05,216.58.221.0-255,2902,4671,10,215424
47779,4.6e-05,172.31.36.0-255,66,4737,10,215424
47780,5.3e-05,216.58.221.0-255,7156,11893,10,215424
47781,5.6e-05,172.31.36.0-255,66,11959,10,215424
47782,9e-05,216.58.221.0-255,3491,15450,10,215424
47783,9.3e-05,172.31.36.0-255,66,15516,10,215424
47784,9.9e-05,216.58.221.0-255,4320,19836,10,215424
47785,0.000101,172.31.36.0-255,66,19902,10,215424
47786,0.000112,172.31.36.0-255,66,19968,10,215424
47787,0.00014,216.58.221.0-255,1484,21452,10,215424
47788,0.000142,172.31.36.0-255,66,21518,10,215424
47789,0.000145,216.58.221.0-255,1125,22643,10,215424
47790,0.000148,172.31.36.0-255,66,22709,10,215424
47791,0.000288,216.58.221.0-255,1484,24193,10,215424
47792,0.000293,172.31.36.0-255,66,24259,10,215424
47793,0.000298,216.58.221.0-255,2902,27161,10,215424
47794,0.0003,172.31.36.0-255,66,27227,10,215424
47795,0.000313,216.58.221.0-255,5738,32965,10,215424
47796,0.000315,216.58.221.0-255,1484,34449,10,215424
47797,0.000318,172.31.36.0-255,66,34515,10,215424
47798,0.000321,172.31.36.0-255,66,34581,10,215424
47799,0.000355,216.58.221.0-255,5379,39960,10,215424
47800,0.000358,172.31.36.0-255,66,40026,10,215424
47801,0.000787,216.58.221.0-255,1484,41510,10,215424
47802,0.000792,172.31.36.0-255,66,41576,10,215424
47803,0.0008,216.58.221.0-255,1484,43060,10,215424
47804,0.000802,172.31.36.0-255,66,43126,10,215424
47805,0.000837,216.58.221.0-255,1484,44610,10,215424
47806,0.000846,216.58.221.0-255,5738,50348,10,215424
47807,0.000849,172.31.36.0-255,66,50414,10,215424
47808,0.000852,216.58.221.0-255,1484,51898,10,215424
47809,0.000856,216.58.221.0-255,2902,54800,10,215424
47810,0.000858,172.31.36.0-255,66,54866,10,215424
47811,0.0009,216.58.221.0-255,2833,57699,10,215424
47812,0.000904,172.31.36.0-255,66,57765,10,215424
47813,0.001261,216.58.221.0-255,137,57902,10,215424
47814,0.001393,216.58.221.0-255,1484,59386,10,215424
47815,0.0014,172.31.36.0-255,66,59452,10,215424
47816,0.001406,216.58.221.0-255,2902,62354,10,215424
47817,0.001408,172.31.36.0-255,66,62420,10,215424
47818,0.001423,216.58.221.0-255,5738,68158,10,215424
47819,0.001425,172.31.36.0-255,66,68224,10,215424
47820,0.001462,216.58.221.0-255,6797,75021,10,215424
47821,0.001464,172.31.36.0-255,66,75087,10,215424
47822,0.001495,216.58.221.0-255,7156,82243,10,215424
47823,0.001497,172.31.36.0-255,66,82309,10,215424
47824,0.001502,216.58.221.0-255,4320,86629,10,215424
47825,0.001504,172.31.36.0-255,66,86695,10,215424
47826,0.00154,216.58.221.0-255,5379,92074,10,215424
47827,0.001542,172.31.36.0-255,66,92140,10,215424
47828,0.002226,216.58.221.0-255,1484,93624,10,215424
47829,0.002241,216.58.221.0-255,1484,95108,10,215424
47830,0.002243,172.31.36.0-255,66,95174,10,215424
47831,0.002248,216.58.221.0-255,2902,98076,10,215424
47832,0.002251,172.31.36.0-255,66,98142,10,215424
47833,0.002254,216.58.221.0-255,2902,101044,10,215424
47834,0.00226,172.31.36.0-255,66,101110,10,215424
47835,0.002293,216.58.221.0-255,2902,104012,10,215424
47836,0.002295,172.31.36.0-255,66,104078,10,215424
47837,0.002299,216.58.221.0-255,2902,106980,10,215424
47838,0.002301,172.31.36.0-255,66,107046,10,215424
47839,0.002345,172.31.36.0-255,66,107112,10,215424
47840,0.002354,172.31.36.0-255,66,107178,10,215424
47841,0.002407,172.31.36.0-255,66,107244,10,215424
47842,0.002417,172.31.36.0-255,66,107310,10,215424
47843,0.002453,216.58.221.0-255,7156,114466,10,215424
47844,0.002456,172.31.36.0-255,66,114532,10,215424
47845,0.00249,172.31.36.0-255,66,114598,10,215424
47846,0.002494,216.58.221.0-255,2902,117500,10,215424
47847,0.002496,172.31.36.0-255,66,117566,10,215424
47848,0.0025,216.58.221.0-255,2902,120468,10,215424
47849,0.002502,172.31.36.0-255,66,120534,10,215424
47850,0.002536,216.58.221.0-255,1484,122018,10,215424
47851,0.002547,172.31.36.0-255,66,122084,10,215424
47852,0.002553,216.58.221.0-255,7156,129240,10,215424
47853,0.002555,172.31.36.0-255,66,129306,10,215424
47854,0.002592,172.31.36.0-255,66,129372,10,215424
47855,0.002596,216.58.221.0-255,2184,131556,10,215424
47856,0.002598,172.31.36.0-255,66,131622,10,215424
47857,0.002739,216.58.221.0-255,1484,133106,10,215424
47858,0.002743,216.58.221.0-255,1484,134590,10,215424
47859,0.002745,172.31.36.0-255,66,134656,10,215424
47860,0.002766,216.58.221.0-255,1484,136140,10,215424
47861,0.002769,216.58.221.0-255,1484,137624,10,215424
47862,0.002771,172.31.36.0-255,66,137690,10,215424
47863,0.002777,216.58.221.0-255,4320,142010,10,215424
47864,0.002779,172.31.36.0-255,66,142076,10,215424
47865,0.002808,216.58.221.0-255,4320,146396,10,215424
47866,0.002811,172.31.36.0-255,66,146462,10,215424
47867,0.002824,172.31.36.0-255,66,146528,10,215424
47868,0.002829,216.58.221.0-255,5020,151548,10,215424
47869,0.002831,172.31.36.0-255,66,151614,10,215424
47870,0.003135,216.58.221.0-255,1484,153098,10,215424
47871,0.003155,216.58.221.0-255,2902,156000,10,215424
47872,0.003158,172.31.36.0-255,66,156066,10,215424
47873,0.003162,216.58.221.0-255,2902,158968,10,215424
47874,0.003164,172.31.36.0-255,66,159034,10,215424
47875,0.003169,216.58.221.0-255,4320,163354,10,215424
47876,0.003171,172.31.36.0-255,66,163420,10,215424
47877,0.003193,172.31.36.0-255,66,163486,10,215424
47878,0.003273,172.31.36.0-255,66,163552,10,215424
47879,0.003286,172.31.36.0-255,66,163618,10,215424
47880,0.0033,172.31.36.0-255,66,163684,10,215424
47881,0.003327,216.58.221.0-255,5020,168704,10,215424
47882,0.003329,172.31.36.0-255,66,168770,10,215424
47883,0.003599,216.58.221.0-255,1484,170254,10,215424
47884,0.003606,216.58.221.0-255,2902,173156,10,215424
47885,0.00361,172.31.36.0-255,66,173222,10,215424
47886,0.003615,216.58.221.0-255,2902,176124,10,215424
47887,0.003617,172.31.36.0-255,66,176190,10,215424
47888,0.003638,216.58.221.0-255,2902,179092,10,215424
47889,0.003642,172.31.36.0-255,66,179158,10,215424
47890,0.003654,172.31.36.0-255,66,179224,10,215424
47891,0.003679,216.58.221.0-255,2902,182126,10,215424
47892,0.003683,172.31.36.0-255,66,182192,10,215424
47893,0.003696,172.31.36.0-255,66,182258,10,215424
47894,0.003729,172.31.36.0-255,66,182324,10,215424
47895,0.003765,216.58.221.0-255,1484,183808,10,215424
47896,0.003781,172.31.36.0-255,66,183874,10,215424
47897,0.003787,172.31.36.0-255,66,183940,10,215424
47898,0.003924,216.58.221.0-255,1484,185424,10,215424
47899,0.003929,216.58.221.0-255,2902,188326,10,215424
47900,0.003933,172.31.36.0-255,66,188392,10,215424
47901,0.003965,216.58.221.0-255,5738,194130,10,215424
47902,0.003969,172.31.36.0-255,66,194196,10,215424
47903,0.003979,172.31.36.0-255,66,194262,10,215424
47904,0.003986,216.58.221.0-255,7156,201418,10,215424
47905,0.003988,172.31.36.0-255,66,201484,10,215424
47906,0.00401,216.58.221.0-255,2902,204386,10,215424
47907,0.004013,172.31.36.0-255,66,204452,10,215424
47908,0.004017,216.58.221.0-255,2902,207354,10,215424
47909,0.004019,172.31.36.0-255,66,207420,10,215424
47910,0.004066,172.31.36.0-255,66,207486,10,215424
47911,0.004071,216.58.221.0-255,3241,210727,10,215424
47912,0.004073,172.31.36.0-255,66,210793,10,215424
47913,0.004094,216.58.221.0-255,105,210898,10,215424
47914,0.007632,172.31.36.0-255,66,210964,10,215424
47915,0.007667,172.31.36.0-255,105,211069,10,215424
47916,0.009547,216.58.221.0-255,66,211135,10,215424
47917,0.029639,172.31.36.0-255,172,211307,10,215424
47918,0.029671,172.31.36.0-255,1112,212419,10,215424
47919,0.029712,172.31.36.0-255,1514,213933,10,215424
47920,0.029714,172.31.36.0-255,1293,215226,10,215424
47921,0.031129,104.244.42.0-255,66,215292,10,215424
47922,0.031309,104.244.42.0-255,66,215358,10,215424
47923,0.03133,104.244.42.0-255,66,215424,10,215424
47924,0.0,74.125.130.0-255,297,297,10,345104
47925,2.3e-05,172.31.36.0-255,66,363,10,345104
47926,2.9e-05,74.125.130.0-255,1484,1847,10,345104
47927,3.3e-05,172.31.36.0-255,66,1913,10,345104
47928,3.8e-05,74.125.130.0-255,4320,6233,10,345104
47929,5e-05,172.31.36.0-255,66,6299,10,345104
47930,8.6e-05,172.31.36.0-255,66,6365,10,345104
47931,0.000124,74.125.130.0-255,1484,7849,10,345104
47932,0.000127,172.31.36.0-255,66,7915,10,345104
47933,0.000161,74.125.130.0-255,2902,10817,10,345104
47934,0.000163,172.31.36.0-255,66,10883,10,345104
47935,0.000168,74.125.130.0-255,5738,16621,10,345104
47936,0.00017,172.31.36.0-255,66,16687,10,345104
47937,0.000179,74.125.130.0-255,4320,21007,10,345104
47938,0.000182,172.31.36.0-255,66,21073,10,345104
47939,0.000219,74.125.130.0-255,2543,23616,10,345104
47940,0.000222,172.31.36.0-255,66,23682,10,345104
47941,0.000746,74.125.130.0-255,1484,25166,10,345104
47942,0.000752,172.31.36.0-255,66,25232,10,345104
47943,0.000761,74.125.130.0-255,2902,28134,10,345104
47944,0.000763,172.31.36.0-255,66,28200,10,345104
47945,0.000775,74.125.130.0-255,4320,32520,10,345104
47946,0.000777,172.31.36.0-255,66,32586,10,345104
47947,0.000783,74.125.130.0-255,4320,36906,10,345104
47948,0.000785,172.31.36.0-255,66,36972,10,345104
47949,0.000799,74.125.130.0-255,1484,38456,10,345104
47950,0.000801,172.31.36.0-255,66,38522,10,345104
47951,0.000827,74.125.130.0-255,1484,40006,10,345104
47952,0.00083,172.31.36.0-255,66,40072,10,345104
47953,0.000869,172.31.36.0-255,66,40138,10,345104
47954,0.000885,172.31.36.0-255,66,40204,10,345104
47955,0.000928,74.125.130.0-255,121,40325,10,345104
47956,0.0012,74.125.130.0-255,1484,41809,10,345104
47957,0.001206,172.31.36.0-255,66,41875,10,345104
47958,0.001216,74.125.130.0-255,2902,44777,10,345104
47959,0.001228,172.31.36.0-255,66,44843,10,345104
47960,0.001232,74.125.130.0-255,1484,46327,10,345104
47961,0.001268,74.125.130.0-255,2902,49229,10,345104
47962,0.001272,172.31.36.0-255,66,49295,10,345104
47963,0.001278,74.125.130.0-255,5738,55033,10,345104
47964,0.001281,172.31.36.0-255,66,55099,10,345104
47965,0.001298,172.31.36.0-255,66,55165,10,345104
47966,0.001303,74.125.130.0-255,4320,59485,10,345104
47967,0.001306,172.31.36.0-255,66,59551,10,345104
47968,0.001363,172.31.36.0-255,66,59617,10,345104
47969,0.001368,74.125.130.0-255,5738,65355,10,345104
47970,0.00137,172.31.36.0-255,66,65421,10,345104
47971,0.001396,74.125.130.0-255,4320,69741,10,345104
47972,0.001398,172.31.36.0-255,66,69807,10,345104
47973,0.001408,172.31.36.0-255,66,69873,10,345104
47974,0.001413,74.125.130.0-255,4320,74193,10,345104
47975,0.001416,172.31.36.0-255,66,74259,10,345104
47976,0.001447,74.125.130.0-255,5020,79279,10,345104
47977,0.00145,172.31.36.0-255,66,79345,10,345104
47978,0.001453,74.125.130.0-255,1484,80829,10,345104
47979,0.001467,74.125.130.0-255,1484,82313,10,345104
47980,0.001469,172.31.36.0-255,66,82379,10,345104
47981,0.001494,74.125.130.0-255,1484,83863,10,345104
47982,0.001499,74.125.130.0-255,5738,89601,10,345104
47983,0.001502,172.31.36.0-255,66,89667,10,345104
47984,0.001507,74.125.130.0-255,5738,95405,10,345104
47985,0.001509,172.31.36.0-255,66,95471,10,345104
47986,0.001516,74.125.130.0-255,7156,102627,10,345104
47987,0.001522,172.31.36.0-255,66,102693,10,345104
47988,0.001559,172.31.36.0-255,66,102759,10,345104
47989,0.001562,74.125.130.0-255,380,103139,10,345104
47990,0.0019,74.125.130.0-255,1484,104623,10,345104
47991,0.001902,172.31.36.0-255,66,104689,10,345104
47992,0.001918,74.125.130.0-255,2902,107591,10,345104
47993,0.00192,172.31.36.0-255,66,107657,10,345104
47994,0.001952,74.125.130.0-255,5738,113395,10,345104
47995,0.001956,172.31.36.0-255,66,113461,10,345104
47996,0.001958,74.125.130.0-255,1484,114945,10,345104
47997,0.001962,74.125.130.0-255,2902,117847,10,345104
47998,0.001964,172.31.36.0-255,66,117913,10,345104
47999,0.001967,74.125.130.0-255,2902,120815,10,345104
48000,0.001978,172.31.36.0-255,66,120881,10,345104
48001,0.002007,74.125.130.0-255,2902,123783,10,345104
48002,0.00201,172.31.36.0-255,66,123849,10,345104
48003,0.002021,172.31.36.0-255,66,123915,10,345104
48004,0.00205,74.125.130.0-255,3602,127517,10,345104
48005,0.002054,172.31.36.0-255,66,127583,10,345104
48006,0.002118,74.125.130.0-255,1484,129067,10,345104
48007,0.002138,74.125.130.0-255,2902,131969,10,345104
48008,0.002142,172.31.36.0-255,66,132035,10,345104
48009,0.002145,74.125.130.0-255,1484,133519,10,345104
48010,0.002151,74.125.130.0-255,2902,136421,10,345104
48011,0.002153,172.31.36.0-255,66,136487,10,345104
48012,0.002163,74.125.130.0-255,2902,139389,10,345104
48013,0.002165,172.31.36.0-255,66,139455,10,345104
48014,0.002191,74.125.130.0-255,2902,142357,10,345104
48015,0.002199,172.31.36.0-255,66,142423,10,345104
48016,0.002206,74.125.130.0-255,7156,149579,10,345104
48017,0.002208,172.31.36.0-255,66,149645,10,345104
48018,0.002238,74.125.130.0-255,2902,152547,10,345104
48019,0.002242,172.31.36.0-255,66,152613,10,345104
48020,0.002245,74.125.130.0-255,1484,154097,10,345104
48021,0.002278,172.31.36.0-255,66,154163,10,345104
48022,0.004504,74.125.130.0-255,5738,159901,10,345104
48023,0.004511,172.31.36.0-255,66,159967,10,345104
48024,0.006739,74.125.130.0-255,5738,165705,10,345104
48025,0.006744,172.31.36.0-255,66,165771,10,345104
48026,0.008988,74.125.130.0-255,5738,171509,10,345104
48027,0.008995,172.31.36.0-255,66,171575,10,345104
48028,0.011225,74.125.130.0-255,5738,177313,10,345104
48029,0.011233,172.31.36.0-255,66,177379,10,345104
48030,0.013469,74.125.130.0-255,5738,183117,10,345104
48031,0.013476,172.31.36.0-255,66,183183,10,345104
48032,0.015708,74.125.130.0-255,5738,188921,10,345104
48033,0.015718,172.31.36.0-255,66,188987,10,345104
48034,0.017965,74.125.130.0-255,5738,194725,10,345104
48035,0.017975,172.31.36.0-255,66,194791,10,345104
48036,0.020256,74.125.130.0-255,5738,200529,10,345104
48037,0.020267,172.31.36.0-255,66,200595,10,345104
48038,0.022507,74.125.130.0-255,5738,206333,10,345104
48039,0.022514,172.31.36.0-255,66,206399,10,345104
48040,0.024742,74.125.130.0-255,5738,212137,10,345104
48041,0.02475,172.31.36.0-255,66,212203,10,345104
48042,0.025562,172.31.36.0-255,164,212367,10,345104
48043,0.025594,172.31.36.0-255,1121,213488,10,345104
48044,0.025632,172.31.36.0-255,1514,215002,10,345104
48045,0.025634,172.31.36.0-255,1514,216516,10,345104
48046,0.025638,172.31.36.0-255,1514,218030,10,345104
48047,0.02564,172.31.36.0-255,1062,219092,10,345104
48048,0.026979,74.125.130.0-255,5738,224830,10,345104
48049,0.026985,172.31.36.0-255,66,224896,10,345104
48050,0.02714,104.244.42.0-255,66,224962,10,345104
48051,0.027147,104.244.42.0-255,66,225028,10,345104
48052,0.027184,104.244.42.0-255,66,225094,10,345104
48053,0.027189,104.244.42.0-255,66,225160,10,345104
48054,0.029211,74.125.130.0-255,5738,230898,10,345104
48055,0.029217,172.31.36.0-255,66,230964,10,345104
48056,0.031459,74.125.130.0-255,5738,236702,10,345104
48057,0.031465,172.31.36.0-255,66,236768,10,345104
48058,0.033681,74.125.130.0-255,5738,242506,10,345104
48059,0.033686,172.31.36.0-255,66,242572,10,345104
48060,0.035928,74.125.130.0-255,5738,248310,10,345104
48061,0.035933,172.31.36.0-255,66,248376,10,345104
48062,0.038174,74.125.130.0-255,4320,252696,10,345104
48063,0.03818,172.31.36.0-255,66,252762,10,345104
48064,0.038215,74.125.130.0-255,1484,254246,10,345104
48065,0.040412,74.125.130.0-255,4320,258566,10,345104
48066,0.040417,172.31.36.0-255,66,258632,10,345104
48067,0.042638,74.125.130.0-255,5738,264370,10,345104
48068,0.042643,172.31.36.0-255,66,264436,10,345104
48069,0.044876,74.125.130.0-255,5738,270174,10,345104
48070,0.044882,172.31.36.0-255,66,270240,10,345104
48071,0.047098,74.125.130.0-255,2902,273142,10,345104
48072,0.047104,172.31.36.0-255,66,273208,10,345104
48073,0.047139,74.125.130.0-255,2902,276110,10,345104
48074,0.047143,172.31.36.0-255,66,276176,10,345104
48075,0.049324,74.125.130.0-255,2902,279078,10,345104
48076,0.04933,172.31.36.0-255,66,279144,10,345104
48077,0.049362,74.125.130.0-255,2902,282046,10,345104
48078,0.049365,172.31.36.0-255,66,282112,10,345104
48079,0.051555,74.125.130.0-255,2902,285014,10,345104
48080,0.05156,172.31.36.0-255,66,285080,10,345104
48081,0.051591,74.125.130.0-255,2902,287982,10,345104
48082,0.051595,172.31.36.0-255,66,288048,10,345104
48083,0.053774,74.125.130.0-255,1484,289532,10,345104
48084,0.053818,74.125.130.0-255,2902,292434,10,345104
48085,0.053823,172.31.36.0-255,66,292500,10,345104
48086,0.053845,74.125.130.0-255,1484,293984,10,345104
48087,0.056049,74.125.130.0-255,4320,298304,10,345104
48088,0.056055,172.31.36.0-255,66,298370,10,345104
48089,0.05828,74.125.130.0-255,4320,302690,10,345104
48090,0.058286,172.31.36.0-255,66,302756,10,345104
48091,0.058321,74.125.130.0-255,1484,304240,10,345104
48092,0.06057,74.125.130.0-255,1484,305724,10,345104
48093,0.060576,172.31.36.0-255,66,305790,10,345104
48094,0.060611,74.125.130.0-255,2902,308692,10,345104
48095,0.060614,172.31.36.0-255,66,308758,10,345104
48096,0.062813,74.125.130.0-255,1484,310242,10,345104
48097,0.062844,74.125.130.0-255,4320,314562,10,345104
48098,0.062849,172.31.36.0-255,66,314628,10,345104
48099,0.065082,74.125.130.0-255,5738,320366,10,345104
48100,0.065087,172.31.36.0-255,66,320432,10,345104
48101,0.067316,74.125.130.0-255,5738,326170,10,345104
48102,0.067321,172.31.36.0-255,66,326236,10,345104
48103,0.069555,74.125.130.0-255,5738,331974,10,345104
48104,0.06956,172.31.36.0-255,66,332040,10,345104
48105,0.071779,74.125.130.0-255,5738,337778,10,345104
48106,0.071785,172.31.36.0-255,66,337844,10,345104
48107,0.07401,74.125.130.0-255,5738,343582,10,345104
48108,0.074016,172.31.36.0-255,66,343648,10,345104
48109,0.076231,74.125.130.0-255,1219,344867,10,345104
48110,0.076376,172.31.36.0-255,66,344933,10,345104
48111,0.076402,172.31.36.0-255,105,345038,10,345104
48112,0.078591,74.125.130.0-255,66,345104,10,345104
48113,0.0,74.125.200.0-255,146,146,10,397246
48114,2.4e-05,172.31.36.0-255,66,212,10,397246
48115,3.1e-05,74.125.200.0-255,1484,1696,10,397246
48116,3.6e-05,172.31.36.0-255,66,1762,10,397246
48117,4.9e-05,74.125.200.0-255,2902,4664,10,397246
48118,5.2e-05,172.31.36.0-255,66,4730,10,397246
48119,5.8e-05,74.125.200.0-255,4320,9050,10,397246
48120,6.2e-05,172.31.36.0-255,66,9116,10,397246
48121,9.8e-05,74.125.200.0-255,4882,13998,10,397246
48122,0.000101,172.31.36.0-255,66,14064,10,397246
48123,0.000153,74.125.200.0-255,1484,15548,10,397246
48124,0.000156,172.31.36.0-255,66,15614,10,397246
48125,0.000176,74.125.200.0-255,2902,18516,10,397246
48126,0.000178,172.31.36.0-255,66,18582,10,397246
48127,0.000182,74.125.200.0-255,1484,20066,10,397246
48128,0.000184,172.31.36.0-255,66,20132,10,397246
48129,0.00019,74.125.200.0-255,2902,23034,10,397246
48130,0.000194,172.31.36.0-255,66,23100,10,397246
48131,0.000233,74.125.200.0-255,5738,28838,10,397246
48132,0.000236,172.31.36.0-255,66,28904,10,397246
48133,0.000241,74.125.200.0-255,2543,31447,10,397246
48134,0.000243,172.31.36.0-255,66,31513,10,397246
48135,0.000369,74.125.200.0-255,1484,32997,10,397246
48136,0.000375,172.31.36.0-255,66,33063,10,397246
48137,0.000379,74.125.200.0-255,1484,34547,10,397246
48138,0.000381,172.31.36.0-255,66,34613,10,397246
48139,0.000411,74.125.200.0-255,1484,36097,10,397246
48140,0.000414,172.31.36.0-255,66,36163,10,397246
48141,0.000421,74.125.200.0-255,5738,41901,10,397246
48142,0.000424,172.31.36.0-255,66,41967,10,397246
48143,0.000433,74.125.200.0-255,2902,44869,10,397246
48144,0.000435,172.31.36.0-255,66,44935,10,397246
48145,0.000465,74.125.200.0-255,3961,48896,10,397246
48146,0.000467,172.31.36.0-255,66,48962,10,397246
48147,0.000476,74.125.200.0-255,7156,56118,10,397246
48148,0.000478,172.31.36.0-255,66,56184,10,397246
48149,0.000484,74.125.200.0-255,4320,60504,10,397246
48150,0.000486,172.31.36.0-255,66,60570,10,397246
48151,0.000521,74.125.200.0-255,5379,65949,10,397246
48152,0.000524,172.31.36.0-255,66,66015,10,397246
48153,0.000526,74.125.200.0-255,413,66428,10,397246
48154,0.000601,74.125.200.0-255,331,66759,10,397246
48155,0.000971,74.125.200.0-255,1484,68243,10,397246
48156,0.000975,172.31.36.0-255,66,68309,10,397246
48157,0.000981,74.125.200.0-255,2902,71211,10,397246
48158,0.000984,172.31.36.0-255,66,71277,10,397246
48159,0.001009,74.125.200.0-255,5738,77015,10,397246
48160,0.001013,172.31.36.0-255,66,77081,10,397246
48161,0.001036,74.125.200.0-255,2902,79983,10,397246
48162,0.001039,172.31.36.0-255,66,80049,10,397246
48163,0.001066,74.125.200.0-255,5738,85787,10,397246
48164,0.001069,172.31.36.0-255,66,85853,10,397246
48165,0.001081,172.31.36.0-255,66,85919,10,397246
48166,0.001092,74.125.200.0-255,5020,90939,10,397246
48167,0.001095,172.31.36.0-255,66,91005,10,397246
48168,0.001313,74.125.200.0-255,1484,92489,10,397246
48169,0.00133,74.125.200.0-255,2902,95391,10,397246
48170,0.001332,172.31.36.0-255,66,95457,10,397246
48171,0.001359,74.125.200.0-255,1484,96941,10,397246
48172,0.001364,74.125.200.0-255,2902,99843,10,397246
48173,0.001366,172.31.36.0-255,66,99909,10,397246
48174,0.001373,74.125.200.0-255,5738,105647,10,397246
48175,0.001375,172.31.36.0-255,66,105713,10,397246
48176,0.001402,74.125.200.0-255,7156,112869,10,397246
48177,0.001405,172.31.36.0-255,66,112935,10,397246
48178,0.00141,74.125.200.0-255,2902,115837,10,397246
48179,0.001412,172.31.36.0-255,66,115903,10,397246
48180,0.001433,74.125.200.0-255,5738,121641,10,397246
48181,0.00144,172.31.36.0-255,66,121707,10,397246
48182,0.001445,74.125.200.0-255,3602,125309,10,397246
48183,0.001447,172.31.36.0-255,66,125375,10,397246
48184,0.001573,74.125.200.0-255,1484,126859,10,397246
48185,0.001588,74.125.200.0-255,2902,129761,10,397246
48186,0.00159,172.31.36.0-255,66,129827,10,397246
48187,0.001619,74.125.200.0-255,4320,134147,10,397246
48188,0.001622,172.31.36.0-255,66,134213,10,397246
48189,0.001628,74.125.200.0-255,4320,138533,10,397246
48190,0.00163,172.31.36.0-255,66,138599,10,397246
48191,0.001658,74.125.200.0-255,4320,142919,10,397246
48192,0.001661,172.31.36.0-255,66,142985,10,397246
48193,0.001672,172.31.36.0-255,66,143051,10,397246
48194,0.001711,172.31.36.0-255,66,143117,10,397246
48195,0.003723,74.125.200.0-255,5738,148855,10,397246
48196,0.003727,172.31.36.0-255,66,148921,10,397246
48197,0.005756,74.125.200.0-255,5738,154659,10,397246
48198,0.005763,172.31.36.0-255,66,154725,10,397246
48199,0.007779,74.125.200.0-255,5738,160463,10,397246
48200,0.007786,172.31.36.0-255,66,160529,10,397246
48201,0.009807,74.125.200.0-255,5738,166267,10,397246
48202,0.00981,172.31.36.0-255,66,166333,10,397246
48203,0.011821,74.125.200.0-255,5738,172071,10,397246
48204,0.011828,172.31.36.0-255,66,172137,10,397246
48205,0.013857,74.125.200.0-255,5738,177875,10,397246
48206,0.013865,172.31.36.0-255,66,177941,10,397246
48207,0.01589,74.125.200.0-255,5738,183679,10,397246
48208,0.015898,172.31.36.0-255,66,183745,10,397246
48209,0.017919,74.125.200.0-255,5738,189483,10,397246
48210,0.017928,172.31.36.0-255,66,189549,10,397246
48211,0.019954,74.125.200.0-255,5738,195287,10,397246
48212,0.019964,172.31.36.0-255,66,195353,10,397246
48213,0.022013,74.125.200.0-255,5738,201091,10,397246
48214,0.022021,172.31.36.0-255,66,201157,10,397246
48215,0.024052,74.125.200.0-255,5738,206895,10,397246
48216,0.024061,172.31.36.0-255,66,206961,10,397246
48217,0.026088,74.125.200.0-255,5738,212699,10,397246
48218,0.026097,172.31.36.0-255,66,212765,10,397246
48219,0.028136,74.125.200.0-255,5738,218503,10,397246
48220,0.028144,172.31.36.0-255,66,218569,10,397246
48221,0.030176,74.125.200.0-255,5738,224307,10,397246
48222,0.030182,172.31.36.0-255,66,224373,10,397246
48223,0.032203,74.125.200.0-255,5738,230111,10,397246
48224,0.03221,172.31.36.0-255,66,230177,10,397246
48225,0.032613,172.31.36.0-255,176,230353,10,397246
48226,0.032644,172.31.36.0-255,1110,231463,10,397246
48227,0.032704,172.31.36.0-255,1514,232977,10,397246
48228,0.032706,172.31.36.0-255,1295,234272,10,397246
48229,0.0341,104.244.42.0-255,66,234338,10,397246
48230,0.034127,104.244.42.0-255,66,234404,10,397246
48231,0.034211,104.244.42.0-255,66,234470,10,397246
48232,0.034232,74.125.200.0-255,5738,240208,10,397246
48233,0.034237,172.31.36.0-255,66,240274,10,397246
48234,0.03627,74.125.200.0-255,5738,246012,10,397246
48235,0.036281,172.31.36.0-255,66,246078,10,397246
48236,0.038306,74.125.200.0-255,5738,251816,10,397246
48237,0.038313,172.31.36.0-255,66,251882,10,397246
48238,0.040347,74.125.200.0-255,5738,257620,10,397246
48239,0.040352,172.31.36.0-255,66,257686,10,397246
48240,0.04237,74.125.200.0-255,5738,263424,10,397246
48241,0.042379,172.31.36.0-255,66,263490,10,397246
48242,0.044396,74.125.200.0-255,5738,269228,10,397246
48243,0.044404,172.31.36.0-255,66,269294,10,397246
48244,0.046431,74.125.200.0-255,5738,275032,10,397246
48245,0.046437,172.31.36.0-255,66,275098,10,397246
48246,0.048456,74.125.200.0-255,5738,280836,10,397246
48247,0.048463,172.31.36.0-255,66,280902,10,397246
48248,0.050489,74.125.200.0-255,5738,286640,10,397246
48249,0.050495,172.31.36.0-255,66,286706,10,397246
48250,0.052568,74.125.200.0-255,5738,292444,10,397246
48251,0.052588,172.31.36.0-255,66,292510,10,397246
48252,0.054626,74.125.200.0-255,5738,298248,10,397246
48253,0.054636,172.31.36.0-255,66,298314,10,397246
48254,0.056675,74.125.200.0-255,5738,304052,10,397246
48255,0.056681,172.31.36.0-255,66,304118,10,397246
48256,0.058742,74.125.200.0-255,5738,309856,10,397246
48257,0.058749,172.31.36.0-255,66,309922,10,397246
48258,0.060769,74.125.200.0-255,2902,312824,10,397246
48259,0.060776,172.31.36.0-255,66,312890,10,397246
48260,0.060804,74.125.200.0-255,2902,315792,10,397246
48261,0.060807,172.31.36.0-255,66,315858,10,397246
48262,0.062784,74.125.200.0-255,2902,318760,10,397246
48263,0.062791,172.31.36.0-255,66,318826,10,397246
48264,0.062817,74.125.200.0-255,2902,321728,10,397246
48265,0.06282,172.31.36.0-255,66,321794,10,397246
48266,0.064843,74.125.200.0-255,5738,327532,10,397246
48267,0.06485,172.31.36.0-255,66,327598,10,397246
48268,0.066878,74.125.200.0-255,5738,333336,10,397246
48269,0.066885,172.31.36.0-255,66,333402,10,397246
48270,0.068897,74.125.200.0-255,5738,339140,10,397246
48271,0.068904,172.31.36.0-255,66,339206,10,397246
48272,0.07094,74.125.200.0-255,5738,344944,10,397246
48273,0.070949,172.31.36.0-255,66,345010,10,397246
48274,0.072978,74.125.200.0-255,5738,350748,10,397246
48275,0.072984,172.31.36.0-255,66,350814,10,397246
48276,0.075008,74.125.200.0-255,5738,356552,10,397246
48277,0.075014,172.31.36.0-255,66,356618,10,397246
48278,0.07703,74.125.200.0-255,5738,362356,10,397246
48279,0.077036,172.31.36.0-255,66,362422,10,397246
48280,0.079062,74.125.200.0-255,5738,368160,10,397246
48281,0.079068,172.31.36.0-255,66,368226,10,397246
48282,0.081105,74.125.200.0-255,5738,373964,10,397246
48283,0.081113,172.31.36.0-255,66,374030,10,397246
48284,0.08314,74.125.200.0-255,5738,379768,10,397246
48285,0.083147,172.31.36.0-255,66,379834,10,397246
48286,0.085152,74.125.200.0-255,5738,385572,10,397246
48287,0.08516,172.31.36.0-255,66,385638,10,397246
48288,0.087212,74.125.200.0-255,5738,391376,10,397246
48289,0.087222,172.31.36.0-255,66,391442,10,397246
48290,0.089252,74.125.200.0-255,5738,397180,10,397246
48291,0.089258,172.31.36.0-255,66,397246,10,397246
48292,0.0,74.125.68.0-255,153,153,10,390523
48293,3e-05,172.31.36.0-255,66,219,10,390523
48294,3.6e-05,74.125.68.0-255,1484,1703,10,390523
48295,4e-05,172.31.36.0-255,66,1769,10,390523
48296,4.6e-05,74.125.68.0-255,2902,4671,10,390523
48297,5e-05,172.31.36.0-255,66,4737,10,390523
48298,5.5e-05,74.125.68.0-255,4320,9057,10,390523
48299,5.7e-05,172.31.36.0-255,66,9123,10,390523
48300,8e-05,74.125.68.0-255,1484,10607,10,390523
48301,8.2e-05,172.31.36.0-255,66,10673,10,390523
48302,0.000112,172.31.36.0-255,66,10739,10,390523
48303,0.000118,74.125.68.0-255,5738,16477,10,390523
48304,0.000121,172.31.36.0-255,66,16543,10,390523
48305,0.000168,74.125.68.0-255,6797,23340,10,390523
48306,0.000171,172.31.36.0-255,66,23406,10,390523
48307,0.000231,74.125.68.0-255,1484,24890,10,390523
48308,0.000236,172.31.36.0-255,66,24956,10,390523
48309,0.000239,74.125.68.0-255,1484,26440,10,390523
48310,0.000241,172.31.36.0-255,66,26506,10,390523
48311,0.000258,74.125.68.0-255,1484,27990,10,390523
48312,0.00026,172.31.36.0-255,66,28056,10,390523
48313,0.000265,74.125.68.0-255,2902,30958,10,390523
48314,0.000267,172.31.36.0-255,66,31024,10,390523
48315,0.000292,74.125.68.0-255,1484,32508,10,390523
48316,0.000295,172.31.36.0-255,66,32574,10,390523
48317,0.000302,74.125.68.0-255,5738,38312,10,390523
48318,0.000304,172.31.36.0-255,66,38378,10,390523
48319,0.000322,74.125.68.0-255,3961,42339,10,390523
48320,0.000325,172.31.36.0-255,66,42405,10,390523
48321,0.000329,74.125.68.0-255,2902,45307,10,390523
48322,0.000334,172.31.36.0-255,66,45373,10,390523
48323,0.00037,74.125.68.0-255,5738,51111,10,390523
48324,0.000374,172.31.36.0-255,66,51177,10,390523
48325,0.0004,74.125.68.0-255,7109,58286,10,390523
48326,0.000404,172.31.36.0-255,66,58352,10,390523
48327,0.00061,74.125.68.0-255,110,58462,10,390523
48328,0.00075,74.125.68.0-255,1484,59946,10,390523
48329,0.000755,172.31.36.0-255,66,60012,10,390523
48330,0.000761,74.125.68.0-255,2902,62914,10,390523
48331,0.000764,172.31.36.0-255,66,62980,10,390523
48332,0.000793,74.125.68.0-255,4320,67300,10,390523
48333,0.000797,172.31.36.0-255,66,67366,10,390523
48334,0.000803,74.125.68.0-255,5738,73104,10,390523
48335,0.000806,172.31.36.0-255,66,73170,10,390523
48336,0.000827,74.125.68.0-255,2543,75713,10,390523
48337,0.00083,172.31.36.0-255,66,75779,10,390523
48338,0.000863,74.125.68.0-255,2902,78681,10,390523
48339,0.000866,172.31.36.0-255,66,78747,10,390523
48340,0.000883,74.125.68.0-255,2902,81649,10,390523
48341,0.000886,172.31.36.0-255,66,81715,10,390523
48342,0.00091,74.125.68.0-255,2902,84617,10,390523
48343,0.000913,172.31.36.0-255,66,84683,10,390523
48344,0.000919,74.125.68.0-255,5738,90421,10,390523
48345,0.000922,172.31.36.0-255,66,90487,10,390523
48346,0.000945,74.125.68.0-255,1484,91971,10,390523
48347,0.000948,74.125.68.0-255,1125,93096,10,390523
48348,0.000953,172.31.36.0-255,66,93162,10,390523
48349,0.001236,74.125.68.0-255,1484,94646,10,390523
48350,0.001246,74.125.68.0-255,2902,97548,10,390523
48351,0.00125,172.31.36.0-255,66,97614,10,390523
48352,0.001255,74.125.68.0-255,1484,99098,10,390523
48353,0.001275,74.125.68.0-255,4320,103418,10,390523
48354,0.001279,172.31.36.0-255,66,103484,10,390523
48355,0.001284,74.125.68.0-255,2902,106386,10,390523
48356,0.001287,172.31.36.0-255,66,106452,10,390523
48357,0.00131,74.125.68.0-255,4320,110772,10,390523
48358,0.001314,172.31.36.0-255,66,110838,10,390523
48359,0.001321,74.125.68.0-255,5738,116576,10,390523
48360,0.001323,172.31.36.0-255,66,116642,10,390523
48361,0.001348,74.125.68.0-255,2902,119544,10,390523
48362,0.001351,172.31.36.0-255,66,119610,10,390523
48363,0.001388,74.125.68.0-255,7156,126766,10,390523
48364,0.001391,172.31.36.0-255,66,126832,10,390523
48365,0.001417,74.125.68.0-255,766,127598,10,390523
48366,0.001429,172.31.36.0-255,66,127664,10,390523
48367,0.001434,74.125.68.0-255,4320,131984,10,390523
48368,0.001436,172.31.36.0-255,66,132050,10,390523
48369,0.001451,172.31.36.0-255,66,132116,10,390523
48370,0.001456,74.125.68.0-255,2902,135018,10,390523
48371,0.001458,172.31.36.0-255,66,135084,10,390523
48372,0.001491,74.125.68.0-255,2902,137986,10,390523
48373,0.001495,172.31.36.0-255,66,138052,10,390523
48374,0.0015,74.125.68.0-255,766,138818,10,390523
48375,0.002041,172.31.36.0-255,66,138884,10,390523
48376,0.002225,74.125.68.0-255,1484,140368,10,390523
48377,0.002233,74.125.68.0-255,1484,141852,10,390523
48378,0.002237,172.31.36.0-255,66,141918,10,390523
48379,0.002255,74.125.68.0-255,1484,143402,10,390523
48380,0.002261,74.125.68.0-255,2902,146304,10,390523
48381,0.002263,172.31.36.0-255,66,146370,10,390523
48382,0.002283,74.125.68.0-255,2902,149272,10,390523
48383,0.002285,172.31.36.0-255,66,149338,10,390523
48384,0.002289,74.125.68.0-255,2902,152240,10,390523
48385,0.002291,172.31.36.0-255,66,152306,10,390523
48386,0.002296,74.125.68.0-255,4320,156626,10,390523
48387,0.002298,172.31.36.0-255,66,156692,10,390523
48388,0.002312,74.125.68.0-255,1484,158176,10,390523
48389,0.002328,74.125.68.0-255,5738,163914,10,390523
48390,0.002331,172.31.36.0-255,66,163980,10,390523
48391,0.002349,74.125.68.0-255,1484,165464,10,390523
48392,0.002354,74.125.68.0-255,2902,168366,10,390523
48393,0.002356,172.31.36.0-255,66,168432,10,390523
48394,0.002362,74.125.68.0-255,5020,173452,10,390523
48395,0.002364,172.31.36.0-255,66,173518,10,390523
48396,0.004686,74.125.68.0-255,4320,177838,10,390523
48397,0.004691,172.31.36.0-255,66,177904,10,390523
48398,0.004711,74.125.68.0-255,1484,179388,10,390523
48399,0.007046,74.125.68.0-255,4320,183708,10,390523
48400,0.007056,172.31.36.0-255,66,183774,10,390523
48401,0.00939,74.125.68.0-255,5738,189512,10,390523
48402,0.009398,172.31.36.0-255,66,189578,10,390523
48403,0.011736,74.125.68.0-255,5738,195316,10,390523
48404,0.011745,172.31.36.0-255,66,195382,10,390523
48405,0.014083,74.125.68.0-255,5738,201120,10,390523
48406,0.014094,172.31.36.0-255,66,201186,10,390523
48407,0.016432,74.125.68.0-255,5738,206924,10,390523
48408,0.016453,172.31.36.0-255,66,206990,10,390523
48409,0.018806,74.125.68.0-255,5738,212728,10,390523
48410,0.018815,172.31.36.0-255,66,212794,10,390523
48411,0.021167,74.125.68.0-255,5738,218532,10,390523
48412,0.021179,172.31.36.0-255,66,218598,10,390523
48413,0.02352,74.125.68.0-255,5738,224336,10,390523
48414,0.023527,172.31.36.0-255,66,224402,10,390523
48415,0.025857,74.125.68.0-255,4320,228722,10,390523
48416,0.025864,172.31.36.0-255,66,228788,10,390523
48417,0.025888,74.125.68.0-255,1484,230272,10,390523
48418,0.026765,172.31.36.0-255,172,230444,10,390523
48419,0.026798,172.31.36.0-255,1111,231555,10,390523
48420,0.026861,172.31.36.0-255,1514,233069,10,390523
48421,0.026863,172.31.36.0-255,1514,234583,10,390523
48422,0.026864,172.31.36.0-255,1514,236097,10,390523
48423,0.026866,172.31.36.0-255,1072,237169,10,390523
48424,0.028211,74.125.68.0-255,4320,241489,10,390523
48425,0.028218,172.31.36.0-255,66,241555,10,390523
48426,0.028342,104.244.42.0-255,66,241621,10,390523
48427,0.028395,104.244.42.0-255,66,241687,10,390523
48428,0.02845,104.244.42.0-255,66,241753,10,390523
48429,0.028454,104.244.42.0-255,66,241819,10,390523
48430,0.02994,104.244.42.0-255,108,241927,10,390523
48431,0.029946,172.31.36.0-255,66,241993,10,390523
48432,0.030552,74.125.68.0-255,5738,247731,10,390523
48433,0.030556,172.31.36.0-255,66,247797,10,390523
48434,0.032896,74.125.68.0-255,5738,253535,10,390523
48435,0.032903,172.31.36.0-255,66,253601,10,390523
48436,0.035243,74.125.68.0-255,4320,257921,10,390523
48437,0.03525,172.31.36.0-255,66,257987,10,390523
48438,0.03527,74.125.68.0-255,1484,259471,10,390523
48439,0.037584,74.125.68.0-255,4320,263791,10,390523
48440,0.037591,172.31.36.0-255,66,263857,10,390523
48441,0.039929,74.125.68.0-255,5738,269595,10,390523
48442,0.039936,172.31.36.0-255,66,269661,10,390523
48443,0.042289,74.125.68.0-255,5738,275399,10,390523
48444,0.042305,172.31.36.0-255,66,275465,10,390523
48445,0.044639,74.125.68.0-255,5738,281203,10,390523
48446,0.044646,172.31.36.0-255,66,281269,10,390523
48447,0.046995,74.125.68.0-255,5738,287007,10,390523
48448,0.047003,172.31.36.0-255,66,287073,10,390523
48449,0.049395,74.125.68.0-255,5738,292811,10,390523
48450,0.049402,172.31.36.0-255,66,292877,10,390523
48451,0.051729,74.125.68.0-255,5738,298615,10,390523
48452,0.051736,172.31.36.0-255,66,298681,10,390523
48453,0.054068,74.125.68.0-255,4320,303001,10,390523
48454,0.054075,172.31.36.0-255,66,303067,10,390523
48455,0.054096,74.125.68.0-255,1484,304551,10,390523
48456,0.056398,74.125.68.0-255,4320,308871,10,390523
48457,0.056405,172.31.36.0-255,66,308937,10,390523
48458,0.058739,74.125.68.0-255,5738,314675,10,390523
48459,0.058748,172.31.36.0-255,66,314741,10,390523
48460,0.061079,74.125.68.0-255,5738,320479,10,390523
48461,0.061086,172.31.36.0-255,66,320545,10,390523
48462,0.06343,74.125.68.0-255,5738,326283,10,390523
48463,0.063437,172.31.36.0-255,66,326349,10,390523
48464,0.065773,74.125.68.0-255,5738,332087,10,390523
48465,0.06578,172.31.36.0-255,66,332153,10,390523
48466,0.068113,74.125.68.0-255,5738,337891,10,390523
48467,0.06812,172.31.36.0-255,66,337957,10,390523
48468,0.070463,74.125.68.0-255,5738,343695,10,390523
48469,0.070469,172.31.36.0-255,66,343761,10,390523
48470,0.072796,74.125.68.0-255,2902,346663,10,390523
48471,0.072819,172.31.36.0-255,66,346729,10,390523
48472,0.072838,74.125.68.0-255,2902,349631,10,390523
48473,0.072841,172.31.36.0-255,66,349697,10,390523
48474,0.075143,74.125.68.0-255,2902,352599,10,390523
48475,0.075151,172.31.36.0-255,66,352665,10,390523
48476,0.075172,74.125.68.0-255,2902,355567,10,390523
48477,0.075175,172.31.36.0-255,66,355633,10,390523
48478,0.077473,74.125.68.0-255,1484,357117,10,390523
48479,0.077497,74.125.68.0-255,4320,361437,10,390523
48480,0.077502,172.31.36.0-255,66,361503,10,390523
48481,0.079841,74.125.68.0-255,5738,367241,10,390523
48482,0.079848,172.31.36.0-255,66,367307,10,390523
48483,0.082179,74.125.68.0-255,5738,373045,10,390523
48484,0.08219,172.31.36.0-255,66,373111,10,390523
48485,0.084535,74.125.68.0-255,5738,378849,10,390523
48486,0.084542,172.31.36.0-255,66,378915,10,390523
48487,0.086892,74.125.68.0-255,5738,384653,10,390523
48488,0.086899,172.31.36.0-255,66,384719,10,390523
48489,0.089237,74.125.68.0-255,5738,390457,10,390523
48490,0.089245,172.31.36.0-255,66,390523,10,390523
48491,0.0,74.125.68.0-255,153,153,10,328755
48492,3.1e-05,172.31.36.0-255,66,219,10,328755
48493,3.8e-05,74.125.68.0-255,1484,1703,10,328755
48494,4.2e-05,172.31.36.0-255,66,1769,10,328755
48495,4.7e-05,74.125.68.0-255,2902,4671,10,328755
48496,5e-05,172.31.36.0-255,66,4737,10,328755
48497,5.3e-05,74.125.68.0-255,1484,6221,10,328755
48498,5.5e-05,172.31.36.0-255,66,6287,10,328755
48499,7.6e-05,74.125.68.0-255,5738,12025,10,328755
48500,7.9e-05,172.31.36.0-255,66,12091,10,328755
48501,9.2e-05,74.125.68.0-255,2902,14993,10,328755
48502,9.4e-05,172.31.36.0-255,66,15059,10,328755
48503,0.000111,74.125.68.0-255,4860,19919,10,328755
48504,0.000114,172.31.36.0-255,66,19985,10,328755
48505,0.000118,74.125.68.0-255,2902,22887,10,328755
48506,0.00012,172.31.36.0-255,66,22953,10,328755
48507,0.000141,74.125.68.0-255,4320,27273,10,328755
48508,0.000144,172.31.36.0-255,66,27339,10,328755
48509,0.000161,74.125.68.0-255,3961,31300,10,328755
48510,0.000163,172.31.36.0-255,66,31366,10,328755
48511,0.000197,74.125.68.0-255,1484,32850,10,328755
48512,0.0002,172.31.36.0-255,66,32916,10,328755
48513,0.000217,74.125.68.0-255,2902,35818,10,328755
48514,0.00022,172.31.36.0-255,66,35884,10,328755
48515,0.000223,74.125.68.0-255,1484,37368,10,328755
48516,0.000225,172.31.36.0-255,66,37434,10,328755
48517,0.00023,74.125.68.0-255,2902,40336,10,328755
48518,0.000233,172.31.36.0-255,66,40402,10,328755
48519,0.000261,74.125.68.0-255,5738,46140,10,328755
48520,0.000264,172.31.36.0-255,66,46206,10,328755
48521,0.000277,74.125.68.0-255,2543,48749,10,328755
48522,0.000279,172.31.36.0-255,66,48815,10,328755
48523,0.000579,74.125.68.0-255,1484,50299,10,328755
48524,0.000586,74.125.68.0-255,2902,53201,10,328755
48525,0.000589,172.31.36.0-255,66,53267,10,328755
48526,0.000609,74.125.68.0-255,5738,59005,10,328755
48527,0.000613,172.31.36.0-255,66,59071,10,328755
48528,0.000628,74.125.68.0-255,4320,63391,10,328755
48529,0.000631,172.31.36.0-255,66,63457,10,328755
48530,0.000643,74.125.68.0-255,2543,66000,10,328755
48531,0.000646,172.31.36.0-255,66,66066,10,328755
48532,0.000697,74.125.68.0-255,1484,67550,10,328755
48533,0.000701,74.125.68.0-255,1484,69034,10,328755
48534,0.000704,172.31.36.0-255,66,69100,10,328755
48535,0.00072,74.125.68.0-255,1484,70584,10,328755
48536,0.000743,74.125.68.0-255,5738,76322,10,328755
48537,0.000746,172.31.36.0-255,66,76388,10,328755
48538,0.000749,74.125.68.0-255,1484,77872,10,328755
48539,0.00077,74.125.68.0-255,5379,83251,10,328755
48540,0.000772,172.31.36.0-255,66,83317,10,328755
48541,0.000776,74.125.68.0-255,1484,84801,10,328755
48542,0.000796,74.125.68.0-255,7156,91957,10,328755
48543,0.000798,172.31.36.0-255,66,92023,10,328755
48544,0.000802,74.125.68.0-255,1484,93507,10,328755
48545,0.000826,172.31.36.0-255,66,93573,10,328755
48546,0.000977,74.125.68.0-255,1484,95057,10,328755
48547,0.000983,74.125.68.0-255,2902,97959,10,328755
48548,0.000986,172.31.36.0-255,66,98025,10,328755
48549,0.001007,74.125.68.0-255,5738,103763,10,328755
48550,0.00101,172.31.36.0-255,66,103829,10,328755
48551,0.001054,172.31.36.0-255,66,103895,10,328755
48552,0.001091,74.125.68.0-255,2902,106797,10,328755
48553,0.001094,172.31.36.0-255,66,106863,10,328755
48554,0.00112,172.31.36.0-255,66,106929,10,328755
48555,0.001198,74.125.68.0-255,1484,108413,10,328755
48556,0.001204,74.125.68.0-255,2902,111315,10,328755
48557,0.001207,172.31.36.0-255,66,111381,10,328755
48558,0.001238,74.125.68.0-255,4320,115701,10,328755
48559,0.001241,172.31.36.0-255,66,115767,10,328755
48560,0.001299,74.125.68.0-255,4320,120087,10,328755
48561,0.001302,172.31.36.0-255,66,120153,10,328755
48562,0.001317,74.125.68.0-255,1484,121637,10,328755
48563,0.001329,172.31.36.0-255,66,121703,10,328755
48564,0.00134,172.31.36.0-255,66,121769,10,328755
48565,0.00138,74.125.68.0-255,1484,123253,10,328755
48566,0.001399,74.125.68.0-255,2902,126155,10,328755
48567,0.001402,172.31.36.0-255,66,126221,10,328755
48568,0.001427,74.125.68.0-255,5738,131959,10,328755
48569,0.00143,172.31.36.0-255,66,132025,10,328755
48570,0.001435,74.125.68.0-255,2902,134927,10,328755
48571,0.001439,172.31.36.0-255,66,134993,10,328755
48572,0.001451,74.125.68.0-255,4320,139313,10,328755
48573,0.001453,172.31.36.0-255,66,139379,10,328755
48574,0.001475,74.125.68.0-255,5738,145117,10,328755
48575,0.001478,172.31.36.0-255,66,145183,10,328755
48576,0.00149,172.31.36.0-255,66,145249,10,328755
48577,0.001503,74.125.68.0-255,766,146015,10,328755
48578,0.001534,74.125.68.0-255,1484,147499,10,328755
48579,0.001537,172.31.36.0-255,66,147565,10,328755
48580,0.001558,74.125.68.0-255,2902,150467,10,328755
48581,0.001563,172.31.36.0-255,66,150533,10,328755
48582,0.001577,74.125.68.0-255,5738,156271,10,328755
48583,0.001581,172.31.36.0-255,66,156337,10,328755
48584,0.001585,74.125.68.0-255,2902,159239,10,328755
48585,0.001587,172.31.36.0-255,66,159305,10,328755
48586,0.00159,74.125.68.0-255,1484,160789,10,328755
48587,0.001608,74.125.68.0-255,2902,163691,10,328755
48588,0.001611,172.31.36.0-255,66,163757,10,328755
48589,0.001615,74.125.68.0-255,2902,166659,10,328755
48590,0.001617,172.31.36.0-255,66,166725,10,328755
48591,0.001643,74.125.68.0-255,5738,172463,10,328755
48592,0.001646,172.31.36.0-255,66,172529,10,328755
48593,0.001653,74.125.68.0-255,7156,179685,10,328755
48594,0.001655,172.31.36.0-255,66,179751,10,328755
48595,0.001658,74.125.68.0-255,766,180517,10,328755
48596,0.001795,74.125.68.0-255,1484,182001,10,328755
48597,0.001799,172.31.36.0-255,66,182067,10,328755
48598,0.001804,74.125.68.0-255,2902,184969,10,328755
48599,0.001806,172.31.36.0-255,66,185035,10,328755
48600,0.00183,74.125.68.0-255,5738,190773,10,328755
48601,0.001833,172.31.36.0-255,66,190839,10,328755
48602,0.001862,74.125.68.0-255,7156,197995,10,328755
48603,0.001865,172.31.36.0-255,66,198061,10,328755
48604,0.001879,74.125.68.0-255,2902,200963,10,328755
48605,0.001882,172.31.36.0-255,66,201029,10,328755
48606,0.001906,172.31.36.0-255,66,201095,10,328755
48607,0.001936,74.125.68.0-255,2184,203279,10,328755
48608,0.001939,172.31.36.0-255,66,203345,10,328755
48609,0.002051,74.125.68.0-255,1484,204829,10,328755
48610,0.002055,74.125.68.0-255,1484,206313,10,328755
48611,0.002058,172.31.36.0-255,66,206379,10,328755
48612,0.002073,74.125.68.0-255,1484,207863,10,328755
48613,0.002096,74.125.68.0-255,4320,212183,10,328755
48614,0.002099,172.31.36.0-255,66,212249,10,328755
48615,0.002105,74.125.68.0-255,5738,217987,10,328755
48616,0.002111,172.31.36.0-255,66,218053,10,328755
48617,0.002141,172.31.36.0-255,66,218119,10,328755
48618,0.002147,74.125.68.0-255,4320,222439,10,328755
48619,0.002149,172.31.36.0-255,66,222505,10,328755
48620,0.002195,74.125.68.0-255,5738,228243,10,328755
48621,0.002199,172.31.36.0-255,66,228309,10,328755
48622,0.002225,172.31.36.0-255,66,228375,10,328755
48623,0.002236,172.31.36.0-255,66,228441,10,328755
48624,0.002256,74.125.68.0-255,7156,235597,10,328755
48625,0.002259,172.31.36.0-255,66,235663,10,328755
48626,0.002264,74.125.68.0-255,4320,239983,10,328755
48627,0.002267,74.125.68.0-255,2184,242167,10,328755
48628,0.00227,172.31.36.0-255,66,242233,10,328755
48629,0.002274,172.31.36.0-255,66,242299,10,328755
48630,0.004491,74.125.68.0-255,5738,248037,10,328755
48631,0.004497,172.31.36.0-255,66,248103,10,328755
48632,0.006723,74.125.68.0-255,5738,253841,10,328755
48633,0.006729,172.31.36.0-255,66,253907,10,328755
48634,0.008948,74.125.68.0-255,5738,259645,10,328755
48635,0.008953,172.31.36.0-255,66,259711,10,328755
48636,0.011167,74.125.68.0-255,5738,265449,10,328755
48637,0.011175,172.31.36.0-255,66,265515,10,328755
48638,0.013397,74.125.68.0-255,5738,271253,10,328755
48639,0.013403,172.31.36.0-255,66,271319,10,328755
48640,0.015637,74.125.68.0-255,5738,277057,10,328755
48641,0.015647,172.31.36.0-255,66,277123,10,328755
48642,0.017898,74.125.68.0-255,5738,282861,10,328755
48643,0.017907,172.31.36.0-255,66,282927,10,328755
48644,0.020135,74.125.68.0-255,5738,288665,10,328755
48645,0.020145,172.31.36.0-255,66,288731,10,328755
48646,0.02237,74.125.68.0-255,5738,294469,10,328755
48647,0.022376,172.31.36.0-255,66,294535,10,328755
48648,0.024601,74.125.68.0-255,5738,300273,10,328755
48649,0.024606,172.31.36.0-255,66,300339,10,328755
48650,0.02683,74.125.68.0-255,5738,306077,10,328755
48651,0.026839,172.31.36.0-255,66,306143,10,328755
48652,0.029061,74.125.68.0-255,5738,311881,10,328755
48653,0.029066,172.31.36.0-255,66,311947,10,328755
48654,0.029484,172.31.36.0-255,188,312135,10,328755
48655,0.029527,172.31.36.0-255,956,313091,10,328755
48656,0.029606,172.31.36.0-255,1514,314605,10,328755
48657,0.029608,172.31.36.0-255,1447,316052,10,328755
48658,0.03101,104.244.42.0-255,66,316118,10,328755
48659,0.031029,104.244.42.0-255,66,316184,10,328755
48660,0.031144,104.244.42.0-255,66,316250,10,328755
48661,0.0313,74.125.68.0-255,2902,319152,10,328755
48662,0.031304,172.31.36.0-255,66,319218,10,328755
48663,0.031338,74.125.68.0-255,2902,322120,10,328755
48664,0.031341,172.31.36.0-255,66,322186,10,328755
48665,0.031672,104.244.42.0-255,108,322294,10,328755
48666,0.031678,172.31.36.0-255,66,322360,10,328755
48667,0.033523,74.125.68.0-255,2902,325262,10,328755
48668,0.033529,172.31.36.0-255,66,325328,10,328755
48669,0.033561,74.125.68.0-255,2902,328230,10,328755
48670,0.033563,172.31.36.0-255,66,328296,10,328755
48671,0.035725,74.125.68.0-255,222,328518,10,328755
48672,0.035866,172.31.36.0-255,66,328584,10,328755
48673,0.035891,172.31.36.0-255,105,328689,10,328755
48674,0.038089,74.125.68.0-255,66,328755,10,328755
48675,0.0,74.125.200.0-255,153,153,10,380600
48676,2.5e-05,172.31.36.0-255,66,219,10,380600
48677,3.1e-05,74.125.200.0-255,1484,1703,10,380600
48678,3.6e-05,172.31.36.0-255,66,1769,10,380600
48679,6.6e-05,74.125.200.0-255,1484,3253,10,380600
48680,6.8e-05,172.31.36.0-255,66,3319,10,380600
48681,7.4e-05,74.125.200.0-255,2902,6221,10,380600
48682,7.7e-05,172.31.36.0-255,66,6287,10,380600
48683,8.6e-05,74.125.200.0-255,5738,12025,10,380600
48684,9e-05,172.31.36.0-255,66,12091,10,380600
48685,0.00013,74.125.200.0-255,4863,16954,10,380600
48686,0.000134,172.31.36.0-255,66,17020,10,380600
48687,0.00014,74.125.200.0-255,5738,22758,10,380600
48688,0.000142,172.31.36.0-255,66,22824,10,380600
48689,0.000175,172.31.36.0-255,66,22890,10,380600
48690,0.000199,74.125.200.0-255,1484,24374,10,380600
48691,0.000201,172.31.36.0-255,66,24440,10,380600
48692,0.000224,74.125.200.0-255,2902,27342,10,380600
48693,0.000226,172.31.36.0-255,66,27408,10,380600
48694,0.000252,74.125.200.0-255,5738,33146,10,380600
48695,0.000256,172.31.36.0-255,66,33212,10,380600
48696,0.000261,74.125.200.0-255,5738,38950,10,380600
48697,0.000263,172.31.36.0-255,66,39016,10,380600
48698,0.000349,74.125.200.0-255,1125,40141,10,380600
48699,0.000352,172.31.36.0-255,66,40207,10,380600
48700,0.000665,74.125.200.0-255,1484,41691,10,380600
48701,0.000671,172.31.36.0-255,66,41757,10,380600
48702,0.00068,74.125.200.0-255,2902,44659,10,380600
48703,0.000687,172.31.36.0-255,66,44725,10,380600
48704,0.000692,74.125.200.0-255,2902,47627,10,380600
48705,0.000695,172.31.36.0-255,66,47693,10,380600
48706,0.000732,74.125.200.0-255,2902,50595,10,380600
48707,0.000736,172.31.36.0-255,66,50661,10,380600
48708,0.000741,74.125.200.0-255,2902,53563,10,380600
48709,0.000743,172.31.36.0-255,66,53629,10,380600
48710,0.000754,74.125.200.0-255,3961,57590,10,380600
48711,0.000757,172.31.36.0-255,66,57656,10,380600
48712,0.00076,74.125.200.0-255,646,58302,10,380600
48713,0.000827,74.125.200.0-255,1484,59786,10,380600
48714,0.000831,172.31.36.0-255,66,59852,10,380600
48715,0.000858,74.125.200.0-255,2902,62754,10,380600
48716,0.000861,172.31.36.0-255,66,62820,10,380600
48717,0.000865,74.125.200.0-255,1484,64304,10,380600
48718,0.000891,74.125.200.0-255,2902,67206,10,380600
48719,0.000893,172.31.36.0-255,66,67272,10,380600
48720,0.000923,74.125.200.0-255,5738,73010,10,380600
48721,0.000926,172.31.36.0-255,66,73076,10,380600
48722,0.000956,74.125.200.0-255,7156,80232,10,380600
48723,0.00096,172.31.36.0-255,66,80298,10,380600
48724,0.000965,74.125.200.0-255,2902,83200,10,380600
48725,0.000967,172.31.36.0-255,66,83266,10,380600
48726,0.000972,74.125.200.0-255,4320,87586,10,380600
48727,0.000974,172.31.36.0-255,66,87652,10,380600
48728,0.001033,74.125.200.0-255,5020,92672,10,380600
48729,0.001038,172.31.36.0-255,66,92738,10,380600
48730,0.001195,74.125.200.0-255,1484,94222,10,380600
48731,0.001214,74.125.200.0-255,2902,97124,10,380600
48732,0.001219,172.31.36.0-255,66,97190,10,380600
48733,0.001224,74.125.200.0-255,2902,100092,10,380600
48734,0.001226,172.31.36.0-255,66,100158,10,380600
48735,0.001255,74.125.200.0-255,1484,101642,10,380600
48736,0.001276,74.125.200.0-255,7156,108798,10,380600
48737,0.001279,172.31.36.0-255,66,108864,10,380600
48738,0.001305,74.125.200.0-255,5738,114602,10,380600
48739,0.001308,172.31.36.0-255,66,114668,10,380600
48740,0.001338,74.125.200.0-255,2902,117570,10,380600
48741,0.001341,172.31.36.0-255,66,117636,10,380600
48742,0.001347,74.125.200.0-255,4320,121956,10,380600
48743,0.00135,172.31.36.0-255,66,122022,10,380600
48744,0.001362,74.125.200.0-255,5020,127042,10,380600
48745,0.001365,172.31.36.0-255,66,127108,10,380600
48746,0.003327,74.125.200.0-255,5738,132846,10,380600
48747,0.003333,172.31.36.0-255,66,132912,10,380600
48748,0.005314,74.125.200.0-255,5738,138650,10,380600
48749,0.005319,172.31.36.0-255,66,138716,10,380600
48750,0.007296,74.125.200.0-255,5738,144454,10,380600
48751,0.007303,172.31.36.0-255,66,144520,10,380600
48752,0.009292,74.125.200.0-255,5738,150258,10,380600
48753,0.009299,172.31.36.0-255,66,150324,10,380600
48754,0.011276,74.125.200.0-255,5738,156062,10,380600
48755,0.011284,172.31.36.0-255,66,156128,10,380600
48756,0.013268,74.125.200.0-255,4320,160448,10,380600
48757,0.013275,172.31.36.0-255,66,160514,10,380600
48758,0.01331,74.125.200.0-255,1484,161998,10,380600
48759,0.015247,74.125.200.0-255,4320,166318,10,380600
48760,0.015255,172.31.36.0-255,66,166384,10,380600
48761,0.017237,74.125.200.0-255,5738,172122,10,380600
48762,0.017244,172.31.36.0-255,66,172188,10,380600
48763,0.019233,74.125.200.0-255,5738,177926,10,380600
48764,0.019241,172.31.36.0-255,66,177992,10,380600
48765,0.021219,74.125.200.0-255,5738,183730,10,380600
48766,0.021226,172.31.36.0-255,66,183796,10,380600
48767,0.023239,74.125.200.0-255,5738,189534,10,380600
48768,0.023245,172.31.36.0-255,66,189600,10,380600
48769,0.025236,74.125.200.0-255,4320,193920,10,380600
48770,0.025242,172.31.36.0-255,66,193986,10,380600
48771,0.025273,74.125.200.0-255,1484,195470,10,380600
48772,0.026758,172.31.36.0-255,167,195637,10,380600
48773,0.026787,172.31.36.0-255,1111,196748,10,380600
48774,0.02682,172.31.36.0-255,1514,198262,10,380600
48775,0.026822,172.31.36.0-255,1292,199554,10,380600
48776,0.02723,74.125.200.0-255,4320,203874,10,380600
48777,0.027236,172.31.36.0-255,66,203940,10,380600
48778,0.028361,104.244.42.0-255,66,204006,10,380600
48779,0.028412,104.244.42.0-255,66,204072,10,380600
48780,0.028458,104.244.42.0-255,66,204138,10,380600
48781,0.029225,74.125.200.0-255,5738,209876,10,380600
48782,0.029231,172.31.36.0-255,66,209942,10,380600
48783,0.031217,74.125.200.0-255,5738,215680,10,380600
48784,0.031223,172.31.36.0-255,66,215746,10,380600
48785,0.033193,74.125.200.0-255,4320,220066,10,380600
48786,0.033199,172.31.36.0-255,66,220132,10,380600
48787,0.033235,74.125.200.0-255,1484,221616,10,380600
48788,0.035174,74.125.200.0-255,4320,225936,10,380600
48789,0.035178,172.31.36.0-255,66,226002,10,380600
48790,0.037142,74.125.200.0-255,5738,231740,10,380600
48791,0.037147,172.31.36.0-255,66,231806,10,380600
48792,0.039115,74.125.200.0-255,5738,237544,10,380600
48793,0.03912,172.31.36.0-255,66,237610,10,380600
48794,0.041105,74.125.200.0-255,4320,241930,10,380600
48795,0.04111,172.31.36.0-255,66,241996,10,380600
48796,0.041144,74.125.200.0-255,1484,243480,10,380600
48797,0.043084,74.125.200.0-255,4320,247800,10,380600
48798,0.043089,172.31.36.0-255,66,247866,10,380600
48799,0.045088,74.125.200.0-255,5738,253604,10,380600
48800,0.045093,172.31.36.0-255,66,253670,10,380600
48801,0.047075,74.125.200.0-255,5738,259408,10,380600
48802,0.04708,172.31.36.0-255,66,259474,10,380600
48803,0.049045,74.125.200.0-255,5738,265212,10,380600
48804,0.04905,172.31.36.0-255,66,265278,10,380600
48805,0.051023,74.125.200.0-255,5738,271016,10,380600
48806,0.051028,172.31.36.0-255,66,271082,10,380600
48807,0.053038,74.125.200.0-255,5738,276820,10,380600
48808,0.053044,172.31.36.0-255,66,276886,10,380600
48809,0.055008,74.125.200.0-255,5738,282624,10,380600
48810,0.055013,172.31.36.0-255,66,282690,10,380600
48811,0.057002,74.125.200.0-255,5738,288428,10,380600
48812,0.057007,172.31.36.0-255,66,288494,10,380600
48813,0.058979,74.125.200.0-255,5738,294232,10,380600
48814,0.058985,172.31.36.0-255,66,294298,10,380600
48815,0.06095,74.125.200.0-255,4320,298618,10,380600
48816,0.060955,172.31.36.0-255,66,298684,10,380600
48817,0.060989,74.125.200.0-255,1484,300168,10,380600
48818,0.062925,74.125.200.0-255,4320,304488,10,380600
48819,0.06293,172.31.36.0-255,66,304554,10,380600
48820,0.064915,74.125.200.0-255,5738,310292,10,380600
48821,0.06492,172.31.36.0-255,66,310358,10,380600
48822,0.066895,74.125.200.0-255,5738,316096,10,380600
48823,0.066901,172.31.36.0-255,66,316162,10,380600
48824,0.068866,74.125.200.0-255,5738,321900,10,380600
48825,0.068871,172.31.36.0-255,66,321966,10,380600
48826,0.070853,74.125.200.0-255,5738,327704,10,380600
48827,0.070858,172.31.36.0-255,66,327770,10,380600
48828,0.072831,74.125.200.0-255,5738,333508,10,380600
48829,0.072835,172.31.36.0-255,66,333574,10,380600
48830,0.074807,74.125.200.0-255,5738,339312,10,380600
48831,0.074812,172.31.36.0-255,66,339378,10,380600
48832,0.076794,74.125.200.0-255,5738,345116,10,380600
48833,0.076801,172.31.36.0-255,66,345182,10,380600
48834,0.078776,74.125.200.0-255,5738,350920,10,380600
48835,0.078784,172.31.36.0-255,66,350986,10,380600
48836,0.080747,74.125.200.0-255,5738,356724,10,380600
48837,0.080752,172.31.36.0-255,66,356790,10,380600
48838,0.082717,74.125.200.0-255,2902,359692,10,380600
48839,0.082723,172.31.36.0-255,66,359758,10,380600
48840,0.08276,74.125.200.0-255,2902,362660,10,380600
48841,0.082763,172.31.36.0-255,66,362726,10,380600
48842,0.084683,74.125.200.0-255,2902,365628,10,380600
48843,0.084689,172.31.36.0-255,66,365694,10,380600
48844,0.084734,74.125.200.0-255,2902,368596,10,380600
48845,0.084739,172.31.36.0-255,66,368662,10,380600
48846,0.086676,74.125.200.0-255,2902,371564,10,380600
48847,0.086681,172.31.36.0-255,66,371630,10,380600
48848,0.086719,74.125.200.0-255,2902,374532,10,380600
48849,0.086723,172.31.36.0-255,66,374598,10,380600
48850,0.088658,74.125.200.0-255,2902,377500,10,380600
48851,0.088663,172.31.36.0-255,66,377566,10,380600
48852,0.088699,74.125.200.0-255,1484,379050,10,380600
48853,0.088715,74.125.200.0-255,1484,380534,10,380600
48854,0.088719,172.31.36.0-255,66,380600,10,380600
48855,0.0,172.217.194.0-255,291,291,10,201997
48856,3.4e-05,172.31.36.0-255,66,357,10,201997
48857,4.2e-05,172.217.194.0-255,1484,1841,10,201997
48858,4.6e-05,172.31.36.0-255,66,1907,10,201997
48859,4.9e-05,172.217.194.0-255,1484,3391,10,201997
48860,5.1e-05,172.31.36.0-255,66,3457,10,201997
48861,5.6e-05,172.217.194.0-255,4320,7777,10,201997
48862,6e-05,172.31.36.0-255,66,7843,10,201997
48863,7.5e-05,172.217.194.0-255,1484,9327,10,201997
48864,7.7e-05,172.31.36.0-255,66,9393,10,201997
48865,0.000115,172.31.36.0-255,66,9459,10,201997
48866,0.000127,172.31.36.0-255,66,9525,10,201997
48867,0.00013,172.217.194.0-255,1125,10650,10,201997
48868,0.000132,172.31.36.0-255,66,10716,10,201997
48869,0.000204,172.217.194.0-255,1484,12200,10,201997
48870,0.000208,172.31.36.0-255,66,12266,10,201997
48871,0.000212,172.217.194.0-255,2902,15168,10,201997
48872,0.000215,172.31.36.0-255,66,15234,10,201997
48873,0.000227,172.217.194.0-255,1484,16718,10,201997
48874,0.000229,172.31.36.0-255,66,16784,10,201997
48875,0.000252,172.217.194.0-255,2902,19686,10,201997
48876,0.000255,172.31.36.0-255,66,19752,10,201997
48877,0.000262,172.217.194.0-255,5738,25490,10,201997
48878,0.000264,172.31.36.0-255,66,25556,10,201997
48879,0.000268,172.217.194.0-255,2902,28458,10,201997
48880,0.000271,172.31.36.0-255,66,28524,10,201997
48881,0.000307,172.31.36.0-255,66,28590,10,201997
48882,0.000313,172.217.194.0-255,5738,34328,10,201997
48883,0.000316,172.31.36.0-255,66,34394,10,201997
48884,0.000336,172.217.194.0-255,2184,36578,10,201997
48885,0.00034,172.31.36.0-255,66,36644,10,201997
48886,0.000379,172.217.194.0-255,391,37035,10,201997
48887,0.000447,172.217.194.0-255,1484,38519,10,201997
48888,0.000455,172.31.36.0-255,66,38585,10,201997
48889,0.000471,172.217.194.0-255,2902,41487,10,201997
48890,0.000474,172.31.36.0-255,66,41553,10,201997
48891,0.000477,172.217.194.0-255,5738,47291,10,201997
48892,0.00048,172.31.36.0-255,66,47357,10,201997
48893,0.000511,172.31.36.0-255,66,47423,10,201997
48894,0.00056,172.31.36.0-255,66,47489,10,201997
48895,0.000578,172.217.194.0-255,384,47873,10,201997
48896,0.000829,172.217.194.0-255,1484,49357,10,201997
48897,0.000833,172.31.36.0-255,66,49423,10,201997
48898,0.000839,172.217.194.0-255,2902,52325,10,201997
48899,0.000842,172.31.36.0-255,66,52391,10,201997
48900,0.000848,172.217.194.0-255,4320,56711,10,201997
48901,0.00085,172.31.36.0-255,66,56777,10,201997
48902,0.000868,172.217.194.0-255,1484,58261,10,201997
48903,0.000873,172.217.194.0-255,2902,61163,10,201997
48904,0.000876,172.31.36.0-255,66,61229,10,201997
48905,0.000905,172.31.36.0-255,66,61295,10,201997
48906,0.000917,172.31.36.0-255,66,61361,10,201997
48907,0.000945,172.217.194.0-255,4320,65681,10,201997
48908,0.000948,172.31.36.0-255,66,65747,10,201997
48909,0.000954,172.217.194.0-255,5738,71485,10,201997
48910,0.000957,172.31.36.0-255,66,71551,10,201997
48911,0.000987,172.31.36.0-255,66,71617,10,201997
48912,0.001042,172.31.36.0-255,66,71683,10,201997
48913,0.001049,172.217.194.0-255,4320,76003,10,201997
48914,0.001051,172.31.36.0-255,66,76069,10,201997
48915,0.001083,172.31.36.0-255,66,76135,10,201997
48916,0.001102,172.217.194.0-255,4320,80455,10,201997
48917,0.001105,172.31.36.0-255,66,80521,10,201997
48918,0.001134,172.31.36.0-255,66,80587,10,201997
48919,0.001184,172.217.194.0-255,1484,82071,10,201997
48920,0.00119,172.217.194.0-255,2902,84973,10,201997
48921,0.001194,172.31.36.0-255,66,85039,10,201997
48922,0.001214,172.217.194.0-255,5738,90777,10,201997
48923,0.001218,172.31.36.0-255,66,90843,10,201997
48924,0.001235,172.217.194.0-255,7156,97999,10,201997
48925,0.001238,172.31.36.0-255,66,98065,10,201997
48926,0.001257,172.217.194.0-255,5738,103803,10,201997
48927,0.001259,172.31.36.0-255,66,103869,10,201997
48928,0.001266,172.217.194.0-255,7156,111025,10,201997
48929,0.001269,172.31.36.0-255,66,111091,10,201997
48930,0.001294,172.217.194.0-255,3602,114693,10,201997
48931,0.001299,172.31.36.0-255,66,114759,10,201997
48932,0.001413,172.217.194.0-255,1484,116243,10,201997
48933,0.001426,172.217.194.0-255,2902,119145,10,201997
48934,0.00143,172.31.36.0-255,66,119211,10,201997
48935,0.001453,172.217.194.0-255,5738,124949,10,201997
48936,0.001457,172.31.36.0-255,66,125015,10,201997
48937,0.001516,172.31.36.0-255,66,125081,10,201997
48938,0.00153,172.31.36.0-255,66,125147,10,201997
48939,0.001552,172.217.194.0-255,4320,129467,10,201997
48940,0.001555,172.31.36.0-255,66,129533,10,201997
48941,0.001561,172.217.194.0-255,5738,135271,10,201997
48942,0.001563,172.31.36.0-255,66,135337,10,201997
48943,0.001589,172.217.194.0-255,4320,139657,10,201997
48944,0.001592,172.31.36.0-255,66,139723,10,201997
48945,0.001619,172.217.194.0-255,7156,146879,10,201997
48946,0.001623,172.31.36.0-255,66,146945,10,201997
48947,0.001629,172.217.194.0-255,4320,151265,10,201997
48948,0.001631,172.31.36.0-255,66,151331,10,201997
48949,0.00169,172.217.194.0-255,5738,157069,10,201997
48950,0.001691,172.31.36.0-255,66,157135,10,201997
48951,0.001695,172.31.36.0-255,66,157201,10,201997
48952,0.001737,172.31.36.0-255,66,157267,10,201997
48953,0.001747,172.31.36.0-255,66,157333,10,201997
48954,0.001752,172.217.194.0-255,4320,161653,10,201997
48955,0.001755,172.31.36.0-255,66,161719,10,201997
48956,0.001782,172.217.194.0-255,2902,164621,10,201997
48957,0.001786,172.31.36.0-255,66,164687,10,201997
48958,0.001797,172.31.36.0-255,66,164753,10,201997
48959,0.001802,172.217.194.0-255,4320,169073,10,201997
48960,0.001804,172.31.36.0-255,66,169139,10,201997
48961,0.001834,172.31.36.0-255,66,169205,10,201997
48962,0.001837,172.217.194.0-255,766,169971,10,201997
48963,0.002003,172.217.194.0-255,1484,171455,10,201997
48964,0.002009,172.31.36.0-255,66,171521,10,201997
48965,0.002014,172.217.194.0-255,2902,174423,10,201997
48966,0.002017,172.217.194.0-255,1484,175907,10,201997
48967,0.002018,172.31.36.0-255,66,175973,10,201997
48968,0.002034,172.217.194.0-255,4320,180293,10,201997
48969,0.002037,172.31.36.0-255,66,180359,10,201997
48970,0.002051,172.31.36.0-255,66,180425,10,201997
48971,0.002072,172.217.194.0-255,1484,181909,10,201997
48972,0.002077,172.217.194.0-255,4320,186229,10,201997
48973,0.00208,172.31.36.0-255,66,186295,10,201997
48974,0.002103,172.217.194.0-255,6438,192733,10,201997
48975,0.002106,172.31.36.0-255,66,192799,10,201997
48976,0.002118,172.31.36.0-255,66,192865,10,201997
48977,0.002138,172.217.194.0-255,2902,195767,10,201997
48978,0.002142,172.31.36.0-255,66,195833,10,201997
48979,0.002145,172.217.194.0-255,677,196510,10,201997
48980,0.002148,172.217.194.0-255,97,196607,10,201997
48981,0.0022,172.217.194.0-255,105,196712,10,201997
48982,0.002225,172.217.194.0-255,129,196841,10,201997
48983,0.002553,172.31.36.0-255,101,196942,10,201997
48984,0.003697,172.31.36.0-255,105,197047,10,201997
48985,0.003721,172.31.36.0-255,105,197152,10,201997
48986,0.003978,172.31.36.0-255,90,197242,10,201997
48987,0.003988,172.31.36.0-255,66,197308,10,201997
48988,0.004848,172.217.194.0-255,66,197374,10,201997
48989,0.005978,172.217.194.0-255,66,197440,10,201997
48990,0.006013,172.217.194.0-255,66,197506,10,201997
48991,0.006269,172.217.194.0-255,66,197572,10,201997
48992,0.006366,172.217.194.0-255,66,197638,10,201997
48993,0.006372,172.31.36.0-255,66,197704,10,201997
48994,0.035568,172.31.36.0-255,176,197880,10,201997
48995,0.035601,172.31.36.0-255,1112,198992,10,201997
48996,0.035643,172.31.36.0-255,1514,200506,10,201997
48997,0.035645,172.31.36.0-255,1293,201799,10,201997
48998,0.037094,104.244.42.0-255,66,201865,10,201997
48999,0.03715,104.244.42.0-255,66,201931,10,201997
49000,0.037212,104.244.42.0-255,66,201997,10,201997
49001,0.0,172.217.194.0-255,152,152,10,315874
49002,1.5e-05,172.31.36.0-255,66,218,10,315874
49003,2.1e-05,172.217.194.0-255,1484,1702,10,315874
49004,2.5e-05,172.31.36.0-255,66,1768,10,315874
49005,3.8e-05,172.217.194.0-255,2902,4670,10,315874
49006,4e-05,172.31.36.0-255,66,4736,10,315874
49007,4.5e-05,172.217.194.0-255,2902,7638,10,315874
49008,4.7e-05,172.31.36.0-255,66,7704,10,315874
49009,6.2e-05,172.217.194.0-255,1484,9188,10,315874
49010,6.5e-05,172.31.36.0-255,66,9254,10,315874
49011,9e-05,172.217.194.0-255,4921,14175,10,315874
49012,9.3e-05,172.31.36.0-255,66,14241,10,315874
49013,0.0001,172.217.194.0-255,7156,21397,10,315874
49014,0.000103,172.31.36.0-255,66,21463,10,315874
49015,0.000126,172.217.194.0-255,5738,27201,10,315874
49016,0.000128,172.31.36.0-255,66,27267,10,315874
49017,0.000155,172.217.194.0-255,3961,31228,10,315874
49018,0.000157,172.31.36.0-255,66,31294,10,315874
49019,0.00018,172.217.194.0-255,1484,32778,10,315874
49020,0.000182,172.31.36.0-255,66,32844,10,315874
49021,0.000187,172.217.194.0-255,2902,35746,10,315874
49022,0.000189,172.31.36.0-255,66,35812,10,315874
49023,0.000215,172.217.194.0-255,5738,41550,10,315874
49024,0.000218,172.31.36.0-255,66,41616,10,315874
49025,0.000222,172.217.194.0-255,2902,44518,10,315874
49026,0.000224,172.31.36.0-255,66,44584,10,315874
49027,0.000245,172.217.194.0-255,5379,49963,10,315874
49028,0.000248,172.31.36.0-255,66,50029,10,315874
49029,0.000255,172.217.194.0-255,7156,57185,10,315874
49030,0.000257,172.31.36.0-255,66,57251,10,315874
49031,0.000286,172.31.36.0-255,66,57317,10,315874
49032,0.000288,172.217.194.0-255,118,57435,10,315874
49033,0.000307,172.217.194.0-255,383,57818,10,315874
49034,0.000515,172.217.194.0-255,1484,59302,10,315874
49035,0.00052,172.31.36.0-255,66,59368,10,315874
49036,0.000526,172.217.194.0-255,2902,62270,10,315874
49037,0.000529,172.31.36.0-255,66,62336,10,315874
49038,0.000539,172.217.194.0-255,5738,68074,10,315874
49039,0.000541,172.31.36.0-255,66,68140,10,315874
49040,0.000544,172.217.194.0-255,1484,69624,10,315874
49041,0.000585,172.217.194.0-255,4320,73944,10,315874
49042,0.00059,172.31.36.0-255,66,74010,10,315874
49043,0.000593,172.31.36.0-255,66,74076,10,315874
49044,0.000607,172.217.194.0-255,6438,80514,10,315874
49045,0.000609,172.31.36.0-255,66,80580,10,315874
49046,0.001214,172.217.194.0-255,1484,82064,10,315874
49047,0.00122,172.217.194.0-255,2902,84966,10,315874
49048,0.001223,172.31.36.0-255,66,85032,10,315874
49049,0.001227,172.217.194.0-255,1484,86516,10,315874
49050,0.001252,172.217.194.0-255,4320,90836,10,315874
49051,0.001255,172.31.36.0-255,66,90902,10,315874
49052,0.001267,172.31.36.0-255,66,90968,10,315874
49053,0.001302,172.31.36.0-255,66,91034,10,315874
49054,0.003576,172.217.194.0-255,5738,96772,10,315874
49055,0.003583,172.31.36.0-255,66,96838,10,315874
49056,0.005853,172.217.194.0-255,5738,102576,10,315874
49057,0.005857,172.31.36.0-255,66,102642,10,315874
49058,0.008162,172.217.194.0-255,5738,108380,10,315874
49059,0.00817,172.31.36.0-255,66,108446,10,315874
49060,0.010439,172.217.194.0-255,5738,114184,10,315874
49061,0.010447,172.31.36.0-255,66,114250,10,315874
49062,0.012715,172.217.194.0-255,5738,119988,10,315874
49063,0.012724,172.31.36.0-255,66,120054,10,315874
49064,0.014981,172.217.194.0-255,5738,125792,10,315874
49065,0.014992,172.31.36.0-255,66,125858,10,315874
49066,0.017271,172.217.194.0-255,5738,131596,10,315874
49067,0.017278,172.31.36.0-255,66,131662,10,315874
49068,0.019585,172.217.194.0-255,5738,137400,10,315874
49069,0.019594,172.31.36.0-255,66,137466,10,315874
49070,0.02187,172.217.194.0-255,5738,143204,10,315874
49071,0.02188,172.31.36.0-255,66,143270,10,315874
49072,0.024148,172.217.194.0-255,5738,149008,10,315874
49073,0.024156,172.31.36.0-255,66,149074,10,315874
49074,0.025962,172.31.36.0-255,171,149245,10,315874
49075,0.025994,172.31.36.0-255,1111,150356,10,315874
49076,0.02606,172.31.36.0-255,1514,151870,10,315874
49077,0.026078,172.31.36.0-255,1294,153164,10,315874
49078,0.026433,172.217.194.0-255,5738,158902,10,315874
49079,0.02644,172.31.36.0-255,66,158968,10,315874
49080,0.027496,104.244.42.0-255,66,159034,10,315874
49081,0.027504,104.244.42.0-255,66,159100,10,315874
49082,0.02763,104.244.42.0-255,66,159166,10,315874
49083,0.028703,172.217.194.0-255,5738,164904,10,315874
49084,0.028714,172.31.36.0-255,66,164970,10,315874
49085,0.030997,172.217.194.0-255,5738,170708,10,315874
49086,0.031004,172.31.36.0-255,66,170774,10,315874
49087,0.033261,172.217.194.0-255,5738,176512,10,315874
49088,0.033268,172.31.36.0-255,66,176578,10,315874
49089,0.035543,172.217.194.0-255,5738,182316,10,315874
49090,0.03555,172.31.36.0-255,66,182382,10,315874
49091,0.037814,172.217.194.0-255,5738,188120,10,315874
49092,0.037822,172.31.36.0-255,66,188186,10,315874
49093,0.040099,172.217.194.0-255,5738,193924,10,315874
49094,0.040108,172.31.36.0-255,66,193990,10,315874
49095,0.042393,172.217.194.0-255,5738,199728,10,315874
49096,0.042401,172.31.36.0-255,66,199794,10,315874
49097,0.044701,172.217.194.0-255,5738,205532,10,315874
49098,0.044709,172.31.36.0-255,66,205598,10,315874
49099,0.046993,172.217.194.0-255,5738,211336,10,315874
49100,0.047001,172.31.36.0-255,66,211402,10,315874
49101,0.049333,172.217.194.0-255,5738,217140,10,315874
49102,0.04934,172.31.36.0-255,66,217206,10,315874
49103,0.051621,172.217.194.0-255,5738,222944,10,315874
49104,0.051628,172.31.36.0-255,66,223010,10,315874
49105,0.053901,172.217.194.0-255,5738,228748,10,315874
49106,0.053908,172.31.36.0-255,66,228814,10,315874
49107,0.05616,172.217.194.0-255,5738,234552,10,315874
49108,0.056167,172.31.36.0-255,66,234618,10,315874
49109,0.058468,172.217.194.0-255,5738,240356,10,315874
49110,0.058476,172.31.36.0-255,66,240422,10,315874
49111,0.060751,172.217.194.0-255,5738,246160,10,315874
49112,0.060758,172.31.36.0-255,66,246226,10,315874
49113,0.063039,172.217.194.0-255,5738,251964,10,315874
49114,0.063046,172.31.36.0-255,66,252030,10,315874
49115,0.065329,172.217.194.0-255,5738,257768,10,315874
49116,0.065336,172.31.36.0-255,66,257834,10,315874
49117,0.067636,172.217.194.0-255,5738,263572,10,315874
49118,0.067643,172.31.36.0-255,66,263638,10,315874
49119,0.069929,172.217.194.0-255,5738,269376,10,315874
49120,0.069936,172.31.36.0-255,66,269442,10,315874
49121,0.072198,172.217.194.0-255,5738,275180,10,315874
49122,0.072205,172.31.36.0-255,66,275246,10,315874
49123,0.074485,172.217.194.0-255,5738,280984,10,315874
49124,0.074492,172.31.36.0-255,66,281050,10,315874
49125,0.076784,172.217.194.0-255,5738,286788,10,315874
49126,0.076793,172.31.36.0-255,66,286854,10,315874
49127,0.079071,172.217.194.0-255,5738,292592,10,315874
49128,0.079078,172.31.36.0-255,66,292658,10,315874
49129,0.081378,172.217.194.0-255,5738,298396,10,315874
49130,0.081383,172.31.36.0-255,66,298462,10,315874
49131,0.083688,172.217.194.0-255,5738,304200,10,315874
49132,0.083696,172.31.36.0-255,66,304266,10,315874
49133,0.08595,172.217.194.0-255,5738,310004,10,315874
49134,0.085956,172.31.36.0-255,66,310070,10,315874
49135,0.088243,172.217.194.0-255,5738,315808,10,315874
49136,0.088251,172.31.36.0-255,66,315874,10,315874
49137,0.0,74.125.200.0-255,153,153,10,368485
49138,2.4e-05,172.31.36.0-255,66,219,10,368485
49139,3.1e-05,74.125.200.0-255,1484,1703,10,368485
49140,3.6e-05,172.31.36.0-255,66,1769,10,368485
49141,4.2e-05,74.125.200.0-255,2902,4671,10,368485
49142,4.5e-05,172.31.36.0-255,66,4737,10,368485
49143,6.1e-05,74.125.200.0-255,5738,10475,10,368485
49144,6.4e-05,172.31.36.0-255,66,10541,10,368485
49145,6.8e-05,74.125.200.0-255,1484,12025,10,368485
49146,7e-05,172.31.36.0-255,66,12091,10,368485
49147,7.5e-05,74.125.200.0-255,2014,14105,10,368485
49148,7.8e-05,172.31.36.0-255,66,14171,10,368485
49149,0.000127,74.125.200.0-255,5738,19909,10,368485
49150,0.000131,172.31.36.0-255,66,19975,10,368485
49151,0.000136,74.125.200.0-255,2902,22877,10,368485
49152,0.000138,172.31.36.0-255,66,22943,10,368485
49153,0.000143,74.125.200.0-255,4320,27263,10,368485
49154,0.000146,172.31.36.0-255,66,27329,10,368485
49155,0.000171,74.125.200.0-255,3961,31290,10,368485
49156,0.000174,172.31.36.0-255,66,31356,10,368485
49157,0.000247,74.125.200.0-255,1484,32840,10,368485
49158,0.000251,172.31.36.0-255,66,32906,10,368485
49159,0.00026,74.125.200.0-255,2902,35808,10,368485
49160,0.000263,172.31.36.0-255,66,35874,10,368485
49161,0.000271,74.125.200.0-255,1484,37358,10,368485
49162,0.000273,172.31.36.0-255,66,37424,10,368485
49163,0.000277,74.125.200.0-255,2902,40326,10,368485
49164,0.00028,172.31.36.0-255,66,40392,10,368485
49165,0.000307,74.125.200.0-255,5738,46130,10,368485
49166,0.00031,172.31.36.0-255,66,46196,10,368485
49167,0.000351,172.31.36.0-255,66,46262,10,368485
49168,0.000379,74.125.200.0-255,2902,49164,10,368485
49169,0.000393,74.125.200.0-255,3602,52766,10,368485
49170,0.000408,74.125.200.0-255,427,53193,10,368485
49171,0.000509,74.125.200.0-255,1484,54677,10,368485
49172,0.000523,74.125.200.0-255,2902,57579,10,368485
49173,0.000538,74.125.200.0-255,2902,60481,10,368485
49174,0.000551,74.125.200.0-255,2902,63383,10,368485
49175,0.000571,74.125.200.0-255,1484,64867,10,368485
49176,0.000603,74.125.200.0-255,1484,66351,10,368485
49177,0.000639,74.125.200.0-255,1484,67835,10,368485
49178,0.000643,74.125.200.0-255,2184,70019,10,368485
49179,0.000657,74.125.200.0-255,348,70367,10,368485
49180,0.000696,172.31.36.0-255,66,70433,10,368485
49181,0.000972,74.125.200.0-255,1484,71917,10,368485
49182,0.000976,74.125.200.0-255,1484,73401,10,368485
49183,0.000984,172.31.36.0-255,66,73467,10,368485
49184,0.000993,74.125.200.0-255,1484,74951,10,368485
49185,0.001004,74.125.200.0-255,5738,80689,10,368485
49186,0.001026,74.125.200.0-255,4320,85009,10,368485
49187,0.001054,74.125.200.0-255,2902,87911,10,368485
49188,0.001069,74.125.200.0-255,1484,89395,10,368485
49189,0.001081,172.31.36.0-255,66,89461,10,368485
49190,0.001093,74.125.200.0-255,4320,93781,10,368485
49191,0.001098,172.31.36.0-255,66,93847,10,368485
49192,0.001119,74.125.200.0-255,2184,96031,10,368485
49193,0.001143,172.31.36.0-255,66,96097,10,368485
49194,0.001356,74.125.200.0-255,1484,97581,10,368485
49195,0.001363,74.125.200.0-255,2902,100483,10,368485
49196,0.001403,172.31.36.0-255,66,100549,10,368485
49197,0.001423,74.125.200.0-255,5738,106287,10,368485
49198,0.001428,74.125.200.0-255,2902,109189,10,368485
49199,0.001432,74.125.200.0-255,4320,113509,10,368485
49200,0.001453,74.125.200.0-255,5738,119247,10,368485
49201,0.001468,74.125.200.0-255,1484,120731,10,368485
49202,0.001478,74.125.200.0-255,766,121497,10,368485
49203,0.001481,172.31.36.0-255,66,121563,10,368485
49204,0.001497,172.31.36.0-255,66,121629,10,368485
49205,0.001743,74.125.200.0-255,1484,123113,10,368485
49206,0.001772,74.125.200.0-255,2902,126015,10,368485
49207,0.001775,172.31.36.0-255,66,126081,10,368485
49208,0.001782,74.125.200.0-255,5738,131819,10,368485
49209,0.001789,172.31.36.0-255,66,131885,10,368485
49210,0.001808,74.125.200.0-255,1484,133369,10,368485
49211,0.00181,74.125.200.0-255,1484,134853,10,368485
49212,0.001828,74.125.200.0-255,1484,136337,10,368485
49213,0.001831,172.31.36.0-255,66,136403,10,368485
49214,0.001854,74.125.200.0-255,2902,139305,10,368485
49215,0.001876,74.125.200.0-255,4320,143625,10,368485
49216,0.001879,172.31.36.0-255,66,143691,10,368485
49217,0.001884,172.31.36.0-255,66,143757,10,368485
49218,0.001907,74.125.200.0-255,7156,150913,10,368485
49219,0.001936,172.31.36.0-255,66,150979,10,368485
49220,0.001955,74.125.200.0-255,5738,156717,10,368485
49221,0.001967,74.125.200.0-255,766,157483,10,368485
49222,0.00198,74.125.200.0-255,1484,158967,10,368485
49223,0.001991,172.31.36.0-255,66,159033,10,368485
49224,0.001998,74.125.200.0-255,5738,164771,10,368485
49225,0.002,74.125.200.0-255,1484,166255,10,368485
49226,0.002019,74.125.200.0-255,2902,169157,10,368485
49227,0.002026,74.125.200.0-255,5738,174895,10,368485
49228,0.002031,172.31.36.0-255,66,174961,10,368485
49229,0.002069,74.125.200.0-255,3602,178563,10,368485
49230,0.002095,172.31.36.0-255,66,178629,10,368485
49231,0.00218,74.125.200.0-255,1484,180113,10,368485
49232,0.002198,74.125.200.0-255,1484,181597,10,368485
49233,0.002203,172.31.36.0-255,66,181663,10,368485
49234,0.002221,74.125.200.0-255,1484,183147,10,368485
49235,0.002225,74.125.200.0-255,1484,184631,10,368485
49236,0.002229,74.125.200.0-255,2902,187533,10,368485
49237,0.002237,172.31.36.0-255,66,187599,10,368485
49238,0.002251,74.125.200.0-255,5738,193337,10,368485
49239,0.002273,74.125.200.0-255,1484,194821,10,368485
49240,0.002288,74.125.200.0-255,1484,196305,10,368485
49241,0.002294,74.125.200.0-255,4320,200625,10,368485
49242,0.002309,172.31.36.0-255,66,200691,10,368485
49243,0.002326,74.125.200.0-255,4320,205011,10,368485
49244,0.002345,74.125.200.0-255,4320,209331,10,368485
49245,0.002348,74.125.200.0-255,1484,210815,10,368485
49246,0.002375,74.125.200.0-255,2184,212999,10,368485
49247,0.002397,172.31.36.0-255,66,213065,10,368485
49248,0.003174,172.31.36.0-255,101,213166,10,368485
49249,0.004741,74.125.200.0-255,5738,218904,10,368485
49250,0.004755,172.31.36.0-255,66,218970,10,368485
49251,0.00547,74.125.200.0-255,66,219036,10,368485
49252,0.007088,74.125.200.0-255,5738,224774,10,368485
49253,0.009531,172.31.36.0-255,66,224840,10,368485
49254,0.011887,74.125.200.0-255,5738,230578,10,368485
49255,0.011905,172.31.36.0-255,66,230644,10,368485
49256,0.014252,74.125.200.0-255,5738,236382,10,368485
49257,0.014269,172.31.36.0-255,66,236448,10,368485
49258,0.016624,74.125.200.0-255,5738,242186,10,368485
49259,0.016642,172.31.36.0-255,66,242252,10,368485
49260,0.018993,74.125.200.0-255,5738,247990,10,368485
49261,0.019009,172.31.36.0-255,66,248056,10,368485
49262,0.021378,74.125.200.0-255,5738,253794,10,368485
49263,0.021396,172.31.36.0-255,66,253860,10,368485
49264,0.023743,74.125.200.0-255,5738,259598,10,368485
49265,0.023762,172.31.36.0-255,66,259664,10,368485
49266,0.02615,74.125.200.0-255,5738,265402,10,368485
49267,0.026168,172.31.36.0-255,66,265468,10,368485
49268,0.028025,172.31.36.0-255,172,265640,10,368485
49269,0.028062,172.31.36.0-255,1114,266754,10,368485
49270,0.028122,172.31.36.0-255,1514,268268,10,368485
49271,0.028124,172.31.36.0-255,1289,269557,10,368485
49272,0.028501,74.125.200.0-255,5738,275295,10,368485
49273,0.02851,172.31.36.0-255,66,275361,10,368485
49274,0.029591,104.244.42.0-255,66,275427,10,368485
49275,0.029731,104.244.42.0-255,66,275493,10,368485
49276,0.029736,104.244.42.0-255,66,275559,10,368485
49277,0.030859,74.125.200.0-255,5738,281297,10,368485
49278,0.030871,172.31.36.0-255,66,281363,10,368485
49279,0.03323,74.125.200.0-255,5738,287101,10,368485
49280,0.033242,172.31.36.0-255,66,287167,10,368485
49281,0.035581,74.125.200.0-255,5738,292905,10,368485
49282,0.035588,172.31.36.0-255,66,292971,10,368485
49283,0.037947,74.125.200.0-255,5738,298709,10,368485
49284,0.037954,172.31.36.0-255,66,298775,10,368485
49285,0.040301,74.125.200.0-255,5738,304513,10,368485
49286,0.040308,172.31.36.0-255,66,304579,10,368485
49287,0.042648,74.125.200.0-255,5738,310317,10,368485
49288,0.042654,172.31.36.0-255,66,310383,10,368485
49289,0.044991,74.125.200.0-255,5738,316121,10,368485
49290,0.044998,172.31.36.0-255,66,316187,10,368485
49291,0.047342,74.125.200.0-255,5738,321925,10,368485
49292,0.047352,172.31.36.0-255,66,321991,10,368485
49293,0.049692,74.125.200.0-255,5738,327729,10,368485
49294,0.049697,172.31.36.0-255,66,327795,10,368485
49295,0.052044,74.125.200.0-255,5738,333533,10,368485
49296,0.052051,172.31.36.0-255,66,333599,10,368485
49297,0.054399,74.125.200.0-255,5738,339337,10,368485
49298,0.054406,172.31.36.0-255,66,339403,10,368485
49299,0.05673,74.125.200.0-255,5738,345141,10,368485
49300,0.056736,172.31.36.0-255,66,345207,10,368485
49301,0.059074,74.125.200.0-255,5738,350945,10,368485
49302,0.05908,172.31.36.0-255,66,351011,10,368485
49303,0.061428,74.125.200.0-255,5738,356749,10,368485
49304,0.061435,172.31.36.0-255,66,356815,10,368485
49305,0.063811,74.125.200.0-255,5738,362553,10,368485
49306,0.063818,172.31.36.0-255,66,362619,10,368485
49307,0.066173,74.125.200.0-255,5629,368248,10,368485
49308,0.066178,172.31.36.0-255,66,368314,10,368485
49309,0.066326,172.31.36.0-255,105,368419,10,368485
49310,0.073136,74.125.200.0-255,66,368485,10,368485
49311,0.0,172.31.36.0-255,66,66,10,66
49312,0.0,172.217.160.0-255,153,153,10,340667
49313,2.9e-05,172.31.36.0-255,66,219,10,340667
49314,3.7e-05,172.217.160.0-255,1484,1703,10,340667
49315,4.1e-05,172.31.36.0-255,66,1769,10,340667
49316,4.7e-05,172.217.160.0-255,2902,4671,10,340667
49317,5e-05,172.31.36.0-255,66,4737,10,340667
49318,5.8e-05,172.217.160.0-255,7156,11893,10,340667
49319,6.1e-05,172.31.36.0-255,66,11959,10,340667
49320,6.5e-05,172.217.160.0-255,2066,14025,10,340667
49321,6.8e-05,172.31.36.0-255,66,14091,10,340667
49322,7.9e-05,172.31.36.0-255,66,14157,10,340667
49323,9.9e-05,172.217.160.0-255,2902,17059,10,340667
49324,0.000102,172.31.36.0-255,66,17125,10,340667
49325,0.000107,172.217.160.0-255,5379,22504,10,340667
49326,0.00011,172.31.36.0-255,66,22570,10,340667
49327,0.000155,172.217.160.0-255,1484,24054,10,340667
49328,0.000159,172.31.36.0-255,66,24120,10,340667
49329,0.000164,172.217.160.0-255,2902,27022,10,340667
49330,0.000167,172.31.36.0-255,66,27088,10,340667
49331,0.000189,172.217.160.0-255,5738,32826,10,340667
49332,0.000192,172.31.36.0-255,66,32892,10,340667
49333,0.0002,172.217.160.0-255,4320,37212,10,340667
49334,0.000202,172.31.36.0-255,66,37278,10,340667
49335,0.000225,172.217.160.0-255,2543,39821,10,340667
49336,0.000227,172.31.36.0-255,66,39887,10,340667
49337,0.0003,172.217.160.0-255,1484,41371,10,340667
49338,0.000304,172.31.36.0-255,66,41437,10,340667
49339,0.000309,172.217.160.0-255,2902,44339,10,340667
49340,0.000312,172.31.36.0-255,66,44405,10,340667
49341,0.000353,172.217.160.0-255,5738,50143,10,340667
49342,0.000357,172.31.36.0-255,66,50209,10,340667
49343,0.000364,172.217.160.0-255,7106,57315,10,340667
49344,0.000367,172.31.36.0-255,66,57381,10,340667
49345,0.000632,172.217.160.0-255,102,57483,10,340667
49346,0.000737,172.217.160.0-255,1484,58967,10,340667
49347,0.000741,172.31.36.0-255,66,59033,10,340667
49348,0.000746,172.217.160.0-255,2902,61935,10,340667
49349,0.000749,172.31.36.0-255,66,62001,10,340667
49350,0.000756,172.217.160.0-255,5738,67739,10,340667
49351,0.000758,172.31.36.0-255,66,67805,10,340667
49352,0.000797,172.217.160.0-255,4320,72125,10,340667
49353,0.0008,172.31.36.0-255,66,72191,10,340667
49354,0.000828,172.31.36.0-255,66,72257,10,340667
49355,0.000835,172.217.160.0-255,5738,77995,10,340667
49356,0.000837,172.31.36.0-255,66,78061,10,340667
49357,0.000869,172.217.160.0-255,3961,82022,10,340667
49358,0.000872,172.31.36.0-255,66,82088,10,340667
49359,0.00091,172.217.160.0-255,1484,83572,10,340667
49360,0.000916,172.217.160.0-255,2902,86474,10,340667
49361,0.000918,172.31.36.0-255,66,86540,10,340667
49362,0.000937,172.217.160.0-255,5738,92278,10,340667
49363,0.000941,172.31.36.0-255,66,92344,10,340667
49364,0.000945,172.217.160.0-255,1484,93828,10,340667
49365,0.000975,172.31.36.0-255,66,93894,10,340667
49366,0.000981,172.217.160.0-255,5738,99632,10,340667
49367,0.000983,172.31.36.0-255,66,99698,10,340667
49368,0.001014,172.217.160.0-255,5020,104718,10,340667
49369,0.001018,172.31.36.0-255,66,104784,10,340667
49370,0.001048,172.217.160.0-255,5738,110522,10,340667
49371,0.001051,172.31.36.0-255,66,110588,10,340667
49372,0.001057,172.217.160.0-255,5738,116326,10,340667
49373,0.001059,172.31.36.0-255,66,116392,10,340667
49374,0.001078,172.217.160.0-255,7156,123548,10,340667
49375,0.001081,172.31.36.0-255,66,123614,10,340667
49376,0.001088,172.217.160.0-255,7156,130770,10,340667
49377,0.001091,172.31.36.0-255,66,130836,10,340667
49378,0.001111,172.217.160.0-255,2902,133738,10,340667
49379,0.001115,172.31.36.0-255,66,133804,10,340667
49380,0.001135,172.217.160.0-255,5020,138824,10,340667
49381,0.001139,172.31.36.0-255,66,138890,10,340667
49382,0.001156,172.217.160.0-255,1484,140374,10,340667
49383,0.001173,172.217.160.0-255,2902,143276,10,340667
49384,0.001177,172.31.36.0-255,66,143342,10,340667
49385,0.001183,172.217.160.0-255,5738,149080,10,340667
49386,0.001185,172.31.36.0-255,66,149146,10,340667
49387,0.001232,172.31.36.0-255,66,149212,10,340667
49388,0.001236,172.31.36.0-255,66,149278,10,340667
49389,0.001252,172.217.160.0-255,2184,151462,10,340667
49390,0.001256,172.31.36.0-255,66,151528,10,340667
49391,0.001322,172.217.160.0-255,1484,153012,10,340667
49392,0.001342,172.217.160.0-255,2902,155914,10,340667
49393,0.001345,172.31.36.0-255,66,155980,10,340667
49394,0.001351,172.217.160.0-255,5738,161718,10,340667
49395,0.001353,172.31.36.0-255,66,161784,10,340667
49396,0.001359,172.217.160.0-255,4320,166104,10,340667
49397,0.001361,172.31.36.0-255,66,166170,10,340667
49398,0.0014,172.31.36.0-255,66,166236,10,340667
49399,0.001406,172.217.160.0-255,5738,171974,10,340667
49400,0.001408,172.31.36.0-255,66,172040,10,340667
49401,0.001434,172.217.160.0-255,5317,177357,10,340667
49402,0.001438,172.31.36.0-255,66,177423,10,340667
49403,0.001491,172.217.160.0-255,5738,183161,10,340667
49404,0.001495,172.31.36.0-255,66,183227,10,340667
49405,0.001503,172.217.160.0-255,7156,190383,10,340667
49406,0.001505,172.31.36.0-255,66,190449,10,340667
49407,0.001525,172.31.36.0-255,66,190515,10,340667
49408,0.001533,172.217.160.0-255,6438,196953,10,340667
49409,0.001535,172.31.36.0-255,66,197019,10,340667
49410,0.001579,172.217.160.0-255,1484,198503,10,340667
49411,0.001585,172.217.160.0-255,2902,201405,10,340667
49412,0.001588,172.31.36.0-255,66,201471,10,340667
49413,0.001592,172.217.160.0-255,1484,202955,10,340667
49414,0.001611,172.217.160.0-255,4320,207275,10,340667
49415,0.001614,172.31.36.0-255,66,207341,10,340667
49416,0.001638,172.31.36.0-255,66,207407,10,340667
49417,0.001663,172.217.160.0-255,2902,210309,10,340667
49418,0.001669,172.31.36.0-255,66,210375,10,340667
49419,0.001678,172.217.160.0-255,5738,216113,10,340667
49420,0.001681,172.31.36.0-255,66,216179,10,340667
49421,0.001699,172.217.160.0-255,5020,221199,10,340667
49422,0.001702,172.31.36.0-255,66,221265,10,340667
49423,0.003364,172.217.160.0-255,5738,227003,10,340667
49424,0.00337,172.31.36.0-255,66,227069,10,340667
49425,0.005017,172.217.160.0-255,5738,232807,10,340667
49426,0.00502,172.31.36.0-255,66,232873,10,340667
49427,0.006673,172.217.160.0-255,4320,237193,10,340667
49428,0.006679,172.31.36.0-255,66,237259,10,340667
49429,0.006697,172.217.160.0-255,1484,238743,10,340667
49430,0.008328,172.217.160.0-255,4320,243063,10,340667
49431,0.008335,172.31.36.0-255,66,243129,10,340667
49432,0.009989,172.217.160.0-255,5738,248867,10,340667
49433,0.009996,172.31.36.0-255,66,248933,10,340667
49434,0.011664,172.217.160.0-255,5738,254671,10,340667
49435,0.011671,172.31.36.0-255,66,254737,10,340667
49436,0.013342,172.217.160.0-255,5738,260475,10,340667
49437,0.013349,172.31.36.0-255,66,260541,10,340667
49438,0.01501,172.217.160.0-255,5738,266279,10,340667
49439,0.015023,172.31.36.0-255,66,266345,10,340667
49440,0.016697,172.217.160.0-255,5738,272083,10,340667
49441,0.016705,172.31.36.0-255,66,272149,10,340667
49442,0.018357,172.217.160.0-255,5738,277887,10,340667
49443,0.018364,172.31.36.0-255,66,277953,10,340667
49444,0.020017,172.217.160.0-255,5738,283691,10,340667
49445,0.020023,172.31.36.0-255,66,283757,10,340667
49446,0.021669,172.217.160.0-255,5738,289495,10,340667
49447,0.021674,172.31.36.0-255,66,289561,10,340667
49448,0.023336,172.217.160.0-255,5738,295299,10,340667
49449,0.023344,172.31.36.0-255,66,295365,10,340667
49450,0.025,172.217.160.0-255,5738,301103,10,340667
49451,0.025006,172.31.36.0-255,66,301169,10,340667
49452,0.026679,172.217.160.0-255,5738,306907,10,340667
49453,0.026686,172.31.36.0-255,66,306973,10,340667
49454,0.028343,172.217.160.0-255,5738,312711,10,340667
49455,0.02835,172.31.36.0-255,66,312777,10,340667
49456,0.03,172.217.160.0-255,5738,318515,10,340667
49457,0.030006,172.31.36.0-255,66,318581,10,340667
49458,0.031089,172.31.36.0-255,171,318752,10,340667
49459,0.031133,172.31.36.0-255,1112,319864,10,340667
49460,0.0312,172.31.36.0-255,1514,321378,10,340667
49461,0.031202,172.31.36.0-255,1293,322671,10,340667
49462,0.031653,172.217.160.0-255,5738,328409,10,340667
49463,0.03166,172.31.36.0-255,66,328475,10,340667
49464,0.032609,104.244.42.0-255,66,328541,10,340667
49465,0.032692,104.244.42.0-255,66,328607,10,340667
49466,0.032724,104.244.42.0-255,66,328673,10,340667
49467,0.033306,172.217.160.0-255,5738,334411,10,340667
49468,0.03331,172.31.36.0-255,66,334477,10,340667
49469,0.034999,172.217.160.0-255,5738,340215,10,340667
49470,0.035005,172.31.36.0-255,66,340281,10,340667
49471,0.036633,172.217.160.0-255,149,340430,10,340667
49472,0.036766,172.31.36.0-255,66,340496,10,340667
49473,0.036802,172.31.36.0-255,105,340601,10,340667
49474,0.038417,172.217.160.0-255,66,340667,10,340667
49475,0.0,74.125.24.0-255,142,142,10,228583
49476,2.1e-05,172.31.36.0-255,66,208,10,228583
49477,2.8e-05,74.125.24.0-255,1484,1692,10,228583
49478,3.2e-05,172.31.36.0-255,66,1758,10,228583
49479,3.8e-05,74.125.24.0-255,2902,4660,10,228583
49480,4.1e-05,172.31.36.0-255,66,4726,10,228583
49481,4.8e-05,74.125.24.0-255,7156,11882,10,228583
49482,5.1e-05,172.31.36.0-255,66,11948,10,228583
49483,5.4e-05,74.125.24.0-255,1484,13432,10,228583
49484,5.7e-05,172.31.36.0-255,66,13498,10,228583
49485,9.5e-05,172.31.36.0-255,66,13564,10,228583
49486,0.0001,74.125.24.0-255,3961,17525,10,228583
49487,0.000102,172.31.36.0-255,66,17591,10,228583
49488,0.000218,74.125.24.0-255,1484,19075,10,228583
49489,0.000223,172.31.36.0-255,66,19141,10,228583
49490,0.000237,74.125.24.0-255,2902,22043,10,228583
49491,0.00024,172.31.36.0-255,66,22109,10,228583
49492,0.000247,74.125.24.0-255,5738,27847,10,228583
49493,0.000249,172.31.36.0-255,66,27913,10,228583
49494,0.000251,74.125.24.0-255,1484,29397,10,228583
49495,0.000254,172.31.36.0-255,66,29463,10,228583
49496,0.000292,74.125.24.0-255,4320,33783,10,228583
49497,0.000296,172.31.36.0-255,66,33849,10,228583
49498,0.000313,74.125.24.0-255,5379,39228,10,228583
49499,0.000316,172.31.36.0-255,66,39294,10,228583
49500,0.000321,74.125.24.0-255,4320,43614,10,228583
49501,0.000323,172.31.36.0-255,66,43680,10,228583
49502,0.000377,172.31.36.0-255,66,43746,10,228583
49503,0.000403,74.125.24.0-255,110,43856,10,228583
49504,0.000406,172.31.36.0-255,66,43922,10,228583
49505,0.000596,74.125.24.0-255,1484,45406,10,228583
49506,0.000604,74.125.24.0-255,2902,48308,10,228583
49507,0.000607,172.31.36.0-255,66,48374,10,228583
49508,0.000631,74.125.24.0-255,5738,54112,10,228583
49509,0.000634,172.31.36.0-255,66,54178,10,228583
49510,0.000652,74.125.24.0-255,1484,55662,10,228583
49511,0.00068,172.31.36.0-255,66,55728,10,228583
49512,0.000732,74.125.24.0-255,4320,60048,10,228583
49513,0.000735,172.31.36.0-255,66,60114,10,228583
49514,0.000758,74.125.24.0-255,6438,66552,10,228583
49515,0.000761,172.31.36.0-255,66,66618,10,228583
49516,0.000874,74.125.24.0-255,1484,68102,10,228583
49517,0.000889,74.125.24.0-255,2902,71004,10,228583
49518,0.000892,172.31.36.0-255,66,71070,10,228583
49519,0.000897,74.125.24.0-255,2902,73972,10,228583
49520,0.0009,172.31.36.0-255,66,74038,10,228583
49521,0.000913,74.125.24.0-255,2902,76940,10,228583
49522,0.000916,172.31.36.0-255,66,77006,10,228583
49523,0.000923,74.125.24.0-255,5738,82744,10,228583
49524,0.000926,172.31.36.0-255,66,82810,10,228583
49525,0.000953,74.125.24.0-255,7156,89966,10,228583
49526,0.000957,172.31.36.0-255,66,90032,10,228583
49527,0.000964,74.125.24.0-255,7156,97188,10,228583
49528,0.000966,172.31.36.0-255,66,97254,10,228583
49529,0.000995,74.125.24.0-255,3602,100856,10,228583
49530,0.000998,172.31.36.0-255,66,100922,10,228583
49531,0.00109,74.125.24.0-255,1484,102406,10,228583
49532,0.001097,74.125.24.0-255,2902,105308,10,228583
49533,0.001099,172.31.36.0-255,66,105374,10,228583
49534,0.001105,74.125.24.0-255,2902,108276,10,228583
49535,0.001107,172.31.36.0-255,66,108342,10,228583
49536,0.001125,74.125.24.0-255,2902,111244,10,228583
49537,0.001128,172.31.36.0-255,66,111310,10,228583
49538,0.001131,74.125.24.0-255,1484,112794,10,228583
49539,0.001159,172.31.36.0-255,66,112860,10,228583
49540,0.001166,74.125.24.0-255,5738,118598,10,228583
49541,0.001169,172.31.36.0-255,66,118664,10,228583
49542,0.001206,74.125.24.0-255,5020,123684,10,228583
49543,0.00121,172.31.36.0-255,66,123750,10,228583
49544,0.001365,74.125.24.0-255,1484,125234,10,228583
49545,0.001371,74.125.24.0-255,2902,128136,10,228583
49546,0.001374,172.31.36.0-255,66,128202,10,228583
49547,0.00138,74.125.24.0-255,5738,133940,10,228583
49548,0.001383,172.31.36.0-255,66,134006,10,228583
49549,0.00141,74.125.24.0-255,5738,139744,10,228583
49550,0.001414,172.31.36.0-255,66,139810,10,228583
49551,0.001439,74.125.24.0-255,5738,145548,10,228583
49552,0.001442,172.31.36.0-255,66,145614,10,228583
49553,0.001456,172.31.36.0-255,66,145680,10,228583
49554,0.001469,172.31.36.0-255,66,145746,10,228583
49555,0.001496,172.31.36.0-255,66,145812,10,228583
49556,0.0015,74.125.24.0-255,2902,148714,10,228583
49557,0.001502,172.31.36.0-255,66,148780,10,228583
49558,0.001524,74.125.24.0-255,6438,155218,10,228583
49559,0.001538,172.31.36.0-255,66,155284,10,228583
49560,0.001563,172.31.36.0-255,66,155350,10,228583
49561,0.001569,74.125.24.0-255,4320,159670,10,228583
49562,0.001571,172.31.36.0-255,66,159736,10,228583
49563,0.001586,74.125.24.0-255,1484,161220,10,228583
49564,0.001597,74.125.24.0-255,5738,166958,10,228583
49565,0.0016,172.31.36.0-255,66,167024,10,228583
49566,0.001634,172.31.36.0-255,66,167090,10,228583
49567,0.001638,74.125.24.0-255,3602,170692,10,228583
49568,0.001641,172.31.36.0-255,66,170758,10,228583
49569,0.001657,74.125.24.0-255,5738,176496,10,228583
49570,0.00166,172.31.36.0-255,66,176562,10,228583
49571,0.001702,172.31.36.0-255,66,176628,10,228583
49572,0.001713,172.31.36.0-255,66,176694,10,228583
49573,0.001787,172.31.36.0-255,66,176760,10,228583
49574,0.001811,172.31.36.0-255,66,176826,10,228583
49575,0.001828,74.125.24.0-255,1484,178310,10,228583
49576,0.001871,172.31.36.0-255,66,178376,10,228583
49577,0.00393,74.125.24.0-255,5738,184114,10,228583
49578,0.003937,172.31.36.0-255,66,184180,10,228583
49579,0.005977,74.125.24.0-255,5738,189918,10,228583
49580,0.005985,172.31.36.0-255,66,189984,10,228583
49581,0.008023,74.125.24.0-255,5738,195722,10,228583
49582,0.008027,172.31.36.0-255,66,195788,10,228583
49583,0.010055,74.125.24.0-255,5738,201526,10,228583
49584,0.01006,172.31.36.0-255,66,201592,10,228583
49585,0.012123,74.125.24.0-255,5738,207330,10,228583
49586,0.012131,172.31.36.0-255,66,207396,10,228583
49587,0.014213,74.125.24.0-255,5738,213134,10,228583
49588,0.014221,172.31.36.0-255,66,213200,10,228583
49589,0.016284,74.125.24.0-255,5738,218938,10,228583
49590,0.016292,172.31.36.0-255,66,219004,10,228583
49591,0.018353,74.125.24.0-255,5054,224058,10,228583
49592,0.01836,172.31.36.0-255,66,224124,10,228583
49593,0.018545,172.31.36.0-255,105,224229,10,228583
49594,0.020545,74.125.24.0-255,66,224295,10,228583
49595,0.036151,172.31.36.0-255,171,224466,10,228583
49596,0.036184,172.31.36.0-255,1135,225601,10,228583
49597,0.03625,172.31.36.0-255,1514,227115,10,228583
49598,0.036252,172.31.36.0-255,1270,228385,10,228583
49599,0.037709,104.244.42.0-255,66,228451,10,228583
49600,0.037738,104.244.42.0-255,66,228517,10,228583
49601,0.037797,104.244.42.0-255,66,228583,10,228583
49602,0.0,74.125.24.0-255,153,153,10,298659
49603,2.7e-05,172.31.36.0-255,66,219,10,298659
49604,3.3e-05,74.125.24.0-255,1484,1703,10,298659
49605,3.7e-05,172.31.36.0-255,66,1769,10,298659
49606,4.1e-05,74.125.24.0-255,2902,4671,10,298659
49607,4.4e-05,172.31.36.0-255,66,4737,10,298659
49608,5.1e-05,74.125.24.0-255,7156,11893,10,298659
49609,5.4e-05,172.31.36.0-255,66,11959,10,298659
49610,5.8e-05,74.125.24.0-255,2004,13963,10,298659
49611,6e-05,172.31.36.0-255,66,14029,10,298659
49612,0.000102,172.31.36.0-255,66,14095,10,298659
49613,0.000123,74.125.24.0-255,1484,15579,10,298659
49614,0.000126,172.31.36.0-255,66,15645,10,298659
49615,0.000151,74.125.24.0-255,3961,19606,10,298659
49616,0.000156,172.31.36.0-255,66,19672,10,298659
49617,0.000192,74.125.24.0-255,1484,21156,10,298659
49618,0.000195,172.31.36.0-255,66,21222,10,298659
49619,0.000212,74.125.24.0-255,2902,24124,10,298659
49620,0.000216,172.31.36.0-255,66,24190,10,298659
49621,0.000236,74.125.24.0-255,5738,29928,10,298659
49622,0.000239,172.31.36.0-255,66,29994,10,298659
49623,0.000265,74.125.24.0-255,4320,34314,10,298659
49624,0.000268,172.31.36.0-255,66,34380,10,298659
49625,0.000288,74.125.24.0-255,2543,36923,10,298659
49626,0.000293,172.31.36.0-255,66,36989,10,298659
49627,0.000409,74.125.24.0-255,1484,38473,10,298659
49628,0.000413,172.31.36.0-255,66,38539,10,298659
49629,0.000426,74.125.24.0-255,2902,41441,10,298659
49630,0.000429,172.31.36.0-255,66,41507,10,298659
49631,0.000452,74.125.24.0-255,5738,47245,10,298659
49632,0.000455,172.31.36.0-255,66,47311,10,298659
49633,0.000461,74.125.24.0-255,4320,51631,10,298659
49634,0.000463,172.31.36.0-255,66,51697,10,298659
49635,0.000508,74.125.24.0-255,2872,54569,10,298659
49636,0.000512,172.31.36.0-255,66,54635,10,298659
49637,0.000543,74.125.24.0-255,349,54984,10,298659
49638,0.000703,74.125.24.0-255,1484,56468,10,298659
49639,0.000707,172.31.36.0-255,66,56534,10,298659
49640,0.000712,74.125.24.0-255,2902,59436,10,298659
49641,0.000714,172.31.36.0-255,66,59502,10,298659
49642,0.000729,74.125.24.0-255,5738,65240,10,298659
49643,0.000736,172.31.36.0-255,66,65306,10,298659
49644,0.000764,74.125.24.0-255,6797,72103,10,298659
49645,0.000767,172.31.36.0-255,66,72169,10,298659
49646,0.000812,74.125.24.0-255,2902,75071,10,298659
49647,0.000816,172.31.36.0-255,66,75137,10,298659
49648,0.000822,74.125.24.0-255,4320,79457,10,298659
49649,0.000824,172.31.36.0-255,66,79523,10,298659
49650,0.000859,172.31.36.0-255,66,79589,10,298659
49651,0.000862,74.125.24.0-255,1125,80714,10,298659
49652,0.001058,172.31.36.0-255,66,80780,10,298659
49653,0.001238,74.125.24.0-255,1484,82264,10,298659
49654,0.001248,74.125.24.0-255,2902,85166,10,298659
49655,0.001252,172.31.36.0-255,66,85232,10,298659
49656,0.001259,74.125.24.0-255,5738,90970,10,298659
49657,0.001261,172.31.36.0-255,66,91036,10,298659
49658,0.001293,172.31.36.0-255,66,91102,10,298659
49659,0.001314,74.125.24.0-255,2902,94004,10,298659
49660,0.001317,172.31.36.0-255,66,94070,10,298659
49661,0.001329,172.31.36.0-255,66,94136,10,298659
49662,0.001332,74.125.24.0-255,766,94902,10,298659
49663,0.00152,74.125.24.0-255,1484,96386,10,298659
49664,0.001526,172.31.36.0-255,66,96452,10,298659
49665,0.001532,74.125.24.0-255,2902,99354,10,298659
49666,0.001534,172.31.36.0-255,66,99420,10,298659
49667,0.001537,74.125.24.0-255,1484,100904,10,298659
49668,0.001555,74.125.24.0-255,2902,103806,10,298659
49669,0.001558,172.31.36.0-255,66,103872,10,298659
49670,0.001568,172.31.36.0-255,66,103938,10,298659
49671,0.001616,172.31.36.0-255,66,104004,10,298659
49672,0.001634,74.125.24.0-255,3602,107606,10,298659
49673,0.001637,172.31.36.0-255,66,107672,10,298659
49674,0.001689,74.125.24.0-255,1484,109156,10,298659
49675,0.001697,74.125.24.0-255,2902,112058,10,298659
49676,0.001701,172.31.36.0-255,66,112124,10,298659
49677,0.001725,74.125.24.0-255,5738,117862,10,298659
49678,0.001727,172.31.36.0-255,66,117928,10,298659
49679,0.001732,74.125.24.0-255,4320,122248,10,298659
49680,0.001734,172.31.36.0-255,66,122314,10,298659
49681,0.00176,172.31.36.0-255,66,122380,10,298659
49682,0.001766,74.125.24.0-255,7156,129536,10,298659
49683,0.001769,172.31.36.0-255,66,129602,10,298659
49684,0.001795,74.125.24.0-255,3602,133204,10,298659
49685,0.001797,172.31.36.0-255,66,133270,10,298659
49686,0.001922,74.125.24.0-255,1484,134754,10,298659
49687,0.001925,74.125.24.0-255,1484,136238,10,298659
49688,0.001927,172.31.36.0-255,66,136304,10,298659
49689,0.001942,74.125.24.0-255,1484,137788,10,298659
49690,0.001948,74.125.24.0-255,5738,143526,10,298659
49691,0.00195,172.31.36.0-255,66,143592,10,298659
49692,0.002007,172.31.36.0-255,66,143658,10,298659
49693,0.002018,172.31.36.0-255,66,143724,10,298659
49694,0.002045,74.125.24.0-255,1484,145208,10,298659
49695,0.002049,74.125.24.0-255,2902,148110,10,298659
49696,0.002051,172.31.36.0-255,66,148176,10,298659
49697,0.002072,74.125.24.0-255,5738,153914,10,298659
49698,0.002075,172.31.36.0-255,66,153980,10,298659
49699,0.002118,172.31.36.0-255,66,154046,10,298659
49700,0.002124,74.125.24.0-255,7156,161202,10,298659
49701,0.002126,172.31.36.0-255,66,161268,10,298659
49702,0.002146,74.125.24.0-255,3602,164870,10,298659
49703,0.002148,172.31.36.0-255,66,164936,10,298659
49704,0.002171,74.125.24.0-255,4320,169256,10,298659
49705,0.002173,172.31.36.0-255,66,169322,10,298659
49706,0.002206,172.31.36.0-255,66,169388,10,298659
49707,0.002215,172.31.36.0-255,66,169454,10,298659
49708,0.002255,74.125.24.0-255,4320,173774,10,298659
49709,0.002257,172.31.36.0-255,66,173840,10,298659
49710,0.002276,74.125.24.0-255,6438,180278,10,298659
49711,0.002279,172.31.36.0-255,66,180344,10,298659
49712,0.002286,74.125.24.0-255,7156,187500,10,298659
49713,0.002288,172.31.36.0-255,66,187566,10,298659
49714,0.004524,74.125.24.0-255,5738,193304,10,298659
49715,0.004532,172.31.36.0-255,66,193370,10,298659
49716,0.006756,74.125.24.0-255,5738,199108,10,298659
49717,0.006762,172.31.36.0-255,66,199174,10,298659
49718,0.008991,74.125.24.0-255,5738,204912,10,298659
49719,0.008997,172.31.36.0-255,66,204978,10,298659
49720,0.011213,74.125.24.0-255,5738,210716,10,298659
49721,0.01122,172.31.36.0-255,66,210782,10,298659
49722,0.013494,74.125.24.0-255,5738,216520,10,298659
49723,0.013503,172.31.36.0-255,66,216586,10,298659
49724,0.015716,74.125.24.0-255,5738,222324,10,298659
49725,0.015723,172.31.36.0-255,66,222390,10,298659
49726,0.017976,74.125.24.0-255,5738,228128,10,298659
49727,0.017983,172.31.36.0-255,66,228194,10,298659
49728,0.02022,74.125.24.0-255,5738,233932,10,298659
49729,0.020226,172.31.36.0-255,66,233998,10,298659
49730,0.022458,74.125.24.0-255,5738,239736,10,298659
49731,0.022487,172.31.36.0-255,66,239802,10,298659
49732,0.024704,74.125.24.0-255,5738,245540,10,298659
49733,0.024711,172.31.36.0-255,66,245606,10,298659
49734,0.026959,74.125.24.0-255,5738,251344,10,298659
49735,0.026966,172.31.36.0-255,66,251410,10,298659
49736,0.02919,74.125.24.0-255,5738,257148,10,298659
49737,0.029197,172.31.36.0-255,66,257214,10,298659
49738,0.029795,172.31.36.0-255,187,257401,10,298659
49739,0.02983,172.31.36.0-255,980,258381,10,298659
49740,0.029865,172.31.36.0-255,1514,259895,10,298659
49741,0.029866,172.31.36.0-255,1425,261320,10,298659
49742,0.031288,104.244.42.0-255,66,261386,10,298659
49743,0.031307,104.244.42.0-255,66,261452,10,298659
49744,0.031406,104.244.42.0-255,66,261518,10,298659
49745,0.031464,74.125.24.0-255,5738,267256,10,298659
49746,0.03147,172.31.36.0-255,66,267322,10,298659
49747,0.033753,74.125.24.0-255,5738,273060,10,298659
49748,0.033759,172.31.36.0-255,66,273126,10,298659
49749,0.035978,74.125.24.0-255,5738,278864,10,298659
49750,0.035984,172.31.36.0-255,66,278930,10,298659
49751,0.038205,74.125.24.0-255,5738,284668,10,298659
49752,0.038211,172.31.36.0-255,66,284734,10,298659
49753,0.040462,74.125.24.0-255,5738,290472,10,298659
49754,0.040484,172.31.36.0-255,66,290538,10,298659
49755,0.042689,74.125.24.0-255,5738,296276,10,298659
49756,0.042694,172.31.36.0-255,66,296342,10,298659
49757,0.044941,74.125.24.0-255,2080,298422,10,298659
49758,0.044947,172.31.36.0-255,66,298488,10,298659
49759,0.045114,172.31.36.0-255,105,298593,10,298659
49760,0.047309,74.125.24.0-255,66,298659,10,298659
49761,0.0,74.125.130.0-255,148,148,10,372855
49762,3.4e-05,172.31.36.0-255,66,214,10,372855
49763,4e-05,74.125.130.0-255,1484,1698,10,372855
49764,4.5e-05,172.31.36.0-255,66,1764,10,372855
49765,4.7e-05,74.125.130.0-255,1484,3248,10,372855
49766,4.9e-05,172.31.36.0-255,66,3314,10,372855
49767,8e-05,74.125.130.0-255,1484,4798,10,372855
49768,8.4e-05,172.31.36.0-255,66,4864,10,372855
49769,8.8e-05,74.125.130.0-255,2902,7766,10,372855
49770,9e-05,172.31.36.0-255,66,7832,10,372855
49771,9.9e-05,74.125.130.0-255,4320,12152,10,372855
49772,0.000102,172.31.36.0-255,66,12218,10,372855
49773,0.000141,172.31.36.0-255,66,12284,10,372855
49774,0.000149,172.31.36.0-255,66,12350,10,372855
49775,0.000174,74.125.130.0-255,1125,13475,10,372855
49776,0.000177,172.31.36.0-255,66,13541,10,372855
49777,0.000261,74.125.130.0-255,1484,15025,10,372855
49778,0.000265,172.31.36.0-255,66,15091,10,372855
49779,0.000292,74.125.130.0-255,2902,17993,10,372855
49780,0.000295,172.31.36.0-255,66,18059,10,372855
49781,0.0003,74.125.130.0-255,5738,23797,10,372855
49782,0.000303,172.31.36.0-255,66,23863,10,372855
49783,0.000345,172.31.36.0-255,66,23929,10,372855
49784,0.000365,74.125.130.0-255,1484,25413,10,372855
49785,0.000368,172.31.36.0-255,66,25479,10,372855
49786,0.000374,74.125.130.0-255,7156,32635,10,372855
49787,0.000377,172.31.36.0-255,66,32701,10,372855
49788,0.000405,74.125.130.0-255,5020,37721,10,372855
49789,0.000408,172.31.36.0-255,66,37787,10,372855
49790,0.000411,74.125.130.0-255,343,38130,10,372855
49791,0.000414,74.125.130.0-255,401,38531,10,372855
49792,0.000692,172.31.36.0-255,66,38597,10,372855
49793,0.000745,74.125.130.0-255,1484,40081,10,372855
49794,0.000753,74.125.130.0-255,1484,41565,10,372855
49795,0.000757,172.31.36.0-255,66,41631,10,372855
49796,0.000786,74.125.130.0-255,1484,43115,10,372855
49797,0.000789,74.125.130.0-255,1484,44599,10,372855
49798,0.000791,172.31.36.0-255,66,44665,10,372855
49799,0.000795,74.125.130.0-255,2902,47567,10,372855
49800,0.000797,172.31.36.0-255,66,47633,10,372855
49801,0.000802,74.125.130.0-255,5738,53371,10,372855
49802,0.000811,172.31.36.0-255,66,53437,10,372855
49803,0.000858,172.31.36.0-255,66,53503,10,372855
49804,0.000897,172.31.36.0-255,66,53569,10,372855
49805,0.001092,74.125.130.0-255,1484,55053,10,372855
49806,0.001113,74.125.130.0-255,2902,57955,10,372855
49807,0.001117,172.31.36.0-255,66,58021,10,372855
49808,0.001121,74.125.130.0-255,1484,59505,10,372855
49809,0.001161,74.125.130.0-255,2902,62407,10,372855
49810,0.001164,172.31.36.0-255,66,62473,10,372855
49811,0.00118,74.125.130.0-255,5738,68211,10,372855
49812,0.001183,172.31.36.0-255,66,68277,10,372855
49813,0.001233,74.125.130.0-255,1484,69761,10,372855
49814,0.001251,74.125.130.0-255,2902,72663,10,372855
49815,0.001256,172.31.36.0-255,66,72729,10,372855
49816,0.00128,74.125.130.0-255,1484,74213,10,372855
49817,0.001294,74.125.130.0-255,2902,77115,10,372855
49818,0.001296,172.31.36.0-255,66,77181,10,372855
49819,0.001323,74.125.130.0-255,5738,82919,10,372855
49820,0.001326,172.31.36.0-255,66,82985,10,372855
49821,0.00133,74.125.130.0-255,2902,85887,10,372855
49822,0.001332,172.31.36.0-255,66,85953,10,372855
49823,0.001374,74.125.130.0-255,2184,88137,10,372855
49824,0.001377,172.31.36.0-255,66,88203,10,372855
49825,0.001604,74.125.130.0-255,1484,89687,10,372855
49826,0.001611,74.125.130.0-255,2902,92589,10,372855
49827,0.001615,172.31.36.0-255,66,92655,10,372855
49828,0.001645,74.125.130.0-255,2902,95557,10,372855
49829,0.001647,172.31.36.0-255,66,95623,10,372855
49830,0.001652,74.125.130.0-255,4320,99943,10,372855
49831,0.001654,172.31.36.0-255,66,100009,10,372855
49832,0.001658,74.125.130.0-255,2902,102911,10,372855
49833,0.001664,172.31.36.0-255,66,102977,10,372855
49834,0.001698,74.125.130.0-255,5738,108715,10,372855
49835,0.001702,172.31.36.0-255,66,108781,10,372855
49836,0.001706,74.125.130.0-255,4320,113101,10,372855
49837,0.001709,172.31.36.0-255,66,113167,10,372855
49838,0.001718,74.125.130.0-255,5738,118905,10,372855
49839,0.00172,172.31.36.0-255,66,118971,10,372855
49840,0.001745,74.125.130.0-255,2902,121873,10,372855
49841,0.001748,172.31.36.0-255,66,121939,10,372855
49842,0.001768,74.125.130.0-255,766,122705,10,372855
49843,0.001945,74.125.130.0-255,1484,124189,10,372855
49844,0.00195,172.31.36.0-255,66,124255,10,372855
49845,0.001956,74.125.130.0-255,2902,127157,10,372855
49846,0.001958,172.31.36.0-255,66,127223,10,372855
49847,0.001989,74.125.130.0-255,5738,132961,10,372855
49848,0.001992,172.31.36.0-255,66,133027,10,372855
49849,0.001997,74.125.130.0-255,2902,135929,10,372855
49850,0.001999,172.31.36.0-255,66,135995,10,372855
49851,0.002027,74.125.130.0-255,4320,140315,10,372855
49852,0.002029,172.31.36.0-255,66,140381,10,372855
49853,0.002032,74.125.130.0-255,1484,141865,10,372855
49854,0.002062,172.31.36.0-255,66,141931,10,372855
49855,0.002088,74.125.130.0-255,6438,148369,10,372855
49856,0.002092,172.31.36.0-255,66,148435,10,372855
49857,0.004324,74.125.130.0-255,5738,154173,10,372855
49858,0.004333,172.31.36.0-255,66,154239,10,372855
49859,0.006578,74.125.130.0-255,5738,159977,10,372855
49860,0.006587,172.31.36.0-255,66,160043,10,372855
49861,0.008827,74.125.130.0-255,5738,165781,10,372855
49862,0.008838,172.31.36.0-255,66,165847,10,372855
49863,0.011083,74.125.130.0-255,5738,171585,10,372855
49864,0.011095,172.31.36.0-255,66,171651,10,372855
49865,0.013339,74.125.130.0-255,5738,177389,10,372855
49866,0.01335,172.31.36.0-255,66,177455,10,372855
49867,0.015594,74.125.130.0-255,5738,183193,10,372855
49868,0.015603,172.31.36.0-255,66,183259,10,372855
49869,0.017848,74.125.130.0-255,5738,188997,10,372855
49870,0.017861,172.31.36.0-255,66,189063,10,372855
49871,0.020112,74.125.130.0-255,5738,194801,10,372855
49872,0.020131,172.31.36.0-255,66,194867,10,372855
49873,0.02237,74.125.130.0-255,5738,200605,10,372855
49874,0.022385,172.31.36.0-255,66,200671,10,372855
49875,0.024298,172.31.36.0-255,172,200843,10,372855
49876,0.024326,172.31.36.0-255,1110,201953,10,372855
49877,0.024369,172.31.36.0-255,1514,203467,10,372855
49878,0.024372,172.31.36.0-255,1295,204762,10,372855
49879,0.024623,74.125.130.0-255,5738,210500,10,372855
49880,0.024632,172.31.36.0-255,66,210566,10,372855
49881,0.025789,104.244.42.0-255,66,210632,10,372855
49882,0.025828,104.244.42.0-255,66,210698,10,372855
49883,0.025883,104.244.42.0-255,66,210764,10,372855
49884,0.026896,74.125.130.0-255,5738,216502,10,372855
49885,0.026904,172.31.36.0-255,66,216568,10,372855
49886,0.029144,74.125.130.0-255,5738,222306,10,372855
49887,0.02915,172.31.36.0-255,66,222372,10,372855
49888,0.031381,74.125.130.0-255,5738,228110,10,372855
49889,0.031387,172.31.36.0-255,66,228176,10,372855
49890,0.033635,74.125.130.0-255,1484,229660,10,372855
49891,0.03369,74.125.130.0-255,4320,233980,10,372855
49892,0.033696,172.31.36.0-255,66,234046,10,372855
49893,0.03593,74.125.130.0-255,5738,239784,10,372855
49894,0.035937,172.31.36.0-255,66,239850,10,372855
49895,0.03816,74.125.130.0-255,2902,242752,10,372855
49896,0.038167,172.31.36.0-255,66,242818,10,372855
49897,0.038232,74.125.130.0-255,2902,245720,10,372855
49898,0.038236,172.31.36.0-255,66,245786,10,372855
49899,0.040399,74.125.130.0-255,2902,248688,10,372855
49900,0.040405,172.31.36.0-255,66,248754,10,372855
49901,0.040462,74.125.130.0-255,1484,250238,10,372855
49902,0.040475,74.125.130.0-255,1484,251722,10,372855
49903,0.040479,172.31.36.0-255,66,251788,10,372855
49904,0.042631,74.125.130.0-255,2902,254690,10,372855
49905,0.042638,172.31.36.0-255,66,254756,10,372855
49906,0.042698,74.125.130.0-255,2902,257658,10,372855
49907,0.042703,172.31.36.0-255,66,257724,10,372855
49908,0.044865,74.125.130.0-255,2902,260626,10,372855
49909,0.044871,172.31.36.0-255,66,260692,10,372855
49910,0.04493,74.125.130.0-255,2902,263594,10,372855
49911,0.044935,172.31.36.0-255,66,263660,10,372855
49912,0.047096,74.125.130.0-255,2902,266562,10,372855
49913,0.047102,172.31.36.0-255,66,266628,10,372855
49914,0.047164,74.125.130.0-255,2902,269530,10,372855
49915,0.047169,172.31.36.0-255,66,269596,10,372855
49916,0.049335,74.125.130.0-255,2902,272498,10,372855
49917,0.049341,172.31.36.0-255,66,272564,10,372855
49918,0.04939,74.125.130.0-255,2902,275466,10,372855
49919,0.049394,172.31.36.0-255,66,275532,10,372855
49920,0.051582,74.125.130.0-255,2902,278434,10,372855
49921,0.051594,172.31.36.0-255,66,278500,10,372855
49922,0.051632,74.125.130.0-255,2902,281402,10,372855
49923,0.051635,172.31.36.0-255,66,281468,10,372855
49924,0.053828,74.125.130.0-255,2902,284370,10,372855
49925,0.053834,172.31.36.0-255,66,284436,10,372855
49926,0.053867,74.125.130.0-255,2902,287338,10,372855
49927,0.053872,172.31.36.0-255,66,287404,10,372855
49928,0.056059,74.125.130.0-255,2902,290306,10,372855
49929,0.056065,172.31.36.0-255,66,290372,10,372855
49930,0.056101,74.125.130.0-255,2902,293274,10,372855
49931,0.056105,172.31.36.0-255,66,293340,10,372855
49932,0.058304,74.125.130.0-255,2902,296242,10,372855
49933,0.05831,172.31.36.0-255,66,296308,10,372855
49934,0.058356,74.125.130.0-255,2902,299210,10,372855
49935,0.058361,172.31.36.0-255,66,299276,10,372855
49936,0.06055,74.125.130.0-255,2902,302178,10,372855
49937,0.060557,172.31.36.0-255,66,302244,10,372855
49938,0.060589,74.125.130.0-255,2902,305146,10,372855
49939,0.060592,172.31.36.0-255,66,305212,10,372855
49940,0.062793,74.125.130.0-255,2902,308114,10,372855
49941,0.062799,172.31.36.0-255,66,308180,10,372855
49942,0.062829,74.125.130.0-255,2902,311082,10,372855
49943,0.062832,172.31.36.0-255,66,311148,10,372855
49944,0.06504,74.125.130.0-255,2902,314050,10,372855
49945,0.065048,172.31.36.0-255,66,314116,10,372855
49946,0.065086,74.125.130.0-255,2902,317018,10,372855
49947,0.06509,172.31.36.0-255,66,317084,10,372855
49948,0.067278,74.125.130.0-255,2902,319986,10,372855
49949,0.067285,172.31.36.0-255,66,320052,10,372855
49950,0.067321,74.125.130.0-255,2902,322954,10,372855
49951,0.067325,172.31.36.0-255,66,323020,10,372855
49952,0.06951,74.125.130.0-255,2902,325922,10,372855
49953,0.069517,172.31.36.0-255,66,325988,10,372855
49954,0.069553,74.125.130.0-255,2902,328890,10,372855
49955,0.069557,172.31.36.0-255,66,328956,10,372855
49956,0.071748,74.125.130.0-255,2902,331858,10,372855
49957,0.071754,172.31.36.0-255,66,331924,10,372855
49958,0.071782,74.125.130.0-255,2902,334826,10,372855
49959,0.071785,172.31.36.0-255,66,334892,10,372855
49960,0.07398,74.125.130.0-255,2902,337794,10,372855
49961,0.073986,172.31.36.0-255,66,337860,10,372855
49962,0.074019,74.125.130.0-255,2902,340762,10,372855
49963,0.074023,172.31.36.0-255,66,340828,10,372855
49964,0.076219,74.125.130.0-255,2902,343730,10,372855
49965,0.076225,172.31.36.0-255,66,343796,10,372855
49966,0.076261,74.125.130.0-255,2902,346698,10,372855
49967,0.076266,172.31.36.0-255,66,346764,10,372855
49968,0.078459,74.125.130.0-255,2902,349666,10,372855
49969,0.078465,172.31.36.0-255,66,349732,10,372855
49970,0.078499,74.125.130.0-255,2902,352634,10,372855
49971,0.078504,172.31.36.0-255,66,352700,10,372855
49972,0.080689,74.125.130.0-255,2902,355602,10,372855
49973,0.080707,172.31.36.0-255,66,355668,10,372855
49974,0.080733,74.125.130.0-255,2902,358570,10,372855
49975,0.080738,172.31.36.0-255,66,358636,10,372855
49976,0.082955,74.125.130.0-255,2902,361538,10,372855
49977,0.082968,172.31.36.0-255,66,361604,10,372855
49978,0.083017,74.125.130.0-255,2902,364506,10,372855
49979,0.08302,172.31.36.0-255,66,364572,10,372855
49980,0.085205,74.125.130.0-255,2902,367474,10,372855
49981,0.085211,172.31.36.0-255,66,367540,10,372855
49982,0.08525,74.125.130.0-255,2902,370442,10,372855
49983,0.085254,172.31.36.0-255,66,370508,10,372855
49984,0.087441,74.125.130.0-255,2110,372618,10,372855
49985,0.087447,172.31.36.0-255,66,372684,10,372855
49986,0.087611,172.31.36.0-255,105,372789,10,372855
49987,0.089805,74.125.130.0-255,66,372855,10,372855
49988,0.0,172.217.194.0-255,146,146,10,332600
49989,3.7e-05,172.31.36.0-255,66,212,10,332600
49990,4.4e-05,172.217.194.0-255,1484,1696,10,332600
49991,4.9e-05,172.31.36.0-255,66,1762,10,332600
49992,6e-05,172.217.194.0-255,2902,4664,10,332600
49993,6.4e-05,172.31.36.0-255,66,4730,10,332600
49994,7.2e-05,172.217.194.0-255,7156,11886,10,332600
49995,7.5e-05,172.31.36.0-255,66,11952,10,332600
49996,9e-05,172.31.36.0-255,66,12018,10,332600
49997,0.000113,172.217.194.0-255,3489,15507,10,332600
49998,0.000115,172.31.36.0-255,66,15573,10,332600
49999,0.000119,172.217.194.0-255,2543,18116,10,332600
50000,0.000122,172.31.36.0-255,66,18182,10,332600
50001,0.000168,172.217.194.0-255,1484,19666,10,332600
50002,0.000171,172.31.36.0-255,66,19732,10,332600
50003,0.0002,172.217.194.0-255,2902,22634,10,332600
50004,0.000205,172.31.36.0-255,66,22700,10,332600
50005,0.000212,172.217.194.0-255,5738,28438,10,332600
50006,0.000214,172.31.36.0-255,66,28504,10,332600
50007,0.000265,172.31.36.0-255,66,28570,10,332600
50008,0.000277,172.31.36.0-255,66,28636,10,332600
50009,0.00028,172.217.194.0-255,113,28749,10,332600
50010,0.000282,172.31.36.0-255,66,28815,10,332600
50011,0.000347,172.217.194.0-255,1484,30299,10,332600
50012,0.000352,172.31.36.0-255,66,30365,10,332600
50013,0.000357,172.217.194.0-255,2902,33267,10,332600
50014,0.000358,172.31.36.0-255,66,33333,10,332600
50015,0.000363,172.217.194.0-255,2902,36235,10,332600
50016,0.000373,172.31.36.0-255,66,36301,10,332600
50017,0.0004,172.217.194.0-255,2902,39203,10,332600
50018,0.000403,172.31.36.0-255,66,39269,10,332600
50019,0.000409,172.217.194.0-255,4320,43589,10,332600
50020,0.000411,172.31.36.0-255,66,43655,10,332600
50021,0.000432,172.217.194.0-255,2278,45933,10,332600
50022,0.000436,172.31.36.0-255,66,45999,10,332600
50023,0.000621,172.217.194.0-255,1484,47483,10,332600
50024,0.000628,172.217.194.0-255,2902,50385,10,332600
50025,0.000632,172.31.36.0-255,66,50451,10,332600
50026,0.000669,172.217.194.0-255,5738,56189,10,332600
50027,0.000672,172.31.36.0-255,66,56255,10,332600
50028,0.000676,172.217.194.0-255,1484,57739,10,332600
50029,0.000705,172.217.194.0-255,5379,63118,10,332600
50030,0.000708,172.31.36.0-255,66,63184,10,332600
50031,0.000796,172.217.194.0-255,1484,64668,10,332600
50032,0.000802,172.217.194.0-255,2902,67570,10,332600
50033,0.000807,172.31.36.0-255,66,67636,10,332600
50034,0.000839,172.217.194.0-255,5738,73374,10,332600
50035,0.000842,172.31.36.0-255,66,73440,10,332600
50036,0.000846,172.217.194.0-255,1484,74924,10,332600
50037,0.000877,172.31.36.0-255,66,74990,10,332600
50038,0.000882,172.217.194.0-255,2902,77892,10,332600
50039,0.000884,172.31.36.0-255,66,77958,10,332600
50040,0.000926,172.31.36.0-255,66,78024,10,332600
50041,0.000932,172.217.194.0-255,2184,80208,10,332600
50042,0.000937,172.31.36.0-255,66,80274,10,332600
50043,0.001454,172.217.194.0-255,1484,81758,10,332600
50044,0.001459,172.217.194.0-255,2902,84660,10,332600
50045,0.001462,172.31.36.0-255,66,84726,10,332600
50046,0.001493,172.217.194.0-255,5738,90464,10,332600
50047,0.001497,172.31.36.0-255,66,90530,10,332600
50048,0.001517,172.217.194.0-255,4320,94850,10,332600
50049,0.00152,172.31.36.0-255,66,94916,10,332600
50050,0.001527,172.217.194.0-255,5738,100654,10,332600
50051,0.001529,172.31.36.0-255,66,100720,10,332600
50052,0.001556,172.31.36.0-255,66,100786,10,332600
50053,0.001561,172.217.194.0-255,2184,102970,10,332600
50054,0.001563,172.31.36.0-255,66,103036,10,332600
50055,0.001683,172.217.194.0-255,1484,104520,10,332600
50056,0.0017,172.217.194.0-255,2902,107422,10,332600
50057,0.001703,172.31.36.0-255,66,107488,10,332600
50058,0.001739,172.217.194.0-255,5738,113226,10,332600
50059,0.001742,172.31.36.0-255,66,113292,10,332600
50060,0.001762,172.31.36.0-255,66,113358,10,332600
50061,0.001767,172.217.194.0-255,4320,117678,10,332600
50062,0.001769,172.31.36.0-255,66,117744,10,332600
50063,0.001798,172.217.194.0-255,6438,124182,10,332600
50064,0.001801,172.31.36.0-255,66,124248,10,332600
50065,0.001828,172.217.194.0-255,1484,125732,10,332600
50066,0.001832,172.217.194.0-255,1484,127216,10,332600
50067,0.001834,172.31.36.0-255,66,127282,10,332600
50068,0.001863,172.217.194.0-255,1484,128766,10,332600
50069,0.001869,172.217.194.0-255,5738,134504,10,332600
50070,0.001872,172.31.36.0-255,66,134570,10,332600
50071,0.001878,172.217.194.0-255,5738,140308,10,332600
50072,0.00188,172.31.36.0-255,66,140374,10,332600
50073,0.001886,172.217.194.0-255,5738,146112,10,332600
50074,0.001888,172.31.36.0-255,66,146178,10,332600
50075,0.001914,172.217.194.0-255,7156,153334,10,332600
50076,0.001917,172.31.36.0-255,66,153400,10,332600
50077,0.001923,172.217.194.0-255,5020,158420,10,332600
50078,0.001925,172.31.36.0-255,66,158486,10,332600
50079,0.002283,172.217.194.0-255,1484,159970,10,332600
50080,0.002289,172.217.194.0-255,2902,162872,10,332600
50081,0.002293,172.31.36.0-255,66,162938,10,332600
50082,0.002328,172.217.194.0-255,5738,168676,10,332600
50083,0.002332,172.31.36.0-255,66,168742,10,332600
50084,0.002356,172.217.194.0-255,7156,175898,10,332600
50085,0.002361,172.31.36.0-255,66,175964,10,332600
50086,0.002376,172.31.36.0-255,66,176030,10,332600
50087,0.004686,172.217.194.0-255,5738,181768,10,332600
50088,0.004692,172.31.36.0-255,66,181834,10,332600
50089,0.006998,172.217.194.0-255,4320,186154,10,332600
50090,0.007001,172.31.36.0-255,66,186220,10,332600
50091,0.007024,172.217.194.0-255,1484,187704,10,332600
50092,0.009292,172.217.194.0-255,4320,192024,10,332600
50093,0.009299,172.31.36.0-255,66,192090,10,332600
50094,0.011571,172.217.194.0-255,5738,197828,10,332600
50095,0.01158,172.31.36.0-255,66,197894,10,332600
50096,0.013895,172.217.194.0-255,5738,203632,10,332600
50097,0.013903,172.31.36.0-255,66,203698,10,332600
50098,0.016172,172.217.194.0-255,5738,209436,10,332600
50099,0.016181,172.31.36.0-255,66,209502,10,332600
50100,0.018506,172.217.194.0-255,5738,215240,10,332600
50101,0.018514,172.31.36.0-255,66,215306,10,332600
50102,0.020832,172.217.194.0-255,5738,221044,10,332600
50103,0.02084,172.31.36.0-255,66,221110,10,332600
50104,0.023177,172.217.194.0-255,5738,226848,10,332600
50105,0.023183,172.31.36.0-255,66,226914,10,332600
50106,0.025496,172.217.194.0-255,5738,232652,10,332600
50107,0.025503,172.31.36.0-255,66,232718,10,332600
50108,0.027798,172.217.194.0-255,5738,238456,10,332600
50109,0.027805,172.31.36.0-255,66,238522,10,332600
50110,0.027897,172.31.36.0-255,167,238689,10,332600
50111,0.028058,172.31.36.0-255,1113,239802,10,332600
50112,0.028134,172.31.36.0-255,1514,241316,10,332600
50113,0.028136,172.31.36.0-255,1291,242607,10,332600
50114,0.029436,104.244.42.0-255,66,242673,10,332600
50115,0.029617,104.244.42.0-255,66,242739,10,332600
50116,0.029749,104.244.42.0-255,66,242805,10,332600
50117,0.030074,172.217.194.0-255,5738,248543,10,332600
50118,0.03008,172.31.36.0-255,66,248609,10,332600
50119,0.032373,172.217.194.0-255,5738,254347,10,332600
50120,0.032381,172.31.36.0-255,66,254413,10,332600
50121,0.034712,172.217.194.0-255,5738,260151,10,332600
50122,0.034718,172.31.36.0-255,66,260217,10,332600
50123,0.037053,172.217.194.0-255,5738,265955,10,332600
50124,0.037059,172.31.36.0-255,66,266021,10,332600
50125,0.039351,172.217.194.0-255,5738,271759,10,332600
50126,0.039357,172.31.36.0-255,66,271825,10,332600
50127,0.04171,172.217.194.0-255,5738,277563,10,332600
50128,0.041716,172.31.36.0-255,66,277629,10,332600
50129,0.044024,172.217.194.0-255,5738,283367,10,332600
50130,0.044031,172.31.36.0-255,66,283433,10,332600
50131,0.046354,172.217.194.0-255,5738,289171,10,332600
50132,0.046363,172.31.36.0-255,66,289237,10,332600
50133,0.048677,172.217.194.0-255,5738,294975,10,332600
50134,0.048684,172.31.36.0-255,66,295041,10,332600
50135,0.050996,172.217.194.0-255,5738,300779,10,332600
50136,0.051003,172.31.36.0-255,66,300845,10,332600
50137,0.053325,172.217.194.0-255,5738,306583,10,332600
50138,0.053332,172.31.36.0-255,66,306649,10,332600
50139,0.055617,172.217.194.0-255,5738,312387,10,332600
50140,0.055628,172.31.36.0-255,66,312453,10,332600
50141,0.057938,172.217.194.0-255,5738,318191,10,332600
50142,0.057945,172.31.36.0-255,66,318257,10,332600
50143,0.060253,172.217.194.0-255,5738,323995,10,332600
50144,0.060262,172.31.36.0-255,66,324061,10,332600
50145,0.062604,172.217.194.0-255,5738,329799,10,332600
50146,0.06261,172.31.36.0-255,66,329865,10,332600
50147,0.064895,172.217.194.0-255,2498,332363,10,332600
50148,0.064901,172.31.36.0-255,66,332429,10,332600
50149,0.065082,172.31.36.0-255,105,332534,10,332600
50150,0.067356,172.217.194.0-255,66,332600,10,332600
50151,0.0,172.31.36.0-255,161,161,10,227
50152,0.008349,74.125.68.0-255,66,227,10,227
50153,0.0,172.217.194.0-255,225,225,10,253530
50154,3.6e-05,172.31.36.0-255,66,291,10,253530
50155,4.4e-05,172.217.194.0-255,1484,1775,10,253530
50156,4.9e-05,172.31.36.0-255,66,1841,10,253530
50157,6.3e-05,172.217.194.0-255,4320,6161,10,253530
50158,6.6e-05,172.31.36.0-255,66,6227,10,253530
50159,0.000258,172.217.194.0-255,2902,9129,10,253530
50160,0.000263,172.31.36.0-255,66,9195,10,253530
50161,0.000295,172.217.194.0-255,4320,13515,10,253530
50162,0.000299,172.31.36.0-255,66,13581,10,253530
50163,0.000563,172.217.194.0-255,5738,19319,10,253530
50164,0.000568,172.31.36.0-255,66,19385,10,253530
50165,0.000609,172.31.36.0-255,66,19451,10,253530
50166,0.00119,172.217.194.0-255,3301,22752,10,253530
50167,0.001197,172.31.36.0-255,66,22818,10,253530
50168,0.002892,172.217.194.0-255,1484,24302,10,253530
50169,0.002897,172.31.36.0-255,66,24368,10,253530
50170,0.003466,172.217.194.0-255,4320,28688,10,253530
50171,0.00347,172.31.36.0-255,66,28754,10,253530
50172,0.00516,172.217.194.0-255,1484,30238,10,253530
50173,0.005167,172.31.36.0-255,66,30304,10,253530
50174,0.005794,172.217.194.0-255,4320,34624,10,253530
50175,0.005802,172.31.36.0-255,66,34690,10,253530
50176,0.007446,172.217.194.0-255,1484,36174,10,253530
50177,0.007456,172.31.36.0-255,66,36240,10,253530
50178,0.008102,172.217.194.0-255,1484,37724,10,253530
50179,0.008108,172.31.36.0-255,66,37790,10,253530
50180,0.008141,172.217.194.0-255,2902,40692,10,253530
50181,0.008145,172.31.36.0-255,66,40758,10,253530
50182,0.009756,172.217.194.0-255,1484,42242,10,253530
50183,0.009764,172.31.36.0-255,66,42308,10,253530
50184,0.01047,172.217.194.0-255,4320,46628,10,253530
50185,0.010476,172.31.36.0-255,66,46694,10,253530
50186,0.012069,172.217.194.0-255,1484,48178,10,253530
50187,0.012076,172.31.36.0-255,66,48244,10,253530
50188,0.012738,172.217.194.0-255,4320,52564,10,253530
50189,0.012743,172.31.36.0-255,66,52630,10,253530
50190,0.014358,172.217.194.0-255,1484,54114,10,253530
50191,0.014366,172.31.36.0-255,66,54180,10,253530
50192,0.015025,172.217.194.0-255,4320,58500,10,253530
50193,0.015031,172.31.36.0-255,66,58566,10,253530
50194,0.016681,172.217.194.0-255,1484,60050,10,253530
50195,0.016693,172.31.36.0-255,66,60116,10,253530
50196,0.017335,172.217.194.0-255,4320,64436,10,253530
50197,0.017341,172.31.36.0-255,66,64502,10,253530
50198,0.018978,172.217.194.0-255,1484,65986,10,253530
50199,0.018984,172.31.36.0-255,66,66052,10,253530
50200,0.019649,172.217.194.0-255,1484,67536,10,253530
50201,0.019656,172.31.36.0-255,66,67602,10,253530
50202,0.019694,172.217.194.0-255,2902,70504,10,253530
50203,0.019697,172.31.36.0-255,66,70570,10,253530
50204,0.021298,172.217.194.0-255,1484,72054,10,253530
50205,0.021304,172.31.36.0-255,66,72120,10,253530
50206,0.022014,172.217.194.0-255,4320,76440,10,253530
50207,0.022019,172.31.36.0-255,66,76506,10,253530
50208,0.023592,172.217.194.0-255,1484,77990,10,253530
50209,0.024327,172.217.194.0-255,4320,82310,10,253530
50210,0.024335,172.31.36.0-255,66,82376,10,253530
50211,0.026639,172.217.194.0-255,5738,88114,10,253530
50212,0.026649,172.31.36.0-255,66,88180,10,253530
50213,0.028971,172.217.194.0-255,5738,93918,10,253530
50214,0.02898,172.31.36.0-255,66,93984,10,253530
50215,0.031281,172.217.194.0-255,2902,96886,10,253530
50216,0.031288,172.31.36.0-255,66,96952,10,253530
50217,0.031339,172.217.194.0-255,2902,99854,10,253530
50218,0.031343,172.31.36.0-255,66,99920,10,253530
50219,0.031955,172.31.36.0-255,171,100091,10,253530
50220,0.031999,172.31.36.0-255,1112,101203,10,253530
50221,0.032077,172.31.36.0-255,1514,102717,10,253530
50222,0.032079,172.31.36.0-255,1291,104008,10,253530
50223,0.033474,104.244.42.0-255,66,104074,10,253530
50224,0.03352,104.244.42.0-255,66,104140,10,253530
50225,0.033571,172.217.194.0-255,2902,107042,10,253530
50226,0.033575,172.31.36.0-255,66,107108,10,253530
50227,0.033627,172.217.194.0-255,2902,110010,10,253530
50228,0.033631,172.31.36.0-255,66,110076,10,253530
50229,0.033635,104.244.42.0-255,66,110142,10,253530
50230,0.035894,172.217.194.0-255,2902,113044,10,253530
50231,0.035904,172.31.36.0-255,66,113110,10,253530
50232,0.035943,172.217.194.0-255,2902,116012,10,253530
50233,0.035946,172.31.36.0-255,66,116078,10,253530
50234,0.038206,172.217.194.0-255,2902,118980,10,253530
50235,0.038212,172.31.36.0-255,66,119046,10,253530
50236,0.038255,172.217.194.0-255,1484,120530,10,253530
50237,0.038258,172.31.36.0-255,66,120596,10,253530
50238,0.038286,172.217.194.0-255,1484,122080,10,253530
50239,0.03829,172.31.36.0-255,66,122146,10,253530
50240,0.04047,172.217.194.0-255,2902,125048,10,253530
50241,0.040476,172.31.36.0-255,66,125114,10,253530
50242,0.040648,172.217.194.0-255,2902,128016,10,253530
50243,0.040653,172.31.36.0-255,66,128082,10,253530
50244,0.042757,172.217.194.0-255,2902,130984,10,253530
50245,0.042762,172.31.36.0-255,66,131050,10,253530
50246,0.042941,172.217.194.0-255,2902,133952,10,253530
50247,0.042947,172.31.36.0-255,66,134018,10,253530
50248,0.045069,172.217.194.0-255,2902,136920,10,253530
50249,0.045075,172.31.36.0-255,66,136986,10,253530
50250,0.045274,172.217.194.0-255,2902,139888,10,253530
50251,0.045277,172.31.36.0-255,66,139954,10,253530
50252,0.047387,172.217.194.0-255,2902,142856,10,253530
50253,0.047394,172.31.36.0-255,66,142922,10,253530
50254,0.047556,172.217.194.0-255,2902,145824,10,253530
50255,0.047559,172.31.36.0-255,66,145890,10,253530
50256,0.049713,172.217.194.0-255,2902,148792,10,253530
50257,0.04972,172.31.36.0-255,66,148858,10,253530
50258,0.049823,172.217.194.0-255,2902,151760,10,253530
50259,0.049826,172.31.36.0-255,66,151826,10,253530
50260,0.052068,172.217.194.0-255,2902,154728,10,253530
50261,0.052073,172.31.36.0-255,66,154794,10,253530
50262,0.052116,172.217.194.0-255,2902,157696,10,253530
50263,0.052119,172.31.36.0-255,66,157762,10,253530
50264,0.054374,172.217.194.0-255,1484,159246,10,253530
50265,0.05438,172.31.36.0-255,66,159312,10,253530
50266,0.054418,172.217.194.0-255,4320,163632,10,253530
50267,0.054422,172.31.36.0-255,66,163698,10,253530
50268,0.056628,172.217.194.0-255,1484,165182,10,253530
50269,0.056633,172.31.36.0-255,66,165248,10,253530
50270,0.056697,172.217.194.0-255,2902,168150,10,253530
50271,0.056701,172.31.36.0-255,66,168216,10,253530
50272,0.056726,172.217.194.0-255,1484,169700,10,253530
50273,0.05673,172.31.36.0-255,66,169766,10,253530
50274,0.058895,172.217.194.0-255,1484,171250,10,253530
50275,0.0589,172.31.36.0-255,66,171316,10,253530
50276,0.059018,172.217.194.0-255,2902,174218,10,253530
50277,0.059023,172.31.36.0-255,66,174284,10,253530
50278,0.059074,172.217.194.0-255,1484,175768,10,253530
50279,0.059078,172.31.36.0-255,66,175834,10,253530
50280,0.061198,172.217.194.0-255,1484,177318,10,253530
50281,0.061204,172.31.36.0-255,66,177384,10,253530
50282,0.061329,172.217.194.0-255,2902,180286,10,253530
50283,0.061332,172.31.36.0-255,66,180352,10,253530
50284,0.061385,172.217.194.0-255,1484,181836,10,253530
50285,0.061387,172.31.36.0-255,66,181902,10,253530
50286,0.063528,172.217.194.0-255,1484,183386,10,253530
50287,0.063539,172.31.36.0-255,66,183452,10,253530
50288,0.063642,172.217.194.0-255,2902,186354,10,253530
50289,0.063646,172.31.36.0-255,66,186420,10,253530
50290,0.063689,172.217.194.0-255,1484,187904,10,253530
50291,0.063694,172.31.36.0-255,66,187970,10,253530
50292,0.065819,172.217.194.0-255,1484,189454,10,253530
50293,0.065829,172.31.36.0-255,66,189520,10,253530
50294,0.065896,172.217.194.0-255,1484,191004,10,253530
50295,0.0659,172.31.36.0-255,66,191070,10,253530
50296,0.06601,172.217.194.0-255,2902,193972,10,253530
50297,0.066015,172.31.36.0-255,66,194038,10,253530
50298,0.068095,172.217.194.0-255,1484,195522,10,253530
50299,0.0681,172.31.36.0-255,66,195588,10,253530
50300,0.068326,172.217.194.0-255,4320,199908,10,253530
50301,0.068332,172.31.36.0-255,66,199974,10,253530
50302,0.070374,172.217.194.0-255,1484,201458,10,253530
50303,0.07038,172.31.36.0-255,66,201524,10,253530
50304,0.070648,172.217.194.0-255,4320,205844,10,253530
50305,0.070653,172.31.36.0-255,66,205910,10,253530
50306,0.072639,172.217.194.0-255,1484,207394,10,253530
50307,0.072644,172.31.36.0-255,66,207460,10,253530
50308,0.07295,172.217.194.0-255,4320,211780,10,253530
50309,0.072956,172.31.36.0-255,66,211846,10,253530
50310,0.074901,172.217.194.0-255,1484,213330,10,253530
50311,0.074905,172.31.36.0-255,66,213396,10,253530
50312,0.075244,172.217.194.0-255,4320,217716,10,253530
50313,0.07525,172.31.36.0-255,66,217782,10,253530
50314,0.077184,172.217.194.0-255,1484,219266,10,253530
50315,0.077192,172.31.36.0-255,66,219332,10,253530
50316,0.077562,172.217.194.0-255,1484,220816,10,253530
50317,0.077568,172.31.36.0-255,66,220882,10,253530
50318,0.077598,172.217.194.0-255,2902,223784,10,253530
50319,0.077601,172.31.36.0-255,66,223850,10,253530
50320,0.079501,172.217.194.0-255,1484,225334,10,253530
50321,0.079507,172.31.36.0-255,66,225400,10,253530
50322,0.079896,172.217.194.0-255,4320,229720,10,253530
50323,0.079901,172.31.36.0-255,66,229786,10,253530
50324,0.081766,172.217.194.0-255,1484,231270,10,253530
50325,0.081773,172.31.36.0-255,66,231336,10,253530
50326,0.082186,172.217.194.0-255,4320,235656,10,253530
50327,0.082193,172.31.36.0-255,66,235722,10,253530
50328,0.084057,172.217.194.0-255,1484,237206,10,253530
50329,0.084063,172.31.36.0-255,66,237272,10,253530
50330,0.084493,172.217.194.0-255,4320,241592,10,253530
50331,0.0845,172.31.36.0-255,66,241658,10,253530
50332,0.086369,172.217.194.0-255,1484,243142,10,253530
50333,0.086375,172.31.36.0-255,66,243208,10,253530
50334,0.086795,172.217.194.0-255,4320,247528,10,253530
50335,0.086801,172.31.36.0-255,66,247594,10,253530
50336,0.088682,172.217.194.0-255,1484,249078,10,253530
50337,0.088687,172.31.36.0-255,66,249144,10,253530
50338,0.089086,172.217.194.0-255,4320,253464,10,253530
50339,0.089092,172.31.36.0-255,66,253530,10,253530
50340,0.0,172.217.194.0-255,145,145,10,242012
50341,2.3e-05,172.31.36.0-255,66,211,10,242012
50342,3.1e-05,172.217.194.0-255,1484,1695,10,242012
50343,3.6e-05,172.31.36.0-255,66,1761,10,242012
50344,4.1e-05,172.217.194.0-255,2902,4663,10,242012
50345,4.4e-05,172.31.36.0-255,66,4729,10,242012
50346,5.2e-05,172.217.194.0-255,7156,11885,10,242012
50347,5.5e-05,172.31.36.0-255,66,11951,10,242012
50348,5.9e-05,172.217.194.0-255,2001,13952,10,242012
50349,6.2e-05,172.31.36.0-255,66,14018,10,242012
50350,0.000381,172.217.194.0-255,1484,15502,10,242012
50351,0.000387,172.31.36.0-255,66,15568,10,242012
50352,0.000394,172.217.194.0-255,2902,18470,10,242012
50353,0.000397,172.31.36.0-255,66,18536,10,242012
50354,0.000404,172.217.194.0-255,5738,24274,10,242012
50355,0.000406,172.31.36.0-255,66,24340,10,242012
50356,0.000429,172.217.194.0-255,6797,31137,10,242012
50357,0.000431,172.31.36.0-255,66,31203,10,242012
50358,0.000607,172.217.194.0-255,1484,32687,10,242012
50359,0.000611,172.31.36.0-255,66,32753,10,242012
50360,0.000616,172.217.194.0-255,2902,35655,10,242012
50361,0.000617,172.31.36.0-255,66,35721,10,242012
50362,0.000635,172.217.194.0-255,5738,41459,10,242012
50363,0.000637,172.31.36.0-255,66,41525,10,242012
50364,0.000693,172.31.36.0-255,66,41591,10,242012
50365,0.000706,172.31.36.0-255,66,41657,10,242012
50366,0.00109,172.217.194.0-255,380,42037,10,242012
50367,0.001096,172.31.36.0-255,66,42103,10,242012
50368,0.001114,172.217.194.0-255,364,42467,10,242012
50369,0.001117,172.31.36.0-255,66,42533,10,242012
50370,0.001368,172.217.194.0-255,1484,44017,10,242012
50371,0.001373,172.31.36.0-255,66,44083,10,242012
50372,0.00138,172.217.194.0-255,2902,46985,10,242012
50373,0.001382,172.31.36.0-255,66,47051,10,242012
50374,0.001389,172.217.194.0-255,5738,52789,10,242012
50375,0.001391,172.31.36.0-255,66,52855,10,242012
50376,0.001394,172.217.194.0-255,1484,54339,10,242012
50377,0.001396,172.31.36.0-255,66,54405,10,242012
50378,0.001412,172.217.194.0-255,4320,58725,10,242012
50379,0.001414,172.31.36.0-255,66,58791,10,242012
50380,0.001429,172.217.194.0-255,2902,61693,10,242012
50381,0.001431,172.31.36.0-255,66,61759,10,242012
50382,0.001463,172.31.36.0-255,66,61825,10,242012
50383,0.001469,172.217.194.0-255,5020,66845,10,242012
50384,0.001471,172.31.36.0-255,66,66911,10,242012
50385,0.002061,172.217.194.0-255,1484,68395,10,242012
50386,0.002068,172.31.36.0-255,66,68461,10,242012
50387,0.002076,172.217.194.0-255,2902,71363,10,242012
50388,0.002079,172.31.36.0-255,66,71429,10,242012
50389,0.002086,172.217.194.0-255,5738,77167,10,242012
50390,0.002088,172.31.36.0-255,66,77233,10,242012
50391,0.002105,172.217.194.0-255,1484,78717,10,242012
50392,0.002146,172.31.36.0-255,66,78783,10,242012
50393,0.002157,172.31.36.0-255,66,78849,10,242012
50394,0.00216,172.217.194.0-255,766,79615,10,242012
50395,0.002475,172.217.194.0-255,1484,81099,10,242012
50396,0.002478,172.31.36.0-255,66,81165,10,242012
50397,0.002483,172.217.194.0-255,2902,84067,10,242012
50398,0.002486,172.31.36.0-255,66,84133,10,242012
50399,0.002547,172.217.194.0-255,5738,89871,10,242012
50400,0.00255,172.31.36.0-255,66,89937,10,242012
50401,0.002563,172.31.36.0-255,66,90003,10,242012
50402,0.002575,172.31.36.0-255,66,90069,10,242012
50403,0.002577,172.217.194.0-255,1484,91553,10,242012
50404,0.002599,172.217.194.0-255,3602,95155,10,242012
50405,0.002601,172.31.36.0-255,66,95221,10,242012
50406,0.002608,172.217.194.0-255,5738,100959,10,242012
50407,0.00261,172.31.36.0-255,66,101025,10,242012
50408,0.002613,172.217.194.0-255,1484,102509,10,242012
50409,0.002639,172.31.36.0-255,66,102575,10,242012
50410,0.002643,172.217.194.0-255,2902,105477,10,242012
50411,0.002646,172.31.36.0-255,66,105543,10,242012
50412,0.002686,172.217.194.0-255,5738,111281,10,242012
50413,0.002688,172.31.36.0-255,66,111347,10,242012
50414,0.002706,172.217.194.0-255,2184,113531,10,242012
50415,0.002708,172.31.36.0-255,66,113597,10,242012
50416,0.003225,172.217.194.0-255,1484,115081,10,242012
50417,0.00323,172.217.194.0-255,2902,117983,10,242012
50418,0.003232,172.31.36.0-255,66,118049,10,242012
50419,0.003255,172.217.194.0-255,5738,123787,10,242012
50420,0.003258,172.31.36.0-255,66,123853,10,242012
50421,0.003287,172.217.194.0-255,5738,129591,10,242012
50422,0.00329,172.31.36.0-255,66,129657,10,242012
50423,0.003306,172.217.194.0-255,7156,136813,10,242012
50424,0.003309,172.31.36.0-255,66,136879,10,242012
50425,0.003321,172.31.36.0-255,66,136945,10,242012
50426,0.0037,172.217.194.0-255,1484,138429,10,242012
50427,0.003719,172.217.194.0-255,2902,141331,10,242012
50428,0.003723,172.31.36.0-255,66,141397,10,242012
50429,0.003729,172.217.194.0-255,5738,147135,10,242012
50430,0.003732,172.31.36.0-255,66,147201,10,242012
50431,0.003735,172.217.194.0-255,1484,148685,10,242012
50432,0.003781,172.217.194.0-255,1484,150169,10,242012
50433,0.003809,172.217.194.0-255,2184,152353,10,242012
50434,0.003928,172.217.194.0-255,1484,153837,10,242012
50435,0.003934,172.217.194.0-255,2902,156739,10,242012
50436,0.003937,172.217.194.0-255,1484,158223,10,242012
50437,0.003956,172.217.194.0-255,4320,162543,10,242012
50438,0.003973,172.217.194.0-255,2902,165445,10,242012
50439,0.003989,172.217.194.0-255,2902,168347,10,242012
50440,0.003995,172.217.194.0-255,4320,172667,10,242012
50441,0.004025,172.217.194.0-255,5020,177687,10,242012
50442,0.004055,172.217.194.0-255,2902,180589,10,242012
50443,0.004133,172.217.194.0-255,4320,184909,10,242012
50444,0.004144,172.217.194.0-255,1484,186393,10,242012
50445,0.004153,172.217.194.0-255,7156,193549,10,242012
50446,0.004181,172.217.194.0-255,5738,199287,10,242012
50447,0.004188,172.217.194.0-255,7156,206443,10,242012
50448,0.004203,172.217.194.0-255,4320,210763,10,242012
50449,0.004217,172.217.194.0-255,4320,215083,10,242012
50450,0.004235,172.217.194.0-255,3602,218685,10,242012
50451,0.004266,172.217.194.0-255,4320,223005,10,242012
50452,0.004285,172.217.194.0-255,5738,228743,10,242012
50453,0.0043,172.217.194.0-255,1484,230227,10,242012
50454,0.004337,172.217.194.0-255,7156,237383,10,242012
50455,0.004421,172.217.194.0-255,105,237488,10,242012
50456,0.00493,172.31.36.0-255,66,237554,10,242012
50457,0.008984,172.31.36.0-255,105,237659,10,242012
50458,0.010978,172.217.194.0-255,66,237725,10,242012
50459,0.034968,172.31.36.0-255,172,237897,10,242012
50460,0.035021,172.31.36.0-255,1111,239008,10,242012
50461,0.035086,172.31.36.0-255,1514,240522,10,242012
50462,0.035088,172.31.36.0-255,1292,241814,10,242012
50463,0.036494,104.244.42.0-255,66,241880,10,242012
50464,0.036533,104.244.42.0-255,66,241946,10,242012
50465,0.036619,104.244.42.0-255,66,242012,10,242012
50466,0.0,172.217.194.0-255,152,152,10,197208
50467,3.3e-05,172.31.36.0-255,66,218,10,197208
50468,4.1e-05,172.217.194.0-255,1484,1702,10,197208
50469,4.5e-05,172.31.36.0-255,66,1768,10,197208
50470,5e-05,172.217.194.0-255,2902,4670,10,197208
50471,5.2e-05,172.31.36.0-255,66,4736,10,197208
50472,5.9e-05,172.217.194.0-255,7156,11892,10,197208
50473,6.2e-05,172.31.36.0-255,66,11958,10,197208
50474,6.8e-05,172.217.194.0-255,4901,16859,10,197208
50475,7e-05,172.31.36.0-255,66,16925,10,197208
50476,7.3e-05,172.217.194.0-255,1484,18409,10,197208
50477,7.5e-05,172.31.36.0-255,66,18475,10,197208
50478,0.000108,172.31.36.0-255,66,18541,10,197208
50479,0.000177,172.217.194.0-255,1484,20025,10,197208
50480,0.000183,172.31.36.0-255,66,20091,10,197208
50481,0.000188,172.217.194.0-255,2902,22993,10,197208
50482,0.00019,172.31.36.0-255,66,23059,10,197208
50483,0.000194,172.217.194.0-255,2902,25961,10,197208
50484,0.000197,172.31.36.0-255,66,26027,10,197208
50485,0.000223,172.217.194.0-255,2902,28929,10,197208
50486,0.000225,172.31.36.0-255,66,28995,10,197208
50487,0.000233,172.217.194.0-255,6797,35792,10,197208
50488,0.000235,172.31.36.0-255,66,35858,10,197208
50489,0.000243,172.217.194.0-255,7156,43014,10,197208
50490,0.000245,172.31.36.0-255,66,43080,10,197208
50491,0.000268,172.217.194.0-255,7156,50236,10,197208
50492,0.000271,172.31.36.0-255,66,50302,10,197208
50493,0.000276,172.217.194.0-255,2864,53166,10,197208
50494,0.000278,172.31.36.0-255,66,53232,10,197208
50495,0.000289,172.217.194.0-255,365,53597,10,197208
50496,0.000292,172.31.36.0-255,66,53663,10,197208
50497,0.000344,172.217.194.0-255,1484,55147,10,197208
50498,0.000364,172.217.194.0-255,1484,56631,10,197208
50499,0.000367,172.31.36.0-255,66,56697,10,197208
50500,0.000374,172.217.194.0-255,4320,61017,10,197208
50501,0.000376,172.31.36.0-255,66,61083,10,197208
50502,0.000414,172.217.194.0-255,1484,62567,10,197208
50503,0.000442,172.31.36.0-255,66,62633,10,197208
50504,0.000455,172.31.36.0-255,66,62699,10,197208
50505,0.000458,172.217.194.0-255,1484,64183,10,197208
50506,0.000473,172.217.194.0-255,1994,66177,10,197208
50507,0.000476,172.31.36.0-255,66,66243,10,197208
50508,0.001127,172.217.194.0-255,1484,67727,10,197208
50509,0.001136,172.217.194.0-255,2902,70629,10,197208
50510,0.00114,172.31.36.0-255,66,70695,10,197208
50511,0.001145,172.217.194.0-255,1484,72179,10,197208
50512,0.001164,172.217.194.0-255,4320,76499,10,197208
50513,0.001167,172.31.36.0-255,66,76565,10,197208
50514,0.001175,172.217.194.0-255,7156,83721,10,197208
50515,0.001177,172.31.36.0-255,66,83787,10,197208
50516,0.001198,172.217.194.0-255,5738,89525,10,197208
50517,0.001202,172.31.36.0-255,66,89591,10,197208
50518,0.001209,172.217.194.0-255,7156,96747,10,197208
50519,0.001212,172.31.36.0-255,66,96813,10,197208
50520,0.001227,172.217.194.0-255,1484,98297,10,197208
50521,0.00124,172.217.194.0-255,2184,100481,10,197208
50522,0.001243,172.31.36.0-255,66,100547,10,197208
50523,0.001385,172.217.194.0-255,1484,102031,10,197208
50524,0.001391,172.217.194.0-255,2902,104933,10,197208
50525,0.001394,172.31.36.0-255,66,104999,10,197208
50526,0.001398,172.217.194.0-255,1484,106483,10,197208
50527,0.001416,172.217.194.0-255,4320,110803,10,197208
50528,0.001418,172.31.36.0-255,66,110869,10,197208
50529,0.001424,172.217.194.0-255,5738,116607,10,197208
50530,0.001426,172.31.36.0-255,66,116673,10,197208
50531,0.001449,172.217.194.0-255,7156,123829,10,197208
50532,0.001451,172.31.36.0-255,66,123895,10,197208
50533,0.001462,172.31.36.0-255,66,123961,10,197208
50534,0.001488,172.217.194.0-255,2184,126145,10,197208
50535,0.00149,172.31.36.0-255,66,126211,10,197208
50536,0.001528,172.217.194.0-255,2902,129113,10,197208
50537,0.001531,172.31.36.0-255,66,129179,10,197208
50538,0.001537,172.217.194.0-255,5738,134917,10,197208
50539,0.001539,172.31.36.0-255,66,134983,10,197208
50540,0.001556,172.217.194.0-255,1484,136467,10,197208
50541,0.001581,172.31.36.0-255,66,136533,10,197208
50542,0.001616,172.31.36.0-255,66,136599,10,197208
50543,0.001637,172.217.194.0-255,1484,138083,10,197208
50544,0.001656,172.217.194.0-255,2902,140985,10,197208
50545,0.001659,172.31.36.0-255,66,141051,10,197208
50546,0.001665,172.217.194.0-255,5738,146789,10,197208
50547,0.001667,172.31.36.0-255,66,146855,10,197208
50548,0.001696,172.31.36.0-255,66,146921,10,197208
50549,0.001707,172.31.36.0-255,66,146987,10,197208
50550,0.00172,172.217.194.0-255,766,147753,10,197208
50551,0.001766,172.217.194.0-255,1484,149237,10,197208
50552,0.001768,172.31.36.0-255,66,149303,10,197208
50553,0.001771,172.217.194.0-255,1484,150787,10,197208
50554,0.001795,172.217.194.0-255,2902,153689,10,197208
50555,0.001797,172.31.36.0-255,66,153755,10,197208
50556,0.001803,172.217.194.0-255,5738,159493,10,197208
50557,0.001805,172.31.36.0-255,66,159559,10,197208
50558,0.001809,172.217.194.0-255,2902,162461,10,197208
50559,0.001811,172.31.36.0-255,66,162527,10,197208
50560,0.001856,172.31.36.0-255,66,162593,10,197208
50561,0.001866,172.31.36.0-255,66,162659,10,197208
50562,0.001922,172.217.194.0-255,1484,164143,10,197208
50563,0.001926,172.217.194.0-255,2902,167045,10,197208
50564,0.001928,172.31.36.0-255,66,167111,10,197208
50565,0.001934,172.217.194.0-255,5738,172849,10,197208
50566,0.001936,172.31.36.0-255,66,172915,10,197208
50567,0.001965,172.217.194.0-255,1484,174399,10,197208
50568,0.001987,172.217.194.0-255,766,175165,10,197208
50569,0.002013,172.217.194.0-255,1484,176649,10,197208
50570,0.002031,172.217.194.0-255,4320,180969,10,197208
50571,0.002067,172.217.194.0-255,1484,182453,10,197208
50572,0.002087,172.217.194.0-255,1484,183937,10,197208
50573,0.00214,172.217.194.0-255,4320,188257,10,197208
50574,0.002173,172.217.194.0-255,4320,192577,10,197208
50575,0.002249,172.217.194.0-255,105,192682,10,197208
50576,0.006445,172.31.36.0-255,66,192748,10,197208
50577,0.008859,172.31.36.0-255,105,192853,10,197208
50578,0.011443,172.217.194.0-255,66,192919,10,197208
50579,0.033416,172.31.36.0-255,172,193091,10,197208
50580,0.033454,172.31.36.0-255,1112,194203,10,197208
50581,0.033486,172.31.36.0-255,1514,195717,10,197208
50582,0.033488,172.31.36.0-255,1293,197010,10,197208
50583,0.034957,104.244.42.0-255,66,197076,10,197208
50584,0.034996,104.244.42.0-255,66,197142,10,197208
50585,0.035052,104.244.42.0-255,66,197208,10,197208
50586,0.0,172.217.194.0-255,153,153,10,287479
50587,3.4e-05,172.31.36.0-255,66,219,10,287479
50588,4.2e-05,172.217.194.0-255,1484,1703,10,287479
50589,4.6e-05,172.31.36.0-255,66,1769,10,287479
50590,5e-05,172.217.194.0-255,2902,4671,10,287479
50591,5.2e-05,172.31.36.0-255,66,4737,10,287479
50592,5.9e-05,172.217.194.0-255,7156,11893,10,287479
50593,6.3e-05,172.31.36.0-255,66,11959,10,287479
50594,6.6e-05,172.217.194.0-255,2055,14014,10,287479
50595,6.9e-05,172.31.36.0-255,66,14080,10,287479
50596,0.00012,172.217.194.0-255,1484,15564,10,287479
50597,0.000122,172.31.36.0-255,66,15630,10,287479
50598,0.000139,172.217.194.0-255,2902,18532,10,287479
50599,0.000141,172.31.36.0-255,66,18598,10,287479
50600,0.000148,172.217.194.0-255,4320,22918,10,287479
50601,0.00015,172.31.36.0-255,66,22984,10,287479
50602,0.000169,172.217.194.0-255,1484,24468,10,287479
50603,0.000172,172.31.36.0-255,66,24534,10,287479
50604,0.000175,172.217.194.0-255,1484,26018,10,287479
50605,0.000178,172.31.36.0-255,66,26084,10,287479
50606,0.000226,172.31.36.0-255,66,26150,10,287479
50607,0.000238,172.31.36.0-255,66,26216,10,287479
50608,0.000243,172.217.194.0-255,4320,30536,10,287479
50609,0.000247,172.31.36.0-255,66,30602,10,287479
50610,0.000283,172.31.36.0-255,66,30668,10,287479
50611,0.000298,172.217.194.0-255,365,31033,10,287479
50612,0.000301,172.31.36.0-255,66,31099,10,287479
50613,0.000483,172.217.194.0-255,1484,32583,10,287479
50614,0.000487,172.31.36.0-255,66,32649,10,287479
50615,0.000493,172.217.194.0-255,2902,35551,10,287479
50616,0.000501,172.217.194.0-255,4320,39871,10,287479
50617,0.000504,172.31.36.0-255,66,39937,10,287479
50618,0.00051,172.31.36.0-255,66,40003,10,287479
50619,0.000513,172.217.194.0-255,1484,41487,10,287479
50620,0.00055,172.217.194.0-255,5738,47225,10,287479
50621,0.000555,172.31.36.0-255,66,47291,10,287479
50622,0.000564,172.217.194.0-255,1125,48416,10,287479
50623,0.00057,172.217.194.0-255,2902,51318,10,287479
50624,0.000574,172.31.36.0-255,66,51384,10,287479
50625,0.000596,172.217.194.0-255,4320,55704,10,287479
50626,0.000604,172.217.194.0-255,7156,62860,10,287479
50627,0.000603,172.31.36.0-255,66,62926,10,287479
50628,0.000608,172.31.36.0-255,66,62992,10,287479
50629,0.000623,172.217.194.0-255,2543,65535,10,287479
50630,0.000638,172.31.36.0-255,66,65601,10,287479
50631,0.001329,172.217.194.0-255,1484,67085,10,287479
50632,0.001339,172.217.194.0-255,2902,69987,10,287479
50633,0.001343,172.31.36.0-255,66,70053,10,287479
50634,0.001351,172.217.194.0-255,5738,75791,10,287479
50635,0.001354,172.217.194.0-255,1484,77275,10,287479
50636,0.001382,172.217.194.0-255,7156,84431,10,287479
50637,0.001411,172.217.194.0-255,2902,87333,10,287479
50638,0.001465,172.217.194.0-255,5738,93071,10,287479
50639,0.001488,172.217.194.0-255,1484,94555,10,287479
50640,0.001557,172.217.194.0-255,7156,101711,10,287479
50641,0.00158,172.217.194.0-255,766,102477,10,287479
50642,0.001718,172.217.194.0-255,1484,103961,10,287479
50643,0.001725,172.217.194.0-255,2902,106863,10,287479
50644,0.001728,172.217.194.0-255,1484,108347,10,287479
50645,0.001743,172.217.194.0-255,4320,112667,10,287479
50646,0.001774,172.217.194.0-255,2902,115569,10,287479
50647,0.001791,172.217.194.0-255,5738,121307,10,287479
50648,0.001826,172.217.194.0-255,2184,123491,10,287479
50649,0.002145,172.217.194.0-255,1484,124975,10,287479
50650,0.002148,172.217.194.0-255,1484,126459,10,287479
50651,0.002159,172.217.194.0-255,1484,127943,10,287479
50652,0.002163,172.217.194.0-255,2902,130845,10,287479
50653,0.002179,172.217.194.0-255,2902,133747,10,287479
50654,0.002182,172.217.194.0-255,1484,135231,10,287479
50655,0.002232,172.217.194.0-255,4320,139551,10,287479
50656,0.002262,172.217.194.0-255,5738,145289,10,287479
50657,0.002277,172.217.194.0-255,5738,151027,10,287479
50658,0.002295,172.217.194.0-255,1484,152511,10,287479
50659,0.00241,172.217.194.0-255,1484,153995,10,287479
50660,0.002413,172.217.194.0-255,1484,155479,10,287479
50661,0.002432,172.217.194.0-255,1484,156963,10,287479
50662,0.002438,172.217.194.0-255,5738,162701,10,287479
50663,0.002443,172.217.194.0-255,2902,165603,10,287479
50664,0.002461,172.217.194.0-255,1484,167087,10,287479
50665,0.005058,172.31.36.0-255,66,167153,10,287479
50666,0.007471,172.217.194.0-255,4320,171473,10,287479
50667,0.007478,172.31.36.0-255,66,171539,10,287479
50668,0.007495,172.217.194.0-255,1484,173023,10,287479
50669,0.009818,172.217.194.0-255,4320,177343,10,287479
50670,0.009824,172.31.36.0-255,66,177409,10,287479
50671,0.012187,172.217.194.0-255,5738,183147,10,287479
50672,0.013569,172.31.36.0-255,66,183213,10,287479
50673,0.015952,172.217.194.0-255,5738,188951,10,287479
50674,0.015967,172.31.36.0-255,66,189017,10,287479
50675,0.018312,172.217.194.0-255,5738,194755,10,287479
50676,0.018321,172.31.36.0-255,66,194821,10,287479
50677,0.020653,172.217.194.0-255,5738,200559,10,287479
50678,0.020662,172.31.36.0-255,66,200625,10,287479
50679,0.023025,172.217.194.0-255,5738,206363,10,287479
50680,0.023032,172.31.36.0-255,66,206429,10,287479
50681,0.025374,172.217.194.0-255,5738,212167,10,287479
50682,0.025381,172.31.36.0-255,66,212233,10,287479
50683,0.027728,172.217.194.0-255,5738,217971,10,287479
50684,0.027736,172.31.36.0-255,66,218037,10,287479
50685,0.030114,172.217.194.0-255,5738,223775,10,287479
50686,0.030121,172.31.36.0-255,66,223841,10,287479
50687,0.030547,172.31.36.0-255,167,224008,10,287479
50688,0.030588,172.31.36.0-255,1113,225121,10,287479
50689,0.030661,172.31.36.0-255,1514,226635,10,287479
50690,0.030663,172.31.36.0-255,1290,227925,10,287479
50691,0.032124,104.244.42.0-255,66,227991,10,287479
50692,0.032293,104.244.42.0-255,66,228057,10,287479
50693,0.032296,104.244.42.0-255,66,228123,10,287479
50694,0.032453,172.217.194.0-255,4320,232443,10,287479
50695,0.032458,172.31.36.0-255,66,232509,10,287479
50696,0.032478,172.217.194.0-255,1484,233993,10,287479
50697,0.034806,172.217.194.0-255,4320,238313,10,287479
50698,0.034812,172.31.36.0-255,66,238379,10,287479
50699,0.037173,172.217.194.0-255,5738,244117,10,287479
50700,0.037214,172.31.36.0-255,66,244183,10,287479
50701,0.039551,172.217.194.0-255,5738,249921,10,287479
50702,0.039588,172.31.36.0-255,66,249987,10,287479
50703,0.041937,172.217.194.0-255,5738,255725,10,287479
50704,0.041943,172.31.36.0-255,66,255791,10,287479
50705,0.044276,172.217.194.0-255,5738,261529,10,287479
50706,0.044281,172.31.36.0-255,66,261595,10,287479
50707,0.046632,172.217.194.0-255,5738,267333,10,287479
50708,0.046637,172.31.36.0-255,66,267399,10,287479
50709,0.04899,172.217.194.0-255,5738,273137,10,287479
50710,0.048995,172.31.36.0-255,66,273203,10,287479
50711,0.051323,172.217.194.0-255,5738,278941,10,287479
50712,0.051328,172.31.36.0-255,66,279007,10,287479
50713,0.05367,172.217.194.0-255,5738,284745,10,287479
50714,0.053676,172.31.36.0-255,66,284811,10,287479
50715,0.056032,172.217.194.0-255,2431,287242,10,287479
50716,0.056039,172.31.36.0-255,66,287308,10,287479
50717,0.056235,172.31.36.0-255,105,287413,10,287479
50718,0.058552,172.217.194.0-255,66,287479,10,287479
50719,0.0,74.125.24.0-255,297,297,10,210597
50720,2.3e-05,172.31.36.0-255,66,363,10,210597
50721,2.9e-05,74.125.24.0-255,1484,1847,10,210597
50722,3.4e-05,172.31.36.0-255,66,1913,10,210597
50723,4.1e-05,74.125.24.0-255,4320,6233,10,210597
50724,4.4e-05,172.31.36.0-255,66,6299,10,210597
50725,5.1e-05,74.125.24.0-255,7156,13455,10,210597
50726,5.5e-05,172.31.36.0-255,66,13521,10,210597
50727,9.5e-05,74.125.24.0-255,447,13968,10,210597
50728,9.7e-05,172.31.36.0-255,66,14034,10,210597
50729,0.000149,74.125.24.0-255,1484,15518,10,210597
50730,0.000152,172.31.36.0-255,66,15584,10,210597
50731,0.000169,74.125.24.0-255,2902,18486,10,210597
50732,0.000171,172.31.36.0-255,66,18552,10,210597
50733,0.000177,74.125.24.0-255,4320,22872,10,210597
50734,0.000179,172.31.36.0-255,66,22938,10,210597
50735,0.000194,74.125.24.0-255,1484,24422,10,210597
50736,0.000196,172.31.36.0-255,66,24488,10,210597
50737,0.00023,74.125.24.0-255,6797,31285,10,210597
50738,0.000232,172.31.36.0-255,66,31351,10,210597
50739,0.001316,74.125.24.0-255,1484,32835,10,210597
50740,0.001322,172.31.36.0-255,66,32901,10,210597
50741,0.001331,74.125.24.0-255,2902,35803,10,210597
50742,0.001333,172.31.36.0-255,66,35869,10,210597
50743,0.001339,74.125.24.0-255,5738,41607,10,210597
50744,0.001341,172.31.36.0-255,66,41673,10,210597
50745,0.001347,74.125.24.0-255,5738,47411,10,210597
50746,0.001349,172.31.36.0-255,66,47477,10,210597
50747,0.001374,74.125.24.0-255,5738,53215,10,210597
50748,0.001377,172.31.36.0-255,66,53281,10,210597
50749,0.001407,172.31.36.0-255,66,53347,10,210597
50750,0.001412,74.125.24.0-255,3961,57308,10,210597
50751,0.001413,172.31.36.0-255,66,57374,10,210597
50752,0.001667,74.125.24.0-255,396,57770,10,210597
50753,0.001755,74.125.24.0-255,1484,59254,10,210597
50754,0.001761,172.31.36.0-255,66,59320,10,210597
50755,0.001767,74.125.24.0-255,2902,62222,10,210597
50756,0.00177,172.31.36.0-255,66,62288,10,210597
50757,0.001774,74.125.24.0-255,1484,63772,10,210597
50758,0.001795,74.125.24.0-255,4320,68092,10,210597
50759,0.001798,172.31.36.0-255,66,68158,10,210597
50760,0.001812,172.31.36.0-255,66,68224,10,210597
50761,0.001848,74.125.24.0-255,7156,75380,10,210597
50762,0.001851,172.31.36.0-255,66,75446,10,210597
50763,0.001867,74.125.24.0-255,5020,80466,10,210597
50764,0.001869,172.31.36.0-255,66,80532,10,210597
50765,0.001921,172.31.36.0-255,66,80598,10,210597
50766,0.001927,74.125.24.0-255,4320,84918,10,210597
50767,0.001929,172.31.36.0-255,66,84984,10,210597
50768,0.001953,172.31.36.0-255,66,85050,10,210597
50769,0.001961,74.125.24.0-255,6438,91488,10,210597
50770,0.001963,172.31.36.0-255,66,91554,10,210597
50771,0.001971,74.125.24.0-255,7156,98710,10,210597
50772,0.001974,172.31.36.0-255,66,98776,10,210597
50773,0.001977,74.125.24.0-255,1484,100260,10,210597
50774,0.002015,172.31.36.0-255,66,100326,10,210597
50775,0.002029,172.31.36.0-255,66,100392,10,210597
50776,0.00237,74.125.24.0-255,348,100740,10,210597
50777,0.002636,74.125.24.0-255,1484,102224,10,210597
50778,0.002642,172.31.36.0-255,66,102290,10,210597
50779,0.002649,74.125.24.0-255,2902,105192,10,210597
50780,0.002651,172.31.36.0-255,66,105258,10,210597
50781,0.002685,74.125.24.0-255,5738,110996,10,210597
50782,0.002689,172.31.36.0-255,66,111062,10,210597
50783,0.002696,74.125.24.0-255,7156,118218,10,210597
50784,0.002699,172.31.36.0-255,66,118284,10,210597
50785,0.002713,172.31.36.0-255,66,118350,10,210597
50786,0.002727,74.125.24.0-255,2902,121252,10,210597
50787,0.002729,172.31.36.0-255,66,121318,10,210597
50788,0.002733,74.125.24.0-255,2184,123502,10,210597
50789,0.002735,172.31.36.0-255,66,123568,10,210597
50790,0.002797,74.125.24.0-255,1484,125052,10,210597
50791,0.002801,74.125.24.0-255,2902,127954,10,210597
50792,0.002804,172.31.36.0-255,66,128020,10,210597
50793,0.002808,74.125.24.0-255,1484,129504,10,210597
50794,0.002828,74.125.24.0-255,4320,133824,10,210597
50795,0.002831,172.31.36.0-255,66,133890,10,210597
50796,0.002838,74.125.24.0-255,4320,138210,10,210597
50797,0.00284,172.31.36.0-255,66,138276,10,210597
50798,0.002902,172.31.36.0-255,66,138342,10,210597
50799,0.002905,172.31.36.0-255,66,138408,10,210597
50800,0.002913,172.31.36.0-255,66,138474,10,210597
50801,0.002972,74.125.24.0-255,1484,139958,10,210597
50802,0.002977,172.31.36.0-255,66,140024,10,210597
50803,0.002994,74.125.24.0-255,2902,142926,10,210597
50804,0.003001,74.125.24.0-255,5738,148664,10,210597
50805,0.003007,74.125.24.0-255,4320,152984,10,210597
50806,0.003093,172.31.36.0-255,66,153050,10,210597
50807,0.003118,74.125.24.0-255,1484,154534,10,210597
50808,0.003132,74.125.24.0-255,2902,157436,10,210597
50809,0.003144,74.125.24.0-255,2902,160338,10,210597
50810,0.003158,74.125.24.0-255,2902,163240,10,210597
50811,0.003169,172.31.36.0-255,66,163306,10,210597
50812,0.003179,74.125.24.0-255,4320,167626,10,210597
50813,0.003188,172.31.36.0-255,66,167692,10,210597
50814,0.003213,74.125.24.0-255,7156,174848,10,210597
50815,0.003225,172.31.36.0-255,66,174914,10,210597
50816,0.003246,74.125.24.0-255,6438,181352,10,210597
50817,0.003266,74.125.24.0-255,2902,184254,10,210597
50818,0.003299,74.125.24.0-255,6438,190692,10,210597
50819,0.003316,172.31.36.0-255,66,190758,10,210597
50820,0.003323,172.31.36.0-255,66,190824,10,210597
50821,0.003339,74.125.24.0-255,5738,196562,10,210597
50822,0.003345,74.125.24.0-255,5020,201582,10,210597
50823,0.003363,74.125.24.0-255,4320,205902,10,210597
50824,0.003377,172.31.36.0-255,66,205968,10,210597
50825,0.003388,74.125.24.0-255,105,206073,10,210597
50826,0.0034,172.31.36.0-255,66,206139,10,210597
50827,0.0109,172.31.36.0-255,105,206244,10,210597
50828,0.01347,74.125.24.0-255,66,206310,10,210597
50829,0.035018,172.31.36.0-255,172,206482,10,210597
50830,0.035057,172.31.36.0-255,1111,207593,10,210597
50831,0.035121,172.31.36.0-255,1514,209107,10,210597
50832,0.035123,172.31.36.0-255,1292,210399,10,210597
50833,0.036557,104.244.42.0-255,66,210465,10,210597
50834,0.036572,104.244.42.0-255,66,210531,10,210597
50835,0.03664,104.244.42.0-255,66,210597,10,210597
50836,0.0,74.125.24.0-255,314,314,10,306843
50837,3.2e-05,172.31.36.0-255,66,380,10,306843
50838,3.9e-05,74.125.24.0-255,1484,1864,10,306843
50839,4.3e-05,172.31.36.0-255,66,1930,10,306843
50840,4.9e-05,74.125.24.0-255,4320,6250,10,306843
50841,5.1e-05,172.31.36.0-255,66,6316,10,306843
50842,5.6e-05,74.125.24.0-255,4320,10636,10,306843
50843,5.9e-05,172.31.36.0-255,66,10702,10,306843
50844,7.8e-05,74.125.24.0-255,2902,13604,10,306843
50845,8e-05,172.31.36.0-255,66,13670,10,306843
50846,9.4e-05,74.125.24.0-255,1484,15154,10,306843
50847,9.7e-05,172.31.36.0-255,66,15220,10,306843
50848,0.000136,172.31.36.0-255,66,15286,10,306843
50849,0.000141,74.125.24.0-255,3961,19247,10,306843
50850,0.000144,172.31.36.0-255,66,19313,10,306843
50851,0.000261,74.125.24.0-255,1484,20797,10,306843
50852,0.000264,172.31.36.0-255,66,20863,10,306843
50853,0.00027,74.125.24.0-255,2902,23765,10,306843
50854,0.000272,172.31.36.0-255,66,23831,10,306843
50855,0.000306,74.125.24.0-255,5738,29569,10,306843
50856,0.000309,172.31.36.0-255,66,29635,10,306843
50857,0.000314,74.125.24.0-255,2902,32537,10,306843
50858,0.000316,172.31.36.0-255,66,32603,10,306843
50859,0.000355,172.31.36.0-255,66,32669,10,306843
50860,0.000372,74.125.24.0-255,1484,34153,10,306843
50861,0.000378,172.31.36.0-255,66,34219,10,306843
50862,0.000401,172.31.36.0-255,66,34285,10,306843
50863,0.000404,74.125.24.0-255,766,35051,10,306843
50864,0.000406,172.31.36.0-255,66,35117,10,306843
50865,0.000457,74.125.24.0-255,355,35472,10,306843
50866,0.000497,74.125.24.0-255,136,35608,10,306843
50867,0.000561,74.125.24.0-255,1484,37092,10,306843
50868,0.000565,172.31.36.0-255,66,37158,10,306843
50869,0.00057,74.125.24.0-255,2902,40060,10,306843
50870,0.000572,172.31.36.0-255,66,40126,10,306843
50871,0.000575,74.125.24.0-255,1484,41610,10,306843
50872,0.000578,74.125.24.0-255,1484,43094,10,306843
50873,0.000581,172.31.36.0-255,66,43160,10,306843
50874,0.000602,74.125.24.0-255,7156,50316,10,306843
50875,0.000605,172.31.36.0-255,66,50382,10,306843
50876,0.000651,172.31.36.0-255,66,50448,10,306843
50877,0.000701,74.125.24.0-255,2466,52914,10,306843
50878,0.000704,172.31.36.0-255,66,52980,10,306843
50879,0.000758,74.125.24.0-255,2902,55882,10,306843
50880,0.000762,172.31.36.0-255,66,55948,10,306843
50881,0.000786,74.125.24.0-255,7156,63104,10,306843
50882,0.000789,172.31.36.0-255,66,63170,10,306843
50883,0.000825,74.125.24.0-255,5738,68908,10,306843
50884,0.000828,172.31.36.0-255,66,68974,10,306843
50885,0.000851,74.125.24.0-255,5738,74712,10,306843
50886,0.000853,172.31.36.0-255,66,74778,10,306843
50887,0.000866,172.31.36.0-255,66,74844,10,306843
50888,0.00089,74.125.24.0-255,3602,78446,10,306843
50889,0.000893,172.31.36.0-255,66,78512,10,306843
50890,0.001079,74.125.24.0-255,1484,79996,10,306843
50891,0.001085,74.125.24.0-255,1484,81480,10,306843
50892,0.001088,172.31.36.0-255,66,81546,10,306843
50893,0.001109,74.125.24.0-255,1484,83030,10,306843
50894,0.001116,74.125.24.0-255,5738,88768,10,306843
50895,0.001119,172.31.36.0-255,66,88834,10,306843
50896,0.001125,74.125.24.0-255,5738,94572,10,306843
50897,0.001127,172.31.36.0-255,66,94638,10,306843
50898,0.001167,74.125.24.0-255,7156,101794,10,306843
50899,0.00117,172.31.36.0-255,66,101860,10,306843
50900,0.001194,74.125.24.0-255,5738,107598,10,306843
50901,0.001197,172.31.36.0-255,66,107664,10,306843
50902,0.001203,74.125.24.0-255,5020,112684,10,306843
50903,0.001205,172.31.36.0-255,66,112750,10,306843
50904,0.001666,74.125.24.0-255,1484,114234,10,306843
50905,0.00168,74.125.24.0-255,2902,117136,10,306843
50906,0.001684,172.31.36.0-255,66,117202,10,306843
50907,0.001688,74.125.24.0-255,1484,118686,10,306843
50908,0.001708,74.125.24.0-255,4320,123006,10,306843
50909,0.001711,172.31.36.0-255,66,123072,10,306843
50910,0.001719,74.125.24.0-255,7156,130228,10,306843
50911,0.001722,172.31.36.0-255,66,130294,10,306843
50912,0.001743,74.125.24.0-255,5738,136032,10,306843
50913,0.001746,172.31.36.0-255,66,136098,10,306843
50914,0.001758,172.31.36.0-255,66,136164,10,306843
50915,0.001985,74.125.24.0-255,1484,137648,10,306843
50916,0.001992,74.125.24.0-255,2902,140550,10,306843
50917,0.001996,172.31.36.0-255,66,140616,10,306843
50918,0.002022,74.125.24.0-255,4320,144936,10,306843
50919,0.002025,172.31.36.0-255,66,145002,10,306843
50920,0.002043,74.125.24.0-255,1484,146486,10,306843
50921,0.002047,74.125.24.0-255,2902,149388,10,306843
50922,0.00205,172.31.36.0-255,66,149454,10,306843
50923,0.002077,172.31.36.0-255,66,149520,10,306843
50924,0.002095,74.125.24.0-255,2902,152422,10,306843
50925,0.002097,172.31.36.0-255,66,152488,10,306843
50926,0.002122,172.31.36.0-255,66,152554,10,306843
50927,0.002136,172.31.36.0-255,66,152620,10,306843
50928,0.002162,74.125.24.0-255,4320,156940,10,306843
50929,0.002166,172.31.36.0-255,66,157006,10,306843
50930,0.002181,74.125.24.0-255,2902,159908,10,306843
50931,0.002183,172.31.36.0-255,66,159974,10,306843
50932,0.002194,172.31.36.0-255,66,160040,10,306843
50933,0.002197,74.125.24.0-255,1484,161524,10,306843
50934,0.002214,74.125.24.0-255,3602,165126,10,306843
50935,0.002217,172.31.36.0-255,66,165192,10,306843
50936,0.002338,74.125.24.0-255,1484,166676,10,306843
50937,0.002343,74.125.24.0-255,2902,169578,10,306843
50938,0.002346,172.31.36.0-255,66,169644,10,306843
50939,0.002349,74.125.24.0-255,1484,171128,10,306843
50940,0.002366,74.125.24.0-255,4320,175448,10,306843
50941,0.002369,172.31.36.0-255,66,175514,10,306843
50942,0.00241,74.125.24.0-255,1484,176998,10,306843
50943,0.002434,172.31.36.0-255,66,177064,10,306843
50944,0.002437,74.125.24.0-255,1484,178548,10,306843
50945,0.004803,74.125.24.0-255,4320,182868,10,306843
50946,0.004811,172.31.36.0-255,66,182934,10,306843
50947,0.007147,74.125.24.0-255,5738,188672,10,306843
50948,0.007151,172.31.36.0-255,66,188738,10,306843
50949,0.009462,74.125.24.0-255,5738,194476,10,306843
50950,0.009467,172.31.36.0-255,66,194542,10,306843
50951,0.011804,74.125.24.0-255,5738,200280,10,306843
50952,0.01181,172.31.36.0-255,66,200346,10,306843
50953,0.014138,74.125.24.0-255,5738,206084,10,306843
50954,0.014145,172.31.36.0-255,66,206150,10,306843
50955,0.016454,74.125.24.0-255,5738,211888,10,306843
50956,0.016464,172.31.36.0-255,66,211954,10,306843
50957,0.018798,74.125.24.0-255,5738,217692,10,306843
50958,0.018807,172.31.36.0-255,66,217758,10,306843
50959,0.02114,74.125.24.0-255,5738,223496,10,306843
50960,0.021149,172.31.36.0-255,66,223562,10,306843
50961,0.023464,74.125.24.0-255,5738,229300,10,306843
50962,0.023471,172.31.36.0-255,66,229366,10,306843
50963,0.025808,74.125.24.0-255,5738,235104,10,306843
50964,0.025815,172.31.36.0-255,66,235170,10,306843
50965,0.028165,74.125.24.0-255,5738,240908,10,306843
50966,0.028173,172.31.36.0-255,66,240974,10,306843
50967,0.030518,74.125.24.0-255,5738,246712,10,306843
50968,0.030526,172.31.36.0-255,66,246778,10,306843
50969,0.032885,74.125.24.0-255,5738,252516,10,306843
50970,0.032891,172.31.36.0-255,66,252582,10,306843
50971,0.033836,172.31.36.0-255,172,252754,10,306843
50972,0.033865,172.31.36.0-255,1113,253867,10,306843
50973,0.033902,172.31.36.0-255,1514,255381,10,306843
50974,0.033904,172.31.36.0-255,1290,256671,10,306843
50975,0.035226,74.125.24.0-255,4320,260991,10,306843
50976,0.035231,172.31.36.0-255,66,261057,10,306843
50977,0.035267,74.125.24.0-255,1484,262541,10,306843
50978,0.035403,104.244.42.0-255,66,262607,10,306843
50979,0.035438,104.244.42.0-255,66,262673,10,306843
50980,0.035441,104.244.42.0-255,66,262739,10,306843
50981,0.037556,74.125.24.0-255,4320,267059,10,306843
50982,0.03756,172.31.36.0-255,66,267125,10,306843
50983,0.039908,74.125.24.0-255,5738,272863,10,306843
50984,0.039914,172.31.36.0-255,66,272929,10,306843
50985,0.042229,74.125.24.0-255,5738,278667,10,306843
50986,0.042234,172.31.36.0-255,66,278733,10,306843
50987,0.044555,74.125.24.0-255,5738,284471,10,306843
50988,0.04456,172.31.36.0-255,66,284537,10,306843
50989,0.046923,74.125.24.0-255,5738,290275,10,306843
50990,0.04693,172.31.36.0-255,66,290341,10,306843
50991,0.049278,74.125.24.0-255,2902,293243,10,306843
50992,0.049283,172.31.36.0-255,66,293309,10,306843
50993,0.049317,74.125.24.0-255,2902,296211,10,306843
50994,0.04932,172.31.36.0-255,66,296277,10,306843
50995,0.05166,74.125.24.0-255,2902,299179,10,306843
50996,0.051665,172.31.36.0-255,66,299245,10,306843
50997,0.051695,74.125.24.0-255,2902,302147,10,306843
50998,0.051697,172.31.36.0-255,66,302213,10,306843
50999,0.054007,74.125.24.0-255,2902,305115,10,306843
51000,0.054012,172.31.36.0-255,66,305181,10,306843
51001,0.054043,74.125.24.0-255,966,306147,10,306843
51002,0.054194,172.31.36.0-255,105,306252,10,306843
51003,0.054219,172.31.36.0-255,105,306357,10,306843
51004,0.054441,172.31.36.0-255,90,306447,10,306843
51005,0.054451,172.31.36.0-255,66,306513,10,306843
51006,0.05647,74.125.24.0-255,66,306579,10,306843
51007,0.056504,74.125.24.0-255,66,306645,10,306843
51008,0.056742,74.125.24.0-255,66,306711,10,306843
51009,0.056874,74.125.24.0-255,66,306777,10,306843
51010,0.056878,172.31.36.0-255,66,306843,10,306843
51011,0.0,172.253.118.0-255,152,152,10,386518
51012,2.3e-05,172.31.36.0-255,66,218,10,386518
51013,3e-05,172.253.118.0-255,1484,1702,10,386518
51014,3.6e-05,172.31.36.0-255,66,1768,10,386518
51015,5e-05,172.253.118.0-255,2902,4670,10,386518
51016,5.4e-05,172.31.36.0-255,66,4736,10,386518
51017,6.2e-05,172.253.118.0-255,7156,11892,10,386518
51018,6.5e-05,172.31.36.0-255,66,11958,10,386518
51019,6.9e-05,172.253.118.0-255,2019,13977,10,386518
51020,7.2e-05,172.31.36.0-255,66,14043,10,386518
51021,0.000116,172.253.118.0-255,1484,15527,10,386518
51022,0.000119,172.31.36.0-255,66,15593,10,386518
51023,0.000125,172.253.118.0-255,2902,18495,10,386518
51024,0.000127,172.31.36.0-255,66,18561,10,386518
51025,0.000131,172.253.118.0-255,2902,21463,10,386518
51026,0.000134,172.31.36.0-255,66,21529,10,386518
51027,0.000167,172.253.118.0-255,2902,24431,10,386518
51028,0.00017,172.31.36.0-255,66,24497,10,386518
51029,0.000178,172.253.118.0-255,6797,31294,10,386518
51030,0.00018,172.31.36.0-255,66,31360,10,386518
51031,0.000208,172.253.118.0-255,7156,38516,10,386518
51032,0.000211,172.31.36.0-255,66,38582,10,386518
51033,0.000215,172.253.118.0-255,1484,40066,10,386518
51034,0.000217,172.31.36.0-255,66,40132,10,386518
51035,0.000254,172.31.36.0-255,66,40198,10,386518
51036,0.000463,172.253.118.0-255,1484,41682,10,386518
51037,0.000468,172.31.36.0-255,66,41748,10,386518
51038,0.000474,172.253.118.0-255,2902,44650,10,386518
51039,0.000477,172.31.36.0-255,66,44716,10,386518
51040,0.000507,172.253.118.0-255,5738,50454,10,386518
51041,0.00051,172.31.36.0-255,66,50520,10,386518
51042,0.000517,172.253.118.0-255,6797,57317,10,386518
51043,0.00052,172.31.36.0-255,66,57383,10,386518
51044,0.000612,172.253.118.0-255,1484,58867,10,386518
51045,0.000619,172.253.118.0-255,2902,61769,10,386518
51046,0.000622,172.31.36.0-255,66,61835,10,386518
51047,0.000653,172.253.118.0-255,5738,67573,10,386518
51048,0.000656,172.31.36.0-255,66,67639,10,386518
51049,0.000687,172.253.118.0-255,6797,74436,10,386518
51050,0.000691,172.31.36.0-255,66,74502,10,386518
51051,0.000698,172.253.118.0-255,7156,81658,10,386518
51052,0.000701,172.31.36.0-255,66,81724,10,386518
51053,0.000723,172.253.118.0-255,4320,86044,10,386518
51054,0.000728,172.31.36.0-255,66,86110,10,386518
51055,0.000754,172.253.118.0-255,5379,91489,10,386518
51056,0.000757,172.31.36.0-255,66,91555,10,386518
51057,0.000795,172.253.118.0-255,5738,97293,10,386518
51058,0.000799,172.31.36.0-255,66,97359,10,386518
51059,0.000806,172.253.118.0-255,7156,104515,10,386518
51060,0.000809,172.31.36.0-255,66,104581,10,386518
51061,0.000837,172.253.118.0-255,3947,108528,10,386518
51062,0.000842,172.31.36.0-255,66,108594,10,386518
51063,0.001123,172.253.118.0-255,1484,110078,10,386518
51064,0.001141,172.253.118.0-255,2902,112980,10,386518
51065,0.001145,172.31.36.0-255,66,113046,10,386518
51066,0.001174,172.253.118.0-255,5738,118784,10,386518
51067,0.001177,172.31.36.0-255,66,118850,10,386518
51068,0.001188,172.31.36.0-255,66,118916,10,386518
51069,0.001208,172.253.118.0-255,4320,123236,10,386518
51070,0.00121,172.31.36.0-255,66,123302,10,386518
51071,0.001245,172.253.118.0-255,7156,130458,10,386518
51072,0.001248,172.31.36.0-255,66,130524,10,386518
51073,0.001252,172.253.118.0-255,2184,132708,10,386518
51074,0.001253,172.31.36.0-255,66,132774,10,386518
51075,0.001762,172.253.118.0-255,1484,134258,10,386518
51076,0.001766,172.253.118.0-255,1484,135742,10,386518
51077,0.001769,172.31.36.0-255,66,135808,10,386518
51078,0.001793,172.253.118.0-255,1484,137292,10,386518
51079,0.001807,172.253.118.0-255,4320,141612,10,386518
51080,0.001809,172.31.36.0-255,66,141678,10,386518
51081,0.001831,172.253.118.0-255,1484,143162,10,386518
51082,0.001842,172.31.36.0-255,66,143228,10,386518
51083,0.001874,172.31.36.0-255,66,143294,10,386518
51084,0.001879,172.253.118.0-255,5020,148314,10,386518
51085,0.001881,172.31.36.0-255,66,148380,10,386518
51086,0.003863,172.253.118.0-255,5738,154118,10,386518
51087,0.00387,172.31.36.0-255,66,154184,10,386518
51088,0.005857,172.253.118.0-255,4320,158504,10,386518
51089,0.00586,172.31.36.0-255,66,158570,10,386518
51090,0.00588,172.253.118.0-255,1484,160054,10,386518
51091,0.00784,172.253.118.0-255,4320,164374,10,386518
51092,0.007846,172.31.36.0-255,66,164440,10,386518
51093,0.00985,172.253.118.0-255,5738,170178,10,386518
51094,0.009856,172.31.36.0-255,66,170244,10,386518
51095,0.011855,172.253.118.0-255,5738,175982,10,386518
51096,0.011863,172.31.36.0-255,66,176048,10,386518
51097,0.013852,172.253.118.0-255,5738,181786,10,386518
51098,0.013859,172.31.36.0-255,66,181852,10,386518
51099,0.015862,172.253.118.0-255,5738,187590,10,386518
51100,0.015872,172.31.36.0-255,66,187656,10,386518
51101,0.017881,172.253.118.0-255,4320,191976,10,386518
51102,0.017889,172.31.36.0-255,66,192042,10,386518
51103,0.017918,172.253.118.0-255,1484,193526,10,386518
51104,0.019915,172.253.118.0-255,4320,197846,10,386518
51105,0.019923,172.31.36.0-255,66,197912,10,386518
51106,0.021925,172.253.118.0-255,5738,203650,10,386518
51107,0.021933,172.31.36.0-255,66,203716,10,386518
51108,0.023932,172.253.118.0-255,5738,209454,10,386518
51109,0.023938,172.31.36.0-255,66,209520,10,386518
51110,0.025945,172.253.118.0-255,5738,215258,10,386518
51111,0.025953,172.31.36.0-255,66,215324,10,386518
51112,0.027954,172.253.118.0-255,5738,221062,10,386518
51113,0.027959,172.31.36.0-255,66,221128,10,386518
51114,0.029976,172.253.118.0-255,5738,226866,10,386518
51115,0.029991,172.31.36.0-255,66,226932,10,386518
51116,0.031995,172.253.118.0-255,5738,232670,10,386518
51117,0.032008,172.31.36.0-255,66,232736,10,386518
51118,0.034019,172.253.118.0-255,5738,238474,10,386518
51119,0.034034,172.31.36.0-255,66,238540,10,386518
51120,0.036029,172.253.118.0-255,5738,244278,10,386518
51121,0.03604,172.31.36.0-255,66,244344,10,386518
51122,0.038059,172.253.118.0-255,5738,250082,10,386518
51123,0.038077,172.31.36.0-255,66,250148,10,386518
51124,0.039406,172.31.36.0-255,172,250320,10,386518
51125,0.03944,172.31.36.0-255,1112,251432,10,386518
51126,0.039501,172.31.36.0-255,1514,252946,10,386518
51127,0.039503,172.31.36.0-255,1291,254237,10,386518
51128,0.040078,172.253.118.0-255,5738,259975,10,386518
51129,0.040086,172.31.36.0-255,66,260041,10,386518
51130,0.040959,104.244.42.0-255,66,260107,10,386518
51131,0.040968,104.244.42.0-255,66,260173,10,386518
51132,0.041056,104.244.42.0-255,66,260239,10,386518
51133,0.042091,172.253.118.0-255,5738,265977,10,386518
51134,0.042098,172.31.36.0-255,66,266043,10,386518
51135,0.044095,172.253.118.0-255,5738,271781,10,386518
51136,0.044102,172.31.36.0-255,66,271847,10,386518
51137,0.046101,172.253.118.0-255,5738,277585,10,386518
51138,0.046109,172.31.36.0-255,66,277651,10,386518
51139,0.048094,172.253.118.0-255,5738,283389,10,386518
51140,0.048101,172.31.36.0-255,66,283455,10,386518
51141,0.050093,172.253.118.0-255,5738,289193,10,386518
51142,0.050099,172.31.36.0-255,66,289259,10,386518
51143,0.052079,172.253.118.0-255,5738,294997,10,386518
51144,0.052086,172.31.36.0-255,66,295063,10,386518
51145,0.054101,172.253.118.0-255,5738,300801,10,386518
51146,0.05411,172.31.36.0-255,66,300867,10,386518
51147,0.056111,172.253.118.0-255,5738,306605,10,386518
51148,0.056121,172.31.36.0-255,66,306671,10,386518
51149,0.058143,172.253.118.0-255,5738,312409,10,386518
51150,0.058149,172.31.36.0-255,66,312475,10,386518
51151,0.060145,172.253.118.0-255,5738,318213,10,386518
51152,0.060151,172.31.36.0-255,66,318279,10,386518
51153,0.062168,172.253.118.0-255,5738,324017,10,386518
51154,0.062174,172.31.36.0-255,66,324083,10,386518
51155,0.064174,172.253.118.0-255,5738,329821,10,386518
51156,0.06418,172.31.36.0-255,66,329887,10,386518
51157,0.066175,172.253.118.0-255,5738,335625,10,386518
51158,0.066181,172.31.36.0-255,66,335691,10,386518
51159,0.068186,172.253.118.0-255,5738,341429,10,386518
51160,0.068193,172.31.36.0-255,66,341495,10,386518
51161,0.070193,172.253.118.0-255,5738,347233,10,386518
51162,0.0702,172.31.36.0-255,66,347299,10,386518
51163,0.072243,172.253.118.0-255,5738,353037,10,386518
51164,0.072249,172.31.36.0-255,66,353103,10,386518
51165,0.074255,172.253.118.0-255,5738,358841,10,386518
51166,0.074261,172.31.36.0-255,66,358907,10,386518
51167,0.076269,172.253.118.0-255,5738,364645,10,386518
51168,0.076275,172.31.36.0-255,66,364711,10,386518
51169,0.078285,172.253.118.0-255,5738,370449,10,386518
51170,0.078292,172.31.36.0-255,66,370515,10,386518
51171,0.080294,172.253.118.0-255,5738,376253,10,386518
51172,0.080301,172.31.36.0-255,66,376319,10,386518
51173,0.082315,172.253.118.0-255,5738,382057,10,386518
51174,0.082322,172.31.36.0-255,66,382123,10,386518
51175,0.08431,172.253.118.0-255,4158,386281,10,386518
51176,0.084317,172.31.36.0-255,66,386347,10,386518
51177,0.084502,172.31.36.0-255,105,386452,10,386518
51178,0.086467,172.253.118.0-255,66,386518,10,386518
51179,0.0,74.125.24.0-255,297,297,10,93670
51180,1.9e-05,172.31.36.0-255,66,363,10,93670
51181,2.6e-05,74.125.24.0-255,1484,1847,10,93670
51182,3e-05,172.31.36.0-255,66,1913,10,93670
51183,3.7e-05,74.125.24.0-255,4320,6233,10,93670
51184,4e-05,172.31.36.0-255,66,6299,10,93670
51185,7.8e-05,172.31.36.0-255,66,6365,10,93670
51186,0.000171,172.31.36.0-255,66,6431,10,93670
51187,0.00028,172.31.36.0-255,66,6497,10,93670
51188,0.00039,172.31.36.0-255,66,6563,10,93670
51189,0.000565,74.125.24.0-255,7156,13719,10,93670
51190,0.00057,172.31.36.0-255,66,13785,10,93670
51191,0.000603,172.31.36.0-255,66,13851,10,93670
51192,0.00085,172.31.36.0-255,66,13917,10,93670
51193,0.001081,172.31.36.0-255,66,13983,10,93670
51194,0.001251,172.31.36.0-255,66,14049,10,93670
51195,0.001273,74.125.24.0-255,5738,19787,10,93670
51196,0.001275,172.31.36.0-255,66,19853,10,93670
51197,0.001432,172.31.36.0-255,66,19919,10,93670
51198,0.001473,172.31.36.0-255,66,19985,10,93670
51199,0.001817,172.31.36.0-255,66,20051,10,93670
51200,0.002527,74.125.24.0-255,5738,25789,10,93670
51201,0.003081,74.125.24.0-255,7156,32945,10,93670
51202,0.003804,74.125.24.0-255,7156,40101,10,93670
51203,0.004644,172.31.36.0-255,66,40167,10,93670
51204,0.006959,74.125.24.0-255,5738,45905,10,93670
51205,0.006966,172.31.36.0-255,66,45971,10,93670
51206,0.00927,74.125.24.0-255,5738,51709,10,93670
51207,0.009277,172.31.36.0-255,66,51775,10,93670
51208,0.011592,74.125.24.0-255,5738,57513,10,93670
51209,0.011599,172.31.36.0-255,66,57579,10,93670
51210,0.013909,74.125.24.0-255,5738,63317,10,93670
51211,0.013916,172.31.36.0-255,66,63383,10,93670
51212,0.016223,74.125.24.0-255,5738,69121,10,93670
51213,0.018822,172.31.36.0-255,66,69187,10,93670
51214,0.021144,74.125.24.0-255,5738,74925,10,93670
51215,0.021153,172.31.36.0-255,66,74991,10,93670
51216,0.023514,74.125.24.0-255,5738,80729,10,93670
51217,0.023522,172.31.36.0-255,66,80795,10,93670
51218,0.02585,74.125.24.0-255,5738,86533,10,93670
51219,0.025858,172.31.36.0-255,66,86599,10,93670
51220,0.028169,74.125.24.0-255,3508,90107,10,93670
51221,0.028176,172.31.36.0-255,66,90173,10,93670
51222,0.028348,172.31.36.0-255,105,90278,10,93670
51223,0.030641,74.125.24.0-255,66,90344,10,93670
51224,0.03335,172.31.36.0-255,172,90516,10,93670
51225,0.033385,172.31.36.0-255,1112,91628,10,93670
51226,0.033446,172.31.36.0-255,1514,93142,10,93670
51227,0.033448,172.31.36.0-255,330,93472,10,93670
51228,0.034836,104.244.42.0-255,66,93538,10,93670
51229,0.03487,104.244.42.0-255,66,93604,10,93670
51230,0.034942,104.244.42.0-255,66,93670,10,93670
51231,0.0,74.125.130.0-255,153,153,10,394155
51232,1.4e-05,172.31.36.0-255,66,219,10,394155
51233,2e-05,74.125.130.0-255,1484,1703,10,394155
51234,2.5e-05,172.31.36.0-255,66,1769,10,394155
51235,3.1e-05,74.125.130.0-255,2902,4671,10,394155
51236,3.4e-05,172.31.36.0-255,66,4737,10,394155
51237,3.8e-05,74.125.130.0-255,1484,6221,10,394155
51238,4.1e-05,172.31.36.0-255,66,6287,10,394155
51239,7.3e-05,74.125.130.0-255,4320,10607,10,394155
51240,7.7e-05,172.31.36.0-255,66,10673,10,394155
51241,8.2e-05,74.125.130.0-255,3473,14146,10,394155
51242,8.4e-05,172.31.36.0-255,66,14212,10,394155
51243,0.000253,74.125.130.0-255,1484,15696,10,394155
51244,0.000259,172.31.36.0-255,66,15762,10,394155
51245,0.000263,74.125.130.0-255,1484,17246,10,394155
51246,0.000265,172.31.36.0-255,66,17312,10,394155
51247,0.000269,74.125.130.0-255,2902,20214,10,394155
51248,0.000273,172.31.36.0-255,66,20280,10,394155
51249,0.000301,74.125.130.0-255,5738,26018,10,394155
51250,0.000303,172.31.36.0-255,66,26084,10,394155
51251,0.000339,74.125.130.0-255,5379,31463,10,394155
51252,0.000341,172.31.36.0-255,66,31529,10,394155
51253,0.000347,74.125.130.0-255,5738,37267,10,394155
51254,0.000349,172.31.36.0-255,66,37333,10,394155
51255,0.00038,172.31.36.0-255,66,37399,10,394155
51256,0.000422,74.125.130.0-255,1484,38883,10,394155
51257,0.000425,172.31.36.0-255,66,38949,10,394155
51258,0.00043,74.125.130.0-255,2902,41851,10,394155
51259,0.000433,172.31.36.0-255,66,41917,10,394155
51260,0.000457,74.125.130.0-255,5738,47655,10,394155
51261,0.00046,172.31.36.0-255,66,47721,10,394155
51262,0.000465,74.125.130.0-255,4320,52041,10,394155
51263,0.000467,172.31.36.0-255,66,52107,10,394155
51264,0.000479,74.125.130.0-255,1484,53591,10,394155
51265,0.000523,74.125.130.0-255,3602,57193,10,394155
51266,0.000528,172.31.36.0-255,66,57259,10,394155
51267,0.000553,74.125.130.0-255,645,57904,10,394155
51268,0.000983,172.31.36.0-255,66,57970,10,394155
51269,0.001141,74.125.130.0-255,1484,59454,10,394155
51270,0.00115,74.125.130.0-255,2902,62356,10,394155
51271,0.001154,172.31.36.0-255,66,62422,10,394155
51272,0.001186,74.125.130.0-255,5738,68160,10,394155
51273,0.001189,172.31.36.0-255,66,68226,10,394155
51274,0.001192,74.125.130.0-255,1484,69710,10,394155
51275,0.001209,74.125.130.0-255,5379,75089,10,394155
51276,0.001212,172.31.36.0-255,66,75155,10,394155
51277,0.001242,74.125.130.0-255,5738,80893,10,394155
51278,0.001244,172.31.36.0-255,66,80959,10,394155
51279,0.001261,74.125.130.0-255,2902,83861,10,394155
51280,0.001264,172.31.36.0-255,66,83927,10,394155
51281,0.001287,74.125.130.0-255,7156,91083,10,394155
51282,0.001289,172.31.36.0-255,66,91149,10,394155
51283,0.001297,74.125.130.0-255,5738,96887,10,394155
51284,0.001299,172.31.36.0-255,66,96953,10,394155
51285,0.001314,74.125.130.0-255,2902,99855,10,394155
51286,0.001316,172.31.36.0-255,66,99921,10,394155
51287,0.001328,74.125.130.0-255,1484,101405,10,394155
51288,0.001351,74.125.130.0-255,7156,108561,10,394155
51289,0.001353,172.31.36.0-255,66,108627,10,394155
51290,0.001357,74.125.130.0-255,766,109393,10,394155
51291,0.001524,74.125.130.0-255,1484,110877,10,394155
51292,0.001529,172.31.36.0-255,66,110943,10,394155
51293,0.001546,74.125.130.0-255,2902,113845,10,394155
51294,0.001549,172.31.36.0-255,66,113911,10,394155
51295,0.001575,74.125.130.0-255,4320,118231,10,394155
51296,0.001577,172.31.36.0-255,66,118297,10,394155
51297,0.001582,74.125.130.0-255,2902,121199,10,394155
51298,0.001584,172.31.36.0-255,66,121265,10,394155
51299,0.001601,74.125.130.0-255,4320,125585,10,394155
51300,0.001603,172.31.36.0-255,66,125651,10,394155
51301,0.001653,172.31.36.0-255,66,125717,10,394155
51302,0.001671,74.125.130.0-255,1484,127201,10,394155
51303,0.00169,74.125.130.0-255,5738,132939,10,394155
51304,0.001694,172.31.36.0-255,66,133005,10,394155
51305,0.001726,74.125.130.0-255,2184,135189,10,394155
51306,0.00173,172.31.36.0-255,66,135255,10,394155
51307,0.002019,74.125.130.0-255,1484,136739,10,394155
51308,0.002029,74.125.130.0-255,2902,139641,10,394155
51309,0.002033,172.31.36.0-255,66,139707,10,394155
51310,0.002057,74.125.130.0-255,5738,145445,10,394155
51311,0.002059,172.31.36.0-255,66,145511,10,394155
51312,0.002082,74.125.130.0-255,4320,149831,10,394155
51313,0.002084,172.31.36.0-255,66,149897,10,394155
51314,0.0021,74.125.130.0-255,4320,154217,10,394155
51315,0.002102,172.31.36.0-255,66,154283,10,394155
51316,0.004176,74.125.130.0-255,1484,155767,10,394155
51317,0.004196,74.125.130.0-255,4320,160087,10,394155
51318,0.004201,172.31.36.0-255,66,160153,10,394155
51319,0.006274,74.125.130.0-255,4320,164473,10,394155
51320,0.006279,172.31.36.0-255,66,164539,10,394155
51321,0.006295,74.125.130.0-255,1484,166023,10,394155
51322,0.008343,74.125.130.0-255,4320,170343,10,394155
51323,0.008351,172.31.36.0-255,66,170409,10,394155
51324,0.010435,74.125.130.0-255,5738,176147,10,394155
51325,0.010441,172.31.36.0-255,66,176213,10,394155
51326,0.012518,74.125.130.0-255,5738,181951,10,394155
51327,0.012526,172.31.36.0-255,66,182017,10,394155
51328,0.014607,74.125.130.0-255,5738,187755,10,394155
51329,0.014614,172.31.36.0-255,66,187821,10,394155
51330,0.01675,74.125.130.0-255,5738,193559,10,394155
51331,0.016759,172.31.36.0-255,66,193625,10,394155
51332,0.01884,74.125.130.0-255,5738,199363,10,394155
51333,0.01885,172.31.36.0-255,66,199429,10,394155
51334,0.021428,74.125.130.0-255,5738,205167,10,394155
51335,0.021436,172.31.36.0-255,66,205233,10,394155
51336,0.023513,74.125.130.0-255,5738,210971,10,394155
51337,0.02352,172.31.36.0-255,66,211037,10,394155
51338,0.025602,74.125.130.0-255,5738,216775,10,394155
51339,0.02561,172.31.36.0-255,66,216841,10,394155
51340,0.027692,74.125.130.0-255,5738,222579,10,394155
51341,0.0277,172.31.36.0-255,66,222645,10,394155
51342,0.029801,74.125.130.0-255,5738,228383,10,394155
51343,0.029809,172.31.36.0-255,66,228449,10,394155
51344,0.031876,74.125.130.0-255,5738,234187,10,394155
51345,0.031884,172.31.36.0-255,66,234253,10,394155
51346,0.033324,172.31.36.0-255,167,234420,10,394155
51347,0.033362,172.31.36.0-255,1113,235533,10,394155
51348,0.033423,172.31.36.0-255,1514,237047,10,394155
51349,0.033425,172.31.36.0-255,1290,238337,10,394155
51350,0.033983,74.125.130.0-255,5738,244075,10,394155
51351,0.033991,172.31.36.0-255,66,244141,10,394155
51352,0.03491,104.244.42.0-255,66,244207,10,394155
51353,0.034945,104.244.42.0-255,66,244273,10,394155
51354,0.034991,104.244.42.0-255,66,244339,10,394155
51355,0.036065,74.125.130.0-255,5738,250077,10,394155
51356,0.036072,172.31.36.0-255,66,250143,10,394155
51357,0.038137,74.125.130.0-255,1484,251627,10,394155
51358,0.038163,74.125.130.0-255,4320,255947,10,394155
51359,0.038168,172.31.36.0-255,66,256013,10,394155
51360,0.040235,74.125.130.0-255,5738,261751,10,394155
51361,0.040242,172.31.36.0-255,66,261817,10,394155
51362,0.042315,74.125.130.0-255,5738,267555,10,394155
51363,0.042323,172.31.36.0-255,66,267621,10,394155
51364,0.044405,74.125.130.0-255,5738,273359,10,394155
51365,0.044411,172.31.36.0-255,66,273425,10,394155
51366,0.046483,74.125.130.0-255,5738,279163,10,394155
51367,0.046489,172.31.36.0-255,66,279229,10,394155
51368,0.048558,74.125.130.0-255,5738,284967,10,394155
51369,0.048566,172.31.36.0-255,66,285033,10,394155
51370,0.050634,74.125.130.0-255,5738,290771,10,394155
51371,0.05064,172.31.36.0-255,66,290837,10,394155
51372,0.052718,74.125.130.0-255,5738,296575,10,394155
51373,0.052725,172.31.36.0-255,66,296641,10,394155
51374,0.05479,74.125.130.0-255,5738,302379,10,394155
51375,0.054796,172.31.36.0-255,66,302445,10,394155
51376,0.05688,74.125.130.0-255,5738,308183,10,394155
51377,0.056886,172.31.36.0-255,66,308249,10,394155
51378,0.058973,74.125.130.0-255,5738,313987,10,394155
51379,0.058979,172.31.36.0-255,66,314053,10,394155
51380,0.061069,74.125.130.0-255,5738,319791,10,394155
51381,0.061076,172.31.36.0-255,66,319857,10,394155
51382,0.063156,74.125.130.0-255,5738,325595,10,394155
51383,0.063163,172.31.36.0-255,66,325661,10,394155
51384,0.065229,74.125.130.0-255,5738,331399,10,394155
51385,0.065236,172.31.36.0-255,66,331465,10,394155
51386,0.067309,74.125.130.0-255,5738,337203,10,394155
51387,0.067317,172.31.36.0-255,66,337269,10,394155
51388,0.069425,74.125.130.0-255,5738,343007,10,394155
51389,0.069432,172.31.36.0-255,66,343073,10,394155
51390,0.071495,74.125.130.0-255,2902,345975,10,394155
51391,0.071501,172.31.36.0-255,66,346041,10,394155
51392,0.071525,74.125.130.0-255,2902,348943,10,394155
51393,0.071527,172.31.36.0-255,66,349009,10,394155
51394,0.073556,74.125.130.0-255,1484,350493,10,394155
51395,0.073583,74.125.130.0-255,4320,354813,10,394155
51396,0.073588,172.31.36.0-255,66,354879,10,394155
51397,0.07565,74.125.130.0-255,5738,360617,10,394155
51398,0.075657,172.31.36.0-255,66,360683,10,394155
51399,0.077745,74.125.130.0-255,5738,366421,10,394155
51400,0.077751,172.31.36.0-255,66,366487,10,394155
51401,0.079838,74.125.130.0-255,4320,370807,10,394155
51402,0.079844,172.31.36.0-255,66,370873,10,394155
51403,0.079864,74.125.130.0-255,1484,372357,10,394155
51404,0.08193,74.125.130.0-255,4320,376677,10,394155
51405,0.081938,172.31.36.0-255,66,376743,10,394155
51406,0.084045,74.125.130.0-255,5738,382481,10,394155
51407,0.084053,172.31.36.0-255,66,382547,10,394155
51408,0.086131,74.125.130.0-255,5738,388285,10,394155
51409,0.086137,172.31.36.0-255,66,388351,10,394155
51410,0.08822,74.125.130.0-255,5738,394089,10,394155
51411,0.088227,172.31.36.0-255,66,394155,10,394155
51412,0.0,74.125.130.0-255,152,152,10,372565
51413,3.4e-05,172.31.36.0-255,66,218,10,372565
51414,4e-05,74.125.130.0-255,1484,1702,10,372565
51415,4.4e-05,172.31.36.0-255,66,1768,10,372565
51416,4.9e-05,74.125.130.0-255,2902,4670,10,372565
51417,5.3e-05,172.31.36.0-255,66,4736,10,372565
51418,6.4e-05,74.125.130.0-255,1484,6220,10,372565
51419,6.7e-05,172.31.36.0-255,66,6286,10,372565
51420,7.2e-05,74.125.130.0-255,2902,9188,10,372565
51421,7.4e-05,172.31.36.0-255,66,9254,10,372565
51422,0.000105,74.125.130.0-255,4945,14199,10,372565
51423,0.000109,172.31.36.0-255,66,14265,10,372565
51424,0.00014,74.125.130.0-255,1484,15749,10,372565
51425,0.000143,172.31.36.0-255,66,15815,10,372565
51426,0.000169,74.125.130.0-255,2902,18717,10,372565
51427,0.000172,172.31.36.0-255,66,18783,10,372565
51428,0.000178,74.125.130.0-255,5738,24521,10,372565
51429,0.000181,172.31.36.0-255,66,24587,10,372565
51430,0.000184,74.125.130.0-255,1484,26071,10,372565
51431,0.000186,172.31.36.0-255,66,26137,10,372565
51432,0.000218,74.125.130.0-255,4320,30457,10,372565
51433,0.000222,172.31.36.0-255,66,30523,10,372565
51434,0.000241,74.125.130.0-255,1125,31648,10,372565
51435,0.000244,172.31.36.0-255,66,31714,10,372565
51436,0.000347,74.125.130.0-255,1484,33198,10,372565
51437,0.000352,172.31.36.0-255,66,33264,10,372565
51438,0.000365,74.125.130.0-255,2902,36166,10,372565
51439,0.000373,172.31.36.0-255,66,36232,10,372565
51440,0.000379,74.125.130.0-255,5738,41970,10,372565
51441,0.000383,172.31.36.0-255,66,42036,10,372565
51442,0.00042,74.125.130.0-255,4320,46356,10,372565
51443,0.000423,172.31.36.0-255,66,46422,10,372565
51444,0.00043,74.125.130.0-255,5379,51801,10,372565
51445,0.000433,172.31.36.0-255,66,51867,10,372565
51446,0.000475,172.31.36.0-255,66,51933,10,372565
51447,0.000508,74.125.130.0-255,5667,57600,10,372565
51448,0.000511,172.31.36.0-255,66,57666,10,372565
51449,0.000591,74.125.130.0-255,367,58033,10,372565
51450,0.000765,74.125.130.0-255,1484,59517,10,372565
51451,0.000769,172.31.36.0-255,66,59583,10,372565
51452,0.000775,74.125.130.0-255,2902,62485,10,372565
51453,0.000777,172.31.36.0-255,66,62551,10,372565
51454,0.000815,74.125.130.0-255,5738,68289,10,372565
51455,0.00082,172.31.36.0-255,66,68355,10,372565
51456,0.000827,74.125.130.0-255,6797,75152,10,372565
51457,0.00083,172.31.36.0-255,66,75218,10,372565
51458,0.000851,74.125.130.0-255,2902,78120,10,372565
51459,0.000854,172.31.36.0-255,66,78186,10,372565
51460,0.000882,74.125.130.0-255,7156,85342,10,372565
51461,0.000885,172.31.36.0-255,66,85408,10,372565
51462,0.00094,74.125.130.0-255,2902,88310,10,372565
51463,0.000946,172.31.36.0-255,66,88376,10,372565
51464,0.000962,74.125.130.0-255,3961,92337,10,372565
51465,0.000965,172.31.36.0-255,66,92403,10,372565
51466,0.001428,74.125.130.0-255,1484,93887,10,372565
51467,0.001466,74.125.130.0-255,2902,96789,10,372565
51468,0.00147,172.31.36.0-255,66,96855,10,372565
51469,0.001477,74.125.130.0-255,4320,101175,10,372565
51470,0.001479,172.31.36.0-255,66,101241,10,372565
51471,0.00151,74.125.130.0-255,2902,104143,10,372565
51472,0.001513,172.31.36.0-255,66,104209,10,372565
51473,0.001525,74.125.130.0-255,1484,105693,10,372565
51474,0.001534,74.125.130.0-255,2902,108595,10,372565
51475,0.001537,172.31.36.0-255,66,108661,10,372565
51476,0.001564,74.125.130.0-255,2902,111563,10,372565
51477,0.001566,172.31.36.0-255,66,111629,10,372565
51478,0.001571,74.125.130.0-255,4320,115949,10,372565
51479,0.001573,172.31.36.0-255,66,116015,10,372565
51480,0.00161,74.125.130.0-255,5738,121753,10,372565
51481,0.001615,172.31.36.0-255,66,121819,10,372565
51482,0.001634,74.125.130.0-255,1484,123303,10,372565
51483,0.001663,74.125.130.0-255,2902,126205,10,372565
51484,0.001666,172.31.36.0-255,66,126271,10,372565
51485,0.00167,74.125.130.0-255,766,127037,10,372565
51486,0.002266,74.125.130.0-255,1484,128521,10,372565
51487,0.002269,172.31.36.0-255,66,128587,10,372565
51488,0.002282,74.125.130.0-255,1484,130071,10,372565
51489,0.002301,74.125.130.0-255,1484,131555,10,372565
51490,0.002303,172.31.36.0-255,66,131621,10,372565
51491,0.002309,74.125.130.0-255,4320,135941,10,372565
51492,0.00231,172.31.36.0-255,66,136007,10,372565
51493,0.00234,74.125.130.0-255,1484,137491,10,372565
51494,0.002351,172.31.36.0-255,66,137557,10,372565
51495,0.002376,74.125.130.0-255,1484,139041,10,372565
51496,0.00239,172.31.36.0-255,66,139107,10,372565
51497,0.002393,74.125.130.0-255,2184,141291,10,372565
51498,0.002395,172.31.36.0-255,66,141357,10,372565
51499,0.002398,74.125.130.0-255,1484,142841,10,372565
51500,0.002424,74.125.130.0-255,1484,144325,10,372565
51501,0.002427,172.31.36.0-255,66,144391,10,372565
51502,0.002431,74.125.130.0-255,2902,147293,10,372565
51503,0.002434,172.31.36.0-255,66,147359,10,372565
51504,0.002454,74.125.130.0-255,4320,151679,10,372565
51505,0.002456,172.31.36.0-255,66,151745,10,372565
51506,0.002466,172.31.36.0-255,66,151811,10,372565
51507,0.00247,74.125.130.0-255,2902,154713,10,372565
51508,0.002472,172.31.36.0-255,66,154779,10,372565
51509,0.002493,74.125.130.0-255,1484,156263,10,372565
51510,0.002499,74.125.130.0-255,4320,160583,10,372565
51511,0.002502,172.31.36.0-255,66,160649,10,372565
51512,0.002522,74.125.130.0-255,1484,162133,10,372565
51513,0.002529,74.125.130.0-255,5020,167153,10,372565
51514,0.002531,172.31.36.0-255,66,167219,10,372565
51515,0.002596,74.125.130.0-255,1484,168703,10,372565
51516,0.002612,74.125.130.0-255,2902,171605,10,372565
51517,0.002615,172.31.36.0-255,66,171671,10,372565
51518,0.002618,74.125.130.0-255,1484,173155,10,372565
51519,0.002637,74.125.130.0-255,1484,174639,10,372565
51520,0.00264,172.31.36.0-255,66,174705,10,372565
51521,0.002646,74.125.130.0-255,4320,179025,10,372565
51522,0.002648,172.31.36.0-255,66,179091,10,372565
51523,0.002679,74.125.130.0-255,4320,183411,10,372565
51524,0.002682,172.31.36.0-255,66,183477,10,372565
51525,0.005275,74.125.130.0-255,1484,184961,10,372565
51526,0.005311,74.125.130.0-255,4320,189281,10,372565
51527,0.005315,172.31.36.0-255,66,189347,10,372565
51528,0.007952,74.125.130.0-255,5738,195085,10,372565
51529,0.007958,172.31.36.0-255,66,195151,10,372565
51530,0.010602,74.125.130.0-255,5738,200889,10,372565
51531,0.010611,172.31.36.0-255,66,200955,10,372565
51532,0.013252,74.125.130.0-255,5738,206693,10,372565
51533,0.013263,172.31.36.0-255,66,206759,10,372565
51534,0.015902,74.125.130.0-255,5738,212497,10,372565
51535,0.015909,172.31.36.0-255,66,212563,10,372565
51536,0.018553,74.125.130.0-255,5738,218301,10,372565
51537,0.018561,172.31.36.0-255,66,218367,10,372565
51538,0.021193,74.125.130.0-255,5738,224105,10,372565
51539,0.021201,172.31.36.0-255,66,224171,10,372565
51540,0.023485,172.31.36.0-255,172,224343,10,372565
51541,0.023518,172.31.36.0-255,1112,225455,10,372565
51542,0.023565,172.31.36.0-255,1514,226969,10,372565
51543,0.023567,172.31.36.0-255,330,227299,10,372565
51544,0.023848,74.125.130.0-255,5738,233037,10,372565
51545,0.023855,172.31.36.0-255,66,233103,10,372565
51546,0.025021,104.244.42.0-255,66,233169,10,372565
51547,0.025085,104.244.42.0-255,66,233235,10,372565
51548,0.025122,104.244.42.0-255,66,233301,10,372565
51549,0.026496,74.125.130.0-255,5738,239039,10,372565
51550,0.026501,172.31.36.0-255,66,239105,10,372565
51551,0.029139,74.125.130.0-255,5738,244843,10,372565
51552,0.029145,172.31.36.0-255,66,244909,10,372565
51553,0.031806,74.125.130.0-255,5738,250647,10,372565
51554,0.031812,172.31.36.0-255,66,250713,10,372565
51555,0.03445,74.125.130.0-255,5738,256451,10,372565
51556,0.034456,172.31.36.0-255,66,256517,10,372565
51557,0.037088,74.125.130.0-255,5738,262255,10,372565
51558,0.037093,172.31.36.0-255,66,262321,10,372565
51559,0.039726,74.125.130.0-255,5738,268059,10,372565
51560,0.039733,172.31.36.0-255,66,268125,10,372565
51561,0.042363,74.125.130.0-255,4320,272445,10,372565
51562,0.042386,172.31.36.0-255,66,272511,10,372565
51563,0.042414,74.125.130.0-255,1484,273995,10,372565
51564,0.045021,74.125.130.0-255,4320,278315,10,372565
51565,0.045027,172.31.36.0-255,66,278381,10,372565
51566,0.047677,74.125.130.0-255,5738,284119,10,372565
51567,0.047683,172.31.36.0-255,66,284185,10,372565
51568,0.050317,74.125.130.0-255,1484,285669,10,372565
51569,0.050346,74.125.130.0-255,4320,289989,10,372565
51570,0.050352,172.31.36.0-255,66,290055,10,372565
51571,0.052981,74.125.130.0-255,2902,292957,10,372565
51572,0.052986,172.31.36.0-255,66,293023,10,372565
51573,0.053021,74.125.130.0-255,2902,295925,10,372565
51574,0.053023,172.31.36.0-255,66,295991,10,372565
51575,0.05562,74.125.130.0-255,2902,298893,10,372565
51576,0.055626,172.31.36.0-255,66,298959,10,372565
51577,0.055652,74.125.130.0-255,1484,300443,10,372565
51578,0.055666,74.125.130.0-255,1484,301927,10,372565
51579,0.055669,172.31.36.0-255,66,301993,10,372565
51580,0.05825,74.125.130.0-255,2902,304895,10,372565
51581,0.058255,172.31.36.0-255,66,304961,10,372565
51582,0.058291,74.125.130.0-255,1484,306445,10,372565
51583,0.058302,74.125.130.0-255,1484,307929,10,372565
51584,0.058304,172.31.36.0-255,66,307995,10,372565
51585,0.060905,74.125.130.0-255,2902,310897,10,372565
51586,0.06091,172.31.36.0-255,66,310963,10,372565
51587,0.060979,74.125.130.0-255,2902,313865,10,372565
51588,0.060983,172.31.36.0-255,66,313931,10,372565
51589,0.063547,74.125.130.0-255,1484,315415,10,372565
51590,0.063613,74.125.130.0-255,4320,319735,10,372565
51591,0.063619,172.31.36.0-255,66,319801,10,372565
51592,0.066257,74.125.130.0-255,5738,325539,10,372565
51593,0.066264,172.31.36.0-255,66,325605,10,372565
51594,0.068905,74.125.130.0-255,5738,331343,10,372565
51595,0.068911,172.31.36.0-255,66,331409,10,372565
51596,0.071556,74.125.130.0-255,5738,337147,10,372565
51597,0.071562,172.31.36.0-255,66,337213,10,372565
51598,0.074204,74.125.130.0-255,5738,342951,10,372565
51599,0.07421,172.31.36.0-255,66,343017,10,372565
51600,0.076853,74.125.130.0-255,5738,348755,10,372565
51601,0.076859,172.31.36.0-255,66,348821,10,372565
51602,0.079497,74.125.130.0-255,2902,351723,10,372565
51603,0.079503,172.31.36.0-255,66,351789,10,372565
51604,0.079534,74.125.130.0-255,2902,354691,10,372565
51605,0.079537,172.31.36.0-255,66,354757,10,372565
51606,0.082141,74.125.130.0-255,2902,357659,10,372565
51607,0.082146,172.31.36.0-255,66,357725,10,372565
51608,0.08218,74.125.130.0-255,2902,360627,10,372565
51609,0.082184,172.31.36.0-255,66,360693,10,372565
51610,0.084788,74.125.130.0-255,2902,363595,10,372565
51611,0.084793,172.31.36.0-255,66,363661,10,372565
51612,0.084827,74.125.130.0-255,2902,366563,10,372565
51613,0.084831,172.31.36.0-255,66,366629,10,372565
51614,0.087429,74.125.130.0-255,2902,369531,10,372565
51615,0.087435,172.31.36.0-255,66,369597,10,372565
51616,0.087469,74.125.130.0-255,2902,372499,10,372565
51617,0.087473,172.31.36.0-255,66,372565,10,372565
51618,0.0,172.217.194.0-255,153,153,10,281006
51619,1.7e-05,172.31.36.0-255,66,219,10,281006
51620,2.5e-05,172.217.194.0-255,1484,1703,10,281006
51621,3e-05,172.31.36.0-255,66,1769,10,281006
51622,4.3e-05,172.217.194.0-255,2902,4671,10,281006
51623,4.6e-05,172.31.36.0-255,66,4737,10,281006
51624,5.4e-05,172.217.194.0-255,7156,11893,10,281006
51625,5.7e-05,172.31.36.0-255,66,11959,10,281006
51626,6.3e-05,172.217.194.0-255,4320,16279,10,281006
51627,6.7e-05,172.31.36.0-255,66,16345,10,281006
51628,9.7e-05,172.31.36.0-255,66,16411,10,281006
51629,0.000103,172.217.194.0-255,4320,20731,10,281006
51630,0.000106,172.31.36.0-255,66,20797,10,281006
51631,0.000134,172.217.194.0-255,2543,23340,10,281006
51632,0.000136,172.31.36.0-255,66,23406,10,281006
51633,0.000149,172.217.194.0-255,7156,30562,10,281006
51634,0.000151,172.31.36.0-255,66,30628,10,281006
51635,0.000156,172.217.194.0-255,2902,33530,10,281006
51636,0.000158,172.31.36.0-255,66,33596,10,281006
51637,0.000187,172.217.194.0-255,5379,38975,10,281006
51638,0.000196,172.31.36.0-255,66,39041,10,281006
51639,0.000657,172.217.194.0-255,1484,40525,10,281006
51640,0.000663,172.31.36.0-255,66,40591,10,281006
51641,0.000695,172.217.194.0-255,1484,42075,10,281006
51642,0.000698,172.31.36.0-255,66,42141,10,281006
51643,0.000725,172.217.194.0-255,1484,43625,10,281006
51644,0.000731,172.217.194.0-255,5738,49363,10,281006
51645,0.000744,172.31.36.0-255,66,49429,10,281006
51646,0.000747,172.31.36.0-255,66,49495,10,281006
51647,0.00075,172.31.36.0-255,66,49561,10,281006
51648,0.000791,172.31.36.0-255,66,49627,10,281006
51649,0.000802,172.31.36.0-255,66,49693,10,281006
51650,0.000831,172.217.194.0-255,1484,51177,10,281006
51651,0.000875,172.31.36.0-255,66,51243,10,281006
51652,0.001421,172.217.194.0-255,1484,52727,10,281006
51653,0.001427,172.217.194.0-255,2902,55629,10,281006
51654,0.001431,172.31.36.0-255,66,55695,10,281006
51655,0.001435,172.217.194.0-255,1484,57179,10,281006
51656,0.001466,172.217.194.0-255,4320,61499,10,281006
51657,0.001468,172.31.36.0-255,66,61565,10,281006
51658,0.001482,172.31.36.0-255,66,61631,10,281006
51659,0.001499,172.31.36.0-255,66,61697,10,281006
51660,0.001529,172.217.194.0-255,766,62463,10,281006
51661,0.001802,172.217.194.0-255,1484,63947,10,281006
51662,0.001806,172.31.36.0-255,66,64013,10,281006
51663,0.001836,172.217.194.0-255,2902,66915,10,281006
51664,0.001839,172.31.36.0-255,66,66981,10,281006
51665,0.001845,172.217.194.0-255,5738,72719,10,281006
51666,0.001848,172.31.36.0-255,66,72785,10,281006
51667,0.001851,172.217.194.0-255,1484,74269,10,281006
51668,0.00188,172.217.194.0-255,4320,78589,10,281006
51669,0.001883,172.31.36.0-255,66,78655,10,281006
51670,0.00189,172.217.194.0-255,7156,85811,10,281006
51671,0.001892,172.31.36.0-255,66,85877,10,281006
51672,0.001903,172.217.194.0-255,5738,91615,10,281006
51673,0.001905,172.31.36.0-255,66,91681,10,281006
51674,0.001938,172.217.194.0-255,5020,96701,10,281006
51675,0.001943,172.31.36.0-255,66,96767,10,281006
51676,0.001965,172.31.36.0-255,66,96833,10,281006
51677,0.001993,172.217.194.0-255,1484,98317,10,281006
51678,0.002005,172.31.36.0-255,66,98383,10,281006
51679,0.002025,172.31.36.0-255,66,98449,10,281006
51680,0.002029,172.217.194.0-255,2902,101351,10,281006
51681,0.002031,172.31.36.0-255,66,101417,10,281006
51682,0.002073,172.31.36.0-255,66,101483,10,281006
51683,0.002091,172.31.36.0-255,66,101549,10,281006
51684,0.002127,172.217.194.0-255,4320,105869,10,281006
51685,0.00213,172.31.36.0-255,66,105935,10,281006
51686,0.00216,172.217.194.0-255,766,106701,10,281006
51687,0.002167,172.217.194.0-255,5738,112439,10,281006
51688,0.002169,172.31.36.0-255,66,112505,10,281006
51689,0.002175,172.217.194.0-255,5738,118243,10,281006
51690,0.002178,172.31.36.0-255,66,118309,10,281006
51691,0.002202,172.31.36.0-255,66,118375,10,281006
51692,0.002208,172.217.194.0-255,5738,124113,10,281006
51693,0.00221,172.31.36.0-255,66,124179,10,281006
51694,0.002242,172.217.194.0-255,3602,127781,10,281006
51695,0.002246,172.31.36.0-255,66,127847,10,281006
51696,0.004485,172.217.194.0-255,1484,129331,10,281006
51697,0.004516,172.217.194.0-255,4320,133651,10,281006
51698,0.004521,172.31.36.0-255,66,133717,10,281006
51699,0.006803,172.217.194.0-255,5738,139455,10,281006
51700,0.006809,172.31.36.0-255,66,139521,10,281006
51701,0.009076,172.217.194.0-255,5738,145259,10,281006
51702,0.00908,172.31.36.0-255,66,145325,10,281006
51703,0.009637,172.31.36.0-255,101,145426,10,281006
51704,0.011348,172.217.194.0-255,5738,151164,10,281006
51705,0.011355,172.31.36.0-255,66,151230,10,281006
51706,0.011873,172.217.194.0-255,66,151296,10,281006
51707,0.013645,172.217.194.0-255,5738,157034,10,281006
51708,0.013651,172.31.36.0-255,66,157100,10,281006
51709,0.015944,172.217.194.0-255,5738,162838,10,281006
51710,0.015955,172.31.36.0-255,66,162904,10,281006
51711,0.018237,172.217.194.0-255,5738,168642,10,281006
51712,0.018261,172.31.36.0-255,66,168708,10,281006
51713,0.020551,172.217.194.0-255,5738,174446,10,281006
51714,0.020559,172.31.36.0-255,66,174512,10,281006
51715,0.022832,172.217.194.0-255,5738,180250,10,281006
51716,0.02284,172.31.36.0-255,66,180316,10,281006
51717,0.025105,172.217.194.0-255,5738,186054,10,281006
51718,0.025113,172.31.36.0-255,66,186120,10,281006
51719,0.027374,172.217.194.0-255,5738,191858,10,281006
51720,0.02738,172.31.36.0-255,66,191924,10,281006
51721,0.029674,172.217.194.0-255,5738,197662,10,281006
51722,0.029682,172.31.36.0-255,66,197728,10,281006
51723,0.031955,172.217.194.0-255,5738,203466,10,281006
51724,0.031963,172.31.36.0-255,66,203532,10,281006
51725,0.033653,172.31.36.0-255,188,203720,10,281006
51726,0.033684,172.31.36.0-255,956,204676,10,281006
51727,0.033757,172.31.36.0-255,1514,206190,10,281006
51728,0.033759,172.31.36.0-255,1447,207637,10,281006
51729,0.034238,172.217.194.0-255,5738,213375,10,281006
51730,0.034245,172.31.36.0-255,66,213441,10,281006
51731,0.035189,104.244.42.0-255,66,213507,10,281006
51732,0.035222,104.244.42.0-255,66,213573,10,281006
51733,0.03532,104.244.42.0-255,66,213639,10,281006
51734,0.036518,172.217.194.0-255,5738,219377,10,281006
51735,0.036525,172.31.36.0-255,66,219443,10,281006
51736,0.038796,172.217.194.0-255,5738,225181,10,281006
51737,0.038803,172.31.36.0-255,66,225247,10,281006
51738,0.041094,172.217.194.0-255,5738,230985,10,281006
51739,0.041101,172.31.36.0-255,66,231051,10,281006
51740,0.043359,172.217.194.0-255,5738,236789,10,281006
51741,0.043369,172.31.36.0-255,66,236855,10,281006
51742,0.045784,172.217.194.0-255,5738,242593,10,281006
51743,0.04579,172.31.36.0-255,66,242659,10,281006
51744,0.048069,172.217.194.0-255,5738,248397,10,281006
51745,0.048076,172.31.36.0-255,66,248463,10,281006
51746,0.05035,172.217.194.0-255,5738,254201,10,281006
51747,0.050357,172.31.36.0-255,66,254267,10,281006
51748,0.052645,172.217.194.0-255,5738,260005,10,281006
51749,0.052651,172.31.36.0-255,66,260071,10,281006
51750,0.054926,172.217.194.0-255,5738,265809,10,281006
51751,0.054932,172.31.36.0-255,66,265875,10,281006
51752,0.057234,172.217.194.0-255,5738,271613,10,281006
51753,0.057241,172.31.36.0-255,66,271679,10,281006
51754,0.059557,172.217.194.0-255,5738,277417,10,281006
51755,0.059564,172.31.36.0-255,66,277483,10,281006
51756,0.061843,172.217.194.0-255,3286,280769,10,281006
51757,0.06185,172.31.36.0-255,66,280835,10,281006
51758,0.062025,172.31.36.0-255,105,280940,10,281006
51759,0.0684,172.217.194.0-255,66,281006,10,281006
51760,0.0,74.125.200.0-255,152,152,10,381576
51761,2.8e-05,172.31.36.0-255,66,218,10,381576
51762,3.5e-05,74.125.200.0-255,1484,1702,10,381576
51763,3.9e-05,172.31.36.0-255,66,1768,10,381576
51764,5.2e-05,74.125.200.0-255,2902,4670,10,381576
51765,5.5e-05,172.31.36.0-255,66,4736,10,381576
51766,6.1e-05,74.125.200.0-255,5738,10474,10,381576
51767,6.3e-05,172.31.36.0-255,66,10540,10,381576
51768,9e-05,74.125.200.0-255,1484,12024,10,381576
51769,9.3e-05,172.31.36.0-255,66,12090,10,381576
51770,0.0001,74.125.200.0-255,4856,16946,10,381576
51771,0.000102,172.31.36.0-255,66,17012,10,381576
51772,0.000108,74.125.200.0-255,5738,22750,10,381576
51773,0.00011,172.31.36.0-255,66,22816,10,381576
51774,0.000144,74.125.200.0-255,7156,29972,10,381576
51775,0.000147,172.31.36.0-255,66,30038,10,381576
51776,0.000174,74.125.200.0-255,1125,31163,10,381576
51777,0.000177,172.31.36.0-255,66,31229,10,381576
51778,0.000263,74.125.200.0-255,1484,32713,10,381576
51779,0.000267,172.31.36.0-255,66,32779,10,381576
51780,0.00027,74.125.200.0-255,1484,34263,10,381576
51781,0.000272,172.31.36.0-255,66,34329,10,381576
51782,0.000295,74.125.200.0-255,2902,37231,10,381576
51783,0.000297,172.31.36.0-255,66,37297,10,381576
51784,0.000303,74.125.200.0-255,4320,41617,10,381576
51785,0.000305,172.31.36.0-255,66,41683,10,381576
51786,0.000335,74.125.200.0-255,1484,43167,10,381576
51787,0.000338,172.31.36.0-255,66,43233,10,381576
51788,0.000345,74.125.200.0-255,5379,48612,10,381576
51789,0.000348,172.31.36.0-255,66,48678,10,381576
51790,0.000353,74.125.200.0-255,5738,54416,10,381576
51791,0.000356,172.31.36.0-255,66,54482,10,381576
51792,0.000388,74.125.200.0-255,4320,58802,10,381576
51793,0.000391,172.31.36.0-255,66,58868,10,381576
51794,0.000412,74.125.200.0-255,6797,65665,10,381576
51795,0.000415,172.31.36.0-255,66,65731,10,381576
51796,0.000418,74.125.200.0-255,413,66144,10,381576
51797,0.000459,74.125.200.0-255,332,66476,10,381576
51798,0.00062,74.125.200.0-255,1484,67960,10,381576
51799,0.000625,172.31.36.0-255,66,68026,10,381576
51800,0.000629,74.125.200.0-255,1484,69510,10,381576
51801,0.00065,74.125.200.0-255,1484,70994,10,381576
51802,0.000653,172.31.36.0-255,66,71060,10,381576
51803,0.00066,74.125.200.0-255,5738,76798,10,381576
51804,0.000662,172.31.36.0-255,66,76864,10,381576
51805,0.000735,172.31.36.0-255,66,76930,10,381576
51806,0.00074,74.125.200.0-255,4320,81250,10,381576
51807,0.000743,172.31.36.0-255,66,81316,10,381576
51808,0.000748,74.125.200.0-255,4320,85636,10,381576
51809,0.00075,172.31.36.0-255,66,85702,10,381576
51810,0.000782,74.125.200.0-255,2184,87886,10,381576
51811,0.000785,172.31.36.0-255,66,87952,10,381576
51812,0.000868,172.31.36.0-255,101,88053,10,381576
51813,0.000968,74.125.200.0-255,1484,89537,10,381576
51814,0.000973,74.125.200.0-255,1484,91021,10,381576
51815,0.000976,172.31.36.0-255,66,91087,10,381576
51816,0.001004,74.125.200.0-255,1484,92571,10,381576
51817,0.001008,74.125.200.0-255,1484,94055,10,381576
51818,0.00101,172.31.36.0-255,66,94121,10,381576
51819,0.001014,74.125.200.0-255,2902,97023,10,381576
51820,0.001016,172.31.36.0-255,66,97089,10,381576
51821,0.001028,74.125.200.0-255,5738,102827,10,381576
51822,0.001031,172.31.36.0-255,66,102893,10,381576
51823,0.001035,74.125.200.0-255,1484,104377,10,381576
51824,0.001067,74.125.200.0-255,7156,111533,10,381576
51825,0.00107,172.31.36.0-255,66,111599,10,381576
51826,0.001109,172.31.36.0-255,66,111665,10,381576
51827,0.001112,74.125.200.0-255,766,112431,10,381576
51828,0.001452,74.125.200.0-255,1484,113915,10,381576
51829,0.001457,172.31.36.0-255,66,113981,10,381576
51830,0.001484,74.125.200.0-255,2902,116883,10,381576
51831,0.001488,172.31.36.0-255,66,116949,10,381576
51832,0.001495,74.125.200.0-255,5738,122687,10,381576
51833,0.001498,172.31.36.0-255,66,122753,10,381576
51834,0.001504,74.125.200.0-255,5738,128491,10,381576
51835,0.001505,172.31.36.0-255,66,128557,10,381576
51836,0.001508,74.125.200.0-255,1484,130041,10,381576
51837,0.001543,74.125.200.0-255,5738,135779,10,381576
51838,0.001547,172.31.36.0-255,66,135845,10,381576
51839,0.001551,74.125.200.0-255,1484,137329,10,381576
51840,0.001588,172.31.36.0-255,66,137395,10,381576
51841,0.001863,74.125.200.0-255,1484,138879,10,381576
51842,0.001874,74.125.200.0-255,2902,141781,10,381576
51843,0.001878,172.31.36.0-255,66,141847,10,381576
51844,0.001909,74.125.200.0-255,5738,147585,10,381576
51845,0.001912,172.31.36.0-255,66,147651,10,381576
51846,0.001917,74.125.200.0-255,2902,150553,10,381576
51847,0.001918,172.31.36.0-255,66,150619,10,381576
51848,0.001956,172.31.36.0-255,66,150685,10,381576
51849,0.001961,74.125.200.0-255,2902,153587,10,381576
51850,0.001963,172.31.36.0-255,66,153653,10,381576
51851,0.002006,172.31.36.0-255,66,153719,10,381576
51852,0.002195,74.125.200.0-255,1484,155203,10,381576
51853,0.002203,74.125.200.0-255,2902,158105,10,381576
51854,0.002208,172.31.36.0-255,66,158171,10,381576
51855,0.002254,74.125.200.0-255,4320,162491,10,381576
51856,0.002258,172.31.36.0-255,66,162557,10,381576
51857,0.002261,74.125.200.0-255,1484,164041,10,381576
51858,0.002265,74.125.200.0-255,2902,166943,10,381576
51859,0.002267,172.31.36.0-255,66,167009,10,381576
51860,0.002296,74.125.200.0-255,2902,169911,10,381576
51861,0.002298,172.31.36.0-255,66,169977,10,381576
51862,0.003085,74.125.200.0-255,66,170043,10,381576
51863,0.004537,74.125.200.0-255,2902,172945,10,381576
51864,0.004542,172.31.36.0-255,66,173011,10,381576
51865,0.004568,74.125.200.0-255,2902,175913,10,381576
51866,0.004571,172.31.36.0-255,66,175979,10,381576
51867,0.006815,74.125.200.0-255,2902,178881,10,381576
51868,0.006821,172.31.36.0-255,66,178947,10,381576
51869,0.006845,74.125.200.0-255,2902,181849,10,381576
51870,0.006847,172.31.36.0-255,66,181915,10,381576
51871,0.009084,74.125.200.0-255,2902,184817,10,381576
51872,0.009089,172.31.36.0-255,66,184883,10,381576
51873,0.009115,74.125.200.0-255,2902,187785,10,381576
51874,0.009118,172.31.36.0-255,66,187851,10,381576
51875,0.011353,74.125.200.0-255,2902,190753,10,381576
51876,0.011361,172.31.36.0-255,66,190819,10,381576
51877,0.01139,74.125.200.0-255,2902,193721,10,381576
51878,0.011393,172.31.36.0-255,66,193787,10,381576
51879,0.013628,74.125.200.0-255,2902,196689,10,381576
51880,0.013636,172.31.36.0-255,66,196755,10,381576
51881,0.013658,74.125.200.0-255,2902,199657,10,381576
51882,0.013661,172.31.36.0-255,66,199723,10,381576
51883,0.015906,74.125.200.0-255,2902,202625,10,381576
51884,0.015916,172.31.36.0-255,66,202691,10,381576
51885,0.015949,74.125.200.0-255,2902,205593,10,381576
51886,0.015952,172.31.36.0-255,66,205659,10,381576
51887,0.018184,74.125.200.0-255,2902,208561,10,381576
51888,0.018191,172.31.36.0-255,66,208627,10,381576
51889,0.018259,74.125.200.0-255,2902,211529,10,381576
51890,0.018263,172.31.36.0-255,66,211595,10,381576
51891,0.02046,74.125.200.0-255,2902,214497,10,381576
51892,0.020468,172.31.36.0-255,66,214563,10,381576
51893,0.020524,74.125.200.0-255,2902,217465,10,381576
51894,0.020529,172.31.36.0-255,66,217531,10,381576
51895,0.022734,74.125.200.0-255,2902,220433,10,381576
51896,0.022741,172.31.36.0-255,66,220499,10,381576
51897,0.022779,74.125.200.0-255,2902,223401,10,381576
51898,0.022782,172.31.36.0-255,66,223467,10,381576
51899,0.024999,74.125.200.0-255,2902,226369,10,381576
51900,0.025004,172.31.36.0-255,66,226435,10,381576
51901,0.025038,74.125.200.0-255,2902,229337,10,381576
51902,0.02504,172.31.36.0-255,66,229403,10,381576
51903,0.027277,74.125.200.0-255,2902,232305,10,381576
51904,0.027283,172.31.36.0-255,66,232371,10,381576
51905,0.027316,74.125.200.0-255,2902,235273,10,381576
51906,0.027318,172.31.36.0-255,66,235339,10,381576
51907,0.02954,74.125.200.0-255,2902,238241,10,381576
51908,0.029547,172.31.36.0-255,66,238307,10,381576
51909,0.029562,74.125.200.0-255,2902,241209,10,381576
51910,0.029568,172.31.36.0-255,66,241275,10,381576
51911,0.029704,172.31.36.0-255,167,241442,10,381576
51912,0.02973,172.31.36.0-255,1111,242553,10,381576
51913,0.029839,172.31.36.0-255,1514,244067,10,381576
51914,0.029861,172.31.36.0-255,1294,245361,10,381576
51915,0.031295,104.244.42.0-255,66,245427,10,381576
51916,0.031301,104.244.42.0-255,66,245493,10,381576
51917,0.031392,104.244.42.0-255,66,245559,10,381576
51918,0.031803,74.125.200.0-255,2902,248461,10,381576
51919,0.031808,172.31.36.0-255,66,248527,10,381576
51920,0.031842,74.125.200.0-255,2902,251429,10,381576
51921,0.031845,172.31.36.0-255,66,251495,10,381576
51922,0.034063,74.125.200.0-255,2902,254397,10,381576
51923,0.034068,172.31.36.0-255,66,254463,10,381576
51924,0.034106,74.125.200.0-255,2902,257365,10,381576
51925,0.034109,172.31.36.0-255,66,257431,10,381576
51926,0.036331,74.125.200.0-255,2902,260333,10,381576
51927,0.036337,172.31.36.0-255,66,260399,10,381576
51928,0.036364,74.125.200.0-255,2902,263301,10,381576
51929,0.036367,172.31.36.0-255,66,263367,10,381576
51930,0.038594,74.125.200.0-255,2902,266269,10,381576
51931,0.038599,172.31.36.0-255,66,266335,10,381576
51932,0.03863,74.125.200.0-255,2902,269237,10,381576
51933,0.038633,172.31.36.0-255,66,269303,10,381576
51934,0.040864,74.125.200.0-255,2902,272205,10,381576
51935,0.040882,172.31.36.0-255,66,272271,10,381576
51936,0.040911,74.125.200.0-255,2902,275173,10,381576
51937,0.040915,172.31.36.0-255,66,275239,10,381576
51938,0.043159,74.125.200.0-255,2902,278141,10,381576
51939,0.043163,172.31.36.0-255,66,278207,10,381576
51940,0.043195,74.125.200.0-255,2902,281109,10,381576
51941,0.043198,172.31.36.0-255,66,281175,10,381576
51942,0.045435,74.125.200.0-255,2902,284077,10,381576
51943,0.04544,172.31.36.0-255,66,284143,10,381576
51944,0.04548,74.125.200.0-255,2902,287045,10,381576
51945,0.045484,172.31.36.0-255,66,287111,10,381576
51946,0.047722,74.125.200.0-255,2902,290013,10,381576
51947,0.047727,172.31.36.0-255,66,290079,10,381576
51948,0.047764,74.125.200.0-255,2902,292981,10,381576
51949,0.047768,172.31.36.0-255,66,293047,10,381576
51950,0.04999,74.125.200.0-255,2902,295949,10,381576
51951,0.049995,172.31.36.0-255,66,296015,10,381576
51952,0.050028,74.125.200.0-255,2902,298917,10,381576
51953,0.050031,172.31.36.0-255,66,298983,10,381576
51954,0.052254,74.125.200.0-255,2902,301885,10,381576
51955,0.052259,172.31.36.0-255,66,301951,10,381576
51956,0.052293,74.125.200.0-255,2902,304853,10,381576
51957,0.052297,172.31.36.0-255,66,304919,10,381576
51958,0.054531,74.125.200.0-255,2902,307821,10,381576
51959,0.054536,172.31.36.0-255,66,307887,10,381576
51960,0.054571,74.125.200.0-255,2902,310789,10,381576
51961,0.054575,172.31.36.0-255,66,310855,10,381576
51962,0.056812,74.125.200.0-255,2902,313757,10,381576
51963,0.056817,172.31.36.0-255,66,313823,10,381576
51964,0.056853,74.125.200.0-255,2902,316725,10,381576
51965,0.056856,172.31.36.0-255,66,316791,10,381576
51966,0.059079,74.125.200.0-255,2902,319693,10,381576
51967,0.059084,172.31.36.0-255,66,319759,10,381576
51968,0.05912,74.125.200.0-255,2902,322661,10,381576
51969,0.059123,172.31.36.0-255,66,322727,10,381576
51970,0.061363,74.125.200.0-255,2902,325629,10,381576
51971,0.061368,172.31.36.0-255,66,325695,10,381576
51972,0.061414,74.125.200.0-255,2902,328597,10,381576
51973,0.061418,172.31.36.0-255,66,328663,10,381576
51974,0.063631,74.125.200.0-255,2902,331565,10,381576
51975,0.063636,172.31.36.0-255,66,331631,10,381576
51976,0.063718,74.125.200.0-255,2902,334533,10,381576
51977,0.063721,172.31.36.0-255,66,334599,10,381576
51978,0.065888,74.125.200.0-255,2902,337501,10,381576
51979,0.065892,172.31.36.0-255,66,337567,10,381576
51980,0.065986,74.125.200.0-255,2902,340469,10,381576
51981,0.065989,172.31.36.0-255,66,340535,10,381576
51982,0.068176,74.125.200.0-255,2902,343437,10,381576
51983,0.068181,172.31.36.0-255,66,343503,10,381576
51984,0.068248,74.125.200.0-255,2902,346405,10,381576
51985,0.068252,172.31.36.0-255,66,346471,10,381576
51986,0.070448,74.125.200.0-255,2902,349373,10,381576
51987,0.070453,172.31.36.0-255,66,349439,10,381576
51988,0.070509,74.125.200.0-255,2902,352341,10,381576
51989,0.070514,172.31.36.0-255,66,352407,10,381576
51990,0.072718,74.125.200.0-255,2902,355309,10,381576
51991,0.072723,172.31.36.0-255,66,355375,10,381576
51992,0.072767,74.125.200.0-255,2902,358277,10,381576
51993,0.072771,172.31.36.0-255,66,358343,10,381576
51994,0.074978,74.125.200.0-255,2902,361245,10,381576
51995,0.074983,172.31.36.0-255,66,361311,10,381576
51996,0.075022,74.125.200.0-255,2902,364213,10,381576
51997,0.075025,172.31.36.0-255,66,364279,10,381576
51998,0.077243,74.125.200.0-255,2902,367181,10,381576
51999,0.077248,172.31.36.0-255,66,367247,10,381576
52000,0.077282,74.125.200.0-255,2902,370149,10,381576
52001,0.077285,172.31.36.0-255,66,370215,10,381576
52002,0.079509,74.125.200.0-255,2902,373117,10,381576
52003,0.079513,172.31.36.0-255,66,373183,10,381576
52004,0.079554,74.125.200.0-255,2902,376085,10,381576
52005,0.079557,172.31.36.0-255,66,376151,10,381576
52006,0.081777,74.125.200.0-255,2902,379053,10,381576
52007,0.081782,172.31.36.0-255,66,379119,10,381576
52008,0.081816,74.125.200.0-255,2220,381339,10,381576
52009,0.081818,172.31.36.0-255,66,381405,10,381576
52010,0.08195,172.31.36.0-255,105,381510,10,381576
52011,0.088658,74.125.200.0-255,66,381576,10,381576
52012,0.0,172.217.194.0-255,147,147,10,340814
52013,3.5e-05,172.31.36.0-255,66,213,10,340814
52014,4.2e-05,172.217.194.0-255,1484,1697,10,340814
52015,4.6e-05,172.31.36.0-255,66,1763,10,340814
52016,5.1e-05,172.217.194.0-255,2902,4665,10,340814
52017,5.4e-05,172.31.36.0-255,66,4731,10,340814
52018,6e-05,172.217.194.0-255,5738,10469,10,340814
52019,6.2e-05,172.31.36.0-255,66,10535,10,340814
52020,7e-05,172.217.194.0-255,6294,16829,10,340814
52021,7.3e-05,172.31.36.0-255,66,16895,10,340814
52022,0.000117,172.31.36.0-255,66,16961,10,340814
52023,0.000134,172.217.194.0-255,2543,19504,10,340814
52024,0.000136,172.31.36.0-255,66,19570,10,340814
52025,0.00022,172.217.194.0-255,1484,21054,10,340814
52026,0.000224,172.31.36.0-255,66,21120,10,340814
52027,0.000229,172.217.194.0-255,2902,24022,10,340814
52028,0.000231,172.31.36.0-255,66,24088,10,340814
52029,0.000263,172.217.194.0-255,5738,29826,10,340814
52030,0.000267,172.31.36.0-255,66,29892,10,340814
52031,0.000287,172.217.194.0-255,4320,34212,10,340814
52032,0.000289,172.31.36.0-255,66,34278,10,340814
52033,0.000315,172.31.36.0-255,66,34344,10,340814
52034,0.000328,172.31.36.0-255,66,34410,10,340814
52035,0.000331,172.217.194.0-255,363,34773,10,340814
52036,0.000333,172.31.36.0-255,66,34839,10,340814
52037,0.000407,172.217.194.0-255,381,35220,10,340814
52038,0.00041,172.31.36.0-255,66,35286,10,340814
52039,0.000656,172.217.194.0-255,1484,36770,10,340814
52040,0.00066,172.31.36.0-255,66,36836,10,340814
52041,0.000665,172.217.194.0-255,2902,39738,10,340814
52042,0.000667,172.31.36.0-255,66,39804,10,340814
52043,0.000674,172.217.194.0-255,5738,45542,10,340814
52044,0.000676,172.31.36.0-255,66,45608,10,340814
52045,0.000699,172.217.194.0-255,4320,49928,10,340814
52046,0.000701,172.31.36.0-255,66,49994,10,340814
52047,0.000725,172.217.194.0-255,4320,54314,10,340814
52048,0.000727,172.31.36.0-255,66,54380,10,340814
52049,0.000739,172.31.36.0-255,66,54446,10,340814
52050,0.000787,172.217.194.0-255,5020,59466,10,340814
52051,0.000796,172.31.36.0-255,66,59532,10,340814
52052,0.00104,172.217.194.0-255,1484,61016,10,340814
52053,0.001047,172.217.194.0-255,2902,63918,10,340814
52054,0.00105,172.31.36.0-255,66,63984,10,340814
52055,0.001074,172.217.194.0-255,5738,69722,10,340814
52056,0.001077,172.31.36.0-255,66,69788,10,340814
52057,0.001096,172.217.194.0-255,2902,72690,10,340814
52058,0.001098,172.31.36.0-255,66,72756,10,340814
52059,0.001124,172.31.36.0-255,66,72822,10,340814
52060,0.001135,172.31.36.0-255,66,72888,10,340814
52061,0.001157,172.217.194.0-255,2184,75072,10,340814
52062,0.00116,172.31.36.0-255,66,75138,10,340814
52063,0.00128,172.217.194.0-255,1484,76622,10,340814
52064,0.001299,172.217.194.0-255,2902,79524,10,340814
52065,0.001302,172.31.36.0-255,66,79590,10,340814
52066,0.001307,172.217.194.0-255,2902,82492,10,340814
52067,0.001309,172.31.36.0-255,66,82558,10,340814
52068,0.001324,172.217.194.0-255,1484,84042,10,340814
52069,0.001333,172.217.194.0-255,5738,89780,10,340814
52070,0.001335,172.31.36.0-255,66,89846,10,340814
52071,0.00136,172.217.194.0-255,4320,94166,10,340814
52072,0.001362,172.31.36.0-255,66,94232,10,340814
52073,0.001381,172.217.194.0-255,7156,101388,10,340814
52074,0.001384,172.31.36.0-255,66,101454,10,340814
52075,0.001387,172.217.194.0-255,1484,102938,10,340814
52076,0.001446,172.217.194.0-255,1484,104422,10,340814
52077,0.001449,172.31.36.0-255,66,104488,10,340814
52078,0.001482,172.217.194.0-255,5020,109508,10,340814
52079,0.001486,172.31.36.0-255,66,109574,10,340814
52080,0.001518,172.217.194.0-255,1484,111058,10,340814
52081,0.001523,172.217.194.0-255,2902,113960,10,340814
52082,0.001525,172.31.36.0-255,66,114026,10,340814
52083,0.001545,172.217.194.0-255,5738,119764,10,340814
52084,0.001548,172.31.36.0-255,66,119830,10,340814
52085,0.001567,172.217.194.0-255,4320,124150,10,340814
52086,0.00157,172.31.36.0-255,66,124216,10,340814
52087,0.001599,172.217.194.0-255,7156,131372,10,340814
52088,0.001602,172.31.36.0-255,66,131438,10,340814
52089,0.001616,172.31.36.0-255,66,131504,10,340814
52090,0.002376,172.217.194.0-255,1484,132988,10,340814
52091,0.002384,172.217.194.0-255,2902,135890,10,340814
52092,0.002388,172.31.36.0-255,66,135956,10,340814
52093,0.002395,172.217.194.0-255,5738,141694,10,340814
52094,0.002397,172.31.36.0-255,66,141760,10,340814
52095,0.002414,172.217.194.0-255,1484,143244,10,340814
52096,0.002429,172.217.194.0-255,7156,150400,10,340814
52097,0.002431,172.31.36.0-255,66,150466,10,340814
52098,0.00245,172.217.194.0-255,4320,154786,10,340814
52099,0.002453,172.31.36.0-255,66,154852,10,340814
52100,0.002455,172.217.194.0-255,1484,156336,10,340814
52101,0.00248,172.217.194.0-255,1484,157820,10,340814
52102,0.002482,172.31.36.0-255,66,157886,10,340814
52103,0.002506,172.31.36.0-255,66,157952,10,340814
52104,0.002633,172.217.194.0-255,1484,159436,10,340814
52105,0.002643,172.217.194.0-255,1484,160920,10,340814
52106,0.002645,172.31.36.0-255,66,160986,10,340814
52107,0.002659,172.217.194.0-255,1484,162470,10,340814
52108,0.002664,172.217.194.0-255,4320,166790,10,340814
52109,0.002666,172.31.36.0-255,66,166856,10,340814
52110,0.002684,172.217.194.0-255,1484,168340,10,340814
52111,0.002689,172.217.194.0-255,2902,171242,10,340814
52112,0.002691,172.31.36.0-255,66,171308,10,340814
52113,0.002694,172.217.194.0-255,1484,172792,10,340814
52114,0.002735,172.217.194.0-255,7156,179948,10,340814
52115,0.002738,172.31.36.0-255,66,180014,10,340814
52116,0.00274,172.217.194.0-255,1484,181498,10,340814
52117,0.002745,172.217.194.0-255,4320,185818,10,340814
52118,0.002747,172.31.36.0-255,66,185884,10,340814
52119,0.002769,172.217.194.0-255,5738,191622,10,340814
52120,0.002771,172.31.36.0-255,66,191688,10,340814
52121,0.002773,172.217.194.0-255,766,192454,10,340814
52122,0.00281,172.217.194.0-255,1484,193938,10,340814
52123,0.002812,172.31.36.0-255,66,194004,10,340814
52124,0.002831,172.217.194.0-255,4320,198324,10,340814
52125,0.002833,172.31.36.0-255,66,198390,10,340814
52126,0.002868,172.217.194.0-255,1484,199874,10,340814
52127,0.002884,172.217.194.0-255,1484,201358,10,340814
52128,0.002886,172.31.36.0-255,66,201424,10,340814
52129,0.002896,172.31.36.0-255,66,201490,10,340814
52130,0.0029,172.217.194.0-255,4320,205810,10,340814
52131,0.002903,172.31.36.0-255,66,205876,10,340814
52132,0.002908,172.217.194.0-255,4320,210196,10,340814
52133,0.00291,172.31.36.0-255,66,210262,10,340814
52134,0.002925,172.217.194.0-255,1484,211746,10,340814
52135,0.002952,172.217.194.0-255,6438,218184,10,340814
52136,0.002954,172.31.36.0-255,66,218250,10,340814
52137,0.002969,172.217.194.0-255,2902,221152,10,340814
52138,0.002971,172.31.36.0-255,66,221218,10,340814
52139,0.002995,172.217.194.0-255,4320,225538,10,340814
52140,0.002997,172.31.36.0-255,66,225604,10,340814
52141,0.003003,172.217.194.0-255,5738,231342,10,340814
52142,0.003005,172.31.36.0-255,66,231408,10,340814
52143,0.003007,172.217.194.0-255,1484,232892,10,340814
52144,0.003025,172.217.194.0-255,4320,237212,10,340814
52145,0.003027,172.31.36.0-255,66,237278,10,340814
52146,0.003039,172.217.194.0-255,4320,241598,10,340814
52147,0.003041,172.31.36.0-255,66,241664,10,340814
52148,0.003062,172.217.194.0-255,7156,248820,10,340814
52149,0.003064,172.31.36.0-255,66,248886,10,340814
52150,0.003099,172.217.194.0-255,3602,252488,10,340814
52151,0.003101,172.31.36.0-255,66,252554,10,340814
52152,0.003146,172.217.194.0-255,1484,254038,10,340814
52153,0.003161,172.217.194.0-255,2902,256940,10,340814
52154,0.003163,172.31.36.0-255,66,257006,10,340814
52155,0.003167,172.217.194.0-255,2902,259908,10,340814
52156,0.003169,172.31.36.0-255,66,259974,10,340814
52157,0.003186,172.217.194.0-255,2902,262876,10,340814
52158,0.003188,172.31.36.0-255,66,262942,10,340814
52159,0.003201,172.217.194.0-255,2902,265844,10,340814
52160,0.003203,172.31.36.0-255,66,265910,10,340814
52161,0.003232,172.217.194.0-255,7156,273066,10,340814
52162,0.003234,172.31.36.0-255,66,273132,10,340814
52163,0.003241,172.217.194.0-255,7156,280288,10,340814
52164,0.003243,172.31.36.0-255,66,280354,10,340814
52165,0.003256,172.217.194.0-255,4320,284674,10,340814
52166,0.003259,172.31.36.0-255,66,284740,10,340814
52167,0.003261,172.217.194.0-255,1484,286224,10,340814
52168,0.003292,172.217.194.0-255,2902,289126,10,340814
52169,0.003295,172.31.36.0-255,66,289192,10,340814
52170,0.003324,172.217.194.0-255,6438,295630,10,340814
52171,0.003326,172.31.36.0-255,66,295696,10,340814
52172,0.00333,172.217.194.0-255,4320,300016,10,340814
52173,0.003332,172.31.36.0-255,66,300082,10,340814
52174,0.003347,172.217.194.0-255,5738,305820,10,340814
52175,0.003349,172.31.36.0-255,66,305886,10,340814
52176,0.003378,172.217.194.0-255,5738,311624,10,340814
52177,0.003381,172.31.36.0-255,66,311690,10,340814
52178,0.003383,172.217.194.0-255,1484,313174,10,340814
52179,0.003385,172.217.194.0-255,1484,314658,10,340814
52180,0.003387,172.31.36.0-255,66,314724,10,340814
52181,0.00339,172.217.194.0-255,1484,316208,10,340814
52182,0.003394,172.217.194.0-255,4320,320528,10,340814
52183,0.003396,172.31.36.0-255,66,320594,10,340814
52184,0.00342,172.217.194.0-255,766,321360,10,340814
52185,0.003423,172.217.194.0-255,1484,322844,10,340814
52186,0.003425,172.31.36.0-255,66,322910,10,340814
52187,0.003464,172.217.194.0-255,2902,325812,10,340814
52188,0.003466,172.31.36.0-255,66,325878,10,340814
52189,0.003483,172.217.194.0-255,5738,331616,10,340814
52190,0.003486,172.31.36.0-255,66,331682,10,340814
52191,0.003512,172.217.194.0-255,2902,334584,10,340814
52192,0.003514,172.31.36.0-255,66,334650,10,340814
52193,0.003526,172.217.194.0-255,947,335597,10,340814
52194,0.003554,172.217.194.0-255,105,335702,10,340814
52195,0.003576,172.217.194.0-255,129,335831,10,340814
52196,0.007901,172.31.36.0-255,105,335936,10,340814
52197,0.007928,172.31.36.0-255,105,336041,10,340814
52198,0.008179,172.31.36.0-255,90,336131,10,340814
52199,0.00819,172.31.36.0-255,66,336197,10,340814
52200,0.010482,172.217.194.0-255,66,336263,10,340814
52201,0.010491,172.217.194.0-255,66,336329,10,340814
52202,0.010806,172.217.194.0-255,66,336395,10,340814
52203,0.01081,172.217.194.0-255,66,336461,10,340814
52204,0.010815,172.31.36.0-255,66,336527,10,340814
52205,0.035666,172.31.36.0-255,172,336699,10,340814
52206,0.035699,172.31.36.0-255,1111,337810,10,340814
52207,0.035753,172.31.36.0-255,1514,339324,10,340814
52208,0.035754,172.31.36.0-255,1292,340616,10,340814
52209,0.037215,104.244.42.0-255,66,340682,10,340814
52210,0.037246,104.244.42.0-255,66,340748,10,340814
52211,0.037311,104.244.42.0-255,66,340814,10,340814
52212,0.0,74.125.24.0-255,153,153,10,219318
52213,1.6e-05,172.31.36.0-255,66,219,10,219318
52214,2.2e-05,74.125.24.0-255,1484,1703,10,219318
52215,2.7e-05,172.31.36.0-255,66,1769,10,219318
52216,3.2e-05,74.125.24.0-255,2902,4671,10,219318
52217,3.5e-05,172.31.36.0-255,66,4737,10,219318
52218,5e-05,74.125.24.0-255,7156,11893,10,219318
52219,5.3e-05,172.31.36.0-255,66,11959,10,219318
52220,7.6e-05,74.125.24.0-255,4320,16279,10,219318
52221,7.8e-05,172.31.36.0-255,66,16345,10,219318
52222,0.000119,172.31.36.0-255,66,16411,10,219318
52223,0.000125,74.125.24.0-255,3961,20372,10,219318
52224,0.000127,172.31.36.0-255,66,20438,10,219318
52225,0.000167,74.125.24.0-255,1484,21922,10,219318
52226,0.000169,172.31.36.0-255,66,21988,10,219318
52227,0.000174,74.125.24.0-255,2902,24890,10,219318
52228,0.000176,172.31.36.0-255,66,24956,10,219318
52229,0.000202,74.125.24.0-255,4320,29276,10,219318
52230,0.000204,172.31.36.0-255,66,29342,10,219318
52231,0.000235,74.125.24.0-255,1484,30826,10,219318
52232,0.000237,172.31.36.0-255,66,30892,10,219318
52233,0.000257,172.31.36.0-255,66,30958,10,219318
52234,0.000301,172.31.36.0-255,66,31024,10,219318
52235,0.000745,74.125.24.0-255,112,31136,10,219318
52236,0.000751,172.31.36.0-255,66,31202,10,219318
52237,0.000875,74.125.24.0-255,1484,32686,10,219318
52238,0.00088,172.31.36.0-255,66,32752,10,219318
52239,0.000885,74.125.24.0-255,2902,35654,10,219318
52240,0.000887,172.31.36.0-255,66,35720,10,219318
52241,0.000892,74.125.24.0-255,2902,38622,10,219318
52242,0.000894,172.31.36.0-255,66,38688,10,219318
52243,0.000922,74.125.24.0-255,2902,41590,10,219318
52244,0.00093,74.125.24.0-255,2902,44492,10,219318
52245,0.000935,172.31.36.0-255,66,44558,10,219318
52246,0.000937,172.31.36.0-255,66,44624,10,219318
52247,0.000962,172.31.36.0-255,66,44690,10,219318
52248,0.001008,172.31.36.0-255,66,44756,10,219318
52249,0.001032,74.125.24.0-255,1484,46240,10,219318
52250,0.001037,74.125.24.0-255,2902,49142,10,219318
52251,0.001042,74.125.24.0-255,5738,54880,10,219318
52252,0.001051,172.31.36.0-255,66,54946,10,219318
52253,0.001054,172.31.36.0-255,66,55012,10,219318
52254,0.00111,172.31.36.0-255,66,55078,10,219318
52255,0.001127,172.31.36.0-255,66,55144,10,219318
52256,0.001129,74.125.24.0-255,766,55910,10,219318
52257,0.001192,74.125.24.0-255,1484,57394,10,219318
52258,0.001196,172.31.36.0-255,66,57460,10,219318
52259,0.0012,74.125.24.0-255,1484,58944,10,219318
52260,0.001221,74.125.24.0-255,1484,60428,10,219318
52261,0.001223,172.31.36.0-255,66,60494,10,219318
52262,0.001232,74.125.24.0-255,5738,66232,10,219318
52263,0.001234,172.31.36.0-255,66,66298,10,219318
52264,0.001244,74.125.24.0-255,4320,70618,10,219318
52265,0.001246,172.31.36.0-255,66,70684,10,219318
52266,0.001286,172.31.36.0-255,66,70750,10,219318
52267,0.001302,172.31.36.0-255,66,70816,10,219318
52268,0.001337,172.31.36.0-255,66,70882,10,219318
52269,0.001347,172.31.36.0-255,66,70948,10,219318
52270,0.001371,74.125.24.0-255,5738,76686,10,219318
52271,0.001375,172.31.36.0-255,66,76752,10,219318
52272,0.001423,172.31.36.0-255,66,76818,10,219318
52273,0.00144,172.31.36.0-255,66,76884,10,219318
52274,0.001444,74.125.24.0-255,2229,79113,10,219318
52275,0.001447,172.31.36.0-255,66,79179,10,219318
52276,0.001615,74.125.24.0-255,1484,80663,10,219318
52277,0.001623,74.125.24.0-255,2902,83565,10,219318
52278,0.001627,172.31.36.0-255,66,83631,10,219318
52279,0.001634,74.125.24.0-255,5738,89369,10,219318
52280,0.001636,172.31.36.0-255,66,89435,10,219318
52281,0.00168,74.125.24.0-255,4320,93755,10,219318
52282,0.001682,172.31.36.0-255,66,93821,10,219318
52283,0.001714,74.125.24.0-255,1484,95305,10,219318
52284,0.001736,172.31.36.0-255,66,95371,10,219318
52285,0.001738,74.125.24.0-255,766,96137,10,219318
52286,0.001749,74.125.24.0-255,5738,101875,10,219318
52287,0.001752,172.31.36.0-255,66,101941,10,219318
52288,0.001793,172.31.36.0-255,66,102007,10,219318
52289,0.001812,172.31.36.0-255,66,102073,10,219318
52290,0.001817,74.125.24.0-255,3602,105675,10,219318
52291,0.00182,172.31.36.0-255,66,105741,10,219318
52292,0.001871,74.125.24.0-255,1484,107225,10,219318
52293,0.001874,74.125.24.0-255,1484,108709,10,219318
52294,0.001877,172.31.36.0-255,66,108775,10,219318
52295,0.001905,74.125.24.0-255,1484,110259,10,219318
52296,0.001912,74.125.24.0-255,5738,115997,10,219318
52297,0.001915,172.31.36.0-255,66,116063,10,219318
52298,0.001934,172.31.36.0-255,66,116129,10,219318
52299,0.001974,172.31.36.0-255,66,116195,10,219318
52300,0.003987,74.125.24.0-255,5738,121933,10,219318
52301,0.003996,172.31.36.0-255,66,121999,10,219318
52302,0.006031,74.125.24.0-255,5738,127737,10,219318
52303,0.006038,172.31.36.0-255,66,127803,10,219318
52304,0.008065,74.125.24.0-255,5738,133541,10,219318
52305,0.008075,172.31.36.0-255,66,133607,10,219318
52306,0.010092,74.125.24.0-255,5738,139345,10,219318
52307,0.0101,172.31.36.0-255,66,139411,10,219318
52308,0.012086,74.125.24.0-255,5738,145149,10,219318
52309,0.012091,172.31.36.0-255,66,145215,10,219318
52310,0.014121,74.125.24.0-255,5738,150953,10,219318
52311,0.014127,172.31.36.0-255,66,151019,10,219318
52312,0.016126,74.125.24.0-255,5738,156757,10,219318
52313,0.016133,172.31.36.0-255,66,156823,10,219318
52314,0.018163,74.125.24.0-255,5738,162561,10,219318
52315,0.018171,172.31.36.0-255,66,162627,10,219318
52316,0.020167,74.125.24.0-255,5738,168365,10,219318
52317,0.020175,172.31.36.0-255,66,168431,10,219318
52318,0.022186,74.125.24.0-255,5738,174169,10,219318
52319,0.022194,172.31.36.0-255,66,174235,10,219318
52320,0.024209,74.125.24.0-255,5738,179973,10,219318
52321,0.024216,172.31.36.0-255,66,180039,10,219318
52322,0.026228,74.125.24.0-255,5738,185777,10,219318
52323,0.026236,172.31.36.0-255,66,185843,10,219318
52324,0.028249,74.125.24.0-255,5738,191581,10,219318
52325,0.02826,172.31.36.0-255,66,191647,10,219318
52326,0.030262,74.125.24.0-255,5738,197385,10,219318
52327,0.030268,172.31.36.0-255,66,197451,10,219318
52328,0.032264,74.125.24.0-255,5738,203189,10,219318
52329,0.032272,172.31.36.0-255,66,203255,10,219318
52330,0.034299,74.125.24.0-255,5738,208993,10,219318
52331,0.034306,172.31.36.0-255,66,209059,10,219318
52332,0.036309,74.125.24.0-255,5735,214794,10,219318
52333,0.036316,172.31.36.0-255,66,214860,10,219318
52334,0.036562,172.31.36.0-255,105,214965,10,219318
52335,0.038538,74.125.24.0-255,66,215031,10,219318
52336,0.041424,172.31.36.0-255,172,215203,10,219318
52337,0.041455,172.31.36.0-255,1112,216315,10,219318
52338,0.041522,172.31.36.0-255,1514,217829,10,219318
52339,0.041524,172.31.36.0-255,1291,219120,10,219318
52340,0.042958,104.244.42.0-255,66,219186,10,219318
52341,0.042987,104.244.42.0-255,66,219252,10,219318
52342,0.04304,104.244.42.0-255,66,219318,10,219318
52343,0.0,74.125.24.0-255,337,337,10,350783
52344,2.4e-05,172.31.36.0-255,66,403,10,350783
52345,3e-05,74.125.24.0-255,1484,1887,10,350783
52346,3.5e-05,172.31.36.0-255,66,1953,10,350783
52347,5e-05,74.125.24.0-255,4320,6273,10,350783
52348,5.5e-05,172.31.36.0-255,66,6339,10,350783
52349,6e-05,74.125.24.0-255,2902,9241,10,350783
52350,6.3e-05,172.31.36.0-255,66,9307,10,350783
52351,9.3e-05,74.125.24.0-255,4890,14197,10,350783
52352,9.6e-05,172.31.36.0-255,66,14263,10,350783
52353,0.000126,74.125.24.0-255,1484,15747,10,350783
52354,0.000128,172.31.36.0-255,66,15813,10,350783
52355,0.000155,74.125.24.0-255,2902,18715,10,350783
52356,0.000157,172.31.36.0-255,66,18781,10,350783
52357,0.000164,74.125.24.0-255,5738,24519,10,350783
52358,0.000166,172.31.36.0-255,66,24585,10,350783
52359,0.000211,74.125.24.0-255,4320,28905,10,350783
52360,0.000214,172.31.36.0-255,66,28971,10,350783
52361,0.000241,74.125.24.0-255,3961,32932,10,350783
52362,0.000243,172.31.36.0-255,66,32998,10,350783
52363,0.000254,172.31.36.0-255,66,33064,10,350783
52364,0.000285,74.125.24.0-255,6797,39861,10,350783
52365,0.000287,172.31.36.0-255,66,39927,10,350783
52366,0.000507,74.125.24.0-255,1484,41411,10,350783
52367,0.000512,172.31.36.0-255,66,41477,10,350783
52368,0.000544,74.125.24.0-255,2902,44379,10,350783
52369,0.000547,172.31.36.0-255,66,44445,10,350783
52370,0.000577,74.125.24.0-255,5738,50183,10,350783
52371,0.00058,172.31.36.0-255,66,50249,10,350783
52372,0.000584,74.125.24.0-255,2902,53151,10,350783
52373,0.000586,172.31.36.0-255,66,53217,10,350783
52374,0.000615,74.125.24.0-255,4306,57523,10,350783
52375,0.000618,172.31.36.0-255,66,57589,10,350783
52376,0.001016,74.125.24.0-255,331,57920,10,350783
52377,0.001044,74.125.24.0-255,1484,59404,10,350783
52378,0.001048,172.31.36.0-255,66,59470,10,350783
52379,0.001081,74.125.24.0-255,2902,62372,10,350783
52380,0.001083,172.31.36.0-255,66,62438,10,350783
52381,0.001095,74.125.24.0-255,1484,63922,10,350783
52382,0.001105,74.125.24.0-255,4320,68242,10,350783
52383,0.001107,172.31.36.0-255,66,68308,10,350783
52384,0.001113,74.125.24.0-255,5738,74046,10,350783
52385,0.001115,172.31.36.0-255,66,74112,10,350783
52386,0.001129,172.31.36.0-255,66,74178,10,350783
52387,0.001136,74.125.24.0-255,6438,80616,10,350783
52388,0.001138,172.31.36.0-255,66,80682,10,350783
52389,0.001958,74.125.24.0-255,1484,82166,10,350783
52390,0.001968,74.125.24.0-255,2902,85068,10,350783
52391,0.001973,172.31.36.0-255,66,85134,10,350783
52392,0.00198,74.125.24.0-255,2902,88036,10,350783
52393,0.001982,172.31.36.0-255,66,88102,10,350783
52394,0.002003,74.125.24.0-255,1484,89586,10,350783
52395,0.00201,74.125.24.0-255,5738,95324,10,350783
52396,0.002012,172.31.36.0-255,66,95390,10,350783
52397,0.002026,74.125.24.0-255,2902,98292,10,350783
52398,0.002028,172.31.36.0-255,66,98358,10,350783
52399,0.002035,74.125.24.0-255,1484,99842,10,350783
52400,0.002068,172.31.36.0-255,66,99908,10,350783
52401,0.002072,74.125.24.0-255,1484,101392,10,350783
52402,0.002091,74.125.24.0-255,766,102158,10,350783
52403,0.002093,172.31.36.0-255,66,102224,10,350783
52404,0.002216,74.125.24.0-255,1484,103708,10,350783
52405,0.00222,74.125.24.0-255,1484,105192,10,350783
52406,0.002223,172.31.36.0-255,66,105258,10,350783
52407,0.002254,74.125.24.0-255,1484,106742,10,350783
52408,0.002259,74.125.24.0-255,2902,109644,10,350783
52409,0.002262,172.31.36.0-255,66,109710,10,350783
52410,0.002269,74.125.24.0-255,7156,116866,10,350783
52411,0.002272,172.31.36.0-255,66,116932,10,350783
52412,0.002282,74.125.24.0-255,4320,121252,10,350783
52413,0.002284,172.31.36.0-255,66,121318,10,350783
52414,0.00229,74.125.24.0-255,4320,125638,10,350783
52415,0.002292,172.31.36.0-255,66,125704,10,350783
52416,0.002329,172.31.36.0-255,66,125770,10,350783
52417,0.004605,74.125.24.0-255,5738,131508,10,350783
52418,0.004613,172.31.36.0-255,66,131574,10,350783
52419,0.006885,74.125.24.0-255,5738,137312,10,350783
52420,0.006893,172.31.36.0-255,66,137378,10,350783
52421,0.009146,74.125.24.0-255,5738,143116,10,350783
52422,0.009153,172.31.36.0-255,66,143182,10,350783
52423,0.011445,74.125.24.0-255,5738,148920,10,350783
52424,0.011453,172.31.36.0-255,66,148986,10,350783
52425,0.013699,74.125.24.0-255,5738,154724,10,350783
52426,0.013708,172.31.36.0-255,66,154790,10,350783
52427,0.015996,74.125.24.0-255,5738,160528,10,350783
52428,0.016005,172.31.36.0-255,66,160594,10,350783
52429,0.018304,74.125.24.0-255,5738,166332,10,350783
52430,0.01831,172.31.36.0-255,66,166398,10,350783
52431,0.02062,74.125.24.0-255,5738,172136,10,350783
52432,0.020629,172.31.36.0-255,66,172202,10,350783
52433,0.022923,74.125.24.0-255,5738,177940,10,350783
52434,0.022931,172.31.36.0-255,66,178006,10,350783
52435,0.025221,74.125.24.0-255,5738,183744,10,350783
52436,0.025228,172.31.36.0-255,66,183810,10,350783
52437,0.027474,74.125.24.0-255,5738,189548,10,350783
52438,0.027482,172.31.36.0-255,66,189614,10,350783
52439,0.02976,74.125.24.0-255,5738,195352,10,350783
52440,0.029767,172.31.36.0-255,66,195418,10,350783
52441,0.030975,172.31.36.0-255,172,195590,10,350783
52442,0.031006,172.31.36.0-255,1113,196703,10,350783
52443,0.031069,172.31.36.0-255,1514,198217,10,350783
52444,0.031071,172.31.36.0-255,1290,199507,10,350783
52445,0.032039,74.125.24.0-255,5738,205245,10,350783
52446,0.032047,172.31.36.0-255,66,205311,10,350783
52447,0.032548,104.244.42.0-255,66,205377,10,350783
52448,0.032592,104.244.42.0-255,66,205443,10,350783
52449,0.032644,104.244.42.0-255,66,205509,10,350783
52450,0.033322,104.244.42.0-255,108,205617,10,350783
52451,0.03333,172.31.36.0-255,66,205683,10,350783
52452,0.034341,74.125.24.0-255,5738,211421,10,350783
52453,0.034345,172.31.36.0-255,66,211487,10,350783
52454,0.036623,74.125.24.0-255,5738,217225,10,350783
52455,0.036631,172.31.36.0-255,66,217291,10,350783
52456,0.038894,74.125.24.0-255,5738,223029,10,350783
52457,0.038902,172.31.36.0-255,66,223095,10,350783
52458,0.041159,74.125.24.0-255,5738,228833,10,350783
52459,0.041169,172.31.36.0-255,66,228899,10,350783
52460,0.043421,74.125.24.0-255,5738,234637,10,350783
52461,0.043428,172.31.36.0-255,66,234703,10,350783
52462,0.045712,74.125.24.0-255,5738,240441,10,350783
52463,0.045719,172.31.36.0-255,66,240507,10,350783
52464,0.047985,74.125.24.0-255,5738,246245,10,350783
52465,0.047992,172.31.36.0-255,66,246311,10,350783
52466,0.050272,74.125.24.0-255,5738,252049,10,350783
52467,0.050278,172.31.36.0-255,66,252115,10,350783
52468,0.052565,74.125.24.0-255,5738,257853,10,350783
52469,0.052573,172.31.36.0-255,66,257919,10,350783
52470,0.054857,74.125.24.0-255,5738,263657,10,350783
52471,0.054863,172.31.36.0-255,66,263723,10,350783
52472,0.057129,74.125.24.0-255,5738,269461,10,350783
52473,0.057137,172.31.36.0-255,66,269527,10,350783
52474,0.059395,74.125.24.0-255,5738,275265,10,350783
52475,0.059402,172.31.36.0-255,66,275331,10,350783
52476,0.061677,74.125.24.0-255,5738,281069,10,350783
52477,0.061683,172.31.36.0-255,66,281135,10,350783
52478,0.063946,74.125.24.0-255,5738,286873,10,350783
52479,0.063953,172.31.36.0-255,66,286939,10,350783
52480,0.0663,74.125.24.0-255,5738,292677,10,350783
52481,0.066306,172.31.36.0-255,66,292743,10,350783
52482,0.068579,74.125.24.0-255,5738,298481,10,350783
52483,0.068586,172.31.36.0-255,66,298547,10,350783
52484,0.070842,74.125.24.0-255,5738,304285,10,350783
52485,0.070848,172.31.36.0-255,66,304351,10,350783
52486,0.073145,74.125.24.0-255,5738,310089,10,350783
52487,0.073152,172.31.36.0-255,66,310155,10,350783
52488,0.075422,74.125.24.0-255,5738,315893,10,350783
52489,0.075429,172.31.36.0-255,66,315959,10,350783
52490,0.077707,74.125.24.0-255,5738,321697,10,350783
52491,0.077714,172.31.36.0-255,66,321763,10,350783
52492,0.079998,74.125.24.0-255,5738,327501,10,350783
52493,0.080005,172.31.36.0-255,66,327567,10,350783
52494,0.082285,74.125.24.0-255,5738,333305,10,350783
52495,0.082291,172.31.36.0-255,66,333371,10,350783
52496,0.084574,74.125.24.0-255,5738,339109,10,350783
52497,0.08458,172.31.36.0-255,66,339175,10,350783
52498,0.086868,74.125.24.0-255,5738,344913,10,350783
52499,0.086874,172.31.36.0-255,66,344979,10,350783
52500,0.089151,74.125.24.0-255,5738,350717,10,350783
52501,0.089159,172.31.36.0-255,66,350783,10,350783
52502,0.0,74.125.24.0-255,153,153,10,114717
52503,2.7e-05,172.31.36.0-255,66,219,10,114717
52504,3.4e-05,74.125.24.0-255,1484,1703,10,114717
52505,3.9e-05,172.31.36.0-255,66,1769,10,114717
52506,4.5e-05,74.125.24.0-255,2902,4671,10,114717
52507,5.5e-05,172.31.36.0-255,66,4737,10,114717
52508,6.3e-05,74.125.24.0-255,7156,11893,10,114717
52509,6.6e-05,172.31.36.0-255,66,11959,10,114717
52510,0.000113,172.31.36.0-255,66,12025,10,114717
52511,0.000125,172.31.36.0-255,66,12091,10,114717
52512,0.000155,74.125.24.0-255,4320,16411,10,114717
52513,0.00016,172.31.36.0-255,66,16477,10,114717
52514,0.000186,172.31.36.0-255,66,16543,10,114717
52515,0.000216,172.31.36.0-255,66,16609,10,114717
52516,0.000235,74.125.24.0-255,4231,20840,10,114717
52517,0.000237,172.31.36.0-255,66,20906,10,114717
52518,0.00024,74.125.24.0-255,137,21043,10,114717
52519,0.000243,172.31.36.0-255,66,21109,10,114717
52520,0.000363,74.125.24.0-255,1484,22593,10,114717
52521,0.000366,172.31.36.0-255,66,22659,10,114717
52522,0.000372,74.125.24.0-255,2902,25561,10,114717
52523,0.000374,172.31.36.0-255,66,25627,10,114717
52524,0.00038,74.125.24.0-255,4320,29947,10,114717
52525,0.000388,172.31.36.0-255,66,30013,10,114717
52526,0.000414,74.125.24.0-255,1484,31497,10,114717
52527,0.000416,172.31.36.0-255,66,31563,10,114717
52528,0.000445,74.125.24.0-255,5738,37301,10,114717
52529,0.000449,172.31.36.0-255,66,37367,10,114717
52530,0.000479,74.125.24.0-255,3961,41328,10,114717
52531,0.000482,172.31.36.0-255,66,41394,10,114717
52532,0.000497,172.31.36.0-255,66,41460,10,114717
52533,0.000557,74.125.24.0-255,1484,42944,10,114717
52534,0.000563,74.125.24.0-255,2902,45846,10,114717
52535,0.000566,172.31.36.0-255,66,45912,10,114717
52536,0.000595,74.125.24.0-255,5738,51650,10,114717
52537,0.000599,172.31.36.0-255,66,51716,10,114717
52538,0.000637,172.31.36.0-255,66,51782,10,114717
52539,0.000641,74.125.24.0-255,1484,53266,10,114717
52540,0.000666,74.125.24.0-255,2902,56168,10,114717
52541,0.000669,172.31.36.0-255,66,56234,10,114717
52542,0.000699,74.125.24.0-255,6438,62672,10,114717
52543,0.000702,172.31.36.0-255,66,62738,10,114717
52544,0.001158,74.125.24.0-255,1484,64222,10,114717
52545,0.001173,74.125.24.0-255,2902,67124,10,114717
52546,0.001177,172.31.36.0-255,66,67190,10,114717
52547,0.001184,74.125.24.0-255,5738,72928,10,114717
52548,0.001186,172.31.36.0-255,66,72994,10,114717
52549,0.001235,172.31.36.0-255,66,73060,10,114717
52550,0.00124,172.31.36.0-255,66,73126,10,114717
52551,0.001264,74.125.24.0-255,766,73892,10,114717
52552,0.001411,74.125.24.0-255,1484,75376,10,114717
52553,0.001415,172.31.36.0-255,66,75442,10,114717
52554,0.001419,74.125.24.0-255,1484,76926,10,114717
52555,0.00144,74.125.24.0-255,1484,78410,10,114717
52556,0.001443,172.31.36.0-255,66,78476,10,114717
52557,0.00145,74.125.24.0-255,5738,84214,10,114717
52558,0.001452,172.31.36.0-255,66,84280,10,114717
52559,0.001468,172.31.36.0-255,66,84346,10,114717
52560,0.001506,74.125.24.0-255,4320,88666,10,114717
52561,0.001509,172.31.36.0-255,66,88732,10,114717
52562,0.001521,172.31.36.0-255,66,88798,10,114717
52563,0.001534,172.31.36.0-255,66,88864,10,114717
52564,0.001596,172.31.36.0-255,66,88930,10,114717
52565,0.001601,74.125.24.0-255,4320,93250,10,114717
52566,0.001603,172.31.36.0-255,66,93316,10,114717
52567,0.001609,74.125.24.0-255,5738,99054,10,114717
52568,0.001611,172.31.36.0-255,66,99120,10,114717
52569,0.001629,172.31.36.0-255,66,99186,10,114717
52570,0.001665,74.125.24.0-255,1484,100670,10,114717
52571,0.001679,172.31.36.0-255,66,100736,10,114717
52572,0.001719,74.125.24.0-255,2902,103638,10,114717
52573,0.001722,172.31.36.0-255,66,103704,10,114717
52574,0.00177,172.31.36.0-255,66,103770,10,114717
52575,0.001782,172.31.36.0-255,66,103836,10,114717
52576,0.001806,172.31.36.0-255,66,103902,10,114717
52577,0.001848,74.125.24.0-255,2184,106086,10,114717
52578,0.001852,172.31.36.0-255,66,106152,10,114717
52579,0.001879,172.31.36.0-255,66,106218,10,114717
52580,0.001892,172.31.36.0-255,66,106284,10,114717
52581,0.001911,172.31.36.0-255,66,106350,10,114717
52582,0.001938,74.125.24.0-255,3602,109952,10,114717
52583,0.001941,172.31.36.0-255,66,110018,10,114717
52584,0.001955,172.31.36.0-255,66,110084,10,114717
52585,0.001958,74.125.24.0-255,105,110189,10,114717
52586,0.007493,172.31.36.0-255,66,110255,10,114717
52587,0.007519,172.31.36.0-255,105,110360,10,114717
52588,0.009471,74.125.24.0-255,66,110426,10,114717
52589,0.030509,172.31.36.0-255,176,110602,10,114717
52590,0.03054,172.31.36.0-255,1112,111714,10,114717
52591,0.030569,172.31.36.0-255,1514,113228,10,114717
52592,0.030571,172.31.36.0-255,1291,114519,10,114717
52593,0.032072,104.244.42.0-255,66,114585,10,114717
52594,0.032081,104.244.42.0-255,66,114651,10,114717
52595,0.032124,104.244.42.0-255,66,114717,10,114717
52596,0.0,172.31.36.0-255,176,176,10,242
52597,0.007114,172.217.194.0-255,66,242,10,242
52598,0.0,74.125.24.0-255,153,153,10,299601
52599,2.3e-05,172.31.36.0-255,66,219,10,299601
52600,3.1e-05,74.125.24.0-255,1484,1703,10,299601
52601,3.6e-05,172.31.36.0-255,66,1769,10,299601
52602,4.2e-05,74.125.24.0-255,2902,4671,10,299601
52603,4.4e-05,172.31.36.0-255,66,4737,10,299601
52604,5.2e-05,74.125.24.0-255,7156,11893,10,299601
52605,5.5e-05,172.31.36.0-255,66,11959,10,299601
52606,6e-05,74.125.24.0-255,2040,13999,10,299601
52607,6.3e-05,172.31.36.0-255,66,14065,10,299601
52608,9.4e-05,74.125.24.0-255,1484,15549,10,299601
52609,9.7e-05,172.31.36.0-255,66,15615,10,299601
52610,0.00012,74.125.24.0-255,2902,18517,10,299601
52611,0.000123,172.31.36.0-255,66,18583,10,299601
52612,0.00013,74.125.24.0-255,5738,24321,10,299601
52613,0.000133,172.31.36.0-255,66,24387,10,299601
52614,0.000178,74.125.24.0-255,6797,31184,10,299601
52615,0.000181,172.31.36.0-255,66,31250,10,299601
52616,0.000214,74.125.24.0-255,1484,32734,10,299601
52617,0.000217,172.31.36.0-255,66,32800,10,299601
52618,0.000229,74.125.24.0-255,1484,34284,10,299601
52619,0.000232,172.31.36.0-255,66,34350,10,299601
52620,0.000245,74.125.24.0-255,1484,35834,10,299601
52621,0.000251,74.125.24.0-255,5738,41572,10,299601
52622,0.000257,74.125.24.0-255,5738,47310,10,299601
52623,0.000261,172.31.36.0-255,66,47376,10,299601
52624,0.000269,172.31.36.0-255,66,47442,10,299601
52625,0.000272,172.31.36.0-255,66,47508,10,299601
52626,0.000276,74.125.24.0-255,1484,48992,10,299601
52627,0.000278,172.31.36.0-255,66,49058,10,299601
52628,0.000321,172.31.36.0-255,66,49124,10,299601
52629,0.000326,74.125.24.0-255,4266,53390,10,299601
52630,0.000328,172.31.36.0-255,66,53456,10,299601
52631,0.000333,74.125.24.0-255,116,53572,10,299601
52632,0.000337,74.125.24.0-255,332,53904,10,299601
52633,0.000616,74.125.24.0-255,1484,55388,10,299601
52634,0.000621,172.31.36.0-255,66,55454,10,299601
52635,0.000628,74.125.24.0-255,2902,58356,10,299601
52636,0.000631,172.31.36.0-255,66,58422,10,299601
52637,0.000654,74.125.24.0-255,2902,61324,10,299601
52638,0.000657,172.31.36.0-255,66,61390,10,299601
52639,0.000675,74.125.24.0-255,2902,64292,10,299601
52640,0.000677,172.31.36.0-255,66,64358,10,299601
52641,0.000685,74.125.24.0-255,7156,71514,10,299601
52642,0.000688,172.31.36.0-255,66,71580,10,299601
52643,0.000693,74.125.24.0-255,4320,75900,10,299601
52644,0.000695,172.31.36.0-255,66,75966,10,299601
52645,0.000729,172.31.36.0-255,66,76032,10,299601
52646,0.000734,74.125.24.0-255,2184,78216,10,299601
52647,0.000736,172.31.36.0-255,66,78282,10,299601
52648,0.00074,74.125.24.0-255,2902,81184,10,299601
52649,0.000743,172.31.36.0-255,66,81250,10,299601
52650,0.000748,74.125.24.0-255,4320,85570,10,299601
52651,0.00075,172.31.36.0-255,66,85636,10,299601
52652,0.000787,172.31.36.0-255,66,85702,10,299601
52653,0.000792,74.125.24.0-255,4320,90022,10,299601
52654,0.000794,172.31.36.0-255,66,90088,10,299601
52655,0.000816,74.125.24.0-255,7156,97244,10,299601
52656,0.000818,172.31.36.0-255,66,97310,10,299601
52657,0.000843,74.125.24.0-255,6438,103748,10,299601
52658,0.000846,172.31.36.0-255,66,103814,10,299601
52659,0.00089,74.125.24.0-255,1484,105298,10,299601
52660,0.000895,74.125.24.0-255,2902,108200,10,299601
52661,0.000898,172.31.36.0-255,66,108266,10,299601
52662,0.000911,74.125.24.0-255,4320,112586,10,299601
52663,0.000913,172.31.36.0-255,66,112652,10,299601
52664,0.000926,74.125.24.0-255,1484,114136,10,299601
52665,0.000956,172.31.36.0-255,66,114202,10,299601
52666,0.000963,74.125.24.0-255,5738,119940,10,299601
52667,0.000965,172.31.36.0-255,66,120006,10,299601
52668,0.000999,74.125.24.0-255,5020,125026,10,299601
52669,0.001002,172.31.36.0-255,66,125092,10,299601
52670,0.001044,74.125.24.0-255,5738,130830,10,299601
52671,0.001047,172.31.36.0-255,66,130896,10,299601
52672,0.001051,74.125.24.0-255,2902,133798,10,299601
52673,0.001053,172.31.36.0-255,66,133864,10,299601
52674,0.001073,74.125.24.0-255,5738,139602,10,299601
52675,0.001076,172.31.36.0-255,66,139668,10,299601
52676,0.001099,74.125.24.0-255,4320,143988,10,299601
52677,0.001105,74.125.24.0-255,5738,149726,10,299601
52678,0.00111,172.31.36.0-255,66,149792,10,299601
52679,0.001113,172.31.36.0-255,66,149858,10,299601
52680,0.001136,172.31.36.0-255,66,149924,10,299601
52681,0.001323,74.125.24.0-255,1484,151408,10,299601
52682,0.001343,74.125.24.0-255,2902,154310,10,299601
52683,0.001387,172.31.36.0-255,66,154376,10,299601
52684,0.001406,74.125.24.0-255,5738,160114,10,299601
52685,0.001409,172.31.36.0-255,66,160180,10,299601
52686,0.001422,172.31.36.0-255,66,160246,10,299601
52687,0.001432,172.31.36.0-255,66,160312,10,299601
52688,0.001436,74.125.24.0-255,2902,163214,10,299601
52689,0.001439,172.31.36.0-255,66,163280,10,299601
52690,0.001471,74.125.24.0-255,6438,169718,10,299601
52691,0.001474,172.31.36.0-255,66,169784,10,299601
52692,0.001481,74.125.24.0-255,5738,175522,10,299601
52693,0.001483,172.31.36.0-255,66,175588,10,299601
52694,0.001496,74.125.24.0-255,7156,182744,10,299601
52695,0.001498,172.31.36.0-255,66,182810,10,299601
52696,0.001531,172.31.36.0-255,66,182876,10,299601
52697,0.001538,74.125.24.0-255,6438,189314,10,299601
52698,0.001559,172.31.36.0-255,66,189380,10,299601
52699,0.001613,74.125.24.0-255,1484,190864,10,299601
52700,0.00163,74.125.24.0-255,2902,193766,10,299601
52701,0.001633,172.31.36.0-255,66,193832,10,299601
52702,0.00164,74.125.24.0-255,5738,199570,10,299601
52703,0.001642,172.31.36.0-255,66,199636,10,299601
52704,0.001645,74.125.24.0-255,1484,201120,10,299601
52705,0.001666,74.125.24.0-255,7156,208276,10,299601
52706,0.001669,172.31.36.0-255,66,208342,10,299601
52707,0.001683,172.31.36.0-255,66,208408,10,299601
52708,0.001722,172.31.36.0-255,66,208474,10,299601
52709,0.001733,74.125.24.0-255,2184,210658,10,299601
52710,0.001766,74.125.24.0-255,4320,214978,10,299601
52711,0.00179,172.31.36.0-255,66,215044,10,299601
52712,0.001795,172.31.36.0-255,66,215110,10,299601
52713,0.004034,74.125.24.0-255,5738,220848,10,299601
52714,0.00404,172.31.36.0-255,66,220914,10,299601
52715,0.00624,74.125.24.0-255,5738,226652,10,299601
52716,0.006247,172.31.36.0-255,66,226718,10,299601
52717,0.008442,74.125.24.0-255,5738,232456,10,299601
52718,0.008446,172.31.36.0-255,66,232522,10,299601
52719,0.010666,74.125.24.0-255,5738,238260,10,299601
52720,0.010674,172.31.36.0-255,66,238326,10,299601
52721,0.012897,74.125.24.0-255,5738,244064,10,299601
52722,0.012903,172.31.36.0-255,66,244130,10,299601
52723,0.015097,74.125.24.0-255,5738,249868,10,299601
52724,0.015106,172.31.36.0-255,66,249934,10,299601
52725,0.017315,74.125.24.0-255,5738,255672,10,299601
52726,0.017324,172.31.36.0-255,66,255738,10,299601
52727,0.019529,74.125.24.0-255,5738,261476,10,299601
52728,0.019538,172.31.36.0-255,66,261542,10,299601
52729,0.021787,74.125.24.0-255,5738,267280,10,299601
52730,0.021796,172.31.36.0-255,66,267346,10,299601
52731,0.024005,74.125.24.0-255,5738,273084,10,299601
52732,0.024014,172.31.36.0-255,66,273150,10,299601
52733,0.026234,74.125.24.0-255,5738,278888,10,299601
52734,0.026241,172.31.36.0-255,66,278954,10,299601
52735,0.028455,74.125.24.0-255,5738,284692,10,299601
52736,0.028462,172.31.36.0-255,66,284758,10,299601
52737,0.030693,74.125.24.0-255,5738,290496,10,299601
52738,0.0307,172.31.36.0-255,66,290562,10,299601
52739,0.032937,74.125.24.0-255,4520,295082,10,299601
52740,0.032945,172.31.36.0-255,66,295148,10,299601
52741,0.033386,172.31.36.0-255,105,295253,10,299601
52742,0.034908,172.31.36.0-255,167,295420,10,299601
52743,0.034937,172.31.36.0-255,1111,296531,10,299601
52744,0.035001,172.31.36.0-255,1514,298045,10,299601
52745,0.035003,172.31.36.0-255,1292,299337,10,299601
52746,0.035562,74.125.24.0-255,66,299403,10,299601
52747,0.036446,104.244.42.0-255,66,299469,10,299601
52748,0.036491,104.244.42.0-255,66,299535,10,299601
52749,0.036539,104.244.42.0-255,66,299601,10,299601
52750,0.0,74.125.200.0-255,152,152,10,329430
52751,3.5e-05,172.31.36.0-255,66,218,10,329430
52752,4.2e-05,74.125.200.0-255,1484,1702,10,329430
52753,4.6e-05,172.31.36.0-255,66,1768,10,329430
52754,5.1e-05,74.125.200.0-255,2902,4670,10,329430
52755,5.4e-05,172.31.36.0-255,66,4736,10,329430
52756,6.1e-05,74.125.200.0-255,7156,11892,10,329430
52757,6.4e-05,172.31.36.0-255,66,11958,10,329430
52758,7.1e-05,74.125.200.0-255,4928,16886,10,329430
52759,7.3e-05,172.31.36.0-255,66,16952,10,329430
52760,9e-05,74.125.200.0-255,2902,19854,10,329430
52761,9.2e-05,172.31.36.0-255,66,19920,10,329430
52762,0.000114,74.125.200.0-255,2902,22822,10,329430
52763,0.000116,172.31.36.0-255,66,22888,10,329430
52764,0.000121,74.125.200.0-255,2902,25790,10,329430
52765,0.000123,172.31.36.0-255,66,25856,10,329430
52766,0.000141,74.125.200.0-255,5379,31235,10,329430
52767,0.000143,172.31.36.0-255,66,31301,10,329430
52768,0.000186,74.125.200.0-255,1484,32785,10,329430
52769,0.000189,172.31.36.0-255,66,32851,10,329430
52770,0.000213,74.125.200.0-255,2902,35753,10,329430
52771,0.000216,172.31.36.0-255,66,35819,10,329430
52772,0.000221,74.125.200.0-255,5738,41557,10,329430
52773,0.000224,172.31.36.0-255,66,41623,10,329430
52774,0.000228,74.125.200.0-255,1484,43107,10,329430
52775,0.00023,172.31.36.0-255,66,43173,10,329430
52776,0.000235,74.125.200.0-255,2902,46075,10,329430
52777,0.000237,172.31.36.0-255,66,46141,10,329430
52778,0.000257,74.125.200.0-255,5738,51879,10,329430
52779,0.00026,172.31.36.0-255,66,51945,10,329430
52780,0.000279,74.125.200.0-255,2902,54847,10,329430
52781,0.000282,172.31.36.0-255,66,54913,10,329430
52782,0.000295,74.125.200.0-255,1484,56397,10,329430
52783,0.000314,74.125.200.0-255,2902,59299,10,329430
52784,0.000317,172.31.36.0-255,66,59365,10,329430
52785,0.000342,74.125.200.0-255,6438,65803,10,329430
52786,0.000345,172.31.36.0-255,66,65869,10,329430
52787,0.000348,74.125.200.0-255,426,66295,10,329430
52788,0.000735,74.125.200.0-255,1484,67779,10,329430
52789,0.000739,172.31.36.0-255,66,67845,10,329430
52790,0.000743,74.125.200.0-255,1484,69329,10,329430
52791,0.000758,74.125.200.0-255,1484,70813,10,329430
52792,0.000761,172.31.36.0-255,66,70879,10,329430
52793,0.000768,74.125.200.0-255,5738,76617,10,329430
52794,0.000771,172.31.36.0-255,66,76683,10,329430
52795,0.000774,74.125.200.0-255,1484,78167,10,329430
52796,0.000793,74.125.200.0-255,5738,83905,10,329430
52797,0.000796,172.31.36.0-255,66,83971,10,329430
52798,0.000846,74.125.200.0-255,5738,89709,10,329430
52799,0.000847,172.31.36.0-255,66,89775,10,329430
52800,0.000851,172.31.36.0-255,66,89841,10,329430
52801,0.000899,74.125.200.0-255,1886,91727,10,329430
52802,0.000902,172.31.36.0-255,66,91793,10,329430
52803,0.000937,74.125.200.0-255,1484,93277,10,329430
52804,0.00097,74.125.200.0-255,2902,96179,10,329430
52805,0.000974,172.31.36.0-255,66,96245,10,329430
52806,0.000979,74.125.200.0-255,2902,99147,10,329430
52807,0.000981,172.31.36.0-255,66,99213,10,329430
52808,0.000999,74.125.200.0-255,2902,102115,10,329430
52809,0.001003,172.31.36.0-255,66,102181,10,329430
52810,0.001008,74.125.200.0-255,2902,105083,10,329430
52811,0.001009,172.31.36.0-255,66,105149,10,329430
52812,0.001015,74.125.200.0-255,3961,109110,10,329430
52813,0.001017,172.31.36.0-255,66,109176,10,329430
52814,0.001214,74.125.200.0-255,1484,110660,10,329430
52815,0.001236,74.125.200.0-255,2902,113562,10,329430
52816,0.001239,172.31.36.0-255,66,113628,10,329430
52817,0.001267,74.125.200.0-255,1484,115112,10,329430
52818,0.001287,74.125.200.0-255,2902,118014,10,329430
52819,0.001291,172.31.36.0-255,66,118080,10,329430
52820,0.001294,74.125.200.0-255,1484,119564,10,329430
52821,0.001298,74.125.200.0-255,2902,122466,10,329430
52822,0.0013,172.31.36.0-255,66,122532,10,329430
52823,0.001303,74.125.200.0-255,1484,124016,10,329430
52824,0.001327,74.125.200.0-255,4320,128336,10,329430
52825,0.00133,172.31.36.0-255,66,128402,10,329430
52826,0.001346,74.125.200.0-255,1484,129886,10,329430
52827,0.001372,172.31.36.0-255,66,129952,10,329430
52828,0.001395,74.125.200.0-255,5020,134972,10,329430
52829,0.001398,172.31.36.0-255,66,135038,10,329430
52830,0.001637,74.125.200.0-255,1484,136522,10,329430
52831,0.001646,74.125.200.0-255,2902,139424,10,329430
52832,0.00165,172.31.36.0-255,66,139490,10,329430
52833,0.001655,74.125.200.0-255,1484,140974,10,329430
52834,0.001666,74.125.200.0-255,1484,142458,10,329430
52835,0.001668,172.31.36.0-255,66,142524,10,329430
52836,0.001691,74.125.200.0-255,1484,144008,10,329430
52837,0.001698,74.125.200.0-255,5738,149746,10,329430
52838,0.0017,172.31.36.0-255,66,149812,10,329430
52839,0.001726,74.125.200.0-255,7156,156968,10,329430
52840,0.00173,172.31.36.0-255,66,157034,10,329430
52841,0.001743,74.125.200.0-255,1484,158518,10,329430
52842,0.001775,172.31.36.0-255,66,158584,10,329430
52843,0.001991,74.125.200.0-255,1484,160068,10,329430
52844,0.002023,74.125.200.0-255,2902,162970,10,329430
52845,0.002028,172.31.36.0-255,66,163036,10,329430
52846,0.002034,74.125.200.0-255,5738,168774,10,329430
52847,0.002036,172.31.36.0-255,66,168840,10,329430
52848,0.00204,74.125.200.0-255,1484,170324,10,329430
52849,0.002077,172.31.36.0-255,66,170390,10,329430
52850,0.002082,74.125.200.0-255,4320,174710,10,329430
52851,0.002084,172.31.36.0-255,66,174776,10,329430
52852,0.00212,74.125.200.0-255,4320,179096,10,329430
52853,0.002123,172.31.36.0-255,66,179162,10,329430
52854,0.002157,172.31.36.0-255,66,179228,10,329430
52855,0.002161,74.125.200.0-255,2902,182130,10,329430
52856,0.002163,172.31.36.0-255,66,182196,10,329430
52857,0.002184,172.31.36.0-255,66,182262,10,329430
52858,0.00221,74.125.200.0-255,5738,188000,10,329430
52859,0.002215,172.31.36.0-255,66,188066,10,329430
52860,0.002236,172.31.36.0-255,66,188132,10,329430
52861,0.002244,74.125.200.0-255,7156,195288,10,329430
52862,0.002246,172.31.36.0-255,66,195354,10,329430
52863,0.002273,74.125.200.0-255,4320,199674,10,329430
52864,0.002276,172.31.36.0-255,66,199740,10,329430
52865,0.00229,172.31.36.0-255,66,199806,10,329430
52866,0.002302,172.31.36.0-255,66,199872,10,329430
52867,0.002346,74.125.200.0-255,1484,201356,10,329430
52868,0.002366,74.125.200.0-255,2902,204258,10,329430
52869,0.002369,172.31.36.0-255,66,204324,10,329430
52870,0.002375,74.125.200.0-255,5738,210062,10,329430
52871,0.002377,172.31.36.0-255,66,210128,10,329430
52872,0.002388,172.31.36.0-255,66,210194,10,329430
52873,0.004706,74.125.200.0-255,5738,215932,10,329430
52874,0.004719,172.31.36.0-255,66,215998,10,329430
52875,0.007076,74.125.200.0-255,5738,221736,10,329430
52876,0.007085,172.31.36.0-255,66,221802,10,329430
52877,0.009417,74.125.200.0-255,5738,227540,10,329430
52878,0.009433,172.31.36.0-255,66,227606,10,329430
52879,0.011774,74.125.200.0-255,5738,233344,10,329430
52880,0.011793,172.31.36.0-255,66,233410,10,329430
52881,0.014131,74.125.200.0-255,5738,239148,10,329430
52882,0.014139,172.31.36.0-255,66,239214,10,329430
52883,0.016467,74.125.200.0-255,5738,244952,10,329430
52884,0.016473,172.31.36.0-255,66,245018,10,329430
52885,0.018809,74.125.200.0-255,5738,250756,10,329430
52886,0.018824,172.31.36.0-255,66,250822,10,329430
52887,0.02115,74.125.200.0-255,2902,253724,10,329430
52888,0.021159,172.31.36.0-255,66,253790,10,329430
52889,0.021184,74.125.200.0-255,2902,256692,10,329430
52890,0.02119,172.31.36.0-255,66,256758,10,329430
52891,0.023503,74.125.200.0-255,5738,262496,10,329430
52892,0.023512,172.31.36.0-255,66,262562,10,329430
52893,0.025838,74.125.200.0-255,5738,268300,10,329430
52894,0.025845,172.31.36.0-255,66,268366,10,329430
52895,0.028161,74.125.200.0-255,5738,274104,10,329430
52896,0.028167,172.31.36.0-255,66,274170,10,329430
52897,0.030497,74.125.200.0-255,5738,279908,10,329430
52898,0.030505,172.31.36.0-255,66,279974,10,329430
52899,0.032832,74.125.200.0-255,5738,285712,10,329430
52900,0.03284,172.31.36.0-255,66,285778,10,329430
52901,0.033927,172.31.36.0-255,172,285950,10,329430
52902,0.033954,172.31.36.0-255,1113,287063,10,329430
52903,0.033996,172.31.36.0-255,1514,288577,10,329430
52904,0.033998,172.31.36.0-255,1290,289867,10,329430
52905,0.035166,74.125.200.0-255,5738,295605,10,329430
52906,0.035174,172.31.36.0-255,66,295671,10,329430
52907,0.035486,104.244.42.0-255,66,295737,10,329430
52908,0.035494,104.244.42.0-255,66,295803,10,329430
52909,0.035555,104.244.42.0-255,66,295869,10,329430
52910,0.037486,74.125.200.0-255,4320,300189,10,329430
52911,0.037491,172.31.36.0-255,66,300255,10,329430
52912,0.037523,74.125.200.0-255,1484,301739,10,329430
52913,0.039799,74.125.200.0-255,2902,304641,10,329430
52914,0.039804,172.31.36.0-255,66,304707,10,329430
52915,0.039837,74.125.200.0-255,1484,306191,10,329430
52916,0.042118,74.125.200.0-255,4320,310511,10,329430
52917,0.042123,172.31.36.0-255,66,310577,10,329430
52918,0.044434,74.125.200.0-255,5738,316315,10,329430
52919,0.04444,172.31.36.0-255,66,316381,10,329430
52920,0.046754,74.125.200.0-255,5738,322119,10,329430
52921,0.04676,172.31.36.0-255,66,322185,10,329430
52922,0.049079,74.125.200.0-255,2902,325087,10,329430
52923,0.049085,172.31.36.0-255,66,325153,10,329430
52924,0.049111,74.125.200.0-255,2902,328055,10,329430
52925,0.049114,172.31.36.0-255,66,328121,10,329430
52926,0.051382,74.125.200.0-255,1072,329193,10,329430
52927,0.051528,172.31.36.0-255,66,329259,10,329430
52928,0.051556,172.31.36.0-255,105,329364,10,329430
52929,0.053836,74.125.200.0-255,66,329430,10,329430
52930,0.0,74.125.24.0-255,153,153,10,285758
52931,3.5e-05,172.31.36.0-255,66,219,10,285758
52932,4.2e-05,74.125.24.0-255,1484,1703,10,285758
52933,4.6e-05,172.31.36.0-255,66,1769,10,285758
52934,5.1e-05,74.125.24.0-255,2902,4671,10,285758
52935,6.1e-05,172.31.36.0-255,66,4737,10,285758
52936,6.9e-05,74.125.24.0-255,7156,11893,10,285758
52937,7.2e-05,172.31.36.0-255,66,11959,10,285758
52938,7.6e-05,74.125.24.0-255,2038,13997,10,285758
52939,7.8e-05,172.31.36.0-255,66,14063,10,285758
52940,0.000557,74.125.24.0-255,1484,15547,10,285758
52941,0.000562,172.31.36.0-255,66,15613,10,285758
52942,0.000572,74.125.24.0-255,2902,18515,10,285758
52943,0.000575,172.31.36.0-255,66,18581,10,285758
52944,0.000589,74.125.24.0-255,5738,24319,10,285758
52945,0.000592,172.31.36.0-255,66,24385,10,285758
52946,0.00063,74.125.24.0-255,6797,31182,10,285758
52947,0.000635,172.31.36.0-255,66,31248,10,285758
52948,0.001464,74.125.24.0-255,1484,32732,10,285758
52949,0.00147,172.31.36.0-255,66,32798,10,285758
52950,0.001477,74.125.24.0-255,2902,35700,10,285758
52951,0.001479,172.31.36.0-255,66,35766,10,285758
52952,0.001507,74.125.24.0-255,5738,41504,10,285758
52953,0.00151,172.31.36.0-255,66,41570,10,285758
52954,0.001512,74.125.24.0-255,1484,43054,10,285758
52955,0.001514,172.31.36.0-255,66,43120,10,285758
52956,0.001546,74.125.24.0-255,5379,48499,10,285758
52957,0.001549,172.31.36.0-255,66,48565,10,285758
52958,0.001556,74.125.24.0-255,7156,55721,10,285758
52959,0.001558,172.31.36.0-255,66,55787,10,285758
52960,0.001593,74.125.24.0-255,4320,60107,10,285758
52961,0.001595,172.31.36.0-255,66,60173,10,285758
52962,0.001623,74.125.24.0-255,5379,65552,10,285758
52963,0.001626,172.31.36.0-255,66,65618,10,285758
52964,0.003845,74.125.24.0-255,648,66266,10,285758
52965,0.003876,172.31.36.0-255,66,66332,10,285758
52966,0.003887,74.125.24.0-255,1484,67816,10,285758
52967,0.003895,74.125.24.0-255,1484,69300,10,285758
52968,0.003897,172.31.36.0-255,66,69366,10,285758
52969,0.003919,74.125.24.0-255,1484,70850,10,285758
52970,0.006132,74.125.24.0-255,4320,75170,10,285758
52971,0.006139,172.31.36.0-255,66,75236,10,285758
52972,0.008397,74.125.24.0-255,5738,80974,10,285758
52973,0.008406,172.31.36.0-255,66,81040,10,285758
52974,0.010673,74.125.24.0-255,5738,86778,10,285758
52975,0.010682,172.31.36.0-255,66,86844,10,285758
52976,0.012947,74.125.24.0-255,5738,92582,10,285758
52977,0.012958,172.31.36.0-255,66,92648,10,285758
52978,0.015199,74.125.24.0-255,5738,98386,10,285758
52979,0.015208,172.31.36.0-255,66,98452,10,285758
52980,0.017448,74.125.24.0-255,4320,102772,10,285758
52981,0.017455,172.31.36.0-255,66,102838,10,285758
52982,0.017483,74.125.24.0-255,1484,104322,10,285758
52983,0.019701,74.125.24.0-255,4320,108642,10,285758
52984,0.019709,172.31.36.0-255,66,108708,10,285758
52985,0.021953,74.125.24.0-255,5738,114446,10,285758
52986,0.021963,172.31.36.0-255,66,114512,10,285758
52987,0.023394,172.31.36.0-255,167,114679,10,285758
52988,0.023428,172.31.36.0-255,1111,115790,10,285758
52989,0.023488,172.31.36.0-255,1514,117304,10,285758
52990,0.02349,172.31.36.0-255,1292,118596,10,285758
52991,0.024208,74.125.24.0-255,5738,124334,10,285758
52992,0.024216,172.31.36.0-255,66,124400,10,285758
52993,0.024972,104.244.42.0-255,66,124466,10,285758
52994,0.025001,104.244.42.0-255,66,124532,10,285758
52995,0.025044,104.244.42.0-255,66,124598,10,285758
52996,0.026508,74.125.24.0-255,5738,130336,10,285758
52997,0.026514,172.31.36.0-255,66,130402,10,285758
52998,0.028771,74.125.24.0-255,5738,136140,10,285758
52999,0.028778,172.31.36.0-255,66,136206,10,285758
53000,0.031055,74.125.24.0-255,5738,141944,10,285758
53001,0.031061,172.31.36.0-255,66,142010,10,285758
53002,0.033309,74.125.24.0-255,5738,147748,10,285758
53003,0.033315,172.31.36.0-255,66,147814,10,285758
53004,0.035569,74.125.24.0-255,5738,153552,10,285758
53005,0.035574,172.31.36.0-255,66,153618,10,285758
53006,0.037823,74.125.24.0-255,5738,159356,10,285758
53007,0.037829,172.31.36.0-255,66,159422,10,285758
53008,0.0401,74.125.24.0-255,5738,165160,10,285758
53009,0.040108,172.31.36.0-255,66,165226,10,285758
53010,0.042378,74.125.24.0-255,5738,170964,10,285758
53011,0.042385,172.31.36.0-255,66,171030,10,285758
53012,0.044659,74.125.24.0-255,5738,176768,10,285758
53013,0.044666,172.31.36.0-255,66,176834,10,285758
53014,0.046942,74.125.24.0-255,5738,182572,10,285758
53015,0.04695,172.31.36.0-255,66,182638,10,285758
53016,0.049206,74.125.24.0-255,5738,188376,10,285758
53017,0.049213,172.31.36.0-255,66,188442,10,285758
53018,0.051458,74.125.24.0-255,5738,194180,10,285758
53019,0.051466,172.31.36.0-255,66,194246,10,285758
53020,0.053752,74.125.24.0-255,5738,199984,10,285758
53021,0.053758,172.31.36.0-255,66,200050,10,285758
53022,0.056006,74.125.24.0-255,5738,205788,10,285758
53023,0.056012,172.31.36.0-255,66,205854,10,285758
53024,0.058267,74.125.24.0-255,5738,211592,10,285758
53025,0.058278,172.31.36.0-255,66,211658,10,285758
53026,0.060522,74.125.24.0-255,5738,217396,10,285758
53027,0.06053,172.31.36.0-255,66,217462,10,285758
53028,0.062797,74.125.24.0-255,5738,223200,10,285758
53029,0.062804,172.31.36.0-255,66,223266,10,285758
53030,0.065055,74.125.24.0-255,5738,229004,10,285758
53031,0.065062,172.31.36.0-255,66,229070,10,285758
53032,0.06731,74.125.24.0-255,5738,234808,10,285758
53033,0.067316,172.31.36.0-255,66,234874,10,285758
53034,0.069598,74.125.24.0-255,5738,240612,10,285758
53035,0.069605,172.31.36.0-255,66,240678,10,285758
53036,0.071849,74.125.24.0-255,5738,246416,10,285758
53037,0.071856,172.31.36.0-255,66,246482,10,285758
53038,0.074168,74.125.24.0-255,5738,252220,10,285758
53039,0.074175,172.31.36.0-255,66,252286,10,285758
53040,0.076441,74.125.24.0-255,5738,258024,10,285758
53041,0.076449,172.31.36.0-255,66,258090,10,285758
53042,0.078724,74.125.24.0-255,5738,263828,10,285758
53043,0.078729,172.31.36.0-255,66,263894,10,285758
53044,0.080995,74.125.24.0-255,5738,269632,10,285758
53045,0.081002,172.31.36.0-255,66,269698,10,285758
53046,0.083278,74.125.24.0-255,4320,274018,10,285758
53047,0.083284,172.31.36.0-255,66,274084,10,285758
53048,0.083307,74.125.24.0-255,1484,275568,10,285758
53049,0.085528,74.125.24.0-255,4320,279888,10,285758
53050,0.085536,172.31.36.0-255,66,279954,10,285758
53051,0.087765,74.125.24.0-255,5738,285692,10,285758
53052,0.087771,172.31.36.0-255,66,285758,10,285758
53053,0.0,172.217.194.0-255,298,298,10,330039
53054,1.6e-05,172.31.36.0-255,66,364,10,330039
53055,2.4e-05,172.217.194.0-255,1484,1848,10,330039
53056,2.8e-05,172.31.36.0-255,66,1914,10,330039
53057,4.3e-05,172.217.194.0-255,4320,6234,10,330039
53058,4.7e-05,172.31.36.0-255,66,6300,10,330039
53059,5.9e-05,172.31.36.0-255,66,6366,10,330039
53060,0.000191,172.217.194.0-255,1484,7850,10,330039
53061,0.000195,172.31.36.0-255,66,7916,10,330039
53062,0.000202,172.217.194.0-255,2902,10818,10,330039
53063,0.000222,172.31.36.0-255,66,10884,10,330039
53064,0.000229,172.217.194.0-255,5738,16622,10,330039
53065,0.000232,172.31.36.0-255,66,16688,10,330039
53066,0.00027,172.217.194.0-255,6797,23485,10,330039
53067,0.000273,172.31.36.0-255,66,23551,10,330039
53068,0.000315,172.217.194.0-255,1484,25035,10,330039
53069,0.000318,172.31.36.0-255,66,25101,10,330039
53070,0.000323,172.217.194.0-255,2902,28003,10,330039
53071,0.000325,172.31.36.0-255,66,28069,10,330039
53072,0.000329,172.217.194.0-255,2902,30971,10,330039
53073,0.000336,172.31.36.0-255,66,31037,10,330039
53074,0.000349,172.217.194.0-255,2902,33939,10,330039
53075,0.000351,172.31.36.0-255,66,34005,10,330039
53076,0.00036,172.217.194.0-255,2902,36907,10,330039
53077,0.000362,172.31.36.0-255,66,36973,10,330039
53078,0.000365,172.217.194.0-255,1484,38457,10,330039
53079,0.000367,172.31.36.0-255,66,38523,10,330039
53080,0.000398,172.31.36.0-255,66,38589,10,330039
53081,0.000416,172.31.36.0-255,66,38655,10,330039
53082,0.000419,172.217.194.0-255,115,38770,10,330039
53083,0.000547,172.217.194.0-255,387,39157,10,330039
53084,0.000851,172.217.194.0-255,1484,40641,10,330039
53085,0.000856,172.31.36.0-255,66,40707,10,330039
53086,0.000862,172.217.194.0-255,2902,43609,10,330039
53087,0.000864,172.31.36.0-255,66,43675,10,330039
53088,0.000869,172.217.194.0-255,2902,46577,10,330039
53089,0.000876,172.31.36.0-255,66,46643,10,330039
53090,0.000909,172.217.194.0-255,2902,49545,10,330039
53091,0.000912,172.31.36.0-255,66,49611,10,330039
53092,0.00093,172.31.36.0-255,66,49677,10,330039
53093,0.000934,172.217.194.0-255,1484,51161,10,330039
53094,0.000966,172.31.36.0-255,66,51227,10,330039
53095,0.00179,172.217.194.0-255,1484,52711,10,330039
53096,0.0018,172.217.194.0-255,2902,55613,10,330039
53097,0.001805,172.31.36.0-255,66,55679,10,330039
53098,0.001812,172.217.194.0-255,5738,61417,10,330039
53099,0.001815,172.31.36.0-255,66,61483,10,330039
53100,0.001828,172.217.194.0-255,7156,68639,10,330039
53101,0.001831,172.31.36.0-255,66,68705,10,330039
53102,0.001883,172.31.36.0-255,66,68771,10,330039
53103,0.001888,172.217.194.0-255,2184,70955,10,330039
53104,0.00189,172.31.36.0-255,66,71021,10,330039
53105,0.001973,172.217.194.0-255,1484,72505,10,330039
53106,0.001979,172.217.194.0-255,2902,75407,10,330039
53107,0.001982,172.31.36.0-255,66,75473,10,330039
53108,0.001989,172.217.194.0-255,5738,81211,10,330039
53109,0.001991,172.31.36.0-255,66,81277,10,330039
53110,0.002013,172.217.194.0-255,4320,85597,10,330039
53111,0.002015,172.31.36.0-255,66,85663,10,330039
53112,0.002051,172.31.36.0-255,66,85729,10,330039
53113,0.002068,172.31.36.0-255,66,85795,10,330039
53114,0.002072,172.217.194.0-255,2184,87979,10,330039
53115,0.002075,172.31.36.0-255,66,88045,10,330039
53116,0.002154,172.217.194.0-255,1484,89529,10,330039
53117,0.002158,172.217.194.0-255,1484,91013,10,330039
53118,0.002161,172.31.36.0-255,66,91079,10,330039
53119,0.002185,172.217.194.0-255,1484,92563,10,330039
53120,0.002192,172.217.194.0-255,5738,98301,10,330039
53121,0.002194,172.31.36.0-255,66,98367,10,330039
53122,0.002219,172.217.194.0-255,1484,99851,10,330039
53123,0.002249,172.31.36.0-255,66,99917,10,330039
53124,0.002272,172.217.194.0-255,1484,101401,10,330039
53125,0.002288,172.217.194.0-255,7156,108557,10,330039
53126,0.002291,172.31.36.0-255,66,108623,10,330039
53127,0.002318,172.217.194.0-255,2184,110807,10,330039
53128,0.00232,172.31.36.0-255,66,110873,10,330039
53129,0.004563,172.217.194.0-255,2902,113775,10,330039
53130,0.004577,172.31.36.0-255,66,113841,10,330039
53131,0.004602,172.217.194.0-255,2902,116743,10,330039
53132,0.004605,172.31.36.0-255,66,116809,10,330039
53133,0.006933,172.217.194.0-255,5738,122547,10,330039
53134,0.00694,172.31.36.0-255,66,122613,10,330039
53135,0.009285,172.217.194.0-255,5738,128351,10,330039
53136,0.009292,172.31.36.0-255,66,128417,10,330039
53137,0.011588,172.217.194.0-255,5738,134155,10,330039
53138,0.011597,172.31.36.0-255,66,134221,10,330039
53139,0.013913,172.217.194.0-255,5738,139959,10,330039
53140,0.013921,172.31.36.0-255,66,140025,10,330039
53141,0.016239,172.217.194.0-255,5738,145763,10,330039
53142,0.01625,172.31.36.0-255,66,145829,10,330039
53143,0.018553,172.217.194.0-255,5738,151567,10,330039
53144,0.018563,172.31.36.0-255,66,151633,10,330039
53145,0.020901,172.217.194.0-255,5738,157371,10,330039
53146,0.02091,172.31.36.0-255,66,157437,10,330039
53147,0.023227,172.217.194.0-255,5738,163175,10,330039
53148,0.023235,172.31.36.0-255,66,163241,10,330039
53149,0.025508,172.217.194.0-255,5738,168979,10,330039
53150,0.025516,172.31.36.0-255,66,169045,10,330039
53151,0.027795,172.217.194.0-255,5738,174783,10,330039
53152,0.027804,172.31.36.0-255,66,174849,10,330039
53153,0.02967,172.31.36.0-255,171,175020,10,330039
53154,0.029702,172.31.36.0-255,1135,176155,10,330039
53155,0.029761,172.31.36.0-255,1514,177669,10,330039
53156,0.029763,172.31.36.0-255,1268,178937,10,330039
53157,0.030123,172.217.194.0-255,5738,184675,10,330039
53158,0.030131,172.31.36.0-255,66,184741,10,330039
53159,0.031235,104.244.42.0-255,66,184807,10,330039
53160,0.031271,104.244.42.0-255,66,184873,10,330039
53161,0.031315,104.244.42.0-255,66,184939,10,330039
53162,0.032448,172.217.194.0-255,5738,190677,10,330039
53163,0.032455,172.31.36.0-255,66,190743,10,330039
53164,0.034747,172.217.194.0-255,5738,196481,10,330039
53165,0.034754,172.31.36.0-255,66,196547,10,330039
53166,0.037045,172.217.194.0-255,5738,202285,10,330039
53167,0.037052,172.31.36.0-255,66,202351,10,330039
53168,0.039387,172.217.194.0-255,5738,208089,10,330039
53169,0.039394,172.31.36.0-255,66,208155,10,330039
53170,0.041731,172.217.194.0-255,5738,213893,10,330039
53171,0.04174,172.31.36.0-255,66,213959,10,330039
53172,0.044031,172.217.194.0-255,5738,219697,10,330039
53173,0.044037,172.31.36.0-255,66,219763,10,330039
53174,0.046318,172.217.194.0-255,5738,225501,10,330039
53175,0.046325,172.31.36.0-255,66,225567,10,330039
53176,0.048629,172.217.194.0-255,5738,231305,10,330039
53177,0.048635,172.31.36.0-255,66,231371,10,330039
53178,0.050924,172.217.194.0-255,5738,237109,10,330039
53179,0.050929,172.31.36.0-255,66,237175,10,330039
53180,0.053223,172.217.194.0-255,5738,242913,10,330039
53181,0.05323,172.31.36.0-255,66,242979,10,330039
53182,0.055514,172.217.194.0-255,5738,248717,10,330039
53183,0.055521,172.31.36.0-255,66,248783,10,330039
53184,0.057875,172.217.194.0-255,5738,254521,10,330039
53185,0.057883,172.31.36.0-255,66,254587,10,330039
53186,0.060163,172.217.194.0-255,5738,260325,10,330039
53187,0.06017,172.31.36.0-255,66,260391,10,330039
53188,0.062449,172.217.194.0-255,5738,266129,10,330039
53189,0.062456,172.31.36.0-255,66,266195,10,330039
53190,0.064747,172.217.194.0-255,5738,271933,10,330039
53191,0.064754,172.31.36.0-255,66,271999,10,330039
53192,0.067072,172.217.194.0-255,5738,277737,10,330039
53193,0.067078,172.31.36.0-255,66,277803,10,330039
53194,0.069397,172.217.194.0-255,5738,283541,10,330039
53195,0.069403,172.31.36.0-255,66,283607,10,330039
53196,0.071786,172.217.194.0-255,5738,289345,10,330039
53197,0.071793,172.31.36.0-255,66,289411,10,330039
53198,0.074108,172.217.194.0-255,5738,295149,10,330039
53199,0.074115,172.31.36.0-255,66,295215,10,330039
53200,0.07643,172.217.194.0-255,5738,300953,10,330039
53201,0.076437,172.31.36.0-255,66,301019,10,330039
53202,0.078751,172.217.194.0-255,5738,306757,10,330039
53203,0.078758,172.31.36.0-255,66,306823,10,330039
53204,0.081093,172.217.194.0-255,5738,312561,10,330039
53205,0.0811,172.31.36.0-255,66,312627,10,330039
53206,0.083422,172.217.194.0-255,5738,318365,10,330039
53207,0.083429,172.31.36.0-255,66,318431,10,330039
53208,0.085725,172.217.194.0-255,5738,324169,10,330039
53209,0.085732,172.31.36.0-255,66,324235,10,330039
53210,0.088025,172.217.194.0-255,5738,329973,10,330039
53211,0.088031,172.31.36.0-255,66,330039,10,330039
53212,0.0,74.125.24.0-255,146,146,10,296305
53213,2.4e-05,172.31.36.0-255,66,212,10,296305
53214,3.1e-05,74.125.24.0-255,1484,1696,10,296305
53215,3.6e-05,172.31.36.0-255,66,1762,10,296305
53216,5.3e-05,74.125.24.0-255,2902,4664,10,296305
53217,5.7e-05,172.31.36.0-255,66,4730,10,296305
53218,6.4e-05,74.125.24.0-255,7156,11886,10,296305
53219,6.8e-05,172.31.36.0-255,66,11952,10,296305
53220,0.000113,172.31.36.0-255,66,12018,10,296305
53221,0.000118,74.125.24.0-255,4320,16338,10,296305
53222,0.000121,172.31.36.0-255,66,16404,10,296305
53223,0.000164,74.125.24.0-255,2543,18947,10,296305
53224,0.000167,172.31.36.0-255,66,19013,10,296305
53225,0.00027,74.125.24.0-255,1484,20497,10,296305
53226,0.000275,172.31.36.0-255,66,20563,10,296305
53227,0.000281,74.125.24.0-255,2902,23465,10,296305
53228,0.000283,172.31.36.0-255,66,23531,10,296305
53229,0.000287,74.125.24.0-255,1484,25015,10,296305
53230,0.000289,172.31.36.0-255,66,25081,10,296305
53231,0.000321,74.125.24.0-255,4320,29401,10,296305
53232,0.000324,172.31.36.0-255,66,29467,10,296305
53233,0.000329,74.125.24.0-255,4320,33787,10,296305
53234,0.000332,172.31.36.0-255,66,33853,10,296305
53235,0.000348,74.125.24.0-255,5738,39591,10,296305
53236,0.000351,172.31.36.0-255,66,39657,10,296305
53237,0.000389,74.125.24.0-255,6797,46454,10,296305
53238,0.000392,172.31.36.0-255,66,46520,10,296305
53239,0.000398,74.125.24.0-255,5738,52258,10,296305
53240,0.0004,172.31.36.0-255,66,52324,10,296305
53241,0.000409,74.125.24.0-255,1482,53806,10,296305
53242,0.000412,172.31.36.0-255,66,53872,10,296305
53243,0.000442,74.125.24.0-255,331,54203,10,296305
53244,0.000445,172.31.36.0-255,66,54269,10,296305
53245,0.00066,74.125.24.0-255,1484,55753,10,296305
53246,0.000665,172.31.36.0-255,66,55819,10,296305
53247,0.000671,74.125.24.0-255,2902,58721,10,296305
53248,0.000674,172.31.36.0-255,66,58787,10,296305
53249,0.000685,74.125.24.0-255,5738,64525,10,296305
53250,0.000688,172.31.36.0-255,66,64591,10,296305
53251,0.000692,74.125.24.0-255,2902,67493,10,296305
53252,0.000694,172.31.36.0-255,66,67559,10,296305
53253,0.000744,74.125.24.0-255,5738,73297,10,296305
53254,0.000781,172.31.36.0-255,66,73363,10,296305
53255,0.0008,74.125.24.0-255,5020,78383,10,296305
53256,0.000807,172.31.36.0-255,66,78449,10,296305
53257,0.001061,74.125.24.0-255,1484,79933,10,296305
53258,0.001081,74.125.24.0-255,2902,82835,10,296305
53259,0.0011,74.125.24.0-255,4320,87155,10,296305
53260,0.001103,172.31.36.0-255,66,87221,10,296305
53261,0.001109,172.31.36.0-255,66,87287,10,296305
53262,0.001133,74.125.24.0-255,1484,88771,10,296305
53263,0.00114,74.125.24.0-255,5738,94509,10,296305
53264,0.001152,172.31.36.0-255,66,94575,10,296305
53265,0.001175,74.125.24.0-255,7156,101731,10,296305
53266,0.001178,74.125.24.0-255,1484,103215,10,296305
53267,0.001217,74.125.24.0-255,2902,106117,10,296305
53268,0.001221,172.31.36.0-255,66,106183,10,296305
53269,0.00124,74.125.24.0-255,6438,112621,10,296305
53270,0.001244,172.31.36.0-255,66,112687,10,296305
53271,0.00127,172.31.36.0-255,66,112753,10,296305
53272,0.001472,74.125.24.0-255,1484,114237,10,296305
53273,0.001488,74.125.24.0-255,2902,117139,10,296305
53274,0.001491,172.31.36.0-255,66,117205,10,296305
53275,0.001521,74.125.24.0-255,5738,122943,10,296305
53276,0.001541,74.125.24.0-255,4320,127263,10,296305
53277,0.001552,74.125.24.0-255,2902,130165,10,296305
53278,0.001561,172.31.36.0-255,66,130231,10,296305
53279,0.001571,74.125.24.0-255,1484,131715,10,296305
53280,0.001594,74.125.24.0-255,2902,134617,10,296305
53281,0.0016,172.31.36.0-255,66,134683,10,296305
53282,0.001612,74.125.24.0-255,2902,137585,10,296305
53283,0.001632,74.125.24.0-255,2902,140487,10,296305
53284,0.001647,172.31.36.0-255,66,140553,10,296305
53285,0.001667,74.125.24.0-255,6438,146991,10,296305
53286,0.001685,172.31.36.0-255,66,147057,10,296305
53287,0.002194,74.125.24.0-255,1484,148541,10,296305
53288,0.002216,74.125.24.0-255,2902,151443,10,296305
53289,0.00222,172.31.36.0-255,66,151509,10,296305
53290,0.002224,74.125.24.0-255,1484,152993,10,296305
53291,0.002256,74.125.24.0-255,5738,158731,10,296305
53292,0.002276,74.125.24.0-255,1484,160215,10,296305
53293,0.00228,172.31.36.0-255,66,160281,10,296305
53294,0.002304,74.125.24.0-255,2902,163183,10,296305
53295,0.00231,172.31.36.0-255,66,163249,10,296305
53296,0.002332,74.125.24.0-255,1484,164733,10,296305
53297,0.002353,74.125.24.0-255,2902,167635,10,296305
53298,0.002356,74.125.24.0-255,1484,169119,10,296305
53299,0.002358,74.125.24.0-255,766,169885,10,296305
53300,0.002382,172.31.36.0-255,66,169951,10,296305
53301,0.00262,74.125.24.0-255,1484,171435,10,296305
53302,0.002643,74.125.24.0-255,2902,174337,10,296305
53303,0.002647,172.31.36.0-255,66,174403,10,296305
53304,0.002654,74.125.24.0-255,4320,178723,10,296305
53305,0.002679,74.125.24.0-255,1484,180207,10,296305
53306,0.002694,74.125.24.0-255,1484,181691,10,296305
53307,0.002705,74.125.24.0-255,1484,183175,10,296305
53308,0.002708,172.31.36.0-255,66,183241,10,296305
53309,0.002743,74.125.24.0-255,4320,187561,10,296305
53310,0.002756,172.31.36.0-255,66,187627,10,296305
53311,0.002783,74.125.24.0-255,3602,191229,10,296305
53312,0.002787,74.125.24.0-255,1484,192713,10,296305
53313,0.002806,74.125.24.0-255,2902,195615,10,296305
53314,0.002811,172.31.36.0-255,66,195681,10,296305
53315,0.002843,74.125.24.0-255,7156,202837,10,296305
53316,0.002858,172.31.36.0-255,66,202903,10,296305
53317,0.002933,74.125.24.0-255,4320,207223,10,296305
53318,0.00296,74.125.24.0-255,4320,211543,10,296305
53319,0.003023,74.125.24.0-255,766,212309,10,296305
53320,0.003052,74.125.24.0-255,5738,218047,10,296305
53321,0.003073,74.125.24.0-255,7156,225203,10,296305
53322,0.003087,74.125.24.0-255,2902,228105,10,296305
53323,0.003115,74.125.24.0-255,4320,232425,10,296305
53324,0.003119,74.125.24.0-255,2184,234609,10,296305
53325,0.003154,74.125.24.0-255,2902,237511,10,296305
53326,0.003177,74.125.24.0-255,4320,241831,10,296305
53327,0.003193,74.125.24.0-255,5738,247569,10,296305
53328,0.003205,74.125.24.0-255,2902,250471,10,296305
53329,0.003212,74.125.24.0-255,7156,257627,10,296305
53330,0.003215,74.125.24.0-255,1484,259111,10,296305
53331,0.003232,74.125.24.0-255,4320,263431,10,296305
53332,0.003262,74.125.24.0-255,5020,268451,10,296305
53333,0.00328,74.125.24.0-255,5738,274189,10,296305
53334,0.003306,74.125.24.0-255,4320,278509,10,296305
53335,0.003345,74.125.24.0-255,5738,284247,10,296305
53336,0.003376,74.125.24.0-255,7156,291403,10,296305
53337,0.003406,74.125.24.0-255,97,291500,10,296305
53338,0.00346,74.125.24.0-255,105,291605,10,296305
53339,0.009079,172.31.36.0-255,66,291671,10,296305
53340,0.011282,172.31.36.0-255,105,291776,10,296305
53341,0.01327,74.125.24.0-255,66,291842,10,296305
53342,0.04094,172.31.36.0-255,172,292014,10,296305
53343,0.040979,172.31.36.0-255,1111,293125,10,296305
53344,0.041048,172.31.36.0-255,1514,294639,10,296305
53345,0.04105,172.31.36.0-255,1294,295933,10,296305
53346,0.042516,104.244.42.0-255,66,295999,10,296305
53347,0.042556,104.244.42.0-255,66,296065,10,296305
53348,0.042619,104.244.42.0-255,66,296131,10,296305
53349,0.043158,104.244.42.0-255,108,296239,10,296305
53350,0.043166,172.31.36.0-255,66,296305,10,296305
53351,0.0,74.125.68.0-255,315,315,10,357853
53352,2.4e-05,172.31.36.0-255,66,381,10,357853
53353,3e-05,74.125.68.0-255,1484,1865,10,357853
53354,3.4e-05,172.31.36.0-255,66,1931,10,357853
53355,4.1e-05,74.125.68.0-255,4320,6251,10,357853
53356,4.5e-05,172.31.36.0-255,66,6317,10,357853
53357,4.9e-05,74.125.68.0-255,2902,9219,10,357853
53358,5.2e-05,172.31.36.0-255,66,9285,10,357853
53359,8.2e-05,74.125.68.0-255,2902,12187,10,357853
53360,8.5e-05,172.31.36.0-255,66,12253,10,357853
53361,0.000118,74.125.68.0-255,1849,14102,10,357853
53362,0.000121,172.31.36.0-255,66,14168,10,357853
53363,0.000171,74.125.68.0-255,1484,15652,10,357853
53364,0.000174,172.31.36.0-255,66,15718,10,357853
53365,0.000178,74.125.68.0-255,1484,17202,10,357853
53366,0.000179,172.31.36.0-255,66,17268,10,357853
53367,0.000195,74.125.68.0-255,1484,18752,10,357853
53368,0.000198,172.31.36.0-255,66,18818,10,357853
53369,0.000203,74.125.68.0-255,2902,21720,10,357853
53370,0.000205,172.31.36.0-255,66,21786,10,357853
53371,0.000243,74.125.68.0-255,2902,24688,10,357853
53372,0.000246,172.31.36.0-255,66,24754,10,357853
53373,0.000272,74.125.68.0-255,4320,29074,10,357853
53374,0.000276,172.31.36.0-255,66,29140,10,357853
53375,0.000296,74.125.68.0-255,2543,31683,10,357853
53376,0.000298,172.31.36.0-255,66,31749,10,357853
53377,0.000352,74.125.68.0-255,7156,38905,10,357853
53378,0.000355,172.31.36.0-255,66,38971,10,357853
53379,0.00043,74.125.68.0-255,1484,40455,10,357853
53380,0.000434,172.31.36.0-255,66,40521,10,357853
53381,0.000465,172.31.36.0-255,66,40587,10,357853
53382,0.000538,74.125.68.0-255,2902,43489,10,357853
53383,0.000571,74.125.68.0-255,4320,47809,10,357853
53384,0.000626,74.125.68.0-255,5738,53547,10,357853
53385,0.000639,74.125.68.0-255,2902,56449,10,357853
53386,0.000711,74.125.68.0-255,1459,57908,10,357853
53387,0.000727,74.125.68.0-255,1484,59392,10,357853
53388,0.000741,74.125.68.0-255,4320,63712,10,357853
53389,0.00088,74.125.68.0-255,3961,67673,10,357853
53390,0.000927,74.125.68.0-255,5738,73411,10,357853
53391,0.000997,74.125.68.0-255,5738,79149,10,357853
53392,0.001019,74.125.68.0-255,5379,84528,10,357853
53393,0.001543,74.125.68.0-255,1484,86012,10,357853
53394,0.001559,74.125.68.0-255,2902,88914,10,357853
53395,0.001576,74.125.68.0-255,5738,94652,10,357853
53396,0.001661,74.125.68.0-255,4320,98972,10,357853
53397,0.001897,74.125.68.0-255,1484,100456,10,357853
53398,0.001919,74.125.68.0-255,2902,103358,10,357853
53399,0.00195,74.125.68.0-255,5738,109096,10,357853
53400,0.001958,172.31.36.0-255,66,109162,10,357853
53401,0.002015,74.125.68.0-255,1484,110646,10,357853
53402,0.002034,74.125.68.0-255,4320,114966,10,357853
53403,0.002039,172.31.36.0-255,66,115032,10,357853
53404,0.002081,74.125.68.0-255,4320,119352,10,357853
53405,0.002112,172.31.36.0-255,66,119418,10,357853
53406,0.002232,74.125.68.0-255,2902,122320,10,357853
53407,0.002239,172.31.36.0-255,66,122386,10,357853
53408,0.002268,74.125.68.0-255,2184,124570,10,357853
53409,0.002287,172.31.36.0-255,66,124636,10,357853
53410,0.004314,74.125.68.0-255,2902,127538,10,357853
53411,0.004321,172.31.36.0-255,66,127604,10,357853
53412,0.004345,74.125.68.0-255,1484,129088,10,357853
53413,0.004357,74.125.68.0-255,1484,130572,10,357853
53414,0.006394,74.125.68.0-255,2902,133474,10,357853
53415,0.008962,172.31.36.0-255,66,133540,10,357853
53416,0.011056,74.125.68.0-255,5738,139278,10,357853
53417,0.011064,172.31.36.0-255,66,139344,10,357853
53418,0.013152,74.125.68.0-255,5738,145082,10,357853
53419,0.013302,172.31.36.0-255,66,145148,10,357853
53420,0.015409,74.125.68.0-255,5738,150886,10,357853
53421,0.015417,172.31.36.0-255,66,150952,10,357853
53422,0.017507,74.125.68.0-255,5738,156690,10,357853
53423,0.017518,172.31.36.0-255,66,156756,10,357853
53424,0.019607,74.125.68.0-255,5738,162494,10,357853
53425,0.019614,172.31.36.0-255,66,162560,10,357853
53426,0.021717,74.125.68.0-255,5738,168298,10,357853
53427,0.022439,172.31.36.0-255,66,168364,10,357853
53428,0.024519,74.125.68.0-255,5738,174102,10,357853
53429,0.024527,172.31.36.0-255,66,174168,10,357853
53430,0.026611,74.125.68.0-255,5738,179906,10,357853
53431,0.026619,172.31.36.0-255,66,179972,10,357853
53432,0.02871,74.125.68.0-255,5738,185710,10,357853
53433,0.028718,172.31.36.0-255,66,185776,10,357853
53434,0.030354,172.31.36.0-255,172,185948,10,357853
53435,0.030388,172.31.36.0-255,1110,187058,10,357853
53436,0.030453,172.31.36.0-255,1514,188572,10,357853
53437,0.030455,172.31.36.0-255,1293,189865,10,357853
53438,0.03081,74.125.68.0-255,5738,195603,10,357853
53439,0.030818,172.31.36.0-255,66,195669,10,357853
53440,0.031889,104.244.42.0-255,66,195735,10,357853
53441,0.031916,104.244.42.0-255,66,195801,10,357853
53442,0.032016,104.244.42.0-255,66,195867,10,357853
53443,0.032917,74.125.68.0-255,5738,201605,10,357853
53444,0.032924,172.31.36.0-255,66,201671,10,357853
53445,0.035026,74.125.68.0-255,5738,207409,10,357853
53446,0.035032,172.31.36.0-255,66,207475,10,357853
53447,0.037126,74.125.68.0-255,5738,213213,10,357853
53448,0.037133,172.31.36.0-255,66,213279,10,357853
53449,0.03922,74.125.68.0-255,5738,219017,10,357853
53450,0.039226,172.31.36.0-255,66,219083,10,357853
53451,0.041332,74.125.68.0-255,5738,224821,10,357853
53452,0.041338,172.31.36.0-255,66,224887,10,357853
53453,0.043475,74.125.68.0-255,5738,230625,10,357853
53454,0.043481,172.31.36.0-255,66,230691,10,357853
53455,0.045578,74.125.68.0-255,5738,236429,10,357853
53456,0.045585,172.31.36.0-255,66,236495,10,357853
53457,0.047683,74.125.68.0-255,5738,242233,10,357853
53458,0.047692,172.31.36.0-255,66,242299,10,357853
53459,0.049784,74.125.68.0-255,5738,248037,10,357853
53460,0.049791,172.31.36.0-255,66,248103,10,357853
53461,0.051873,74.125.68.0-255,5738,253841,10,357853
53462,0.051881,172.31.36.0-255,66,253907,10,357853
53463,0.053963,74.125.68.0-255,2902,256809,10,357853
53464,0.053969,172.31.36.0-255,66,256875,10,357853
53465,0.053977,74.125.68.0-255,2902,259777,10,357853
53466,0.055204,172.31.36.0-255,66,259843,10,357853
53467,0.056059,74.125.68.0-255,2902,262745,10,357853
53468,0.056066,172.31.36.0-255,66,262811,10,357853
53469,0.057297,74.125.68.0-255,2902,265713,10,357853
53470,0.057304,172.31.36.0-255,66,265779,10,357853
53471,0.058144,74.125.68.0-255,2902,268681,10,357853
53472,0.05815,172.31.36.0-255,66,268747,10,357853
53473,0.059399,74.125.68.0-255,2902,271649,10,357853
53474,0.059405,172.31.36.0-255,66,271715,10,357853
53475,0.060246,74.125.68.0-255,2902,274617,10,357853
53476,0.060252,172.31.36.0-255,66,274683,10,357853
53477,0.061496,74.125.68.0-255,2902,277585,10,357853
53478,0.061502,172.31.36.0-255,66,277651,10,357853
53479,0.062347,74.125.68.0-255,2902,280553,10,357853
53480,0.062353,172.31.36.0-255,66,280619,10,357853
53481,0.063581,74.125.68.0-255,2902,283521,10,357853
53482,0.063588,172.31.36.0-255,66,283587,10,357853
53483,0.06444,74.125.68.0-255,2902,286489,10,357853
53484,0.064446,172.31.36.0-255,66,286555,10,357853
53485,0.065674,74.125.68.0-255,2902,289457,10,357853
53486,0.06568,172.31.36.0-255,66,289523,10,357853
53487,0.066533,74.125.68.0-255,2902,292425,10,357853
53488,0.06654,172.31.36.0-255,66,292491,10,357853
53489,0.067769,74.125.68.0-255,2902,295393,10,357853
53490,0.067774,172.31.36.0-255,66,295459,10,357853
53491,0.068635,74.125.68.0-255,2902,298361,10,357853
53492,0.068642,172.31.36.0-255,66,298427,10,357853
53493,0.06987,74.125.68.0-255,2902,301329,10,357853
53494,0.069876,172.31.36.0-255,66,301395,10,357853
53495,0.070728,74.125.68.0-255,2902,304297,10,357853
53496,0.070735,172.31.36.0-255,66,304363,10,357853
53497,0.071968,74.125.68.0-255,2902,307265,10,357853
53498,0.071975,172.31.36.0-255,66,307331,10,357853
53499,0.07282,74.125.68.0-255,2902,310233,10,357853
53500,0.072827,172.31.36.0-255,66,310299,10,357853
53501,0.074064,74.125.68.0-255,2902,313201,10,357853
53502,0.07407,172.31.36.0-255,66,313267,10,357853
53503,0.074919,74.125.68.0-255,2902,316169,10,357853
53504,0.074925,172.31.36.0-255,66,316235,10,357853
53505,0.076144,74.125.68.0-255,2902,319137,10,357853
53506,0.07615,172.31.36.0-255,66,319203,10,357853
53507,0.07706,74.125.68.0-255,2902,322105,10,357853
53508,0.077065,172.31.36.0-255,66,322171,10,357853
53509,0.078227,74.125.68.0-255,2902,325073,10,357853
53510,0.078939,172.31.36.0-255,66,325139,10,357853
53511,0.079141,74.125.68.0-255,2902,328041,10,357853
53512,0.079147,172.31.36.0-255,66,328107,10,357853
53513,0.081028,74.125.68.0-255,2902,331009,10,357853
53514,0.081034,172.31.36.0-255,66,331075,10,357853
53515,0.081228,74.125.68.0-255,2902,333977,10,357853
53516,0.081233,172.31.36.0-255,66,334043,10,357853
53517,0.083114,74.125.68.0-255,2902,336945,10,357853
53518,0.083121,172.31.36.0-255,66,337011,10,357853
53519,0.083311,74.125.68.0-255,1484,338495,10,357853
53520,0.083329,74.125.68.0-255,1484,339979,10,357853
53521,0.083333,172.31.36.0-255,66,340045,10,357853
53522,0.085217,74.125.68.0-255,2902,342947,10,357853
53523,0.085224,172.31.36.0-255,66,343013,10,357853
53524,0.085421,74.125.68.0-255,2902,345915,10,357853
53525,0.085427,172.31.36.0-255,66,345981,10,357853
53526,0.087317,74.125.68.0-255,2902,348883,10,357853
53527,0.087324,172.31.36.0-255,66,348949,10,357853
53528,0.087501,74.125.68.0-255,2902,351851,10,357853
53529,0.087507,172.31.36.0-255,66,351917,10,357853
53530,0.089412,74.125.68.0-255,2902,354819,10,357853
53531,0.089418,172.31.36.0-255,66,354885,10,357853
53532,0.08959,74.125.68.0-255,2902,357787,10,357853
53533,0.089595,172.31.36.0-255,66,357853,10,357853
53534,0.0,74.125.24.0-255,152,152,10,371372
53535,2.4e-05,172.31.36.0-255,66,218,10,371372
53536,3.2e-05,74.125.24.0-255,1484,1702,10,371372
53537,3.6e-05,172.31.36.0-255,66,1768,10,371372
53538,4.2e-05,74.125.24.0-255,2902,4670,10,371372
53539,5.2e-05,172.31.36.0-255,66,4736,10,371372
53540,6e-05,74.125.24.0-255,7156,11892,10,371372
53541,6.3e-05,172.31.36.0-255,66,11958,10,371372
53542,7.4e-05,172.31.36.0-255,66,12024,10,371372
53543,8.2e-05,74.125.24.0-255,7156,19180,10,371372
53544,8.5e-05,172.31.36.0-255,66,19246,10,371372
53545,0.000127,74.125.24.0-255,3961,23207,10,371372
53546,0.00013,172.31.36.0-255,66,23273,10,371372
53547,0.00023,74.125.24.0-255,1484,24757,10,371372
53548,0.000233,172.31.36.0-255,66,24823,10,371372
53549,0.000239,74.125.24.0-255,2902,27725,10,371372
53550,0.000242,172.31.36.0-255,66,27791,10,371372
53551,0.00027,74.125.24.0-255,5738,33529,10,371372
53552,0.000273,172.31.36.0-255,66,33595,10,371372
53553,0.000279,74.125.24.0-255,4320,37915,10,371372
53554,0.000281,172.31.36.0-255,66,37981,10,371372
53555,0.000301,74.125.24.0-255,2543,40524,10,371372
53556,0.000308,172.31.36.0-255,66,40590,10,371372
53557,0.000312,74.125.24.0-255,1484,42074,10,371372
53558,0.000313,172.31.36.0-255,66,42140,10,371372
53559,0.000365,172.31.36.0-255,66,42206,10,371372
53560,0.00037,74.125.24.0-255,2818,45024,10,371372
53561,0.000371,172.31.36.0-255,66,45090,10,371372
53562,0.000399,74.125.24.0-255,126,45216,10,371372
53563,0.000401,172.31.36.0-255,66,45282,10,371372
53564,0.000448,74.125.24.0-255,351,45633,10,371372
53565,0.000545,74.125.24.0-255,1484,47117,10,371372
53566,0.000575,74.125.24.0-255,2902,50019,10,371372
53567,0.000589,74.125.24.0-255,1484,51503,10,371372
53568,0.000599,74.125.24.0-255,1484,52987,10,371372
53569,0.000605,74.125.24.0-255,4320,57307,10,371372
53570,0.000622,74.125.24.0-255,2902,60209,10,371372
53571,0.000632,172.31.36.0-255,66,60275,10,371372
53572,0.00065,74.125.24.0-255,2543,62818,10,371372
53573,0.000677,74.125.24.0-255,2902,65720,10,371372
53574,0.000686,172.31.36.0-255,66,65786,10,371372
53575,0.000697,74.125.24.0-255,4320,70106,10,371372
53576,0.000708,74.125.24.0-255,5738,75844,10,371372
53577,0.000713,172.31.36.0-255,66,75910,10,371372
53578,0.00073,74.125.24.0-255,2902,78812,10,371372
53579,0.000732,74.125.24.0-255,1125,79937,10,371372
53580,0.000747,172.31.36.0-255,66,80003,10,371372
53581,0.001554,74.125.24.0-255,1484,81487,10,371372
53582,0.001563,74.125.24.0-255,2902,84389,10,371372
53583,0.001566,172.31.36.0-255,66,84455,10,371372
53584,0.001599,74.125.24.0-255,5738,90193,10,371372
53585,0.00162,74.125.24.0-255,7156,97349,10,371372
53586,0.001637,74.125.24.0-255,2902,100251,10,371372
53587,0.00164,74.125.24.0-255,1484,101735,10,371372
53588,0.001669,74.125.24.0-255,2184,103919,10,371372
53589,0.001734,74.125.24.0-255,1484,105403,10,371372
53590,0.001753,74.125.24.0-255,2902,108305,10,371372
53591,0.00176,74.125.24.0-255,5738,114043,10,371372
53592,0.001796,74.125.24.0-255,7156,121199,10,371372
53593,0.001813,74.125.24.0-255,5738,126937,10,371372
53594,0.001821,74.125.24.0-255,7156,134093,10,371372
53595,0.001873,74.125.24.0-255,3602,137695,10,371372
53596,0.002288,74.125.24.0-255,1484,139179,10,371372
53597,0.002297,74.125.24.0-255,2902,142081,10,371372
53598,0.002314,74.125.24.0-255,2902,144983,10,371372
53599,0.002326,74.125.24.0-255,2902,147885,10,371372
53600,0.002329,74.125.24.0-255,1484,149369,10,371372
53601,0.002334,74.125.24.0-255,4320,153689,10,371372
53602,0.002351,74.125.24.0-255,4320,158009,10,371372
53603,0.005663,172.31.36.0-255,66,158075,10,371372
53604,0.007994,74.125.24.0-255,5738,163813,10,371372
53605,0.007999,172.31.36.0-255,66,163879,10,371372
53606,0.010263,74.125.24.0-255,5738,169617,10,371372
53607,0.010271,172.31.36.0-255,66,169683,10,371372
53608,0.012542,74.125.24.0-255,5738,175421,10,371372
53609,0.012551,172.31.36.0-255,66,175487,10,371372
53610,0.014822,74.125.24.0-255,5738,181225,10,371372
53611,0.014829,172.31.36.0-255,66,181291,10,371372
53612,0.017105,74.125.24.0-255,5738,187029,10,371372
53613,0.017792,172.31.36.0-255,66,187095,10,371372
53614,0.020102,74.125.24.0-255,5738,192833,10,371372
53615,0.020111,172.31.36.0-255,66,192899,10,371372
53616,0.022378,74.125.24.0-255,5738,198637,10,371372
53617,0.022391,172.31.36.0-255,66,198703,10,371372
53618,0.024677,74.125.24.0-255,5738,204441,10,371372
53619,0.024685,172.31.36.0-255,66,204507,10,371372
53620,0.026963,74.125.24.0-255,5738,210245,10,371372
53621,0.026971,172.31.36.0-255,66,210311,10,371372
53622,0.029207,74.125.24.0-255,5738,216049,10,371372
53623,0.029228,172.31.36.0-255,66,216115,10,371372
53624,0.031468,74.125.24.0-255,5738,221853,10,371372
53625,0.031475,172.31.36.0-255,66,221919,10,371372
53626,0.031927,172.31.36.0-255,172,222091,10,371372
53627,0.03196,172.31.36.0-255,1113,223204,10,371372
53628,0.032018,172.31.36.0-255,1514,224718,10,371372
53629,0.032019,172.31.36.0-255,1290,226008,10,371372
53630,0.033477,104.244.42.0-255,66,226074,10,371372
53631,0.03352,104.244.42.0-255,66,226140,10,371372
53632,0.033566,104.244.42.0-255,66,226206,10,371372
53633,0.033746,74.125.24.0-255,5738,231944,10,371372
53634,0.033752,172.31.36.0-255,66,232010,10,371372
53635,0.036033,74.125.24.0-255,5738,237748,10,371372
53636,0.03604,172.31.36.0-255,66,237814,10,371372
53637,0.038314,74.125.24.0-255,5738,243552,10,371372
53638,0.038321,172.31.36.0-255,66,243618,10,371372
53639,0.040587,74.125.24.0-255,5738,249356,10,371372
53640,0.040593,172.31.36.0-255,66,249422,10,371372
53641,0.042892,74.125.24.0-255,5738,255160,10,371372
53642,0.042903,172.31.36.0-255,66,255226,10,371372
53643,0.045196,74.125.24.0-255,5738,260964,10,371372
53644,0.045203,172.31.36.0-255,66,261030,10,371372
53645,0.047445,74.125.24.0-255,5738,266768,10,371372
53646,0.047452,172.31.36.0-255,66,266834,10,371372
53647,0.049751,74.125.24.0-255,5738,272572,10,371372
53648,0.049757,172.31.36.0-255,66,272638,10,371372
53649,0.052059,74.125.24.0-255,5738,278376,10,371372
53650,0.052065,172.31.36.0-255,66,278442,10,371372
53651,0.054304,74.125.24.0-255,5738,284180,10,371372
53652,0.054312,172.31.36.0-255,66,284246,10,371372
53653,0.056594,74.125.24.0-255,5738,289984,10,371372
53654,0.0566,172.31.36.0-255,66,290050,10,371372
53655,0.058908,74.125.24.0-255,5738,295788,10,371372
53656,0.058917,172.31.36.0-255,66,295854,10,371372
53657,0.061233,74.125.24.0-255,5738,301592,10,371372
53658,0.061241,172.31.36.0-255,66,301658,10,371372
53659,0.063515,74.125.24.0-255,5738,307396,10,371372
53660,0.063522,172.31.36.0-255,66,307462,10,371372
53661,0.065821,74.125.24.0-255,5738,313200,10,371372
53662,0.065827,172.31.36.0-255,66,313266,10,371372
53663,0.06808,74.125.24.0-255,2902,316168,10,371372
53664,0.068139,74.125.24.0-255,2902,319070,10,371372
53665,0.068842,172.31.36.0-255,66,319136,10,371372
53666,0.071105,74.125.24.0-255,5738,324874,10,371372
53667,0.071112,172.31.36.0-255,66,324940,10,371372
53668,0.073388,74.125.24.0-255,5738,330678,10,371372
53669,0.073399,172.31.36.0-255,66,330744,10,371372
53670,0.075691,74.125.24.0-255,5738,336482,10,371372
53671,0.075698,172.31.36.0-255,66,336548,10,371372
53672,0.077975,74.125.24.0-255,5738,342286,10,371372
53673,0.077982,172.31.36.0-255,66,342352,10,371372
53674,0.08028,74.125.24.0-255,5738,348090,10,371372
53675,0.080287,172.31.36.0-255,66,348156,10,371372
53676,0.082588,74.125.24.0-255,5738,353894,10,371372
53677,0.082595,172.31.36.0-255,66,353960,10,371372
53678,0.084881,74.125.24.0-255,5738,359698,10,371372
53679,0.084886,172.31.36.0-255,66,359764,10,371372
53680,0.087181,74.125.24.0-255,5738,365502,10,371372
53681,0.087189,172.31.36.0-255,66,365568,10,371372
53682,0.08948,74.125.24.0-255,5738,371306,10,371372
53683,0.089489,172.31.36.0-255,66,371372,10,371372
53684,0.0,74.125.200.0-255,146,146,10,370907
53685,2.3e-05,172.31.36.0-255,66,212,10,370907
53686,4.9e-05,74.125.200.0-255,1484,1696,10,370907
53687,5.4e-05,172.31.36.0-255,66,1762,10,370907
53688,5.8e-05,74.125.200.0-255,1484,3246,10,370907
53689,6.1e-05,172.31.36.0-255,66,3312,10,370907
53690,6.7e-05,74.125.200.0-255,2902,6214,10,370907
53691,7e-05,172.31.36.0-255,66,6280,10,370907
53692,0.00011,74.125.200.0-255,5738,12018,10,370907
53693,0.000115,172.31.36.0-255,66,12084,10,370907
53694,0.00012,74.125.200.0-255,2056,14140,10,370907
53695,0.000121,172.31.36.0-255,66,14206,10,370907
53696,0.000127,74.125.200.0-255,2902,17108,10,370907
53697,0.000129,172.31.36.0-255,66,17174,10,370907
53698,0.000166,74.125.200.0-255,7156,24330,10,370907
53699,0.000169,172.31.36.0-255,66,24396,10,370907
53700,0.000175,74.125.200.0-255,5738,30134,10,370907
53701,0.000177,172.31.36.0-255,66,30200,10,370907
53702,0.000204,74.125.200.0-255,1125,31325,10,370907
53703,0.000207,172.31.36.0-255,66,31391,10,370907
53704,0.000336,74.125.200.0-255,1484,32875,10,370907
53705,0.000341,172.31.36.0-255,66,32941,10,370907
53706,0.000347,74.125.200.0-255,2902,35843,10,370907
53707,0.00035,172.31.36.0-255,66,35909,10,370907
53708,0.000379,74.125.200.0-255,4320,40229,10,370907
53709,0.000383,172.31.36.0-255,66,40295,10,370907
53710,0.000389,74.125.200.0-255,5738,46033,10,370907
53711,0.000391,172.31.36.0-255,66,46099,10,370907
53712,0.000437,172.31.36.0-255,66,46165,10,370907
53713,0.000461,74.125.200.0-255,1125,47290,10,370907
53714,0.000464,172.31.36.0-255,66,47356,10,370907
53715,0.000484,74.125.200.0-255,6797,54153,10,370907
53716,0.000487,172.31.36.0-255,66,54219,10,370907
53717,0.000666,74.125.200.0-255,645,54864,10,370907
53718,0.000671,172.31.36.0-255,66,54930,10,370907
53719,0.000907,74.125.200.0-255,1484,56414,10,370907
53720,0.000912,172.31.36.0-255,66,56480,10,370907
53721,0.000919,74.125.200.0-255,2902,59382,10,370907
53722,0.000921,172.31.36.0-255,66,59448,10,370907
53723,0.000932,74.125.200.0-255,2902,62350,10,370907
53724,0.000934,172.31.36.0-255,66,62416,10,370907
53725,0.00094,74.125.200.0-255,4320,66736,10,370907
53726,0.000943,172.31.36.0-255,66,66802,10,370907
53727,0.000947,74.125.200.0-255,2902,69704,10,370907
53728,0.00095,172.31.36.0-255,66,69770,10,370907
53729,0.000986,74.125.200.0-255,5738,75508,10,370907
53730,0.000989,172.31.36.0-255,66,75574,10,370907
53731,0.001002,172.31.36.0-255,66,75640,10,370907
53732,0.001058,74.125.200.0-255,3602,79242,10,370907
53733,0.001062,172.31.36.0-255,66,79308,10,370907
53734,0.001152,74.125.200.0-255,1484,80792,10,370907
53735,0.001158,172.31.36.0-255,66,80858,10,370907
53736,0.001167,74.125.200.0-255,2902,83760,10,370907
53737,0.001169,172.31.36.0-255,66,83826,10,370907
53738,0.001179,74.125.200.0-255,2902,86728,10,370907
53739,0.001182,172.31.36.0-255,66,86794,10,370907
53740,0.001187,74.125.200.0-255,4320,91114,10,370907
53741,0.001189,172.31.36.0-255,66,91180,10,370907
53742,0.00123,172.31.36.0-255,66,91246,10,370907
53743,0.001238,74.125.200.0-255,7156,98402,10,370907
53744,0.001241,172.31.36.0-255,66,98468,10,370907
53745,0.001274,74.125.200.0-255,2902,101370,10,370907
53746,0.001277,172.31.36.0-255,66,101436,10,370907
53747,0.00131,74.125.200.0-255,3054,104490,10,370907
53748,0.001313,172.31.36.0-255,66,104556,10,370907
53749,0.001393,74.125.200.0-255,1484,106040,10,370907
53750,0.001397,172.31.36.0-255,66,106106,10,370907
53751,0.001423,74.125.200.0-255,2902,109008,10,370907
53752,0.001432,172.31.36.0-255,66,109074,10,370907
53753,0.00145,74.125.200.0-255,2902,111976,10,370907
53754,0.001455,172.31.36.0-255,66,112042,10,370907
53755,0.001456,74.125.200.0-255,2902,114944,10,370907
53756,0.00146,172.31.36.0-255,66,115010,10,370907
53757,0.001482,74.125.200.0-255,1484,116494,10,370907
53758,0.0015,74.125.200.0-255,2902,119396,10,370907
53759,0.001504,172.31.36.0-255,66,119462,10,370907
53760,0.001509,172.31.36.0-255,66,119528,10,370907
53761,0.00156,74.125.200.0-255,4320,123848,10,370907
53762,0.001563,172.31.36.0-255,66,123914,10,370907
53763,0.001594,74.125.200.0-255,6438,130352,10,370907
53764,0.001615,172.31.36.0-255,66,130418,10,370907
53765,0.001752,74.125.200.0-255,1484,131902,10,370907
53766,0.001756,172.31.36.0-255,66,131968,10,370907
53767,0.001762,74.125.200.0-255,1484,133452,10,370907
53768,0.001764,172.31.36.0-255,66,133518,10,370907
53769,0.001806,74.125.200.0-255,1484,135002,10,370907
53770,0.00181,172.31.36.0-255,66,135068,10,370907
53771,0.001812,74.125.200.0-255,5738,140806,10,370907
53772,0.001816,74.125.200.0-255,2902,143708,10,370907
53773,0.001816,172.31.36.0-255,66,143774,10,370907
53774,0.001821,74.125.200.0-255,4320,148094,10,370907
53775,0.001826,74.125.200.0-255,4320,152414,10,370907
53776,0.001829,172.31.36.0-255,66,152480,10,370907
53777,0.001859,74.125.200.0-255,4320,156800,10,370907
53778,0.001864,172.31.36.0-255,66,156866,10,370907
53779,0.001867,74.125.200.0-255,7156,164022,10,370907
53780,0.001887,172.31.36.0-255,66,164088,10,370907
53781,0.001891,74.125.200.0-255,766,164854,10,370907
53782,0.002274,172.31.36.0-255,66,164920,10,370907
53783,0.004204,74.125.200.0-255,4320,169240,10,370907
53784,0.00421,172.31.36.0-255,66,169306,10,370907
53785,0.004574,74.125.200.0-255,1484,170790,10,370907
53786,0.004577,172.31.36.0-255,66,170856,10,370907
53787,0.006518,74.125.200.0-255,1484,172340,10,370907
53788,0.00652,172.31.36.0-255,66,172406,10,370907
53789,0.006547,74.125.200.0-255,2902,175308,10,370907
53790,0.00655,172.31.36.0-255,66,175374,10,370907
53791,0.006872,74.125.200.0-255,1484,176858,10,370907
53792,0.006874,172.31.36.0-255,66,176924,10,370907
53793,0.008828,74.125.200.0-255,1484,178408,10,370907
53794,0.008835,172.31.36.0-255,66,178474,10,370907
53795,0.008863,74.125.200.0-255,2902,181376,10,370907
53796,0.008867,172.31.36.0-255,66,181442,10,370907
53797,0.009187,74.125.200.0-255,1484,182926,10,370907
53798,0.011148,74.125.200.0-255,1484,184410,10,370907
53799,0.011155,172.31.36.0-255,66,184476,10,370907
53800,0.01119,74.125.200.0-255,2902,187378,10,370907
53801,0.011194,172.31.36.0-255,66,187444,10,370907
53802,0.013493,74.125.200.0-255,2902,190346,10,370907
53803,0.0135,172.31.36.0-255,66,190412,10,370907
53804,0.01353,74.125.200.0-255,2902,193314,10,370907
53805,0.013534,172.31.36.0-255,66,193380,10,370907
53806,0.015821,74.125.200.0-255,2902,196282,10,370907
53807,0.015829,172.31.36.0-255,66,196348,10,370907
53808,0.015869,74.125.200.0-255,2902,199250,10,370907
53809,0.015873,172.31.36.0-255,66,199316,10,370907
53810,0.018143,74.125.200.0-255,2902,202218,10,370907
53811,0.018149,172.31.36.0-255,66,202284,10,370907
53812,0.018181,74.125.200.0-255,2902,205186,10,370907
53813,0.018184,172.31.36.0-255,66,205252,10,370907
53814,0.020454,74.125.200.0-255,2902,208154,10,370907
53815,0.020459,172.31.36.0-255,66,208220,10,370907
53816,0.020493,74.125.200.0-255,2902,211122,10,370907
53817,0.020497,172.31.36.0-255,66,211188,10,370907
53818,0.022791,74.125.200.0-255,2902,214090,10,370907
53819,0.022797,172.31.36.0-255,66,214156,10,370907
53820,0.022823,74.125.200.0-255,2902,217058,10,370907
53821,0.022827,172.31.36.0-255,66,217124,10,370907
53822,0.02512,74.125.200.0-255,2902,220026,10,370907
53823,0.025127,172.31.36.0-255,66,220092,10,370907
53824,0.025167,74.125.200.0-255,2902,222994,10,370907
53825,0.025171,172.31.36.0-255,66,223060,10,370907
53826,0.027448,74.125.200.0-255,2902,225962,10,370907
53827,0.027457,172.31.36.0-255,66,226028,10,370907
53828,0.027503,74.125.200.0-255,2902,228930,10,370907
53829,0.027508,172.31.36.0-255,66,228996,10,370907
53830,0.029769,74.125.200.0-255,1484,230480,10,370907
53831,0.029838,74.125.200.0-255,4320,234800,10,370907
53832,0.029845,172.31.36.0-255,66,234866,10,370907
53833,0.030634,172.31.36.0-255,172,235038,10,370907
53834,0.030662,172.31.36.0-255,1113,236151,10,370907
53835,0.030703,172.31.36.0-255,1514,237665,10,370907
53836,0.030704,172.31.36.0-255,1290,238955,10,370907
53837,0.032165,74.125.200.0-255,5738,244693,10,370907
53838,0.032171,172.31.36.0-255,66,244759,10,370907
53839,0.03219,104.244.42.0-255,66,244825,10,370907
53840,0.032208,104.244.42.0-255,66,244891,10,370907
53841,0.03232,104.244.42.0-255,66,244957,10,370907
53842,0.033349,104.244.42.0-255,108,245065,10,370907
53843,0.033359,172.31.36.0-255,66,245131,10,370907
53844,0.034514,74.125.200.0-255,4320,249451,10,370907
53845,0.03452,172.31.36.0-255,66,249517,10,370907
53846,0.034554,74.125.200.0-255,1484,251001,10,370907
53847,0.03682,74.125.200.0-255,2902,253903,10,370907
53848,0.036826,172.31.36.0-255,66,253969,10,370907
53849,0.036862,74.125.200.0-255,1484,255453,10,370907
53850,0.039135,74.125.200.0-255,2902,258355,10,370907
53851,0.039141,172.31.36.0-255,66,258421,10,370907
53852,0.039179,74.125.200.0-255,1484,259905,10,370907
53853,0.041451,74.125.200.0-255,2902,262807,10,370907
53854,0.041457,172.31.36.0-255,66,262873,10,370907
53855,0.041491,74.125.200.0-255,1484,264357,10,370907
53856,0.043768,74.125.200.0-255,2902,267259,10,370907
53857,0.043773,172.31.36.0-255,66,267325,10,370907
53858,0.043802,74.125.200.0-255,1484,268809,10,370907
53859,0.046083,74.125.200.0-255,4320,273129,10,370907
53860,0.046087,172.31.36.0-255,66,273195,10,370907
53861,0.048398,74.125.200.0-255,5738,278933,10,370907
53862,0.048402,172.31.36.0-255,66,278999,10,370907
53863,0.050709,74.125.200.0-255,4320,283319,10,370907
53864,0.050714,172.31.36.0-255,66,283385,10,370907
53865,0.05074,74.125.200.0-255,1484,284869,10,370907
53866,0.053022,74.125.200.0-255,4320,289189,10,370907
53867,0.053028,172.31.36.0-255,66,289255,10,370907
53868,0.055345,74.125.200.0-255,5738,294993,10,370907
53869,0.055352,172.31.36.0-255,66,295059,10,370907
53870,0.05766,74.125.200.0-255,5738,300797,10,370907
53871,0.057666,172.31.36.0-255,66,300863,10,370907
53872,0.059973,74.125.200.0-255,4320,305183,10,370907
53873,0.059979,172.31.36.0-255,66,305249,10,370907
53874,0.060014,74.125.200.0-255,1484,306733,10,370907
53875,0.062289,74.125.200.0-255,2902,309635,10,370907
53876,0.062294,172.31.36.0-255,66,309701,10,370907
53877,0.062327,74.125.200.0-255,1484,311185,10,370907
53878,0.0646,74.125.200.0-255,4320,315505,10,370907
53879,0.064606,172.31.36.0-255,66,315571,10,370907
53880,0.066924,74.125.200.0-255,5738,321309,10,370907
53881,0.06693,172.31.36.0-255,66,321375,10,370907
53882,0.069246,74.125.200.0-255,5738,327113,10,370907
53883,0.069251,172.31.36.0-255,66,327179,10,370907
53884,0.071578,74.125.200.0-255,5738,332917,10,370907
53885,0.071584,172.31.36.0-255,66,332983,10,370907
53886,0.073906,74.125.200.0-255,5738,338721,10,370907
53887,0.073911,172.31.36.0-255,66,338787,10,370907
53888,0.076218,74.125.200.0-255,5738,344525,10,370907
53889,0.076223,172.31.36.0-255,66,344591,10,370907
53890,0.078544,74.125.200.0-255,5738,350329,10,370907
53891,0.07855,172.31.36.0-255,66,350395,10,370907
53892,0.080865,74.125.200.0-255,4320,354715,10,370907
53893,0.080871,172.31.36.0-255,66,354781,10,370907
53894,0.080901,74.125.200.0-255,1484,356265,10,370907
53895,0.083185,74.125.200.0-255,4320,360585,10,370907
53896,0.083189,172.31.36.0-255,66,360651,10,370907
53897,0.08551,74.125.200.0-255,4320,364971,10,370907
53898,0.085515,172.31.36.0-255,66,365037,10,370907
53899,0.085543,74.125.200.0-255,1484,366521,10,370907
53900,0.087829,74.125.200.0-255,4320,370841,10,370907
53901,0.087835,172.31.36.0-255,66,370907,10,370907
53902,0.0,172.217.194.0-255,153,153,10,203376
53903,2.7e-05,172.31.36.0-255,66,219,10,203376
53904,3.4e-05,172.217.194.0-255,1484,1703,10,203376
53905,3.8e-05,172.31.36.0-255,66,1769,10,203376
53906,4.2e-05,172.217.194.0-255,2902,4671,10,203376
53907,4.5e-05,172.31.36.0-255,66,4737,10,203376
53908,5.9e-05,172.217.194.0-255,5738,10475,10,203376
53909,6.3e-05,172.31.36.0-255,66,10541,10,203376
53910,9e-05,172.217.194.0-255,1484,12025,10,203376
53911,9.3e-05,172.31.36.0-255,66,12091,10,203376
53912,0.000105,172.31.36.0-255,66,12157,10,203376
53913,0.000149,172.217.194.0-255,7156,19313,10,203376
53914,0.000153,172.31.36.0-255,66,19379,10,203376
53915,0.000177,172.217.194.0-255,2543,21922,10,203376
53916,0.00018,172.31.36.0-255,66,21988,10,203376
53917,0.000387,172.217.194.0-255,1484,23472,10,203376
53918,0.000391,172.31.36.0-255,66,23538,10,203376
53919,0.000397,172.217.194.0-255,2902,26440,10,203376
53920,0.000399,172.31.36.0-255,66,26506,10,203376
53921,0.000402,172.217.194.0-255,1484,27990,10,203376
53922,0.000404,172.31.36.0-255,66,28056,10,203376
53923,0.000434,172.217.194.0-255,4320,32376,10,203376
53924,0.000437,172.31.36.0-255,66,32442,10,203376
53925,0.00045,172.31.36.0-255,66,32508,10,203376
53926,0.000474,172.217.194.0-255,2902,35410,10,203376
53927,0.000477,172.31.36.0-255,66,35476,10,203376
53928,0.00048,172.217.194.0-255,1484,36960,10,203376
53929,0.000484,172.31.36.0-255,66,37026,10,203376
53930,0.00052,172.31.36.0-255,66,37092,10,203376
53931,0.000589,172.217.194.0-255,1484,38576,10,203376
53932,0.000595,172.217.194.0-255,2902,41478,10,203376
53933,0.000598,172.31.36.0-255,66,41544,10,203376
53934,0.000603,172.217.194.0-255,2902,44446,10,203376
53935,0.000607,172.31.36.0-255,66,44512,10,203376
53936,0.000626,172.217.194.0-255,2902,47414,10,203376
53937,0.000629,172.31.36.0-255,66,47480,10,203376
53938,0.000641,172.31.36.0-255,66,47546,10,203376
53939,0.00068,172.217.194.0-255,2902,50448,10,203376
53940,0.000684,172.31.36.0-255,66,50514,10,203376
53941,0.000696,172.31.36.0-255,66,50580,10,203376
53942,0.000699,172.217.194.0-255,381,50961,10,203376
53943,0.001029,172.31.36.0-255,66,51027,10,203376
53944,0.0012,172.217.194.0-255,1484,52511,10,203376
53945,0.00121,172.217.194.0-255,2902,55413,10,203376
53946,0.001215,172.31.36.0-255,66,55479,10,203376
53947,0.001221,172.217.194.0-255,4320,59799,10,203376
53948,0.001224,172.31.36.0-255,66,59865,10,203376
53949,0.001257,172.217.194.0-255,1484,61349,10,203376
53950,0.001272,172.31.36.0-255,66,61415,10,203376
53951,0.001308,172.31.36.0-255,66,61481,10,203376
53952,0.001312,172.217.194.0-255,766,62247,10,203376
53953,0.001809,172.217.194.0-255,1484,63731,10,203376
53954,0.001815,172.31.36.0-255,66,63797,10,203376
53955,0.001821,172.217.194.0-255,2902,66699,10,203376
53956,0.001823,172.31.36.0-255,66,66765,10,203376
53957,0.001829,172.217.194.0-255,5738,72503,10,203376
53958,0.001836,172.31.36.0-255,66,72569,10,203376
53959,0.001882,172.31.36.0-255,66,72635,10,203376
53960,0.001894,172.31.36.0-255,66,72701,10,203376
53961,0.002118,172.217.194.0-255,1484,74185,10,203376
53962,0.002137,172.217.194.0-255,2902,77087,10,203376
53963,0.00214,172.31.36.0-255,66,77153,10,203376
53964,0.002145,172.217.194.0-255,4320,81473,10,203376
53965,0.002148,172.31.36.0-255,66,81539,10,203376
53966,0.002168,172.217.194.0-255,1484,83023,10,203376
53967,0.002174,172.217.194.0-255,5738,88761,10,203376
53968,0.002177,172.31.36.0-255,66,88827,10,203376
53969,0.002179,172.217.194.0-255,1484,90311,10,203376
53970,0.002182,172.217.194.0-255,1484,91795,10,203376
53971,0.002183,172.31.36.0-255,66,91861,10,203376
53972,0.002216,172.31.36.0-255,66,91927,10,203376
53973,0.002221,172.217.194.0-255,3602,95529,10,203376
53974,0.002223,172.31.36.0-255,66,95595,10,203376
53975,0.002228,172.217.194.0-255,4320,99915,10,203376
53976,0.00223,172.31.36.0-255,66,99981,10,203376
53977,0.002258,172.217.194.0-255,5738,105719,10,203376
53978,0.002261,172.31.36.0-255,66,105785,10,203376
53979,0.002267,172.217.194.0-255,7156,112941,10,203376
53980,0.002269,172.31.36.0-255,66,113007,10,203376
53981,0.002282,172.31.36.0-255,66,113073,10,203376
53982,0.002287,172.217.194.0-255,3602,116675,10,203376
53983,0.002289,172.31.36.0-255,66,116741,10,203376
53984,0.002398,172.217.194.0-255,1484,118225,10,203376
53985,0.002402,172.217.194.0-255,2902,121127,10,203376
53986,0.002405,172.31.36.0-255,66,121193,10,203376
53987,0.002424,172.217.194.0-255,5738,126931,10,203376
53988,0.002427,172.31.36.0-255,66,126997,10,203376
53989,0.002451,172.217.194.0-255,5738,132735,10,203376
53990,0.002453,172.31.36.0-255,66,132801,10,203376
53991,0.002489,172.217.194.0-255,4320,137121,10,203376
53992,0.002491,172.31.36.0-255,66,137187,10,203376
53993,0.002498,172.217.194.0-255,7156,144343,10,203376
53994,0.0025,172.31.36.0-255,66,144409,10,203376
53995,0.002507,172.217.194.0-255,1484,145893,10,203376
53996,0.002513,172.217.194.0-255,5020,150913,10,203376
53997,0.002515,172.31.36.0-255,66,150979,10,203376
53998,0.002579,172.217.194.0-255,1484,152463,10,203376
53999,0.002591,172.217.194.0-255,1484,153947,10,203376
54000,0.002593,172.31.36.0-255,66,154013,10,203376
54001,0.002605,172.217.194.0-255,1484,155497,10,203376
54002,0.002615,172.217.194.0-255,5738,161235,10,203376
54003,0.002618,172.31.36.0-255,66,161301,10,203376
54004,0.00265,172.31.36.0-255,66,161367,10,203376
54005,0.002675,172.217.194.0-255,4320,165687,10,203376
54006,0.002678,172.31.36.0-255,66,165753,10,203376
54007,0.002683,172.217.194.0-255,4320,170073,10,203376
54008,0.002684,172.31.36.0-255,66,170139,10,203376
54009,0.00269,172.217.194.0-255,4320,174459,10,203376
54010,0.002696,172.31.36.0-255,66,174525,10,203376
54011,0.002737,172.31.36.0-255,66,174591,10,203376
54012,0.00274,172.217.194.0-255,766,175357,10,203376
54013,0.002743,172.31.36.0-255,78,175435,10,203376
54014,0.002758,172.31.36.0-255,66,175501,10,203376
54015,0.002764,172.217.194.0-255,7156,182657,10,203376
54016,0.002766,172.31.36.0-255,66,182723,10,203376
54017,0.002777,172.31.36.0-255,66,182789,10,203376
54018,0.002784,172.217.194.0-255,7156,189945,10,203376
54019,0.002881,172.217.194.0-255,1484,191429,10,203376
54020,0.002896,172.217.194.0-255,7156,198585,10,203376
54021,0.002935,172.217.194.0-255,105,198690,10,203376
54022,0.00342,172.31.36.0-255,66,198756,10,203376
54023,0.004086,172.31.36.0-255,101,198857,10,203376
54024,0.005797,172.31.36.0-255,105,198962,10,203376
54025,0.006105,172.217.194.0-255,66,199028,10,203376
54026,0.007826,172.217.194.0-255,66,199094,10,203376
54027,0.02824,172.31.36.0-255,167,199261,10,203376
54028,0.028271,172.31.36.0-255,1112,200373,10,203376
54029,0.028311,172.31.36.0-255,1514,201887,10,203376
54030,0.028312,172.31.36.0-255,1291,203178,10,203376
54031,0.029835,104.244.42.0-255,66,203244,10,203376
54032,0.029843,104.244.42.0-255,66,203310,10,203376
54033,0.029867,104.244.42.0-255,66,203376,10,203376
54034,0.0,74.125.24.0-255,150,150,10,317369
54035,4.5e-05,172.31.36.0-255,66,216,10,317369
54036,5.4e-05,74.125.24.0-255,1484,1700,10,317369
54037,6e-05,172.31.36.0-255,66,1766,10,317369
54038,6.6e-05,74.125.24.0-255,2902,4668,10,317369
54039,6.9e-05,172.31.36.0-255,66,4734,10,317369
54040,7.8e-05,74.125.24.0-255,7156,11890,10,317369
54041,8e-05,172.31.36.0-255,66,11956,10,317369
54042,8.4e-05,74.125.24.0-255,1991,13947,10,317369
54043,8.7e-05,172.31.36.0-255,66,14013,10,317369
54044,0.000102,172.31.36.0-255,66,14079,10,317369
54045,0.000109,74.125.24.0-255,5379,19458,10,317369
54046,0.000112,172.31.36.0-255,66,19524,10,317369
54047,0.000214,74.125.24.0-255,1484,21008,10,317369
54048,0.000218,172.31.36.0-255,66,21074,10,317369
54049,0.000223,74.125.24.0-255,2902,23976,10,317369
54050,0.000226,172.31.36.0-255,66,24042,10,317369
54051,0.000249,74.125.24.0-255,2902,26944,10,317369
54052,0.000252,172.31.36.0-255,66,27010,10,317369
54053,0.000257,74.125.24.0-255,4320,31330,10,317369
54054,0.00026,172.31.36.0-255,66,31396,10,317369
54055,0.000314,172.31.36.0-255,66,31462,10,317369
54056,0.000325,172.31.36.0-255,66,31528,10,317369
54057,0.000346,74.125.24.0-255,2184,33712,10,317369
54058,0.000349,172.31.36.0-255,66,33778,10,317369
54059,0.000382,74.125.24.0-255,399,34177,10,317369
54060,0.000385,172.31.36.0-255,66,34243,10,317369
54061,0.000698,74.125.24.0-255,112,34355,10,317369
54062,0.000705,172.31.36.0-255,66,34421,10,317369
54063,0.001795,74.125.24.0-255,1484,35905,10,317369
54064,0.001801,74.125.24.0-255,1484,37389,10,317369
54065,0.001805,172.31.36.0-255,66,37455,10,317369
54066,0.001822,74.125.24.0-255,1484,38939,10,317369
54067,0.001827,74.125.24.0-255,4320,43259,10,317369
54068,0.001829,172.31.36.0-255,66,43325,10,317369
54069,0.001834,74.125.24.0-255,2902,46227,10,317369
54070,0.001835,172.31.36.0-255,66,46293,10,317369
54071,0.001855,74.125.24.0-255,5738,52031,10,317369
54072,0.001857,172.31.36.0-255,66,52097,10,317369
54073,0.001872,74.125.24.0-255,1484,53581,10,317369
54074,0.001903,172.31.36.0-255,66,53647,10,317369
54075,0.002199,74.125.24.0-255,1484,55131,10,317369
54076,0.002213,74.125.24.0-255,2902,58033,10,317369
54077,0.002215,172.31.36.0-255,66,58099,10,317369
54078,0.002219,74.125.24.0-255,2902,61001,10,317369
54079,0.002221,172.31.36.0-255,66,61067,10,317369
54080,0.002247,74.125.24.0-255,4320,65387,10,317369
54081,0.002249,172.31.36.0-255,66,65453,10,317369
54082,0.002251,74.125.24.0-255,1484,66937,10,317369
54083,0.002272,74.125.24.0-255,7156,74093,10,317369
54084,0.002274,172.31.36.0-255,66,74159,10,317369
54085,0.002297,172.31.36.0-255,66,74225,10,317369
54086,0.002331,74.125.24.0-255,4320,78545,10,317369
54087,0.002333,172.31.36.0-255,66,78611,10,317369
54088,0.002357,172.31.36.0-255,66,78677,10,317369
54089,0.002362,74.125.24.0-255,5738,84415,10,317369
54090,0.002364,172.31.36.0-255,66,84481,10,317369
54091,0.002383,172.31.36.0-255,66,84547,10,317369
54092,0.002385,74.125.24.0-255,1484,86031,10,317369
54093,0.002411,74.125.24.0-255,6438,92469,10,317369
54094,0.002413,172.31.36.0-255,66,92535,10,317369
54095,0.004668,74.125.24.0-255,5738,98273,10,317369
54096,0.004673,172.31.36.0-255,66,98339,10,317369
54097,0.00693,74.125.24.0-255,5738,104077,10,317369
54098,0.006937,172.31.36.0-255,66,104143,10,317369
54099,0.009272,74.125.24.0-255,5738,109881,10,317369
54100,0.00928,172.31.36.0-255,66,109947,10,317369
54101,0.011581,74.125.24.0-255,5738,115685,10,317369
54102,0.011588,172.31.36.0-255,66,115751,10,317369
54103,0.013869,74.125.24.0-255,5738,121489,10,317369
54104,0.013886,172.31.36.0-255,66,121555,10,317369
54105,0.016159,74.125.24.0-255,5738,127293,10,317369
54106,0.016177,172.31.36.0-255,66,127359,10,317369
54107,0.018432,74.125.24.0-255,5738,133097,10,317369
54108,0.018444,172.31.36.0-255,66,133163,10,317369
54109,0.020712,74.125.24.0-255,5738,138901,10,317369
54110,0.020724,172.31.36.0-255,66,138967,10,317369
54111,0.023028,74.125.24.0-255,5738,144705,10,317369
54112,0.023044,172.31.36.0-255,66,144771,10,317369
54113,0.025373,74.125.24.0-255,5738,150509,10,317369
54114,0.025389,172.31.36.0-255,66,150575,10,317369
54115,0.02627,172.31.36.0-255,167,150742,10,317369
54116,0.026302,172.31.36.0-255,1111,151853,10,317369
54117,0.02638,172.31.36.0-255,1514,153367,10,317369
54118,0.026383,172.31.36.0-255,1292,154659,10,317369
54119,0.027679,74.125.24.0-255,5738,160397,10,317369
54120,0.027702,172.31.36.0-255,66,160463,10,317369
54121,0.027819,104.244.42.0-255,66,160529,10,317369
54122,0.027828,104.244.42.0-255,66,160595,10,317369
54123,0.027926,104.244.42.0-255,66,160661,10,317369
54124,0.029968,74.125.24.0-255,5738,166399,10,317369
54125,0.029986,172.31.36.0-255,66,166465,10,317369
54126,0.032253,74.125.24.0-255,5738,172203,10,317369
54127,0.032268,172.31.36.0-255,66,172269,10,317369
54128,0.034585,74.125.24.0-255,5738,178007,10,317369
54129,0.034604,172.31.36.0-255,66,178073,10,317369
54130,0.036877,74.125.24.0-255,5738,183811,10,317369
54131,0.036888,172.31.36.0-255,66,183877,10,317369
54132,0.039177,74.125.24.0-255,5738,189615,10,317369
54133,0.039188,172.31.36.0-255,66,189681,10,317369
54134,0.041455,74.125.24.0-255,5738,195419,10,317369
54135,0.041486,172.31.36.0-255,66,195485,10,317369
54136,0.043781,74.125.24.0-255,5738,201223,10,317369
54137,0.04379,172.31.36.0-255,66,201289,10,317369
54138,0.0461,74.125.24.0-255,5738,207027,10,317369
54139,0.046116,172.31.36.0-255,66,207093,10,317369
54140,0.0484,74.125.24.0-255,5738,212831,10,317369
54141,0.048414,172.31.36.0-255,66,212897,10,317369
54142,0.050696,74.125.24.0-255,5738,218635,10,317369
54143,0.05071,172.31.36.0-255,66,218701,10,317369
54144,0.053001,74.125.24.0-255,5738,224439,10,317369
54145,0.053014,172.31.36.0-255,66,224505,10,317369
54146,0.055313,74.125.24.0-255,5738,230243,10,317369
54147,0.055327,172.31.36.0-255,66,230309,10,317369
54148,0.057596,74.125.24.0-255,5738,236047,10,317369
54149,0.057604,172.31.36.0-255,66,236113,10,317369
54150,0.059876,74.125.24.0-255,5738,241851,10,317369
54151,0.059882,172.31.36.0-255,66,241917,10,317369
54152,0.062156,74.125.24.0-255,5738,247655,10,317369
54153,0.062164,172.31.36.0-255,66,247721,10,317369
54154,0.06442,74.125.24.0-255,5738,253459,10,317369
54155,0.064427,172.31.36.0-255,66,253525,10,317369
54156,0.06671,74.125.24.0-255,5738,259263,10,317369
54157,0.066721,172.31.36.0-255,66,259329,10,317369
54158,0.068997,74.125.24.0-255,5738,265067,10,317369
54159,0.069009,172.31.36.0-255,66,265133,10,317369
54160,0.071274,74.125.24.0-255,5738,270871,10,317369
54161,0.07129,172.31.36.0-255,66,270937,10,317369
54162,0.073586,74.125.24.0-255,5738,276675,10,317369
54163,0.073605,172.31.36.0-255,66,276741,10,317369
54164,0.07589,74.125.24.0-255,5738,282479,10,317369
54165,0.075905,172.31.36.0-255,66,282545,10,317369
54166,0.078169,74.125.24.0-255,5738,288283,10,317369
54167,0.078176,172.31.36.0-255,66,288349,10,317369
54168,0.080416,74.125.24.0-255,5738,294087,10,317369
54169,0.080422,172.31.36.0-255,66,294153,10,317369
54170,0.0827,74.125.24.0-255,5738,299891,10,317369
54171,0.082709,172.31.36.0-255,66,299957,10,317369
54172,0.08497,74.125.24.0-255,5738,305695,10,317369
54173,0.084978,172.31.36.0-255,66,305761,10,317369
54174,0.087249,74.125.24.0-255,5738,311499,10,317369
54175,0.08726,172.31.36.0-255,66,311565,10,317369
54176,0.089536,74.125.24.0-255,5738,317303,10,317369
54177,0.089547,172.31.36.0-255,66,317369,10,317369
54178,0.0,172.253.118.0-255,296,296,10,308310
54179,3e-05,172.31.36.0-255,66,362,10,308310
54180,3.6e-05,172.253.118.0-255,1484,1846,10,308310
54181,4e-05,172.31.36.0-255,66,1912,10,308310
54182,4.5e-05,172.253.118.0-255,2902,4814,10,308310
54183,4.8e-05,172.31.36.0-255,66,4880,10,308310
54184,5.4e-05,172.253.118.0-255,5738,10618,10,308310
54185,5.7e-05,172.31.36.0-255,66,10684,10,308310
54186,8e-05,172.253.118.0-255,3178,13862,10,308310
54187,8.4e-05,172.31.36.0-255,66,13928,10,308310
54188,0.00022,172.253.118.0-255,1484,15412,10,308310
54189,0.000225,172.31.36.0-255,66,15478,10,308310
54190,0.00023,172.253.118.0-255,2902,18380,10,308310
54191,0.000234,172.31.36.0-255,66,18446,10,308310
54192,0.000239,172.253.118.0-255,5738,24184,10,308310
54193,0.000241,172.31.36.0-255,66,24250,10,308310
54194,0.000253,172.253.118.0-255,1484,25734,10,308310
54195,0.000255,172.31.36.0-255,66,25800,10,308310
54196,0.000286,172.31.36.0-255,66,25866,10,308310
54197,0.000299,172.31.36.0-255,66,25932,10,308310
54198,0.000347,172.31.36.0-255,66,25998,10,308310
54199,0.000367,172.253.118.0-255,3602,29600,10,308310
54200,0.00037,172.31.36.0-255,66,29666,10,308310
54201,0.000373,172.253.118.0-255,400,30066,10,308310
54202,0.000375,172.31.36.0-255,66,30132,10,308310
54203,0.000405,172.253.118.0-255,108,30240,10,308310
54204,0.000408,172.31.36.0-255,66,30306,10,308310
54205,0.000586,172.253.118.0-255,332,30638,10,308310
54206,0.00059,172.31.36.0-255,66,30704,10,308310
54207,0.000878,172.253.118.0-255,1484,32188,10,308310
54208,0.000885,172.253.118.0-255,2902,35090,10,308310
54209,0.000888,172.31.36.0-255,66,35156,10,308310
54210,0.000912,172.253.118.0-255,5738,40894,10,308310
54211,0.000916,172.31.36.0-255,66,40960,10,308310
54212,0.000943,172.253.118.0-255,1484,42444,10,308310
54213,0.000992,172.31.36.0-255,66,42510,10,308310
54214,0.001012,172.253.118.0-255,1484,43994,10,308310
54215,0.001025,172.31.36.0-255,66,44060,10,308310
54216,0.001768,172.253.118.0-255,1484,45544,10,308310
54217,0.001777,172.253.118.0-255,2902,48446,10,308310
54218,0.001782,172.31.36.0-255,66,48512,10,308310
54219,0.001805,172.253.118.0-255,5738,54250,10,308310
54220,0.001812,172.31.36.0-255,66,54316,10,308310
54221,0.001815,172.253.118.0-255,1484,55800,10,308310
54222,0.001845,172.31.36.0-255,66,55866,10,308310
54223,0.001852,172.253.118.0-255,2902,58768,10,308310
54224,0.001854,172.31.36.0-255,66,58834,10,308310
54225,0.001878,172.253.118.0-255,7156,65990,10,308310
54226,0.001881,172.31.36.0-255,66,66056,10,308310
54227,0.001901,172.253.118.0-255,3602,69658,10,308310
54228,0.001904,172.31.36.0-255,66,69724,10,308310
54229,0.002003,172.253.118.0-255,1484,71208,10,308310
54230,0.002023,172.253.118.0-255,2902,74110,10,308310
54231,0.002028,172.31.36.0-255,66,74176,10,308310
54232,0.002035,172.253.118.0-255,5738,79914,10,308310
54233,0.002038,172.31.36.0-255,66,79980,10,308310
54234,0.002068,172.253.118.0-255,7156,87136,10,308310
54235,0.002072,172.31.36.0-255,66,87202,10,308310
54236,0.002094,172.253.118.0-255,7156,94358,10,308310
54237,0.002097,172.31.36.0-255,66,94424,10,308310
54238,0.002124,172.253.118.0-255,1484,95908,10,308310
54239,0.002135,172.31.36.0-255,66,95974,10,308310
54240,0.004517,172.253.118.0-255,2902,98876,10,308310
54241,0.004524,172.31.36.0-255,66,98942,10,308310
54242,0.004539,172.253.118.0-255,2902,101844,10,308310
54243,0.004542,172.31.36.0-255,66,101910,10,308310
54244,0.006874,172.253.118.0-255,5738,107648,10,308310
54245,0.00688,172.31.36.0-255,66,107714,10,308310
54246,0.009232,172.253.118.0-255,5738,113452,10,308310
54247,0.009238,172.31.36.0-255,66,113518,10,308310
54248,0.011592,172.253.118.0-255,5738,119256,10,308310
54249,0.011598,172.31.36.0-255,66,119322,10,308310
54250,0.013953,172.253.118.0-255,5738,125060,10,308310
54251,0.01396,172.31.36.0-255,66,125126,10,308310
54252,0.01631,172.253.118.0-255,5738,130864,10,308310
54253,0.01632,172.31.36.0-255,66,130930,10,308310
54254,0.018679,172.253.118.0-255,5738,136668,10,308310
54255,0.018687,172.31.36.0-255,66,136734,10,308310
54256,0.021024,172.253.118.0-255,5738,142472,10,308310
54257,0.021032,172.31.36.0-255,66,142538,10,308310
54258,0.023384,172.253.118.0-255,5738,148276,10,308310
54259,0.02339,172.31.36.0-255,66,148342,10,308310
54260,0.025747,172.253.118.0-255,5738,154080,10,308310
54261,0.025754,172.31.36.0-255,66,154146,10,308310
54262,0.02813,172.253.118.0-255,5738,159884,10,308310
54263,0.028137,172.31.36.0-255,66,159950,10,308310
54264,0.030299,172.31.36.0-255,167,160117,10,308310
54265,0.030329,172.31.36.0-255,1114,161231,10,308310
54266,0.030365,172.31.36.0-255,1514,162745,10,308310
54267,0.030367,172.31.36.0-255,1289,164034,10,308310
54268,0.030503,172.253.118.0-255,5738,169772,10,308310
54269,0.030509,172.31.36.0-255,66,169838,10,308310
54270,0.031884,104.244.42.0-255,66,169904,10,308310
54271,0.031894,104.244.42.0-255,66,169970,10,308310
54272,0.031911,104.244.42.0-255,66,170036,10,308310
54273,0.032844,172.253.118.0-255,5738,175774,10,308310
54274,0.032852,172.31.36.0-255,66,175840,10,308310
54275,0.035221,172.253.118.0-255,5738,181578,10,308310
54276,0.035227,172.31.36.0-255,66,181644,10,308310
54277,0.037613,172.253.118.0-255,5738,187382,10,308310
54278,0.037618,172.31.36.0-255,66,187448,10,308310
54279,0.040014,172.253.118.0-255,4320,191768,10,308310
54280,0.040018,172.31.36.0-255,66,191834,10,308310
54281,0.040047,172.253.118.0-255,1484,193318,10,308310
54282,0.042362,172.253.118.0-255,2902,196220,10,308310
54283,0.042368,172.31.36.0-255,66,196286,10,308310
54284,0.042395,172.253.118.0-255,1484,197770,10,308310
54285,0.044709,172.253.118.0-255,4320,202090,10,308310
54286,0.044715,172.31.36.0-255,66,202156,10,308310
54287,0.047089,172.253.118.0-255,5738,207894,10,308310
54288,0.047095,172.31.36.0-255,66,207960,10,308310
54289,0.049453,172.253.118.0-255,5738,213698,10,308310
54290,0.049459,172.31.36.0-255,66,213764,10,308310
54291,0.051803,172.253.118.0-255,5738,219502,10,308310
54292,0.051809,172.31.36.0-255,66,219568,10,308310
54293,0.054172,172.253.118.0-255,5738,225306,10,308310
54294,0.054178,172.31.36.0-255,66,225372,10,308310
54295,0.056535,172.253.118.0-255,4320,229692,10,308310
54296,0.056541,172.31.36.0-255,66,229758,10,308310
54297,0.056572,172.253.118.0-255,1484,231242,10,308310
54298,0.058892,172.253.118.0-255,2902,234144,10,308310
54299,0.058898,172.31.36.0-255,66,234210,10,308310
54300,0.061262,172.253.118.0-255,5738,239948,10,308310
54301,0.061268,172.31.36.0-255,66,240014,10,308310
54302,0.063624,172.253.118.0-255,5738,245752,10,308310
54303,0.063633,172.31.36.0-255,66,245818,10,308310
54304,0.065985,172.253.118.0-255,4320,250138,10,308310
54305,0.065991,172.31.36.0-255,66,250204,10,308310
54306,0.066018,172.253.118.0-255,1484,251688,10,308310
54307,0.068335,172.253.118.0-255,4320,256008,10,308310
54308,0.06834,172.31.36.0-255,66,256074,10,308310
54309,0.070692,172.253.118.0-255,5738,261812,10,308310
54310,0.070697,172.31.36.0-255,66,261878,10,308310
54311,0.073062,172.253.118.0-255,5738,267616,10,308310
54312,0.073067,172.31.36.0-255,66,267682,10,308310
54313,0.075409,172.253.118.0-255,5738,273420,10,308310
54314,0.075415,172.31.36.0-255,66,273486,10,308310
54315,0.07776,172.253.118.0-255,5738,279224,10,308310
54316,0.077767,172.31.36.0-255,66,279290,10,308310
54317,0.080131,172.253.118.0-255,5738,285028,10,308310
54318,0.08014,172.31.36.0-255,66,285094,10,308310
54319,0.082502,172.253.118.0-255,5738,290832,10,308310
54320,0.082508,172.31.36.0-255,66,290898,10,308310
54321,0.084874,172.253.118.0-255,5738,296636,10,308310
54322,0.084879,172.31.36.0-255,66,296702,10,308310
54323,0.08724,172.253.118.0-255,5738,302440,10,308310
54324,0.087245,172.31.36.0-255,66,302506,10,308310
54325,0.089601,172.253.118.0-255,5738,308244,10,308310
54326,0.089607,172.31.36.0-255,66,308310,10,308310
54327,0.0,172.217.194.0-255,153,153,10,184450
54328,2.2e-05,172.31.36.0-255,66,219,10,184450
54329,2.9e-05,172.217.194.0-255,1484,1703,10,184450
54330,3.3e-05,172.31.36.0-255,66,1769,10,184450
54331,3.9e-05,172.217.194.0-255,2902,4671,10,184450
54332,5.1e-05,172.31.36.0-255,66,4737,10,184450
54333,5.9e-05,172.217.194.0-255,7156,11893,10,184450
54334,6.2e-05,172.31.36.0-255,66,11959,10,184450
54335,6.6e-05,172.217.194.0-255,2037,13996,10,184450
54336,6.8e-05,172.31.36.0-255,66,14062,10,184450
54337,0.000179,172.217.194.0-255,1484,15546,10,184450
54338,0.000183,172.31.36.0-255,66,15612,10,184450
54339,0.000188,172.217.194.0-255,2902,18514,10,184450
54340,0.000191,172.31.36.0-255,66,18580,10,184450
54341,0.000212,172.217.194.0-255,5738,24318,10,184450
54342,0.000218,172.31.36.0-255,66,24384,10,184450
54343,0.000259,172.217.194.0-255,4320,28704,10,184450
54344,0.000263,172.31.36.0-255,66,28770,10,184450
54345,0.000289,172.217.194.0-255,2543,31313,10,184450
54346,0.000292,172.31.36.0-255,66,31379,10,184450
54347,0.000463,172.217.194.0-255,1484,32863,10,184450
54348,0.000468,172.31.36.0-255,66,32929,10,184450
54349,0.000474,172.217.194.0-255,2902,35831,10,184450
54350,0.000476,172.31.36.0-255,66,35897,10,184450
54351,0.000512,172.217.194.0-255,5738,41635,10,184450
54352,0.000517,172.217.194.0-255,4320,45955,10,184450
54353,0.000523,172.31.36.0-255,66,46021,10,184450
54354,0.000526,172.31.36.0-255,66,46087,10,184450
54355,0.000537,172.217.194.0-255,5379,51466,10,184450
54356,0.000545,172.31.36.0-255,66,51532,10,184450
54357,0.000557,172.31.36.0-255,66,51598,10,184450
54358,0.000581,172.217.194.0-255,3961,55559,10,184450
54359,0.000583,172.31.36.0-255,66,55625,10,184450
54360,0.000586,172.217.194.0-255,680,56305,10,184450
54361,0.00095,172.217.194.0-255,1484,57789,10,184450
54362,0.000955,172.31.36.0-255,66,57855,10,184450
54363,0.000961,172.217.194.0-255,2902,60757,10,184450
54364,0.000963,172.31.36.0-255,66,60823,10,184450
54365,0.000983,172.217.194.0-255,5738,66561,10,184450
54366,0.000991,172.31.36.0-255,66,66627,10,184450
54367,0.001007,172.31.36.0-255,66,66693,10,184450
54368,0.001046,172.31.36.0-255,66,66759,10,184450
54369,0.001636,172.217.194.0-255,1484,68243,10,184450
54370,0.001645,172.217.194.0-255,2902,71145,10,184450
54371,0.001651,172.31.36.0-255,66,71211,10,184450
54372,0.001673,172.217.194.0-255,5738,76949,10,184450
54373,0.001676,172.31.36.0-255,66,77015,10,184450
54374,0.001682,172.217.194.0-255,5738,82753,10,184450
54375,0.001684,172.31.36.0-255,66,82819,10,184450
54376,0.001716,172.217.194.0-255,2902,85721,10,184450
54377,0.001719,172.31.36.0-255,66,85787,10,184450
54378,0.001748,172.217.194.0-255,2902,88689,10,184450
54379,0.001751,172.31.36.0-255,66,88755,10,184450
54380,0.001795,172.31.36.0-255,66,88821,10,184450
54381,0.001963,172.217.194.0-255,1484,90305,10,184450
54382,0.001969,172.217.194.0-255,2902,93207,10,184450
54383,0.001973,172.31.36.0-255,66,93273,10,184450
54384,0.001977,172.217.194.0-255,1484,94757,10,184450
54385,0.001995,172.217.194.0-255,4320,99077,10,184450
54386,0.001998,172.31.36.0-255,66,99143,10,184450
54387,0.002002,172.217.194.0-255,1484,100627,10,184450
54388,0.002007,172.217.194.0-255,2902,103529,10,184450
54389,0.002009,172.31.36.0-255,66,103595,10,184450
54390,0.002037,172.217.194.0-255,5738,109333,10,184450
54391,0.002039,172.31.36.0-255,66,109399,10,184450
54392,0.002043,172.217.194.0-255,1484,110883,10,184450
54393,0.002074,172.31.36.0-255,66,110949,10,184450
54394,0.002099,172.217.194.0-255,1484,112433,10,184450
54395,0.002105,172.217.194.0-255,2902,115335,10,184450
54396,0.002107,172.31.36.0-255,66,115401,10,184450
54397,0.002137,172.217.194.0-255,5738,121139,10,184450
54398,0.00214,172.31.36.0-255,66,121205,10,184450
54399,0.00218,172.217.194.0-255,5738,126943,10,184450
54400,0.002182,172.31.36.0-255,66,127009,10,184450
54401,0.002213,172.217.194.0-255,5738,132747,10,184450
54402,0.002216,172.31.36.0-255,66,132813,10,184450
54403,0.00223,172.31.36.0-255,66,132879,10,184450
54404,0.002294,172.217.194.0-255,1484,134363,10,184450
54405,0.002299,172.217.194.0-255,2902,137265,10,184450
54406,0.002303,172.31.36.0-255,66,137331,10,184450
54407,0.002368,172.217.194.0-255,5738,143069,10,184450
54408,0.002373,172.31.36.0-255,66,143135,10,184450
54409,0.002393,172.31.36.0-255,66,143201,10,184450
54410,0.002405,172.31.36.0-255,66,143267,10,184450
54411,0.002421,172.31.36.0-255,66,143333,10,184450
54412,0.00248,172.31.36.0-255,66,143399,10,184450
54413,0.002494,172.31.36.0-255,66,143465,10,184450
54414,0.002505,172.31.36.0-255,66,143531,10,184450
54415,0.002508,172.217.194.0-255,1484,145015,10,184450
54416,0.002523,172.31.36.0-255,66,145081,10,184450
54417,0.002528,172.217.194.0-255,2902,147983,10,184450
54418,0.00253,172.31.36.0-255,66,148049,10,184450
54419,0.002542,172.31.36.0-255,66,148115,10,184450
54420,0.002545,172.217.194.0-255,1484,149599,10,184450
54421,0.002552,172.217.194.0-255,5738,155337,10,184450
54422,0.002555,172.31.36.0-255,66,155403,10,184450
54423,0.002591,172.217.194.0-255,5738,161141,10,184450
54424,0.002594,172.31.36.0-255,66,161207,10,184450
54425,0.002607,172.31.36.0-255,66,161273,10,184450
54426,0.002619,172.31.36.0-255,66,161339,10,184450
54427,0.002622,172.217.194.0-255,1484,162823,10,184450
54428,0.002635,172.31.36.0-255,66,162889,10,184450
54429,0.002642,172.217.194.0-255,4320,167209,10,184450
54430,0.002644,172.31.36.0-255,66,167275,10,184450
54431,0.00268,172.31.36.0-255,66,167341,10,184450
54432,0.002695,172.31.36.0-255,66,167407,10,184450
54433,0.002709,172.31.36.0-255,66,167473,10,184450
54434,0.002783,172.31.36.0-255,66,167539,10,184450
54435,0.002786,172.217.194.0-255,1484,169023,10,184450
54436,0.00279,172.217.194.0-255,1484,170507,10,184450
54437,0.002792,172.31.36.0-255,66,170573,10,184450
54438,0.002795,172.217.194.0-255,1484,172057,10,184450
54439,0.002802,172.217.194.0-255,7156,179213,10,184450
54440,0.002804,172.31.36.0-255,66,179279,10,184450
54441,0.002807,172.217.194.0-255,526,179805,10,184450
54442,0.002843,172.217.194.0-255,105,179910,10,184450
54443,0.008768,172.31.36.0-255,66,179976,10,184450
54444,0.008806,172.31.36.0-255,105,180081,10,184450
54445,0.011042,172.217.194.0-255,66,180147,10,184450
54446,0.033662,172.31.36.0-255,188,180335,10,184450
54447,0.033696,172.31.36.0-255,956,181291,10,184450
54448,0.033762,172.31.36.0-255,1514,182805,10,184450
54449,0.033764,172.31.36.0-255,1447,184252,10,184450
54450,0.03524,104.244.42.0-255,66,184318,10,184450
54451,0.035255,104.244.42.0-255,66,184384,10,184450
54452,0.035351,104.244.42.0-255,66,184450,10,184450
54453,0.0,74.125.24.0-255,152,152,10,322803
54454,2.4e-05,172.31.36.0-255,66,218,10,322803
54455,3.2e-05,74.125.24.0-255,1484,1702,10,322803
54456,3.6e-05,172.31.36.0-255,66,1768,10,322803
54457,4.2e-05,74.125.24.0-255,2902,4670,10,322803
54458,4.5e-05,172.31.36.0-255,66,4736,10,322803
54459,7.5e-05,74.125.24.0-255,7156,11892,10,322803
54460,7.8e-05,172.31.36.0-255,66,11958,10,322803
54461,9e-05,172.31.36.0-255,66,12024,10,322803
54462,9.8e-05,74.125.24.0-255,7156,19180,10,322803
54463,0.000101,172.31.36.0-255,66,19246,10,322803
54464,0.000127,74.125.24.0-255,3961,23207,10,322803
54465,0.00013,172.31.36.0-255,66,23273,10,322803
54466,0.000192,74.125.24.0-255,1484,24757,10,322803
54467,0.000197,172.31.36.0-255,66,24823,10,322803
54468,0.000202,74.125.24.0-255,2902,27725,10,322803
54469,0.000205,172.31.36.0-255,66,27791,10,322803
54470,0.000216,74.125.24.0-255,5738,33529,10,322803
54471,0.000219,172.31.36.0-255,66,33595,10,322803
54472,0.000257,172.31.36.0-255,66,33661,10,322803
54473,0.00026,74.125.24.0-255,1484,35145,10,322803
54474,0.000263,172.31.36.0-255,66,35211,10,322803
54475,0.000324,172.31.36.0-255,66,35277,10,322803
54476,0.000529,74.125.24.0-255,111,35388,10,322803
54477,0.000536,172.31.36.0-255,66,35454,10,322803
54478,0.000592,74.125.24.0-255,329,35783,10,322803
54479,0.000596,172.31.36.0-255,66,35849,10,322803
54480,0.000895,74.125.24.0-255,1484,37333,10,322803
54481,0.000901,172.31.36.0-255,66,37399,10,322803
54482,0.000907,74.125.24.0-255,2902,40301,10,322803
54483,0.00091,172.31.36.0-255,66,40367,10,322803
54484,0.000922,74.125.24.0-255,5738,46105,10,322803
54485,0.000925,172.31.36.0-255,66,46171,10,322803
54486,0.000931,74.125.24.0-255,4320,50491,10,322803
54487,0.000933,172.31.36.0-255,66,50557,10,322803
54488,0.000977,172.31.36.0-255,66,50623,10,322803
54489,0.00099,172.31.36.0-255,66,50689,10,322803
54490,0.00198,74.125.24.0-255,1484,52173,10,322803
54491,0.001991,74.125.24.0-255,2902,55075,10,322803
54492,0.001995,172.31.36.0-255,66,55141,10,322803
54493,0.002004,74.125.24.0-255,5738,60879,10,322803
54494,0.002012,172.31.36.0-255,66,60945,10,322803
54495,0.002024,172.31.36.0-255,66,61011,10,322803
54496,0.002066,172.31.36.0-255,66,61077,10,322803
54497,0.00207,74.125.24.0-255,2184,63261,10,322803
54498,0.002072,172.31.36.0-255,66,63327,10,322803
54499,0.002161,74.125.24.0-255,1484,64811,10,322803
54500,0.002173,74.125.24.0-255,2902,67713,10,322803
54501,0.002176,172.31.36.0-255,66,67779,10,322803
54502,0.002183,74.125.24.0-255,5738,73517,10,322803
54503,0.002184,172.31.36.0-255,66,73583,10,322803
54504,0.00221,74.125.24.0-255,5738,79321,10,322803
54505,0.002212,172.31.36.0-255,66,79387,10,322803
54506,0.002242,74.125.24.0-255,7156,86543,10,322803
54507,0.002245,172.31.36.0-255,66,86609,10,322803
54508,0.002251,74.125.24.0-255,7156,93765,10,322803
54509,0.002253,172.31.36.0-255,66,93831,10,322803
54510,0.002281,74.125.24.0-255,3602,97433,10,322803
54511,0.002283,172.31.36.0-255,66,97499,10,322803
54512,0.004524,74.125.24.0-255,5738,103237,10,322803
54513,0.00453,172.31.36.0-255,66,103303,10,322803
54514,0.006818,74.125.24.0-255,5738,109041,10,322803
54515,0.006822,172.31.36.0-255,66,109107,10,322803
54516,0.008056,172.31.36.0-255,101,109208,10,322803
54517,0.009088,74.125.24.0-255,5738,114946,10,322803
54518,0.009094,172.31.36.0-255,66,115012,10,322803
54519,0.010249,74.125.24.0-255,66,115078,10,322803
54520,0.011344,74.125.24.0-255,5738,120816,10,322803
54521,0.011352,172.31.36.0-255,66,120882,10,322803
54522,0.013627,74.125.24.0-255,5738,126620,10,322803
54523,0.013635,172.31.36.0-255,66,126686,10,322803
54524,0.015906,74.125.24.0-255,5738,132424,10,322803
54525,0.015915,172.31.36.0-255,66,132490,10,322803
54526,0.018167,74.125.24.0-255,5738,138228,10,322803
54527,0.018177,172.31.36.0-255,66,138294,10,322803
54528,0.020437,74.125.24.0-255,5738,144032,10,322803
54529,0.020445,172.31.36.0-255,66,144098,10,322803
54530,0.022707,74.125.24.0-255,5738,149836,10,322803
54531,0.022718,172.31.36.0-255,66,149902,10,322803
54532,0.025021,74.125.24.0-255,5738,155640,10,322803
54533,0.025031,172.31.36.0-255,66,155706,10,322803
54534,0.027288,74.125.24.0-255,5738,161444,10,322803
54535,0.027296,172.31.36.0-255,66,161510,10,322803
54536,0.027954,172.31.36.0-255,164,161674,10,322803
54537,0.027984,172.31.36.0-255,1119,162793,10,322803
54538,0.028044,172.31.36.0-255,1514,164307,10,322803
54539,0.028046,172.31.36.0-255,1284,165591,10,322803
54540,0.029496,104.244.42.0-255,66,165657,10,322803
54541,0.029531,104.244.42.0-255,66,165723,10,322803
54542,0.029591,74.125.24.0-255,5738,171461,10,322803
54543,0.029596,172.31.36.0-255,66,171527,10,322803
54544,0.029624,104.244.42.0-255,66,171593,10,322803
54545,0.030359,104.244.42.0-255,108,171701,10,322803
54546,0.030364,172.31.36.0-255,66,171767,10,322803
54547,0.031845,74.125.24.0-255,5738,177505,10,322803
54548,0.031849,172.31.36.0-255,66,177571,10,322803
54549,0.03413,74.125.24.0-255,5738,183309,10,322803
54550,0.034138,172.31.36.0-255,66,183375,10,322803
54551,0.036422,74.125.24.0-255,5738,189113,10,322803
54552,0.036431,172.31.36.0-255,66,189179,10,322803
54553,0.038695,74.125.24.0-255,2902,192081,10,322803
54554,0.038702,172.31.36.0-255,66,192147,10,322803
54555,0.038726,74.125.24.0-255,2902,195049,10,322803
54556,0.03873,172.31.36.0-255,66,195115,10,322803
54557,0.040943,74.125.24.0-255,5738,200853,10,322803
54558,0.040951,172.31.36.0-255,66,200919,10,322803
54559,0.043198,74.125.24.0-255,5738,206657,10,322803
54560,0.043212,172.31.36.0-255,66,206723,10,322803
54561,0.045523,74.125.24.0-255,5738,212461,10,322803
54562,0.045531,172.31.36.0-255,66,212527,10,322803
54563,0.047773,74.125.24.0-255,5738,218265,10,322803
54564,0.047779,172.31.36.0-255,66,218331,10,322803
54565,0.050034,74.125.24.0-255,5738,224069,10,322803
54566,0.050041,172.31.36.0-255,66,224135,10,322803
54567,0.052339,74.125.24.0-255,5738,229873,10,322803
54568,0.052346,172.31.36.0-255,66,229939,10,322803
54569,0.054634,74.125.24.0-255,5738,235677,10,322803
54570,0.05464,172.31.36.0-255,66,235743,10,322803
54571,0.056896,74.125.24.0-255,5738,241481,10,322803
54572,0.056902,172.31.36.0-255,66,241547,10,322803
54573,0.059189,74.125.24.0-255,5738,247285,10,322803
54574,0.059201,172.31.36.0-255,66,247351,10,322803
54575,0.061537,74.125.24.0-255,5738,253089,10,322803
54576,0.061545,172.31.36.0-255,66,253155,10,322803
54577,0.06379,74.125.24.0-255,5738,258893,10,322803
54578,0.063797,172.31.36.0-255,66,258959,10,322803
54579,0.066077,74.125.24.0-255,5738,264697,10,322803
54580,0.066084,172.31.36.0-255,66,264763,10,322803
54581,0.068352,74.125.24.0-255,5738,270501,10,322803
54582,0.068359,172.31.36.0-255,66,270567,10,322803
54583,0.070616,74.125.24.0-255,5738,276305,10,322803
54584,0.070623,172.31.36.0-255,66,276371,10,322803
54585,0.072939,74.125.24.0-255,5738,282109,10,322803
54586,0.072946,172.31.36.0-255,66,282175,10,322803
54587,0.075173,74.125.24.0-255,5738,287913,10,322803
54588,0.07518,172.31.36.0-255,66,287979,10,322803
54589,0.077401,74.125.24.0-255,5738,293717,10,322803
54590,0.077409,172.31.36.0-255,66,293783,10,322803
54591,0.079754,74.125.24.0-255,5738,299521,10,322803
54592,0.07976,172.31.36.0-255,66,299587,10,322803
54593,0.082016,74.125.24.0-255,5738,305325,10,322803
54594,0.082024,172.31.36.0-255,66,305391,10,322803
54595,0.084285,74.125.24.0-255,5738,311129,10,322803
54596,0.084292,172.31.36.0-255,66,311195,10,322803
54597,0.086556,74.125.24.0-255,5738,316933,10,322803
54598,0.086562,172.31.36.0-255,66,316999,10,322803
54599,0.088779,74.125.24.0-255,5738,322737,10,322803
54600,0.088785,172.31.36.0-255,66,322803,10,322803
54601,0.0,172.217.160.0-255,143,143,10,260663
54602,2.7e-05,172.31.36.0-255,66,209,10,260663
54603,3.4e-05,172.217.160.0-255,1484,1693,10,260663
54604,3.9e-05,172.31.36.0-255,66,1759,10,260663
54605,4.1e-05,172.217.160.0-255,1484,3243,10,260663
54606,5.1e-05,172.31.36.0-255,66,3309,10,260663
54607,5.7e-05,172.217.160.0-255,4320,7629,10,260663
54608,6e-05,172.31.36.0-255,66,7695,10,260663
54609,6.6e-05,172.217.160.0-255,5738,13433,10,260663
54610,7e-05,172.31.36.0-255,66,13499,10,260663
54611,0.000106,172.217.160.0-255,4874,18373,10,260663
54612,0.00011,172.31.36.0-255,66,18439,10,260663
54613,0.000117,172.217.160.0-255,7156,25595,10,260663
54614,0.000119,172.31.36.0-255,66,25661,10,260663
54615,0.000124,172.217.160.0-255,5379,31040,10,260663
54616,0.000126,172.31.36.0-255,66,31106,10,260663
54617,0.000242,172.217.160.0-255,1484,32590,10,260663
54618,0.000247,172.31.36.0-255,66,32656,10,260663
54619,0.000252,172.217.160.0-255,2902,35558,10,260663
54620,0.000254,172.31.36.0-255,66,35624,10,260663
54621,0.000259,172.217.160.0-255,5738,41362,10,260663
54622,0.000262,172.31.36.0-255,66,41428,10,260663
54623,0.000307,172.31.36.0-255,66,41494,10,260663
54624,0.000324,172.31.36.0-255,66,41560,10,260663
54625,0.000326,172.217.160.0-255,370,41930,10,260663
54626,0.000328,172.31.36.0-255,66,41996,10,260663
54627,0.000891,172.217.160.0-255,104,42100,10,260663
54628,0.000899,172.31.36.0-255,66,42166,10,260663
54629,0.001055,172.217.160.0-255,1484,43650,10,260663
54630,0.00106,172.31.36.0-255,66,43716,10,260663
54631,0.001066,172.217.160.0-255,2902,46618,10,260663
54632,0.00107,172.217.160.0-255,1484,48102,10,260663
54633,0.001095,172.217.160.0-255,4320,52422,10,260663
54634,0.0011,172.217.160.0-255,4320,56742,10,260663
54635,0.001128,172.217.160.0-255,4320,61062,10,260663
54636,0.001155,172.217.160.0-255,5738,66800,10,260663
54637,0.001177,172.217.160.0-255,1125,67925,10,260663
54638,0.001518,172.217.160.0-255,1484,69409,10,260663
54639,0.001524,172.217.160.0-255,2902,72311,10,260663
54640,0.001547,172.217.160.0-255,5738,78049,10,260663
54641,0.001564,172.217.160.0-255,5738,83787,10,260663
54642,0.001568,172.217.160.0-255,2902,86689,10,260663
54643,0.00162,172.217.160.0-255,5020,91709,10,260663
54644,0.001652,172.217.160.0-255,1484,93193,10,260663
54645,0.001672,172.217.160.0-255,2902,96095,10,260663
54646,0.001678,172.217.160.0-255,5738,101833,10,260663
54647,0.001681,172.217.160.0-255,1484,103317,10,260663
54648,0.001708,172.217.160.0-255,5738,109055,10,260663
54649,0.001719,172.217.160.0-255,1484,110539,10,260663
54650,0.001789,172.217.160.0-255,1484,112023,10,260663
54651,0.0018,172.217.160.0-255,2184,114207,10,260663
54652,0.001936,172.217.160.0-255,1484,115691,10,260663
54653,0.001958,172.217.160.0-255,2902,118593,10,260663
54654,0.001961,172.217.160.0-255,1484,120077,10,260663
54655,0.001993,172.217.160.0-255,1484,121561,10,260663
54656,0.002007,172.217.160.0-255,2902,124463,10,260663
54657,0.002048,172.217.160.0-255,1484,125947,10,260663
54658,0.002061,172.217.160.0-255,2902,128849,10,260663
54659,0.002078,172.217.160.0-255,5738,134587,10,260663
54660,0.002102,172.217.160.0-255,2902,137489,10,260663
54661,0.002114,172.217.160.0-255,2184,139673,10,260663
54662,0.00219,172.217.160.0-255,1484,141157,10,260663
54663,0.002202,172.217.160.0-255,1484,142641,10,260663
54664,0.002212,172.217.160.0-255,1484,144125,10,260663
54665,0.002216,172.217.160.0-255,2902,147027,10,260663
54666,0.002226,172.217.160.0-255,2902,149929,10,260663
54667,0.00223,172.217.160.0-255,2902,152831,10,260663
54668,0.002243,172.217.160.0-255,1484,154315,10,260663
54669,0.002248,172.217.160.0-255,4320,158635,10,260663
54670,0.002257,172.217.160.0-255,1484,160119,10,260663
54671,0.002259,172.217.160.0-255,1484,161603,10,260663
54672,0.002287,172.217.160.0-255,7156,168759,10,260663
54673,0.002299,172.217.160.0-255,1484,170243,10,260663
54674,0.002335,172.217.160.0-255,3602,173845,10,260663
54675,0.002338,172.217.160.0-255,1484,175329,10,260663
54676,0.002356,172.217.160.0-255,2902,178231,10,260663
54677,0.002399,172.217.160.0-255,7156,185387,10,260663
54678,0.00243,172.217.160.0-255,2902,188289,10,260663
54679,0.002521,172.217.160.0-255,1484,189773,10,260663
54680,0.002526,172.217.160.0-255,2902,192675,10,260663
54681,0.00253,172.217.160.0-255,2902,195577,10,260663
54682,0.002547,172.217.160.0-255,2902,198479,10,260663
54683,0.002579,172.217.160.0-255,4320,202799,10,260663
54684,0.002603,172.217.160.0-255,7156,209955,10,260663
54685,0.002608,172.217.160.0-255,2184,212139,10,260663
54686,0.002675,172.217.160.0-255,1484,213623,10,260663
54687,0.002703,172.217.160.0-255,2902,216525,10,260663
54688,0.002708,172.217.160.0-255,4320,220845,10,260663
54689,0.002722,172.217.160.0-255,1484,222329,10,260663
54690,0.002728,172.217.160.0-255,5738,228067,10,260663
54691,0.002751,172.217.160.0-255,7156,235223,10,260663
54692,0.002777,172.217.160.0-255,5738,240961,10,260663
54693,0.002804,172.217.160.0-255,5020,245981,10,260663
54694,0.002829,172.217.160.0-255,7156,253137,10,260663
54695,0.002857,172.217.160.0-255,2902,256039,10,260663
54696,0.002952,172.217.160.0-255,105,256144,10,260663
54697,0.005457,172.31.36.0-255,66,256210,10,260663
54698,0.008162,172.31.36.0-255,105,256315,10,260663
54699,0.010072,172.217.160.0-255,66,256381,10,260663
54700,0.032602,172.31.36.0-255,167,256548,10,260663
54701,0.032633,172.31.36.0-255,1113,257661,10,260663
54702,0.032676,172.31.36.0-255,1514,259175,10,260663
54703,0.032677,172.31.36.0-255,1290,260465,10,260663
54704,0.034198,104.244.42.0-255,66,260531,10,260663
54705,0.034235,104.244.42.0-255,66,260597,10,260663
54706,0.03428,104.244.42.0-255,66,260663,10,260663
54707,0.0,172.217.194.0-255,153,153,10,176136
54708,1.9e-05,172.31.36.0-255,66,219,10,176136
54709,2.6e-05,172.217.194.0-255,1484,1703,10,176136
54710,3.1e-05,172.31.36.0-255,66,1769,10,176136
54711,3.7e-05,172.217.194.0-255,2902,4671,10,176136
54712,3.9e-05,172.31.36.0-255,66,4737,10,176136
54713,5.5e-05,172.217.194.0-255,7156,11893,10,176136
54714,5.8e-05,172.31.36.0-255,66,11959,10,176136
54715,6.2e-05,172.217.194.0-255,1995,13954,10,176136
54716,6.6e-05,172.31.36.0-255,66,14020,10,176136
54717,0.000121,172.31.36.0-255,66,14086,10,176136
54718,0.000128,172.217.194.0-255,5379,19465,10,176136
54719,0.000131,172.31.36.0-255,66,19531,10,176136
54720,0.000299,172.217.194.0-255,1484,21015,10,176136
54721,0.000304,172.31.36.0-255,66,21081,10,176136
54722,0.00031,172.217.194.0-255,2902,23983,10,176136
54723,0.000312,172.31.36.0-255,66,24049,10,176136
54724,0.000343,172.217.194.0-255,5738,29787,10,176136
54725,0.000346,172.31.36.0-255,66,29853,10,176136
54726,0.000385,172.31.36.0-255,66,29919,10,176136
54727,0.000423,172.217.194.0-255,1484,31403,10,176136
54728,0.000425,172.31.36.0-255,66,31469,10,176136
54729,0.000458,172.31.36.0-255,66,31535,10,176136
54730,0.000462,172.217.194.0-255,1412,32947,10,176136
54731,0.000464,172.31.36.0-255,66,33013,10,176136
54732,0.000486,172.217.194.0-255,368,33381,10,176136
54733,0.00049,172.31.36.0-255,66,33447,10,176136
54734,0.00057,172.217.194.0-255,1484,34931,10,176136
54735,0.000574,172.31.36.0-255,66,34997,10,176136
54736,0.000579,172.217.194.0-255,2902,37899,10,176136
54737,0.000586,172.217.194.0-255,4320,42219,10,176136
54738,0.000611,172.217.194.0-255,1484,43703,10,176136
54739,0.00062,172.217.194.0-255,6797,50500,10,176136
54740,0.000626,172.31.36.0-255,66,50566,10,176136
54741,0.000665,172.217.194.0-255,5738,56304,10,176136
54742,0.00067,172.31.36.0-255,66,56370,10,176136
54743,0.000696,172.217.194.0-255,2543,58913,10,176136
54744,0.000721,172.31.36.0-255,66,58979,10,176136
54745,0.001025,172.217.194.0-255,1484,60463,10,176136
54746,0.00103,172.217.194.0-255,2902,63365,10,176136
54747,0.001041,172.31.36.0-255,66,63431,10,176136
54748,0.001044,172.217.194.0-255,1484,64915,10,176136
54749,0.001072,172.217.194.0-255,4320,69235,10,176136
54750,0.001078,172.217.194.0-255,4320,73555,10,176136
54751,0.001086,172.31.36.0-255,66,73621,10,176136
54752,0.001123,172.217.194.0-255,7156,80777,10,176136
54753,0.001149,172.31.36.0-255,66,80843,10,176136
54754,0.001175,172.217.194.0-255,1484,82327,10,176136
54755,0.001197,172.217.194.0-255,2902,85229,10,176136
54756,0.001201,172.217.194.0-255,1484,86713,10,176136
54757,0.001212,172.217.194.0-255,2902,89615,10,176136
54758,0.001223,172.217.194.0-255,1484,91099,10,176136
54759,0.001236,172.31.36.0-255,66,91165,10,176136
54760,0.001268,172.217.194.0-255,4320,95485,10,176136
54761,0.001282,172.217.194.0-255,2902,98387,10,176136
54762,0.001292,172.31.36.0-255,66,98453,10,176136
54763,0.001345,172.217.194.0-255,1484,99937,10,176136
54764,0.001371,172.31.36.0-255,66,100003,10,176136
54765,0.001384,172.217.194.0-255,2902,102905,10,176136
54766,0.001439,172.217.194.0-255,4320,107225,10,176136
54767,0.001456,172.217.194.0-255,6438,113663,10,176136
54768,0.001467,172.31.36.0-255,66,113729,10,176136
54769,0.001479,172.217.194.0-255,2902,116631,10,176136
54770,0.001548,172.31.36.0-255,66,116697,10,176136
54771,0.001554,172.217.194.0-255,4320,121017,10,176136
54772,0.001562,172.31.36.0-255,66,121083,10,176136
54773,0.00161,172.217.194.0-255,1484,122567,10,176136
54774,0.001619,172.217.194.0-255,7156,129723,10,176136
54775,0.001627,172.31.36.0-255,66,129789,10,176136
54776,0.001647,172.217.194.0-255,2184,131973,10,176136
54777,0.001659,172.217.194.0-255,1484,133457,10,176136
54778,0.001675,172.217.194.0-255,7156,140613,10,176136
54779,0.001686,172.31.36.0-255,66,140679,10,176136
54780,0.001739,172.31.36.0-255,66,140745,10,176136
54781,0.001767,172.217.194.0-255,1484,142229,10,176136
54782,0.001773,172.217.194.0-255,2902,145131,10,176136
54783,0.001779,172.217.194.0-255,4320,149451,10,176136
54784,0.001785,172.31.36.0-255,66,149517,10,176136
54785,0.001793,172.217.194.0-255,1484,151001,10,176136
54786,0.001844,172.31.36.0-255,66,151067,10,176136
54787,0.001885,172.217.194.0-255,4320,155387,10,176136
54788,0.001895,172.31.36.0-255,66,155453,10,176136
54789,0.001919,172.217.194.0-255,7156,162609,10,176136
54790,0.001951,172.31.36.0-255,66,162675,10,176136
54791,0.001989,172.31.36.0-255,66,162741,10,176136
54792,0.002021,172.217.194.0-255,3602,166343,10,176136
54793,0.002027,172.217.194.0-255,5169,171512,10,176136
54794,0.00203,172.217.194.0-255,105,171617,10,176136
54795,0.002082,172.31.36.0-255,66,171683,10,176136
54796,0.004764,172.31.36.0-255,105,171788,10,176136
54797,0.007122,172.217.194.0-255,66,171854,10,176136
54798,0.03085,172.31.36.0-255,167,172021,10,176136
54799,0.030885,172.31.36.0-255,1111,173132,10,176136
54800,0.030945,172.31.36.0-255,1514,174646,10,176136
54801,0.030947,172.31.36.0-255,1292,175938,10,176136
54802,0.032386,104.244.42.0-255,66,176004,10,176136
54803,0.032425,104.244.42.0-255,66,176070,10,176136
54804,0.032476,104.244.42.0-255,66,176136,10,176136
54805,0.0,74.125.24.0-255,288,288,10,225403
54806,3.1e-05,172.31.36.0-255,66,354,10,225403
54807,3.8e-05,74.125.24.0-255,1484,1838,10,225403
54808,4.3e-05,172.31.36.0-255,66,1904,10,225403
54809,4.8e-05,74.125.24.0-255,2902,4806,10,225403
54810,5.1e-05,172.31.36.0-255,66,4872,10,225403
54811,5.6e-05,74.125.24.0-255,4320,9192,10,225403
54812,5.9e-05,172.31.36.0-255,66,9258,10,225403
54813,8.9e-05,74.125.24.0-255,7156,16414,10,225403
54814,9.4e-05,172.31.36.0-255,66,16480,10,225403
54815,0.000114,74.125.24.0-255,1905,18385,10,225403
54816,0.000117,172.31.36.0-255,66,18451,10,225403
54817,0.000128,172.31.36.0-255,66,18517,10,225403
54818,0.000156,74.125.24.0-255,3961,22478,10,225403
54819,0.000159,172.31.36.0-255,66,22544,10,225403
54820,0.000253,74.125.24.0-255,1484,24028,10,225403
54821,0.000259,172.31.36.0-255,66,24094,10,225403
54822,0.000264,74.125.24.0-255,2902,26996,10,225403
54823,0.000266,172.31.36.0-255,66,27062,10,225403
54824,0.000282,74.125.24.0-255,5738,32800,10,225403
54825,0.000285,172.31.36.0-255,66,32866,10,225403
54826,0.000309,74.125.24.0-255,4320,37186,10,225403
54827,0.000311,172.31.36.0-255,66,37252,10,225403
54828,0.000342,172.31.36.0-255,66,37318,10,225403
54829,0.000361,74.125.24.0-255,5738,43056,10,225403
54830,0.000364,172.31.36.0-255,66,43122,10,225403
54831,0.000382,74.125.24.0-255,4230,47352,10,225403
54832,0.000385,172.31.36.0-255,66,47418,10,225403
54833,0.000396,74.125.24.0-255,385,47803,10,225403
54834,0.000401,172.31.36.0-255,66,47869,10,225403
54835,0.000496,74.125.24.0-255,1484,49353,10,225403
54836,0.000503,74.125.24.0-255,2902,52255,10,225403
54837,0.000506,172.31.36.0-255,66,52321,10,225403
54838,0.000529,74.125.24.0-255,5738,58059,10,225403
54839,0.000532,172.31.36.0-255,66,58125,10,225403
54840,0.000554,74.125.24.0-255,4320,62445,10,225403
54841,0.000558,172.31.36.0-255,66,62511,10,225403
54842,0.000594,172.31.36.0-255,66,62577,10,225403
54843,0.0006,172.31.36.0-255,66,62643,10,225403
54844,0.000893,74.125.24.0-255,1484,64127,10,225403
54845,0.0009,74.125.24.0-255,2902,67029,10,225403
54846,0.000903,172.31.36.0-255,66,67095,10,225403
54847,0.000909,74.125.24.0-255,4320,71415,10,225403
54848,0.000911,172.31.36.0-255,66,71481,10,225403
54849,0.000927,74.125.24.0-255,1484,72965,10,225403
54850,0.000935,74.125.24.0-255,7156,80121,10,225403
54851,0.000938,172.31.36.0-255,66,80187,10,225403
54852,0.000944,74.125.24.0-255,5738,85925,10,225403
54853,0.000947,172.31.36.0-255,66,85991,10,225403
54854,0.000975,74.125.24.0-255,7156,93147,10,225403
54855,0.000979,172.31.36.0-255,66,93213,10,225403
54856,0.000996,74.125.24.0-255,1484,94697,10,225403
54857,0.001001,74.125.24.0-255,1636,96333,10,225403
54858,0.001004,172.31.36.0-255,66,96399,10,225403
54859,0.001037,74.125.24.0-255,1484,97883,10,225403
54860,0.001043,74.125.24.0-255,2902,100785,10,225403
54861,0.001047,172.31.36.0-255,66,100851,10,225403
54862,0.001055,74.125.24.0-255,2902,103753,10,225403
54863,0.001058,172.31.36.0-255,66,103819,10,225403
54864,0.001077,74.125.24.0-255,2902,106721,10,225403
54865,0.001079,172.31.36.0-255,66,106787,10,225403
54866,0.001086,74.125.24.0-255,7156,113943,10,225403
54867,0.001088,172.31.36.0-255,66,114009,10,225403
54868,0.001091,74.125.24.0-255,1484,115493,10,225403
54869,0.001113,172.31.36.0-255,66,115559,10,225403
54870,0.001138,74.125.24.0-255,4320,119879,10,225403
54871,0.001141,74.125.24.0-255,2184,122063,10,225403
54872,0.001141,172.31.36.0-255,66,122129,10,225403
54873,0.001144,172.31.36.0-255,66,122195,10,225403
54874,0.00164,74.125.24.0-255,1484,123679,10,225403
54875,0.001647,74.125.24.0-255,2902,126581,10,225403
54876,0.00165,172.31.36.0-255,66,126647,10,225403
54877,0.001658,74.125.24.0-255,5738,132385,10,225403
54878,0.001661,172.31.36.0-255,66,132451,10,225403
54879,0.001674,74.125.24.0-255,5738,138189,10,225403
54880,0.001676,172.31.36.0-255,66,138255,10,225403
54881,0.001698,74.125.24.0-255,7156,145411,10,225403
54882,0.001701,172.31.36.0-255,66,145477,10,225403
54883,0.001713,172.31.36.0-255,66,145543,10,225403
54884,0.001737,74.125.24.0-255,766,146309,10,225403
54885,0.001958,172.31.36.0-255,66,146375,10,225403
54886,0.00238,74.125.24.0-255,1484,147859,10,225403
54887,0.00239,74.125.24.0-255,2902,150761,10,225403
54888,0.002394,172.31.36.0-255,66,150827,10,225403
54889,0.002401,74.125.24.0-255,4320,155147,10,225403
54890,0.002403,172.31.36.0-255,66,155213,10,225403
54891,0.002407,74.125.24.0-255,2902,158115,10,225403
54892,0.002409,172.31.36.0-255,66,158181,10,225403
54893,0.002473,172.31.36.0-255,66,158247,10,225403
54894,0.002487,172.31.36.0-255,66,158313,10,225403
54895,0.002854,74.125.24.0-255,1484,159797,10,225403
54896,0.002862,74.125.24.0-255,2902,162699,10,225403
54897,0.002866,172.31.36.0-255,66,162765,10,225403
54898,0.002872,74.125.24.0-255,4320,167085,10,225403
54899,0.002874,172.31.36.0-255,66,167151,10,225403
54900,0.002907,172.31.36.0-255,66,167217,10,225403
54901,0.002911,74.125.24.0-255,1484,168701,10,225403
54902,0.002916,74.125.24.0-255,2902,171603,10,225403
54903,0.002918,172.31.36.0-255,66,171669,10,225403
54904,0.002951,172.31.36.0-255,66,171735,10,225403
54905,0.003036,74.125.24.0-255,1484,173219,10,225403
54906,0.003044,74.125.24.0-255,2902,176121,10,225403
54907,0.003047,172.31.36.0-255,66,176187,10,225403
54908,0.003053,74.125.24.0-255,4320,180507,10,225403
54909,0.003055,172.31.36.0-255,66,180573,10,225403
54910,0.003074,74.125.24.0-255,1484,182057,10,225403
54911,0.003078,74.125.24.0-255,4320,186377,10,225403
54912,0.00308,172.31.36.0-255,66,186443,10,225403
54913,0.003106,172.31.36.0-255,66,186509,10,225403
54914,0.003142,172.31.36.0-255,66,186575,10,225403
54915,0.003429,74.125.24.0-255,1484,188059,10,225403
54916,0.003432,74.125.24.0-255,1484,189543,10,225403
54917,0.003434,172.31.36.0-255,66,189609,10,225403
54918,0.003455,74.125.24.0-255,4320,193929,10,225403
54919,0.003457,172.31.36.0-255,66,193995,10,225403
54920,0.003473,74.125.24.0-255,4320,198315,10,225403
54921,0.003475,172.31.36.0-255,66,198381,10,225403
54922,0.003497,74.125.24.0-255,5738,204119,10,225403
54923,0.003499,172.31.36.0-255,66,204185,10,225403
54924,0.003504,74.125.24.0-255,4320,208505,10,225403
54925,0.003506,172.31.36.0-255,66,208571,10,225403
54926,0.003529,74.125.24.0-255,1484,210055,10,225403
54927,0.003554,172.31.36.0-255,66,210121,10,225403
54928,0.003573,74.125.24.0-255,2184,212305,10,225403
54929,0.003575,172.31.36.0-255,66,212371,10,225403
54930,0.003589,172.31.36.0-255,66,212437,10,225403
54931,0.003647,172.31.36.0-255,66,212503,10,225403
54932,0.003663,74.125.24.0-255,2184,214687,10,225403
54933,0.003665,172.31.36.0-255,66,214753,10,225403
54934,0.003676,172.31.36.0-255,66,214819,10,225403
54935,0.00372,172.31.36.0-255,66,214885,10,225403
54936,0.003759,74.125.24.0-255,1484,216369,10,225403
54937,0.00378,74.125.24.0-255,4344,220713,10,225403
54938,0.003783,172.31.36.0-255,66,220779,10,225403
54939,0.003786,74.125.24.0-255,105,220884,10,225403
54940,0.007951,172.31.36.0-255,66,220950,10,225403
54941,0.007978,172.31.36.0-255,105,221055,10,225403
54942,0.01023,74.125.24.0-255,66,221121,10,225403
54943,0.037918,172.31.36.0-255,167,221288,10,225403
54944,0.037952,172.31.36.0-255,1112,222400,10,225403
54945,0.037996,172.31.36.0-255,1514,223914,10,225403
54946,0.037998,172.31.36.0-255,1291,225205,10,225403
54947,0.039448,104.244.42.0-255,66,225271,10,225403
54948,0.03952,104.244.42.0-255,66,225337,10,225403
54949,0.039549,104.244.42.0-255,66,225403,10,225403
54950,0.0,172.217.194.0-255,143,143,10,327151
54951,1.6e-05,172.31.36.0-255,66,209,10,327151
54952,2.2e-05,172.217.194.0-255,1484,1693,10,327151
54953,2.7e-05,172.31.36.0-255,66,1759,10,327151
54954,3.2e-05,172.217.194.0-255,2902,4661,10,327151
54955,3.6e-05,172.31.36.0-255,66,4727,10,327151
54956,4.1e-05,172.217.194.0-255,4320,9047,10,327151
54957,4.4e-05,172.31.36.0-255,66,9113,10,327151
54958,5e-05,172.217.194.0-255,4877,13990,10,327151
54959,5.3e-05,172.31.36.0-255,66,14056,10,327151
54960,9.3e-05,172.217.194.0-255,1484,15540,10,327151
54961,9.6e-05,172.31.36.0-255,66,15606,10,327151
54962,0.000101,172.217.194.0-255,2902,18508,10,327151
54963,0.000103,172.31.36.0-255,66,18574,10,327151
54964,0.000134,172.217.194.0-255,4320,22894,10,327151
54965,0.000137,172.31.36.0-255,66,22960,10,327151
54966,0.00015,172.217.194.0-255,1484,24444,10,327151
54967,0.000154,172.31.36.0-255,66,24510,10,327151
54968,0.000163,172.217.194.0-255,6797,31307,10,327151
54969,0.000165,172.31.36.0-255,66,31373,10,327151
54970,0.000247,172.217.194.0-255,1484,32857,10,327151
54971,0.000251,172.31.36.0-255,66,32923,10,327151
54972,0.000258,172.217.194.0-255,2902,35825,10,327151
54973,0.000261,172.31.36.0-255,66,35891,10,327151
54974,0.000268,172.217.194.0-255,5738,41629,10,327151
54975,0.00027,172.31.36.0-255,66,41695,10,327151
54976,0.000307,172.217.194.0-255,6797,48492,10,327151
54977,0.00031,172.31.36.0-255,66,48558,10,327151
54978,0.000329,172.217.194.0-255,7156,55714,10,327151
54979,0.000332,172.31.36.0-255,66,55780,10,327151
54980,0.000364,172.31.36.0-255,66,55846,10,327151
54981,0.000367,172.217.194.0-255,363,56209,10,327151
54982,0.000779,172.217.194.0-255,381,56590,10,327151
54983,0.000898,172.31.36.0-255,66,56656,10,327151
54984,0.00102,172.217.194.0-255,1484,58140,10,327151
54985,0.00103,172.217.194.0-255,2902,61042,10,327151
54986,0.001034,172.31.36.0-255,66,61108,10,327151
54987,0.001042,172.217.194.0-255,5738,66846,10,327151
54988,0.001044,172.31.36.0-255,66,66912,10,327151
54989,0.00105,172.217.194.0-255,5738,72650,10,327151
54990,0.001051,172.31.36.0-255,66,72716,10,327151
54991,0.001089,172.217.194.0-255,1484,74200,10,327151
54992,0.001106,172.217.194.0-255,4320,78520,10,327151
54993,0.001109,172.31.36.0-255,66,78586,10,327151
54994,0.001134,172.217.194.0-255,7156,85742,10,327151
54995,0.001137,172.31.36.0-255,66,85808,10,327151
54996,0.001143,172.217.194.0-255,5020,90828,10,327151
54997,0.001145,172.31.36.0-255,66,90894,10,327151
54998,0.001862,172.217.194.0-255,1484,92378,10,327151
54999,0.001871,172.217.194.0-255,2902,95280,10,327151
55000,0.001876,172.31.36.0-255,66,95346,10,327151
55001,0.001883,172.217.194.0-255,5738,101084,10,327151
55002,0.001886,172.31.36.0-255,66,101150,10,327151
55003,0.001921,172.31.36.0-255,66,101216,10,327151
55004,0.001932,172.31.36.0-255,66,101282,10,327151
55005,0.002163,172.217.194.0-255,1484,102766,10,327151
55006,0.002166,172.217.194.0-255,1484,104250,10,327151
55007,0.002169,172.31.36.0-255,66,104316,10,327151
55008,0.002187,172.217.194.0-255,1484,105800,10,327151
55009,0.002193,172.217.194.0-255,5738,111538,10,327151
55010,0.002196,172.31.36.0-255,66,111604,10,327151
55011,0.002211,172.217.194.0-255,2902,114506,10,327151
55012,0.002213,172.31.36.0-255,66,114572,10,327151
55013,0.002248,172.31.36.0-255,66,114638,10,327151
55014,0.002255,172.217.194.0-255,7156,121794,10,327151
55015,0.002257,172.31.36.0-255,66,121860,10,327151
55016,0.002271,172.217.194.0-255,3602,125462,10,327151
55017,0.002273,172.31.36.0-255,66,125528,10,327151
55018,0.004805,172.217.194.0-255,5738,131266,10,327151
55019,0.00481,172.31.36.0-255,66,131332,10,327151
55020,0.007353,172.217.194.0-255,5738,137070,10,327151
55021,0.007363,172.31.36.0-255,66,137136,10,327151
55022,0.009942,172.217.194.0-255,5738,142874,10,327151
55023,0.00996,172.31.36.0-255,66,142940,10,327151
55024,0.012546,172.217.194.0-255,5738,148678,10,327151
55025,0.012565,172.31.36.0-255,66,148744,10,327151
55026,0.015134,172.217.194.0-255,5738,154482,10,327151
55027,0.015153,172.31.36.0-255,66,154548,10,327151
55028,0.017774,172.217.194.0-255,5738,160286,10,327151
55029,0.017794,172.31.36.0-255,66,160352,10,327151
55030,0.020398,172.217.194.0-255,5738,166090,10,327151
55031,0.020416,172.31.36.0-255,66,166156,10,327151
55032,0.022964,172.217.194.0-255,5738,171894,10,327151
55033,0.022982,172.31.36.0-255,66,171960,10,327151
55034,0.023325,172.31.36.0-255,172,172132,10,327151
55035,0.023353,172.31.36.0-255,1111,173243,10,327151
55036,0.023411,172.31.36.0-255,1514,174757,10,327151
55037,0.023413,172.31.36.0-255,1292,176049,10,327151
55038,0.024884,104.244.42.0-255,66,176115,10,327151
55039,0.024919,104.244.42.0-255,66,176181,10,327151
55040,0.024977,104.244.42.0-255,66,176247,10,327151
55041,0.025525,172.217.194.0-255,5738,181985,10,327151
55042,0.025532,172.31.36.0-255,66,182051,10,327151
55043,0.028085,172.217.194.0-255,5738,187789,10,327151
55044,0.028097,172.31.36.0-255,66,187855,10,327151
55045,0.030649,172.217.194.0-255,5738,193593,10,327151
55046,0.030658,172.31.36.0-255,66,193659,10,327151
55047,0.033221,172.217.194.0-255,5738,199397,10,327151
55048,0.033236,172.31.36.0-255,66,199463,10,327151
55049,0.035824,172.217.194.0-255,5738,205201,10,327151
55050,0.035841,172.31.36.0-255,66,205267,10,327151
55051,0.038408,172.217.194.0-255,5738,211005,10,327151
55052,0.038424,172.31.36.0-255,66,211071,10,327151
55053,0.040958,172.217.194.0-255,5738,216809,10,327151
55054,0.040967,172.31.36.0-255,66,216875,10,327151
55055,0.043518,172.217.194.0-255,5738,222613,10,327151
55056,0.043542,172.31.36.0-255,66,222679,10,327151
55057,0.046106,172.217.194.0-255,5738,228417,10,327151
55058,0.046114,172.31.36.0-255,66,228483,10,327151
55059,0.048694,172.217.194.0-255,5738,234221,10,327151
55060,0.048703,172.31.36.0-255,66,234287,10,327151
55061,0.051292,172.217.194.0-255,5738,240025,10,327151
55062,0.051304,172.31.36.0-255,66,240091,10,327151
55063,0.053842,172.217.194.0-255,5738,245829,10,327151
55064,0.053853,172.31.36.0-255,66,245895,10,327151
55065,0.056404,172.217.194.0-255,5738,251633,10,327151
55066,0.056415,172.31.36.0-255,66,251699,10,327151
55067,0.058965,172.217.194.0-255,5738,257437,10,327151
55068,0.058977,172.31.36.0-255,66,257503,10,327151
55069,0.06152,172.217.194.0-255,5738,263241,10,327151
55070,0.061533,172.31.36.0-255,66,263307,10,327151
55071,0.064077,172.217.194.0-255,5738,269045,10,327151
55072,0.064086,172.31.36.0-255,66,269111,10,327151
55073,0.066662,172.217.194.0-255,5738,274849,10,327151
55074,0.06667,172.31.36.0-255,66,274915,10,327151
55075,0.069218,172.217.194.0-255,5738,280653,10,327151
55076,0.06923,172.31.36.0-255,66,280719,10,327151
55077,0.071798,172.217.194.0-255,5738,286457,10,327151
55078,0.07181,172.31.36.0-255,66,286523,10,327151
55079,0.074394,172.217.194.0-255,5738,292261,10,327151
55080,0.074408,172.31.36.0-255,66,292327,10,327151
55081,0.076957,172.217.194.0-255,5738,298065,10,327151
55082,0.076965,172.31.36.0-255,66,298131,10,327151
55083,0.079505,172.217.194.0-255,5738,303869,10,327151
55084,0.079512,172.31.36.0-255,66,303935,10,327151
55085,0.08206,172.217.194.0-255,5738,309673,10,327151
55086,0.082067,172.31.36.0-255,66,309739,10,327151
55087,0.084603,172.217.194.0-255,5738,315477,10,327151
55088,0.084613,172.31.36.0-255,66,315543,10,327151
55089,0.087166,172.217.194.0-255,5738,321281,10,327151
55090,0.087175,172.31.36.0-255,66,321347,10,327151
55091,0.089753,172.217.194.0-255,5738,327085,10,327151
55092,0.089763,172.31.36.0-255,66,327151,10,327151
55093,0.0,74.125.24.0-255,153,153,10,299038
55094,1.6e-05,172.31.36.0-255,66,219,10,299038
55095,2.4e-05,74.125.24.0-255,1484,1703,10,299038
55096,2.9e-05,172.31.36.0-255,66,1769,10,299038
55097,3.5e-05,74.125.24.0-255,2902,4671,10,299038
55098,3.8e-05,172.31.36.0-255,66,4737,10,299038
55099,4.4e-05,74.125.24.0-255,4320,9057,10,299038
55100,4.7e-05,172.31.36.0-255,66,9123,10,299038
55101,9e-05,74.125.24.0-255,4873,13996,10,299038
55102,9.4e-05,172.31.36.0-255,66,14062,10,299038
55103,0.000117,74.125.24.0-255,5738,19800,10,299038
55104,0.000119,172.31.36.0-255,66,19866,10,299038
55105,0.000143,74.125.24.0-255,4320,24186,10,299038
55106,0.000146,172.31.36.0-255,66,24252,10,299038
55107,0.00017,74.125.24.0-255,6797,31049,10,299038
55108,0.000178,172.31.36.0-255,66,31115,10,299038
55109,0.00023,74.125.24.0-255,1484,32599,10,299038
55110,0.000234,172.31.36.0-255,66,32665,10,299038
55111,0.000249,74.125.24.0-255,2902,35567,10,299038
55112,0.000252,172.31.36.0-255,66,35633,10,299038
55113,0.000258,74.125.24.0-255,5738,41371,10,299038
55114,0.000261,172.31.36.0-255,66,41437,10,299038
55115,0.000287,74.125.24.0-255,4320,45757,10,299038
55116,0.000289,172.31.36.0-255,66,45823,10,299038
55117,0.000314,172.31.36.0-255,66,45889,10,299038
55118,0.000337,74.125.24.0-255,3961,49850,10,299038
55119,0.00034,172.31.36.0-255,66,49916,10,299038
55120,0.000347,74.125.24.0-255,7103,57019,10,299038
55121,0.000349,172.31.36.0-255,66,57085,10,299038
55122,0.000835,74.125.24.0-255,114,57199,10,299038
55123,0.000841,172.31.36.0-255,66,57265,10,299038
55124,0.00114,74.125.24.0-255,331,57596,10,299038
55125,0.001653,74.125.24.0-255,1484,59080,10,299038
55126,0.00166,172.31.36.0-255,66,59146,10,299038
55127,0.001667,74.125.24.0-255,1484,60630,10,299038
55128,0.001679,74.125.24.0-255,1484,62114,10,299038
55129,0.001682,172.31.36.0-255,66,62180,10,299038
55130,0.001708,74.125.24.0-255,5738,67918,10,299038
55131,0.00171,172.31.36.0-255,66,67984,10,299038
55132,0.001725,172.31.36.0-255,66,68050,10,299038
55133,0.001756,172.31.36.0-255,66,68116,10,299038
55134,0.001773,74.125.24.0-255,2184,70300,10,299038
55135,0.001776,172.31.36.0-255,66,70366,10,299038
55136,0.002282,74.125.24.0-255,1484,71850,10,299038
55137,0.003982,74.125.24.0-255,1484,73334,10,299038
55138,0.003986,172.31.36.0-255,66,73400,10,299038
55139,0.00404,74.125.24.0-255,2902,76302,10,299038
55140,0.004042,172.31.36.0-255,66,76368,10,299038
55141,0.006247,74.125.24.0-255,2902,79270,10,299038
55142,0.006251,172.31.36.0-255,66,79336,10,299038
55143,0.006298,74.125.24.0-255,1484,80820,10,299038
55144,0.006313,74.125.24.0-255,1484,82304,10,299038
55145,0.006315,172.31.36.0-255,66,82370,10,299038
55146,0.008522,74.125.24.0-255,2902,85272,10,299038
55147,0.008533,172.31.36.0-255,66,85338,10,299038
55148,0.008584,74.125.24.0-255,2902,88240,10,299038
55149,0.008587,172.31.36.0-255,66,88306,10,299038
55150,0.010784,74.125.24.0-255,2902,91208,10,299038
55151,0.010793,172.31.36.0-255,66,91274,10,299038
55152,0.01083,74.125.24.0-255,2902,94176,10,299038
55153,0.010833,172.31.36.0-255,66,94242,10,299038
55154,0.013055,74.125.24.0-255,2902,97144,10,299038
55155,0.013063,172.31.36.0-255,66,97210,10,299038
55156,0.013098,74.125.24.0-255,2902,100112,10,299038
55157,0.013101,172.31.36.0-255,66,100178,10,299038
55158,0.015366,74.125.24.0-255,5738,105916,10,299038
55159,0.015377,172.31.36.0-255,66,105982,10,299038
55160,0.017623,74.125.24.0-255,5738,111720,10,299038
55161,0.017632,172.31.36.0-255,66,111786,10,299038
55162,0.019903,74.125.24.0-255,5738,117524,10,299038
55163,0.01991,172.31.36.0-255,66,117590,10,299038
55164,0.022196,74.125.24.0-255,5738,123328,10,299038
55165,0.022204,172.31.36.0-255,66,123394,10,299038
55166,0.024486,74.125.24.0-255,5738,129132,10,299038
55167,0.024496,172.31.36.0-255,66,129198,10,299038
55168,0.026785,74.125.24.0-255,5738,134936,10,299038
55169,0.026799,172.31.36.0-255,66,135002,10,299038
55170,0.029073,74.125.24.0-255,5738,140740,10,299038
55171,0.029083,172.31.36.0-255,66,140806,10,299038
55172,0.031358,74.125.24.0-255,5738,146544,10,299038
55173,0.031366,172.31.36.0-255,66,146610,10,299038
55174,0.031498,172.31.36.0-255,172,146782,10,299038
55175,0.031525,172.31.36.0-255,1113,147895,10,299038
55176,0.031639,172.31.36.0-255,1514,149409,10,299038
55177,0.031641,172.31.36.0-255,1514,150923,10,299038
55178,0.031642,172.31.36.0-255,1514,152437,10,299038
55179,0.031644,172.31.36.0-255,1070,153507,10,299038
55180,0.033046,104.244.42.0-255,66,153573,10,299038
55181,0.033075,104.244.42.0-255,66,153639,10,299038
55182,0.033254,104.244.42.0-255,66,153705,10,299038
55183,0.033268,104.244.42.0-255,66,153771,10,299038
55184,0.033604,74.125.24.0-255,5738,159509,10,299038
55185,0.033611,172.31.36.0-255,66,159575,10,299038
55186,0.035884,74.125.24.0-255,5738,165313,10,299038
55187,0.035891,172.31.36.0-255,66,165379,10,299038
55188,0.035997,172.31.36.0-255,101,165480,10,299038
55189,0.038137,74.125.24.0-255,5738,171218,10,299038
55190,0.038156,172.31.36.0-255,66,171284,10,299038
55191,0.038193,74.125.24.0-255,66,171350,10,299038
55192,0.040421,74.125.24.0-255,5738,177088,10,299038
55193,0.040428,172.31.36.0-255,66,177154,10,299038
55194,0.042746,74.125.24.0-255,5738,182892,10,299038
55195,0.042753,172.31.36.0-255,66,182958,10,299038
55196,0.045047,74.125.24.0-255,5738,188696,10,299038
55197,0.045053,172.31.36.0-255,66,188762,10,299038
55198,0.047332,74.125.24.0-255,5738,194500,10,299038
55199,0.047341,172.31.36.0-255,66,194566,10,299038
55200,0.049584,74.125.24.0-255,5738,200304,10,299038
55201,0.049591,172.31.36.0-255,66,200370,10,299038
55202,0.051881,74.125.24.0-255,5738,206108,10,299038
55203,0.051886,172.31.36.0-255,66,206174,10,299038
55204,0.054197,74.125.24.0-255,5738,211912,10,299038
55205,0.054203,172.31.36.0-255,66,211978,10,299038
55206,0.056475,74.125.24.0-255,5738,217716,10,299038
55207,0.056483,172.31.36.0-255,66,217782,10,299038
55208,0.058744,74.125.24.0-255,5738,223520,10,299038
55209,0.058754,172.31.36.0-255,66,223586,10,299038
55210,0.061023,74.125.24.0-255,5738,229324,10,299038
55211,0.06103,172.31.36.0-255,66,229390,10,299038
55212,0.063316,74.125.24.0-255,5738,235128,10,299038
55213,0.063323,172.31.36.0-255,66,235194,10,299038
55214,0.065592,74.125.24.0-255,5738,240932,10,299038
55215,0.065599,172.31.36.0-255,66,240998,10,299038
55216,0.067861,74.125.24.0-255,5738,246736,10,299038
55217,0.067867,172.31.36.0-255,66,246802,10,299038
55218,0.070138,74.125.24.0-255,5738,252540,10,299038
55219,0.070156,172.31.36.0-255,66,252606,10,299038
55220,0.072458,74.125.24.0-255,5738,258344,10,299038
55221,0.072466,172.31.36.0-255,66,258410,10,299038
55222,0.074716,74.125.24.0-255,5738,264148,10,299038
55223,0.074722,172.31.36.0-255,66,264214,10,299038
55224,0.07699,74.125.24.0-255,5738,269952,10,299038
55225,0.076997,172.31.36.0-255,66,270018,10,299038
55226,0.079257,74.125.24.0-255,5738,275756,10,299038
55227,0.079264,172.31.36.0-255,66,275822,10,299038
55228,0.081509,74.125.24.0-255,5738,281560,10,299038
55229,0.081516,172.31.36.0-255,66,281626,10,299038
55230,0.083766,74.125.24.0-255,5738,287364,10,299038
55231,0.083771,172.31.36.0-255,66,287430,10,299038
55232,0.086048,74.125.24.0-255,5738,293168,10,299038
55233,0.086055,172.31.36.0-255,66,293234,10,299038
55234,0.088304,74.125.24.0-255,5738,298972,10,299038
55235,0.08831,172.31.36.0-255,66,299038,10,299038
55236,0.0,74.125.200.0-255,153,153,10,285600
55237,2.2e-05,172.31.36.0-255,66,219,10,285600
55238,3e-05,74.125.200.0-255,1484,1703,10,285600
55239,3.4e-05,172.31.36.0-255,66,1769,10,285600
55240,5.2e-05,74.125.200.0-255,2902,4671,10,285600
55241,5.7e-05,172.31.36.0-255,66,4737,10,285600
55242,6e-05,74.125.200.0-255,1484,6221,10,285600
55243,6.3e-05,172.31.36.0-255,66,6287,10,285600
55244,9.3e-05,74.125.200.0-255,2902,9189,10,285600
55245,9.6e-05,172.31.36.0-255,66,9255,10,285600
55246,0.000132,74.125.200.0-255,2902,12157,10,285600
55247,0.000135,172.31.36.0-255,66,12223,10,285600
55248,0.000152,74.125.200.0-255,2071,14294,10,285600
55249,0.000155,172.31.36.0-255,66,14360,10,285600
55250,0.000221,74.125.200.0-255,1484,15844,10,285600
55251,0.000223,172.31.36.0-255,66,15910,10,285600
55252,0.000246,74.125.200.0-255,2902,18812,10,285600
55253,0.00025,172.31.36.0-255,66,18878,10,285600
55254,0.000291,74.125.200.0-255,2902,21780,10,285600
55255,0.000295,172.31.36.0-255,66,21846,10,285600
55256,0.000314,74.125.200.0-255,2902,24748,10,285600
55257,0.000316,172.31.36.0-255,66,24814,10,285600
55258,0.000383,74.125.200.0-255,5738,30552,10,285600
55259,0.000387,172.31.36.0-255,66,30618,10,285600
55260,0.000504,74.125.200.0-255,7156,37774,10,285600
55261,0.000509,172.31.36.0-255,66,37840,10,285600
55262,0.000533,74.125.200.0-255,6797,44637,10,285600
55263,0.000536,172.31.36.0-255,66,44703,10,285600
55264,0.00071,74.125.200.0-255,7156,51859,10,285600
55265,0.000717,172.31.36.0-255,66,51925,10,285600
55266,0.000843,172.31.36.0-255,66,51991,10,285600
55267,0.000855,74.125.200.0-255,5386,57377,10,285600
55268,0.000877,172.31.36.0-255,66,57443,10,285600
55269,0.001089,74.125.200.0-255,5738,63181,10,285600
55270,0.001125,172.31.36.0-255,66,63247,10,285600
55271,0.001199,172.31.36.0-255,66,63313,10,285600
55272,0.001615,74.125.200.0-255,7156,70469,10,285600
55273,0.00162,172.31.36.0-255,66,70535,10,285600
55274,0.001681,172.31.36.0-255,66,70601,10,285600
55275,0.001714,172.31.36.0-255,66,70667,10,285600
55276,0.001762,172.31.36.0-255,66,70733,10,285600
55277,0.002571,172.31.36.0-255,66,70799,10,285600
55278,0.002644,74.125.200.0-255,7156,77955,10,285600
55279,0.002686,74.125.200.0-255,2902,80857,10,285600
55280,0.004963,172.31.36.0-255,66,80923,10,285600
55281,0.006907,74.125.200.0-255,5738,86661,10,285600
55282,0.006913,172.31.36.0-255,66,86727,10,285600
55283,0.008818,74.125.200.0-255,4320,91047,10,285600
55284,0.008836,74.125.200.0-255,1484,92531,10,285600
55285,0.009164,172.31.36.0-255,66,92597,10,285600
55286,0.011111,74.125.200.0-255,5738,98335,10,285600
55287,0.011128,172.31.36.0-255,66,98401,10,285600
55288,0.013064,74.125.200.0-255,5738,104139,10,285600
55289,0.013073,172.31.36.0-255,66,104205,10,285600
55290,0.015018,74.125.200.0-255,5738,109943,10,285600
55291,0.015027,172.31.36.0-255,66,110009,10,285600
55292,0.016963,74.125.200.0-255,5738,115747,10,285600
55293,0.016974,172.31.36.0-255,66,115813,10,285600
55294,0.0189,74.125.200.0-255,5738,121551,10,285600
55295,0.019591,172.31.36.0-255,66,121617,10,285600
55296,0.021542,74.125.200.0-255,5738,127355,10,285600
55297,0.021559,172.31.36.0-255,66,127421,10,285600
55298,0.023524,74.125.200.0-255,5738,133159,10,285600
55299,0.02354,172.31.36.0-255,66,133225,10,285600
55300,0.025445,172.31.36.0-255,172,133397,10,285600
55301,0.025467,74.125.200.0-255,5738,139135,10,285600
55302,0.025475,172.31.36.0-255,66,139201,10,285600
55303,0.025499,172.31.36.0-255,1112,140313,10,285600
55304,0.025524,172.31.36.0-255,1514,141827,10,285600
55305,0.025526,172.31.36.0-255,1291,143118,10,285600
55306,0.027017,104.244.42.0-255,66,143184,10,285600
55307,0.027191,104.244.42.0-255,66,143250,10,285600
55308,0.027196,104.244.42.0-255,66,143316,10,285600
55309,0.027459,74.125.200.0-255,5738,149054,10,285600
55310,0.027471,172.31.36.0-255,66,149120,10,285600
55311,0.029405,74.125.200.0-255,5738,154858,10,285600
55312,0.029421,172.31.36.0-255,66,154924,10,285600
55313,0.03136,74.125.200.0-255,5738,160662,10,285600
55314,0.031371,172.31.36.0-255,66,160728,10,285600
55315,0.033304,74.125.200.0-255,5738,166466,10,285600
55316,0.033314,172.31.36.0-255,66,166532,10,285600
55317,0.035243,74.125.200.0-255,4320,170852,10,285600
55318,0.035248,172.31.36.0-255,66,170918,10,285600
55319,0.035283,74.125.200.0-255,1484,172402,10,285600
55320,0.037162,74.125.200.0-255,4320,176722,10,285600
55321,0.037168,172.31.36.0-255,66,176788,10,285600
55322,0.039106,74.125.200.0-255,5738,182526,10,285600
55323,0.039163,172.31.36.0-255,66,182592,10,285600
55324,0.041092,74.125.200.0-255,5738,188330,10,285600
55325,0.041099,172.31.36.0-255,66,188396,10,285600
55326,0.043035,74.125.200.0-255,5738,194134,10,285600
55327,0.043048,172.31.36.0-255,66,194200,10,285600
55328,0.044976,74.125.200.0-255,5738,199938,10,285600
55329,0.044981,172.31.36.0-255,66,200004,10,285600
55330,0.046898,74.125.200.0-255,5738,205742,10,285600
55331,0.046904,172.31.36.0-255,66,205808,10,285600
55332,0.048827,74.125.200.0-255,5738,211546,10,285600
55333,0.048833,172.31.36.0-255,66,211612,10,285600
55334,0.05076,74.125.200.0-255,4320,215932,10,285600
55335,0.050766,172.31.36.0-255,66,215998,10,285600
55336,0.050798,74.125.200.0-255,1484,217482,10,285600
55337,0.052696,74.125.200.0-255,4320,221802,10,285600
55338,0.052705,172.31.36.0-255,66,221868,10,285600
55339,0.054618,74.125.200.0-255,5738,227606,10,285600
55340,0.054686,172.31.36.0-255,66,227672,10,285600
55341,0.056601,74.125.200.0-255,4320,231992,10,285600
55342,0.056607,172.31.36.0-255,66,232058,10,285600
55343,0.056638,74.125.200.0-255,1484,233542,10,285600
55344,0.058519,74.125.200.0-255,1484,235026,10,285600
55345,0.058525,172.31.36.0-255,66,235092,10,285600
55346,0.058559,74.125.200.0-255,2902,237994,10,285600
55347,0.058585,172.31.36.0-255,66,238060,10,285600
55348,0.06046,74.125.200.0-255,2902,240962,10,285600
55349,0.060466,172.31.36.0-255,66,241028,10,285600
55350,0.0605,74.125.200.0-255,2902,243930,10,285600
55351,0.060523,172.31.36.0-255,66,243996,10,285600
55352,0.062386,74.125.200.0-255,2902,246898,10,285600
55353,0.062392,172.31.36.0-255,66,246964,10,285600
55354,0.062426,74.125.200.0-255,2902,249866,10,285600
55355,0.062449,172.31.36.0-255,66,249932,10,285600
55356,0.064317,74.125.200.0-255,2902,252834,10,285600
55357,0.064325,172.31.36.0-255,66,252900,10,285600
55358,0.064364,74.125.200.0-255,2902,255802,10,285600
55359,0.064399,172.31.36.0-255,66,255868,10,285600
55360,0.066243,74.125.200.0-255,2902,258770,10,285600
55361,0.06625,172.31.36.0-255,66,258836,10,285600
55362,0.066302,74.125.200.0-255,2902,261738,10,285600
55363,0.06631,172.31.36.0-255,66,261804,10,285600
55364,0.068154,74.125.200.0-255,2902,264706,10,285600
55365,0.068159,172.31.36.0-255,66,264772,10,285600
55366,0.068207,74.125.200.0-255,2902,267674,10,285600
55367,0.068216,172.31.36.0-255,66,267740,10,285600
55368,0.070071,74.125.200.0-255,2902,270642,10,285600
55369,0.070078,172.31.36.0-255,66,270708,10,285600
55370,0.07012,74.125.200.0-255,2902,273610,10,285600
55371,0.070145,172.31.36.0-255,66,273676,10,285600
55372,0.072003,74.125.200.0-255,2902,276578,10,285600
55373,0.072009,172.31.36.0-255,66,276644,10,285600
55374,0.072059,74.125.200.0-255,2902,279546,10,285600
55375,0.072105,172.31.36.0-255,66,279612,10,285600
55376,0.073946,74.125.200.0-255,2902,282514,10,285600
55377,0.073954,172.31.36.0-255,66,282580,10,285600
55378,0.074044,74.125.200.0-255,2783,285363,10,285600
55379,0.074053,172.31.36.0-255,66,285429,10,285600
55380,0.07417,172.31.36.0-255,105,285534,10,285600
55381,0.07605,74.125.200.0-255,66,285600,10,285600
