,TIME,SRC,PACKET_SIZE,CUMULATIVE_PACKET_SIZE,PAGE_NUMBER,TOTAL_PACKET_SIZE
0,0.0,74.125.24.0-255,153,153,76,257645
1,1.7e-05,172.31.40.0-255,66,219,76,257645
2,2.3e-05,74.125.24.0-255,1484,1703,76,257645
3,2.8e-05,172.31.40.0-255,66,1769,76,257645
4,3.4e-05,74.125.24.0-255,2902,4671,76,257645
5,3.8e-05,172.31.40.0-255,66,4737,76,257645
6,4.4e-05,74.125.24.0-255,4320,9057,76,257645
7,4.6e-05,172.31.40.0-255,66,9123,76,257645
8,6.5e-05,74.125.24.0-255,2902,12025,76,257645
9,6.8e-05,172.31.40.0-255,66,12091,76,257645
10,7.2e-05,74.125.24.0-255,1484,13575,76,257645
11,7.3e-05,172.31.40.0-255,66,13641,76,257645
12,7.7e-05,74.125.24.0-255,654,14295,76,257645
13,7.9e-05,172.31.40.0-255,66,14361,76,257645
14,0.000142,74.125.24.0-255,1484,15845,76,257645
15,0.000145,172.31.40.0-255,66,15911,76,257645
16,0.000152,74.125.24.0-255,2902,18813,76,257645
17,0.000155,172.31.40.0-255,66,18879,76,257645
18,0.000159,74.125.24.0-255,2902,21781,76,257645
19,0.000162,172.31.40.0-255,66,21847,76,257645
20,0.000186,74.125.24.0-255,2902,24749,76,257645
21,0.000189,172.31.40.0-255,66,24815,76,257645
22,0.000215,74.125.24.0-255,6797,31612,76,257645
23,0.000218,172.31.40.0-255,66,31678,76,257645
24,0.000226,74.125.24.0-255,7156,38834,76,257645
25,0.000228,172.31.40.0-255,66,38900,76,257645
26,0.000284,172.31.40.0-255,66,38966,76,257645
27,0.000303,74.125.24.0-255,1484,40450,76,257645
28,0.000305,172.31.40.0-255,66,40516,76,257645
29,0.00031,74.125.24.0-255,2902,43418,76,257645
30,0.000311,172.31.40.0-255,66,43484,76,257645
31,0.000341,74.125.24.0-255,5738,49222,76,257645
32,0.000343,172.31.40.0-255,66,49288,76,257645
33,0.000346,74.125.24.0-255,1484,50772,76,257645
34,0.000365,74.125.24.0-255,5379,56151,76,257645
35,0.000368,172.31.40.0-255,66,56217,76,257645
36,0.000371,74.125.24.0-255,403,56620,76,257645
37,0.000417,74.125.24.0-255,342,56962,76,257645
38,0.000533,74.125.24.0-255,1484,58446,76,257645
39,0.000538,172.31.40.0-255,66,58512,76,257645
40,0.000544,74.125.24.0-255,2902,61414,76,257645
41,0.000546,172.31.40.0-255,66,61480,76,257645
42,0.000553,74.125.24.0-255,5738,67218,76,257645
43,0.000557,172.31.40.0-255,66,67284,76,257645
44,0.000603,74.125.24.0-255,6797,74081,76,257645
45,0.000607,172.31.40.0-255,66,74147,76,257645
46,0.000625,74.125.24.0-255,1484,75631,76,257645
47,0.000642,74.125.24.0-255,5738,81369,76,257645
48,0.000645,172.31.40.0-255,66,81435,76,257645
49,0.000676,172.31.40.0-255,66,81501,76,257645
50,0.001096,74.125.24.0-255,1484,82985,76,257645
51,0.001103,74.125.24.0-255,2902,85887,76,257645
52,0.001106,172.31.40.0-255,66,85953,76,257645
53,0.001114,74.125.24.0-255,5738,91691,76,257645
54,0.001116,172.31.40.0-255,66,91757,76,257645
55,0.001155,172.31.40.0-255,66,91823,76,257645
56,0.001178,172.31.40.0-255,66,91889,76,257645
57,0.001193,74.125.24.0-255,5020,96909,76,257645
58,0.001195,172.31.40.0-255,66,96975,76,257645
59,0.001422,74.125.24.0-255,1484,98459,76,257645
60,0.001428,74.125.24.0-255,2902,101361,76,257645
61,0.001432,172.31.40.0-255,66,101427,76,257645
62,0.001437,74.125.24.0-255,2902,104329,76,257645
63,0.001439,172.31.40.0-255,66,104395,76,257645
64,0.001454,74.125.24.0-255,2902,107297,76,257645
65,0.001456,172.31.40.0-255,66,107363,76,257645
66,0.001475,74.125.24.0-255,7156,114519,76,257645
67,0.001479,172.31.40.0-255,66,114585,76,257645
68,0.001511,74.125.24.0-255,5738,120323,76,257645
69,0.001513,172.31.40.0-255,66,120389,76,257645
70,0.001525,172.31.40.0-255,66,120455,76,257645
71,0.001556,74.125.24.0-255,1484,121939,76,257645
72,0.001571,74.125.24.0-255,2902,124841,76,257645
73,0.001573,172.31.40.0-255,66,124907,76,257645
74,0.001577,74.125.24.0-255,1484,126391,76,257645
75,0.001598,74.125.24.0-255,4320,130711,76,257645
76,0.0016,172.31.40.0-255,66,130777,76,257645
77,0.001608,74.125.24.0-255,7156,137933,76,257645
78,0.001609,172.31.40.0-255,66,137999,76,257645
79,0.001679,172.31.40.0-255,66,138065,76,257645
80,0.00169,172.31.40.0-255,66,138131,76,257645
81,0.001696,74.125.24.0-255,7156,145287,76,257645
82,0.001699,172.31.40.0-255,66,145353,76,257645
83,0.00174,74.125.24.0-255,3602,148955,76,257645
84,0.001744,172.31.40.0-255,66,149021,76,257645
85,0.001852,74.125.24.0-255,1484,150505,76,257645
86,0.001858,74.125.24.0-255,2902,153407,76,257645
87,0.001861,172.31.40.0-255,66,153473,76,257645
88,0.001888,74.125.24.0-255,5738,159211,76,257645
89,0.001916,74.125.24.0-255,4320,163531,76,257645
90,0.001922,74.125.24.0-255,7156,170687,76,257645
91,0.001939,172.31.40.0-255,66,170753,76,257645
92,0.001957,74.125.24.0-255,1484,172237,76,257645
93,0.001973,74.125.24.0-255,2184,174421,76,257645
94,0.001977,172.31.40.0-255,66,174487,76,257645
95,0.002193,74.125.24.0-255,1484,175971,76,257645
96,0.002199,74.125.24.0-255,2902,178873,76,257645
97,0.002202,172.31.40.0-255,66,178939,76,257645
98,0.002206,74.125.24.0-255,1484,180423,76,257645
99,0.002225,74.125.24.0-255,1484,181907,76,257645
100,0.002231,74.125.24.0-255,5738,187645,76,257645
101,0.002236,172.31.40.0-255,66,187711,76,257645
102,0.002249,74.125.24.0-255,1484,189195,76,257645
103,0.002265,74.125.24.0-255,1484,190679,76,257645
104,0.002333,172.31.40.0-255,66,190745,76,257645
105,0.002339,74.125.24.0-255,3602,194347,76,257645
106,0.002379,74.125.24.0-255,1484,195831,76,257645
107,0.002391,74.125.24.0-255,2902,198733,76,257645
108,0.002393,74.125.24.0-255,1484,200217,76,257645
109,0.002413,74.125.24.0-255,4320,204537,76,257645
110,0.002418,74.125.24.0-255,5738,210275,76,257645
111,0.002444,74.125.24.0-255,7156,217431,76,257645
112,0.002472,74.125.24.0-255,1484,218915,76,257645
113,0.00252,74.125.24.0-255,4320,223235,76,257645
114,0.002543,74.125.24.0-255,1484,224719,76,257645
115,0.00255,74.125.24.0-255,7156,231875,76,257645
116,0.002556,74.125.24.0-255,5738,237613,76,257645
117,0.002609,74.125.24.0-255,2902,240515,76,257645
118,0.002627,74.125.24.0-255,3602,244117,76,257645
119,0.005724,172.31.40.0-255,66,244183,76,257645
120,0.008336,74.125.24.0-255,5738,249921,76,257645
121,0.008343,172.31.40.0-255,66,249987,76,257645
122,0.010918,74.125.24.0-255,5738,255725,76,257645
123,0.010925,172.31.40.0-255,66,255791,76,257645
124,0.013534,74.125.24.0-255,1683,257474,76,257645
125,0.013543,172.31.40.0-255,66,257540,76,257645
126,0.019005,172.31.40.0-255,105,257645,76,257645
127,0.0,172.217.194.0-255,152,152,76,194113
128,1.3e-05,172.31.40.0-255,66,218,76,194113
129,1.9e-05,172.217.194.0-255,1484,1702,76,194113
130,2.3e-05,172.31.40.0-255,66,1768,76,194113
131,5.6e-05,172.217.194.0-255,2902,4670,76,194113
132,5.9e-05,172.31.40.0-255,66,4736,76,194113
133,6.6e-05,172.217.194.0-255,5738,10474,76,194113
134,6.8e-05,172.31.40.0-255,66,10540,76,194113
135,0.000109,172.217.194.0-255,3507,14047,76,194113
136,0.000111,172.31.40.0-255,66,14113,76,194113
137,0.000152,172.217.194.0-255,1484,15597,76,194113
138,0.000155,172.31.40.0-255,66,15663,76,194113
139,0.000159,172.217.194.0-255,2902,18565,76,194113
140,0.000161,172.31.40.0-255,66,18631,76,194113
141,0.000196,172.217.194.0-255,5738,24369,76,194113
142,0.000199,172.31.40.0-255,66,24435,76,194113
143,0.000213,172.217.194.0-255,4320,28755,76,194113
144,0.000218,172.31.40.0-255,66,28821,76,194113
145,0.000232,172.217.194.0-255,5379,34200,76,194113
146,0.000234,172.31.40.0-255,66,34266,76,194113
147,0.000247,172.31.40.0-255,66,34332,76,194113
148,0.00027,172.217.194.0-255,1484,35816,76,194113
149,0.000276,172.31.40.0-255,66,35882,76,194113
150,0.000281,172.217.194.0-255,3961,39843,76,194113
151,0.000282,172.31.40.0-255,66,39909,76,194113
152,0.000583,172.217.194.0-255,1484,41393,76,194113
153,0.000588,172.31.40.0-255,66,41459,76,194113
154,0.000594,172.217.194.0-255,2902,44361,76,194113
155,0.000597,172.31.40.0-255,66,44427,76,194113
156,0.0006,172.217.194.0-255,1484,45911,76,194113
157,0.000603,172.31.40.0-255,66,45977,76,194113
158,0.000635,172.217.194.0-255,4320,50297,76,194113
159,0.000637,172.31.40.0-255,66,50363,76,194113
160,0.000649,172.217.194.0-255,6797,57160,76,194113
161,0.000652,172.31.40.0-255,66,57226,76,194113
162,0.000655,172.217.194.0-255,647,57873,76,194113
163,0.000767,172.217.194.0-255,1484,59357,76,194113
164,0.000771,172.31.40.0-255,66,59423,76,194113
165,0.000777,172.217.194.0-255,2902,62325,76,194113
166,0.000778,172.31.40.0-255,66,62391,76,194113
167,0.000811,172.217.194.0-255,5738,68129,76,194113
168,0.000813,172.31.40.0-255,66,68195,76,194113
169,0.000826,172.31.40.0-255,66,68261,76,194113
170,0.000854,172.217.194.0-255,1484,69745,76,194113
171,0.000876,172.217.194.0-255,4320,74065,76,194113
172,0.00088,172.31.40.0-255,66,74131,76,194113
173,0.000899,172.217.194.0-255,6438,80569,76,194113
174,0.000902,172.31.40.0-255,66,80635,76,194113
175,0.000927,172.217.194.0-255,1484,82119,76,194113
176,0.000933,172.217.194.0-255,2902,85021,76,194113
177,0.000936,172.31.40.0-255,66,85087,76,194113
178,0.000942,172.217.194.0-255,4320,89407,76,194113
179,0.000944,172.31.40.0-255,66,89473,76,194113
180,0.00096,172.217.194.0-255,1484,90957,76,194113
181,0.000963,172.217.194.0-255,1484,92441,76,194113
182,0.00097,172.31.40.0-255,66,92507,76,194113
183,0.00101,172.31.40.0-255,66,92573,76,194113
184,0.001023,172.31.40.0-255,66,92639,76,194113
185,0.001058,172.217.194.0-255,7156,99795,76,194113
186,0.00106,172.31.40.0-255,66,99861,76,194113
187,0.001089,172.31.40.0-255,66,99927,76,194113
188,0.001106,172.31.40.0-255,66,99993,76,194113
189,0.001109,172.217.194.0-255,766,100759,76,194113
190,0.001157,172.31.40.0-255,66,100825,76,194113
191,0.001186,172.31.40.0-255,66,100891,76,194113
192,0.001191,172.217.194.0-255,2902,103793,76,194113
193,0.001194,172.31.40.0-255,66,103859,76,194113
194,0.001233,172.217.194.0-255,7156,111015,76,194113
195,0.001237,172.31.40.0-255,66,111081,76,194113
196,0.00124,172.31.40.0-255,66,111147,76,194113
197,0.001268,172.217.194.0-255,7156,118303,76,194113
198,0.001272,172.31.40.0-255,66,118369,76,194113
199,0.001285,172.31.40.0-255,66,118435,76,194113
200,0.001331,172.31.40.0-255,66,118501,76,194113
201,0.001384,172.217.194.0-255,1484,119985,76,194113
202,0.001401,172.217.194.0-255,2902,122887,76,194113
203,0.001405,172.31.40.0-255,66,122953,76,194113
204,0.001435,172.217.194.0-255,4320,127273,76,194113
205,0.001438,172.31.40.0-255,66,127339,76,194113
206,0.001468,172.217.194.0-255,1484,128823,76,194113
207,0.001473,172.217.194.0-255,5738,134561,76,194113
208,0.001485,172.217.194.0-255,7156,141717,76,194113
209,0.001526,172.31.40.0-255,66,141783,76,194113
210,0.001535,172.31.40.0-255,66,141849,76,194113
211,0.001551,172.31.40.0-255,66,141915,76,194113
212,0.001578,172.217.194.0-255,1484,143399,76,194113
213,0.001588,172.217.194.0-255,2902,146301,76,194113
214,0.001591,172.31.40.0-255,66,146367,76,194113
215,0.001603,172.217.194.0-255,1484,147851,76,194113
216,0.001622,172.217.194.0-255,2902,150753,76,194113
217,0.001625,172.31.40.0-255,66,150819,76,194113
218,0.001631,172.217.194.0-255,5738,156557,76,194113
219,0.001633,172.31.40.0-255,66,156623,76,194113
220,0.001674,172.31.40.0-255,66,156689,76,194113
221,0.001685,172.31.40.0-255,66,156755,76,194113
222,0.00176,172.217.194.0-255,1484,158239,76,194113
223,0.001766,172.217.194.0-255,2902,161141,76,194113
224,0.001769,172.31.40.0-255,66,161207,76,194113
225,0.001773,172.217.194.0-255,1484,162691,76,194113
226,0.001792,172.217.194.0-255,4320,167011,76,194113
227,0.001795,172.31.40.0-255,66,167077,76,194113
228,0.001845,172.31.40.0-255,66,167143,76,194113
229,0.001859,172.31.40.0-255,66,167209,76,194113
230,0.001868,172.217.194.0-255,2902,170111,76,194113
231,0.00187,172.31.40.0-255,66,170177,76,194113
232,0.001876,172.217.194.0-255,4320,174497,76,194113
233,0.001878,172.31.40.0-255,66,174563,76,194113
234,0.001881,172.217.194.0-255,1484,176047,76,194113
235,0.001918,172.217.194.0-255,7156,183203,76,194113
236,0.001921,172.31.40.0-255,66,183269,76,194113
237,0.001925,172.217.194.0-255,1484,184753,76,194113
238,0.001957,172.31.40.0-255,66,184819,76,194113
239,0.001984,172.217.194.0-255,6438,191257,76,194113
240,0.001988,172.31.40.0-255,66,191323,76,194113
241,0.002006,172.31.40.0-255,66,191389,76,194113
242,0.002018,172.31.40.0-255,66,191455,76,194113
243,0.00205,172.217.194.0-255,2184,193639,76,194113
244,0.002052,172.31.40.0-255,66,193705,76,194113
245,0.002069,172.31.40.0-255,66,193771,76,194113
246,0.002072,172.217.194.0-255,105,193876,76,194113
247,0.012065,172.31.40.0-255,66,193942,76,194113
248,0.012108,172.31.40.0-255,105,194047,76,194113
249,0.014802,172.217.194.0-255,66,194113,76,194113
250,0.0,216.58.221.0-255,154,154,76,133238
251,1.8e-05,172.31.40.0-255,66,220,76,133238
252,2.6e-05,216.58.221.0-255,1484,1704,76,133238
253,3e-05,172.31.40.0-255,66,1770,76,133238
254,3.5e-05,216.58.221.0-255,2902,4672,76,133238
255,3.8e-05,172.31.40.0-255,66,4738,76,133238
256,5.2e-05,216.58.221.0-255,7156,11894,76,133238
257,5.5e-05,172.31.40.0-255,66,11960,76,133238
258,5.9e-05,216.58.221.0-255,2094,14054,76,133238
259,6.1e-05,172.31.40.0-255,66,14120,76,133238
260,0.000271,216.58.221.0-255,1484,15604,76,133238
261,0.000277,172.31.40.0-255,66,15670,76,133238
262,0.000283,216.58.221.0-255,2902,18572,76,133238
263,0.000286,172.31.40.0-255,66,18638,76,133238
264,0.000298,216.58.221.0-255,5738,24376,76,133238
265,0.000301,172.31.40.0-255,66,24442,76,133238
266,0.000337,216.58.221.0-255,6797,31239,76,133238
267,0.00034,172.31.40.0-255,66,31305,76,133238
268,0.000347,216.58.221.0-255,7156,38461,76,133238
269,0.000349,172.31.40.0-255,66,38527,76,133238
270,0.000394,172.31.40.0-255,66,38593,76,133238
271,0.000419,216.58.221.0-255,1125,39718,76,133238
272,0.000421,172.31.40.0-255,66,39784,76,133238
273,0.000783,216.58.221.0-255,1484,41268,76,133238
274,0.000787,172.31.40.0-255,66,41334,76,133238
275,0.000792,216.58.221.0-255,1484,42818,76,133238
276,0.000794,172.31.40.0-255,66,42884,76,133238
277,0.000799,216.58.221.0-255,2902,45786,76,133238
278,0.000801,172.31.40.0-255,66,45852,76,133238
279,0.000811,216.58.221.0-255,5738,51590,76,133238
280,0.000813,172.31.40.0-255,66,51656,76,133238
281,0.000866,216.58.221.0-255,5671,57327,76,133238
282,0.000869,172.31.40.0-255,66,57393,76,133238
283,0.00122,216.58.221.0-255,385,57778,76,133238
284,0.001358,216.58.221.0-255,1484,59262,76,133238
285,0.001364,172.31.40.0-255,66,59328,76,133238
286,0.00137,216.58.221.0-255,2902,62230,76,133238
287,0.001371,172.31.40.0-255,66,62296,76,133238
288,0.001381,216.58.221.0-255,2902,65198,76,133238
289,0.001383,172.31.40.0-255,66,65264,76,133238
290,0.001414,216.58.221.0-255,2902,68166,76,133238
291,0.001416,172.31.40.0-255,66,68232,76,133238
292,0.00142,216.58.221.0-255,1484,69716,76,133238
293,0.001447,216.58.221.0-255,5379,75095,76,133238
294,0.001449,172.31.40.0-255,66,75161,76,133238
295,0.001476,216.58.221.0-255,2902,78063,76,133238
296,0.001478,172.31.40.0-255,66,78129,76,133238
297,0.001484,216.58.221.0-255,2902,81031,76,133238
298,0.001486,172.31.40.0-255,66,81097,76,133238
299,0.001514,216.58.221.0-255,1484,82581,76,133238
300,0.001525,172.31.40.0-255,66,82647,76,133238
301,0.001528,216.58.221.0-255,1125,83772,76,133238
302,0.003525,216.58.221.0-255,4320,88092,76,133238
303,0.003532,172.31.40.0-255,66,88158,76,133238
304,0.005553,216.58.221.0-255,5738,93896,76,133238
305,0.00556,172.31.40.0-255,66,93962,76,133238
306,0.007607,216.58.221.0-255,5738,99700,76,133238
307,0.007614,172.31.40.0-255,66,99766,76,133238
308,0.009633,216.58.221.0-255,5738,105504,76,133238
309,0.00964,172.31.40.0-255,66,105570,76,133238
310,0.011665,216.58.221.0-255,5738,111308,76,133238
311,0.011673,172.31.40.0-255,66,111374,76,133238
312,0.013695,216.58.221.0-255,5738,117112,76,133238
313,0.013704,172.31.40.0-255,66,117178,76,133238
314,0.015719,216.58.221.0-255,5738,122916,76,133238
315,0.015727,172.31.40.0-255,66,122982,76,133238
316,0.017771,216.58.221.0-255,4320,127302,76,133238
317,0.017777,172.31.40.0-255,66,127368,76,133238
318,0.017804,216.58.221.0-255,1484,128852,76,133238
319,0.019789,216.58.221.0-255,4320,133172,76,133238
320,0.019796,172.31.40.0-255,66,133238,76,133238
321,0.0,172.217.194.0-255,153,153,76,174603
322,2.5e-05,172.31.40.0-255,66,219,76,174603
323,3.3e-05,172.217.194.0-255,1484,1703,76,174603
324,3.7e-05,172.31.40.0-255,66,1769,76,174603
325,5.1e-05,172.217.194.0-255,2902,4671,76,174603
326,5.3e-05,172.31.40.0-255,66,4737,76,174603
327,5.7e-05,172.217.194.0-255,1484,6221,76,174603
328,6e-05,172.31.40.0-255,66,6287,76,174603
329,6.6e-05,172.217.194.0-255,2902,9189,76,174603
330,6.8e-05,172.31.40.0-255,66,9255,76,174603
331,7.3e-05,172.217.194.0-255,2902,12157,76,174603
332,7.6e-05,172.31.40.0-255,66,12223,76,174603
333,0.000119,172.217.194.0-255,3556,15779,76,174603
334,0.000122,172.31.40.0-255,66,15845,76,174603
335,0.000129,172.217.194.0-255,5738,21583,76,174603
336,0.000132,172.31.40.0-255,66,21649,76,174603
337,0.000138,172.217.194.0-255,5738,27387,76,174603
338,0.00014,172.31.40.0-255,66,27453,76,174603
339,0.000167,172.217.194.0-255,3961,31414,76,174603
340,0.000169,172.31.40.0-255,66,31480,76,174603
341,0.00033,172.217.194.0-255,1484,32964,76,174603
342,0.000335,172.31.40.0-255,66,33030,76,174603
343,0.00034,172.217.194.0-255,2902,35932,76,174603
344,0.000342,172.31.40.0-255,66,35998,76,174603
345,0.000349,172.217.194.0-255,5738,41736,76,174603
346,0.000356,172.31.40.0-255,66,41802,76,174603
347,0.000385,172.31.40.0-255,66,41868,76,174603
348,0.000391,172.217.194.0-255,4320,46188,76,174603
349,0.000393,172.31.40.0-255,66,46254,76,174603
350,0.00042,172.217.194.0-255,5738,51992,76,174603
351,0.000423,172.31.40.0-255,66,52058,76,174603
352,0.000428,172.217.194.0-255,3961,56019,76,174603
353,0.00043,172.31.40.0-255,66,56085,76,174603
354,0.000925,172.217.194.0-255,646,56731,76,174603
355,0.001025,172.217.194.0-255,1484,58215,76,174603
356,0.001029,172.31.40.0-255,66,58281,76,174603
357,0.001035,172.217.194.0-255,2902,61183,76,174603
358,0.001037,172.31.40.0-255,66,61249,76,174603
359,0.001041,172.217.194.0-255,2902,64151,76,174603
360,0.001048,172.31.40.0-255,66,64217,76,174603
361,0.001061,172.217.194.0-255,2902,67119,76,174603
362,0.001063,172.31.40.0-255,66,67185,76,174603
363,0.001092,172.217.194.0-255,2902,70087,76,174603
364,0.001094,172.31.40.0-255,66,70153,76,174603
365,0.001133,172.31.40.0-255,66,70219,76,174603
366,0.001145,172.31.40.0-255,66,70285,76,174603
367,0.001152,172.217.194.0-255,766,71051,76,174603
368,0.001193,172.217.194.0-255,1484,72535,76,174603
369,0.001196,172.31.40.0-255,66,72601,76,174603
370,0.001201,172.217.194.0-255,2902,75503,76,174603
371,0.001202,172.31.40.0-255,66,75569,76,174603
372,0.001238,172.217.194.0-255,5738,81307,76,174603
373,0.00124,172.31.40.0-255,66,81373,76,174603
374,0.00125,172.31.40.0-255,66,81439,76,174603
375,0.001285,172.217.194.0-255,4320,85759,76,174603
376,0.001288,172.31.40.0-255,66,85825,76,174603
377,0.001327,172.31.40.0-255,66,85891,76,174603
378,0.001363,172.217.194.0-255,7156,93047,76,174603
379,0.001366,172.31.40.0-255,66,93113,76,174603
380,0.001398,172.31.40.0-255,66,93179,76,174603
381,0.001414,172.31.40.0-255,66,93245,76,174603
382,0.001417,172.217.194.0-255,766,94011,76,174603
383,0.001487,172.217.194.0-255,1484,95495,76,174603
384,0.001492,172.31.40.0-255,66,95561,76,174603
385,0.001501,172.217.194.0-255,2902,98463,76,174603
386,0.001504,172.31.40.0-255,66,98529,76,174603
387,0.001533,172.217.194.0-255,5738,104267,76,174603
388,0.001536,172.31.40.0-255,66,104333,76,174603
389,0.001539,172.217.194.0-255,1484,105817,76,174603
390,0.001573,172.31.40.0-255,66,105883,76,174603
391,0.001575,172.217.194.0-255,1484,107367,76,174603
392,0.001598,172.217.194.0-255,4320,111687,76,174603
393,0.0016,172.31.40.0-255,66,111753,76,174603
394,0.001627,172.217.194.0-255,5020,116773,76,174603
395,0.00163,172.31.40.0-255,66,116839,76,174603
396,0.001703,172.217.194.0-255,1484,118323,76,174603
397,0.001709,172.217.194.0-255,2902,121225,76,174603
398,0.001712,172.31.40.0-255,66,121291,76,174603
399,0.001719,172.217.194.0-255,5738,127029,76,174603
400,0.001722,172.31.40.0-255,66,127095,76,174603
401,0.001724,172.217.194.0-255,1484,128579,76,174603
402,0.001766,172.217.194.0-255,5738,134317,76,174603
403,0.00177,172.31.40.0-255,66,134383,76,174603
404,0.001773,172.31.40.0-255,66,134449,76,174603
405,0.001796,172.217.194.0-255,2902,137351,76,174603
406,0.001799,172.31.40.0-255,66,137417,76,174603
407,0.001812,172.31.40.0-255,66,137483,76,174603
408,0.001862,172.31.40.0-255,66,137549,76,174603
409,0.001876,172.31.40.0-255,66,137615,76,174603
410,0.001881,172.217.194.0-255,2902,140517,76,174603
411,0.001882,172.31.40.0-255,66,140583,76,174603
412,0.001887,172.217.194.0-255,4320,144903,76,174603
413,0.00189,172.31.40.0-255,66,144969,76,174603
414,0.001901,172.31.40.0-255,66,145035,76,174603
415,0.001961,172.31.40.0-255,66,145101,76,174603
416,0.001967,172.217.194.0-255,4320,149421,76,174603
417,0.001969,172.31.40.0-255,66,149487,76,174603
418,0.002014,172.31.40.0-255,66,149553,76,174603
419,0.002029,172.31.40.0-255,66,149619,76,174603
420,0.002036,172.217.194.0-255,6438,156057,76,174603
421,0.002038,172.31.40.0-255,66,156123,76,174603
422,0.002139,172.31.40.0-255,66,156189,76,174603
423,0.00215,172.31.40.0-255,66,156255,76,174603
424,0.002166,172.31.40.0-255,66,156321,76,174603
425,0.002171,172.217.194.0-255,4320,160641,76,174603
426,0.002174,172.31.40.0-255,66,160707,76,174603
427,0.002218,172.31.40.0-255,66,160773,76,174603
428,0.002225,172.217.194.0-255,5020,165793,76,174603
429,0.002227,172.31.40.0-255,66,165859,76,174603
430,0.002231,172.217.194.0-255,2902,168761,76,174603
431,0.002233,172.31.40.0-255,66,168827,76,174603
432,0.002247,172.217.194.0-255,2902,171729,76,174603
433,0.002249,172.31.40.0-255,66,171795,76,174603
434,0.002254,172.217.194.0-255,2466,174261,76,174603
435,0.00226,172.31.40.0-255,66,174327,76,174603
436,0.002361,172.217.194.0-255,105,174432,76,174603
437,0.018803,172.31.40.0-255,66,174498,76,174603
438,0.018858,172.31.40.0-255,105,174603,76,174603
439,0.0,74.125.200.0-255,431,431,76,123098
440,2.7e-05,74.125.200.0-255,1484,1915,76,123098
441,3.7e-05,172.31.40.0-255,66,1981,76,123098
442,4.4e-05,74.125.200.0-255,2902,4883,76,123098
443,4.7e-05,172.31.40.0-255,66,4949,76,123098
444,6.9e-05,74.125.200.0-255,1484,6433,76,123098
445,8.8e-05,74.125.200.0-255,2902,9335,76,123098
446,9e-05,172.31.40.0-255,66,9401,76,123098
447,0.000234,74.125.200.0-255,4909,14310,76,123098
448,0.000239,172.31.40.0-255,66,14376,76,123098
449,0.00048,74.125.200.0-255,4320,18696,76,123098
450,0.000485,172.31.40.0-255,66,18762,76,123098
451,0.00051,74.125.200.0-255,1484,20246,76,123098
452,0.000743,172.31.40.0-255,66,20312,76,123098
453,0.002723,74.125.200.0-255,5738,26050,76,123098
454,0.002828,74.125.200.0-255,4320,30370,76,123098
455,0.003096,172.31.40.0-255,66,30436,76,123098
456,0.003446,172.31.40.0-255,66,30502,76,123098
457,0.003476,74.125.200.0-255,7156,37658,76,123098
458,0.0043,74.125.200.0-255,7156,44814,76,123098
459,0.004902,172.31.40.0-255,66,44880,76,123098
460,0.004995,74.125.200.0-255,5738,50618,76,123098
461,0.005004,172.31.40.0-255,66,50684,76,123098
462,0.005011,74.125.200.0-255,1484,52168,76,123098
463,0.005747,172.31.40.0-255,66,52234,76,123098
464,0.005777,74.125.200.0-255,1484,53718,76,123098
465,0.005866,74.125.200.0-255,2902,56620,76,123098
466,0.005876,172.31.40.0-255,66,56686,76,123098
467,0.005911,172.31.40.0-255,66,56752,76,123098
468,0.006344,74.125.200.0-255,4320,61072,76,123098
469,0.00635,172.31.40.0-255,66,61138,76,123098
470,0.006392,172.31.40.0-255,66,61204,76,123098
471,0.007569,172.31.40.0-255,66,61270,76,123098
472,0.007639,172.31.40.0-255,66,61336,76,123098
473,0.008415,74.125.200.0-255,5738,67074,76,123098
474,0.008423,172.31.40.0-255,66,67140,76,123098
475,0.008441,74.125.200.0-255,5738,72878,76,123098
476,0.00845,172.31.40.0-255,66,72944,76,123098
477,0.008477,74.125.200.0-255,7156,80100,76,123098
478,0.008481,172.31.40.0-255,66,80166,76,123098
479,0.008553,74.125.200.0-255,4320,84486,76,123098
480,0.008558,172.31.40.0-255,66,84552,76,123098
481,0.008606,172.31.40.0-255,66,84618,76,123098
482,0.008912,74.125.200.0-255,4320,88938,76,123098
483,0.008921,172.31.40.0-255,66,89004,76,123098
484,0.008976,172.31.40.0-255,66,89070,76,123098
485,0.009366,172.31.40.0-255,66,89136,76,123098
486,0.009418,172.31.40.0-255,66,89202,76,123098
487,0.009446,74.125.200.0-255,5738,94940,76,123098
488,0.009449,172.31.40.0-255,66,95006,76,123098
489,0.009837,74.125.200.0-255,7156,102162,76,123098
490,0.009843,172.31.40.0-255,66,102228,76,123098
491,0.009892,172.31.40.0-255,66,102294,76,123098
492,0.010013,172.31.40.0-255,66,102360,76,123098
493,0.01109,74.125.200.0-255,7156,109516,76,123098
494,0.011095,172.31.40.0-255,66,109582,76,123098
495,0.011119,172.31.40.0-255,66,109648,76,123098
496,0.011205,172.31.40.0-255,66,109714,76,123098
497,0.01137,74.125.200.0-255,1484,111198,76,123098
498,0.011391,74.125.200.0-255,7156,118354,76,123098
499,0.011394,172.31.40.0-255,66,118420,76,123098
500,0.011407,74.125.200.0-255,1484,119904,76,123098
501,0.011453,172.31.40.0-255,66,119970,76,123098
502,0.011499,172.31.40.0-255,66,120036,76,123098
503,0.011888,74.125.200.0-255,2825,122861,76,123098
504,0.011893,172.31.40.0-255,66,122927,76,123098
505,0.012405,172.31.40.0-255,105,123032,76,123098
506,0.019949,74.125.200.0-255,66,123098,76,123098
507,0.0,74.125.200.0-255,152,152,76,294024
508,2.1e-05,172.31.40.0-255,66,218,76,294024
509,2.9e-05,74.125.200.0-255,1484,1702,76,294024
510,3.3e-05,172.31.40.0-255,66,1768,76,294024
511,3.9e-05,74.125.200.0-255,2902,4670,76,294024
512,4.9e-05,172.31.40.0-255,66,4736,76,294024
513,5.7e-05,74.125.200.0-255,7156,11892,76,294024
514,5.9e-05,172.31.40.0-255,66,11958,76,294024
515,6.2e-05,74.125.200.0-255,1484,13442,76,294024
516,6.5e-05,172.31.40.0-255,66,13508,76,294024
517,7e-05,74.125.200.0-255,2098,15606,76,294024
518,7.3e-05,172.31.40.0-255,66,15672,76,294024
519,0.000114,74.125.200.0-255,5738,21410,76,294024
520,0.000119,172.31.40.0-255,66,21476,76,294024
521,0.000123,74.125.200.0-255,2902,24378,76,294024
522,0.000125,172.31.40.0-255,66,24444,76,294024
523,0.00013,74.125.200.0-255,4320,28764,76,294024
524,0.000132,172.31.40.0-255,66,28830,76,294024
525,0.000159,74.125.200.0-255,2543,31373,76,294024
526,0.000162,172.31.40.0-255,66,31439,76,294024
527,0.000303,74.125.200.0-255,1484,32923,76,294024
528,0.000307,172.31.40.0-255,66,32989,76,294024
529,0.000313,74.125.200.0-255,2902,35891,76,294024
530,0.000315,172.31.40.0-255,66,35957,76,294024
531,0.000345,74.125.200.0-255,5738,41695,76,294024
532,0.000347,172.31.40.0-255,66,41761,76,294024
533,0.000384,74.125.200.0-255,6797,48558,76,294024
534,0.000387,172.31.40.0-255,66,48624,76,294024
535,0.000392,74.125.200.0-255,4320,52944,76,294024
536,0.000393,172.31.40.0-255,66,53010,76,294024
537,0.000427,74.125.200.0-255,2902,55912,76,294024
538,0.00043,172.31.40.0-255,66,55978,76,294024
539,0.000437,74.125.200.0-255,5738,61716,76,294024
540,0.000439,172.31.40.0-255,66,61782,76,294024
541,0.000459,74.125.200.0-255,4239,66021,76,294024
542,0.000466,172.31.40.0-255,66,66087,76,294024
543,0.000468,74.125.200.0-255,376,66463,76,294024
544,0.000537,74.125.200.0-255,1484,67947,76,294024
545,0.00054,172.31.40.0-255,66,68013,76,294024
546,0.000543,74.125.200.0-255,1484,69497,76,294024
547,0.000563,74.125.200.0-255,1484,70981,76,294024
548,0.000566,172.31.40.0-255,66,71047,76,294024
549,0.000569,74.125.200.0-255,1484,72531,76,294024
550,0.000591,74.125.200.0-255,2902,75433,76,294024
551,0.000594,172.31.40.0-255,66,75499,76,294024
552,0.000601,74.125.200.0-255,5738,81237,76,294024
553,0.000603,172.31.40.0-255,66,81303,76,294024
554,0.000609,74.125.200.0-255,4320,85623,76,294024
555,0.000614,172.31.40.0-255,66,85689,76,294024
556,0.000639,74.125.200.0-255,1125,86814,76,294024
557,0.000647,74.125.200.0-255,5738,92552,76,294024
558,0.000649,172.31.40.0-255,66,92618,76,294024
559,0.000693,172.31.40.0-255,66,92684,76,294024
560,0.000727,74.125.200.0-255,1484,94168,76,294024
561,0.000748,74.125.200.0-255,1484,95652,76,294024
562,0.000751,172.31.40.0-255,66,95718,76,294024
563,0.000776,74.125.200.0-255,1484,97202,76,294024
564,0.000783,74.125.200.0-255,5738,102940,76,294024
565,0.000787,74.125.200.0-255,2902,105842,76,294024
566,0.000792,74.125.200.0-255,4320,110162,76,294024
567,0.000798,172.31.40.0-255,66,110228,76,294024
568,0.000806,172.31.40.0-255,66,110294,76,294024
569,0.000809,172.31.40.0-255,66,110360,76,294024
570,0.00082,74.125.200.0-255,7156,117516,76,294024
571,0.000823,172.31.40.0-255,66,117582,76,294024
572,0.000855,74.125.200.0-255,1484,119066,76,294024
573,0.000869,172.31.40.0-255,66,119132,76,294024
574,0.000893,74.125.200.0-255,1484,120616,76,294024
575,0.000907,74.125.200.0-255,2902,123518,76,294024
576,0.00091,172.31.40.0-255,66,123584,76,294024
577,0.00094,74.125.200.0-255,2902,126486,76,294024
578,0.000943,172.31.40.0-255,66,126552,76,294024
579,0.000947,74.125.200.0-255,2902,129454,76,294024
580,0.000949,172.31.40.0-255,66,129520,76,294024
581,0.000982,74.125.200.0-255,1484,131004,76,294024
582,0.000993,172.31.40.0-255,66,131070,76,294024
583,0.000996,74.125.200.0-255,2902,133972,76,294024
584,0.000998,172.31.40.0-255,66,134038,76,294024
585,0.001003,74.125.200.0-255,4320,138358,76,294024
586,0.00101,172.31.40.0-255,66,138424,76,294024
587,0.001033,74.125.200.0-255,6438,144862,76,294024
588,0.001035,172.31.40.0-255,66,144928,76,294024
589,0.001076,74.125.200.0-255,5738,150666,76,294024
590,0.001079,172.31.40.0-255,66,150732,76,294024
591,0.001133,74.125.200.0-255,7156,157888,76,294024
592,0.001135,172.31.40.0-255,66,157954,76,294024
593,0.001142,74.125.200.0-255,7156,165110,76,294024
594,0.001144,172.31.40.0-255,66,165176,76,294024
595,0.001168,74.125.200.0-255,1484,166660,76,294024
596,0.001179,172.31.40.0-255,66,166726,76,294024
597,0.001183,74.125.200.0-255,2184,168910,76,294024
598,0.001185,172.31.40.0-255,66,168976,76,294024
599,0.001435,74.125.200.0-255,1484,170460,76,294024
600,0.00144,74.125.200.0-255,2902,173362,76,294024
601,0.001443,172.31.40.0-255,66,173428,76,294024
602,0.001446,74.125.200.0-255,1484,174912,76,294024
603,0.001474,74.125.200.0-255,4320,179232,76,294024
604,0.001477,172.31.40.0-255,66,179298,76,294024
605,0.001482,74.125.200.0-255,4320,183618,76,294024
606,0.001483,172.31.40.0-255,66,183684,76,294024
607,0.001517,172.31.40.0-255,66,183750,76,294024
608,0.001542,74.125.200.0-255,4320,188070,76,294024
609,0.001544,172.31.40.0-255,66,188136,76,294024
610,0.001563,74.125.200.0-255,6438,194574,76,294024
611,0.001565,172.31.40.0-255,66,194640,76,294024
612,0.00159,74.125.200.0-255,7156,201796,76,294024
613,0.001593,172.31.40.0-255,66,201862,76,294024
614,0.001632,172.31.40.0-255,66,201928,76,294024
615,0.001656,172.31.40.0-255,66,201994,76,294024
616,0.001681,74.125.200.0-255,2902,204896,76,294024
617,0.001683,172.31.40.0-255,66,204962,76,294024
618,0.001687,74.125.200.0-255,2902,207864,76,294024
619,0.001689,172.31.40.0-255,66,207930,76,294024
620,0.001719,74.125.200.0-255,3602,211532,76,294024
621,0.001721,172.31.40.0-255,66,211598,76,294024
622,0.001724,74.125.200.0-255,1484,213082,76,294024
623,0.00175,74.125.200.0-255,5738,218820,76,294024
624,0.001752,172.31.40.0-255,66,218886,76,294024
625,0.001757,74.125.200.0-255,4320,223206,76,294024
626,0.001759,172.31.40.0-255,66,223272,76,294024
627,0.001761,74.125.200.0-255,1484,224756,76,294024
628,0.001799,172.31.40.0-255,66,224822,76,294024
629,0.001809,74.125.200.0-255,5738,230560,76,294024
630,0.001811,172.31.40.0-255,66,230626,76,294024
631,0.001834,74.125.200.0-255,2902,233528,76,294024
632,0.001836,172.31.40.0-255,66,233594,76,294024
633,0.001846,74.125.200.0-255,766,234360,76,294024
634,0.00193,74.125.200.0-255,1484,235844,76,294024
635,0.001935,172.31.40.0-255,66,235910,76,294024
636,0.001966,74.125.200.0-255,2902,238812,76,294024
637,0.001969,172.31.40.0-255,66,238878,76,294024
638,0.001989,74.125.200.0-255,5738,244616,76,294024
639,0.001992,172.31.40.0-255,66,244682,76,294024
640,0.002041,172.31.40.0-255,66,244748,76,294024
641,0.002062,172.31.40.0-255,66,244814,76,294024
642,0.002085,74.125.200.0-255,2184,246998,76,294024
643,0.002088,172.31.40.0-255,66,247064,76,294024
644,0.004081,74.125.200.0-255,2902,249966,76,294024
645,0.004088,172.31.40.0-255,66,250032,76,294024
646,0.004122,74.125.200.0-255,2902,252934,76,294024
647,0.004125,172.31.40.0-255,66,253000,76,294024
648,0.006114,74.125.200.0-255,2902,255902,76,294024
649,0.006121,172.31.40.0-255,66,255968,76,294024
650,0.00615,74.125.200.0-255,2902,258870,76,294024
651,0.006153,172.31.40.0-255,66,258936,76,294024
652,0.008149,74.125.200.0-255,2902,261838,76,294024
653,0.008156,172.31.40.0-255,66,261904,76,294024
654,0.008188,74.125.200.0-255,2902,264806,76,294024
655,0.00819,172.31.40.0-255,66,264872,76,294024
656,0.010191,74.125.200.0-255,2902,267774,76,294024
657,0.010194,172.31.40.0-255,66,267840,76,294024
658,0.010212,74.125.200.0-255,2902,270742,76,294024
659,0.010214,172.31.40.0-255,66,270808,76,294024
660,0.01222,74.125.200.0-255,5738,276546,76,294024
661,0.012227,172.31.40.0-255,66,276612,76,294024
662,0.014248,74.125.200.0-255,5738,282350,76,294024
663,0.014256,172.31.40.0-255,66,282416,76,294024
664,0.016275,74.125.200.0-255,5738,288154,76,294024
665,0.016283,172.31.40.0-255,66,288220,76,294024
666,0.018317,74.125.200.0-255,5738,293958,76,294024
667,0.018326,172.31.40.0-255,66,294024,76,294024
668,0.0,172.31.40.0-255,228,228,76,294
669,0.007377,172.217.194.0-255,66,294,76,294
670,0.0,172.217.194.0-255,153,153,76,203113
671,1.4e-05,172.31.40.0-255,66,219,76,203113
672,2.1e-05,172.217.194.0-255,1484,1703,76,203113
673,2.5e-05,172.31.40.0-255,66,1769,76,203113
674,3.1e-05,172.217.194.0-255,2902,4671,76,203113
675,4.4e-05,172.31.40.0-255,66,4737,76,203113
676,5.2e-05,172.217.194.0-255,5738,10475,76,203113
677,5.5e-05,172.31.40.0-255,66,10541,76,203113
678,9.6e-05,172.217.194.0-255,3507,14048,76,203113
679,9.9e-05,172.31.40.0-255,66,14114,76,203113
680,0.00018,172.217.194.0-255,1484,15598,76,203113
681,0.000184,172.31.40.0-255,66,15664,76,203113
682,0.000188,172.217.194.0-255,1484,17148,76,203113
683,0.00019,172.31.40.0-255,66,17214,76,203113
684,0.000211,172.217.194.0-255,1484,18698,76,203113
685,0.000214,172.31.40.0-255,66,18764,76,203113
686,0.00022,172.217.194.0-255,4320,23084,76,203113
687,0.000222,172.31.40.0-255,66,23150,76,203113
688,0.000254,172.217.194.0-255,1484,24634,76,203113
689,0.000257,172.31.40.0-255,66,24700,76,203113
690,0.000265,172.217.194.0-255,6797,31497,76,203113
691,0.000267,172.31.40.0-255,66,31563,76,203113
692,0.000317,172.217.194.0-255,7156,38719,76,203113
693,0.000321,172.31.40.0-255,66,38785,76,203113
694,0.000353,172.217.194.0-255,7156,45941,76,203113
695,0.000356,172.31.40.0-255,66,46007,76,203113
696,0.000381,172.31.40.0-255,66,46073,76,203113
697,0.000392,172.31.40.0-255,66,46139,76,203113
698,0.000415,172.217.194.0-255,2184,48323,76,203113
699,0.000418,172.31.40.0-255,66,48389,76,203113
700,0.000421,172.217.194.0-255,367,48756,76,203113
701,0.000424,172.217.194.0-255,375,49131,76,203113
702,0.000883,172.217.194.0-255,1484,50615,76,203113
703,0.000889,172.31.40.0-255,66,50681,76,203113
704,0.000895,172.217.194.0-255,2902,53583,76,203113
705,0.000897,172.31.40.0-255,66,53649,76,203113
706,0.000929,172.217.194.0-255,5738,59387,76,203113
707,0.000932,172.31.40.0-255,66,59453,76,203113
708,0.000968,172.31.40.0-255,66,59519,76,203113
709,0.001009,172.217.194.0-255,2902,62421,76,203113
710,0.001012,172.31.40.0-255,66,62487,76,203113
711,0.001029,172.31.40.0-255,66,62553,76,203113
712,0.001059,172.217.194.0-255,1484,64037,76,203113
713,0.001064,172.217.194.0-255,2902,66939,76,203113
714,0.001066,172.31.40.0-255,66,67005,76,203113
715,0.001069,172.217.194.0-255,1484,68489,76,203113
716,0.001101,172.217.194.0-255,4320,72809,76,203113
717,0.001103,172.31.40.0-255,66,72875,76,203113
718,0.001116,172.31.40.0-255,66,72941,76,203113
719,0.001155,172.217.194.0-255,2902,75843,76,203113
720,0.001158,172.31.40.0-255,66,75909,76,203113
721,0.001175,172.31.40.0-255,66,75975,76,203113
722,0.001982,172.217.194.0-255,1484,77459,76,203113
723,0.001993,172.217.194.0-255,2902,80361,76,203113
724,0.001997,172.31.40.0-255,66,80427,76,203113
725,0.002004,172.217.194.0-255,4320,84747,76,203113
726,0.002006,172.31.40.0-255,66,84813,76,203113
727,0.002034,172.217.194.0-255,1484,86297,76,203113
728,0.002042,172.217.194.0-255,7156,93453,76,203113
729,0.002045,172.31.40.0-255,66,93519,76,203113
730,0.002059,172.31.40.0-255,66,93585,76,203113
731,0.002063,172.217.194.0-255,2184,95769,76,203113
732,0.002066,172.31.40.0-255,66,95835,76,203113
733,0.002188,172.217.194.0-255,1484,97319,76,203113
734,0.002195,172.217.194.0-255,2902,100221,76,203113
735,0.002199,172.31.40.0-255,66,100287,76,203113
736,0.002204,172.217.194.0-255,2902,103189,76,203113
737,0.002206,172.31.40.0-255,66,103255,76,203113
738,0.002229,172.217.194.0-255,2902,106157,76,203113
739,0.002231,172.31.40.0-255,66,106223,76,203113
740,0.002236,172.217.194.0-255,4320,110543,76,203113
741,0.002238,172.31.40.0-255,66,110609,76,203113
742,0.002284,172.31.40.0-255,66,110675,76,203113
743,0.002296,172.31.40.0-255,66,110741,76,203113
744,0.002314,172.217.194.0-255,766,111507,76,203113
745,0.002426,172.217.194.0-255,1484,112991,76,203113
746,0.00243,172.31.40.0-255,66,113057,76,203113
747,0.002437,172.217.194.0-255,2902,115959,76,203113
748,0.00244,172.31.40.0-255,66,116025,76,203113
749,0.002451,172.217.194.0-255,5738,121763,76,203113
750,0.002453,172.31.40.0-255,66,121829,76,203113
751,0.002456,172.217.194.0-255,1484,123313,76,203113
752,0.002461,172.217.194.0-255,2902,126215,76,203113
753,0.002463,172.31.40.0-255,66,126281,76,203113
754,0.002491,172.217.194.0-255,2902,129183,76,203113
755,0.002494,172.31.40.0-255,66,129249,76,203113
756,0.002514,172.217.194.0-255,4320,133569,76,203113
757,0.002517,172.31.40.0-255,66,133635,76,203113
758,0.002547,172.217.194.0-255,5738,139373,76,203113
759,0.00255,172.31.40.0-255,66,139439,76,203113
760,0.002553,172.217.194.0-255,1484,140923,76,203113
761,0.002559,172.217.194.0-255,5020,145943,76,203113
762,0.002562,172.31.40.0-255,66,146009,76,203113
763,0.002646,172.217.194.0-255,1484,147493,76,203113
764,0.002667,172.217.194.0-255,2902,150395,76,203113
765,0.002671,172.31.40.0-255,66,150461,76,203113
766,0.002678,172.217.194.0-255,5738,156199,76,203113
767,0.002681,172.31.40.0-255,66,156265,76,203113
768,0.002697,172.217.194.0-255,5738,162003,76,203113
769,0.0027,172.31.40.0-255,66,162069,76,203113
770,0.002703,172.217.194.0-255,1484,163553,76,203113
771,0.002708,172.217.194.0-255,5738,169291,76,203113
772,0.002711,172.31.40.0-255,66,169357,76,203113
773,0.002748,172.31.40.0-255,66,169423,76,203113
774,0.002786,172.217.194.0-255,4320,173743,76,203113
775,0.002788,172.31.40.0-255,66,173809,76,203113
776,0.002844,172.217.194.0-255,7156,180965,76,203113
777,0.002847,172.31.40.0-255,66,181031,76,203113
778,0.002851,172.217.194.0-255,2902,183933,76,203113
779,0.002853,172.31.40.0-255,66,183999,76,203113
780,0.002869,172.31.40.0-255,66,184065,76,203113
781,0.00288,172.31.40.0-255,66,184131,76,203113
782,0.002892,172.31.40.0-255,66,184197,76,203113
783,0.002909,172.31.40.0-255,66,184263,76,203113
784,0.002912,172.217.194.0-255,766,185029,76,203113
785,0.002917,172.217.194.0-255,4320,189349,76,203113
786,0.00292,172.31.40.0-255,66,189415,76,203113
787,0.002925,172.217.194.0-255,5738,195153,76,203113
788,0.002928,172.31.40.0-255,66,195219,76,203113
789,0.002984,172.31.40.0-255,66,195285,76,203113
790,0.002997,172.31.40.0-255,66,195351,76,203113
791,0.003,172.217.194.0-255,1484,196835,76,203113
792,0.003007,172.217.194.0-255,5738,202573,76,203113
793,0.003009,172.31.40.0-255,66,202639,76,203113
794,0.003057,172.31.40.0-255,66,202705,76,203113
795,0.003084,172.31.40.0-255,66,202771,76,203113
796,0.003087,172.217.194.0-255,105,202876,76,203113
797,0.006976,172.31.40.0-255,66,202942,76,203113
798,0.007016,172.31.40.0-255,105,203047,76,203113
799,0.009472,172.217.194.0-255,66,203113,76,203113
800,0.0,74.125.68.0-255,152,152,76,166389
801,1.3e-05,172.31.40.0-255,66,218,76,166389
802,2e-05,74.125.68.0-255,1484,1702,76,166389
803,2.5e-05,172.31.40.0-255,66,1768,76,166389
804,5.2e-05,74.125.68.0-255,2902,4670,76,166389
805,5.5e-05,172.31.40.0-255,66,4736,76,166389
806,9.2e-05,74.125.68.0-255,7156,11892,76,166389
807,9.5e-05,172.31.40.0-255,66,11958,76,166389
808,0.0001,74.125.68.0-255,2063,14021,76,166389
809,0.000102,172.31.40.0-255,66,14087,76,166389
810,0.000107,74.125.68.0-255,2902,16989,76,166389
811,0.000109,172.31.40.0-255,66,17055,76,166389
812,0.000121,74.125.68.0-255,7156,24211,76,166389
813,0.000124,172.31.40.0-255,66,24277,76,166389
814,0.000131,74.125.68.0-255,6797,31074,76,166389
815,0.000134,172.31.40.0-255,66,31140,76,166389
816,0.00051,74.125.68.0-255,1484,32624,76,166389
817,0.000516,172.31.40.0-255,66,32690,76,166389
818,0.000523,74.125.68.0-255,2902,35592,76,166389
819,0.000525,172.31.40.0-255,66,35658,76,166389
820,0.000545,74.125.68.0-255,1484,37142,76,166389
821,0.000566,172.31.40.0-255,66,37208,76,166389
822,0.000575,74.125.68.0-255,2902,40110,76,166389
823,0.000578,172.31.40.0-255,66,40176,76,166389
824,0.000588,74.125.68.0-255,5738,45914,76,166389
825,0.000591,172.31.40.0-255,66,45980,76,166389
826,0.000595,74.125.68.0-255,2543,48523,76,166389
827,0.000597,172.31.40.0-255,66,48589,76,166389
828,0.0006,74.125.68.0-255,1484,50073,76,166389
829,0.000602,172.31.40.0-255,66,50139,76,166389
830,0.000632,74.125.68.0-255,1484,51623,76,166389
831,0.000635,172.31.40.0-255,66,51689,76,166389
832,0.000643,74.125.68.0-255,7156,58845,76,166389
833,0.000646,172.31.40.0-255,66,58911,76,166389
834,0.000655,74.125.68.0-255,4320,63231,76,166389
835,0.000657,172.31.40.0-255,66,63297,76,166389
836,0.000682,74.125.68.0-255,2543,65840,76,166389
837,0.000684,172.31.40.0-255,66,65906,76,166389
838,0.000921,74.125.68.0-255,645,66551,76,166389
839,0.001082,172.31.40.0-255,66,66617,76,166389
840,0.001206,74.125.68.0-255,1484,68101,76,166389
841,0.001215,74.125.68.0-255,2902,71003,76,166389
842,0.001219,172.31.40.0-255,66,71069,76,166389
843,0.001225,74.125.68.0-255,2902,73971,76,166389
844,0.001227,172.31.40.0-255,66,74037,76,166389
845,0.00126,74.125.68.0-255,2902,76939,76,166389
846,0.001262,172.31.40.0-255,66,77005,76,166389
847,0.001273,172.31.40.0-255,66,77071,76,166389
848,0.001289,172.31.40.0-255,66,77137,76,166389
849,0.001321,74.125.68.0-255,1484,78621,76,166389
850,0.001328,74.125.68.0-255,5020,83641,76,166389
851,0.00133,172.31.40.0-255,66,83707,76,166389
852,0.002014,74.125.68.0-255,1484,85191,76,166389
853,0.002023,74.125.68.0-255,2902,88093,76,166389
854,0.002029,172.31.40.0-255,66,88159,76,166389
855,0.002035,74.125.68.0-255,2902,91061,76,166389
856,0.002037,172.31.40.0-255,66,91127,76,166389
857,0.002064,74.125.68.0-255,2902,94029,76,166389
858,0.002066,172.31.40.0-255,66,94095,76,166389
859,0.002072,74.125.68.0-255,4320,98415,76,166389
860,0.002074,172.31.40.0-255,66,98481,76,166389
861,0.002085,74.125.68.0-255,5738,104219,76,166389
862,0.002087,172.31.40.0-255,66,104285,76,166389
863,0.00212,74.125.68.0-255,5738,110023,76,166389
864,0.002123,172.31.40.0-255,66,110089,76,166389
865,0.002145,74.125.68.0-255,1484,111573,76,166389
866,0.002161,74.125.68.0-255,5738,117311,76,166389
867,0.002164,172.31.40.0-255,66,117377,76,166389
868,0.002185,74.125.68.0-255,766,118143,76,166389
869,0.002313,74.125.68.0-255,1484,119627,76,166389
870,0.002315,172.31.40.0-255,66,119693,76,166389
871,0.00234,74.125.68.0-255,2902,122595,76,166389
872,0.002343,172.31.40.0-255,66,122661,76,166389
873,0.002367,74.125.68.0-255,2902,125563,76,166389
874,0.002369,172.31.40.0-255,66,125629,76,166389
875,0.004665,74.125.68.0-255,2902,128531,76,166389
876,0.004669,172.31.40.0-255,66,128597,76,166389
877,0.004698,74.125.68.0-255,2902,131499,76,166389
878,0.004701,172.31.40.0-255,66,131565,76,166389
879,0.007019,74.125.68.0-255,5738,137303,76,166389
880,0.007025,172.31.40.0-255,66,137369,76,166389
881,0.009371,74.125.68.0-255,5738,143107,76,166389
882,0.009379,172.31.40.0-255,66,143173,76,166389
883,0.011726,74.125.68.0-255,5738,148911,76,166389
884,0.011735,172.31.40.0-255,66,148977,76,166389
885,0.014087,74.125.68.0-255,5738,154715,76,166389
886,0.014098,172.31.40.0-255,66,154781,76,166389
887,0.016467,74.125.68.0-255,5738,160519,76,166389
888,0.016472,172.31.40.0-255,66,160585,76,166389
889,0.018808,74.125.68.0-255,5738,166323,76,166389
890,0.018815,172.31.40.0-255,66,166389,76,166389
891,0.0,172.217.194.0-255,152,152,76,212540
892,2.3e-05,172.31.40.0-255,66,218,76,212540
893,3e-05,172.217.194.0-255,1484,1702,76,212540
894,3.5e-05,172.31.40.0-255,66,1768,76,212540
895,6.9e-05,172.217.194.0-255,1484,3252,76,212540
896,7.2e-05,172.31.40.0-255,66,3318,76,212540
897,7.8e-05,172.217.194.0-255,2902,6220,76,212540
898,8e-05,172.31.40.0-255,66,6286,76,212540
899,8.7e-05,172.217.194.0-255,5738,12024,76,212540
900,9e-05,172.31.40.0-255,66,12090,76,212540
901,9.4e-05,172.217.194.0-255,2165,14255,76,212540
902,9.7e-05,172.31.40.0-255,66,14321,76,212540
903,0.000159,172.217.194.0-255,1484,15805,76,212540
904,0.000162,172.31.40.0-255,66,15871,76,212540
905,0.000184,172.217.194.0-255,2902,18773,76,212540
906,0.000187,172.31.40.0-255,66,18839,76,212540
907,0.000194,172.217.194.0-255,5738,24577,76,212540
908,0.000196,172.31.40.0-255,66,24643,76,212540
909,0.000241,172.217.194.0-255,6797,31440,76,212540
910,0.000244,172.31.40.0-255,66,31506,76,212540
911,0.000292,172.217.194.0-255,7156,38662,76,212540
912,0.000296,172.31.40.0-255,66,38728,76,212540
913,0.0003,172.217.194.0-255,2902,41630,76,212540
914,0.000302,172.31.40.0-255,66,41696,76,212540
915,0.000341,172.217.194.0-255,6797,48493,76,212540
916,0.000345,172.31.40.0-255,66,48559,76,212540
917,0.000389,172.217.194.0-255,1484,50043,76,212540
918,0.000391,172.31.40.0-255,66,50109,76,212540
919,0.000395,172.217.194.0-255,1484,51593,76,212540
920,0.000397,172.31.40.0-255,66,51659,76,212540
921,0.000418,172.217.194.0-255,1484,53143,76,212540
922,0.00042,172.31.40.0-255,66,53209,76,212540
923,0.000427,172.217.194.0-255,5738,58947,76,212540
924,0.000429,172.31.40.0-255,66,59013,76,212540
925,0.000432,172.217.194.0-255,1484,60497,76,212540
926,0.00046,172.217.194.0-255,5673,66170,76,212540
927,0.000462,172.31.40.0-255,66,66236,76,212540
928,0.000465,172.217.194.0-255,382,66618,76,212540
929,0.000672,172.217.194.0-255,1484,68102,76,212540
930,0.000677,172.31.40.0-255,66,68168,76,212540
931,0.000683,172.217.194.0-255,2902,71070,76,212540
932,0.000685,172.31.40.0-255,66,71136,76,212540
933,0.000718,172.217.194.0-255,5738,76874,76,212540
934,0.000721,172.31.40.0-255,66,76940,76,212540
935,0.000727,172.217.194.0-255,4320,81260,76,212540
936,0.000729,172.31.40.0-255,66,81326,76,212540
937,0.000756,172.217.194.0-255,6797,88123,76,212540
938,0.000759,172.31.40.0-255,66,88189,76,212540
939,0.000771,172.31.40.0-255,66,88255,76,212540
940,0.000802,172.217.194.0-255,2543,90798,76,212540
941,0.000804,172.31.40.0-255,66,90864,76,212540
942,0.001399,172.217.194.0-255,1484,92348,76,212540
943,0.001406,172.217.194.0-255,2902,95250,76,212540
944,0.001411,172.31.40.0-255,66,95316,76,212540
945,0.001415,172.217.194.0-255,1484,96800,76,212540
946,0.001446,172.217.194.0-255,4320,101120,76,212540
947,0.001448,172.31.40.0-255,66,101186,76,212540
948,0.001483,172.31.40.0-255,66,101252,76,212540
949,0.001513,172.217.194.0-255,4320,105572,76,212540
950,0.001515,172.31.40.0-255,66,105638,76,212540
951,0.001529,172.31.40.0-255,66,105704,76,212540
952,0.001532,172.217.194.0-255,1484,107188,76,212540
953,0.001536,172.217.194.0-255,2902,110090,76,212540
954,0.001539,172.31.40.0-255,66,110156,76,212540
955,0.001545,172.217.194.0-255,5738,115894,76,212540
956,0.001547,172.31.40.0-255,66,115960,76,212540
957,0.001586,172.217.194.0-255,5738,121698,76,212540
958,0.001588,172.31.40.0-255,66,121764,76,212540
959,0.001626,172.217.194.0-255,7156,128920,76,212540
960,0.001629,172.31.40.0-255,66,128986,76,212540
961,0.001641,172.31.40.0-255,66,129052,76,212540
962,0.001643,172.217.194.0-255,766,129818,76,212540
963,0.00242,172.217.194.0-255,1484,131302,76,212540
964,0.002426,172.217.194.0-255,1484,132786,76,212540
965,0.002438,172.217.194.0-255,1484,134270,76,212540
966,0.002443,172.217.194.0-255,2902,137172,76,212540
967,0.00246,172.217.194.0-255,2902,140074,76,212540
968,0.00248,172.217.194.0-255,7156,147230,76,212540
969,0.002505,172.217.194.0-255,5738,152968,76,212540
970,0.002517,172.217.194.0-255,766,153734,76,212540
971,0.002545,172.217.194.0-255,1484,155218,76,212540
972,0.002549,172.217.194.0-255,2902,158120,76,212540
973,0.002558,172.217.194.0-255,1484,159604,76,212540
974,0.002588,172.217.194.0-255,2902,162506,76,212540
975,0.002608,172.217.194.0-255,7156,169662,76,212540
976,0.002636,172.217.194.0-255,1484,171146,76,212540
977,0.002664,172.217.194.0-255,6438,177584,76,212540
978,0.004112,172.31.40.0-255,66,177650,76,212540
979,0.006755,172.217.194.0-255,2902,180552,76,212540
980,0.006761,172.31.40.0-255,66,180618,76,212540
981,0.00678,172.217.194.0-255,2902,183520,76,212540
982,0.006782,172.31.40.0-255,66,183586,76,212540
983,0.009382,172.217.194.0-255,5738,189324,76,212540
984,0.009389,172.31.40.0-255,66,189390,76,212540
985,0.012034,172.217.194.0-255,5738,195128,76,212540
986,0.012046,172.31.40.0-255,66,195194,76,212540
987,0.014685,172.217.194.0-255,5738,200932,76,212540
988,0.014704,172.31.40.0-255,66,200998,76,212540
989,0.017328,172.217.194.0-255,5738,206736,76,212540
990,0.017342,172.31.40.0-255,66,206802,76,212540
991,0.019999,172.217.194.0-255,5738,212540,76,212540
992,0.0,74.125.68.0-255,146,146,76,247773
993,2e-05,172.31.40.0-255,66,212,76,247773
994,6.7e-05,74.125.68.0-255,1484,1696,76,247773
995,7.2e-05,172.31.40.0-255,66,1762,76,247773
996,7.5e-05,74.125.68.0-255,1484,3246,76,247773
997,7.8e-05,172.31.40.0-255,66,3312,76,247773
998,8.5e-05,74.125.68.0-255,2902,6214,76,247773
999,8.7e-05,172.31.40.0-255,66,6280,76,247773
1000,0.000119,74.125.68.0-255,5738,12018,76,247773
1001,0.000121,172.31.40.0-255,66,12084,76,247773
1002,0.000126,74.125.68.0-255,2902,14986,76,247773
1003,0.000128,172.31.40.0-255,66,15052,76,247773
1004,0.000143,74.125.68.0-255,2101,17153,76,247773
1005,0.000145,172.31.40.0-255,66,17219,76,247773
1006,0.000153,74.125.68.0-255,5738,22957,76,247773
1007,0.000155,172.31.40.0-255,66,23023,76,247773
1008,0.000203,172.31.40.0-255,66,23089,76,247773
1009,0.000286,74.125.68.0-255,1484,24573,76,247773
1010,0.000288,172.31.40.0-255,66,24639,76,247773
1011,0.000302,74.125.68.0-255,2902,27541,76,247773
1012,0.000304,172.31.40.0-255,66,27607,76,247773
1013,0.000321,74.125.68.0-255,2902,30509,76,247773
1014,0.000324,172.31.40.0-255,66,30575,76,247773
1015,0.000345,74.125.68.0-255,2902,33477,76,247773
1016,0.000348,172.31.40.0-255,66,33543,76,247773
1017,0.000356,74.125.68.0-255,6797,40340,76,247773
1018,0.000358,172.31.40.0-255,66,40406,76,247773
1019,0.000398,172.31.40.0-255,66,40472,76,247773
1020,0.000431,74.125.68.0-255,4320,44792,76,247773
1021,0.000434,172.31.40.0-255,66,44858,76,247773
1022,0.000457,74.125.68.0-255,4317,49175,76,247773
1023,0.000461,172.31.40.0-255,66,49241,76,247773
1024,0.000579,74.125.68.0-255,331,49572,76,247773
1025,0.000775,74.125.68.0-255,1484,51056,76,247773
1026,0.000779,172.31.40.0-255,66,51122,76,247773
1027,0.000793,74.125.68.0-255,2902,54024,76,247773
1028,0.000796,172.31.40.0-255,66,54090,76,247773
1029,0.000817,74.125.68.0-255,4320,58410,76,247773
1030,0.00082,172.31.40.0-255,66,58476,76,247773
1031,0.000844,74.125.68.0-255,5738,64214,76,247773
1032,0.000847,172.31.40.0-255,66,64280,76,247773
1033,0.000851,74.125.68.0-255,2543,66823,76,247773
1034,0.000853,172.31.40.0-255,66,66889,76,247773
1035,0.000903,74.125.68.0-255,2902,69791,76,247773
1036,0.000906,172.31.40.0-255,66,69857,76,247773
1037,0.000926,74.125.68.0-255,4320,74177,76,247773
1038,0.000928,172.31.40.0-255,66,74243,76,247773
1039,0.000949,74.125.68.0-255,4320,78563,76,247773
1040,0.000952,172.31.40.0-255,66,78629,76,247773
1041,0.000966,74.125.68.0-255,4320,82949,76,247773
1042,0.000969,172.31.40.0-255,66,83015,76,247773
1043,0.000972,74.125.68.0-255,1125,84140,76,247773
1044,0.00138,74.125.68.0-255,1484,85624,76,247773
1045,0.001387,172.31.40.0-255,66,85690,76,247773
1046,0.001392,74.125.68.0-255,1484,87174,76,247773
1047,0.001409,74.125.68.0-255,2902,90076,76,247773
1048,0.001412,172.31.40.0-255,66,90142,76,247773
1049,0.001432,74.125.68.0-255,2902,93044,76,247773
1050,0.001435,172.31.40.0-255,66,93110,76,247773
1051,0.001457,74.125.68.0-255,2902,96012,76,247773
1052,0.001459,172.31.40.0-255,66,96078,76,247773
1053,0.001464,74.125.68.0-255,2902,98980,76,247773
1054,0.001466,172.31.40.0-255,66,99046,76,247773
1055,0.001471,74.125.68.0-255,4320,103366,76,247773
1056,0.001502,74.125.68.0-255,4320,107686,76,247773
1057,0.001505,172.31.40.0-255,66,107752,76,247773
1058,0.001515,74.125.68.0-255,2902,110654,76,247773
1059,0.00152,172.31.40.0-255,66,110720,76,247773
1060,0.00155,74.125.68.0-255,1484,112204,76,247773
1061,0.001574,74.125.68.0-255,6438,118642,76,247773
1062,0.001583,172.31.40.0-255,66,118708,76,247773
1063,0.001654,74.125.68.0-255,1484,120192,76,247773
1064,0.001679,74.125.68.0-255,2902,123094,76,247773
1065,0.001682,172.31.40.0-255,66,123160,76,247773
1066,0.001688,74.125.68.0-255,4320,127480,76,247773
1067,0.001706,74.125.68.0-255,1484,128964,76,247773
1068,0.00171,74.125.68.0-255,2902,131866,76,247773
1069,0.001714,74.125.68.0-255,4320,136186,76,247773
1070,0.001718,172.31.40.0-255,66,136252,76,247773
1071,0.001724,172.31.40.0-255,66,136318,76,247773
1072,0.001744,74.125.68.0-255,1484,137802,76,247773
1073,0.001758,74.125.68.0-255,5738,143540,76,247773
1074,0.001769,172.31.40.0-255,66,143606,76,247773
1075,0.001792,74.125.68.0-255,7156,150762,76,247773
1076,0.00181,172.31.40.0-255,66,150828,76,247773
1077,0.001813,74.125.68.0-255,1484,152312,76,247773
1078,0.001815,74.125.68.0-255,766,153078,76,247773
1079,0.00182,172.31.40.0-255,66,153144,76,247773
1080,0.00187,74.125.68.0-255,1484,154628,76,247773
1081,0.001881,74.125.68.0-255,1484,156112,76,247773
1082,0.001894,74.125.68.0-255,1484,157596,76,247773
1083,0.001897,74.125.68.0-255,1484,159080,76,247773
1084,0.00191,74.125.68.0-255,1484,160564,76,247773
1085,0.001915,172.31.40.0-255,66,160630,76,247773
1086,0.001922,74.125.68.0-255,1484,162114,76,247773
1087,0.001956,74.125.68.0-255,5738,167852,76,247773
1088,0.00196,74.125.68.0-255,1484,169336,76,247773
1089,0.001978,74.125.68.0-255,2902,172238,76,247773
1090,0.002,74.125.68.0-255,4320,176558,76,247773
1091,0.002014,74.125.68.0-255,1484,178042,76,247773
1092,0.002016,74.125.68.0-255,1484,179526,76,247773
1093,0.002065,74.125.68.0-255,4320,183846,76,247773
1094,0.00208,74.125.68.0-255,3602,187448,76,247773
1095,0.002135,74.125.68.0-255,1484,188932,76,247773
1096,0.002164,74.125.68.0-255,2902,191834,76,247773
1097,0.002195,74.125.68.0-255,4320,196154,76,247773
1098,0.002209,74.125.68.0-255,1484,197638,76,247773
1099,0.002229,74.125.68.0-255,2902,200540,76,247773
1100,0.002249,74.125.68.0-255,5738,206278,76,247773
1101,0.002315,74.125.68.0-255,6438,212716,76,247773
1102,0.005986,172.31.40.0-255,66,212782,76,247773
1103,0.006124,172.31.40.0-255,101,212883,76,247773
1104,0.008297,74.125.68.0-255,5738,218621,76,247773
1105,0.008303,172.31.40.0-255,66,218687,76,247773
1106,0.008376,74.125.68.0-255,66,218753,76,247773
1107,0.010589,74.125.68.0-255,5738,224491,76,247773
1108,0.010596,172.31.40.0-255,66,224557,76,247773
1109,0.012893,74.125.68.0-255,5738,230295,76,247773
1110,0.0129,172.31.40.0-255,66,230361,76,247773
1111,0.015202,74.125.68.0-255,5738,236099,76,247773
1112,0.01522,172.31.40.0-255,66,236165,76,247773
1113,0.017552,74.125.68.0-255,5738,241903,76,247773
1114,0.017566,172.31.40.0-255,66,241969,76,247773
1115,0.019864,74.125.68.0-255,5738,247707,76,247773
1116,0.019873,172.31.40.0-255,66,247773,76,247773
1117,0.0,172.253.118.0-255,296,296,76,152523
1118,2e-05,172.31.40.0-255,66,362,76,152523
1119,2.7e-05,172.253.118.0-255,1484,1846,76,152523
1120,3.1e-05,172.31.40.0-255,66,1912,76,152523
1121,3.9e-05,172.253.118.0-255,4320,6232,76,152523
1122,5e-05,172.31.40.0-255,66,6298,76,152523
1123,5.5e-05,172.253.118.0-255,4320,10618,76,152523
1124,5.9e-05,172.31.40.0-255,66,10684,76,152523
1125,7.8e-05,172.253.118.0-255,1484,12168,76,152523
1126,8.5e-05,172.31.40.0-255,66,12234,76,152523
1127,0.000126,172.253.118.0-255,1905,14139,76,152523
1128,0.00013,172.31.40.0-255,66,14205,76,152523
1129,0.000133,172.253.118.0-255,1484,15689,76,152523
1130,0.000136,172.31.40.0-255,66,15755,76,152523
1131,0.000139,172.253.118.0-255,1484,17239,76,152523
1132,0.000141,172.31.40.0-255,66,17305,76,152523
1133,0.000178,172.253.118.0-255,1484,18789,76,152523
1134,0.000182,172.31.40.0-255,66,18855,76,152523
1135,0.000189,172.253.118.0-255,5738,24593,76,152523
1136,0.000191,172.31.40.0-255,66,24659,76,152523
1137,0.000203,172.253.118.0-255,6797,31456,76,152523
1138,0.000206,172.31.40.0-255,66,31522,76,152523
1139,0.000278,172.253.118.0-255,1484,33006,76,152523
1140,0.000281,172.31.40.0-255,66,33072,76,152523
1141,0.000312,172.253.118.0-255,2902,35974,76,152523
1142,0.000314,172.31.40.0-255,66,36040,76,152523
1143,0.000321,172.253.118.0-255,5738,41778,76,152523
1144,0.000324,172.31.40.0-255,66,41844,76,152523
1145,0.000335,172.253.118.0-255,7156,49000,76,152523
1146,0.000338,172.31.40.0-255,66,49066,76,152523
1147,0.000373,172.253.118.0-255,6797,55863,76,152523
1148,0.000376,172.31.40.0-255,66,55929,76,152523
1149,0.000384,172.253.118.0-255,7156,63085,76,152523
1150,0.000414,172.253.118.0-255,1484,64569,76,152523
1151,0.000428,172.253.118.0-255,1437,66006,76,152523
1152,0.000578,172.31.40.0-255,66,66072,76,152523
1153,0.0007,172.253.118.0-255,109,66181,76,152523
1154,0.000824,172.253.118.0-255,1484,67665,76,152523
1155,0.000831,172.253.118.0-255,2902,70567,76,152523
1156,0.000833,172.253.118.0-255,1484,72051,76,152523
1157,0.000847,172.253.118.0-255,4320,76371,76,152523
1158,0.000853,172.31.40.0-255,66,76437,76,152523
1159,0.000894,172.253.118.0-255,1484,77921,76,152523
1160,0.000911,172.253.118.0-255,6797,84718,76,152523
1161,0.000933,172.253.118.0-255,7156,91874,76,152523
1162,0.000943,172.31.40.0-255,66,91940,76,152523
1163,0.000951,172.253.118.0-255,1484,93424,76,152523
1164,0.000962,172.253.118.0-255,6797,100221,76,152523
1165,0.00099,172.31.40.0-255,66,100287,76,152523
1166,0.003005,172.253.118.0-255,5738,106025,76,152523
1167,0.003013,172.31.40.0-255,66,106091,76,152523
1168,0.00504,172.253.118.0-255,5738,111829,76,152523
1169,0.005046,172.31.40.0-255,66,111895,76,152523
1170,0.007075,172.253.118.0-255,5738,117633,76,152523
1171,0.007082,172.31.40.0-255,66,117699,76,152523
1172,0.009102,172.253.118.0-255,5738,123437,76,152523
1173,0.009109,172.31.40.0-255,66,123503,76,152523
1174,0.011116,172.253.118.0-255,5738,129241,76,152523
1175,0.011123,172.31.40.0-255,66,129307,76,152523
1176,0.013138,172.253.118.0-255,5738,135045,76,152523
1177,0.013146,172.31.40.0-255,66,135111,76,152523
1178,0.015154,172.253.118.0-255,5738,140849,76,152523
1179,0.015162,172.31.40.0-255,66,140915,76,152523
1180,0.01718,172.253.118.0-255,5738,146653,76,152523
1181,0.017187,172.31.40.0-255,66,146719,76,152523
1182,0.019215,172.253.118.0-255,5738,152457,76,152523
1183,0.019223,172.31.40.0-255,66,152523,76,152523
1184,0.0,172.217.194.0-255,147,147,76,193228
1185,2.7e-05,172.31.40.0-255,66,213,76,193228
1186,3.4e-05,172.217.194.0-255,1484,1697,76,193228
1187,3.9e-05,172.31.40.0-255,66,1763,76,193228
1188,4.4e-05,172.217.194.0-255,2902,4665,76,193228
1189,4.8e-05,172.31.40.0-255,66,4731,76,193228
1190,6.6e-05,172.217.194.0-255,7156,11887,76,193228
1191,7.1e-05,172.31.40.0-255,66,11953,76,193228
1192,7.5e-05,172.217.194.0-255,2027,13980,76,193228
1193,7.8e-05,172.31.40.0-255,66,14046,76,193228
1194,0.000103,172.217.194.0-255,2902,16948,76,193228
1195,0.000107,172.31.40.0-255,66,17014,76,193228
1196,0.000117,172.217.194.0-255,4320,21334,76,193228
1197,0.000119,172.31.40.0-255,66,21400,76,193228
1198,0.000153,172.31.40.0-255,66,21466,76,193228
1199,0.00019,172.31.40.0-255,66,21532,76,193228
1200,0.000225,172.217.194.0-255,6438,27970,76,193228
1201,0.000228,172.31.40.0-255,66,28036,76,193228
1202,0.000343,172.217.194.0-255,1484,29520,76,193228
1203,0.00035,172.31.40.0-255,66,29586,76,193228
1204,0.000355,172.217.194.0-255,2902,32488,76,193228
1205,0.000357,172.31.40.0-255,66,32554,76,193228
1206,0.000369,172.217.194.0-255,5738,38292,76,193228
1207,0.000371,172.31.40.0-255,66,38358,76,193228
1208,0.000378,172.217.194.0-255,6797,45155,76,193228
1209,0.000381,172.31.40.0-255,66,45221,76,193228
1210,0.000446,172.217.194.0-255,646,45867,76,193228
1211,0.00045,172.31.40.0-255,66,45933,76,193228
1212,0.000796,172.217.194.0-255,1484,47417,76,193228
1213,0.000803,172.31.40.0-255,66,47483,76,193228
1214,0.000809,172.217.194.0-255,2902,50385,76,193228
1215,0.000823,172.217.194.0-255,5738,56123,76,193228
1216,0.00082,172.31.40.0-255,66,56189,76,193228
1217,0.000827,172.217.194.0-255,1484,57673,76,193228
1218,0.000837,172.31.40.0-255,66,57739,76,193228
1219,0.000871,172.217.194.0-255,7156,64895,76,193228
1220,0.000879,172.31.40.0-255,66,64961,76,193228
1221,0.000892,172.217.194.0-255,5738,70699,76,193228
1222,0.000904,172.31.40.0-255,66,70765,76,193228
1223,0.000935,172.31.40.0-255,66,70831,76,193228
1224,0.001211,172.217.194.0-255,1484,72315,76,193228
1225,0.001216,172.217.194.0-255,2902,75217,76,193228
1226,0.001219,172.31.40.0-255,66,75283,76,193228
1227,0.001249,172.217.194.0-255,5738,81021,76,193228
1228,0.001255,172.217.194.0-255,5738,86759,76,193228
1229,0.001257,172.31.40.0-255,66,86825,76,193228
1230,0.001265,172.31.40.0-255,66,86891,76,193228
1231,0.001271,172.217.194.0-255,7156,94047,76,193228
1232,0.001284,172.31.40.0-255,66,94113,76,193228
1233,0.001308,172.217.194.0-255,4320,98433,76,193228
1234,0.001326,172.31.40.0-255,66,98499,76,193228
1235,0.001333,172.217.194.0-255,6438,104937,76,193228
1236,0.001341,172.31.40.0-255,66,105003,76,193228
1237,0.001379,172.217.194.0-255,1484,106487,76,193228
1238,0.001392,172.217.194.0-255,2902,109389,76,193228
1239,0.001401,172.31.40.0-255,66,109455,76,193228
1240,0.001408,172.217.194.0-255,5738,115193,76,193228
1241,0.001414,172.31.40.0-255,66,115259,76,193228
1242,0.001443,172.31.40.0-255,66,115325,76,193228
1243,0.001472,172.217.194.0-255,1484,116809,76,193228
1244,0.001493,172.31.40.0-255,66,116875,76,193228
1245,0.00153,172.217.194.0-255,1484,118359,76,193228
1246,0.001535,172.217.194.0-255,2902,121261,76,193228
1247,0.001539,172.217.194.0-255,4320,125581,76,193228
1248,0.001548,172.217.194.0-255,1484,127065,76,193228
1249,0.001548,172.31.40.0-255,66,127131,76,193228
1250,0.001561,172.217.194.0-255,4320,131451,76,193228
1251,0.001568,172.31.40.0-255,66,131517,76,193228
1252,0.001597,172.31.40.0-255,66,131583,76,193228
1253,0.001614,172.31.40.0-255,66,131649,76,193228
1254,0.001641,172.31.40.0-255,66,131715,76,193228
1255,0.001652,172.217.194.0-255,4320,136035,76,193228
1256,0.001666,172.31.40.0-255,66,136101,76,193228
1257,0.001707,172.217.194.0-255,5738,141839,76,193228
1258,0.001715,172.31.40.0-255,66,141905,76,193228
1259,0.001752,172.31.40.0-255,66,141971,76,193228
1260,0.001765,172.31.40.0-255,66,142037,76,193228
1261,0.001792,172.217.194.0-255,5738,147775,76,193228
1262,0.001797,172.31.40.0-255,66,147841,76,193228
1263,0.001798,172.217.194.0-255,3602,151443,76,193228
1264,0.001802,172.31.40.0-255,66,151509,76,193228
1265,0.001816,172.31.40.0-255,66,151575,76,193228
1266,0.001866,172.31.40.0-255,66,151641,76,193228
1267,0.001868,172.217.194.0-255,1484,153125,76,193228
1268,0.001871,172.217.194.0-255,1484,154609,76,193228
1269,0.001872,172.31.40.0-255,66,154675,76,193228
1270,0.001903,172.217.194.0-255,1484,156159,76,193228
1271,0.001909,172.31.40.0-255,66,156225,76,193228
1272,0.001911,172.217.194.0-255,5738,161963,76,193228
1273,0.001921,172.31.40.0-255,66,162029,76,193228
1274,0.00199,172.31.40.0-255,66,162095,76,193228
1275,0.001991,172.217.194.0-255,4320,166415,76,193228
1276,0.001996,172.31.40.0-255,66,166481,76,193228
1277,0.00201,172.31.40.0-255,66,166547,76,193228
1278,0.002023,172.217.194.0-255,3602,170149,76,193228
1279,0.002027,172.31.40.0-255,66,170215,76,193228
1280,0.002042,172.31.40.0-255,66,170281,76,193228
1281,0.002075,172.31.40.0-255,66,170347,76,193228
1282,0.002099,172.217.194.0-255,2184,172531,76,193228
1283,0.002109,172.31.40.0-255,66,172597,76,193228
1284,0.002199,172.217.194.0-255,1484,174081,76,193228
1285,0.002205,172.217.194.0-255,2902,176983,76,193228
1286,0.00221,172.31.40.0-255,66,177049,76,193228
1287,0.00224,172.217.194.0-255,5738,182787,76,193228
1288,0.002244,172.217.194.0-255,1484,184271,76,193228
1289,0.002247,172.31.40.0-255,66,184337,76,193228
1290,0.002279,172.31.40.0-255,66,184403,76,193228
1291,0.002304,172.31.40.0-255,66,184469,76,193228
1292,0.00231,172.217.194.0-255,1484,185953,76,193228
1293,0.002351,172.217.194.0-255,6933,192886,76,193228
1294,0.002356,172.217.194.0-255,105,192991,76,193228
1295,0.010716,172.31.40.0-255,66,193057,76,193228
1296,0.012746,172.31.40.0-255,105,193162,76,193228
1297,0.015369,172.217.194.0-255,66,193228,76,193228
1298,0.0,74.125.24.0-255,156,156,76,133237
1299,2.4e-05,172.31.40.0-255,66,222,76,133237
1300,3.2e-05,74.125.24.0-255,1484,1706,76,133237
1301,3.6e-05,172.31.40.0-255,66,1772,76,133237
1302,4.2e-05,74.125.24.0-255,2902,4674,76,133237
1303,5.6e-05,172.31.40.0-255,66,4740,76,133237
1304,0.000101,74.125.24.0-255,1484,6224,76,133237
1305,0.000104,172.31.40.0-255,66,6290,76,133237
1306,0.000122,74.125.24.0-255,2902,9192,76,133237
1307,0.000125,172.31.40.0-255,66,9258,76,133237
1308,0.000129,74.125.24.0-255,2902,12160,76,133237
1309,0.000131,172.31.40.0-255,66,12226,76,133237
1310,0.00018,74.125.24.0-255,2065,14291,76,133237
1311,0.000183,172.31.40.0-255,66,14357,76,133237
1312,0.000328,74.125.24.0-255,1484,15841,76,133237
1313,0.000333,172.31.40.0-255,66,15907,76,133237
1314,0.000339,74.125.24.0-255,2902,18809,76,133237
1315,0.000342,172.31.40.0-255,66,18875,76,133237
1316,0.000347,74.125.24.0-255,4320,23195,76,133237
1317,0.000354,172.31.40.0-255,66,23261,76,133237
1318,0.000381,74.125.24.0-255,1484,24745,76,133237
1319,0.000383,172.31.40.0-255,66,24811,76,133237
1320,0.000392,74.125.24.0-255,6797,31608,76,133237
1321,0.000394,172.31.40.0-255,66,31674,76,133237
1322,0.000416,74.125.24.0-255,5738,37412,76,133237
1323,0.000419,172.31.40.0-255,66,37478,76,133237
1324,0.000456,74.125.24.0-255,1484,38962,76,133237
1325,0.000458,172.31.40.0-255,66,39028,76,133237
1326,0.00047,172.31.40.0-255,66,39094,76,133237
1327,0.001399,74.125.24.0-255,1484,40578,76,133237
1328,0.001406,172.31.40.0-255,66,40644,76,133237
1329,0.001441,74.125.24.0-255,2902,43546,76,133237
1330,0.001449,74.125.24.0-255,5738,49284,76,133237
1331,0.001452,74.125.24.0-255,1484,50768,76,133237
1332,0.001484,74.125.24.0-255,4320,55088,76,133237
1333,0.00152,74.125.24.0-255,5738,60826,76,133237
1334,0.001539,74.125.24.0-255,5738,66564,76,133237
1335,0.001649,74.125.24.0-255,645,67209,76,133237
1336,0.002014,74.125.24.0-255,1484,68693,76,133237
1337,0.002021,74.125.24.0-255,2902,71595,76,133237
1338,0.002045,74.125.24.0-255,5738,77333,76,133237
1339,0.002057,74.125.24.0-255,2902,80235,76,133237
1340,0.002116,74.125.24.0-255,766,81001,76,133237
1341,0.002507,74.125.24.0-255,1484,82485,76,133237
1342,0.00252,74.125.24.0-255,2902,85387,76,133237
1343,0.002535,74.125.24.0-255,5738,91125,76,133237
1344,0.002562,74.125.24.0-255,1484,92609,76,133237
1345,0.002572,74.125.24.0-255,1484,94093,76,133237
1346,0.002587,74.125.24.0-255,7156,101249,76,133237
1347,0.002599,74.125.24.0-255,2902,104151,76,133237
1348,0.007064,172.31.40.0-255,66,104217,76,133237
1349,0.009653,74.125.24.0-255,5738,109955,76,133237
1350,0.009661,172.31.40.0-255,66,110021,76,133237
1351,0.012211,74.125.24.0-255,5738,115759,76,133237
1352,0.012216,172.31.40.0-255,66,115825,76,133237
1353,0.014754,74.125.24.0-255,5738,121563,76,133237
1354,0.014763,172.31.40.0-255,66,121629,76,133237
1355,0.017305,74.125.24.0-255,5738,127367,76,133237
1356,0.017313,172.31.40.0-255,66,127433,76,133237
1357,0.019865,74.125.24.0-255,5738,133171,76,133237
1358,0.019874,172.31.40.0-255,66,133237,76,133237
1359,0.0,74.125.24.0-255,290,290,76,163693
1360,2.2e-05,172.31.40.0-255,66,356,76,163693
1361,2.9e-05,74.125.24.0-255,1484,1840,76,163693
1362,3.3e-05,172.31.40.0-255,66,1906,76,163693
1363,3.9e-05,74.125.24.0-255,4320,6226,76,163693
1364,4.3e-05,172.31.40.0-255,66,6292,76,163693
1365,5.5e-05,172.31.40.0-255,66,6358,76,163693
1366,7.4e-05,172.31.40.0-255,66,6424,76,163693
1367,8.1e-05,74.125.24.0-255,5738,12162,76,163693
1368,8.4e-05,172.31.40.0-255,66,12228,76,163693
1369,0.000139,172.31.40.0-255,66,12294,76,163693
1370,0.000185,74.125.24.0-255,133,12427,76,163693
1371,0.000187,172.31.40.0-255,66,12493,76,163693
1372,0.00061,74.125.24.0-255,1484,13977,76,163693
1373,0.000616,172.31.40.0-255,66,14043,76,163693
1374,0.000623,74.125.24.0-255,2902,16945,76,163693
1375,0.000624,172.31.40.0-255,66,17011,76,163693
1376,0.000632,74.125.24.0-255,5738,22749,76,163693
1377,0.000633,172.31.40.0-255,66,22815,76,163693
1378,0.000663,172.31.40.0-255,66,22881,76,163693
1379,0.000674,172.31.40.0-255,66,22947,76,163693
1380,0.00069,74.125.24.0-255,2184,25131,76,163693
1381,0.000696,172.31.40.0-255,66,25197,76,163693
1382,0.000725,74.125.24.0-255,343,25540,76,163693
1383,0.000727,172.31.40.0-255,66,25606,76,163693
1384,0.000777,74.125.24.0-255,1484,27090,76,163693
1385,0.000781,172.31.40.0-255,66,27156,76,163693
1386,0.000786,74.125.24.0-255,2902,30058,76,163693
1387,0.000802,74.125.24.0-255,5738,35796,76,163693
1388,0.000822,172.31.40.0-255,66,35862,76,163693
1389,0.000827,74.125.24.0-255,2902,38764,76,163693
1390,0.000832,172.31.40.0-255,66,38830,76,163693
1391,0.000843,74.125.24.0-255,4320,43150,76,163693
1392,0.000858,74.125.24.0-255,5738,48888,76,163693
1393,0.000873,74.125.24.0-255,5738,54626,76,163693
1394,0.000885,74.125.24.0-255,2902,57528,76,163693
1395,0.000888,74.125.24.0-255,2184,59712,76,163693
1396,0.000892,172.31.40.0-255,66,59778,76,163693
1397,0.000898,172.31.40.0-255,66,59844,76,163693
1398,0.000958,74.125.24.0-255,1484,61328,76,163693
1399,0.000977,74.125.24.0-255,2902,64230,76,163693
1400,0.00098,74.125.24.0-255,1484,65714,76,163693
1401,0.001002,74.125.24.0-255,4320,70034,76,163693
1402,0.001039,74.125.24.0-255,4320,74354,76,163693
1403,0.001042,172.31.40.0-255,66,74420,76,163693
1404,0.001049,172.31.40.0-255,66,74486,76,163693
1405,0.001078,74.125.24.0-255,2184,76670,76,163693
1406,0.001082,74.125.24.0-255,2902,79572,76,163693
1407,0.001108,74.125.24.0-255,5738,85310,76,163693
1408,0.001111,172.31.40.0-255,66,85376,76,163693
1409,0.001116,172.31.40.0-255,66,85442,76,163693
1410,0.001129,74.125.24.0-255,1484,86926,76,163693
1411,0.001159,74.125.24.0-255,2902,89828,76,163693
1412,0.001174,172.31.40.0-255,66,89894,76,163693
1413,0.001203,172.31.40.0-255,66,89960,76,163693
1414,0.001217,74.125.24.0-255,7156,97116,76,163693
1415,0.001237,172.31.40.0-255,66,97182,76,163693
1416,0.001247,74.125.24.0-255,1484,98666,76,163693
1417,0.00128,172.31.40.0-255,66,98732,76,163693
1418,0.001299,74.125.24.0-255,1484,100216,76,163693
1419,0.001313,74.125.24.0-255,2902,103118,76,163693
1420,0.001324,172.31.40.0-255,66,103184,76,163693
1421,0.001331,74.125.24.0-255,5738,108922,76,163693
1422,0.001333,74.125.24.0-255,1484,110406,76,163693
1423,0.001339,172.31.40.0-255,66,110472,76,163693
1424,0.001347,74.125.24.0-255,1484,111956,76,163693
1425,0.001392,172.31.40.0-255,66,112022,76,163693
1426,0.00142,172.31.40.0-255,66,112088,76,163693
1427,0.00144,74.125.24.0-255,2902,114990,76,163693
1428,0.001451,172.31.40.0-255,66,115056,76,163693
1429,0.001488,74.125.24.0-255,1484,116540,76,163693
1430,0.001507,74.125.24.0-255,3602,120142,76,163693
1431,0.001511,172.31.40.0-255,66,120208,76,163693
1432,0.001516,172.31.40.0-255,66,120274,76,163693
1433,0.001594,74.125.24.0-255,1484,121758,76,163693
1434,0.001598,74.125.24.0-255,1484,123242,76,163693
1435,0.001609,74.125.24.0-255,1484,124726,76,163693
1436,0.001612,74.125.24.0-255,1484,126210,76,163693
1437,0.001615,172.31.40.0-255,66,126276,76,163693
1438,0.001628,74.125.24.0-255,4320,130596,76,163693
1439,0.001631,74.125.24.0-255,1484,132080,76,163693
1440,0.001635,172.31.40.0-255,66,132146,76,163693
1441,0.001654,74.125.24.0-255,1484,133630,76,163693
1442,0.001685,74.125.24.0-255,1484,135114,76,163693
1443,0.001694,172.31.40.0-255,66,135180,76,163693
1444,0.001779,172.31.40.0-255,66,135246,76,163693
1445,0.001801,74.125.24.0-255,1484,136730,76,163693
1446,0.001807,74.125.24.0-255,2902,139632,76,163693
1447,0.001809,74.125.24.0-255,1484,141116,76,163693
1448,0.001813,172.31.40.0-255,66,141182,76,163693
1449,0.001833,74.125.24.0-255,4320,145502,76,163693
1450,0.001836,74.125.24.0-255,1484,146986,76,163693
1451,0.001845,172.31.40.0-255,66,147052,76,163693
1452,0.001878,172.31.40.0-255,66,147118,76,163693
1453,0.001926,172.31.40.0-255,66,147184,76,163693
1454,0.001958,172.31.40.0-255,66,147250,76,163693
1455,0.001969,74.125.24.0-255,5738,152988,76,163693
1456,0.001993,74.125.24.0-255,2902,155890,76,163693
1457,0.002009,74.125.24.0-255,5020,160910,76,163693
1458,0.002012,172.31.40.0-255,66,160976,76,163693
1459,0.002017,172.31.40.0-255,66,161042,76,163693
1460,0.004027,74.125.24.0-255,2414,163456,76,163693
1461,0.004032,172.31.40.0-255,66,163522,76,163693
1462,0.004458,172.31.40.0-255,105,163627,76,163693
1463,0.006457,74.125.24.0-255,66,163693,76,163693
1464,0.0,74.125.200.0-255,153,153,76,269976
1465,1.5e-05,172.31.40.0-255,66,219,76,269976
1466,2.1e-05,74.125.200.0-255,1484,1703,76,269976
1467,2.6e-05,172.31.40.0-255,66,1769,76,269976
1468,5.3e-05,74.125.200.0-255,2902,4671,76,269976
1469,5.6e-05,172.31.40.0-255,66,4737,76,269976
1470,6.4e-05,74.125.200.0-255,2902,7639,76,269976
1471,6.6e-05,172.31.40.0-255,66,7705,76,269976
1472,9e-05,74.125.200.0-255,2902,10607,76,269976
1473,9.2e-05,172.31.40.0-255,66,10673,76,269976
1474,9.9e-05,74.125.200.0-255,6329,17002,76,269976
1475,0.000101,172.31.40.0-255,66,17068,76,269976
1476,0.000108,74.125.200.0-255,1484,18552,76,269976
1477,0.00011,172.31.40.0-255,66,18618,76,269976
1478,0.000115,74.125.200.0-255,2902,21520,76,269976
1479,0.000117,172.31.40.0-255,66,21586,76,269976
1480,0.000174,74.125.200.0-255,5738,27324,76,269976
1481,0.000177,172.31.40.0-255,66,27390,76,269976
1482,0.000181,74.125.200.0-255,3961,31351,76,269976
1483,0.000183,172.31.40.0-255,66,31417,76,269976
1484,0.000295,74.125.200.0-255,1484,32901,76,269976
1485,0.000299,172.31.40.0-255,66,32967,76,269976
1486,0.000304,74.125.200.0-255,2902,35869,76,269976
1487,0.000306,172.31.40.0-255,66,35935,76,269976
1488,0.000309,74.125.200.0-255,1484,37419,76,269976
1489,0.000316,172.31.40.0-255,66,37485,76,269976
1490,0.00032,74.125.200.0-255,2902,40387,76,269976
1491,0.000322,172.31.40.0-255,66,40453,76,269976
1492,0.000354,74.125.200.0-255,5738,46191,76,269976
1493,0.000356,172.31.40.0-255,66,46257,76,269976
1494,0.000384,74.125.200.0-255,6797,53054,76,269976
1495,0.000386,172.31.40.0-255,66,53120,76,269976
1496,0.000392,74.125.200.0-255,7156,60276,76,269976
1497,0.000394,172.31.40.0-255,66,60342,76,269976
1498,0.000415,74.125.200.0-255,4320,64662,76,269976
1499,0.000417,172.31.40.0-255,66,64728,76,269976
1500,0.000441,74.125.200.0-255,1398,66126,76,269976
1501,0.000444,74.125.200.0-255,131,66257,76,269976
1502,0.000475,74.125.200.0-255,1484,67741,76,269976
1503,0.000478,172.31.40.0-255,66,67807,76,269976
1504,0.000482,74.125.200.0-255,2902,70709,76,269976
1505,0.000484,172.31.40.0-255,66,70775,76,269976
1506,0.00052,74.125.200.0-255,5738,76513,76,269976
1507,0.000522,172.31.40.0-255,66,76579,76,269976
1508,0.000527,74.125.200.0-255,4320,80899,76,269976
1509,0.000529,172.31.40.0-255,66,80965,76,269976
1510,0.000551,74.125.200.0-255,2543,83508,76,269976
1511,0.000553,172.31.40.0-255,66,83574,76,269976
1512,0.000576,74.125.200.0-255,1484,85058,76,269976
1513,0.000581,74.125.200.0-255,2902,87960,76,269976
1514,0.000583,172.31.40.0-255,66,88026,76,269976
1515,0.000613,74.125.200.0-255,5738,93764,76,269976
1516,0.000615,172.31.40.0-255,66,93830,76,269976
1517,0.00062,74.125.200.0-255,2902,96732,76,269976
1518,0.000622,172.31.40.0-255,66,96798,76,269976
1519,0.000653,74.125.200.0-255,3961,100759,76,269976
1520,0.000655,172.31.40.0-255,66,100825,76,269976
1521,0.000658,74.125.200.0-255,347,101172,76,269976
1522,0.000704,74.125.200.0-255,1484,102656,76,269976
1523,0.000709,172.31.40.0-255,66,102722,76,269976
1524,0.000716,74.125.200.0-255,2902,105624,76,269976
1525,0.000719,172.31.40.0-255,66,105690,76,269976
1526,0.000735,74.125.200.0-255,1484,107174,76,269976
1527,0.000756,74.125.200.0-255,4320,111494,76,269976
1528,0.000758,172.31.40.0-255,66,111560,76,269976
1529,0.000765,74.125.200.0-255,5738,117298,76,269976
1530,0.000766,172.31.40.0-255,66,117364,76,269976
1531,0.000789,74.125.200.0-255,5738,123102,76,269976
1532,0.000795,172.31.40.0-255,66,123168,76,269976
1533,0.000801,74.125.200.0-255,7156,130324,76,269976
1534,0.000804,172.31.40.0-255,66,130390,76,269976
1535,0.00083,74.125.200.0-255,5020,135410,76,269976
1536,0.000837,172.31.40.0-255,66,135476,76,269976
1537,0.00086,74.125.200.0-255,1484,136960,76,269976
1538,0.000873,74.125.200.0-255,2902,139862,76,269976
1539,0.000886,172.31.40.0-255,66,139928,76,269976
1540,0.000892,74.125.200.0-255,4320,144248,76,269976
1541,0.000894,172.31.40.0-255,66,144314,76,269976
1542,0.000912,74.125.200.0-255,1484,145798,76,269976
1543,0.000924,74.125.200.0-255,7156,152954,76,269976
1544,0.000926,172.31.40.0-255,66,153020,76,269976
1545,0.000955,74.125.200.0-255,4320,157340,76,269976
1546,0.000958,172.31.40.0-255,66,157406,76,269976
1547,0.000971,74.125.200.0-255,4320,161726,76,269976
1548,0.000974,172.31.40.0-255,66,161792,76,269976
1549,0.000987,172.31.40.0-255,66,161858,76,269976
1550,0.00104,74.125.200.0-255,1484,163342,76,269976
1551,0.001066,74.125.200.0-255,1484,164826,76,269976
1552,0.001069,172.31.40.0-255,66,164892,76,269976
1553,0.001095,74.125.200.0-255,2902,167794,76,269976
1554,0.001097,172.31.40.0-255,66,167860,76,269976
1555,0.001102,74.125.200.0-255,4320,172180,76,269976
1556,0.001104,172.31.40.0-255,66,172246,76,269976
1557,0.001137,74.125.200.0-255,1484,173730,76,269976
1558,0.001148,172.31.40.0-255,66,173796,76,269976
1559,0.001153,74.125.200.0-255,4320,178116,76,269976
1560,0.001155,172.31.40.0-255,66,178182,76,269976
1561,0.001184,74.125.200.0-255,7156,185338,76,269976
1562,0.001187,172.31.40.0-255,66,185404,76,269976
1563,0.001189,74.125.200.0-255,766,186170,76,269976
1564,0.001246,74.125.200.0-255,1484,187654,76,269976
1565,0.00125,172.31.40.0-255,66,187720,76,269976
1566,0.001259,74.125.200.0-255,2902,190622,76,269976
1567,0.001261,172.31.40.0-255,66,190688,76,269976
1568,0.001285,74.125.200.0-255,2902,193590,76,269976
1569,0.001287,172.31.40.0-255,66,193656,76,269976
1570,0.001311,74.125.200.0-255,2902,196558,76,269976
1571,0.001313,172.31.40.0-255,66,196624,76,269976
1572,0.001316,74.125.200.0-255,1484,198108,76,269976
1573,0.001341,74.125.200.0-255,7156,205264,76,269976
1574,0.001343,172.31.40.0-255,66,205330,76,269976
1575,0.001371,74.125.200.0-255,4320,209650,76,269976
1576,0.001373,172.31.40.0-255,66,209716,76,269976
1577,0.001377,74.125.200.0-255,2902,212618,76,269976
1578,0.001379,172.31.40.0-255,66,212684,76,269976
1579,0.001412,172.31.40.0-255,66,212750,76,269976
1580,0.001438,74.125.200.0-255,2184,214934,76,269976
1581,0.00144,172.31.40.0-255,66,215000,76,269976
1582,0.001444,74.125.200.0-255,4320,219320,76,269976
1583,0.001447,172.31.40.0-255,66,219386,76,269976
1584,0.001472,172.31.40.0-255,66,219452,76,269976
1585,0.001478,74.125.200.0-255,6438,225890,76,269976
1586,0.00148,172.31.40.0-255,66,225956,76,269976
1587,0.001517,74.125.200.0-255,1484,227440,76,269976
1588,0.001528,74.125.200.0-255,1484,228924,76,269976
1589,0.00153,172.31.40.0-255,66,228990,76,269976
1590,0.001543,74.125.200.0-255,1484,230474,76,269976
1591,0.001551,74.125.200.0-255,4320,234794,76,269976
1592,0.001554,172.31.40.0-255,66,234860,76,269976
1593,0.001585,172.31.40.0-255,66,234926,76,269976
1594,0.001595,172.31.40.0-255,66,234992,76,269976
1595,0.001632,74.125.200.0-255,1484,236476,76,269976
1596,0.001652,74.125.200.0-255,5738,242214,76,269976
1597,0.001654,172.31.40.0-255,66,242280,76,269976
1598,0.001677,74.125.200.0-255,766,243046,76,269976
1599,0.001727,74.125.200.0-255,1484,244530,76,269976
1600,0.00173,172.31.40.0-255,66,244596,76,269976
1601,0.001742,74.125.200.0-255,2902,247498,76,269976
1602,0.001745,172.31.40.0-255,66,247564,76,269976
1603,0.001751,74.125.200.0-255,1484,249048,76,269976
1604,0.001773,74.125.200.0-255,1484,250532,76,269976
1605,0.001776,172.31.40.0-255,66,250598,76,269976
1606,0.001803,74.125.200.0-255,4320,254918,76,269976
1607,0.001806,172.31.40.0-255,66,254984,76,269976
1608,0.00181,74.125.200.0-255,2902,257886,76,269976
1609,0.001813,172.31.40.0-255,66,257952,76,269976
1610,0.001851,172.31.40.0-255,66,258018,76,269976
1611,0.001856,74.125.200.0-255,4320,262338,76,269976
1612,0.001859,172.31.40.0-255,66,262404,76,269976
1613,0.001863,74.125.200.0-255,2902,265306,76,269976
1614,0.001866,172.31.40.0-255,66,265372,76,269976
1615,0.00194,172.31.40.0-255,66,265438,76,269976
1616,0.001961,172.31.40.0-255,66,265504,76,269976
1617,0.001966,74.125.200.0-255,2184,267688,76,269976
1618,0.001968,172.31.40.0-255,66,267754,76,269976
1619,0.001972,74.125.200.0-255,1484,269238,76,269976
1620,0.002022,172.31.40.0-255,66,269304,76,269976
1621,0.002043,172.31.40.0-255,66,269370,76,269976
1622,0.002143,172.31.40.0-255,66,269436,76,269976
1623,0.002147,74.125.200.0-255,97,269533,76,269976
1624,0.002149,74.125.200.0-255,105,269638,76,269976
1625,0.002568,172.31.40.0-255,101,269739,76,269976
1626,0.00495,74.125.200.0-255,66,269805,76,269976
1627,0.010858,172.31.40.0-255,105,269910,76,269976
1628,0.013255,74.125.200.0-255,66,269976,76,269976
1629,0.0,172.217.194.0-255,153,153,76,150640
1630,2.2e-05,172.31.40.0-255,66,219,76,150640
1631,2.9e-05,172.217.194.0-255,1484,1703,76,150640
1632,3.4e-05,172.31.40.0-255,66,1769,76,150640
1633,3.9e-05,172.217.194.0-255,2902,4671,76,150640
1634,4.1e-05,172.31.40.0-255,66,4737,76,150640
1635,5.7e-05,172.217.194.0-255,7156,11893,76,150640
1636,6e-05,172.31.40.0-255,66,11959,76,150640
1637,6.4e-05,172.217.194.0-255,2138,14097,76,150640
1638,6.6e-05,172.31.40.0-255,66,14163,76,150640
1639,0.000106,172.31.40.0-255,66,14229,76,150640
1640,0.000129,172.217.194.0-255,2902,17131,76,150640
1641,0.000131,172.31.40.0-255,66,17197,76,150640
1642,0.000144,172.31.40.0-255,66,17263,76,150640
1643,0.000191,172.31.40.0-255,66,17329,76,150640
1644,0.000202,172.31.40.0-255,66,17395,76,150640
1645,0.000209,172.217.194.0-255,5631,23026,76,150640
1646,0.000211,172.31.40.0-255,66,23092,76,150640
1647,0.000454,172.217.194.0-255,118,23210,76,150640
1648,0.000459,172.31.40.0-255,66,23276,76,150640
1649,0.000487,172.217.194.0-255,1484,24760,76,150640
1650,0.00049,172.31.40.0-255,66,24826,76,150640
1651,0.000495,172.217.194.0-255,2902,27728,76,150640
1652,0.000497,172.31.40.0-255,66,27794,76,150640
1653,0.000508,172.217.194.0-255,5738,33532,76,150640
1654,0.000511,172.31.40.0-255,66,33598,76,150640
1655,0.000535,172.217.194.0-255,1484,35082,76,150640
1656,0.000537,172.31.40.0-255,66,35148,76,150640
1657,0.000568,172.217.194.0-255,5673,40821,76,150640
1658,0.00057,172.31.40.0-255,66,40887,76,150640
1659,0.000613,172.217.194.0-255,1484,42371,76,150640
1660,0.00062,172.217.194.0-255,2902,45273,76,150640
1661,0.000623,172.31.40.0-255,66,45339,76,150640
1662,0.000629,172.217.194.0-255,4320,49659,76,150640
1663,0.000631,172.31.40.0-255,66,49725,76,150640
1664,0.000651,172.217.194.0-255,1484,51209,76,150640
1665,0.000662,172.217.194.0-255,6797,58006,76,150640
1666,0.000664,172.31.40.0-255,66,58072,76,150640
1667,0.001174,172.217.194.0-255,1484,59556,76,150640
1668,0.001179,172.217.194.0-255,2902,62458,76,150640
1669,0.001182,172.31.40.0-255,66,62524,76,150640
1670,0.001185,172.217.194.0-255,1484,64008,76,150640
1671,0.001201,172.217.194.0-255,4320,68328,76,150640
1672,0.001203,172.31.40.0-255,66,68394,76,150640
1673,0.001227,172.217.194.0-255,2902,71296,76,150640
1674,0.001229,172.31.40.0-255,66,71362,76,150640
1675,0.001265,172.31.40.0-255,66,71428,76,150640
1676,0.00128,172.31.40.0-255,66,71494,76,150640
1677,0.001586,172.217.194.0-255,1484,72978,76,150640
1678,0.001591,172.217.194.0-255,2902,75880,76,150640
1679,0.001594,172.31.40.0-255,66,75946,76,150640
1680,0.001599,172.217.194.0-255,2902,78848,76,150640
1681,0.0016,172.31.40.0-255,66,78914,76,150640
1682,0.001622,172.217.194.0-255,2902,81816,76,150640
1683,0.001624,172.31.40.0-255,66,81882,76,150640
1684,0.001631,172.217.194.0-255,7156,89038,76,150640
1685,0.001636,172.31.40.0-255,66,89104,76,150640
1686,0.001655,172.217.194.0-255,2902,92006,76,150640
1687,0.00166,172.31.40.0-255,66,92072,76,150640
1688,0.001682,172.217.194.0-255,2902,94974,76,150640
1689,0.001684,172.31.40.0-255,66,95040,76,150640
1690,0.001718,172.31.40.0-255,66,95106,76,150640
1691,0.00216,172.217.194.0-255,1484,96590,76,150640
1692,0.002185,172.217.194.0-255,2902,99492,76,150640
1693,0.00219,172.31.40.0-255,66,99558,76,150640
1694,0.002198,172.217.194.0-255,4320,103878,76,150640
1695,0.0022,172.31.40.0-255,66,103944,76,150640
1696,0.00223,172.217.194.0-255,1484,105428,76,150640
1697,0.002242,172.31.40.0-255,66,105494,76,150640
1698,0.002279,172.217.194.0-255,4320,109814,76,150640
1699,0.002282,172.31.40.0-255,66,109880,76,150640
1700,0.002321,172.31.40.0-255,66,109946,76,150640
1701,0.002324,172.217.194.0-255,1484,111430,76,150640
1702,0.004605,172.217.194.0-255,4320,115750,76,150640
1703,0.004611,172.31.40.0-255,66,115816,76,150640
1704,0.006914,172.217.194.0-255,5738,121554,76,150640
1705,0.00692,172.31.40.0-255,66,121620,76,150640
1706,0.009195,172.217.194.0-255,5738,127358,76,150640
1707,0.009202,172.31.40.0-255,66,127424,76,150640
1708,0.011477,172.217.194.0-255,5738,133162,76,150640
1709,0.011484,172.31.40.0-255,66,133228,76,150640
1710,0.013786,172.217.194.0-255,5738,138966,76,150640
1711,0.013793,172.31.40.0-255,66,139032,76,150640
1712,0.016085,172.217.194.0-255,5738,144770,76,150640
1713,0.016092,172.31.40.0-255,66,144836,76,150640
1714,0.018387,172.217.194.0-255,5738,150574,76,150640
1715,0.018395,172.31.40.0-255,66,150640,76,150640
1716,0.0,74.125.24.0-255,153,153,76,264438
1717,2.1e-05,172.31.40.0-255,66,219,76,264438
1718,2.7e-05,74.125.24.0-255,1484,1703,76,264438
1719,3.1e-05,172.31.40.0-255,66,1769,76,264438
1720,3.4e-05,74.125.24.0-255,1484,3253,76,264438
1721,3.7e-05,172.31.40.0-255,66,3319,76,264438
1722,6.8e-05,74.125.24.0-255,1484,4803,76,264438
1723,7.1e-05,172.31.40.0-255,66,4869,76,264438
1724,7.4e-05,74.125.24.0-255,1484,6353,76,264438
1725,7.6e-05,172.31.40.0-255,66,6419,76,264438
1726,9.4e-05,74.125.24.0-255,2902,9321,76,264438
1727,9.7e-05,172.31.40.0-255,66,9387,76,264438
1728,0.000124,74.125.24.0-255,2902,12289,76,264438
1729,0.000126,172.31.40.0-255,66,12355,76,264438
1730,0.00013,74.125.24.0-255,2095,14450,76,264438
1731,0.000132,172.31.40.0-255,66,14516,76,264438
1732,0.000167,74.125.24.0-255,2902,17418,76,264438
1733,0.00017,172.31.40.0-255,66,17484,76,264438
1734,0.000201,74.125.24.0-255,7156,24640,76,264438
1735,0.000203,172.31.40.0-255,66,24706,76,264438
1736,0.000275,74.125.24.0-255,1484,26190,76,264438
1737,0.000277,172.31.40.0-255,66,26256,76,264438
1738,0.000297,74.125.24.0-255,5379,31635,76,264438
1739,0.000299,172.31.40.0-255,66,31701,76,264438
1740,0.000392,74.125.24.0-255,1484,33185,76,264438
1741,0.000394,172.31.40.0-255,66,33251,76,264438
1742,0.0004,74.125.24.0-255,2902,36153,76,264438
1743,0.000402,172.31.40.0-255,66,36219,76,264438
1744,0.00045,74.125.24.0-255,4320,40539,76,264438
1745,0.000453,172.31.40.0-255,66,40605,76,264438
1746,0.000478,74.125.24.0-255,1484,42089,76,264438
1747,0.00048,172.31.40.0-255,66,42155,76,264438
1748,0.000486,74.125.24.0-255,5738,47893,76,264438
1749,0.000488,172.31.40.0-255,66,47959,76,264438
1750,0.000517,74.125.24.0-255,7156,55115,76,264438
1751,0.00052,172.31.40.0-255,66,55181,76,264438
1752,0.00055,74.125.24.0-255,6797,61978,76,264438
1753,0.000552,172.31.40.0-255,66,62044,76,264438
1754,0.000555,74.125.24.0-255,1484,63528,76,264438
1755,0.000578,74.125.24.0-255,2813,66341,76,264438
1756,0.00058,172.31.40.0-255,66,66407,76,264438
1757,0.000627,74.125.24.0-255,130,66537,76,264438
1758,0.00076,74.125.24.0-255,1484,68021,76,264438
1759,0.000763,172.31.40.0-255,66,68087,76,264438
1760,0.000768,74.125.24.0-255,2902,70989,76,264438
1761,0.000771,172.31.40.0-255,66,71055,76,264438
1762,0.000803,74.125.24.0-255,5738,76793,76,264438
1763,0.000806,172.31.40.0-255,66,76859,76,264438
1764,0.000814,74.125.24.0-255,7156,84015,76,264438
1765,0.000816,172.31.40.0-255,66,84081,76,264438
1766,0.000845,74.125.24.0-255,5738,89819,76,264438
1767,0.000848,172.31.40.0-255,66,89885,76,264438
1768,0.000851,74.125.24.0-255,1484,91369,76,264438
1769,0.000856,74.125.24.0-255,2902,94271,76,264438
1770,0.000858,172.31.40.0-255,66,94337,76,264438
1771,0.000884,74.125.24.0-255,6144,100481,76,264438
1772,0.000886,172.31.40.0-255,66,100547,76,264438
1773,0.000906,74.125.24.0-255,5738,106285,76,264438
1774,0.000909,172.31.40.0-255,66,106351,76,264438
1775,0.000939,74.125.24.0-255,2902,109253,76,264438
1776,0.000941,172.31.40.0-255,66,109319,76,264438
1777,0.000953,172.31.40.0-255,66,109385,76,264438
1778,0.000964,74.125.24.0-255,5738,115123,76,264438
1779,0.000967,172.31.40.0-255,66,115189,76,264438
1780,0.000995,74.125.24.0-255,7156,122345,76,264438
1781,0.000998,172.31.40.0-255,66,122411,76,264438
1782,0.001024,74.125.24.0-255,1484,123895,76,264438
1783,0.001027,74.125.24.0-255,766,124661,76,264438
1784,0.001029,172.31.40.0-255,66,124727,76,264438
1785,0.001032,74.125.24.0-255,1484,126211,76,264438
1786,0.001056,74.125.24.0-255,4320,130531,76,264438
1787,0.001059,172.31.40.0-255,66,130597,76,264438
1788,0.001064,74.125.24.0-255,2902,133499,76,264438
1789,0.001066,172.31.40.0-255,66,133565,76,264438
1790,0.001096,74.125.24.0-255,5738,139303,76,264438
1791,0.0011,172.31.40.0-255,66,139369,76,264438
1792,0.00113,74.125.24.0-255,1484,140853,76,264438
1793,0.001138,74.125.24.0-255,7156,148009,76,264438
1794,0.001141,172.31.40.0-255,66,148075,76,264438
1795,0.001144,74.125.24.0-255,1484,149559,76,264438
1796,0.001175,74.125.24.0-255,7156,156715,76,264438
1797,0.001178,172.31.40.0-255,66,156781,76,264438
1798,0.001213,74.125.24.0-255,2184,158965,76,264438
1799,0.001217,172.31.40.0-255,66,159031,76,264438
1800,0.00123,172.31.40.0-255,66,159097,76,264438
1801,0.001261,74.125.24.0-255,4320,163417,76,264438
1802,0.001264,172.31.40.0-255,66,163483,76,264438
1803,0.001301,172.31.40.0-255,66,163549,76,264438
1804,0.001335,74.125.24.0-255,7156,170705,76,264438
1805,0.001338,172.31.40.0-255,66,170771,76,264438
1806,0.001367,74.125.24.0-255,2184,172955,76,264438
1807,0.001369,172.31.40.0-255,66,173021,76,264438
1808,0.001507,74.125.24.0-255,1484,174505,76,264438
1809,0.001514,74.125.24.0-255,2902,177407,76,264438
1810,0.001517,172.31.40.0-255,66,177473,76,264438
1811,0.001523,74.125.24.0-255,4320,181793,76,264438
1812,0.001526,172.31.40.0-255,66,181859,76,264438
1813,0.001562,74.125.24.0-255,1484,183343,76,264438
1814,0.001569,74.125.24.0-255,4320,187663,76,264438
1815,0.001572,172.31.40.0-255,66,187729,76,264438
1816,0.0016,172.31.40.0-255,66,187795,76,264438
1817,0.001645,74.125.24.0-255,5738,193533,76,264438
1818,0.001648,172.31.40.0-255,66,193599,76,264438
1819,0.001677,74.125.24.0-255,2902,196501,76,264438
1820,0.001683,172.31.40.0-255,66,196567,76,264438
1821,0.001688,74.125.24.0-255,2184,198751,76,264438
1822,0.001691,172.31.40.0-255,66,198817,76,264438
1823,0.001694,74.125.24.0-255,2902,201719,76,264438
1824,0.001697,172.31.40.0-255,66,201785,76,264438
1825,0.001704,74.125.24.0-255,7156,208941,76,264438
1826,0.001706,172.31.40.0-255,66,209007,76,264438
1827,0.001766,172.31.40.0-255,66,209073,76,264438
1828,0.001772,74.125.24.0-255,5738,214811,76,264438
1829,0.001775,172.31.40.0-255,66,214877,76,264438
1830,0.00181,74.125.24.0-255,2184,217061,76,264438
1831,0.001812,172.31.40.0-255,66,217127,76,264438
1832,0.001971,74.125.24.0-255,1484,218611,76,264438
1833,0.001979,74.125.24.0-255,2902,221513,76,264438
1834,0.001983,172.31.40.0-255,66,221579,76,264438
1835,0.001989,74.125.24.0-255,5738,227317,76,264438
1836,0.001992,172.31.40.0-255,66,227383,76,264438
1837,0.002013,172.31.40.0-255,66,227449,76,264438
1838,0.002026,172.31.40.0-255,66,227515,76,264438
1839,0.002034,74.125.24.0-255,7156,234671,76,264438
1840,0.002036,172.31.40.0-255,66,234737,76,264438
1841,0.002071,74.125.24.0-255,4320,239057,76,264438
1842,0.002074,172.31.40.0-255,66,239123,76,264438
1843,0.002096,172.31.40.0-255,66,239189,76,264438
1844,0.002107,172.31.40.0-255,66,239255,76,264438
1845,0.002163,172.31.40.0-255,66,239321,76,264438
1846,0.002174,172.31.40.0-255,66,239387,76,264438
1847,0.002177,74.125.24.0-255,1484,240871,76,264438
1848,0.002223,74.125.24.0-255,4320,245191,76,264438
1849,0.002277,74.125.24.0-255,7156,252347,76,264438
1850,0.002305,74.125.24.0-255,2184,254531,76,264438
1851,0.00231,74.125.24.0-255,2902,257433,76,264438
1852,0.002336,74.125.24.0-255,1484,258917,76,264438
1853,0.002383,74.125.24.0-255,1484,260401,76,264438
1854,0.002403,74.125.24.0-255,3695,264096,76,264438
1855,0.002407,74.125.24.0-255,105,264201,76,264438
1856,0.002673,172.31.40.0-255,66,264267,76,264438
1857,0.005679,172.31.40.0-255,105,264372,76,264438
1858,0.008164,74.125.24.0-255,66,264438,76,264438
1859,0.0,172.217.194.0-255,146,146,76,110780
1860,1.9e-05,172.31.40.0-255,66,212,76,110780
1861,2.6e-05,172.217.194.0-255,1484,1696,76,110780
1862,3e-05,172.31.40.0-255,66,1762,76,110780
1863,3.6e-05,172.217.194.0-255,2902,4664,76,110780
1864,4e-05,172.31.40.0-255,66,4730,76,110780
1865,4.9e-05,172.217.194.0-255,7156,11886,76,110780
1866,5.2e-05,172.31.40.0-255,66,11952,76,110780
1867,5.6e-05,172.217.194.0-255,2073,14025,76,110780
1868,5.9e-05,172.31.40.0-255,66,14091,76,110780
1869,8.7e-05,172.217.194.0-255,7156,21247,76,110780
1870,9e-05,172.31.40.0-255,66,21313,76,110780
1871,0.000108,172.217.194.0-255,4320,25633,76,110780
1872,0.000111,172.31.40.0-255,66,25699,76,110780
1873,0.000117,172.217.194.0-255,5379,31078,76,110780
1874,0.00012,172.31.40.0-255,66,31144,76,110780
1875,0.000429,172.217.194.0-255,1484,32628,76,110780
1876,0.000435,172.31.40.0-255,66,32694,76,110780
1877,0.000439,172.217.194.0-255,1484,34178,76,110780
1878,0.000441,172.31.40.0-255,66,34244,76,110780
1879,0.000457,172.217.194.0-255,1484,35728,76,110780
1880,0.000459,172.31.40.0-255,66,35794,76,110780
1881,0.000465,172.217.194.0-255,5738,41532,76,110780
1882,0.000468,172.31.40.0-255,66,41598,76,110780
1883,0.000497,172.217.194.0-255,6797,48395,76,110780
1884,0.0005,172.31.40.0-255,66,48461,76,110780
1885,0.000502,172.217.194.0-255,1484,49945,76,110780
1886,0.000504,172.31.40.0-255,66,50011,76,110780
1887,0.000524,172.217.194.0-255,5738,55749,76,110780
1888,0.000527,172.31.40.0-255,66,55815,76,110780
1889,0.000537,172.31.40.0-255,66,55881,76,110780
1890,0.000549,172.217.194.0-255,1382,57263,76,110780
1891,0.000647,172.217.194.0-255,119,57382,76,110780
1892,0.000864,172.31.40.0-255,66,57448,76,110780
1893,0.001232,172.217.194.0-255,1484,58932,76,110780
1894,0.001242,172.217.194.0-255,2902,61834,76,110780
1895,0.001246,172.31.40.0-255,66,61900,76,110780
1896,0.001272,172.217.194.0-255,5738,67638,76,110780
1897,0.001274,172.31.40.0-255,66,67704,76,110780
1898,0.001278,172.217.194.0-255,2902,70606,76,110780
1899,0.00128,172.31.40.0-255,66,70672,76,110780
1900,0.001309,172.31.40.0-255,66,70738,76,110780
1901,0.001342,172.31.40.0-255,66,70804,76,110780
1902,0.00136,172.217.194.0-255,766,71570,76,110780
1903,0.003897,172.217.194.0-255,4320,75890,76,110780
1904,0.003905,172.31.40.0-255,66,75956,76,110780
1905,0.00645,172.217.194.0-255,5738,81694,76,110780
1906,0.006458,172.31.40.0-255,66,81760,76,110780
1907,0.009041,172.217.194.0-255,5738,87498,76,110780
1908,0.009051,172.31.40.0-255,66,87564,76,110780
1909,0.011638,172.217.194.0-255,5738,93302,76,110780
1910,0.011646,172.31.40.0-255,66,93368,76,110780
1911,0.014229,172.217.194.0-255,5738,99106,76,110780
1912,0.014241,172.31.40.0-255,66,99172,76,110780
1913,0.016821,172.217.194.0-255,5738,104910,76,110780
1914,0.016829,172.31.40.0-255,66,104976,76,110780
1915,0.019396,172.217.194.0-255,5738,110714,76,110780
1916,0.019404,172.31.40.0-255,66,110780,76,110780
1917,0.0,74.125.200.0-255,150,150,76,303027
1918,2.1e-05,172.31.40.0-255,66,216,76,303027
1919,4.7e-05,74.125.200.0-255,1484,1700,76,303027
1920,5.2e-05,172.31.40.0-255,66,1766,76,303027
1921,5.7e-05,74.125.200.0-255,2902,4668,76,303027
1922,6e-05,172.31.40.0-255,66,4734,76,303027
1923,6.5e-05,74.125.200.0-255,4320,9054,76,303027
1924,6.7e-05,172.31.40.0-255,66,9120,76,303027
1925,9.4e-05,74.125.200.0-255,1484,10604,76,303027
1926,9.6e-05,172.31.40.0-255,66,10670,76,303027
1927,0.000108,172.31.40.0-255,66,10736,76,303027
1928,0.000138,74.125.200.0-255,2902,13638,76,303027
1929,0.00014,172.31.40.0-255,66,13704,76,303027
1930,0.000155,74.125.200.0-255,1484,15188,76,303027
1931,0.000157,172.31.40.0-255,66,15254,76,303027
1932,0.000175,74.125.200.0-255,3961,19215,76,303027
1933,0.000177,172.31.40.0-255,66,19281,76,303027
1934,0.000224,74.125.200.0-255,1484,20765,76,303027
1935,0.000226,172.31.40.0-255,66,20831,76,303027
1936,0.000231,74.125.200.0-255,2902,23733,76,303027
1937,0.000233,172.31.40.0-255,66,23799,76,303027
1938,0.000255,74.125.200.0-255,5738,29537,76,303027
1939,0.000257,172.31.40.0-255,66,29603,76,303027
1940,0.00027,74.125.200.0-255,2902,32505,76,303027
1941,0.000272,172.31.40.0-255,66,32571,76,303027
1942,0.000289,74.125.200.0-255,3961,36532,76,303027
1943,0.000292,172.31.40.0-255,66,36598,76,303027
1944,0.000503,74.125.200.0-255,1484,38082,76,303027
1945,0.000507,172.31.40.0-255,66,38148,76,303027
1946,0.00052,74.125.200.0-255,1484,39632,76,303027
1947,0.000522,172.31.40.0-255,66,39698,76,303027
1948,0.000538,74.125.200.0-255,1484,41182,76,303027
1949,0.000545,74.125.200.0-255,5738,46920,76,303027
1950,0.000548,172.31.40.0-255,66,46986,76,303027
1951,0.000554,74.125.200.0-255,5738,52724,76,303027
1952,0.000556,172.31.40.0-255,66,52790,76,303027
1953,0.000572,74.125.200.0-255,1125,53915,76,303027
1954,0.000649,74.125.200.0-255,1484,55399,76,303027
1955,0.000652,172.31.40.0-255,66,55465,76,303027
1956,0.000658,74.125.200.0-255,2902,58367,76,303027
1957,0.00066,172.31.40.0-255,66,58433,76,303027
1958,0.000683,74.125.200.0-255,5738,64171,76,303027
1959,0.000686,172.31.40.0-255,66,64237,76,303027
1960,0.000738,74.125.200.0-255,4320,68557,76,303027
1961,0.000742,172.31.40.0-255,66,68623,76,303027
1962,0.000758,74.125.200.0-255,2543,71166,76,303027
1963,0.00076,172.31.40.0-255,66,71232,76,303027
1964,0.000776,74.125.200.0-255,4320,75552,76,303027
1965,0.000778,172.31.40.0-255,66,75618,76,303027
1966,0.000798,74.125.200.0-255,2902,78520,76,303027
1967,0.000801,74.125.200.0-255,2902,81422,76,303027
1968,0.000803,74.125.200.0-255,1484,82906,76,303027
1969,0.000806,172.31.40.0-255,66,82972,76,303027
1970,0.000809,172.31.40.0-255,66,83038,76,303027
1971,0.000826,172.31.40.0-255,66,83104,76,303027
1972,0.000829,74.125.200.0-255,2902,86006,76,303027
1973,0.000831,172.31.40.0-255,66,86072,76,303027
1974,0.000863,74.125.200.0-255,4320,90392,76,303027
1975,0.000866,172.31.40.0-255,66,90458,76,303027
1976,0.000884,74.125.200.0-255,4903,95361,76,303027
1977,0.000886,172.31.40.0-255,66,95427,76,303027
1978,0.000984,74.125.200.0-255,1484,96911,76,303027
1979,0.000987,74.125.200.0-255,2902,99813,76,303027
1980,0.000989,74.125.200.0-255,1484,101297,76,303027
1981,0.000994,172.31.40.0-255,66,101363,76,303027
1982,0.001004,74.125.200.0-255,4320,105683,76,303027
1983,0.001006,172.31.40.0-255,66,105749,76,303027
1984,0.001012,74.125.200.0-255,5738,111487,76,303027
1985,0.001013,172.31.40.0-255,66,111553,76,303027
1986,0.001036,74.125.200.0-255,7156,118709,76,303027
1987,0.001038,172.31.40.0-255,66,118775,76,303027
1988,0.001043,74.125.200.0-255,4320,123095,76,303027
1989,0.001045,172.31.40.0-255,66,123161,76,303027
1990,0.001086,74.125.200.0-255,6572,129733,76,303027
1991,0.001089,172.31.40.0-255,66,129799,76,303027
1992,0.00133,74.125.200.0-255,1484,131283,76,303027
1993,0.001335,74.125.200.0-255,1484,132767,76,303027
1994,0.001339,172.31.40.0-255,66,132833,76,303027
1995,0.001359,74.125.200.0-255,1484,134317,76,303027
1996,0.001375,74.125.200.0-255,2902,137219,76,303027
1997,0.001378,172.31.40.0-255,66,137285,76,303027
1998,0.001399,74.125.200.0-255,2902,140187,76,303027
1999,0.001401,172.31.40.0-255,66,140253,76,303027
2000,0.001437,74.125.200.0-255,4320,144573,76,303027
2001,0.001439,172.31.40.0-255,66,144639,76,303027
2002,0.001473,172.31.40.0-255,66,144705,76,303027
2003,0.001487,172.31.40.0-255,66,144771,76,303027
2004,0.001489,74.125.200.0-255,1484,146255,76,303027
2005,0.001519,74.125.200.0-255,2902,149157,76,303027
2006,0.001522,172.31.40.0-255,66,149223,76,303027
2007,0.001528,74.125.200.0-255,5738,154961,76,303027
2008,0.00153,172.31.40.0-255,66,155027,76,303027
2009,0.001574,74.125.200.0-255,1484,156511,76,303027
2010,0.001596,74.125.200.0-255,5738,162249,76,303027
2011,0.0016,172.31.40.0-255,66,162315,76,303027
2012,0.00163,172.31.40.0-255,66,162381,76,303027
2013,0.001642,74.125.200.0-255,2902,165283,76,303027
2014,0.001644,172.31.40.0-255,66,165349,76,303027
2015,0.001649,74.125.200.0-255,3602,168951,76,303027
2016,0.001651,172.31.40.0-255,66,169017,76,303027
2017,0.001786,74.125.200.0-255,1484,170501,76,303027
2018,0.00179,74.125.200.0-255,1484,171985,76,303027
2019,0.001793,172.31.40.0-255,66,172051,76,303027
2020,0.001811,74.125.200.0-255,1484,173535,76,303027
2021,0.001815,74.125.200.0-255,2902,176437,76,303027
2022,0.001819,172.31.40.0-255,66,176503,76,303027
2023,0.001837,74.125.200.0-255,2902,179405,76,303027
2024,0.001839,172.31.40.0-255,66,179471,76,303027
2025,0.001863,74.125.200.0-255,2902,182373,76,303027
2026,0.001865,172.31.40.0-255,66,182439,76,303027
2027,0.001887,74.125.200.0-255,1484,183923,76,303027
2028,0.001894,74.125.200.0-255,5738,189661,76,303027
2029,0.001896,172.31.40.0-255,66,189727,76,303027
2030,0.001904,74.125.200.0-255,7156,196883,76,303027
2031,0.001906,172.31.40.0-255,66,196949,76,303027
2032,0.001935,74.125.200.0-255,1484,198433,76,303027
2033,0.001961,74.125.200.0-255,5020,203453,76,303027
2034,0.001966,172.31.40.0-255,66,203519,76,303027
2035,0.002036,74.125.200.0-255,1484,205003,76,303027
2036,0.002042,74.125.200.0-255,2902,207905,76,303027
2037,0.002046,172.31.40.0-255,66,207971,76,303027
2038,0.00205,74.125.200.0-255,1484,209455,76,303027
2039,0.002055,74.125.200.0-255,2902,212357,76,303027
2040,0.002057,172.31.40.0-255,66,212423,76,303027
2041,0.002064,74.125.200.0-255,5738,218161,76,303027
2042,0.002066,172.31.40.0-255,66,218227,76,303027
2043,0.002093,74.125.200.0-255,5738,223965,76,303027
2044,0.002096,172.31.40.0-255,66,224031,76,303027
2045,0.002117,74.125.200.0-255,4320,228351,76,303027
2046,0.00212,172.31.40.0-255,66,228417,76,303027
2047,0.002139,74.125.200.0-255,2902,231319,76,303027
2048,0.002142,172.31.40.0-255,66,231385,76,303027
2049,0.002149,74.125.200.0-255,6438,237823,76,303027
2050,0.002151,172.31.40.0-255,66,237889,76,303027
2051,0.002256,74.125.200.0-255,1484,239373,76,303027
2052,0.002262,74.125.200.0-255,2902,242275,76,303027
2053,0.002265,172.31.40.0-255,66,242341,76,303027
2054,0.002272,74.125.200.0-255,5738,248079,76,303027
2055,0.002274,172.31.40.0-255,66,248145,76,303027
2056,0.00228,74.125.200.0-255,4320,252465,76,303027
2057,0.002283,172.31.40.0-255,66,252531,76,303027
2058,0.002311,74.125.200.0-255,5738,258269,76,303027
2059,0.002314,172.31.40.0-255,66,258335,76,303027
2060,0.00235,74.125.200.0-255,1484,259819,76,303027
2061,0.002379,172.31.40.0-255,66,259885,76,303027
2062,0.002384,74.125.200.0-255,2184,262069,76,303027
2063,0.002386,172.31.40.0-255,66,262135,76,303027
2064,0.004702,74.125.200.0-255,5738,267873,76,303027
2065,0.004709,172.31.40.0-255,66,267939,76,303027
2066,0.007026,74.125.200.0-255,2902,270841,76,303027
2067,0.00703,172.31.40.0-255,66,270907,76,303027
2068,0.007046,74.125.200.0-255,2902,273809,76,303027
2069,0.007048,172.31.40.0-255,66,273875,76,303027
2070,0.009336,74.125.200.0-255,2902,276777,76,303027
2071,0.009341,172.31.40.0-255,66,276843,76,303027
2072,0.009362,74.125.200.0-255,2902,279745,76,303027
2073,0.009364,172.31.40.0-255,66,279811,76,303027
2074,0.01167,74.125.200.0-255,5738,285549,76,303027
2075,0.011678,172.31.40.0-255,66,285615,76,303027
2076,0.01407,74.125.200.0-255,5738,291353,76,303027
2077,0.014079,172.31.40.0-255,66,291419,76,303027
2078,0.016406,74.125.200.0-255,5738,297157,76,303027
2079,0.016418,172.31.40.0-255,66,297223,76,303027
2080,0.018745,74.125.200.0-255,5738,302961,76,303027
2081,0.018754,172.31.40.0-255,66,303027,76,303027
2082,0.0,172.253.118.0-255,150,150,76,148751
2083,1.4e-05,172.31.40.0-255,66,216,76,148751
2084,2.1e-05,172.253.118.0-255,1484,1700,76,148751
2085,2.6e-05,172.31.40.0-255,66,1766,76,148751
2086,3.2e-05,172.253.118.0-255,2902,4668,76,148751
2087,3.5e-05,172.31.40.0-255,66,4734,76,148751
2088,6.6e-05,172.253.118.0-255,7156,11890,76,148751
2089,6.9e-05,172.31.40.0-255,66,11956,76,148751
2090,8.7e-05,172.253.118.0-255,2126,14082,76,148751
2091,9e-05,172.31.40.0-255,66,14148,76,148751
2092,0.000195,172.253.118.0-255,1484,15632,76,148751
2093,0.000199,172.31.40.0-255,66,15698,76,148751
2094,0.000204,172.253.118.0-255,2902,18600,76,148751
2095,0.000207,172.31.40.0-255,66,18666,76,148751
2096,0.000213,172.253.118.0-255,5738,24404,76,148751
2097,0.000215,172.31.40.0-255,66,24470,76,148751
2098,0.000254,172.253.118.0-255,6797,31267,76,148751
2099,0.000257,172.31.40.0-255,66,31333,76,148751
2100,0.000356,172.253.118.0-255,1484,32817,76,148751
2101,0.000359,172.31.40.0-255,66,32883,76,148751
2102,0.000365,172.253.118.0-255,2902,35785,76,148751
2103,0.000367,172.31.40.0-255,66,35851,76,148751
2104,0.000397,172.253.118.0-255,5738,41589,76,148751
2105,0.0004,172.31.40.0-255,66,41655,76,148751
2106,0.000408,172.253.118.0-255,6797,48452,76,148751
2107,0.00041,172.31.40.0-255,66,48518,76,148751
2108,0.000454,172.31.40.0-255,66,48584,76,148751
2109,0.000458,172.253.118.0-255,2857,51441,76,148751
2110,0.00046,172.31.40.0-255,66,51507,76,148751
2111,0.000539,172.253.118.0-255,108,51615,76,148751
2112,0.000543,172.31.40.0-255,66,51681,76,148751
2113,0.000653,172.253.118.0-255,1484,53165,76,148751
2114,0.000661,172.253.118.0-255,2902,56067,76,148751
2115,0.000664,172.31.40.0-255,66,56133,76,148751
2116,0.000688,172.253.118.0-255,5738,61871,76,148751
2117,0.000691,172.31.40.0-255,66,61937,76,148751
2118,0.000696,172.253.118.0-255,2902,64839,76,148751
2119,0.000698,172.31.40.0-255,66,64905,76,148751
2120,0.000723,172.253.118.0-255,3961,68866,76,148751
2121,0.000727,172.31.40.0-255,66,68932,76,148751
2122,0.000748,172.253.118.0-255,7156,76088,76,148751
2123,0.000751,172.31.40.0-255,66,76154,76,148751
2124,0.000756,172.253.118.0-255,2902,79056,76,148751
2125,0.000758,172.31.40.0-255,66,79122,76,148751
2126,0.000776,172.253.118.0-255,5738,84860,76,148751
2127,0.000778,172.31.40.0-255,66,84926,76,148751
2128,0.000804,172.253.118.0-255,1391,86317,76,148751
2129,0.001404,172.31.40.0-255,66,86383,76,148751
2130,0.001513,172.253.118.0-255,1484,87867,76,148751
2131,0.001522,172.253.118.0-255,2902,90769,76,148751
2132,0.001525,172.31.40.0-255,66,90835,76,148751
2133,0.001551,172.253.118.0-255,5738,96573,76,148751
2134,0.001554,172.31.40.0-255,66,96639,76,148751
2135,0.001569,172.253.118.0-255,5738,102377,76,148751
2136,0.001571,172.31.40.0-255,66,102443,76,148751
2137,0.001594,172.253.118.0-255,4320,106763,76,148751
2138,0.001597,172.31.40.0-255,66,106829,76,148751
2139,0.00161,172.31.40.0-255,66,106895,76,148751
2140,0.001613,172.253.118.0-255,1484,108379,76,148751
2141,0.001632,172.253.118.0-255,766,109145,76,148751
2142,0.001634,172.31.40.0-255,66,109211,76,148751
2143,0.003884,172.253.118.0-255,2902,112113,76,148751
2144,0.003896,172.31.40.0-255,66,112179,76,148751
2145,0.003915,172.253.118.0-255,2902,115081,76,148751
2146,0.003917,172.31.40.0-255,66,115147,76,148751
2147,0.006177,172.253.118.0-255,2902,118049,76,148751
2148,0.006185,172.31.40.0-255,66,118115,76,148751
2149,0.006207,172.253.118.0-255,2902,121017,76,148751
2150,0.00621,172.31.40.0-255,66,121083,76,148751
2151,0.008474,172.253.118.0-255,4320,125403,76,148751
2152,0.008487,172.31.40.0-255,66,125469,76,148751
2153,0.008506,172.253.118.0-255,1484,126953,76,148751
2154,0.010776,172.253.118.0-255,4320,131273,76,148751
2155,0.010808,172.31.40.0-255,66,131339,76,148751
2156,0.013163,172.253.118.0-255,5738,137077,76,148751
2157,0.013178,172.31.40.0-255,66,137143,76,148751
2158,0.015468,172.253.118.0-255,5738,142881,76,148751
2159,0.015483,172.31.40.0-255,66,142947,76,148751
2160,0.017793,172.253.118.0-255,5738,148685,76,148751
2161,0.01781,172.31.40.0-255,66,148751,76,148751
2162,0.0,74.125.24.0-255,294,294,76,188747
2163,2e-05,172.31.40.0-255,66,360,76,188747
2164,2.6e-05,74.125.24.0-255,1484,1844,76,188747
2165,3e-05,172.31.40.0-255,66,1910,76,188747
2166,3.6e-05,74.125.24.0-255,4320,6230,76,188747
2167,4.8e-05,172.31.40.0-255,66,6296,76,188747
2168,8.4e-05,172.31.40.0-255,66,6362,76,188747
2169,0.000165,74.125.24.0-255,1484,7846,76,188747
2170,0.000169,172.31.40.0-255,66,7912,76,188747
2171,0.000181,74.125.24.0-255,2902,10814,76,188747
2172,0.000192,172.31.40.0-255,66,10880,76,188747
2173,0.000219,74.125.24.0-255,4320,15200,76,188747
2174,0.000222,172.31.40.0-255,66,15266,76,188747
2175,0.000236,74.125.24.0-255,1484,16750,76,188747
2176,0.000238,172.31.40.0-255,66,16816,76,188747
2177,0.000344,74.125.24.0-255,6797,23613,76,188747
2178,0.00035,172.31.40.0-255,66,23679,76,188747
2179,0.00038,74.125.24.0-255,1484,25163,76,188747
2180,0.000382,172.31.40.0-255,66,25229,76,188747
2181,0.000416,74.125.24.0-255,5738,30967,76,188747
2182,0.00042,172.31.40.0-255,66,31033,76,188747
2183,0.000484,74.125.24.0-255,4320,35353,76,188747
2184,0.000487,172.31.40.0-255,66,35419,76,188747
2185,0.000516,172.31.40.0-255,66,35485,76,188747
2186,0.000686,74.125.24.0-255,2902,38387,76,188747
2187,0.000689,172.31.40.0-255,66,38453,76,188747
2188,0.000728,172.31.40.0-255,66,38519,76,188747
2189,0.000788,74.125.24.0-255,356,38875,76,188747
2190,0.000791,172.31.40.0-255,66,38941,76,188747
2191,0.000833,74.125.24.0-255,1484,40425,76,188747
2192,0.000837,172.31.40.0-255,78,40503,76,188747
2193,0.000849,74.125.24.0-255,1484,41987,76,188747
2194,0.000851,172.31.40.0-255,78,42065,76,188747
2195,0.000855,74.125.24.0-255,417,42482,76,188747
2196,0.000915,74.125.24.0-255,7156,49638,76,188747
2197,0.000959,74.125.24.0-255,4320,53958,76,188747
2198,0.000975,74.125.24.0-255,2902,56860,76,188747
2199,0.000994,74.125.24.0-255,5738,62598,76,188747
2200,0.001006,74.125.24.0-255,2902,65500,76,188747
2201,0.001248,74.125.24.0-255,4320,69820,76,188747
2202,0.001263,74.125.24.0-255,4320,74140,76,188747
2203,0.001372,74.125.24.0-255,7156,81296,76,188747
2204,0.001605,74.125.24.0-255,6438,87734,76,188747
2205,0.002041,74.125.24.0-255,6438,94172,76,188747
2206,0.002109,74.125.24.0-255,5738,99910,76,188747
2207,0.002123,74.125.24.0-255,1484,101394,76,188747
2208,0.002196,74.125.24.0-255,1484,102878,76,188747
2209,0.002212,74.125.24.0-255,4320,107198,76,188747
2210,0.002402,74.125.24.0-255,5738,112936,76,188747
2211,0.002423,74.125.24.0-255,5020,117956,76,188747
2212,0.002541,74.125.24.0-255,5738,123694,76,188747
2213,0.002579,74.125.24.0-255,4320,128014,76,188747
2214,0.002646,172.31.40.0-255,66,128080,76,188747
2215,0.002793,74.125.24.0-255,5738,133818,76,188747
2216,0.0028,172.31.40.0-255,66,133884,76,188747
2217,0.00283,172.31.40.0-255,66,133950,76,188747
2218,0.003036,74.125.24.0-255,4320,138270,76,188747
2219,0.003044,172.31.40.0-255,66,138336,76,188747
2220,0.003053,74.125.24.0-255,5738,144074,76,188747
2221,0.003058,172.31.40.0-255,66,144140,76,188747
2222,0.003105,172.31.40.0-255,66,144206,76,188747
2223,0.003258,74.125.24.0-255,4320,148526,76,188747
2224,0.003263,172.31.40.0-255,66,148592,76,188747
2225,0.003274,74.125.24.0-255,4320,152912,76,188747
2226,0.003287,172.31.40.0-255,66,152978,76,188747
2227,0.003361,74.125.24.0-255,2184,155162,76,188747
2228,0.003365,172.31.40.0-255,66,155228,76,188747
2229,0.003406,74.125.24.0-255,2902,158130,76,188747
2230,0.003414,172.31.40.0-255,66,158196,76,188747
2231,0.003416,74.125.24.0-255,1484,159680,76,188747
2232,0.003442,74.125.24.0-255,2902,162582,76,188747
2233,0.003445,172.31.40.0-255,66,162648,76,188747
2234,0.003479,74.125.24.0-255,4320,166968,76,188747
2235,0.003491,172.31.40.0-255,66,167034,76,188747
2236,0.003506,74.125.24.0-255,1484,168518,76,188747
2237,0.003525,74.125.24.0-255,1484,170002,76,188747
2238,0.003534,172.31.40.0-255,66,170068,76,188747
2239,0.003538,74.125.24.0-255,2902,172970,76,188747
2240,0.003547,172.31.40.0-255,66,173036,76,188747
2241,0.003606,74.125.24.0-255,5020,178056,76,188747
2242,0.003606,172.31.40.0-255,66,178122,76,188747
2243,0.00361,172.31.40.0-255,66,178188,76,188747
2244,0.004143,74.125.24.0-255,5738,183926,76,188747
2245,0.004147,172.31.40.0-255,66,183992,76,188747
2246,0.004213,172.31.40.0-255,66,184058,76,188747
2247,0.004683,74.125.24.0-255,4320,188378,76,188747
2248,0.004688,172.31.40.0-255,66,188444,76,188747
2249,0.004731,172.31.40.0-255,66,188510,76,188747
2250,0.004774,172.31.40.0-255,66,188576,76,188747
2251,0.005068,172.31.40.0-255,105,188681,76,188747
2252,0.007431,74.125.24.0-255,66,188747,76,188747
2253,0.0,74.125.24.0-255,153,153,76,184893
2254,1.7e-05,172.31.40.0-255,66,219,76,184893
2255,2.4e-05,74.125.24.0-255,1484,1703,76,184893
2256,2.8e-05,172.31.40.0-255,66,1769,76,184893
2257,3.4e-05,74.125.24.0-255,2902,4671,76,184893
2258,3.7e-05,172.31.40.0-255,66,4737,76,184893
2259,4.5e-05,74.125.24.0-255,7156,11893,76,184893
2260,4.7e-05,172.31.40.0-255,66,11959,76,184893
2261,5.2e-05,74.125.24.0-255,2902,14861,76,184893
2262,5.5e-05,172.31.40.0-255,66,14927,76,184893
2263,9.9e-05,74.125.24.0-255,2037,16964,76,184893
2264,0.000102,172.31.40.0-255,66,17030,76,184893
2265,0.000116,172.31.40.0-255,66,17096,76,184893
2266,0.000189,74.125.24.0-255,1484,18580,76,184893
2267,0.000192,172.31.40.0-255,66,18646,76,184893
2268,0.000195,74.125.24.0-255,1484,20130,76,184893
2269,0.000198,172.31.40.0-255,66,20196,76,184893
2270,0.00021,74.125.24.0-255,1484,21680,76,184893
2271,0.000212,172.31.40.0-255,66,21746,76,184893
2272,0.000219,74.125.24.0-255,5738,27484,76,184893
2273,0.000221,172.31.40.0-255,66,27550,76,184893
2274,0.000242,74.125.24.0-255,4320,31870,76,184893
2275,0.000244,172.31.40.0-255,66,31936,76,184893
2276,0.000274,172.31.40.0-255,66,32002,76,184893
2277,0.000285,172.31.40.0-255,66,32068,76,184893
2278,0.000287,74.125.24.0-255,413,32481,76,184893
2279,0.000289,172.31.40.0-255,66,32547,76,184893
2280,0.000334,74.125.24.0-255,330,32877,76,184893
2281,0.000337,172.31.40.0-255,66,32943,76,184893
2282,0.000641,74.125.24.0-255,1484,34427,76,184893
2283,0.00066,74.125.24.0-255,2902,37329,76,184893
2284,0.000667,74.125.24.0-255,5738,43067,76,184893
2285,0.000673,172.31.40.0-255,66,43133,76,184893
2286,0.000681,172.31.40.0-255,66,43199,76,184893
2287,0.000684,74.125.24.0-255,1484,44683,76,184893
2288,0.000692,74.125.24.0-255,7156,51839,76,184893
2289,0.000694,172.31.40.0-255,66,51905,76,184893
2290,0.000723,74.125.24.0-255,5738,57643,76,184893
2291,0.000726,172.31.40.0-255,66,57709,76,184893
2292,0.000734,74.125.24.0-255,7156,64865,76,184893
2293,0.000736,172.31.40.0-255,66,64931,76,184893
2294,0.000758,74.125.24.0-255,2184,67115,76,184893
2295,0.00076,172.31.40.0-255,66,67181,76,184893
2296,0.001054,74.125.24.0-255,1484,68665,76,184893
2297,0.001072,74.125.24.0-255,2902,71567,76,184893
2298,0.001075,172.31.40.0-255,66,71633,76,184893
2299,0.00108,74.125.24.0-255,2902,74535,76,184893
2300,0.001082,172.31.40.0-255,66,74601,76,184893
2301,0.001095,74.125.24.0-255,2902,77503,76,184893
2302,0.001097,172.31.40.0-255,66,77569,76,184893
2303,0.001103,74.125.24.0-255,5738,83307,76,184893
2304,0.001106,172.31.40.0-255,66,83373,76,184893
2305,0.001136,74.125.24.0-255,7156,90529,76,184893
2306,0.001151,172.31.40.0-255,66,90595,76,184893
2307,0.001154,172.31.40.0-255,66,90661,76,184893
2308,0.002002,74.125.24.0-255,1484,92145,76,184893
2309,0.002013,74.125.24.0-255,2902,95047,76,184893
2310,0.002017,172.31.40.0-255,66,95113,76,184893
2311,0.002025,74.125.24.0-255,5738,100851,76,184893
2312,0.002027,172.31.40.0-255,66,100917,76,184893
2313,0.002055,74.125.24.0-255,4320,105237,76,184893
2314,0.002057,172.31.40.0-255,66,105303,76,184893
2315,0.002077,172.31.40.0-255,66,105369,76,184893
2316,0.002109,172.31.40.0-255,66,105435,76,184893
2317,0.002155,74.125.24.0-255,1484,106919,76,184893
2318,0.002179,74.125.24.0-255,2902,109821,76,184893
2319,0.002182,172.31.40.0-255,66,109887,76,184893
2320,0.002188,74.125.24.0-255,5738,115625,76,184893
2321,0.00219,172.31.40.0-255,66,115691,76,184893
2322,0.002196,74.125.24.0-255,4320,120011,76,184893
2323,0.002198,172.31.40.0-255,66,120077,76,184893
2324,0.002218,74.125.24.0-255,4320,124397,76,184893
2325,0.002221,172.31.40.0-255,66,124463,76,184893
2326,0.002243,74.125.24.0-255,1484,125947,76,184893
2327,0.002273,172.31.40.0-255,66,126013,76,184893
2328,0.002293,74.125.24.0-255,2902,128915,76,184893
2329,0.002295,172.31.40.0-255,66,128981,76,184893
2330,0.002301,74.125.24.0-255,4320,133301,76,184893
2331,0.002303,172.31.40.0-255,66,133367,76,184893
2332,0.002325,172.31.40.0-255,66,133433,76,184893
2333,0.002382,172.31.40.0-255,66,133499,76,184893
2334,0.002396,172.31.40.0-255,66,133565,76,184893
2335,0.002419,74.125.24.0-255,766,134331,76,184893
2336,0.002426,74.125.24.0-255,5738,140069,76,184893
2337,0.002428,172.31.40.0-255,66,140135,76,184893
2338,0.002449,172.31.40.0-255,66,140201,76,184893
2339,0.002471,74.125.24.0-255,7156,147357,76,184893
2340,0.002473,172.31.40.0-255,66,147423,76,184893
2341,0.00249,74.125.24.0-255,2184,149607,76,184893
2342,0.002493,172.31.40.0-255,66,149673,76,184893
2343,0.005062,74.125.24.0-255,2902,152575,76,184893
2344,0.005073,172.31.40.0-255,66,152641,76,184893
2345,0.005098,74.125.24.0-255,2902,155543,76,184893
2346,0.005102,172.31.40.0-255,66,155609,76,184893
2347,0.007652,74.125.24.0-255,2902,158511,76,184893
2348,0.007659,172.31.40.0-255,66,158577,76,184893
2349,0.007689,74.125.24.0-255,2902,161479,76,184893
2350,0.007692,172.31.40.0-255,66,161545,76,184893
2351,0.010254,74.125.24.0-255,2902,164447,76,184893
2352,0.010265,172.31.40.0-255,66,164513,76,184893
2353,0.010289,74.125.24.0-255,2902,167415,76,184893
2354,0.010292,172.31.40.0-255,66,167481,76,184893
2355,0.01288,74.125.24.0-255,5738,173219,76,184893
2356,0.012893,172.31.40.0-255,66,173285,76,184893
2357,0.015531,74.125.24.0-255,5738,179023,76,184893
2358,0.015546,172.31.40.0-255,66,179089,76,184893
2359,0.018143,74.125.24.0-255,5738,184827,76,184893
2360,0.018161,172.31.40.0-255,66,184893,76,184893
2361,0.0,74.125.24.0-255,146,146,76,187936
2362,2.1e-05,172.31.40.0-255,66,212,76,187936
2363,2.8e-05,74.125.24.0-255,1484,1696,76,187936
2364,3.3e-05,172.31.40.0-255,66,1762,76,187936
2365,3.6e-05,74.125.24.0-255,1484,3246,76,187936
2366,4e-05,172.31.40.0-255,66,3312,76,187936
2367,6.5e-05,74.125.24.0-255,1484,4796,76,187936
2368,6.8e-05,172.31.40.0-255,66,4862,76,187936
2369,7.6e-05,74.125.24.0-255,7156,12018,76,187936
2370,7.8e-05,172.31.40.0-255,66,12084,76,187936
2371,8.2e-05,74.125.24.0-255,2065,14149,76,187936
2372,8.4e-05,172.31.40.0-255,66,14215,76,187936
2373,0.000211,74.125.24.0-255,1484,15699,76,187936
2374,0.000216,172.31.40.0-255,66,15765,76,187936
2375,0.000233,74.125.24.0-255,2902,18667,76,187936
2376,0.000235,172.31.40.0-255,66,18733,76,187936
2377,0.000264,74.125.24.0-255,5738,24471,76,187936
2378,0.000267,172.31.40.0-255,66,24537,76,187936
2379,0.000283,74.125.24.0-255,2902,27439,76,187936
2380,0.000285,172.31.40.0-255,66,27505,76,187936
2381,0.00032,172.31.40.0-255,66,27571,76,187936
2382,0.000345,172.31.40.0-255,66,27637,76,187936
2383,0.000374,74.125.24.0-255,4320,31957,76,187936
2384,0.000376,172.31.40.0-255,66,32023,76,187936
2385,0.000391,172.31.40.0-255,66,32089,76,187936
2386,0.000673,74.125.24.0-255,401,32490,76,187936
2387,0.000677,172.31.40.0-255,66,32556,76,187936
2388,0.000936,74.125.24.0-255,109,32665,76,187936
2389,0.00094,172.31.40.0-255,66,32731,76,187936
2390,0.000969,74.125.24.0-255,1484,34215,76,187936
2391,0.000987,74.125.24.0-255,1484,35699,76,187936
2392,0.000989,172.31.40.0-255,66,35765,76,187936
2393,0.001006,74.125.24.0-255,1484,37249,76,187936
2394,0.001009,74.125.24.0-255,1484,38733,76,187936
2395,0.001011,172.31.40.0-255,66,38799,76,187936
2396,0.001034,74.125.24.0-255,2902,41701,76,187936
2397,0.001036,172.31.40.0-255,66,41767,76,187936
2398,0.001043,74.125.24.0-255,7156,48923,76,187936
2399,0.001045,172.31.40.0-255,66,48989,76,187936
2400,0.001076,74.125.24.0-255,4320,53309,76,187936
2401,0.001078,172.31.40.0-255,66,53375,76,187936
2402,0.001088,172.31.40.0-255,66,53441,76,187936
2403,0.001094,74.125.24.0-255,5020,58461,76,187936
2404,0.001095,172.31.40.0-255,66,58527,76,187936
2405,0.001173,74.125.24.0-255,1484,60011,76,187936
2406,0.001179,74.125.24.0-255,2902,62913,76,187936
2407,0.001181,172.31.40.0-255,66,62979,76,187936
2408,0.001198,74.125.24.0-255,5738,68717,76,187936
2409,0.0012,172.31.40.0-255,66,68783,76,187936
2410,0.001203,74.125.24.0-255,1484,70267,76,187936
2411,0.001229,74.125.24.0-255,5738,76005,76,187936
2412,0.001231,172.31.40.0-255,66,76071,76,187936
2413,0.001234,74.125.24.0-255,1484,77555,76,187936
2414,0.00126,172.31.40.0-255,66,77621,76,187936
2415,0.001267,74.125.24.0-255,5738,83359,76,187936
2416,0.001269,172.31.40.0-255,66,83425,76,187936
2417,0.001294,74.125.24.0-255,6438,89863,76,187936
2418,0.001297,172.31.40.0-255,66,89929,76,187936
2419,0.001312,74.125.24.0-255,2902,92831,76,187936
2420,0.001316,172.31.40.0-255,66,92897,76,187936
2421,0.001346,172.31.40.0-255,66,92963,76,187936
2422,0.001374,172.31.40.0-255,66,93029,76,187936
2423,0.001389,74.125.24.0-255,1484,94513,76,187936
2424,0.001399,74.125.24.0-255,1484,95997,76,187936
2425,0.001401,172.31.40.0-255,66,96063,76,187936
2426,0.001421,172.31.40.0-255,66,96129,76,187936
2427,0.001441,74.125.24.0-255,4320,100449,76,187936
2428,0.001444,172.31.40.0-255,66,100515,76,187936
2429,0.001465,74.125.24.0-255,7156,107671,76,187936
2430,0.001467,172.31.40.0-255,66,107737,76,187936
2431,0.001485,172.31.40.0-255,66,107803,76,187936
2432,0.001487,74.125.24.0-255,766,108569,76,187936
2433,0.001493,74.125.24.0-255,5738,114307,76,187936
2434,0.001495,172.31.40.0-255,66,114373,76,187936
2435,0.001536,172.31.40.0-255,66,114439,76,187936
2436,0.001566,74.125.24.0-255,7156,121595,76,187936
2437,0.001568,172.31.40.0-255,66,121661,76,187936
2438,0.001603,172.31.40.0-255,66,121727,76,187936
2439,0.00162,172.31.40.0-255,66,121793,76,187936
2440,0.001645,74.125.24.0-255,5738,127531,76,187936
2441,0.001648,172.31.40.0-255,66,127597,76,187936
2442,0.001651,74.125.24.0-255,1484,129081,76,187936
2443,0.00166,172.31.40.0-255,66,129147,76,187936
2444,0.001681,74.125.24.0-255,1484,130631,76,187936
2445,0.001717,74.125.24.0-255,1484,132115,76,187936
2446,0.00172,172.31.40.0-255,66,132181,76,187936
2447,0.001739,74.125.24.0-255,1484,133665,76,187936
2448,0.001745,74.125.24.0-255,4320,137985,76,187936
2449,0.001747,172.31.40.0-255,66,138051,76,187936
2450,0.001752,74.125.24.0-255,4320,142371,76,187936
2451,0.001753,172.31.40.0-255,66,142437,76,187936
2452,0.001774,74.125.24.0-255,4320,146757,76,187936
2453,0.001777,172.31.40.0-255,66,146823,76,187936
2454,0.001782,74.125.24.0-255,5738,152561,76,187936
2455,0.001784,172.31.40.0-255,66,152627,76,187936
2456,0.001819,74.125.24.0-255,1484,154111,76,187936
2457,0.001868,172.31.40.0-255,66,154177,76,187936
2458,0.001979,74.125.24.0-255,1484,155661,76,187936
2459,0.001984,74.125.24.0-255,1484,157145,76,187936
2460,0.001987,172.31.40.0-255,66,157211,76,187936
2461,0.002007,74.125.24.0-255,1484,158695,76,187936
2462,0.002014,74.125.24.0-255,5738,164433,76,187936
2463,0.002017,172.31.40.0-255,66,164499,76,187936
2464,0.002021,74.125.24.0-255,2902,167401,76,187936
2465,0.002023,172.31.40.0-255,66,167467,76,187936
2466,0.002048,74.125.24.0-255,5738,173205,76,187936
2467,0.002051,172.31.40.0-255,66,173271,76,187936
2468,0.002069,74.125.24.0-255,5738,179009,76,187936
2469,0.002072,172.31.40.0-255,66,179075,76,187936
2470,0.002096,172.31.40.0-255,66,179141,76,187936
2471,0.002107,172.31.40.0-255,66,179207,76,187936
2472,0.00214,74.125.24.0-255,1484,180691,76,187936
2473,0.002167,172.31.40.0-255,66,180757,76,187936
2474,0.0022,172.31.40.0-255,66,180823,76,187936
2475,0.002212,172.31.40.0-255,66,180889,76,187936
2476,0.002242,172.31.40.0-255,66,180955,76,187936
2477,0.002248,74.125.24.0-255,5738,186693,76,187936
2478,0.00225,172.31.40.0-255,66,186759,76,187936
2479,0.002289,172.31.40.0-255,66,186825,76,187936
2480,0.002292,74.125.24.0-255,769,187594,76,187936
2481,0.002337,74.125.24.0-255,105,187699,76,187936
2482,0.004391,172.31.40.0-255,66,187765,76,187936
2483,0.004428,172.31.40.0-255,105,187870,76,187936
2484,0.006829,74.125.24.0-255,66,187936,76,187936
2485,0.0,74.125.68.0-255,152,152,76,135548
2486,2.1e-05,172.31.40.0-255,66,218,76,135548
2487,4.5e-05,74.125.68.0-255,1484,1702,76,135548
2488,4.9e-05,172.31.40.0-255,66,1768,76,135548
2489,6.6e-05,74.125.68.0-255,1484,3252,76,135548
2490,6.9e-05,172.31.40.0-255,66,3318,76,135548
2491,9.2e-05,74.125.68.0-255,2902,6220,76,135548
2492,9.5e-05,172.31.40.0-255,66,6286,76,135548
2493,0.000106,74.125.68.0-255,1484,7770,76,135548
2494,0.000108,172.31.40.0-255,66,7836,76,135548
2495,0.000112,74.125.68.0-255,1484,9320,76,135548
2496,0.000114,172.31.40.0-255,66,9386,76,135548
2497,0.000133,74.125.68.0-255,1484,10870,76,135548
2498,0.000135,172.31.40.0-255,66,10936,76,135548
2499,0.000162,74.125.68.0-255,3482,14418,76,135548
2500,0.000165,172.31.40.0-255,66,14484,76,135548
2501,0.000439,74.125.68.0-255,1484,15968,76,135548
2502,0.000444,172.31.40.0-255,66,16034,76,135548
2503,0.000448,74.125.68.0-255,1484,17518,76,135548
2504,0.000451,172.31.40.0-255,66,17584,76,135548
2505,0.000465,74.125.68.0-255,1484,19068,76,135548
2506,0.000466,172.31.40.0-255,66,19134,76,135548
2507,0.000473,74.125.68.0-255,4320,23454,76,135548
2508,0.000476,172.31.40.0-255,66,23520,76,135548
2509,0.000499,74.125.68.0-255,1484,25004,76,135548
2510,0.000502,172.31.40.0-255,66,25070,76,135548
2511,0.000528,74.125.68.0-255,6797,31867,76,135548
2512,0.000542,172.31.40.0-255,66,31933,76,135548
2513,0.000546,74.125.68.0-255,2902,34835,76,135548
2514,0.000548,172.31.40.0-255,66,34901,76,135548
2515,0.000567,74.125.68.0-255,5738,40639,76,135548
2516,0.000569,172.31.40.0-255,66,40705,76,135548
2517,0.000573,74.125.68.0-255,2902,43607,76,135548
2518,0.000574,172.31.40.0-255,66,43673,76,135548
2519,0.000579,74.125.68.0-255,4320,47993,76,135548
2520,0.000581,172.31.40.0-255,66,48059,76,135548
2521,0.000605,74.125.68.0-255,1125,49184,76,135548
2522,0.000651,74.125.68.0-255,1484,50668,76,135548
2523,0.000654,172.31.40.0-255,66,50734,76,135548
2524,0.000657,74.125.68.0-255,1484,52218,76,135548
2525,0.00069,74.125.68.0-255,1484,53702,76,135548
2526,0.000692,172.31.40.0-255,66,53768,76,135548
2527,0.000708,74.125.68.0-255,1484,55252,76,135548
2528,0.000712,74.125.68.0-255,1484,56736,76,135548
2529,0.000713,172.31.40.0-255,66,56802,76,135548
2530,0.00074,74.125.68.0-255,1484,58286,76,135548
2531,0.000746,74.125.68.0-255,4320,62606,76,135548
2532,0.000748,172.31.40.0-255,66,62672,76,135548
2533,0.00077,74.125.68.0-255,3961,66633,76,135548
2534,0.000772,172.31.40.0-255,66,66699,76,135548
2535,0.001321,74.125.68.0-255,412,67111,76,135548
2536,0.001348,74.125.68.0-255,1484,68595,76,135548
2537,0.001352,172.31.40.0-255,66,68661,76,135548
2538,0.001372,74.125.68.0-255,2902,71563,76,135548
2539,0.001374,172.31.40.0-255,66,71629,76,135548
2540,0.001397,74.125.68.0-255,4320,75949,76,135548
2541,0.001399,172.31.40.0-255,66,76015,76,135548
2542,0.001424,74.125.68.0-255,2902,78917,76,135548
2543,0.001426,172.31.40.0-255,66,78983,76,135548
2544,0.001441,74.125.68.0-255,4320,83303,76,135548
2545,0.001442,172.31.40.0-255,66,83369,76,135548
2546,0.001446,74.125.68.0-255,2902,86271,76,135548
2547,0.001448,172.31.40.0-255,66,86337,76,135548
2548,0.001475,74.125.68.0-255,5738,92075,76,135548
2549,0.001477,172.31.40.0-255,66,92141,76,135548
2550,0.001486,172.31.40.0-255,66,92207,76,135548
2551,0.001497,74.125.68.0-255,766,92973,76,135548
2552,0.001522,74.125.68.0-255,331,93304,76,135548
2553,0.003599,74.125.68.0-255,2902,96206,76,135548
2554,0.003605,172.31.40.0-255,66,96272,76,135548
2555,0.005711,74.125.68.0-255,5738,102010,76,135548
2556,0.005714,172.31.40.0-255,66,102076,76,135548
2557,0.007827,74.125.68.0-255,5738,107814,76,135548
2558,0.007834,172.31.40.0-255,66,107880,76,135548
2559,0.009956,74.125.68.0-255,4320,112200,76,135548
2560,0.009964,172.31.40.0-255,66,112266,76,135548
2561,0.00998,74.125.68.0-255,1484,113750,76,135548
2562,0.012138,74.125.68.0-255,4320,118070,76,135548
2563,0.012146,172.31.40.0-255,66,118136,76,135548
2564,0.014272,74.125.68.0-255,5738,123874,76,135548
2565,0.014279,172.31.40.0-255,66,123940,76,135548
2566,0.0164,74.125.68.0-255,5738,129678,76,135548
2567,0.016407,172.31.40.0-255,66,129744,76,135548
2568,0.018527,74.125.68.0-255,5738,135482,76,135548
2569,0.018535,172.31.40.0-255,66,135548,76,135548
2570,0.0,74.125.68.0-255,153,153,76,335318
2571,2.6e-05,172.31.40.0-255,66,219,76,335318
2572,3.4e-05,74.125.68.0-255,1484,1703,76,335318
2573,3.9e-05,172.31.40.0-255,66,1769,76,335318
2574,4.4e-05,74.125.68.0-255,2902,4671,76,335318
2575,4.8e-05,172.31.40.0-255,66,4737,76,335318
2576,7.4e-05,74.125.68.0-255,7156,11893,76,335318
2577,7.7e-05,172.31.40.0-255,66,11959,76,335318
2578,8e-05,74.125.68.0-255,1484,13443,76,335318
2579,8.3e-05,172.31.40.0-255,66,13509,76,335318
2580,0.000106,74.125.68.0-255,4320,17829,76,335318
2581,0.000109,172.31.40.0-255,66,17895,76,335318
2582,0.000135,74.125.68.0-255,6317,24212,76,335318
2583,0.000138,172.31.40.0-255,66,24278,76,335318
2584,0.000145,74.125.68.0-255,6797,31075,76,335318
2585,0.000147,172.31.40.0-255,66,31141,76,335318
2586,0.00023,74.125.68.0-255,1484,32625,76,335318
2587,0.000234,172.31.40.0-255,66,32691,76,335318
2588,0.000239,74.125.68.0-255,2902,35593,76,335318
2589,0.000242,172.31.40.0-255,66,35659,76,335318
2590,0.000257,74.125.68.0-255,1484,37143,76,335318
2591,0.000259,172.31.40.0-255,66,37209,76,335318
2592,0.000281,74.125.68.0-255,4320,41529,76,335318
2593,0.000284,172.31.40.0-255,66,41595,76,335318
2594,0.000289,74.125.68.0-255,4320,45915,76,335318
2595,0.000292,172.31.40.0-255,66,45981,76,335318
2596,0.000296,74.125.68.0-255,2902,48883,76,335318
2597,0.000299,172.31.40.0-255,66,48949,76,335318
2598,0.00032,74.125.68.0-255,2543,51492,76,335318
2599,0.000322,172.31.40.0-255,66,51558,76,335318
2600,0.000329,74.125.68.0-255,5738,57296,76,335318
2601,0.000331,172.31.40.0-255,66,57362,76,335318
2602,0.000344,74.125.68.0-255,2902,60264,76,335318
2603,0.000346,172.31.40.0-255,66,60330,76,335318
2604,0.000383,74.125.68.0-255,5734,66064,76,335318
2605,0.000386,172.31.40.0-255,66,66130,76,335318
2606,0.000466,74.125.68.0-255,1484,67614,76,335318
2607,0.000472,74.125.68.0-255,1484,69098,76,335318
2608,0.000475,172.31.40.0-255,66,69164,76,335318
2609,0.000492,74.125.68.0-255,1484,70648,76,335318
2610,0.000509,74.125.68.0-255,1484,72132,76,335318
2611,0.000511,172.31.40.0-255,66,72198,76,335318
2612,0.000517,74.125.68.0-255,4320,76518,76,335318
2613,0.00052,172.31.40.0-255,66,76584,76,335318
2614,0.000532,74.125.68.0-255,1484,78068,76,335318
2615,0.000552,74.125.68.0-255,7040,85108,76,335318
2616,0.000555,172.31.40.0-255,66,85174,76,335318
2617,0.000562,74.125.68.0-255,7156,92330,76,335318
2618,0.000564,172.31.40.0-255,66,92396,76,335318
2619,0.000575,74.125.68.0-255,1484,93880,76,335318
2620,0.000591,74.125.68.0-255,6797,100677,76,335318
2621,0.000593,172.31.40.0-255,66,100743,76,335318
2622,0.001005,74.125.68.0-255,1484,102227,76,335318
2623,0.001028,74.125.68.0-255,2902,105129,76,335318
2624,0.001032,172.31.40.0-255,66,105195,76,335318
2625,0.001039,74.125.68.0-255,5738,110933,76,335318
2626,0.001041,172.31.40.0-255,66,110999,76,335318
2627,0.001045,74.125.68.0-255,2902,113901,76,335318
2628,0.001048,172.31.40.0-255,66,113967,76,335318
2629,0.001052,74.125.68.0-255,4320,118287,76,335318
2630,0.001055,172.31.40.0-255,66,118353,76,335318
2631,0.001091,172.31.40.0-255,66,118419,76,335318
2632,0.001098,74.125.68.0-255,5738,124157,76,335318
2633,0.001101,172.31.40.0-255,66,124223,76,335318
2634,0.001141,74.125.68.0-255,2184,126407,76,335318
2635,0.001149,172.31.40.0-255,66,126473,76,335318
2636,0.001169,74.125.68.0-255,2902,129375,76,335318
2637,0.001172,172.31.40.0-255,66,129441,76,335318
2638,0.001196,74.125.68.0-255,7156,136597,76,335318
2639,0.001198,172.31.40.0-255,66,136663,76,335318
2640,0.001219,74.125.68.0-255,4320,140983,76,335318
2641,0.001221,172.31.40.0-255,66,141049,76,335318
2642,0.001246,74.125.68.0-255,4320,145369,76,335318
2643,0.001248,172.31.40.0-255,66,145435,76,335318
2644,0.00126,172.31.40.0-255,66,145501,76,335318
2645,0.001283,74.125.68.0-255,2902,148403,76,335318
2646,0.001285,172.31.40.0-255,66,148469,76,335318
2647,0.001291,74.125.68.0-255,3602,152071,76,335318
2648,0.001293,172.31.40.0-255,66,152137,76,335318
2649,0.001356,74.125.68.0-255,1484,153621,76,335318
2650,0.00137,74.125.68.0-255,2902,156523,76,335318
2651,0.001374,172.31.40.0-255,66,156589,76,335318
2652,0.001396,74.125.68.0-255,5738,162327,76,335318
2653,0.001399,172.31.40.0-255,66,162393,76,335318
2654,0.001424,74.125.68.0-255,7156,169549,76,335318
2655,0.001441,172.31.40.0-255,66,169615,76,335318
2656,0.001453,74.125.68.0-255,5738,175353,76,335318
2657,0.001458,172.31.40.0-255,66,175419,76,335318
2658,0.001468,74.125.68.0-255,7156,182575,76,335318
2659,0.001488,172.31.40.0-255,66,182641,76,335318
2660,0.0015,74.125.68.0-255,3602,186243,76,335318
2661,0.001529,172.31.40.0-255,66,186309,76,335318
2662,0.001631,74.125.68.0-255,1484,187793,76,335318
2663,0.001644,74.125.68.0-255,1484,189277,76,335318
2664,0.001647,172.31.40.0-255,66,189343,76,335318
2665,0.001652,74.125.68.0-255,2902,192245,76,335318
2666,0.001657,172.31.40.0-255,66,192311,76,335318
2667,0.001678,74.125.68.0-255,5738,198049,76,335318
2668,0.001691,74.125.68.0-255,1484,199533,76,335318
2669,0.001699,172.31.40.0-255,66,199599,76,335318
2670,0.001712,74.125.68.0-255,7156,206755,76,335318
2671,0.001736,172.31.40.0-255,66,206821,76,335318
2672,0.001756,74.125.68.0-255,3602,210423,76,335318
2673,0.001762,172.31.40.0-255,66,210489,76,335318
2674,0.001842,74.125.68.0-255,1484,211973,76,335318
2675,0.001856,74.125.68.0-255,2902,214875,76,335318
2676,0.001874,74.125.68.0-255,5738,220613,76,335318
2677,0.001911,172.31.40.0-255,66,220679,76,335318
2678,0.001949,74.125.68.0-255,2184,222863,76,335318
2679,0.001966,172.31.40.0-255,66,222929,76,335318
2680,0.001971,74.125.68.0-255,2902,225831,76,335318
2681,0.001974,74.125.68.0-255,1484,227315,76,335318
2682,0.00198,172.31.40.0-255,66,227381,76,335318
2683,0.001991,74.125.68.0-255,5738,233119,76,335318
2684,0.002006,74.125.68.0-255,7156,240275,76,335318
2685,0.002047,74.125.68.0-255,1484,241759,76,335318
2686,0.00205,172.31.40.0-255,66,241825,76,335318
2687,0.002067,74.125.68.0-255,6438,248263,76,335318
2688,0.002083,74.125.68.0-255,4320,252583,76,335318
2689,0.002096,74.125.68.0-255,4320,256903,76,335318
2690,0.002102,74.125.68.0-255,4320,261223,76,335318
2691,0.002112,172.31.40.0-255,66,261289,76,335318
2692,0.002115,74.125.68.0-255,1484,262773,76,335318
2693,0.002128,74.125.68.0-255,4320,267093,76,335318
2694,0.002149,74.125.68.0-255,5738,272831,76,335318
2695,0.002164,74.125.68.0-255,5738,278569,76,335318
2696,0.002169,74.125.68.0-255,3602,282171,76,335318
2697,0.002182,172.31.40.0-255,66,282237,76,335318
2698,0.002211,74.125.68.0-255,1484,283721,76,335318
2699,0.002232,74.125.68.0-255,5738,289459,76,335318
2700,0.002246,172.31.40.0-255,66,289525,76,335318
2701,0.00226,74.125.68.0-255,1484,291009,76,335318
2702,0.002284,172.31.40.0-255,66,291075,76,335318
2703,0.002301,74.125.68.0-255,2902,293977,76,335318
2704,0.002321,172.31.40.0-255,66,294043,76,335318
2705,0.002334,74.125.68.0-255,4320,298363,76,335318
2706,0.00234,172.31.40.0-255,66,298429,76,335318
2707,0.002359,74.125.68.0-255,2902,301331,76,335318
2708,0.002376,74.125.68.0-255,7156,308487,76,335318
2709,0.002389,74.125.68.0-255,4320,312807,76,335318
2710,0.002392,172.31.40.0-255,66,312873,76,335318
2711,0.002396,172.31.40.0-255,66,312939,76,335318
2712,0.004711,74.125.68.0-255,1484,314423,76,335318
2713,0.004735,74.125.68.0-255,4320,318743,76,335318
2714,0.00474,172.31.40.0-255,66,318809,76,335318
2715,0.007071,74.125.68.0-255,5738,324547,76,335318
2716,0.007078,172.31.40.0-255,66,324613,76,335318
2717,0.009408,74.125.68.0-255,5738,330351,76,335318
2718,0.009412,172.31.40.0-255,66,330417,76,335318
2719,0.01174,74.125.68.0-255,4664,335081,76,335318
2720,0.011747,172.31.40.0-255,66,335147,76,335318
2721,0.01224,172.31.40.0-255,105,335252,76,335318
2722,0.014532,74.125.68.0-255,66,335318,76,335318
2723,0.0,172.217.194.0-255,152,152,76,249205
2724,1.3e-05,172.31.40.0-255,66,218,76,249205
2725,2e-05,172.217.194.0-255,1484,1702,76,249205
2726,2.5e-05,172.31.40.0-255,66,1768,76,249205
2727,3.1e-05,172.217.194.0-255,2902,4670,76,249205
2728,4.1e-05,172.31.40.0-255,66,4736,76,249205
2729,4.4e-05,172.217.194.0-255,1484,6220,76,249205
2730,4.7e-05,172.31.40.0-255,66,6286,76,249205
2731,9e-05,172.217.194.0-255,4320,10606,76,249205
2732,9.3e-05,172.31.40.0-255,66,10672,76,249205
2733,0.000111,172.217.194.0-255,3516,14188,76,249205
2734,0.000114,172.31.40.0-255,66,14254,76,249205
2735,0.000166,172.217.194.0-255,1484,15738,76,249205
2736,0.000168,172.31.40.0-255,66,15804,76,249205
2737,0.000172,172.217.194.0-255,1484,17288,76,249205
2738,0.000174,172.31.40.0-255,66,17354,76,249205
2739,0.000204,172.217.194.0-255,1484,18838,76,249205
2740,0.000206,172.31.40.0-255,66,18904,76,249205
2741,0.000213,172.217.194.0-255,5738,24642,76,249205
2742,0.000216,172.31.40.0-255,66,24708,76,249205
2743,0.000267,172.217.194.0-255,6797,31505,76,249205
2744,0.00027,172.31.40.0-255,66,31571,76,249205
2745,0.000362,172.217.194.0-255,1484,33055,76,249205
2746,0.000365,172.31.40.0-255,66,33121,76,249205
2747,0.000371,172.217.194.0-255,2902,36023,76,249205
2748,0.000374,172.31.40.0-255,66,36089,76,249205
2749,0.000385,172.217.194.0-255,5738,41827,76,249205
2750,0.000388,172.31.40.0-255,66,41893,76,249205
2751,0.000416,172.217.194.0-255,5738,47631,76,249205
2752,0.000418,172.31.40.0-255,66,47697,76,249205
2753,0.000443,172.217.194.0-255,5379,53076,76,249205
2754,0.000445,172.31.40.0-255,66,53142,76,249205
2755,0.000458,172.31.40.0-255,66,53208,76,249205
2756,0.00071,172.217.194.0-255,122,53330,76,249205
2757,0.00073,172.217.194.0-255,375,53705,76,249205
2758,0.001244,172.217.194.0-255,1484,55189,76,249205
2759,0.001251,172.31.40.0-255,66,55255,76,249205
2760,0.001258,172.217.194.0-255,2902,58157,76,249205
2761,0.00126,172.31.40.0-255,66,58223,76,249205
2762,0.001264,172.217.194.0-255,2902,61125,76,249205
2763,0.001266,172.31.40.0-255,66,61191,76,249205
2764,0.001296,172.217.194.0-255,2902,64093,76,249205
2765,0.001298,172.31.40.0-255,66,64159,76,249205
2766,0.001312,172.31.40.0-255,66,64225,76,249205
2767,0.001325,172.31.40.0-255,66,64291,76,249205
2768,0.001364,172.217.194.0-255,1484,65775,76,249205
2769,0.00137,172.217.194.0-255,2902,68677,76,249205
2770,0.001373,172.31.40.0-255,66,68743,76,249205
2771,0.001402,172.217.194.0-255,5738,74481,76,249205
2772,0.001405,172.31.40.0-255,66,74547,76,249205
2773,0.00142,172.31.40.0-255,66,74613,76,249205
2774,0.001463,172.217.194.0-255,4320,78933,76,249205
2775,0.001466,172.31.40.0-255,66,78999,76,249205
2776,0.001508,172.31.40.0-255,66,79065,76,249205
2777,0.002221,172.217.194.0-255,1484,80549,76,249205
2778,0.002228,172.217.194.0-255,1484,82033,76,249205
2779,0.002232,172.31.40.0-255,66,82099,76,249205
2780,0.002245,172.217.194.0-255,1484,83583,76,249205
2781,0.002257,172.217.194.0-255,5738,89321,76,249205
2782,0.00226,172.31.40.0-255,66,89387,76,249205
2783,0.002267,172.217.194.0-255,5738,95125,76,249205
2784,0.002269,172.31.40.0-255,66,95191,76,249205
2785,0.00231,172.217.194.0-255,7156,102347,76,249205
2786,0.002313,172.31.40.0-255,66,102413,76,249205
2787,0.002325,172.31.40.0-255,66,102479,76,249205
2788,0.002434,172.217.194.0-255,1484,103963,76,249205
2789,0.002451,172.217.194.0-255,2902,106865,76,249205
2790,0.002453,172.31.40.0-255,66,106931,76,249205
2791,0.002458,172.217.194.0-255,4320,111251,76,249205
2792,0.00246,172.31.40.0-255,66,111317,76,249205
2793,0.002478,172.217.194.0-255,1484,112801,76,249205
2794,0.00248,172.217.194.0-255,1484,114285,76,249205
2795,0.002482,172.31.40.0-255,66,114351,76,249205
2796,0.00252,172.31.40.0-255,66,114417,76,249205
2797,0.002523,172.217.194.0-255,1484,115901,76,249205
2798,0.00254,172.217.194.0-255,7156,123057,76,249205
2799,0.002543,172.31.40.0-255,66,123123,76,249205
2800,0.002559,172.217.194.0-255,2184,125307,76,249205
2801,0.002561,172.31.40.0-255,66,125373,76,249205
2802,0.002596,172.217.194.0-255,1484,126857,76,249205
2803,0.002613,172.217.194.0-255,1484,128341,76,249205
2804,0.002615,172.31.40.0-255,66,128407,76,249205
2805,0.002628,172.217.194.0-255,4320,132727,76,249205
2806,0.002634,172.31.40.0-255,66,132793,76,249205
2807,0.002636,172.217.194.0-255,1484,134277,76,249205
2808,0.002656,172.217.194.0-255,1484,135761,76,249205
2809,0.002658,172.31.40.0-255,66,135827,76,249205
2810,0.002695,172.217.194.0-255,5738,141565,76,249205
2811,0.002697,172.31.40.0-255,66,141631,76,249205
2812,0.002723,172.217.194.0-255,5738,147369,76,249205
2813,0.002725,172.31.40.0-255,66,147435,76,249205
2814,0.002736,172.31.40.0-255,66,147501,76,249205
2815,0.002763,172.217.194.0-255,7156,154657,76,249205
2816,0.002766,172.31.40.0-255,66,154723,76,249205
2817,0.002768,172.217.194.0-255,1484,156207,76,249205
2818,0.002771,172.217.194.0-255,1484,157691,76,249205
2819,0.002772,172.31.40.0-255,66,157757,76,249205
2820,0.002808,172.31.40.0-255,66,157823,76,249205
2821,0.002814,172.217.194.0-255,5738,163561,76,249205
2822,0.002816,172.31.40.0-255,66,163627,76,249205
2823,0.002847,172.31.40.0-255,66,163693,76,249205
2824,0.002849,172.217.194.0-255,766,164459,76,249205
2825,0.002853,172.217.194.0-255,2902,167361,76,249205
2826,0.002855,172.31.40.0-255,66,167427,76,249205
2827,0.002889,172.31.40.0-255,66,167493,76,249205
2828,0.002895,172.217.194.0-255,5738,173231,76,249205
2829,0.002898,172.31.40.0-255,66,173297,76,249205
2830,0.002919,172.31.40.0-255,66,173363,76,249205
2831,0.002924,172.217.194.0-255,5020,178383,76,249205
2832,0.002926,172.31.40.0-255,66,178449,76,249205
2833,0.003046,172.217.194.0-255,1484,179933,76,249205
2834,0.00305,172.217.194.0-255,1484,181417,76,249205
2835,0.003052,172.31.40.0-255,66,181483,76,249205
2836,0.003079,172.217.194.0-255,1484,182967,76,249205
2837,0.003086,172.217.194.0-255,5738,188705,76,249205
2838,0.003088,172.31.40.0-255,66,188771,76,249205
2839,0.003096,172.217.194.0-255,7156,195927,76,249205
2840,0.003098,172.31.40.0-255,66,195993,76,249205
2841,0.003128,172.217.194.0-255,5738,201731,76,249205
2842,0.00313,172.31.40.0-255,66,201797,76,249205
2843,0.003133,172.217.194.0-255,1484,203281,76,249205
2844,0.00347,172.217.194.0-255,1484,204765,76,249205
2845,0.003474,172.217.194.0-255,1484,206249,76,249205
2846,0.003494,172.217.194.0-255,1484,207733,76,249205
2847,0.0035,172.217.194.0-255,5738,213471,76,249205
2848,0.003527,172.217.194.0-255,5738,219209,76,249205
2849,0.003542,172.217.194.0-255,1484,220693,76,249205
2850,0.003569,172.217.194.0-255,5738,226431,76,249205
2851,0.003573,172.217.194.0-255,2184,228615,76,249205
2852,0.003741,172.217.194.0-255,1484,230099,76,249205
2853,0.003765,172.217.194.0-255,2902,233001,76,249205
2854,0.003771,172.217.194.0-255,5738,238739,76,249205
2855,0.003793,172.217.194.0-255,1484,240223,76,249205
2856,0.003831,172.217.194.0-255,5738,245961,76,249205
2857,0.003876,172.217.194.0-255,2902,248863,76,249205
2858,0.003902,172.217.194.0-255,105,248968,76,249205
2859,0.006011,172.31.40.0-255,66,249034,76,249205
2860,0.008547,172.31.40.0-255,105,249139,76,249205
2861,0.011103,172.217.194.0-255,66,249205,76,249205
2862,0.0,172.217.194.0-255,147,147,76,151120
2863,1.5e-05,172.31.40.0-255,66,213,76,151120
2864,2.1e-05,172.217.194.0-255,1484,1697,76,151120
2865,2.5e-05,172.31.40.0-255,66,1763,76,151120
2866,3e-05,172.217.194.0-255,2902,4665,76,151120
2867,3.9e-05,172.31.40.0-255,66,4731,76,151120
2868,4.1e-05,172.217.194.0-255,1484,6215,76,151120
2869,4.4e-05,172.31.40.0-255,66,6281,76,151120
2870,7.6e-05,172.217.194.0-255,4320,10601,76,151120
2871,7.9e-05,172.31.40.0-255,66,10667,76,151120
2872,0.000135,172.217.194.0-255,3475,14142,76,151120
2873,0.000138,172.31.40.0-255,66,14208,76,151120
2874,0.000188,172.217.194.0-255,4320,18528,76,151120
2875,0.00019,172.31.40.0-255,66,18594,76,151120
2876,0.000251,172.217.194.0-255,2902,21496,76,151120
2877,0.000254,172.31.40.0-255,66,21562,76,151120
2878,0.00028,172.217.194.0-255,7156,28718,76,151120
2879,0.000282,172.31.40.0-255,66,28784,76,151120
2880,0.0004,172.217.194.0-255,2543,31327,76,151120
2881,0.00041,172.31.40.0-255,66,31393,76,151120
2882,0.000447,172.31.40.0-255,66,31459,76,151120
2883,0.000468,172.217.194.0-255,6797,38256,76,151120
2884,0.00047,172.31.40.0-255,66,38322,76,151120
2885,0.000688,172.217.194.0-255,4320,42642,76,151120
2886,0.000692,172.31.40.0-255,66,42708,76,151120
2887,0.000727,172.31.40.0-255,66,42774,76,151120
2888,0.000927,172.217.194.0-255,367,43141,76,151120
2889,0.00093,172.31.40.0-255,66,43207,76,151120
2890,0.000957,172.217.194.0-255,4320,47527,76,151120
2891,0.000961,172.31.40.0-255,66,47593,76,151120
2892,0.000999,172.31.40.0-255,66,47659,76,151120
2893,0.001025,172.217.194.0-255,3961,51620,76,151120
2894,0.001027,172.31.40.0-255,66,51686,76,151120
2895,0.001235,172.217.194.0-255,1484,53170,76,151120
2896,0.00127,172.31.40.0-255,66,53236,76,151120
2897,0.001802,172.217.194.0-255,1484,54720,76,151120
2898,0.001822,172.217.194.0-255,2902,57622,76,151120
2899,0.001845,172.217.194.0-255,1484,59106,76,151120
2900,0.001858,172.217.194.0-255,2902,62008,76,151120
2901,0.001868,172.217.194.0-255,1484,63492,76,151120
2902,0.00192,172.217.194.0-255,1484,64976,76,151120
2903,0.001936,172.217.194.0-255,1484,66460,76,151120
2904,0.001951,172.217.194.0-255,5738,72198,76,151120
2905,0.001962,172.217.194.0-255,2902,75100,76,151120
2906,0.00209,172.217.194.0-255,2902,78002,76,151120
2907,0.002265,172.217.194.0-255,2902,80904,76,151120
2908,0.00228,172.217.194.0-255,2902,83806,76,151120
2909,0.002299,172.217.194.0-255,7156,90962,76,151120
2910,0.002482,172.217.194.0-255,4320,95282,76,151120
2911,0.002493,172.217.194.0-255,4320,99602,76,151120
2912,0.002856,172.217.194.0-255,4320,103922,76,151120
2913,0.002943,172.217.194.0-255,5738,109660,76,151120
2914,0.002962,172.217.194.0-255,3602,113262,76,151120
2915,0.003671,172.217.194.0-255,2902,116164,76,151120
2916,0.004164,172.31.40.0-255,66,116230,76,151120
2917,0.00664,172.217.194.0-255,5738,121968,76,151120
2918,0.006646,172.31.40.0-255,66,122034,76,151120
2919,0.009111,172.217.194.0-255,2902,124936,76,151120
2920,0.009127,172.217.194.0-255,2902,127838,76,151120
2921,0.009648,172.31.40.0-255,66,127904,76,151120
2922,0.012081,172.217.194.0-255,5738,133642,76,151120
2923,0.012088,172.31.40.0-255,66,133708,76,151120
2924,0.014535,172.217.194.0-255,5738,139446,76,151120
2925,0.014625,172.31.40.0-255,66,139512,76,151120
2926,0.017083,172.217.194.0-255,5738,145250,76,151120
2927,0.017093,172.31.40.0-255,66,145316,76,151120
2928,0.019552,172.217.194.0-255,5738,151054,76,151120
2929,0.019561,172.31.40.0-255,66,151120,76,151120
2930,0.0,74.125.68.0-255,145,145,76,371565
2931,1.8e-05,172.31.40.0-255,66,211,76,371565
2932,4.5e-05,74.125.68.0-255,1484,1695,76,371565
2933,5e-05,172.31.40.0-255,66,1761,76,371565
2934,6.5e-05,74.125.68.0-255,2902,4663,76,371565
2935,6.8e-05,172.31.40.0-255,66,4729,76,371565
2936,8.9e-05,74.125.68.0-255,2902,7631,76,371565
2937,9.2e-05,172.31.40.0-255,66,7697,76,371565
2938,0.000118,74.125.68.0-255,2902,10599,76,371565
2939,0.000121,172.31.40.0-255,66,10665,76,371565
2940,0.000126,74.125.68.0-255,2902,13567,76,371565
2941,0.000128,172.31.40.0-255,66,13633,76,371565
2942,0.000133,74.125.68.0-255,3481,17114,76,371565
2943,0.000135,172.31.40.0-255,66,17180,76,371565
2944,0.000141,74.125.68.0-255,4320,21500,76,371565
2945,0.000144,172.31.40.0-255,66,21566,76,371565
2946,0.000182,74.125.68.0-255,5738,27304,76,371565
2947,0.000187,172.31.40.0-255,66,27370,76,371565
2948,0.000191,74.125.68.0-255,2902,30272,76,371565
2949,0.000193,172.31.40.0-255,66,30338,76,371565
2950,0.000207,74.125.68.0-255,1125,31463,76,371565
2951,0.000209,172.31.40.0-255,66,31529,76,371565
2952,0.000289,74.125.68.0-255,1484,33013,76,371565
2953,0.000294,172.31.40.0-255,66,33079,76,371565
2954,0.000315,74.125.68.0-255,1484,34563,76,371565
2955,0.000318,172.31.40.0-255,66,34629,76,371565
2956,0.000322,74.125.68.0-255,1484,36113,76,371565
2957,0.000324,172.31.40.0-255,66,36179,76,371565
2958,0.000342,74.125.68.0-255,1484,37663,76,371565
2959,0.000345,172.31.40.0-255,66,37729,76,371565
2960,0.000353,74.125.68.0-255,5738,43467,76,371565
2961,0.000355,172.31.40.0-255,66,43533,76,371565
2962,0.000383,74.125.68.0-255,4320,47853,76,371565
2963,0.00039,74.125.68.0-255,5738,53591,76,371565
2964,0.000397,74.125.68.0-255,5738,59329,76,371565
2965,0.000441,74.125.68.0-255,1484,60813,76,371565
2966,0.000456,74.125.68.0-255,5020,65833,76,371565
2967,0.000479,74.125.68.0-255,400,66233,76,371565
2968,0.000509,74.125.68.0-255,109,66342,76,371565
2969,0.000574,172.31.40.0-255,66,66408,76,371565
2970,0.000646,74.125.68.0-255,1484,67892,76,371565
2971,0.000653,74.125.68.0-255,2902,70794,76,371565
2972,0.00067,172.31.40.0-255,66,70860,76,371565
2973,0.000674,74.125.68.0-255,1484,72344,76,371565
2974,0.000697,74.125.68.0-255,4320,76664,76,371565
2975,0.000703,74.125.68.0-255,2902,79566,76,371565
2976,0.000734,74.125.68.0-255,2902,82468,76,371565
2977,0.000744,74.125.68.0-255,1484,83952,76,371565
2978,0.000753,172.31.40.0-255,66,84018,76,371565
2979,0.000767,74.125.68.0-255,1484,85502,76,371565
2980,0.000773,74.125.68.0-255,2902,88404,76,371565
2981,0.000799,74.125.68.0-255,4320,92724,76,371565
2982,0.000823,74.125.68.0-255,1484,94208,76,371565
2983,0.000831,74.125.68.0-255,6438,100646,76,371565
2984,0.000846,74.125.68.0-255,2902,103548,76,371565
2985,0.000852,172.31.40.0-255,66,103614,76,371565
2986,0.000871,74.125.68.0-255,1484,105098,76,371565
2987,0.000886,74.125.68.0-255,2902,108000,76,371565
2988,0.000898,74.125.68.0-255,1484,109484,76,371565
2989,0.000923,74.125.68.0-255,1484,110968,76,371565
2990,0.000937,74.125.68.0-255,1484,112452,76,371565
2991,0.000942,172.31.40.0-255,66,112518,76,371565
2992,0.00096,74.125.68.0-255,1484,114002,76,371565
2993,0.000982,74.125.68.0-255,3646,117648,76,371565
2994,0.001009,172.31.40.0-255,66,117714,76,371565
2995,0.00129,74.125.68.0-255,1484,119198,76,371565
2996,0.001308,74.125.68.0-255,2902,122100,76,371565
2997,0.001332,74.125.68.0-255,4320,126420,76,371565
2998,0.001345,172.31.40.0-255,66,126486,76,371565
2999,0.001361,74.125.68.0-255,4320,130806,76,371565
3000,0.001383,74.125.68.0-255,2902,133708,76,371565
3001,0.001388,74.125.68.0-255,5738,139446,76,371565
3002,0.001401,74.125.68.0-255,2902,142348,76,371565
3003,0.00142,74.125.68.0-255,1484,143832,76,371565
3004,0.001423,172.31.40.0-255,66,143898,76,371565
3005,0.001445,74.125.68.0-255,2902,146800,76,371565
3006,0.001471,172.31.40.0-255,66,146866,76,371565
3007,0.001519,74.125.68.0-255,1484,148350,76,371565
3008,0.001525,74.125.68.0-255,2902,151252,76,371565
3009,0.001527,74.125.68.0-255,766,152018,76,371565
3010,0.001537,172.31.40.0-255,66,152084,76,371565
3011,0.001707,74.125.68.0-255,1484,153568,76,371565
3012,0.001713,74.125.68.0-255,2902,156470,76,371565
3013,0.001734,74.125.68.0-255,4320,160790,76,371565
3014,0.001744,172.31.40.0-255,66,160856,76,371565
3015,0.001758,74.125.68.0-255,4320,165176,76,371565
3016,0.001777,172.31.40.0-255,66,165242,76,371565
3017,0.001782,74.125.68.0-255,2902,168144,76,371565
3018,0.001786,74.125.68.0-255,2902,171046,76,371565
3019,0.001797,74.125.68.0-255,4320,175366,76,371565
3020,0.001802,172.31.40.0-255,66,175432,76,371565
3021,0.001812,74.125.68.0-255,1484,176916,76,371565
3022,0.001816,74.125.68.0-255,4320,181236,76,371565
3023,0.00183,74.125.68.0-255,5020,186256,76,371565
3024,0.001847,172.31.40.0-255,66,186322,76,371565
3025,0.001984,74.125.68.0-255,1484,187806,76,371565
3026,0.002015,74.125.68.0-255,2902,190708,76,371565
3027,0.002026,172.31.40.0-255,66,190774,76,371565
3028,0.002046,74.125.68.0-255,4320,195094,76,371565
3029,0.00205,172.31.40.0-255,66,195160,76,371565
3030,0.002115,172.31.40.0-255,66,195226,76,371565
3031,0.002133,74.125.68.0-255,2902,198128,76,371565
3032,0.002136,172.31.40.0-255,66,198194,76,371565
3033,0.002147,74.125.68.0-255,766,198960,76,371565
3034,0.002161,172.31.40.0-255,66,199026,76,371565
3035,0.002201,74.125.68.0-255,1484,200510,76,371565
3036,0.002217,74.125.68.0-255,1484,201994,76,371565
3037,0.002233,74.125.68.0-255,1484,203478,76,371565
3038,0.002236,172.31.40.0-255,66,203544,76,371565
3039,0.002265,74.125.68.0-255,2902,206446,76,371565
3040,0.002276,74.125.68.0-255,1484,207930,76,371565
3041,0.00229,172.31.40.0-255,66,207996,76,371565
3042,0.002296,74.125.68.0-255,4320,212316,76,371565
3043,0.002301,172.31.40.0-255,66,212382,76,371565
3044,0.002318,74.125.68.0-255,1484,213866,76,371565
3045,0.002334,74.125.68.0-255,1484,215350,76,371565
3046,0.002353,74.125.68.0-255,4320,219670,76,371565
3047,0.00236,172.31.40.0-255,66,219736,76,371565
3048,0.002367,74.125.68.0-255,1484,221220,76,371565
3049,0.002381,74.125.68.0-255,4320,225540,76,371565
3050,0.002391,74.125.68.0-255,5738,231278,76,371565
3051,0.002406,74.125.68.0-255,2184,233462,76,371565
3052,0.002417,74.125.68.0-255,1484,234946,76,371565
3053,0.00242,172.31.40.0-255,66,235012,76,371565
3054,0.002433,74.125.68.0-255,2902,237914,76,371565
3055,0.002436,74.125.68.0-255,1484,239398,76,371565
3056,0.002454,74.125.68.0-255,1484,240882,76,371565
3057,0.002458,74.125.68.0-255,1484,242366,76,371565
3058,0.002466,172.31.40.0-255,66,242432,76,371565
3059,0.00247,74.125.68.0-255,2902,245334,76,371565
3060,0.002475,172.31.40.0-255,66,245400,76,371565
3061,0.002489,74.125.68.0-255,2902,248302,76,371565
3062,0.002494,74.125.68.0-255,4320,252622,76,371565
3063,0.002503,172.31.40.0-255,66,252688,76,371565
3064,0.002511,74.125.68.0-255,1484,254172,76,371565
3065,0.002539,74.125.68.0-255,2902,257074,76,371565
3066,0.00255,172.31.40.0-255,66,257140,76,371565
3067,0.002566,74.125.68.0-255,766,257906,76,371565
3068,0.00257,172.31.40.0-255,66,257972,76,371565
3069,0.002618,74.125.68.0-255,1484,259456,76,371565
3070,0.002623,74.125.68.0-255,2902,262358,76,371565
3071,0.002636,74.125.68.0-255,2902,265260,76,371565
3072,0.002639,172.31.40.0-255,66,265326,76,371565
3073,0.002649,172.31.40.0-255,66,265392,76,371565
3074,0.002669,74.125.68.0-255,4320,269712,76,371565
3075,0.002687,172.31.40.0-255,66,269778,76,371565
3076,0.002698,74.125.68.0-255,5738,275516,76,371565
3077,0.002727,74.125.68.0-255,7156,282672,76,371565
3078,0.002732,172.31.40.0-255,66,282738,76,371565
3079,0.002744,74.125.68.0-255,4320,287058,76,371565
3080,0.00276,172.31.40.0-255,66,287124,76,371565
3081,0.00278,74.125.68.0-255,5020,292144,76,371565
3082,0.002786,172.31.40.0-255,66,292210,76,371565
3083,0.002876,74.125.68.0-255,1484,293694,76,371565
3084,0.002898,74.125.68.0-255,2902,296596,76,371565
3085,0.002903,74.125.68.0-255,2902,299498,76,371565
3086,0.002907,172.31.40.0-255,66,299564,76,371565
3087,0.002916,74.125.68.0-255,2902,302466,76,371565
3088,0.002935,74.125.68.0-255,4320,306786,76,371565
3089,0.00295,74.125.68.0-255,4320,311106,76,371565
3090,0.002954,172.31.40.0-255,66,311172,76,371565
3091,0.002958,172.31.40.0-255,66,311238,76,371565
3092,0.002984,74.125.68.0-255,2902,314140,76,371565
3093,0.002989,172.31.40.0-255,66,314206,76,371565
3094,0.003011,74.125.68.0-255,1484,315690,76,371565
3095,0.003014,74.125.68.0-255,766,316456,76,371565
3096,0.003016,74.125.68.0-255,1484,317940,76,371565
3097,0.00302,74.125.68.0-255,4320,322260,76,371565
3098,0.003023,74.125.68.0-255,1484,323744,76,371565
3099,0.003034,172.31.40.0-255,66,323810,76,371565
3100,0.003039,74.125.68.0-255,4320,328130,76,371565
3101,0.003044,172.31.40.0-255,66,328196,76,371565
3102,0.003053,74.125.68.0-255,1484,329680,76,371565
3103,0.003086,74.125.68.0-255,4320,334000,76,371565
3104,0.003096,74.125.68.0-255,2902,336902,76,371565
3105,0.003106,172.31.40.0-255,66,336968,76,371565
3106,0.003117,74.125.68.0-255,4320,341288,76,371565
3107,0.003119,74.125.68.0-255,766,342054,76,371565
3108,0.003166,74.125.68.0-255,1484,343538,76,371565
3109,0.003171,74.125.68.0-255,2902,346440,76,371565
3110,0.003173,74.125.68.0-255,1484,347924,76,371565
3111,0.003193,74.125.68.0-255,1484,349408,76,371565
3112,0.003203,74.125.68.0-255,1484,350892,76,371565
3113,0.003208,74.125.68.0-255,5738,356630,76,371565
3114,0.003213,172.31.40.0-255,66,356696,76,371565
3115,0.003224,172.31.40.0-255,66,356762,76,371565
3116,0.003227,74.125.68.0-255,1484,358246,76,371565
3117,0.003242,74.125.68.0-255,4320,362566,76,371565
3118,0.003253,172.31.40.0-255,66,362632,76,371565
3119,0.003264,74.125.68.0-255,5738,368370,76,371565
3120,0.003273,172.31.40.0-255,66,368436,76,371565
3121,0.003285,74.125.68.0-255,2721,371157,76,371565
3122,0.003301,172.31.40.0-255,66,371223,76,371565
3123,0.003313,74.125.68.0-255,105,371328,76,371565
3124,0.005145,172.31.40.0-255,66,371394,76,371565
3125,0.005178,172.31.40.0-255,105,371499,76,371565
3126,0.007258,74.125.68.0-255,66,371565,76,371565
3127,0.0,172.217.194.0-255,146,146,76,232698
3128,2.2e-05,172.31.40.0-255,66,212,76,232698
3129,2.8e-05,172.217.194.0-255,1484,1696,76,232698
3130,3.3e-05,172.31.40.0-255,66,1762,76,232698
3131,3.9e-05,172.217.194.0-255,2902,4664,76,232698
3132,5.2e-05,172.31.40.0-255,66,4730,76,232698
3133,6.1e-05,172.217.194.0-255,7156,11886,76,232698
3134,6.4e-05,172.31.40.0-255,66,11952,76,232698
3135,6.9e-05,172.217.194.0-255,2119,14071,76,232698
3136,7.2e-05,172.31.40.0-255,66,14137,76,232698
3137,0.000102,172.217.194.0-255,1484,15621,76,232698
3138,0.000104,172.31.40.0-255,66,15687,76,232698
3139,0.000113,172.217.194.0-255,2902,18589,76,232698
3140,0.000116,172.31.40.0-255,66,18655,76,232698
3141,0.000121,172.217.194.0-255,4320,22975,76,232698
3142,0.000124,172.31.40.0-255,66,23041,76,232698
3143,0.000156,172.217.194.0-255,1484,24525,76,232698
3144,0.000158,172.31.40.0-255,66,24591,76,232698
3145,0.000165,172.217.194.0-255,5738,30329,76,232698
3146,0.000168,172.31.40.0-255,66,30395,76,232698
3147,0.000171,172.217.194.0-255,1125,31520,76,232698
3148,0.000173,172.31.40.0-255,66,31586,76,232698
3149,0.000232,172.217.194.0-255,1484,33070,76,232698
3150,0.000235,172.31.40.0-255,66,33136,76,232698
3151,0.000262,172.217.194.0-255,2902,36038,76,232698
3152,0.000266,172.31.40.0-255,66,36104,76,232698
3153,0.000289,172.217.194.0-255,1484,37588,76,232698
3154,0.000291,172.31.40.0-255,66,37654,76,232698
3155,0.000294,172.217.194.0-255,1484,39138,76,232698
3156,0.000296,172.31.40.0-255,66,39204,76,232698
3157,0.000303,172.217.194.0-255,7156,46360,76,232698
3158,0.000305,172.31.40.0-255,66,46426,76,232698
3159,0.000342,172.217.194.0-255,2543,48969,76,232698
3160,0.000345,172.31.40.0-255,66,49035,76,232698
3161,0.00035,172.217.194.0-255,2902,51937,76,232698
3162,0.000352,172.31.40.0-255,66,52003,76,232698
3163,0.000359,172.217.194.0-255,7156,59159,76,232698
3164,0.000362,172.31.40.0-255,66,59225,76,232698
3165,0.000366,172.217.194.0-255,2902,62127,76,232698
3166,0.000368,172.31.40.0-255,66,62193,76,232698
3167,0.000401,172.217.194.0-255,4253,66446,76,232698
3168,0.000404,172.31.40.0-255,66,66512,76,232698
3169,0.000415,172.217.194.0-255,385,66897,76,232698
3170,0.000571,172.217.194.0-255,1484,68381,76,232698
3171,0.000576,172.31.40.0-255,66,68447,76,232698
3172,0.000581,172.217.194.0-255,2902,71349,76,232698
3173,0.000583,172.31.40.0-255,66,71415,76,232698
3174,0.000586,172.217.194.0-255,1484,72899,76,232698
3175,0.000606,172.217.194.0-255,4320,77219,76,232698
3176,0.000612,172.31.40.0-255,66,77285,76,232698
3177,0.000617,172.217.194.0-255,2902,80187,76,232698
3178,0.000619,172.31.40.0-255,66,80253,76,232698
3179,0.000656,172.217.194.0-255,2902,83155,76,232698
3180,0.000665,172.31.40.0-255,66,83221,76,232698
3181,0.000668,172.31.40.0-255,66,83287,76,232698
3182,0.000679,172.31.40.0-255,66,83353,76,232698
3183,0.000714,172.217.194.0-255,1484,84837,76,232698
3184,0.000719,172.217.194.0-255,2902,87739,76,232698
3185,0.000722,172.31.40.0-255,66,87805,76,232698
3186,0.000746,172.217.194.0-255,5738,93543,76,232698
3187,0.00075,172.31.40.0-255,66,93609,76,232698
3188,0.000767,172.217.194.0-255,4320,97929,76,232698
3189,0.000769,172.31.40.0-255,66,97995,76,232698
3190,0.00079,172.31.40.0-255,66,98061,76,232698
3191,0.000792,172.217.194.0-255,1484,99545,76,232698
3192,0.000823,172.31.40.0-255,66,99611,76,232698
3193,0.000855,172.31.40.0-255,66,99677,76,232698
3194,0.000858,172.217.194.0-255,1484,101161,76,232698
3195,0.000887,172.31.40.0-255,66,101227,76,232698
3196,0.000945,172.31.40.0-255,66,101293,76,232698
3197,0.000957,172.31.40.0-255,66,101359,76,232698
3198,0.000974,172.31.40.0-255,66,101425,76,232698
3199,0.001037,172.217.194.0-255,5020,106445,76,232698
3200,0.001039,172.31.40.0-255,66,106511,76,232698
3201,0.001045,172.217.194.0-255,5738,112249,76,232698
3202,0.001046,172.31.40.0-255,66,112315,76,232698
3203,0.001058,172.31.40.0-255,66,112381,76,232698
3204,0.001064,172.217.194.0-255,7156,119537,76,232698
3205,0.001067,172.31.40.0-255,66,119603,76,232698
3206,0.001094,172.217.194.0-255,5738,125341,76,232698
3207,0.001097,172.31.40.0-255,66,125407,76,232698
3208,0.001101,172.217.194.0-255,2184,127591,76,232698
3209,0.001102,172.31.40.0-255,66,127657,76,232698
3210,0.001143,172.217.194.0-255,2902,130559,76,232698
3211,0.001146,172.31.40.0-255,66,130625,76,232698
3212,0.001151,172.217.194.0-255,4320,134945,76,232698
3213,0.001153,172.31.40.0-255,66,135011,76,232698
3214,0.001194,172.31.40.0-255,66,135077,76,232698
3215,0.001227,172.31.40.0-255,66,135143,76,232698
3216,0.00125,172.31.40.0-255,66,135209,76,232698
3217,0.001274,172.217.194.0-255,1484,136693,76,232698
3218,0.001279,172.217.194.0-255,2902,139595,76,232698
3219,0.001281,172.31.40.0-255,66,139661,76,232698
3220,0.001284,172.217.194.0-255,1484,141145,76,232698
3221,0.001312,172.217.194.0-255,4320,145465,76,232698
3222,0.001315,172.31.40.0-255,66,145531,76,232698
3223,0.001321,172.217.194.0-255,7156,152687,76,232698
3224,0.001323,172.31.40.0-255,66,152753,76,232698
3225,0.001341,172.217.194.0-255,1484,154237,76,232698
3226,0.001377,172.31.40.0-255,66,154303,76,232698
3227,0.00138,172.217.194.0-255,2184,156487,76,232698
3228,0.001382,172.31.40.0-255,66,156553,76,232698
3229,0.001442,172.217.194.0-255,1484,158037,76,232698
3230,0.001454,172.217.194.0-255,2902,160939,76,232698
3231,0.001457,172.31.40.0-255,66,161005,76,232698
3232,0.001487,172.217.194.0-255,5738,166743,76,232698
3233,0.00149,172.31.40.0-255,66,166809,76,232698
3234,0.001496,172.217.194.0-255,5738,172547,76,232698
3235,0.001498,172.31.40.0-255,66,172613,76,232698
3236,0.001537,172.217.194.0-255,7156,179769,76,232698
3237,0.00154,172.31.40.0-255,66,179835,76,232698
3238,0.00155,172.31.40.0-255,66,179901,76,232698
3239,0.001571,172.217.194.0-255,2184,182085,76,232698
3240,0.001573,172.31.40.0-255,66,182151,76,232698
3241,0.00176,172.217.194.0-255,1484,183635,76,232698
3242,0.001764,172.217.194.0-255,1484,185119,76,232698
3243,0.001768,172.31.40.0-255,66,185185,76,232698
3244,0.001792,172.217.194.0-255,1484,186669,76,232698
3245,0.001798,172.217.194.0-255,5738,192407,76,232698
3246,0.001801,172.31.40.0-255,66,192473,76,232698
3247,0.001829,172.217.194.0-255,1484,193957,76,232698
3248,0.001844,172.217.194.0-255,4320,198277,76,232698
3249,0.001846,172.31.40.0-255,66,198343,76,232698
3250,0.001862,172.217.194.0-255,2902,201245,76,232698
3251,0.001864,172.31.40.0-255,66,201311,76,232698
3252,0.001891,172.217.194.0-255,4320,205631,76,232698
3253,0.001893,172.31.40.0-255,66,205697,76,232698
3254,0.001899,172.217.194.0-255,7156,212853,76,232698
3255,0.001901,172.31.40.0-255,66,212919,76,232698
3256,0.001903,172.217.194.0-255,1484,214403,76,232698
3257,0.001917,172.217.194.0-255,2184,216587,76,232698
3258,0.001919,172.31.40.0-255,66,216653,76,232698
3259,0.001927,172.217.194.0-255,4320,220973,76,232698
3260,0.001929,172.31.40.0-255,66,221039,76,232698
3261,0.001934,172.217.194.0-255,4320,225359,76,232698
3262,0.001936,172.31.40.0-255,66,225425,76,232698
3263,0.002001,172.31.40.0-255,66,225491,76,232698
3264,0.002026,172.217.194.0-255,4320,229811,76,232698
3265,0.002028,172.31.40.0-255,66,229877,76,232698
3266,0.002061,172.31.40.0-255,66,229943,76,232698
3267,0.002087,172.217.194.0-255,2184,232127,76,232698
3268,0.002089,172.31.40.0-255,66,232193,76,232698
3269,0.0021,172.31.40.0-255,66,232259,76,232698
3270,0.002103,172.217.194.0-255,97,232356,76,232698
3271,0.002111,172.217.194.0-255,105,232461,76,232698
3272,0.007347,172.31.40.0-255,66,232527,76,232698
3273,0.00738,172.31.40.0-255,105,232632,76,232698
3274,0.009785,172.217.194.0-255,66,232698,76,232698
3275,0.0,172.217.194.0-255,146,146,76,172815
3276,1.6e-05,172.31.40.0-255,66,212,76,172815
3277,2.4e-05,172.217.194.0-255,1484,1696,76,172815
3278,2.8e-05,172.31.40.0-255,66,1762,76,172815
3279,4.3e-05,172.217.194.0-255,2902,4664,76,172815
3280,4.7e-05,172.31.40.0-255,66,4730,76,172815
3281,5.3e-05,172.217.194.0-255,4320,9050,76,172815
3282,5.6e-05,172.31.40.0-255,66,9116,76,172815
3283,9e-05,172.217.194.0-255,4999,14115,76,172815
3284,9.3e-05,172.31.40.0-255,66,14181,76,172815
3285,0.000424,172.217.194.0-255,1484,15665,76,172815
3286,0.000429,172.31.40.0-255,66,15731,76,172815
3287,0.000436,172.217.194.0-255,2902,18633,76,172815
3288,0.000438,172.31.40.0-255,66,18699,76,172815
3289,0.000459,172.217.194.0-255,5738,24437,76,172815
3290,0.000463,172.31.40.0-255,66,24503,76,172815
3291,0.000491,172.217.194.0-255,4320,28823,76,172815
3292,0.000494,172.31.40.0-255,66,28889,76,172815
3293,0.000523,172.217.194.0-255,2543,31432,76,172815
3294,0.000525,172.31.40.0-255,66,31498,76,172815
3295,0.000531,172.217.194.0-255,4320,35818,76,172815
3296,0.000533,172.31.40.0-255,66,35884,76,172815
3297,0.000555,172.217.194.0-255,2902,38786,76,172815
3298,0.000557,172.31.40.0-255,66,38852,76,172815
3299,0.000572,172.31.40.0-255,66,38918,76,172815
3300,0.000615,172.31.40.0-255,66,38984,76,172815
3301,0.000784,172.217.194.0-255,119,39103,76,172815
3302,0.000788,172.31.40.0-255,66,39169,76,172815
3303,0.000868,172.217.194.0-255,1484,40653,76,172815
3304,0.000872,172.31.40.0-255,66,40719,76,172815
3305,0.000903,172.217.194.0-255,2902,43621,76,172815
3306,0.000906,172.31.40.0-255,66,43687,76,172815
3307,0.000912,172.217.194.0-255,4320,48007,76,172815
3308,0.000914,172.31.40.0-255,66,48073,76,172815
3309,0.000936,172.217.194.0-255,4320,52393,76,172815
3310,0.000939,172.31.40.0-255,66,52459,76,172815
3311,0.000981,172.31.40.0-255,66,52525,76,172815
3312,0.000993,172.31.40.0-255,66,52591,76,172815
3313,0.000997,172.217.194.0-255,2543,55134,76,172815
3314,0.001,172.31.40.0-255,66,55200,76,172815
3315,0.001312,172.217.194.0-255,1484,56684,76,172815
3316,0.001317,172.217.194.0-255,1484,58168,76,172815
3317,0.001321,172.31.40.0-255,66,58234,76,172815
3318,0.001352,172.217.194.0-255,1484,59718,76,172815
3319,0.001358,172.217.194.0-255,5738,65456,76,172815
3320,0.001361,172.31.40.0-255,66,65522,76,172815
3321,0.001378,172.31.40.0-255,66,65588,76,172815
3322,0.001389,172.31.40.0-255,66,65654,76,172815
3323,0.001456,172.31.40.0-255,66,65720,76,172815
3324,0.001474,172.31.40.0-255,66,65786,76,172815
3325,0.001485,172.31.40.0-255,66,65852,76,172815
3326,0.001543,172.217.194.0-255,1484,67336,76,172815
3327,0.001556,172.217.194.0-255,2902,70238,76,172815
3328,0.001559,172.31.40.0-255,66,70304,76,172815
3329,0.001564,172.217.194.0-255,2902,73206,76,172815
3330,0.001567,172.31.40.0-255,66,73272,76,172815
3331,0.0016,172.217.194.0-255,2902,76174,76,172815
3332,0.001603,172.31.40.0-255,66,76240,76,172815
3333,0.001622,172.31.40.0-255,66,76306,76,172815
3334,0.001635,172.31.40.0-255,66,76372,76,172815
3335,0.001725,172.31.40.0-255,101,76473,76,172815
3336,0.001752,172.217.194.0-255,1484,77957,76,172815
3337,0.001767,172.217.194.0-255,2902,80859,76,172815
3338,0.001772,172.31.40.0-255,66,80925,76,172815
3339,0.001777,172.217.194.0-255,2902,83827,76,172815
3340,0.001779,172.31.40.0-255,66,83893,76,172815
3341,0.001814,172.217.194.0-255,2902,86795,76,172815
3342,0.001817,172.31.40.0-255,66,86861,76,172815
3343,0.001835,172.31.40.0-255,66,86927,76,172815
3344,0.001841,172.217.194.0-255,5738,92665,76,172815
3345,0.001844,172.31.40.0-255,66,92731,76,172815
3346,0.001895,172.31.40.0-255,66,92797,76,172815
3347,0.001921,172.31.40.0-255,66,92863,76,172815
3348,0.001928,172.217.194.0-255,6438,99301,76,172815
3349,0.00193,172.31.40.0-255,66,99367,76,172815
3350,0.001933,172.217.194.0-255,1484,100851,76,172815
3351,0.001971,172.217.194.0-255,5738,106589,76,172815
3352,0.001976,172.31.40.0-255,66,106655,76,172815
3353,0.002014,172.31.40.0-255,66,106721,76,172815
3354,0.002021,172.217.194.0-255,6438,113159,76,172815
3355,0.002023,172.31.40.0-255,66,113225,76,172815
3356,0.002099,172.31.40.0-255,66,113291,76,172815
3357,0.00213,172.217.194.0-255,5738,119029,76,172815
3358,0.002133,172.31.40.0-255,66,119095,76,172815
3359,0.00214,172.217.194.0-255,7156,126251,76,172815
3360,0.002143,172.31.40.0-255,66,126317,76,172815
3361,0.003711,172.217.194.0-255,66,126383,76,172815
3362,0.004165,172.217.194.0-255,5738,132121,76,172815
3363,0.004172,172.31.40.0-255,66,132187,76,172815
3364,0.00618,172.217.194.0-255,5738,137925,76,172815
3365,0.006186,172.31.40.0-255,66,137991,76,172815
3366,0.008195,172.217.194.0-255,5738,143729,76,172815
3367,0.008202,172.31.40.0-255,66,143795,76,172815
3368,0.010203,172.217.194.0-255,5738,149533,76,172815
3369,0.010208,172.31.40.0-255,66,149599,76,172815
3370,0.012238,172.217.194.0-255,5738,155337,76,172815
3371,0.012245,172.31.40.0-255,66,155403,76,172815
3372,0.014242,172.217.194.0-255,5738,161141,76,172815
3373,0.014249,172.31.40.0-255,66,161207,76,172815
3374,0.016259,172.217.194.0-255,5738,166945,76,172815
3375,0.016265,172.31.40.0-255,66,167011,76,172815
3376,0.018278,172.217.194.0-255,5738,172749,76,172815
3377,0.018285,172.31.40.0-255,66,172815,76,172815
3378,0.0,74.125.24.0-255,153,153,76,192036
3379,3.4e-05,172.31.40.0-255,66,219,76,192036
3380,4.2e-05,74.125.24.0-255,1484,1703,76,192036
3381,4.7e-05,172.31.40.0-255,66,1769,76,192036
3382,5.3e-05,74.125.24.0-255,2902,4671,76,192036
3383,5.6e-05,172.31.40.0-255,66,4737,76,192036
3384,8.3e-05,74.125.24.0-255,5738,10475,76,192036
3385,8.6e-05,172.31.40.0-255,66,10541,76,192036
3386,0.000108,74.125.24.0-255,3496,14037,76,192036
3387,0.00011,172.31.40.0-255,66,14103,76,192036
3388,0.000134,74.125.24.0-255,5738,19841,76,192036
3389,0.000137,172.31.40.0-255,66,19907,76,192036
3390,0.000156,74.125.24.0-255,5738,25645,76,192036
3391,0.000159,172.31.40.0-255,66,25711,76,192036
3392,0.000176,74.125.24.0-255,5379,31090,76,192036
3393,0.000178,172.31.40.0-255,66,31156,76,192036
3394,0.000372,74.125.24.0-255,1484,32640,76,192036
3395,0.000378,172.31.40.0-255,66,32706,76,192036
3396,0.00039,74.125.24.0-255,1484,34190,76,192036
3397,0.000392,172.31.40.0-255,66,34256,76,192036
3398,0.000404,74.125.24.0-255,1484,35740,76,192036
3399,0.000407,172.31.40.0-255,66,35806,76,192036
3400,0.000414,74.125.24.0-255,5738,41544,76,192036
3401,0.000417,172.31.40.0-255,66,41610,76,192036
3402,0.000449,74.125.24.0-255,6797,48407,76,192036
3403,0.000452,172.31.40.0-255,66,48473,76,192036
3404,0.000473,74.125.24.0-255,1484,49957,76,192036
3405,0.000476,172.31.40.0-255,66,50023,76,192036
3406,0.000492,74.125.24.0-255,7156,57179,76,192036
3407,0.000495,172.31.40.0-255,66,57245,76,192036
3408,0.000519,74.125.24.0-255,1484,58729,76,192036
3409,0.000523,172.31.40.0-255,66,58795,76,192036
3410,0.000541,74.125.24.0-255,6797,65592,76,192036
3411,0.000571,172.31.40.0-255,66,65658,76,192036
3412,0.000601,74.125.24.0-255,646,66304,76,192036
3413,0.000713,74.125.24.0-255,1484,67788,76,192036
3414,0.000719,74.125.24.0-255,2902,70690,76,192036
3415,0.000729,172.31.40.0-255,66,70756,76,192036
3416,0.000743,74.125.24.0-255,5738,76494,76,192036
3417,0.000764,172.31.40.0-255,66,76560,76,192036
3418,0.000779,74.125.24.0-255,1484,78044,76,192036
3419,0.000793,74.125.24.0-255,5379,83423,76,192036
3420,0.000808,172.31.40.0-255,66,83489,76,192036
3421,0.000825,74.125.24.0-255,4320,87809,76,192036
3422,0.000842,74.125.24.0-255,2902,90711,76,192036
3423,0.000846,74.125.24.0-255,2902,93613,76,192036
3424,0.000852,172.31.40.0-255,66,93679,76,192036
3425,0.000865,74.125.24.0-255,5738,99417,76,192036
3426,0.000878,74.125.24.0-255,1125,100542,76,192036
3427,0.000887,172.31.40.0-255,66,100608,76,192036
3428,0.001521,74.125.24.0-255,1484,102092,76,192036
3429,0.00153,74.125.24.0-255,2902,104994,76,192036
3430,0.001534,172.31.40.0-255,66,105060,76,192036
3431,0.001541,74.125.24.0-255,5738,110798,76,192036
3432,0.001547,74.125.24.0-255,4320,115118,76,192036
3433,0.00156,74.125.24.0-255,1484,116602,76,192036
3434,0.001617,74.125.24.0-255,5020,121622,76,192036
3435,0.002086,74.125.24.0-255,1484,123106,76,192036
3436,0.002104,74.125.24.0-255,2902,126008,76,192036
3437,0.002109,74.125.24.0-255,2902,128910,76,192036
3438,0.002119,74.125.24.0-255,1484,130394,76,192036
3439,0.002138,74.125.24.0-255,1484,131878,76,192036
3440,0.002156,74.125.24.0-255,7156,139034,76,192036
3441,0.002158,74.125.24.0-255,1484,140518,76,192036
3442,0.002171,74.125.24.0-255,2902,143420,76,192036
3443,0.00218,74.125.24.0-255,1484,144904,76,192036
3444,0.002228,74.125.24.0-255,4320,149224,76,192036
3445,0.002249,74.125.24.0-255,6438,155662,76,192036
3446,0.002473,74.125.24.0-255,1484,157146,76,192036
3447,0.002486,74.125.24.0-255,2902,160048,76,192036
3448,0.00251,74.125.24.0-255,1484,161532,76,192036
3449,0.002531,74.125.24.0-255,4320,165852,76,192036
3450,0.002535,74.125.24.0-255,2902,168754,76,192036
3451,0.00744,172.31.40.0-255,66,168820,76,192036
3452,0.009882,74.125.24.0-255,5738,174558,76,192036
3453,0.009897,172.31.40.0-255,66,174624,76,192036
3454,0.012386,74.125.24.0-255,5738,180362,76,192036
3455,0.013291,172.31.40.0-255,66,180428,76,192036
3456,0.015701,74.125.24.0-255,5738,186166,76,192036
3457,0.01572,172.31.40.0-255,66,186232,76,192036
3458,0.018155,74.125.24.0-255,5738,191970,76,192036
3459,0.01817,172.31.40.0-255,66,192036,76,192036
3460,0.0,172.217.194.0-255,155,155,76,162414
3461,1.8e-05,172.31.40.0-255,66,221,76,162414
3462,2.5e-05,172.217.194.0-255,1484,1705,76,162414
3463,2.8e-05,172.31.40.0-255,66,1771,76,162414
3464,3.3e-05,172.217.194.0-255,2902,4673,76,162414
3465,3.6e-05,172.31.40.0-255,66,4739,76,162414
3466,6.6e-05,172.217.194.0-255,7156,11895,76,162414
3467,6.8e-05,172.31.40.0-255,66,11961,76,162414
3468,7.2e-05,172.217.194.0-255,2902,14863,76,162414
3469,7.4e-05,172.31.40.0-255,66,14929,76,162414
3470,8.8e-05,172.217.194.0-255,2101,17030,76,162414
3471,9e-05,172.31.40.0-255,66,17096,76,162414
3472,9.6e-05,172.217.194.0-255,5738,22834,76,162414
3473,9.8e-05,172.31.40.0-255,66,22900,76,162414
3474,0.000128,172.217.194.0-255,4320,27220,76,162414
3475,0.00013,172.31.40.0-255,66,27286,76,162414
3476,0.00015,172.217.194.0-255,3961,31247,76,162414
3477,0.000153,172.31.40.0-255,66,31313,76,162414
3478,0.000248,172.217.194.0-255,1484,32797,76,162414
3479,0.000252,172.31.40.0-255,66,32863,76,162414
3480,0.000257,172.217.194.0-255,2902,35765,76,162414
3481,0.000259,172.31.40.0-255,66,35831,76,162414
3482,0.000272,172.217.194.0-255,2902,38733,76,162414
3483,0.000274,172.31.40.0-255,66,38799,76,162414
3484,0.000305,172.217.194.0-255,2902,41701,76,162414
3485,0.000307,172.31.40.0-255,66,41767,76,162414
3486,0.000314,172.217.194.0-255,6797,48564,76,162414
3487,0.000326,172.31.40.0-255,66,48630,76,162414
3488,0.000338,172.31.40.0-255,66,48696,76,162414
3489,0.00036,172.217.194.0-255,4320,53016,76,162414
3490,0.000362,172.31.40.0-255,66,53082,76,162414
3491,0.000375,172.217.194.0-255,2794,55876,76,162414
3492,0.000377,172.31.40.0-255,66,55942,76,162414
3493,0.000419,172.217.194.0-255,121,56063,76,162414
3494,0.000544,172.217.194.0-255,1484,57547,76,162414
3495,0.000549,172.31.40.0-255,66,57613,76,162414
3496,0.000554,172.217.194.0-255,2902,60515,76,162414
3497,0.000556,172.31.40.0-255,66,60581,76,162414
3498,0.000571,172.217.194.0-255,2902,63483,76,162414
3499,0.000573,172.31.40.0-255,66,63549,76,162414
3500,0.000591,172.217.194.0-255,2902,66451,76,162414
3501,0.000593,172.31.40.0-255,66,66517,76,162414
3502,0.000596,172.217.194.0-255,2902,69419,76,162414
3503,0.000598,172.31.40.0-255,66,69485,76,162414
3504,0.000617,172.217.194.0-255,4320,73805,76,162414
3505,0.000619,172.31.40.0-255,66,73871,76,162414
3506,0.000643,172.217.194.0-255,6797,80668,76,162414
3507,0.000646,172.31.40.0-255,66,80734,76,162414
3508,0.000655,172.31.40.0-255,66,80800,76,162414
3509,0.001339,172.217.194.0-255,1484,82284,76,162414
3510,0.00136,172.217.194.0-255,2902,85186,76,162414
3511,0.001363,172.31.40.0-255,66,85252,76,162414
3512,0.001367,172.217.194.0-255,1484,86736,76,162414
3513,0.001386,172.217.194.0-255,4320,91056,76,162414
3514,0.001388,172.31.40.0-255,66,91122,76,162414
3515,0.001419,172.31.40.0-255,66,91188,76,162414
3516,0.001465,172.217.194.0-255,7156,98344,76,162414
3517,0.001468,172.31.40.0-255,66,98410,76,162414
3518,0.001496,172.31.40.0-255,66,98476,76,162414
3519,0.001534,172.217.194.0-255,4320,102796,76,162414
3520,0.001537,172.31.40.0-255,66,102862,76,162414
3521,0.001572,172.31.40.0-255,66,102928,76,162414
3522,0.001587,172.31.40.0-255,66,102994,76,162414
3523,0.001857,172.217.194.0-255,1484,104478,76,162414
3524,0.001864,172.217.194.0-255,2902,107380,76,162414
3525,0.001867,172.31.40.0-255,66,107446,76,162414
3526,0.001891,172.217.194.0-255,5738,113184,76,162414
3527,0.001894,172.31.40.0-255,66,113250,76,162414
3528,0.001897,172.217.194.0-255,1484,114734,76,162414
3529,0.001911,172.217.194.0-255,4320,119054,76,162414
3530,0.001913,172.31.40.0-255,66,119120,76,162414
3531,0.001947,172.217.194.0-255,7156,126276,76,162414
3532,0.00195,172.31.40.0-255,66,126342,76,162414
3533,0.001976,172.217.194.0-255,5738,132080,76,162414
3534,0.001978,172.31.40.0-255,66,132146,76,162414
3535,0.001984,172.217.194.0-255,5020,137166,76,162414
3536,0.001987,172.31.40.0-255,66,137232,76,162414
3537,0.002018,172.217.194.0-255,4320,141552,76,162414
3538,0.002021,172.31.40.0-255,66,141618,76,162414
3539,0.002027,172.217.194.0-255,5738,147356,76,162414
3540,0.002029,172.31.40.0-255,66,147422,76,162414
3541,0.002032,172.217.194.0-255,1484,148906,76,162414
3542,0.00206,172.31.40.0-255,66,148972,76,162414
3543,0.002065,172.217.194.0-255,2902,151874,76,162414
3544,0.002068,172.31.40.0-255,66,151940,76,162414
3545,0.002096,172.31.40.0-255,66,152006,76,162414
3546,0.002151,172.31.40.0-255,66,152072,76,162414
3547,0.002165,172.31.40.0-255,66,152138,76,162414
3548,0.002189,172.217.194.0-255,2902,155040,76,162414
3549,0.002191,172.31.40.0-255,66,155106,76,162414
3550,0.002237,172.31.40.0-255,66,155172,76,162414
3551,0.002249,172.31.40.0-255,66,155238,76,162414
3552,0.002275,172.31.40.0-255,66,155304,76,162414
3553,0.00233,172.31.40.0-255,66,155370,76,162414
3554,0.002371,172.217.194.0-255,6438,161808,76,162414
3555,0.00243,172.217.194.0-255,105,161913,76,162414
3556,0.002439,172.31.40.0-255,66,161979,76,162414
3557,0.008026,172.31.40.0-255,66,162045,76,162414
3558,0.008033,172.31.40.0-255,66,162111,76,162414
3559,0.008036,172.31.40.0-255,66,162177,76,162414
3560,0.010137,172.31.40.0-255,66,162243,76,162414
3561,0.010174,172.31.40.0-255,105,162348,76,162414
3562,0.012812,172.217.194.0-255,66,162414,76,162414
3563,0.0,172.217.194.0-255,153,153,76,59377
3564,1.6e-05,172.31.40.0-255,66,219,76,59377
3565,2.2e-05,172.217.194.0-255,1484,1703,76,59377
3566,2.6e-05,172.31.40.0-255,66,1769,76,59377
3567,5.4e-05,172.217.194.0-255,2902,4671,76,59377
3568,5.8e-05,172.31.40.0-255,66,4737,76,59377
3569,0.000165,172.217.194.0-255,7156,11893,76,59377
3570,0.000168,172.31.40.0-255,66,11959,76,59377
3571,0.000423,172.217.194.0-255,2103,14062,76,59377
3572,0.000429,172.31.40.0-255,66,14128,76,59377
3573,0.000505,172.31.40.0-255,66,14194,76,59377
3574,0.000532,172.217.194.0-255,2902,17096,76,59377
3575,0.000535,172.31.40.0-255,66,17162,76,59377
3576,0.000918,172.217.194.0-255,5379,22541,76,59377
3577,0.000924,172.31.40.0-255,66,22607,76,59377
3578,0.001129,172.31.40.0-255,66,22673,76,59377
3579,0.001161,172.31.40.0-255,66,22739,76,59377
3580,0.001945,172.31.40.0-255,66,22805,76,59377
3581,0.002352,172.217.194.0-255,1484,24289,76,59377
3582,0.002358,172.31.40.0-255,66,24355,76,59377
3583,0.002403,172.31.40.0-255,66,24421,76,59377
3584,0.002431,172.217.194.0-255,5738,30159,76,59377
3585,0.002434,172.31.40.0-255,66,30225,76,59377
3586,0.003367,172.31.40.0-255,66,30291,76,59377
3587,0.003414,172.31.40.0-255,66,30357,76,59377
3588,0.005708,172.217.194.0-255,5738,36095,76,59377
3589,0.006141,172.31.40.0-255,66,36161,76,59377
3590,0.008422,172.217.194.0-255,5738,41899,76,59377
3591,0.008429,172.31.40.0-255,66,41965,76,59377
3592,0.010702,172.217.194.0-255,5738,47703,76,59377
3593,0.013192,172.31.40.0-255,66,47769,76,59377
3594,0.01551,172.217.194.0-255,5738,53507,76,59377
3595,0.01552,172.31.40.0-255,66,53573,76,59377
3596,0.017793,172.217.194.0-255,5738,59311,76,59377
3597,0.0178,172.31.40.0-255,66,59377,76,59377
3598,0.0,172.217.194.0-255,153,153,76,130172
3599,2.1e-05,172.31.40.0-255,66,219,76,130172
3600,2.7e-05,172.217.194.0-255,1484,1703,76,130172
3601,3.1e-05,172.31.40.0-255,66,1769,76,130172
3602,3.6e-05,172.217.194.0-255,2902,4671,76,130172
3603,4.6e-05,172.31.40.0-255,66,4737,76,130172
3604,5.2e-05,172.217.194.0-255,5738,10475,76,130172
3605,5.5e-05,172.31.40.0-255,66,10541,76,130172
3606,8e-05,172.217.194.0-255,3494,14035,76,130172
3607,8.6e-05,172.31.40.0-255,66,14101,76,130172
3608,0.000125,172.217.194.0-255,1484,15585,76,130172
3609,0.000128,172.31.40.0-255,66,15651,76,130172
3610,0.000131,172.217.194.0-255,1484,17135,76,130172
3611,0.000132,172.31.40.0-255,66,17201,76,130172
3612,0.000159,172.217.194.0-255,1484,18685,76,130172
3613,0.000161,172.31.40.0-255,66,18751,76,130172
3614,0.000167,172.217.194.0-255,4320,23071,76,130172
3615,0.000169,172.31.40.0-255,66,23137,76,130172
3616,0.000197,172.217.194.0-255,1484,24621,76,130172
3617,0.0002,172.31.40.0-255,66,24687,76,130172
3618,0.000209,172.31.40.0-255,66,24753,76,130172
3619,0.000213,172.217.194.0-255,2902,27655,76,130172
3620,0.000215,172.31.40.0-255,66,27721,76,130172
3621,0.000248,172.217.194.0-255,5738,33459,76,130172
3622,0.00025,172.31.40.0-255,66,33525,76,130172
3623,0.000257,172.217.194.0-255,6797,40322,76,130172
3624,0.000259,172.31.40.0-255,66,40388,76,130172
3625,0.000261,172.217.194.0-255,1484,41872,76,130172
3626,0.000263,172.31.40.0-255,66,41938,76,130172
3627,0.000297,172.217.194.0-255,5738,47676,76,130172
3628,0.0003,172.31.40.0-255,66,47742,76,130172
3629,0.00031,172.31.40.0-255,66,47808,76,130172
3630,0.000902,172.217.194.0-255,360,48168,76,130172
3631,0.000908,172.217.194.0-255,382,48550,76,130172
3632,0.001096,172.217.194.0-255,1484,50034,76,130172
3633,0.001102,172.31.40.0-255,66,50100,76,130172
3634,0.001109,172.217.194.0-255,2902,53002,76,130172
3635,0.001111,172.31.40.0-255,66,53068,76,130172
3636,0.001116,172.217.194.0-255,4320,57388,76,130172
3637,0.001118,172.31.40.0-255,66,57454,76,130172
3638,0.001139,172.217.194.0-255,1484,58938,76,130172
3639,0.001172,172.31.40.0-255,66,59004,76,130172
3640,0.00121,172.217.194.0-255,1484,60488,76,130172
3641,0.001241,172.31.40.0-255,66,60554,76,130172
3642,0.001245,172.217.194.0-255,1484,62038,76,130172
3643,0.001282,172.31.40.0-255,66,62104,76,130172
3644,0.001292,172.31.40.0-255,66,62170,76,130172
3645,0.001335,172.31.40.0-255,66,62236,76,130172
3646,0.001361,172.217.194.0-255,3602,65838,76,130172
3647,0.001363,172.31.40.0-255,66,65904,76,130172
3648,0.001376,172.31.40.0-255,66,65970,76,130172
3649,0.001391,172.31.40.0-255,66,66036,76,130172
3650,0.001415,172.217.194.0-255,1636,67672,76,130172
3651,0.001418,172.31.40.0-255,66,67738,76,130172
3652,0.00191,172.217.194.0-255,1484,69222,76,130172
3653,0.001918,172.217.194.0-255,2902,72124,76,130172
3654,0.001924,172.31.40.0-255,66,72190,76,130172
3655,0.001932,172.217.194.0-255,5738,77928,76,130172
3656,0.001934,172.31.40.0-255,66,77994,76,130172
3657,0.002013,172.31.40.0-255,66,78060,76,130172
3658,0.002026,172.31.40.0-255,66,78126,76,130172
3659,0.002127,172.217.194.0-255,1484,79610,76,130172
3660,0.002143,172.217.194.0-255,2902,82512,76,130172
3661,0.002146,172.31.40.0-255,66,82578,76,130172
3662,0.002152,172.217.194.0-255,4320,86898,76,130172
3663,0.002155,172.31.40.0-255,66,86964,76,130172
3664,0.002169,172.217.194.0-255,1484,88448,76,130172
3665,0.002174,172.217.194.0-255,2902,91350,76,130172
3666,0.002176,172.31.40.0-255,66,91416,76,130172
3667,0.002219,172.31.40.0-255,66,91482,76,130172
3668,0.002235,172.31.40.0-255,66,91548,76,130172
3669,0.002237,172.217.194.0-255,766,92314,76,130172
3670,0.004685,172.217.194.0-255,2902,95216,76,130172
3671,0.004688,172.31.40.0-255,66,95282,76,130172
3672,0.004708,172.217.194.0-255,1484,96766,76,130172
3673,0.00716,172.217.194.0-255,4320,101086,76,130172
3674,0.007166,172.31.40.0-255,66,101152,76,130172
3675,0.009619,172.217.194.0-255,5738,106890,76,130172
3676,0.009626,172.31.40.0-255,66,106956,76,130172
3677,0.012174,172.217.194.0-255,5738,112694,76,130172
3678,0.012182,172.31.40.0-255,66,112760,76,130172
3679,0.014643,172.217.194.0-255,5738,118498,76,130172
3680,0.014653,172.31.40.0-255,66,118564,76,130172
3681,0.01709,172.217.194.0-255,5738,124302,76,130172
3682,0.017098,172.31.40.0-255,66,124368,76,130172
3683,0.01956,172.217.194.0-255,5738,130106,76,130172
3684,0.019568,172.31.40.0-255,66,130172,76,130172
3685,0.0,172.217.24.0-255,153,153,76,147642
3686,2.4e-05,172.31.40.0-255,66,219,76,147642
3687,3.1e-05,172.217.24.0-255,1484,1703,76,147642
3688,3.6e-05,172.31.40.0-255,66,1769,76,147642
3689,3.9e-05,172.217.24.0-255,1484,3253,76,147642
3690,4.2e-05,172.31.40.0-255,66,3319,76,147642
3691,4.9e-05,172.217.24.0-255,2902,6221,76,147642
3692,5.1e-05,172.31.40.0-255,66,6287,76,147642
3693,5.8e-05,172.217.24.0-255,5738,12025,76,147642
3694,6.1e-05,172.31.40.0-255,66,12091,76,147642
3695,6.5e-05,172.217.24.0-255,2056,14147,76,147642
3696,6.8e-05,172.31.40.0-255,66,14213,76,147642
3697,9.3e-05,172.217.24.0-255,1484,15697,76,147642
3698,9.7e-05,172.31.40.0-255,66,15763,76,147642
3699,0.000102,172.217.24.0-255,2902,18665,76,147642
3700,0.000105,172.31.40.0-255,66,18731,76,147642
3701,0.000127,172.217.24.0-255,5738,24469,76,147642
3702,0.000129,172.31.40.0-255,66,24535,76,147642
3703,0.000152,172.217.24.0-255,6797,31332,76,147642
3704,0.000155,172.31.40.0-255,66,31398,76,147642
3705,0.000495,172.217.24.0-255,1484,32882,76,147642
3706,0.000502,172.31.40.0-255,66,32948,76,147642
3707,0.000529,172.217.24.0-255,1484,34432,76,147642
3708,0.000532,172.31.40.0-255,66,34498,76,147642
3709,0.000547,172.217.24.0-255,2902,37400,76,147642
3710,0.000549,172.31.40.0-255,66,37466,76,147642
3711,0.000552,172.217.24.0-255,1484,38950,76,147642
3712,0.000555,172.31.40.0-255,66,39016,76,147642
3713,0.000559,172.217.24.0-255,2902,41918,76,147642
3714,0.000562,172.31.40.0-255,66,41984,76,147642
3715,0.000577,172.217.24.0-255,4320,46304,76,147642
3716,0.000579,172.31.40.0-255,66,46370,76,147642
3717,0.000604,172.217.24.0-255,1484,47854,76,147642
3718,0.000607,172.217.24.0-255,1125,48979,76,147642
3719,0.000633,172.31.40.0-255,66,49045,76,147642
3720,0.000692,172.217.24.0-255,1484,50529,76,147642
3721,0.00071,172.217.24.0-255,1484,52013,76,147642
3722,0.000727,172.217.24.0-255,2902,54915,76,147642
3723,0.000742,172.217.24.0-255,1484,56399,76,147642
3724,0.000767,172.217.24.0-255,4320,60719,76,147642
3725,0.000771,172.217.24.0-255,2902,63621,76,147642
3726,0.000808,172.217.24.0-255,2543,66164,76,147642
3727,0.000845,172.217.24.0-255,390,66554,76,147642
3728,0.000901,172.31.40.0-255,66,66620,76,147642
3729,0.001342,172.217.24.0-255,352,66972,76,147642
3730,0.001433,172.217.24.0-255,1484,68456,76,147642
3731,0.001438,172.31.40.0-255,66,68522,76,147642
3732,0.001444,172.217.24.0-255,2902,71424,76,147642
3733,0.001463,172.217.24.0-255,5738,77162,76,147642
3734,0.001477,172.31.40.0-255,66,77228,76,147642
3735,0.001514,172.217.24.0-255,6797,84025,76,147642
3736,0.00154,172.31.40.0-255,66,84091,76,147642
3737,0.001552,172.217.24.0-255,4320,88411,76,147642
3738,0.001566,172.217.24.0-255,2902,91313,76,147642
3739,0.00157,172.217.24.0-255,2902,94215,76,147642
3740,0.001594,172.217.24.0-255,1484,95699,76,147642
3741,0.001597,172.31.40.0-255,66,95765,76,147642
3742,0.00162,172.217.24.0-255,5379,101144,76,147642
3743,0.00163,172.31.40.0-255,66,101210,76,147642
3744,0.003655,172.217.24.0-255,5738,106948,76,147642
3745,0.003663,172.31.40.0-255,66,107014,76,147642
3746,0.00569,172.217.24.0-255,5738,112752,76,147642
3747,0.006251,172.31.40.0-255,66,112818,76,147642
3748,0.008276,172.217.24.0-255,5738,118556,76,147642
3749,0.008282,172.31.40.0-255,66,118622,76,147642
3750,0.010306,172.217.24.0-255,5738,124360,76,147642
3751,0.010312,172.31.40.0-255,66,124426,76,147642
3752,0.012342,172.217.24.0-255,5738,130164,76,147642
3753,0.01235,172.31.40.0-255,66,130230,76,147642
3754,0.014378,172.217.24.0-255,5738,135968,76,147642
3755,0.014385,172.31.40.0-255,66,136034,76,147642
3756,0.016418,172.217.24.0-255,5738,141772,76,147642
3757,0.016427,172.31.40.0-255,66,141838,76,147642
3758,0.018445,172.217.24.0-255,5738,147576,76,147642
3759,0.018453,172.31.40.0-255,66,147642,76,147642
3760,0.0,74.125.68.0-255,153,153,76,361019
3761,2.2e-05,172.31.40.0-255,66,219,76,361019
3762,2.9e-05,74.125.68.0-255,1484,1703,76,361019
3763,3.4e-05,172.31.40.0-255,66,1769,76,361019
3764,4e-05,74.125.68.0-255,2902,4671,76,361019
3765,4.3e-05,172.31.40.0-255,66,4737,76,361019
3766,4.6e-05,74.125.68.0-255,1484,6221,76,361019
3767,4.8e-05,172.31.40.0-255,66,6287,76,361019
3768,5.4e-05,74.125.68.0-255,2902,9189,76,361019
3769,5.6e-05,172.31.40.0-255,66,9255,76,361019
3770,8.9e-05,74.125.68.0-255,6391,15646,76,361019
3771,9.2e-05,172.31.40.0-255,66,15712,76,361019
3772,9.6e-05,74.125.68.0-255,2902,18614,76,361019
3773,9.8e-05,172.31.40.0-255,66,18680,76,361019
3774,0.000104,74.125.68.0-255,4320,23000,76,361019
3775,0.000107,172.31.40.0-255,66,23066,76,361019
3776,0.000129,74.125.68.0-255,2902,25968,76,361019
3777,0.000131,172.31.40.0-255,66,26034,76,361019
3778,0.00016,74.125.68.0-255,5379,31413,76,361019
3779,0.000163,172.31.40.0-255,66,31479,76,361019
3780,0.000247,74.125.68.0-255,1484,32963,76,361019
3781,0.000251,172.31.40.0-255,66,33029,76,361019
3782,0.000256,74.125.68.0-255,2902,35931,76,361019
3783,0.000259,172.31.40.0-255,66,35997,76,361019
3784,0.00027,74.125.68.0-255,1484,37481,76,361019
3785,0.000272,172.31.40.0-255,66,37547,76,361019
3786,0.000291,74.125.68.0-255,4320,41867,76,361019
3787,0.000293,172.31.40.0-255,66,41933,76,361019
3788,0.0003,74.125.68.0-255,6797,48730,76,361019
3789,0.000303,172.31.40.0-255,66,48796,76,361019
3790,0.000334,74.125.68.0-255,2902,51698,76,361019
3791,0.000337,172.31.40.0-255,66,51764,76,361019
3792,0.000358,74.125.68.0-255,7156,58920,76,361019
3793,0.00036,172.31.40.0-255,66,58986,76,361019
3794,0.000393,74.125.68.0-255,7071,66057,76,361019
3795,0.000395,172.31.40.0-255,66,66123,76,361019
3796,0.000412,74.125.68.0-255,414,66537,76,361019
3797,0.000669,74.125.68.0-255,1484,68021,76,361019
3798,0.000675,172.31.40.0-255,66,68087,76,361019
3799,0.000681,74.125.68.0-255,2902,70989,76,361019
3800,0.000683,172.31.40.0-255,66,71055,76,361019
3801,0.000686,74.125.68.0-255,1484,72539,76,361019
3802,0.000716,74.125.68.0-255,2902,75441,76,361019
3803,0.000719,172.31.40.0-255,66,75507,76,361019
3804,0.000753,74.125.68.0-255,5738,81245,76,361019
3805,0.000756,172.31.40.0-255,66,81311,76,361019
3806,0.000777,74.125.68.0-255,2902,84213,76,361019
3807,0.000783,74.125.68.0-255,5738,89951,76,361019
3808,0.00079,74.125.68.0-255,7156,97107,76,361019
3809,0.000794,74.125.68.0-255,3602,100709,76,361019
3810,0.000804,172.31.40.0-255,66,100775,76,361019
3811,0.000807,172.31.40.0-255,66,100841,76,361019
3812,0.00081,172.31.40.0-255,66,100907,76,361019
3813,0.000812,172.31.40.0-255,66,100973,76,361019
3814,0.000853,74.125.68.0-255,1484,102457,76,361019
3815,0.000867,74.125.68.0-255,2902,105359,76,361019
3816,0.00087,172.31.40.0-255,66,105425,76,361019
3817,0.000894,74.125.68.0-255,4320,109745,76,361019
3818,0.000897,172.31.40.0-255,66,109811,76,361019
3819,0.000901,74.125.68.0-255,2902,112713,76,361019
3820,0.000903,172.31.40.0-255,66,112779,76,361019
3821,0.000918,74.125.68.0-255,2902,115681,76,361019
3822,0.000921,172.31.40.0-255,66,115747,76,361019
3823,0.000939,74.125.68.0-255,5738,121485,76,361019
3824,0.000942,172.31.40.0-255,66,121551,76,361019
3825,0.000971,74.125.68.0-255,5738,127289,76,361019
3826,0.000975,172.31.40.0-255,66,127355,76,361019
3827,0.000993,74.125.68.0-255,2902,130257,76,361019
3828,0.000996,172.31.40.0-255,66,130323,76,361019
3829,0.001014,74.125.68.0-255,5020,135343,76,361019
3830,0.001017,172.31.40.0-255,66,135409,76,361019
3831,0.001054,74.125.68.0-255,1484,136893,76,361019
3832,0.001058,74.125.68.0-255,2902,139795,76,361019
3833,0.001061,172.31.40.0-255,66,139861,76,361019
3834,0.00109,74.125.68.0-255,5738,145599,76,361019
3835,0.001093,172.31.40.0-255,66,145665,76,361019
3836,0.001097,74.125.68.0-255,2902,148567,76,361019
3837,0.001099,172.31.40.0-255,66,148633,76,361019
3838,0.001104,74.125.68.0-255,4320,152953,76,361019
3839,0.001106,172.31.40.0-255,66,153019,76,361019
3840,0.001131,74.125.68.0-255,4320,157339,76,361019
3841,0.001134,172.31.40.0-255,66,157405,76,361019
3842,0.001154,74.125.68.0-255,4320,161725,76,361019
3843,0.001157,172.31.40.0-255,66,161791,76,361019
3844,0.001162,74.125.68.0-255,4320,166111,76,361019
3845,0.001164,172.31.40.0-255,66,166177,76,361019
3846,0.001193,74.125.68.0-255,3602,169779,76,361019
3847,0.001197,172.31.40.0-255,66,169845,76,361019
3848,0.001221,74.125.68.0-255,4320,174165,76,361019
3849,0.001223,172.31.40.0-255,66,174231,76,361019
3850,0.001244,74.125.68.0-255,5738,179969,76,361019
3851,0.001248,172.31.40.0-255,66,180035,76,361019
3852,0.001251,74.125.68.0-255,1484,181519,76,361019
3853,0.001296,74.125.68.0-255,5738,187257,76,361019
3854,0.001299,172.31.40.0-255,66,187323,76,361019
3855,0.001314,172.31.40.0-255,66,187389,76,361019
3856,0.001335,74.125.68.0-255,1484,188873,76,361019
3857,0.001347,74.125.68.0-255,2184,191057,76,361019
3858,0.00135,172.31.40.0-255,66,191123,76,361019
3859,0.001393,74.125.68.0-255,2902,194025,76,361019
3860,0.001396,172.31.40.0-255,66,194091,76,361019
3861,0.001424,74.125.68.0-255,4320,198411,76,361019
3862,0.001428,172.31.40.0-255,66,198477,76,361019
3863,0.001445,74.125.68.0-255,1484,199961,76,361019
3864,0.001464,74.125.68.0-255,7156,207117,76,361019
3865,0.001466,172.31.40.0-255,66,207183,76,361019
3866,0.001472,74.125.68.0-255,4320,211503,76,361019
3867,0.001474,172.31.40.0-255,66,211569,76,361019
3868,0.001494,74.125.68.0-255,5738,217307,76,361019
3869,0.001496,172.31.40.0-255,66,217373,76,361019
3870,0.001502,74.125.68.0-255,5738,223111,76,361019
3871,0.001504,172.31.40.0-255,66,223177,76,361019
3872,0.001522,74.125.68.0-255,2184,225361,76,361019
3873,0.001524,172.31.40.0-255,66,225427,76,361019
3874,0.001651,74.125.68.0-255,1484,226911,76,361019
3875,0.001656,74.125.68.0-255,1484,228395,76,361019
3876,0.001659,172.31.40.0-255,66,228461,76,361019
3877,0.001674,74.125.68.0-255,1484,229945,76,361019
3878,0.001681,74.125.68.0-255,5738,235683,76,361019
3879,0.001683,172.31.40.0-255,66,235749,76,361019
3880,0.001704,74.125.68.0-255,4320,240069,76,361019
3881,0.001706,172.31.40.0-255,66,240135,76,361019
3882,0.001718,74.125.68.0-255,2902,243037,76,361019
3883,0.001721,172.31.40.0-255,66,243103,76,361019
3884,0.001733,172.31.40.0-255,66,243169,76,361019
3885,0.001764,172.31.40.0-255,66,243235,76,361019
3886,0.001843,74.125.68.0-255,1484,244719,76,361019
3887,0.001859,74.125.68.0-255,2902,247621,76,361019
3888,0.001885,74.125.68.0-255,5738,253359,76,361019
3889,0.001911,74.125.68.0-255,4320,257679,76,361019
3890,0.001928,74.125.68.0-255,7156,264835,76,361019
3891,0.001934,74.125.68.0-255,5738,270573,76,361019
3892,0.001958,74.125.68.0-255,6438,277011,76,361019
3893,0.001961,74.125.68.0-255,1484,278495,76,361019
3894,0.001965,74.125.68.0-255,2902,281397,76,361019
3895,0.001993,74.125.68.0-255,5738,287135,76,361019
3896,0.002009,74.125.68.0-255,4320,291455,76,361019
3897,0.002045,74.125.68.0-255,5738,297193,76,361019
3898,0.002049,74.125.68.0-255,2902,300095,76,361019
3899,0.002073,74.125.68.0-255,4320,304415,76,361019
3900,0.002099,74.125.68.0-255,2902,307317,76,361019
3901,0.002133,74.125.68.0-255,3602,310919,76,361019
3902,0.002156,74.125.68.0-255,7156,318075,76,361019
3903,0.002159,74.125.68.0-255,1484,319559,76,361019
3904,0.002229,74.125.68.0-255,1484,321043,76,361019
3905,0.002253,74.125.68.0-255,4320,325363,76,361019
3906,0.002268,74.125.68.0-255,7156,332519,76,361019
3907,0.002271,74.125.68.0-255,1484,334003,76,361019
3908,0.002317,74.125.68.0-255,2184,336187,76,361019
3909,0.002336,74.125.68.0-255,1484,337671,76,361019
3910,0.009744,172.31.40.0-255,66,337737,76,361019
3911,0.011084,74.125.68.0-255,1484,339221,76,361019
3912,0.012076,74.125.68.0-255,4320,343541,76,361019
3913,0.012081,172.31.40.0-255,66,343607,76,361019
3914,0.014399,74.125.68.0-255,5738,349345,76,361019
3915,0.014406,172.31.40.0-255,66,349411,76,361019
3916,0.016743,74.125.68.0-255,5738,355149,76,361019
3917,0.016761,172.31.40.0-255,66,355215,76,361019
3918,0.01909,74.125.68.0-255,5738,360953,76,361019
3919,0.019099,172.31.40.0-255,66,361019,76,361019
3920,0.0,74.125.200.0-255,147,147,76,100336
3921,1.8e-05,172.31.40.0-255,66,213,76,100336
3922,2.5e-05,74.125.200.0-255,1484,1697,76,100336
3923,2.9e-05,172.31.40.0-255,66,1763,76,100336
3924,4.9e-05,74.125.200.0-255,2902,4665,76,100336
3925,5.2e-05,172.31.40.0-255,66,4731,76,100336
3926,8.2e-05,74.125.200.0-255,5738,10469,76,100336
3927,8.4e-05,172.31.40.0-255,66,10535,76,100336
3928,8.7e-05,74.125.200.0-255,1484,12019,76,100336
3929,9.1e-05,172.31.40.0-255,66,12085,76,100336
3930,9.6e-05,74.125.200.0-255,2019,14104,76,100336
3931,9.8e-05,172.31.40.0-255,66,14170,76,100336
3932,0.000123,74.125.200.0-255,1484,15654,76,100336
3933,0.000125,172.31.40.0-255,66,15720,76,100336
3934,0.000148,74.125.200.0-255,4320,20040,76,100336
3935,0.00015,172.31.40.0-255,66,20106,76,100336
3936,0.000156,74.125.200.0-255,4320,24426,76,100336
3937,0.000158,172.31.40.0-255,66,24492,76,100336
3938,0.000172,74.125.200.0-255,2902,27394,76,100336
3939,0.000175,172.31.40.0-255,66,27460,76,100336
3940,0.000177,74.125.200.0-255,1484,28944,76,100336
3941,0.000179,172.31.40.0-255,66,29010,76,100336
3942,0.0002,74.125.200.0-255,2543,31553,76,100336
3943,0.000203,172.31.40.0-255,66,31619,76,100336
3944,0.001392,74.125.200.0-255,1484,33103,76,100336
3945,0.001399,172.31.40.0-255,66,33169,76,100336
3946,0.001408,74.125.200.0-255,2902,36071,76,100336
3947,0.001411,172.31.40.0-255,66,36137,76,100336
3948,0.001416,74.125.200.0-255,2902,39039,76,100336
3949,0.001418,172.31.40.0-255,66,39105,76,100336
3950,0.001423,74.125.200.0-255,4320,43425,76,100336
3951,0.001425,172.31.40.0-255,66,43491,76,100336
3952,0.001454,74.125.200.0-255,1484,44975,76,100336
3953,0.001467,74.125.200.0-255,1484,46459,76,100336
3954,0.00148,74.125.200.0-255,1484,47943,76,100336
3955,0.001483,74.125.200.0-255,1484,49427,76,100336
3956,0.001506,74.125.200.0-255,4320,53747,76,100336
3957,0.00151,74.125.200.0-255,2543,56290,76,100336
3958,0.001534,74.125.200.0-255,366,56656,76,100336
3959,0.001551,74.125.200.0-255,377,57033,76,100336
3960,0.001712,74.125.200.0-255,1484,58517,76,100336
3961,0.001727,74.125.200.0-255,2902,61419,76,100336
3962,0.001747,74.125.200.0-255,2902,64321,76,100336
3963,0.001751,74.125.200.0-255,4320,68641,76,100336
3964,0.001832,74.125.200.0-255,1484,70125,76,100336
3965,0.001851,74.125.200.0-255,1125,71250,76,100336
3966,0.005414,172.31.40.0-255,66,71316,76,100336
3967,0.007719,74.125.200.0-255,5738,77054,76,100336
3968,0.007726,172.31.40.0-255,66,77120,76,100336
3969,0.010006,74.125.200.0-255,5738,82858,76,100336
3970,0.013097,172.31.40.0-255,66,82924,76,100336
3971,0.015382,74.125.200.0-255,5738,88662,76,100336
3972,0.015391,172.31.40.0-255,66,88728,76,100336
3973,0.017663,74.125.200.0-255,5738,94466,76,100336
3974,0.017669,172.31.40.0-255,66,94532,76,100336
3975,0.019959,74.125.200.0-255,5738,100270,76,100336
3976,0.019967,172.31.40.0-255,66,100336,76,100336
3977,0.0,172.217.160.0-255,153,153,76,214502
3978,1.9e-05,172.31.40.0-255,66,219,76,214502
3979,2.6e-05,172.217.160.0-255,1484,1703,76,214502
3980,3e-05,172.31.40.0-255,66,1769,76,214502
3981,3.6e-05,172.217.160.0-255,2902,4671,76,214502
3982,3.9e-05,172.31.40.0-255,66,4737,76,214502
3983,4.7e-05,172.217.160.0-255,7156,11893,76,214502
3984,4.9e-05,172.31.40.0-255,66,11959,76,214502
3985,5.3e-05,172.217.160.0-255,2076,14035,76,214502
3986,5.7e-05,172.31.40.0-255,66,14101,76,214502
3987,0.000178,172.217.160.0-255,1484,15585,76,214502
3988,0.000183,172.31.40.0-255,66,15651,76,214502
3989,0.000189,172.217.160.0-255,2902,18553,76,214502
3990,0.000193,172.31.40.0-255,66,18619,76,214502
3991,0.000197,172.217.160.0-255,2902,21521,76,214502
3992,0.0002,172.31.40.0-255,66,21587,76,214502
3993,0.000253,172.217.160.0-255,1484,23071,76,214502
3994,0.000256,172.31.40.0-255,66,23137,76,214502
3995,0.000259,172.217.160.0-255,1484,24621,76,214502
3996,0.000261,172.31.40.0-255,66,24687,76,214502
3997,0.000279,172.217.160.0-255,1484,26171,76,214502
3998,0.000281,172.31.40.0-255,66,26237,76,214502
3999,0.000301,172.217.160.0-255,5379,31616,76,214502
4000,0.000303,172.31.40.0-255,66,31682,76,214502
4001,0.000324,172.217.160.0-255,1484,33166,76,214502
4002,0.000327,172.31.40.0-255,66,33232,76,214502
4003,0.000331,172.217.160.0-255,2902,36134,76,214502
4004,0.000333,172.31.40.0-255,66,36200,76,214502
4005,0.000346,172.217.160.0-255,4320,40520,76,214502
4006,0.000348,172.31.40.0-255,66,40586,76,214502
4007,0.000367,172.217.160.0-255,1484,42070,76,214502
4008,0.000369,172.31.40.0-255,66,42136,76,214502
4009,0.000373,172.217.160.0-255,1484,43620,76,214502
4010,0.000378,172.217.160.0-255,2902,46522,76,214502
4011,0.00038,172.31.40.0-255,66,46588,76,214502
4012,0.000397,172.217.160.0-255,2902,49490,76,214502
4013,0.000399,172.31.40.0-255,66,49556,76,214502
4014,0.000427,172.217.160.0-255,3961,53517,76,214502
4015,0.00043,172.31.40.0-255,66,53583,76,214502
4016,0.000437,172.217.160.0-255,7156,60739,76,214502
4017,0.000439,172.31.40.0-255,66,60805,76,214502
4018,0.000465,172.217.160.0-255,4320,65125,76,214502
4019,0.000467,172.31.40.0-255,66,65191,76,214502
4020,0.000488,172.217.160.0-255,1394,66585,76,214502
4021,0.000804,172.217.160.0-255,407,66992,76,214502
4022,0.00081,172.31.40.0-255,66,67058,76,214502
4023,0.000896,172.217.160.0-255,1484,68542,76,214502
4024,0.000902,172.217.160.0-255,2902,71444,76,214502
4025,0.000905,172.31.40.0-255,66,71510,76,214502
4026,0.000923,172.217.160.0-255,1484,72994,76,214502
4027,0.000939,172.217.160.0-255,4320,77314,76,214502
4028,0.000945,172.31.40.0-255,66,77380,76,214502
4029,0.000965,172.217.160.0-255,4320,81700,76,214502
4030,0.000968,172.31.40.0-255,66,81766,76,214502
4031,0.000991,172.217.160.0-255,6797,88563,76,214502
4032,0.000994,172.31.40.0-255,66,88629,76,214502
4033,0.00102,172.31.40.0-255,66,88695,76,214502
4034,0.001022,172.217.160.0-255,577,89272,76,214502
4035,0.001114,172.217.160.0-255,1484,90756,76,214502
4036,0.001118,172.31.40.0-255,66,90822,76,214502
4037,0.001123,172.217.160.0-255,2902,93724,76,214502
4038,0.001126,172.31.40.0-255,66,93790,76,214502
4039,0.001133,172.217.160.0-255,5738,99528,76,214502
4040,0.001135,172.31.40.0-255,66,99594,76,214502
4041,0.001137,172.217.160.0-255,1484,101078,76,214502
4042,0.001159,172.217.160.0-255,5738,106816,76,214502
4043,0.001162,172.31.40.0-255,66,106882,76,214502
4044,0.001183,172.217.160.0-255,5738,112620,76,214502
4045,0.001186,172.31.40.0-255,66,112686,76,214502
4046,0.001191,172.217.160.0-255,4320,117006,76,214502
4047,0.001193,172.31.40.0-255,66,117072,76,214502
4048,0.001224,172.217.160.0-255,6438,123510,76,214502
4049,0.001228,172.31.40.0-255,66,123576,76,214502
4050,0.001465,172.217.160.0-255,1484,125060,76,214502
4051,0.001472,172.217.160.0-255,2902,127962,76,214502
4052,0.001476,172.31.40.0-255,66,128028,76,214502
4053,0.001483,172.217.160.0-255,5738,133766,76,214502
4054,0.001486,172.31.40.0-255,66,133832,76,214502
4055,0.001488,172.217.160.0-255,1484,135316,76,214502
4056,0.001515,172.217.160.0-255,5738,141054,76,214502
4057,0.001518,172.31.40.0-255,66,141120,76,214502
4058,0.001535,172.217.160.0-255,7156,148276,76,214502
4059,0.001538,172.31.40.0-255,66,148342,76,214502
4060,0.001568,172.217.160.0-255,7156,155498,76,214502
4061,0.001571,172.31.40.0-255,66,155564,76,214502
4062,0.001575,172.217.160.0-255,2184,157748,76,214502
4063,0.001577,172.31.40.0-255,66,157814,76,214502
4064,0.003338,172.217.160.0-255,5738,163552,76,214502
4065,0.003346,172.31.40.0-255,66,163618,76,214502
4066,0.005116,172.217.160.0-255,5738,169356,76,214502
4067,0.00512,172.31.40.0-255,66,169422,76,214502
4068,0.006905,172.217.160.0-255,5738,175160,76,214502
4069,0.00691,172.31.40.0-255,66,175226,76,214502
4070,0.008702,172.217.160.0-255,5738,180964,76,214502
4071,0.008709,172.31.40.0-255,66,181030,76,214502
4072,0.010484,172.217.160.0-255,5738,186768,76,214502
4073,0.010491,172.31.40.0-255,66,186834,76,214502
4074,0.012286,172.217.160.0-255,4320,191154,76,214502
4075,0.012294,172.31.40.0-255,66,191220,76,214502
4076,0.012366,172.217.160.0-255,1484,192704,76,214502
4077,0.014069,172.217.160.0-255,4320,197024,76,214502
4078,0.014078,172.31.40.0-255,66,197090,76,214502
4079,0.015872,172.217.160.0-255,5738,202828,76,214502
4080,0.015879,172.31.40.0-255,66,202894,76,214502
4081,0.017653,172.217.160.0-255,5738,208632,76,214502
4082,0.017661,172.31.40.0-255,66,208698,76,214502
4083,0.019441,172.217.160.0-255,5738,214436,76,214502
4084,0.019449,172.31.40.0-255,66,214502,76,214502
4085,0.0,172.217.194.0-255,152,152,76,240288
4086,1.6e-05,172.31.40.0-255,66,218,76,240288
4087,2.3e-05,172.217.194.0-255,1484,1702,76,240288
4088,2.8e-05,172.31.40.0-255,66,1768,76,240288
4089,3.3e-05,172.217.194.0-255,2902,4670,76,240288
4090,3.6e-05,172.31.40.0-255,66,4736,76,240288
4091,4.4e-05,172.217.194.0-255,7156,11892,76,240288
4092,4.6e-05,172.31.40.0-255,66,11958,76,240288
4093,7.2e-05,172.217.194.0-255,2166,14124,76,240288
4094,7.5e-05,172.31.40.0-255,66,14190,76,240288
4095,0.000107,172.217.194.0-255,1484,15674,76,240288
4096,0.00011,172.31.40.0-255,66,15740,76,240288
4097,0.000115,172.217.194.0-255,2902,18642,76,240288
4098,0.000117,172.31.40.0-255,66,18708,76,240288
4099,0.000142,172.217.194.0-255,5738,24446,76,240288
4100,0.000145,172.31.40.0-255,66,24512,76,240288
4101,0.000154,172.217.194.0-255,6797,31309,76,240288
4102,0.000156,172.31.40.0-255,66,31375,76,240288
4103,0.000208,172.31.40.0-255,66,31441,76,240288
4104,0.000226,172.217.194.0-255,2902,34343,76,240288
4105,0.000229,172.31.40.0-255,66,34409,76,240288
4106,0.000247,172.217.194.0-255,5379,39788,76,240288
4107,0.000251,172.31.40.0-255,66,39854,76,240288
4108,0.000508,172.217.194.0-255,1484,41338,76,240288
4109,0.000513,172.31.40.0-255,66,41404,76,240288
4110,0.000519,172.217.194.0-255,2902,44306,76,240288
4111,0.000522,172.31.40.0-255,66,44372,76,240288
4112,0.000528,172.217.194.0-255,2902,47274,76,240288
4113,0.000531,172.31.40.0-255,66,47340,76,240288
4114,0.000548,172.217.194.0-255,2902,50242,76,240288
4115,0.000551,172.31.40.0-255,66,50308,76,240288
4116,0.000555,172.217.194.0-255,2902,53210,76,240288
4117,0.000557,172.31.40.0-255,66,53276,76,240288
4118,0.00058,172.217.194.0-255,4542,57818,76,240288
4119,0.000589,172.31.40.0-255,66,57884,76,240288
4120,0.000596,172.217.194.0-255,5738,63622,76,240288
4121,0.000598,172.31.40.0-255,66,63688,76,240288
4122,0.00062,172.31.40.0-255,66,63754,76,240288
4123,0.000623,172.217.194.0-255,1125,64879,76,240288
4124,0.000675,172.31.40.0-255,66,64945,76,240288
4125,0.000702,172.31.40.0-255,66,65011,76,240288
4126,0.000925,172.217.194.0-255,1484,66495,76,240288
4127,0.00094,172.217.194.0-255,2902,69397,76,240288
4128,0.000943,172.31.40.0-255,66,69463,76,240288
4129,0.000951,172.217.194.0-255,5738,75201,76,240288
4130,0.000953,172.31.40.0-255,66,75267,76,240288
4131,0.000956,172.217.194.0-255,1484,76751,76,240288
4132,0.000975,172.217.194.0-255,4815,81566,76,240288
4133,0.000978,172.31.40.0-255,66,81632,76,240288
4134,0.001044,172.217.194.0-255,1484,83116,76,240288
4135,0.001048,172.217.194.0-255,1484,84600,76,240288
4136,0.001051,172.31.40.0-255,66,84666,76,240288
4137,0.00107,172.217.194.0-255,1484,86150,76,240288
4138,0.001077,172.217.194.0-255,5738,91888,76,240288
4139,0.001079,172.31.40.0-255,66,91954,76,240288
4140,0.001086,172.217.194.0-255,7156,99110,76,240288
4141,0.001089,172.31.40.0-255,66,99176,76,240288
4142,0.001116,172.217.194.0-255,5738,104914,76,240288
4143,0.001119,172.31.40.0-255,66,104980,76,240288
4144,0.001124,172.217.194.0-255,4320,109300,76,240288
4145,0.001126,172.31.40.0-255,66,109366,76,240288
4146,0.001171,172.217.194.0-255,6438,115804,76,240288
4147,0.001174,172.31.40.0-255,66,115870,76,240288
4148,0.001214,172.217.194.0-255,1484,117354,76,240288
4149,0.00122,172.217.194.0-255,2902,120256,76,240288
4150,0.001223,172.31.40.0-255,66,120322,76,240288
4151,0.00123,172.217.194.0-255,5738,126060,76,240288
4152,0.001232,172.31.40.0-255,66,126126,76,240288
4153,0.001285,172.217.194.0-255,5787,131913,76,240288
4154,0.001288,172.31.40.0-255,66,131979,76,240288
4155,0.001331,172.217.194.0-255,1484,133463,76,240288
4156,0.001344,172.217.194.0-255,2902,136365,76,240288
4157,0.001347,172.31.40.0-255,66,136431,76,240288
4158,0.001354,172.217.194.0-255,5738,142169,76,240288
4159,0.001356,172.31.40.0-255,66,142235,76,240288
4160,0.001371,172.217.194.0-255,5738,147973,76,240288
4161,0.001374,172.31.40.0-255,66,148039,76,240288
4162,0.001385,172.217.194.0-255,1484,149523,76,240288
4163,0.001429,172.217.194.0-255,7156,156679,76,240288
4164,0.001433,172.31.40.0-255,66,156745,76,240288
4165,0.001462,172.31.40.0-255,66,156811,76,240288
4166,0.001601,172.217.194.0-255,1484,158295,76,240288
4167,0.001607,172.217.194.0-255,2902,161197,76,240288
4168,0.00161,172.31.40.0-255,66,161263,76,240288
4169,0.001633,172.217.194.0-255,5738,167001,76,240288
4170,0.001637,172.31.40.0-255,66,167067,76,240288
4171,0.001694,172.217.194.0-255,6797,173864,76,240288
4172,0.001697,172.31.40.0-255,66,173930,76,240288
4173,0.001735,172.217.194.0-255,1484,175414,76,240288
4174,0.001749,172.217.194.0-255,2902,178316,76,240288
4175,0.001752,172.31.40.0-255,66,178382,76,240288
4176,0.001757,172.217.194.0-255,2902,181284,76,240288
4177,0.001758,172.31.40.0-255,66,181350,76,240288
4178,0.001774,172.217.194.0-255,2902,184252,76,240288
4179,0.001776,172.31.40.0-255,66,184318,76,240288
4180,0.001781,172.217.194.0-255,4320,188638,76,240288
4181,0.001783,172.31.40.0-255,66,188704,76,240288
4182,0.001814,172.31.40.0-255,66,188770,76,240288
4183,0.001836,172.217.194.0-255,5738,194508,76,240288
4184,0.001838,172.31.40.0-255,66,194574,76,240288
4185,0.001867,172.217.194.0-255,5020,199594,76,240288
4186,0.00187,172.31.40.0-255,66,199660,76,240288
4187,0.004146,172.217.194.0-255,5738,205398,76,240288
4188,0.004153,172.31.40.0-255,66,205464,76,240288
4189,0.006424,172.217.194.0-255,5738,211202,76,240288
4190,0.006432,172.31.40.0-255,66,211268,76,240288
4191,0.00869,172.217.194.0-255,5738,217006,76,240288
4192,0.008695,172.31.40.0-255,66,217072,76,240288
4193,0.010965,172.217.194.0-255,5738,222810,76,240288
4194,0.010971,172.31.40.0-255,66,222876,76,240288
4195,0.01322,172.217.194.0-255,5738,228614,76,240288
4196,0.013228,172.31.40.0-255,66,228680,76,240288
4197,0.015499,172.217.194.0-255,5738,234418,76,240288
4198,0.015507,172.31.40.0-255,66,234484,76,240288
4199,0.01775,172.217.194.0-255,5738,240222,76,240288
4200,0.017758,172.31.40.0-255,66,240288,76,240288
4201,0.0,74.125.68.0-255,153,153,76,314141
4202,2e-05,172.31.40.0-255,66,219,76,314141
4203,2.7e-05,74.125.68.0-255,1484,1703,76,314141
4204,3.2e-05,172.31.40.0-255,66,1769,76,314141
4205,3.5e-05,74.125.68.0-255,1484,3253,76,314141
4206,3.7e-05,172.31.40.0-255,66,3319,76,314141
4207,5e-05,74.125.68.0-255,2902,6221,76,314141
4208,5.4e-05,172.31.40.0-255,66,6287,76,314141
4209,6.1e-05,74.125.68.0-255,5738,12025,76,314141
4210,6.4e-05,172.31.40.0-255,66,12091,76,314141
4211,9.9e-05,74.125.68.0-255,3457,15548,76,314141
4212,0.000102,172.31.40.0-255,66,15614,76,314141
4213,0.000107,74.125.68.0-255,4320,19934,76,314141
4214,0.00011,172.31.40.0-255,66,20000,76,314141
4215,0.00015,172.31.40.0-255,66,20066,76,314141
4216,0.000174,74.125.68.0-255,1125,21191,76,314141
4217,0.000177,172.31.40.0-255,66,21257,76,314141
4218,0.000244,74.125.68.0-255,1484,22741,76,314141
4219,0.000247,172.31.40.0-255,66,22807,76,314141
4220,0.000252,74.125.68.0-255,2902,25709,76,314141
4221,0.000255,172.31.40.0-255,66,25775,76,314141
4222,0.000286,74.125.68.0-255,5738,31513,76,314141
4223,0.000289,172.31.40.0-255,66,31579,76,314141
4224,0.000295,74.125.68.0-255,5738,37317,76,314141
4225,0.000297,172.31.40.0-255,66,37383,76,314141
4226,0.000326,74.125.68.0-255,6797,44180,76,314141
4227,0.000329,172.31.40.0-255,66,44246,76,314141
4228,0.000334,74.125.68.0-255,2902,47148,76,314141
4229,0.000336,172.31.40.0-255,66,47214,76,314141
4230,0.000359,74.125.68.0-255,4320,51534,76,314141
4231,0.000361,172.31.40.0-255,66,51600,76,314141
4232,0.000391,74.125.68.0-255,4272,55872,76,314141
4233,0.000393,172.31.40.0-255,66,55938,76,314141
4234,0.000413,74.125.68.0-255,111,56049,76,314141
4235,0.00045,74.125.68.0-255,1484,57533,76,314141
4236,0.000453,172.31.40.0-255,66,57599,76,314141
4237,0.000456,74.125.68.0-255,1484,59083,76,314141
4238,0.00048,74.125.68.0-255,1484,60567,76,314141
4239,0.000482,172.31.40.0-255,66,60633,76,314141
4240,0.000489,74.125.68.0-255,5738,66371,76,314141
4241,0.000492,172.31.40.0-255,66,66437,76,314141
4242,0.000511,74.125.68.0-255,1484,67921,76,314141
4243,0.000516,74.125.68.0-255,2902,70823,76,314141
4244,0.000519,172.31.40.0-255,66,70889,76,314141
4245,0.000525,74.125.68.0-255,4320,75209,76,314141
4246,0.000527,172.31.40.0-255,66,75275,76,314141
4247,0.000538,172.31.40.0-255,66,75341,76,314141
4248,0.000543,74.125.68.0-255,4320,79661,76,314141
4249,0.000591,74.125.68.0-255,1868,81529,76,314141
4250,0.000595,74.125.68.0-255,1484,83013,76,314141
4251,0.000609,74.125.68.0-255,1484,84497,76,314141
4252,0.000621,74.125.68.0-255,1484,85981,76,314141
4253,0.000642,74.125.68.0-255,5738,91719,76,314141
4254,0.000667,74.125.68.0-255,6783,98502,76,314141
4255,0.000719,172.31.40.0-255,66,98568,76,314141
4256,0.000811,74.125.68.0-255,1484,100052,76,314141
4257,0.000815,74.125.68.0-255,1484,101536,76,314141
4258,0.000822,172.31.40.0-255,66,101602,76,314141
4259,0.000829,74.125.68.0-255,1484,103086,76,314141
4260,0.000836,74.125.68.0-255,5738,108824,76,314141
4261,0.000848,172.31.40.0-255,66,108890,76,314141
4262,0.000859,74.125.68.0-255,4320,113210,76,314141
4263,0.000868,74.125.68.0-255,2902,116112,76,314141
4264,0.000887,74.125.68.0-255,2902,119014,76,314141
4265,0.000893,74.125.68.0-255,4320,123334,76,314141
4266,0.000898,172.31.40.0-255,66,123400,76,314141
4267,0.000928,74.125.68.0-255,7156,130556,76,314141
4268,0.000932,74.125.68.0-255,2184,132740,76,314141
4269,0.000937,172.31.40.0-255,66,132806,76,314141
4270,0.000981,172.31.40.0-255,66,132872,76,314141
4271,0.001,74.125.68.0-255,5738,138610,76,314141
4272,0.001003,74.125.68.0-255,115,138725,76,314141
4273,0.001046,74.125.68.0-255,1484,140209,76,314141
4274,0.00105,74.125.68.0-255,2902,143111,76,314141
4275,0.001057,74.125.68.0-255,7156,150267,76,314141
4276,0.001106,74.125.68.0-255,4320,154587,76,314141
4277,0.00111,172.31.40.0-255,66,154653,76,314141
4278,0.001115,172.31.40.0-255,66,154719,76,314141
4279,0.001127,74.125.68.0-255,2902,157621,76,314141
4280,0.001154,172.31.40.0-255,66,157687,76,314141
4281,0.001165,74.125.68.0-255,2902,160589,76,314141
4282,0.001184,74.125.68.0-255,3602,164191,76,314141
4283,0.001196,172.31.40.0-255,66,164257,76,314141
4284,0.001369,74.125.68.0-255,1484,165741,76,314141
4285,0.00139,74.125.68.0-255,2902,168643,76,314141
4286,0.001394,74.125.68.0-255,2902,171545,76,314141
4287,0.001408,74.125.68.0-255,2902,174447,76,314141
4288,0.001413,74.125.68.0-255,2902,177349,76,314141
4289,0.001418,172.31.40.0-255,66,177415,76,314141
4290,0.001429,74.125.68.0-255,4320,181735,76,314141
4291,0.001448,74.125.68.0-255,1484,183219,76,314141
4292,0.001451,172.31.40.0-255,66,183285,76,314141
4293,0.001486,74.125.68.0-255,7156,190441,76,314141
4294,0.001493,74.125.68.0-255,5738,196179,76,314141
4295,0.001508,172.31.40.0-255,66,196245,76,314141
4296,0.001531,74.125.68.0-255,2184,198429,76,314141
4297,0.001545,172.31.40.0-255,66,198495,76,314141
4298,0.00157,74.125.68.0-255,2902,201397,76,314141
4299,0.001573,74.125.68.0-255,1484,202881,76,314141
4300,0.00158,172.31.40.0-255,66,202947,76,314141
4301,0.001588,74.125.68.0-255,2902,205849,76,314141
4302,0.001607,74.125.68.0-255,4320,210169,76,314141
4303,0.001611,172.31.40.0-255,66,210235,76,314141
4304,0.001637,74.125.68.0-255,4320,214555,76,314141
4305,0.001648,74.125.68.0-255,4320,218875,76,314141
4306,0.001671,74.125.68.0-255,4320,223195,76,314141
4307,0.001677,172.31.40.0-255,66,223261,76,314141
4308,0.001723,172.31.40.0-255,66,223327,76,314141
4309,0.001726,74.125.68.0-255,1484,224811,76,314141
4310,0.001752,74.125.68.0-255,2902,227713,76,314141
4311,0.001759,74.125.68.0-255,5738,233451,76,314141
4312,0.001768,172.31.40.0-255,66,233517,76,314141
4313,0.001776,74.125.68.0-255,2902,236419,76,314141
4314,0.001787,172.31.40.0-255,66,236485,76,314141
4315,0.001794,74.125.68.0-255,1484,237969,76,314141
4316,0.001847,172.31.40.0-255,66,238035,76,314141
4317,0.001874,74.125.68.0-255,2184,240219,76,314141
4318,0.001895,74.125.68.0-255,2902,243121,76,314141
4319,0.0019,172.31.40.0-255,66,243187,76,314141
4320,0.001928,74.125.68.0-255,7156,250343,76,314141
4321,0.001931,74.125.68.0-255,1484,251827,76,314141
4322,0.001945,172.31.40.0-255,66,251893,76,314141
4323,0.001966,74.125.68.0-255,7156,259049,76,314141
4324,0.001971,74.125.68.0-255,2902,261951,76,314141
4325,0.001984,74.125.68.0-255,7156,269107,76,314141
4326,0.001996,74.125.68.0-255,1484,270591,76,314141
4327,0.002056,74.125.68.0-255,4320,274911,76,314141
4328,0.002127,74.125.68.0-255,2184,277095,76,314141
4329,0.002146,74.125.68.0-255,1484,278579,76,314141
4330,0.002165,74.125.68.0-255,2902,281481,76,314141
4331,0.002178,74.125.68.0-255,2902,284383,76,314141
4332,0.002202,74.125.68.0-255,2902,287285,76,314141
4333,0.002206,74.125.68.0-255,2902,290187,76,314141
4334,0.002219,74.125.68.0-255,4320,294507,76,314141
4335,0.002235,74.125.68.0-255,5738,300245,76,314141
4336,0.002238,74.125.68.0-255,1484,301729,76,314141
4337,0.002253,74.125.68.0-255,4320,306049,76,314141
4338,0.002275,74.125.68.0-255,5020,311069,76,314141
4339,0.002292,74.125.68.0-255,2730,313799,76,314141
4340,0.002351,74.125.68.0-255,105,313904,76,314141
4341,0.006048,172.31.40.0-255,66,313970,76,314141
4342,0.008648,172.31.40.0-255,105,314075,76,314141
4343,0.011004,74.125.68.0-255,66,314141,76,314141
4344,0.0,172.217.194.0-255,153,153,76,157810
4345,1.8e-05,172.31.40.0-255,66,219,76,157810
4346,2.5e-05,172.217.194.0-255,1484,1703,76,157810
4347,2.9e-05,172.31.40.0-255,66,1769,76,157810
4348,3.6e-05,172.217.194.0-255,2902,4671,76,157810
4349,3.9e-05,172.31.40.0-255,66,4737,76,157810
4350,4.6e-05,172.217.194.0-255,5738,10475,76,157810
4351,4.9e-05,172.31.40.0-255,66,10541,76,157810
4352,8.9e-05,172.217.194.0-255,3583,14124,76,157810
4353,9.1e-05,172.31.40.0-255,66,14190,76,157810
4354,0.000148,172.217.194.0-255,1484,15674,76,157810
4355,0.000152,172.31.40.0-255,66,15740,76,157810
4356,0.000165,172.217.194.0-255,1484,17224,76,157810
4357,0.000167,172.31.40.0-255,66,17290,76,157810
4358,0.000191,172.217.194.0-255,1484,18774,76,157810
4359,0.000194,172.31.40.0-255,66,18840,76,157810
4360,0.000201,172.217.194.0-255,5738,24578,76,157810
4361,0.000203,172.31.40.0-255,66,24644,76,157810
4362,0.00021,172.217.194.0-255,6797,31441,76,157810
4363,0.000213,172.31.40.0-255,66,31507,76,157810
4364,0.000254,172.217.194.0-255,5738,37245,76,157810
4365,0.000257,172.31.40.0-255,66,37311,76,157810
4366,0.000288,172.31.40.0-255,66,37377,76,157810
4367,0.000293,172.217.194.0-255,2543,39920,76,157810
4368,0.000295,172.31.40.0-255,66,39986,76,157810
4369,0.001027,172.217.194.0-255,1484,41470,76,157810
4370,0.001034,172.31.40.0-255,66,41536,76,157810
4371,0.001043,172.217.194.0-255,2902,44438,76,157810
4372,0.001045,172.31.40.0-255,66,44504,76,157810
4373,0.001049,172.217.194.0-255,1484,45988,76,157810
4374,0.001051,172.31.40.0-255,66,46054,76,157810
4375,0.001095,172.217.194.0-255,4320,50374,76,157810
4376,0.001098,172.31.40.0-255,66,50440,76,157810
4377,0.001115,172.217.194.0-255,1484,51924,76,157810
4378,0.001136,172.217.194.0-255,5958,57882,76,157810
4379,0.001138,172.31.40.0-255,66,57948,76,157810
4380,0.001154,172.217.194.0-255,1484,59432,76,157810
4381,0.00117,172.217.194.0-255,5738,65170,76,157810
4382,0.001173,172.31.40.0-255,66,65236,76,157810
4383,0.00119,172.217.194.0-255,2902,68138,76,157810
4384,0.001192,172.31.40.0-255,66,68204,76,157810
4385,0.001217,172.217.194.0-255,5738,73942,76,157810
4386,0.001219,172.31.40.0-255,66,74008,76,157810
4387,0.001225,172.217.194.0-255,5738,79746,76,157810
4388,0.001227,172.31.40.0-255,66,79812,76,157810
4389,0.001239,172.217.194.0-255,2902,82714,76,157810
4390,0.001241,172.31.40.0-255,66,82780,76,157810
4391,0.001274,172.31.40.0-255,66,82846,76,157810
4392,0.001277,172.217.194.0-255,1125,83971,76,157810
4393,0.001485,172.217.194.0-255,1484,85455,76,157810
4394,0.001491,172.31.40.0-255,66,85521,76,157810
4395,0.001497,172.217.194.0-255,2902,88423,76,157810
4396,0.001499,172.31.40.0-255,66,88489,76,157810
4397,0.001513,172.217.194.0-255,2902,91391,76,157810
4398,0.001515,172.31.40.0-255,66,91457,76,157810
4399,0.001537,172.217.194.0-255,2902,94359,76,157810
4400,0.001539,172.31.40.0-255,66,94425,76,157810
4401,0.001542,172.217.194.0-255,1484,95909,76,157810
4402,0.001571,172.217.194.0-255,2902,98811,76,157810
4403,0.001574,172.31.40.0-255,66,98877,76,157810
4404,0.00159,172.217.194.0-255,1981,100858,76,157810
4405,0.001592,172.31.40.0-255,66,100924,76,157810
4406,0.001667,172.217.194.0-255,1484,102408,76,157810
4407,0.001673,172.217.194.0-255,2902,105310,76,157810
4408,0.001676,172.31.40.0-255,66,105376,76,157810
4409,0.001704,172.217.194.0-255,5738,111114,76,157810
4410,0.001707,172.31.40.0-255,66,111180,76,157810
4411,0.001734,172.217.194.0-255,4320,115500,76,157810
4412,0.001736,172.31.40.0-255,66,115566,76,157810
4413,0.00176,172.31.40.0-255,66,115632,76,157810
4414,0.001763,172.217.194.0-255,1484,117116,76,157810
4415,0.001791,172.31.40.0-255,66,117182,76,157810
4416,0.004365,172.217.194.0-255,5738,122920,76,157810
4417,0.004372,172.31.40.0-255,66,122986,76,157810
4418,0.00694,172.217.194.0-255,5738,128724,76,157810
4419,0.006946,172.31.40.0-255,66,128790,76,157810
4420,0.009534,172.217.194.0-255,5738,134528,76,157810
4421,0.009542,172.31.40.0-255,66,134594,76,157810
4422,0.012145,172.217.194.0-255,5738,140332,76,157810
4423,0.012151,172.31.40.0-255,66,140398,76,157810
4424,0.014744,172.217.194.0-255,5738,146136,76,157810
4425,0.014751,172.31.40.0-255,66,146202,76,157810
4426,0.017333,172.217.194.0-255,5738,151940,76,157810
4427,0.017341,172.31.40.0-255,66,152006,76,157810
4428,0.019904,172.217.194.0-255,5738,157744,76,157810
4429,0.019911,172.31.40.0-255,66,157810,76,157810
4430,0.0,172.217.194.0-255,146,146,76,192914
4431,2.3e-05,172.31.40.0-255,66,212,76,192914
4432,3e-05,172.217.194.0-255,1484,1696,76,192914
4433,3.4e-05,172.31.40.0-255,66,1762,76,192914
4434,4e-05,172.217.194.0-255,2902,4664,76,192914
4435,4.3e-05,172.31.40.0-255,66,4730,76,192914
4436,4.9e-05,172.217.194.0-255,5738,10468,76,192914
4437,5.1e-05,172.31.40.0-255,66,10534,76,192914
4438,8.7e-05,172.217.194.0-255,3554,14088,76,192914
4439,9e-05,172.31.40.0-255,66,14154,76,192914
4440,9.6e-05,172.217.194.0-255,4320,18474,76,192914
4441,9.9e-05,172.31.40.0-255,66,18540,76,192914
4442,0.000129,172.31.40.0-255,66,18606,76,192914
4443,0.000153,172.217.194.0-255,2543,21149,76,192914
4444,0.000155,172.31.40.0-255,66,21215,76,192914
4445,0.000333,172.217.194.0-255,1484,22699,76,192914
4446,0.000339,172.31.40.0-255,66,22765,76,192914
4447,0.000344,172.217.194.0-255,2902,25667,76,192914
4448,0.000346,172.31.40.0-255,66,25733,76,192914
4449,0.00035,172.217.194.0-255,2902,28635,76,192914
4450,0.000352,172.31.40.0-255,66,28701,76,192914
4451,0.000375,172.217.194.0-255,2902,31603,76,192914
4452,0.000378,172.31.40.0-255,66,31669,76,192914
4453,0.000403,172.217.194.0-255,6797,38466,76,192914
4454,0.000405,172.31.40.0-255,66,38532,76,192914
4455,0.000471,172.217.194.0-255,1484,40016,76,192914
4456,0.000475,172.31.40.0-255,66,40082,76,192914
4457,0.00048,172.217.194.0-255,2902,42984,76,192914
4458,0.000482,172.31.40.0-255,66,43050,76,192914
4459,0.000511,172.217.194.0-255,1484,44534,76,192914
4460,0.000513,172.31.40.0-255,66,44600,76,192914
4461,0.000535,172.217.194.0-255,4320,48920,76,192914
4462,0.000538,172.31.40.0-255,66,48986,76,192914
4463,0.000545,172.217.194.0-255,6797,55783,76,192914
4464,0.000547,172.31.40.0-255,66,55849,76,192914
4465,0.00055,172.217.194.0-255,678,56527,76,192914
4466,0.000628,172.217.194.0-255,1484,58011,76,192914
4467,0.000632,172.31.40.0-255,66,58077,76,192914
4468,0.000638,172.217.194.0-255,2902,60979,76,192914
4469,0.00064,172.31.40.0-255,66,61045,76,192914
4470,0.000646,172.217.194.0-255,5738,66783,76,192914
4471,0.000649,172.31.40.0-255,66,66849,76,192914
4472,0.000654,172.217.194.0-255,4320,71169,76,192914
4473,0.000658,172.31.40.0-255,66,71235,76,192914
4474,0.000682,172.217.194.0-255,2543,73778,76,192914
4475,0.000685,172.31.40.0-255,66,73844,76,192914
4476,0.000692,172.217.194.0-255,5738,79582,76,192914
4477,0.000694,172.31.40.0-255,66,79648,76,192914
4478,0.000717,172.31.40.0-255,66,79714,76,192914
4479,0.000721,172.217.194.0-255,2543,82257,76,192914
4480,0.000723,172.31.40.0-255,66,82323,76,192914
4481,0.001139,172.217.194.0-255,1484,83807,76,192914
4482,0.001146,172.217.194.0-255,2902,86709,76,192914
4483,0.00115,172.31.40.0-255,66,86775,76,192914
4484,0.001154,172.217.194.0-255,1484,88259,76,192914
4485,0.001174,172.217.194.0-255,4320,92579,76,192914
4486,0.001177,172.31.40.0-255,66,92645,76,192914
4487,0.001217,172.31.40.0-255,66,92711,76,192914
4488,0.001229,172.31.40.0-255,66,92777,76,192914
4489,0.001281,172.31.40.0-255,101,92878,76,192914
4490,0.001753,172.217.194.0-255,1484,94362,76,192914
4491,0.001761,172.217.194.0-255,2902,97264,76,192914
4492,0.001765,172.31.40.0-255,66,97330,76,192914
4493,0.001772,172.217.194.0-255,5738,103068,76,192914
4494,0.001774,172.31.40.0-255,66,103134,76,192914
4495,0.001806,172.31.40.0-255,66,103200,76,192914
4496,0.001821,172.217.194.0-255,1484,104684,76,192914
4497,0.001824,172.217.194.0-255,1484,106168,76,192914
4498,0.001826,172.31.40.0-255,66,106234,76,192914
4499,0.001862,172.31.40.0-255,66,106300,76,192914
4500,0.001874,172.31.40.0-255,66,106366,76,192914
4501,0.001877,172.217.194.0-255,1484,107850,76,192914
4502,0.001902,172.31.40.0-255,66,107916,76,192914
4503,0.001926,172.217.194.0-255,5738,113654,76,192914
4504,0.001929,172.31.40.0-255,66,113720,76,192914
4505,0.001931,172.217.194.0-255,766,114486,76,192914
4506,0.001934,172.217.194.0-255,1484,115970,76,192914
4507,0.001935,172.31.40.0-255,66,116036,76,192914
4508,0.001941,172.217.194.0-255,4320,120356,76,192914
4509,0.001943,172.31.40.0-255,66,120422,76,192914
4510,0.001954,172.31.40.0-255,66,120488,76,192914
4511,0.001968,172.217.194.0-255,1484,121972,76,192914
4512,0.001989,172.217.194.0-255,7156,129128,76,192914
4513,0.001991,172.31.40.0-255,66,129194,76,192914
4514,0.00202,172.31.40.0-255,66,129260,76,192914
4515,0.002069,172.217.194.0-255,1484,130744,76,192914
4516,0.002075,172.217.194.0-255,2902,133646,76,192914
4517,0.002077,172.31.40.0-255,66,133712,76,192914
4518,0.002084,172.217.194.0-255,5738,139450,76,192914
4519,0.002086,172.31.40.0-255,66,139516,76,192914
4520,0.002129,172.31.40.0-255,66,139582,76,192914
4521,0.002141,172.31.40.0-255,66,139648,76,192914
4522,0.002159,172.217.194.0-255,2184,141832,76,192914
4523,0.002161,172.31.40.0-255,66,141898,76,192914
4524,0.002261,172.217.194.0-255,1484,143382,76,192914
4525,0.002266,172.217.194.0-255,2902,146284,76,192914
4526,0.00227,172.31.40.0-255,66,146350,76,192914
4527,0.002277,172.217.194.0-255,5738,152088,76,192914
4528,0.002279,172.31.40.0-255,66,152154,76,192914
4529,0.002282,172.217.194.0-255,1484,153638,76,192914
4530,0.003501,172.217.194.0-255,66,153704,76,192914
4531,0.004543,172.217.194.0-255,4320,158024,76,192914
4532,0.004554,172.31.40.0-255,66,158090,76,192914
4533,0.006823,172.217.194.0-255,5738,163828,76,192914
4534,0.006834,172.31.40.0-255,66,163894,76,192914
4535,0.009106,172.217.194.0-255,5738,169632,76,192914
4536,0.00911,172.31.40.0-255,66,169698,76,192914
4537,0.011391,172.217.194.0-255,5738,175436,76,192914
4538,0.011399,172.31.40.0-255,66,175502,76,192914
4539,0.013687,172.217.194.0-255,5738,181240,76,192914
4540,0.013702,172.31.40.0-255,66,181306,76,192914
4541,0.015983,172.217.194.0-255,5738,187044,76,192914
4542,0.015997,172.31.40.0-255,66,187110,76,192914
4543,0.018273,172.217.194.0-255,5738,192848,76,192914
4544,0.01828,172.31.40.0-255,66,192914,76,192914
4545,0.0,74.125.24.0-255,217,217,76,172982
4546,2.2e-05,172.31.40.0-255,66,283,76,172982
4547,2.9e-05,74.125.24.0-255,1484,1767,76,172982
4548,3.2e-05,172.31.40.0-255,66,1833,76,172982
4549,4.7e-05,74.125.24.0-255,4320,6153,76,172982
4550,5.1e-05,172.31.40.0-255,66,6219,76,172982
4551,8.9e-05,172.31.40.0-255,66,6285,76,172982
4552,0.0001,172.31.40.0-255,66,6351,76,172982
4553,0.000131,74.125.24.0-255,2902,9253,76,172982
4554,0.000134,172.31.40.0-255,66,9319,76,172982
4555,0.00016,74.125.24.0-255,2543,11862,76,172982
4556,0.000162,172.31.40.0-255,66,11928,76,172982
4557,0.000192,74.125.24.0-255,1484,13412,76,172982
4558,0.000195,172.31.40.0-255,66,13478,76,172982
4559,0.000199,74.125.24.0-255,2902,16380,76,172982
4560,0.000201,172.31.40.0-255,66,16446,76,172982
4561,0.000204,74.125.24.0-255,1484,17930,76,172982
4562,0.000206,172.31.40.0-255,66,17996,76,172982
4563,0.000237,74.125.24.0-255,4320,22316,76,172982
4564,0.000239,172.31.40.0-255,66,22382,76,172982
4565,0.000246,74.125.24.0-255,6797,29179,76,172982
4566,0.000249,172.31.40.0-255,66,29245,76,172982
4567,0.000253,74.125.24.0-255,2902,32147,76,172982
4568,0.000256,172.31.40.0-255,66,32213,76,172982
4569,0.000293,74.125.24.0-255,4320,36533,76,172982
4570,0.000297,172.31.40.0-255,66,36599,76,172982
4571,0.000308,172.31.40.0-255,66,36665,76,172982
4572,0.000373,74.125.24.0-255,381,37046,76,172982
4573,0.000376,172.31.40.0-255,66,37112,76,172982
4574,0.00052,74.125.24.0-255,1484,38596,76,172982
4575,0.000528,74.125.24.0-255,2902,41498,76,172982
4576,0.000531,172.31.40.0-255,66,41564,76,172982
4577,0.000537,74.125.24.0-255,4320,45884,76,172982
4578,0.000539,172.31.40.0-255,66,45950,76,172982
4579,0.000559,74.125.24.0-255,1484,47434,76,172982
4580,0.000563,74.125.24.0-255,2902,50336,76,172982
4581,0.000566,172.31.40.0-255,66,50402,76,172982
4582,0.000595,172.31.40.0-255,66,50468,76,172982
4583,0.000649,172.31.40.0-255,66,50534,76,172982
4584,0.000759,74.125.24.0-255,1484,52018,76,172982
4585,0.00078,74.125.24.0-255,2902,54920,76,172982
4586,0.000783,172.31.40.0-255,66,54986,76,172982
4587,0.000789,74.125.24.0-255,5738,60724,76,172982
4588,0.000793,172.31.40.0-255,66,60790,76,172982
4589,0.000821,74.125.24.0-255,2902,63692,76,172982
4590,0.000824,172.31.40.0-255,66,63758,76,172982
4591,0.000861,172.31.40.0-255,66,63824,76,172982
4592,0.000866,74.125.24.0-255,4320,68144,76,172982
4593,0.000869,172.31.40.0-255,66,68210,76,172982
4594,0.000872,74.125.24.0-255,1484,69694,76,172982
4595,0.000909,74.125.24.0-255,5020,74714,76,172982
4596,0.000912,172.31.40.0-255,66,74780,76,172982
4597,0.000975,74.125.24.0-255,1484,76264,76,172982
4598,0.00099,74.125.24.0-255,2902,79166,76,172982
4599,0.000994,172.31.40.0-255,66,79232,76,172982
4600,0.000998,74.125.24.0-255,2902,82134,76,172982
4601,0.001001,172.31.40.0-255,66,82200,76,172982
4602,0.00102,74.125.24.0-255,2902,85102,76,172982
4603,0.001024,74.125.24.0-255,2902,88004,76,172982
4604,0.001034,172.31.40.0-255,66,88070,76,172982
4605,0.001036,172.31.40.0-255,66,88136,76,172982
4606,0.001061,172.31.40.0-255,66,88202,76,172982
4607,0.001068,74.125.24.0-255,7156,95358,76,172982
4608,0.001071,172.31.40.0-255,66,95424,76,172982
4609,0.001103,74.125.24.0-255,7156,102580,76,172982
4610,0.001106,172.31.40.0-255,66,102646,76,172982
4611,0.001131,172.31.40.0-255,66,102712,76,172982
4612,0.001151,172.31.40.0-255,66,102778,76,172982
4613,0.001154,74.125.24.0-255,1484,104262,76,172982
4614,0.001179,74.125.24.0-255,5020,109282,76,172982
4615,0.001182,172.31.40.0-255,66,109348,76,172982
4616,0.001223,74.125.24.0-255,1484,110832,76,172982
4617,0.001259,74.125.24.0-255,2902,113734,76,172982
4618,0.001262,172.31.40.0-255,66,113800,76,172982
4619,0.001267,74.125.24.0-255,2902,116702,76,172982
4620,0.001269,172.31.40.0-255,66,116768,76,172982
4621,0.001293,74.125.24.0-255,2902,119670,76,172982
4622,0.001296,172.31.40.0-255,66,119736,76,172982
4623,0.001311,172.31.40.0-255,66,119802,76,172982
4624,0.001314,74.125.24.0-255,1484,121286,76,172982
4625,0.001354,172.31.40.0-255,66,121352,76,172982
4626,0.001492,74.125.24.0-255,1484,122836,76,172982
4627,0.001496,74.125.24.0-255,1484,124320,76,172982
4628,0.0015,172.31.40.0-255,66,124386,76,172982
4629,0.001521,74.125.24.0-255,1484,125870,76,172982
4630,0.001528,74.125.24.0-255,5738,131608,76,172982
4631,0.001532,172.31.40.0-255,66,131674,76,172982
4632,0.001568,172.31.40.0-255,66,131740,76,172982
4633,0.001604,74.125.24.0-255,2902,134642,76,172982
4634,0.001607,172.31.40.0-255,66,134708,76,172982
4635,0.001621,172.31.40.0-255,66,134774,76,172982
4636,0.001625,74.125.24.0-255,2902,137676,76,172982
4637,0.001627,172.31.40.0-255,66,137742,76,172982
4638,0.001679,172.31.40.0-255,66,137808,76,172982
4639,0.001708,74.125.24.0-255,4320,142128,76,172982
4640,0.001712,172.31.40.0-255,66,142194,76,172982
4641,0.001725,172.31.40.0-255,66,142260,76,172982
4642,0.001728,74.125.24.0-255,1484,143744,76,172982
4643,0.001733,74.125.24.0-255,2902,146646,76,172982
4644,0.001735,172.31.40.0-255,66,146712,76,172982
4645,0.001741,74.125.24.0-255,5738,152450,76,172982
4646,0.001743,172.31.40.0-255,66,152516,76,172982
4647,0.001755,172.31.40.0-255,66,152582,76,172982
4648,0.001792,74.125.24.0-255,2902,155484,76,172982
4649,0.001795,172.31.40.0-255,66,155550,76,172982
4650,0.001804,172.31.40.0-255,66,155616,76,172982
4651,0.00182,74.125.24.0-255,4320,159936,76,172982
4652,0.001826,172.31.40.0-255,66,160002,76,172982
4653,0.001871,172.31.40.0-255,66,160068,76,172982
4654,0.001879,74.125.24.0-255,7156,167224,76,172982
4655,0.001882,172.31.40.0-255,66,167290,76,172982
4656,0.00192,172.31.40.0-255,66,167356,76,172982
4657,0.001935,172.31.40.0-255,66,167422,76,172982
4658,0.001987,172.31.40.0-255,66,167488,76,172982
4659,0.001993,74.125.24.0-255,5020,172508,76,172982
4660,0.001995,172.31.40.0-255,66,172574,76,172982
4661,0.002008,172.31.40.0-255,66,172640,76,172982
4662,0.00201,74.125.24.0-255,105,172745,76,172982
4663,0.012173,172.31.40.0-255,66,172811,76,172982
4664,0.012217,172.31.40.0-255,105,172916,76,172982
4665,0.0146,74.125.24.0-255,66,172982,76,172982
4666,0.0,172.217.194.0-255,296,296,76,177742
4667,2.4e-05,172.31.40.0-255,66,362,76,177742
4668,3.1e-05,172.217.194.0-255,1484,1846,76,177742
4669,3.6e-05,172.31.40.0-255,66,1912,76,177742
4670,4.2e-05,172.217.194.0-255,4320,6232,76,177742
4671,5.2e-05,172.31.40.0-255,66,6298,76,177742
4672,6.4e-05,172.31.40.0-255,66,6364,76,177742
4673,6.9e-05,172.217.194.0-255,2902,9266,76,177742
4674,7.1e-05,172.31.40.0-255,66,9332,76,177742
4675,0.000124,172.31.40.0-255,66,9398,76,177742
4676,0.000127,172.217.194.0-255,1125,10523,76,177742
4677,0.000129,172.31.40.0-255,66,10589,76,177742
4678,0.000132,172.217.194.0-255,1484,12073,76,177742
4679,0.000134,172.31.40.0-255,66,12139,76,177742
4680,0.000146,172.217.194.0-255,4320,16459,76,177742
4681,0.000148,172.31.40.0-255,66,16525,76,177742
4682,0.00016,172.31.40.0-255,66,16591,76,177742
4683,0.000173,172.217.194.0-255,1484,18075,76,177742
4684,0.000175,172.31.40.0-255,66,18141,76,177742
4685,0.000183,172.217.194.0-255,7156,25297,76,177742
4686,0.000189,172.31.40.0-255,66,25363,76,177742
4687,0.000211,172.217.194.0-255,1484,26847,76,177742
4688,0.000213,172.31.40.0-255,66,26913,76,177742
4689,0.000245,172.31.40.0-255,66,26979,76,177742
4690,0.000304,172.217.194.0-255,1484,28463,76,177742
4691,0.000307,172.31.40.0-255,66,28529,76,177742
4692,0.00031,172.217.194.0-255,1484,30013,76,177742
4693,0.000313,172.31.40.0-255,66,30079,76,177742
4694,0.000334,172.217.194.0-255,1484,31563,76,177742
4695,0.000345,172.217.194.0-255,5738,37301,76,177742
4696,0.000348,172.31.40.0-255,66,37367,76,177742
4697,0.000404,172.217.194.0-255,6797,44164,76,177742
4698,0.000406,172.31.40.0-255,66,44230,76,177742
4699,0.000413,172.217.194.0-255,5738,49968,76,177742
4700,0.000416,172.31.40.0-255,66,50034,76,177742
4701,0.000442,172.217.194.0-255,1484,51518,76,177742
4702,0.000455,172.31.40.0-255,66,51584,76,177742
4703,0.000458,172.217.194.0-255,577,52161,76,177742
4704,0.000651,172.217.194.0-255,1484,53645,76,177742
4705,0.000655,172.31.40.0-255,66,53711,76,177742
4706,0.000661,172.217.194.0-255,2902,56613,76,177742
4707,0.000665,172.31.40.0-255,66,56679,76,177742
4708,0.000676,172.217.194.0-255,5738,62417,76,177742
4709,0.000679,172.31.40.0-255,66,62483,76,177742
4710,0.000686,172.217.194.0-255,7156,69639,76,177742
4711,0.000689,172.31.40.0-255,66,69705,76,177742
4712,0.000736,172.31.40.0-255,66,69771,76,177742
4713,0.00074,172.217.194.0-255,2184,71955,76,177742
4714,0.000742,172.31.40.0-255,66,72021,76,177742
4715,0.000881,172.217.194.0-255,1484,73505,76,177742
4716,0.000887,172.217.194.0-255,2902,76407,76,177742
4717,0.000891,172.31.40.0-255,66,76473,76,177742
4718,0.000895,172.217.194.0-255,1484,77957,76,177742
4719,0.000924,172.217.194.0-255,4320,82277,76,177742
4720,0.000927,172.31.40.0-255,66,82343,76,177742
4721,0.000941,172.31.40.0-255,66,82409,76,177742
4722,0.000957,172.31.40.0-255,66,82475,76,177742
4723,0.000985,172.217.194.0-255,2184,84659,76,177742
4724,0.000989,172.31.40.0-255,66,84725,76,177742
4725,0.001217,172.217.194.0-255,1484,86209,76,177742
4726,0.00123,172.217.194.0-255,1484,87693,76,177742
4727,0.001233,172.31.40.0-255,66,87759,76,177742
4728,0.001239,172.217.194.0-255,2902,90661,76,177742
4729,0.001241,172.31.40.0-255,66,90727,76,177742
4730,0.001268,172.217.194.0-255,4320,95047,76,177742
4731,0.00127,172.31.40.0-255,66,95113,76,177742
4732,0.001307,172.217.194.0-255,1484,96597,76,177742
4733,0.001331,172.31.40.0-255,66,96663,76,177742
4734,0.001338,172.31.40.0-255,66,96729,76,177742
4735,0.00137,172.31.40.0-255,66,96795,76,177742
4736,0.001398,172.217.194.0-255,4320,101115,76,177742
4737,0.0014,172.31.40.0-255,66,101181,76,177742
4738,0.001413,172.31.40.0-255,66,101247,76,177742
4739,0.001444,172.217.194.0-255,5738,106985,76,177742
4740,0.001447,172.31.40.0-255,66,107051,76,177742
4741,0.001452,172.217.194.0-255,3602,110653,76,177742
4742,0.001454,172.31.40.0-255,66,110719,76,177742
4743,0.001457,172.217.194.0-255,1484,112203,76,177742
4744,0.001507,172.31.40.0-255,66,112269,76,177742
4745,0.001512,172.217.194.0-255,2902,115171,76,177742
4746,0.001514,172.31.40.0-255,66,115237,76,177742
4747,0.001531,172.31.40.0-255,66,115303,76,177742
4748,0.001929,172.217.194.0-255,1484,116787,76,177742
4749,0.001936,172.217.194.0-255,2902,119689,76,177742
4750,0.00194,172.31.40.0-255,66,119755,76,177742
4751,0.001943,172.217.194.0-255,1484,121239,76,177742
4752,0.001968,172.217.194.0-255,4320,125559,76,177742
4753,0.001971,172.31.40.0-255,66,125625,76,177742
4754,0.001974,172.217.194.0-255,1484,127109,76,177742
4755,0.002004,172.217.194.0-255,7156,134265,76,177742
4756,0.002007,172.31.40.0-255,66,134331,76,177742
4757,0.002032,172.217.194.0-255,1484,135815,76,177742
4758,0.002036,172.217.194.0-255,2902,138717,76,177742
4759,0.002041,172.31.40.0-255,66,138783,76,177742
4760,0.002054,172.217.194.0-255,7156,145939,76,177742
4761,0.002061,172.31.40.0-255,66,146005,76,177742
4762,0.002064,172.217.194.0-255,1484,147489,76,177742
4763,0.002089,172.217.194.0-255,2184,149673,76,177742
4764,0.002091,172.31.40.0-255,66,149739,76,177742
4765,0.002155,172.217.194.0-255,1484,151223,76,177742
4766,0.002173,172.217.194.0-255,2902,154125,76,177742
4767,0.002176,172.31.40.0-255,66,154191,76,177742
4768,0.00218,172.217.194.0-255,1484,155675,76,177742
4769,0.002209,172.217.194.0-255,4320,159995,76,177742
4770,0.002212,172.31.40.0-255,66,160061,76,177742
4771,0.002223,172.31.40.0-255,66,160127,76,177742
4772,0.002247,172.217.194.0-255,2902,163029,76,177742
4773,0.00225,172.31.40.0-255,66,163095,76,177742
4774,0.002263,172.31.40.0-255,66,163161,76,177742
4775,0.002299,172.217.194.0-255,1484,164645,76,177742
4776,0.002303,172.217.194.0-255,2902,167547,76,177742
4777,0.002308,172.217.194.0-255,5738,173285,76,177742
4778,0.00231,172.217.194.0-255,1484,174769,76,177742
4779,0.002315,172.31.40.0-255,66,174835,76,177742
4780,0.002318,172.31.40.0-255,66,174901,76,177742
4781,0.002358,172.31.40.0-255,66,174967,76,177742
4782,0.002371,172.31.40.0-255,66,175033,76,177742
4783,0.002419,172.31.40.0-255,66,175099,76,177742
4784,0.002433,172.31.40.0-255,66,175165,76,177742
4785,0.002462,172.217.194.0-255,1484,176649,76,177742
4786,0.002477,172.31.40.0-255,66,176715,76,177742
4787,0.00248,172.217.194.0-255,97,176812,76,177742
4788,0.004682,172.31.40.0-255,66,176878,76,177742
4789,0.00489,172.217.194.0-255,168,177046,76,177742
4790,0.012327,172.31.40.0-255,105,177151,76,177742
4791,0.012374,172.31.40.0-255,105,177256,76,177742
4792,0.012596,172.31.40.0-255,90,177346,76,177742
4793,0.012606,172.31.40.0-255,66,177412,76,177742
4794,0.014721,172.217.194.0-255,66,177478,76,177742
4795,0.014789,172.217.194.0-255,66,177544,76,177742
4796,0.015014,172.217.194.0-255,66,177610,76,177742
4797,0.015031,172.217.194.0-255,66,177676,76,177742
4798,0.015036,172.31.40.0-255,66,177742,76,177742
4799,0.0,172.217.194.0-255,153,153,76,173354
4800,1.5e-05,172.31.40.0-255,66,219,76,173354
4801,2.1e-05,172.217.194.0-255,1484,1703,76,173354
4802,2.6e-05,172.31.40.0-255,66,1769,76,173354
4803,3.1e-05,172.217.194.0-255,2902,4671,76,173354
4804,3.4e-05,172.31.40.0-255,66,4737,76,173354
4805,4.2e-05,172.217.194.0-255,7156,11893,76,173354
4806,4.4e-05,172.31.40.0-255,66,11959,76,173354
4807,4.9e-05,172.217.194.0-255,3485,15444,76,173354
4808,5.2e-05,172.31.40.0-255,66,15510,76,173354
4809,9.3e-05,172.31.40.0-255,66,15576,76,173354
4810,9.8e-05,172.217.194.0-255,2543,18119,76,173354
4811,0.0001,172.31.40.0-255,66,18185,76,173354
4812,0.000142,172.217.194.0-255,1484,19669,76,173354
4813,0.000145,172.31.40.0-255,66,19735,76,173354
4814,0.000148,172.217.194.0-255,1484,21219,76,173354
4815,0.00015,172.31.40.0-255,66,21285,76,173354
4816,0.000165,172.217.194.0-255,1484,22769,76,173354
4817,0.000168,172.31.40.0-255,66,22835,76,173354
4818,0.000175,172.217.194.0-255,5738,28573,76,173354
4819,0.000177,172.31.40.0-255,66,28639,76,173354
4820,0.00018,172.217.194.0-255,1484,30123,76,173354
4821,0.000182,172.31.40.0-255,66,30189,76,173354
4822,0.000209,172.31.40.0-255,66,30255,76,173354
4823,0.000215,172.217.194.0-255,5738,35993,76,173354
4824,0.000217,172.31.40.0-255,66,36059,76,173354
4825,0.000261,172.217.194.0-255,4252,40311,76,173354
4826,0.000264,172.31.40.0-255,66,40377,76,173354
4827,0.000277,172.217.194.0-255,365,40742,76,173354
4828,0.000279,172.31.40.0-255,66,40808,76,173354
4829,0.000326,172.217.194.0-255,1484,42292,76,173354
4830,0.000341,172.217.194.0-255,4320,46612,76,173354
4831,0.000344,172.31.40.0-255,66,46678,76,173354
4832,0.000351,172.217.194.0-255,5738,52416,76,173354
4833,0.000353,172.31.40.0-255,66,52482,76,173354
4834,0.000415,172.217.194.0-255,5738,58220,76,173354
4835,0.000418,172.31.40.0-255,66,58286,76,173354
4836,0.000445,172.31.40.0-255,66,58352,76,173354
4837,0.000448,172.217.194.0-255,1484,59836,76,173354
4838,0.000473,172.217.194.0-255,5379,65215,76,173354
4839,0.000476,172.31.40.0-255,66,65281,76,173354
4840,0.000962,172.217.194.0-255,1484,66765,76,173354
4841,0.00097,172.217.194.0-255,2902,69667,76,173354
4842,0.000974,172.31.40.0-255,66,69733,76,173354
4843,0.00098,172.217.194.0-255,4320,74053,76,173354
4844,0.000983,172.31.40.0-255,66,74119,76,173354
4845,0.001,172.217.194.0-255,1484,75603,76,173354
4846,0.001014,172.31.40.0-255,66,75669,76,173354
4847,0.001031,172.217.194.0-255,4320,79989,76,173354
4848,0.001033,172.31.40.0-255,66,80055,76,173354
4849,0.001047,172.31.40.0-255,66,80121,76,173354
4850,0.0011,172.31.40.0-255,66,80187,76,173354
4851,0.001125,172.217.194.0-255,7156,87343,76,173354
4852,0.001134,172.217.194.0-255,1484,88827,76,173354
4853,0.001139,172.31.40.0-255,66,88893,76,173354
4854,0.001142,172.31.40.0-255,66,88959,76,173354
4855,0.001166,172.217.194.0-255,2902,91861,76,173354
4856,0.001172,172.217.194.0-255,5738,97599,76,173354
4857,0.001177,172.31.40.0-255,66,97665,76,173354
4858,0.001181,172.31.40.0-255,66,97731,76,173354
4859,0.001203,172.31.40.0-255,66,97797,76,173354
4860,0.001223,172.217.194.0-255,1484,99281,76,173354
4861,0.001229,172.217.194.0-255,4320,103601,76,173354
4862,0.001232,172.31.40.0-255,66,103667,76,173354
4863,0.001263,172.31.40.0-255,66,103733,76,173354
4864,0.001275,172.31.40.0-255,66,103799,76,173354
4865,0.001298,172.217.194.0-255,2902,106701,76,173354
4866,0.0013,172.31.40.0-255,66,106767,76,173354
4867,0.001346,172.31.40.0-255,66,106833,76,173354
4868,0.001354,172.217.194.0-255,7156,113989,76,173354
4869,0.001356,172.31.40.0-255,66,114055,76,173354
4870,0.001367,172.31.40.0-255,66,114121,76,173354
4871,0.001435,172.31.40.0-255,66,114187,76,173354
4872,0.001437,172.217.194.0-255,766,114953,76,173354
4873,0.001467,172.217.194.0-255,1484,116437,76,173354
4874,0.00147,172.31.40.0-255,66,116503,76,173354
4875,0.001475,172.217.194.0-255,2902,119405,76,173354
4876,0.001477,172.31.40.0-255,66,119471,76,173354
4877,0.001492,172.217.194.0-255,4320,123791,76,173354
4878,0.001495,172.31.40.0-255,66,123857,76,173354
4879,0.001512,172.217.194.0-255,1484,125341,76,173354
4880,0.001517,172.217.194.0-255,1484,126825,76,173354
4881,0.001519,172.31.40.0-255,66,126891,76,173354
4882,0.001533,172.31.40.0-255,66,126957,76,173354
4883,0.001538,172.217.194.0-255,2902,129859,76,173354
4884,0.00154,172.31.40.0-255,66,129925,76,173354
4885,0.001568,172.217.194.0-255,6438,136363,76,173354
4886,0.001572,172.31.40.0-255,66,136429,76,173354
4887,0.001606,172.217.194.0-255,1484,137913,76,173354
4888,0.001622,172.217.194.0-255,2902,140815,76,173354
4889,0.001625,172.31.40.0-255,66,140881,76,173354
4890,0.001632,172.217.194.0-255,5738,146619,76,173354
4891,0.001634,172.31.40.0-255,66,146685,76,173354
4892,0.001653,172.217.194.0-255,4320,151005,76,173354
4893,0.001656,172.31.40.0-255,66,151071,76,173354
4894,0.001669,172.217.194.0-255,1484,152555,76,173354
4895,0.001693,172.31.40.0-255,66,152621,76,173354
4896,0.001708,172.217.194.0-255,1484,154105,76,173354
4897,0.001719,172.31.40.0-255,66,154171,76,173354
4898,0.001731,172.31.40.0-255,66,154237,76,173354
4899,0.001742,172.217.194.0-255,1484,155721,76,173354
4900,0.001777,172.31.40.0-255,66,155787,76,173354
4901,0.00179,172.217.194.0-255,2902,158689,76,173354
4902,0.001797,172.217.194.0-255,6438,165127,76,173354
4903,0.001802,172.217.194.0-255,2902,168029,76,173354
4904,0.001821,172.31.40.0-255,66,168095,76,173354
4905,0.001837,172.31.40.0-255,66,168161,76,173354
4906,0.001871,172.217.194.0-255,1484,169645,76,173354
4907,0.001886,172.217.194.0-255,3367,173012,76,173354
4908,0.001889,172.217.194.0-255,105,173117,76,173354
4909,0.001913,172.31.40.0-255,66,173183,76,173354
4910,0.004464,172.31.40.0-255,105,173288,76,173354
4911,0.006837,172.217.194.0-255,66,173354,76,173354
4912,0.0,74.125.68.0-255,152,152,76,203194
4913,1.9e-05,172.31.40.0-255,66,218,76,203194
4914,2.6e-05,74.125.68.0-255,1484,1702,76,203194
4915,3e-05,172.31.40.0-255,66,1768,76,203194
4916,5.9e-05,74.125.68.0-255,2902,4670,76,203194
4917,6.3e-05,172.31.40.0-255,66,4736,76,203194
4918,7.5e-05,74.125.68.0-255,5738,10474,76,203194
4919,7.9e-05,172.31.40.0-255,66,10540,76,203194
4920,0.000119,74.125.68.0-255,3411,13951,76,203194
4921,0.000122,172.31.40.0-255,66,14017,76,203194
4922,0.000162,74.125.68.0-255,1484,15501,76,203194
4923,0.000165,172.31.40.0-255,66,15567,76,203194
4924,0.000178,74.125.68.0-255,1484,17051,76,203194
4925,0.000184,172.31.40.0-255,66,17117,76,203194
4926,0.000206,74.125.68.0-255,1484,18601,76,203194
4927,0.000209,172.31.40.0-255,66,18667,76,203194
4928,0.000216,74.125.68.0-255,5738,24405,76,203194
4929,0.000218,172.31.40.0-255,66,24471,76,203194
4930,0.000265,74.125.68.0-255,2902,27373,76,203194
4931,0.000267,172.31.40.0-255,66,27439,76,203194
4932,0.000293,74.125.68.0-255,3961,31400,76,203194
4933,0.000296,172.31.40.0-255,66,31466,76,203194
4934,0.000447,74.125.68.0-255,1484,32950,76,203194
4935,0.000451,172.31.40.0-255,66,33016,76,203194
4936,0.000455,74.125.68.0-255,1484,34500,76,203194
4937,0.000457,172.31.40.0-255,66,34566,76,203194
4938,0.000481,74.125.68.0-255,1484,36050,76,203194
4939,0.000484,172.31.40.0-255,66,36116,76,203194
4940,0.000494,74.125.68.0-255,1484,37600,76,203194
4941,0.000496,172.31.40.0-255,66,37666,76,203194
4942,0.000516,74.125.68.0-255,2902,40568,76,203194
4943,0.000519,172.31.40.0-255,66,40634,76,203194
4944,0.000522,74.125.68.0-255,1484,42118,76,203194
4945,0.000547,74.125.68.0-255,4320,46438,76,203194
4946,0.000549,172.31.40.0-255,66,46504,76,203194
4947,0.000553,74.125.68.0-255,2543,49047,76,203194
4948,0.000555,172.31.40.0-255,66,49113,76,203194
4949,0.000826,74.125.68.0-255,1484,50597,76,203194
4950,0.000839,74.125.68.0-255,2902,53499,76,203194
4951,0.000842,172.31.40.0-255,66,53565,76,203194
4952,0.000868,74.125.68.0-255,4320,57885,76,203194
4953,0.00087,172.31.40.0-255,66,57951,76,203194
4954,0.0009,172.31.40.0-255,66,58017,76,203194
4955,0.000936,74.125.68.0-255,112,58129,76,203194
4956,0.00099,74.125.68.0-255,1484,59613,76,203194
4957,0.000993,172.31.40.0-255,66,59679,76,203194
4958,0.001052,74.125.68.0-255,2902,62581,76,203194
4959,0.001055,172.31.40.0-255,66,62647,76,203194
4960,0.00108,74.125.68.0-255,4320,66967,76,203194
4961,0.001085,172.31.40.0-255,66,67033,76,203194
4962,0.001114,172.31.40.0-255,66,67099,76,203194
4963,0.001175,74.125.68.0-255,4320,71419,76,203194
4964,0.001179,172.31.40.0-255,66,71485,76,203194
4965,0.00119,74.125.68.0-255,2902,74387,76,203194
4966,0.001192,172.31.40.0-255,66,74453,76,203194
4967,0.001199,74.125.68.0-255,2902,77355,76,203194
4968,0.001201,172.31.40.0-255,66,77421,76,203194
4969,0.001239,74.125.68.0-255,5738,83159,76,203194
4970,0.001242,172.31.40.0-255,66,83225,76,203194
4971,0.001244,74.125.68.0-255,766,83991,76,203194
4972,0.001247,74.125.68.0-255,329,84320,76,203194
4973,0.001267,74.125.68.0-255,1484,85804,76,203194
4974,0.001269,172.31.40.0-255,66,85870,76,203194
4975,0.001302,74.125.68.0-255,1484,87354,76,203194
4976,0.001319,74.125.68.0-255,2902,90256,76,203194
4977,0.001321,172.31.40.0-255,66,90322,76,203194
4978,0.001348,74.125.68.0-255,5738,96060,76,203194
4979,0.00135,172.31.40.0-255,66,96126,76,203194
4980,0.001362,172.31.40.0-255,66,96192,76,203194
4981,0.001366,74.125.68.0-255,2902,99094,76,203194
4982,0.001372,172.31.40.0-255,66,99160,76,203194
4983,0.001428,74.125.68.0-255,1484,100644,76,203194
4984,0.001453,74.125.68.0-255,6438,107082,76,203194
4985,0.001456,172.31.40.0-255,66,107148,76,203194
4986,0.001625,74.125.68.0-255,1484,108632,76,203194
4987,0.001629,74.125.68.0-255,1484,110116,76,203194
4988,0.001632,172.31.40.0-255,66,110182,76,203194
4989,0.001656,74.125.68.0-255,1484,111666,76,203194
4990,0.00167,74.125.68.0-255,1484,113150,76,203194
4991,0.001672,172.31.40.0-255,66,113216,76,203194
4992,0.001696,74.125.68.0-255,2902,116118,76,203194
4993,0.001699,172.31.40.0-255,66,116184,76,203194
4994,0.001724,74.125.68.0-255,1484,117668,76,203194
4995,0.001728,74.125.68.0-255,2902,120570,76,203194
4996,0.00173,172.31.40.0-255,66,120636,76,203194
4997,0.001757,74.125.68.0-255,5738,126374,76,203194
4998,0.001759,172.31.40.0-255,66,126440,76,203194
4999,0.001763,74.125.68.0-255,4320,130760,76,203194
5000,0.001765,172.31.40.0-255,66,130826,76,203194
5001,0.001792,74.125.68.0-255,4320,135146,76,203194
5002,0.001794,172.31.40.0-255,66,135212,76,203194
5003,0.001805,74.125.68.0-255,1484,136696,76,203194
5004,0.001818,74.125.68.0-255,2902,139598,76,203194
5005,0.00182,172.31.40.0-255,66,139664,76,203194
5006,0.001843,74.125.68.0-255,2184,141848,76,203194
5007,0.001845,172.31.40.0-255,66,141914,76,203194
5008,0.001879,74.125.68.0-255,1484,143398,76,203194
5009,0.001891,74.125.68.0-255,2902,146300,76,203194
5010,0.001893,172.31.40.0-255,66,146366,76,203194
5011,0.00192,74.125.68.0-255,5738,152104,76,203194
5012,0.001922,172.31.40.0-255,66,152170,76,203194
5013,0.001926,74.125.68.0-255,2902,155072,76,203194
5014,0.001928,172.31.40.0-255,66,155138,76,203194
5015,0.001941,74.125.68.0-255,1484,156622,76,203194
5016,0.001968,172.31.40.0-255,66,156688,76,203194
5017,0.001985,74.125.68.0-255,5738,162426,76,203194
5018,0.001987,172.31.40.0-255,66,162492,76,203194
5019,0.002011,74.125.68.0-255,2902,165394,76,203194
5020,0.002013,172.31.40.0-255,66,165460,76,203194
5021,0.002017,74.125.68.0-255,2184,167644,76,203194
5022,0.002019,172.31.40.0-255,66,167710,76,203194
5023,0.004632,74.125.68.0-255,5738,173448,76,203194
5024,0.004639,172.31.40.0-255,66,173514,76,203194
5025,0.007247,74.125.68.0-255,2902,176416,76,203194
5026,0.007253,172.31.40.0-255,66,176482,76,203194
5027,0.007284,74.125.68.0-255,2902,179384,76,203194
5028,0.007287,172.31.40.0-255,66,179450,76,203194
5029,0.009872,74.125.68.0-255,2902,182352,76,203194
5030,0.00988,172.31.40.0-255,66,182418,76,203194
5031,0.009908,74.125.68.0-255,2902,185320,76,203194
5032,0.009911,172.31.40.0-255,66,185386,76,203194
5033,0.012497,74.125.68.0-255,2902,188288,76,203194
5034,0.012505,172.31.40.0-255,66,188354,76,203194
5035,0.012537,74.125.68.0-255,2902,191256,76,203194
5036,0.01254,172.31.40.0-255,66,191322,76,203194
5037,0.015119,74.125.68.0-255,2902,194224,76,203194
5038,0.015126,172.31.40.0-255,66,194290,76,203194
5039,0.015157,74.125.68.0-255,2902,197192,76,203194
5040,0.015159,172.31.40.0-255,66,197258,76,203194
5041,0.017755,74.125.68.0-255,2902,200160,76,203194
5042,0.017763,172.31.40.0-255,66,200226,76,203194
5043,0.017784,74.125.68.0-255,2902,203128,76,203194
5044,0.017787,172.31.40.0-255,66,203194,76,203194
5045,0.0,172.217.194.0-255,148,148,76,170978
5046,2.3e-05,172.31.40.0-255,66,214,76,170978
5047,3e-05,172.217.194.0-255,1484,1698,76,170978
5048,3.5e-05,172.31.40.0-255,66,1764,76,170978
5049,4e-05,172.217.194.0-255,2902,4666,76,170978
5050,5.2e-05,172.31.40.0-255,66,4732,76,170978
5051,6e-05,172.217.194.0-255,7156,11888,76,170978
5052,6.3e-05,172.31.40.0-255,66,11954,76,170978
5053,6.8e-05,172.217.194.0-255,2056,14010,76,170978
5054,7e-05,172.31.40.0-255,66,14076,76,170978
5055,0.00011,172.217.194.0-255,1484,15560,76,170978
5056,0.000113,172.31.40.0-255,66,15626,76,170978
5057,0.000117,172.217.194.0-255,1484,17110,76,170978
5058,0.00012,172.31.40.0-255,66,17176,76,170978
5059,0.00014,172.217.194.0-255,1484,18660,76,170978
5060,0.000142,172.31.40.0-255,66,18726,76,170978
5061,0.000149,172.217.194.0-255,5738,24464,76,170978
5062,0.000152,172.31.40.0-255,66,24530,76,170978
5063,0.000186,172.217.194.0-255,6797,31327,76,170978
5064,0.000189,172.31.40.0-255,66,31393,76,170978
5065,0.000232,172.217.194.0-255,1484,32877,76,170978
5066,0.000235,172.31.40.0-255,66,32943,76,170978
5067,0.00024,172.217.194.0-255,2902,35845,76,170978
5068,0.000242,172.31.40.0-255,66,35911,76,170978
5069,0.000248,172.217.194.0-255,5738,41649,76,170978
5070,0.000255,172.31.40.0-255,66,41715,76,170978
5071,0.000297,172.31.40.0-255,66,41781,76,170978
5072,0.000362,172.31.40.0-255,66,41847,76,170978
5073,0.000366,172.217.194.0-255,100,41947,76,170978
5074,0.000368,172.31.40.0-255,66,42013,76,170978
5075,0.000467,172.217.194.0-255,363,42376,76,170978
5076,0.000769,172.217.194.0-255,1484,43860,76,170978
5077,0.000774,172.31.40.0-255,66,43926,76,170978
5078,0.00078,172.217.194.0-255,2902,46828,76,170978
5079,0.000782,172.31.40.0-255,66,46894,76,170978
5080,0.000808,172.217.194.0-255,5738,52632,76,170978
5081,0.00081,172.31.40.0-255,66,52698,76,170978
5082,0.000828,172.31.40.0-255,66,52764,76,170978
5083,0.000854,172.217.194.0-255,1484,54248,76,170978
5084,0.000868,172.31.40.0-255,66,54314,76,170978
5085,0.00175,172.217.194.0-255,1484,55798,76,170978
5086,0.001761,172.217.194.0-255,2902,58700,76,170978
5087,0.001765,172.31.40.0-255,66,58766,76,170978
5088,0.001772,172.217.194.0-255,4320,63086,76,170978
5089,0.001774,172.31.40.0-255,66,63152,76,170978
5090,0.001802,172.217.194.0-255,1484,64636,76,170978
5091,0.00181,172.217.194.0-255,5738,70374,76,170978
5092,0.001812,172.31.40.0-255,66,70440,76,170978
5093,0.001823,172.31.40.0-255,66,70506,76,170978
5094,0.001858,172.217.194.0-255,2902,73408,76,170978
5095,0.001861,172.31.40.0-255,66,73474,76,170978
5096,0.001867,172.217.194.0-255,5020,78494,76,170978
5097,0.001869,172.31.40.0-255,66,78560,76,170978
5098,0.001948,172.217.194.0-255,1484,80044,76,170978
5099,0.001955,172.217.194.0-255,2902,82946,76,170978
5100,0.001958,172.31.40.0-255,66,83012,76,170978
5101,0.001965,172.217.194.0-255,5738,88750,76,170978
5102,0.001967,172.31.40.0-255,66,88816,76,170978
5103,0.00199,172.217.194.0-255,4320,93136,76,170978
5104,0.001992,172.31.40.0-255,66,93202,76,170978
5105,0.002022,172.31.40.0-255,66,93268,76,170978
5106,0.002033,172.217.194.0-255,1484,94752,76,170978
5107,0.002059,172.31.40.0-255,66,94818,76,170978
5108,0.002093,172.31.40.0-255,66,94884,76,170978
5109,0.002099,172.217.194.0-255,7156,102040,76,170978
5110,0.002102,172.31.40.0-255,66,102106,76,170978
5111,0.002158,172.31.40.0-255,66,102172,76,170978
5112,0.00219,172.217.194.0-255,6438,108610,76,170978
5113,0.002193,172.31.40.0-255,66,108676,76,170978
5114,0.002206,172.31.40.0-255,66,108742,76,170978
5115,0.002234,172.217.194.0-255,2902,111644,76,170978
5116,0.002237,172.31.40.0-255,66,111710,76,170978
5117,0.002248,172.31.40.0-255,66,111776,76,170978
5118,0.002255,172.217.194.0-255,6438,118214,76,170978
5119,0.002257,172.31.40.0-255,66,118280,76,170978
5120,0.002337,172.217.194.0-255,1484,119764,76,170978
5121,0.002356,172.217.194.0-255,2902,122666,76,170978
5122,0.002359,172.31.40.0-255,66,122732,76,170978
5123,0.002362,172.217.194.0-255,1484,124216,76,170978
5124,0.002388,172.217.194.0-255,4320,128536,76,170978
5125,0.00239,172.31.40.0-255,66,128602,76,170978
5126,0.002393,172.217.194.0-255,1484,130086,76,170978
5127,0.002438,172.31.40.0-255,66,130152,76,170978
5128,0.002441,172.217.194.0-255,1484,131636,76,170978
5129,0.002477,172.31.40.0-255,66,131702,76,170978
5130,0.004908,172.217.194.0-255,5738,137440,76,170978
5131,0.004914,172.31.40.0-255,66,137506,76,170978
5132,0.00735,172.217.194.0-255,5738,143244,76,170978
5133,0.007356,172.31.40.0-255,66,143310,76,170978
5134,0.009764,172.217.194.0-255,4320,147630,76,170978
5135,0.00977,172.31.40.0-255,66,147696,76,170978
5136,0.009799,172.217.194.0-255,1484,149180,76,170978
5137,0.012205,172.217.194.0-255,4320,153500,76,170978
5138,0.012213,172.31.40.0-255,66,153566,76,170978
5139,0.014668,172.217.194.0-255,5738,159304,76,170978
5140,0.014677,172.31.40.0-255,66,159370,76,170978
5141,0.017094,172.217.194.0-255,5738,165108,76,170978
5142,0.017102,172.31.40.0-255,66,165174,76,170978
5143,0.019561,172.217.194.0-255,5738,170912,76,170978
5144,0.019572,172.31.40.0-255,66,170978,76,170978
5145,0.0,74.125.24.0-255,143,143,76,163663
5146,1e-05,172.31.40.0-255,66,209,76,163663
5147,4e-05,74.125.24.0-255,1484,1693,76,163663
5148,4.5e-05,172.31.40.0-255,66,1759,76,163663
5149,5.1e-05,74.125.24.0-255,2902,4661,76,163663
5150,5.4e-05,172.31.40.0-255,66,4727,76,163663
5151,7e-05,74.125.24.0-255,5738,10465,76,163663
5152,7.3e-05,172.31.40.0-255,66,10531,76,163663
5153,9.8e-05,74.125.24.0-255,4891,15422,76,163663
5154,0.000101,172.31.40.0-255,66,15488,76,163663
5155,0.000105,74.125.24.0-255,2902,18390,76,163663
5156,0.000109,172.31.40.0-255,66,18456,76,163663
5157,0.000122,74.125.24.0-255,2902,21358,76,163663
5158,0.000125,172.31.40.0-255,66,21424,76,163663
5159,0.000161,172.31.40.0-255,66,21490,76,163663
5160,0.00067,74.125.24.0-255,1484,22974,76,163663
5161,0.000676,172.31.40.0-255,66,23040,76,163663
5162,0.000684,74.125.24.0-255,2902,25942,76,163663
5163,0.000686,172.31.40.0-255,66,26008,76,163663
5164,0.000693,74.125.24.0-255,4320,30328,76,163663
5165,0.000695,172.31.40.0-255,66,30394,76,163663
5166,0.000717,74.125.24.0-255,1484,31878,76,163663
5167,0.000719,172.31.40.0-255,66,31944,76,163663
5168,0.000727,74.125.24.0-255,6797,38741,76,163663
5169,0.000729,172.31.40.0-255,66,38807,76,163663
5170,0.000734,74.125.24.0-255,2902,41709,76,163663
5171,0.000736,172.31.40.0-255,66,41775,76,163663
5172,0.000781,172.31.40.0-255,66,41841,76,163663
5173,0.000786,74.125.24.0-255,2543,44384,76,163663
5174,0.000789,172.31.40.0-255,66,44450,76,163663
5175,0.000791,74.125.24.0-255,397,44847,76,163663
5176,0.000868,74.125.24.0-255,1484,46331,76,163663
5177,0.000872,172.31.40.0-255,66,46397,76,163663
5178,0.000877,74.125.24.0-255,2902,49299,76,163663
5179,0.00088,172.31.40.0-255,66,49365,76,163663
5180,0.000893,74.125.24.0-255,2902,52267,76,163663
5181,0.000895,172.31.40.0-255,66,52333,76,163663
5182,0.000919,74.125.24.0-255,2902,55235,76,163663
5183,0.000922,172.31.40.0-255,66,55301,76,163663
5184,0.000929,74.125.24.0-255,5738,61039,76,163663
5185,0.000932,172.31.40.0-255,66,61105,76,163663
5186,0.000938,74.125.24.0-255,5738,66843,76,163663
5187,0.000941,172.31.40.0-255,66,66909,76,163663
5188,0.000968,74.125.24.0-255,7156,74065,76,163663
5189,0.000972,172.31.40.0-255,66,74131,76,163663
5190,0.000978,74.125.24.0-255,5300,79431,76,163663
5191,0.000981,172.31.40.0-255,66,79497,76,163663
5192,0.001648,74.125.24.0-255,1484,80981,76,163663
5193,0.001658,74.125.24.0-255,2902,83883,76,163663
5194,0.001662,172.31.40.0-255,66,83949,76,163663
5195,0.00167,74.125.24.0-255,5738,89687,76,163663
5196,0.001673,172.31.40.0-255,66,89753,76,163663
5197,0.001691,74.125.24.0-255,5738,95491,76,163663
5198,0.001694,172.31.40.0-255,66,95557,76,163663
5199,0.001721,74.125.24.0-255,7156,102713,76,163663
5200,0.001723,172.31.40.0-255,66,102779,76,163663
5201,0.001734,172.31.40.0-255,66,102845,76,163663
5202,0.001758,74.125.24.0-255,2184,105029,76,163663
5203,0.00176,172.31.40.0-255,66,105095,76,163663
5204,0.002076,74.125.24.0-255,1484,106579,76,163663
5205,0.002096,74.125.24.0-255,2902,109481,76,163663
5206,0.002099,172.31.40.0-255,66,109547,76,163663
5207,0.002127,74.125.24.0-255,5738,115285,76,163663
5208,0.00213,172.31.40.0-255,66,115351,76,163663
5209,0.002144,74.125.24.0-255,2902,118253,76,163663
5210,0.002146,172.31.40.0-255,66,118319,76,163663
5211,0.002174,172.31.40.0-255,66,118385,76,163663
5212,0.002184,172.31.40.0-255,66,118451,76,163663
5213,0.004335,74.125.24.0-255,5738,124189,76,163663
5214,0.004342,172.31.40.0-255,66,124255,76,163663
5215,0.006424,74.125.24.0-255,2902,127157,76,163663
5216,0.006429,172.31.40.0-255,66,127223,76,163663
5217,0.006447,74.125.24.0-255,2902,130125,76,163663
5218,0.006449,172.31.40.0-255,66,130191,76,163663
5219,0.008528,74.125.24.0-255,4320,134511,76,163663
5220,0.008533,172.31.40.0-255,66,134577,76,163663
5221,0.008555,74.125.24.0-255,1484,136061,76,163663
5222,0.010633,74.125.24.0-255,4320,140381,76,163663
5223,0.01064,172.31.40.0-255,66,140447,76,163663
5224,0.012745,74.125.24.0-255,5738,146185,76,163663
5225,0.012752,172.31.40.0-255,66,146251,76,163663
5226,0.014858,74.125.24.0-255,5738,151989,76,163663
5227,0.014867,172.31.40.0-255,66,152055,76,163663
5228,0.016965,74.125.24.0-255,5738,157793,76,163663
5229,0.016974,172.31.40.0-255,66,157859,76,163663
5230,0.019076,74.125.24.0-255,5738,163597,76,163663
5231,0.019084,172.31.40.0-255,66,163663,76,163663
5232,0.0,74.125.68.0-255,152,152,76,125725
5233,2.2e-05,172.31.40.0-255,66,218,76,125725
5234,2.9e-05,74.125.68.0-255,1484,1702,76,125725
5235,3.3e-05,172.31.40.0-255,66,1768,76,125725
5236,3.9e-05,74.125.68.0-255,2902,4670,76,125725
5237,5e-05,172.31.40.0-255,66,4736,76,125725
5238,5.9e-05,74.125.68.0-255,7156,11892,76,125725
5239,6.3e-05,172.31.40.0-255,66,11958,76,125725
5240,0.000148,74.125.68.0-255,2062,14020,76,125725
5241,0.000152,172.31.40.0-255,66,14086,76,125725
5242,0.000212,74.125.68.0-255,1484,15570,76,125725
5243,0.000215,172.31.40.0-255,66,15636,76,125725
5244,0.000219,74.125.68.0-255,1484,17120,76,125725
5245,0.000221,172.31.40.0-255,66,17186,76,125725
5246,0.000245,74.125.68.0-255,1484,18670,76,125725
5247,0.000249,172.31.40.0-255,66,18736,76,125725
5248,0.000255,74.125.68.0-255,4320,23056,76,125725
5249,0.000257,172.31.40.0-255,66,23122,76,125725
5250,0.000288,74.125.68.0-255,1484,24606,76,125725
5251,0.00029,172.31.40.0-255,66,24672,76,125725
5252,0.000296,74.125.68.0-255,4320,28992,76,125725
5253,0.000299,172.31.40.0-255,66,29058,76,125725
5254,0.000302,74.125.68.0-255,1484,30542,76,125725
5255,0.000304,172.31.40.0-255,66,30608,76,125725
5256,0.000335,74.125.68.0-255,3961,34569,76,125725
5257,0.000343,172.31.40.0-255,66,34635,76,125725
5258,0.000354,172.31.40.0-255,66,34701,76,125725
5259,0.000365,172.31.40.0-255,66,34767,76,125725
5260,0.000377,172.31.40.0-255,66,34833,76,125725
5261,0.000419,74.125.68.0-255,2520,37353,76,125725
5262,0.000422,172.31.40.0-255,66,37419,76,125725
5263,0.000445,74.125.68.0-255,340,37759,76,125725
5264,0.000667,74.125.68.0-255,1484,39243,76,125725
5265,0.000671,172.31.40.0-255,66,39309,76,125725
5266,0.000675,74.125.68.0-255,1484,40793,76,125725
5267,0.000679,74.125.68.0-255,1484,42277,76,125725
5268,0.000682,172.31.40.0-255,66,42343,76,125725
5269,0.00071,74.125.68.0-255,1484,43827,76,125725
5270,0.000717,74.125.68.0-255,5738,49565,76,125725
5271,0.00072,172.31.40.0-255,66,49631,76,125725
5272,0.000726,74.125.68.0-255,4320,53951,76,125725
5273,0.000729,172.31.40.0-255,66,54017,76,125725
5274,0.000756,74.125.68.0-255,5738,59755,76,125725
5275,0.000759,172.31.40.0-255,66,59821,76,125725
5276,0.000763,74.125.68.0-255,2902,62723,76,125725
5277,0.000765,172.31.40.0-255,66,62789,76,125725
5278,0.000801,172.31.40.0-255,66,62855,76,125725
5279,0.000804,74.125.68.0-255,766,63621,76,125725
5280,0.001463,172.31.40.0-255,66,63687,76,125725
5281,0.001555,74.125.68.0-255,1484,65171,76,125725
5282,0.001564,74.125.68.0-255,2902,68073,76,125725
5283,0.001567,172.31.40.0-255,66,68139,76,125725
5284,0.001599,74.125.68.0-255,4320,72459,76,125725
5285,0.001601,172.31.40.0-255,66,72525,76,125725
5286,0.001608,74.125.68.0-255,5738,78263,76,125725
5287,0.00161,172.31.40.0-255,66,78329,76,125725
5288,0.00166,172.31.40.0-255,66,78395,76,125725
5289,0.001665,74.125.68.0-255,2902,81297,76,125725
5290,0.001667,172.31.40.0-255,66,81363,76,125725
5291,0.00171,74.125.68.0-255,5020,86383,76,125725
5292,0.001713,172.31.40.0-255,66,86449,76,125725
5293,0.004015,74.125.68.0-255,5738,92187,76,125725
5294,0.004021,172.31.40.0-255,66,92253,76,125725
5295,0.006299,74.125.68.0-255,5738,97991,76,125725
5296,0.006303,172.31.40.0-255,66,98057,76,125725
5297,0.008612,74.125.68.0-255,5738,103795,76,125725
5298,0.008619,172.31.40.0-255,66,103861,76,125725
5299,0.010916,74.125.68.0-255,4320,108181,76,125725
5300,0.010924,172.31.40.0-255,66,108247,76,125725
5301,0.010954,74.125.68.0-255,1484,109731,76,125725
5302,0.013226,74.125.68.0-255,4320,114051,76,125725
5303,0.013235,172.31.40.0-255,66,114117,76,125725
5304,0.015544,74.125.68.0-255,5738,119855,76,125725
5305,0.015551,172.31.40.0-255,66,119921,76,125725
5306,0.017844,74.125.68.0-255,5738,125659,76,125725
5307,0.017851,172.31.40.0-255,66,125725,76,125725
5308,0.0,74.125.24.0-255,152,152,76,248120
5309,1.6e-05,172.31.40.0-255,66,218,76,248120
5310,2.3e-05,74.125.24.0-255,1484,1702,76,248120
5311,2.8e-05,172.31.40.0-255,66,1768,76,248120
5312,3.3e-05,74.125.24.0-255,2902,4670,76,248120
5313,4.6e-05,172.31.40.0-255,66,4736,76,248120
5314,5.4e-05,74.125.24.0-255,7156,11892,76,248120
5315,5.7e-05,172.31.40.0-255,66,11958,76,248120
5316,6.1e-05,74.125.24.0-255,2055,14013,76,248120
5317,6.4e-05,172.31.40.0-255,66,14079,76,248120
5318,0.000277,74.125.24.0-255,1484,15563,76,248120
5319,0.000283,172.31.40.0-255,66,15629,76,248120
5320,0.000289,74.125.24.0-255,2902,18531,76,248120
5321,0.000292,172.31.40.0-255,66,18597,76,248120
5322,0.000296,74.125.24.0-255,2902,21499,76,248120
5323,0.000304,172.31.40.0-255,66,21565,76,248120
5324,0.000315,74.125.24.0-255,1484,23049,76,248120
5325,0.000318,172.31.40.0-255,66,23115,76,248120
5326,0.000351,74.125.24.0-255,7156,30271,76,248120
5327,0.000354,172.31.40.0-255,66,30337,76,248120
5328,0.000383,74.125.24.0-255,2543,32880,76,248120
5329,0.000385,172.31.40.0-255,66,32946,76,248120
5330,0.000404,172.31.40.0-255,66,33012,76,248120
5331,0.000408,74.125.24.0-255,2902,35914,76,248120
5332,0.00041,172.31.40.0-255,66,35980,76,248120
5333,0.000463,172.31.40.0-255,66,36046,76,248120
5334,0.000466,74.125.24.0-255,411,36457,76,248120
5335,0.000469,172.31.40.0-255,66,36523,76,248120
5336,0.000496,74.125.24.0-255,331,36854,76,248120
5337,0.000499,172.31.40.0-255,66,36920,76,248120
5338,0.000606,74.125.24.0-255,1484,38404,76,248120
5339,0.000613,74.125.24.0-255,2902,41306,76,248120
5340,0.000617,172.31.40.0-255,66,41372,76,248120
5341,0.000646,74.125.24.0-255,5738,47110,76,248120
5342,0.000651,172.31.40.0-255,66,47176,76,248120
5343,0.00066,74.125.24.0-255,2902,50078,76,248120
5344,0.000663,172.31.40.0-255,66,50144,76,248120
5345,0.000685,74.125.24.0-255,3961,54105,76,248120
5346,0.000687,172.31.40.0-255,66,54171,76,248120
5347,0.00069,74.125.24.0-255,1484,55655,76,248120
5348,0.000723,74.125.24.0-255,5738,61393,76,248120
5349,0.000726,172.31.40.0-255,66,61459,76,248120
5350,0.000733,74.125.24.0-255,7156,68615,76,248120
5351,0.000735,172.31.40.0-255,66,68681,76,248120
5352,0.000757,74.125.24.0-255,2543,71224,76,248120
5353,0.00076,172.31.40.0-255,66,71290,76,248120
5354,0.001098,74.125.24.0-255,1484,72774,76,248120
5355,0.001126,74.125.24.0-255,2902,75676,76,248120
5356,0.00113,172.31.40.0-255,66,75742,76,248120
5357,0.001135,74.125.24.0-255,2902,78644,76,248120
5358,0.001137,172.31.40.0-255,66,78710,76,248120
5359,0.001166,74.125.24.0-255,2902,81612,76,248120
5360,0.001168,172.31.40.0-255,66,81678,76,248120
5361,0.001174,74.125.24.0-255,4320,85998,76,248120
5362,0.001176,172.31.40.0-255,66,86064,76,248120
5363,0.001214,172.31.40.0-255,66,86130,76,248120
5364,0.001258,74.125.24.0-255,7156,93286,76,248120
5365,0.001261,172.31.40.0-255,66,93352,76,248120
5366,0.001284,74.125.24.0-255,3602,96954,76,248120
5367,0.001287,172.31.40.0-255,66,97020,76,248120
5368,0.001518,74.125.24.0-255,1484,98504,76,248120
5369,0.001525,74.125.24.0-255,2902,101406,76,248120
5370,0.001528,172.31.40.0-255,66,101472,76,248120
5371,0.001559,74.125.24.0-255,5738,107210,76,248120
5372,0.001562,172.31.40.0-255,66,107276,76,248120
5373,0.001565,74.125.24.0-255,1484,108760,76,248120
5374,0.001589,74.125.24.0-255,1484,110244,76,248120
5375,0.001591,172.31.40.0-255,66,110310,76,248120
5376,0.001598,74.125.24.0-255,4320,114630,76,248120
5377,0.0016,172.31.40.0-255,66,114696,76,248120
5378,0.001645,74.125.24.0-255,5738,120434,76,248120
5379,0.001649,172.31.40.0-255,66,120500,76,248120
5380,0.001663,172.31.40.0-255,66,120566,76,248120
5381,0.001691,74.125.24.0-255,2184,122750,76,248120
5382,0.001694,172.31.40.0-255,66,122816,76,248120
5383,0.001814,74.125.24.0-255,1484,124300,76,248120
5384,0.00183,74.125.24.0-255,2902,127202,76,248120
5385,0.001833,172.31.40.0-255,66,127268,76,248120
5386,0.001862,74.125.24.0-255,5738,133006,76,248120
5387,0.001865,172.31.40.0-255,66,133072,76,248120
5388,0.001872,74.125.24.0-255,5738,138810,76,248120
5389,0.001874,172.31.40.0-255,66,138876,76,248120
5390,0.001905,74.125.24.0-255,7156,146032,76,248120
5391,0.001918,172.31.40.0-255,66,146098,76,248120
5392,0.001938,172.31.40.0-255,66,146164,76,248120
5393,0.001945,74.125.24.0-255,5738,151902,76,248120
5394,0.001947,172.31.40.0-255,66,151968,76,248120
5395,0.001999,172.31.40.0-255,66,152034,76,248120
5396,0.002013,172.31.40.0-255,66,152100,76,248120
5397,0.002055,172.31.40.0-255,66,152166,76,248120
5398,0.002058,74.125.24.0-255,1484,153650,76,248120
5399,0.002103,172.31.40.0-255,66,153716,76,248120
5400,0.002109,74.125.24.0-255,7156,160872,76,248120
5401,0.002111,172.31.40.0-255,66,160938,76,248120
5402,0.002133,74.125.24.0-255,1484,162422,76,248120
5403,0.002159,74.125.24.0-255,3602,166024,76,248120
5404,0.002161,172.31.40.0-255,66,166090,76,248120
5405,0.00222,74.125.24.0-255,1484,167574,76,248120
5406,0.002235,74.125.24.0-255,2902,170476,76,248120
5407,0.002238,172.31.40.0-255,66,170542,76,248120
5408,0.002263,74.125.24.0-255,5738,176280,76,248120
5409,0.002267,172.31.40.0-255,66,176346,76,248120
5410,0.002304,172.31.40.0-255,66,176412,76,248120
5411,0.002312,74.125.24.0-255,7156,183568,76,248120
5412,0.002314,172.31.40.0-255,66,183634,76,248120
5413,0.00235,74.125.24.0-255,5020,188654,76,248120
5414,0.002353,172.31.40.0-255,66,188720,76,248120
5415,0.002361,74.125.24.0-255,7156,195876,76,248120
5416,0.002364,172.31.40.0-255,66,195942,76,248120
5417,0.002375,172.31.40.0-255,66,196008,76,248120
5418,0.002416,74.125.24.0-255,5738,201746,76,248120
5419,0.002419,172.31.40.0-255,66,201812,76,248120
5420,0.002445,172.31.40.0-255,66,201878,76,248120
5421,0.002448,74.125.24.0-255,766,202644,76,248120
5422,0.002459,172.31.40.0-255,66,202710,76,248120
5423,0.002486,74.125.24.0-255,4320,207030,76,248120
5424,0.002488,172.31.40.0-255,66,207096,76,248120
5425,0.004912,74.125.24.0-255,5738,212834,76,248120
5426,0.004921,172.31.40.0-255,66,212900,76,248120
5427,0.007344,74.125.24.0-255,5738,218638,76,248120
5428,0.007348,172.31.40.0-255,66,218704,76,248120
5429,0.00976,74.125.24.0-255,2902,221606,76,248120
5430,0.009768,172.31.40.0-255,66,221672,76,248120
5431,0.009798,74.125.24.0-255,2902,224574,76,248120
5432,0.009801,172.31.40.0-255,66,224640,76,248120
5433,0.012176,74.125.24.0-255,2902,227542,76,248120
5434,0.012183,172.31.40.0-255,66,227608,76,248120
5435,0.012234,74.125.24.0-255,2902,230510,76,248120
5436,0.012237,172.31.40.0-255,66,230576,76,248120
5437,0.014627,74.125.24.0-255,2902,233478,76,248120
5438,0.014639,172.31.40.0-255,66,233544,76,248120
5439,0.014671,74.125.24.0-255,2902,236446,76,248120
5440,0.014675,172.31.40.0-255,66,236512,76,248120
5441,0.017073,74.125.24.0-255,5738,242250,76,248120
5442,0.017081,172.31.40.0-255,66,242316,76,248120
5443,0.019495,74.125.24.0-255,5738,248054,76,248120
5444,0.019506,172.31.40.0-255,66,248120,76,248120
5445,0.0,74.125.24.0-255,155,155,76,235791
5446,1.6e-05,172.31.40.0-255,66,221,76,235791
5447,2.3e-05,74.125.24.0-255,1484,1705,76,235791
5448,2.8e-05,172.31.40.0-255,66,1771,76,235791
5449,5e-05,74.125.24.0-255,2902,4673,76,235791
5450,5.3e-05,172.31.40.0-255,66,4739,76,235791
5451,5.7e-05,74.125.24.0-255,1484,6223,76,235791
5452,5.9e-05,172.31.40.0-255,66,6289,76,235791
5453,9e-05,74.125.24.0-255,5738,12027,76,235791
5454,9.2e-05,172.31.40.0-255,66,12093,76,235791
5455,0.000115,74.125.24.0-255,7156,19249,76,235791
5456,0.000117,172.31.40.0-255,66,19315,76,235791
5457,0.000143,74.125.24.0-255,4938,24253,76,235791
5458,0.000145,172.31.40.0-255,66,24319,76,235791
5459,0.000151,74.125.24.0-255,4320,28639,76,235791
5460,0.000153,172.31.40.0-255,66,28705,76,235791
5461,0.000167,74.125.24.0-255,2543,31248,76,235791
5462,0.00017,172.31.40.0-255,66,31314,76,235791
5463,0.000302,74.125.24.0-255,1484,32798,76,235791
5464,0.000306,172.31.40.0-255,66,32864,76,235791
5465,0.000311,74.125.24.0-255,2902,35766,76,235791
5466,0.000314,172.31.40.0-255,66,35832,76,235791
5467,0.000319,74.125.24.0-255,4320,40152,76,235791
5468,0.000322,172.31.40.0-255,66,40218,76,235791
5469,0.000349,74.125.24.0-255,1484,41702,76,235791
5470,0.000351,172.31.40.0-255,66,41768,76,235791
5471,0.000359,74.125.24.0-255,6797,48565,76,235791
5472,0.000361,172.31.40.0-255,66,48631,76,235791
5473,0.000391,74.125.24.0-255,7156,55787,76,235791
5474,0.000393,172.31.40.0-255,66,55853,76,235791
5475,0.000413,74.125.24.0-255,4320,60173,76,235791
5476,0.000415,172.31.40.0-255,66,60239,76,235791
5477,0.000437,74.125.24.0-255,5648,65887,76,235791
5478,0.00044,172.31.40.0-255,66,65953,76,235791
5479,0.000759,74.125.24.0-255,135,66088,76,235791
5480,0.000953,74.125.24.0-255,1484,67572,76,235791
5481,0.000958,172.31.40.0-255,66,67638,76,235791
5482,0.000965,74.125.24.0-255,2902,70540,76,235791
5483,0.000967,172.31.40.0-255,66,70606,76,235791
5484,0.000986,74.125.24.0-255,1484,72090,76,235791
5485,0.001013,74.125.24.0-255,4320,76410,76,235791
5486,0.001015,172.31.40.0-255,66,76476,76,235791
5487,0.001027,74.125.24.0-255,1484,77960,76,235791
5488,0.001031,74.125.24.0-255,1484,79444,76,235791
5489,0.001033,172.31.40.0-255,66,79510,76,235791
5490,0.001057,74.125.24.0-255,3961,83471,76,235791
5491,0.00106,172.31.40.0-255,66,83537,76,235791
5492,0.001078,74.125.24.0-255,4320,87857,76,235791
5493,0.00108,172.31.40.0-255,66,87923,76,235791
5494,0.001109,172.31.40.0-255,66,87989,76,235791
5495,0.001116,74.125.24.0-255,5738,93727,76,235791
5496,0.001118,172.31.40.0-255,66,93793,76,235791
5497,0.001179,74.125.24.0-255,7156,100949,76,235791
5498,0.001182,172.31.40.0-255,66,101015,76,235791
5499,0.001208,172.31.40.0-255,66,101081,76,235791
5500,0.001392,74.125.24.0-255,1484,102565,76,235791
5501,0.001412,74.125.24.0-255,2902,105467,76,235791
5502,0.001416,172.31.40.0-255,66,105533,76,235791
5503,0.001422,74.125.24.0-255,5738,111271,76,235791
5504,0.001425,172.31.40.0-255,66,111337,76,235791
5505,0.001457,74.125.24.0-255,5738,117075,76,235791
5506,0.00146,172.31.40.0-255,66,117141,76,235791
5507,0.001489,74.125.24.0-255,7156,124297,76,235791
5508,0.001491,172.31.40.0-255,66,124363,76,235791
5509,0.001501,172.31.40.0-255,66,124429,76,235791
5510,0.001505,74.125.24.0-255,2184,126613,76,235791
5511,0.001508,172.31.40.0-255,66,126679,76,235791
5512,0.001626,74.125.24.0-255,1484,128163,76,235791
5513,0.001629,74.125.24.0-255,1484,129647,76,235791
5514,0.001634,172.31.40.0-255,66,129713,76,235791
5515,0.001642,74.125.24.0-255,1484,131197,76,235791
5516,0.001658,74.125.24.0-255,5738,136935,76,235791
5517,0.001661,172.31.40.0-255,66,137001,76,235791
5518,0.001669,74.125.24.0-255,7156,144157,76,235791
5519,0.001671,172.31.40.0-255,66,144223,76,235791
5520,0.001702,172.31.40.0-255,66,144289,76,235791
5521,0.001721,74.125.24.0-255,2902,147191,76,235791
5522,0.001723,172.31.40.0-255,66,147257,76,235791
5523,0.001727,74.125.24.0-255,2184,149441,76,235791
5524,0.001729,172.31.40.0-255,66,149507,76,235791
5525,0.001778,74.125.24.0-255,5738,155245,76,235791
5526,0.001782,172.31.40.0-255,66,155311,76,235791
5527,0.001803,74.125.24.0-255,1484,156795,76,235791
5528,0.00181,74.125.24.0-255,5738,162533,76,235791
5529,0.001813,172.31.40.0-255,66,162599,76,235791
5530,0.00183,74.125.24.0-255,2902,165501,76,235791
5531,0.001832,172.31.40.0-255,66,165567,76,235791
5532,0.001839,74.125.24.0-255,7156,172723,76,235791
5533,0.001841,172.31.40.0-255,66,172789,76,235791
5534,0.001873,172.31.40.0-255,66,172855,76,235791
5535,0.001876,74.125.24.0-255,766,173621,76,235791
5536,0.002294,74.125.24.0-255,1484,175105,76,235791
5537,0.0023,172.31.40.0-255,66,175171,76,235791
5538,0.002306,74.125.24.0-255,2902,178073,76,235791
5539,0.002308,172.31.40.0-255,66,178139,76,235791
5540,0.00233,74.125.24.0-255,5738,183877,76,235791
5541,0.002332,172.31.40.0-255,66,183943,76,235791
5542,0.002336,74.125.24.0-255,2902,186845,76,235791
5543,0.002338,172.31.40.0-255,66,186911,76,235791
5544,0.002358,74.125.24.0-255,2902,189813,76,235791
5545,0.00236,172.31.40.0-255,66,189879,76,235791
5546,0.002398,74.125.24.0-255,7156,197035,76,235791
5547,0.002401,172.31.40.0-255,66,197101,76,235791
5548,0.002417,172.31.40.0-255,66,197167,76,235791
5549,0.00242,74.125.24.0-255,766,197933,76,235791
5550,0.00483,74.125.24.0-255,4320,202253,76,235791
5551,0.004837,172.31.40.0-255,66,202319,76,235791
5552,0.007267,74.125.24.0-255,4320,206639,76,235791
5553,0.007274,172.31.40.0-255,66,206705,76,235791
5554,0.007292,74.125.24.0-255,1484,208189,76,235791
5555,0.009709,74.125.24.0-255,4320,212509,76,235791
5556,0.009718,172.31.40.0-255,66,212575,76,235791
5557,0.01218,74.125.24.0-255,5738,218313,76,235791
5558,0.012192,172.31.40.0-255,66,218379,76,235791
5559,0.014647,74.125.24.0-255,5738,224117,76,235791
5560,0.014653,172.31.40.0-255,66,224183,76,235791
5561,0.017157,74.125.24.0-255,5738,229921,76,235791
5562,0.017169,172.31.40.0-255,66,229987,76,235791
5563,0.019634,74.125.24.0-255,5738,235725,76,235791
5564,0.019642,172.31.40.0-255,66,235791,76,235791
5565,0.0,74.125.68.0-255,150,150,76,193765
5566,1.6e-05,172.31.40.0-255,66,216,76,193765
5567,2.4e-05,74.125.68.0-255,1484,1700,76,193765
5568,2.8e-05,172.31.40.0-255,66,1766,76,193765
5569,3.4e-05,74.125.68.0-255,2902,4668,76,193765
5570,3.7e-05,172.31.40.0-255,66,4734,76,193765
5571,4.1e-05,74.125.68.0-255,2902,7636,76,193765
5572,4.4e-05,172.31.40.0-255,66,7702,76,193765
5573,5.9e-05,74.125.68.0-255,1484,9186,76,193765
5574,6.2e-05,172.31.40.0-255,66,9252,76,193765
5575,0.000101,74.125.68.0-255,4936,14188,76,193765
5576,0.000104,172.31.40.0-255,66,14254,76,193765
5577,0.000301,74.125.68.0-255,1484,15738,76,193765
5578,0.000306,172.31.40.0-255,66,15804,76,193765
5579,0.000313,74.125.68.0-255,2902,18706,76,193765
5580,0.000315,172.31.40.0-255,66,18772,76,193765
5581,0.000336,74.125.68.0-255,4320,23092,76,193765
5582,0.00034,172.31.40.0-255,66,23158,76,193765
5583,0.000399,172.31.40.0-255,66,23224,76,193765
5584,0.000414,74.125.68.0-255,1484,24708,76,193765
5585,0.000417,172.31.40.0-255,66,24774,76,193765
5586,0.000442,74.125.68.0-255,2902,27676,76,193765
5587,0.000445,172.31.40.0-255,66,27742,76,193765
5588,0.000451,74.125.68.0-255,5738,33480,76,193765
5589,0.000454,172.31.40.0-255,66,33546,76,193765
5590,0.000482,74.125.68.0-255,6797,40343,76,193765
5591,0.000485,172.31.40.0-255,66,40409,76,193765
5592,0.000825,74.125.68.0-255,1484,41893,76,193765
5593,0.000829,172.31.40.0-255,66,41959,76,193765
5594,0.000835,74.125.68.0-255,2902,44861,76,193765
5595,0.000837,172.31.40.0-255,66,44927,76,193765
5596,0.000841,74.125.68.0-255,1484,46411,76,193765
5597,0.000854,74.125.68.0-255,1484,47895,76,193765
5598,0.000857,172.31.40.0-255,66,47961,76,193765
5599,0.000879,74.125.68.0-255,4320,52281,76,193765
5600,0.000883,172.31.40.0-255,66,52347,76,193765
5601,0.000904,74.125.68.0-255,5959,58306,76,193765
5602,0.000907,172.31.40.0-255,66,58372,76,193765
5603,0.000982,74.125.68.0-255,1484,59856,76,193765
5604,0.000997,74.125.68.0-255,1484,61340,76,193765
5605,0.001,172.31.40.0-255,66,61406,76,193765
5606,0.001005,74.125.68.0-255,2902,64308,76,193765
5607,0.001007,172.31.40.0-255,66,64374,76,193765
5608,0.00103,74.125.68.0-255,1484,65858,76,193765
5609,0.001051,74.125.68.0-255,4320,70178,76,193765
5610,0.001054,172.31.40.0-255,66,70244,76,193765
5611,0.001058,74.125.68.0-255,2902,73146,76,193765
5612,0.00106,172.31.40.0-255,66,73212,76,193765
5613,0.001078,74.125.68.0-255,4320,77532,76,193765
5614,0.001081,172.31.40.0-255,66,77598,76,193765
5615,0.0011,74.125.68.0-255,4320,81918,76,193765
5616,0.001103,172.31.40.0-255,66,81984,76,193765
5617,0.001121,74.125.68.0-255,4320,86304,76,193765
5618,0.001123,172.31.40.0-255,66,86370,76,193765
5619,0.001147,74.125.68.0-255,1484,87854,76,193765
5620,0.001175,74.125.68.0-255,5020,92874,76,193765
5621,0.001178,172.31.40.0-255,66,92940,76,193765
5622,0.001199,74.125.68.0-255,4320,97260,76,193765
5623,0.001201,172.31.40.0-255,66,97326,76,193765
5624,0.001228,74.125.68.0-255,2902,100228,76,193765
5625,0.00123,172.31.40.0-255,66,100294,76,193765
5626,0.001242,172.31.40.0-255,66,100360,76,193765
5627,0.001245,74.125.68.0-255,461,100821,76,193765
5628,0.001463,74.125.68.0-255,1484,102305,76,193765
5629,0.001467,172.31.40.0-255,66,102371,76,193765
5630,0.001488,74.125.68.0-255,2902,105273,76,193765
5631,0.001491,172.31.40.0-255,66,105339,76,193765
5632,0.001497,74.125.68.0-255,5738,111077,76,193765
5633,0.001499,172.31.40.0-255,66,111143,76,193765
5634,0.001518,74.125.68.0-255,2902,114045,76,193765
5635,0.001521,172.31.40.0-255,66,114111,76,193765
5636,0.001525,74.125.68.0-255,2902,117013,76,193765
5637,0.001528,172.31.40.0-255,66,117079,76,193765
5638,0.001544,74.125.68.0-255,1484,118563,76,193765
5639,0.00158,74.125.68.0-255,7156,125719,76,193765
5640,0.001583,172.31.40.0-255,66,125785,76,193765
5641,0.001604,74.125.68.0-255,1820,127605,76,193765
5642,0.001608,172.31.40.0-255,66,127671,76,193765
5643,0.001614,74.125.68.0-255,5738,133409,76,193765
5644,0.001616,172.31.40.0-255,66,133475,76,193765
5645,0.001636,74.125.68.0-255,4320,137795,76,193765
5646,0.001639,172.31.40.0-255,66,137861,76,193765
5647,0.001645,74.125.68.0-255,5738,143599,76,193765
5648,0.001647,172.31.40.0-255,66,143665,76,193765
5649,0.001654,74.125.68.0-255,7156,150821,76,193765
5650,0.001657,172.31.40.0-255,66,150887,76,193765
5651,0.001661,74.125.68.0-255,2184,153071,76,193765
5652,0.001663,172.31.40.0-255,66,153137,76,193765
5653,0.003964,74.125.68.0-255,5738,158875,76,193765
5654,0.003971,172.31.40.0-255,66,158941,76,193765
5655,0.00628,74.125.68.0-255,5738,164679,76,193765
5656,0.006286,172.31.40.0-255,66,164745,76,193765
5657,0.008606,74.125.68.0-255,5738,170483,76,193765
5658,0.008614,172.31.40.0-255,66,170549,76,193765
5659,0.010933,74.125.68.0-255,5738,176287,76,193765
5660,0.01094,172.31.40.0-255,66,176353,76,193765
5661,0.013249,74.125.68.0-255,5738,182091,76,193765
5662,0.01326,172.31.40.0-255,66,182157,76,193765
5663,0.015578,74.125.68.0-255,5738,187895,76,193765
5664,0.015587,172.31.40.0-255,66,187961,76,193765
5665,0.017901,74.125.68.0-255,5738,193699,76,193765
5666,0.017908,172.31.40.0-255,66,193765,76,193765
5667,0.0,74.125.68.0-255,190,190,76,231861
5668,2e-05,172.31.40.0-255,66,256,76,231861
5669,2.7e-05,74.125.68.0-255,1484,1740,76,231861
5670,3.2e-05,172.31.40.0-255,66,1806,76,231861
5671,3.7e-05,74.125.68.0-255,2902,4708,76,231861
5672,4.8e-05,172.31.40.0-255,66,4774,76,231861
5673,5.4e-05,74.125.68.0-255,4320,9094,76,231861
5674,5.8e-05,172.31.40.0-255,66,9160,76,231861
5675,9e-05,74.125.68.0-255,4911,14071,76,231861
5676,9.7e-05,172.31.40.0-255,66,14137,76,231861
5677,0.000128,74.125.68.0-255,2902,17039,76,231861
5678,0.000131,172.31.40.0-255,66,17105,76,231861
5679,0.000137,74.125.68.0-255,4320,21425,76,231861
5680,0.000139,172.31.40.0-255,66,21491,76,231861
5681,0.000163,74.125.68.0-255,5738,27229,76,231861
5682,0.000166,172.31.40.0-255,66,27295,76,231861
5683,0.000195,74.125.68.0-255,2902,30197,76,231861
5684,0.000198,172.31.40.0-255,66,30263,76,231861
5685,0.000225,74.125.68.0-255,1125,31388,76,231861
5686,0.000227,172.31.40.0-255,66,31454,76,231861
5687,0.000594,74.125.68.0-255,1484,32938,76,231861
5688,0.000599,172.31.40.0-255,66,33004,76,231861
5689,0.000604,74.125.68.0-255,2902,35906,76,231861
5690,0.000606,172.31.40.0-255,66,35972,76,231861
5691,0.00064,74.125.68.0-255,5738,41710,76,231861
5692,0.000643,172.31.40.0-255,66,41776,76,231861
5693,0.000675,74.125.68.0-255,7156,48932,76,231861
5694,0.000678,172.31.40.0-255,66,48998,76,231861
5695,0.000682,74.125.68.0-255,2902,51900,76,231861
5696,0.000685,172.31.40.0-255,66,51966,76,231861
5697,0.000712,74.125.68.0-255,2902,54868,76,231861
5698,0.000715,172.31.40.0-255,66,54934,76,231861
5699,0.000738,74.125.68.0-255,1484,56418,76,231861
5700,0.000746,74.125.68.0-255,5738,62156,76,231861
5701,0.000762,74.125.68.0-255,2902,65058,76,231861
5702,0.000787,74.125.68.0-255,766,65824,76,231861
5703,0.000802,74.125.68.0-255,427,66251,76,231861
5704,0.000848,74.125.68.0-255,1484,67735,76,231861
5705,0.000863,74.125.68.0-255,1484,69219,76,231861
5706,0.000881,74.125.68.0-255,2902,72121,76,231861
5707,0.000929,74.125.68.0-255,4320,76441,76,231861
5708,0.000948,74.125.68.0-255,1484,77925,76,231861
5709,0.001016,74.125.68.0-255,4320,82245,76,231861
5710,0.001033,74.125.68.0-255,6438,88683,76,231861
5711,0.001094,172.31.40.0-255,66,88749,76,231861
5712,0.001126,74.125.68.0-255,1484,90233,76,231861
5713,0.00113,74.125.68.0-255,1484,91717,76,231861
5714,0.001148,74.125.68.0-255,1484,93201,76,231861
5715,0.001155,172.31.40.0-255,66,93267,76,231861
5716,0.001162,74.125.68.0-255,1484,94751,76,231861
5717,0.001172,74.125.68.0-255,5738,100489,76,231861
5718,0.001175,74.125.68.0-255,1484,101973,76,231861
5719,0.001182,172.31.40.0-255,66,102039,76,231861
5720,0.001205,74.125.68.0-255,7156,109195,76,231861
5721,0.001222,74.125.68.0-255,1484,110679,76,231861
5722,0.001228,172.31.40.0-255,66,110745,76,231861
5723,0.001269,74.125.68.0-255,7156,117901,76,231861
5724,0.00128,172.31.40.0-255,66,117967,76,231861
5725,0.001291,74.125.68.0-255,4320,122287,76,231861
5726,0.001302,172.31.40.0-255,66,122353,76,231861
5727,0.001324,74.125.68.0-255,766,123119,76,231861
5728,0.001572,74.125.68.0-255,1484,124603,76,231861
5729,0.00158,172.31.40.0-255,66,124669,76,231861
5730,0.001593,74.125.68.0-255,2902,127571,76,231861
5731,0.001603,74.125.68.0-255,4320,131891,76,231861
5732,0.001612,74.125.68.0-255,1484,133375,76,231861
5733,0.001627,172.31.40.0-255,66,133441,76,231861
5734,0.001647,74.125.68.0-255,4320,137761,76,231861
5735,0.001658,74.125.68.0-255,2902,140663,76,231861
5736,0.001669,74.125.68.0-255,1484,142147,76,231861
5737,0.001677,172.31.40.0-255,66,142213,76,231861
5738,0.001689,74.125.68.0-255,2902,145115,76,231861
5739,0.001708,172.31.40.0-255,66,145181,76,231861
5740,0.001763,172.31.40.0-255,66,145247,76,231861
5741,0.001806,74.125.68.0-255,4320,149567,76,231861
5742,0.001822,172.31.40.0-255,66,149633,76,231861
5743,0.001845,172.31.40.0-255,66,149699,76,231861
5744,0.001897,74.125.68.0-255,1484,151183,76,231861
5745,0.001956,172.31.40.0-255,66,151249,76,231861
5746,0.002045,74.125.68.0-255,4320,155569,76,231861
5747,0.00205,172.31.40.0-255,66,155635,76,231861
5748,0.00211,172.31.40.0-255,66,155701,76,231861
5749,0.002205,74.125.68.0-255,5738,161439,76,231861
5750,0.002223,74.125.68.0-255,6438,167877,76,231861
5751,0.002239,172.31.40.0-255,66,167943,76,231861
5752,0.002289,74.125.68.0-255,4320,172263,76,231861
5753,0.002334,172.31.40.0-255,66,172329,76,231861
5754,0.002425,172.31.40.0-255,66,172395,76,231861
5755,0.002532,74.125.68.0-255,5738,178133,76,231861
5756,0.002542,172.31.40.0-255,66,178199,76,231861
5757,0.002597,74.125.68.0-255,2184,180383,76,231861
5758,0.002607,172.31.40.0-255,66,180449,76,231861
5759,0.002828,74.125.68.0-255,5738,186187,76,231861
5760,0.002833,172.31.40.0-255,66,186253,76,231861
5761,0.002867,74.125.68.0-255,5738,191991,76,231861
5762,0.002881,172.31.40.0-255,66,192057,76,231861
5763,0.005152,74.125.68.0-255,4320,196377,76,231861
5764,0.005159,172.31.40.0-255,66,196443,76,231861
5765,0.005172,74.125.68.0-255,1484,197927,76,231861
5766,0.007426,74.125.68.0-255,4320,202247,76,231861
5767,0.007451,172.31.40.0-255,66,202313,76,231861
5768,0.009711,74.125.68.0-255,5738,208051,76,231861
5769,0.009717,172.31.40.0-255,66,208117,76,231861
5770,0.012048,74.125.68.0-255,2902,211019,76,231861
5771,0.012056,172.31.40.0-255,66,211085,76,231861
5772,0.012089,74.125.68.0-255,2902,213987,76,231861
5773,0.012092,172.31.40.0-255,66,214053,76,231861
5774,0.014314,74.125.68.0-255,2902,216955,76,231861
5775,0.014323,172.31.40.0-255,66,217021,76,231861
5776,0.014356,74.125.68.0-255,2902,219923,76,231861
5777,0.014359,172.31.40.0-255,66,219989,76,231861
5778,0.016584,74.125.68.0-255,2902,222891,76,231861
5779,0.016596,172.31.40.0-255,66,222957,76,231861
5780,0.016628,74.125.68.0-255,2902,225859,76,231861
5781,0.016632,172.31.40.0-255,66,225925,76,231861
5782,0.018862,74.125.68.0-255,2902,228827,76,231861
5783,0.01887,172.31.40.0-255,66,228893,76,231861
5784,0.018902,74.125.68.0-255,2902,231795,76,231861
5785,0.018905,172.31.40.0-255,66,231861,76,231861
5786,0.0,74.125.24.0-255,152,152,76,272773
5787,2.2e-05,172.31.40.0-255,66,218,76,272773
5788,2.8e-05,74.125.24.0-255,1484,1702,76,272773
5789,3.2e-05,172.31.40.0-255,66,1768,76,272773
5790,3.8e-05,74.125.24.0-255,2902,4670,76,272773
5791,4e-05,172.31.40.0-255,66,4736,76,272773
5792,4.9e-05,74.125.24.0-255,7156,11892,76,272773
5793,5.2e-05,172.31.40.0-255,66,11958,76,272773
5794,5.5e-05,74.125.24.0-255,2037,13995,76,272773
5795,5.8e-05,172.31.40.0-255,66,14061,76,272773
5796,8.6e-05,74.125.24.0-255,7156,21217,76,272773
5797,8.9e-05,172.31.40.0-255,66,21283,76,272773
5798,0.000104,74.125.24.0-255,4320,25603,76,272773
5799,0.000106,172.31.40.0-255,66,25669,76,272773
5800,0.000112,74.125.24.0-255,5379,31048,76,272773
5801,0.000115,172.31.40.0-255,66,31114,76,272773
5802,0.000189,74.125.24.0-255,1484,32598,76,272773
5803,0.000192,172.31.40.0-255,66,32664,76,272773
5804,0.000196,74.125.24.0-255,2902,35566,76,272773
5805,0.000198,172.31.40.0-255,66,35632,76,272773
5806,0.000213,74.125.24.0-255,5738,41370,76,272773
5807,0.000216,172.31.40.0-255,66,41436,76,272773
5808,0.000238,74.125.24.0-255,2902,44338,76,272773
5809,0.00024,172.31.40.0-255,66,44404,76,272773
5810,0.000265,172.31.40.0-255,66,44470,76,272773
5811,0.000276,172.31.40.0-255,66,44536,76,272773
5812,0.000298,74.125.24.0-255,397,44933,76,272773
5813,0.0003,172.31.40.0-255,66,44999,76,272773
5814,0.000382,74.125.24.0-255,115,45114,76,272773
5815,0.000385,172.31.40.0-255,66,45180,76,272773
5816,0.00053,74.125.24.0-255,1484,46664,76,272773
5817,0.000538,74.125.24.0-255,2902,49566,76,272773
5818,0.000542,172.31.40.0-255,66,49632,76,272773
5819,0.000567,74.125.24.0-255,5738,55370,76,272773
5820,0.00057,172.31.40.0-255,66,55436,76,272773
5821,0.000609,74.125.24.0-255,7156,62592,76,272773
5822,0.000613,172.31.40.0-255,66,62658,76,272773
5823,0.00064,74.125.24.0-255,6797,69455,76,272773
5824,0.000643,172.31.40.0-255,66,69521,76,272773
5825,0.000659,74.125.24.0-255,5738,75259,76,272773
5826,0.000662,172.31.40.0-255,66,75325,76,272773
5827,0.000674,74.125.24.0-255,3643,78968,76,272773
5828,0.000677,172.31.40.0-255,66,79034,76,272773
5829,0.001036,74.125.24.0-255,1484,80518,76,272773
5830,0.001042,74.125.24.0-255,2902,83420,76,272773
5831,0.001045,172.31.40.0-255,66,83486,76,272773
5832,0.001071,74.125.24.0-255,5738,89224,76,272773
5833,0.001074,172.31.40.0-255,66,89290,76,272773
5834,0.001079,74.125.24.0-255,4320,93610,76,272773
5835,0.001081,172.31.40.0-255,66,93676,76,272773
5836,0.001097,74.125.24.0-255,2902,96578,76,272773
5837,0.001099,172.31.40.0-255,66,96644,76,272773
5838,0.001103,74.125.24.0-255,2902,99546,76,272773
5839,0.001105,172.31.40.0-255,66,99612,76,272773
5840,0.001147,172.31.40.0-255,66,99678,76,272773
5841,0.001152,74.125.24.0-255,2184,101862,76,272773
5842,0.001153,172.31.40.0-255,66,101928,76,272773
5843,0.001274,74.125.24.0-255,1484,103412,76,272773
5844,0.001279,74.125.24.0-255,2902,106314,76,272773
5845,0.001282,172.31.40.0-255,66,106380,76,272773
5846,0.001305,74.125.24.0-255,5738,112118,76,272773
5847,0.001307,172.31.40.0-255,66,112184,76,272773
5848,0.001327,74.125.24.0-255,4320,116504,76,272773
5849,0.001329,172.31.40.0-255,66,116570,76,272773
5850,0.001353,74.125.24.0-255,7156,123726,76,272773
5851,0.001356,172.31.40.0-255,66,123792,76,272773
5852,0.001364,74.125.24.0-255,7156,130948,76,272773
5853,0.001366,172.31.40.0-255,66,131014,76,272773
5854,0.001389,74.125.24.0-255,5020,136034,76,272773
5855,0.001392,172.31.40.0-255,66,136100,76,272773
5856,0.001461,74.125.24.0-255,1484,137584,76,272773
5857,0.001466,74.125.24.0-255,1484,139068,76,272773
5858,0.001469,172.31.40.0-255,66,139134,76,272773
5859,0.001491,74.125.24.0-255,1484,140618,76,272773
5860,0.001497,74.125.24.0-255,5738,146356,76,272773
5861,0.0015,172.31.40.0-255,66,146422,76,272773
5862,0.001516,74.125.24.0-255,1484,147906,76,272773
5863,0.001556,74.125.24.0-255,4320,152226,76,272773
5864,0.001561,172.31.40.0-255,66,152292,76,272773
5865,0.001564,172.31.40.0-255,66,152358,76,272773
5866,0.001579,74.125.24.0-255,1484,153842,76,272773
5867,0.001597,74.125.24.0-255,5020,158862,76,272773
5868,0.0016,172.31.40.0-255,66,158928,76,272773
5869,0.001674,74.125.24.0-255,1484,160412,76,272773
5870,0.001679,74.125.24.0-255,2902,163314,76,272773
5871,0.001682,172.31.40.0-255,66,163380,76,272773
5872,0.00171,74.125.24.0-255,5738,169118,76,272773
5873,0.001713,172.31.40.0-255,66,169184,76,272773
5874,0.00174,172.31.40.0-255,66,169250,76,272773
5875,0.001781,74.125.24.0-255,5738,174988,76,272773
5876,0.001783,172.31.40.0-255,66,175054,76,272773
5877,0.001803,74.125.24.0-255,5020,180074,76,272773
5878,0.001805,172.31.40.0-255,66,180140,76,272773
5879,0.00187,74.125.24.0-255,1484,181624,76,272773
5880,0.001875,74.125.24.0-255,1484,183108,76,272773
5881,0.001877,172.31.40.0-255,66,183174,76,272773
5882,0.001896,74.125.24.0-255,1484,184658,76,272773
5883,0.001902,74.125.24.0-255,5738,190396,76,272773
5884,0.001905,172.31.40.0-255,66,190462,76,272773
5885,0.001938,172.31.40.0-255,66,190528,76,272773
5886,0.00195,74.125.24.0-255,1484,192012,76,272773
5887,0.001955,74.125.24.0-255,2902,194914,76,272773
5888,0.001957,172.31.40.0-255,66,194980,76,272773
5889,0.001977,172.31.40.0-255,66,195046,76,272773
5890,0.002002,74.125.24.0-255,1484,196530,76,272773
5891,0.002019,74.125.24.0-255,7156,203686,76,272773
5892,0.002023,172.31.40.0-255,66,203752,76,272773
5893,0.002051,74.125.24.0-255,7156,210908,76,272773
5894,0.002054,172.31.40.0-255,66,210974,76,272773
5895,0.00207,172.31.40.0-255,66,211040,76,272773
5896,0.002089,74.125.24.0-255,766,211806,76,272773
5897,0.002092,74.125.24.0-255,1484,213290,76,272773
5898,0.002095,172.31.40.0-255,66,213356,76,272773
5899,0.0021,74.125.24.0-255,2902,216258,76,272773
5900,0.002103,172.31.40.0-255,66,216324,76,272773
5901,0.002126,74.125.24.0-255,5738,222062,76,272773
5902,0.002129,172.31.40.0-255,66,222128,76,272773
5903,0.002135,74.125.24.0-255,5738,227866,76,272773
5904,0.002137,172.31.40.0-255,66,227932,76,272773
5905,0.002172,74.125.24.0-255,7156,235088,76,272773
5906,0.002175,172.31.40.0-255,66,235154,76,272773
5907,0.002185,172.31.40.0-255,66,235220,76,272773
5908,0.002214,74.125.24.0-255,3602,238822,76,272773
5909,0.002216,172.31.40.0-255,66,238888,76,272773
5910,0.002221,74.125.24.0-255,4320,243208,76,272773
5911,0.002223,172.31.40.0-255,66,243274,76,272773
5912,0.002246,172.31.40.0-255,66,243340,76,272773
5913,0.002289,172.31.40.0-255,66,243406,76,272773
5914,0.002321,172.31.40.0-255,66,243472,76,272773
5915,0.002326,74.125.24.0-255,2902,246374,76,272773
5916,0.002328,172.31.40.0-255,66,246440,76,272773
5917,0.002351,172.31.40.0-255,66,246506,76,272773
5918,0.004652,74.125.24.0-255,5738,252244,76,272773
5919,0.004659,172.31.40.0-255,66,252310,76,272773
5920,0.006981,74.125.24.0-255,5738,258048,76,272773
5921,0.006989,172.31.40.0-255,66,258114,76,272773
5922,0.009301,74.125.24.0-255,5738,263852,76,272773
5923,0.009307,172.31.40.0-255,66,263918,76,272773
5924,0.011638,74.125.24.0-255,5738,269656,76,272773
5925,0.011643,172.31.40.0-255,66,269722,76,272773
5926,0.013921,74.125.24.0-255,2880,272602,76,272773
5927,0.01393,172.31.40.0-255,66,272668,76,272773
5928,0.017802,172.31.40.0-255,105,272773,76,272773
5929,0.0,172.217.194.0-255,150,150,76,198520
5930,2.9e-05,172.31.40.0-255,66,216,76,198520
5931,3.5e-05,172.217.194.0-255,1484,1700,76,198520
5932,3.9e-05,172.31.40.0-255,66,1766,76,198520
5933,4.4e-05,172.217.194.0-255,2902,4668,76,198520
5934,4.5e-05,172.31.40.0-255,66,4734,76,198520
5935,5e-05,172.217.194.0-255,4320,9054,76,198520
5936,5.2e-05,172.31.40.0-255,66,9120,76,198520
5937,6.5e-05,172.217.194.0-255,4892,14012,76,198520
5938,6.7e-05,172.31.40.0-255,66,14078,76,198520
5939,0.000117,172.31.40.0-255,66,14144,76,198520
5940,0.000123,172.217.194.0-255,5379,19523,76,198520
5941,0.000125,172.31.40.0-255,66,19589,76,198520
5942,0.000207,172.217.194.0-255,1484,21073,76,198520
5943,0.00021,172.31.40.0-255,66,21139,76,198520
5944,0.000227,172.217.194.0-255,2902,24041,76,198520
5945,0.00023,172.31.40.0-255,66,24107,76,198520
5946,0.000264,172.217.194.0-255,5738,29845,76,198520
5947,0.000268,172.31.40.0-255,66,29911,76,198520
5948,0.000271,172.217.194.0-255,2902,32813,76,198520
5949,0.000275,172.31.40.0-255,66,32879,76,198520
5950,0.000313,172.31.40.0-255,66,32945,76,198520
5951,0.000319,172.217.194.0-255,7156,40101,76,198520
5952,0.000322,172.31.40.0-255,66,40167,76,198520
5953,0.000362,172.217.194.0-255,2866,43033,76,198520
5954,0.000365,172.31.40.0-255,66,43099,76,198520
5955,0.000391,172.217.194.0-255,2902,46001,76,198520
5956,0.000393,172.31.40.0-255,66,46067,76,198520
5957,0.000397,172.217.194.0-255,2902,48969,76,198520
5958,0.0004,172.31.40.0-255,66,49035,76,198520
5959,0.000424,172.217.194.0-255,4320,53355,76,198520
5960,0.000426,172.31.40.0-255,66,53421,76,198520
5961,0.000432,172.217.194.0-255,5738,59159,76,198520
5962,0.000434,172.31.40.0-255,66,59225,76,198520
5963,0.000464,172.217.194.0-255,5738,64963,76,198520
5964,0.000468,172.31.40.0-255,66,65029,76,198520
5965,0.000502,172.31.40.0-255,66,65095,76,198520
5966,0.00053,172.217.194.0-255,1901,66996,76,198520
5967,0.000533,172.31.40.0-255,66,67062,76,198520
5968,0.00054,172.217.194.0-255,7156,74218,76,198520
5969,0.000548,172.31.40.0-255,66,74284,76,198520
5970,0.000556,172.31.40.0-255,66,74350,76,198520
5971,0.000559,172.217.194.0-255,2902,77252,76,198520
5972,0.000561,172.31.40.0-255,66,77318,76,198520
5973,0.000607,172.31.40.0-255,66,77384,76,198520
5974,0.00061,172.217.194.0-255,766,78150,76,198520
5975,0.000696,172.217.194.0-255,1484,79634,76,198520
5976,0.000699,172.31.40.0-255,66,79700,76,198520
5977,0.000703,172.217.194.0-255,1484,81184,76,198520
5978,0.000723,172.217.194.0-255,1484,82668,76,198520
5979,0.000726,172.31.40.0-255,66,82734,76,198520
5980,0.000732,172.217.194.0-255,5738,88472,76,198520
5981,0.000735,172.31.40.0-255,66,88538,76,198520
5982,0.000769,172.31.40.0-255,66,88604,76,198520
5983,0.000777,172.217.194.0-255,5738,94342,76,198520
5984,0.000779,172.31.40.0-255,66,94408,76,198520
5985,0.000811,172.217.194.0-255,5020,99428,76,198520
5986,0.000816,172.31.40.0-255,66,99494,76,198520
5987,0.000828,172.217.194.0-255,4320,103814,76,198520
5988,0.000831,172.31.40.0-255,66,103880,76,198520
5989,0.000848,172.217.194.0-255,7156,111036,76,198520
5990,0.000855,172.31.40.0-255,66,111102,76,198520
5991,0.000858,172.217.194.0-255,1484,112586,76,198520
5992,0.000874,172.217.194.0-255,5738,118324,76,198520
5993,0.000877,172.31.40.0-255,66,118390,76,198520
5994,0.000911,172.31.40.0-255,66,118456,76,198520
5995,0.000917,172.217.194.0-255,6438,124894,76,198520
5996,0.00092,172.31.40.0-255,66,124960,76,198520
5997,0.000925,172.217.194.0-255,5738,130698,76,198520
5998,0.000927,172.31.40.0-255,66,130764,76,198520
5999,0.000938,172.217.194.0-255,1484,132248,76,198520
6000,0.000943,172.217.194.0-255,5738,137986,76,198520
6001,0.000946,172.31.40.0-255,66,138052,76,198520
6002,0.00095,172.217.194.0-255,4320,142372,76,198520
6003,0.000956,172.31.40.0-255,66,142438,76,198520
6004,0.001002,172.31.40.0-255,66,142504,76,198520
6005,0.001009,172.217.194.0-255,6438,148942,76,198520
6006,0.001011,172.31.40.0-255,66,149008,76,198520
6007,0.001015,172.217.194.0-255,2902,151910,76,198520
6008,0.001016,172.31.40.0-255,66,151976,76,198520
6009,0.001039,172.217.194.0-255,4320,156296,76,198520
6010,0.001045,172.31.40.0-255,66,156362,76,198520
6011,0.00105,172.217.194.0-255,4320,160682,76,198520
6012,0.001052,172.31.40.0-255,66,160748,76,198520
6013,0.001068,172.31.40.0-255,66,160814,76,198520
6014,0.001094,172.217.194.0-255,1484,162298,76,198520
6015,0.00111,172.31.40.0-255,66,162364,76,198520
6016,0.00113,172.217.194.0-255,2902,165266,76,198520
6017,0.001132,172.31.40.0-255,66,165332,76,198520
6018,0.00117,172.217.194.0-255,7156,172488,76,198520
6019,0.001173,172.31.40.0-255,66,172554,76,198520
6020,0.001176,172.217.194.0-255,1484,174038,76,198520
6021,0.001188,172.31.40.0-255,66,174104,76,198520
6022,0.001203,172.31.40.0-255,66,174170,76,198520
6023,0.001264,172.217.194.0-255,1484,175654,76,198520
6024,0.001291,172.217.194.0-255,2902,178556,76,198520
6025,0.001295,172.31.40.0-255,66,178622,76,198520
6026,0.001301,172.217.194.0-255,5738,184360,76,198520
6027,0.001303,172.31.40.0-255,66,184426,76,198520
6028,0.001342,172.31.40.0-255,66,184492,76,198520
6029,0.001352,172.31.40.0-255,66,184558,76,198520
6030,0.001381,172.217.194.0-255,1484,186042,76,198520
6031,0.001386,172.217.194.0-255,2902,188944,76,198520
6032,0.00139,172.31.40.0-255,66,189010,76,198520
6033,0.00141,172.217.194.0-255,5738,194748,76,198520
6034,0.001414,172.31.40.0-255,66,194814,76,198520
6035,0.001464,172.31.40.0-255,66,194880,76,198520
6036,0.001475,172.31.40.0-255,66,194946,76,198520
6037,0.001484,172.217.194.0-255,1484,196430,76,198520
6038,0.001519,172.31.40.0-255,66,196496,76,198520
6039,0.001536,172.31.40.0-255,66,196562,76,198520
6040,0.001539,172.217.194.0-255,1484,198046,76,198520
6041,0.001582,172.31.40.0-255,66,198112,76,198520
6042,0.001629,172.31.40.0-255,66,198178,76,198520
6043,0.001632,172.217.194.0-255,105,198283,76,198520
6044,0.003335,172.31.40.0-255,66,198349,76,198520
6045,0.003361,172.31.40.0-255,105,198454,76,198520
6046,0.00582,172.217.194.0-255,66,198520,76,198520
6047,0.0,74.125.68.0-255,153,153,76,171184
6048,2.4e-05,172.31.40.0-255,66,219,76,171184
6049,5.5e-05,74.125.68.0-255,1484,1703,76,171184
6050,6e-05,172.31.40.0-255,66,1769,76,171184
6051,6.7e-05,74.125.68.0-255,2902,4671,76,171184
6052,7e-05,172.31.40.0-255,66,4737,76,171184
6053,7.5e-05,74.125.68.0-255,2902,7639,76,171184
6054,7.8e-05,172.31.40.0-255,66,7705,76,171184
6055,8.4e-05,74.125.68.0-255,4320,12025,76,171184
6056,8.7e-05,172.31.40.0-255,66,12091,76,171184
6057,9.9e-05,172.31.40.0-255,66,12157,76,171184
6058,0.00013,172.31.40.0-255,66,12223,76,171184
6059,0.000237,74.125.68.0-255,1484,13707,76,171184
6060,0.00024,172.31.40.0-255,66,13773,76,171184
6061,0.000246,74.125.68.0-255,2902,16675,76,171184
6062,0.000248,172.31.40.0-255,66,16741,76,171184
6063,0.000255,74.125.68.0-255,5738,22479,76,171184
6064,0.000258,172.31.40.0-255,66,22545,76,171184
6065,0.000278,74.125.68.0-255,1484,24029,76,171184
6066,0.00028,172.31.40.0-255,66,24095,76,171184
6067,0.000284,74.125.68.0-255,2902,26997,76,171184
6068,0.000286,172.31.40.0-255,66,27063,76,171184
6069,0.000294,74.125.68.0-255,5379,32442,76,171184
6070,0.000296,172.31.40.0-255,66,32508,76,171184
6071,0.000325,74.125.68.0-255,5738,38246,76,171184
6072,0.000328,172.31.40.0-255,66,38312,76,171184
6073,0.000377,172.31.40.0-255,66,38378,76,171184
6074,0.000813,74.125.68.0-255,414,38792,76,171184
6075,0.000818,172.31.40.0-255,66,38858,76,171184
6076,0.000912,74.125.68.0-255,1484,40342,76,171184
6077,0.000916,74.125.68.0-255,1484,41826,76,171184
6078,0.000919,172.31.40.0-255,66,41892,76,171184
6079,0.000936,74.125.68.0-255,1484,43376,76,171184
6080,0.000941,74.125.68.0-255,4320,47696,76,171184
6081,0.000955,172.31.40.0-255,66,47762,76,171184
6082,0.000967,74.125.68.0-255,2902,50664,76,171184
6083,0.000978,74.125.68.0-255,1484,52148,76,171184
6084,0.000986,74.125.68.0-255,1484,53632,76,171184
6085,0.000989,172.31.40.0-255,66,53698,76,171184
6086,0.001018,74.125.68.0-255,2543,56241,76,171184
6087,0.001031,172.31.40.0-255,66,56307,76,171184
6088,0.001228,74.125.68.0-255,1484,57791,76,171184
6089,0.001249,74.125.68.0-255,1484,59275,76,171184
6090,0.001252,172.31.40.0-255,66,59341,76,171184
6091,0.001289,74.125.68.0-255,2902,62243,76,171184
6092,0.001312,74.125.68.0-255,4320,66563,76,171184
6093,0.001319,172.31.40.0-255,66,66629,76,171184
6094,0.001353,74.125.68.0-255,1484,68113,76,171184
6095,0.001369,74.125.68.0-255,1484,69597,76,171184
6096,0.001375,172.31.40.0-255,66,69663,76,171184
6097,0.001396,74.125.68.0-255,3961,73624,76,171184
6098,0.0014,172.31.40.0-255,66,73690,76,171184
6099,0.001529,74.125.68.0-255,328,74018,76,171184
6100,0.001712,74.125.68.0-255,1484,75502,76,171184
6101,0.001717,172.31.40.0-255,66,75568,76,171184
6102,0.001749,74.125.68.0-255,1484,77052,76,171184
6103,0.001762,74.125.68.0-255,2902,79954,76,171184
6104,0.001777,74.125.68.0-255,4320,84274,76,171184
6105,0.001786,74.125.68.0-255,1484,85758,76,171184
6106,0.001798,74.125.68.0-255,2902,88660,76,171184
6107,0.001813,74.125.68.0-255,1484,90144,76,171184
6108,0.001829,74.125.68.0-255,2902,93046,76,171184
6109,0.001841,74.125.68.0-255,2902,95948,76,171184
6110,0.001855,74.125.68.0-255,1484,97432,76,171184
6111,0.001874,74.125.68.0-255,7156,104588,76,171184
6112,0.001914,74.125.68.0-255,2902,107490,76,171184
6113,0.001927,74.125.68.0-255,766,108256,76,171184
6114,0.002127,74.125.68.0-255,1484,109740,76,171184
6115,0.002136,74.125.68.0-255,2902,112642,76,171184
6116,0.002159,74.125.68.0-255,5738,118380,76,171184
6117,0.002189,74.125.68.0-255,7156,125536,76,171184
6118,0.002217,74.125.68.0-255,4320,129856,76,171184
6119,0.002232,74.125.68.0-255,4320,134176,76,171184
6120,0.002277,74.125.68.0-255,4320,138496,76,171184
6121,0.002295,74.125.68.0-255,3602,142098,76,171184
6122,0.005124,172.31.40.0-255,66,142164,76,171184
6123,0.007808,74.125.68.0-255,5738,147902,76,171184
6124,0.007815,172.31.40.0-255,66,147968,76,171184
6125,0.010494,74.125.68.0-255,5738,153706,76,171184
6126,0.010502,172.31.40.0-255,66,153772,76,171184
6127,0.013202,74.125.68.0-255,5738,159510,76,171184
6128,0.013213,172.31.40.0-255,66,159576,76,171184
6129,0.015898,74.125.68.0-255,5738,165314,76,171184
6130,0.015908,172.31.40.0-255,66,165380,76,171184
6131,0.018586,74.125.68.0-255,5738,171118,76,171184
6132,0.018595,172.31.40.0-255,66,171184,76,171184
6133,0.0,172.253.118.0-255,297,297,76,86803
6134,1.6e-05,172.31.40.0-255,66,363,76,86803
6135,2.1e-05,172.253.118.0-255,1484,1847,76,86803
6136,2.5e-05,172.31.40.0-255,66,1913,76,86803
6137,3.7e-05,172.253.118.0-255,4320,6233,76,86803
6138,4e-05,172.31.40.0-255,66,6299,76,86803
6139,0.000135,172.253.118.0-255,4320,10619,76,86803
6140,0.000139,172.31.40.0-255,66,10685,76,86803
6141,0.000244,172.253.118.0-255,3285,13970,76,86803
6142,0.000248,172.31.40.0-255,66,14036,76,86803
6143,0.000324,172.253.118.0-255,1484,15520,76,86803
6144,0.000328,172.31.40.0-255,66,15586,76,86803
6145,0.000362,172.31.40.0-255,66,15652,76,86803
6146,0.000566,172.253.118.0-255,6797,22449,76,86803
6147,0.00057,172.31.40.0-255,66,22515,76,86803
6148,0.000731,172.253.118.0-255,7156,29671,76,86803
6149,0.000736,172.31.40.0-255,66,29737,76,86803
6150,0.000915,172.31.40.0-255,66,29803,76,86803
6151,0.000941,172.253.118.0-255,1125,30928,76,86803
6152,0.000943,172.31.40.0-255,66,30994,76,86803
6153,0.001128,172.253.118.0-255,5738,36732,76,86803
6154,0.001133,172.31.40.0-255,66,36798,76,86803
6155,0.00127,172.253.118.0-255,7156,43954,76,86803
6156,0.001276,172.31.40.0-255,66,44020,76,86803
6157,0.001431,172.253.118.0-255,5738,49758,76,86803
6158,0.001437,172.31.40.0-255,66,49824,76,86803
6159,0.001463,172.31.40.0-255,66,49890,76,86803
6160,0.001821,172.31.40.0-255,66,49956,76,86803
6161,0.002297,172.253.118.0-255,1125,51081,76,86803
6162,0.002949,172.253.118.0-255,766,51847,76,86803
6163,0.003173,172.31.40.0-255,66,51913,76,86803
6164,0.003213,172.31.40.0-255,66,51979,76,86803
6165,0.005811,172.253.118.0-255,5738,57717,76,86803
6166,0.005817,172.31.40.0-255,66,57783,76,86803
6167,0.008407,172.253.118.0-255,5738,63521,76,86803
6168,0.008414,172.31.40.0-255,66,63587,76,86803
6169,0.011049,172.253.118.0-255,5738,69325,76,86803
6170,0.011056,172.31.40.0-255,66,69391,76,86803
6171,0.013669,172.253.118.0-255,5738,75129,76,86803
6172,0.013678,172.31.40.0-255,66,75195,76,86803
6173,0.016279,172.253.118.0-255,5738,80933,76,86803
6174,0.016289,172.31.40.0-255,66,80999,76,86803
6175,0.019136,172.253.118.0-255,5738,86737,76,86803
6176,0.019146,172.31.40.0-255,66,86803,76,86803
6177,0.0,74.125.200.0-255,156,156,76,178542
6178,2.5e-05,172.31.40.0-255,66,222,76,178542
6179,3.2e-05,74.125.200.0-255,1484,1706,76,178542
6180,3.7e-05,172.31.40.0-255,66,1772,76,178542
6181,4.3e-05,74.125.200.0-255,2902,4674,76,178542
6182,4.6e-05,172.31.40.0-255,66,4740,76,178542
6183,5.3e-05,74.125.200.0-255,5738,10478,76,178542
6184,5.6e-05,172.31.40.0-255,66,10544,76,178542
6185,6e-05,74.125.200.0-255,1484,12028,76,178542
6186,6.2e-05,172.31.40.0-255,66,12094,76,178542
6187,8.2e-05,74.125.200.0-255,2037,14131,76,178542
6188,8.5e-05,172.31.40.0-255,66,14197,76,178542
6189,0.000204,74.125.200.0-255,1484,15681,76,178542
6190,0.00021,172.31.40.0-255,66,15747,76,178542
6191,0.000214,74.125.200.0-255,1484,17231,76,178542
6192,0.000216,172.31.40.0-255,66,17297,76,178542
6193,0.000219,74.125.200.0-255,1484,18781,76,178542
6194,0.000221,172.31.40.0-255,66,18847,76,178542
6195,0.000245,74.125.200.0-255,1484,20331,76,178542
6196,0.000247,172.31.40.0-255,66,20397,76,178542
6197,0.00025,74.125.200.0-255,1484,21881,76,178542
6198,0.000253,172.31.40.0-255,66,21947,76,178542
6199,0.00027,74.125.200.0-255,4320,26267,76,178542
6200,0.000272,172.31.40.0-255,66,26333,76,178542
6201,0.000278,74.125.200.0-255,4320,30653,76,178542
6202,0.00028,172.31.40.0-255,66,30719,76,178542
6203,0.000303,74.125.200.0-255,1125,31844,76,178542
6204,0.000305,172.31.40.0-255,66,31910,76,178542
6205,0.00048,74.125.200.0-255,1484,33394,76,178542
6206,0.000485,172.31.40.0-255,66,33460,76,178542
6207,0.000489,74.125.200.0-255,1484,34944,76,178542
6208,0.000491,172.31.40.0-255,66,35010,76,178542
6209,0.000505,74.125.200.0-255,1484,36494,76,178542
6210,0.000509,74.125.200.0-255,1484,37978,76,178542
6211,0.000511,172.31.40.0-255,66,38044,76,178542
6212,0.000533,74.125.200.0-255,4320,42364,76,178542
6213,0.000536,172.31.40.0-255,66,42430,76,178542
6214,0.00054,74.125.200.0-255,2902,45332,76,178542
6215,0.000542,172.31.40.0-255,66,45398,76,178542
6216,0.000548,74.125.200.0-255,3961,49359,76,178542
6217,0.00055,172.31.40.0-255,66,49425,76,178542
6218,0.000568,74.125.200.0-255,1484,50909,76,178542
6219,0.000596,74.125.200.0-255,7156,58065,76,178542
6220,0.000599,172.31.40.0-255,66,58131,76,178542
6221,0.000635,74.125.200.0-255,5738,63869,76,178542
6222,0.000638,172.31.40.0-255,66,63935,76,178542
6223,0.000659,74.125.200.0-255,2543,66478,76,178542
6224,0.000662,172.31.40.0-255,66,66544,76,178542
6225,0.000665,74.125.200.0-255,411,66955,76,178542
6226,0.000697,74.125.200.0-255,331,67286,76,178542
6227,0.000938,74.125.200.0-255,1484,68770,76,178542
6228,0.000943,172.31.40.0-255,66,68836,76,178542
6229,0.000948,74.125.200.0-255,1484,70320,76,178542
6230,0.000961,74.125.200.0-255,1484,71804,76,178542
6231,0.000963,172.31.40.0-255,66,71870,76,178542
6232,0.000982,74.125.200.0-255,5738,77608,76,178542
6233,0.000985,172.31.40.0-255,66,77674,76,178542
6234,0.001007,74.125.200.0-255,2902,80576,76,178542
6235,0.001009,172.31.40.0-255,66,80642,76,178542
6236,0.001021,74.125.200.0-255,1484,82126,76,178542
6237,0.00104,74.125.200.0-255,2902,85028,76,178542
6238,0.001043,172.31.40.0-255,66,85094,76,178542
6239,0.001057,172.31.40.0-255,66,85160,76,178542
6240,0.001079,74.125.200.0-255,1484,86644,76,178542
6241,0.001138,74.125.200.0-255,2184,88828,76,178542
6242,0.001143,172.31.40.0-255,66,88894,76,178542
6243,0.001243,74.125.200.0-255,1484,90378,76,178542
6244,0.001259,74.125.200.0-255,2902,93280,76,178542
6245,0.001263,172.31.40.0-255,66,93346,76,178542
6246,0.001285,74.125.200.0-255,5738,99084,76,178542
6247,0.001288,172.31.40.0-255,66,99150,76,178542
6248,0.001299,74.125.200.0-255,1484,100634,76,178542
6249,0.001313,74.125.200.0-255,1484,102118,76,178542
6250,0.001315,172.31.40.0-255,66,102184,76,178542
6251,0.001334,74.125.200.0-255,1484,103668,76,178542
6252,0.001352,74.125.200.0-255,2902,106570,76,178542
6253,0.001356,172.31.40.0-255,66,106636,76,178542
6254,0.001405,172.31.40.0-255,66,106702,76,178542
6255,0.001434,74.125.200.0-255,1484,108186,76,178542
6256,0.001446,74.125.200.0-255,1484,109670,76,178542
6257,0.001449,172.31.40.0-255,66,109736,76,178542
6258,0.001465,74.125.200.0-255,5020,114756,76,178542
6259,0.001467,172.31.40.0-255,66,114822,76,178542
6260,0.002548,74.125.200.0-255,1484,116306,76,178542
6261,0.002559,74.125.200.0-255,2902,119208,76,178542
6262,0.002564,172.31.40.0-255,66,119274,76,178542
6263,0.002571,74.125.200.0-255,2902,122176,76,178542
6264,0.002573,172.31.40.0-255,66,122242,76,178542
6265,0.002588,74.125.200.0-255,2902,125144,76,178542
6266,0.002591,172.31.40.0-255,66,125210,76,178542
6267,0.002595,74.125.200.0-255,2902,128112,76,178542
6268,0.002597,172.31.40.0-255,66,128178,76,178542
6269,0.002611,74.125.200.0-255,5738,133916,76,178542
6270,0.002614,172.31.40.0-255,66,133982,76,178542
6271,0.002643,74.125.200.0-255,1484,135466,76,178542
6272,0.00267,172.31.40.0-255,66,135532,76,178542
6273,0.002705,74.125.200.0-255,4320,139852,76,178542
6274,0.002707,172.31.40.0-255,66,139918,76,178542
6275,0.00271,74.125.200.0-255,766,140684,76,178542
6276,0.002746,74.125.200.0-255,2902,143586,76,178542
6277,0.002748,172.31.40.0-255,66,143652,76,178542
6278,0.002751,74.125.200.0-255,1484,145136,76,178542
6279,0.005462,74.125.200.0-255,4320,149456,76,178542
6280,0.005465,172.31.40.0-255,66,149522,76,178542
6281,0.008191,74.125.200.0-255,5738,155260,76,178542
6282,0.008198,172.31.40.0-255,66,155326,76,178542
6283,0.010934,74.125.200.0-255,5738,161064,76,178542
6284,0.010943,172.31.40.0-255,66,161130,76,178542
6285,0.013709,74.125.200.0-255,5738,166868,76,178542
6286,0.013719,172.31.40.0-255,66,166934,76,178542
6287,0.016467,74.125.200.0-255,5738,172672,76,178542
6288,0.016479,172.31.40.0-255,66,172738,76,178542
6289,0.019219,74.125.200.0-255,5738,178476,76,178542
6290,0.019227,172.31.40.0-255,66,178542,76,178542
6291,0.0,74.125.68.0-255,152,152,76,152970
6292,2e-05,172.31.40.0-255,66,218,76,152970
6293,2.7e-05,74.125.68.0-255,1484,1702,76,152970
6294,3.2e-05,172.31.40.0-255,66,1768,76,152970
6295,4.7e-05,74.125.68.0-255,2902,4670,76,152970
6296,5e-05,172.31.40.0-255,66,4736,76,152970
6297,5.8e-05,74.125.68.0-255,7156,11892,76,152970
6298,6e-05,172.31.40.0-255,66,11958,76,152970
6299,6.5e-05,74.125.68.0-255,2065,14023,76,152970
6300,6.7e-05,172.31.40.0-255,66,14089,76,152970
6301,0.00019,74.125.68.0-255,1484,15573,76,152970
6302,0.000194,172.31.40.0-255,66,15639,76,152970
6303,0.0002,74.125.68.0-255,2902,18541,76,152970
6304,0.000202,172.31.40.0-255,66,18607,76,152970
6305,0.000205,74.125.68.0-255,1484,20091,76,152970
6306,0.000213,172.31.40.0-255,66,20157,76,152970
6307,0.000246,74.125.68.0-255,5738,25895,76,152970
6308,0.000248,172.31.40.0-255,66,25961,76,152970
6309,0.000273,74.125.68.0-255,2902,28863,76,152970
6310,0.000276,172.31.40.0-255,66,28929,76,152970
6311,0.000318,74.125.68.0-255,2543,31472,76,152970
6312,0.000321,172.31.40.0-255,66,31538,76,152970
6313,0.000517,74.125.68.0-255,1484,33022,76,152970
6314,0.000524,172.31.40.0-255,66,33088,76,152970
6315,0.000529,74.125.68.0-255,1484,34572,76,152970
6316,0.000531,172.31.40.0-255,66,34638,76,152970
6317,0.000566,74.125.68.0-255,1484,36122,76,152970
6318,0.00057,172.31.40.0-255,66,36188,76,152970
6319,0.000576,74.125.68.0-255,5738,41926,76,152970
6320,0.000579,172.31.40.0-255,66,41992,76,152970
6321,0.000583,74.125.68.0-255,2902,44894,76,152970
6322,0.000586,172.31.40.0-255,66,44960,76,152970
6323,0.000591,74.125.68.0-255,3961,48921,76,152970
6324,0.000593,172.31.40.0-255,66,48987,76,152970
6325,0.000646,172.31.40.0-255,66,49053,76,152970
6326,0.000652,74.125.68.0-255,5738,54791,76,152970
6327,0.000655,172.31.40.0-255,66,54857,76,152970
6328,0.000687,74.125.68.0-255,2543,57400,76,152970
6329,0.00069,172.31.40.0-255,66,57466,76,152970
6330,0.000713,74.125.68.0-255,678,58144,76,152970
6331,0.000988,74.125.68.0-255,1484,59628,76,152970
6332,0.000993,172.31.40.0-255,66,59694,76,152970
6333,0.000997,74.125.68.0-255,1484,61178,76,152970
6334,0.001026,74.125.68.0-255,1484,62662,76,152970
6335,0.001029,172.31.40.0-255,66,62728,76,152970
6336,0.001035,74.125.68.0-255,4320,67048,76,152970
6337,0.001037,172.31.40.0-255,66,67114,76,152970
6338,0.001043,74.125.68.0-255,5738,72852,76,152970
6339,0.001045,172.31.40.0-255,66,72918,76,152970
6340,0.0011,74.125.68.0-255,5738,78656,76,152970
6341,0.001103,172.31.40.0-255,66,78722,76,152970
6342,0.001132,74.125.68.0-255,2902,81624,76,152970
6343,0.001135,172.31.40.0-255,66,81690,76,152970
6344,0.001147,172.31.40.0-255,66,81756,76,152970
6345,0.001149,74.125.68.0-255,766,82522,76,152970
6346,0.001366,74.125.68.0-255,1484,84006,76,152970
6347,0.00137,172.31.40.0-255,66,84072,76,152970
6348,0.001376,74.125.68.0-255,2902,86974,76,152970
6349,0.001378,172.31.40.0-255,66,87040,76,152970
6350,0.00142,74.125.68.0-255,5738,92778,76,152970
6351,0.001423,172.31.40.0-255,66,92844,76,152970
6352,0.001428,74.125.68.0-255,4320,97164,76,152970
6353,0.00143,172.31.40.0-255,66,97230,76,152970
6354,0.001465,74.125.68.0-255,5738,102968,76,152970
6355,0.001469,172.31.40.0-255,66,103034,76,152970
6356,0.001481,172.31.40.0-255,66,103100,76,152970
6357,0.001513,74.125.68.0-255,2184,105284,76,152970
6358,0.001516,172.31.40.0-255,66,105350,76,152970
6359,0.002138,74.125.68.0-255,1484,106834,76,152970
6360,0.003588,74.125.68.0-255,1484,108318,76,152970
6361,0.003595,172.31.40.0-255,66,108384,76,152970
6362,0.003627,74.125.68.0-255,2902,111286,76,152970
6363,0.00363,172.31.40.0-255,66,111352,76,152970
6364,0.005702,74.125.68.0-255,2902,114254,76,152970
6365,0.005708,172.31.40.0-255,66,114320,76,152970
6366,0.005752,74.125.68.0-255,2902,117222,76,152970
6367,0.005756,172.31.40.0-255,66,117288,76,152970
6368,0.00781,74.125.68.0-255,2902,120190,76,152970
6369,0.007817,172.31.40.0-255,66,120256,76,152970
6370,0.007856,74.125.68.0-255,2902,123158,76,152970
6371,0.007859,172.31.40.0-255,66,123224,76,152970
6372,0.009951,74.125.68.0-255,2902,126126,76,152970
6373,0.009959,172.31.40.0-255,66,126192,76,152970
6374,0.01,74.125.68.0-255,2902,129094,76,152970
6375,0.010005,172.31.40.0-255,66,129160,76,152970
6376,0.012088,74.125.68.0-255,2902,132062,76,152970
6377,0.012095,172.31.40.0-255,66,132128,76,152970
6378,0.012139,74.125.68.0-255,1484,133612,76,152970
6379,0.012152,74.125.68.0-255,1484,135096,76,152970
6380,0.012154,172.31.40.0-255,66,135162,76,152970
6381,0.014207,74.125.68.0-255,2902,138064,76,152970
6382,0.014214,172.31.40.0-255,66,138130,76,152970
6383,0.014275,74.125.68.0-255,2902,141032,76,152970
6384,0.014279,172.31.40.0-255,66,141098,76,152970
6385,0.01635,74.125.68.0-255,2902,144000,76,152970
6386,0.016362,172.31.40.0-255,66,144066,76,152970
6387,0.016397,74.125.68.0-255,2902,146968,76,152970
6388,0.0164,172.31.40.0-255,66,147034,76,152970
6389,0.018485,74.125.68.0-255,2902,149936,76,152970
6390,0.018495,172.31.40.0-255,66,150002,76,152970
6391,0.018528,74.125.68.0-255,2902,152904,76,152970
6392,0.01853,172.31.40.0-255,66,152970,76,152970
6393,0.0,74.125.200.0-255,151,151,76,298219
6394,2.4e-05,172.31.40.0-255,66,217,76,298219
6395,3.1e-05,74.125.200.0-255,1484,1701,76,298219
6396,3.6e-05,172.31.40.0-255,66,1767,76,298219
6397,7.2e-05,74.125.200.0-255,2902,4669,76,298219
6398,7.6e-05,172.31.40.0-255,66,4735,76,298219
6399,8.2e-05,74.125.200.0-255,2902,7637,76,298219
6400,8.4e-05,172.31.40.0-255,66,7703,76,298219
6401,9e-05,74.125.200.0-255,4320,12023,76,298219
6402,9.3e-05,172.31.40.0-255,66,12089,76,298219
6403,9.6e-05,74.125.200.0-255,1484,13573,76,298219
6404,9.8e-05,172.31.40.0-255,66,13639,76,298219
6405,0.00014,172.31.40.0-255,66,13705,76,298219
6406,0.000146,74.125.200.0-255,4320,18025,76,298219
6407,0.000148,172.31.40.0-255,66,18091,76,298219
6408,0.000152,74.125.200.0-255,1484,19575,76,298219
6409,0.000153,172.31.40.0-255,66,19641,76,298219
6410,0.000173,74.125.200.0-255,3961,23602,76,298219
6411,0.000176,172.31.40.0-255,66,23668,76,298219
6412,0.000237,74.125.200.0-255,1484,25152,76,298219
6413,0.000241,172.31.40.0-255,66,25218,76,298219
6414,0.000247,74.125.200.0-255,2902,28120,76,298219
6415,0.000249,172.31.40.0-255,66,28186,76,298219
6416,0.000252,74.125.200.0-255,1484,29670,76,298219
6417,0.000254,172.31.40.0-255,66,29736,76,298219
6418,0.000274,74.125.200.0-255,2902,32638,76,298219
6419,0.000277,172.31.40.0-255,66,32704,76,298219
6420,0.000289,74.125.200.0-255,1484,34188,76,298219
6421,0.000291,172.31.40.0-255,66,34254,76,298219
6422,0.000308,74.125.200.0-255,2902,37156,76,298219
6423,0.00031,172.31.40.0-255,66,37222,76,298219
6424,0.000332,74.125.200.0-255,1484,38706,76,298219
6425,0.000342,74.125.200.0-255,6797,45503,76,298219
6426,0.000344,172.31.40.0-255,66,45569,76,298219
6427,0.000352,74.125.200.0-255,7156,52725,76,298219
6428,0.000355,172.31.40.0-255,66,52791,76,298219
6429,0.000357,74.125.200.0-255,1484,54275,76,298219
6430,0.000383,74.125.200.0-255,4232,58507,76,298219
6431,0.000386,172.31.40.0-255,66,58573,76,298219
6432,0.000389,74.125.200.0-255,135,58708,76,298219
6433,0.00053,74.125.200.0-255,1484,60192,76,298219
6434,0.000536,172.31.40.0-255,66,60258,76,298219
6435,0.000542,74.125.200.0-255,2902,63160,76,298219
6436,0.000545,172.31.40.0-255,66,63226,76,298219
6437,0.000549,74.125.200.0-255,2902,66128,76,298219
6438,0.000552,172.31.40.0-255,66,66194,76,298219
6439,0.00057,74.125.200.0-255,2902,69096,76,298219
6440,0.000572,172.31.40.0-255,66,69162,76,298219
6441,0.000577,74.125.200.0-255,2902,72064,76,298219
6442,0.000579,172.31.40.0-255,66,72130,76,298219
6443,0.000584,74.125.200.0-255,4320,76450,76,298219
6444,0.000587,172.31.40.0-255,66,76516,76,298219
6445,0.000621,172.31.40.0-255,66,76582,76,298219
6446,0.000629,74.125.200.0-255,7156,83738,76,298219
6447,0.000631,172.31.40.0-255,66,83804,76,298219
6448,0.000676,74.125.200.0-255,766,84570,76,298219
6449,0.000787,74.125.200.0-255,1484,86054,76,298219
6450,0.000792,172.31.40.0-255,66,86120,76,298219
6451,0.000796,74.125.200.0-255,1484,87604,76,298219
6452,0.00081,74.125.200.0-255,1484,89088,76,298219
6453,0.000812,172.31.40.0-255,66,89154,76,298219
6454,0.000817,74.125.200.0-255,2902,92056,76,298219
6455,0.000819,172.31.40.0-255,66,92122,76,298219
6456,0.000834,74.125.200.0-255,2902,95024,76,298219
6457,0.000836,172.31.40.0-255,66,95090,76,298219
6458,0.000842,74.125.200.0-255,4320,99410,76,298219
6459,0.000844,172.31.40.0-255,66,99476,76,298219
6460,0.000861,74.125.200.0-255,2902,102378,76,298219
6461,0.000864,172.31.40.0-255,66,102444,76,298219
6462,0.000885,74.125.200.0-255,5738,108182,76,298219
6463,0.000887,172.31.40.0-255,66,108248,76,298219
6464,0.000919,172.31.40.0-255,66,108314,76,298219
6465,0.000924,74.125.200.0-255,2902,111216,76,298219
6466,0.000926,172.31.40.0-255,66,111282,76,298219
6467,0.000948,74.125.200.0-255,5020,116302,76,298219
6468,0.000951,172.31.40.0-255,66,116368,76,298219
6469,0.00096,74.125.200.0-255,7156,123524,76,298219
6470,0.000972,74.125.200.0-255,1484,125008,76,298219
6471,0.000978,74.125.200.0-255,5738,130746,76,298219
6472,0.00099,74.125.200.0-255,1484,132230,76,298219
6473,0.001016,74.125.200.0-255,5738,137968,76,298219
6474,0.00102,74.125.200.0-255,2902,140870,76,298219
6475,0.001043,74.125.200.0-255,3602,144472,76,298219
6476,0.001094,74.125.200.0-255,1484,145956,76,298219
6477,0.001099,74.125.200.0-255,2902,148858,76,298219
6478,0.001112,74.125.200.0-255,1484,150342,76,298219
6479,0.001122,74.125.200.0-255,1484,151826,76,298219
6480,0.001143,74.125.200.0-255,4320,156146,76,298219
6481,0.001162,74.125.200.0-255,7156,163302,76,298219
6482,0.001174,74.125.200.0-255,1484,164786,76,298219
6483,0.001181,74.125.200.0-255,7156,171942,76,298219
6484,0.001229,74.125.200.0-255,6438,178380,76,298219
6485,0.001243,74.125.200.0-255,4320,182700,76,298219
6486,0.001248,172.31.40.0-255,66,182766,76,298219
6487,0.001257,74.125.200.0-255,2902,185668,76,298219
6488,0.001263,172.31.40.0-255,66,185734,76,298219
6489,0.0013,74.125.200.0-255,1484,187218,76,298219
6490,0.001313,172.31.40.0-255,66,187284,76,298219
6491,0.001346,74.125.200.0-255,1484,188768,76,298219
6492,0.00135,74.125.200.0-255,2902,191670,76,298219
6493,0.001357,74.125.200.0-255,5738,197408,76,298219
6494,0.001363,172.31.40.0-255,66,197474,76,298219
6495,0.001415,172.31.40.0-255,66,197540,76,298219
6496,0.001433,74.125.200.0-255,3602,201142,76,298219
6497,0.001447,172.31.40.0-255,66,201208,76,298219
6498,0.00152,74.125.200.0-255,1484,202692,76,298219
6499,0.001537,74.125.200.0-255,2902,205594,76,298219
6500,0.001543,172.31.40.0-255,66,205660,76,298219
6501,0.001561,74.125.200.0-255,5738,211398,76,298219
6502,0.001602,74.125.200.0-255,1484,212882,76,298219
6503,0.001623,74.125.200.0-255,5738,218620,76,298219
6504,0.001644,172.31.40.0-255,66,218686,76,298219
6505,0.001694,74.125.200.0-255,1484,220170,76,298219
6506,0.001714,74.125.200.0-255,2902,223072,76,298219
6507,0.001717,74.125.200.0-255,1484,224556,76,298219
6508,0.001736,74.125.200.0-255,4320,228876,76,298219
6509,0.001739,74.125.200.0-255,1484,230360,76,298219
6510,0.001743,74.125.200.0-255,2902,233262,76,298219
6511,0.001748,172.31.40.0-255,66,233328,76,298219
6512,0.00177,74.125.200.0-255,5738,239066,76,298219
6513,0.001787,74.125.200.0-255,4320,243386,76,298219
6514,0.001792,172.31.40.0-255,66,243452,76,298219
6515,0.00181,74.125.200.0-255,5738,249190,76,298219
6516,0.001826,172.31.40.0-255,66,249256,76,298219
6517,0.001844,74.125.200.0-255,2902,252158,76,298219
6518,0.001852,172.31.40.0-255,66,252224,76,298219
6519,0.001865,74.125.200.0-255,6438,258662,76,298219
6520,0.001881,74.125.200.0-255,4320,262982,76,298219
6521,0.001902,74.125.200.0-255,5738,268720,76,298219
6522,0.001915,172.31.40.0-255,66,268786,76,298219
6523,0.001977,172.31.40.0-255,66,268852,76,298219
6524,0.001992,74.125.200.0-255,2902,271754,76,298219
6525,0.002012,172.31.40.0-255,66,271820,76,298219
6526,0.002019,74.125.200.0-255,4320,276140,76,298219
6527,0.00203,74.125.200.0-255,2902,279042,76,298219
6528,0.002036,172.31.40.0-255,66,279108,76,298219
6529,0.002052,74.125.200.0-255,7156,286264,76,298219
6530,0.002071,74.125.200.0-255,2902,289166,76,298219
6531,0.002076,172.31.40.0-255,66,289232,76,298219
6532,0.002109,74.125.200.0-255,4320,293552,76,298219
6533,0.002116,172.31.40.0-255,66,293618,76,298219
6534,0.00213,74.125.200.0-255,1484,295102,76,298219
6535,0.002144,74.125.200.0-255,2709,297811,76,298219
6536,0.002151,172.31.40.0-255,66,297877,76,298219
6537,0.002178,74.125.200.0-255,105,297982,76,298219
6538,0.01179,172.31.40.0-255,66,298048,76,298219
6539,0.011829,172.31.40.0-255,105,298153,76,298219
6540,0.014174,74.125.200.0-255,66,298219,76,298219
6541,0.0,74.125.24.0-255,146,146,76,155762
6542,2.3e-05,172.31.40.0-255,66,212,76,155762
6543,3e-05,74.125.24.0-255,1484,1696,76,155762
6544,3.5e-05,172.31.40.0-255,66,1762,76,155762
6545,4e-05,74.125.24.0-255,2902,4664,76,155762
6546,4.3e-05,172.31.40.0-255,66,4730,76,155762
6547,5.1e-05,74.125.24.0-255,7156,11886,76,155762
6548,5.5e-05,172.31.40.0-255,66,11952,76,155762
6549,8.9e-05,74.125.24.0-255,2072,14024,76,155762
6550,9.2e-05,172.31.40.0-255,66,14090,76,155762
6551,0.000156,74.125.24.0-255,1484,15574,76,155762
6552,0.000159,172.31.40.0-255,66,15640,76,155762
6553,0.000164,74.125.24.0-255,2902,18542,76,155762
6554,0.000167,172.31.40.0-255,66,18608,76,155762
6555,0.000196,74.125.24.0-255,5738,24346,76,155762
6556,0.000199,172.31.40.0-255,66,24412,76,155762
6557,0.000205,74.125.24.0-255,4320,28732,76,155762
6558,0.000207,172.31.40.0-255,66,28798,76,155762
6559,0.000247,74.125.24.0-255,2543,31341,76,155762
6560,0.00025,172.31.40.0-255,66,31407,76,155762
6561,0.000357,74.125.24.0-255,1484,32891,76,155762
6562,0.000361,172.31.40.0-255,66,32957,76,155762
6563,0.000366,74.125.24.0-255,2902,35859,76,155762
6564,0.000368,172.31.40.0-255,66,35925,76,155762
6565,0.000373,74.125.24.0-255,2902,38827,76,155762
6566,0.000375,172.31.40.0-255,66,38893,76,155762
6567,0.000403,74.125.24.0-255,2902,41795,76,155762
6568,0.000405,172.31.40.0-255,66,41861,76,155762
6569,0.000412,74.125.24.0-255,6797,48658,76,155762
6570,0.000415,172.31.40.0-255,66,48724,76,155762
6571,0.000442,74.125.24.0-255,7156,55880,76,155762
6572,0.000447,172.31.40.0-255,66,55946,76,155762
6573,0.00046,74.125.24.0-255,7156,63102,76,155762
6574,0.000463,172.31.40.0-255,66,63168,76,155762
6575,0.000467,74.125.24.0-255,2543,65711,76,155762
6576,0.000469,172.31.40.0-255,66,65777,76,155762
6577,0.000604,74.125.24.0-255,646,66423,76,155762
6578,0.00079,74.125.24.0-255,1484,67907,76,155762
6579,0.000795,172.31.40.0-255,66,67973,76,155762
6580,0.000815,74.125.24.0-255,2902,70875,76,155762
6581,0.000818,172.31.40.0-255,66,70941,76,155762
6582,0.000825,74.125.24.0-255,5738,76679,76,155762
6583,0.000827,172.31.40.0-255,66,76745,76,155762
6584,0.000869,172.31.40.0-255,66,76811,76,155762
6585,0.000876,74.125.24.0-255,7156,83967,76,155762
6586,0.000879,172.31.40.0-255,66,84033,76,155762
6587,0.000907,74.125.24.0-255,3602,87635,76,155762
6588,0.00091,172.31.40.0-255,66,87701,76,155762
6589,0.00128,74.125.24.0-255,1484,89185,76,155762
6590,0.001286,74.125.24.0-255,2902,92087,76,155762
6591,0.001291,172.31.40.0-255,66,92153,76,155762
6592,0.001312,74.125.24.0-255,5738,97891,76,155762
6593,0.001315,172.31.40.0-255,66,97957,76,155762
6594,0.001322,74.125.24.0-255,5738,103695,76,155762
6595,0.001324,172.31.40.0-255,66,103761,76,155762
6596,0.001338,74.125.24.0-255,1484,105245,76,155762
6597,0.001357,74.125.24.0-255,5738,110983,76,155762
6598,0.00136,172.31.40.0-255,66,111049,76,155762
6599,0.001384,74.125.24.0-255,5738,116787,76,155762
6600,0.001387,172.31.40.0-255,66,116853,76,155762
6601,0.001419,172.31.40.0-255,66,116919,76,155762
6602,0.001422,74.125.24.0-255,1484,118403,76,155762
6603,0.00145,172.31.40.0-255,66,118469,76,155762
6604,0.001461,172.31.40.0-255,66,118535,76,155762
6605,0.001538,74.125.24.0-255,1484,120019,76,155762
6606,0.001543,74.125.24.0-255,2902,122921,76,155762
6607,0.001546,172.31.40.0-255,66,122987,76,155762
6608,0.001569,74.125.24.0-255,5738,128725,76,155762
6609,0.001571,172.31.40.0-255,66,128791,76,155762
6610,0.001582,172.31.40.0-255,66,128857,76,155762
6611,0.00163,74.125.24.0-255,5738,134595,76,155762
6612,0.001634,172.31.40.0-255,66,134661,76,155762
6613,0.001665,172.31.40.0-255,66,134727,76,155762
6614,0.00167,74.125.24.0-255,4320,139047,76,155762
6615,0.001672,172.31.40.0-255,66,139113,76,155762
6616,0.001699,74.125.24.0-255,5738,144851,76,155762
6617,0.001702,172.31.40.0-255,66,144917,76,155762
6618,0.001729,172.31.40.0-255,66,144983,76,155762
6619,0.001752,74.125.24.0-255,1484,146467,76,155762
6620,0.001766,172.31.40.0-255,66,146533,76,155762
6621,0.00178,74.125.24.0-255,1484,148017,76,155762
6622,0.001833,172.31.40.0-255,66,148083,76,155762
6623,0.001845,172.31.40.0-255,66,148149,76,155762
6624,0.001888,172.31.40.0-255,66,148215,76,155762
6625,0.001919,172.31.40.0-255,66,148281,76,155762
6626,0.001936,172.31.40.0-255,66,148347,76,155762
6627,0.001969,172.31.40.0-255,66,148413,76,155762
6628,0.001984,172.31.40.0-255,66,148479,76,155762
6629,0.002038,172.31.40.0-255,66,148545,76,155762
6630,0.002062,172.31.40.0-255,66,148611,76,155762
6631,0.002088,172.31.40.0-255,66,148677,76,155762
6632,0.002109,74.125.24.0-255,766,149443,76,155762
6633,0.002117,74.125.24.0-255,5911,155354,76,155762
6634,0.00212,172.31.40.0-255,66,155420,76,155762
6635,0.002123,74.125.24.0-255,105,155525,76,155762
6636,0.004236,172.31.40.0-255,66,155591,76,155762
6637,0.004273,172.31.40.0-255,105,155696,76,155762
6638,0.006549,74.125.24.0-255,66,155762,76,155762
6639,0.0,74.125.24.0-255,151,151,76,252554
6640,2.1e-05,172.31.40.0-255,66,217,76,252554
6641,2.9e-05,74.125.24.0-255,1484,1701,76,252554
6642,3.3e-05,172.31.40.0-255,66,1767,76,252554
6643,3.9e-05,74.125.24.0-255,2902,4669,76,252554
6644,4.2e-05,172.31.40.0-255,66,4735,76,252554
6645,5e-05,74.125.24.0-255,7156,11891,76,252554
6646,5.3e-05,172.31.40.0-255,66,11957,76,252554
6647,9.3e-05,74.125.24.0-255,4320,16277,76,252554
6648,9.6e-05,172.31.40.0-255,66,16343,76,252554
6649,0.000127,172.31.40.0-255,66,16409,76,252554
6650,0.000135,74.125.24.0-255,6797,23206,76,252554
6651,0.000137,172.31.40.0-255,66,23272,76,252554
6652,0.000167,74.125.24.0-255,1484,24756,76,252554
6653,0.00017,172.31.40.0-255,66,24822,76,252554
6654,0.000175,74.125.24.0-255,2902,27724,76,252554
6655,0.000177,172.31.40.0-255,66,27790,76,252554
6656,0.000202,74.125.24.0-255,5738,33528,76,252554
6657,0.000204,172.31.40.0-255,66,33594,76,252554
6658,0.00021,74.125.24.0-255,4320,37914,76,252554
6659,0.000212,172.31.40.0-255,66,37980,76,252554
6660,0.000235,74.125.24.0-255,2902,40882,76,252554
6661,0.000238,172.31.40.0-255,66,40948,76,252554
6662,0.000254,172.31.40.0-255,66,41014,76,252554
6663,0.000258,74.125.24.0-255,2515,43529,76,252554
6664,0.000261,172.31.40.0-255,66,43595,76,252554
6665,0.000324,74.125.24.0-255,113,43708,76,252554
6666,0.000328,172.31.40.0-255,66,43774,76,252554
6667,0.000363,74.125.24.0-255,330,44104,76,252554
6668,0.000366,172.31.40.0-255,66,44170,76,252554
6669,0.000642,74.125.24.0-255,1484,45654,76,252554
6670,0.000661,74.125.24.0-255,2902,48556,76,252554
6671,0.000665,172.31.40.0-255,66,48622,76,252554
6672,0.000671,74.125.24.0-255,5738,54360,76,252554
6673,0.000673,172.31.40.0-255,66,54426,76,252554
6674,0.000719,172.31.40.0-255,66,54492,76,252554
6675,0.000727,74.125.24.0-255,7156,61648,76,252554
6676,0.000729,172.31.40.0-255,66,61714,76,252554
6677,0.000771,74.125.24.0-255,3602,65316,76,252554
6678,0.000773,172.31.40.0-255,66,65382,76,252554
6679,0.000838,74.125.24.0-255,1484,66866,76,252554
6680,0.000843,74.125.24.0-255,2902,69768,76,252554
6681,0.000846,172.31.40.0-255,66,69834,76,252554
6682,0.000861,74.125.24.0-255,5738,75572,76,252554
6683,0.000863,172.31.40.0-255,66,75638,76,252554
6684,0.00089,74.125.24.0-255,5738,81376,76,252554
6685,0.000894,172.31.40.0-255,66,81442,76,252554
6686,0.000924,74.125.24.0-255,4320,85762,76,252554
6687,0.000927,172.31.40.0-255,66,85828,76,252554
6688,0.000951,74.125.24.0-255,5738,91566,76,252554
6689,0.000954,172.31.40.0-255,66,91632,76,252554
6690,0.000981,172.31.40.0-255,66,91698,76,252554
6691,0.001015,74.125.24.0-255,1484,93182,76,252554
6692,0.001046,74.125.24.0-255,2902,96084,76,252554
6693,0.001049,172.31.40.0-255,66,96150,76,252554
6694,0.00108,74.125.24.0-255,5738,101888,76,252554
6695,0.001083,172.31.40.0-255,66,101954,76,252554
6696,0.001089,74.125.24.0-255,7156,109110,76,252554
6697,0.001091,172.31.40.0-255,66,109176,76,252554
6698,0.001111,74.125.24.0-255,2902,112078,76,252554
6699,0.001113,172.31.40.0-255,66,112144,76,252554
6700,0.001133,172.31.40.0-255,66,112210,76,252554
6701,0.001137,74.125.24.0-255,2184,114394,76,252554
6702,0.001139,172.31.40.0-255,66,114460,76,252554
6703,0.001194,74.125.24.0-255,1484,115944,76,252554
6704,0.001207,74.125.24.0-255,2902,118846,76,252554
6705,0.00121,172.31.40.0-255,66,118912,76,252554
6706,0.001214,74.125.24.0-255,2902,121814,76,252554
6707,0.001216,172.31.40.0-255,66,121880,76,252554
6708,0.001234,74.125.24.0-255,2902,124782,76,252554
6709,0.001236,172.31.40.0-255,66,124848,76,252554
6710,0.001241,74.125.24.0-255,4320,129168,76,252554
6711,0.001243,172.31.40.0-255,66,129234,76,252554
6712,0.001245,74.125.24.0-255,1484,130718,76,252554
6713,0.001271,172.31.40.0-255,66,130784,76,252554
6714,0.001275,74.125.24.0-255,2902,133686,76,252554
6715,0.001278,172.31.40.0-255,66,133752,76,252554
6716,0.001302,74.125.24.0-255,5020,138772,76,252554
6717,0.001305,172.31.40.0-255,66,138838,76,252554
6718,0.001312,74.125.24.0-255,7156,145994,76,252554
6719,0.001314,172.31.40.0-255,66,146060,76,252554
6720,0.001336,74.125.24.0-255,1484,147544,76,252554
6721,0.001349,172.31.40.0-255,66,147610,76,252554
6722,0.00136,172.31.40.0-255,66,147676,76,252554
6723,0.001374,74.125.24.0-255,4320,151996,76,252554
6724,0.001376,172.31.40.0-255,66,152062,76,252554
6725,0.001397,74.125.24.0-255,766,152828,76,252554
6726,0.001467,74.125.24.0-255,1484,154312,76,252554
6727,0.00147,172.31.40.0-255,66,154378,76,252554
6728,0.001492,74.125.24.0-255,2902,157280,76,252554
6729,0.001496,172.31.40.0-255,66,157346,76,252554
6730,0.001499,74.125.24.0-255,1484,158830,76,252554
6731,0.001519,74.125.24.0-255,4320,163150,76,252554
6732,0.001521,172.31.40.0-255,66,163216,76,252554
6733,0.001603,74.125.24.0-255,5738,168954,76,252554
6734,0.001611,172.31.40.0-255,66,169020,76,252554
6735,0.001632,74.125.24.0-255,4320,173340,76,252554
6736,0.001635,172.31.40.0-255,66,173406,76,252554
6737,0.001645,172.31.40.0-255,66,173472,76,252554
6738,0.001651,74.125.24.0-255,3602,177074,76,252554
6739,0.001653,172.31.40.0-255,66,177140,76,252554
6740,0.001676,74.125.24.0-255,4320,181460,76,252554
6741,0.001679,172.31.40.0-255,66,181526,76,252554
6742,0.001682,74.125.24.0-255,1484,183010,76,252554
6743,0.0017,74.125.24.0-255,2902,185912,76,252554
6744,0.001703,172.31.40.0-255,66,185978,76,252554
6745,0.001707,74.125.24.0-255,2902,188880,76,252554
6746,0.00171,172.31.40.0-255,66,188946,76,252554
6747,0.00173,74.125.24.0-255,7156,196102,76,252554
6748,0.001733,172.31.40.0-255,66,196168,76,252554
6749,0.001738,74.125.24.0-255,2902,199070,76,252554
6750,0.00174,172.31.40.0-255,66,199136,76,252554
6751,0.001755,74.125.24.0-255,7156,206292,76,252554
6752,0.001757,172.31.40.0-255,66,206358,76,252554
6753,0.001789,74.125.24.0-255,5020,211378,76,252554
6754,0.001794,172.31.40.0-255,66,211444,76,252554
6755,0.001844,74.125.24.0-255,1484,212928,76,252554
6756,0.001849,74.125.24.0-255,2902,215830,76,252554
6757,0.001851,172.31.40.0-255,66,215896,76,252554
6758,0.001876,74.125.24.0-255,5738,221634,76,252554
6759,0.00188,172.31.40.0-255,66,221700,76,252554
6760,0.001885,74.125.24.0-255,4320,226020,76,252554
6761,0.001888,172.31.40.0-255,66,226086,76,252554
6762,0.001911,172.31.40.0-255,66,226152,76,252554
6763,0.001914,74.125.24.0-255,1484,227636,76,252554
6764,0.00196,74.125.24.0-255,5738,233374,76,252554
6765,0.001965,172.31.40.0-255,66,233440,76,252554
6766,0.001983,74.125.24.0-255,3602,237042,76,252554
6767,0.001985,172.31.40.0-255,66,237108,76,252554
6768,0.001998,74.125.24.0-255,1484,238592,76,252554
6769,0.002019,74.125.24.0-255,2902,241494,76,252554
6770,0.002022,172.31.40.0-255,66,241560,76,252554
6771,0.002028,74.125.24.0-255,4320,245880,76,252554
6772,0.00203,172.31.40.0-255,66,245946,76,252554
6773,0.002042,74.125.24.0-255,1484,247430,76,252554
6774,0.002057,74.125.24.0-255,4320,251750,76,252554
6775,0.00206,172.31.40.0-255,66,251816,76,252554
6776,0.002099,172.31.40.0-255,66,251882,76,252554
6777,0.002109,172.31.40.0-255,66,251948,76,252554
6778,0.002142,172.31.40.0-255,66,252014,76,252554
6779,0.002177,172.31.40.0-255,66,252080,76,252554
6780,0.002189,172.31.40.0-255,66,252146,76,252554
6781,0.002225,172.31.40.0-255,66,252212,76,252554
6782,0.002228,74.125.24.0-255,105,252317,76,252554
6783,0.004631,172.31.40.0-255,66,252383,76,252554
6784,0.004665,172.31.40.0-255,105,252488,76,252554
6785,0.007289,74.125.24.0-255,66,252554,76,252554
6786,0.0,74.125.200.0-255,296,296,76,284657
6787,1.4e-05,172.31.40.0-255,66,362,76,284657
6788,2e-05,74.125.200.0-255,1484,1846,76,284657
6789,2.3e-05,172.31.40.0-255,66,1912,76,284657
6790,3e-05,74.125.200.0-255,4320,6232,76,284657
6791,4e-05,172.31.40.0-255,66,6298,76,284657
6792,4.6e-05,74.125.200.0-255,5738,12036,76,284657
6793,4.9e-05,172.31.40.0-255,66,12102,76,284657
6794,8.1e-05,74.125.200.0-255,5738,17840,76,284657
6795,8.4e-05,172.31.40.0-255,66,17906,76,284657
6796,0.000103,74.125.200.0-255,1824,19730,76,284657
6797,0.000105,172.31.40.0-255,66,19796,76,284657
6798,0.000137,172.31.40.0-255,66,19862,76,284657
6799,0.000141,74.125.200.0-255,2543,22405,76,284657
6800,0.000143,172.31.40.0-255,66,22471,76,284657
6801,0.000678,74.125.200.0-255,1484,23955,76,284657
6802,0.000684,172.31.40.0-255,66,24021,76,284657
6803,0.000692,74.125.200.0-255,2902,26923,76,284657
6804,0.000694,172.31.40.0-255,66,26989,76,284657
6805,0.000714,74.125.200.0-255,5738,32727,76,284657
6806,0.000716,172.31.40.0-255,66,32793,76,284657
6807,0.000724,74.125.200.0-255,2902,35695,76,284657
6808,0.000726,172.31.40.0-255,66,35761,76,284657
6809,0.000731,74.125.200.0-255,3961,39722,76,284657
6810,0.000733,172.31.40.0-255,66,39788,76,284657
6811,0.000763,74.125.200.0-255,5738,45526,76,284657
6812,0.000766,172.31.40.0-255,66,45592,76,284657
6813,0.000786,74.125.200.0-255,2902,48494,76,284657
6814,0.000788,172.31.40.0-255,66,48560,76,284657
6815,0.000792,74.125.200.0-255,2902,51462,76,284657
6816,0.000794,172.31.40.0-255,66,51528,76,284657
6817,0.000835,74.125.200.0-255,5379,56907,76,284657
6818,0.000853,74.125.200.0-255,426,57333,76,284657
6819,0.000961,74.125.200.0-255,1484,58817,76,284657
6820,0.000975,74.125.200.0-255,2902,61719,76,284657
6821,0.000979,74.125.200.0-255,1484,63203,76,284657
6822,0.000988,74.125.200.0-255,1484,64687,76,284657
6823,0.001,74.125.200.0-255,1484,66171,76,284657
6824,0.001031,74.125.200.0-255,5738,71909,76,284657
6825,0.001044,74.125.200.0-255,2543,74452,76,284657
6826,0.001081,74.125.200.0-255,2902,77354,76,284657
6827,0.001107,74.125.200.0-255,1484,78838,76,284657
6828,0.001121,74.125.200.0-255,2902,81740,76,284657
6829,0.001124,74.125.200.0-255,1484,83224,76,284657
6830,0.001157,74.125.200.0-255,7156,90380,76,284657
6831,0.001169,74.125.200.0-255,1125,91505,76,284657
6832,0.001241,74.125.200.0-255,1484,92989,76,284657
6833,0.001256,74.125.200.0-255,2902,95891,76,284657
6834,0.001264,74.125.200.0-255,1484,97375,76,284657
6835,0.001279,74.125.200.0-255,4320,101695,76,284657
6836,0.001283,74.125.200.0-255,2902,104597,76,284657
6837,0.001288,74.125.200.0-255,4320,108917,76,284657
6838,0.001314,74.125.200.0-255,5738,114655,76,284657
6839,0.001332,74.125.200.0-255,2902,117557,76,284657
6840,0.001336,74.125.200.0-255,2902,120459,76,284657
6841,0.00136,74.125.200.0-255,5020,125479,76,284657
6842,0.001393,74.125.200.0-255,2902,128381,76,284657
6843,0.001398,74.125.200.0-255,4320,132701,76,284657
6844,0.001412,74.125.200.0-255,2902,135603,76,284657
6845,0.001435,74.125.200.0-255,5738,141341,76,284657
6846,0.001447,74.125.200.0-255,2902,144243,76,284657
6847,0.001473,74.125.200.0-255,4320,148563,76,284657
6848,0.001494,74.125.200.0-255,2184,150747,76,284657
6849,0.00171,74.125.200.0-255,1484,152231,76,284657
6850,0.001716,74.125.200.0-255,2902,155133,76,284657
6851,0.00174,74.125.200.0-255,5738,160871,76,284657
6852,0.001761,74.125.200.0-255,7156,168027,76,284657
6853,0.00179,74.125.200.0-255,4320,172347,76,284657
6854,0.001807,74.125.200.0-255,4320,176667,76,284657
6855,0.001848,74.125.200.0-255,2902,179569,76,284657
6856,0.001864,74.125.200.0-255,5020,184589,76,284657
6857,0.001898,74.125.200.0-255,1484,186073,76,284657
6858,0.001901,74.125.200.0-255,1484,187557,76,284657
6859,0.001913,74.125.200.0-255,1484,189041,76,284657
6860,0.001924,74.125.200.0-255,2902,191943,76,284657
6861,0.001936,74.125.200.0-255,2902,194845,76,284657
6862,0.001952,74.125.200.0-255,5738,200583,76,284657
6863,0.001955,74.125.200.0-255,1484,202067,76,284657
6864,0.001974,74.125.200.0-255,5738,207805,76,284657
6865,0.002004,74.125.200.0-255,2902,210707,76,284657
6866,0.002021,74.125.200.0-255,2902,213609,76,284657
6867,0.002026,74.125.200.0-255,2902,216511,76,284657
6868,0.002043,74.125.200.0-255,3602,220113,76,284657
6869,0.002048,74.125.200.0-255,4320,224433,76,284657
6870,0.002065,74.125.200.0-255,5738,230171,76,284657
6871,0.002118,74.125.200.0-255,1484,231655,76,284657
6872,0.002123,74.125.200.0-255,4320,235975,76,284657
6873,0.002185,74.125.200.0-255,7156,243131,76,284657
6874,0.002217,74.125.200.0-255,4320,247451,76,284657
6875,0.00225,74.125.200.0-255,2902,250353,76,284657
6876,0.002264,74.125.200.0-255,2184,252537,76,284657
6877,0.002296,74.125.200.0-255,1484,254021,76,284657
6878,0.002312,74.125.200.0-255,2902,256923,76,284657
6879,0.003924,172.31.40.0-255,66,256989,76,284657
6880,0.006281,74.125.200.0-255,4320,261309,76,284657
6881,0.006287,172.31.40.0-255,66,261375,76,284657
6882,0.006314,74.125.200.0-255,1484,262859,76,284657
6883,0.008585,74.125.200.0-255,4320,267179,76,284657
6884,0.00859,172.31.40.0-255,66,267245,76,284657
6885,0.010891,74.125.200.0-255,5738,272983,76,284657
6886,0.015245,172.31.40.0-255,66,273049,76,284657
6887,0.017575,74.125.200.0-255,5738,278787,76,284657
6888,0.017591,172.31.40.0-255,66,278853,76,284657
6889,0.019899,74.125.200.0-255,5738,284591,76,284657
6890,0.019907,172.31.40.0-255,66,284657,76,284657
6891,0.0,74.125.130.0-255,153,153,76,190942
6892,1.6e-05,172.31.40.0-255,66,219,76,190942
6893,9.3e-05,74.125.130.0-255,1484,1703,76,190942
6894,9.6e-05,172.31.40.0-255,66,1769,76,190942
6895,0.000131,74.125.130.0-255,2902,4671,76,190942
6896,0.000136,172.31.40.0-255,66,4737,76,190942
6897,0.000139,74.125.130.0-255,1484,6221,76,190942
6898,0.000142,172.31.40.0-255,66,6287,76,190942
6899,0.00017,74.125.130.0-255,2902,9189,76,190942
6900,0.000173,172.31.40.0-255,66,9255,76,190942
6901,0.000202,74.125.130.0-255,4937,14192,76,190942
6902,0.000205,172.31.40.0-255,66,14258,76,190942
6903,0.000406,74.125.130.0-255,1484,15742,76,190942
6904,0.000411,172.31.40.0-255,66,15808,76,190942
6905,0.000444,74.125.130.0-255,2902,18710,76,190942
6906,0.000447,172.31.40.0-255,66,18776,76,190942
6907,0.000455,74.125.130.0-255,5738,24514,76,190942
6908,0.000458,172.31.40.0-255,66,24580,76,190942
6909,0.000463,74.125.130.0-255,4320,28900,76,190942
6910,0.000466,172.31.40.0-255,66,28966,76,190942
6911,0.000493,74.125.130.0-255,2543,31509,76,190942
6912,0.000496,172.31.40.0-255,66,31575,76,190942
6913,0.000507,172.31.40.0-255,66,31641,76,190942
6914,0.000544,172.31.40.0-255,66,31707,76,190942
6915,0.000547,74.125.130.0-255,1484,33191,76,190942
6916,0.000549,172.31.40.0-255,66,33257,76,190942
6917,0.000588,74.125.130.0-255,2902,36159,76,190942
6918,0.000592,172.31.40.0-255,66,36225,76,190942
6919,0.000598,74.125.130.0-255,5738,41963,76,190942
6920,0.0006,172.31.40.0-255,66,42029,76,190942
6921,0.000603,74.125.130.0-255,1484,43513,76,190942
6922,0.000608,74.125.130.0-255,2902,46415,76,190942
6923,0.00061,172.31.40.0-255,66,46481,76,190942
6924,0.000641,74.125.130.0-255,766,47247,76,190942
6925,0.000787,74.125.130.0-255,340,47587,76,190942
6926,0.000914,74.125.130.0-255,119,47706,76,190942
6927,0.001109,172.31.40.0-255,66,47772,76,190942
6928,0.001269,74.125.130.0-255,1484,49256,76,190942
6929,0.001276,74.125.130.0-255,1484,50740,76,190942
6930,0.00128,172.31.40.0-255,66,50806,76,190942
6931,0.00131,74.125.130.0-255,1484,52290,76,190942
6932,0.001315,74.125.130.0-255,2902,55192,76,190942
6933,0.001318,172.31.40.0-255,66,55258,76,190942
6934,0.001324,74.125.130.0-255,4320,59578,76,190942
6935,0.001326,172.31.40.0-255,66,59644,76,190942
6936,0.001376,74.125.130.0-255,7156,66800,76,190942
6937,0.001379,172.31.40.0-255,66,66866,76,190942
6938,0.00139,172.31.40.0-255,66,66932,76,190942
6939,0.001415,74.125.130.0-255,1484,68416,76,190942
6940,0.001443,74.125.130.0-255,5020,73436,76,190942
6941,0.001445,172.31.40.0-255,66,73502,76,190942
6942,0.001486,74.125.130.0-255,380,73882,76,190942
6943,0.001664,74.125.130.0-255,1484,75366,76,190942
6944,0.00167,172.31.40.0-255,66,75432,76,190942
6945,0.001705,74.125.130.0-255,1484,76916,76,190942
6946,0.001723,74.125.130.0-255,2902,79818,76,190942
6947,0.001725,172.31.40.0-255,66,79884,76,190942
6948,0.001754,74.125.130.0-255,5738,85622,76,190942
6949,0.001756,172.31.40.0-255,66,85688,76,190942
6950,0.001776,74.125.130.0-255,5738,91426,76,190942
6951,0.001783,172.31.40.0-255,66,91492,76,190942
6952,0.00181,74.125.130.0-255,1484,92976,76,190942
6953,0.001823,172.31.40.0-255,66,93042,76,190942
6954,0.001852,74.125.130.0-255,1484,94526,76,190942
6955,0.001867,74.125.130.0-255,2184,96710,76,190942
6956,0.00187,172.31.40.0-255,66,96776,76,190942
6957,0.002088,74.125.130.0-255,1484,98260,76,190942
6958,0.002107,74.125.130.0-255,1484,99744,76,190942
6959,0.002111,172.31.40.0-255,66,99810,76,190942
6960,0.002141,74.125.130.0-255,2902,102712,76,190942
6961,0.002145,172.31.40.0-255,66,102778,76,190942
6962,0.002177,74.125.130.0-255,1484,104262,76,190942
6963,0.002182,74.125.130.0-255,2902,107164,76,190942
6964,0.002185,172.31.40.0-255,66,107230,76,190942
6965,0.002201,74.125.130.0-255,4320,111550,76,190942
6966,0.002203,172.31.40.0-255,66,111616,76,190942
6967,0.002222,74.125.130.0-255,1484,113100,76,190942
6968,0.002232,74.125.130.0-255,2902,116002,76,190942
6969,0.002234,172.31.40.0-255,66,116068,76,190942
6970,0.002237,74.125.130.0-255,1484,117552,76,190942
6971,0.002268,172.31.40.0-255,66,117618,76,190942
6972,0.002271,74.125.130.0-255,1484,119102,76,190942
6973,0.002275,74.125.130.0-255,2902,122004,76,190942
6974,0.002277,172.31.40.0-255,66,122070,76,190942
6975,0.00228,74.125.130.0-255,766,122836,76,190942
6976,0.002446,74.125.130.0-255,1484,124320,76,190942
6977,0.002449,172.31.40.0-255,66,124386,76,190942
6978,0.002452,74.125.130.0-255,1484,125870,76,190942
6979,0.002473,74.125.130.0-255,1484,127354,76,190942
6980,0.002475,172.31.40.0-255,66,127420,76,190942
6981,0.002508,74.125.130.0-255,2902,130322,76,190942
6982,0.002511,172.31.40.0-255,66,130388,76,190942
6983,0.002535,74.125.130.0-255,1484,131872,76,190942
6984,0.002549,74.125.130.0-255,2902,134774,76,190942
6985,0.002552,172.31.40.0-255,66,134840,76,190942
6986,0.002581,74.125.130.0-255,4320,139160,76,190942
6987,0.002585,172.31.40.0-255,66,139226,76,190942
6988,0.002591,74.125.130.0-255,5738,144964,76,190942
6989,0.002593,172.31.40.0-255,66,145030,76,190942
6990,0.002626,74.125.130.0-255,7156,152186,76,190942
6991,0.002628,172.31.40.0-255,66,152252,76,190942
6992,0.002661,74.125.130.0-255,4320,156572,76,190942
6993,0.002664,172.31.40.0-255,66,156638,76,190942
6994,0.002667,74.125.130.0-255,766,157404,76,190942
6995,0.004837,172.31.40.0-255,66,157470,76,190942
6996,0.005184,74.125.130.0-255,4320,161790,76,190942
6997,0.005189,172.31.40.0-255,66,161856,76,190942
6998,0.007355,74.125.130.0-255,1484,163340,76,190942
6999,0.007706,74.125.130.0-255,4320,167660,76,190942
7000,0.007709,172.31.40.0-255,66,167726,76,190942
7001,0.010228,74.125.130.0-255,5738,173464,76,190942
7002,0.010235,172.31.40.0-255,66,173530,76,190942
7003,0.012766,74.125.130.0-255,5738,179268,76,190942
7004,0.012775,172.31.40.0-255,66,179334,76,190942
7005,0.015315,74.125.130.0-255,5738,185072,76,190942
7006,0.015326,172.31.40.0-255,66,185138,76,190942
7007,0.017859,74.125.130.0-255,5738,190876,76,190942
7008,0.017869,172.31.40.0-255,66,190942,76,190942
7009,0.0,172.217.194.0-255,146,146,76,178756
7010,2.5e-05,172.31.40.0-255,66,212,76,178756
7011,3.2e-05,172.217.194.0-255,1484,1696,76,178756
7012,3.7e-05,172.31.40.0-255,66,1762,76,178756
7013,5e-05,172.217.194.0-255,2902,4664,76,178756
7014,5.4e-05,172.31.40.0-255,66,4730,76,178756
7015,6.1e-05,172.217.194.0-255,5738,10468,76,178756
7016,6.4e-05,172.31.40.0-255,66,10534,76,178756
7017,0.000104,172.217.194.0-255,3473,14007,76,178756
7018,0.000107,172.31.40.0-255,66,14073,76,178756
7019,0.000131,172.217.194.0-255,4320,18393,76,178756
7020,0.000134,172.31.40.0-255,66,18459,76,178756
7021,0.000165,172.31.40.0-255,66,18525,76,178756
7022,0.000192,172.217.194.0-255,1484,20009,76,178756
7023,0.000194,172.31.40.0-255,66,20075,76,178756
7024,0.000199,172.217.194.0-255,2543,22618,76,178756
7025,0.000201,172.31.40.0-255,66,22684,76,178756
7026,0.000237,172.31.40.0-255,66,22750,76,178756
7027,0.000241,172.217.194.0-255,2543,25293,76,178756
7028,0.000243,172.31.40.0-255,66,25359,76,178756
7029,0.000285,172.31.40.0-255,66,25425,76,178756
7030,0.000343,172.217.194.0-255,100,25525,76,178756
7031,0.000346,172.31.40.0-255,66,25591,76,178756
7032,0.00037,172.217.194.0-255,363,25954,76,178756
7033,0.000372,172.31.40.0-255,66,26020,76,178756
7034,0.00069,172.217.194.0-255,1484,27504,76,178756
7035,0.000696,172.31.40.0-255,66,27570,76,178756
7036,0.000702,172.217.194.0-255,2902,30472,76,178756
7037,0.000704,172.31.40.0-255,66,30538,76,178756
7038,0.00071,172.217.194.0-255,5738,36276,76,178756
7039,0.000718,172.31.40.0-255,66,36342,76,178756
7040,0.000721,172.217.194.0-255,1484,37826,76,178756
7041,0.000753,172.31.40.0-255,66,37892,76,178756
7042,0.000803,172.31.40.0-255,66,37958,76,178756
7043,0.000879,172.217.194.0-255,1484,39442,76,178756
7044,0.000883,172.217.194.0-255,1484,40926,76,178756
7045,0.000886,172.31.40.0-255,66,40992,76,178756
7046,0.000899,172.217.194.0-255,1484,42476,76,178756
7047,0.00091,172.217.194.0-255,5738,48214,76,178756
7048,0.000915,172.31.40.0-255,66,48280,76,178756
7049,0.000926,172.217.194.0-255,4320,52600,76,178756
7050,0.000932,172.31.40.0-255,66,52666,76,178756
7051,0.000943,172.31.40.0-255,66,52732,76,178756
7052,0.000967,172.217.194.0-255,2902,55634,76,178756
7053,0.00097,172.31.40.0-255,66,55700,76,178756
7054,0.000981,172.31.40.0-255,66,55766,76,178756
7055,0.001083,172.217.194.0-255,1484,57250,76,178756
7056,0.0011,172.217.194.0-255,2902,60152,76,178756
7057,0.001104,172.31.40.0-255,66,60218,76,178756
7058,0.001111,172.217.194.0-255,5738,65956,76,178756
7059,0.001113,172.31.40.0-255,66,66022,76,178756
7060,0.001116,172.217.194.0-255,1484,67506,76,178756
7061,0.00114,172.217.194.0-255,4320,71826,76,178756
7062,0.001142,172.31.40.0-255,66,71892,76,178756
7063,0.001148,172.217.194.0-255,4320,76212,76,178756
7064,0.001151,172.31.40.0-255,66,76278,76,178756
7065,0.001186,172.31.40.0-255,66,76344,76,178756
7066,0.001192,172.217.194.0-255,5020,81364,76,178756
7067,0.001194,172.31.40.0-255,66,81430,76,178756
7068,0.001633,172.217.194.0-255,1484,82914,76,178756
7069,0.001639,172.217.194.0-255,2902,85816,76,178756
7070,0.001643,172.31.40.0-255,66,85882,76,178756
7071,0.00165,172.217.194.0-255,5738,91620,76,178756
7072,0.001652,172.31.40.0-255,66,91686,76,178756
7073,0.001672,172.217.194.0-255,2902,94588,76,178756
7074,0.001674,172.31.40.0-255,66,94654,76,178756
7075,0.001707,172.31.40.0-255,66,94720,76,178756
7076,0.001714,172.217.194.0-255,7156,101876,76,178756
7077,0.001716,172.31.40.0-255,66,101942,76,178756
7078,0.00178,172.217.194.0-255,6438,108380,76,178756
7079,0.001783,172.31.40.0-255,66,108446,76,178756
7080,0.00179,172.217.194.0-255,7156,115602,76,178756
7081,0.001792,172.31.40.0-255,66,115668,76,178756
7082,0.001808,172.31.40.0-255,66,115734,76,178756
7083,0.001818,172.31.40.0-255,66,115800,76,178756
7084,0.001838,172.217.194.0-255,1484,117284,76,178756
7085,0.001861,172.217.194.0-255,2902,120186,76,178756
7086,0.001864,172.31.40.0-255,66,120252,76,178756
7087,0.00187,172.217.194.0-255,4320,124572,76,178756
7088,0.001872,172.31.40.0-255,66,124638,76,178756
7089,0.001892,172.217.194.0-255,1484,126122,76,178756
7090,0.001915,172.31.40.0-255,66,126188,76,178756
7091,0.001926,172.31.40.0-255,66,126254,76,178756
7092,0.00196,172.217.194.0-255,2184,128438,76,178756
7093,0.001963,172.31.40.0-255,66,128504,76,178756
7094,0.001984,172.217.194.0-255,2902,131406,76,178756
7095,0.001987,172.31.40.0-255,66,131472,76,178756
7096,0.002019,172.217.194.0-255,7156,138628,76,178756
7097,0.002026,172.217.194.0-255,7156,145784,76,178756
7098,0.002035,172.31.40.0-255,66,145850,76,178756
7099,0.002038,172.31.40.0-255,66,145916,76,178756
7100,0.002059,172.217.194.0-255,7156,153072,76,178756
7101,0.002061,172.31.40.0-255,66,153138,76,178756
7102,0.002101,172.31.40.0-255,66,153204,76,178756
7103,0.002104,172.217.194.0-255,766,153970,76,178756
7104,0.002107,172.217.194.0-255,1484,155454,76,178756
7105,0.002108,172.31.40.0-255,66,155520,76,178756
7106,0.002114,172.217.194.0-255,4320,159840,76,178756
7107,0.002116,172.31.40.0-255,66,159906,76,178756
7108,0.002124,172.217.194.0-255,7156,167062,76,178756
7109,0.002126,172.31.40.0-255,66,167128,76,178756
7110,0.002178,172.31.40.0-255,66,167194,76,178756
7111,0.002185,172.217.194.0-255,5020,172214,76,178756
7112,0.002187,172.31.40.0-255,66,172280,76,178756
7113,0.002194,172.217.194.0-255,5738,178018,76,178756
7114,0.002196,172.31.40.0-255,66,178084,76,178756
7115,0.002247,172.31.40.0-255,66,178150,76,178756
7116,0.00226,172.31.40.0-255,66,178216,76,178756
7117,0.002339,172.31.40.0-255,66,178282,76,178756
7118,0.002381,172.31.40.0-255,66,178348,76,178756
7119,0.002393,172.31.40.0-255,66,178414,76,178756
7120,0.002396,172.217.194.0-255,105,178519,76,178756
7121,0.010376,172.31.40.0-255,66,178585,76,178756
7122,0.010411,172.31.40.0-255,105,178690,76,178756
7123,0.013131,172.217.194.0-255,66,178756,76,178756
7124,0.0,172.217.194.0-255,153,153,76,155371
7125,1.6e-05,172.31.40.0-255,66,219,76,155371
7126,2.3e-05,172.217.194.0-255,1484,1703,76,155371
7127,2.7e-05,172.31.40.0-255,66,1769,76,155371
7128,4.1e-05,172.217.194.0-255,2902,4671,76,155371
7129,4.5e-05,172.31.40.0-255,66,4737,76,155371
7130,5.3e-05,172.217.194.0-255,7156,11893,76,155371
7131,5.7e-05,172.31.40.0-255,66,11959,76,155371
7132,6.1e-05,172.217.194.0-255,2062,14021,76,155371
7133,6.4e-05,172.31.40.0-255,66,14087,76,155371
7134,0.000109,172.31.40.0-255,66,14153,76,155371
7135,0.000116,172.217.194.0-255,5379,19532,76,155371
7136,0.000118,172.31.40.0-255,66,19598,76,155371
7137,0.000478,172.217.194.0-255,1484,21082,76,155371
7138,0.000485,172.31.40.0-255,66,21148,76,155371
7139,0.000494,172.217.194.0-255,2902,24050,76,155371
7140,0.000496,172.31.40.0-255,66,24116,76,155371
7141,0.000507,172.217.194.0-255,5738,29854,76,155371
7142,0.00051,172.31.40.0-255,66,29920,76,155371
7143,0.000522,172.217.194.0-255,1484,31404,76,155371
7144,0.000524,172.31.40.0-255,66,31470,76,155371
7145,0.000562,172.31.40.0-255,66,31536,76,155371
7146,0.000569,172.217.194.0-255,7156,38692,76,155371
7147,0.000572,172.31.40.0-255,66,38758,76,155371
7148,0.000601,172.217.194.0-255,6438,45196,76,155371
7149,0.000604,172.31.40.0-255,66,45262,76,155371
7150,0.000606,172.217.194.0-255,707,45969,76,155371
7151,0.000609,172.31.40.0-255,66,46035,76,155371
7152,0.000773,172.217.194.0-255,1484,47519,76,155371
7153,0.000778,172.31.40.0-255,66,47585,76,155371
7154,0.000784,172.217.194.0-255,2902,50487,76,155371
7155,0.000787,172.31.40.0-255,66,50553,76,155371
7156,0.000798,172.217.194.0-255,5738,56291,76,155371
7157,0.0008,172.31.40.0-255,66,56357,76,155371
7158,0.000843,172.217.194.0-255,1484,57841,76,155371
7159,0.000873,172.31.40.0-255,66,57907,76,155371
7160,0.000886,172.31.40.0-255,66,57973,76,155371
7161,0.001545,172.217.194.0-255,1484,59457,76,155371
7162,0.001553,172.217.194.0-255,2902,62359,76,155371
7163,0.001558,172.31.40.0-255,66,62425,76,155371
7164,0.001565,172.217.194.0-255,5738,68163,76,155371
7165,0.001568,172.31.40.0-255,66,68229,76,155371
7166,0.001591,172.217.194.0-255,4320,72549,76,155371
7167,0.001593,172.31.40.0-255,66,72615,76,155371
7168,0.001603,172.217.194.0-255,5738,78353,76,155371
7169,0.001605,172.31.40.0-255,66,78419,76,155371
7170,0.001654,172.31.40.0-255,66,78485,76,155371
7171,0.001659,172.217.194.0-255,2184,80669,76,155371
7172,0.001661,172.31.40.0-255,66,80735,76,155371
7173,0.001713,172.217.194.0-255,1484,82219,76,155371
7174,0.001718,172.217.194.0-255,2902,85121,76,155371
7175,0.001721,172.31.40.0-255,66,85187,76,155371
7176,0.001725,172.217.194.0-255,1484,86671,76,155371
7177,0.001754,172.217.194.0-255,4320,90991,76,155371
7178,0.001758,172.31.40.0-255,66,91057,76,155371
7179,0.00177,172.31.40.0-255,66,91123,76,155371
7180,0.001786,172.217.194.0-255,2902,94025,76,155371
7181,0.001788,172.31.40.0-255,66,94091,76,155371
7182,0.001805,172.31.40.0-255,66,94157,76,155371
7183,0.001854,172.31.40.0-255,66,94223,76,155371
7184,0.001867,172.31.40.0-255,66,94289,76,155371
7185,0.001902,172.31.40.0-255,66,94355,76,155371
7186,0.001919,172.217.194.0-255,5738,100093,76,155371
7187,0.001921,172.31.40.0-255,66,100159,76,155371
7188,0.001928,172.217.194.0-255,766,100925,76,155371
7189,0.001997,172.217.194.0-255,1484,102409,76,155371
7190,0.002001,172.31.40.0-255,66,102475,76,155371
7191,0.003901,172.217.194.0-255,2902,105377,76,155371
7192,0.003907,172.31.40.0-255,66,105443,76,155371
7193,0.003976,172.217.194.0-255,2902,108345,76,155371
7194,0.003979,172.31.40.0-255,66,108411,76,155371
7195,0.005912,172.217.194.0-255,2902,111313,76,155371
7196,0.005919,172.31.40.0-255,66,111379,76,155371
7197,0.005945,172.217.194.0-255,2902,114281,76,155371
7198,0.005948,172.31.40.0-255,66,114347,76,155371
7199,0.007884,172.217.194.0-255,2902,117249,76,155371
7200,0.007889,172.31.40.0-255,66,117315,76,155371
7201,0.007921,172.217.194.0-255,2902,120217,76,155371
7202,0.007924,172.31.40.0-255,66,120283,76,155371
7203,0.00987,172.217.194.0-255,2902,123185,76,155371
7204,0.009878,172.31.40.0-255,66,123251,76,155371
7205,0.009906,172.217.194.0-255,2902,126153,76,155371
7206,0.009909,172.31.40.0-255,66,126219,76,155371
7207,0.01186,172.217.194.0-255,2902,129121,76,155371
7208,0.011869,172.31.40.0-255,66,129187,76,155371
7209,0.011897,172.217.194.0-255,2902,132089,76,155371
7210,0.011899,172.31.40.0-255,66,132155,76,155371
7211,0.013862,172.217.194.0-255,5738,137893,76,155371
7212,0.013869,172.31.40.0-255,66,137959,76,155371
7213,0.015864,172.217.194.0-255,5738,143697,76,155371
7214,0.015874,172.31.40.0-255,66,143763,76,155371
7215,0.017859,172.217.194.0-255,5738,149501,76,155371
7216,0.017868,172.31.40.0-255,66,149567,76,155371
7217,0.019881,172.217.194.0-255,5738,155305,76,155371
7218,0.019887,172.31.40.0-255,66,155371,76,155371
7219,0.0,216.58.221.0-255,153,153,76,132021
7220,1.9e-05,172.31.40.0-255,66,219,76,132021
7221,2.5e-05,216.58.221.0-255,1484,1703,76,132021
7222,2.9e-05,172.31.40.0-255,66,1769,76,132021
7223,3.5e-05,216.58.221.0-255,2902,4671,76,132021
7224,4.5e-05,172.31.40.0-255,66,4737,76,132021
7225,5e-05,216.58.221.0-255,4320,9057,76,132021
7226,5.3e-05,172.31.40.0-255,66,9123,76,132021
7227,9.1e-05,216.58.221.0-255,4320,13443,76,132021
7228,9.4e-05,172.31.40.0-255,66,13509,76,132021
7229,0.000118,216.58.221.0-255,646,14155,76,132021
7230,0.00012,172.31.40.0-255,66,14221,76,132021
7231,0.000513,216.58.221.0-255,1484,15705,76,132021
7232,0.000517,172.31.40.0-255,66,15771,76,132021
7233,0.000525,216.58.221.0-255,2902,18673,76,132021
7234,0.000527,172.31.40.0-255,66,18739,76,132021
7235,0.000544,216.58.221.0-255,2902,21641,76,132021
7236,0.00055,172.31.40.0-255,66,21707,76,132021
7237,0.000572,216.58.221.0-255,1484,23191,76,132021
7238,0.000574,172.31.40.0-255,66,23257,76,132021
7239,0.000603,216.58.221.0-255,2902,26159,76,132021
7240,0.000605,172.31.40.0-255,66,26225,76,132021
7241,0.000613,216.58.221.0-255,5379,31604,76,132021
7242,0.000616,172.31.40.0-255,66,31670,76,132021
7243,0.000697,216.58.221.0-255,1484,33154,76,132021
7244,0.000701,172.31.40.0-255,66,33220,76,132021
7245,0.000706,216.58.221.0-255,2902,36122,76,132021
7246,0.000708,172.31.40.0-255,66,36188,76,132021
7247,0.000728,216.58.221.0-255,5738,41926,76,132021
7248,0.000735,172.31.40.0-255,66,41992,76,132021
7249,0.000783,216.58.221.0-255,5738,47730,76,132021
7250,0.000787,172.31.40.0-255,66,47796,76,132021
7251,0.000801,216.58.221.0-255,1125,48921,76,132021
7252,0.001722,216.58.221.0-255,1484,50405,76,132021
7253,0.00173,172.31.40.0-255,66,50471,76,132021
7254,0.001736,216.58.221.0-255,2902,53373,76,132021
7255,0.001739,172.31.40.0-255,66,53439,76,132021
7256,0.001749,216.58.221.0-255,1484,54923,76,132021
7257,0.001771,216.58.221.0-255,1484,56407,76,132021
7258,0.001773,172.31.40.0-255,66,56473,76,132021
7259,0.00178,216.58.221.0-255,4320,60793,76,132021
7260,0.001782,172.31.40.0-255,66,60859,76,132021
7261,0.00182,216.58.221.0-255,5958,66817,76,132021
7262,0.001823,172.31.40.0-255,66,66883,76,132021
7263,0.001876,216.58.221.0-255,1484,68367,76,132021
7264,0.001889,216.58.221.0-255,2902,71269,76,132021
7265,0.001892,172.31.40.0-255,66,71335,76,132021
7266,0.001918,216.58.221.0-255,4320,75655,76,132021
7267,0.001921,172.31.40.0-255,66,75721,76,132021
7268,0.001956,216.58.221.0-255,4320,80041,76,132021
7269,0.001958,172.31.40.0-255,66,80107,76,132021
7270,0.001987,216.58.221.0-255,5379,85486,76,132021
7271,0.00199,172.31.40.0-255,66,85552,76,132021
7272,0.002047,216.58.221.0-255,2902,88454,76,132021
7273,0.00205,172.31.40.0-255,66,88520,76,132021
7274,0.00209,172.31.40.0-255,66,88586,76,132021
7275,0.002199,216.58.221.0-255,1125,89711,76,132021
7276,0.004184,216.58.221.0-255,4320,94031,76,132021
7277,0.00419,172.31.40.0-255,66,94097,76,132021
7278,0.006294,216.58.221.0-255,5738,99835,76,132021
7279,0.006302,172.31.40.0-255,66,99901,76,132021
7280,0.008404,216.58.221.0-255,5738,105639,76,132021
7281,0.008412,172.31.40.0-255,66,105705,76,132021
7282,0.010511,216.58.221.0-255,5738,111443,76,132021
7283,0.01052,172.31.40.0-255,66,111509,76,132021
7284,0.012615,216.58.221.0-255,5738,117247,76,132021
7285,0.012623,172.31.40.0-255,66,117313,76,132021
7286,0.014714,216.58.221.0-255,4320,121633,76,132021
7287,0.014723,172.31.40.0-255,66,121699,76,132021
7288,0.014754,216.58.221.0-255,1484,123183,76,132021
7289,0.016823,216.58.221.0-255,2902,126085,76,132021
7290,0.01683,172.31.40.0-255,66,126151,76,132021
7291,0.016857,216.58.221.0-255,1484,127635,76,132021
7292,0.018929,216.58.221.0-255,4320,131955,76,132021
7293,0.018936,172.31.40.0-255,66,132021,76,132021
7294,0.0,74.125.24.0-255,153,153,76,172267
7295,2.2e-05,172.31.40.0-255,66,219,76,172267
7296,2.9e-05,74.125.24.0-255,1484,1703,76,172267
7297,3.4e-05,172.31.40.0-255,66,1769,76,172267
7298,4e-05,74.125.24.0-255,2902,4671,76,172267
7299,4.4e-05,172.31.40.0-255,66,4737,76,172267
7300,5.2e-05,74.125.24.0-255,7156,11893,76,172267
7301,5.5e-05,172.31.40.0-255,66,11959,76,172267
7302,5.9e-05,74.125.24.0-255,1484,13443,76,172267
7303,6.1e-05,172.31.40.0-255,66,13509,76,172267
7304,6.5e-05,74.125.24.0-255,622,14131,76,172267
7305,6.9e-05,172.31.40.0-255,66,14197,76,172267
7306,0.000505,74.125.24.0-255,1484,15681,76,172267
7307,0.000513,172.31.40.0-255,66,15747,76,172267
7308,0.00052,74.125.24.0-255,2902,18649,76,172267
7309,0.000523,172.31.40.0-255,66,18715,76,172267
7310,0.00053,74.125.24.0-255,5738,24453,76,172267
7311,0.000532,172.31.40.0-255,66,24519,76,172267
7312,0.00054,74.125.24.0-255,6797,31316,76,172267
7313,0.000543,172.31.40.0-255,66,31382,76,172267
7314,0.00058,74.125.24.0-255,4320,35702,76,172267
7315,0.000582,172.31.40.0-255,66,35768,76,172267
7316,0.000585,74.125.24.0-255,1484,37252,76,172267
7317,0.000587,172.31.40.0-255,66,37318,76,172267
7318,0.000609,74.125.24.0-255,4320,41638,76,172267
7319,0.000612,172.31.40.0-255,66,41704,76,172267
7320,0.000654,74.125.24.0-255,4320,46024,76,172267
7321,0.000658,172.31.40.0-255,66,46090,76,172267
7322,0.000677,74.125.24.0-255,2543,48633,76,172267
7323,0.000679,172.31.40.0-255,66,48699,76,172267
7324,0.001021,74.125.24.0-255,1484,50183,76,172267
7325,0.001027,172.31.40.0-255,66,50249,76,172267
7326,0.001034,74.125.24.0-255,2902,53151,76,172267
7327,0.001037,172.31.40.0-255,66,53217,76,172267
7328,0.001067,74.125.24.0-255,5738,58955,76,172267
7329,0.00107,172.31.40.0-255,66,59021,76,172267
7330,0.001094,74.125.24.0-255,5738,64759,76,172267
7331,0.001096,172.31.40.0-255,66,64825,76,172267
7332,0.001109,74.125.24.0-255,1705,66530,76,172267
7333,0.001111,172.31.40.0-255,66,66596,76,172267
7334,0.001227,74.125.24.0-255,1484,68080,76,172267
7335,0.001235,74.125.24.0-255,2902,70982,76,172267
7336,0.001238,172.31.40.0-255,66,71048,76,172267
7337,0.001245,74.125.24.0-255,4320,75368,76,172267
7338,0.001247,172.31.40.0-255,66,75434,76,172267
7339,0.001262,74.125.24.0-255,1484,76918,76,172267
7340,0.001304,74.125.24.0-255,6797,83715,76,172267
7341,0.001307,172.31.40.0-255,66,83781,76,172267
7342,0.001335,74.125.24.0-255,7156,90937,76,172267
7343,0.001339,172.31.40.0-255,66,91003,76,172267
7344,0.001384,172.31.40.0-255,66,91069,76,172267
7345,0.001741,74.125.24.0-255,1484,92553,76,172267
7346,0.001763,74.125.24.0-255,2902,95455,76,172267
7347,0.001769,172.31.40.0-255,66,95521,76,172267
7348,0.001773,74.125.24.0-255,1484,97005,76,172267
7349,0.001795,74.125.24.0-255,4320,101325,76,172267
7350,0.001798,172.31.40.0-255,66,101391,76,172267
7351,0.00181,172.31.40.0-255,66,101457,76,172267
7352,0.001825,74.125.24.0-255,2902,104359,76,172267
7353,0.001827,172.31.40.0-255,66,104425,76,172267
7354,0.001835,74.125.24.0-255,7156,111581,76,172267
7355,0.001838,172.31.40.0-255,66,111647,76,172267
7356,0.001869,74.125.24.0-255,3602,115249,76,172267
7357,0.001873,172.31.40.0-255,66,115315,76,172267
7358,0.001952,74.125.24.0-255,1484,116799,76,172267
7359,0.001958,74.125.24.0-255,2902,119701,76,172267
7360,0.001962,172.31.40.0-255,66,119767,76,172267
7361,0.001985,74.125.24.0-255,5738,125505,76,172267
7362,0.001988,172.31.40.0-255,66,125571,76,172267
7363,0.002028,74.125.24.0-255,1484,127055,76,172267
7364,0.002056,172.31.40.0-255,66,127121,76,172267
7365,0.002091,172.31.40.0-255,66,127187,76,172267
7366,0.004146,74.125.24.0-255,4320,131507,76,172267
7367,0.00415,172.31.40.0-255,66,131573,76,172267
7368,0.004168,74.125.24.0-255,1484,133057,76,172267
7369,0.006202,74.125.24.0-255,4320,137377,76,172267
7370,0.00621,172.31.40.0-255,66,137443,76,172267
7371,0.008314,74.125.24.0-255,5738,143181,76,172267
7372,0.00832,172.31.40.0-255,66,143247,76,172267
7373,0.010406,74.125.24.0-255,5738,148985,76,172267
7374,0.010414,172.31.40.0-255,66,149051,76,172267
7375,0.012509,74.125.24.0-255,5738,154789,76,172267
7376,0.012518,172.31.40.0-255,66,154855,76,172267
7377,0.014588,74.125.24.0-255,5738,160593,76,172267
7378,0.014597,172.31.40.0-255,66,160659,76,172267
7379,0.016651,74.125.24.0-255,5738,166397,76,172267
7380,0.016659,172.31.40.0-255,66,166463,76,172267
7381,0.018705,74.125.24.0-255,5738,172201,76,172267
7382,0.018714,172.31.40.0-255,66,172267,76,172267
7383,0.0,74.125.200.0-255,146,146,76,103740
7384,1.5e-05,172.31.40.0-255,66,212,76,103740
7385,2.2e-05,74.125.200.0-255,1484,1696,76,103740
7386,2.6e-05,172.31.40.0-255,66,1762,76,103740
7387,3.1e-05,74.125.200.0-255,2902,4664,76,103740
7388,4e-05,172.31.40.0-255,66,4730,76,103740
7389,7.9e-05,74.125.200.0-255,5738,10468,76,103740
7390,8.2e-05,172.31.40.0-255,66,10534,76,103740
7391,0.000132,74.125.200.0-255,3481,14015,76,103740
7392,0.000135,172.31.40.0-255,66,14081,76,103740
7393,0.000583,74.125.200.0-255,1484,15565,76,103740
7394,0.000588,172.31.40.0-255,66,15631,76,103740
7395,0.000595,74.125.200.0-255,1484,17115,76,103740
7396,0.000598,172.31.40.0-255,66,17181,76,103740
7397,0.000615,74.125.200.0-255,1484,18665,76,103740
7398,0.000617,172.31.40.0-255,66,18731,76,103740
7399,0.000656,74.125.200.0-255,5738,24469,76,103740
7400,0.00066,172.31.40.0-255,66,24535,76,103740
7401,0.000668,74.125.200.0-255,6797,31332,76,103740
7402,0.000671,172.31.40.0-255,66,31398,76,103740
7403,0.000897,74.125.200.0-255,1484,32882,76,103740
7404,0.000902,172.31.40.0-255,66,32948,76,103740
7405,0.000956,74.125.200.0-255,2902,35850,76,103740
7406,0.00096,172.31.40.0-255,66,35916,76,103740
7407,0.000963,74.125.200.0-255,1484,37400,76,103740
7408,0.000965,172.31.40.0-255,66,37466,76,103740
7409,0.000969,74.125.200.0-255,2902,40368,76,103740
7410,0.000973,172.31.40.0-255,66,40434,76,103740
7411,0.000984,74.125.200.0-255,5738,46172,76,103740
7412,0.000987,172.31.40.0-255,66,46238,76,103740
7413,0.00099,74.125.200.0-255,1484,47722,76,103740
7414,0.000993,172.31.40.0-255,66,47788,76,103740
7415,0.001009,74.125.200.0-255,2543,50331,76,103740
7416,0.001016,172.31.40.0-255,66,50397,76,103740
7417,0.00106,74.125.200.0-255,2902,53299,76,103740
7418,0.001062,172.31.40.0-255,66,53365,76,103740
7419,0.00109,74.125.200.0-255,1484,54849,76,103740
7420,0.001133,74.125.200.0-255,2902,57751,76,103740
7421,0.001137,172.31.40.0-255,66,57817,76,103740
7422,0.001149,172.31.40.0-255,66,57883,76,103740
7423,0.001312,74.125.200.0-255,645,58528,76,103740
7424,0.001547,172.31.40.0-255,66,58594,76,103740
7425,0.002296,74.125.200.0-255,1484,60078,76,103740
7426,0.002304,74.125.200.0-255,2902,62980,76,103740
7427,0.002308,172.31.40.0-255,66,63046,76,103740
7428,0.003857,74.125.200.0-255,1484,64530,76,103740
7429,0.004612,74.125.200.0-255,4320,68850,76,103740
7430,0.004615,172.31.40.0-255,66,68916,76,103740
7431,0.006927,74.125.200.0-255,5738,74654,76,103740
7432,0.006932,172.31.40.0-255,66,74720,76,103740
7433,0.009237,74.125.200.0-255,5738,80458,76,103740
7434,0.009244,172.31.40.0-255,66,80524,76,103740
7435,0.011554,74.125.200.0-255,5738,86262,76,103740
7436,0.01156,172.31.40.0-255,66,86328,76,103740
7437,0.013887,74.125.200.0-255,5738,92066,76,103740
7438,0.013901,172.31.40.0-255,66,92132,76,103740
7439,0.01621,74.125.200.0-255,5738,97870,76,103740
7440,0.016217,172.31.40.0-255,66,97936,76,103740
7441,0.018516,74.125.200.0-255,5738,103674,76,103740
7442,0.018523,172.31.40.0-255,66,103740,76,103740
7443,0.0,74.125.24.0-255,154,154,76,130384
7444,3.3e-05,172.31.40.0-255,66,220,76,130384
7445,4e-05,74.125.24.0-255,1484,1704,76,130384
7446,4.5e-05,172.31.40.0-255,66,1770,76,130384
7447,5e-05,74.125.24.0-255,2902,4672,76,130384
7448,6e-05,172.31.40.0-255,66,4738,76,130384
7449,6.5e-05,74.125.24.0-255,4320,9058,76,130384
7450,6.8e-05,172.31.40.0-255,66,9124,76,130384
7451,0.000114,172.31.40.0-255,66,9190,76,130384
7452,0.000119,74.125.24.0-255,2902,12092,76,130384
7453,0.000121,172.31.40.0-255,66,12158,76,130384
7454,0.000157,74.125.24.0-255,7156,19314,76,130384
7455,0.00016,172.31.40.0-255,66,19380,76,130384
7456,0.000165,74.125.24.0-255,2543,21923,76,130384
7457,0.000167,172.31.40.0-255,66,21989,76,130384
7458,0.000813,74.125.24.0-255,1484,23473,76,130384
7459,0.000818,172.31.40.0-255,66,23539,76,130384
7460,0.000828,74.125.24.0-255,2902,26441,76,130384
7461,0.00083,172.31.40.0-255,66,26507,76,130384
7462,0.000845,74.125.24.0-255,5738,32245,76,130384
7463,0.000847,172.31.40.0-255,66,32311,76,130384
7464,0.000881,74.125.24.0-255,6797,39108,76,130384
7465,0.000884,172.31.40.0-255,66,39174,76,130384
7466,0.000903,172.31.40.0-255,66,39240,76,130384
7467,0.000934,74.125.24.0-255,1484,40724,76,130384
7468,0.000937,172.31.40.0-255,66,40790,76,130384
7469,0.000942,74.125.24.0-255,2819,43609,76,130384
7470,0.000945,172.31.40.0-255,66,43675,76,130384
7471,0.000994,74.125.24.0-255,132,43807,76,130384
7472,0.000998,172.31.40.0-255,66,43873,76,130384
7473,0.001115,74.125.24.0-255,1484,45357,76,130384
7474,0.001123,74.125.24.0-255,2902,48259,76,130384
7475,0.001128,172.31.40.0-255,66,48325,76,130384
7476,0.001133,74.125.24.0-255,2902,51227,76,130384
7477,0.001135,172.31.40.0-255,66,51293,76,130384
7478,0.001164,74.125.24.0-255,2902,54195,76,130384
7479,0.00117,172.31.40.0-255,66,54261,76,130384
7480,0.001177,74.125.24.0-255,6797,61058,76,130384
7481,0.00118,172.31.40.0-255,66,61124,76,130384
7482,0.001185,74.125.24.0-255,4320,65444,76,130384
7483,0.001188,172.31.40.0-255,66,65510,76,130384
7484,0.001215,74.125.24.0-255,2902,68412,76,130384
7485,0.001219,172.31.40.0-255,66,68478,76,130384
7486,0.001233,172.31.40.0-255,66,68544,76,130384
7487,0.00194,74.125.24.0-255,1484,70028,76,130384
7488,0.001963,74.125.24.0-255,2902,72930,76,130384
7489,0.001967,172.31.40.0-255,66,72996,76,130384
7490,0.001974,74.125.24.0-255,5738,78734,76,130384
7491,0.001976,172.31.40.0-255,66,78800,76,130384
7492,0.001987,74.125.24.0-255,5738,84538,76,130384
7493,0.001989,172.31.40.0-255,66,84604,76,130384
7494,0.002033,172.31.40.0-255,66,84670,76,130384
7495,0.002039,74.125.24.0-255,5020,89690,76,130384
7496,0.002041,172.31.40.0-255,66,89756,76,130384
7497,0.004325,74.125.24.0-255,5738,95494,76,130384
7498,0.004332,172.31.40.0-255,66,95560,76,130384
7499,0.006643,74.125.24.0-255,5738,101298,76,130384
7500,0.006652,172.31.40.0-255,66,101364,76,130384
7501,0.008956,74.125.24.0-255,5738,107102,76,130384
7502,0.008965,172.31.40.0-255,66,107168,76,130384
7503,0.011253,74.125.24.0-255,5738,112906,76,130384
7504,0.011261,172.31.40.0-255,66,112972,76,130384
7505,0.013546,74.125.24.0-255,5738,118710,76,130384
7506,0.013559,172.31.40.0-255,66,118776,76,130384
7507,0.015852,74.125.24.0-255,5738,124514,76,130384
7508,0.015865,172.31.40.0-255,66,124580,76,130384
7509,0.018148,74.125.24.0-255,5738,130318,76,130384
7510,0.018157,172.31.40.0-255,66,130384,76,130384
7511,0.0,172.31.40.0-255,66,66,76,66
7512,0.0,142.250.4.0-255,153,153,76,198501
7513,2.3e-05,172.31.40.0-255,66,219,76,198501
7514,2.9e-05,142.250.4.0-255,1484,1703,76,198501
7515,3.4e-05,172.31.40.0-255,66,1769,76,198501
7516,4.8e-05,142.250.4.0-255,2902,4671,76,198501
7517,5.2e-05,172.31.40.0-255,66,4737,76,198501
7518,6e-05,142.250.4.0-255,7156,11893,76,198501
7519,6.3e-05,172.31.40.0-255,66,11959,76,198501
7520,6.7e-05,142.250.4.0-255,2054,14013,76,198501
7521,6.9e-05,172.31.40.0-255,66,14079,76,198501
7522,0.000129,142.250.4.0-255,1484,15563,76,198501
7523,0.000132,172.31.40.0-255,66,15629,76,198501
7524,0.000137,142.250.4.0-255,2902,18531,76,198501
7525,0.000139,172.31.40.0-255,66,18597,76,198501
7526,0.000165,142.250.4.0-255,5738,24335,76,198501
7527,0.000168,172.31.40.0-255,66,24401,76,198501
7528,0.000178,142.250.4.0-255,6797,31198,76,198501
7529,0.000181,172.31.40.0-255,66,31264,76,198501
7530,0.000213,142.250.4.0-255,4320,35584,76,198501
7531,0.000216,172.31.40.0-255,66,35650,76,198501
7532,0.000259,172.31.40.0-255,66,35716,76,198501
7533,0.000263,142.250.4.0-255,2543,38259,76,198501
7534,0.000265,172.31.40.0-255,66,38325,76,198501
7535,0.000732,142.250.4.0-255,1484,39809,76,198501
7536,0.000738,172.31.40.0-255,66,39875,76,198501
7537,0.000744,142.250.4.0-255,2902,42777,76,198501
7538,0.000747,172.31.40.0-255,66,42843,76,198501
7539,0.000777,142.250.4.0-255,4320,47163,76,198501
7540,0.000779,172.31.40.0-255,66,47229,76,198501
7541,0.000811,142.250.4.0-255,1484,48713,76,198501
7542,0.000813,172.31.40.0-255,66,48779,76,198501
7543,0.000821,142.250.4.0-255,6797,55576,76,198501
7544,0.000823,172.31.40.0-255,66,55642,76,198501
7545,0.000826,142.250.4.0-255,646,56288,76,198501
7546,0.000886,142.250.4.0-255,1484,57772,76,198501
7547,0.00089,172.31.40.0-255,66,57838,76,198501
7548,0.000895,142.250.4.0-255,2902,60740,76,198501
7549,0.000897,172.31.40.0-255,66,60806,76,198501
7550,0.0009,142.250.4.0-255,1484,62290,76,198501
7551,0.000947,142.250.4.0-255,4320,66610,76,198501
7552,0.000979,172.31.40.0-255,66,66676,76,198501
7553,0.000987,142.250.4.0-255,1484,68160,76,198501
7554,0.001044,172.31.40.0-255,66,68226,76,198501
7555,0.001107,142.250.4.0-255,1484,69710,76,198501
7556,0.001112,142.250.4.0-255,2902,72612,76,198501
7557,0.001115,172.31.40.0-255,66,72678,76,198501
7558,0.00112,142.250.4.0-255,2902,75580,76,198501
7559,0.001145,172.31.40.0-255,66,75646,76,198501
7560,0.00115,142.250.4.0-255,2902,78548,76,198501
7561,0.001155,142.250.4.0-255,4320,82868,76,198501
7562,0.001173,172.31.40.0-255,66,82934,76,198501
7563,0.001186,142.250.4.0-255,2011,84945,76,198501
7564,0.001215,172.31.40.0-255,66,85011,76,198501
7565,0.00141,142.250.4.0-255,1484,86495,76,198501
7566,0.001417,142.250.4.0-255,2902,89397,76,198501
7567,0.00142,172.31.40.0-255,66,89463,76,198501
7568,0.001446,142.250.4.0-255,5738,95201,76,198501
7569,0.001451,172.31.40.0-255,66,95267,76,198501
7570,0.001471,142.250.4.0-255,7156,102423,76,198501
7571,0.00149,142.250.4.0-255,2902,105325,76,198501
7572,0.001498,142.250.4.0-255,7156,112481,76,198501
7573,0.001505,172.31.40.0-255,66,112547,76,198501
7574,0.001522,142.250.4.0-255,1484,114031,76,198501
7575,0.001542,142.250.4.0-255,2902,116933,76,198501
7576,0.001549,172.31.40.0-255,66,116999,76,198501
7577,0.001557,142.250.4.0-255,2184,119183,76,198501
7578,0.001566,172.31.40.0-255,66,119249,76,198501
7579,0.001771,142.250.4.0-255,1484,120733,76,198501
7580,0.001787,142.250.4.0-255,2902,123635,76,198501
7581,0.00179,172.31.40.0-255,66,123701,76,198501
7582,0.001813,142.250.4.0-255,5738,129439,76,198501
7583,0.001838,142.250.4.0-255,5738,135177,76,198501
7584,0.001849,172.31.40.0-255,66,135243,76,198501
7585,0.00187,142.250.4.0-255,7156,142399,76,198501
7586,0.001876,142.250.4.0-255,5738,148137,76,198501
7587,0.001897,172.31.40.0-255,66,148203,76,198501
7588,0.001931,142.250.4.0-255,2902,151105,76,198501
7589,0.001947,142.250.4.0-255,2184,153289,76,198501
7590,0.00195,172.31.40.0-255,66,153355,76,198501
7591,0.001955,172.31.40.0-255,66,153421,76,198501
7592,0.004129,142.250.4.0-255,5738,159159,76,198501
7593,0.004136,172.31.40.0-255,66,159225,76,198501
7594,0.006321,142.250.4.0-255,5738,164963,76,198501
7595,0.006329,172.31.40.0-255,66,165029,76,198501
7596,0.008516,142.250.4.0-255,4320,169349,76,198501
7597,0.008521,172.31.40.0-255,66,169415,76,198501
7598,0.008547,142.250.4.0-255,1484,170899,76,198501
7599,0.010705,142.250.4.0-255,4320,175219,76,198501
7600,0.010712,172.31.40.0-255,66,175285,76,198501
7601,0.012893,142.250.4.0-255,5738,181023,76,198501
7602,0.012901,172.31.40.0-255,66,181089,76,198501
7603,0.015101,142.250.4.0-255,5738,186827,76,198501
7604,0.015111,172.31.40.0-255,66,186893,76,198501
7605,0.017322,142.250.4.0-255,5738,192631,76,198501
7606,0.01733,172.31.40.0-255,66,192697,76,198501
7607,0.019518,142.250.4.0-255,5738,198435,76,198501
7608,0.019525,172.31.40.0-255,66,198501,76,198501
7609,0.0,172.217.194.0-255,153,153,76,180580
7610,2.2e-05,172.31.40.0-255,66,219,76,180580
7611,3e-05,172.217.194.0-255,1484,1703,76,180580
7612,3.4e-05,172.31.40.0-255,66,1769,76,180580
7613,4e-05,172.217.194.0-255,2902,4671,76,180580
7614,4.4e-05,172.31.40.0-255,66,4737,76,180580
7615,5.9e-05,172.217.194.0-255,7156,11893,76,180580
7616,6.2e-05,172.31.40.0-255,66,11959,76,180580
7617,9e-05,172.217.194.0-255,2032,13991,76,180580
7618,9.3e-05,172.31.40.0-255,66,14057,76,180580
7619,0.000134,172.217.194.0-255,1484,15541,76,180580
7620,0.000137,172.31.40.0-255,66,15607,76,180580
7621,0.00014,172.217.194.0-255,1484,17091,76,180580
7622,0.000143,172.31.40.0-255,66,17157,76,180580
7623,0.000175,172.217.194.0-255,1484,18641,76,180580
7624,0.000177,172.31.40.0-255,66,18707,76,180580
7625,0.000183,172.217.194.0-255,5738,24445,76,180580
7626,0.000186,172.31.40.0-255,66,24511,76,180580
7627,0.000197,172.217.194.0-255,6797,31308,76,180580
7628,0.0002,172.31.40.0-255,66,31374,76,180580
7629,0.000205,172.217.194.0-255,4320,35694,76,180580
7630,0.000209,172.31.40.0-255,66,35760,76,180580
7631,0.000272,172.217.194.0-255,2510,38270,76,180580
7632,0.000281,172.31.40.0-255,66,38336,76,180580
7633,0.000284,172.31.40.0-255,66,38402,76,180580
7634,0.000287,172.31.40.0-255,66,38468,76,180580
7635,0.00053,172.217.194.0-255,381,38849,76,180580
7636,0.000536,172.31.40.0-255,66,38915,76,180580
7637,0.000664,172.217.194.0-255,1484,40399,76,180580
7638,0.000667,172.31.40.0-255,66,40465,76,180580
7639,0.000673,172.217.194.0-255,2902,43367,76,180580
7640,0.000676,172.31.40.0-255,66,43433,76,180580
7641,0.000724,172.217.194.0-255,5738,49171,76,180580
7642,0.000728,172.31.40.0-255,66,49237,76,180580
7643,0.000741,172.31.40.0-255,66,49303,76,180580
7644,0.000762,172.217.194.0-255,1484,50787,76,180580
7645,0.000781,172.31.40.0-255,66,50853,76,180580
7646,0.000784,172.217.194.0-255,766,51619,76,180580
7647,0.001102,172.217.194.0-255,1484,53103,76,180580
7648,0.001106,172.31.40.0-255,66,53169,76,180580
7649,0.001113,172.217.194.0-255,2902,56071,76,180580
7650,0.001115,172.31.40.0-255,66,56137,76,180580
7651,0.001121,172.217.194.0-255,5738,61875,76,180580
7652,0.001123,172.31.40.0-255,66,61941,76,180580
7653,0.001132,172.217.194.0-255,2902,64843,76,180580
7654,0.001135,172.31.40.0-255,66,64909,76,180580
7655,0.001181,172.31.40.0-255,66,64975,76,180580
7656,0.001198,172.31.40.0-255,66,65041,76,180580
7657,0.001504,172.217.194.0-255,1484,66525,76,180580
7658,0.001539,172.217.194.0-255,2902,69427,76,180580
7659,0.001542,172.31.40.0-255,66,69493,76,180580
7660,0.001548,172.217.194.0-255,4320,73813,76,180580
7661,0.001551,172.31.40.0-255,66,73879,76,180580
7662,0.001576,172.217.194.0-255,1484,75363,76,180580
7663,0.001587,172.31.40.0-255,66,75429,76,180580
7664,0.001599,172.31.40.0-255,66,75495,76,180580
7665,0.001635,172.217.194.0-255,5020,80515,76,180580
7666,0.001638,172.31.40.0-255,66,80581,76,180580
7667,0.001642,172.217.194.0-255,1484,82065,76,180580
7668,0.001672,172.217.194.0-255,4320,86385,76,180580
7669,0.001674,172.31.40.0-255,66,86451,76,180580
7670,0.001685,172.31.40.0-255,66,86517,76,180580
7671,0.001701,172.217.194.0-255,2902,89419,76,180580
7672,0.001703,172.31.40.0-255,66,89485,76,180580
7673,0.001752,172.31.40.0-255,66,89551,76,180580
7674,0.001755,172.217.194.0-255,766,90317,76,180580
7675,0.001807,172.217.194.0-255,1484,91801,76,180580
7676,0.00181,172.31.40.0-255,66,91867,76,180580
7677,0.001832,172.217.194.0-255,2902,94769,76,180580
7678,0.001836,172.31.40.0-255,66,94835,76,180580
7679,0.001841,172.217.194.0-255,4320,99155,76,180580
7680,0.001844,172.31.40.0-255,66,99221,76,180580
7681,0.001858,172.217.194.0-255,1484,100705,76,180580
7682,0.00187,172.217.194.0-255,5738,106443,76,180580
7683,0.001873,172.31.40.0-255,66,106509,76,180580
7684,0.001917,172.217.194.0-255,7156,113665,76,180580
7685,0.001921,172.31.40.0-255,66,113731,76,180580
7686,0.001931,172.31.40.0-255,66,113797,76,180580
7687,0.001952,172.217.194.0-255,2184,115981,76,180580
7688,0.001956,172.217.194.0-255,2902,118883,76,180580
7689,0.001963,172.217.194.0-255,7156,126039,76,180580
7690,0.001971,172.31.40.0-255,66,126105,76,180580
7691,0.001978,172.31.40.0-255,66,126171,76,180580
7692,0.001981,172.31.40.0-255,66,126237,76,180580
7693,0.001986,172.217.194.0-255,2902,129139,76,180580
7694,0.001989,172.31.40.0-255,66,129205,76,180580
7695,0.002027,172.31.40.0-255,66,129271,76,180580
7696,0.002079,172.217.194.0-255,1484,130755,76,180580
7697,0.002094,172.31.40.0-255,66,130821,76,180580
7698,0.002101,172.31.40.0-255,66,130887,76,180580
7699,0.00214,172.217.194.0-255,4320,135207,76,180580
7700,0.002154,172.217.194.0-255,5738,140945,76,180580
7701,0.002157,172.217.194.0-255,1484,142429,76,180580
7702,0.002164,172.31.40.0-255,66,142495,76,180580
7703,0.00222,172.31.40.0-255,66,142561,76,180580
7704,0.002236,172.217.194.0-255,1484,144045,76,180580
7705,0.002259,172.217.194.0-255,7156,151201,76,180580
7706,0.002277,172.31.40.0-255,66,151267,76,180580
7707,0.002297,172.217.194.0-255,7156,158423,76,180580
7708,0.002324,172.217.194.0-255,766,159189,76,180580
7709,0.002332,172.217.194.0-255,7156,166345,76,180580
7710,0.002347,172.31.40.0-255,66,166411,76,180580
7711,0.002365,172.217.194.0-255,7156,173567,76,180580
7712,0.002386,172.217.194.0-255,6438,180005,76,180580
7713,0.002398,172.31.40.0-255,66,180071,76,180580
7714,0.002424,172.31.40.0-255,66,180137,76,180580
7715,0.002442,172.217.194.0-255,105,180242,76,180580
7716,0.0031,172.31.40.0-255,101,180343,76,180580
7717,0.00475,172.31.40.0-255,105,180448,76,180580
7718,0.005611,172.217.194.0-255,66,180514,76,180580
7719,0.007249,172.217.194.0-255,66,180580,76,180580
7720,0.0,172.253.118.0-255,146,146,76,172995
7721,1.7e-05,172.31.40.0-255,66,212,76,172995
7722,2.3e-05,172.253.118.0-255,1484,1696,76,172995
7723,2.7e-05,172.31.40.0-255,66,1762,76,172995
7724,4.3e-05,172.253.118.0-255,2902,4664,76,172995
7725,4.6e-05,172.31.40.0-255,66,4730,76,172995
7726,7.8e-05,172.253.118.0-255,4320,9050,76,172995
7727,8e-05,172.31.40.0-255,66,9116,76,172995
7728,0.00011,172.253.118.0-255,1484,10600,76,172995
7729,0.000113,172.31.40.0-255,66,10666,76,172995
7730,0.000119,172.253.118.0-255,3511,14177,76,172995
7731,0.000121,172.31.40.0-255,66,14243,76,172995
7732,0.000165,172.253.118.0-255,1484,15727,76,172995
7733,0.000167,172.31.40.0-255,66,15793,76,172995
7734,0.000172,172.253.118.0-255,2902,18695,76,172995
7735,0.000175,172.31.40.0-255,66,18761,76,172995
7736,0.000202,172.253.118.0-255,5738,24499,76,172995
7737,0.000205,172.31.40.0-255,66,24565,76,172995
7738,0.000211,172.253.118.0-255,4320,28885,76,172995
7739,0.000213,172.31.40.0-255,66,28951,76,172995
7740,0.000268,172.253.118.0-255,2543,31494,76,172995
7741,0.000271,172.31.40.0-255,66,31560,76,172995
7742,0.000481,172.253.118.0-255,1484,33044,76,172995
7743,0.000487,172.31.40.0-255,66,33110,76,172995
7744,0.000492,172.253.118.0-255,2902,36012,76,172995
7745,0.000495,172.31.40.0-255,66,36078,76,172995
7746,0.000518,172.253.118.0-255,1484,37562,76,172995
7747,0.00052,172.31.40.0-255,66,37628,76,172995
7748,0.000524,172.253.118.0-255,1484,39112,76,172995
7749,0.000526,172.31.40.0-255,66,39178,76,172995
7750,0.000542,172.253.118.0-255,4320,43498,76,172995
7751,0.000544,172.31.40.0-255,66,43564,76,172995
7752,0.000571,172.253.118.0-255,5379,48943,76,172995
7753,0.000574,172.31.40.0-255,66,49009,76,172995
7754,0.000595,172.253.118.0-255,5738,54747,76,172995
7755,0.000601,172.253.118.0-255,2902,57649,76,172995
7756,0.000607,172.31.40.0-255,66,57715,76,172995
7757,0.000616,172.253.118.0-255,2902,60617,76,172995
7758,0.000641,172.31.40.0-255,66,60683,76,172995
7759,0.00065,172.253.118.0-255,2902,63585,76,172995
7760,0.000656,172.31.40.0-255,66,63651,76,172995
7761,0.000666,172.253.118.0-255,2812,66463,76,172995
7762,0.000677,172.253.118.0-255,416,66879,76,172995
7763,0.000698,172.31.40.0-255,66,66945,76,172995
7764,0.000856,172.253.118.0-255,1484,68429,76,172995
7765,0.000862,172.253.118.0-255,2902,71331,76,172995
7766,0.000884,172.31.40.0-255,66,71397,76,172995
7767,0.000902,172.253.118.0-255,2902,74299,76,172995
7768,0.000915,172.253.118.0-255,2902,77201,76,172995
7769,0.000919,172.253.118.0-255,2902,80103,76,172995
7770,0.000926,172.31.40.0-255,66,80169,76,172995
7771,0.00094,172.253.118.0-255,4320,84489,76,172995
7772,0.000953,172.253.118.0-255,1484,85973,76,172995
7773,0.000961,172.31.40.0-255,66,86039,76,172995
7774,0.000974,172.253.118.0-255,5738,91777,76,172995
7775,0.000987,172.253.118.0-255,4320,96097,76,172995
7776,0.001009,172.253.118.0-255,4320,100417,76,172995
7777,0.001012,172.253.118.0-255,218,100635,76,172995
7778,0.00102,172.31.40.0-255,66,100701,76,172995
7779,0.001295,172.253.118.0-255,1484,102185,76,172995
7780,0.001313,172.253.118.0-255,2902,105087,76,172995
7781,0.001316,172.31.40.0-255,66,105153,76,172995
7782,0.00132,172.253.118.0-255,1484,106637,76,172995
7783,0.001337,172.253.118.0-255,4320,110957,76,172995
7784,0.001342,172.31.40.0-255,66,111023,76,172995
7785,0.001349,172.253.118.0-255,1484,112507,76,172995
7786,0.001362,172.253.118.0-255,2902,115409,76,172995
7787,0.001418,172.253.118.0-255,5738,121147,76,172995
7788,0.001425,172.31.40.0-255,66,121213,76,172995
7789,0.001433,172.253.118.0-255,1484,122697,76,172995
7790,0.001438,172.253.118.0-255,3602,126299,76,172995
7791,0.001443,172.31.40.0-255,66,126365,76,172995
7792,0.001779,172.253.118.0-255,1484,127849,76,172995
7793,0.001794,172.253.118.0-255,2902,130751,76,172995
7794,0.001798,172.31.40.0-255,66,130817,76,172995
7795,0.001803,172.253.118.0-255,2902,133719,76,172995
7796,0.001809,172.31.40.0-255,66,133785,76,172995
7797,0.001818,172.253.118.0-255,2902,136687,76,172995
7798,0.001823,172.31.40.0-255,66,136753,76,172995
7799,0.001836,172.253.118.0-255,7156,143909,76,172995
7800,0.001866,172.253.118.0-255,4320,148229,76,172995
7801,0.00187,172.253.118.0-255,1484,149713,76,172995
7802,0.007911,172.31.40.0-255,66,149779,76,172995
7803,0.010373,172.253.118.0-255,5738,155517,76,172995
7804,0.010379,172.31.40.0-255,66,155583,76,172995
7805,0.012832,172.253.118.0-255,5738,161321,76,172995
7806,0.01284,172.31.40.0-255,66,161387,76,172995
7807,0.015279,172.253.118.0-255,5738,167125,76,172995
7808,0.01529,172.31.40.0-255,66,167191,76,172995
7809,0.017733,172.253.118.0-255,5738,172929,76,172995
7810,0.017741,172.31.40.0-255,66,172995,76,172995
7811,0.0,74.125.24.0-255,155,155,76,207532
7812,2e-05,172.31.40.0-255,66,221,76,207532
7813,2.6e-05,74.125.24.0-255,1484,1705,76,207532
7814,3e-05,172.31.40.0-255,66,1771,76,207532
7815,3.5e-05,74.125.24.0-255,2902,4673,76,207532
7816,3.8e-05,172.31.40.0-255,66,4739,76,207532
7817,4.3e-05,74.125.24.0-255,4320,9059,76,207532
7818,4.6e-05,172.31.40.0-255,66,9125,76,207532
7819,6.9e-05,74.125.24.0-255,2902,12027,76,207532
7820,7.2e-05,172.31.40.0-255,66,12093,76,207532
7821,7.6e-05,74.125.24.0-255,2093,14186,76,207532
7822,7.8e-05,172.31.40.0-255,66,14252,76,207532
7823,0.000114,74.125.24.0-255,1484,15736,76,207532
7824,0.000116,172.31.40.0-255,66,15802,76,207532
7825,0.000127,74.125.24.0-255,2902,18704,76,207532
7826,0.000129,172.31.40.0-255,66,18770,76,207532
7827,0.000142,74.125.24.0-255,1484,20254,76,207532
7828,0.000144,172.31.40.0-255,66,20320,76,207532
7829,0.000159,74.125.24.0-255,4320,24640,76,207532
7830,0.000161,172.31.40.0-255,66,24706,76,207532
7831,0.000163,74.125.24.0-255,1484,26190,76,207532
7832,0.000165,172.31.40.0-255,66,26256,76,207532
7833,0.000184,74.125.24.0-255,2902,29158,76,207532
7834,0.000187,172.31.40.0-255,66,29224,76,207532
7835,0.000222,74.125.24.0-255,2543,31767,76,207532
7836,0.000224,172.31.40.0-255,66,31833,76,207532
7837,0.000318,74.125.24.0-255,1484,33317,76,207532
7838,0.000322,172.31.40.0-255,66,33383,76,207532
7839,0.000327,74.125.24.0-255,2902,36285,76,207532
7840,0.000329,172.31.40.0-255,66,36351,76,207532
7841,0.000333,74.125.24.0-255,2902,39253,76,207532
7842,0.000334,172.31.40.0-255,66,39319,76,207532
7843,0.000355,74.125.24.0-255,2902,42221,76,207532
7844,0.000357,172.31.40.0-255,66,42287,76,207532
7845,0.000387,172.31.40.0-255,66,42353,76,207532
7846,0.000396,172.31.40.0-255,66,42419,76,207532
7847,0.000424,74.125.24.0-255,7072,49491,76,207532
7848,0.000427,172.31.40.0-255,66,49557,76,207532
7849,0.000506,74.125.24.0-255,127,49684,76,207532
7850,0.000878,74.125.24.0-255,350,50034,76,207532
7851,0.001002,172.31.40.0-255,66,50100,76,207532
7852,0.001093,74.125.24.0-255,1484,51584,76,207532
7853,0.001099,74.125.24.0-255,1484,53068,76,207532
7854,0.001103,172.31.40.0-255,66,53134,76,207532
7855,0.001121,74.125.24.0-255,1484,54618,76,207532
7856,0.001128,74.125.24.0-255,5738,60356,76,207532
7857,0.00113,172.31.40.0-255,66,60422,76,207532
7858,0.001136,74.125.24.0-255,4320,64742,76,207532
7859,0.001138,172.31.40.0-255,66,64808,76,207532
7860,0.001164,74.125.24.0-255,2902,67710,76,207532
7861,0.001167,172.31.40.0-255,66,67776,76,207532
7862,0.001187,172.31.40.0-255,66,67842,76,207532
7863,0.001194,74.125.24.0-255,5738,73580,76,207532
7864,0.001196,172.31.40.0-255,66,73646,76,207532
7865,0.00122,74.125.24.0-255,2184,75830,76,207532
7866,0.001222,172.31.40.0-255,66,75896,76,207532
7867,0.001501,74.125.24.0-255,1484,77380,76,207532
7868,0.001525,74.125.24.0-255,2902,80282,76,207532
7869,0.001529,172.31.40.0-255,66,80348,76,207532
7870,0.001535,74.125.24.0-255,1484,81832,76,207532
7871,0.001559,74.125.24.0-255,2902,84734,76,207532
7872,0.001561,172.31.40.0-255,66,84800,76,207532
7873,0.001584,74.125.24.0-255,5738,90538,76,207532
7874,0.001586,172.31.40.0-255,66,90604,76,207532
7875,0.00159,74.125.24.0-255,1484,92088,76,207532
7876,0.001605,74.125.24.0-255,1484,93572,76,207532
7877,0.001607,172.31.40.0-255,66,93638,76,207532
7878,0.00161,74.125.24.0-255,1484,95122,76,207532
7879,0.00163,74.125.24.0-255,7156,102278,76,207532
7880,0.001632,172.31.40.0-255,66,102344,76,207532
7881,0.001647,74.125.24.0-255,1484,103828,76,207532
7882,0.001655,74.125.24.0-255,6438,110266,76,207532
7883,0.001657,172.31.40.0-255,66,110332,76,207532
7884,0.002056,74.125.24.0-255,1484,111816,76,207532
7885,0.002065,74.125.24.0-255,2902,114718,76,207532
7886,0.00207,172.31.40.0-255,66,114784,76,207532
7887,0.002074,74.125.24.0-255,1484,116268,76,207532
7888,0.002115,74.125.24.0-255,1484,117752,76,207532
7889,0.002118,172.31.40.0-255,66,117818,76,207532
7890,0.00214,74.125.24.0-255,2902,120720,76,207532
7891,0.002143,172.31.40.0-255,66,120786,76,207532
7892,0.00215,74.125.24.0-255,5738,126524,76,207532
7893,0.002152,172.31.40.0-255,66,126590,76,207532
7894,0.002166,172.31.40.0-255,66,126656,76,207532
7895,0.002173,74.125.24.0-255,5020,131676,76,207532
7896,0.002176,172.31.40.0-255,66,131742,76,207532
7897,0.002276,74.125.24.0-255,1484,133226,76,207532
7898,0.002283,74.125.24.0-255,2902,136128,76,207532
7899,0.002287,172.31.40.0-255,66,136194,76,207532
7900,0.002292,74.125.24.0-255,2902,139096,76,207532
7901,0.002294,172.31.40.0-255,66,139162,76,207532
7902,0.002309,74.125.24.0-255,2902,142064,76,207532
7903,0.002312,172.31.40.0-255,66,142130,76,207532
7904,0.002329,74.125.24.0-255,5738,147868,76,207532
7905,0.002333,172.31.40.0-255,66,147934,76,207532
7906,0.002339,74.125.24.0-255,5738,153672,76,207532
7907,0.002341,172.31.40.0-255,66,153738,76,207532
7908,0.002362,74.125.24.0-255,1484,155222,76,207532
7909,0.002376,74.125.24.0-255,4320,159542,76,207532
7910,0.002379,172.31.40.0-255,66,159608,76,207532
7911,0.002395,74.125.24.0-255,4320,163928,76,207532
7912,0.002397,172.31.40.0-255,66,163994,76,207532
7913,0.002459,74.125.24.0-255,2184,166178,76,207532
7914,0.002464,172.31.40.0-255,66,166244,76,207532
7915,0.00483,74.125.24.0-255,2902,169146,76,207532
7916,0.004839,172.31.40.0-255,66,169212,76,207532
7917,0.004904,74.125.24.0-255,2902,172114,76,207532
7918,0.004906,172.31.40.0-255,66,172180,76,207532
7919,0.007289,74.125.24.0-255,2902,175082,76,207532
7920,0.007293,172.31.40.0-255,66,175148,76,207532
7921,0.007356,74.125.24.0-255,2902,178050,76,207532
7922,0.007359,172.31.40.0-255,66,178116,76,207532
7923,0.009746,74.125.24.0-255,2902,181018,76,207532
7924,0.009754,172.31.40.0-255,66,181084,76,207532
7925,0.009794,74.125.24.0-255,2902,183986,76,207532
7926,0.009797,172.31.40.0-255,66,184052,76,207532
7927,0.012211,74.125.24.0-255,2902,186954,76,207532
7928,0.01222,172.31.40.0-255,66,187020,76,207532
7929,0.012244,74.125.24.0-255,2902,189922,76,207532
7930,0.012247,172.31.40.0-255,66,189988,76,207532
7931,0.014654,74.125.24.0-255,2902,192890,76,207532
7932,0.014662,172.31.40.0-255,66,192956,76,207532
7933,0.014682,74.125.24.0-255,2902,195858,76,207532
7934,0.014685,172.31.40.0-255,66,195924,76,207532
7935,0.01712,74.125.24.0-255,5738,201662,76,207532
7936,0.017128,172.31.40.0-255,66,201728,76,207532
7937,0.019593,74.125.24.0-255,5738,207466,76,207532
7938,0.019602,172.31.40.0-255,66,207532,76,207532
7939,0.0,74.125.200.0-255,153,153,76,198040
7940,2.4e-05,172.31.40.0-255,66,219,76,198040
7941,4.5e-05,74.125.200.0-255,1484,1703,76,198040
7942,4.9e-05,172.31.40.0-255,66,1769,76,198040
7943,5.3e-05,74.125.200.0-255,1484,3253,76,198040
7944,5.6e-05,172.31.40.0-255,66,3319,76,198040
7945,6.2e-05,74.125.200.0-255,2902,6221,76,198040
7946,6.5e-05,172.31.40.0-255,66,6287,76,198040
7947,9.4e-05,74.125.200.0-255,5738,12025,76,198040
7948,9.7e-05,172.31.40.0-255,66,12091,76,198040
7949,0.00012,74.125.200.0-255,2064,14155,76,198040
7950,0.000122,172.31.40.0-255,66,14221,76,198040
7951,0.000217,74.125.200.0-255,1484,15705,76,198040
7952,0.000221,172.31.40.0-255,66,15771,76,198040
7953,0.000226,74.125.200.0-255,2902,18673,76,198040
7954,0.000228,172.31.40.0-255,66,18739,76,198040
7955,0.000261,74.125.200.0-255,5738,24477,76,198040
7956,0.000264,172.31.40.0-255,66,24543,76,198040
7957,0.000268,74.125.200.0-255,2902,27445,76,198040
7958,0.00027,172.31.40.0-255,66,27511,76,198040
7959,0.000275,74.125.200.0-255,3961,31472,76,198040
7960,0.000277,172.31.40.0-255,66,31538,76,198040
7961,0.000305,74.125.200.0-255,5738,37276,76,198040
7962,0.000307,172.31.40.0-255,66,37342,76,198040
7963,0.000328,74.125.200.0-255,2902,40244,76,198040
7964,0.00033,172.31.40.0-255,66,40310,76,198040
7965,0.000335,74.125.200.0-255,4320,44630,76,198040
7966,0.000337,172.31.40.0-255,66,44696,76,198040
7967,0.000358,74.125.200.0-255,2902,47598,76,198040
7968,0.00036,172.31.40.0-255,66,47664,76,198040
7969,0.000391,172.31.40.0-255,66,47730,76,198040
7970,0.000397,74.125.200.0-255,5738,53468,76,198040
7971,0.0004,172.31.40.0-255,66,53534,76,198040
7972,0.000422,74.125.200.0-255,766,54300,76,198040
7973,0.000524,74.125.200.0-255,646,54946,76,198040
7974,0.00093,74.125.200.0-255,1484,56430,76,198040
7975,0.000936,172.31.40.0-255,66,56496,76,198040
7976,0.000942,74.125.200.0-255,2902,59398,76,198040
7977,0.000944,172.31.40.0-255,66,59464,76,198040
7978,0.000956,74.125.200.0-255,1484,60948,76,198040
7979,0.000976,74.125.200.0-255,4320,65268,76,198040
7980,0.000978,172.31.40.0-255,66,65334,76,198040
7981,0.000982,74.125.200.0-255,1484,66818,76,198040
7982,0.000999,74.125.200.0-255,4830,71648,76,198040
7983,0.001001,172.31.40.0-255,66,71714,76,198040
7984,0.001323,74.125.200.0-255,1484,73198,76,198040
7985,0.00133,74.125.200.0-255,1484,74682,76,198040
7986,0.001334,172.31.40.0-255,66,74748,76,198040
7987,0.001352,74.125.200.0-255,1484,76232,76,198040
7988,0.001359,74.125.200.0-255,5738,81970,76,198040
7989,0.001361,172.31.40.0-255,66,82036,76,198040
7990,0.001385,74.125.200.0-255,4320,86356,76,198040
7991,0.001387,172.31.40.0-255,66,86422,76,198040
7992,0.001415,172.31.40.0-255,66,86488,76,198040
7993,0.001421,74.125.200.0-255,5738,92226,76,198040
7994,0.001423,172.31.40.0-255,66,92292,76,198040
7995,0.001451,74.125.200.0-255,5020,97312,76,198040
7996,0.001453,172.31.40.0-255,66,97378,76,198040
7997,0.001711,74.125.200.0-255,1484,98862,76,198040
7998,0.001725,74.125.200.0-255,2902,101764,76,198040
7999,0.001727,172.31.40.0-255,66,101830,76,198040
8000,0.001748,74.125.200.0-255,4320,106150,76,198040
8001,0.00175,172.31.40.0-255,66,106216,76,198040
8002,0.001762,74.125.200.0-255,1484,107700,76,198040
8003,0.001767,74.125.200.0-255,2902,110602,76,198040
8004,0.001768,172.31.40.0-255,66,110668,76,198040
8005,0.001793,74.125.200.0-255,4320,114988,76,198040
8006,0.001795,172.31.40.0-255,66,115054,76,198040
8007,0.001801,74.125.200.0-255,5738,120792,76,198040
8008,0.001803,172.31.40.0-255,66,120858,76,198040
8009,0.001824,172.31.40.0-255,66,120924,76,198040
8010,0.001852,74.125.200.0-255,2184,123108,76,198040
8011,0.001855,172.31.40.0-255,66,123174,76,198040
8012,0.001901,74.125.200.0-255,1484,124658,76,198040
8013,0.001914,74.125.200.0-255,2902,127560,76,198040
8014,0.001916,172.31.40.0-255,66,127626,76,198040
8015,0.001939,74.125.200.0-255,5738,133364,76,198040
8016,0.001941,172.31.40.0-255,66,133430,76,198040
8017,0.001976,74.125.200.0-255,4320,137750,76,198040
8018,0.001979,172.31.40.0-255,66,137816,76,198040
8019,0.001998,74.125.200.0-255,1484,139300,76,198040
8020,0.002006,74.125.200.0-255,7156,146456,76,198040
8021,0.002009,172.31.40.0-255,66,146522,76,198040
8022,0.002016,74.125.200.0-255,5738,152260,76,198040
8023,0.002018,172.31.40.0-255,66,152326,76,198040
8024,0.002033,74.125.200.0-255,5020,157346,76,198040
8025,0.002036,172.31.40.0-255,66,157412,76,198040
8026,0.004394,74.125.200.0-255,5738,163150,76,198040
8027,0.004404,172.31.40.0-255,66,163216,76,198040
8028,0.006774,74.125.200.0-255,5738,168954,76,198040
8029,0.006778,172.31.40.0-255,66,169020,76,198040
8030,0.009148,74.125.200.0-255,5738,174758,76,198040
8031,0.009155,172.31.40.0-255,66,174824,76,198040
8032,0.011518,74.125.200.0-255,5738,180562,76,198040
8033,0.011528,172.31.40.0-255,66,180628,76,198040
8034,0.013888,74.125.200.0-255,5738,186366,76,198040
8035,0.013898,172.31.40.0-255,66,186432,76,198040
8036,0.016261,74.125.200.0-255,5738,192170,76,198040
8037,0.016276,172.31.40.0-255,66,192236,76,198040
8038,0.018638,74.125.200.0-255,5738,197974,76,198040
8039,0.018648,172.31.40.0-255,66,198040,76,198040
8040,0.0,74.125.24.0-255,146,146,76,192523
8041,2.5e-05,172.31.40.0-255,66,212,76,192523
8042,3.2e-05,74.125.24.0-255,1484,1696,76,192523
8043,3.6e-05,172.31.40.0-255,66,1762,76,192523
8044,5e-05,74.125.24.0-255,2902,4664,76,192523
8045,5.5e-05,172.31.40.0-255,66,4730,76,192523
8046,6.3e-05,74.125.24.0-255,7156,11886,76,192523
8047,6.6e-05,172.31.40.0-255,66,11952,76,192523
8048,0.000107,74.125.24.0-255,6318,18270,76,192523
8049,0.000111,172.31.40.0-255,66,18336,76,192523
8050,0.000141,74.125.24.0-255,7156,25492,76,192523
8051,0.000144,172.31.40.0-255,66,25558,76,192523
8052,0.000147,74.125.24.0-255,1484,27042,76,192523
8053,0.000149,172.31.40.0-255,66,27108,76,192523
8054,0.000173,74.125.24.0-255,3961,31069,76,192523
8055,0.000179,172.31.40.0-255,66,31135,76,192523
8056,0.000209,74.125.24.0-255,1484,32619,76,192523
8057,0.000212,172.31.40.0-255,66,32685,76,192523
8058,0.000216,74.125.24.0-255,2902,35587,76,192523
8059,0.000219,172.31.40.0-255,66,35653,76,192523
8060,0.000223,74.125.24.0-255,2902,38555,76,192523
8061,0.000225,172.31.40.0-255,66,38621,76,192523
8062,0.000255,74.125.24.0-255,2902,41523,76,192523
8063,0.000258,172.31.40.0-255,66,41589,76,192523
8064,0.000264,74.125.24.0-255,4320,45909,76,192523
8065,0.000266,172.31.40.0-255,66,45975,76,192523
8066,0.000301,74.125.24.0-255,5379,51354,76,192523
8067,0.000303,172.31.40.0-255,66,51420,76,192523
8068,0.000316,172.31.40.0-255,66,51486,76,192523
8069,0.000325,74.125.24.0-255,4271,55757,76,192523
8070,0.000327,172.31.40.0-255,66,55823,76,192523
8071,0.000554,74.125.24.0-255,345,56168,76,192523
8072,0.000561,172.31.40.0-255,66,56234,76,192523
8073,0.000698,74.125.24.0-255,1484,57718,76,192523
8074,0.000703,172.31.40.0-255,66,57784,76,192523
8075,0.000708,74.125.24.0-255,2902,60686,76,192523
8076,0.00071,172.31.40.0-255,66,60752,76,192523
8077,0.000716,74.125.24.0-255,5738,66490,76,192523
8078,0.000719,172.31.40.0-255,66,66556,76,192523
8079,0.000765,172.31.40.0-255,66,66622,76,192523
8080,0.000792,74.125.24.0-255,5379,72001,76,192523
8081,0.000795,172.31.40.0-255,66,72067,76,192523
8082,0.000801,74.125.24.0-255,5738,77805,76,192523
8083,0.000804,172.31.40.0-255,66,77871,76,192523
8084,0.000825,74.125.24.0-255,3961,81832,76,192523
8085,0.000827,172.31.40.0-255,66,81898,76,192523
8086,0.001033,74.125.24.0-255,1484,83382,76,192523
8087,0.001038,172.31.40.0-255,66,83448,76,192523
8088,0.001043,74.125.24.0-255,2902,86350,76,192523
8089,0.001046,172.31.40.0-255,66,86416,76,192523
8090,0.001058,74.125.24.0-255,5738,92154,76,192523
8091,0.00106,172.31.40.0-255,66,92220,76,192523
8092,0.001097,172.31.40.0-255,66,92286,76,192523
8093,0.00117,172.31.40.0-255,66,92352,76,192523
8094,0.001597,74.125.24.0-255,1484,93836,76,192523
8095,0.001602,172.31.40.0-255,66,93902,76,192523
8096,0.001608,74.125.24.0-255,2902,96804,76,192523
8097,0.00161,172.31.40.0-255,66,96870,76,192523
8098,0.001613,74.125.24.0-255,1484,98354,76,192523
8099,0.001641,74.125.24.0-255,4320,102674,76,192523
8100,0.001644,74.125.24.0-255,1484,104158,76,192523
8101,0.001647,74.125.24.0-255,1484,105642,76,192523
8102,0.001673,74.125.24.0-255,7156,112798,76,192523
8103,0.001676,74.125.24.0-255,1484,114282,76,192523
8104,0.001678,172.31.40.0-255,66,114348,76,192523
8105,0.001685,172.31.40.0-255,66,114414,76,192523
8106,0.001738,172.31.40.0-255,66,114480,76,192523
8107,0.001906,74.125.24.0-255,1484,115964,76,192523
8108,0.00191,172.31.40.0-255,66,116030,76,192523
8109,0.001915,74.125.24.0-255,2902,118932,76,192523
8110,0.001918,172.31.40.0-255,66,118998,76,192523
8111,0.001929,74.125.24.0-255,5738,124736,76,192523
8112,0.001959,172.31.40.0-255,66,124802,76,192523
8113,0.001966,74.125.24.0-255,5738,130540,76,192523
8114,0.001987,172.31.40.0-255,66,130606,76,192523
8115,0.001994,74.125.24.0-255,1484,132090,76,192523
8116,0.002,74.125.24.0-255,5738,137828,76,192523
8117,0.002066,74.125.24.0-255,1484,139312,76,192523
8118,0.002069,172.31.40.0-255,66,139378,76,192523
8119,0.002101,74.125.24.0-255,5020,144398,76,192523
8120,0.002117,172.31.40.0-255,66,144464,76,192523
8121,0.002144,74.125.24.0-255,4320,148784,76,192523
8122,0.002149,74.125.24.0-255,2902,151686,76,192523
8123,0.002188,172.31.40.0-255,66,151752,76,192523
8124,0.002196,74.125.24.0-255,2184,153936,76,192523
8125,0.00222,172.31.40.0-255,66,154002,76,192523
8126,0.002263,172.31.40.0-255,66,154068,76,192523
8127,0.002283,74.125.24.0-255,7156,161224,76,192523
8128,0.0023,74.125.24.0-255,4320,165544,76,192523
8129,0.002346,172.31.40.0-255,66,165610,76,192523
8130,0.002397,74.125.24.0-255,4320,169930,76,192523
8131,0.002416,74.125.24.0-255,7156,177086,76,192523
8132,0.002423,172.31.40.0-255,66,177152,76,192523
8133,0.002474,172.31.40.0-255,66,177218,76,192523
8134,0.002507,172.31.40.0-255,66,177284,76,192523
8135,0.002561,172.31.40.0-255,66,177350,76,192523
8136,0.004904,74.125.24.0-255,5738,183088,76,192523
8137,0.012583,172.31.40.0-255,66,183154,76,192523
8138,0.013205,74.125.24.0-255,1484,184638,76,192523
8139,0.01494,74.125.24.0-255,4320,188958,76,192523
8140,0.014947,172.31.40.0-255,66,189024,76,192523
8141,0.01727,74.125.24.0-255,3433,192457,76,192523
8142,0.017277,172.31.40.0-255,66,192523,76,192523
8143,0.0,74.125.68.0-255,143,143,76,254363
8144,2.3e-05,172.31.40.0-255,66,209,76,254363
8145,3e-05,74.125.68.0-255,1484,1693,76,254363
8146,3.5e-05,172.31.40.0-255,66,1759,76,254363
8147,4e-05,74.125.68.0-255,2902,4661,76,254363
8148,4.4e-05,172.31.40.0-255,66,4727,76,254363
8149,5e-05,74.125.68.0-255,5738,10465,76,254363
8150,5.3e-05,172.31.40.0-255,66,10531,76,254363
8151,7.1e-05,74.125.68.0-255,6292,16823,76,254363
8152,7.5e-05,172.31.40.0-255,66,16889,76,254363
8153,9.5e-05,74.125.68.0-255,7156,24045,76,254363
8154,9.8e-05,172.31.40.0-255,66,24111,76,254363
8155,0.000141,74.125.68.0-255,6797,30908,76,254363
8156,0.000144,172.31.40.0-255,66,30974,76,254363
8157,0.000207,74.125.68.0-255,1484,32458,76,254363
8158,0.00021,172.31.40.0-255,66,32524,76,254363
8159,0.000213,74.125.68.0-255,1484,34008,76,254363
8160,0.000215,172.31.40.0-255,66,34074,76,254363
8161,0.000228,74.125.68.0-255,1484,35558,76,254363
8162,0.00023,172.31.40.0-255,66,35624,76,254363
8163,0.000244,74.125.68.0-255,2902,38526,76,254363
8164,0.000247,172.31.40.0-255,66,38592,76,254363
8165,0.000252,74.125.68.0-255,4320,42912,76,254363
8166,0.000254,172.31.40.0-255,66,42978,76,254363
8167,0.000287,74.125.68.0-255,2902,45880,76,254363
8168,0.00029,172.31.40.0-255,66,45946,76,254363
8169,0.000316,74.125.68.0-255,6797,52743,76,254363
8170,0.000319,172.31.40.0-255,66,52809,76,254363
8171,0.000331,172.31.40.0-255,66,52875,76,254363
8172,0.000334,74.125.68.0-255,1484,54359,76,254363
8173,0.000336,172.31.40.0-255,66,54425,76,254363
8174,0.00036,74.125.68.0-255,1436,55861,76,254363
8175,0.000384,74.125.68.0-255,112,55973,76,254363
8176,0.000446,74.125.68.0-255,330,56303,76,254363
8177,0.000449,172.31.40.0-255,66,56369,76,254363
8178,0.000607,74.125.68.0-255,1484,57853,76,254363
8179,0.000614,74.125.68.0-255,2902,60755,76,254363
8180,0.000618,172.31.40.0-255,66,60821,76,254363
8181,0.000648,74.125.68.0-255,5738,66559,76,254363
8182,0.000651,172.31.40.0-255,66,66625,76,254363
8183,0.000736,74.125.68.0-255,5738,72363,76,254363
8184,0.000741,172.31.40.0-255,66,72429,76,254363
8185,0.000761,74.125.68.0-255,7156,79585,76,254363
8186,0.000764,172.31.40.0-255,66,79651,76,254363
8187,0.000777,172.31.40.0-255,66,79717,76,254363
8188,0.001013,74.125.68.0-255,1484,81201,76,254363
8189,0.001034,74.125.68.0-255,2902,84103,76,254363
8190,0.001038,172.31.40.0-255,66,84169,76,254363
8191,0.001062,74.125.68.0-255,5738,89907,76,254363
8192,0.001065,172.31.40.0-255,66,89973,76,254363
8193,0.001104,74.125.68.0-255,4320,94293,76,254363
8194,0.001107,172.31.40.0-255,66,94359,76,254363
8195,0.001127,74.125.68.0-255,2902,97261,76,254363
8196,0.001129,172.31.40.0-255,66,97327,76,254363
8197,0.001133,74.125.68.0-255,2902,100229,76,254363
8198,0.001135,172.31.40.0-255,66,100295,76,254363
8199,0.00114,74.125.68.0-255,2902,103197,76,254363
8200,0.001142,172.31.40.0-255,66,103263,76,254363
8201,0.001156,74.125.68.0-255,1484,104747,76,254363
8202,0.001172,74.125.68.0-255,2902,107649,76,254363
8203,0.001175,172.31.40.0-255,66,107715,76,254363
8204,0.001196,74.125.68.0-255,2902,110617,76,254363
8205,0.001199,172.31.40.0-255,66,110683,76,254363
8206,0.001218,74.125.68.0-255,3602,114285,76,254363
8207,0.001221,172.31.40.0-255,66,114351,76,254363
8208,0.001298,74.125.68.0-255,1484,115835,76,254363
8209,0.001317,74.125.68.0-255,2902,118737,76,254363
8210,0.00132,172.31.40.0-255,66,118803,76,254363
8211,0.001324,74.125.68.0-255,1484,120287,76,254363
8212,0.001344,74.125.68.0-255,4320,124607,76,254363
8213,0.001347,172.31.40.0-255,66,124673,76,254363
8214,0.001381,74.125.68.0-255,4320,128993,76,254363
8215,0.001384,172.31.40.0-255,66,129059,76,254363
8216,0.001411,172.31.40.0-255,66,129125,76,254363
8217,0.001443,172.31.40.0-255,66,129191,76,254363
8218,0.001491,74.125.68.0-255,1484,130675,76,254363
8219,0.001496,74.125.68.0-255,2902,133577,76,254363
8220,0.001498,172.31.40.0-255,66,133643,76,254363
8221,0.001527,74.125.68.0-255,4320,137963,76,254363
8222,0.00153,172.31.40.0-255,66,138029,76,254363
8223,0.001557,74.125.68.0-255,1484,139513,76,254363
8224,0.001561,74.125.68.0-255,1484,140997,76,254363
8225,0.001563,172.31.40.0-255,66,141063,76,254363
8226,0.001573,172.31.40.0-255,66,141129,76,254363
8227,0.001599,172.31.40.0-255,66,141195,76,254363
8228,0.00165,74.125.68.0-255,5020,146215,76,254363
8229,0.001654,172.31.40.0-255,66,146281,76,254363
8230,0.001729,74.125.68.0-255,1484,147765,76,254363
8231,0.001741,74.125.68.0-255,1484,149249,76,254363
8232,0.001744,172.31.40.0-255,66,149315,76,254363
8233,0.001762,74.125.68.0-255,1484,150799,76,254363
8234,0.001785,74.125.68.0-255,5738,156537,76,254363
8235,0.001788,172.31.40.0-255,66,156603,76,254363
8236,0.001816,74.125.68.0-255,4320,160923,76,254363
8237,0.001819,172.31.40.0-255,66,160989,76,254363
8238,0.001839,74.125.68.0-255,2902,163891,76,254363
8239,0.001841,172.31.40.0-255,66,163957,76,254363
8240,0.001845,74.125.68.0-255,2902,166859,76,254363
8241,0.001848,172.31.40.0-255,66,166925,76,254363
8242,0.001853,74.125.68.0-255,4320,171245,76,254363
8243,0.001856,172.31.40.0-255,66,171311,76,254363
8244,0.001891,74.125.68.0-255,5738,177049,76,254363
8245,0.001894,172.31.40.0-255,66,177115,76,254363
8246,0.001949,74.125.68.0-255,3602,180717,76,254363
8247,0.001953,172.31.40.0-255,66,180783,76,254363
8248,0.002164,74.125.68.0-255,1484,182267,76,254363
8249,0.002172,74.125.68.0-255,2902,185169,76,254363
8250,0.002177,172.31.40.0-255,66,185235,76,254363
8251,0.002184,74.125.68.0-255,5738,190973,76,254363
8252,0.002186,172.31.40.0-255,66,191039,76,254363
8253,0.002189,74.125.68.0-255,1484,192523,76,254363
8254,0.002212,74.125.68.0-255,2902,195425,76,254363
8255,0.002214,172.31.40.0-255,66,195491,76,254363
8256,0.002239,74.125.68.0-255,5738,201229,76,254363
8257,0.002242,172.31.40.0-255,66,201295,76,254363
8258,0.002292,74.125.68.0-255,7156,208451,76,254363
8259,0.002296,172.31.40.0-255,66,208517,76,254363
8260,0.002299,74.125.68.0-255,1484,210001,76,254363
8261,0.002322,74.125.68.0-255,4320,214321,76,254363
8262,0.002324,172.31.40.0-255,66,214387,76,254363
8263,0.002327,74.125.68.0-255,766,215153,76,254363
8264,0.004648,74.125.68.0-255,4320,219473,76,254363
8265,0.004656,172.31.40.0-255,66,219539,76,254363
8266,0.006945,74.125.68.0-255,5738,225277,76,254363
8267,0.006952,172.31.40.0-255,66,225343,76,254363
8268,0.009252,74.125.68.0-255,5738,231081,76,254363
8269,0.009259,172.31.40.0-255,66,231147,76,254363
8270,0.011548,74.125.68.0-255,5738,236885,76,254363
8271,0.011558,172.31.40.0-255,66,236951,76,254363
8272,0.01385,74.125.68.0-255,5738,242689,76,254363
8273,0.013862,172.31.40.0-255,66,242755,76,254363
8274,0.016158,74.125.68.0-255,5738,248493,76,254363
8275,0.016169,172.31.40.0-255,66,248559,76,254363
8276,0.018483,74.125.68.0-255,5738,254297,76,254363
8277,0.018491,172.31.40.0-255,66,254363,76,254363
8278,0.0,172.217.194.0-255,150,150,76,124618
8279,2.3e-05,172.31.40.0-255,66,216,76,124618
8280,3.1e-05,172.217.194.0-255,1484,1700,76,124618
8281,3.5e-05,172.31.40.0-255,66,1766,76,124618
8282,4.2e-05,172.217.194.0-255,2902,4668,76,124618
8283,4.6e-05,172.31.40.0-255,66,4734,76,124618
8284,5.4e-05,172.217.194.0-255,7156,11890,76,124618
8285,5.7e-05,172.31.40.0-255,66,11956,76,124618
8286,6.1e-05,172.217.194.0-255,1484,13440,76,124618
8287,6.3e-05,172.31.40.0-255,66,13506,76,124618
8288,0.000112,172.31.40.0-255,66,13572,76,124618
8289,0.000116,172.217.194.0-255,2543,16115,76,124618
8290,0.000118,172.31.40.0-255,66,16181,76,124618
8291,0.000139,172.217.194.0-255,1484,17665,76,124618
8292,0.000141,172.31.40.0-255,66,17731,76,124618
8293,0.000145,172.217.194.0-255,1484,19215,76,124618
8294,0.000147,172.31.40.0-255,66,19281,76,124618
8295,0.000162,172.217.194.0-255,1484,20765,76,124618
8296,0.000165,172.31.40.0-255,66,20831,76,124618
8297,0.000187,172.217.194.0-255,5738,26569,76,124618
8298,0.000191,172.31.40.0-255,66,26635,76,124618
8299,0.000201,172.217.194.0-255,5738,32373,76,124618
8300,0.000205,172.31.40.0-255,66,32439,76,124618
8301,0.000221,172.217.194.0-255,1125,33564,76,124618
8302,0.000224,172.31.40.0-255,66,33630,76,124618
8303,0.000364,172.217.194.0-255,1484,35114,76,124618
8304,0.000368,172.31.40.0-255,66,35180,76,124618
8305,0.000374,172.217.194.0-255,2902,38082,76,124618
8306,0.000378,172.31.40.0-255,66,38148,76,124618
8307,0.000382,172.217.194.0-255,2902,41050,76,124618
8308,0.000385,172.31.40.0-255,66,41116,76,124618
8309,0.000411,172.217.194.0-255,2902,44018,76,124618
8310,0.000433,172.217.194.0-255,2902,46920,76,124618
8311,0.000446,172.217.194.0-255,4260,51180,76,124618
8312,0.000601,172.31.40.0-255,66,51246,76,124618
8313,0.000761,172.217.194.0-255,378,51624,76,124618
8314,0.000891,172.217.194.0-255,1484,53108,76,124618
8315,0.000897,172.217.194.0-255,2902,56010,76,124618
8316,0.000914,172.217.194.0-255,1484,57494,76,124618
8317,0.000918,172.31.40.0-255,66,57560,76,124618
8318,0.000939,172.217.194.0-255,4320,61880,76,124618
8319,0.000947,172.217.194.0-255,6797,68677,76,124618
8320,0.000961,172.31.40.0-255,66,68743,76,124618
8321,0.000973,172.217.194.0-255,7156,75899,76,124618
8322,0.000984,172.31.40.0-255,66,75965,76,124618
8323,0.00107,172.217.194.0-255,1125,77090,76,124618
8324,0.001073,172.31.40.0-255,66,77156,76,124618
8325,0.001503,172.217.194.0-255,1484,78640,76,124618
8326,0.001508,172.31.40.0-255,66,78706,76,124618
8327,0.001513,172.217.194.0-255,2902,81608,76,124618
8328,0.001517,172.31.40.0-255,66,81674,76,124618
8329,0.001532,172.217.194.0-255,5738,87412,76,124618
8330,0.00155,172.217.194.0-255,1484,88896,76,124618
8331,0.001554,172.31.40.0-255,66,88962,76,124618
8332,0.001587,172.217.194.0-255,766,89728,76,124618
8333,0.001635,172.31.40.0-255,66,89794,76,124618
8334,0.004014,172.217.194.0-255,5738,95532,76,124618
8335,0.00402,172.31.40.0-255,66,95598,76,124618
8336,0.006408,172.217.194.0-255,5738,101336,76,124618
8337,0.008134,172.31.40.0-255,66,101402,76,124618
8338,0.01054,172.217.194.0-255,5738,107140,76,124618
8339,0.010549,172.31.40.0-255,66,107206,76,124618
8340,0.012911,172.217.194.0-255,5738,112944,76,124618
8341,0.012919,172.31.40.0-255,66,113010,76,124618
8342,0.015267,172.217.194.0-255,5738,118748,76,124618
8343,0.015525,172.31.40.0-255,66,118814,76,124618
8344,0.017895,172.217.194.0-255,5738,124552,76,124618
8345,0.017902,172.31.40.0-255,66,124618,76,124618
8346,0.0,172.217.24.0-255,156,156,76,167639
8347,2.1e-05,172.31.40.0-255,66,222,76,167639
8348,2.7e-05,172.217.24.0-255,1484,1706,76,167639
8349,3.1e-05,172.31.40.0-255,66,1772,76,167639
8350,3.6e-05,172.217.24.0-255,2902,4674,76,167639
8351,4.6e-05,172.31.40.0-255,66,4740,76,167639
8352,5.3e-05,172.217.24.0-255,5738,10478,76,167639
8353,5.6e-05,172.31.40.0-255,66,10544,76,167639
8354,7.7e-05,172.217.24.0-255,2902,13446,76,167639
8355,8.3e-05,172.31.40.0-255,66,13512,76,167639
8356,0.000117,172.31.40.0-255,66,13578,76,167639
8357,0.000123,172.217.24.0-255,6797,20375,76,167639
8358,0.000125,172.31.40.0-255,66,20441,76,167639
8359,0.000203,172.217.24.0-255,1484,21925,76,167639
8360,0.000206,172.31.40.0-255,66,21991,76,167639
8361,0.000235,172.217.24.0-255,2902,24893,76,167639
8362,0.000237,172.31.40.0-255,66,24959,76,167639
8363,0.000243,172.217.24.0-255,5738,30697,76,167639
8364,0.000245,172.31.40.0-255,66,30763,76,167639
8365,0.000249,172.217.24.0-255,4320,35083,76,167639
8366,0.000255,172.31.40.0-255,66,35149,76,167639
8367,0.000261,172.217.24.0-255,5379,40528,76,167639
8368,0.000263,172.31.40.0-255,66,40594,76,167639
8369,0.000267,172.217.24.0-255,2902,43496,76,167639
8370,0.000269,172.31.40.0-255,66,43562,76,167639
8371,0.000311,172.31.40.0-255,66,43628,76,167639
8372,0.000315,172.217.24.0-255,2844,46472,76,167639
8373,0.000316,172.31.40.0-255,66,46538,76,167639
8374,0.000851,172.217.24.0-255,120,46658,76,167639
8375,0.000859,172.31.40.0-255,66,46724,76,167639
8376,0.001254,172.217.24.0-255,1484,48208,76,167639
8377,0.001305,172.217.24.0-255,2902,51110,76,167639
8378,0.001311,172.31.40.0-255,66,51176,76,167639
8379,0.001318,172.217.24.0-255,4320,55496,76,167639
8380,0.00132,172.31.40.0-255,66,55562,76,167639
8381,0.001376,172.31.40.0-255,66,55628,76,167639
8382,0.001403,172.217.24.0-255,4320,59948,76,167639
8383,0.001405,172.31.40.0-255,66,60014,76,167639
8384,0.001408,172.217.24.0-255,1484,61498,76,167639
8385,0.001427,172.217.24.0-255,4320,65818,76,167639
8386,0.00143,172.31.40.0-255,66,65884,76,167639
8387,0.001477,172.217.24.0-255,2902,68786,76,167639
8388,0.00148,172.31.40.0-255,66,68852,76,167639
8389,0.001507,172.217.24.0-255,1484,70336,76,167639
8390,0.001514,172.217.24.0-255,5738,76074,76,167639
8391,0.001516,172.31.40.0-255,66,76140,76,167639
8392,0.001521,172.217.24.0-255,2902,79042,76,167639
8393,0.001523,172.31.40.0-255,66,79108,76,167639
8394,0.001533,172.217.24.0-255,4320,83428,76,167639
8395,0.001535,172.31.40.0-255,66,83494,76,167639
8396,0.001586,172.217.24.0-255,1484,84978,76,167639
8397,0.001591,172.217.24.0-255,2902,87880,76,167639
8398,0.001594,172.31.40.0-255,66,87946,76,167639
8399,0.001623,172.217.24.0-255,2184,90130,76,167639
8400,0.001626,172.31.40.0-255,66,90196,76,167639
8401,0.001752,172.217.24.0-255,1484,91680,76,167639
8402,0.001761,172.217.24.0-255,2902,94582,76,167639
8403,0.001764,172.31.40.0-255,66,94648,76,167639
8404,0.001768,172.217.24.0-255,1484,96132,76,167639
8405,0.001797,172.217.24.0-255,4320,100452,76,167639
8406,0.001799,172.31.40.0-255,66,100518,76,167639
8407,0.001803,172.217.24.0-255,1484,102002,76,167639
8408,0.001831,172.217.24.0-255,5379,107381,76,167639
8409,0.001834,172.31.40.0-255,66,107447,76,167639
8410,0.001841,172.217.24.0-255,7156,114603,76,167639
8411,0.001844,172.31.40.0-255,66,114669,76,167639
8412,0.001847,172.217.24.0-255,2902,117571,76,167639
8413,0.001854,172.31.40.0-255,66,117637,76,167639
8414,0.001902,172.31.40.0-255,66,117703,76,167639
8415,0.001914,172.31.40.0-255,66,117769,76,167639
8416,0.001921,172.217.24.0-255,766,118535,76,167639
8417,0.002093,172.217.24.0-255,1484,120019,76,167639
8418,0.002096,172.31.40.0-255,66,120085,76,167639
8419,0.00399,172.217.24.0-255,2902,122987,76,167639
8420,0.003994,172.31.40.0-255,66,123053,76,167639
8421,0.004162,172.217.24.0-255,2902,125955,76,167639
8422,0.004165,172.31.40.0-255,66,126021,76,167639
8423,0.006085,172.217.24.0-255,2902,128923,76,167639
8424,0.00609,172.31.40.0-255,66,128989,76,167639
8425,0.006237,172.217.24.0-255,2902,131891,76,167639
8426,0.006239,172.31.40.0-255,66,131957,76,167639
8427,0.008172,172.217.24.0-255,2902,134859,76,167639
8428,0.008177,172.31.40.0-255,66,134925,76,167639
8429,0.008323,172.217.24.0-255,1484,136409,76,167639
8430,0.008336,172.217.24.0-255,1484,137893,76,167639
8431,0.008339,172.31.40.0-255,66,137959,76,167639
8432,0.010259,172.217.24.0-255,2902,140861,76,167639
8433,0.010264,172.31.40.0-255,66,140927,76,167639
8434,0.010415,172.217.24.0-255,2902,143829,76,167639
8435,0.01042,172.31.40.0-255,66,143895,76,167639
8436,0.012355,172.217.24.0-255,2902,146797,76,167639
8437,0.012362,172.31.40.0-255,66,146863,76,167639
8438,0.012505,172.217.24.0-255,2902,149765,76,167639
8439,0.01251,172.31.40.0-255,66,149831,76,167639
8440,0.01444,172.217.24.0-255,2902,152733,76,167639
8441,0.014447,172.31.40.0-255,66,152799,76,167639
8442,0.014583,172.217.24.0-255,2902,155701,76,167639
8443,0.014588,172.31.40.0-255,66,155767,76,167639
8444,0.016536,172.217.24.0-255,2902,158669,76,167639
8445,0.016543,172.31.40.0-255,66,158735,76,167639
8446,0.016665,172.217.24.0-255,2902,161637,76,167639
8447,0.01667,172.31.40.0-255,66,161703,76,167639
8448,0.018629,172.217.24.0-255,2902,164605,76,167639
8449,0.018636,172.31.40.0-255,66,164671,76,167639
8450,0.018748,172.217.24.0-255,2902,167573,76,167639
8451,0.018752,172.31.40.0-255,66,167639,76,167639
8452,0.0,74.125.24.0-255,299,299,76,285952
8453,1.6e-05,172.31.40.0-255,66,365,76,285952
8454,2.2e-05,74.125.24.0-255,1484,1849,76,285952
8455,2.7e-05,172.31.40.0-255,66,1915,76,285952
8456,3.4e-05,74.125.24.0-255,4320,6235,76,285952
8457,3.7e-05,172.31.40.0-255,66,6301,76,285952
8458,4.3e-05,74.125.24.0-255,2902,9203,76,285952
8459,4.6e-05,172.31.40.0-255,66,9269,76,285952
8460,6.6e-05,74.125.24.0-255,4798,14067,76,285952
8461,6.9e-05,172.31.40.0-255,66,14133,76,285952
8462,7.4e-05,74.125.24.0-255,2902,17035,76,285952
8463,7.6e-05,172.31.40.0-255,66,17101,76,285952
8464,0.000101,74.125.24.0-255,5738,22839,76,285952
8465,0.000104,172.31.40.0-255,66,22905,76,285952
8466,0.000114,172.31.40.0-255,66,22971,76,285952
8467,0.000226,74.125.24.0-255,1484,24455,76,285952
8468,0.00023,172.31.40.0-255,66,24521,76,285952
8469,0.000236,74.125.24.0-255,2902,27423,76,285952
8470,0.000238,172.31.40.0-255,66,27489,76,285952
8471,0.000256,74.125.24.0-255,2902,30391,76,285952
8472,0.000258,172.31.40.0-255,66,30457,76,285952
8473,0.000263,74.125.24.0-255,4320,34777,76,285952
8474,0.000266,172.31.40.0-255,66,34843,76,285952
8475,0.000288,74.125.24.0-255,4320,39163,76,285952
8476,0.000291,172.31.40.0-255,66,39229,76,285952
8477,0.000316,74.125.24.0-255,5379,44608,76,285952
8478,0.000319,172.31.40.0-255,66,44674,76,285952
8479,0.000325,74.125.24.0-255,5738,50412,76,285952
8480,0.000328,172.31.40.0-255,66,50478,76,285952
8481,0.000354,74.125.24.0-255,7076,57554,76,285952
8482,0.000357,172.31.40.0-255,66,57620,76,285952
8483,0.000382,74.125.24.0-255,377,57997,76,285952
8484,0.00047,74.125.24.0-255,1484,59481,76,285952
8485,0.000473,172.31.40.0-255,66,59547,76,285952
8486,0.000479,74.125.24.0-255,2902,62449,76,285952
8487,0.000481,172.31.40.0-255,66,62515,76,285952
8488,0.000486,74.125.24.0-255,2902,65417,76,285952
8489,0.000488,172.31.40.0-255,66,65483,76,285952
8490,0.000518,74.125.24.0-255,2902,68385,76,285952
8491,0.000522,172.31.40.0-255,66,68451,76,285952
8492,0.000529,74.125.24.0-255,6797,75248,76,285952
8493,0.000531,172.31.40.0-255,66,75314,76,285952
8494,0.00082,74.125.24.0-255,1484,76798,76,285952
8495,0.000826,74.125.24.0-255,2902,79700,76,285952
8496,0.00083,172.31.40.0-255,66,79766,76,285952
8497,0.000861,74.125.24.0-255,4320,84086,76,285952
8498,0.000864,172.31.40.0-255,66,84152,76,285952
8499,0.000871,74.125.24.0-255,5738,89890,76,285952
8500,0.000873,172.31.40.0-255,66,89956,76,285952
8501,0.0009,74.125.24.0-255,2543,92499,76,285952
8502,0.000903,172.31.40.0-255,66,92565,76,285952
8503,0.001064,74.125.24.0-255,1484,94049,76,285952
8504,0.001069,74.125.24.0-255,2902,96951,76,285952
8505,0.001072,172.31.40.0-255,66,97017,76,285952
8506,0.001079,74.125.24.0-255,4320,101337,76,285952
8507,0.001081,172.31.40.0-255,66,101403,76,285952
8508,0.001125,74.125.24.0-255,1484,102887,76,285952
8509,0.001141,172.31.40.0-255,66,102953,76,285952
8510,0.001149,74.125.24.0-255,7156,110109,76,285952
8511,0.001151,172.31.40.0-255,66,110175,76,285952
8512,0.001154,74.125.24.0-255,1484,111659,76,285952
8513,0.001178,74.125.24.0-255,2184,113843,76,285952
8514,0.001181,172.31.40.0-255,66,113909,76,285952
8515,0.001289,74.125.24.0-255,1484,115393,76,285952
8516,0.001309,74.125.24.0-255,2902,118295,76,285952
8517,0.001313,172.31.40.0-255,66,118361,76,285952
8518,0.00132,74.125.24.0-255,5738,124099,76,285952
8519,0.001322,172.31.40.0-255,66,124165,76,285952
8520,0.001328,74.125.24.0-255,4320,128485,76,285952
8521,0.00133,172.31.40.0-255,66,128551,76,285952
8522,0.001334,74.125.24.0-255,1484,130035,76,285952
8523,0.001366,172.31.40.0-255,66,130101,76,285952
8524,0.001369,74.125.24.0-255,1484,131585,76,285952
8525,0.001393,74.125.24.0-255,6438,138023,76,285952
8526,0.001398,172.31.40.0-255,66,138089,76,285952
8527,0.001583,74.125.24.0-255,1484,139573,76,285952
8528,0.001589,74.125.24.0-255,2902,142475,76,285952
8529,0.001592,172.31.40.0-255,66,142541,76,285952
8530,0.001598,74.125.24.0-255,4320,146861,76,285952
8531,0.0016,172.31.40.0-255,66,146927,76,285952
8532,0.001612,74.125.24.0-255,1484,148411,76,285952
8533,0.001616,74.125.24.0-255,1484,149895,76,285952
8534,0.001618,172.31.40.0-255,66,149961,76,285952
8535,0.001644,172.31.40.0-255,66,150027,76,285952
8536,0.001657,172.31.40.0-255,66,150093,76,285952
8537,0.001712,74.125.24.0-255,2184,152277,76,285952
8538,0.001714,172.31.40.0-255,66,152343,76,285952
8539,0.00183,74.125.24.0-255,1484,153827,76,285952
8540,0.001861,74.125.24.0-255,2902,156729,76,285952
8541,0.001864,172.31.40.0-255,66,156795,76,285952
8542,0.001869,74.125.24.0-255,4320,161115,76,285952
8543,0.001872,172.31.40.0-255,66,161181,76,285952
8544,0.001883,74.125.24.0-255,1484,162665,76,285952
8545,0.001886,74.125.24.0-255,1484,164149,76,285952
8546,0.001888,172.31.40.0-255,66,164215,76,285952
8547,0.001899,172.31.40.0-255,66,164281,76,285952
8548,0.001934,74.125.24.0-255,4320,168601,76,285952
8549,0.001937,172.31.40.0-255,66,168667,76,285952
8550,0.001968,172.31.40.0-255,66,168733,76,285952
8551,0.002007,74.125.24.0-255,1484,170217,76,285952
8552,0.002012,74.125.24.0-255,2902,173119,76,285952
8553,0.002017,172.31.40.0-255,66,173185,76,285952
8554,0.002036,74.125.24.0-255,2902,176087,76,285952
8555,0.002039,172.31.40.0-255,66,176153,76,285952
8556,0.002045,74.125.24.0-255,4320,180473,76,285952
8557,0.002047,172.31.40.0-255,66,180539,76,285952
8558,0.002057,74.125.24.0-255,4320,184859,76,285952
8559,0.002059,172.31.40.0-255,66,184925,76,285952
8560,0.002075,74.125.24.0-255,4320,189245,76,285952
8561,0.002077,172.31.40.0-255,66,189311,76,285952
8562,0.002081,74.125.24.0-255,2902,192213,76,285952
8563,0.002083,172.31.40.0-255,66,192279,76,285952
8564,0.002114,172.31.40.0-255,66,192345,76,285952
8565,0.002241,74.125.24.0-255,1484,193829,76,285952
8566,0.002254,74.125.24.0-255,2902,196731,76,285952
8567,0.002257,172.31.40.0-255,66,196797,76,285952
8568,0.00228,74.125.24.0-255,5738,202535,76,285952
8569,0.002283,172.31.40.0-255,66,202601,76,285952
8570,0.002287,74.125.24.0-255,2902,205503,76,285952
8571,0.002289,172.31.40.0-255,66,205569,76,285952
8572,0.002303,74.125.24.0-255,2902,208471,76,285952
8573,0.002305,172.31.40.0-255,66,208537,76,285952
8574,0.002325,74.125.24.0-255,7156,215693,76,285952
8575,0.002329,172.31.40.0-255,66,215759,76,285952
8576,0.002335,74.125.24.0-255,5738,221497,76,285952
8577,0.002336,172.31.40.0-255,66,221563,76,285952
8578,0.002355,74.125.24.0-255,4320,225883,76,285952
8579,0.002358,172.31.40.0-255,66,225949,76,285952
8580,0.002379,74.125.24.0-255,766,226715,76,285952
8581,0.002502,74.125.24.0-255,1484,228199,76,285952
8582,0.002506,172.31.40.0-255,66,228265,76,285952
8583,0.00251,74.125.24.0-255,2902,231167,76,285952
8584,0.002512,172.31.40.0-255,66,231233,76,285952
8585,0.002516,74.125.24.0-255,2902,234135,76,285952
8586,0.002518,172.31.40.0-255,66,234201,76,285952
8587,0.002542,74.125.24.0-255,2902,237103,76,285952
8588,0.002545,172.31.40.0-255,66,237169,76,285952
8589,0.002556,172.31.40.0-255,66,237235,76,285952
8590,0.002599,74.125.24.0-255,7156,244391,76,285952
8591,0.002603,172.31.40.0-255,66,244457,76,285952
8592,0.002622,74.125.24.0-255,6438,250895,76,285952
8593,0.002625,172.31.40.0-255,66,250961,76,285952
8594,0.003799,172.31.40.0-255,101,251062,76,285952
8595,0.005201,74.125.24.0-255,5738,256800,76,285952
8596,0.005209,172.31.40.0-255,66,256866,76,285952
8597,0.006332,74.125.24.0-255,66,256932,76,285952
8598,0.007862,74.125.24.0-255,5738,262670,76,285952
8599,0.007867,172.31.40.0-255,66,262736,76,285952
8600,0.010483,74.125.24.0-255,5738,268474,76,285952
8601,0.010492,172.31.40.0-255,66,268540,76,285952
8602,0.013146,74.125.24.0-255,5738,274278,76,285952
8603,0.013163,172.31.40.0-255,66,274344,76,285952
8604,0.015771,74.125.24.0-255,5738,280082,76,285952
8605,0.015789,172.31.40.0-255,66,280148,76,285952
8606,0.01836,74.125.24.0-255,5738,285886,76,285952
8607,0.018369,172.31.40.0-255,66,285952,76,285952
8608,0.0,172.217.194.0-255,146,146,76,178116
8609,2.3e-05,172.31.40.0-255,66,212,76,178116
8610,3e-05,172.217.194.0-255,1484,1696,76,178116
8611,3.5e-05,172.31.40.0-255,66,1762,76,178116
8612,4e-05,172.217.194.0-255,2902,4664,76,178116
8613,4.4e-05,172.31.40.0-255,66,4730,76,178116
8614,5.3e-05,172.217.194.0-255,7156,11886,76,178116
8615,5.6e-05,172.31.40.0-255,66,11952,76,178116
8616,6.9e-05,172.31.40.0-255,66,12018,76,178116
8617,8.3e-05,172.31.40.0-255,66,12084,76,178116
8618,9e-05,172.217.194.0-255,7156,19240,76,178116
8619,9.2e-05,172.31.40.0-255,66,19306,76,178116
8620,0.000103,172.31.40.0-255,66,19372,76,178116
8621,0.000106,172.217.194.0-255,1125,20497,76,178116
8622,0.000109,172.31.40.0-255,66,20563,76,178116
8623,0.000176,172.217.194.0-255,1484,22047,76,178116
8624,0.00018,172.31.40.0-255,66,22113,76,178116
8625,0.000193,172.217.194.0-255,2902,25015,76,178116
8626,0.000196,172.31.40.0-255,66,25081,76,178116
8627,0.0002,172.217.194.0-255,1484,26565,76,178116
8628,0.000202,172.31.40.0-255,66,26631,76,178116
8629,0.000224,172.217.194.0-255,4320,30951,76,178116
8630,0.000227,172.31.40.0-255,66,31017,76,178116
8631,0.000248,172.217.194.0-255,2902,33919,76,178116
8632,0.000251,172.31.40.0-255,66,33985,76,178116
8633,0.00027,172.217.194.0-255,3961,37946,76,178116
8634,0.000273,172.31.40.0-255,66,38012,76,178116
8635,0.000538,172.217.194.0-255,379,38391,76,178116
8636,0.000552,172.31.40.0-255,66,38457,76,178116
8637,0.000845,172.217.194.0-255,1484,39941,76,178116
8638,0.00085,172.217.194.0-255,1484,41425,76,178116
8639,0.000854,172.31.40.0-255,66,41491,76,178116
8640,0.000873,172.217.194.0-255,1484,42975,76,178116
8641,0.000878,172.217.194.0-255,4320,47295,76,178116
8642,0.000887,172.31.40.0-255,66,47361,76,178116
8643,0.000891,172.217.194.0-255,1484,48845,76,178116
8644,0.000925,172.31.40.0-255,66,48911,76,178116
8645,0.000932,172.217.194.0-255,7156,56067,76,178116
8646,0.000934,172.31.40.0-255,66,56133,76,178116
8647,0.000968,172.217.194.0-255,3602,59735,76,178116
8648,0.000971,172.31.40.0-255,66,59801,76,178116
8649,0.002395,172.217.194.0-255,1484,61285,76,178116
8650,0.00241,172.217.194.0-255,2902,64187,76,178116
8651,0.002415,172.31.40.0-255,66,64253,76,178116
8652,0.002424,172.217.194.0-255,5738,69991,76,178116
8653,0.002426,172.31.40.0-255,66,70057,76,178116
8654,0.002439,172.31.40.0-255,66,70123,76,178116
8655,0.002464,172.217.194.0-255,1484,71607,76,178116
8656,0.002466,172.217.194.0-255,1484,73091,76,178116
8657,0.002469,172.31.40.0-255,66,73157,76,178116
8658,0.002498,172.217.194.0-255,2902,76059,76,178116
8659,0.0025,172.31.40.0-255,66,76125,76,178116
8660,0.002525,172.217.194.0-255,6438,82563,76,178116
8661,0.002527,172.31.40.0-255,66,82629,76,178116
8662,0.002599,172.217.194.0-255,1484,84113,76,178116
8663,0.002612,172.217.194.0-255,2902,87015,76,178116
8664,0.002615,172.31.40.0-255,66,87081,76,178116
8665,0.002621,172.217.194.0-255,4320,91401,76,178116
8666,0.002623,172.31.40.0-255,66,91467,76,178116
8667,0.002639,172.217.194.0-255,1484,92951,76,178116
8668,0.002651,172.217.194.0-255,2902,95853,76,178116
8669,0.002654,172.31.40.0-255,66,95919,76,178116
8670,0.002686,172.31.40.0-255,66,95985,76,178116
8671,0.002689,172.217.194.0-255,1484,97469,76,178116
8672,0.002757,172.31.40.0-255,66,97535,76,178116
8673,0.002785,172.31.40.0-255,66,97601,76,178116
8674,0.002803,172.31.40.0-255,66,97667,76,178116
8675,0.00281,172.217.194.0-255,7156,104823,76,178116
8676,0.002815,172.217.194.0-255,4320,109143,76,178116
8677,0.002839,172.217.194.0-255,4320,113463,76,178116
8678,0.002844,172.217.194.0-255,2902,116365,76,178116
8679,0.002874,172.217.194.0-255,766,117131,76,178116
8680,0.003118,172.217.194.0-255,1484,118615,76,178116
8681,0.003136,172.217.194.0-255,2902,121517,76,178116
8682,0.003142,172.217.194.0-255,4320,125837,76,178116
8683,0.003155,172.217.194.0-255,1484,127321,76,178116
8684,0.003162,172.217.194.0-255,5738,133059,76,178116
8685,0.003185,172.217.194.0-255,4320,137379,76,178116
8686,0.003225,172.217.194.0-255,4320,141699,76,178116
8687,0.003255,172.217.194.0-255,7156,148855,76,178116
8688,0.003273,172.217.194.0-255,1484,150339,76,178116
8689,0.003281,172.217.194.0-255,7156,157495,76,178116
8690,0.003284,172.217.194.0-255,1484,158979,76,178116
8691,0.003318,172.217.194.0-255,4320,163299,76,178116
8692,0.003377,172.217.194.0-255,7156,170455,76,178116
8693,0.003426,172.217.194.0-255,2902,173357,76,178116
8694,0.00353,172.217.194.0-255,4320,177677,76,178116
8695,0.003621,172.217.194.0-255,97,177774,76,178116
8696,0.003635,172.217.194.0-255,105,177879,76,178116
8697,0.006034,172.31.40.0-255,66,177945,76,178116
8698,0.008479,172.31.40.0-255,105,178050,76,178116
8699,0.010838,172.217.194.0-255,66,178116,76,178116
8700,0.0,74.125.68.0-255,155,155,76,247916
8701,2.1e-05,172.31.40.0-255,66,221,76,247916
8702,2.7e-05,74.125.68.0-255,1484,1705,76,247916
8703,3.1e-05,172.31.40.0-255,66,1771,76,247916
8704,3.7e-05,74.125.68.0-255,2902,4673,76,247916
8705,4.7e-05,172.31.40.0-255,66,4739,76,247916
8706,6.4e-05,74.125.68.0-255,1484,6223,76,247916
8707,6.6e-05,172.31.40.0-255,66,6289,76,247916
8708,9.1e-05,74.125.68.0-255,1484,7773,76,247916
8709,9.3e-05,172.31.40.0-255,66,7839,76,247916
8710,9.9e-05,74.125.68.0-255,4320,12159,76,247916
8711,0.000101,172.31.40.0-255,66,12225,76,247916
8712,0.00013,74.125.68.0-255,2064,14289,76,247916
8713,0.000132,172.31.40.0-255,66,14355,76,247916
8714,0.000136,74.125.68.0-255,2902,17257,76,247916
8715,0.000138,172.31.40.0-255,66,17323,76,247916
8716,0.000174,74.125.68.0-255,2902,20225,76,247916
8717,0.000176,172.31.40.0-255,66,20291,76,247916
8718,0.000203,74.125.68.0-255,4320,24611,76,247916
8719,0.000205,172.31.40.0-255,66,24677,76,247916
8720,0.000223,74.125.68.0-255,4320,28997,76,247916
8721,0.000226,172.31.40.0-255,66,29063,76,247916
8722,0.000248,74.125.68.0-255,2543,31606,76,247916
8723,0.000251,172.31.40.0-255,66,31672,76,247916
8724,0.000358,74.125.68.0-255,1484,33156,76,247916
8725,0.000363,172.31.40.0-255,66,33222,76,247916
8726,0.000367,74.125.68.0-255,1484,34706,76,247916
8727,0.000369,172.31.40.0-255,66,34772,76,247916
8728,0.000374,74.125.68.0-255,2902,37674,76,247916
8729,0.000396,172.31.40.0-255,66,37740,76,247916
8730,0.000404,74.125.68.0-255,5738,43478,76,247916
8731,0.000408,172.31.40.0-255,66,43544,76,247916
8732,0.000441,74.125.68.0-255,5379,48923,76,247916
8733,0.000445,172.31.40.0-255,66,48989,76,247916
8734,0.00045,74.125.68.0-255,5738,54727,76,247916
8735,0.000452,172.31.40.0-255,66,54793,76,247916
8736,0.000487,172.31.40.0-255,66,54859,76,247916
8737,0.000515,74.125.68.0-255,1439,56298,76,247916
8738,0.000539,74.125.68.0-255,109,56407,76,247916
8739,0.000596,74.125.68.0-255,1484,57891,76,247916
8740,0.0006,172.31.40.0-255,66,57957,76,247916
8741,0.000603,74.125.68.0-255,1484,59441,76,247916
8742,0.000626,74.125.68.0-255,1484,60925,76,247916
8743,0.000628,172.31.40.0-255,66,60991,76,247916
8744,0.000633,74.125.68.0-255,2902,63893,76,247916
8745,0.000636,172.31.40.0-255,66,63959,76,247916
8746,0.000646,74.125.68.0-255,4320,68279,76,247916
8747,0.000649,172.31.40.0-255,66,68345,76,247916
8748,0.000651,74.125.68.0-255,1484,69829,76,247916
8749,0.000687,74.125.68.0-255,7156,76985,76,247916
8750,0.00069,172.31.40.0-255,66,77051,76,247916
8751,0.000696,74.125.68.0-255,4320,81371,76,247916
8752,0.000698,172.31.40.0-255,66,81437,76,247916
8753,0.000704,74.125.68.0-255,5738,87175,76,247916
8754,0.000706,172.31.40.0-255,66,87241,76,247916
8755,0.000731,74.125.68.0-255,3602,90843,76,247916
8756,0.000734,172.31.40.0-255,66,90909,76,247916
8757,0.000856,74.125.68.0-255,1484,92393,76,247916
8758,0.000874,74.125.68.0-255,2902,95295,76,247916
8759,0.000878,172.31.40.0-255,66,95361,76,247916
8760,0.000884,74.125.68.0-255,4320,99681,76,247916
8761,0.000886,172.31.40.0-255,66,99747,76,247916
8762,0.000926,172.31.40.0-255,66,99813,76,247916
8763,0.000934,74.125.68.0-255,7156,106969,76,247916
8764,0.000936,172.31.40.0-255,66,107035,76,247916
8765,0.000976,172.31.40.0-255,66,107101,76,247916
8766,0.000979,74.125.68.0-255,766,107867,76,247916
8767,0.001014,74.125.68.0-255,1484,109351,76,247916
8768,0.001018,172.31.40.0-255,66,109417,76,247916
8769,0.001026,74.125.68.0-255,1484,110901,76,247916
8770,0.001029,74.125.68.0-255,1484,112385,76,247916
8771,0.001031,172.31.40.0-255,66,112451,76,247916
8772,0.00105,74.125.68.0-255,1484,113935,76,247916
8773,0.001062,74.125.68.0-255,5738,119673,76,247916
8774,0.001067,172.31.40.0-255,66,119739,76,247916
8775,0.001094,74.125.68.0-255,7156,126895,76,247916
8776,0.001097,172.31.40.0-255,66,126961,76,247916
8777,0.001109,172.31.40.0-255,66,127027,76,247916
8778,0.00114,74.125.68.0-255,6438,133465,76,247916
8779,0.001144,172.31.40.0-255,66,133531,76,247916
8780,0.001182,74.125.68.0-255,1484,135015,76,247916
8781,0.001187,74.125.68.0-255,2902,137917,76,247916
8782,0.001189,172.31.40.0-255,66,137983,76,247916
8783,0.00121,74.125.68.0-255,5738,143721,76,247916
8784,0.001212,172.31.40.0-255,66,143787,76,247916
8785,0.001243,172.31.40.0-255,66,143853,76,247916
8786,0.001281,172.31.40.0-255,66,143919,76,247916
8787,0.001286,74.125.68.0-255,5020,148939,76,247916
8788,0.001288,172.31.40.0-255,66,149005,76,247916
8789,0.001349,74.125.68.0-255,1484,150489,76,247916
8790,0.001353,74.125.68.0-255,2902,153391,76,247916
8791,0.001355,172.31.40.0-255,66,153457,76,247916
8792,0.001361,74.125.68.0-255,5738,159195,76,247916
8793,0.001363,172.31.40.0-255,66,159261,76,247916
8794,0.001408,172.31.40.0-255,66,159327,76,247916
8795,0.00142,172.31.40.0-255,66,159393,76,247916
8796,0.001444,74.125.68.0-255,1484,160877,76,247916
8797,0.001448,74.125.68.0-255,2902,163779,76,247916
8798,0.001451,172.31.40.0-255,66,163845,76,247916
8799,0.001474,74.125.68.0-255,766,164611,76,247916
8800,0.001611,74.125.68.0-255,1484,166095,76,247916
8801,0.001616,172.31.40.0-255,66,166161,76,247916
8802,0.001621,74.125.68.0-255,2902,169063,76,247916
8803,0.001623,172.31.40.0-255,66,169129,76,247916
8804,0.001628,74.125.68.0-255,2902,172031,76,247916
8805,0.001629,172.31.40.0-255,66,172097,76,247916
8806,0.001665,74.125.68.0-255,4320,176417,76,247916
8807,0.001682,74.125.68.0-255,1484,177901,76,247916
8808,0.001687,172.31.40.0-255,66,177967,76,247916
8809,0.001689,172.31.40.0-255,66,178033,76,247916
8810,0.001716,74.125.68.0-255,5738,183771,76,247916
8811,0.001719,172.31.40.0-255,66,183837,76,247916
8812,0.001734,74.125.68.0-255,4320,188157,76,247916
8813,0.001736,172.31.40.0-255,66,188223,76,247916
8814,0.001763,74.125.68.0-255,2184,190407,76,247916
8815,0.001768,172.31.40.0-255,66,190473,76,247916
8816,0.001871,74.125.68.0-255,1484,191957,76,247916
8817,0.001888,74.125.68.0-255,2902,194859,76,247916
8818,0.001891,172.31.40.0-255,66,194925,76,247916
8819,0.001925,74.125.68.0-255,5738,200663,76,247916
8820,0.001928,172.31.40.0-255,66,200729,76,247916
8821,0.001962,172.31.40.0-255,66,200795,76,247916
8822,0.001994,74.125.68.0-255,4320,205115,76,247916
8823,0.001996,172.31.40.0-255,66,205181,76,247916
8824,0.002017,74.125.68.0-255,6438,211619,76,247916
8825,0.00202,172.31.40.0-255,66,211685,76,247916
8826,0.002025,74.125.68.0-255,4320,216005,76,247916
8827,0.002028,172.31.40.0-255,66,216071,76,247916
8828,0.002063,74.125.68.0-255,7156,223227,76,247916
8829,0.002066,172.31.40.0-255,66,223293,76,247916
8830,0.002071,74.125.68.0-255,4320,227613,76,247916
8831,0.002073,172.31.40.0-255,66,227679,76,247916
8832,0.00208,74.125.68.0-255,5738,233417,76,247916
8833,0.002095,74.125.68.0-255,766,234183,76,247916
8834,0.002099,172.31.40.0-255,66,234249,76,247916
8835,0.0021,172.31.40.0-255,66,234315,76,247916
8836,0.002148,74.125.68.0-255,2902,237217,76,247916
8837,0.002152,172.31.40.0-255,66,237283,76,247916
8838,0.002213,74.125.68.0-255,3602,240885,76,247916
8839,0.002219,172.31.40.0-255,66,240951,76,247916
8840,0.002227,172.31.40.0-255,66,241017,76,247916
8841,0.00223,172.31.40.0-255,66,241083,76,247916
8842,0.002271,172.31.40.0-255,66,241149,76,247916
8843,0.002356,172.31.40.0-255,66,241215,76,247916
8844,0.002362,74.125.68.0-255,5738,246953,76,247916
8845,0.002364,172.31.40.0-255,66,247019,76,247916
8846,0.002376,172.31.40.0-255,66,247085,76,247916
8847,0.00467,74.125.68.0-255,594,247679,76,247916
8848,0.008153,172.31.40.0-255,66,247745,76,247916
8849,0.008192,172.31.40.0-255,105,247850,76,247916
8850,0.010465,74.125.68.0-255,66,247916,76,247916
8851,0.0,74.125.24.0-255,153,153,76,177484
8852,1.4e-05,172.31.40.0-255,66,219,76,177484
8853,2.1e-05,74.125.24.0-255,1484,1703,76,177484
8854,2.6e-05,172.31.40.0-255,66,1769,76,177484
8855,3.9e-05,74.125.24.0-255,2902,4671,76,177484
8856,4.3e-05,172.31.40.0-255,66,4737,76,177484
8857,5e-05,74.125.24.0-255,7156,11893,76,177484
8858,5.3e-05,172.31.40.0-255,66,11959,76,177484
8859,5.7e-05,74.125.24.0-255,2102,14061,76,177484
8860,6e-05,172.31.40.0-255,66,14127,76,177484
8861,9.7e-05,172.31.40.0-255,66,14193,76,177484
8862,0.0001,74.125.24.0-255,1484,15677,76,177484
8863,0.000102,172.31.40.0-255,66,15743,76,177484
8864,0.000126,74.125.24.0-255,3961,19704,76,177484
8865,0.000132,172.31.40.0-255,66,19770,76,177484
8866,0.000181,74.125.24.0-255,1484,21254,76,177484
8867,0.000184,172.31.40.0-255,66,21320,76,177484
8868,0.000189,74.125.24.0-255,2902,24222,76,177484
8869,0.000191,172.31.40.0-255,66,24288,76,177484
8870,0.000214,74.125.24.0-255,2902,27190,76,177484
8871,0.000216,172.31.40.0-255,66,27256,76,177484
8872,0.000224,74.125.24.0-255,7156,34412,76,177484
8873,0.000231,172.31.40.0-255,66,34478,76,177484
8874,0.000274,172.31.40.0-255,66,34544,76,177484
8875,0.000279,74.125.24.0-255,2818,37362,76,177484
8876,0.000281,172.31.40.0-255,66,37428,76,177484
8877,0.000284,74.125.24.0-255,129,37557,76,177484
8878,0.000291,172.31.40.0-255,66,37623,76,177484
8879,0.000383,74.125.24.0-255,349,37972,76,177484
8880,0.000388,172.31.40.0-255,66,38038,76,177484
8881,0.000541,74.125.24.0-255,1484,39522,76,177484
8882,0.000549,74.125.24.0-255,2902,42424,76,177484
8883,0.000552,172.31.40.0-255,66,42490,76,177484
8884,0.000559,74.125.24.0-255,5738,48228,76,177484
8885,0.000562,172.31.40.0-255,66,48294,76,177484
8886,0.000575,74.125.24.0-255,7156,55450,76,177484
8887,0.000577,172.31.40.0-255,66,55516,76,177484
8888,0.000625,172.31.40.0-255,66,55582,76,177484
8889,0.000629,74.125.24.0-255,2184,57766,76,177484
8890,0.000632,172.31.40.0-255,66,57832,76,177484
8891,0.000728,74.125.24.0-255,1484,59316,76,177484
8892,0.000746,74.125.24.0-255,2902,62218,76,177484
8893,0.00075,172.31.40.0-255,66,62284,76,177484
8894,0.000756,74.125.24.0-255,5738,68022,76,177484
8895,0.000759,172.31.40.0-255,66,68088,76,177484
8896,0.000805,74.125.24.0-255,5738,73826,76,177484
8897,0.000809,172.31.40.0-255,66,73892,76,177484
8898,0.000817,74.125.24.0-255,7156,81048,76,177484
8899,0.000819,172.31.40.0-255,66,81114,76,177484
8900,0.00083,74.125.24.0-255,5738,86852,76,177484
8901,0.000832,172.31.40.0-255,66,86918,76,177484
8902,0.000864,74.125.24.0-255,5020,91938,76,177484
8903,0.000868,172.31.40.0-255,66,92004,76,177484
8904,0.000904,172.31.40.0-255,66,92070,76,177484
8905,0.000922,172.31.40.0-255,66,92136,76,177484
8906,0.00096,74.125.24.0-255,4320,96456,76,177484
8907,0.000963,172.31.40.0-255,66,96522,76,177484
8908,0.000992,74.125.24.0-255,5020,101542,76,177484
8909,0.000995,172.31.40.0-255,66,101608,76,177484
8910,0.001007,172.31.40.0-255,66,101674,76,177484
8911,0.001024,172.31.40.0-255,66,101740,76,177484
8912,0.001073,172.31.40.0-255,66,101806,76,177484
8913,0.00119,74.125.24.0-255,1484,103290,76,177484
8914,0.001196,74.125.24.0-255,2902,106192,76,177484
8915,0.001199,172.31.40.0-255,66,106258,76,177484
8916,0.001233,74.125.24.0-255,5738,111996,76,177484
8917,0.001236,172.31.40.0-255,66,112062,76,177484
8918,0.001255,172.31.40.0-255,66,112128,76,177484
8919,0.00129,172.31.40.0-255,66,112194,76,177484
8920,0.00132,74.125.24.0-255,2184,114378,76,177484
8921,0.001324,172.31.40.0-255,66,114444,76,177484
8922,0.001346,74.125.24.0-255,5738,120182,76,177484
8923,0.001349,172.31.40.0-255,66,120248,76,177484
8924,0.001356,74.125.24.0-255,7156,127404,76,177484
8925,0.001359,172.31.40.0-255,66,127470,76,177484
8926,0.001401,172.31.40.0-255,66,127536,76,177484
8927,0.001426,74.125.24.0-255,2902,130438,76,177484
8928,0.001429,172.31.40.0-255,66,130504,76,177484
8929,0.001436,74.125.24.0-255,6438,136942,76,177484
8930,0.001438,172.31.40.0-255,66,137008,76,177484
8931,0.001866,74.125.24.0-255,1484,138492,76,177484
8932,0.001872,74.125.24.0-255,2902,141394,76,177484
8933,0.001876,172.31.40.0-255,66,141460,76,177484
8934,0.00191,74.125.24.0-255,5738,147198,76,177484
8935,0.001913,172.31.40.0-255,66,147264,76,177484
8936,0.001926,172.31.40.0-255,66,147330,76,177484
8937,0.001955,74.125.24.0-255,1484,148814,76,177484
8938,0.001968,172.31.40.0-255,66,148880,76,177484
8939,0.00206,74.125.24.0-255,1484,150364,76,177484
8940,0.002066,74.125.24.0-255,2902,153266,76,177484
8941,0.00207,172.31.40.0-255,66,153332,76,177484
8942,0.002077,74.125.24.0-255,5738,159070,76,177484
8943,0.002079,172.31.40.0-255,66,159136,76,177484
8944,0.002104,74.125.24.0-255,4320,163456,76,177484
8945,0.002106,172.31.40.0-255,66,163522,76,177484
8946,0.002137,172.31.40.0-255,66,163588,76,177484
8947,0.002142,74.125.24.0-255,2902,166490,76,177484
8948,0.002143,172.31.40.0-255,66,166556,76,177484
8949,0.002179,172.31.40.0-255,66,166622,76,177484
8950,0.002183,74.125.24.0-255,2902,169524,76,177484
8951,0.002185,172.31.40.0-255,66,169590,76,177484
8952,0.002223,172.31.40.0-255,66,169656,76,177484
8953,0.00223,74.125.24.0-255,7156,176812,76,177484
8954,0.002233,172.31.40.0-255,66,176878,76,177484
8955,0.002307,172.31.40.0-255,66,176944,76,177484
8956,0.002325,172.31.40.0-255,66,177010,76,177484
8957,0.00234,172.31.40.0-255,66,177076,76,177484
8958,0.002374,172.31.40.0-255,66,177142,76,177484
8959,0.002377,74.125.24.0-255,105,177247,76,177484
8960,0.005095,172.31.40.0-255,66,177313,76,177484
8961,0.005133,172.31.40.0-255,105,177418,76,177484
8962,0.007615,74.125.24.0-255,66,177484,76,177484
8963,0.0,74.125.24.0-255,147,147,76,292689
8964,2.5e-05,172.31.40.0-255,66,213,76,292689
8965,3.3e-05,74.125.24.0-255,1484,1697,76,292689
8966,3.8e-05,172.31.40.0-255,66,1763,76,292689
8967,4.4e-05,74.125.24.0-255,2902,4665,76,292689
8968,4.8e-05,172.31.40.0-255,66,4731,76,292689
8969,5.6e-05,74.125.24.0-255,7156,11887,76,292689
8970,5.9e-05,172.31.40.0-255,66,11953,76,292689
8971,8.6e-05,74.125.24.0-255,2039,13992,76,292689
8972,8.9e-05,172.31.40.0-255,66,14058,76,292689
8973,0.000145,74.125.24.0-255,1484,15542,76,292689
8974,0.000147,172.31.40.0-255,66,15608,76,292689
8975,0.000151,74.125.24.0-255,1484,17092,76,292689
8976,0.000153,172.31.40.0-255,66,17158,76,292689
8977,0.000165,74.125.24.0-255,1484,18642,76,292689
8978,0.000168,172.31.40.0-255,66,18708,76,292689
8979,0.000173,74.125.24.0-255,2902,21610,76,292689
8980,0.000175,172.31.40.0-255,66,21676,76,292689
8981,0.000201,74.125.24.0-255,2902,24578,76,292689
8982,0.000204,172.31.40.0-255,66,24644,76,292689
8983,0.000212,74.125.24.0-255,6797,31441,76,292689
8984,0.000214,172.31.40.0-255,66,31507,76,292689
8985,0.000353,74.125.24.0-255,1484,32991,76,292689
8986,0.000358,172.31.40.0-255,66,33057,76,292689
8987,0.000363,74.125.24.0-255,2902,35959,76,292689
8988,0.000365,172.31.40.0-255,66,36025,76,292689
8989,0.000372,74.125.24.0-255,4320,40345,76,292689
8990,0.000375,172.31.40.0-255,66,40411,76,292689
8991,0.000397,74.125.24.0-255,1484,41895,76,292689
8992,0.0004,172.31.40.0-255,66,41961,76,292689
8993,0.000436,172.31.40.0-255,66,42027,76,292689
8994,0.000455,74.125.24.0-255,3961,45988,76,292689
8995,0.000458,172.31.40.0-255,66,46054,76,292689
8996,0.000461,74.125.24.0-255,1484,47538,76,292689
8997,0.000494,172.31.40.0-255,66,47604,76,292689
8998,0.000538,74.125.24.0-255,410,48014,76,292689
8999,0.000605,74.125.24.0-255,332,48346,76,292689
9000,0.000794,74.125.24.0-255,1484,49830,76,292689
9001,0.000799,172.31.40.0-255,66,49896,76,292689
9002,0.000804,74.125.24.0-255,2902,52798,76,292689
9003,0.000807,172.31.40.0-255,66,52864,76,292689
9004,0.00081,74.125.24.0-255,1484,54348,76,292689
9005,0.000843,74.125.24.0-255,4320,58668,76,292689
9006,0.000846,172.31.40.0-255,66,58734,76,292689
9007,0.000852,74.125.24.0-255,5738,64472,76,292689
9008,0.000855,172.31.40.0-255,66,64538,76,292689
9009,0.000876,74.125.24.0-255,7156,71694,76,292689
9010,0.000879,172.31.40.0-255,66,71760,76,292689
9011,0.000886,74.125.24.0-255,7156,78916,76,292689
9012,0.000889,172.31.40.0-255,66,78982,76,292689
9013,0.000912,74.125.24.0-255,3602,82584,76,292689
9014,0.000915,172.31.40.0-255,66,82650,76,292689
9015,0.000997,74.125.24.0-255,1484,84134,76,292689
9016,0.001004,74.125.24.0-255,2902,87036,76,292689
9017,0.001007,172.31.40.0-255,66,87102,76,292689
9018,0.001014,74.125.24.0-255,5738,92840,76,292689
9019,0.001016,172.31.40.0-255,66,92906,76,292689
9020,0.00102,74.125.24.0-255,1484,94390,76,292689
9021,0.001055,172.31.40.0-255,66,94456,76,292689
9022,0.001085,74.125.24.0-255,5738,100194,76,292689
9023,0.001088,172.31.40.0-255,66,100260,76,292689
9024,0.001096,74.125.24.0-255,7156,107416,76,292689
9025,0.001098,172.31.40.0-255,66,107482,76,292689
9026,0.0011,74.125.24.0-255,766,108248,76,292689
9027,0.00116,74.125.24.0-255,1484,109732,76,292689
9028,0.001164,172.31.40.0-255,66,109798,76,292689
9029,0.001168,74.125.24.0-255,1484,111282,76,292689
9030,0.001188,74.125.24.0-255,2902,114184,76,292689
9031,0.001193,74.125.24.0-255,4320,118504,76,292689
9032,0.001197,172.31.40.0-255,66,118570,76,292689
9033,0.001205,172.31.40.0-255,66,118636,76,292689
9034,0.001208,74.125.24.0-255,1484,120120,76,292689
9035,0.001257,74.125.24.0-255,4320,124440,76,292689
9036,0.00126,172.31.40.0-255,66,124506,76,292689
9037,0.001289,74.125.24.0-255,7156,131662,76,292689
9038,0.001293,172.31.40.0-255,66,131728,76,292689
9039,0.001305,172.31.40.0-255,66,131794,76,292689
9040,0.001344,74.125.24.0-255,1484,133278,76,292689
9041,0.001358,74.125.24.0-255,2902,136180,76,292689
9042,0.001362,172.31.40.0-255,66,136246,76,292689
9043,0.001384,74.125.24.0-255,1484,137730,76,292689
9044,0.0014,74.125.24.0-255,2902,140632,76,292689
9045,0.001418,74.125.24.0-255,1484,142116,76,292689
9046,0.001425,74.125.24.0-255,5738,147854,76,292689
9047,0.001434,172.31.40.0-255,66,147920,76,292689
9048,0.001464,74.125.24.0-255,1484,149404,76,292689
9049,0.00147,172.31.40.0-255,66,149470,76,292689
9050,0.001482,74.125.24.0-255,3602,153072,76,292689
9051,0.001505,172.31.40.0-255,66,153138,76,292689
9052,0.001569,74.125.24.0-255,1484,154622,76,292689
9053,0.001573,74.125.24.0-255,1484,156106,76,292689
9054,0.001577,172.31.40.0-255,66,156172,76,292689
9055,0.001584,74.125.24.0-255,1484,157656,76,292689
9056,0.001587,74.125.24.0-255,1484,159140,76,292689
9057,0.001598,172.31.40.0-255,66,159206,76,292689
9058,0.001604,74.125.24.0-255,4320,163526,76,292689
9059,0.001616,74.125.24.0-255,1484,165010,76,292689
9060,0.001649,172.31.40.0-255,66,165076,76,292689
9061,0.001663,74.125.24.0-255,2902,167978,76,292689
9062,0.001691,74.125.24.0-255,1484,169462,76,292689
9063,0.001694,74.125.24.0-255,1484,170946,76,292689
9064,0.001708,172.31.40.0-255,66,171012,76,292689
9065,0.001711,74.125.24.0-255,1484,172496,76,292689
9066,0.001732,74.125.24.0-255,5738,178234,76,292689
9067,0.001737,74.125.24.0-255,2902,181136,76,292689
9068,0.001748,172.31.40.0-255,66,181202,76,292689
9069,0.001778,74.125.24.0-255,5738,186940,76,292689
9070,0.001796,74.125.24.0-255,1484,188424,76,292689
9071,0.001802,74.125.24.0-255,3602,192026,76,292689
9072,0.00181,172.31.40.0-255,66,192092,76,292689
9073,0.001923,74.125.24.0-255,1484,193576,76,292689
9074,0.001928,74.125.24.0-255,1484,195060,76,292689
9075,0.001942,74.125.24.0-255,1484,196544,76,292689
9076,0.001946,172.31.40.0-255,66,196610,76,292689
9077,0.001953,74.125.24.0-255,1484,198094,76,292689
9078,0.00197,74.125.24.0-255,4320,202414,76,292689
9079,0.001973,74.125.24.0-255,1484,203898,76,292689
9080,0.001985,172.31.40.0-255,66,203964,76,292689
9081,0.002012,74.125.24.0-255,7156,211120,76,292689
9082,0.002028,74.125.24.0-255,1484,212604,76,292689
9083,0.002031,172.31.40.0-255,66,212670,76,292689
9084,0.002082,172.31.40.0-255,66,212736,76,292689
9085,0.002088,74.125.24.0-255,4320,217056,76,292689
9086,0.002094,172.31.40.0-255,66,217122,76,292689
9087,0.002128,74.125.24.0-255,1484,218606,76,292689
9088,0.002141,172.31.40.0-255,66,218672,76,292689
9089,0.002146,172.31.40.0-255,66,218738,76,292689
9090,0.002179,74.125.24.0-255,6438,225176,76,292689
9091,0.002228,172.31.40.0-255,66,225242,76,292689
9092,0.002599,74.125.24.0-255,1484,226726,76,292689
9093,0.002603,74.125.24.0-255,1484,228210,76,292689
9094,0.002606,172.31.40.0-255,66,228276,76,292689
9095,0.002624,74.125.24.0-255,1484,229760,76,292689
9096,0.002627,74.125.24.0-255,1484,231244,76,292689
9097,0.002638,74.125.24.0-255,1484,232728,76,292689
9098,0.002653,172.31.40.0-255,66,232794,76,292689
9099,0.002659,74.125.24.0-255,4320,237114,76,292689
9100,0.002664,172.31.40.0-255,66,237180,76,292689
9101,0.002672,74.125.24.0-255,1484,238664,76,292689
9102,0.002686,74.125.24.0-255,5738,244402,76,292689
9103,0.002703,74.125.24.0-255,5738,250140,76,292689
9104,0.002707,74.125.24.0-255,2902,253042,76,292689
9105,0.002711,172.31.40.0-255,66,253108,76,292689
9106,0.002732,74.125.24.0-255,5738,258846,76,292689
9107,0.002735,74.125.24.0-255,766,259612,76,292689
9108,0.002747,74.125.24.0-255,1484,261096,76,292689
9109,0.002753,74.125.24.0-255,2902,263998,76,292689
9110,0.002758,172.31.40.0-255,66,264064,76,292689
9111,0.00277,74.125.24.0-255,1484,265548,76,292689
9112,0.002777,74.125.24.0-255,5738,271286,76,292689
9113,0.002789,74.125.24.0-255,4320,275606,76,292689
9114,0.002794,74.125.24.0-255,2902,278508,76,292689
9115,0.002802,172.31.40.0-255,66,278574,76,292689
9116,0.002813,74.125.24.0-255,7156,285730,76,292689
9117,0.002815,74.125.24.0-255,1484,287214,76,292689
9118,0.002821,172.31.40.0-255,66,287280,76,292689
9119,0.002834,74.125.24.0-255,1484,288764,76,292689
9120,0.00286,172.31.40.0-255,66,288830,76,292689
9121,0.002878,74.125.24.0-255,3517,292347,76,292689
9122,0.002882,74.125.24.0-255,105,292452,76,292689
9123,0.002896,172.31.40.0-255,66,292518,76,292689
9124,0.010146,172.31.40.0-255,105,292623,76,292689
9125,0.012511,74.125.24.0-255,66,292689,76,292689
9126,0.0,74.125.24.0-255,298,298,76,154614
9127,1.2e-05,172.31.40.0-255,66,364,76,154614
9128,1.7e-05,74.125.24.0-255,1484,1848,76,154614
9129,2.1e-05,172.31.40.0-255,66,1914,76,154614
9130,4.8e-05,74.125.24.0-255,4320,6234,76,154614
9131,5.1e-05,172.31.40.0-255,66,6300,76,154614
9132,5.4e-05,74.125.24.0-255,1484,7784,76,154614
9133,5.6e-05,172.31.40.0-255,66,7850,76,154614
9134,8.8e-05,172.31.40.0-255,66,7916,76,154614
9135,9.4e-05,74.125.24.0-255,4320,12236,76,154614
9136,9.6e-05,172.31.40.0-255,66,12302,76,154614
9137,0.000133,172.31.40.0-255,66,12368,76,154614
9138,0.000167,74.125.24.0-255,1484,13852,76,154614
9139,0.000169,172.31.40.0-255,66,13918,76,154614
9140,0.000195,74.125.24.0-255,2902,16820,76,154614
9141,0.000198,172.31.40.0-255,66,16886,76,154614
9142,0.000206,74.125.24.0-255,5738,22624,76,154614
9143,0.000208,172.31.40.0-255,66,22690,76,154614
9144,0.000216,74.125.24.0-255,6797,29487,76,154614
9145,0.000219,172.31.40.0-255,66,29553,76,154614
9146,0.000249,172.31.40.0-255,66,29619,76,154614
9147,0.000253,74.125.24.0-255,2815,32434,76,154614
9148,0.000254,172.31.40.0-255,66,32500,76,154614
9149,0.00032,74.125.24.0-255,385,32885,76,154614
9150,0.000323,172.31.40.0-255,66,32951,76,154614
9151,0.00043,74.125.24.0-255,1484,34435,76,154614
9152,0.000434,172.31.40.0-255,66,34501,76,154614
9153,0.000438,74.125.24.0-255,2902,37403,76,154614
9154,0.00044,172.31.40.0-255,66,37469,76,154614
9155,0.000446,74.125.24.0-255,5738,43207,76,154614
9156,0.000448,172.31.40.0-255,66,43273,76,154614
9157,0.000478,172.31.40.0-255,66,43339,76,154614
9158,0.000492,74.125.24.0-255,5379,48718,76,154614
9159,0.000494,172.31.40.0-255,66,48784,76,154614
9160,0.00051,74.125.24.0-255,1484,50268,76,154614
9161,0.000537,172.31.40.0-255,66,50334,76,154614
9162,0.00077,74.125.24.0-255,1484,51818,76,154614
9163,0.000786,74.125.24.0-255,1484,53302,76,154614
9164,0.00079,172.31.40.0-255,66,53368,76,154614
9165,0.000804,74.125.24.0-255,1484,54852,76,154614
9166,0.000809,74.125.24.0-255,5738,60590,76,154614
9167,0.000811,172.31.40.0-255,66,60656,76,154614
9168,0.000844,74.125.24.0-255,7156,67812,76,154614
9169,0.000847,172.31.40.0-255,66,67878,76,154614
9170,0.000868,74.125.24.0-255,5738,73616,76,154614
9171,0.000871,172.31.40.0-255,66,73682,76,154614
9172,0.000882,172.31.40.0-255,66,73748,76,154614
9173,0.000904,74.125.24.0-255,1484,75232,76,154614
9174,0.000916,74.125.24.0-255,2902,78134,76,154614
9175,0.000918,172.31.40.0-255,66,78200,76,154614
9176,0.000947,74.125.24.0-255,5738,83938,76,154614
9177,0.000949,172.31.40.0-255,66,84004,76,154614
9178,0.000953,74.125.24.0-255,2902,86906,76,154614
9179,0.000955,172.31.40.0-255,66,86972,76,154614
9180,0.000987,172.31.40.0-255,66,87038,76,154614
9181,0.000998,172.31.40.0-255,66,87104,76,154614
9182,0.001035,172.31.40.0-255,66,87170,76,154614
9183,0.001038,172.31.40.0-255,66,87236,76,154614
9184,0.001051,74.125.24.0-255,5738,92974,76,154614
9185,0.001053,172.31.40.0-255,66,93040,76,154614
9186,0.001062,172.31.40.0-255,66,93106,76,154614
9187,0.001095,74.125.24.0-255,7156,100262,76,154614
9188,0.001098,172.31.40.0-255,66,100328,76,154614
9189,0.001127,74.125.24.0-255,4320,104648,76,154614
9190,0.00113,172.31.40.0-255,66,104714,76,154614
9191,0.001142,172.31.40.0-255,66,104780,76,154614
9192,0.001152,172.31.40.0-255,66,104846,76,154614
9193,0.001174,74.125.24.0-255,5738,110584,76,154614
9194,0.001177,172.31.40.0-255,66,110650,76,154614
9195,0.001209,74.125.24.0-255,4320,114970,76,154614
9196,0.001212,172.31.40.0-255,66,115036,76,154614
9197,0.00122,74.125.24.0-255,7156,122192,76,154614
9198,0.001222,172.31.40.0-255,66,122258,76,154614
9199,0.001267,172.31.40.0-255,66,122324,76,154614
9200,0.001281,172.31.40.0-255,66,122390,76,154614
9201,0.001313,74.125.24.0-255,4320,126710,76,154614
9202,0.001315,172.31.40.0-255,66,126776,76,154614
9203,0.001352,172.31.40.0-255,66,126842,76,154614
9204,0.001372,172.31.40.0-255,66,126908,76,154614
9205,0.001384,172.31.40.0-255,66,126974,76,154614
9206,0.001448,172.31.40.0-255,66,127040,76,154614
9207,0.001458,172.31.40.0-255,66,127106,76,154614
9208,0.001476,74.125.24.0-255,2184,129290,76,154614
9209,0.001498,172.31.40.0-255,66,129356,76,154614
9210,0.001517,74.125.24.0-255,1484,130840,76,154614
9211,0.001522,74.125.24.0-255,2902,133742,76,154614
9212,0.001536,172.31.40.0-255,66,133808,76,154614
9213,0.001548,74.125.24.0-255,5738,139546,76,154614
9214,0.001569,74.125.24.0-255,7156,146702,76,154614
9215,0.001586,74.125.24.0-255,5738,152440,76,154614
9216,0.001596,172.31.40.0-255,66,152506,76,154614
9217,0.001633,172.31.40.0-255,66,152572,76,154614
9218,0.00166,74.125.24.0-255,1634,154206,76,154614
9219,0.001676,172.31.40.0-255,66,154272,76,154614
9220,0.001704,74.125.24.0-255,105,154377,76,154614
9221,0.009176,172.31.40.0-255,66,154443,76,154614
9222,0.009217,172.31.40.0-255,105,154548,76,154614
9223,0.011768,74.125.24.0-255,66,154614,76,154614
9224,0.0,172.217.194.0-255,153,153,76,184653
9225,2.2e-05,172.31.40.0-255,66,219,76,184653
9226,2.9e-05,172.217.194.0-255,1484,1703,76,184653
9227,3.4e-05,172.31.40.0-255,66,1769,76,184653
9228,4e-05,172.217.194.0-255,2902,4671,76,184653
9229,4.2e-05,172.31.40.0-255,66,4737,76,184653
9230,4.8e-05,172.217.194.0-255,4320,9057,76,184653
9231,5e-05,172.31.40.0-255,66,9123,76,184653
9232,9.7e-05,172.31.40.0-255,66,9189,76,184653
9233,0.000108,172.31.40.0-255,66,9255,76,184653
9234,0.00024,172.217.194.0-255,4320,13575,76,184653
9235,0.000244,172.31.40.0-255,66,13641,76,184653
9236,0.000273,172.31.40.0-255,66,13707,76,184653
9237,0.000289,172.217.194.0-255,2543,16250,76,184653
9238,0.000292,172.31.40.0-255,66,16316,76,184653
9239,0.000727,172.217.194.0-255,1484,17800,76,184653
9240,0.000733,172.31.40.0-255,66,17866,76,184653
9241,0.000738,172.217.194.0-255,2902,20768,76,184653
9242,0.00074,172.31.40.0-255,66,20834,76,184653
9243,0.000746,172.217.194.0-255,5738,26572,76,184653
9244,0.000748,172.31.40.0-255,66,26638,76,184653
9245,0.000764,172.217.194.0-255,1484,28122,76,184653
9246,0.000767,172.31.40.0-255,66,28188,76,184653
9247,0.000795,172.217.194.0-255,5959,34147,76,184653
9248,0.000798,172.31.40.0-255,66,34213,76,184653
9249,0.000844,172.217.194.0-255,1484,35697,76,184653
9250,0.000847,172.31.40.0-255,66,35763,76,184653
9251,0.000871,172.217.194.0-255,7156,42919,76,184653
9252,0.000874,172.31.40.0-255,66,42985,76,184653
9253,0.000888,172.217.194.0-255,4320,47305,76,184653
9254,0.000902,172.31.40.0-255,66,47371,76,184653
9255,0.000907,172.217.194.0-255,2902,50273,76,184653
9256,0.000912,172.31.40.0-255,66,50339,76,184653
9257,0.00092,172.217.194.0-255,2902,53241,76,184653
9258,0.000936,172.217.194.0-255,5379,58620,76,184653
9259,0.000948,172.31.40.0-255,66,58686,76,184653
9260,0.001194,172.217.194.0-255,1484,60170,76,184653
9261,0.001219,172.217.194.0-255,2902,63072,76,184653
9262,0.001222,172.31.40.0-255,66,63138,76,184653
9263,0.001229,172.217.194.0-255,5738,68876,76,184653
9264,0.001235,172.217.194.0-255,4320,73196,76,184653
9265,0.001247,172.217.194.0-255,2902,76098,76,184653
9266,0.001252,172.31.40.0-255,66,76164,76,184653
9267,0.001286,172.31.40.0-255,66,76230,76,184653
9268,0.001294,172.217.194.0-255,1484,77714,76,184653
9269,0.001297,172.217.194.0-255,1635,79349,76,184653
9270,0.001303,172.31.40.0-255,66,79415,76,184653
9271,0.00133,172.217.194.0-255,5738,85153,76,184653
9272,0.001342,172.31.40.0-255,66,85219,76,184653
9273,0.001348,172.217.194.0-255,5738,90957,76,184653
9274,0.001355,172.217.194.0-255,5738,96695,76,184653
9275,0.00136,172.31.40.0-255,66,96761,76,184653
9276,0.001382,172.217.194.0-255,7156,103917,76,184653
9277,0.0014,172.31.40.0-255,66,103983,76,184653
9278,0.001408,172.217.194.0-255,766,104749,76,184653
9279,0.00182,172.217.194.0-255,1484,106233,76,184653
9280,0.001825,172.31.40.0-255,66,106299,76,184653
9281,0.001831,172.217.194.0-255,2902,109201,76,184653
9282,0.001845,172.217.194.0-255,2902,112103,76,184653
9283,0.001859,172.217.194.0-255,2902,115005,76,184653
9284,0.001866,172.217.194.0-255,5738,120743,76,184653
9285,0.001874,172.31.40.0-255,66,120809,76,184653
9286,0.00189,172.217.194.0-255,7156,127965,76,184653
9287,0.001949,172.31.40.0-255,66,128031,76,184653
9288,0.002002,172.217.194.0-255,1484,129515,76,184653
9289,0.002021,172.217.194.0-255,2902,132417,76,184653
9290,0.00204,172.217.194.0-255,5738,138155,76,184653
9291,0.002047,172.217.194.0-255,5738,143893,76,184653
9292,0.002051,172.31.40.0-255,66,143959,76,184653
9293,0.004069,172.217.194.0-255,5738,149697,76,184653
9294,0.004076,172.31.40.0-255,66,149763,76,184653
9295,0.006107,172.217.194.0-255,1484,151247,76,184653
9296,0.006125,172.217.194.0-255,4320,155567,76,184653
9297,0.008772,172.31.40.0-255,66,155633,76,184653
9298,0.010775,172.217.194.0-255,5738,161371,76,184653
9299,0.010783,172.31.40.0-255,66,161437,76,184653
9300,0.01279,172.217.194.0-255,5738,167175,76,184653
9301,0.013642,172.31.40.0-255,66,167241,76,184653
9302,0.015663,172.217.194.0-255,5738,172979,76,184653
9303,0.01567,172.31.40.0-255,66,173045,76,184653
9304,0.017635,172.217.194.0-255,5738,178783,76,184653
9305,0.017641,172.31.40.0-255,66,178849,76,184653
9306,0.019688,172.217.194.0-255,5738,184587,76,184653
9307,0.019695,172.31.40.0-255,66,184653,76,184653
9308,0.0,74.125.68.0-255,146,146,76,275316
9309,1.5e-05,172.31.40.0-255,66,212,76,275316
9310,4.3e-05,74.125.68.0-255,1484,1696,76,275316
9311,4.7e-05,172.31.40.0-255,66,1762,76,275316
9312,5.1e-05,74.125.68.0-255,1484,3246,76,275316
9313,5.3e-05,172.31.40.0-255,66,3312,76,275316
9314,7.6e-05,74.125.68.0-255,1484,4796,76,275316
9315,7.9e-05,172.31.40.0-255,66,4862,76,275316
9316,8.8e-05,74.125.68.0-255,2902,7764,76,275316
9317,9.1e-05,172.31.40.0-255,66,7830,76,275316
9318,9.4e-05,74.125.68.0-255,1484,9314,76,275316
9319,9.6e-05,172.31.40.0-255,66,9380,76,275316
9320,0.000125,74.125.68.0-255,2902,12282,76,275316
9321,0.000127,172.31.40.0-255,66,12348,76,275316
9322,0.000134,74.125.68.0-255,1484,13832,76,275316
9323,0.000137,172.31.40.0-255,66,13898,76,275316
9324,0.000168,74.125.68.0-255,620,14518,76,275316
9325,0.000171,172.31.40.0-255,66,14584,76,275316
9326,0.000189,74.125.68.0-255,1484,16068,76,275316
9327,0.000192,172.31.40.0-255,66,16134,76,275316
9328,0.000195,74.125.68.0-255,1484,17618,76,275316
9329,0.000197,172.31.40.0-255,66,17684,76,275316
9330,0.000231,74.125.68.0-255,2902,20586,76,275316
9331,0.000235,74.125.68.0-255,2902,23488,76,275316
9332,0.000241,74.125.68.0-255,4320,27808,76,275316
9333,0.000245,172.31.40.0-255,66,27874,76,275316
9334,0.000248,172.31.40.0-255,66,27940,76,275316
9335,0.000255,172.31.40.0-255,66,28006,76,275316
9336,0.000281,74.125.68.0-255,3961,31967,76,275316
9337,0.000284,172.31.40.0-255,66,32033,76,275316
9338,0.000484,74.125.68.0-255,1484,33517,76,275316
9339,0.00049,172.31.40.0-255,66,33583,76,275316
9340,0.000496,74.125.68.0-255,2902,36485,76,275316
9341,0.000499,172.31.40.0-255,66,36551,76,275316
9342,0.000528,74.125.68.0-255,5738,42289,76,275316
9343,0.000531,172.31.40.0-255,66,42355,76,275316
9344,0.000537,74.125.68.0-255,4320,46675,76,275316
9345,0.000539,172.31.40.0-255,66,46741,76,275316
9346,0.000543,74.125.68.0-255,1484,48225,76,275316
9347,0.00058,74.125.68.0-255,3961,52186,76,275316
9348,0.000584,172.31.40.0-255,66,52252,76,275316
9349,0.000591,74.125.68.0-255,5738,57990,76,275316
9350,0.000593,172.31.40.0-255,66,58056,76,275316
9351,0.000605,74.125.68.0-255,7156,65212,76,275316
9352,0.000608,172.31.40.0-255,66,65278,76,275316
9353,0.000611,74.125.68.0-255,1125,66403,76,275316
9354,0.001124,172.31.40.0-255,66,66469,76,275316
9355,0.001654,74.125.68.0-255,647,67116,76,275316
9356,0.001815,74.125.68.0-255,1484,68600,76,275316
9357,0.001822,172.31.40.0-255,66,68666,76,275316
9358,0.001829,74.125.68.0-255,2902,71568,76,275316
9359,0.001831,172.31.40.0-255,66,71634,76,275316
9360,0.001836,74.125.68.0-255,2902,74536,76,275316
9361,0.001842,172.31.40.0-255,66,74602,76,275316
9362,0.001872,74.125.68.0-255,4320,78922,76,275316
9363,0.001874,172.31.40.0-255,66,78988,76,275316
9364,0.001885,74.125.68.0-255,5738,84726,76,275316
9365,0.001888,172.31.40.0-255,66,84792,76,275316
9366,0.001926,74.125.68.0-255,2902,87694,76,275316
9367,0.001929,172.31.40.0-255,66,87760,76,275316
9368,0.001934,74.125.68.0-255,4320,92080,76,275316
9369,0.001936,172.31.40.0-255,66,92146,76,275316
9370,0.00194,74.125.68.0-255,2902,95048,76,275316
9371,0.001942,172.31.40.0-255,66,95114,76,275316
9372,0.001981,74.125.68.0-255,6438,101552,76,275316
9373,0.001983,172.31.40.0-255,66,101618,76,275316
9374,0.002867,74.125.68.0-255,1484,103102,76,275316
9375,0.002875,74.125.68.0-255,2902,106004,76,275316
9376,0.002879,172.31.40.0-255,66,106070,76,275316
9377,0.002887,74.125.68.0-255,5738,111808,76,275316
9378,0.002889,172.31.40.0-255,66,111874,76,275316
9379,0.002895,74.125.68.0-255,4320,116194,76,275316
9380,0.002902,172.31.40.0-255,66,116260,76,275316
9381,0.002907,74.125.68.0-255,2902,119162,76,275316
9382,0.002909,172.31.40.0-255,66,119228,76,275316
9383,0.002942,74.125.68.0-255,2902,122130,76,275316
9384,0.002944,172.31.40.0-255,66,122196,76,275316
9385,0.002954,172.31.40.0-255,66,122262,76,275316
9386,0.002975,74.125.68.0-255,2902,125164,76,275316
9387,0.002977,172.31.40.0-255,66,125230,76,275316
9388,0.002986,74.125.68.0-255,2184,127414,76,275316
9389,0.002989,172.31.40.0-255,66,127480,76,275316
9390,0.003162,74.125.68.0-255,1484,128964,76,275316
9391,0.003167,74.125.68.0-255,1484,130448,76,275316
9392,0.00317,172.31.40.0-255,66,130514,76,275316
9393,0.003197,74.125.68.0-255,1484,131998,76,275316
9394,0.003205,74.125.68.0-255,5738,137736,76,275316
9395,0.003207,172.31.40.0-255,66,137802,76,275316
9396,0.003211,74.125.68.0-255,2902,140704,76,275316
9397,0.003213,172.31.40.0-255,66,140770,76,275316
9398,0.003275,172.31.40.0-255,66,140836,76,275316
9399,0.003278,172.31.40.0-255,66,140902,76,275316
9400,0.003311,172.31.40.0-255,66,140968,76,275316
9401,0.003334,74.125.68.0-255,2902,143870,76,275316
9402,0.003337,172.31.40.0-255,66,143936,76,275316
9403,0.003347,74.125.68.0-255,4320,148256,76,275316
9404,0.003349,172.31.40.0-255,66,148322,76,275316
9405,0.003354,74.125.68.0-255,4320,152642,76,275316
9406,0.003356,172.31.40.0-255,66,152708,76,275316
9407,0.003403,172.31.40.0-255,66,152774,76,275316
9408,0.003405,74.125.68.0-255,766,153540,76,275316
9409,0.003576,74.125.68.0-255,1484,155024,76,275316
9410,0.003582,74.125.68.0-255,2902,157926,76,275316
9411,0.003592,172.31.40.0-255,66,157992,76,275316
9412,0.003595,172.31.40.0-255,66,158058,76,275316
9413,0.003601,74.125.68.0-255,2902,160960,76,275316
9414,0.003603,172.31.40.0-255,66,161026,76,275316
9415,0.003636,74.125.68.0-255,2902,163928,76,275316
9416,0.003639,172.31.40.0-255,66,163994,76,275316
9417,0.003644,74.125.68.0-255,4320,168314,76,275316
9418,0.00365,172.31.40.0-255,66,168380,76,275316
9419,0.003657,74.125.68.0-255,5738,174118,76,275316
9420,0.003659,172.31.40.0-255,66,174184,76,275316
9421,0.003665,74.125.68.0-255,5738,179922,76,275316
9422,0.003668,172.31.40.0-255,66,179988,76,275316
9423,0.003711,74.125.68.0-255,5738,185726,76,275316
9424,0.003714,172.31.40.0-255,66,185792,76,275316
9425,0.003718,74.125.68.0-255,2184,187976,76,275316
9426,0.00372,172.31.40.0-255,66,188042,76,275316
9427,0.003788,74.125.68.0-255,1484,189526,76,275316
9428,0.003803,74.125.68.0-255,2902,192428,76,275316
9429,0.003806,172.31.40.0-255,66,192494,76,275316
9430,0.003841,74.125.68.0-255,5738,198232,76,275316
9431,0.003845,172.31.40.0-255,66,198298,76,275316
9432,0.003854,74.125.68.0-255,2902,201200,76,275316
9433,0.003856,172.31.40.0-255,66,201266,76,275316
9434,0.003864,74.125.68.0-255,1484,202750,76,275316
9435,0.003867,74.125.68.0-255,1484,204234,76,275316
9436,0.003869,172.31.40.0-255,66,204300,76,275316
9437,0.003912,172.31.40.0-255,66,204366,76,275316
9438,0.003915,74.125.68.0-255,1484,205850,76,275316
9439,0.003918,74.125.68.0-255,1484,207334,76,275316
9440,0.00392,172.31.40.0-255,66,207400,76,275316
9441,0.003923,74.125.68.0-255,766,208166,76,275316
9442,0.003926,74.125.68.0-255,1484,209650,76,275316
9443,0.003928,172.31.40.0-255,66,209716,76,275316
9444,0.003954,74.125.68.0-255,2902,212618,76,275316
9445,0.003957,172.31.40.0-255,66,212684,76,275316
9446,0.003964,74.125.68.0-255,1484,214168,76,275316
9447,0.003967,74.125.68.0-255,1484,215652,76,275316
9448,0.003969,172.31.40.0-255,66,215718,76,275316
9449,0.003971,74.125.68.0-255,1484,217202,76,275316
9450,0.004018,172.31.40.0-255,66,217268,76,275316
9451,0.004021,74.125.68.0-255,1484,218752,76,275316
9452,0.004032,172.31.40.0-255,66,218818,76,275316
9453,0.004054,74.125.68.0-255,2902,221720,76,275316
9454,0.004056,172.31.40.0-255,66,221786,76,275316
9455,0.004061,74.125.68.0-255,3602,225388,76,275316
9456,0.004064,172.31.40.0-255,66,225454,76,275316
9457,0.004098,172.31.40.0-255,66,225520,76,275316
9458,0.0041,74.125.68.0-255,1484,227004,76,275316
9459,0.004129,172.31.40.0-255,66,227070,76,275316
9460,0.004189,172.31.40.0-255,66,227136,76,275316
9461,0.004195,74.125.68.0-255,5020,232156,76,275316
9462,0.004197,172.31.40.0-255,66,232222,76,275316
9463,0.004242,74.125.68.0-255,1484,233706,76,275316
9464,0.004246,74.125.68.0-255,1484,235190,76,275316
9465,0.004248,172.31.40.0-255,66,235256,76,275316
9466,0.004271,74.125.68.0-255,1484,236740,76,275316
9467,0.004278,74.125.68.0-255,5738,242478,76,275316
9468,0.00428,172.31.40.0-255,66,242544,76,275316
9469,0.004287,74.125.68.0-255,4320,246864,76,275316
9470,0.004289,172.31.40.0-255,66,246930,76,275316
9471,0.004292,74.125.68.0-255,1484,248414,76,275316
9472,0.004323,74.125.68.0-255,4320,252734,76,275316
9473,0.004327,172.31.40.0-255,66,252800,76,275316
9474,0.004332,74.125.68.0-255,2902,255702,76,275316
9475,0.004333,172.31.40.0-255,66,255768,76,275316
9476,0.004376,172.31.40.0-255,66,255834,76,275316
9477,0.00438,74.125.68.0-255,2184,258018,76,275316
9478,0.004383,172.31.40.0-255,66,258084,76,275316
9479,0.004385,74.125.68.0-255,1484,259568,76,275316
9480,0.00441,172.31.40.0-255,66,259634,76,275316
9481,0.004431,74.125.68.0-255,5738,265372,76,275316
9482,0.004434,172.31.40.0-255,66,265438,76,275316
9483,0.004446,172.31.40.0-255,66,265504,76,275316
9484,0.00447,74.125.68.0-255,7156,272660,76,275316
9485,0.004477,172.31.40.0-255,66,272726,76,275316
9486,0.00448,74.125.68.0-255,766,273492,76,275316
9487,0.004498,74.125.68.0-255,1416,274908,76,275316
9488,0.004501,172.31.40.0-255,66,274974,76,275316
9489,0.004524,74.125.68.0-255,105,275079,76,275316
9490,0.008339,172.31.40.0-255,66,275145,76,275316
9491,0.008376,172.31.40.0-255,105,275250,76,275316
9492,0.010346,74.125.68.0-255,66,275316,76,275316
9493,0.0,172.217.194.0-255,150,150,76,191362
9494,2.4e-05,172.31.40.0-255,66,216,76,191362
9495,3.1e-05,172.217.194.0-255,1484,1700,76,191362
9496,3.6e-05,172.31.40.0-255,66,1766,76,191362
9497,4.1e-05,172.217.194.0-255,2902,4668,76,191362
9498,4.4e-05,172.31.40.0-255,66,4734,76,191362
9499,5.2e-05,172.217.194.0-255,7156,11890,76,191362
9500,5.4e-05,172.31.40.0-255,66,11956,76,191362
9501,5.9e-05,172.217.194.0-255,2030,13986,76,191362
9502,6.3e-05,172.31.40.0-255,66,14052,76,191362
9503,9.7e-05,172.217.194.0-255,2902,16954,76,191362
9504,0.0001,172.31.40.0-255,66,17020,76,191362
9505,0.000104,172.217.194.0-255,2902,19922,76,191362
9506,0.000106,172.31.40.0-255,66,19988,76,191362
9507,0.000124,172.217.194.0-255,7156,27144,76,191362
9508,0.000126,172.31.40.0-255,66,27210,76,191362
9509,0.000152,172.217.194.0-255,3961,31171,76,191362
9510,0.000154,172.31.40.0-255,66,31237,76,191362
9511,0.00021,172.217.194.0-255,1484,32721,76,191362
9512,0.000212,172.31.40.0-255,66,32787,76,191362
9513,0.000216,172.217.194.0-255,1484,34271,76,191362
9514,0.000218,172.31.40.0-255,66,34337,76,191362
9515,0.000232,172.217.194.0-255,1484,35821,76,191362
9516,0.000235,172.31.40.0-255,66,35887,76,191362
9517,0.000241,172.217.194.0-255,5738,41625,76,191362
9518,0.000244,172.31.40.0-255,66,41691,76,191362
9519,0.00027,172.31.40.0-255,66,41757,76,191362
9520,0.000273,172.217.194.0-255,1484,43241,76,191362
9521,0.000275,172.31.40.0-255,66,43307,76,191362
9522,0.000319,172.31.40.0-255,66,43373,76,191362
9523,0.000335,172.217.194.0-255,118,43491,76,191362
9524,0.000378,172.217.194.0-255,381,43872,76,191362
9525,0.000633,172.217.194.0-255,1484,45356,76,191362
9526,0.000638,172.31.40.0-255,66,45422,76,191362
9527,0.000645,172.217.194.0-255,2902,48324,76,191362
9528,0.000648,172.31.40.0-255,66,48390,76,191362
9529,0.000684,172.217.194.0-255,5738,54128,76,191362
9530,0.000687,172.31.40.0-255,66,54194,76,191362
9531,0.000694,172.217.194.0-255,7156,61350,76,191362
9532,0.000697,172.31.40.0-255,66,61416,76,191362
9533,0.000727,172.217.194.0-255,5738,67154,76,191362
9534,0.00073,172.31.40.0-255,66,67220,76,191362
9535,0.000736,172.217.194.0-255,4320,71540,76,191362
9536,0.000738,172.31.40.0-255,66,71606,76,191362
9537,0.000759,172.217.194.0-255,6438,78044,76,191362
9538,0.000762,172.31.40.0-255,66,78110,76,191362
9539,0.00097,172.217.194.0-255,1484,79594,76,191362
9540,0.000988,172.217.194.0-255,2902,82496,76,191362
9541,0.000991,172.31.40.0-255,66,82562,76,191362
9542,0.000997,172.217.194.0-255,5738,88300,76,191362
9543,0.000999,172.31.40.0-255,66,88366,76,191362
9544,0.00101,172.217.194.0-255,1484,89850,76,191362
9545,0.001036,172.31.40.0-255,66,89916,76,191362
9546,0.001084,172.31.40.0-255,66,89982,76,191362
9547,0.00112,172.217.194.0-255,2902,92884,76,191362
9548,0.001123,172.31.40.0-255,66,92950,76,191362
9549,0.001129,172.217.194.0-255,4320,97270,76,191362
9550,0.001131,172.31.40.0-255,66,97336,76,191362
9551,0.001208,172.217.194.0-255,4320,101656,76,191362
9552,0.001217,172.31.40.0-255,66,101722,76,191362
9553,0.001231,172.217.194.0-255,1484,103206,76,191362
9554,0.001238,172.217.194.0-255,7156,110362,76,191362
9555,0.001251,172.31.40.0-255,66,110428,76,191362
9556,0.00127,172.217.194.0-255,5020,115448,76,191362
9557,0.001284,172.217.194.0-255,1484,116932,76,191362
9558,0.001292,172.31.40.0-255,66,116998,76,191362
9559,0.001349,172.31.40.0-255,66,117064,76,191362
9560,0.001584,172.217.194.0-255,1484,118548,76,191362
9561,0.001605,172.217.194.0-255,2902,121450,76,191362
9562,0.00161,172.217.194.0-255,2902,124352,76,191362
9563,0.001626,172.217.194.0-255,2902,127254,76,191362
9564,0.001629,172.217.194.0-255,2902,130156,76,191362
9565,0.001643,172.31.40.0-255,66,130222,76,191362
9566,0.00165,172.217.194.0-255,7156,137378,76,191362
9567,0.001655,172.31.40.0-255,66,137444,76,191362
9568,0.001679,172.217.194.0-255,2902,140346,76,191362
9569,0.001686,172.31.40.0-255,66,140412,76,191362
9570,0.001706,172.31.40.0-255,66,140478,76,191362
9571,0.003715,172.217.194.0-255,5738,146216,76,191362
9572,0.003724,172.31.40.0-255,66,146282,76,191362
9573,0.005711,172.217.194.0-255,5738,152020,76,191362
9574,0.005715,172.31.40.0-255,66,152086,76,191362
9575,0.007676,172.217.194.0-255,4320,156406,76,191362
9576,0.007679,172.31.40.0-255,66,156472,76,191362
9577,0.007696,172.217.194.0-255,1484,157956,76,191362
9578,0.009673,172.217.194.0-255,4320,162276,76,191362
9579,0.00968,172.31.40.0-255,66,162342,76,191362
9580,0.011658,172.217.194.0-255,5738,168080,76,191362
9581,0.011666,172.31.40.0-255,66,168146,76,191362
9582,0.013659,172.217.194.0-255,5738,173884,76,191362
9583,0.013667,172.31.40.0-255,66,173950,76,191362
9584,0.015677,172.217.194.0-255,5738,179688,76,191362
9585,0.015685,172.31.40.0-255,66,179754,76,191362
9586,0.017703,172.217.194.0-255,5738,185492,76,191362
9587,0.017711,172.31.40.0-255,66,185558,76,191362
9588,0.019676,172.217.194.0-255,5738,191296,76,191362
9589,0.019683,172.31.40.0-255,66,191362,76,191362
9590,0.0,74.125.130.0-255,153,153,76,194028
9591,1.6e-05,172.31.40.0-255,66,219,76,194028
9592,2.2e-05,74.125.130.0-255,1484,1703,76,194028
9593,2.7e-05,172.31.40.0-255,66,1769,76,194028
9594,3e-05,74.125.130.0-255,1484,3253,76,194028
9595,3.4e-05,172.31.40.0-255,66,3319,76,194028
9596,5.8e-05,74.125.130.0-255,1484,4803,76,194028
9597,6.1e-05,172.31.40.0-255,66,4869,76,194028
9598,6.8e-05,74.125.130.0-255,4320,9189,76,194028
9599,7e-05,172.31.40.0-255,66,9255,76,194028
9600,7.7e-05,74.125.130.0-255,4935,14190,76,194028
9601,7.9e-05,172.31.40.0-255,66,14256,76,194028
9602,0.000158,74.125.130.0-255,1484,15740,76,194028
9603,0.000161,172.31.40.0-255,66,15806,76,194028
9604,0.000166,74.125.130.0-255,2902,18708,76,194028
9605,0.000168,172.31.40.0-255,66,18774,76,194028
9606,0.000195,74.125.130.0-255,5738,24512,76,194028
9607,0.000198,172.31.40.0-255,66,24578,76,194028
9608,0.000204,74.125.130.0-255,4320,28898,76,194028
9609,0.000206,172.31.40.0-255,66,28964,76,194028
9610,0.000223,74.125.130.0-255,2543,31507,76,194028
9611,0.000225,172.31.40.0-255,66,31573,76,194028
9612,0.000365,74.125.130.0-255,1484,33057,76,194028
9613,0.000369,172.31.40.0-255,66,33123,76,194028
9614,0.000375,74.125.130.0-255,2902,36025,76,194028
9615,0.000377,172.31.40.0-255,66,36091,76,194028
9616,0.000384,74.125.130.0-255,5738,41829,76,194028
9617,0.000387,172.31.40.0-255,66,41895,76,194028
9618,0.000421,74.125.130.0-255,6797,48692,76,194028
9619,0.000424,172.31.40.0-255,66,48758,76,194028
9620,0.000448,74.125.130.0-255,1484,50242,76,194028
9621,0.00045,172.31.40.0-255,66,50308,76,194028
9622,0.000455,74.125.130.0-255,2902,53210,76,194028
9623,0.000457,172.31.40.0-255,66,53276,76,194028
9624,0.00047,74.125.130.0-255,1484,54760,76,194028
9625,0.000494,74.125.130.0-255,4320,59080,76,194028
9626,0.000498,172.31.40.0-255,66,59146,76,194028
9627,0.000503,74.125.130.0-255,4320,63466,76,194028
9628,0.000505,172.31.40.0-255,66,63532,76,194028
9629,0.000519,74.125.130.0-255,2543,66075,76,194028
9630,0.000521,172.31.40.0-255,66,66141,76,194028
9631,0.001066,74.125.130.0-255,645,66786,76,194028
9632,0.001472,74.125.130.0-255,1484,68270,76,194028
9633,0.001479,172.31.40.0-255,66,68336,76,194028
9634,0.001486,74.125.130.0-255,2902,71238,76,194028
9635,0.001488,172.31.40.0-255,66,71304,76,194028
9636,0.001496,74.125.130.0-255,5738,77042,76,194028
9637,0.001498,172.31.40.0-255,66,77108,76,194028
9638,0.001536,74.125.130.0-255,4320,81428,76,194028
9639,0.001539,172.31.40.0-255,66,81494,76,194028
9640,0.001557,74.125.130.0-255,2543,84037,76,194028
9641,0.001559,172.31.40.0-255,66,84103,76,194028
9642,0.001574,74.125.130.0-255,1484,85587,76,194028
9643,0.001593,74.125.130.0-255,2902,88489,76,194028
9644,0.001595,172.31.40.0-255,66,88555,76,194028
9645,0.00162,74.125.130.0-255,5738,94293,76,194028
9646,0.001623,172.31.40.0-255,66,94359,76,194028
9647,0.001629,74.125.130.0-255,6797,101156,76,194028
9648,0.001631,172.31.40.0-255,66,101222,76,194028
9649,0.001802,74.125.130.0-255,1484,102706,76,194028
9650,0.001806,74.125.130.0-255,2902,105608,76,194028
9651,0.001809,172.31.40.0-255,66,105674,76,194028
9652,0.001812,74.125.130.0-255,1484,107158,76,194028
9653,0.001829,74.125.130.0-255,1484,108642,76,194028
9654,0.001831,172.31.40.0-255,66,108708,76,194028
9655,0.001836,74.125.130.0-255,4320,113028,76,194028
9656,0.001838,172.31.40.0-255,66,113094,76,194028
9657,0.001841,74.125.130.0-255,1484,114578,76,194028
9658,0.001867,74.125.130.0-255,7156,121734,76,194028
9659,0.00187,172.31.40.0-255,66,121800,76,194028
9660,0.001875,74.125.130.0-255,2902,124702,76,194028
9661,0.001877,172.31.40.0-255,66,124768,76,194028
9662,0.001902,172.31.40.0-255,66,124834,76,194028
9663,0.002006,74.125.130.0-255,1484,126318,76,194028
9664,0.002018,74.125.130.0-255,2902,129220,76,194028
9665,0.002021,172.31.40.0-255,66,129286,76,194028
9666,0.002034,74.125.130.0-255,1484,130770,76,194028
9667,0.002052,74.125.130.0-255,4320,135090,76,194028
9668,0.002055,172.31.40.0-255,66,135156,76,194028
9669,0.002058,74.125.130.0-255,1484,136640,76,194028
9670,0.002084,172.31.40.0-255,66,136706,76,194028
9671,0.00209,74.125.130.0-255,5738,142444,76,194028
9672,0.002093,172.31.40.0-255,66,142510,76,194028
9673,0.002119,74.125.130.0-255,5020,147530,76,194028
9674,0.002122,172.31.40.0-255,66,147596,76,194028
9675,0.004218,74.125.130.0-255,5738,153334,76,194028
9676,0.004222,172.31.40.0-255,66,153400,76,194028
9677,0.006317,74.125.130.0-255,5738,159138,76,194028
9678,0.006321,172.31.40.0-255,66,159204,76,194028
9679,0.008421,74.125.130.0-255,5738,164942,76,194028
9680,0.008428,172.31.40.0-255,66,165008,76,194028
9681,0.010525,74.125.130.0-255,5738,170746,76,194028
9682,0.010532,172.31.40.0-255,66,170812,76,194028
9683,0.01269,74.125.130.0-255,5738,176550,76,194028
9684,0.012699,172.31.40.0-255,66,176616,76,194028
9685,0.014797,74.125.130.0-255,5738,182354,76,194028
9686,0.014805,172.31.40.0-255,66,182420,76,194028
9687,0.016912,74.125.130.0-255,5738,188158,76,194028
9688,0.016921,172.31.40.0-255,66,188224,76,194028
9689,0.019017,74.125.130.0-255,5738,193962,76,194028
9690,0.019025,172.31.40.0-255,66,194028,76,194028
9691,0.0,74.125.24.0-255,219,219,76,244828
9692,2.3e-05,172.31.40.0-255,66,285,76,244828
9693,3e-05,74.125.24.0-255,1484,1769,76,244828
9694,3.5e-05,172.31.40.0-255,66,1835,76,244828
9695,4.1e-05,74.125.24.0-255,2902,4737,76,244828
9696,5.2e-05,172.31.40.0-255,66,4803,76,244828
9697,5.9e-05,74.125.24.0-255,4320,9123,76,244828
9698,6.2e-05,172.31.40.0-255,66,9189,76,244828
9699,9.5e-05,74.125.24.0-255,4730,13919,76,244828
9700,0.000101,172.31.40.0-255,66,13985,76,244828
9701,0.00024,74.125.24.0-255,1484,15469,76,244828
9702,0.000244,172.31.40.0-255,66,15535,76,244828
9703,0.00025,74.125.24.0-255,2902,18437,76,244828
9704,0.000252,172.31.40.0-255,66,18503,76,244828
9705,0.00026,74.125.24.0-255,5738,24241,76,244828
9706,0.000267,172.31.40.0-255,66,24307,76,244828
9707,0.000274,74.125.24.0-255,5738,30045,76,244828
9708,0.000276,172.31.40.0-255,66,30111,76,244828
9709,0.000299,74.125.24.0-255,1125,31236,76,244828
9710,0.000301,172.31.40.0-255,66,31302,76,244828
9711,0.00037,74.125.24.0-255,1484,32786,76,244828
9712,0.000373,172.31.40.0-255,66,32852,76,244828
9713,0.000378,74.125.24.0-255,2902,35754,76,244828
9714,0.00038,172.31.40.0-255,66,35820,76,244828
9715,0.000406,74.125.24.0-255,5738,41558,76,244828
9716,0.00041,172.31.40.0-255,66,41624,76,244828
9717,0.000415,74.125.24.0-255,2902,44526,76,244828
9718,0.000418,172.31.40.0-255,66,44592,76,244828
9719,0.000444,74.125.24.0-255,3961,48553,76,244828
9720,0.000447,172.31.40.0-255,66,48619,76,244828
9721,0.000471,74.125.24.0-255,7156,55775,76,244828
9722,0.000473,172.31.40.0-255,66,55841,76,244828
9723,0.000506,74.125.24.0-255,7156,62997,76,244828
9724,0.00051,172.31.40.0-255,66,63063,76,244828
9725,0.000514,74.125.24.0-255,2816,65879,76,244828
9726,0.000516,172.31.40.0-255,66,65945,76,244828
9727,0.000562,74.125.24.0-255,382,66327,76,244828
9728,0.000704,74.125.24.0-255,1484,67811,76,244828
9729,0.000709,172.31.40.0-255,66,67877,76,244828
9730,0.000715,74.125.24.0-255,2902,70779,76,244828
9731,0.000718,172.31.40.0-255,66,70845,76,244828
9732,0.000741,74.125.24.0-255,5738,76583,76,244828
9733,0.000744,172.31.40.0-255,66,76649,76,244828
9734,0.000767,74.125.24.0-255,1484,78133,76,244828
9735,0.000799,172.31.40.0-255,66,78199,76,244828
9736,0.000804,74.125.24.0-255,2902,81101,76,244828
9737,0.000806,172.31.40.0-255,66,81167,76,244828
9738,0.000843,74.125.24.0-255,7156,88323,76,244828
9739,0.000846,172.31.40.0-255,66,88389,76,244828
9740,0.00085,74.125.24.0-255,2543,90932,76,244828
9741,0.000852,172.31.40.0-255,66,90998,76,244828
9742,0.000883,74.125.24.0-255,2902,93900,76,244828
9743,0.000887,172.31.40.0-255,66,93966,76,244828
9744,0.000891,74.125.24.0-255,2902,96868,76,244828
9745,0.000893,172.31.40.0-255,66,96934,76,244828
9746,0.000915,74.125.24.0-255,2902,99836,76,244828
9747,0.000918,172.31.40.0-255,66,99902,76,244828
9748,0.000924,74.125.24.0-255,4320,104222,76,244828
9749,0.000928,172.31.40.0-255,66,104288,76,244828
9750,0.000953,74.125.24.0-255,5738,110026,76,244828
9751,0.000955,172.31.40.0-255,66,110092,76,244828
9752,0.000969,172.31.40.0-255,66,110158,76,244828
9753,0.001001,74.125.24.0-255,2184,112342,76,244828
9754,0.001003,172.31.40.0-255,66,112408,76,244828
9755,0.001019,74.125.24.0-255,1484,113892,76,244828
9756,0.001041,74.125.24.0-255,1484,115376,76,244828
9757,0.001043,172.31.40.0-255,66,115442,76,244828
9758,0.00105,74.125.24.0-255,5738,121180,76,244828
9759,0.001052,172.31.40.0-255,66,121246,76,244828
9760,0.001086,172.31.40.0-255,66,121312,76,244828
9761,0.001117,74.125.24.0-255,4320,125632,76,244828
9762,0.00112,172.31.40.0-255,66,125698,76,244828
9763,0.001192,172.31.40.0-255,66,125764,76,244828
9764,0.00139,74.125.24.0-255,1484,127248,76,244828
9765,0.001395,74.125.24.0-255,1484,128732,76,244828
9766,0.001398,172.31.40.0-255,66,128798,76,244828
9767,0.001429,74.125.24.0-255,1484,130282,76,244828
9768,0.001437,74.125.24.0-255,5738,136020,76,244828
9769,0.00144,172.31.40.0-255,66,136086,76,244828
9770,0.001448,74.125.24.0-255,7156,143242,76,244828
9771,0.001451,172.31.40.0-255,66,143308,76,244828
9772,0.001485,74.125.24.0-255,5738,149046,76,244828
9773,0.001493,172.31.40.0-255,66,149112,76,244828
9774,0.001505,172.31.40.0-255,66,149178,76,244828
9775,0.001507,74.125.24.0-255,766,149944,76,244828
9776,0.001575,74.125.24.0-255,1484,151428,76,244828
9777,0.001579,172.31.40.0-255,66,151494,76,244828
9778,0.001584,74.125.24.0-255,2902,154396,76,244828
9779,0.001586,172.31.40.0-255,66,154462,76,244828
9780,0.00161,74.125.24.0-255,5738,160200,76,244828
9781,0.001613,172.31.40.0-255,66,160266,76,244828
9782,0.001618,74.125.24.0-255,4320,164586,76,244828
9783,0.001621,172.31.40.0-255,66,164652,76,244828
9784,0.001654,172.31.40.0-255,66,164718,76,244828
9785,0.00168,172.31.40.0-255,66,164784,76,244828
9786,0.001722,172.31.40.0-255,66,164850,76,244828
9787,0.001739,172.31.40.0-255,66,164916,76,244828
9788,0.001819,172.31.40.0-255,66,164982,76,244828
9789,0.001858,74.125.24.0-255,1484,166466,76,244828
9790,0.001873,74.125.24.0-255,2902,169368,76,244828
9791,0.001876,172.31.40.0-255,66,169434,76,244828
9792,0.001879,74.125.24.0-255,1484,170918,76,244828
9793,0.001907,74.125.24.0-255,4320,175238,76,244828
9794,0.001909,172.31.40.0-255,66,175304,76,244828
9795,0.001934,74.125.24.0-255,2902,178206,76,244828
9796,0.001938,172.31.40.0-255,66,178272,76,244828
9797,0.001972,172.31.40.0-255,66,178338,76,244828
9798,0.001983,172.31.40.0-255,66,178404,76,244828
9799,0.001995,172.31.40.0-255,66,178470,76,244828
9800,0.00202,74.125.24.0-255,7156,185626,76,244828
9801,0.002023,172.31.40.0-255,66,185692,76,244828
9802,0.002055,74.125.24.0-255,1484,187176,76,244828
9803,0.002074,172.31.40.0-255,66,187242,76,244828
9804,0.002605,74.125.24.0-255,1484,188726,76,244828
9805,0.002611,74.125.24.0-255,2902,191628,76,244828
9806,0.002615,172.31.40.0-255,66,191694,76,244828
9807,0.002622,74.125.24.0-255,4320,196014,76,244828
9808,0.002624,172.31.40.0-255,66,196080,76,244828
9809,0.002645,74.125.24.0-255,1484,197564,76,244828
9810,0.002651,74.125.24.0-255,5738,203302,76,244828
9811,0.002653,172.31.40.0-255,66,203368,76,244828
9812,0.002661,74.125.24.0-255,1484,204852,76,244828
9813,0.002701,172.31.40.0-255,66,204918,76,244828
9814,0.002707,74.125.24.0-255,5020,209938,76,244828
9815,0.00271,172.31.40.0-255,66,210004,76,244828
9816,0.005402,74.125.24.0-255,5738,215742,76,244828
9817,0.00541,172.31.40.0-255,66,215808,76,244828
9818,0.008104,74.125.24.0-255,5738,221546,76,244828
9819,0.008113,172.31.40.0-255,66,221612,76,244828
9820,0.010827,74.125.24.0-255,5738,227350,76,244828
9821,0.010836,172.31.40.0-255,66,227416,76,244828
9822,0.013537,74.125.24.0-255,5738,233154,76,244828
9823,0.013543,172.31.40.0-255,66,233220,76,244828
9824,0.01627,74.125.24.0-255,5738,238958,76,244828
9825,0.016281,172.31.40.0-255,66,239024,76,244828
9826,0.019056,74.125.24.0-255,5738,244762,76,244828
9827,0.019068,172.31.40.0-255,66,244828,76,244828
9828,0.0,74.125.24.0-255,153,153,76,233935
9829,1.3e-05,172.31.40.0-255,66,219,76,233935
9830,1.8e-05,74.125.24.0-255,1484,1703,76,233935
9831,2.2e-05,172.31.40.0-255,66,1769,76,233935
9832,2.7e-05,74.125.24.0-255,2902,4671,76,233935
9833,3e-05,172.31.40.0-255,66,4737,76,233935
9834,6.2e-05,74.125.24.0-255,7156,11893,76,233935
9835,6.4e-05,172.31.40.0-255,66,11959,76,233935
9836,8.2e-05,74.125.24.0-255,4320,16279,76,233935
9837,8.4e-05,172.31.40.0-255,66,16345,76,233935
9838,0.000112,74.125.24.0-255,6348,22693,76,233935
9839,0.000115,172.31.40.0-255,66,22759,76,233935
9840,0.000117,74.125.24.0-255,1484,24243,76,233935
9841,0.000119,172.31.40.0-255,66,24309,76,233935
9842,0.000135,74.125.24.0-255,6797,31106,76,233935
9843,0.000137,172.31.40.0-255,66,31172,76,233935
9844,0.000185,74.125.24.0-255,1484,32656,76,233935
9845,0.000188,172.31.40.0-255,66,32722,76,233935
9846,0.000192,74.125.24.0-255,2902,35624,76,233935
9847,0.000194,172.31.40.0-255,66,35690,76,233935
9848,0.000207,74.125.24.0-255,2902,38592,76,233935
9849,0.000209,172.31.40.0-255,66,38658,76,233935
9850,0.000227,74.125.24.0-255,2902,41560,76,233935
9851,0.00023,172.31.40.0-255,66,41626,76,233935
9852,0.00024,172.31.40.0-255,66,41692,76,233935
9853,0.000292,172.31.40.0-255,66,41758,76,233935
9854,0.000316,74.125.24.0-255,6732,48490,76,233935
9855,0.000319,172.31.40.0-255,66,48556,76,233935
9856,0.00038,74.125.24.0-255,132,48688,76,233935
9857,0.000383,172.31.40.0-255,66,48754,76,233935
9858,0.000503,74.125.24.0-255,1484,50238,76,233935
9859,0.00051,74.125.24.0-255,2902,53140,76,233935
9860,0.000514,172.31.40.0-255,66,53206,76,233935
9861,0.000518,74.125.24.0-255,2902,56108,76,233935
9862,0.000521,172.31.40.0-255,66,56174,76,233935
9863,0.000533,74.125.24.0-255,2902,59076,76,233935
9864,0.000536,172.31.40.0-255,66,59142,76,233935
9865,0.000569,74.125.24.0-255,1484,60626,76,233935
9866,0.000587,74.125.24.0-255,5081,65707,76,233935
9867,0.000589,172.31.40.0-255,66,65773,76,233935
9868,0.000661,74.125.24.0-255,1484,67257,76,233935
9869,0.000666,74.125.24.0-255,2902,70159,76,233935
9870,0.000668,172.31.40.0-255,66,70225,76,233935
9871,0.000691,74.125.24.0-255,5738,75963,76,233935
9872,0.000694,172.31.40.0-255,66,76029,76,233935
9873,0.000697,74.125.24.0-255,1484,77513,76,233935
9874,0.000717,74.125.24.0-255,7156,84669,76,233935
9875,0.00072,172.31.40.0-255,66,84735,76,233935
9876,0.000741,74.125.24.0-255,4320,89055,76,233935
9877,0.000743,172.31.40.0-255,66,89121,76,233935
9878,0.000754,172.31.40.0-255,66,89187,76,233935
9879,0.001016,74.125.24.0-255,1484,90671,76,233935
9880,0.001021,74.125.24.0-255,2902,93573,76,233935
9881,0.001024,172.31.40.0-255,66,93639,76,233935
9882,0.001027,74.125.24.0-255,1484,95123,76,233935
9883,0.001046,74.125.24.0-255,2902,98025,76,233935
9884,0.001049,74.125.24.0-255,1484,99509,76,233935
9885,0.001052,172.31.40.0-255,66,99575,76,233935
9886,0.001073,74.125.24.0-255,7156,106731,76,233935
9887,0.001076,172.31.40.0-255,66,106797,76,233935
9888,0.001106,74.125.24.0-255,7156,113953,76,233935
9889,0.001109,172.31.40.0-255,66,114019,76,233935
9890,0.001139,172.31.40.0-255,66,114085,76,233935
9891,0.001392,74.125.24.0-255,1484,115569,76,233935
9892,0.001395,74.125.24.0-255,1484,117053,76,233935
9893,0.001398,172.31.40.0-255,66,117119,76,233935
9894,0.001417,74.125.24.0-255,1484,118603,76,233935
9895,0.001423,74.125.24.0-255,5738,124341,76,233935
9896,0.001426,172.31.40.0-255,66,124407,76,233935
9897,0.00145,74.125.24.0-255,2902,127309,76,233935
9898,0.001454,172.31.40.0-255,66,127375,76,233935
9899,0.001462,74.125.24.0-255,4320,131695,76,233935
9900,0.001464,172.31.40.0-255,66,131761,76,233935
9901,0.001481,74.125.24.0-255,5738,137499,76,233935
9902,0.001483,172.31.40.0-255,66,137565,76,233935
9903,0.001506,74.125.24.0-255,5738,143303,76,233935
9904,0.001508,172.31.40.0-255,66,143369,76,233935
9905,0.001521,74.125.24.0-255,5020,148389,76,233935
9906,0.001525,172.31.40.0-255,66,148455,76,233935
9907,0.001597,74.125.24.0-255,1484,149939,76,233935
9908,0.001616,74.125.24.0-255,2902,152841,76,233935
9909,0.001619,172.31.40.0-255,66,152907,76,233935
9910,0.001622,74.125.24.0-255,1484,154391,76,233935
9911,0.001641,74.125.24.0-255,4320,158711,76,233935
9912,0.001644,172.31.40.0-255,66,158777,76,233935
9913,0.001652,74.125.24.0-255,2902,161679,76,233935
9914,0.001653,172.31.40.0-255,66,161745,76,233935
9915,0.001677,74.125.24.0-255,2902,164647,76,233935
9916,0.001679,172.31.40.0-255,66,164713,76,233935
9917,0.001684,74.125.24.0-255,4320,169033,76,233935
9918,0.001686,172.31.40.0-255,66,169099,76,233935
9919,0.001708,172.31.40.0-255,66,169165,76,233935
9920,0.001713,74.125.24.0-255,5020,174185,76,233935
9921,0.001715,172.31.40.0-255,66,174251,76,233935
9922,0.001861,74.125.24.0-255,1484,175735,76,233935
9923,0.00188,74.125.24.0-255,2902,178637,76,233935
9924,0.001883,172.31.40.0-255,66,178703,76,233935
9925,0.001886,74.125.24.0-255,1484,180187,76,233935
9926,0.001912,74.125.24.0-255,4320,184507,76,233935
9927,0.001915,74.125.24.0-255,2902,187409,76,233935
9928,0.001949,172.31.40.0-255,66,187475,76,233935
9929,0.001957,172.31.40.0-255,66,187541,76,233935
9930,0.001969,172.31.40.0-255,66,187607,76,233935
9931,0.001987,172.31.40.0-255,66,187673,76,233935
9932,0.002036,74.125.24.0-255,1484,189157,76,233935
9933,0.00204,74.125.24.0-255,1484,190641,76,233935
9934,0.002043,172.31.40.0-255,66,190707,76,233935
9935,0.00206,74.125.24.0-255,1484,192191,76,233935
9936,0.002084,74.125.24.0-255,5738,197929,76,233935
9937,0.002087,172.31.40.0-255,66,197995,76,233935
9938,0.002092,74.125.24.0-255,2902,200897,76,233935
9939,0.002094,172.31.40.0-255,66,200963,76,233935
9940,0.002135,172.31.40.0-255,66,201029,76,233935
9941,0.002146,172.31.40.0-255,66,201095,76,233935
9942,0.002178,74.125.24.0-255,7156,208251,76,233935
9943,0.002181,172.31.40.0-255,66,208317,76,233935
9944,0.002202,74.125.24.0-255,7156,215473,76,233935
9945,0.002204,172.31.40.0-255,66,215539,76,233935
9946,0.002227,74.125.24.0-255,2184,217723,76,233935
9947,0.00223,172.31.40.0-255,66,217789,76,233935
9948,0.002236,74.125.24.0-255,5738,223527,76,233935
9949,0.002238,172.31.40.0-255,66,223593,76,233935
9950,0.002266,172.31.40.0-255,66,223659,76,233935
9951,0.00227,74.125.24.0-255,2184,225843,76,233935
9952,0.002272,172.31.40.0-255,66,225909,76,233935
9953,0.00228,74.125.24.0-255,7156,233065,76,233935
9954,0.002282,172.31.40.0-255,66,233131,76,233935
9955,0.00233,172.31.40.0-255,66,233197,76,233935
9956,0.002343,172.31.40.0-255,66,233263,76,233935
9957,0.002359,172.31.40.0-255,66,233329,76,233935
9958,0.002393,172.31.40.0-255,66,233395,76,233935
9959,0.002408,172.31.40.0-255,66,233461,76,233935
9960,0.002449,172.31.40.0-255,66,233527,76,233935
9961,0.002461,172.31.40.0-255,66,233593,76,233935
9962,0.004871,74.125.24.0-255,105,233698,76,233935
9963,0.010758,172.31.40.0-255,66,233764,76,233935
9964,0.010802,172.31.40.0-255,105,233869,76,233935
9965,0.013153,74.125.24.0-255,66,233935,76,233935
9966,0.0,74.125.24.0-255,153,153,76,203574
9967,1.9e-05,172.31.40.0-255,66,219,76,203574
9968,2.6e-05,74.125.24.0-255,1484,1703,76,203574
9969,3e-05,172.31.40.0-255,66,1769,76,203574
9970,3.6e-05,74.125.24.0-255,2902,4671,76,203574
9971,3.9e-05,172.31.40.0-255,66,4737,76,203574
9972,5.4e-05,74.125.24.0-255,7156,11893,76,203574
9973,5.8e-05,172.31.40.0-255,66,11959,76,203574
9974,9.1e-05,74.125.24.0-255,2119,14078,76,203574
9975,9.4e-05,172.31.40.0-255,66,14144,76,203574
9976,0.000178,74.125.24.0-255,1484,15628,76,203574
9977,0.000182,172.31.40.0-255,66,15694,76,203574
9978,0.000187,74.125.24.0-255,2902,18596,76,203574
9979,0.00019,172.31.40.0-255,66,18662,76,203574
9980,0.000226,74.125.24.0-255,5738,24400,76,203574
9981,0.000229,172.31.40.0-255,66,24466,76,203574
9982,0.000252,74.125.24.0-255,4320,28786,76,203574
9983,0.000254,172.31.40.0-255,66,28852,76,203574
9984,0.000279,74.125.24.0-255,2543,31395,76,203574
9985,0.000282,172.31.40.0-255,66,31461,76,203574
9986,0.000587,74.125.24.0-255,1484,32945,76,203574
9987,0.000592,172.31.40.0-255,66,33011,76,203574
9988,0.000598,74.125.24.0-255,2902,35913,76,203574
9989,0.0006,172.31.40.0-255,66,35979,76,203574
9990,0.000603,74.125.24.0-255,1484,37463,76,203574
9991,0.000605,172.31.40.0-255,66,37529,76,203574
9992,0.000634,74.125.24.0-255,4320,41849,76,203574
9993,0.000637,172.31.40.0-255,66,41915,76,203574
9994,0.000653,172.31.40.0-255,66,41981,76,203574
9995,0.000656,74.125.24.0-255,1484,43465,76,203574
9996,0.000658,172.31.40.0-255,66,43531,76,203574
9997,0.000708,172.31.40.0-255,66,43597,76,203574
9998,0.000733,74.125.24.0-255,351,43948,76,203574
9999,0.001045,74.125.24.0-255,1484,45432,76,203574
10000,0.001052,172.31.40.0-255,66,45498,76,203574
10001,0.001058,74.125.24.0-255,2902,48400,76,203574
10002,0.00106,172.31.40.0-255,66,48466,76,203574
10003,0.001096,74.125.24.0-255,5738,54204,76,203574
10004,0.001099,172.31.40.0-255,66,54270,76,203574
10005,0.001112,172.31.40.0-255,66,54336,76,203574
10006,0.00115,74.125.24.0-255,4320,58656,76,203574
10007,0.001153,172.31.40.0-255,66,58722,76,203574
10008,0.00119,172.31.40.0-255,66,58788,76,203574
10009,0.001216,74.125.24.0-255,1484,60272,76,203574
10010,0.00122,74.125.24.0-255,1484,61756,76,203574
10011,0.001222,172.31.40.0-255,66,61822,76,203574
10012,0.001236,74.125.24.0-255,1484,63306,76,203574
10013,0.001244,74.125.24.0-255,1484,64790,76,203574
10014,0.001246,172.31.40.0-255,66,64856,76,203574
10015,0.001271,74.125.24.0-255,2902,67758,76,203574
10016,0.001274,172.31.40.0-255,66,67824,76,203574
10017,0.001284,172.31.40.0-255,66,67890,76,203574
10018,0.00129,74.125.24.0-255,4320,72210,76,203574
10019,0.001292,172.31.40.0-255,66,72276,76,203574
10020,0.001333,172.31.40.0-255,66,72342,76,203574
10021,0.001337,74.125.24.0-255,2184,74526,76,203574
10022,0.00134,172.31.40.0-255,66,74592,76,203574
10023,0.001724,74.125.24.0-255,1484,76076,76,203574
10024,0.001733,74.125.24.0-255,2902,78978,76,203574
10025,0.001738,172.31.40.0-255,66,79044,76,203574
10026,0.001745,74.125.24.0-255,5738,84782,76,203574
10027,0.001747,172.31.40.0-255,66,84848,76,203574
10028,0.001771,74.125.24.0-255,5738,90586,76,203574
10029,0.001774,172.31.40.0-255,66,90652,76,203574
10030,0.001807,74.125.24.0-255,7156,97808,76,203574
10031,0.00181,172.31.40.0-255,66,97874,76,203574
10032,0.001822,172.31.40.0-255,66,97940,76,203574
10033,0.001918,74.125.24.0-255,1484,99424,76,203574
10034,0.001934,74.125.24.0-255,2902,102326,76,203574
10035,0.001936,172.31.40.0-255,66,102392,76,203574
10036,0.001965,74.125.24.0-255,5738,108130,76,203574
10037,0.001968,172.31.40.0-255,66,108196,76,203574
10038,0.001972,74.125.24.0-255,2902,111098,76,203574
10039,0.001975,172.31.40.0-255,66,111164,76,203574
10040,0.001999,74.125.24.0-255,2902,114066,76,203574
10041,0.002002,172.31.40.0-255,66,114132,76,203574
10042,0.002009,74.125.24.0-255,7156,121288,76,203574
10043,0.002012,172.31.40.0-255,66,121354,76,203574
10044,0.002051,74.125.24.0-255,5738,127092,76,203574
10045,0.002054,172.31.40.0-255,66,127158,76,203574
10046,0.002059,74.125.24.0-255,5020,132178,76,203574
10047,0.002061,172.31.40.0-255,66,132244,76,203574
10048,0.002161,74.125.24.0-255,1484,133728,76,203574
10049,0.002165,74.125.24.0-255,1484,135212,76,203574
10050,0.002167,172.31.40.0-255,66,135278,76,203574
10051,0.002195,74.125.24.0-255,1484,136762,76,203574
10052,0.002203,74.125.24.0-255,5738,142500,76,203574
10053,0.002205,172.31.40.0-255,66,142566,76,203574
10054,0.002249,74.125.24.0-255,4320,146886,76,203574
10055,0.002251,172.31.40.0-255,66,146952,76,203574
10056,0.002279,74.125.24.0-255,7156,154108,76,203574
10057,0.002282,172.31.40.0-255,66,154174,76,203574
10058,0.002285,74.125.24.0-255,2902,157076,76,203574
10059,0.002287,172.31.40.0-255,66,157142,76,203574
10060,0.004473,74.125.24.0-255,5738,162880,76,203574
10061,0.00448,172.31.40.0-255,66,162946,76,203574
10062,0.006695,74.125.24.0-255,5738,168684,76,203574
10063,0.006702,172.31.40.0-255,66,168750,76,203574
10064,0.008888,74.125.24.0-255,5738,174488,76,203574
10065,0.008896,172.31.40.0-255,66,174554,76,203574
10066,0.011086,74.125.24.0-255,5738,180292,76,203574
10067,0.011094,172.31.40.0-255,66,180358,76,203574
10068,0.013307,74.125.24.0-255,5738,186096,76,203574
10069,0.013318,172.31.40.0-255,66,186162,76,203574
10070,0.015519,74.125.24.0-255,5738,191900,76,203574
10071,0.015528,172.31.40.0-255,66,191966,76,203574
10072,0.017737,74.125.24.0-255,5738,197704,76,203574
10073,0.017745,172.31.40.0-255,66,197770,76,203574
10074,0.019933,74.125.24.0-255,5738,203508,76,203574
10075,0.019942,172.31.40.0-255,66,203574,76,203574
10076,0.0,172.217.194.0-255,150,150,76,182988
10077,1.5e-05,172.31.40.0-255,66,216,76,182988
10078,2.2e-05,172.217.194.0-255,1484,1700,76,182988
10079,2.6e-05,172.31.40.0-255,66,1766,76,182988
10080,3.2e-05,172.217.194.0-255,2902,4668,76,182988
10081,3.6e-05,172.31.40.0-255,66,4734,76,182988
10082,6.4e-05,172.217.194.0-255,7156,11890,76,182988
10083,6.7e-05,172.31.40.0-255,66,11956,76,182988
10084,7.1e-05,172.217.194.0-255,2055,14011,76,182988
10085,7.3e-05,172.31.40.0-255,66,14077,76,182988
10086,0.000117,172.217.194.0-255,4320,18397,76,182988
10087,0.000121,172.31.40.0-255,66,18463,76,182988
10088,0.000144,172.217.194.0-255,7156,25619,76,182988
10089,0.000147,172.31.40.0-255,66,25685,76,182988
10090,0.000162,172.217.194.0-255,2902,28587,76,182988
10091,0.000165,172.31.40.0-255,66,28653,76,182988
10092,0.000194,172.217.194.0-255,3961,32614,76,182988
10093,0.000197,172.31.40.0-255,66,32680,76,182988
10094,0.000205,172.217.194.0-255,7156,39836,76,182988
10095,0.000208,172.31.40.0-255,66,39902,76,182988
10096,0.00021,172.217.194.0-255,1484,41386,76,182988
10097,0.000212,172.31.40.0-255,66,41452,76,182988
10098,0.000245,172.217.194.0-255,6797,48249,76,182988
10099,0.000248,172.31.40.0-255,66,48315,76,182988
10100,0.000256,172.217.194.0-255,7156,55471,76,182988
10101,0.000259,172.31.40.0-255,66,55537,76,182988
10102,0.000284,172.217.194.0-255,1484,57021,76,182988
10103,0.000287,172.31.40.0-255,66,57087,76,182988
10104,0.000299,172.31.40.0-255,66,57153,76,182988
10105,0.000301,172.217.194.0-255,396,57549,76,182988
10106,0.000304,172.31.40.0-255,66,57615,76,182988
10107,0.000432,172.217.194.0-255,1484,59099,76,182988
10108,0.000439,172.217.194.0-255,2902,62001,76,182988
10109,0.000443,172.31.40.0-255,66,62067,76,182988
10110,0.000463,172.217.194.0-255,5738,67805,76,182988
10111,0.000466,172.31.40.0-255,66,67871,76,182988
10112,0.000471,172.217.194.0-255,4320,72191,76,182988
10113,0.000473,172.31.40.0-255,66,72257,76,182988
10114,0.000526,172.31.40.0-255,66,72323,76,182988
10115,0.000542,172.217.194.0-255,1125,73448,76,182988
10116,0.00055,172.217.194.0-255,6797,80245,76,182988
10117,0.000553,172.31.40.0-255,66,80311,76,182988
10118,0.000881,172.217.194.0-255,1484,81795,76,182988
10119,0.000889,172.217.194.0-255,2902,84697,76,182988
10120,0.000894,172.31.40.0-255,66,84763,76,182988
10121,0.000902,172.217.194.0-255,5738,90501,76,182988
10122,0.000905,172.31.40.0-255,66,90567,76,182988
10123,0.000934,172.217.194.0-255,4320,94887,76,182988
10124,0.000937,172.31.40.0-255,66,94953,76,182988
10125,0.000967,172.31.40.0-255,66,95019,76,182988
10126,0.000979,172.31.40.0-255,66,95085,76,182988
10127,0.001047,172.217.194.0-255,1484,96569,76,182988
10128,0.001051,172.217.194.0-255,1484,98053,76,182988
10129,0.001053,172.31.40.0-255,66,98119,76,182988
10130,0.00107,172.217.194.0-255,1484,99603,76,182988
10131,0.001077,172.217.194.0-255,5738,105341,76,182988
10132,0.001079,172.31.40.0-255,66,105407,76,182988
10133,0.00112,172.31.40.0-255,66,105473,76,182988
10134,0.001132,172.31.40.0-255,66,105539,76,182988
10135,0.001154,172.217.194.0-255,766,106305,76,182988
10136,0.001229,172.217.194.0-255,1484,107789,76,182988
10137,0.001232,172.31.40.0-255,66,107855,76,182988
10138,0.001238,172.217.194.0-255,2902,110757,76,182988
10139,0.001241,172.31.40.0-255,66,110823,76,182988
10140,0.001247,172.217.194.0-255,5738,116561,76,182988
10141,0.00125,172.31.40.0-255,66,116627,76,182988
10142,0.001257,172.217.194.0-255,5738,122365,76,182988
10143,0.001259,172.31.40.0-255,66,122431,76,182988
10144,0.001292,172.31.40.0-255,66,122497,76,182988
10145,0.001295,172.217.194.0-255,1484,123981,76,182988
10146,0.001322,172.217.194.0-255,3602,127583,76,182988
10147,0.001324,172.31.40.0-255,66,127649,76,182988
10148,0.00133,172.217.194.0-255,5738,133387,76,182988
10149,0.001332,172.31.40.0-255,66,133453,76,182988
10150,0.001338,172.217.194.0-255,4320,137773,76,182988
10151,0.00134,172.31.40.0-255,66,137839,76,182988
10152,0.0014,172.31.40.0-255,66,137905,76,182988
10153,0.001411,172.31.40.0-255,66,137971,76,182988
10154,0.001418,172.217.194.0-255,7156,145127,76,182988
10155,0.001419,172.31.40.0-255,66,145193,76,182988
10156,0.001488,172.31.40.0-255,66,145259,76,182988
10157,0.001508,172.217.194.0-255,3602,148861,76,182988
10158,0.00151,172.31.40.0-255,66,148927,76,182988
10159,0.001521,172.31.40.0-255,66,148993,76,182988
10160,0.001534,172.31.40.0-255,66,149059,76,182988
10161,0.001549,172.31.40.0-255,66,149125,76,182988
10162,0.001551,172.217.194.0-255,766,149891,76,182988
10163,0.001805,172.217.194.0-255,1484,151375,76,182988
10164,0.00181,172.31.40.0-255,66,151441,76,182988
10165,0.001815,172.217.194.0-255,2902,154343,76,182988
10166,0.001817,172.31.40.0-255,66,154409,76,182988
10167,0.001821,172.217.194.0-255,2902,157311,76,182988
10168,0.001823,172.31.40.0-255,66,157377,76,182988
10169,0.00184,172.217.194.0-255,2902,160279,76,182988
10170,0.001843,172.31.40.0-255,66,160345,76,182988
10171,0.00187,172.31.40.0-255,66,160411,76,182988
10172,0.001888,172.217.194.0-255,2902,163313,76,182988
10173,0.001891,172.31.40.0-255,66,163379,76,182988
10174,0.001902,172.31.40.0-255,66,163445,76,182988
10175,0.001938,172.31.40.0-255,66,163511,76,182988
10176,0.001956,172.31.40.0-255,66,163577,76,182988
10177,0.00196,172.217.194.0-255,2184,165761,76,182988
10178,0.001961,172.31.40.0-255,66,165827,76,182988
10179,0.001995,172.217.194.0-255,5738,171565,76,182988
10180,0.001997,172.31.40.0-255,66,171631,76,182988
10181,0.002029,172.31.40.0-255,66,171697,76,182988
10182,0.002064,172.31.40.0-255,66,171763,76,182988
10183,0.002085,172.217.194.0-255,5738,177501,76,182988
10184,0.002088,172.31.40.0-255,66,177567,76,182988
10185,0.002106,172.217.194.0-255,5013,182580,76,182988
10186,0.002108,172.31.40.0-255,66,182646,76,182988
10187,0.002111,172.217.194.0-255,105,182751,76,182988
10188,0.005003,172.31.40.0-255,66,182817,76,182988
10189,0.005038,172.31.40.0-255,105,182922,76,182988
10190,0.007203,172.217.194.0-255,66,182988,76,182988
10191,0.0,74.125.68.0-255,155,155,76,238113
10192,2.3e-05,172.31.40.0-255,66,221,76,238113
10193,3e-05,74.125.68.0-255,1484,1705,76,238113
10194,3.4e-05,172.31.40.0-255,66,1771,76,238113
10195,4e-05,74.125.68.0-255,2902,4673,76,238113
10196,4.4e-05,172.31.40.0-255,66,4739,76,238113
10197,5.1e-05,74.125.68.0-255,5738,10477,76,238113
10198,5.3e-05,172.31.40.0-255,66,10543,76,238113
10199,7e-05,74.125.68.0-255,1484,12027,76,238113
10200,7.3e-05,172.31.40.0-255,66,12093,76,238113
10201,7.7e-05,74.125.68.0-255,2071,14164,76,238113
10202,7.9e-05,172.31.40.0-255,66,14230,76,238113
10203,8.4e-05,74.125.68.0-255,2902,17132,76,238113
10204,8.7e-05,172.31.40.0-255,66,17198,76,238113
10205,0.000124,74.125.68.0-255,7156,24354,76,238113
10206,0.000127,172.31.40.0-255,66,24420,76,238113
10207,0.000159,74.125.68.0-255,2902,27322,76,238113
10208,0.000161,172.31.40.0-255,66,27388,76,238113
10209,0.000179,74.125.68.0-255,3961,31349,76,238113
10210,0.000182,172.31.40.0-255,66,31415,76,238113
10211,0.000232,74.125.68.0-255,1484,32899,76,238113
10212,0.000234,172.31.40.0-255,66,32965,76,238113
10213,0.000267,74.125.68.0-255,2902,35867,76,238113
10214,0.00027,172.31.40.0-255,66,35933,76,238113
10215,0.000285,74.125.68.0-255,4320,40253,76,238113
10216,0.000288,172.31.40.0-255,66,40319,76,238113
10217,0.000326,172.31.40.0-255,66,40385,76,238113
10218,0.000343,74.125.68.0-255,1484,41869,76,238113
10219,0.000345,172.31.40.0-255,66,41935,76,238113
10220,0.000364,74.125.68.0-255,7156,49091,76,238113
10221,0.000367,172.31.40.0-255,66,49157,76,238113
10222,0.000373,74.125.68.0-255,4320,53477,76,238113
10223,0.000375,172.31.40.0-255,66,53543,76,238113
10224,0.000395,74.125.68.0-255,4239,57782,76,238113
10225,0.000398,172.31.40.0-255,66,57848,76,238113
10226,0.000401,74.125.68.0-255,132,57980,76,238113
10227,0.000485,74.125.68.0-255,1484,59464,76,238113
10228,0.00049,172.31.40.0-255,66,59530,76,238113
10229,0.000495,74.125.68.0-255,2902,62432,76,238113
10230,0.000497,172.31.40.0-255,66,62498,76,238113
10231,0.000513,74.125.68.0-255,5738,68236,76,238113
10232,0.000515,172.31.40.0-255,66,68302,76,238113
10233,0.00053,74.125.68.0-255,1484,69786,76,238113
10234,0.000548,74.125.68.0-255,5738,75524,76,238113
10235,0.000551,172.31.40.0-255,66,75590,76,238113
10236,0.00057,74.125.68.0-255,1484,77074,76,238113
10237,0.000594,172.31.40.0-255,66,77140,76,238113
10238,0.000642,74.125.68.0-255,3879,81019,76,238113
10239,0.000645,172.31.40.0-255,66,81085,76,238113
10240,0.000912,74.125.68.0-255,1484,82569,76,238113
10241,0.000928,74.125.68.0-255,1484,84053,76,238113
10242,0.000931,172.31.40.0-255,66,84119,76,238113
10243,0.000939,74.125.68.0-255,2902,87021,76,238113
10244,0.000941,172.31.40.0-255,66,87087,76,238113
10245,0.000947,74.125.68.0-255,4320,91407,76,238113
10246,0.000949,172.31.40.0-255,66,91473,76,238113
10247,0.00097,74.125.68.0-255,1484,92957,76,238113
10248,0.000991,172.31.40.0-255,66,93023,76,238113
10249,0.00101,74.125.68.0-255,7156,100179,76,238113
10250,0.001014,172.31.40.0-255,66,100245,76,238113
10251,0.001043,74.125.68.0-255,4320,104565,76,238113
10252,0.001046,172.31.40.0-255,66,104631,76,238113
10253,0.001049,74.125.68.0-255,766,105397,76,238113
10254,0.001108,74.125.68.0-255,1484,106881,76,238113
10255,0.001113,172.31.40.0-255,66,106947,76,238113
10256,0.001124,74.125.68.0-255,2902,109849,76,238113
10257,0.001127,172.31.40.0-255,66,109915,76,238113
10258,0.001158,74.125.68.0-255,5738,115653,76,238113
10259,0.001162,172.31.40.0-255,66,115719,76,238113
10260,0.001183,74.125.68.0-255,5738,121457,76,238113
10261,0.001186,172.31.40.0-255,66,121523,76,238113
10262,0.001212,74.125.68.0-255,7156,128679,76,238113
10263,0.001215,172.31.40.0-255,66,128745,76,238113
10264,0.001218,74.125.68.0-255,1484,130229,76,238113
10265,0.001251,172.31.40.0-255,66,130295,76,238113
10266,0.001475,74.125.68.0-255,1484,131779,76,238113
10267,0.001494,74.125.68.0-255,2902,134681,76,238113
10268,0.001499,172.31.40.0-255,66,134747,76,238113
10269,0.001506,74.125.68.0-255,5738,140485,76,238113
10270,0.001508,172.31.40.0-255,66,140551,76,238113
10271,0.001529,74.125.68.0-255,2902,143453,76,238113
10272,0.001532,172.31.40.0-255,66,143519,76,238113
10273,0.001559,172.31.40.0-255,66,143585,76,238113
10274,0.001566,74.125.68.0-255,7156,150741,76,238113
10275,0.001569,172.31.40.0-255,66,150807,76,238113
10276,0.001596,74.125.68.0-255,5020,155827,76,238113
10277,0.001599,172.31.40.0-255,66,155893,76,238113
10278,0.002092,74.125.68.0-255,1484,157377,76,238113
10279,0.002105,74.125.68.0-255,2902,160279,76,238113
10280,0.002109,172.31.40.0-255,66,160345,76,238113
10281,0.002112,74.125.68.0-255,1484,161829,76,238113
10282,0.002136,74.125.68.0-255,4320,166149,76,238113
10283,0.002139,172.31.40.0-255,66,166215,76,238113
10284,0.002146,74.125.68.0-255,5738,171953,76,238113
10285,0.002148,172.31.40.0-255,66,172019,76,238113
10286,0.002181,74.125.68.0-255,7156,179175,76,238113
10287,0.002185,172.31.40.0-255,66,179241,76,238113
10288,0.002208,74.125.68.0-255,5738,184979,76,238113
10289,0.002211,172.31.40.0-255,66,185045,76,238113
10290,0.002244,74.125.68.0-255,6438,191483,76,238113
10291,0.002247,172.31.40.0-255,66,191549,76,238113
10292,0.002253,74.125.68.0-255,4320,195869,76,238113
10293,0.002255,172.31.40.0-255,66,195935,76,238113
10294,0.002261,74.125.68.0-255,5738,201673,76,238113
10295,0.002263,172.31.40.0-255,66,201739,76,238113
10296,0.002286,74.125.68.0-255,1484,203223,76,238113
10297,0.002334,74.125.68.0-255,5738,208961,76,238113
10298,0.002338,172.31.40.0-255,66,209027,76,238113
10299,0.008141,172.31.40.0-255,66,209093,76,238113
10300,0.010435,74.125.68.0-255,5738,214831,76,238113
10301,0.010443,172.31.40.0-255,66,214897,76,238113
10302,0.012748,74.125.68.0-255,5738,220635,76,238113
10303,0.012757,172.31.40.0-255,66,220701,76,238113
10304,0.015105,74.125.68.0-255,5738,226439,76,238113
10305,0.015113,172.31.40.0-255,66,226505,76,238113
10306,0.017417,74.125.68.0-255,5738,232243,76,238113
10307,0.017427,172.31.40.0-255,66,232309,76,238113
10308,0.019725,74.125.68.0-255,5738,238047,76,238113
10309,0.019734,172.31.40.0-255,66,238113,76,238113
10310,0.0,74.125.200.0-255,152,152,76,234657
10311,2.3e-05,172.31.40.0-255,66,218,76,234657
10312,3.1e-05,74.125.200.0-255,1484,1702,76,234657
10313,3.5e-05,172.31.40.0-255,66,1768,76,234657
10314,4e-05,74.125.200.0-255,2902,4670,76,234657
10315,5.1e-05,172.31.40.0-255,66,4736,76,234657
10316,5.6e-05,74.125.200.0-255,2902,7638,76,234657
10317,5.8e-05,172.31.40.0-255,66,7704,76,234657
10318,6.4e-05,74.125.200.0-255,4320,12024,76,234657
10319,6.6e-05,172.31.40.0-255,66,12090,76,234657
10320,0.000113,74.125.200.0-255,2160,14250,76,234657
10321,0.000116,172.31.40.0-255,66,14316,76,234657
10322,0.000185,74.125.200.0-255,1484,15800,76,234657
10323,0.000188,172.31.40.0-255,66,15866,76,234657
10324,0.000191,74.125.200.0-255,1484,17350,76,234657
10325,0.000193,172.31.40.0-255,66,17416,76,234657
10326,0.000216,74.125.200.0-255,1484,18900,76,234657
10327,0.000224,172.31.40.0-255,66,18966,76,234657
10328,0.000231,74.125.200.0-255,5738,24704,76,234657
10329,0.000233,172.31.40.0-255,66,24770,76,234657
10330,0.000236,74.125.200.0-255,1484,26254,76,234657
10331,0.000237,172.31.40.0-255,66,26320,76,234657
10332,0.000276,172.31.40.0-255,66,26386,76,234657
10333,0.000286,74.125.200.0-255,1125,27511,76,234657
10334,0.000289,172.31.40.0-255,66,27577,76,234657
10335,0.000299,74.125.200.0-255,4320,31897,76,234657
10336,0.000301,172.31.40.0-255,66,31963,76,234657
10337,0.00033,74.125.200.0-255,2902,34865,76,234657
10338,0.000332,172.31.40.0-255,66,34931,76,234657
10339,0.000365,74.125.200.0-255,5379,40310,76,234657
10340,0.000368,172.31.40.0-255,66,40376,76,234657
10341,0.000394,74.125.200.0-255,1484,41860,76,234657
10342,0.000398,74.125.200.0-255,1484,43344,76,234657
10343,0.00041,74.125.200.0-255,1484,44828,76,234657
10344,0.000432,74.125.200.0-255,5738,50566,76,234657
10345,0.000435,74.125.200.0-255,1484,52050,76,234657
10346,0.000485,74.125.200.0-255,4320,56370,76,234657
10347,0.0005,74.125.200.0-255,1470,57840,76,234657
10348,0.000503,74.125.200.0-255,343,58183,76,234657
10349,0.000627,172.31.40.0-255,66,58249,76,234657
10350,0.000853,74.125.200.0-255,1484,59733,76,234657
10351,0.000858,74.125.200.0-255,1484,61217,76,234657
10352,0.000872,74.125.200.0-255,1484,62701,76,234657
10353,0.000875,172.31.40.0-255,66,62767,76,234657
10354,0.000882,74.125.200.0-255,1484,64251,76,234657
10355,0.000894,172.31.40.0-255,66,64317,76,234657
10356,0.000906,74.125.200.0-255,4320,68637,76,234657
10357,0.000916,74.125.200.0-255,7156,75793,76,234657
10358,0.000937,74.125.200.0-255,2902,78695,76,234657
10359,0.000946,172.31.40.0-255,66,78761,76,234657
10360,0.000989,74.125.200.0-255,2902,81663,76,234657
10361,0.000994,172.31.40.0-255,66,81729,76,234657
10362,0.001003,74.125.200.0-255,2184,83913,76,234657
10363,0.001012,172.31.40.0-255,66,83979,76,234657
10364,0.001221,74.125.200.0-255,1484,85463,76,234657
10365,0.001233,74.125.200.0-255,1484,86947,76,234657
10366,0.001235,172.31.40.0-255,66,87013,76,234657
10367,0.001241,74.125.200.0-255,2902,89915,76,234657
10368,0.001262,172.31.40.0-255,66,89981,76,234657
10369,0.001288,74.125.200.0-255,4320,94301,76,234657
10370,0.001293,172.31.40.0-255,66,94367,76,234657
10371,0.001328,74.125.200.0-255,5738,100105,76,234657
10372,0.00134,172.31.40.0-255,66,100171,76,234657
10373,0.001346,74.125.200.0-255,4320,104491,76,234657
10374,0.00135,172.31.40.0-255,66,104557,76,234657
10375,0.001364,74.125.200.0-255,5738,110295,76,234657
10376,0.001385,74.125.200.0-255,1484,111779,76,234657
10377,0.001405,74.125.200.0-255,6438,118217,76,234657
10378,0.001408,172.31.40.0-255,66,118283,76,234657
10379,0.001418,172.31.40.0-255,66,118349,76,234657
10380,0.001453,172.31.40.0-255,66,118415,76,234657
10381,0.001457,74.125.200.0-255,2902,121317,76,234657
10382,0.001461,172.31.40.0-255,66,121383,76,234657
10383,0.001486,74.125.200.0-255,7156,128539,76,234657
10384,0.001491,74.125.200.0-255,2902,131441,76,234657
10385,0.001533,74.125.200.0-255,766,132207,76,234657
10386,0.001645,74.125.200.0-255,1484,133691,76,234657
10387,0.001672,74.125.200.0-255,2902,136593,76,234657
10388,0.001695,74.125.200.0-255,1484,138077,76,234657
10389,0.001698,74.125.200.0-255,1484,139561,76,234657
10390,0.001712,74.125.200.0-255,1484,141045,76,234657
10391,0.001718,74.125.200.0-255,5738,146783,76,234657
10392,0.001738,74.125.200.0-255,4320,151103,76,234657
10393,0.001751,74.125.200.0-255,4320,155423,76,234657
10394,0.001759,74.125.200.0-255,1484,156907,76,234657
10395,0.001787,74.125.200.0-255,766,157673,76,234657
10396,0.001843,74.125.200.0-255,1484,159157,76,234657
10397,0.001849,74.125.200.0-255,4320,163477,76,234657
10398,0.001851,74.125.200.0-255,1484,164961,76,234657
10399,0.001855,74.125.200.0-255,2902,167863,76,234657
10400,0.001873,74.125.200.0-255,4320,172183,76,234657
10401,0.001887,74.125.200.0-255,1484,173667,76,234657
10402,0.00189,74.125.200.0-255,1484,175151,76,234657
10403,0.001948,74.125.200.0-255,5738,180889,76,234657
10404,0.001999,74.125.200.0-255,2184,183073,76,234657
10405,0.002161,74.125.200.0-255,1484,184557,76,234657
10406,0.002229,74.125.200.0-255,1484,186041,76,234657
10407,0.002241,74.125.200.0-255,1484,187525,76,234657
10408,0.002258,74.125.200.0-255,1484,189009,76,234657
10409,0.002264,74.125.200.0-255,2902,191911,76,234657
10410,0.002276,74.125.200.0-255,1484,193395,76,234657
10411,0.00228,74.125.200.0-255,2902,196297,76,234657
10412,0.002309,74.125.200.0-255,5738,202035,76,234657
10413,0.002317,74.125.200.0-255,7156,209191,76,234657
10414,0.002328,74.125.200.0-255,2902,212093,76,234657
10415,0.002351,74.125.200.0-255,5020,217113,76,234657
10416,0.010495,172.31.40.0-255,66,217179,76,234657
10417,0.010655,74.125.200.0-255,1484,218663,76,234657
10418,0.012829,74.125.200.0-255,4320,222983,76,234657
10419,0.012837,172.31.40.0-255,66,223049,76,234657
10420,0.015179,74.125.200.0-255,5738,228787,76,234657
10421,0.0157,172.31.40.0-255,66,228853,76,234657
10422,0.01801,74.125.200.0-255,5738,234591,76,234657
10423,0.018017,172.31.40.0-255,66,234657,76,234657
10424,0.0,74.125.24.0-255,150,150,76,136899
10425,2.4e-05,172.31.40.0-255,66,216,76,136899
10426,3.1e-05,74.125.24.0-255,1484,1700,76,136899
10427,3.6e-05,172.31.40.0-255,66,1766,76,136899
10428,4.2e-05,74.125.24.0-255,2902,4668,76,136899
10429,4.6e-05,172.31.40.0-255,66,4734,76,136899
10430,6.6e-05,74.125.24.0-255,2902,7636,76,136899
10431,6.9e-05,172.31.40.0-255,66,7702,76,136899
10432,9.1e-05,74.125.24.0-255,2902,10604,76,136899
10433,9.4e-05,172.31.40.0-255,66,10670,76,136899
10434,0.0001,74.125.24.0-255,5738,16408,76,136899
10435,0.000103,172.31.40.0-255,66,16474,76,136899
10436,0.000123,74.125.24.0-255,4936,21410,76,136899
10437,0.000126,172.31.40.0-255,66,21476,76,136899
10438,0.000144,74.125.24.0-255,4320,25796,76,136899
10439,0.000146,172.31.40.0-255,66,25862,76,136899
10440,0.000164,74.125.24.0-255,5379,31241,76,136899
10441,0.000167,172.31.40.0-255,66,31307,76,136899
10442,0.00052,74.125.24.0-255,1484,32791,76,136899
10443,0.000526,172.31.40.0-255,66,32857,76,136899
10444,0.000532,74.125.24.0-255,2902,35759,76,136899
10445,0.000535,172.31.40.0-255,66,35825,76,136899
10446,0.000541,74.125.24.0-255,5738,41563,76,136899
10447,0.000544,172.31.40.0-255,66,41629,76,136899
10448,0.000547,74.125.24.0-255,1484,43113,76,136899
10449,0.000549,172.31.40.0-255,66,43179,76,136899
10450,0.000583,172.31.40.0-255,66,43245,76,136899
10451,0.00061,172.31.40.0-255,66,43311,76,136899
10452,0.000631,74.125.24.0-255,2184,45495,76,136899
10453,0.000633,172.31.40.0-255,66,45561,76,136899
10454,0.000636,74.125.24.0-255,444,46005,76,136899
10455,0.000731,74.125.24.0-255,1484,47489,76,136899
10456,0.000736,172.31.40.0-255,66,47555,76,136899
10457,0.000749,74.125.24.0-255,2902,50457,76,136899
10458,0.000752,172.31.40.0-255,66,50523,76,136899
10459,0.000756,74.125.24.0-255,2902,53425,76,136899
10460,0.000758,172.31.40.0-255,66,53491,76,136899
10461,0.000783,74.125.24.0-255,2902,56393,76,136899
10462,0.000785,172.31.40.0-255,66,56459,76,136899
10463,0.000794,74.125.24.0-255,7156,63615,76,136899
10464,0.000796,172.31.40.0-255,66,63681,76,136899
10465,0.000823,74.125.24.0-255,5738,69419,76,136899
10466,0.000827,172.31.40.0-255,66,69485,76,136899
10467,0.000834,74.125.24.0-255,5738,75223,76,136899
10468,0.000836,172.31.40.0-255,66,75289,76,136899
10469,0.00086,74.125.24.0-255,5020,80309,76,136899
10470,0.000864,172.31.40.0-255,66,80375,76,136899
10471,0.001571,74.125.24.0-255,1484,81859,76,136899
10472,0.001581,74.125.24.0-255,2902,84761,76,136899
10473,0.001586,172.31.40.0-255,66,84827,76,136899
10474,0.001593,74.125.24.0-255,5738,90565,76,136899
10475,0.001595,172.31.40.0-255,66,90631,76,136899
10476,0.00162,74.125.24.0-255,1484,92115,76,136899
10477,0.001657,172.31.40.0-255,66,92181,76,136899
10478,0.001671,172.31.40.0-255,66,92247,76,136899
10479,0.002348,74.125.24.0-255,1484,93731,76,136899
10480,0.002354,74.125.24.0-255,1484,95215,76,136899
10481,0.002359,172.31.40.0-255,66,95281,76,136899
10482,0.003993,74.125.24.0-255,2902,98183,76,136899
10483,0.003997,172.31.40.0-255,66,98249,76,136899
10484,0.004691,74.125.24.0-255,2902,101151,76,136899
10485,0.004695,172.31.40.0-255,66,101217,76,136899
10486,0.00638,74.125.24.0-255,1484,102701,76,136899
10487,0.006396,74.125.24.0-255,1484,104185,76,136899
10488,0.006398,172.31.40.0-255,66,104251,76,136899
10489,0.007017,74.125.24.0-255,2902,107153,76,136899
10490,0.007024,172.31.40.0-255,66,107219,76,136899
10491,0.008727,74.125.24.0-255,2902,110121,76,136899
10492,0.008735,172.31.40.0-255,66,110187,76,136899
10493,0.009362,74.125.24.0-255,2902,113089,76,136899
10494,0.00937,172.31.40.0-255,66,113155,76,136899
10495,0.011081,74.125.24.0-255,2902,116057,76,136899
10496,0.011089,172.31.40.0-255,66,116123,76,136899
10497,0.011686,74.125.24.0-255,2902,119025,76,136899
10498,0.011692,172.31.40.0-255,66,119091,76,136899
10499,0.013411,74.125.24.0-255,2902,121993,76,136899
10500,0.013418,172.31.40.0-255,66,122059,76,136899
10501,0.01401,74.125.24.0-255,2902,124961,76,136899
10502,0.014017,172.31.40.0-255,66,125027,76,136899
10503,0.015762,74.125.24.0-255,2902,127929,76,136899
10504,0.015769,172.31.40.0-255,66,127995,76,136899
10505,0.016364,74.125.24.0-255,2902,130897,76,136899
10506,0.016369,172.31.40.0-255,66,130963,76,136899
10507,0.018097,74.125.24.0-255,2902,133865,76,136899
10508,0.018105,172.31.40.0-255,66,133931,76,136899
10509,0.018693,74.125.24.0-255,2902,136833,76,136899
10510,0.0187,172.31.40.0-255,66,136899,76,136899
10511,0.0,74.125.130.0-255,150,150,76,228733
10512,2.5e-05,172.31.40.0-255,66,216,76,228733
10513,6.7e-05,74.125.130.0-255,1484,1700,76,228733
10514,7.1e-05,172.31.40.0-255,66,1766,76,228733
10515,7.5e-05,74.125.130.0-255,1484,3250,76,228733
10516,7.8e-05,172.31.40.0-255,66,3316,76,228733
10517,9.2e-05,74.125.130.0-255,1484,4800,76,228733
10518,9.4e-05,172.31.40.0-255,66,4866,76,228733
10519,9.8e-05,74.125.130.0-255,1484,6350,76,228733
10520,0.0001,172.31.40.0-255,66,6416,76,228733
10521,0.000126,74.125.130.0-255,2902,9318,76,228733
10522,0.000128,172.31.40.0-255,66,9384,76,228733
10523,0.000167,74.125.130.0-255,4828,14212,76,228733
10524,0.00017,172.31.40.0-255,66,14278,76,228733
10525,0.000229,74.125.130.0-255,5738,20016,76,228733
10526,0.000232,172.31.40.0-255,66,20082,76,228733
10527,0.000235,74.125.130.0-255,1484,21566,76,228733
10528,0.000237,172.31.40.0-255,66,21632,76,228733
10529,0.000242,74.125.130.0-255,2902,24534,76,228733
10530,0.000245,172.31.40.0-255,66,24600,76,228733
10531,0.00026,74.125.130.0-255,5738,30338,76,228733
10532,0.000263,172.31.40.0-255,66,30404,76,228733
10533,0.000265,74.125.130.0-255,1125,31529,76,228733
10534,0.000268,172.31.40.0-255,66,31595,76,228733
10535,0.000617,74.125.130.0-255,1484,33079,76,228733
10536,0.000626,172.31.40.0-255,66,33145,76,228733
10537,0.000648,74.125.130.0-255,2902,36047,76,228733
10538,0.000651,172.31.40.0-255,66,36113,76,228733
10539,0.000694,74.125.130.0-255,1484,37597,76,228733
10540,0.000696,172.31.40.0-255,66,37663,76,228733
10541,0.000721,74.125.130.0-255,2902,40565,76,228733
10542,0.000724,172.31.40.0-255,66,40631,76,228733
10543,0.000727,74.125.130.0-255,1484,42115,76,228733
10544,0.000731,74.125.130.0-255,1484,43599,76,228733
10545,0.000733,172.31.40.0-255,66,43665,76,228733
10546,0.000752,74.125.130.0-255,1484,45149,76,228733
10547,0.000757,74.125.130.0-255,3961,49110,76,228733
10548,0.00076,172.31.40.0-255,66,49176,76,228733
10549,0.000796,74.125.130.0-255,4320,53496,76,228733
10550,0.000799,172.31.40.0-255,66,53562,76,228733
10551,0.000802,74.125.130.0-255,1484,55046,76,228733
10552,0.000835,74.125.130.0-255,2902,57948,76,228733
10553,0.000837,172.31.40.0-255,66,58014,76,228733
10554,0.00086,74.125.130.0-255,5738,63752,76,228733
10555,0.000863,172.31.40.0-255,66,63818,76,228733
10556,0.000915,74.125.130.0-255,2834,66652,76,228733
10557,0.000925,172.31.40.0-255,66,66718,76,228733
10558,0.000943,74.125.130.0-255,98,66816,76,228733
10559,0.001195,74.125.130.0-255,1484,68300,76,228733
10560,0.001199,172.31.40.0-255,66,68366,76,228733
10561,0.001214,74.125.130.0-255,1484,69850,76,228733
10562,0.00123,74.125.130.0-255,1484,71334,76,228733
10563,0.001232,172.31.40.0-255,66,71400,76,228733
10564,0.001251,74.125.130.0-255,1484,72884,76,228733
10565,0.001269,74.125.130.0-255,4320,77204,76,228733
10566,0.001272,172.31.40.0-255,66,77270,76,228733
10567,0.001292,74.125.130.0-255,4320,81590,76,228733
10568,0.001296,172.31.40.0-255,66,81656,76,228733
10569,0.001304,74.125.130.0-255,1484,83140,76,228733
10570,0.001316,74.125.130.0-255,1484,84624,76,228733
10571,0.001318,172.31.40.0-255,66,84690,76,228733
10572,0.00133,74.125.130.0-255,1484,86174,76,228733
10573,0.001354,74.125.130.0-255,4320,90494,76,228733
10574,0.001356,172.31.40.0-255,66,90560,76,228733
10575,0.001375,74.125.130.0-255,1484,92044,76,228733
10576,0.001392,74.125.130.0-255,2902,94946,76,228733
10577,0.001395,172.31.40.0-255,66,95012,76,228733
10578,0.001413,74.125.130.0-255,1484,96496,76,228733
10579,0.001441,74.125.130.0-255,2902,99398,76,228733
10580,0.001444,172.31.40.0-255,66,99464,76,228733
10581,0.001481,74.125.130.0-255,2184,101648,76,228733
10582,0.001484,172.31.40.0-255,66,101714,76,228733
10583,0.001488,74.125.130.0-255,363,102077,76,228733
10584,0.001762,172.31.40.0-255,66,102143,76,228733
10585,0.001832,74.125.130.0-255,1484,103627,76,228733
10586,0.00185,74.125.130.0-255,2902,106529,76,228733
10587,0.001853,172.31.40.0-255,66,106595,76,228733
10588,0.001879,74.125.130.0-255,5738,112333,76,228733
10589,0.001881,172.31.40.0-255,66,112399,76,228733
10590,0.001886,74.125.130.0-255,2902,115301,76,228733
10591,0.001888,172.31.40.0-255,66,115367,76,228733
10592,0.001905,74.125.130.0-255,4320,119687,76,228733
10593,0.001907,172.31.40.0-255,66,119753,76,228733
10594,0.001924,74.125.130.0-255,4320,124073,76,228733
10595,0.001926,172.31.40.0-255,66,124139,76,228733
10596,0.001955,172.31.40.0-255,66,124205,76,228733
10597,0.001971,74.125.130.0-255,3602,127807,76,228733
10598,0.001974,172.31.40.0-255,66,127873,76,228733
10599,0.002022,74.125.130.0-255,1484,129357,76,228733
10600,0.002035,74.125.130.0-255,2902,132259,76,228733
10601,0.002038,172.31.40.0-255,66,132325,76,228733
10602,0.002044,74.125.130.0-255,4320,136645,76,228733
10603,0.002046,172.31.40.0-255,66,136711,76,228733
10604,0.002057,74.125.130.0-255,1484,138195,76,228733
10605,0.00208,172.31.40.0-255,66,138261,76,228733
10606,0.002101,74.125.130.0-255,1484,139745,76,228733
10607,0.002109,74.125.130.0-255,7156,146901,76,228733
10608,0.002111,172.31.40.0-255,66,146967,76,228733
10609,0.002137,74.125.130.0-255,4320,151287,76,228733
10610,0.002142,74.125.130.0-255,2184,153471,76,228733
10611,0.002145,172.31.40.0-255,66,153537,76,228733
10612,0.002148,172.31.40.0-255,66,153603,76,228733
10613,0.00218,74.125.130.0-255,1484,155087,76,228733
10614,0.002196,74.125.130.0-255,1484,156571,76,228733
10615,0.002199,172.31.40.0-255,66,156637,76,228733
10616,0.00222,74.125.130.0-255,1484,158121,76,228733
10617,0.002227,74.125.130.0-255,5738,163859,76,228733
10618,0.00223,172.31.40.0-255,66,163925,76,228733
10619,0.002235,74.125.130.0-255,2902,166827,76,228733
10620,0.002237,172.31.40.0-255,66,166893,76,228733
10621,0.002242,74.125.130.0-255,4320,171213,76,228733
10622,0.002245,172.31.40.0-255,66,171279,76,228733
10623,0.002248,74.125.130.0-255,1484,172763,76,228733
10624,0.002272,74.125.130.0-255,7156,179919,76,228733
10625,0.002275,172.31.40.0-255,66,179985,76,228733
10626,0.002278,74.125.130.0-255,1484,181469,76,228733
10627,0.00233,74.125.130.0-255,2902,184371,76,228733
10628,0.002333,172.31.40.0-255,66,184437,76,228733
10629,0.002338,74.125.130.0-255,3602,188039,76,228733
10630,0.002341,172.31.40.0-255,66,188105,76,228733
10631,0.004625,74.125.130.0-255,5738,193843,76,228733
10632,0.004642,172.31.40.0-255,66,193909,76,228733
10633,0.006918,74.125.130.0-255,5738,199647,76,228733
10634,0.006925,172.31.40.0-255,66,199713,76,228733
10635,0.009204,74.125.130.0-255,5738,205451,76,228733
10636,0.009215,172.31.40.0-255,66,205517,76,228733
10637,0.0115,74.125.130.0-255,5738,211255,76,228733
10638,0.011514,172.31.40.0-255,66,211321,76,228733
10639,0.013809,74.125.130.0-255,5738,217059,76,228733
10640,0.013827,172.31.40.0-255,66,217125,76,228733
10641,0.016115,74.125.130.0-255,5738,222863,76,228733
10642,0.016126,172.31.40.0-255,66,222929,76,228733
10643,0.018426,74.125.130.0-255,5738,228667,76,228733
10644,0.018441,172.31.40.0-255,66,228733,76,228733
10645,0.0,172.217.194.0-255,152,152,76,132720
10646,1.6e-05,172.31.40.0-255,66,218,76,132720
10647,2.3e-05,172.217.194.0-255,1484,1702,76,132720
10648,2.8e-05,172.31.40.0-255,66,1768,76,132720
10649,3.4e-05,172.217.194.0-255,2902,4670,76,132720
10650,3.8e-05,172.31.40.0-255,66,4736,76,132720
10651,5.5e-05,172.217.194.0-255,7156,11892,76,132720
10652,5.8e-05,172.31.40.0-255,66,11958,76,132720
10653,6.2e-05,172.217.194.0-255,2137,14095,76,132720
10654,6.5e-05,172.31.40.0-255,66,14161,76,132720
10655,0.000284,172.217.194.0-255,1484,15645,76,132720
10656,0.00029,172.31.40.0-255,66,15711,76,132720
10657,0.000295,172.217.194.0-255,2902,18613,76,132720
10658,0.000299,172.31.40.0-255,66,18679,76,132720
10659,0.000304,172.217.194.0-255,2902,21581,76,132720
10660,0.00031,172.31.40.0-255,66,21647,76,132720
10661,0.000345,172.217.194.0-255,2902,24549,76,132720
10662,0.000348,172.31.40.0-255,66,24615,76,132720
10663,0.000356,172.217.194.0-255,6797,31412,76,132720
10664,0.000358,172.31.40.0-255,66,31478,76,132720
10665,0.00053,172.217.194.0-255,1484,32962,76,132720
10666,0.000534,172.31.40.0-255,66,33028,76,132720
10667,0.00054,172.217.194.0-255,2902,35930,76,132720
10668,0.000543,172.31.40.0-255,66,35996,76,132720
10669,0.000576,172.217.194.0-255,5738,41734,76,132720
10670,0.000584,172.217.194.0-255,6797,48531,76,132720
10671,0.000588,172.31.40.0-255,66,48597,76,132720
10672,0.000594,172.31.40.0-255,66,48663,76,132720
10673,0.0006,172.217.194.0-255,4320,52983,76,132720
10674,0.000602,172.31.40.0-255,66,53049,76,132720
10675,0.000638,172.217.194.0-255,3123,56172,76,132720
10676,0.000643,172.31.40.0-255,66,56238,76,132720
10677,0.000645,172.31.40.0-255,66,56304,76,132720
10678,0.000989,172.217.194.0-255,1484,57788,76,132720
10679,0.000996,172.217.194.0-255,2902,60690,76,132720
10680,0.001,172.31.40.0-255,66,60756,76,132720
10681,0.001035,172.217.194.0-255,5738,66494,76,132720
10682,0.001038,172.31.40.0-255,66,66560,76,132720
10683,0.001054,172.31.40.0-255,66,66626,76,132720
10684,0.001101,172.217.194.0-255,7156,73782,76,132720
10685,0.001104,172.31.40.0-255,66,73848,76,132720
10686,0.001132,172.217.194.0-255,6438,80286,76,132720
10687,0.001134,172.31.40.0-255,66,80352,76,132720
10688,0.002009,172.217.194.0-255,1484,81836,76,132720
10689,0.003117,172.217.194.0-255,4320,86156,76,132720
10690,0.003122,172.31.40.0-255,66,86222,76,132720
10691,0.005098,172.217.194.0-255,1484,87706,76,132720
10692,0.005115,172.217.194.0-255,4320,92026,76,132720
10693,0.005118,172.31.40.0-255,66,92092,76,132720
10694,0.007109,172.217.194.0-255,5738,97830,76,132720
10695,0.007115,172.31.40.0-255,66,97896,76,132720
10696,0.009124,172.217.194.0-255,5738,103634,76,132720
10697,0.00913,172.31.40.0-255,66,103700,76,132720
10698,0.011142,172.217.194.0-255,5738,109438,76,132720
10699,0.011149,172.31.40.0-255,66,109504,76,132720
10700,0.013162,172.217.194.0-255,5738,115242,76,132720
10701,0.01317,172.31.40.0-255,66,115308,76,132720
10702,0.015218,172.217.194.0-255,5738,121046,76,132720
10703,0.015227,172.31.40.0-255,66,121112,76,132720
10704,0.017263,172.217.194.0-255,5738,126850,76,132720
10705,0.017271,172.31.40.0-255,66,126916,76,132720
10706,0.019296,172.217.194.0-255,5738,132654,76,132720
10707,0.019304,172.31.40.0-255,66,132720,76,132720
10708,0.0,172.217.194.0-255,150,150,76,287883
10709,2.2e-05,172.31.40.0-255,66,216,76,287883
10710,2.8e-05,172.217.194.0-255,1484,1700,76,287883
10711,3.2e-05,172.31.40.0-255,66,1766,76,287883
10712,3.7e-05,172.217.194.0-255,2902,4668,76,287883
10713,4.1e-05,172.31.40.0-255,66,4734,76,287883
10714,4.6e-05,172.217.194.0-255,2902,7636,76,287883
10715,4.9e-05,172.31.40.0-255,66,7702,76,287883
10716,7.2e-05,172.217.194.0-255,4320,12022,76,287883
10717,7.7e-05,172.31.40.0-255,66,12088,76,287883
10718,7.9e-05,172.217.194.0-255,1484,13572,76,287883
10719,8.1e-05,172.31.40.0-255,66,13638,76,287883
10720,0.000111,172.217.194.0-255,7156,20794,76,287883
10721,0.000114,172.31.40.0-255,66,20860,76,287883
10722,0.000136,172.217.194.0-255,6292,27152,76,287883
10723,0.000139,172.31.40.0-255,66,27218,76,287883
10724,0.000144,172.217.194.0-255,3961,31179,76,287883
10725,0.000146,172.31.40.0-255,66,31245,76,287883
10726,0.000162,172.217.194.0-255,1484,32729,76,287883
10727,0.000164,172.31.40.0-255,66,32795,76,287883
10728,0.00019,172.217.194.0-255,2902,35697,76,287883
10729,0.000192,172.31.40.0-255,66,35763,76,287883
10730,0.000197,172.217.194.0-255,4320,40083,76,287883
10731,0.0002,172.31.40.0-255,66,40149,76,287883
10732,0.000202,172.217.194.0-255,1484,41633,76,287883
10733,0.000204,172.31.40.0-255,66,41699,76,287883
10734,0.00024,172.31.40.0-255,66,41765,76,287883
10735,0.000253,172.31.40.0-255,66,41831,76,287883
10736,0.00027,172.217.194.0-255,2184,44015,76,287883
10737,0.000272,172.31.40.0-255,66,44081,76,287883
10738,0.000275,172.217.194.0-255,676,44757,76,287883
10739,0.000555,172.217.194.0-255,1484,46241,76,287883
10740,0.000562,172.31.40.0-255,66,46307,76,287883
10741,0.000567,172.217.194.0-255,2902,49209,76,287883
10742,0.00057,172.31.40.0-255,66,49275,76,287883
10743,0.000575,172.217.194.0-255,5738,55013,76,287883
10744,0.000578,172.31.40.0-255,66,55079,76,287883
10745,0.0006,172.217.194.0-255,1484,56563,76,287883
10746,0.000624,172.31.40.0-255,66,56629,76,287883
10747,0.000641,172.217.194.0-255,1484,58113,76,287883
10748,0.000646,172.217.194.0-255,4320,62433,76,287883
10749,0.000648,172.31.40.0-255,66,62499,76,287883
10750,0.000672,172.217.194.0-255,6438,68937,76,287883
10751,0.000674,172.31.40.0-255,66,69003,76,287883
10752,0.001538,172.217.194.0-255,1484,70487,76,287883
10753,0.001568,172.217.194.0-255,2902,73389,76,287883
10754,0.001573,172.31.40.0-255,66,73455,76,287883
10755,0.00158,172.217.194.0-255,5738,79193,76,287883
10756,0.001581,172.31.40.0-255,66,79259,76,287883
10757,0.001585,172.217.194.0-255,2902,82161,76,287883
10758,0.001587,172.31.40.0-255,66,82227,76,287883
10759,0.001623,172.31.40.0-255,66,82293,76,287883
10760,0.00163,172.217.194.0-255,7156,89449,76,287883
10761,0.001632,172.31.40.0-255,66,89515,76,287883
10762,0.001646,172.217.194.0-255,3602,93117,76,287883
10763,0.001648,172.31.40.0-255,66,93183,76,287883
10764,0.00167,172.217.194.0-255,1484,94667,76,287883
10765,0.001674,172.217.194.0-255,1484,96151,76,287883
10766,0.001675,172.31.40.0-255,66,96217,76,287883
10767,0.001695,172.217.194.0-255,1484,97701,76,287883
10768,0.001701,172.217.194.0-255,5738,103439,76,287883
10769,0.001703,172.31.40.0-255,66,103505,76,287883
10770,0.001769,172.217.194.0-255,7156,110661,76,287883
10771,0.001772,172.31.40.0-255,66,110727,76,287883
10772,0.001786,172.217.194.0-255,5738,116465,76,287883
10773,0.001788,172.31.40.0-255,66,116531,76,287883
10774,0.001794,172.217.194.0-255,5738,122269,76,287883
10775,0.001795,172.31.40.0-255,66,122335,76,287883
10776,0.001828,172.217.194.0-255,2902,125237,76,287883
10777,0.00183,172.31.40.0-255,66,125303,76,287883
10778,0.001848,172.217.194.0-255,2184,127487,76,287883
10779,0.00185,172.31.40.0-255,66,127553,76,287883
10780,0.001856,172.217.194.0-255,5738,133291,76,287883
10781,0.001857,172.31.40.0-255,66,133357,76,287883
10782,0.00186,172.217.194.0-255,1484,134841,76,287883
10783,0.001878,172.217.194.0-255,4320,139161,76,287883
10784,0.00188,172.31.40.0-255,66,139227,76,287883
10785,0.001903,172.217.194.0-255,2902,142129,76,287883
10786,0.001905,172.31.40.0-255,66,142195,76,287883
10787,0.001923,172.31.40.0-255,66,142261,76,287883
10788,0.001934,172.217.194.0-255,1484,143745,76,287883
10789,0.001941,172.217.194.0-255,7156,150901,76,287883
10790,0.001943,172.31.40.0-255,66,150967,76,287883
10791,0.001964,172.217.194.0-255,2184,153151,76,287883
10792,0.001966,172.31.40.0-255,66,153217,76,287883
10793,0.002797,172.217.194.0-255,1484,154701,76,287883
10794,0.002803,172.217.194.0-255,1484,156185,76,287883
10795,0.002806,172.31.40.0-255,66,156251,76,287883
10796,0.002821,172.217.194.0-255,1484,157735,76,287883
10797,0.002825,172.217.194.0-255,2902,160637,76,287883
10798,0.002827,172.31.40.0-255,66,160703,76,287883
10799,0.002832,172.217.194.0-255,4320,165023,76,287883
10800,0.002834,172.31.40.0-255,66,165089,76,287883
10801,0.002849,172.217.194.0-255,1484,166573,76,287883
10802,0.002868,172.217.194.0-255,7156,173729,76,287883
10803,0.00287,172.31.40.0-255,66,173795,76,287883
10804,0.002872,172.217.194.0-255,1484,175279,76,287883
10805,0.002921,172.217.194.0-255,4320,179599,76,287883
10806,0.002923,172.31.40.0-255,66,179665,76,287883
10807,0.002946,172.217.194.0-255,5738,185403,76,287883
10808,0.002948,172.31.40.0-255,66,185469,76,287883
10809,0.00295,172.217.194.0-255,1484,186953,76,287883
10810,0.002953,172.217.194.0-255,766,187719,76,287883
10811,0.002955,172.31.40.0-255,66,187785,76,287883
10812,0.003204,172.217.194.0-255,1484,189269,76,287883
10813,0.003219,172.217.194.0-255,2902,192171,76,287883
10814,0.003221,172.31.40.0-255,66,192237,76,287883
10815,0.003235,172.217.194.0-255,1484,193721,76,287883
10816,0.003246,172.217.194.0-255,1484,195205,76,287883
10817,0.003248,172.31.40.0-255,66,195271,76,287883
10818,0.00325,172.217.194.0-255,1484,196755,76,287883
10819,0.003283,172.217.194.0-255,2902,199657,76,287883
10820,0.003285,172.31.40.0-255,66,199723,76,287883
10821,0.003301,172.217.194.0-255,4320,204043,76,287883
10822,0.003304,172.31.40.0-255,66,204109,76,287883
10823,0.003325,172.217.194.0-255,2902,207011,76,287883
10824,0.003327,172.31.40.0-255,66,207077,76,287883
10825,0.003333,172.217.194.0-255,5738,212815,76,287883
10826,0.003335,172.31.40.0-255,66,212881,76,287883
10827,0.003358,172.217.194.0-255,5738,218619,76,287883
10828,0.00336,172.31.40.0-255,66,218685,76,287883
10829,0.00337,172.31.40.0-255,66,218751,76,287883
10830,0.003377,172.217.194.0-255,7156,225907,76,287883
10831,0.003379,172.31.40.0-255,66,225973,76,287883
10832,0.003399,172.217.194.0-255,2902,228875,76,287883
10833,0.003401,172.31.40.0-255,66,228941,76,287883
10834,0.003405,172.217.194.0-255,2902,231843,76,287883
10835,0.003407,172.31.40.0-255,66,231909,76,287883
10836,0.003425,172.217.194.0-255,5738,237647,76,287883
10837,0.003427,172.31.40.0-255,66,237713,76,287883
10838,0.003456,172.31.40.0-255,66,237779,76,287883
10839,0.00366,172.217.194.0-255,1484,239263,76,287883
10840,0.003666,172.217.194.0-255,2902,242165,76,287883
10841,0.003668,172.31.40.0-255,66,242231,76,287883
10842,0.003692,172.217.194.0-255,5738,247969,76,287883
10843,0.003695,172.31.40.0-255,66,248035,76,287883
10844,0.003701,172.217.194.0-255,7156,255191,76,287883
10845,0.003703,172.31.40.0-255,66,255257,76,287883
10846,0.003716,172.217.194.0-255,1484,256741,76,287883
10847,0.003769,172.217.194.0-255,4320,261061,76,287883
10848,0.003772,172.31.40.0-255,66,261127,76,287883
10849,0.003794,172.217.194.0-255,5738,266865,76,287883
10850,0.003797,172.31.40.0-255,66,266931,76,287883
10851,0.003821,172.217.194.0-255,5020,271951,76,287883
10852,0.003823,172.31.40.0-255,66,272017,76,287883
10853,0.003866,172.31.40.0-255,66,272083,76,287883
10854,0.003894,172.217.194.0-255,1484,273567,76,287883
10855,0.003908,172.31.40.0-255,66,273633,76,287883
10856,0.003923,172.31.40.0-255,66,273699,76,287883
10857,0.003935,172.31.40.0-255,66,273765,76,287883
10858,0.003956,172.217.194.0-255,5020,278785,76,287883
10859,0.003958,172.31.40.0-255,66,278851,76,287883
10860,0.003962,172.217.194.0-255,2902,281753,76,287883
10861,0.003964,172.31.40.0-255,66,281819,76,287883
10862,0.003978,172.217.194.0-255,1484,283303,76,287883
10863,0.004033,172.217.194.0-255,1484,284787,76,287883
10864,0.004037,172.31.40.0-255,66,284853,76,287883
10865,0.004056,172.217.194.0-255,2622,287475,76,287883
10866,0.004058,172.31.40.0-255,66,287541,76,287883
10867,0.004061,172.217.194.0-255,105,287646,76,287883
10868,0.005946,172.31.40.0-255,66,287712,76,287883
10869,0.005978,172.31.40.0-255,105,287817,76,287883
10870,0.008631,172.217.194.0-255,66,287883,76,287883
10871,0.0,172.217.194.0-255,156,156,76,233924
10872,1.4e-05,172.31.40.0-255,66,222,76,233924
10873,2e-05,172.217.194.0-255,1484,1706,76,233924
10874,2.4e-05,172.31.40.0-255,66,1772,76,233924
10875,2.9e-05,172.217.194.0-255,2902,4674,76,233924
10876,3.2e-05,172.31.40.0-255,66,4740,76,233924
10877,3.5e-05,172.217.194.0-255,1484,6224,76,233924
10878,3.7e-05,172.31.40.0-255,66,6290,76,233924
10879,6.8e-05,172.217.194.0-255,5738,12028,76,233924
10880,7.1e-05,172.31.40.0-255,66,12094,76,233924
10881,7.4e-05,172.217.194.0-255,2088,14182,76,233924
10882,7.6e-05,172.31.40.0-255,66,14248,76,233924
10883,0.000107,172.217.194.0-255,1484,15732,76,233924
10884,0.000109,172.31.40.0-255,66,15798,76,233924
10885,0.000138,172.31.40.0-255,66,15864,76,233924
10886,0.000161,172.217.194.0-255,5379,21243,76,233924
10887,0.000163,172.31.40.0-255,66,21309,76,233924
10888,0.000203,172.217.194.0-255,2902,24211,76,233924
10889,0.000206,172.31.40.0-255,66,24277,76,233924
10890,0.000227,172.217.194.0-255,1484,25761,76,233924
10891,0.000229,172.31.40.0-255,66,25827,76,233924
10892,0.000235,172.217.194.0-255,5738,31565,76,233924
10893,0.000237,172.31.40.0-255,66,31631,76,233924
10894,0.000262,172.217.194.0-255,4320,35951,76,233924
10895,0.000265,172.31.40.0-255,66,36017,76,233924
10896,0.000283,172.217.194.0-255,2543,38560,76,233924
10897,0.000285,172.31.40.0-255,66,38626,76,233924
10898,0.000291,172.217.194.0-255,7156,45782,76,233924
10899,0.000293,172.31.40.0-255,66,45848,76,233924
10900,0.000323,172.31.40.0-255,66,45914,76,233924
10901,0.000404,172.217.194.0-255,366,46280,76,233924
10902,0.000408,172.217.194.0-255,377,46657,76,233924
10903,0.000678,172.217.194.0-255,1484,48141,76,233924
10904,0.000683,172.217.194.0-255,2902,51043,76,233924
10905,0.000688,172.31.40.0-255,66,51109,76,233924
10906,0.000691,172.31.40.0-255,66,51175,76,233924
10907,0.000711,172.217.194.0-255,5738,56913,76,233924
10908,0.000713,172.31.40.0-255,66,56979,76,233924
10909,0.00072,172.217.194.0-255,7156,64135,76,233924
10910,0.000722,172.31.40.0-255,66,64201,76,233924
10911,0.000736,172.217.194.0-255,2902,67103,76,233924
10912,0.000738,172.31.40.0-255,66,67169,76,233924
10913,0.000765,172.31.40.0-255,66,67235,76,233924
10914,0.000769,172.217.194.0-255,2184,69419,76,233924
10915,0.00077,172.31.40.0-255,66,69485,76,233924
10916,0.000789,172.217.194.0-255,2902,72387,76,233924
10917,0.000791,172.31.40.0-255,66,72453,76,233924
10918,0.000815,172.217.194.0-255,7156,79609,76,233924
10919,0.000819,172.31.40.0-255,66,79675,76,233924
10920,0.000824,172.217.194.0-255,4320,83995,76,233924
10921,0.000826,172.31.40.0-255,66,84061,76,233924
10922,0.000839,172.217.194.0-255,2902,86963,76,233924
10923,0.000841,172.31.40.0-255,66,87029,76,233924
10924,0.000854,172.31.40.0-255,66,87095,76,233924
10925,0.000869,172.217.194.0-255,2902,89997,76,233924
10926,0.000872,172.217.194.0-255,766,90763,76,233924
10927,0.000884,172.31.40.0-255,66,90829,76,233924
10928,0.001008,172.217.194.0-255,1484,92313,76,233924
10929,0.001012,172.217.194.0-255,1484,93797,76,233924
10930,0.001015,172.31.40.0-255,66,93863,76,233924
10931,0.001032,172.217.194.0-255,1484,95347,76,233924
10932,0.001039,172.217.194.0-255,5738,101085,76,233924
10933,0.00104,172.31.40.0-255,66,101151,76,233924
10934,0.001113,172.31.40.0-255,66,101217,76,233924
10935,0.001388,172.217.194.0-255,1484,102701,76,233924
10936,0.001417,172.217.194.0-255,2902,105603,76,233924
10937,0.00142,172.31.40.0-255,66,105669,76,233924
10938,0.001425,172.217.194.0-255,4320,109989,76,233924
10939,0.001427,172.31.40.0-255,66,110055,76,233924
10940,0.001438,172.217.194.0-255,1484,111539,76,233924
10941,0.001441,172.217.194.0-255,1484,113023,76,233924
10942,0.001443,172.31.40.0-255,66,113089,76,233924
10943,0.001453,172.31.40.0-255,66,113155,76,233924
10944,0.001467,172.217.194.0-255,2902,116057,76,233924
10945,0.001469,172.31.40.0-255,66,116123,76,233924
10946,0.001473,172.217.194.0-255,4320,120443,76,233924
10947,0.001475,172.31.40.0-255,66,120509,76,233924
10948,0.001502,172.217.194.0-255,5020,125529,76,233924
10949,0.001518,172.31.40.0-255,66,125595,76,233924
10950,0.001523,172.217.194.0-255,4320,129915,76,233924
10951,0.001527,172.31.40.0-255,66,129981,76,233924
10952,0.001539,172.217.194.0-255,2902,132883,76,233924
10953,0.001546,172.217.194.0-255,7156,140039,76,233924
10954,0.001559,172.31.40.0-255,66,140105,76,233924
10955,0.001561,172.217.194.0-255,1484,141589,76,233924
10956,0.001566,172.217.194.0-255,4320,145909,76,233924
10957,0.00157,172.31.40.0-255,66,145975,76,233924
10958,0.00159,172.217.194.0-255,766,146741,76,233924
10959,0.001603,172.31.40.0-255,66,146807,76,233924
10960,0.001762,172.217.194.0-255,1484,148291,76,233924
10961,0.001766,172.217.194.0-255,2902,151193,76,233924
10962,0.001771,172.31.40.0-255,66,151259,76,233924
10963,0.001779,172.217.194.0-255,2902,154161,76,233924
10964,0.001797,172.31.40.0-255,66,154227,76,233924
10965,0.001809,172.217.194.0-255,7156,161383,76,233924
10966,0.00182,172.31.40.0-255,66,161449,76,233924
10967,0.001834,172.217.194.0-255,4320,165769,76,233924
10968,0.001838,172.31.40.0-255,66,165835,76,233924
10969,0.001856,172.217.194.0-255,3602,169437,76,233924
10970,0.001878,172.31.40.0-255,66,169503,76,233924
10971,0.001923,172.217.194.0-255,1484,170987,76,233924
10972,0.001928,172.217.194.0-255,2902,173889,76,233924
10973,0.00194,172.217.194.0-255,4320,178209,76,233924
10974,0.00195,172.217.194.0-255,1484,179693,76,233924
10975,0.001956,172.31.40.0-255,66,179759,76,233924
10976,0.001967,172.217.194.0-255,4320,184079,76,233924
10977,0.00198,172.31.40.0-255,66,184145,76,233924
10978,0.002008,172.217.194.0-255,5738,189883,76,233924
10979,0.002016,172.31.40.0-255,66,189949,76,233924
10980,0.002027,172.217.194.0-255,5020,194969,76,233924
10981,0.002042,172.217.194.0-255,4320,199289,76,233924
10982,0.002048,172.31.40.0-255,66,199355,76,233924
10983,0.002069,172.217.194.0-255,7156,206511,76,233924
10984,0.002081,172.31.40.0-255,66,206577,76,233924
10985,0.00216,172.217.194.0-255,6438,213015,76,233924
10986,0.00218,172.31.40.0-255,66,213081,76,233924
10987,0.002186,172.31.40.0-255,66,213147,76,233924
10988,0.002209,172.217.194.0-255,1484,214631,76,233924
10989,0.002226,172.31.40.0-255,66,214697,76,233924
10990,0.002243,172.31.40.0-255,66,214763,76,233924
10991,0.002262,172.217.194.0-255,7156,221919,76,233924
10992,0.002266,172.217.194.0-255,2184,224103,76,233924
10993,0.002269,172.31.40.0-255,66,224169,76,233924
10994,0.002285,172.217.194.0-255,2902,227071,76,233924
10995,0.002291,172.31.40.0-255,66,227137,76,233924
10996,0.002305,172.217.194.0-255,6445,233582,76,233924
10997,0.002322,172.217.194.0-255,105,233687,76,233924
10998,0.002326,172.31.40.0-255,66,233753,76,233924
10999,0.003887,172.31.40.0-255,105,233858,76,233924
11000,0.006518,172.217.194.0-255,66,233924,76,233924
11001,0.0,172.217.194.0-255,146,146,76,208632
11002,1.7e-05,172.31.40.0-255,66,212,76,208632
11003,2.4e-05,172.217.194.0-255,1484,1696,76,208632
11004,2.9e-05,172.31.40.0-255,66,1762,76,208632
11005,3.5e-05,172.217.194.0-255,2902,4664,76,208632
11006,3.8e-05,172.31.40.0-255,66,4730,76,208632
11007,4.6e-05,172.217.194.0-255,7156,11886,76,208632
11008,4.9e-05,172.31.40.0-255,66,11952,76,208632
11009,5.3e-05,172.217.194.0-255,2138,14090,76,208632
11010,5.6e-05,172.31.40.0-255,66,14156,76,208632
11011,0.000103,172.217.194.0-255,4320,18476,76,208632
11012,0.000107,172.31.40.0-255,66,18542,76,208632
11013,0.00013,172.217.194.0-255,2902,21444,76,208632
11014,0.000132,172.31.40.0-255,66,21510,76,208632
11015,0.000143,172.31.40.0-255,66,21576,76,208632
11016,0.000146,172.217.194.0-255,1125,22701,76,208632
11017,0.000148,172.31.40.0-255,66,22767,76,208632
11018,0.000228,172.217.194.0-255,1484,24251,76,208632
11019,0.000232,172.31.40.0-255,66,24317,76,208632
11020,0.000255,172.217.194.0-255,2902,27219,76,208632
11021,0.000258,172.31.40.0-255,66,27285,76,208632
11022,0.000264,172.217.194.0-255,5738,33023,76,208632
11023,0.000267,172.31.40.0-255,66,33089,76,208632
11024,0.000301,172.217.194.0-255,2902,35991,76,208632
11025,0.000304,172.31.40.0-255,66,36057,76,208632
11026,0.000328,172.217.194.0-255,3961,40018,76,208632
11027,0.000331,172.31.40.0-255,66,40084,76,208632
11028,0.000338,172.217.194.0-255,7156,47240,76,208632
11029,0.000341,172.31.40.0-255,66,47306,76,208632
11030,0.000359,172.217.194.0-255,5738,53044,76,208632
11031,0.000361,172.31.40.0-255,66,53110,76,208632
11032,0.000393,172.217.194.0-255,4573,57683,76,208632
11033,0.000397,172.31.40.0-255,66,57749,76,208632
11034,0.000639,172.217.194.0-255,1484,59233,76,208632
11035,0.000646,172.31.40.0-255,66,59299,76,208632
11036,0.000653,172.217.194.0-255,2902,62201,76,208632
11037,0.00066,172.217.194.0-255,5738,67939,76,208632
11038,0.000678,172.217.194.0-255,4320,72259,76,208632
11039,0.000682,172.31.40.0-255,66,72325,76,208632
11040,0.000687,172.31.40.0-255,66,72391,76,208632
11041,0.00072,172.217.194.0-255,4320,76711,76,208632
11042,0.000736,172.217.194.0-255,6438,83149,76,208632
11043,0.00075,172.31.40.0-255,66,83215,76,208632
11044,0.000955,172.217.194.0-255,1484,84699,76,208632
11045,0.00096,172.217.194.0-255,2902,87601,76,208632
11046,0.000975,172.217.194.0-255,5738,93339,76,208632
11047,0.000995,172.217.194.0-255,4320,97659,76,208632
11048,0.001,172.31.40.0-255,66,97725,76,208632
11049,0.001019,172.31.40.0-255,66,97791,76,208632
11050,0.001053,172.31.40.0-255,66,97857,76,208632
11051,0.001069,172.217.194.0-255,1484,99341,76,208632
11052,0.001119,172.31.40.0-255,66,99407,76,208632
11053,0.001129,172.217.194.0-255,4320,103727,76,208632
11054,0.001138,172.31.40.0-255,66,103793,76,208632
11055,0.001163,172.31.40.0-255,66,103859,76,208632
11056,0.001176,172.217.194.0-255,6438,110297,76,208632
11057,0.001207,172.31.40.0-255,66,110363,76,208632
11058,0.001634,172.217.194.0-255,1484,111847,76,208632
11059,0.00164,172.217.194.0-255,2902,114749,76,208632
11060,0.001643,172.31.40.0-255,66,114815,76,208632
11061,0.001647,172.217.194.0-255,1484,116299,76,208632
11062,0.001675,172.217.194.0-255,4320,120619,76,208632
11063,0.001689,172.217.194.0-255,1484,122103,76,208632
11064,0.001694,172.31.40.0-255,66,122169,76,208632
11065,0.001735,172.217.194.0-255,4320,126489,76,208632
11066,0.00175,172.217.194.0-255,4320,130809,76,208632
11067,0.001753,172.217.194.0-255,766,131575,76,208632
11068,0.001756,172.217.194.0-255,1484,133059,76,208632
11069,0.00176,172.217.194.0-255,4320,137379,76,208632
11070,0.001765,172.217.194.0-255,2902,140281,76,208632
11071,0.001789,172.217.194.0-255,7156,147437,76,208632
11072,0.001799,172.31.40.0-255,66,147503,76,208632
11073,0.001805,172.31.40.0-255,66,147569,76,208632
11074,0.001832,172.217.194.0-255,7156,154725,76,208632
11075,0.001839,172.31.40.0-255,66,154791,76,208632
11076,0.001861,172.217.194.0-255,5020,159811,76,208632
11077,0.001887,172.217.194.0-255,4320,164131,76,208632
11078,0.001898,172.31.40.0-255,66,164197,76,208632
11079,0.001914,172.217.194.0-255,4320,168517,76,208632
11080,0.001953,172.31.40.0-255,66,168583,76,208632
11081,0.001971,172.217.194.0-255,2902,171485,76,208632
11082,0.001981,172.31.40.0-255,66,171551,76,208632
11083,0.002025,172.31.40.0-255,66,171617,76,208632
11084,0.002035,172.217.194.0-255,4320,175937,76,208632
11085,0.00204,172.31.40.0-255,66,176003,76,208632
11086,0.002072,172.217.194.0-255,766,176769,76,208632
11087,0.002084,172.217.194.0-255,1484,178253,76,208632
11088,0.002089,172.31.40.0-255,66,178319,76,208632
11089,0.002098,172.217.194.0-255,4320,182639,76,208632
11090,0.002103,172.31.40.0-255,66,182705,76,208632
11091,0.002132,172.217.194.0-255,1484,184189,76,208632
11092,0.00214,172.31.40.0-255,66,184255,76,208632
11093,0.002194,172.31.40.0-255,66,184321,76,208632
11094,0.002213,172.217.194.0-255,6438,190759,76,208632
11095,0.00222,172.31.40.0-255,66,190825,76,208632
11096,0.002265,172.217.194.0-255,5738,196563,76,208632
11097,0.002272,172.31.40.0-255,66,196629,76,208632
11098,0.002354,172.217.194.0-255,2184,198813,76,208632
11099,0.00236,172.31.40.0-255,66,198879,76,208632
11100,0.002382,172.217.194.0-255,2902,201781,76,208632
11101,0.002391,172.31.40.0-255,66,201847,76,208632
11102,0.002424,172.31.40.0-255,66,201913,76,208632
11103,0.0049,172.217.194.0-255,4320,206233,76,208632
11104,0.004906,172.31.40.0-255,66,206299,76,208632
11105,0.004923,172.217.194.0-255,1484,207783,76,208632
11106,0.007243,172.217.194.0-255,333,208116,76,208632
11107,0.01405,172.217.194.0-255,333,208449,76,208632
11108,0.014077,172.31.40.0-255,78,208527,76,208632
11109,0.017862,172.31.40.0-255,105,208632,76,208632
11110,0.0,74.125.24.0-255,149,149,76,248685
11111,2.3e-05,172.31.40.0-255,66,215,76,248685
11112,3e-05,74.125.24.0-255,1484,1699,76,248685
11113,3.5e-05,172.31.40.0-255,66,1765,76,248685
11114,4e-05,74.125.24.0-255,2902,4667,76,248685
11115,5.1e-05,172.31.40.0-255,66,4733,76,248685
11116,5.8e-05,74.125.24.0-255,5738,10471,76,248685
11117,6e-05,172.31.40.0-255,66,10537,76,248685
11118,6.3e-05,74.125.24.0-255,1484,12021,76,248685
11119,6.6e-05,172.31.40.0-255,66,12087,76,248685
11120,0.000106,172.31.40.0-255,66,12153,76,248685
11121,0.000113,74.125.24.0-255,6797,18950,76,248685
11122,0.000116,172.31.40.0-255,66,19016,76,248685
11123,0.000165,74.125.24.0-255,1484,20500,76,248685
11124,0.000168,172.31.40.0-255,66,20566,76,248685
11125,0.000173,74.125.24.0-255,2902,23468,76,248685
11126,0.000175,172.31.40.0-255,66,23534,76,248685
11127,0.000181,74.125.24.0-255,5738,29272,76,248685
11128,0.000184,172.31.40.0-255,66,29338,76,248685
11129,0.000189,74.125.24.0-255,4320,33658,76,248685
11130,0.000192,172.31.40.0-255,66,33724,76,248685
11131,0.000242,74.125.24.0-255,2543,36267,76,248685
11132,0.000244,172.31.40.0-255,66,36333,76,248685
11133,0.000322,74.125.24.0-255,1484,37817,76,248685
11134,0.000324,172.31.40.0-255,66,37883,76,248685
11135,0.000343,74.125.24.0-255,2902,40785,76,248685
11136,0.000346,172.31.40.0-255,66,40851,76,248685
11137,0.000349,74.125.24.0-255,1484,42335,76,248685
11138,0.000351,172.31.40.0-255,66,42401,76,248685
11139,0.000389,74.125.24.0-255,4320,46721,76,248685
11140,0.000392,172.31.40.0-255,66,46787,76,248685
11141,0.0004,74.125.24.0-255,6797,53584,76,248685
11142,0.000402,172.31.40.0-255,66,53650,76,248685
11143,0.000487,74.125.24.0-255,1484,55134,76,248685
11144,0.000493,74.125.24.0-255,2902,58036,76,248685
11145,0.000497,172.31.40.0-255,66,58102,76,248685
11146,0.000504,74.125.24.0-255,5738,63840,76,248685
11147,0.000506,172.31.40.0-255,66,63906,76,248685
11148,0.000555,74.125.24.0-255,6797,70703,76,248685
11149,0.000559,172.31.40.0-255,66,70769,76,248685
11150,0.000965,74.125.24.0-255,1484,72253,76,248685
11151,0.000972,74.125.24.0-255,2902,75155,76,248685
11152,0.000975,172.31.40.0-255,66,75221,76,248685
11153,0.000979,74.125.24.0-255,1484,76705,76,248685
11154,0.001007,74.125.24.0-255,4320,81025,76,248685
11155,0.001015,74.125.24.0-255,6797,87822,76,248685
11156,0.001023,172.31.40.0-255,66,87888,76,248685
11157,0.001027,172.31.40.0-255,66,87954,76,248685
11158,0.001085,74.125.24.0-255,1484,89438,76,248685
11159,0.001106,74.125.24.0-255,2902,92340,76,248685
11160,0.001109,172.31.40.0-255,66,92406,76,248685
11161,0.001112,74.125.24.0-255,1484,93890,76,248685
11162,0.00114,74.125.24.0-255,4320,98210,76,248685
11163,0.001158,74.125.24.0-255,7156,105366,76,248685
11164,0.001164,172.31.40.0-255,66,105432,76,248685
11165,0.001172,172.31.40.0-255,66,105498,76,248685
11166,0.001175,172.31.40.0-255,66,105564,76,248685
11167,0.001185,74.125.24.0-255,3602,109166,76,248685
11168,0.001187,172.31.40.0-255,66,109232,76,248685
11169,0.001259,74.125.24.0-255,1484,110716,76,248685
11170,0.001264,74.125.24.0-255,2902,113618,76,248685
11171,0.001267,172.31.40.0-255,66,113684,76,248685
11172,0.001274,74.125.24.0-255,4320,118004,76,248685
11173,0.001276,172.31.40.0-255,66,118070,76,248685
11174,0.001304,74.125.24.0-255,1484,119554,76,248685
11175,0.001319,172.31.40.0-255,66,119620,76,248685
11176,0.001327,74.125.24.0-255,7156,126776,76,248685
11177,0.00133,172.31.40.0-255,66,126842,76,248685
11178,0.001362,74.125.24.0-255,3602,130444,76,248685
11179,0.001365,172.31.40.0-255,66,130510,76,248685
11180,0.00139,74.125.24.0-255,4320,134830,76,248685
11181,0.001392,172.31.40.0-255,66,134896,76,248685
11182,0.001432,172.31.40.0-255,66,134962,76,248685
11183,0.001439,74.125.24.0-255,5738,140700,76,248685
11184,0.001441,172.31.40.0-255,66,140766,76,248685
11185,0.001485,74.125.24.0-255,7156,147922,76,248685
11186,0.001488,172.31.40.0-255,66,147988,76,248685
11187,0.001521,74.125.24.0-255,6438,154426,76,248685
11188,0.001524,172.31.40.0-255,66,154492,76,248685
11189,0.00174,74.125.24.0-255,1484,155976,76,248685
11190,0.001746,74.125.24.0-255,2902,158878,76,248685
11191,0.00175,172.31.40.0-255,66,158944,76,248685
11192,0.001754,74.125.24.0-255,1484,160428,76,248685
11193,0.001785,74.125.24.0-255,4320,164748,76,248685
11194,0.001788,172.31.40.0-255,66,164814,76,248685
11195,0.001794,74.125.24.0-255,5738,170552,76,248685
11196,0.001797,172.31.40.0-255,66,170618,76,248685
11197,0.001842,74.125.24.0-255,7156,177774,76,248685
11198,0.001845,172.31.40.0-255,66,177840,76,248685
11199,0.001872,74.125.24.0-255,5738,183578,76,248685
11200,0.001875,172.31.40.0-255,66,183644,76,248685
11201,0.001881,74.125.24.0-255,5020,188664,76,248685
11202,0.001883,172.31.40.0-255,66,188730,76,248685
11203,0.001889,74.125.24.0-255,5738,194468,76,248685
11204,0.001891,172.31.40.0-255,66,194534,76,248685
11205,0.001898,74.125.24.0-255,7156,201690,76,248685
11206,0.001901,172.31.40.0-255,66,201756,76,248685
11207,0.001962,172.31.40.0-255,66,201822,76,248685
11208,0.001989,74.125.24.0-255,1484,203306,76,248685
11209,0.002017,172.31.40.0-255,66,203372,76,248685
11210,0.002077,74.125.24.0-255,1484,204856,76,248685
11211,0.002094,74.125.24.0-255,2902,207758,76,248685
11212,0.002097,172.31.40.0-255,66,207824,76,248685
11213,0.002104,74.125.24.0-255,5738,213562,76,248685
11214,0.002106,172.31.40.0-255,66,213628,76,248685
11215,0.002152,172.31.40.0-255,66,213694,76,248685
11216,0.002163,172.31.40.0-255,66,213760,76,248685
11217,0.002195,74.125.24.0-255,2184,215944,76,248685
11218,0.002197,172.31.40.0-255,66,216010,76,248685
11219,0.002231,74.125.24.0-255,1484,217494,76,248685
11220,0.002248,74.125.24.0-255,2902,220396,76,248685
11221,0.002255,74.125.24.0-255,4320,224716,76,248685
11222,0.002265,172.31.40.0-255,66,224782,76,248685
11223,0.002269,74.125.24.0-255,1484,226266,76,248685
11224,0.002338,172.31.40.0-255,66,226332,76,248685
11225,0.002347,74.125.24.0-255,2902,229234,76,248685
11226,0.002352,172.31.40.0-255,66,229300,76,248685
11227,0.002368,74.125.24.0-255,7156,236456,76,248685
11228,0.002399,172.31.40.0-255,66,236522,76,248685
11229,0.002451,74.125.24.0-255,6438,242960,76,248685
11230,0.002462,172.31.40.0-255,66,243026,76,248685
11231,0.002479,172.31.40.0-255,66,243092,76,248685
11232,0.002509,74.125.24.0-255,5185,248277,76,248685
11233,0.00255,172.31.40.0-255,66,248343,76,248685
11234,0.004944,74.125.24.0-255,105,248448,76,248685
11235,0.010994,172.31.40.0-255,66,248514,76,248685
11236,0.011045,172.31.40.0-255,105,248619,76,248685
11237,0.013444,74.125.24.0-255,66,248685,76,248685
11238,0.0,74.125.130.0-255,150,150,76,207703
11239,1.3e-05,172.31.40.0-255,66,216,76,207703
11240,1.8e-05,74.125.130.0-255,1484,1700,76,207703
11241,2.3e-05,172.31.40.0-255,66,1766,76,207703
11242,2.8e-05,74.125.130.0-255,2902,4668,76,207703
11243,3.1e-05,172.31.40.0-255,66,4734,76,207703
11244,3.4e-05,74.125.130.0-255,1484,6218,76,207703
11245,3.6e-05,172.31.40.0-255,66,6284,76,207703
11246,6.2e-05,74.125.130.0-255,5738,12022,76,207703
11247,6.5e-05,172.31.40.0-255,66,12088,76,207703
11248,6.9e-05,74.125.130.0-255,2098,14186,76,207703
11249,7.1e-05,172.31.40.0-255,66,14252,76,207703
11250,7.5e-05,74.125.130.0-255,2902,17154,76,207703
11251,7.7e-05,172.31.40.0-255,66,17220,76,207703
11252,0.000106,74.125.130.0-255,7156,24376,76,207703
11253,0.000108,172.31.40.0-255,66,24442,76,207703
11254,0.000111,74.125.130.0-255,1484,25926,76,207703
11255,0.000112,172.31.40.0-255,66,25992,76,207703
11256,0.000166,74.125.130.0-255,5379,31371,76,207703
11257,0.000168,172.31.40.0-255,66,31437,76,207703
11258,0.000247,74.125.130.0-255,1484,32921,76,207703
11259,0.000249,172.31.40.0-255,66,32987,76,207703
11260,0.000254,74.125.130.0-255,2902,35889,76,207703
11261,0.000256,172.31.40.0-255,66,35955,76,207703
11262,0.000259,74.125.130.0-255,1484,37439,76,207703
11263,0.00026,172.31.40.0-255,66,37505,76,207703
11264,0.000284,74.125.130.0-255,4320,41825,76,207703
11265,0.000287,172.31.40.0-255,66,41891,76,207703
11266,0.000309,74.125.130.0-255,4320,46211,76,207703
11267,0.000312,172.31.40.0-255,66,46277,76,207703
11268,0.00034,172.31.40.0-255,66,46343,76,207703
11269,0.000391,74.125.130.0-255,5738,52081,76,207703
11270,0.000393,172.31.40.0-255,66,52147,76,207703
11271,0.000413,74.125.130.0-255,4218,56365,76,207703
11272,0.000415,172.31.40.0-255,66,56431,76,207703
11273,0.000418,74.125.130.0-255,117,56548,76,207703
11274,0.000516,74.125.130.0-255,1484,58032,76,207703
11275,0.00052,172.31.40.0-255,66,58098,76,207703
11276,0.000524,74.125.130.0-255,2902,61000,76,207703
11277,0.000526,172.31.40.0-255,66,61066,76,207703
11278,0.000529,74.125.130.0-255,1484,62550,76,207703
11279,0.000546,74.125.130.0-255,4320,66870,76,207703
11280,0.000549,172.31.40.0-255,66,66936,76,207703
11281,0.000552,74.125.130.0-255,2902,69838,76,207703
11282,0.000554,172.31.40.0-255,66,69904,76,207703
11283,0.00059,74.125.130.0-255,3961,73865,76,207703
11284,0.000593,172.31.40.0-255,66,73931,76,207703
11285,0.000599,74.125.130.0-255,7156,81087,76,207703
11286,0.000601,172.31.40.0-255,66,81153,76,207703
11287,0.000612,74.125.130.0-255,1484,82637,76,207703
11288,0.000633,172.31.40.0-255,66,82703,76,207703
11289,0.000868,74.125.130.0-255,1484,84187,76,207703
11290,0.000874,74.125.130.0-255,2902,87089,76,207703
11291,0.000876,172.31.40.0-255,66,87155,76,207703
11292,0.000899,74.125.130.0-255,5738,92893,76,207703
11293,0.000902,172.31.40.0-255,66,92959,76,207703
11294,0.000937,172.31.40.0-255,66,93025,76,207703
11295,0.000982,172.31.40.0-255,66,93091,76,207703
11296,0.001295,74.125.130.0-255,1484,94575,76,207703
11297,0.0013,74.125.130.0-255,2902,97477,76,207703
11298,0.001304,172.31.40.0-255,66,97543,76,207703
11299,0.001309,74.125.130.0-255,2902,100445,76,207703
11300,0.001311,172.31.40.0-255,66,100511,76,207703
11301,0.001323,74.125.130.0-255,1484,101995,76,207703
11302,0.001343,74.125.130.0-255,2902,104897,76,207703
11303,0.001346,172.31.40.0-255,66,104963,76,207703
11304,0.001349,74.125.130.0-255,1484,106447,76,207703
11305,0.001382,74.125.130.0-255,7156,113603,76,207703
11306,0.001385,172.31.40.0-255,66,113669,76,207703
11307,0.001398,172.31.40.0-255,66,113735,76,207703
11308,0.001424,74.125.130.0-255,3602,117337,76,207703
11309,0.001427,172.31.40.0-255,66,117403,76,207703
11310,0.001441,74.125.130.0-255,4320,121723,76,207703
11311,0.001443,172.31.40.0-255,66,121789,76,207703
11312,0.001482,172.31.40.0-255,66,121855,76,207703
11313,0.001485,74.125.130.0-255,1484,123339,76,207703
11314,0.001489,74.125.130.0-255,2902,126241,76,207703
11315,0.001492,172.31.40.0-255,66,126307,76,207703
11316,0.001515,172.31.40.0-255,66,126373,76,207703
11317,0.001518,74.125.130.0-255,1484,127857,76,207703
11318,0.001559,172.31.40.0-255,66,127923,76,207703
11319,0.001577,74.125.130.0-255,4320,132243,76,207703
11320,0.00158,172.31.40.0-255,66,132309,76,207703
11321,0.001599,74.125.130.0-255,1484,133793,76,207703
11322,0.001607,74.125.130.0-255,7156,140949,76,207703
11323,0.001609,172.31.40.0-255,66,141015,76,207703
11324,0.001637,172.31.40.0-255,66,141081,76,207703
11325,0.001672,74.125.130.0-255,4320,145401,76,207703
11326,0.001675,172.31.40.0-255,66,145467,76,207703
11327,0.001708,74.125.130.0-255,4320,149787,76,207703
11328,0.001711,172.31.40.0-255,66,149853,76,207703
11329,0.001735,74.125.130.0-255,1484,151337,76,207703
11330,0.001822,74.125.130.0-255,1484,152821,76,207703
11331,0.001842,74.125.130.0-255,2902,155723,76,207703
11332,0.001859,74.125.130.0-255,2902,158625,76,207703
11333,0.001876,74.125.130.0-255,2902,161527,76,207703
11334,0.001889,74.125.130.0-255,1484,163011,76,207703
11335,0.001938,74.125.130.0-255,5738,168749,76,207703
11336,0.001955,74.125.130.0-255,3602,172351,76,207703
11337,0.005238,172.31.40.0-255,66,172417,76,207703
11338,0.005242,172.31.40.0-255,66,172483,76,207703
11339,0.005246,172.31.40.0-255,66,172549,76,207703
11340,0.005248,172.31.40.0-255,66,172615,76,207703
11341,0.005251,172.31.40.0-255,66,172681,76,207703
11342,0.005259,172.31.40.0-255,66,172747,76,207703
11343,0.005263,172.31.40.0-255,66,172813,76,207703
11344,0.005266,172.31.40.0-255,66,172879,76,207703
11345,0.007591,74.125.130.0-255,5738,178617,76,207703
11346,0.007598,172.31.40.0-255,66,178683,76,207703
11347,0.009938,74.125.130.0-255,5738,184421,76,207703
11348,0.009944,172.31.40.0-255,66,184487,76,207703
11349,0.012278,74.125.130.0-255,5738,190225,76,207703
11350,0.012284,172.31.40.0-255,66,190291,76,207703
11351,0.014616,74.125.130.0-255,5738,196029,76,207703
11352,0.014624,172.31.40.0-255,66,196095,76,207703
11353,0.016958,74.125.130.0-255,5738,201833,76,207703
11354,0.016968,172.31.40.0-255,66,201899,76,207703
11355,0.019303,74.125.130.0-255,5738,207637,76,207703
11356,0.019312,172.31.40.0-255,66,207703,76,207703
11357,0.0,74.125.24.0-255,153,153,76,168551
11358,1.7e-05,172.31.40.0-255,66,219,76,168551
11359,2.3e-05,74.125.24.0-255,1484,1703,76,168551
11360,2.8e-05,172.31.40.0-255,66,1769,76,168551
11361,4.3e-05,74.125.24.0-255,2902,4671,76,168551
11362,4.6e-05,172.31.40.0-255,66,4737,76,168551
11363,5e-05,74.125.24.0-255,2902,7639,76,168551
11364,5.3e-05,172.31.40.0-255,66,7705,76,168551
11365,6.4e-05,172.31.40.0-255,66,7771,76,168551
11366,0.000112,172.31.40.0-255,66,7837,76,168551
11367,0.000115,74.125.24.0-255,1484,9321,76,168551
11368,0.000117,172.31.40.0-255,66,9387,76,168551
11369,0.000148,74.125.24.0-255,2902,12289,76,168551
11370,0.000151,172.31.40.0-255,66,12355,76,168551
11371,0.000158,74.125.24.0-255,5738,18093,76,168551
11372,0.00016,172.31.40.0-255,66,18159,76,168551
11373,0.000199,74.125.24.0-255,6797,24956,76,168551
11374,0.000202,172.31.40.0-255,66,25022,76,168551
11375,0.000228,74.125.24.0-255,7156,32178,76,168551
11376,0.000231,172.31.40.0-255,66,32244,76,168551
11377,0.000236,74.125.24.0-255,2902,35146,76,168551
11378,0.000238,172.31.40.0-255,66,35212,76,168551
11379,0.000271,74.125.24.0-255,5738,40950,76,168551
11380,0.000274,172.31.40.0-255,66,41016,76,168551
11381,0.000277,74.125.24.0-255,1458,42474,76,168551
11382,0.000279,172.31.40.0-255,66,42540,76,168551
11383,0.000303,74.125.24.0-255,114,42654,76,168551
11384,0.000305,172.31.40.0-255,66,42720,76,168551
11385,0.00053,74.125.24.0-255,329,43049,76,168551
11386,0.000535,172.31.40.0-255,66,43115,76,168551
11387,0.000689,74.125.24.0-255,1484,44599,76,168551
11388,0.000696,74.125.24.0-255,2902,47501,76,168551
11389,0.0007,172.31.40.0-255,66,47567,76,168551
11390,0.000706,74.125.24.0-255,4320,51887,76,168551
11391,0.000708,172.31.40.0-255,66,51953,76,168551
11392,0.00074,74.125.24.0-255,1484,53437,76,168551
11393,0.000748,74.125.24.0-255,6797,60234,76,168551
11394,0.00075,172.31.40.0-255,66,60300,76,168551
11395,0.00078,74.125.24.0-255,7156,67456,76,168551
11396,0.000783,172.31.40.0-255,66,67522,76,168551
11397,0.000788,74.125.24.0-255,4320,71842,76,168551
11398,0.000791,172.31.40.0-255,66,71908,76,168551
11399,0.000836,74.125.24.0-255,2902,74810,76,168551
11400,0.000839,172.31.40.0-255,66,74876,76,168551
11401,0.000865,74.125.24.0-255,2543,77419,76,168551
11402,0.000868,172.31.40.0-255,66,77485,76,168551
11403,0.001296,74.125.24.0-255,1484,78969,76,168551
11404,0.001303,74.125.24.0-255,2902,81871,76,168551
11405,0.001306,172.31.40.0-255,66,81937,76,168551
11406,0.001313,74.125.24.0-255,5738,87675,76,168551
11407,0.001315,172.31.40.0-255,66,87741,76,168551
11408,0.001346,172.31.40.0-255,66,87807,76,168551
11409,0.001376,74.125.24.0-255,4320,92127,76,168551
11410,0.001379,172.31.40.0-255,66,92193,76,168551
11411,0.001389,172.31.40.0-255,66,92259,76,168551
11412,0.001397,74.125.24.0-255,2184,94443,76,168551
11413,0.001399,172.31.40.0-255,66,94509,76,168551
11414,0.002031,74.125.24.0-255,1484,95993,76,168551
11415,0.002042,74.125.24.0-255,2902,98895,76,168551
11416,0.002046,172.31.40.0-255,66,98961,76,168551
11417,0.002054,74.125.24.0-255,5738,104699,76,168551
11418,0.002055,172.31.40.0-255,66,104765,76,168551
11419,0.002067,74.125.24.0-255,4320,109085,76,168551
11420,0.002069,172.31.40.0-255,66,109151,76,168551
11421,0.002072,74.125.24.0-255,1484,110635,76,168551
11422,0.002117,172.31.40.0-255,66,110701,76,168551
11423,0.002123,74.125.24.0-255,3602,114303,76,168551
11424,0.002125,172.31.40.0-255,66,114369,76,168551
11425,0.002272,74.125.24.0-255,1484,115853,76,168551
11426,0.002278,74.125.24.0-255,2902,118755,76,168551
11427,0.002281,172.31.40.0-255,66,118821,76,168551
11428,0.002289,74.125.24.0-255,5738,124559,76,168551
11429,0.002291,172.31.40.0-255,66,124625,76,168551
11430,0.0023,74.125.24.0-255,2902,127527,76,168551
11431,0.002302,172.31.40.0-255,66,127593,76,168551
11432,0.002327,74.125.24.0-255,1484,129077,76,168551
11433,0.004547,74.125.24.0-255,1484,130561,76,168551
11434,0.004554,172.31.40.0-255,66,130627,76,168551
11435,0.004583,74.125.24.0-255,2902,133529,76,168551
11436,0.004585,172.31.40.0-255,66,133595,76,168551
11437,0.006818,74.125.24.0-255,2902,136497,76,168551
11438,0.006821,172.31.40.0-255,66,136563,76,168551
11439,0.00685,74.125.24.0-255,2902,139465,76,168551
11440,0.006853,172.31.40.0-255,66,139531,76,168551
11441,0.00917,74.125.24.0-255,5738,145269,76,168551
11442,0.009178,172.31.40.0-255,66,145335,76,168551
11443,0.011469,74.125.24.0-255,5738,151073,76,168551
11444,0.011478,172.31.40.0-255,66,151139,76,168551
11445,0.013755,74.125.24.0-255,5738,156877,76,168551
11446,0.013763,172.31.40.0-255,66,156943,76,168551
11447,0.016018,74.125.24.0-255,5738,162681,76,168551
11448,0.016026,172.31.40.0-255,66,162747,76,168551
11449,0.018312,74.125.24.0-255,5738,168485,76,168551
11450,0.018317,172.31.40.0-255,66,168551,76,168551
11451,0.0,172.217.194.0-255,148,148,76,113347
11452,1.5e-05,172.31.40.0-255,66,214,76,113347
11453,2.1e-05,172.217.194.0-255,1484,1698,76,113347
11454,2.7e-05,172.31.40.0-255,66,1764,76,113347
11455,4e-05,172.217.194.0-255,2902,4666,76,113347
11456,4.3e-05,172.31.40.0-255,66,4732,76,113347
11457,4.9e-05,172.217.194.0-255,4320,9052,76,113347
11458,5.3e-05,172.31.40.0-255,66,9118,76,113347
11459,9e-05,172.217.194.0-255,4873,13991,76,113347
11460,9.3e-05,172.31.40.0-255,66,14057,76,113347
11461,0.000139,172.217.194.0-255,1484,15541,76,113347
11462,0.000141,172.31.40.0-255,66,15607,76,113347
11463,0.000147,172.217.194.0-255,2902,18509,76,113347
11464,0.000149,172.31.40.0-255,66,18575,76,113347
11465,0.00018,172.217.194.0-255,5738,24313,76,113347
11466,0.000182,172.31.40.0-255,66,24379,76,113347
11467,0.000188,172.217.194.0-255,4320,28699,76,113347
11468,0.00019,172.31.40.0-255,66,28765,76,113347
11469,0.000217,172.217.194.0-255,6797,35562,76,113347
11470,0.000225,172.31.40.0-255,66,35628,76,113347
11471,0.000238,172.31.40.0-255,66,35694,76,113347
11472,0.000249,172.31.40.0-255,66,35760,76,113347
11473,0.000293,172.217.194.0-255,4320,40080,76,113347
11474,0.000295,172.31.40.0-255,66,40146,76,113347
11475,0.000323,172.217.194.0-255,3951,44097,76,113347
11476,0.000325,172.31.40.0-255,66,44163,76,113347
11477,0.000328,172.217.194.0-255,360,44523,76,113347
11478,0.000331,172.31.40.0-255,66,44589,76,113347
11479,0.000566,172.217.194.0-255,1484,46073,76,113347
11480,0.000572,172.31.40.0-255,66,46139,76,113347
11481,0.000578,172.217.194.0-255,2902,49041,76,113347
11482,0.000581,172.31.40.0-255,66,49107,76,113347
11483,0.000608,172.217.194.0-255,4320,53427,76,113347
11484,0.000611,172.31.40.0-255,66,53493,76,113347
11485,0.000643,172.217.194.0-255,1484,54977,76,113347
11486,0.000663,172.31.40.0-255,66,55043,76,113347
11487,0.000676,172.31.40.0-255,66,55109,76,113347
11488,0.002149,172.217.194.0-255,1484,56593,76,113347
11489,0.002157,172.217.194.0-255,2902,59495,76,113347
11490,0.002162,172.31.40.0-255,66,59561,76,113347
11491,0.002169,172.217.194.0-255,4320,63881,76,113347
11492,0.002171,172.31.40.0-255,66,63947,76,113347
11493,0.002174,172.217.194.0-255,1484,65431,76,113347
11494,0.00221,172.217.194.0-255,7156,72587,76,113347
11495,0.002212,172.31.40.0-255,66,72653,76,113347
11496,0.002252,172.31.40.0-255,66,72719,76,113347
11497,0.004534,172.217.194.0-255,5738,78457,76,113347
11498,0.004539,172.31.40.0-255,66,78523,76,113347
11499,0.006834,172.217.194.0-255,5738,84261,76,113347
11500,0.00684,172.31.40.0-255,66,84327,76,113347
11501,0.009157,172.217.194.0-255,5738,90065,76,113347
11502,0.009163,172.31.40.0-255,66,90131,76,113347
11503,0.011505,172.217.194.0-255,5738,95869,76,113347
11504,0.011514,172.31.40.0-255,66,95935,76,113347
11505,0.013832,172.217.194.0-255,5738,101673,76,113347
11506,0.013842,172.31.40.0-255,66,101739,76,113347
11507,0.016211,172.217.194.0-255,5738,107477,76,113347
11508,0.01622,172.31.40.0-255,66,107543,76,113347
11509,0.018535,172.217.194.0-255,5738,113281,76,113347
11510,0.018547,172.31.40.0-255,66,113347,76,113347
11511,0.0,74.125.68.0-255,153,153,76,282797
11512,1e-05,172.31.40.0-255,66,219,76,282797
11513,1.5e-05,74.125.68.0-255,1484,1703,76,282797
11514,2e-05,172.31.40.0-255,66,1769,76,282797
11515,4.3e-05,74.125.68.0-255,2902,4671,76,282797
11516,4.7e-05,172.31.40.0-255,66,4737,76,282797
11517,7.6e-05,74.125.68.0-255,4320,9057,76,282797
11518,7.9e-05,172.31.40.0-255,66,9123,76,282797
11519,8.8e-05,74.125.68.0-255,4939,14062,76,282797
11520,9e-05,172.31.40.0-255,66,14128,76,282797
11521,0.000112,74.125.68.0-255,1484,15612,76,282797
11522,0.000114,172.31.40.0-255,66,15678,76,282797
11523,0.000145,74.125.68.0-255,4320,19998,76,282797
11524,0.000147,172.31.40.0-255,66,20064,76,282797
11525,0.000154,74.125.68.0-255,7156,27220,76,282797
11526,0.000156,172.31.40.0-255,66,27286,76,282797
11527,0.000161,74.125.68.0-255,3961,31247,76,282797
11528,0.000164,172.31.40.0-255,66,31313,76,282797
11529,0.000265,74.125.68.0-255,1484,32797,76,282797
11530,0.000269,172.31.40.0-255,66,32863,76,282797
11531,0.000299,74.125.68.0-255,2902,35765,76,282797
11532,0.000302,172.31.40.0-255,66,35831,76,282797
11533,0.000308,74.125.68.0-255,5738,41569,76,282797
11534,0.00031,172.31.40.0-255,66,41635,76,282797
11535,0.000315,74.125.68.0-255,5738,47373,76,282797
11536,0.000321,172.31.40.0-255,66,47439,76,282797
11537,0.000342,74.125.68.0-255,1484,48923,76,282797
11538,0.000344,172.31.40.0-255,66,48989,76,282797
11539,0.000374,74.125.68.0-255,5379,54368,76,282797
11540,0.00038,172.31.40.0-255,66,54434,76,282797
11541,0.000385,74.125.68.0-255,4320,58754,76,282797
11542,0.000387,172.31.40.0-255,66,58820,76,282797
11543,0.000393,74.125.68.0-255,5738,64558,76,282797
11544,0.000395,172.31.40.0-255,66,64624,76,282797
11545,0.000417,74.125.68.0-255,1395,66019,76,282797
11546,0.000465,74.125.68.0-255,135,66154,76,282797
11547,0.000561,74.125.68.0-255,1484,67638,76,282797
11548,0.000566,172.31.40.0-255,66,67704,76,282797
11549,0.000584,74.125.68.0-255,2902,70606,76,282797
11550,0.000587,172.31.40.0-255,66,70672,76,282797
11551,0.000617,74.125.68.0-255,5738,76410,76,282797
11552,0.00062,172.31.40.0-255,66,76476,76,282797
11553,0.000624,74.125.68.0-255,2902,79378,76,282797
11554,0.000625,172.31.40.0-255,66,79444,76,282797
11555,0.000655,74.125.68.0-255,4320,83764,76,282797
11556,0.000658,172.31.40.0-255,66,83830,76,282797
11557,0.000663,74.125.68.0-255,4320,88150,76,282797
11558,0.000664,172.31.40.0-255,66,88216,76,282797
11559,0.000689,74.125.68.0-255,4320,92536,76,282797
11560,0.000694,172.31.40.0-255,66,92602,76,282797
11561,0.000698,74.125.68.0-255,2902,95504,76,282797
11562,0.000701,172.31.40.0-255,66,95570,76,282797
11563,0.000737,74.125.68.0-255,5301,100871,76,282797
11564,0.00074,172.31.40.0-255,66,100937,76,282797
11565,0.001091,74.125.68.0-255,1484,102421,76,282797
11566,0.001112,74.125.68.0-255,2902,105323,76,282797
11567,0.001115,172.31.40.0-255,66,105389,76,282797
11568,0.001119,74.125.68.0-255,1484,106873,76,282797
11569,0.001149,74.125.68.0-255,4320,111193,76,282797
11570,0.001152,172.31.40.0-255,66,111259,76,282797
11571,0.001158,74.125.68.0-255,5738,116997,76,282797
11572,0.00116,172.31.40.0-255,66,117063,76,282797
11573,0.001168,74.125.68.0-255,7156,124219,76,282797
11574,0.001176,172.31.40.0-255,66,124285,76,282797
11575,0.00123,74.125.68.0-255,2902,127187,76,282797
11576,0.001233,172.31.40.0-255,66,127253,76,282797
11577,0.001265,172.31.40.0-255,66,127319,76,282797
11578,0.001311,74.125.68.0-255,1484,128803,76,282797
11579,0.001326,74.125.68.0-255,2902,131705,76,282797
11580,0.001329,172.31.40.0-255,66,131771,76,282797
11581,0.001359,74.125.68.0-255,5738,137509,76,282797
11582,0.001361,172.31.40.0-255,66,137575,76,282797
11583,0.001365,74.125.68.0-255,1484,139059,76,282797
11584,0.001397,74.125.68.0-255,5738,144797,76,282797
11585,0.001399,172.31.40.0-255,66,144863,76,282797
11586,0.001406,74.125.68.0-255,5738,150601,76,282797
11587,0.001408,172.31.40.0-255,66,150667,76,282797
11588,0.001429,74.125.68.0-255,7156,157823,76,282797
11589,0.001431,172.31.40.0-255,66,157889,76,282797
11590,0.001458,74.125.68.0-255,1484,159373,76,282797
11591,0.001477,74.125.68.0-255,2184,161557,76,282797
11592,0.001479,172.31.40.0-255,66,161623,76,282797
11593,0.001675,74.125.68.0-255,1484,163107,76,282797
11594,0.001681,74.125.68.0-255,2902,166009,76,282797
11595,0.001685,172.31.40.0-255,66,166075,76,282797
11596,0.001716,74.125.68.0-255,5738,171813,76,282797
11597,0.001719,172.31.40.0-255,66,171879,76,282797
11598,0.001726,74.125.68.0-255,7156,179035,76,282797
11599,0.001728,172.31.40.0-255,66,179101,76,282797
11600,0.001762,74.125.68.0-255,7156,186257,76,282797
11601,0.001766,172.31.40.0-255,66,186323,76,282797
11602,0.001799,74.125.68.0-255,7156,193479,76,282797
11603,0.001803,74.125.68.0-255,2184,195663,76,282797
11604,0.001807,172.31.40.0-255,66,195729,76,282797
11605,0.001816,172.31.40.0-255,66,195795,76,282797
11606,0.001938,74.125.68.0-255,1484,197279,76,282797
11607,0.001951,74.125.68.0-255,2902,200181,76,282797
11608,0.001955,172.31.40.0-255,66,200247,76,282797
11609,0.001959,74.125.68.0-255,1484,201731,76,282797
11610,0.001984,74.125.68.0-255,2902,204633,76,282797
11611,0.001987,172.31.40.0-255,66,204699,76,282797
11612,0.001994,74.125.68.0-255,7156,211855,76,282797
11613,0.001997,172.31.40.0-255,66,211921,76,282797
11614,0.002024,74.125.68.0-255,1484,213405,76,282797
11615,0.002031,74.125.68.0-255,5738,219143,76,282797
11616,0.002034,172.31.40.0-255,66,219209,76,282797
11617,0.002045,74.125.68.0-255,7156,226365,76,282797
11618,0.002048,172.31.40.0-255,66,226431,76,282797
11619,0.002051,74.125.68.0-255,1484,227915,76,282797
11620,0.002076,74.125.68.0-255,2184,230099,76,282797
11621,0.002079,172.31.40.0-255,66,230165,76,282797
11622,0.002232,74.125.68.0-255,1484,231649,76,282797
11623,0.002236,74.125.68.0-255,1484,233133,76,282797
11624,0.002239,172.31.40.0-255,66,233199,76,282797
11625,0.002269,74.125.68.0-255,1484,234683,76,282797
11626,0.002276,74.125.68.0-255,5738,240421,76,282797
11627,0.002278,172.31.40.0-255,66,240487,76,282797
11628,0.002283,74.125.68.0-255,2902,243389,76,282797
11629,0.002284,172.31.40.0-255,66,243455,76,282797
11630,0.002329,172.31.40.0-255,66,243521,76,282797
11631,0.004614,74.125.68.0-255,5738,249259,76,282797
11632,0.004621,172.31.40.0-255,66,249325,76,282797
11633,0.006903,74.125.68.0-255,4320,253645,76,282797
11634,0.006907,172.31.40.0-255,66,253711,76,282797
11635,0.006917,74.125.68.0-255,1484,255195,76,282797
11636,0.009192,74.125.68.0-255,4320,259515,76,282797
11637,0.009199,172.31.40.0-255,66,259581,76,282797
11638,0.011498,74.125.68.0-255,5738,265319,76,282797
11639,0.011505,172.31.40.0-255,66,265385,76,282797
11640,0.01379,74.125.68.0-255,5738,271123,76,282797
11641,0.013797,172.31.40.0-255,66,271189,76,282797
11642,0.016086,74.125.68.0-255,5738,276927,76,282797
11643,0.016094,172.31.40.0-255,66,276993,76,282797
11644,0.018386,74.125.68.0-255,5738,282731,76,282797
11645,0.018395,172.31.40.0-255,66,282797,76,282797
11646,0.0,74.125.68.0-255,152,152,76,174809
11647,1.7e-05,172.31.40.0-255,66,218,76,174809
11648,2.4e-05,74.125.68.0-255,1484,1702,76,174809
11649,3e-05,172.31.40.0-255,66,1768,76,174809
11650,3.6e-05,74.125.68.0-255,2902,4670,76,174809
11651,3.9e-05,172.31.40.0-255,66,4736,76,174809
11652,6.6e-05,74.125.68.0-255,7156,11892,76,174809
11653,6.8e-05,172.31.40.0-255,66,11958,76,174809
11654,7.3e-05,74.125.68.0-255,2063,14021,76,174809
11655,7.5e-05,172.31.40.0-255,66,14087,76,174809
11656,8e-05,74.125.68.0-255,2902,16989,76,174809
11657,8.3e-05,172.31.40.0-255,66,17055,76,174809
11658,0.000119,74.125.68.0-255,7156,24211,76,174809
11659,0.000122,172.31.40.0-255,66,24277,76,174809
11660,0.000127,74.125.68.0-255,4320,28597,76,174809
11661,0.000129,172.31.40.0-255,66,28663,76,174809
11662,0.000172,74.125.68.0-255,2543,31206,76,174809
11663,0.000175,172.31.40.0-255,66,31272,76,174809
11664,0.000707,74.125.68.0-255,1484,32756,76,174809
11665,0.000713,172.31.40.0-255,66,32822,76,174809
11666,0.00072,74.125.68.0-255,1484,34306,76,174809
11667,0.000722,172.31.40.0-255,66,34372,76,174809
11668,0.000743,74.125.68.0-255,2902,37274,76,174809
11669,0.000746,172.31.40.0-255,66,37340,76,174809
11670,0.000753,74.125.68.0-255,5738,43078,76,174809
11671,0.000755,172.31.40.0-255,66,43144,76,174809
11672,0.000785,74.125.68.0-255,5379,48523,76,174809
11673,0.000788,172.31.40.0-255,66,48589,76,174809
11674,0.000793,74.125.68.0-255,4320,52909,76,174809
11675,0.000795,172.31.40.0-255,66,52975,76,174809
11676,0.000816,74.125.68.0-255,1484,54459,76,174809
11677,0.000818,172.31.40.0-255,66,54525,76,174809
11678,0.000835,74.125.68.0-255,5738,60263,76,174809
11679,0.000837,172.31.40.0-255,66,60329,76,174809
11680,0.000856,74.125.68.0-255,5693,66022,76,174809
11681,0.000859,172.31.40.0-255,66,66088,76,174809
11682,0.001155,74.125.68.0-255,111,66199,76,174809
11683,0.001328,74.125.68.0-255,1484,67683,76,174809
11684,0.001335,172.31.40.0-255,66,67749,76,174809
11685,0.001341,74.125.68.0-255,1484,69233,76,174809
11686,0.001346,74.125.68.0-255,2902,72135,76,174809
11687,0.001348,172.31.40.0-255,66,72201,76,174809
11688,0.001351,74.125.68.0-255,1484,73685,76,174809
11689,0.001376,74.125.68.0-255,4320,78005,76,174809
11690,0.001379,172.31.40.0-255,66,78071,76,174809
11691,0.001385,74.125.68.0-255,4320,82391,76,174809
11692,0.001387,172.31.40.0-255,66,82457,76,174809
11693,0.001401,74.125.68.0-255,2543,85000,76,174809
11694,0.001403,172.31.40.0-255,66,85066,76,174809
11695,0.001411,74.125.68.0-255,7156,92222,76,174809
11696,0.001414,172.31.40.0-255,66,92288,76,174809
11697,0.001432,74.125.68.0-255,2902,95190,76,174809
11698,0.001435,172.31.40.0-255,66,95256,76,174809
11699,0.00146,74.125.68.0-255,5379,100635,76,174809
11700,0.001462,172.31.40.0-255,66,100701,76,174809
11701,0.002184,74.125.68.0-255,1484,102185,76,174809
11702,0.002203,74.125.68.0-255,2902,105087,76,174809
11703,0.002207,172.31.40.0-255,66,105153,76,174809
11704,0.002228,74.125.68.0-255,5738,110891,76,174809
11705,0.002231,172.31.40.0-255,66,110957,76,174809
11706,0.002262,74.125.68.0-255,4320,115277,76,174809
11707,0.002265,172.31.40.0-255,66,115343,76,174809
11708,0.002284,74.125.68.0-255,2902,118245,76,174809
11709,0.002287,172.31.40.0-255,66,118311,76,174809
11710,0.00229,74.125.68.0-255,1484,119795,76,174809
11711,0.002308,74.125.68.0-255,5738,125533,76,174809
11712,0.00231,172.31.40.0-255,66,125599,76,174809
11713,0.002327,74.125.68.0-255,1484,127083,76,174809
11714,0.00233,74.125.68.0-255,1484,128567,76,174809
11715,0.002332,172.31.40.0-255,66,128633,76,174809
11716,0.002349,74.125.68.0-255,2902,131535,76,174809
11717,0.002352,172.31.40.0-255,66,131601,76,174809
11718,0.002375,74.125.68.0-255,3602,135203,76,174809
11719,0.002377,172.31.40.0-255,66,135269,76,174809
11720,0.004766,74.125.68.0-255,1484,136753,76,174809
11721,0.004795,74.125.68.0-255,2902,139655,76,174809
11722,0.004799,172.31.40.0-255,66,139721,76,174809
11723,0.00481,74.125.68.0-255,1484,141205,76,174809
11724,0.007225,74.125.68.0-255,4320,145525,76,174809
11725,0.007231,172.31.40.0-255,66,145591,76,174809
11726,0.00966,74.125.68.0-255,2902,148493,76,174809
11727,0.009668,172.31.40.0-255,66,148559,76,174809
11728,0.009688,74.125.68.0-255,2902,151461,76,174809
11729,0.009691,172.31.40.0-255,66,151527,76,174809
11730,0.012126,74.125.68.0-255,5738,157265,76,174809
11731,0.012133,172.31.40.0-255,66,157331,76,174809
11732,0.014573,74.125.68.0-255,5738,163069,76,174809
11733,0.014583,172.31.40.0-255,66,163135,76,174809
11734,0.017018,74.125.68.0-255,5738,168873,76,174809
11735,0.017025,172.31.40.0-255,66,168939,76,174809
11736,0.019457,74.125.68.0-255,4320,173259,76,174809
11737,0.019465,172.31.40.0-255,66,173325,76,174809
11738,0.019487,74.125.68.0-255,1484,174809,76,174809
11739,0.0,172.253.118.0-255,153,153,76,209478
11740,1.7e-05,172.31.40.0-255,66,219,76,209478
11741,2.4e-05,172.253.118.0-255,1484,1703,76,209478
11742,2.8e-05,172.31.40.0-255,66,1769,76,209478
11743,3.4e-05,172.253.118.0-255,2902,4671,76,209478
11744,3.9e-05,172.31.40.0-255,66,4737,76,209478
11745,4.5e-05,172.253.118.0-255,5738,10475,76,209478
11746,4.8e-05,172.31.40.0-255,66,10541,76,209478
11747,5.6e-05,172.253.118.0-255,6348,16889,76,209478
11748,5.9e-05,172.31.40.0-255,66,16955,76,209478
11749,6.6e-05,172.253.118.0-255,7156,24111,76,209478
11750,6.8e-05,172.31.40.0-255,66,24177,76,209478
11751,0.000122,172.253.118.0-255,6797,30974,76,209478
11752,0.000125,172.31.40.0-255,66,31040,76,209478
11753,0.000183,172.253.118.0-255,1484,32524,76,209478
11754,0.000187,172.31.40.0-255,66,32590,76,209478
11755,0.000203,172.253.118.0-255,1484,34074,76,209478
11756,0.000205,172.31.40.0-255,66,34140,76,209478
11757,0.000217,172.253.118.0-255,1484,35624,76,209478
11758,0.00022,172.31.40.0-255,66,35690,76,209478
11759,0.000227,172.253.118.0-255,5738,41428,76,209478
11760,0.000229,172.31.40.0-255,66,41494,76,209478
11761,0.000232,172.253.118.0-255,1484,42978,76,209478
11762,0.000233,172.31.40.0-255,66,43044,76,209478
11763,0.000257,172.253.118.0-255,2902,45946,76,209478
11764,0.00026,172.31.40.0-255,66,46012,76,209478
11765,0.000279,172.253.118.0-255,2902,48914,76,209478
11766,0.000282,172.31.40.0-255,66,48980,76,209478
11767,0.000295,172.253.118.0-255,1484,50464,76,209478
11768,0.000298,172.31.40.0-255,66,50530,76,209478
11769,0.000303,172.253.118.0-255,5738,56268,76,209478
11770,0.000306,172.31.40.0-255,66,56334,76,209478
11771,0.000362,172.253.118.0-255,5738,62072,76,209478
11772,0.000365,172.31.40.0-255,66,62138,76,209478
11773,0.000388,172.253.118.0-255,2902,65040,76,209478
11774,0.000391,172.31.40.0-255,66,65106,76,209478
11775,0.000394,172.253.118.0-255,766,65872,76,209478
11776,0.00041,172.253.118.0-255,677,66549,76,209478
11777,0.000605,172.253.118.0-255,1484,68033,76,209478
11778,0.00061,172.31.40.0-255,66,68099,76,209478
11779,0.000617,172.253.118.0-255,2902,71001,76,209478
11780,0.000619,172.31.40.0-255,66,71067,76,209478
11781,0.000653,172.253.118.0-255,5738,76805,76,209478
11782,0.000656,172.31.40.0-255,66,76871,76,209478
11783,0.000661,172.253.118.0-255,4320,81191,76,209478
11784,0.000663,172.31.40.0-255,66,81257,76,209478
11785,0.000685,172.253.118.0-255,4320,85577,76,209478
11786,0.000688,172.31.40.0-255,66,85643,76,209478
11787,0.000712,172.253.118.0-255,7156,92799,76,209478
11788,0.000715,172.31.40.0-255,66,92865,76,209478
11789,0.000726,172.31.40.0-255,66,92931,76,209478
11790,0.000898,172.253.118.0-255,1484,94415,76,209478
11791,0.000902,172.253.118.0-255,1484,95899,76,209478
11792,0.000905,172.31.40.0-255,66,95965,76,209478
11793,0.000918,172.253.118.0-255,1484,97449,76,209478
11794,0.000924,172.253.118.0-255,5738,103187,76,209478
11795,0.000938,172.31.40.0-255,66,103253,76,209478
11796,0.000961,172.31.40.0-255,66,103319,76,209478
11797,0.000982,172.253.118.0-255,2902,106221,76,209478
11798,0.000984,172.31.40.0-255,66,106287,76,209478
11799,0.000997,172.253.118.0-255,4320,110607,76,209478
11800,0.000999,172.31.40.0-255,66,110673,76,209478
11801,0.001028,172.31.40.0-255,66,110739,76,209478
11802,0.001034,172.253.118.0-255,5738,116477,76,209478
11803,0.001036,172.31.40.0-255,66,116543,76,209478
11804,0.001073,172.31.40.0-255,66,116609,76,209478
11805,0.001082,172.31.40.0-255,66,116675,76,209478
11806,0.001113,172.31.40.0-255,66,116741,76,209478
11807,0.001238,172.253.118.0-255,1484,118225,76,209478
11808,0.001242,172.253.118.0-255,1484,119709,76,209478
11809,0.001245,172.31.40.0-255,66,119775,76,209478
11810,0.001266,172.253.118.0-255,1484,121259,76,209478
11811,0.001273,172.253.118.0-255,5738,126997,76,209478
11812,0.001275,172.31.40.0-255,66,127063,76,209478
11813,0.001287,172.253.118.0-255,2902,129965,76,209478
11814,0.001289,172.31.40.0-255,66,130031,76,209478
11815,0.001312,172.31.40.0-255,66,130097,76,209478
11816,0.001317,172.253.118.0-255,5738,135835,76,209478
11817,0.001319,172.31.40.0-255,66,135901,76,209478
11818,0.001331,172.253.118.0-255,5020,140921,76,209478
11819,0.001333,172.31.40.0-255,66,140987,76,209478
11820,0.001431,172.253.118.0-255,1484,142471,76,209478
11821,0.001438,172.253.118.0-255,2902,145373,76,209478
11822,0.00144,172.31.40.0-255,66,145439,76,209478
11823,0.001497,172.253.118.0-255,5738,151177,76,209478
11824,0.0015,172.31.40.0-255,66,151243,76,209478
11825,0.001512,172.31.40.0-255,66,151309,76,209478
11826,0.001524,172.31.40.0-255,66,151375,76,209478
11827,0.001546,172.253.118.0-255,1484,152859,76,209478
11828,0.001558,172.253.118.0-255,4320,157179,76,209478
11829,0.001561,172.31.40.0-255,66,157245,76,209478
11830,0.001585,172.253.118.0-255,5738,162983,76,209478
11831,0.001587,172.31.40.0-255,66,163049,76,209478
11832,0.001591,172.253.118.0-255,2902,165951,76,209478
11833,0.001593,172.31.40.0-255,66,166017,76,209478
11834,0.00161,172.253.118.0-255,1484,167501,76,209478
11835,0.00165,172.31.40.0-255,66,167567,76,209478
11836,0.001655,172.253.118.0-255,3602,171169,76,209478
11837,0.001657,172.31.40.0-255,66,171235,76,209478
11838,0.001659,172.253.118.0-255,1484,172719,76,209478
11839,0.001676,172.253.118.0-255,4320,177039,76,209478
11840,0.001678,172.31.40.0-255,66,177105,76,209478
11841,0.001695,172.253.118.0-255,7156,184261,76,209478
11842,0.001698,172.31.40.0-255,66,184327,76,209478
11843,0.001727,172.31.40.0-255,66,184393,76,209478
11844,0.001736,172.31.40.0-255,66,184459,76,209478
11845,0.001761,172.253.118.0-255,1484,185943,76,209478
11846,0.001776,172.31.40.0-255,66,186009,76,209478
11847,0.001782,172.253.118.0-255,5738,191747,76,209478
11848,0.001784,172.31.40.0-255,66,191813,76,209478
11849,0.001807,172.31.40.0-255,66,191879,76,209478
11850,0.001829,172.253.118.0-255,1484,193363,76,209478
11851,0.001836,172.253.118.0-255,6438,199801,76,209478
11852,0.001838,172.31.40.0-255,66,199867,76,209478
11853,0.001853,172.253.118.0-255,4320,204187,76,209478
11854,0.001856,172.31.40.0-255,66,204253,76,209478
11855,0.001897,172.31.40.0-255,66,204319,76,209478
11856,0.001918,172.253.118.0-255,1484,205803,76,209478
11857,0.001928,172.31.40.0-255,66,205869,76,209478
11858,0.00195,172.253.118.0-255,2902,208771,76,209478
11859,0.001952,172.31.40.0-255,66,208837,76,209478
11860,0.002013,172.31.40.0-255,66,208903,76,209478
11861,0.00204,172.31.40.0-255,66,208969,76,209478
11862,0.002053,172.31.40.0-255,66,209035,76,209478
11863,0.002056,172.253.118.0-255,105,209140,76,209478
11864,0.002088,172.31.40.0-255,101,209241,76,209478
11865,0.004758,172.253.118.0-255,66,209307,76,209478
11866,0.009292,172.31.40.0-255,105,209412,76,209478
11867,0.011965,172.253.118.0-255,66,209478,76,209478
11868,0.0,74.125.24.0-255,146,146,76,204524
11869,1.7e-05,172.31.40.0-255,66,212,76,204524
11870,2.3e-05,74.125.24.0-255,1484,1696,76,204524
11871,2.8e-05,172.31.40.0-255,66,1762,76,204524
11872,3.3e-05,74.125.24.0-255,2902,4664,76,204524
11873,3.7e-05,172.31.40.0-255,66,4730,76,204524
11874,4.4e-05,74.125.24.0-255,7156,11886,76,204524
11875,4.7e-05,172.31.40.0-255,66,11952,76,204524
11876,5.1e-05,74.125.24.0-255,2103,14055,76,204524
11877,5.4e-05,172.31.40.0-255,66,14121,76,204524
11878,0.000882,74.125.24.0-255,1484,15605,76,204524
11879,0.00089,172.31.40.0-255,66,15671,76,204524
11880,0.000899,74.125.24.0-255,2902,18573,76,204524
11881,0.000902,172.31.40.0-255,66,18639,76,204524
11882,0.000909,74.125.24.0-255,5738,24377,76,204524
11883,0.000911,172.31.40.0-255,66,24443,76,204524
11884,0.000925,74.125.24.0-255,1484,25927,76,204524
11885,0.000927,172.31.40.0-255,66,25993,76,204524
11886,0.000941,74.125.24.0-255,5379,31372,76,204524
11887,0.000944,172.31.40.0-255,66,31438,76,204524
11888,0.000948,74.125.24.0-255,2902,34340,76,204524
11889,0.00095,172.31.40.0-255,66,34406,76,204524
11890,0.000974,74.125.24.0-255,4320,38726,76,204524
11891,0.000977,172.31.40.0-255,66,38792,76,204524
11892,0.000988,172.31.40.0-255,66,38858,76,204524
11893,0.001017,74.125.24.0-255,1484,40342,76,204524
11894,0.00102,172.31.40.0-255,66,40408,76,204524
11895,0.001033,172.31.40.0-255,66,40474,76,204524
11896,0.001039,74.125.24.0-255,5314,45788,76,204524
11897,0.001042,172.31.40.0-255,66,45854,76,204524
11898,0.001097,74.125.24.0-255,382,46236,76,204524
11899,0.001102,172.31.40.0-255,66,46302,76,204524
11900,0.00129,74.125.24.0-255,1484,47786,76,204524
11901,0.001296,172.31.40.0-255,66,47852,76,204524
11902,0.001303,74.125.24.0-255,2902,50754,76,204524
11903,0.001306,172.31.40.0-255,66,50820,76,204524
11904,0.001312,74.125.24.0-255,5738,56558,76,204524
11905,0.001315,172.31.40.0-255,66,56624,76,204524
11906,0.001322,74.125.24.0-255,7156,63780,76,204524
11907,0.001324,172.31.40.0-255,66,63846,76,204524
11908,0.001362,172.31.40.0-255,66,63912,76,204524
11909,0.001366,74.125.24.0-255,2184,66096,76,204524
11910,0.001368,172.31.40.0-255,66,66162,76,204524
11911,0.001611,74.125.24.0-255,1484,67646,76,204524
11912,0.001613,172.31.40.0-255,66,67712,76,204524
11913,0.001618,74.125.24.0-255,2902,70614,76,204524
11914,0.001621,172.31.40.0-255,66,70680,76,204524
11915,0.001652,74.125.24.0-255,1484,72164,76,204524
11916,0.001654,172.31.40.0-255,66,72230,76,204524
11917,0.001675,74.125.24.0-255,4320,76550,76,204524
11918,0.001678,172.31.40.0-255,66,76616,76,204524
11919,0.001689,172.31.40.0-255,66,76682,76,204524
11920,0.001755,74.125.24.0-255,5020,81702,76,204524
11921,0.001821,74.125.24.0-255,1484,83186,76,204524
11922,0.001838,74.125.24.0-255,2902,86088,76,204524
11923,0.001841,74.125.24.0-255,1484,87572,76,204524
11924,0.00186,74.125.24.0-255,4320,91892,76,204524
11925,0.001896,74.125.24.0-255,1484,93376,76,204524
11926,0.001921,74.125.24.0-255,5738,99114,76,204524
11927,0.001937,74.125.24.0-255,5020,104134,76,204524
11928,0.002053,74.125.24.0-255,1484,105618,76,204524
11929,0.002073,74.125.24.0-255,2902,108520,76,204524
11930,0.00208,74.125.24.0-255,5738,114258,76,204524
11931,0.002099,74.125.24.0-255,7156,121414,76,204524
11932,0.002132,74.125.24.0-255,4320,125734,76,204524
11933,0.002147,74.125.24.0-255,5738,131472,76,204524
11934,0.002172,74.125.24.0-255,4320,135792,76,204524
11935,0.002176,74.125.24.0-255,2184,137976,76,204524
11936,0.002512,74.125.24.0-255,1484,139460,76,204524
11937,0.002517,74.125.24.0-255,2902,142362,76,204524
11938,0.002534,74.125.24.0-255,5738,148100,76,204524
11939,0.002551,74.125.24.0-255,4320,152420,76,204524
11940,0.002567,74.125.24.0-255,7156,159576,76,204524
11941,0.0026,74.125.24.0-255,7156,166732,76,204524
11942,0.002639,74.125.24.0-255,2902,169634,76,204524
11943,0.003712,172.31.40.0-255,66,169700,76,204524
11944,0.00632,74.125.24.0-255,5738,175438,76,204524
11945,0.006326,172.31.40.0-255,66,175504,76,204524
11946,0.008923,74.125.24.0-255,5738,181242,76,204524
11947,0.008933,172.31.40.0-255,66,181308,76,204524
11948,0.011518,74.125.24.0-255,5738,187046,76,204524
11949,0.011525,172.31.40.0-255,66,187112,76,204524
11950,0.014115,74.125.24.0-255,5738,192850,76,204524
11951,0.014127,172.31.40.0-255,66,192916,76,204524
11952,0.016709,74.125.24.0-255,5738,198654,76,204524
11953,0.016718,172.31.40.0-255,66,198720,76,204524
11954,0.019311,74.125.24.0-255,5738,204458,76,204524
11955,0.01932,172.31.40.0-255,66,204524,76,204524
11956,0.0,74.125.24.0-255,150,150,76,297403
11957,1.1e-05,172.31.40.0-255,66,216,76,297403
11958,3.4e-05,74.125.24.0-255,1484,1700,76,297403
11959,3.8e-05,172.31.40.0-255,66,1766,76,297403
11960,4.3e-05,74.125.24.0-255,2902,4668,76,297403
11961,4.5e-05,172.31.40.0-255,66,4734,76,297403
11962,7.7e-05,74.125.24.0-255,7156,11890,76,297403
11963,8e-05,172.31.40.0-255,66,11956,76,297403
11964,8.3e-05,74.125.24.0-255,2101,14057,76,297403
11965,8.5e-05,172.31.40.0-255,66,14123,76,297403
11966,0.000223,74.125.24.0-255,1484,15607,76,297403
11967,0.000227,172.31.40.0-255,66,15673,76,297403
11968,0.000233,74.125.24.0-255,2902,18575,76,297403
11969,0.000235,172.31.40.0-255,66,18641,76,297403
11970,0.000239,74.125.24.0-255,2902,21543,76,297403
11971,0.000242,172.31.40.0-255,66,21609,76,297403
11972,0.000258,74.125.24.0-255,2902,24511,76,297403
11973,0.00026,172.31.40.0-255,66,24577,76,297403
11974,0.000267,74.125.24.0-255,6797,31374,76,297403
11975,0.000269,172.31.40.0-255,66,31440,76,297403
11976,0.000375,74.125.24.0-255,1484,32924,76,297403
11977,0.000379,172.31.40.0-255,66,32990,76,297403
11978,0.000384,74.125.24.0-255,2902,35892,76,297403
11979,0.000387,172.31.40.0-255,66,35958,76,297403
11980,0.000406,74.125.24.0-255,5738,41696,76,297403
11981,0.000409,172.31.40.0-255,66,41762,76,297403
11982,0.00043,74.125.24.0-255,4320,46082,76,297403
11983,0.000433,172.31.40.0-255,66,46148,76,297403
11984,0.000454,74.125.24.0-255,2543,48691,76,297403
11985,0.000456,172.31.40.0-255,66,48757,76,297403
11986,0.000461,74.125.24.0-255,2902,51659,76,297403
11987,0.000463,172.31.40.0-255,66,51725,76,297403
11988,0.000477,74.125.24.0-255,2902,54627,76,297403
11989,0.000479,172.31.40.0-255,66,54693,76,297403
11990,0.000501,74.125.24.0-255,5738,60431,76,297403
11991,0.000503,172.31.40.0-255,66,60497,76,297403
11992,0.000517,74.125.24.0-255,1484,61981,76,297403
11993,0.000523,74.125.24.0-255,4231,66212,76,297403
11994,0.000525,172.31.40.0-255,66,66278,76,297403
11995,0.000573,74.125.24.0-255,132,66410,76,297403
11996,0.000612,74.125.24.0-255,349,66759,76,297403
11997,0.000776,74.125.24.0-255,1484,68243,76,297403
11998,0.00078,172.31.40.0-255,66,68309,76,297403
11999,0.000794,74.125.24.0-255,2902,71211,76,297403
12000,0.000798,74.125.24.0-255,4320,75531,76,297403
12001,0.000801,172.31.40.0-255,66,75597,76,297403
12002,0.000803,172.31.40.0-255,66,75663,76,297403
12003,0.000822,74.125.24.0-255,1484,77147,76,297403
12004,0.000827,74.125.24.0-255,4320,81467,76,297403
12005,0.00083,172.31.40.0-255,66,81533,76,297403
12006,0.000844,74.125.24.0-255,2902,84435,76,297403
12007,0.000846,172.31.40.0-255,66,84501,76,297403
12008,0.000861,74.125.24.0-255,7156,91657,76,297403
12009,0.000863,172.31.40.0-255,66,91723,76,297403
12010,0.000886,74.125.24.0-255,1484,93207,76,297403
12011,0.000896,172.31.40.0-255,66,93273,76,297403
12012,0.001496,74.125.24.0-255,1484,94757,76,297403
12013,0.001505,74.125.24.0-255,2902,97659,76,297403
12014,0.001509,172.31.40.0-255,66,97725,76,297403
12015,0.001516,74.125.24.0-255,5738,103463,76,297403
12016,0.001518,172.31.40.0-255,66,103529,76,297403
12017,0.001538,74.125.24.0-255,2902,106431,76,297403
12018,0.00154,172.31.40.0-255,66,106497,76,297403
12019,0.001556,74.125.24.0-255,2902,109399,76,297403
12020,0.001558,172.31.40.0-255,66,109465,76,297403
12021,0.001591,172.31.40.0-255,66,109531,76,297403
12022,0.001595,74.125.24.0-255,2902,112433,76,297403
12023,0.001597,172.31.40.0-255,66,112499,76,297403
12024,0.001614,74.125.24.0-255,2184,114683,76,297403
12025,0.001616,172.31.40.0-255,66,114749,76,297403
12026,0.002424,74.125.24.0-255,1484,116233,76,297403
12027,0.002432,74.125.24.0-255,2902,119135,76,297403
12028,0.002436,172.31.40.0-255,66,119201,76,297403
12029,0.002442,74.125.24.0-255,2902,122103,76,297403
12030,0.002444,172.31.40.0-255,66,122169,76,297403
12031,0.002486,74.125.24.0-255,2902,125071,76,297403
12032,0.002488,172.31.40.0-255,66,125137,76,297403
12033,0.002501,172.31.40.0-255,66,125203,76,297403
12034,0.002507,74.125.24.0-255,5738,130941,76,297403
12035,0.00251,172.31.40.0-255,66,131007,76,297403
12036,0.002532,74.125.24.0-255,5738,136745,76,297403
12037,0.002534,172.31.40.0-255,66,136811,76,297403
12038,0.002538,74.125.24.0-255,2184,138995,76,297403
12039,0.002541,172.31.40.0-255,66,139061,76,297403
12040,0.002673,74.125.24.0-255,1484,140545,76,297403
12041,0.002678,74.125.24.0-255,2902,143447,76,297403
12042,0.002681,172.31.40.0-255,66,143513,76,297403
12043,0.002702,74.125.24.0-255,5738,149251,76,297403
12044,0.002705,172.31.40.0-255,66,149317,76,297403
12045,0.002726,74.125.24.0-255,5738,155055,76,297403
12046,0.002729,172.31.40.0-255,66,155121,76,297403
12047,0.002755,74.125.24.0-255,5738,160859,76,297403
12048,0.002757,172.31.40.0-255,66,160925,76,297403
12049,0.002769,172.31.40.0-255,66,160991,76,297403
12050,0.002784,74.125.24.0-255,3602,164593,76,297403
12051,0.002787,172.31.40.0-255,66,164659,76,297403
12052,0.002794,74.125.24.0-255,7156,171815,76,297403
12053,0.002797,172.31.40.0-255,66,171881,76,297403
12054,0.002821,74.125.24.0-255,2902,174783,76,297403
12055,0.002824,172.31.40.0-255,66,174849,76,297403
12056,0.002844,74.125.24.0-255,4320,179169,76,297403
12057,0.002847,172.31.40.0-255,66,179235,76,297403
12058,0.002869,172.31.40.0-255,66,179301,76,297403
12059,0.002892,74.125.24.0-255,4320,183621,76,297403
12060,0.002894,172.31.40.0-255,66,183687,76,297403
12061,0.0029,74.125.24.0-255,5020,188707,76,297403
12062,0.002903,172.31.40.0-255,66,188773,76,297403
12063,0.002941,74.125.24.0-255,1484,190257,76,297403
12064,0.002974,74.125.24.0-255,2902,193159,76,297403
12065,0.002977,172.31.40.0-255,66,193225,76,297403
12066,0.003018,74.125.24.0-255,2902,196127,76,297403
12067,0.003021,172.31.40.0-255,66,196193,76,297403
12068,0.003044,74.125.24.0-255,2902,199095,76,297403
12069,0.003046,172.31.40.0-255,66,199161,76,297403
12070,0.003064,172.31.40.0-255,66,199227,76,297403
12071,0.003069,74.125.24.0-255,4320,203547,76,297403
12072,0.003071,172.31.40.0-255,66,203613,76,297403
12073,0.003074,74.125.24.0-255,1484,205097,76,297403
12074,0.003079,74.125.24.0-255,2902,207999,76,297403
12075,0.003082,172.31.40.0-255,66,208065,76,297403
12076,0.003098,74.125.24.0-255,2184,210249,76,297403
12077,0.0031,172.31.40.0-255,66,210315,76,297403
12078,0.003146,74.125.24.0-255,1484,211799,76,297403
12079,0.003161,74.125.24.0-255,2902,214701,76,297403
12080,0.003165,172.31.40.0-255,66,214767,76,297403
12081,0.003168,74.125.24.0-255,1484,216251,76,297403
12082,0.003189,74.125.24.0-255,4320,220571,76,297403
12083,0.003192,172.31.40.0-255,66,220637,76,297403
12084,0.003209,74.125.24.0-255,5738,226375,76,297403
12085,0.003212,172.31.40.0-255,66,226441,76,297403
12086,0.003226,74.125.24.0-255,4320,230761,76,297403
12087,0.003228,172.31.40.0-255,66,230827,76,297403
12088,0.003234,74.125.24.0-255,4320,235147,76,297403
12089,0.003236,172.31.40.0-255,66,235213,76,297403
12090,0.003265,172.31.40.0-255,66,235279,76,297403
12091,0.003298,74.125.24.0-255,1484,236763,76,297403
12092,0.003323,172.31.40.0-255,66,236829,76,297403
12093,0.00333,74.125.24.0-255,5738,242567,76,297403
12094,0.003332,172.31.40.0-255,66,242633,76,297403
12095,0.003355,172.31.40.0-255,66,242699,76,297403
12096,0.003362,74.125.24.0-255,6438,249137,76,297403
12097,0.003364,172.31.40.0-255,66,249203,76,297403
12098,0.003404,74.125.24.0-255,1484,250687,76,297403
12099,0.003424,74.125.24.0-255,4320,255007,76,297403
12100,0.003427,172.31.40.0-255,66,255073,76,297403
12101,0.003444,74.125.24.0-255,4320,259393,76,297403
12102,0.003447,172.31.40.0-255,66,259459,76,297403
12103,0.003486,172.31.40.0-255,66,259525,76,297403
12104,0.00349,74.125.24.0-255,2902,262427,76,297403
12105,0.003491,172.31.40.0-255,66,262493,76,297403
12106,0.00352,172.31.40.0-255,66,262559,76,297403
12107,0.003539,74.125.24.0-255,4320,266879,76,297403
12108,0.003541,172.31.40.0-255,66,266945,76,297403
12109,0.003551,74.125.24.0-255,1484,268429,76,297403
12110,0.003556,74.125.24.0-255,2902,271331,76,297403
12111,0.003558,172.31.40.0-255,66,271397,76,297403
12112,0.00358,74.125.24.0-255,4320,275717,76,297403
12113,0.003582,172.31.40.0-255,66,275783,76,297403
12114,0.003587,74.125.24.0-255,4320,280103,76,297403
12115,0.003589,172.31.40.0-255,66,280169,76,297403
12116,0.003607,74.125.24.0-255,2902,283071,76,297403
12117,0.00361,172.31.40.0-255,66,283137,76,297403
12118,0.003637,74.125.24.0-255,7156,290293,76,297403
12119,0.00364,172.31.40.0-255,66,290359,76,297403
12120,0.003644,74.125.24.0-255,4320,294679,76,297403
12121,0.003646,172.31.40.0-255,66,294745,76,297403
12122,0.003665,74.125.24.0-255,2184,296929,76,297403
12123,0.003667,172.31.40.0-255,66,296995,76,297403
12124,0.003678,172.31.40.0-255,66,297061,76,297403
12125,0.003681,74.125.24.0-255,105,297166,76,297403
12126,0.005416,172.31.40.0-255,66,297232,76,297403
12127,0.005447,172.31.40.0-255,105,297337,76,297403
12128,0.007568,74.125.24.0-255,66,297403,76,297403
12129,0.0,74.125.24.0-255,153,153,76,162444
12130,1.4e-05,172.31.40.0-255,66,219,76,162444
12131,2.1e-05,74.125.24.0-255,1484,1703,76,162444
12132,2.5e-05,172.31.40.0-255,66,1769,76,162444
12133,3e-05,74.125.24.0-255,2902,4671,76,162444
12134,3.3e-05,172.31.40.0-255,66,4737,76,162444
12135,4e-05,74.125.24.0-255,4320,9057,76,162444
12136,4.3e-05,172.31.40.0-255,66,9123,76,162444
12137,6.6e-05,74.125.24.0-255,2902,12025,76,162444
12138,6.9e-05,172.31.40.0-255,66,12091,76,162444
12139,7.3e-05,74.125.24.0-255,1484,13575,76,162444
12140,7.5e-05,172.31.40.0-255,66,13641,76,162444
12141,8.9e-05,172.31.40.0-255,66,13707,76,162444
12142,0.000105,74.125.24.0-255,2104,15811,76,162444
12143,0.000108,172.31.40.0-255,66,15877,76,162444
12144,0.000112,74.125.24.0-255,2543,18420,76,162444
12145,0.000114,172.31.40.0-255,66,18486,76,162444
12146,0.000427,74.125.24.0-255,1484,19970,76,162444
12147,0.000432,172.31.40.0-255,66,20036,76,162444
12148,0.00044,74.125.24.0-255,2902,22938,76,162444
12149,0.000442,172.31.40.0-255,66,23004,76,162444
12150,0.000449,74.125.24.0-255,5738,28742,76,162444
12151,0.000451,172.31.40.0-255,66,28808,76,162444
12152,0.00049,172.31.40.0-255,66,28874,76,162444
12153,0.000495,74.125.24.0-255,4320,33194,76,162444
12154,0.000497,172.31.40.0-255,66,33260,76,162444
12155,0.000519,74.125.24.0-255,6438,39698,76,162444
12156,0.000521,172.31.40.0-255,66,39764,76,162444
12157,0.000558,74.125.24.0-255,648,40412,76,162444
12158,0.000561,172.31.40.0-255,66,40478,76,162444
12159,0.000594,74.125.24.0-255,1484,41962,76,162444
12160,0.00062,74.125.24.0-255,4320,46282,76,162444
12161,0.000624,172.31.40.0-255,66,46348,76,162444
12162,0.000655,172.31.40.0-255,66,46414,76,162444
12163,0.000681,74.125.24.0-255,1484,47898,76,162444
12164,0.000695,74.125.24.0-255,1484,49382,76,162444
12165,0.000697,172.31.40.0-255,66,49448,76,162444
12166,0.000719,74.125.24.0-255,5738,55186,76,162444
12167,0.000722,172.31.40.0-255,66,55252,76,162444
12168,0.000734,74.125.24.0-255,1484,56736,76,162444
12169,0.000737,74.125.24.0-255,1484,58220,76,162444
12170,0.00074,172.31.40.0-255,66,58286,76,162444
12171,0.00076,74.125.24.0-255,6438,64724,76,162444
12172,0.000763,172.31.40.0-255,66,64790,76,162444
12173,0.00095,74.125.24.0-255,1484,66274,76,162444
12174,0.000969,74.125.24.0-255,2902,69176,76,162444
12175,0.000973,172.31.40.0-255,66,69242,76,162444
12176,0.00098,74.125.24.0-255,5738,74980,76,162444
12177,0.000982,172.31.40.0-255,66,75046,76,162444
12178,0.000985,74.125.24.0-255,1484,76530,76,162444
12179,0.001008,74.125.24.0-255,7156,83686,76,162444
12180,0.001011,172.31.40.0-255,66,83752,76,162444
12181,0.001076,172.31.40.0-255,66,83818,76,162444
12182,0.001107,74.125.24.0-255,1484,85302,76,162444
12183,0.001126,74.125.24.0-255,1484,86786,76,162444
12184,0.001129,172.31.40.0-255,66,86852,76,162444
12185,0.001152,74.125.24.0-255,1484,88336,76,162444
12186,0.001159,74.125.24.0-255,5738,94074,76,162444
12187,0.001162,172.31.40.0-255,66,94140,76,162444
12188,0.001168,74.125.24.0-255,4320,98460,76,162444
12189,0.00117,172.31.40.0-255,66,98526,76,162444
12190,0.001182,172.31.40.0-255,66,98592,76,162444
12191,0.001208,74.125.24.0-255,1484,100076,76,162444
12192,0.00122,172.31.40.0-255,66,100142,76,162444
12193,0.001617,74.125.24.0-255,1484,101626,76,162444
12194,0.001633,74.125.24.0-255,2902,104528,76,162444
12195,0.001637,172.31.40.0-255,66,104594,76,162444
12196,0.001649,74.125.24.0-255,1484,106078,76,162444
12197,0.001668,74.125.24.0-255,2902,108980,76,162444
12198,0.001671,172.31.40.0-255,66,109046,76,162444
12199,0.001681,172.31.40.0-255,66,109112,76,162444
12200,0.001726,74.125.24.0-255,4320,113432,76,162444
12201,0.001729,172.31.40.0-255,66,113498,76,162444
12202,0.001754,172.31.40.0-255,66,113564,76,162444
12203,0.001759,74.125.24.0-255,2902,116466,76,162444
12204,0.00176,172.31.40.0-255,66,116532,76,162444
12205,0.001789,74.125.24.0-255,766,117298,76,162444
12206,0.002418,172.31.40.0-255,66,117364,76,162444
12207,0.003987,74.125.24.0-255,4320,121684,76,162444
12208,0.003994,172.31.40.0-255,66,121750,76,162444
12209,0.004621,74.125.24.0-255,1484,123234,76,162444
12210,0.006218,74.125.24.0-255,4320,127554,76,162444
12211,0.006224,172.31.40.0-255,66,127620,76,162444
12212,0.008461,74.125.24.0-255,5738,133358,76,162444
12213,0.008467,172.31.40.0-255,66,133424,76,162444
12214,0.010703,74.125.24.0-255,5738,139162,76,162444
12215,0.01071,172.31.40.0-255,66,139228,76,162444
12216,0.012945,74.125.24.0-255,5738,144966,76,162444
12217,0.012953,172.31.40.0-255,66,145032,76,162444
12218,0.015181,74.125.24.0-255,5738,150770,76,162444
12219,0.015189,172.31.40.0-255,66,150836,76,162444
12220,0.017417,74.125.24.0-255,5738,156574,76,162444
12221,0.017425,172.31.40.0-255,66,156640,76,162444
12222,0.019651,74.125.24.0-255,5738,162378,76,162444
12223,0.019664,172.31.40.0-255,66,162444,76,162444
12224,0.0,172.217.194.0-255,291,291,76,77192
12225,2.2e-05,172.31.40.0-255,66,357,76,77192
12226,2.8e-05,172.217.194.0-255,1484,1841,76,77192
12227,3.2e-05,172.31.40.0-255,66,1907,76,77192
12228,3.8e-05,172.217.194.0-255,4320,6227,76,77192
12229,4.7e-05,172.31.40.0-255,66,6293,76,77192
12230,8.7e-05,172.31.40.0-255,66,6359,76,77192
12231,9.3e-05,172.217.194.0-255,4320,10679,76,77192
12232,9.5e-05,172.31.40.0-255,66,10745,76,77192
12233,0.00012,172.217.194.0-255,2902,13647,76,77192
12234,0.000122,172.31.40.0-255,66,13713,76,77192
12235,0.000155,172.31.40.0-255,66,13779,76,77192
12236,0.002129,172.217.194.0-255,1484,15263,76,77192
12237,0.002135,172.31.40.0-255,66,15329,76,77192
12238,0.002144,172.217.194.0-255,2902,18231,76,77192
12239,0.002147,172.31.40.0-255,66,18297,76,77192
12240,0.002158,172.217.194.0-255,5738,24035,76,77192
12241,0.00216,172.31.40.0-255,66,24101,76,77192
12242,0.002182,172.217.194.0-255,2902,27003,76,77192
12243,0.002184,172.31.40.0-255,66,27069,76,77192
12244,0.002208,172.217.194.0-255,3961,31030,76,77192
12245,0.00221,172.31.40.0-255,66,31096,76,77192
12246,0.002213,172.217.194.0-255,1484,32580,76,77192
12247,0.002214,172.31.40.0-255,66,32646,76,77192
12248,0.002255,172.31.40.0-255,66,32712,76,77192
12249,0.002259,172.217.194.0-255,2796,35508,76,77192
12250,0.002261,172.31.40.0-255,66,35574,76,77192
12251,0.004678,172.217.194.0-255,2902,38476,76,77192
12252,0.004685,172.31.40.0-255,66,38542,76,77192
12253,0.004714,172.217.194.0-255,2902,41444,76,77192
12254,0.004716,172.31.40.0-255,66,41510,76,77192
12255,0.0071,172.217.194.0-255,2902,44412,76,77192
12256,0.007106,172.31.40.0-255,66,44478,76,77192
12257,0.007125,172.217.194.0-255,2902,47380,76,77192
12258,0.007128,172.31.40.0-255,66,47446,76,77192
12259,0.009505,172.217.194.0-255,2902,50348,76,77192
12260,0.009518,172.31.40.0-255,66,50414,76,77192
12261,0.009598,172.217.194.0-255,2902,53316,76,77192
12262,0.009603,172.31.40.0-255,66,53382,76,77192
12263,0.011951,172.217.194.0-255,2902,56284,76,77192
12264,0.011962,172.31.40.0-255,66,56350,76,77192
12265,0.011997,172.217.194.0-255,2902,59252,76,77192
12266,0.012002,172.31.40.0-255,66,59318,76,77192
12267,0.014392,172.217.194.0-255,2902,62220,76,77192
12268,0.014404,172.31.40.0-255,66,62286,76,77192
12269,0.014434,172.217.194.0-255,2902,65188,76,77192
12270,0.014438,172.31.40.0-255,66,65254,76,77192
12271,0.016806,172.217.194.0-255,2902,68156,76,77192
12272,0.016813,172.31.40.0-255,66,68222,76,77192
12273,0.016872,172.217.194.0-255,2902,71124,76,77192
12274,0.016878,172.31.40.0-255,66,71190,76,77192
12275,0.019241,172.217.194.0-255,2902,74092,76,77192
12276,0.019248,172.31.40.0-255,66,74158,76,77192
12277,0.019293,172.217.194.0-255,1484,75642,76,77192
12278,0.019308,172.217.194.0-255,1484,77126,76,77192
12279,0.01931,172.31.40.0-255,66,77192,76,77192
12280,0.0,74.125.24.0-255,152,152,76,234519
12281,2.3e-05,172.31.40.0-255,66,218,76,234519
12282,3e-05,74.125.24.0-255,1484,1702,76,234519
12283,3.5e-05,172.31.40.0-255,66,1768,76,234519
12284,4.1e-05,74.125.24.0-255,2902,4670,76,234519
12285,4.4e-05,172.31.40.0-255,66,4736,76,234519
12286,6.1e-05,74.125.24.0-255,7156,11892,76,234519
12287,6.4e-05,172.31.40.0-255,66,11958,76,234519
12288,0.000116,172.31.40.0-255,66,12024,76,234519
12289,0.00012,74.125.24.0-255,1484,13508,76,234519
12290,0.000122,172.31.40.0-255,66,13574,76,234519
12291,0.000157,74.125.24.0-255,5379,18953,76,234519
12292,0.00016,172.31.40.0-255,66,19019,76,234519
12293,0.000184,74.125.24.0-255,1484,20503,76,234519
12294,0.000186,172.31.40.0-255,66,20569,76,234519
12295,0.000191,74.125.24.0-255,2902,23471,76,234519
12296,0.000193,172.31.40.0-255,66,23537,76,234519
12297,0.000228,74.125.24.0-255,5738,29275,76,234519
12298,0.000231,172.31.40.0-255,66,29341,76,234519
12299,0.000238,74.125.24.0-255,6797,36138,76,234519
12300,0.00024,172.31.40.0-255,66,36204,76,234519
12301,0.000317,74.125.24.0-255,1484,37688,76,234519
12302,0.000319,172.31.40.0-255,66,37754,76,234519
12303,0.000348,74.125.24.0-255,2902,40656,76,234519
12304,0.00035,172.31.40.0-255,66,40722,76,234519
12305,0.000357,74.125.24.0-255,5738,46460,76,234519
12306,0.000359,172.31.40.0-255,66,46526,76,234519
12307,0.00041,172.31.40.0-255,66,46592,76,234519
12308,0.000413,74.125.24.0-255,329,46921,76,234519
12309,0.000415,172.31.40.0-255,66,46987,76,234519
12310,0.000719,74.125.24.0-255,1484,48471,76,234519
12311,0.000727,74.125.24.0-255,2902,51373,76,234519
12312,0.000731,172.31.40.0-255,66,51439,76,234519
12313,0.000736,74.125.24.0-255,2902,54341,76,234519
12314,0.000738,172.31.40.0-255,66,54407,76,234519
12315,0.000769,74.125.24.0-255,2902,57309,76,234519
12316,0.000772,172.31.40.0-255,66,57375,76,234519
12317,0.000792,74.125.24.0-255,1484,58859,76,234519
12318,0.000819,172.31.40.0-255,66,58925,76,234519
12319,0.000829,74.125.24.0-255,4320,63245,76,234519
12320,0.000834,172.31.40.0-255,66,63311,76,234519
12321,0.000858,74.125.24.0-255,5020,68331,76,234519
12322,0.000878,74.125.24.0-255,4320,72651,76,234519
12323,0.000884,74.125.24.0-255,5738,78389,76,234519
12324,0.000912,172.31.40.0-255,66,78455,76,234519
12325,0.000919,74.125.24.0-255,1484,79939,76,234519
12326,0.000924,172.31.40.0-255,66,80005,76,234519
12327,0.000972,172.31.40.0-255,66,80071,76,234519
12328,0.001087,74.125.24.0-255,1484,81555,76,234519
12329,0.001093,74.125.24.0-255,2902,84457,76,234519
12330,0.001095,172.31.40.0-255,66,84523,76,234519
12331,0.001115,74.125.24.0-255,5738,90261,76,234519
12332,0.001159,74.125.24.0-255,5738,95999,76,234519
12333,0.001173,74.125.24.0-255,4320,100319,76,234519
12334,0.00118,74.125.24.0-255,7156,107475,76,234519
12335,0.001183,172.31.40.0-255,66,107541,76,234519
12336,0.001188,172.31.40.0-255,66,107607,76,234519
12337,0.001216,74.125.24.0-255,6438,114045,76,234519
12338,0.001233,172.31.40.0-255,66,114111,76,234519
12339,0.001549,74.125.24.0-255,1484,115595,76,234519
12340,0.001556,74.125.24.0-255,2902,118497,76,234519
12341,0.001559,172.31.40.0-255,66,118563,76,234519
12342,0.001592,74.125.24.0-255,5738,124301,76,234519
12343,0.001601,74.125.24.0-255,7156,131457,76,234519
12344,0.001613,74.125.24.0-255,2902,134359,76,234519
12345,0.001628,172.31.40.0-255,66,134425,76,234519
12346,0.001633,74.125.24.0-255,2902,137327,76,234519
12347,0.001637,172.31.40.0-255,66,137393,76,234519
12348,0.001696,172.31.40.0-255,66,137459,76,234519
12349,0.001754,74.125.24.0-255,1484,138943,76,234519
12350,0.001757,74.125.24.0-255,1484,140427,76,234519
12351,0.001761,172.31.40.0-255,66,140493,76,234519
12352,0.00177,74.125.24.0-255,1484,141977,76,234519
12353,0.001781,74.125.24.0-255,5738,147715,76,234519
12354,0.001784,74.125.24.0-255,1484,149199,76,234519
12355,0.001788,74.125.24.0-255,2902,152101,76,234519
12356,0.001808,74.125.24.0-255,5738,157839,76,234519
12357,0.001816,172.31.40.0-255,66,157905,76,234519
12358,0.001871,172.31.40.0-255,66,157971,76,234519
12359,0.001878,74.125.24.0-255,1484,159455,76,234519
12360,0.001896,74.125.24.0-255,2902,162357,76,234519
12361,0.001911,74.125.24.0-255,5738,168095,76,234519
12362,0.001974,172.31.40.0-255,66,168161,76,234519
12363,0.001993,74.125.24.0-255,5020,173181,76,234519
12364,0.002011,172.31.40.0-255,66,173247,76,234519
12365,0.002022,74.125.24.0-255,5738,178985,76,234519
12366,0.002034,74.125.24.0-255,4320,183305,76,234519
12367,0.00204,172.31.40.0-255,66,183371,76,234519
12368,0.002081,172.31.40.0-255,66,183437,76,234519
12369,0.002129,172.31.40.0-255,66,183503,76,234519
12370,0.002139,74.125.24.0-255,1484,184987,76,234519
12371,0.002162,74.125.24.0-255,2902,187889,76,234519
12372,0.002167,172.31.40.0-255,66,187955,76,234519
12373,0.002201,74.125.24.0-255,5738,193693,76,234519
12374,0.002206,74.125.24.0-255,2902,196595,76,234519
12375,0.002238,74.125.24.0-255,2902,199497,76,234519
12376,0.002248,172.31.40.0-255,66,199563,76,234519
12377,0.002319,172.31.40.0-255,66,199629,76,234519
12378,0.002348,74.125.24.0-255,1484,201113,76,234519
12379,0.004622,74.125.24.0-255,4320,205433,76,234519
12380,0.004631,172.31.40.0-255,66,205499,76,234519
12381,0.006948,74.125.24.0-255,5738,211237,76,234519
12382,0.006951,172.31.40.0-255,66,211303,76,234519
12383,0.00928,74.125.24.0-255,5738,217041,76,234519
12384,0.009297,172.31.40.0-255,66,217107,76,234519
12385,0.011618,74.125.24.0-255,5738,222845,76,234519
12386,0.014496,172.31.40.0-255,66,222911,76,234519
12387,0.016822,74.125.24.0-255,5738,228649,76,234519
12388,0.016834,172.31.40.0-255,66,228715,76,234519
12389,0.019153,74.125.24.0-255,5738,234453,76,234519
12390,0.019173,172.31.40.0-255,66,234519,76,234519
12391,0.0,74.125.24.0-255,152,152,76,220377
12392,1.4e-05,172.31.40.0-255,66,218,76,220377
12393,2e-05,74.125.24.0-255,1484,1702,76,220377
12394,2.5e-05,172.31.40.0-255,66,1768,76,220377
12395,3e-05,74.125.24.0-255,2902,4670,76,220377
12396,3.3e-05,172.31.40.0-255,66,4736,76,220377
12397,6.8e-05,74.125.24.0-255,7156,11892,76,220377
12398,7.1e-05,172.31.40.0-255,66,11958,76,220377
12399,0.0001,74.125.24.0-255,2902,14860,76,220377
12400,0.000103,172.31.40.0-255,66,14926,76,220377
12401,0.000124,172.31.40.0-255,66,14992,76,220377
12402,0.00013,74.125.24.0-255,5379,20371,76,220377
12403,0.000132,172.31.40.0-255,66,20437,76,220377
12404,0.000679,74.125.24.0-255,1484,21921,76,220377
12405,0.000684,172.31.40.0-255,66,21987,76,220377
12406,0.000692,74.125.24.0-255,2902,24889,76,220377
12407,0.000694,172.31.40.0-255,66,24955,76,220377
12408,0.0007,74.125.24.0-255,5738,30693,76,220377
12409,0.000702,172.31.40.0-255,66,30759,76,220377
12410,0.000725,74.125.24.0-255,2902,33661,76,220377
12411,0.000728,172.31.40.0-255,66,33727,76,220377
12412,0.000759,172.31.40.0-255,66,33793,76,220377
12413,0.000764,74.125.24.0-255,4320,38113,76,220377
12414,0.000766,172.31.40.0-255,66,38179,76,220377
12415,0.000802,74.125.24.0-255,5652,43831,76,220377
12416,0.000804,172.31.40.0-255,66,43897,76,220377
12417,0.000807,74.125.24.0-255,134,44031,76,220377
12418,0.000809,172.31.40.0-255,66,44097,76,220377
12419,0.000894,74.125.24.0-255,1484,45581,76,220377
12420,0.000897,172.31.40.0-255,66,45647,76,220377
12421,0.000901,74.125.24.0-255,1484,47131,76,220377
12422,0.000916,74.125.24.0-255,1484,48615,76,220377
12423,0.000919,172.31.40.0-255,66,48681,76,220377
12424,0.000925,74.125.24.0-255,5738,54419,76,220377
12425,0.000927,172.31.40.0-255,66,54485,76,220377
12426,0.000958,172.31.40.0-255,66,54551,76,220377
12427,0.000968,172.31.40.0-255,66,54617,76,220377
12428,0.00098,74.125.24.0-255,1484,56101,76,220377
12429,0.001011,74.125.24.0-255,7156,63257,76,220377
12430,0.001014,172.31.40.0-255,66,63323,76,220377
12431,0.001042,172.31.40.0-255,66,63389,76,220377
12432,0.001255,74.125.24.0-255,1484,64873,76,220377
12433,0.001262,74.125.24.0-255,2902,67775,76,220377
12434,0.001266,172.31.40.0-255,66,67841,76,220377
12435,0.001269,74.125.24.0-255,1484,69325,76,220377
12436,0.001286,74.125.24.0-255,4320,73645,76,220377
12437,0.001288,172.31.40.0-255,66,73711,76,220377
12438,0.001293,74.125.24.0-255,4320,78031,76,220377
12439,0.001295,172.31.40.0-255,66,78097,76,220377
12440,0.001323,172.31.40.0-255,66,78163,76,220377
12441,0.001334,172.31.40.0-255,66,78229,76,220377
12442,0.001478,74.125.24.0-255,1484,79713,76,220377
12443,0.001484,74.125.24.0-255,2902,82615,76,220377
12444,0.001487,172.31.40.0-255,66,82681,76,220377
12445,0.001491,74.125.24.0-255,1484,84165,76,220377
12446,0.001503,74.125.24.0-255,4320,88485,76,220377
12447,0.001506,172.31.40.0-255,66,88551,76,220377
12448,0.001523,74.125.24.0-255,1484,90035,76,220377
12449,0.001535,74.125.24.0-255,2902,92937,76,220377
12450,0.001538,172.31.40.0-255,66,93003,76,220377
12451,0.001555,74.125.24.0-255,2902,95905,76,220377
12452,0.001557,172.31.40.0-255,66,95971,76,220377
12453,0.001568,74.125.24.0-255,2902,98873,76,220377
12454,0.00157,172.31.40.0-255,66,98939,76,220377
12455,0.001585,74.125.24.0-255,4320,103259,76,220377
12456,0.001587,172.31.40.0-255,66,103325,76,220377
12457,0.001612,74.125.24.0-255,1484,104809,76,220377
12458,0.001622,172.31.40.0-255,66,104875,76,220377
12459,0.001635,74.125.24.0-255,2902,107777,76,220377
12460,0.001637,172.31.40.0-255,66,107843,76,220377
12461,0.001657,74.125.24.0-255,5738,113581,76,220377
12462,0.001659,172.31.40.0-255,66,113647,76,220377
12463,0.00167,172.31.40.0-255,66,113713,76,220377
12464,0.001714,172.31.40.0-255,66,113779,76,220377
12465,0.001733,172.31.40.0-255,66,113845,76,220377
12466,0.001745,172.31.40.0-255,66,113911,76,220377
12467,0.001761,172.31.40.0-255,66,113977,76,220377
12468,0.001792,74.125.24.0-255,1484,115461,76,220377
12469,0.001796,74.125.24.0-255,2902,118363,76,220377
12470,0.001798,172.31.40.0-255,66,118429,76,220377
12471,0.001801,74.125.24.0-255,1484,119913,76,220377
12472,0.001817,74.125.24.0-255,4320,124233,76,220377
12473,0.001819,172.31.40.0-255,66,124299,76,220377
12474,0.001826,74.125.24.0-255,7156,131455,76,220377
12475,0.001829,172.31.40.0-255,66,131521,76,220377
12476,0.001843,74.125.24.0-255,1484,133005,76,220377
12477,0.001877,172.31.40.0-255,66,133071,76,220377
12478,0.001912,74.125.24.0-255,2184,135255,76,220377
12479,0.001914,172.31.40.0-255,66,135321,76,220377
12480,0.002036,74.125.24.0-255,1484,136805,76,220377
12481,0.002046,74.125.24.0-255,2902,139707,76,220377
12482,0.002049,172.31.40.0-255,66,139773,76,220377
12483,0.002072,74.125.24.0-255,5738,145511,76,220377
12484,0.002074,172.31.40.0-255,66,145577,76,220377
12485,0.0021,172.31.40.0-255,66,145643,76,220377
12486,0.00213,74.125.24.0-255,5738,151381,76,220377
12487,0.002132,172.31.40.0-255,66,151447,76,220377
12488,0.002153,74.125.24.0-255,5020,156467,76,220377
12489,0.002155,172.31.40.0-255,66,156533,76,220377
12490,0.002161,74.125.24.0-255,5738,162271,76,220377
12491,0.002163,172.31.40.0-255,66,162337,76,220377
12492,0.002187,74.125.24.0-255,5738,168075,76,220377
12493,0.002189,172.31.40.0-255,66,168141,76,220377
12494,0.002195,74.125.24.0-255,5738,173879,76,220377
12495,0.002197,172.31.40.0-255,66,173945,76,220377
12496,0.004338,74.125.24.0-255,5738,179683,76,220377
12497,0.004344,172.31.40.0-255,66,179749,76,220377
12498,0.006504,74.125.24.0-255,5738,185487,76,220377
12499,0.00651,172.31.40.0-255,66,185553,76,220377
12500,0.008685,74.125.24.0-255,5738,191291,76,220377
12501,0.008692,172.31.40.0-255,66,191357,76,220377
12502,0.01084,74.125.24.0-255,5738,197095,76,220377
12503,0.010847,172.31.40.0-255,66,197161,76,220377
12504,0.013022,74.125.24.0-255,5738,202899,76,220377
12505,0.01303,172.31.40.0-255,66,202965,76,220377
12506,0.015187,74.125.24.0-255,5738,208703,76,220377
12507,0.015194,172.31.40.0-255,66,208769,76,220377
12508,0.017303,74.125.24.0-255,5738,214507,76,220377
12509,0.01731,172.31.40.0-255,66,214573,76,220377
12510,0.019446,74.125.24.0-255,5738,220311,76,220377
12511,0.019455,172.31.40.0-255,66,220377,76,220377
12512,0.0,74.125.130.0-255,153,153,76,195856
12513,3.4e-05,172.31.40.0-255,66,219,76,195856
12514,4.1e-05,74.125.130.0-255,1484,1703,76,195856
12515,4.5e-05,172.31.40.0-255,66,1769,76,195856
12516,5e-05,74.125.130.0-255,2902,4671,76,195856
12517,6e-05,172.31.40.0-255,66,4737,76,195856
12518,9e-05,74.125.130.0-255,4320,9057,76,195856
12519,9.3e-05,172.31.40.0-255,66,9123,76,195856
12520,0.000152,74.125.130.0-255,1484,10607,76,195856
12521,0.000155,172.31.40.0-255,66,10673,76,195856
12522,0.000191,172.31.40.0-255,66,10739,76,195856
12523,0.000236,172.31.40.0-255,66,10805,76,195856
12524,0.000303,74.125.130.0-255,2543,13348,76,195856
12525,0.000307,172.31.40.0-255,66,13414,76,195856
12526,0.000338,74.125.130.0-255,7156,20570,76,195856
12527,0.000342,172.31.40.0-255,66,20636,76,195856
12528,0.000394,74.125.130.0-255,1484,22120,76,195856
12529,0.000397,172.31.40.0-255,66,22186,76,195856
12530,0.000435,172.31.40.0-255,66,22252,76,195856
12531,0.000636,74.125.130.0-255,1484,23736,76,195856
12532,0.00064,172.31.40.0-255,66,23802,76,195856
12533,0.000671,74.125.130.0-255,2902,26704,76,195856
12534,0.000674,172.31.40.0-255,66,26770,76,195856
12535,0.00068,74.125.130.0-255,4320,31090,76,195856
12536,0.000682,172.31.40.0-255,66,31156,76,195856
12537,0.000703,74.125.130.0-255,1484,32640,76,195856
12538,0.000706,172.31.40.0-255,66,32706,76,195856
12539,0.000744,172.31.40.0-255,66,32772,76,195856
12540,0.000818,74.125.130.0-255,2902,35674,76,195856
12541,0.000822,172.31.40.0-255,66,35740,76,195856
12542,0.000838,74.125.130.0-255,4320,40060,76,195856
12543,0.000855,172.31.40.0-255,66,40126,76,195856
12544,0.000858,74.125.130.0-255,2902,43028,76,195856
12545,0.000874,172.31.40.0-255,66,43094,76,195856
12546,0.0009,74.125.130.0-255,1484,44578,76,195856
12547,0.000915,74.125.130.0-255,3961,48539,76,195856
12548,0.000928,172.31.40.0-255,66,48605,76,195856
12549,0.000961,74.125.130.0-255,1484,50089,76,195856
12550,0.000983,74.125.130.0-255,4320,54409,76,195856
12551,0.000988,172.31.40.0-255,66,54475,76,195856
12552,0.001028,74.125.130.0-255,4320,58795,76,195856
12553,0.001032,172.31.40.0-255,66,58861,76,195856
12554,0.001112,172.31.40.0-255,66,58927,76,195856
12555,0.001167,74.125.130.0-255,2902,61829,76,195856
12556,0.001173,172.31.40.0-255,66,61895,76,195856
12557,0.001186,74.125.130.0-255,5738,67633,76,195856
12558,0.001197,172.31.40.0-255,66,67699,76,195856
12559,0.001209,74.125.130.0-255,2902,70601,76,195856
12560,0.00122,172.31.40.0-255,66,70667,76,195856
12561,0.001276,74.125.130.0-255,3487,74154,76,195856
12562,0.00128,172.31.40.0-255,66,74220,76,195856
12563,0.001314,74.125.130.0-255,2902,77122,76,195856
12564,0.001317,172.31.40.0-255,66,77188,76,195856
12565,0.001372,172.31.40.0-255,66,77254,76,195856
12566,0.001478,74.125.130.0-255,4320,81574,76,195856
12567,0.001482,172.31.40.0-255,66,81640,76,195856
12568,0.001536,172.31.40.0-255,66,81706,76,195856
12569,0.001661,74.125.130.0-255,2902,84608,76,195856
12570,0.001665,172.31.40.0-255,66,84674,76,195856
12571,0.00172,172.31.40.0-255,66,84740,76,195856
12572,0.001836,74.125.130.0-255,2902,87642,76,195856
12573,0.001845,172.31.40.0-255,66,87708,76,195856
12574,0.001926,74.125.130.0-255,2902,90610,76,195856
12575,0.001934,172.31.40.0-255,66,90676,76,195856
12576,0.001952,74.125.130.0-255,6438,97114,76,195856
12577,0.001977,172.31.40.0-255,66,97180,76,195856
12578,0.002082,74.125.130.0-255,1484,98664,76,195856
12579,0.0021,74.125.130.0-255,2902,101566,76,195856
12580,0.002132,172.31.40.0-255,66,101632,76,195856
12581,0.002164,74.125.130.0-255,1484,103116,76,195856
12582,0.002183,74.125.130.0-255,1484,104600,76,195856
12583,0.002187,172.31.40.0-255,66,104666,76,195856
12584,0.002192,74.125.130.0-255,2902,107568,76,195856
12585,0.002225,74.125.130.0-255,2902,110470,76,195856
12586,0.002242,172.31.40.0-255,66,110536,76,195856
12587,0.002251,74.125.130.0-255,1484,112020,76,195856
12588,0.002271,74.125.130.0-255,2902,114922,76,195856
12589,0.002274,74.125.130.0-255,1484,116406,76,195856
12590,0.002292,74.125.130.0-255,2902,119308,76,195856
12591,0.002317,74.125.130.0-255,1484,120792,76,195856
12592,0.002332,74.125.130.0-255,4320,125112,76,195856
12593,0.002336,172.31.40.0-255,66,125178,76,195856
12594,0.002342,172.31.40.0-255,66,125244,76,195856
12595,0.002376,74.125.130.0-255,4320,129564,76,195856
12596,0.002389,74.125.130.0-255,2184,131748,76,195856
12597,0.002395,172.31.40.0-255,66,131814,76,195856
12598,0.002565,74.125.130.0-255,1484,133298,76,195856
12599,0.002571,74.125.130.0-255,2902,136200,76,195856
12600,0.002573,172.31.40.0-255,66,136266,76,195856
12601,0.002604,74.125.130.0-255,5738,142004,76,195856
12602,0.00261,172.31.40.0-255,66,142070,76,195856
12603,0.002659,74.125.130.0-255,5738,147808,76,195856
12604,0.002683,74.125.130.0-255,5738,153546,76,195856
12605,0.002688,172.31.40.0-255,66,153612,76,195856
12606,0.002773,74.125.130.0-255,2902,156514,76,195856
12607,0.002778,172.31.40.0-255,66,156580,76,195856
12608,0.002787,74.125.130.0-255,4320,160900,76,195856
12609,0.002791,172.31.40.0-255,66,160966,76,195856
12610,0.002805,74.125.130.0-255,1484,162450,76,195856
12611,0.005419,74.125.130.0-255,4320,166770,76,195856
12612,0.005424,172.31.40.0-255,66,166836,76,195856
12613,0.008057,74.125.130.0-255,5738,172574,76,195856
12614,0.008087,172.31.40.0-255,66,172640,76,195856
12615,0.010787,74.125.130.0-255,5738,178378,76,195856
12616,0.010795,172.31.40.0-255,66,178444,76,195856
12617,0.013429,74.125.130.0-255,5738,184182,76,195856
12618,0.013437,172.31.40.0-255,66,184248,76,195856
12619,0.016058,74.125.130.0-255,5738,189986,76,195856
12620,0.016064,172.31.40.0-255,66,190052,76,195856
12621,0.018691,74.125.130.0-255,5738,195790,76,195856
12622,0.018697,172.31.40.0-255,66,195856,76,195856
12623,0.0,74.125.24.0-255,150,150,76,143728
12624,2e-05,172.31.40.0-255,66,216,76,143728
12625,2.7e-05,74.125.24.0-255,1484,1700,76,143728
12626,3.2e-05,172.31.40.0-255,66,1766,76,143728
12627,3.7e-05,74.125.24.0-255,2902,4668,76,143728
12628,4.8e-05,172.31.40.0-255,66,4734,76,143728
12629,5.6e-05,74.125.24.0-255,7156,11890,76,143728
12630,5.8e-05,172.31.40.0-255,66,11956,76,143728
12631,0.000107,74.125.24.0-255,2055,14011,76,143728
12632,0.00011,172.31.40.0-255,66,14077,76,143728
12633,0.000228,74.125.24.0-255,1484,15561,76,143728
12634,0.000232,172.31.40.0-255,66,15627,76,143728
12635,0.000237,74.125.24.0-255,2902,18529,76,143728
12636,0.000239,172.31.40.0-255,66,18595,76,143728
12637,0.000271,74.125.24.0-255,4320,22915,76,143728
12638,0.000273,172.31.40.0-255,66,22981,76,143728
12639,0.000299,74.125.24.0-255,1484,24465,76,143728
12640,0.000301,172.31.40.0-255,66,24531,76,143728
12641,0.000309,74.125.24.0-255,6797,31328,76,143728
12642,0.000311,172.31.40.0-255,66,31394,76,143728
12643,0.000545,74.125.24.0-255,1484,32878,76,143728
12644,0.000551,172.31.40.0-255,66,32944,76,143728
12645,0.000557,74.125.24.0-255,2902,35846,76,143728
12646,0.000559,172.31.40.0-255,66,35912,76,143728
12647,0.000571,74.125.24.0-255,5738,41650,76,143728
12648,0.000573,172.31.40.0-255,66,41716,76,143728
12649,0.000584,74.125.24.0-255,1484,43200,76,143728
12650,0.000586,172.31.40.0-255,66,43266,76,143728
12651,0.000632,172.31.40.0-255,66,43332,76,143728
12652,0.000644,172.31.40.0-255,66,43398,76,143728
12653,0.000646,74.125.24.0-255,1125,44523,76,143728
12654,0.001033,74.125.24.0-255,645,45168,76,143728
12655,0.001038,172.31.40.0-255,66,45234,76,143728
12656,0.001217,74.125.24.0-255,1484,46718,76,143728
12657,0.001227,74.125.24.0-255,2902,49620,76,143728
12658,0.001231,172.31.40.0-255,66,49686,76,143728
12659,0.001238,74.125.24.0-255,5738,55424,76,143728
12660,0.00124,172.31.40.0-255,66,55490,76,143728
12661,0.001279,172.31.40.0-255,66,55556,76,143728
12662,0.001303,74.125.24.0-255,4320,59876,76,143728
12663,0.001305,172.31.40.0-255,66,59942,76,143728
12664,0.001316,172.31.40.0-255,66,60008,76,143728
12665,0.001319,74.125.24.0-255,766,60774,76,143728
12666,0.001725,74.125.24.0-255,1484,62258,76,143728
12667,0.001731,172.31.40.0-255,66,62324,76,143728
12668,0.001737,74.125.24.0-255,2902,65226,76,143728
12669,0.001738,172.31.40.0-255,66,65292,76,143728
12670,0.001744,74.125.24.0-255,5738,71030,76,143728
12671,0.001749,172.31.40.0-255,66,71096,76,143728
12672,0.001754,74.125.24.0-255,2902,73998,76,143728
12673,0.001756,172.31.40.0-255,66,74064,76,143728
12674,0.001794,172.31.40.0-255,66,74130,76,143728
12675,0.001804,172.31.40.0-255,66,74196,76,143728
12676,0.001807,74.125.24.0-255,766,74962,76,143728
12677,0.001961,74.125.24.0-255,1484,76446,76,143728
12678,0.001964,172.31.40.0-255,66,76512,76,143728
12679,0.001967,74.125.24.0-255,1484,77996,76,143728
12680,0.001988,74.125.24.0-255,1484,79480,76,143728
12681,0.00199,172.31.40.0-255,66,79546,76,143728
12682,0.001995,74.125.24.0-255,5738,85284,76,143728
12683,0.001998,172.31.40.0-255,66,85350,76,143728
12684,0.00204,172.31.40.0-255,66,85416,76,143728
12685,0.002046,74.125.24.0-255,5738,91154,76,143728
12686,0.002048,172.31.40.0-255,66,91220,76,143728
12687,0.002093,74.125.24.0-255,1484,92704,76,143728
12688,0.002108,74.125.24.0-255,3602,96306,76,143728
12689,0.002111,172.31.40.0-255,66,96372,76,143728
12690,0.004273,74.125.24.0-255,2902,99274,76,143728
12691,0.004276,172.31.40.0-255,66,99340,76,143728
12692,0.004299,74.125.24.0-255,2902,102242,76,143728
12693,0.004302,172.31.40.0-255,66,102308,76,143728
12694,0.006435,74.125.24.0-255,2902,105210,76,143728
12695,0.006442,172.31.40.0-255,66,105276,76,143728
12696,0.00647,74.125.24.0-255,2902,108178,76,143728
12697,0.006472,172.31.40.0-255,66,108244,76,143728
12698,0.008568,74.125.24.0-255,2902,111146,76,143728
12699,0.008573,172.31.40.0-255,66,111212,76,143728
12700,0.008603,74.125.24.0-255,2902,114114,76,143728
12701,0.008606,172.31.40.0-255,66,114180,76,143728
12702,0.010691,74.125.24.0-255,2902,117082,76,143728
12703,0.010699,172.31.40.0-255,66,117148,76,143728
12704,0.010743,74.125.24.0-255,2902,120050,76,143728
12705,0.010746,172.31.40.0-255,66,120116,76,143728
12706,0.012866,74.125.24.0-255,2902,123018,76,143728
12707,0.012874,172.31.40.0-255,66,123084,76,143728
12708,0.012906,74.125.24.0-255,2902,125986,76,143728
12709,0.012909,172.31.40.0-255,66,126052,76,143728
12710,0.015,74.125.24.0-255,2902,128954,76,143728
12711,0.015009,172.31.40.0-255,66,129020,76,143728
12712,0.015043,74.125.24.0-255,2902,131922,76,143728
12713,0.015045,172.31.40.0-255,66,131988,76,143728
12714,0.017141,74.125.24.0-255,2902,134890,76,143728
12715,0.017147,172.31.40.0-255,66,134956,76,143728
12716,0.017176,74.125.24.0-255,2902,137858,76,143728
12717,0.017179,172.31.40.0-255,66,137924,76,143728
12718,0.01931,74.125.24.0-255,5738,143662,76,143728
12719,0.019316,172.31.40.0-255,66,143728,76,143728
12720,0.0,74.125.24.0-255,291,291,76,229610
12721,1.6e-05,172.31.40.0-255,66,357,76,229610
12722,2.2e-05,74.125.24.0-255,1484,1841,76,229610
12723,2.7e-05,172.31.40.0-255,66,1907,76,229610
12724,3.5e-05,74.125.24.0-255,4320,6227,76,229610
12725,3.8e-05,172.31.40.0-255,66,6293,76,229610
12726,7.6e-05,172.31.40.0-255,66,6359,76,229610
12727,0.000118,172.31.40.0-255,66,6425,76,229610
12728,0.000129,172.31.40.0-255,66,6491,76,229610
12729,0.000259,74.125.24.0-255,1484,7975,76,229610
12730,0.000263,172.31.40.0-255,66,8041,76,229610
12731,0.000269,74.125.24.0-255,2902,10943,76,229610
12732,0.000271,172.31.40.0-255,66,11009,76,229610
12733,0.000276,74.125.24.0-255,2902,13911,76,229610
12734,0.000278,172.31.40.0-255,66,13977,76,229610
12735,0.000298,74.125.24.0-255,2902,16879,76,229610
12736,0.000301,172.31.40.0-255,66,16945,76,229610
12737,0.000315,74.125.24.0-255,2902,19847,76,229610
12738,0.000317,172.31.40.0-255,66,19913,76,229610
12739,0.000334,74.125.24.0-255,1484,21397,76,229610
12740,0.000337,172.31.40.0-255,66,21463,76,229610
12741,0.000344,74.125.24.0-255,5379,26842,76,229610
12742,0.000346,172.31.40.0-255,66,26908,76,229610
12743,0.000365,74.125.24.0-255,4320,31228,76,229610
12744,0.000368,172.31.40.0-255,66,31294,76,229610
12745,0.000393,74.125.24.0-255,4320,35614,76,229610
12746,0.000395,172.31.40.0-255,66,35680,76,229610
12747,0.000414,74.125.24.0-255,1484,37164,76,229610
12748,0.000416,172.31.40.0-255,66,37230,76,229610
12749,0.000442,74.125.24.0-255,4336,41566,76,229610
12750,0.000444,172.31.40.0-255,66,41632,76,229610
12751,0.000447,74.125.24.0-255,332,41964,76,229610
12752,0.000913,74.125.24.0-255,1484,43448,76,229610
12753,0.000918,172.31.40.0-255,66,43514,76,229610
12754,0.000923,74.125.24.0-255,2902,46416,76,229610
12755,0.000926,172.31.40.0-255,66,46482,76,229610
12756,0.000934,74.125.24.0-255,5738,52220,76,229610
12757,0.000936,172.31.40.0-255,66,52286,76,229610
12758,0.000971,172.31.40.0-255,66,52352,76,229610
12759,0.000994,172.31.40.0-255,66,52418,76,229610
12760,0.001019,74.125.24.0-255,3602,56020,76,229610
12761,0.001022,172.31.40.0-255,66,56086,76,229610
12762,0.001291,74.125.24.0-255,1484,57570,76,229610
12763,0.001298,74.125.24.0-255,2902,60472,76,229610
12764,0.001302,172.31.40.0-255,66,60538,76,229610
12765,0.001309,74.125.24.0-255,5738,66276,76,229610
12766,0.001311,172.31.40.0-255,66,66342,76,229610
12767,0.001314,74.125.24.0-255,2902,69244,76,229610
12768,0.001316,172.31.40.0-255,66,69310,76,229610
12769,0.00135,172.31.40.0-255,66,69376,76,229610
12770,0.001381,172.31.40.0-255,66,69442,76,229610
12771,0.001973,74.125.24.0-255,1484,70926,76,229610
12772,0.001983,74.125.24.0-255,2902,73828,76,229610
12773,0.001988,172.31.40.0-255,66,73894,76,229610
12774,0.001995,74.125.24.0-255,5738,79632,76,229610
12775,0.001998,172.31.40.0-255,66,79698,76,229610
12776,0.002002,74.125.24.0-255,2902,82600,76,229610
12777,0.002004,172.31.40.0-255,66,82666,76,229610
12778,0.002051,172.31.40.0-255,66,82732,76,229610
12779,0.002063,172.31.40.0-255,66,82798,76,229610
12780,0.002066,74.125.24.0-255,766,83564,76,229610
12781,0.002175,74.125.24.0-255,1484,85048,76,229610
12782,0.00218,172.31.40.0-255,66,85114,76,229610
12783,0.002185,74.125.24.0-255,2902,88016,76,229610
12784,0.002188,172.31.40.0-255,66,88082,76,229610
12785,0.002195,74.125.24.0-255,5738,93820,76,229610
12786,0.002197,172.31.40.0-255,66,93886,76,229610
12787,0.002225,74.125.24.0-255,1484,95370,76,229610
12788,0.002228,172.31.40.0-255,78,95448,76,229610
12789,0.002236,74.125.24.0-255,7156,102604,76,229610
12790,0.00224,172.31.40.0-255,66,102670,76,229610
12791,0.00225,172.31.40.0-255,66,102736,76,229610
12792,0.002257,74.125.24.0-255,5020,107756,76,229610
12793,0.002259,172.31.40.0-255,66,107822,76,229610
12794,0.00246,74.125.24.0-255,1484,109306,76,229610
12795,0.002467,74.125.24.0-255,2902,112208,76,229610
12796,0.002472,172.31.40.0-255,66,112274,76,229610
12797,0.002476,74.125.24.0-255,2902,115176,76,229610
12798,0.002479,172.31.40.0-255,66,115242,76,229610
12799,0.002494,74.125.24.0-255,1484,116726,76,229610
12800,0.002498,74.125.24.0-255,2902,119628,76,229610
12801,0.002501,172.31.40.0-255,66,119694,76,229610
12802,0.002514,74.125.24.0-255,2902,122596,76,229610
12803,0.002517,172.31.40.0-255,66,122662,76,229610
12804,0.002522,74.125.24.0-255,4320,126982,76,229610
12805,0.002524,172.31.40.0-255,66,127048,76,229610
12806,0.002527,74.125.24.0-255,1484,128532,76,229610
12807,0.002562,172.31.40.0-255,66,128598,76,229610
12808,0.002576,74.125.24.0-255,2184,130782,76,229610
12809,0.002578,172.31.40.0-255,66,130848,76,229610
12810,0.002583,74.125.24.0-255,2902,133750,76,229610
12811,0.002585,172.31.40.0-255,66,133816,76,229610
12812,0.002591,74.125.24.0-255,4320,138136,76,229610
12813,0.002594,172.31.40.0-255,66,138202,76,229610
12814,0.002641,172.31.40.0-255,66,138268,76,229610
12815,0.002693,172.31.40.0-255,66,138334,76,229610
12816,0.0027,74.125.24.0-255,7156,145490,76,229610
12817,0.002702,172.31.40.0-255,66,145556,76,229610
12818,0.00271,74.125.24.0-255,7156,152712,76,229610
12819,0.002713,172.31.40.0-255,66,152778,76,229610
12820,0.002736,74.125.24.0-255,1484,154262,76,229610
12821,0.002756,172.31.40.0-255,66,154328,76,229610
12822,0.002758,74.125.24.0-255,766,155094,76,229610
12823,0.003135,74.125.24.0-255,1484,156578,76,229610
12824,0.00314,172.31.40.0-255,66,156644,76,229610
12825,0.003147,74.125.24.0-255,2902,159546,76,229610
12826,0.003149,172.31.40.0-255,66,159612,76,229610
12827,0.003154,74.125.24.0-255,4320,163932,76,229610
12828,0.003157,172.31.40.0-255,66,163998,76,229610
12829,0.003176,74.125.24.0-255,1484,165482,76,229610
12830,0.003183,74.125.24.0-255,5738,171220,76,229610
12831,0.003185,172.31.40.0-255,66,171286,76,229610
12832,0.003218,74.125.24.0-255,7156,178442,76,229610
12833,0.003221,172.31.40.0-255,66,178508,76,229610
12834,0.003233,172.31.40.0-255,66,178574,76,229610
12835,0.003352,74.125.24.0-255,1484,180058,76,229610
12836,0.003358,74.125.24.0-255,2902,182960,76,229610
12837,0.003362,172.31.40.0-255,66,183026,76,229610
12838,0.003383,74.125.24.0-255,5738,188764,76,229610
12839,0.003387,172.31.40.0-255,66,188830,76,229610
12840,0.003391,74.125.24.0-255,2902,191732,76,229610
12841,0.003392,172.31.40.0-255,66,191798,76,229610
12842,0.003413,74.125.24.0-255,2902,194700,76,229610
12843,0.003415,172.31.40.0-255,66,194766,76,229610
12844,0.003418,74.125.24.0-255,1484,196250,76,229610
12845,0.003421,74.125.24.0-255,1484,197734,76,229610
12846,0.003423,172.31.40.0-255,66,197800,76,229610
12847,0.003426,74.125.24.0-255,1484,199284,76,229610
12848,0.003455,74.125.24.0-255,5738,205022,76,229610
12849,0.003458,172.31.40.0-255,66,205088,76,229610
12850,0.003462,74.125.24.0-255,2902,207990,76,229610
12851,0.003464,172.31.40.0-255,66,208056,76,229610
12852,0.003483,74.125.24.0-255,5020,213076,76,229610
12853,0.003486,172.31.40.0-255,66,213142,76,229610
12854,0.003517,74.125.24.0-255,7156,220298,76,229610
12855,0.00352,172.31.40.0-255,66,220364,76,229610
12856,0.003525,74.125.24.0-255,4320,224684,76,229610
12857,0.003528,172.31.40.0-255,66,224750,76,229610
12858,0.003547,74.125.24.0-255,4320,229070,76,229610
12859,0.003549,172.31.40.0-255,66,229136,76,229610
12860,0.003623,172.31.40.0-255,66,229202,76,229610
12861,0.003638,172.31.40.0-255,66,229268,76,229610
12862,0.00364,74.125.24.0-255,105,229373,76,229610
12863,0.009634,172.31.40.0-255,66,229439,76,229610
12864,0.009675,172.31.40.0-255,105,229544,76,229610
12865,0.011728,74.125.24.0-255,66,229610,76,229610
12866,0.0,74.125.200.0-255,156,156,76,272688
12867,2.2e-05,172.31.40.0-255,66,222,76,272688
12868,2.9e-05,74.125.200.0-255,1484,1706,76,272688
12869,3.2e-05,172.31.40.0-255,66,1772,76,272688
12870,3.8e-05,74.125.200.0-255,2902,4674,76,272688
12871,4.1e-05,172.31.40.0-255,66,4740,76,272688
12872,4.6e-05,74.125.200.0-255,4320,9060,76,272688
12873,4.9e-05,172.31.40.0-255,66,9126,76,272688
12874,6.4e-05,74.125.200.0-255,1484,10610,76,272688
12875,6.6e-05,172.31.40.0-255,66,10676,76,272688
12876,8.8e-05,172.31.40.0-255,66,10742,76,272688
12877,9.3e-05,74.125.200.0-255,4320,15062,76,272688
12878,9.5e-05,172.31.40.0-255,66,15128,76,272688
12879,0.000147,74.125.200.0-255,2902,18030,76,272688
12880,0.00015,172.31.40.0-255,66,18096,76,272688
12881,0.000168,74.125.200.0-255,5379,23475,76,272688
12882,0.00017,172.31.40.0-255,66,23541,76,272688
12883,0.000292,74.125.200.0-255,1484,25025,76,272688
12884,0.000296,172.31.40.0-255,66,25091,76,272688
12885,0.000336,74.125.200.0-255,1484,26575,76,272688
12886,0.000338,172.31.40.0-255,66,26641,76,272688
12887,0.000341,74.125.200.0-255,1484,28125,76,272688
12888,0.000344,172.31.40.0-255,66,28191,76,272688
12889,0.000356,74.125.200.0-255,1484,29675,76,272688
12890,0.000358,172.31.40.0-255,66,29741,76,272688
12891,0.000373,74.125.200.0-255,5738,35479,76,272688
12892,0.000375,172.31.40.0-255,66,35545,76,272688
12893,0.00038,74.125.200.0-255,2902,38447,76,272688
12894,0.000381,172.31.40.0-255,66,38513,76,272688
12895,0.000406,74.125.200.0-255,4320,42833,76,272688
12896,0.000409,172.31.40.0-255,66,42899,76,272688
12897,0.000416,74.125.200.0-255,7156,50055,76,272688
12898,0.000418,172.31.40.0-255,66,50121,76,272688
12899,0.000432,74.125.200.0-255,1484,51605,76,272688
12900,0.000438,74.125.200.0-255,4320,55925,76,272688
12901,0.00044,172.31.40.0-255,66,55991,76,272688
12902,0.000461,74.125.200.0-255,2184,58175,76,272688
12903,0.000464,172.31.40.0-255,66,58241,76,272688
12904,0.000466,74.125.200.0-255,356,58597,76,272688
12905,0.0005,74.125.200.0-255,132,58729,76,272688
12906,0.000555,74.125.200.0-255,1484,60213,76,272688
12907,0.000558,172.31.40.0-255,66,60279,76,272688
12908,0.000572,74.125.200.0-255,2902,63181,76,272688
12909,0.000574,172.31.40.0-255,66,63247,76,272688
12910,0.000577,74.125.200.0-255,1484,64731,76,272688
12911,0.000595,74.125.200.0-255,1484,66215,76,272688
12912,0.000597,172.31.40.0-255,66,66281,76,272688
12913,0.000616,74.125.200.0-255,1484,67765,76,272688
12914,0.000622,74.125.200.0-255,5738,73503,76,272688
12915,0.000625,172.31.40.0-255,66,73569,76,272688
12916,0.000628,74.125.200.0-255,1484,75053,76,272688
12917,0.000645,74.125.200.0-255,4320,79373,76,272688
12918,0.000648,172.31.40.0-255,66,79439,76,272688
12919,0.00065,74.125.200.0-255,1484,80923,76,272688
12920,0.000673,74.125.200.0-255,5738,86661,76,272688
12921,0.000675,172.31.40.0-255,66,86727,76,272688
12922,0.000697,74.125.200.0-255,6723,93450,76,272688
12923,0.0007,172.31.40.0-255,66,93516,76,272688
12924,0.000872,74.125.200.0-255,1484,95000,76,272688
12925,0.000905,74.125.200.0-255,1484,96484,76,272688
12926,0.000907,172.31.40.0-255,66,96550,76,272688
12927,0.000926,74.125.200.0-255,1484,98034,76,272688
12928,0.000932,74.125.200.0-255,4320,102354,76,272688
12929,0.000933,172.31.40.0-255,66,102420,76,272688
12930,0.000943,172.31.40.0-255,66,102486,76,272688
12931,0.000948,74.125.200.0-255,5738,108224,76,272688
12932,0.00095,172.31.40.0-255,66,108290,76,272688
12933,0.000967,74.125.200.0-255,2902,111192,76,272688
12934,0.000969,172.31.40.0-255,66,111258,76,272688
12935,0.000993,74.125.200.0-255,5738,116996,76,272688
12936,0.000996,172.31.40.0-255,66,117062,76,272688
12937,0.001013,74.125.200.0-255,2184,119246,76,272688
12938,0.001015,172.31.40.0-255,66,119312,76,272688
12939,0.001489,74.125.200.0-255,1484,120796,76,272688
12940,0.001511,74.125.200.0-255,2902,123698,76,272688
12941,0.001514,172.31.40.0-255,66,123764,76,272688
12942,0.001534,74.125.200.0-255,5738,129502,76,272688
12943,0.001536,172.31.40.0-255,66,129568,76,272688
12944,0.001556,74.125.200.0-255,1484,131052,76,272688
12945,0.001588,74.125.200.0-255,2902,133954,76,272688
12946,0.001591,172.31.40.0-255,66,134020,76,272688
12947,0.001604,74.125.200.0-255,1484,135504,76,272688
12948,0.001625,74.125.200.0-255,2902,138406,76,272688
12949,0.001628,172.31.40.0-255,66,138472,76,272688
12950,0.001631,74.125.200.0-255,1484,139956,76,272688
12951,0.001649,74.125.200.0-255,4320,144276,76,272688
12952,0.001651,172.31.40.0-255,66,144342,76,272688
12953,0.001654,74.125.200.0-255,1484,145826,76,272688
12954,0.001671,74.125.200.0-255,2902,148728,76,272688
12955,0.001673,172.31.40.0-255,66,148794,76,272688
12956,0.001676,74.125.200.0-255,1484,150278,76,272688
12957,0.001696,74.125.200.0-255,3602,153880,76,272688
12958,0.001698,172.31.40.0-255,66,153946,76,272688
12959,0.001945,74.125.200.0-255,1484,155430,76,272688
12960,0.001952,74.125.200.0-255,1484,156914,76,272688
12961,0.001955,172.31.40.0-255,66,156980,76,272688
12962,0.001972,74.125.200.0-255,1484,158464,76,272688
12963,0.001975,74.125.200.0-255,1484,159948,76,272688
12964,0.001977,172.31.40.0-255,66,160014,76,272688
12965,0.001992,74.125.200.0-255,2902,162916,76,272688
12966,0.001995,172.31.40.0-255,66,162982,76,272688
12967,0.001998,74.125.200.0-255,1484,164466,76,272688
12968,0.002022,74.125.200.0-255,4320,168786,76,272688
12969,0.002024,172.31.40.0-255,66,168852,76,272688
12970,0.00203,74.125.200.0-255,4320,173172,76,272688
12971,0.002032,172.31.40.0-255,66,173238,76,272688
12972,0.002045,74.125.200.0-255,1484,174722,76,272688
12973,0.00206,74.125.200.0-255,2902,177624,76,272688
12974,0.002062,172.31.40.0-255,66,177690,76,272688
12975,0.00208,74.125.200.0-255,1484,179174,76,272688
12976,0.002087,74.125.200.0-255,4320,183494,76,272688
12977,0.002089,172.31.40.0-255,66,183560,76,272688
12978,0.002105,74.125.200.0-255,1484,185044,76,272688
12979,0.002111,74.125.200.0-255,3602,188646,76,272688
12980,0.002113,172.31.40.0-255,66,188712,76,272688
12981,0.002125,74.125.200.0-255,1484,190196,76,272688
12982,0.002143,74.125.200.0-255,2902,193098,76,272688
12983,0.002145,172.31.40.0-255,66,193164,76,272688
12984,0.002166,74.125.200.0-255,4320,197484,76,272688
12985,0.002168,172.31.40.0-255,66,197550,76,272688
12986,0.002189,74.125.200.0-255,4320,201870,76,272688
12987,0.002191,172.31.40.0-255,66,201936,76,272688
12988,0.002194,74.125.200.0-255,1484,203420,76,272688
12989,0.002217,172.31.40.0-255,66,203486,76,272688
12990,0.002228,172.31.40.0-255,66,203552,76,272688
12991,0.002269,74.125.200.0-255,1484,205036,76,272688
12992,0.002284,74.125.200.0-255,2184,207220,76,272688
12993,0.002287,172.31.40.0-255,66,207286,76,272688
12994,0.002305,74.125.200.0-255,1484,208770,76,272688
12995,0.00232,74.125.200.0-255,2902,211672,76,272688
12996,0.002322,172.31.40.0-255,66,211738,76,272688
12997,0.002328,74.125.200.0-255,4320,216058,76,272688
12998,0.00233,172.31.40.0-255,66,216124,76,272688
12999,0.002339,74.125.200.0-255,2902,219026,76,272688
13000,0.002341,172.31.40.0-255,66,219092,76,272688
13001,0.002372,74.125.200.0-255,2902,221994,76,272688
13002,0.002375,172.31.40.0-255,66,222060,76,272688
13003,0.002387,172.31.40.0-255,66,222126,76,272688
13004,0.002392,74.125.200.0-255,4320,226446,76,272688
13005,0.002394,172.31.40.0-255,66,226512,76,272688
13006,0.00242,74.125.200.0-255,2184,228696,76,272688
13007,0.002423,172.31.40.0-255,66,228762,76,272688
13008,0.002441,74.125.200.0-255,1484,230246,76,272688
13009,0.002458,74.125.200.0-255,1484,231730,76,272688
13010,0.002461,172.31.40.0-255,66,231796,76,272688
13011,0.004842,74.125.200.0-255,2902,234698,76,272688
13012,0.004849,172.31.40.0-255,66,234764,76,272688
13013,0.004875,74.125.200.0-255,2902,237666,76,272688
13014,0.004877,172.31.40.0-255,66,237732,76,272688
13015,0.007275,74.125.200.0-255,2902,240634,76,272688
13016,0.00728,172.31.40.0-255,66,240700,76,272688
13017,0.007299,74.125.200.0-255,2902,243602,76,272688
13018,0.007302,172.31.40.0-255,66,243668,76,272688
13019,0.009743,74.125.200.0-255,5738,249406,76,272688
13020,0.009749,172.31.40.0-255,66,249472,76,272688
13021,0.012182,74.125.200.0-255,5738,255210,76,272688
13022,0.012191,172.31.40.0-255,66,255276,76,272688
13023,0.014646,74.125.200.0-255,5738,261014,76,272688
13024,0.014655,172.31.40.0-255,66,261080,76,272688
13025,0.017087,74.125.200.0-255,5738,266818,76,272688
13026,0.017095,172.31.40.0-255,66,266884,76,272688
13027,0.019522,74.125.200.0-255,5738,272622,76,272688
13028,0.019529,172.31.40.0-255,66,272688,76,272688
13029,0.0,74.125.68.0-255,146,146,76,180892
13030,2.4e-05,172.31.40.0-255,66,212,76,180892
13031,3.1e-05,74.125.68.0-255,1484,1696,76,180892
13032,3.5e-05,172.31.40.0-255,66,1762,76,180892
13033,3.8e-05,74.125.68.0-255,1484,3246,76,180892
13034,4.1e-05,172.31.40.0-255,66,3312,76,180892
13035,4.8e-05,74.125.68.0-255,2902,6214,76,180892
13036,5.1e-05,172.31.40.0-255,66,6280,76,180892
13037,5.7e-05,74.125.68.0-255,5738,12018,76,180892
13038,6.1e-05,172.31.40.0-255,66,12084,76,180892
13039,8.7e-05,74.125.68.0-255,2127,14211,76,180892
13040,9e-05,172.31.40.0-255,66,14277,76,180892
13041,0.000154,74.125.68.0-255,1484,15761,76,180892
13042,0.000157,172.31.40.0-255,66,15827,76,180892
13043,0.000177,74.125.68.0-255,1484,17311,76,180892
13044,0.00018,172.31.40.0-255,66,17377,76,180892
13045,0.000207,74.125.68.0-255,1484,18861,76,180892
13046,0.00021,172.31.40.0-255,66,18927,76,180892
13047,0.000222,74.125.68.0-255,1484,20411,76,180892
13048,0.000225,172.31.40.0-255,66,20477,76,180892
13049,0.000232,74.125.68.0-255,5738,26215,76,180892
13050,0.000234,172.31.40.0-255,66,26281,76,180892
13051,0.000237,74.125.68.0-255,1484,27765,76,180892
13052,0.000239,172.31.40.0-255,66,27831,76,180892
13053,0.000276,74.125.68.0-255,3961,31792,76,180892
13054,0.00028,172.31.40.0-255,66,31858,76,180892
13055,0.000402,74.125.68.0-255,1484,33342,76,180892
13056,0.000407,172.31.40.0-255,66,33408,76,180892
13057,0.000411,74.125.68.0-255,1484,34892,76,180892
13058,0.000413,172.31.40.0-255,66,34958,76,180892
13059,0.00043,74.125.68.0-255,1484,36442,76,180892
13060,0.000433,172.31.40.0-255,66,36508,76,180892
13061,0.00044,74.125.68.0-255,5738,42246,76,180892
13062,0.000442,172.31.40.0-255,66,42312,76,180892
13063,0.000449,74.125.68.0-255,6797,49109,76,180892
13064,0.000451,172.31.40.0-255,66,49175,76,180892
13065,0.000479,74.125.68.0-255,5738,54913,76,180892
13066,0.000482,172.31.40.0-255,66,54979,76,180892
13067,0.000498,74.125.68.0-255,1484,56463,76,180892
13068,0.0005,172.31.40.0-255,66,56529,76,180892
13069,0.000506,74.125.68.0-255,4320,60849,76,180892
13070,0.000508,172.31.40.0-255,66,60915,76,180892
13071,0.000534,74.125.68.0-255,4320,65235,76,180892
13072,0.000537,172.31.40.0-255,66,65301,76,180892
13073,0.00054,74.125.68.0-255,1438,66739,76,180892
13074,0.000542,172.31.40.0-255,66,66805,76,180892
13075,0.000628,74.125.68.0-255,109,66914,76,180892
13076,0.000633,172.31.40.0-255,66,66980,76,180892
13077,0.000778,74.125.68.0-255,330,67310,76,180892
13078,0.000782,172.31.40.0-255,66,67376,76,180892
13079,0.000922,74.125.68.0-255,1484,68860,76,180892
13080,0.000926,172.31.40.0-255,66,68926,76,180892
13081,0.000931,74.125.68.0-255,2902,71828,76,180892
13082,0.000933,172.31.40.0-255,66,71894,76,180892
13083,0.000951,74.125.68.0-255,4320,76214,76,180892
13084,0.000954,172.31.40.0-255,66,76280,76,180892
13085,0.000978,74.125.68.0-255,1484,77764,76,180892
13086,0.000981,172.31.40.0-255,66,77830,76,180892
13087,0.000996,74.125.68.0-255,5738,83568,76,180892
13088,0.000999,172.31.40.0-255,66,83634,76,180892
13089,0.001014,74.125.68.0-255,2902,86536,76,180892
13090,0.001016,172.31.40.0-255,66,86602,76,180892
13091,0.001041,74.125.68.0-255,5738,92340,76,180892
13092,0.001044,172.31.40.0-255,66,92406,76,180892
13093,0.001047,74.125.68.0-255,1484,93890,76,180892
13094,0.001049,172.31.40.0-255,66,93956,76,180892
13095,0.00109,172.31.40.0-255,66,94022,76,180892
13096,0.001156,74.125.68.0-255,1484,95506,76,180892
13097,0.001159,172.31.40.0-255,66,95572,76,180892
13098,0.001164,74.125.68.0-255,2902,98474,76,180892
13099,0.001166,172.31.40.0-255,66,98540,76,180892
13100,0.001179,74.125.68.0-255,2902,101442,76,180892
13101,0.001181,172.31.40.0-255,66,101508,76,180892
13102,0.001186,74.125.68.0-255,4320,105828,76,180892
13103,0.001189,172.31.40.0-255,66,105894,76,180892
13104,0.001226,74.125.68.0-255,7156,113050,76,180892
13105,0.00123,172.31.40.0-255,66,113116,76,180892
13106,0.001249,74.125.68.0-255,1484,114600,76,180892
13107,0.001251,172.31.40.0-255,66,114666,76,180892
13108,0.001256,74.125.68.0-255,2902,117568,76,180892
13109,0.001258,172.31.40.0-255,66,117634,76,180892
13110,0.00129,74.125.68.0-255,4320,121954,76,180892
13111,0.001294,172.31.40.0-255,66,122020,76,180892
13112,0.001318,74.125.68.0-255,6438,128458,76,180892
13113,0.001322,172.31.40.0-255,66,128524,76,180892
13114,0.003326,74.125.68.0-255,5738,134262,76,180892
13115,0.003332,172.31.40.0-255,66,134328,76,180892
13116,0.005335,74.125.68.0-255,4320,138648,76,180892
13117,0.005339,172.31.40.0-255,66,138714,76,180892
13118,0.005359,74.125.68.0-255,1484,140198,76,180892
13119,0.005361,172.31.40.0-255,66,140264,76,180892
13120,0.007353,74.125.68.0-255,5738,146002,76,180892
13121,0.00736,172.31.40.0-255,66,146068,76,180892
13122,0.009355,74.125.68.0-255,5738,151806,76,180892
13123,0.009362,172.31.40.0-255,66,151872,76,180892
13124,0.01136,74.125.68.0-255,5738,157610,76,180892
13125,0.011367,172.31.40.0-255,66,157676,76,180892
13126,0.013383,74.125.68.0-255,5738,163414,76,180892
13127,0.01339,172.31.40.0-255,66,163480,76,180892
13128,0.015382,74.125.68.0-255,5738,169218,76,180892
13129,0.015388,172.31.40.0-255,66,169284,76,180892
13130,0.01739,74.125.68.0-255,5738,175022,76,180892
13131,0.017398,172.31.40.0-255,66,175088,76,180892
13132,0.019393,74.125.68.0-255,5738,180826,76,180892
13133,0.019401,172.31.40.0-255,66,180892,76,180892
13134,0.0,172.217.194.0-255,152,152,76,221620
13135,2.1e-05,172.31.40.0-255,66,218,76,221620
13136,2.7e-05,172.217.194.0-255,1484,1702,76,221620
13137,3.1e-05,172.31.40.0-255,66,1768,76,221620
13138,3.7e-05,172.217.194.0-255,2902,4670,76,221620
13139,4e-05,172.31.40.0-255,66,4736,76,221620
13140,5.8e-05,172.217.194.0-255,4320,9056,76,221620
13141,6.1e-05,172.31.40.0-255,66,9122,76,221620
13142,7.1e-05,172.217.194.0-255,1484,10606,76,221620
13143,7.3e-05,172.31.40.0-255,66,10672,76,221620
13144,8.8e-05,172.31.40.0-255,66,10738,76,221620
13145,0.000117,172.217.194.0-255,6797,17535,76,221620
13146,0.00012,172.31.40.0-255,66,17601,76,221620
13147,0.000385,172.217.194.0-255,1484,19085,76,221620
13148,0.000391,172.31.40.0-255,66,19151,76,221620
13149,0.000395,172.217.194.0-255,1484,20635,76,221620
13150,0.000397,172.31.40.0-255,66,20701,76,221620
13151,0.000412,172.217.194.0-255,1484,22185,76,221620
13152,0.000414,172.31.40.0-255,66,22251,76,221620
13153,0.000435,172.217.194.0-255,4320,26571,76,221620
13154,0.000438,172.31.40.0-255,66,26637,76,221620
13155,0.000455,172.217.194.0-255,1484,28121,76,221620
13156,0.000457,172.31.40.0-255,66,28187,76,221620
13157,0.000469,172.31.40.0-255,66,28253,76,221620
13158,0.000472,172.217.194.0-255,1484,29737,76,221620
13159,0.000474,172.31.40.0-255,66,29803,76,221620
13160,0.000506,172.31.40.0-255,66,29869,76,221620
13161,0.000509,172.217.194.0-255,646,30515,76,221620
13162,0.00051,172.31.40.0-255,66,30581,76,221620
13163,0.000597,172.217.194.0-255,1484,32065,76,221620
13164,0.000609,172.217.194.0-255,2902,34967,76,221620
13165,0.000612,172.31.40.0-255,66,35033,76,221620
13166,0.00063,172.217.194.0-255,1484,36517,76,221620
13167,0.000643,172.217.194.0-255,2902,39419,76,221620
13168,0.000646,172.31.40.0-255,66,39485,76,221620
13169,0.00066,172.217.194.0-255,1484,40969,76,221620
13170,0.000664,172.217.194.0-255,2902,43871,76,221620
13171,0.000667,172.31.40.0-255,66,43937,76,221620
13172,0.000692,172.217.194.0-255,7156,51093,76,221620
13173,0.000695,172.31.40.0-255,66,51159,76,221620
13174,0.000718,172.217.194.0-255,4320,55479,76,221620
13175,0.000721,172.31.40.0-255,66,55545,76,221620
13176,0.00075,172.31.40.0-255,66,55611,76,221620
13177,0.000877,172.217.194.0-255,1484,57095,76,221620
13178,0.000893,172.217.194.0-255,2902,59997,76,221620
13179,0.000896,172.31.40.0-255,66,60063,76,221620
13180,0.0009,172.217.194.0-255,2902,62965,76,221620
13181,0.000902,172.31.40.0-255,66,63031,76,221620
13182,0.00092,172.217.194.0-255,2902,65933,76,221620
13183,0.000922,172.31.40.0-255,66,65999,76,221620
13184,0.000927,172.217.194.0-255,5738,71737,76,221620
13185,0.000929,172.31.40.0-255,66,71803,76,221620
13186,0.00095,172.217.194.0-255,7156,78959,76,221620
13187,0.000952,172.31.40.0-255,66,79025,76,221620
13188,0.000975,172.217.194.0-255,2902,81927,76,221620
13189,0.000978,172.31.40.0-255,66,81993,76,221620
13190,0.001008,172.31.40.0-255,66,82059,76,221620
13191,0.001153,172.217.194.0-255,1484,83543,76,221620
13192,0.001167,172.217.194.0-255,2902,86445,76,221620
13193,0.00117,172.31.40.0-255,66,86511,76,221620
13194,0.001199,172.217.194.0-255,4320,90831,76,221620
13195,0.001201,172.31.40.0-255,66,90897,76,221620
13196,0.001221,172.217.194.0-255,1484,92381,76,221620
13197,0.001234,172.31.40.0-255,66,92447,76,221620
13198,0.001239,172.217.194.0-255,4320,96767,76,221620
13199,0.00124,172.31.40.0-255,66,96833,76,221620
13200,0.001257,172.217.194.0-255,5738,102571,76,221620
13201,0.00126,172.31.40.0-255,66,102637,76,221620
13202,0.001273,172.217.194.0-255,766,103403,76,221620
13203,0.001286,172.31.40.0-255,66,103469,76,221620
13204,0.001293,172.217.194.0-255,7156,110625,76,221620
13205,0.001295,172.31.40.0-255,66,110691,76,221620
13206,0.001335,172.217.194.0-255,5738,116429,76,221620
13207,0.001338,172.31.40.0-255,66,116495,76,221620
13208,0.00138,172.31.40.0-255,66,116561,76,221620
13209,0.001388,172.217.194.0-255,1484,118045,76,221620
13210,0.0014,172.217.194.0-255,2902,120947,76,221620
13211,0.001406,172.31.40.0-255,66,121013,76,221620
13212,0.001414,172.217.194.0-255,2902,123915,76,221620
13213,0.001418,172.31.40.0-255,66,123981,76,221620
13214,0.001426,172.217.194.0-255,2902,126883,76,221620
13215,0.001444,172.31.40.0-255,66,126949,76,221620
13216,0.001475,172.31.40.0-255,66,127015,76,221620
13217,0.001487,172.217.194.0-255,1484,128499,76,221620
13218,0.001516,172.217.194.0-255,2184,130683,76,221620
13219,0.001525,172.31.40.0-255,66,130749,76,221620
13220,0.001544,172.217.194.0-255,1484,132233,76,221620
13221,0.001561,172.217.194.0-255,1484,133717,76,221620
13222,0.001566,172.31.40.0-255,66,133783,76,221620
13223,0.001576,172.217.194.0-255,1484,135267,76,221620
13224,0.001594,172.217.194.0-255,4320,139587,76,221620
13225,0.001596,172.31.40.0-255,66,139653,76,221620
13226,0.0016,172.217.194.0-255,4320,143973,76,221620
13227,0.001611,172.31.40.0-255,66,144039,76,221620
13228,0.001626,172.217.194.0-255,4320,148359,76,221620
13229,0.001643,172.31.40.0-255,66,148425,76,221620
13230,0.001656,172.217.194.0-255,2902,151327,76,221620
13231,0.001668,172.31.40.0-255,66,151393,76,221620
13232,0.001689,172.31.40.0-255,66,151459,76,221620
13233,0.001797,172.217.194.0-255,1484,152943,76,221620
13234,0.00181,172.217.194.0-255,2902,155845,76,221620
13235,0.001817,172.31.40.0-255,66,155911,76,221620
13236,0.001825,172.217.194.0-255,2902,158813,76,221620
13237,0.001829,172.31.40.0-255,66,158879,76,221620
13238,0.001841,172.217.194.0-255,2902,161781,76,221620
13239,0.001849,172.31.40.0-255,66,161847,76,221620
13240,0.001867,172.217.194.0-255,4320,166167,76,221620
13241,0.001876,172.31.40.0-255,66,166233,76,221620
13242,0.001883,172.217.194.0-255,2902,169135,76,221620
13243,0.001897,172.31.40.0-255,66,169201,76,221620
13244,0.001907,172.217.194.0-255,2902,172103,76,221620
13245,0.00192,172.217.194.0-255,5738,177841,76,221620
13246,0.001925,172.31.40.0-255,66,177907,76,221620
13247,0.001934,172.217.194.0-255,5738,183645,76,221620
13248,0.001938,172.31.40.0-255,66,183711,76,221620
13249,0.001947,172.217.194.0-255,2902,186613,76,221620
13250,0.001962,172.217.194.0-255,7156,193769,76,221620
13251,0.001971,172.31.40.0-255,66,193835,76,221620
13252,0.001976,172.217.194.0-255,3602,197437,76,221620
13253,0.00198,172.31.40.0-255,66,197503,76,221620
13254,0.001987,172.217.194.0-255,1484,198987,76,221620
13255,0.001997,172.217.194.0-255,1484,200471,76,221620
13256,0.002009,172.31.40.0-255,66,200537,76,221620
13257,0.002053,172.31.40.0-255,66,200603,76,221620
13258,0.002082,172.217.194.0-255,5738,206341,76,221620
13259,0.002091,172.31.40.0-255,66,206407,76,221620
13260,0.002098,172.217.194.0-255,2902,209309,76,221620
13261,0.002102,172.217.194.0-255,2902,212211,76,221620
13262,0.002106,172.31.40.0-255,66,212277,76,221620
13263,0.002142,172.217.194.0-255,1484,213761,76,221620
13264,0.002174,172.31.40.0-255,66,213827,76,221620
13265,0.002201,172.217.194.0-255,1484,215311,76,221620
13266,0.002215,172.217.194.0-255,5738,221049,76,221620
13267,0.002223,172.31.40.0-255,66,221115,76,221620
13268,0.002253,172.217.194.0-255,97,221212,76,221620
13269,0.007076,172.31.40.0-255,66,221278,76,221620
13270,0.009327,172.217.194.0-255,105,221383,76,221620
13271,0.010519,172.31.40.0-255,66,221449,76,221620
13272,0.010557,172.31.40.0-255,105,221554,76,221620
13273,0.012814,172.217.194.0-255,66,221620,76,221620
13274,0.0,74.125.68.0-255,153,153,76,382009
13275,2.3e-05,172.31.40.0-255,66,219,76,382009
13276,3.1e-05,74.125.68.0-255,1484,1703,76,382009
13277,3.6e-05,172.31.40.0-255,66,1769,76,382009
13278,4.9e-05,74.125.68.0-255,2902,4671,76,382009
13279,5.3e-05,172.31.40.0-255,66,4737,76,382009
13280,6.1e-05,74.125.68.0-255,7156,11893,76,382009
13281,6.5e-05,172.31.40.0-255,66,11959,76,382009
13282,6.9e-05,74.125.68.0-255,2089,14048,76,382009
13283,7.2e-05,172.31.40.0-255,66,14114,76,382009
13284,7.7e-05,74.125.68.0-255,2902,17016,76,382009
13285,7.9e-05,172.31.40.0-255,66,17082,76,382009
13286,0.00012,74.125.68.0-255,7156,24238,76,382009
13287,0.000123,172.31.40.0-255,66,24304,76,382009
13288,0.000128,74.125.68.0-255,2902,27206,76,382009
13289,0.00013,172.31.40.0-255,66,27272,76,382009
13290,0.000136,74.125.68.0-255,3961,31233,76,382009
13291,0.000143,172.31.40.0-255,66,31299,76,382009
13292,0.000299,74.125.68.0-255,1484,32783,76,382009
13293,0.000303,172.31.40.0-255,66,32849,76,382009
13294,0.000335,74.125.68.0-255,2902,35751,76,382009
13295,0.000338,172.31.40.0-255,66,35817,76,382009
13296,0.000342,74.125.68.0-255,2902,38719,76,382009
13297,0.000345,172.31.40.0-255,66,38785,76,382009
13298,0.000351,74.125.68.0-255,4320,43105,76,382009
13299,0.000353,172.31.40.0-255,66,43171,76,382009
13300,0.00037,172.31.40.0-255,66,43237,76,382009
13301,0.000375,74.125.68.0-255,4320,47557,76,382009
13302,0.000377,172.31.40.0-255,66,47623,76,382009
13303,0.000405,74.125.68.0-255,1484,49107,76,382009
13304,0.000408,172.31.40.0-255,66,49173,76,382009
13305,0.000417,74.125.68.0-255,7156,56329,76,382009
13306,0.000425,74.125.68.0-255,766,57095,76,382009
13307,0.00045,74.125.68.0-255,645,57740,76,382009
13308,0.000523,172.31.40.0-255,66,57806,76,382009
13309,0.000893,74.125.68.0-255,1484,59290,76,382009
13310,0.000899,74.125.68.0-255,2902,62192,76,382009
13311,0.000903,172.31.40.0-255,66,62258,76,382009
13312,0.000933,74.125.68.0-255,5738,67996,76,382009
13313,0.000937,74.125.68.0-255,2902,70898,76,382009
13314,0.000941,74.125.68.0-255,4320,75218,76,382009
13315,0.000953,172.31.40.0-255,66,75284,76,382009
13316,0.00096,74.125.68.0-255,1484,76768,76,382009
13317,0.000982,74.125.68.0-255,7156,83924,76,382009
13318,0.000985,74.125.68.0-255,1484,85408,76,382009
13319,0.000999,74.125.68.0-255,1484,86892,76,382009
13320,0.001004,74.125.68.0-255,4320,91212,76,382009
13321,0.001012,172.31.40.0-255,66,91278,76,382009
13322,0.001024,74.125.68.0-255,766,92044,76,382009
13323,0.001402,172.31.40.0-255,66,92110,76,382009
13324,0.00162,74.125.68.0-255,1484,93594,76,382009
13325,0.001629,74.125.68.0-255,1484,95078,76,382009
13326,0.001647,74.125.68.0-255,1484,96562,76,382009
13327,0.001653,74.125.68.0-255,4320,100882,76,382009
13328,0.001675,74.125.68.0-255,2902,103784,76,382009
13329,0.001699,74.125.68.0-255,5738,109522,76,382009
13330,0.001704,74.125.68.0-255,4320,113842,76,382009
13331,0.001707,74.125.68.0-255,1484,115326,76,382009
13332,0.001726,74.125.68.0-255,4320,119646,76,382009
13333,0.001743,74.125.68.0-255,4320,123966,76,382009
13334,0.00176,74.125.68.0-255,2184,126150,76,382009
13335,0.002052,74.125.68.0-255,1484,127634,76,382009
13336,0.002088,74.125.68.0-255,2902,130536,76,382009
13337,0.002154,74.125.68.0-255,1484,132020,76,382009
13338,0.002222,74.125.68.0-255,1484,133504,76,382009
13339,0.002241,74.125.68.0-255,1484,134988,76,382009
13340,0.002255,74.125.68.0-255,2902,137890,76,382009
13341,0.002284,74.125.68.0-255,5738,143628,76,382009
13342,0.002305,74.125.68.0-255,7156,150784,76,382009
13343,0.002359,74.125.68.0-255,766,151550,76,382009
13344,0.002672,74.125.68.0-255,1484,153034,76,382009
13345,0.002686,74.125.68.0-255,2902,155936,76,382009
13346,0.002702,74.125.68.0-255,1484,157420,76,382009
13347,0.002718,74.125.68.0-255,1484,158904,76,382009
13348,0.002722,74.125.68.0-255,2902,161806,76,382009
13349,0.002739,74.125.68.0-255,4320,166126,76,382009
13350,0.002761,74.125.68.0-255,5738,171864,76,382009
13351,0.002765,74.125.68.0-255,2902,174766,76,382009
13352,0.002807,74.125.68.0-255,4320,179086,76,382009
13353,0.002822,74.125.68.0-255,4320,183406,76,382009
13354,0.002825,74.125.68.0-255,1484,184890,76,382009
13355,0.002828,74.125.68.0-255,766,185656,76,382009
13356,0.002863,74.125.68.0-255,2902,188558,76,382009
13357,0.002878,74.125.68.0-255,4320,192878,76,382009
13358,0.002907,74.125.68.0-255,2902,195780,76,382009
13359,0.002924,74.125.68.0-255,2902,198682,76,382009
13360,0.002927,74.125.68.0-255,1484,200166,76,382009
13361,0.002956,74.125.68.0-255,5738,205904,76,382009
13362,0.002962,74.125.68.0-255,4320,210224,76,382009
13363,0.002991,74.125.68.0-255,5738,215962,76,382009
13364,0.003014,74.125.68.0-255,3602,219564,76,382009
13365,0.003054,74.125.68.0-255,1484,221048,76,382009
13366,0.003069,74.125.68.0-255,1484,222532,76,382009
13367,0.003088,74.125.68.0-255,1484,224016,76,382009
13368,0.003091,74.125.68.0-255,1484,225500,76,382009
13369,0.003093,74.125.68.0-255,1484,226984,76,382009
13370,0.00311,74.125.68.0-255,5738,232722,76,382009
13371,0.003166,74.125.68.0-255,5738,238460,76,382009
13372,0.003186,74.125.68.0-255,4320,242780,76,382009
13373,0.003201,74.125.68.0-255,2184,244964,76,382009
13374,0.003204,74.125.68.0-255,1484,246448,76,382009
13375,0.003218,74.125.68.0-255,2902,249350,76,382009
13376,0.003236,74.125.68.0-255,2902,252252,76,382009
13377,0.003256,74.125.68.0-255,2902,255154,76,382009
13378,0.003271,74.125.68.0-255,4320,259474,76,382009
13379,0.003281,74.125.68.0-255,1484,260958,76,382009
13380,0.003302,74.125.68.0-255,4320,265278,76,382009
13381,0.00332,74.125.68.0-255,2902,268180,76,382009
13382,0.003323,74.125.68.0-255,1484,269664,76,382009
13383,0.003327,74.125.68.0-255,2902,272566,76,382009
13384,0.00334,74.125.68.0-255,2902,275468,76,382009
13385,0.003352,74.125.68.0-255,2902,278370,76,382009
13386,0.003355,74.125.68.0-255,766,279136,76,382009
13387,0.003383,74.125.68.0-255,1484,280620,76,382009
13388,0.003413,74.125.68.0-255,1484,282104,76,382009
13389,0.003432,74.125.68.0-255,2902,285006,76,382009
13390,0.003435,74.125.68.0-255,1484,286490,76,382009
13391,0.003454,74.125.68.0-255,4320,290810,76,382009
13392,0.003458,74.125.68.0-255,2902,293712,76,382009
13393,0.003472,74.125.68.0-255,4320,298032,76,382009
13394,0.003479,74.125.68.0-255,7156,305188,76,382009
13395,0.003501,74.125.68.0-255,5738,310926,76,382009
13396,0.003505,74.125.68.0-255,2184,313110,76,382009
13397,0.003843,74.125.68.0-255,1484,314594,76,382009
13398,0.003889,74.125.68.0-255,1484,316078,76,382009
13399,0.003904,74.125.68.0-255,1484,317562,76,382009
13400,0.003907,74.125.68.0-255,1484,319046,76,382009
13401,0.003911,74.125.68.0-255,2902,321948,76,382009
13402,0.003918,74.125.68.0-255,5738,327686,76,382009
13403,0.003922,74.125.68.0-255,2902,330588,76,382009
13404,0.003946,74.125.68.0-255,7156,337744,76,382009
13405,0.00397,74.125.68.0-255,1484,339228,76,382009
13406,0.004088,74.125.68.0-255,1484,340712,76,382009
13407,0.004103,74.125.68.0-255,2902,343614,76,382009
13408,0.004132,74.125.68.0-255,4320,347934,76,382009
13409,0.004151,74.125.68.0-255,4320,352254,76,382009
13410,0.004167,74.125.68.0-255,1484,353738,76,382009
13411,0.004171,74.125.68.0-255,2902,356640,76,382009
13412,0.004192,74.125.68.0-255,5738,362378,76,382009
13413,0.004197,74.125.68.0-255,2902,365280,76,382009
13414,0.004216,74.125.68.0-255,7156,372436,76,382009
13415,0.00422,74.125.68.0-255,2184,374620,76,382009
13416,0.004233,74.125.68.0-255,2902,377522,76,382009
13417,0.004275,74.125.68.0-255,4145,381667,76,382009
13418,0.004345,74.125.68.0-255,105,381772,76,382009
13419,0.006375,172.31.40.0-255,66,381838,76,382009
13420,0.008756,172.31.40.0-255,105,381943,76,382009
13421,0.011412,74.125.68.0-255,66,382009,76,382009
