,TIME,SRC,PACKET_SIZE,CUMULATIVE_PACKET_SIZE,PAGE_NUMBER,TOTAL_PACKET_SIZE
0,0.0,172.217.194.0-255,150,150,62,103136
1,2.4e-05,172.31.40.0-255,66,216,62,103136
2,3.1e-05,172.217.194.0-255,1484,1700,62,103136
3,3.5e-05,172.31.40.0-255,66,1766,62,103136
4,4.1e-05,172.217.194.0-255,2902,4668,62,103136
5,4.4e-05,172.31.40.0-255,66,4734,62,103136
6,5.1e-05,172.217.194.0-255,5738,10472,62,103136
7,5.4e-05,172.31.40.0-255,66,10538,62,103136
8,9.5e-05,172.31.40.0-255,66,10604,62,103136
9,9.8e-05,172.217.194.0-255,1484,12088,62,103136
10,0.0001,172.31.40.0-255,66,12154,62,103136
11,0.00013,172.217.194.0-255,2902,15056,62,103136
12,0.000132,172.31.40.0-255,66,15122,62,103136
13,0.000173,172.31.40.0-255,66,15188,62,103136
14,0.000179,172.217.194.0-255,5020,20208,62,103136
15,0.000181,172.31.40.0-255,66,20274,62,103136
16,0.001007,172.217.194.0-255,1484,21758,62,103136
17,0.001014,172.31.40.0-255,66,21824,62,103136
18,0.001023,172.217.194.0-255,2902,24726,62,103136
19,0.001025,172.31.40.0-255,66,24792,62,103136
20,0.001033,172.217.194.0-255,5738,30530,62,103136
21,0.001035,172.31.40.0-255,66,30596,62,103136
22,0.00104,172.217.194.0-255,2902,33498,62,103136
23,0.001042,172.31.40.0-255,66,33564,62,103136
24,0.001081,172.217.194.0-255,7156,40720,62,103136
25,0.001084,172.31.40.0-255,66,40786,62,103136
26,0.001099,172.217.194.0-255,2797,43583,62,103136
27,0.001101,172.31.40.0-255,66,43649,62,103136
28,0.001123,172.31.40.0-255,66,43715,62,103136
29,0.001149,172.217.194.0-255,1439,45154,62,103136
30,0.001495,172.217.194.0-255,1484,46638,62,103136
31,0.001503,172.31.40.0-255,66,46704,62,103136
32,0.001509,172.217.194.0-255,2902,49606,62,103136
33,0.001511,172.31.40.0-255,66,49672,62,103136
34,0.001517,172.217.194.0-255,4320,53992,62,103136
35,0.001519,172.31.40.0-255,66,54058,62,103136
36,0.001543,172.217.194.0-255,1484,55542,62,103136
37,0.001565,172.217.194.0-255,4320,59862,62,103136
38,0.001567,172.31.40.0-255,66,59928,62,103136
39,0.001587,172.217.194.0-255,4320,64248,62,103136
40,0.001589,172.31.40.0-255,66,64314,62,103136
41,0.001616,172.31.40.0-255,66,64380,62,103136
42,0.00162,172.217.194.0-255,2902,67282,62,103136
43,0.001623,172.31.40.0-255,66,67348,62,103136
44,0.001658,172.217.194.0-255,2184,69532,62,103136
45,0.00166,172.31.40.0-255,66,69598,62,103136
46,0.004993,172.217.194.0-255,1484,71082,62,103136
47,0.005005,172.217.194.0-255,2902,73984,62,103136
48,0.00501,172.31.40.0-255,66,74050,62,103136
49,0.005015,172.217.194.0-255,1484,75534,62,103136
50,0.007581,172.217.194.0-255,4320,79854,62,103136
51,0.007589,172.31.40.0-255,66,79920,62,103136
52,0.010167,172.217.194.0-255,5738,85658,62,103136
53,0.010183,172.31.40.0-255,66,85724,62,103136
54,0.01278,172.217.194.0-255,5738,91462,62,103136
55,0.012792,172.31.40.0-255,66,91528,62,103136
56,0.015385,172.217.194.0-255,5738,97266,62,103136
57,0.015395,172.31.40.0-255,66,97332,62,103136
58,0.017988,172.217.194.0-255,5738,103070,62,103136
59,0.017998,172.31.40.0-255,66,103136,62,103136
60,0.0,172.217.194.0-255,290,290,62,148452
61,1.8e-05,172.31.40.0-255,66,356,62,148452
62,2.4e-05,172.217.194.0-255,1484,1840,62,148452
63,2.8e-05,172.31.40.0-255,66,1906,62,148452
64,4.3e-05,172.217.194.0-255,4320,6226,62,148452
65,4.7e-05,172.31.40.0-255,66,6292,62,148452
66,5.9e-05,172.31.40.0-255,66,6358,62,148452
67,0.000114,172.31.40.0-255,66,6424,62,148452
68,0.000119,172.217.194.0-255,2543,8967,62,148452
69,0.000121,172.31.40.0-255,66,9033,62,148452
70,0.000793,172.217.194.0-255,1484,10517,62,148452
71,0.000799,172.31.40.0-255,66,10583,62,148452
72,0.000806,172.217.194.0-255,2902,13485,62,148452
73,0.000808,172.31.40.0-255,66,13551,62,148452
74,0.000811,172.217.194.0-255,1484,15035,62,148452
75,0.000813,172.31.40.0-255,66,15101,62,148452
76,0.00084,172.217.194.0-255,4320,19421,62,148452
77,0.000842,172.31.40.0-255,66,19487,62,148452
78,0.000861,172.31.40.0-255,66,19553,62,148452
79,0.000868,172.217.194.0-255,5738,25291,62,148452
80,0.00087,172.31.40.0-255,66,25357,62,148452
81,0.000904,172.217.194.0-255,5020,30377,62,148452
82,0.000908,172.31.40.0-255,66,30443,62,148452
83,0.000944,172.217.194.0-255,646,31089,62,148452
84,0.000948,172.31.40.0-255,66,31155,62,148452
85,0.000981,172.217.194.0-255,1484,32639,62,148452
86,0.000984,172.31.40.0-255,66,32705,62,148452
87,0.000987,172.217.194.0-255,1484,34189,62,148452
88,0.00099,172.31.40.0-255,66,34255,62,148452
89,0.001023,172.217.194.0-255,2902,37157,62,148452
90,0.001026,172.31.40.0-255,66,37223,62,148452
91,0.001034,172.217.194.0-255,7156,44379,62,148452
92,0.001036,172.31.40.0-255,66,44445,62,148452
93,0.00104,172.217.194.0-255,2902,47347,62,148452
94,0.001042,172.31.40.0-255,66,47413,62,148452
95,0.001098,172.31.40.0-255,66,47479,62,148452
96,0.001104,172.217.194.0-255,5020,52499,62,148452
97,0.001107,172.31.40.0-255,66,52565,62,148452
98,0.001266,172.217.194.0-255,1484,54049,62,148452
99,0.001283,172.217.194.0-255,2902,56951,62,148452
100,0.001287,172.31.40.0-255,66,57017,62,148452
101,0.001293,172.217.194.0-255,4320,61337,62,148452
102,0.001295,172.31.40.0-255,66,61403,62,148452
103,0.001329,172.217.194.0-255,1484,62887,62,148452
104,0.001337,172.217.194.0-255,7156,70043,62,148452
105,0.00134,172.31.40.0-255,66,70109,62,148452
106,0.001355,172.31.40.0-255,66,70175,62,148452
107,0.001368,172.217.194.0-255,7156,77331,62,148452
108,0.00137,172.31.40.0-255,66,77397,62,148452
109,0.001408,172.217.194.0-255,5738,83135,62,148452
110,0.001413,172.31.40.0-255,66,83201,62,148452
111,0.001416,172.31.40.0-255,66,83267,62,148452
112,0.001447,172.31.40.0-255,66,83333,62,148452
113,0.001457,172.217.194.0-255,5020,88353,62,148452
114,0.001459,172.31.40.0-255,66,88419,62,148452
115,0.001501,172.217.194.0-255,5738,94157,62,148452
116,0.001504,172.31.40.0-255,66,94223,62,148452
117,0.001541,172.217.194.0-255,4320,98543,62,148452
118,0.001544,172.31.40.0-255,66,98609,62,148452
119,0.001565,172.31.40.0-255,66,98675,62,148452
120,0.001573,172.217.194.0-255,6438,105113,62,148452
121,0.001576,172.31.40.0-255,66,105179,62,148452
122,0.001615,172.217.194.0-255,1484,106663,62,148452
123,0.00162,172.217.194.0-255,2902,109565,62,148452
124,0.001623,172.31.40.0-255,66,109631,62,148452
125,0.001653,172.217.194.0-255,5738,115369,62,148452
126,0.001665,172.31.40.0-255,66,115435,62,148452
127,0.001668,172.31.40.0-255,66,115501,62,148452
128,0.001701,172.217.194.0-255,4320,119821,62,148452
129,0.001704,172.31.40.0-255,66,119887,62,148452
130,0.001717,172.31.40.0-255,66,119953,62,148452
131,0.001721,172.217.194.0-255,2902,122855,62,148452
132,0.001724,172.31.40.0-255,66,122921,62,148452
133,0.001783,172.31.40.0-255,66,122987,62,148452
134,0.001808,172.217.194.0-255,1484,124471,62,148452
135,0.001829,172.31.40.0-255,66,124537,62,148452
136,0.00184,172.31.40.0-255,66,124603,62,148452
137,0.001856,172.31.40.0-255,66,124669,62,148452
138,0.001901,172.217.194.0-255,6438,131107,62,148452
139,0.001907,172.217.194.0-255,5738,136845,62,148452
140,0.001911,172.31.40.0-255,66,136911,62,148452
141,0.001922,172.217.194.0-255,1484,138395,62,148452
142,0.001972,172.217.194.0-255,4320,142715,62,148452
143,0.001986,172.31.40.0-255,66,142781,62,148452
144,0.001991,172.31.40.0-255,66,142847,62,148452
145,0.002037,172.31.40.0-255,66,142913,62,148452
146,0.00212,172.217.194.0-255,2902,145815,62,148452
147,0.002155,172.31.40.0-255,66,145881,62,148452
148,0.002172,172.31.40.0-255,66,145947,62,148452
149,0.002202,172.217.194.0-255,2163,148110,62,148452
150,0.002205,172.217.194.0-255,105,148215,62,148452
151,0.00221,172.31.40.0-255,66,148281,62,148452
152,0.01294,172.31.40.0-255,105,148386,62,148452
153,0.01563,172.217.194.0-255,66,148452,62,148452
154,0.0,216.58.221.0-255,153,153,62,107124
155,2.1e-05,172.31.40.0-255,66,219,62,107124
156,2.8e-05,216.58.221.0-255,1484,1703,62,107124
157,3.3e-05,172.31.40.0-255,66,1769,62,107124
158,3.9e-05,216.58.221.0-255,2902,4671,62,107124
159,5e-05,172.31.40.0-255,66,4737,62,107124
160,5.8e-05,216.58.221.0-255,7156,11893,62,107124
161,6.1e-05,172.31.40.0-255,66,11959,62,107124
162,0.000108,216.58.221.0-255,2095,14054,62,107124
163,0.000111,172.31.40.0-255,66,14120,62,107124
164,0.000283,216.58.221.0-255,1484,15604,62,107124
165,0.000288,172.31.40.0-255,66,15670,62,107124
166,0.000294,216.58.221.0-255,2902,18572,62,107124
167,0.000297,172.31.40.0-255,66,18638,62,107124
168,0.000307,216.58.221.0-255,4320,22958,62,107124
169,0.00031,172.31.40.0-255,66,23024,62,107124
170,0.000342,216.58.221.0-255,1484,24508,62,107124
171,0.000345,172.31.40.0-255,66,24574,62,107124
172,0.000353,216.58.221.0-255,6797,31371,62,107124
173,0.000355,172.31.40.0-255,66,31437,62,107124
174,0.000367,216.58.221.0-255,7156,38593,62,107124
175,0.00037,172.31.40.0-255,66,38659,62,107124
176,0.000376,216.58.221.0-255,4320,42979,62,107124
177,0.000378,172.31.40.0-255,66,43045,62,107124
178,0.000413,216.58.221.0-255,4320,47365,62,107124
179,0.000416,172.31.40.0-255,66,47431,62,107124
180,0.000419,216.58.221.0-255,1125,48556,62,107124
181,0.00042,172.31.40.0-255,66,48622,62,107124
182,0.000472,216.58.221.0-255,1484,50106,62,107124
183,0.000475,172.31.40.0-255,66,50172,62,107124
184,0.00048,216.58.221.0-255,2902,53074,62,107124
185,0.000482,172.31.40.0-255,66,53140,62,107124
186,0.000487,216.58.221.0-255,4320,57460,62,107124
187,0.000493,172.31.40.0-255,66,57526,62,107124
188,0.000527,172.31.40.0-255,66,57592,62,107124
189,0.002599,216.58.221.0-255,5738,63330,62,107124
190,0.002607,172.31.40.0-255,66,63396,62,107124
191,0.004683,216.58.221.0-255,4320,67716,62,107124
192,0.004689,172.31.40.0-255,66,67782,62,107124
193,0.004718,216.58.221.0-255,1484,69266,62,107124
194,0.006743,216.58.221.0-255,4320,73586,62,107124
195,0.006748,172.31.40.0-255,66,73652,62,107124
196,0.008818,216.58.221.0-255,5738,79390,62,107124
197,0.008825,172.31.40.0-255,66,79456,62,107124
198,0.010898,216.58.221.0-255,4320,83776,62,107124
199,0.010906,172.31.40.0-255,66,83842,62,107124
200,0.010937,216.58.221.0-255,1484,85326,62,107124
201,0.012976,216.58.221.0-255,4320,89646,62,107124
202,0.012984,172.31.40.0-255,66,89712,62,107124
203,0.015057,216.58.221.0-255,5738,95450,62,107124
204,0.015065,172.31.40.0-255,66,95516,62,107124
205,0.017128,216.58.221.0-255,5738,101254,62,107124
206,0.017135,172.31.40.0-255,66,101320,62,107124
207,0.019214,216.58.221.0-255,5738,107058,62,107124
208,0.019221,172.31.40.0-255,66,107124,62,107124
209,0.0,74.125.24.0-255,146,146,62,251378
210,2.2e-05,172.31.40.0-255,66,212,62,251378
211,3e-05,74.125.24.0-255,1484,1696,62,251378
212,3.4e-05,172.31.40.0-255,66,1762,62,251378
213,3.9e-05,74.125.24.0-255,2902,4664,62,251378
214,4.2e-05,172.31.40.0-255,66,4730,62,251378
215,5e-05,74.125.24.0-255,7156,11886,62,251378
216,5.4e-05,172.31.40.0-255,66,11952,62,251378
217,5.8e-05,74.125.24.0-255,2102,14054,62,251378
218,6.1e-05,172.31.40.0-255,66,14120,62,251378
219,0.000106,74.125.24.0-255,1484,15604,62,251378
220,0.000109,172.31.40.0-255,66,15670,62,251378
221,0.000114,74.125.24.0-255,2902,18572,62,251378
222,0.000117,172.31.40.0-255,66,18638,62,251378
223,0.000145,74.125.24.0-255,5738,24376,62,251378
224,0.000148,172.31.40.0-255,66,24442,62,251378
225,0.000174,74.125.24.0-255,6797,31239,62,251378
226,0.000176,172.31.40.0-255,66,31305,62,251378
227,0.000205,74.125.24.0-255,7156,38461,62,251378
228,0.000208,172.31.40.0-255,66,38527,62,251378
229,0.000213,74.125.24.0-255,2902,41429,62,251378
230,0.000215,172.31.40.0-255,66,41495,62,251378
231,0.000244,74.125.24.0-255,6797,48292,62,251378
232,0.000247,172.31.40.0-255,66,48358,62,251378
233,0.000264,74.125.24.0-255,1484,49842,62,251378
234,0.000266,172.31.40.0-255,66,49908,62,251378
235,0.000271,74.125.24.0-255,2902,52810,62,251378
236,0.000273,172.31.40.0-255,66,52876,62,251378
237,0.000277,74.125.24.0-255,2902,55778,62,251378
238,0.00028,172.31.40.0-255,66,55844,62,251378
239,0.000304,74.125.24.0-255,2902,58746,62,251378
240,0.000307,172.31.40.0-255,66,58812,62,251378
241,0.000314,74.125.24.0-255,5738,64550,62,251378
242,0.000316,172.31.40.0-255,66,64616,62,251378
243,0.000328,74.125.24.0-255,1455,66071,62,251378
244,0.00033,172.31.40.0-255,66,66137,62,251378
245,0.001086,74.125.24.0-255,109,66246,62,251378
246,0.001092,172.31.40.0-255,66,66312,62,251378
247,0.001137,74.125.24.0-255,1484,67796,62,251378
248,0.00114,172.31.40.0-255,66,67862,62,251378
249,0.001145,74.125.24.0-255,2902,70764,62,251378
250,0.001147,172.31.40.0-255,66,70830,62,251378
251,0.001151,74.125.24.0-255,1484,72314,62,251378
252,0.001152,172.31.40.0-255,66,72380,62,251378
253,0.001171,74.125.24.0-255,5738,78118,62,251378
254,0.001173,172.31.40.0-255,66,78184,62,251378
255,0.00118,74.125.24.0-255,5738,83922,62,251378
256,0.001182,172.31.40.0-255,66,83988,62,251378
257,0.001207,172.31.40.0-255,66,84054,62,251378
258,0.001232,74.125.24.0-255,4320,88374,62,251378
259,0.001234,172.31.40.0-255,66,88440,62,251378
260,0.001239,74.125.24.0-255,2184,90624,62,251378
261,0.00124,172.31.40.0-255,66,90690,62,251378
262,0.00128,74.125.24.0-255,1484,92174,62,251378
263,0.001283,172.31.40.0-255,66,92240,62,251378
264,0.001287,74.125.24.0-255,1484,93724,62,251378
265,0.001289,172.31.40.0-255,66,93790,62,251378
266,0.001302,74.125.24.0-255,1484,95274,62,251378
267,0.001304,172.31.40.0-255,66,95340,62,251378
268,0.00131,74.125.24.0-255,4320,99660,62,251378
269,0.001311,172.31.40.0-255,66,99726,62,251378
270,0.001336,74.125.24.0-255,1484,101210,62,251378
271,0.001338,172.31.40.0-255,66,101276,62,251378
272,0.00135,172.31.40.0-255,66,101342,62,251378
273,0.001358,74.125.24.0-255,7156,108498,62,251378
274,0.00136,172.31.40.0-255,66,108564,62,251378
275,0.001389,74.125.24.0-255,4320,112884,62,251378
276,0.001392,172.31.40.0-255,66,112950,62,251378
277,0.001396,74.125.24.0-255,2184,115134,62,251378
278,0.001413,74.125.24.0-255,2902,118036,62,251378
279,0.001426,74.125.24.0-255,1484,119520,62,251378
280,0.001441,74.125.24.0-255,2902,122422,62,251378
281,0.001457,74.125.24.0-255,5738,128160,62,251378
282,0.00147,74.125.24.0-255,2902,131062,62,251378
283,0.001517,74.125.24.0-255,4320,135382,62,251378
284,0.001545,74.125.24.0-255,2184,137566,62,251378
285,0.001645,74.125.24.0-255,1484,139050,62,251378
286,0.001651,74.125.24.0-255,2902,141952,62,251378
287,0.001673,74.125.24.0-255,4320,146272,62,251378
288,0.00169,74.125.24.0-255,1484,147756,62,251378
289,0.001696,74.125.24.0-255,4320,152076,62,251378
290,0.001714,74.125.24.0-255,2902,154978,62,251378
291,0.001728,74.125.24.0-255,4320,159298,62,251378
292,0.001782,74.125.24.0-255,2184,161482,62,251378
293,0.001818,74.125.24.0-255,2902,164384,62,251378
294,0.001837,74.125.24.0-255,1484,165868,62,251378
295,0.00185,74.125.24.0-255,2902,168770,62,251378
296,0.001868,74.125.24.0-255,4320,173090,62,251378
297,0.001882,74.125.24.0-255,4320,177410,62,251378
298,0.00189,74.125.24.0-255,7156,184566,62,251378
299,0.001939,74.125.24.0-255,2902,187468,62,251378
300,0.001986,74.125.24.0-255,1484,188952,62,251378
301,0.002007,74.125.24.0-255,4320,193272,62,251378
302,0.002041,74.125.24.0-255,2902,196174,62,251378
303,0.00215,74.125.24.0-255,1484,197658,62,251378
304,0.002168,74.125.24.0-255,2902,200560,62,251378
305,0.002175,74.125.24.0-255,5738,206298,62,251378
306,0.002189,74.125.24.0-255,5738,212036,62,251378
307,0.002209,74.125.24.0-255,4320,216356,62,251378
308,0.002246,74.125.24.0-255,2902,219258,62,251378
309,0.002251,74.125.24.0-255,2902,222160,62,251378
310,0.008314,172.31.40.0-255,66,222226,62,251378
311,0.010563,74.125.24.0-255,5738,227964,62,251378
312,0.010574,172.31.40.0-255,66,228030,62,251378
313,0.012809,74.125.24.0-255,4320,232350,62,251378
314,0.012813,172.31.40.0-255,66,232416,62,251378
315,0.012833,74.125.24.0-255,1484,233900,62,251378
316,0.012835,172.31.40.0-255,66,233966,62,251378
317,0.015056,74.125.24.0-255,5738,239704,62,251378
318,0.015068,172.31.40.0-255,66,239770,62,251378
319,0.017318,74.125.24.0-255,5738,245508,62,251378
320,0.017332,172.31.40.0-255,66,245574,62,251378
321,0.019571,74.125.24.0-255,5738,251312,62,251378
322,0.019579,172.31.40.0-255,66,251378,62,251378
323,0.0,172.217.194.0-255,153,153,62,178589
324,2.4e-05,172.31.40.0-255,66,219,62,178589
325,3.1e-05,172.217.194.0-255,1484,1703,62,178589
326,3.6e-05,172.31.40.0-255,66,1769,62,178589
327,4.2e-05,172.217.194.0-255,2902,4671,62,178589
328,4.7e-05,172.31.40.0-255,66,4737,62,178589
329,5.4e-05,172.217.194.0-255,7156,11893,62,178589
330,5.8e-05,172.31.40.0-255,66,11959,62,178589
331,6.2e-05,172.217.194.0-255,2038,13997,62,178589
332,6.5e-05,172.31.40.0-255,66,14063,62,178589
333,7.1e-05,172.217.194.0-255,2902,16965,62,178589
334,7.3e-05,172.31.40.0-255,66,17031,62,178589
335,9.7e-05,172.217.194.0-255,5738,22769,62,178589
336,0.0001,172.31.40.0-255,66,22835,62,178589
337,0.000123,172.217.194.0-255,2902,25737,62,178589
338,0.000126,172.31.40.0-255,66,25803,62,178589
339,0.000132,172.217.194.0-255,5379,31182,62,178589
340,0.000135,172.31.40.0-255,66,31248,62,178589
341,0.000141,172.217.194.0-255,5738,36986,62,178589
342,0.000144,172.31.40.0-255,66,37052,62,178589
343,0.000171,172.217.194.0-255,4320,41372,62,178589
344,0.000173,172.31.40.0-255,66,41438,62,178589
345,0.000204,172.217.194.0-255,2902,44340,62,178589
346,0.000207,172.31.40.0-255,66,44406,62,178589
347,0.000221,172.31.40.0-255,66,44472,62,178589
348,0.000229,172.217.194.0-255,6748,51220,62,178589
349,0.000231,172.31.40.0-255,66,51286,62,178589
350,0.000234,172.217.194.0-255,100,51386,62,178589
351,0.000236,172.31.40.0-255,66,51452,62,178589
352,0.000303,172.217.194.0-255,1484,52936,62,178589
353,0.000306,172.31.40.0-255,66,53002,62,178589
354,0.000312,172.217.194.0-255,2902,55904,62,178589
355,0.000314,172.31.40.0-255,66,55970,62,178589
356,0.000317,172.217.194.0-255,1484,57454,62,178589
357,0.000342,172.217.194.0-255,4320,61774,62,178589
358,0.000345,172.31.40.0-255,66,61840,62,178589
359,0.000349,172.217.194.0-255,2902,64742,62,178589
360,0.000351,172.31.40.0-255,66,64808,62,178589
361,0.000374,172.31.40.0-255,66,64874,62,178589
362,0.000401,172.217.194.0-255,1484,66358,62,178589
363,0.000414,172.31.40.0-255,66,66424,62,178589
364,0.000417,172.217.194.0-255,363,66787,62,178589
365,0.000572,172.217.194.0-255,1484,68271,62,178589
366,0.000577,172.31.40.0-255,66,68337,62,178589
367,0.000583,172.217.194.0-255,2902,71239,62,178589
368,0.000585,172.31.40.0-255,66,71305,62,178589
369,0.000588,172.217.194.0-255,1484,72789,62,178589
370,0.000616,172.217.194.0-255,4320,77109,62,178589
371,0.000619,172.31.40.0-255,66,77175,62,178589
372,0.000634,172.31.40.0-255,66,77241,62,178589
373,0.000641,172.217.194.0-255,7156,84397,62,178589
374,0.000644,172.31.40.0-255,66,84463,62,178589
375,0.000666,172.217.194.0-255,2902,87365,62,178589
376,0.000668,172.31.40.0-255,66,87431,62,178589
377,0.000684,172.217.194.0-255,766,88197,62,178589
378,0.0007,172.217.194.0-255,1484,89681,62,178589
379,0.000703,172.31.40.0-255,66,89747,62,178589
380,0.000722,172.217.194.0-255,2902,92649,62,178589
381,0.000725,172.31.40.0-255,66,92715,62,178589
382,0.000728,172.217.194.0-255,1484,94199,62,178589
383,0.000759,172.217.194.0-255,4320,98519,62,178589
384,0.000763,172.31.40.0-255,66,98585,62,178589
385,0.00078,172.31.40.0-255,66,98651,62,178589
386,0.000787,172.217.194.0-255,7156,105807,62,178589
387,0.00079,172.31.40.0-255,66,105873,62,178589
388,0.000816,172.217.194.0-255,3602,109475,62,178589
389,0.000819,172.31.40.0-255,66,109541,62,178589
390,0.000837,172.217.194.0-255,1484,111025,62,178589
391,0.000858,172.217.194.0-255,2902,113927,62,178589
392,0.000861,172.31.40.0-255,66,113993,62,178589
393,0.000866,172.217.194.0-255,2902,116895,62,178589
394,0.000869,172.31.40.0-255,66,116961,62,178589
395,0.000887,172.217.194.0-255,2902,119863,62,178589
396,0.000889,172.31.40.0-255,66,119929,62,178589
397,0.000896,172.217.194.0-255,5738,125667,62,178589
398,0.000898,172.31.40.0-255,66,125733,62,178589
399,0.000912,172.31.40.0-255,66,125799,62,178589
400,0.000916,172.217.194.0-255,2902,128701,62,178589
401,0.000918,172.31.40.0-255,66,128767,62,178589
402,0.000941,172.217.194.0-255,2184,130951,62,178589
403,0.000944,172.31.40.0-255,66,131017,62,178589
404,0.001689,172.217.194.0-255,1484,132501,62,178589
405,0.001694,172.217.194.0-255,2902,135403,62,178589
406,0.001698,172.31.40.0-255,66,135469,62,178589
407,0.001717,172.217.194.0-255,5738,141207,62,178589
408,0.001719,172.31.40.0-255,66,141273,62,178589
409,0.001745,172.217.194.0-255,7156,148429,62,178589
410,0.001748,172.31.40.0-255,66,148495,62,178589
411,0.001771,172.217.194.0-255,5738,154233,62,178589
412,0.001773,172.31.40.0-255,66,154299,62,178589
413,0.001776,172.217.194.0-255,1484,155783,62,178589
414,0.001848,172.31.40.0-255,66,155849,62,178589
415,0.001869,172.31.40.0-255,66,155915,62,178589
416,0.001881,172.31.40.0-255,66,155981,62,178589
417,0.001925,172.31.40.0-255,66,156047,62,178589
418,0.00195,172.217.194.0-255,6438,162485,62,178589
419,0.001952,172.31.40.0-255,66,162551,62,178589
420,0.001973,172.31.40.0-255,66,162617,62,178589
421,0.001987,172.217.194.0-255,1484,164101,62,178589
422,0.001992,172.217.194.0-255,3602,167703,62,178589
423,0.001995,172.31.40.0-255,66,167769,62,178589
424,0.002015,172.217.194.0-255,5738,173507,62,178589
425,0.002017,172.31.40.0-255,66,173573,62,178589
426,0.002066,172.31.40.0-255,66,173639,62,178589
427,0.002075,172.31.40.0-255,66,173705,62,178589
428,0.002102,172.31.40.0-255,66,173771,62,178589
429,0.002119,172.31.40.0-255,66,173837,62,178589
430,0.002133,172.217.194.0-255,4146,177983,62,178589
431,0.002136,172.217.194.0-255,97,178080,62,178589
432,0.002139,172.217.194.0-255,105,178185,62,178589
433,0.002194,172.31.40.0-255,66,178251,62,178589
434,0.003415,172.31.40.0-255,101,178352,62,178589
435,0.004124,172.31.40.0-255,105,178457,62,178589
436,0.006003,172.217.194.0-255,66,178523,62,178589
437,0.006704,172.217.194.0-255,66,178589,62,178589
438,0.0,172.217.194.0-255,153,153,62,150837
439,1.6e-05,172.31.40.0-255,66,219,62,150837
440,2.3e-05,172.217.194.0-255,1484,1703,62,150837
441,2.6e-05,172.31.40.0-255,66,1769,62,150837
442,3.4e-05,172.217.194.0-255,2902,4671,62,150837
443,3.9e-05,172.31.40.0-255,66,4737,62,150837
444,4.6e-05,172.217.194.0-255,5738,10475,62,150837
445,4.8e-05,172.31.40.0-255,66,10541,62,150837
446,7.8e-05,172.217.194.0-255,1484,12025,62,150837
447,8.1e-05,172.31.40.0-255,66,12091,62,150837
448,8.6e-05,172.217.194.0-255,3519,15610,62,150837
449,8.8e-05,172.31.40.0-255,66,15676,62,150837
450,0.000101,172.31.40.0-255,66,15742,62,150837
451,0.000119,172.217.194.0-255,2902,18644,62,150837
452,0.000122,172.31.40.0-255,66,18710,62,150837
453,0.000126,172.217.194.0-255,2543,21253,62,150837
454,0.000128,172.31.40.0-255,66,21319,62,150837
455,0.000216,172.217.194.0-255,1484,22803,62,150837
456,0.00022,172.31.40.0-255,66,22869,62,150837
457,0.000225,172.217.194.0-255,2902,25771,62,150837
458,0.000227,172.31.40.0-255,66,25837,62,150837
459,0.000232,172.217.194.0-255,2902,28739,62,150837
460,0.000234,172.31.40.0-255,66,28805,62,150837
461,0.000254,172.217.194.0-255,2902,31707,62,150837
462,0.000257,172.31.40.0-255,66,31773,62,150837
463,0.000263,172.217.194.0-255,5738,37511,62,150837
464,0.000265,172.31.40.0-255,66,37577,62,150837
465,0.000296,172.31.40.0-255,66,37643,62,150837
466,0.000298,172.217.194.0-255,1484,39127,62,150837
467,0.0003,172.31.40.0-255,66,39193,62,150837
468,0.000336,172.217.194.0-255,121,39314,62,150837
469,0.000363,172.217.194.0-255,1484,40798,62,150837
470,0.000368,172.217.194.0-255,2902,43700,62,150837
471,0.00039,172.217.194.0-255,1484,45184,62,150837
472,0.000405,172.217.194.0-255,1484,46668,62,150837
473,0.000424,172.217.194.0-255,4320,50988,62,150837
474,0.000461,172.217.194.0-255,1484,52472,62,150837
475,0.000478,172.217.194.0-255,4273,56745,62,150837
476,0.000517,172.217.194.0-255,5738,62483,62,150837
477,0.000521,172.217.194.0-255,2902,65385,62,150837
478,0.000558,172.31.40.0-255,66,65451,62,150837
479,0.001309,172.217.194.0-255,1484,66935,62,150837
480,0.001329,172.217.194.0-255,2902,69837,62,150837
481,0.001333,172.31.40.0-255,66,69903,62,150837
482,0.001339,172.217.194.0-255,2902,72805,62,150837
483,0.001341,172.31.40.0-255,66,72871,62,150837
484,0.001357,172.217.194.0-255,2902,75773,62,150837
485,0.00136,172.31.40.0-255,66,75839,62,150837
486,0.001365,172.217.194.0-255,4320,80159,62,150837
487,0.001367,172.31.40.0-255,66,80225,62,150837
488,0.001391,172.217.194.0-255,7156,87381,62,150837
489,0.001394,172.31.40.0-255,66,87447,62,150837
490,0.001408,172.217.194.0-255,4320,91767,62,150837
491,0.00141,172.31.40.0-255,66,91833,62,150837
492,0.00142,172.31.40.0-255,66,91899,62,150837
493,0.001945,172.217.194.0-255,1484,93383,62,150837
494,0.001954,172.217.194.0-255,2902,96285,62,150837
495,0.001958,172.31.40.0-255,66,96351,62,150837
496,0.001981,172.217.194.0-255,2902,99253,62,150837
497,0.001983,172.31.40.0-255,66,99319,62,150837
498,0.001989,172.217.194.0-255,4320,103639,62,150837
499,0.002003,172.217.194.0-255,2902,106541,62,150837
500,0.00202,172.217.194.0-255,1484,108025,62,150837
501,0.002073,172.217.194.0-255,5738,113763,62,150837
502,0.002086,172.217.194.0-255,2184,115947,62,150837
503,0.004132,172.31.40.0-255,66,116013,62,150837
504,0.006424,172.217.194.0-255,5738,121751,62,150837
505,0.006429,172.31.40.0-255,66,121817,62,150837
506,0.008717,172.217.194.0-255,5738,127555,62,150837
507,0.008723,172.31.40.0-255,66,127621,62,150837
508,0.011002,172.217.194.0-255,5738,133359,62,150837
509,0.011012,172.31.40.0-255,66,133425,62,150837
510,0.013306,172.217.194.0-255,5738,139163,62,150837
511,0.013319,172.31.40.0-255,66,139229,62,150837
512,0.015584,172.217.194.0-255,5738,144967,62,150837
513,0.015595,172.31.40.0-255,66,145033,62,150837
514,0.017887,172.217.194.0-255,5738,150771,62,150837
515,0.0179,172.31.40.0-255,66,150837,62,150837
516,0.0,74.125.24.0-255,153,153,62,191357
517,1.7e-05,172.31.40.0-255,66,219,62,191357
518,2.4e-05,74.125.24.0-255,1484,1703,62,191357
519,3e-05,172.31.40.0-255,66,1769,62,191357
520,3.6e-05,74.125.24.0-255,2902,4671,62,191357
521,3.9e-05,172.31.40.0-255,66,4737,62,191357
522,4.2e-05,74.125.24.0-255,1484,6221,62,191357
523,4.4e-05,172.31.40.0-255,66,6287,62,191357
524,5e-05,74.125.24.0-255,2902,9189,62,191357
525,5.3e-05,172.31.40.0-255,66,9255,62,191357
526,0.000112,74.125.24.0-255,4931,14186,62,191357
527,0.000116,172.31.40.0-255,66,14252,62,191357
528,0.000124,74.125.24.0-255,5738,19990,62,191357
529,0.000127,172.31.40.0-255,66,20056,62,191357
530,0.000174,172.31.40.0-255,66,20122,62,191357
531,0.000271,74.125.24.0-255,1484,21606,62,191357
532,0.000276,172.31.40.0-255,66,21672,62,191357
533,0.000281,74.125.24.0-255,2902,24574,62,191357
534,0.000283,172.31.40.0-255,66,24640,62,191357
535,0.000302,74.125.24.0-255,1484,26124,62,191357
536,0.000305,172.31.40.0-255,66,26190,62,191357
537,0.000325,74.125.24.0-255,4320,30510,62,191357
538,0.000328,172.31.40.0-255,66,30576,62,191357
539,0.000336,74.125.24.0-255,6797,37373,62,191357
540,0.000339,172.31.40.0-255,66,37439,62,191357
541,0.001018,74.125.24.0-255,1484,38923,62,191357
542,0.001023,172.31.40.0-255,66,38989,62,191357
543,0.001031,74.125.24.0-255,2902,41891,62,191357
544,0.001033,172.31.40.0-255,66,41957,62,191357
545,0.001057,74.125.24.0-255,5738,47695,62,191357
546,0.00106,172.31.40.0-255,66,47761,62,191357
547,0.00109,74.125.24.0-255,1484,49245,62,191357
548,0.001102,74.125.24.0-255,2902,52147,62,191357
549,0.001105,172.31.40.0-255,66,52213,62,191357
550,0.001127,74.125.24.0-255,6797,59010,62,191357
551,0.00113,172.31.40.0-255,66,59076,62,191357
552,0.001133,74.125.24.0-255,1484,60560,62,191357
553,0.00115,74.125.24.0-255,2902,63462,62,191357
554,0.001152,172.31.40.0-255,66,63528,62,191357
555,0.001174,74.125.24.0-255,7156,70684,62,191357
556,0.001176,172.31.40.0-255,66,70750,62,191357
557,0.001181,74.125.24.0-255,4320,75070,62,191357
558,0.001183,172.31.40.0-255,66,75136,62,191357
559,0.001209,172.31.40.0-255,66,75202,62,191357
560,0.001228,74.125.24.0-255,3602,78804,62,191357
561,0.001231,172.31.40.0-255,66,78870,62,191357
562,0.001233,74.125.24.0-255,645,79515,62,191357
563,0.002094,74.125.24.0-255,1484,80999,62,191357
564,0.002103,172.31.40.0-255,66,81065,62,191357
565,0.002109,74.125.24.0-255,2902,83967,62,191357
566,0.002112,172.31.40.0-255,66,84033,62,191357
567,0.002117,74.125.24.0-255,4320,88353,62,191357
568,0.002119,172.31.40.0-255,66,88419,62,191357
569,0.002141,74.125.24.0-255,1484,89903,62,191357
570,0.002145,74.125.24.0-255,1484,91387,62,191357
571,0.002147,172.31.40.0-255,66,91453,62,191357
572,0.002175,172.31.40.0-255,66,91519,62,191357
573,0.00218,74.125.24.0-255,2902,94421,62,191357
574,0.002182,172.31.40.0-255,66,94487,62,191357
575,0.002202,74.125.24.0-255,2902,97389,62,191357
576,0.002204,172.31.40.0-255,66,97455,62,191357
577,0.002255,74.125.24.0-255,4320,101775,62,191357
578,0.002258,172.31.40.0-255,66,101841,62,191357
579,0.002276,74.125.24.0-255,766,102607,62,191357
580,0.002539,74.125.24.0-255,1484,104091,62,191357
581,0.002542,172.31.40.0-255,66,104157,62,191357
582,0.002555,74.125.24.0-255,2902,107059,62,191357
583,0.002558,172.31.40.0-255,66,107125,62,191357
584,0.002581,74.125.24.0-255,5738,112863,62,191357
585,0.002584,172.31.40.0-255,66,112929,62,191357
586,0.002588,74.125.24.0-255,2902,115831,62,191357
587,0.00259,172.31.40.0-255,66,115897,62,191357
588,0.002604,74.125.24.0-255,5738,121635,62,191357
589,0.002607,172.31.40.0-255,66,121701,62,191357
590,0.002619,74.125.24.0-255,1484,123185,62,191357
591,0.002633,74.125.24.0-255,4320,127505,62,191357
592,0.002635,172.31.40.0-255,66,127571,62,191357
593,0.002663,172.31.40.0-255,66,127637,62,191357
594,0.002704,74.125.24.0-255,1484,129121,62,191357
595,0.002722,74.125.24.0-255,2902,132023,62,191357
596,0.002725,172.31.40.0-255,66,132089,62,191357
597,0.002729,74.125.24.0-255,2902,134991,62,191357
598,0.002731,172.31.40.0-255,66,135057,62,191357
599,0.002745,74.125.24.0-255,2902,137959,62,191357
600,0.002748,172.31.40.0-255,66,138025,62,191357
601,0.002753,74.125.24.0-255,4320,142345,62,191357
602,0.002755,172.31.40.0-255,66,142411,62,191357
603,0.002783,74.125.24.0-255,5738,148149,62,191357
604,0.002786,172.31.40.0-255,66,148215,62,191357
605,0.002788,74.125.24.0-255,1484,149699,62,191357
606,0.002812,172.31.40.0-255,66,149765,62,191357
607,0.00283,74.125.24.0-255,3602,153367,62,191357
608,0.002832,172.31.40.0-255,66,153433,62,191357
609,0.004973,74.125.24.0-255,4320,157753,62,191357
610,0.00498,172.31.40.0-255,66,157819,62,191357
611,0.004998,74.125.24.0-255,1484,159303,62,191357
612,0.007128,74.125.24.0-255,4320,163623,62,191357
613,0.007132,172.31.40.0-255,66,163689,62,191357
614,0.009272,74.125.24.0-255,4320,168009,62,191357
615,0.009278,172.31.40.0-255,66,168075,62,191357
616,0.009298,74.125.24.0-255,1484,169559,62,191357
617,0.011397,74.125.24.0-255,4320,173879,62,191357
618,0.011404,172.31.40.0-255,66,173945,62,191357
619,0.01357,74.125.24.0-255,5738,179683,62,191357
620,0.013578,172.31.40.0-255,66,179749,62,191357
621,0.015739,74.125.24.0-255,5738,185487,62,191357
622,0.015747,172.31.40.0-255,66,185553,62,191357
623,0.017883,74.125.24.0-255,5738,191291,62,191357
624,0.017891,172.31.40.0-255,66,191357,62,191357
625,0.0,172.217.194.0-255,153,153,62,169955
626,2.2e-05,172.31.40.0-255,66,219,62,169955
627,3e-05,172.217.194.0-255,1484,1703,62,169955
628,3.5e-05,172.31.40.0-255,66,1769,62,169955
629,4.2e-05,172.217.194.0-255,2902,4671,62,169955
630,5.5e-05,172.31.40.0-255,66,4737,62,169955
631,6.3e-05,172.217.194.0-255,7156,11893,62,169955
632,6.7e-05,172.31.40.0-255,66,11959,62,169955
633,7.1e-05,172.217.194.0-255,2055,14014,62,169955
634,7.4e-05,172.31.40.0-255,66,14080,62,169955
635,7.8e-05,172.217.194.0-255,2902,16982,62,169955
636,8.1e-05,172.31.40.0-255,66,17048,62,169955
637,8.4e-05,172.217.194.0-255,1484,18532,62,169955
638,8.7e-05,172.31.40.0-255,66,18598,62,169955
639,0.000128,172.217.194.0-255,5738,24336,62,169955
640,0.000132,172.31.40.0-255,66,24402,62,169955
641,0.00014,172.217.194.0-255,6797,31199,62,169955
642,0.000142,172.31.40.0-255,66,31265,62,169955
643,0.000174,172.217.194.0-255,1484,32749,62,169955
644,0.000176,172.31.40.0-255,66,32815,62,169955
645,0.000181,172.217.194.0-255,2902,35717,62,169955
646,0.000183,172.31.40.0-255,66,35783,62,169955
647,0.000188,172.217.194.0-255,4320,40103,62,169955
648,0.000191,172.31.40.0-255,66,40169,62,169955
649,0.00021,172.217.194.0-255,1484,41653,62,169955
650,0.000225,172.31.40.0-255,66,41719,62,169955
651,0.000233,172.217.194.0-255,6797,48516,62,169955
652,0.000236,172.31.40.0-255,66,48582,62,169955
653,0.00026,172.217.194.0-255,7156,55738,62,169955
654,0.000263,172.31.40.0-255,66,55804,62,169955
655,0.000265,172.217.194.0-255,1484,57288,62,169955
656,0.000268,172.31.40.0-255,66,57354,62,169955
657,0.000304,172.217.194.0-255,4320,61674,62,169955
658,0.000308,172.31.40.0-255,66,61740,62,169955
659,0.000311,172.217.194.0-255,1484,63224,62,169955
660,0.000336,172.217.194.0-255,2888,66112,62,169955
661,0.000339,172.31.40.0-255,66,66178,62,169955
662,0.000362,172.217.194.0-255,363,66541,62,169955
663,0.000571,172.217.194.0-255,1484,68025,62,169955
664,0.000576,172.31.40.0-255,66,68091,62,169955
665,0.000582,172.217.194.0-255,2902,70993,62,169955
666,0.000585,172.31.40.0-255,66,71059,62,169955
667,0.000592,172.217.194.0-255,5738,76797,62,169955
668,0.0006,172.31.40.0-255,66,76863,62,169955
669,0.000649,172.31.40.0-255,66,76929,62,169955
670,0.000679,172.217.194.0-255,5738,82667,62,169955
671,0.000682,172.31.40.0-255,66,82733,62,169955
672,0.000709,172.217.194.0-255,4320,87053,62,169955
673,0.000711,172.31.40.0-255,66,87119,62,169955
674,0.000714,172.217.194.0-255,766,87885,62,169955
675,0.001377,172.217.194.0-255,1484,89369,62,169955
676,0.001382,172.31.40.0-255,66,89435,62,169955
677,0.001388,172.217.194.0-255,2902,92337,62,169955
678,0.001391,172.31.40.0-255,66,92403,62,169955
679,0.001397,172.217.194.0-255,5738,98141,62,169955
680,0.001403,172.31.40.0-255,66,98207,62,169955
681,0.001438,172.31.40.0-255,66,98273,62,169955
682,0.001442,172.217.194.0-255,2902,101175,62,169955
683,0.001444,172.31.40.0-255,66,101241,62,169955
684,0.001481,172.31.40.0-255,66,101307,62,169955
685,0.002024,172.217.194.0-255,1484,102791,62,169955
686,0.002045,172.217.194.0-255,2902,105693,62,169955
687,0.002049,172.31.40.0-255,66,105759,62,169955
688,0.002055,172.217.194.0-255,2902,108661,62,169955
689,0.002057,172.31.40.0-255,66,108727,62,169955
690,0.002093,172.217.194.0-255,7156,115883,62,169955
691,0.002096,172.31.40.0-255,66,115949,62,169955
692,0.002146,172.31.40.0-255,66,116015,62,169955
693,0.002149,172.217.194.0-255,1484,117499,62,169955
694,0.002178,172.217.194.0-255,2184,119683,62,169955
695,0.002181,172.31.40.0-255,66,119749,62,169955
696,0.002282,172.217.194.0-255,1484,121233,62,169955
697,0.002289,172.217.194.0-255,2902,124135,62,169955
698,0.002292,172.31.40.0-255,66,124201,62,169955
699,0.002296,172.217.194.0-255,1484,125685,62,169955
700,0.002315,172.217.194.0-255,4320,130005,62,169955
701,0.002317,172.31.40.0-255,66,130071,62,169955
702,0.00232,172.217.194.0-255,1484,131555,62,169955
703,0.002355,172.31.40.0-255,66,131621,62,169955
704,0.00236,172.217.194.0-255,2902,134523,62,169955
705,0.002362,172.31.40.0-255,66,134589,62,169955
706,0.002401,172.31.40.0-255,66,134655,62,169955
707,0.002413,172.31.40.0-255,66,134721,62,169955
708,0.002446,172.217.194.0-255,4320,139041,62,169955
709,0.002449,172.31.40.0-255,66,139107,62,169955
710,0.002456,172.217.194.0-255,5738,144845,62,169955
711,0.002458,172.31.40.0-255,66,144911,62,169955
712,0.002498,172.31.40.0-255,66,144977,62,169955
713,0.002529,172.31.40.0-255,66,145043,62,169955
714,0.00254,172.31.40.0-255,66,145109,62,169955
715,0.002556,172.31.40.0-255,66,145175,62,169955
716,0.002602,172.31.40.0-255,66,145241,62,169955
717,0.002633,172.217.194.0-255,2902,148143,62,169955
718,0.002635,172.31.40.0-255,66,148209,62,169955
719,0.002639,172.217.194.0-255,1484,149693,62,169955
720,0.002642,172.217.194.0-255,1484,151177,62,169955
721,0.002644,172.31.40.0-255,66,151243,62,169955
722,0.002649,172.217.194.0-255,3602,154845,62,169955
723,0.002652,172.31.40.0-255,66,154911,62,169955
724,0.002654,172.217.194.0-255,1484,156395,62,169955
725,0.002665,172.31.40.0-255,66,156461,62,169955
726,0.002681,172.31.40.0-255,66,156527,62,169955
727,0.002694,172.31.40.0-255,66,156593,62,169955
728,0.00278,172.217.194.0-255,4320,160913,62,169955
729,0.002783,172.217.194.0-255,1484,162397,62,169955
730,0.002786,172.217.194.0-255,1484,163881,62,169955
731,0.002823,172.217.194.0-255,5732,169613,62,169955
732,0.002838,172.217.194.0-255,105,169718,62,169955
733,0.005121,172.31.40.0-255,66,169784,62,169955
734,0.007876,172.31.40.0-255,105,169889,62,169955
735,0.010267,172.217.194.0-255,66,169955,62,169955
736,0.0,74.125.68.0-255,297,297,62,350080
737,2.6e-05,172.31.40.0-255,66,363,62,350080
738,3.3e-05,74.125.68.0-255,1484,1847,62,350080
739,3.8e-05,172.31.40.0-255,66,1913,62,350080
740,4.1e-05,74.125.68.0-255,1484,3397,62,350080
741,5e-05,172.31.40.0-255,66,3463,62,350080
742,5.6e-05,74.125.68.0-255,2902,6365,62,350080
743,6.1e-05,172.31.40.0-255,66,6431,62,350080
744,6.8e-05,74.125.68.0-255,5738,12169,62,350080
745,7.1e-05,172.31.40.0-255,66,12235,62,350080
746,7.6e-05,74.125.68.0-255,3318,15553,62,350080
747,8e-05,172.31.40.0-255,66,15619,62,350080
748,8.3e-05,74.125.68.0-255,1484,17103,62,350080
749,8.5e-05,172.31.40.0-255,66,17169,62,350080
750,0.000127,74.125.68.0-255,2902,20071,62,350080
751,0.00013,172.31.40.0-255,66,20137,62,350080
752,0.000138,74.125.68.0-255,7156,27293,62,350080
753,0.00014,172.31.40.0-255,66,27359,62,350080
754,0.00016,74.125.68.0-255,2902,30261,62,350080
755,0.000163,172.31.40.0-255,66,30327,62,350080
756,0.000166,74.125.68.0-255,1125,31452,62,350080
757,0.000168,172.31.40.0-255,66,31518,62,350080
758,0.000247,74.125.68.0-255,1484,33002,62,350080
759,0.00025,172.31.40.0-255,66,33068,62,350080
760,0.000255,74.125.68.0-255,2902,35970,62,350080
761,0.000257,172.31.40.0-255,66,36036,62,350080
762,0.000282,74.125.68.0-255,2902,38938,62,350080
763,0.000285,172.31.40.0-255,66,39004,62,350080
764,0.000311,74.125.68.0-255,2902,41906,62,350080
765,0.000313,172.31.40.0-255,66,41972,62,350080
766,0.000321,74.125.68.0-255,7156,49128,62,350080
767,0.000323,172.31.40.0-255,66,49194,62,350080
768,0.000331,74.125.68.0-255,1484,50678,62,350080
769,0.000388,74.125.68.0-255,4212,54890,62,350080
770,0.000513,74.125.68.0-255,1484,56374,62,350080
771,0.000535,74.125.68.0-255,2902,59276,62,350080
772,0.00057,74.125.68.0-255,2902,62178,62,350080
773,0.000583,74.125.68.0-255,1484,63662,62,350080
774,0.000599,74.125.68.0-255,2902,66564,62,350080
775,0.000616,172.31.40.0-255,66,66630,62,350080
776,0.00065,74.125.68.0-255,5738,72368,62,350080
777,0.000655,74.125.68.0-255,2902,75270,62,350080
778,0.000678,74.125.68.0-255,4320,79590,62,350080
779,0.00068,74.125.68.0-255,1484,81074,62,350080
780,0.000684,74.125.68.0-255,2902,83976,62,350080
781,0.000687,172.31.40.0-255,66,84042,62,350080
782,0.000694,172.31.40.0-255,66,84108,62,350080
783,0.000731,74.125.68.0-255,5020,89128,62,350080
784,0.000748,172.31.40.0-255,66,89194,62,350080
785,0.001137,74.125.68.0-255,1484,90678,62,350080
786,0.001143,74.125.68.0-255,2902,93580,62,350080
787,0.001147,172.31.40.0-255,66,93646,62,350080
788,0.001195,74.125.68.0-255,5738,99384,62,350080
789,0.001202,74.125.68.0-255,5738,105122,62,350080
790,0.001204,74.125.68.0-255,1484,106606,62,350080
791,0.001214,172.31.40.0-255,66,106672,62,350080
792,0.001225,74.125.68.0-255,5738,112410,62,350080
793,0.001227,74.125.68.0-255,1484,113894,62,350080
794,0.001237,172.31.40.0-255,66,113960,62,350080
795,0.001248,74.125.68.0-255,5738,119698,62,350080
796,0.001274,172.31.40.0-255,66,119764,62,350080
797,0.001293,74.125.68.0-255,3602,123366,62,350080
798,0.001313,172.31.40.0-255,66,123432,62,350080
799,0.00219,74.125.68.0-255,1484,124916,62,350080
800,0.0022,74.125.68.0-255,2902,127818,62,350080
801,0.002205,172.31.40.0-255,66,127884,62,350080
802,0.002233,74.125.68.0-255,5738,133622,62,350080
803,0.002236,172.31.40.0-255,66,133688,62,350080
804,0.002239,74.125.68.0-255,1484,135172,62,350080
805,0.002266,74.125.68.0-255,2902,138074,62,350080
806,0.002268,172.31.40.0-255,66,138140,62,350080
807,0.002275,74.125.68.0-255,5738,143878,62,350080
808,0.002277,172.31.40.0-255,66,143944,62,350080
809,0.002312,172.31.40.0-255,66,144010,62,350080
810,0.002341,74.125.68.0-255,3602,147612,62,350080
811,0.002418,74.125.68.0-255,1484,149096,62,350080
812,0.002436,74.125.68.0-255,1484,150580,62,350080
813,0.002455,74.125.68.0-255,1484,152064,62,350080
814,0.002459,74.125.68.0-255,2902,154966,62,350080
815,0.002462,74.125.68.0-255,1484,156450,62,350080
816,0.002498,74.125.68.0-255,5738,162188,62,350080
817,0.002517,74.125.68.0-255,4320,166508,62,350080
818,0.002534,74.125.68.0-255,4320,170828,62,350080
819,0.002547,74.125.68.0-255,2902,173730,62,350080
820,0.002551,74.125.68.0-255,2902,176632,62,350080
821,0.002574,74.125.68.0-255,5020,181652,62,350080
822,0.002632,74.125.68.0-255,4320,185972,62,350080
823,0.002643,74.125.68.0-255,1484,187456,62,350080
824,0.002664,74.125.68.0-255,2902,190358,62,350080
825,0.002694,74.125.68.0-255,4320,194678,62,350080
826,0.002717,74.125.68.0-255,5738,200416,62,350080
827,0.002731,74.125.68.0-255,4320,204736,62,350080
828,0.002749,74.125.68.0-255,7156,211892,62,350080
829,0.002754,74.125.68.0-255,3602,215494,62,350080
830,0.002775,74.125.68.0-255,4320,219814,62,350080
831,0.002803,74.125.68.0-255,4320,224134,62,350080
832,0.002817,74.125.68.0-255,1484,225618,62,350080
833,0.002832,74.125.68.0-255,4320,229938,62,350080
834,0.002852,74.125.68.0-255,4320,234258,62,350080
835,0.002865,74.125.68.0-255,2902,237160,62,350080
836,0.002887,74.125.68.0-255,4320,241480,62,350080
837,0.002908,74.125.68.0-255,4320,245800,62,350080
838,0.002914,74.125.68.0-255,3602,249402,62,350080
839,0.002927,74.125.68.0-255,4320,253722,62,350080
840,0.002957,74.125.68.0-255,1484,255206,62,350080
841,0.002983,74.125.68.0-255,7156,262362,62,350080
842,0.003021,74.125.68.0-255,5738,268100,62,350080
843,0.003035,74.125.68.0-255,4320,272420,62,350080
844,0.003046,74.125.68.0-255,1484,273904,62,350080
845,0.003049,74.125.68.0-255,766,274670,62,350080
846,0.003053,74.125.68.0-255,2902,277572,62,350080
847,0.003068,74.125.68.0-255,4320,281892,62,350080
848,0.003097,74.125.68.0-255,7156,289048,62,350080
849,0.003104,74.125.68.0-255,4320,293368,62,350080
850,0.003132,74.125.68.0-255,5738,299106,62,350080
851,0.003157,74.125.68.0-255,7156,306262,62,350080
852,0.003161,74.125.68.0-255,2184,308446,62,350080
853,0.003165,74.125.68.0-255,2902,311348,62,350080
854,0.003195,74.125.68.0-255,2902,314250,62,350080
855,0.003216,74.125.68.0-255,4320,318570,62,350080
856,0.003219,74.125.68.0-255,1484,320054,62,350080
857,0.003222,74.125.68.0-255,1484,321538,62,350080
858,0.003236,74.125.68.0-255,4320,325858,62,350080
859,0.00325,74.125.68.0-255,4320,330178,62,350080
860,0.003272,74.125.68.0-255,1484,331662,62,350080
861,0.003306,74.125.68.0-255,1484,333146,62,350080
862,0.003328,74.125.68.0-255,7156,340302,62,350080
863,0.003343,74.125.68.0-255,1484,341786,62,350080
864,0.003372,74.125.68.0-255,2902,344688,62,350080
865,0.003419,74.125.68.0-255,2902,347590,62,350080
866,0.003471,74.125.68.0-255,2148,349738,62,350080
867,0.003485,74.125.68.0-255,105,349843,62,350080
868,0.006852,172.31.40.0-255,66,349909,62,350080
869,0.008963,172.31.40.0-255,105,350014,62,350080
870,0.011258,74.125.68.0-255,66,350080,62,350080
871,0.0,74.125.68.0-255,150,150,62,193589
872,1.5e-05,172.31.40.0-255,66,216,62,193589
873,2.2e-05,74.125.68.0-255,1484,1700,62,193589
874,2.6e-05,172.31.40.0-255,66,1766,62,193589
875,4.4e-05,74.125.68.0-255,2902,4668,62,193589
876,4.8e-05,172.31.40.0-255,66,4734,62,193589
877,7e-05,74.125.68.0-255,5738,10472,62,193589
878,7.3e-05,172.31.40.0-255,66,10538,62,193589
879,9.5e-05,74.125.68.0-255,1484,12022,62,193589
880,9.7e-05,172.31.40.0-255,66,12088,62,193589
881,0.000101,74.125.68.0-255,1484,13572,62,193589
882,0.000103,172.31.40.0-255,66,13638,62,193589
883,0.000108,74.125.68.0-255,2125,15763,62,193589
884,0.000111,172.31.40.0-255,66,15829,62,193589
885,0.000139,74.125.68.0-255,5738,21567,62,193589
886,0.000142,172.31.40.0-255,66,21633,62,193589
887,0.000149,74.125.68.0-255,7156,28789,62,193589
888,0.000151,172.31.40.0-255,66,28855,62,193589
889,0.000181,74.125.68.0-255,2543,31398,62,193589
890,0.000185,172.31.40.0-255,66,31464,62,193589
891,0.000661,74.125.68.0-255,1484,32948,62,193589
892,0.000667,172.31.40.0-255,66,33014,62,193589
893,0.000673,74.125.68.0-255,2902,35916,62,193589
894,0.000676,172.31.40.0-255,66,35982,62,193589
895,0.000683,74.125.68.0-255,5738,41720,62,193589
896,0.000685,172.31.40.0-255,66,41786,62,193589
897,0.000699,172.31.40.0-255,66,41852,62,193589
898,0.000717,74.125.68.0-255,2902,44754,62,193589
899,0.000719,172.31.40.0-255,66,44820,62,193589
900,0.000754,74.125.68.0-255,7156,51976,62,193589
901,0.000757,172.31.40.0-255,66,52042,62,193589
902,0.000762,74.125.68.0-255,4273,56315,62,193589
903,0.000764,172.31.40.0-255,66,56381,62,193589
904,0.00088,74.125.68.0-255,108,56489,62,193589
905,0.000991,74.125.68.0-255,1484,57973,62,193589
906,0.000995,172.31.40.0-255,66,58039,62,193589
907,0.001001,74.125.68.0-255,2902,60941,62,193589
908,0.001002,172.31.40.0-255,66,61007,62,193589
909,0.001034,74.125.68.0-255,5738,66745,62,193589
910,0.001037,172.31.40.0-255,66,66811,62,193589
911,0.001052,74.125.68.0-255,4320,71131,62,193589
912,0.001054,172.31.40.0-255,66,71197,62,193589
913,0.001084,74.125.68.0-255,2543,73740,62,193589
914,0.001087,172.31.40.0-255,66,73806,62,193589
915,0.001095,74.125.68.0-255,7156,80962,62,193589
916,0.001098,172.31.40.0-255,66,81028,62,193589
917,0.001109,172.31.40.0-255,66,81094,62,193589
918,0.001155,74.125.68.0-255,331,81425,62,193589
919,0.0013,74.125.68.0-255,1484,82909,62,193589
920,0.001305,172.31.40.0-255,66,82975,62,193589
921,0.001309,74.125.68.0-255,1484,84459,62,193589
922,0.001323,74.125.68.0-255,1484,85943,62,193589
923,0.001325,172.31.40.0-255,66,86009,62,193589
924,0.001351,74.125.68.0-255,5738,91747,62,193589
925,0.001354,172.31.40.0-255,66,91813,62,193589
926,0.00136,74.125.68.0-255,4320,96133,62,193589
927,0.001362,172.31.40.0-255,66,96199,62,193589
928,0.001366,74.125.68.0-255,1484,97683,62,193589
929,0.001388,74.125.68.0-255,4320,102003,62,193589
930,0.001391,172.31.40.0-255,66,102069,62,193589
931,0.001404,172.31.40.0-255,66,102135,62,193589
932,0.001419,74.125.68.0-255,1484,103619,62,193589
933,0.001424,74.125.68.0-255,2184,105803,62,193589
934,0.001426,172.31.40.0-255,66,105869,62,193589
935,0.001464,74.125.68.0-255,1484,107353,62,193589
936,0.001469,74.125.68.0-255,2902,110255,62,193589
937,0.001472,172.31.40.0-255,66,110321,62,193589
938,0.001496,74.125.68.0-255,5738,116059,62,193589
939,0.001499,172.31.40.0-255,66,116125,62,193589
940,0.001505,74.125.68.0-255,4320,120445,62,193589
941,0.001507,172.31.40.0-255,66,120511,62,193589
942,0.001536,74.125.68.0-255,2902,123413,62,193589
943,0.001539,172.31.40.0-255,66,123479,62,193589
944,0.001551,172.31.40.0-255,66,123545,62,193589
945,0.001587,172.31.40.0-255,66,123611,62,193589
946,0.001601,74.125.68.0-255,2902,126513,62,193589
947,0.001604,172.31.40.0-255,66,126579,62,193589
948,0.001633,74.125.68.0-255,4320,130899,62,193589
949,0.001637,172.31.40.0-255,66,130965,62,193589
950,0.00164,74.125.68.0-255,1484,132449,62,193589
951,0.001661,74.125.68.0-255,7156,139605,62,193589
952,0.001664,172.31.40.0-255,66,139671,62,193589
953,0.00167,74.125.68.0-255,5738,145409,62,193589
954,0.001673,172.31.40.0-255,66,145475,62,193589
955,0.001689,74.125.68.0-255,2902,148377,62,193589
956,0.001691,172.31.40.0-255,66,148443,62,193589
957,0.001703,172.31.40.0-255,66,148509,62,193589
958,0.003732,74.125.68.0-255,5738,154247,62,193589
959,0.003739,172.31.40.0-255,66,154313,62,193589
960,0.005767,74.125.68.0-255,4320,158633,62,193589
961,0.005771,172.31.40.0-255,66,158699,62,193589
962,0.005786,74.125.68.0-255,1484,160183,62,193589
963,0.007804,74.125.68.0-255,4320,164503,62,193589
964,0.00781,172.31.40.0-255,66,164569,62,193589
965,0.009862,74.125.68.0-255,5738,170307,62,193589
966,0.00987,172.31.40.0-255,66,170373,62,193589
967,0.011916,74.125.68.0-255,5738,176111,62,193589
968,0.011923,172.31.40.0-255,66,176177,62,193589
969,0.013959,74.125.68.0-255,5738,181915,62,193589
970,0.013966,172.31.40.0-255,66,181981,62,193589
971,0.015988,74.125.68.0-255,5738,187719,62,193589
972,0.015995,172.31.40.0-255,66,187785,62,193589
973,0.018033,74.125.68.0-255,5738,193523,62,193589
974,0.018041,172.31.40.0-255,66,193589,62,193589
975,0.0,74.125.68.0-255,146,146,62,232758
976,2.3e-05,172.31.40.0-255,66,212,62,232758
977,3e-05,74.125.68.0-255,1484,1696,62,232758
978,3.5e-05,172.31.40.0-255,66,1762,62,232758
979,4.1e-05,74.125.68.0-255,2902,4664,62,232758
980,4.5e-05,172.31.40.0-255,66,4730,62,232758
981,4.9e-05,74.125.68.0-255,2902,7632,62,232758
982,5.2e-05,172.31.40.0-255,66,7698,62,232758
983,5.8e-05,74.125.68.0-255,4320,12018,62,232758
984,6.1e-05,172.31.40.0-255,66,12084,62,232758
985,0.000102,172.31.40.0-255,66,12150,62,232758
986,0.000107,74.125.68.0-255,4320,16470,62,232758
987,0.00011,172.31.40.0-255,66,16536,62,232758
988,0.00013,74.125.68.0-255,1484,18020,62,232758
989,0.000132,172.31.40.0-255,66,18086,62,232758
990,0.000153,74.125.68.0-255,3961,22047,62,232758
991,0.000156,172.31.40.0-255,66,22113,62,232758
992,0.000263,74.125.68.0-255,1484,23597,62,232758
993,0.000267,172.31.40.0-255,66,23663,62,232758
994,0.000272,74.125.68.0-255,2902,26565,62,232758
995,0.000274,172.31.40.0-255,66,26631,62,232758
996,0.000277,74.125.68.0-255,1484,28115,62,232758
997,0.00028,172.31.40.0-255,66,28181,62,232758
998,0.000298,74.125.68.0-255,4320,32501,62,232758
999,0.000301,172.31.40.0-255,66,32567,62,232758
1000,0.000305,74.125.68.0-255,2902,35469,62,232758
1001,0.000307,172.31.40.0-255,66,35535,62,232758
1002,0.000329,74.125.68.0-255,1484,37019,62,232758
1003,0.000332,172.31.40.0-255,66,37085,62,232758
1004,0.000346,74.125.68.0-255,5738,42823,62,232758
1005,0.000348,172.31.40.0-255,66,42889,62,232758
1006,0.000368,74.125.68.0-255,3961,46850,62,232758
1007,0.000371,172.31.40.0-255,66,46916,62,232758
1008,0.000374,74.125.68.0-255,1484,48400,62,232758
1009,0.000376,172.31.40.0-255,66,48466,62,232758
1010,0.00038,74.125.68.0-255,2902,51368,62,232758
1011,0.000383,172.31.40.0-255,66,51434,62,232758
1012,0.000389,74.125.68.0-255,5687,57121,62,232758
1013,0.000391,172.31.40.0-255,66,57187,62,232758
1014,0.000433,74.125.68.0-255,111,57298,62,232758
1015,0.000436,172.31.40.0-255,66,57364,62,232758
1016,0.0006,74.125.68.0-255,1484,58848,62,232758
1017,0.000605,172.31.40.0-255,66,58914,62,232758
1018,0.000628,74.125.68.0-255,2902,61816,62,232758
1019,0.000631,172.31.40.0-255,66,61882,62,232758
1020,0.000634,74.125.68.0-255,1484,63366,62,232758
1021,0.000636,172.31.40.0-255,66,63432,62,232758
1022,0.000651,74.125.68.0-255,4320,67752,62,232758
1023,0.000654,172.31.40.0-255,66,67818,62,232758
1024,0.000659,74.125.68.0-255,2902,70720,62,232758
1025,0.000662,74.125.68.0-255,1484,72204,62,232758
1026,0.000668,172.31.40.0-255,66,72270,62,232758
1027,0.000683,74.125.68.0-255,2543,74813,62,232758
1028,0.000697,74.125.68.0-255,4320,79133,62,232758
1029,0.000709,172.31.40.0-255,66,79199,62,232758
1030,0.00072,74.125.68.0-255,4320,83519,62,232758
1031,0.000723,74.125.68.0-255,2902,86421,62,232758
1032,0.000729,172.31.40.0-255,66,86487,62,232758
1033,0.000759,74.125.68.0-255,2902,89389,62,232758
1034,0.000772,74.125.68.0-255,2789,92178,62,232758
1035,0.000778,172.31.40.0-255,66,92244,62,232758
1036,0.000853,74.125.68.0-255,1484,93728,62,232758
1037,0.000879,74.125.68.0-255,2902,96630,62,232758
1038,0.000882,74.125.68.0-255,1484,98114,62,232758
1039,0.000888,172.31.40.0-255,66,98180,62,232758
1040,0.000909,74.125.68.0-255,4320,102500,62,232758
1041,0.000924,172.31.40.0-255,66,102566,62,232758
1042,0.000946,74.125.68.0-255,1484,104050,62,232758
1043,0.00101,172.31.40.0-255,66,104116,62,232758
1044,0.001081,74.125.68.0-255,1484,105600,62,232758
1045,0.001097,74.125.68.0-255,2902,108502,62,232758
1046,0.0011,74.125.68.0-255,1484,109986,62,232758
1047,0.001111,74.125.68.0-255,1484,111470,62,232758
1048,0.001115,74.125.68.0-255,1484,112954,62,232758
1049,0.001122,172.31.40.0-255,66,113020,62,232758
1050,0.001131,74.125.68.0-255,2902,115922,62,232758
1051,0.001137,74.125.68.0-255,5738,121660,62,232758
1052,0.001149,74.125.68.0-255,2902,124562,62,232758
1053,0.001151,74.125.68.0-255,1484,126046,62,232758
1054,0.001154,172.31.40.0-255,66,126112,62,232758
1055,0.001166,74.125.68.0-255,7156,133268,62,232758
1056,0.001189,172.31.40.0-255,66,133334,62,232758
1057,0.00121,74.125.68.0-255,5020,138354,62,232758
1058,0.001227,172.31.40.0-255,66,138420,62,232758
1059,0.001611,74.125.68.0-255,1484,139904,62,232758
1060,0.001625,74.125.68.0-255,2902,142806,62,232758
1061,0.001628,172.31.40.0-255,66,142872,62,232758
1062,0.001634,74.125.68.0-255,4320,147192,62,232758
1063,0.001648,74.125.68.0-255,1484,148676,62,232758
1064,0.001652,172.31.40.0-255,66,148742,62,232758
1065,0.00167,74.125.68.0-255,5738,154480,62,232758
1066,0.001673,172.31.40.0-255,66,154546,62,232758
1067,0.001698,74.125.68.0-255,7156,161702,62,232758
1068,0.001725,74.125.68.0-255,7156,168858,62,232758
1069,0.00173,172.31.40.0-255,66,168924,62,232758
1070,0.001743,74.125.68.0-255,3602,172526,62,232758
1071,0.001765,172.31.40.0-255,66,172592,62,232758
1072,0.001881,74.125.68.0-255,1484,174076,62,232758
1073,0.001885,74.125.68.0-255,1484,175560,62,232758
1074,0.001899,74.125.68.0-255,1484,177044,62,232758
1075,0.001907,172.31.40.0-255,66,177110,62,232758
1076,0.001918,74.125.68.0-255,5738,182848,62,232758
1077,0.001921,74.125.68.0-255,2902,185750,62,232758
1078,0.001928,172.31.40.0-255,66,185816,62,232758
1079,0.001936,74.125.68.0-255,1484,187300,62,232758
1080,0.001965,172.31.40.0-255,66,187366,62,232758
1081,0.001992,74.125.68.0-255,2184,189550,62,232758
1082,0.002007,172.31.40.0-255,66,189616,62,232758
1083,0.002117,74.125.68.0-255,1484,191100,62,232758
1084,0.002133,74.125.68.0-255,2902,194002,62,232758
1085,0.002151,74.125.68.0-255,4320,198322,62,232758
1086,0.002154,172.31.40.0-255,66,198388,62,232758
1087,0.002163,74.125.68.0-255,1484,199872,62,232758
1088,0.002166,172.31.40.0-255,66,199938,62,232758
1089,0.002279,74.125.68.0-255,5738,205676,62,232758
1090,0.002291,74.125.68.0-255,766,206442,62,232758
1091,0.002312,74.125.68.0-255,4320,210762,62,232758
1092,0.00233,74.125.68.0-255,2902,213664,62,232758
1093,0.011009,172.31.40.0-255,66,213730,62,232758
1094,0.012157,74.125.68.0-255,1484,215214,62,232758
1095,0.012165,172.31.40.0-255,66,215280,62,232758
1096,0.013302,74.125.68.0-255,4320,219600,62,232758
1097,0.014436,74.125.68.0-255,1484,221084,62,232758
1098,0.014959,172.31.40.0-255,66,221150,62,232758
1099,0.017254,74.125.68.0-255,5738,226888,62,232758
1100,0.017265,172.31.40.0-255,66,226954,62,232758
1101,0.019552,74.125.68.0-255,5738,232692,62,232758
1102,0.01956,172.31.40.0-255,66,232758,62,232758
1103,0.0,172.31.40.0-255,105,105,62,52706
1104,0.000349,172.31.40.0-255,90,195,62,52706
1105,0.000357,172.31.40.0-255,66,261,62,52706
1106,0.003625,74.125.130.0-255,66,327,62,52706
1107,0.003651,74.125.130.0-255,66,393,62,52706
1108,0.003669,172.31.40.0-255,66,459,62,52706
1109,0.014715,172.217.194.0-255,153,612,62,52706
1110,0.014726,172.31.40.0-255,66,678,62,52706
1111,0.014731,172.217.194.0-255,1484,2162,62,52706
1112,0.014735,172.31.40.0-255,66,2228,62,52706
1113,0.01474,172.217.194.0-255,2902,5130,62,52706
1114,0.01475,172.31.40.0-255,66,5196,62,52706
1115,0.01481,172.217.194.0-255,4320,9516,62,52706
1116,0.014815,172.31.40.0-255,66,9582,62,52706
1117,0.014843,172.217.194.0-255,2902,12484,62,52706
1118,0.014845,172.31.40.0-255,66,12550,62,52706
1119,0.014975,172.217.194.0-255,2102,14652,62,52706
1120,0.01498,172.31.40.0-255,66,14718,62,52706
1121,0.015018,172.31.40.0-255,66,14784,62,52706
1122,0.015044,172.217.194.0-255,2902,17686,62,52706
1123,0.015046,172.31.40.0-255,66,17752,62,52706
1124,0.015243,172.217.194.0-255,7156,24908,62,52706
1125,0.015249,172.31.40.0-255,66,24974,62,52706
1126,0.015296,172.31.40.0-255,66,25040,62,52706
1127,0.015717,172.31.40.0-255,66,25106,62,52706
1128,0.015749,172.217.194.0-255,6797,31903,62,52706
1129,0.015753,172.31.40.0-255,66,31969,62,52706
1130,0.016068,172.31.40.0-255,66,32035,62,52706
1131,0.016098,172.217.194.0-255,2902,34937,62,52706
1132,0.016101,172.31.40.0-255,66,35003,62,52706
1133,0.016422,172.31.40.0-255,66,35069,62,52706
1134,0.016468,172.31.40.0-255,66,35135,62,52706
1135,0.01648,172.217.194.0-255,1709,36844,62,52706
1136,0.017157,172.217.194.0-255,4320,41164,62,52706
1137,0.017454,172.217.194.0-255,4320,45484,62,52706
1138,0.018161,172.217.194.0-255,7156,52640,62,52706
1139,0.018792,172.31.40.0-255,66,52706,62,52706
1140,0.0,74.125.130.0-255,150,150,62,177436
1141,1.4e-05,172.31.40.0-255,66,216,62,177436
1142,2.1e-05,74.125.130.0-255,1484,1700,62,177436
1143,2.5e-05,172.31.40.0-255,66,1766,62,177436
1144,5.6e-05,74.125.130.0-255,2902,4668,62,177436
1145,5.9e-05,172.31.40.0-255,66,4734,62,177436
1146,6.2e-05,74.125.130.0-255,1484,6218,62,177436
1147,6.4e-05,172.31.40.0-255,66,6284,62,177436
1148,8.2e-05,74.125.130.0-255,2902,9186,62,177436
1149,8.5e-05,172.31.40.0-255,66,9252,62,177436
1150,0.000117,74.125.130.0-255,4869,14121,62,177436
1151,0.00012,172.31.40.0-255,66,14187,62,177436
1152,0.000245,74.125.130.0-255,1484,15671,62,177436
1153,0.000249,172.31.40.0-255,66,15737,62,177436
1154,0.000254,74.125.130.0-255,1484,17221,62,177436
1155,0.000256,172.31.40.0-255,66,17287,62,177436
1156,0.00026,74.125.130.0-255,2902,20189,62,177436
1157,0.000264,172.31.40.0-255,66,20255,62,177436
1158,0.000295,74.125.130.0-255,5738,25993,62,177436
1159,0.000298,172.31.40.0-255,66,26059,62,177436
1160,0.000304,74.125.130.0-255,4320,30379,62,177436
1161,0.000307,172.31.40.0-255,66,30445,62,177436
1162,0.000319,74.125.130.0-255,1125,31570,62,177436
1163,0.000323,172.31.40.0-255,66,31636,62,177436
1164,0.000641,74.125.130.0-255,1484,33120,62,177436
1165,0.000647,172.31.40.0-255,66,33186,62,177436
1166,0.000651,74.125.130.0-255,1484,34670,62,177436
1167,0.000653,172.31.40.0-255,66,34736,62,177436
1168,0.000666,74.125.130.0-255,1484,36220,62,177436
1169,0.000668,172.31.40.0-255,66,36286,62,177436
1170,0.000688,74.125.130.0-255,1484,37770,62,177436
1171,0.00069,172.31.40.0-255,66,37836,62,177436
1172,0.000718,74.125.130.0-255,2902,40738,62,177436
1173,0.00072,172.31.40.0-255,66,40804,62,177436
1174,0.000723,74.125.130.0-255,1484,42288,62,177436
1175,0.000756,74.125.130.0-255,2902,45190,62,177436
1176,0.000759,172.31.40.0-255,66,45256,62,177436
1177,0.000762,74.125.130.0-255,1484,46740,62,177436
1178,0.000793,74.125.130.0-255,2543,49283,62,177436
1179,0.000796,172.31.40.0-255,66,49349,62,177436
1180,0.000829,74.125.130.0-255,4320,53669,62,177436
1181,0.000832,172.31.40.0-255,66,53735,62,177436
1182,0.000837,74.125.130.0-255,2902,56637,62,177436
1183,0.00084,172.31.40.0-255,66,56703,62,177436
1184,0.000854,74.125.130.0-255,2902,59605,62,177436
1185,0.000856,172.31.40.0-255,66,59671,62,177436
1186,0.000862,74.125.130.0-255,4320,63991,62,177436
1187,0.000865,172.31.40.0-255,66,64057,62,177436
1188,0.000882,74.125.130.0-255,2543,66600,62,177436
1189,0.000884,172.31.40.0-255,66,66666,62,177436
1190,0.000887,74.125.130.0-255,359,67025,62,177436
1191,0.000937,74.125.130.0-255,383,67408,62,177436
1192,0.001157,172.31.40.0-255,66,67474,62,177436
1193,0.001219,74.125.130.0-255,1484,68958,62,177436
1194,0.001254,74.125.130.0-255,2902,71860,62,177436
1195,0.001258,172.31.40.0-255,66,71926,62,177436
1196,0.001271,74.125.130.0-255,1484,73410,62,177436
1197,0.001285,74.125.130.0-255,2902,76312,62,177436
1198,0.001287,172.31.40.0-255,66,76378,62,177436
1199,0.001306,74.125.130.0-255,1484,77862,62,177436
1200,0.001324,74.125.130.0-255,4320,82182,62,177436
1201,0.001326,172.31.40.0-255,66,82248,62,177436
1202,0.001345,74.125.130.0-255,2902,85150,62,177436
1203,0.001348,172.31.40.0-255,66,85216,62,177436
1204,0.001372,74.125.130.0-255,4320,89536,62,177436
1205,0.001375,172.31.40.0-255,66,89602,62,177436
1206,0.001381,74.125.130.0-255,4320,93922,62,177436
1207,0.001383,172.31.40.0-255,66,93988,62,177436
1208,0.001417,74.125.130.0-255,5738,99726,62,177436
1209,0.00142,172.31.40.0-255,66,99792,62,177436
1210,0.001424,74.125.130.0-255,2184,101976,62,177436
1211,0.001426,172.31.40.0-255,66,102042,62,177436
1212,0.001605,74.125.130.0-255,1484,103526,62,177436
1213,0.001617,74.125.130.0-255,1484,105010,62,177436
1214,0.001621,172.31.40.0-255,66,105076,62,177436
1215,0.001626,74.125.130.0-255,2902,107978,62,177436
1216,0.001628,172.31.40.0-255,66,108044,62,177436
1217,0.001641,74.125.130.0-255,2902,110946,62,177436
1218,0.001643,172.31.40.0-255,66,111012,62,177436
1219,0.001662,74.125.130.0-255,2902,113914,62,177436
1220,0.001665,172.31.40.0-255,66,113980,62,177436
1221,0.001671,74.125.130.0-255,5738,119718,62,177436
1222,0.001673,172.31.40.0-255,66,119784,62,177436
1223,0.001689,74.125.130.0-255,4320,124104,62,177436
1224,0.001692,172.31.40.0-255,66,124170,62,177436
1225,0.001705,74.125.130.0-255,2902,127072,62,177436
1226,0.001708,172.31.40.0-255,66,127138,62,177436
1227,0.001735,74.125.130.0-255,5738,132876,62,177436
1228,0.001737,172.31.40.0-255,66,132942,62,177436
1229,0.00178,74.125.130.0-255,3602,136544,62,177436
1230,0.001783,172.31.40.0-255,66,136610,62,177436
1231,0.003998,74.125.130.0-255,1484,138094,62,177436
1232,0.004048,74.125.130.0-255,4320,142414,62,177436
1233,0.004053,172.31.40.0-255,66,142480,62,177436
1234,0.00631,74.125.130.0-255,1484,143964,62,177436
1235,0.006329,74.125.130.0-255,4320,148284,62,177436
1236,0.006332,172.31.40.0-255,66,148350,62,177436
1237,0.00861,74.125.130.0-255,5738,154088,62,177436
1238,0.008617,172.31.40.0-255,66,154154,62,177436
1239,0.010893,74.125.130.0-255,5738,159892,62,177436
1240,0.0109,172.31.40.0-255,66,159958,62,177436
1241,0.013164,74.125.130.0-255,1484,161442,62,177436
1242,0.01319,74.125.130.0-255,4320,165762,62,177436
1243,0.013195,172.31.40.0-255,66,165828,62,177436
1244,0.015471,74.125.130.0-255,5738,171566,62,177436
1245,0.015477,172.31.40.0-255,66,171632,62,177436
1246,0.017752,74.125.130.0-255,5738,177370,62,177436
1247,0.017759,172.31.40.0-255,66,177436,62,177436
1248,0.0,74.125.130.0-255,153,153,62,138760
1249,2.2e-05,172.31.40.0-255,66,219,62,138760
1250,3.8e-05,74.125.130.0-255,1484,1703,62,138760
1251,4.4e-05,172.31.40.0-255,66,1769,62,138760
1252,4.9e-05,74.125.130.0-255,2902,4671,62,138760
1253,5.2e-05,172.31.40.0-255,66,4737,62,138760
1254,7.5e-05,74.125.130.0-255,4320,9057,62,138760
1255,7.8e-05,172.31.40.0-255,66,9123,62,138760
1256,0.000118,74.125.130.0-255,4939,14062,62,138760
1257,0.000121,172.31.40.0-255,66,14128,62,138760
1258,0.001055,74.125.130.0-255,1484,15612,62,138760
1259,0.001063,172.31.40.0-255,66,15678,62,138760
1260,0.001071,74.125.130.0-255,2902,18580,62,138760
1261,0.001073,172.31.40.0-255,66,18646,62,138760
1262,0.001076,74.125.130.0-255,1484,20130,62,138760
1263,0.001078,172.31.40.0-255,66,20196,62,138760
1264,0.001101,74.125.130.0-255,2902,23098,62,138760
1265,0.001103,172.31.40.0-255,66,23164,62,138760
1266,0.001107,74.125.130.0-255,2902,26066,62,138760
1267,0.001109,172.31.40.0-255,66,26132,62,138760
1268,0.001129,74.125.130.0-255,2902,29034,62,138760
1269,0.001131,172.31.40.0-255,66,29100,62,138760
1270,0.001134,74.125.130.0-255,2543,31643,62,138760
1271,0.001136,172.31.40.0-255,66,31709,62,138760
1272,0.00114,74.125.130.0-255,2902,34611,62,138760
1273,0.001141,172.31.40.0-255,66,34677,62,138760
1274,0.001166,74.125.130.0-255,5738,40415,62,138760
1275,0.001169,172.31.40.0-255,66,40481,62,138760
1276,0.001185,74.125.130.0-255,1484,41965,62,138760
1277,0.001187,172.31.40.0-255,66,42031,62,138760
1278,0.001194,74.125.130.0-255,7156,49187,62,138760
1279,0.001196,172.31.40.0-255,66,49253,62,138760
1280,0.001202,74.125.130.0-255,4320,53573,62,138760
1281,0.001203,172.31.40.0-255,66,53639,62,138760
1282,0.001221,74.125.130.0-255,4320,57959,62,138760
1283,0.001223,172.31.40.0-255,66,58025,62,138760
1284,0.001238,74.125.130.0-255,5738,63763,62,138760
1285,0.001241,172.31.40.0-255,66,63829,62,138760
1286,0.001261,74.125.130.0-255,2184,66013,62,138760
1287,0.001263,172.31.40.0-255,66,66079,62,138760
1288,0.001266,74.125.130.0-255,340,66419,62,138760
1289,0.001474,74.125.130.0-255,113,66532,62,138760
1290,0.00177,74.125.130.0-255,1484,68016,62,138760
1291,0.001776,172.31.40.0-255,66,68082,62,138760
1292,0.001782,74.125.130.0-255,2902,70984,62,138760
1293,0.001784,172.31.40.0-255,66,71050,62,138760
1294,0.001789,74.125.130.0-255,5738,76788,62,138760
1295,0.001791,172.31.40.0-255,66,76854,62,138760
1296,0.001796,74.125.130.0-255,5738,82592,62,138760
1297,0.001799,172.31.40.0-255,66,82658,62,138760
1298,0.001832,74.125.130.0-255,7156,89814,62,138760
1299,0.001835,172.31.40.0-255,66,89880,62,138760
1300,0.001844,172.31.40.0-255,66,89946,62,138760
1301,0.001857,74.125.130.0-255,2184,92130,62,138760
1302,0.001859,172.31.40.0-255,66,92196,62,138760
1303,0.003939,74.125.130.0-255,2902,95098,62,138760
1304,0.003945,172.31.40.0-255,66,95164,62,138760
1305,0.003966,74.125.130.0-255,2902,98066,62,138760
1306,0.003968,172.31.40.0-255,66,98132,62,138760
1307,0.006035,74.125.130.0-255,5738,103870,62,138760
1308,0.006041,172.31.40.0-255,66,103936,62,138760
1309,0.00814,74.125.130.0-255,5738,109674,62,138760
1310,0.008148,172.31.40.0-255,66,109740,62,138760
1311,0.01025,74.125.130.0-255,5738,115478,62,138760
1312,0.010258,172.31.40.0-255,66,115544,62,138760
1313,0.012354,74.125.130.0-255,5738,121282,62,138760
1314,0.012361,172.31.40.0-255,66,121348,62,138760
1315,0.014473,74.125.130.0-255,5738,127086,62,138760
1316,0.014483,172.31.40.0-255,66,127152,62,138760
1317,0.01658,74.125.130.0-255,5738,132890,62,138760
1318,0.016589,172.31.40.0-255,66,132956,62,138760
1319,0.018688,74.125.130.0-255,5738,138694,62,138760
1320,0.018695,172.31.40.0-255,66,138760,62,138760
1321,0.0,74.125.68.0-255,153,153,62,308565
1322,2e-05,172.31.40.0-255,66,219,62,308565
1323,2.6e-05,74.125.68.0-255,1484,1703,62,308565
1324,3e-05,172.31.40.0-255,66,1769,62,308565
1325,3.2e-05,74.125.68.0-255,1484,3253,62,308565
1326,3.5e-05,172.31.40.0-255,66,3319,62,308565
1327,4.6e-05,74.125.68.0-255,2902,6221,62,308565
1328,4.9e-05,172.31.40.0-255,66,6287,62,308565
1329,5.5e-05,74.125.68.0-255,5738,12025,62,308565
1330,5.8e-05,172.31.40.0-255,66,12091,62,308565
1331,0.00011,74.125.68.0-255,4911,17002,62,308565
1332,0.000113,172.31.40.0-255,66,17068,62,308565
1333,0.000118,74.125.68.0-255,5738,22806,62,308565
1334,0.00012,172.31.40.0-255,66,22872,62,308565
1335,0.000129,172.31.40.0-255,66,22938,62,308565
1336,0.000199,74.125.68.0-255,1484,24422,62,308565
1337,0.000202,172.31.40.0-255,66,24488,62,308565
1338,0.000214,74.125.68.0-255,2902,27390,62,308565
1339,0.000219,172.31.40.0-255,66,27456,62,308565
1340,0.000251,74.125.68.0-255,4320,31776,62,308565
1341,0.000253,172.31.40.0-255,66,31842,62,308565
1342,0.000263,172.31.40.0-255,66,31908,62,308565
1343,0.000278,74.125.68.0-255,4320,36228,62,308565
1344,0.00028,172.31.40.0-255,66,36294,62,308565
1345,0.000304,74.125.68.0-255,5738,42032,62,308565
1346,0.000306,172.31.40.0-255,66,42098,62,308565
1347,0.000344,74.125.68.0-255,6438,48536,62,308565
1348,0.000347,172.31.40.0-255,66,48602,62,308565
1349,0.000527,74.125.68.0-255,363,48965,62,308565
1350,0.00053,172.31.40.0-255,66,49031,62,308565
1351,0.000534,74.125.68.0-255,382,49413,62,308565
1352,0.000928,74.125.68.0-255,1484,50897,62,308565
1353,0.000933,172.31.40.0-255,66,50963,62,308565
1354,0.000942,74.125.68.0-255,2902,53865,62,308565
1355,0.000946,172.31.40.0-255,66,53931,62,308565
1356,0.001002,74.125.68.0-255,4320,58251,62,308565
1357,0.001005,172.31.40.0-255,66,58317,62,308565
1358,0.001036,74.125.68.0-255,2902,61219,62,308565
1359,0.001039,172.31.40.0-255,66,61285,62,308565
1360,0.001044,74.125.68.0-255,4320,65605,62,308565
1361,0.001045,172.31.40.0-255,66,65671,62,308565
1362,0.001065,74.125.68.0-255,4320,69991,62,308565
1363,0.001068,172.31.40.0-255,66,70057,62,308565
1364,0.001094,74.125.68.0-255,4320,74377,62,308565
1365,0.001098,74.125.68.0-255,4320,78697,62,308565
1366,0.001103,74.125.68.0-255,5020,83717,62,308565
1367,0.001108,172.31.40.0-255,66,83783,62,308565
1368,0.001111,172.31.40.0-255,66,83849,62,308565
1369,0.001122,172.31.40.0-255,66,83915,62,308565
1370,0.00122,74.125.68.0-255,1484,85399,62,308565
1371,0.001237,74.125.68.0-255,2902,88301,62,308565
1372,0.00124,172.31.40.0-255,66,88367,62,308565
1373,0.001263,74.125.68.0-255,5738,94105,62,308565
1374,0.001266,172.31.40.0-255,66,94171,62,308565
1375,0.0013,172.31.40.0-255,66,94237,62,308565
1376,0.001328,172.31.40.0-255,66,94303,62,308565
1377,0.001333,74.125.68.0-255,4320,98623,62,308565
1378,0.001335,172.31.40.0-255,66,98689,62,308565
1379,0.001351,74.125.68.0-255,766,99455,62,308565
1380,0.001354,74.125.68.0-255,1484,100939,62,308565
1381,0.001356,172.31.40.0-255,66,101005,62,308565
1382,0.001381,74.125.68.0-255,4320,105325,62,308565
1383,0.001383,172.31.40.0-255,66,105391,62,308565
1384,0.001389,74.125.68.0-255,5738,111129,62,308565
1385,0.00139,172.31.40.0-255,66,111195,62,308565
1386,0.001418,74.125.68.0-255,4320,115515,62,308565
1387,0.001421,172.31.40.0-255,66,115581,62,308565
1388,0.001446,74.125.68.0-255,2902,118483,62,308565
1389,0.001448,172.31.40.0-255,66,118549,62,308565
1390,0.001459,172.31.40.0-255,66,118615,62,308565
1391,0.001482,74.125.68.0-255,2902,121517,62,308565
1392,0.001484,172.31.40.0-255,66,121583,62,308565
1393,0.001512,74.125.68.0-255,6438,128021,62,308565
1394,0.001515,172.31.40.0-255,66,128087,62,308565
1395,0.001525,172.31.40.0-255,66,128153,62,308565
1396,0.001553,74.125.68.0-255,4320,132473,62,308565
1397,0.001555,172.31.40.0-255,66,132539,62,308565
1398,0.001584,74.125.68.0-255,5738,138277,62,308565
1399,0.001615,74.125.68.0-255,2902,141179,62,308565
1400,0.00163,74.125.68.0-255,2902,144081,62,308565
1401,0.001636,172.31.40.0-255,66,144147,62,308565
1402,0.001664,74.125.68.0-255,5020,149167,62,308565
1403,0.00167,172.31.40.0-255,66,149233,62,308565
1404,0.001704,74.125.68.0-255,1484,150717,62,308565
1405,0.001708,74.125.68.0-255,2902,153619,62,308565
1406,0.00172,172.31.40.0-255,66,153685,62,308565
1407,0.001723,74.125.68.0-255,1484,155169,62,308565
1408,0.001749,74.125.68.0-255,4320,159489,62,308565
1409,0.001754,74.125.68.0-255,4320,163809,62,308565
1410,0.001759,74.125.68.0-255,5738,169547,62,308565
1411,0.001771,172.31.40.0-255,66,169613,62,308565
1412,0.001779,74.125.68.0-255,1484,171097,62,308565
1413,0.00181,74.125.68.0-255,2184,173281,62,308565
1414,0.001815,172.31.40.0-255,66,173347,62,308565
1415,0.001852,74.125.68.0-255,2902,176249,62,308565
1416,0.001855,74.125.68.0-255,1484,177733,62,308565
1417,0.001869,74.125.68.0-255,2902,180635,62,308565
1418,0.001872,172.31.40.0-255,66,180701,62,308565
1419,0.001876,172.31.40.0-255,66,180767,62,308565
1420,0.001912,74.125.68.0-255,4320,185087,62,308565
1421,0.001917,74.125.68.0-255,4320,189407,62,308565
1422,0.001929,172.31.40.0-255,66,189473,62,308565
1423,0.001932,74.125.68.0-255,1484,190957,62,308565
1424,0.001953,74.125.68.0-255,4320,195277,62,308565
1425,0.001963,172.31.40.0-255,66,195343,62,308565
1426,0.001971,74.125.68.0-255,3602,198945,62,308565
1427,0.001975,172.31.40.0-255,66,199011,62,308565
1428,0.002004,74.125.68.0-255,1484,200495,62,308565
1429,0.00202,74.125.68.0-255,2902,203397,62,308565
1430,0.002026,172.31.40.0-255,66,203463,62,308565
1431,0.002045,74.125.68.0-255,5738,209201,62,308565
1432,0.002055,172.31.40.0-255,66,209267,62,308565
1433,0.002082,74.125.68.0-255,7156,216423,62,308565
1434,0.002106,74.125.68.0-255,7156,223579,62,308565
1435,0.002116,74.125.68.0-255,766,224345,62,308565
1436,0.002119,172.31.40.0-255,66,224411,62,308565
1437,0.00215,74.125.68.0-255,7156,231567,62,308565
1438,0.002163,172.31.40.0-255,66,231633,62,308565
1439,0.002181,74.125.68.0-255,1484,233117,62,308565
1440,0.002186,74.125.68.0-255,2902,236019,62,308565
1441,0.002195,172.31.40.0-255,66,236085,62,308565
1442,0.002239,74.125.68.0-255,7156,243241,62,308565
1443,0.002245,74.125.68.0-255,5738,248979,62,308565
1444,0.002253,172.31.40.0-255,66,249045,62,308565
1445,0.002266,74.125.68.0-255,2184,251229,62,308565
1446,0.002276,74.125.68.0-255,4320,255549,62,308565
1447,0.002282,74.125.68.0-255,5738,261287,62,308565
1448,0.002295,172.31.40.0-255,66,261353,62,308565
1449,0.002305,74.125.68.0-255,4320,265673,62,308565
1450,0.002311,172.31.40.0-255,66,265739,62,308565
1451,0.002337,74.125.68.0-255,7156,272895,62,308565
1452,0.002342,74.125.68.0-255,4320,277215,62,308565
1453,0.002361,172.31.40.0-255,66,277281,62,308565
1454,0.002388,74.125.68.0-255,4320,281601,62,308565
1455,0.002396,172.31.40.0-255,66,281667,62,308565
1456,0.002405,74.125.68.0-255,2184,283851,62,308565
1457,0.002449,172.31.40.0-255,66,283917,62,308565
1458,0.004759,74.125.68.0-255,2902,286819,62,308565
1459,0.004767,172.31.40.0-255,66,286885,62,308565
1460,0.004794,74.125.68.0-255,2902,289787,62,308565
1461,0.007083,172.31.40.0-255,66,289853,62,308565
1462,0.007132,74.125.68.0-255,2902,292755,62,308565
1463,0.00715,172.31.40.0-255,66,292821,62,308565
1464,0.00944,74.125.68.0-255,2902,295723,62,308565
1465,0.009445,172.31.40.0-255,66,295789,62,308565
1466,0.009507,74.125.68.0-255,2902,298691,62,308565
1467,0.00951,172.31.40.0-255,66,298757,62,308565
1468,0.011807,74.125.68.0-255,2902,301659,62,308565
1469,0.011813,172.31.40.0-255,66,301725,62,308565
1470,0.01186,74.125.68.0-255,2902,304627,62,308565
1471,0.011863,172.31.40.0-255,66,304693,62,308565
1472,0.014183,74.125.68.0-255,2902,307595,62,308565
1473,0.014191,172.31.40.0-255,66,307661,62,308565
1474,0.014218,74.125.68.0-255,667,308328,62,308565
1475,0.016085,172.31.40.0-255,66,308394,62,308565
1476,0.016126,172.31.40.0-255,105,308499,62,308565
1477,0.018445,74.125.68.0-255,66,308565,62,308565
1478,0.0,74.125.24.0-255,146,146,62,124105
1479,1.8e-05,172.31.40.0-255,66,212,62,124105
1480,2.5e-05,74.125.24.0-255,1484,1696,62,124105
1481,2.9e-05,172.31.40.0-255,66,1762,62,124105
1482,3.5e-05,74.125.24.0-255,2902,4664,62,124105
1483,4.4e-05,172.31.40.0-255,66,4730,62,124105
1484,8.3e-05,74.125.24.0-255,7156,11886,62,124105
1485,8.6e-05,172.31.40.0-255,66,11952,62,124105
1486,0.000112,74.125.24.0-255,2038,13990,62,124105
1487,0.000114,172.31.40.0-255,66,14056,62,124105
1488,0.00012,74.125.24.0-255,4320,18376,62,124105
1489,0.000122,172.31.40.0-255,66,18442,62,124105
1490,0.000153,74.125.24.0-255,7156,25598,62,124105
1491,0.000155,172.31.40.0-255,66,25664,62,124105
1492,0.000201,74.125.24.0-255,2902,28566,62,124105
1493,0.000203,172.31.40.0-255,66,28632,62,124105
1494,0.000229,172.31.40.0-255,66,28698,62,124105
1495,0.000321,74.125.24.0-255,2902,31600,62,124105
1496,0.000325,172.31.40.0-255,66,31666,62,124105
1497,0.000359,172.31.40.0-255,66,31732,62,124105
1498,0.000393,74.125.24.0-255,2902,34634,62,124105
1499,0.000396,172.31.40.0-255,66,34700,62,124105
1500,0.000429,172.31.40.0-255,66,34766,62,124105
1501,0.000487,74.125.24.0-255,4320,39086,62,124105
1502,0.00049,172.31.40.0-255,66,39152,62,124105
1503,0.000506,74.125.24.0-255,1431,40583,62,124105
1504,0.000508,172.31.40.0-255,66,40649,62,124105
1505,0.000645,74.125.24.0-255,114,40763,62,124105
1506,0.000649,172.31.40.0-255,66,40829,62,124105
1507,0.000701,74.125.24.0-255,1484,42313,62,124105
1508,0.000719,74.125.24.0-255,2902,45215,62,124105
1509,0.000726,172.31.40.0-255,66,45281,62,124105
1510,0.000739,74.125.24.0-255,4320,49601,62,124105
1511,0.000751,74.125.24.0-255,1484,51085,62,124105
1512,0.000767,172.31.40.0-255,66,51151,62,124105
1513,0.000792,74.125.24.0-255,2902,54053,62,124105
1514,0.000808,74.125.24.0-255,5738,59791,62,124105
1515,0.000812,172.31.40.0-255,66,59857,62,124105
1516,0.000822,74.125.24.0-255,4320,64177,62,124105
1517,0.000847,172.31.40.0-255,66,64243,62,124105
1518,0.000874,74.125.24.0-255,2902,67145,62,124105
1519,0.000884,74.125.24.0-255,1484,68629,62,124105
1520,0.000891,172.31.40.0-255,66,68695,62,124105
1521,0.000916,74.125.24.0-255,6438,75133,62,124105
1522,0.000919,172.31.40.0-255,66,75199,62,124105
1523,0.002379,74.125.24.0-255,1484,76683,62,124105
1524,0.002389,74.125.24.0-255,1484,78167,62,124105
1525,0.002394,172.31.40.0-255,66,78233,62,124105
1526,0.002415,74.125.24.0-255,1484,79717,62,124105
1527,0.002418,74.125.24.0-255,1484,81201,62,124105
1528,0.002421,74.125.24.0-255,1484,82685,62,124105
1529,0.002467,172.31.40.0-255,66,82751,62,124105
1530,0.004801,74.125.24.0-255,1484,84235,62,124105
1531,0.004874,74.125.24.0-255,4320,88555,62,124105
1532,0.004879,172.31.40.0-255,66,88621,62,124105
1533,0.00725,74.125.24.0-255,5738,94359,62,124105
1534,0.007289,172.31.40.0-255,66,94425,62,124105
1535,0.009638,74.125.24.0-255,2902,97327,62,124105
1536,0.009644,172.31.40.0-255,66,97393,62,124105
1537,0.009675,74.125.24.0-255,2902,100295,62,124105
1538,0.009692,172.31.40.0-255,66,100361,62,124105
1539,0.012042,74.125.24.0-255,2902,103263,62,124105
1540,0.01205,172.31.40.0-255,66,103329,62,124105
1541,0.012085,74.125.24.0-255,2902,106231,62,124105
1542,0.012115,172.31.40.0-255,66,106297,62,124105
1543,0.014406,74.125.24.0-255,2902,109199,62,124105
1544,0.014414,172.31.40.0-255,66,109265,62,124105
1545,0.014475,74.125.24.0-255,2902,112167,62,124105
1546,0.0145,172.31.40.0-255,66,112233,62,124105
1547,0.016781,74.125.24.0-255,2902,115135,62,124105
1548,0.016789,172.31.40.0-255,66,115201,62,124105
1549,0.016875,74.125.24.0-255,2902,118103,62,124105
1550,0.0169,172.31.40.0-255,66,118169,62,124105
1551,0.019168,74.125.24.0-255,2902,121071,62,124105
1552,0.019179,172.31.40.0-255,66,121137,62,124105
1553,0.019299,74.125.24.0-255,2902,124039,62,124105
1554,0.019305,172.31.40.0-255,66,124105,62,124105
1555,0.0,172.217.194.0-255,152,152,62,190834
1556,1.8e-05,172.31.40.0-255,66,218,62,190834
1557,2.5e-05,172.217.194.0-255,1484,1702,62,190834
1558,3e-05,172.31.40.0-255,66,1768,62,190834
1559,3.6e-05,172.217.194.0-255,2902,4670,62,190834
1560,4.6e-05,172.31.40.0-255,66,4736,62,190834
1561,5.4e-05,172.217.194.0-255,7156,11892,62,190834
1562,5.7e-05,172.31.40.0-255,66,11958,62,190834
1563,7e-05,172.31.40.0-255,66,12024,62,190834
1564,0.000108,172.217.194.0-255,4320,16344,62,190834
1565,0.000111,172.31.40.0-255,66,16410,62,190834
1566,0.000142,172.217.194.0-255,5379,21789,62,190834
1567,0.000145,172.31.40.0-255,66,21855,62,190834
1568,0.000173,172.217.194.0-255,1484,23339,62,190834
1569,0.000176,172.31.40.0-255,66,23405,62,190834
1570,0.000204,172.217.194.0-255,2902,26307,62,190834
1571,0.000207,172.31.40.0-255,66,26373,62,190834
1572,0.000213,172.217.194.0-255,5738,32111,62,190834
1573,0.000215,172.31.40.0-255,66,32177,62,190834
1574,0.000254,172.31.40.0-255,66,32243,62,190834
1575,0.00026,172.217.194.0-255,4320,36563,62,190834
1576,0.000262,172.31.40.0-255,66,36629,62,190834
1577,0.000288,172.217.194.0-255,2902,39531,62,190834
1578,0.000294,172.31.40.0-255,66,39597,62,190834
1579,0.000313,172.217.194.0-255,2902,42499,62,190834
1580,0.000315,172.31.40.0-255,66,42565,62,190834
1581,0.000341,172.217.194.0-255,2793,45358,62,190834
1582,0.000343,172.31.40.0-255,66,45424,62,190834
1583,0.000346,172.217.194.0-255,114,45538,62,190834
1584,0.000348,172.31.40.0-255,66,45604,62,190834
1585,0.000351,172.217.194.0-255,388,45992,62,190834
1586,0.000889,172.217.194.0-255,1484,47476,62,190834
1587,0.000895,172.31.40.0-255,66,47542,62,190834
1588,0.000901,172.217.194.0-255,2902,50444,62,190834
1589,0.000903,172.31.40.0-255,66,50510,62,190834
1590,0.00091,172.217.194.0-255,5738,56248,62,190834
1591,0.000912,172.31.40.0-255,66,56314,62,190834
1592,0.000968,172.31.40.0-255,66,56380,62,190834
1593,0.000979,172.31.40.0-255,66,56446,62,190834
1594,0.001002,172.217.194.0-255,2184,58630,62,190834
1595,0.001004,172.31.40.0-255,66,58696,62,190834
1596,0.001597,172.217.194.0-255,1484,60180,62,190834
1597,0.001606,172.217.194.0-255,2902,63082,62,190834
1598,0.001611,172.31.40.0-255,66,63148,62,190834
1599,0.001619,172.217.194.0-255,5738,68886,62,190834
1600,0.001621,172.31.40.0-255,66,68952,62,190834
1601,0.001633,172.217.194.0-255,4320,73272,62,190834
1602,0.001635,172.31.40.0-255,66,73338,62,190834
1603,0.001665,172.217.194.0-255,5738,79076,62,190834
1604,0.001667,172.31.40.0-255,66,79142,62,190834
1605,0.001702,172.31.40.0-255,66,79208,62,190834
1606,0.001733,172.217.194.0-255,5020,84228,62,190834
1607,0.001736,172.31.40.0-255,66,84294,62,190834
1608,0.001765,172.217.194.0-255,1484,85778,62,190834
1609,0.001785,172.217.194.0-255,2902,88680,62,190834
1610,0.001789,172.31.40.0-255,66,88746,62,190834
1611,0.001794,172.217.194.0-255,4320,93066,62,190834
1612,0.001796,172.31.40.0-255,66,93132,62,190834
1613,0.001816,172.217.194.0-255,1484,94616,62,190834
1614,0.00182,172.217.194.0-255,2902,97518,62,190834
1615,0.001827,172.31.40.0-255,66,97584,62,190834
1616,0.001851,172.31.40.0-255,66,97650,62,190834
1617,0.001879,172.31.40.0-255,66,97716,62,190834
1618,0.001909,172.31.40.0-255,66,97782,62,190834
1619,0.001944,172.217.194.0-255,4320,102102,62,190834
1620,0.001947,172.31.40.0-255,66,102168,62,190834
1621,0.001969,172.31.40.0-255,66,102234,62,190834
1622,0.001971,172.217.194.0-255,766,103000,62,190834
1623,0.002004,172.217.194.0-255,1484,104484,62,190834
1624,0.002007,172.31.40.0-255,66,104550,62,190834
1625,0.002011,172.217.194.0-255,1484,106034,62,190834
1626,0.002036,172.217.194.0-255,1484,107518,62,190834
1627,0.00204,172.31.40.0-255,66,107584,62,190834
1628,0.002046,172.217.194.0-255,5738,113322,62,190834
1629,0.002049,172.31.40.0-255,66,113388,62,190834
1630,0.002055,172.217.194.0-255,5738,119126,62,190834
1631,0.002058,172.31.40.0-255,66,119192,62,190834
1632,0.002071,172.31.40.0-255,66,119258,62,190834
1633,0.002094,172.217.194.0-255,1484,120742,62,190834
1634,0.002104,172.217.194.0-255,5020,125762,62,190834
1635,0.002106,172.31.40.0-255,66,125828,62,190834
1636,0.002135,172.217.194.0-255,5738,131566,62,190834
1637,0.002139,172.31.40.0-255,66,131632,62,190834
1638,0.002169,172.217.194.0-255,7156,138788,62,190834
1639,0.002172,172.31.40.0-255,66,138854,62,190834
1640,0.002175,172.217.194.0-255,1484,140338,62,190834
1641,0.002215,172.31.40.0-255,66,140404,62,190834
1642,0.002225,172.31.40.0-255,66,140470,62,190834
1643,0.002303,172.31.40.0-255,66,140536,62,190834
1644,0.002309,172.217.194.0-255,5738,146274,62,190834
1645,0.002311,172.31.40.0-255,66,146340,62,190834
1646,0.002359,172.31.40.0-255,66,146406,62,190834
1647,0.002382,172.217.194.0-255,5020,151426,62,190834
1648,0.002385,172.31.40.0-255,66,151492,62,190834
1649,0.002399,172.31.40.0-255,66,151558,62,190834
1650,0.004737,172.217.194.0-255,5738,157296,62,190834
1651,0.004746,172.31.40.0-255,66,157362,62,190834
1652,0.007085,172.217.194.0-255,5738,163100,62,190834
1653,0.007105,172.31.40.0-255,66,163166,62,190834
1654,0.009473,172.217.194.0-255,5738,168904,62,190834
1655,0.009492,172.31.40.0-255,66,168970,62,190834
1656,0.011817,172.217.194.0-255,5738,174708,62,190834
1657,0.011826,172.31.40.0-255,66,174774,62,190834
1658,0.014152,172.217.194.0-255,4320,179094,62,190834
1659,0.014158,172.31.40.0-255,66,179160,62,190834
1660,0.014185,172.217.194.0-255,1484,180644,62,190834
1661,0.016561,172.217.194.0-255,4320,184964,62,190834
1662,0.016575,172.31.40.0-255,66,185030,62,190834
1663,0.018909,172.217.194.0-255,5738,190768,62,190834
1664,0.018924,172.31.40.0-255,66,190834,62,190834
1665,0.0,74.125.24.0-255,153,153,62,155229
1666,1.3e-05,172.31.40.0-255,66,219,62,155229
1667,2e-05,74.125.24.0-255,1484,1703,62,155229
1668,2.4e-05,172.31.40.0-255,66,1769,62,155229
1669,3e-05,74.125.24.0-255,2902,4671,62,155229
1670,3.4e-05,172.31.40.0-255,66,4737,62,155229
1671,6.2e-05,74.125.24.0-255,7156,11893,62,155229
1672,6.5e-05,172.31.40.0-255,66,11959,62,155229
1673,8.3e-05,74.125.24.0-255,2902,14861,62,155229
1674,8.5e-05,172.31.40.0-255,66,14927,62,155229
1675,0.000117,172.31.40.0-255,66,14993,62,155229
1676,0.000128,172.31.40.0-255,66,15059,62,155229
1677,0.000159,74.125.24.0-255,7156,22215,62,155229
1678,0.000162,172.31.40.0-255,66,22281,62,155229
1679,0.000174,172.31.40.0-255,66,22347,62,155229
1680,0.000177,74.125.24.0-255,1484,23831,62,155229
1681,0.000178,172.31.40.0-255,66,23897,62,155229
1682,0.000219,172.31.40.0-255,66,23963,62,155229
1683,0.000222,74.125.24.0-255,1479,25442,62,155229
1684,0.000223,172.31.40.0-255,66,25508,62,155229
1685,0.000329,74.125.24.0-255,1484,26992,62,155229
1686,0.000332,172.31.40.0-255,66,27058,62,155229
1687,0.000336,74.125.24.0-255,1484,28542,62,155229
1688,0.000338,172.31.40.0-255,66,28608,62,155229
1689,0.000352,74.125.24.0-255,1484,30092,62,155229
1690,0.000355,172.31.40.0-255,66,30158,62,155229
1691,0.00036,74.125.24.0-255,5738,35896,62,155229
1692,0.000363,172.31.40.0-255,66,35962,62,155229
1693,0.000367,74.125.24.0-255,2902,38864,62,155229
1694,0.000369,172.31.40.0-255,66,38930,62,155229
1695,0.000396,74.125.24.0-255,7156,46086,62,155229
1696,0.000398,172.31.40.0-255,66,46152,62,155229
1697,0.000415,74.125.24.0-255,1484,47636,62,155229
1698,0.000466,172.31.40.0-255,66,47702,62,155229
1699,0.00147,74.125.24.0-255,1484,49186,62,155229
1700,0.001479,74.125.24.0-255,2902,52088,62,155229
1701,0.001483,172.31.40.0-255,66,52154,62,155229
1702,0.001491,74.125.24.0-255,5738,57892,62,155229
1703,0.001493,172.31.40.0-255,66,57958,62,155229
1704,0.001554,172.31.40.0-255,66,58024,62,155229
1705,0.002347,74.125.24.0-255,1484,59508,62,155229
1706,0.002351,74.125.24.0-255,2902,62410,62,155229
1707,0.00237,74.125.24.0-255,5738,68148,62,155229
1708,0.002372,74.125.24.0-255,1484,69632,62,155229
1709,0.002385,74.125.24.0-255,1484,71116,62,155229
1710,0.002389,74.125.24.0-255,1484,72600,62,155229
1711,0.002408,74.125.24.0-255,2902,75502,62,155229
1712,0.002411,74.125.24.0-255,2902,78404,62,155229
1713,0.002444,74.125.24.0-255,4320,82724,62,155229
1714,0.003279,74.125.24.0-255,1484,84208,62,155229
1715,0.003282,74.125.24.0-255,1484,85692,62,155229
1716,0.003291,74.125.24.0-255,1484,87176,62,155229
1717,0.003314,74.125.24.0-255,5738,92914,62,155229
1718,0.00332,74.125.24.0-255,2902,95816,62,155229
1719,0.003334,74.125.24.0-255,2902,98718,62,155229
1720,0.003341,74.125.24.0-255,7156,105874,62,155229
1721,0.003366,74.125.24.0-255,5738,111612,62,155229
1722,0.003373,74.125.24.0-255,5020,116632,62,155229
1723,0.003475,74.125.24.0-255,1484,118116,62,155229
1724,0.003486,74.125.24.0-255,2902,121018,62,155229
1725,0.003511,74.125.24.0-255,1484,122502,62,155229
1726,0.003534,74.125.24.0-255,4320,126822,62,155229
1727,0.00355,74.125.24.0-255,2902,129724,62,155229
1728,0.003595,74.125.24.0-255,5738,135462,62,155229
1729,0.003642,74.125.24.0-255,1484,136946,62,155229
1730,0.003736,74.125.24.0-255,2902,139848,62,155229
1731,0.003743,74.125.24.0-255,7156,147004,62,155229
1732,0.003915,74.125.24.0-255,5020,152024,62,155229
1733,0.003933,74.125.24.0-255,2863,154887,62,155229
1734,0.003936,74.125.24.0-255,105,154992,62,155229
1735,0.00421,172.31.40.0-255,66,155058,62,155229
1736,0.008954,172.31.40.0-255,105,155163,62,155229
1737,0.011349,74.125.24.0-255,66,155229,62,155229
1738,0.0,74.125.24.0-255,150,150,62,177549
1739,2.2e-05,172.31.40.0-255,66,216,62,177549
1740,2.9e-05,74.125.24.0-255,1484,1700,62,177549
1741,3.4e-05,172.31.40.0-255,66,1766,62,177549
1742,4e-05,74.125.24.0-255,2902,4668,62,177549
1743,4.4e-05,172.31.40.0-255,66,4734,62,177549
1744,5e-05,74.125.24.0-255,5738,10472,62,177549
1745,5.3e-05,172.31.40.0-255,66,10538,62,177549
1746,7.4e-05,74.125.24.0-255,1484,12022,62,177549
1747,7.7e-05,172.31.40.0-255,66,12088,62,177549
1748,8.2e-05,74.125.24.0-255,2039,14127,62,177549
1749,8.4e-05,172.31.40.0-255,66,14193,62,177549
1750,0.00021,74.125.24.0-255,1484,15677,62,177549
1751,0.000215,172.31.40.0-255,66,15743,62,177549
1752,0.000221,74.125.24.0-255,2902,18645,62,177549
1753,0.000223,172.31.40.0-255,66,18711,62,177549
1754,0.000253,74.125.24.0-255,5738,24449,62,177549
1755,0.000256,172.31.40.0-255,66,24515,62,177549
1756,0.000259,74.125.24.0-255,1484,25999,62,177549
1757,0.000261,172.31.40.0-255,66,26065,62,177549
1758,0.00028,74.125.24.0-255,5379,31444,62,177549
1759,0.000282,172.31.40.0-255,66,31510,62,177549
1760,0.000289,74.125.24.0-255,7156,38666,62,177549
1761,0.000292,172.31.40.0-255,66,38732,62,177549
1762,0.000323,74.125.24.0-255,7156,45888,62,177549
1763,0.000327,172.31.40.0-255,66,45954,62,177549
1764,0.000345,74.125.24.0-255,2543,48497,62,177549
1765,0.000348,172.31.40.0-255,66,48563,62,177549
1766,0.000577,74.125.24.0-255,1484,50047,62,177549
1767,0.000581,172.31.40.0-255,66,50113,62,177549
1768,0.000587,74.125.24.0-255,2902,53015,62,177549
1769,0.00059,172.31.40.0-255,66,53081,62,177549
1770,0.000596,74.125.24.0-255,5738,58819,62,177549
1771,0.000608,172.31.40.0-255,66,58885,62,177549
1772,0.000617,74.125.24.0-255,1484,60369,62,177549
1773,0.000638,74.125.24.0-255,5379,65748,62,177549
1774,0.000652,172.31.40.0-255,66,65814,62,177549
1775,0.000974,74.125.24.0-255,648,66462,62,177549
1776,0.00099,74.125.24.0-255,1484,67946,62,177549
1777,0.000994,172.31.40.0-255,66,68012,62,177549
1778,0.00102,74.125.24.0-255,4320,72332,62,177549
1779,0.001023,172.31.40.0-255,66,72398,62,177549
1780,0.001036,74.125.24.0-255,1484,73882,62,177549
1781,0.001074,172.31.40.0-255,66,73948,62,177549
1782,0.001134,172.31.40.0-255,66,74014,62,177549
1783,0.001148,74.125.24.0-255,1125,75139,62,177549
1784,0.001154,172.31.40.0-255,66,75205,62,177549
1785,0.001426,74.125.24.0-255,1484,76689,62,177549
1786,0.001433,74.125.24.0-255,2902,79591,62,177549
1787,0.001436,172.31.40.0-255,66,79657,62,177549
1788,0.001444,74.125.24.0-255,5738,85395,62,177549
1789,0.001446,172.31.40.0-255,66,85461,62,177549
1790,0.001451,74.125.24.0-255,2902,88363,62,177549
1791,0.001453,172.31.40.0-255,66,88429,62,177549
1792,0.001468,74.125.24.0-255,1484,89913,62,177549
1793,0.001472,74.125.24.0-255,1484,91397,62,177549
1794,0.001474,172.31.40.0-255,66,91463,62,177549
1795,0.001508,172.31.40.0-255,66,91529,62,177549
1796,0.001538,74.125.24.0-255,7156,98685,62,177549
1797,0.00154,172.31.40.0-255,66,98751,62,177549
1798,0.001557,74.125.24.0-255,766,99517,62,177549
1799,0.001741,74.125.24.0-255,1484,101001,62,177549
1800,0.001745,172.31.40.0-255,66,101067,62,177549
1801,0.00175,74.125.24.0-255,2902,103969,62,177549
1802,0.001753,172.31.40.0-255,66,104035,62,177549
1803,0.001782,74.125.24.0-255,5738,109773,62,177549
1804,0.001785,172.31.40.0-255,66,109839,62,177549
1805,0.001791,74.125.24.0-255,4320,114159,62,177549
1806,0.001793,172.31.40.0-255,66,114225,62,177549
1807,0.001825,74.125.24.0-255,2902,117127,62,177549
1808,0.00184,74.125.24.0-255,4320,121447,62,177549
1809,0.001853,172.31.40.0-255,66,121513,62,177549
1810,0.00187,74.125.24.0-255,1484,122997,62,177549
1811,0.001889,74.125.24.0-255,2184,125181,62,177549
1812,0.0019,172.31.40.0-255,66,125247,62,177549
1813,0.003825,74.125.24.0-255,1484,126731,62,177549
1814,0.003859,74.125.24.0-255,4320,131051,62,177549
1815,0.003863,172.31.40.0-255,66,131117,62,177549
1816,0.00587,74.125.24.0-255,5738,136855,62,177549
1817,0.005874,172.31.40.0-255,66,136921,62,177549
1818,0.007873,74.125.24.0-255,5738,142659,62,177549
1819,0.00788,172.31.40.0-255,66,142725,62,177549
1820,0.009872,74.125.24.0-255,5738,148463,62,177549
1821,0.00988,172.31.40.0-255,66,148529,62,177549
1822,0.011886,74.125.24.0-255,5738,154267,62,177549
1823,0.011895,172.31.40.0-255,66,154333,62,177549
1824,0.013883,74.125.24.0-255,5738,160071,62,177549
1825,0.013891,172.31.40.0-255,66,160137,62,177549
1826,0.015906,74.125.24.0-255,5738,165875,62,177549
1827,0.015914,172.31.40.0-255,66,165941,62,177549
1828,0.017912,74.125.24.0-255,5738,171679,62,177549
1829,0.017919,172.31.40.0-255,66,171745,62,177549
1830,0.019921,74.125.24.0-255,5738,177483,62,177549
1831,0.019928,172.31.40.0-255,66,177549,62,177549
1832,0.0,74.125.24.0-255,153,153,62,282100
1833,2.1e-05,172.31.40.0-255,66,219,62,282100
1834,2.9e-05,74.125.24.0-255,1484,1703,62,282100
1835,3.4e-05,172.31.40.0-255,66,1769,62,282100
1836,3.9e-05,74.125.24.0-255,2902,4671,62,282100
1837,4.3e-05,172.31.40.0-255,66,4737,62,282100
1838,8.4e-05,74.125.24.0-255,1484,6221,62,282100
1839,8.8e-05,172.31.40.0-255,66,6287,62,282100
1840,9.3e-05,74.125.24.0-255,2902,9189,62,282100
1841,9.6e-05,172.31.40.0-255,66,9255,62,282100
1842,0.000107,74.125.24.0-255,4320,13575,62,282100
1843,0.00011,172.31.40.0-255,66,13641,62,282100
1844,0.000139,74.125.24.0-255,4931,18572,62,282100
1845,0.000141,172.31.40.0-255,66,18638,62,282100
1846,0.000149,74.125.24.0-255,7156,25794,62,282100
1847,0.000156,172.31.40.0-255,66,25860,62,282100
1848,0.000184,74.125.24.0-255,4320,30180,62,282100
1849,0.000186,172.31.40.0-255,66,30246,62,282100
1850,0.000189,74.125.24.0-255,1125,31371,62,282100
1851,0.000196,172.31.40.0-255,66,31437,62,282100
1852,0.000232,74.125.24.0-255,1484,32921,62,282100
1853,0.000234,172.31.40.0-255,66,32987,62,282100
1854,0.000239,74.125.24.0-255,2902,35889,62,282100
1855,0.000242,172.31.40.0-255,66,35955,62,282100
1856,0.000275,74.125.24.0-255,5738,41693,62,282100
1857,0.000278,172.31.40.0-255,66,41759,62,282100
1858,0.000289,172.31.40.0-255,66,41825,62,282100
1859,0.000317,74.125.24.0-255,2902,44727,62,282100
1860,0.000319,172.31.40.0-255,66,44793,62,282100
1861,0.000327,74.125.24.0-255,7156,51949,62,282100
1862,0.000329,172.31.40.0-255,66,52015,62,282100
1863,0.000354,74.125.24.0-255,3894,55909,62,282100
1864,0.000356,172.31.40.0-255,66,55975,62,282100
1865,0.000401,74.125.24.0-255,135,56110,62,282100
1866,0.000676,74.125.24.0-255,1484,57594,62,282100
1867,0.000682,172.31.40.0-255,66,57660,62,282100
1868,0.000713,74.125.24.0-255,2902,60562,62,282100
1869,0.000717,172.31.40.0-255,66,60628,62,282100
1870,0.000722,74.125.24.0-255,2902,63530,62,282100
1871,0.000724,172.31.40.0-255,66,63596,62,282100
1872,0.000728,74.125.24.0-255,2902,66498,62,282100
1873,0.000731,172.31.40.0-255,66,66564,62,282100
1874,0.000758,74.125.24.0-255,4320,70884,62,282100
1875,0.00076,172.31.40.0-255,66,70950,62,282100
1876,0.00077,74.125.24.0-255,4320,75270,62,282100
1877,0.000773,172.31.40.0-255,66,75336,62,282100
1878,0.000808,74.125.24.0-255,5738,81074,62,282100
1879,0.000812,172.31.40.0-255,66,81140,62,282100
1880,0.000866,172.31.40.0-255,66,81206,62,282100
1881,0.000924,74.125.24.0-255,1484,82690,62,282100
1882,0.000929,74.125.24.0-255,2902,85592,62,282100
1883,0.000932,172.31.40.0-255,66,85658,62,282100
1884,0.00096,74.125.24.0-255,5738,91396,62,282100
1885,0.000963,172.31.40.0-255,66,91462,62,282100
1886,0.000995,74.125.24.0-255,1484,92946,62,282100
1887,0.001001,74.125.24.0-255,2902,95848,62,282100
1888,0.001003,172.31.40.0-255,66,95914,62,282100
1889,0.00101,74.125.24.0-255,5738,101652,62,282100
1890,0.001012,172.31.40.0-255,66,101718,62,282100
1891,0.001016,74.125.24.0-255,2902,104620,62,282100
1892,0.001023,172.31.40.0-255,66,104686,62,282100
1893,0.001094,172.31.40.0-255,66,104752,62,282100
1894,0.001099,74.125.24.0-255,3602,108354,62,282100
1895,0.001101,172.31.40.0-255,66,108420,62,282100
1896,0.001106,74.125.24.0-255,4320,112740,62,282100
1897,0.001109,172.31.40.0-255,66,112806,62,282100
1898,0.001125,172.31.40.0-255,66,112872,62,282100
1899,0.00113,74.125.24.0-255,4320,117192,62,282100
1900,0.001133,172.31.40.0-255,66,117258,62,282100
1901,0.001185,172.31.40.0-255,66,117324,62,282100
1902,0.001217,74.125.24.0-255,1484,118808,62,282100
1903,0.001222,74.125.24.0-255,2902,121710,62,282100
1904,0.001225,172.31.40.0-255,66,121776,62,282100
1905,0.00126,74.125.24.0-255,5738,127514,62,282100
1906,0.001263,172.31.40.0-255,66,127580,62,282100
1907,0.001266,74.125.24.0-255,1484,129064,62,282100
1908,0.001296,74.125.24.0-255,4320,133384,62,282100
1909,0.001299,172.31.40.0-255,66,133450,62,282100
1910,0.001306,74.125.24.0-255,6498,139948,62,282100
1911,0.001309,172.31.40.0-255,66,140014,62,282100
1912,0.001314,74.125.24.0-255,2902,142916,62,282100
1913,0.00132,172.31.40.0-255,66,142982,62,282100
1914,0.001353,74.125.24.0-255,5738,148720,62,282100
1915,0.001357,172.31.40.0-255,66,148786,62,282100
1916,0.001387,74.125.24.0-255,5738,154524,62,282100
1917,0.00139,172.31.40.0-255,66,154590,62,282100
1918,0.001396,74.125.24.0-255,5738,160328,62,282100
1919,0.001399,172.31.40.0-255,66,160394,62,282100
1920,0.00141,74.125.24.0-255,7156,167550,62,282100
1921,0.001413,172.31.40.0-255,66,167616,62,282100
1922,0.001416,74.125.24.0-255,766,168382,62,282100
1923,0.001519,74.125.24.0-255,1484,169866,62,282100
1924,0.001522,172.31.40.0-255,66,169932,62,282100
1925,0.001543,74.125.24.0-255,2902,172834,62,282100
1926,0.001546,172.31.40.0-255,66,172900,62,282100
1927,0.00155,74.125.24.0-255,2902,175802,62,282100
1928,0.001552,172.31.40.0-255,66,175868,62,282100
1929,0.001582,74.125.24.0-255,2902,178770,62,282100
1930,0.001585,172.31.40.0-255,66,178836,62,282100
1931,0.001591,74.125.24.0-255,4320,183156,62,282100
1932,0.001593,172.31.40.0-255,66,183222,62,282100
1933,0.001597,74.125.24.0-255,2902,186124,62,282100
1934,0.001604,172.31.40.0-255,66,186190,62,282100
1935,0.001651,172.31.40.0-255,66,186256,62,282100
1936,0.001668,74.125.24.0-255,7156,193412,62,282100
1937,0.001671,172.31.40.0-255,66,193478,62,282100
1938,0.001674,74.125.24.0-255,766,194244,62,282100
1939,0.001772,74.125.24.0-255,1484,195728,62,282100
1940,0.001776,172.31.40.0-255,66,195794,62,282100
1941,0.00178,74.125.24.0-255,1484,197278,62,282100
1942,0.001806,74.125.24.0-255,1484,198762,62,282100
1943,0.001808,172.31.40.0-255,66,198828,62,282100
1944,0.001815,74.125.24.0-255,5738,204566,62,282100
1945,0.001817,172.31.40.0-255,66,204632,62,282100
1946,0.001828,74.125.24.0-255,4320,208952,62,282100
1947,0.00183,172.31.40.0-255,66,209018,62,282100
1948,0.001869,172.31.40.0-255,66,209084,62,282100
1949,0.001876,74.125.24.0-255,7156,216240,62,282100
1950,0.001878,172.31.40.0-255,66,216306,62,282100
1951,0.001882,74.125.24.0-255,2902,219208,62,282100
1952,0.001885,172.31.40.0-255,66,219274,62,282100
1953,0.001915,74.125.24.0-255,766,220040,62,282100
1954,0.002032,74.125.24.0-255,1484,221524,62,282100
1955,0.002036,172.31.40.0-255,66,221590,62,282100
1956,0.002042,74.125.24.0-255,2902,224492,62,282100
1957,0.002044,172.31.40.0-255,66,224558,62,282100
1958,0.00205,74.125.24.0-255,5738,230296,62,282100
1959,0.002057,172.31.40.0-255,66,230362,62,282100
1960,0.002101,172.31.40.0-255,66,230428,62,282100
1961,0.002172,172.31.40.0-255,66,230494,62,282100
1962,0.002201,74.125.24.0-255,4320,234814,62,282100
1963,0.002205,172.31.40.0-255,66,234880,62,282100
1964,0.002211,74.125.24.0-255,5738,240618,62,282100
1965,0.002213,172.31.40.0-255,66,240684,62,282100
1966,0.00222,74.125.24.0-255,7156,247840,62,282100
1967,0.002222,172.31.40.0-255,66,247906,62,282100
1968,0.00226,74.125.24.0-255,4320,252226,62,282100
1969,0.002264,172.31.40.0-255,66,252292,62,282100
1970,0.00227,74.125.24.0-255,5738,258030,62,282100
1971,0.002273,172.31.40.0-255,66,258096,62,282100
1972,0.002275,74.125.24.0-255,1484,259580,62,282100
1973,0.002315,172.31.40.0-255,66,259646,62,282100
1974,0.002328,172.31.40.0-255,66,259712,62,282100
1975,0.002337,74.125.24.0-255,4320,264032,62,282100
1976,0.00234,172.31.40.0-255,66,264098,62,282100
1977,0.002361,74.125.24.0-255,2902,267000,62,282100
1978,0.002363,172.31.40.0-255,66,267066,62,282100
1979,0.002378,172.31.40.0-255,66,267132,62,282100
1980,0.002383,74.125.24.0-255,3602,270734,62,282100
1981,0.002386,172.31.40.0-255,66,270800,62,282100
1982,0.00239,74.125.24.0-255,2902,273702,62,282100
1983,0.002393,172.31.40.0-255,66,273768,62,282100
1984,0.002425,74.125.24.0-255,1484,275252,62,282100
1985,0.002437,172.31.40.0-255,66,275318,62,282100
1986,0.002449,74.125.24.0-255,6343,281661,62,282100
1987,0.002451,172.31.40.0-255,66,281727,62,282100
1988,0.004867,74.125.24.0-255,136,281863,62,282100
1989,0.010118,172.31.40.0-255,66,281929,62,282100
1990,0.010159,172.31.40.0-255,105,282034,62,282100
1991,0.01258,74.125.24.0-255,66,282100,62,282100
1992,0.0,74.125.24.0-255,152,152,62,140698
1993,2.1e-05,172.31.40.0-255,66,218,62,140698
1994,2.9e-05,74.125.24.0-255,1484,1702,62,140698
1995,3.4e-05,172.31.40.0-255,66,1768,62,140698
1996,3.9e-05,74.125.24.0-255,2902,4670,62,140698
1997,4.2e-05,172.31.40.0-255,66,4736,62,140698
1998,5.1e-05,74.125.24.0-255,7156,11892,62,140698
1999,5.3e-05,172.31.40.0-255,66,11958,62,140698
2000,5.8e-05,74.125.24.0-255,2127,14085,62,140698
2001,6.1e-05,172.31.40.0-255,66,14151,62,140698
2002,0.000107,74.125.24.0-255,1484,15635,62,140698
2003,0.000111,172.31.40.0-255,66,15701,62,140698
2004,0.000117,74.125.24.0-255,2902,18603,62,140698
2005,0.00012,172.31.40.0-255,66,18669,62,140698
2006,0.000138,74.125.24.0-255,5738,24407,62,140698
2007,0.000141,172.31.40.0-255,66,24473,62,140698
2008,0.000145,74.125.24.0-255,2902,27375,62,140698
2009,0.000147,172.31.40.0-255,66,27441,62,140698
2010,0.000199,74.125.24.0-255,3961,31402,62,140698
2011,0.000203,172.31.40.0-255,66,31468,62,140698
2012,0.000429,74.125.24.0-255,1484,32952,62,140698
2013,0.000434,172.31.40.0-255,66,33018,62,140698
2014,0.000452,74.125.24.0-255,2902,35920,62,140698
2015,0.000455,172.31.40.0-255,66,35986,62,140698
2016,0.00046,74.125.24.0-255,2902,38888,62,140698
2017,0.000462,172.31.40.0-255,66,38954,62,140698
2018,0.000484,74.125.24.0-255,1484,40438,62,140698
2019,0.000486,172.31.40.0-255,66,40504,62,140698
2020,0.000504,74.125.24.0-255,5738,46242,62,140698
2021,0.000507,172.31.40.0-255,66,46308,62,140698
2022,0.000519,74.125.24.0-255,3961,50269,62,140698
2023,0.000522,172.31.40.0-255,66,50335,62,140698
2024,0.000526,74.125.24.0-255,2902,53237,62,140698
2025,0.000528,172.31.40.0-255,66,53303,62,140698
2026,0.000557,74.125.24.0-255,7156,60459,62,140698
2027,0.00056,172.31.40.0-255,66,60525,62,140698
2028,0.000566,74.125.24.0-255,5379,65904,62,140698
2029,0.000569,172.31.40.0-255,66,65970,62,140698
2030,0.000606,74.125.24.0-255,678,66648,62,140698
2031,0.0009,74.125.24.0-255,1484,68132,62,140698
2032,0.000905,74.125.24.0-255,2902,71034,62,140698
2033,0.00091,172.31.40.0-255,66,71100,62,140698
2034,0.000914,172.31.40.0-255,66,71166,62,140698
2035,0.000934,74.125.24.0-255,5738,76904,62,140698
2036,0.000936,172.31.40.0-255,66,76970,62,140698
2037,0.000941,74.125.24.0-255,2902,79872,62,140698
2038,0.000943,172.31.40.0-255,66,79938,62,140698
2039,0.000975,172.31.40.0-255,66,80004,62,140698
2040,0.000986,172.31.40.0-255,66,80070,62,140698
2041,0.001027,74.125.24.0-255,2184,82254,62,140698
2042,0.001031,172.31.40.0-255,66,82320,62,140698
2043,0.001726,74.125.24.0-255,1484,83804,62,140698
2044,0.001735,74.125.24.0-255,2902,86706,62,140698
2045,0.00174,172.31.40.0-255,66,86772,62,140698
2046,0.001746,74.125.24.0-255,2902,89674,62,140698
2047,0.001748,172.31.40.0-255,66,89740,62,140698
2048,0.001765,74.125.24.0-255,2902,92642,62,140698
2049,0.001767,172.31.40.0-255,66,92708,62,140698
2050,0.001784,74.125.24.0-255,4320,97028,62,140698
2051,0.001786,172.31.40.0-255,66,97094,62,140698
2052,0.001819,172.31.40.0-255,66,97160,62,140698
2053,0.001848,172.31.40.0-255,66,97226,62,140698
2054,0.001866,74.125.24.0-255,2184,99410,62,140698
2055,0.001869,172.31.40.0-255,66,99476,62,140698
2056,0.004367,74.125.24.0-255,2902,102378,62,140698
2057,0.004374,172.31.40.0-255,66,102444,62,140698
2058,0.004395,74.125.24.0-255,2902,105346,62,140698
2059,0.004397,172.31.40.0-255,66,105412,62,140698
2060,0.006906,74.125.24.0-255,2902,108314,62,140698
2061,0.006909,172.31.40.0-255,66,108380,62,140698
2062,0.006934,74.125.24.0-255,1484,109864,62,140698
2063,0.006947,74.125.24.0-255,1484,111348,62,140698
2064,0.006949,172.31.40.0-255,66,111414,62,140698
2065,0.009452,74.125.24.0-255,2902,114316,62,140698
2066,0.00946,172.31.40.0-255,66,114382,62,140698
2067,0.009483,74.125.24.0-255,2902,117284,62,140698
2068,0.009486,172.31.40.0-255,66,117350,62,140698
2069,0.011977,74.125.24.0-255,2902,120252,62,140698
2070,0.011988,172.31.40.0-255,66,120318,62,140698
2071,0.012009,74.125.24.0-255,2902,123220,62,140698
2072,0.012011,172.31.40.0-255,66,123286,62,140698
2073,0.014546,74.125.24.0-255,5738,129024,62,140698
2074,0.014554,172.31.40.0-255,66,129090,62,140698
2075,0.017098,74.125.24.0-255,5738,134828,62,140698
2076,0.017108,172.31.40.0-255,66,134894,62,140698
2077,0.01962,74.125.24.0-255,5738,140632,62,140698
2078,0.019627,172.31.40.0-255,66,140698,62,140698
2079,0.0,172.217.194.0-255,150,150,62,103339
2080,1.3e-05,172.31.40.0-255,66,216,62,103339
2081,2e-05,172.217.194.0-255,1484,1700,62,103339
2082,2.5e-05,172.31.40.0-255,66,1766,62,103339
2083,3e-05,172.217.194.0-255,2902,4668,62,103339
2084,3.4e-05,172.31.40.0-255,66,4734,62,103339
2085,3.9e-05,172.217.194.0-255,2902,7636,62,103339
2086,4.2e-05,172.31.40.0-255,66,7702,62,103339
2087,6.3e-05,172.217.194.0-255,4320,12022,62,103339
2088,6.5e-05,172.31.40.0-255,66,12088,62,103339
2089,8.6e-05,172.217.194.0-255,3455,15543,62,103339
2090,8.9e-05,172.31.40.0-255,66,15609,62,103339
2091,0.000104,172.217.194.0-255,1484,17093,62,103339
2092,0.000106,172.31.40.0-255,66,17159,62,103339
2093,0.000139,172.31.40.0-255,66,17225,62,103339
2094,0.000199,172.217.194.0-255,1484,18709,62,103339
2095,0.000203,172.31.40.0-255,66,18775,62,103339
2096,0.000209,172.217.194.0-255,2902,21677,62,103339
2097,0.000211,172.31.40.0-255,66,21743,62,103339
2098,0.000216,172.217.194.0-255,4320,26063,62,103339
2099,0.000219,172.31.40.0-255,66,26129,62,103339
2100,0.000222,172.217.194.0-255,1484,27613,62,103339
2101,0.000224,172.31.40.0-255,66,27679,62,103339
2102,0.000253,172.31.40.0-255,66,27745,62,103339
2103,0.000293,172.31.40.0-255,66,27811,62,103339
2104,0.000679,172.217.194.0-255,645,28456,62,103339
2105,0.000686,172.31.40.0-255,66,28522,62,103339
2106,0.001487,172.217.194.0-255,1484,30006,62,103339
2107,0.001494,172.31.40.0-255,66,30072,62,103339
2108,0.001504,172.217.194.0-255,2902,32974,62,103339
2109,0.001507,172.31.40.0-255,66,33040,62,103339
2110,0.001524,172.217.194.0-255,4320,37360,62,103339
2111,0.001526,172.31.40.0-255,66,37426,62,103339
2112,0.001542,172.217.194.0-255,1484,38910,62,103339
2113,0.00155,172.217.194.0-255,4320,43230,62,103339
2114,0.001552,172.31.40.0-255,66,43296,62,103339
2115,0.001585,172.217.194.0-255,1995,45291,62,103339
2116,0.001588,172.31.40.0-255,66,45357,62,103339
2117,0.002071,172.217.194.0-255,1484,46841,62,103339
2118,0.002087,172.217.194.0-255,2902,49743,62,103339
2119,0.002091,172.31.40.0-255,66,49809,62,103339
2120,0.002108,172.217.194.0-255,5738,55547,62,103339
2121,0.002111,172.31.40.0-255,66,55613,62,103339
2122,0.002114,172.217.194.0-255,1484,57097,62,103339
2123,0.002153,172.31.40.0-255,66,57163,62,103339
2124,0.002159,172.217.194.0-255,5738,62901,62,103339
2125,0.002161,172.31.40.0-255,66,62967,62,103339
2126,0.002181,172.217.194.0-255,1484,64451,62,103339
2127,0.002197,172.217.194.0-255,3602,68053,62,103339
2128,0.002199,172.31.40.0-255,66,68119,62,103339
2129,0.004862,172.217.194.0-255,5738,73857,62,103339
2130,0.004868,172.31.40.0-255,66,73923,62,103339
2131,0.007576,172.217.194.0-255,2902,76825,62,103339
2132,0.007582,172.31.40.0-255,66,76891,62,103339
2133,0.007601,172.217.194.0-255,2902,79793,62,103339
2134,0.007603,172.31.40.0-255,66,79859,62,103339
2135,0.010265,172.217.194.0-255,2902,82761,62,103339
2136,0.010275,172.31.40.0-255,66,82827,62,103339
2137,0.010297,172.217.194.0-255,2902,85729,62,103339
2138,0.010299,172.31.40.0-255,66,85795,62,103339
2139,0.012939,172.217.194.0-255,2902,88697,62,103339
2140,0.012951,172.31.40.0-255,66,88763,62,103339
2141,0.012974,172.217.194.0-255,2902,91665,62,103339
2142,0.012977,172.31.40.0-255,66,91731,62,103339
2143,0.015688,172.217.194.0-255,5738,97469,62,103339
2144,0.015702,172.31.40.0-255,66,97535,62,103339
2145,0.018406,172.217.194.0-255,5738,103273,62,103339
2146,0.018416,172.31.40.0-255,66,103339,62,103339
2147,0.0,172.217.194.0-255,291,291,62,131138
2148,2.2e-05,172.31.40.0-255,66,357,62,131138
2149,2.8e-05,172.217.194.0-255,1484,1841,62,131138
2150,3.2e-05,172.31.40.0-255,66,1907,62,131138
2151,3.8e-05,172.217.194.0-255,4320,6227,62,131138
2152,4.8e-05,172.31.40.0-255,66,6293,62,131138
2153,5.1e-05,172.217.194.0-255,1484,7777,62,131138
2154,5.3e-05,172.31.40.0-255,66,7843,62,131138
2155,9.8e-05,172.31.40.0-255,66,7909,62,131138
2156,0.000105,172.217.194.0-255,7156,15065,62,131138
2157,0.000108,172.31.40.0-255,66,15131,62,131138
2158,0.000133,172.31.40.0-255,66,15197,62,131138
2159,0.000179,172.217.194.0-255,1484,16681,62,131138
2160,0.000181,172.31.40.0-255,66,16747,62,131138
2161,0.000208,172.217.194.0-255,2902,19649,62,131138
2162,0.00021,172.31.40.0-255,66,19715,62,131138
2163,0.000216,172.217.194.0-255,5738,25453,62,131138
2164,0.000218,172.31.40.0-255,66,25519,62,131138
2165,0.000252,172.217.194.0-255,2902,28421,62,131138
2166,0.000255,172.31.40.0-255,66,28487,62,131138
2167,0.000281,172.217.194.0-255,6797,35284,62,131138
2168,0.000283,172.31.40.0-255,66,35350,62,131138
2169,0.00029,172.217.194.0-255,7156,42506,62,131138
2170,0.000296,172.31.40.0-255,66,42572,62,131138
2171,0.000324,172.217.194.0-255,6797,49369,62,131138
2172,0.00034,172.31.40.0-255,66,49435,62,131138
2173,0.000499,172.217.194.0-255,647,50082,62,131138
2174,0.000503,172.31.40.0-255,66,50148,62,131138
2175,0.000563,172.217.194.0-255,1484,51632,62,131138
2176,0.000566,172.31.40.0-255,66,51698,62,131138
2177,0.000573,172.217.194.0-255,2902,54600,62,131138
2178,0.000575,172.31.40.0-255,66,54666,62,131138
2179,0.0006,172.217.194.0-255,5738,60404,62,131138
2180,0.000603,172.31.40.0-255,66,60470,62,131138
2181,0.000628,172.217.194.0-255,4320,64790,62,131138
2182,0.000631,172.31.40.0-255,66,64856,62,131138
2183,0.000665,172.31.40.0-255,66,64922,62,131138
2184,0.00069,172.31.40.0-255,66,64988,62,131138
2185,0.000842,172.217.194.0-255,1484,66472,62,131138
2186,0.000849,172.217.194.0-255,2902,69374,62,131138
2187,0.000851,172.31.40.0-255,66,69440,62,131138
2188,0.000876,172.217.194.0-255,5738,75178,62,131138
2189,0.000878,172.31.40.0-255,66,75244,62,131138
2190,0.000884,172.217.194.0-255,5738,80982,62,131138
2191,0.000886,172.31.40.0-255,66,81048,62,131138
2192,0.000918,172.217.194.0-255,7156,88204,62,131138
2193,0.000921,172.31.40.0-255,66,88270,62,131138
2194,0.00093,172.217.194.0-255,1484,89754,62,131138
2195,0.00096,172.31.40.0-255,66,89820,62,131138
2196,0.000982,172.217.194.0-255,1484,91304,62,131138
2197,0.000986,172.217.194.0-255,2902,94206,62,131138
2198,0.000987,172.31.40.0-255,66,94272,62,131138
2199,0.001018,172.217.194.0-255,5738,100010,62,131138
2200,0.001021,172.31.40.0-255,66,100076,62,131138
2201,0.001033,172.31.40.0-255,66,100142,62,131138
2202,0.001047,172.31.40.0-255,66,100208,62,131138
2203,0.00107,172.217.194.0-255,2184,102392,62,131138
2204,0.001073,172.31.40.0-255,66,102458,62,131138
2205,0.001446,172.217.194.0-255,1484,103942,62,131138
2206,0.001453,172.217.194.0-255,2902,106844,62,131138
2207,0.001456,172.31.40.0-255,66,106910,62,131138
2208,0.001489,172.217.194.0-255,5738,112648,62,131138
2209,0.001492,172.31.40.0-255,66,112714,62,131138
2210,0.001506,172.31.40.0-255,66,112780,62,131138
2211,0.001515,172.217.194.0-255,1484,114264,62,131138
2212,0.001536,172.217.194.0-255,1484,115748,62,131138
2213,0.001539,172.31.40.0-255,66,115814,62,131138
2214,0.001572,172.31.40.0-255,66,115880,62,131138
2215,0.001579,172.217.194.0-255,4320,120200,62,131138
2216,0.001581,172.31.40.0-255,66,120266,62,131138
2217,0.001615,172.217.194.0-255,5738,126004,62,131138
2218,0.001617,172.31.40.0-255,66,126070,62,131138
2219,0.001628,172.31.40.0-255,66,126136,62,131138
2220,0.001695,172.31.40.0-255,66,126202,62,131138
2221,0.00175,172.31.40.0-255,66,126268,62,131138
2222,0.001796,172.31.40.0-255,66,126334,62,131138
2223,0.001806,172.31.40.0-255,66,126400,62,131138
2224,0.001838,172.31.40.0-255,66,126466,62,131138
2225,0.001854,172.31.40.0-255,66,126532,62,131138
2226,0.001875,172.31.40.0-255,66,126598,62,131138
2227,0.001911,172.31.40.0-255,66,126664,62,131138
2228,0.001922,172.31.40.0-255,66,126730,62,131138
2229,0.001966,172.31.40.0-255,66,126796,62,131138
2230,0.00199,172.31.40.0-255,66,126862,62,131138
2231,0.002004,172.31.40.0-255,66,126928,62,131138
2232,0.002008,172.217.194.0-255,3802,130730,62,131138
2233,0.002011,172.31.40.0-255,66,130796,62,131138
2234,0.002014,172.217.194.0-255,105,130901,62,131138
2235,0.004268,172.31.40.0-255,66,130967,62,131138
2236,0.0043,172.31.40.0-255,105,131072,62,131138
2237,0.006585,172.217.194.0-255,66,131138,62,131138
2238,0.0,74.125.24.0-255,153,153,62,169102
2239,2.4e-05,172.31.40.0-255,66,219,62,169102
2240,3.2e-05,74.125.24.0-255,1484,1703,62,169102
2241,3.6e-05,172.31.40.0-255,66,1769,62,169102
2242,3.9e-05,74.125.24.0-255,1484,3253,62,169102
2243,4.3e-05,172.31.40.0-255,66,3319,62,169102
2244,4.9e-05,74.125.24.0-255,2902,6221,62,169102
2245,5.3e-05,172.31.40.0-255,66,6287,62,169102
2246,8.4e-05,74.125.24.0-255,1484,7771,62,169102
2247,8.6e-05,172.31.40.0-255,66,7837,62,169102
2248,0.000132,172.31.40.0-255,66,7903,62,169102
2249,0.000146,172.31.40.0-255,66,7969,62,169102
2250,0.000148,74.125.24.0-255,1125,9094,62,169102
2251,0.00015,172.31.40.0-255,66,9160,62,169102
2252,0.0004,74.125.24.0-255,1484,10644,62,169102
2253,0.000406,172.31.40.0-255,66,10710,62,169102
2254,0.000411,74.125.24.0-255,2902,13612,62,169102
2255,0.000414,172.31.40.0-255,66,13678,62,169102
2256,0.000428,74.125.24.0-255,2902,16580,62,169102
2257,0.000431,172.31.40.0-255,66,16646,62,169102
2258,0.000445,74.125.24.0-255,2902,19548,62,169102
2259,0.000447,172.31.40.0-255,66,19614,62,169102
2260,0.000456,74.125.24.0-255,7156,26770,62,169102
2261,0.000458,172.31.40.0-255,66,26836,62,169102
2262,0.000476,74.125.24.0-255,1484,28320,62,169102
2263,0.000478,172.31.40.0-255,66,28386,62,169102
2264,0.000517,74.125.24.0-255,2184,30570,62,169102
2265,0.000521,172.31.40.0-255,66,30636,62,169102
2266,0.000524,172.31.40.0-255,66,30702,62,169102
2267,0.000613,74.125.24.0-255,362,31064,62,169102
2268,0.000664,74.125.24.0-255,127,31191,62,169102
2269,0.000781,74.125.24.0-255,1484,32675,62,169102
2270,0.000785,172.31.40.0-255,66,32741,62,169102
2271,0.00079,74.125.24.0-255,1484,34225,62,169102
2272,0.000804,74.125.24.0-255,1484,35709,62,169102
2273,0.000806,172.31.40.0-255,66,35775,62,169102
2274,0.000813,74.125.24.0-255,5738,41513,62,169102
2275,0.000815,172.31.40.0-255,66,41579,62,169102
2276,0.000833,74.125.24.0-255,1484,43063,62,169102
2277,0.000847,74.125.24.0-255,5738,48801,62,169102
2278,0.00085,172.31.40.0-255,66,48867,62,169102
2279,0.000874,74.125.24.0-255,5738,54605,62,169102
2280,0.000877,172.31.40.0-255,66,54671,62,169102
2281,0.000888,172.31.40.0-255,66,54737,62,169102
2282,0.000903,74.125.24.0-255,1889,56626,62,169102
2283,0.000906,172.31.40.0-255,66,56692,62,169102
2284,0.00093,74.125.24.0-255,1484,58176,62,169102
2285,0.000934,74.125.24.0-255,1484,59660,62,169102
2286,0.000937,172.31.40.0-255,66,59726,62,169102
2287,0.000958,74.125.24.0-255,1484,61210,62,169102
2288,0.000965,74.125.24.0-255,5738,66948,62,169102
2289,0.000968,172.31.40.0-255,66,67014,62,169102
2290,0.000974,74.125.24.0-255,5738,72752,62,169102
2291,0.000976,172.31.40.0-255,66,72818,62,169102
2292,0.000992,74.125.24.0-255,2902,75720,62,169102
2293,0.000994,172.31.40.0-255,66,75786,62,169102
2294,0.001014,172.31.40.0-255,66,75852,62,169102
2295,0.001037,74.125.24.0-255,1484,77336,62,169102
2296,0.001044,74.125.24.0-255,5020,82356,62,169102
2297,0.001047,172.31.40.0-255,66,82422,62,169102
2298,0.001572,74.125.24.0-255,1484,83906,62,169102
2299,0.001579,74.125.24.0-255,2902,86808,62,169102
2300,0.001582,172.31.40.0-255,66,86874,62,169102
2301,0.001604,74.125.24.0-255,5738,92612,62,169102
2302,0.001607,172.31.40.0-255,66,92678,62,169102
2303,0.001613,74.125.24.0-255,5738,98416,62,169102
2304,0.001615,172.31.40.0-255,66,98482,62,169102
2305,0.001628,74.125.24.0-255,1484,99966,62,169102
2306,0.001653,172.31.40.0-255,66,100032,62,169102
2307,0.00166,74.125.24.0-255,5020,105052,62,169102
2308,0.001662,172.31.40.0-255,66,105118,62,169102
2309,0.00215,74.125.24.0-255,1484,106602,62,169102
2310,0.00216,74.125.24.0-255,2902,109504,62,169102
2311,0.002163,172.31.40.0-255,66,109570,62,169102
2312,0.002169,74.125.24.0-255,2902,112472,62,169102
2313,0.002171,172.31.40.0-255,66,112538,62,169102
2314,0.002195,74.125.24.0-255,2902,115440,62,169102
2315,0.002198,172.31.40.0-255,66,115506,62,169102
2316,0.002212,172.31.40.0-255,66,115572,62,169102
2317,0.002227,74.125.24.0-255,1484,117056,62,169102
2318,0.002249,172.31.40.0-255,66,117122,62,169102
2319,0.002344,74.125.24.0-255,1484,118606,62,169102
2320,0.00235,74.125.24.0-255,2902,121508,62,169102
2321,0.002353,172.31.40.0-255,66,121574,62,169102
2322,0.00236,74.125.24.0-255,5738,127312,62,169102
2323,0.002363,172.31.40.0-255,66,127378,62,169102
2324,0.002429,172.31.40.0-255,66,127444,62,169102
2325,0.00244,172.31.40.0-255,66,127510,62,169102
2326,0.002462,74.125.24.0-255,2184,129694,62,169102
2327,0.002465,172.31.40.0-255,66,129760,62,169102
2328,0.004859,74.125.24.0-255,5738,135498,62,169102
2329,0.004866,172.31.40.0-255,66,135564,62,169102
2330,0.007309,74.125.24.0-255,4320,139884,62,169102
2331,0.007315,172.31.40.0-255,66,139950,62,169102
2332,0.007334,74.125.24.0-255,1484,141434,62,169102
2333,0.009733,74.125.24.0-255,4320,145754,62,169102
2334,0.009745,172.31.40.0-255,66,145820,62,169102
2335,0.012146,74.125.24.0-255,5738,151558,62,169102
2336,0.012153,172.31.40.0-255,66,151624,62,169102
2337,0.014584,74.125.24.0-255,5738,157362,62,169102
2338,0.014591,172.31.40.0-255,66,157428,62,169102
2339,0.017252,74.125.24.0-255,5738,163166,62,169102
2340,0.01726,172.31.40.0-255,66,163232,62,169102
2341,0.019686,74.125.24.0-255,4320,167552,62,169102
2342,0.019694,172.31.40.0-255,66,167618,62,169102
2343,0.019712,74.125.24.0-255,1484,169102,62,169102
2344,0.0,74.125.24.0-255,150,150,62,221075
2345,1.8e-05,172.31.40.0-255,66,216,62,221075
2346,5.4e-05,74.125.24.0-255,1484,1700,62,221075
2347,6e-05,172.31.40.0-255,66,1766,62,221075
2348,6.6e-05,74.125.24.0-255,2902,4668,62,221075
2349,6.9e-05,172.31.40.0-255,66,4734,62,221075
2350,7.8e-05,74.125.24.0-255,7156,11890,62,221075
2351,8.1e-05,172.31.40.0-255,66,11956,62,221075
2352,8.5e-05,74.125.24.0-255,2103,14059,62,221075
2353,8.8e-05,172.31.40.0-255,66,14125,62,221075
2354,9.3e-05,74.125.24.0-255,1484,15609,62,221075
2355,9.5e-05,172.31.40.0-255,66,15675,62,221075
2356,0.000138,172.31.40.0-255,66,15741,62,221075
2357,0.000154,172.31.40.0-255,66,15807,62,221075
2358,0.000182,74.125.24.0-255,4320,20127,62,221075
2359,0.000185,172.31.40.0-255,66,20193,62,221075
2360,0.000191,74.125.24.0-255,5020,25213,62,221075
2361,0.000193,172.31.40.0-255,66,25279,62,221075
2362,0.000305,74.125.24.0-255,1484,26763,62,221075
2363,0.000309,172.31.40.0-255,66,26829,62,221075
2364,0.000333,74.125.24.0-255,2902,29731,62,221075
2365,0.000336,172.31.40.0-255,66,29797,62,221075
2366,0.000344,74.125.24.0-255,5738,35535,62,221075
2367,0.000346,172.31.40.0-255,66,35601,62,221075
2368,0.000379,74.125.24.0-255,7133,42734,62,221075
2369,0.000382,172.31.40.0-255,66,42800,62,221075
2370,0.000607,74.125.24.0-255,1484,44284,62,221075
2371,0.000612,172.31.40.0-255,66,44350,62,221075
2372,0.000617,74.125.24.0-255,1484,45834,62,221075
2373,0.000619,172.31.40.0-255,66,45900,62,221075
2374,0.000648,74.125.24.0-255,1484,47384,62,221075
2375,0.000657,74.125.24.0-255,5738,53122,62,221075
2376,0.000659,172.31.40.0-255,66,53188,62,221075
2377,0.000674,172.31.40.0-255,66,53254,62,221075
2378,0.000685,172.31.40.0-255,66,53320,62,221075
2379,0.00073,74.125.24.0-255,2184,55504,62,221075
2380,0.000733,172.31.40.0-255,66,55570,62,221075
2381,0.000782,74.125.24.0-255,1484,57054,62,221075
2382,0.000798,74.125.24.0-255,2902,59956,62,221075
2383,0.000803,172.31.40.0-255,66,60022,62,221075
2384,0.000823,74.125.24.0-255,5738,65760,62,221075
2385,0.000827,172.31.40.0-255,66,65826,62,221075
2386,0.000833,74.125.24.0-255,5738,71564,62,221075
2387,0.000836,172.31.40.0-255,66,71630,62,221075
2388,0.000838,74.125.24.0-255,1484,73114,62,221075
2389,0.000891,74.125.24.0-255,6438,79552,62,221075
2390,0.000897,74.125.24.0-255,5738,85290,62,221075
2391,0.000902,172.31.40.0-255,66,85356,62,221075
2392,0.000909,172.31.40.0-255,66,85422,62,221075
2393,0.000912,172.31.40.0-255,66,85488,62,221075
2394,0.00092,74.125.24.0-255,1484,86972,62,221075
2395,0.000924,74.125.24.0-255,2902,89874,62,221075
2396,0.000927,172.31.40.0-255,66,89940,62,221075
2397,0.00097,172.31.40.0-255,66,90006,62,221075
2398,0.000981,172.31.40.0-255,66,90072,62,221075
2399,0.001263,74.125.24.0-255,1484,91556,62,221075
2400,0.001268,74.125.24.0-255,1484,93040,62,221075
2401,0.001271,172.31.40.0-255,66,93106,62,221075
2402,0.0013,74.125.24.0-255,1484,94590,62,221075
2403,0.001306,74.125.24.0-255,5738,100328,62,221075
2404,0.001308,172.31.40.0-255,66,100394,62,221075
2405,0.001313,74.125.24.0-255,2902,103296,62,221075
2406,0.001315,172.31.40.0-255,66,103362,62,221075
2407,0.001354,172.31.40.0-255,66,103428,62,221075
2408,0.00136,74.125.24.0-255,5738,109166,62,221075
2409,0.001363,172.31.40.0-255,66,109232,62,221075
2410,0.00139,74.125.24.0-255,5020,114252,62,221075
2411,0.001392,172.31.40.0-255,66,114318,62,221075
2412,0.001536,74.125.24.0-255,1484,115802,62,221075
2413,0.001556,74.125.24.0-255,2902,118704,62,221075
2414,0.00156,172.31.40.0-255,66,118770,62,221075
2415,0.001564,74.125.24.0-255,1484,120254,62,221075
2416,0.001583,74.125.24.0-255,4320,124574,62,221075
2417,0.001585,172.31.40.0-255,66,124640,62,221075
2418,0.001591,74.125.24.0-255,4320,128960,62,221075
2419,0.001593,172.31.40.0-255,66,129026,62,221075
2420,0.001634,172.31.40.0-255,66,129092,62,221075
2421,0.00164,74.125.24.0-255,4320,133412,62,221075
2422,0.001643,172.31.40.0-255,66,133478,62,221075
2423,0.001669,74.125.24.0-255,5020,138498,62,221075
2424,0.001672,172.31.40.0-255,66,138564,62,221075
2425,0.001688,172.31.40.0-255,66,138630,62,221075
2426,0.001694,74.125.24.0-255,5738,144368,62,221075
2427,0.001696,172.31.40.0-255,66,144434,62,221075
2428,0.001749,172.31.40.0-255,66,144500,62,221075
2429,0.001752,74.125.24.0-255,766,145266,62,221075
2430,0.002088,74.125.24.0-255,349,145615,62,221075
2431,0.002132,74.125.24.0-255,1484,147099,62,221075
2432,0.002136,172.31.40.0-255,66,147165,62,221075
2433,0.002158,74.125.24.0-255,4320,151485,62,221075
2434,0.00216,172.31.40.0-255,66,151551,62,221075
2435,0.002199,74.125.24.0-255,7156,158707,62,221075
2436,0.002201,172.31.40.0-255,66,158773,62,221075
2437,0.002231,74.125.24.0-255,1484,160257,62,221075
2438,0.002249,74.125.24.0-255,5020,165277,62,221075
2439,0.002258,172.31.40.0-255,66,165343,62,221075
2440,0.002266,172.31.40.0-255,66,165409,62,221075
2441,0.002349,74.125.24.0-255,1484,166893,62,221075
2442,0.002365,74.125.24.0-255,2902,169795,62,221075
2443,0.002368,172.31.40.0-255,66,169861,62,221075
2444,0.002374,74.125.24.0-255,2902,172763,62,221075
2445,0.002375,172.31.40.0-255,66,172829,62,221075
2446,0.002408,74.125.24.0-255,2902,175731,62,221075
2447,0.00241,172.31.40.0-255,66,175797,62,221075
2448,0.002423,172.31.40.0-255,66,175863,62,221075
2449,0.002445,74.125.24.0-255,1484,177347,62,221075
2450,0.00245,74.125.24.0-255,2902,180249,62,221075
2451,0.002453,172.31.40.0-255,66,180315,62,221075
2452,0.00479,74.125.24.0-255,1484,181799,62,221075
2453,0.004829,74.125.24.0-255,4320,186119,62,221075
2454,0.004834,172.31.40.0-255,66,186185,62,221075
2455,0.007212,74.125.24.0-255,5738,191923,62,221075
2456,0.007219,172.31.40.0-255,66,191989,62,221075
2457,0.009575,74.125.24.0-255,1484,193473,62,221075
2458,0.009598,74.125.24.0-255,4320,197793,62,221075
2459,0.009601,172.31.40.0-255,66,197859,62,221075
2460,0.012001,74.125.24.0-255,5738,203597,62,221075
2461,0.012007,172.31.40.0-255,66,203663,62,221075
2462,0.01438,74.125.24.0-255,5738,209401,62,221075
2463,0.014388,172.31.40.0-255,66,209467,62,221075
2464,0.016788,74.125.24.0-255,5738,215205,62,221075
2465,0.016795,172.31.40.0-255,66,215271,62,221075
2466,0.019165,74.125.24.0-255,5738,221009,62,221075
2467,0.019172,172.31.40.0-255,66,221075,62,221075
2468,0.0,172.217.194.0-255,146,146,62,204153
2469,2.2e-05,172.31.40.0-255,66,212,62,204153
2470,3e-05,172.217.194.0-255,1484,1696,62,204153
2471,3.5e-05,172.31.40.0-255,66,1762,62,204153
2472,4e-05,172.217.194.0-255,2902,4664,62,204153
2473,4.3e-05,172.31.40.0-255,66,4730,62,204153
2474,5.1e-05,172.217.194.0-255,7156,11886,62,204153
2475,5.4e-05,172.31.40.0-255,66,11952,62,204153
2476,9.9e-05,172.31.40.0-255,66,12018,62,204153
2477,0.000119,172.217.194.0-255,5738,17756,62,204153
2478,0.000122,172.31.40.0-255,66,17822,62,204153
2479,0.000141,172.217.194.0-255,1125,18947,62,204153
2480,0.000144,172.31.40.0-255,66,19013,62,204153
2481,0.000175,172.217.194.0-255,1484,20497,62,204153
2482,0.000178,172.31.40.0-255,66,20563,62,204153
2483,0.000183,172.217.194.0-255,2902,23465,62,204153
2484,0.000186,172.31.40.0-255,66,23531,62,204153
2485,0.000192,172.217.194.0-255,4320,27851,62,204153
2486,0.000195,172.31.40.0-255,66,27917,62,204153
2487,0.000216,172.217.194.0-255,1484,29401,62,204153
2488,0.000219,172.31.40.0-255,66,29467,62,204153
2489,0.000222,172.217.194.0-255,1484,30951,62,204153
2490,0.000224,172.31.40.0-255,66,31017,62,204153
2491,0.000258,172.31.40.0-255,66,31083,62,204153
2492,0.000295,172.31.40.0-255,66,31149,62,204153
2493,0.000372,172.217.194.0-255,1484,32633,62,204153
2494,0.000375,172.31.40.0-255,66,32699,62,204153
2495,0.000379,172.217.194.0-255,2902,35601,62,204153
2496,0.000382,172.31.40.0-255,66,35667,62,204153
2497,0.000389,172.217.194.0-255,5738,41405,62,204153
2498,0.000392,172.31.40.0-255,66,41471,62,204153
2499,0.000421,172.217.194.0-255,6248,47719,62,204153
2500,0.000424,172.31.40.0-255,66,47785,62,204153
2501,0.001407,172.217.194.0-255,1484,49269,62,204153
2502,0.001413,172.31.40.0-255,66,49335,62,204153
2503,0.00142,172.217.194.0-255,2902,52237,62,204153
2504,0.001422,172.31.40.0-255,66,52303,62,204153
2505,0.001427,172.217.194.0-255,4320,56623,62,204153
2506,0.001445,172.217.194.0-255,1484,58107,62,204153
2507,0.001469,172.217.194.0-255,4320,62427,62,204153
2508,0.001493,172.31.40.0-255,66,62493,62,204153
2509,0.001499,172.31.40.0-255,66,62559,62,204153
2510,0.001512,172.217.194.0-255,5738,68297,62,204153
2511,0.001533,172.217.194.0-255,5020,73317,62,204153
2512,0.001547,172.217.194.0-255,5738,79055,62,204153
2513,0.00156,172.31.40.0-255,66,79121,62,204153
2514,0.001566,172.217.194.0-255,5738,84859,62,204153
2515,0.001572,172.217.194.0-255,5738,90597,62,204153
2516,0.001578,172.31.40.0-255,66,90663,62,204153
2517,0.001593,172.217.194.0-255,4320,94983,62,204153
2518,0.001607,172.217.194.0-255,1484,96467,62,204153
2519,0.001618,172.31.40.0-255,66,96533,62,204153
2520,0.001634,172.31.40.0-255,66,96599,62,204153
2521,0.001739,172.217.194.0-255,1484,98083,62,204153
2522,0.00176,172.217.194.0-255,2902,100985,62,204153
2523,0.001766,172.217.194.0-255,4320,105305,62,204153
2524,0.00178,172.217.194.0-255,1484,106789,62,204153
2525,0.001789,172.31.40.0-255,66,106855,62,204153
2526,0.001815,172.217.194.0-255,1484,108339,62,204153
2527,0.001841,172.31.40.0-255,66,108405,62,204153
2528,0.001903,172.217.194.0-255,1484,109889,62,204153
2529,0.001907,172.217.194.0-255,2902,112791,62,204153
2530,0.001912,172.31.40.0-255,66,112857,62,204153
2531,0.001933,172.217.194.0-255,5738,118595,62,204153
2532,0.001957,172.31.40.0-255,66,118661,62,204153
2533,0.001979,172.217.194.0-255,7156,125817,62,204153
2534,0.001985,172.31.40.0-255,66,125883,62,204153
2535,0.002003,172.217.194.0-255,6438,132321,62,204153
2536,0.002016,172.31.40.0-255,66,132387,62,204153
2537,0.002033,172.217.194.0-255,1484,133871,62,204153
2538,0.002051,172.217.194.0-255,2902,136773,62,204153
2539,0.002066,172.217.194.0-255,5738,142511,62,204153
2540,0.002071,172.217.194.0-255,2902,145413,62,204153
2541,0.002082,172.217.194.0-255,2902,148315,62,204153
2542,0.002089,172.31.40.0-255,66,148381,62,204153
2543,0.00212,172.217.194.0-255,5020,153401,62,204153
2544,0.002133,172.31.40.0-255,66,153467,62,204153
2545,0.002194,172.217.194.0-255,1484,154951,62,204153
2546,0.00222,172.217.194.0-255,2902,157853,62,204153
2547,0.002227,172.217.194.0-255,5738,163591,62,204153
2548,0.002233,172.217.194.0-255,5738,169329,62,204153
2549,0.002246,172.31.40.0-255,66,169395,62,204153
2550,0.004467,172.217.194.0-255,5738,175133,62,204153
2551,0.004474,172.31.40.0-255,66,175199,62,204153
2552,0.006715,172.217.194.0-255,5738,180937,62,204153
2553,0.009106,172.31.40.0-255,66,181003,62,204153
2554,0.01132,172.217.194.0-255,5738,186741,62,204153
2555,0.011328,172.31.40.0-255,66,186807,62,204153
2556,0.013551,172.217.194.0-255,5738,192545,62,204153
2557,0.013606,172.31.40.0-255,66,192611,62,204153
2558,0.015837,172.217.194.0-255,5738,198349,62,204153
2559,0.015845,172.31.40.0-255,66,198415,62,204153
2560,0.018056,172.217.194.0-255,5738,204153,62,204153
2561,0.0,74.125.130.0-255,154,154,62,217205
2562,2.1e-05,172.31.40.0-255,66,220,62,217205
2563,2.7e-05,74.125.130.0-255,1484,1704,62,217205
2564,3.2e-05,172.31.40.0-255,66,1770,62,217205
2565,4.5e-05,74.125.130.0-255,2902,4672,62,217205
2566,4.9e-05,172.31.40.0-255,66,4738,62,217205
2567,9.2e-05,74.125.130.0-255,7156,11894,62,217205
2568,9.5e-05,172.31.40.0-255,66,11960,62,217205
2569,0.0001,74.125.130.0-255,2064,14024,62,217205
2570,0.000102,172.31.40.0-255,66,14090,62,217205
2571,0.000106,74.125.130.0-255,2902,16992,62,217205
2572,0.000109,172.31.40.0-255,66,17058,62,217205
2573,0.000116,74.125.130.0-255,7156,24214,62,217205
2574,0.000119,172.31.40.0-255,66,24280,62,217205
2575,0.000134,74.125.130.0-255,1484,25764,62,217205
2576,0.000137,172.31.40.0-255,66,25830,62,217205
2577,0.000168,74.125.130.0-255,5379,31209,62,217205
2578,0.000171,172.31.40.0-255,66,31275,62,217205
2579,0.000373,74.125.130.0-255,1484,32759,62,217205
2580,0.000378,172.31.40.0-255,66,32825,62,217205
2581,0.000383,74.125.130.0-255,1484,34309,62,217205
2582,0.000385,172.31.40.0-255,66,34375,62,217205
2583,0.00039,74.125.130.0-255,2902,37277,62,217205
2584,0.000398,172.31.40.0-255,66,37343,62,217205
2585,0.000401,74.125.130.0-255,1484,38827,62,217205
2586,0.000403,172.31.40.0-255,66,38893,62,217205
2587,0.000436,74.125.130.0-255,4320,43213,62,217205
2588,0.000439,172.31.40.0-255,66,43279,62,217205
2589,0.000447,74.125.130.0-255,6797,50076,62,217205
2590,0.000449,172.31.40.0-255,66,50142,62,217205
2591,0.000453,74.125.130.0-255,2902,53044,62,217205
2592,0.000456,172.31.40.0-255,66,53110,62,217205
2593,0.000489,74.125.130.0-255,4320,57430,62,217205
2594,0.000492,172.31.40.0-255,66,57496,62,217205
2595,0.00053,172.31.40.0-255,66,57562,62,217205
2596,0.000788,74.125.130.0-255,101,57663,62,217205
2597,0.000832,74.125.130.0-255,1484,59147,62,217205
2598,0.000836,172.31.40.0-255,66,59213,62,217205
2599,0.000842,74.125.130.0-255,2902,62115,62,217205
2600,0.000844,172.31.40.0-255,66,62181,62,217205
2601,0.000878,74.125.130.0-255,5738,67919,62,217205
2602,0.000881,172.31.40.0-255,66,67985,62,217205
2603,0.000885,74.125.130.0-255,1484,69469,62,217205
2604,0.000912,74.125.130.0-255,7156,76625,62,217205
2605,0.000915,172.31.40.0-255,66,76691,62,217205
2606,0.000926,172.31.40.0-255,66,76757,62,217205
2607,0.000952,74.125.130.0-255,1484,78241,62,217205
2608,0.000959,74.125.130.0-255,5020,83261,62,217205
2609,0.000962,172.31.40.0-255,66,83327,62,217205
2610,0.00126,74.125.130.0-255,1484,84811,62,217205
2611,0.001267,74.125.130.0-255,2902,87713,62,217205
2612,0.00127,172.31.40.0-255,66,87779,62,217205
2613,0.001277,74.125.130.0-255,5738,93517,62,217205
2614,0.00128,172.31.40.0-255,66,93583,62,217205
2615,0.001307,74.125.130.0-255,5738,99321,62,217205
2616,0.00131,172.31.40.0-255,66,99387,62,217205
2617,0.001318,74.125.130.0-255,7156,106543,62,217205
2618,0.00132,172.31.40.0-255,66,106609,62,217205
2619,0.001364,74.125.130.0-255,4320,110929,62,217205
2620,0.001368,172.31.40.0-255,66,110995,62,217205
2621,0.001398,74.125.130.0-255,6438,117433,62,217205
2622,0.001403,172.31.40.0-255,66,117499,62,217205
2623,0.001704,74.125.130.0-255,1484,118983,62,217205
2624,0.001709,74.125.130.0-255,1484,120467,62,217205
2625,0.001713,172.31.40.0-255,66,120533,62,217205
2626,0.001744,74.125.130.0-255,1484,122017,62,217205
2627,0.00175,74.125.130.0-255,5738,127755,62,217205
2628,0.001753,172.31.40.0-255,66,127821,62,217205
2629,0.001764,172.31.40.0-255,66,127887,62,217205
2630,0.001769,74.125.130.0-255,2902,130789,62,217205
2631,0.001771,172.31.40.0-255,66,130855,62,217205
2632,0.001801,74.125.130.0-255,7156,138011,62,217205
2633,0.001803,172.31.40.0-255,66,138077,62,217205
2634,0.00181,74.125.130.0-255,5020,143097,62,217205
2635,0.001812,172.31.40.0-255,66,143163,62,217205
2636,0.001916,74.125.130.0-255,1484,144647,62,217205
2637,0.001923,74.125.130.0-255,2902,147549,62,217205
2638,0.001927,172.31.40.0-255,66,147615,62,217205
2639,0.001957,74.125.130.0-255,4320,151935,62,217205
2640,0.00196,172.31.40.0-255,66,152001,62,217205
2641,0.001992,74.125.130.0-255,1484,153485,62,217205
2642,0.001997,74.125.130.0-255,4320,157805,62,217205
2643,0.002,172.31.40.0-255,66,157871,62,217205
2644,0.002014,172.31.40.0-255,66,157937,62,217205
2645,0.002024,172.31.40.0-255,66,158003,62,217205
2646,0.00226,74.125.130.0-255,1484,159487,62,217205
2647,0.002268,74.125.130.0-255,2902,162389,62,217205
2648,0.002272,172.31.40.0-255,66,162455,62,217205
2649,0.002314,74.125.130.0-255,1484,163939,62,217205
2650,0.00233,74.125.130.0-255,4320,168259,62,217205
2651,0.002333,172.31.40.0-255,66,168325,62,217205
2652,0.002344,172.31.40.0-255,66,168391,62,217205
2653,0.00235,74.125.130.0-255,5738,174129,62,217205
2654,0.002352,172.31.40.0-255,66,174195,62,217205
2655,0.002388,74.125.130.0-255,4320,178515,62,217205
2656,0.002391,172.31.40.0-255,66,178581,62,217205
2657,0.002394,74.125.130.0-255,1484,180065,62,217205
2658,0.002398,74.125.130.0-255,2902,182967,62,217205
2659,0.0024,172.31.40.0-255,66,183033,62,217205
2660,0.002403,74.125.130.0-255,766,183799,62,217205
2661,0.004916,74.125.130.0-255,4320,188119,62,217205
2662,0.004923,172.31.40.0-255,66,188185,62,217205
2663,0.00748,74.125.130.0-255,5738,193923,62,217205
2664,0.007487,172.31.40.0-255,66,193989,62,217205
2665,0.010009,74.125.130.0-255,5738,199727,62,217205
2666,0.010015,172.31.40.0-255,66,199793,62,217205
2667,0.012543,74.125.130.0-255,5738,205531,62,217205
2668,0.012553,172.31.40.0-255,66,205597,62,217205
2669,0.01508,74.125.130.0-255,5738,211335,62,217205
2670,0.01509,172.31.40.0-255,66,211401,62,217205
2671,0.017608,74.125.130.0-255,5738,217139,62,217205
2672,0.017617,172.31.40.0-255,66,217205,62,217205
2673,0.0,74.125.68.0-255,152,152,62,298679
2674,4.9e-05,172.31.40.0-255,66,218,62,298679
2675,5.6e-05,74.125.68.0-255,1484,1702,62,298679
2676,6e-05,172.31.40.0-255,66,1768,62,298679
2677,6.6e-05,74.125.68.0-255,2902,4670,62,298679
2678,7e-05,172.31.40.0-255,66,4736,62,298679
2679,7.5e-05,74.125.68.0-255,5738,10474,62,298679
2680,7.8e-05,172.31.40.0-255,66,10540,62,298679
2681,8.3e-05,74.125.68.0-255,3472,14012,62,298679
2682,8.6e-05,172.31.40.0-255,66,14078,62,298679
2683,9.1e-05,74.125.68.0-255,4320,18398,62,298679
2684,9.3e-05,172.31.40.0-255,66,18464,62,298679
2685,0.000134,172.31.40.0-255,66,18530,62,298679
2686,0.000163,74.125.68.0-255,2543,21073,62,298679
2687,0.000166,172.31.40.0-255,66,21139,62,298679
2688,0.000206,74.125.68.0-255,2902,24041,62,298679
2689,0.00021,172.31.40.0-255,66,24107,62,298679
2690,0.000215,74.125.68.0-255,2902,27009,62,298679
2691,0.000217,172.31.40.0-255,66,27075,62,298679
2692,0.000241,74.125.68.0-255,4320,31395,62,298679
2693,0.000244,172.31.40.0-255,66,31461,62,298679
2694,0.000249,74.125.68.0-255,2902,34363,62,298679
2695,0.000251,172.31.40.0-255,66,34429,62,298679
2696,0.000266,74.125.68.0-255,5738,40167,62,298679
2697,0.000268,172.31.40.0-255,66,40233,62,298679
2698,0.000306,74.125.68.0-255,5738,45971,62,298679
2699,0.000309,172.31.40.0-255,66,46037,62,298679
2700,0.000333,74.125.68.0-255,4320,50357,62,298679
2701,0.000336,172.31.40.0-255,66,50423,62,298679
2702,0.000351,74.125.68.0-255,2902,53325,62,298679
2703,0.000354,172.31.40.0-255,66,53391,62,298679
2704,0.00037,74.125.68.0-255,2184,55575,62,298679
2705,0.000372,74.125.68.0-255,708,56283,62,298679
2706,0.000391,172.31.40.0-255,66,56349,62,298679
2707,0.000868,74.125.68.0-255,1484,57833,62,298679
2708,0.000884,74.125.68.0-255,2902,60735,62,298679
2709,0.000888,172.31.40.0-255,66,60801,62,298679
2710,0.000894,74.125.68.0-255,4320,65121,62,298679
2711,0.000904,172.31.40.0-255,66,65187,62,298679
2712,0.000907,74.125.68.0-255,1484,66671,62,298679
2713,0.000923,74.125.68.0-255,2902,69573,62,298679
2714,0.000936,74.125.68.0-255,2902,72475,62,298679
2715,0.000941,172.31.40.0-255,66,72541,62,298679
2716,0.000951,74.125.68.0-255,7156,79697,62,298679
2717,0.000956,172.31.40.0-255,66,79763,62,298679
2718,0.000989,74.125.68.0-255,4320,84083,62,298679
2719,0.001,172.31.40.0-255,66,84149,62,298679
2720,0.001012,74.125.68.0-255,6438,90587,62,298679
2721,0.001017,172.31.40.0-255,66,90653,62,298679
2722,0.001531,74.125.68.0-255,1484,92137,62,298679
2723,0.00154,74.125.68.0-255,1484,93621,62,298679
2724,0.001544,172.31.40.0-255,66,93687,62,298679
2725,0.001565,74.125.68.0-255,1484,95171,62,298679
2726,0.00157,74.125.68.0-255,2902,98073,62,298679
2727,0.001583,74.125.68.0-255,1484,99557,62,298679
2728,0.001585,74.125.68.0-255,1484,101041,62,298679
2729,0.001607,74.125.68.0-255,7156,108197,62,298679
2730,0.00161,172.31.40.0-255,66,108263,62,298679
2731,0.001616,172.31.40.0-255,66,108329,62,298679
2732,0.001626,74.125.68.0-255,2902,111231,62,298679
2733,0.001665,172.31.40.0-255,66,111297,62,298679
2734,0.00168,74.125.68.0-255,5738,117035,62,298679
2735,0.001685,172.31.40.0-255,66,117101,62,298679
2736,0.001699,74.125.68.0-255,7156,124257,62,298679
2737,0.001703,74.125.68.0-255,766,125023,62,298679
2738,0.001746,172.31.40.0-255,66,125089,62,298679
2739,0.00177,74.125.68.0-255,1484,126573,62,298679
2740,0.001777,74.125.68.0-255,2902,129475,62,298679
2741,0.001793,74.125.68.0-255,1484,130959,62,298679
2742,0.001798,172.31.40.0-255,66,131025,62,298679
2743,0.001817,74.125.68.0-255,4320,135345,62,298679
2744,0.001822,74.125.68.0-255,2902,138247,62,298679
2745,0.001836,74.125.68.0-255,4320,142567,62,298679
2746,0.001843,172.31.40.0-255,66,142633,62,298679
2747,0.001863,74.125.68.0-255,2902,145535,62,298679
2748,0.00188,74.125.68.0-255,5738,151273,62,298679
2749,0.001885,172.31.40.0-255,66,151339,62,298679
2750,0.001903,74.125.68.0-255,4320,155659,62,298679
2751,0.00191,172.31.40.0-255,66,155725,62,298679
2752,0.001946,74.125.68.0-255,3602,159327,62,298679
2753,0.001959,172.31.40.0-255,66,159393,62,298679
2754,0.001972,74.125.68.0-255,1484,160877,62,298679
2755,0.001976,74.125.68.0-255,1484,162361,62,298679
2756,0.001984,172.31.40.0-255,66,162427,62,298679
2757,0.001993,74.125.68.0-255,1484,163911,62,298679
2758,0.001999,74.125.68.0-255,5738,169649,62,298679
2759,0.002023,172.31.40.0-255,66,169715,62,298679
2760,0.002027,74.125.68.0-255,2902,172617,62,298679
2761,0.002032,172.31.40.0-255,66,172683,62,298679
2762,0.002048,74.125.68.0-255,7156,179839,62,298679
2763,0.002064,172.31.40.0-255,66,179905,62,298679
2764,0.002069,74.125.68.0-255,2902,182807,62,298679
2765,0.002074,172.31.40.0-255,66,182873,62,298679
2766,0.002091,74.125.68.0-255,1484,184357,62,298679
2767,0.002158,172.31.40.0-255,66,184423,62,298679
2768,0.002172,74.125.68.0-255,766,185189,62,298679
2769,0.00223,74.125.68.0-255,1484,186673,62,298679
2770,0.002248,74.125.68.0-255,1484,188157,62,298679
2771,0.002252,172.31.40.0-255,66,188223,62,298679
2772,0.00227,74.125.68.0-255,1484,189707,62,298679
2773,0.002276,74.125.68.0-255,5738,195445,62,298679
2774,0.00228,74.125.68.0-255,2902,198347,62,298679
2775,0.002291,74.125.68.0-255,4320,202667,62,298679
2776,0.002296,172.31.40.0-255,66,202733,62,298679
2777,0.00232,74.125.68.0-255,5738,208471,62,298679
2778,0.002329,172.31.40.0-255,66,208537,62,298679
2779,0.002346,172.31.40.0-255,66,208603,62,298679
2780,0.002396,74.125.68.0-255,4320,212923,62,298679
2781,0.002406,172.31.40.0-255,66,212989,62,298679
2782,0.00241,74.125.68.0-255,2184,215173,62,298679
2783,0.002414,172.31.40.0-255,66,215239,62,298679
2784,0.002443,74.125.68.0-255,2902,218141,62,298679
2785,0.002447,172.31.40.0-255,66,218207,62,298679
2786,0.002464,74.125.68.0-255,4320,222527,62,298679
2787,0.002469,172.31.40.0-255,66,222593,62,298679
2788,0.002489,74.125.68.0-255,2902,225495,62,298679
2789,0.002504,74.125.68.0-255,2902,228397,62,298679
2790,0.002522,74.125.68.0-255,5738,234135,62,298679
2791,0.002532,74.125.68.0-255,1484,235619,62,298679
2792,0.002561,74.125.68.0-255,4320,239939,62,298679
2793,0.002585,74.125.68.0-255,5020,244959,62,298679
2794,0.002667,74.125.68.0-255,1484,246443,62,298679
2795,0.002671,74.125.68.0-255,2902,249345,62,298679
2796,0.002681,74.125.68.0-255,1484,250829,62,298679
2797,0.002696,74.125.68.0-255,4320,255149,62,298679
2798,0.002713,74.125.68.0-255,2902,258051,62,298679
2799,0.002731,74.125.68.0-255,5738,263789,62,298679
2800,0.002862,172.31.40.0-255,66,263855,62,298679
2801,0.005546,74.125.68.0-255,5738,269593,62,298679
2802,0.005553,172.31.40.0-255,66,269659,62,298679
2803,0.008239,74.125.68.0-255,5738,275397,62,298679
2804,0.008244,172.31.40.0-255,66,275463,62,298679
2805,0.010917,74.125.68.0-255,5738,281201,62,298679
2806,0.010921,172.31.40.0-255,66,281267,62,298679
2807,0.013601,74.125.68.0-255,5738,287005,62,298679
2808,0.013608,172.31.40.0-255,66,287071,62,298679
2809,0.016287,74.125.68.0-255,5738,292809,62,298679
2810,0.016294,172.31.40.0-255,66,292875,62,298679
2811,0.018992,74.125.68.0-255,5738,298613,62,298679
2812,0.019001,172.31.40.0-255,66,298679,62,298679
2813,0.0,74.125.24.0-255,296,296,62,162950
2814,2.3e-05,172.31.40.0-255,66,362,62,162950
2815,2.9e-05,74.125.24.0-255,1484,1846,62,162950
2816,3.4e-05,172.31.40.0-255,66,1912,62,162950
2817,4.1e-05,74.125.24.0-255,4320,6232,62,162950
2818,4.5e-05,172.31.40.0-255,66,6298,62,162950
2819,8.6e-05,172.31.40.0-255,66,6364,62,162950
2820,0.000115,74.125.24.0-255,2902,9266,62,162950
2821,0.000118,172.31.40.0-255,66,9332,62,162950
2822,0.000142,74.125.24.0-255,5738,15070,62,162950
2823,0.000145,172.31.40.0-255,66,15136,62,162950
2824,0.000147,74.125.24.0-255,1484,16620,62,162950
2825,0.000149,172.31.40.0-255,66,16686,62,162950
2826,0.000193,74.125.24.0-255,6797,23483,62,162950
2827,0.000197,172.31.40.0-255,66,23549,62,162950
2828,0.000645,74.125.24.0-255,1484,25033,62,162950
2829,0.00065,172.31.40.0-255,66,25099,62,162950
2830,0.000656,74.125.24.0-255,2902,28001,62,162950
2831,0.000658,172.31.40.0-255,66,28067,62,162950
2832,0.000665,74.125.24.0-255,5738,33805,62,162950
2833,0.000667,172.31.40.0-255,66,33871,62,162950
2834,0.00072,172.31.40.0-255,66,33937,62,162950
2835,0.000724,74.125.24.0-255,2902,36839,62,162950
2836,0.000726,172.31.40.0-255,66,36905,62,162950
2837,0.000748,74.125.24.0-255,5738,42643,62,162950
2838,0.000751,172.31.40.0-255,66,42709,62,162950
2839,0.000754,74.125.24.0-255,1125,43834,62,162950
2840,0.000756,172.31.40.0-255,66,43900,62,162950
2841,0.00133,74.125.24.0-255,646,44546,62,162950
2842,0.001336,172.31.40.0-255,66,44612,62,162950
2843,0.001502,74.125.24.0-255,1484,46096,62,162950
2844,0.00151,74.125.24.0-255,2902,48998,62,162950
2845,0.001513,172.31.40.0-255,66,49064,62,162950
2846,0.001521,74.125.24.0-255,5738,54802,62,162950
2847,0.001523,172.31.40.0-255,66,54868,62,162950
2848,0.001551,74.125.24.0-255,4320,59188,62,162950
2849,0.001554,172.31.40.0-255,66,59254,62,162950
2850,0.00157,74.125.24.0-255,5738,64992,62,162950
2851,0.001573,172.31.40.0-255,66,65058,62,162950
2852,0.001602,172.31.40.0-255,66,65124,62,162950
2853,0.001621,74.125.24.0-255,5020,70144,62,162950
2854,0.001624,172.31.40.0-255,66,70210,62,162950
2855,0.001856,74.125.24.0-255,1484,71694,62,162950
2856,0.001878,74.125.24.0-255,2902,74596,62,162950
2857,0.001882,172.31.40.0-255,66,74662,62,162950
2858,0.00189,74.125.24.0-255,5738,80400,62,162950
2859,0.001893,172.31.40.0-255,66,80466,62,162950
2860,0.001896,74.125.24.0-255,1484,81950,62,162950
2861,0.001912,74.125.24.0-255,4320,86270,62,162950
2862,0.001915,172.31.40.0-255,66,86336,62,162950
2863,0.001933,74.125.24.0-255,7156,93492,62,162950
2864,0.001936,172.31.40.0-255,66,93558,62,162950
2865,0.001947,172.31.40.0-255,66,93624,62,162950
2866,0.001967,74.125.24.0-255,2184,95808,62,162950
2867,0.001969,172.31.40.0-255,66,95874,62,162950
2868,0.00223,74.125.24.0-255,1484,97358,62,162950
2869,0.002238,74.125.24.0-255,2902,100260,62,162950
2870,0.002243,172.31.40.0-255,66,100326,62,162950
2871,0.002251,74.125.24.0-255,5738,106064,62,162950
2872,0.002253,172.31.40.0-255,66,106130,62,162950
2873,0.002287,74.125.24.0-255,7156,113286,62,162950
2874,0.002289,172.31.40.0-255,66,113352,62,162950
2875,0.002295,74.125.24.0-255,5738,119090,62,162950
2876,0.002298,172.31.40.0-255,66,119156,62,162950
2877,0.002313,74.125.24.0-255,2902,122058,62,162950
2878,0.002316,172.31.40.0-255,66,122124,62,162950
2879,0.002318,74.125.24.0-255,1484,123608,62,162950
2880,0.004587,74.125.24.0-255,4320,127928,62,162950
2881,0.004595,172.31.40.0-255,66,127994,62,162950
2882,0.006869,74.125.24.0-255,5738,133732,62,162950
2883,0.006875,172.31.40.0-255,66,133798,62,162950
2884,0.009101,74.125.24.0-255,5738,139536,62,162950
2885,0.009108,172.31.40.0-255,66,139602,62,162950
2886,0.011358,74.125.24.0-255,5738,145340,62,162950
2887,0.011366,172.31.40.0-255,66,145406,62,162950
2888,0.013638,74.125.24.0-255,5738,151144,62,162950
2889,0.013645,172.31.40.0-255,66,151210,62,162950
2890,0.015935,74.125.24.0-255,2902,154112,62,162950
2891,0.015943,172.31.40.0-255,66,154178,62,162950
2892,0.015965,74.125.24.0-255,2902,157080,62,162950
2893,0.015967,172.31.40.0-255,66,157146,62,162950
2894,0.018202,74.125.24.0-255,5738,162884,62,162950
2895,0.018213,172.31.40.0-255,66,162950,62,162950
2896,0.0,172.217.194.0-255,150,150,62,138968
2897,2.3e-05,172.31.40.0-255,66,216,62,138968
2898,3e-05,172.217.194.0-255,1484,1700,62,138968
2899,3.5e-05,172.31.40.0-255,66,1766,62,138968
2900,4.1e-05,172.217.194.0-255,2902,4668,62,138968
2901,4.5e-05,172.31.40.0-255,66,4734,62,138968
2902,6e-05,172.217.194.0-255,7156,11890,62,138968
2903,6.3e-05,172.31.40.0-255,66,11956,62,138968
2904,6.7e-05,172.217.194.0-255,2091,14047,62,138968
2905,6.9e-05,172.31.40.0-255,66,14113,62,138968
2906,0.000123,172.217.194.0-255,1484,15597,62,138968
2907,0.000126,172.31.40.0-255,66,15663,62,138968
2908,0.000132,172.217.194.0-255,2902,18565,62,138968
2909,0.000134,172.31.40.0-255,66,18631,62,138968
2910,0.000171,172.217.194.0-255,5738,24369,62,138968
2911,0.000174,172.31.40.0-255,66,24435,62,138968
2912,0.000181,172.217.194.0-255,5738,30173,62,138968
2913,0.000183,172.31.40.0-255,66,30239,62,138968
2914,0.000186,172.217.194.0-255,1125,31364,62,138968
2915,0.000192,172.31.40.0-255,66,31430,62,138968
2916,0.000278,172.217.194.0-255,1484,32914,62,138968
2917,0.000282,172.31.40.0-255,66,32980,62,138968
2918,0.000287,172.217.194.0-255,2902,35882,62,138968
2919,0.000289,172.31.40.0-255,66,35948,62,138968
2920,0.000293,172.217.194.0-255,2902,38850,62,138968
2921,0.000295,172.31.40.0-255,66,38916,62,138968
2922,0.000333,172.217.194.0-255,2902,41818,62,138968
2923,0.000336,172.31.40.0-255,66,41884,62,138968
2924,0.000343,172.217.194.0-255,6797,48681,62,138968
2925,0.000346,172.31.40.0-255,66,48747,62,138968
2926,0.00036,172.31.40.0-255,66,48813,62,138968
2927,0.000385,172.217.194.0-255,1484,50297,62,138968
2928,0.000391,172.217.194.0-255,2799,53096,62,138968
2929,0.000393,172.31.40.0-255,66,53162,62,138968
2930,0.000422,172.217.194.0-255,119,53281,62,138968
2931,0.000557,172.217.194.0-255,1484,54765,62,138968
2932,0.000563,172.31.40.0-255,66,54831,62,138968
2933,0.000569,172.217.194.0-255,2902,57733,62,138968
2934,0.000571,172.31.40.0-255,66,57799,62,138968
2935,0.000582,172.217.194.0-255,5738,63537,62,138968
2936,0.000585,172.31.40.0-255,66,63603,62,138968
2937,0.000617,172.217.194.0-255,7156,70759,62,138968
2938,0.00062,172.31.40.0-255,66,70825,62,138968
2939,0.00064,172.217.194.0-255,6797,77622,62,138968
2940,0.000646,172.31.40.0-255,66,77688,62,138968
2941,0.000657,172.31.40.0-255,66,77754,62,138968
2942,0.001889,172.217.194.0-255,1484,79238,62,138968
2943,0.001903,172.217.194.0-255,2902,82140,62,138968
2944,0.001909,172.31.40.0-255,66,82206,62,138968
2945,0.001918,172.217.194.0-255,5738,87944,62,138968
2946,0.001921,172.31.40.0-255,66,88010,62,138968
2947,0.001951,172.217.194.0-255,2902,90912,62,138968
2948,0.001953,172.31.40.0-255,66,90978,62,138968
2949,0.001982,172.31.40.0-255,66,91044,62,138968
2950,0.002025,172.31.40.0-255,66,91110,62,138968
2951,0.002257,172.217.194.0-255,1484,92594,62,138968
2952,0.002265,172.217.194.0-255,2902,95496,62,138968
2953,0.002269,172.31.40.0-255,66,95562,62,138968
2954,0.002277,172.217.194.0-255,5738,101300,62,138968
2955,0.002279,172.31.40.0-255,66,101366,62,138968
2956,0.002323,172.31.40.0-255,66,101432,62,138968
2957,0.002334,172.31.40.0-255,66,101498,62,138968
2958,0.002418,172.31.40.0-255,66,101564,62,138968
2959,0.002431,172.31.40.0-255,66,101630,62,138968
2960,0.002443,172.31.40.0-255,66,101696,62,138968
2961,0.00249,172.31.40.0-255,66,101762,62,138968
2962,0.002517,172.31.40.0-255,66,101828,62,138968
2963,0.002625,172.217.194.0-255,2184,104012,62,138968
2964,0.002628,172.31.40.0-255,66,104078,62,138968
2965,0.00266,172.31.40.0-255,66,104144,62,138968
2966,0.005158,172.217.194.0-255,5738,109882,62,138968
2967,0.005165,172.31.40.0-255,66,109948,62,138968
2968,0.007641,172.217.194.0-255,5738,115686,62,138968
2969,0.007647,172.31.40.0-255,66,115752,62,138968
2970,0.010123,172.217.194.0-255,5738,121490,62,138968
2971,0.01013,172.31.40.0-255,66,121556,62,138968
2972,0.012624,172.217.194.0-255,5738,127294,62,138968
2973,0.012635,172.31.40.0-255,66,127360,62,138968
2974,0.015133,172.217.194.0-255,5738,133098,62,138968
2975,0.015145,172.31.40.0-255,66,133164,62,138968
2976,0.017628,172.217.194.0-255,5738,138902,62,138968
2977,0.017642,172.31.40.0-255,66,138968,62,138968
2978,0.0,172.217.194.0-255,146,146,62,157497
2979,2.1e-05,172.31.40.0-255,66,212,62,157497
2980,2.8e-05,172.217.194.0-255,1484,1696,62,157497
2981,3.2e-05,172.31.40.0-255,66,1762,62,157497
2982,3.7e-05,172.217.194.0-255,2902,4664,62,157497
2983,4.8e-05,172.31.40.0-255,66,4730,62,157497
2984,5.2e-05,172.217.194.0-255,1484,6214,62,157497
2985,5.4e-05,172.31.40.0-255,66,6280,62,157497
2986,6.3e-05,172.217.194.0-255,5738,12018,62,157497
2987,6.5e-05,172.31.40.0-255,66,12084,62,157497
2988,0.000111,172.31.40.0-255,66,12150,62,157497
2989,0.000123,172.31.40.0-255,66,12216,62,157497
2990,0.000152,172.217.194.0-255,2543,14759,62,157497
2991,0.000155,172.31.40.0-255,66,14825,62,157497
2992,0.000269,172.217.194.0-255,1484,16309,62,157497
2993,0.000273,172.31.40.0-255,66,16375,62,157497
2994,0.000279,172.217.194.0-255,2902,19277,62,157497
2995,0.000282,172.31.40.0-255,66,19343,62,157497
2996,0.00031,172.217.194.0-255,2902,22245,62,157497
2997,0.000313,172.31.40.0-255,66,22311,62,157497
2998,0.000321,172.217.194.0-255,7156,29467,62,157497
2999,0.000323,172.31.40.0-255,66,29533,62,157497
3000,0.000373,172.217.194.0-255,6797,36330,62,157497
3001,0.000379,172.31.40.0-255,66,36396,62,157497
3002,0.000387,172.217.194.0-255,7156,43552,62,157497
3003,0.000389,172.31.40.0-255,66,43618,62,157497
3004,0.000394,172.217.194.0-255,2902,46520,62,157497
3005,0.000396,172.31.40.0-255,66,46586,62,157497
3006,0.000427,172.217.194.0-255,2832,49418,62,157497
3007,0.000431,172.31.40.0-255,66,49484,62,157497
3008,0.000554,172.217.194.0-255,367,49851,62,157497
3009,0.000559,172.31.40.0-255,66,49917,62,157497
3010,0.000656,172.217.194.0-255,1484,51401,62,157497
3011,0.000674,172.217.194.0-255,2902,54303,62,157497
3012,0.000678,172.31.40.0-255,66,54369,62,157497
3013,0.000706,172.217.194.0-255,2902,57271,62,157497
3014,0.000708,172.31.40.0-255,66,57337,62,157497
3015,0.000714,172.217.194.0-255,4320,61657,62,157497
3016,0.000717,172.31.40.0-255,66,61723,62,157497
3017,0.00075,172.31.40.0-255,66,61789,62,157497
3018,0.000755,172.217.194.0-255,4320,66109,62,157497
3019,0.000758,172.31.40.0-255,66,66175,62,157497
3020,0.000823,172.31.40.0-255,66,66241,62,157497
3021,0.001587,172.217.194.0-255,1484,67725,62,157497
3022,0.001597,172.217.194.0-255,2902,70627,62,157497
3023,0.001601,172.31.40.0-255,66,70693,62,157497
3024,0.001618,172.217.194.0-255,1484,72177,62,157497
3025,0.001636,172.217.194.0-255,2902,75079,62,157497
3026,0.001638,172.31.40.0-255,66,75145,62,157497
3027,0.001671,172.31.40.0-255,66,75211,62,157497
3028,0.001681,172.31.40.0-255,66,75277,62,157497
3029,0.001722,172.217.194.0-255,6438,81715,62,157497
3030,0.001725,172.31.40.0-255,66,81781,62,157497
3031,0.001946,172.217.194.0-255,1484,83265,62,157497
3032,0.001951,172.217.194.0-255,1484,84749,62,157497
3033,0.001954,172.31.40.0-255,66,84815,62,157497
3034,0.001978,172.217.194.0-255,1484,86299,62,157497
3035,0.001984,172.217.194.0-255,5738,92037,62,157497
3036,0.001986,172.31.40.0-255,66,92103,62,157497
3037,0.002018,172.217.194.0-255,5738,97841,62,157497
3038,0.002021,172.31.40.0-255,66,97907,62,157497
3039,0.002042,172.217.194.0-255,4320,102227,62,157497
3040,0.002045,172.31.40.0-255,66,102293,62,157497
3041,0.002051,172.217.194.0-255,5738,108031,62,157497
3042,0.002053,172.31.40.0-255,66,108097,62,157497
3043,0.002057,172.217.194.0-255,2902,110999,62,157497
3044,0.002059,172.31.40.0-255,66,111065,62,157497
3045,0.004056,172.217.194.0-255,5738,116803,62,157497
3046,0.004063,172.31.40.0-255,66,116869,62,157497
3047,0.00606,172.217.194.0-255,5738,122607,62,157497
3048,0.006065,172.31.40.0-255,66,122673,62,157497
3049,0.008093,172.217.194.0-255,5738,128411,62,157497
3050,0.008099,172.31.40.0-255,66,128477,62,157497
3051,0.010099,172.217.194.0-255,5738,134215,62,157497
3052,0.010106,172.31.40.0-255,66,134281,62,157497
3053,0.012142,172.217.194.0-255,5738,140019,62,157497
3054,0.012149,172.31.40.0-255,66,140085,62,157497
3055,0.014169,172.217.194.0-255,5738,145823,62,157497
3056,0.014176,172.31.40.0-255,66,145889,62,157497
3057,0.01622,172.217.194.0-255,5738,151627,62,157497
3058,0.016227,172.31.40.0-255,66,151693,62,157497
3059,0.018243,172.217.194.0-255,5738,157431,62,157497
3060,0.018249,172.31.40.0-255,66,157497,62,157497
3061,0.0,74.125.24.0-255,291,291,62,124512
3062,2.4e-05,172.31.40.0-255,66,357,62,124512
3063,3.1e-05,74.125.24.0-255,1484,1841,62,124512
3064,3.5e-05,172.31.40.0-255,66,1907,62,124512
3065,4.2e-05,74.125.24.0-255,4320,6227,62,124512
3066,4.6e-05,172.31.40.0-255,66,6293,62,124512
3067,5.2e-05,74.125.24.0-255,5738,12031,62,124512
3068,5.5e-05,172.31.40.0-255,66,12097,62,124512
3069,7.7e-05,74.125.24.0-255,2902,14999,62,124512
3070,8e-05,172.31.40.0-255,66,15065,62,124512
3071,0.00011,74.125.24.0-255,3290,18355,62,124512
3072,0.000113,172.31.40.0-255,66,18421,62,124512
3073,0.00012,74.125.24.0-255,7156,25577,62,124512
3074,0.000123,172.31.40.0-255,66,25643,62,124512
3075,0.000129,74.125.24.0-255,5379,31022,62,124512
3076,0.000132,172.31.40.0-255,66,31088,62,124512
3077,0.000479,74.125.24.0-255,1484,32572,62,124512
3078,0.000486,172.31.40.0-255,66,32638,62,124512
3079,0.000491,74.125.24.0-255,1484,34122,62,124512
3080,0.000493,172.31.40.0-255,66,34188,62,124512
3081,0.000508,74.125.24.0-255,1484,35672,62,124512
3082,0.000511,172.31.40.0-255,66,35738,62,124512
3083,0.000518,74.125.24.0-255,5738,41476,62,124512
3084,0.00052,172.31.40.0-255,66,41542,62,124512
3085,0.000552,74.125.24.0-255,6797,48339,62,124512
3086,0.000555,172.31.40.0-255,66,48405,62,124512
3087,0.00059,172.31.40.0-255,66,48471,62,124512
3088,0.000594,74.125.24.0-255,2543,51014,62,124512
3089,0.000596,172.31.40.0-255,66,51080,62,124512
3090,0.000599,74.125.24.0-255,366,51446,62,124512
3091,0.000601,172.31.40.0-255,66,51512,62,124512
3092,0.00067,74.125.24.0-255,376,51888,62,124512
3093,0.000973,172.31.40.0-255,66,51954,62,124512
3094,0.001027,74.125.24.0-255,1484,53438,62,124512
3095,0.001031,74.125.24.0-255,1484,54922,62,124512
3096,0.001034,172.31.40.0-255,66,54988,62,124512
3097,0.00105,74.125.24.0-255,1484,56472,62,124512
3098,0.001056,74.125.24.0-255,5738,62210,62,124512
3099,0.001058,172.31.40.0-255,66,62276,62,124512
3100,0.001072,74.125.24.0-255,2902,65178,62,124512
3101,0.001074,172.31.40.0-255,66,65244,62,124512
3102,0.001095,172.31.40.0-255,66,65310,62,124512
3103,0.001113,74.125.24.0-255,1484,66794,62,124512
3104,0.001125,172.31.40.0-255,66,66860,62,124512
3105,0.002332,74.125.24.0-255,1484,68344,62,124512
3106,0.002342,74.125.24.0-255,2902,71246,62,124512
3107,0.002347,172.31.40.0-255,66,71312,62,124512
3108,0.002353,74.125.24.0-255,2902,74214,62,124512
3109,0.002355,172.31.40.0-255,66,74280,62,124512
3110,0.002364,74.125.24.0-255,7156,81436,62,124512
3111,0.002366,172.31.40.0-255,66,81502,62,124512
3112,0.002434,172.31.40.0-255,66,81568,62,124512
3113,0.00244,74.125.24.0-255,3602,85170,62,124512
3114,0.002442,172.31.40.0-255,66,85236,62,124512
3115,0.004824,74.125.24.0-255,4320,89556,62,124512
3116,0.004828,172.31.40.0-255,66,89622,62,124512
3117,0.004843,74.125.24.0-255,1484,91106,62,124512
3118,0.007257,74.125.24.0-255,4320,95426,62,124512
3119,0.007263,172.31.40.0-255,66,95492,62,124512
3120,0.009651,74.125.24.0-255,5738,101230,62,124512
3121,0.009657,172.31.40.0-255,66,101296,62,124512
3122,0.012031,74.125.24.0-255,5738,107034,62,124512
3123,0.01204,172.31.40.0-255,66,107100,62,124512
3124,0.014448,74.125.24.0-255,5738,112838,62,124512
3125,0.014459,172.31.40.0-255,66,112904,62,124512
3126,0.016844,74.125.24.0-255,5738,118642,62,124512
3127,0.016853,172.31.40.0-255,66,118708,62,124512
3128,0.019248,74.125.24.0-255,5738,124446,62,124512
3129,0.019255,172.31.40.0-255,66,124512,62,124512
3130,0.0,172.217.194.0-255,152,152,62,243782
3131,1.9e-05,172.31.40.0-255,66,218,62,243782
3132,2.6e-05,172.217.194.0-255,1484,1702,62,243782
3133,3.1e-05,172.31.40.0-255,66,1768,62,243782
3134,3.7e-05,172.217.194.0-255,2902,4670,62,243782
3135,4.1e-05,172.31.40.0-255,66,4736,62,243782
3136,4.8e-05,172.217.194.0-255,7156,11892,62,243782
3137,5.1e-05,172.31.40.0-255,66,11958,62,243782
3138,8.8e-05,172.217.194.0-255,2098,14056,62,243782
3139,9.1e-05,172.31.40.0-255,66,14122,62,243782
3140,0.000189,172.217.194.0-255,1484,15606,62,243782
3141,0.000192,172.31.40.0-255,66,15672,62,243782
3142,0.000206,172.217.194.0-255,1484,17156,62,243782
3143,0.000208,172.31.40.0-255,66,17222,62,243782
3144,0.000223,172.217.194.0-255,1484,18706,62,243782
3145,0.000226,172.31.40.0-255,66,18772,62,243782
3146,0.000233,172.217.194.0-255,5738,24510,62,243782
3147,0.000236,172.31.40.0-255,66,24576,62,243782
3148,0.000243,172.217.194.0-255,6797,31373,62,243782
3149,0.000245,172.31.40.0-255,66,31439,62,243782
3150,0.00025,172.217.194.0-255,4320,35759,62,243782
3151,0.000253,172.31.40.0-255,66,35825,62,243782
3152,0.000281,172.217.194.0-255,2902,38727,62,243782
3153,0.000284,172.31.40.0-255,66,38793,62,243782
3154,0.000292,172.217.194.0-255,5738,44531,62,243782
3155,0.000294,172.31.40.0-255,66,44597,62,243782
3156,0.000318,172.31.40.0-255,66,44663,62,243782
3157,0.000347,172.217.194.0-255,1484,46147,62,243782
3158,0.000349,172.31.40.0-255,66,46213,62,243782
3159,0.000363,172.31.40.0-255,66,46279,62,243782
3160,0.000366,172.217.194.0-255,677,46956,62,243782
3161,0.000577,172.217.194.0-255,1484,48440,62,243782
3162,0.000582,172.31.40.0-255,66,48506,62,243782
3163,0.000588,172.217.194.0-255,2902,51408,62,243782
3164,0.00059,172.31.40.0-255,66,51474,62,243782
3165,0.000593,172.217.194.0-255,1484,52958,62,243782
3166,0.000597,172.217.194.0-255,2902,55860,62,243782
3167,0.000599,172.31.40.0-255,66,55926,62,243782
3168,0.000629,172.217.194.0-255,5738,61664,62,243782
3169,0.000632,172.31.40.0-255,66,61730,62,243782
3170,0.00064,172.217.194.0-255,7156,68886,62,243782
3171,0.000642,172.31.40.0-255,66,68952,62,243782
3172,0.000659,172.217.194.0-255,5738,74690,62,243782
3173,0.000661,172.31.40.0-255,66,74756,62,243782
3174,0.000668,172.217.194.0-255,6438,81194,62,243782
3175,0.000671,172.31.40.0-255,66,81260,62,243782
3176,0.001067,172.217.194.0-255,1484,82744,62,243782
3177,0.001072,172.217.194.0-255,1484,84228,62,243782
3178,0.001076,172.31.40.0-255,66,84294,62,243782
3179,0.001097,172.217.194.0-255,1484,85778,62,243782
3180,0.001103,172.217.194.0-255,5738,91516,62,243782
3181,0.001105,172.31.40.0-255,66,91582,62,243782
3182,0.001109,172.217.194.0-255,2902,94484,62,243782
3183,0.001112,172.31.40.0-255,66,94550,62,243782
3184,0.001126,172.217.194.0-255,2902,97452,62,243782
3185,0.001128,172.31.40.0-255,66,97518,62,243782
3186,0.001149,172.217.194.0-255,7156,104674,62,243782
3187,0.001151,172.31.40.0-255,66,104740,62,243782
3188,0.001155,172.217.194.0-255,2902,107642,62,243782
3189,0.001157,172.31.40.0-255,66,107708,62,243782
3190,0.001182,172.31.40.0-255,66,107774,62,243782
3191,0.001422,172.217.194.0-255,1484,109258,62,243782
3192,0.001443,172.217.194.0-255,2902,112160,62,243782
3193,0.001447,172.31.40.0-255,66,112226,62,243782
3194,0.001454,172.217.194.0-255,5738,117964,62,243782
3195,0.001456,172.31.40.0-255,66,118030,62,243782
3196,0.001498,172.31.40.0-255,66,118096,62,243782
3197,0.001511,172.31.40.0-255,66,118162,62,243782
3198,0.001533,172.217.194.0-255,2184,120346,62,243782
3199,0.001535,172.31.40.0-255,66,120412,62,243782
3200,0.001654,172.217.194.0-255,1484,121896,62,243782
3201,0.001668,172.217.194.0-255,2902,124798,62,243782
3202,0.001671,172.31.40.0-255,66,124864,62,243782
3203,0.001674,172.217.194.0-255,1484,126348,62,243782
3204,0.001691,172.217.194.0-255,1484,127832,62,243782
3205,0.001693,172.31.40.0-255,66,127898,62,243782
3206,0.001699,172.217.194.0-255,4320,132218,62,243782
3207,0.0017,172.31.40.0-255,66,132284,62,243782
3208,0.001722,172.217.194.0-255,2902,135186,62,243782
3209,0.001724,172.31.40.0-255,66,135252,62,243782
3210,0.001767,172.31.40.0-255,66,135318,62,243782
3211,0.001789,172.217.194.0-255,7156,142474,62,243782
3212,0.001791,172.31.40.0-255,66,142540,62,243782
3213,0.001796,172.217.194.0-255,3602,146142,62,243782
3214,0.001798,172.31.40.0-255,66,146208,62,243782
3215,0.001889,172.217.194.0-255,1484,147692,62,243782
3216,0.001895,172.217.194.0-255,2902,150594,62,243782
3217,0.001898,172.31.40.0-255,66,150660,62,243782
3218,0.001902,172.217.194.0-255,1484,152144,62,243782
3219,0.001921,172.217.194.0-255,4320,156464,62,243782
3220,0.001924,172.31.40.0-255,66,156530,62,243782
3221,0.001954,172.31.40.0-255,66,156596,62,243782
3222,0.001969,172.217.194.0-255,4320,160916,62,243782
3223,0.001972,172.31.40.0-255,66,160982,62,243782
3224,0.001975,172.217.194.0-255,1484,162466,62,243782
3225,0.001989,172.217.194.0-255,1484,163950,62,243782
3226,0.001992,172.31.40.0-255,66,164016,62,243782
3227,0.002025,172.31.40.0-255,66,164082,62,243782
3228,0.002037,172.217.194.0-255,1484,165566,62,243782
3229,0.00205,172.217.194.0-255,2902,168468,62,243782
3230,0.002054,172.31.40.0-255,66,168534,62,243782
3231,0.002068,172.217.194.0-255,5738,174272,62,243782
3232,0.002071,172.31.40.0-255,66,174338,62,243782
3233,0.002074,172.217.194.0-255,1484,175822,62,243782
3234,0.002151,172.217.194.0-255,2902,178724,62,243782
3235,0.002219,172.217.194.0-255,4320,183044,62,243782
3236,0.002262,172.217.194.0-255,3602,186646,62,243782
3237,0.002279,172.217.194.0-255,2902,189548,62,243782
3238,0.002294,172.217.194.0-255,7156,196704,62,243782
3239,0.002327,172.217.194.0-255,7156,203860,62,243782
3240,0.002344,172.217.194.0-255,4320,208180,62,243782
3241,0.002349,172.217.194.0-255,3602,211782,62,243782
3242,0.002356,172.217.194.0-255,7156,218938,62,243782
3243,0.002374,172.217.194.0-255,7156,226094,62,243782
3244,0.002389,172.217.194.0-255,2902,228996,62,243782
3245,0.002409,172.217.194.0-255,2902,231898,62,243782
3246,0.002426,172.217.194.0-255,4320,236218,62,243782
3247,0.002432,172.217.194.0-255,4320,240538,62,243782
3248,0.002533,172.217.194.0-255,2902,243440,62,243782
3249,0.002572,172.217.194.0-255,105,243545,62,243782
3250,0.004651,172.31.40.0-255,66,243611,62,243782
3251,0.006615,172.31.40.0-255,105,243716,62,243782
3252,0.009321,172.217.194.0-255,66,243782,62,243782
3253,0.0,172.217.194.0-255,144,144,62,213003
3254,2.3e-05,172.31.40.0-255,66,210,62,213003
3255,3.1e-05,172.217.194.0-255,1484,1694,62,213003
3256,3.5e-05,172.31.40.0-255,66,1760,62,213003
3257,4.1e-05,172.217.194.0-255,2902,4662,62,213003
3258,4.3e-05,172.31.40.0-255,66,4728,62,213003
3259,5.1e-05,172.217.194.0-255,7156,11884,62,213003
3260,5.4e-05,172.31.40.0-255,66,11950,62,213003
3261,6e-05,172.217.194.0-255,4974,16924,62,213003
3262,6.4e-05,172.31.40.0-255,66,16990,62,213003
3263,7.1e-05,172.217.194.0-255,7156,24146,62,213003
3264,7.4e-05,172.31.40.0-255,66,24212,62,213003
3265,9.8e-05,172.217.194.0-255,6797,31009,62,213003
3266,0.0001,172.31.40.0-255,66,31075,62,213003
3267,0.000104,172.217.194.0-255,1484,32559,62,213003
3268,0.000107,172.31.40.0-255,66,32625,62,213003
3269,0.000112,172.217.194.0-255,2902,35527,62,213003
3270,0.000115,172.31.40.0-255,66,35593,62,213003
3271,0.000146,172.217.194.0-255,5738,41331,62,213003
3272,0.000149,172.31.40.0-255,66,41397,62,213003
3273,0.000155,172.217.194.0-255,6797,48194,62,213003
3274,0.000158,172.31.40.0-255,66,48260,62,213003
3275,0.000276,172.217.194.0-255,1484,49744,62,213003
3276,0.00028,172.31.40.0-255,66,49810,62,213003
3277,0.000286,172.217.194.0-255,2902,52712,62,213003
3278,0.000289,172.31.40.0-255,66,52778,62,213003
3279,0.000292,172.217.194.0-255,1484,54262,62,213003
3280,0.000294,172.31.40.0-255,66,54328,62,213003
3281,0.000314,172.217.194.0-255,4320,58648,62,213003
3282,0.000316,172.31.40.0-255,66,58714,62,213003
3283,0.000343,172.217.194.0-255,1484,60198,62,213003
3284,0.000345,172.31.40.0-255,66,60264,62,213003
3285,0.000365,172.217.194.0-255,5677,65941,62,213003
3286,0.000368,172.31.40.0-255,66,66007,62,213003
3287,0.000406,172.217.194.0-255,380,66387,62,213003
3288,0.000572,172.217.194.0-255,1484,67871,62,213003
3289,0.000577,172.31.40.0-255,66,67937,62,213003
3290,0.000583,172.217.194.0-255,2902,70839,62,213003
3291,0.000585,172.31.40.0-255,66,70905,62,213003
3292,0.000592,172.217.194.0-255,5738,76643,62,213003
3293,0.000594,172.31.40.0-255,66,76709,62,213003
3294,0.000599,172.217.194.0-255,4320,81029,62,213003
3295,0.000602,172.31.40.0-255,66,81095,62,213003
3296,0.000619,172.217.194.0-255,2543,83638,62,213003
3297,0.000621,172.31.40.0-255,66,83704,62,213003
3298,0.000665,172.31.40.0-255,66,83770,62,213003
3299,0.000678,172.217.194.0-255,2902,86672,62,213003
3300,0.00068,172.31.40.0-255,66,86738,62,213003
3301,0.000702,172.217.194.0-255,5379,92117,62,213003
3302,0.000705,172.31.40.0-255,66,92183,62,213003
3303,0.001351,172.217.194.0-255,1484,93667,62,213003
3304,0.001359,172.217.194.0-255,2902,96569,62,213003
3305,0.001362,172.31.40.0-255,66,96635,62,213003
3306,0.001369,172.217.194.0-255,5738,102373,62,213003
3307,0.001371,172.31.40.0-255,66,102439,62,213003
3308,0.001405,172.31.40.0-255,66,102505,62,213003
3309,0.001419,172.217.194.0-255,1484,103989,62,213003
3310,0.001456,172.31.40.0-255,66,104055,62,213003
3311,0.00155,172.217.194.0-255,1484,105539,62,213003
3312,0.00157,172.217.194.0-255,2902,108441,62,213003
3313,0.001574,172.31.40.0-255,66,108507,62,213003
3314,0.00158,172.217.194.0-255,4320,112827,62,213003
3315,0.001582,172.31.40.0-255,66,112893,62,213003
3316,0.0016,172.217.194.0-255,1484,114377,62,213003
3317,0.001607,172.217.194.0-255,7156,121533,62,213003
3318,0.00161,172.31.40.0-255,66,121599,62,213003
3319,0.001637,172.217.194.0-255,5738,127337,62,213003
3320,0.001639,172.31.40.0-255,66,127403,62,213003
3321,0.001645,172.217.194.0-255,5738,133141,62,213003
3322,0.001647,172.31.40.0-255,66,133207,62,213003
3323,0.001664,172.217.194.0-255,5020,138227,62,213003
3324,0.001667,172.31.40.0-255,66,138293,62,213003
3325,0.001729,172.217.194.0-255,1484,139777,62,213003
3326,0.001733,172.217.194.0-255,1484,141261,62,213003
3327,0.001736,172.31.40.0-255,66,141327,62,213003
3328,0.001755,172.217.194.0-255,1484,142811,62,213003
3329,0.001767,172.217.194.0-255,1484,144295,62,213003
3330,0.001769,172.31.40.0-255,66,144361,62,213003
3331,0.001791,172.217.194.0-255,4320,148681,62,213003
3332,0.001793,172.31.40.0-255,66,148747,62,213003
3333,0.001797,172.217.194.0-255,1484,150231,62,213003
3334,0.001826,172.31.40.0-255,66,150297,62,213003
3335,0.001846,172.217.194.0-255,2902,153199,62,213003
3336,0.001849,172.31.40.0-255,66,153265,62,213003
3337,0.001862,172.31.40.0-255,66,153331,62,213003
3338,0.001876,172.31.40.0-255,66,153397,62,213003
3339,0.001891,172.31.40.0-255,66,153463,62,213003
3340,0.001895,172.217.194.0-255,2902,156365,62,213003
3341,0.001898,172.31.40.0-255,66,156431,62,213003
3342,0.00193,172.217.194.0-255,5020,161451,62,213003
3343,0.001933,172.31.40.0-255,66,161517,62,213003
3344,0.001945,172.31.40.0-255,66,161583,62,213003
3345,0.001964,172.31.40.0-255,66,161649,62,213003
3346,0.002023,172.31.40.0-255,66,161715,62,213003
3347,0.002036,172.31.40.0-255,66,161781,62,213003
3348,0.002039,172.217.194.0-255,1484,163265,62,213003
3349,0.00207,172.31.40.0-255,66,163331,62,213003
3350,0.002086,172.217.194.0-255,5738,169069,62,213003
3351,0.002089,172.31.40.0-255,66,169135,62,213003
3352,0.002117,172.217.194.0-255,2184,171319,62,213003
3353,0.00212,172.31.40.0-255,66,171385,62,213003
3354,0.002123,172.217.194.0-255,1484,172869,62,213003
3355,0.002127,172.217.194.0-255,2902,175771,62,213003
3356,0.00213,172.31.40.0-255,66,175837,62,213003
3357,0.002135,172.217.194.0-255,5738,181575,62,213003
3358,0.002137,172.31.40.0-255,66,181641,62,213003
3359,0.00215,172.31.40.0-255,66,181707,62,213003
3360,0.002172,172.217.194.0-255,1484,183191,62,213003
3361,0.002177,172.217.194.0-255,2902,186093,62,213003
3362,0.00218,172.31.40.0-255,66,186159,62,213003
3363,0.002202,172.31.40.0-255,66,186225,62,213003
3364,0.002401,172.217.194.0-255,1484,187709,62,213003
3365,0.002444,172.217.194.0-255,2902,190611,62,213003
3366,0.002448,172.31.40.0-255,66,190677,62,213003
3367,0.002452,172.217.194.0-255,1484,192161,62,213003
3368,0.002458,172.217.194.0-255,5738,197899,62,213003
3369,0.00246,172.31.40.0-255,66,197965,62,213003
3370,0.002464,172.217.194.0-255,2902,200867,62,213003
3371,0.002466,172.31.40.0-255,66,200933,62,213003
3372,0.002511,172.217.194.0-255,2184,203117,62,213003
3373,0.002514,172.31.40.0-255,66,203183,62,213003
3374,0.002521,172.31.40.0-255,66,203249,62,213003
3375,0.002561,172.217.194.0-255,4320,207569,62,213003
3376,0.002565,172.31.40.0-255,66,207635,62,213003
3377,0.002604,172.31.40.0-255,66,207701,62,213003
3378,0.002615,172.31.40.0-255,66,207767,62,213003
3379,0.002642,172.217.194.0-255,4828,212595,62,213003
3380,0.002645,172.31.40.0-255,66,212661,62,213003
3381,0.002648,172.217.194.0-255,105,212766,62,213003
3382,0.015842,172.31.40.0-255,66,212832,62,213003
3383,0.015898,172.31.40.0-255,105,212937,62,213003
3384,0.018225,172.217.194.0-255,66,213003,62,213003
3385,0.0,172.217.194.0-255,153,153,62,177294
3386,1.5e-05,172.31.40.0-255,66,219,62,177294
3387,2.2e-05,172.217.194.0-255,1484,1703,62,177294
3388,2.7e-05,172.31.40.0-255,66,1769,62,177294
3389,4e-05,172.217.194.0-255,2902,4671,62,177294
3390,4.4e-05,172.31.40.0-255,66,4737,62,177294
3391,5.2e-05,172.217.194.0-255,7156,11893,62,177294
3392,5.5e-05,172.31.40.0-255,66,11959,62,177294
3393,5.9e-05,172.217.194.0-255,2047,14006,62,177294
3394,6.2e-05,172.31.40.0-255,66,14072,62,177294
3395,8.2e-05,172.217.194.0-255,2902,16974,62,177294
3396,9.1e-05,172.31.40.0-255,66,17040,62,177294
3397,0.000117,172.31.40.0-255,66,17106,62,177294
3398,0.000131,172.31.40.0-255,66,17172,62,177294
3399,0.000163,172.217.194.0-255,4320,21492,62,177294
3400,0.000166,172.31.40.0-255,66,21558,62,177294
3401,0.000196,172.217.194.0-255,5020,26578,62,177294
3402,0.000199,172.31.40.0-255,66,26644,62,177294
3403,0.000205,172.217.194.0-255,5738,32382,62,177294
3404,0.000208,172.31.40.0-255,66,32448,62,177294
3405,0.000262,172.31.40.0-255,66,32514,62,177294
3406,0.000299,172.217.194.0-255,1484,33998,62,177294
3407,0.000302,172.31.40.0-255,66,34064,62,177294
3408,0.000315,172.217.194.0-255,2902,36966,62,177294
3409,0.000321,172.31.40.0-255,66,37032,62,177294
3410,0.000328,172.217.194.0-255,5738,42770,62,177294
3411,0.00033,172.31.40.0-255,66,42836,62,177294
3412,0.000372,172.31.40.0-255,66,42902,62,177294
3413,0.000397,172.217.194.0-255,1484,44386,62,177294
3414,0.0004,172.31.40.0-255,66,44452,62,177294
3415,0.000418,172.31.40.0-255,66,44518,62,177294
3416,0.00043,172.217.194.0-255,1484,46002,62,177294
3417,0.000444,172.217.194.0-255,7156,53158,62,177294
3418,0.000462,172.217.194.0-255,4320,57478,62,177294
3419,0.000472,172.217.194.0-255,1484,58962,62,177294
3420,0.000612,172.31.40.0-255,66,59028,62,177294
3421,0.001142,172.217.194.0-255,1484,60512,62,177294
3422,0.00115,172.217.194.0-255,2902,63414,62,177294
3423,0.001153,172.31.40.0-255,66,63480,62,177294
3424,0.001161,172.217.194.0-255,5738,69218,62,177294
3425,0.001185,172.217.194.0-255,7156,76374,62,177294
3426,0.001192,172.31.40.0-255,66,76440,62,177294
3427,0.001201,172.217.194.0-255,2902,79342,62,177294
3428,0.00121,172.31.40.0-255,66,79408,62,177294
3429,0.001251,172.31.40.0-255,66,79474,62,177294
3430,0.001264,172.217.194.0-255,3602,83076,62,177294
3431,0.001293,172.31.40.0-255,66,83142,62,177294
3432,0.001304,172.217.194.0-255,4320,87462,62,177294
3433,0.001331,172.31.40.0-255,66,87528,62,177294
3434,0.001341,172.217.194.0-255,4320,91848,62,177294
3435,0.001392,172.217.194.0-255,4320,96168,62,177294
3436,0.0014,172.31.40.0-255,66,96234,62,177294
3437,0.001431,172.217.194.0-255,766,97000,62,177294
3438,0.001467,172.31.40.0-255,66,97066,62,177294
3439,0.00162,172.217.194.0-255,1484,98550,62,177294
3440,0.001627,172.31.40.0-255,66,98616,62,177294
3441,0.001652,172.217.194.0-255,2902,101518,62,177294
3442,0.001658,172.217.194.0-255,4320,105838,62,177294
3443,0.001674,172.217.194.0-255,2902,108740,62,177294
3444,0.001677,172.31.40.0-255,66,108806,62,177294
3445,0.001682,172.31.40.0-255,66,108872,62,177294
3446,0.001704,172.217.194.0-255,5738,114610,62,177294
3447,0.001742,172.31.40.0-255,66,114676,62,177294
3448,0.001746,172.217.194.0-255,1484,116160,62,177294
3449,0.001789,172.217.194.0-255,2184,118344,62,177294
3450,0.001793,172.217.194.0-255,1484,119828,62,177294
3451,0.001808,172.217.194.0-255,1484,121312,62,177294
3452,0.001815,172.31.40.0-255,66,121378,62,177294
3453,0.001827,172.217.194.0-255,2902,124280,62,177294
3454,0.001848,172.31.40.0-255,66,124346,62,177294
3455,0.001858,172.217.194.0-255,4320,128666,62,177294
3456,0.001883,172.217.194.0-255,6438,135104,62,177294
3457,0.001903,172.31.40.0-255,66,135170,62,177294
3458,0.001965,172.31.40.0-255,66,135236,62,177294
3459,0.001973,172.217.194.0-255,1484,136720,62,177294
3460,0.002012,172.217.194.0-255,2902,139622,62,177294
3461,0.002018,172.217.194.0-255,5738,145360,62,177294
3462,0.002082,172.217.194.0-255,4320,149680,62,177294
3463,0.002113,172.217.194.0-255,7156,156836,62,177294
3464,0.002138,172.217.194.0-255,7156,163992,62,177294
3465,0.002142,172.217.194.0-255,4320,168312,62,177294
3466,0.002168,172.217.194.0-255,7156,175468,62,177294
3467,0.00217,172.217.194.0-255,1484,176952,62,177294
3468,0.002201,172.217.194.0-255,105,177057,62,177294
3469,0.002467,172.31.40.0-255,66,177123,62,177294
3470,0.006717,172.31.40.0-255,105,177228,62,177294
3471,0.009405,172.217.194.0-255,66,177294,62,177294
3472,0.0,74.125.130.0-255,153,153,62,120203
3473,1.3e-05,172.31.40.0-255,66,219,62,120203
3474,4.4e-05,74.125.130.0-255,1484,1703,62,120203
3475,4.8e-05,172.31.40.0-255,66,1769,62,120203
3476,5.4e-05,74.125.130.0-255,2902,4671,62,120203
3477,5.7e-05,172.31.40.0-255,66,4737,62,120203
3478,8.8e-05,74.125.130.0-255,7156,11893,62,120203
3479,9.3e-05,172.31.40.0-255,66,11959,62,120203
3480,0.000127,74.125.130.0-255,2056,14015,62,120203
3481,0.00013,172.31.40.0-255,66,14081,62,120203
3482,0.000285,74.125.130.0-255,1484,15565,62,120203
3483,0.00029,172.31.40.0-255,66,15631,62,120203
3484,0.000298,74.125.130.0-255,2902,18533,62,120203
3485,0.000301,172.31.40.0-255,66,18599,62,120203
3486,0.000312,74.125.130.0-255,4320,22919,62,120203
3487,0.000314,172.31.40.0-255,66,22985,62,120203
3488,0.000345,74.125.130.0-255,1484,24469,62,120203
3489,0.000347,172.31.40.0-255,66,24535,62,120203
3490,0.000356,74.125.130.0-255,6797,31332,62,120203
3491,0.00036,172.31.40.0-255,66,31398,62,120203
3492,0.000387,74.125.130.0-255,1484,32882,62,120203
3493,0.00039,172.31.40.0-255,66,32948,62,120203
3494,0.000423,74.125.130.0-255,5738,38686,62,120203
3495,0.000426,172.31.40.0-255,66,38752,62,120203
3496,0.000456,74.125.130.0-255,1484,40236,62,120203
3497,0.000459,172.31.40.0-255,66,40302,62,120203
3498,0.000485,74.125.130.0-255,7156,47458,62,120203
3499,0.000488,172.31.40.0-255,66,47524,62,120203
3500,0.000511,74.125.130.0-255,1484,49008,62,120203
3501,0.000514,172.31.40.0-255,66,49074,62,120203
3502,0.000557,172.31.40.0-255,66,49140,62,120203
3503,0.000622,74.125.130.0-255,766,49906,62,120203
3504,0.000668,74.125.130.0-255,707,50613,62,120203
3505,0.001243,172.31.40.0-255,66,50679,62,120203
3506,0.001275,74.125.130.0-255,1484,52163,62,120203
3507,0.001281,74.125.130.0-255,2902,55065,62,120203
3508,0.001297,74.125.130.0-255,2902,57967,62,120203
3509,0.001302,172.31.40.0-255,66,58033,62,120203
3510,0.001326,74.125.130.0-255,2902,60935,62,120203
3511,0.00133,74.125.130.0-255,2902,63837,62,120203
3512,0.001333,74.125.130.0-255,1484,65321,62,120203
3513,0.00135,74.125.130.0-255,2902,68223,62,120203
3514,0.001353,172.31.40.0-255,66,68289,62,120203
3515,0.001358,172.31.40.0-255,66,68355,62,120203
3516,0.001374,74.125.130.0-255,2902,71257,62,120203
3517,0.001406,74.125.130.0-255,5738,76995,62,120203
3518,0.001419,172.31.40.0-255,66,77061,62,120203
3519,0.001429,74.125.130.0-255,2902,79963,62,120203
3520,0.001438,172.31.40.0-255,66,80029,62,120203
3521,0.001447,74.125.130.0-255,1484,81513,62,120203
3522,0.001463,74.125.130.0-255,1484,82997,62,120203
3523,0.00148,74.125.130.0-255,2184,85181,62,120203
3524,0.001487,172.31.40.0-255,66,85247,62,120203
3525,0.002612,74.125.130.0-255,1484,86731,62,120203
3526,0.002621,74.125.130.0-255,2902,89633,62,120203
3527,0.002625,172.31.40.0-255,66,89699,62,120203
3528,0.00263,74.125.130.0-255,1484,91183,62,120203
3529,0.002658,74.125.130.0-255,5738,96921,62,120203
3530,0.007283,172.31.40.0-255,66,96987,62,120203
3531,0.009911,74.125.130.0-255,5738,102725,62,120203
3532,0.009917,172.31.40.0-255,66,102791,62,120203
3533,0.012554,74.125.130.0-255,5738,108529,62,120203
3534,0.012563,172.31.40.0-255,66,108595,62,120203
3535,0.015235,74.125.130.0-255,5738,114333,62,120203
3536,0.015245,172.31.40.0-255,66,114399,62,120203
3537,0.017885,74.125.130.0-255,5738,120137,62,120203
3538,0.017894,172.31.40.0-255,66,120203,62,120203
3539,0.0,74.125.24.0-255,152,152,62,182151
3540,2.4e-05,172.31.40.0-255,66,218,62,182151
3541,3.1e-05,74.125.24.0-255,1484,1702,62,182151
3542,3.6e-05,172.31.40.0-255,66,1768,62,182151
3543,5e-05,74.125.24.0-255,2902,4670,62,182151
3544,5.4e-05,172.31.40.0-255,66,4736,62,182151
3545,6.2e-05,74.125.24.0-255,7156,11892,62,182151
3546,6.6e-05,172.31.40.0-255,66,11958,62,182151
3547,7e-05,74.125.24.0-255,2117,14075,62,182151
3548,7.3e-05,172.31.40.0-255,66,14141,62,182151
3549,7.8e-05,74.125.24.0-255,2902,17043,62,182151
3550,8e-05,172.31.40.0-255,66,17109,62,182151
3551,8.6e-05,74.125.24.0-255,5738,22847,62,182151
3552,8.9e-05,172.31.40.0-255,66,22913,62,182151
3553,0.000111,74.125.24.0-255,1484,24397,62,182151
3554,0.000114,172.31.40.0-255,66,24463,62,182151
3555,0.000127,74.125.24.0-255,6797,31260,62,182151
3556,0.00013,172.31.40.0-255,66,31326,62,182151
3557,0.000161,74.125.24.0-255,1484,32810,62,182151
3558,0.000163,172.31.40.0-255,66,32876,62,182151
3559,0.000182,74.125.24.0-255,2902,35778,62,182151
3560,0.000184,172.31.40.0-255,66,35844,62,182151
3561,0.000188,74.125.24.0-255,2902,38746,62,182151
3562,0.000192,172.31.40.0-255,66,38812,62,182151
3563,0.000228,74.125.24.0-255,2902,41714,62,182151
3564,0.000231,172.31.40.0-255,66,41780,62,182151
3565,0.000238,74.125.24.0-255,6797,48577,62,182151
3566,0.00024,172.31.40.0-255,66,48643,62,182151
3567,0.000285,172.31.40.0-255,66,48709,62,182151
3568,0.000288,74.125.24.0-255,1484,50193,62,182151
3569,0.00029,172.31.40.0-255,66,50259,62,182151
3570,0.000311,74.125.24.0-255,1473,51732,62,182151
3571,0.000331,74.125.24.0-255,331,52063,62,182151
3572,0.000335,172.31.40.0-255,66,52129,62,182151
3573,0.000586,74.125.24.0-255,1484,53613,62,182151
3574,0.000593,74.125.24.0-255,2902,56515,62,182151
3575,0.000597,172.31.40.0-255,66,56581,62,182151
3576,0.000603,74.125.24.0-255,4320,60901,62,182151
3577,0.000606,172.31.40.0-255,66,60967,62,182151
3578,0.000609,74.125.24.0-255,1484,62451,62,182151
3579,0.000645,74.125.24.0-255,7156,69607,62,182151
3580,0.000649,172.31.40.0-255,66,69673,62,182151
3581,0.000684,172.31.40.0-255,66,69739,62,182151
3582,0.000713,74.125.24.0-255,5020,74759,62,182151
3583,0.000719,172.31.40.0-255,66,74825,62,182151
3584,0.001092,74.125.24.0-255,1484,76309,62,182151
3585,0.001116,74.125.24.0-255,2902,79211,62,182151
3586,0.00112,172.31.40.0-255,66,79277,62,182151
3587,0.001127,74.125.24.0-255,5738,85015,62,182151
3588,0.001129,172.31.40.0-255,66,85081,62,182151
3589,0.001165,172.31.40.0-255,66,85147,62,182151
3590,0.001181,172.31.40.0-255,66,85213,62,182151
3591,0.00124,74.125.24.0-255,5020,90233,62,182151
3592,0.001243,172.31.40.0-255,66,90299,62,182151
3593,0.001281,74.125.24.0-255,1484,91783,62,182151
3594,0.001295,74.125.24.0-255,2902,94685,62,182151
3595,0.001298,172.31.40.0-255,66,94751,62,182151
3596,0.001302,74.125.24.0-255,1484,96235,62,182151
3597,0.001326,74.125.24.0-255,4320,100555,62,182151
3598,0.00133,172.31.40.0-255,66,100621,62,182151
3599,0.001336,74.125.24.0-255,4320,104941,62,182151
3600,0.001338,172.31.40.0-255,66,105007,62,182151
3601,0.00138,74.125.24.0-255,7156,112163,62,182151
3602,0.001386,172.31.40.0-255,66,112229,62,182151
3603,0.001393,172.31.40.0-255,66,112295,62,182151
3604,0.001399,74.125.24.0-255,3602,115897,62,182151
3605,0.001406,172.31.40.0-255,66,115963,62,182151
3606,0.001432,74.125.24.0-255,1484,117447,62,182151
3607,0.001444,74.125.24.0-255,2902,120349,62,182151
3608,0.001452,172.31.40.0-255,66,120415,62,182151
3609,0.001457,74.125.24.0-255,4320,124735,62,182151
3610,0.001459,172.31.40.0-255,66,124801,62,182151
3611,0.00147,172.31.40.0-255,66,124867,62,182151
3612,0.00151,172.31.40.0-255,66,124933,62,182151
3613,0.001539,74.125.24.0-255,2184,127117,62,182151
3614,0.001541,172.31.40.0-255,66,127183,62,182151
3615,0.001549,74.125.24.0-255,7156,134339,62,182151
3616,0.001551,172.31.40.0-255,66,134405,62,182151
3617,0.001605,172.31.40.0-255,66,134471,62,182151
3618,0.001608,74.125.24.0-255,1484,135955,62,182151
3619,0.001625,172.31.40.0-255,66,136021,62,182151
3620,0.001754,74.125.24.0-255,1484,137505,62,182151
3621,0.00176,74.125.24.0-255,2902,140407,62,182151
3622,0.001763,172.31.40.0-255,66,140473,62,182151
3623,0.001769,74.125.24.0-255,4320,144793,62,182151
3624,0.001771,172.31.40.0-255,66,144859,62,182151
3625,0.001806,74.125.24.0-255,1484,146343,62,182151
3626,0.001824,172.31.40.0-255,66,146409,62,182151
3627,0.001831,74.125.24.0-255,7156,153565,62,182151
3628,0.001834,172.31.40.0-255,66,153631,62,182151
3629,0.001871,172.31.40.0-255,66,153697,62,182151
3630,0.001881,172.31.40.0-255,66,153763,62,182151
3631,0.001937,172.31.40.0-255,66,153829,62,182151
3632,0.001941,74.125.24.0-255,2184,156013,62,182151
3633,0.001944,172.31.40.0-255,66,156079,62,182151
3634,0.001969,74.125.24.0-255,1484,157563,62,182151
3635,0.001975,74.125.24.0-255,2902,160465,62,182151
3636,0.001978,172.31.40.0-255,66,160531,62,182151
3637,0.001984,74.125.24.0-255,5738,166269,62,182151
3638,0.001987,172.31.40.0-255,66,166335,62,182151
3639,0.002068,74.125.24.0-255,2184,168519,62,182151
3640,0.00209,74.125.24.0-255,2902,171421,62,182151
3641,0.002094,74.125.24.0-255,2902,174323,62,182151
3642,0.002101,172.31.40.0-255,66,174389,62,182151
3643,0.002121,74.125.24.0-255,4320,178709,62,182151
3644,0.002147,172.31.40.0-255,66,178775,62,182151
3645,0.002188,74.125.24.0-255,2902,181677,62,182151
3646,0.002199,172.31.40.0-255,66,181743,62,182151
3647,0.00226,172.31.40.0-255,66,181809,62,182151
3648,0.004521,74.125.24.0-255,105,181914,62,182151
3649,0.004724,172.31.40.0-255,66,181980,62,182151
3650,0.004764,172.31.40.0-255,105,182085,62,182151
3651,0.007009,74.125.24.0-255,66,182151,62,182151
3652,0.0,74.125.68.0-255,153,153,62,117159
3653,2.1e-05,172.31.40.0-255,66,219,62,117159
3654,2.7e-05,74.125.68.0-255,1484,1703,62,117159
3655,3.2e-05,172.31.40.0-255,66,1769,62,117159
3656,3.7e-05,74.125.68.0-255,2902,4671,62,117159
3657,4.6e-05,172.31.40.0-255,66,4737,62,117159
3658,5.3e-05,74.125.68.0-255,7156,11893,62,117159
3659,5.6e-05,172.31.40.0-255,66,11959,62,117159
3660,9.5e-05,74.125.68.0-255,1982,13941,62,117159
3661,9.7e-05,172.31.40.0-255,66,14007,62,117159
3662,0.000141,74.125.68.0-255,1484,15491,62,117159
3663,0.000143,172.31.40.0-255,66,15557,62,117159
3664,0.000163,74.125.68.0-255,2902,18459,62,117159
3665,0.000166,172.31.40.0-255,66,18525,62,117159
3666,0.0002,74.125.68.0-255,5738,24263,62,117159
3667,0.000202,172.31.40.0-255,66,24329,62,117159
3668,0.000209,74.125.68.0-255,6797,31126,62,117159
3669,0.000211,172.31.40.0-255,66,31192,62,117159
3670,0.000289,74.125.68.0-255,1484,32676,62,117159
3671,0.000292,172.31.40.0-255,66,32742,62,117159
3672,0.000296,74.125.68.0-255,1484,34226,62,117159
3673,0.000297,172.31.40.0-255,66,34292,62,117159
3674,0.0003,74.125.68.0-255,1484,35776,62,117159
3675,0.000302,172.31.40.0-255,66,35842,62,117159
3676,0.00033,74.125.68.0-255,1484,37326,62,117159
3677,0.000332,172.31.40.0-255,66,37392,62,117159
3678,0.000339,74.125.68.0-255,5738,43130,62,117159
3679,0.00034,172.31.40.0-255,66,43196,62,117159
3680,0.000376,74.125.68.0-255,6797,49993,62,117159
3681,0.000379,172.31.40.0-255,66,50059,62,117159
3682,0.000386,74.125.68.0-255,7156,57215,62,117159
3683,0.000388,172.31.40.0-255,66,57281,62,117159
3684,0.000519,172.31.40.0-255,66,57347,62,117159
3685,0.001073,74.125.68.0-255,413,57760,62,117159
3686,0.001086,74.125.68.0-255,329,58089,62,117159
3687,0.001117,172.31.40.0-255,66,58155,62,117159
3688,0.002076,74.125.68.0-255,1484,59639,62,117159
3689,0.002087,74.125.68.0-255,2902,62541,62,117159
3690,0.002091,74.125.68.0-255,1484,64025,62,117159
3691,0.002106,74.125.68.0-255,4320,68345,62,117159
3692,0.002133,74.125.68.0-255,2902,71247,62,117159
3693,0.002173,74.125.68.0-255,5738,76985,62,117159
3694,0.002201,74.125.68.0-255,5020,82005,62,117159
3695,0.004242,172.31.40.0-255,66,82071,62,117159
3696,0.00657,74.125.68.0-255,5738,87809,62,117159
3697,0.006576,172.31.40.0-255,66,87875,62,117159
3698,0.008906,74.125.68.0-255,5738,93613,62,117159
3699,0.008913,172.31.40.0-255,66,93679,62,117159
3700,0.011228,74.125.68.0-255,5738,99417,62,117159
3701,0.011563,172.31.40.0-255,66,99483,62,117159
3702,0.013883,74.125.68.0-255,5738,105221,62,117159
3703,0.013892,172.31.40.0-255,66,105287,62,117159
3704,0.016204,74.125.68.0-255,2902,108189,62,117159
3705,0.01621,172.31.40.0-255,66,108255,62,117159
3706,0.016243,74.125.68.0-255,2902,111157,62,117159
3707,0.016258,172.31.40.0-255,66,111223,62,117159
3708,0.018514,74.125.68.0-255,2902,114125,62,117159
3709,0.018519,172.31.40.0-255,66,114191,62,117159
3710,0.018549,74.125.68.0-255,2902,117093,62,117159
3711,0.018575,172.31.40.0-255,66,117159,62,117159
3712,0.0,172.217.160.0-255,153,153,62,161607
3713,2.2e-05,172.31.40.0-255,66,219,62,161607
3714,2.9e-05,172.217.160.0-255,1484,1703,62,161607
3715,3.3e-05,172.31.40.0-255,66,1769,62,161607
3716,3.8e-05,172.217.160.0-255,2902,4671,62,161607
3717,4.2e-05,172.31.40.0-255,66,4737,62,161607
3718,4.9e-05,172.217.160.0-255,7156,11893,62,161607
3719,5.2e-05,172.31.40.0-255,66,11959,62,161607
3720,5.6e-05,172.217.160.0-255,2040,13999,62,161607
3721,5.9e-05,172.31.40.0-255,66,14065,62,161607
3722,8.2e-05,172.217.160.0-255,2902,16967,62,161607
3723,8.5e-05,172.31.40.0-255,66,17033,62,161607
3724,8.8e-05,172.217.160.0-255,1484,18517,62,161607
3725,9e-05,172.31.40.0-255,66,18583,62,161607
3726,0.00012,172.217.160.0-255,5738,24321,62,161607
3727,0.000123,172.31.40.0-255,66,24387,62,161607
3728,0.00016,172.217.160.0-255,1484,25871,62,161607
3729,0.000162,172.31.40.0-255,66,25937,62,161607
3730,0.000179,172.217.160.0-255,1484,27421,62,161607
3731,0.000187,172.31.40.0-255,66,27487,62,161607
3732,0.000191,172.217.160.0-255,1484,28971,62,161607
3733,0.000194,172.31.40.0-255,66,29037,62,161607
3734,0.000198,172.217.160.0-255,2543,31580,62,161607
3735,0.0002,172.31.40.0-255,66,31646,62,161607
3736,0.000225,172.217.160.0-255,1484,33130,62,161607
3737,0.000227,172.31.40.0-255,66,33196,62,161607
3738,0.000241,172.217.160.0-255,2902,36098,62,161607
3739,0.000243,172.31.40.0-255,66,36164,62,161607
3740,0.000247,172.217.160.0-255,2902,39066,62,161607
3741,0.000249,172.31.40.0-255,66,39132,62,161607
3742,0.000272,172.217.160.0-255,2902,42034,62,161607
3743,0.000275,172.31.40.0-255,66,42100,62,161607
3744,0.000278,172.217.160.0-255,1484,43584,62,161607
3745,0.00028,172.31.40.0-255,66,43650,62,161607
3746,0.000285,172.217.160.0-255,2902,46552,62,161607
3747,0.000287,172.31.40.0-255,66,46618,62,161607
3748,0.000293,172.217.160.0-255,6797,53415,62,161607
3749,0.000323,172.217.160.0-255,2902,56317,62,161607
3750,0.000333,172.217.160.0-255,1484,57801,62,161607
3751,0.000344,172.217.160.0-255,1484,59285,62,161607
3752,0.000365,172.217.160.0-255,6797,66082,62,161607
3753,0.000388,172.217.160.0-255,371,66453,62,161607
3754,0.000481,172.31.40.0-255,66,66519,62,161607
3755,0.000778,172.217.160.0-255,103,66622,62,161607
3756,0.000835,172.217.160.0-255,365,66987,62,161607
3757,0.000956,172.217.160.0-255,1484,68471,62,161607
3758,0.00096,172.31.40.0-255,66,68537,62,161607
3759,0.000966,172.217.160.0-255,2902,71439,62,161607
3760,0.000969,172.31.40.0-255,66,71505,62,161607
3761,0.000972,172.217.160.0-255,1484,72989,62,161607
3762,0.000993,172.217.160.0-255,4320,77309,62,161607
3763,0.000998,172.31.40.0-255,66,77375,62,161607
3764,0.001007,172.217.160.0-255,1484,78859,62,161607
3765,0.001026,172.31.40.0-255,66,78925,62,161607
3766,0.001042,172.217.160.0-255,2902,81827,62,161607
3767,0.001047,172.31.40.0-255,66,81893,62,161607
3768,0.001058,172.217.160.0-255,4320,86213,62,161607
3769,0.001078,172.31.40.0-255,66,86279,62,161607
3770,0.001085,172.217.160.0-255,6438,92717,62,161607
3771,0.001118,172.31.40.0-255,66,92783,62,161607
3772,0.001767,172.217.160.0-255,1484,94267,62,161607
3773,0.001777,172.217.160.0-255,2902,97169,62,161607
3774,0.001781,172.31.40.0-255,66,97235,62,161607
3775,0.001789,172.217.160.0-255,5738,102973,62,161607
3776,0.001791,172.31.40.0-255,66,103039,62,161607
3777,0.001803,172.31.40.0-255,66,103105,62,161607
3778,0.001831,172.217.160.0-255,2902,106007,62,161607
3779,0.001834,172.31.40.0-255,66,106073,62,161607
3780,0.001846,172.31.40.0-255,66,106139,62,161607
3781,0.003618,172.217.160.0-255,5738,111877,62,161607
3782,0.003625,172.31.40.0-255,66,111943,62,161607
3783,0.005413,172.217.160.0-255,2902,114845,62,161607
3784,0.005418,172.31.40.0-255,66,114911,62,161607
3785,0.005435,172.217.160.0-255,2902,117813,62,161607
3786,0.005437,172.31.40.0-255,66,117879,62,161607
3787,0.007256,172.217.160.0-255,5738,123617,62,161607
3788,0.007262,172.31.40.0-255,66,123683,62,161607
3789,0.009044,172.217.160.0-255,5738,129421,62,161607
3790,0.009051,172.31.40.0-255,66,129487,62,161607
3791,0.010835,172.217.160.0-255,5738,135225,62,161607
3792,0.010844,172.31.40.0-255,66,135291,62,161607
3793,0.012655,172.217.160.0-255,5738,141029,62,161607
3794,0.012664,172.31.40.0-255,66,141095,62,161607
3795,0.014439,172.217.160.0-255,4320,145415,62,161607
3796,0.014446,172.31.40.0-255,66,145481,62,161607
3797,0.014465,172.217.160.0-255,1484,146965,62,161607
3798,0.016222,172.217.160.0-255,4320,151285,62,161607
3799,0.01623,172.31.40.0-255,66,151351,62,161607
3800,0.018027,172.217.160.0-255,4320,155671,62,161607
3801,0.018035,172.31.40.0-255,66,155737,62,161607
3802,0.018055,172.217.160.0-255,1484,157221,62,161607
3803,0.019845,172.217.160.0-255,4320,161541,62,161607
3804,0.019853,172.31.40.0-255,66,161607,62,161607
3805,0.0,172.217.194.0-255,296,296,62,98767
3806,2.3e-05,172.31.40.0-255,66,362,62,98767
3807,2.9e-05,172.217.194.0-255,1484,1846,62,98767
3808,3.3e-05,172.31.40.0-255,66,1912,62,98767
3809,4e-05,172.217.194.0-255,4320,6232,62,98767
3810,4.3e-05,172.31.40.0-255,66,6298,62,98767
3811,4.8e-05,172.217.194.0-255,4320,10618,62,98767
3812,5.2e-05,172.31.40.0-255,66,10684,62,98767
3813,8.6e-05,172.31.40.0-255,66,10750,62,98767
3814,9.8e-05,172.31.40.0-255,66,10816,62,98767
3815,0.000139,172.217.194.0-255,5738,16554,62,98767
3816,0.000141,172.31.40.0-255,66,16620,62,98767
3817,0.000169,172.31.40.0-255,66,16686,62,98767
3818,0.000692,172.217.194.0-255,1484,18170,62,98767
3819,0.000699,172.31.40.0-255,66,18236,62,98767
3820,0.000705,172.217.194.0-255,2902,21138,62,98767
3821,0.000707,172.31.40.0-255,66,21204,62,98767
3822,0.000731,172.217.194.0-255,5738,26942,62,98767
3823,0.000734,172.31.40.0-255,66,27008,62,98767
3824,0.000756,172.217.194.0-255,5738,32746,62,98767
3825,0.000758,172.31.40.0-255,66,32812,62,98767
3826,0.000794,172.217.194.0-255,1715,34527,62,98767
3827,0.000798,172.31.40.0-255,66,34593,62,98767
3828,0.002171,172.217.194.0-255,1484,36077,62,98767
3829,0.002178,172.31.40.0-255,66,36143,62,98767
3830,0.002189,172.217.194.0-255,2902,39045,62,98767
3831,0.002192,172.31.40.0-255,66,39111,62,98767
3832,0.002199,172.217.194.0-255,5738,44849,62,98767
3833,0.002201,172.31.40.0-255,66,44915,62,98767
3834,0.002224,172.217.194.0-255,2902,47817,62,98767
3835,0.002226,172.31.40.0-255,66,47883,62,98767
3836,0.002245,172.217.194.0-255,2902,50785,62,98767
3837,0.002247,172.31.40.0-255,66,50851,62,98767
3838,0.002254,172.217.194.0-255,7156,58007,62,98767
3839,0.002256,172.31.40.0-255,66,58073,62,98767
3840,0.00229,172.31.40.0-255,66,58139,62,98767
3841,0.004539,172.217.194.0-255,5738,63877,62,98767
3842,0.004546,172.31.40.0-255,66,63943,62,98767
3843,0.006826,172.217.194.0-255,5738,69681,62,98767
3844,0.006834,172.31.40.0-255,66,69747,62,98767
3845,0.009081,172.217.194.0-255,5738,75485,62,98767
3846,0.009088,172.31.40.0-255,66,75551,62,98767
3847,0.011347,172.217.194.0-255,5738,81289,62,98767
3848,0.011358,172.31.40.0-255,66,81355,62,98767
3849,0.013616,172.217.194.0-255,5738,87093,62,98767
3850,0.013627,172.31.40.0-255,66,87159,62,98767
3851,0.01591,172.217.194.0-255,5738,92897,62,98767
3852,0.015916,172.31.40.0-255,66,92963,62,98767
3853,0.018161,172.217.194.0-255,5738,98701,62,98767
3854,0.018167,172.31.40.0-255,66,98767,62,98767
3855,0.0,74.125.24.0-255,150,150,62,140407
3856,2.5e-05,172.31.40.0-255,66,216,62,140407
3857,3.2e-05,74.125.24.0-255,1484,1700,62,140407
3858,3.8e-05,172.31.40.0-255,66,1766,62,140407
3859,4.5e-05,74.125.24.0-255,2902,4668,62,140407
3860,4.8e-05,172.31.40.0-255,66,4734,62,140407
3861,5.6e-05,74.125.24.0-255,7156,11890,62,140407
3862,5.9e-05,172.31.40.0-255,66,11956,62,140407
3863,6.5e-05,74.125.24.0-255,4320,16276,62,140407
3864,6.8e-05,172.31.40.0-255,66,16342,62,140407
3865,0.000109,172.31.40.0-255,66,16408,62,140407
3866,0.000114,74.125.24.0-255,2543,18951,62,140407
3867,0.000117,172.31.40.0-255,66,19017,62,140407
3868,0.001353,74.125.24.0-255,1484,20501,62,140407
3869,0.001361,172.31.40.0-255,66,20567,62,140407
3870,0.001371,74.125.24.0-255,2902,23469,62,140407
3871,0.001373,172.31.40.0-255,66,23535,62,140407
3872,0.00138,74.125.24.0-255,5738,29273,62,140407
3873,0.001382,172.31.40.0-255,66,29339,62,140407
3874,0.001428,172.31.40.0-255,66,29405,62,140407
3875,0.001439,172.31.40.0-255,66,29471,62,140407
3876,0.001483,74.125.24.0-255,4299,33770,62,140407
3877,0.001486,172.31.40.0-255,66,33836,62,140407
3878,0.001545,74.125.24.0-255,1484,35320,62,140407
3879,0.001549,172.31.40.0-255,66,35386,62,140407
3880,0.001554,74.125.24.0-255,2902,38288,62,140407
3881,0.001556,172.31.40.0-255,66,38354,62,140407
3882,0.00157,74.125.24.0-255,4320,42674,62,140407
3883,0.001572,172.31.40.0-255,66,42740,62,140407
3884,0.001592,74.125.24.0-255,1484,44224,62,140407
3885,0.001596,74.125.24.0-255,1484,45708,62,140407
3886,0.001598,172.31.40.0-255,66,45774,62,140407
3887,0.001617,74.125.24.0-255,7156,52930,62,140407
3888,0.00162,172.31.40.0-255,66,52996,62,140407
3889,0.001651,74.125.24.0-255,6797,59793,62,140407
3890,0.001655,172.31.40.0-255,66,59859,62,140407
3891,0.001665,172.31.40.0-255,66,59925,62,140407
3892,0.001757,74.125.24.0-255,1484,61409,62,140407
3893,0.001764,74.125.24.0-255,2902,64311,62,140407
3894,0.001767,172.31.40.0-255,66,64377,62,140407
3895,0.00177,74.125.24.0-255,1484,65861,62,140407
3896,0.001794,74.125.24.0-255,4320,70181,62,140407
3897,0.001797,172.31.40.0-255,66,70247,62,140407
3898,0.001801,74.125.24.0-255,2902,73149,62,140407
3899,0.001803,172.31.40.0-255,66,73215,62,140407
3900,0.001828,172.31.40.0-255,66,73281,62,140407
3901,0.001835,74.125.24.0-255,5738,79019,62,140407
3902,0.001837,172.31.40.0-255,66,79085,62,140407
3903,0.001853,74.125.24.0-255,5020,84105,62,140407
3904,0.001855,172.31.40.0-255,66,84171,62,140407
3905,0.002005,74.125.24.0-255,1484,85655,62,140407
3906,0.002019,74.125.24.0-255,2902,88557,62,140407
3907,0.002022,172.31.40.0-255,66,88623,62,140407
3908,0.00203,74.125.24.0-255,5738,94361,62,140407
3909,0.002032,172.31.40.0-255,66,94427,62,140407
3910,0.002038,74.125.24.0-255,5738,100165,62,140407
3911,0.00204,172.31.40.0-255,66,100231,62,140407
3912,0.002071,74.125.24.0-255,7156,107387,62,140407
3913,0.002074,172.31.40.0-255,66,107453,62,140407
3914,0.002098,172.31.40.0-255,66,107519,62,140407
3915,0.002101,74.125.24.0-255,766,108285,62,140407
3916,0.002166,74.125.24.0-255,1484,109769,62,140407
3917,0.002169,172.31.40.0-255,66,109835,62,140407
3918,0.002174,74.125.24.0-255,2902,112737,62,140407
3919,0.002177,172.31.40.0-255,66,112803,62,140407
3920,0.002193,74.125.24.0-255,5738,118541,62,140407
3921,0.002196,172.31.40.0-255,66,118607,62,140407
3922,0.002212,74.125.24.0-255,1484,120091,62,140407
3923,0.002238,172.31.40.0-255,66,120157,62,140407
3924,0.002261,172.31.40.0-255,66,120223,62,140407
3925,0.002276,74.125.24.0-255,2184,122407,62,140407
3926,0.002278,172.31.40.0-255,66,122473,62,140407
3927,0.002282,74.125.24.0-255,1484,123957,62,140407
3928,0.002317,172.31.40.0-255,66,124023,62,140407
3929,0.002353,172.31.40.0-255,66,124089,62,140407
3930,0.00236,74.125.24.0-255,6438,130527,62,140407
3931,0.002362,172.31.40.0-255,66,130593,62,140407
3932,0.002366,74.125.24.0-255,1484,132077,62,140407
3933,0.00246,172.31.40.0-255,66,132143,62,140407
3934,0.002492,74.125.24.0-255,3602,135745,62,140407
3935,0.002495,172.31.40.0-255,66,135811,62,140407
3936,0.00252,172.31.40.0-255,66,135877,62,140407
3937,0.002545,172.31.40.0-255,66,135943,62,140407
3938,0.002558,172.31.40.0-255,66,136009,62,140407
3939,0.002576,172.31.40.0-255,66,136075,62,140407
3940,0.002589,172.31.40.0-255,66,136141,62,140407
3941,0.002604,172.31.40.0-255,66,136207,62,140407
3942,0.002645,172.31.40.0-255,66,136273,62,140407
3943,0.00265,74.125.24.0-255,3625,139898,62,140407
3944,0.002652,172.31.40.0-255,66,139964,62,140407
3945,0.003499,172.31.40.0-255,101,140065,62,140407
3946,0.005259,74.125.24.0-255,105,140170,62,140407
3947,0.006098,74.125.24.0-255,66,140236,62,140407
3948,0.009184,172.31.40.0-255,105,140341,62,140407
3949,0.011794,74.125.24.0-255,66,140407,62,140407
3950,0.0,172.217.194.0-255,146,146,62,80040
3951,2.3e-05,172.31.40.0-255,66,212,62,80040
3952,3.1e-05,172.217.194.0-255,1484,1696,62,80040
3953,3.5e-05,172.31.40.0-255,66,1762,62,80040
3954,4.1e-05,172.217.194.0-255,2902,4664,62,80040
3955,4.3e-05,172.31.40.0-255,66,4730,62,80040
3956,5.9e-05,172.217.194.0-255,7156,11886,62,80040
3957,6.2e-05,172.31.40.0-255,66,11952,62,80040
3958,7.2e-05,172.31.40.0-255,66,12018,62,80040
3959,0.000116,172.31.40.0-255,66,12084,62,80040
3960,0.000139,172.217.194.0-255,1484,13568,62,80040
3961,0.000141,172.31.40.0-255,66,13634,62,80040
3962,0.000182,172.31.40.0-255,66,13700,62,80040
3963,0.000201,172.31.40.0-255,66,13766,62,80040
3964,0.000206,172.217.194.0-255,2543,16309,62,80040
3965,0.000208,172.31.40.0-255,66,16375,62,80040
3966,0.00083,172.217.194.0-255,645,17020,62,80040
3967,0.000836,172.31.40.0-255,66,17086,62,80040
3968,0.00114,172.217.194.0-255,1484,18570,62,80040
3969,0.001146,172.31.40.0-255,66,18636,62,80040
3970,0.001156,172.217.194.0-255,2902,21538,62,80040
3971,0.001159,172.31.40.0-255,66,21604,62,80040
3972,0.001168,172.217.194.0-255,2902,24506,62,80040
3973,0.001171,172.31.40.0-255,66,24572,62,80040
3974,0.001207,172.217.194.0-255,2902,27474,62,80040
3975,0.001211,172.31.40.0-255,66,27540,62,80040
3976,0.001225,172.31.40.0-255,66,27606,62,80040
3977,0.001238,172.31.40.0-255,66,27672,62,80040
3978,0.003221,172.217.194.0-255,5738,33410,62,80040
3979,0.003228,172.31.40.0-255,66,33476,62,80040
3980,0.005223,172.217.194.0-255,2902,36378,62,80040
3981,0.005226,172.31.40.0-255,66,36444,62,80040
3982,0.005251,172.217.194.0-255,2902,39346,62,80040
3983,0.005253,172.31.40.0-255,66,39412,62,80040
3984,0.007263,172.217.194.0-255,5738,45150,62,80040
3985,0.00727,172.31.40.0-255,66,45216,62,80040
3986,0.009316,172.217.194.0-255,5738,50954,62,80040
3987,0.009328,172.31.40.0-255,66,51020,62,80040
3988,0.011339,172.217.194.0-255,5738,56758,62,80040
3989,0.011348,172.31.40.0-255,66,56824,62,80040
3990,0.013325,172.217.194.0-255,5738,62562,62,80040
3991,0.013332,172.31.40.0-255,66,62628,62,80040
3992,0.015335,172.217.194.0-255,5738,68366,62,80040
3993,0.015346,172.31.40.0-255,66,68432,62,80040
3994,0.01733,172.217.194.0-255,5738,74170,62,80040
3995,0.017341,172.31.40.0-255,66,74236,62,80040
3996,0.019342,172.217.194.0-255,5738,79974,62,80040
3997,0.019349,172.31.40.0-255,66,80040,62,80040
3998,0.0,172.217.194.0-255,146,146,62,175321
3999,2.1e-05,172.31.40.0-255,66,212,62,175321
4000,2.8e-05,172.217.194.0-255,1484,1696,62,175321
4001,3.4e-05,172.31.40.0-255,66,1762,62,175321
4002,4e-05,172.217.194.0-255,2902,4664,62,175321
4003,4.4e-05,172.31.40.0-255,66,4730,62,175321
4004,5.1e-05,172.217.194.0-255,7156,11886,62,175321
4005,5.4e-05,172.31.40.0-255,66,11952,62,175321
4006,9.6e-05,172.31.40.0-255,66,12018,62,175321
4007,0.000116,172.217.194.0-255,3961,15979,62,175321
4008,0.000119,172.31.40.0-255,66,16045,62,175321
4009,0.000143,172.217.194.0-255,4320,20365,62,175321
4010,0.000146,172.31.40.0-255,66,20431,62,175321
4011,0.000165,172.217.194.0-255,7156,27587,62,175321
4012,0.000168,172.31.40.0-255,66,27653,62,175321
4013,0.000189,172.217.194.0-255,2902,30555,62,175321
4014,0.000192,172.31.40.0-255,66,30621,62,175321
4015,0.000196,172.217.194.0-255,2543,33164,62,175321
4016,0.000198,172.31.40.0-255,66,33230,62,175321
4017,0.000224,172.217.194.0-255,5738,38968,62,175321
4018,0.000227,172.31.40.0-255,66,39034,62,175321
4019,0.000252,172.217.194.0-255,7156,46190,62,175321
4020,0.000255,172.31.40.0-255,66,46256,62,175321
4021,0.000276,172.217.194.0-255,4574,50830,62,175321
4022,0.000279,172.31.40.0-255,66,50896,62,175321
4023,0.000357,172.217.194.0-255,1484,52380,62,175321
4024,0.000361,172.31.40.0-255,66,52446,62,175321
4025,0.000364,172.217.194.0-255,1484,53930,62,175321
4026,0.000366,172.31.40.0-255,66,53996,62,175321
4027,0.000381,172.217.194.0-255,1484,55480,62,175321
4028,0.000383,172.31.40.0-255,66,55546,62,175321
4029,0.00039,172.217.194.0-255,5738,61284,62,175321
4030,0.000392,172.31.40.0-255,66,61350,62,175321
4031,0.000431,172.217.194.0-255,1484,62834,62,175321
4032,0.000434,172.31.40.0-255,66,62900,62,175321
4033,0.000457,172.217.194.0-255,5379,68279,62,175321
4034,0.00046,172.31.40.0-255,66,68345,62,175321
4035,0.000468,172.217.194.0-255,7156,75501,62,175321
4036,0.00047,172.31.40.0-255,66,75567,62,175321
4037,0.000489,172.217.194.0-255,1484,77051,62,175321
4038,0.000491,172.31.40.0-255,66,77117,62,175321
4039,0.000515,172.31.40.0-255,66,77183,62,175321
4040,0.000841,172.217.194.0-255,1484,78667,62,175321
4041,0.000845,172.31.40.0-255,66,78733,62,175321
4042,0.000851,172.217.194.0-255,2902,81635,62,175321
4043,0.000853,172.31.40.0-255,66,81701,62,175321
4044,0.000868,172.217.194.0-255,4320,86021,62,175321
4045,0.000871,172.31.40.0-255,66,86087,62,175321
4046,0.000901,172.217.194.0-255,1484,87571,62,175321
4047,0.000905,172.31.40.0-255,66,87637,62,175321
4048,0.000919,172.31.40.0-255,66,87703,62,175321
4049,0.000922,172.217.194.0-255,1484,89187,62,175321
4050,0.000924,172.31.40.0-255,66,89253,62,175321
4051,0.000958,172.31.40.0-255,66,89319,62,175321
4052,0.000972,172.217.194.0-255,1484,90803,62,175321
4053,0.000975,172.31.40.0-255,66,90869,62,175321
4054,0.000988,172.31.40.0-255,66,90935,62,175321
4055,0.001009,172.217.194.0-255,5738,96673,62,175321
4056,0.001012,172.31.40.0-255,66,96739,62,175321
4057,0.001044,172.217.194.0-255,7156,103895,62,175321
4058,0.001047,172.31.40.0-255,66,103961,62,175321
4059,0.001077,172.31.40.0-255,66,104027,62,175321
4060,0.001244,172.217.194.0-255,1484,105511,62,175321
4061,0.001248,172.31.40.0-255,66,105577,62,175321
4062,0.001254,172.217.194.0-255,2902,108479,62,175321
4063,0.001256,172.31.40.0-255,66,108545,62,175321
4064,0.001319,172.217.194.0-255,5738,114283,62,175321
4065,0.001322,172.31.40.0-255,66,114349,62,175321
4066,0.001337,172.31.40.0-255,66,114415,62,175321
4067,0.001347,172.31.40.0-255,66,114481,62,175321
4068,0.001373,172.217.194.0-255,5738,120219,62,175321
4069,0.001377,172.31.40.0-255,66,120285,62,175321
4070,0.001395,172.217.194.0-255,2184,122469,62,175321
4071,0.001397,172.31.40.0-255,66,122535,62,175321
4072,0.00141,172.217.194.0-255,1484,124019,62,175321
4073,0.001412,172.31.40.0-255,66,124085,62,175321
4074,0.001449,172.31.40.0-255,66,124151,62,175321
4075,0.001493,172.217.194.0-255,1484,125635,62,175321
4076,0.001497,172.31.40.0-255,66,125701,62,175321
4077,0.001524,172.31.40.0-255,66,125767,62,175321
4078,0.001528,172.217.194.0-255,2902,128669,62,175321
4079,0.00153,172.31.40.0-255,66,128735,62,175321
4080,0.001556,172.217.194.0-255,7156,135891,62,175321
4081,0.001559,172.31.40.0-255,66,135957,62,175321
4082,0.001603,172.31.40.0-255,66,136023,62,175321
4083,0.001665,172.217.194.0-255,2184,138207,62,175321
4084,0.001668,172.31.40.0-255,66,138273,62,175321
4085,0.001674,172.217.194.0-255,4320,142593,62,175321
4086,0.001676,172.31.40.0-255,66,142659,62,175321
4087,0.001718,172.31.40.0-255,66,142725,62,175321
4088,0.001778,172.217.194.0-255,2902,145627,62,175321
4089,0.001782,172.31.40.0-255,66,145693,62,175321
4090,0.001809,172.31.40.0-255,66,145759,62,175321
4091,0.001858,172.31.40.0-255,66,145825,62,175321
4092,0.001952,172.31.40.0-255,66,145891,62,175321
4093,0.001987,172.31.40.0-255,66,145957,62,175321
4094,0.002071,172.217.194.0-255,4320,150277,62,175321
4095,0.002074,172.31.40.0-255,66,150343,62,175321
4096,0.002101,172.31.40.0-255,66,150409,62,175321
4097,0.002121,172.217.194.0-255,1484,151893,62,175321
4098,0.002125,172.217.194.0-255,2902,154795,62,175321
4099,0.002128,172.31.40.0-255,66,154861,62,175321
4100,0.002135,172.31.40.0-255,66,154927,62,175321
4101,0.002138,172.217.194.0-255,1484,156411,62,175321
4102,0.00214,172.31.40.0-255,66,156477,62,175321
4103,0.002166,172.217.194.0-255,4320,160797,62,175321
4104,0.002169,172.31.40.0-255,66,160863,62,175321
4105,0.002183,172.31.40.0-255,66,160929,62,175321
4106,0.002207,172.217.194.0-255,7156,168085,62,175321
4107,0.00221,172.31.40.0-255,66,168151,62,175321
4108,0.002238,172.217.194.0-255,3602,171753,62,175321
4109,0.002253,172.217.194.0-255,3160,174913,62,175321
4110,0.011241,172.31.40.0-255,66,174979,62,175321
4111,0.012232,172.217.194.0-255,105,175084,62,175321
4112,0.013772,172.31.40.0-255,66,175150,62,175321
4113,0.013812,172.31.40.0-255,105,175255,62,175321
4114,0.01604,172.217.194.0-255,66,175321,62,175321
4115,0.0,216.58.221.0-255,152,152,62,268167
4116,2.1e-05,172.31.40.0-255,66,218,62,268167
4117,2.8e-05,216.58.221.0-255,1484,1702,62,268167
4118,3.2e-05,172.31.40.0-255,66,1768,62,268167
4119,3.7e-05,216.58.221.0-255,2902,4670,62,268167
4120,4.8e-05,172.31.40.0-255,66,4736,62,268167
4121,5.5e-05,216.58.221.0-255,5738,10474,62,268167
4122,5.8e-05,172.31.40.0-255,66,10540,62,268167
4123,6.5e-05,216.58.221.0-255,6351,16891,62,268167
4124,6.8e-05,172.31.40.0-255,66,16957,62,268167
4125,0.000113,172.31.40.0-255,66,17023,62,268167
4126,0.000149,216.58.221.0-255,1484,18507,62,268167
4127,0.000151,172.31.40.0-255,66,18573,62,268167
4128,0.000156,216.58.221.0-255,2902,21475,62,268167
4129,0.000158,172.31.40.0-255,66,21541,62,268167
4130,0.000191,216.58.221.0-255,5738,27279,62,268167
4131,0.000194,172.31.40.0-255,66,27345,62,268167
4132,0.000221,216.58.221.0-255,6797,34142,62,268167
4133,0.000223,172.31.40.0-255,66,34208,62,268167
4134,0.000291,216.58.221.0-255,1484,35692,62,268167
4135,0.000294,172.31.40.0-255,66,35758,62,268167
4136,0.000318,216.58.221.0-255,2902,38660,62,268167
4137,0.00032,172.31.40.0-255,66,38726,62,268167
4138,0.000325,216.58.221.0-255,2902,41628,62,268167
4139,0.000327,172.31.40.0-255,66,41694,62,268167
4140,0.000332,216.58.221.0-255,4320,46014,62,268167
4141,0.000337,172.31.40.0-255,66,46080,62,268167
4142,0.000385,216.58.221.0-255,2902,48982,62,268167
4143,0.000388,172.31.40.0-255,66,49048,62,268167
4144,0.000404,216.58.221.0-255,2834,51882,62,268167
4145,0.000406,172.31.40.0-255,66,51948,62,268167
4146,0.001035,216.58.221.0-255,136,52084,62,268167
4147,0.001148,216.58.221.0-255,1484,53568,62,268167
4148,0.001153,172.31.40.0-255,66,53634,62,268167
4149,0.001158,216.58.221.0-255,1484,55118,62,268167
4150,0.001178,216.58.221.0-255,1484,56602,62,268167
4151,0.001181,172.31.40.0-255,66,56668,62,268167
4152,0.001184,216.58.221.0-255,1484,58152,62,268167
4153,0.001205,216.58.221.0-255,1484,59636,62,268167
4154,0.001207,172.31.40.0-255,66,59702,62,268167
4155,0.001224,216.58.221.0-255,1484,61186,62,268167
4156,0.00123,216.58.221.0-255,4320,65506,62,268167
4157,0.001232,172.31.40.0-255,66,65572,62,268167
4158,0.001262,216.58.221.0-255,1484,67056,62,268167
4159,0.001268,216.58.221.0-255,3961,71017,62,268167
4160,0.00127,172.31.40.0-255,66,71083,62,268167
4161,0.001275,216.58.221.0-255,4320,75403,62,268167
4162,0.001277,172.31.40.0-255,66,75469,62,268167
4163,0.001291,172.31.40.0-255,66,75535,62,268167
4164,0.001315,216.58.221.0-255,1125,76660,62,268167
4165,0.001763,216.58.221.0-255,1484,78144,62,268167
4166,0.001769,172.31.40.0-255,66,78210,62,268167
4167,0.001775,216.58.221.0-255,2902,81112,62,268167
4168,0.001777,172.31.40.0-255,66,81178,62,268167
4169,0.001796,216.58.221.0-255,2902,84080,62,268167
4170,0.001798,172.31.40.0-255,66,84146,62,268167
4171,0.00182,216.58.221.0-255,4320,88466,62,268167
4172,0.001821,172.31.40.0-255,66,88532,62,268167
4173,0.001835,172.31.40.0-255,66,88598,62,268167
4174,0.001868,216.58.221.0-255,2902,91500,62,268167
4175,0.001869,172.31.40.0-255,66,91566,62,268167
4176,0.001888,216.58.221.0-255,5738,97304,62,268167
4177,0.001889,172.31.40.0-255,66,97370,62,268167
4178,0.001961,216.58.221.0-255,5020,102390,62,268167
4179,0.001964,172.31.40.0-255,66,102456,62,268167
4180,0.001992,216.58.221.0-255,5738,108194,62,268167
4181,0.001995,172.31.40.0-255,66,108260,62,268167
4182,0.001999,216.58.221.0-255,4320,112580,62,268167
4183,0.002001,172.31.40.0-255,66,112646,62,268167
4184,0.002018,216.58.221.0-255,2902,115548,62,268167
4185,0.00202,172.31.40.0-255,66,115614,62,268167
4186,0.002051,172.31.40.0-255,66,115680,62,268167
4187,0.002111,172.31.40.0-255,66,115746,62,268167
4188,0.002137,216.58.221.0-255,3602,119348,62,268167
4189,0.002139,172.31.40.0-255,66,119414,62,268167
4190,0.002144,216.58.221.0-255,2902,122316,62,268167
4191,0.002145,172.31.40.0-255,66,122382,62,268167
4192,0.002156,216.58.221.0-255,7156,129538,62,268167
4193,0.002158,172.31.40.0-255,66,129604,62,268167
4194,0.002194,172.31.40.0-255,66,129670,62,268167
4195,0.002247,216.58.221.0-255,2902,132572,62,268167
4196,0.002249,172.31.40.0-255,66,132638,62,268167
4197,0.002275,216.58.221.0-255,5738,138376,62,268167
4198,0.002277,172.31.40.0-255,66,138442,62,268167
4199,0.002292,216.58.221.0-255,1484,139926,62,268167
4200,0.002306,216.58.221.0-255,2184,142110,62,268167
4201,0.002308,172.31.40.0-255,78,142188,62,268167
4202,0.00231,216.58.221.0-255,1484,143672,62,268167
4203,0.002313,172.31.40.0-255,66,143738,62,268167
4204,0.002337,216.58.221.0-255,5738,149476,62,268167
4205,0.002339,172.31.40.0-255,66,149542,62,268167
4206,0.002342,216.58.221.0-255,1484,151026,62,268167
4207,0.002364,216.58.221.0-255,2902,153928,62,268167
4208,0.002366,172.31.40.0-255,66,153994,62,268167
4209,0.002387,216.58.221.0-255,1484,155478,62,268167
4210,0.002391,216.58.221.0-255,2902,158380,62,268167
4211,0.002394,172.31.40.0-255,66,158446,62,268167
4212,0.002412,216.58.221.0-255,5738,164184,62,268167
4213,0.002414,172.31.40.0-255,66,164250,62,268167
4214,0.002438,172.31.40.0-255,66,164316,62,268167
4215,0.002506,216.58.221.0-255,4320,168636,62,268167
4216,0.002508,172.31.40.0-255,66,168702,62,268167
4217,0.002534,216.58.221.0-255,4320,173022,62,268167
4218,0.002537,172.31.40.0-255,66,173088,62,268167
4219,0.00257,172.31.40.0-255,66,173154,62,268167
4220,0.002605,216.58.221.0-255,4320,177474,62,268167
4221,0.002608,172.31.40.0-255,66,177540,62,268167
4222,0.002633,172.31.40.0-255,66,177606,62,268167
4223,0.002854,216.58.221.0-255,1484,179090,62,268167
4224,0.002858,216.58.221.0-255,1484,180574,62,268167
4225,0.00286,172.31.40.0-255,66,180640,62,268167
4226,0.002886,216.58.221.0-255,1484,182124,62,268167
4227,0.002892,216.58.221.0-255,5738,187862,62,268167
4228,0.002895,172.31.40.0-255,66,187928,62,268167
4229,0.002901,216.58.221.0-255,4320,192248,62,268167
4230,0.002903,172.31.40.0-255,66,192314,62,268167
4231,0.002931,172.31.40.0-255,66,192380,62,268167
4232,0.002965,216.58.221.0-255,4320,196700,62,268167
4233,0.002968,172.31.40.0-255,66,196766,62,268167
4234,0.002989,216.58.221.0-255,5738,202504,62,268167
4235,0.002992,172.31.40.0-255,66,202570,62,268167
4236,0.003015,216.58.221.0-255,1484,204054,62,268167
4237,0.003032,216.58.221.0-255,5738,209792,62,268167
4238,0.003034,172.31.40.0-255,66,209858,62,268167
4239,0.003153,216.58.221.0-255,4320,214178,62,268167
4240,0.003171,216.58.221.0-255,6438,220616,62,268167
4241,0.003209,216.58.221.0-255,2902,223518,62,268167
4242,0.003319,216.58.221.0-255,5738,229256,62,268167
4243,0.00341,216.58.221.0-255,7156,236412,62,268167
4244,0.003428,216.58.221.0-255,2902,239314,62,268167
4245,0.003441,216.58.221.0-255,4320,243634,62,268167
4246,0.003479,216.58.221.0-255,5738,249372,62,268167
4247,0.003496,216.58.221.0-255,1484,250856,62,268167
4248,0.003511,216.58.221.0-255,2902,253758,62,268167
4249,0.003525,216.58.221.0-255,4320,258078,62,268167
4250,0.003543,216.58.221.0-255,2902,260980,62,268167
4251,0.003609,216.58.221.0-255,2184,263164,62,268167
4252,0.003614,216.58.221.0-255,1484,264648,62,268167
4253,0.003617,216.58.221.0-255,1484,266132,62,268167
4254,0.003621,216.58.221.0-255,1631,267763,62,268167
4255,0.003643,172.31.40.0-255,66,267829,62,268167
4256,0.004494,172.31.40.0-255,101,267930,62,268167
4257,0.006046,172.31.40.0-255,105,268035,62,268167
4258,0.006528,216.58.221.0-255,66,268101,62,268167
4259,0.008076,216.58.221.0-255,66,268167,62,268167
4260,0.0,172.217.194.0-255,153,153,62,242066
4261,2.3e-05,172.31.40.0-255,66,219,62,242066
4262,3.1e-05,172.217.194.0-255,1484,1703,62,242066
4263,3.6e-05,172.31.40.0-255,66,1769,62,242066
4264,4.1e-05,172.217.194.0-255,2902,4671,62,242066
4265,5e-05,172.31.40.0-255,66,4737,62,242066
4266,5.7e-05,172.217.194.0-255,7156,11893,62,242066
4267,6.1e-05,172.31.40.0-255,66,11959,62,242066
4268,6.5e-05,172.217.194.0-255,2056,14015,62,242066
4269,6.7e-05,172.31.40.0-255,66,14081,62,242066
4270,0.000124,172.217.194.0-255,1484,15565,62,242066
4271,0.000126,172.31.40.0-255,66,15631,62,242066
4272,0.000143,172.217.194.0-255,2902,18533,62,242066
4273,0.000145,172.31.40.0-255,66,18599,62,242066
4274,0.000149,172.217.194.0-255,2902,21501,62,242066
4275,0.000151,172.31.40.0-255,66,21567,62,242066
4276,0.000192,172.217.194.0-255,2902,24469,62,242066
4277,0.000195,172.31.40.0-255,66,24535,62,242066
4278,0.000202,172.217.194.0-255,6797,31332,62,242066
4279,0.000204,172.31.40.0-255,66,31398,62,242066
4280,0.000316,172.217.194.0-255,1484,32882,62,242066
4281,0.00032,172.31.40.0-255,66,32948,62,242066
4282,0.000324,172.217.194.0-255,1484,34432,62,242066
4283,0.000326,172.31.40.0-255,66,34498,62,242066
4284,0.000346,172.217.194.0-255,1484,35982,62,242066
4285,0.000348,172.31.40.0-255,66,36048,62,242066
4286,0.000355,172.217.194.0-255,5738,41786,62,242066
4287,0.00036,172.31.40.0-255,66,41852,62,242066
4288,0.000385,172.217.194.0-255,6797,48649,62,242066
4289,0.000392,172.31.40.0-255,66,48715,62,242066
4290,0.000707,172.217.194.0-255,1484,50199,62,242066
4291,0.000712,172.31.40.0-255,66,50265,62,242066
4292,0.000716,172.217.194.0-255,1484,51749,62,242066
4293,0.000744,172.217.194.0-255,1484,53233,62,242066
4294,0.000746,172.31.40.0-255,66,53299,62,242066
4295,0.000753,172.217.194.0-255,5738,59037,62,242066
4296,0.000755,172.31.40.0-255,66,59103,62,242066
4297,0.00078,172.217.194.0-255,7156,66259,62,242066
4298,0.000783,172.31.40.0-255,66,66325,62,242066
4299,0.000812,172.217.194.0-255,3961,70286,62,242066
4300,0.000814,172.31.40.0-255,66,70352,62,242066
4301,0.000826,172.31.40.0-255,66,70418,62,242066
4302,0.000828,172.217.194.0-255,1125,71543,62,242066
4303,0.000885,172.217.194.0-255,645,72188,62,242066
4304,0.000888,172.31.40.0-255,66,72254,62,242066
4305,0.000911,172.217.194.0-255,1484,73738,62,242066
4306,0.000916,172.217.194.0-255,4320,78058,62,242066
4307,0.000919,172.31.40.0-255,66,78124,62,242066
4308,0.000944,172.217.194.0-255,5738,83862,62,242066
4309,0.000946,172.31.40.0-255,66,83928,62,242066
4310,0.000966,172.217.194.0-255,4320,88248,62,242066
4311,0.000968,172.31.40.0-255,66,88314,62,242066
4312,0.000981,172.31.40.0-255,66,88380,62,242066
4313,0.00101,172.217.194.0-255,4320,92700,62,242066
4314,0.001013,172.31.40.0-255,66,92766,62,242066
4315,0.001016,172.217.194.0-255,1622,94388,62,242066
4316,0.001018,172.31.40.0-255,66,94454,62,242066
4317,0.001122,172.217.194.0-255,1484,95938,62,242066
4318,0.001139,172.217.194.0-255,2902,98840,62,242066
4319,0.001142,172.31.40.0-255,66,98906,62,242066
4320,0.001148,172.217.194.0-255,4320,103226,62,242066
4321,0.001149,172.31.40.0-255,66,103292,62,242066
4322,0.001169,172.217.194.0-255,1484,104776,62,242066
4323,0.001208,172.31.40.0-255,66,104842,62,242066
4324,0.001218,172.31.40.0-255,66,104908,62,242066
4325,0.001245,172.217.194.0-255,2184,107092,62,242066
4326,0.001247,172.31.40.0-255,66,107158,62,242066
4327,0.001554,172.217.194.0-255,1484,108642,62,242066
4328,0.001572,172.217.194.0-255,2902,111544,62,242066
4329,0.001575,172.31.40.0-255,66,111610,62,242066
4330,0.001579,172.217.194.0-255,1484,113094,62,242066
4331,0.001609,172.217.194.0-255,4320,117414,62,242066
4332,0.001611,172.31.40.0-255,66,117480,62,242066
4333,0.001618,172.217.194.0-255,7156,124636,62,242066
4334,0.001619,172.31.40.0-255,66,124702,62,242066
4335,0.001638,172.217.194.0-255,2902,127604,62,242066
4336,0.00164,172.31.40.0-255,66,127670,62,242066
4337,0.001678,172.217.194.0-255,2184,129854,62,242066
4338,0.001685,172.31.40.0-255,66,129920,62,242066
4339,0.001687,172.31.40.0-255,66,129986,62,242066
4340,0.001821,172.217.194.0-255,1484,131470,62,242066
4341,0.001827,172.217.194.0-255,2902,134372,62,242066
4342,0.001829,172.31.40.0-255,66,134438,62,242066
4343,0.001857,172.217.194.0-255,5738,140176,62,242066
4344,0.00186,172.31.40.0-255,66,140242,62,242066
4345,0.001871,172.31.40.0-255,66,140308,62,242066
4346,0.001877,172.217.194.0-255,7156,147464,62,242066
4347,0.001879,172.31.40.0-255,66,147530,62,242066
4348,0.001913,172.217.194.0-255,3602,151132,62,242066
4349,0.001915,172.31.40.0-255,66,151198,62,242066
4350,0.0022,172.217.194.0-255,1484,152682,62,242066
4351,0.002204,172.217.194.0-255,1484,154166,62,242066
4352,0.002207,172.31.40.0-255,66,154232,62,242066
4353,0.002245,172.217.194.0-255,1484,155716,62,242066
4354,0.002253,172.217.194.0-255,5738,161454,62,242066
4355,0.002255,172.31.40.0-255,66,161520,62,242066
4356,0.002263,172.217.194.0-255,7156,168676,62,242066
4357,0.002265,172.31.40.0-255,66,168742,62,242066
4358,0.002312,172.217.194.0-255,5738,174480,62,242066
4359,0.002316,172.31.40.0-255,66,174546,62,242066
4360,0.002323,172.217.194.0-255,7156,181702,62,242066
4361,0.002325,172.31.40.0-255,66,181768,62,242066
4362,0.002333,172.217.194.0-255,3602,185370,62,242066
4363,0.002336,172.31.40.0-255,66,185436,62,242066
4364,0.002363,172.217.194.0-255,4320,189756,62,242066
4365,0.002365,172.31.40.0-255,66,189822,62,242066
4366,0.002399,172.217.194.0-255,5738,195560,62,242066
4367,0.002402,172.31.40.0-255,66,195626,62,242066
4368,0.002439,172.217.194.0-255,2902,198528,62,242066
4369,0.002441,172.31.40.0-255,66,198594,62,242066
4370,0.002478,172.31.40.0-255,66,198660,62,242066
4371,0.002491,172.31.40.0-255,66,198726,62,242066
4372,0.0025,172.217.194.0-255,2184,200910,62,242066
4373,0.002502,172.31.40.0-255,66,200976,62,242066
4374,0.004956,172.217.194.0-255,5738,206714,62,242066
4375,0.004963,172.31.40.0-255,66,206780,62,242066
4376,0.007437,172.217.194.0-255,2902,209682,62,242066
4377,0.00744,172.31.40.0-255,66,209748,62,242066
4378,0.007483,172.217.194.0-255,2902,212650,62,242066
4379,0.007487,172.31.40.0-255,66,212716,62,242066
4380,0.009885,172.217.194.0-255,2902,215618,62,242066
4381,0.00989,172.31.40.0-255,66,215684,62,242066
4382,0.009954,172.217.194.0-255,2902,218586,62,242066
4383,0.009957,172.31.40.0-255,66,218652,62,242066
4384,0.012376,172.217.194.0-255,1484,220136,62,242066
4385,0.012395,172.217.194.0-255,1484,221620,62,242066
4386,0.0124,172.31.40.0-255,66,221686,62,242066
4387,0.012429,172.217.194.0-255,2902,224588,62,242066
4388,0.012431,172.31.40.0-255,66,224654,62,242066
4389,0.014895,172.217.194.0-255,5738,230392,62,242066
4390,0.014905,172.31.40.0-255,66,230458,62,242066
4391,0.017393,172.217.194.0-255,5738,236196,62,242066
4392,0.017405,172.31.40.0-255,66,236262,62,242066
4393,0.01989,172.217.194.0-255,5738,242000,62,242066
4394,0.019899,172.31.40.0-255,66,242066,62,242066
4395,0.0,74.125.24.0-255,152,152,62,119669
4396,1.6e-05,172.31.40.0-255,66,218,62,119669
4397,2.4e-05,74.125.24.0-255,1484,1702,62,119669
4398,2.8e-05,172.31.40.0-255,66,1768,62,119669
4399,3.1e-05,74.125.24.0-255,1484,3252,62,119669
4400,3.5e-05,172.31.40.0-255,66,3318,62,119669
4401,7.5e-05,74.125.24.0-255,1484,4802,62,119669
4402,7.8e-05,172.31.40.0-255,66,4868,62,119669
4403,8.7e-05,74.125.24.0-255,7156,12024,62,119669
4404,9e-05,172.31.40.0-255,66,12090,62,119669
4405,9.9e-05,74.125.24.0-255,2066,14156,62,119669
4406,0.000101,172.31.40.0-255,66,14222,62,119669
4407,0.000106,74.125.24.0-255,2902,17124,62,119669
4408,0.000109,172.31.40.0-255,66,17190,62,119669
4409,0.000181,74.125.24.0-255,7156,24346,62,119669
4410,0.000186,172.31.40.0-255,66,24412,62,119669
4411,0.000192,74.125.24.0-255,5738,30150,62,119669
4412,0.000195,172.31.40.0-255,66,30216,62,119669
4413,0.00024,74.125.24.0-255,1125,31341,62,119669
4414,0.000243,172.31.40.0-255,66,31407,62,119669
4415,0.000691,74.125.24.0-255,1484,32891,62,119669
4416,0.000697,172.31.40.0-255,66,32957,62,119669
4417,0.000703,74.125.24.0-255,2902,35859,62,119669
4418,0.000705,172.31.40.0-255,66,35925,62,119669
4419,0.000712,74.125.24.0-255,4320,40245,62,119669
4420,0.000714,172.31.40.0-255,66,40311,62,119669
4421,0.000741,74.125.24.0-255,1484,41795,62,119669
4422,0.000743,172.31.40.0-255,66,41861,62,119669
4423,0.000756,172.31.40.0-255,66,41927,62,119669
4424,0.000787,74.125.24.0-255,1125,43052,62,119669
4425,0.000789,172.31.40.0-255,66,43118,62,119669
4426,0.000805,74.125.24.0-255,1434,44552,62,119669
4427,0.000835,172.31.40.0-255,66,44618,62,119669
4428,0.000933,74.125.24.0-255,346,44964,62,119669
4429,0.001008,74.125.24.0-255,1484,46448,62,119669
4430,0.001011,74.125.24.0-255,1484,47932,62,119669
4431,0.001016,172.31.40.0-255,66,47998,62,119669
4432,0.001023,74.125.24.0-255,1484,49482,62,119669
4433,0.001029,74.125.24.0-255,4320,53802,62,119669
4434,0.001045,172.31.40.0-255,66,53868,62,119669
4435,0.001056,74.125.24.0-255,1484,55352,62,119669
4436,0.001066,74.125.24.0-255,5738,61090,62,119669
4437,0.001077,172.31.40.0-255,66,61156,62,119669
4438,0.001115,172.31.40.0-255,66,61222,62,119669
4439,0.001143,74.125.24.0-255,3961,65183,62,119669
4440,0.001147,172.31.40.0-255,66,65249,62,119669
4441,0.001951,74.125.24.0-255,1484,66733,62,119669
4442,0.00197,74.125.24.0-255,2902,69635,62,119669
4443,0.001974,172.31.40.0-255,66,69701,62,119669
4444,0.001995,74.125.24.0-255,5738,75439,62,119669
4445,0.002021,74.125.24.0-255,4320,79759,62,119669
4446,0.002035,74.125.24.0-255,2902,82661,62,119669
4447,0.002065,74.125.24.0-255,2902,85563,62,119669
4448,0.00208,74.125.24.0-255,5020,90583,62,119669
4449,0.006148,172.31.40.0-255,66,90649,62,119669
4450,0.008309,74.125.24.0-255,5738,96387,62,119669
4451,0.008318,172.31.40.0-255,66,96453,62,119669
4452,0.010527,74.125.24.0-255,5738,102191,62,119669
4453,0.012069,172.31.40.0-255,66,102257,62,119669
4454,0.014211,74.125.24.0-255,5738,107995,62,119669
4455,0.014221,172.31.40.0-255,66,108061,62,119669
4456,0.016364,74.125.24.0-255,5738,113799,62,119669
4457,0.016375,172.31.40.0-255,66,113865,62,119669
4458,0.018535,74.125.24.0-255,5738,119603,62,119669
4459,0.018543,172.31.40.0-255,66,119669,62,119669
4460,0.0,74.125.200.0-255,146,146,62,212223
4461,1.9e-05,172.31.40.0-255,66,212,62,212223
4462,2.5e-05,74.125.200.0-255,1484,1696,62,212223
4463,2.9e-05,172.31.40.0-255,66,1762,62,212223
4464,3.2e-05,74.125.200.0-255,1484,3246,62,212223
4465,3.5e-05,172.31.40.0-255,66,3312,62,212223
4466,4e-05,74.125.200.0-255,2902,6214,62,212223
4467,4.3e-05,172.31.40.0-255,66,6280,62,212223
4468,6.7e-05,74.125.200.0-255,1484,7764,62,212223
4469,7e-05,172.31.40.0-255,66,7830,62,212223
4470,9.4e-05,74.125.200.0-255,4320,12150,62,212223
4471,9.6e-05,172.31.40.0-255,66,12216,62,212223
4472,0.000101,74.125.200.0-255,2017,14233,62,212223
4473,0.000102,172.31.40.0-255,66,14299,62,212223
4474,0.000174,74.125.200.0-255,1484,15783,62,212223
4475,0.000176,172.31.40.0-255,66,15849,62,212223
4476,0.00018,74.125.200.0-255,1484,17333,62,212223
4477,0.000181,172.31.40.0-255,66,17399,62,212223
4478,0.000197,74.125.200.0-255,1484,18883,62,212223
4479,0.0002,172.31.40.0-255,66,18949,62,212223
4480,0.000204,74.125.200.0-255,2902,21851,62,212223
4481,0.000205,172.31.40.0-255,66,21917,62,212223
4482,0.00022,74.125.200.0-255,2902,24819,62,212223
4483,0.000222,172.31.40.0-255,66,24885,62,212223
4484,0.000226,74.125.200.0-255,2902,27787,62,212223
4485,0.000228,172.31.40.0-255,66,27853,62,212223
4486,0.00024,74.125.200.0-255,3961,31814,62,212223
4487,0.000242,172.31.40.0-255,66,31880,62,212223
4488,0.000351,74.125.200.0-255,1484,33364,62,212223
4489,0.000354,172.31.40.0-255,66,33430,62,212223
4490,0.000358,74.125.200.0-255,1484,34914,62,212223
4491,0.00036,172.31.40.0-255,66,34980,62,212223
4492,0.000371,74.125.200.0-255,1484,36464,62,212223
4493,0.000376,74.125.200.0-255,2902,39366,62,212223
4494,0.000388,74.125.200.0-255,4320,43686,62,212223
4495,0.000417,74.125.200.0-255,5738,49424,62,212223
4496,0.00043,74.125.200.0-255,3961,53385,62,212223
4497,0.000435,74.125.200.0-255,4320,57705,62,212223
4498,0.000455,172.31.40.0-255,66,57771,62,212223
4499,0.000481,74.125.200.0-255,1484,59255,62,212223
4500,0.000506,74.125.200.0-255,6797,66052,62,212223
4501,0.000513,172.31.40.0-255,66,66118,62,212223
4502,0.000524,74.125.200.0-255,396,66514,62,212223
4503,0.000669,74.125.200.0-255,347,66861,62,212223
4504,0.000893,74.125.200.0-255,1484,68345,62,212223
4505,0.000896,172.31.40.0-255,66,68411,62,212223
4506,0.0009,74.125.200.0-255,1484,69895,62,212223
4507,0.000915,74.125.200.0-255,2902,72797,62,212223
4508,0.000926,172.31.40.0-255,66,72863,62,212223
4509,0.000931,74.125.200.0-255,4320,77183,62,212223
4510,0.000935,172.31.40.0-255,66,77249,62,212223
4511,0.000942,74.125.200.0-255,1484,78733,62,212223
4512,0.000955,74.125.200.0-255,1484,80217,62,212223
4513,0.000961,172.31.40.0-255,66,80283,62,212223
4514,0.000975,74.125.200.0-255,7156,87439,62,212223
4515,0.000988,74.125.200.0-255,5738,93177,62,212223
4516,0.000994,172.31.40.0-255,66,93243,62,212223
4517,0.001008,74.125.200.0-255,4320,97563,62,212223
4518,0.001012,74.125.200.0-255,3602,101165,62,212223
4519,0.00102,172.31.40.0-255,66,101231,62,212223
4520,0.001247,74.125.200.0-255,1484,102715,62,212223
4521,0.001259,74.125.200.0-255,1484,104199,62,212223
4522,0.001263,172.31.40.0-255,66,104265,62,212223
4523,0.001282,74.125.200.0-255,2902,107167,62,212223
4524,0.001288,172.31.40.0-255,66,107233,62,212223
4525,0.001311,74.125.200.0-255,5738,112971,62,212223
4526,0.001316,74.125.200.0-255,4320,117291,62,212223
4527,0.001328,74.125.200.0-255,2902,120193,62,212223
4528,0.001332,172.31.40.0-255,66,120259,62,212223
4529,0.001342,74.125.200.0-255,2902,123161,62,212223
4530,0.001345,172.31.40.0-255,66,123227,62,212223
4531,0.001374,74.125.200.0-255,766,123993,62,212223
4532,0.001385,172.31.40.0-255,66,124059,62,212223
4533,0.001448,74.125.200.0-255,1484,125543,62,212223
4534,0.001468,74.125.200.0-255,2902,128445,62,212223
4535,0.001471,74.125.200.0-255,2902,131347,62,212223
4536,0.001476,172.31.40.0-255,66,131413,62,212223
4537,0.00149,74.125.200.0-255,4320,135733,62,212223
4538,0.001499,172.31.40.0-255,66,135799,62,212223
4539,0.001526,74.125.200.0-255,1484,137283,62,212223
4540,0.001529,172.31.40.0-255,66,137349,62,212223
4541,0.001538,74.125.200.0-255,2902,140251,62,212223
4542,0.00155,74.125.200.0-255,4320,144571,62,212223
4543,0.00157,172.31.40.0-255,66,144637,62,212223
4544,0.001576,74.125.200.0-255,5738,150375,62,212223
4545,0.00158,172.31.40.0-255,66,150441,62,212223
4546,0.00159,74.125.200.0-255,766,151207,62,212223
4547,0.001598,74.125.200.0-255,7156,158363,62,212223
4548,0.001607,172.31.40.0-255,66,158429,62,212223
4549,0.001633,74.125.200.0-255,1484,159913,62,212223
4550,0.001695,74.125.200.0-255,2902,162815,62,212223
4551,0.001709,172.31.40.0-255,66,162881,62,212223
4552,0.001729,74.125.200.0-255,1484,164365,62,212223
4553,0.001755,74.125.200.0-255,5738,170103,62,212223
4554,0.001807,172.31.40.0-255,66,170169,62,212223
4555,0.001816,172.31.40.0-255,66,170235,62,212223
4556,0.001827,74.125.200.0-255,2902,173137,62,212223
4557,0.001838,172.31.40.0-255,66,173203,62,212223
4558,0.001861,74.125.200.0-255,3602,176805,62,212223
4559,0.001875,172.31.40.0-255,66,176871,62,212223
4560,0.00228,74.125.200.0-255,1484,178355,62,212223
4561,0.002293,74.125.200.0-255,1484,179839,62,212223
4562,0.002298,172.31.40.0-255,66,179905,62,212223
4563,0.004137,74.125.200.0-255,2902,182807,62,212223
4564,0.004144,172.31.40.0-255,66,182873,62,212223
4565,0.004571,74.125.200.0-255,2902,185775,62,212223
4566,0.006414,74.125.200.0-255,2902,188677,62,212223
4567,0.008232,172.31.40.0-255,66,188743,62,212223
4568,0.010519,74.125.200.0-255,5738,194481,62,212223
4569,0.010527,172.31.40.0-255,66,194547,62,212223
4570,0.012802,74.125.200.0-255,5738,200285,62,212223
4571,0.013536,172.31.40.0-255,66,200351,62,212223
4572,0.015805,74.125.200.0-255,2902,203253,62,212223
4573,0.015812,172.31.40.0-255,66,203319,62,212223
4574,0.015833,74.125.200.0-255,2902,206221,62,212223
4575,0.015857,172.31.40.0-255,66,206287,62,212223
4576,0.018102,74.125.200.0-255,2902,209189,62,212223
4577,0.018111,172.31.40.0-255,66,209255,62,212223
4578,0.018133,74.125.200.0-255,2902,212157,62,212223
4579,0.018257,172.31.40.0-255,66,212223,62,212223
4580,0.0,172.217.194.0-255,146,146,62,245123
4581,1.5e-05,172.31.40.0-255,66,212,62,245123
4582,2.2e-05,172.217.194.0-255,1484,1696,62,245123
4583,2.6e-05,172.31.40.0-255,66,1762,62,245123
4584,5.9e-05,172.217.194.0-255,2902,4664,62,245123
4585,6.2e-05,172.31.40.0-255,66,4730,62,245123
4586,7.5e-05,172.217.194.0-255,7156,11886,62,245123
4587,7.8e-05,172.31.40.0-255,66,11952,62,245123
4588,8.2e-05,172.217.194.0-255,2056,14008,62,245123
4589,8.4e-05,172.31.40.0-255,66,14074,62,245123
4590,0.000189,172.217.194.0-255,1484,15558,62,245123
4591,0.000193,172.31.40.0-255,66,15624,62,245123
4592,0.00023,172.217.194.0-255,1484,17108,62,245123
4593,0.000233,172.31.40.0-255,66,17174,62,245123
4594,0.000253,172.217.194.0-255,1484,18658,62,245123
4595,0.000255,172.31.40.0-255,66,18724,62,245123
4596,0.000262,172.217.194.0-255,5738,24462,62,245123
4597,0.000265,172.31.40.0-255,66,24528,62,245123
4598,0.000272,172.217.194.0-255,6797,31325,62,245123
4599,0.000275,172.31.40.0-255,66,31391,62,245123
4600,0.000278,172.217.194.0-255,1484,32875,62,245123
4601,0.000281,172.31.40.0-255,66,32941,62,245123
4602,0.000319,172.217.194.0-255,5738,38679,62,245123
4603,0.000322,172.31.40.0-255,66,38745,62,245123
4604,0.000334,172.31.40.0-255,66,38811,62,245123
4605,0.00036,172.217.194.0-255,5738,44549,62,245123
4606,0.000363,172.31.40.0-255,66,44615,62,245123
4607,0.00037,172.217.194.0-255,5738,50353,62,245123
4608,0.000372,172.31.40.0-255,66,50419,62,245123
4609,0.000401,172.217.194.0-255,1484,51903,62,245123
4610,0.000404,172.31.40.0-255,66,51969,62,245123
4611,0.00041,172.217.194.0-255,4272,56241,62,245123
4612,0.000412,172.31.40.0-255,66,56307,62,245123
4613,0.000672,172.217.194.0-255,365,56672,62,245123
4614,0.000889,172.217.194.0-255,1484,58156,62,245123
4615,0.000892,172.31.40.0-255,66,58222,62,245123
4616,0.000898,172.217.194.0-255,2902,61124,62,245123
4617,0.0009,172.31.40.0-255,66,61190,62,245123
4618,0.000902,172.217.194.0-255,1484,62674,62,245123
4619,0.000929,172.217.194.0-255,2902,65576,62,245123
4620,0.000931,172.31.40.0-255,66,65642,62,245123
4621,0.000937,172.217.194.0-255,5738,71380,62,245123
4622,0.000942,172.31.40.0-255,66,71446,62,245123
4623,0.000965,172.217.194.0-255,2902,74348,62,245123
4624,0.000967,172.31.40.0-255,66,74414,62,245123
4625,0.000978,172.31.40.0-255,66,74480,62,245123
4626,0.001005,172.217.194.0-255,6438,80918,62,245123
4627,0.001008,172.31.40.0-255,66,80984,62,245123
4628,0.001046,172.217.194.0-255,1484,82468,62,245123
4629,0.001049,172.217.194.0-255,1484,83952,62,245123
4630,0.001052,172.31.40.0-255,66,84018,62,245123
4631,0.001072,172.217.194.0-255,1484,85502,62,245123
4632,0.001078,172.217.194.0-255,5738,91240,62,245123
4633,0.00108,172.31.40.0-255,66,91306,62,245123
4634,0.001106,172.217.194.0-255,4320,95626,62,245123
4635,0.001109,172.31.40.0-255,66,95692,62,245123
4636,0.001133,172.31.40.0-255,66,95758,62,245123
4637,0.001148,172.31.40.0-255,66,95824,62,245123
4638,0.001524,172.217.194.0-255,1484,97308,62,245123
4639,0.001531,172.217.194.0-255,2902,100210,62,245123
4640,0.001533,172.31.40.0-255,66,100276,62,245123
4641,0.001565,172.217.194.0-255,5738,106014,62,245123
4642,0.001568,172.31.40.0-255,66,106080,62,245123
4643,0.001571,172.217.194.0-255,1484,107564,62,245123
4644,0.00161,172.31.40.0-255,66,107630,62,245123
4645,0.001641,172.31.40.0-255,66,107696,62,245123
4646,0.001651,172.217.194.0-255,766,108462,62,245123
4647,0.001685,172.217.194.0-255,1484,109946,62,245123
4648,0.001687,172.31.40.0-255,66,110012,62,245123
4649,0.001692,172.217.194.0-255,2902,112914,62,245123
4650,0.001693,172.31.40.0-255,66,112980,62,245123
4651,0.001709,172.217.194.0-255,2902,115882,62,245123
4652,0.001712,172.31.40.0-255,66,115948,62,245123
4653,0.001743,172.217.194.0-255,2902,118850,62,245123
4654,0.001749,172.217.194.0-255,5738,124588,62,245123
4655,0.001753,172.217.194.0-255,4320,128908,62,245123
4656,0.001758,172.31.40.0-255,66,128974,62,245123
4657,0.00176,172.31.40.0-255,66,129040,62,245123
4658,0.001763,172.31.40.0-255,66,129106,62,245123
4659,0.001791,172.31.40.0-255,66,129172,62,245123
4660,0.001797,172.217.194.0-255,5020,134192,62,245123
4661,0.001798,172.31.40.0-255,66,134258,62,245123
4662,0.00197,172.217.194.0-255,1484,135742,62,245123
4663,0.001975,172.217.194.0-255,2902,138644,62,245123
4664,0.001978,172.31.40.0-255,66,138710,62,245123
4665,0.002006,172.217.194.0-255,5738,144448,62,245123
4666,0.002008,172.31.40.0-255,66,144514,62,245123
4667,0.002011,172.217.194.0-255,1484,145998,62,245123
4668,0.002048,172.31.40.0-255,66,146064,62,245123
4669,0.002059,172.31.40.0-255,66,146130,62,245123
4670,0.00208,172.217.194.0-255,766,146896,62,245123
4671,0.002265,172.217.194.0-255,1484,148380,62,245123
4672,0.002268,172.31.40.0-255,66,148446,62,245123
4673,0.002273,172.217.194.0-255,2902,151348,62,245123
4674,0.002275,172.31.40.0-255,66,151414,62,245123
4675,0.002278,172.217.194.0-255,1484,152898,62,245123
4676,0.002299,172.217.194.0-255,4320,157218,62,245123
4677,0.002301,172.31.40.0-255,66,157284,62,245123
4678,0.002319,172.217.194.0-255,1484,158768,62,245123
4679,0.002336,172.217.194.0-255,5738,164506,62,245123
4680,0.002338,172.31.40.0-255,66,164572,62,245123
4681,0.002365,172.217.194.0-255,5738,170310,62,245123
4682,0.002368,172.31.40.0-255,66,170376,62,245123
4683,0.002379,172.31.40.0-255,66,170442,62,245123
4684,0.002401,172.217.194.0-255,1484,171926,62,245123
4685,0.002405,172.217.194.0-255,2902,174828,62,245123
4686,0.002407,172.31.40.0-255,66,174894,62,245123
4687,0.002441,172.217.194.0-255,5738,180632,62,245123
4688,0.002444,172.31.40.0-255,66,180698,62,245123
4689,0.00245,172.217.194.0-255,7156,187854,62,245123
4690,0.002452,172.31.40.0-255,66,187920,62,245123
4691,0.002454,172.217.194.0-255,1484,189404,62,245123
4692,0.002483,172.31.40.0-255,66,189470,62,245123
4693,0.002509,172.217.194.0-255,2902,192372,62,245123
4694,0.002511,172.31.40.0-255,66,192438,62,245123
4695,0.002521,172.31.40.0-255,66,192504,62,245123
4696,0.002524,172.217.194.0-255,1484,193988,62,245123
4697,0.002543,172.217.194.0-255,1484,195472,62,245123
4698,0.002545,172.31.40.0-255,66,195538,62,245123
4699,0.002593,172.31.40.0-255,66,195604,62,245123
4700,0.002595,172.217.194.0-255,766,196370,62,245123
4701,0.002617,172.217.194.0-255,1484,197854,62,245123
4702,0.00262,172.31.40.0-255,66,197920,62,245123
4703,0.002654,172.31.40.0-255,66,197986,62,245123
4704,0.002688,172.217.194.0-255,1484,199470,62,245123
4705,0.0027,172.31.40.0-255,66,199536,62,245123
4706,0.002705,172.217.194.0-255,5020,204556,62,245123
4707,0.002707,172.31.40.0-255,66,204622,62,245123
4708,0.002709,172.217.194.0-255,1484,206106,62,245123
4709,0.002712,172.217.194.0-255,1484,207590,62,245123
4710,0.002714,172.31.40.0-255,66,207656,62,245123
4711,0.002742,172.217.194.0-255,4320,211976,62,245123
4712,0.002747,172.217.194.0-255,2902,214878,62,245123
4713,0.002793,172.217.194.0-255,4320,219198,62,245123
4714,0.002803,172.217.194.0-255,2902,222100,62,245123
4715,0.002805,172.217.194.0-255,1484,223584,62,245123
4716,0.002808,172.217.194.0-255,1484,225068,62,245123
4717,0.00281,172.217.194.0-255,1484,226552,62,245123
4718,0.002815,172.217.194.0-255,5738,232290,62,245123
4719,0.002817,172.217.194.0-255,1484,233774,62,245123
4720,0.002819,172.217.194.0-255,1484,235258,62,245123
4721,0.002825,172.217.194.0-255,5738,240996,62,245123
4722,0.002844,172.217.194.0-255,2184,243180,62,245123
4723,0.002848,172.217.194.0-255,1601,244781,62,245123
4724,0.002886,172.217.194.0-255,105,244886,62,245123
4725,0.007578,172.31.40.0-255,66,244952,62,245123
4726,0.009459,172.31.40.0-255,105,245057,62,245123
4727,0.011869,172.217.194.0-255,66,245123,62,245123
4728,0.0,74.125.24.0-255,146,146,62,204659
4729,3.1e-05,172.31.40.0-255,66,212,62,204659
4730,4e-05,74.125.24.0-255,1484,1696,62,204659
4731,4.5e-05,172.31.40.0-255,66,1762,62,204659
4732,5.9e-05,74.125.24.0-255,2902,4664,62,204659
4733,6.3e-05,172.31.40.0-255,66,4730,62,204659
4734,6.9e-05,74.125.24.0-255,4320,9050,62,204659
4735,7.3e-05,172.31.40.0-255,66,9116,62,204659
4736,8.9e-05,172.31.40.0-255,66,9182,62,204659
4737,0.000103,172.31.40.0-255,66,9248,62,204659
4738,0.000182,74.125.24.0-255,1484,10732,62,204659
4739,0.000185,172.31.40.0-255,66,10798,62,204659
4740,0.000207,74.125.24.0-255,2902,13700,62,204659
4741,0.000209,172.31.40.0-255,66,13766,62,204659
4742,0.000214,74.125.24.0-255,2902,16668,62,204659
4743,0.000217,172.31.40.0-255,66,16734,62,204659
4744,0.000251,74.125.24.0-255,2902,19636,62,204659
4745,0.000253,172.31.40.0-255,66,19702,62,204659
4746,0.000271,172.31.40.0-255,66,19768,62,204659
4747,0.000305,172.31.40.0-255,66,19834,62,204659
4748,0.000343,74.125.24.0-255,5379,25213,62,204659
4749,0.000346,172.31.40.0-255,66,25279,62,204659
4750,0.000775,74.125.24.0-255,399,25678,62,204659
4751,0.000781,172.31.40.0-255,66,25744,62,204659
4752,0.001021,74.125.24.0-255,1484,27228,62,204659
4753,0.001026,172.31.40.0-255,66,27294,62,204659
4754,0.001032,74.125.24.0-255,2902,30196,62,204659
4755,0.001034,172.31.40.0-255,66,30262,62,204659
4756,0.001039,74.125.24.0-255,2902,33164,62,204659
4757,0.001046,172.31.40.0-255,66,33230,62,204659
4758,0.00108,74.125.24.0-255,2902,36132,62,204659
4759,0.001083,172.31.40.0-255,66,36198,62,204659
4760,0.001096,172.31.40.0-255,66,36264,62,204659
4761,0.001113,172.31.40.0-255,66,36330,62,204659
4762,0.001144,74.125.24.0-255,4320,40650,62,204659
4763,0.001147,172.31.40.0-255,66,40716,62,204659
4764,0.001178,74.125.24.0-255,7156,47872,62,204659
4765,0.001185,172.31.40.0-255,66,47938,62,204659
4766,0.001202,172.31.40.0-255,66,48004,62,204659
4767,0.001207,74.125.24.0-255,4320,52324,62,204659
4768,0.00121,172.31.40.0-255,66,52390,62,204659
4769,0.001248,74.125.24.0-255,2461,54851,62,204659
4770,0.001251,172.31.40.0-255,66,54917,62,204659
4771,0.001254,74.125.24.0-255,1484,56401,62,204659
4772,0.001256,172.31.40.0-255,66,56467,62,204659
4773,0.001293,74.125.24.0-255,2902,59369,62,204659
4774,0.001296,172.31.40.0-255,66,59435,62,204659
4775,0.001302,74.125.24.0-255,5738,65173,62,204659
4776,0.001305,172.31.40.0-255,66,65239,62,204659
4777,0.001308,74.125.24.0-255,2902,68141,62,204659
4778,0.001316,172.31.40.0-255,66,68207,62,204659
4779,0.001339,74.125.24.0-255,1484,69691,62,204659
4780,0.00137,74.125.24.0-255,4320,74011,62,204659
4781,0.001387,172.31.40.0-255,66,74077,62,204659
4782,0.001419,74.125.24.0-255,6438,80515,62,204659
4783,0.001436,172.31.40.0-255,66,80581,62,204659
4784,0.001693,74.125.24.0-255,1484,82065,62,204659
4785,0.001706,74.125.24.0-255,1484,83549,62,204659
4786,0.001715,172.31.40.0-255,66,83615,62,204659
4787,0.001719,74.125.24.0-255,1484,85099,62,204659
4788,0.001722,74.125.24.0-255,1484,86583,62,204659
4789,0.001724,172.31.40.0-255,66,86649,62,204659
4790,0.001744,74.125.24.0-255,4320,90969,62,204659
4791,0.001747,172.31.40.0-255,66,91035,62,204659
4792,0.001757,74.125.24.0-255,5738,96773,62,204659
4793,0.001759,172.31.40.0-255,66,96839,62,204659
4794,0.001797,74.125.24.0-255,7156,103995,62,204659
4795,0.0018,172.31.40.0-255,66,104061,62,204659
4796,0.00181,172.31.40.0-255,66,104127,62,204659
4797,0.001841,74.125.24.0-255,7156,111283,62,204659
4798,0.001864,74.125.24.0-255,2902,114185,62,204659
4799,0.001873,172.31.40.0-255,66,114251,62,204659
4800,0.001906,74.125.24.0-255,1484,115735,62,204659
4801,0.001924,172.31.40.0-255,66,115801,62,204659
4802,0.001935,74.125.24.0-255,1484,117285,62,204659
4803,0.001954,74.125.24.0-255,2184,119469,62,204659
4804,0.001963,172.31.40.0-255,66,119535,62,204659
4805,0.002028,74.125.24.0-255,1484,121019,62,204659
4806,0.002032,74.125.24.0-255,1484,122503,62,204659
4807,0.002037,172.31.40.0-255,66,122569,62,204659
4808,0.002066,74.125.24.0-255,1484,124053,62,204659
4809,0.002073,74.125.24.0-255,5738,129791,62,204659
4810,0.002075,74.125.24.0-255,1484,131275,62,204659
4811,0.002083,172.31.40.0-255,66,131341,62,204659
4812,0.00212,74.125.24.0-255,1484,132825,62,204659
4813,0.002124,74.125.24.0-255,2902,135727,62,204659
4814,0.00214,74.125.24.0-255,6438,142165,62,204659
4815,0.002148,172.31.40.0-255,66,142231,62,204659
4816,0.002185,74.125.24.0-255,5738,147969,62,204659
4817,0.002204,74.125.24.0-255,2902,150871,62,204659
4818,0.002207,74.125.24.0-255,1484,152355,62,204659
4819,0.002211,172.31.40.0-255,66,152421,62,204659
4820,0.002222,74.125.24.0-255,2902,155323,62,204659
4821,0.002237,172.31.40.0-255,66,155389,62,204659
4822,0.002249,74.125.24.0-255,5738,161127,62,204659
4823,0.002293,172.31.40.0-255,66,161193,62,204659
4824,0.002313,74.125.24.0-255,6438,167631,62,204659
4825,0.002327,74.125.24.0-255,1484,169115,62,204659
4826,0.002335,172.31.40.0-255,66,169181,62,204659
4827,0.002372,74.125.24.0-255,766,169947,62,204659
4828,0.002374,74.125.24.0-255,1484,171431,62,204659
4829,0.002379,74.125.24.0-255,4320,175751,62,204659
4830,0.002382,74.125.24.0-255,2902,178653,62,204659
4831,0.002391,172.31.40.0-255,66,178719,62,204659
4832,0.00241,74.125.24.0-255,7156,185875,62,204659
4833,0.002432,172.31.40.0-255,66,185941,62,204659
4834,0.002455,74.125.24.0-255,1484,187425,62,204659
4835,0.002469,74.125.24.0-255,4320,191745,62,204659
4836,0.00248,172.31.40.0-255,66,191811,62,204659
4837,0.00249,74.125.24.0-255,3602,195413,62,204659
4838,0.002506,172.31.40.0-255,66,195479,62,204659
4839,0.002513,74.125.24.0-255,1484,196963,62,204659
4840,0.002538,74.125.24.0-255,1484,198447,62,204659
4841,0.002552,172.31.40.0-255,66,198513,62,204659
4842,0.00258,74.125.24.0-255,5738,204251,62,204659
4843,0.002585,172.31.40.0-255,66,204317,62,204659
4844,0.00262,74.125.24.0-255,105,204422,62,204659
4845,0.002627,172.31.40.0-255,66,204488,62,204659
4846,0.012627,172.31.40.0-255,105,204593,62,204659
4847,0.015297,74.125.24.0-255,66,204659,62,204659
4848,0.0,172.217.194.0-255,153,153,62,177281
4849,2.5e-05,172.31.40.0-255,66,219,62,177281
4850,3.3e-05,172.217.194.0-255,1484,1703,62,177281
4851,3.7e-05,172.31.40.0-255,66,1769,62,177281
4852,4.3e-05,172.217.194.0-255,2902,4671,62,177281
4853,4.7e-05,172.31.40.0-255,66,4737,62,177281
4854,5.5e-05,172.217.194.0-255,7156,11893,62,177281
4855,5.8e-05,172.31.40.0-255,66,11959,62,177281
4856,6.2e-05,172.217.194.0-255,2064,14023,62,177281
4857,6.5e-05,172.31.40.0-255,66,14089,62,177281
4858,0.000218,172.217.194.0-255,1484,15573,62,177281
4859,0.000223,172.31.40.0-255,66,15639,62,177281
4860,0.000229,172.217.194.0-255,2902,18541,62,177281
4861,0.000232,172.31.40.0-255,66,18607,62,177281
4862,0.000236,172.217.194.0-255,2902,21509,62,177281
4863,0.000238,172.31.40.0-255,66,21575,62,177281
4864,0.000264,172.217.194.0-255,2902,24477,62,177281
4865,0.000266,172.31.40.0-255,66,24543,62,177281
4866,0.000273,172.217.194.0-255,6797,31340,62,177281
4867,0.000275,172.31.40.0-255,66,31406,62,177281
4868,0.000582,172.217.194.0-255,1484,32890,62,177281
4869,0.000587,172.31.40.0-255,66,32956,62,177281
4870,0.000591,172.217.194.0-255,2902,35858,62,177281
4871,0.000593,172.31.40.0-255,66,35924,62,177281
4872,0.000609,172.217.194.0-255,5738,41662,62,177281
4873,0.000611,172.31.40.0-255,66,41728,62,177281
4874,0.000656,172.217.194.0-255,2902,44630,62,177281
4875,0.000659,172.31.40.0-255,66,44696,62,177281
4876,0.000676,172.217.194.0-255,3961,48657,62,177281
4877,0.000678,172.31.40.0-255,66,48723,62,177281
4878,0.001027,172.217.194.0-255,1484,50207,62,177281
4879,0.001033,172.31.40.0-255,66,50273,62,177281
4880,0.001042,172.217.194.0-255,2902,53175,62,177281
4881,0.001045,172.31.40.0-255,66,53241,62,177281
4882,0.001052,172.217.194.0-255,5738,58979,62,177281
4883,0.001053,172.31.40.0-255,66,59045,62,177281
4884,0.001059,172.217.194.0-255,4320,63365,62,177281
4885,0.001061,172.31.40.0-255,66,63431,62,177281
4886,0.001088,172.217.194.0-255,2543,65974,62,177281
4887,0.00109,172.31.40.0-255,66,66040,62,177281
4888,0.001093,172.217.194.0-255,645,66685,62,177281
4889,0.001284,172.217.194.0-255,1484,68169,62,177281
4890,0.00129,172.31.40.0-255,66,68235,62,177281
4891,0.001296,172.217.194.0-255,2902,71137,62,177281
4892,0.001298,172.31.40.0-255,66,71203,62,177281
4893,0.001305,172.217.194.0-255,5738,76941,62,177281
4894,0.001307,172.31.40.0-255,66,77007,62,177281
4895,0.001319,172.31.40.0-255,66,77073,62,177281
4896,0.001343,172.217.194.0-255,4320,81393,62,177281
4897,0.001346,172.31.40.0-255,66,81459,62,177281
4898,0.001354,172.217.194.0-255,7156,88615,62,177281
4899,0.001356,172.31.40.0-255,66,88681,62,177281
4900,0.001409,172.217.194.0-255,1484,90165,62,177281
4901,0.001423,172.217.194.0-255,2184,92349,62,177281
4902,0.001426,172.31.40.0-255,66,92415,62,177281
4903,0.001776,172.217.194.0-255,1484,93899,62,177281
4904,0.001789,172.217.194.0-255,2902,96801,62,177281
4905,0.001793,172.31.40.0-255,66,96867,62,177281
4906,0.001797,172.217.194.0-255,1484,98351,62,177281
4907,0.001815,172.217.194.0-255,4320,102671,62,177281
4908,0.001817,172.31.40.0-255,66,102737,62,177281
4909,0.001848,172.31.40.0-255,66,102803,62,177281
4910,0.001854,172.217.194.0-255,5738,108541,62,177281
4911,0.001856,172.31.40.0-255,66,108607,62,177281
4912,0.001867,172.217.194.0-255,1484,110091,62,177281
4913,0.001881,172.217.194.0-255,2902,112993,62,177281
4914,0.001883,172.31.40.0-255,66,113059,62,177281
4915,0.0019,172.217.194.0-255,766,113825,62,177281
4916,0.001976,172.217.194.0-255,1484,115309,62,177281
4917,0.001978,172.31.40.0-255,66,115375,62,177281
4918,0.002019,172.217.194.0-255,2902,118277,62,177281
4919,0.002021,172.31.40.0-255,66,118343,62,177281
4920,0.002023,172.217.194.0-255,1484,119827,62,177281
4921,0.002044,172.217.194.0-255,4320,124147,62,177281
4922,0.002046,172.31.40.0-255,66,124213,62,177281
4923,0.002051,172.217.194.0-255,5738,129951,62,177281
4924,0.002053,172.31.40.0-255,66,130017,62,177281
4925,0.002056,172.217.194.0-255,1484,131501,62,177281
4926,0.002091,172.31.40.0-255,66,131567,62,177281
4927,0.002097,172.217.194.0-255,5020,136587,62,177281
4928,0.002099,172.31.40.0-255,66,136653,62,177281
4929,0.004409,172.217.194.0-255,5738,142391,62,177281
4930,0.004413,172.31.40.0-255,66,142457,62,177281
4931,0.006695,172.217.194.0-255,5738,148195,62,177281
4932,0.006702,172.31.40.0-255,66,148261,62,177281
4933,0.008972,172.217.194.0-255,5738,153999,62,177281
4934,0.008979,172.31.40.0-255,66,154065,62,177281
4935,0.011242,172.217.194.0-255,5738,159803,62,177281
4936,0.011249,172.31.40.0-255,66,159869,62,177281
4937,0.013542,172.217.194.0-255,5738,165607,62,177281
4938,0.013552,172.31.40.0-255,66,165673,62,177281
4939,0.015823,172.217.194.0-255,5738,171411,62,177281
4940,0.015829,172.31.40.0-255,66,171477,62,177281
4941,0.018119,172.217.194.0-255,5738,177215,62,177281
4942,0.018126,172.31.40.0-255,66,177281,62,177281
4943,0.0,74.125.130.0-255,152,152,62,350545
4944,1.6e-05,172.31.40.0-255,66,218,62,350545
4945,5.4e-05,74.125.130.0-255,1484,1702,62,350545
4946,5.8e-05,172.31.40.0-255,66,1768,62,350545
4947,6.5e-05,74.125.130.0-255,2902,4670,62,350545
4948,6.7e-05,172.31.40.0-255,66,4736,62,350545
4949,0.00011,74.125.130.0-255,1484,6220,62,350545
4950,0.000113,172.31.40.0-255,66,6286,62,350545
4951,0.000132,74.125.130.0-255,2902,9188,62,350545
4952,0.000135,172.31.40.0-255,66,9254,62,350545
4953,0.00015,74.125.130.0-255,2902,12156,62,350545
4954,0.000157,172.31.40.0-255,66,12222,62,350545
4955,0.000195,74.125.130.0-255,2036,14258,62,350545
4956,0.000204,172.31.40.0-255,66,14324,62,350545
4957,0.000224,74.125.130.0-255,2902,17226,62,350545
4958,0.000227,172.31.40.0-255,66,17292,62,350545
4959,0.000251,74.125.130.0-255,1484,18776,62,350545
4960,0.000253,172.31.40.0-255,66,18842,62,350545
4961,0.000301,74.125.130.0-255,1484,20326,62,350545
4962,0.000304,172.31.40.0-255,66,20392,62,350545
4963,0.000326,74.125.130.0-255,2902,23294,62,350545
4964,0.000329,172.31.40.0-255,66,23360,62,350545
4965,0.000357,74.125.130.0-255,4320,27680,62,350545
4966,0.00036,172.31.40.0-255,66,27746,62,350545
4967,0.000389,74.125.130.0-255,5738,33484,62,350545
4968,0.000392,172.31.40.0-255,66,33550,62,350545
4969,0.000415,74.125.130.0-255,1484,35034,62,350545
4970,0.000418,172.31.40.0-255,66,35100,62,350545
4971,0.000446,74.125.130.0-255,2902,38002,62,350545
4972,0.000449,172.31.40.0-255,66,38068,62,350545
4973,0.000455,74.125.130.0-255,4320,42388,62,350545
4974,0.000457,172.31.40.0-255,66,42454,62,350545
4975,0.000489,74.125.130.0-255,5738,48192,62,350545
4976,0.000491,172.31.40.0-255,66,48258,62,350545
4977,0.000494,74.125.130.0-255,766,49024,62,350545
4978,0.000656,74.125.130.0-255,1484,50508,62,350545
4979,0.00066,172.31.40.0-255,66,50574,62,350545
4980,0.000666,74.125.130.0-255,2902,53476,62,350545
4981,0.000669,172.31.40.0-255,66,53542,62,350545
4982,0.000698,74.125.130.0-255,5738,59280,62,350545
4983,0.000701,172.31.40.0-255,66,59346,62,350545
4984,0.000705,74.125.130.0-255,2902,62248,62,350545
4985,0.000707,172.31.40.0-255,66,62314,62,350545
4986,0.000727,74.125.130.0-255,1484,63798,62,350545
4987,0.000753,74.125.130.0-255,2851,66649,62,350545
4988,0.000756,74.125.130.0-255,365,67014,62,350545
4989,0.00076,172.31.40.0-255,66,67080,62,350545
4990,0.000869,74.125.130.0-255,1484,68564,62,350545
4991,0.000872,172.31.40.0-255,66,68630,62,350545
4992,0.000901,74.125.130.0-255,2902,71532,62,350545
4993,0.000905,172.31.40.0-255,66,71598,62,350545
4994,0.000909,74.125.130.0-255,2902,74500,62,350545
4995,0.000912,172.31.40.0-255,66,74566,62,350545
4996,0.000956,74.125.130.0-255,4320,78886,62,350545
4997,0.00096,172.31.40.0-255,66,78952,62,350545
4998,0.000963,74.125.130.0-255,1484,80436,62,350545
4999,0.000994,74.125.130.0-255,2902,83338,62,350545
5000,0.000997,172.31.40.0-255,66,83404,62,350545
5001,0.001003,74.125.130.0-255,4320,87724,62,350545
5002,0.001005,172.31.40.0-255,66,87790,62,350545
5003,0.001021,74.125.130.0-255,1484,89274,62,350545
5004,0.001036,172.31.40.0-255,66,89340,62,350545
5005,0.001066,74.125.130.0-255,3602,92942,62,350545
5006,0.001071,172.31.40.0-255,66,93008,62,350545
5007,0.00123,74.125.130.0-255,1484,94492,62,350545
5008,0.001254,74.125.130.0-255,2902,97394,62,350545
5009,0.001258,172.31.40.0-255,66,97460,62,350545
5010,0.001263,74.125.130.0-255,1484,98944,62,350545
5011,0.001298,74.125.130.0-255,2902,101846,62,350545
5012,0.001301,172.31.40.0-255,66,101912,62,350545
5013,0.001312,172.31.40.0-255,66,101978,62,350545
5014,0.001326,74.125.130.0-255,7156,109134,62,350545
5015,0.001329,172.31.40.0-255,66,109200,62,350545
5016,0.001341,172.31.40.0-255,66,109266,62,350545
5017,0.001343,74.125.130.0-255,766,110032,62,350545
5018,0.001522,74.125.130.0-255,1484,111516,62,350545
5019,0.001527,172.31.40.0-255,66,111582,62,350545
5020,0.001546,74.125.130.0-255,2902,114484,62,350545
5021,0.001548,172.31.40.0-255,66,114550,62,350545
5022,0.001578,74.125.130.0-255,5738,120288,62,350545
5023,0.001582,172.31.40.0-255,66,120354,62,350545
5024,0.001605,74.125.130.0-255,1484,121838,62,350545
5025,0.001635,74.125.130.0-255,5738,127576,62,350545
5026,0.001638,172.31.40.0-255,66,127642,62,350545
5027,0.001644,74.125.130.0-255,5738,133380,62,350545
5028,0.001646,172.31.40.0-255,66,133446,62,350545
5029,0.001658,74.125.130.0-255,7156,140602,62,350545
5030,0.001661,172.31.40.0-255,66,140668,62,350545
5031,0.001666,74.125.130.0-255,3602,144270,62,350545
5032,0.001669,172.31.40.0-255,66,144336,62,350545
5033,0.002159,74.125.130.0-255,1484,145820,62,350545
5034,0.002174,74.125.130.0-255,2902,148722,62,350545
5035,0.002178,172.31.40.0-255,66,148788,62,350545
5036,0.00221,74.125.130.0-255,5738,154526,62,350545
5037,0.002213,172.31.40.0-255,66,154592,62,350545
5038,0.002218,74.125.130.0-255,4320,158912,62,350545
5039,0.00222,172.31.40.0-255,66,158978,62,350545
5040,0.002252,74.125.130.0-255,5738,164716,62,350545
5041,0.002255,172.31.40.0-255,66,164782,62,350545
5042,0.002289,172.31.40.0-255,66,164848,62,350545
5043,0.002334,74.125.130.0-255,2184,167032,62,350545
5044,0.002337,172.31.40.0-255,66,167098,62,350545
5045,0.002643,74.125.130.0-255,1484,168582,62,350545
5046,0.002668,74.125.130.0-255,1484,170066,62,350545
5047,0.002671,172.31.40.0-255,66,170132,62,350545
5048,0.002699,74.125.130.0-255,1484,171616,62,350545
5049,0.002706,74.125.130.0-255,4320,175936,62,350545
5050,0.002708,172.31.40.0-255,66,176002,62,350545
5051,0.002713,74.125.130.0-255,2902,178904,62,350545
5052,0.002715,172.31.40.0-255,66,178970,62,350545
5053,0.002719,74.125.130.0-255,1484,180454,62,350545
5054,0.002752,74.125.130.0-255,1484,181938,62,350545
5055,0.002755,172.31.40.0-255,66,182004,62,350545
5056,0.002785,74.125.130.0-255,4320,186324,62,350545
5057,0.002787,172.31.40.0-255,66,186390,62,350545
5058,0.002806,74.125.130.0-255,1484,187874,62,350545
5059,0.002809,74.125.130.0-255,1484,189358,62,350545
5060,0.002811,172.31.40.0-255,66,189424,62,350545
5061,0.002814,74.125.130.0-255,1484,190908,62,350545
5062,0.002838,74.125.130.0-255,1484,192392,62,350545
5063,0.00284,172.31.40.0-255,66,192458,62,350545
5064,0.002845,74.125.130.0-255,2902,195360,62,350545
5065,0.002847,172.31.40.0-255,66,195426,62,350545
5066,0.002872,74.125.130.0-255,2902,198328,62,350545
5067,0.002874,172.31.40.0-255,66,198394,62,350545
5068,0.002895,74.125.130.0-255,2902,201296,62,350545
5069,0.002897,172.31.40.0-255,66,201362,62,350545
5070,0.002919,74.125.130.0-255,766,202128,62,350545
5071,0.002971,74.125.130.0-255,1484,203612,62,350545
5072,0.002974,172.31.40.0-255,66,203678,62,350545
5073,0.003021,74.125.130.0-255,1484,205162,62,350545
5074,0.003037,74.125.130.0-255,1484,206646,62,350545
5075,0.00304,172.31.40.0-255,66,206712,62,350545
5076,0.003065,74.125.130.0-255,1484,208196,62,350545
5077,0.003081,74.125.130.0-255,1484,209680,62,350545
5078,0.003083,172.31.40.0-255,66,209746,62,350545
5079,0.003115,74.125.130.0-255,2902,212648,62,350545
5080,0.003117,172.31.40.0-255,66,212714,62,350545
5081,0.003123,74.125.130.0-255,2902,215616,62,350545
5082,0.003125,172.31.40.0-255,66,215682,62,350545
5083,0.003152,74.125.130.0-255,2902,218584,62,350545
5084,0.003154,172.31.40.0-255,66,218650,62,350545
5085,0.003159,74.125.130.0-255,2902,221552,62,350545
5086,0.003161,172.31.40.0-255,66,221618,62,350545
5087,0.003164,74.125.130.0-255,1484,223102,62,350545
5088,0.003168,74.125.130.0-255,2902,226004,62,350545
5089,0.00317,172.31.40.0-255,66,226070,62,350545
5090,0.003177,74.125.130.0-255,5738,231808,62,350545
5091,0.003179,172.31.40.0-255,66,231874,62,350545
5092,0.003211,74.125.130.0-255,5020,236894,62,350545
5093,0.003213,172.31.40.0-255,66,236960,62,350545
5094,0.003218,74.125.130.0-255,2902,239862,62,350545
5095,0.00322,172.31.40.0-255,66,239928,62,350545
5096,0.003268,74.125.130.0-255,2902,242830,62,350545
5097,0.003271,172.31.40.0-255,66,242896,62,350545
5098,0.003278,74.125.130.0-255,4320,247216,62,350545
5099,0.003281,172.31.40.0-255,66,247282,62,350545
5100,0.003287,74.125.130.0-255,5738,253020,62,350545
5101,0.003289,172.31.40.0-255,66,253086,62,350545
5102,0.003292,74.125.130.0-255,1484,254570,62,350545
5103,0.003295,74.125.130.0-255,1484,256054,62,350545
5104,0.003297,172.31.40.0-255,66,256120,62,350545
5105,0.003303,74.125.130.0-255,4320,260440,62,350545
5106,0.003305,172.31.40.0-255,66,260506,62,350545
5107,0.003312,74.125.130.0-255,5738,266244,62,350545
5108,0.003314,172.31.40.0-255,66,266310,62,350545
5109,0.003343,74.125.130.0-255,5020,271330,62,350545
5110,0.003347,172.31.40.0-255,66,271396,62,350545
5111,0.003367,74.125.130.0-255,1484,272880,62,350545
5112,0.003392,74.125.130.0-255,4320,277200,62,350545
5113,0.003394,172.31.40.0-255,66,277266,62,350545
5114,0.003399,74.125.130.0-255,2902,280168,62,350545
5115,0.003401,172.31.40.0-255,66,280234,62,350545
5116,0.003404,74.125.130.0-255,1484,281718,62,350545
5117,0.003408,74.125.130.0-255,2902,284620,62,350545
5118,0.003411,172.31.40.0-255,66,284686,62,350545
5119,0.003438,74.125.130.0-255,4320,289006,62,350545
5120,0.003441,172.31.40.0-255,66,289072,62,350545
5121,0.003482,74.125.130.0-255,2902,291974,62,350545
5122,0.003484,172.31.40.0-255,66,292040,62,350545
5123,0.003489,74.125.130.0-255,2902,294942,62,350545
5124,0.003492,172.31.40.0-255,66,295008,62,350545
5125,0.003523,74.125.130.0-255,1484,296492,62,350545
5126,0.003534,172.31.40.0-255,66,296558,62,350545
5127,0.003536,74.125.130.0-255,766,297324,62,350545
5128,0.003539,74.125.130.0-255,1484,298808,62,350545
5129,0.003541,172.31.40.0-255,66,298874,62,350545
5130,0.003546,74.125.130.0-255,2902,301776,62,350545
5131,0.003548,172.31.40.0-255,66,301842,62,350545
5132,0.003569,74.125.130.0-255,1484,303326,62,350545
5133,0.003572,74.125.130.0-255,1484,304810,62,350545
5134,0.003575,172.31.40.0-255,66,304876,62,350545
5135,0.003579,74.125.130.0-255,2902,307778,62,350545
5136,0.003581,172.31.40.0-255,66,307844,62,350545
5137,0.003587,74.125.130.0-255,5738,313582,62,350545
5138,0.003589,172.31.40.0-255,66,313648,62,350545
5139,0.003647,172.31.40.0-255,66,313714,62,350545
5140,0.003658,172.31.40.0-255,66,313780,62,350545
5141,0.003663,74.125.130.0-255,5738,319518,62,350545
5142,0.003665,172.31.40.0-255,66,319584,62,350545
5143,0.003692,74.125.130.0-255,5738,325322,62,350545
5144,0.003695,172.31.40.0-255,66,325388,62,350545
5145,0.003724,74.125.130.0-255,1484,326872,62,350545
5146,0.003729,74.125.130.0-255,2902,329774,62,350545
5147,0.003732,172.31.40.0-255,66,329840,62,350545
5148,0.003735,74.125.130.0-255,1484,331324,62,350545
5149,0.003739,74.125.130.0-255,2902,334226,62,350545
5150,0.003741,172.31.40.0-255,66,334292,62,350545
5151,0.003771,74.125.130.0-255,5738,340030,62,350545
5152,0.003773,172.31.40.0-255,66,340096,62,350545
5153,0.003802,74.125.130.0-255,5738,345834,62,350545
5154,0.003804,172.31.40.0-255,66,345900,62,350545
5155,0.003832,74.125.130.0-255,2184,348084,62,350545
5156,0.003835,172.31.40.0-255,66,348150,62,350545
5157,0.003839,74.125.130.0-255,1987,350137,62,350545
5158,0.003841,172.31.40.0-255,66,350203,62,350545
5159,0.003891,74.125.130.0-255,105,350308,62,350545
5160,0.009216,172.31.40.0-255,66,350374,62,350545
5161,0.009254,172.31.40.0-255,105,350479,62,350545
5162,0.011573,74.125.130.0-255,66,350545,62,350545
5163,0.0,74.125.200.0-255,297,297,62,126061
5164,2.3e-05,172.31.40.0-255,66,363,62,126061
5165,3.1e-05,74.125.200.0-255,1484,1847,62,126061
5166,3.5e-05,172.31.40.0-255,66,1913,62,126061
5167,4.1e-05,74.125.200.0-255,4320,6233,62,126061
5168,5e-05,172.31.40.0-255,66,6299,62,126061
5169,5.7e-05,74.125.200.0-255,2902,9201,62,126061
5170,6.1e-05,172.31.40.0-255,66,9267,62,126061
5171,6.7e-05,74.125.200.0-255,4320,13587,62,126061
5172,6.9e-05,172.31.40.0-255,66,13653,62,126061
5173,9.4e-05,74.125.200.0-255,7156,20809,62,126061
5174,0.000102,172.31.40.0-255,66,20875,62,126061
5175,0.000119,74.125.200.0-255,1865,22740,62,126061
5176,0.000121,172.31.40.0-255,66,22806,62,126061
5177,0.000127,74.125.200.0-255,4320,27126,62,126061
5178,0.000129,172.31.40.0-255,66,27192,62,126061
5179,0.000157,74.125.200.0-255,3961,31153,62,126061
5180,0.00016,172.31.40.0-255,66,31219,62,126061
5181,0.000244,74.125.200.0-255,1484,32703,62,126061
5182,0.000248,172.31.40.0-255,66,32769,62,126061
5183,0.000253,74.125.200.0-255,2902,35671,62,126061
5184,0.000255,172.31.40.0-255,66,35737,62,126061
5185,0.000275,74.125.200.0-255,5738,41475,62,126061
5186,0.000277,172.31.40.0-255,66,41541,62,126061
5187,0.000318,172.31.40.0-255,66,41607,62,126061
5188,0.000347,74.125.200.0-255,1484,43091,62,126061
5189,0.00035,172.31.40.0-255,66,43157,62,126061
5190,0.000386,172.31.40.0-255,66,43223,62,126061
5191,0.000391,74.125.200.0-255,5020,48243,62,126061
5192,0.000394,172.31.40.0-255,66,48309,62,126061
5193,0.000396,74.125.200.0-255,399,48708,62,126061
5194,0.000429,74.125.200.0-255,343,49051,62,126061
5195,0.000501,74.125.200.0-255,1484,50535,62,126061
5196,0.000505,172.31.40.0-255,66,50601,62,126061
5197,0.00051,74.125.200.0-255,2902,53503,62,126061
5198,0.000512,172.31.40.0-255,66,53569,62,126061
5199,0.000547,74.125.200.0-255,5738,59307,62,126061
5200,0.000551,172.31.40.0-255,66,59373,62,126061
5201,0.000556,74.125.200.0-255,4320,63693,62,126061
5202,0.000559,172.31.40.0-255,66,63759,62,126061
5203,0.000591,74.125.200.0-255,4320,68079,62,126061
5204,0.000593,172.31.40.0-255,66,68145,62,126061
5205,0.000607,172.31.40.0-255,66,68211,62,126061
5206,0.000613,74.125.200.0-255,5020,73231,62,126061
5207,0.000618,172.31.40.0-255,66,73297,62,126061
5208,0.003499,74.125.200.0-255,1484,74781,62,126061
5209,0.003509,74.125.200.0-255,1484,76265,62,126061
5210,0.003514,172.31.40.0-255,66,76331,62,126061
5211,0.003542,74.125.200.0-255,1484,77815,62,126061
5212,0.003545,74.125.200.0-255,1484,79299,62,126061
5213,0.003547,172.31.40.0-255,66,79365,62,126061
5214,0.005531,74.125.200.0-255,2902,82267,62,126061
5215,0.005535,172.31.40.0-255,66,82333,62,126061
5216,0.00556,74.125.200.0-255,2902,85235,62,126061
5217,0.005562,172.31.40.0-255,66,85301,62,126061
5218,0.007541,74.125.200.0-255,2902,88203,62,126061
5219,0.007548,172.31.40.0-255,66,88269,62,126061
5220,0.007562,74.125.200.0-255,2902,91171,62,126061
5221,0.007567,172.31.40.0-255,66,91237,62,126061
5222,0.009577,74.125.200.0-255,5738,96975,62,126061
5223,0.009585,172.31.40.0-255,66,97041,62,126061
5224,0.011609,74.125.200.0-255,5738,102779,62,126061
5225,0.011635,172.31.40.0-255,66,102845,62,126061
5226,0.013663,74.125.200.0-255,5738,108583,62,126061
5227,0.01367,172.31.40.0-255,66,108649,62,126061
5228,0.015694,74.125.200.0-255,5738,114387,62,126061
5229,0.015705,172.31.40.0-255,66,114453,62,126061
5230,0.017733,74.125.200.0-255,5738,120191,62,126061
5231,0.017741,172.31.40.0-255,66,120257,62,126061
5232,0.019765,74.125.200.0-255,5738,125995,62,126061
5233,0.019774,172.31.40.0-255,66,126061,62,126061
5234,0.0,74.125.24.0-255,154,154,62,232232
5235,2e-05,172.31.40.0-255,66,220,62,232232
5236,2.7e-05,74.125.24.0-255,1484,1704,62,232232
5237,3.1e-05,172.31.40.0-255,66,1770,62,232232
5238,4.6e-05,74.125.24.0-255,2902,4672,62,232232
5239,4.9e-05,172.31.40.0-255,66,4738,62,232232
5240,5.7e-05,74.125.24.0-255,7156,11894,62,232232
5241,6e-05,172.31.40.0-255,66,11960,62,232232
5242,6.3e-05,74.125.24.0-255,2063,14023,62,232232
5243,6.7e-05,172.31.40.0-255,66,14089,62,232232
5244,0.000108,172.31.40.0-255,66,14155,62,232232
5245,0.000114,74.125.24.0-255,5379,19534,62,232232
5246,0.000117,172.31.40.0-255,66,19600,62,232232
5247,0.000281,74.125.24.0-255,1484,21084,62,232232
5248,0.000285,172.31.40.0-255,66,21150,62,232232
5249,0.000291,74.125.24.0-255,2902,24052,62,232232
5250,0.000293,172.31.40.0-255,66,24118,62,232232
5251,0.000316,74.125.24.0-255,1484,25602,62,232232
5252,0.000318,172.31.40.0-255,66,25668,62,232232
5253,0.000339,74.125.24.0-255,4320,29988,62,232232
5254,0.000342,172.31.40.0-255,66,30054,62,232232
5255,0.00035,74.125.24.0-255,7156,37210,62,232232
5256,0.000352,172.31.40.0-255,66,37276,62,232232
5257,0.000393,172.31.40.0-255,66,37342,62,232232
5258,0.000416,74.125.24.0-255,6771,44113,62,232232
5259,0.000418,172.31.40.0-255,66,44179,62,232232
5260,0.000485,74.125.24.0-255,344,44523,62,232232
5261,0.000487,172.31.40.0-255,66,44589,62,232232
5262,0.000594,74.125.24.0-255,1484,46073,62,232232
5263,0.000598,172.31.40.0-255,66,46139,62,232232
5264,0.000603,74.125.24.0-255,2902,49041,62,232232
5265,0.000606,172.31.40.0-255,66,49107,62,232232
5266,0.000611,74.125.24.0-255,2902,52009,62,232232
5267,0.000619,172.31.40.0-255,66,52075,62,232232
5268,0.000645,74.125.24.0-255,2902,54977,62,232232
5269,0.000648,172.31.40.0-255,66,55043,62,232232
5270,0.000655,74.125.24.0-255,6797,61840,62,232232
5271,0.000658,172.31.40.0-255,66,61906,62,232232
5272,0.001003,74.125.24.0-255,1484,63390,62,232232
5273,0.001008,74.125.24.0-255,2902,66292,62,232232
5274,0.001015,172.31.40.0-255,66,66358,62,232232
5275,0.001028,74.125.24.0-255,4320,70678,62,232232
5276,0.001035,172.31.40.0-255,66,70744,62,232232
5277,0.001062,74.125.24.0-255,1484,72228,62,232232
5278,0.001065,74.125.24.0-255,1484,73712,62,232232
5279,0.001068,172.31.40.0-255,66,73778,62,232232
5280,0.001079,172.31.40.0-255,66,73844,62,232232
5281,0.001125,172.31.40.0-255,66,73910,62,232232
5282,0.001141,172.31.40.0-255,66,73976,62,232232
5283,0.001147,74.125.24.0-255,4320,78296,62,232232
5284,0.001149,172.31.40.0-255,66,78362,62,232232
5285,0.001204,172.31.40.0-255,66,78428,62,232232
5286,0.001209,74.125.24.0-255,2184,80612,62,232232
5287,0.001211,172.31.40.0-255,66,80678,62,232232
5288,0.001352,74.125.24.0-255,1484,82162,62,232232
5289,0.001359,74.125.24.0-255,2902,85064,62,232232
5290,0.001362,172.31.40.0-255,66,85130,62,232232
5291,0.001391,74.125.24.0-255,5738,90868,62,232232
5292,0.001394,172.31.40.0-255,66,90934,62,232232
5293,0.001401,74.125.24.0-255,5738,96672,62,232232
5294,0.001403,172.31.40.0-255,66,96738,62,232232
5295,0.001435,74.125.24.0-255,7156,103894,62,232232
5296,0.001438,172.31.40.0-255,66,103960,62,232232
5297,0.001452,172.31.40.0-255,66,104026,62,232232
5298,0.0015,74.125.24.0-255,1484,105510,62,232232
5299,0.00152,74.125.24.0-255,2902,108412,62,232232
5300,0.001524,172.31.40.0-255,66,108478,62,232232
5301,0.001532,74.125.24.0-255,5738,114216,62,232232
5302,0.001534,172.31.40.0-255,66,114282,62,232232
5303,0.001564,74.125.24.0-255,7156,121438,62,232232
5304,0.001569,172.31.40.0-255,66,121504,62,232232
5305,0.001596,172.31.40.0-255,66,121570,62,232232
5306,0.001599,74.125.24.0-255,2184,123754,62,232232
5307,0.001602,172.31.40.0-255,66,123820,62,232232
5308,0.001782,74.125.24.0-255,1484,125304,62,232232
5309,0.001787,74.125.24.0-255,1484,126788,62,232232
5310,0.00179,172.31.40.0-255,66,126854,62,232232
5311,0.00182,74.125.24.0-255,1484,128338,62,232232
5312,0.001827,74.125.24.0-255,5738,134076,62,232232
5313,0.001829,172.31.40.0-255,66,134142,62,232232
5314,0.001834,74.125.24.0-255,2902,137044,62,232232
5315,0.001836,172.31.40.0-255,66,137110,62,232232
5316,0.001874,74.125.24.0-255,7156,144266,62,232232
5317,0.001877,172.31.40.0-255,66,144332,62,232232
5318,0.00189,172.31.40.0-255,66,144398,62,232232
5319,0.001943,74.125.24.0-255,2184,146582,62,232232
5320,0.001946,172.31.40.0-255,66,146648,62,232232
5321,0.001955,74.125.24.0-255,2902,149550,62,232232
5322,0.001958,172.31.40.0-255,66,149616,62,232232
5323,0.001965,74.125.24.0-255,7156,156772,62,232232
5324,0.001968,172.31.40.0-255,66,156838,62,232232
5325,0.001975,74.125.24.0-255,7156,163994,62,232232
5326,0.001978,172.31.40.0-255,66,164060,62,232232
5327,0.002024,172.31.40.0-255,66,164126,62,232232
5328,0.002033,74.125.24.0-255,7156,171282,62,232232
5329,0.002036,172.31.40.0-255,66,171348,62,232232
5330,0.002072,74.125.24.0-255,766,172114,62,232232
5331,0.002113,74.125.24.0-255,1484,173598,62,232232
5332,0.002116,172.31.40.0-255,66,173664,62,232232
5333,0.002121,74.125.24.0-255,2902,176566,62,232232
5334,0.002123,172.31.40.0-255,66,176632,62,232232
5335,0.002135,74.125.24.0-255,5738,182370,62,232232
5336,0.002137,172.31.40.0-255,66,182436,62,232232
5337,0.002184,172.31.40.0-255,66,182502,62,232232
5338,0.002197,172.31.40.0-255,66,182568,62,232232
5339,0.002272,74.125.24.0-255,1484,184052,62,232232
5340,0.002277,74.125.24.0-255,2902,186954,62,232232
5341,0.002283,74.125.24.0-255,5738,192692,62,232232
5342,0.00229,172.31.40.0-255,66,192758,62,232232
5343,0.002293,172.31.40.0-255,66,192824,62,232232
5344,0.002339,172.31.40.0-255,66,192890,62,232232
5345,0.002351,172.31.40.0-255,66,192956,62,232232
5346,0.004633,74.125.24.0-255,5738,198694,62,232232
5347,0.00464,172.31.40.0-255,66,198760,62,232232
5348,0.006923,74.125.24.0-255,4320,203080,62,232232
5349,0.00693,172.31.40.0-255,66,203146,62,232232
5350,0.006955,74.125.24.0-255,1484,204630,62,232232
5351,0.009229,74.125.24.0-255,4320,208950,62,232232
5352,0.009233,172.31.40.0-255,66,209016,62,232232
5353,0.011529,74.125.24.0-255,5738,214754,62,232232
5354,0.011537,172.31.40.0-255,66,214820,62,232232
5355,0.013836,74.125.24.0-255,5738,220558,62,232232
5356,0.013844,172.31.40.0-255,66,220624,62,232232
5357,0.016138,74.125.24.0-255,5738,226362,62,232232
5358,0.016147,172.31.40.0-255,66,226428,62,232232
5359,0.01848,74.125.24.0-255,5738,232166,62,232232
5360,0.018491,172.31.40.0-255,66,232232,62,232232
5361,0.0,74.125.200.0-255,153,153,62,233383
5362,2.1e-05,172.31.40.0-255,66,219,62,233383
5363,2.8e-05,74.125.200.0-255,1484,1703,62,233383
5364,3.2e-05,172.31.40.0-255,66,1769,62,233383
5365,3.7e-05,74.125.200.0-255,2902,4671,62,233383
5366,4.6e-05,172.31.40.0-255,66,4737,62,233383
5367,5.1e-05,74.125.200.0-255,2902,7639,62,233383
5368,5.3e-05,172.31.40.0-255,66,7705,62,233383
5369,8.9e-05,74.125.200.0-255,4320,12025,62,233383
5370,9.2e-05,172.31.40.0-255,66,12091,62,233383
5371,9.7e-05,74.125.200.0-255,2037,14128,62,233383
5372,9.8e-05,172.31.40.0-255,66,14194,62,233383
5373,0.000102,74.125.200.0-255,2902,17096,62,233383
5374,0.000104,172.31.40.0-255,66,17162,62,233383
5375,0.000139,74.125.200.0-255,7156,24318,62,233383
5376,0.000141,172.31.40.0-255,66,24384,62,233383
5377,0.000147,74.125.200.0-255,5738,30122,62,233383
5378,0.000149,172.31.40.0-255,66,30188,62,233383
5379,0.000152,74.125.200.0-255,1484,31672,62,233383
5380,0.000157,172.31.40.0-255,66,31738,62,233383
5381,0.000189,74.125.200.0-255,5738,37476,62,233383
5382,0.000192,172.31.40.0-255,66,37542,62,233383
5383,0.0002,74.125.200.0-255,7156,44698,62,233383
5384,0.000202,172.31.40.0-255,66,44764,62,233383
5385,0.000228,74.125.200.0-255,3602,48366,62,233383
5386,0.00023,172.31.40.0-255,66,48432,62,233383
5387,0.000241,74.125.200.0-255,1484,49916,62,233383
5388,0.000246,172.31.40.0-255,66,49982,62,233383
5389,0.00025,74.125.200.0-255,2902,52884,62,233383
5390,0.000252,172.31.40.0-255,66,52950,62,233383
5391,0.00028,74.125.200.0-255,5738,58688,62,233383
5392,0.000282,172.31.40.0-255,66,58754,62,233383
5393,0.000306,74.125.200.0-255,7103,65857,62,233383
5394,0.000308,172.31.40.0-255,66,65923,62,233383
5395,0.000319,74.125.200.0-255,348,66271,62,233383
5396,0.000787,74.125.200.0-255,1484,67755,62,233383
5397,0.000793,172.31.40.0-255,66,67821,62,233383
5398,0.000825,74.125.200.0-255,2902,70723,62,233383
5399,0.000828,172.31.40.0-255,66,70789,62,233383
5400,0.00083,74.125.200.0-255,1484,72273,62,233383
5401,0.000835,74.125.200.0-255,2902,75175,62,233383
5402,0.000836,172.31.40.0-255,66,75241,62,233383
5403,0.000864,74.125.200.0-255,5738,80979,62,233383
5404,0.000866,172.31.40.0-255,66,81045,62,233383
5405,0.000875,74.125.200.0-255,2902,83947,62,233383
5406,0.000877,172.31.40.0-255,66,84013,62,233383
5407,0.00088,74.125.200.0-255,2902,86915,62,233383
5408,0.000883,172.31.40.0-255,66,86981,62,233383
5409,0.000908,74.125.200.0-255,1484,88465,62,233383
5410,0.000911,74.125.200.0-255,1484,89949,62,233383
5411,0.000913,172.31.40.0-255,66,90015,62,233383
5412,0.000936,74.125.200.0-255,7156,97171,62,233383
5413,0.00094,172.31.40.0-255,66,97237,62,233383
5414,0.000979,74.125.200.0-255,3602,100839,62,233383
5415,0.000983,172.31.40.0-255,66,100905,62,233383
5416,0.001125,74.125.200.0-255,1484,102389,62,233383
5417,0.001169,74.125.200.0-255,1484,103873,62,233383
5418,0.001173,172.31.40.0-255,66,103939,62,233383
5419,0.00122,74.125.200.0-255,2902,106841,62,233383
5420,0.001223,172.31.40.0-255,66,106907,62,233383
5421,0.00125,74.125.200.0-255,4320,111227,62,233383
5422,0.001253,172.31.40.0-255,66,111293,62,233383
5423,0.001258,74.125.200.0-255,4320,115613,62,233383
5424,0.00126,172.31.40.0-255,66,115679,62,233383
5425,0.001292,74.125.200.0-255,4320,119999,62,233383
5426,0.001295,172.31.40.0-255,66,120065,62,233383
5427,0.001301,74.125.200.0-255,5738,125803,62,233383
5428,0.001303,172.31.40.0-255,66,125869,62,233383
5429,0.001334,74.125.200.0-255,7156,133025,62,233383
5430,0.001337,172.31.40.0-255,66,133091,62,233383
5431,0.001372,74.125.200.0-255,2184,135275,62,233383
5432,0.001374,172.31.40.0-255,66,135341,62,233383
5433,0.00155,74.125.200.0-255,1484,136825,62,233383
5434,0.001566,74.125.200.0-255,2902,139727,62,233383
5435,0.001569,172.31.40.0-255,66,139793,62,233383
5436,0.001606,74.125.200.0-255,1484,141277,62,233383
5437,0.001624,74.125.200.0-255,2902,144179,62,233383
5438,0.001627,172.31.40.0-255,66,144245,62,233383
5439,0.001633,74.125.200.0-255,5738,149983,62,233383
5440,0.001635,172.31.40.0-255,66,150049,62,233383
5441,0.001639,74.125.200.0-255,2902,152951,62,233383
5442,0.00164,172.31.40.0-255,66,153017,62,233383
5443,0.001668,74.125.200.0-255,4320,157337,62,233383
5444,0.00167,172.31.40.0-255,66,157403,62,233383
5445,0.001708,172.31.40.0-255,66,157469,62,233383
5446,0.001846,74.125.200.0-255,1484,158953,62,233383
5447,0.001866,74.125.200.0-255,2902,161855,62,233383
5448,0.001869,172.31.40.0-255,66,161921,62,233383
5449,0.001873,74.125.200.0-255,1484,163405,62,233383
5450,0.001895,74.125.200.0-255,2902,166307,62,233383
5451,0.001897,172.31.40.0-255,66,166373,62,233383
5452,0.001946,74.125.200.0-255,5738,172111,62,233383
5453,0.001949,172.31.40.0-255,66,172177,62,233383
5454,0.001951,74.125.200.0-255,1484,173661,62,233383
5455,0.001955,74.125.200.0-255,2902,176563,62,233383
5456,0.001957,172.31.40.0-255,66,176629,62,233383
5457,0.001963,74.125.200.0-255,1484,178113,62,233383
5458,0.001979,74.125.200.0-255,2902,181015,62,233383
5459,0.00198,172.31.40.0-255,66,181081,62,233383
5460,0.003904,74.125.200.0-255,1484,182565,62,233383
5461,0.003929,74.125.200.0-255,4320,186885,62,233383
5462,0.003934,172.31.40.0-255,66,186951,62,233383
5463,0.005894,74.125.200.0-255,5738,192689,62,233383
5464,0.005902,172.31.40.0-255,66,192755,62,233383
5465,0.00785,74.125.200.0-255,5738,198493,62,233383
5466,0.007855,172.31.40.0-255,66,198559,62,233383
5467,0.009807,74.125.200.0-255,5738,204297,62,233383
5468,0.009814,172.31.40.0-255,66,204363,62,233383
5469,0.011786,74.125.200.0-255,5738,210101,62,233383
5470,0.011794,172.31.40.0-255,66,210167,62,233383
5471,0.013746,74.125.200.0-255,5738,215905,62,233383
5472,0.013753,172.31.40.0-255,66,215971,62,233383
5473,0.015703,74.125.200.0-255,5738,221709,62,233383
5474,0.015711,172.31.40.0-255,66,221775,62,233383
5475,0.017669,74.125.200.0-255,5738,227513,62,233383
5476,0.017677,172.31.40.0-255,66,227579,62,233383
5477,0.019628,74.125.200.0-255,5738,233317,62,233383
5478,0.019633,172.31.40.0-255,66,233383,62,233383
5479,0.0,74.125.24.0-255,146,146,62,158997
5480,2.4e-05,172.31.40.0-255,66,212,62,158997
5481,3.2e-05,74.125.24.0-255,1484,1696,62,158997
5482,3.8e-05,172.31.40.0-255,66,1762,62,158997
5483,4.3e-05,74.125.24.0-255,2902,4664,62,158997
5484,4.7e-05,172.31.40.0-255,66,4730,62,158997
5485,5.5e-05,74.125.24.0-255,7156,11886,62,158997
5486,5.7e-05,172.31.40.0-255,66,11952,62,158997
5487,6e-05,74.125.24.0-255,1484,13436,62,158997
5488,6.3e-05,172.31.40.0-255,66,13502,62,158997
5489,7.6e-05,172.31.40.0-255,66,13568,62,158997
5490,8.2e-05,74.125.24.0-255,4320,17888,62,158997
5491,8.5e-05,172.31.40.0-255,66,17954,62,158997
5492,0.000121,74.125.24.0-255,2543,20497,62,158997
5493,0.000124,172.31.40.0-255,66,20563,62,158997
5494,0.00022,74.125.24.0-255,1484,22047,62,158997
5495,0.000224,172.31.40.0-255,66,22113,62,158997
5496,0.000229,74.125.24.0-255,2902,25015,62,158997
5497,0.000232,172.31.40.0-255,66,25081,62,158997
5498,0.000237,74.125.24.0-255,2902,27983,62,158997
5499,0.000239,172.31.40.0-255,66,28049,62,158997
5500,0.000263,74.125.24.0-255,2902,30951,62,158997
5501,0.000265,172.31.40.0-255,66,31017,62,158997
5502,0.000276,172.31.40.0-255,66,31083,62,158997
5503,0.000291,74.125.24.0-255,4320,35403,62,158997
5504,0.000294,172.31.40.0-255,66,35469,62,158997
5505,0.000305,172.31.40.0-255,66,35535,62,158997
5506,0.000325,74.125.24.0-255,1058,36593,62,158997
5507,0.000327,172.31.40.0-255,66,36659,62,158997
5508,0.000361,74.125.24.0-255,385,37044,62,158997
5509,0.000567,74.125.24.0-255,1484,38528,62,158997
5510,0.000573,172.31.40.0-255,66,38594,62,158997
5511,0.000579,74.125.24.0-255,2902,41496,62,158997
5512,0.000581,172.31.40.0-255,66,41562,62,158997
5513,0.000586,74.125.24.0-255,4320,45882,62,158997
5514,0.000588,172.31.40.0-255,66,45948,62,158997
5515,0.0006,74.125.24.0-255,1484,47432,62,158997
5516,0.000619,74.125.24.0-255,2902,50334,62,158997
5517,0.000622,172.31.40.0-255,66,50400,62,158997
5518,0.000654,172.31.40.0-255,66,50466,62,158997
5519,0.000714,172.31.40.0-255,66,50532,62,158997
5520,0.000726,172.31.40.0-255,66,50598,62,158997
5521,0.000729,74.125.24.0-255,2902,53500,62,158997
5522,0.000732,172.31.40.0-255,66,53566,62,158997
5523,0.000755,74.125.24.0-255,1484,55050,62,158997
5524,0.00078,74.125.24.0-255,2543,57593,62,158997
5525,0.000783,172.31.40.0-255,66,57659,62,158997
5526,0.000817,74.125.24.0-255,4320,61979,62,158997
5527,0.00082,172.31.40.0-255,66,62045,62,158997
5528,0.000823,74.125.24.0-255,1484,63529,62,158997
5529,0.000838,74.125.24.0-255,4320,67849,62,158997
5530,0.000841,172.31.40.0-255,66,67915,62,158997
5531,0.000889,172.31.40.0-255,66,67981,62,158997
5532,0.0009,172.31.40.0-255,66,68047,62,158997
5533,0.000917,74.125.24.0-255,2543,70590,62,158997
5534,0.000919,172.31.40.0-255,66,70656,62,158997
5535,0.001149,74.125.24.0-255,1484,72140,62,158997
5536,0.001155,74.125.24.0-255,2902,75042,62,158997
5537,0.001158,172.31.40.0-255,66,75108,62,158997
5538,0.001183,74.125.24.0-255,5738,80846,62,158997
5539,0.001185,172.31.40.0-255,66,80912,62,158997
5540,0.001227,74.125.24.0-255,5738,86650,62,158997
5541,0.00123,172.31.40.0-255,66,86716,62,158997
5542,0.00125,74.125.24.0-255,1125,87841,62,158997
5543,0.001341,74.125.24.0-255,1484,89325,62,158997
5544,0.001345,172.31.40.0-255,66,89391,62,158997
5545,0.001364,74.125.24.0-255,2902,92293,62,158997
5546,0.001366,172.31.40.0-255,66,92359,62,158997
5547,0.001372,74.125.24.0-255,4320,96679,62,158997
5548,0.001374,172.31.40.0-255,66,96745,62,158997
5549,0.00141,172.31.40.0-255,66,96811,62,158997
5550,0.001438,74.125.24.0-255,4320,101131,62,158997
5551,0.001441,172.31.40.0-255,66,101197,62,158997
5552,0.001464,172.31.40.0-255,66,101263,62,158997
5553,0.001482,74.125.24.0-255,3602,104865,62,158997
5554,0.001485,172.31.40.0-255,66,104931,62,158997
5555,0.001588,74.125.24.0-255,1484,106415,62,158997
5556,0.001594,74.125.24.0-255,2902,109317,62,158997
5557,0.001597,172.31.40.0-255,66,109383,62,158997
5558,0.001617,74.125.24.0-255,5738,115121,62,158997
5559,0.00162,172.31.40.0-255,66,115187,62,158997
5560,0.00165,74.125.24.0-255,5738,120925,62,158997
5561,0.001652,172.31.40.0-255,66,120991,62,158997
5562,0.001666,172.31.40.0-255,66,121057,62,158997
5563,0.001695,74.125.24.0-255,5020,126077,62,158997
5564,0.001698,172.31.40.0-255,66,126143,62,158997
5565,0.001878,74.125.24.0-255,1484,127627,62,158997
5566,0.001893,74.125.24.0-255,2902,130529,62,158997
5567,0.001896,172.31.40.0-255,66,130595,62,158997
5568,0.0019,74.125.24.0-255,1484,132079,62,158997
5569,0.001918,74.125.24.0-255,4320,136399,62,158997
5570,0.001921,172.31.40.0-255,66,136465,62,158997
5571,0.001954,172.31.40.0-255,66,136531,62,158997
5572,0.00198,74.125.24.0-255,1484,138015,62,158997
5573,0.002011,172.31.40.0-255,66,138081,62,158997
5574,0.002029,74.125.24.0-255,1484,139565,62,158997
5575,0.002064,74.125.24.0-255,1484,141049,62,158997
5576,0.002067,172.31.40.0-255,66,141115,62,158997
5577,0.002086,74.125.24.0-255,1484,142599,62,158997
5578,0.002093,74.125.24.0-255,5738,148337,62,158997
5579,0.002096,172.31.40.0-255,66,148403,62,158997
5580,0.002109,172.31.40.0-255,66,148469,62,158997
5581,0.002119,172.31.40.0-255,66,148535,62,158997
5582,0.002167,172.31.40.0-255,66,148601,62,158997
5583,0.002187,74.125.24.0-255,3602,152203,62,158997
5584,0.002189,172.31.40.0-255,66,152269,62,158997
5585,0.002208,74.125.24.0-255,2902,155171,62,158997
5586,0.002211,172.31.40.0-255,66,155237,62,158997
5587,0.002252,172.31.40.0-255,66,155303,62,158997
5588,0.002271,172.31.40.0-255,66,155369,62,158997
5589,0.002281,172.31.40.0-255,66,155435,62,158997
5590,0.002323,172.31.40.0-255,66,155501,62,158997
5591,0.002336,172.31.40.0-255,66,155567,62,158997
5592,0.002339,74.125.24.0-255,1484,157051,62,158997
5593,0.002377,172.31.40.0-255,66,157117,62,158997
5594,0.00238,74.125.24.0-255,1441,158558,62,158997
5595,0.004338,172.31.40.0-255,66,158624,62,158997
5596,0.00467,74.125.24.0-255,136,158760,62,158997
5597,0.01056,172.31.40.0-255,66,158826,62,158997
5598,0.010601,172.31.40.0-255,105,158931,62,158997
5599,0.012892,74.125.24.0-255,66,158997,62,158997
5600,0.0,172.253.118.0-255,153,153,62,292155
5601,3.1e-05,172.31.40.0-255,66,219,62,292155
5602,3.8e-05,172.253.118.0-255,1484,1703,62,292155
5603,4.2e-05,172.31.40.0-255,66,1769,62,292155
5604,4.6e-05,172.253.118.0-255,2902,4671,62,292155
5605,4.7e-05,172.31.40.0-255,66,4737,62,292155
5606,5.1e-05,172.253.118.0-255,2902,7639,62,292155
5607,5.3e-05,172.31.40.0-255,66,7705,62,292155
5608,0.0001,172.253.118.0-255,2902,10607,62,292155
5609,0.000103,172.31.40.0-255,66,10673,62,292155
5610,0.000116,172.253.118.0-255,3471,14144,62,292155
5611,0.000118,172.31.40.0-255,66,14210,62,292155
5612,0.000188,172.253.118.0-255,1484,15694,62,292155
5613,0.000192,172.31.40.0-255,66,15760,62,292155
5614,0.000196,172.253.118.0-255,2902,18662,62,292155
5615,0.000198,172.31.40.0-255,66,18728,62,292155
5616,0.000215,172.253.118.0-255,5738,24466,62,292155
5617,0.000217,172.31.40.0-255,66,24532,62,292155
5618,0.000249,172.253.118.0-255,1484,26016,62,292155
5619,0.000252,172.31.40.0-255,66,26082,62,292155
5620,0.000276,172.253.118.0-255,5379,31461,62,292155
5621,0.00028,172.31.40.0-255,66,31527,62,292155
5622,0.000286,172.253.118.0-255,7156,38683,62,292155
5623,0.000289,172.31.40.0-255,66,38749,62,292155
5624,0.000329,172.31.40.0-255,66,38815,62,292155
5625,0.000373,172.253.118.0-255,1484,40299,62,292155
5626,0.000378,172.31.40.0-255,66,40365,62,292155
5627,0.000387,172.253.118.0-255,1484,41849,62,292155
5628,0.00039,172.31.40.0-255,66,41915,62,292155
5629,0.000418,172.253.118.0-255,1484,43399,62,292155
5630,0.000421,172.31.40.0-255,66,43465,62,292155
5631,0.000427,172.253.118.0-255,5738,49203,62,292155
5632,0.00043,172.31.40.0-255,66,49269,62,292155
5633,0.000449,172.253.118.0-255,6797,56066,62,292155
5634,0.000451,172.31.40.0-255,66,56132,62,292155
5635,0.000468,172.253.118.0-255,397,56529,62,292155
5636,0.000524,172.253.118.0-255,378,56907,62,292155
5637,0.00073,172.31.40.0-255,66,56973,62,292155
5638,0.000771,172.253.118.0-255,1484,58457,62,292155
5639,0.000776,172.253.118.0-255,1484,59941,62,292155
5640,0.000778,172.31.40.0-255,66,60007,62,292155
5641,0.000797,172.253.118.0-255,1484,61491,62,292155
5642,0.000804,172.253.118.0-255,5738,67229,62,292155
5643,0.000807,172.31.40.0-255,66,67295,62,292155
5644,0.000811,172.253.118.0-255,2902,70197,62,292155
5645,0.000813,172.31.40.0-255,66,70263,62,292155
5646,0.00083,172.253.118.0-255,4320,74583,62,292155
5647,0.000833,172.31.40.0-255,66,74649,62,292155
5648,0.000853,172.253.118.0-255,5738,80387,62,292155
5649,0.000856,172.31.40.0-255,66,80453,62,292155
5650,0.000862,172.253.118.0-255,5738,86191,62,292155
5651,0.000865,172.31.40.0-255,66,86257,62,292155
5652,0.000884,172.253.118.0-255,5020,91277,62,292155
5653,0.000888,172.31.40.0-255,66,91343,62,292155
5654,0.001204,172.253.118.0-255,1484,92827,62,292155
5655,0.001215,172.253.118.0-255,2902,95729,62,292155
5656,0.001219,172.31.40.0-255,66,95795,62,292155
5657,0.001226,172.253.118.0-255,5738,101533,62,292155
5658,0.001228,172.31.40.0-255,66,101599,62,292155
5659,0.001245,172.253.118.0-255,4320,105919,62,292155
5660,0.001248,172.31.40.0-255,66,105985,62,292155
5661,0.001272,172.31.40.0-255,66,106051,62,292155
5662,0.00128,172.253.118.0-255,7156,113207,62,292155
5663,0.001282,172.31.40.0-255,66,113273,62,292155
5664,0.001312,172.253.118.0-255,3602,116875,62,292155
5665,0.001315,172.31.40.0-255,66,116941,62,292155
5666,0.001783,172.253.118.0-255,1484,118425,62,292155
5667,0.00179,172.253.118.0-255,2902,121327,62,292155
5668,0.001794,172.31.40.0-255,66,121393,62,292155
5669,0.001817,172.253.118.0-255,5738,127131,62,292155
5670,0.001819,172.31.40.0-255,66,127197,62,292155
5671,0.001826,172.253.118.0-255,7156,134353,62,292155
5672,0.001828,172.31.40.0-255,66,134419,62,292155
5673,0.001864,172.31.40.0-255,66,134485,62,292155
5674,0.001874,172.253.118.0-255,1484,135969,62,292155
5675,0.001878,172.253.118.0-255,2184,138153,62,292155
5676,0.00188,172.31.40.0-255,66,138219,62,292155
5677,0.001946,172.253.118.0-255,1484,139703,62,292155
5678,0.001957,172.253.118.0-255,2902,142605,62,292155
5679,0.00196,172.31.40.0-255,66,142671,62,292155
5680,0.001992,172.253.118.0-255,5738,148409,62,292155
5681,0.001994,172.31.40.0-255,66,148475,62,292155
5682,0.002006,172.253.118.0-255,4320,152795,62,292155
5683,0.002009,172.31.40.0-255,66,152861,62,292155
5684,0.002037,172.31.40.0-255,66,152927,62,292155
5685,0.002039,172.253.118.0-255,1484,154411,62,292155
5686,0.002069,172.253.118.0-255,2902,157313,62,292155
5687,0.00207,172.31.40.0-255,66,157379,62,292155
5688,0.002089,172.253.118.0-255,6438,163817,62,292155
5689,0.002091,172.31.40.0-255,66,163883,62,292155
5690,0.002116,172.253.118.0-255,5738,169621,62,292155
5691,0.002118,172.31.40.0-255,66,169687,62,292155
5692,0.002144,172.253.118.0-255,7156,176843,62,292155
5693,0.002146,172.31.40.0-255,66,176909,62,292155
5694,0.002183,172.253.118.0-255,5738,182647,62,292155
5695,0.002185,172.31.40.0-255,66,182713,62,292155
5696,0.002208,172.31.40.0-255,66,182779,62,292155
5697,0.002222,172.253.118.0-255,4320,187099,62,292155
5698,0.002224,172.31.40.0-255,66,187165,62,292155
5699,0.002242,172.253.118.0-255,2184,189349,62,292155
5700,0.002244,172.31.40.0-255,66,189415,62,292155
5701,0.002299,172.253.118.0-255,1484,190899,62,292155
5702,0.002315,172.253.118.0-255,2902,193801,62,292155
5703,0.002317,172.31.40.0-255,66,193867,62,292155
5704,0.002321,172.253.118.0-255,2902,196769,62,292155
5705,0.002323,172.31.40.0-255,66,196835,62,292155
5706,0.002346,172.253.118.0-255,2902,199737,62,292155
5707,0.002348,172.31.40.0-255,66,199803,62,292155
5708,0.002371,172.253.118.0-255,4320,204123,62,292155
5709,0.002374,172.31.40.0-255,66,204189,62,292155
5710,0.002378,172.253.118.0-255,4320,208509,62,292155
5711,0.00238,172.31.40.0-255,66,208575,62,292155
5712,0.002401,172.31.40.0-255,66,208641,62,292155
5713,0.002436,172.253.118.0-255,5020,213661,62,292155
5714,0.002438,172.31.40.0-255,66,213727,62,292155
5715,0.002524,172.253.118.0-255,1484,215211,62,292155
5716,0.002527,172.253.118.0-255,1484,216695,62,292155
5717,0.002529,172.31.40.0-255,66,216761,62,292155
5718,0.002541,172.253.118.0-255,1484,218245,62,292155
5719,0.002545,172.253.118.0-255,2902,221147,62,292155
5720,0.002547,172.31.40.0-255,66,221213,62,292155
5721,0.002559,172.253.118.0-255,2902,224115,62,292155
5722,0.002561,172.31.40.0-255,66,224181,62,292155
5723,0.002563,172.253.118.0-255,1484,225665,62,292155
5724,0.002601,172.31.40.0-255,66,225731,62,292155
5725,0.002606,172.253.118.0-255,7156,232887,62,292155
5726,0.002608,172.31.40.0-255,66,232953,62,292155
5727,0.002624,172.253.118.0-255,1484,234437,62,292155
5728,0.002636,172.253.118.0-255,2184,236621,62,292155
5729,0.002638,172.31.40.0-255,66,236687,62,292155
5730,0.002649,172.253.118.0-255,2902,239589,62,292155
5731,0.002651,172.31.40.0-255,66,239655,62,292155
5732,0.002668,172.253.118.0-255,1484,241139,62,292155
5733,0.002682,172.253.118.0-255,4320,245459,62,292155
5734,0.002684,172.31.40.0-255,66,245525,62,292155
5735,0.002711,172.253.118.0-255,5738,251263,62,292155
5736,0.002713,172.31.40.0-255,66,251329,62,292155
5737,0.002719,172.253.118.0-255,7156,258485,62,292155
5738,0.002721,172.31.40.0-255,66,258551,62,292155
5739,0.002788,172.31.40.0-255,66,258617,62,292155
5740,0.002799,172.31.40.0-255,66,258683,62,292155
5741,0.005518,172.253.118.0-255,5738,264421,62,292155
5742,0.005525,172.31.40.0-255,66,264487,62,292155
5743,0.008249,172.253.118.0-255,5738,270225,62,292155
5744,0.008261,172.31.40.0-255,66,270291,62,292155
5745,0.011004,172.253.118.0-255,5738,276029,62,292155
5746,0.01101,172.31.40.0-255,66,276095,62,292155
5747,0.013734,172.253.118.0-255,5738,281833,62,292155
5748,0.013741,172.31.40.0-255,66,281899,62,292155
5749,0.016457,172.253.118.0-255,4320,286219,62,292155
5750,0.016467,172.31.40.0-255,66,286285,62,292155
5751,0.016489,172.253.118.0-255,1484,287769,62,292155
5752,0.019185,172.253.118.0-255,4320,292089,62,292155
5753,0.019195,172.31.40.0-255,66,292155,62,292155
5754,0.0,74.125.24.0-255,152,152,62,204927
5755,2.4e-05,172.31.40.0-255,66,218,62,204927
5756,3.1e-05,74.125.24.0-255,1484,1702,62,204927
5757,3.5e-05,172.31.40.0-255,66,1768,62,204927
5758,4.1e-05,74.125.24.0-255,2902,4670,62,204927
5759,5.2e-05,172.31.40.0-255,66,4736,62,204927
5760,5.8e-05,74.125.24.0-255,4320,9056,62,204927
5761,6.2e-05,172.31.40.0-255,66,9122,62,204927
5762,7.5e-05,172.31.40.0-255,66,9188,62,204927
5763,8.2e-05,74.125.24.0-255,5738,14926,62,204927
5764,8.4e-05,172.31.40.0-255,66,14992,62,204927
5765,0.000135,74.125.24.0-255,6797,21789,62,204927
5766,0.000139,172.31.40.0-255,66,21855,62,204927
5767,0.000746,74.125.24.0-255,1484,23339,62,204927
5768,0.000752,172.31.40.0-255,66,23405,62,204927
5769,0.00076,74.125.24.0-255,2902,26307,62,204927
5770,0.000763,172.31.40.0-255,66,26373,62,204927
5771,0.000796,74.125.24.0-255,5738,32111,62,204927
5772,0.000799,172.31.40.0-255,66,32177,62,204927
5773,0.000805,74.125.24.0-255,4320,36497,62,204927
5774,0.000806,172.31.40.0-255,66,36563,62,204927
5775,0.000835,74.125.24.0-255,5738,42301,62,204927
5776,0.000838,172.31.40.0-255,66,42367,62,204927
5777,0.000848,74.125.24.0-255,4320,46687,62,204927
5778,0.00085,172.31.40.0-255,66,46753,62,204927
5779,0.000896,172.31.40.0-255,66,46819,62,204927
5780,0.000999,74.125.24.0-255,410,47229,62,204927
5781,0.001003,172.31.40.0-255,66,47295,62,204927
5782,0.001008,74.125.24.0-255,1484,48779,62,204927
5783,0.00101,172.31.40.0-255,66,48845,62,204927
5784,0.001015,74.125.24.0-255,2902,51747,62,204927
5785,0.001017,172.31.40.0-255,66,51813,62,204927
5786,0.001025,74.125.24.0-255,1484,53297,62,204927
5787,0.001053,74.125.24.0-255,4320,57617,62,204927
5788,0.001056,172.31.40.0-255,66,57683,62,204927
5789,0.001067,172.31.40.0-255,66,57749,62,204927
5790,0.001071,74.125.24.0-255,1484,59233,62,204927
5791,0.001112,172.31.40.0-255,66,59299,62,204927
5792,0.001119,74.125.24.0-255,5020,64319,62,204927
5793,0.001121,172.31.40.0-255,66,64385,62,204927
5794,0.001226,74.125.24.0-255,1484,65869,62,204927
5795,0.001232,74.125.24.0-255,2902,68771,62,204927
5796,0.001236,172.31.40.0-255,66,68837,62,204927
5797,0.001243,74.125.24.0-255,5738,74575,62,204927
5798,0.001246,172.31.40.0-255,66,74641,62,204927
5799,0.001291,172.31.40.0-255,66,74707,62,204927
5800,0.001319,74.125.24.0-255,4320,79027,62,204927
5801,0.001322,172.31.40.0-255,66,79093,62,204927
5802,0.001336,172.31.40.0-255,66,79159,62,204927
5803,0.001366,74.125.24.0-255,1484,80643,62,204927
5804,0.001385,74.125.24.0-255,5738,86381,62,204927
5805,0.001389,172.31.40.0-255,66,86447,62,204927
5806,0.001419,74.125.24.0-255,4320,90767,62,204927
5807,0.001422,172.31.40.0-255,66,90833,62,204927
5808,0.001427,74.125.24.0-255,2902,93735,62,204927
5809,0.001429,172.31.40.0-255,66,93801,62,204927
5810,0.001432,74.125.24.0-255,1484,95285,62,204927
5811,0.001498,172.31.40.0-255,66,95351,62,204927
5812,0.001508,74.125.24.0-255,1484,96835,62,204927
5813,0.001521,74.125.24.0-255,6438,103273,62,204927
5814,0.001524,172.31.40.0-255,66,103339,62,204927
5815,0.001576,74.125.24.0-255,1484,104823,62,204927
5816,0.001582,74.125.24.0-255,2902,107725,62,204927
5817,0.001585,172.31.40.0-255,66,107791,62,204927
5818,0.001618,74.125.24.0-255,5738,113529,62,204927
5819,0.001622,172.31.40.0-255,66,113595,62,204927
5820,0.001628,74.125.24.0-255,4320,117915,62,204927
5821,0.001631,172.31.40.0-255,66,117981,62,204927
5822,0.001663,74.125.24.0-255,1484,119465,62,204927
5823,0.001676,172.31.40.0-255,66,119531,62,204927
5824,0.001681,74.125.24.0-255,5020,124551,62,204927
5825,0.001683,172.31.40.0-255,66,124617,62,204927
5826,0.00197,74.125.24.0-255,1484,126101,62,204927
5827,0.001978,74.125.24.0-255,2902,129003,62,204927
5828,0.001982,172.31.40.0-255,66,129069,62,204927
5829,0.002016,74.125.24.0-255,5738,134807,62,204927
5830,0.002018,172.31.40.0-255,66,134873,62,204927
5831,0.002021,74.125.24.0-255,1484,136357,62,204927
5832,0.002048,172.31.40.0-255,66,136423,62,204927
5833,0.002083,74.125.24.0-255,4320,140743,62,204927
5834,0.002086,172.31.40.0-255,66,140809,62,204927
5835,0.002116,74.125.24.0-255,6438,147247,62,204927
5836,0.002119,172.31.40.0-255,66,147313,62,204927
5837,0.00213,172.31.40.0-255,66,147379,62,204927
5838,0.002136,74.125.24.0-255,5738,153117,62,204927
5839,0.002143,172.31.40.0-255,66,153183,62,204927
5840,0.002163,74.125.24.0-255,2902,156085,62,204927
5841,0.002165,172.31.40.0-255,66,156151,62,204927
5842,0.0022,74.125.24.0-255,4320,160471,62,204927
5843,0.002203,172.31.40.0-255,66,160537,62,204927
5844,0.002243,172.31.40.0-255,66,160603,62,204927
5845,0.002257,172.31.40.0-255,66,160669,62,204927
5846,0.002264,74.125.24.0-255,7156,167825,62,204927
5847,0.002266,172.31.40.0-255,66,167891,62,204927
5848,0.002289,74.125.24.0-255,1484,169375,62,204927
5849,0.002308,74.125.24.0-255,1484,170859,62,204927
5850,0.002311,172.31.40.0-255,66,170925,62,204927
5851,0.002353,172.31.40.0-255,66,170991,62,204927
5852,0.002401,172.31.40.0-255,66,171057,62,204927
5853,0.002426,74.125.24.0-255,5020,176077,62,204927
5854,0.002428,172.31.40.0-255,66,176143,62,204927
5855,0.002472,172.31.40.0-255,66,176209,62,204927
5856,0.002509,172.31.40.0-255,66,176275,62,204927
5857,0.00252,172.31.40.0-255,66,176341,62,204927
5858,0.002524,74.125.24.0-255,2184,178525,62,204927
5859,0.002526,172.31.40.0-255,66,178591,62,204927
5860,0.002529,74.125.24.0-255,2902,181493,62,204927
5861,0.002531,172.31.40.0-255,66,181559,62,204927
5862,0.002538,74.125.24.0-255,7156,188715,62,204927
5863,0.002544,74.125.24.0-255,5738,194453,62,204927
5864,0.002549,172.31.40.0-255,66,194519,62,204927
5865,0.002551,172.31.40.0-255,66,194585,62,204927
5866,0.002577,74.125.24.0-255,5738,200323,62,204927
5867,0.00258,172.31.40.0-255,66,200389,62,204927
5868,0.002615,172.31.40.0-255,66,200455,62,204927
5869,0.002619,74.125.24.0-255,2184,202639,62,204927
5870,0.002621,172.31.40.0-255,66,202705,62,204927
5871,0.002624,74.125.24.0-255,1814,204519,62,204927
5872,0.002626,172.31.40.0-255,66,204585,62,204927
5873,0.002724,74.125.24.0-255,105,204690,62,204927
5874,0.007362,172.31.40.0-255,66,204756,62,204927
5875,0.0074,172.31.40.0-255,105,204861,62,204927
5876,0.010044,74.125.24.0-255,66,204927,62,204927
5877,0.0,74.125.24.0-255,146,146,62,164763
5878,1.1e-05,172.31.40.0-255,66,212,62,164763
5879,1.7e-05,74.125.24.0-255,1484,1696,62,164763
5880,2.1e-05,172.31.40.0-255,66,1762,62,164763
5881,2.7e-05,74.125.24.0-255,2902,4664,62,164763
5882,3e-05,172.31.40.0-255,66,4730,62,164763
5883,5.6e-05,74.125.24.0-255,2902,7632,62,164763
5884,5.8e-05,172.31.40.0-255,66,7698,62,164763
5885,6.4e-05,74.125.24.0-255,4320,12018,62,164763
5886,6.7e-05,172.31.40.0-255,66,12084,62,164763
5887,9.5e-05,74.125.24.0-255,2063,14147,62,164763
5888,9.8e-05,172.31.40.0-255,66,14213,62,164763
5889,0.000214,74.125.24.0-255,1484,15697,62,164763
5890,0.000218,172.31.40.0-255,66,15763,62,164763
5891,0.000224,74.125.24.0-255,2902,18665,62,164763
5892,0.000226,172.31.40.0-255,66,18731,62,164763
5893,0.000229,74.125.24.0-255,1484,20215,62,164763
5894,0.000231,172.31.40.0-255,66,20281,62,164763
5895,0.00026,74.125.24.0-255,4320,24601,62,164763
5896,0.000263,172.31.40.0-255,66,24667,62,164763
5897,0.000271,74.125.24.0-255,6797,31464,62,164763
5898,0.000273,172.31.40.0-255,66,31530,62,164763
5899,0.000313,74.125.24.0-255,1484,33014,62,164763
5900,0.000316,172.31.40.0-255,66,33080,62,164763
5901,0.000322,74.125.24.0-255,2902,35982,62,164763
5902,0.000324,172.31.40.0-255,66,36048,62,164763
5903,0.00033,74.125.24.0-255,5738,41786,62,164763
5904,0.000332,172.31.40.0-255,66,41852,62,164763
5905,0.000377,74.125.24.0-255,6797,48649,62,164763
5906,0.00038,172.31.40.0-255,66,48715,62,164763
5907,0.000412,74.125.24.0-255,4320,53035,62,164763
5908,0.000415,172.31.40.0-255,66,53101,62,164763
5909,0.000437,74.125.24.0-255,2902,56003,62,164763
5910,0.00044,172.31.40.0-255,66,56069,62,164763
5911,0.000451,172.31.40.0-255,66,56135,62,164763
5912,0.000453,74.125.24.0-255,1454,57589,62,164763
5913,0.000479,74.125.24.0-255,378,57967,62,164763
5914,0.000481,172.31.40.0-255,66,58033,62,164763
5915,0.000713,74.125.24.0-255,1484,59517,62,164763
5916,0.00072,74.125.24.0-255,2902,62419,62,164763
5917,0.000723,172.31.40.0-255,66,62485,62,164763
5918,0.000727,74.125.24.0-255,1484,63969,62,164763
5919,0.000748,74.125.24.0-255,4320,68289,62,164763
5920,0.000751,172.31.40.0-255,66,68355,62,164763
5921,0.000754,74.125.24.0-255,1484,69839,62,164763
5922,0.000775,172.31.40.0-255,66,69905,62,164763
5923,0.000793,74.125.24.0-255,1484,71389,62,164763
5924,0.000807,172.31.40.0-255,66,71455,62,164763
5925,0.001136,74.125.24.0-255,1484,72939,62,164763
5926,0.001143,74.125.24.0-255,2902,75841,62,164763
5927,0.001147,172.31.40.0-255,66,75907,62,164763
5928,0.001169,74.125.24.0-255,5738,81645,62,164763
5929,0.001173,172.31.40.0-255,66,81711,62,164763
5930,0.001195,74.125.24.0-255,4320,86031,62,164763
5931,0.001198,172.31.40.0-255,66,86097,62,164763
5932,0.001218,172.31.40.0-255,66,86163,62,164763
5933,0.001224,74.125.24.0-255,4320,90483,62,164763
5934,0.001227,172.31.40.0-255,66,90549,62,164763
5935,0.001251,74.125.24.0-255,6438,96987,62,164763
5936,0.001254,172.31.40.0-255,66,97053,62,164763
5937,0.001746,74.125.24.0-255,1484,98537,62,164763
5938,0.00176,74.125.24.0-255,2902,101439,62,164763
5939,0.001764,172.31.40.0-255,66,101505,62,164763
5940,0.001787,74.125.24.0-255,5738,107243,62,164763
5941,0.001789,172.31.40.0-255,66,107309,62,164763
5942,0.00181,74.125.24.0-255,5738,113047,62,164763
5943,0.001813,172.31.40.0-255,66,113113,62,164763
5944,0.001831,74.125.24.0-255,7156,120269,62,164763
5945,0.001833,172.31.40.0-255,66,120335,62,164763
5946,0.001841,74.125.24.0-255,7156,127491,62,164763
5947,0.001843,172.31.40.0-255,66,127557,62,164763
5948,0.00187,74.125.24.0-255,3602,131159,62,164763
5949,0.001872,172.31.40.0-255,66,131225,62,164763
5950,0.005335,74.125.24.0-255,1484,132709,62,164763
5951,0.005347,74.125.24.0-255,2902,135611,62,164763
5952,0.005352,172.31.40.0-255,66,135677,62,164763
5953,0.005357,74.125.24.0-255,1484,137161,62,164763
5954,0.007929,74.125.24.0-255,4320,141481,62,164763
5955,0.007935,172.31.40.0-255,66,141547,62,164763
5956,0.010503,74.125.24.0-255,5738,147285,62,164763
5957,0.010511,172.31.40.0-255,66,147351,62,164763
5958,0.013113,74.125.24.0-255,5738,153089,62,164763
5959,0.013122,172.31.40.0-255,66,153155,62,164763
5960,0.015694,74.125.24.0-255,5738,158893,62,164763
5961,0.015703,172.31.40.0-255,66,158959,62,164763
5962,0.018315,74.125.24.0-255,5738,164697,62,164763
5963,0.01834,172.31.40.0-255,66,164763,62,164763
5964,0.0,74.125.200.0-255,152,152,62,117644
5965,1.6e-05,172.31.40.0-255,66,218,62,117644
5966,2.3e-05,74.125.200.0-255,1484,1702,62,117644
5967,2.8e-05,172.31.40.0-255,66,1768,62,117644
5968,3.4e-05,74.125.200.0-255,2902,4670,62,117644
5969,3.7e-05,172.31.40.0-255,66,4736,62,117644
5970,8.9e-05,74.125.200.0-255,1484,6220,62,117644
5971,9.2e-05,172.31.40.0-255,66,6286,62,117644
5972,0.000113,74.125.200.0-255,4320,10606,62,117644
5973,0.000116,172.31.40.0-255,66,10672,62,117644
5974,0.000222,74.125.200.0-255,1484,12156,62,117644
5975,0.000227,172.31.40.0-255,66,12222,62,117644
5976,0.000245,74.125.200.0-255,2039,14261,62,117644
5977,0.000248,172.31.40.0-255,66,14327,62,117644
5978,0.0003,74.125.200.0-255,2902,17229,62,117644
5979,0.000303,172.31.40.0-255,66,17295,62,117644
5980,0.000315,74.125.200.0-255,1484,18779,62,117644
5981,0.000318,172.31.40.0-255,66,18845,62,117644
5982,0.000401,74.125.200.0-255,5738,24583,62,117644
5983,0.000405,172.31.40.0-255,66,24649,62,117644
5984,0.00042,74.125.200.0-255,4320,28969,62,117644
5985,0.000423,172.31.40.0-255,66,29035,62,117644
5986,0.000637,74.125.200.0-255,7156,36191,62,117644
5987,0.000641,172.31.40.0-255,66,36257,62,117644
5988,0.00067,172.31.40.0-255,66,36323,62,117644
5989,0.000992,74.125.200.0-255,3961,40284,62,117644
5990,0.000999,172.31.40.0-255,66,40350,62,117644
5991,0.001078,74.125.200.0-255,2902,43252,62,117644
5992,0.001082,172.31.40.0-255,66,43318,62,117644
5993,0.001122,172.31.40.0-255,66,43384,62,117644
5994,0.001436,74.125.200.0-255,112,43496,62,117644
5995,0.001443,74.125.200.0-255,330,43826,62,117644
5996,0.001472,74.125.200.0-255,2902,46728,62,117644
5997,0.001541,74.125.200.0-255,2902,49630,62,117644
5998,0.001559,74.125.200.0-255,4320,53950,62,117644
5999,0.001728,74.125.200.0-255,5738,59688,62,117644
6000,0.002031,74.125.200.0-255,5738,65426,62,117644
6001,0.002049,74.125.200.0-255,3602,69028,62,117644
6002,0.002238,74.125.200.0-255,1484,70512,62,117644
6003,0.00227,74.125.200.0-255,2902,73414,62,117644
6004,0.002343,74.125.200.0-255,4320,77734,62,117644
6005,0.002357,74.125.200.0-255,1484,79218,62,117644
6006,0.002474,74.125.200.0-255,2902,82120,62,117644
6007,0.002505,74.125.200.0-255,1484,83604,62,117644
6008,0.002781,74.125.200.0-255,5738,89342,62,117644
6009,0.002801,74.125.200.0-255,5020,94362,62,117644
6010,0.006728,172.31.40.0-255,66,94428,62,117644
6011,0.009471,74.125.200.0-255,5738,100166,62,117644
6012,0.009479,172.31.40.0-255,66,100232,62,117644
6013,0.012292,74.125.200.0-255,5738,105970,62,117644
6014,0.012328,172.31.40.0-255,66,106036,62,117644
6015,0.015071,74.125.200.0-255,5738,111774,62,117644
6016,0.015082,172.31.40.0-255,66,111840,62,117644
6017,0.017814,74.125.200.0-255,5738,117578,62,117644
6018,0.017823,172.31.40.0-255,66,117644,62,117644
6019,0.0,74.125.68.0-255,146,146,62,145568
6020,1.6e-05,172.31.40.0-255,66,212,62,145568
6021,3.4e-05,74.125.68.0-255,1484,1696,62,145568
6022,3.9e-05,172.31.40.0-255,66,1762,62,145568
6023,4.5e-05,74.125.68.0-255,2902,4664,62,145568
6024,4.9e-05,172.31.40.0-255,66,4730,62,145568
6025,6.6e-05,74.125.68.0-255,5738,10468,62,145568
6026,7e-05,172.31.40.0-255,66,10534,62,145568
6027,7.5e-05,74.125.68.0-255,3482,14016,62,145568
6028,7.8e-05,172.31.40.0-255,66,14082,62,145568
6029,9.6e-05,74.125.68.0-255,2902,16984,62,145568
6030,0.0001,172.31.40.0-255,66,17050,62,145568
6031,0.000116,74.125.68.0-255,1484,18534,62,145568
6032,0.000118,172.31.40.0-255,66,18600,62,145568
6033,0.000131,74.125.68.0-255,2902,21502,62,145568
6034,0.000133,172.31.40.0-255,66,21568,62,145568
6035,0.000152,74.125.68.0-255,2902,24470,62,145568
6036,0.000154,172.31.40.0-255,66,24536,62,145568
6037,0.00016,74.125.68.0-255,4320,28856,62,145568
6038,0.000162,172.31.40.0-255,66,28922,62,145568
6039,0.000179,74.125.68.0-255,2902,31824,62,145568
6040,0.000181,172.31.40.0-255,66,31890,62,145568
6041,0.000186,74.125.68.0-255,2902,34792,62,145568
6042,0.000188,172.31.40.0-255,66,34858,62,145568
6043,0.00021,74.125.68.0-255,4320,39178,62,145568
6044,0.000212,172.31.40.0-255,66,39244,62,145568
6045,0.000233,74.125.68.0-255,4320,43564,62,145568
6046,0.000235,172.31.40.0-255,66,43630,62,145568
6047,0.000254,74.125.68.0-255,4320,47950,62,145568
6048,0.000257,172.31.40.0-255,66,48016,62,145568
6049,0.000259,74.125.68.0-255,766,48782,62,145568
6050,0.000261,172.31.40.0-255,66,48848,62,145568
6051,0.000588,172.31.40.0-255,101,48949,62,145568
6052,0.001036,74.125.68.0-255,1484,50433,62,145568
6053,0.001045,74.125.68.0-255,2902,53335,62,145568
6054,0.001049,172.31.40.0-255,66,53401,62,145568
6055,0.001074,74.125.68.0-255,5738,59139,62,145568
6056,0.001076,172.31.40.0-255,66,59205,62,145568
6057,0.001095,74.125.68.0-255,1484,60689,62,145568
6058,0.001117,74.125.68.0-255,5379,66068,62,145568
6059,0.001119,172.31.40.0-255,66,66134,62,145568
6060,0.001122,74.125.68.0-255,412,66546,62,145568
6061,0.00146,74.125.68.0-255,1484,68030,62,145568
6062,0.001466,172.31.40.0-255,66,68096,62,145568
6063,0.001472,74.125.68.0-255,2902,70998,62,145568
6064,0.001473,172.31.40.0-255,66,71064,62,145568
6065,0.00151,74.125.68.0-255,4320,75384,62,145568
6066,0.001512,172.31.40.0-255,66,75450,62,145568
6067,0.001517,74.125.68.0-255,2902,78352,62,145568
6068,0.001519,172.31.40.0-255,66,78418,62,145568
6069,0.001533,74.125.68.0-255,2902,81320,62,145568
6070,0.001535,172.31.40.0-255,66,81386,62,145568
6071,0.001552,74.125.68.0-255,5738,87124,62,145568
6072,0.001554,172.31.40.0-255,66,87190,62,145568
6073,0.001575,74.125.68.0-255,4320,91510,62,145568
6074,0.001577,172.31.40.0-255,66,91576,62,145568
6075,0.001596,74.125.68.0-255,2902,94478,62,145568
6076,0.001597,172.31.40.0-255,66,94544,62,145568
6077,0.001623,74.125.68.0-255,6438,100982,62,145568
6078,0.001627,172.31.40.0-255,66,101048,62,145568
6079,0.002652,74.125.68.0-255,66,101114,62,145568
6080,0.00373,74.125.68.0-255,4320,105434,62,145568
6081,0.003733,172.31.40.0-255,66,105500,62,145568
6082,0.00375,74.125.68.0-255,1484,106984,62,145568
6083,0.005852,74.125.68.0-255,2902,109886,62,145568
6084,0.005858,172.31.40.0-255,66,109952,62,145568
6085,0.005873,74.125.68.0-255,1484,111436,62,145568
6086,0.007976,74.125.68.0-255,1484,112920,62,145568
6087,0.007983,172.31.40.0-255,66,112986,62,145568
6088,0.008003,74.125.68.0-255,2902,115888,62,145568
6089,0.008005,172.31.40.0-255,66,115954,62,145568
6090,0.010094,74.125.68.0-255,2902,118856,62,145568
6091,0.010101,172.31.40.0-255,66,118922,62,145568
6092,0.010124,74.125.68.0-255,2902,121824,62,145568
6093,0.010127,172.31.40.0-255,66,121890,62,145568
6094,0.012202,74.125.68.0-255,2902,124792,62,145568
6095,0.012209,172.31.40.0-255,66,124858,62,145568
6096,0.012233,74.125.68.0-255,2902,127760,62,145568
6097,0.012236,172.31.40.0-255,66,127826,62,145568
6098,0.014335,74.125.68.0-255,2902,130728,62,145568
6099,0.014343,172.31.40.0-255,66,130794,62,145568
6100,0.014366,74.125.68.0-255,2902,133696,62,145568
6101,0.014369,172.31.40.0-255,66,133762,62,145568
6102,0.016455,74.125.68.0-255,2902,136664,62,145568
6103,0.016462,172.31.40.0-255,66,136730,62,145568
6104,0.016488,74.125.68.0-255,2902,139632,62,145568
6105,0.01649,172.31.40.0-255,66,139698,62,145568
6106,0.018574,74.125.68.0-255,4320,144018,62,145568
6107,0.018582,172.31.40.0-255,66,144084,62,145568
6108,0.018603,74.125.68.0-255,1484,145568,62,145568
6109,0.0,74.125.24.0-255,146,146,62,133759
6110,1.6e-05,172.31.40.0-255,66,212,62,133759
6111,2.2e-05,74.125.24.0-255,1484,1696,62,133759
6112,2.8e-05,172.31.40.0-255,66,1762,62,133759
6113,3.4e-05,74.125.24.0-255,2902,4664,62,133759
6114,4.5e-05,172.31.40.0-255,66,4730,62,133759
6115,5.2e-05,74.125.24.0-255,4320,9050,62,133759
6116,5.5e-05,172.31.40.0-255,66,9116,62,133759
6117,8.7e-05,74.125.24.0-255,2902,12018,62,133759
6118,9e-05,172.31.40.0-255,66,12084,62,133759
6119,0.0001,74.125.24.0-255,3510,15594,62,133759
6120,0.000103,172.31.40.0-255,66,15660,62,133759
6121,0.000118,172.31.40.0-255,66,15726,62,133759
6122,0.000122,74.125.24.0-255,2543,18269,62,133759
6123,0.000124,172.31.40.0-255,66,18335,62,133759
6124,0.000547,74.125.24.0-255,1484,19819,62,133759
6125,0.000552,172.31.40.0-255,66,19885,62,133759
6126,0.000557,74.125.24.0-255,2902,22787,62,133759
6127,0.000559,172.31.40.0-255,66,22853,62,133759
6128,0.000563,74.125.24.0-255,1484,24337,62,133759
6129,0.000564,172.31.40.0-255,66,24403,62,133759
6130,0.000592,74.125.24.0-255,4320,28723,62,133759
6131,0.000594,172.31.40.0-255,66,28789,62,133759
6132,0.000627,172.31.40.0-255,66,28855,62,133759
6133,0.000653,74.125.24.0-255,4320,33175,62,133759
6134,0.000656,172.31.40.0-255,66,33241,62,133759
6135,0.000666,172.31.40.0-255,66,33307,62,133759
6136,0.000669,74.125.24.0-255,766,34073,62,133759
6137,0.000671,172.31.40.0-255,66,34139,62,133759
6138,0.000752,74.125.24.0-255,1484,35623,62,133759
6139,0.000755,172.31.40.0-255,66,35689,62,133759
6140,0.00076,74.125.24.0-255,2902,38591,62,133759
6141,0.000762,172.31.40.0-255,66,38657,62,133759
6142,0.000786,74.125.24.0-255,4320,42977,62,133759
6143,0.000789,172.31.40.0-255,66,43043,62,133759
6144,0.000794,74.125.24.0-255,4320,47363,62,133759
6145,0.000799,172.31.40.0-255,66,47429,62,133759
6146,0.000818,74.125.24.0-255,4320,51749,62,133759
6147,0.000823,172.31.40.0-255,66,51815,62,133759
6148,0.000857,74.125.24.0-255,2902,54717,62,133759
6149,0.00086,172.31.40.0-255,66,54783,62,133759
6150,0.000901,172.31.40.0-255,66,54849,62,133759
6151,0.000905,74.125.24.0-255,2902,57751,62,133759
6152,0.000907,172.31.40.0-255,66,57817,62,133759
6153,0.000912,74.125.24.0-255,4320,62137,62,133759
6154,0.000914,172.31.40.0-255,66,62203,62,133759
6155,0.000918,74.125.24.0-255,4320,66523,62,133759
6156,0.000921,172.31.40.0-255,66,66589,62,133759
6157,0.000948,74.125.24.0-255,4320,70909,62,133759
6158,0.00095,172.31.40.0-255,66,70975,62,133759
6159,0.000957,74.125.24.0-255,7156,78131,62,133759
6160,0.000962,172.31.40.0-255,66,78197,62,133759
6161,0.001031,74.125.24.0-255,4320,82517,62,133759
6162,0.001033,172.31.40.0-255,66,82583,62,133759
6163,0.001061,74.125.24.0-255,6438,89021,62,133759
6164,0.001065,172.31.40.0-255,66,89087,62,133759
6165,0.001179,74.125.24.0-255,1484,90571,62,133759
6166,0.001182,172.31.40.0-255,66,90637,62,133759
6167,0.001208,74.125.24.0-255,2902,93539,62,133759
6168,0.00121,172.31.40.0-255,66,93605,62,133759
6169,0.001216,74.125.24.0-255,5738,99343,62,133759
6170,0.001218,172.31.40.0-255,66,99409,62,133759
6171,0.001264,172.31.40.0-255,66,99475,62,133759
6172,0.001273,172.31.40.0-255,66,99541,62,133759
6173,0.001298,74.125.24.0-255,2184,101725,62,133759
6174,0.0013,172.31.40.0-255,66,101791,62,133759
6175,0.001424,74.125.24.0-255,1484,103275,62,133759
6176,0.001443,74.125.24.0-255,2902,106177,62,133759
6177,0.001446,172.31.40.0-255,66,106243,62,133759
6178,0.00145,74.125.24.0-255,2902,109145,62,133759
6179,0.001452,172.31.40.0-255,66,109211,62,133759
6180,0.001476,74.125.24.0-255,2902,112113,62,133759
6181,0.001478,172.31.40.0-255,66,112179,62,133759
6182,0.001493,172.31.40.0-255,66,112245,62,133759
6183,0.00152,74.125.24.0-255,1484,113729,62,133759
6184,0.001534,172.31.40.0-255,66,113795,62,133759
6185,0.001569,172.31.40.0-255,66,113861,62,133759
6186,0.001607,172.31.40.0-255,66,113927,62,133759
6187,0.001644,172.31.40.0-255,66,113993,62,133759
6188,0.001655,74.125.24.0-255,7156,121149,62,133759
6189,0.001696,172.31.40.0-255,66,121215,62,133759
6190,0.00172,172.31.40.0-255,66,121281,62,133759
6191,0.001765,74.125.24.0-255,2902,124183,62,133759
6192,0.001771,172.31.40.0-255,66,124249,62,133759
6193,0.001821,172.31.40.0-255,66,124315,62,133759
6194,0.00183,74.125.24.0-255,4320,128635,62,133759
6195,0.001835,172.31.40.0-255,66,128701,62,133759
6196,0.00187,172.31.40.0-255,66,128767,62,133759
6197,0.001931,172.31.40.0-255,66,128833,62,133759
6198,0.001947,74.125.24.0-255,4320,133153,62,133759
6199,0.001974,172.31.40.0-255,66,133219,62,133759
6200,0.002048,172.31.40.0-255,66,133285,62,133759
6201,0.002128,172.31.40.0-255,66,133351,62,133759
6202,0.002179,172.31.40.0-255,66,133417,62,133759
6203,0.002195,74.125.24.0-255,105,133522,62,133759
6204,0.008355,172.31.40.0-255,66,133588,62,133759
6205,0.008395,172.31.40.0-255,105,133693,62,133759
6206,0.010746,74.125.24.0-255,66,133759,62,133759
6207,0.0,74.125.68.0-255,151,151,62,149163
6208,3.1e-05,172.31.40.0-255,66,217,62,149163
6209,3.9e-05,74.125.68.0-255,1484,1701,62,149163
6210,4.3e-05,172.31.40.0-255,66,1767,62,149163
6211,4.8e-05,74.125.68.0-255,2902,4669,62,149163
6212,5.7e-05,172.31.40.0-255,66,4735,62,149163
6213,6.1e-05,74.125.68.0-255,1484,6219,62,149163
6214,6.3e-05,172.31.40.0-255,66,6285,62,149163
6215,9.1e-05,74.125.68.0-255,2902,9187,62,149163
6216,9.4e-05,172.31.40.0-255,66,9253,62,149163
6217,0.000106,74.125.68.0-255,4913,14166,62,149163
6218,0.000108,172.31.40.0-255,66,14232,62,149163
6219,0.000143,74.125.68.0-255,1484,15716,62,149163
6220,0.000146,172.31.40.0-255,66,15782,62,149163
6221,0.000179,74.125.68.0-255,2902,18684,62,149163
6222,0.000182,172.31.40.0-255,66,18750,62,149163
6223,0.000189,74.125.68.0-255,5738,24488,62,149163
6224,0.000191,172.31.40.0-255,66,24554,62,149163
6225,0.000195,74.125.68.0-255,2902,27456,62,149163
6226,0.000197,172.31.40.0-255,66,27522,62,149163
6227,0.000227,74.125.68.0-255,3961,31483,62,149163
6228,0.00023,172.31.40.0-255,66,31549,62,149163
6229,0.00083,74.125.68.0-255,1484,33033,62,149163
6230,0.000836,172.31.40.0-255,66,33099,62,149163
6231,0.000847,74.125.68.0-255,2902,36001,62,149163
6232,0.000856,172.31.40.0-255,66,36067,62,149163
6233,0.000861,74.125.68.0-255,2902,38969,62,149163
6234,0.000863,172.31.40.0-255,66,39035,62,149163
6235,0.000894,74.125.68.0-255,4320,43355,62,149163
6236,0.000897,172.31.40.0-255,66,43421,62,149163
6237,0.000929,74.125.68.0-255,2902,46323,62,149163
6238,0.000931,172.31.40.0-255,66,46389,62,149163
6239,0.000963,74.125.68.0-255,6797,53186,62,149163
6240,0.00097,172.31.40.0-255,66,53252,62,149163
6241,0.000992,172.31.40.0-255,66,53318,62,149163
6242,0.001035,74.125.68.0-255,2814,56132,62,149163
6243,0.001054,172.31.40.0-255,66,56198,62,149163
6244,0.001282,74.125.68.0-255,135,56333,62,149163
6245,0.00133,172.31.40.0-255,66,56399,62,149163
6246,0.001499,74.125.68.0-255,1484,57883,62,149163
6247,0.00152,74.125.68.0-255,1484,59367,62,149163
6248,0.001523,172.31.40.0-255,66,59433,62,149163
6249,0.001528,74.125.68.0-255,2902,62335,62,149163
6250,0.00153,172.31.40.0-255,66,62401,62,149163
6251,0.001555,74.125.68.0-255,5738,68139,62,149163
6252,0.001562,172.31.40.0-255,66,68205,62,149163
6253,0.001599,172.31.40.0-255,66,68271,62,149163
6254,0.001661,172.31.40.0-255,66,68337,62,149163
6255,0.00167,74.125.68.0-255,2184,70521,62,149163
6256,0.001674,172.31.40.0-255,66,70587,62,149163
6257,0.001723,74.125.68.0-255,7156,77743,62,149163
6258,0.001734,172.31.40.0-255,66,77809,62,149163
6259,0.00177,74.125.68.0-255,4320,82129,62,149163
6260,0.001774,172.31.40.0-255,66,82195,62,149163
6261,0.001801,74.125.68.0-255,4320,86515,62,149163
6262,0.001814,172.31.40.0-255,66,86581,62,149163
6263,0.001869,74.125.68.0-255,2902,89483,62,149163
6264,0.001879,172.31.40.0-255,66,89549,62,149163
6265,0.001932,74.125.68.0-255,1046,90595,62,149163
6266,0.001952,74.125.68.0-255,1484,92079,62,149163
6267,0.001957,74.125.68.0-255,4320,96399,62,149163
6268,0.00196,172.31.40.0-255,66,96465,62,149163
6269,0.001964,172.31.40.0-255,66,96531,62,149163
6270,0.002011,74.125.68.0-255,1484,98015,62,149163
6271,0.002015,172.31.40.0-255,66,98081,62,149163
6272,0.002059,74.125.68.0-255,5738,103819,62,149163
6273,0.002064,172.31.40.0-255,66,103885,62,149163
6274,0.002108,172.31.40.0-255,66,103951,62,149163
6275,0.004325,74.125.68.0-255,2902,106853,62,149163
6276,0.00433,172.31.40.0-255,66,106919,62,149163
6277,0.004358,74.125.68.0-255,2902,109821,62,149163
6278,0.00436,172.31.40.0-255,66,109887,62,149163
6279,0.006535,74.125.68.0-255,4320,114207,62,149163
6280,0.00654,172.31.40.0-255,66,114273,62,149163
6281,0.006569,74.125.68.0-255,1484,115757,62,149163
6282,0.008743,74.125.68.0-255,4320,120077,62,149163
6283,0.00875,172.31.40.0-255,66,120143,62,149163
6284,0.010971,74.125.68.0-255,5738,125881,62,149163
6285,0.01098,172.31.40.0-255,66,125947,62,149163
6286,0.013193,74.125.68.0-255,5738,131685,62,149163
6287,0.0132,172.31.40.0-255,66,131751,62,149163
6288,0.015394,74.125.68.0-255,5738,137489,62,149163
6289,0.015402,172.31.40.0-255,66,137555,62,149163
6290,0.0176,74.125.68.0-255,5738,143293,62,149163
6291,0.017608,172.31.40.0-255,66,143359,62,149163
6292,0.019815,74.125.68.0-255,5738,149097,62,149163
6293,0.019821,172.31.40.0-255,66,149163,62,149163
6294,0.0,172.217.194.0-255,146,146,62,177956
6295,2.3e-05,172.31.40.0-255,66,212,62,177956
6296,3e-05,172.217.194.0-255,1484,1696,62,177956
6297,3.4e-05,172.31.40.0-255,66,1762,62,177956
6298,4.7e-05,172.217.194.0-255,2902,4664,62,177956
6299,5.1e-05,172.31.40.0-255,66,4730,62,177956
6300,5.9e-05,172.217.194.0-255,7156,11886,62,177956
6301,6.3e-05,172.31.40.0-255,66,11952,62,177956
6302,9.9e-05,172.31.40.0-255,66,12018,62,177956
6303,0.000119,172.217.194.0-255,677,12695,62,177956
6304,0.000122,172.31.40.0-255,66,12761,62,177956
6305,0.000132,172.217.194.0-255,2543,15304,62,177956
6306,0.000134,172.31.40.0-255,66,15370,62,177956
6307,0.000297,172.217.194.0-255,1484,16854,62,177956
6308,0.000301,172.31.40.0-255,66,16920,62,177956
6309,0.000308,172.217.194.0-255,2902,19822,62,177956
6310,0.000311,172.31.40.0-255,66,19888,62,177956
6311,0.000316,172.217.194.0-255,4320,24208,62,177956
6312,0.000323,172.31.40.0-255,66,24274,62,177956
6313,0.000357,172.217.194.0-255,1484,25758,62,177956
6314,0.00036,172.31.40.0-255,66,25824,62,177956
6315,0.000376,172.31.40.0-255,66,25890,62,177956
6316,0.00038,172.217.194.0-255,2902,28792,62,177956
6317,0.000383,172.31.40.0-255,66,28858,62,177956
6318,0.000414,172.217.194.0-255,6797,35655,62,177956
6319,0.000417,172.31.40.0-255,66,35721,62,177956
6320,0.000468,172.217.194.0-255,645,36366,62,177956
6321,0.000472,172.31.40.0-255,66,36432,62,177956
6322,0.000546,172.217.194.0-255,1484,37916,62,177956
6323,0.000549,172.31.40.0-255,66,37982,62,177956
6324,0.000552,172.217.194.0-255,1484,39466,62,177956
6325,0.000577,172.217.194.0-255,4320,43786,62,177956
6326,0.00058,172.31.40.0-255,66,43852,62,177956
6327,0.000609,172.31.40.0-255,66,43918,62,177956
6328,0.000628,172.217.194.0-255,2543,46461,62,177956
6329,0.00063,172.31.40.0-255,66,46527,62,177956
6330,0.000641,172.31.40.0-255,66,46593,62,177956
6331,0.000671,172.217.194.0-255,6797,53390,62,177956
6332,0.000674,172.31.40.0-255,66,53456,62,177956
6333,0.000677,172.217.194.0-255,1484,54940,62,177956
6334,0.000682,172.217.194.0-255,2902,57842,62,177956
6335,0.000684,172.31.40.0-255,66,57908,62,177956
6336,0.000691,172.217.194.0-255,5738,63646,62,177956
6337,0.000693,172.31.40.0-255,66,63712,62,177956
6338,0.000699,172.217.194.0-255,5738,69450,62,177956
6339,0.000702,172.31.40.0-255,66,69516,62,177956
6340,0.000734,172.217.194.0-255,7156,76672,62,177956
6341,0.000737,172.31.40.0-255,66,76738,62,177956
6342,0.000749,172.31.40.0-255,66,76804,62,177956
6343,0.00077,172.217.194.0-255,2902,79706,62,177956
6344,0.000772,172.31.40.0-255,66,79772,62,177956
6345,0.000777,172.217.194.0-255,4320,84092,62,177956
6346,0.000779,172.31.40.0-255,66,84158,62,177956
6347,0.000786,172.217.194.0-255,5738,89896,62,177956
6348,0.000788,172.31.40.0-255,66,89962,62,177956
6349,0.000807,172.217.194.0-255,2902,92864,62,177956
6350,0.000809,172.31.40.0-255,66,92930,62,177956
6351,0.000825,172.217.194.0-255,4320,97250,62,177956
6352,0.000827,172.31.40.0-255,66,97316,62,177956
6353,0.00087,172.31.40.0-255,66,97382,62,177956
6354,0.000873,172.217.194.0-255,1484,98866,62,177956
6355,0.000907,172.31.40.0-255,66,98932,62,177956
6356,0.00092,172.31.40.0-255,66,98998,62,177956
6357,0.000926,172.217.194.0-255,5738,104736,62,177956
6358,0.000929,172.31.40.0-255,66,104802,62,177956
6359,0.000956,172.217.194.0-255,3602,108404,62,177956
6360,0.000959,172.31.40.0-255,66,108470,62,177956
6361,0.000963,172.217.194.0-255,2902,111372,62,177956
6362,0.000965,172.31.40.0-255,66,111438,62,177956
6363,0.001004,172.217.194.0-255,4320,115758,62,177956
6364,0.001008,172.31.40.0-255,66,115824,62,177956
6365,0.001019,172.31.40.0-255,66,115890,62,177956
6366,0.001036,172.31.40.0-255,66,115956,62,177956
6367,0.001038,172.217.194.0-255,766,116722,62,177956
6368,0.001146,172.217.194.0-255,1484,118206,62,177956
6369,0.00115,172.31.40.0-255,66,118272,62,177956
6370,0.001155,172.217.194.0-255,2902,121174,62,177956
6371,0.001157,172.31.40.0-255,66,121240,62,177956
6372,0.00116,172.217.194.0-255,1484,122724,62,177956
6373,0.001177,172.217.194.0-255,4320,127044,62,177956
6374,0.001179,172.31.40.0-255,66,127110,62,177956
6375,0.001187,172.217.194.0-255,7156,134266,62,177956
6376,0.001194,172.31.40.0-255,66,134332,62,177956
6377,0.001236,172.217.194.0-255,5738,140070,62,177956
6378,0.001239,172.31.40.0-255,66,140136,62,177956
6379,0.001251,172.31.40.0-255,66,140202,62,177956
6380,0.001254,172.217.194.0-255,766,140968,62,177956
6381,0.00158,172.217.194.0-255,1484,142452,62,177956
6382,0.001583,172.31.40.0-255,66,142518,62,177956
6383,0.001588,172.217.194.0-255,2902,145420,62,177956
6384,0.00159,172.31.40.0-255,66,145486,62,177956
6385,0.001595,172.217.194.0-255,4320,149806,62,177956
6386,0.001596,172.31.40.0-255,66,149872,62,177956
6387,0.001628,172.217.194.0-255,1484,151356,62,177956
6388,0.001641,172.31.40.0-255,66,151422,62,177956
6389,0.001651,172.31.40.0-255,66,151488,62,177956
6390,0.00167,172.217.194.0-255,766,152254,62,177956
6391,0.001768,172.217.194.0-255,1484,153738,62,177956
6392,0.001771,172.31.40.0-255,66,153804,62,177956
6393,0.001799,172.217.194.0-255,2902,156706,62,177956
6394,0.001802,172.31.40.0-255,66,156772,62,177956
6395,0.001808,172.217.194.0-255,5738,162510,62,177956
6396,0.00181,172.31.40.0-255,66,162576,62,177956
6397,0.001815,172.217.194.0-255,4320,166896,62,177956
6398,0.001816,172.31.40.0-255,66,166962,62,177956
6399,0.001857,172.31.40.0-255,66,167028,62,177956
6400,0.001868,172.31.40.0-255,66,167094,62,177956
6401,0.001912,172.31.40.0-255,66,167160,62,177956
6402,0.001918,172.217.194.0-255,7156,174316,62,177956
6403,0.00192,172.31.40.0-255,66,174382,62,177956
6404,0.001974,172.31.40.0-255,66,174448,62,177956
6405,0.001985,172.31.40.0-255,66,174514,62,177956
6406,0.002005,172.217.194.0-255,2902,177416,62,177956
6407,0.002007,172.31.40.0-255,66,177482,62,177956
6408,0.002016,172.31.40.0-255,66,177548,62,177956
6409,0.002047,172.31.40.0-255,66,177614,62,177956
6410,0.002049,172.217.194.0-255,105,177719,62,177956
6411,0.00427,172.31.40.0-255,66,177785,62,177956
6412,0.004308,172.31.40.0-255,105,177890,62,177956
6413,0.006669,172.217.194.0-255,66,177956,62,177956
6414,0.0,74.125.200.0-255,152,152,62,124061
6415,2.1e-05,172.31.40.0-255,66,218,62,124061
6416,2.7e-05,74.125.200.0-255,1484,1702,62,124061
6417,3e-05,172.31.40.0-255,66,1768,62,124061
6418,3.6e-05,74.125.200.0-255,2902,4670,62,124061
6419,4.5e-05,172.31.40.0-255,66,4736,62,124061
6420,4.9e-05,74.125.200.0-255,1484,6220,62,124061
6421,5.1e-05,172.31.40.0-255,66,6286,62,124061
6422,7.1e-05,74.125.200.0-255,4320,10606,62,124061
6423,7.4e-05,172.31.40.0-255,66,10672,62,124061
6424,8.2e-05,74.125.200.0-255,3438,14110,62,124061
6425,8.4e-05,172.31.40.0-255,66,14176,62,124061
6426,8.9e-05,74.125.200.0-255,4320,18496,62,124061
6427,9.1e-05,172.31.40.0-255,66,18562,62,124061
6428,0.000114,74.125.200.0-255,4320,22882,62,124061
6429,0.000116,172.31.40.0-255,66,22948,62,124061
6430,0.000143,74.125.200.0-255,5738,28686,62,124061
6431,0.000145,172.31.40.0-255,66,28752,62,124061
6432,0.000149,74.125.200.0-255,2543,31295,62,124061
6433,0.00015,172.31.40.0-255,66,31361,62,124061
6434,0.00038,74.125.200.0-255,1484,32845,62,124061
6435,0.000385,172.31.40.0-255,66,32911,62,124061
6436,0.000397,74.125.200.0-255,1484,34395,62,124061
6437,0.000399,172.31.40.0-255,66,34461,62,124061
6438,0.00044,74.125.200.0-255,1484,35945,62,124061
6439,0.000442,172.31.40.0-255,66,36011,62,124061
6440,0.000449,74.125.200.0-255,5738,41749,62,124061
6441,0.000451,172.31.40.0-255,66,41815,62,124061
6442,0.000456,74.125.200.0-255,4320,46135,62,124061
6443,0.000463,172.31.40.0-255,66,46201,62,124061
6444,0.0005,74.125.200.0-255,2543,48744,62,124061
6445,0.000502,172.31.40.0-255,66,48810,62,124061
6446,0.000579,74.125.200.0-255,1484,50294,62,124061
6447,0.000684,74.125.200.0-255,2902,53196,62,124061
6448,0.000692,74.125.200.0-255,5738,58934,62,124061
6449,0.000696,74.125.200.0-255,2902,61836,62,124061
6450,0.000701,74.125.200.0-255,3961,65797,62,124061
6451,0.000704,74.125.200.0-255,396,66193,62,124061
6452,0.000726,172.31.40.0-255,66,66259,62,124061
6453,0.000868,74.125.200.0-255,348,66607,62,124061
6454,0.001066,172.31.40.0-255,66,66673,62,124061
6455,0.001674,74.125.200.0-255,1484,68157,62,124061
6456,0.001683,74.125.200.0-255,2902,71059,62,124061
6457,0.001713,74.125.200.0-255,5738,76797,62,124061
6458,0.001728,74.125.200.0-255,4320,81117,62,124061
6459,0.001743,74.125.200.0-255,5738,86855,62,124061
6460,0.001791,74.125.200.0-255,2902,89757,62,124061
6461,0.001795,74.125.200.0-255,2184,91941,62,124061
6462,0.005083,172.31.40.0-255,66,92007,62,124061
6463,0.007408,74.125.200.0-255,5738,97745,62,124061
6464,0.007416,172.31.40.0-255,66,97811,62,124061
6465,0.00972,74.125.200.0-255,2902,100713,62,124061
6466,0.009727,172.31.40.0-255,66,100779,62,124061
6467,0.009753,74.125.200.0-255,2902,103681,62,124061
6468,0.012061,74.125.200.0-255,2902,106583,62,124061
6469,0.01294,172.31.40.0-255,66,106649,62,124061
6470,0.015245,74.125.200.0-255,5738,112387,62,124061
6471,0.015253,172.31.40.0-255,66,112453,62,124061
6472,0.017568,74.125.200.0-255,5738,118191,62,124061
6473,0.017576,172.31.40.0-255,66,118257,62,124061
6474,0.019889,74.125.200.0-255,5738,123995,62,124061
6475,0.019897,172.31.40.0-255,66,124061,62,124061
6476,0.0,172.253.118.0-255,152,152,62,152943
6477,1.8e-05,172.31.40.0-255,66,218,62,152943
6478,2.5e-05,172.253.118.0-255,1484,1702,62,152943
6479,3e-05,172.31.40.0-255,66,1768,62,152943
6480,3.6e-05,172.253.118.0-255,2902,4670,62,152943
6481,4.6e-05,172.31.40.0-255,66,4736,62,152943
6482,5.4e-05,172.253.118.0-255,7156,11892,62,152943
6483,5.7e-05,172.31.40.0-255,66,11958,62,152943
6484,9.2e-05,172.253.118.0-255,2102,14060,62,152943
6485,9.5e-05,172.31.40.0-255,66,14126,62,152943
6486,0.000165,172.253.118.0-255,1484,15610,62,152943
6487,0.000167,172.31.40.0-255,66,15676,62,152943
6488,0.000194,172.253.118.0-255,2902,18578,62,152943
6489,0.000197,172.31.40.0-255,66,18644,62,152943
6490,0.000204,172.253.118.0-255,4320,22964,62,152943
6491,0.000206,172.31.40.0-255,66,23030,62,152943
6492,0.000234,172.253.118.0-255,1484,24514,62,152943
6493,0.000236,172.31.40.0-255,66,24580,62,152943
6494,0.00026,172.253.118.0-255,2902,27482,62,152943
6495,0.000263,172.31.40.0-255,66,27548,62,152943
6496,0.000282,172.253.118.0-255,3961,31509,62,152943
6497,0.000285,172.31.40.0-255,66,31575,62,152943
6498,0.000531,172.253.118.0-255,1484,33059,62,152943
6499,0.000536,172.31.40.0-255,66,33125,62,152943
6500,0.000543,172.253.118.0-255,2902,36027,62,152943
6501,0.000545,172.31.40.0-255,66,36093,62,152943
6502,0.000567,172.253.118.0-255,2902,38995,62,152943
6503,0.00057,172.31.40.0-255,66,39061,62,152943
6504,0.000591,172.253.118.0-255,2902,41963,62,152943
6505,0.000594,172.31.40.0-255,66,42029,62,152943
6506,0.00063,172.31.40.0-255,66,42095,62,152943
6507,0.00069,172.253.118.0-255,4320,46415,62,152943
6508,0.000712,172.253.118.0-255,4320,50735,62,152943
6509,0.000723,172.31.40.0-255,66,50801,62,152943
6510,0.000728,172.253.118.0-255,4236,55037,62,152943
6511,0.000734,172.31.40.0-255,66,55103,62,152943
6512,0.000972,172.253.118.0-255,126,55229,62,152943
6513,0.001132,172.253.118.0-255,1484,56713,62,152943
6514,0.001136,172.31.40.0-255,66,56779,62,152943
6515,0.001142,172.253.118.0-255,2902,59681,62,152943
6516,0.001165,172.253.118.0-255,5738,65419,62,152943
6517,0.00117,172.31.40.0-255,66,65485,62,152943
6518,0.001193,172.253.118.0-255,1484,66969,62,152943
6519,0.001209,172.253.118.0-255,5379,72348,62,152943
6520,0.001229,172.31.40.0-255,66,72414,62,152943
6521,0.001261,172.253.118.0-255,5738,78152,62,152943
6522,0.00127,172.31.40.0-255,66,78218,62,152943
6523,0.001277,172.253.118.0-255,1484,79702,62,152943
6524,0.001313,172.253.118.0-255,4320,84022,62,152943
6525,0.001317,172.31.40.0-255,66,84088,62,152943
6526,0.001345,172.253.118.0-255,5379,89467,62,152943
6527,0.00136,172.31.40.0-255,66,89533,62,152943
6528,0.002059,172.253.118.0-255,350,89883,62,152943
6529,0.002098,172.253.118.0-255,1484,91367,62,152943
6530,0.002103,172.31.40.0-255,66,91433,62,152943
6531,0.002111,172.253.118.0-255,2902,94335,62,152943
6532,0.002114,172.253.118.0-255,1484,95819,62,152943
6533,0.002135,172.253.118.0-255,4320,100139,62,152943
6534,0.002173,172.253.118.0-255,5738,105877,62,152943
6535,0.002198,172.253.118.0-255,7156,113033,62,152943
6536,0.002259,172.253.118.0-255,1484,114517,62,152943
6537,0.002283,172.253.118.0-255,5738,120255,62,152943
6538,0.00232,172.253.118.0-255,3602,123857,62,152943
6539,0.004476,172.31.40.0-255,66,123923,62,152943
6540,0.00708,172.253.118.0-255,5738,129661,62,152943
6541,0.007085,172.31.40.0-255,66,129727,62,152943
6542,0.009687,172.253.118.0-255,5738,135465,62,152943
6543,0.009693,172.31.40.0-255,66,135531,62,152943
6544,0.012282,172.253.118.0-255,5738,141269,62,152943
6545,0.012289,172.31.40.0-255,66,141335,62,152943
6546,0.014889,172.253.118.0-255,5738,147073,62,152943
6547,0.0149,172.31.40.0-255,66,147139,62,152943
6548,0.017515,172.253.118.0-255,5738,152877,62,152943
6549,0.017523,172.31.40.0-255,66,152943,62,152943
6550,0.0,74.125.24.0-255,156,156,62,216898
6551,1.7e-05,172.31.40.0-255,66,222,62,216898
6552,2.4e-05,74.125.24.0-255,1484,1706,62,216898
6553,2.8e-05,172.31.40.0-255,66,1772,62,216898
6554,3.4e-05,74.125.24.0-255,2902,4674,62,216898
6555,3.7e-05,172.31.40.0-255,66,4740,62,216898
6556,6.9e-05,74.125.24.0-255,7156,11896,62,216898
6557,7.2e-05,172.31.40.0-255,66,11962,62,216898
6558,7.7e-05,74.125.24.0-255,2091,14053,62,216898
6559,7.9e-05,172.31.40.0-255,66,14119,62,216898
6560,0.000118,74.125.24.0-255,4320,18439,62,216898
6561,0.000121,172.31.40.0-255,66,18505,62,216898
6562,0.000147,74.125.24.0-255,7156,25661,62,216898
6563,0.00015,172.31.40.0-255,66,25727,62,216898
6564,0.000156,74.125.24.0-255,5379,31106,62,216898
6565,0.000158,172.31.40.0-255,66,31172,62,216898
6566,0.000247,74.125.24.0-255,1484,32656,62,216898
6567,0.000251,172.31.40.0-255,66,32722,62,216898
6568,0.000257,74.125.24.0-255,2902,35624,62,216898
6569,0.000259,172.31.40.0-255,66,35690,62,216898
6570,0.000275,74.125.24.0-255,1484,37174,62,216898
6571,0.000278,172.31.40.0-255,66,37240,62,216898
6572,0.000294,74.125.24.0-255,4320,41560,62,216898
6573,0.000297,172.31.40.0-255,66,41626,62,216898
6574,0.000305,74.125.24.0-255,7156,48782,62,216898
6575,0.000307,172.31.40.0-255,66,48848,62,216898
6576,0.000335,74.125.24.0-255,5738,54586,62,216898
6577,0.000338,172.31.40.0-255,66,54652,62,216898
6578,0.000367,172.31.40.0-255,66,54718,62,216898
6579,0.000421,74.125.24.0-255,2482,57200,62,216898
6580,0.000424,172.31.40.0-255,66,57266,62,216898
6581,0.000447,74.125.24.0-255,410,57676,62,216898
6582,0.00059,74.125.24.0-255,1484,59160,62,216898
6583,0.000595,172.31.40.0-255,66,59226,62,216898
6584,0.000614,74.125.24.0-255,2902,62128,62,216898
6585,0.000617,172.31.40.0-255,66,62194,62,216898
6586,0.000624,74.125.24.0-255,5738,67932,62,216898
6587,0.000626,172.31.40.0-255,66,67998,62,216898
6588,0.00063,74.125.24.0-255,2902,70900,62,216898
6589,0.000633,172.31.40.0-255,66,70966,62,216898
6590,0.000665,74.125.24.0-255,4320,75286,62,216898
6591,0.000669,172.31.40.0-255,66,75352,62,216898
6592,0.000689,74.125.24.0-255,5738,81090,62,216898
6593,0.000692,172.31.40.0-255,66,81156,62,216898
6594,0.000724,74.125.24.0-255,7156,88312,62,216898
6595,0.000727,172.31.40.0-255,66,88378,62,216898
6596,0.000732,74.125.24.0-255,2902,91280,62,216898
6597,0.000734,172.31.40.0-255,66,91346,62,216898
6598,0.000747,74.125.24.0-255,766,92112,62,216898
6599,0.000855,74.125.24.0-255,1484,93596,62,216898
6600,0.000859,172.31.40.0-255,66,93662,62,216898
6601,0.000864,74.125.24.0-255,2902,96564,62,216898
6602,0.000866,172.31.40.0-255,66,96630,62,216898
6603,0.000913,74.125.24.0-255,5738,102368,62,216898
6604,0.000916,172.31.40.0-255,66,102434,62,216898
6605,0.000931,172.31.40.0-255,66,102500,62,216898
6606,0.000941,172.31.40.0-255,66,102566,62,216898
6607,0.000961,74.125.24.0-255,2184,104750,62,216898
6608,0.000963,172.31.40.0-255,66,104816,62,216898
6609,0.001743,74.125.24.0-255,1484,106300,62,216898
6610,0.001749,74.125.24.0-255,2902,109202,62,216898
6611,0.001753,172.31.40.0-255,66,109268,62,216898
6612,0.001769,74.125.24.0-255,1484,110752,62,216898
6613,0.001782,74.125.24.0-255,4320,115072,62,216898
6614,0.001795,172.31.40.0-255,66,115138,62,216898
6615,0.001802,172.31.40.0-255,66,115204,62,216898
6616,0.001807,74.125.24.0-255,2902,118106,62,216898
6617,0.001809,172.31.40.0-255,66,118172,62,216898
6618,0.001816,74.125.24.0-255,7156,125328,62,216898
6619,0.001818,172.31.40.0-255,66,125394,62,216898
6620,0.001856,74.125.24.0-255,3602,128996,62,216898
6621,0.001859,172.31.40.0-255,66,129062,62,216898
6622,0.002009,74.125.24.0-255,1484,130546,62,216898
6623,0.002025,74.125.24.0-255,2902,133448,62,216898
6624,0.002029,172.31.40.0-255,66,133514,62,216898
6625,0.002036,74.125.24.0-255,5738,139252,62,216898
6626,0.002039,172.31.40.0-255,66,139318,62,216898
6627,0.002042,74.125.24.0-255,1484,140802,62,216898
6628,0.002067,74.125.24.0-255,5738,146540,62,216898
6629,0.00207,172.31.40.0-255,66,146606,62,216898
6630,0.002105,74.125.24.0-255,4320,150926,62,216898
6631,0.002109,172.31.40.0-255,66,150992,62,216898
6632,0.002144,172.31.40.0-255,66,151058,62,216898
6633,0.002188,172.31.40.0-255,66,151124,62,216898
6634,0.002248,172.31.40.0-255,66,151190,62,216898
6635,0.00226,74.125.24.0-255,4320,155510,62,216898
6636,0.002287,74.125.24.0-255,2184,157694,62,216898
6637,0.002306,74.125.24.0-255,7156,164850,62,216898
6638,0.002321,74.125.24.0-255,7156,172006,62,216898
6639,0.002327,74.125.24.0-255,5738,177744,62,216898
6640,0.002373,74.125.24.0-255,1484,179228,62,216898
6641,0.00245,74.125.24.0-255,1484,180712,62,216898
6642,0.002471,74.125.24.0-255,4320,185032,62,216898
6643,0.002488,74.125.24.0-255,5738,190770,62,216898
6644,0.002561,74.125.24.0-255,6438,197208,62,216898
6645,0.007348,172.31.40.0-255,66,197274,62,216898
6646,0.007356,172.31.40.0-255,66,197340,62,216898
6647,0.007359,172.31.40.0-255,66,197406,62,216898
6648,0.007362,172.31.40.0-255,66,197472,62,216898
6649,0.007375,172.31.40.0-255,66,197538,62,216898
6650,0.007378,172.31.40.0-255,66,197604,62,216898
6651,0.007381,172.31.40.0-255,66,197670,62,216898
6652,0.007384,172.31.40.0-255,66,197736,62,216898
6653,0.007388,172.31.40.0-255,66,197802,62,216898
6654,0.007392,172.31.40.0-255,66,197868,62,216898
6655,0.007395,172.31.40.0-255,66,197934,62,216898
6656,0.007399,172.31.40.0-255,66,198000,62,216898
6657,0.007403,172.31.40.0-255,66,198066,62,216898
6658,0.007406,172.31.40.0-255,66,198132,62,216898
6659,0.007408,172.31.40.0-255,66,198198,62,216898
6660,0.007411,172.31.40.0-255,66,198264,62,216898
6661,0.007415,172.31.40.0-255,66,198330,62,216898
6662,0.009891,74.125.24.0-255,5738,204068,62,216898
6663,0.0099,172.31.40.0-255,66,204134,62,216898
6664,0.012368,74.125.24.0-255,5738,209872,62,216898
6665,0.012376,172.31.40.0-255,66,209938,62,216898
6666,0.014855,74.125.24.0-255,5738,215676,62,216898
6667,0.014866,172.31.40.0-255,66,215742,62,216898
6668,0.017309,74.125.24.0-255,985,216727,62,216898
6669,0.018291,172.31.40.0-255,66,216793,62,216898
6670,0.018336,172.31.40.0-255,105,216898,62,216898
6671,0.0,74.125.24.0-255,150,150,62,233338
6672,1.2e-05,172.31.40.0-255,66,216,62,233338
6673,1.6e-05,74.125.24.0-255,1484,1700,62,233338
6674,2.1e-05,172.31.40.0-255,66,1766,62,233338
6675,4.1e-05,74.125.24.0-255,2902,4668,62,233338
6676,4.4e-05,172.31.40.0-255,66,4734,62,233338
6677,5.5e-05,74.125.24.0-255,7156,11890,62,233338
6678,5.7e-05,172.31.40.0-255,66,11956,62,233338
6679,6.1e-05,74.125.24.0-255,2064,14020,62,233338
6680,6.3e-05,172.31.40.0-255,66,14086,62,233338
6681,0.000184,74.125.24.0-255,1484,15570,62,233338
6682,0.000188,172.31.40.0-255,66,15636,62,233338
6683,0.000194,74.125.24.0-255,2902,18538,62,233338
6684,0.000196,172.31.40.0-255,66,18604,62,233338
6685,0.000225,74.125.24.0-255,5738,24342,62,233338
6686,0.000228,172.31.40.0-255,66,24408,62,233338
6687,0.000251,74.125.24.0-255,4320,28728,62,233338
6688,0.000254,172.31.40.0-255,66,28794,62,233338
6689,0.000284,172.31.40.0-255,66,28860,62,233338
6690,0.000291,74.125.24.0-255,7156,36016,62,233338
6691,0.000293,172.31.40.0-255,66,36082,62,233338
6692,0.000311,74.125.24.0-255,2543,38625,62,233338
6693,0.000313,172.31.40.0-255,66,38691,62,233338
6694,0.001162,74.125.24.0-255,1484,40175,62,233338
6695,0.001168,172.31.40.0-255,66,40241,62,233338
6696,0.001177,74.125.24.0-255,2902,43143,62,233338
6697,0.001179,172.31.40.0-255,66,43209,62,233338
6698,0.001189,74.125.24.0-255,5738,48947,62,233338
6699,0.001191,172.31.40.0-255,66,49013,62,233338
6700,0.001232,74.125.24.0-255,7156,56169,62,233338
6701,0.001234,172.31.40.0-255,66,56235,62,233338
6702,0.001253,74.125.24.0-255,286,56521,62,233338
6703,0.001282,74.125.24.0-255,5738,62259,62,233338
6704,0.001301,74.125.24.0-255,2902,65161,62,233338
6705,0.001304,74.125.24.0-255,1484,66645,62,233338
6706,0.001318,74.125.24.0-255,4320,70965,62,233338
6707,0.001381,74.125.24.0-255,2543,73508,62,233338
6708,0.001654,74.125.24.0-255,1484,74992,62,233338
6709,0.001661,74.125.24.0-255,2902,77894,62,233338
6710,0.001665,74.125.24.0-255,2902,80796,62,233338
6711,0.001678,74.125.24.0-255,2902,83698,62,233338
6712,0.001699,74.125.24.0-255,7156,90854,62,233338
6713,0.001711,74.125.24.0-255,4320,95174,62,233338
6714,0.00174,74.125.24.0-255,5738,100912,62,233338
6715,0.001754,74.125.24.0-255,6438,107350,62,233338
6716,0.001757,74.125.24.0-255,1484,108834,62,233338
6717,0.001761,74.125.24.0-255,2902,111736,62,233338
6718,0.001776,74.125.24.0-255,5738,117474,62,233338
6719,0.001792,74.125.24.0-255,4320,121794,62,233338
6720,0.001805,74.125.24.0-255,2902,124696,62,233338
6721,0.001839,74.125.24.0-255,2184,126880,62,233338
6722,0.001897,74.125.24.0-255,1484,128364,62,233338
6723,0.001911,74.125.24.0-255,2902,131266,62,233338
6724,0.001923,74.125.24.0-255,5738,137004,62,233338
6725,0.001963,74.125.24.0-255,2902,139906,62,233338
6726,0.002003,74.125.24.0-255,2902,142808,62,233338
6727,0.002095,74.125.24.0-255,1484,144292,62,233338
6728,0.002099,74.125.24.0-255,2902,147194,62,233338
6729,0.002119,74.125.24.0-255,5738,152932,62,233338
6730,0.002139,74.125.24.0-255,4320,157252,62,233338
6731,0.0022,74.125.24.0-255,2184,159436,62,233338
6732,0.002261,74.125.24.0-255,1484,160920,62,233338
6733,0.002276,74.125.24.0-255,2902,163822,62,233338
6734,0.002312,74.125.24.0-255,2902,166724,62,233338
6735,0.002331,74.125.24.0-255,1484,168208,62,233338
6736,0.002337,74.125.24.0-255,5738,173946,62,233338
6737,0.002355,74.125.24.0-255,4320,178266,62,233338
6738,0.002379,74.125.24.0-255,7156,185422,62,233338
6739,0.002412,74.125.24.0-255,5738,191160,62,233338
6740,0.002451,74.125.24.0-255,2902,194062,62,233338
6741,0.002501,74.125.24.0-255,1484,195546,62,233338
6742,0.002514,74.125.24.0-255,2902,198448,62,233338
6743,0.002545,74.125.24.0-255,1484,199932,62,233338
6744,0.002565,74.125.24.0-255,4320,204252,62,233338
6745,0.004493,172.31.40.0-255,66,204318,62,233338
6746,0.007042,74.125.24.0-255,5738,210056,62,233338
6747,0.007047,172.31.40.0-255,66,210122,62,233338
6748,0.00962,74.125.24.0-255,5738,215860,62,233338
6749,0.009627,172.31.40.0-255,66,215926,62,233338
6750,0.012183,74.125.24.0-255,5738,221664,62,233338
6751,0.014815,172.31.40.0-255,66,221730,62,233338
6752,0.017358,74.125.24.0-255,5738,227468,62,233338
6753,0.01737,172.31.40.0-255,66,227534,62,233338
6754,0.019903,74.125.24.0-255,5738,233272,62,233338
6755,0.019913,172.31.40.0-255,66,233338,62,233338
6756,0.0,74.125.68.0-255,146,146,62,150442
6757,1.9e-05,172.31.40.0-255,66,212,62,150442
6758,2.6e-05,74.125.68.0-255,1484,1696,62,150442
6759,3e-05,172.31.40.0-255,66,1762,62,150442
6760,3.6e-05,74.125.68.0-255,2902,4664,62,150442
6761,3.9e-05,172.31.40.0-255,66,4730,62,150442
6762,4.2e-05,74.125.68.0-255,1484,6214,62,150442
6763,4.5e-05,172.31.40.0-255,66,6280,62,150442
6764,5e-05,74.125.68.0-255,2902,9182,62,150442
6765,5.2e-05,172.31.40.0-255,66,9248,62,150442
6766,8.1e-05,74.125.68.0-255,1484,10732,62,150442
6767,8.3e-05,172.31.40.0-255,66,10798,62,150442
6768,0.000103,74.125.68.0-255,3520,14318,62,150442
6769,0.000105,172.31.40.0-255,66,14384,62,150442
6770,0.000144,74.125.68.0-255,5738,20122,62,150442
6771,0.000147,172.31.40.0-255,66,20188,62,150442
6772,0.00015,74.125.68.0-255,1484,21672,62,150442
6773,0.000151,172.31.40.0-255,66,21738,62,150442
6774,0.000168,74.125.68.0-255,5738,27476,62,150442
6775,0.000172,172.31.40.0-255,66,27542,62,150442
6776,0.000187,74.125.68.0-255,1484,29026,62,150442
6777,0.000189,172.31.40.0-255,66,29092,62,150442
6778,0.000206,74.125.68.0-255,2543,31635,62,150442
6779,0.000208,172.31.40.0-255,66,31701,62,150442
6780,0.000551,74.125.68.0-255,1484,33185,62,150442
6781,0.000556,172.31.40.0-255,66,33251,62,150442
6782,0.000561,74.125.68.0-255,2902,36153,62,150442
6783,0.000563,172.31.40.0-255,66,36219,62,150442
6784,0.000594,74.125.68.0-255,5738,41957,62,150442
6785,0.000597,172.31.40.0-255,66,42023,62,150442
6786,0.0006,74.125.68.0-255,2902,44925,62,150442
6787,0.000602,172.31.40.0-255,66,44991,62,150442
6788,0.000607,74.125.68.0-255,3961,48952,62,150442
6789,0.000609,172.31.40.0-255,66,49018,62,150442
6790,0.00065,74.125.68.0-255,1484,50502,62,150442
6791,0.000655,74.125.68.0-255,2902,53404,62,150442
6792,0.000657,172.31.40.0-255,66,53470,62,150442
6793,0.000676,74.125.68.0-255,1484,54954,62,150442
6794,0.000693,74.125.68.0-255,4320,59274,62,150442
6795,0.000698,74.125.68.0-255,4320,63594,62,150442
6796,0.000705,172.31.40.0-255,66,63660,62,150442
6797,0.000711,74.125.68.0-255,1484,65144,62,150442
6798,0.000753,74.125.68.0-255,1398,66542,62,150442
6799,0.000764,172.31.40.0-255,66,66608,62,150442
6800,0.001652,74.125.68.0-255,130,66738,62,150442
6801,0.001694,74.125.68.0-255,1484,68222,62,150442
6802,0.001699,172.31.40.0-255,66,68288,62,150442
6803,0.001706,74.125.68.0-255,2902,71190,62,150442
6804,0.001708,172.31.40.0-255,66,71256,62,150442
6805,0.001736,74.125.68.0-255,4320,75576,62,150442
6806,0.001738,172.31.40.0-255,66,75642,62,150442
6807,0.001742,74.125.68.0-255,1484,77126,62,150442
6808,0.001762,74.125.68.0-255,7156,84282,62,150442
6809,0.001764,172.31.40.0-255,66,84348,62,150442
6810,0.001767,74.125.68.0-255,1484,85832,62,150442
6811,0.001786,74.125.68.0-255,4320,90152,62,150442
6812,0.001789,172.31.40.0-255,66,90218,62,150442
6813,0.001797,74.125.68.0-255,7156,97374,62,150442
6814,0.001817,74.125.68.0-255,3602,100976,62,150442
6815,0.002066,74.125.68.0-255,1484,102460,62,150442
6816,0.002079,74.125.68.0-255,2902,105362,62,150442
6817,0.0021,74.125.68.0-255,1484,106846,62,150442
6818,0.00212,74.125.68.0-255,4320,111166,62,150442
6819,0.002128,74.125.68.0-255,5738,116904,62,150442
6820,0.006124,172.31.40.0-255,66,116970,62,150442
6821,0.008248,74.125.68.0-255,5738,122708,62,150442
6822,0.008256,172.31.40.0-255,66,122774,62,150442
6823,0.010382,74.125.68.0-255,4320,127094,62,150442
6824,0.010389,172.31.40.0-255,66,127160,62,150442
6825,0.010406,74.125.68.0-255,1484,128644,62,150442
6826,0.0125,74.125.68.0-255,4320,132964,62,150442
6827,0.012506,172.31.40.0-255,66,133030,62,150442
6828,0.014661,74.125.68.0-255,5738,138768,62,150442
6829,0.014671,172.31.40.0-255,66,138834,62,150442
6830,0.016792,74.125.68.0-255,5738,144572,62,150442
6831,0.016802,172.31.40.0-255,66,144638,62,150442
6832,0.018923,74.125.68.0-255,5738,150376,62,150442
6833,0.01893,172.31.40.0-255,66,150442,62,150442
6834,0.0,74.125.68.0-255,146,146,62,153942
6835,1.4e-05,172.31.40.0-255,66,212,62,153942
6836,3.1e-05,74.125.68.0-255,1484,1696,62,153942
6837,4.2e-05,172.31.40.0-255,66,1762,62,153942
6838,4.7e-05,74.125.68.0-255,2902,4664,62,153942
6839,5e-05,172.31.40.0-255,66,4730,62,153942
6840,5.5e-05,74.125.68.0-255,2902,7632,62,153942
6841,5.7e-05,172.31.40.0-255,66,7698,62,153942
6842,8.5e-05,74.125.68.0-255,2902,10600,62,153942
6843,9.2e-05,172.31.40.0-255,66,10666,62,153942
6844,9.5e-05,74.125.68.0-255,1484,12150,62,153942
6845,9.7e-05,172.31.40.0-255,66,12216,62,153942
6846,0.000101,74.125.68.0-255,2075,14291,62,153942
6847,0.000103,172.31.40.0-255,66,14357,62,153942
6848,0.00015,74.125.68.0-255,1484,15841,62,153942
6849,0.000152,172.31.40.0-255,66,15907,62,153942
6850,0.000155,74.125.68.0-255,1484,17391,62,153942
6851,0.000158,172.31.40.0-255,66,17457,62,153942
6852,0.000195,74.125.68.0-255,1484,18941,62,153942
6853,0.000197,172.31.40.0-255,66,19007,62,153942
6854,0.0002,74.125.68.0-255,1484,20491,62,153942
6855,0.000202,172.31.40.0-255,66,20557,62,153942
6856,0.000207,74.125.68.0-255,2902,23459,62,153942
6857,0.000209,172.31.40.0-255,66,23525,62,153942
6858,0.000217,74.125.68.0-255,2902,26427,62,153942
6859,0.00022,172.31.40.0-255,66,26493,62,153942
6860,0.000242,74.125.68.0-255,2902,29395,62,153942
6861,0.000249,172.31.40.0-255,66,29461,62,153942
6862,0.000253,74.125.68.0-255,2902,32363,62,153942
6863,0.000255,172.31.40.0-255,66,32429,62,153942
6864,0.00026,74.125.68.0-255,4320,36749,62,153942
6865,0.000262,172.31.40.0-255,66,36815,62,153942
6866,0.000303,172.31.40.0-255,66,36881,62,153942
6867,0.000338,74.125.68.0-255,3602,40483,62,153942
6868,0.000341,172.31.40.0-255,66,40549,62,153942
6869,0.000701,74.125.68.0-255,1484,42033,62,153942
6870,0.000707,74.125.68.0-255,2902,44935,62,153942
6871,0.000713,172.31.40.0-255,66,45001,62,153942
6872,0.000725,74.125.68.0-255,5738,50739,62,153942
6873,0.000727,172.31.40.0-255,66,50805,62,153942
6874,0.000731,74.125.68.0-255,2902,53707,62,153942
6875,0.000738,172.31.40.0-255,66,53773,62,153942
6876,0.000742,74.125.68.0-255,2902,56675,62,153942
6877,0.000744,172.31.40.0-255,66,56741,62,153942
6878,0.000772,74.125.68.0-255,1400,58141,62,153942
6879,0.001022,172.31.40.0-255,66,58207,62,153942
6880,0.00139,74.125.68.0-255,1484,59691,62,153942
6881,0.001402,74.125.68.0-255,2902,62593,62,153942
6882,0.001406,172.31.40.0-255,66,62659,62,153942
6883,0.001443,74.125.68.0-255,5738,68397,62,153942
6884,0.001446,172.31.40.0-255,66,68463,62,153942
6885,0.00145,74.125.68.0-255,2902,71365,62,153942
6886,0.001452,172.31.40.0-255,66,71431,62,153942
6887,0.001488,172.31.40.0-255,66,71497,62,153942
6888,0.001501,172.31.40.0-255,66,71563,62,153942
6889,0.001548,74.125.68.0-255,1484,73047,62,153942
6890,0.001578,172.31.40.0-255,66,73113,62,153942
6891,0.001581,74.125.68.0-255,1484,74597,62,153942
6892,0.001619,172.31.40.0-255,66,74663,62,153942
6893,0.001625,74.125.68.0-255,5738,80401,62,153942
6894,0.001627,172.31.40.0-255,66,80467,62,153942
6895,0.001682,74.125.68.0-255,1080,81547,62,153942
6896,0.001693,74.125.68.0-255,1484,83031,62,153942
6897,0.001695,172.31.40.0-255,66,83097,62,153942
6898,0.0017,74.125.68.0-255,2902,85999,62,153942
6899,0.001703,172.31.40.0-255,66,86065,62,153942
6900,0.001707,74.125.68.0-255,2902,88967,62,153942
6901,0.001709,172.31.40.0-255,66,89033,62,153942
6902,0.001744,74.125.68.0-255,1484,90517,62,153942
6903,0.001757,172.31.40.0-255,66,90583,62,153942
6904,0.001763,74.125.68.0-255,5738,96321,62,153942
6905,0.001765,172.31.40.0-255,66,96387,62,153942
6906,0.001798,74.125.68.0-255,7156,103543,62,153942
6907,0.0018,172.31.40.0-255,66,103609,62,153942
6908,0.001805,74.125.68.0-255,3602,107211,62,153942
6909,0.001807,172.31.40.0-255,66,107277,62,153942
6910,0.003828,74.125.68.0-255,1484,108761,62,153942
6911,0.003883,74.125.68.0-255,4320,113081,62,153942
6912,0.003888,172.31.40.0-255,66,113147,62,153942
6913,0.005958,74.125.68.0-255,5738,118885,62,153942
6914,0.005964,172.31.40.0-255,66,118951,62,153942
6915,0.008005,74.125.68.0-255,5738,124689,62,153942
6916,0.008011,172.31.40.0-255,66,124755,62,153942
6917,0.008138,172.31.40.0-255,101,124856,62,153942
6918,0.01005,74.125.68.0-255,5738,130594,62,153942
6919,0.010058,172.31.40.0-255,66,130660,62,153942
6920,0.01015,74.125.68.0-255,66,130726,62,153942
6921,0.012087,74.125.68.0-255,5738,136464,62,153942
6922,0.012099,172.31.40.0-255,66,136530,62,153942
6923,0.014149,74.125.68.0-255,5738,142268,62,153942
6924,0.014162,172.31.40.0-255,66,142334,62,153942
6925,0.016212,74.125.68.0-255,5738,148072,62,153942
6926,0.016225,172.31.40.0-255,66,148138,62,153942
6927,0.018266,74.125.68.0-255,5738,153876,62,153942
6928,0.018276,172.31.40.0-255,66,153942,62,153942
6929,0.0,74.125.200.0-255,146,146,62,177523
6930,2.2e-05,172.31.40.0-255,66,212,62,177523
6931,2.9e-05,74.125.200.0-255,1484,1696,62,177523
6932,3.3e-05,172.31.40.0-255,66,1762,62,177523
6933,3.9e-05,74.125.200.0-255,2902,4664,62,177523
6934,5e-05,172.31.40.0-255,66,4730,62,177523
6935,5.6e-05,74.125.200.0-255,5738,10468,62,177523
6936,5.9e-05,172.31.40.0-255,66,10534,62,177523
6937,6.5e-05,74.125.200.0-255,3515,14049,62,177523
6938,6.8e-05,172.31.40.0-255,66,14115,62,177523
6939,0.00034,74.125.200.0-255,1484,15599,62,177523
6940,0.000347,172.31.40.0-255,66,15665,62,177523
6941,0.000352,74.125.200.0-255,2902,18567,62,177523
6942,0.000354,172.31.40.0-255,66,18633,62,177523
6943,0.000361,74.125.200.0-255,5738,24371,62,177523
6944,0.000369,172.31.40.0-255,66,24437,62,177523
6945,0.000373,74.125.200.0-255,2902,27339,62,177523
6946,0.000375,172.31.40.0-255,66,27405,62,177523
6947,0.000378,74.125.200.0-255,1484,28889,62,177523
6948,0.00038,172.31.40.0-255,66,28955,62,177523
6949,0.000407,74.125.200.0-255,2543,31498,62,177523
6950,0.000414,172.31.40.0-255,66,31564,62,177523
6951,0.000603,74.125.200.0-255,1484,33048,62,177523
6952,0.000607,172.31.40.0-255,66,33114,62,177523
6953,0.00063,74.125.200.0-255,2902,36016,62,177523
6954,0.000633,74.125.200.0-255,1484,37500,62,177523
6955,0.000637,172.31.40.0-255,66,37566,62,177523
6956,0.000644,172.31.40.0-255,66,37632,62,177523
6957,0.000668,74.125.200.0-255,2902,40534,62,177523
6958,0.000671,172.31.40.0-255,66,40600,62,177523
6959,0.000684,172.31.40.0-255,66,40666,62,177523
6960,0.000687,74.125.200.0-255,2902,43568,62,177523
6961,0.000691,172.31.40.0-255,66,43634,62,177523
6962,0.000736,74.125.200.0-255,4320,47954,62,177523
6963,0.000739,172.31.40.0-255,66,48020,62,177523
6964,0.000773,172.31.40.0-255,66,48086,62,177523
6965,0.000776,74.125.200.0-255,131,48217,62,177523
6966,0.000778,172.31.40.0-255,66,48283,62,177523
6967,0.000896,74.125.200.0-255,342,48625,62,177523
6968,0.000902,172.31.40.0-255,66,48691,62,177523
6969,0.000945,74.125.200.0-255,1484,50175,62,177523
6970,0.000949,172.31.40.0-255,66,50241,62,177523
6971,0.000954,74.125.200.0-255,2902,53143,62,177523
6972,0.000957,172.31.40.0-255,66,53209,62,177523
6973,0.000979,74.125.200.0-255,1484,54693,62,177523
6974,0.000982,172.31.40.0-255,66,54759,62,177523
6975,0.000999,172.31.40.0-255,66,54825,62,177523
6976,0.001051,74.125.200.0-255,6438,61263,62,177523
6977,0.001456,74.125.200.0-255,1484,62747,62,177523
6978,0.001484,74.125.200.0-255,2902,65649,62,177523
6979,0.001488,74.125.200.0-255,2902,68551,62,177523
6980,0.001492,74.125.200.0-255,1484,70035,62,177523
6981,0.001508,74.125.200.0-255,2902,72937,62,177523
6982,0.001537,74.125.200.0-255,1484,74421,62,177523
6983,0.001552,74.125.200.0-255,7156,81577,62,177523
6984,0.001567,74.125.200.0-255,1484,83061,62,177523
6985,0.001627,74.125.200.0-255,1484,84545,62,177523
6986,0.001644,74.125.200.0-255,1484,86029,62,177523
6987,0.001647,74.125.200.0-255,766,86795,62,177523
6988,0.001868,74.125.200.0-255,1484,88279,62,177523
6989,0.001885,74.125.200.0-255,2902,91181,62,177523
6990,0.001907,74.125.200.0-255,4320,95501,62,177523
6991,0.001939,74.125.200.0-255,5738,101239,62,177523
6992,0.001961,74.125.200.0-255,2902,104141,62,177523
6993,0.001977,74.125.200.0-255,4320,108461,62,177523
6994,0.001993,74.125.200.0-255,4320,112781,62,177523
6995,0.002001,74.125.200.0-255,1484,114265,62,177523
6996,0.002026,74.125.200.0-255,6438,120703,62,177523
6997,0.002113,74.125.200.0-255,1484,122187,62,177523
6998,0.002136,74.125.200.0-255,2902,125089,62,177523
6999,0.002165,74.125.200.0-255,4320,129409,62,177523
7000,0.002187,74.125.200.0-255,1484,130893,62,177523
7001,0.002196,74.125.200.0-255,1484,132377,62,177523
7002,0.002211,74.125.200.0-255,1484,133861,62,177523
7003,0.002244,74.125.200.0-255,1484,135345,62,177523
7004,0.002262,74.125.200.0-255,2902,138247,62,177523
7005,0.002272,74.125.200.0-255,2902,141149,62,177523
7006,0.002285,74.125.200.0-255,2902,144051,62,177523
7007,0.002288,74.125.200.0-255,1484,145535,62,177523
7008,0.00229,74.125.200.0-255,1484,147019,62,177523
7009,0.002303,74.125.200.0-255,1484,148503,62,177523
7010,0.004607,172.31.40.0-255,66,148569,62,177523
7011,0.006944,74.125.200.0-255,5738,154307,62,177523
7012,0.006952,172.31.40.0-255,66,154373,62,177523
7013,0.009283,74.125.200.0-255,5738,160111,62,177523
7014,0.009291,172.31.40.0-255,66,160177,62,177523
7015,0.011606,74.125.200.0-255,5738,165915,62,177523
7016,0.011614,172.31.40.0-255,66,165981,62,177523
7017,0.013921,74.125.200.0-255,5738,171719,62,177523
7018,0.013929,172.31.40.0-255,66,171785,62,177523
7019,0.016235,74.125.200.0-255,5738,177523,62,177523
7020,0.0,74.125.68.0-255,153,153,62,243550
7021,1.8e-05,172.31.40.0-255,66,219,62,243550
7022,3.8e-05,74.125.68.0-255,1484,1703,62,243550
7023,4.2e-05,172.31.40.0-255,66,1769,62,243550
7024,4.7e-05,74.125.68.0-255,2902,4671,62,243550
7025,5e-05,172.31.40.0-255,66,4737,62,243550
7026,7.7e-05,74.125.68.0-255,2902,7639,62,243550
7027,8e-05,172.31.40.0-255,66,7705,62,243550
7028,0.000147,74.125.68.0-255,2902,10607,62,243550
7029,0.000151,172.31.40.0-255,66,10673,62,243550
7030,0.000171,74.125.68.0-255,1484,12157,62,243550
7031,0.000173,172.31.40.0-255,66,12223,62,243550
7032,0.000198,74.125.68.0-255,1484,13707,62,243550
7033,0.0002,172.31.40.0-255,66,13773,62,243550
7034,0.000202,74.125.68.0-255,683,14456,62,243550
7035,0.000204,172.31.40.0-255,66,14522,62,243550
7036,0.000283,74.125.68.0-255,1484,16006,62,243550
7037,0.000287,172.31.40.0-255,66,16072,62,243550
7038,0.000291,74.125.68.0-255,2902,18974,62,243550
7039,0.000293,172.31.40.0-255,66,19040,62,243550
7040,0.000317,74.125.68.0-255,5738,24778,62,243550
7041,0.000319,172.31.40.0-255,66,24844,62,243550
7042,0.000369,74.125.68.0-255,1484,26328,62,243550
7043,0.000372,172.31.40.0-255,66,26394,62,243550
7044,0.000376,74.125.68.0-255,2902,29296,62,243550
7045,0.000379,172.31.40.0-255,66,29362,62,243550
7046,0.000385,74.125.68.0-255,6797,36159,62,243550
7047,0.000388,172.31.40.0-255,66,36225,62,243550
7048,0.000392,74.125.68.0-255,2902,39127,62,243550
7049,0.000394,172.31.40.0-255,66,39193,62,243550
7050,0.000399,74.125.68.0-255,4320,43513,62,243550
7051,0.000401,172.31.40.0-255,66,43579,62,243550
7052,0.000439,172.31.40.0-255,66,43645,62,243550
7053,0.000448,172.31.40.0-255,66,43711,62,243550
7054,0.00049,74.125.68.0-255,5318,49029,62,243550
7055,0.000493,172.31.40.0-255,66,49095,62,243550
7056,0.00052,74.125.68.0-255,411,49506,62,243550
7057,0.000679,74.125.68.0-255,1484,50990,62,243550
7058,0.000683,172.31.40.0-255,66,51056,62,243550
7059,0.000688,74.125.68.0-255,2902,53958,62,243550
7060,0.000691,172.31.40.0-255,66,54024,62,243550
7061,0.000706,74.125.68.0-255,4320,58344,62,243550
7062,0.000709,172.31.40.0-255,66,58410,62,243550
7063,0.000728,74.125.68.0-255,1484,59894,62,243550
7064,0.000758,74.125.68.0-255,5738,65632,62,243550
7065,0.000762,172.31.40.0-255,66,65698,62,243550
7066,0.000793,74.125.68.0-255,1484,67182,62,243550
7067,0.000797,172.31.40.0-255,66,67248,62,243550
7068,0.000814,172.31.40.0-255,66,67314,62,243550
7069,0.001263,74.125.68.0-255,1484,68798,62,243550
7070,0.001269,74.125.68.0-255,2902,71700,62,243550
7071,0.001273,172.31.40.0-255,66,71766,62,243550
7072,0.001311,74.125.68.0-255,5738,77504,62,243550
7073,0.001314,172.31.40.0-255,66,77570,62,243550
7074,0.001319,74.125.68.0-255,2902,80472,62,243550
7075,0.001321,172.31.40.0-255,66,80538,62,243550
7076,0.001326,74.125.68.0-255,4320,84858,62,243550
7077,0.001328,172.31.40.0-255,66,84924,62,243550
7078,0.001369,172.31.40.0-255,66,84990,62,243550
7079,0.001375,74.125.68.0-255,4320,89310,62,243550
7080,0.001378,172.31.40.0-255,66,89376,62,243550
7081,0.001392,74.125.68.0-255,1484,90860,62,243550
7082,0.001409,74.125.68.0-255,2184,93044,62,243550
7083,0.001412,172.31.40.0-255,66,93110,62,243550
7084,0.001506,74.125.68.0-255,1484,94594,62,243550
7085,0.001519,74.125.68.0-255,2902,97496,62,243550
7086,0.001522,172.31.40.0-255,66,97562,62,243550
7087,0.001528,74.125.68.0-255,4320,101882,62,243550
7088,0.00153,172.31.40.0-255,66,101948,62,243550
7089,0.00157,172.31.40.0-255,66,102014,62,243550
7090,0.001574,74.125.68.0-255,2902,104916,62,243550
7091,0.001576,172.31.40.0-255,66,104982,62,243550
7092,0.001599,74.125.68.0-255,7156,112138,62,243550
7093,0.001602,172.31.40.0-255,66,112204,62,243550
7094,0.001607,74.125.68.0-255,4320,116524,62,243550
7095,0.001609,172.31.40.0-255,66,116590,62,243550
7096,0.001647,74.125.68.0-255,5020,121610,62,243550
7097,0.001651,172.31.40.0-255,66,121676,62,243550
7098,0.00167,74.125.68.0-255,2902,124578,62,243550
7099,0.001672,172.31.40.0-255,66,124644,62,243550
7100,0.001716,74.125.68.0-255,4320,128964,62,243550
7101,0.00172,172.31.40.0-255,66,129030,62,243550
7102,0.001731,172.31.40.0-255,66,129096,62,243550
7103,0.001737,74.125.68.0-255,5738,134834,62,243550
7104,0.00174,172.31.40.0-255,66,134900,62,243550
7105,0.001747,74.125.68.0-255,7156,142056,62,243550
7106,0.001749,172.31.40.0-255,66,142122,62,243550
7107,0.001753,74.125.68.0-255,2184,144306,62,243550
7108,0.001755,172.31.40.0-255,66,144372,62,243550
7109,0.001886,74.125.68.0-255,1484,145856,62,243550
7110,0.001933,74.125.68.0-255,2902,148758,62,243550
7111,0.001936,172.31.40.0-255,66,148824,62,243550
7112,0.00194,74.125.68.0-255,1484,150308,62,243550
7113,0.001946,74.125.68.0-255,5738,156046,62,243550
7114,0.001947,172.31.40.0-255,66,156112,62,243550
7115,0.001952,74.125.68.0-255,4320,160432,62,243550
7116,0.001954,172.31.40.0-255,66,160498,62,243550
7117,0.001973,172.31.40.0-255,66,160564,62,243550
7118,0.001978,74.125.68.0-255,4320,164884,62,243550
7119,0.00198,172.31.40.0-255,66,164950,62,243550
7120,0.00202,74.125.68.0-255,1484,166434,62,243550
7121,0.002033,74.125.68.0-255,3602,170036,62,243550
7122,0.002036,172.31.40.0-255,66,170102,62,243550
7123,0.002187,74.125.68.0-255,1484,171586,62,243550
7124,0.002199,74.125.68.0-255,2902,174488,62,243550
7125,0.002202,172.31.40.0-255,66,174554,62,243550
7126,0.002227,74.125.68.0-255,5738,180292,62,243550
7127,0.002229,172.31.40.0-255,66,180358,62,243550
7128,0.002257,74.125.68.0-255,7156,187514,62,243550
7129,0.00226,172.31.40.0-255,66,187580,62,243550
7130,0.002286,172.31.40.0-255,66,187646,62,243550
7131,0.00234,74.125.68.0-255,4320,191966,62,243550
7132,0.002343,172.31.40.0-255,66,192032,62,243550
7133,0.002366,74.125.68.0-255,6438,198470,62,243550
7134,0.002368,172.31.40.0-255,66,198536,62,243550
7135,0.002373,74.125.68.0-255,4320,202856,62,243550
7136,0.002375,172.31.40.0-255,66,202922,62,243550
7137,0.002392,74.125.68.0-255,5738,208660,62,243550
7138,0.002394,172.31.40.0-255,66,208726,62,243550
7139,0.004721,74.125.68.0-255,5738,214464,62,243550
7140,0.008194,172.31.40.0-255,66,214530,62,243550
7141,0.010536,74.125.68.0-255,5738,220268,62,243550
7142,0.010546,172.31.40.0-255,66,220334,62,243550
7143,0.012887,74.125.68.0-255,5738,226072,62,243550
7144,0.012896,172.31.40.0-255,66,226138,62,243550
7145,0.015251,74.125.68.0-255,5738,231876,62,243550
7146,0.01526,172.31.40.0-255,66,231942,62,243550
7147,0.017602,74.125.68.0-255,5738,237680,62,243550
7148,0.01761,172.31.40.0-255,66,237746,62,243550
7149,0.019953,74.125.68.0-255,5738,243484,62,243550
7150,0.019959,172.31.40.0-255,66,243550,62,243550
7151,0.0,74.125.68.0-255,152,152,62,131765
7152,2.1e-05,172.31.40.0-255,66,218,62,131765
7153,2.8e-05,74.125.68.0-255,1484,1702,62,131765
7154,3.3e-05,172.31.40.0-255,66,1768,62,131765
7155,4.6e-05,74.125.68.0-255,2902,4670,62,131765
7156,5e-05,172.31.40.0-255,66,4736,62,131765
7157,5.7e-05,74.125.68.0-255,5738,10474,62,131765
7158,6.1e-05,172.31.40.0-255,66,10540,62,131765
7159,6.6e-05,74.125.68.0-255,3516,14056,62,131765
7160,6.9e-05,172.31.40.0-255,66,14122,62,131765
7161,7.2e-05,74.125.68.0-255,1484,15606,62,131765
7162,7.5e-05,172.31.40.0-255,66,15672,62,131765
7163,0.000105,74.125.68.0-255,2902,18574,62,131765
7164,0.000109,172.31.40.0-255,66,18640,62,131765
7165,0.000125,172.31.40.0-255,66,18706,62,131765
7166,0.000174,74.125.68.0-255,2543,21249,62,131765
7167,0.000177,172.31.40.0-255,66,21315,62,131765
7168,0.000266,74.125.68.0-255,1484,22799,62,131765
7169,0.00027,172.31.40.0-255,66,22865,62,131765
7170,0.000275,74.125.68.0-255,2902,25767,62,131765
7171,0.000278,172.31.40.0-255,66,25833,62,131765
7172,0.000283,74.125.68.0-255,4320,30153,62,131765
7173,0.000285,172.31.40.0-255,66,30219,62,131765
7174,0.000315,74.125.68.0-255,1484,31703,62,131765
7175,0.000317,172.31.40.0-255,66,31769,62,131765
7176,0.000322,74.125.68.0-255,4320,36089,62,131765
7177,0.000325,172.31.40.0-255,66,36155,62,131765
7178,0.000361,74.125.68.0-255,3961,40116,62,131765
7179,0.000364,172.31.40.0-255,66,40182,62,131765
7180,0.000394,74.125.68.0-255,4320,44502,62,131765
7181,0.000396,172.31.40.0-255,66,44568,62,131765
7182,0.000427,74.125.68.0-255,7156,51724,62,131765
7183,0.00043,172.31.40.0-255,66,51790,62,131765
7184,0.000458,74.125.68.0-255,4235,56025,62,131765
7185,0.000461,172.31.40.0-255,66,56091,62,131765
7186,0.001021,74.125.68.0-255,135,56226,62,131765
7187,0.001109,74.125.68.0-255,343,56569,62,131765
7188,0.001375,172.31.40.0-255,66,56635,62,131765
7189,0.00142,74.125.68.0-255,1484,58119,62,131765
7190,0.001445,74.125.68.0-255,1484,59603,62,131765
7191,0.001449,172.31.40.0-255,66,59669,62,131765
7192,0.00146,74.125.68.0-255,1484,61153,62,131765
7193,0.001479,74.125.68.0-255,4320,65473,62,131765
7194,0.001481,172.31.40.0-255,66,65539,62,131765
7195,0.001504,74.125.68.0-255,1484,67023,62,131765
7196,0.001512,74.125.68.0-255,7156,74179,62,131765
7197,0.001515,172.31.40.0-255,66,74245,62,131765
7198,0.001519,74.125.68.0-255,2902,77147,62,131765
7199,0.001522,172.31.40.0-255,66,77213,62,131765
7200,0.001553,74.125.68.0-255,4320,81533,62,131765
7201,0.001555,172.31.40.0-255,66,81599,62,131765
7202,0.00158,74.125.68.0-255,4320,85919,62,131765
7203,0.001582,172.31.40.0-255,66,85985,62,131765
7204,0.001607,74.125.68.0-255,1484,87469,62,131765
7205,0.001646,74.125.68.0-255,3602,91071,62,131765
7206,0.001649,172.31.40.0-255,66,91137,62,131765
7207,0.003935,74.125.68.0-255,5738,96875,62,131765
7208,0.003942,172.31.40.0-255,66,96941,62,131765
7209,0.006239,74.125.68.0-255,5738,102679,62,131765
7210,0.006245,172.31.40.0-255,66,102745,62,131765
7211,0.008531,74.125.68.0-255,5738,108483,62,131765
7212,0.008538,172.31.40.0-255,66,108549,62,131765
7213,0.01084,74.125.68.0-255,5738,114287,62,131765
7214,0.010851,172.31.40.0-255,66,114353,62,131765
7215,0.013141,74.125.68.0-255,5738,120091,62,131765
7216,0.013149,172.31.40.0-255,66,120157,62,131765
7217,0.015453,74.125.68.0-255,5738,125895,62,131765
7218,0.015463,172.31.40.0-255,66,125961,62,131765
7219,0.017765,74.125.68.0-255,5738,131699,62,131765
7220,0.017772,172.31.40.0-255,66,131765,62,131765
7221,0.0,74.125.200.0-255,150,150,62,244859
7222,2.5e-05,172.31.40.0-255,66,216,62,244859
7223,3.3e-05,74.125.200.0-255,1484,1700,62,244859
7224,3.8e-05,172.31.40.0-255,66,1766,62,244859
7225,4.4e-05,74.125.200.0-255,2902,4668,62,244859
7226,4.8e-05,172.31.40.0-255,66,4734,62,244859
7227,5.4e-05,74.125.200.0-255,4320,9054,62,244859
7228,5.7e-05,172.31.40.0-255,66,9120,62,244859
7229,7.9e-05,74.125.200.0-255,2902,12022,62,244859
7230,8.2e-05,172.31.40.0-255,66,12088,62,244859
7231,0.000115,74.125.200.0-255,6344,18432,62,244859
7232,0.000118,172.31.40.0-255,66,18498,62,244859
7233,0.00013,172.31.40.0-255,66,18564,62,244859
7234,0.000135,74.125.200.0-255,2543,21107,62,244859
7235,0.000137,172.31.40.0-255,66,21173,62,244859
7236,0.000198,74.125.200.0-255,1484,22657,62,244859
7237,0.0002,172.31.40.0-255,66,22723,62,244859
7238,0.000204,74.125.200.0-255,1484,24207,62,244859
7239,0.000206,172.31.40.0-255,66,24273,62,244859
7240,0.000221,74.125.200.0-255,1484,25757,62,244859
7241,0.000223,172.31.40.0-255,66,25823,62,244859
7242,0.000226,74.125.200.0-255,1484,27307,62,244859
7243,0.000228,172.31.40.0-255,66,27373,62,244859
7244,0.000253,74.125.200.0-255,4320,31693,62,244859
7245,0.000255,172.31.40.0-255,66,31759,62,244859
7246,0.000262,74.125.200.0-255,5738,37497,62,244859
7247,0.000264,172.31.40.0-255,66,37563,62,244859
7248,0.000274,74.125.200.0-255,1484,39047,62,244859
7249,0.000276,172.31.40.0-255,66,39113,62,244859
7250,0.000283,74.125.200.0-255,5738,44851,62,244859
7251,0.000285,172.31.40.0-255,66,44917,62,244859
7252,0.000318,172.31.40.0-255,66,44983,62,244859
7253,0.000322,74.125.200.0-255,2184,47167,62,244859
7254,0.000324,172.31.40.0-255,66,47233,62,244859
7255,0.000326,74.125.200.0-255,360,47593,62,244859
7256,0.000351,74.125.200.0-255,135,47728,62,244859
7257,0.000523,74.125.200.0-255,1484,49212,62,244859
7258,0.000528,172.31.40.0-255,66,49278,62,244859
7259,0.000534,74.125.200.0-255,2902,52180,62,244859
7260,0.000536,172.31.40.0-255,66,52246,62,244859
7261,0.000539,74.125.200.0-255,1484,53730,62,244859
7262,0.000565,74.125.200.0-255,2902,56632,62,244859
7263,0.000568,172.31.40.0-255,66,56698,62,244859
7264,0.000575,74.125.200.0-255,5738,62436,62,244859
7265,0.000577,172.31.40.0-255,66,62502,62,244859
7266,0.000599,74.125.200.0-255,2902,65404,62,244859
7267,0.000601,172.31.40.0-255,66,65470,62,244859
7268,0.000634,172.31.40.0-255,66,65536,62,244859
7269,0.000679,74.125.200.0-255,6438,71974,62,244859
7270,0.000681,172.31.40.0-255,66,72040,62,244859
7271,0.001048,74.125.200.0-255,1484,73524,62,244859
7272,0.001055,74.125.200.0-255,2902,76426,62,244859
7273,0.001058,172.31.40.0-255,66,76492,62,244859
7274,0.001062,74.125.200.0-255,1484,77976,62,244859
7275,0.001079,74.125.200.0-255,4320,82296,62,244859
7276,0.001083,172.31.40.0-255,66,82362,62,244859
7277,0.001094,74.125.200.0-255,1484,83846,62,244859
7278,0.00112,172.31.40.0-255,66,83912,62,244859
7279,0.001125,74.125.200.0-255,2902,86814,62,244859
7280,0.001127,172.31.40.0-255,66,86880,62,244859
7281,0.001141,74.125.200.0-255,2902,89782,62,244859
7282,0.001143,172.31.40.0-255,66,89848,62,244859
7283,0.001169,74.125.200.0-255,6438,96286,62,244859
7284,0.001171,172.31.40.0-255,66,96352,62,244859
7285,0.0012,74.125.200.0-255,1484,97836,62,244859
7286,0.001218,74.125.200.0-255,2902,100738,62,244859
7287,0.001221,172.31.40.0-255,66,100804,62,244859
7288,0.001239,74.125.200.0-255,1484,102288,62,244859
7289,0.001263,74.125.200.0-255,4320,106608,62,244859
7290,0.001266,172.31.40.0-255,66,106674,62,244859
7291,0.001277,172.31.40.0-255,66,106740,62,244859
7292,0.001289,172.31.40.0-255,66,106806,62,244859
7293,0.001311,74.125.200.0-255,5020,111826,62,244859
7294,0.001314,172.31.40.0-255,66,111892,62,244859
7295,0.001376,74.125.200.0-255,1484,113376,62,244859
7296,0.001382,74.125.200.0-255,2902,116278,62,244859
7297,0.001384,172.31.40.0-255,66,116344,62,244859
7298,0.001388,74.125.200.0-255,1484,117828,62,244859
7299,0.001407,74.125.200.0-255,4320,122148,62,244859
7300,0.001409,172.31.40.0-255,66,122214,62,244859
7301,0.001413,74.125.200.0-255,2902,125116,62,244859
7302,0.001415,172.31.40.0-255,66,125182,62,244859
7303,0.001457,172.31.40.0-255,66,125248,62,244859
7304,0.001464,74.125.200.0-255,7156,132404,62,244859
7305,0.001466,172.31.40.0-255,66,132470,62,244859
7306,0.001489,74.125.200.0-255,1484,133954,62,244859
7307,0.001517,74.125.200.0-255,2184,136138,62,244859
7308,0.001521,172.31.40.0-255,66,136204,62,244859
7309,0.001658,74.125.200.0-255,1484,137688,62,244859
7310,0.001665,74.125.200.0-255,2902,140590,62,244859
7311,0.001668,172.31.40.0-255,66,140656,62,244859
7312,0.001687,74.125.200.0-255,5738,146394,62,244859
7313,0.00169,172.31.40.0-255,66,146460,62,244859
7314,0.001717,172.31.40.0-255,66,146526,62,244859
7315,0.00175,172.31.40.0-255,66,146592,62,244859
7316,0.001778,74.125.200.0-255,5020,151612,62,244859
7317,0.001782,172.31.40.0-255,66,151678,62,244859
7318,0.001859,74.125.200.0-255,1484,153162,62,244859
7319,0.001874,74.125.200.0-255,2902,156064,62,244859
7320,0.001878,172.31.40.0-255,66,156130,62,244859
7321,0.001912,74.125.200.0-255,5738,161868,62,244859
7322,0.001915,172.31.40.0-255,66,161934,62,244859
7323,0.001919,74.125.200.0-255,2902,164836,62,244859
7324,0.001921,172.31.40.0-255,66,164902,62,244859
7325,0.001932,74.125.200.0-255,4320,169222,62,244859
7326,0.001935,172.31.40.0-255,66,169288,62,244859
7327,0.001938,74.125.200.0-255,1484,170772,62,244859
7328,0.001962,74.125.200.0-255,7156,177928,62,244859
7329,0.001965,172.31.40.0-255,66,177994,62,244859
7330,0.001971,74.125.200.0-255,5738,183732,62,244859
7331,0.001973,172.31.40.0-255,66,183798,62,244859
7332,0.001993,74.125.200.0-255,2184,185982,62,244859
7333,0.001995,172.31.40.0-255,66,186048,62,244859
7334,0.002007,172.31.40.0-255,66,186114,62,244859
7335,0.002042,74.125.200.0-255,1484,187598,62,244859
7336,0.002059,74.125.200.0-255,4320,191918,62,244859
7337,0.002062,172.31.40.0-255,66,191984,62,244859
7338,0.002069,74.125.200.0-255,7156,199140,62,244859
7339,0.002071,172.31.40.0-255,66,199206,62,244859
7340,0.002085,172.31.40.0-255,66,199272,62,244859
7341,0.002122,172.31.40.0-255,66,199338,62,244859
7342,0.002145,74.125.200.0-255,2902,202240,62,244859
7343,0.002148,172.31.40.0-255,66,202306,62,244859
7344,0.002153,74.125.200.0-255,4320,206626,62,244859
7345,0.002156,172.31.40.0-255,66,206692,62,244859
7346,0.002181,74.125.200.0-255,2902,209594,62,244859
7347,0.002184,172.31.40.0-255,66,209660,62,244859
7348,0.002219,172.31.40.0-255,66,209726,62,244859
7349,0.002233,172.31.40.0-255,66,209792,62,244859
7350,0.002258,74.125.200.0-255,5738,215530,62,244859
7351,0.002262,172.31.40.0-255,66,215596,62,244859
7352,0.002269,74.125.200.0-255,7156,222752,62,244859
7353,0.002271,172.31.40.0-255,66,222818,62,244859
7354,0.002298,74.125.200.0-255,2902,225720,62,244859
7355,0.002301,172.31.40.0-255,66,225786,62,244859
7356,0.002325,74.125.200.0-255,7156,232942,62,244859
7357,0.002329,172.31.40.0-255,66,233008,62,244859
7358,0.002365,172.31.40.0-255,66,233074,62,244859
7359,0.002382,172.31.40.0-255,66,233140,62,244859
7360,0.002399,74.125.200.0-255,1484,234624,62,244859
7361,0.0047,74.125.200.0-255,4320,238944,62,244859
7362,0.004717,172.31.40.0-255,66,239010,62,244859
7363,0.007041,74.125.200.0-255,5612,244622,62,244859
7364,0.007055,172.31.40.0-255,66,244688,62,244859
7365,0.009332,172.31.40.0-255,105,244793,62,244859
7366,0.011614,74.125.200.0-255,66,244859,62,244859
7367,0.0,172.217.194.0-255,146,146,62,190621
7368,1.4e-05,172.31.40.0-255,66,212,62,190621
7369,2.1e-05,172.217.194.0-255,1484,1696,62,190621
7370,2.6e-05,172.31.40.0-255,66,1762,62,190621
7371,3.4e-05,172.217.194.0-255,2902,4664,62,190621
7372,4.4e-05,172.31.40.0-255,66,4730,62,190621
7373,5.4e-05,172.217.194.0-255,7156,11886,62,190621
7374,5.8e-05,172.31.40.0-255,66,11952,62,190621
7375,6.3e-05,172.217.194.0-255,2032,13984,62,190621
7376,6.5e-05,172.31.40.0-255,66,14050,62,190621
7377,0.000111,172.31.40.0-255,66,14116,62,190621
7378,0.000115,172.217.194.0-255,2902,17018,62,190621
7379,0.000117,172.31.40.0-255,66,17084,62,190621
7380,0.000157,172.217.194.0-255,7156,24240,62,190621
7381,0.000161,172.31.40.0-255,66,24306,62,190621
7382,0.000175,172.31.40.0-255,66,24372,62,190621
7383,0.000485,172.217.194.0-255,1484,25856,62,190621
7384,0.000491,172.31.40.0-255,66,25922,62,190621
7385,0.000497,172.217.194.0-255,2902,28824,62,190621
7386,0.0005,172.31.40.0-255,66,28890,62,190621
7387,0.000511,172.217.194.0-255,5738,34628,62,190621
7388,0.000514,172.31.40.0-255,66,34694,62,190621
7389,0.000521,172.217.194.0-255,7068,41762,62,190621
7390,0.000523,172.31.40.0-255,66,41828,62,190621
7391,0.00055,172.217.194.0-255,2902,44730,62,190621
7392,0.000552,172.31.40.0-255,66,44796,62,190621
7393,0.000558,172.217.194.0-255,4320,49116,62,190621
7394,0.000561,172.31.40.0-255,66,49182,62,190621
7395,0.000598,172.31.40.0-255,66,49248,62,190621
7396,0.000658,172.217.194.0-255,5020,54268,62,190621
7397,0.000671,172.31.40.0-255,66,54334,62,190621
7398,0.00143,172.217.194.0-255,1484,55818,62,190621
7399,0.001439,172.217.194.0-255,2902,58720,62,190621
7400,0.001443,172.31.40.0-255,66,58786,62,190621
7401,0.001447,172.217.194.0-255,1484,60270,62,190621
7402,0.001492,172.217.194.0-255,4320,64590,62,190621
7403,0.001499,172.217.194.0-255,5738,70328,62,190621
7404,0.001537,172.217.194.0-255,5020,75348,62,190621
7405,0.001873,172.217.194.0-255,1484,76832,62,190621
7406,0.001881,172.217.194.0-255,2902,79734,62,190621
7407,0.001907,172.217.194.0-255,4320,84054,62,190621
7408,0.001957,172.217.194.0-255,5738,89792,62,190621
7409,0.001997,172.217.194.0-255,4320,94112,62,190621
7410,0.002029,172.217.194.0-255,4320,98432,62,190621
7411,0.002061,172.217.194.0-255,7156,105588,62,190621
7412,0.002075,172.217.194.0-255,2902,108490,62,190621
7413,0.002099,172.217.194.0-255,2902,111392,62,190621
7414,0.002128,172.217.194.0-255,1484,112876,62,190621
7415,0.002173,172.217.194.0-255,1484,114360,62,190621
7416,0.002176,172.217.194.0-255,766,115126,62,190621
7417,0.002205,172.217.194.0-255,4320,119446,62,190621
7418,0.002228,172.217.194.0-255,7156,126602,62,190621
7419,0.002257,172.217.194.0-255,2902,129504,62,190621
7420,0.002294,172.217.194.0-255,1484,130988,62,190621
7421,0.00231,172.217.194.0-255,5738,136726,62,190621
7422,0.002376,172.217.194.0-255,1484,138210,62,190621
7423,0.002394,172.217.194.0-255,7156,145366,62,190621
7424,0.002409,172.217.194.0-255,5738,151104,62,190621
7425,0.002503,172.217.194.0-255,1484,152588,62,190621
7426,0.002508,172.217.194.0-255,2902,155490,62,190621
7427,0.002511,172.217.194.0-255,1484,156974,62,190621
7428,0.002525,172.217.194.0-255,4320,161294,62,190621
7429,0.002547,172.217.194.0-255,4320,165614,62,190621
7430,0.002562,172.217.194.0-255,7156,172770,62,190621
7431,0.002575,172.217.194.0-255,1484,174254,62,190621
7432,0.002623,172.217.194.0-255,5738,179992,62,190621
7433,0.002663,172.217.194.0-255,1484,181476,62,190621
7434,0.002666,172.217.194.0-255,1484,182960,62,190621
7435,0.002682,172.217.194.0-255,7156,190116,62,190621
7436,0.00271,172.217.194.0-255,97,190213,62,190621
7437,0.005835,172.31.40.0-255,66,190279,62,190621
7438,0.008881,172.217.194.0-255,105,190384,62,190621
7439,0.009682,172.31.40.0-255,66,190450,62,190621
7440,0.00972,172.31.40.0-255,105,190555,62,190621
7441,0.012355,172.217.194.0-255,66,190621,62,190621
7442,0.0,172.217.194.0-255,299,299,62,228301
7443,2.2e-05,172.31.40.0-255,66,365,62,228301
7444,2.8e-05,172.217.194.0-255,1484,1849,62,228301
7445,3.2e-05,172.31.40.0-255,66,1915,62,228301
7446,3.9e-05,172.217.194.0-255,4320,6235,62,228301
7447,4.2e-05,172.31.40.0-255,66,6301,62,228301
7448,6e-05,172.31.40.0-255,66,6367,62,228301
7449,6.6e-05,172.217.194.0-255,5738,12105,62,228301
7450,6.9e-05,172.31.40.0-255,66,12171,62,228301
7451,9.1e-05,172.217.194.0-255,4320,16491,62,228301
7452,9.4e-05,172.31.40.0-255,66,16557,62,228301
7453,0.000104,172.217.194.0-255,5379,21936,62,228301
7454,0.000107,172.31.40.0-255,66,22002,62,228301
7455,0.000152,172.217.194.0-255,5738,27740,62,228301
7456,0.000154,172.31.40.0-255,66,27806,62,228301
7457,0.000158,172.217.194.0-255,2902,30708,62,228301
7458,0.00016,172.31.40.0-255,66,30774,62,228301
7459,0.00019,172.217.194.0-255,4320,35094,62,228301
7460,0.000193,172.31.40.0-255,66,35160,62,228301
7461,0.000205,172.31.40.0-255,66,35226,62,228301
7462,0.000212,172.217.194.0-255,6748,41974,62,228301
7463,0.000214,172.31.40.0-255,66,42040,62,228301
7464,0.000216,172.217.194.0-255,366,42406,62,228301
7465,0.000218,172.31.40.0-255,66,42472,62,228301
7466,0.000271,172.217.194.0-255,1484,43956,62,228301
7467,0.000274,172.31.40.0-255,66,44022,62,228301
7468,0.000301,172.217.194.0-255,4320,48342,62,228301
7469,0.000303,172.31.40.0-255,66,48408,62,228301
7470,0.000308,172.217.194.0-255,4320,52728,62,228301
7471,0.00031,172.31.40.0-255,66,52794,62,228301
7472,0.000327,172.217.194.0-255,1484,54278,62,228301
7473,0.00038,172.217.194.0-255,4831,59109,62,228301
7474,0.000384,172.31.40.0-255,66,59175,62,228301
7475,0.000477,172.217.194.0-255,1484,60659,62,228301
7476,0.000493,172.217.194.0-255,1484,62143,62,228301
7477,0.000496,172.31.40.0-255,66,62209,62,228301
7478,0.0005,172.217.194.0-255,1484,63693,62,228301
7479,0.000518,172.217.194.0-255,1484,65177,62,228301
7480,0.000521,172.31.40.0-255,66,65243,62,228301
7481,0.000527,172.217.194.0-255,5738,70981,62,228301
7482,0.000529,172.31.40.0-255,66,71047,62,228301
7483,0.000562,172.217.194.0-255,2902,73949,62,228301
7484,0.000564,172.31.40.0-255,66,74015,62,228301
7485,0.000596,172.217.194.0-255,1484,75499,62,228301
7486,0.000601,172.31.40.0-255,66,75565,62,228301
7487,0.000626,172.31.40.0-255,66,75631,62,228301
7488,0.000744,172.217.194.0-255,1484,77115,62,228301
7489,0.000756,172.217.194.0-255,1484,78599,62,228301
7490,0.000759,172.31.40.0-255,66,78665,62,228301
7491,0.000783,172.217.194.0-255,1484,80149,62,228301
7492,0.000789,172.217.194.0-255,5738,85887,62,228301
7493,0.000794,172.31.40.0-255,66,85953,62,228301
7494,0.000856,172.31.40.0-255,66,86019,62,228301
7495,0.000886,172.217.194.0-255,4320,90339,62,228301
7496,0.000889,172.31.40.0-255,66,90405,62,228301
7497,0.000894,172.217.194.0-255,5738,96143,62,228301
7498,0.000896,172.31.40.0-255,66,96209,62,228301
7499,0.000901,172.217.194.0-255,5020,101229,62,228301
7500,0.000903,172.31.40.0-255,66,101295,62,228301
7501,0.000908,172.217.194.0-255,5738,107033,62,228301
7502,0.00091,172.31.40.0-255,66,107099,62,228301
7503,0.000913,172.217.194.0-255,1484,108583,62,228301
7504,0.00095,172.217.194.0-255,7156,115739,62,228301
7505,0.000956,172.217.194.0-255,7156,122895,62,228301
7506,0.000961,172.31.40.0-255,66,122961,62,228301
7507,0.000963,172.31.40.0-255,66,123027,62,228301
7508,0.000996,172.31.40.0-255,66,123093,62,228301
7509,0.001001,172.217.194.0-255,3602,126695,62,228301
7510,0.001004,172.31.40.0-255,66,126761,62,228301
7511,0.001032,172.217.194.0-255,1484,128245,62,228301
7512,0.001046,172.217.194.0-255,2902,131147,62,228301
7513,0.001048,172.217.194.0-255,1484,132631,62,228301
7514,0.001053,172.31.40.0-255,66,132697,62,228301
7515,0.001088,172.217.194.0-255,4320,137017,62,228301
7516,0.001092,172.31.40.0-255,66,137083,62,228301
7517,0.00111,172.31.40.0-255,66,137149,62,228301
7518,0.001135,172.217.194.0-255,5738,142887,62,228301
7519,0.001138,172.31.40.0-255,66,142953,62,228301
7520,0.001172,172.217.194.0-255,6438,149391,62,228301
7521,0.001176,172.31.40.0-255,66,149457,62,228301
7522,0.00119,172.31.40.0-255,66,149523,62,228301
7523,0.001206,172.31.40.0-255,66,149589,62,228301
7524,0.001243,172.31.40.0-255,66,149655,62,228301
7525,0.0013,172.217.194.0-255,1484,151139,62,228301
7526,0.001305,172.217.194.0-255,2902,154041,62,228301
7527,0.001308,172.31.40.0-255,66,154107,62,228301
7528,0.001346,172.217.194.0-255,2902,157009,62,228301
7529,0.001349,172.31.40.0-255,66,157075,62,228301
7530,0.001354,172.217.194.0-255,4320,161395,62,228301
7531,0.001357,172.31.40.0-255,66,161461,62,228301
7532,0.001367,172.217.194.0-255,4320,165781,62,228301
7533,0.001369,172.31.40.0-255,66,165847,62,228301
7534,0.001408,172.217.194.0-255,4320,170167,62,228301
7535,0.001412,172.31.40.0-255,66,170233,62,228301
7536,0.001438,172.31.40.0-255,66,170299,62,228301
7537,0.001442,172.217.194.0-255,2184,172483,62,228301
7538,0.001445,172.31.40.0-255,66,172549,62,228301
7539,0.001818,172.217.194.0-255,1484,174033,62,228301
7540,0.001823,172.217.194.0-255,1484,175517,62,228301
7541,0.001826,172.31.40.0-255,66,175583,62,228301
7542,0.00185,172.217.194.0-255,1484,177067,62,228301
7543,0.001857,172.217.194.0-255,5738,182805,62,228301
7544,0.00186,172.31.40.0-255,66,182871,62,228301
7545,0.001883,172.217.194.0-255,7156,190027,62,228301
7546,0.001886,172.31.40.0-255,66,190093,62,228301
7547,0.001906,172.217.194.0-255,5738,195831,62,228301
7548,0.001909,172.31.40.0-255,66,195897,62,228301
7549,0.001916,172.217.194.0-255,7156,203053,62,228301
7550,0.001918,172.31.40.0-255,66,203119,62,228301
7551,0.001947,172.217.194.0-255,2902,206021,62,228301
7552,0.00195,172.31.40.0-255,66,206087,62,228301
7553,0.001953,172.217.194.0-255,766,206853,62,228301
7554,0.002011,172.217.194.0-255,1484,208337,62,228301
7555,0.002015,172.31.40.0-255,66,208403,62,228301
7556,0.002021,172.217.194.0-255,4320,212723,62,228301
7557,0.002023,172.31.40.0-255,66,212789,62,228301
7558,0.002026,172.217.194.0-255,1484,214273,62,228301
7559,0.002039,172.31.40.0-255,66,214339,62,228301
7560,0.002073,172.31.40.0-255,66,214405,62,228301
7561,0.002108,172.31.40.0-255,66,214471,62,228301
7562,0.002113,172.217.194.0-255,2902,217373,62,228301
7563,0.002115,172.31.40.0-255,66,217439,62,228301
7564,0.002149,172.31.40.0-255,66,217505,62,228301
7565,0.002156,172.217.194.0-255,5738,223243,62,228301
7566,0.00216,172.31.40.0-255,66,223309,62,228301
7567,0.002214,172.217.194.0-255,4320,227629,62,228301
7568,0.002218,172.31.40.0-255,66,227695,62,228301
7569,0.002239,172.31.40.0-255,66,227761,62,228301
7570,0.002242,172.217.194.0-255,97,227858,62,228301
7571,0.002244,172.217.194.0-255,105,227963,62,228301
7572,0.003811,172.31.40.0-255,101,228064,62,228301
7573,0.004471,172.31.40.0-255,105,228169,62,228301
7574,0.00643,172.217.194.0-255,66,228235,62,228301
7575,0.007081,172.217.194.0-255,66,228301,62,228301
7576,0.0,74.125.24.0-255,152,152,62,223280
7577,1.7e-05,172.31.40.0-255,66,218,62,223280
7578,2.2e-05,74.125.24.0-255,1484,1702,62,223280
7579,2.6e-05,172.31.40.0-255,66,1768,62,223280
7580,3.1e-05,74.125.24.0-255,2902,4670,62,223280
7581,3.3e-05,172.31.40.0-255,66,4736,62,223280
7582,3.9e-05,74.125.24.0-255,4320,9056,62,223280
7583,4.2e-05,172.31.40.0-255,66,9122,62,223280
7584,6.5e-05,74.125.24.0-255,2902,12024,62,223280
7585,6.8e-05,172.31.40.0-255,66,12090,62,223280
7586,7.2e-05,74.125.24.0-255,2089,14179,62,223280
7587,7.4e-05,172.31.40.0-255,66,14245,62,223280
7588,0.000106,74.125.24.0-255,1484,15729,62,223280
7589,0.000108,172.31.40.0-255,66,15795,62,223280
7590,0.00012,74.125.24.0-255,1484,17279,62,223280
7591,0.000122,172.31.40.0-255,66,17345,62,223280
7592,0.000127,74.125.24.0-255,2902,20247,62,223280
7593,0.000128,172.31.40.0-255,66,20313,62,223280
7594,0.000147,74.125.24.0-255,5738,26051,62,223280
7595,0.000149,172.31.40.0-255,66,26117,62,223280
7596,0.000162,74.125.24.0-255,1484,27601,62,223280
7597,0.000164,172.31.40.0-255,66,27667,62,223280
7598,0.00019,74.125.24.0-255,3961,31628,62,223280
7599,0.000192,172.31.40.0-255,66,31694,62,223280
7600,0.00024,74.125.24.0-255,1484,33178,62,223280
7601,0.000243,172.31.40.0-255,66,33244,62,223280
7602,0.000264,74.125.24.0-255,2902,36146,62,223280
7603,0.000266,172.31.40.0-255,66,36212,62,223280
7604,0.000272,74.125.24.0-255,5738,41950,62,223280
7605,0.000274,172.31.40.0-255,66,42016,62,223280
7606,0.000277,74.125.24.0-255,1484,43500,62,223280
7607,0.000279,172.31.40.0-255,66,43566,62,223280
7608,0.000303,74.125.24.0-255,4320,47886,62,223280
7609,0.000305,172.31.40.0-255,66,47952,62,223280
7610,0.000348,172.31.40.0-255,66,48018,62,223280
7611,0.000352,74.125.24.0-255,3961,51979,62,223280
7612,0.000354,172.31.40.0-255,66,52045,62,223280
7613,0.000356,74.125.24.0-255,366,52411,62,223280
7614,0.000401,74.125.24.0-255,129,52540,62,223280
7615,0.000509,74.125.24.0-255,1484,54024,62,223280
7616,0.000513,172.31.40.0-255,66,54090,62,223280
7617,0.000516,74.125.24.0-255,1484,55574,62,223280
7618,0.000533,74.125.24.0-255,1484,57058,62,223280
7619,0.000535,172.31.40.0-255,66,57124,62,223280
7620,0.000541,74.125.24.0-255,5738,62862,62,223280
7621,0.000543,172.31.40.0-255,66,62928,62,223280
7622,0.000587,74.125.24.0-255,2902,65830,62,223280
7623,0.00059,172.31.40.0-255,66,65896,62,223280
7624,0.000622,172.31.40.0-255,66,65962,62,223280
7625,0.000643,74.125.24.0-255,7156,73118,62,223280
7626,0.000647,172.31.40.0-255,66,73184,62,223280
7627,0.000658,74.125.24.0-255,3961,77145,62,223280
7628,0.000674,172.31.40.0-255,66,77211,62,223280
7629,0.001045,74.125.24.0-255,1484,78695,62,223280
7630,0.001066,74.125.24.0-255,2902,81597,62,223280
7631,0.001069,74.125.24.0-255,2902,84499,62,223280
7632,0.001073,172.31.40.0-255,66,84565,62,223280
7633,0.001077,172.31.40.0-255,66,84631,62,223280
7634,0.001084,74.125.24.0-255,2902,87533,62,223280
7635,0.001086,172.31.40.0-255,66,87599,62,223280
7636,0.001102,74.125.24.0-255,5738,93337,62,223280
7637,0.001104,172.31.40.0-255,66,93403,62,223280
7638,0.001126,74.125.24.0-255,7156,100559,62,223280
7639,0.001128,172.31.40.0-255,66,100625,62,223280
7640,0.001166,74.125.24.0-255,2902,103527,62,223280
7641,0.001169,172.31.40.0-255,66,103593,62,223280
7642,0.001196,172.31.40.0-255,66,103659,62,223280
7643,0.00125,74.125.24.0-255,1484,105143,62,223280
7644,0.001254,74.125.24.0-255,1484,106627,62,223280
7645,0.001257,172.31.40.0-255,66,106693,62,223280
7646,0.001281,74.125.24.0-255,1484,108177,62,223280
7647,0.001288,74.125.24.0-255,5738,113915,62,223280
7648,0.00129,172.31.40.0-255,66,113981,62,223280
7649,0.001298,74.125.24.0-255,5738,119719,62,223280
7650,0.001299,172.31.40.0-255,66,119785,62,223280
7651,0.00133,74.125.24.0-255,7156,126941,62,223280
7652,0.001333,172.31.40.0-255,66,127007,62,223280
7653,0.001344,172.31.40.0-255,66,127073,62,223280
7654,0.001387,172.31.40.0-255,66,127139,62,223280
7655,0.001412,74.125.24.0-255,6438,133577,62,223280
7656,0.001415,74.125.24.0-255,1484,135061,62,223280
7657,0.001419,172.31.40.0-255,66,135127,62,223280
7658,0.001439,172.31.40.0-255,66,135193,62,223280
7659,0.001474,74.125.24.0-255,1484,136677,62,223280
7660,0.001479,74.125.24.0-255,2902,139579,62,223280
7661,0.001481,172.31.40.0-255,66,139645,62,223280
7662,0.001527,74.125.24.0-255,5738,145383,62,223280
7663,0.001533,74.125.24.0-255,5738,151121,62,223280
7664,0.001539,172.31.40.0-255,66,151187,62,223280
7665,0.001542,172.31.40.0-255,66,151253,62,223280
7666,0.001561,172.31.40.0-255,66,151319,62,223280
7667,0.001567,74.125.24.0-255,4320,155639,62,223280
7668,0.00157,172.31.40.0-255,66,155705,62,223280
7669,0.001585,74.125.24.0-255,766,156471,62,223280
7670,0.00174,74.125.24.0-255,1484,157955,62,223280
7671,0.001744,172.31.40.0-255,66,158021,62,223280
7672,0.00175,74.125.24.0-255,2902,160923,62,223280
7673,0.001753,172.31.40.0-255,66,160989,62,223280
7674,0.001756,74.125.24.0-255,1484,162473,62,223280
7675,0.001772,74.125.24.0-255,4320,166793,62,223280
7676,0.001775,172.31.40.0-255,66,166859,62,223280
7677,0.001786,74.125.24.0-255,5738,172597,62,223280
7678,0.001788,172.31.40.0-255,66,172663,62,223280
7679,0.001793,74.125.24.0-255,2902,175565,62,223280
7680,0.001795,172.31.40.0-255,66,175631,62,223280
7681,0.001837,74.125.24.0-255,7156,182787,62,223280
7682,0.001842,172.31.40.0-255,66,182853,62,223280
7683,0.001846,172.31.40.0-255,66,182919,62,223280
7684,0.001881,74.125.24.0-255,6438,189357,62,223280
7685,0.001884,172.31.40.0-255,66,189423,62,223280
7686,0.001899,172.31.40.0-255,66,189489,62,223280
7687,0.001911,172.31.40.0-255,66,189555,62,223280
7688,0.001943,74.125.24.0-255,1484,191039,62,223280
7689,0.00196,74.125.24.0-255,2902,193941,62,223280
7690,0.001964,172.31.40.0-255,66,194007,62,223280
7691,0.00197,74.125.24.0-255,5738,199745,62,223280
7692,0.001973,172.31.40.0-255,66,199811,62,223280
7693,0.001997,74.125.24.0-255,2902,202713,62,223280
7694,0.001999,172.31.40.0-255,66,202779,62,223280
7695,0.00203,172.31.40.0-255,66,202845,62,223280
7696,0.002041,74.125.24.0-255,1484,204329,62,223280
7697,0.002075,172.31.40.0-255,66,204395,62,223280
7698,0.002087,172.31.40.0-255,66,204461,62,223280
7699,0.002107,172.31.40.0-255,66,204527,62,223280
7700,0.002115,74.125.24.0-255,7156,211683,62,223280
7701,0.002118,172.31.40.0-255,66,211749,62,223280
7702,0.002143,74.125.24.0-255,7156,218905,62,223280
7703,0.002146,172.31.40.0-255,66,218971,62,223280
7704,0.002218,172.31.40.0-255,66,219037,62,223280
7705,0.002244,172.31.40.0-255,66,219103,62,223280
7706,0.002367,74.125.24.0-255,1484,220587,62,223280
7707,0.002372,74.125.24.0-255,2188,222775,62,223280
7708,0.002375,172.31.40.0-255,66,222841,62,223280
7709,0.002378,74.125.24.0-255,97,222938,62,223280
7710,0.00243,74.125.24.0-255,105,223043,62,223280
7711,0.004206,172.31.40.0-255,66,223109,62,223280
7712,0.004243,172.31.40.0-255,105,223214,62,223280
7713,0.006871,74.125.24.0-255,66,223280,62,223280
7714,0.0,74.125.200.0-255,153,153,62,214346
7715,1.9e-05,172.31.40.0-255,66,219,62,214346
7716,2.5e-05,74.125.200.0-255,1484,1703,62,214346
7717,2.9e-05,172.31.40.0-255,66,1769,62,214346
7718,3.5e-05,74.125.200.0-255,2902,4671,62,214346
7719,3.9e-05,172.31.40.0-255,66,4737,62,214346
7720,4.2e-05,74.125.200.0-255,1484,6221,62,214346
7721,4.4e-05,172.31.40.0-255,66,6287,62,214346
7722,7.2e-05,74.125.200.0-255,4320,10607,62,214346
7723,7.4e-05,172.31.40.0-255,66,10673,62,214346
7724,8e-05,74.125.200.0-255,3483,14156,62,214346
7725,8.3e-05,172.31.40.0-255,66,14222,62,214346
7726,0.00011,74.125.200.0-255,2902,17124,62,214346
7727,0.000113,172.31.40.0-255,66,17190,62,214346
7728,0.000129,74.125.200.0-255,1484,18674,62,214346
7729,0.000132,172.31.40.0-255,66,18740,62,214346
7730,0.000138,74.125.200.0-255,4320,23060,62,214346
7731,0.00014,172.31.40.0-255,66,23126,62,214346
7732,0.000156,74.125.200.0-255,1484,24610,62,214346
7733,0.000158,172.31.40.0-255,66,24676,62,214346
7734,0.000187,74.125.200.0-255,6797,31473,62,214346
7735,0.00019,172.31.40.0-255,66,31539,62,214346
7736,0.000381,74.125.200.0-255,1484,33023,62,214346
7737,0.000387,172.31.40.0-255,66,33089,62,214346
7738,0.000392,74.125.200.0-255,2902,35991,62,214346
7739,0.000395,172.31.40.0-255,66,36057,62,214346
7740,0.000398,74.125.200.0-255,1484,37541,62,214346
7741,0.0004,172.31.40.0-255,66,37607,62,214346
7742,0.000428,74.125.200.0-255,4320,41927,62,214346
7743,0.000431,172.31.40.0-255,66,41993,62,214346
7744,0.000454,74.125.200.0-255,4320,46313,62,214346
7745,0.000456,172.31.40.0-255,66,46379,62,214346
7746,0.000474,74.125.200.0-255,1484,47863,62,214346
7747,0.000476,172.31.40.0-255,66,47929,62,214346
7748,0.000479,74.125.200.0-255,1125,49054,62,214346
7749,0.000481,172.31.40.0-255,66,49120,62,214346
7750,0.000495,74.125.200.0-255,1484,50604,62,214346
7751,0.000497,172.31.40.0-255,66,50670,62,214346
7752,0.000526,74.125.200.0-255,4320,54990,62,214346
7753,0.00053,172.31.40.0-255,66,55056,62,214346
7754,0.000534,74.125.200.0-255,2902,57958,62,214346
7755,0.000536,172.31.40.0-255,66,58024,62,214346
7756,0.000542,74.125.200.0-255,4320,62344,62,214346
7757,0.000544,172.31.40.0-255,66,62410,62,214346
7758,0.000572,74.125.200.0-255,2902,65312,62,214346
7759,0.000576,172.31.40.0-255,66,65378,62,214346
7760,0.000593,74.125.200.0-255,1460,66838,62,214346
7761,0.000596,172.31.40.0-255,66,66904,62,214346
7762,0.000598,74.125.200.0-255,374,67278,62,214346
7763,0.0006,172.31.40.0-255,66,67344,62,214346
7764,0.000955,74.125.200.0-255,1484,68828,62,214346
7765,0.000963,172.31.40.0-255,66,68894,62,214346
7766,0.000968,74.125.200.0-255,2902,71796,62,214346
7767,0.000971,172.31.40.0-255,66,71862,62,214346
7768,0.000975,74.125.200.0-255,2902,74764,62,214346
7769,0.000981,74.125.200.0-255,2902,77666,62,214346
7770,0.001001,74.125.200.0-255,1484,79150,62,214346
7771,0.001008,74.125.200.0-255,4320,83470,62,214346
7772,0.001026,74.125.200.0-255,4320,87790,62,214346
7773,0.001033,74.125.200.0-255,7156,94946,62,214346
7774,0.001084,74.125.200.0-255,6438,101384,62,214346
7775,0.001951,74.125.200.0-255,1484,102868,62,214346
7776,0.001968,74.125.200.0-255,2902,105770,62,214346
7777,0.001986,74.125.200.0-255,4320,110090,62,214346
7778,0.00199,74.125.200.0-255,2902,112992,62,214346
7779,0.002006,74.125.200.0-255,2902,115894,62,214346
7780,0.002022,74.125.200.0-255,2902,118796,62,214346
7781,0.002041,74.125.200.0-255,4320,123116,62,214346
7782,0.002084,74.125.200.0-255,3602,126718,62,214346
7783,0.002141,74.125.200.0-255,1484,128202,62,214346
7784,0.002157,74.125.200.0-255,2902,131104,62,214346
7785,0.00218,74.125.200.0-255,5738,136842,62,214346
7786,0.002192,74.125.200.0-255,1484,138326,62,214346
7787,0.002205,74.125.200.0-255,4320,142646,62,214346
7788,0.002209,74.125.200.0-255,2902,145548,62,214346
7789,0.002229,74.125.200.0-255,4320,149868,62,214346
7790,0.002232,74.125.200.0-255,2902,152770,62,214346
7791,0.002249,74.125.200.0-255,5738,158508,62,214346
7792,0.002282,74.125.200.0-255,2184,160692,62,214346
7793,0.002322,74.125.200.0-255,2902,163594,62,214346
7794,0.002336,74.125.200.0-255,2902,166496,62,214346
7795,0.002354,74.125.200.0-255,4320,170816,62,214346
7796,0.002368,74.125.200.0-255,4320,175136,62,214346
7797,0.002384,74.125.200.0-255,4320,179456,62,214346
7798,0.003935,172.31.40.0-255,66,179522,62,214346
7799,0.006317,74.125.200.0-255,5738,185260,62,214346
7800,0.006324,172.31.40.0-255,66,185326,62,214346
7801,0.008691,74.125.200.0-255,5738,191064,62,214346
7802,0.008699,172.31.40.0-255,66,191130,62,214346
7803,0.011079,74.125.200.0-255,5738,196868,62,214346
7804,0.011086,172.31.40.0-255,66,196934,62,214346
7805,0.013463,74.125.200.0-255,5738,202672,62,214346
7806,0.013473,172.31.40.0-255,66,202738,62,214346
7807,0.015843,74.125.200.0-255,5738,208476,62,214346
7808,0.01585,172.31.40.0-255,66,208542,62,214346
7809,0.018218,74.125.200.0-255,5738,214280,62,214346
7810,0.018225,172.31.40.0-255,66,214346,62,214346
7811,0.0,74.125.200.0-255,153,153,62,81172
7812,2.3e-05,172.31.40.0-255,66,219,62,81172
7813,3e-05,74.125.200.0-255,1484,1703,62,81172
7814,3.4e-05,172.31.40.0-255,66,1769,62,81172
7815,4e-05,74.125.200.0-255,2902,4671,62,81172
7816,4.4e-05,172.31.40.0-255,66,4737,62,81172
7817,0.000114,74.125.200.0-255,4320,9057,62,81172
7818,0.000118,172.31.40.0-255,66,9123,62,81172
7819,0.000132,74.125.200.0-255,1484,10607,62,81172
7820,0.000135,172.31.40.0-255,66,10673,62,81172
7821,0.000267,74.125.200.0-255,3518,14191,62,81172
7822,0.000272,172.31.40.0-255,66,14257,62,81172
7823,0.00037,74.125.200.0-255,7156,21413,62,81172
7824,0.000374,172.31.40.0-255,66,21479,62,81172
7825,0.000395,74.125.200.0-255,4320,25799,62,81172
7826,0.000397,172.31.40.0-255,66,25865,62,81172
7827,0.000682,74.125.200.0-255,5379,31244,62,81172
7828,0.000688,172.31.40.0-255,66,31310,62,81172
7829,0.000832,74.125.200.0-255,4320,35630,62,81172
7830,0.000837,172.31.40.0-255,66,35696,62,81172
7831,0.000869,172.31.40.0-255,66,35762,62,81172
7832,0.001295,74.125.200.0-255,7156,42918,62,81172
7833,0.001303,172.31.40.0-255,66,42984,62,81172
7834,0.001333,172.31.40.0-255,66,43050,62,81172
7835,0.001781,172.31.40.0-255,66,43116,62,81172
7836,0.001819,172.31.40.0-255,66,43182,62,81172
7837,0.002588,74.125.200.0-255,2902,46084,62,81172
7838,0.002591,172.31.40.0-255,66,46150,62,81172
7839,0.00357,74.125.200.0-255,2902,49052,62,81172
7840,0.003638,74.125.200.0-255,4320,53372,62,81172
7841,0.004548,74.125.200.0-255,1484,54856,62,81172
7842,0.005454,172.31.40.0-255,66,54922,62,81172
7843,0.008135,74.125.200.0-255,2902,57824,62,81172
7844,0.008143,172.31.40.0-255,66,57890,62,81172
7845,0.008167,74.125.200.0-255,2902,60792,62,81172
7846,0.010825,74.125.200.0-255,2902,63694,62,81172
7847,0.011453,172.31.40.0-255,66,63760,62,81172
7848,0.014133,74.125.200.0-255,5738,69498,62,81172
7849,0.01414,172.31.40.0-255,66,69564,62,81172
7850,0.016808,74.125.200.0-255,5738,75302,62,81172
7851,0.016816,172.31.40.0-255,66,75368,62,81172
7852,0.019491,74.125.200.0-255,5738,81106,62,81172
7853,0.0195,172.31.40.0-255,66,81172,62,81172
7854,0.0,74.125.24.0-255,153,153,62,152570
7855,1.6e-05,172.31.40.0-255,66,219,62,152570
7856,2.2e-05,74.125.24.0-255,1484,1703,62,152570
7857,2.7e-05,172.31.40.0-255,66,1769,62,152570
7858,3.2e-05,74.125.24.0-255,2902,4671,62,152570
7859,3.5e-05,172.31.40.0-255,66,4737,62,152570
7860,4.3e-05,74.125.24.0-255,7156,11893,62,152570
7861,4.6e-05,172.31.40.0-255,66,11959,62,152570
7862,5e-05,74.125.24.0-255,2037,13996,62,152570
7863,5.3e-05,172.31.40.0-255,66,14062,62,152570
7864,0.000106,74.125.24.0-255,1484,15546,62,152570
7865,0.000109,172.31.40.0-255,66,15612,62,152570
7866,0.000114,74.125.24.0-255,2902,18514,62,152570
7867,0.000116,172.31.40.0-255,66,18580,62,152570
7868,0.000141,74.125.24.0-255,5738,24318,62,152570
7869,0.000145,172.31.40.0-255,66,24384,62,152570
7870,0.000194,74.125.24.0-255,2902,27286,62,152570
7871,0.000197,172.31.40.0-255,66,27352,62,152570
7872,0.000209,74.125.24.0-255,3961,31313,62,152570
7873,0.000212,172.31.40.0-255,66,31379,62,152570
7874,0.000408,74.125.24.0-255,1484,32863,62,152570
7875,0.000413,172.31.40.0-255,66,32929,62,152570
7876,0.00042,74.125.24.0-255,2902,35831,62,152570
7877,0.000423,172.31.40.0-255,66,35897,62,152570
7878,0.000428,74.125.24.0-255,4320,40217,62,152570
7879,0.00043,172.31.40.0-255,66,40283,62,152570
7880,0.000451,74.125.24.0-255,1484,41767,62,152570
7881,0.000453,172.31.40.0-255,66,41833,62,152570
7882,0.000456,74.125.24.0-255,1484,43317,62,152570
7883,0.000458,172.31.40.0-255,66,43383,62,152570
7884,0.000482,172.31.40.0-255,66,43449,62,152570
7885,0.000496,74.125.24.0-255,3961,47410,62,152570
7886,0.000499,172.31.40.0-255,66,47476,62,152570
7887,0.00055,74.125.24.0-255,5738,53214,62,152570
7888,0.000554,172.31.40.0-255,66,53280,62,152570
7889,0.000573,74.125.24.0-255,4297,57577,62,152570
7890,0.000576,172.31.40.0-255,66,57643,62,152570
7891,0.000579,74.125.24.0-255,373,58016,62,152570
7892,0.001028,172.31.40.0-255,66,58082,62,152570
7893,0.001104,74.125.24.0-255,1484,59566,62,152570
7894,0.001113,74.125.24.0-255,2902,62468,62,152570
7895,0.001116,172.31.40.0-255,66,62534,62,152570
7896,0.00112,74.125.24.0-255,1484,64018,62,152570
7897,0.001146,74.125.24.0-255,4320,68338,62,152570
7898,0.001149,172.31.40.0-255,66,68404,62,152570
7899,0.001154,74.125.24.0-255,2902,71306,62,152570
7900,0.001156,172.31.40.0-255,66,71372,62,152570
7901,0.001179,74.125.24.0-255,7156,78528,62,152570
7902,0.001181,172.31.40.0-255,66,78594,62,152570
7903,0.001209,74.125.24.0-255,4320,82914,62,152570
7904,0.001211,172.31.40.0-255,66,82980,62,152570
7905,0.001239,172.31.40.0-255,66,83046,62,152570
7906,0.001882,74.125.24.0-255,1484,84530,62,152570
7907,0.001891,74.125.24.0-255,2902,87432,62,152570
7908,0.001896,172.31.40.0-255,66,87498,62,152570
7909,0.001903,74.125.24.0-255,5738,93236,62,152570
7910,0.001905,172.31.40.0-255,66,93302,62,152570
7911,0.001933,74.125.24.0-255,7156,100458,62,152570
7912,0.001935,172.31.40.0-255,66,100524,62,152570
7913,0.001959,74.125.24.0-255,5738,106262,62,152570
7914,0.001961,172.31.40.0-255,66,106328,62,152570
7915,0.001967,74.125.24.0-255,4320,110648,62,152570
7916,0.001969,172.31.40.0-255,66,110714,62,152570
7917,0.001985,74.125.24.0-255,6438,117152,62,152570
7918,0.001987,172.31.40.0-255,66,117218,62,152570
7919,0.004586,74.125.24.0-255,5738,122956,62,152570
7920,0.004592,172.31.40.0-255,66,123022,62,152570
7921,0.00724,74.125.24.0-255,2902,125924,62,152570
7922,0.007247,172.31.40.0-255,66,125990,62,152570
7923,0.007269,74.125.24.0-255,2902,128892,62,152570
7924,0.007272,172.31.40.0-255,66,128958,62,152570
7925,0.009852,74.125.24.0-255,2902,131860,62,152570
7926,0.009861,172.31.40.0-255,66,131926,62,152570
7927,0.009885,74.125.24.0-255,2902,134828,62,152570
7928,0.009888,172.31.40.0-255,66,134894,62,152570
7929,0.012486,74.125.24.0-255,2902,137796,62,152570
7930,0.012496,172.31.40.0-255,66,137862,62,152570
7931,0.012516,74.125.24.0-255,2902,140764,62,152570
7932,0.012519,172.31.40.0-255,66,140830,62,152570
7933,0.0151,74.125.24.0-255,2902,143732,62,152570
7934,0.015111,172.31.40.0-255,66,143798,62,152570
7935,0.015132,74.125.24.0-255,2902,146700,62,152570
7936,0.015135,172.31.40.0-255,66,146766,62,152570
7937,0.017712,74.125.24.0-255,5738,152504,62,152570
7938,0.01772,172.31.40.0-255,66,152570,62,152570
7939,0.0,172.217.194.0-255,153,153,62,138770
7940,2e-05,172.31.40.0-255,66,219,62,138770
7941,2.7e-05,172.217.194.0-255,1484,1703,62,138770
7942,3.2e-05,172.31.40.0-255,66,1769,62,138770
7943,3.8e-05,172.217.194.0-255,2902,4671,62,138770
7944,4.2e-05,172.31.40.0-255,66,4737,62,138770
7945,4.7e-05,172.217.194.0-255,2902,7639,62,138770
7946,4.9e-05,172.31.40.0-255,66,7705,62,138770
7947,7.3e-05,172.217.194.0-255,2902,10607,62,138770
7948,7.7e-05,172.31.40.0-255,66,10673,62,138770
7949,9.2e-05,172.217.194.0-255,5738,16411,62,138770
7950,9.5e-05,172.31.40.0-255,66,16477,62,138770
7951,0.000129,172.31.40.0-255,66,16543,62,138770
7952,0.000133,172.217.194.0-255,2902,19445,62,138770
7953,0.000135,172.31.40.0-255,66,19511,62,138770
7954,0.000154,172.217.194.0-255,3961,23472,62,138770
7955,0.000157,172.31.40.0-255,66,23538,62,138770
7956,0.000341,172.217.194.0-255,1484,25022,62,138770
7957,0.000346,172.31.40.0-255,66,25088,62,138770
7958,0.000351,172.217.194.0-255,2902,27990,62,138770
7959,0.000354,172.31.40.0-255,66,28056,62,138770
7960,0.000375,172.217.194.0-255,1484,29540,62,138770
7961,0.000377,172.31.40.0-255,66,29606,62,138770
7962,0.000398,172.217.194.0-255,4320,33926,62,138770
7963,0.0004,172.31.40.0-255,66,33992,62,138770
7964,0.000403,172.217.194.0-255,1484,35476,62,138770
7965,0.000405,172.31.40.0-255,66,35542,62,138770
7966,0.000409,172.217.194.0-255,2902,38444,62,138770
7967,0.000411,172.31.40.0-255,66,38510,62,138770
7968,0.000431,172.217.194.0-255,2902,41412,62,138770
7969,0.000433,172.31.40.0-255,66,41478,62,138770
7970,0.000452,172.217.194.0-255,3961,45439,62,138770
7971,0.00047,172.217.194.0-255,2902,48341,62,138770
7972,0.000526,172.217.194.0-255,4320,52661,62,138770
7973,0.000543,172.217.194.0-255,5379,58040,62,138770
7974,0.000587,172.217.194.0-255,646,58686,62,138770
7975,0.000611,172.31.40.0-255,66,58752,62,138770
7976,0.000693,172.217.194.0-255,1484,60236,62,138770
7977,0.000699,172.217.194.0-255,2902,63138,62,138770
7978,0.000706,172.31.40.0-255,66,63204,62,138770
7979,0.000717,172.217.194.0-255,5738,68942,62,138770
7980,0.000728,172.31.40.0-255,66,69008,62,138770
7981,0.000735,172.217.194.0-255,1484,70492,62,138770
7982,0.000757,172.217.194.0-255,7156,77648,62,138770
7983,0.000772,172.31.40.0-255,66,77714,62,138770
7984,0.000778,172.217.194.0-255,5379,83093,62,138770
7985,0.000783,172.217.194.0-255,4320,87413,62,138770
7986,0.000789,172.31.40.0-255,66,87479,62,138770
7987,0.00081,172.217.194.0-255,5379,92858,62,138770
7988,0.000818,172.31.40.0-255,66,92924,62,138770
7989,0.001851,172.217.194.0-255,1484,94408,62,138770
7990,0.001863,172.217.194.0-255,2902,97310,62,138770
7991,0.001867,172.31.40.0-255,66,97376,62,138770
7992,0.001876,172.217.194.0-255,5738,103114,62,138770
7993,0.001909,172.217.194.0-255,2902,106016,62,138770
7994,0.001941,172.217.194.0-255,1484,107500,62,138770
7995,0.001997,172.217.194.0-255,2184,109684,62,138770
7996,0.007394,172.31.40.0-255,66,109750,62,138770
7997,0.009371,172.217.194.0-255,5738,115488,62,138770
7998,0.00938,172.31.40.0-255,66,115554,62,138770
7999,0.011387,172.217.194.0-255,5738,121292,62,138770
8000,0.012617,172.31.40.0-255,66,121358,62,138770
8001,0.014689,172.217.194.0-255,5738,127096,62,138770
8002,0.014697,172.31.40.0-255,66,127162,62,138770
8003,0.016733,172.217.194.0-255,5738,132900,62,138770
8004,0.01674,172.31.40.0-255,66,132966,62,138770
8005,0.018758,172.217.194.0-255,5738,138704,62,138770
8006,0.018765,172.31.40.0-255,66,138770,62,138770
8007,0.0,74.125.24.0-255,152,152,62,117826
8008,1.6e-05,172.31.40.0-255,66,218,62,117826
8009,2.3e-05,74.125.24.0-255,1484,1702,62,117826
8010,2.8e-05,172.31.40.0-255,66,1768,62,117826
8011,3.4e-05,74.125.24.0-255,2902,4670,62,117826
8012,4.5e-05,172.31.40.0-255,66,4736,62,117826
8013,5.2e-05,74.125.24.0-255,5738,10474,62,117826
8014,5.5e-05,172.31.40.0-255,66,10540,62,117826
8015,6.2e-05,74.125.24.0-255,6309,16849,62,117826
8016,6.5e-05,172.31.40.0-255,66,16915,62,117826
8017,9.5e-05,74.125.24.0-255,7156,24071,62,117826
8018,9.9e-05,172.31.40.0-255,66,24137,62,117826
8019,0.000119,74.125.24.0-255,6797,30934,62,117826
8020,0.000121,172.31.40.0-255,66,31000,62,117826
8021,0.001205,74.125.24.0-255,1484,32484,62,117826
8022,0.001213,172.31.40.0-255,66,32550,62,117826
8023,0.001223,74.125.24.0-255,2902,35452,62,117826
8024,0.001226,172.31.40.0-255,66,35518,62,117826
8025,0.001238,74.125.24.0-255,5738,41256,62,117826
8026,0.001241,172.31.40.0-255,66,41322,62,117826
8027,0.001248,74.125.24.0-255,5738,47060,62,117826
8028,0.00125,172.31.40.0-255,66,47126,62,117826
8029,0.001286,74.125.24.0-255,7156,54282,62,117826
8030,0.001289,172.31.40.0-255,66,54348,62,117826
8031,0.0013,172.31.40.0-255,66,54414,62,117826
8032,0.001304,74.125.24.0-255,1484,55898,62,117826
8033,0.001307,172.31.40.0-255,66,55964,62,117826
8034,0.001337,74.125.24.0-255,766,56730,62,117826
8035,0.001339,172.31.40.0-255,66,56796,62,117826
8036,0.002157,74.125.24.0-255,410,57206,62,117826
8037,0.002165,172.31.40.0-255,66,57272,62,117826
8038,0.002206,74.125.24.0-255,1484,58756,62,117826
8039,0.002213,74.125.24.0-255,4320,63076,62,117826
8040,0.002216,172.31.40.0-255,66,63142,62,117826
8041,0.002223,74.125.24.0-255,5738,68880,62,117826
8042,0.002225,172.31.40.0-255,66,68946,62,117826
8043,0.002254,74.125.24.0-255,2902,71848,62,117826
8044,0.002256,172.31.40.0-255,66,71914,62,117826
8045,0.00227,172.31.40.0-255,66,71980,62,117826
8046,0.002294,74.125.24.0-255,1484,73464,62,117826
8047,0.0023,74.125.24.0-255,5020,78484,62,117826
8048,0.002303,172.31.40.0-255,66,78550,62,117826
8049,0.004697,74.125.24.0-255,4320,82870,62,117826
8050,0.004703,172.31.40.0-255,66,82936,62,117826
8051,0.00473,74.125.24.0-255,1484,84420,62,117826
8052,0.007128,74.125.24.0-255,4320,88740,62,117826
8053,0.007132,172.31.40.0-255,66,88806,62,117826
8054,0.00956,74.125.24.0-255,5738,94544,62,117826
8055,0.009569,172.31.40.0-255,66,94610,62,117826
8056,0.012013,74.125.24.0-255,5738,100348,62,117826
8057,0.01202,172.31.40.0-255,66,100414,62,117826
8058,0.01444,74.125.24.0-255,5738,106152,62,117826
8059,0.014447,172.31.40.0-255,66,106218,62,117826
8060,0.016863,74.125.24.0-255,5738,111956,62,117826
8061,0.016872,172.31.40.0-255,66,112022,62,117826
8062,0.019286,74.125.24.0-255,5738,117760,62,117826
8063,0.019294,172.31.40.0-255,66,117826,62,117826
8064,0.0,172.217.194.0-255,146,146,62,160985
8065,2.2e-05,172.31.40.0-255,66,212,62,160985
8066,3e-05,172.217.194.0-255,1484,1696,62,160985
8067,3.4e-05,172.31.40.0-255,66,1762,62,160985
8068,4.7e-05,172.217.194.0-255,2902,4664,62,160985
8069,5e-05,172.31.40.0-255,66,4730,62,160985
8070,5.9e-05,172.217.194.0-255,7156,11886,62,160985
8071,6.2e-05,172.31.40.0-255,66,11952,62,160985
8072,6.6e-05,172.217.194.0-255,2163,14115,62,160985
8073,6.8e-05,172.31.40.0-255,66,14181,62,160985
8074,7.2e-05,172.217.194.0-255,1484,15665,62,160985
8075,7.4e-05,172.31.40.0-255,66,15731,62,160985
8076,0.000109,172.217.194.0-255,1484,17215,62,160985
8077,0.000112,172.31.40.0-255,66,17281,62,160985
8078,0.00012,172.217.194.0-255,7156,24437,62,160985
8079,0.000123,172.31.40.0-255,66,24503,62,160985
8080,0.000155,172.217.194.0-255,6797,31300,62,160985
8081,0.000158,172.31.40.0-255,66,31366,62,160985
8082,0.000677,172.217.194.0-255,1484,32850,62,160985
8083,0.000684,172.31.40.0-255,66,32916,62,160985
8084,0.000692,172.217.194.0-255,2902,35818,62,160985
8085,0.000694,172.31.40.0-255,66,35884,62,160985
8086,0.000705,172.217.194.0-255,5738,41622,62,160985
8087,0.000707,172.31.40.0-255,66,41688,62,160985
8088,0.000747,172.31.40.0-255,66,41754,62,160985
8089,0.000758,172.31.40.0-255,66,41820,62,160985
8090,0.000787,172.217.194.0-255,2902,44722,62,160985
8091,0.00079,172.31.40.0-255,66,44788,62,160985
8092,0.000793,172.217.194.0-255,1420,46208,62,160985
8093,0.000795,172.31.40.0-255,66,46274,62,160985
8094,0.000953,172.217.194.0-255,381,46655,62,160985
8095,0.001041,172.217.194.0-255,1484,48139,62,160985
8096,0.001047,172.31.40.0-255,66,48205,62,160985
8097,0.001059,172.217.194.0-255,2902,51107,62,160985
8098,0.001066,172.31.40.0-255,66,51173,62,160985
8099,0.001073,172.217.194.0-255,5738,56911,62,160985
8100,0.001075,172.31.40.0-255,66,56977,62,160985
8101,0.001117,172.217.194.0-255,6797,63774,62,160985
8102,0.001121,172.31.40.0-255,66,63840,62,160985
8103,0.001157,172.31.40.0-255,66,63906,62,160985
8104,0.001182,172.217.194.0-255,2543,66449,62,160985
8105,0.001185,172.31.40.0-255,66,66515,62,160985
8106,0.002026,172.217.194.0-255,1484,67999,62,160985
8107,0.002037,172.217.194.0-255,2902,70901,62,160985
8108,0.002042,172.31.40.0-255,66,70967,62,160985
8109,0.002051,172.217.194.0-255,5738,76705,62,160985
8110,0.002053,172.31.40.0-255,66,76771,62,160985
8111,0.002064,172.217.194.0-255,5738,82509,62,160985
8112,0.002067,172.31.40.0-255,66,82575,62,160985
8113,0.002072,172.217.194.0-255,2902,85477,62,160985
8114,0.002074,172.31.40.0-255,66,85543,62,160985
8115,0.002117,172.31.40.0-255,66,85609,62,160985
8116,0.002123,172.217.194.0-255,5020,90629,62,160985
8117,0.002125,172.31.40.0-255,66,90695,62,160985
8118,0.002152,172.217.194.0-255,1484,92179,62,160985
8119,0.002157,172.217.194.0-255,2902,95081,62,160985
8120,0.00216,172.31.40.0-255,66,95147,62,160985
8121,0.002214,172.217.194.0-255,5738,100885,62,160985
8122,0.002217,172.31.40.0-255,66,100951,62,160985
8123,0.002232,172.31.40.0-255,66,101017,62,160985
8124,0.002264,172.31.40.0-255,66,101083,62,160985
8125,0.002301,172.217.194.0-255,2184,103267,62,160985
8126,0.002305,172.31.40.0-255,66,103333,62,160985
8127,0.002308,172.217.194.0-255,1484,104817,62,160985
8128,0.002313,172.217.194.0-255,2902,107719,62,160985
8129,0.002316,172.31.40.0-255,66,107785,62,160985
8130,0.002322,172.217.194.0-255,5738,113523,62,160985
8131,0.002324,172.31.40.0-255,66,113589,62,160985
8132,0.002338,172.31.40.0-255,66,113655,62,160985
8133,0.002349,172.31.40.0-255,66,113721,62,160985
8134,0.002408,172.31.40.0-255,66,113787,62,160985
8135,0.002419,172.31.40.0-255,66,113853,62,160985
8136,0.002449,172.217.194.0-255,1484,115337,62,160985
8137,0.002454,172.217.194.0-255,2902,118239,62,160985
8138,0.002457,172.31.40.0-255,66,118305,62,160985
8139,0.002463,172.217.194.0-255,5738,124043,62,160985
8140,0.0025,172.217.194.0-255,7156,131199,62,160985
8141,0.002525,172.217.194.0-255,1484,132683,62,160985
8142,0.002542,172.217.194.0-255,6438,139121,62,160985
8143,0.002628,172.217.194.0-255,1484,140605,62,160985
8144,0.002634,172.217.194.0-255,2902,143507,62,160985
8145,0.002666,172.217.194.0-255,5738,149245,62,160985
8146,0.0126,172.31.40.0-255,66,149311,62,160985
8147,0.013151,172.217.194.0-255,1484,150795,62,160985
8148,0.01522,172.217.194.0-255,4320,155115,62,160985
8149,0.015227,172.31.40.0-255,66,155181,62,160985
8150,0.017875,172.217.194.0-255,5738,160919,62,160985
8151,0.017882,172.31.40.0-255,66,160985,62,160985
8152,0.0,74.125.24.0-255,160,160,62,190749
8153,2.2e-05,172.31.40.0-255,66,226,62,190749
8154,2.9e-05,74.125.24.0-255,1484,1710,62,190749
8155,3.4e-05,172.31.40.0-255,66,1776,62,190749
8156,4.1e-05,74.125.24.0-255,2902,4678,62,190749
8157,4.5e-05,172.31.40.0-255,66,4744,62,190749
8158,5.2e-05,74.125.24.0-255,7156,11900,62,190749
8159,5.6e-05,172.31.40.0-255,66,11966,62,190749
8160,6e-05,74.125.24.0-255,2064,14030,62,190749
8161,6.3e-05,172.31.40.0-255,66,14096,62,190749
8162,6.6e-05,74.125.24.0-255,1484,15580,62,190749
8163,6.9e-05,172.31.40.0-255,66,15646,62,190749
8164,0.0001,74.125.24.0-255,1484,17130,62,190749
8165,0.000103,172.31.40.0-255,66,17196,62,190749
8166,0.000111,74.125.24.0-255,7156,24352,62,190749
8167,0.000114,172.31.40.0-255,66,24418,62,190749
8168,0.000118,74.125.24.0-255,2902,27320,62,190749
8169,0.00012,172.31.40.0-255,66,27386,62,190749
8170,0.000158,172.31.40.0-255,66,27452,62,190749
8171,0.00019,172.31.40.0-255,66,27518,62,190749
8172,0.00058,74.125.24.0-255,1484,29002,62,190749
8173,0.000586,74.125.24.0-255,2902,31904,62,190749
8174,0.000597,172.31.40.0-255,66,31970,62,190749
8175,0.000601,172.31.40.0-255,66,32036,62,190749
8176,0.000609,74.125.24.0-255,5738,37774,62,190749
8177,0.000611,172.31.40.0-255,66,37840,62,190749
8178,0.000639,74.125.24.0-255,7122,44962,62,190749
8179,0.000642,172.31.40.0-255,66,45028,62,190749
8180,0.000784,74.125.24.0-255,1484,46512,62,190749
8181,0.000789,172.31.40.0-255,66,46578,62,190749
8182,0.000795,74.125.24.0-255,2902,49480,62,190749
8183,0.000798,172.31.40.0-255,66,49546,62,190749
8184,0.000801,74.125.24.0-255,1484,51030,62,190749
8185,0.000817,74.125.24.0-255,4320,55350,62,190749
8186,0.000819,172.31.40.0-255,66,55416,62,190749
8187,0.000822,74.125.24.0-255,1484,56900,62,190749
8188,0.000854,172.31.40.0-255,66,56966,62,190749
8189,0.000864,172.31.40.0-255,66,57032,62,190749
8190,0.000902,74.125.24.0-255,2184,59216,62,190749
8191,0.000905,172.31.40.0-255,66,59282,62,190749
8192,0.000941,74.125.24.0-255,1484,60766,62,190749
8193,0.000962,74.125.24.0-255,2902,63668,62,190749
8194,0.000965,172.31.40.0-255,66,63734,62,190749
8195,0.000972,74.125.24.0-255,5738,69472,62,190749
8196,0.000975,172.31.40.0-255,66,69538,62,190749
8197,0.001005,172.31.40.0-255,66,69604,62,190749
8198,0.001042,74.125.24.0-255,1484,71088,62,190749
8199,0.001083,172.31.40.0-255,66,71154,62,190749
8200,0.0011,74.125.24.0-255,2902,74056,62,190749
8201,0.001102,172.31.40.0-255,66,74122,62,190749
8202,0.001129,172.31.40.0-255,66,74188,62,190749
8203,0.001147,74.125.24.0-255,1484,75672,62,190749
8204,0.001152,74.125.24.0-255,2902,78574,62,190749
8205,0.001154,172.31.40.0-255,66,78640,62,190749
8206,0.001195,172.31.40.0-255,66,78706,62,190749
8207,0.0012,74.125.24.0-255,3602,82308,62,190749
8208,0.001203,172.31.40.0-255,66,82374,62,190749
8209,0.001262,74.125.24.0-255,1484,83858,62,190749
8210,0.001281,74.125.24.0-255,2902,86760,62,190749
8211,0.001286,172.31.40.0-255,66,86826,62,190749
8212,0.001305,74.125.24.0-255,5738,92564,62,190749
8213,0.001308,172.31.40.0-255,66,92630,62,190749
8214,0.001328,74.125.24.0-255,1484,94114,62,190749
8215,0.001342,74.125.24.0-255,2902,97016,62,190749
8216,0.001345,172.31.40.0-255,66,97082,62,190749
8217,0.001389,74.125.24.0-255,5738,102820,62,190749
8218,0.001393,172.31.40.0-255,66,102886,62,190749
8219,0.001408,172.31.40.0-255,66,102952,62,190749
8220,0.001423,172.31.40.0-255,66,103018,62,190749
8221,0.00145,74.125.24.0-255,1484,104502,62,190749
8222,0.001461,172.31.40.0-255,66,104568,62,190749
8223,0.001491,172.31.40.0-255,66,104634,62,190749
8224,0.001539,172.31.40.0-255,66,104700,62,190749
8225,0.001542,172.31.40.0-255,66,104766,62,190749
8226,0.001555,74.125.24.0-255,4320,109086,62,190749
8227,0.001557,172.31.40.0-255,66,109152,62,190749
8228,0.001563,74.125.24.0-255,4320,113472,62,190749
8229,0.001565,172.31.40.0-255,66,113538,62,190749
8230,0.001587,74.125.24.0-255,2184,115722,62,190749
8231,0.00159,172.31.40.0-255,66,115788,62,190749
8232,0.001602,74.125.24.0-255,331,116119,62,190749
8233,0.001633,74.125.24.0-255,1484,117603,62,190749
8234,0.001637,172.31.40.0-255,66,117669,62,190749
8235,0.001642,74.125.24.0-255,4320,121989,62,190749
8236,0.001645,172.31.40.0-255,66,122055,62,190749
8237,0.001691,74.125.24.0-255,2902,124957,62,190749
8238,0.001694,172.31.40.0-255,66,125023,62,190749
8239,0.00173,74.125.24.0-255,5738,130761,62,190749
8240,0.001734,172.31.40.0-255,66,130827,62,190749
8241,0.001737,74.125.24.0-255,1484,132311,62,190749
8242,0.001751,172.31.40.0-255,66,132377,62,190749
8243,0.001757,74.125.24.0-255,6438,138815,62,190749
8244,0.001759,172.31.40.0-255,66,138881,62,190749
8245,0.001944,74.125.24.0-255,1484,140365,62,190749
8246,0.001964,74.125.24.0-255,2902,143267,62,190749
8247,0.001967,172.31.40.0-255,66,143333,62,190749
8248,0.001975,74.125.24.0-255,5738,149071,62,190749
8249,0.001977,172.31.40.0-255,66,149137,62,190749
8250,0.00202,172.31.40.0-255,66,149203,62,190749
8251,0.002027,74.125.24.0-255,5738,154941,62,190749
8252,0.002029,172.31.40.0-255,66,155007,62,190749
8253,0.002045,74.125.24.0-255,6438,161445,62,190749
8254,0.002047,172.31.40.0-255,66,161511,62,190749
8255,0.002107,74.125.24.0-255,1484,162995,62,190749
8256,0.002128,74.125.24.0-255,2902,165897,62,190749
8257,0.002131,172.31.40.0-255,66,165963,62,190749
8258,0.002135,74.125.24.0-255,1484,167447,62,190749
8259,0.002154,74.125.24.0-255,4320,171767,62,190749
8260,0.002156,172.31.40.0-255,66,171833,62,190749
8261,0.002188,172.31.40.0-255,66,171899,62,190749
8262,0.002213,74.125.24.0-255,1484,173383,62,190749
8263,0.002228,172.31.40.0-255,66,173449,62,190749
8264,0.002236,74.125.24.0-255,7156,180605,62,190749
8265,0.002238,172.31.40.0-255,66,180671,62,190749
8266,0.002253,74.125.24.0-255,766,181437,62,190749
8267,0.002265,172.31.40.0-255,66,181503,62,190749
8268,0.002286,74.125.24.0-255,2902,184405,62,190749
8269,0.00229,172.31.40.0-255,66,184471,62,190749
8270,0.002301,74.125.24.0-255,5738,190209,62,190749
8271,0.002304,172.31.40.0-255,66,190275,62,190749
8272,0.002332,172.31.40.0-255,66,190341,62,190749
8273,0.002344,172.31.40.0-255,66,190407,62,190749
8274,0.002367,74.125.24.0-255,105,190512,62,190749
8275,0.010145,172.31.40.0-255,66,190578,62,190749
8276,0.010197,172.31.40.0-255,105,190683,62,190749
8277,0.012769,74.125.24.0-255,66,190749,62,190749
8278,0.0,74.125.24.0-255,152,152,62,173737
8279,1.4e-05,172.31.40.0-255,66,218,62,173737
8280,1.9e-05,74.125.24.0-255,1484,1702,62,173737
8281,2.3e-05,172.31.40.0-255,66,1768,62,173737
8282,2.7e-05,74.125.24.0-255,1484,3252,62,173737
8283,3.1e-05,172.31.40.0-255,66,3318,62,173737
8284,5.1e-05,74.125.24.0-255,1484,4802,62,173737
8285,5.4e-05,172.31.40.0-255,66,4868,62,173737
8286,6.3e-05,74.125.24.0-255,7156,12024,62,173737
8287,6.6e-05,172.31.40.0-255,66,12090,62,173737
8288,7e-05,74.125.24.0-255,2067,14157,62,173737
8289,7.3e-05,172.31.40.0-255,66,14223,62,173737
8290,0.000246,74.125.24.0-255,1484,15707,62,173737
8291,0.000253,172.31.40.0-255,66,15773,62,173737
8292,0.000258,74.125.24.0-255,2902,18675,62,173737
8293,0.000261,172.31.40.0-255,66,18741,62,173737
8294,0.000265,74.125.24.0-255,2902,21643,62,173737
8295,0.000267,172.31.40.0-255,66,21709,62,173737
8296,0.000291,74.125.24.0-255,2902,24611,62,173737
8297,0.000294,172.31.40.0-255,66,24677,62,173737
8298,0.000311,74.125.24.0-255,1484,26161,62,173737
8299,0.000313,172.31.40.0-255,66,26227,62,173737
8300,0.000345,172.31.40.0-255,66,26293,62,173737
8301,0.000351,74.125.24.0-255,5738,32031,62,173737
8302,0.000353,172.31.40.0-255,66,32097,62,173737
8303,0.000392,74.125.24.0-255,3961,36058,62,173737
8304,0.000395,172.31.40.0-255,66,36124,62,173737
8305,0.000423,74.125.24.0-255,2902,39026,62,173737
8306,0.000426,172.31.40.0-255,66,39092,62,173737
8307,0.000444,74.125.24.0-255,1484,40576,62,173737
8308,0.000447,172.31.40.0-255,66,40642,62,173737
8309,0.000453,74.125.24.0-255,4320,44962,62,173737
8310,0.000456,172.31.40.0-255,66,45028,62,173737
8311,0.000476,74.125.24.0-255,4320,49348,62,173737
8312,0.000479,172.31.40.0-255,66,49414,62,173737
8313,0.000494,74.125.24.0-255,1484,50898,62,173737
8314,0.000543,74.125.24.0-255,2870,53768,62,173737
8315,0.000546,172.31.40.0-255,66,53834,62,173737
8316,0.000908,74.125.24.0-255,350,54184,62,173737
8317,0.001025,74.125.24.0-255,1484,55668,62,173737
8318,0.001029,172.31.40.0-255,66,55734,62,173737
8319,0.001035,74.125.24.0-255,2902,58636,62,173737
8320,0.001037,172.31.40.0-255,66,58702,62,173737
8321,0.001074,74.125.24.0-255,5738,64440,62,173737
8322,0.001077,172.31.40.0-255,66,64506,62,173737
8323,0.001088,172.31.40.0-255,66,64572,62,173737
8324,0.001106,74.125.24.0-255,5379,69951,62,173737
8325,0.001108,172.31.40.0-255,66,70017,62,173737
8326,0.001114,74.125.24.0-255,5738,75755,62,173737
8327,0.001117,172.31.40.0-255,66,75821,62,173737
8328,0.001138,74.125.24.0-255,3961,79782,62,173737
8329,0.001141,172.31.40.0-255,66,79848,62,173737
8330,0.001841,74.125.24.0-255,1484,81332,62,173737
8331,0.001852,74.125.24.0-255,2902,84234,62,173737
8332,0.001857,172.31.40.0-255,66,84300,62,173737
8333,0.001864,74.125.24.0-255,5738,90038,62,173737
8334,0.001867,172.31.40.0-255,66,90104,62,173737
8335,0.001872,74.125.24.0-255,2902,93006,62,173737
8336,0.001873,172.31.40.0-255,66,93072,62,173737
8337,0.001903,74.125.24.0-255,7156,100228,62,173737
8338,0.001906,172.31.40.0-255,66,100294,62,173737
8339,0.001926,74.125.24.0-255,4320,104614,62,173737
8340,0.001929,172.31.40.0-255,66,104680,62,173737
8341,0.001958,172.31.40.0-255,66,104746,62,173737
8342,0.002029,74.125.24.0-255,1484,106230,62,173737
8343,0.002035,74.125.24.0-255,1484,107714,62,173737
8344,0.002038,172.31.40.0-255,66,107780,62,173737
8345,0.002059,74.125.24.0-255,1484,109264,62,173737
8346,0.002066,74.125.24.0-255,5738,115002,62,173737
8347,0.002069,172.31.40.0-255,66,115068,62,173737
8348,0.002073,74.125.24.0-255,2902,117970,62,173737
8349,0.002075,172.31.40.0-255,66,118036,62,173737
8350,0.002108,172.31.40.0-255,66,118102,62,173737
8351,0.002135,74.125.24.0-255,1484,119586,62,173737
8352,0.002164,172.31.40.0-255,66,119652,62,173737
8353,0.002268,74.125.24.0-255,1484,121136,62,173737
8354,0.002275,74.125.24.0-255,2902,124038,62,173737
8355,0.002279,172.31.40.0-255,66,124104,62,173737
8356,0.002285,74.125.24.0-255,5738,129842,62,173737
8357,0.002288,172.31.40.0-255,66,129908,62,173737
8358,0.002323,172.31.40.0-255,66,129974,62,173737
8359,0.002341,74.125.24.0-255,2902,132876,62,173737
8360,0.002344,172.31.40.0-255,66,132942,62,173737
8361,0.002356,172.31.40.0-255,66,133008,62,173737
8362,0.004637,74.125.24.0-255,5738,138746,62,173737
8363,0.004644,172.31.40.0-255,66,138812,62,173737
8364,0.006925,74.125.24.0-255,5738,144550,62,173737
8365,0.006932,172.31.40.0-255,66,144616,62,173737
8366,0.009236,74.125.24.0-255,5738,150354,62,173737
8367,0.009244,172.31.40.0-255,66,150420,62,173737
8368,0.011563,74.125.24.0-255,5738,156158,62,173737
8369,0.011577,172.31.40.0-255,66,156224,62,173737
8370,0.013875,74.125.24.0-255,5738,161962,62,173737
8371,0.013885,172.31.40.0-255,66,162028,62,173737
8372,0.016222,74.125.24.0-255,5738,167766,62,173737
8373,0.01623,172.31.40.0-255,66,167832,62,173737
8374,0.018527,74.125.24.0-255,5738,173570,62,173737
8375,0.018537,172.31.40.0-255,66,173636,62,173737
8376,0.018625,172.31.40.0-255,101,173737,62,173737
8377,0.0,74.125.24.0-255,153,153,62,231896
8378,1.6e-05,172.31.40.0-255,66,219,62,231896
8379,2.2e-05,74.125.24.0-255,1484,1703,62,231896
8380,2.7e-05,172.31.40.0-255,66,1769,62,231896
8381,3.3e-05,74.125.24.0-255,2902,4671,62,231896
8382,3.6e-05,172.31.40.0-255,66,4737,62,231896
8383,4.1e-05,74.125.24.0-255,4320,9057,62,231896
8384,4.4e-05,172.31.40.0-255,66,9123,62,231896
8385,9.1e-05,74.125.24.0-255,4900,14023,62,231896
8386,9.5e-05,172.31.40.0-255,66,14089,62,231896
8387,0.000119,74.125.24.0-255,5738,19827,62,231896
8388,0.000121,172.31.40.0-255,66,19893,62,231896
8389,0.000139,74.125.24.0-255,7156,27049,62,231896
8390,0.000142,172.31.40.0-255,66,27115,62,231896
8391,0.000164,74.125.24.0-255,3961,31076,62,231896
8392,0.000167,172.31.40.0-255,66,31142,62,231896
8393,0.000257,74.125.24.0-255,1484,32626,62,231896
8394,0.000261,172.31.40.0-255,66,32692,62,231896
8395,0.000268,74.125.24.0-255,2902,35594,62,231896
8396,0.00027,172.31.40.0-255,66,35660,62,231896
8397,0.000277,74.125.24.0-255,5738,41398,62,231896
8398,0.000279,172.31.40.0-255,66,41464,62,231896
8399,0.000284,74.125.24.0-255,4320,45784,62,231896
8400,0.000287,172.31.40.0-255,66,45850,62,231896
8401,0.000327,172.31.40.0-255,66,45916,62,231896
8402,0.000346,74.125.24.0-255,6797,52713,62,231896
8403,0.000349,172.31.40.0-255,66,52779,62,231896
8404,0.000365,74.125.24.0-255,443,53222,62,231896
8405,0.000367,172.31.40.0-255,66,53288,62,231896
8406,0.00041,74.125.24.0-255,331,53619,62,231896
8407,0.000414,172.31.40.0-255,66,53685,62,231896
8408,0.000681,74.125.24.0-255,1484,55169,62,231896
8409,0.000689,74.125.24.0-255,2902,58071,62,231896
8410,0.000694,172.31.40.0-255,66,58137,62,231896
8411,0.000702,74.125.24.0-255,5738,63875,62,231896
8412,0.000705,172.31.40.0-255,66,63941,62,231896
8413,0.000747,172.31.40.0-255,66,64007,62,231896
8414,0.000768,74.125.24.0-255,7156,71163,62,231896
8415,0.000771,172.31.40.0-255,66,71229,62,231896
8416,0.000792,74.125.24.0-255,3602,74831,62,231896
8417,0.000794,172.31.40.0-255,66,74897,62,231896
8418,0.000915,74.125.24.0-255,1484,76381,62,231896
8419,0.000921,74.125.24.0-255,2902,79283,62,231896
8420,0.000926,172.31.40.0-255,66,79349,62,231896
8421,0.000929,74.125.24.0-255,1484,80833,62,231896
8422,0.00095,74.125.24.0-255,4320,85153,62,231896
8423,0.000954,172.31.40.0-255,66,85219,62,231896
8424,0.000975,172.31.40.0-255,66,85285,62,231896
8425,0.000998,74.125.24.0-255,2902,88187,62,231896
8426,0.001001,172.31.40.0-255,66,88253,62,231896
8427,0.001019,74.125.24.0-255,5738,93991,62,231896
8428,0.001022,172.31.40.0-255,66,94057,62,231896
8429,0.001045,74.125.24.0-255,5020,99077,62,231896
8430,0.001048,172.31.40.0-255,66,99143,62,231896
8431,0.00114,74.125.24.0-255,1484,100627,62,231896
8432,0.001154,74.125.24.0-255,2902,103529,62,231896
8433,0.001157,172.31.40.0-255,66,103595,62,231896
8434,0.001164,74.125.24.0-255,5738,109333,62,231896
8435,0.001167,172.31.40.0-255,66,109399,62,231896
8436,0.001199,172.31.40.0-255,66,109465,62,231896
8437,0.001223,74.125.24.0-255,2902,112367,62,231896
8438,0.001226,172.31.40.0-255,66,112433,62,231896
8439,0.001239,172.31.40.0-255,66,112499,62,231896
8440,0.001266,74.125.24.0-255,1484,113983,62,231896
8441,0.001271,74.125.24.0-255,2902,116885,62,231896
8442,0.001273,172.31.40.0-255,66,116951,62,231896
8443,0.001276,74.125.24.0-255,1484,118435,62,231896
8444,0.001296,74.125.24.0-255,4320,122755,62,231896
8445,0.001298,172.31.40.0-255,66,122821,62,231896
8446,0.001304,74.125.24.0-255,5738,128559,62,231896
8447,0.001306,172.31.40.0-255,66,128625,62,231896
8448,0.001333,74.125.24.0-255,7156,135781,62,231896
8449,0.001336,172.31.40.0-255,66,135847,62,231896
8450,0.001347,172.31.40.0-255,66,135913,62,231896
8451,0.00135,74.125.24.0-255,766,136679,62,231896
8452,0.001491,74.125.24.0-255,1484,138163,62,231896
8453,0.001496,74.125.24.0-255,2902,141065,62,231896
8454,0.001502,172.31.40.0-255,66,141131,62,231896
8455,0.001505,172.31.40.0-255,66,141197,62,231896
8456,0.001518,74.125.24.0-255,5738,146935,62,231896
8457,0.00152,172.31.40.0-255,66,147001,62,231896
8458,0.001527,74.125.24.0-255,5738,152739,62,231896
8459,0.001529,172.31.40.0-255,66,152805,62,231896
8460,0.001567,172.31.40.0-255,66,152871,62,231896
8461,0.001573,74.125.24.0-255,4320,157191,62,231896
8462,0.001575,172.31.40.0-255,66,157257,62,231896
8463,0.00159,74.125.24.0-255,766,158023,62,231896
8464,0.001606,74.125.24.0-255,4320,162343,62,231896
8465,0.001609,172.31.40.0-255,66,162409,62,231896
8466,0.00162,74.125.24.0-255,1484,163893,62,231896
8467,0.001639,74.125.24.0-255,7156,171049,62,231896
8468,0.001642,172.31.40.0-255,66,171115,62,231896
8469,0.001645,74.125.24.0-255,1484,172599,62,231896
8470,0.001673,172.31.40.0-255,66,172665,62,231896
8471,0.001676,74.125.24.0-255,1484,174149,62,231896
8472,0.001702,74.125.24.0-255,5020,179169,62,231896
8473,0.001705,172.31.40.0-255,66,179235,62,231896
8474,0.00172,74.125.24.0-255,2902,182137,62,231896
8475,0.001723,172.31.40.0-255,66,182203,62,231896
8476,0.001728,74.125.24.0-255,4320,186523,62,231896
8477,0.001731,172.31.40.0-255,66,186589,62,231896
8478,0.001763,172.31.40.0-255,66,186655,62,231896
8479,0.001782,74.125.24.0-255,1484,188139,62,231896
8480,0.001822,172.31.40.0-255,66,188205,62,231896
8481,0.001886,74.125.24.0-255,1484,189689,62,231896
8482,0.00189,74.125.24.0-255,1484,191173,62,231896
8483,0.001894,172.31.40.0-255,66,191239,62,231896
8484,0.001915,74.125.24.0-255,1484,192723,62,231896
8485,0.001922,74.125.24.0-255,5738,198461,62,231896
8486,0.001924,172.31.40.0-255,66,198527,62,231896
8487,0.00193,74.125.24.0-255,5738,204265,62,231896
8488,0.001933,172.31.40.0-255,66,204331,62,231896
8489,0.001987,172.31.40.0-255,66,204397,62,231896
8490,0.001994,74.125.24.0-255,5020,209417,62,231896
8491,0.001996,172.31.40.0-255,66,209483,62,231896
8492,0.002036,74.125.24.0-255,1484,210967,62,231896
8493,0.00204,74.125.24.0-255,2902,213869,62,231896
8494,0.002043,172.31.40.0-255,66,213935,62,231896
8495,0.002046,74.125.24.0-255,1484,215419,62,231896
8496,0.002067,74.125.24.0-255,4320,219739,62,231896
8497,0.00207,172.31.40.0-255,66,219805,62,231896
8498,0.002115,172.31.40.0-255,66,219871,62,231896
8499,0.002139,74.125.24.0-255,7156,227027,62,231896
8500,0.002152,172.31.40.0-255,66,227093,62,231896
8501,0.002181,172.31.40.0-255,66,227159,62,231896
8502,0.002214,172.31.40.0-255,66,227225,62,231896
8503,0.002222,74.125.24.0-255,4329,231554,62,231896
8504,0.002224,74.125.24.0-255,105,231659,62,231896
8505,0.002236,172.31.40.0-255,66,231725,62,231896
8506,0.011037,172.31.40.0-255,105,231830,62,231896
8507,0.013574,74.125.24.0-255,66,231896,62,231896
8508,0.0,74.125.200.0-255,143,143,62,123987
8509,1.4e-05,172.31.40.0-255,66,209,62,123987
8510,2.1e-05,74.125.200.0-255,1484,1693,62,123987
8511,2.6e-05,172.31.40.0-255,66,1759,62,123987
8512,3.2e-05,74.125.200.0-255,2902,4661,62,123987
8513,4.4e-05,172.31.40.0-255,66,4727,62,123987
8514,4.9e-05,74.125.200.0-255,4320,9047,62,123987
8515,5.2e-05,172.31.40.0-255,66,9113,62,123987
8516,5.9e-05,74.125.200.0-255,4912,14025,62,123987
8517,6.1e-05,172.31.40.0-255,66,14091,62,123987
8518,0.00028,74.125.200.0-255,1484,15575,62,123987
8519,0.000285,172.31.40.0-255,66,15641,62,123987
8520,0.000292,74.125.200.0-255,2902,18543,62,123987
8521,0.000294,172.31.40.0-255,66,18609,62,123987
8522,0.000299,74.125.200.0-255,2902,21511,62,123987
8523,0.000309,172.31.40.0-255,66,21577,62,123987
8524,0.000339,74.125.200.0-255,1484,23061,62,123987
8525,0.000341,172.31.40.0-255,66,23127,62,123987
8526,0.000357,74.125.200.0-255,4320,27447,62,123987
8527,0.00036,172.31.40.0-255,66,27513,62,123987
8528,0.000389,74.125.200.0-255,3961,31474,62,123987
8529,0.000392,172.31.40.0-255,66,31540,62,123987
8530,0.00041,172.31.40.0-255,66,31606,62,123987
8531,0.000455,172.31.40.0-255,66,31672,62,123987
8532,0.000648,74.125.200.0-255,1484,33156,62,123987
8533,0.000653,172.31.40.0-255,66,33222,62,123987
8534,0.00067,74.125.200.0-255,2902,36124,62,123987
8535,0.000673,172.31.40.0-255,66,36190,62,123987
8536,0.000694,74.125.200.0-255,5738,41928,62,123987
8537,0.000696,172.31.40.0-255,66,41994,62,123987
8538,0.0007,74.125.200.0-255,2902,44896,62,123987
8539,0.000702,172.31.40.0-255,66,44962,62,123987
8540,0.000707,74.125.200.0-255,3961,48923,62,123987
8541,0.000708,172.31.40.0-255,66,48989,62,123987
8542,0.00126,74.125.200.0-255,1484,50473,62,123987
8543,0.00127,74.125.200.0-255,2902,53375,62,123987
8544,0.001274,172.31.40.0-255,66,53441,62,123987
8545,0.001279,74.125.200.0-255,1484,54925,62,123987
8546,0.001301,74.125.200.0-255,4320,59245,62,123987
8547,0.001303,172.31.40.0-255,66,59311,62,123987
8548,0.001309,74.125.200.0-255,4320,63631,62,123987
8549,0.00131,172.31.40.0-255,66,63697,62,123987
8550,0.001341,74.125.200.0-255,5379,69076,62,123987
8551,0.001343,172.31.40.0-255,66,69142,62,123987
8552,0.00135,74.125.200.0-255,5738,74880,62,123987
8553,0.001351,172.31.40.0-255,66,74946,62,123987
8554,0.001383,74.125.200.0-255,5738,80684,62,123987
8555,0.001388,172.31.40.0-255,66,80750,62,123987
8556,0.001392,74.125.200.0-255,2543,83293,62,123987
8557,0.001394,172.31.40.0-255,66,83359,62,123987
8558,0.004011,74.125.200.0-255,5738,89097,62,123987
8559,0.004017,172.31.40.0-255,66,89163,62,123987
8560,0.006656,74.125.200.0-255,5738,94901,62,123987
8561,0.006662,172.31.40.0-255,66,94967,62,123987
8562,0.009304,74.125.200.0-255,5738,100705,62,123987
8563,0.009313,172.31.40.0-255,66,100771,62,123987
8564,0.01197,74.125.200.0-255,5738,106509,62,123987
8565,0.011979,172.31.40.0-255,66,106575,62,123987
8566,0.014624,74.125.200.0-255,5738,112313,62,123987
8567,0.014634,172.31.40.0-255,66,112379,62,123987
8568,0.017286,74.125.200.0-255,5738,118117,62,123987
8569,0.017296,172.31.40.0-255,66,118183,62,123987
8570,0.01994,74.125.200.0-255,5738,123921,62,123987
8571,0.019958,172.31.40.0-255,66,123987,62,123987
8572,0.0,74.125.68.0-255,154,154,62,242274
8573,2.8e-05,172.31.40.0-255,66,220,62,242274
8574,5.9e-05,74.125.68.0-255,1484,1704,62,242274
8575,6.3e-05,172.31.40.0-255,66,1770,62,242274
8576,7e-05,74.125.68.0-255,2902,4672,62,242274
8577,7.4e-05,172.31.40.0-255,66,4738,62,242274
8578,8.6e-05,74.125.68.0-255,5738,10476,62,242274
8579,8.9e-05,172.31.40.0-255,66,10542,62,242274
8580,0.000121,74.125.68.0-255,6354,16896,62,242274
8581,0.000125,172.31.40.0-255,66,16962,62,242274
8582,0.00016,172.31.40.0-255,66,17028,62,242274
8583,0.000189,74.125.68.0-255,4320,21348,62,242274
8584,0.000193,172.31.40.0-255,66,21414,62,242274
8585,0.000209,74.125.68.0-255,1125,22539,62,242274
8586,0.000212,172.31.40.0-255,66,22605,62,242274
8587,0.000235,74.125.68.0-255,1484,24089,62,242274
8588,0.000237,172.31.40.0-255,66,24155,62,242274
8589,0.000266,74.125.68.0-255,2902,27057,62,242274
8590,0.00027,172.31.40.0-255,66,27123,62,242274
8591,0.000301,74.125.68.0-255,5738,32861,62,242274
8592,0.000304,172.31.40.0-255,66,32927,62,242274
8593,0.000307,74.125.68.0-255,1484,34411,62,242274
8594,0.00031,172.31.40.0-255,66,34477,62,242274
8595,0.000315,74.125.68.0-255,2902,37379,62,242274
8596,0.000323,172.31.40.0-255,66,37445,62,242274
8597,0.000354,74.125.68.0-255,5738,43183,62,242274
8598,0.000358,172.31.40.0-255,66,43249,62,242274
8599,0.00036,74.125.68.0-255,1484,44733,62,242274
8600,0.000363,74.125.68.0-255,1484,46217,62,242274
8601,0.000364,172.31.40.0-255,66,46283,62,242274
8602,0.000368,172.31.40.0-255,66,46349,62,242274
8603,0.000401,74.125.68.0-255,7156,53505,62,242274
8604,0.000405,172.31.40.0-255,66,53571,62,242274
8605,0.00041,74.125.68.0-255,3602,57173,62,242274
8606,0.000413,172.31.40.0-255,66,57239,62,242274
8607,0.000498,74.125.68.0-255,360,57599,62,242274
8608,0.000513,74.125.68.0-255,135,57734,62,242274
8609,0.000665,74.125.68.0-255,1484,59218,62,242274
8610,0.000669,172.31.40.0-255,66,59284,62,242274
8611,0.000674,74.125.68.0-255,2902,62186,62,242274
8612,0.000677,172.31.40.0-255,66,62252,62,242274
8613,0.000705,74.125.68.0-255,5738,67990,62,242274
8614,0.000708,172.31.40.0-255,66,68056,62,242274
8615,0.000715,74.125.68.0-255,5738,73794,62,242274
8616,0.000717,172.31.40.0-255,66,73860,62,242274
8617,0.000733,74.125.68.0-255,1484,75344,62,242274
8618,0.000776,74.125.68.0-255,4320,79664,62,242274
8619,0.00078,172.31.40.0-255,66,79730,62,242274
8620,0.000815,172.31.40.0-255,66,79796,62,242274
8621,0.000821,74.125.68.0-255,3602,83398,62,242274
8622,0.000823,172.31.40.0-255,66,83464,62,242274
8623,0.000828,74.125.68.0-255,4320,87784,62,242274
8624,0.000836,172.31.40.0-255,66,87850,62,242274
8625,0.000861,74.125.68.0-255,5738,93588,62,242274
8626,0.000864,172.31.40.0-255,66,93654,62,242274
8627,0.000886,74.125.68.0-255,2902,96556,62,242274
8628,0.000889,172.31.40.0-255,66,96622,62,242274
8629,0.0009,172.31.40.0-255,66,96688,62,242274
8630,0.000937,74.125.68.0-255,5738,102426,62,242274
8631,0.00094,172.31.40.0-255,66,102492,62,242274
8632,0.000956,74.125.68.0-255,4320,106812,62,242274
8633,0.000958,172.31.40.0-255,66,106878,62,242274
8634,0.000975,172.31.40.0-255,66,106944,62,242274
8635,0.00098,74.125.68.0-255,4320,111264,62,242274
8636,0.000982,172.31.40.0-255,66,111330,62,242274
8637,0.001027,172.31.40.0-255,66,111396,62,242274
8638,0.001031,74.125.68.0-255,2184,113580,62,242274
8639,0.001034,172.31.40.0-255,66,113646,62,242274
8640,0.00115,74.125.68.0-255,1484,115130,62,242274
8641,0.001155,74.125.68.0-255,1484,116614,62,242274
8642,0.001158,172.31.40.0-255,66,116680,62,242274
8643,0.001182,74.125.68.0-255,2902,119582,62,242274
8644,0.001186,172.31.40.0-255,66,119648,62,242274
8645,0.001206,74.125.68.0-255,5738,125386,62,242274
8646,0.001209,172.31.40.0-255,66,125452,62,242274
8647,0.001213,74.125.68.0-255,2902,128354,62,242274
8648,0.001217,172.31.40.0-255,66,128420,62,242274
8649,0.001235,74.125.68.0-255,4320,132740,62,242274
8650,0.001238,172.31.40.0-255,66,132806,62,242274
8651,0.001257,74.125.68.0-255,4320,137126,62,242274
8652,0.00126,172.31.40.0-255,66,137192,62,242274
8653,0.001288,74.125.68.0-255,4320,141512,62,242274
8654,0.001291,172.31.40.0-255,66,141578,62,242274
8655,0.001297,74.125.68.0-255,4320,145898,62,242274
8656,0.001299,172.31.40.0-255,66,145964,62,242274
8657,0.001333,74.125.68.0-255,2184,148148,62,242274
8658,0.001336,172.31.40.0-255,66,148214,62,242274
8659,0.001438,74.125.68.0-255,1484,149698,62,242274
8660,0.001457,74.125.68.0-255,2902,152600,62,242274
8661,0.001461,172.31.40.0-255,66,152666,62,242274
8662,0.001466,74.125.68.0-255,2902,155568,62,242274
8663,0.001468,172.31.40.0-255,66,155634,62,242274
8664,0.00149,74.125.68.0-255,2902,158536,62,242274
8665,0.001494,172.31.40.0-255,66,158602,62,242274
8666,0.001501,74.125.68.0-255,7156,165758,62,242274
8667,0.001503,172.31.40.0-255,66,165824,62,242274
8668,0.001554,172.31.40.0-255,66,165890,62,242274
8669,0.001591,74.125.68.0-255,4320,170210,62,242274
8670,0.001594,172.31.40.0-255,66,170276,62,242274
8671,0.001628,74.125.68.0-255,6137,176413,62,242274
8672,0.001632,172.31.40.0-255,66,176479,62,242274
8673,0.001657,172.31.40.0-255,66,176545,62,242274
8674,0.001664,74.125.68.0-255,7156,183701,62,242274
8675,0.001667,172.31.40.0-255,66,183767,62,242274
8676,0.001677,172.31.40.0-255,66,183833,62,242274
8677,0.001697,74.125.68.0-255,1484,185317,62,242274
8678,0.001707,74.125.68.0-255,2902,188219,62,242274
8679,0.001712,172.31.40.0-255,66,188285,62,242274
8680,0.001742,74.125.68.0-255,5738,194023,62,242274
8681,0.001746,172.31.40.0-255,66,194089,62,242274
8682,0.001753,74.125.68.0-255,7156,201245,62,242274
8683,0.001755,172.31.40.0-255,66,201311,62,242274
8684,0.001796,172.31.40.0-255,66,201377,62,242274
8685,0.001834,74.125.68.0-255,5738,207115,62,242274
8686,0.001838,172.31.40.0-255,66,207181,62,242274
8687,0.001876,172.31.40.0-255,66,207247,62,242274
8688,0.001914,74.125.68.0-255,2902,210149,62,242274
8689,0.001917,172.31.40.0-255,66,210215,62,242274
8690,0.00195,172.31.40.0-255,66,210281,62,242274
8691,0.001962,172.31.40.0-255,66,210347,62,242274
8692,0.001974,172.31.40.0-255,66,210413,62,242274
8693,0.002006,74.125.68.0-255,7156,217569,62,242274
8694,0.002011,172.31.40.0-255,66,217635,62,242274
8695,0.002022,172.31.40.0-255,66,217701,62,242274
8696,0.002052,74.125.68.0-255,5020,222721,62,242274
8697,0.002056,172.31.40.0-255,66,222787,62,242274
8698,0.002062,74.125.68.0-255,5738,228525,62,242274
8699,0.002065,172.31.40.0-255,66,228591,62,242274
8700,0.002094,74.125.68.0-255,7156,235747,62,242274
8701,0.002098,172.31.40.0-255,66,235813,62,242274
8702,0.002113,172.31.40.0-255,66,235879,62,242274
8703,0.002157,172.31.40.0-255,66,235945,62,242274
8704,0.002188,74.125.68.0-255,5921,241866,62,242274
8705,0.002193,172.31.40.0-255,66,241932,62,242274
8706,0.002219,74.125.68.0-255,105,242037,62,242274
8707,0.003593,172.31.40.0-255,66,242103,62,242274
8708,0.00362,172.31.40.0-255,105,242208,62,242274
8709,0.005883,74.125.68.0-255,66,242274,62,242274
8710,0.0,172.253.118.0-255,153,153,62,117609
8711,2.2e-05,172.31.40.0-255,66,219,62,117609
8712,3e-05,172.253.118.0-255,1484,1703,62,117609
8713,3.5e-05,172.31.40.0-255,66,1769,62,117609
8714,4e-05,172.253.118.0-255,2902,4671,62,117609
8715,5e-05,172.31.40.0-255,66,4737,62,117609
8716,5.8e-05,172.253.118.0-255,7156,11893,62,117609
8717,6.1e-05,172.31.40.0-255,66,11959,62,117609
8718,6.8e-05,172.253.118.0-255,6355,18314,62,117609
8719,7.1e-05,172.31.40.0-255,66,18380,62,117609
8720,7.4e-05,172.253.118.0-255,1484,19864,62,117609
8721,7.6e-05,172.31.40.0-255,66,19930,62,117609
8722,0.000105,172.253.118.0-255,5738,25668,62,117609
8723,0.000114,172.31.40.0-255,66,25734,62,117609
8724,0.00012,172.253.118.0-255,5379,31113,62,117609
8725,0.000122,172.31.40.0-255,66,31179,62,117609
8726,0.00036,172.253.118.0-255,1484,32663,62,117609
8727,0.000367,172.31.40.0-255,66,32729,62,117609
8728,0.000372,172.253.118.0-255,2902,35631,62,117609
8729,0.000375,172.31.40.0-255,66,35697,62,117609
8730,0.0004,172.253.118.0-255,4320,40017,62,117609
8731,0.000403,172.31.40.0-255,66,40083,62,117609
8732,0.000428,172.253.118.0-255,1484,41567,62,117609
8733,0.000431,172.31.40.0-255,66,41633,62,117609
8734,0.000441,172.31.40.0-255,66,41699,62,117609
8735,0.000455,172.31.40.0-255,66,41765,62,117609
8736,0.000461,172.253.118.0-255,5738,47503,62,117609
8737,0.000464,172.31.40.0-255,66,47569,62,117609
8738,0.000489,172.253.118.0-255,1125,48694,62,117609
8739,0.000496,172.31.40.0-255,66,48760,62,117609
8740,0.000538,172.253.118.0-255,413,49173,62,117609
8741,0.000579,172.253.118.0-255,330,49503,62,117609
8742,0.000857,172.253.118.0-255,1484,50987,62,117609
8743,0.000861,172.31.40.0-255,66,51053,62,117609
8744,0.000866,172.253.118.0-255,2902,53955,62,117609
8745,0.000869,172.31.40.0-255,66,54021,62,117609
8746,0.000875,172.253.118.0-255,4320,58341,62,117609
8747,0.000881,172.31.40.0-255,66,58407,62,117609
8748,0.000908,172.253.118.0-255,1484,59891,62,117609
8749,0.000922,172.31.40.0-255,66,59957,62,117609
8750,0.000935,172.253.118.0-255,7156,67113,62,117609
8751,0.000937,172.31.40.0-255,66,67179,62,117609
8752,0.000964,172.253.118.0-255,3602,70781,62,117609
8753,0.000966,172.31.40.0-255,66,70847,62,117609
8754,0.001422,172.253.118.0-255,1484,72331,62,117609
8755,0.001426,172.253.118.0-255,1484,73815,62,117609
8756,0.00143,172.31.40.0-255,66,73881,62,117609
8757,0.001467,172.253.118.0-255,1484,75365,62,117609
8758,0.001475,172.253.118.0-255,5738,81103,62,117609
8759,0.001477,172.31.40.0-255,66,81169,62,117609
8760,0.001493,172.31.40.0-255,66,81235,62,117609
8761,0.001517,172.253.118.0-255,1484,82719,62,117609
8762,0.001549,172.31.40.0-255,66,82785,62,117609
8763,0.004177,172.253.118.0-255,5738,88523,62,117609
8764,0.004184,172.31.40.0-255,66,88589,62,117609
8765,0.00683,172.253.118.0-255,5738,94327,62,117609
8766,0.006834,172.31.40.0-255,66,94393,62,117609
8767,0.009489,172.253.118.0-255,5738,100131,62,117609
8768,0.009496,172.31.40.0-255,66,100197,62,117609
8769,0.012137,172.253.118.0-255,5738,105935,62,117609
8770,0.012146,172.31.40.0-255,66,106001,62,117609
8771,0.014771,172.253.118.0-255,5738,111739,62,117609
8772,0.014779,172.31.40.0-255,66,111805,62,117609
8773,0.017427,172.253.118.0-255,5738,117543,62,117609
8774,0.017436,172.31.40.0-255,66,117609,62,117609
8775,0.0,74.125.68.0-255,156,156,62,211102
8776,1.4e-05,172.31.40.0-255,66,222,62,211102
8777,3.7e-05,74.125.68.0-255,1484,1706,62,211102
8778,4.1e-05,172.31.40.0-255,66,1772,62,211102
8779,6.5e-05,74.125.68.0-255,2902,4674,62,211102
8780,6.8e-05,172.31.40.0-255,66,4740,62,211102
8781,7.4e-05,74.125.68.0-255,4320,9060,62,211102
8782,7.7e-05,172.31.40.0-255,66,9126,62,211102
8783,0.000101,74.125.68.0-255,1484,10610,62,211102
8784,0.000104,172.31.40.0-255,66,10676,62,211102
8785,0.000131,74.125.68.0-255,6294,16970,62,211102
8786,0.000144,172.31.40.0-255,66,17036,62,211102
8787,0.000147,172.31.40.0-255,66,17102,62,211102
8788,0.000161,74.125.68.0-255,2902,20004,62,211102
8789,0.000164,172.31.40.0-255,66,20070,62,211102
8790,0.000221,74.125.68.0-255,2543,22613,62,211102
8791,0.000224,172.31.40.0-255,66,22679,62,211102
8792,0.000442,74.125.68.0-255,1484,24163,62,211102
8793,0.000448,172.31.40.0-255,66,24229,62,211102
8794,0.000496,74.125.68.0-255,2902,27131,62,211102
8795,0.0005,172.31.40.0-255,66,27197,62,211102
8796,0.000519,74.125.68.0-255,1484,28681,62,211102
8797,0.000521,172.31.40.0-255,66,28747,62,211102
8798,0.000525,74.125.68.0-255,1484,30231,62,211102
8799,0.000527,172.31.40.0-255,66,30297,62,211102
8800,0.000542,74.125.68.0-255,1484,31781,62,211102
8801,0.000544,172.31.40.0-255,66,31847,62,211102
8802,0.000573,74.125.68.0-255,1484,33331,62,211102
8803,0.000576,172.31.40.0-255,66,33397,62,211102
8804,0.000581,74.125.68.0-255,2902,36299,62,211102
8805,0.000583,172.31.40.0-255,66,36365,62,211102
8806,0.000599,74.125.68.0-255,5738,42103,62,211102
8807,0.000602,172.31.40.0-255,66,42169,62,211102
8808,0.000625,74.125.68.0-255,5738,47907,62,211102
8809,0.000628,172.31.40.0-255,66,47973,62,211102
8810,0.000631,74.125.68.0-255,1484,49457,62,211102
8811,0.000655,74.125.68.0-255,5738,55195,62,211102
8812,0.000658,172.31.40.0-255,66,55261,62,211102
8813,0.000663,74.125.68.0-255,2184,57445,62,211102
8814,0.000665,172.31.40.0-255,66,57511,62,211102
8815,0.000685,74.125.68.0-255,410,57921,62,211102
8816,0.000747,74.125.68.0-255,1484,59405,62,211102
8817,0.000751,172.31.40.0-255,66,59471,62,211102
8818,0.000757,74.125.68.0-255,4320,63791,62,211102
8819,0.00076,172.31.40.0-255,66,63857,62,211102
8820,0.000764,74.125.68.0-255,2902,66759,62,211102
8821,0.000766,172.31.40.0-255,66,66825,62,211102
8822,0.000788,74.125.68.0-255,2902,69727,62,211102
8823,0.000791,172.31.40.0-255,66,69793,62,211102
8824,0.000799,74.125.68.0-255,7156,76949,62,211102
8825,0.000801,172.31.40.0-255,66,77015,62,211102
8826,0.000855,172.31.40.0-255,66,77081,62,211102
8827,0.000932,74.125.68.0-255,2451,79532,62,211102
8828,0.000936,172.31.40.0-255,66,79598,62,211102
8829,0.001132,74.125.68.0-255,1484,81082,62,211102
8830,0.001151,74.125.68.0-255,2902,83984,62,211102
8831,0.001155,172.31.40.0-255,66,84050,62,211102
8832,0.00116,74.125.68.0-255,2902,86952,62,211102
8833,0.001162,172.31.40.0-255,66,87018,62,211102
8834,0.001179,74.125.68.0-255,2902,89920,62,211102
8835,0.001182,172.31.40.0-255,66,89986,62,211102
8836,0.001198,74.125.68.0-255,7156,97142,62,211102
8837,0.001201,172.31.40.0-255,66,97208,62,211102
8838,0.001237,172.31.40.0-255,66,97274,62,211102
8839,0.00127,74.125.68.0-255,2902,100176,62,211102
8840,0.001273,172.31.40.0-255,66,100242,62,211102
8841,0.001288,74.125.68.0-255,2184,102426,62,211102
8842,0.001293,172.31.40.0-255,66,102492,62,211102
8843,0.001632,74.125.68.0-255,1484,103976,62,211102
8844,0.00166,74.125.68.0-255,2902,106878,62,211102
8845,0.001663,172.31.40.0-255,66,106944,62,211102
8846,0.00169,74.125.68.0-255,4320,111264,62,211102
8847,0.001693,172.31.40.0-255,66,111330,62,211102
8848,0.001697,74.125.68.0-255,1484,112814,62,211102
8849,0.001717,74.125.68.0-255,4320,117134,62,211102
8850,0.001719,172.31.40.0-255,66,117200,62,211102
8851,0.001722,74.125.68.0-255,1484,118684,62,211102
8852,0.00174,74.125.68.0-255,2902,121586,62,211102
8853,0.001743,172.31.40.0-255,66,121652,62,211102
8854,0.001763,74.125.68.0-255,5738,127390,62,211102
8855,0.001765,172.31.40.0-255,66,127456,62,211102
8856,0.00179,74.125.68.0-255,4320,131776,62,211102
8857,0.001792,172.31.40.0-255,66,131842,62,211102
8858,0.001816,74.125.68.0-255,5020,136862,62,211102
8859,0.001819,172.31.40.0-255,66,136928,62,211102
8860,0.001896,74.125.68.0-255,1484,138412,62,211102
8861,0.001914,74.125.68.0-255,2902,141314,62,211102
8862,0.001917,172.31.40.0-255,66,141380,62,211102
8863,0.001938,74.125.68.0-255,2902,144282,62,211102
8864,0.00194,172.31.40.0-255,66,144348,62,211102
8865,0.001972,74.125.68.0-255,4320,148668,62,211102
8866,0.001975,172.31.40.0-255,66,148734,62,211102
8867,0.001979,74.125.68.0-255,1484,150218,62,211102
8868,0.001996,74.125.68.0-255,2902,153120,62,211102
8869,0.001998,172.31.40.0-255,66,153186,62,211102
8870,0.002027,74.125.68.0-255,5738,158924,62,211102
8871,0.002035,172.31.40.0-255,66,158990,62,211102
8872,0.002039,74.125.68.0-255,1484,160474,62,211102
8873,0.002052,74.125.68.0-255,2902,163376,62,211102
8874,0.002055,172.31.40.0-255,66,163442,62,211102
8875,0.002084,74.125.68.0-255,5738,169180,62,211102
8876,0.002087,172.31.40.0-255,66,169246,62,211102
8877,0.002091,74.125.68.0-255,2184,171430,62,211102
8878,0.002093,172.31.40.0-255,66,171496,62,211102
8879,0.002329,74.125.68.0-255,1484,172980,62,211102
8880,0.004372,74.125.68.0-255,1484,174464,62,211102
8881,0.004379,172.31.40.0-255,66,174530,62,211102
8882,0.004396,74.125.68.0-255,2902,177432,62,211102
8883,0.004398,172.31.40.0-255,66,177498,62,211102
8884,0.006669,74.125.68.0-255,2902,180400,62,211102
8885,0.006675,172.31.40.0-255,66,180466,62,211102
8886,0.006696,74.125.68.0-255,2902,183368,62,211102
8887,0.006698,172.31.40.0-255,66,183434,62,211102
8888,0.008968,74.125.68.0-255,4320,187754,62,211102
8889,0.008975,172.31.40.0-255,66,187820,62,211102
8890,0.008995,74.125.68.0-255,1484,189304,62,211102
8891,0.011269,74.125.68.0-255,4320,193624,62,211102
8892,0.011276,172.31.40.0-255,66,193690,62,211102
8893,0.013569,74.125.68.0-255,5738,199428,62,211102
8894,0.013577,172.31.40.0-255,66,199494,62,211102
8895,0.015874,74.125.68.0-255,5738,205232,62,211102
8896,0.015882,172.31.40.0-255,66,205298,62,211102
8897,0.018186,74.125.68.0-255,5738,211036,62,211102
8898,0.018196,172.31.40.0-255,66,211102,62,211102
8899,0.0,172.217.194.0-255,153,153,62,201598
8900,1.2e-05,172.31.40.0-255,66,219,62,201598
8901,1.8e-05,172.217.194.0-255,1484,1703,62,201598
8902,2.3e-05,172.31.40.0-255,66,1769,62,201598
8903,3.5e-05,172.217.194.0-255,2902,4671,62,201598
8904,4e-05,172.31.40.0-255,66,4737,62,201598
8905,6.7e-05,172.217.194.0-255,7156,11893,62,201598
8906,7.1e-05,172.31.40.0-255,66,11959,62,201598
8907,7.8e-05,172.217.194.0-255,5738,17697,62,201598
8908,8.1e-05,172.31.40.0-255,66,17763,62,201598
8909,0.000123,172.31.40.0-255,66,17829,62,201598
8910,0.000129,172.217.194.0-255,3961,21790,62,201598
8911,0.000131,172.31.40.0-255,66,21856,62,201598
8912,0.000164,172.217.194.0-255,4320,26176,62,201598
8913,0.000167,172.31.40.0-255,66,26242,62,201598
8914,0.000178,172.217.194.0-255,5738,31980,62,201598
8915,0.00018,172.31.40.0-255,66,32046,62,201598
8916,0.000183,172.217.194.0-255,1484,33530,62,201598
8917,0.000185,172.31.40.0-255,66,33596,62,201598
8918,0.000203,172.217.194.0-255,7156,40752,62,201598
8919,0.000205,172.31.40.0-255,66,40818,62,201598
8920,0.00023,172.217.194.0-255,3961,44779,62,201598
8921,0.000235,172.31.40.0-255,66,44845,62,201598
8922,0.000246,172.31.40.0-255,66,44911,62,201598
8923,0.000272,172.217.194.0-255,677,45588,62,201598
8924,0.000274,172.31.40.0-255,66,45654,62,201598
8925,0.000386,172.217.194.0-255,1484,47138,62,201598
8926,0.00039,172.31.40.0-255,66,47204,62,201598
8927,0.000395,172.217.194.0-255,2902,50106,62,201598
8928,0.000397,172.31.40.0-255,66,50172,62,201598
8929,0.000402,172.217.194.0-255,4320,54492,62,201598
8930,0.000404,172.31.40.0-255,66,54558,62,201598
8931,0.000431,172.217.194.0-255,1484,56042,62,201598
8932,0.000441,172.217.194.0-255,5738,61780,62,201598
8933,0.000443,172.31.40.0-255,66,61846,62,201598
8934,0.000476,172.31.40.0-255,66,61912,62,201598
8935,0.00051,172.217.194.0-255,5379,67291,62,201598
8936,0.000513,172.31.40.0-255,66,67357,62,201598
8937,0.000519,172.217.194.0-255,3412,70769,62,201598
8938,0.000521,172.31.40.0-255,66,70835,62,201598
8939,0.000725,172.217.194.0-255,1484,72319,62,201598
8940,0.000731,172.217.194.0-255,2902,75221,62,201598
8941,0.000736,172.31.40.0-255,66,75287,62,201598
8942,0.000741,172.217.194.0-255,2902,78189,62,201598
8943,0.000743,172.31.40.0-255,66,78255,62,201598
8944,0.000767,172.217.194.0-255,2902,81157,62,201598
8945,0.000769,172.31.40.0-255,66,81223,62,201598
8946,0.000788,172.31.40.0-255,66,81289,62,201598
8947,0.000799,172.31.40.0-255,66,81355,62,201598
8948,0.000828,172.217.194.0-255,2184,83539,62,201598
8949,0.000837,172.31.40.0-255,66,83605,62,201598
8950,0.00098,172.217.194.0-255,1484,85089,62,201598
8951,0.000985,172.217.194.0-255,2902,87991,62,201598
8952,0.000988,172.31.40.0-255,66,88057,62,201598
8953,0.001023,172.217.194.0-255,5738,93795,62,201598
8954,0.001026,172.31.40.0-255,66,93861,62,201598
8955,0.001041,172.31.40.0-255,66,93927,62,201598
8956,0.001051,172.217.194.0-255,5738,99665,62,201598
8957,0.001054,172.31.40.0-255,66,99731,62,201598
8958,0.00111,172.217.194.0-255,4320,104051,62,201598
8959,0.001114,172.31.40.0-255,66,104117,62,201598
8960,0.001138,172.217.194.0-255,766,104883,62,201598
8961,0.001204,172.217.194.0-255,1484,106367,62,201598
8962,0.001207,172.31.40.0-255,66,106433,62,201598
8963,0.001212,172.217.194.0-255,2902,109335,62,201598
8964,0.001214,172.31.40.0-255,66,109401,62,201598
8965,0.001249,172.217.194.0-255,5738,115139,62,201598
8966,0.001252,172.31.40.0-255,66,115205,62,201598
8967,0.001259,172.217.194.0-255,7156,122361,62,201598
8968,0.001261,172.31.40.0-255,66,122427,62,201598
8969,0.001265,172.217.194.0-255,1484,123911,62,201598
8970,0.001303,172.31.40.0-255,66,123977,62,201598
8971,0.001308,172.217.194.0-255,2184,126161,62,201598
8972,0.00131,172.31.40.0-255,66,126227,62,201598
8973,0.001352,172.217.194.0-255,5738,131965,62,201598
8974,0.001355,172.31.40.0-255,66,132031,62,201598
8975,0.001393,172.217.194.0-255,1484,133515,62,201598
8976,0.001397,172.31.40.0-255,66,133581,62,201598
8977,0.001443,172.31.40.0-255,66,133647,62,201598
8978,0.001471,172.217.194.0-255,5738,139385,62,201598
8979,0.001485,172.31.40.0-255,66,139451,62,201598
8980,0.001569,172.217.194.0-255,5738,145189,62,201598
8981,0.001616,172.31.40.0-255,66,145255,62,201598
8982,0.001625,172.217.194.0-255,1484,146739,62,201598
8983,0.001647,172.217.194.0-255,2902,149641,62,201598
8984,0.001653,172.217.194.0-255,5738,155379,62,201598
8985,0.001671,172.217.194.0-255,1484,156863,62,201598
8986,0.001677,172.31.40.0-255,66,156929,62,201598
8987,0.001695,172.217.194.0-255,2902,159831,62,201598
8988,0.001707,172.31.40.0-255,66,159897,62,201598
8989,0.001744,172.217.194.0-255,1484,161381,62,201598
8990,0.001747,172.31.40.0-255,66,161447,62,201598
8991,0.001757,172.217.194.0-255,4320,165767,62,201598
8992,0.001767,172.217.194.0-255,5738,171505,62,201598
8993,0.001773,172.31.40.0-255,66,171571,62,201598
8994,0.001783,172.217.194.0-255,1484,173055,62,201598
8995,0.00179,172.217.194.0-255,7156,180211,62,201598
8996,0.001815,172.217.194.0-255,7156,187367,62,201598
8997,0.001818,172.217.194.0-255,1484,188851,62,201598
8998,0.001826,172.31.40.0-255,66,188917,62,201598
8999,0.001847,172.217.194.0-255,6438,195355,62,201598
9000,0.001867,172.31.40.0-255,66,195421,62,201598
9001,0.001899,172.217.194.0-255,5738,201159,62,201598
9002,0.001917,172.217.194.0-255,97,201256,62,201598
9003,0.00192,172.217.194.0-255,105,201361,62,201598
9004,0.001938,172.31.40.0-255,66,201427,62,201598
9005,0.009031,172.31.40.0-255,105,201532,62,201598
9006,0.011527,172.217.194.0-255,66,201598,62,201598
9007,0.0,104.244.42.0-255,66,66,62,66
9008,0.0,172.217.194.0-255,152,152,62,193139
9009,1.1e-05,172.31.40.0-255,66,218,62,193139
9010,4.3e-05,172.217.194.0-255,1484,1702,62,193139
9011,4.8e-05,172.31.40.0-255,66,1768,62,193139
9012,5.4e-05,172.217.194.0-255,2902,4670,62,193139
9013,5.7e-05,172.31.40.0-255,66,4736,62,193139
9014,6e-05,172.217.194.0-255,1484,6220,62,193139
9015,6.2e-05,172.31.40.0-255,66,6286,62,193139
9016,7.6e-05,172.31.40.0-255,66,6352,62,193139
9017,0.000133,172.31.40.0-255,66,6418,62,193139
9018,0.000156,172.217.194.0-255,1484,7902,62,193139
9019,0.000159,172.31.40.0-255,66,7968,62,193139
9020,0.000163,172.217.194.0-255,2902,10870,62,193139
9021,0.000165,172.31.40.0-255,66,10936,62,193139
9022,0.000187,172.217.194.0-255,4320,15256,62,193139
9023,0.00019,172.31.40.0-255,66,15322,62,193139
9024,0.000221,172.217.194.0-255,1484,16806,62,193139
9025,0.000223,172.31.40.0-255,66,16872,62,193139
9026,0.000232,172.217.194.0-255,6797,23669,62,193139
9027,0.000234,172.31.40.0-255,66,23735,62,193139
9028,0.000253,172.31.40.0-255,66,23801,62,193139
9029,0.000258,172.217.194.0-255,2797,26598,62,193139
9030,0.00026,172.31.40.0-255,66,26664,62,193139
9031,0.000309,172.217.194.0-255,112,26776,62,193139
9032,0.000313,172.31.40.0-255,66,26842,62,193139
9033,0.000386,172.217.194.0-255,1484,28326,62,193139
9034,0.00039,172.31.40.0-255,66,28392,62,193139
9035,0.000395,172.217.194.0-255,2902,31294,62,193139
9036,0.000398,172.31.40.0-255,66,31360,62,193139
9037,0.000419,172.217.194.0-255,5738,37098,62,193139
9038,0.000427,172.31.40.0-255,66,37164,62,193139
9039,0.000464,172.217.194.0-255,6797,43961,62,193139
9040,0.000467,172.31.40.0-255,66,44027,62,193139
9041,0.000475,172.217.194.0-255,7156,51183,62,193139
9042,0.000477,172.31.40.0-255,66,51249,62,193139
9043,0.000521,172.31.40.0-255,66,51315,62,193139
9044,0.000524,172.217.194.0-255,385,51700,62,193139
9045,0.000576,172.217.194.0-255,1484,53184,62,193139
9046,0.000579,172.31.40.0-255,66,53250,62,193139
9047,0.000584,172.217.194.0-255,2902,56152,62,193139
9048,0.000586,172.31.40.0-255,66,56218,62,193139
9049,0.000605,172.217.194.0-255,1484,57702,62,193139
9050,0.000611,172.217.194.0-255,5738,63440,62,193139
9051,0.000618,172.31.40.0-255,66,63506,62,193139
9052,0.000647,172.217.194.0-255,1484,64990,62,193139
9053,0.000679,172.217.194.0-255,2902,67892,62,193139
9054,0.000685,172.217.194.0-255,5020,72912,62,193139
9055,0.000697,172.217.194.0-255,2902,75814,62,193139
9056,0.000712,172.217.194.0-255,4320,80134,62,193139
9057,0.000728,172.217.194.0-255,7156,87290,62,193139
9058,0.000763,172.217.194.0-255,7156,94446,62,193139
9059,0.000769,172.217.194.0-255,3602,98048,62,193139
9060,0.000783,172.31.40.0-255,66,98114,62,193139
9061,0.000858,172.31.40.0-255,66,98180,62,193139
9062,0.000926,172.31.40.0-255,66,98246,62,193139
9063,0.000959,172.217.194.0-255,4320,102566,62,193139
9064,0.000965,172.217.194.0-255,5738,108304,62,193139
9065,0.000994,172.31.40.0-255,66,108370,62,193139
9066,0.00108,172.217.194.0-255,1484,109854,62,193139
9067,0.001096,172.217.194.0-255,2902,112756,62,193139
9068,0.001099,172.217.194.0-255,1484,114240,62,193139
9069,0.001118,172.217.194.0-255,4320,118560,62,193139
9070,0.001125,172.31.40.0-255,66,118626,62,193139
9071,0.001178,172.217.194.0-255,2184,120810,62,193139
9072,0.001193,172.31.40.0-255,66,120876,62,193139
9073,0.00195,172.217.194.0-255,1484,122360,62,193139
9074,0.001977,172.217.194.0-255,2902,125262,62,193139
9075,0.001981,172.31.40.0-255,66,125328,62,193139
9076,0.002012,172.217.194.0-255,4320,129648,62,193139
9077,0.002023,172.31.40.0-255,66,129714,62,193139
9078,0.002031,172.217.194.0-255,1484,131198,62,193139
9079,0.002036,172.217.194.0-255,4320,135518,62,193139
9080,0.002058,172.217.194.0-255,2902,138420,62,193139
9081,0.002068,172.31.40.0-255,66,138486,62,193139
9082,0.002096,172.217.194.0-255,5738,144224,62,193139
9083,0.002104,172.31.40.0-255,66,144290,62,193139
9084,0.00212,172.217.194.0-255,2902,147192,62,193139
9085,0.002154,172.31.40.0-255,66,147258,62,193139
9086,0.002179,172.217.194.0-255,5020,152278,62,193139
9087,0.002218,172.31.40.0-255,66,152344,62,193139
9088,0.004364,172.217.194.0-255,5738,158082,62,193139
9089,0.00437,172.31.40.0-255,66,158148,62,193139
9090,0.006645,172.217.194.0-255,5738,163886,62,193139
9091,0.00749,172.31.40.0-255,66,163952,62,193139
9092,0.008411,172.31.40.0-255,101,164053,62,193139
9093,0.009622,172.217.194.0-255,5738,169791,62,193139
9094,0.009628,172.31.40.0-255,66,169857,62,193139
9095,0.010523,172.217.194.0-255,66,169923,62,193139
9096,0.011783,172.217.194.0-255,5738,175661,62,193139
9097,0.011788,172.31.40.0-255,66,175727,62,193139
9098,0.01393,172.217.194.0-255,5738,181465,62,193139
9099,0.013938,172.31.40.0-255,66,181531,62,193139
9100,0.016117,172.217.194.0-255,5738,187269,62,193139
9101,0.016126,172.31.40.0-255,66,187335,62,193139
9102,0.018239,172.217.194.0-255,5738,193073,62,193139
9103,0.018246,172.31.40.0-255,66,193139,62,193139
9104,0.0,172.217.194.0-255,153,153,62,167222
9105,1.2e-05,172.31.40.0-255,66,219,62,167222
9106,4.8e-05,172.217.194.0-255,1484,1703,62,167222
9107,5.3e-05,172.31.40.0-255,66,1769,62,167222
9108,5.8e-05,172.217.194.0-255,2902,4671,62,167222
9109,6.1e-05,172.31.40.0-255,66,4737,62,167222
9110,7.2e-05,172.217.194.0-255,5738,10475,62,167222
9111,7.6e-05,172.31.40.0-255,66,10541,62,167222
9112,0.0001,172.217.194.0-255,1484,12025,62,167222
9113,0.000102,172.31.40.0-255,66,12091,62,167222
9114,0.000112,172.217.194.0-255,2054,14145,62,167222
9115,0.000114,172.31.40.0-255,66,14211,62,167222
9116,0.000346,172.217.194.0-255,1484,15695,62,167222
9117,0.000352,172.31.40.0-255,66,15761,62,167222
9118,0.000358,172.217.194.0-255,2902,18663,62,167222
9119,0.00036,172.31.40.0-255,66,18729,62,167222
9120,0.000363,172.217.194.0-255,1484,20213,62,167222
9121,0.00037,172.31.40.0-255,66,20279,62,167222
9122,0.000408,172.217.194.0-255,4320,24599,62,167222
9123,0.000412,172.31.40.0-255,66,24665,62,167222
9124,0.000419,172.217.194.0-255,6797,31462,62,167222
9125,0.000421,172.31.40.0-255,66,31528,62,167222
9126,0.000429,172.217.194.0-255,1484,33012,62,167222
9127,0.000431,172.31.40.0-255,66,33078,62,167222
9128,0.000477,172.31.40.0-255,66,33144,62,167222
9129,0.000482,172.217.194.0-255,2543,35687,62,167222
9130,0.000484,172.31.40.0-255,66,35753,62,167222
9131,0.000512,172.217.194.0-255,1484,37237,62,167222
9132,0.000514,172.31.40.0-255,66,37303,62,167222
9133,0.000519,172.217.194.0-255,2902,40205,62,167222
9134,0.000521,172.31.40.0-255,66,40271,62,167222
9135,0.000546,172.217.194.0-255,4320,44591,62,167222
9136,0.000549,172.31.40.0-255,66,44657,62,167222
9137,0.00058,172.217.194.0-255,1484,46141,62,167222
9138,0.000589,172.217.194.0-255,7156,53297,62,167222
9139,0.000592,172.31.40.0-255,66,53363,62,167222
9140,0.000595,172.217.194.0-255,286,53649,62,167222
9141,0.000667,172.217.194.0-255,1484,55133,62,167222
9142,0.00067,172.31.40.0-255,66,55199,62,167222
9143,0.000675,172.217.194.0-255,2902,58101,62,167222
9144,0.000678,172.31.40.0-255,66,58167,62,167222
9145,0.000711,172.217.194.0-255,5738,63905,62,167222
9146,0.000714,172.31.40.0-255,66,63971,62,167222
9147,0.00074,172.217.194.0-255,4320,68291,62,167222
9148,0.000743,172.31.40.0-255,66,68357,62,167222
9149,0.000783,172.31.40.0-255,66,68423,62,167222
9150,0.000789,172.217.194.0-255,5738,74161,62,167222
9151,0.000792,172.31.40.0-255,66,74227,62,167222
9152,0.000834,172.217.194.0-255,3961,78188,62,167222
9153,0.000837,172.31.40.0-255,66,78254,62,167222
9154,0.000998,172.217.194.0-255,1484,79738,62,167222
9155,0.001018,172.217.194.0-255,2902,82640,62,167222
9156,0.001023,172.31.40.0-255,66,82706,62,167222
9157,0.001043,172.217.194.0-255,4320,87026,62,167222
9158,0.001046,172.31.40.0-255,66,87092,62,167222
9159,0.001071,172.217.194.0-255,1484,88576,62,167222
9160,0.001084,172.31.40.0-255,66,88642,62,167222
9161,0.001119,172.217.194.0-255,2902,91544,62,167222
9162,0.001122,172.31.40.0-255,66,91610,62,167222
9163,0.001127,172.217.194.0-255,4320,95930,62,167222
9164,0.00113,172.31.40.0-255,66,95996,62,167222
9165,0.001142,172.217.194.0-255,6438,102434,62,167222
9166,0.001144,172.31.40.0-255,66,102500,62,167222
9167,0.001174,172.217.194.0-255,1484,103984,62,167222
9168,0.001198,172.217.194.0-255,2902,106886,62,167222
9169,0.001201,172.31.40.0-255,66,106952,62,167222
9170,0.001235,172.217.194.0-255,4320,111272,62,167222
9171,0.001238,172.31.40.0-255,66,111338,62,167222
9172,0.001255,172.31.40.0-255,66,111404,62,167222
9173,0.001296,172.31.40.0-255,66,111470,62,167222
9174,0.001365,172.217.194.0-255,4320,115790,62,167222
9175,0.001368,172.31.40.0-255,66,115856,62,167222
9176,0.001406,172.31.40.0-255,66,115922,62,167222
9177,0.001426,172.31.40.0-255,66,115988,62,167222
9178,0.001429,172.217.194.0-255,766,116754,62,167222
9179,0.001544,172.217.194.0-255,1484,118238,62,167222
9180,0.001548,172.31.40.0-255,66,118304,62,167222
9181,0.001555,172.217.194.0-255,2902,121206,62,167222
9182,0.001556,172.31.40.0-255,66,121272,62,167222
9183,0.001587,172.217.194.0-255,5738,127010,62,167222
9184,0.001589,172.31.40.0-255,66,127076,62,167222
9185,0.001594,172.217.194.0-255,2902,129978,62,167222
9186,0.001596,172.31.40.0-255,66,130044,62,167222
9187,0.001626,172.217.194.0-255,7156,137200,62,167222
9188,0.001628,172.31.40.0-255,66,137266,62,167222
9189,0.001648,172.217.194.0-255,2902,140168,62,167222
9190,0.001651,172.31.40.0-255,66,140234,62,167222
9191,0.001664,172.31.40.0-255,66,140300,62,167222
9192,0.001724,172.217.194.0-255,1484,141784,62,167222
9193,0.001749,172.217.194.0-255,2902,144686,62,167222
9194,0.001752,172.31.40.0-255,66,144752,62,167222
9195,0.001759,172.217.194.0-255,5738,150490,62,167222
9196,0.001762,172.31.40.0-255,66,150556,62,167222
9197,0.001784,172.217.194.0-255,4320,154876,62,167222
9198,0.001787,172.31.40.0-255,66,154942,62,167222
9199,0.001833,172.31.40.0-255,66,155008,62,167222
9200,0.001849,172.31.40.0-255,66,155074,62,167222
9201,0.001852,172.217.194.0-255,1484,156558,62,167222
9202,0.001901,172.31.40.0-255,66,156624,62,167222
9203,0.001923,172.217.194.0-255,4320,160944,62,167222
9204,0.001942,172.217.194.0-255,1484,162428,62,167222
9205,0.001953,172.31.40.0-255,66,162494,62,167222
9206,0.001984,172.31.40.0-255,66,162560,62,167222
9207,0.002107,172.217.194.0-255,4320,166880,62,167222
9208,0.002163,172.217.194.0-255,105,166985,62,167222
9209,0.006152,172.31.40.0-255,66,167051,62,167222
9210,0.008404,172.31.40.0-255,105,167156,62,167222
9211,0.010974,172.217.194.0-255,66,167222,62,167222
9212,0.0,172.217.194.0-255,292,292,62,182584
9213,2.3e-05,172.31.40.0-255,66,358,62,182584
9214,3.1e-05,172.217.194.0-255,1484,1842,62,182584
9215,3.4e-05,172.31.40.0-255,66,1908,62,182584
9216,4.1e-05,172.217.194.0-255,4320,6228,62,182584
9217,4.4e-05,172.31.40.0-255,66,6294,62,182584
9218,4.9e-05,172.217.194.0-255,2902,9196,62,182584
9219,5.2e-05,172.31.40.0-255,66,9262,62,182584
9220,8.8e-05,172.217.194.0-255,5738,15000,62,182584
9221,9.1e-05,172.31.40.0-255,66,15066,62,182584
9222,0.000112,172.217.194.0-255,3301,18367,62,182584
9223,0.000114,172.31.40.0-255,66,18433,62,182584
9224,0.000119,172.217.194.0-255,4320,22753,62,182584
9225,0.000122,172.31.40.0-255,66,22819,62,182584
9226,0.000152,172.217.194.0-255,2902,25721,62,182584
9227,0.000154,172.31.40.0-255,66,25787,62,182584
9228,0.000175,172.217.194.0-255,5379,31166,62,182584
9229,0.000178,172.31.40.0-255,66,31232,62,182584
9230,0.000213,172.217.194.0-255,1484,32716,62,182584
9231,0.000215,172.31.40.0-255,66,32782,62,182584
9232,0.000233,172.217.194.0-255,2902,35684,62,182584
9233,0.000236,172.31.40.0-255,66,35750,62,182584
9234,0.000241,172.217.194.0-255,5738,41488,62,182584
9235,0.000243,172.31.40.0-255,66,41554,62,182584
9236,0.000287,172.31.40.0-255,66,41620,62,182584
9237,0.000309,172.217.194.0-255,4320,45940,62,182584
9238,0.000311,172.31.40.0-255,66,46006,62,182584
9239,0.000335,172.31.40.0-255,66,46072,62,182584
9240,0.000512,172.217.194.0-255,364,46436,62,182584
9241,0.000516,172.31.40.0-255,66,46502,62,182584
9242,0.000625,172.217.194.0-255,1484,47986,62,182584
9243,0.000631,172.217.194.0-255,1484,49470,62,182584
9244,0.000638,172.31.40.0-255,66,49536,62,182584
9245,0.000649,172.217.194.0-255,1484,51020,62,182584
9246,0.000656,172.217.194.0-255,5738,56758,62,182584
9247,0.000676,172.217.194.0-255,2902,59660,62,182584
9248,0.000681,172.31.40.0-255,66,59726,62,182584
9249,0.000694,172.217.194.0-255,2902,62628,62,182584
9250,0.000715,172.217.194.0-255,7156,69784,62,182584
9251,0.000731,172.31.40.0-255,66,69850,62,182584
9252,0.000995,172.217.194.0-255,1484,71334,62,182584
9253,0.001002,172.217.194.0-255,2902,74236,62,182584
9254,0.001005,172.31.40.0-255,66,74302,62,182584
9255,0.001011,172.217.194.0-255,4320,78622,62,182584
9256,0.001017,172.31.40.0-255,66,78688,62,182584
9257,0.001028,172.217.194.0-255,1484,80172,62,182584
9258,0.001057,172.217.194.0-255,2902,83074,62,182584
9259,0.001067,172.31.40.0-255,66,83140,62,182584
9260,0.001113,172.31.40.0-255,66,83206,62,182584
9261,0.001128,172.217.194.0-255,2184,85390,62,182584
9262,0.001149,172.31.40.0-255,66,85456,62,182584
9263,0.001311,172.217.194.0-255,1484,86940,62,182584
9264,0.001326,172.217.194.0-255,2902,89842,62,182584
9265,0.00133,172.31.40.0-255,66,89908,62,182584
9266,0.001353,172.217.194.0-255,5738,95646,62,182584
9267,0.001374,172.217.194.0-255,1484,97130,62,182584
9268,0.001395,172.217.194.0-255,7156,104286,62,182584
9269,0.001406,172.31.40.0-255,66,104352,62,182584
9270,0.001412,172.31.40.0-255,66,104418,62,182584
9271,0.001425,172.217.194.0-255,1484,105902,62,182584
9272,0.001431,172.217.194.0-255,5020,110922,62,182584
9273,0.001437,172.217.194.0-255,5738,116660,62,182584
9274,0.001448,172.31.40.0-255,66,116726,62,182584
9275,0.001482,172.31.40.0-255,66,116792,62,182584
9276,0.001493,172.217.194.0-255,2902,119694,62,182584
9277,0.001519,172.217.194.0-255,5020,124714,62,182584
9278,0.001536,172.31.40.0-255,66,124780,62,182584
9279,0.001563,172.217.194.0-255,1484,126264,62,182584
9280,0.001577,172.217.194.0-255,2902,129166,62,182584
9281,0.001591,172.217.194.0-255,5738,134904,62,182584
9282,0.001599,172.31.40.0-255,66,134970,62,182584
9283,0.001637,172.217.194.0-255,4320,139290,62,182584
9284,0.001682,172.31.40.0-255,66,139356,62,182584
9285,0.001688,172.31.40.0-255,66,139422,62,182584
9286,0.001701,172.217.194.0-255,2184,141606,62,182584
9287,0.001719,172.31.40.0-255,66,141672,62,182584
9288,0.001857,172.217.194.0-255,1484,143156,62,182584
9289,0.001861,172.217.194.0-255,1484,144640,62,182584
9290,0.001878,172.217.194.0-255,1484,146124,62,182584
9291,0.001883,172.217.194.0-255,4320,150444,62,182584
9292,0.001896,172.31.40.0-255,66,150510,62,182584
9293,0.001899,172.217.194.0-255,1484,151994,62,182584
9294,0.001913,172.217.194.0-255,4320,156314,62,182584
9295,0.001925,172.31.40.0-255,66,156380,62,182584
9296,0.001977,172.217.194.0-255,1484,157864,62,182584
9297,0.001992,172.217.194.0-255,4320,162184,62,182584
9298,0.001996,172.31.40.0-255,66,162250,62,182584
9299,0.002001,172.31.40.0-255,66,162316,62,182584
9300,0.00204,172.217.194.0-255,7156,169472,62,182584
9301,0.002047,172.31.40.0-255,66,169538,62,182584
9302,0.002092,172.217.194.0-255,1484,171022,62,182584
9303,0.002111,172.31.40.0-255,66,171088,62,182584
9304,0.002138,172.217.194.0-255,1484,172572,62,182584
9305,0.002143,172.31.40.0-255,66,172638,62,182584
9306,0.00219,172.217.194.0-255,4320,176958,62,182584
9307,0.002202,172.217.194.0-255,4320,181278,62,182584
9308,0.002213,172.31.40.0-255,66,181344,62,182584
9309,0.002216,172.217.194.0-255,766,182110,62,182584
9310,0.002237,172.31.40.0-255,66,182176,62,182584
9311,0.002271,172.31.40.0-255,66,182242,62,182584
9312,0.004445,172.217.194.0-255,105,182347,62,182584
9313,0.011877,172.31.40.0-255,66,182413,62,182584
9314,0.011916,172.31.40.0-255,105,182518,62,182584
9315,0.014109,172.217.194.0-255,66,182584,62,182584
9316,0.0,172.217.194.0-255,152,152,62,237990
9317,1.7e-05,172.31.40.0-255,66,218,62,237990
9318,2.3e-05,172.217.194.0-255,1484,1702,62,237990
9319,2.8e-05,172.31.40.0-255,66,1768,62,237990
9320,3.3e-05,172.217.194.0-255,2902,4670,62,237990
9321,3.6e-05,172.31.40.0-255,66,4736,62,237990
9322,8.1e-05,172.217.194.0-255,7156,11892,62,237990
9323,8.4e-05,172.31.40.0-255,66,11958,62,237990
9324,8.9e-05,172.217.194.0-255,3473,15431,62,237990
9325,9.1e-05,172.31.40.0-255,66,15497,62,237990
9326,9.8e-05,172.217.194.0-255,7156,22653,62,237990
9327,0.0001,172.31.40.0-255,66,22719,62,237990
9328,0.000121,172.217.194.0-255,5738,28457,62,237990
9329,0.000124,172.31.40.0-255,66,28523,62,237990
9330,0.000127,172.217.194.0-255,2543,31066,62,237990
9331,0.00013,172.31.40.0-255,66,31132,62,237990
9332,0.000132,172.217.194.0-255,1484,32616,62,237990
9333,0.000135,172.31.40.0-255,66,32682,62,237990
9334,0.000154,172.217.194.0-255,1484,34166,62,237990
9335,0.000156,172.31.40.0-255,66,34232,62,237990
9336,0.000168,172.217.194.0-255,2902,37134,62,237990
9337,0.00017,172.31.40.0-255,66,37200,62,237990
9338,0.000197,172.217.194.0-255,4320,41520,62,237990
9339,0.0002,172.31.40.0-255,66,41586,62,237990
9340,0.000211,172.31.40.0-255,66,41652,62,237990
9341,0.000221,172.31.40.0-255,66,41718,62,237990
9342,0.000243,172.217.194.0-255,396,42114,62,237990
9343,0.000245,172.31.40.0-255,66,42180,62,237990
9344,0.000412,172.217.194.0-255,1484,43664,62,237990
9345,0.000416,172.31.40.0-255,66,43730,62,237990
9346,0.000422,172.217.194.0-255,2902,46632,62,237990
9347,0.000425,172.31.40.0-255,66,46698,62,237990
9348,0.000429,172.217.194.0-255,2902,49600,62,237990
9349,0.000431,172.31.40.0-255,66,49666,62,237990
9350,0.000455,172.217.194.0-255,2902,52568,62,237990
9351,0.000458,172.31.40.0-255,66,52634,62,237990
9352,0.00047,172.31.40.0-255,66,52700,62,237990
9353,0.000504,172.217.194.0-255,4320,57020,62,237990
9354,0.000506,172.31.40.0-255,66,57086,62,237990
9355,0.000533,172.217.194.0-255,6438,63524,62,237990
9356,0.000536,172.31.40.0-255,66,63590,62,237990
9357,0.000799,172.217.194.0-255,1484,65074,62,237990
9358,0.000846,172.217.194.0-255,1484,66558,62,237990
9359,0.000849,172.31.40.0-255,66,66624,62,237990
9360,0.000855,172.217.194.0-255,2902,69526,62,237990
9361,0.000857,172.31.40.0-255,66,69592,62,237990
9362,0.000863,172.217.194.0-255,5738,75330,62,237990
9363,0.000865,172.31.40.0-255,66,75396,62,237990
9364,0.000877,172.31.40.0-255,66,75462,62,237990
9365,0.000896,172.217.194.0-255,1484,76946,62,237990
9366,0.000899,172.217.194.0-255,1484,78430,62,237990
9367,0.000901,172.31.40.0-255,66,78496,62,237990
9368,0.000915,172.217.194.0-255,1484,79980,62,237990
9369,0.00094,172.217.194.0-255,6438,86418,62,237990
9370,0.000944,172.31.40.0-255,66,86484,62,237990
9371,0.001046,172.217.194.0-255,1484,87968,62,237990
9372,0.001049,172.217.194.0-255,1484,89452,62,237990
9373,0.001052,172.31.40.0-255,66,89518,62,237990
9374,0.001068,172.217.194.0-255,1484,91002,62,237990
9375,0.001076,172.217.194.0-255,5738,96740,62,237990
9376,0.001079,172.31.40.0-255,66,96806,62,237990
9377,0.001094,172.217.194.0-255,4320,101126,62,237990
9378,0.001096,172.31.40.0-255,66,101192,62,237990
9379,0.001125,172.31.40.0-255,66,101258,62,237990
9380,0.001137,172.31.40.0-255,66,101324,62,237990
9381,0.001382,172.217.194.0-255,1484,102808,62,237990
9382,0.001396,172.217.194.0-255,2902,105710,62,237990
9383,0.001401,172.31.40.0-255,66,105776,62,237990
9384,0.001455,172.217.194.0-255,4320,110096,62,237990
9385,0.001458,172.31.40.0-255,66,110162,62,237990
9386,0.001465,172.217.194.0-255,5738,115900,62,237990
9387,0.001467,172.31.40.0-255,66,115966,62,237990
9388,0.00149,172.217.194.0-255,1484,117450,62,237990
9389,0.0015,172.217.194.0-255,1484,118934,62,237990
9390,0.001504,172.31.40.0-255,66,119000,62,237990
9391,0.001526,172.217.194.0-255,2902,121902,62,237990
9392,0.001528,172.31.40.0-255,66,121968,62,237990
9393,0.001536,172.217.194.0-255,7156,129124,62,237990
9394,0.001538,172.31.40.0-255,66,129190,62,237990
9395,0.001546,172.217.194.0-255,6438,135628,62,237990
9396,0.001548,172.31.40.0-255,66,135694,62,237990
9397,0.001664,172.217.194.0-255,1484,137178,62,237990
9398,0.00168,172.217.194.0-255,2902,140080,62,237990
9399,0.001683,172.31.40.0-255,66,140146,62,237990
9400,0.00169,172.217.194.0-255,5738,145884,62,237990
9401,0.001692,172.31.40.0-255,66,145950,62,237990
9402,0.001737,172.31.40.0-255,66,146016,62,237990
9403,0.001741,172.217.194.0-255,2902,148918,62,237990
9404,0.001744,172.31.40.0-255,66,148984,62,237990
9405,0.001771,172.31.40.0-255,66,149050,62,237990
9406,0.001792,172.217.194.0-255,1484,150534,62,237990
9407,0.001813,172.217.194.0-255,2902,153436,62,237990
9408,0.001816,172.31.40.0-255,66,153502,62,237990
9409,0.00182,172.217.194.0-255,2902,156404,62,237990
9410,0.001822,172.31.40.0-255,66,156470,62,237990
9411,0.001837,172.217.194.0-255,2902,159372,62,237990
9412,0.001839,172.31.40.0-255,66,159438,62,237990
9413,0.001843,172.217.194.0-255,2902,162340,62,237990
9414,0.001846,172.31.40.0-255,66,162406,62,237990
9415,0.001876,172.217.194.0-255,4320,166726,62,237990
9416,0.00188,172.31.40.0-255,66,166792,62,237990
9417,0.001893,172.31.40.0-255,66,166858,62,237990
9418,0.001926,172.217.194.0-255,2902,169760,62,237990
9419,0.001931,172.217.194.0-255,5020,174780,62,237990
9420,0.001936,172.217.194.0-255,5738,180518,62,237990
9421,0.001989,172.31.40.0-255,66,180584,62,237990
9422,0.001992,172.31.40.0-255,66,180650,62,237990
9423,0.001995,172.31.40.0-255,66,180716,62,237990
9424,0.001997,172.31.40.0-255,66,180782,62,237990
9425,0.002,172.31.40.0-255,66,180848,62,237990
9426,0.002025,172.31.40.0-255,66,180914,62,237990
9427,0.002058,172.217.194.0-255,5738,186652,62,237990
9428,0.002061,172.31.40.0-255,66,186718,62,237990
9429,0.002067,172.217.194.0-255,6438,193156,62,237990
9430,0.002069,172.31.40.0-255,66,193222,62,237990
9431,0.002074,172.217.194.0-255,5738,198960,62,237990
9432,0.002076,172.31.40.0-255,66,199026,62,237990
9433,0.002121,172.31.40.0-255,66,199092,62,237990
9434,0.002123,172.217.194.0-255,766,199858,62,237990
9435,0.003662,172.31.40.0-255,66,199924,62,237990
9436,0.004262,172.217.194.0-255,4320,204244,62,237990
9437,0.004267,172.31.40.0-255,66,204310,62,237990
9438,0.005798,172.217.194.0-255,1484,205794,62,237990
9439,0.006447,172.217.194.0-255,4320,210114,62,237990
9440,0.006451,172.31.40.0-255,66,210180,62,237990
9441,0.008609,172.217.194.0-255,5738,215918,62,237990
9442,0.008612,172.31.40.0-255,66,215984,62,237990
9443,0.010742,172.217.194.0-255,5738,221722,62,237990
9444,0.010749,172.31.40.0-255,66,221788,62,237990
9445,0.0129,172.217.194.0-255,5738,227526,62,237990
9446,0.012908,172.31.40.0-255,66,227592,62,237990
9447,0.015087,172.217.194.0-255,5738,233330,62,237990
9448,0.015094,172.31.40.0-255,66,233396,62,237990
9449,0.017265,172.217.194.0-255,4357,237753,62,237990
9450,0.017274,172.31.40.0-255,66,237819,62,237990
9451,0.017866,172.31.40.0-255,105,237924,62,237990
9452,0.019987,172.217.194.0-255,66,237990,62,237990
9453,0.0,74.125.68.0-255,153,153,62,269654
9454,2.2e-05,172.31.40.0-255,66,219,62,269654
9455,2.9e-05,74.125.68.0-255,1484,1703,62,269654
9456,3.3e-05,172.31.40.0-255,66,1769,62,269654
9457,3.7e-05,74.125.68.0-255,1484,3253,62,269654
9458,4.1e-05,172.31.40.0-255,66,3319,62,269654
9459,4.7e-05,74.125.68.0-255,2902,6221,62,269654
9460,5e-05,172.31.40.0-255,66,6287,62,269654
9461,5.7e-05,74.125.68.0-255,4320,10607,62,269654
9462,6.1e-05,172.31.40.0-255,66,10673,62,269654
9463,8.4e-05,74.125.68.0-255,1484,12157,62,269654
9464,8.8e-05,172.31.40.0-255,66,12223,62,269654
9465,9.5e-05,74.125.68.0-255,4907,17130,62,269654
9466,9.8e-05,172.31.40.0-255,66,17196,62,269654
9467,0.000103,74.125.68.0-255,5738,22934,62,269654
9468,0.000107,172.31.40.0-255,66,23000,62,269654
9469,0.000127,74.125.68.0-255,4320,27320,62,269654
9470,0.00013,172.31.40.0-255,66,27386,62,269654
9471,0.000147,74.125.68.0-255,3961,31347,62,269654
9472,0.00015,172.31.40.0-255,66,31413,62,269654
9473,0.000226,74.125.68.0-255,1484,32897,62,269654
9474,0.000229,172.31.40.0-255,66,32963,62,269654
9475,0.000234,74.125.68.0-255,1484,34447,62,269654
9476,0.000236,172.31.40.0-255,66,34513,62,269654
9477,0.000249,74.125.68.0-255,1484,35997,62,269654
9478,0.000252,172.31.40.0-255,66,36063,62,269654
9479,0.000272,74.125.68.0-255,5738,41801,62,269654
9480,0.000275,172.31.40.0-255,66,41867,62,269654
9481,0.000304,74.125.68.0-255,4320,46187,62,269654
9482,0.000307,172.31.40.0-255,66,46253,62,269654
9483,0.000327,74.125.68.0-255,2543,48796,62,269654
9484,0.00033,172.31.40.0-255,66,48862,62,269654
9485,0.000378,74.125.68.0-255,5738,54600,62,269654
9486,0.000382,172.31.40.0-255,66,54666,62,269654
9487,0.000404,74.125.68.0-255,5738,60404,62,269654
9488,0.000407,172.31.40.0-255,66,60470,62,269654
9489,0.000413,74.125.68.0-255,5379,65849,62,269654
9490,0.000416,172.31.40.0-255,66,65915,62,269654
9491,0.000428,74.125.68.0-255,646,66561,62,269654
9492,0.000532,74.125.68.0-255,1484,68045,62,269654
9493,0.000536,172.31.40.0-255,66,68111,62,269654
9494,0.000541,74.125.68.0-255,2902,71013,62,269654
9495,0.000544,172.31.40.0-255,66,71079,62,269654
9496,0.000571,74.125.68.0-255,5738,76817,62,269654
9497,0.000575,172.31.40.0-255,66,76883,62,269654
9498,0.000588,74.125.68.0-255,2902,79785,62,269654
9499,0.00059,172.31.40.0-255,66,79851,62,269654
9500,0.000607,74.125.68.0-255,2902,82753,62,269654
9501,0.00061,172.31.40.0-255,66,82819,62,269654
9502,0.000616,74.125.68.0-255,6797,89616,62,269654
9503,0.000618,172.31.40.0-255,66,89682,62,269654
9504,0.000645,74.125.68.0-255,5738,95420,62,269654
9505,0.000648,172.31.40.0-255,66,95486,62,269654
9506,0.000687,74.125.68.0-255,5379,100865,62,269654
9507,0.000696,172.31.40.0-255,66,100931,62,269654
9508,0.000836,74.125.68.0-255,1484,102415,62,269654
9509,0.000855,74.125.68.0-255,2902,105317,62,269654
9510,0.000858,172.31.40.0-255,66,105383,62,269654
9511,0.000861,74.125.68.0-255,1484,106867,62,269654
9512,0.000881,74.125.68.0-255,4320,111187,62,269654
9513,0.000883,172.31.40.0-255,66,111253,62,269654
9514,0.000895,74.125.68.0-255,1484,112737,62,269654
9515,0.000924,172.31.40.0-255,66,112803,62,269654
9516,0.000929,74.125.68.0-255,4320,117123,62,269654
9517,0.000931,172.31.40.0-255,66,117189,62,269654
9518,0.000951,172.31.40.0-255,66,117255,62,269654
9519,0.001038,74.125.68.0-255,1484,118739,62,269654
9520,0.00105,74.125.68.0-255,2902,121641,62,269654
9521,0.001053,172.31.40.0-255,66,121707,62,269654
9522,0.001077,74.125.68.0-255,5738,127445,62,269654
9523,0.00108,172.31.40.0-255,66,127511,62,269654
9524,0.001098,74.125.68.0-255,4320,131831,62,269654
9525,0.0011,172.31.40.0-255,66,131897,62,269654
9526,0.001126,172.31.40.0-255,66,131963,62,269654
9527,0.001156,74.125.68.0-255,4320,136283,62,269654
9528,0.001158,172.31.40.0-255,66,136349,62,269654
9529,0.001175,74.125.68.0-255,6438,142787,62,269654
9530,0.001178,172.31.40.0-255,66,142853,62,269654
9531,0.001225,74.125.68.0-255,1484,144337,62,269654
9532,0.001243,74.125.68.0-255,2902,147239,62,269654
9533,0.001247,172.31.40.0-255,66,147305,62,269654
9534,0.00125,74.125.68.0-255,1484,148789,62,269654
9535,0.001254,74.125.68.0-255,2902,151691,62,269654
9536,0.001256,172.31.40.0-255,66,151757,62,269654
9537,0.001269,74.125.68.0-255,2902,154659,62,269654
9538,0.001272,172.31.40.0-255,66,154725,62,269654
9539,0.00129,74.125.68.0-255,2902,157627,62,269654
9540,0.001293,172.31.40.0-255,66,157693,62,269654
9541,0.00133,172.31.40.0-255,66,157759,62,269654
9542,0.001347,74.125.68.0-255,1484,159243,62,269654
9543,0.001368,74.125.68.0-255,6438,165681,62,269654
9544,0.001371,172.31.40.0-255,66,165747,62,269654
9545,0.001535,74.125.68.0-255,1484,167231,62,269654
9546,0.001559,74.125.68.0-255,2902,170133,62,269654
9547,0.001563,172.31.40.0-255,66,170199,62,269654
9548,0.001569,74.125.68.0-255,4320,174519,62,269654
9549,0.001571,172.31.40.0-255,66,174585,62,269654
9550,0.001608,172.31.40.0-255,66,174651,62,269654
9551,0.001615,74.125.68.0-255,5738,180389,62,269654
9552,0.001617,172.31.40.0-255,66,180455,62,269654
9553,0.001643,74.125.68.0-255,4320,184775,62,269654
9554,0.001646,172.31.40.0-255,66,184841,62,269654
9555,0.001666,74.125.68.0-255,2902,187743,62,269654
9556,0.001669,172.31.40.0-255,66,187809,62,269654
9557,0.001676,74.125.68.0-255,6438,194247,62,269654
9558,0.001678,172.31.40.0-255,66,194313,62,269654
9559,0.001716,74.125.68.0-255,4320,198633,62,269654
9560,0.001718,172.31.40.0-255,66,198699,62,269654
9561,0.001738,74.125.68.0-255,2902,201601,62,269654
9562,0.001741,172.31.40.0-255,66,201667,62,269654
9563,0.001757,172.31.40.0-255,66,201733,62,269654
9564,0.001769,172.31.40.0-255,66,201799,62,269654
9565,0.001773,74.125.68.0-255,2184,203983,62,269654
9566,0.001776,172.31.40.0-255,66,204049,62,269654
9567,0.00178,74.125.68.0-255,2902,206951,62,269654
9568,0.001782,172.31.40.0-255,66,207017,62,269654
9569,0.001788,74.125.68.0-255,4320,211337,62,269654
9570,0.001791,172.31.40.0-255,66,211403,62,269654
9571,0.00182,74.125.68.0-255,2902,214305,62,269654
9572,0.001823,172.31.40.0-255,66,214371,62,269654
9573,0.00183,74.125.68.0-255,5738,220109,62,269654
9574,0.001832,172.31.40.0-255,66,220175,62,269654
9575,0.001839,74.125.68.0-255,7156,227331,62,269654
9576,0.001842,172.31.40.0-255,66,227397,62,269654
9577,0.001874,172.31.40.0-255,66,227463,62,269654
9578,0.001893,74.125.68.0-255,1484,228947,62,269654
9579,0.001918,172.31.40.0-255,66,229013,62,269654
9580,0.001924,74.125.68.0-255,4320,233333,62,269654
9581,0.001926,172.31.40.0-255,66,233399,62,269654
9582,0.001962,172.31.40.0-255,66,233465,62,269654
9583,0.001992,172.31.40.0-255,66,233531,62,269654
9584,0.001994,74.125.68.0-255,766,234297,62,269654
9585,0.002024,74.125.68.0-255,5738,240035,62,269654
9586,0.002039,74.125.68.0-255,7156,247191,62,269654
9587,0.002047,172.31.40.0-255,66,247257,62,269654
9588,0.00205,172.31.40.0-255,66,247323,62,269654
9589,0.002053,74.125.68.0-255,1484,248807,62,269654
9590,0.002056,74.125.68.0-255,1484,250291,62,269654
9591,0.002058,172.31.40.0-255,66,250357,62,269654
9592,0.002102,172.31.40.0-255,66,250423,62,269654
9593,0.002107,74.125.68.0-255,3602,254025,62,269654
9594,0.002109,172.31.40.0-255,66,254091,62,269654
9595,0.002128,74.125.68.0-255,5738,259829,62,269654
9596,0.002132,172.31.40.0-255,66,259895,62,269654
9597,0.002159,172.31.40.0-255,66,259961,62,269654
9598,0.002162,74.125.68.0-255,1484,261445,62,269654
9599,0.002203,172.31.40.0-255,66,261511,62,269654
9600,0.002208,74.125.68.0-255,3602,265113,62,269654
9601,0.00221,172.31.40.0-255,66,265179,62,269654
9602,0.002249,74.125.68.0-255,4067,269246,62,269654
9603,0.002253,172.31.40.0-255,66,269312,62,269654
9604,0.002256,74.125.68.0-255,105,269417,62,269654
9605,0.010501,172.31.40.0-255,66,269483,62,269654
9606,0.010542,172.31.40.0-255,105,269588,62,269654
9607,0.012833,74.125.68.0-255,66,269654,62,269654
9608,0.0,172.253.118.0-255,153,153,62,176640
9609,2.3e-05,172.31.40.0-255,66,219,62,176640
9610,3e-05,172.253.118.0-255,1484,1703,62,176640
9611,3.4e-05,172.31.40.0-255,66,1769,62,176640
9612,4e-05,172.253.118.0-255,2902,4671,62,176640
9613,4.3e-05,172.31.40.0-255,66,4737,62,176640
9614,5.1e-05,172.253.118.0-255,7156,11893,62,176640
9615,5.4e-05,172.31.40.0-255,66,11959,62,176640
9616,5.9e-05,172.253.118.0-255,2166,14125,62,176640
9617,6.3e-05,172.31.40.0-255,66,14191,62,176640
9618,7.9e-05,172.31.40.0-255,66,14257,62,176640
9619,0.000103,172.253.118.0-255,5379,19636,62,176640
9620,0.000107,172.31.40.0-255,66,19702,62,176640
9621,0.000211,172.253.118.0-255,1484,21186,62,176640
9622,0.000214,172.31.40.0-255,66,21252,62,176640
9623,0.000219,172.253.118.0-255,2902,24154,62,176640
9624,0.000221,172.31.40.0-255,66,24220,62,176640
9625,0.000243,172.253.118.0-255,2902,27122,62,176640
9626,0.000246,172.31.40.0-255,66,27188,62,176640
9627,0.000251,172.253.118.0-255,4320,31508,62,176640
9628,0.000253,172.31.40.0-255,66,31574,62,176640
9629,0.000289,172.31.40.0-255,66,31640,62,176640
9630,0.000296,172.253.118.0-255,7156,38796,62,176640
9631,0.000298,172.31.40.0-255,66,38862,62,176640
9632,0.000343,172.253.118.0-255,5379,44241,62,176640
9633,0.000346,172.31.40.0-255,66,44307,62,176640
9634,0.000415,172.253.118.0-255,397,44704,62,176640
9635,0.000418,172.31.40.0-255,66,44770,62,176640
9636,0.000703,172.253.118.0-255,348,45118,62,176640
9637,0.000708,172.31.40.0-255,66,45184,62,176640
9638,0.000927,172.253.118.0-255,1484,46668,62,176640
9639,0.000932,172.253.118.0-255,1484,48152,62,176640
9640,0.000935,172.31.40.0-255,66,48218,62,176640
9641,0.000949,172.253.118.0-255,1484,49702,62,176640
9642,0.000955,172.253.118.0-255,4320,54022,62,176640
9643,0.000957,172.31.40.0-255,66,54088,62,176640
9644,0.000976,172.253.118.0-255,1484,55572,62,176640
9645,0.000987,172.31.40.0-255,66,55638,62,176640
9646,0.001015,172.253.118.0-255,4320,59958,62,176640
9647,0.001029,172.31.40.0-255,66,60024,62,176640
9648,0.001032,172.31.40.0-255,66,60090,62,176640
9649,0.001231,172.253.118.0-255,1484,61574,62,176640
9650,0.001244,172.253.118.0-255,2902,64476,62,176640
9651,0.001248,172.31.40.0-255,66,64542,62,176640
9652,0.00127,172.253.118.0-255,5738,70280,62,176640
9653,0.001272,172.31.40.0-255,66,70346,62,176640
9654,0.001276,172.253.118.0-255,2902,73248,62,176640
9655,0.001279,172.31.40.0-255,66,73314,62,176640
9656,0.00131,172.31.40.0-255,66,73380,62,176640
9657,0.001322,172.31.40.0-255,66,73446,62,176640
9658,0.001694,172.253.118.0-255,1484,74930,62,176640
9659,0.0017,172.253.118.0-255,2902,77832,62,176640
9660,0.001703,172.31.40.0-255,66,77898,62,176640
9661,0.001707,172.253.118.0-255,1484,79382,62,176640
9662,0.001724,172.253.118.0-255,4320,83702,62,176640
9663,0.001727,172.31.40.0-255,66,83768,62,176640
9664,0.001748,172.253.118.0-255,7156,90924,62,176640
9665,0.001751,172.31.40.0-255,66,90990,62,176640
9666,0.001784,172.253.118.0-255,5738,96728,62,176640
9667,0.001787,172.31.40.0-255,66,96794,62,176640
9668,0.001799,172.31.40.0-255,66,96860,62,176640
9669,0.001861,172.253.118.0-255,1484,98344,62,176640
9670,0.001866,172.253.118.0-255,2902,101246,62,176640
9671,0.001868,172.31.40.0-255,66,101312,62,176640
9672,0.001873,172.253.118.0-255,2902,104214,62,176640
9673,0.001875,172.31.40.0-255,66,104280,62,176640
9674,0.00189,172.253.118.0-255,2902,107182,62,176640
9675,0.001892,172.31.40.0-255,66,107248,62,176640
9676,0.001895,172.253.118.0-255,1484,108732,62,176640
9677,0.001932,172.31.40.0-255,66,108798,62,176640
9678,0.00195,172.253.118.0-255,1484,110282,62,176640
9679,0.001981,172.31.40.0-255,66,110348,62,176640
9680,0.002153,172.253.118.0-255,1484,111832,62,176640
9681,0.002159,172.253.118.0-255,2902,114734,62,176640
9682,0.002162,172.31.40.0-255,66,114800,62,176640
9683,0.002166,172.253.118.0-255,1484,116284,62,176640
9684,0.002187,172.253.118.0-255,4320,120604,62,176640
9685,0.00219,172.31.40.0-255,66,120670,62,176640
9686,0.002211,172.31.40.0-255,66,120736,62,176640
9687,0.002236,172.253.118.0-255,4320,125056,62,176640
9688,0.002239,172.31.40.0-255,66,125122,62,176640
9689,0.002246,172.253.118.0-255,5738,130860,62,176640
9690,0.002249,172.31.40.0-255,66,130926,62,176640
9691,0.002266,172.253.118.0-255,5020,135946,62,176640
9692,0.002269,172.31.40.0-255,66,136012,62,176640
9693,0.004542,172.253.118.0-255,5738,141750,62,176640
9694,0.00455,172.31.40.0-255,66,141816,62,176640
9695,0.006838,172.253.118.0-255,5738,147554,62,176640
9696,0.006842,172.31.40.0-255,66,147620,62,176640
9697,0.009133,172.253.118.0-255,5738,153358,62,176640
9698,0.009147,172.31.40.0-255,66,153424,62,176640
9699,0.011458,172.253.118.0-255,5738,159162,62,176640
9700,0.01148,172.31.40.0-255,66,159228,62,176640
9701,0.013761,172.253.118.0-255,5738,164966,62,176640
9702,0.013777,172.31.40.0-255,66,165032,62,176640
9703,0.016081,172.253.118.0-255,5738,170770,62,176640
9704,0.016095,172.31.40.0-255,66,170836,62,176640
9705,0.018383,172.253.118.0-255,5738,176574,62,176640
9706,0.018398,172.31.40.0-255,66,176640,62,176640
9707,0.0,172.253.118.0-255,152,152,62,156609
9708,1.4e-05,172.31.40.0-255,66,218,62,156609
9709,2.1e-05,172.253.118.0-255,1484,1702,62,156609
9710,2.5e-05,172.31.40.0-255,66,1768,62,156609
9711,3.8e-05,172.253.118.0-255,2902,4670,62,156609
9712,4.2e-05,172.31.40.0-255,66,4736,62,156609
9713,4.8e-05,172.253.118.0-255,5738,10474,62,156609
9714,5.2e-05,172.31.40.0-255,66,10540,62,156609
9715,5.5e-05,172.253.118.0-255,1484,12024,62,156609
9716,5.7e-05,172.31.40.0-255,66,12090,62,156609
9717,9.5e-05,172.253.118.0-255,4934,17024,62,156609
9718,9.8e-05,172.31.40.0-255,66,17090,62,156609
9719,0.000118,172.31.40.0-255,66,17156,62,156609
9720,0.000205,172.253.118.0-255,1484,18640,62,156609
9721,0.000208,172.31.40.0-255,66,18706,62,156609
9722,0.000213,172.253.118.0-255,2902,21608,62,156609
9723,0.000215,172.31.40.0-255,66,21674,62,156609
9724,0.000252,172.253.118.0-255,5738,27412,62,156609
9725,0.000255,172.31.40.0-255,66,27478,62,156609
9726,0.000262,172.253.118.0-255,6797,34275,62,156609
9727,0.000265,172.31.40.0-255,66,34341,62,156609
9728,0.000304,172.31.40.0-255,66,34407,62,156609
9729,0.000308,172.253.118.0-255,2857,37264,62,156609
9730,0.000311,172.31.40.0-255,66,37330,62,156609
9731,0.000383,172.253.118.0-255,109,37439,62,156609
9732,0.000386,172.31.40.0-255,66,37505,62,156609
9733,0.000558,172.253.118.0-255,1484,38989,62,156609
9734,0.000563,172.31.40.0-255,66,39055,62,156609
9735,0.000569,172.253.118.0-255,2902,41957,62,156609
9736,0.000571,172.31.40.0-255,66,42023,62,156609
9737,0.000598,172.253.118.0-255,5738,47761,62,156609
9738,0.000605,172.31.40.0-255,66,47827,62,156609
9739,0.000667,172.31.40.0-255,66,47893,62,156609
9740,0.000671,172.31.40.0-255,66,47959,62,156609
9741,0.000719,172.253.118.0-255,1484,49443,62,156609
9742,0.000722,172.253.118.0-255,1484,50927,62,156609
9743,0.000728,172.31.40.0-255,66,50993,62,156609
9744,0.000737,172.253.118.0-255,1484,52477,62,156609
9745,0.000743,172.253.118.0-255,5738,58215,62,156609
9746,0.000772,172.253.118.0-255,4320,62535,62,156609
9747,0.000795,172.253.118.0-255,1484,64019,62,156609
9748,0.000799,172.31.40.0-255,66,64085,62,156609
9749,0.000829,172.253.118.0-255,5738,69823,62,156609
9750,0.000849,172.253.118.0-255,3602,73425,62,156609
9751,0.000853,172.31.40.0-255,66,73491,62,156609
9752,0.000866,172.31.40.0-255,66,73557,62,156609
9753,0.000937,172.253.118.0-255,1484,75041,62,156609
9754,0.000961,172.253.118.0-255,2902,77943,62,156609
9755,0.000977,172.253.118.0-255,1484,79427,62,156609
9756,0.000982,172.31.40.0-255,66,79493,62,156609
9757,0.001012,172.253.118.0-255,4320,83813,62,156609
9758,0.001016,172.253.118.0-255,2902,86715,62,156609
9759,0.001021,172.253.118.0-255,4320,91035,62,156609
9760,0.001028,172.31.40.0-255,66,91101,62,156609
9761,0.001056,172.253.118.0-255,5738,96839,62,156609
9762,0.001075,172.253.118.0-255,766,97605,62,156609
9763,0.001082,172.31.40.0-255,66,97671,62,156609
9764,0.001861,172.253.118.0-255,1484,99155,62,156609
9765,0.001897,172.253.118.0-255,2902,102057,62,156609
9766,0.001901,172.31.40.0-255,66,102123,62,156609
9767,0.00193,172.253.118.0-255,5738,107861,62,156609
9768,0.001935,172.253.118.0-255,4320,112181,62,156609
9769,0.001978,172.31.40.0-255,66,112247,62,156609
9770,0.001997,172.253.118.0-255,3602,115849,62,156609
9771,0.002004,172.31.40.0-255,66,115915,62,156609
9772,0.004014,172.253.118.0-255,5738,121653,62,156609
9773,0.004021,172.31.40.0-255,66,121719,62,156609
9774,0.006019,172.253.118.0-255,1484,123203,62,156609
9775,0.00604,172.253.118.0-255,4320,127523,62,156609
9776,0.00691,172.31.40.0-255,66,127589,62,156609
9777,0.008926,172.253.118.0-255,5738,133327,62,156609
9778,0.008933,172.31.40.0-255,66,133393,62,156609
9779,0.010948,172.253.118.0-255,5738,139131,62,156609
9780,0.012299,172.31.40.0-255,66,139197,62,156609
9781,0.014314,172.253.118.0-255,5738,144935,62,156609
9782,0.014321,172.31.40.0-255,66,145001,62,156609
9783,0.01633,172.253.118.0-255,5738,150739,62,156609
9784,0.016337,172.31.40.0-255,66,150805,62,156609
9785,0.018342,172.253.118.0-255,5738,156543,62,156609
9786,0.018921,172.31.40.0-255,66,156609,62,156609
9787,0.0,104.244.42.0-255,66,66,62,66
9788,0.0,172.217.194.0-255,297,297,62,194407
9789,2.3e-05,172.31.40.0-255,66,363,62,194407
9790,3e-05,172.217.194.0-255,1484,1847,62,194407
9791,3.4e-05,172.31.40.0-255,66,1913,62,194407
9792,6.6e-05,172.217.194.0-255,4320,6233,62,194407
9793,7.1e-05,172.31.40.0-255,66,6299,62,194407
9794,8.3e-05,172.31.40.0-255,66,6365,62,194407
9795,0.000112,172.217.194.0-255,1484,7849,62,194407
9796,0.000115,172.31.40.0-255,66,7915,62,194407
9797,0.00012,172.217.194.0-255,2902,10817,62,194407
9798,0.000122,172.31.40.0-255,66,10883,62,194407
9799,0.000128,172.217.194.0-255,4320,15203,62,194407
9800,0.00013,172.31.40.0-255,66,15269,62,194407
9801,0.000142,172.217.194.0-255,1484,16753,62,194407
9802,0.000144,172.31.40.0-255,66,16819,62,194407
9803,0.000173,172.217.194.0-255,7156,23975,62,194407
9804,0.000176,172.31.40.0-255,66,24041,62,194407
9805,0.000199,172.217.194.0-255,1125,25166,62,194407
9806,0.000202,172.31.40.0-255,66,25232,62,194407
9807,0.000212,172.31.40.0-255,66,25298,62,194407
9808,0.000219,172.217.194.0-255,5738,31036,62,194407
9809,0.000221,172.31.40.0-255,66,31102,62,194407
9810,0.000251,172.217.194.0-255,1125,32227,62,194407
9811,0.000253,172.31.40.0-255,66,32293,62,194407
9812,0.000261,172.217.194.0-255,7156,39449,62,194407
9813,0.000264,172.31.40.0-255,66,39515,62,194407
9814,0.000276,172.31.40.0-255,66,39581,62,194407
9815,0.000296,172.217.194.0-255,338,39919,62,194407
9816,0.000298,172.31.40.0-255,66,39985,62,194407
9817,0.000814,172.217.194.0-255,121,40106,62,194407
9818,0.000851,172.217.194.0-255,381,40487,62,194407
9819,0.001026,172.217.194.0-255,1484,41971,62,194407
9820,0.001031,172.31.40.0-255,66,42037,62,194407
9821,0.001035,172.217.194.0-255,1484,43521,62,194407
9822,0.001065,172.217.194.0-255,1484,45005,62,194407
9823,0.001067,172.31.40.0-255,66,45071,62,194407
9824,0.001074,172.217.194.0-255,5738,50809,62,194407
9825,0.001077,172.31.40.0-255,66,50875,62,194407
9826,0.001086,172.217.194.0-255,4320,55195,62,194407
9827,0.001088,172.31.40.0-255,66,55261,62,194407
9828,0.001104,172.217.194.0-255,5738,60999,62,194407
9829,0.001107,172.31.40.0-255,66,61065,62,194407
9830,0.001118,172.31.40.0-255,66,61131,62,194407
9831,0.001127,172.217.194.0-255,2184,63315,62,194407
9832,0.001129,172.31.40.0-255,66,63381,62,194407
9833,0.001182,172.217.194.0-255,7156,70537,62,194407
9834,0.001185,172.31.40.0-255,66,70603,62,194407
9835,0.001213,172.31.40.0-255,66,70669,62,194407
9836,0.001215,172.217.194.0-255,1484,72153,62,194407
9837,0.001237,172.217.194.0-255,2902,75055,62,194407
9838,0.00124,172.31.40.0-255,66,75121,62,194407
9839,0.001277,172.31.40.0-255,66,75187,62,194407
9840,0.001328,172.217.194.0-255,1484,76671,62,194407
9841,0.001333,172.217.194.0-255,2902,79573,62,194407
9842,0.001335,172.31.40.0-255,66,79639,62,194407
9843,0.001343,172.217.194.0-255,5738,85377,62,194407
9844,0.001345,172.31.40.0-255,66,85443,62,194407
9845,0.001354,172.217.194.0-255,2902,88345,62,194407
9846,0.001356,172.31.40.0-255,66,88411,62,194407
9847,0.001387,172.217.194.0-255,4320,92731,62,194407
9848,0.001391,172.31.40.0-255,66,92797,62,194407
9849,0.001421,172.217.194.0-255,5738,98535,62,194407
9850,0.001424,172.31.40.0-255,66,98601,62,194407
9851,0.001441,172.31.40.0-255,66,98667,62,194407
9852,0.001496,172.217.194.0-255,1484,100151,62,194407
9853,0.001501,172.217.194.0-255,2902,103053,62,194407
9854,0.001503,172.31.40.0-255,66,103119,62,194407
9855,0.001508,172.217.194.0-255,2902,106021,62,194407
9856,0.00151,172.31.40.0-255,66,106087,62,194407
9857,0.001548,172.217.194.0-255,2902,108989,62,194407
9858,0.001552,172.31.40.0-255,66,109055,62,194407
9859,0.001563,172.31.40.0-255,66,109121,62,194407
9860,0.001567,172.217.194.0-255,2902,112023,62,194407
9861,0.001569,172.31.40.0-255,66,112089,62,194407
9862,0.001616,172.31.40.0-255,66,112155,62,194407
9863,0.00163,172.31.40.0-255,66,112221,62,194407
9864,0.001657,172.217.194.0-255,5738,117959,62,194407
9865,0.001659,172.31.40.0-255,66,118025,62,194407
9866,0.001673,172.31.40.0-255,66,118091,62,194407
9867,0.001721,172.31.40.0-255,66,118157,62,194407
9868,0.001762,172.31.40.0-255,66,118223,62,194407
9869,0.001777,172.31.40.0-255,66,118289,62,194407
9870,0.001823,172.31.40.0-255,66,118355,62,194407
9871,0.001838,172.31.40.0-255,66,118421,62,194407
9872,0.001877,172.217.194.0-255,6438,124859,62,194407
9873,0.00188,172.31.40.0-255,66,124925,62,194407
9874,0.001914,172.217.194.0-255,1484,126409,62,194407
9875,0.001928,172.217.194.0-255,2902,129311,62,194407
9876,0.001932,172.31.40.0-255,66,129377,62,194407
9877,0.001935,172.217.194.0-255,1484,130861,62,194407
9878,0.001963,172.217.194.0-255,4320,135181,62,194407
9879,0.001966,172.31.40.0-255,66,135247,62,194407
9880,0.00197,172.217.194.0-255,2902,138149,62,194407
9881,0.001973,172.31.40.0-255,66,138215,62,194407
9882,0.002011,172.217.194.0-255,1484,139699,62,194407
9883,0.002015,172.31.40.0-255,66,139765,62,194407
9884,0.002025,172.217.194.0-255,1484,141249,62,194407
9885,0.002027,172.31.40.0-255,66,141315,62,194407
9886,0.002069,172.31.40.0-255,66,141381,62,194407
9887,0.002088,172.217.194.0-255,1484,142865,62,194407
9888,0.002093,172.217.194.0-255,2902,145767,62,194407
9889,0.002095,172.31.40.0-255,66,145833,62,194407
9890,0.002137,172.217.194.0-255,5738,151571,62,194407
9891,0.002141,172.31.40.0-255,66,151637,62,194407
9892,0.002188,172.217.194.0-255,4320,155957,62,194407
9893,0.002191,172.31.40.0-255,66,156023,62,194407
9894,0.00223,172.31.40.0-255,66,156089,62,194407
9895,0.002242,172.31.40.0-255,66,156155,62,194407
9896,0.002249,172.217.194.0-255,766,156921,62,194407
9897,0.002251,172.217.194.0-255,1484,158405,62,194407
9898,0.002253,172.31.40.0-255,66,158471,62,194407
9899,0.002259,172.217.194.0-255,4320,162791,62,194407
9900,0.002262,172.31.40.0-255,66,162857,62,194407
9901,0.002265,172.217.194.0-255,1484,164341,62,194407
9902,0.002291,172.217.194.0-255,4320,168661,62,194407
9903,0.002295,172.31.40.0-255,66,168727,62,194407
9904,0.002319,172.217.194.0-255,4320,173047,62,194407
9905,0.002322,172.31.40.0-255,66,173113,62,194407
9906,0.002325,172.217.194.0-255,1484,174597,62,194407
9907,0.00236,172.217.194.0-255,5738,180335,62,194407
9908,0.002363,172.31.40.0-255,66,180401,62,194407
9909,0.00239,172.217.194.0-255,7156,187557,62,194407
9910,0.002393,172.31.40.0-255,66,187623,62,194407
9911,0.002425,172.217.194.0-255,6376,193999,62,194407
9912,0.002428,172.31.40.0-255,66,194065,62,194407
9913,0.004704,172.217.194.0-255,105,194170,62,194407
9914,0.005125,172.31.40.0-255,66,194236,62,194407
9915,0.005168,172.31.40.0-255,105,194341,62,194407
9916,0.007486,172.217.194.0-255,66,194407,62,194407
9917,0.0,74.125.24.0-255,153,153,62,168252
9918,1.5e-05,172.31.40.0-255,66,219,62,168252
9919,2.2e-05,74.125.24.0-255,1484,1703,62,168252
9920,2.7e-05,172.31.40.0-255,66,1769,62,168252
9921,3.3e-05,74.125.24.0-255,2902,4671,62,168252
9922,3.6e-05,172.31.40.0-255,66,4737,62,168252
9923,5.7e-05,74.125.24.0-255,7156,11893,62,168252
9924,6.1e-05,172.31.40.0-255,66,11959,62,168252
9925,6.7e-05,74.125.24.0-255,2076,14035,62,168252
9926,7e-05,172.31.40.0-255,66,14101,62,168252
9927,0.000543,74.125.24.0-255,1484,15585,62,168252
9928,0.000549,172.31.40.0-255,66,15651,62,168252
9929,0.000555,74.125.24.0-255,2902,18553,62,168252
9930,0.000557,172.31.40.0-255,66,18619,62,168252
9931,0.000587,74.125.24.0-255,4320,22939,62,168252
9932,0.00059,172.31.40.0-255,66,23005,62,168252
9933,0.000623,74.125.24.0-255,4320,27325,62,168252
9934,0.000626,172.31.40.0-255,66,27391,62,168252
9935,0.00065,74.125.24.0-255,3961,31352,62,168252
9936,0.000652,172.31.40.0-255,66,31418,62,168252
9937,0.000662,172.31.40.0-255,66,31484,62,168252
9938,0.00068,74.125.24.0-255,2902,34386,62,168252
9939,0.000683,172.31.40.0-255,66,34452,62,168252
9940,0.000707,172.31.40.0-255,66,34518,62,168252
9941,0.00071,74.125.24.0-255,1484,36002,62,168252
9942,0.000712,172.31.40.0-255,66,36068,62,168252
9943,0.00075,74.125.24.0-255,766,36834,62,168252
9944,0.000754,172.31.40.0-255,66,36900,62,168252
9945,0.000756,172.31.40.0-255,66,36966,62,168252
9946,0.00125,74.125.24.0-255,645,37611,62,168252
9947,0.001269,74.125.24.0-255,1484,39095,62,168252
9948,0.001273,172.31.40.0-255,66,39161,62,168252
9949,0.001278,74.125.24.0-255,1484,40645,62,168252
9950,0.001288,74.125.24.0-255,1484,42129,62,168252
9951,0.00129,172.31.40.0-255,66,42195,62,168252
9952,0.001303,74.125.24.0-255,2902,45097,62,168252
9953,0.001305,172.31.40.0-255,66,45163,62,168252
9954,0.001333,74.125.24.0-255,2902,48065,62,168252
9955,0.001336,172.31.40.0-255,66,48131,62,168252
9956,0.001348,172.31.40.0-255,66,48197,62,168252
9957,0.001372,74.125.24.0-255,5738,53935,62,168252
9958,0.001374,172.31.40.0-255,66,54001,62,168252
9959,0.001391,74.125.24.0-255,2902,56903,62,168252
9960,0.001393,172.31.40.0-255,66,56969,62,168252
9961,0.001397,74.125.24.0-255,2184,59153,62,168252
9962,0.001399,172.31.40.0-255,66,59219,62,168252
9963,0.002058,74.125.24.0-255,1484,60703,62,168252
9964,0.002066,74.125.24.0-255,2902,63605,62,168252
9965,0.00207,172.31.40.0-255,66,63671,62,168252
9966,0.002077,74.125.24.0-255,5738,69409,62,168252
9967,0.002079,172.31.40.0-255,66,69475,62,168252
9968,0.002095,74.125.24.0-255,5738,75213,62,168252
9969,0.002097,172.31.40.0-255,66,75279,62,168252
9970,0.002113,74.125.24.0-255,5738,81017,62,168252
9971,0.002115,172.31.40.0-255,66,81083,62,168252
9972,0.002131,74.125.24.0-255,1484,82567,62,168252
9973,0.002157,74.125.24.0-255,4320,86887,62,168252
9974,0.00216,172.31.40.0-255,66,86953,62,168252
9975,0.002192,172.31.40.0-255,66,87019,62,168252
9976,0.002205,172.31.40.0-255,66,87085,62,168252
9977,0.002226,74.125.24.0-255,4320,91405,62,168252
9978,0.002227,172.31.40.0-255,66,91471,62,168252
9979,0.002265,172.31.40.0-255,66,91537,62,168252
9980,0.002298,74.125.24.0-255,1484,93021,62,168252
9981,0.002313,74.125.24.0-255,2902,95923,62,168252
9982,0.002315,172.31.40.0-255,66,95989,62,168252
9983,0.002318,74.125.24.0-255,1484,97473,62,168252
9984,0.002337,74.125.24.0-255,4320,101793,62,168252
9985,0.002339,172.31.40.0-255,66,101859,62,168252
9986,0.002355,74.125.24.0-255,7156,109015,62,168252
9987,0.002357,172.31.40.0-255,66,109081,62,168252
9988,0.002376,74.125.24.0-255,5738,114819,62,168252
9989,0.002378,172.31.40.0-255,66,114885,62,168252
9990,0.00238,74.125.24.0-255,1484,116369,62,168252
9991,0.002418,74.125.24.0-255,5738,122107,62,168252
9992,0.00242,172.31.40.0-255,66,122173,62,168252
9993,0.002435,74.125.24.0-255,3602,125775,62,168252
9994,0.002436,172.31.40.0-255,66,125841,62,168252
9995,0.00244,74.125.24.0-255,2902,128743,62,168252
9996,0.002443,172.31.40.0-255,66,128809,62,168252
9997,0.004841,74.125.24.0-255,4320,133129,62,168252
9998,0.004847,172.31.40.0-255,66,133195,62,168252
9999,0.004862,74.125.24.0-255,1484,134679,62,168252
10000,0.004936,172.31.40.0-255,101,134780,62,168252
10001,0.007284,74.125.24.0-255,4320,139100,62,168252
10002,0.007289,172.31.40.0-255,66,139166,62,168252
10003,0.007313,74.125.24.0-255,1484,140650,62,168252
10004,0.009682,74.125.24.0-255,4320,144970,62,168252
10005,0.00969,172.31.40.0-255,66,145036,62,168252
10006,0.012088,74.125.24.0-255,5738,150774,62,168252
10007,0.012097,172.31.40.0-255,66,150840,62,168252
10008,0.014532,74.125.24.0-255,5738,156578,62,168252
10009,0.014543,172.31.40.0-255,66,156644,62,168252
10010,0.017017,74.125.24.0-255,5738,162382,62,168252
10011,0.017027,172.31.40.0-255,66,162448,62,168252
10012,0.019444,74.125.24.0-255,5738,168186,62,168252
10013,0.019451,172.31.40.0-255,66,168252,62,168252
10014,0.0,74.125.200.0-255,152,152,62,245605
10015,2.2e-05,172.31.40.0-255,66,218,62,245605
10016,4.7e-05,74.125.200.0-255,1484,1702,62,245605
10017,5.2e-05,172.31.40.0-255,66,1768,62,245605
10018,5.8e-05,74.125.200.0-255,2902,4670,62,245605
10019,6.1e-05,172.31.40.0-255,66,4736,62,245605
10020,6.5e-05,74.125.200.0-255,1484,6220,62,245605
10021,6.7e-05,172.31.40.0-255,66,6286,62,245605
10022,9.7e-05,74.125.200.0-255,4320,10606,62,245605
10023,0.0001,172.31.40.0-255,66,10672,62,245605
10024,0.000104,74.125.200.0-255,2902,13574,62,245605
10025,0.000106,172.31.40.0-255,66,13640,62,245605
10026,0.000112,74.125.200.0-255,3512,17152,62,245605
10027,0.000114,172.31.40.0-255,66,17218,62,245605
10028,0.000146,74.125.200.0-255,7156,24374,62,245605
10029,0.000148,172.31.40.0-255,66,24440,62,245605
10030,0.000189,74.125.200.0-255,2902,27342,62,245605
10031,0.000192,172.31.40.0-255,66,27408,62,245605
10032,0.000214,74.125.200.0-255,3961,31369,62,245605
10033,0.000217,172.31.40.0-255,66,31435,62,245605
10034,0.000276,74.125.200.0-255,1484,32919,62,245605
10035,0.00028,172.31.40.0-255,66,32985,62,245605
10036,0.000284,74.125.200.0-255,1484,34469,62,245605
10037,0.000286,172.31.40.0-255,66,34535,62,245605
10038,0.000298,74.125.200.0-255,1484,36019,62,245605
10039,0.0003,172.31.40.0-255,66,36085,62,245605
10040,0.000309,74.125.200.0-255,5738,41823,62,245605
10041,0.000311,172.31.40.0-255,66,41889,62,245605
10042,0.000322,74.125.200.0-255,1484,43373,62,245605
10043,0.000324,172.31.40.0-255,66,43439,62,245605
10044,0.000343,74.125.200.0-255,5379,48818,62,245605
10045,0.000345,172.31.40.0-255,66,48884,62,245605
10046,0.000351,74.125.200.0-255,5738,54622,62,245605
10047,0.000354,172.31.40.0-255,66,54688,62,245605
10048,0.000371,74.125.200.0-255,1484,56172,62,245605
10049,0.000375,74.125.200.0-255,1484,57656,62,245605
10050,0.000377,172.31.40.0-255,66,57722,62,245605
10051,0.000406,172.31.40.0-255,66,57788,62,245605
10052,0.000409,74.125.200.0-255,132,57920,62,245605
10053,0.000552,74.125.200.0-255,1484,59404,62,245605
10054,0.000558,172.31.40.0-255,66,59470,62,245605
10055,0.000563,74.125.200.0-255,2902,62372,62,245605
10056,0.000565,172.31.40.0-255,66,62438,62,245605
10057,0.000568,74.125.200.0-255,1484,63922,62,245605
10058,0.000593,74.125.200.0-255,4320,68242,62,245605
10059,0.000596,172.31.40.0-255,66,68308,62,245605
10060,0.000601,74.125.200.0-255,2902,71210,62,245605
10061,0.000603,172.31.40.0-255,66,71276,62,245605
10062,0.000619,74.125.200.0-255,1484,72760,62,245605
10063,0.000655,74.125.200.0-255,5738,78498,62,245605
10064,0.00066,172.31.40.0-255,66,78564,62,245605
10065,0.000663,172.31.40.0-255,66,78630,62,245605
10066,0.000683,74.125.200.0-255,3661,82291,62,245605
10067,0.000685,172.31.40.0-255,66,82357,62,245605
10068,0.000744,74.125.200.0-255,1484,83841,62,245605
10069,0.00075,74.125.200.0-255,2902,86743,62,245605
10070,0.000753,172.31.40.0-255,66,86809,62,245605
10071,0.000774,74.125.200.0-255,5738,92547,62,245605
10072,0.000777,172.31.40.0-255,66,92613,62,245605
10073,0.000809,74.125.200.0-255,2902,95515,62,245605
10074,0.000812,172.31.40.0-255,66,95581,62,245605
10075,0.000839,74.125.200.0-255,1484,97065,62,245605
10076,0.000847,74.125.200.0-255,5738,102803,62,245605
10077,0.000849,172.31.40.0-255,66,102869,62,245605
10078,0.000863,172.31.40.0-255,66,102935,62,245605
10079,0.000867,74.125.200.0-255,2184,105119,62,245605
10080,0.00087,172.31.40.0-255,66,105185,62,245605
10081,0.00126,74.125.200.0-255,1484,106669,62,245605
10082,0.001267,74.125.200.0-255,2902,109571,62,245605
10083,0.001271,172.31.40.0-255,66,109637,62,245605
10084,0.001275,74.125.200.0-255,1484,111121,62,245605
10085,0.001291,74.125.200.0-255,4320,115441,62,245605
10086,0.001294,172.31.40.0-255,66,115507,62,245605
10087,0.001299,74.125.200.0-255,2902,118409,62,245605
10088,0.001301,172.31.40.0-255,66,118475,62,245605
10089,0.001306,74.125.200.0-255,4320,122795,62,245605
10090,0.001308,172.31.40.0-255,66,122861,62,245605
10091,0.001347,172.31.40.0-255,66,122927,62,245605
10092,0.001354,74.125.200.0-255,5738,128665,62,245605
10093,0.001356,172.31.40.0-255,66,128731,62,245605
10094,0.001387,74.125.200.0-255,2184,130915,62,245605
10095,0.00139,172.31.40.0-255,66,130981,62,245605
10096,0.00192,74.125.200.0-255,1484,132465,62,245605
10097,0.001924,74.125.200.0-255,1484,133949,62,245605
10098,0.001928,172.31.40.0-255,66,134015,62,245605
10099,0.001948,74.125.200.0-255,1484,135499,62,245605
10100,0.001955,74.125.200.0-255,5738,141237,62,245605
10101,0.001957,172.31.40.0-255,66,141303,62,245605
10102,0.001962,74.125.200.0-255,2902,144205,62,245605
10103,0.001964,172.31.40.0-255,66,144271,62,245605
10104,0.001981,74.125.200.0-255,4320,148591,62,245605
10105,0.001984,172.31.40.0-255,66,148657,62,245605
10106,0.002019,172.31.40.0-255,66,148723,62,245605
10107,0.002038,74.125.200.0-255,2902,151625,62,245605
10108,0.00204,172.31.40.0-255,66,151691,62,245605
10109,0.002045,74.125.200.0-255,3602,155293,62,245605
10110,0.002048,172.31.40.0-255,66,155359,62,245605
10111,0.00218,74.125.200.0-255,1484,156843,62,245605
10112,0.002185,74.125.200.0-255,1484,158327,62,245605
10113,0.002188,172.31.40.0-255,66,158393,62,245605
10114,0.002204,74.125.200.0-255,1484,159877,62,245605
10115,0.002207,74.125.200.0-255,1484,161361,62,245605
10116,0.002209,172.31.40.0-255,66,161427,62,245605
10117,0.002212,74.125.200.0-255,1484,162911,62,245605
10118,0.002229,74.125.200.0-255,1484,164395,62,245605
10119,0.002231,172.31.40.0-255,66,164461,62,245605
10120,0.002236,74.125.200.0-255,2902,167363,62,245605
10121,0.002238,172.31.40.0-255,66,167429,62,245605
10122,0.002251,74.125.200.0-255,2902,170331,62,245605
10123,0.002253,172.31.40.0-255,66,170397,62,245605
10124,0.002256,74.125.200.0-255,1484,171881,62,245605
10125,0.002279,74.125.200.0-255,7156,179037,62,245605
10126,0.002294,172.31.40.0-255,66,179103,62,245605
10127,0.002297,172.31.40.0-255,66,179169,62,245605
10128,0.0023,74.125.200.0-255,1484,180653,62,245605
10129,0.002304,74.125.200.0-255,2184,182837,62,245605
10130,0.002306,172.31.40.0-255,66,182903,62,245605
10131,0.00231,74.125.200.0-255,2902,185805,62,245605
10132,0.002313,172.31.40.0-255,66,185871,62,245605
10133,0.00234,74.125.200.0-255,7156,193027,62,245605
10134,0.002342,172.31.40.0-255,66,193093,62,245605
10135,0.002366,74.125.200.0-255,1484,194577,62,245605
10136,0.002371,74.125.200.0-255,2902,197479,62,245605
10137,0.002373,172.31.40.0-255,66,197545,62,245605
10138,0.00238,74.125.200.0-255,5738,203283,62,245605
10139,0.002382,172.31.40.0-255,66,203349,62,245605
10140,0.002412,74.125.200.0-255,1484,204833,62,245605
10141,0.002415,172.31.40.0-255,78,204911,62,245605
10142,0.002428,172.31.40.0-255,66,204977,62,245605
10143,0.004822,74.125.200.0-255,5738,210715,62,245605
10144,0.004831,172.31.40.0-255,66,210781,62,245605
10145,0.007213,74.125.200.0-255,5738,216519,62,245605
10146,0.007218,172.31.40.0-255,66,216585,62,245605
10147,0.009618,74.125.200.0-255,5738,222323,62,245605
10148,0.009625,172.31.40.0-255,66,222389,62,245605
10149,0.012023,74.125.200.0-255,5738,228127,62,245605
10150,0.012032,172.31.40.0-255,66,228193,62,245605
10151,0.014459,74.125.200.0-255,5738,233931,62,245605
10152,0.014468,172.31.40.0-255,66,233997,62,245605
10153,0.016855,74.125.200.0-255,5738,239735,62,245605
10154,0.016863,172.31.40.0-255,66,239801,62,245605
10155,0.019265,74.125.200.0-255,5738,245539,62,245605
10156,0.019277,172.31.40.0-255,66,245605,62,245605
10157,0.0,74.125.24.0-255,299,299,62,209643
10158,2e-05,172.31.40.0-255,66,365,62,209643
10159,2.6e-05,74.125.24.0-255,1484,1849,62,209643
10160,3.1e-05,172.31.40.0-255,66,1915,62,209643
10161,3.8e-05,74.125.24.0-255,4320,6235,62,209643
10162,4.2e-05,172.31.40.0-255,66,6301,62,209643
10163,4.8e-05,74.125.24.0-255,2902,9203,62,209643
10164,5.1e-05,172.31.40.0-255,66,9269,62,209643
10165,6.4e-05,172.31.40.0-255,66,9335,62,209643
10166,9.2e-05,172.31.40.0-255,66,9401,62,209643
10167,0.000115,74.125.24.0-255,2543,11944,62,209643
10168,0.000117,172.31.40.0-255,66,12010,62,209643
10169,0.000144,74.125.24.0-255,1484,13494,62,209643
10170,0.000147,172.31.40.0-255,66,13560,62,209643
10171,0.000172,74.125.24.0-255,2902,16462,62,209643
10172,0.000174,172.31.40.0-255,66,16528,62,209643
10173,0.00018,74.125.24.0-255,5738,22266,62,209643
10174,0.000182,172.31.40.0-255,66,22332,62,209643
10175,0.000209,74.125.24.0-255,7156,29488,62,209643
10176,0.000211,172.31.40.0-255,66,29554,62,209643
10177,0.000232,74.125.24.0-255,3961,33515,62,209643
10178,0.000234,172.31.40.0-255,66,33581,62,209643
10179,0.000246,172.31.40.0-255,66,33647,62,209643
10180,0.000268,74.125.24.0-255,1479,35126,62,209643
10181,0.00027,172.31.40.0-255,66,35192,62,209643
10182,0.000361,74.125.24.0-255,1484,36676,62,209643
10183,0.000365,172.31.40.0-255,66,36742,62,209643
10184,0.00037,74.125.24.0-255,2902,39644,62,209643
10185,0.000374,172.31.40.0-255,66,39710,62,209643
10186,0.000378,74.125.24.0-255,2902,42612,62,209643
10187,0.000381,172.31.40.0-255,66,42678,62,209643
10188,0.000403,74.125.24.0-255,2902,45580,62,209643
10189,0.000405,172.31.40.0-255,66,45646,62,209643
10190,0.00042,74.125.24.0-255,7156,52802,62,209643
10191,0.000423,172.31.40.0-255,66,52868,62,209643
10192,0.000442,74.125.24.0-255,6797,59665,62,209643
10193,0.000445,172.31.40.0-255,66,59731,62,209643
10194,0.000451,74.125.24.0-255,5738,65469,62,209643
10195,0.000452,172.31.40.0-255,66,65535,62,209643
10196,0.000489,74.125.24.0-255,3961,69496,62,209643
10197,0.000492,172.31.40.0-255,66,69562,62,209643
10198,0.000503,74.125.24.0-255,1484,71046,62,209643
10199,0.000516,74.125.24.0-255,2902,73948,62,209643
10200,0.000519,172.31.40.0-255,66,74014,62,209643
10201,0.000567,74.125.24.0-255,7156,81170,62,209643
10202,0.00057,172.31.40.0-255,66,81236,62,209643
10203,0.000583,74.125.24.0-255,1484,82720,62,209643
10204,0.000598,172.31.40.0-255,66,82786,62,209643
10205,0.000605,74.125.24.0-255,6438,89224,62,209643
10206,0.000607,172.31.40.0-255,66,89290,62,209643
10207,0.000629,74.125.24.0-255,7156,96446,62,209643
10208,0.000632,172.31.40.0-255,66,96512,62,209643
10209,0.000637,74.125.24.0-255,4320,100832,62,209643
10210,0.000639,172.31.40.0-255,66,100898,62,209643
10211,0.000677,74.125.24.0-255,1484,102382,62,209643
10212,0.00068,74.125.24.0-255,1484,103866,62,209643
10213,0.000736,74.125.24.0-255,7156,111022,62,209643
10214,0.000758,74.125.24.0-255,7156,118178,62,209643
10215,0.000773,172.31.40.0-255,66,118244,62,209643
10216,0.000785,74.125.24.0-255,5738,123982,62,209643
10217,0.000801,74.125.24.0-255,3602,127584,62,209643
10218,0.000825,172.31.40.0-255,66,127650,62,209643
10219,0.000901,74.125.24.0-255,1484,129134,62,209643
10220,0.000922,74.125.24.0-255,2902,132036,62,209643
10221,0.000928,74.125.24.0-255,5738,137774,62,209643
10222,0.000933,74.125.24.0-255,4320,142094,62,209643
10223,0.000947,172.31.40.0-255,66,142160,62,209643
10224,0.000956,74.125.24.0-255,2902,145062,62,209643
10225,0.000961,172.31.40.0-255,66,145128,62,209643
10226,0.000996,172.31.40.0-255,66,145194,62,209643
10227,0.001012,74.125.24.0-255,1484,146678,62,209643
10228,0.001035,74.125.24.0-255,6438,153116,62,209643
10229,0.001041,172.31.40.0-255,66,153182,62,209643
10230,0.001221,74.125.24.0-255,1484,154666,62,209643
10231,0.001228,74.125.24.0-255,2902,157568,62,209643
10232,0.001233,172.31.40.0-255,66,157634,62,209643
10233,0.001249,74.125.24.0-255,4320,161954,62,209643
10234,0.001254,74.125.24.0-255,4320,166274,62,209643
10235,0.001268,74.125.24.0-255,4320,170594,62,209643
10236,0.001277,172.31.40.0-255,66,170660,62,209643
10237,0.001301,74.125.24.0-255,2902,173562,62,209643
10238,0.001341,74.125.24.0-255,2184,175746,62,209643
10239,0.001364,172.31.40.0-255,66,175812,62,209643
10240,0.001371,74.125.24.0-255,5738,181550,62,209643
10241,0.00138,172.31.40.0-255,66,181616,62,209643
10242,0.001388,74.125.24.0-255,7156,188772,62,209643
10243,0.00143,74.125.24.0-255,4320,193092,62,209643
10244,0.001456,74.125.24.0-255,5020,198112,62,209643
10245,0.001485,74.125.24.0-255,1484,199596,62,209643
10246,0.00149,172.31.40.0-255,66,199662,62,209643
10247,0.001538,74.125.24.0-255,2902,202564,62,209643
10248,0.001571,172.31.40.0-255,66,202630,62,209643
10249,0.001579,172.31.40.0-255,66,202696,62,209643
10250,0.001599,74.125.24.0-255,6438,209134,62,209643
10251,0.001636,172.31.40.0-255,66,209200,62,209643
10252,0.00164,74.125.24.0-255,105,209305,62,209643
10253,0.012634,172.31.40.0-255,101,209406,62,209643
10254,0.013447,172.31.40.0-255,105,209511,62,209643
10255,0.014946,74.125.24.0-255,66,209577,62,209643
10256,0.015734,74.125.24.0-255,66,209643,62,209643
10257,0.0,172.217.194.0-255,150,150,62,244761
10258,2e-05,172.31.40.0-255,66,216,62,244761
10259,2.7e-05,172.217.194.0-255,1484,1700,62,244761
10260,3.2e-05,172.31.40.0-255,66,1766,62,244761
10261,3.8e-05,172.217.194.0-255,2902,4668,62,244761
10262,4.2e-05,172.31.40.0-255,66,4734,62,244761
10263,4.9e-05,172.217.194.0-255,7156,11890,62,244761
10264,5.2e-05,172.31.40.0-255,66,11956,62,244761
10265,5.5e-05,172.217.194.0-255,2055,14011,62,244761
10266,5.8e-05,172.31.40.0-255,66,14077,62,244761
10267,0.000262,172.217.194.0-255,1484,15561,62,244761
10268,0.000268,172.31.40.0-255,66,15627,62,244761
10269,0.000274,172.217.194.0-255,2902,18529,62,244761
10270,0.000277,172.31.40.0-255,66,18595,62,244761
10271,0.000283,172.217.194.0-255,5738,24333,62,244761
10272,0.000286,172.31.40.0-255,66,24399,62,244761
10273,0.000289,172.217.194.0-255,1484,25883,62,244761
10274,0.000291,172.31.40.0-255,66,25949,62,244761
10275,0.000315,172.217.194.0-255,5379,31328,62,244761
10276,0.000318,172.31.40.0-255,66,31394,62,244761
10277,0.000354,172.217.194.0-255,4320,35714,62,244761
10278,0.000358,172.31.40.0-255,66,35780,62,244761
10279,0.00038,172.217.194.0-255,2902,38682,62,244761
10280,0.000382,172.31.40.0-255,66,38748,62,244761
10281,0.000393,172.31.40.0-255,66,38814,62,244761
10282,0.000396,172.217.194.0-255,1125,39939,62,244761
10283,0.000398,172.31.40.0-255,66,40005,62,244761
10284,0.000416,172.217.194.0-255,1484,41489,62,244761
10285,0.000419,172.31.40.0-255,66,41555,62,244761
10286,0.000424,172.217.194.0-255,4320,45875,62,244761
10287,0.000427,172.31.40.0-255,66,45941,62,244761
10288,0.000444,172.217.194.0-255,1484,47425,62,244761
10289,0.000465,172.31.40.0-255,66,47491,62,244761
10290,0.000468,172.217.194.0-255,1439,48930,62,244761
10291,0.000502,172.217.194.0-255,98,49028,62,244761
10292,0.000795,172.217.194.0-255,363,49391,62,244761
10293,0.0008,172.31.40.0-255,66,49457,62,244761
10294,0.000959,172.217.194.0-255,1484,50941,62,244761
10295,0.000966,172.217.194.0-255,2902,53843,62,244761
10296,0.000969,172.31.40.0-255,66,53909,62,244761
10297,0.000974,172.217.194.0-255,2902,56811,62,244761
10298,0.000976,172.31.40.0-255,66,56877,62,244761
10299,0.000991,172.217.194.0-255,2902,59779,62,244761
10300,0.000993,172.31.40.0-255,66,59845,62,244761
10301,0.001019,172.217.194.0-255,1484,61329,62,244761
10302,0.001031,172.217.194.0-255,2902,64231,62,244761
10303,0.001034,172.31.40.0-255,66,64297,62,244761
10304,0.001055,172.217.194.0-255,2543,66840,62,244761
10305,0.001058,172.31.40.0-255,66,66906,62,244761
10306,0.001065,172.217.194.0-255,7156,74062,62,244761
10307,0.001067,172.31.40.0-255,66,74128,62,244761
10308,0.001083,172.217.194.0-255,5738,79866,62,244761
10309,0.001085,172.31.40.0-255,66,79932,62,244761
10310,0.0011,172.217.194.0-255,3961,83893,62,244761
10311,0.001103,172.31.40.0-255,66,83959,62,244761
10312,0.001599,172.217.194.0-255,1484,85443,62,244761
10313,0.00161,172.217.194.0-255,2902,88345,62,244761
10314,0.001615,172.31.40.0-255,66,88411,62,244761
10315,0.001623,172.217.194.0-255,5738,94149,62,244761
10316,0.001625,172.31.40.0-255,66,94215,62,244761
10317,0.001628,172.217.194.0-255,1484,95699,62,244761
10318,0.001633,172.217.194.0-255,2902,98601,62,244761
10319,0.001634,172.31.40.0-255,66,98667,62,244761
10320,0.001657,172.217.194.0-255,5738,104405,62,244761
10321,0.00166,172.31.40.0-255,66,104471,62,244761
10322,0.001684,172.31.40.0-255,66,104537,62,244761
10323,0.001705,172.217.194.0-255,5020,109557,62,244761
10324,0.001707,172.31.40.0-255,66,109623,62,244761
10325,0.00173,172.217.194.0-255,5738,115361,62,244761
10326,0.001733,172.31.40.0-255,66,115427,62,244761
10327,0.001757,172.217.194.0-255,7156,122583,62,244761
10328,0.00176,172.31.40.0-255,66,122649,62,244761
10329,0.001775,172.31.40.0-255,66,122715,62,244761
10330,0.001782,172.217.194.0-255,6438,129153,62,244761
10331,0.001785,172.31.40.0-255,66,129219,62,244761
10332,0.001831,172.217.194.0-255,1484,130703,62,244761
10333,0.00185,172.217.194.0-255,2902,133605,62,244761
10334,0.001853,172.31.40.0-255,66,133671,62,244761
10335,0.001859,172.217.194.0-255,5738,139409,62,244761
10336,0.001862,172.31.40.0-255,66,139475,62,244761
10337,0.001905,172.31.40.0-255,66,139541,62,244761
10338,0.001923,172.217.194.0-255,1484,141025,62,244761
10339,0.001971,172.217.194.0-255,1484,142509,62,244761
10340,0.002021,172.217.194.0-255,3602,146111,62,244761
10341,0.002058,172.217.194.0-255,4320,150431,62,244761
10342,0.002082,172.217.194.0-255,2902,153333,62,244761
10343,0.002106,172.217.194.0-255,7156,160489,62,244761
10344,0.002175,172.217.194.0-255,3602,164091,62,244761
10345,0.002217,172.217.194.0-255,1484,165575,62,244761
10346,0.002221,172.217.194.0-255,1484,167059,62,244761
10347,0.002232,172.217.194.0-255,1484,168543,62,244761
10348,0.002245,172.217.194.0-255,1484,170027,62,244761
10349,0.002267,172.217.194.0-255,4320,174347,62,244761
10350,0.002272,172.217.194.0-255,2902,177249,62,244761
10351,0.002303,172.217.194.0-255,1484,178733,62,244761
10352,0.002358,172.217.194.0-255,1484,180217,62,244761
10353,0.002364,172.217.194.0-255,2902,183119,62,244761
10354,0.002377,172.217.194.0-255,1484,184603,62,244761
10355,0.002401,172.217.194.0-255,4320,188923,62,244761
10356,0.002405,172.217.194.0-255,1484,190407,62,244761
10357,0.002463,172.217.194.0-255,5020,195427,62,244761
10358,0.002511,172.217.194.0-255,1484,196911,62,244761
10359,0.002528,172.217.194.0-255,2902,199813,62,244761
10360,0.002551,172.217.194.0-255,5738,205551,62,244761
10361,0.002575,172.217.194.0-255,4320,209871,62,244761
10362,0.002929,172.31.40.0-255,66,209937,62,244761
10363,0.005552,172.217.194.0-255,5738,215675,62,244761
10364,0.005559,172.31.40.0-255,66,215741,62,244761
10365,0.00819,172.217.194.0-255,5738,221479,62,244761
10366,0.008194,172.31.40.0-255,66,221545,62,244761
10367,0.010824,172.217.194.0-255,5738,227283,62,244761
10368,0.01083,172.31.40.0-255,66,227349,62,244761
10369,0.013493,172.217.194.0-255,5738,233087,62,244761
10370,0.013499,172.31.40.0-255,66,233153,62,244761
10371,0.016164,172.217.194.0-255,5738,238891,62,244761
10372,0.016174,172.31.40.0-255,66,238957,62,244761
10373,0.018832,172.217.194.0-255,5738,244695,62,244761
10374,0.018841,172.31.40.0-255,66,244761,62,244761
10375,0.0,74.125.24.0-255,155,155,62,125854
10376,2.2e-05,172.31.40.0-255,66,221,62,125854
10377,2.9e-05,74.125.24.0-255,1484,1705,62,125854
10378,3.4e-05,172.31.40.0-255,66,1771,62,125854
10379,4e-05,74.125.24.0-255,2902,4673,62,125854
10380,5.1e-05,172.31.40.0-255,66,4739,62,125854
10381,5.8e-05,74.125.24.0-255,7156,11895,62,125854
10382,6.1e-05,172.31.40.0-255,66,11961,62,125854
10383,6.5e-05,74.125.24.0-255,2101,14062,62,125854
10384,6.8e-05,172.31.40.0-255,66,14128,62,125854
10385,0.000194,74.125.24.0-255,1484,15612,62,125854
10386,0.000199,172.31.40.0-255,66,15678,62,125854
10387,0.000205,74.125.24.0-255,2902,18580,62,125854
10388,0.000208,172.31.40.0-255,66,18646,62,125854
10389,0.000238,74.125.24.0-255,5738,24384,62,125854
10390,0.000241,172.31.40.0-255,66,24450,62,125854
10391,0.000244,74.125.24.0-255,1484,25934,62,125854
10392,0.000246,172.31.40.0-255,66,26000,62,125854
10393,0.000301,172.31.40.0-255,66,26066,62,125854
10394,0.000308,74.125.24.0-255,7156,33222,62,125854
10395,0.00031,172.31.40.0-255,66,33288,62,125854
10396,0.000338,74.125.24.0-255,2902,36190,62,125854
10397,0.000341,172.31.40.0-255,66,36256,62,125854
10398,0.000367,172.31.40.0-255,66,36322,62,125854
10399,0.000393,172.31.40.0-255,66,36388,62,125854
10400,0.000396,74.125.24.0-255,424,36812,62,125854
10401,0.000398,172.31.40.0-255,66,36878,62,125854
10402,0.00051,74.125.24.0-255,1484,38362,62,125854
10403,0.000514,172.31.40.0-255,66,38428,62,125854
10404,0.000519,74.125.24.0-255,2902,41330,62,125854
10405,0.000522,172.31.40.0-255,66,41396,62,125854
10406,0.000527,74.125.24.0-255,5738,47134,62,125854
10407,0.000535,172.31.40.0-255,66,47200,62,125854
10408,0.000574,172.31.40.0-255,66,47266,62,125854
10409,0.000609,172.31.40.0-255,66,47332,62,125854
10410,0.000641,74.125.24.0-255,3602,50934,62,125854
10411,0.000644,172.31.40.0-255,66,51000,62,125854
10412,0.000661,172.31.40.0-255,66,51066,62,125854
10413,0.000666,74.125.24.0-255,4320,55386,62,125854
10414,0.000669,172.31.40.0-255,66,55452,62,125854
10415,0.000711,172.31.40.0-255,66,55518,62,125854
10416,0.000717,74.125.24.0-255,4320,59838,62,125854
10417,0.000719,172.31.40.0-255,66,59904,62,125854
10418,0.00076,172.31.40.0-255,66,59970,62,125854
10419,0.000824,74.125.24.0-255,1484,61454,62,125854
10420,0.00083,74.125.24.0-255,2902,64356,62,125854
10421,0.000833,172.31.40.0-255,66,64422,62,125854
10422,0.000839,74.125.24.0-255,5738,70160,62,125854
10423,0.000841,172.31.40.0-255,66,70226,62,125854
10424,0.000873,172.31.40.0-255,66,70292,62,125854
10425,0.000906,74.125.24.0-255,2902,73194,62,125854
10426,0.000909,172.31.40.0-255,66,73260,62,125854
10427,0.000948,172.31.40.0-255,66,73326,62,125854
10428,0.000967,172.31.40.0-255,66,73392,62,125854
10429,0.000974,74.125.24.0-255,7156,80548,62,125854
10430,0.000977,172.31.40.0-255,66,80614,62,125854
10431,0.001021,172.31.40.0-255,66,80680,62,125854
10432,0.001038,172.31.40.0-255,66,80746,62,125854
10433,0.001051,172.31.40.0-255,66,80812,62,125854
10434,0.001088,74.125.24.0-255,1484,82296,62,125854
10435,0.001098,74.125.24.0-255,2902,85198,62,125854
10436,0.001101,172.31.40.0-255,66,85264,62,125854
10437,0.001106,74.125.24.0-255,2902,88166,62,125854
10438,0.001108,172.31.40.0-255,66,88232,62,125854
10439,0.001134,74.125.24.0-255,2902,91134,62,125854
10440,0.001137,172.31.40.0-255,66,91200,62,125854
10441,0.001143,74.125.24.0-255,5738,96938,62,125854
10442,0.00115,172.31.40.0-255,66,97004,62,125854
10443,0.001165,172.31.40.0-255,66,97070,62,125854
10444,0.00117,74.125.24.0-255,4320,101390,62,125854
10445,0.001173,172.31.40.0-255,66,101456,62,125854
10446,0.001194,74.125.24.0-255,766,102222,62,125854
10447,0.001266,74.125.24.0-255,1484,103706,62,125854
10448,0.00127,172.31.40.0-255,66,103772,62,125854
10449,0.001276,74.125.24.0-255,2902,106674,62,125854
10450,0.001278,172.31.40.0-255,66,106740,62,125854
10451,0.001333,74.125.24.0-255,5738,112478,62,125854
10452,0.001337,172.31.40.0-255,66,112544,62,125854
10453,0.001357,172.31.40.0-255,66,112610,62,125854
10454,0.001367,172.31.40.0-255,66,112676,62,125854
10455,0.001396,74.125.24.0-255,2184,114860,62,125854
10456,0.001402,172.31.40.0-255,66,114926,62,125854
10457,0.001434,74.125.24.0-255,2902,117828,62,125854
10458,0.001436,172.31.40.0-255,66,117894,62,125854
10459,0.001439,74.125.24.0-255,1484,119378,62,125854
10460,0.001446,74.125.24.0-255,5738,125116,62,125854
10461,0.001449,172.31.40.0-255,66,125182,62,125854
10462,0.001488,172.31.40.0-255,66,125248,62,125854
10463,0.001554,172.31.40.0-255,66,125314,62,125854
10464,0.001588,172.31.40.0-255,66,125380,62,125854
10465,0.001635,172.31.40.0-255,66,125446,62,125854
10466,0.001659,172.31.40.0-255,66,125512,62,125854
10467,0.001666,74.125.24.0-255,105,125617,62,125854
10468,0.004522,172.31.40.0-255,66,125683,62,125854
10469,0.004558,172.31.40.0-255,105,125788,62,125854
10470,0.007037,74.125.24.0-255,66,125854,62,125854
10471,0.0,74.125.200.0-255,152,152,62,248070
10472,2.2e-05,172.31.40.0-255,66,218,62,248070
10473,2.8e-05,74.125.200.0-255,1484,1702,62,248070
10474,3.2e-05,172.31.40.0-255,66,1768,62,248070
10475,4.2e-05,74.125.200.0-255,2902,4670,62,248070
10476,4.5e-05,172.31.40.0-255,66,4736,62,248070
10477,5.2e-05,74.125.200.0-255,5738,10474,62,248070
10478,5.5e-05,172.31.40.0-255,66,10540,62,248070
10479,8.6e-05,74.125.200.0-255,1484,12024,62,248070
10480,8.9e-05,172.31.40.0-255,66,12090,62,248070
10481,9.3e-05,74.125.200.0-255,2164,14254,62,248070
10482,9.5e-05,172.31.40.0-255,66,14320,62,248070
10483,0.000187,74.125.200.0-255,1484,15804,62,248070
10484,0.000192,172.31.40.0-255,66,15870,62,248070
10485,0.000197,74.125.200.0-255,2902,18772,62,248070
10486,0.000199,172.31.40.0-255,66,18838,62,248070
10487,0.000202,74.125.200.0-255,1484,20322,62,248070
10488,0.000204,172.31.40.0-255,66,20388,62,248070
10489,0.000211,74.125.200.0-255,1484,21872,62,248070
10490,0.000213,172.31.40.0-255,66,21938,62,248070
10491,0.000237,74.125.200.0-255,1484,23422,62,248070
10492,0.00024,172.31.40.0-255,66,23488,62,248070
10493,0.000251,74.125.200.0-255,5738,29226,62,248070
10494,0.000253,172.31.40.0-255,66,29292,62,248070
10495,0.000279,74.125.200.0-255,6797,36089,62,248070
10496,0.000285,172.31.40.0-255,66,36155,62,248070
10497,0.000293,74.125.200.0-255,7156,43311,62,248070
10498,0.000295,172.31.40.0-255,66,43377,62,248070
10499,0.000317,74.125.200.0-255,2902,46279,62,248070
10500,0.000319,172.31.40.0-255,66,46345,62,248070
10501,0.00035,74.125.200.0-255,5738,52083,62,248070
10502,0.000357,172.31.40.0-255,66,52149,62,248070
10503,0.000373,74.125.200.0-255,3602,55751,62,248070
10504,0.000395,74.125.200.0-255,648,56399,62,248070
10505,0.000521,74.125.200.0-255,1484,57883,62,248070
10506,0.000527,74.125.200.0-255,2902,60785,62,248070
10507,0.000543,74.125.200.0-255,2902,63687,62,248070
10508,0.000547,172.31.40.0-255,66,63753,62,248070
10509,0.000556,74.125.200.0-255,2902,66655,62,248070
10510,0.000563,172.31.40.0-255,66,66721,62,248070
10511,0.000579,74.125.200.0-255,7156,73877,62,248070
10512,0.000586,74.125.200.0-255,5738,79615,62,248070
10513,0.000607,74.125.200.0-255,2902,82517,62,248070
10514,0.000623,74.125.200.0-255,1484,84001,62,248070
10515,0.000647,74.125.200.0-255,6438,90439,62,248070
10516,0.000654,172.31.40.0-255,66,90505,62,248070
10517,0.000751,74.125.200.0-255,1484,91989,62,248070
10518,0.00077,74.125.200.0-255,2902,94891,62,248070
10519,0.000774,74.125.200.0-255,1484,96375,62,248070
10520,0.000788,74.125.200.0-255,2902,99277,62,248070
10521,0.000792,74.125.200.0-255,1484,100761,62,248070
10522,0.000799,172.31.40.0-255,66,100827,62,248070
10523,0.000827,74.125.200.0-255,7156,107983,62,248070
10524,0.000901,172.31.40.0-255,66,108049,62,248070
10525,0.001243,74.125.200.0-255,1484,109533,62,248070
10526,0.001257,74.125.200.0-255,2902,112435,62,248070
10527,0.001276,74.125.200.0-255,5738,118173,62,248070
10528,0.001288,172.31.40.0-255,66,118239,62,248070
10529,0.00132,74.125.200.0-255,7156,125395,62,248070
10530,0.001325,74.125.200.0-255,2902,128297,62,248070
10531,0.001339,172.31.40.0-255,66,128363,62,248070
10532,0.001373,74.125.200.0-255,2184,130547,62,248070
10533,0.001389,172.31.40.0-255,66,130613,62,248070
10534,0.001579,172.31.40.0-255,101,130714,62,248070
10535,0.001634,74.125.200.0-255,1484,132198,62,248070
10536,0.001651,74.125.200.0-255,2902,135100,62,248070
10537,0.001662,74.125.200.0-255,2902,138002,62,248070
10538,0.001668,172.31.40.0-255,66,138068,62,248070
10539,0.001678,74.125.200.0-255,2902,140970,62,248070
10540,0.001693,74.125.200.0-255,2902,143872,62,248070
10541,0.001732,172.31.40.0-255,66,143938,62,248070
10542,0.001748,74.125.200.0-255,3602,147540,62,248070
10543,0.001755,172.31.40.0-255,66,147606,62,248070
10544,0.001776,172.31.40.0-255,66,147672,62,248070
10545,0.001875,74.125.200.0-255,1484,149156,62,248070
10546,0.001879,74.125.200.0-255,1484,150640,62,248070
10547,0.001888,172.31.40.0-255,66,150706,62,248070
10548,0.001916,74.125.200.0-255,1484,152190,62,248070
10549,0.001919,74.125.200.0-255,1484,153674,62,248070
10550,0.001923,74.125.200.0-255,2902,156576,62,248070
10551,0.001929,74.125.200.0-255,5738,162314,62,248070
10552,0.001949,74.125.200.0-255,1484,163798,62,248070
10553,0.001953,172.31.40.0-255,66,163864,62,248070
10554,0.001999,172.31.40.0-255,66,163930,62,248070
10555,0.002005,74.125.200.0-255,4320,168250,62,248070
10556,0.002011,172.31.40.0-255,66,168316,62,248070
10557,0.002031,74.125.200.0-255,3602,171918,62,248070
10558,0.002055,172.31.40.0-255,66,171984,62,248070
10559,0.002105,74.125.200.0-255,1484,173468,62,248070
10560,0.00211,74.125.200.0-255,1484,174952,62,248070
10561,0.002113,172.31.40.0-255,66,175018,62,248070
10562,0.002139,74.125.200.0-255,1484,176502,62,248070
10563,0.002146,74.125.200.0-255,5738,182240,62,248070
10564,0.00215,74.125.200.0-255,2902,185142,62,248070
10565,0.002175,74.125.200.0-255,4320,189462,62,248070
10566,0.002181,74.125.200.0-255,4320,193782,62,248070
10567,0.002197,74.125.200.0-255,4320,198102,62,248070
10568,0.002204,74.125.200.0-255,5738,203840,62,248070
10569,0.002247,74.125.200.0-255,2184,206024,62,248070
10570,0.00227,74.125.200.0-255,2902,208926,62,248070
10571,0.0023,74.125.200.0-255,7156,216082,62,248070
10572,0.002305,74.125.200.0-255,2902,218984,62,248070
10573,0.002325,74.125.200.0-255,4320,223304,62,248070
10574,0.002346,74.125.200.0-255,7156,230460,62,248070
10575,0.003886,74.125.200.0-255,66,230526,62,248070
10576,0.010627,172.31.40.0-255,66,230592,62,248070
10577,0.012235,74.125.200.0-255,1484,232076,62,248070
10578,0.012957,74.125.200.0-255,4320,236396,62,248070
10579,0.012966,172.31.40.0-255,66,236462,62,248070
10580,0.015294,74.125.200.0-255,5738,242200,62,248070
10581,0.016725,172.31.40.0-255,66,242266,62,248070
10582,0.019099,74.125.200.0-255,5738,248004,62,248070
10583,0.019111,172.31.40.0-255,66,248070,62,248070
10584,0.0,74.125.130.0-255,150,150,62,114760
10585,2.1e-05,172.31.40.0-255,66,216,62,114760
10586,2.7e-05,74.125.130.0-255,1484,1700,62,114760
10587,3.1e-05,172.31.40.0-255,66,1766,62,114760
10588,6.7e-05,74.125.130.0-255,2902,4668,62,114760
10589,6.9e-05,172.31.40.0-255,66,4734,62,114760
10590,7.5e-05,74.125.130.0-255,4320,9054,62,114760
10591,7.8e-05,172.31.40.0-255,66,9120,62,114760
10592,0.000137,74.125.130.0-255,1484,10604,62,114760
10593,0.00014,172.31.40.0-255,66,10670,62,114760
10594,0.000174,172.31.40.0-255,66,10736,62,114760
10595,0.000294,74.125.130.0-255,5738,16474,62,114760
10596,0.000298,172.31.40.0-255,66,16540,62,114760
10597,0.000327,74.125.130.0-255,4320,20860,62,114760
10598,0.00033,172.31.40.0-255,66,20926,62,114760
10599,0.000461,74.125.130.0-255,2543,23469,62,114760
10600,0.000466,172.31.40.0-255,66,23535,62,114760
10601,0.000491,74.125.130.0-255,1484,25019,62,114760
10602,0.000493,172.31.40.0-255,66,25085,62,114760
10603,0.000527,172.31.40.0-255,66,25151,62,114760
10604,0.000732,74.125.130.0-255,6797,31948,62,114760
10605,0.000736,172.31.40.0-255,66,32014,62,114760
10606,0.000845,74.125.130.0-255,7156,39170,62,114760
10607,0.000848,172.31.40.0-255,66,39236,62,114760
10608,0.000868,74.125.130.0-255,6000,45236,62,114760
10609,0.00087,172.31.40.0-255,66,45302,62,114760
10610,0.001085,172.31.40.0-255,66,45368,62,114760
10611,0.001122,172.31.40.0-255,66,45434,62,114760
10612,0.00143,74.125.130.0-255,5738,51172,62,114760
10613,0.001436,172.31.40.0-255,66,51238,62,114760
10614,0.001465,74.125.130.0-255,6438,57676,62,114760
10615,0.001468,172.31.40.0-255,66,57742,62,114760
10616,0.001618,74.125.130.0-255,5738,63480,62,114760
10617,0.001623,172.31.40.0-255,66,63546,62,114760
10618,0.00169,172.31.40.0-255,66,63612,62,114760
10619,0.002183,172.31.40.0-255,66,63678,62,114760
10620,0.002217,172.31.40.0-255,66,63744,62,114760
10621,0.002254,172.31.40.0-255,66,63810,62,114760
10622,0.002962,74.125.130.0-255,4320,68130,62,114760
10623,0.002965,172.31.40.0-255,66,68196,62,114760
10624,0.003011,172.31.40.0-255,66,68262,62,114760
10625,0.005018,74.125.130.0-255,5738,74000,62,114760
10626,0.005022,172.31.40.0-255,66,74066,62,114760
10627,0.007045,74.125.130.0-255,5738,79804,62,114760
10628,0.007052,172.31.40.0-255,66,79870,62,114760
10629,0.009063,74.125.130.0-255,5738,85608,62,114760
10630,0.009068,172.31.40.0-255,66,85674,62,114760
10631,0.011085,74.125.130.0-255,5738,91412,62,114760
10632,0.011093,172.31.40.0-255,66,91478,62,114760
10633,0.013107,74.125.130.0-255,5738,97216,62,114760
10634,0.013115,172.31.40.0-255,66,97282,62,114760
10635,0.015133,74.125.130.0-255,5738,103020,62,114760
10636,0.015143,172.31.40.0-255,66,103086,62,114760
10637,0.017158,74.125.130.0-255,5738,108824,62,114760
10638,0.017166,172.31.40.0-255,66,108890,62,114760
10639,0.019238,74.125.130.0-255,4320,113210,62,114760
10640,0.019244,172.31.40.0-255,66,113276,62,114760
10641,0.019272,74.125.130.0-255,1484,114760,62,114760
10642,0.0,74.125.68.0-255,146,146,62,192109
10643,2.2e-05,172.31.40.0-255,66,212,62,192109
10644,2.8e-05,74.125.68.0-255,1484,1696,62,192109
10645,3.3e-05,172.31.40.0-255,66,1762,62,192109
10646,5.7e-05,74.125.68.0-255,2902,4664,62,192109
10647,6.6e-05,172.31.40.0-255,66,4730,62,192109
10648,7.1e-05,74.125.68.0-255,4320,9050,62,192109
10649,7.4e-05,172.31.40.0-255,66,9116,62,192109
10650,9.9e-05,74.125.68.0-255,2902,12018,62,192109
10651,0.000101,172.31.40.0-255,66,12084,62,192109
10652,0.000124,74.125.68.0-255,3516,15600,62,192109
10653,0.000126,172.31.40.0-255,66,15666,62,192109
10654,0.000133,74.125.68.0-255,7156,22822,62,192109
10655,0.000135,172.31.40.0-255,66,22888,62,192109
10656,0.000173,172.31.40.0-255,66,22954,62,192109
10657,0.000196,74.125.68.0-255,1484,24438,62,192109
10658,0.000198,172.31.40.0-255,66,24504,62,192109
10659,0.000201,74.125.68.0-255,1484,25988,62,192109
10660,0.000203,172.31.40.0-255,66,26054,62,192109
10661,0.00023,172.31.40.0-255,66,26120,62,192109
10662,0.00025,74.125.68.0-255,4320,30440,62,192109
10663,0.000252,172.31.40.0-255,66,30506,62,192109
10664,0.00029,172.31.40.0-255,66,30572,62,192109
10665,0.000295,74.125.68.0-255,3961,34533,62,192109
10666,0.000298,172.31.40.0-255,66,34599,62,192109
10667,0.0003,74.125.68.0-255,364,34963,62,192109
10668,0.000302,172.31.40.0-255,66,35029,62,192109
10669,0.000433,74.125.68.0-255,379,35408,62,192109
10670,0.000437,172.31.40.0-255,66,35474,62,192109
10671,0.000606,74.125.68.0-255,1484,36958,62,192109
10672,0.000612,74.125.68.0-255,2902,39860,62,192109
10673,0.000615,172.31.40.0-255,66,39926,62,192109
10674,0.000647,74.125.68.0-255,4320,44246,62,192109
10675,0.00065,172.31.40.0-255,66,44312,62,192109
10676,0.000653,74.125.68.0-255,1484,45796,62,192109
10677,0.000696,74.125.68.0-255,7156,52952,62,192109
10678,0.000699,172.31.40.0-255,66,53018,62,192109
10679,0.000705,74.125.68.0-255,7156,60174,62,192109
10680,0.000707,172.31.40.0-255,66,60240,62,192109
10681,0.000721,172.31.40.0-255,66,60306,62,192109
10682,0.000723,74.125.68.0-255,766,61072,62,192109
10683,0.001351,74.125.68.0-255,1484,62556,62,192109
10684,0.001358,172.31.40.0-255,66,62622,62,192109
10685,0.001365,74.125.68.0-255,2902,65524,62,192109
10686,0.001367,172.31.40.0-255,66,65590,62,192109
10687,0.00137,74.125.68.0-255,1484,67074,62,192109
10688,0.00138,74.125.68.0-255,2902,69976,62,192109
10689,0.001382,172.31.40.0-255,66,70042,62,192109
10690,0.001385,74.125.68.0-255,1484,71526,62,192109
10691,0.001409,74.125.68.0-255,4320,75846,62,192109
10692,0.001412,172.31.40.0-255,66,75912,62,192109
10693,0.001415,74.125.68.0-255,1484,77396,62,192109
10694,0.00148,172.31.40.0-255,66,77462,62,192109
10695,0.001514,172.31.40.0-255,66,77528,62,192109
10696,0.001573,74.125.68.0-255,1484,79012,62,192109
10697,0.001576,74.125.68.0-255,1484,80496,62,192109
10698,0.001579,172.31.40.0-255,66,80562,62,192109
10699,0.001602,74.125.68.0-255,1484,82046,62,192109
10700,0.001614,74.125.68.0-255,1484,83530,62,192109
10701,0.001616,172.31.40.0-255,66,83596,62,192109
10702,0.001652,74.125.68.0-255,4320,87916,62,192109
10703,0.001655,172.31.40.0-255,66,87982,62,192109
10704,0.001661,74.125.68.0-255,5738,93720,62,192109
10705,0.001663,172.31.40.0-255,66,93786,62,192109
10706,0.001669,74.125.68.0-255,7156,100942,62,192109
10707,0.001671,172.31.40.0-255,66,101008,62,192109
10708,0.001715,172.31.40.0-255,66,101074,62,192109
10709,0.001847,74.125.68.0-255,1484,102558,62,192109
10710,0.001851,74.125.68.0-255,2902,105460,62,192109
10711,0.001858,172.31.40.0-255,66,105526,62,192109
10712,0.001876,74.125.68.0-255,1484,107010,62,192109
10713,0.00189,74.125.68.0-255,4320,111330,62,192109
10714,0.001896,172.31.40.0-255,66,111396,62,192109
10715,0.001901,74.125.68.0-255,2902,114298,62,192109
10716,0.001903,172.31.40.0-255,66,114364,62,192109
10717,0.001926,74.125.68.0-255,4320,118684,62,192109
10718,0.001928,172.31.40.0-255,66,118750,62,192109
10719,0.001978,172.31.40.0-255,66,118816,62,192109
10720,0.001982,74.125.68.0-255,2184,121000,62,192109
10721,0.001984,172.31.40.0-255,66,121066,62,192109
10722,0.002153,74.125.68.0-255,1484,122550,62,192109
10723,0.002158,74.125.68.0-255,2902,125452,62,192109
10724,0.002161,172.31.40.0-255,66,125518,62,192109
10725,0.002192,74.125.68.0-255,5738,131256,62,192109
10726,0.002194,172.31.40.0-255,66,131322,62,192109
10727,0.002199,74.125.68.0-255,2902,134224,62,192109
10728,0.0022,172.31.40.0-255,66,134290,62,192109
10729,0.002226,74.125.68.0-255,4320,138610,62,192109
10730,0.002228,172.31.40.0-255,66,138676,62,192109
10731,0.002231,74.125.68.0-255,1484,140160,62,192109
10732,0.002261,172.31.40.0-255,66,140226,62,192109
10733,0.002281,74.125.68.0-255,1484,141710,62,192109
10734,0.002312,172.31.40.0-255,66,141776,62,192109
10735,0.002344,74.125.68.0-255,2184,143960,62,192109
10736,0.002346,172.31.40.0-255,66,144026,62,192109
10737,0.002357,74.125.68.0-255,7156,151182,62,192109
10738,0.002363,172.31.40.0-255,66,151248,62,192109
10739,0.002683,172.31.40.0-255,101,151349,62,192109
10740,0.004672,74.125.68.0-255,5738,157087,62,192109
10741,0.004678,172.31.40.0-255,66,157153,62,192109
10742,0.004931,74.125.68.0-255,66,157219,62,192109
10743,0.006999,74.125.68.0-255,5738,162957,62,192109
10744,0.007007,172.31.40.0-255,66,163023,62,192109
10745,0.009299,74.125.68.0-255,5738,168761,62,192109
10746,0.009305,172.31.40.0-255,66,168827,62,192109
10747,0.011643,74.125.68.0-255,5738,174565,62,192109
10748,0.011652,172.31.40.0-255,66,174631,62,192109
10749,0.013987,74.125.68.0-255,5738,180369,62,192109
10750,0.014003,172.31.40.0-255,66,180435,62,192109
10751,0.016311,74.125.68.0-255,5738,186173,62,192109
10752,0.016325,172.31.40.0-255,66,186239,62,192109
10753,0.018635,74.125.68.0-255,4320,190559,62,192109
10754,0.018642,172.31.40.0-255,66,190625,62,192109
10755,0.018674,74.125.68.0-255,1484,192109,62,192109
10756,0.0,74.125.68.0-255,153,153,62,270425
10757,2.3e-05,172.31.40.0-255,66,219,62,270425
10758,3.2e-05,74.125.68.0-255,1484,1703,62,270425
10759,3.7e-05,172.31.40.0-255,66,1769,62,270425
10760,4.3e-05,74.125.68.0-255,2902,4671,62,270425
10761,4.6e-05,172.31.40.0-255,66,4737,62,270425
10762,7.4e-05,74.125.68.0-255,7156,11893,62,270425
10763,7.7e-05,172.31.40.0-255,66,11959,62,270425
10764,8.2e-05,74.125.68.0-255,2101,14060,62,270425
10765,8.4e-05,172.31.40.0-255,66,14126,62,270425
10766,0.000115,74.125.68.0-255,2902,17028,62,270425
10767,0.000118,172.31.40.0-255,66,17094,62,270425
10768,0.000125,74.125.68.0-255,7156,24250,62,270425
10769,0.000127,172.31.40.0-255,66,24316,62,270425
10770,0.000134,74.125.68.0-255,5738,30054,62,270425
10771,0.000136,172.31.40.0-255,66,30120,62,270425
10772,0.000172,74.125.68.0-255,1125,31245,62,270425
10773,0.000174,172.31.40.0-255,66,31311,62,270425
10774,0.000236,74.125.68.0-255,1484,32795,62,270425
10775,0.000239,172.31.40.0-255,66,32861,62,270425
10776,0.000259,74.125.68.0-255,1484,34345,62,270425
10777,0.000261,172.31.40.0-255,66,34411,62,270425
10778,0.000279,74.125.68.0-255,1484,35895,62,270425
10779,0.000282,172.31.40.0-255,66,35961,62,270425
10780,0.000286,74.125.68.0-255,2902,38863,62,270425
10781,0.000289,172.31.40.0-255,66,38929,62,270425
10782,0.000295,74.125.68.0-255,4320,43249,62,270425
10783,0.000297,172.31.40.0-255,66,43315,62,270425
10784,0.000318,74.125.68.0-255,1484,44799,62,270425
10785,0.00032,172.31.40.0-255,66,44865,62,270425
10786,0.00035,172.31.40.0-255,66,44931,62,270425
10787,0.000357,74.125.68.0-255,5738,50669,62,270425
10788,0.000359,172.31.40.0-255,66,50735,62,270425
10789,0.000373,74.125.68.0-255,4320,55055,62,270425
10790,0.000375,172.31.40.0-255,66,55121,62,270425
10791,0.00038,74.125.68.0-255,2820,57941,62,270425
10792,0.000382,172.31.40.0-255,66,58007,62,270425
10793,0.000385,74.125.68.0-255,128,58135,62,270425
10794,0.000469,74.125.68.0-255,1484,59619,62,270425
10795,0.000473,172.31.40.0-255,66,59685,62,270425
10796,0.000485,74.125.68.0-255,1484,61169,62,270425
10797,0.000503,74.125.68.0-255,2902,64071,62,270425
10798,0.000506,172.31.40.0-255,66,64137,62,270425
10799,0.000529,74.125.68.0-255,5738,69875,62,270425
10800,0.000532,172.31.40.0-255,66,69941,62,270425
10801,0.000535,74.125.68.0-255,1484,71425,62,270425
10802,0.000552,74.125.68.0-255,2902,74327,62,270425
10803,0.000555,172.31.40.0-255,66,74393,62,270425
10804,0.000573,74.125.68.0-255,2902,77295,62,270425
10805,0.000575,172.31.40.0-255,66,77361,62,270425
10806,0.0006,74.125.68.0-255,3961,81322,62,270425
10807,0.000603,172.31.40.0-255,66,81388,62,270425
10808,0.000607,74.125.68.0-255,2902,84290,62,270425
10809,0.000609,172.31.40.0-255,66,84356,62,270425
10810,0.000615,74.125.68.0-255,4320,88676,62,270425
10811,0.000618,172.31.40.0-255,66,88742,62,270425
10812,0.000643,74.125.68.0-255,3961,92703,62,270425
10813,0.000646,172.31.40.0-255,66,92769,62,270425
10814,0.000658,74.125.68.0-255,347,93116,62,270425
10815,0.000837,74.125.68.0-255,1484,94600,62,270425
10816,0.000842,172.31.40.0-255,66,94666,62,270425
10817,0.000847,74.125.68.0-255,2902,97568,62,270425
10818,0.00085,172.31.40.0-255,66,97634,62,270425
10819,0.000881,74.125.68.0-255,5738,103372,62,270425
10820,0.000884,172.31.40.0-255,66,103438,62,270425
10821,0.000887,74.125.68.0-255,1484,104922,62,270425
10822,0.000913,172.31.40.0-255,66,104988,62,270425
10823,0.000932,74.125.68.0-255,2902,107890,62,270425
10824,0.000935,172.31.40.0-255,66,107956,62,270425
10825,0.000975,172.31.40.0-255,66,108022,62,270425
10826,0.000986,172.31.40.0-255,66,108088,62,270425
10827,0.001001,74.125.68.0-255,4320,112408,62,270425
10828,0.001004,172.31.40.0-255,66,112474,62,270425
10829,0.001008,74.125.68.0-255,2902,115376,62,270425
10830,0.00101,172.31.40.0-255,66,115442,62,270425
10831,0.001048,74.125.68.0-255,7156,122598,62,270425
10832,0.001051,172.31.40.0-255,66,122664,62,270425
10833,0.001063,172.31.40.0-255,66,122730,62,270425
10834,0.001169,74.125.68.0-255,1484,124214,62,270425
10835,0.001175,74.125.68.0-255,2902,127116,62,270425
10836,0.001178,172.31.40.0-255,66,127182,62,270425
10837,0.001199,74.125.68.0-255,4320,131502,62,270425
10838,0.001201,172.31.40.0-255,66,131568,62,270425
10839,0.001217,74.125.68.0-255,1484,133052,62,270425
10840,0.001222,74.125.68.0-255,2902,135954,62,270425
10841,0.001225,172.31.40.0-255,66,136020,62,270425
10842,0.00123,74.125.68.0-255,4320,140340,62,270425
10843,0.001232,172.31.40.0-255,66,140406,62,270425
10844,0.001293,172.31.40.0-255,66,140472,62,270425
10845,0.001298,74.125.68.0-255,4320,144792,62,270425
10846,0.0013,172.31.40.0-255,66,144858,62,270425
10847,0.001303,74.125.68.0-255,1484,146342,62,270425
10848,0.001327,74.125.68.0-255,2184,148526,62,270425
10849,0.00133,172.31.40.0-255,66,148592,62,270425
10850,0.00142,74.125.68.0-255,1484,150076,62,270425
10851,0.001442,74.125.68.0-255,2902,152978,62,270425
10852,0.001445,74.125.68.0-255,1484,154462,62,270425
10853,0.001449,172.31.40.0-255,66,154528,62,270425
10854,0.00146,74.125.68.0-255,4320,158848,62,270425
10855,0.001462,172.31.40.0-255,66,158914,62,270425
10856,0.001466,74.125.68.0-255,2902,161816,62,270425
10857,0.001468,172.31.40.0-255,66,161882,62,270425
10858,0.001489,74.125.68.0-255,2902,164784,62,270425
10859,0.001491,172.31.40.0-255,66,164850,62,270425
10860,0.001516,74.125.68.0-255,7156,172006,62,270425
10861,0.001519,172.31.40.0-255,66,172072,62,270425
10862,0.001526,74.125.68.0-255,5738,177810,62,270425
10863,0.001528,172.31.40.0-255,66,177876,62,270425
10864,0.001555,74.125.68.0-255,4320,182196,62,270425
10865,0.001558,172.31.40.0-255,66,182262,62,270425
10866,0.00156,74.125.68.0-255,766,183028,62,270425
10867,0.00162,74.125.68.0-255,1484,184512,62,270425
10868,0.001623,172.31.40.0-255,66,184578,62,270425
10869,0.001637,74.125.68.0-255,2902,187480,62,270425
10870,0.00164,172.31.40.0-255,66,187546,62,270425
10871,0.001664,74.125.68.0-255,5738,193284,62,270425
10872,0.001667,172.31.40.0-255,66,193350,62,270425
10873,0.001672,74.125.68.0-255,2902,196252,62,270425
10874,0.001679,172.31.40.0-255,66,196318,62,270425
10875,0.001697,74.125.68.0-255,4320,200638,62,270425
10876,0.0017,172.31.40.0-255,66,200704,62,270425
10877,0.00173,74.125.68.0-255,5738,206442,62,270425
10878,0.001743,172.31.40.0-255,66,206508,62,270425
10879,0.001755,172.31.40.0-255,66,206574,62,270425
10880,0.001762,74.125.68.0-255,5738,212312,62,270425
10881,0.001764,172.31.40.0-255,66,212378,62,270425
10882,0.001795,74.125.68.0-255,5020,217398,62,270425
10883,0.001798,172.31.40.0-255,66,217464,62,270425
10884,0.001803,74.125.68.0-255,4320,221784,62,270425
10885,0.001805,172.31.40.0-255,66,221850,62,270425
10886,0.001842,172.31.40.0-255,66,221916,62,270425
10887,0.001862,172.31.40.0-255,66,221982,62,270425
10888,0.001865,74.125.68.0-255,2184,224166,62,270425
10889,0.001868,172.31.40.0-255,66,224232,62,270425
10890,0.001902,74.125.68.0-255,2902,227134,62,270425
10891,0.001906,172.31.40.0-255,66,227200,62,270425
10892,0.001934,172.31.40.0-255,66,227266,62,270425
10893,0.00194,74.125.68.0-255,4320,231586,62,270425
10894,0.001942,172.31.40.0-255,66,231652,62,270425
10895,0.001979,172.31.40.0-255,66,231718,62,270425
10896,0.001984,74.125.68.0-255,4320,236038,62,270425
10897,0.001987,172.31.40.0-255,66,236104,62,270425
10898,0.001993,74.125.68.0-255,5020,241124,62,270425
10899,0.001995,172.31.40.0-255,66,241190,62,270425
10900,0.002001,74.125.68.0-255,4320,245510,62,270425
10901,0.002003,172.31.40.0-255,66,245576,62,270425
10902,0.002016,74.125.68.0-255,1484,247060,62,270425
10903,0.002032,74.125.68.0-255,1484,248544,62,270425
10904,0.002035,172.31.40.0-255,66,248610,62,270425
10905,0.002066,172.31.40.0-255,66,248676,62,270425
10906,0.002098,172.31.40.0-255,66,248742,62,270425
10907,0.002103,74.125.68.0-255,3602,252344,62,270425
10908,0.002106,172.31.40.0-255,66,252410,62,270425
10909,0.002143,74.125.68.0-255,1484,253894,62,270425
10910,0.00217,74.125.68.0-255,2902,256796,62,270425
10911,0.002173,172.31.40.0-255,66,256862,62,270425
10912,0.002185,172.31.40.0-255,66,256928,62,270425
10913,0.002197,172.31.40.0-255,66,256994,62,270425
10914,0.002201,74.125.68.0-255,4320,261314,62,270425
10915,0.002204,172.31.40.0-255,66,261380,62,270425
10916,0.00222,74.125.68.0-255,3602,264982,62,270425
10917,0.002223,172.31.40.0-255,66,265048,62,270425
10918,0.002259,74.125.68.0-255,4969,270017,62,270425
10919,0.002262,172.31.40.0-255,66,270083,62,270425
10920,0.002309,74.125.68.0-255,105,270188,62,270425
10921,0.009263,172.31.40.0-255,66,270254,62,270425
10922,0.009301,172.31.40.0-255,105,270359,62,270425
10923,0.011682,74.125.68.0-255,66,270425,62,270425
10924,0.0,142.250.4.0-255,152,152,62,254134
10925,2e-05,172.31.40.0-255,66,218,62,254134
10926,2.6e-05,142.250.4.0-255,1484,1702,62,254134
10927,3.1e-05,172.31.40.0-255,66,1768,62,254134
10928,3.6e-05,142.250.4.0-255,2902,4670,62,254134
10929,3.8e-05,172.31.40.0-255,66,4736,62,254134
10930,4.9e-05,142.250.4.0-255,2902,7638,62,254134
10931,5.2e-05,172.31.40.0-255,66,7704,62,254134
10932,5.7e-05,142.250.4.0-255,4320,12024,62,254134
10933,6e-05,172.31.40.0-255,66,12090,62,254134
10934,6.6e-05,142.250.4.0-255,7156,19246,62,254134
10935,6.8e-05,172.31.40.0-255,66,19312,62,254134
10936,0.000106,142.250.4.0-255,2055,21367,62,254134
10937,0.000109,172.31.40.0-255,66,21433,62,254134
10938,0.00012,172.31.40.0-255,66,21499,62,254134
10939,0.000148,142.250.4.0-255,1484,22983,62,254134
10940,0.00015,172.31.40.0-255,66,23049,62,254134
10941,0.000164,142.250.4.0-255,2902,25951,62,254134
10942,0.000169,172.31.40.0-255,66,26017,62,254134
10943,0.000192,142.250.4.0-255,4320,30337,62,254134
10944,0.000194,172.31.40.0-255,66,30403,62,254134
10945,0.000207,142.250.4.0-255,2902,33305,62,254134
10946,0.000209,172.31.40.0-255,66,33371,62,254134
10947,0.000228,142.250.4.0-255,2902,36273,62,254134
10948,0.00023,172.31.40.0-255,66,36339,62,254134
10949,0.000234,142.250.4.0-255,2543,38882,62,254134
10950,0.000236,172.31.40.0-255,66,38948,62,254134
10951,0.000516,142.250.4.0-255,1484,40432,62,254134
10952,0.000521,172.31.40.0-255,66,40498,62,254134
10953,0.000527,142.250.4.0-255,2902,43400,62,254134
10954,0.000529,172.31.40.0-255,66,43466,62,254134
10955,0.000534,142.250.4.0-255,4320,47786,62,254134
10956,0.000567,172.31.40.0-255,66,47852,62,254134
10957,0.000594,142.250.4.0-255,4320,52172,62,254134
10958,0.000599,172.31.40.0-255,66,52238,62,254134
10959,0.000622,142.250.4.0-255,3961,56199,62,254134
10960,0.000632,172.31.40.0-255,66,56265,62,254134
10961,0.000658,142.250.4.0-255,1484,57749,62,254134
10962,0.000662,142.250.4.0-255,2902,60651,62,254134
10963,0.000668,142.250.4.0-255,5738,66389,62,254134
10964,0.000674,172.31.40.0-255,66,66455,62,254134
10965,0.000691,172.31.40.0-255,66,66521,62,254134
10966,0.000738,142.250.4.0-255,1484,68005,62,254134
10967,0.000755,142.250.4.0-255,5959,73964,62,254134
10968,0.000761,172.31.40.0-255,66,74030,62,254134
10969,0.00095,142.250.4.0-255,1484,75514,62,254134
10970,0.000954,142.250.4.0-255,1484,76998,62,254134
10971,0.000957,172.31.40.0-255,66,77064,62,254134
10972,0.000976,142.250.4.0-255,1484,78548,62,254134
10973,0.000982,142.250.4.0-255,5738,84286,62,254134
10974,0.001005,172.31.40.0-255,66,84352,62,254134
10975,0.00105,142.250.4.0-255,7156,91508,62,254134
10976,0.00106,172.31.40.0-255,66,91574,62,254134
10977,0.001097,142.250.4.0-255,7156,98730,62,254134
10978,0.001106,172.31.40.0-255,66,98796,62,254134
10979,0.001116,142.250.4.0-255,4320,103116,62,254134
10980,0.001123,142.250.4.0-255,7156,110272,62,254134
10981,0.001129,172.31.40.0-255,66,110338,62,254134
10982,0.001144,142.250.4.0-255,5738,116076,62,254134
10983,0.001187,142.250.4.0-255,1484,117560,62,254134
10984,0.00122,172.31.40.0-255,66,117626,62,254134
10985,0.00129,142.250.4.0-255,1484,119110,62,254134
10986,0.00131,142.250.4.0-255,2902,122012,62,254134
10987,0.001314,142.250.4.0-255,1484,123496,62,254134
10988,0.00133,142.250.4.0-255,4320,127816,62,254134
10989,0.001333,142.250.4.0-255,1484,129300,62,254134
10990,0.001349,142.250.4.0-255,5738,135038,62,254134
10991,0.001356,172.31.40.0-255,66,135104,62,254134
10992,0.001372,142.250.4.0-255,7156,142260,62,254134
10993,0.001401,142.250.4.0-255,7156,149416,62,254134
10994,0.001405,142.250.4.0-255,2184,151600,62,254134
10995,0.001419,172.31.40.0-255,66,151666,62,254134
10996,0.001591,142.250.4.0-255,1484,153150,62,254134
10997,0.001596,142.250.4.0-255,1484,154634,62,254134
10998,0.001608,172.31.40.0-255,66,154700,62,254134
10999,0.001618,142.250.4.0-255,1484,156184,62,254134
11000,0.001632,142.250.4.0-255,5738,161922,62,254134
11001,0.001637,142.250.4.0-255,4320,166242,62,254134
11002,0.001656,142.250.4.0-255,5738,171980,62,254134
11003,0.001674,142.250.4.0-255,1484,173464,62,254134
11004,0.001677,172.31.40.0-255,66,173530,62,254134
11005,0.001718,172.31.40.0-255,66,173596,62,254134
11006,0.001892,142.250.4.0-255,1484,175080,62,254134
11007,0.001906,142.250.4.0-255,2902,177982,62,254134
11008,0.001909,172.31.40.0-255,66,178048,62,254134
11009,0.001913,142.250.4.0-255,1484,179532,62,254134
11010,0.001934,142.250.4.0-255,4320,183852,62,254134
11011,0.00194,142.250.4.0-255,5738,189590,62,254134
11012,0.001945,172.31.40.0-255,66,189656,62,254134
11013,0.001976,142.250.4.0-255,5738,195394,62,254134
11014,0.00199,172.31.40.0-255,66,195460,62,254134
11015,0.001997,142.250.4.0-255,7156,202616,62,254134
11016,0.002007,142.250.4.0-255,5020,207636,62,254134
11017,0.002012,172.31.40.0-255,66,207702,62,254134
11018,0.004139,142.250.4.0-255,5738,213440,62,254134
11019,0.004146,172.31.40.0-255,66,213506,62,254134
11020,0.006273,142.250.4.0-255,5738,219244,62,254134
11021,0.00628,172.31.40.0-255,66,219310,62,254134
11022,0.008402,142.250.4.0-255,5738,225048,62,254134
11023,0.008406,172.31.40.0-255,66,225114,62,254134
11024,0.010572,142.250.4.0-255,5738,230852,62,254134
11025,0.010579,172.31.40.0-255,66,230918,62,254134
11026,0.012712,142.250.4.0-255,5738,236656,62,254134
11027,0.01272,172.31.40.0-255,66,236722,62,254134
11028,0.014851,142.250.4.0-255,5738,242460,62,254134
11029,0.014859,172.31.40.0-255,66,242526,62,254134
11030,0.016993,142.250.4.0-255,5738,248264,62,254134
11031,0.017,172.31.40.0-255,66,248330,62,254134
11032,0.019135,142.250.4.0-255,5738,254068,62,254134
11033,0.019142,172.31.40.0-255,66,254134,62,254134
11034,0.0,74.125.130.0-255,153,153,62,165695
11035,2.2e-05,172.31.40.0-255,66,219,62,165695
11036,2.9e-05,74.125.130.0-255,1484,1703,62,165695
11037,3.5e-05,172.31.40.0-255,66,1769,62,165695
11038,4e-05,74.125.130.0-255,2902,4671,62,165695
11039,4.4e-05,172.31.40.0-255,66,4737,62,165695
11040,4.9e-05,74.125.130.0-255,4320,9057,62,165695
11041,5.2e-05,172.31.40.0-255,66,9123,62,165695
11042,5.6e-05,74.125.130.0-255,1484,10607,62,165695
11043,5.8e-05,172.31.40.0-255,66,10673,62,165695
11044,8.6e-05,74.125.130.0-255,3521,14194,62,165695
11045,9e-05,172.31.40.0-255,66,14260,62,165695
11046,0.000183,74.125.130.0-255,1484,15744,62,165695
11047,0.000186,172.31.40.0-255,66,15810,62,165695
11048,0.000206,74.125.130.0-255,1484,17294,62,165695
11049,0.000208,172.31.40.0-255,66,17360,62,165695
11050,0.000229,74.125.130.0-255,1484,18844,62,165695
11051,0.000231,172.31.40.0-255,66,18910,62,165695
11052,0.000239,74.125.130.0-255,5738,24648,62,165695
11053,0.000242,172.31.40.0-255,66,24714,62,165695
11054,0.000273,74.125.130.0-255,6797,31511,62,165695
11055,0.000276,172.31.40.0-255,66,31577,62,165695
11056,0.000302,74.125.130.0-255,1484,33061,62,165695
11057,0.000304,172.31.40.0-255,66,33127,62,165695
11058,0.000328,74.125.130.0-255,5738,38865,62,165695
11059,0.00033,172.31.40.0-255,66,38931,62,165695
11060,0.000338,74.125.130.0-255,7156,46087,62,165695
11061,0.000341,172.31.40.0-255,66,46153,62,165695
11062,0.000353,74.125.130.0-255,1484,47637,62,165695
11063,0.000356,172.31.40.0-255,66,47703,62,165695
11064,0.000359,74.125.130.0-255,1125,48828,62,165695
11065,0.000361,172.31.40.0-255,66,48894,62,165695
11066,0.000407,74.125.130.0-255,1484,50378,62,165695
11067,0.000413,74.125.130.0-255,2902,53280,62,165695
11068,0.000417,172.31.40.0-255,66,53346,62,165695
11069,0.00042,74.125.130.0-255,1484,54830,62,165695
11070,0.000441,74.125.130.0-255,4320,59150,62,165695
11071,0.000444,172.31.40.0-255,66,59216,62,165695
11072,0.000448,74.125.130.0-255,2902,62118,62,165695
11073,0.000451,172.31.40.0-255,66,62184,62,165695
11074,0.000465,74.125.130.0-255,3961,66145,62,165695
11075,0.000468,172.31.40.0-255,66,66211,62,165695
11076,0.000653,74.125.130.0-255,363,66574,62,165695
11077,0.000899,74.125.130.0-255,379,66953,62,165695
11078,0.000947,74.125.130.0-255,1484,68437,62,165695
11079,0.000951,172.31.40.0-255,66,68503,62,165695
11080,0.000974,74.125.130.0-255,2902,71405,62,165695
11081,0.000977,172.31.40.0-255,66,71471,62,165695
11082,0.000993,74.125.130.0-255,5738,77209,62,165695
11083,0.000996,172.31.40.0-255,66,77275,62,165695
11084,0.001019,74.125.130.0-255,2902,80177,62,165695
11085,0.001022,172.31.40.0-255,66,80243,62,165695
11086,0.001036,74.125.130.0-255,4320,84563,62,165695
11087,0.001038,172.31.40.0-255,66,84629,62,165695
11088,0.001065,74.125.130.0-255,7156,91785,62,165695
11089,0.001068,172.31.40.0-255,66,91851,62,165695
11090,0.001084,74.125.130.0-255,1484,93335,62,165695
11091,0.001121,74.125.130.0-255,4320,97655,62,165695
11092,0.001125,172.31.40.0-255,66,97721,62,165695
11093,0.001147,74.125.130.0-255,3602,101323,62,165695
11094,0.00115,172.31.40.0-255,66,101389,62,165695
11095,0.001468,74.125.130.0-255,1484,102873,62,165695
11096,0.001473,74.125.130.0-255,1484,104357,62,165695
11097,0.001476,172.31.40.0-255,66,104423,62,165695
11098,0.001515,74.125.130.0-255,1484,105907,62,165695
11099,0.001523,74.125.130.0-255,5738,111645,62,165695
11100,0.001526,172.31.40.0-255,66,111711,62,165695
11101,0.001531,74.125.130.0-255,2902,114613,62,165695
11102,0.001533,172.31.40.0-255,66,114679,62,165695
11103,0.001537,74.125.130.0-255,2902,117581,62,165695
11104,0.001539,172.31.40.0-255,66,117647,62,165695
11105,0.001561,74.125.130.0-255,1484,119131,62,165695
11106,0.001573,172.31.40.0-255,66,119197,62,165695
11107,0.001637,172.31.40.0-255,66,119263,62,165695
11108,0.003697,74.125.130.0-255,5738,125001,62,165695
11109,0.003704,172.31.40.0-255,66,125067,62,165695
11110,0.005756,74.125.130.0-255,5738,130805,62,165695
11111,0.00576,172.31.40.0-255,66,130871,62,165695
11112,0.007825,74.125.130.0-255,5738,136609,62,165695
11113,0.007833,172.31.40.0-255,66,136675,62,165695
11114,0.009912,74.125.130.0-255,5738,142413,62,165695
11115,0.009922,172.31.40.0-255,66,142479,62,165695
11116,0.011996,74.125.130.0-255,5738,148217,62,165695
11117,0.012006,172.31.40.0-255,66,148283,62,165695
11118,0.014064,74.125.130.0-255,5738,154021,62,165695
11119,0.014074,172.31.40.0-255,66,154087,62,165695
11120,0.016137,74.125.130.0-255,5738,159825,62,165695
11121,0.016146,172.31.40.0-255,66,159891,62,165695
11122,0.018203,74.125.130.0-255,5738,165629,62,165695
11123,0.018212,172.31.40.0-255,66,165695,62,165695
11124,0.0,74.125.68.0-255,153,153,62,224575
11125,2.3e-05,172.31.40.0-255,66,219,62,224575
11126,3e-05,74.125.68.0-255,1484,1703,62,224575
11127,3.5e-05,172.31.40.0-255,66,1769,62,224575
11128,4.1e-05,74.125.68.0-255,2902,4671,62,224575
11129,5.3e-05,172.31.40.0-255,66,4737,62,224575
11130,5.8e-05,74.125.68.0-255,2902,7639,62,224575
11131,6.2e-05,172.31.40.0-255,66,7705,62,224575
11132,8.9e-05,74.125.68.0-255,2902,10607,62,224575
11133,9.3e-05,172.31.40.0-255,66,10673,62,224575
11134,9.9e-05,74.125.68.0-255,3522,14195,62,224575
11135,0.000101,172.31.40.0-255,66,14261,62,224575
11136,0.000106,74.125.68.0-255,4320,18581,62,224575
11137,0.000109,172.31.40.0-255,66,18647,62,224575
11138,0.000136,74.125.68.0-255,4320,22967,62,224575
11139,0.000138,172.31.40.0-255,66,23033,62,224575
11140,0.000161,74.125.68.0-255,5738,28771,62,224575
11141,0.000164,172.31.40.0-255,66,28837,62,224575
11142,0.000167,74.125.68.0-255,1484,30321,62,224575
11143,0.000169,172.31.40.0-255,66,30387,62,224575
11144,0.000172,74.125.68.0-255,1125,31512,62,224575
11145,0.000175,172.31.40.0-255,66,31578,62,224575
11146,0.000252,74.125.68.0-255,1484,33062,62,224575
11147,0.000255,172.31.40.0-255,66,33128,62,224575
11148,0.000273,74.125.68.0-255,2902,36030,62,224575
11149,0.000276,172.31.40.0-255,66,36096,62,224575
11150,0.000303,74.125.68.0-255,5738,41834,62,224575
11151,0.000306,172.31.40.0-255,66,41900,62,224575
11152,0.000339,74.125.68.0-255,2902,44802,62,224575
11153,0.000342,172.31.40.0-255,66,44868,62,224575
11154,0.000368,74.125.68.0-255,3961,48829,62,224575
11155,0.000371,172.31.40.0-255,66,48895,62,224575
11156,0.000377,74.125.68.0-255,5738,54633,62,224575
11157,0.000379,172.31.40.0-255,66,54699,62,224575
11158,0.000404,74.125.68.0-255,5738,60437,62,224575
11159,0.000407,172.31.40.0-255,66,60503,62,224575
11160,0.000425,74.125.68.0-255,1484,61987,62,224575
11161,0.000432,74.125.68.0-255,4232,66219,62,224575
11162,0.000434,172.31.40.0-255,66,66285,62,224575
11163,0.00058,74.125.68.0-255,132,66417,62,224575
11164,0.000799,74.125.68.0-255,1484,67901,62,224575
11165,0.000804,172.31.40.0-255,66,67967,62,224575
11166,0.000853,74.125.68.0-255,2902,70869,62,224575
11167,0.000856,172.31.40.0-255,66,70935,62,224575
11168,0.000881,74.125.68.0-255,2902,73837,62,224575
11169,0.000883,172.31.40.0-255,66,73903,62,224575
11170,0.000909,74.125.68.0-255,2902,76805,62,224575
11171,0.000912,172.31.40.0-255,66,76871,62,224575
11172,0.000915,74.125.68.0-255,1484,78355,62,224575
11173,0.000936,74.125.68.0-255,1484,79839,62,224575
11174,0.000938,172.31.40.0-255,66,79905,62,224575
11175,0.000943,74.125.68.0-255,3961,83866,62,224575
11176,0.000945,172.31.40.0-255,66,83932,62,224575
11177,0.001004,74.125.68.0-255,5738,89670,62,224575
11178,0.001008,172.31.40.0-255,66,89736,62,224575
11179,0.001036,74.125.68.0-255,2902,92638,62,224575
11180,0.001038,172.31.40.0-255,66,92704,62,224575
11181,0.001044,74.125.68.0-255,4320,97024,62,224575
11182,0.001047,172.31.40.0-255,66,97090,62,224575
11183,0.0011,74.125.68.0-255,3961,101051,62,224575
11184,0.001103,172.31.40.0-255,66,101117,62,224575
11185,0.001258,74.125.68.0-255,1484,102601,62,224575
11186,0.001264,74.125.68.0-255,2902,105503,62,224575
11187,0.001267,172.31.40.0-255,66,105569,62,224575
11188,0.001271,74.125.68.0-255,1484,107053,62,224575
11189,0.001296,74.125.68.0-255,2902,109955,62,224575
11190,0.001299,172.31.40.0-255,66,110021,62,224575
11191,0.001321,74.125.68.0-255,5738,115759,62,224575
11192,0.001324,172.31.40.0-255,66,115825,62,224575
11193,0.001336,172.31.40.0-255,66,115891,62,224575
11194,0.001341,74.125.68.0-255,4320,120211,62,224575
11195,0.001344,172.31.40.0-255,66,120277,62,224575
11196,0.001373,74.125.68.0-255,5020,125297,62,224575
11197,0.001376,172.31.40.0-255,66,125363,62,224575
11198,0.001379,74.125.68.0-255,1484,126847,62,224575
11199,0.001421,74.125.68.0-255,1484,128331,62,224575
11200,0.001424,172.31.40.0-255,66,128397,62,224575
11201,0.001458,74.125.68.0-255,1484,129881,62,224575
11202,0.00147,74.125.68.0-255,1484,131365,62,224575
11203,0.001473,172.31.40.0-255,66,131431,62,224575
11204,0.001512,74.125.68.0-255,2902,134333,62,224575
11205,0.001516,172.31.40.0-255,66,134399,62,224575
11206,0.001528,74.125.68.0-255,1484,135883,62,224575
11207,0.00154,74.125.68.0-255,5738,141621,62,224575
11208,0.001542,172.31.40.0-255,66,141687,62,224575
11209,0.001577,74.125.68.0-255,4320,146007,62,224575
11210,0.00158,172.31.40.0-255,66,146073,62,224575
11211,0.001598,74.125.68.0-255,2902,148975,62,224575
11212,0.0016,172.31.40.0-255,66,149041,62,224575
11213,0.001632,74.125.68.0-255,4320,153361,62,224575
11214,0.001636,172.31.40.0-255,66,153427,62,224575
11215,0.001641,74.125.68.0-255,4320,157747,62,224575
11216,0.001643,172.31.40.0-255,66,157813,62,224575
11217,0.001647,74.125.68.0-255,2184,159997,62,224575
11218,0.001655,172.31.40.0-255,66,160063,62,224575
11219,0.001685,74.125.68.0-255,2902,162965,62,224575
11220,0.001689,172.31.40.0-255,66,163031,62,224575
11221,0.001695,74.125.68.0-255,4320,167351,62,224575
11222,0.001697,172.31.40.0-255,66,167417,62,224575
11223,0.00173,172.31.40.0-255,66,167483,62,224575
11224,0.001754,74.125.68.0-255,4320,171803,62,224575
11225,0.001756,172.31.40.0-255,66,171869,62,224575
11226,0.001778,74.125.68.0-255,2902,174771,62,224575
11227,0.001781,172.31.40.0-255,66,174837,62,224575
11228,0.001791,172.31.40.0-255,66,174903,62,224575
11229,0.001795,74.125.68.0-255,2184,177087,62,224575
11230,0.001797,172.31.40.0-255,66,177153,62,224575
11231,0.003915,74.125.68.0-255,2902,180055,62,224575
11232,0.003922,172.31.40.0-255,66,180121,62,224575
11233,0.00395,74.125.68.0-255,2902,183023,62,224575
11234,0.003953,172.31.40.0-255,66,183089,62,224575
11235,0.006031,74.125.68.0-255,2902,185991,62,224575
11236,0.006035,172.31.40.0-255,66,186057,62,224575
11237,0.006061,74.125.68.0-255,2902,188959,62,224575
11238,0.006064,172.31.40.0-255,66,189025,62,224575
11239,0.008158,74.125.68.0-255,2902,191927,62,224575
11240,0.008164,172.31.40.0-255,66,191993,62,224575
11241,0.008188,74.125.68.0-255,2902,194895,62,224575
11242,0.00819,172.31.40.0-255,66,194961,62,224575
11243,0.010287,74.125.68.0-255,2902,197863,62,224575
11244,0.010293,172.31.40.0-255,66,197929,62,224575
11245,0.010323,74.125.68.0-255,2902,200831,62,224575
11246,0.010326,172.31.40.0-255,66,200897,62,224575
11247,0.012397,74.125.68.0-255,2902,203799,62,224575
11248,0.012406,172.31.40.0-255,66,203865,62,224575
11249,0.012433,74.125.68.0-255,2902,206767,62,224575
11250,0.012436,172.31.40.0-255,66,206833,62,224575
11251,0.014553,74.125.68.0-255,2902,209735,62,224575
11252,0.01456,172.31.40.0-255,66,209801,62,224575
11253,0.014591,74.125.68.0-255,2902,212703,62,224575
11254,0.014594,172.31.40.0-255,66,212769,62,224575
11255,0.016674,74.125.68.0-255,2902,215671,62,224575
11256,0.016681,172.31.40.0-255,66,215737,62,224575
11257,0.016704,74.125.68.0-255,2902,218639,62,224575
11258,0.016707,172.31.40.0-255,66,218705,62,224575
11259,0.018823,74.125.68.0-255,4320,223025,62,224575
11260,0.018832,172.31.40.0-255,66,223091,62,224575
11261,0.018861,74.125.68.0-255,1484,224575,62,224575
11262,0.0,172.217.194.0-255,291,291,62,152118
11263,1.9e-05,172.31.40.0-255,66,357,62,152118
11264,2.5e-05,172.217.194.0-255,1484,1841,62,152118
11265,3e-05,172.31.40.0-255,66,1907,62,152118
11266,3.8e-05,172.217.194.0-255,4320,6227,62,152118
11267,4.1e-05,172.31.40.0-255,66,6293,62,152118
11268,8e-05,172.31.40.0-255,66,6359,62,152118
11269,0.000137,172.217.194.0-255,1484,7843,62,152118
11270,0.00014,172.31.40.0-255,66,7909,62,152118
11271,0.000162,172.217.194.0-255,2902,10811,62,152118
11272,0.000164,172.31.40.0-255,66,10877,62,152118
11273,0.000171,172.217.194.0-255,5738,16615,62,152118
11274,0.000173,172.31.40.0-255,66,16681,62,152118
11275,0.0002,172.217.194.0-255,1484,18165,62,152118
11276,0.000202,172.31.40.0-255,66,18231,62,152118
11277,0.000248,172.31.40.0-255,66,18297,62,152118
11278,0.000254,172.217.194.0-255,5738,24035,62,152118
11279,0.000257,172.31.40.0-255,66,24101,62,152118
11280,0.000272,172.217.194.0-255,5738,29839,62,152118
11281,0.000275,172.31.40.0-255,66,29905,62,152118
11282,0.000316,172.31.40.0-255,66,29971,62,152118
11283,0.000488,172.217.194.0-255,364,30335,62,152118
11284,0.000493,172.31.40.0-255,66,30401,62,152118
11285,0.000911,172.217.194.0-255,1484,31885,62,152118
11286,0.000916,172.31.40.0-255,66,31951,62,152118
11287,0.000922,172.217.194.0-255,2902,34853,62,152118
11288,0.000924,172.31.40.0-255,66,34919,62,152118
11289,0.000938,172.217.194.0-255,2902,37821,62,152118
11290,0.00094,172.31.40.0-255,66,37887,62,152118
11291,0.000963,172.217.194.0-255,2902,40789,62,152118
11292,0.000966,172.31.40.0-255,66,40855,62,152118
11293,0.000968,172.217.194.0-255,1484,42339,62,152118
11294,0.000984,172.31.40.0-255,66,42405,62,152118
11295,0.000987,172.217.194.0-255,1484,43889,62,152118
11296,0.001023,172.31.40.0-255,66,43955,62,152118
11297,0.001121,172.217.194.0-255,1484,45439,62,152118
11298,0.001135,172.217.194.0-255,2902,48341,62,152118
11299,0.001139,172.217.194.0-255,2902,51243,62,152118
11300,0.001143,172.31.40.0-255,66,51309,62,152118
11301,0.001151,172.31.40.0-255,66,51375,62,152118
11302,0.001156,172.217.194.0-255,2902,54277,62,152118
11303,0.001158,172.31.40.0-255,66,54343,62,152118
11304,0.001164,172.217.194.0-255,4320,58663,62,152118
11305,0.001166,172.31.40.0-255,66,58729,62,152118
11306,0.001189,172.31.40.0-255,66,58795,62,152118
11307,0.001197,172.217.194.0-255,5738,64533,62,152118
11308,0.001199,172.31.40.0-255,66,64599,62,152118
11309,0.00122,172.217.194.0-255,5020,69619,62,152118
11310,0.001223,172.31.40.0-255,66,69685,62,152118
11311,0.00136,172.217.194.0-255,1484,71169,62,152118
11312,0.001365,172.217.194.0-255,2902,74071,62,152118
11313,0.001369,172.31.40.0-255,66,74137,62,152118
11314,0.001372,172.217.194.0-255,1484,75621,62,152118
11315,0.001394,172.217.194.0-255,4320,79941,62,152118
11316,0.001397,172.31.40.0-255,66,80007,62,152118
11317,0.001411,172.217.194.0-255,2902,82909,62,152118
11318,0.001414,172.31.40.0-255,66,82975,62,152118
11319,0.00144,172.217.194.0-255,5738,88713,62,152118
11320,0.001442,172.31.40.0-255,66,88779,62,152118
11321,0.001445,172.217.194.0-255,1484,90263,62,152118
11322,0.001489,172.31.40.0-255,66,90329,62,152118
11323,0.001499,172.31.40.0-255,66,90395,62,152118
11324,0.001517,172.217.194.0-255,7156,97551,62,152118
11325,0.001552,172.31.40.0-255,66,97617,62,152118
11326,0.001558,172.217.194.0-255,5020,102637,62,152118
11327,0.001564,172.31.40.0-255,66,102703,62,152118
11328,0.001722,172.217.194.0-255,1484,104187,62,152118
11329,0.001728,172.217.194.0-255,2902,107089,62,152118
11330,0.001731,172.31.40.0-255,66,107155,62,152118
11331,0.001736,172.217.194.0-255,2902,110057,62,152118
11332,0.001743,172.31.40.0-255,66,110123,62,152118
11333,0.001754,172.217.194.0-255,2902,113025,62,152118
11334,0.001757,172.217.194.0-255,1484,114509,62,152118
11335,0.001775,172.217.194.0-255,7156,121665,62,152118
11336,0.001792,172.31.40.0-255,66,121731,62,152118
11337,0.001808,172.217.194.0-255,1484,123215,62,152118
11338,0.001856,172.31.40.0-255,66,123281,62,152118
11339,0.001916,172.217.194.0-255,1484,124765,62,152118
11340,0.001921,172.217.194.0-255,2902,127667,62,152118
11341,0.001924,172.31.40.0-255,66,127733,62,152118
11342,0.001928,172.217.194.0-255,1484,129217,62,152118
11343,0.001948,172.217.194.0-255,4320,133537,62,152118
11344,0.001969,172.31.40.0-255,66,133603,62,152118
11345,0.001977,172.217.194.0-255,1484,135087,62,152118
11346,0.001991,172.31.40.0-255,66,135153,62,152118
11347,0.002004,172.217.194.0-255,1484,136637,62,152118
11348,0.002095,172.31.40.0-255,66,136703,62,152118
11349,0.0021,172.31.40.0-255,66,136769,62,152118
11350,0.002162,172.31.40.0-255,66,136835,62,152118
11351,0.002168,172.217.194.0-255,4320,141155,62,152118
11352,0.002181,172.31.40.0-255,66,141221,62,152118
11353,0.00225,172.217.194.0-255,4320,145541,62,152118
11354,0.002261,172.31.40.0-255,66,145607,62,152118
11355,0.00228,172.31.40.0-255,66,145673,62,152118
11356,0.002315,172.217.194.0-255,2902,148575,62,152118
11357,0.002322,172.31.40.0-255,66,148641,62,152118
11358,0.002343,172.31.40.0-255,66,148707,62,152118
11359,0.002353,172.217.194.0-255,3003,151710,62,152118
11360,0.002374,172.31.40.0-255,66,151776,62,152118
11361,0.004625,172.217.194.0-255,105,151881,62,152118
11362,0.010977,172.31.40.0-255,66,151947,62,152118
11363,0.011017,172.31.40.0-255,105,152052,62,152118
11364,0.013293,172.217.194.0-255,66,152118,62,152118
11365,0.0,172.217.24.0-255,153,153,62,135674
11366,2.4e-05,172.31.40.0-255,66,219,62,135674
11367,3.2e-05,172.217.24.0-255,1484,1703,62,135674
11368,3.7e-05,172.31.40.0-255,66,1769,62,135674
11369,4.4e-05,172.217.24.0-255,2902,4671,62,135674
11370,4.7e-05,172.31.40.0-255,66,4737,62,135674
11371,5.4e-05,172.217.24.0-255,7156,11893,62,135674
11372,5.8e-05,172.31.40.0-255,66,11959,62,135674
11373,6.2e-05,172.217.24.0-255,2092,14051,62,135674
11374,6.6e-05,172.31.40.0-255,66,14117,62,135674
11375,0.000115,172.217.24.0-255,1484,15601,62,135674
11376,0.000117,172.31.40.0-255,66,15667,62,135674
11377,0.000141,172.217.24.0-255,2902,18569,62,135674
11378,0.000144,172.31.40.0-255,66,18635,62,135674
11379,0.00015,172.217.24.0-255,5738,24373,62,135674
11380,0.000153,172.31.40.0-255,66,24439,62,135674
11381,0.000158,172.217.24.0-255,4320,28759,62,135674
11382,0.00016,172.31.40.0-255,66,28825,62,135674
11383,0.000213,172.217.24.0-255,2543,31368,62,135674
11384,0.000215,172.31.40.0-255,66,31434,62,135674
11385,0.000318,172.217.24.0-255,1484,32918,62,135674
11386,0.00032,172.31.40.0-255,66,32984,62,135674
11387,0.000325,172.217.24.0-255,2902,35886,62,135674
11388,0.000328,172.31.40.0-255,66,35952,62,135674
11389,0.000331,172.217.24.0-255,1484,37436,62,135674
11390,0.000333,172.31.40.0-255,66,37502,62,135674
11391,0.000358,172.217.24.0-255,4320,41822,62,135674
11392,0.000361,172.31.40.0-255,66,41888,62,135674
11393,0.000366,172.217.24.0-255,4320,46208,62,135674
11394,0.000368,172.31.40.0-255,66,46274,62,135674
11395,0.00039,172.217.24.0-255,2543,48817,62,135674
11396,0.000393,172.31.40.0-255,66,48883,62,135674
11397,0.00057,172.217.24.0-255,1484,50367,62,135674
11398,0.000578,172.217.24.0-255,2902,53269,62,135674
11399,0.000584,172.217.24.0-255,4320,57589,62,135674
11400,0.000602,172.217.24.0-255,1484,59073,62,135674
11401,0.000607,172.217.24.0-255,2902,61975,62,135674
11402,0.000623,172.217.24.0-255,3961,65936,62,135674
11403,0.000675,172.31.40.0-255,66,66002,62,135674
11404,0.000756,172.217.24.0-255,356,66358,62,135674
11405,0.001215,172.31.40.0-255,66,66424,62,135674
11406,0.001456,172.217.24.0-255,386,66810,62,135674
11407,0.00157,172.217.24.0-255,1484,68294,62,135674
11408,0.001587,172.217.24.0-255,2902,71196,62,135674
11409,0.001604,172.217.24.0-255,5738,76934,62,135674
11410,0.001637,172.217.24.0-255,2902,79836,62,135674
11411,0.001659,172.217.24.0-255,3961,83797,62,135674
11412,0.001665,172.217.24.0-255,5738,89535,62,135674
11413,0.001682,172.217.24.0-255,1484,91019,62,135674
11414,0.001706,172.217.24.0-255,1484,92503,62,135674
11415,0.001725,172.217.24.0-255,4320,96823,62,135674
11416,0.001731,172.217.24.0-255,3961,100784,62,135674
11417,0.006326,172.31.40.0-255,66,100850,62,135674
11418,0.00837,172.217.24.0-255,5738,106588,62,135674
11419,0.008378,172.31.40.0-255,66,106654,62,135674
11420,0.010404,172.217.24.0-255,5738,112392,62,135674
11421,0.010411,172.31.40.0-255,66,112458,62,135674
11422,0.012463,172.217.24.0-255,5738,118196,62,135674
11423,0.012472,172.31.40.0-255,66,118262,62,135674
11424,0.0145,172.217.24.0-255,5738,124000,62,135674
11425,0.01451,172.31.40.0-255,66,124066,62,135674
11426,0.016543,172.217.24.0-255,5738,129804,62,135674
11427,0.016555,172.31.40.0-255,66,129870,62,135674
11428,0.018615,172.217.24.0-255,5738,135608,62,135674
11429,0.01863,172.31.40.0-255,66,135674,62,135674
11430,0.0,74.125.24.0-255,152,152,62,223034
11431,2.3e-05,172.31.40.0-255,66,218,62,223034
11432,3e-05,74.125.24.0-255,1484,1702,62,223034
11433,3.5e-05,172.31.40.0-255,66,1768,62,223034
11434,4.1e-05,74.125.24.0-255,2902,4670,62,223034
11435,5.3e-05,172.31.40.0-255,66,4736,62,223034
11436,5.9e-05,74.125.24.0-255,5738,10474,62,223034
11437,6.2e-05,172.31.40.0-255,66,10540,62,223034
11438,8.7e-05,74.125.24.0-255,3516,14056,62,223034
11439,9.3e-05,172.31.40.0-255,66,14122,62,223034
11440,0.000119,74.125.24.0-255,1484,15606,62,223034
11441,0.000122,172.31.40.0-255,66,15672,62,223034
11442,0.000141,74.125.24.0-255,2902,18574,62,223034
11443,0.000144,172.31.40.0-255,66,18640,62,223034
11444,0.000149,74.125.24.0-255,4320,22960,62,223034
11445,0.000151,172.31.40.0-255,66,23026,62,223034
11446,0.000184,74.125.24.0-255,1484,24510,62,223034
11447,0.000187,172.31.40.0-255,66,24576,62,223034
11448,0.000195,74.125.24.0-255,6797,31373,62,223034
11449,0.000197,172.31.40.0-255,66,31439,62,223034
11450,0.000292,74.125.24.0-255,1484,32923,62,223034
11451,0.000296,172.31.40.0-255,66,32989,62,223034
11452,0.000301,74.125.24.0-255,2902,35891,62,223034
11453,0.000303,172.31.40.0-255,66,35957,62,223034
11454,0.000333,74.125.24.0-255,5738,41695,62,223034
11455,0.000335,172.31.40.0-255,66,41761,62,223034
11456,0.000338,74.125.24.0-255,1484,43245,62,223034
11457,0.000341,172.31.40.0-255,66,43311,62,223034
11458,0.000379,172.31.40.0-255,66,43377,62,223034
11459,0.000382,74.125.24.0-255,1484,44861,62,223034
11460,0.000384,172.31.40.0-255,66,44927,62,223034
11461,0.00044,74.125.24.0-255,5738,50665,62,223034
11462,0.000443,172.31.40.0-255,66,50731,62,223034
11463,0.000473,74.125.24.0-255,5693,56424,62,223034
11464,0.000475,172.31.40.0-255,66,56490,62,223034
11465,0.000478,74.125.24.0-255,110,56600,62,223034
11466,0.000482,74.125.24.0-255,330,56930,62,223034
11467,0.000691,74.125.24.0-255,1484,58414,62,223034
11468,0.000697,172.31.40.0-255,66,58480,62,223034
11469,0.000703,74.125.24.0-255,2902,61382,62,223034
11470,0.000706,172.31.40.0-255,66,61448,62,223034
11471,0.000712,74.125.24.0-255,5738,67186,62,223034
11472,0.000719,172.31.40.0-255,66,67252,62,223034
11473,0.000761,172.31.40.0-255,66,67318,62,223034
11474,0.000801,74.125.24.0-255,2184,69502,62,223034
11475,0.000806,172.31.40.0-255,66,69568,62,223034
11476,0.000972,74.125.24.0-255,1484,71052,62,223034
11477,0.000987,74.125.24.0-255,2902,73954,62,223034
11478,0.000991,172.31.40.0-255,66,74020,62,223034
11479,0.000997,74.125.24.0-255,4320,78340,62,223034
11480,0.000999,172.31.40.0-255,66,78406,62,223034
11481,0.001021,74.125.24.0-255,1484,79890,62,223034
11482,0.001064,172.31.40.0-255,66,79956,62,223034
11483,0.001105,172.31.40.0-255,66,80022,62,223034
11484,0.001159,74.125.24.0-255,7156,87178,62,223034
11485,0.001174,74.125.24.0-255,4320,91498,62,223034
11486,0.00118,74.125.24.0-255,5738,97236,62,223034
11487,0.001183,74.125.24.0-255,1484,98720,62,223034
11488,0.001203,172.31.40.0-255,66,98786,62,223034
11489,0.001233,172.31.40.0-255,66,98852,62,223034
11490,0.001254,74.125.24.0-255,1484,100336,62,223034
11491,0.001268,74.125.24.0-255,2902,103238,62,223034
11492,0.001277,172.31.40.0-255,66,103304,62,223034
11493,0.001289,74.125.24.0-255,5738,109042,62,223034
11494,0.001293,172.31.40.0-255,66,109108,62,223034
11495,0.001325,74.125.24.0-255,2902,112010,62,223034
11496,0.001331,74.125.24.0-255,4320,116330,62,223034
11497,0.001344,74.125.24.0-255,2902,119232,62,223034
11498,0.001355,172.31.40.0-255,66,119298,62,223034
11499,0.001394,74.125.24.0-255,5020,124318,62,223034
11500,0.001415,172.31.40.0-255,66,124384,62,223034
11501,0.001425,74.125.24.0-255,5738,130122,62,223034
11502,0.001451,74.125.24.0-255,7156,137278,62,223034
11503,0.001454,172.31.40.0-255,66,137344,62,223034
11504,0.001473,74.125.24.0-255,5738,143082,62,223034
11505,0.001481,74.125.24.0-255,7156,150238,62,223034
11506,0.001494,172.31.40.0-255,66,150304,62,223034
11507,0.00151,74.125.24.0-255,7156,157460,62,223034
11508,0.001512,74.125.24.0-255,766,158226,62,223034
11509,0.001519,172.31.40.0-255,66,158292,62,223034
11510,0.001562,172.31.40.0-255,66,158358,62,223034
11511,0.001571,74.125.24.0-255,2902,161260,62,223034
11512,0.001624,172.31.40.0-255,66,161326,62,223034
11513,0.001683,74.125.24.0-255,1484,162810,62,223034
11514,0.001723,74.125.24.0-255,2902,165712,62,223034
11515,0.001731,74.125.24.0-255,5738,171450,62,223034
11516,0.001748,74.125.24.0-255,5738,177188,62,223034
11517,0.001765,172.31.40.0-255,66,177254,62,223034
11518,0.001769,74.125.24.0-255,1484,178738,62,223034
11519,0.001824,74.125.24.0-255,3602,182340,62,223034
11520,0.001843,172.31.40.0-255,66,182406,62,223034
11521,0.004126,74.125.24.0-255,5738,188144,62,223034
11522,0.004133,172.31.40.0-255,66,188210,62,223034
11523,0.006444,74.125.24.0-255,5738,193948,62,223034
11524,0.006459,172.31.40.0-255,66,194014,62,223034
11525,0.008778,74.125.24.0-255,5738,199752,62,223034
11526,0.008791,172.31.40.0-255,66,199818,62,223034
11527,0.011144,74.125.24.0-255,5738,205556,62,223034
11528,0.011162,172.31.40.0-255,66,205622,62,223034
11529,0.013475,74.125.24.0-255,5738,211360,62,223034
11530,0.013483,172.31.40.0-255,66,211426,62,223034
11531,0.015767,74.125.24.0-255,5738,217164,62,223034
11532,0.015773,172.31.40.0-255,66,217230,62,223034
11533,0.018063,74.125.24.0-255,5738,222968,62,223034
11534,0.01807,172.31.40.0-255,66,223034,62,223034
11535,0.0,74.125.24.0-255,147,147,62,152529
11536,2.2e-05,172.31.40.0-255,66,213,62,152529
11537,2.9e-05,74.125.24.0-255,1484,1697,62,152529
11538,3.4e-05,172.31.40.0-255,66,1763,62,152529
11539,4.1e-05,74.125.24.0-255,2902,4665,62,152529
11540,4.5e-05,172.31.40.0-255,66,4731,62,152529
11541,5.2e-05,74.125.24.0-255,5738,10469,62,152529
11542,5.6e-05,172.31.40.0-255,66,10535,62,152529
11543,6.1e-05,74.125.24.0-255,3485,14020,62,152529
11544,6.4e-05,172.31.40.0-255,66,14086,62,152529
11545,0.000172,74.125.24.0-255,1484,15570,62,152529
11546,0.000177,172.31.40.0-255,66,15636,62,152529
11547,0.00018,74.125.24.0-255,1484,17120,62,152529
11548,0.000183,172.31.40.0-255,66,17186,62,152529
11549,0.000194,74.125.24.0-255,1484,18670,62,152529
11550,0.000197,172.31.40.0-255,66,18736,62,152529
11551,0.000201,74.125.24.0-255,2902,21638,62,152529
11552,0.000204,172.31.40.0-255,66,21704,62,152529
11553,0.000228,74.125.24.0-255,2902,24606,62,152529
11554,0.000231,172.31.40.0-255,66,24672,62,152529
11555,0.000239,74.125.24.0-255,6797,31469,62,152529
11556,0.000241,172.31.40.0-255,66,31535,62,152529
11557,0.000353,74.125.24.0-255,1484,33019,62,152529
11558,0.000357,172.31.40.0-255,66,33085,62,152529
11559,0.000362,74.125.24.0-255,2902,35987,62,152529
11560,0.000365,172.31.40.0-255,66,36053,62,152529
11561,0.000396,74.125.24.0-255,5738,41791,62,152529
11562,0.000399,172.31.40.0-255,66,41857,62,152529
11563,0.00041,74.125.24.0-255,1484,43341,62,152529
11564,0.000412,172.31.40.0-255,66,43407,62,152529
11565,0.00045,172.31.40.0-255,66,43473,62,152529
11566,0.000463,74.125.24.0-255,397,43870,62,152529
11567,0.000551,74.125.24.0-255,115,43985,62,152529
11568,0.000555,74.125.24.0-255,330,44315,62,152529
11569,0.000598,172.31.40.0-255,66,44381,62,152529
11570,0.000984,74.125.24.0-255,1484,45865,62,152529
11571,0.00099,74.125.24.0-255,2902,48767,62,152529
11572,0.000994,172.31.40.0-255,66,48833,62,152529
11573,0.001001,74.125.24.0-255,5738,54571,62,152529
11574,0.001005,172.31.40.0-255,66,54637,62,152529
11575,0.001042,172.31.40.0-255,66,54703,62,152529
11576,0.001049,74.125.24.0-255,1484,56187,62,152529
11577,0.001056,74.125.24.0-255,7156,63343,62,152529
11578,0.001062,172.31.40.0-255,66,63409,62,152529
11579,0.001073,74.125.24.0-255,1484,64893,62,152529
11580,0.001095,74.125.24.0-255,2184,67077,62,152529
11581,0.0011,172.31.40.0-255,66,67143,62,152529
11582,0.001268,74.125.24.0-255,1484,68627,62,152529
11583,0.001281,74.125.24.0-255,2902,71529,62,152529
11584,0.001285,172.31.40.0-255,66,71595,62,152529
11585,0.001289,74.125.24.0-255,1484,73079,62,152529
11586,0.001309,74.125.24.0-255,4320,77399,62,152529
11587,0.001316,74.125.24.0-255,7156,84555,62,152529
11588,0.001349,172.31.40.0-255,66,84621,62,152529
11589,0.001358,74.125.24.0-255,2902,87523,62,152529
11590,0.001363,74.125.24.0-255,2184,89707,62,152529
11591,0.001367,172.31.40.0-255,66,89773,62,152529
11592,0.001857,74.125.24.0-255,1484,91257,62,152529
11593,0.001876,74.125.24.0-255,2902,94159,62,152529
11594,0.00188,172.31.40.0-255,66,94225,62,152529
11595,0.001887,74.125.24.0-255,5738,99963,62,152529
11596,0.001904,74.125.24.0-255,4320,104283,62,152529
11597,0.001908,172.31.40.0-255,66,104349,62,152529
11598,0.001945,172.31.40.0-255,66,104415,62,152529
11599,0.001956,74.125.24.0-255,2902,107317,62,152529
11600,0.001961,172.31.40.0-255,66,107383,62,152529
11601,0.001994,172.31.40.0-255,66,107449,62,152529
11602,0.004055,74.125.24.0-255,5738,113187,62,152529
11603,0.004062,172.31.40.0-255,66,113253,62,152529
11604,0.006107,74.125.24.0-255,4320,117573,62,152529
11605,0.006111,172.31.40.0-255,66,117639,62,152529
11606,0.00613,74.125.24.0-255,1484,119123,62,152529
11607,0.008169,74.125.24.0-255,4320,123443,62,152529
11608,0.008182,172.31.40.0-255,66,123509,62,152529
11609,0.010237,74.125.24.0-255,5738,129247,62,152529
11610,0.010244,172.31.40.0-255,66,129313,62,152529
11611,0.012306,74.125.24.0-255,5738,135051,62,152529
11612,0.012313,172.31.40.0-255,66,135117,62,152529
11613,0.014366,74.125.24.0-255,5738,140855,62,152529
11614,0.014374,172.31.40.0-255,66,140921,62,152529
11615,0.016433,74.125.24.0-255,5738,146659,62,152529
11616,0.016442,172.31.40.0-255,66,146725,62,152529
11617,0.018521,74.125.24.0-255,5738,152463,62,152529
11618,0.018529,172.31.40.0-255,66,152529,62,152529
11619,0.0,74.125.24.0-255,289,289,62,216156
11620,1.6e-05,172.31.40.0-255,66,355,62,216156
11621,2.3e-05,74.125.24.0-255,1484,1839,62,216156
11622,2.7e-05,172.31.40.0-255,66,1905,62,216156
11623,5.1e-05,74.125.24.0-255,4320,6225,62,216156
11624,5.4e-05,172.31.40.0-255,66,6291,62,216156
11625,6e-05,74.125.24.0-255,4320,10611,62,216156
11626,6.3e-05,172.31.40.0-255,66,10677,62,216156
11627,8.8e-05,74.125.24.0-255,3313,13990,62,216156
11628,9.1e-05,172.31.40.0-255,66,14056,62,216156
11629,9.4e-05,74.125.24.0-255,1484,15540,62,216156
11630,9.7e-05,172.31.40.0-255,66,15606,62,216156
11631,0.000125,172.31.40.0-255,66,15672,62,216156
11632,0.000136,172.31.40.0-255,66,15738,62,216156
11633,0.000159,74.125.24.0-255,1484,17222,62,216156
11634,0.000161,172.31.40.0-255,66,17288,62,216156
11635,0.000168,74.125.24.0-255,5738,23026,62,216156
11636,0.00017,172.31.40.0-255,66,23092,62,216156
11637,0.00019,74.125.24.0-255,3602,26694,62,216156
11638,0.000192,172.31.40.0-255,66,26760,62,216156
11639,0.000607,74.125.24.0-255,1484,28244,62,216156
11640,0.000613,172.31.40.0-255,66,28310,62,216156
11641,0.000619,74.125.24.0-255,2902,31212,62,216156
11642,0.000621,172.31.40.0-255,66,31278,62,216156
11643,0.000628,74.125.24.0-255,5738,37016,62,216156
11644,0.000631,172.31.40.0-255,66,37082,62,216156
11645,0.000664,74.125.24.0-255,2902,39984,62,216156
11646,0.000667,172.31.40.0-255,66,40050,62,216156
11647,0.000688,74.125.24.0-255,4540,44590,62,216156
11648,0.000692,172.31.40.0-255,66,44656,62,216156
11649,0.001265,74.125.24.0-255,1484,46140,62,216156
11650,0.001287,74.125.24.0-255,2902,49042,62,216156
11651,0.001292,172.31.40.0-255,66,49108,62,216156
11652,0.0013,74.125.24.0-255,5738,54846,62,216156
11653,0.001302,172.31.40.0-255,66,54912,62,216156
11654,0.001345,172.31.40.0-255,66,54978,62,216156
11655,0.001356,172.31.40.0-255,66,55044,62,216156
11656,0.001399,172.31.40.0-255,66,55110,62,216156
11657,0.001428,172.31.40.0-255,66,55176,62,216156
11658,0.001478,172.31.40.0-255,66,55242,62,216156
11659,0.001501,74.125.24.0-255,766,56008,62,216156
11660,0.001516,172.31.40.0-255,66,56074,62,216156
11661,0.001532,172.31.40.0-255,66,56140,62,216156
11662,0.001539,74.125.24.0-255,5738,61878,62,216156
11663,0.001541,172.31.40.0-255,66,61944,62,216156
11664,0.001574,172.31.40.0-255,66,62010,62,216156
11665,0.00158,74.125.24.0-255,5738,67748,62,216156
11666,0.001583,172.31.40.0-255,66,67814,62,216156
11667,0.001613,74.125.24.0-255,7156,74970,62,216156
11668,0.001616,172.31.40.0-255,66,75036,62,216156
11669,0.001631,74.125.24.0-255,6438,81474,62,216156
11670,0.001634,172.31.40.0-255,66,81540,62,216156
11671,0.001648,74.125.24.0-255,1484,83024,62,216156
11672,0.001669,74.125.24.0-255,1484,84508,62,216156
11673,0.001671,172.31.40.0-255,66,84574,62,216156
11674,0.001687,74.125.24.0-255,1484,86058,62,216156
11675,0.001701,74.125.24.0-255,2902,88960,62,216156
11676,0.001704,172.31.40.0-255,66,89026,62,216156
11677,0.001717,74.125.24.0-255,1484,90510,62,216156
11678,0.001722,74.125.24.0-255,4320,94830,62,216156
11679,0.001725,172.31.40.0-255,66,94896,62,216156
11680,0.001748,74.125.24.0-255,1484,96380,62,216156
11681,0.001762,172.31.40.0-255,66,96446,62,216156
11682,0.001767,74.125.24.0-255,4320,100766,62,216156
11683,0.00177,172.31.40.0-255,66,100832,62,216156
11684,0.001813,74.125.24.0-255,5738,106570,62,216156
11685,0.001817,172.31.40.0-255,66,106636,62,216156
11686,0.001839,74.125.24.0-255,5020,111656,62,216156
11687,0.001842,172.31.40.0-255,66,111722,62,216156
11688,0.001849,74.125.24.0-255,7156,118878,62,216156
11689,0.001852,172.31.40.0-255,66,118944,62,216156
11690,0.001866,74.125.24.0-255,4320,123264,62,216156
11691,0.001868,172.31.40.0-255,66,123330,62,216156
11692,0.00188,74.125.24.0-255,5738,129068,62,216156
11693,0.001883,172.31.40.0-255,66,129134,62,216156
11694,0.001901,74.125.24.0-255,2902,132036,62,216156
11695,0.001903,172.31.40.0-255,66,132102,62,216156
11696,0.001917,74.125.24.0-255,1484,133586,62,216156
11697,0.001936,74.125.24.0-255,5020,138606,62,216156
11698,0.001939,172.31.40.0-255,66,138672,62,216156
11699,0.002025,74.125.24.0-255,1484,140156,62,216156
11700,0.002031,74.125.24.0-255,2902,143058,62,216156
11701,0.002034,172.31.40.0-255,66,143124,62,216156
11702,0.002053,74.125.24.0-255,5738,148862,62,216156
11703,0.002056,172.31.40.0-255,66,148928,62,216156
11704,0.002059,74.125.24.0-255,1484,150412,62,216156
11705,0.002089,74.125.24.0-255,2902,153314,62,216156
11706,0.002093,172.31.40.0-255,66,153380,62,216156
11707,0.002112,74.125.24.0-255,5738,159118,62,216156
11708,0.002115,172.31.40.0-255,66,159184,62,216156
11709,0.002122,74.125.24.0-255,7156,166340,62,216156
11710,0.002125,172.31.40.0-255,66,166406,62,216156
11711,0.002146,74.125.24.0-255,5738,172144,62,216156
11712,0.00215,172.31.40.0-255,66,172210,62,216156
11713,0.002153,74.125.24.0-255,218,172428,62,216156
11714,0.004334,74.125.24.0-255,4320,176748,62,216156
11715,0.004341,172.31.40.0-255,66,176814,62,216156
11716,0.006413,74.125.24.0-255,1484,178298,62,216156
11717,0.006439,74.125.24.0-255,4320,182618,62,216156
11718,0.006443,172.31.40.0-255,66,182684,62,216156
11719,0.008558,74.125.24.0-255,5738,188422,62,216156
11720,0.008563,172.31.40.0-255,66,188488,62,216156
11721,0.010738,74.125.24.0-255,5738,194226,62,216156
11722,0.010742,172.31.40.0-255,66,194292,62,216156
11723,0.012817,74.125.24.0-255,4320,198612,62,216156
11724,0.012824,172.31.40.0-255,66,198678,62,216156
11725,0.012842,74.125.24.0-255,1484,200162,62,216156
11726,0.014928,74.125.24.0-255,4320,204482,62,216156
11727,0.014935,172.31.40.0-255,66,204548,62,216156
11728,0.017056,74.125.24.0-255,5738,210286,62,216156
11729,0.017063,172.31.40.0-255,66,210352,62,216156
11730,0.019173,74.125.24.0-255,5738,216090,62,216156
11731,0.019182,172.31.40.0-255,66,216156,62,216156
11732,0.0,74.125.68.0-255,153,153,62,255407
11733,2.3e-05,172.31.40.0-255,66,219,62,255407
11734,3e-05,74.125.68.0-255,1484,1703,62,255407
11735,3.5e-05,172.31.40.0-255,66,1769,62,255407
11736,4.9e-05,74.125.68.0-255,2902,4671,62,255407
11737,5.2e-05,172.31.40.0-255,66,4737,62,255407
11738,5.9e-05,74.125.68.0-255,5738,10475,62,255407
11739,6.3e-05,172.31.40.0-255,66,10541,62,255407
11740,6.9e-05,74.125.68.0-255,4924,15465,62,255407
11741,7.3e-05,172.31.40.0-255,66,15531,62,255407
11742,7.8e-05,74.125.68.0-255,2902,18433,62,255407
11743,8.1e-05,172.31.40.0-255,66,18499,62,255407
11744,0.000104,74.125.68.0-255,2902,21401,62,255407
11745,0.00011,172.31.40.0-255,66,21467,62,255407
11746,0.000146,172.31.40.0-255,66,21533,62,255407
11747,0.000207,74.125.68.0-255,1484,23017,62,255407
11748,0.00021,172.31.40.0-255,66,23083,62,255407
11749,0.000213,74.125.68.0-255,1484,24567,62,255407
11750,0.000216,172.31.40.0-255,66,24633,62,255407
11751,0.000236,74.125.68.0-255,1484,26117,62,255407
11752,0.000242,172.31.40.0-255,66,26183,62,255407
11753,0.000249,74.125.68.0-255,4320,30503,62,255407
11754,0.000251,172.31.40.0-255,66,30569,62,255407
11755,0.000274,74.125.68.0-255,1484,32053,62,255407
11756,0.000277,172.31.40.0-255,66,32119,62,255407
11757,0.000285,74.125.68.0-255,7156,39275,62,255407
11758,0.000287,172.31.40.0-255,66,39341,62,255407
11759,0.000294,74.125.68.0-255,1484,40825,62,255407
11760,0.000297,172.31.40.0-255,66,40891,62,255407
11761,0.000329,74.125.68.0-255,7156,48047,62,255407
11762,0.000336,172.31.40.0-255,66,48113,62,255407
11763,0.000348,74.125.68.0-255,427,48540,62,255407
11764,0.000512,74.125.68.0-255,1484,50024,62,255407
11765,0.000517,74.125.68.0-255,1484,51508,62,255407
11766,0.000533,74.125.68.0-255,2902,54410,62,255407
11767,0.000552,74.125.68.0-255,4320,58730,62,255407
11768,0.000561,74.125.68.0-255,1484,60214,62,255407
11769,0.000585,74.125.68.0-255,7156,67370,62,255407
11770,0.000636,74.125.68.0-255,2902,70272,62,255407
11771,0.000646,172.31.40.0-255,66,70338,62,255407
11772,0.000657,74.125.68.0-255,3602,73940,62,255407
11773,0.000665,74.125.68.0-255,346,74286,62,255407
11774,0.00067,172.31.40.0-255,66,74352,62,255407
11775,0.00081,74.125.68.0-255,1484,75836,62,255407
11776,0.000816,74.125.68.0-255,2902,78738,62,255407
11777,0.000819,74.125.68.0-255,1484,80222,62,255407
11778,0.000839,172.31.40.0-255,66,80288,62,255407
11779,0.000876,74.125.68.0-255,5738,86026,62,255407
11780,0.000881,74.125.68.0-255,2902,88928,62,255407
11781,0.000898,74.125.68.0-255,2902,91830,62,255407
11782,0.000902,172.31.40.0-255,66,91896,62,255407
11783,0.000907,172.31.40.0-255,66,91962,62,255407
11784,0.00093,74.125.68.0-255,4320,96282,62,255407
11785,0.00095,172.31.40.0-255,66,96348,62,255407
11786,0.000954,74.125.68.0-255,1484,97832,62,255407
11787,0.000971,74.125.68.0-255,4320,102152,62,255407
11788,0.000984,74.125.68.0-255,1484,103636,62,255407
11789,0.000995,172.31.40.0-255,66,103702,62,255407
11790,0.001028,74.125.68.0-255,2902,106604,62,255407
11791,0.001032,74.125.68.0-255,2184,108788,62,255407
11792,0.001047,172.31.40.0-255,66,108854,62,255407
11793,0.001215,74.125.68.0-255,1484,110338,62,255407
11794,0.001244,74.125.68.0-255,1484,111822,62,255407
11795,0.001249,172.31.40.0-255,66,111888,62,255407
11796,0.001259,74.125.68.0-255,2902,114790,62,255407
11797,0.001263,172.31.40.0-255,66,114856,62,255407
11798,0.001294,74.125.68.0-255,5738,120594,62,255407
11799,0.0013,74.125.68.0-255,4320,124914,62,255407
11800,0.001311,74.125.68.0-255,2902,127816,62,255407
11801,0.001324,74.125.68.0-255,2902,130718,62,255407
11802,0.001363,74.125.68.0-255,2902,133620,62,255407
11803,0.001367,172.31.40.0-255,66,133686,62,255407
11804,0.001392,74.125.68.0-255,766,134452,62,255407
11805,0.001414,172.31.40.0-255,66,134518,62,255407
11806,0.001459,74.125.68.0-255,1484,136002,62,255407
11807,0.001465,74.125.68.0-255,2902,138904,62,255407
11808,0.001481,74.125.68.0-255,2902,141806,62,255407
11809,0.001493,74.125.68.0-255,2902,144708,62,255407
11810,0.001495,74.125.68.0-255,1484,146192,62,255407
11811,0.001498,172.31.40.0-255,66,146258,62,255407
11812,0.001503,172.31.40.0-255,66,146324,62,255407
11813,0.001537,74.125.68.0-255,5738,152062,62,255407
11814,0.00154,74.125.68.0-255,1484,153546,62,255407
11815,0.001547,172.31.40.0-255,66,153612,62,255407
11816,0.001557,74.125.68.0-255,4320,157932,62,255407
11817,0.001562,172.31.40.0-255,66,157998,62,255407
11818,0.001579,74.125.68.0-255,2902,160900,62,255407
11819,0.001625,172.31.40.0-255,66,160966,62,255407
11820,0.001677,74.125.68.0-255,1484,162450,62,255407
11821,0.001692,74.125.68.0-255,2902,165352,62,255407
11822,0.001704,172.31.40.0-255,66,165418,62,255407
11823,0.001758,74.125.68.0-255,1484,166902,62,255407
11824,0.001773,74.125.68.0-255,2902,169804,62,255407
11825,0.001781,172.31.40.0-255,66,169870,62,255407
11826,0.001802,74.125.68.0-255,5738,175608,62,255407
11827,0.001805,74.125.68.0-255,1484,177092,62,255407
11828,0.00182,74.125.68.0-255,5738,182830,62,255407
11829,0.001835,172.31.40.0-255,66,182896,62,255407
11830,0.001843,74.125.68.0-255,2902,185798,62,255407
11831,0.001848,172.31.40.0-255,66,185864,62,255407
11832,0.001884,74.125.68.0-255,1484,187348,62,255407
11833,0.001894,172.31.40.0-255,66,187414,62,255407
11834,0.001937,74.125.68.0-255,4320,191734,62,255407
11835,0.001949,172.31.40.0-255,66,191800,62,255407
11836,0.001959,74.125.68.0-255,2902,194702,62,255407
11837,0.002007,172.31.40.0-255,66,194768,62,255407
11838,0.002014,74.125.68.0-255,1484,196252,62,255407
11839,0.002041,74.125.68.0-255,2902,199154,62,255407
11840,0.002046,172.31.40.0-255,66,199220,62,255407
11841,0.002053,74.125.68.0-255,1484,200704,62,255407
11842,0.002073,74.125.68.0-255,2902,203606,62,255407
11843,0.002079,74.125.68.0-255,5738,209344,62,255407
11844,0.002122,172.31.40.0-255,66,209410,62,255407
11845,0.002132,74.125.68.0-255,2902,212312,62,255407
11846,0.002142,74.125.68.0-255,4320,216632,62,255407
11847,0.002171,74.125.68.0-255,3602,220234,62,255407
11848,0.002174,172.31.40.0-255,66,220300,62,255407
11849,0.002185,172.31.40.0-255,66,220366,62,255407
11850,0.002217,74.125.68.0-255,2902,223268,62,255407
11851,0.002237,74.125.68.0-255,1484,224752,62,255407
11852,0.002245,74.125.68.0-255,5738,230490,62,255407
11853,0.00225,172.31.40.0-255,66,230556,62,255407
11854,0.002289,172.31.40.0-255,66,230622,62,255407
11855,0.002292,74.125.68.0-255,1484,232106,62,255407
11856,0.002297,74.125.68.0-255,2902,235008,62,255407
11857,0.002307,172.31.40.0-255,66,235074,62,255407
11858,0.002333,74.125.68.0-255,4320,239394,62,255407
11859,0.002341,172.31.40.0-255,66,239460,62,255407
11860,0.002443,172.31.40.0-255,66,239526,62,255407
11861,0.002448,172.31.40.0-255,66,239592,62,255407
11862,0.002473,74.125.68.0-255,5020,244612,62,255407
11863,0.002503,74.125.68.0-255,1484,246096,62,255407
11864,0.002509,74.125.68.0-255,4320,250416,62,255407
11865,0.002513,172.31.40.0-255,66,250482,62,255407
11866,0.002561,172.31.40.0-255,66,250548,62,255407
11867,0.002578,74.125.68.0-255,1484,252032,62,255407
11868,0.002602,74.125.68.0-255,2870,254902,62,255407
11869,0.002605,74.125.68.0-255,97,254999,62,255407
11870,0.002617,172.31.40.0-255,66,255065,62,255407
11871,0.002668,74.125.68.0-255,105,255170,62,255407
11872,0.005062,172.31.40.0-255,66,255236,62,255407
11873,0.0051,172.31.40.0-255,105,255341,62,255407
11874,0.007753,74.125.68.0-255,66,255407,62,255407
11875,0.0,104.244.42.0-255,66,66,62,66
11876,0.0,74.125.200.0-255,152,152,62,199469
11877,1.4e-05,172.31.40.0-255,66,218,62,199469
11878,2.9e-05,74.125.200.0-255,1484,1702,62,199469
11879,3.4e-05,172.31.40.0-255,66,1768,62,199469
11880,4.6e-05,74.125.200.0-255,1484,3252,62,199469
11881,4.9e-05,172.31.40.0-255,66,3318,62,199469
11882,6e-05,74.125.200.0-255,1484,4802,62,199469
11883,6.2e-05,172.31.40.0-255,66,4868,62,199469
11884,6.7e-05,74.125.200.0-255,2902,7770,62,199469
11885,7e-05,172.31.40.0-255,66,7836,62,199469
11886,7.3e-05,74.125.200.0-255,1484,9320,62,199469
11887,7.5e-05,172.31.40.0-255,66,9386,62,199469
11888,9.6e-05,74.125.200.0-255,2902,12288,62,199469
11889,9.8e-05,172.31.40.0-255,66,12354,62,199469
11890,0.000115,74.125.200.0-255,2037,14391,62,199469
11891,0.000117,172.31.40.0-255,66,14457,62,199469
11892,0.000257,74.125.200.0-255,1484,15941,62,199469
11893,0.000263,172.31.40.0-255,66,16007,62,199469
11894,0.000283,74.125.200.0-255,2902,18909,62,199469
11895,0.000286,172.31.40.0-255,66,18975,62,199469
11896,0.00029,74.125.200.0-255,2902,21877,62,199469
11897,0.000292,172.31.40.0-255,66,21943,62,199469
11898,0.000307,74.125.200.0-255,2902,24845,62,199469
11899,0.000309,172.31.40.0-255,66,24911,62,199469
11900,0.000313,74.125.200.0-255,2902,27813,62,199469
11901,0.000314,172.31.40.0-255,66,27879,62,199469
11902,0.000319,74.125.200.0-255,3961,31840,62,199469
11903,0.000321,172.31.40.0-255,66,31906,62,199469
11904,0.000358,74.125.200.0-255,4320,36226,62,199469
11905,0.000361,172.31.40.0-255,66,36292,62,199469
11906,0.00038,74.125.200.0-255,4320,40612,62,199469
11907,0.000382,172.31.40.0-255,66,40678,62,199469
11908,0.000395,74.125.200.0-255,2902,43580,62,199469
11909,0.000398,172.31.40.0-255,66,43646,62,199469
11910,0.000428,74.125.200.0-255,7156,50802,62,199469
11911,0.000431,172.31.40.0-255,66,50868,62,199469
11912,0.000436,74.125.200.0-255,4320,55188,62,199469
11913,0.000437,172.31.40.0-255,66,55254,62,199469
11914,0.000464,74.125.200.0-255,2902,58156,62,199469
11915,0.000467,172.31.40.0-255,66,58222,62,199469
11916,0.000494,172.31.40.0-255,66,58288,62,199469
11917,0.000497,74.125.200.0-255,707,58995,62,199469
11918,0.000644,74.125.200.0-255,1484,60479,62,199469
11919,0.000648,172.31.40.0-255,66,60545,62,199469
11920,0.000667,74.125.200.0-255,2902,63447,62,199469
11921,0.00067,172.31.40.0-255,66,63513,62,199469
11922,0.000681,74.125.200.0-255,1484,64997,62,199469
11923,0.000695,74.125.200.0-255,4320,69317,62,199469
11924,0.000697,172.31.40.0-255,66,69383,62,199469
11925,0.000719,74.125.200.0-255,5738,75121,62,199469
11926,0.000721,172.31.40.0-255,66,75187,62,199469
11927,0.000739,74.125.200.0-255,2902,78089,62,199469
11928,0.000741,172.31.40.0-255,66,78155,62,199469
11929,0.000745,74.125.200.0-255,1484,79639,62,199469
11930,0.000769,172.31.40.0-255,66,79705,62,199469
11931,0.000772,74.125.200.0-255,1484,81189,62,199469
11932,0.000789,74.125.200.0-255,3602,84791,62,199469
11933,0.000792,172.31.40.0-255,66,84857,62,199469
11934,0.000892,74.125.200.0-255,1484,86341,62,199469
11935,0.000912,74.125.200.0-255,1484,87825,62,199469
11936,0.000915,172.31.40.0-255,66,87891,62,199469
11937,0.000919,74.125.200.0-255,1484,89375,62,199469
11938,0.000935,74.125.200.0-255,1484,90859,62,199469
11939,0.000938,172.31.40.0-255,66,90925,62,199469
11940,0.000943,74.125.200.0-255,2902,93827,62,199469
11941,0.000945,172.31.40.0-255,66,93893,62,199469
11942,0.000961,74.125.200.0-255,2902,96795,62,199469
11943,0.000963,172.31.40.0-255,66,96861,62,199469
11944,0.000966,74.125.200.0-255,1484,98345,62,199469
11945,0.000987,74.125.200.0-255,7156,105501,62,199469
11946,0.00099,172.31.40.0-255,66,105567,62,199469
11947,0.001008,74.125.200.0-255,7156,112723,62,199469
11948,0.00101,172.31.40.0-255,66,112789,62,199469
11949,0.001025,74.125.200.0-255,2902,115691,62,199469
11950,0.001029,74.125.200.0-255,3602,119293,62,199469
11951,0.001033,172.31.40.0-255,66,119359,62,199469
11952,0.001037,172.31.40.0-255,66,119425,62,199469
11953,0.001977,74.125.200.0-255,1484,120909,62,199469
11954,0.001987,74.125.200.0-255,2902,123811,62,199469
11955,0.001992,172.31.40.0-255,66,123877,62,199469
11956,0.002065,74.125.200.0-255,2902,126779,62,199469
11957,0.002068,172.31.40.0-255,66,126845,62,199469
11958,0.002093,74.125.200.0-255,1484,128329,62,199469
11959,0.002099,74.125.200.0-255,5738,134067,62,199469
11960,0.002102,172.31.40.0-255,66,134133,62,199469
11961,0.002115,172.31.40.0-255,66,134199,62,199469
11962,0.002126,172.31.40.0-255,66,134265,62,199469
11963,0.002166,74.125.200.0-255,4320,138585,62,199469
11964,0.002168,172.31.40.0-255,66,138651,62,199469
11965,0.002196,74.125.200.0-255,2902,141553,62,199469
11966,0.002198,172.31.40.0-255,66,141619,62,199469
11967,0.002207,74.125.200.0-255,1484,143103,62,199469
11968,0.002219,74.125.200.0-255,2902,146005,62,199469
11969,0.002222,172.31.40.0-255,66,146071,62,199469
11970,0.002234,74.125.200.0-255,2902,148973,62,199469
11971,0.002236,172.31.40.0-255,66,149039,62,199469
11972,0.002239,74.125.200.0-255,1484,150523,62,199469
11973,0.002273,172.31.40.0-255,66,150589,62,199469
11974,0.002278,74.125.200.0-255,4320,154909,62,199469
11975,0.00228,172.31.40.0-255,66,154975,62,199469
11976,0.002309,74.125.200.0-255,3602,158577,62,199469
11977,0.00231,172.31.40.0-255,66,158643,62,199469
11978,0.004697,74.125.200.0-255,1484,160127,62,199469
11979,0.004713,74.125.200.0-255,1484,161611,62,199469
11980,0.004716,172.31.40.0-255,66,161677,62,199469
11981,0.004735,74.125.200.0-255,2902,164579,62,199469
11982,0.004737,172.31.40.0-255,66,164645,62,199469
11983,0.007157,74.125.200.0-255,5738,170383,62,199469
11984,0.007164,172.31.40.0-255,66,170449,62,199469
11985,0.009598,74.125.200.0-255,5738,176187,62,199469
11986,0.009605,172.31.40.0-255,66,176253,62,199469
11987,0.012037,74.125.200.0-255,5738,181991,62,199469
11988,0.012045,172.31.40.0-255,66,182057,62,199469
11989,0.014503,74.125.200.0-255,5738,187795,62,199469
11990,0.014517,172.31.40.0-255,66,187861,62,199469
11991,0.01696,74.125.200.0-255,5738,193599,62,199469
11992,0.016972,172.31.40.0-255,66,193665,62,199469
11993,0.019418,74.125.200.0-255,5738,199403,62,199469
11994,0.019427,172.31.40.0-255,66,199469,62,199469
11995,0.0,172.217.194.0-255,296,296,62,135825
11996,2.5e-05,172.31.40.0-255,66,362,62,135825
11997,3.3e-05,172.217.194.0-255,1484,1846,62,135825
11998,3.7e-05,172.31.40.0-255,66,1912,62,135825
11999,4.5e-05,172.217.194.0-255,4320,6232,62,135825
12000,4.8e-05,172.31.40.0-255,66,6298,62,135825
12001,5.3e-05,172.217.194.0-255,2902,9200,62,135825
12002,5.5e-05,172.31.40.0-255,66,9266,62,135825
12003,8.5e-05,172.217.194.0-255,4803,14069,62,135825
12004,8.8e-05,172.31.40.0-255,66,14135,62,135825
12005,0.000133,172.217.194.0-255,1484,15619,62,135825
12006,0.000136,172.31.40.0-255,66,15685,62,135825
12007,0.000141,172.217.194.0-255,2902,18587,62,135825
12008,0.000144,172.31.40.0-255,66,18653,62,135825
12009,0.000147,172.217.194.0-255,1484,20137,62,135825
12010,0.000149,172.31.40.0-255,66,20203,62,135825
12011,0.00018,172.217.194.0-255,4320,24523,62,135825
12012,0.000184,172.31.40.0-255,66,24589,62,135825
12013,0.000211,172.31.40.0-255,66,24655,62,135825
12014,0.000229,172.217.194.0-255,3961,28616,62,135825
12015,0.000232,172.31.40.0-255,66,28682,62,135825
12016,0.000235,172.217.194.0-255,1484,30166,62,135825
12017,0.000237,172.31.40.0-255,66,30232,62,135825
12018,0.000261,172.31.40.0-255,66,30298,62,135825
12019,0.001581,172.217.194.0-255,1484,31782,62,135825
12020,0.001589,172.31.40.0-255,66,31848,62,135825
12021,0.0016,172.217.194.0-255,2902,34750,62,135825
12022,0.001602,172.31.40.0-255,66,34816,62,135825
12023,0.001609,172.217.194.0-255,5738,40554,62,135825
12024,0.001611,172.31.40.0-255,66,40620,62,135825
12025,0.001618,172.217.194.0-255,6797,47417,62,135825
12026,0.001621,172.31.40.0-255,66,47483,62,135825
12027,0.001648,172.217.194.0-255,7156,54639,62,135825
12028,0.001651,172.31.40.0-255,66,54705,62,135825
12029,0.001684,172.31.40.0-255,66,54771,62,135825
12030,0.001691,172.217.194.0-255,7156,61927,62,135825
12031,0.001693,172.31.40.0-255,66,61993,62,135825
12032,0.001716,172.217.194.0-255,5738,67731,62,135825
12033,0.001719,172.31.40.0-255,66,67797,62,135825
12034,0.001723,172.217.194.0-255,2184,69981,62,135825
12035,0.001724,172.31.40.0-255,66,70047,62,135825
12036,0.001761,172.217.194.0-255,1484,71531,62,135825
12037,0.001778,172.217.194.0-255,2902,74433,62,135825
12038,0.001782,172.31.40.0-255,66,74499,62,135825
12039,0.001788,172.217.194.0-255,5738,80237,62,135825
12040,0.001791,172.31.40.0-255,66,80303,62,135825
12041,0.00183,172.31.40.0-255,66,80369,62,135825
12042,0.001847,172.217.194.0-255,2428,82797,62,135825
12043,0.001849,172.31.40.0-255,66,82863,62,135825
12044,0.001863,172.31.40.0-255,66,82929,62,135825
12045,0.001891,172.217.194.0-255,1484,84413,62,135825
12046,0.001909,172.217.194.0-255,1484,85897,62,135825
12047,0.001911,172.31.40.0-255,66,85963,62,135825
12048,0.001934,172.217.194.0-255,1484,87447,62,135825
12049,0.001941,172.217.194.0-255,4320,91767,62,135825
12050,0.001943,172.31.40.0-255,66,91833,62,135825
12051,0.001954,172.31.40.0-255,66,91899,62,135825
12052,0.002022,172.31.40.0-255,66,91965,62,135825
12053,0.002284,172.217.194.0-255,1484,93449,62,135825
12054,0.002292,172.217.194.0-255,2902,96351,62,135825
12055,0.002296,172.31.40.0-255,66,96417,62,135825
12056,0.002304,172.217.194.0-255,5738,102155,62,135825
12057,0.002307,172.31.40.0-255,66,102221,62,135825
12058,0.002344,172.31.40.0-255,66,102287,62,135825
12059,0.002358,172.31.40.0-255,66,102353,62,135825
12060,0.004939,172.217.194.0-255,5738,108091,62,135825
12061,0.004947,172.31.40.0-255,66,108157,62,135825
12062,0.007531,172.217.194.0-255,4320,112477,62,135825
12063,0.007534,172.31.40.0-255,66,112543,62,135825
12064,0.007553,172.217.194.0-255,1484,114027,62,135825
12065,0.010162,172.217.194.0-255,4320,118347,62,135825
12066,0.010173,172.31.40.0-255,66,118413,62,135825
12067,0.012806,172.217.194.0-255,5738,124151,62,135825
12068,0.012821,172.31.40.0-255,66,124217,62,135825
12069,0.015461,172.217.194.0-255,5738,129955,62,135825
12070,0.015475,172.31.40.0-255,66,130021,62,135825
12071,0.018075,172.217.194.0-255,5738,135759,62,135825
12072,0.018087,172.31.40.0-255,66,135825,62,135825
12073,0.0,172.217.194.0-255,148,148,62,264115
12074,1.2e-05,172.31.40.0-255,66,214,62,264115
12075,3.4e-05,172.217.194.0-255,1484,1698,62,264115
12076,3.9e-05,172.31.40.0-255,66,1764,62,264115
12077,4.4e-05,172.217.194.0-255,2902,4666,62,264115
12078,4.7e-05,172.31.40.0-255,66,4732,62,264115
12079,6.9e-05,172.217.194.0-255,7156,11888,62,264115
12080,7.2e-05,172.31.40.0-255,66,11954,62,264115
12081,0.000116,172.217.194.0-255,5738,17692,62,264115
12082,0.000119,172.31.40.0-255,66,17758,62,264115
12083,0.000146,172.217.194.0-255,6238,23996,62,264115
12084,0.000148,172.31.40.0-255,66,24062,62,264115
12085,0.000155,172.217.194.0-255,5738,29800,62,264115
12086,0.000157,172.31.40.0-255,66,29866,62,264115
12087,0.00016,172.217.194.0-255,1125,30991,62,264115
12088,0.000163,172.31.40.0-255,66,31057,62,264115
12089,0.000233,172.217.194.0-255,1484,32541,62,264115
12090,0.000236,172.31.40.0-255,66,32607,62,264115
12091,0.00024,172.217.194.0-255,1484,34091,62,264115
12092,0.000242,172.31.40.0-255,66,34157,62,264115
12093,0.000256,172.217.194.0-255,1484,35641,62,264115
12094,0.000259,172.31.40.0-255,66,35707,62,264115
12095,0.000264,172.217.194.0-255,4320,40027,62,264115
12096,0.000267,172.31.40.0-255,66,40093,62,264115
12097,0.00028,172.217.194.0-255,1484,41577,62,264115
12098,0.000282,172.31.40.0-255,66,41643,62,264115
12099,0.000288,172.217.194.0-255,4320,45963,62,264115
12100,0.00029,172.31.40.0-255,66,46029,62,264115
12101,0.000324,172.217.194.0-255,2902,48931,62,264115
12102,0.000327,172.31.40.0-255,66,48997,62,264115
12103,0.000349,172.31.40.0-255,66,49063,62,264115
12104,0.000357,172.217.194.0-255,7087,56150,62,264115
12105,0.000359,172.31.40.0-255,66,56216,62,264115
12106,0.000362,172.217.194.0-255,98,56314,62,264115
12107,0.000365,172.217.194.0-255,363,56677,62,264115
12108,0.00055,172.217.194.0-255,1484,58161,62,264115
12109,0.000555,172.31.40.0-255,66,58227,62,264115
12110,0.000559,172.217.194.0-255,1484,59711,62,264115
12111,0.000578,172.217.194.0-255,1484,61195,62,264115
12112,0.000584,172.217.194.0-255,5738,66933,62,264115
12113,0.000588,172.31.40.0-255,66,66999,62,264115
12114,0.000591,172.31.40.0-255,66,67065,62,264115
12115,0.00062,172.31.40.0-255,66,67131,62,264115
12116,0.000667,172.217.194.0-255,4320,71451,62,264115
12117,0.00067,172.31.40.0-255,66,71517,62,264115
12118,0.000697,172.31.40.0-255,66,71583,62,264115
12119,0.000732,172.217.194.0-255,766,72349,62,264115
12120,0.001022,172.217.194.0-255,1484,73833,62,264115
12121,0.001029,172.31.40.0-255,66,73899,62,264115
12122,0.001036,172.217.194.0-255,2902,76801,62,264115
12123,0.001039,172.31.40.0-255,66,76867,62,264115
12124,0.001059,172.217.194.0-255,5738,82605,62,264115
12125,0.001062,172.31.40.0-255,66,82671,62,264115
12126,0.001083,172.217.194.0-255,2902,85573,62,264115
12127,0.001086,172.31.40.0-255,66,85639,62,264115
12128,0.001114,172.31.40.0-255,66,85705,62,264115
12129,0.00115,172.217.194.0-255,4320,90025,62,264115
12130,0.001153,172.31.40.0-255,66,90091,62,264115
12131,0.00117,172.217.194.0-255,1484,91575,62,264115
12132,0.001176,172.217.194.0-255,5020,96595,62,264115
12133,0.001179,172.31.40.0-255,66,96661,62,264115
12134,0.001184,172.217.194.0-255,2902,99563,62,264115
12135,0.001186,172.31.40.0-255,66,99629,62,264115
12136,0.001208,172.217.194.0-255,2902,102531,62,264115
12137,0.001211,172.31.40.0-255,66,102597,62,264115
12138,0.001217,172.217.194.0-255,5738,108335,62,264115
12139,0.00122,172.31.40.0-255,66,108401,62,264115
12140,0.001225,172.217.194.0-255,4320,112721,62,264115
12141,0.001227,172.31.40.0-255,66,112787,62,264115
12142,0.001303,172.217.194.0-255,1484,114271,62,264115
12143,0.001309,172.217.194.0-255,2902,117173,62,264115
12144,0.001333,172.217.194.0-255,5738,122911,62,264115
12145,0.001369,172.217.194.0-255,1484,124395,62,264115
12146,0.001409,172.217.194.0-255,2902,127297,62,264115
12147,0.001444,172.217.194.0-255,4320,131617,62,264115
12148,0.001467,172.217.194.0-255,7156,138773,62,264115
12149,0.001498,172.217.194.0-255,5738,144511,62,264115
12150,0.001514,172.217.194.0-255,1484,145995,62,264115
12151,0.001518,172.217.194.0-255,2902,148897,62,264115
12152,0.001522,172.217.194.0-255,2902,151799,62,264115
12153,0.001539,172.217.194.0-255,2902,154701,62,264115
12154,0.001583,172.217.194.0-255,4320,159021,62,264115
12155,0.001588,172.217.194.0-255,4320,163341,62,264115
12156,0.001594,172.217.194.0-255,5738,169079,62,264115
12157,0.001596,172.217.194.0-255,766,169845,62,264115
12158,0.001766,172.217.194.0-255,1484,171329,62,264115
12159,0.001772,172.217.194.0-255,2902,174231,62,264115
12160,0.001779,172.217.194.0-255,5738,179969,62,264115
12161,0.001804,172.217.194.0-255,2902,182871,62,264115
12162,0.001885,172.217.194.0-255,2184,185055,62,264115
12163,0.002026,172.217.194.0-255,1484,186539,62,264115
12164,0.002033,172.217.194.0-255,2902,189441,62,264115
12165,0.002088,172.217.194.0-255,1484,190925,62,264115
12166,0.002116,172.217.194.0-255,4320,195245,62,264115
12167,0.002122,172.217.194.0-255,5738,200983,62,264115
12168,0.002129,172.217.194.0-255,7156,208139,62,264115
12169,0.002167,172.217.194.0-255,1484,209623,62,264115
12170,0.002175,172.217.194.0-255,7156,216779,62,264115
12171,0.002198,172.217.194.0-255,6438,223217,62,264115
12172,0.002226,172.217.194.0-255,1484,224701,62,264115
12173,0.002236,172.217.194.0-255,1484,226185,62,264115
12174,0.002247,172.217.194.0-255,1484,227669,62,264115
12175,0.002253,172.217.194.0-255,4320,231989,62,264115
12176,0.002272,172.217.194.0-255,1484,233473,62,264115
12177,0.002278,172.217.194.0-255,5738,239211,62,264115
12178,0.002304,172.217.194.0-255,5738,244949,62,264115
12179,0.002322,172.217.194.0-255,7156,252105,62,264115
12180,0.002327,172.217.194.0-255,5020,257125,62,264115
12181,0.004947,172.31.40.0-255,66,257191,62,264115
12182,0.007284,172.217.194.0-255,5738,262929,62,264115
12183,0.007291,172.31.40.0-255,66,262995,62,264115
12184,0.00955,172.217.194.0-255,883,263878,62,264115
12185,0.00966,172.31.40.0-255,66,263944,62,264115
12186,0.009695,172.31.40.0-255,105,264049,62,264115
12187,0.011927,172.217.194.0-255,66,264115,62,264115
12188,0.0,74.125.24.0-255,153,153,62,191540
12189,2.1e-05,172.31.40.0-255,66,219,62,191540
12190,2.8e-05,74.125.24.0-255,1484,1703,62,191540
12191,3.1e-05,172.31.40.0-255,66,1769,62,191540
12192,3.7e-05,74.125.24.0-255,2902,4671,62,191540
12193,4e-05,172.31.40.0-255,66,4737,62,191540
12194,4.6e-05,74.125.24.0-255,7156,11893,62,191540
12195,4.9e-05,172.31.40.0-255,66,11959,62,191540
12196,8.2e-05,172.31.40.0-255,66,12025,62,191540
12197,0.000114,74.125.24.0-255,2902,14927,62,191540
12198,0.000117,172.31.40.0-255,66,14993,62,191540
12199,0.00013,74.125.24.0-255,4320,19313,62,191540
12200,0.000132,172.31.40.0-255,66,19379,62,191540
12201,0.000144,74.125.24.0-255,1125,20504,62,191540
12202,0.000146,172.31.40.0-255,66,20570,62,191540
12203,0.000248,74.125.24.0-255,1484,22054,62,191540
12204,0.000251,172.31.40.0-255,66,22120,62,191540
12205,0.000254,74.125.24.0-255,1484,23604,62,191540
12206,0.000256,172.31.40.0-255,66,23670,62,191540
12207,0.00027,74.125.24.0-255,1484,25154,62,191540
12208,0.000272,172.31.40.0-255,66,25220,62,191540
12209,0.000277,74.125.24.0-255,2902,28122,62,191540
12210,0.000279,172.31.40.0-255,66,28188,62,191540
12211,0.000293,74.125.24.0-255,2902,31090,62,191540
12212,0.000295,172.31.40.0-255,66,31156,62,191540
12213,0.000306,74.125.24.0-255,1484,32640,62,191540
12214,0.000308,172.31.40.0-255,66,32706,62,191540
12215,0.000336,172.31.40.0-255,66,32772,62,191540
12216,0.000346,172.31.40.0-255,66,32838,62,191540
12217,0.00036,74.125.24.0-255,1125,33963,62,191540
12218,0.000748,74.125.24.0-255,647,34610,62,191540
12219,0.000751,172.31.40.0-255,66,34676,62,191540
12220,0.000895,74.125.24.0-255,1484,36160,62,191540
12221,0.000908,74.125.24.0-255,2902,39062,62,191540
12222,0.000912,172.31.40.0-255,66,39128,62,191540
12223,0.000937,74.125.24.0-255,5738,44866,62,191540
12224,0.000939,172.31.40.0-255,66,44932,62,191540
12225,0.000953,74.125.24.0-255,1484,46416,62,191540
12226,0.000975,172.31.40.0-255,66,46482,62,191540
12227,0.001014,172.31.40.0-255,66,46548,62,191540
12228,0.001467,74.125.24.0-255,1484,48032,62,191540
12229,0.001474,74.125.24.0-255,2902,50934,62,191540
12230,0.001478,172.31.40.0-255,66,51000,62,191540
12231,0.001483,74.125.24.0-255,2902,53902,62,191540
12232,0.001485,172.31.40.0-255,66,53968,62,191540
12233,0.001502,74.125.24.0-255,2902,56870,62,191540
12234,0.001506,74.125.24.0-255,4320,61190,62,191540
12235,0.001509,172.31.40.0-255,66,61256,62,191540
12236,0.001515,172.31.40.0-255,66,61322,62,191540
12237,0.00152,74.125.24.0-255,4320,65642,62,191540
12238,0.001523,172.31.40.0-255,66,65708,62,191540
12239,0.00155,74.125.24.0-255,7156,72864,62,191540
12240,0.001552,172.31.40.0-255,66,72930,62,191540
12241,0.001561,172.31.40.0-255,66,72996,62,191540
12242,0.001615,74.125.24.0-255,1484,74480,62,191540
12243,0.00162,74.125.24.0-255,2902,77382,62,191540
12244,0.001622,172.31.40.0-255,66,77448,62,191540
12245,0.001644,74.125.24.0-255,5738,83186,62,191540
12246,0.001646,172.31.40.0-255,66,83252,62,191540
12247,0.001649,74.125.24.0-255,1484,84736,62,191540
12248,0.001668,74.125.24.0-255,7156,91892,62,191540
12249,0.00167,172.31.40.0-255,66,91958,62,191540
12250,0.00172,74.125.24.0-255,4320,96278,62,191540
12251,0.001723,172.31.40.0-255,66,96344,62,191540
12252,0.001752,172.31.40.0-255,66,96410,62,191540
12253,0.001839,74.125.24.0-255,1484,97894,62,191540
12254,0.001854,74.125.24.0-255,2902,100796,62,191540
12255,0.001857,172.31.40.0-255,66,100862,62,191540
12256,0.00188,74.125.24.0-255,5738,106600,62,191540
12257,0.001882,172.31.40.0-255,66,106666,62,191540
12258,0.001886,74.125.24.0-255,2902,109568,62,191540
12259,0.001888,172.31.40.0-255,66,109634,62,191540
12260,0.001909,172.31.40.0-255,66,109700,62,191540
12261,0.00192,172.31.40.0-255,66,109766,62,191540
12262,0.001952,74.125.24.0-255,2184,111950,62,191540
12263,0.001955,172.31.40.0-255,66,112016,62,191540
12264,0.002068,74.125.24.0-255,1484,113500,62,191540
12265,0.002082,74.125.24.0-255,2902,116402,62,191540
12266,0.002085,172.31.40.0-255,66,116468,62,191540
12267,0.002091,74.125.24.0-255,5738,122206,62,191540
12268,0.002092,172.31.40.0-255,66,122272,62,191540
12269,0.002131,172.31.40.0-255,66,122338,62,191540
12270,0.002142,172.31.40.0-255,66,122404,62,191540
12271,0.002154,74.125.24.0-255,1484,123888,62,191540
12272,0.002159,74.125.24.0-255,2902,126790,62,191540
12273,0.00216,172.31.40.0-255,66,126856,62,191540
12274,0.002203,172.31.40.0-255,66,126922,62,191540
12275,0.002223,172.31.40.0-255,66,126988,62,191540
12276,0.002234,172.31.40.0-255,66,127054,62,191540
12277,0.002257,74.125.24.0-255,2184,129238,62,191540
12278,0.002259,172.31.40.0-255,66,129304,62,191540
12279,0.002272,172.31.40.0-255,66,129370,62,191540
12280,0.002278,74.125.24.0-255,4320,133690,62,191540
12281,0.002282,172.31.40.0-255,66,133756,62,191540
12282,0.002309,74.125.24.0-255,7156,140912,62,191540
12283,0.002312,172.31.40.0-255,66,140978,62,191540
12284,0.002324,172.31.40.0-255,66,141044,62,191540
12285,0.002352,74.125.24.0-255,3602,144646,62,191540
12286,0.002355,172.31.40.0-255,66,144712,62,191540
12287,0.00237,172.31.40.0-255,66,144778,62,191540
12288,0.002406,74.125.24.0-255,2902,147680,62,191540
12289,0.002408,172.31.40.0-255,66,147746,62,191540
12290,0.002433,172.31.40.0-255,66,147812,62,191540
12291,0.00245,172.31.40.0-255,66,147878,62,191540
12292,0.002455,74.125.24.0-255,4320,152198,62,191540
12293,0.002457,172.31.40.0-255,66,152264,62,191540
12294,0.004846,74.125.24.0-255,5738,158002,62,191540
12295,0.004853,172.31.40.0-255,66,158068,62,191540
12296,0.007275,74.125.24.0-255,4320,162388,62,191540
12297,0.00728,172.31.40.0-255,66,162454,62,191540
12298,0.007296,74.125.24.0-255,1484,163938,62,191540
12299,0.009667,74.125.24.0-255,4320,168258,62,191540
12300,0.009673,172.31.40.0-255,66,168324,62,191540
12301,0.012031,74.125.24.0-255,5738,174062,62,191540
12302,0.012037,172.31.40.0-255,66,174128,62,191540
12303,0.01442,74.125.24.0-255,5738,179866,62,191540
12304,0.014426,172.31.40.0-255,66,179932,62,191540
12305,0.016814,74.125.24.0-255,5738,185670,62,191540
12306,0.01682,172.31.40.0-255,66,185736,62,191540
12307,0.019257,74.125.24.0-255,5738,191474,62,191540
12308,0.019269,172.31.40.0-255,66,191540,62,191540
