,TIME,SRC,PACKET_SIZE,CUMULATIVE_PACKET_SIZE,PAGE_NUMBER,TOTAL_PACKET_SIZE
0,0.0,74.125.24.0-255,153,153,70,152779
1,2.3e-05,172.31.40.0-255,66,219,70,152779
2,3e-05,74.125.24.0-255,1484,1703,70,152779
3,3.5e-05,172.31.40.0-255,66,1769,70,152779
4,4.1e-05,74.125.24.0-255,2902,4671,70,152779
5,4.5e-05,172.31.40.0-255,66,4737,70,152779
6,5.3e-05,74.125.24.0-255,7156,11893,70,152779
7,5.6e-05,172.31.40.0-255,66,11959,70,152779
8,6e-05,74.125.24.0-255,2074,14033,70,152779
9,6.2e-05,172.31.40.0-255,66,14099,70,152779
10,0.000269,74.125.24.0-255,1484,15583,70,152779
11,0.000289,172.31.40.0-255,66,15649,70,152779
12,0.000295,74.125.24.0-255,2902,18551,70,152779
13,0.000298,172.31.40.0-255,66,18617,70,152779
14,0.000305,74.125.24.0-255,5738,24355,70,152779
15,0.000308,172.31.40.0-255,66,24421,70,152779
16,0.000332,74.125.24.0-255,1484,25905,70,152779
17,0.000334,172.31.40.0-255,66,25971,70,152779
18,0.000358,74.125.24.0-255,5379,31350,70,152779
19,0.000361,172.31.40.0-255,66,31416,70,152779
20,0.000483,74.125.24.0-255,1484,32900,70,152779
21,0.000487,172.31.40.0-255,66,32966,70,152779
22,0.000493,74.125.24.0-255,2902,35868,70,152779
23,0.000495,172.31.40.0-255,66,35934,70,152779
24,0.00053,74.125.24.0-255,4320,40254,70,152779
25,0.000533,172.31.40.0-255,66,40320,70,152779
26,0.000566,74.125.24.0-255,1484,41804,70,152779
27,0.000569,172.31.40.0-255,66,41870,70,152779
28,0.000578,74.125.24.0-255,6797,48667,70,152779
29,0.00058,172.31.40.0-255,66,48733,70,152779
30,0.000595,172.31.40.0-255,66,48799,70,152779
31,0.000599,74.125.24.0-255,2842,51641,70,152779
32,0.000601,172.31.40.0-255,66,51707,70,152779
33,0.000629,74.125.24.0-255,130,51837,70,152779
34,0.001032,172.31.40.0-255,66,51903,70,152779
35,0.001358,74.125.24.0-255,346,52249,70,152779
36,0.001536,74.125.24.0-255,1484,53733,70,152779
37,0.001543,172.31.40.0-255,66,53799,70,152779
38,0.00155,74.125.24.0-255,2902,56701,70,152779
39,0.001553,172.31.40.0-255,66,56767,70,152779
40,0.001559,74.125.24.0-255,5738,62505,70,152779
41,0.001561,172.31.40.0-255,66,62571,70,152779
42,0.00159,74.125.24.0-255,7156,69727,70,152779
43,0.001593,172.31.40.0-255,66,69793,70,152779
44,0.001612,74.125.24.0-255,5738,75531,70,152779
45,0.001614,172.31.40.0-255,66,75597,70,152779
46,0.001624,74.125.24.0-255,9992,85589,70,152779
47,0.001627,172.31.40.0-255,66,85655,70,152779
48,0.00163,74.125.24.0-255,766,86421,70,152779
49,0.002105,74.125.24.0-255,1484,87905,70,152779
50,0.002112,172.31.40.0-255,66,87971,70,152779
51,0.002119,74.125.24.0-255,2902,90873,70,152779
52,0.002121,172.31.40.0-255,66,90939,70,152779
53,0.002146,74.125.24.0-255,5738,96677,70,152779
54,0.002148,172.31.40.0-255,66,96743,70,152779
55,0.002158,74.125.24.0-255,8574,105317,70,152779
56,0.002161,172.31.40.0-255,66,105383,70,152779
57,0.00218,74.125.24.0-255,4320,109703,70,152779
58,0.002182,172.31.40.0-255,66,109769,70,152779
59,0.002187,74.125.24.0-255,4320,114089,70,152779
60,0.002189,172.31.40.0-255,66,114155,70,152779
61,0.002213,74.125.24.0-255,6438,120593,70,152779
62,0.002216,172.31.40.0-255,66,120659,70,152779
63,0.004822,74.125.24.0-255,4320,124979,70,152779
64,0.004828,172.31.40.0-255,66,125045,70,152779
65,0.004848,74.125.24.0-255,1484,126529,70,152779
66,0.007429,74.125.24.0-255,4320,130849,70,152779
67,0.007436,172.31.40.0-255,66,130915,70,152779
68,0.010042,74.125.24.0-255,5738,136653,70,152779
69,0.010052,172.31.40.0-255,66,136719,70,152779
70,0.012646,74.125.24.0-255,5738,142457,70,152779
71,0.012655,172.31.40.0-255,66,142523,70,152779
72,0.015262,74.125.24.0-255,4320,146843,70,152779
73,0.015272,172.31.40.0-255,66,146909,70,152779
74,0.015291,74.125.24.0-255,1484,148393,70,152779
75,0.017888,74.125.24.0-255,4320,152713,70,152779
76,0.017895,172.31.40.0-255,66,152779,70,152779
77,0.0,172.217.194.0-255,152,152,70,274940
78,2e-05,172.31.40.0-255,66,218,70,274940
79,2.7e-05,172.217.194.0-255,1484,1702,70,274940
80,3.2e-05,172.31.40.0-255,66,1768,70,274940
81,5.8e-05,172.217.194.0-255,2902,4670,70,274940
82,6.3e-05,172.31.40.0-255,66,4736,70,274940
83,7.1e-05,172.217.194.0-255,7156,11892,70,274940
84,7.4e-05,172.31.40.0-255,66,11958,70,274940
85,9.9e-05,172.217.194.0-255,2055,14013,70,274940
86,0.000102,172.31.40.0-255,66,14079,70,274940
87,0.000353,172.217.194.0-255,1484,15563,70,274940
88,0.000358,172.31.40.0-255,66,15629,70,274940
89,0.000365,172.217.194.0-255,2902,18531,70,274940
90,0.000368,172.31.40.0-255,66,18597,70,274940
91,0.000391,172.217.194.0-255,5738,24335,70,274940
92,0.000394,172.31.40.0-255,66,24401,70,274940
93,0.000423,172.217.194.0-255,5738,30139,70,274940
94,0.000427,172.31.40.0-255,66,30205,70,274940
95,0.000452,172.217.194.0-255,1125,31330,70,274940
96,0.000455,172.31.40.0-255,66,31396,70,274940
97,0.000505,172.217.194.0-255,1484,32880,70,274940
98,0.000508,172.31.40.0-255,66,32946,70,274940
99,0.000512,172.217.194.0-255,1484,34430,70,274940
100,0.000514,172.31.40.0-255,66,34496,70,274940
101,0.000539,172.217.194.0-255,1484,35980,70,274940
102,0.000542,172.31.40.0-255,66,36046,70,274940
103,0.000548,172.217.194.0-255,4320,40366,70,274940
104,0.000555,172.31.40.0-255,66,40432,70,274940
105,0.000575,172.217.194.0-255,1484,41916,70,274940
106,0.000582,172.31.40.0-255,66,41982,70,274940
107,0.00059,172.217.194.0-255,6797,48779,70,274940
108,0.000592,172.31.40.0-255,66,48845,70,274940
109,0.0006,172.217.194.0-255,7156,56001,70,274940
110,0.000603,172.31.40.0-255,66,56067,70,274940
111,0.000651,172.217.194.0-255,9923,65990,70,274940
112,0.000656,172.31.40.0-255,66,66056,70,274940
113,0.000659,172.217.194.0-255,98,66154,70,274940
114,0.000898,172.217.194.0-255,1484,67638,70,274940
115,0.000903,172.31.40.0-255,66,67704,70,274940
116,0.000909,172.217.194.0-255,2902,70606,70,274940
117,0.000911,172.31.40.0-255,66,70672,70,274940
118,0.000916,172.217.194.0-255,4320,74992,70,274940
119,0.000918,172.31.40.0-255,66,75058,70,274940
120,0.00095,172.217.194.0-255,1484,76542,70,274940
121,0.000964,172.31.40.0-255,66,76608,70,274940
122,0.000994,172.217.194.0-255,1484,78092,70,274940
123,0.001005,172.217.194.0-255,10692,88784,70,274940
124,0.001008,172.31.40.0-255,66,88850,70,274940
125,0.00111,172.217.194.0-255,1484,90334,70,274940
126,0.001124,172.217.194.0-255,2902,93236,70,274940
127,0.001127,172.31.40.0-255,66,93302,70,274940
128,0.001159,172.217.194.0-255,5738,99040,70,274940
129,0.001162,172.31.40.0-255,66,99106,70,274940
130,0.001166,172.217.194.0-255,1484,100590,70,274940
131,0.001208,172.31.40.0-255,66,100656,70,274940
132,0.001224,172.31.40.0-255,66,100722,70,274940
133,0.001237,172.217.194.0-255,8574,109296,70,274940
134,0.00124,172.31.40.0-255,66,109362,70,274940
135,0.001282,172.217.194.0-255,5738,115100,70,274940
136,0.001285,172.31.40.0-255,66,115166,70,274940
137,0.001326,172.31.40.0-255,66,115232,70,274940
138,0.001328,172.217.194.0-255,364,115596,70,274940
139,0.00155,172.217.194.0-255,1484,117080,70,274940
140,0.001554,172.31.40.0-255,66,117146,70,274940
141,0.001558,172.217.194.0-255,1484,118630,70,274940
142,0.001587,172.217.194.0-255,1484,120114,70,274940
143,0.00159,172.31.40.0-255,66,120180,70,274940
144,0.001597,172.217.194.0-255,5738,125918,70,274940
145,0.001599,172.31.40.0-255,66,125984,70,274940
146,0.001602,172.217.194.0-255,1484,127468,70,274940
147,0.001644,172.217.194.0-255,5738,133206,70,274940
148,0.001647,172.31.40.0-255,66,133272,70,274940
149,0.001679,172.217.194.0-255,2902,136174,70,274940
150,0.001686,172.31.40.0-255,66,136240,70,274940
151,0.001692,172.217.194.0-255,5738,141978,70,274940
152,0.001694,172.31.40.0-255,66,142044,70,274940
153,0.001702,172.217.194.0-255,7156,149200,70,274940
154,0.001704,172.31.40.0-255,66,149266,70,274940
155,0.001707,172.217.194.0-255,766,150032,70,274940
156,0.00171,172.217.194.0-255,1484,151516,70,274940
157,0.001712,172.31.40.0-255,66,151582,70,274940
158,0.001737,172.217.194.0-255,2902,154484,70,274940
159,0.00174,172.31.40.0-255,66,154550,70,274940
160,0.001747,172.217.194.0-255,5738,160288,70,274940
161,0.00175,172.31.40.0-255,66,160354,70,274940
162,0.001803,172.217.194.0-255,4320,164674,70,274940
163,0.001807,172.31.40.0-255,66,164740,70,274940
164,0.001832,172.217.194.0-255,5738,170478,70,274940
165,0.001835,172.31.40.0-255,66,170544,70,274940
166,0.001839,172.217.194.0-255,2902,173446,70,274940
167,0.001841,172.31.40.0-255,66,173512,70,274940
168,0.001878,172.217.194.0-255,9992,183504,70,274940
169,0.001881,172.31.40.0-255,66,183570,70,274940
170,0.001884,172.217.194.0-255,766,184336,70,274940
171,0.00221,172.217.194.0-255,1484,185820,70,274940
172,0.002214,172.31.40.0-255,66,185886,70,274940
173,0.00222,172.217.194.0-255,2902,188788,70,274940
174,0.002222,172.31.40.0-255,66,188854,70,274940
175,0.00224,172.217.194.0-255,1484,190338,70,274940
176,0.002266,172.217.194.0-255,2902,193240,70,274940
177,0.002268,172.31.40.0-255,66,193306,70,274940
178,0.002273,172.217.194.0-255,2902,196208,70,274940
179,0.002275,172.31.40.0-255,66,196274,70,274940
180,0.002317,172.217.194.0-255,5738,202012,70,274940
181,0.00232,172.31.40.0-255,66,202078,70,274940
182,0.002326,172.217.194.0-255,4320,206398,70,274940
183,0.002328,172.31.40.0-255,66,206464,70,274940
184,0.002355,172.217.194.0-255,7156,213620,70,274940
185,0.002358,172.31.40.0-255,66,213686,70,274940
186,0.002391,172.217.194.0-255,5020,218706,70,274940
187,0.002394,172.31.40.0-255,66,218772,70,274940
188,0.002464,172.217.194.0-255,1484,220256,70,274940
189,0.002468,172.217.194.0-255,1484,221740,70,274940
190,0.002471,172.31.40.0-255,66,221806,70,274940
191,0.002493,172.217.194.0-255,1484,223290,70,274940
192,0.0025,172.217.194.0-255,5738,229028,70,274940
193,0.002503,172.31.40.0-255,66,229094,70,274940
194,0.00251,172.217.194.0-255,7156,236250,70,274940
195,0.002513,172.31.40.0-255,66,236316,70,274940
196,0.002516,172.217.194.0-255,1484,237800,70,274940
197,0.002554,172.31.40.0-255,66,237866,70,274940
198,0.002559,172.217.194.0-255,2184,240050,70,274940
199,0.002561,172.31.40.0-255,66,240116,70,274940
200,0.005287,172.217.194.0-255,5738,245854,70,274940
201,0.005293,172.31.40.0-255,66,245920,70,274940
202,0.008081,172.217.194.0-255,5738,251658,70,274940
203,0.008088,172.31.40.0-255,66,251724,70,274940
204,0.01082,172.217.194.0-255,5738,257462,70,274940
205,0.010829,172.31.40.0-255,66,257528,70,274940
206,0.013578,172.217.194.0-255,5738,263266,70,274940
207,0.013587,172.31.40.0-255,66,263332,70,274940
208,0.016372,172.217.194.0-255,5738,269070,70,274940
209,0.016381,172.31.40.0-255,66,269136,70,274940
210,0.019147,172.217.194.0-255,5738,274874,70,274940
211,0.019156,172.31.40.0-255,66,274940,70,274940
212,0.0,216.58.221.0-255,153,153,70,182240
213,2.1e-05,172.31.40.0-255,66,219,70,182240
214,2.9e-05,216.58.221.0-255,1484,1703,70,182240
215,3.4e-05,172.31.40.0-255,66,1769,70,182240
216,3.9e-05,216.58.221.0-255,2902,4671,70,182240
217,5e-05,172.31.40.0-255,66,4737,70,182240
218,5.7e-05,216.58.221.0-255,7156,11893,70,182240
219,6e-05,172.31.40.0-255,66,11959,70,182240
220,6.4e-05,216.58.221.0-255,2057,14016,70,182240
221,6.6e-05,172.31.40.0-255,66,14082,70,182240
222,0.0001,216.58.221.0-255,2902,16984,70,182240
223,0.000103,172.31.40.0-255,66,17050,70,182240
224,0.000107,216.58.221.0-255,2902,19952,70,182240
225,0.000109,172.31.40.0-255,66,20018,70,182240
226,0.000116,216.58.221.0-255,4320,24338,70,182240
227,0.000119,172.31.40.0-255,66,24404,70,182240
228,0.000148,216.58.221.0-255,5738,30142,70,182240
229,0.000151,172.31.40.0-255,66,30208,70,182240
230,0.000176,216.58.221.0-255,1125,31333,70,182240
231,0.000179,172.31.40.0-255,66,31399,70,182240
232,0.000185,216.58.221.0-255,5738,37137,70,182240
233,0.000188,172.31.40.0-255,66,37203,70,182240
234,0.000219,216.58.221.0-255,1484,38687,70,182240
235,0.000222,172.31.40.0-255,66,38753,70,182240
236,0.000228,216.58.221.0-255,5738,44491,70,182240
237,0.00023,172.31.40.0-255,66,44557,70,182240
238,0.000251,216.58.221.0-255,3961,48518,70,182240
239,0.000254,172.31.40.0-255,66,48584,70,182240
240,0.000257,216.58.221.0-255,2902,51486,70,182240
241,0.000259,172.31.40.0-255,66,51552,70,182240
242,0.000292,216.58.221.0-255,1484,53036,70,182240
243,0.000295,172.31.40.0-255,66,53102,70,182240
244,0.000305,216.58.221.0-255,9992,63094,70,182240
245,0.000311,172.31.40.0-255,66,63160,70,182240
246,0.000315,216.58.221.0-255,2543,65703,70,182240
247,0.000317,172.31.40.0-255,66,65769,70,182240
248,0.000338,216.58.221.0-255,391,66160,70,182240
249,0.000858,216.58.221.0-255,116,66276,70,182240
250,0.001038,172.31.40.0-255,66,66342,70,182240
251,0.001227,216.58.221.0-255,1484,67826,70,182240
252,0.001238,216.58.221.0-255,2902,70728,70,182240
253,0.001242,172.31.40.0-255,66,70794,70,182240
254,0.001272,216.58.221.0-255,5738,76532,70,182240
255,0.001275,172.31.40.0-255,66,76598,70,182240
256,0.001294,216.58.221.0-255,2902,79500,70,182240
257,0.001296,172.31.40.0-255,66,79566,70,182240
258,0.001328,216.58.221.0-255,3961,83527,70,182240
259,0.001331,172.31.40.0-255,66,83593,70,182240
260,0.00134,216.58.221.0-255,7156,90749,70,182240
261,0.001342,172.31.40.0-255,66,90815,70,182240
262,0.001356,216.58.221.0-255,9633,100448,70,182240
263,0.001358,172.31.40.0-255,66,100514,70,182240
264,0.001908,216.58.221.0-255,1484,101998,70,182240
265,0.001917,216.58.221.0-255,2902,104900,70,182240
266,0.001921,172.31.40.0-255,66,104966,70,182240
267,0.001929,216.58.221.0-255,5738,110704,70,182240
268,0.001931,172.31.40.0-255,66,110770,70,182240
269,0.001943,216.58.221.0-255,5738,116508,70,182240
270,0.001945,172.31.40.0-255,66,116574,70,182240
271,0.001953,216.58.221.0-255,7156,123730,70,182240
272,0.001956,172.31.40.0-255,66,123796,70,182240
273,0.002017,216.58.221.0-255,7156,130952,70,182240
274,0.00202,172.31.40.0-255,66,131018,70,182240
275,0.002048,216.58.221.0-255,3602,134620,70,182240
276,0.00205,172.31.40.0-255,66,134686,70,182240
277,0.004059,216.58.221.0-255,1484,136170,70,182240
278,0.004092,216.58.221.0-255,1484,137654,70,182240
279,0.004096,172.31.40.0-255,66,137720,70,182240
280,0.004124,216.58.221.0-255,2902,140622,70,182240
281,0.004126,172.31.40.0-255,66,140688,70,182240
282,0.006405,216.58.221.0-255,2902,143590,70,182240
283,0.006408,172.31.40.0-255,66,143656,70,182240
284,0.006438,216.58.221.0-255,2902,146558,70,182240
285,0.006441,172.31.40.0-255,66,146624,70,182240
286,0.008457,216.58.221.0-255,2902,149526,70,182240
287,0.008464,172.31.40.0-255,66,149592,70,182240
288,0.008498,216.58.221.0-255,2902,152494,70,182240
289,0.008501,172.31.40.0-255,66,152560,70,182240
290,0.010517,216.58.221.0-255,2902,155462,70,182240
291,0.010524,172.31.40.0-255,66,155528,70,182240
292,0.010556,216.58.221.0-255,2902,158430,70,182240
293,0.010558,172.31.40.0-255,66,158496,70,182240
294,0.012576,216.58.221.0-255,2902,161398,70,182240
295,0.012585,172.31.40.0-255,66,161464,70,182240
296,0.012616,216.58.221.0-255,2902,164366,70,182240
297,0.01262,172.31.40.0-255,66,164432,70,182240
298,0.014635,216.58.221.0-255,2902,167334,70,182240
299,0.014643,172.31.40.0-255,66,167400,70,182240
300,0.014679,216.58.221.0-255,2902,170302,70,182240
301,0.014682,172.31.40.0-255,66,170368,70,182240
302,0.016693,216.58.221.0-255,2902,173270,70,182240
303,0.0167,172.31.40.0-255,66,173336,70,182240
304,0.016732,216.58.221.0-255,2902,176238,70,182240
305,0.016736,172.31.40.0-255,66,176304,70,182240
306,0.018744,216.58.221.0-255,2902,179206,70,182240
307,0.018752,172.31.40.0-255,66,179272,70,182240
308,0.01878,216.58.221.0-255,2902,182174,70,182240
309,0.018783,172.31.40.0-255,66,182240,70,182240
310,0.0,74.125.24.0-255,146,146,70,161625
311,2.4e-05,172.31.40.0-255,66,212,70,161625
312,3.1e-05,74.125.24.0-255,1484,1696,70,161625
313,3.6e-05,172.31.40.0-255,66,1762,70,161625
314,4.2e-05,74.125.24.0-255,2902,4664,70,161625
315,4.5e-05,172.31.40.0-255,66,4730,70,161625
316,5.2e-05,74.125.24.0-255,5738,10468,70,161625
317,5.5e-05,172.31.40.0-255,66,10534,70,161625
318,6.2e-05,74.125.24.0-255,4976,15510,70,161625
319,6.5e-05,172.31.40.0-255,66,15576,70,161625
320,7.1e-05,74.125.24.0-255,5738,21314,70,161625
321,7.4e-05,172.31.40.0-255,66,21380,70,161625
322,7.8e-05,74.125.24.0-255,1484,22864,70,161625
323,8.1e-05,172.31.40.0-255,66,22930,70,161625
324,0.000114,172.31.40.0-255,66,22996,70,161625
325,0.000127,172.31.40.0-255,66,23062,70,161625
326,0.000148,74.125.24.0-255,1484,24546,70,161625
327,0.00015,172.31.40.0-255,66,24612,70,161625
328,0.000154,74.125.24.0-255,2184,26796,70,161625
329,0.000156,172.31.40.0-255,66,26862,70,161625
330,0.000161,74.125.24.0-255,2902,29764,70,161625
331,0.000163,172.31.40.0-255,66,29830,70,161625
332,0.000187,74.125.24.0-255,2902,32732,70,161625
333,0.00019,172.31.40.0-255,66,32798,70,161625
334,0.000219,74.125.24.0-255,4320,37118,70,161625
335,0.000221,172.31.40.0-255,66,37184,70,161625
336,0.000227,74.125.24.0-255,5647,42831,70,161625
337,0.00023,172.31.40.0-255,66,42897,70,161625
338,0.000232,74.125.24.0-255,419,43316,70,161625
339,0.000234,172.31.40.0-255,66,43382,70,161625
340,0.000496,74.125.24.0-255,1484,44866,70,161625
341,0.000504,74.125.24.0-255,2902,47768,70,161625
342,0.000508,172.31.40.0-255,66,47834,70,161625
343,0.000515,74.125.24.0-255,5738,53572,70,161625
344,0.000518,172.31.40.0-255,66,53638,70,161625
345,0.000544,74.125.24.0-255,2902,56540,70,161625
346,0.000547,172.31.40.0-255,66,56606,70,161625
347,0.000568,172.31.40.0-255,66,56672,70,161625
348,0.000573,74.125.24.0-255,4320,60992,70,161625
349,0.000576,172.31.40.0-255,66,61058,70,161625
350,0.000603,74.125.24.0-255,4320,65378,70,161625
351,0.000606,172.31.40.0-255,66,65444,70,161625
352,0.000623,74.125.24.0-255,1125,66569,70,161625
353,0.00077,74.125.24.0-255,1484,68053,70,161625
354,0.000775,74.125.24.0-255,2902,70955,70,161625
355,0.00078,172.31.40.0-255,66,71021,70,161625
356,0.000788,172.31.40.0-255,66,71087,70,161625
357,0.000795,74.125.24.0-255,5738,76825,70,161625
358,0.000797,172.31.40.0-255,66,76891,70,161625
359,0.0008,74.125.24.0-255,1484,78375,70,161625
360,0.000842,172.31.40.0-255,66,78441,70,161625
361,0.000863,74.125.24.0-255,4320,82761,70,161625
362,0.000866,172.31.40.0-255,66,82827,70,161625
363,0.000881,74.125.24.0-255,6438,89265,70,161625
364,0.000884,172.31.40.0-255,66,89331,70,161625
365,0.001724,74.125.24.0-255,1484,90815,70,161625
366,0.001755,74.125.24.0-255,2902,93717,70,161625
367,0.001759,172.31.40.0-255,66,93783,70,161625
368,0.001767,74.125.24.0-255,5738,99521,70,161625
369,0.001769,172.31.40.0-255,66,99587,70,161625
370,0.001809,172.31.40.0-255,66,99653,70,161625
371,0.001853,172.31.40.0-255,66,99719,70,161625
372,0.001881,172.31.40.0-255,66,99785,70,161625
373,0.001886,74.125.24.0-255,2902,102687,70,161625
374,0.001888,172.31.40.0-255,66,102753,70,161625
375,0.001915,74.125.24.0-255,9992,112745,70,161625
376,0.001917,172.31.40.0-255,66,112811,70,161625
377,0.001934,74.125.24.0-255,3602,116413,70,161625
378,0.001937,172.31.40.0-255,66,116479,70,161625
379,0.003914,74.125.24.0-255,1484,117963,70,161625
380,0.003943,74.125.24.0-255,4320,122283,70,161625
381,0.003948,172.31.40.0-255,66,122349,70,161625
382,0.005951,74.125.24.0-255,4320,126669,70,161625
383,0.005954,172.31.40.0-255,66,126735,70,161625
384,0.00597,74.125.24.0-255,1484,128219,70,161625
385,0.007947,74.125.24.0-255,4320,132539,70,161625
386,0.007953,172.31.40.0-255,66,132605,70,161625
387,0.009955,74.125.24.0-255,5738,138343,70,161625
388,0.009963,172.31.40.0-255,66,138409,70,161625
389,0.011983,74.125.24.0-255,5738,144147,70,161625
390,0.011992,172.31.40.0-255,66,144213,70,161625
391,0.014017,74.125.24.0-255,5738,149951,70,161625
392,0.014025,172.31.40.0-255,66,150017,70,161625
393,0.01607,74.125.24.0-255,5738,155755,70,161625
394,0.016077,172.31.40.0-255,66,155821,70,161625
395,0.018085,74.125.24.0-255,5738,161559,70,161625
396,0.018093,172.31.40.0-255,66,161625,70,161625
397,0.0,172.217.194.0-255,146,146,70,328769
398,2.2e-05,172.31.40.0-255,66,212,70,328769
399,2.9e-05,172.217.194.0-255,1484,1696,70,328769
400,3.3e-05,172.31.40.0-255,66,1762,70,328769
401,4e-05,172.217.194.0-255,2902,4664,70,328769
402,4.4e-05,172.31.40.0-255,66,4730,70,328769
403,5.1e-05,172.217.194.0-255,7156,11886,70,328769
404,5.4e-05,172.31.40.0-255,66,11952,70,328769
405,8e-05,172.217.194.0-255,2037,13989,70,328769
406,8.3e-05,172.31.40.0-255,66,14055,70,328769
407,0.000117,172.217.194.0-255,1484,15539,70,328769
408,0.000119,172.31.40.0-255,66,15605,70,328769
409,0.000123,172.217.194.0-255,2902,18507,70,328769
410,0.000126,172.31.40.0-255,66,18573,70,328769
411,0.000128,172.217.194.0-255,1484,20057,70,328769
412,0.00013,172.31.40.0-255,66,20123,70,328769
413,0.000148,172.217.194.0-255,4320,24443,70,328769
414,0.00015,172.31.40.0-255,66,24509,70,328769
415,0.000179,172.217.194.0-255,2902,27411,70,328769
416,0.000181,172.31.40.0-255,66,27477,70,328769
417,0.000196,172.217.194.0-255,3961,31438,70,328769
418,0.000199,172.31.40.0-255,66,31504,70,328769
419,0.000207,172.217.194.0-255,7156,38660,70,328769
420,0.000209,172.31.40.0-255,66,38726,70,328769
421,0.000248,172.31.40.0-255,66,38792,70,328769
422,0.000274,172.217.194.0-255,5738,44530,70,328769
423,0.000276,172.31.40.0-255,66,44596,70,328769
424,0.000296,172.217.194.0-255,5020,49616,70,328769
425,0.000298,172.31.40.0-255,66,49682,70,328769
426,0.0003,172.217.194.0-255,375,50057,70,328769
427,0.000302,172.31.40.0-255,66,50123,70,328769
428,0.000354,172.217.194.0-255,367,50490,70,328769
429,0.000609,172.217.194.0-255,1484,51974,70,328769
430,0.000614,172.31.40.0-255,66,52040,70,328769
431,0.000635,172.217.194.0-255,2902,54942,70,328769
432,0.000638,172.31.40.0-255,66,55008,70,328769
433,0.000644,172.217.194.0-255,4320,59328,70,328769
434,0.000646,172.31.40.0-255,66,59394,70,328769
435,0.000658,172.217.194.0-255,1484,60878,70,328769
436,0.000687,172.217.194.0-255,4320,65198,70,328769
437,0.000691,172.31.40.0-255,66,65264,70,328769
438,0.000707,172.217.194.0-255,7156,72420,70,328769
439,0.00071,172.31.40.0-255,66,72486,70,328769
440,0.000737,172.217.194.0-255,1484,73970,70,328769
441,0.000746,172.217.194.0-255,8574,82544,70,328769
442,0.000749,172.31.40.0-255,66,82610,70,328769
443,0.000753,172.217.194.0-255,2184,84794,70,328769
444,0.000754,172.31.40.0-255,66,84860,70,328769
445,0.000899,172.217.194.0-255,1484,86344,70,328769
446,0.000916,172.217.194.0-255,2902,89246,70,328769
447,0.000919,172.31.40.0-255,66,89312,70,328769
448,0.000925,172.217.194.0-255,4320,93632,70,328769
449,0.000927,172.31.40.0-255,66,93698,70,328769
450,0.00095,172.217.194.0-255,1484,95182,70,328769
451,0.000978,172.217.194.0-255,2902,98084,70,328769
452,0.000983,172.31.40.0-255,66,98150,70,328769
453,0.001,172.217.194.0-255,9992,108142,70,328769
454,0.001002,172.31.40.0-255,66,108208,70,328769
455,0.001023,172.217.194.0-255,7156,115364,70,328769
456,0.001026,172.31.40.0-255,66,115430,70,328769
457,0.00105,172.217.194.0-255,3602,119032,70,328769
458,0.001053,172.31.40.0-255,66,119098,70,328769
459,0.00115,172.217.194.0-255,1484,120582,70,328769
460,0.001167,172.217.194.0-255,2902,123484,70,328769
461,0.00117,172.31.40.0-255,66,123550,70,328769
462,0.001197,172.217.194.0-255,5738,129288,70,328769
463,0.0012,172.31.40.0-255,66,129354,70,328769
464,0.001218,172.217.194.0-255,4320,133674,70,328769
465,0.001221,172.31.40.0-255,66,133740,70,328769
466,0.001236,172.217.194.0-255,4320,138060,70,328769
467,0.001239,172.31.40.0-255,66,138126,70,328769
468,0.001244,172.217.194.0-255,2902,141028,70,328769
469,0.001247,172.31.40.0-255,66,141094,70,328769
470,0.001272,172.217.194.0-255,7156,148250,70,328769
471,0.001275,172.31.40.0-255,66,148316,70,328769
472,0.001281,172.217.194.0-255,5020,153336,70,328769
473,0.001283,172.31.40.0-255,66,153402,70,328769
474,0.001321,172.217.194.0-255,1484,154886,70,328769
475,0.001325,172.217.194.0-255,2902,157788,70,328769
476,0.00133,172.31.40.0-255,66,157854,70,328769
477,0.001353,172.217.194.0-255,5738,163592,70,328769
478,0.001356,172.31.40.0-255,66,163658,70,328769
479,0.001363,172.217.194.0-255,7156,170814,70,328769
480,0.001365,172.31.40.0-255,66,170880,70,328769
481,0.001384,172.217.194.0-255,5738,176618,70,328769
482,0.001386,172.31.40.0-255,66,176684,70,328769
483,0.001393,172.217.194.0-255,7156,183840,70,328769
484,0.001395,172.31.40.0-255,66,183906,70,328769
485,0.001417,172.217.194.0-255,3602,187508,70,328769
486,0.001419,172.31.40.0-255,66,187574,70,328769
487,0.001634,172.217.194.0-255,1484,189058,70,328769
488,0.001639,172.217.194.0-255,1484,190542,70,328769
489,0.001642,172.31.40.0-255,66,190608,70,328769
490,0.001653,172.217.194.0-255,1484,192092,70,328769
491,0.001659,172.217.194.0-255,5738,197830,70,328769
492,0.001662,172.31.40.0-255,66,197896,70,328769
493,0.001681,172.217.194.0-255,2902,200798,70,328769
494,0.001683,172.31.40.0-255,66,200864,70,328769
495,0.001711,172.217.194.0-255,2902,203766,70,328769
496,0.001714,172.31.40.0-255,66,203832,70,328769
497,0.001721,172.217.194.0-255,7156,210988,70,328769
498,0.001724,172.31.40.0-255,66,211054,70,328769
499,0.001728,172.217.194.0-255,4320,215374,70,328769
500,0.001731,172.31.40.0-255,66,215440,70,328769
501,0.001752,172.217.194.0-255,4320,219760,70,328769
502,0.001755,172.31.40.0-255,66,219826,70,328769
503,0.001778,172.217.194.0-255,2184,222010,70,328769
504,0.00178,172.31.40.0-255,66,222076,70,328769
505,0.00184,172.217.194.0-255,1484,223560,70,328769
506,0.001846,172.217.194.0-255,2902,226462,70,328769
507,0.001849,172.31.40.0-255,66,226528,70,328769
508,0.001882,172.217.194.0-255,1484,228012,70,328769
509,0.001899,172.217.194.0-255,4320,232332,70,328769
510,0.001901,172.31.40.0-255,66,232398,70,328769
511,0.001929,172.31.40.0-255,66,232464,70,328769
512,0.001938,172.217.194.0-255,9992,242456,70,328769
513,0.00194,172.31.40.0-255,66,242522,70,328769
514,0.001943,172.217.194.0-255,766,243288,70,328769
515,0.002034,172.217.194.0-255,1484,244772,70,328769
516,0.002038,172.31.40.0-255,66,244838,70,328769
517,0.002044,172.217.194.0-255,2902,247740,70,328769
518,0.002046,172.31.40.0-255,66,247806,70,328769
519,0.002052,172.217.194.0-255,4320,252126,70,328769
520,0.002055,172.31.40.0-255,66,252192,70,328769
521,0.002076,172.217.194.0-255,1484,253676,70,328769
522,0.002084,172.217.194.0-255,8574,262250,70,328769
523,0.002087,172.31.40.0-255,66,262316,70,328769
524,0.002109,172.217.194.0-255,4320,266636,70,328769
525,0.002111,172.31.40.0-255,66,266702,70,328769
526,0.002122,172.217.194.0-255,10692,277394,70,328769
527,0.002124,172.31.40.0-255,66,277460,70,328769
528,0.002157,172.217.194.0-255,1484,278944,70,328769
529,0.00216,172.217.194.0-255,1484,280428,70,328769
530,0.002163,172.31.40.0-255,66,280494,70,328769
531,0.00218,172.217.194.0-255,1484,281978,70,328769
532,0.002187,172.217.194.0-255,5738,287716,70,328769
533,0.002189,172.31.40.0-255,66,287782,70,328769
534,0.002205,172.217.194.0-255,7156,294938,70,328769
535,0.002208,172.31.40.0-255,66,295004,70,328769
536,0.002232,172.217.194.0-255,4320,299324,70,328769
537,0.002235,172.31.40.0-255,66,299390,70,328769
538,0.002244,172.217.194.0-255,9992,309382,70,328769
539,0.002246,172.31.40.0-255,66,309448,70,328769
540,0.002276,172.217.194.0-255,9274,318722,70,328769
541,0.002279,172.31.40.0-255,66,318788,70,328769
542,0.002309,172.217.194.0-255,1484,320272,70,328769
543,0.002346,172.217.194.0-255,4320,324592,70,328769
544,0.00238,172.217.194.0-255,3738,328330,70,328769
545,0.002384,172.217.194.0-255,97,328427,70,328769
546,0.002413,172.217.194.0-255,105,328532,70,328769
547,0.002958,172.31.40.0-255,66,328598,70,328769
548,0.010624,172.31.40.0-255,105,328703,70,328769
549,0.013245,172.217.194.0-255,66,328769,70,328769
550,0.0,74.125.200.0-255,152,152,70,238787
551,2.6e-05,172.31.40.0-255,66,218,70,238787
552,3.4e-05,74.125.200.0-255,1484,1702,70,238787
553,3.9e-05,172.31.40.0-255,66,1768,70,238787
554,4.5e-05,74.125.200.0-255,2902,4670,70,238787
555,7.7e-05,172.31.40.0-255,66,4736,70,238787
556,8e-05,74.125.200.0-255,1484,6220,70,238787
557,8.3e-05,172.31.40.0-255,66,6286,70,238787
558,8.9e-05,74.125.200.0-255,2902,9188,70,238787
559,9.2e-05,172.31.40.0-255,66,9254,70,238787
560,0.000133,74.125.200.0-255,4900,14154,70,238787
561,0.000136,172.31.40.0-255,66,14220,70,238787
562,0.000195,74.125.200.0-255,1484,15704,70,238787
563,0.000198,172.31.40.0-255,66,15770,70,238787
564,0.000216,74.125.200.0-255,2902,18672,70,238787
565,0.000219,172.31.40.0-255,66,18738,70,238787
566,0.000223,74.125.200.0-255,2902,21640,70,238787
567,0.000226,172.31.40.0-255,66,21706,70,238787
568,0.000254,74.125.200.0-255,1484,23190,70,238787
569,0.000257,172.31.40.0-255,66,23256,70,238787
570,0.000264,74.125.200.0-255,5738,28994,70,238787
571,0.000267,172.31.40.0-255,66,29060,70,238787
572,0.000304,74.125.200.0-255,3961,33021,70,238787
573,0.000307,172.31.40.0-255,66,33087,70,238787
574,0.000312,74.125.200.0-255,4320,37407,70,238787
575,0.000314,172.31.40.0-255,66,37473,70,238787
576,0.00032,74.125.200.0-255,5738,43211,70,238787
577,0.000323,172.31.40.0-255,66,43277,70,238787
578,0.000337,172.31.40.0-255,66,43343,70,238787
579,0.000342,74.125.200.0-255,4320,47663,70,238787
580,0.000344,172.31.40.0-255,66,47729,70,238787
581,0.000374,74.125.200.0-255,2902,50631,70,238787
582,0.000376,172.31.40.0-255,66,50697,70,238787
583,0.000396,74.125.200.0-255,3937,54634,70,238787
584,0.000398,172.31.40.0-255,66,54700,70,238787
585,0.000401,74.125.200.0-255,108,54808,70,238787
586,0.000513,74.125.200.0-255,1484,56292,70,238787
587,0.000517,172.31.40.0-255,66,56358,70,238787
588,0.000523,74.125.200.0-255,2902,59260,70,238787
589,0.000525,172.31.40.0-255,66,59326,70,238787
590,0.000534,74.125.200.0-255,2902,62228,70,238787
591,0.000537,172.31.40.0-255,66,62294,70,238787
592,0.000559,74.125.200.0-255,2902,65196,70,238787
593,0.000562,172.31.40.0-255,66,65262,70,238787
594,0.000567,74.125.200.0-255,4320,69582,70,238787
595,0.000569,172.31.40.0-255,66,69648,70,238787
596,0.000605,74.125.200.0-255,8574,78222,70,238787
597,0.000608,172.31.40.0-255,66,78288,70,238787
598,0.000614,74.125.200.0-255,4320,82608,70,238787
599,0.000616,172.31.40.0-255,66,82674,70,238787
600,0.000622,74.125.200.0-255,5738,88412,70,238787
601,0.000625,172.31.40.0-255,66,88478,70,238787
602,0.000627,74.125.200.0-255,1031,89509,70,238787
603,0.00082,74.125.200.0-255,1484,90993,70,238787
604,0.000826,172.31.40.0-255,66,91059,70,238787
605,0.00083,74.125.200.0-255,1484,92543,70,238787
606,0.000851,74.125.200.0-255,1484,94027,70,238787
607,0.000854,172.31.40.0-255,66,94093,70,238787
608,0.000861,74.125.200.0-255,5738,99831,70,238787
609,0.000863,172.31.40.0-255,66,99897,70,238787
610,0.000892,74.125.200.0-255,7156,107053,70,238787
611,0.000895,172.31.40.0-255,66,107119,70,238787
612,0.000923,74.125.200.0-255,5738,112857,70,238787
613,0.000926,172.31.40.0-255,66,112923,70,238787
614,0.000966,74.125.200.0-255,10692,123615,70,238787
615,0.00097,172.31.40.0-255,66,123681,70,238787
616,0.001239,74.125.200.0-255,1484,125165,70,238787
617,0.001272,74.125.200.0-255,2902,128067,70,238787
618,0.001276,172.31.40.0-255,66,128133,70,238787
619,0.001279,74.125.200.0-255,1484,129617,70,238787
620,0.001309,74.125.200.0-255,2902,132519,70,238787
621,0.001311,172.31.40.0-255,66,132585,70,238787
622,0.001319,74.125.200.0-255,7156,139741,70,238787
623,0.001322,172.31.40.0-255,66,139807,70,238787
624,0.001331,74.125.200.0-255,2902,142709,70,238787
625,0.001333,172.31.40.0-255,66,142775,70,238787
626,0.001361,74.125.200.0-255,5738,148513,70,238787
627,0.001364,172.31.40.0-255,66,148579,70,238787
628,0.001367,74.125.200.0-255,1484,150063,70,238787
629,0.001391,74.125.200.0-255,5738,155801,70,238787
630,0.001394,172.31.40.0-255,66,155867,70,238787
631,0.001398,74.125.200.0-255,2184,158051,70,238787
632,0.0014,172.31.40.0-255,66,158117,70,238787
633,0.001404,74.125.200.0-255,2902,161019,70,238787
634,0.001407,172.31.40.0-255,66,161085,70,238787
635,0.00145,74.125.200.0-255,2902,163987,70,238787
636,0.001453,172.31.40.0-255,66,164053,70,238787
637,0.00148,74.125.200.0-255,4320,168373,70,238787
638,0.001483,172.31.40.0-255,66,168439,70,238787
639,0.001489,74.125.200.0-255,4320,172759,70,238787
640,0.001491,172.31.40.0-255,66,172825,70,238787
641,0.0015,74.125.200.0-255,8574,181399,70,238787
642,0.001502,172.31.40.0-255,66,181465,70,238787
643,0.001529,74.125.200.0-255,4320,185785,70,238787
644,0.001532,172.31.40.0-255,66,185851,70,238787
645,0.00154,74.125.200.0-255,6438,192289,70,238787
646,0.001542,172.31.40.0-255,66,192355,70,238787
647,0.003571,74.125.200.0-255,5738,198093,70,238787
648,0.003583,172.31.40.0-255,66,198159,70,238787
649,0.005605,74.125.200.0-255,5738,203897,70,238787
650,0.00561,172.31.40.0-255,66,203963,70,238787
651,0.00766,74.125.200.0-255,5738,209701,70,238787
652,0.007669,172.31.40.0-255,66,209767,70,238787
653,0.009716,74.125.200.0-255,5738,215505,70,238787
654,0.009727,172.31.40.0-255,66,215571,70,238787
655,0.011782,74.125.200.0-255,5738,221309,70,238787
656,0.011796,172.31.40.0-255,66,221375,70,238787
657,0.013852,74.125.200.0-255,5738,227113,70,238787
658,0.013867,172.31.40.0-255,66,227179,70,238787
659,0.015911,74.125.200.0-255,5738,232917,70,238787
660,0.015921,172.31.40.0-255,66,232983,70,238787
661,0.017951,74.125.200.0-255,5738,238721,70,238787
662,0.017962,172.31.40.0-255,66,238787,70,238787
663,0.0,74.125.24.0-255,150,150,70,310640
664,2.2e-05,172.31.40.0-255,66,216,70,310640
665,2.9e-05,74.125.24.0-255,1484,1700,70,310640
666,3.5e-05,172.31.40.0-255,66,1766,70,310640
667,4.1e-05,74.125.24.0-255,2902,4668,70,310640
668,4.6e-05,172.31.40.0-255,66,4734,70,310640
669,5.4e-05,74.125.24.0-255,7156,11890,70,310640
670,5.8e-05,172.31.40.0-255,66,11956,70,310640
671,6.1e-05,74.125.24.0-255,2090,14046,70,310640
672,6.4e-05,172.31.40.0-255,66,14112,70,310640
673,0.000264,74.125.24.0-255,1484,15596,70,310640
674,0.000274,172.31.40.0-255,66,15662,70,310640
675,0.000283,74.125.24.0-255,2902,18564,70,310640
676,0.000287,172.31.40.0-255,66,18630,70,310640
677,0.000294,74.125.24.0-255,5738,24368,70,310640
678,0.000297,172.31.40.0-255,66,24434,70,310640
679,0.000304,74.125.24.0-255,6797,31231,70,310640
680,0.000306,172.31.40.0-255,66,31297,70,310640
681,0.000497,74.125.24.0-255,1484,32781,70,310640
682,0.000502,172.31.40.0-255,66,32847,70,310640
683,0.000506,74.125.24.0-255,1484,34331,70,310640
684,0.000508,172.31.40.0-255,66,34397,70,310640
685,0.000521,74.125.24.0-255,1484,35881,70,310640
686,0.000524,172.31.40.0-255,66,35947,70,310640
687,0.000529,74.125.24.0-255,4320,40267,70,310640
688,0.000532,172.31.40.0-255,66,40333,70,310640
689,0.000546,74.125.24.0-255,1484,41817,70,310640
690,0.000548,172.31.40.0-255,66,41883,70,310640
691,0.000553,74.125.24.0-255,2902,44785,70,310640
692,0.000555,172.31.40.0-255,66,44851,70,310640
693,0.000586,74.125.24.0-255,6797,51648,70,310640
694,0.000589,172.31.40.0-255,66,51714,70,310640
695,0.000599,74.125.24.0-255,9992,61706,70,310640
696,0.000601,172.31.40.0-255,66,61772,70,310640
697,0.000607,74.125.24.0-255,3961,65733,70,310640
698,0.000609,172.31.40.0-255,66,65799,70,310640
699,0.001003,74.125.24.0-255,645,66444,70,310640
700,0.001056,74.125.24.0-255,1484,67928,70,310640
701,0.00106,172.31.40.0-255,66,67994,70,310640
702,0.001081,74.125.24.0-255,1484,69478,70,310640
703,0.001093,74.125.24.0-255,1484,70962,70,310640
704,0.001095,172.31.40.0-255,66,71028,70,310640
705,0.001099,74.125.24.0-255,1484,72512,70,310640
706,0.001117,74.125.24.0-255,2902,75414,70,310640
707,0.00112,172.31.40.0-255,66,75480,70,310640
708,0.001157,74.125.24.0-255,1484,76964,70,310640
709,0.001173,74.125.24.0-255,5738,82702,70,310640
710,0.001176,172.31.40.0-255,66,82768,70,310640
711,0.001193,74.125.24.0-255,1484,84252,70,310640
712,0.0012,74.125.24.0-255,5738,89990,70,310640
713,0.001202,172.31.40.0-255,66,90056,70,310640
714,0.001214,74.125.24.0-255,2902,92958,70,310640
715,0.001218,172.31.40.0-255,66,93024,70,310640
716,0.001245,74.125.24.0-255,5738,98762,70,310640
717,0.001248,172.31.40.0-255,66,98828,70,310640
718,0.001271,74.125.24.0-255,2184,101012,70,310640
719,0.001274,172.31.40.0-255,66,101078,70,310640
720,0.001292,74.125.24.0-255,2902,103980,70,310640
721,0.001296,74.125.24.0-255,2902,106882,70,310640
722,0.0013,172.31.40.0-255,66,106948,70,310640
723,0.001303,172.31.40.0-255,66,107014,70,310640
724,0.001323,74.125.24.0-255,4320,111334,70,310640
725,0.001325,172.31.40.0-255,66,111400,70,310640
726,0.001348,74.125.24.0-255,2902,114302,70,310640
727,0.001351,172.31.40.0-255,66,114368,70,310640
728,0.001369,74.125.24.0-255,1484,115852,70,310640
729,0.001376,74.125.24.0-255,4320,120172,70,310640
730,0.001378,172.31.40.0-255,66,120238,70,310640
731,0.001396,74.125.24.0-255,1484,121722,70,310640
732,0.001402,74.125.24.0-255,4320,126042,70,310640
733,0.001408,74.125.24.0-255,7156,133198,70,310640
734,0.001413,172.31.40.0-255,66,133264,70,310640
735,0.001416,172.31.40.0-255,66,133330,70,310640
736,0.001443,74.125.24.0-255,2184,135514,70,310640
737,0.001447,172.31.40.0-255,66,135580,70,310640
738,0.001456,74.125.24.0-255,9992,145572,70,310640
739,0.001458,172.31.40.0-255,66,145638,70,310640
740,0.001471,172.31.40.0-255,66,145704,70,310640
741,0.001484,172.31.40.0-255,66,145770,70,310640
742,0.001498,172.31.40.0-255,66,145836,70,310640
743,0.001508,74.125.24.0-255,9992,155828,70,310640
744,0.001511,172.31.40.0-255,66,155894,70,310640
745,0.001536,74.125.24.0-255,4320,160214,70,310640
746,0.001539,172.31.40.0-255,66,160280,70,310640
747,0.001544,74.125.24.0-255,4320,164600,70,310640
748,0.001546,172.31.40.0-255,66,164666,70,310640
749,0.001563,74.125.24.0-255,2184,166850,70,310640
750,0.001565,172.31.40.0-255,66,166916,70,310640
751,0.001685,74.125.24.0-255,1484,168400,70,310640
752,0.001692,74.125.24.0-255,2902,171302,70,310640
753,0.001695,172.31.40.0-255,66,171368,70,310640
754,0.001719,74.125.24.0-255,1484,172852,70,310640
755,0.001724,74.125.24.0-255,2902,175754,70,310640
756,0.001727,172.31.40.0-255,66,175820,70,310640
757,0.001745,74.125.24.0-255,4320,180140,70,310640
758,0.001748,172.31.40.0-255,66,180206,70,310640
759,0.001768,74.125.24.0-255,1484,181690,70,310640
760,0.001771,74.125.24.0-255,1484,183174,70,310640
761,0.001774,172.31.40.0-255,66,183240,70,310640
762,0.001778,74.125.24.0-255,2902,186142,70,310640
763,0.00178,172.31.40.0-255,66,186208,70,310640
764,0.001795,74.125.24.0-255,5738,191946,70,310640
765,0.001797,172.31.40.0-255,66,192012,70,310640
766,0.001827,74.125.24.0-255,9274,201286,70,310640
767,0.00183,172.31.40.0-255,66,201352,70,310640
768,0.001977,74.125.24.0-255,1484,202836,70,310640
769,0.001992,74.125.24.0-255,2902,205738,70,310640
770,0.001994,172.31.40.0-255,66,205804,70,310640
771,0.002012,74.125.24.0-255,5738,211542,70,310640
772,0.002015,172.31.40.0-255,66,211608,70,310640
773,0.002054,74.125.24.0-255,4320,215928,70,310640
774,0.002056,172.31.40.0-255,66,215994,70,310640
775,0.002077,74.125.24.0-255,1484,217478,70,310640
776,0.002089,172.31.40.0-255,66,217544,70,310640
777,0.002092,74.125.24.0-255,1484,219028,70,310640
778,0.002102,74.125.24.0-255,1484,220512,70,310640
779,0.002104,172.31.40.0-255,66,220578,70,310640
780,0.002122,74.125.24.0-255,7156,227734,70,310640
781,0.002124,172.31.40.0-255,66,227800,70,310640
782,0.002152,74.125.24.0-255,6438,234238,70,310640
783,0.002154,172.31.40.0-255,66,234304,70,310640
784,0.00216,74.125.24.0-255,5738,240042,70,310640
785,0.002162,172.31.40.0-255,66,240108,70,310640
786,0.002172,74.125.24.0-255,1484,241592,70,310640
787,0.002185,74.125.24.0-255,2902,244494,70,310640
788,0.002187,172.31.40.0-255,66,244560,70,310640
789,0.002212,74.125.24.0-255,7156,251716,70,310640
790,0.002214,172.31.40.0-255,66,251782,70,310640
791,0.002219,74.125.24.0-255,4320,256102,70,310640
792,0.002221,172.31.40.0-255,66,256168,70,310640
793,0.002235,74.125.24.0-255,6438,262606,70,310640
794,0.002237,172.31.40.0-255,66,262672,70,310640
795,0.002241,74.125.24.0-255,2902,265574,70,310640
796,0.002243,172.31.40.0-255,66,265640,70,310640
797,0.002277,172.31.40.0-255,66,265706,70,310640
798,0.002312,74.125.24.0-255,6438,272144,70,310640
799,0.002315,172.31.40.0-255,66,272210,70,310640
800,0.002317,74.125.24.0-255,1484,273694,70,310640
801,0.002334,172.31.40.0-255,66,273760,70,310640
802,0.0045,74.125.24.0-255,5738,279498,70,310640
803,0.004507,172.31.40.0-255,66,279564,70,310640
804,0.006653,74.125.24.0-255,2902,282466,70,310640
805,0.006656,172.31.40.0-255,66,282532,70,310640
806,0.006672,74.125.24.0-255,2902,285434,70,310640
807,0.006674,172.31.40.0-255,66,285500,70,310640
808,0.008829,74.125.24.0-255,2902,288402,70,310640
809,0.008833,172.31.40.0-255,66,288468,70,310640
810,0.008857,74.125.24.0-255,2902,291370,70,310640
811,0.00886,172.31.40.0-255,66,291436,70,310640
812,0.011108,74.125.24.0-255,4320,295756,70,310640
813,0.011115,172.31.40.0-255,66,295822,70,310640
814,0.011133,74.125.24.0-255,1484,297306,70,310640
815,0.013259,74.125.24.0-255,2902,300208,70,310640
816,0.013267,172.31.40.0-255,66,300274,70,310640
817,0.013285,74.125.24.0-255,1484,301758,70,310640
818,0.015428,74.125.24.0-255,4320,306078,70,310640
819,0.015438,172.31.40.0-255,66,306144,70,310640
820,0.017639,74.125.24.0-255,4325,310469,70,310640
821,0.017647,172.31.40.0-255,66,310535,70,310640
822,0.018991,172.31.40.0-255,105,310640,70,310640
823,0.0,172.217.194.0-255,153,153,70,306356
824,1.5e-05,172.31.40.0-255,66,219,70,306356
825,2e-05,172.217.194.0-255,1484,1703,70,306356
826,2.5e-05,172.31.40.0-255,66,1769,70,306356
827,3e-05,172.217.194.0-255,2902,4671,70,306356
828,4e-05,172.31.40.0-255,66,4737,70,306356
829,4.7e-05,172.217.194.0-255,5738,10475,70,306356
830,4.9e-05,172.31.40.0-255,66,10541,70,306356
831,0.000114,172.217.194.0-255,2902,13443,70,306356
832,0.000117,172.31.40.0-255,66,13509,70,306356
833,0.000129,172.217.194.0-255,2093,15602,70,306356
834,0.000135,172.31.40.0-255,66,15668,70,306356
835,0.000142,172.217.194.0-255,5738,21406,70,306356
836,0.000144,172.31.40.0-255,66,21472,70,306356
837,0.000197,172.217.194.0-255,9633,31105,70,306356
838,0.000199,172.31.40.0-255,66,31171,70,306356
839,0.000252,172.217.194.0-255,1484,32655,70,306356
840,0.000255,172.31.40.0-255,66,32721,70,306356
841,0.000258,172.217.194.0-255,1484,34205,70,306356
842,0.00026,172.31.40.0-255,66,34271,70,306356
843,0.000274,172.217.194.0-255,1484,35755,70,306356
844,0.000276,172.31.40.0-255,66,35821,70,306356
845,0.000283,172.217.194.0-255,5738,41559,70,306356
846,0.000285,172.31.40.0-255,66,41625,70,306356
847,0.000289,172.217.194.0-255,2902,44527,70,306356
848,0.000291,172.31.40.0-255,66,44593,70,306356
849,0.000325,172.217.194.0-255,3961,48554,70,306356
850,0.000328,172.31.40.0-255,66,48620,70,306356
851,0.000341,172.31.40.0-255,66,48686,70,306356
852,0.000345,172.217.194.0-255,2793,51479,70,306356
853,0.000347,172.31.40.0-255,66,51545,70,306356
854,0.00037,172.217.194.0-255,435,51980,70,306356
855,0.000466,172.217.194.0-255,1484,53464,70,306356
856,0.000469,172.31.40.0-255,66,53530,70,306356
857,0.000475,172.217.194.0-255,2902,56432,70,306356
858,0.000477,172.31.40.0-255,66,56498,70,306356
859,0.000496,172.217.194.0-255,5738,62236,70,306356
860,0.000502,172.31.40.0-255,66,62302,70,306356
861,0.000529,172.31.40.0-255,66,62368,70,306356
862,0.000533,172.217.194.0-255,2902,65270,70,306356
863,0.000535,172.31.40.0-255,66,65336,70,306356
864,0.000568,172.217.194.0-255,7856,73192,70,306356
865,0.000571,172.31.40.0-255,66,73258,70,306356
866,0.001466,172.217.194.0-255,1484,74742,70,306356
867,0.001475,172.217.194.0-255,2902,77644,70,306356
868,0.001479,172.31.40.0-255,66,77710,70,306356
869,0.001507,172.217.194.0-255,5738,83448,70,306356
870,0.00151,172.31.40.0-255,66,83514,70,306356
871,0.001515,172.217.194.0-255,4320,87834,70,306356
872,0.001517,172.31.40.0-255,66,87900,70,306356
873,0.001551,172.217.194.0-255,8574,96474,70,306356
874,0.001553,172.31.40.0-255,66,96540,70,306356
875,0.001556,172.217.194.0-255,1484,98024,70,306356
876,0.001579,172.217.194.0-255,5738,103762,70,306356
877,0.001581,172.31.40.0-255,66,103828,70,306356
878,0.001599,172.217.194.0-255,3602,107430,70,306356
879,0.001602,172.31.40.0-255,66,107496,70,306356
880,0.002098,172.217.194.0-255,1484,108980,70,306356
881,0.002105,172.217.194.0-255,2902,111882,70,306356
882,0.002108,172.31.40.0-255,66,111948,70,306356
883,0.002116,172.217.194.0-255,5738,117686,70,306356
884,0.002117,172.31.40.0-255,66,117752,70,306356
885,0.002134,172.31.40.0-255,66,117818,70,306356
886,0.002142,172.217.194.0-255,8574,126392,70,306356
887,0.002147,172.31.40.0-255,66,126458,70,306356
888,0.00216,172.217.194.0-255,1484,127942,70,306356
889,0.002176,172.217.194.0-255,766,128708,70,306356
890,0.002178,172.31.40.0-255,66,128774,70,306356
891,0.002191,172.217.194.0-255,2902,131676,70,306356
892,0.002196,172.31.40.0-255,66,131742,70,306356
893,0.002221,172.217.194.0-255,7156,138898,70,306356
894,0.002223,172.31.40.0-255,66,138964,70,306356
895,0.002226,172.217.194.0-255,1484,140448,70,306356
896,0.002246,172.217.194.0-255,5738,146186,70,306356
897,0.002247,172.31.40.0-255,66,146252,70,306356
898,0.002253,172.217.194.0-255,4320,150572,70,306356
899,0.002254,172.31.40.0-255,66,150638,70,306356
900,0.002281,172.217.194.0-255,9992,160630,70,306356
901,0.002283,172.31.40.0-255,66,160696,70,306356
902,0.002305,172.217.194.0-255,1484,162180,70,306356
903,0.002308,172.217.194.0-255,766,162946,70,306356
904,0.002309,172.31.40.0-255,66,163012,70,306356
905,0.002451,172.217.194.0-255,1484,164496,70,306356
906,0.002497,172.217.194.0-255,2902,167398,70,306356
907,0.0025,172.31.40.0-255,66,167464,70,306356
908,0.002505,172.217.194.0-255,5738,173202,70,306356
909,0.002507,172.31.40.0-255,66,173268,70,306356
910,0.002511,172.217.194.0-255,2902,176170,70,306356
911,0.002517,172.31.40.0-255,66,176236,70,306356
912,0.002561,172.217.194.0-255,4320,180556,70,306356
913,0.002565,172.31.40.0-255,66,180622,70,306356
914,0.002579,172.31.40.0-255,66,180688,70,306356
915,0.002582,172.217.194.0-255,2184,182872,70,306356
916,0.002584,172.31.40.0-255,66,182938,70,306356
917,0.002618,172.217.194.0-255,2902,185840,70,306356
918,0.00262,172.31.40.0-255,66,185906,70,306356
919,0.002645,172.217.194.0-255,4320,190226,70,306356
920,0.002648,172.31.40.0-255,66,190292,70,306356
921,0.002654,172.217.194.0-255,5738,196030,70,306356
922,0.002656,172.31.40.0-255,66,196096,70,306356
923,0.002687,172.217.194.0-255,1484,197580,70,306356
924,0.002704,172.217.194.0-255,5738,203318,70,306356
925,0.002707,172.31.40.0-255,66,203384,70,306356
926,0.002726,172.217.194.0-255,4320,207704,70,306356
927,0.002729,172.31.40.0-255,66,207770,70,306356
928,0.002731,172.217.194.0-255,1484,209254,70,306356
929,0.002733,172.217.194.0-255,1484,210738,70,306356
930,0.002736,172.31.40.0-255,78,210816,70,306356
931,0.002743,172.217.194.0-255,7856,218672,70,306356
932,0.002745,172.31.40.0-255,66,218738,70,306356
933,0.002748,172.217.194.0-255,1484,220222,70,306356
934,0.002776,172.217.194.0-255,2902,223124,70,306356
935,0.002779,172.31.40.0-255,66,223190,70,306356
936,0.002822,172.31.40.0-255,66,223256,70,306356
937,0.002827,172.217.194.0-255,4320,227576,70,306356
938,0.002829,172.31.40.0-255,66,227642,70,306356
939,0.002831,172.217.194.0-255,1484,229126,70,306356
940,0.002841,172.217.194.0-255,7156,236282,70,306356
941,0.002843,172.31.40.0-255,66,236348,70,306356
942,0.002872,172.217.194.0-255,3602,239950,70,306356
943,0.002874,172.31.40.0-255,66,240016,70,306356
944,0.00288,172.217.194.0-255,5738,245754,70,306356
945,0.002882,172.31.40.0-255,66,245820,70,306356
946,0.002894,172.31.40.0-255,66,245886,70,306356
947,0.002926,172.217.194.0-255,5738,251624,70,306356
948,0.002929,172.31.40.0-255,66,251690,70,306356
949,0.002937,172.217.194.0-255,9274,260964,70,306356
950,0.002939,172.31.40.0-255,66,261030,70,306356
951,0.002941,172.217.194.0-255,1484,262514,70,306356
952,0.002945,172.217.194.0-255,2902,265416,70,306356
953,0.002947,172.31.40.0-255,66,265482,70,306356
954,0.002952,172.217.194.0-255,5738,271220,70,306356
955,0.002954,172.31.40.0-255,66,271286,70,306356
956,0.002962,172.217.194.0-255,9992,281278,70,306356
957,0.002965,172.31.40.0-255,66,281344,70,306356
958,0.002998,172.217.194.0-255,2902,284246,70,306356
959,0.003,172.31.40.0-255,66,284312,70,306356
960,0.003003,172.217.194.0-255,1484,285796,70,306356
961,0.003008,172.217.194.0-255,4320,290116,70,306356
962,0.003009,172.31.40.0-255,66,290182,70,306356
963,0.003016,172.217.194.0-255,7856,298038,70,306356
964,0.003018,172.31.40.0-255,66,298104,70,306356
965,0.003024,172.217.194.0-255,7156,305260,70,306356
966,0.003029,172.31.40.0-255,66,305326,70,306356
967,0.00306,172.31.40.0-255,66,305392,70,306356
968,0.003062,172.217.194.0-255,622,306014,70,306356
969,0.003112,172.217.194.0-255,105,306119,70,306356
970,0.004842,172.31.40.0-255,66,306185,70,306356
971,0.004874,172.31.40.0-255,105,306290,70,306356
972,0.007272,172.217.194.0-255,66,306356,70,306356
973,0.0,74.125.68.0-255,152,152,70,216242
974,2.2e-05,172.31.40.0-255,66,218,70,216242
975,5.8e-05,74.125.68.0-255,1484,1702,70,216242
976,6.4e-05,172.31.40.0-255,66,1768,70,216242
977,7e-05,74.125.68.0-255,2902,4670,70,216242
978,7.3e-05,172.31.40.0-255,66,4736,70,216242
979,8.5e-05,74.125.68.0-255,5738,10474,70,216242
980,8.9e-05,172.31.40.0-255,66,10540,70,216242
981,0.000119,74.125.68.0-255,2902,13442,70,216242
982,0.000122,172.31.40.0-255,66,13508,70,216242
983,0.000125,74.125.68.0-255,645,14153,70,216242
984,0.000127,172.31.40.0-255,66,14219,70,216242
985,0.000253,74.125.68.0-255,1484,15703,70,216242
986,0.000258,172.31.40.0-255,66,15769,70,216242
987,0.000293,74.125.68.0-255,2902,18671,70,216242
988,0.000297,172.31.40.0-255,66,18737,70,216242
989,0.000304,74.125.68.0-255,5738,24475,70,216242
990,0.000306,172.31.40.0-255,66,24541,70,216242
991,0.000316,74.125.68.0-255,2902,27443,70,216242
992,0.000319,172.31.40.0-255,66,27509,70,216242
993,0.000324,74.125.68.0-255,3961,31470,70,216242
994,0.000327,172.31.40.0-255,66,31536,70,216242
995,0.000363,74.125.68.0-255,5738,37274,70,216242
996,0.000366,172.31.40.0-255,66,37340,70,216242
997,0.00037,74.125.68.0-255,2902,40242,70,216242
998,0.000372,172.31.40.0-255,66,40308,70,216242
999,0.0004,74.125.68.0-255,4320,44628,70,216242
1000,0.000403,172.31.40.0-255,66,44694,70,216242
1001,0.000415,74.125.68.0-255,8574,53268,70,216242
1002,0.000417,172.31.40.0-255,66,53334,70,216242
1003,0.000421,74.125.68.0-255,2902,56236,70,216242
1004,0.000424,172.31.40.0-255,66,56302,70,216242
1005,0.000438,74.125.68.0-255,5738,62040,70,216242
1006,0.000441,172.31.40.0-255,66,62106,70,216242
1007,0.000472,74.125.68.0-255,1484,63590,70,216242
1008,0.000477,74.125.68.0-255,2184,65774,70,216242
1009,0.00048,172.31.40.0-255,66,65840,70,216242
1010,0.000482,74.125.68.0-255,399,66239,70,216242
1011,0.000669,74.125.68.0-255,1484,67723,70,216242
1012,0.000674,172.31.40.0-255,66,67789,70,216242
1013,0.00068,74.125.68.0-255,2902,70691,70,216242
1014,0.000683,172.31.40.0-255,66,70757,70,216242
1015,0.000715,74.125.68.0-255,5738,76495,70,216242
1016,0.00072,172.31.40.0-255,66,76561,70,216242
1017,0.000749,74.125.68.0-255,7156,83717,70,216242
1018,0.000751,172.31.40.0-255,66,83783,70,216242
1019,0.000769,74.125.68.0-255,1484,85267,70,216242
1020,0.000774,74.125.68.0-255,2902,88169,70,216242
1021,0.000777,172.31.40.0-255,66,88235,70,216242
1022,0.000779,74.125.68.0-255,1484,89719,70,216242
1023,0.000806,74.125.68.0-255,4320,94039,70,216242
1024,0.000808,172.31.40.0-255,66,94105,70,216242
1025,0.000816,74.125.68.0-255,6438,100543,70,216242
1026,0.000818,172.31.40.0-255,66,100609,70,216242
1027,0.000858,74.125.68.0-255,1484,102093,70,216242
1028,0.000875,74.125.68.0-255,2902,104995,70,216242
1029,0.000878,172.31.40.0-255,66,105061,70,216242
1030,0.000908,74.125.68.0-255,5738,110799,70,216242
1031,0.000911,172.31.40.0-255,66,110865,70,216242
1032,0.000913,74.125.68.0-255,1484,112349,70,216242
1033,0.000938,74.125.68.0-255,2902,115251,70,216242
1034,0.000941,172.31.40.0-255,66,115317,70,216242
1035,0.00097,74.125.68.0-255,2241,117558,70,216242
1036,0.000973,172.31.40.0-255,66,117624,70,216242
1037,0.000977,74.125.68.0-255,2902,120526,70,216242
1038,0.00098,172.31.40.0-255,66,120592,70,216242
1039,0.000997,74.125.68.0-255,1484,122076,70,216242
1040,0.001028,74.125.68.0-255,5738,127814,70,216242
1041,0.001031,172.31.40.0-255,66,127880,70,216242
1042,0.001037,74.125.68.0-255,4320,132200,70,216242
1043,0.001039,172.31.40.0-255,66,132266,70,216242
1044,0.00105,74.125.68.0-255,5738,138004,70,216242
1045,0.001052,172.31.40.0-255,66,138070,70,216242
1046,0.001056,74.125.68.0-255,2902,140972,70,216242
1047,0.001058,172.31.40.0-255,66,141038,70,216242
1048,0.001102,74.125.68.0-255,8574,149612,70,216242
1049,0.001105,172.31.40.0-255,66,149678,70,216242
1050,0.001109,74.125.68.0-255,2184,151862,70,216242
1051,0.001111,172.31.40.0-255,66,151928,70,216242
1052,0.001339,74.125.68.0-255,1484,153412,70,216242
1053,0.00136,74.125.68.0-255,2902,156314,70,216242
1054,0.001364,172.31.40.0-255,66,156380,70,216242
1055,0.00172,74.125.68.0-255,4320,160700,70,216242
1056,0.001726,172.31.40.0-255,66,160766,70,216242
1057,0.00173,74.125.68.0-255,1484,162250,70,216242
1058,0.001757,74.125.68.0-255,2902,165152,70,216242
1059,0.001759,172.31.40.0-255,66,165218,70,216242
1060,0.001765,74.125.68.0-255,5738,170956,70,216242
1061,0.001767,172.31.40.0-255,66,171022,70,216242
1062,0.001807,172.31.40.0-255,66,171088,70,216242
1063,0.001862,74.125.68.0-255,3602,174690,70,216242
1064,0.001865,172.31.40.0-255,66,174756,70,216242
1065,0.004141,74.125.68.0-255,1484,176240,70,216242
1066,0.004199,74.125.68.0-255,4320,180560,70,216242
1067,0.004204,172.31.40.0-255,66,180626,70,216242
1068,0.006748,74.125.68.0-255,2902,183528,70,216242
1069,0.006752,172.31.40.0-255,66,183594,70,216242
1070,0.006779,74.125.68.0-255,2902,186496,70,216242
1071,0.006781,172.31.40.0-255,66,186562,70,216242
1072,0.009086,74.125.68.0-255,2902,189464,70,216242
1073,0.009093,172.31.40.0-255,66,189530,70,216242
1074,0.009125,74.125.68.0-255,2902,192432,70,216242
1075,0.009129,172.31.40.0-255,66,192498,70,216242
1076,0.011424,74.125.68.0-255,2902,195400,70,216242
1077,0.011431,172.31.40.0-255,66,195466,70,216242
1078,0.011478,74.125.68.0-255,2902,198368,70,216242
1079,0.011481,172.31.40.0-255,66,198434,70,216242
1080,0.013777,74.125.68.0-255,2902,201336,70,216242
1081,0.013785,172.31.40.0-255,66,201402,70,216242
1082,0.013834,74.125.68.0-255,2902,204304,70,216242
1083,0.013838,172.31.40.0-255,66,204370,70,216242
1084,0.016118,74.125.68.0-255,2902,207272,70,216242
1085,0.016125,172.31.40.0-255,66,207338,70,216242
1086,0.016159,74.125.68.0-255,2902,210240,70,216242
1087,0.016161,172.31.40.0-255,66,210306,70,216242
1088,0.018486,74.125.68.0-255,2902,213208,70,216242
1089,0.018492,172.31.40.0-255,66,213274,70,216242
1090,0.018523,74.125.68.0-255,2902,216176,70,216242
1091,0.018526,172.31.40.0-255,66,216242,70,216242
1092,0.0,74.125.68.0-255,146,146,70,249921
1093,1.2e-05,172.31.40.0-255,66,212,70,249921
1094,1.9e-05,74.125.68.0-255,1484,1696,70,249921
1095,2.5e-05,172.31.40.0-255,66,1762,70,249921
1096,3.1e-05,74.125.68.0-255,2902,4664,70,249921
1097,3.4e-05,172.31.40.0-255,66,4730,70,249921
1098,3.8e-05,74.125.68.0-255,1484,6214,70,249921
1099,4e-05,172.31.40.0-255,66,6280,70,249921
1100,6.7e-05,74.125.68.0-255,4320,10600,70,249921
1101,7e-05,172.31.40.0-255,66,10666,70,249921
1102,7.7e-05,74.125.68.0-255,6418,17084,70,249921
1103,8e-05,172.31.40.0-255,66,17150,70,249921
1104,8.3e-05,74.125.68.0-255,1484,18634,70,249921
1105,8.5e-05,172.31.40.0-255,66,18700,70,249921
1106,0.00011,74.125.68.0-255,4320,23020,70,249921
1107,0.000113,172.31.40.0-255,66,23086,70,249921
1108,0.00012,74.125.68.0-255,7156,30242,70,249921
1109,0.000123,172.31.40.0-255,66,30308,70,249921
1110,0.000147,74.125.68.0-255,1125,31433,70,249921
1111,0.000149,172.31.40.0-255,66,31499,70,249921
1112,0.000228,74.125.68.0-255,1484,32983,70,249921
1113,0.000231,172.31.40.0-255,66,33049,70,249921
1114,0.000245,74.125.68.0-255,1484,34533,70,249921
1115,0.000247,172.31.40.0-255,66,34599,70,249921
1116,0.000253,74.125.68.0-255,2902,37501,70,249921
1117,0.000255,172.31.40.0-255,66,37567,70,249921
1118,0.000288,74.125.68.0-255,5738,43305,70,249921
1119,0.000291,172.31.40.0-255,66,43371,70,249921
1120,0.000298,74.125.68.0-255,5379,48750,70,249921
1121,0.0003,172.31.40.0-255,66,48816,70,249921
1122,0.000318,74.125.68.0-255,5738,54554,70,249921
1123,0.000321,172.31.40.0-255,66,54620,70,249921
1124,0.000345,74.125.68.0-255,4320,58940,70,249921
1125,0.000348,172.31.40.0-255,66,59006,70,249921
1126,0.000364,74.125.68.0-255,7072,66078,70,249921
1127,0.000367,172.31.40.0-255,66,66144,70,249921
1128,0.000369,74.125.68.0-255,129,66273,70,249921
1129,0.000403,74.125.68.0-255,348,66621,70,249921
1130,0.000703,74.125.68.0-255,1484,68105,70,249921
1131,0.000708,172.31.40.0-255,66,68171,70,249921
1132,0.000714,74.125.68.0-255,2902,71073,70,249921
1133,0.000716,172.31.40.0-255,66,71139,70,249921
1134,0.000743,74.125.68.0-255,5738,76877,70,249921
1135,0.000746,172.31.40.0-255,66,76943,70,249921
1136,0.000749,74.125.68.0-255,1484,78427,70,249921
1137,0.000778,74.125.68.0-255,2902,81329,70,249921
1138,0.000783,172.31.40.0-255,66,81395,70,249921
1139,0.00079,74.125.68.0-255,1484,82879,70,249921
1140,0.000809,74.125.68.0-255,4320,87199,70,249921
1141,0.000812,172.31.40.0-255,66,87265,70,249921
1142,0.000833,74.125.68.0-255,4320,91585,70,249921
1143,0.000837,172.31.40.0-255,66,91651,70,249921
1144,0.000856,74.125.68.0-255,2902,94553,70,249921
1145,0.000859,172.31.40.0-255,66,94619,70,249921
1146,0.000865,74.125.68.0-255,4320,98939,70,249921
1147,0.000867,172.31.40.0-255,66,99005,70,249921
1148,0.000894,74.125.68.0-255,4320,103325,70,249921
1149,0.000897,172.31.40.0-255,66,103391,70,249921
1150,0.000915,74.125.68.0-255,217,103608,70,249921
1151,0.000918,74.125.68.0-255,1484,105092,70,249921
1152,0.00092,172.31.40.0-255,66,105158,70,249921
1153,0.000925,74.125.68.0-255,2902,108060,70,249921
1154,0.000927,172.31.40.0-255,66,108126,70,249921
1155,0.000941,74.125.68.0-255,1484,109610,70,249921
1156,0.000957,74.125.68.0-255,4320,113930,70,249921
1157,0.00096,172.31.40.0-255,66,113996,70,249921
1158,0.000963,74.125.68.0-255,1484,115480,70,249921
1159,0.000977,74.125.68.0-255,2902,118382,70,249921
1160,0.000979,172.31.40.0-255,66,118448,70,249921
1161,0.000999,74.125.68.0-255,4320,122768,70,249921
1162,0.001002,172.31.40.0-255,66,122834,70,249921
1163,0.001022,74.125.68.0-255,1484,124318,70,249921
1164,0.001025,74.125.68.0-255,1484,125802,70,249921
1165,0.00103,172.31.40.0-255,66,125868,70,249921
1166,0.001055,74.125.68.0-255,4320,130188,70,249921
1167,0.001059,172.31.40.0-255,66,130254,70,249921
1168,0.001073,74.125.68.0-255,4320,134574,70,249921
1169,0.001075,74.125.68.0-255,766,135340,70,249921
1170,0.001079,172.31.40.0-255,66,135406,70,249921
1171,0.001125,74.125.68.0-255,1484,136890,70,249921
1172,0.001128,172.31.40.0-255,66,136956,70,249921
1173,0.00115,74.125.68.0-255,2902,139858,70,249921
1174,0.001152,172.31.40.0-255,66,139924,70,249921
1175,0.001156,74.125.68.0-255,1484,141408,70,249921
1176,0.001174,74.125.68.0-255,4320,145728,70,249921
1177,0.001177,172.31.40.0-255,66,145794,70,249921
1178,0.001181,74.125.68.0-255,2902,148696,70,249921
1179,0.001184,172.31.40.0-255,66,148762,70,249921
1180,0.001201,74.125.68.0-255,7156,155918,70,249921
1181,0.001205,172.31.40.0-255,66,155984,70,249921
1182,0.001214,74.125.68.0-255,2902,158886,70,249921
1183,0.001216,172.31.40.0-255,66,158952,70,249921
1184,0.00122,74.125.68.0-255,2902,161854,70,249921
1185,0.001222,172.31.40.0-255,66,161920,70,249921
1186,0.001251,74.125.68.0-255,7156,169076,70,249921
1187,0.001254,172.31.40.0-255,66,169142,70,249921
1188,0.001257,74.125.68.0-255,766,169908,70,249921
1189,0.001823,74.125.68.0-255,1484,171392,70,249921
1190,0.00183,172.31.40.0-255,66,171458,70,249921
1191,0.001836,74.125.68.0-255,2902,174360,70,249921
1192,0.001838,172.31.40.0-255,66,174426,70,249921
1193,0.001854,74.125.68.0-255,2902,177328,70,249921
1194,0.001856,172.31.40.0-255,66,177394,70,249921
1195,0.001877,74.125.68.0-255,4320,181714,70,249921
1196,0.00188,172.31.40.0-255,66,181780,70,249921
1197,0.00191,74.125.68.0-255,5738,187518,70,249921
1198,0.001913,172.31.40.0-255,66,187584,70,249921
1199,0.001943,74.125.68.0-255,4320,191904,70,249921
1200,0.001945,172.31.40.0-255,66,191970,70,249921
1201,0.001964,74.125.68.0-255,2902,194872,70,249921
1202,0.001966,172.31.40.0-255,66,194938,70,249921
1203,0.001971,74.125.68.0-255,2902,197840,70,249921
1204,0.001973,172.31.40.0-255,66,197906,70,249921
1205,0.001978,74.125.68.0-255,2902,200808,70,249921
1206,0.00198,172.31.40.0-255,66,200874,70,249921
1207,0.002002,74.125.68.0-255,1484,202358,70,249921
1208,0.002006,74.125.68.0-255,2184,204542,70,249921
1209,0.002009,172.31.40.0-255,66,204608,70,249921
1210,0.003991,74.125.68.0-255,1484,206092,70,249921
1211,0.004025,74.125.68.0-255,4320,210412,70,249921
1212,0.004033,172.31.40.0-255,66,210478,70,249921
1213,0.005907,172.31.40.0-255,101,210579,70,249921
1214,0.00606,74.125.68.0-255,5738,216317,70,249921
1215,0.006065,172.31.40.0-255,66,216383,70,249921
1216,0.007893,74.125.68.0-255,66,216449,70,249921
1217,0.008081,74.125.68.0-255,4320,220769,70,249921
1218,0.008085,172.31.40.0-255,66,220835,70,249921
1219,0.008101,74.125.68.0-255,1484,222319,70,249921
1220,0.010124,74.125.68.0-255,4320,226639,70,249921
1221,0.010131,172.31.40.0-255,66,226705,70,249921
1222,0.01217,74.125.68.0-255,5738,232443,70,249921
1223,0.012178,172.31.40.0-255,66,232509,70,249921
1224,0.014211,74.125.68.0-255,5738,238247,70,249921
1225,0.014218,172.31.40.0-255,66,238313,70,249921
1226,0.016274,74.125.68.0-255,5738,244051,70,249921
1227,0.016284,172.31.40.0-255,66,244117,70,249921
1228,0.018326,74.125.68.0-255,5738,249855,70,249921
1229,0.018333,172.31.40.0-255,66,249921,70,249921
1230,0.0,74.125.68.0-255,146,146,70,273582
1231,2.5e-05,172.31.40.0-255,66,212,70,273582
1232,3.2e-05,74.125.68.0-255,1484,1696,70,273582
1233,3.6e-05,172.31.40.0-255,66,1762,70,273582
1234,4.2e-05,74.125.68.0-255,2902,4664,70,273582
1235,4.5e-05,172.31.40.0-255,66,4730,70,273582
1236,5.2e-05,74.125.68.0-255,5738,10468,70,273582
1237,5.5e-05,172.31.40.0-255,66,10534,70,273582
1238,8.3e-05,74.125.68.0-255,6355,16889,70,273582
1239,8.7e-05,172.31.40.0-255,66,16955,70,273582
1240,9.1e-05,74.125.68.0-255,2902,19857,70,273582
1241,9.3e-05,172.31.40.0-255,66,19923,70,273582
1242,0.00013,172.31.40.0-255,66,19989,70,273582
1243,0.00026,74.125.68.0-255,1484,21473,70,273582
1244,0.000264,172.31.40.0-255,66,21539,70,273582
1245,0.000284,74.125.68.0-255,2902,24441,70,273582
1246,0.000287,172.31.40.0-255,66,24507,70,273582
1247,0.000308,74.125.68.0-255,4320,28827,70,273582
1248,0.000311,172.31.40.0-255,66,28893,70,273582
1249,0.000352,74.125.68.0-255,8215,37108,70,273582
1250,0.000354,172.31.40.0-255,66,37174,70,273582
1251,0.000386,74.125.68.0-255,8574,45748,70,273582
1252,0.000389,172.31.40.0-255,66,45814,70,273582
1253,0.000393,74.125.68.0-255,2902,48716,70,273582
1254,0.000395,172.31.40.0-255,66,48782,70,273582
1255,0.000415,74.125.68.0-255,4320,53102,70,273582
1256,0.000418,172.31.40.0-255,66,53168,70,273582
1257,0.000428,74.125.68.0-255,1125,54293,70,273582
1258,0.00043,172.31.40.0-255,66,54359,70,273582
1259,0.000507,74.125.68.0-255,410,54769,70,273582
1260,0.000511,172.31.40.0-255,66,54835,70,273582
1261,0.000602,74.125.68.0-255,1484,56319,70,273582
1262,0.000627,74.125.68.0-255,2902,59221,70,273582
1263,0.000631,172.31.40.0-255,66,59287,70,273582
1264,0.000651,74.125.68.0-255,2902,62189,70,273582
1265,0.000654,172.31.40.0-255,66,62255,70,273582
1266,0.000673,74.125.68.0-255,2902,65157,70,273582
1267,0.000676,172.31.40.0-255,66,65223,70,273582
1268,0.000702,74.125.68.0-255,1484,66707,70,273582
1269,0.00071,74.125.68.0-255,7156,73863,70,273582
1270,0.000713,172.31.40.0-255,66,73929,70,273582
1271,0.000718,74.125.68.0-255,2902,76831,70,273582
1272,0.000719,172.31.40.0-255,66,76897,70,273582
1273,0.00074,74.125.68.0-255,5738,82635,70,273582
1274,0.000742,172.31.40.0-255,66,82701,70,273582
1275,0.00075,74.125.68.0-255,6438,89139,70,273582
1276,0.000752,172.31.40.0-255,66,89205,70,273582
1277,0.000795,74.125.68.0-255,333,89538,70,273582
1278,0.000893,74.125.68.0-255,1484,91022,70,273582
1279,0.000902,172.31.40.0-255,66,91088,70,273582
1280,0.000916,74.125.68.0-255,1484,92572,70,273582
1281,0.000929,74.125.68.0-255,1484,94056,70,273582
1282,0.000932,172.31.40.0-255,66,94122,70,273582
1283,0.000938,74.125.68.0-255,4320,98442,70,273582
1284,0.00094,172.31.40.0-255,66,98508,70,273582
1285,0.000958,74.125.68.0-255,1484,99992,70,273582
1286,0.000964,74.125.68.0-255,2902,102894,70,273582
1287,0.000966,172.31.40.0-255,66,102960,70,273582
1288,0.001009,74.125.68.0-255,5738,108698,70,273582
1289,0.001012,172.31.40.0-255,66,108764,70,273582
1290,0.001016,74.125.68.0-255,1484,110248,70,273582
1291,0.001039,74.125.68.0-255,5738,115986,70,273582
1292,0.001042,172.31.40.0-255,66,116052,70,273582
1293,0.001075,74.125.68.0-255,5738,121790,70,273582
1294,0.001078,172.31.40.0-255,66,121856,70,273582
1295,0.001098,74.125.68.0-255,1484,123340,70,273582
1296,0.001101,74.125.68.0-255,766,124106,70,273582
1297,0.001103,172.31.40.0-255,66,124172,70,273582
1298,0.001172,74.125.68.0-255,1484,125656,70,273582
1299,0.001186,74.125.68.0-255,2902,128558,70,273582
1300,0.001204,172.31.40.0-255,66,128624,70,273582
1301,0.001209,74.125.68.0-255,2902,131526,70,273582
1302,0.001214,74.125.68.0-255,4320,135846,70,273582
1303,0.001219,172.31.40.0-255,66,135912,70,273582
1304,0.001229,74.125.68.0-255,1484,137396,70,273582
1305,0.001249,74.125.68.0-255,7156,144552,70,273582
1306,0.001266,172.31.40.0-255,66,144618,70,273582
1307,0.001281,74.125.68.0-255,8574,153192,70,273582
1308,0.001303,172.31.40.0-255,66,153258,70,273582
1309,0.001314,74.125.68.0-255,5020,158278,70,273582
1310,0.001318,172.31.40.0-255,66,158344,70,273582
1311,0.001333,74.125.68.0-255,1484,159828,70,273582
1312,0.001348,74.125.68.0-255,4320,164148,70,273582
1313,0.00135,74.125.68.0-255,1484,165632,70,273582
1314,0.001358,172.31.40.0-255,66,165698,70,273582
1315,0.001366,74.125.68.0-255,1484,167182,70,273582
1316,0.00137,74.125.68.0-255,2902,170084,70,273582
1317,0.001384,74.125.68.0-255,1484,171568,70,273582
1318,0.001401,74.125.68.0-255,5738,177306,70,273582
1319,0.001413,74.125.68.0-255,2902,180208,70,273582
1320,0.001418,74.125.68.0-255,2902,183110,70,273582
1321,0.001421,172.31.40.0-255,66,183176,70,273582
1322,0.001426,172.31.40.0-255,66,183242,70,273582
1323,0.001435,74.125.68.0-255,1484,184726,70,273582
1324,0.001468,74.125.68.0-255,2902,187628,70,273582
1325,0.001475,172.31.40.0-255,66,187694,70,273582
1326,0.001486,74.125.68.0-255,5020,192714,70,273582
1327,0.001495,172.31.40.0-255,66,192780,70,273582
1328,0.00168,74.125.68.0-255,1484,194264,70,273582
1329,0.001703,74.125.68.0-255,2902,197166,70,273582
1330,0.001706,172.31.40.0-255,66,197232,70,273582
1331,0.001713,74.125.68.0-255,4320,201552,70,273582
1332,0.001727,74.125.68.0-255,4320,205872,70,273582
1333,0.001742,74.125.68.0-255,1484,207356,70,273582
1334,0.001745,172.31.40.0-255,66,207422,70,273582
1335,0.001762,74.125.68.0-255,4320,211742,70,273582
1336,0.001783,74.125.68.0-255,7156,218898,70,273582
1337,0.001788,74.125.68.0-255,4320,223218,70,273582
1338,0.001791,172.31.40.0-255,66,223284,70,273582
1339,0.001797,172.31.40.0-255,66,223350,70,273582
1340,0.001817,74.125.68.0-255,3602,226952,70,273582
1341,0.001844,172.31.40.0-255,66,227018,70,273582
1342,0.002132,74.125.68.0-255,1484,228502,70,273582
1343,0.003973,74.125.68.0-255,4320,232822,70,273582
1344,0.003981,172.31.40.0-255,66,232888,70,273582
1345,0.006084,74.125.68.0-255,1484,234372,70,273582
1346,0.006103,74.125.68.0-255,4320,238692,70,273582
1347,0.006107,172.31.40.0-255,66,238758,70,273582
1348,0.008227,74.125.68.0-255,5738,244496,70,273582
1349,0.008236,172.31.40.0-255,66,244562,70,273582
1350,0.010372,74.125.68.0-255,5738,250300,70,273582
1351,0.010391,172.31.40.0-255,66,250366,70,273582
1352,0.012529,74.125.68.0-255,5738,256104,70,273582
1353,0.012545,172.31.40.0-255,66,256170,70,273582
1354,0.01468,74.125.68.0-255,5738,261908,70,273582
1355,0.014694,172.31.40.0-255,66,261974,70,273582
1356,0.016816,74.125.68.0-255,5738,267712,70,273582
1357,0.016827,172.31.40.0-255,66,267778,70,273582
1358,0.018994,74.125.68.0-255,5738,273516,70,273582
1359,0.019001,172.31.40.0-255,66,273582,70,273582
1360,0.0,172.253.118.0-255,153,153,70,196500
1361,2.2e-05,172.31.40.0-255,66,219,70,196500
1362,3e-05,172.253.118.0-255,1484,1703,70,196500
1363,3.4e-05,172.31.40.0-255,66,1769,70,196500
1364,4e-05,172.253.118.0-255,2902,4671,70,196500
1365,5e-05,172.31.40.0-255,66,4737,70,196500
1366,5.6e-05,172.253.118.0-255,4320,9057,70,196500
1367,5.8e-05,172.31.40.0-255,66,9123,70,196500
1368,6.5e-05,172.253.118.0-255,4975,14098,70,196500
1369,6.7e-05,172.31.40.0-255,66,14164,70,196500
1370,0.000113,172.253.118.0-255,2902,17066,70,196500
1371,0.000116,172.31.40.0-255,66,17132,70,196500
1372,0.000146,172.253.118.0-255,2902,20034,70,196500
1373,0.000149,172.31.40.0-255,66,20100,70,196500
1374,0.000157,172.253.118.0-255,8574,28674,70,196500
1375,0.000164,172.31.40.0-255,66,28740,70,196500
1376,0.000188,172.253.118.0-255,2543,31283,70,196500
1377,0.00019,172.31.40.0-255,66,31349,70,196500
1378,0.00035,172.253.118.0-255,1484,32833,70,196500
1379,0.000355,172.31.40.0-255,66,32899,70,196500
1380,0.000374,172.253.118.0-255,2902,35801,70,196500
1381,0.000377,172.31.40.0-255,66,35867,70,196500
1382,0.000381,172.253.118.0-255,1484,37351,70,196500
1383,0.000383,172.31.40.0-255,66,37417,70,196500
1384,0.00041,172.253.118.0-255,4320,41737,70,196500
1385,0.000414,172.31.40.0-255,66,41803,70,196500
1386,0.00044,172.31.40.0-255,66,41869,70,196500
1387,0.000445,172.253.118.0-255,2902,44771,70,196500
1388,0.000449,172.31.40.0-255,66,44837,70,196500
1389,0.000497,172.253.118.0-255,4320,49157,70,196500
1390,0.0005,172.31.40.0-255,66,49223,70,196500
1391,0.000527,172.253.118.0-255,5648,54871,70,196500
1392,0.000573,172.253.118.0-255,134,55005,70,196500
1393,0.000586,172.31.40.0-255,66,55071,70,196500
1394,0.000661,172.253.118.0-255,1484,56555,70,196500
1395,0.000666,172.253.118.0-255,2902,59457,70,196500
1396,0.00069,172.253.118.0-255,2902,62359,70,196500
1397,0.000704,172.253.118.0-255,2902,65261,70,196500
1398,0.000708,172.253.118.0-255,2902,68163,70,196500
1399,0.000711,172.253.118.0-255,1484,69647,70,196500
1400,0.000727,172.253.118.0-255,8574,78221,70,196500
1401,0.00073,172.31.40.0-255,66,78287,70,196500
1402,0.000735,172.31.40.0-255,66,78353,70,196500
1403,0.00078,172.253.118.0-255,9992,88345,70,196500
1404,0.000783,172.253.118.0-255,469,88814,70,196500
1405,0.000796,172.31.40.0-255,66,88880,70,196500
1406,0.000826,172.253.118.0-255,1484,90364,70,196500
1407,0.000844,172.253.118.0-255,4320,94684,70,196500
1408,0.000856,172.31.40.0-255,66,94750,70,196500
1409,0.000876,172.253.118.0-255,7156,101906,70,196500
1410,0.00089,172.253.118.0-255,4320,106226,70,196500
1411,0.000895,172.31.40.0-255,66,106292,70,196500
1412,0.000907,172.253.118.0-255,8574,114866,70,196500
1413,0.000933,172.253.118.0-255,2902,117768,70,196500
1414,0.000938,172.253.118.0-255,5020,122788,70,196500
1415,0.000941,172.31.40.0-255,66,122854,70,196500
1416,0.000946,172.31.40.0-255,66,122920,70,196500
1417,0.001295,172.253.118.0-255,1484,124404,70,196500
1418,0.001309,172.253.118.0-255,2902,127306,70,196500
1419,0.001313,172.253.118.0-255,4320,131626,70,196500
1420,0.001317,172.31.40.0-255,66,131692,70,196500
1421,0.001321,172.31.40.0-255,66,131758,70,196500
1422,0.001341,172.253.118.0-255,1484,133242,70,196500
1423,0.001347,172.253.118.0-255,4320,137562,70,196500
1424,0.00136,172.31.40.0-255,66,137628,70,196500
1425,0.001371,172.253.118.0-255,8574,146202,70,196500
1426,0.001374,172.253.118.0-255,2902,149104,70,196500
1427,0.001382,172.253.118.0-255,4320,153424,70,196500
1428,0.001386,172.31.40.0-255,66,153490,70,196500
1429,0.00141,172.253.118.0-255,3602,157092,70,196500
1430,0.001422,172.31.40.0-255,66,157158,70,196500
1431,0.003398,172.253.118.0-255,1484,158642,70,196500
1432,0.003418,172.253.118.0-255,2902,161544,70,196500
1433,0.003423,172.31.40.0-255,66,161610,70,196500
1434,0.00344,172.253.118.0-255,1484,163094,70,196500
1435,0.00541,172.253.118.0-255,4320,167414,70,196500
1436,0.007732,172.31.40.0-255,66,167480,70,196500
1437,0.009745,172.253.118.0-255,5738,173218,70,196500
1438,0.009753,172.31.40.0-255,66,173284,70,196500
1439,0.011757,172.253.118.0-255,5738,179022,70,196500
1440,0.012671,172.31.40.0-255,66,179088,70,196500
1441,0.014687,172.253.118.0-255,5738,184826,70,196500
1442,0.014695,172.31.40.0-255,66,184892,70,196500
1443,0.016713,172.253.118.0-255,5738,190630,70,196500
1444,0.016723,172.31.40.0-255,66,190696,70,196500
1445,0.018738,172.253.118.0-255,5738,196434,70,196500
1446,0.018744,172.31.40.0-255,66,196500,70,196500
1447,0.0,172.217.194.0-255,151,151,70,241282
1448,1.8e-05,172.31.40.0-255,66,217,70,241282
1449,2.5e-05,172.217.194.0-255,1484,1701,70,241282
1450,2.9e-05,172.31.40.0-255,66,1767,70,241282
1451,4.5e-05,172.217.194.0-255,2902,4669,70,241282
1452,5e-05,172.31.40.0-255,66,4735,70,241282
1453,5.8e-05,172.217.194.0-255,7156,11891,70,241282
1454,6.2e-05,172.31.40.0-255,66,11957,70,241282
1455,7.6e-05,172.31.40.0-255,66,12023,70,241282
1456,0.0001,172.217.194.0-255,5379,17402,70,241282
1457,0.000106,172.31.40.0-255,66,17468,70,241282
1458,0.000142,172.217.194.0-255,5738,23206,70,241282
1459,0.000145,172.31.40.0-255,66,23272,70,241282
1460,0.000176,172.217.194.0-255,7156,30428,70,241282
1461,0.000178,172.31.40.0-255,66,30494,70,241282
1462,0.000195,172.217.194.0-255,2902,33396,70,241282
1463,0.000197,172.31.40.0-255,66,33462,70,241282
1464,0.000234,172.31.40.0-255,66,33528,70,241282
1465,0.00024,172.217.194.0-255,5379,38907,70,241282
1466,0.000242,172.31.40.0-255,66,38973,70,241282
1467,0.000244,172.217.194.0-255,345,39318,70,241282
1468,0.00025,172.31.40.0-255,66,39384,70,241282
1469,0.000313,172.217.194.0-255,119,39503,70,241282
1470,0.000316,172.31.40.0-255,66,39569,70,241282
1471,0.00035,172.217.194.0-255,375,39944,70,241282
1472,0.000353,172.31.40.0-255,66,40010,70,241282
1473,0.00056,172.217.194.0-255,1484,41494,70,241282
1474,0.000564,172.31.40.0-255,66,41560,70,241282
1475,0.000568,172.217.194.0-255,1484,43044,70,241282
1476,0.00057,172.31.40.0-255,66,43110,70,241282
1477,0.000598,172.217.194.0-255,1484,44594,70,241282
1478,0.000605,172.217.194.0-255,5738,50332,70,241282
1479,0.000634,172.31.40.0-255,66,50398,70,241282
1480,0.000663,172.217.194.0-255,1484,51882,70,241282
1481,0.00068,172.217.194.0-255,5738,57620,70,241282
1482,0.000686,172.31.40.0-255,66,57686,70,241282
1483,0.000696,172.217.194.0-255,3602,61288,70,241282
1484,0.000713,172.31.40.0-255,66,61354,70,241282
1485,0.001254,172.217.194.0-255,1484,62838,70,241282
1486,0.00126,172.217.194.0-255,2902,65740,70,241282
1487,0.001263,172.31.40.0-255,66,65806,70,241282
1488,0.001269,172.217.194.0-255,4320,70126,70,241282
1489,0.001288,172.217.194.0-255,1484,71610,70,241282
1490,0.00129,172.217.194.0-255,1484,73094,70,241282
1491,0.001298,172.31.40.0-255,66,73160,70,241282
1492,0.001342,172.217.194.0-255,9274,82434,70,241282
1493,0.001347,172.31.40.0-255,66,82500,70,241282
1494,0.001524,172.217.194.0-255,1484,83984,70,241282
1495,0.001529,172.217.194.0-255,2902,86886,70,241282
1496,0.001532,172.31.40.0-255,66,86952,70,241282
1497,0.001563,172.217.194.0-255,5738,92690,70,241282
1498,0.001573,172.217.194.0-255,9992,102682,70,241282
1499,0.001582,172.31.40.0-255,66,102748,70,241282
1500,0.001593,172.217.194.0-255,2902,105650,70,241282
1501,0.001605,172.217.194.0-255,9992,115642,70,241282
1502,0.001624,172.31.40.0-255,66,115708,70,241282
1503,0.001635,172.217.194.0-255,2184,117892,70,241282
1504,0.001643,172.217.194.0-255,2902,120794,70,241282
1505,0.001684,172.31.40.0-255,66,120860,70,241282
1506,0.001691,172.217.194.0-255,7156,128016,70,241282
1507,0.001699,172.217.194.0-255,7156,135172,70,241282
1508,0.001714,172.31.40.0-255,66,135238,70,241282
1509,0.001721,172.217.194.0-255,5738,140976,70,241282
1510,0.001742,172.217.194.0-255,2902,143878,70,241282
1511,0.001763,172.217.194.0-255,6438,150316,70,241282
1512,0.001766,172.31.40.0-255,66,150382,70,241282
1513,0.001791,172.31.40.0-255,66,150448,70,241282
1514,0.00253,172.217.194.0-255,1484,151932,70,241282
1515,0.00254,172.217.194.0-255,2902,154834,70,241282
1516,0.002545,172.31.40.0-255,66,154900,70,241282
1517,0.002581,172.217.194.0-255,5738,160638,70,241282
1518,0.00259,172.217.194.0-255,8574,169212,70,241282
1519,0.002612,172.217.194.0-255,4320,173532,70,241282
1520,0.002619,172.217.194.0-255,5738,179270,70,241282
1521,0.002652,172.217.194.0-255,5020,184290,70,241282
1522,0.002663,172.217.194.0-255,8574,192864,70,241282
1523,0.002685,172.217.194.0-255,2902,195766,70,241282
1524,0.002688,172.217.194.0-255,1484,197250,70,241282
1525,0.002701,172.217.194.0-255,9992,207242,70,241282
1526,0.002723,172.217.194.0-255,2902,210144,70,241282
1527,0.002754,172.217.194.0-255,7856,218000,70,241282
1528,0.007835,172.31.40.0-255,66,218066,70,241282
1529,0.010521,172.217.194.0-255,5738,223804,70,241282
1530,0.010532,172.31.40.0-255,66,223870,70,241282
1531,0.013188,172.217.194.0-255,5738,229608,70,241282
1532,0.013196,172.31.40.0-255,66,229674,70,241282
1533,0.015861,172.217.194.0-255,5738,235412,70,241282
1534,0.01587,172.31.40.0-255,66,235478,70,241282
1535,0.01855,172.217.194.0-255,5738,241216,70,241282
1536,0.018558,172.31.40.0-255,66,241282,70,241282
1537,0.0,74.125.24.0-255,153,153,70,247216
1538,2.2e-05,172.31.40.0-255,66,219,70,247216
1539,2.9e-05,74.125.24.0-255,1484,1703,70,247216
1540,3.4e-05,172.31.40.0-255,66,1769,70,247216
1541,4e-05,74.125.24.0-255,2902,4671,70,247216
1542,5.1e-05,172.31.40.0-255,66,4737,70,247216
1543,5.6e-05,74.125.24.0-255,4320,9057,70,247216
1544,6e-05,172.31.40.0-255,66,9123,70,247216
1545,9.4e-05,74.125.24.0-255,4935,14058,70,247216
1546,9.8e-05,172.31.40.0-255,66,14124,70,247216
1547,0.00012,74.125.24.0-255,1484,15608,70,247216
1548,0.000123,172.31.40.0-255,66,15674,70,247216
1549,0.000153,74.125.24.0-255,2902,18576,70,247216
1550,0.000155,172.31.40.0-255,66,18642,70,247216
1551,0.000161,74.125.24.0-255,5738,24380,70,247216
1552,0.000164,172.31.40.0-255,66,24446,70,247216
1553,0.000189,74.125.24.0-255,6797,31243,70,247216
1554,0.000191,172.31.40.0-255,66,31309,70,247216
1555,0.000296,74.125.24.0-255,1484,32793,70,247216
1556,0.000301,172.31.40.0-255,66,32859,70,247216
1557,0.000306,74.125.24.0-255,2902,35761,70,247216
1558,0.000308,172.31.40.0-255,66,35827,70,247216
1559,0.00032,74.125.24.0-255,5738,41565,70,247216
1560,0.000323,172.31.40.0-255,66,41631,70,247216
1561,0.000355,74.125.24.0-255,4320,45951,70,247216
1562,0.000358,172.31.40.0-255,66,46017,70,247216
1563,0.000388,74.125.24.0-255,9633,55650,70,247216
1564,0.000391,172.31.40.0-255,66,55716,70,247216
1565,0.0004,74.125.24.0-255,9909,65625,70,247216
1566,0.000402,172.31.40.0-255,66,65691,70,247216
1567,0.000424,74.125.24.0-255,132,65823,70,247216
1568,0.000426,172.31.40.0-255,66,65889,70,247216
1569,0.000599,74.125.24.0-255,343,66232,70,247216
1570,0.000954,74.125.24.0-255,1484,67716,70,247216
1571,0.000959,172.31.40.0-255,66,67782,70,247216
1572,0.00098,74.125.24.0-255,2902,70684,70,247216
1573,0.000987,172.31.40.0-255,66,70750,70,247216
1574,0.001025,74.125.24.0-255,5738,76488,70,247216
1575,0.001034,74.125.24.0-255,7156,83644,70,247216
1576,0.001048,74.125.24.0-255,2902,86546,70,247216
1577,0.001073,74.125.24.0-255,8574,95120,70,247216
1578,0.001089,74.125.24.0-255,2902,98022,70,247216
1579,0.001093,74.125.24.0-255,2184,100206,70,247216
1580,0.001142,172.31.40.0-255,66,100272,70,247216
1581,0.001424,74.125.24.0-255,1484,101756,70,247216
1582,0.00143,74.125.24.0-255,2902,104658,70,247216
1583,0.001437,172.31.40.0-255,66,104724,70,247216
1584,0.001467,74.125.24.0-255,5738,110462,70,247216
1585,0.001478,172.31.40.0-255,66,110528,70,247216
1586,0.001522,172.31.40.0-255,66,110594,70,247216
1587,0.001548,74.125.24.0-255,10692,121286,70,247216
1588,0.001562,172.31.40.0-255,66,121352,70,247216
1589,0.001688,74.125.24.0-255,1484,122836,70,247216
1590,0.001716,74.125.24.0-255,2902,125738,70,247216
1591,0.001737,172.31.40.0-255,66,125804,70,247216
1592,0.001744,74.125.24.0-255,5738,131542,70,247216
1593,0.001783,172.31.40.0-255,66,131608,70,247216
1594,0.001797,74.125.24.0-255,9992,141600,70,247216
1595,0.001806,74.125.24.0-255,5738,147338,70,247216
1596,0.001829,172.31.40.0-255,66,147404,70,247216
1597,0.001852,74.125.24.0-255,7856,155260,70,247216
1598,0.001872,172.31.40.0-255,66,155326,70,247216
1599,0.002147,74.125.24.0-255,1484,156810,70,247216
1600,0.002166,74.125.24.0-255,2902,159712,70,247216
1601,0.002169,172.31.40.0-255,66,159778,70,247216
1602,0.002174,74.125.24.0-255,4320,164098,70,247216
1603,0.002179,172.31.40.0-255,66,164164,70,247216
1604,0.002202,74.125.24.0-255,1484,165648,70,247216
1605,0.002206,74.125.24.0-255,2902,168550,70,247216
1606,0.00221,74.125.24.0-255,4320,172870,70,247216
1607,0.002223,74.125.24.0-255,1484,174354,70,247216
1608,0.002236,74.125.24.0-255,5738,180092,70,247216
1609,0.002242,172.31.40.0-255,66,180158,70,247216
1610,0.002249,74.125.24.0-255,1484,181642,70,247216
1611,0.002251,74.125.24.0-255,1484,183126,70,247216
1612,0.002266,172.31.40.0-255,66,183192,70,247216
1613,0.002292,74.125.24.0-255,1484,184676,70,247216
1614,0.002314,74.125.24.0-255,5020,189696,70,247216
1615,0.002317,172.31.40.0-255,66,189762,70,247216
1616,0.00248,74.125.24.0-255,1484,191246,70,247216
1617,0.002485,74.125.24.0-255,2902,194148,70,247216
1618,0.00249,172.31.40.0-255,66,194214,70,247216
1619,0.002501,74.125.24.0-255,5738,199952,70,247216
1620,0.002513,74.125.24.0-255,1484,201436,70,247216
1621,0.002523,172.31.40.0-255,66,201502,70,247216
1622,0.002545,74.125.24.0-255,1484,202986,70,247216
1623,0.002572,74.125.24.0-255,9274,212260,70,247216
1624,0.002579,172.31.40.0-255,66,212326,70,247216
1625,0.00511,74.125.24.0-255,5738,218064,70,247216
1626,0.005118,172.31.40.0-255,66,218130,70,247216
1627,0.007632,74.125.24.0-255,5738,223868,70,247216
1628,0.009164,172.31.40.0-255,66,223934,70,247216
1629,0.011738,74.125.24.0-255,5738,229672,70,247216
1630,0.011747,172.31.40.0-255,66,229738,70,247216
1631,0.014296,74.125.24.0-255,5738,235476,70,247216
1632,0.014305,172.31.40.0-255,66,235542,70,247216
1633,0.01684,74.125.24.0-255,5738,241280,70,247216
1634,0.016846,172.31.40.0-255,66,241346,70,247216
1635,0.019408,74.125.24.0-255,4320,245666,70,247216
1636,0.019416,172.31.40.0-255,66,245732,70,247216
1637,0.019443,74.125.24.0-255,1484,247216,70,247216
1638,0.0,74.125.24.0-255,146,146,70,203478
1639,2.7e-05,172.31.40.0-255,66,212,70,203478
1640,3.3e-05,74.125.24.0-255,1484,1696,70,203478
1641,3.7e-05,172.31.40.0-255,66,1762,70,203478
1642,4.2e-05,74.125.24.0-255,2902,4664,70,203478
1643,4.5e-05,172.31.40.0-255,66,4730,70,203478
1644,5.3e-05,74.125.24.0-255,7156,11886,70,203478
1645,5.6e-05,172.31.40.0-255,66,11952,70,203478
1646,0.000109,74.125.24.0-255,7747,19699,70,203478
1647,0.000113,172.31.40.0-255,66,19765,70,203478
1648,0.000122,74.125.24.0-255,8574,28339,70,203478
1649,0.000124,172.31.40.0-255,66,28405,70,203478
1650,0.000128,74.125.24.0-255,2543,30948,70,203478
1651,0.00013,172.31.40.0-255,66,31014,70,203478
1652,0.000174,74.125.24.0-255,1484,32498,70,203478
1653,0.000178,172.31.40.0-255,66,32564,70,203478
1654,0.000183,74.125.24.0-255,2902,35466,70,203478
1655,0.000185,172.31.40.0-255,66,35532,70,203478
1656,0.000201,74.125.24.0-255,5738,41270,70,203478
1657,0.000204,172.31.40.0-255,66,41336,70,203478
1658,0.00022,74.125.24.0-255,4320,45656,70,203478
1659,0.000223,172.31.40.0-255,66,45722,70,203478
1660,0.000236,74.125.24.0-255,5379,51101,70,203478
1661,0.000239,172.31.40.0-255,66,51167,70,203478
1662,0.000248,74.125.24.0-255,9992,61159,70,203478
1663,0.00025,172.31.40.0-255,66,61225,70,203478
1664,0.000284,74.125.24.0-255,4236,65461,70,203478
1665,0.000288,172.31.40.0-255,66,65527,70,203478
1666,0.000305,74.125.24.0-255,413,65940,70,203478
1667,0.000309,172.31.40.0-255,66,66006,70,203478
1668,0.001482,74.125.24.0-255,1484,67490,70,203478
1669,0.001488,172.31.40.0-255,66,67556,70,203478
1670,0.001499,74.125.24.0-255,2902,70458,70,203478
1671,0.001505,74.125.24.0-255,4320,74778,70,203478
1672,0.001519,74.125.24.0-255,1484,76262,70,203478
1673,0.001556,74.125.24.0-255,10692,86954,70,203478
1674,0.001571,172.31.40.0-255,66,87020,70,203478
1675,0.001622,74.125.24.0-255,1484,88504,70,203478
1676,0.001627,74.125.24.0-255,2902,91406,70,203478
1677,0.001654,74.125.24.0-255,5738,97144,70,203478
1678,0.001664,74.125.24.0-255,1484,98628,70,203478
1679,0.001669,172.31.40.0-255,66,98694,70,203478
1680,0.001695,74.125.24.0-255,1484,100178,70,203478
1681,0.001703,172.31.40.0-255,66,100244,70,203478
1682,0.001729,74.125.24.0-255,7156,107400,70,203478
1683,0.001741,172.31.40.0-255,66,107466,70,203478
1684,0.001757,74.125.24.0-255,7156,114622,70,203478
1685,0.001788,74.125.24.0-255,5020,119642,70,203478
1686,0.001793,172.31.40.0-255,66,119708,70,203478
1687,0.00193,74.125.24.0-255,1484,121192,70,203478
1688,0.001934,74.125.24.0-255,1484,122676,70,203478
1689,0.001939,172.31.40.0-255,66,122742,70,203478
1690,0.001946,74.125.24.0-255,1484,124226,70,203478
1691,0.00195,74.125.24.0-255,4320,128546,70,203478
1692,0.001953,172.31.40.0-255,66,128612,70,203478
1693,0.001961,74.125.24.0-255,1484,130096,70,203478
1694,0.001974,74.125.24.0-255,1484,131580,70,203478
1695,0.00198,172.31.40.0-255,66,131646,70,203478
1696,0.002009,74.125.24.0-255,10692,142338,70,203478
1697,0.002045,74.125.24.0-255,1484,143822,70,203478
1698,0.002049,74.125.24.0-255,2902,146724,70,203478
1699,0.002062,172.31.40.0-255,66,146790,70,203478
1700,0.002071,74.125.24.0-255,5738,152528,70,203478
1701,0.002079,172.31.40.0-255,66,152594,70,203478
1702,0.002081,74.125.24.0-255,1484,154078,70,203478
1703,0.0021,74.125.24.0-255,2902,156980,70,203478
1704,0.002109,172.31.40.0-255,66,157046,70,203478
1705,0.004118,74.125.24.0-255,5738,162784,70,203478
1706,0.004123,172.31.40.0-255,66,162850,70,203478
1707,0.006167,74.125.24.0-255,5738,168588,70,203478
1708,0.006173,172.31.40.0-255,66,168654,70,203478
1709,0.008246,74.125.24.0-255,5738,174392,70,203478
1710,0.008253,172.31.40.0-255,66,174458,70,203478
1711,0.010277,74.125.24.0-255,5738,180196,70,203478
1712,0.010283,172.31.40.0-255,66,180262,70,203478
1713,0.012305,74.125.24.0-255,5738,186000,70,203478
1714,0.012312,172.31.40.0-255,66,186066,70,203478
1715,0.014386,74.125.24.0-255,5738,191804,70,203478
1716,0.014393,172.31.40.0-255,66,191870,70,203478
1717,0.01647,74.125.24.0-255,5738,197608,70,203478
1718,0.01648,172.31.40.0-255,66,197674,70,203478
1719,0.018547,74.125.24.0-255,5738,203412,70,203478
1720,0.018553,172.31.40.0-255,66,203478,70,203478
1721,0.0,74.125.200.0-255,153,153,70,272015
1722,1.6e-05,172.31.40.0-255,66,219,70,272015
1723,2.3e-05,74.125.200.0-255,1484,1703,70,272015
1724,2.7e-05,172.31.40.0-255,66,1769,70,272015
1725,5.8e-05,74.125.200.0-255,2902,4671,70,272015
1726,6.1e-05,172.31.40.0-255,66,4737,70,272015
1727,7.2e-05,74.125.200.0-255,5738,10475,70,272015
1728,7.6e-05,172.31.40.0-255,66,10541,70,272015
1729,8.1e-05,74.125.200.0-255,3454,13995,70,272015
1730,8.4e-05,172.31.40.0-255,66,14061,70,272015
1731,0.000223,74.125.200.0-255,1484,15545,70,272015
1732,0.000228,172.31.40.0-255,66,15611,70,272015
1733,0.000234,74.125.200.0-255,2902,18513,70,272015
1734,0.000236,172.31.40.0-255,66,18579,70,272015
1735,0.000241,74.125.200.0-255,4320,22899,70,272015
1736,0.000248,172.31.40.0-255,66,22965,70,272015
1737,0.000278,74.125.200.0-255,4320,27285,70,272015
1738,0.000281,172.31.40.0-255,66,27351,70,272015
1739,0.000308,74.125.200.0-255,5379,32730,70,272015
1740,0.000311,172.31.40.0-255,66,32796,70,272015
1741,0.000316,74.125.200.0-255,4320,37116,70,272015
1742,0.000318,172.31.40.0-255,66,37182,70,272015
1743,0.000321,74.125.200.0-255,1484,38666,70,272015
1744,0.000324,172.31.40.0-255,66,38732,70,272015
1745,0.000371,172.31.40.0-255,66,38798,70,272015
1746,0.000374,74.125.200.0-255,1484,40282,70,272015
1747,0.000377,172.31.40.0-255,66,40348,70,272015
1748,0.000413,74.125.200.0-255,5738,46086,70,272015
1749,0.000415,172.31.40.0-255,66,46152,70,272015
1750,0.000421,74.125.200.0-255,5351,51503,70,272015
1751,0.000424,172.31.40.0-255,66,51569,70,272015
1752,0.000431,74.125.200.0-255,114,51683,70,272015
1753,0.000572,74.125.200.0-255,1484,53167,70,272015
1754,0.000576,172.31.40.0-255,66,53233,70,272015
1755,0.000599,74.125.200.0-255,2902,56135,70,272015
1756,0.000602,172.31.40.0-255,66,56201,70,272015
1757,0.000605,74.125.200.0-255,1484,57685,70,272015
1758,0.000627,74.125.200.0-255,4320,62005,70,272015
1759,0.000629,172.31.40.0-255,66,62071,70,272015
1760,0.000632,74.125.200.0-255,1484,63555,70,272015
1761,0.000638,74.125.200.0-255,7156,70711,70,272015
1762,0.00064,172.31.40.0-255,66,70777,70,272015
1763,0.000668,74.125.200.0-255,1484,72261,70,272015
1764,0.000681,172.31.40.0-255,66,72327,70,272015
1765,0.000707,74.125.200.0-255,2446,74773,70,272015
1766,0.00071,172.31.40.0-255,66,74839,70,272015
1767,0.000957,74.125.200.0-255,1484,76323,70,272015
1768,0.000972,74.125.200.0-255,2902,79225,70,272015
1769,0.000975,172.31.40.0-255,66,79291,70,272015
1770,0.001002,74.125.200.0-255,5738,85029,70,272015
1771,0.001004,172.31.40.0-255,66,85095,70,272015
1772,0.001033,74.125.200.0-255,5738,90833,70,272015
1773,0.001035,172.31.40.0-255,66,90899,70,272015
1774,0.001042,74.125.200.0-255,7156,98055,70,272015
1775,0.001044,172.31.40.0-255,66,98121,70,272015
1776,0.001076,74.125.200.0-255,10692,108813,70,272015
1777,0.001079,172.31.40.0-255,66,108879,70,272015
1778,0.001595,74.125.200.0-255,1484,110363,70,272015
1779,0.001614,74.125.200.0-255,1484,111847,70,272015
1780,0.001617,172.31.40.0-255,66,111913,70,272015
1781,0.00162,74.125.200.0-255,1484,113397,70,272015
1782,0.001643,74.125.200.0-255,1484,114881,70,272015
1783,0.001645,172.31.40.0-255,66,114947,70,272015
1784,0.001651,74.125.200.0-255,5738,120685,70,272015
1785,0.001653,172.31.40.0-255,66,120751,70,272015
1786,0.00168,74.125.200.0-255,5738,126489,70,272015
1787,0.001682,172.31.40.0-255,66,126555,70,272015
1788,0.001687,74.125.200.0-255,2902,129457,70,272015
1789,0.001688,172.31.40.0-255,66,129523,70,272015
1790,0.001723,74.125.200.0-255,4320,133843,70,272015
1791,0.001726,172.31.40.0-255,66,133909,70,272015
1792,0.00173,74.125.200.0-255,2902,136811,70,272015
1793,0.001732,172.31.40.0-255,66,136877,70,272015
1794,0.001755,74.125.200.0-255,6438,143315,70,272015
1795,0.001757,172.31.40.0-255,66,143381,70,272015
1796,0.001906,74.125.200.0-255,1484,144865,70,272015
1797,0.001913,74.125.200.0-255,2902,147767,70,272015
1798,0.001916,172.31.40.0-255,66,147833,70,272015
1799,0.00199,74.125.200.0-255,4320,152153,70,272015
1800,0.001993,172.31.40.0-255,66,152219,70,272015
1801,0.002006,74.125.200.0-255,1484,153703,70,272015
1802,0.002026,172.31.40.0-255,66,153769,70,272015
1803,0.002091,74.125.200.0-255,10692,164461,70,272015
1804,0.002093,172.31.40.0-255,66,164527,70,272015
1805,0.002099,74.125.200.0-255,5738,170265,70,272015
1806,0.002101,172.31.40.0-255,66,170331,70,272015
1807,0.00213,74.125.200.0-255,1484,171815,70,272015
1808,0.002139,74.125.200.0-255,8574,180389,70,272015
1809,0.002142,172.31.40.0-255,66,180455,70,272015
1810,0.002147,74.125.200.0-255,4320,184775,70,272015
1811,0.002149,172.31.40.0-255,66,184841,70,272015
1812,0.002174,74.125.200.0-255,2902,187743,70,272015
1813,0.002178,172.31.40.0-255,66,187809,70,272015
1814,0.002209,74.125.200.0-255,10692,198501,70,272015
1815,0.002212,172.31.40.0-255,66,198567,70,272015
1816,0.002237,74.125.200.0-255,1484,200051,70,272015
1817,0.002242,74.125.200.0-255,2902,202953,70,272015
1818,0.002244,172.31.40.0-255,66,203019,70,272015
1819,0.002247,74.125.200.0-255,1484,204503,70,272015
1820,0.002272,74.125.200.0-255,4320,208823,70,272015
1821,0.002275,172.31.40.0-255,66,208889,70,272015
1822,0.002287,74.125.200.0-255,5738,214627,70,272015
1823,0.002293,172.31.40.0-255,66,214693,70,272015
1824,0.002321,74.125.200.0-255,1484,216177,70,272015
1825,0.00233,74.125.200.0-255,8574,224751,70,272015
1826,0.002333,172.31.40.0-255,66,224817,70,272015
1827,0.00234,74.125.200.0-255,7856,232673,70,272015
1828,0.002343,172.31.40.0-255,66,232739,70,272015
1829,0.004772,74.125.200.0-255,4320,237059,70,272015
1830,0.004779,172.31.40.0-255,66,237125,70,272015
1831,0.004807,74.125.200.0-255,1484,238609,70,272015
1832,0.007216,74.125.200.0-255,4320,242929,70,272015
1833,0.007221,172.31.40.0-255,66,242995,70,272015
1834,0.009654,74.125.200.0-255,5738,248733,70,272015
1835,0.009661,172.31.40.0-255,66,248799,70,272015
1836,0.012097,74.125.200.0-255,5738,254537,70,272015
1837,0.012105,172.31.40.0-255,66,254603,70,272015
1838,0.014588,74.125.200.0-255,5738,260341,70,272015
1839,0.014597,172.31.40.0-255,66,260407,70,272015
1840,0.017057,74.125.200.0-255,5738,266145,70,272015
1841,0.017066,172.31.40.0-255,66,266211,70,272015
1842,0.019523,74.125.200.0-255,5738,271949,70,272015
1843,0.019532,172.31.40.0-255,66,272015,70,272015
1844,0.0,172.217.194.0-255,298,298,70,269337
1845,2.3e-05,172.31.40.0-255,66,364,70,269337
1846,3e-05,172.217.194.0-255,1484,1848,70,269337
1847,3.4e-05,172.31.40.0-255,66,1914,70,269337
1848,4.1e-05,172.217.194.0-255,4320,6234,70,269337
1849,5.7e-05,172.31.40.0-255,66,6300,70,269337
1850,6.6e-05,172.217.194.0-255,7614,13914,70,269337
1851,6.9e-05,172.31.40.0-255,66,13980,70,269337
1852,0.000146,172.217.194.0-255,1484,15464,70,269337
1853,0.000149,172.31.40.0-255,66,15530,70,269337
1854,0.000168,172.217.194.0-255,2902,18432,70,269337
1855,0.00017,172.31.40.0-255,66,18498,70,269337
1856,0.000194,172.217.194.0-255,4320,22818,70,269337
1857,0.000198,172.31.40.0-255,66,22884,70,269337
1858,0.000225,172.217.194.0-255,1484,24368,70,269337
1859,0.000228,172.31.40.0-255,66,24434,70,269337
1860,0.000242,172.31.40.0-255,66,24500,70,269337
1861,0.000262,172.31.40.0-255,66,24566,70,269337
1862,0.000299,172.31.40.0-255,66,24632,70,269337
1863,0.000325,172.217.194.0-255,766,25398,70,269337
1864,0.000328,172.31.40.0-255,66,25464,70,269337
1865,0.000331,172.217.194.0-255,709,26173,70,269337
1866,0.000333,172.31.40.0-255,66,26239,70,269337
1867,0.000422,172.217.194.0-255,1484,27723,70,269337
1868,0.000427,172.31.40.0-255,66,27789,70,269337
1869,0.000456,172.217.194.0-255,2902,30691,70,269337
1870,0.000459,172.31.40.0-255,66,30757,70,269337
1871,0.000465,172.217.194.0-255,5738,36495,70,269337
1872,0.000467,172.31.40.0-255,66,36561,70,269337
1873,0.00049,172.217.194.0-255,8574,45135,70,269337
1874,0.000492,172.31.40.0-255,66,45201,70,269337
1875,0.000512,172.217.194.0-255,1484,46685,70,269337
1876,0.000525,172.217.194.0-255,8574,55259,70,269337
1877,0.000528,172.31.40.0-255,66,55325,70,269337
1878,0.000573,172.217.194.0-255,5020,60345,70,269337
1879,0.000575,172.31.40.0-255,66,60411,70,269337
1880,0.000646,172.217.194.0-255,1484,61895,70,269337
1881,0.000669,172.217.194.0-255,2902,64797,70,269337
1882,0.000672,172.31.40.0-255,66,64863,70,269337
1883,0.000677,172.217.194.0-255,2902,67765,70,269337
1884,0.000679,172.31.40.0-255,66,67831,70,269337
1885,0.000699,172.217.194.0-255,2902,70733,70,269337
1886,0.000701,172.31.40.0-255,66,70799,70,269337
1887,0.000707,172.217.194.0-255,4320,75119,70,269337
1888,0.000709,172.31.40.0-255,66,75185,70,269337
1889,0.000756,172.217.194.0-255,8574,83759,70,269337
1890,0.000758,172.31.40.0-255,66,83825,70,269337
1891,0.000768,172.217.194.0-255,9992,93817,70,269337
1892,0.000774,172.31.40.0-255,66,93883,70,269337
1893,0.000777,172.217.194.0-255,766,94649,70,269337
1894,0.00078,172.217.194.0-255,1484,96133,70,269337
1895,0.000783,172.31.40.0-255,66,96199,70,269337
1896,0.000788,172.217.194.0-255,4320,100519,70,269337
1897,0.00079,172.31.40.0-255,66,100585,70,269337
1898,0.000822,172.217.194.0-255,9992,110577,70,269337
1899,0.000824,172.31.40.0-255,66,110643,70,269337
1900,0.000831,172.217.194.0-255,5738,116381,70,269337
1901,0.000833,172.31.40.0-255,66,116447,70,269337
1902,0.000861,172.217.194.0-255,2902,119349,70,269337
1903,0.000863,172.31.40.0-255,66,119415,70,269337
1904,0.000866,172.217.194.0-255,1484,120899,70,269337
1905,0.000891,172.217.194.0-255,7856,128755,70,269337
1906,0.000894,172.31.40.0-255,66,128821,70,269337
1907,0.001152,172.217.194.0-255,1484,130305,70,269337
1908,0.001158,172.217.194.0-255,2902,133207,70,269337
1909,0.001164,172.31.40.0-255,66,133273,70,269337
1910,0.001194,172.217.194.0-255,5738,139011,70,269337
1911,0.001197,172.31.40.0-255,66,139077,70,269337
1912,0.001206,172.217.194.0-255,8574,147651,70,269337
1913,0.001208,172.31.40.0-255,66,147717,70,269337
1914,0.001228,172.217.194.0-255,4320,152037,70,269337
1915,0.00123,172.31.40.0-255,66,152103,70,269337
1916,0.001238,172.217.194.0-255,8574,160677,70,269337
1917,0.001241,172.31.40.0-255,66,160743,70,269337
1918,0.001271,172.217.194.0-255,2184,162927,70,269337
1919,0.001273,172.31.40.0-255,66,162993,70,269337
1920,0.001369,172.217.194.0-255,1484,164477,70,269337
1921,0.001375,172.217.194.0-255,2902,167379,70,269337
1922,0.001379,172.31.40.0-255,66,167445,70,269337
1923,0.001414,172.217.194.0-255,5738,173183,70,269337
1924,0.001417,172.31.40.0-255,66,173249,70,269337
1925,0.001424,172.217.194.0-255,7156,180405,70,269337
1926,0.001426,172.31.40.0-255,66,180471,70,269337
1927,0.001456,172.217.194.0-255,5738,186209,70,269337
1928,0.001458,172.31.40.0-255,66,186275,70,269337
1929,0.001472,172.217.194.0-255,10692,196967,70,269337
1930,0.001475,172.31.40.0-255,66,197033,70,269337
1931,0.00152,172.217.194.0-255,1484,198517,70,269337
1932,0.001525,172.217.194.0-255,2902,201419,70,269337
1933,0.001528,172.31.40.0-255,66,201485,70,269337
1934,0.00154,172.217.194.0-255,5738,207223,70,269337
1935,0.001542,172.31.40.0-255,66,207289,70,269337
1936,0.001548,172.217.194.0-255,5738,213027,70,269337
1937,0.00155,172.31.40.0-255,66,213093,70,269337
1938,0.001629,172.31.40.0-255,66,213159,70,269337
1939,0.001632,172.217.194.0-255,766,213925,70,269337
1940,0.002003,172.217.194.0-255,1484,215409,70,269337
1941,0.002008,172.31.40.0-255,66,215475,70,269337
1942,0.002014,172.217.194.0-255,2902,218377,70,269337
1943,0.002016,172.31.40.0-255,66,218443,70,269337
1944,0.002022,172.217.194.0-255,4320,222763,70,269337
1945,0.002024,172.31.40.0-255,66,222829,70,269337
1946,0.002059,172.217.194.0-255,1484,224313,70,269337
1947,0.002064,172.217.194.0-255,2902,227215,70,269337
1948,0.002066,172.31.40.0-255,66,227281,70,269337
1949,0.002098,172.217.194.0-255,9992,237273,70,269337
1950,0.0021,172.31.40.0-255,66,237339,70,269337
1951,0.002106,172.217.194.0-255,4320,241659,70,269337
1952,0.002109,172.31.40.0-255,66,241725,70,269337
1953,0.002137,172.217.194.0-255,5738,247463,70,269337
1954,0.002139,172.31.40.0-255,66,247529,70,269337
1955,0.002145,172.217.194.0-255,4320,251849,70,269337
1956,0.002147,172.31.40.0-255,66,251915,70,269337
1957,0.002202,172.31.40.0-255,66,251981,70,269337
1958,0.002206,172.217.194.0-255,2902,254883,70,269337
1959,0.002208,172.31.40.0-255,66,254949,70,269337
1960,0.002254,172.31.40.0-255,66,255015,70,269337
1961,0.002267,172.31.40.0-255,66,255081,70,269337
1962,0.002291,172.217.194.0-255,8574,263655,70,269337
1963,0.002299,172.31.40.0-255,66,263721,70,269337
1964,0.002302,172.217.194.0-255,766,264487,70,269337
1965,0.002305,172.217.194.0-255,1484,265971,70,269337
1966,0.002307,172.31.40.0-255,66,266037,70,269337
1967,0.002344,172.31.40.0-255,66,266103,70,269337
1968,0.002368,172.217.194.0-255,1484,267587,70,269337
1969,0.002375,172.217.194.0-255,1342,268929,70,269337
1970,0.002378,172.31.40.0-255,66,268995,70,269337
1971,0.002381,172.217.194.0-255,105,269100,70,269337
1972,0.004784,172.31.40.0-255,66,269166,70,269337
1973,0.004823,172.31.40.0-255,105,269271,70,269337
1974,0.007094,172.217.194.0-255,66,269337,70,269337
1975,0.0,74.125.24.0-255,144,144,70,207982
1976,1.6e-05,172.31.40.0-255,66,210,70,207982
1977,2.2e-05,74.125.24.0-255,1484,1694,70,207982
1978,2.7e-05,172.31.40.0-255,66,1760,70,207982
1979,3.3e-05,74.125.24.0-255,2902,4662,70,207982
1980,3.6e-05,172.31.40.0-255,66,4728,70,207982
1981,4.1e-05,74.125.24.0-255,2902,7630,70,207982
1982,4.5e-05,172.31.40.0-255,66,7696,70,207982
1983,7.7e-05,74.125.24.0-255,2902,10598,70,207982
1984,8e-05,172.31.40.0-255,66,10664,70,207982
1985,0.000106,74.125.24.0-255,3474,14138,70,207982
1986,0.000109,172.31.40.0-255,66,14204,70,207982
1987,0.000131,74.125.24.0-255,1484,15688,70,207982
1988,0.000133,172.31.40.0-255,66,15754,70,207982
1989,0.000153,74.125.24.0-255,2902,18656,70,207982
1990,0.000156,172.31.40.0-255,66,18722,70,207982
1991,0.000162,74.125.24.0-255,5738,24460,70,207982
1992,0.000165,172.31.40.0-255,66,24526,70,207982
1993,0.000194,74.125.24.0-255,6797,31323,70,207982
1994,0.000197,172.31.40.0-255,66,31389,70,207982
1995,0.000202,74.125.24.0-255,4320,35709,70,207982
1996,0.000204,172.31.40.0-255,66,35775,70,207982
1997,0.000219,74.125.24.0-255,2902,38677,70,207982
1998,0.000221,172.31.40.0-255,66,38743,70,207982
1999,0.000225,74.125.24.0-255,2902,41645,70,207982
2000,0.000227,172.31.40.0-255,66,41711,70,207982
2001,0.000261,74.125.24.0-255,6797,48508,70,207982
2002,0.000264,172.31.40.0-255,66,48574,70,207982
2003,0.000302,74.125.24.0-255,1484,50058,70,207982
2004,0.000305,172.31.40.0-255,66,50124,70,207982
2005,0.000308,74.125.24.0-255,1484,51608,70,207982
2006,0.000311,172.31.40.0-255,66,51674,70,207982
2007,0.000322,74.125.24.0-255,1484,53158,70,207982
2008,0.000336,74.125.24.0-255,2902,56060,70,207982
2009,0.000338,172.31.40.0-255,66,56126,70,207982
2010,0.000358,74.125.24.0-255,2902,59028,70,207982
2011,0.000361,172.31.40.0-255,66,59094,70,207982
2012,0.000379,74.125.24.0-255,1484,60578,70,207982
2013,0.000383,74.125.24.0-255,1484,62062,70,207982
2014,0.000385,172.31.40.0-255,66,62128,70,207982
2015,0.000408,74.125.24.0-255,4295,66423,70,207982
2016,0.000411,172.31.40.0-255,66,66489,70,207982
2017,0.000491,74.125.24.0-255,110,66599,70,207982
2018,0.000502,74.125.24.0-255,331,66930,70,207982
2019,0.000695,74.125.24.0-255,1484,68414,70,207982
2020,0.0007,172.31.40.0-255,66,68480,70,207982
2021,0.000706,74.125.24.0-255,2902,71382,70,207982
2022,0.000709,172.31.40.0-255,66,71448,70,207982
2023,0.000715,74.125.24.0-255,2902,74350,70,207982
2024,0.000717,172.31.40.0-255,66,74416,70,207982
2025,0.000733,74.125.24.0-255,2902,77318,70,207982
2026,0.000735,172.31.40.0-255,66,77384,70,207982
2027,0.000744,74.125.24.0-255,8574,85958,70,207982
2028,0.000746,172.31.40.0-255,66,86024,70,207982
2029,0.000762,74.125.24.0-255,2902,88926,70,207982
2030,0.00077,74.125.24.0-255,8574,97500,70,207982
2031,0.000776,172.31.40.0-255,66,97566,70,207982
2032,0.000784,172.31.40.0-255,66,97632,70,207982
2033,0.000789,74.125.24.0-255,3602,101234,70,207982
2034,0.000791,172.31.40.0-255,66,101300,70,207982
2035,0.001131,74.125.24.0-255,1484,102784,70,207982
2036,0.001137,74.125.24.0-255,2902,105686,70,207982
2037,0.001141,172.31.40.0-255,66,105752,70,207982
2038,0.001168,74.125.24.0-255,5738,111490,70,207982
2039,0.001171,172.31.40.0-255,66,111556,70,207982
2040,0.001178,74.125.24.0-255,7156,118712,70,207982
2041,0.00118,172.31.40.0-255,66,118778,70,207982
2042,0.001197,74.125.24.0-255,2902,121680,70,207982
2043,0.0012,172.31.40.0-255,66,121746,70,207982
2044,0.001203,74.125.24.0-255,1484,123230,70,207982
2045,0.001236,172.31.40.0-255,66,123296,70,207982
2046,0.001708,74.125.24.0-255,1484,124780,70,207982
2047,0.00173,74.125.24.0-255,2902,127682,70,207982
2048,0.001734,172.31.40.0-255,66,127748,70,207982
2049,0.001741,74.125.24.0-255,5738,133486,70,207982
2050,0.001743,172.31.40.0-255,66,133552,70,207982
2051,0.001783,74.125.24.0-255,9992,143544,70,207982
2052,0.001786,172.31.40.0-255,66,143610,70,207982
2053,0.001845,172.31.40.0-255,66,143676,70,207982
2054,0.002294,74.125.24.0-255,1484,145160,70,207982
2055,0.002317,74.125.24.0-255,2902,148062,70,207982
2056,0.002321,172.31.40.0-255,66,148128,70,207982
2057,0.00234,74.125.24.0-255,2902,151030,70,207982
2058,0.002341,172.31.40.0-255,66,151096,70,207982
2059,0.002359,74.125.24.0-255,2902,153998,70,207982
2060,0.002361,172.31.40.0-255,66,154064,70,207982
2061,0.002367,74.125.24.0-255,7156,161220,70,207982
2062,0.002369,172.31.40.0-255,66,161286,70,207982
2063,0.002373,74.125.24.0-255,2902,164188,70,207982
2064,0.002375,172.31.40.0-255,66,164254,70,207982
2065,0.002397,74.125.24.0-255,5738,169992,70,207982
2066,0.002399,172.31.40.0-255,66,170058,70,207982
2067,0.00475,74.125.24.0-255,5738,175796,70,207982
2068,0.004757,172.31.40.0-255,66,175862,70,207982
2069,0.007116,74.125.24.0-255,5738,181600,70,207982
2070,0.007121,172.31.40.0-255,66,181666,70,207982
2071,0.00951,74.125.24.0-255,5738,187404,70,207982
2072,0.009519,172.31.40.0-255,66,187470,70,207982
2073,0.011887,74.125.24.0-255,4320,191790,70,207982
2074,0.011895,172.31.40.0-255,66,191856,70,207982
2075,0.011914,74.125.24.0-255,1484,193340,70,207982
2076,0.014313,74.125.24.0-255,4320,197660,70,207982
2077,0.01432,172.31.40.0-255,66,197726,70,207982
2078,0.016707,74.125.24.0-255,4320,202046,70,207982
2079,0.016714,172.31.40.0-255,66,202112,70,207982
2080,0.016737,74.125.24.0-255,1484,203596,70,207982
2081,0.019094,74.125.24.0-255,4320,207916,70,207982
2082,0.019101,172.31.40.0-255,66,207982,70,207982
2083,0.0,172.217.194.0-255,153,153,70,65287
2084,2.5e-05,172.31.40.0-255,66,219,70,65287
2085,3e-05,172.217.194.0-255,1484,1703,70,65287
2086,3.4e-05,172.31.40.0-255,66,1769,70,65287
2087,3.8e-05,172.217.194.0-255,2902,4671,70,65287
2088,4e-05,172.31.40.0-255,66,4737,70,65287
2089,7.8e-05,172.217.194.0-255,2902,7639,70,65287
2090,8e-05,172.31.40.0-255,66,7705,70,65287
2091,0.0001,172.217.194.0-255,4320,12025,70,65287
2092,0.000102,172.31.40.0-255,66,12091,70,65287
2093,0.000134,172.217.194.0-255,1484,13575,70,65287
2094,0.000136,172.31.40.0-255,66,13641,70,65287
2095,0.000152,172.217.194.0-255,7749,21390,70,65287
2096,0.000155,172.31.40.0-255,66,21456,70,65287
2097,0.000184,172.217.194.0-255,2902,24358,70,65287
2098,0.000186,172.31.40.0-255,66,24424,70,65287
2099,0.00019,172.217.194.0-255,4320,28744,70,65287
2100,0.000192,172.31.40.0-255,66,28810,70,65287
2101,0.000221,172.217.194.0-255,2543,31353,70,65287
2102,0.000223,172.31.40.0-255,66,31419,70,65287
2103,0.005873,172.217.194.0-255,1484,32903,70,65287
2104,0.005879,172.31.40.0-255,66,32969,70,65287
2105,0.005909,172.217.194.0-255,2902,35871,70,65287
2106,0.005911,172.31.40.0-255,66,35937,70,65287
2107,0.005944,172.217.194.0-255,1484,37421,70,65287
2108,0.005947,172.31.40.0-255,66,37487,70,65287
2109,0.008457,172.217.194.0-255,4320,41807,70,65287
2110,0.008465,172.31.40.0-255,66,41873,70,65287
2111,0.00849,172.217.194.0-255,1484,43357,70,65287
2112,0.008495,172.31.40.0-255,66,43423,70,65287
2113,0.011054,172.217.194.0-255,4320,47743,70,65287
2114,0.01106,172.31.40.0-255,66,47809,70,65287
2115,0.01108,172.217.194.0-255,1484,49293,70,65287
2116,0.013639,172.217.194.0-255,4320,53613,70,65287
2117,0.013657,172.31.40.0-255,66,53679,70,65287
2118,0.016212,172.217.194.0-255,5738,59417,70,65287
2119,0.016222,172.31.40.0-255,66,59483,70,65287
2120,0.018777,172.217.194.0-255,5738,65221,70,65287
2121,0.018784,172.31.40.0-255,66,65287,70,65287
2122,0.0,74.125.24.0-255,153,153,70,264650
2123,2.2e-05,172.31.40.0-255,66,219,70,264650
2124,2.9e-05,74.125.24.0-255,1484,1703,70,264650
2125,3.4e-05,172.31.40.0-255,66,1769,70,264650
2126,4.7e-05,74.125.24.0-255,2902,4671,70,264650
2127,5.1e-05,172.31.40.0-255,66,4737,70,264650
2128,6e-05,74.125.24.0-255,7156,11893,70,264650
2129,6.3e-05,172.31.40.0-255,66,11959,70,264650
2130,6.7e-05,74.125.24.0-255,2902,14861,70,264650
2131,6.9e-05,172.31.40.0-255,66,14927,70,264650
2132,9.9e-05,74.125.24.0-255,9185,24112,70,264650
2133,0.000103,172.31.40.0-255,66,24178,70,264650
2134,0.000111,74.125.24.0-255,6797,30975,70,264650
2135,0.000113,172.31.40.0-255,66,31041,70,264650
2136,0.00016,74.125.24.0-255,1484,32525,70,264650
2137,0.000163,172.31.40.0-255,66,32591,70,264650
2138,0.00019,74.125.24.0-255,2902,35493,70,264650
2139,0.000192,172.31.40.0-255,66,35559,70,264650
2140,0.000198,74.125.24.0-255,5738,41297,70,264650
2141,0.000201,172.31.40.0-255,66,41363,70,264650
2142,0.000235,74.125.24.0-255,2902,44265,70,264650
2143,0.000238,172.31.40.0-255,66,44331,70,264650
2144,0.000267,74.125.24.0-255,3961,48292,70,264650
2145,0.00027,172.31.40.0-255,66,48358,70,264650
2146,0.000299,74.125.24.0-255,1484,49842,70,264650
2147,0.000301,172.31.40.0-255,66,49908,70,264650
2148,0.000307,74.125.24.0-255,2902,52810,70,264650
2149,0.000309,172.31.40.0-255,66,52876,70,264650
2150,0.00032,74.125.24.0-255,5738,58614,70,264650
2151,0.000323,172.31.40.0-255,66,58680,70,264650
2152,0.00035,74.125.24.0-255,5738,64418,70,264650
2153,0.000352,172.31.40.0-255,66,64484,70,264650
2154,0.000378,74.125.24.0-255,1420,65904,70,264650
2155,0.000541,74.125.24.0-255,1484,67388,70,264650
2156,0.000547,172.31.40.0-255,66,67454,70,264650
2157,0.000553,74.125.24.0-255,2902,70356,70,264650
2158,0.000556,172.31.40.0-255,66,70422,70,264650
2159,0.00056,74.125.24.0-255,2902,73324,70,264650
2160,0.000567,172.31.40.0-255,66,73390,70,264650
2161,0.000599,74.125.24.0-255,2902,76292,70,264650
2162,0.000602,172.31.40.0-255,66,76358,70,264650
2163,0.000608,74.125.24.0-255,4320,80678,70,264650
2164,0.00061,172.31.40.0-255,66,80744,70,264650
2165,0.00063,74.125.24.0-255,2543,83287,70,264650
2166,0.000633,172.31.40.0-255,66,83353,70,264650
2167,0.000664,74.125.24.0-255,7156,90509,70,264650
2168,0.000667,172.31.40.0-255,66,90575,70,264650
2169,0.000673,74.125.24.0-255,4320,94895,70,264650
2170,0.000675,172.31.40.0-255,66,94961,70,264650
2171,0.00071,74.125.24.0-255,1484,96445,70,264650
2172,0.000745,172.31.40.0-255,66,96511,70,264650
2173,0.000753,74.125.24.0-255,8098,104609,70,264650
2174,0.000756,172.31.40.0-255,66,104675,70,264650
2175,0.001491,74.125.24.0-255,1484,106159,70,264650
2176,0.001499,74.125.24.0-255,2902,109061,70,264650
2177,0.001502,172.31.40.0-255,66,109127,70,264650
2178,0.001507,74.125.24.0-255,2902,112029,70,264650
2179,0.001509,172.31.40.0-255,66,112095,70,264650
2180,0.001536,74.125.24.0-255,2902,114997,70,264650
2181,0.001543,172.31.40.0-255,66,115063,70,264650
2182,0.001579,74.125.24.0-255,4320,119383,70,264650
2183,0.001582,172.31.40.0-255,66,119449,70,264650
2184,0.001608,74.125.24.0-255,2669,122118,70,264650
2185,0.001611,172.31.40.0-255,66,122184,70,264650
2186,0.001637,74.125.24.0-255,1484,123668,70,264650
2187,0.001642,74.125.24.0-255,2902,126570,70,264650
2188,0.001644,172.31.40.0-255,66,126636,70,264650
2189,0.001648,74.125.24.0-255,2902,129538,70,264650
2190,0.00165,172.31.40.0-255,66,129604,70,264650
2191,0.001682,74.125.24.0-255,2902,132506,70,264650
2192,0.001684,172.31.40.0-255,66,132572,70,264650
2193,0.001691,74.125.24.0-255,5738,138310,70,264650
2194,0.001693,172.31.40.0-255,66,138376,70,264650
2195,0.001711,172.31.40.0-255,66,138442,70,264650
2196,0.001743,74.125.24.0-255,5020,143462,70,264650
2197,0.001745,172.31.40.0-255,66,143528,70,264650
2198,0.00177,74.125.24.0-255,1484,145012,70,264650
2199,0.001774,74.125.24.0-255,2902,147914,70,264650
2200,0.001777,172.31.40.0-255,66,147980,70,264650
2201,0.001807,74.125.24.0-255,5738,153718,70,264650
2202,0.00181,172.31.40.0-255,66,153784,70,264650
2203,0.001816,74.125.24.0-255,2902,156686,70,264650
2204,0.001818,172.31.40.0-255,66,156752,70,264650
2205,0.001859,74.125.24.0-255,9992,166744,70,264650
2206,0.001862,172.31.40.0-255,66,166810,70,264650
2207,0.001867,74.125.24.0-255,2902,169712,70,264650
2208,0.00187,172.31.40.0-255,66,169778,70,264650
2209,0.001904,74.125.24.0-255,7856,177634,70,264650
2210,0.001907,172.31.40.0-255,66,177700,70,264650
2211,0.002027,74.125.24.0-255,1484,179184,70,264650
2212,0.002043,74.125.24.0-255,2902,182086,70,264650
2213,0.002047,172.31.40.0-255,66,182152,70,264650
2214,0.002054,74.125.24.0-255,5738,187890,70,264650
2215,0.002056,172.31.40.0-255,66,187956,70,264650
2216,0.002096,172.31.40.0-255,66,188022,70,264650
2217,0.002127,74.125.24.0-255,7156,195178,70,264650
2218,0.00213,172.31.40.0-255,66,195244,70,264650
2219,0.002167,74.125.24.0-255,5020,200264,70,264650
2220,0.00217,172.31.40.0-255,66,200330,70,264650
2221,0.00222,74.125.24.0-255,1484,201814,70,264650
2222,0.002224,74.125.24.0-255,1484,203298,70,264650
2223,0.002226,172.31.40.0-255,66,203364,70,264650
2224,0.002265,74.125.24.0-255,1484,204848,70,264650
2225,0.002272,74.125.24.0-255,5738,210586,70,264650
2226,0.002275,172.31.40.0-255,66,210652,70,264650
2227,0.002298,172.31.40.0-255,66,210718,70,264650
2228,0.002308,74.125.24.0-255,10692,221410,70,264650
2229,0.002311,172.31.40.0-255,66,221476,70,264650
2230,0.002342,74.125.24.0-255,4320,225796,70,264650
2231,0.002345,172.31.40.0-255,66,225862,70,264650
2232,0.002392,172.31.40.0-255,66,225928,70,264650
2233,0.002455,74.125.24.0-255,2902,228830,70,264650
2234,0.002458,172.31.40.0-255,66,228896,70,264650
2235,0.00251,172.31.40.0-255,66,228962,70,264650
2236,0.002533,172.31.40.0-255,66,229028,70,264650
2237,0.00255,172.31.40.0-255,66,229094,70,264650
2238,0.00499,74.125.24.0-255,5738,234832,70,264650
2239,0.004998,172.31.40.0-255,66,234898,70,264650
2240,0.007437,74.125.24.0-255,5738,240636,70,264650
2241,0.007441,172.31.40.0-255,66,240702,70,264650
2242,0.009893,74.125.24.0-255,5738,246440,70,264650
2243,0.009901,172.31.40.0-255,66,246506,70,264650
2244,0.012352,74.125.24.0-255,5738,252244,70,264650
2245,0.01236,172.31.40.0-255,66,252310,70,264650
2246,0.014953,74.125.24.0-255,5738,258048,70,264650
2247,0.014964,172.31.40.0-255,66,258114,70,264650
2248,0.017407,74.125.24.0-255,4320,262434,70,264650
2249,0.017415,172.31.40.0-255,66,262500,70,264650
2250,0.017444,74.125.24.0-255,1484,263984,70,264650
2251,0.019855,74.125.24.0-255,600,264584,70,264650
2252,0.019862,172.31.40.0-255,66,264650,70,264650
2253,0.0,172.253.118.0-255,146,146,70,107742
2254,2.1e-05,172.31.40.0-255,66,212,70,107742
2255,2.9e-05,172.253.118.0-255,1484,1696,70,107742
2256,3.4e-05,172.31.40.0-255,66,1762,70,107742
2257,4e-05,172.253.118.0-255,2902,4664,70,107742
2258,4.3e-05,172.31.40.0-255,66,4730,70,107742
2259,5.1e-05,172.253.118.0-255,7156,11886,70,107742
2260,5.4e-05,172.31.40.0-255,66,11952,70,107742
2261,6.1e-05,172.253.118.0-255,6380,18332,70,107742
2262,6.4e-05,172.31.40.0-255,66,18398,70,107742
2263,9.4e-05,172.253.118.0-255,7156,25554,70,107742
2264,9.7e-05,172.31.40.0-255,66,25620,70,107742
2265,0.000118,172.253.118.0-255,5379,30999,70,107742
2266,0.000121,172.31.40.0-255,66,31065,70,107742
2267,0.000279,172.253.118.0-255,1484,32549,70,107742
2268,0.000284,172.31.40.0-255,66,32615,70,107742
2269,0.000296,172.253.118.0-255,1484,34099,70,107742
2270,0.000299,172.31.40.0-255,66,34165,70,107742
2271,0.00032,172.253.118.0-255,1484,35649,70,107742
2272,0.000322,172.31.40.0-255,66,35715,70,107742
2273,0.000328,172.253.118.0-255,4320,40035,70,107742
2274,0.000331,172.31.40.0-255,66,40101,70,107742
2275,0.000335,172.253.118.0-255,2902,43003,70,107742
2276,0.000338,172.31.40.0-255,66,43069,70,107742
2277,0.000366,172.253.118.0-255,6797,49866,70,107742
2278,0.000368,172.31.40.0-255,66,49932,70,107742
2279,0.000377,172.253.118.0-255,8574,58506,70,107742
2280,0.00038,172.31.40.0-255,66,58572,70,107742
2281,0.000413,172.253.118.0-255,5738,64310,70,107742
2282,0.000416,172.31.40.0-255,66,64376,70,107742
2283,0.000431,172.253.118.0-255,1439,65815,70,107742
2284,0.000434,172.31.40.0-255,66,65881,70,107742
2285,0.000683,172.253.118.0-255,111,65992,70,107742
2286,0.000687,172.31.40.0-255,66,66058,70,107742
2287,0.003072,172.253.118.0-255,1484,67542,70,107742
2288,0.00308,172.31.40.0-255,66,67608,70,107742
2289,0.003091,172.253.118.0-255,2902,70510,70,107742
2290,0.003093,172.31.40.0-255,66,70576,70,107742
2291,0.003229,172.253.118.0-255,1484,72060,70,107742
2292,0.003232,172.31.40.0-255,66,72126,70,107742
2293,0.00564,172.253.118.0-255,4320,76446,70,107742
2294,0.005643,172.31.40.0-255,66,76512,70,107742
2295,0.005755,172.253.118.0-255,1484,77996,70,107742
2296,0.005758,172.31.40.0-255,66,78062,70,107742
2297,0.008186,172.253.118.0-255,4320,82382,70,107742
2298,0.008193,172.31.40.0-255,66,82448,70,107742
2299,0.008296,172.253.118.0-255,1484,83932,70,107742
2300,0.008301,172.31.40.0-255,66,83998,70,107742
2301,0.010754,172.253.118.0-255,4320,88318,70,107742
2302,0.010763,172.31.40.0-255,66,88384,70,107742
2303,0.010858,172.253.118.0-255,1484,89868,70,107742
2304,0.010862,172.31.40.0-255,66,89934,70,107742
2305,0.01332,172.253.118.0-255,4320,94254,70,107742
2306,0.013329,172.31.40.0-255,66,94320,70,107742
2307,0.013392,172.253.118.0-255,1484,95804,70,107742
2308,0.013396,172.31.40.0-255,66,95870,70,107742
2309,0.015894,172.253.118.0-255,4320,100190,70,107742
2310,0.015903,172.31.40.0-255,66,100256,70,107742
2311,0.01593,172.253.118.0-255,1484,101740,70,107742
2312,0.015933,172.31.40.0-255,66,101806,70,107742
2313,0.018477,172.253.118.0-255,4320,106126,70,107742
2314,0.018488,172.31.40.0-255,66,106192,70,107742
2315,0.01851,172.253.118.0-255,1484,107676,70,107742
2316,0.018512,172.31.40.0-255,66,107742,70,107742
2317,0.0,74.125.24.0-255,149,149,70,124741
2318,2.2e-05,172.31.40.0-255,66,215,70,124741
2319,2.9e-05,74.125.24.0-255,1484,1699,70,124741
2320,3.4e-05,172.31.40.0-255,66,1765,70,124741
2321,3.9e-05,74.125.24.0-255,2902,4667,70,124741
2322,4.3e-05,172.31.40.0-255,66,4733,70,124741
2323,0.000152,74.125.24.0-255,5738,10471,70,124741
2324,0.000158,172.31.40.0-255,66,10537,70,124741
2325,0.000448,74.125.24.0-255,3455,13992,70,124741
2326,0.000454,172.31.40.0-255,66,14058,70,124741
2327,0.000564,172.31.40.0-255,66,14124,70,124741
2328,0.001002,74.125.24.0-255,5379,19503,70,124741
2329,0.001009,172.31.40.0-255,66,19569,70,124741
2330,0.001252,74.125.24.0-255,9992,29561,70,124741
2331,0.001259,172.31.40.0-255,66,29627,70,124741
2332,0.001291,74.125.24.0-255,6797,36424,70,124741
2333,0.001293,172.31.40.0-255,66,36490,70,124741
2334,0.001907,74.125.24.0-255,1484,37974,70,124741
2335,0.00191,172.31.40.0-255,66,38040,70,124741
2336,0.001975,74.125.24.0-255,2902,40942,70,124741
2337,0.001977,172.31.40.0-255,66,41008,70,124741
2338,0.002082,74.125.24.0-255,1484,42492,70,124741
2339,0.002084,172.31.40.0-255,66,42558,70,124741
2340,0.002097,74.125.24.0-255,4320,46878,70,124741
2341,0.002103,172.31.40.0-255,66,46944,70,124741
2342,0.002325,74.125.24.0-255,8574,55518,70,124741
2343,0.002328,172.31.40.0-255,66,55584,70,124741
2344,0.002356,74.125.24.0-255,5379,60963,70,124741
2345,0.002359,172.31.40.0-255,66,61029,70,124741
2346,0.002887,74.125.24.0-255,2902,63931,70,124741
2347,0.00289,172.31.40.0-255,66,63997,70,124741
2348,0.002973,74.125.24.0-255,2902,66899,70,124741
2349,0.003897,74.125.24.0-255,5738,72637,70,124741
2350,0.003926,74.125.24.0-255,9992,82629,70,124741
2351,0.003946,74.125.24.0-255,7156,89785,70,124741
2352,0.005078,172.31.40.0-255,66,89851,70,124741
2353,0.007434,74.125.24.0-255,1484,91335,70,124741
2354,0.007459,74.125.24.0-255,4320,95655,70,124741
2355,0.007465,172.31.40.0-255,66,95721,70,124741
2356,0.009847,74.125.24.0-255,5738,101459,70,124741
2357,0.009855,172.31.40.0-255,66,101525,70,124741
2358,0.012573,74.125.24.0-255,5738,107263,70,124741
2359,0.012584,172.31.40.0-255,66,107329,70,124741
2360,0.015013,74.125.24.0-255,5738,113067,70,124741
2361,0.015022,172.31.40.0-255,66,113133,70,124741
2362,0.017411,74.125.24.0-255,5738,118871,70,124741
2363,0.017419,172.31.40.0-255,66,118937,70,124741
2364,0.019792,74.125.24.0-255,5738,124675,70,124741
2365,0.019801,172.31.40.0-255,66,124741,70,124741
2366,0.0,172.217.194.0-255,152,152,70,317204
2367,2e-05,172.31.40.0-255,66,218,70,317204
2368,2.7e-05,172.217.194.0-255,1484,1702,70,317204
2369,3e-05,172.31.40.0-255,66,1768,70,317204
2370,3.5e-05,172.217.194.0-255,2902,4670,70,317204
2371,3.7e-05,172.31.40.0-255,66,4736,70,317204
2372,5.1e-05,172.217.194.0-255,7156,11892,70,317204
2373,5.3e-05,172.31.40.0-255,66,11958,70,317204
2374,7.9e-05,172.217.194.0-255,1484,13442,70,317204
2375,8.2e-05,172.31.40.0-255,66,13508,70,317204
2376,0.000103,172.217.194.0-255,657,14165,70,317204
2377,0.000105,172.31.40.0-255,66,14231,70,317204
2378,0.000109,172.217.194.0-255,2902,17133,70,317204
2379,0.000111,172.31.40.0-255,66,17199,70,317204
2380,0.000117,172.217.194.0-255,7156,24355,70,317204
2381,0.000119,172.31.40.0-255,66,24421,70,317204
2382,0.000125,172.217.194.0-255,6797,31218,70,317204
2383,0.000127,172.31.40.0-255,66,31284,70,317204
2384,0.000202,172.217.194.0-255,1484,32768,70,317204
2385,0.000204,172.31.40.0-255,66,32834,70,317204
2386,0.000208,172.217.194.0-255,1484,34318,70,317204
2387,0.000209,172.31.40.0-255,66,34384,70,317204
2388,0.000246,172.217.194.0-255,1484,35868,70,317204
2389,0.000248,172.31.40.0-255,66,35934,70,317204
2390,0.000255,172.217.194.0-255,5738,41672,70,317204
2391,0.000257,172.31.40.0-255,66,41738,70,317204
2392,0.000263,172.217.194.0-255,1484,43222,70,317204
2393,0.000265,172.31.40.0-255,66,43288,70,317204
2394,0.000296,172.217.194.0-255,6797,50085,70,317204
2395,0.000299,172.31.40.0-255,66,50151,70,317204
2396,0.000304,172.217.194.0-255,7156,57307,70,317204
2397,0.000306,172.31.40.0-255,66,57373,70,317204
2398,0.000334,172.217.194.0-255,8491,65864,70,317204
2399,0.000336,172.31.40.0-255,66,65930,70,317204
2400,0.000436,172.217.194.0-255,115,66045,70,317204
2401,0.000454,172.217.194.0-255,383,66428,70,317204
2402,0.000669,172.217.194.0-255,1484,67912,70,317204
2403,0.000674,172.31.40.0-255,66,67978,70,317204
2404,0.00068,172.217.194.0-255,2902,70880,70,317204
2405,0.000682,172.31.40.0-255,66,70946,70,317204
2406,0.000687,172.217.194.0-255,4320,75266,70,317204
2407,0.000689,172.31.40.0-255,66,75332,70,317204
2408,0.000717,172.217.194.0-255,1484,76816,70,317204
2409,0.00073,172.31.40.0-255,66,76882,70,317204
2410,0.000757,172.217.194.0-255,1484,78366,70,317204
2411,0.000767,172.217.194.0-255,10692,89058,70,317204
2412,0.000771,172.31.40.0-255,66,89124,70,317204
2413,0.001164,172.217.194.0-255,1484,90608,70,317204
2414,0.001171,172.217.194.0-255,2902,93510,70,317204
2415,0.001174,172.31.40.0-255,66,93576,70,317204
2416,0.001179,172.217.194.0-255,2902,96478,70,317204
2417,0.001181,172.31.40.0-255,66,96544,70,317204
2418,0.001213,172.217.194.0-255,2902,99446,70,317204
2419,0.001216,172.31.40.0-255,66,99512,70,317204
2420,0.001228,172.31.40.0-255,66,99578,70,317204
2421,0.001249,172.217.194.0-255,1484,101062,70,317204
2422,0.001263,172.217.194.0-255,10692,111754,70,317204
2423,0.001269,172.31.40.0-255,66,111820,70,317204
2424,0.001535,172.217.194.0-255,1484,113304,70,317204
2425,0.00154,172.217.194.0-255,2902,116206,70,317204
2426,0.001543,172.31.40.0-255,66,116272,70,317204
2427,0.00155,172.217.194.0-255,5738,122010,70,317204
2428,0.001552,172.31.40.0-255,66,122076,70,317204
2429,0.001586,172.217.194.0-255,7156,129232,70,317204
2430,0.001588,172.31.40.0-255,66,129298,70,317204
2431,0.00162,172.217.194.0-255,5738,135036,70,317204
2432,0.001623,172.31.40.0-255,66,135102,70,317204
2433,0.001631,172.217.194.0-255,8574,143676,70,317204
2434,0.001633,172.31.40.0-255,66,143742,70,317204
2435,0.001688,172.217.194.0-255,2184,145926,70,317204
2436,0.001691,172.31.40.0-255,66,145992,70,317204
2437,0.001708,172.217.194.0-255,1484,147476,70,317204
2438,0.001713,172.217.194.0-255,2902,150378,70,317204
2439,0.001715,172.31.40.0-255,66,150444,70,317204
2440,0.00172,172.217.194.0-255,4320,154764,70,317204
2441,0.001722,172.31.40.0-255,66,154830,70,317204
2442,0.001743,172.217.194.0-255,1484,156314,70,317204
2443,0.00176,172.31.40.0-255,66,156380,70,317204
2444,0.00177,172.217.194.0-255,9992,166372,70,317204
2445,0.001772,172.31.40.0-255,66,166438,70,317204
2446,0.001798,172.217.194.0-255,766,167204,70,317204
2447,0.002085,172.217.194.0-255,1484,168688,70,317204
2448,0.002089,172.31.40.0-255,66,168754,70,317204
2449,0.002094,172.217.194.0-255,2902,171656,70,317204
2450,0.002096,172.31.40.0-255,66,171722,70,317204
2451,0.00213,172.217.194.0-255,5738,177460,70,317204
2452,0.002134,172.31.40.0-255,66,177526,70,317204
2453,0.002162,172.31.40.0-255,66,177592,70,317204
2454,0.002196,172.217.194.0-255,9992,187584,70,317204
2455,0.002198,172.217.194.0-255,766,188350,70,317204
2456,0.002202,172.31.40.0-255,66,188416,70,317204
2457,0.002294,172.217.194.0-255,1484,189900,70,317204
2458,0.002297,172.31.40.0-255,66,189966,70,317204
2459,0.002327,172.217.194.0-255,2902,192868,70,317204
2460,0.002333,172.217.194.0-255,5738,198606,70,317204
2461,0.002338,172.217.194.0-255,4320,202926,70,317204
2462,0.002339,172.217.194.0-255,1484,204410,70,317204
2463,0.002344,172.31.40.0-255,66,204476,70,317204
2464,0.002367,172.31.40.0-255,66,204542,70,317204
2465,0.002371,172.217.194.0-255,1484,206026,70,317204
2466,0.002398,172.217.194.0-255,5738,211764,70,317204
2467,0.002412,172.217.194.0-255,2902,214666,70,317204
2468,0.002425,172.217.194.0-255,5738,220404,70,317204
2469,0.002436,172.217.194.0-255,2184,222588,70,317204
2470,0.00244,172.217.194.0-255,4320,226908,70,317204
2471,0.002462,172.217.194.0-255,4320,231228,70,317204
2472,0.002469,172.217.194.0-255,8574,239802,70,317204
2473,0.002473,172.217.194.0-255,4320,244122,70,317204
2474,0.002521,172.217.194.0-255,5738,249860,70,317204
2475,0.002543,172.217.194.0-255,6438,256298,70,317204
2476,0.002545,172.217.194.0-255,1484,257782,70,317204
2477,0.002568,172.217.194.0-255,5738,263520,70,317204
2478,0.002596,172.217.194.0-255,9992,273512,70,317204
2479,0.002598,172.217.194.0-255,1484,274996,70,317204
2480,0.002607,172.217.194.0-255,9992,284988,70,317204
2481,0.002621,172.217.194.0-255,5020,290008,70,317204
2482,0.002637,172.217.194.0-255,1484,291492,70,317204
2483,0.002652,172.217.194.0-255,4320,295812,70,317204
2484,0.002664,172.217.194.0-255,2902,298714,70,317204
2485,0.002689,172.217.194.0-255,9992,308706,70,317204
2486,0.002795,172.217.194.0-255,6704,315410,70,317204
2487,0.002798,172.217.194.0-255,105,315515,70,317204
2488,0.006356,172.31.40.0-255,66,315581,70,317204
2489,0.00639,172.31.40.0-255,66,315647,70,317204
2490,0.006394,172.31.40.0-255,66,315713,70,317204
2491,0.006396,172.31.40.0-255,66,315779,70,317204
2492,0.006399,172.31.40.0-255,66,315845,70,317204
2493,0.006401,172.31.40.0-255,66,315911,70,317204
2494,0.006408,172.31.40.0-255,66,315977,70,317204
2495,0.006411,172.31.40.0-255,66,316043,70,317204
2496,0.006414,172.31.40.0-255,66,316109,70,317204
2497,0.006417,172.31.40.0-255,66,316175,70,317204
2498,0.00642,172.31.40.0-255,66,316241,70,317204
2499,0.006423,172.31.40.0-255,66,316307,70,317204
2500,0.006426,172.31.40.0-255,66,316373,70,317204
2501,0.006428,172.31.40.0-255,66,316439,70,317204
2502,0.006433,172.31.40.0-255,66,316505,70,317204
2503,0.006436,172.31.40.0-255,66,316571,70,317204
2504,0.006439,172.31.40.0-255,66,316637,70,317204
2505,0.006442,172.31.40.0-255,66,316703,70,317204
2506,0.006445,172.31.40.0-255,66,316769,70,317204
2507,0.006448,172.31.40.0-255,66,316835,70,317204
2508,0.006452,172.31.40.0-255,66,316901,70,317204
2509,0.006456,172.31.40.0-255,66,316967,70,317204
2510,0.008156,172.31.40.0-255,66,317033,70,317204
2511,0.008192,172.31.40.0-255,105,317138,70,317204
2512,0.010426,172.217.194.0-255,66,317204,70,317204
2513,0.0,74.125.24.0-255,146,146,70,245526
2514,1.3e-05,172.31.40.0-255,66,212,70,245526
2515,2.1e-05,74.125.24.0-255,1484,1696,70,245526
2516,2.6e-05,172.31.40.0-255,66,1762,70,245526
2517,3.1e-05,74.125.24.0-255,2902,4664,70,245526
2518,3.4e-05,172.31.40.0-255,66,4730,70,245526
2519,4e-05,74.125.24.0-255,5738,10468,70,245526
2520,4.3e-05,172.31.40.0-255,66,10534,70,245526
2521,6.8e-05,74.125.24.0-255,1484,12018,70,245526
2522,7.1e-05,172.31.40.0-255,66,12084,70,245526
2523,7.5e-05,74.125.24.0-255,2103,14187,70,245526
2524,7.7e-05,172.31.40.0-255,66,14253,70,245526
2525,0.000287,74.125.24.0-255,1484,15737,70,245526
2526,0.000293,172.31.40.0-255,66,15803,70,245526
2527,0.000298,74.125.24.0-255,2902,18705,70,245526
2528,0.0003,172.31.40.0-255,66,18771,70,245526
2529,0.000305,74.125.24.0-255,2902,21673,70,245526
2530,0.000306,172.31.40.0-255,66,21739,70,245526
2531,0.000329,74.125.24.0-255,2902,24641,70,245526
2532,0.000332,172.31.40.0-255,66,24707,70,245526
2533,0.00034,74.125.24.0-255,6797,31504,70,245526
2534,0.000342,172.31.40.0-255,66,31570,70,245526
2535,0.000377,172.31.40.0-255,66,31636,70,245526
2536,0.000394,74.125.24.0-255,1484,33120,70,245526
2537,0.000396,172.31.40.0-255,66,33186,70,245526
2538,0.000399,74.125.24.0-255,1484,34670,70,245526
2539,0.000401,172.31.40.0-255,66,34736,70,245526
2540,0.000404,74.125.24.0-255,1125,35861,70,245526
2541,0.000406,172.31.40.0-255,66,35927,70,245526
2542,0.000802,74.125.24.0-255,1484,37411,70,245526
2543,0.000807,172.31.40.0-255,66,37477,70,245526
2544,0.000812,74.125.24.0-255,1484,38961,70,245526
2545,0.000827,74.125.24.0-255,1484,40445,70,245526
2546,0.00083,172.31.40.0-255,66,40511,70,245526
2547,0.000837,74.125.24.0-255,5738,46249,70,245526
2548,0.000839,172.31.40.0-255,66,46315,70,245526
2549,0.000875,74.125.24.0-255,4320,50635,70,245526
2550,0.000878,172.31.40.0-255,66,50701,70,245526
2551,0.0009,74.125.24.0-255,2543,53244,70,245526
2552,0.000902,172.31.40.0-255,66,53310,70,245526
2553,0.000973,74.125.24.0-255,646,53956,70,245526
2554,0.001017,74.125.24.0-255,1484,55440,70,245526
2555,0.001021,172.31.40.0-255,66,55506,70,245526
2556,0.001027,74.125.24.0-255,4320,59826,70,245526
2557,0.001029,172.31.40.0-255,66,59892,70,245526
2558,0.001034,74.125.24.0-255,4320,64212,70,245526
2559,0.001037,172.31.40.0-255,66,64278,70,245526
2560,0.001066,74.125.24.0-255,5738,70016,70,245526
2561,0.001069,172.31.40.0-255,66,70082,70,245526
2562,0.001102,172.31.40.0-255,66,70148,70,245526
2563,0.001122,74.125.24.0-255,5020,75168,70,245526
2564,0.001125,172.31.40.0-255,66,75234,70,245526
2565,0.001196,74.125.24.0-255,1484,76718,70,245526
2566,0.001216,74.125.24.0-255,2902,79620,70,245526
2567,0.001219,172.31.40.0-255,66,79686,70,245526
2568,0.001225,74.125.24.0-255,4320,84006,70,245526
2569,0.001227,172.31.40.0-255,66,84072,70,245526
2570,0.00124,74.125.24.0-255,1484,85556,70,245526
2571,0.001254,172.31.40.0-255,66,85622,70,245526
2572,0.001325,74.125.24.0-255,9992,95614,70,245526
2573,0.001329,172.31.40.0-255,66,95680,70,245526
2574,0.001341,74.125.24.0-255,766,96446,70,245526
2575,0.001359,74.125.24.0-255,1484,97930,70,245526
2576,0.001361,172.31.40.0-255,66,97996,70,245526
2577,0.001366,74.125.24.0-255,2902,100898,70,245526
2578,0.001369,172.31.40.0-255,66,100964,70,245526
2579,0.001397,74.125.24.0-255,4320,105284,70,245526
2580,0.001401,172.31.40.0-255,66,105350,70,245526
2581,0.001407,74.125.24.0-255,5738,111088,70,245526
2582,0.00141,172.31.40.0-255,66,111154,70,245526
2583,0.001419,74.125.24.0-255,9992,121146,70,245526
2584,0.001421,172.31.40.0-255,66,121212,70,245526
2585,0.001453,74.125.24.0-255,1484,122696,70,245526
2586,0.001462,74.125.24.0-255,7856,130552,70,245526
2587,0.001465,172.31.40.0-255,66,130618,70,245526
2588,0.001494,74.125.24.0-255,1484,132102,70,245526
2589,0.001498,74.125.24.0-255,1484,133586,70,245526
2590,0.0015,172.31.40.0-255,66,133652,70,245526
2591,0.001511,74.125.24.0-255,1484,135136,70,245526
2592,0.001543,74.125.24.0-255,4320,139456,70,245526
2593,0.001547,172.31.40.0-255,66,139522,70,245526
2594,0.001562,74.125.24.0-255,5738,145260,70,245526
2595,0.001564,172.31.40.0-255,66,145326,70,245526
2596,0.001569,74.125.24.0-255,4320,149646,70,245526
2597,0.001572,172.31.40.0-255,66,149712,70,245526
2598,0.001593,74.125.24.0-255,7156,156868,70,245526
2599,0.001596,172.31.40.0-255,66,156934,70,245526
2600,0.001603,74.125.24.0-255,7856,164790,70,245526
2601,0.001606,172.31.40.0-255,66,164856,70,245526
2602,0.001645,74.125.24.0-255,1484,166340,70,245526
2603,0.00165,74.125.24.0-255,2902,169242,70,245526
2604,0.001652,172.31.40.0-255,66,169308,70,245526
2605,0.001678,74.125.24.0-255,5738,175046,70,245526
2606,0.001682,172.31.40.0-255,66,175112,70,245526
2607,0.001694,74.125.24.0-255,2902,178014,70,245526
2608,0.001696,172.31.40.0-255,66,178080,70,245526
2609,0.00172,74.125.24.0-255,8574,186654,70,245526
2610,0.001724,172.31.40.0-255,66,186720,70,245526
2611,0.001769,74.125.24.0-255,4320,191040,70,245526
2612,0.001772,172.31.40.0-255,66,191106,70,245526
2613,0.001796,74.125.24.0-255,7856,198962,70,245526
2614,0.001799,172.31.40.0-255,66,199028,70,245526
2615,0.003974,74.125.24.0-255,5738,204766,70,245526
2616,0.003981,172.31.40.0-255,66,204832,70,245526
2617,0.006131,74.125.24.0-255,1484,206316,70,245526
2618,0.006145,74.125.24.0-255,4320,210636,70,245526
2619,0.006148,172.31.40.0-255,66,210702,70,245526
2620,0.008343,74.125.24.0-255,5738,216440,70,245526
2621,0.008349,172.31.40.0-255,66,216506,70,245526
2622,0.010527,74.125.24.0-255,5738,222244,70,245526
2623,0.010535,172.31.40.0-255,66,222310,70,245526
2624,0.012689,74.125.24.0-255,5738,228048,70,245526
2625,0.012697,172.31.40.0-255,66,228114,70,245526
2626,0.014896,74.125.24.0-255,5738,233852,70,245526
2627,0.014905,172.31.40.0-255,66,233918,70,245526
2628,0.017093,74.125.24.0-255,5738,239656,70,245526
2629,0.017101,172.31.40.0-255,66,239722,70,245526
2630,0.019328,74.125.24.0-255,5738,245460,70,245526
2631,0.019335,172.31.40.0-255,66,245526,70,245526
2632,0.0,74.125.68.0-255,152,152,70,210232
2633,1.4e-05,172.31.40.0-255,66,218,70,210232
2634,2e-05,74.125.68.0-255,1484,1702,70,210232
2635,2.5e-05,172.31.40.0-255,66,1768,70,210232
2636,2.7e-05,74.125.68.0-255,1484,3252,70,210232
2637,3e-05,172.31.40.0-255,66,3318,70,210232
2638,3.6e-05,74.125.68.0-255,2902,6220,70,210232
2639,4e-05,172.31.40.0-255,66,6286,70,210232
2640,4.5e-05,74.125.68.0-255,4320,10606,70,210232
2641,4.8e-05,172.31.40.0-255,66,10672,70,210232
2642,6.5e-05,74.125.68.0-255,1484,12156,70,210232
2643,6.7e-05,172.31.40.0-255,66,12222,70,210232
2644,7.1e-05,74.125.68.0-255,2063,14285,70,210232
2645,7.4e-05,172.31.40.0-255,66,14351,70,210232
2646,0.000482,74.125.68.0-255,1484,15835,70,210232
2647,0.000487,172.31.40.0-255,66,15901,70,210232
2648,0.000495,74.125.68.0-255,2902,18803,70,210232
2649,0.000497,172.31.40.0-255,66,18869,70,210232
2650,0.000522,74.125.68.0-255,5738,24607,70,210232
2651,0.000525,172.31.40.0-255,66,24673,70,210232
2652,0.00053,74.125.68.0-255,4320,28993,70,210232
2653,0.000532,172.31.40.0-255,66,29059,70,210232
2654,0.000563,74.125.68.0-255,5379,34438,70,210232
2655,0.000567,172.31.40.0-255,66,34504,70,210232
2656,0.00057,74.125.68.0-255,1484,35988,70,210232
2657,0.000572,172.31.40.0-255,66,36054,70,210232
2658,0.000602,74.125.68.0-255,1484,37538,70,210232
2659,0.000604,172.31.40.0-255,66,37604,70,210232
2660,0.000609,74.125.68.0-255,2902,40506,70,210232
2661,0.000611,172.31.40.0-255,66,40572,70,210232
2662,0.000634,74.125.68.0-255,1484,42056,70,210232
2663,0.000636,172.31.40.0-255,66,42122,70,210232
2664,0.000644,74.125.68.0-255,6797,48919,70,210232
2665,0.000646,172.31.40.0-255,66,48985,70,210232
2666,0.000674,74.125.68.0-255,1484,50469,70,210232
2667,0.000693,74.125.68.0-255,2902,53371,70,210232
2668,0.000696,172.31.40.0-255,66,53437,70,210232
2669,0.000711,74.125.68.0-255,2902,56339,70,210232
2670,0.000713,172.31.40.0-255,66,56405,70,210232
2671,0.000725,74.125.68.0-255,2902,59307,70,210232
2672,0.000727,172.31.40.0-255,66,59373,70,210232
2673,0.000732,74.125.68.0-255,4320,63693,70,210232
2674,0.000734,172.31.40.0-255,66,63759,70,210232
2675,0.000772,74.125.68.0-255,2865,66624,70,210232
2676,0.000775,172.31.40.0-255,66,66690,70,210232
2677,0.000826,74.125.68.0-255,2902,69592,70,210232
2678,0.000829,172.31.40.0-255,66,69658,70,210232
2679,0.000848,74.125.68.0-255,1484,71142,70,210232
2680,0.000862,74.125.68.0-255,2902,74044,70,210232
2681,0.000865,172.31.40.0-255,66,74110,70,210232
2682,0.000886,74.125.68.0-255,7156,81266,70,210232
2683,0.000889,172.31.40.0-255,66,81332,70,210232
2684,0.000916,74.125.68.0-255,1484,82816,70,210232
2685,0.00092,74.125.68.0-255,1125,83941,70,210232
2686,0.000923,172.31.40.0-255,66,84007,70,210232
2687,0.000926,74.125.68.0-255,1484,85491,70,210232
2688,0.000931,74.125.68.0-255,4320,89811,70,210232
2689,0.000933,172.31.40.0-255,66,89877,70,210232
2690,0.000941,74.125.68.0-255,9992,99869,70,210232
2691,0.000944,172.31.40.0-255,66,99935,70,210232
2692,0.000946,74.125.68.0-255,1125,101060,70,210232
2693,0.000949,74.125.68.0-255,332,101392,70,210232
2694,0.00144,74.125.68.0-255,1484,102876,70,210232
2695,0.001448,74.125.68.0-255,2902,105778,70,210232
2696,0.001462,74.125.68.0-255,1484,107262,70,210232
2697,0.001472,74.125.68.0-255,2902,110164,70,210232
2698,0.001488,74.125.68.0-255,1484,111648,70,210232
2699,0.001501,74.125.68.0-255,2902,114550,70,210232
2700,0.001514,74.125.68.0-255,1484,116034,70,210232
2701,0.001526,74.125.68.0-255,2902,118936,70,210232
2702,0.001543,74.125.68.0-255,2902,121838,70,210232
2703,0.001564,74.125.68.0-255,2902,124740,70,210232
2704,0.001582,74.125.68.0-255,8574,133314,70,210232
2705,0.001586,74.125.68.0-255,2184,135498,70,210232
2706,0.001778,74.125.68.0-255,1484,136982,70,210232
2707,0.001791,74.125.68.0-255,1484,138466,70,210232
2708,0.001803,74.125.68.0-255,1484,139950,70,210232
2709,0.001814,74.125.68.0-255,2902,142852,70,210232
2710,0.001826,74.125.68.0-255,2902,145754,70,210232
2711,0.001838,74.125.68.0-255,2902,148656,70,210232
2712,0.001854,74.125.68.0-255,5738,154394,70,210232
2713,0.001867,74.125.68.0-255,1484,155878,70,210232
2714,0.001871,74.125.68.0-255,2902,158780,70,210232
2715,0.001886,74.125.68.0-255,8574,167354,70,210232
2716,0.00189,74.125.68.0-255,2184,169538,70,210232
2717,0.003549,172.31.40.0-255,66,169604,70,210232
2718,0.005681,74.125.68.0-255,5738,175342,70,210232
2719,0.005688,172.31.40.0-255,66,175408,70,210232
2720,0.007812,74.125.68.0-255,5738,181146,70,210232
2721,0.007819,172.31.40.0-255,66,181212,70,210232
2722,0.009938,74.125.68.0-255,5738,186950,70,210232
2723,0.009945,172.31.40.0-255,66,187016,70,210232
2724,0.012077,74.125.68.0-255,5738,192754,70,210232
2725,0.012085,172.31.40.0-255,66,192820,70,210232
2726,0.014197,74.125.68.0-255,5738,198558,70,210232
2727,0.014205,172.31.40.0-255,66,198624,70,210232
2728,0.016323,74.125.68.0-255,5738,204362,70,210232
2729,0.016334,172.31.40.0-255,66,204428,70,210232
2730,0.018469,74.125.68.0-255,5738,210166,70,210232
2731,0.018475,172.31.40.0-255,66,210232,70,210232
2732,0.0,74.125.68.0-255,298,298,70,360957
2733,1.4e-05,172.31.40.0-255,66,364,70,360957
2734,2e-05,74.125.68.0-255,1484,1848,70,360957
2735,2.5e-05,172.31.40.0-255,66,1914,70,360957
2736,4.2e-05,74.125.68.0-255,4320,6234,70,360957
2737,4.6e-05,172.31.40.0-255,66,6300,70,360957
2738,5e-05,74.125.68.0-255,2902,9202,70,360957
2739,5.3e-05,172.31.40.0-255,66,9268,70,360957
2740,7.9e-05,74.125.68.0-255,4320,13588,70,360957
2741,8.2e-05,172.31.40.0-255,66,13654,70,360957
2742,0.000119,74.125.68.0-255,7537,21191,70,360957
2743,0.000122,172.31.40.0-255,66,21257,70,360957
2744,0.000132,74.125.68.0-255,8574,29831,70,360957
2745,0.000134,172.31.40.0-255,66,29897,70,360957
2746,0.000137,74.125.68.0-255,1125,31022,70,360957
2747,0.000139,172.31.40.0-255,66,31088,70,360957
2748,0.000283,74.125.68.0-255,1484,32572,70,360957
2749,0.000287,172.31.40.0-255,66,32638,70,360957
2750,0.000293,74.125.68.0-255,2902,35540,70,360957
2751,0.000295,172.31.40.0-255,66,35606,70,360957
2752,0.000299,74.125.68.0-255,1484,37090,70,360957
2753,0.000301,172.31.40.0-255,66,37156,70,360957
2754,0.000317,74.125.68.0-255,1484,38640,70,360957
2755,0.000319,172.31.40.0-255,66,38706,70,360957
2756,0.000325,74.125.68.0-255,4320,43026,70,360957
2757,0.000327,172.31.40.0-255,66,43092,70,360957
2758,0.000349,74.125.68.0-255,1484,44576,70,360957
2759,0.000352,172.31.40.0-255,66,44642,70,360957
2760,0.000371,74.125.68.0-255,6797,51439,70,360957
2761,0.000373,172.31.40.0-255,66,51505,70,360957
2762,0.000382,74.125.68.0-255,8574,60079,70,360957
2763,0.000385,172.31.40.0-255,66,60145,70,360957
2764,0.000413,74.125.68.0-255,5691,65836,70,360957
2765,0.000416,172.31.40.0-255,66,65902,70,360957
2766,0.000419,74.125.68.0-255,110,66012,70,360957
2767,0.000512,74.125.68.0-255,1484,67496,70,360957
2768,0.000516,172.31.40.0-255,66,67562,70,360957
2769,0.00052,74.125.68.0-255,1484,69046,70,360957
2770,0.000534,74.125.68.0-255,1484,70530,70,360957
2771,0.000537,172.31.40.0-255,66,70596,70,360957
2772,0.000544,74.125.68.0-255,5738,76334,70,360957
2773,0.000547,172.31.40.0-255,66,76400,70,360957
2774,0.000571,74.125.68.0-255,2902,79302,70,360957
2775,0.000573,172.31.40.0-255,66,79368,70,360957
2776,0.000595,74.125.68.0-255,1484,80852,70,360957
2777,0.00062,74.125.68.0-255,2785,83637,70,360957
2778,0.000623,172.31.40.0-255,66,83703,70,360957
2779,0.000643,74.125.68.0-255,1484,85187,70,360957
2780,0.000652,74.125.68.0-255,1484,86671,70,360957
2781,0.000656,74.125.68.0-255,2902,89573,70,360957
2782,0.00066,172.31.40.0-255,66,89639,70,360957
2783,0.000663,172.31.40.0-255,66,89705,70,360957
2784,0.00068,74.125.68.0-255,4320,94025,70,360957
2785,0.000683,172.31.40.0-255,66,94091,70,360957
2786,0.000721,74.125.68.0-255,6797,100888,70,360957
2787,0.000724,172.31.40.0-255,66,100954,70,360957
2788,0.000757,74.125.68.0-255,2902,103856,70,360957
2789,0.000759,172.31.40.0-255,66,103922,70,360957
2790,0.000781,74.125.68.0-255,4320,108242,70,360957
2791,0.000784,172.31.40.0-255,66,108308,70,360957
2792,0.000806,74.125.68.0-255,1484,109792,70,360957
2793,0.00083,74.125.68.0-255,7156,116948,70,360957
2794,0.000834,172.31.40.0-255,66,117014,70,360957
2795,0.000843,74.125.68.0-255,9992,127006,70,360957
2796,0.000846,172.31.40.0-255,66,127072,70,360957
2797,0.000875,74.125.68.0-255,7856,134928,70,360957
2798,0.000887,172.31.40.0-255,66,134994,70,360957
2799,0.001039,74.125.68.0-255,1484,136478,70,360957
2800,0.001046,74.125.68.0-255,2902,139380,70,360957
2801,0.001049,172.31.40.0-255,66,139446,70,360957
2802,0.001084,74.125.68.0-255,1484,140930,70,360957
2803,0.001088,74.125.68.0-255,1484,142414,70,360957
2804,0.00109,172.31.40.0-255,66,142480,70,360957
2805,0.001106,74.125.68.0-255,1484,143964,70,360957
2806,0.001108,74.125.68.0-255,1484,145448,70,360957
2807,0.00111,172.31.40.0-255,66,145514,70,360957
2808,0.001135,74.125.68.0-255,4320,149834,70,360957
2809,0.001137,172.31.40.0-255,66,149900,70,360957
2810,0.001145,74.125.68.0-255,7156,157056,70,360957
2811,0.001158,172.31.40.0-255,66,157122,70,360957
2812,0.00117,74.125.68.0-255,2902,160024,70,360957
2813,0.001189,74.125.68.0-255,9274,169298,70,360957
2814,0.001205,172.31.40.0-255,66,169364,70,360957
2815,0.001249,74.125.68.0-255,1484,170848,70,360957
2816,0.001263,74.125.68.0-255,2902,173750,70,360957
2817,0.001268,172.31.40.0-255,66,173816,70,360957
2818,0.001281,74.125.68.0-255,4320,178136,70,360957
2819,0.001303,74.125.68.0-255,4320,182456,70,360957
2820,0.001306,172.31.40.0-255,66,182522,70,360957
2821,0.001312,172.31.40.0-255,66,182588,70,360957
2822,0.001329,74.125.68.0-255,4320,186908,70,360957
2823,0.001336,74.125.68.0-255,5738,192646,70,360957
2824,0.00134,74.125.68.0-255,4320,196966,70,360957
2825,0.001355,74.125.68.0-255,2902,199868,70,360957
2826,0.001362,172.31.40.0-255,66,199934,70,360957
2827,0.001371,74.125.68.0-255,3602,203536,70,360957
2828,0.001376,172.31.40.0-255,66,203602,70,360957
2829,0.001417,74.125.68.0-255,4320,207922,70,360957
2830,0.00144,74.125.68.0-255,5738,213660,70,360957
2831,0.001459,172.31.40.0-255,66,213726,70,360957
2832,0.001471,74.125.68.0-255,4320,218046,70,360957
2833,0.001487,172.31.40.0-255,66,218112,70,360957
2834,0.0015,74.125.68.0-255,7156,225268,70,360957
2835,0.001504,74.125.68.0-255,4320,229588,70,360957
2836,0.00151,172.31.40.0-255,66,229654,70,360957
2837,0.001547,74.125.68.0-255,7856,237510,70,360957
2838,0.001554,172.31.40.0-255,66,237576,70,360957
2839,0.00167,74.125.68.0-255,1484,239060,70,360957
2840,0.001674,74.125.68.0-255,1484,240544,70,360957
2841,0.001685,74.125.68.0-255,2902,243446,70,360957
2842,0.001694,172.31.40.0-255,66,243512,70,360957
2843,0.001721,74.125.68.0-255,5738,249250,70,360957
2844,0.001741,74.125.68.0-255,5738,254988,70,360957
2845,0.001745,172.31.40.0-255,66,255054,70,360957
2846,0.001761,74.125.68.0-255,7156,262210,70,360957
2847,0.001764,172.31.40.0-255,66,262276,70,360957
2848,0.001797,172.31.40.0-255,66,262342,70,360957
2849,0.001806,74.125.68.0-255,9274,271616,70,360957
2850,0.001845,172.31.40.0-255,66,271682,70,360957
2851,0.001878,74.125.68.0-255,1484,273166,70,360957
2852,0.001899,74.125.68.0-255,2902,276068,70,360957
2853,0.001902,74.125.68.0-255,1484,277552,70,360957
2854,0.001915,74.125.68.0-255,4320,281872,70,360957
2855,0.001942,74.125.68.0-255,7156,289028,70,360957
2856,0.001957,74.125.68.0-255,4320,293348,70,360957
2857,0.00196,172.31.40.0-255,66,293414,70,360957
2858,0.001965,172.31.40.0-255,66,293480,70,360957
2859,0.001994,74.125.68.0-255,8574,302054,70,360957
2860,0.002,172.31.40.0-255,66,302120,70,360957
2861,0.002009,74.125.68.0-255,2902,305022,70,360957
2862,0.002013,172.31.40.0-255,66,305088,70,360957
2863,0.002047,74.125.68.0-255,5020,310108,70,360957
2864,0.00205,74.125.68.0-255,1484,311592,70,360957
2865,0.002066,74.125.68.0-255,4320,315912,70,360957
2866,0.002075,172.31.40.0-255,66,315978,70,360957
2867,0.00209,74.125.68.0-255,4320,320298,70,360957
2868,0.002099,172.31.40.0-255,66,320364,70,360957
2869,0.002119,74.125.68.0-255,5738,326102,70,360957
2870,0.002125,172.31.40.0-255,66,326168,70,360957
2871,0.002139,74.125.68.0-255,9992,336160,70,360957
2872,0.002151,74.125.68.0-255,1484,337644,70,360957
2873,0.002156,74.125.68.0-255,2184,339828,70,360957
2874,0.002172,172.31.40.0-255,66,339894,70,360957
2875,0.002194,74.125.68.0-255,2902,342796,70,360957
2876,0.002228,172.31.40.0-255,66,342862,70,360957
2877,0.002249,74.125.68.0-255,4320,347182,70,360957
2878,0.002263,172.31.40.0-255,66,347248,70,360957
2879,0.002299,74.125.68.0-255,1484,348732,70,360957
2880,0.002319,74.125.68.0-255,10692,359424,70,360957
2881,0.002326,172.31.40.0-255,66,359490,70,360957
2882,0.002346,74.125.68.0-255,962,360452,70,360957
2883,0.002349,74.125.68.0-255,97,360549,70,360957
2884,0.002368,172.31.40.0-255,66,360615,70,360957
2885,0.004647,74.125.68.0-255,105,360720,70,360957
2886,0.01171,172.31.40.0-255,66,360786,70,360957
2887,0.011762,172.31.40.0-255,105,360891,70,360957
2888,0.014067,74.125.68.0-255,66,360957,70,360957
2889,0.0,172.217.194.0-255,152,152,70,266087
2890,2.3e-05,172.31.40.0-255,66,218,70,266087
2891,3e-05,172.217.194.0-255,1484,1702,70,266087
2892,3.4e-05,172.31.40.0-255,66,1768,70,266087
2893,3.9e-05,172.217.194.0-255,2902,4670,70,266087
2894,5.3e-05,172.31.40.0-255,66,4736,70,266087
2895,6.1e-05,172.217.194.0-255,7156,11892,70,266087
2896,6.4e-05,172.31.40.0-255,66,11958,70,266087
2897,7.3e-05,172.217.194.0-255,8574,20532,70,266087
2898,7.6e-05,172.31.40.0-255,66,20598,70,266087
2899,0.000107,172.217.194.0-255,2097,22695,70,266087
2900,0.000109,172.31.40.0-255,66,22761,70,266087
2901,0.000139,172.217.194.0-255,8215,30976,70,266087
2902,0.000142,172.31.40.0-255,66,31042,70,266087
2903,0.000177,172.217.194.0-255,1484,32526,70,266087
2904,0.000179,172.31.40.0-255,66,32592,70,266087
2905,0.000184,172.217.194.0-255,2902,35494,70,266087
2906,0.000185,172.31.40.0-255,66,35560,70,266087
2907,0.000188,172.217.194.0-255,1484,37044,70,266087
2908,0.000191,172.31.40.0-255,66,37110,70,266087
2909,0.000228,172.217.194.0-255,4320,41430,70,266087
2910,0.000231,172.31.40.0-255,66,41496,70,266087
2911,0.000238,172.217.194.0-255,6797,48293,70,266087
2912,0.00024,172.31.40.0-255,66,48359,70,266087
2913,0.000248,172.217.194.0-255,7156,55515,70,266087
2914,0.00025,172.31.40.0-255,66,55581,70,266087
2915,0.000287,172.217.194.0-255,9943,65524,70,266087
2916,0.00029,172.31.40.0-255,66,65590,70,266087
2917,0.000293,172.217.194.0-255,375,65965,70,266087
2918,0.000295,172.31.40.0-255,66,66031,70,266087
2919,0.000495,172.217.194.0-255,1484,67515,70,266087
2920,0.000501,172.31.40.0-255,66,67581,70,266087
2921,0.000506,172.217.194.0-255,2902,70483,70,266087
2922,0.000508,172.31.40.0-255,66,70549,70,266087
2923,0.00054,172.217.194.0-255,4320,74869,70,266087
2924,0.000543,172.31.40.0-255,66,74935,70,266087
2925,0.00055,172.217.194.0-255,5738,80673,70,266087
2926,0.000552,172.31.40.0-255,66,80739,70,266087
2927,0.000568,172.31.40.0-255,66,80805,70,266087
2928,0.000598,172.217.194.0-255,1484,82289,70,266087
2929,0.000624,172.217.194.0-255,6438,88727,70,266087
2930,0.000627,172.31.40.0-255,66,88793,70,266087
2931,0.000902,172.217.194.0-255,1484,90277,70,266087
2932,0.000918,172.217.194.0-255,2902,93179,70,266087
2933,0.000921,172.31.40.0-255,66,93245,70,266087
2934,0.000928,172.217.194.0-255,5738,98983,70,266087
2935,0.00093,172.31.40.0-255,66,99049,70,266087
2936,0.000978,172.31.40.0-255,66,99115,70,266087
2937,0.000989,172.217.194.0-255,10692,109807,70,266087
2938,0.000991,172.31.40.0-255,66,109873,70,266087
2939,0.001167,172.217.194.0-255,1484,111357,70,266087
2940,0.001173,172.217.194.0-255,2902,114259,70,266087
2941,0.001176,172.31.40.0-255,66,114325,70,266087
2942,0.001181,172.217.194.0-255,2902,117227,70,266087
2943,0.001183,172.31.40.0-255,66,117293,70,266087
2944,0.001212,172.217.194.0-255,2902,120195,70,266087
2945,0.001215,172.31.40.0-255,66,120261,70,266087
2946,0.001227,172.31.40.0-255,66,120327,70,266087
2947,0.001252,172.217.194.0-255,1484,121811,70,266087
2948,0.001262,172.217.194.0-255,10692,132503,70,266087
2949,0.001279,172.31.40.0-255,66,132569,70,266087
2950,0.001282,172.217.194.0-255,1484,134053,70,266087
2951,0.001286,172.217.194.0-255,2902,136955,70,266087
2952,0.001288,172.31.40.0-255,66,137021,70,266087
2953,0.001323,172.217.194.0-255,5738,142759,70,266087
2954,0.001328,172.31.40.0-255,66,142825,70,266087
2955,0.001336,172.217.194.0-255,9992,152817,70,266087
2956,0.001339,172.31.40.0-255,66,152883,70,266087
2957,0.001363,172.217.194.0-255,2902,155785,70,266087
2958,0.001366,172.31.40.0-255,66,155851,70,266087
2959,0.001371,172.217.194.0-255,5738,161589,70,266087
2960,0.001374,172.31.40.0-255,66,161655,70,266087
2961,0.001416,172.217.194.0-255,9274,170929,70,266087
2962,0.00142,172.31.40.0-255,66,170995,70,266087
2963,0.001429,172.217.194.0-255,9992,180987,70,266087
2964,0.001431,172.31.40.0-255,66,181053,70,266087
2965,0.001489,172.217.194.0-255,2902,183955,70,266087
2966,0.001492,172.31.40.0-255,66,184021,70,266087
2967,0.001532,172.31.40.0-255,66,184087,70,266087
2968,0.001582,172.31.40.0-255,66,184153,70,266087
2969,0.001596,172.31.40.0-255,66,184219,70,266087
2970,0.002023,172.217.194.0-255,1484,185703,70,266087
2971,0.002049,172.217.194.0-255,2902,188605,70,266087
2972,0.002054,172.31.40.0-255,66,188671,70,266087
2973,0.002061,172.217.194.0-255,5738,194409,70,266087
2974,0.002063,172.31.40.0-255,66,194475,70,266087
2975,0.002098,172.217.194.0-255,1484,195959,70,266087
2976,0.002126,172.217.194.0-255,1484,197443,70,266087
2977,0.002128,172.31.40.0-255,66,197509,70,266087
2978,0.002139,172.217.194.0-255,9992,207501,70,266087
2979,0.002141,172.31.40.0-255,66,207567,70,266087
2980,0.002151,172.217.194.0-255,10692,218259,70,266087
2981,0.002153,172.31.40.0-255,66,218325,70,266087
2982,0.00218,172.217.194.0-255,1484,219809,70,266087
2983,0.002186,172.217.194.0-255,2902,222711,70,266087
2984,0.002188,172.31.40.0-255,66,222777,70,266087
2985,0.002192,172.217.194.0-255,1484,224261,70,266087
2986,0.002217,172.217.194.0-255,4320,228581,70,266087
2987,0.002219,172.31.40.0-255,66,228647,70,266087
2988,0.002228,172.217.194.0-255,9992,238639,70,266087
2989,0.00223,172.31.40.0-255,66,238705,70,266087
2990,0.002253,172.217.194.0-255,1484,240189,70,266087
2991,0.002288,172.31.40.0-255,66,240255,70,266087
2992,0.002301,172.31.40.0-255,66,240321,70,266087
2993,0.002343,172.217.194.0-255,9992,250313,70,266087
2994,0.002346,172.31.40.0-255,66,250379,70,266087
2995,0.002379,172.217.194.0-255,7856,258235,70,266087
2996,0.002382,172.31.40.0-255,66,258301,70,266087
2997,0.002404,172.31.40.0-255,66,258367,70,266087
2998,0.002413,172.217.194.0-255,7312,265679,70,266087
2999,0.002435,172.217.194.0-255,105,265784,70,266087
3000,0.002439,172.31.40.0-255,66,265850,70,266087
3001,0.004522,172.31.40.0-255,66,265916,70,266087
3002,0.004558,172.31.40.0-255,105,266021,70,266087
3003,0.007086,172.217.194.0-255,66,266087,70,266087
3004,0.0,172.217.194.0-255,148,148,70,182342
3005,2.3e-05,172.31.40.0-255,66,214,70,182342
3006,3.1e-05,172.217.194.0-255,1484,1698,70,182342
3007,3.5e-05,172.31.40.0-255,66,1764,70,182342
3008,4e-05,172.217.194.0-255,2902,4666,70,182342
3009,5.1e-05,172.31.40.0-255,66,4732,70,182342
3010,5.8e-05,172.217.194.0-255,7156,11888,70,182342
3011,6.2e-05,172.31.40.0-255,66,11954,70,182342
3012,0.000109,172.217.194.0-255,2094,14048,70,182342
3013,0.000111,172.31.40.0-255,66,14114,70,182342
3014,0.000117,172.217.194.0-255,2902,17016,70,182342
3015,0.000119,172.31.40.0-255,66,17082,70,182342
3016,0.000148,172.217.194.0-255,2902,19984,70,182342
3017,0.00015,172.31.40.0-255,66,20050,70,182342
3018,0.000167,172.217.194.0-255,4320,24370,70,182342
3019,0.000169,172.31.40.0-255,66,24436,70,182342
3020,0.000205,172.217.194.0-255,1484,25920,70,182342
3021,0.000207,172.31.40.0-255,66,25986,70,182342
3022,0.00022,172.217.194.0-255,5379,31365,70,182342
3023,0.000226,172.31.40.0-255,66,31431,70,182342
3024,0.000279,172.217.194.0-255,2902,34333,70,182342
3025,0.000282,172.31.40.0-255,66,34399,70,182342
3026,0.000298,172.217.194.0-255,4320,38719,70,182342
3027,0.0003,172.31.40.0-255,66,38785,70,182342
3028,0.000366,172.217.194.0-255,2902,41687,70,182342
3029,0.000369,172.31.40.0-255,66,41753,70,182342
3030,0.000398,172.217.194.0-255,8574,50327,70,182342
3031,0.0004,172.31.40.0-255,66,50393,70,182342
3032,0.000417,172.217.194.0-255,3961,54354,70,182342
3033,0.000419,172.31.40.0-255,66,54420,70,182342
3034,0.00052,172.217.194.0-255,5738,60158,70,182342
3035,0.000523,172.31.40.0-255,66,60224,70,182342
3036,0.000547,172.217.194.0-255,5379,65603,70,182342
3037,0.000571,172.217.194.0-255,357,65960,70,182342
3038,0.000583,172.217.194.0-255,386,66346,70,182342
3039,0.000598,172.31.40.0-255,66,66412,70,182342
3040,0.000913,172.217.194.0-255,1484,67896,70,182342
3041,0.000918,172.217.194.0-255,2902,70798,70,182342
3042,0.000921,172.31.40.0-255,66,70864,70,182342
3043,0.000952,172.217.194.0-255,5738,76602,70,182342
3044,0.000968,172.31.40.0-255,66,76668,70,182342
3045,0.000993,172.217.194.0-255,1484,78152,70,182342
3046,0.001012,172.217.194.0-255,5738,83890,70,182342
3047,0.001026,172.31.40.0-255,66,83956,70,182342
3048,0.001062,172.217.194.0-255,5738,89694,70,182342
3049,0.001083,172.31.40.0-255,66,89760,70,182342
3050,0.001092,172.217.194.0-255,8574,98334,70,182342
3051,0.001102,172.31.40.0-255,66,98400,70,182342
3052,0.001207,172.217.194.0-255,2184,100584,70,182342
3053,0.001211,172.31.40.0-255,66,100650,70,182342
3054,0.00212,172.217.194.0-255,1484,102134,70,182342
3055,0.002132,172.217.194.0-255,2902,105036,70,182342
3056,0.002136,172.31.40.0-255,66,105102,70,182342
3057,0.002145,172.217.194.0-255,5738,110840,70,182342
3058,0.002199,172.217.194.0-255,5738,116578,70,182342
3059,0.002222,172.217.194.0-255,7156,123734,70,182342
3060,0.002327,172.217.194.0-255,2902,126636,70,182342
3061,0.002338,172.217.194.0-255,2902,129538,70,182342
3062,0.002352,172.217.194.0-255,5020,134558,70,182342
3063,0.002421,172.217.194.0-255,1484,136042,70,182342
3064,0.002439,172.217.194.0-255,2902,138944,70,182342
3065,0.002466,172.217.194.0-255,1484,140428,70,182342
3066,0.002479,172.217.194.0-255,4320,144748,70,182342
3067,0.002526,172.217.194.0-255,7156,151904,70,182342
3068,0.002542,172.217.194.0-255,5738,157642,70,182342
3069,0.002647,172.217.194.0-255,1484,159126,70,182342
3070,0.002669,172.217.194.0-255,5738,164864,70,182342
3071,0.008087,172.31.40.0-255,66,164930,70,182342
3072,0.010559,172.217.194.0-255,5738,170668,70,182342
3073,0.01057,172.31.40.0-255,66,170734,70,182342
3074,0.013065,172.217.194.0-255,5738,176472,70,182342
3075,0.013076,172.31.40.0-255,66,176538,70,182342
3076,0.015575,172.217.194.0-255,5738,182276,70,182342
3077,0.017833,172.31.40.0-255,66,182342,70,182342
3078,0.0,74.125.24.0-255,146,146,70,282053
3079,3.1e-05,172.31.40.0-255,66,212,70,282053
3080,3.8e-05,74.125.24.0-255,1484,1696,70,282053
3081,4.3e-05,172.31.40.0-255,66,1762,70,282053
3082,4.8e-05,74.125.24.0-255,2902,4664,70,282053
3083,5.1e-05,172.31.40.0-255,66,4730,70,282053
3084,7.5e-05,74.125.24.0-255,7156,11886,70,282053
3085,7.8e-05,172.31.40.0-255,66,11952,70,282053
3086,8.2e-05,74.125.24.0-255,2101,14053,70,282053
3087,8.5e-05,172.31.40.0-255,66,14119,70,282053
3088,0.00012,74.125.24.0-255,2902,17021,70,282053
3089,0.000123,172.31.40.0-255,66,17087,70,282053
3090,0.000148,74.125.24.0-255,8574,25661,70,282053
3091,0.000151,172.31.40.0-255,66,25727,70,282053
3092,0.000159,74.125.24.0-255,8574,34301,70,282053
3093,0.000162,172.31.40.0-255,66,34367,70,282053
3094,0.000192,74.125.24.0-255,4320,38687,70,282053
3095,0.000195,172.31.40.0-255,66,38753,70,282053
3096,0.000203,74.125.24.0-255,9274,48027,70,282053
3097,0.000206,172.31.40.0-255,66,48093,70,282053
3098,0.000269,74.125.24.0-255,1484,49577,70,282053
3099,0.000272,172.31.40.0-255,66,49643,70,282053
3100,0.000276,74.125.24.0-255,1484,51127,70,282053
3101,0.000277,172.31.40.0-255,66,51193,70,282053
3102,0.000302,74.125.24.0-255,1484,52677,70,282053
3103,0.000305,172.31.40.0-255,66,52743,70,282053
3104,0.000312,74.125.24.0-255,5738,58481,70,282053
3105,0.000315,172.31.40.0-255,66,58547,70,282053
3106,0.000342,74.125.24.0-255,7094,65641,70,282053
3107,0.000346,172.31.40.0-255,66,65707,70,282053
3108,0.000421,74.125.24.0-255,380,66087,70,282053
3109,0.000427,172.31.40.0-255,66,66153,70,282053
3110,0.000705,74.125.24.0-255,1484,67637,70,282053
3111,0.000722,74.125.24.0-255,2902,70539,70,282053
3112,0.000726,172.31.40.0-255,66,70605,70,282053
3113,0.000746,74.125.24.0-255,2902,73507,70,282053
3114,0.000749,172.31.40.0-255,66,73573,70,282053
3115,0.000761,74.125.24.0-255,2902,76475,70,282053
3116,0.000764,172.31.40.0-255,66,76541,70,282053
3117,0.000786,74.125.24.0-255,2902,79443,70,282053
3118,0.00079,172.31.40.0-255,66,79509,70,282053
3119,0.000815,74.125.24.0-255,7156,86665,70,282053
3120,0.000819,74.125.24.0-255,2902,89567,70,282053
3121,0.000819,172.31.40.0-255,66,89633,70,282053
3122,0.000822,172.31.40.0-255,66,89699,70,282053
3123,0.000841,74.125.24.0-255,8574,98273,70,282053
3124,0.000844,172.31.40.0-255,66,98339,70,282053
3125,0.000848,74.125.24.0-255,2184,100523,70,282053
3126,0.00085,172.31.40.0-255,66,100589,70,282053
3127,0.001026,74.125.24.0-255,1484,102073,70,282053
3128,0.001032,74.125.24.0-255,2902,104975,70,282053
3129,0.001035,172.31.40.0-255,66,105041,70,282053
3130,0.001062,74.125.24.0-255,1484,106525,70,282053
3131,0.001077,74.125.24.0-255,4320,110845,70,282053
3132,0.00108,172.31.40.0-255,66,110911,70,282053
3133,0.001083,74.125.24.0-255,1484,112395,70,282053
3134,0.001102,74.125.24.0-255,7156,119551,70,282053
3135,0.001106,172.31.40.0-255,66,119617,70,282053
3136,0.001162,74.125.24.0-255,1484,121101,70,282053
3137,0.00119,172.31.40.0-255,66,121167,70,282053
3138,0.001193,74.125.24.0-255,1484,122651,70,282053
3139,0.001197,74.125.24.0-255,2902,125553,70,282053
3140,0.0012,172.31.40.0-255,66,125619,70,282053
3141,0.001224,74.125.24.0-255,5738,131357,70,282053
3142,0.001227,172.31.40.0-255,66,131423,70,282053
3143,0.001241,74.125.24.0-255,2902,134325,70,282053
3144,0.001243,172.31.40.0-255,66,134391,70,282053
3145,0.001262,74.125.24.0-255,8574,142965,70,282053
3146,0.001265,172.31.40.0-255,66,143031,70,282053
3147,0.001289,74.125.24.0-255,5738,148769,70,282053
3148,0.001292,172.31.40.0-255,66,148835,70,282053
3149,0.001319,74.125.24.0-255,6438,155273,70,282053
3150,0.001322,172.31.40.0-255,66,155339,70,282053
3151,0.001697,74.125.24.0-255,1484,156823,70,282053
3152,0.001719,74.125.24.0-255,2902,159725,70,282053
3153,0.001723,172.31.40.0-255,66,159791,70,282053
3154,0.001744,74.125.24.0-255,4320,164111,70,282053
3155,0.001748,172.31.40.0-255,66,164177,70,282053
3156,0.001776,74.125.24.0-255,1484,165661,70,282053
3157,0.001784,74.125.24.0-255,7156,172817,70,282053
3158,0.001787,172.31.40.0-255,66,172883,70,282053
3159,0.00179,74.125.24.0-255,1484,174367,70,282053
3160,0.001809,74.125.24.0-255,8574,182941,70,282053
3161,0.001812,172.31.40.0-255,66,183007,70,282053
3162,0.001834,74.125.24.0-255,4320,187327,70,282053
3163,0.001837,172.31.40.0-255,66,187393,70,282053
3164,0.001864,74.125.24.0-255,2184,189577,70,282053
3165,0.001872,172.31.40.0-255,66,189643,70,282053
3166,0.001886,74.125.24.0-255,1484,191127,70,282053
3167,0.0019,74.125.24.0-255,1484,192611,70,282053
3168,0.001903,172.31.40.0-255,66,192677,70,282053
3169,0.001911,74.125.24.0-255,7156,199833,70,282053
3170,0.001913,172.31.40.0-255,66,199899,70,282053
3171,0.001932,74.125.24.0-255,8574,208473,70,282053
3172,0.001935,172.31.40.0-255,66,208539,70,282053
3173,0.001959,74.125.24.0-255,2902,211441,70,282053
3174,0.001962,172.31.40.0-255,66,211507,70,282053
3175,0.001971,74.125.24.0-255,9992,221499,70,282053
3176,0.001973,172.31.40.0-255,66,221565,70,282053
3177,0.001998,74.125.24.0-255,2184,223749,70,282053
3178,0.002001,172.31.40.0-255,66,223815,70,282053
3179,0.002139,74.125.24.0-255,1484,225299,70,282053
3180,0.002158,74.125.24.0-255,1484,226783,70,282053
3181,0.002161,172.31.40.0-255,66,226849,70,282053
3182,0.00218,74.125.24.0-255,1484,228333,70,282053
3183,0.002194,74.125.24.0-255,5738,234071,70,282053
3184,0.002197,172.31.40.0-255,66,234137,70,282053
3185,0.002236,74.125.24.0-255,1484,235621,70,282053
3186,0.002278,74.125.24.0-255,5738,241359,70,282053
3187,0.002282,172.31.40.0-255,66,241425,70,282053
3188,0.004473,74.125.24.0-255,5738,247163,70,282053
3189,0.004482,172.31.40.0-255,66,247229,70,282053
3190,0.006727,74.125.24.0-255,5738,252967,70,282053
3191,0.006732,172.31.40.0-255,66,253033,70,282053
3192,0.008972,74.125.24.0-255,5738,258771,70,282053
3193,0.00898,172.31.40.0-255,66,258837,70,282053
3194,0.011218,74.125.24.0-255,5738,264575,70,282053
3195,0.011231,172.31.40.0-255,66,264641,70,282053
3196,0.013435,74.125.24.0-255,5738,270379,70,282053
3197,0.013446,172.31.40.0-255,66,270445,70,282053
3198,0.015662,74.125.24.0-255,5738,276183,70,282053
3199,0.015676,172.31.40.0-255,66,276249,70,282053
3200,0.017888,74.125.24.0-255,5738,281987,70,282053
3201,0.017901,172.31.40.0-255,66,282053,70,282053
3202,0.0,172.217.194.0-255,150,150,70,307315
3203,1.7e-05,172.31.40.0-255,66,216,70,307315
3204,2.3e-05,172.217.194.0-255,1484,1700,70,307315
3205,2.8e-05,172.31.40.0-255,66,1766,70,307315
3206,3.3e-05,172.217.194.0-255,2902,4668,70,307315
3207,4.4e-05,172.31.40.0-255,66,4734,70,307315
3208,5.3e-05,172.217.194.0-255,7156,11890,70,307315
3209,5.6e-05,172.31.40.0-255,66,11956,70,307315
3210,6e-05,172.217.194.0-255,2088,14044,70,307315
3211,6.4e-05,172.31.40.0-255,66,14110,70,307315
3212,0.000115,172.31.40.0-255,66,14176,70,307315
3213,0.000118,172.217.194.0-255,1484,15660,70,307315
3214,0.00012,172.31.40.0-255,66,15726,70,307315
3215,0.000174,172.217.194.0-255,3961,19687,70,307315
3216,0.000177,172.31.40.0-255,66,19753,70,307315
3217,0.000182,172.217.194.0-255,4320,24073,70,307315
3218,0.000185,172.31.40.0-255,66,24139,70,307315
3219,0.000222,172.217.194.0-255,7156,31295,70,307315
3220,0.000225,172.31.40.0-255,66,31361,70,307315
3221,0.000253,172.217.194.0-255,5379,36740,70,307315
3222,0.000255,172.31.40.0-255,66,36806,70,307315
3223,0.000359,172.217.194.0-255,1484,38290,70,307315
3224,0.000364,172.31.40.0-255,66,38356,70,307315
3225,0.00037,172.217.194.0-255,2902,41258,70,307315
3226,0.000372,172.31.40.0-255,66,41324,70,307315
3227,0.000382,172.217.194.0-255,4320,45644,70,307315
3228,0.000384,172.31.40.0-255,66,45710,70,307315
3229,0.000412,172.217.194.0-255,1484,47194,70,307315
3230,0.000414,172.31.40.0-255,66,47260,70,307315
3231,0.000423,172.217.194.0-255,7377,54637,70,307315
3232,0.000425,172.31.40.0-255,66,54703,70,307315
3233,0.000556,172.217.194.0-255,1484,56187,70,307315
3234,0.000563,172.217.194.0-255,2902,59089,70,307315
3235,0.000567,172.31.40.0-255,66,59155,70,307315
3236,0.000571,172.217.194.0-255,1484,60639,70,307315
3237,0.000604,172.217.194.0-255,4320,64959,70,307315
3238,0.000606,172.31.40.0-255,66,65025,70,307315
3239,0.00062,172.31.40.0-255,66,65091,70,307315
3240,0.000627,172.217.194.0-255,1484,66575,70,307315
3241,0.000671,172.31.40.0-255,66,66641,70,307315
3242,0.000685,172.217.194.0-255,5020,71661,70,307315
3243,0.000693,172.31.40.0-255,66,71727,70,307315
3244,0.000697,172.217.194.0-255,1980,73707,70,307315
3245,0.000699,172.31.40.0-255,66,73773,70,307315
3246,0.000787,172.217.194.0-255,1484,75257,70,307315
3247,0.000793,172.217.194.0-255,2902,78159,70,307315
3248,0.000797,172.31.40.0-255,66,78225,70,307315
3249,0.000803,172.217.194.0-255,4320,82545,70,307315
3250,0.000806,172.31.40.0-255,66,82611,70,307315
3251,0.000835,172.217.194.0-255,1484,84095,70,307315
3252,0.000844,172.217.194.0-255,8574,92669,70,307315
3253,0.000847,172.31.40.0-255,66,92735,70,307315
3254,0.000884,172.217.194.0-255,4320,97055,70,307315
3255,0.000888,172.31.40.0-255,66,97121,70,307315
3256,0.00092,172.217.194.0-255,10692,107813,70,307315
3257,0.000925,172.31.40.0-255,66,107879,70,307315
3258,0.001078,172.217.194.0-255,1484,109363,70,307315
3259,0.001083,172.217.194.0-255,1484,110847,70,307315
3260,0.001086,172.31.40.0-255,66,110913,70,307315
3261,0.001112,172.217.194.0-255,1484,112397,70,307315
3262,0.001119,172.217.194.0-255,5738,118135,70,307315
3263,0.001121,172.31.40.0-255,66,118201,70,307315
3264,0.001135,172.31.40.0-255,66,118267,70,307315
3265,0.001159,172.217.194.0-255,1484,119751,70,307315
3266,0.001162,172.217.194.0-255,1484,121235,70,307315
3267,0.001165,172.31.40.0-255,66,121301,70,307315
3268,0.001195,172.217.194.0-255,9274,130575,70,307315
3269,0.001198,172.31.40.0-255,66,130641,70,307315
3270,0.001224,172.217.194.0-255,1484,132125,70,307315
3271,0.001228,172.217.194.0-255,1484,133609,70,307315
3272,0.00123,172.31.40.0-255,66,133675,70,307315
3273,0.001256,172.217.194.0-255,1484,135159,70,307315
3274,0.001263,172.217.194.0-255,5738,140897,70,307315
3275,0.001267,172.31.40.0-255,66,140963,70,307315
3276,0.001272,172.217.194.0-255,4320,145283,70,307315
3277,0.001274,172.31.40.0-255,66,145349,70,307315
3278,0.001308,172.217.194.0-255,8574,153923,70,307315
3279,0.001311,172.31.40.0-255,66,153989,70,307315
3280,0.001318,172.217.194.0-255,7156,161145,70,307315
3281,0.001321,172.31.40.0-255,66,161211,70,307315
3282,0.001386,172.217.194.0-255,3602,164813,70,307315
3283,0.001389,172.31.40.0-255,66,164879,70,307315
3284,0.001395,172.217.194.0-255,4320,169199,70,307315
3285,0.001397,172.31.40.0-255,66,169265,70,307315
3286,0.001406,172.217.194.0-255,9992,179257,70,307315
3287,0.001408,172.31.40.0-255,66,179323,70,307315
3288,0.001416,172.217.194.0-255,7156,186479,70,307315
3289,0.001419,172.31.40.0-255,66,186545,70,307315
3290,0.001443,172.217.194.0-255,4320,190865,70,307315
3291,0.001446,172.31.40.0-255,66,190931,70,307315
3292,0.001454,172.217.194.0-255,7856,198787,70,307315
3293,0.001456,172.31.40.0-255,66,198853,70,307315
3294,0.001495,172.217.194.0-255,5738,204591,70,307315
3295,0.001499,172.31.40.0-255,66,204657,70,307315
3296,0.001505,172.217.194.0-255,7156,211813,70,307315
3297,0.001507,172.31.40.0-255,66,211879,70,307315
3298,0.001536,172.217.194.0-255,5738,217617,70,307315
3299,0.001539,172.31.40.0-255,66,217683,70,307315
3300,0.001581,172.217.194.0-255,8574,226257,70,307315
3301,0.001585,172.31.40.0-255,66,226323,70,307315
3302,0.001592,172.217.194.0-255,6438,232761,70,307315
3303,0.001595,172.31.40.0-255,66,232827,70,307315
3304,0.001599,172.217.194.0-255,4320,237147,70,307315
3305,0.001601,172.31.40.0-255,66,237213,70,307315
3306,0.001604,172.217.194.0-255,1484,238697,70,307315
3307,0.001634,172.217.194.0-255,4320,243017,70,307315
3308,0.001637,172.31.40.0-255,66,243083,70,307315
3309,0.001649,172.31.40.0-255,66,243149,70,307315
3310,0.001655,172.217.194.0-255,4320,247469,70,307315
3311,0.001657,172.31.40.0-255,66,247535,70,307315
3312,0.001681,172.217.194.0-255,4320,251855,70,307315
3313,0.001685,172.31.40.0-255,66,251921,70,307315
3314,0.001688,172.217.194.0-255,1484,253405,70,307315
3315,0.001719,172.217.194.0-255,2184,255589,70,307315
3316,0.001722,172.31.40.0-255,66,255655,70,307315
3317,0.001778,172.217.194.0-255,1484,257139,70,307315
3318,0.001791,172.217.194.0-255,2902,260041,70,307315
3319,0.001795,172.31.40.0-255,66,260107,70,307315
3320,0.0018,172.217.194.0-255,2902,263009,70,307315
3321,0.001801,172.31.40.0-255,66,263075,70,307315
3322,0.001821,172.217.194.0-255,2902,265977,70,307315
3323,0.001824,172.31.40.0-255,66,266043,70,307315
3324,0.001843,172.217.194.0-255,7156,273199,70,307315
3325,0.001845,172.31.40.0-255,66,273265,70,307315
3326,0.001877,172.217.194.0-255,5738,279003,70,307315
3327,0.00188,172.31.40.0-255,66,279069,70,307315
3328,0.001885,172.217.194.0-255,5738,284807,70,307315
3329,0.001887,172.31.40.0-255,66,284873,70,307315
3330,0.001908,172.217.194.0-255,5020,289893,70,307315
3331,0.00191,172.31.40.0-255,66,289959,70,307315
3332,0.001928,172.217.194.0-255,4320,294279,70,307315
3333,0.00193,172.31.40.0-255,66,294345,70,307315
3334,0.001955,172.217.194.0-255,1484,295829,70,307315
3335,0.001968,172.31.40.0-255,66,295895,70,307315
3336,0.002,172.31.40.0-255,66,295961,70,307315
3337,0.002024,172.217.194.0-255,1484,297445,70,307315
3338,0.00203,172.217.194.0-255,3602,301047,70,307315
3339,0.002032,172.31.40.0-255,66,301113,70,307315
3340,0.002059,172.217.194.0-255,5794,306907,70,307315
3341,0.002063,172.31.40.0-255,66,306973,70,307315
3342,0.002065,172.217.194.0-255,105,307078,70,307315
3343,0.009945,172.31.40.0-255,66,307144,70,307315
3344,0.009986,172.31.40.0-255,105,307249,70,307315
3345,0.01239,172.217.194.0-255,66,307315,70,307315
3346,0.0,172.217.194.0-255,146,146,70,242274
3347,1.8e-05,172.31.40.0-255,66,212,70,242274
3348,2.5e-05,172.217.194.0-255,1484,1696,70,242274
3349,3e-05,172.31.40.0-255,66,1762,70,242274
3350,4.4e-05,172.217.194.0-255,2902,4664,70,242274
3351,4.7e-05,172.31.40.0-255,66,4730,70,242274
3352,5.7e-05,172.217.194.0-255,7156,11886,70,242274
3353,6.1e-05,172.31.40.0-255,66,11952,70,242274
3354,6.5e-05,172.217.194.0-255,2165,14117,70,242274
3355,6.7e-05,172.31.40.0-255,66,14183,70,242274
3356,0.000118,172.217.194.0-255,2902,17085,70,242274
3357,0.000121,172.31.40.0-255,66,17151,70,242274
3358,0.000127,172.217.194.0-255,4320,21471,70,242274
3359,0.000129,172.31.40.0-255,66,21537,70,242274
3360,0.000133,172.217.194.0-255,2902,24439,70,242274
3361,0.00014,172.31.40.0-255,66,24505,70,242274
3362,0.000173,172.217.194.0-255,5738,30243,70,242274
3363,0.000176,172.31.40.0-255,66,30309,70,242274
3364,0.000179,172.217.194.0-255,1125,31434,70,242274
3365,0.000181,172.31.40.0-255,66,31500,70,242274
3366,0.000233,172.217.194.0-255,1484,32984,70,242274
3367,0.000235,172.31.40.0-255,66,33050,70,242274
3368,0.00024,172.217.194.0-255,2902,35952,70,242274
3369,0.000242,172.31.40.0-255,66,36018,70,242274
3370,0.000262,172.217.194.0-255,5738,41756,70,242274
3371,0.000264,172.31.40.0-255,66,41822,70,242274
3372,0.000274,172.217.194.0-255,5738,47560,70,242274
3373,0.000277,172.31.40.0-255,66,47626,70,242274
3374,0.000298,172.217.194.0-255,1125,48751,70,242274
3375,0.0003,172.31.40.0-255,66,48817,70,242274
3376,0.000329,172.217.194.0-255,7156,55973,70,242274
3377,0.000332,172.31.40.0-255,66,56039,70,242274
3378,0.000363,172.217.194.0-255,7156,63195,70,242274
3379,0.000366,172.31.40.0-255,66,63261,70,242274
3380,0.000369,172.217.194.0-255,1484,64745,70,242274
3381,0.000372,172.217.194.0-255,1417,66162,70,242274
3382,0.000374,172.31.40.0-255,66,66228,70,242274
3383,0.000397,172.217.194.0-255,386,66614,70,242274
3384,0.000636,172.217.194.0-255,1484,68098,70,242274
3385,0.000642,172.31.40.0-255,66,68164,70,242274
3386,0.000648,172.217.194.0-255,2902,71066,70,242274
3387,0.000651,172.31.40.0-255,66,71132,70,242274
3388,0.000662,172.217.194.0-255,5738,76870,70,242274
3389,0.000665,172.31.40.0-255,66,76936,70,242274
3390,0.000701,172.217.194.0-255,8574,85510,70,242274
3391,0.000704,172.31.40.0-255,66,85576,70,242274
3392,0.000776,172.31.40.0-255,66,85642,70,242274
3393,0.000781,172.217.194.0-255,4320,89962,70,242274
3394,0.000784,172.31.40.0-255,66,90028,70,242274
3395,0.000795,172.217.194.0-255,5738,95766,70,242274
3396,0.000797,172.31.40.0-255,66,95832,70,242274
3397,0.000803,172.217.194.0-255,4320,100152,70,242274
3398,0.000806,172.31.40.0-255,66,100218,70,242274
3399,0.000833,172.217.194.0-255,7156,107374,70,242274
3400,0.000841,172.31.40.0-255,66,107440,70,242274
3401,0.000854,172.31.40.0-255,66,107506,70,242274
3402,0.000923,172.217.194.0-255,9992,117498,70,242274
3403,0.000927,172.31.40.0-255,66,117564,70,242274
3404,0.000972,172.31.40.0-255,66,117630,70,242274
3405,0.000992,172.31.40.0-255,66,117696,70,242274
3406,0.001006,172.31.40.0-255,66,117762,70,242274
3407,0.00102,172.31.40.0-255,66,117828,70,242274
3408,0.001032,172.217.194.0-255,2184,120012,70,242274
3409,0.001034,172.31.40.0-255,66,120078,70,242274
3410,0.001037,172.217.194.0-255,1484,121562,70,242274
3411,0.001044,172.217.194.0-255,1484,123046,70,242274
3412,0.001046,172.31.40.0-255,66,123112,70,242274
3413,0.001069,172.217.194.0-255,1484,124596,70,242274
3414,0.00108,172.217.194.0-255,5738,130334,70,242274
3415,0.001082,172.31.40.0-255,66,130400,70,242274
3416,0.001087,172.217.194.0-255,2902,133302,70,242274
3417,0.001117,172.217.194.0-255,9992,143294,70,242274
3418,0.001128,172.217.194.0-255,10692,153986,70,242274
3419,0.001139,172.31.40.0-255,66,154052,70,242274
3420,0.001284,172.217.194.0-255,1484,155536,70,242274
3421,0.001298,172.217.194.0-255,2902,158438,70,242274
3422,0.001301,172.31.40.0-255,66,158504,70,242274
3423,0.001322,172.217.194.0-255,5738,164242,70,242274
3424,0.001327,172.217.194.0-255,4320,168562,70,242274
3425,0.001347,172.217.194.0-255,5738,174300,70,242274
3426,0.00135,172.31.40.0-255,66,174366,70,242274
3427,0.001355,172.31.40.0-255,66,174432,70,242274
3428,0.00145,172.31.40.0-255,66,174498,70,242274
3429,0.001777,172.217.194.0-255,1484,175982,70,242274
3430,0.001822,172.217.194.0-255,2902,178884,70,242274
3431,0.001826,172.31.40.0-255,66,178950,70,242274
3432,0.001833,172.217.194.0-255,5738,184688,70,242274
3433,0.001836,172.31.40.0-255,66,184754,70,242274
3434,0.001844,172.217.194.0-255,1484,186238,70,242274
3435,0.001875,172.217.194.0-255,1484,187722,70,242274
3436,0.001879,172.217.194.0-255,4320,192042,70,242274
3437,0.001898,172.217.194.0-255,5020,197062,70,242274
3438,0.001901,172.31.40.0-255,66,197128,70,242274
3439,0.001906,172.31.40.0-255,66,197194,70,242274
3440,0.003904,172.217.194.0-255,5738,202932,70,242274
3441,0.003911,172.31.40.0-255,66,202998,70,242274
3442,0.005937,172.217.194.0-255,5738,208736,70,242274
3443,0.005945,172.31.40.0-255,66,208802,70,242274
3444,0.007955,172.217.194.0-255,5738,214540,70,242274
3445,0.00796,172.31.40.0-255,66,214606,70,242274
3446,0.010024,172.217.194.0-255,4320,218926,70,242274
3447,0.010027,172.31.40.0-255,66,218992,70,242274
3448,0.01005,172.217.194.0-255,1484,220476,70,242274
3449,0.012062,172.217.194.0-255,4320,224796,70,242274
3450,0.012069,172.31.40.0-255,66,224862,70,242274
3451,0.014096,172.217.194.0-255,5738,230600,70,242274
3452,0.014101,172.31.40.0-255,66,230666,70,242274
3453,0.016118,172.217.194.0-255,5738,236404,70,242274
3454,0.016125,172.31.40.0-255,66,236470,70,242274
3455,0.018153,172.217.194.0-255,5738,242208,70,242274
3456,0.018159,172.31.40.0-255,66,242274,70,242274
3457,0.0,74.125.24.0-255,152,152,70,161705
3458,2e-05,172.31.40.0-255,66,218,70,161705
3459,2.7e-05,74.125.24.0-255,1484,1702,70,161705
3460,3.1e-05,172.31.40.0-255,66,1768,70,161705
3461,3.7e-05,74.125.24.0-255,2902,4670,70,161705
3462,4.1e-05,172.31.40.0-255,66,4736,70,161705
3463,4.5e-05,74.125.24.0-255,2902,7638,70,161705
3464,4.8e-05,172.31.40.0-255,66,7704,70,161705
3465,5.5e-05,74.125.24.0-255,4320,12024,70,161705
3466,5.9e-05,172.31.40.0-255,66,12090,70,161705
3467,8e-05,74.125.24.0-255,2037,14127,70,161705
3468,8.4e-05,172.31.40.0-255,66,14193,70,161705
3469,0.000171,74.125.24.0-255,1484,15677,70,161705
3470,0.000176,172.31.40.0-255,66,15743,70,161705
3471,0.000181,74.125.24.0-255,2902,18645,70,161705
3472,0.000184,172.31.40.0-255,66,18711,70,161705
3473,0.000189,74.125.24.0-255,4320,23031,70,161705
3474,0.000191,172.31.40.0-255,66,23097,70,161705
3475,0.000245,74.125.24.0-255,4320,27417,70,161705
3476,0.000248,172.31.40.0-255,66,27483,70,161705
3477,0.00027,74.125.24.0-255,3961,31444,70,161705
3478,0.000273,172.31.40.0-255,66,31510,70,161705
3479,0.000483,74.125.24.0-255,1484,32994,70,161705
3480,0.000488,172.31.40.0-255,66,33060,70,161705
3481,0.000494,74.125.24.0-255,2902,35962,70,161705
3482,0.000497,172.31.40.0-255,66,36028,70,161705
3483,0.000518,74.125.24.0-255,5738,41766,70,161705
3484,0.000521,172.31.40.0-255,66,41832,70,161705
3485,0.000538,74.125.24.0-255,8215,50047,70,161705
3486,0.000541,172.31.40.0-255,66,50113,70,161705
3487,0.000576,74.125.24.0-255,8574,58687,70,161705
3488,0.000579,172.31.40.0-255,66,58753,70,161705
3489,0.000587,74.125.24.0-255,6797,65550,70,161705
3490,0.000589,172.31.40.0-255,66,65616,70,161705
3491,0.001116,74.125.24.0-255,645,66261,70,161705
3492,0.001265,74.125.24.0-255,1484,67745,70,161705
3493,0.00127,172.31.40.0-255,66,67811,70,161705
3494,0.001274,74.125.24.0-255,1484,69295,70,161705
3495,0.00129,74.125.24.0-255,1484,70779,70,161705
3496,0.001292,172.31.40.0-255,66,70845,70,161705
3497,0.001298,74.125.24.0-255,5738,76583,70,161705
3498,0.0013,172.31.40.0-255,66,76649,70,161705
3499,0.001302,74.125.24.0-255,1484,78133,70,161705
3500,0.001326,74.125.24.0-255,4320,82453,70,161705
3501,0.001328,172.31.40.0-255,66,82519,70,161705
3502,0.001364,74.125.24.0-255,4320,86839,70,161705
3503,0.001366,172.31.40.0-255,66,86905,70,161705
3504,0.001391,172.31.40.0-255,66,86971,70,161705
3505,0.002114,74.125.24.0-255,1484,88455,70,161705
3506,0.00212,74.125.24.0-255,1484,89939,70,161705
3507,0.002123,172.31.40.0-255,66,90005,70,161705
3508,0.002144,74.125.24.0-255,1484,91489,70,161705
3509,0.002149,74.125.24.0-255,5738,97227,70,161705
3510,0.002151,172.31.40.0-255,66,97293,70,161705
3511,0.002173,74.125.24.0-255,5738,103031,70,161705
3512,0.002175,172.31.40.0-255,66,103097,70,161705
3513,0.002196,74.125.24.0-255,7156,110253,70,161705
3514,0.002198,172.31.40.0-255,66,110319,70,161705
3515,0.002207,74.125.24.0-255,10692,121011,70,161705
3516,0.002208,172.31.40.0-255,66,121077,70,161705
3517,0.004587,74.125.24.0-255,5738,126815,70,161705
3518,0.004591,172.31.40.0-255,66,126881,70,161705
3519,0.006983,74.125.24.0-255,5738,132619,70,161705
3520,0.00699,172.31.40.0-255,66,132685,70,161705
3521,0.009396,74.125.24.0-255,5738,138423,70,161705
3522,0.009404,172.31.40.0-255,66,138489,70,161705
3523,0.011832,74.125.24.0-255,5738,144227,70,161705
3524,0.011839,172.31.40.0-255,66,144293,70,161705
3525,0.014217,74.125.24.0-255,5738,150031,70,161705
3526,0.014227,172.31.40.0-255,66,150097,70,161705
3527,0.01664,74.125.24.0-255,5738,155835,70,161705
3528,0.016649,172.31.40.0-255,66,155901,70,161705
3529,0.019038,74.125.24.0-255,5738,161639,70,161705
3530,0.019045,172.31.40.0-255,66,161705,70,161705
3531,0.0,172.217.194.0-255,153,153,70,254344
3532,2.3e-05,172.31.40.0-255,66,219,70,254344
3533,3e-05,172.217.194.0-255,1484,1703,70,254344
3534,3.4e-05,172.31.40.0-255,66,1769,70,254344
3535,4e-05,172.217.194.0-255,2902,4671,70,254344
3536,4.3e-05,172.31.40.0-255,66,4737,70,254344
3537,4.9e-05,172.217.194.0-255,5738,10475,70,254344
3538,5.3e-05,172.31.40.0-255,66,10541,70,254344
3539,8e-05,172.217.194.0-255,3520,14061,70,254344
3540,8.3e-05,172.31.40.0-255,66,14127,70,254344
3541,8.7e-05,172.217.194.0-255,1484,15611,70,254344
3542,8.9e-05,172.31.40.0-255,66,15677,70,254344
3543,0.000105,172.217.194.0-255,2902,18579,70,254344
3544,0.000107,172.31.40.0-255,66,18645,70,254344
3545,0.000113,172.217.194.0-255,4320,22965,70,254344
3546,0.000115,172.31.40.0-255,66,23031,70,254344
3547,0.000142,172.217.194.0-255,5738,28769,70,254344
3548,0.000144,172.31.40.0-255,66,28835,70,254344
3549,0.000149,172.217.194.0-255,2543,31378,70,254344
3550,0.000151,172.31.40.0-255,66,31444,70,254344
3551,0.000157,172.217.194.0-255,5738,37182,70,254344
3552,0.000159,172.31.40.0-255,66,37248,70,254344
3553,0.000193,172.217.194.0-255,8574,45822,70,254344
3554,0.000195,172.31.40.0-255,66,45888,70,254344
3555,0.000199,172.217.194.0-255,2543,48431,70,254344
3556,0.000201,172.31.40.0-255,66,48497,70,254344
3557,0.000232,172.217.194.0-255,5738,54235,70,254344
3558,0.000235,172.31.40.0-255,66,54301,70,254344
3559,0.000252,172.217.194.0-255,9992,64293,70,254344
3560,0.000254,172.31.40.0-255,66,64359,70,254344
3561,0.000277,172.217.194.0-255,1397,65756,70,254344
3562,0.000279,172.31.40.0-255,66,65822,70,254344
3563,0.000282,172.217.194.0-255,436,66258,70,254344
3564,0.000551,172.217.194.0-255,1484,67742,70,254344
3565,0.000556,172.31.40.0-255,66,67808,70,254344
3566,0.000562,172.217.194.0-255,2902,70710,70,254344
3567,0.000565,172.31.40.0-255,66,70776,70,254344
3568,0.000572,172.217.194.0-255,5738,76514,70,254344
3569,0.000574,172.31.40.0-255,66,76580,70,254344
3570,0.000614,172.31.40.0-255,66,76646,70,254344
3571,0.000632,172.217.194.0-255,1484,78130,70,254344
3572,0.000642,172.217.194.0-255,8574,86704,70,254344
3573,0.000644,172.31.40.0-255,66,86770,70,254344
3574,0.000663,172.217.194.0-255,766,87536,70,254344
3575,0.000697,172.217.194.0-255,1484,89020,70,254344
3576,0.0007,172.31.40.0-255,66,89086,70,254344
3577,0.000703,172.217.194.0-255,1484,90570,70,254344
3578,0.000721,172.217.194.0-255,1484,92054,70,254344
3579,0.000724,172.31.40.0-255,66,92120,70,254344
3580,0.00073,172.217.194.0-255,5738,97858,70,254344
3581,0.000732,172.31.40.0-255,66,97924,70,254344
3582,0.000764,172.217.194.0-255,1484,99408,70,254344
3583,0.00079,172.31.40.0-255,66,99474,70,254344
3584,0.000793,172.217.194.0-255,1484,100958,70,254344
3585,0.000821,172.217.194.0-255,9274,110232,70,254344
3586,0.000823,172.31.40.0-255,66,110298,70,254344
3587,0.000836,172.31.40.0-255,66,110364,70,254344
3588,0.00084,172.217.194.0-255,2902,113266,70,254344
3589,0.000843,172.31.40.0-255,66,113332,70,254344
3590,0.000866,172.31.40.0-255,66,113398,70,254344
3591,0.000887,172.217.194.0-255,1484,114882,70,254344
3592,0.000891,172.217.194.0-255,2902,117784,70,254344
3593,0.000893,172.31.40.0-255,66,117850,70,254344
3594,0.000915,172.217.194.0-255,3602,121452,70,254344
3595,0.000917,172.31.40.0-255,66,121518,70,254344
3596,0.000963,172.217.194.0-255,1484,123002,70,254344
3597,0.000968,172.217.194.0-255,2902,125904,70,254344
3598,0.000971,172.31.40.0-255,66,125970,70,254344
3599,0.000974,172.217.194.0-255,1484,127454,70,254344
3600,0.000994,172.217.194.0-255,4320,131774,70,254344
3601,0.000996,172.31.40.0-255,66,131840,70,254344
3602,0.001003,172.217.194.0-255,7156,138996,70,254344
3603,0.001005,172.31.40.0-255,66,139062,70,254344
3604,0.001008,172.217.194.0-255,1484,140546,70,254344
3605,0.001044,172.31.40.0-255,66,140612,70,254344
3606,0.001048,172.217.194.0-255,2184,142796,70,254344
3607,0.00105,172.31.40.0-255,66,142862,70,254344
3608,0.001054,172.217.194.0-255,2902,145764,70,254344
3609,0.001057,172.31.40.0-255,66,145830,70,254344
3610,0.001062,172.217.194.0-255,4320,150150,70,254344
3611,0.001065,172.31.40.0-255,66,150216,70,254344
3612,0.001082,172.217.194.0-255,2902,153118,70,254344
3613,0.001084,172.31.40.0-255,66,153184,70,254344
3614,0.001091,172.217.194.0-255,5738,158922,70,254344
3615,0.001093,172.31.40.0-255,66,158988,70,254344
3616,0.001132,172.217.194.0-255,9992,168980,70,254344
3617,0.001136,172.31.40.0-255,66,169046,70,254344
3618,0.001144,172.217.194.0-255,7856,176902,70,254344
3619,0.001146,172.31.40.0-255,66,176968,70,254344
3620,0.001176,172.217.194.0-255,1484,178452,70,254344
3621,0.001181,172.217.194.0-255,2902,181354,70,254344
3622,0.001183,172.31.40.0-255,66,181420,70,254344
3623,0.00119,172.217.194.0-255,5738,187158,70,254344
3624,0.001193,172.31.40.0-255,66,187224,70,254344
3625,0.001206,172.217.194.0-255,9992,197216,70,254344
3626,0.001209,172.31.40.0-255,66,197282,70,254344
3627,0.001231,172.217.194.0-255,2902,200184,70,254344
3628,0.001234,172.31.40.0-255,66,200250,70,254344
3629,0.001242,172.217.194.0-255,8574,208824,70,254344
3630,0.001244,172.31.40.0-255,66,208890,70,254344
3631,0.001274,172.217.194.0-255,9992,218882,70,254344
3632,0.001277,172.31.40.0-255,66,218948,70,254344
3633,0.001316,172.31.40.0-255,66,219014,70,254344
3634,0.001328,172.31.40.0-255,66,219080,70,254344
3635,0.001393,172.217.194.0-255,7156,226236,70,254344
3636,0.001396,172.31.40.0-255,66,226302,70,254344
3637,0.001404,172.217.194.0-255,8574,234876,70,254344
3638,0.001407,172.31.40.0-255,66,234942,70,254344
3639,0.001424,172.31.40.0-255,66,235008,70,254344
3640,0.001426,172.217.194.0-255,766,235774,70,254344
3641,0.001466,172.217.194.0-255,4320,240094,70,254344
3642,0.00147,172.31.40.0-255,66,240160,70,254344
3643,0.001502,172.31.40.0-255,66,240226,70,254344
3644,0.001509,172.217.194.0-255,7156,247382,70,254344
3645,0.001511,172.31.40.0-255,66,247448,70,254344
3646,0.001572,172.31.40.0-255,66,247514,70,254344
3647,0.001586,172.31.40.0-255,66,247580,70,254344
3648,0.001593,172.217.194.0-255,6356,253936,70,254344
3649,0.001596,172.31.40.0-255,66,254002,70,254344
3650,0.0016,172.217.194.0-255,105,254107,70,254344
3651,0.004978,172.31.40.0-255,66,254173,70,254344
3652,0.005018,172.31.40.0-255,105,254278,70,254344
3653,0.007664,172.217.194.0-255,66,254344,70,254344
3654,0.0,172.217.194.0-255,153,153,70,122092
3655,1.4e-05,172.31.40.0-255,66,219,70,122092
3656,2.1e-05,172.217.194.0-255,1484,1703,70,122092
3657,2.6e-05,172.31.40.0-255,66,1769,70,122092
3658,4.1e-05,172.217.194.0-255,2902,4671,70,122092
3659,4.5e-05,172.31.40.0-255,66,4737,70,122092
3660,0.000102,172.217.194.0-255,5738,10475,70,122092
3661,0.000106,172.31.40.0-255,66,10541,70,122092
3662,0.000246,172.217.194.0-255,8574,19115,70,122092
3663,0.000251,172.31.40.0-255,66,19181,70,122092
3664,0.000282,172.217.194.0-255,4935,24116,70,122092
3665,0.000284,172.31.40.0-255,66,24182,70,122092
3666,0.00053,172.217.194.0-255,4320,28502,70,122092
3667,0.000536,172.31.40.0-255,66,28568,70,122092
3668,0.000626,172.217.194.0-255,2543,31111,70,122092
3669,0.000635,172.31.40.0-255,66,31177,70,122092
3670,0.000687,172.217.194.0-255,8574,39751,70,122092
3671,0.000691,172.31.40.0-255,66,39817,70,122092
3672,0.000742,172.31.40.0-255,66,39883,70,122092
3673,0.001243,172.217.194.0-255,7156,47039,70,122092
3674,0.00125,172.31.40.0-255,66,47105,70,122092
3675,0.001279,172.217.194.0-255,2543,49648,70,122092
3676,0.001281,172.31.40.0-255,66,49714,70,122092
3677,0.001435,172.217.194.0-255,379,50093,70,122092
3678,0.001441,172.31.40.0-255,66,50159,70,122092
3679,0.001445,172.217.194.0-255,365,50524,70,122092
3680,0.001448,172.31.40.0-255,66,50590,70,122092
3681,0.001489,172.31.40.0-255,66,50656,70,122092
3682,0.001514,172.217.194.0-255,1484,52140,70,122092
3683,0.001517,172.31.40.0-255,66,52206,70,122092
3684,0.001772,172.217.194.0-255,8574,60780,70,122092
3685,0.001818,172.217.194.0-255,5020,65800,70,122092
3686,0.002429,172.217.194.0-255,9992,75792,70,122092
3687,0.003392,172.217.194.0-255,4320,80112,70,122092
3688,0.003414,172.217.194.0-255,7156,87268,70,122092
3689,0.003469,172.217.194.0-255,5738,93006,70,122092
3690,0.005791,172.31.40.0-255,66,93072,70,122092
3691,0.008121,172.217.194.0-255,5738,98810,70,122092
3692,0.008127,172.31.40.0-255,66,98876,70,122092
3693,0.010482,172.217.194.0-255,5738,104614,70,122092
3694,0.010491,172.31.40.0-255,66,104680,70,122092
3695,0.012791,172.217.194.0-255,5738,110418,70,122092
3696,0.013217,172.31.40.0-255,66,110484,70,122092
3697,0.015522,172.217.194.0-255,5738,116222,70,122092
3698,0.015531,172.31.40.0-255,66,116288,70,122092
3699,0.017856,172.217.194.0-255,5738,122026,70,122092
3700,0.017867,172.31.40.0-255,66,122092,70,122092
3701,0.0,172.217.194.0-255,298,298,70,345538
3702,1.9e-05,172.31.40.0-255,66,364,70,345538
3703,2.6e-05,172.217.194.0-255,1484,1848,70,345538
3704,3.2e-05,172.31.40.0-255,66,1914,70,345538
3705,4.4e-05,172.217.194.0-255,2902,4816,70,345538
3706,4.9e-05,172.31.40.0-255,66,4882,70,345538
3707,5.6e-05,172.217.194.0-255,5738,10620,70,345538
3708,5.9e-05,172.31.40.0-255,66,10686,70,345538
3709,8.5e-05,172.217.194.0-255,3257,13943,70,345538
3710,8.8e-05,172.31.40.0-255,66,14009,70,345538
3711,0.000121,172.217.194.0-255,1484,15493,70,345538
3712,0.000125,172.31.40.0-255,66,15559,70,345538
3713,0.00013,172.217.194.0-255,2902,18461,70,345538
3714,0.000132,172.31.40.0-255,66,18527,70,345538
3715,0.000141,172.217.194.0-255,2902,21429,70,345538
3716,0.000143,172.31.40.0-255,66,21495,70,345538
3717,0.00017,172.217.194.0-255,2902,24397,70,345538
3718,0.000173,172.31.40.0-255,66,24463,70,345538
3719,0.000178,172.217.194.0-255,2902,27365,70,345538
3720,0.00018,172.31.40.0-255,66,27431,70,345538
3721,0.000201,172.217.194.0-255,1484,28915,70,345538
3722,0.000203,172.31.40.0-255,66,28981,70,345538
3723,0.000223,172.217.194.0-255,2543,31524,70,345538
3724,0.000226,172.31.40.0-255,66,31590,70,345538
3725,0.000415,172.217.194.0-255,1484,33074,70,345538
3726,0.00042,172.31.40.0-255,66,33140,70,345538
3727,0.000451,172.217.194.0-255,2902,36042,70,345538
3728,0.000455,172.31.40.0-255,66,36108,70,345538
3729,0.000462,172.217.194.0-255,5738,41846,70,345538
3730,0.000464,172.31.40.0-255,66,41912,70,345538
3731,0.000468,172.217.194.0-255,2902,44814,70,345538
3732,0.000471,172.31.40.0-255,66,44880,70,345538
3733,0.0005,172.217.194.0-255,2902,47782,70,345538
3734,0.000502,172.31.40.0-255,66,47848,70,345538
3735,0.000521,172.217.194.0-255,1125,48973,70,345538
3736,0.000543,172.217.194.0-255,1484,50457,70,345538
3737,0.000546,172.31.40.0-255,66,50523,70,345538
3738,0.000571,172.217.194.0-255,1484,52007,70,345538
3739,0.000587,172.217.194.0-255,2902,54909,70,345538
3740,0.000589,172.31.40.0-255,66,54975,70,345538
3741,0.000596,172.217.194.0-255,5738,60713,70,345538
3742,0.000599,172.31.40.0-255,66,60779,70,345538
3743,0.000616,172.217.194.0-255,4320,65099,70,345538
3744,0.000625,172.31.40.0-255,66,65165,70,345538
3745,0.000628,172.217.194.0-255,1125,66290,70,345538
3746,0.000773,172.217.194.0-255,377,66667,70,345538
3747,0.000801,172.217.194.0-255,365,67032,70,345538
3748,0.000806,172.31.40.0-255,66,67098,70,345538
3749,0.001087,172.217.194.0-255,1484,68582,70,345538
3750,0.001094,172.217.194.0-255,2902,71484,70,345538
3751,0.001098,172.31.40.0-255,66,71550,70,345538
3752,0.001104,172.217.194.0-255,2902,74452,70,345538
3753,0.001106,172.31.40.0-255,66,74518,70,345538
3754,0.001141,172.217.194.0-255,2902,77420,70,345538
3755,0.001144,172.31.40.0-255,66,77486,70,345538
3756,0.001147,172.217.194.0-255,1484,78970,70,345538
3757,0.001152,172.217.194.0-255,2902,81872,70,345538
3758,0.001154,172.31.40.0-255,66,81938,70,345538
3759,0.001189,172.217.194.0-255,4320,86258,70,345538
3760,0.001192,172.31.40.0-255,66,86324,70,345538
3761,0.001197,172.217.194.0-255,2902,89226,70,345538
3762,0.001199,172.31.40.0-255,66,89292,70,345538
3763,0.00123,172.217.194.0-255,2902,92194,70,345538
3764,0.001233,172.31.40.0-255,66,92260,70,345538
3765,0.001242,172.217.194.0-255,9274,101534,70,345538
3766,0.001244,172.31.40.0-255,66,101600,70,345538
3767,0.001272,172.217.194.0-255,4320,105920,70,345538
3768,0.001274,172.31.40.0-255,66,105986,70,345538
3769,0.001296,172.217.194.0-255,5738,111724,70,345538
3770,0.001298,172.31.40.0-255,66,111790,70,345538
3771,0.001305,172.217.194.0-255,5738,117528,70,345538
3772,0.001308,172.31.40.0-255,66,117594,70,345538
3773,0.001335,172.217.194.0-255,1484,119078,70,345538
3774,0.001339,172.217.194.0-255,1484,120562,70,345538
3775,0.001342,172.31.40.0-255,66,120628,70,345538
3776,0.001382,172.31.40.0-255,66,120694,70,345538
3777,0.001573,172.217.194.0-255,1484,122178,70,345538
3778,0.001578,172.217.194.0-255,1484,123662,70,345538
3779,0.001582,172.31.40.0-255,66,123728,70,345538
3780,0.001605,172.217.194.0-255,1484,125212,70,345538
3781,0.001612,172.217.194.0-255,5738,130950,70,345538
3782,0.001614,172.31.40.0-255,66,131016,70,345538
3783,0.001639,172.217.194.0-255,2902,133918,70,345538
3784,0.001641,172.31.40.0-255,66,133984,70,345538
3785,0.00167,172.217.194.0-255,7156,141140,70,345538
3786,0.001672,172.31.40.0-255,66,141206,70,345538
3787,0.001678,172.217.194.0-255,4320,145526,70,345538
3788,0.00168,172.31.40.0-255,66,145592,70,345538
3789,0.001728,172.217.194.0-255,1484,147076,70,345538
3790,0.001745,172.217.194.0-255,2902,149978,70,345538
3791,0.001749,172.31.40.0-255,66,150044,70,345538
3792,0.001778,172.217.194.0-255,5020,155064,70,345538
3793,0.001781,172.31.40.0-255,66,155130,70,345538
3794,0.001785,172.217.194.0-255,1484,156614,70,345538
3795,0.001815,172.217.194.0-255,8574,165188,70,345538
3796,0.001818,172.31.40.0-255,66,165254,70,345538
3797,0.001825,172.217.194.0-255,7156,172410,70,345538
3798,0.001827,172.31.40.0-255,66,172476,70,345538
3799,0.001893,172.217.194.0-255,7156,179632,70,345538
3800,0.001903,172.31.40.0-255,66,179698,70,345538
3801,0.001909,172.217.194.0-255,5738,185436,70,345538
3802,0.001912,172.31.40.0-255,66,185502,70,345538
3803,0.001945,172.217.194.0-255,3602,189104,70,345538
3804,0.001949,172.31.40.0-255,66,189170,70,345538
3805,0.001952,172.217.194.0-255,1484,190654,70,345538
3806,0.001956,172.217.194.0-255,2902,193556,70,345538
3807,0.001958,172.31.40.0-255,66,193622,70,345538
3808,0.001964,172.217.194.0-255,5738,199360,70,345538
3809,0.001966,172.31.40.0-255,66,199426,70,345538
3810,0.00197,172.217.194.0-255,2902,202328,70,345538
3811,0.001972,172.31.40.0-255,66,202394,70,345538
3812,0.002005,172.217.194.0-255,1484,203878,70,345538
3813,0.002012,172.217.194.0-255,5738,209616,70,345538
3814,0.002014,172.31.40.0-255,66,209682,70,345538
3815,0.002023,172.217.194.0-255,8574,218256,70,345538
3816,0.002025,172.31.40.0-255,66,218322,70,345538
3817,0.002055,172.217.194.0-255,2902,221224,70,345538
3818,0.002058,172.31.40.0-255,66,221290,70,345538
3819,0.002062,172.217.194.0-255,2184,223474,70,345538
3820,0.002064,172.31.40.0-255,66,223540,70,345538
3821,0.002108,172.217.194.0-255,4320,227860,70,345538
3822,0.002111,172.31.40.0-255,66,227926,70,345538
3823,0.002138,172.217.194.0-255,7156,235082,70,345538
3824,0.002141,172.31.40.0-255,66,235148,70,345538
3825,0.002154,172.217.194.0-255,7156,242304,70,345538
3826,0.002157,172.31.40.0-255,66,242370,70,345538
3827,0.002185,172.217.194.0-255,5738,248108,70,345538
3828,0.002188,172.31.40.0-255,66,248174,70,345538
3829,0.002198,172.217.194.0-255,9274,257448,70,345538
3830,0.002201,172.31.40.0-255,66,257514,70,345538
3831,0.002326,172.217.194.0-255,1484,258998,70,345538
3832,0.002331,172.217.194.0-255,1484,260482,70,345538
3833,0.002334,172.31.40.0-255,66,260548,70,345538
3834,0.002365,172.217.194.0-255,1484,262032,70,345538
3835,0.002372,172.217.194.0-255,5738,267770,70,345538
3836,0.002374,172.31.40.0-255,66,267836,70,345538
3837,0.002382,172.217.194.0-255,7156,274992,70,345538
3838,0.002384,172.31.40.0-255,66,275058,70,345538
3839,0.002418,172.217.194.0-255,5738,280796,70,345538
3840,0.002421,172.31.40.0-255,66,280862,70,345538
3841,0.002431,172.217.194.0-255,10692,291554,70,345538
3842,0.002433,172.31.40.0-255,66,291620,70,345538
3843,0.00245,172.31.40.0-255,66,291686,70,345538
3844,0.002492,172.217.194.0-255,8574,300260,70,345538
3845,0.002496,172.31.40.0-255,66,300326,70,345538
3846,0.002518,172.217.194.0-255,4320,304646,70,345538
3847,0.002522,172.31.40.0-255,66,304712,70,345538
3848,0.002536,172.31.40.0-255,66,304778,70,345538
3849,0.00255,172.31.40.0-255,66,304844,70,345538
3850,0.002552,172.217.194.0-255,1484,306328,70,345538
3851,0.005011,172.217.194.0-255,4320,310648,70,345538
3852,0.00502,172.31.40.0-255,66,310714,70,345538
3853,0.007465,172.217.194.0-255,5738,316452,70,345538
3854,0.007469,172.31.40.0-255,66,316518,70,345538
3855,0.009916,172.217.194.0-255,5738,322256,70,345538
3856,0.009925,172.31.40.0-255,66,322322,70,345538
3857,0.012389,172.217.194.0-255,5738,328060,70,345538
3858,0.012397,172.31.40.0-255,66,328126,70,345538
3859,0.01484,172.217.194.0-255,5738,333864,70,345538
3860,0.014847,172.31.40.0-255,66,333930,70,345538
3861,0.017322,172.217.194.0-255,5738,339668,70,345538
3862,0.017331,172.31.40.0-255,66,339734,70,345538
3863,0.019786,172.217.194.0-255,5738,345472,70,345538
3864,0.019796,172.31.40.0-255,66,345538,70,345538
3865,0.0,74.125.130.0-255,146,146,70,265627
3866,2.3e-05,172.31.40.0-255,66,212,70,265627
3867,3e-05,74.125.130.0-255,1484,1696,70,265627
3868,3.4e-05,172.31.40.0-255,66,1762,70,265627
3869,3.7e-05,74.125.130.0-255,1484,3246,70,265627
3870,4e-05,172.31.40.0-255,66,3312,70,265627
3871,5.7e-05,74.125.130.0-255,2902,6214,70,265627
3872,5.9e-05,172.31.40.0-255,66,6280,70,265627
3873,8e-05,74.125.130.0-255,2902,9182,70,265627
3874,8.7e-05,172.31.40.0-255,66,9248,70,265627
3875,0.000113,74.125.130.0-255,2902,12150,70,265627
3876,0.000115,172.31.40.0-255,66,12216,70,265627
3877,0.00012,74.125.130.0-255,2093,14309,70,265627
3878,0.000122,172.31.40.0-255,66,14375,70,265627
3879,0.000127,74.125.130.0-255,2902,17277,70,265627
3880,0.000129,172.31.40.0-255,66,17343,70,265627
3881,0.000153,74.125.130.0-255,1484,18827,70,265627
3882,0.000155,172.31.40.0-255,66,18893,70,265627
3883,0.000184,74.125.130.0-255,5738,24631,70,265627
3884,0.000187,172.31.40.0-255,66,24697,70,265627
3885,0.000194,74.125.130.0-255,6797,31494,70,265627
3886,0.000196,172.31.40.0-255,66,31560,70,265627
3887,0.00033,74.125.130.0-255,1484,33044,70,265627
3888,0.000335,172.31.40.0-255,66,33110,70,265627
3889,0.00034,74.125.130.0-255,2902,36012,70,265627
3890,0.000342,172.31.40.0-255,66,36078,70,265627
3891,0.000368,74.125.130.0-255,5738,41816,70,265627
3892,0.000371,172.31.40.0-255,66,41882,70,265627
3893,0.000376,74.125.130.0-255,2902,44784,70,265627
3894,0.000379,172.31.40.0-255,66,44850,70,265627
3895,0.000404,74.125.130.0-255,2902,47752,70,265627
3896,0.000406,172.31.40.0-255,66,47818,70,265627
3897,0.000412,74.125.130.0-255,5738,53556,70,265627
3898,0.000434,74.125.130.0-255,1484,55040,70,265627
3899,0.00045,74.125.130.0-255,4320,59360,70,265627
3900,0.000489,74.125.130.0-255,6438,65798,70,265627
3901,0.000493,74.125.130.0-255,340,66138,70,265627
3902,0.000608,172.31.40.0-255,66,66204,70,265627
3903,0.00079,74.125.130.0-255,119,66323,70,265627
3904,0.00106,74.125.130.0-255,1484,67807,70,265627
3905,0.001065,172.31.40.0-255,66,67873,70,265627
3906,0.001071,74.125.130.0-255,2902,70775,70,265627
3907,0.001091,74.125.130.0-255,1484,72259,70,265627
3908,0.001096,74.125.130.0-255,2902,75161,70,265627
3909,0.001108,172.31.40.0-255,66,75227,70,265627
3910,0.00112,74.125.130.0-255,5738,80965,70,265627
3911,0.00115,74.125.130.0-255,4320,85285,70,265627
3912,0.001161,172.31.40.0-255,66,85351,70,265627
3913,0.001178,74.125.130.0-255,5738,91089,70,265627
3914,0.001194,74.125.130.0-255,5738,96827,70,265627
3915,0.001215,74.125.130.0-255,3602,100429,70,265627
3916,0.001217,74.125.130.0-255,380,100809,70,265627
3917,0.00122,172.31.40.0-255,66,100875,70,265627
3918,0.001231,172.31.40.0-255,66,100941,70,265627
3919,0.001268,74.125.130.0-255,1484,102425,70,265627
3920,0.00132,74.125.130.0-255,1484,103909,70,265627
3921,0.001337,172.31.40.0-255,66,103975,70,265627
3922,0.001344,74.125.130.0-255,2902,106877,70,265627
3923,0.001347,74.125.130.0-255,2902,109779,70,265627
3924,0.001353,172.31.40.0-255,66,109845,70,265627
3925,0.001376,74.125.130.0-255,2902,112747,70,265627
3926,0.001382,74.125.130.0-255,4320,117067,70,265627
3927,0.001422,74.125.130.0-255,7156,124223,70,265627
3928,0.001433,74.125.130.0-255,10692,134915,70,265627
3929,0.001448,74.125.130.0-255,1484,136399,70,265627
3930,0.001452,172.31.40.0-255,66,136465,70,265627
3931,0.001461,74.125.130.0-255,2902,139367,70,265627
3932,0.001476,172.31.40.0-255,66,139433,70,265627
3933,0.001497,74.125.130.0-255,4320,143753,70,265627
3934,0.001515,74.125.130.0-255,1484,145237,70,265627
3935,0.00152,74.125.130.0-255,4320,149557,70,265627
3936,0.001524,172.31.40.0-255,66,149623,70,265627
3937,0.001538,74.125.130.0-255,2902,152525,70,265627
3938,0.00154,74.125.130.0-255,1484,154009,70,265627
3939,0.001543,172.31.40.0-255,66,154075,70,265627
3940,0.001566,74.125.130.0-255,5738,159813,70,265627
3941,0.001594,74.125.130.0-255,7156,166969,70,265627
3942,0.00161,172.31.40.0-255,66,167035,70,265627
3943,0.001614,74.125.130.0-255,1484,168519,70,265627
3944,0.001616,74.125.130.0-255,766,169285,70,265627
3945,0.001636,172.31.40.0-255,66,169351,70,265627
3946,0.001677,74.125.130.0-255,1484,170835,70,265627
3947,0.001681,74.125.130.0-255,1484,172319,70,265627
3948,0.001691,172.31.40.0-255,66,172385,70,265627
3949,0.001708,74.125.130.0-255,2902,175287,70,265627
3950,0.001719,74.125.130.0-255,5738,181025,70,265627
3951,0.001739,172.31.40.0-255,66,181091,70,265627
3952,0.001747,74.125.130.0-255,1484,182575,70,265627
3953,0.001767,74.125.130.0-255,4320,186895,70,265627
3954,0.001781,74.125.130.0-255,1484,188379,70,265627
3955,0.001789,172.31.40.0-255,66,188445,70,265627
3956,0.001823,74.125.130.0-255,8574,197019,70,265627
3957,0.001827,74.125.130.0-255,1484,198503,70,265627
3958,0.001834,172.31.40.0-255,66,198569,70,265627
3959,0.001844,74.125.130.0-255,2902,201471,70,265627
3960,0.001847,74.125.130.0-255,2184,203655,70,265627
3961,0.001875,172.31.40.0-255,66,203721,70,265627
3962,0.002059,74.125.130.0-255,1484,205205,70,265627
3963,0.002073,74.125.130.0-255,2902,208107,70,265627
3964,0.002079,172.31.40.0-255,66,208173,70,265627
3965,0.002089,74.125.130.0-255,2902,211075,70,265627
3966,0.002116,74.125.130.0-255,2902,213977,70,265627
3967,0.002123,74.125.130.0-255,7156,221133,70,265627
3968,0.00214,172.31.40.0-255,66,221199,70,265627
3969,0.002156,74.125.130.0-255,1484,222683,70,265627
3970,0.002176,74.125.130.0-255,5738,228421,70,265627
3971,0.002185,172.31.40.0-255,66,228487,70,265627
3972,0.002199,74.125.130.0-255,7156,235643,70,265627
3973,0.00223,74.125.130.0-255,2184,237827,70,265627
3974,0.002244,172.31.40.0-255,66,237893,70,265627
3975,0.002389,74.125.130.0-255,1484,239377,70,265627
3976,0.002409,74.125.130.0-255,2902,242279,70,265627
3977,0.002412,172.31.40.0-255,66,242345,70,265627
3978,0.002445,74.125.130.0-255,5738,248083,70,265627
3979,0.002481,172.31.40.0-255,66,248149,70,265627
3980,0.009511,172.31.40.0-255,66,248215,70,265627
3981,0.012124,74.125.130.0-255,5738,253953,70,265627
3982,0.012133,172.31.40.0-255,66,254019,70,265627
3983,0.014751,74.125.130.0-255,5738,259757,70,265627
3984,0.01476,172.31.40.0-255,66,259823,70,265627
3985,0.017484,74.125.130.0-255,5738,265561,70,265627
3986,0.017495,172.31.40.0-255,66,265627,70,265627
3987,0.0,74.125.68.0-255,150,150,70,365350
3988,1.5e-05,172.31.40.0-255,66,216,70,365350
3989,2.3e-05,74.125.68.0-255,1484,1700,70,365350
3990,2.7e-05,172.31.40.0-255,66,1766,70,365350
3991,3.3e-05,74.125.68.0-255,2902,4668,70,365350
3992,3.6e-05,172.31.40.0-255,66,4734,70,365350
3993,4.2e-05,74.125.68.0-255,4320,9054,70,365350
3994,4.4e-05,172.31.40.0-255,66,9120,70,365350
3995,7.8e-05,74.125.68.0-255,4320,13440,70,365350
3996,8.1e-05,172.31.40.0-255,66,13506,70,365350
3997,0.000104,74.125.68.0-255,4952,18458,70,365350
3998,0.000107,172.31.40.0-255,66,18524,70,365350
3999,0.000115,74.125.68.0-255,8574,27098,70,365350
4000,0.000117,172.31.40.0-255,66,27164,70,365350
4001,0.000136,74.125.68.0-255,1484,28648,70,365350
4002,0.000138,172.31.40.0-255,66,28714,70,365350
4003,0.000143,74.125.68.0-255,2543,31257,70,365350
4004,0.000145,172.31.40.0-255,66,31323,70,365350
4005,0.000247,74.125.68.0-255,1484,32807,70,365350
4006,0.000251,172.31.40.0-255,66,32873,70,365350
4007,0.000256,74.125.68.0-255,2902,35775,70,365350
4008,0.000258,172.31.40.0-255,66,35841,70,365350
4009,0.000266,74.125.68.0-255,5738,41579,70,365350
4010,0.000269,172.31.40.0-255,66,41645,70,365350
4011,0.000284,74.125.68.0-255,2902,44547,70,365350
4012,0.000286,172.31.40.0-255,66,44613,70,365350
4013,0.000293,74.125.68.0-255,3961,48574,70,365350
4014,0.000295,172.31.40.0-255,66,48640,70,365350
4015,0.000346,74.125.68.0-255,5738,54378,70,365350
4016,0.00035,172.31.40.0-255,66,54444,70,365350
4017,0.000366,74.125.68.0-255,2902,57346,70,365350
4018,0.000368,172.31.40.0-255,66,57412,70,365350
4019,0.000372,74.125.68.0-255,2902,60314,70,365350
4020,0.000374,172.31.40.0-255,66,60380,70,365350
4021,0.000393,74.125.68.0-255,5693,66073,70,365350
4022,0.000395,172.31.40.0-255,66,66139,70,365350
4023,0.000414,74.125.68.0-255,375,66514,70,365350
4024,0.000625,74.125.68.0-255,1484,67998,70,365350
4025,0.00063,172.31.40.0-255,66,68064,70,365350
4026,0.000635,74.125.68.0-255,1484,69548,70,365350
4027,0.000662,74.125.68.0-255,2902,72450,70,365350
4028,0.000665,172.31.40.0-255,66,72516,70,365350
4029,0.000684,74.125.68.0-255,4320,76836,70,365350
4030,0.000686,172.31.40.0-255,66,76902,70,365350
4031,0.000698,74.125.68.0-255,1484,78386,70,365350
4032,0.000722,74.125.68.0-255,4320,82706,70,365350
4033,0.000725,172.31.40.0-255,66,82772,70,365350
4034,0.000745,74.125.68.0-255,2902,85674,70,365350
4035,0.00075,74.125.68.0-255,5738,91412,70,365350
4036,0.000761,172.31.40.0-255,66,91478,70,365350
4037,0.000765,172.31.40.0-255,66,91544,70,365350
4038,0.000771,74.125.68.0-255,5738,97282,70,365350
4039,0.000773,172.31.40.0-255,66,97348,70,365350
4040,0.0008,74.125.68.0-255,1484,98832,70,365350
4041,0.000805,74.125.68.0-255,2184,101016,70,365350
4042,0.000807,172.31.40.0-255,66,101082,70,365350
4043,0.000951,74.125.68.0-255,1484,102566,70,365350
4044,0.000955,74.125.68.0-255,1484,104050,70,365350
4045,0.000958,172.31.40.0-255,66,104116,70,365350
4046,0.000977,74.125.68.0-255,1484,105600,70,365350
4047,0.000982,74.125.68.0-255,4320,109920,70,365350
4048,0.000985,172.31.40.0-255,66,109986,70,365350
4049,0.000997,74.125.68.0-255,1484,111470,70,365350
4050,0.001002,74.125.68.0-255,2902,114372,70,365350
4051,0.001004,172.31.40.0-255,66,114438,70,365350
4052,0.001018,74.125.68.0-255,2902,117340,70,365350
4053,0.001021,172.31.40.0-255,66,117406,70,365350
4054,0.00104,74.125.68.0-255,7156,124562,70,365350
4055,0.001043,172.31.40.0-255,66,124628,70,365350
4056,0.001051,74.125.68.0-255,7156,131784,70,365350
4057,0.001053,172.31.40.0-255,66,131850,70,365350
4058,0.00107,74.125.68.0-255,2902,134752,70,365350
4059,0.001074,172.31.40.0-255,66,134818,70,365350
4060,0.001088,74.125.68.0-255,766,135584,70,365350
4061,0.001243,74.125.68.0-255,1484,137068,70,365350
4062,0.001247,172.31.40.0-255,66,137134,70,365350
4063,0.001251,74.125.68.0-255,1484,138618,70,365350
4064,0.001266,74.125.68.0-255,1484,140102,70,365350
4065,0.001268,172.31.40.0-255,66,140168,70,365350
4066,0.001275,74.125.68.0-255,5738,145906,70,365350
4067,0.001277,172.31.40.0-255,66,145972,70,365350
4068,0.001305,74.125.68.0-255,8574,154546,70,365350
4069,0.001308,172.31.40.0-255,66,154612,70,365350
4070,0.001335,74.125.68.0-255,9992,164604,70,365350
4071,0.001338,172.31.40.0-255,66,164670,70,365350
4072,0.001343,74.125.68.0-255,2902,167572,70,365350
4073,0.001345,172.31.40.0-255,66,167638,70,365350
4074,0.001374,74.125.68.0-255,2184,169822,70,365350
4075,0.001377,172.31.40.0-255,66,169888,70,365350
4076,0.001418,74.125.68.0-255,1484,171372,70,365350
4077,0.001438,74.125.68.0-255,2902,174274,70,365350
4078,0.001441,172.31.40.0-255,66,174340,70,365350
4079,0.001447,74.125.68.0-255,4320,178660,70,365350
4080,0.001449,172.31.40.0-255,66,178726,70,365350
4081,0.00146,74.125.68.0-255,1484,180210,70,365350
4082,0.001483,74.125.68.0-255,4320,184530,70,365350
4083,0.001485,172.31.40.0-255,66,184596,70,365350
4084,0.001488,74.125.68.0-255,1484,186080,70,365350
4085,0.001511,74.125.68.0-255,9992,196072,70,365350
4086,0.001513,172.31.40.0-255,66,196138,70,365350
4087,0.001518,74.125.68.0-255,2902,199040,70,365350
4088,0.00152,172.31.40.0-255,66,199106,70,365350
4089,0.001523,74.125.68.0-255,1484,200590,70,365350
4090,0.001538,74.125.68.0-255,2902,203492,70,365350
4091,0.001541,172.31.40.0-255,66,203558,70,365350
4092,0.001543,74.125.68.0-255,766,204324,70,365350
4093,0.001567,74.125.68.0-255,1484,205808,70,365350
4094,0.00157,172.31.40.0-255,66,205874,70,365350
4095,0.001596,74.125.68.0-255,4320,210194,70,365350
4096,0.0016,172.31.40.0-255,66,210260,70,365350
4097,0.001604,74.125.68.0-255,2902,213162,70,365350
4098,0.001606,172.31.40.0-255,66,213228,70,365350
4099,0.001622,74.125.68.0-255,4320,217548,70,365350
4100,0.001625,172.31.40.0-255,66,217614,70,365350
4101,0.001658,74.125.68.0-255,5738,223352,70,365350
4102,0.001661,172.31.40.0-255,66,223418,70,365350
4103,0.001679,74.125.68.0-255,2902,226320,70,365350
4104,0.001682,172.31.40.0-255,66,226386,70,365350
4105,0.001695,74.125.68.0-255,2902,229288,70,365350
4106,0.001698,172.31.40.0-255,66,229354,70,365350
4107,0.001722,74.125.68.0-255,7156,236510,70,365350
4108,0.001725,172.31.40.0-255,66,236576,70,365350
4109,0.001729,74.125.68.0-255,2184,238760,70,365350
4110,0.001731,172.31.40.0-255,66,238826,70,365350
4111,0.001863,74.125.68.0-255,1484,240310,70,365350
4112,0.001883,74.125.68.0-255,2902,243212,70,365350
4113,0.001887,172.31.40.0-255,66,243278,70,365350
4114,0.001909,74.125.68.0-255,5738,249016,70,365350
4115,0.001912,172.31.40.0-255,66,249082,70,365350
4116,0.001922,74.125.68.0-255,4320,253402,70,365350
4117,0.001924,172.31.40.0-255,66,253468,70,365350
4118,0.00193,74.125.68.0-255,5738,259206,70,365350
4119,0.001933,172.31.40.0-255,66,259272,70,365350
4120,0.00196,74.125.68.0-255,4320,263592,70,365350
4121,0.001963,172.31.40.0-255,66,263658,70,365350
4122,0.00199,74.125.68.0-255,7156,270814,70,365350
4123,0.001993,172.31.40.0-255,66,270880,70,365350
4124,0.001997,74.125.68.0-255,2184,273064,70,365350
4125,0.001999,172.31.40.0-255,66,273130,70,365350
4126,0.002054,74.125.68.0-255,1484,274614,70,365350
4127,0.002058,74.125.68.0-255,1484,276098,70,365350
4128,0.002061,172.31.40.0-255,66,276164,70,365350
4129,0.00208,74.125.68.0-255,1484,277648,70,365350
4130,0.002084,74.125.68.0-255,1484,279132,70,365350
4131,0.002086,172.31.40.0-255,66,279198,70,365350
4132,0.00209,74.125.68.0-255,2902,282100,70,365350
4133,0.002093,172.31.40.0-255,66,282166,70,365350
4134,0.002095,74.125.68.0-255,1484,283650,70,365350
4135,0.002115,74.125.68.0-255,4320,287970,70,365350
4136,0.002118,172.31.40.0-255,66,288036,70,365350
4137,0.002123,74.125.68.0-255,4320,292356,70,365350
4138,0.002125,172.31.40.0-255,66,292422,70,365350
4139,0.002131,74.125.68.0-255,4320,296742,70,365350
4140,0.002133,172.31.40.0-255,66,296808,70,365350
4141,0.002149,74.125.68.0-255,1484,298292,70,365350
4142,0.002175,74.125.68.0-255,2902,301194,70,365350
4143,0.002178,172.31.40.0-255,66,301260,70,365350
4144,0.002202,74.125.68.0-255,6438,307698,70,365350
4145,0.002206,172.31.40.0-255,66,307764,70,365350
4146,0.002244,74.125.68.0-255,7156,314920,70,365350
4147,0.002247,172.31.40.0-255,66,314986,70,365350
4148,0.002253,74.125.68.0-255,5738,320724,70,365350
4149,0.002255,172.31.40.0-255,66,320790,70,365350
4150,0.002268,74.125.68.0-255,2902,323692,70,365350
4151,0.00227,172.31.40.0-255,66,323758,70,365350
4152,0.002275,74.125.68.0-255,4320,328078,70,365350
4153,0.002278,172.31.40.0-255,66,328144,70,365350
4154,0.002303,74.125.68.0-255,2902,331046,70,365350
4155,0.002306,172.31.40.0-255,66,331112,70,365350
4156,0.002314,74.125.68.0-255,8574,339686,70,365350
4157,0.002316,172.31.40.0-255,66,339752,70,365350
4158,0.00232,74.125.68.0-255,2184,341936,70,365350
4159,0.002346,172.31.40.0-255,66,342002,70,365350
4160,0.004606,74.125.68.0-255,2902,344904,70,365350
4161,0.004645,74.125.68.0-255,2902,347806,70,365350
4162,0.010862,172.31.40.0-255,66,347872,70,365350
4163,0.012092,74.125.68.0-255,1484,349356,70,365350
4164,0.013172,74.125.68.0-255,4320,353676,70,365350
4165,0.013178,172.31.40.0-255,66,353742,70,365350
4166,0.015486,74.125.68.0-255,5738,359480,70,365350
4167,0.015493,172.31.40.0-255,66,359546,70,365350
4168,0.017812,74.125.68.0-255,5738,365284,70,365350
4169,0.017829,172.31.40.0-255,66,365350,70,365350
4170,0.0,74.125.68.0-255,150,150,70,339358
4171,2.2e-05,172.31.40.0-255,66,216,70,339358
4172,3e-05,74.125.68.0-255,1484,1700,70,339358
4173,3.4e-05,172.31.40.0-255,66,1766,70,339358
4174,3.7e-05,74.125.68.0-255,1484,3250,70,339358
4175,5e-05,172.31.40.0-255,66,3316,70,339358
4176,5.7e-05,74.125.68.0-255,2902,6218,70,339358
4177,6e-05,172.31.40.0-255,66,6284,70,339358
4178,7.8e-05,74.125.68.0-255,1484,7768,70,339358
4179,8.5e-05,172.31.40.0-255,66,7834,70,339358
4180,9.1e-05,74.125.68.0-255,2902,10736,70,339358
4181,9.4e-05,172.31.40.0-255,66,10802,70,339358
4182,0.00012,74.125.68.0-255,5738,16540,70,339358
4183,0.000123,172.31.40.0-255,66,16606,70,339358
4184,0.000158,74.125.68.0-255,605,17211,70,339358
4185,0.000161,172.31.40.0-255,66,17277,70,339358
4186,0.00017,74.125.68.0-255,7156,24433,70,339358
4187,0.000172,172.31.40.0-255,66,24499,70,339358
4188,0.000179,74.125.68.0-255,6797,31296,70,339358
4189,0.000181,172.31.40.0-255,66,31362,70,339358
4190,0.000289,74.125.68.0-255,1484,32846,70,339358
4191,0.000293,172.31.40.0-255,66,32912,70,339358
4192,0.000298,74.125.68.0-255,2902,35814,70,339358
4193,0.0003,172.31.40.0-255,66,35880,70,339358
4194,0.000304,74.125.68.0-255,1484,37364,70,339358
4195,0.000311,172.31.40.0-255,66,37430,70,339358
4196,0.000344,74.125.68.0-255,4320,41750,70,339358
4197,0.000347,172.31.40.0-255,66,41816,70,339358
4198,0.000352,74.125.68.0-255,2902,44718,70,339358
4199,0.000354,172.31.40.0-255,66,44784,70,339358
4200,0.00036,74.125.68.0-255,5738,50522,70,339358
4201,0.000363,172.31.40.0-255,66,50588,70,339358
4202,0.0004,74.125.68.0-255,5379,55967,70,339358
4203,0.000408,74.125.68.0-255,5738,61705,70,339358
4204,0.000422,74.125.68.0-255,4232,65937,70,339358
4205,0.000494,74.125.68.0-255,383,66320,70,339358
4206,0.000541,172.31.40.0-255,66,66386,70,339358
4207,0.000662,74.125.68.0-255,1484,67870,70,339358
4208,0.000667,74.125.68.0-255,1484,69354,70,339358
4209,0.000671,172.31.40.0-255,66,69420,70,339358
4210,0.00068,74.125.68.0-255,1484,70904,70,339358
4211,0.00069,74.125.68.0-255,4320,75224,70,339358
4212,0.000703,74.125.68.0-255,1484,76708,70,339358
4213,0.00072,172.31.40.0-255,66,76774,70,339358
4214,0.000733,74.125.68.0-255,4320,81094,70,339358
4215,0.00075,74.125.68.0-255,5738,86832,70,339358
4216,0.000766,172.31.40.0-255,66,86898,70,339358
4217,0.000773,74.125.68.0-255,1125,88023,70,339358
4218,0.00079,74.125.68.0-255,1125,89148,70,339358
4219,0.000827,172.31.40.0-255,66,89214,70,339358
4220,0.001038,74.125.68.0-255,1484,90698,70,339358
4221,0.001046,74.125.68.0-255,2902,93600,70,339358
4222,0.001075,74.125.68.0-255,5738,99338,70,339358
4223,0.001086,172.31.40.0-255,66,99404,70,339358
4224,0.001098,74.125.68.0-255,5738,105142,70,339358
4225,0.001101,74.125.68.0-255,1484,106626,70,339358
4226,0.00111,172.31.40.0-255,66,106692,70,339358
4227,0.001133,74.125.68.0-255,5738,112430,70,339358
4228,0.001147,74.125.68.0-255,4320,116750,70,339358
4229,0.001165,74.125.68.0-255,5738,122488,70,339358
4230,0.001171,172.31.40.0-255,66,122554,70,339358
4231,0.001178,74.125.68.0-255,766,123320,70,339358
4232,0.001567,74.125.68.0-255,1484,124804,70,339358
4233,0.001572,172.31.40.0-255,66,124870,70,339358
4234,0.001592,74.125.68.0-255,2902,127772,70,339358
4235,0.001599,74.125.68.0-255,4320,132092,70,339358
4236,0.001612,74.125.68.0-255,1484,133576,70,339358
4237,0.00162,172.31.40.0-255,66,133642,70,339358
4238,0.001632,74.125.68.0-255,7156,140798,70,339358
4239,0.001639,74.125.68.0-255,7156,147954,70,339358
4240,0.001654,74.125.68.0-255,2902,150856,70,339358
4241,0.001658,172.31.40.0-255,66,150922,70,339358
4242,0.001671,74.125.68.0-255,5738,156660,70,339358
4243,0.001689,172.31.40.0-255,66,156726,70,339358
4244,0.001713,74.125.68.0-255,6438,163164,70,339358
4245,0.00172,74.125.68.0-255,7156,170320,70,339358
4246,0.001737,172.31.40.0-255,66,170386,70,339358
4247,0.001751,74.125.68.0-255,8574,178960,70,339358
4248,0.001769,74.125.68.0-255,4320,183280,70,339358
4249,0.001789,74.125.68.0-255,2902,186182,70,339358
4250,0.001795,172.31.40.0-255,66,186248,70,339358
4251,0.001826,74.125.68.0-255,5020,191268,70,339358
4252,0.001837,172.31.40.0-255,66,191334,70,339358
4253,0.001867,74.125.68.0-255,1484,192818,70,339358
4254,0.001879,74.125.68.0-255,1484,194302,70,339358
4255,0.001893,74.125.68.0-255,1484,195786,70,339358
4256,0.001898,74.125.68.0-255,2902,198688,70,339358
4257,0.001901,172.31.40.0-255,66,198754,70,339358
4258,0.00191,74.125.68.0-255,1484,200238,70,339358
4259,0.001914,172.31.40.0-255,66,200304,70,339358
4260,0.001942,74.125.68.0-255,2902,203206,70,339358
4261,0.001951,74.125.68.0-255,8574,211780,70,339358
4262,0.001964,172.31.40.0-255,66,211846,70,339358
4263,0.001975,74.125.68.0-255,5738,217584,70,339358
4264,0.00198,172.31.40.0-255,66,217650,70,339358
4265,0.001997,74.125.68.0-255,4320,221970,70,339358
4266,0.002029,74.125.68.0-255,3602,225572,70,339358
4267,0.002036,74.125.68.0-255,4320,229892,70,339358
4268,0.00204,74.125.68.0-255,2902,232794,70,339358
4269,0.002065,74.125.68.0-255,4320,237114,70,339358
4270,0.00207,172.31.40.0-255,66,237180,70,339358
4271,0.002109,74.125.68.0-255,7156,244336,70,339358
4272,0.002113,74.125.68.0-255,1484,245820,70,339358
4273,0.002142,74.125.68.0-255,7156,252976,70,339358
4274,0.002147,74.125.68.0-255,2902,255878,70,339358
4275,0.002164,74.125.68.0-255,3602,259480,70,339358
4276,0.002198,74.125.68.0-255,7156,266636,70,339358
4277,0.002204,74.125.68.0-255,4320,270956,70,339358
4278,0.002221,74.125.68.0-255,2902,273858,70,339358
4279,0.002229,74.125.68.0-255,8574,282432,70,339358
4280,0.002285,74.125.68.0-255,10692,293124,70,339358
4281,0.002306,74.125.68.0-255,8574,301698,70,339358
4282,0.002323,74.125.68.0-255,2902,304600,70,339358
4283,0.002327,74.125.68.0-255,4320,308920,70,339358
4284,0.002354,74.125.68.0-255,7156,316076,70,339358
4285,0.008064,172.31.40.0-255,66,316142,70,339358
4286,0.01038,74.125.68.0-255,5738,321880,70,339358
4287,0.010387,172.31.40.0-255,66,321946,70,339358
4288,0.012689,74.125.68.0-255,5738,327684,70,339358
4289,0.012696,172.31.40.0-255,66,327750,70,339358
4290,0.015002,74.125.68.0-255,5738,333488,70,339358
4291,0.01701,172.31.40.0-255,66,333554,70,339358
4292,0.019316,74.125.68.0-255,5738,339292,70,339358
4293,0.019325,172.31.40.0-255,66,339358,70,339358
4294,0.0,172.217.160.0-255,219,219,70,279517
4295,1.7e-05,172.31.40.0-255,66,285,70,279517
4296,2.4e-05,172.217.160.0-255,1484,1769,70,279517
4297,2.8e-05,172.31.40.0-255,66,1835,70,279517
4298,3.3e-05,172.217.160.0-255,4320,6155,70,279517
4299,3.8e-05,172.31.40.0-255,66,6221,70,279517
4300,4.5e-05,172.217.160.0-255,5738,11959,70,279517
4301,4.8e-05,172.31.40.0-255,66,12025,70,279517
4302,7.4e-05,172.217.160.0-255,7156,19181,70,279517
4303,7.7e-05,172.31.40.0-255,66,19247,70,279517
4304,9.6e-05,172.217.160.0-255,4676,23923,70,279517
4305,9.9e-05,172.31.40.0-255,66,23989,70,279517
4306,0.000106,172.217.160.0-255,5738,29727,70,279517
4307,0.000108,172.31.40.0-255,66,29793,70,279517
4308,0.000127,172.217.160.0-255,1125,30918,70,279517
4309,0.000129,172.31.40.0-255,66,30984,70,279517
4310,0.000199,172.217.160.0-255,1484,32468,70,279517
4311,0.000203,172.31.40.0-255,66,32534,70,279517
4312,0.000208,172.217.160.0-255,2902,35436,70,279517
4313,0.00021,172.31.40.0-255,66,35502,70,279517
4314,0.000228,172.217.160.0-255,5738,41240,70,279517
4315,0.000231,172.31.40.0-255,66,41306,70,279517
4316,0.000255,172.217.160.0-255,4320,45626,70,279517
4317,0.000258,172.31.40.0-255,66,45692,70,279517
4318,0.000293,172.217.160.0-255,9633,55325,70,279517
4319,0.000297,172.31.40.0-255,66,55391,70,279517
4320,0.000306,172.217.160.0-255,9917,65308,70,279517
4321,0.000308,172.31.40.0-255,66,65374,70,279517
4322,0.000581,172.217.160.0-255,102,65476,70,279517
4323,0.000587,172.31.40.0-255,66,65542,70,279517
4324,0.000753,172.217.160.0-255,1484,67026,70,279517
4325,0.000757,172.31.40.0-255,66,67092,70,279517
4326,0.000764,172.217.160.0-255,2902,69994,70,279517
4327,0.000767,172.31.40.0-255,66,70060,70,279517
4328,0.000773,172.217.160.0-255,5738,75798,70,279517
4329,0.000776,172.31.40.0-255,66,75864,70,279517
4330,0.000779,172.217.160.0-255,1484,77348,70,279517
4331,0.000803,172.217.160.0-255,8574,85922,70,279517
4332,0.000806,172.31.40.0-255,66,85988,70,279517
4333,0.00082,172.217.160.0-255,3961,89949,70,279517
4334,0.000822,172.31.40.0-255,66,90015,70,279517
4335,0.000902,172.217.160.0-255,2902,92917,70,279517
4336,0.000906,172.31.40.0-255,66,92983,70,279517
4337,0.000923,172.217.160.0-255,7074,100057,70,279517
4338,0.000927,172.31.40.0-255,66,100123,70,279517
4339,0.000997,172.217.160.0-255,1484,101607,70,279517
4340,0.001016,172.217.160.0-255,2902,104509,70,279517
4341,0.001019,172.31.40.0-255,66,104575,70,279517
4342,0.001024,172.217.160.0-255,2902,107477,70,279517
4343,0.001026,172.31.40.0-255,66,107543,70,279517
4344,0.001042,172.217.160.0-255,2902,110445,70,279517
4345,0.001044,172.31.40.0-255,66,110511,70,279517
4346,0.001052,172.217.160.0-255,7156,117667,70,279517
4347,0.001054,172.31.40.0-255,66,117733,70,279517
4348,0.00106,172.217.160.0-255,5738,123471,70,279517
4349,0.001064,172.31.40.0-255,66,123537,70,279517
4350,0.001095,172.217.160.0-255,8574,132111,70,279517
4351,0.001099,172.31.40.0-255,66,132177,70,279517
4352,0.001102,172.217.160.0-255,2184,134361,70,279517
4353,0.001105,172.31.40.0-255,66,134427,70,279517
4354,0.001166,172.217.160.0-255,4320,138747,70,279517
4355,0.00117,172.31.40.0-255,66,138813,70,279517
4356,0.001178,172.31.40.0-255,66,138879,70,279517
4357,0.001186,172.217.160.0-255,8574,147453,70,279517
4358,0.001188,172.31.40.0-255,66,147519,70,279517
4359,0.001192,172.217.160.0-255,2902,150421,70,279517
4360,0.001194,172.31.40.0-255,66,150487,70,279517
4361,0.00123,172.217.160.0-255,6438,156925,70,279517
4362,0.001236,172.217.160.0-255,5738,162663,70,279517
4363,0.00124,172.31.40.0-255,66,162729,70,279517
4364,0.001243,172.31.40.0-255,66,162795,70,279517
4365,0.001256,172.217.160.0-255,4320,167115,70,279517
4366,0.001258,172.31.40.0-255,66,167181,70,279517
4367,0.001267,172.217.160.0-255,9992,177173,70,279517
4368,0.001269,172.31.40.0-255,66,177239,70,279517
4369,0.001293,172.217.160.0-255,4320,181559,70,279517
4370,0.001296,172.31.40.0-255,66,181625,70,279517
4371,0.001319,172.217.160.0-255,9274,190899,70,279517
4372,0.001322,172.31.40.0-255,66,190965,70,279517
4373,0.001619,172.217.160.0-255,1484,192449,70,279517
4374,0.001625,172.217.160.0-255,2902,195351,70,279517
4375,0.001628,172.31.40.0-255,66,195417,70,279517
4376,0.001634,172.217.160.0-255,5738,201155,70,279517
4377,0.001637,172.31.40.0-255,66,201221,70,279517
4378,0.001688,172.217.160.0-255,2902,204123,70,279517
4379,0.001691,172.31.40.0-255,66,204189,70,279517
4380,0.001696,172.217.160.0-255,2902,207091,70,279517
4381,0.001697,172.31.40.0-255,66,207157,70,279517
4382,0.001713,172.217.160.0-255,1484,208641,70,279517
4383,0.00172,172.217.160.0-255,5738,214379,70,279517
4384,0.001722,172.31.40.0-255,66,214445,70,279517
4385,0.001738,172.217.160.0-255,2902,217347,70,279517
4386,0.00174,172.31.40.0-255,66,217413,70,279517
4387,0.001743,172.217.160.0-255,1484,218897,70,279517
4388,0.001771,172.217.160.0-255,6438,225335,70,279517
4389,0.001774,172.31.40.0-255,66,225401,70,279517
4390,0.003546,172.217.160.0-255,4320,229721,70,279517
4391,0.003553,172.31.40.0-255,66,229787,70,279517
4392,0.003571,172.217.160.0-255,1484,231271,70,279517
4393,0.005317,172.217.160.0-255,4320,235591,70,279517
4394,0.00532,172.31.40.0-255,66,235657,70,279517
4395,0.007092,172.217.160.0-255,5738,241395,70,279517
4396,0.007098,172.31.40.0-255,66,241461,70,279517
4397,0.008884,172.217.160.0-255,2902,244363,70,279517
4398,0.008891,172.31.40.0-255,66,244429,70,279517
4399,0.008911,172.217.160.0-255,2902,247331,70,279517
4400,0.008915,172.31.40.0-255,66,247397,70,279517
4401,0.010664,172.217.160.0-255,4320,251717,70,279517
4402,0.01067,172.31.40.0-255,66,251783,70,279517
4403,0.010689,172.217.160.0-255,1484,253267,70,279517
4404,0.012449,172.217.160.0-255,4320,257587,70,279517
4405,0.012456,172.31.40.0-255,66,257653,70,279517
4406,0.014233,172.217.160.0-255,4320,261973,70,279517
4407,0.014242,172.31.40.0-255,66,262039,70,279517
4408,0.014264,172.217.160.0-255,1484,263523,70,279517
4409,0.016026,172.217.160.0-255,4320,267843,70,279517
4410,0.016033,172.31.40.0-255,66,267909,70,279517
4411,0.017811,172.217.160.0-255,5738,273647,70,279517
4412,0.01782,172.31.40.0-255,66,273713,70,279517
4413,0.019592,172.217.160.0-255,5738,279451,70,279517
4414,0.0196,172.31.40.0-255,66,279517,70,279517
4415,0.0,172.217.194.0-255,152,152,70,257197
4416,1.4e-05,172.31.40.0-255,66,218,70,257197
4417,2.1e-05,172.217.194.0-255,1484,1702,70,257197
4418,2.6e-05,172.31.40.0-255,66,1768,70,257197
4419,5.6e-05,172.217.194.0-255,2902,4670,70,257197
4420,5.9e-05,172.31.40.0-255,66,4736,70,257197
4421,6.6e-05,172.217.194.0-255,5738,10474,70,257197
4422,6.9e-05,172.31.40.0-255,66,10540,70,257197
4423,9.4e-05,172.217.194.0-255,10637,21177,70,257197
4424,9.7e-05,172.31.40.0-255,66,21243,70,257197
4425,0.000102,172.217.194.0-255,4320,25563,70,257197
4426,0.000105,172.31.40.0-255,66,25629,70,257197
4427,0.000128,172.217.194.0-255,5379,31008,70,257197
4428,0.000131,172.31.40.0-255,66,31074,70,257197
4429,0.000162,172.217.194.0-255,1484,32558,70,257197
4430,0.000164,172.31.40.0-255,66,32624,70,257197
4431,0.000169,172.217.194.0-255,2902,35526,70,257197
4432,0.000171,172.31.40.0-255,66,35592,70,257197
4433,0.000184,172.217.194.0-255,2902,38494,70,257197
4434,0.000186,172.31.40.0-255,66,38560,70,257197
4435,0.000208,172.217.194.0-255,2902,41462,70,257197
4436,0.00021,172.31.40.0-255,66,41528,70,257197
4437,0.000217,172.217.194.0-255,5738,47266,70,257197
4438,0.000219,172.31.40.0-255,66,47332,70,257197
4439,0.000237,172.217.194.0-255,6797,54129,70,257197
4440,0.000239,172.31.40.0-255,66,54195,70,257197
4441,0.000258,172.217.194.0-255,1484,55679,70,257197
4442,0.00026,172.31.40.0-255,66,55745,70,257197
4443,0.00029,172.217.194.0-255,9918,65663,70,257197
4444,0.000293,172.31.40.0-255,66,65729,70,257197
4445,0.00031,172.217.194.0-255,371,66100,70,257197
4446,0.000312,172.31.40.0-255,66,66166,70,257197
4447,0.000435,172.217.194.0-255,1484,67650,70,257197
4448,0.000442,172.217.194.0-255,2902,70552,70,257197
4449,0.000446,172.31.40.0-255,66,70618,70,257197
4450,0.00045,172.217.194.0-255,2902,73520,70,257197
4451,0.000453,172.31.40.0-255,66,73586,70,257197
4452,0.000466,172.217.194.0-255,2902,76488,70,257197
4453,0.000468,172.31.40.0-255,66,76554,70,257197
4454,0.000476,172.217.194.0-255,6797,83351,70,257197
4455,0.000478,172.31.40.0-255,66,83417,70,257197
4456,0.000509,172.217.194.0-255,9992,93409,70,257197
4457,0.000512,172.31.40.0-255,66,93475,70,257197
4458,0.000531,172.217.194.0-255,4320,97795,70,257197
4459,0.000534,172.31.40.0-255,66,97861,70,257197
4460,0.000538,172.217.194.0-255,2543,100404,70,257197
4461,0.00054,172.31.40.0-255,66,100470,70,257197
4462,0.000587,172.217.194.0-255,1484,101954,70,257197
4463,0.000606,172.217.194.0-255,2902,104856,70,257197
4464,0.000609,172.31.40.0-255,66,104922,70,257197
4465,0.000616,172.217.194.0-255,5738,110660,70,257197
4466,0.000619,172.31.40.0-255,66,110726,70,257197
4467,0.000624,172.217.194.0-255,5738,116464,70,257197
4468,0.000627,172.31.40.0-255,66,116530,70,257197
4469,0.000677,172.31.40.0-255,66,116596,70,257197
4470,0.000683,172.217.194.0-255,5020,121616,70,257197
4471,0.000685,172.31.40.0-255,66,121682,70,257197
4472,0.000725,172.217.194.0-255,1484,123166,70,257197
4473,0.000743,172.217.194.0-255,2902,126068,70,257197
4474,0.000746,172.31.40.0-255,66,126134,70,257197
4475,0.000752,172.217.194.0-255,5738,131872,70,257197
4476,0.000755,172.31.40.0-255,66,131938,70,257197
4477,0.000805,172.31.40.0-255,66,132004,70,257197
4478,0.000815,172.217.194.0-255,9992,141996,70,257197
4479,0.000817,172.31.40.0-255,66,142062,70,257197
4480,0.00082,172.217.194.0-255,766,142828,70,257197
4481,0.001064,172.217.194.0-255,1484,144312,70,257197
4482,0.001069,172.31.40.0-255,66,144378,70,257197
4483,0.001089,172.217.194.0-255,2902,147280,70,257197
4484,0.001092,172.31.40.0-255,66,147346,70,257197
4485,0.001098,172.217.194.0-255,4320,151666,70,257197
4486,0.0011,172.31.40.0-255,66,151732,70,257197
4487,0.001111,172.217.194.0-255,1484,153216,70,257197
4488,0.001129,172.217.194.0-255,2902,156118,70,257197
4489,0.001132,172.31.40.0-255,66,156184,70,257197
4490,0.001159,172.217.194.0-255,9992,166176,70,257197
4491,0.001162,172.31.40.0-255,66,166242,70,257197
4492,0.001173,172.217.194.0-255,10692,176934,70,257197
4493,0.001175,172.31.40.0-255,66,177000,70,257197
4494,0.001183,172.217.194.0-255,8574,185574,70,257197
4495,0.001185,172.31.40.0-255,66,185640,70,257197
4496,0.001207,172.217.194.0-255,2902,188542,70,257197
4497,0.001209,172.31.40.0-255,66,188608,70,257197
4498,0.001212,172.217.194.0-255,1484,190092,70,257197
4499,0.001227,172.31.40.0-255,66,190158,70,257197
4500,0.001242,172.217.194.0-255,1484,191642,70,257197
4501,0.00125,172.217.194.0-255,6438,198080,70,257197
4502,0.001253,172.31.40.0-255,66,198146,70,257197
4503,0.00128,172.217.194.0-255,1484,199630,70,257197
4504,0.001296,172.217.194.0-255,2902,202532,70,257197
4505,0.001299,172.31.40.0-255,66,202598,70,257197
4506,0.001306,172.217.194.0-255,5738,208336,70,257197
4507,0.001309,172.31.40.0-255,66,208402,70,257197
4508,0.00136,172.31.40.0-255,66,208468,70,257197
4509,0.001369,172.217.194.0-255,9992,218460,70,257197
4510,0.001371,172.31.40.0-255,66,218526,70,257197
4511,0.001374,172.217.194.0-255,766,219292,70,257197
4512,0.001424,172.217.194.0-255,1484,220776,70,257197
4513,0.001428,172.31.40.0-255,66,220842,70,257197
4514,0.001448,172.217.194.0-255,2902,223744,70,257197
4515,0.001451,172.31.40.0-255,66,223810,70,257197
4516,0.001455,172.217.194.0-255,2902,226712,70,257197
4517,0.001458,172.31.40.0-255,66,226778,70,257197
4518,0.001475,172.217.194.0-255,2902,229680,70,257197
4519,0.001478,172.31.40.0-255,66,229746,70,257197
4520,0.001492,172.31.40.0-255,66,229812,70,257197
4521,0.001536,172.217.194.0-255,8574,238386,70,257197
4522,0.001538,172.31.40.0-255,66,238452,70,257197
4523,0.001551,172.217.194.0-255,2184,240636,70,257197
4524,0.001554,172.31.40.0-255,66,240702,70,257197
4525,0.001567,172.31.40.0-255,66,240768,70,257197
4526,0.001596,172.217.194.0-255,4320,245088,70,257197
4527,0.001599,172.31.40.0-255,66,245154,70,257197
4528,0.001617,172.31.40.0-255,66,245220,70,257197
4529,0.001634,172.31.40.0-255,66,245286,70,257197
4530,0.001655,172.217.194.0-255,1484,246770,70,257197
4531,0.001696,172.31.40.0-255,66,246836,70,257197
4532,0.001704,172.217.194.0-255,8574,255410,70,257197
4533,0.001707,172.31.40.0-255,66,255476,70,257197
4534,0.001724,172.217.194.0-255,1379,256855,70,257197
4535,0.001727,172.217.194.0-255,105,256960,70,257197
4536,0.008523,172.31.40.0-255,66,257026,70,257197
4537,0.00857,172.31.40.0-255,105,257131,70,257197
4538,0.010776,172.217.194.0-255,66,257197,70,257197
4539,0.0,74.125.24.0-255,150,150,70,276167
4540,2.1e-05,172.31.40.0-255,66,216,70,276167
4541,2.7e-05,74.125.24.0-255,1484,1700,70,276167
4542,3.1e-05,172.31.40.0-255,66,1766,70,276167
4543,3.7e-05,74.125.24.0-255,2902,4668,70,276167
4544,4e-05,172.31.40.0-255,66,4734,70,276167
4545,4.6e-05,74.125.24.0-255,5738,10472,70,276167
4546,4.8e-05,172.31.40.0-255,66,10538,70,276167
4547,7.5e-05,74.125.24.0-255,1484,12022,70,276167
4548,7.8e-05,172.31.40.0-255,66,12088,70,276167
4549,0.0001,74.125.24.0-255,2076,14164,70,276167
4550,0.000102,172.31.40.0-255,66,14230,70,276167
4551,0.000239,74.125.24.0-255,1484,15714,70,276167
4552,0.000245,172.31.40.0-255,66,15780,70,276167
4553,0.00025,74.125.24.0-255,2902,18682,70,276167
4554,0.000252,172.31.40.0-255,66,18748,70,276167
4555,0.000259,74.125.24.0-255,5738,24486,70,276167
4556,0.000261,172.31.40.0-255,66,24552,70,276167
4557,0.000303,172.31.40.0-255,66,24618,70,276167
4558,0.000315,172.31.40.0-255,66,24684,70,276167
4559,0.000351,74.125.24.0-255,4320,29004,70,276167
4560,0.000354,172.31.40.0-255,66,29070,70,276167
4561,0.000385,74.125.24.0-255,10692,39762,70,276167
4562,0.000388,172.31.40.0-255,66,39828,70,276167
4563,0.00039,74.125.24.0-255,365,40193,70,276167
4564,0.000392,172.31.40.0-255,66,40259,70,276167
4565,0.000425,74.125.24.0-255,128,40387,70,276167
4566,0.000428,172.31.40.0-255,66,40453,70,276167
4567,0.000509,74.125.24.0-255,1484,41937,70,276167
4568,0.000513,172.31.40.0-255,66,42003,70,276167
4569,0.000519,74.125.24.0-255,2902,44905,70,276167
4570,0.000522,172.31.40.0-255,66,44971,70,276167
4571,0.000526,74.125.24.0-255,2902,47873,70,276167
4572,0.000529,172.31.40.0-255,66,47939,70,276167
4573,0.00055,74.125.24.0-255,2902,50841,70,276167
4574,0.000552,172.31.40.0-255,66,50907,70,276167
4575,0.00056,74.125.24.0-255,8574,59481,70,276167
4576,0.000562,172.31.40.0-255,66,59547,70,276167
4577,0.000585,74.125.24.0-255,2902,62449,70,276167
4578,0.000588,172.31.40.0-255,66,62515,70,276167
4579,0.000612,74.125.24.0-255,7156,69671,70,276167
4580,0.000615,172.31.40.0-255,66,69737,70,276167
4581,0.000621,74.125.24.0-255,5020,74757,70,276167
4582,0.000623,172.31.40.0-255,66,74823,70,276167
4583,0.000692,74.125.24.0-255,350,75173,70,276167
4584,0.000727,74.125.24.0-255,1484,76657,70,276167
4585,0.000731,172.31.40.0-255,66,76723,70,276167
4586,0.000754,74.125.24.0-255,4320,81043,70,276167
4587,0.000757,172.31.40.0-255,66,81109,70,276167
4588,0.000764,74.125.24.0-255,7156,88265,70,276167
4589,0.000768,172.31.40.0-255,66,88331,70,276167
4590,0.000817,74.125.24.0-255,8574,96905,70,276167
4591,0.00082,172.31.40.0-255,66,96971,70,276167
4592,0.000833,172.31.40.0-255,66,97037,70,276167
4593,0.000894,74.125.24.0-255,1484,98521,70,276167
4594,0.0009,74.125.24.0-255,2902,101423,70,276167
4595,0.000902,172.31.40.0-255,66,101489,70,276167
4596,0.000906,74.125.24.0-255,1484,102973,70,276167
4597,0.000928,74.125.24.0-255,4320,107293,70,276167
4598,0.000931,172.31.40.0-255,66,107359,70,276167
4599,0.000936,74.125.24.0-255,2902,110261,70,276167
4600,0.000938,172.31.40.0-255,66,110327,70,276167
4601,0.000957,74.125.24.0-255,9992,120319,70,276167
4602,0.00096,172.31.40.0-255,66,120385,70,276167
4603,0.000969,74.125.24.0-255,7156,127541,70,276167
4604,0.000972,172.31.40.0-255,66,127607,70,276167
4605,0.000991,74.125.24.0-255,3602,131209,70,276167
4606,0.000995,172.31.40.0-255,66,131275,70,276167
4607,0.001379,74.125.24.0-255,1484,132759,70,276167
4608,0.001385,74.125.24.0-255,2902,135661,70,276167
4609,0.001391,172.31.40.0-255,66,135727,70,276167
4610,0.001414,74.125.24.0-255,5738,141465,70,276167
4611,0.001417,172.31.40.0-255,66,141531,70,276167
4612,0.001421,74.125.24.0-255,2902,144433,70,276167
4613,0.001423,172.31.40.0-255,66,144499,70,276167
4614,0.00144,74.125.24.0-255,4320,148819,70,276167
4615,0.001444,74.125.24.0-255,2902,151721,70,276167
4616,0.001447,172.31.40.0-255,66,151787,70,276167
4617,0.00145,172.31.40.0-255,66,151853,70,276167
4618,0.001488,172.31.40.0-255,66,151919,70,276167
4619,0.001492,74.125.24.0-255,2184,154103,70,276167
4620,0.001494,172.31.40.0-255,66,154169,70,276167
4621,0.0022,74.125.24.0-255,1484,155653,70,276167
4622,0.002208,74.125.24.0-255,2902,158555,70,276167
4623,0.002211,172.31.40.0-255,66,158621,70,276167
4624,0.002218,74.125.24.0-255,5738,164359,70,276167
4625,0.002221,172.31.40.0-255,66,164425,70,276167
4626,0.002225,74.125.24.0-255,2902,167327,70,276167
4627,0.002227,172.31.40.0-255,66,167393,70,276167
4628,0.002249,74.125.24.0-255,1484,168877,70,276167
4629,0.002257,74.125.24.0-255,7156,176033,70,276167
4630,0.002259,172.31.40.0-255,66,176099,70,276167
4631,0.002278,74.125.24.0-255,4320,180419,70,276167
4632,0.002281,172.31.40.0-255,66,180485,70,276167
4633,0.002287,74.125.24.0-255,5738,186223,70,276167
4634,0.002289,172.31.40.0-255,66,186289,70,276167
4635,0.002313,74.125.24.0-255,2184,188473,70,276167
4636,0.002316,172.31.40.0-255,66,188539,70,276167
4637,0.002324,74.125.24.0-255,8574,197113,70,276167
4638,0.002326,172.31.40.0-255,66,197179,70,276167
4639,0.002346,74.125.24.0-255,5738,202917,70,276167
4640,0.002349,172.31.40.0-255,66,202983,70,276167
4641,0.002385,74.125.24.0-255,9992,212975,70,276167
4642,0.002388,172.31.40.0-255,66,213041,70,276167
4643,0.002397,74.125.24.0-255,9274,222315,70,276167
4644,0.002399,172.31.40.0-255,66,222381,70,276167
4645,0.002567,74.125.24.0-255,1484,223865,70,276167
4646,0.002582,74.125.24.0-255,2902,226767,70,276167
4647,0.002585,172.31.40.0-255,66,226833,70,276167
4648,0.002592,74.125.24.0-255,5738,232571,70,276167
4649,0.002594,172.31.40.0-255,66,232637,70,276167
4650,0.002627,74.125.24.0-255,8574,241211,70,276167
4651,0.002631,172.31.40.0-255,66,241277,70,276167
4652,0.002649,74.125.24.0-255,1484,242761,70,276167
4653,0.005251,74.125.24.0-255,4320,247081,70,276167
4654,0.005258,172.31.40.0-255,66,247147,70,276167
4655,0.007915,74.125.24.0-255,5738,252885,70,276167
4656,0.007921,172.31.40.0-255,66,252951,70,276167
4657,0.010524,74.125.24.0-255,5738,258689,70,276167
4658,0.01053,172.31.40.0-255,66,258755,70,276167
4659,0.01314,74.125.24.0-255,5738,264493,70,276167
4660,0.013148,172.31.40.0-255,66,264559,70,276167
4661,0.015763,74.125.24.0-255,5738,270297,70,276167
4662,0.015772,172.31.40.0-255,66,270363,70,276167
4663,0.018387,74.125.24.0-255,5738,276101,70,276167
4664,0.018394,172.31.40.0-255,66,276167,70,276167
4665,0.0,172.217.194.0-255,152,152,70,292518
4666,2.4e-05,172.31.40.0-255,66,218,70,292518
4667,3.1e-05,172.217.194.0-255,1484,1702,70,292518
4668,3.6e-05,172.31.40.0-255,66,1768,70,292518
4669,5e-05,172.217.194.0-255,2902,4670,70,292518
4670,5.4e-05,172.31.40.0-255,66,4736,70,292518
4671,6.1e-05,172.217.194.0-255,7156,11892,70,292518
4672,6.5e-05,172.31.40.0-255,66,11958,70,292518
4673,8.5e-05,172.217.194.0-255,2130,14088,70,292518
4674,8.8e-05,172.31.40.0-255,66,14154,70,292518
4675,0.000129,172.217.194.0-255,1484,15638,70,292518
4676,0.000132,172.31.40.0-255,66,15704,70,292518
4677,0.000137,172.217.194.0-255,2902,18606,70,292518
4678,0.000139,172.31.40.0-255,66,18672,70,292518
4679,0.000163,172.217.194.0-255,5738,24410,70,292518
4680,0.000166,172.31.40.0-255,66,24476,70,292518
4681,0.000194,172.217.194.0-255,6797,31273,70,292518
4682,0.000197,172.31.40.0-255,66,31339,70,292518
4683,0.000297,172.217.194.0-255,1484,32823,70,292518
4684,0.0003,172.31.40.0-255,66,32889,70,292518
4685,0.000306,172.217.194.0-255,2902,35791,70,292518
4686,0.000308,172.31.40.0-255,66,35857,70,292518
4687,0.000336,172.217.194.0-255,5738,41595,70,292518
4688,0.00034,172.31.40.0-255,66,41661,70,292518
4689,0.000371,172.217.194.0-255,7156,48817,70,292518
4690,0.000374,172.31.40.0-255,66,48883,70,292518
4691,0.0004,172.217.194.0-255,6797,55680,70,292518
4692,0.000402,172.31.40.0-255,66,55746,70,292518
4693,0.000412,172.217.194.0-255,9633,65379,70,292518
4694,0.000414,172.31.40.0-255,66,65445,70,292518
4695,0.000417,172.217.194.0-255,377,65822,70,292518
4696,0.000419,172.31.40.0-255,66,65888,70,292518
4697,0.000931,172.217.194.0-255,366,66254,70,292518
4698,0.001065,172.217.194.0-255,1484,67738,70,292518
4699,0.00107,172.31.40.0-255,66,67804,70,292518
4700,0.001075,172.217.194.0-255,1484,69288,70,292518
4701,0.001086,172.217.194.0-255,1484,70772,70,292518
4702,0.001089,172.31.40.0-255,66,70838,70,292518
4703,0.0011,172.217.194.0-255,5738,76576,70,292518
4704,0.001103,172.31.40.0-255,66,76642,70,292518
4705,0.001106,172.217.194.0-255,1484,78126,70,292518
4706,0.001156,172.31.40.0-255,66,78192,70,292518
4707,0.001166,172.217.194.0-255,10692,88884,70,292518
4708,0.001168,172.31.40.0-255,66,88950,70,292518
4709,0.001396,172.217.194.0-255,1484,90434,70,292518
4710,0.001401,172.217.194.0-255,2902,93336,70,292518
4711,0.001407,172.31.40.0-255,66,93402,70,292518
4712,0.00143,172.217.194.0-255,5738,99140,70,292518
4713,0.001433,172.31.40.0-255,66,99206,70,292518
4714,0.001436,172.217.194.0-255,1484,100690,70,292518
4715,0.001485,172.31.40.0-255,66,100756,70,292518
4716,0.001494,172.217.194.0-255,10692,111448,70,292518
4717,0.001501,172.31.40.0-255,66,111514,70,292518
4718,0.002041,172.217.194.0-255,1484,112998,70,292518
4719,0.002049,172.217.194.0-255,1484,114482,70,292518
4720,0.002053,172.31.40.0-255,66,114548,70,292518
4721,0.002058,172.217.194.0-255,1484,116032,70,292518
4722,0.002083,172.217.194.0-255,4320,120352,70,292518
4723,0.002086,172.31.40.0-255,66,120418,70,292518
4724,0.002115,172.217.194.0-255,2902,123320,70,292518
4725,0.002117,172.31.40.0-255,66,123386,70,292518
4726,0.002125,172.217.194.0-255,8574,131960,70,292518
4727,0.002127,172.31.40.0-255,66,132026,70,292518
4728,0.00214,172.217.194.0-255,7156,139182,70,292518
4729,0.002142,172.31.40.0-255,66,139248,70,292518
4730,0.002197,172.217.194.0-255,6438,145686,70,292518
4731,0.0022,172.31.40.0-255,66,145752,70,292518
4732,0.002246,172.217.194.0-255,1484,147236,70,292518
4733,0.002262,172.217.194.0-255,2902,150138,70,292518
4734,0.002265,172.31.40.0-255,66,150204,70,292518
4735,0.00227,172.217.194.0-255,2902,153106,70,292518
4736,0.002272,172.31.40.0-255,66,153172,70,292518
4737,0.002304,172.217.194.0-255,2902,156074,70,292518
4738,0.002307,172.31.40.0-255,66,156140,70,292518
4739,0.00232,172.31.40.0-255,66,156206,70,292518
4740,0.002346,172.217.194.0-255,1484,157690,70,292518
4741,0.002356,172.217.194.0-255,9992,167682,70,292518
4742,0.002359,172.31.40.0-255,66,167748,70,292518
4743,0.002362,172.217.194.0-255,766,168514,70,292518
4744,0.00281,172.217.194.0-255,1484,169998,70,292518
4745,0.002817,172.31.40.0-255,66,170064,70,292518
4746,0.002823,172.217.194.0-255,2902,172966,70,292518
4747,0.002828,172.31.40.0-255,66,173032,70,292518
4748,0.002838,172.217.194.0-255,4320,177352,70,292518
4749,0.002841,172.31.40.0-255,66,177418,70,292518
4750,0.002871,172.217.194.0-255,1484,178902,70,292518
4751,0.002886,172.31.40.0-255,66,178968,70,292518
4752,0.002895,172.217.194.0-255,8574,187542,70,292518
4753,0.002897,172.31.40.0-255,66,187608,70,292518
4754,0.002929,172.217.194.0-255,2184,189792,70,292518
4755,0.002931,172.31.40.0-255,66,189858,70,292518
4756,0.002969,172.31.40.0-255,66,189924,70,292518
4757,0.003009,172.217.194.0-255,9992,199916,70,292518
4758,0.003013,172.31.40.0-255,66,199982,70,292518
4759,0.003022,172.217.194.0-255,10692,210674,70,292518
4760,0.003029,172.31.40.0-255,66,210740,70,292518
4761,0.003109,172.217.194.0-255,1484,212224,70,292518
4762,0.003115,172.217.194.0-255,2902,215126,70,292518
4763,0.003118,172.31.40.0-255,66,215192,70,292518
4764,0.003149,172.217.194.0-255,4320,219512,70,292518
4765,0.003159,172.217.194.0-255,8574,228086,70,292518
4766,0.003195,172.31.40.0-255,66,228152,70,292518
4767,0.003211,172.217.194.0-255,9992,238144,70,292518
4768,0.003234,172.217.194.0-255,6438,244582,70,292518
4769,0.003248,172.31.40.0-255,66,244648,70,292518
4770,0.003272,172.217.194.0-255,1484,246132,70,292518
4771,0.003301,172.217.194.0-255,2902,249034,70,292518
4772,0.003308,172.217.194.0-255,5738,254772,70,292518
4773,0.003315,172.217.194.0-255,7156,261928,70,292518
4774,0.003325,172.31.40.0-255,66,261994,70,292518
4775,0.00335,172.217.194.0-255,5738,267732,70,292518
4776,0.003358,172.217.194.0-255,7156,274888,70,292518
4777,0.003367,172.31.40.0-255,66,274954,70,292518
4778,0.003401,172.217.194.0-255,5020,279974,70,292518
4779,0.003477,172.217.194.0-255,7156,287130,70,292518
4780,0.003483,172.31.40.0-255,66,287196,70,292518
4781,0.003514,172.217.194.0-255,4980,292176,70,292518
4782,0.003517,172.217.194.0-255,105,292281,70,292518
4783,0.003534,172.31.40.0-255,66,292347,70,292518
4784,0.005439,172.31.40.0-255,105,292452,70,292518
4785,0.007399,172.217.194.0-255,66,292518,70,292518
4786,0.0,172.217.194.0-255,146,146,70,258439
4787,1.5e-05,172.31.40.0-255,66,212,70,258439
4788,2.1e-05,172.217.194.0-255,1484,1696,70,258439
4789,2.5e-05,172.31.40.0-255,66,1762,70,258439
4790,3e-05,172.217.194.0-255,2902,4664,70,258439
4791,3.4e-05,172.31.40.0-255,66,4730,70,258439
4792,4.2e-05,172.217.194.0-255,7156,11886,70,258439
4793,4.6e-05,172.31.40.0-255,66,11952,70,258439
4794,7.1e-05,172.217.194.0-255,5738,17690,70,258439
4795,7.4e-05,172.31.40.0-255,66,17756,70,258439
4796,9.8e-05,172.217.194.0-255,7772,25528,70,258439
4797,0.0001,172.31.40.0-255,66,25594,70,258439
4798,0.000114,172.217.194.0-255,2902,28496,70,258439
4799,0.000117,172.31.40.0-255,66,28562,70,258439
4800,0.000139,172.217.194.0-255,2543,31105,70,258439
4801,0.000141,172.31.40.0-255,66,31171,70,258439
4802,0.000144,172.217.194.0-255,1484,32655,70,258439
4803,0.000146,172.31.40.0-255,66,32721,70,258439
4804,0.000166,172.217.194.0-255,4320,37041,70,258439
4805,0.000169,172.31.40.0-255,66,37107,70,258439
4806,0.000175,172.217.194.0-255,5738,42845,70,258439
4807,0.000178,172.31.40.0-255,66,42911,70,258439
4808,0.000224,172.31.40.0-255,66,42977,70,258439
4809,0.000232,172.217.194.0-255,8215,51192,70,258439
4810,0.000236,172.31.40.0-255,66,51258,70,258439
4811,0.000238,172.217.194.0-255,378,51636,70,258439
4812,0.00024,172.31.40.0-255,66,51702,70,258439
4813,0.000287,172.217.194.0-255,101,51803,70,258439
4814,0.00029,172.31.40.0-255,66,51869,70,258439
4815,0.000369,172.217.194.0-255,364,52233,70,258439
4816,0.000373,172.31.40.0-255,66,52299,70,258439
4817,0.000533,172.217.194.0-255,1484,53783,70,258439
4818,0.00054,172.217.194.0-255,2902,56685,70,258439
4819,0.000544,172.31.40.0-255,66,56751,70,258439
4820,0.000551,172.217.194.0-255,5738,62489,70,258439
4821,0.000554,172.31.40.0-255,66,62555,70,258439
4822,0.00057,172.217.194.0-255,1484,64039,70,258439
4823,0.000596,172.31.40.0-255,66,64105,70,258439
4824,0.000634,172.217.194.0-255,10692,74797,70,258439
4825,0.000637,172.31.40.0-255,66,74863,70,258439
4826,0.000946,172.217.194.0-255,1484,76347,70,258439
4827,0.000953,172.217.194.0-255,2902,79249,70,258439
4828,0.000957,172.31.40.0-255,66,79315,70,258439
4829,0.000964,172.217.194.0-255,5738,85053,70,258439
4830,0.000966,172.31.40.0-255,66,85119,70,258439
4831,0.000972,172.217.194.0-255,4320,89439,70,258439
4832,0.000974,172.31.40.0-255,66,89505,70,258439
4833,0.001005,172.217.194.0-255,1484,90989,70,258439
4834,0.00102,172.31.40.0-255,66,91055,70,258439
4835,0.001026,172.217.194.0-255,4320,95375,70,258439
4836,0.001028,172.31.40.0-255,66,95441,70,258439
4837,0.001043,172.217.194.0-255,766,96207,70,258439
4838,0.001079,172.217.194.0-255,1484,97691,70,258439
4839,0.001082,172.31.40.0-255,66,97757,70,258439
4840,0.001088,172.217.194.0-255,2902,100659,70,258439
4841,0.00109,172.31.40.0-255,66,100725,70,258439
4842,0.001114,172.217.194.0-255,5738,106463,70,258439
4843,0.001117,172.31.40.0-255,66,106529,70,258439
4844,0.001148,172.217.194.0-255,8574,115103,70,258439
4845,0.001152,172.31.40.0-255,66,115169,70,258439
4846,0.001161,172.217.194.0-255,9992,125161,70,258439
4847,0.001164,172.31.40.0-255,66,125227,70,258439
4848,0.001185,172.217.194.0-255,5020,130247,70,258439
4849,0.001188,172.31.40.0-255,66,130313,70,258439
4850,0.001228,172.217.194.0-255,1484,131797,70,258439
4851,0.001234,172.217.194.0-255,2902,134699,70,258439
4852,0.001236,172.31.40.0-255,66,134765,70,258439
4853,0.001264,172.217.194.0-255,5738,140503,70,258439
4854,0.001267,172.217.194.0-255,1484,141987,70,258439
4855,0.001273,172.31.40.0-255,66,142053,70,258439
4856,0.001291,172.31.40.0-255,66,142119,70,258439
4857,0.001301,172.217.194.0-255,10692,152811,70,258439
4858,0.001304,172.31.40.0-255,66,152877,70,258439
4859,0.00158,172.217.194.0-255,1484,154361,70,258439
4860,0.0016,172.217.194.0-255,2902,157263,70,258439
4861,0.001603,172.31.40.0-255,66,157329,70,258439
4862,0.001607,172.217.194.0-255,1484,158813,70,258439
4863,0.001627,172.217.194.0-255,4320,163133,70,258439
4864,0.00163,172.31.40.0-255,66,163199,70,258439
4865,0.001644,172.217.194.0-255,4320,167519,70,258439
4866,0.001646,172.31.40.0-255,66,167585,70,258439
4867,0.001673,172.217.194.0-255,8574,176159,70,258439
4868,0.001676,172.31.40.0-255,66,176225,70,258439
4869,0.001684,172.217.194.0-255,8574,184799,70,258439
4870,0.001686,172.31.40.0-255,66,184865,70,258439
4871,0.001705,172.217.194.0-255,2184,187049,70,258439
4872,0.001708,172.31.40.0-255,66,187115,70,258439
4873,0.001724,172.217.194.0-255,4320,191435,70,258439
4874,0.001727,172.31.40.0-255,66,191501,70,258439
4875,0.001742,172.217.194.0-255,7156,198657,70,258439
4876,0.001744,172.31.40.0-255,66,198723,70,258439
4877,0.001792,172.217.194.0-255,7156,205879,70,258439
4878,0.001795,172.31.40.0-255,66,205945,70,258439
4879,0.001844,172.217.194.0-255,1484,207429,70,258439
4880,0.00186,172.31.40.0-255,66,207495,70,258439
4881,0.001891,172.217.194.0-255,6438,213933,70,258439
4882,0.001894,172.217.194.0-255,1484,215417,70,258439
4883,0.001898,172.217.194.0-255,2902,218319,70,258439
4884,0.001915,172.217.194.0-255,5738,224057,70,258439
4885,0.001919,172.31.40.0-255,66,224123,70,258439
4886,0.001924,172.31.40.0-255,66,224189,70,258439
4887,0.001936,172.217.194.0-255,7156,231345,70,258439
4888,0.00196,172.217.194.0-255,5738,237083,70,258439
4889,0.00197,172.217.194.0-255,10692,247775,70,258439
4890,0.001976,172.31.40.0-255,66,247841,70,258439
4891,0.002012,172.217.194.0-255,2902,250743,70,258439
4892,0.002015,172.31.40.0-255,66,250809,70,258439
4893,0.002048,172.31.40.0-255,66,250875,70,258439
4894,0.002062,172.217.194.0-255,7156,258031,70,258439
4895,0.002122,172.217.194.0-255,105,258136,70,258439
4896,0.002127,172.31.40.0-255,66,258202,70,258439
4897,0.016688,172.31.40.0-255,66,258268,70,258439
4898,0.016765,172.31.40.0-255,105,258373,70,258439
4899,0.019028,172.217.194.0-255,66,258439,70,258439
4900,0.0,216.58.221.0-255,150,150,70,324289
4901,2.1e-05,172.31.40.0-255,66,216,70,324289
4902,2.8e-05,216.58.221.0-255,1484,1700,70,324289
4903,3.3e-05,172.31.40.0-255,66,1766,70,324289
4904,4.5e-05,216.58.221.0-255,2902,4668,70,324289
4905,4.9e-05,172.31.40.0-255,66,4734,70,324289
4906,5.7e-05,216.58.221.0-255,7156,11890,70,324289
4907,6.1e-05,172.31.40.0-255,66,11956,70,324289
4908,9e-05,216.58.221.0-255,2098,14054,70,324289
4909,9.3e-05,172.31.40.0-255,66,14120,70,324289
4910,0.000188,216.58.221.0-255,1484,15604,70,324289
4911,0.000191,172.31.40.0-255,66,15670,70,324289
4912,0.000195,216.58.221.0-255,1484,17154,70,324289
4913,0.000198,172.31.40.0-255,66,17220,70,324289
4914,0.000232,216.58.221.0-255,1484,18704,70,324289
4915,0.000234,172.31.40.0-255,66,18770,70,324289
4916,0.000242,216.58.221.0-255,5738,24508,70,324289
4917,0.000245,172.31.40.0-255,66,24574,70,324289
4918,0.000257,216.58.221.0-255,6797,31371,70,324289
4919,0.000259,172.31.40.0-255,66,31437,70,324289
4920,0.000293,216.58.221.0-255,4320,35757,70,324289
4921,0.000296,172.31.40.0-255,66,35823,70,324289
4922,0.000321,216.58.221.0-255,2902,38725,70,324289
4923,0.000324,172.31.40.0-255,66,38791,70,324289
4924,0.000349,216.58.221.0-255,9633,48424,70,324289
4925,0.000352,172.31.40.0-255,66,48490,70,324289
4926,0.000409,216.58.221.0-255,5738,54228,70,324289
4927,0.000412,172.31.40.0-255,66,54294,70,324289
4928,0.000439,216.58.221.0-255,4320,58614,70,324289
4929,0.000441,172.31.40.0-255,66,58680,70,324289
4930,0.000471,216.58.221.0-255,2902,61582,70,324289
4931,0.000474,172.31.40.0-255,66,61648,70,324289
4932,0.000502,216.58.221.0-255,3961,65609,70,324289
4933,0.000505,172.31.40.0-255,66,65675,70,324289
4934,0.000507,216.58.221.0-255,356,66031,70,324289
4935,0.001023,172.31.40.0-255,66,66097,70,324289
4936,0.001058,216.58.221.0-255,386,66483,70,324289
4937,0.001094,172.31.40.0-255,66,66549,70,324289
4938,0.001241,216.58.221.0-255,1484,68033,70,324289
4939,0.00125,216.58.221.0-255,2902,70935,70,324289
4940,0.001253,172.31.40.0-255,66,71001,70,324289
4941,0.001257,216.58.221.0-255,1484,72485,70,324289
4942,0.001281,216.58.221.0-255,4320,76805,70,324289
4943,0.001283,172.31.40.0-255,66,76871,70,324289
4944,0.001308,216.58.221.0-255,1484,78355,70,324289
4945,0.001321,216.58.221.0-255,5379,83734,70,324289
4946,0.001323,172.31.40.0-255,66,83800,70,324289
4947,0.00135,216.58.221.0-255,7156,90956,70,324289
4948,0.001352,172.31.40.0-255,66,91022,70,324289
4949,0.001388,216.58.221.0-255,4320,95342,70,324289
4950,0.00139,172.31.40.0-255,66,95408,70,324289
4951,0.001419,216.58.221.0-255,5379,100787,70,324289
4952,0.001422,172.31.40.0-255,66,100853,70,324289
4953,0.001669,216.58.221.0-255,1484,102337,70,324289
4954,0.001676,216.58.221.0-255,2902,105239,70,324289
4955,0.00168,172.31.40.0-255,66,105305,70,324289
4956,0.001686,216.58.221.0-255,5738,111043,70,324289
4957,0.001688,172.31.40.0-255,66,111109,70,324289
4958,0.001724,216.58.221.0-255,2902,114011,70,324289
4959,0.001727,172.31.40.0-255,66,114077,70,324289
4960,0.001749,216.58.221.0-255,9992,124069,70,324289
4961,0.001751,172.31.40.0-255,66,124135,70,324289
4962,0.001802,216.58.221.0-255,2902,127037,70,324289
4963,0.001804,172.31.40.0-255,66,127103,70,324289
4964,0.001831,216.58.221.0-255,2902,130005,70,324289
4965,0.001833,172.31.40.0-255,66,130071,70,324289
4966,0.001854,216.58.221.0-255,1484,131555,70,324289
4967,0.00186,216.58.221.0-255,5020,136575,70,324289
4968,0.001863,172.31.40.0-255,66,136641,70,324289
4969,0.001905,216.58.221.0-255,5738,142379,70,324289
4970,0.001907,172.31.40.0-255,66,142445,70,324289
4971,0.001927,216.58.221.0-255,5738,148183,70,324289
4972,0.00193,172.31.40.0-255,66,148249,70,324289
4973,0.001971,216.58.221.0-255,2902,151151,70,324289
4974,0.001974,172.31.40.0-255,66,151217,70,324289
4975,0.002012,172.31.40.0-255,66,151283,70,324289
4976,0.002123,216.58.221.0-255,1484,152767,70,324289
4977,0.002136,216.58.221.0-255,1484,154251,70,324289
4978,0.002139,172.31.40.0-255,66,154317,70,324289
4979,0.002162,216.58.221.0-255,2902,157219,70,324289
4980,0.002165,172.31.40.0-255,66,157285,70,324289
4981,0.00217,216.58.221.0-255,4320,161605,70,324289
4982,0.002173,172.31.40.0-255,66,161671,70,324289
4983,0.002199,216.58.221.0-255,1484,163155,70,324289
4984,0.002204,216.58.221.0-255,2902,166057,70,324289
4985,0.002206,172.31.40.0-255,66,166123,70,324289
4986,0.002241,216.58.221.0-255,9992,176115,70,324289
4987,0.002243,172.31.40.0-255,66,176181,70,324289
4988,0.002283,216.58.221.0-255,4320,180501,70,324289
4989,0.002285,172.31.40.0-255,66,180567,70,324289
4990,0.002313,216.58.221.0-255,5020,185587,70,324289
4991,0.002315,172.31.40.0-255,66,185653,70,324289
4992,0.002348,216.58.221.0-255,7156,192809,70,324289
4993,0.002351,172.31.40.0-255,66,192875,70,324289
4994,0.002401,216.58.221.0-255,1484,194359,70,324289
4995,0.002419,216.58.221.0-255,1484,195843,70,324289
4996,0.002421,172.31.40.0-255,66,195909,70,324289
4997,0.002433,216.58.221.0-255,1484,197393,70,324289
4998,0.00245,216.58.221.0-255,2902,200295,70,324289
4999,0.002452,172.31.40.0-255,66,200361,70,324289
5000,0.002485,216.58.221.0-255,1484,201845,70,324289
5001,0.002507,216.58.221.0-255,5738,207583,70,324289
5002,0.002509,172.31.40.0-255,66,207649,70,324289
5003,0.002512,216.58.221.0-255,1484,209133,70,324289
5004,0.002534,216.58.221.0-255,8574,217707,70,324289
5005,0.002536,172.31.40.0-255,66,217773,70,324289
5006,0.00256,216.58.221.0-255,2184,219957,70,324289
5007,0.002562,172.31.40.0-255,66,220023,70,324289
5008,0.002591,216.58.221.0-255,4320,224343,70,324289
5009,0.002593,172.31.40.0-255,66,224409,70,324289
5010,0.002631,172.31.40.0-255,66,224475,70,324289
5011,0.002696,216.58.221.0-255,1484,225959,70,324289
5012,0.002699,216.58.221.0-255,1484,227443,70,324289
5013,0.002701,172.31.40.0-255,66,227509,70,324289
5014,0.002745,172.31.40.0-255,66,227575,70,324289
5015,0.002825,216.58.221.0-255,1484,229059,70,324289
5016,0.00283,216.58.221.0-255,2902,231961,70,324289
5017,0.002832,172.31.40.0-255,66,232027,70,324289
5018,0.002862,216.58.221.0-255,5738,237765,70,324289
5019,0.002864,172.31.40.0-255,66,237831,70,324289
5020,0.002891,216.58.221.0-255,4320,242151,70,324289
5021,0.002894,172.31.40.0-255,66,242217,70,324289
5022,0.002911,216.58.221.0-255,1484,243701,70,324289
5023,0.00293,216.58.221.0-255,4320,248021,70,324289
5024,0.002933,172.31.40.0-255,66,248087,70,324289
5025,0.002959,216.58.221.0-255,5738,253825,70,324289
5026,0.002961,172.31.40.0-255,66,253891,70,324289
5027,0.002975,216.58.221.0-255,5738,259629,70,324289
5028,0.002982,172.31.40.0-255,66,259695,70,324289
5029,0.003033,216.58.221.0-255,2184,261879,70,324289
5030,0.003035,172.31.40.0-255,66,261945,70,324289
5031,0.003064,216.58.221.0-255,2902,264847,70,324289
5032,0.003066,172.31.40.0-255,66,264913,70,324289
5033,0.003073,216.58.221.0-255,7156,272069,70,324289
5034,0.003109,216.58.221.0-255,1484,273553,70,324289
5035,0.003121,216.58.221.0-255,4320,277873,70,324289
5036,0.003138,216.58.221.0-255,8574,286447,70,324289
5037,0.003152,216.58.221.0-255,1484,287931,70,324289
5038,0.003217,216.58.221.0-255,2902,290833,70,324289
5039,0.003235,216.58.221.0-255,5020,295853,70,324289
5040,0.003277,216.58.221.0-255,2902,298755,70,324289
5041,0.003296,216.58.221.0-255,9992,308747,70,324289
5042,0.003475,216.58.221.0-255,2902,311649,70,324289
5043,0.003495,216.58.221.0-255,3602,315251,70,324289
5044,0.003518,216.58.221.0-255,2902,318153,70,324289
5045,0.003645,216.58.221.0-255,5245,323398,70,324289
5046,0.003648,216.58.221.0-255,129,323527,70,324289
5047,0.005991,172.31.40.0-255,66,323593,70,324289
5048,0.008364,172.31.40.0-255,105,323698,70,324289
5049,0.008398,172.31.40.0-255,105,323803,70,324289
5050,0.008607,172.31.40.0-255,90,323893,70,324289
5051,0.008615,172.31.40.0-255,66,323959,70,324289
5052,0.010391,216.58.221.0-255,66,324025,70,324289
5053,0.010416,216.58.221.0-255,66,324091,70,324289
5054,0.010637,216.58.221.0-255,66,324157,70,324289
5055,0.010682,216.58.221.0-255,66,324223,70,324289
5056,0.010689,172.31.40.0-255,66,324289,70,324289
5057,0.0,172.217.194.0-255,150,150,70,233828
5058,2.3e-05,172.31.40.0-255,66,216,70,233828
5059,3e-05,172.217.194.0-255,1484,1700,70,233828
5060,3.5e-05,172.31.40.0-255,66,1766,70,233828
5061,4.9e-05,172.217.194.0-255,2902,4668,70,233828
5062,5.3e-05,172.31.40.0-255,66,4734,70,233828
5063,6.1e-05,172.217.194.0-255,7156,11890,70,233828
5064,6.4e-05,172.31.40.0-255,66,11956,70,233828
5065,6.8e-05,172.217.194.0-255,1484,13440,70,233828
5066,7e-05,172.31.40.0-255,66,13506,70,233828
5067,9.3e-05,172.217.194.0-255,637,14143,70,233828
5068,9.6e-05,172.31.40.0-255,66,14209,70,233828
5069,0.00018,172.217.194.0-255,1484,15693,70,233828
5070,0.000183,172.31.40.0-255,66,15759,70,233828
5071,0.000188,172.217.194.0-255,2902,18661,70,233828
5072,0.000191,172.31.40.0-255,66,18727,70,233828
5073,0.000219,172.217.194.0-255,5738,24465,70,233828
5074,0.000222,172.31.40.0-255,66,24531,70,233828
5075,0.000248,172.217.194.0-255,1484,26015,70,233828
5076,0.000251,172.31.40.0-255,66,26081,70,233828
5077,0.000255,172.217.194.0-255,2902,28983,70,233828
5078,0.000257,172.31.40.0-255,66,29049,70,233828
5079,0.000282,172.217.194.0-255,5379,34428,70,233828
5080,0.000285,172.31.40.0-255,66,34494,70,233828
5081,0.000289,172.217.194.0-255,2902,37396,70,233828
5082,0.000291,172.31.40.0-255,66,37462,70,233828
5083,0.000321,172.217.194.0-255,2902,40364,70,233828
5084,0.000324,172.31.40.0-255,66,40430,70,233828
5085,0.000329,172.217.194.0-255,2902,43332,70,233828
5086,0.000331,172.31.40.0-255,66,43398,70,233828
5087,0.000361,172.217.194.0-255,5379,48777,70,233828
5088,0.000363,172.31.40.0-255,66,48843,70,233828
5089,0.000416,172.217.194.0-255,1484,50327,70,233828
5090,0.000422,172.217.194.0-255,2902,53229,70,233828
5091,0.000425,172.31.40.0-255,66,53295,70,233828
5092,0.000458,172.217.194.0-255,5738,59033,70,233828
5093,0.000461,172.31.40.0-255,66,59099,70,233828
5094,0.000489,172.217.194.0-255,6797,65896,70,233828
5095,0.000491,172.31.40.0-255,66,65962,70,233828
5096,0.000494,172.217.194.0-255,646,66608,70,233828
5097,0.000701,172.217.194.0-255,1484,68092,70,233828
5098,0.000705,172.31.40.0-255,66,68158,70,233828
5099,0.000711,172.217.194.0-255,2902,71060,70,233828
5100,0.000714,172.31.40.0-255,66,71126,70,233828
5101,0.000752,172.217.194.0-255,4320,75446,70,233828
5102,0.000755,172.31.40.0-255,66,75512,70,233828
5103,0.000766,172.217.194.0-255,1484,76996,70,233828
5104,0.000777,172.217.194.0-255,5738,82734,70,233828
5105,0.00078,172.31.40.0-255,66,82800,70,233828
5106,0.000794,172.31.40.0-255,66,82866,70,233828
5107,0.000825,172.217.194.0-255,1484,84350,70,233828
5108,0.000831,172.217.194.0-255,5020,89370,70,233828
5109,0.000834,172.31.40.0-255,66,89436,70,233828
5110,0.001088,172.217.194.0-255,1484,90920,70,233828
5111,0.001096,172.217.194.0-255,2902,93822,70,233828
5112,0.001099,172.31.40.0-255,66,93888,70,233828
5113,0.001107,172.217.194.0-255,5738,99626,70,233828
5114,0.001109,172.31.40.0-255,66,99692,70,233828
5115,0.001154,172.31.40.0-255,66,99758,70,233828
5116,0.001164,172.217.194.0-255,10692,110450,70,233828
5117,0.001172,172.31.40.0-255,66,110516,70,233828
5118,0.001218,172.217.194.0-255,1484,112000,70,233828
5119,0.001234,172.217.194.0-255,2902,114902,70,233828
5120,0.001238,172.217.194.0-255,2902,117804,70,233828
5121,0.001244,172.31.40.0-255,66,117870,70,233828
5122,0.001247,172.31.40.0-255,66,117936,70,233828
5123,0.00127,172.217.194.0-255,2902,120838,70,233828
5124,0.001272,172.31.40.0-255,66,120904,70,233828
5125,0.001285,172.217.194.0-255,9992,130896,70,233828
5126,0.001288,172.31.40.0-255,66,130962,70,233828
5127,0.001316,172.217.194.0-255,4320,135282,70,233828
5128,0.00132,172.31.40.0-255,66,135348,70,233828
5129,0.001349,172.217.194.0-255,9274,144622,70,233828
5130,0.001352,172.31.40.0-255,66,144688,70,233828
5131,0.001355,172.217.194.0-255,1484,146172,70,233828
5132,0.001364,172.217.194.0-255,2902,149074,70,233828
5133,0.001366,172.31.40.0-255,66,149140,70,233828
5134,0.001373,172.217.194.0-255,5738,154878,70,233828
5135,0.001375,172.31.40.0-255,66,154944,70,233828
5136,0.001383,172.217.194.0-255,8574,163518,70,233828
5137,0.001386,172.31.40.0-255,66,163584,70,233828
5138,0.001424,172.217.194.0-255,4320,167904,70,233828
5139,0.001427,172.31.40.0-255,66,167970,70,233828
5140,0.001437,172.217.194.0-255,9992,177962,70,233828
5141,0.001439,172.31.40.0-255,66,178028,70,233828
5142,0.001442,172.217.194.0-255,1484,179512,70,233828
5143,0.001493,172.31.40.0-255,66,179578,70,233828
5144,0.0015,172.217.194.0-255,7156,186734,70,233828
5145,0.001502,172.31.40.0-255,66,186800,70,233828
5146,0.001545,172.31.40.0-255,66,186866,70,233828
5147,0.001579,172.217.194.0-255,766,187632,70,233828
5148,0.001598,172.31.40.0-255,66,187698,70,233828
5149,0.001663,172.31.40.0-255,66,187764,70,233828
5150,0.001683,172.217.194.0-255,2902,190666,70,233828
5151,0.001686,172.31.40.0-255,66,190732,70,233828
5152,0.001702,172.31.40.0-255,66,190798,70,233828
5153,0.001733,172.217.194.0-255,1484,192282,70,233828
5154,0.001748,172.217.194.0-255,2902,195184,70,233828
5155,0.001751,172.31.40.0-255,66,195250,70,233828
5156,0.001755,172.217.194.0-255,1484,196734,70,233828
5157,0.001783,172.217.194.0-255,4320,201054,70,233828
5158,0.001786,172.31.40.0-255,66,201120,70,233828
5159,0.001815,172.217.194.0-255,7156,208276,70,233828
5160,0.001818,172.31.40.0-255,66,208342,70,233828
5161,0.001858,172.31.40.0-255,66,208408,70,233828
5162,0.001869,172.217.194.0-255,2184,210592,70,233828
5163,0.001879,172.31.40.0-255,66,210658,70,233828
5164,0.001883,172.217.194.0-255,2902,213560,70,233828
5165,0.001885,172.31.40.0-255,66,213626,70,233828
5166,0.001893,172.217.194.0-255,7156,220782,70,233828
5167,0.001895,172.31.40.0-255,66,220848,70,233828
5168,0.001908,172.31.40.0-255,66,220914,70,233828
5169,0.001912,172.217.194.0-255,2902,223816,70,233828
5170,0.001914,172.31.40.0-255,66,223882,70,233828
5171,0.001946,172.217.194.0-255,7156,231038,70,233828
5172,0.001949,172.31.40.0-255,66,231104,70,233828
5173,0.001983,172.217.194.0-255,2184,233288,70,233828
5174,0.001986,172.31.40.0-255,66,233354,70,233828
5175,0.002005,172.31.40.0-255,66,233420,70,233828
5176,0.002017,172.31.40.0-255,66,233486,70,233828
5177,0.00202,172.217.194.0-255,105,233591,70,233828
5178,0.00437,172.31.40.0-255,66,233657,70,233828
5179,0.004405,172.31.40.0-255,105,233762,70,233828
5180,0.006815,172.217.194.0-255,66,233828,70,233828
5181,0.0,172.217.194.0-255,153,153,70,285844
5182,2.4e-05,172.31.40.0-255,66,219,70,285844
5183,3.1e-05,172.217.194.0-255,1484,1703,70,285844
5184,3.7e-05,172.31.40.0-255,66,1769,70,285844
5185,4.3e-05,172.217.194.0-255,2902,4671,70,285844
5186,4.7e-05,172.31.40.0-255,66,4737,70,285844
5187,5.4e-05,172.217.194.0-255,5738,10475,70,285844
5188,5.8e-05,172.31.40.0-255,66,10541,70,285844
5189,7.4e-05,172.217.194.0-255,1484,12025,70,285844
5190,7.6e-05,172.31.40.0-255,66,12091,70,285844
5191,8.1e-05,172.217.194.0-255,2065,14156,70,285844
5192,8.3e-05,172.31.40.0-255,66,14222,70,285844
5193,9.1e-05,172.217.194.0-255,7156,21378,70,285844
5194,9.3e-05,172.31.40.0-255,66,21444,70,285844
5195,0.000117,172.217.194.0-255,4320,25764,70,285844
5196,0.00012,172.31.40.0-255,66,25830,70,285844
5197,0.000127,172.217.194.0-255,5738,31568,70,285844
5198,0.000129,172.31.40.0-255,66,31634,70,285844
5199,0.000173,172.31.40.0-255,66,31700,70,285844
5200,0.00018,172.217.194.0-255,6438,38138,70,285844
5201,0.000182,172.31.40.0-255,66,38204,70,285844
5202,0.000189,172.217.194.0-255,7156,45360,70,285844
5203,0.000191,172.31.40.0-255,66,45426,70,285844
5204,0.000236,172.217.194.0-255,7386,52812,70,285844
5205,0.000238,172.31.40.0-255,66,52878,70,285844
5206,0.000246,172.217.194.0-255,8574,61452,70,285844
5207,0.000249,172.31.40.0-255,66,61518,70,285844
5208,0.000255,172.217.194.0-255,4320,65838,70,285844
5209,0.000257,172.31.40.0-255,66,65904,70,285844
5210,0.000288,172.31.40.0-255,66,65970,70,285844
5211,0.000295,172.217.194.0-255,6438,72408,70,285844
5212,0.000298,172.31.40.0-255,66,72474,70,285844
5213,0.000342,172.217.194.0-255,1484,73958,70,285844
5214,0.000359,172.217.194.0-255,2902,76860,70,285844
5215,0.000362,172.31.40.0-255,66,76926,70,285844
5216,0.000367,172.217.194.0-255,4320,81246,70,285844
5217,0.00037,172.31.40.0-255,66,81312,70,285844
5218,0.000382,172.217.194.0-255,1484,82796,70,285844
5219,0.000391,172.217.194.0-255,7156,89952,70,285844
5220,0.000393,172.31.40.0-255,66,90018,70,285844
5221,0.000422,172.217.194.0-255,5738,95756,70,285844
5222,0.000424,172.31.40.0-255,66,95822,70,285844
5223,0.000432,172.217.194.0-255,8574,104396,70,285844
5224,0.000434,172.31.40.0-255,66,104462,70,285844
5225,0.000449,172.217.194.0-255,2184,106646,70,285844
5226,0.000451,172.31.40.0-255,66,106712,70,285844
5227,0.000515,172.217.194.0-255,1484,108196,70,285844
5228,0.000528,172.217.194.0-255,2902,111098,70,285844
5229,0.00053,172.31.40.0-255,66,111164,70,285844
5230,0.000533,172.217.194.0-255,1484,112648,70,285844
5231,0.000554,172.217.194.0-255,4320,116968,70,285844
5232,0.000556,172.31.40.0-255,66,117034,70,285844
5233,0.000569,172.217.194.0-255,4320,121354,70,285844
5234,0.000571,172.31.40.0-255,66,121420,70,285844
5235,0.000589,172.217.194.0-255,8574,129994,70,285844
5236,0.000591,172.31.40.0-255,66,130060,70,285844
5237,0.000596,172.217.194.0-255,5738,135798,70,285844
5238,0.000598,172.31.40.0-255,66,135864,70,285844
5239,0.00063,172.217.194.0-255,1484,137348,70,285844
5240,0.000645,172.217.194.0-255,3602,140950,70,285844
5241,0.000647,172.31.40.0-255,66,141016,70,285844
5242,0.000653,172.217.194.0-255,5738,146754,70,285844
5243,0.000655,172.31.40.0-255,66,146820,70,285844
5244,0.000702,172.31.40.0-255,66,146886,70,285844
5245,0.000708,172.217.194.0-255,8574,155460,70,285844
5246,0.00071,172.31.40.0-255,66,155526,70,285844
5247,0.000741,172.217.194.0-255,4320,159846,70,285844
5248,0.000743,172.31.40.0-255,66,159912,70,285844
5249,0.000762,172.217.194.0-255,2184,162096,70,285844
5250,0.000764,172.31.40.0-255,66,162162,70,285844
5251,0.001231,172.217.194.0-255,1484,163646,70,285844
5252,0.001235,172.217.194.0-255,1484,165130,70,285844
5253,0.001239,172.31.40.0-255,66,165196,70,285844
5254,0.001253,172.217.194.0-255,1484,166680,70,285844
5255,0.001259,172.217.194.0-255,5738,172418,70,285844
5256,0.001261,172.31.40.0-255,66,172484,70,285844
5257,0.001272,172.217.194.0-255,1484,173968,70,285844
5258,0.001292,172.217.194.0-255,9992,183960,70,285844
5259,0.001298,172.31.40.0-255,66,184026,70,285844
5260,0.001314,172.217.194.0-255,1484,185510,70,285844
5261,0.001324,172.217.194.0-255,10692,196202,70,285844
5262,0.001326,172.31.40.0-255,66,196268,70,285844
5263,0.001346,172.217.194.0-255,1484,197752,70,285844
5264,0.001349,172.217.194.0-255,1484,199236,70,285844
5265,0.001351,172.31.40.0-255,66,199302,70,285844
5266,0.001371,172.217.194.0-255,1484,200786,70,285844
5267,0.001376,172.217.194.0-255,5738,206524,70,285844
5268,0.001378,172.31.40.0-255,66,206590,70,285844
5269,0.00141,172.217.194.0-255,2902,209492,70,285844
5270,0.001412,172.31.40.0-255,66,209558,70,285844
5271,0.001441,172.217.194.0-255,9992,219550,70,285844
5272,0.001444,172.31.40.0-255,66,219616,70,285844
5273,0.001451,172.217.194.0-255,8574,228190,70,285844
5274,0.001454,172.31.40.0-255,66,228256,70,285844
5275,0.001457,172.217.194.0-255,2184,230440,70,285844
5276,0.001459,172.31.40.0-255,66,230506,70,285844
5277,0.001491,172.217.194.0-255,2902,233408,70,285844
5278,0.001494,172.31.40.0-255,66,233474,70,285844
5279,0.001497,172.217.194.0-255,1484,234958,70,285844
5280,0.001516,172.217.194.0-255,2902,237860,70,285844
5281,0.001518,172.31.40.0-255,66,237926,70,285844
5282,0.001527,172.217.194.0-255,8574,246500,70,285844
5283,0.001529,172.31.40.0-255,66,246566,70,285844
5284,0.001552,172.217.194.0-255,1484,248050,70,285844
5285,0.001579,172.31.40.0-255,66,248116,70,285844
5286,0.001595,172.217.194.0-255,2184,250300,70,285844
5287,0.001597,172.31.40.0-255,66,250366,70,285844
5288,0.001611,172.217.194.0-255,1484,251850,70,285844
5289,0.001613,172.217.194.0-255,1484,253334,70,285844
5290,0.001615,172.31.40.0-255,66,253400,70,285844
5291,0.001626,172.217.194.0-255,1484,254884,70,285844
5292,0.00163,172.217.194.0-255,2902,257786,70,285844
5293,0.001632,172.31.40.0-255,66,257852,70,285844
5294,0.001656,172.217.194.0-255,2902,260754,70,285844
5295,0.001658,172.31.40.0-255,66,260820,70,285844
5296,0.00167,172.31.40.0-255,66,260886,70,285844
5297,0.001678,172.217.194.0-255,8574,269460,70,285844
5298,0.00168,172.31.40.0-255,66,269526,70,285844
5299,0.001702,172.217.194.0-255,2184,271710,70,285844
5300,0.001705,172.31.40.0-255,66,271776,70,285844
5301,0.001716,172.217.194.0-255,2902,274678,70,285844
5302,0.001718,172.31.40.0-255,66,274744,70,285844
5303,0.001767,172.217.194.0-255,10692,285436,70,285844
5304,0.001797,172.31.40.0-255,66,285502,70,285844
5305,0.001826,172.217.194.0-255,105,285607,70,285844
5306,0.001845,172.31.40.0-255,66,285673,70,285844
5307,0.003872,172.31.40.0-255,105,285778,70,285844
5308,0.006231,172.217.194.0-255,66,285844,70,285844
5309,0.0,74.125.200.0-255,152,152,70,203919
5310,2.3e-05,172.31.40.0-255,66,218,70,203919
5311,3e-05,74.125.200.0-255,1484,1702,70,203919
5312,3.5e-05,172.31.40.0-255,66,1768,70,203919
5313,4e-05,74.125.200.0-255,2902,4670,70,203919
5314,4.4e-05,172.31.40.0-255,66,4736,70,203919
5315,9.3e-05,74.125.200.0-255,1484,6220,70,203919
5316,9.6e-05,172.31.40.0-255,66,6286,70,203919
5317,0.000118,74.125.200.0-255,2902,9188,70,203919
5318,0.000121,172.31.40.0-255,66,9254,70,203919
5319,0.000154,74.125.200.0-255,4820,14074,70,203919
5320,0.000158,172.31.40.0-255,66,14140,70,203919
5321,0.000179,74.125.200.0-255,2902,17042,70,203919
5322,0.000181,172.31.40.0-255,66,17108,70,203919
5323,0.0002,74.125.200.0-255,2902,20010,70,203919
5324,0.000203,172.31.40.0-255,66,20076,70,203919
5325,0.000205,74.125.200.0-255,1484,21560,70,203919
5326,0.000207,172.31.40.0-255,66,21626,70,203919
5327,0.00021,74.125.200.0-255,1484,23110,70,203919
5328,0.000212,172.31.40.0-255,66,23176,70,203919
5329,0.000237,74.125.200.0-255,1484,24660,70,203919
5330,0.000239,172.31.40.0-255,66,24726,70,203919
5331,0.000246,74.125.200.0-255,5738,30464,70,203919
5332,0.000249,172.31.40.0-255,66,30530,70,203919
5333,0.000282,74.125.200.0-255,1125,31655,70,203919
5334,0.000284,172.31.40.0-255,66,31721,70,203919
5335,0.00041,74.125.200.0-255,1484,33205,70,203919
5336,0.000414,172.31.40.0-255,66,33271,70,203919
5337,0.00042,74.125.200.0-255,2902,36173,70,203919
5338,0.000422,172.31.40.0-255,66,36239,70,203919
5339,0.00044,74.125.200.0-255,1484,37723,70,203919
5340,0.000442,172.31.40.0-255,66,37789,70,203919
5341,0.000464,74.125.200.0-255,4320,42109,70,203919
5342,0.000471,74.125.200.0-255,4320,46429,70,203919
5343,0.000478,74.125.200.0-255,5379,51808,70,203919
5344,0.000495,74.125.200.0-255,1484,53292,70,203919
5345,0.000512,74.125.200.0-255,9992,63284,70,203919
5346,0.000518,172.31.40.0-255,66,63350,70,203919
5347,0.000549,74.125.200.0-255,2899,66249,70,203919
5348,0.00057,172.31.40.0-255,66,66315,70,203919
5349,0.00063,74.125.200.0-255,1484,67799,70,203919
5350,0.000645,74.125.200.0-255,2902,70701,70,203919
5351,0.000668,74.125.200.0-255,4320,75021,70,203919
5352,0.000671,172.31.40.0-255,66,75087,70,203919
5353,0.000677,172.31.40.0-255,66,75153,70,203919
5354,0.000695,74.125.200.0-255,7156,82309,70,203919
5355,0.000709,172.31.40.0-255,66,82375,70,203919
5356,0.000721,74.125.200.0-255,2543,84918,70,203919
5357,0.000726,74.125.200.0-255,4320,89238,70,203919
5358,0.00074,172.31.40.0-255,66,89304,70,203919
5359,0.000756,74.125.200.0-255,4320,93624,70,203919
5360,0.000776,74.125.200.0-255,6797,100421,70,203919
5361,0.000783,172.31.40.0-255,66,100487,70,203919
5362,0.000853,74.125.200.0-255,1484,101971,70,203919
5363,0.000867,74.125.200.0-255,2902,104873,70,203919
5364,0.000882,172.31.40.0-255,66,104939,70,203919
5365,0.000888,74.125.200.0-255,5738,110677,70,203919
5366,0.000894,172.31.40.0-255,66,110743,70,203919
5367,0.000904,74.125.200.0-255,2902,113645,70,203919
5368,0.000924,172.31.40.0-255,66,113711,70,203919
5369,0.00093,74.125.200.0-255,4320,118031,70,203919
5370,0.000937,74.125.200.0-255,8574,126605,70,203919
5371,0.000948,172.31.40.0-255,66,126671,70,203919
5372,0.000962,74.125.200.0-255,5738,132409,70,203919
5373,0.000977,74.125.200.0-255,2184,134593,70,203919
5374,0.000985,172.31.40.0-255,66,134659,70,203919
5375,0.001004,74.125.200.0-255,1484,136143,70,203919
5376,0.00102,74.125.200.0-255,2902,139045,70,203919
5377,0.001042,74.125.200.0-255,5738,144783,70,203919
5378,0.001048,172.31.40.0-255,66,144849,70,203919
5379,0.001057,74.125.200.0-255,2902,147751,70,203919
5380,0.001061,172.31.40.0-255,66,147817,70,203919
5381,0.001076,74.125.200.0-255,2902,150719,70,203919
5382,0.001084,74.125.200.0-255,7156,157875,70,203919
5383,0.001103,74.125.200.0-255,1484,159359,70,203919
5384,0.001105,172.31.40.0-255,66,159425,70,203919
5385,0.001131,74.125.200.0-255,9274,168699,70,203919
5386,0.001135,74.125.200.0-255,330,169029,70,203919
5387,0.001148,172.31.40.0-255,66,169095,70,203919
5388,0.003433,74.125.200.0-255,5738,174833,70,203919
5389,0.00344,172.31.40.0-255,66,174899,70,203919
5390,0.005708,74.125.200.0-255,5738,180637,70,203919
5391,0.007888,172.31.40.0-255,66,180703,70,203919
5392,0.010157,74.125.200.0-255,5738,186441,70,203919
5393,0.010165,172.31.40.0-255,66,186507,70,203919
5394,0.01244,74.125.200.0-255,5738,192245,70,203919
5395,0.01375,172.31.40.0-255,66,192311,70,203919
5396,0.016028,74.125.200.0-255,5738,198049,70,203919
5397,0.016036,172.31.40.0-255,66,198115,70,203919
5398,0.018318,74.125.200.0-255,5738,203853,70,203919
5399,0.018324,172.31.40.0-255,66,203919,70,203919
5400,0.0,172.217.194.0-255,295,295,70,260325
5401,2.4e-05,172.31.40.0-255,66,361,70,260325
5402,3.1e-05,172.217.194.0-255,1484,1845,70,260325
5403,3.6e-05,172.31.40.0-255,66,1911,70,260325
5404,4.3e-05,172.217.194.0-255,4320,6231,70,260325
5405,5.4e-05,172.31.40.0-255,66,6297,70,260325
5406,6e-05,172.217.194.0-255,4320,10617,70,260325
5407,6.4e-05,172.31.40.0-255,66,10683,70,260325
5408,8.3e-05,172.217.194.0-255,2902,13585,70,260325
5409,8.6e-05,172.31.40.0-255,66,13651,70,260325
5410,0.000123,172.217.194.0-255,7563,21214,70,260325
5411,0.000127,172.31.40.0-255,66,21280,70,260325
5412,0.000136,172.217.194.0-255,9633,30913,70,260325
5413,0.000139,172.31.40.0-255,66,30979,70,260325
5414,0.000164,172.217.194.0-255,1484,32463,70,260325
5415,0.000166,172.31.40.0-255,66,32529,70,260325
5416,0.000171,172.217.194.0-255,2902,35431,70,260325
5417,0.000173,172.31.40.0-255,66,35497,70,260325
5418,0.000178,172.217.194.0-255,1484,36981,70,260325
5419,0.00018,172.31.40.0-255,66,37047,70,260325
5420,0.000208,172.217.194.0-255,4320,41367,70,260325
5421,0.00021,172.31.40.0-255,66,41433,70,260325
5422,0.000217,172.217.194.0-255,5738,47171,70,260325
5423,0.000219,172.31.40.0-255,66,47237,70,260325
5424,0.000225,172.217.194.0-255,4320,51557,70,260325
5425,0.000228,172.31.40.0-255,66,51623,70,260325
5426,0.000257,172.217.194.0-255,8574,60197,70,260325
5427,0.000259,172.31.40.0-255,66,60263,70,260325
5428,0.000266,172.217.194.0-255,5020,65283,70,260325
5429,0.000268,172.31.40.0-255,66,65349,70,260325
5430,0.000288,172.217.194.0-255,396,65745,70,260325
5431,0.00029,172.31.40.0-255,66,65811,70,260325
5432,0.00035,172.217.194.0-255,377,66188,70,260325
5433,0.000512,172.217.194.0-255,1484,67672,70,260325
5434,0.000516,172.31.40.0-255,66,67738,70,260325
5435,0.000521,172.217.194.0-255,2902,70640,70,260325
5436,0.000524,172.31.40.0-255,66,70706,70,260325
5437,0.000558,172.217.194.0-255,5738,76444,70,260325
5438,0.000561,172.31.40.0-255,66,76510,70,260325
5439,0.000566,172.217.194.0-255,4320,80830,70,260325
5440,0.000569,172.31.40.0-255,66,80896,70,260325
5441,0.000594,172.217.194.0-255,1995,82891,70,260325
5442,0.000597,172.31.40.0-255,66,82957,70,260325
5443,0.0008,172.217.194.0-255,1484,84441,70,260325
5444,0.000808,172.217.194.0-255,2902,87343,70,260325
5445,0.000812,172.31.40.0-255,66,87409,70,260325
5446,0.000819,172.217.194.0-255,5738,93147,70,260325
5447,0.000822,172.31.40.0-255,66,93213,70,260325
5448,0.000825,172.217.194.0-255,1484,94697,70,260325
5449,0.00086,172.31.40.0-255,66,94763,70,260325
5450,0.000865,172.217.194.0-255,4320,99083,70,260325
5451,0.000867,172.31.40.0-255,66,99149,70,260325
5452,0.000895,172.217.194.0-255,6438,105587,70,260325
5453,0.000898,172.31.40.0-255,66,105653,70,260325
5454,0.001486,172.217.194.0-255,1484,107137,70,260325
5455,0.001492,172.217.194.0-255,2902,110039,70,260325
5456,0.001496,172.31.40.0-255,66,110105,70,260325
5457,0.001513,172.217.194.0-255,5738,115843,70,260325
5458,0.001515,172.31.40.0-255,66,115909,70,260325
5459,0.001527,172.217.194.0-255,7156,123065,70,260325
5460,0.00153,172.31.40.0-255,66,123131,70,260325
5461,0.001533,172.217.194.0-255,1484,124615,70,260325
5462,0.001585,172.31.40.0-255,66,124681,70,260325
5463,0.001589,172.217.194.0-255,2184,126865,70,260325
5464,0.001591,172.31.40.0-255,66,126931,70,260325
5465,0.001625,172.217.194.0-255,1484,128415,70,260325
5466,0.00163,172.217.194.0-255,2902,131317,70,260325
5467,0.001633,172.31.40.0-255,66,131383,70,260325
5468,0.001639,172.217.194.0-255,5738,137121,70,260325
5469,0.001641,172.31.40.0-255,66,137187,70,260325
5470,0.001686,172.31.40.0-255,66,137253,70,260325
5471,0.001696,172.217.194.0-255,10692,147945,70,260325
5472,0.001699,172.31.40.0-255,66,148011,70,260325
5473,0.001727,172.217.194.0-255,1484,149495,70,260325
5474,0.001732,172.217.194.0-255,2902,152397,70,260325
5475,0.001734,172.31.40.0-255,66,152463,70,260325
5476,0.001741,172.217.194.0-255,5738,158201,70,260325
5477,0.001743,172.31.40.0-255,66,158267,70,260325
5478,0.001779,172.217.194.0-255,1484,159751,70,260325
5479,0.001824,172.31.40.0-255,66,159817,70,260325
5480,0.001835,172.217.194.0-255,10692,170509,70,260325
5481,0.001838,172.31.40.0-255,66,170575,70,260325
5482,0.001851,172.31.40.0-255,66,170641,70,260325
5483,0.001888,172.31.40.0-255,66,170707,70,260325
5484,0.001896,172.217.194.0-255,7856,178563,70,260325
5485,0.001898,172.31.40.0-255,66,178629,70,260325
5486,0.001907,172.217.194.0-255,1484,180113,70,260325
5487,0.001911,172.217.194.0-255,2902,183015,70,260325
5488,0.001913,172.31.40.0-255,66,183081,70,260325
5489,0.001919,172.217.194.0-255,5738,188819,70,260325
5490,0.001922,172.31.40.0-255,66,188885,70,260325
5491,0.001925,172.217.194.0-255,1484,190369,70,260325
5492,0.00197,172.31.40.0-255,66,190435,70,260325
5493,0.001981,172.217.194.0-255,10692,201127,70,260325
5494,0.001983,172.31.40.0-255,66,201193,70,260325
5495,0.002012,172.217.194.0-255,9992,211185,70,260325
5496,0.002015,172.31.40.0-255,66,211251,70,260325
5497,0.002046,172.217.194.0-255,1484,212735,70,260325
5498,0.002074,172.31.40.0-255,66,212801,70,260325
5499,0.002087,172.217.194.0-255,6438,219239,70,260325
5500,0.002104,172.217.194.0-255,4320,223559,70,260325
5501,0.002121,172.217.194.0-255,5738,229297,70,260325
5502,0.002137,172.217.194.0-255,8574,237871,70,260325
5503,0.002146,172.31.40.0-255,66,237937,70,260325
5504,0.002156,172.217.194.0-255,1484,239421,70,260325
5505,0.002165,172.217.194.0-255,3602,243023,70,260325
5506,0.002172,172.217.194.0-255,7156,250179,70,260325
5507,0.002218,172.31.40.0-255,66,250245,70,260325
5508,0.002289,172.31.40.0-255,66,250311,70,260325
5509,0.002292,172.217.194.0-255,766,251077,70,260325
5510,0.002306,172.217.194.0-255,8809,259886,70,260325
5511,0.002308,172.217.194.0-255,97,259983,70,260325
5512,0.00231,172.217.194.0-255,105,260088,70,260325
5513,0.00233,172.31.40.0-255,66,260154,70,260325
5514,0.004483,172.31.40.0-255,105,260259,70,260325
5515,0.006906,172.217.194.0-255,66,260325,70,260325
5516,0.0,172.31.40.0-255,66,66,70,66
5517,0.0,74.125.68.0-255,297,297,70,255638
5518,1.4e-05,172.31.40.0-255,66,363,70,255638
5519,1.9e-05,74.125.68.0-255,1484,1847,70,255638
5520,2.3e-05,172.31.40.0-255,66,1913,70,255638
5521,3e-05,74.125.68.0-255,4320,6233,70,255638
5522,4e-05,172.31.40.0-255,66,6299,70,255638
5523,4.4e-05,74.125.68.0-255,1484,7783,70,255638
5524,4.6e-05,172.31.40.0-255,66,7849,70,255638
5525,8e-05,74.125.68.0-255,6155,14004,70,255638
5526,8.4e-05,172.31.40.0-255,66,14070,70,255638
5527,0.000135,74.125.68.0-255,1484,15554,70,255638
5528,0.000138,172.31.40.0-255,66,15620,70,255638
5529,0.000164,74.125.68.0-255,1484,17104,70,255638
5530,0.000168,74.125.68.0-255,2902,20006,70,255638
5531,0.000173,172.31.40.0-255,66,20072,70,255638
5532,0.000177,172.31.40.0-255,66,20138,70,255638
5533,0.000194,74.125.68.0-255,5738,25876,70,255638
5534,0.000196,172.31.40.0-255,66,25942,70,255638
5535,0.000207,74.125.68.0-255,5379,31321,70,255638
5536,0.000209,172.31.40.0-255,66,31387,70,255638
5537,0.000787,74.125.68.0-255,1484,32871,70,255638
5538,0.000793,172.31.40.0-255,66,32937,70,255638
5539,0.000798,74.125.68.0-255,1484,34421,70,255638
5540,0.000801,172.31.40.0-255,66,34487,70,255638
5541,0.00082,74.125.68.0-255,1484,35971,70,255638
5542,0.000822,172.31.40.0-255,66,36037,70,255638
5543,0.000833,74.125.68.0-255,5738,41775,70,255638
5544,0.000836,172.31.40.0-255,66,41841,70,255638
5545,0.00084,74.125.68.0-255,2902,44743,70,255638
5546,0.000842,172.31.40.0-255,66,44809,70,255638
5547,0.000867,74.125.68.0-255,3961,48770,70,255638
5548,0.00087,172.31.40.0-255,66,48836,70,255638
5549,0.000873,74.125.68.0-255,1484,50320,70,255638
5550,0.000903,74.125.68.0-255,5738,56058,70,255638
5551,0.000906,172.31.40.0-255,66,56124,70,255638
5552,0.000913,74.125.68.0-255,7156,63280,70,255638
5553,0.000916,172.31.40.0-255,66,63346,70,255638
5554,0.000943,74.125.68.0-255,2820,66166,70,255638
5555,0.000949,172.31.40.0-255,66,66232,70,255638
5556,0.000972,74.125.68.0-255,408,66640,70,255638
5557,0.001236,74.125.68.0-255,1484,68124,70,255638
5558,0.001242,172.31.40.0-255,66,68190,70,255638
5559,0.001248,74.125.68.0-255,2902,71092,70,255638
5560,0.001251,172.31.40.0-255,66,71158,70,255638
5561,0.001253,74.125.68.0-255,1484,72642,70,255638
5562,0.001263,74.125.68.0-255,2902,75544,70,255638
5563,0.001266,172.31.40.0-255,66,75610,70,255638
5564,0.001302,74.125.68.0-255,5738,81348,70,255638
5565,0.001305,172.31.40.0-255,66,81414,70,255638
5566,0.001312,74.125.68.0-255,5738,87152,70,255638
5567,0.001315,172.31.40.0-255,66,87218,70,255638
5568,0.001353,74.125.68.0-255,2902,90120,70,255638
5569,0.001356,172.31.40.0-255,66,90186,70,255638
5570,0.001366,74.125.68.0-255,9992,100178,70,255638
5571,0.001369,172.31.40.0-255,66,100244,70,255638
5572,0.001371,74.125.68.0-255,766,101010,70,255638
5573,0.001412,74.125.68.0-255,1484,102494,70,255638
5574,0.001416,172.31.40.0-255,66,102560,70,255638
5575,0.001421,74.125.68.0-255,2902,105462,70,255638
5576,0.001423,172.31.40.0-255,66,105528,70,255638
5577,0.001461,74.125.68.0-255,5738,111266,70,255638
5578,0.001464,172.31.40.0-255,66,111332,70,255638
5579,0.001473,74.125.68.0-255,8574,119906,70,255638
5580,0.001475,172.31.40.0-255,66,119972,70,255638
5581,0.001508,74.125.68.0-255,9992,129964,70,255638
5582,0.001511,172.31.40.0-255,66,130030,70,255638
5583,0.00156,74.125.68.0-255,4320,134350,70,255638
5584,0.001564,172.31.40.0-255,66,134416,70,255638
5585,0.001583,74.125.68.0-255,766,135182,70,255638
5586,0.001593,74.125.68.0-255,1484,136666,70,255638
5587,0.001596,172.31.40.0-255,66,136732,70,255638
5588,0.0016,74.125.68.0-255,2902,139634,70,255638
5589,0.001603,172.31.40.0-255,66,139700,70,255638
5590,0.001608,74.125.68.0-255,5738,145438,70,255638
5591,0.001611,172.31.40.0-255,66,145504,70,255638
5592,0.001615,74.125.68.0-255,2902,148406,70,255638
5593,0.001617,172.31.40.0-255,66,148472,70,255638
5594,0.00162,74.125.68.0-255,1484,149956,70,255638
5595,0.001649,74.125.68.0-255,2902,152858,70,255638
5596,0.001652,172.31.40.0-255,66,152924,70,255638
5597,0.00166,74.125.68.0-255,8574,161498,70,255638
5598,0.001663,172.31.40.0-255,66,161564,70,255638
5599,0.001666,74.125.68.0-255,1484,163048,70,255638
5600,0.001696,74.125.68.0-255,4320,167368,70,255638
5601,0.001699,172.31.40.0-255,66,167434,70,255638
5602,0.001724,74.125.68.0-255,2184,169618,70,255638
5603,0.001727,172.31.40.0-255,66,169684,70,255638
5604,0.001769,74.125.68.0-255,1484,171168,70,255638
5605,0.001774,74.125.68.0-255,2902,174070,70,255638
5606,0.001778,172.31.40.0-255,66,174136,70,255638
5607,0.001803,74.125.68.0-255,5738,179874,70,255638
5608,0.001806,172.31.40.0-255,66,179940,70,255638
5609,0.001846,74.125.68.0-255,7156,187096,70,255638
5610,0.001849,172.31.40.0-255,66,187162,70,255638
5611,0.001858,74.125.68.0-255,8574,195736,70,255638
5612,0.001861,172.31.40.0-255,66,195802,70,255638
5613,0.001863,74.125.68.0-255,1484,197286,70,255638
5614,0.001906,74.125.68.0-255,6438,203724,70,255638
5615,0.001909,172.31.40.0-255,66,203790,70,255638
5616,0.001947,74.125.68.0-255,1484,205274,70,255638
5617,0.001969,74.125.68.0-255,2902,208176,70,255638
5618,0.001972,172.31.40.0-255,66,208242,70,255638
5619,0.001976,74.125.68.0-255,1484,209726,70,255638
5620,0.001979,74.125.68.0-255,1484,211210,70,255638
5621,0.001981,172.31.40.0-255,66,211276,70,255638
5622,0.002013,74.125.68.0-255,4320,215596,70,255638
5623,0.002017,172.31.40.0-255,66,215662,70,255638
5624,0.002029,74.125.68.0-255,2902,218564,70,255638
5625,0.002032,172.31.40.0-255,66,218630,70,255638
5626,0.00206,74.125.68.0-255,7156,225786,70,255638
5627,0.002074,74.125.68.0-255,766,226552,70,255638
5628,0.00672,172.31.40.0-255,66,226618,70,255638
5629,0.009039,74.125.68.0-255,5738,232356,70,255638
5630,0.00905,172.31.40.0-255,66,232422,70,255638
5631,0.011368,74.125.68.0-255,5738,238160,70,255638
5632,0.011377,172.31.40.0-255,66,238226,70,255638
5633,0.013688,74.125.68.0-255,5738,243964,70,255638
5634,0.013698,172.31.40.0-255,66,244030,70,255638
5635,0.016003,74.125.68.0-255,5738,249768,70,255638
5636,0.016011,172.31.40.0-255,66,249834,70,255638
5637,0.018318,74.125.68.0-255,5738,255572,70,255638
5638,0.018328,172.31.40.0-255,66,255638,70,255638
5639,0.0,74.125.24.0-255,152,152,70,351069
5640,2.2e-05,172.31.40.0-255,66,218,70,351069
5641,5.6e-05,74.125.24.0-255,1484,1702,70,351069
5642,6.2e-05,172.31.40.0-255,66,1768,70,351069
5643,9.1e-05,74.125.24.0-255,2902,4670,70,351069
5644,9.4e-05,172.31.40.0-255,66,4736,70,351069
5645,0.000122,74.125.24.0-255,4320,9056,70,351069
5646,0.000126,172.31.40.0-255,66,9122,70,351069
5647,0.000137,74.125.24.0-255,1484,10606,70,351069
5648,0.000146,172.31.40.0-255,66,10672,70,351069
5649,0.00017,74.125.24.0-255,7766,18438,70,351069
5650,0.000173,172.31.40.0-255,66,18504,70,351069
5651,0.000186,172.31.40.0-255,66,18570,70,351069
5652,0.000211,74.125.24.0-255,1125,19695,70,351069
5653,0.000213,172.31.40.0-255,66,19761,70,351069
5654,0.000262,74.125.24.0-255,1484,21245,70,351069
5655,0.000264,172.31.40.0-255,66,21311,70,351069
5656,0.00027,74.125.24.0-255,2902,24213,70,351069
5657,0.000271,172.31.40.0-255,66,24279,70,351069
5658,0.000294,74.125.24.0-255,5738,30017,70,351069
5659,0.000297,172.31.40.0-255,66,30083,70,351069
5660,0.000338,74.125.24.0-255,6797,36880,70,351069
5661,0.000341,172.31.40.0-255,66,36946,70,351069
5662,0.000349,74.125.24.0-255,7156,44102,70,351069
5663,0.000352,172.31.40.0-255,66,44168,70,351069
5664,0.000354,74.125.24.0-255,1484,45652,70,351069
5665,0.000357,172.31.40.0-255,66,45718,70,351069
5666,0.000395,74.125.24.0-255,8489,54207,70,351069
5667,0.000399,172.31.40.0-255,66,54273,70,351069
5668,0.00106,74.125.24.0-255,131,54404,70,351069
5669,0.001066,172.31.40.0-255,66,54470,70,351069
5670,0.001093,74.125.24.0-255,1484,55954,70,351069
5671,0.001099,74.125.24.0-255,2902,58856,70,351069
5672,0.001101,172.31.40.0-255,66,58922,70,351069
5673,0.001136,74.125.24.0-255,2902,61824,70,351069
5674,0.001139,172.31.40.0-255,66,61890,70,351069
5675,0.001176,74.125.24.0-255,4320,66210,70,351069
5676,0.001179,172.31.40.0-255,66,66276,70,351069
5677,0.001183,74.125.24.0-255,2902,69178,70,351069
5678,0.001185,172.31.40.0-255,66,69244,70,351069
5679,0.001198,172.31.40.0-255,66,69310,70,351069
5680,0.001203,74.125.24.0-255,4320,73630,70,351069
5681,0.001206,172.31.40.0-255,66,73696,70,351069
5682,0.001237,74.125.24.0-255,3602,77298,70,351069
5683,0.00124,172.31.40.0-255,66,77364,70,351069
5684,0.00223,74.125.24.0-255,1484,78848,70,351069
5685,0.002254,74.125.24.0-255,2902,81750,70,351069
5686,0.002259,172.31.40.0-255,66,81816,70,351069
5687,0.002267,74.125.24.0-255,5738,87554,70,351069
5688,0.002269,172.31.40.0-255,66,87620,70,351069
5689,0.002316,74.125.24.0-255,4320,91940,70,351069
5690,0.002318,172.31.40.0-255,66,92006,70,351069
5691,0.002347,74.125.24.0-255,7156,99162,70,351069
5692,0.00235,172.31.40.0-255,66,99228,70,351069
5693,0.002357,74.125.24.0-255,5738,104966,70,351069
5694,0.002359,172.31.40.0-255,66,105032,70,351069
5695,0.002387,74.125.24.0-255,6438,111470,70,351069
5696,0.002389,172.31.40.0-255,66,111536,70,351069
5697,0.002804,74.125.24.0-255,1484,113020,70,351069
5698,0.002824,74.125.24.0-255,2902,115922,70,351069
5699,0.002826,172.31.40.0-255,66,115988,70,351069
5700,0.002831,74.125.24.0-255,2902,118890,70,351069
5701,0.002832,172.31.40.0-255,66,118956,70,351069
5702,0.002856,74.125.24.0-255,2902,121858,70,351069
5703,0.002858,172.31.40.0-255,66,121924,70,351069
5704,0.002871,74.125.24.0-255,8574,130498,70,351069
5705,0.002873,172.31.40.0-255,66,130564,70,351069
5706,0.002914,74.125.24.0-255,2902,133466,70,351069
5707,0.002916,172.31.40.0-255,66,133532,70,351069
5708,0.002956,172.31.40.0-255,66,133598,70,351069
5709,0.00314,74.125.24.0-255,1484,135082,70,351069
5710,0.003145,74.125.24.0-255,2902,137984,70,351069
5711,0.003148,172.31.40.0-255,66,138050,70,351069
5712,0.003179,74.125.24.0-255,5738,143788,70,351069
5713,0.003182,172.31.40.0-255,66,143854,70,351069
5714,0.003217,172.31.40.0-255,66,143920,70,351069
5715,0.003222,74.125.24.0-255,2902,146822,70,351069
5716,0.003224,172.31.40.0-255,66,146888,70,351069
5717,0.003229,74.125.24.0-255,4320,151208,70,351069
5718,0.003232,172.31.40.0-255,66,151274,70,351069
5719,0.003253,74.125.24.0-255,1484,152758,70,351069
5720,0.00328,74.125.24.0-255,2184,154942,70,351069
5721,0.003283,172.31.40.0-255,66,155008,70,351069
5722,0.003288,74.125.24.0-255,2902,157910,70,351069
5723,0.003291,172.31.40.0-255,66,157976,70,351069
5724,0.003317,74.125.24.0-255,1484,159460,70,351069
5725,0.003326,74.125.24.0-255,9992,169452,70,351069
5726,0.003329,172.31.40.0-255,66,169518,70,351069
5727,0.003336,74.125.24.0-255,7156,176674,70,351069
5728,0.003338,172.31.40.0-255,66,176740,70,351069
5729,0.003373,74.125.24.0-255,2902,179642,70,351069
5730,0.003375,172.31.40.0-255,66,179708,70,351069
5731,0.003411,74.125.24.0-255,9274,188982,70,351069
5732,0.003413,172.31.40.0-255,66,189048,70,351069
5733,0.003944,74.125.24.0-255,1484,190532,70,351069
5734,0.003956,74.125.24.0-255,2902,193434,70,351069
5735,0.003959,172.31.40.0-255,66,193500,70,351069
5736,0.003985,74.125.24.0-255,5738,199238,70,351069
5737,0.003988,172.31.40.0-255,66,199304,70,351069
5738,0.004058,74.125.24.0-255,9992,209296,70,351069
5739,0.00406,172.31.40.0-255,66,209362,70,351069
5740,0.00409,74.125.24.0-255,2902,212264,70,351069
5741,0.004093,172.31.40.0-255,66,212330,70,351069
5742,0.004099,74.125.24.0-255,5738,218068,70,351069
5743,0.004102,172.31.40.0-255,66,218134,70,351069
5744,0.004108,74.125.24.0-255,5020,223154,70,351069
5745,0.004111,172.31.40.0-255,66,223220,70,351069
5746,0.004117,74.125.24.0-255,5738,228958,70,351069
5747,0.00412,172.31.40.0-255,66,229024,70,351069
5748,0.00413,74.125.24.0-255,9992,239016,70,351069
5749,0.004133,172.31.40.0-255,66,239082,70,351069
5750,0.004162,74.125.24.0-255,2902,241984,70,351069
5751,0.004165,172.31.40.0-255,66,242050,70,351069
5752,0.004171,74.125.24.0-255,4320,246370,70,351069
5753,0.004173,172.31.40.0-255,66,246436,70,351069
5754,0.0042,74.125.24.0-255,7156,253592,70,351069
5755,0.004203,172.31.40.0-255,66,253658,70,351069
5756,0.004233,74.125.24.0-255,3602,257260,70,351069
5757,0.004236,172.31.40.0-255,66,257326,70,351069
5758,0.004243,74.125.24.0-255,7156,264482,70,351069
5759,0.004246,172.31.40.0-255,66,264548,70,351069
5760,0.004266,74.125.24.0-255,4320,268868,70,351069
5761,0.004268,172.31.40.0-255,66,268934,70,351069
5762,0.004273,74.125.24.0-255,4320,273254,70,351069
5763,0.004275,172.31.40.0-255,66,273320,70,351069
5764,0.004316,74.125.24.0-255,8574,281894,70,351069
5765,0.00432,172.31.40.0-255,66,281960,70,351069
5766,0.004328,74.125.24.0-255,8574,290534,70,351069
5767,0.00433,172.31.40.0-255,66,290600,70,351069
5768,0.004333,74.125.24.0-255,1484,292084,70,351069
5769,0.004363,74.125.24.0-255,10692,302776,70,351069
5770,0.004366,172.31.40.0-255,66,302842,70,351069
5771,0.004373,74.125.24.0-255,7156,309998,70,351069
5772,0.004376,172.31.40.0-255,66,310064,70,351069
5773,0.004404,74.125.24.0-255,5738,315802,70,351069
5774,0.004407,172.31.40.0-255,66,315868,70,351069
5775,0.004416,74.125.24.0-255,9274,325142,70,351069
5776,0.004418,172.31.40.0-255,66,325208,70,351069
5777,0.004427,74.125.24.0-255,9992,335200,70,351069
5778,0.00443,172.31.40.0-255,66,335266,70,351069
5779,0.004456,74.125.24.0-255,8574,343840,70,351069
5780,0.004459,172.31.40.0-255,66,343906,70,351069
5781,0.004485,74.125.24.0-255,4320,348226,70,351069
5782,0.004488,172.31.40.0-255,66,348292,70,351069
5783,0.004492,74.125.24.0-255,2369,350661,70,351069
5784,0.004494,172.31.40.0-255,66,350727,70,351069
5785,0.004518,74.125.24.0-255,105,350832,70,351069
5786,0.006673,172.31.40.0-255,66,350898,70,351069
5787,0.006709,172.31.40.0-255,105,351003,70,351069
5788,0.009062,74.125.24.0-255,66,351069,70,351069
5789,0.0,74.125.24.0-255,153,153,70,369314
5790,2.3e-05,172.31.40.0-255,66,219,70,369314
5791,3e-05,74.125.24.0-255,1484,1703,70,369314
5792,3.4e-05,172.31.40.0-255,66,1769,70,369314
5793,4e-05,74.125.24.0-255,2902,4671,70,369314
5794,4.2e-05,172.31.40.0-255,66,4737,70,369314
5795,6.6e-05,74.125.24.0-255,4320,9057,70,369314
5796,6.9e-05,172.31.40.0-255,66,9123,70,369314
5797,8.7e-05,74.125.24.0-255,2902,12025,70,369314
5798,9e-05,172.31.40.0-255,66,12091,70,369314
5799,9.3e-05,74.125.24.0-255,1484,13575,70,369314
5800,9.5e-05,172.31.40.0-255,66,13641,70,369314
5801,0.000117,74.125.24.0-255,6318,19959,70,369314
5802,0.00012,172.31.40.0-255,66,20025,70,369314
5803,0.000124,74.125.24.0-255,4320,24345,70,369314
5804,0.000127,172.31.40.0-255,66,24411,70,369314
5805,0.000175,74.125.24.0-255,6797,31208,70,369314
5806,0.000178,172.31.40.0-255,66,31274,70,369314
5807,0.001191,74.125.24.0-255,1484,32758,70,369314
5808,0.001199,172.31.40.0-255,66,32824,70,369314
5809,0.001207,74.125.24.0-255,1484,34308,70,369314
5810,0.001209,172.31.40.0-255,66,34374,70,369314
5811,0.001227,74.125.24.0-255,1484,35858,70,369314
5812,0.001229,172.31.40.0-255,66,35924,70,369314
5813,0.001251,74.125.24.0-255,4320,40244,70,369314
5814,0.001254,172.31.40.0-255,66,40310,70,369314
5815,0.00126,74.125.24.0-255,4320,44630,70,369314
5816,0.001261,172.31.40.0-255,66,44696,70,369314
5817,0.001274,74.125.24.0-255,1484,46180,70,369314
5818,0.001276,172.31.40.0-255,66,46246,70,369314
5819,0.00129,74.125.24.0-255,2543,48789,70,369314
5820,0.001292,172.31.40.0-255,66,48855,70,369314
5821,0.001676,74.125.24.0-255,1484,50339,70,369314
5822,0.001684,74.125.24.0-255,2902,53241,70,369314
5823,0.001686,172.31.40.0-255,66,53307,70,369314
5824,0.001721,74.125.24.0-255,5738,59045,70,369314
5825,0.001724,172.31.40.0-255,66,59111,70,369314
5826,0.001738,74.125.24.0-255,4320,63431,70,369314
5827,0.00174,172.31.40.0-255,66,63497,70,369314
5828,0.001761,74.125.24.0-255,9633,73130,70,369314
5829,0.001764,172.31.40.0-255,66,73196,70,369314
5830,0.00177,74.125.24.0-255,5738,78934,70,369314
5831,0.001772,172.31.40.0-255,66,79000,70,369314
5832,0.001806,74.125.24.0-255,8574,87574,70,369314
5833,0.001808,172.31.40.0-255,66,87640,70,369314
5834,0.001817,74.125.24.0-255,9992,97632,70,369314
5835,0.001819,172.31.40.0-255,66,97698,70,369314
5836,0.001843,74.125.24.0-255,2184,99882,70,369314
5837,0.001911,74.125.24.0-255,1484,101366,70,369314
5838,0.001915,74.125.24.0-255,1484,102850,70,369314
5839,0.00193,74.125.24.0-255,1484,104334,70,369314
5840,0.001937,74.125.24.0-255,5738,110072,70,369314
5841,0.001939,74.125.24.0-255,1484,111556,70,369314
5842,0.001965,74.125.24.0-255,5264,116820,70,369314
5843,0.002087,74.125.24.0-255,760,117580,70,369314
5844,0.002109,74.125.24.0-255,1484,119064,70,369314
5845,0.002129,74.125.24.0-255,1484,120548,70,369314
5846,0.002143,74.125.24.0-255,2902,123450,70,369314
5847,0.002146,74.125.24.0-255,1484,124934,70,369314
5848,0.002169,74.125.24.0-255,8574,133508,70,369314
5849,0.002174,74.125.24.0-255,2902,136410,70,369314
5850,0.002201,74.125.24.0-255,8574,144984,70,369314
5851,0.00226,74.125.24.0-255,4320,149304,70,369314
5852,0.002275,74.125.24.0-255,2184,151488,70,369314
5853,0.002496,74.125.24.0-255,1484,152972,70,369314
5854,0.002518,74.125.24.0-255,2902,155874,70,369314
5855,0.00253,74.125.24.0-255,1484,157358,70,369314
5856,0.002543,74.125.24.0-255,1484,158842,70,369314
5857,0.002561,74.125.24.0-255,7156,165998,70,369314
5858,0.002564,74.125.24.0-255,1484,167482,70,369314
5859,0.002576,74.125.24.0-255,1484,168966,70,369314
5860,0.002597,74.125.24.0-255,4320,173286,70,369314
5861,0.002624,74.125.24.0-255,9992,183278,70,369314
5862,0.002629,74.125.24.0-255,2184,185462,70,369314
5863,0.002724,74.125.24.0-255,1484,186946,70,369314
5864,0.002741,74.125.24.0-255,2902,189848,70,369314
5865,0.002765,74.125.24.0-255,4320,194168,70,369314
5866,0.002775,74.125.24.0-255,1484,195652,70,369314
5867,0.002783,74.125.24.0-255,7156,202808,70,369314
5868,0.002827,74.125.24.0-255,7156,209964,70,369314
5869,0.002845,74.125.24.0-255,7156,217120,70,369314
5870,0.00288,74.125.24.0-255,1484,218604,70,369314
5871,0.002959,74.125.24.0-255,9992,228596,70,369314
5872,0.002975,74.125.24.0-255,4320,232916,70,369314
5873,0.002984,74.125.24.0-255,7856,240772,70,369314
5874,0.003063,74.125.24.0-255,1484,242256,70,369314
5875,0.00308,74.125.24.0-255,2902,245158,70,369314
5876,0.003101,74.125.24.0-255,5738,250896,70,369314
5877,0.003122,74.125.24.0-255,7156,258052,70,369314
5878,0.003148,74.125.24.0-255,5738,263790,70,369314
5879,0.003158,74.125.24.0-255,10692,274482,70,369314
5880,0.003217,74.125.24.0-255,1484,275966,70,369314
5881,0.003234,74.125.24.0-255,2902,278868,70,369314
5882,0.003258,74.125.24.0-255,5738,284606,70,369314
5883,0.003262,74.125.24.0-255,1484,286090,70,369314
5884,0.003274,74.125.24.0-255,2902,288992,70,369314
5885,0.003303,74.125.24.0-255,8574,297566,70,369314
5886,0.003312,74.125.24.0-255,8574,306140,70,369314
5887,0.003328,74.125.24.0-255,1484,307624,70,369314
5888,0.003357,74.125.24.0-255,2902,310526,70,369314
5889,0.003375,74.125.24.0-255,9992,320518,70,369314
5890,0.003402,74.125.24.0-255,3602,324120,70,369314
5891,0.003433,74.125.24.0-255,1484,325604,70,369314
5892,0.003435,74.125.24.0-255,766,326370,70,369314
5893,0.003647,172.31.40.0-255,66,326436,70,369314
5894,0.003842,74.125.24.0-255,1484,327920,70,369314
5895,0.003847,74.125.24.0-255,1484,329404,70,369314
5896,0.00386,74.125.24.0-255,1484,330888,70,369314
5897,0.003863,172.31.40.0-255,66,330954,70,369314
5898,0.003875,74.125.24.0-255,5738,336692,70,369314
5899,0.003899,74.125.24.0-255,7156,343848,70,369314
5900,0.003912,74.125.24.0-255,5738,349586,70,369314
5901,0.003926,172.31.40.0-255,66,349652,70,369314
5902,0.003983,74.125.24.0-255,5738,355390,70,369314
5903,0.003999,74.125.24.0-255,5020,360410,70,369314
5904,0.004016,172.31.40.0-255,66,360476,70,369314
5905,0.005078,74.125.24.0-255,1484,361960,70,369314
5906,0.005084,74.125.24.0-255,1484,363444,70,369314
5907,0.005087,172.31.40.0-255,66,363510,70,369314
5908,0.005106,74.125.24.0-255,1484,364994,70,369314
5909,0.005123,74.125.24.0-255,3811,368805,70,369314
5910,0.005128,172.31.40.0-255,66,368871,70,369314
5911,0.005165,74.125.24.0-255,105,368976,70,369314
5912,0.005682,172.31.40.0-255,101,369077,70,369314
5913,0.008107,74.125.24.0-255,66,369143,70,369314
5914,0.009975,172.31.40.0-255,105,369248,70,369314
5915,0.01237,74.125.24.0-255,66,369314,70,369314
5916,0.0,74.125.68.0-255,150,150,70,254156
5917,2.3e-05,172.31.40.0-255,66,216,70,254156
5918,3e-05,74.125.68.0-255,1484,1700,70,254156
5919,3.4e-05,172.31.40.0-255,66,1766,70,254156
5920,3.7e-05,74.125.68.0-255,1484,3250,70,254156
5921,4.1e-05,172.31.40.0-255,66,3316,70,254156
5922,4.7e-05,74.125.68.0-255,2902,6218,70,254156
5923,5e-05,172.31.40.0-255,66,6284,70,254156
5924,5.7e-05,74.125.68.0-255,5738,12022,70,254156
5925,6e-05,172.31.40.0-255,66,12088,70,254156
5926,6.4e-05,74.125.68.0-255,2064,14152,70,254156
5927,6.7e-05,172.31.40.0-255,66,14218,70,254156
5928,9.3e-05,74.125.68.0-255,2902,17120,70,254156
5929,9.6e-05,172.31.40.0-255,66,17186,70,254156
5930,0.000101,74.125.68.0-255,2902,20088,70,254156
5931,0.000103,172.31.40.0-255,66,20154,70,254156
5932,0.00013,74.125.68.0-255,4320,24474,70,254156
5933,0.000133,172.31.40.0-255,66,24540,70,254156
5934,0.00014,74.125.68.0-255,6797,31337,70,254156
5935,0.000143,172.31.40.0-255,66,31403,70,254156
5936,0.000228,74.125.68.0-255,1484,32887,70,254156
5937,0.000231,172.31.40.0-255,66,32953,70,254156
5938,0.000236,74.125.68.0-255,2902,35855,70,254156
5939,0.000238,172.31.40.0-255,66,35921,70,254156
5940,0.000243,74.125.68.0-255,2902,38823,70,254156
5941,0.000246,172.31.40.0-255,66,38889,70,254156
5942,0.00027,74.125.68.0-255,2902,41791,70,254156
5943,0.000273,172.31.40.0-255,66,41857,70,254156
5944,0.00028,74.125.68.0-255,6797,48654,70,254156
5945,0.000283,172.31.40.0-255,66,48720,70,254156
5946,0.0003,74.125.68.0-255,7156,55876,70,254156
5947,0.000303,172.31.40.0-255,66,55942,70,254156
5948,0.000322,74.125.68.0-255,2902,58844,70,254156
5949,0.000325,172.31.40.0-255,66,58910,70,254156
5950,0.000351,74.125.68.0-255,5738,64648,70,254156
5951,0.000354,172.31.40.0-255,66,64714,70,254156
5952,0.000372,74.125.68.0-255,1125,65839,70,254156
5953,0.000513,74.125.68.0-255,645,66484,70,254156
5954,0.000518,172.31.40.0-255,66,66550,70,254156
5955,0.000935,74.125.68.0-255,1484,68034,70,254156
5956,0.000954,74.125.68.0-255,2902,70936,70,254156
5957,0.000958,172.31.40.0-255,66,71002,70,254156
5958,0.000963,74.125.68.0-255,2902,73904,70,254156
5959,0.000965,172.31.40.0-255,66,73970,70,254156
5960,0.00098,74.125.68.0-255,2902,76872,70,254156
5961,0.000983,172.31.40.0-255,66,76938,70,254156
5962,0.000988,74.125.68.0-255,4320,81258,70,254156
5963,0.00099,172.31.40.0-255,66,81324,70,254156
5964,0.000995,74.125.68.0-255,4320,85644,70,254156
5965,0.000997,172.31.40.0-255,66,85710,70,254156
5966,0.001009,74.125.68.0-255,1484,87194,70,254156
5967,0.001032,74.125.68.0-255,4320,91514,70,254156
5968,0.001035,172.31.40.0-255,66,91580,70,254156
5969,0.001061,74.125.68.0-255,7156,98736,70,254156
5970,0.001063,172.31.40.0-255,66,98802,70,254156
5971,0.001067,74.125.68.0-255,2184,100986,70,254156
5972,0.001069,172.31.40.0-255,66,101052,70,254156
5973,0.001385,74.125.68.0-255,1484,102536,70,254156
5974,0.001391,74.125.68.0-255,2902,105438,70,254156
5975,0.001395,172.31.40.0-255,66,105504,70,254156
5976,0.001436,74.125.68.0-255,5738,111242,70,254156
5977,0.001439,172.31.40.0-255,66,111308,70,254156
5978,0.001461,74.125.68.0-255,1484,112792,70,254156
5979,0.001482,74.125.68.0-255,2902,115694,70,254156
5980,0.001485,172.31.40.0-255,66,115760,70,254156
5981,0.001506,74.125.68.0-255,4320,120080,70,254156
5982,0.001508,172.31.40.0-255,66,120146,70,254156
5983,0.00157,74.125.68.0-255,1484,121630,70,254156
5984,0.001584,74.125.68.0-255,2902,124532,70,254156
5985,0.001587,172.31.40.0-255,66,124598,70,254156
5986,0.001612,74.125.68.0-255,2902,127500,70,254156
5987,0.001614,172.31.40.0-255,66,127566,70,254156
5988,0.001637,74.125.68.0-255,4320,131886,70,254156
5989,0.00164,172.31.40.0-255,66,131952,70,254156
5990,0.001662,74.125.68.0-255,3602,135554,70,254156
5991,0.001665,172.31.40.0-255,66,135620,70,254156
5992,0.001731,74.125.68.0-255,1484,137104,70,254156
5993,0.001738,74.125.68.0-255,2902,140006,70,254156
5994,0.00174,172.31.40.0-255,66,140072,70,254156
5995,0.001753,74.125.68.0-255,1484,141556,70,254156
5996,0.001765,74.125.68.0-255,1484,143040,70,254156
5997,0.001767,172.31.40.0-255,66,143106,70,254156
5998,0.00179,74.125.68.0-255,4320,147426,70,254156
5999,0.001792,172.31.40.0-255,66,147492,70,254156
6000,0.001809,74.125.68.0-255,4320,151812,70,254156
6001,0.001811,172.31.40.0-255,66,151878,70,254156
6002,0.001844,74.125.68.0-255,8574,160452,70,254156
6003,0.001847,172.31.40.0-255,66,160518,70,254156
6004,0.001871,74.125.68.0-255,8574,169092,70,254156
6005,0.001874,172.31.40.0-255,66,169158,70,254156
6006,0.001891,74.125.68.0-255,766,169924,70,254156
6007,0.001895,74.125.68.0-255,1484,171408,70,254156
6008,0.001897,172.31.40.0-255,66,171474,70,254156
6009,0.001921,74.125.68.0-255,8574,180048,70,254156
6010,0.001923,172.31.40.0-255,66,180114,70,254156
6011,0.001929,74.125.68.0-255,4320,184434,70,254156
6012,0.001931,172.31.40.0-255,66,184500,70,254156
6013,0.001952,74.125.68.0-255,1484,185984,70,254156
6014,0.001991,172.31.40.0-255,66,186050,70,254156
6015,0.001996,74.125.68.0-255,3602,189652,70,254156
6016,0.001999,172.31.40.0-255,66,189718,70,254156
6017,0.002257,74.125.68.0-255,1484,191202,70,254156
6018,0.002279,74.125.68.0-255,2902,194104,70,254156
6019,0.002283,172.31.40.0-255,66,194170,70,254156
6020,0.00229,74.125.68.0-255,4320,198490,70,254156
6021,0.002292,172.31.40.0-255,66,198556,70,254156
6022,0.002314,74.125.68.0-255,8574,207130,70,254156
6023,0.002317,172.31.40.0-255,66,207196,70,254156
6024,0.002322,74.125.68.0-255,4320,211516,70,254156
6025,0.002324,172.31.40.0-255,66,211582,70,254156
6026,0.002347,74.125.68.0-255,1484,213066,70,254156
6027,0.002349,74.125.68.0-255,1484,214550,70,254156
6028,0.002353,172.31.40.0-255,66,214616,70,254156
6029,0.004631,74.125.68.0-255,2902,217518,70,254156
6030,0.004639,172.31.40.0-255,66,217584,70,254156
6031,0.00466,74.125.68.0-255,2902,220486,70,254156
6032,0.004663,172.31.40.0-255,66,220552,70,254156
6033,0.006954,74.125.68.0-255,2902,223454,70,254156
6034,0.006959,172.31.40.0-255,66,223520,70,254156
6035,0.006979,74.125.68.0-255,2902,226422,70,254156
6036,0.006981,172.31.40.0-255,66,226488,70,254156
6037,0.009283,74.125.68.0-255,5738,232226,70,254156
6038,0.00929,172.31.40.0-255,66,232292,70,254156
6039,0.011597,74.125.68.0-255,4320,236612,70,254156
6040,0.011603,172.31.40.0-255,66,236678,70,254156
6041,0.011625,74.125.68.0-255,1484,238162,70,254156
6042,0.013921,74.125.68.0-255,4320,242482,70,254156
6043,0.01393,172.31.40.0-255,66,242548,70,254156
6044,0.016247,74.125.68.0-255,5738,248286,70,254156
6045,0.016257,172.31.40.0-255,66,248352,70,254156
6046,0.018573,74.125.68.0-255,5738,254090,70,254156
6047,0.01858,172.31.40.0-255,66,254156,70,254156
6048,0.0,74.125.68.0-255,155,155,70,151528
6049,1.6e-05,172.31.40.0-255,66,221,70,151528
6050,2.4e-05,74.125.68.0-255,1484,1705,70,151528
6051,2.8e-05,172.31.40.0-255,66,1771,70,151528
6052,4.1e-05,74.125.68.0-255,2902,4673,70,151528
6053,4.4e-05,172.31.40.0-255,66,4739,70,151528
6054,0.000108,74.125.68.0-255,7156,11895,70,151528
6055,0.000112,172.31.40.0-255,66,11961,70,151528
6056,0.000281,74.125.68.0-255,2037,13998,70,151528
6057,0.000286,172.31.40.0-255,66,14064,70,151528
6058,0.000325,74.125.68.0-255,2902,16966,70,151528
6059,0.000329,172.31.40.0-255,66,17032,70,151528
6060,0.000393,74.125.68.0-255,7156,24188,70,151528
6061,0.000397,172.31.40.0-255,66,24254,70,151528
6062,0.000569,74.125.68.0-255,7156,31410,70,151528
6063,0.000574,172.31.40.0-255,66,31476,70,151528
6064,0.000605,74.125.68.0-255,8215,39691,70,151528
6065,0.000608,172.31.40.0-255,66,39757,70,151528
6066,0.000937,74.125.68.0-255,8215,47972,70,151528
6067,0.000942,172.31.40.0-255,66,48038,70,151528
6068,0.001127,74.125.68.0-255,1484,49522,70,151528
6069,0.001132,172.31.40.0-255,66,49588,70,151528
6070,0.001164,74.125.68.0-255,2902,52490,70,151528
6071,0.001166,172.31.40.0-255,66,52556,70,151528
6072,0.001227,74.125.68.0-255,1484,54040,70,151528
6073,0.00123,172.31.40.0-255,66,54106,70,151528
6074,0.001257,74.125.68.0-255,4320,58426,70,151528
6075,0.00126,172.31.40.0-255,66,58492,70,151528
6076,0.001389,74.125.68.0-255,6797,65289,70,151528
6077,0.001394,172.31.40.0-255,66,65355,70,151528
6078,0.001541,74.125.68.0-255,5738,71093,70,151528
6079,0.001548,172.31.40.0-255,66,71159,70,151528
6080,0.001579,74.125.68.0-255,8574,79733,70,151528
6081,0.001898,74.125.68.0-255,2543,82276,70,151528
6082,0.001948,74.125.68.0-255,5738,88014,70,151528
6083,0.002413,74.125.68.0-255,9992,98006,70,151528
6084,0.002878,74.125.68.0-255,2902,100908,70,151528
6085,0.002915,74.125.68.0-255,9992,110900,70,151528
6086,0.003876,74.125.68.0-255,5738,116638,70,151528
6087,0.006022,172.31.40.0-255,66,116704,70,151528
6088,0.008301,74.125.68.0-255,5738,122442,70,151528
6089,0.008312,172.31.40.0-255,66,122508,70,151528
6090,0.010588,74.125.68.0-255,5738,128246,70,151528
6091,0.010597,172.31.40.0-255,66,128312,70,151528
6092,0.012872,74.125.68.0-255,5738,134050,70,151528
6093,0.012887,172.31.40.0-255,66,134116,70,151528
6094,0.015174,74.125.68.0-255,5738,139854,70,151528
6095,0.015181,172.31.40.0-255,66,139920,70,151528
6096,0.017466,74.125.68.0-255,5738,145658,70,151528
6097,0.017473,172.31.40.0-255,66,145724,70,151528
6098,0.019746,74.125.68.0-255,5738,151462,70,151528
6099,0.019757,172.31.40.0-255,66,151528,70,151528
6100,0.0,74.125.24.0-255,152,152,70,304088
6101,2e-05,172.31.40.0-255,66,218,70,304088
6102,2.6e-05,74.125.24.0-255,1484,1702,70,304088
6103,3e-05,172.31.40.0-255,66,1768,70,304088
6104,3.5e-05,74.125.24.0-255,2902,4670,70,304088
6105,3.7e-05,172.31.40.0-255,66,4736,70,304088
6106,8.3e-05,74.125.24.0-255,7156,11892,70,304088
6107,8.6e-05,172.31.40.0-255,66,11958,70,304088
6108,9.9e-05,172.31.40.0-255,66,12024,70,304088
6109,0.000112,74.125.24.0-255,2071,14095,70,304088
6110,0.000115,172.31.40.0-255,66,14161,70,304088
6111,0.000119,74.125.24.0-255,2543,16704,70,304088
6112,0.000121,172.31.40.0-255,66,16770,70,304088
6113,0.000169,74.125.24.0-255,1484,18254,70,304088
6114,0.000172,172.31.40.0-255,66,18320,70,304088
6115,0.000175,74.125.24.0-255,1484,19804,70,304088
6116,0.000176,172.31.40.0-255,66,19870,70,304088
6117,0.000186,74.125.24.0-255,1484,21354,70,304088
6118,0.000188,172.31.40.0-255,66,21420,70,304088
6119,0.000194,74.125.24.0-255,4320,25740,70,304088
6120,0.000195,172.31.40.0-255,66,25806,70,304088
6121,0.00021,74.125.24.0-255,1484,27290,70,304088
6122,0.000225,172.31.40.0-255,66,27356,70,304088
6123,0.000256,74.125.24.0-255,5738,33094,70,304088
6124,0.000259,172.31.40.0-255,66,33160,70,304088
6125,0.000284,74.125.24.0-255,6797,39957,70,304088
6126,0.000287,172.31.40.0-255,66,40023,70,304088
6127,0.000298,172.31.40.0-255,66,40089,70,304088
6128,0.000336,74.125.24.0-255,125,40214,70,304088
6129,0.00034,172.31.40.0-255,66,40280,70,304088
6130,0.000457,74.125.24.0-255,1484,41764,70,304088
6131,0.000464,74.125.24.0-255,2902,44666,70,304088
6132,0.000467,172.31.40.0-255,66,44732,70,304088
6133,0.000471,74.125.24.0-255,1484,46216,70,304088
6134,0.000492,74.125.24.0-255,4320,50536,70,304088
6135,0.000494,172.31.40.0-255,66,50602,70,304088
6136,0.000499,74.125.24.0-255,4320,54922,70,304088
6137,0.000501,172.31.40.0-255,66,54988,70,304088
6138,0.000504,74.125.24.0-255,1484,56472,70,304088
6139,0.000535,74.125.24.0-255,9992,66464,70,304088
6140,0.000538,172.31.40.0-255,66,66530,70,304088
6141,0.000571,74.125.24.0-255,8137,74667,70,304088
6142,0.000574,172.31.40.0-255,66,74733,70,304088
6143,0.00063,74.125.24.0-255,1484,76217,70,304088
6144,0.000636,74.125.24.0-255,2902,79119,70,304088
6145,0.00064,172.31.40.0-255,66,79185,70,304088
6146,0.000673,74.125.24.0-255,5738,84923,70,304088
6147,0.000677,172.31.40.0-255,66,84989,70,304088
6148,0.000689,172.31.40.0-255,66,85055,70,304088
6149,0.000697,74.125.24.0-255,8574,93629,70,304088
6150,0.0007,172.31.40.0-255,66,93695,70,304088
6151,0.000731,74.125.24.0-255,2184,95879,70,304088
6152,0.000734,172.31.40.0-255,66,95945,70,304088
6153,0.000804,74.125.24.0-255,1484,97429,70,304088
6154,0.000811,74.125.24.0-255,2902,100331,70,304088
6155,0.000815,172.31.40.0-255,66,100397,70,304088
6156,0.00082,74.125.24.0-255,2902,103299,70,304088
6157,0.000822,172.31.40.0-255,66,103365,70,304088
6158,0.000846,74.125.24.0-255,2902,106267,70,304088
6159,0.000849,172.31.40.0-255,66,106333,70,304088
6160,0.000854,74.125.24.0-255,4320,110653,70,304088
6161,0.000857,172.31.40.0-255,66,110719,70,304088
6162,0.000897,172.31.40.0-255,66,110785,70,304088
6163,0.000905,74.125.24.0-255,7856,118641,70,304088
6164,0.000907,172.31.40.0-255,66,118707,70,304088
6165,0.001012,74.125.24.0-255,1484,120191,70,304088
6166,0.001019,74.125.24.0-255,2902,123093,70,304088
6167,0.001022,172.31.40.0-255,66,123159,70,304088
6168,0.001029,74.125.24.0-255,4320,127479,70,304088
6169,0.001032,172.31.40.0-255,66,127545,70,304088
6170,0.001054,74.125.24.0-255,1484,129029,70,304088
6171,0.001062,74.125.24.0-255,5738,134767,70,304088
6172,0.001065,172.31.40.0-255,66,134833,70,304088
6173,0.001103,74.125.24.0-255,2902,137735,70,304088
6174,0.001107,172.31.40.0-255,66,137801,70,304088
6175,0.001142,74.125.24.0-255,9992,147793,70,304088
6176,0.001145,172.31.40.0-255,66,147859,70,304088
6177,0.00115,74.125.24.0-255,5020,152879,70,304088
6178,0.001153,172.31.40.0-255,66,152945,70,304088
6179,0.001551,74.125.24.0-255,1484,154429,70,304088
6180,0.001559,74.125.24.0-255,2902,157331,70,304088
6181,0.001563,172.31.40.0-255,66,157397,70,304088
6182,0.00159,74.125.24.0-255,5738,163135,70,304088
6183,0.001599,172.31.40.0-255,66,163201,70,304088
6184,0.001604,74.125.24.0-255,2902,166103,70,304088
6185,0.001606,172.31.40.0-255,66,166169,70,304088
6186,0.001628,74.125.24.0-255,9992,176161,70,304088
6187,0.00163,172.31.40.0-255,66,176227,70,304088
6188,0.001636,74.125.24.0-255,5738,181965,70,304088
6189,0.001638,172.31.40.0-255,66,182031,70,304088
6190,0.001676,74.125.24.0-255,5020,187051,70,304088
6191,0.001679,172.31.40.0-255,66,187117,70,304088
6192,0.001789,74.125.24.0-255,1484,188601,70,304088
6193,0.001794,74.125.24.0-255,2902,191503,70,304088
6194,0.001797,172.31.40.0-255,66,191569,70,304088
6195,0.001819,74.125.24.0-255,5738,197307,70,304088
6196,0.001822,172.31.40.0-255,66,197373,70,304088
6197,0.001826,74.125.24.0-255,2902,200275,70,304088
6198,0.001828,172.31.40.0-255,66,200341,70,304088
6199,0.001871,74.125.24.0-255,9992,210333,70,304088
6200,0.001875,172.31.40.0-255,66,210399,70,304088
6201,0.001885,74.125.24.0-255,10692,221091,70,304088
6202,0.001887,172.31.40.0-255,66,221157,70,304088
6203,0.001925,74.125.24.0-255,9992,231149,70,304088
6204,0.001928,172.31.40.0-255,66,231215,70,304088
6205,0.001953,74.125.24.0-255,1484,232699,70,304088
6206,0.001958,74.125.24.0-255,4320,237019,70,304088
6207,0.001965,74.125.24.0-255,7156,244175,70,304088
6208,0.001969,172.31.40.0-255,66,244241,70,304088
6209,0.001972,172.31.40.0-255,66,244307,70,304088
6210,0.001997,74.125.24.0-255,9992,254299,70,304088
6211,0.002,172.31.40.0-255,66,254365,70,304088
6212,0.002003,74.125.24.0-255,766,255131,70,304088
6213,0.002036,74.125.24.0-255,2902,258033,70,304088
6214,0.002039,172.31.40.0-255,66,258099,70,304088
6215,0.002071,172.31.40.0-255,66,258165,70,304088
6216,0.002109,172.31.40.0-255,66,258231,70,304088
6217,0.002117,74.125.24.0-255,8574,266805,70,304088
6218,0.002119,172.31.40.0-255,66,266871,70,304088
6219,0.002133,74.125.24.0-255,5738,272609,70,304088
6220,0.002136,172.31.40.0-255,66,272675,70,304088
6221,0.002169,74.125.24.0-255,8574,281249,70,304088
6222,0.002173,172.31.40.0-255,66,281315,70,304088
6223,0.002209,172.31.40.0-255,66,281381,70,304088
6224,0.002251,74.125.24.0-255,7156,288537,70,304088
6225,0.002253,172.31.40.0-255,66,288603,70,304088
6226,0.002275,74.125.24.0-255,9992,298595,70,304088
6227,0.002278,172.31.40.0-255,66,298661,70,304088
6228,0.002283,74.125.24.0-255,4918,303579,70,304088
6229,0.002285,172.31.40.0-255,66,303645,70,304088
6230,0.002288,74.125.24.0-255,105,303750,70,304088
6231,0.00265,172.31.40.0-255,101,303851,70,304088
6232,0.004494,172.31.40.0-255,105,303956,70,304088
6233,0.004912,74.125.24.0-255,66,304022,70,304088
6234,0.006753,74.125.24.0-255,66,304088,70,304088
6235,0.0,172.217.194.0-255,150,150,70,283437
6236,2.2e-05,172.31.40.0-255,66,216,70,283437
6237,2.9e-05,172.217.194.0-255,1484,1700,70,283437
6238,3.5e-05,172.31.40.0-255,66,1766,70,283437
6239,4e-05,172.217.194.0-255,2902,4668,70,283437
6240,5e-05,172.31.40.0-255,66,4734,70,283437
6241,5.6e-05,172.217.194.0-255,4320,9054,70,283437
6242,5.9e-05,172.31.40.0-255,66,9120,70,283437
6243,0.000104,172.217.194.0-255,9183,18303,70,283437
6244,0.000107,172.31.40.0-255,66,18369,70,283437
6245,0.000125,172.31.40.0-255,66,18435,70,283437
6246,0.000156,172.217.194.0-255,1484,19919,70,283437
6247,0.000158,172.31.40.0-255,66,19985,70,283437
6248,0.000183,172.217.194.0-255,2902,22887,70,283437
6249,0.000185,172.31.40.0-255,66,22953,70,283437
6250,0.000191,172.217.194.0-255,4320,27273,70,283437
6251,0.000193,172.31.40.0-255,66,27339,70,283437
6252,0.000218,172.217.194.0-255,5738,33077,70,283437
6253,0.000225,172.31.40.0-255,66,33143,70,283437
6254,0.000247,172.217.194.0-255,5738,38881,70,283437
6255,0.000249,172.31.40.0-255,66,38947,70,283437
6256,0.000282,172.217.194.0-255,2543,41490,70,283437
6257,0.000285,172.31.40.0-255,66,41556,70,283437
6258,0.000293,172.217.194.0-255,8574,50130,70,283437
6259,0.000295,172.31.40.0-255,66,50196,70,283437
6260,0.000304,172.217.194.0-255,2796,52992,70,283437
6261,0.000306,172.31.40.0-255,66,53058,70,283437
6262,0.000327,172.217.194.0-255,433,53491,70,283437
6263,0.00033,172.31.40.0-255,66,53557,70,283437
6264,0.000604,172.217.194.0-255,1484,55041,70,283437
6265,0.00061,172.31.40.0-255,66,55107,70,283437
6266,0.000616,172.217.194.0-255,2902,58009,70,283437
6267,0.000619,172.31.40.0-255,66,58075,70,283437
6268,0.00063,172.217.194.0-255,5738,63813,70,283437
6269,0.000632,172.31.40.0-255,66,63879,70,283437
6270,0.000637,172.217.194.0-255,2902,66781,70,283437
6271,0.000639,172.31.40.0-255,66,66847,70,283437
6272,0.00069,172.217.194.0-255,9992,76839,70,283437
6273,0.000694,172.31.40.0-255,66,76905,70,283437
6274,0.000703,172.217.194.0-255,8574,85479,70,283437
6275,0.000705,172.31.40.0-255,66,85545,70,283437
6276,0.000709,172.217.194.0-255,2184,87729,70,283437
6277,0.000711,172.31.40.0-255,66,87795,70,283437
6278,0.000824,172.217.194.0-255,1484,89279,70,283437
6279,0.000831,172.217.194.0-255,2902,92181,70,283437
6280,0.000834,172.31.40.0-255,66,92247,70,283437
6281,0.000874,172.217.194.0-255,4320,96567,70,283437
6282,0.000877,172.31.40.0-255,66,96633,70,283437
6283,0.000908,172.217.194.0-255,1484,98117,70,283437
6284,0.000922,172.31.40.0-255,66,98183,70,283437
6285,0.000927,172.217.194.0-255,2902,101085,70,283437
6286,0.000929,172.31.40.0-255,66,101151,70,283437
6287,0.000932,172.217.194.0-255,1484,102635,70,283437
6288,0.000961,172.217.194.0-255,6438,109073,70,283437
6289,0.000967,172.31.40.0-255,66,109139,70,283437
6290,0.001004,172.217.194.0-255,2902,112041,70,283437
6291,0.001007,172.31.40.0-255,66,112107,70,283437
6292,0.001012,172.217.194.0-255,4320,116427,70,283437
6293,0.001014,172.31.40.0-255,66,116493,70,283437
6294,0.001017,172.217.194.0-255,1484,117977,70,283437
6295,0.001035,172.217.194.0-255,7156,125133,70,283437
6296,0.001042,172.31.40.0-255,66,125199,70,283437
6297,0.001049,172.217.194.0-255,5738,130937,70,283437
6298,0.001052,172.31.40.0-255,66,131003,70,283437
6299,0.001092,172.217.194.0-255,2902,133905,70,283437
6300,0.001094,172.31.40.0-255,66,133971,70,283437
6301,0.001123,172.217.194.0-255,4320,138291,70,283437
6302,0.001126,172.31.40.0-255,66,138357,70,283437
6303,0.001159,172.217.194.0-255,5020,143377,70,283437
6304,0.001162,172.31.40.0-255,66,143443,70,283437
6305,0.001236,172.217.194.0-255,1484,144927,70,283437
6306,0.001243,172.217.194.0-255,2902,147829,70,283437
6307,0.001246,172.31.40.0-255,66,147895,70,283437
6308,0.001249,172.217.194.0-255,1484,149379,70,283437
6309,0.001274,172.217.194.0-255,4320,153699,70,283437
6310,0.001277,172.31.40.0-255,66,153765,70,283437
6311,0.001309,172.217.194.0-255,7156,160921,70,283437
6312,0.001312,172.31.40.0-255,66,160987,70,283437
6313,0.001348,172.217.194.0-255,8574,169561,70,283437
6314,0.001351,172.31.40.0-255,66,169627,70,283437
6315,0.001359,172.217.194.0-255,7856,177483,70,283437
6316,0.001361,172.31.40.0-255,66,177549,70,283437
6317,0.001555,172.217.194.0-255,1484,179033,70,283437
6318,0.001568,172.217.194.0-255,1484,180517,70,283437
6319,0.001571,172.31.40.0-255,66,180583,70,283437
6320,0.001598,172.217.194.0-255,1484,182067,70,283437
6321,0.001605,172.217.194.0-255,5738,187805,70,283437
6322,0.001607,172.31.40.0-255,66,187871,70,283437
6323,0.001645,172.217.194.0-255,5738,193609,70,283437
6324,0.001647,172.31.40.0-255,66,193675,70,283437
6325,0.001674,172.217.194.0-255,4320,197995,70,283437
6326,0.001677,172.31.40.0-255,66,198061,70,283437
6327,0.001682,172.217.194.0-255,4320,202381,70,283437
6328,0.001685,172.31.40.0-255,66,202447,70,283437
6329,0.001744,172.217.194.0-255,9274,211721,70,283437
6330,0.001748,172.31.40.0-255,66,211787,70,283437
6331,0.001788,172.217.194.0-255,1484,213271,70,283437
6332,0.001793,172.217.194.0-255,1484,214755,70,283437
6333,0.001795,172.31.40.0-255,66,214821,70,283437
6334,0.001825,172.217.194.0-255,1484,216305,70,283437
6335,0.001832,172.217.194.0-255,5738,222043,70,283437
6336,0.001834,172.31.40.0-255,66,222109,70,283437
6337,0.001846,172.217.194.0-255,7156,229265,70,283437
6338,0.001849,172.31.40.0-255,66,229331,70,283437
6339,0.001894,172.217.194.0-255,5738,235069,70,283437
6340,0.001897,172.31.40.0-255,66,235135,70,283437
6341,0.001907,172.217.194.0-255,10692,245827,70,283437
6342,0.00191,172.31.40.0-255,66,245893,70,283437
6343,0.001994,172.217.194.0-255,1484,247377,70,283437
6344,0.002009,172.217.194.0-255,2902,250279,70,283437
6345,0.002012,172.31.40.0-255,66,250345,70,283437
6346,0.002048,172.217.194.0-255,5738,256083,70,283437
6347,0.002051,172.31.40.0-255,66,256149,70,283437
6348,0.002064,172.31.40.0-255,66,256215,70,283437
6349,0.002142,172.31.40.0-255,66,256281,70,283437
6350,0.002151,172.217.194.0-255,9992,266273,70,283437
6351,0.002159,172.31.40.0-255,66,266339,70,283437
6352,0.002162,172.217.194.0-255,1484,267823,70,283437
6353,0.002204,172.31.40.0-255,66,267889,70,283437
6354,0.002231,172.217.194.0-255,2184,270073,70,283437
6355,0.002259,172.217.194.0-255,3602,273675,70,283437
6356,0.002265,172.31.40.0-255,66,273741,70,283437
6357,0.002268,172.31.40.0-255,66,273807,70,283437
6358,0.002271,172.31.40.0-255,66,273873,70,283437
6359,0.002305,172.31.40.0-255,66,273939,70,283437
6360,0.002327,172.217.194.0-255,2902,276841,70,283437
6361,0.002334,172.31.40.0-255,66,276907,70,283437
6362,0.002341,172.217.194.0-255,6122,283029,70,283437
6363,0.002343,172.31.40.0-255,66,283095,70,283437
6364,0.002364,172.217.194.0-255,105,283200,70,283437
6365,0.00852,172.31.40.0-255,66,283266,70,283437
6366,0.008556,172.31.40.0-255,105,283371,70,283437
6367,0.010997,172.217.194.0-255,66,283437,70,283437
6368,0.0,74.125.68.0-255,153,153,70,250694
6369,2e-05,172.31.40.0-255,66,219,70,250694
6370,8.9e-05,74.125.68.0-255,1484,1703,70,250694
6371,9.4e-05,172.31.40.0-255,66,1769,70,250694
6372,9.8e-05,74.125.68.0-255,1484,3253,70,250694
6373,0.0001,172.31.40.0-255,66,3319,70,250694
6374,0.000114,74.125.68.0-255,1484,4803,70,250694
6375,0.000117,172.31.40.0-255,66,4869,70,250694
6376,0.000122,74.125.68.0-255,2902,7771,70,250694
6377,0.000126,172.31.40.0-255,66,7837,70,250694
6378,0.000142,74.125.68.0-255,1484,9321,70,250694
6379,0.000144,172.31.40.0-255,66,9387,70,250694
6380,0.000161,74.125.68.0-255,1484,10871,70,250694
6381,0.000163,172.31.40.0-255,66,10937,70,250694
6382,0.000189,74.125.68.0-255,3473,14410,70,250694
6383,0.000191,172.31.40.0-255,66,14476,70,250694
6384,0.000206,74.125.68.0-255,4320,18796,70,250694
6385,0.000208,172.31.40.0-255,66,18862,70,250694
6386,0.000229,74.125.68.0-255,1484,20346,70,250694
6387,0.000231,172.31.40.0-255,66,20412,70,250694
6388,0.000251,74.125.68.0-255,4320,24732,70,250694
6389,0.000254,172.31.40.0-255,66,24798,70,250694
6390,0.000277,74.125.68.0-255,2902,27700,70,250694
6391,0.00028,172.31.40.0-255,66,27766,70,250694
6392,0.000302,74.125.68.0-255,3961,31727,70,250694
6393,0.000305,172.31.40.0-255,66,31793,70,250694
6394,0.000582,74.125.68.0-255,1484,33277,70,250694
6395,0.000587,172.31.40.0-255,66,33343,70,250694
6396,0.000593,74.125.68.0-255,2902,36245,70,250694
6397,0.000596,172.31.40.0-255,66,36311,70,250694
6398,0.000619,74.125.68.0-255,1484,37795,70,250694
6399,0.000622,172.31.40.0-255,66,37861,70,250694
6400,0.000637,74.125.68.0-255,1484,39345,70,250694
6401,0.000708,74.125.68.0-255,2902,42247,70,250694
6402,0.000728,172.31.40.0-255,66,42313,70,250694
6403,0.000744,74.125.68.0-255,1484,43797,70,250694
6404,0.000763,74.125.68.0-255,2902,46699,70,250694
6405,0.000766,172.31.40.0-255,66,46765,70,250694
6406,0.000864,74.125.68.0-255,1484,48249,70,250694
6407,0.000907,74.125.68.0-255,1484,49733,70,250694
6408,0.000912,74.125.68.0-255,2902,52635,70,250694
6409,0.00093,74.125.68.0-255,1484,54119,70,250694
6410,0.000933,172.31.40.0-255,66,54185,70,250694
6411,0.000944,74.125.68.0-255,2902,57087,70,250694
6412,0.000948,172.31.40.0-255,66,57153,70,250694
6413,0.000978,74.125.68.0-255,5738,62891,70,250694
6414,0.000989,172.31.40.0-255,66,62957,70,250694
6415,0.001022,74.125.68.0-255,1484,64441,70,250694
6416,0.001026,74.125.68.0-255,2184,66625,70,250694
6417,0.001037,172.31.40.0-255,66,66691,70,250694
6418,0.001178,74.125.68.0-255,396,67087,70,250694
6419,0.00122,74.125.68.0-255,346,67433,70,250694
6420,0.001255,172.31.40.0-255,66,67499,70,250694
6421,0.001482,74.125.68.0-255,1484,68983,70,250694
6422,0.001491,74.125.68.0-255,2902,71885,70,250694
6423,0.001552,74.125.68.0-255,4320,76205,70,250694
6424,0.001556,74.125.68.0-255,1484,77689,70,250694
6425,0.001576,74.125.68.0-255,2902,80591,70,250694
6426,0.001592,74.125.68.0-255,2902,83493,70,250694
6427,0.001609,74.125.68.0-255,2902,86395,70,250694
6428,0.001628,74.125.68.0-255,1484,87879,70,250694
6429,0.001662,74.125.68.0-255,1484,89363,70,250694
6430,0.001666,74.125.68.0-255,2902,92265,70,250694
6431,0.00172,74.125.68.0-255,1484,93749,70,250694
6432,0.001735,74.125.68.0-255,2902,96651,70,250694
6433,0.001754,74.125.68.0-255,2902,99553,70,250694
6434,0.001798,74.125.68.0-255,2184,101737,70,250694
6435,0.002086,74.125.68.0-255,1484,103221,70,250694
6436,0.002093,74.125.68.0-255,1484,104705,70,250694
6437,0.002105,74.125.68.0-255,1484,106189,70,250694
6438,0.002112,74.125.68.0-255,5738,111927,70,250694
6439,0.002152,74.125.68.0-255,1484,113411,70,250694
6440,0.002175,74.125.68.0-255,5738,119149,70,250694
6441,0.002213,74.125.68.0-255,4320,123469,70,250694
6442,0.002242,74.125.68.0-255,9992,133461,70,250694
6443,0.002347,74.125.68.0-255,4320,137781,70,250694
6444,0.002358,74.125.68.0-255,766,138547,70,250694
6445,0.002387,74.125.68.0-255,5738,144285,70,250694
6446,0.00241,74.125.68.0-255,4320,148605,70,250694
6447,0.002479,74.125.68.0-255,2902,151507,70,250694
6448,0.002516,74.125.68.0-255,2902,154409,70,250694
6449,0.002632,74.125.68.0-255,3602,158011,70,250694
6450,0.002675,74.125.68.0-255,7156,165167,70,250694
6451,0.002689,74.125.68.0-255,7156,172323,70,250694
6452,0.002712,74.125.68.0-255,7156,179479,70,250694
6453,0.002729,74.125.68.0-255,1484,180963,70,250694
6454,0.002872,74.125.68.0-255,2902,183865,70,250694
6455,0.002887,74.125.68.0-255,2902,186767,70,250694
6456,0.002941,74.125.68.0-255,4320,191087,70,250694
6457,0.002959,74.125.68.0-255,5738,196825,70,250694
6458,0.003006,74.125.68.0-255,5738,202563,70,250694
6459,0.003027,74.125.68.0-255,6438,209001,70,250694
6460,0.003267,74.125.68.0-255,4320,213321,70,250694
6461,0.003281,74.125.68.0-255,2184,215505,70,250694
6462,0.003286,74.125.68.0-255,2902,218407,70,250694
6463,0.003327,74.125.68.0-255,2902,221309,70,250694
6464,0.003436,74.125.68.0-255,1484,222793,70,250694
6465,0.004335,172.31.40.0-255,66,222859,70,250694
6466,0.007039,74.125.68.0-255,5738,228597,70,250694
6467,0.007045,172.31.40.0-255,66,228663,70,250694
6468,0.009713,74.125.68.0-255,4320,232983,70,250694
6469,0.009718,172.31.40.0-255,66,233049,70,250694
6470,0.009734,74.125.68.0-255,1484,234533,70,250694
6471,0.012403,74.125.68.0-255,4320,238853,70,250694
6472,0.012411,172.31.40.0-255,66,238919,70,250694
6473,0.015092,74.125.68.0-255,5738,244657,70,250694
6474,0.016495,172.31.40.0-255,66,244723,70,250694
6475,0.016571,172.31.40.0-255,101,244824,70,250694
6476,0.019173,74.125.68.0-255,5738,250562,70,250694
6477,0.019185,172.31.40.0-255,66,250628,70,250694
6478,0.019223,74.125.68.0-255,66,250694,70,250694
6479,0.0,74.125.24.0-255,149,149,70,288555
6480,1.8e-05,172.31.40.0-255,66,215,70,288555
6481,2.5e-05,74.125.24.0-255,1484,1699,70,288555
6482,3e-05,172.31.40.0-255,66,1765,70,288555
6483,3.6e-05,74.125.24.0-255,2902,4667,70,288555
6484,4e-05,172.31.40.0-255,66,4733,70,288555
6485,5e-05,74.125.24.0-255,7156,11889,70,288555
6486,5.4e-05,172.31.40.0-255,66,11955,70,288555
6487,7e-05,74.125.24.0-255,2103,14058,70,288555
6488,7.2e-05,172.31.40.0-255,66,14124,70,288555
6489,0.000145,74.125.24.0-255,1484,15608,70,288555
6490,0.000148,172.31.40.0-255,66,15674,70,288555
6491,0.000153,74.125.24.0-255,2902,18576,70,288555
6492,0.000156,172.31.40.0-255,66,18642,70,288555
6493,0.000178,74.125.24.0-255,1484,20126,70,288555
6494,0.00018,172.31.40.0-255,66,20192,70,288555
6495,0.000201,74.125.24.0-255,4320,24512,70,288555
6496,0.000204,172.31.40.0-255,66,24578,70,288555
6497,0.000223,74.125.24.0-255,5738,30316,70,288555
6498,0.000226,172.31.40.0-255,66,30382,70,288555
6499,0.000248,74.125.24.0-255,1125,31507,70,288555
6500,0.000251,172.31.40.0-255,66,31573,70,288555
6501,0.000259,74.125.24.0-255,7156,38729,70,288555
6502,0.000261,172.31.40.0-255,66,38795,70,288555
6503,0.000274,74.125.24.0-255,1484,40279,70,288555
6504,0.000276,172.31.40.0-255,66,40345,70,288555
6505,0.000301,74.125.24.0-255,8215,48560,70,288555
6506,0.000303,172.31.40.0-255,66,48626,70,288555
6507,0.000363,74.125.24.0-255,1484,50110,70,288555
6508,0.000366,172.31.40.0-255,66,50176,70,288555
6509,0.000369,74.125.24.0-255,1484,51660,70,288555
6510,0.000371,172.31.40.0-255,66,51726,70,288555
6511,0.000385,74.125.24.0-255,1484,53210,70,288555
6512,0.000391,74.125.24.0-255,2902,56112,70,288555
6513,0.000394,172.31.40.0-255,66,56178,70,288555
6514,0.000436,74.125.24.0-255,7156,63334,70,288555
6515,0.000439,172.31.40.0-255,66,63400,70,288555
6516,0.000444,74.125.24.0-255,2543,65943,70,288555
6517,0.000446,172.31.40.0-255,66,66009,70,288555
6518,0.000529,74.125.24.0-255,396,66405,70,288555
6519,0.000565,74.125.24.0-255,1484,67889,70,288555
6520,0.000569,172.31.40.0-255,66,67955,70,288555
6521,0.000585,74.125.24.0-255,4320,72275,70,288555
6522,0.000588,172.31.40.0-255,66,72341,70,288555
6523,0.000592,74.125.24.0-255,2902,75243,70,288555
6524,0.000595,172.31.40.0-255,66,75309,70,288555
6525,0.000628,74.125.24.0-255,8574,83883,70,288555
6526,0.000632,172.31.40.0-255,66,83949,70,288555
6527,0.000648,74.125.24.0-255,4320,88269,70,288555
6528,0.000651,172.31.40.0-255,66,88335,70,288555
6529,0.000681,74.125.24.0-255,8574,96909,70,288555
6530,0.000685,172.31.40.0-255,66,96975,70,288555
6531,0.000707,74.125.24.0-255,3883,100858,70,288555
6532,0.00071,172.31.40.0-255,66,100924,70,288555
6533,0.000801,74.125.24.0-255,1484,102408,70,288555
6534,0.000806,74.125.24.0-255,1484,103892,70,288555
6535,0.000809,172.31.40.0-255,66,103958,70,288555
6536,0.000828,74.125.24.0-255,1484,105442,70,288555
6537,0.000832,74.125.24.0-255,2902,108344,70,288555
6538,0.000835,172.31.40.0-255,66,108410,70,288555
6539,0.000866,74.125.24.0-255,7156,115566,70,288555
6540,0.00087,172.31.40.0-255,66,115632,70,288555
6541,0.000884,74.125.24.0-255,1484,117116,70,288555
6542,0.000896,74.125.24.0-255,1484,118600,70,288555
6543,0.000899,172.31.40.0-255,66,118666,70,288555
6544,0.000904,74.125.24.0-255,2902,121568,70,288555
6545,0.000907,172.31.40.0-255,66,121634,70,288555
6546,0.000919,74.125.24.0-255,1484,123118,70,288555
6547,0.000922,74.125.24.0-255,1484,124602,70,288555
6548,0.000924,172.31.40.0-255,66,124668,70,288555
6549,0.000951,74.125.24.0-255,5738,130406,70,288555
6550,0.000959,172.31.40.0-255,66,130472,70,288555
6551,0.001006,74.125.24.0-255,5020,135492,70,288555
6552,0.001009,172.31.40.0-255,66,135558,70,288555
6553,0.001055,74.125.24.0-255,1484,137042,70,288555
6554,0.001088,74.125.24.0-255,1484,138526,70,288555
6555,0.001091,172.31.40.0-255,66,138592,70,288555
6556,0.001096,74.125.24.0-255,2902,141494,70,288555
6557,0.001098,172.31.40.0-255,66,141560,70,288555
6558,0.001124,74.125.24.0-255,1484,143044,70,288555
6559,0.001144,74.125.24.0-255,2902,145946,70,288555
6560,0.001146,172.31.40.0-255,66,146012,70,288555
6561,0.001162,74.125.24.0-255,2902,148914,70,288555
6562,0.001166,172.31.40.0-255,66,148980,70,288555
6563,0.001174,74.125.24.0-255,2902,151882,70,288555
6564,0.001176,172.31.40.0-255,66,151948,70,288555
6565,0.001209,74.125.24.0-255,1484,153432,70,288555
6566,0.001237,74.125.24.0-255,1484,154916,70,288555
6567,0.001248,74.125.24.0-255,1484,156400,70,288555
6568,0.001264,74.125.24.0-255,4320,160720,70,288555
6569,0.001267,172.31.40.0-255,66,160786,70,288555
6570,0.001276,74.125.24.0-255,1484,162270,70,288555
6571,0.001281,172.31.40.0-255,66,162336,70,288555
6572,0.001292,74.125.24.0-255,7156,169492,70,288555
6573,0.001294,74.125.24.0-255,766,170258,70,288555
6574,0.001316,172.31.40.0-255,66,170324,70,288555
6575,0.001701,74.125.24.0-255,1484,171808,70,288555
6576,0.001707,74.125.24.0-255,2902,174710,70,288555
6577,0.001711,172.31.40.0-255,66,174776,70,288555
6578,0.001719,74.125.24.0-255,5738,180514,70,288555
6579,0.001721,172.31.40.0-255,66,180580,70,288555
6580,0.001763,172.31.40.0-255,66,180646,70,288555
6581,0.001771,74.125.24.0-255,8574,189220,70,288555
6582,0.001773,172.31.40.0-255,66,189286,70,288555
6583,0.001797,74.125.24.0-255,2184,191470,70,288555
6584,0.001803,172.31.40.0-255,66,191536,70,288555
6585,0.001899,74.125.24.0-255,1484,193020,70,288555
6586,0.001903,74.125.24.0-255,1484,194504,70,288555
6587,0.001906,172.31.40.0-255,66,194570,70,288555
6588,0.001925,74.125.24.0-255,1484,196054,70,288555
6589,0.001933,74.125.24.0-255,5738,201792,70,288555
6590,0.001935,172.31.40.0-255,66,201858,70,288555
6591,0.001987,74.125.24.0-255,9992,211850,70,288555
6592,0.002003,74.125.24.0-255,1484,213334,70,288555
6593,0.002007,172.31.40.0-255,66,213400,70,288555
6594,0.002018,74.125.24.0-255,766,214166,70,288555
6595,0.002022,74.125.24.0-255,2902,217068,70,288555
6596,0.002058,74.125.24.0-255,5738,222806,70,288555
6597,0.00208,74.125.24.0-255,1484,224290,70,288555
6598,0.002106,74.125.24.0-255,6438,230728,70,288555
6599,0.002159,74.125.24.0-255,9274,240002,70,288555
6600,0.002192,74.125.24.0-255,4320,244322,70,288555
6601,0.00221,74.125.24.0-255,8574,252896,70,288555
6602,0.002228,74.125.24.0-255,7156,260052,70,288555
6603,0.002269,74.125.24.0-255,4320,264372,70,288555
6604,0.002286,74.125.24.0-255,1484,265856,70,288555
6605,0.002338,74.125.24.0-255,10692,276548,70,288555
6606,0.002346,74.125.24.0-255,8574,285122,70,288555
6607,0.002392,74.125.24.0-255,3091,288213,70,288555
6608,0.002408,74.125.24.0-255,105,288318,70,288555
6609,0.007728,172.31.40.0-255,66,288384,70,288555
6610,0.009872,172.31.40.0-255,105,288489,70,288555
6611,0.012434,74.125.24.0-255,66,288555,70,288555
6612,0.0,74.125.200.0-255,153,153,70,230155
6613,1.2e-05,172.31.40.0-255,66,219,70,230155
6614,3.5e-05,74.125.200.0-255,1484,1703,70,230155
6615,3.9e-05,172.31.40.0-255,66,1769,70,230155
6616,4.4e-05,74.125.200.0-255,2902,4671,70,230155
6617,4.8e-05,172.31.40.0-255,66,4737,70,230155
6618,5.1e-05,74.125.200.0-255,1484,6221,70,230155
6619,5.3e-05,172.31.40.0-255,66,6287,70,230155
6620,7.3e-05,74.125.200.0-255,1484,7771,70,230155
6621,7.6e-05,172.31.40.0-255,66,7837,70,230155
6622,9.8e-05,74.125.200.0-255,4320,12157,70,230155
6623,0.000101,172.31.40.0-255,66,12223,70,230155
6624,0.000105,74.125.200.0-255,2076,14299,70,230155
6625,0.000107,172.31.40.0-255,66,14365,70,230155
6626,0.000207,74.125.200.0-255,1484,15849,70,230155
6627,0.000211,172.31.40.0-255,66,15915,70,230155
6628,0.000215,74.125.200.0-255,1484,17399,70,230155
6629,0.000216,172.31.40.0-255,66,17465,70,230155
6630,0.000229,74.125.200.0-255,1484,18949,70,230155
6631,0.000232,172.31.40.0-255,66,19015,70,230155
6632,0.000251,74.125.200.0-255,1484,20499,70,230155
6633,0.000254,172.31.40.0-255,66,20565,70,230155
6634,0.00027,74.125.200.0-255,4320,24885,70,230155
6635,0.000273,172.31.40.0-255,66,24951,70,230155
6636,0.000303,74.125.200.0-255,6797,31748,70,230155
6637,0.000305,172.31.40.0-255,66,31814,70,230155
6638,0.000427,74.125.200.0-255,1484,33298,70,230155
6639,0.000432,172.31.40.0-255,66,33364,70,230155
6640,0.000438,74.125.200.0-255,2902,36266,70,230155
6641,0.00044,172.31.40.0-255,66,36332,70,230155
6642,0.000455,74.125.200.0-255,4320,40652,70,230155
6643,0.000457,172.31.40.0-255,66,40718,70,230155
6644,0.000472,74.125.200.0-255,1484,42202,70,230155
6645,0.000484,74.125.200.0-255,2902,45104,70,230155
6646,0.00049,172.31.40.0-255,66,45170,70,230155
6647,0.000499,74.125.200.0-255,3961,49131,70,230155
6648,0.000504,172.31.40.0-255,66,49197,70,230155
6649,0.000547,74.125.200.0-255,1484,50681,70,230155
6650,0.000561,74.125.200.0-255,2902,53583,70,230155
6651,0.000577,172.31.40.0-255,66,53649,70,230155
6652,0.000588,74.125.200.0-255,4320,57969,70,230155
6653,0.000598,74.125.200.0-255,1484,59453,70,230155
6654,0.000612,172.31.40.0-255,66,59519,70,230155
6655,0.000642,74.125.200.0-255,4320,63839,70,230155
6656,0.000661,74.125.200.0-255,1484,65323,70,230155
6657,0.000679,74.125.200.0-255,1125,66448,70,230155
6658,0.000683,172.31.40.0-255,66,66514,70,230155
6659,0.001008,74.125.200.0-255,645,67159,70,230155
6660,0.001099,172.31.40.0-255,66,67225,70,230155
6661,0.001208,74.125.200.0-255,1484,68709,70,230155
6662,0.001234,74.125.200.0-255,2902,71611,70,230155
6663,0.001238,74.125.200.0-255,1484,73095,70,230155
6664,0.001256,74.125.200.0-255,2902,75997,70,230155
6665,0.001298,74.125.200.0-255,8574,84571,70,230155
6666,0.001347,74.125.200.0-255,2902,87473,70,230155
6667,0.001374,74.125.200.0-255,5738,93211,70,230155
6668,0.001402,74.125.200.0-255,7156,100367,70,230155
6669,0.001463,74.125.200.0-255,766,101133,70,230155
6670,0.001486,74.125.200.0-255,1484,102617,70,230155
6671,0.001501,74.125.200.0-255,4320,106937,70,230155
6672,0.00154,74.125.200.0-255,1484,108421,70,230155
6673,0.001558,74.125.200.0-255,1484,109905,70,230155
6674,0.001561,74.125.200.0-255,1484,111389,70,230155
6675,0.001578,74.125.200.0-255,4320,115709,70,230155
6676,0.001617,74.125.200.0-255,2902,118611,70,230155
6677,0.001657,74.125.200.0-255,4320,122931,70,230155
6678,0.001674,74.125.200.0-255,4320,127251,70,230155
6679,0.001687,74.125.200.0-255,1484,128735,70,230155
6680,0.001734,74.125.200.0-255,2902,131637,70,230155
6681,0.001752,74.125.200.0-255,3602,135239,70,230155
6682,0.001796,74.125.200.0-255,2902,138141,70,230155
6683,0.001812,74.125.200.0-255,2902,141043,70,230155
6684,0.001841,74.125.200.0-255,1484,142527,70,230155
6685,0.001869,74.125.200.0-255,5738,148265,70,230155
6686,0.001905,74.125.200.0-255,4320,152585,70,230155
6687,0.001918,74.125.200.0-255,2902,155487,70,230155
6688,0.001943,74.125.200.0-255,5738,161225,70,230155
6689,0.002024,74.125.200.0-255,4320,165545,70,230155
6690,0.002045,74.125.200.0-255,3602,169147,70,230155
6691,0.002845,74.125.200.0-255,1484,170631,70,230155
6692,0.002851,74.125.200.0-255,2902,173533,70,230155
6693,0.002874,74.125.200.0-255,5738,179271,70,230155
6694,0.002912,74.125.200.0-255,1484,180755,70,230155
6695,0.002925,74.125.200.0-255,2902,183657,70,230155
6696,0.00295,74.125.200.0-255,4320,187977,70,230155
6697,0.002966,74.125.200.0-255,1484,189461,70,230155
6698,0.002991,74.125.200.0-255,2902,192363,70,230155
6699,0.003007,74.125.200.0-255,4320,196683,70,230155
6700,0.00306,74.125.200.0-255,2902,199585,70,230155
6701,0.003071,74.125.200.0-255,1484,201069,70,230155
6702,0.005465,172.31.40.0-255,66,201135,70,230155
6703,0.008291,74.125.200.0-255,5738,206873,70,230155
6704,0.008305,172.31.40.0-255,66,206939,70,230155
6705,0.011037,74.125.200.0-255,5738,212677,70,230155
6706,0.011257,172.31.40.0-255,66,212743,70,230155
6707,0.013993,74.125.200.0-255,5738,218481,70,230155
6708,0.014004,172.31.40.0-255,66,218547,70,230155
6709,0.016734,74.125.200.0-255,5738,224285,70,230155
6710,0.016744,172.31.40.0-255,66,224351,70,230155
6711,0.019481,74.125.200.0-255,5738,230089,70,230155
6712,0.019494,172.31.40.0-255,66,230155,70,230155
6713,0.0,74.125.68.0-255,153,153,70,164931
6714,2.3e-05,172.31.40.0-255,66,219,70,164931
6715,3e-05,74.125.68.0-255,1484,1703,70,164931
6716,3.5e-05,172.31.40.0-255,66,1769,70,164931
6717,4.8e-05,74.125.68.0-255,2902,4671,70,164931
6718,5.3e-05,172.31.40.0-255,66,4737,70,164931
6719,9.3e-05,74.125.68.0-255,7156,11893,70,164931
6720,9.7e-05,172.31.40.0-255,66,11959,70,164931
6721,0.000104,74.125.68.0-255,5738,17697,70,164931
6722,0.000107,172.31.40.0-255,66,17763,70,164931
6723,0.000138,74.125.68.0-255,2065,19828,70,164931
6724,0.000141,172.31.40.0-255,66,19894,70,164931
6725,0.000149,74.125.68.0-255,7156,27050,70,164931
6726,0.000151,172.31.40.0-255,66,27116,70,164931
6727,0.00016,74.125.68.0-255,8574,35690,70,164931
6728,0.000163,172.31.40.0-255,66,35756,70,164931
6729,0.000166,74.125.68.0-255,1484,37240,70,164931
6730,0.000168,172.31.40.0-255,66,37306,70,164931
6731,0.000205,74.125.68.0-255,8574,45880,70,164931
6732,0.000208,172.31.40.0-255,66,45946,70,164931
6733,0.000212,74.125.68.0-255,2184,48130,70,164931
6734,0.000214,172.31.40.0-255,66,48196,70,164931
6735,0.000727,74.125.68.0-255,1484,49680,70,164931
6736,0.000733,172.31.40.0-255,66,49746,70,164931
6737,0.000739,74.125.68.0-255,2902,52648,70,164931
6738,0.000742,172.31.40.0-255,66,52714,70,164931
6739,0.000754,74.125.68.0-255,5738,58452,70,164931
6740,0.000756,172.31.40.0-255,66,58518,70,164931
6741,0.000787,74.125.68.0-255,2902,61420,70,164931
6742,0.000789,172.31.40.0-255,66,61486,70,164931
6743,0.000821,74.125.68.0-255,4307,65793,70,164931
6744,0.000824,172.31.40.0-255,66,65859,70,164931
6745,0.001703,74.125.68.0-255,1484,67343,70,164931
6746,0.001715,74.125.68.0-255,2902,70245,70,164931
6747,0.00172,172.31.40.0-255,66,70311,70,164931
6748,0.001755,74.125.68.0-255,5738,76049,70,164931
6749,0.001757,172.31.40.0-255,66,76115,70,164931
6750,0.001762,74.125.68.0-255,2902,79017,70,164931
6751,0.001764,172.31.40.0-255,66,79083,70,164931
6752,0.001772,74.125.68.0-255,7156,86239,70,164931
6753,0.001778,172.31.40.0-255,66,86305,70,164931
6754,0.001809,74.125.68.0-255,2902,89207,70,164931
6755,0.001811,172.31.40.0-255,66,89273,70,164931
6756,0.001822,74.125.68.0-255,9992,99265,70,164931
6757,0.001824,172.31.40.0-255,66,99331,70,164931
6758,0.001827,74.125.68.0-255,766,100097,70,164931
6759,0.00203,74.125.68.0-255,330,100427,70,164931
6760,0.002071,74.125.68.0-255,1484,101911,70,164931
6761,0.002074,172.31.40.0-255,66,101977,70,164931
6762,0.002086,74.125.68.0-255,2902,104879,70,164931
6763,0.002092,172.31.40.0-255,66,104945,70,164931
6764,0.002114,74.125.68.0-255,4320,109265,70,164931
6765,0.002116,172.31.40.0-255,66,109331,70,164931
6766,0.002124,74.125.68.0-255,7156,116487,70,164931
6767,0.002126,172.31.40.0-255,66,116553,70,164931
6768,0.002142,74.125.68.0-255,1484,118037,70,164931
6769,0.002152,74.125.68.0-255,2902,120939,70,164931
6770,0.002154,172.31.40.0-255,66,121005,70,164931
6771,0.004268,74.125.68.0-255,1484,122489,70,164931
6772,0.004287,74.125.68.0-255,1484,123973,70,164931
6773,0.00429,172.31.40.0-255,66,124039,70,164931
6774,0.004308,74.125.68.0-255,2902,126941,70,164931
6775,0.004311,172.31.40.0-255,66,127007,70,164931
6776,0.00641,74.125.68.0-255,4320,131327,70,164931
6777,0.006418,172.31.40.0-255,66,131393,70,164931
6778,0.006445,74.125.68.0-255,1484,132877,70,164931
6779,0.008563,74.125.68.0-255,4320,137197,70,164931
6780,0.00857,172.31.40.0-255,66,137263,70,164931
6781,0.010686,74.125.68.0-255,5738,143001,70,164931
6782,0.010694,172.31.40.0-255,66,143067,70,164931
6783,0.01281,74.125.68.0-255,4320,147387,70,164931
6784,0.012817,172.31.40.0-255,66,147453,70,164931
6785,0.012845,74.125.68.0-255,1484,148937,70,164931
6786,0.014935,74.125.68.0-255,4320,153257,70,164931
6787,0.014944,172.31.40.0-255,66,153323,70,164931
6788,0.017059,74.125.68.0-255,5738,159061,70,164931
6789,0.017067,172.31.40.0-255,66,159127,70,164931
6790,0.019176,74.125.68.0-255,5738,164865,70,164931
6791,0.019183,172.31.40.0-255,66,164931,70,164931
6792,0.0,74.125.200.0-255,152,152,70,381889
6793,1.5e-05,172.31.40.0-255,66,218,70,381889
6794,2.2e-05,74.125.200.0-255,1484,1702,70,381889
6795,2.7e-05,172.31.40.0-255,66,1768,70,381889
6796,3.3e-05,74.125.200.0-255,2902,4670,70,381889
6797,3.6e-05,172.31.40.0-255,66,4736,70,381889
6798,3.9e-05,74.125.200.0-255,1484,6220,70,381889
6799,4.2e-05,172.31.40.0-255,66,6286,70,381889
6800,6.6e-05,74.125.200.0-255,5738,12024,70,381889
6801,6.9e-05,172.31.40.0-255,66,12090,70,381889
6802,7.3e-05,74.125.200.0-255,2057,14147,70,381889
6803,7.5e-05,172.31.40.0-255,66,14213,70,381889
6804,7.9e-05,74.125.200.0-255,1484,15697,70,381889
6805,8.1e-05,172.31.40.0-255,66,15763,70,381889
6806,9.9e-05,74.125.200.0-255,1484,17247,70,381889
6807,0.000101,172.31.40.0-255,66,17313,70,381889
6808,0.000107,74.125.200.0-255,4320,21633,70,381889
6809,0.000109,172.31.40.0-255,66,21699,70,381889
6810,0.00013,74.125.200.0-255,2902,24601,70,381889
6811,0.000132,172.31.40.0-255,66,24667,70,381889
6812,0.00014,74.125.200.0-255,8574,33241,70,381889
6813,0.000143,172.31.40.0-255,66,33307,70,381889
6814,0.000165,74.125.200.0-255,2902,36209,70,381889
6815,0.000168,172.31.40.0-255,66,36275,70,381889
6816,0.000196,74.125.200.0-255,9992,46267,70,381889
6817,0.000199,172.31.40.0-255,66,46333,70,381889
6818,0.000202,74.125.200.0-255,1484,47817,70,381889
6819,0.000204,172.31.40.0-255,66,47883,70,381889
6820,0.000226,74.125.200.0-255,7856,55739,70,381889
6821,0.000229,172.31.40.0-255,66,55805,70,381889
6822,0.000249,74.125.200.0-255,4320,60125,70,381889
6823,0.000252,172.31.40.0-255,66,60191,70,381889
6824,0.000278,74.125.200.0-255,5691,65882,70,381889
6825,0.000281,172.31.40.0-255,66,65948,70,381889
6826,0.000284,74.125.200.0-255,109,66057,70,381889
6827,0.000375,74.125.200.0-255,1484,67541,70,381889
6828,0.000379,172.31.40.0-255,66,67607,70,381889
6829,0.000385,74.125.200.0-255,2902,70509,70,381889
6830,0.000387,172.31.40.0-255,66,70575,70,381889
6831,0.000415,74.125.200.0-255,5738,76313,70,381889
6832,0.000418,172.31.40.0-255,66,76379,70,381889
6833,0.000421,74.125.200.0-255,1484,77863,70,381889
6834,0.000425,74.125.200.0-255,1484,79347,70,381889
6835,0.000427,172.31.40.0-255,66,79413,70,381889
6836,0.000453,74.125.200.0-255,7156,86569,70,381889
6837,0.000456,172.31.40.0-255,66,86635,70,381889
6838,0.000473,74.125.200.0-255,5738,92373,70,381889
6839,0.000476,172.31.40.0-255,66,92439,70,381889
6840,0.0005,74.125.200.0-255,7856,100295,70,381889
6841,0.000503,172.31.40.0-255,66,100361,70,381889
6842,0.000542,74.125.200.0-255,1484,101845,70,381889
6843,0.000546,74.125.200.0-255,2902,104747,70,381889
6844,0.000549,172.31.40.0-255,66,104813,70,381889
6845,0.000567,74.125.200.0-255,4320,109133,70,381889
6846,0.000569,172.31.40.0-255,66,109199,70,381889
6847,0.000592,74.125.200.0-255,5738,114937,70,381889
6848,0.000595,172.31.40.0-255,66,115003,70,381889
6849,0.000612,74.125.200.0-255,4320,119323,70,381889
6850,0.000614,172.31.40.0-255,66,119389,70,381889
6851,0.00063,74.125.200.0-255,7156,126545,70,381889
6852,0.000633,172.31.40.0-255,66,126611,70,381889
6853,0.000638,74.125.200.0-255,4320,130931,70,381889
6854,0.000641,172.31.40.0-255,66,130997,70,381889
6855,0.000683,74.125.200.0-255,8574,139571,70,381889
6856,0.000688,172.31.40.0-255,66,139637,70,381889
6857,0.000709,74.125.200.0-255,7856,147493,70,381889
6858,0.000718,74.125.200.0-255,8574,156067,70,381889
6859,0.000741,74.125.200.0-255,8574,164641,70,381889
6860,0.000745,74.125.200.0-255,3602,168243,70,381889
6861,0.000788,172.31.40.0-255,66,168309,70,381889
6862,0.000794,172.31.40.0-255,66,168375,70,381889
6863,0.000817,74.125.200.0-255,1484,169859,70,381889
6864,0.000834,74.125.200.0-255,2902,172761,70,381889
6865,0.00084,172.31.40.0-255,66,172827,70,381889
6866,0.000856,74.125.200.0-255,5738,178565,70,381889
6867,0.000874,74.125.200.0-255,2902,181467,70,381889
6868,0.000879,172.31.40.0-255,66,181533,70,381889
6869,0.000898,74.125.200.0-255,9992,191525,70,381889
6870,0.000918,172.31.40.0-255,66,191591,70,381889
6871,0.000936,74.125.200.0-255,5738,197329,70,381889
6872,0.000954,74.125.200.0-255,5020,202349,70,381889
6873,0.000963,172.31.40.0-255,66,202415,70,381889
6874,0.001053,74.125.200.0-255,1484,203899,70,381889
6875,0.001077,74.125.200.0-255,2902,206801,70,381889
6876,0.001081,74.125.200.0-255,1484,208285,70,381889
6877,0.001085,74.125.200.0-255,2902,211187,70,381889
6878,0.001097,74.125.200.0-255,2902,214089,70,381889
6879,0.001108,74.125.200.0-255,2902,216991,70,381889
6880,0.001116,172.31.40.0-255,66,217057,70,381889
6881,0.00113,74.125.200.0-255,4320,221377,70,381889
6882,0.001153,74.125.200.0-255,7156,228533,70,381889
6883,0.001158,172.31.40.0-255,66,228599,70,381889
6884,0.001181,74.125.200.0-255,5738,234337,70,381889
6885,0.001198,74.125.200.0-255,2184,236521,70,381889
6886,0.001203,172.31.40.0-255,66,236587,70,381889
6887,0.00128,74.125.200.0-255,1484,238071,70,381889
6888,0.001286,74.125.200.0-255,2902,240973,70,381889
6889,0.001308,74.125.200.0-255,5738,246711,70,381889
6890,0.001317,172.31.40.0-255,66,246777,70,381889
6891,0.001325,74.125.200.0-255,1484,248261,70,381889
6892,0.001351,74.125.200.0-255,7156,255417,70,381889
6893,0.001361,74.125.200.0-255,9992,265409,70,381889
6894,0.001377,172.31.40.0-255,66,265475,70,381889
6895,0.001393,74.125.200.0-255,5020,270495,70,381889
6896,0.0014,74.125.200.0-255,5738,276233,70,381889
6897,0.001415,74.125.200.0-255,1484,277717,70,381889
6898,0.001427,74.125.200.0-255,4320,282037,70,381889
6899,0.001432,172.31.40.0-255,66,282103,70,381889
6900,0.001458,74.125.200.0-255,7156,289259,70,381889
6901,0.001464,74.125.200.0-255,4320,293579,70,381889
6902,0.001488,172.31.40.0-255,66,293645,70,381889
6903,0.001493,74.125.200.0-255,4320,297965,70,381889
6904,0.001498,172.31.40.0-255,66,298031,70,381889
6905,0.001514,74.125.200.0-255,8574,306605,70,381889
6906,0.001528,172.31.40.0-255,66,306671,70,381889
6907,0.001537,74.125.200.0-255,2184,308855,70,381889
6908,0.001556,74.125.200.0-255,5738,314593,70,381889
6909,0.001563,172.31.40.0-255,66,314659,70,381889
6910,0.001581,74.125.200.0-255,1484,316143,70,381889
6911,0.001604,74.125.200.0-255,8574,324717,70,381889
6912,0.001625,74.125.200.0-255,3602,328319,70,381889
6913,0.001665,74.125.200.0-255,7156,335475,70,381889
6914,0.001671,172.31.40.0-255,66,335541,70,381889
6915,0.001689,74.125.200.0-255,7156,342697,70,381889
6916,0.001697,74.125.200.0-255,7156,349853,70,381889
6917,0.001705,74.125.200.0-255,7856,357709,70,381889
6918,0.001714,74.125.200.0-255,8574,366283,70,381889
6919,0.001718,74.125.200.0-255,2902,369185,70,381889
6920,0.001731,172.31.40.0-255,66,369251,70,381889
6921,0.001744,74.125.200.0-255,7156,376407,70,381889
6922,0.00175,74.125.200.0-255,5074,381481,70,381889
6923,0.001765,172.31.40.0-255,66,381547,70,381889
6924,0.001784,74.125.200.0-255,105,381652,70,381889
6925,0.010313,172.31.40.0-255,66,381718,70,381889
6926,0.010347,172.31.40.0-255,105,381823,70,381889
6927,0.012697,74.125.200.0-255,66,381889,70,381889
6928,0.0,74.125.24.0-255,291,291,70,169937
6929,2.4e-05,172.31.40.0-255,66,357,70,169937
6930,3.1e-05,74.125.24.0-255,1484,1841,70,169937
6931,3.6e-05,172.31.40.0-255,66,1907,70,169937
6932,4.3e-05,74.125.24.0-255,4320,6227,70,169937
6933,4.7e-05,172.31.40.0-255,66,6293,70,169937
6934,5.4e-05,74.125.24.0-255,7156,13449,70,169937
6935,5.7e-05,172.31.40.0-255,66,13515,70,169937
6936,9.7e-05,74.125.24.0-255,1877,15392,70,169937
6937,0.0001,172.31.40.0-255,66,15458,70,169937
6938,0.000105,74.125.24.0-255,2902,18360,70,169937
6939,0.000108,172.31.40.0-255,66,18426,70,169937
6940,0.000115,74.125.24.0-255,7156,25582,70,169937
6941,0.000117,172.31.40.0-255,66,25648,70,169937
6942,0.000137,74.125.24.0-255,1484,27132,70,169937
6943,0.000139,172.31.40.0-255,66,27198,70,169937
6944,0.000161,74.125.24.0-255,3961,31159,70,169937
6945,0.000164,172.31.40.0-255,66,31225,70,169937
6946,0.000312,74.125.24.0-255,1484,32709,70,169937
6947,0.000318,172.31.40.0-255,66,32775,70,169937
6948,0.000324,74.125.24.0-255,2902,35677,70,169937
6949,0.000327,172.31.40.0-255,66,35743,70,169937
6950,0.000331,74.125.24.0-255,2902,38645,70,169937
6951,0.000334,172.31.40.0-255,66,38711,70,169937
6952,0.000363,74.125.24.0-255,2902,41613,70,169937
6953,0.000366,172.31.40.0-255,66,41679,70,169937
6954,0.000369,74.125.24.0-255,1484,43163,70,169937
6955,0.000371,172.31.40.0-255,66,43229,70,169937
6956,0.000411,74.125.24.0-255,9633,52862,70,169937
6957,0.000415,172.31.40.0-255,66,52928,70,169937
6958,0.000422,74.125.24.0-255,7156,60084,70,169937
6959,0.000425,172.31.40.0-255,66,60150,70,169937
6960,0.000439,74.125.24.0-255,2902,63052,70,169937
6961,0.000442,172.31.40.0-255,66,63118,70,169937
6962,0.000446,74.125.24.0-255,2543,65661,70,169937
6963,0.000449,172.31.40.0-255,66,65727,70,169937
6964,0.000826,74.125.24.0-255,646,66373,70,169937
6965,0.00101,74.125.24.0-255,1484,67857,70,169937
6966,0.001015,172.31.40.0-255,66,67923,70,169937
6967,0.00102,74.125.24.0-255,2902,70825,70,169937
6968,0.001023,172.31.40.0-255,66,70891,70,169937
6969,0.001048,74.125.24.0-255,5738,76629,70,169937
6970,0.001051,172.31.40.0-255,66,76695,70,169937
6971,0.001073,74.125.24.0-255,7156,83851,70,169937
6972,0.001076,172.31.40.0-255,66,83917,70,169937
6973,0.001094,74.125.24.0-255,5738,89655,70,169937
6974,0.001098,172.31.40.0-255,66,89721,70,169937
6975,0.001119,74.125.24.0-255,2902,92623,70,169937
6976,0.001122,172.31.40.0-255,66,92689,70,169937
6977,0.001151,74.125.24.0-255,7856,100545,70,169937
6978,0.001154,172.31.40.0-255,66,100611,70,169937
6979,0.001342,74.125.24.0-255,1484,102095,70,169937
6980,0.001349,74.125.24.0-255,2902,104997,70,169937
6981,0.001352,172.31.40.0-255,66,105063,70,169937
6982,0.001357,74.125.24.0-255,2902,107965,70,169937
6983,0.001359,172.31.40.0-255,66,108031,70,169937
6984,0.00139,74.125.24.0-255,2902,110933,70,169937
6985,0.001393,172.31.40.0-255,66,110999,70,169937
6986,0.001399,74.125.24.0-255,4320,115319,70,169937
6987,0.001401,172.31.40.0-255,66,115385,70,169937
6988,0.001414,172.31.40.0-255,66,115451,70,169937
6989,0.001428,74.125.24.0-255,2902,118353,70,169937
6990,0.001431,172.31.40.0-255,66,118419,70,169937
6991,0.001448,74.125.24.0-255,5020,123439,70,169937
6992,0.001451,172.31.40.0-255,66,123505,70,169937
6993,0.003776,74.125.24.0-255,5738,129243,70,169937
6994,0.003784,172.31.40.0-255,66,129309,70,169937
6995,0.006048,74.125.24.0-255,5738,135047,70,169937
6996,0.006055,172.31.40.0-255,66,135113,70,169937
6997,0.008366,74.125.24.0-255,5738,140851,70,169937
6998,0.008372,172.31.40.0-255,66,140917,70,169937
6999,0.010655,74.125.24.0-255,5738,146655,70,169937
7000,0.010663,172.31.40.0-255,66,146721,70,169937
7001,0.012921,74.125.24.0-255,5738,152459,70,169937
7002,0.01293,172.31.40.0-255,66,152525,70,169937
7003,0.015247,74.125.24.0-255,5738,158263,70,169937
7004,0.015257,172.31.40.0-255,66,158329,70,169937
7005,0.017579,74.125.24.0-255,5738,164067,70,169937
7006,0.017587,172.31.40.0-255,66,164133,70,169937
7007,0.019923,74.125.24.0-255,5738,169871,70,169937
7008,0.019928,172.31.40.0-255,66,169937,70,169937
7009,0.0,74.125.24.0-255,152,152,70,221673
7010,1.3e-05,172.31.40.0-255,66,218,70,221673
7011,1.9e-05,74.125.24.0-255,1484,1702,70,221673
7012,2.4e-05,172.31.40.0-255,66,1768,70,221673
7013,3e-05,74.125.24.0-255,2902,4670,70,221673
7014,3.2e-05,172.31.40.0-255,66,4736,70,221673
7015,3.6e-05,74.125.24.0-255,1484,6220,70,221673
7016,3.8e-05,172.31.40.0-255,66,6286,70,221673
7017,6.4e-05,74.125.24.0-255,4320,10606,70,221673
7018,6.7e-05,172.31.40.0-255,66,10672,70,221673
7019,7.3e-05,74.125.24.0-255,4320,14992,70,221673
7020,7.5e-05,172.31.40.0-255,66,15058,70,221673
7021,0.000109,74.125.24.0-255,9182,24240,70,221673
7022,0.000112,172.31.40.0-255,66,24306,70,221673
7023,0.000119,74.125.24.0-255,6797,31103,70,221673
7024,0.000121,172.31.40.0-255,66,31169,70,221673
7025,0.000174,74.125.24.0-255,1484,32653,70,221673
7026,0.000177,172.31.40.0-255,66,32719,70,221673
7027,0.0002,74.125.24.0-255,2902,35621,70,221673
7028,0.000202,172.31.40.0-255,66,35687,70,221673
7029,0.000209,74.125.24.0-255,5738,41425,70,221673
7030,0.000211,172.31.40.0-255,66,41491,70,221673
7031,0.000233,74.125.24.0-255,1484,42975,70,221673
7032,0.000235,172.31.40.0-255,66,43041,70,221673
7033,0.000261,74.125.24.0-255,7156,50197,70,221673
7034,0.000264,172.31.40.0-255,66,50263,70,221673
7035,0.000294,74.125.24.0-255,5379,55642,70,221673
7036,0.000297,172.31.40.0-255,66,55708,70,221673
7037,0.000306,74.125.24.0-255,8574,64282,70,221673
7038,0.000309,172.31.40.0-255,66,64348,70,221673
7039,0.000312,74.125.24.0-255,1394,65742,70,221673
7040,0.000315,172.31.40.0-255,66,65808,70,221673
7041,0.000339,74.125.24.0-255,134,65942,70,221673
7042,0.00053,74.125.24.0-255,1484,67426,70,221673
7043,0.000535,172.31.40.0-255,66,67492,70,221673
7044,0.000541,74.125.24.0-255,2902,70394,70,221673
7045,0.000543,172.31.40.0-255,66,70460,70,221673
7046,0.00055,74.125.24.0-255,5738,76198,70,221673
7047,0.000553,172.31.40.0-255,66,76264,70,221673
7048,0.000568,172.31.40.0-255,66,76330,70,221673
7049,0.000575,74.125.24.0-255,7156,83486,70,221673
7050,0.000578,172.31.40.0-255,66,83552,70,221673
7051,0.000597,74.125.24.0-255,1484,85036,70,221673
7052,0.000601,74.125.24.0-255,1125,86161,70,221673
7053,0.000603,172.31.40.0-255,66,86227,70,221673
7054,0.001279,74.125.24.0-255,1484,87711,70,221673
7055,0.001299,74.125.24.0-255,2902,90613,70,221673
7056,0.001302,172.31.40.0-255,66,90679,70,221673
7057,0.001307,74.125.24.0-255,2902,93581,70,221673
7058,0.001309,172.31.40.0-255,66,93647,70,221673
7059,0.001324,74.125.24.0-255,2902,96549,70,221673
7060,0.001326,172.31.40.0-255,66,96615,70,221673
7061,0.001329,74.125.24.0-255,1484,98099,70,221673
7062,0.001352,74.125.24.0-255,1484,99583,70,221673
7063,0.001354,172.31.40.0-255,66,99649,70,221673
7064,0.001359,74.125.24.0-255,4320,103969,70,221673
7065,0.00136,172.31.40.0-255,66,104035,70,221673
7066,0.001368,74.125.24.0-255,8574,112609,70,221673
7067,0.00137,172.31.40.0-255,66,112675,70,221673
7068,0.001374,74.125.24.0-255,2902,115577,70,221673
7069,0.001375,172.31.40.0-255,66,115643,70,221673
7070,0.001404,74.125.24.0-255,5020,120663,70,221673
7071,0.001407,172.31.40.0-255,66,120729,70,221673
7072,0.001609,74.125.24.0-255,1484,122213,70,221673
7073,0.001614,74.125.24.0-255,1484,123697,70,221673
7074,0.001617,172.31.40.0-255,66,123763,70,221673
7075,0.001638,74.125.24.0-255,1484,125247,70,221673
7076,0.001644,74.125.24.0-255,5738,130985,70,221673
7077,0.001646,172.31.40.0-255,66,131051,70,221673
7078,0.00168,172.31.40.0-255,66,131117,70,221673
7079,0.001685,74.125.24.0-255,4320,135437,70,221673
7080,0.001687,172.31.40.0-255,66,135503,70,221673
7081,0.001703,74.125.24.0-255,2902,138405,70,221673
7082,0.001705,172.31.40.0-255,66,138471,70,221673
7083,0.001755,74.125.24.0-255,5738,144209,70,221673
7084,0.001757,172.31.40.0-255,66,144275,70,221673
7085,0.001791,172.31.40.0-255,66,144341,70,221673
7086,0.001806,172.31.40.0-255,66,144407,70,221673
7087,0.00181,74.125.24.0-255,2184,146591,70,221673
7088,0.001813,172.31.40.0-255,66,146657,70,221673
7089,0.001817,74.125.24.0-255,2902,149559,70,221673
7090,0.00182,172.31.40.0-255,66,149625,70,221673
7091,0.001827,74.125.24.0-255,7156,156781,70,221673
7092,0.001829,172.31.40.0-255,66,156847,70,221673
7093,0.001832,74.125.24.0-255,1484,158331,70,221673
7094,0.001868,172.31.40.0-255,66,158397,70,221673
7095,0.001897,74.125.24.0-255,5738,164135,70,221673
7096,0.001899,172.31.40.0-255,66,164201,70,221673
7097,0.001941,172.31.40.0-255,66,164267,70,221673
7098,0.001954,74.125.24.0-255,7156,171423,70,221673
7099,0.001956,172.31.40.0-255,66,171489,70,221673
7100,0.001995,172.31.40.0-255,66,171555,70,221673
7101,0.002008,172.31.40.0-255,66,171621,70,221673
7102,0.002029,74.125.24.0-255,1484,173105,70,221673
7103,0.002043,172.31.40.0-255,66,173171,70,221673
7104,0.002065,74.125.24.0-255,7856,181027,70,221673
7105,0.002068,172.31.40.0-255,66,181093,70,221673
7106,0.002077,74.125.24.0-255,9992,191085,70,221673
7107,0.00208,172.31.40.0-255,66,191151,70,221673
7108,0.002102,74.125.24.0-255,8574,199725,70,221673
7109,0.002142,74.125.24.0-255,2184,201909,70,221673
7110,0.002157,74.125.24.0-255,4320,206229,70,221673
7111,0.00223,74.125.24.0-255,8574,214803,70,221673
7112,0.002275,74.125.24.0-255,6528,221331,70,221673
7113,0.002337,74.125.24.0-255,105,221436,70,221673
7114,0.004383,172.31.40.0-255,66,221502,70,221673
7115,0.006867,172.31.40.0-255,105,221607,70,221673
7116,0.00956,74.125.24.0-255,66,221673,70,221673
7117,0.0,74.125.200.0-255,150,150,70,276151
7118,1.8e-05,172.31.40.0-255,66,216,70,276151
7119,4.1e-05,74.125.200.0-255,1484,1700,70,276151
7120,4.6e-05,172.31.40.0-255,66,1766,70,276151
7121,5.2e-05,74.125.200.0-255,2902,4668,70,276151
7122,5.6e-05,172.31.40.0-255,66,4734,70,276151
7123,9e-05,74.125.200.0-255,5738,10472,70,276151
7124,9.8e-05,172.31.40.0-255,66,10538,70,276151
7125,0.000103,74.125.200.0-255,2902,13440,70,276151
7126,0.000105,172.31.40.0-255,66,13506,70,276151
7127,0.000136,74.125.200.0-255,3401,16907,70,276151
7128,0.000138,172.31.40.0-255,66,16973,70,276151
7129,0.000146,74.125.200.0-255,7156,24129,70,276151
7130,0.000148,172.31.40.0-255,66,24195,70,276151
7131,0.000178,74.125.200.0-255,1484,25679,70,276151
7132,0.00018,172.31.40.0-255,66,25745,70,276151
7133,0.000187,74.125.200.0-255,5379,31124,70,276151
7134,0.000189,172.31.40.0-255,66,31190,70,276151
7135,0.000326,74.125.200.0-255,1484,32674,70,276151
7136,0.000329,172.31.40.0-255,66,32740,70,276151
7137,0.000332,74.125.200.0-255,1484,34224,70,276151
7138,0.000334,172.31.40.0-255,66,34290,70,276151
7139,0.000354,74.125.200.0-255,1484,35774,70,276151
7140,0.000356,172.31.40.0-255,66,35840,70,276151
7141,0.000367,74.125.200.0-255,5738,41578,70,276151
7142,0.000369,172.31.40.0-255,66,41644,70,276151
7143,0.0004,74.125.200.0-255,4320,45964,70,276151
7144,0.000403,172.31.40.0-255,66,46030,70,276151
7145,0.000419,74.125.200.0-255,2543,48573,70,276151
7146,0.000421,172.31.40.0-255,66,48639,70,276151
7147,0.000443,74.125.200.0-255,2902,51541,70,276151
7148,0.000445,172.31.40.0-255,66,51607,70,276151
7149,0.000474,74.125.200.0-255,4320,55927,70,276151
7150,0.000482,74.125.200.0-255,2902,58829,70,276151
7151,0.000487,74.125.200.0-255,4320,63149,70,276151
7152,0.000491,74.125.200.0-255,2855,66004,70,276151
7153,0.000542,74.125.200.0-255,111,66115,70,276151
7154,0.000663,74.125.200.0-255,1484,67599,70,276151
7155,0.000669,74.125.200.0-255,2902,70501,70,276151
7156,0.00069,74.125.200.0-255,1484,71985,70,276151
7157,0.000693,74.125.200.0-255,1484,73469,70,276151
7158,0.00071,74.125.200.0-255,1484,74953,70,276151
7159,0.000714,172.31.40.0-255,66,75019,70,276151
7160,0.000727,74.125.200.0-255,2902,77921,70,276151
7161,0.00075,74.125.200.0-255,2902,80823,70,276151
7162,0.000752,74.125.200.0-255,1484,82307,70,276151
7163,0.000756,74.125.200.0-255,2902,85209,70,276151
7164,0.000797,74.125.200.0-255,4320,89529,70,276151
7165,0.000818,74.125.200.0-255,4320,93849,70,276151
7166,0.000827,74.125.200.0-255,1484,95333,70,276151
7167,0.000846,74.125.200.0-255,1484,96817,70,276151
7168,0.000857,74.125.200.0-255,2902,99719,70,276151
7169,0.000871,74.125.200.0-255,766,100485,70,276151
7170,0.00088,74.125.200.0-255,328,100813,70,276151
7171,0.000972,172.31.40.0-255,66,100879,70,276151
7172,0.001099,74.125.200.0-255,1484,102363,70,276151
7173,0.001104,74.125.200.0-255,2902,105265,70,276151
7174,0.001122,74.125.200.0-255,2902,108167,70,276151
7175,0.001132,74.125.200.0-255,2902,111069,70,276151
7176,0.001135,172.31.40.0-255,66,111135,70,276151
7177,0.001141,74.125.200.0-255,1484,112619,70,276151
7178,0.001146,172.31.40.0-255,66,112685,70,276151
7179,0.00117,74.125.200.0-255,5738,118423,70,276151
7180,0.001178,74.125.200.0-255,7156,125579,70,276151
7181,0.001188,74.125.200.0-255,1484,127063,70,276151
7182,0.001197,172.31.40.0-255,66,127129,70,276151
7183,0.001214,74.125.200.0-255,2902,130031,70,276151
7184,0.001223,172.31.40.0-255,66,130097,70,276151
7185,0.001245,74.125.200.0-255,5020,135117,70,276151
7186,0.001251,172.31.40.0-255,66,135183,70,276151
7187,0.001371,74.125.200.0-255,1484,136667,70,276151
7188,0.001388,74.125.200.0-255,2902,139569,70,276151
7189,0.001404,74.125.200.0-255,1484,141053,70,276151
7190,0.001407,172.31.40.0-255,66,141119,70,276151
7191,0.001416,74.125.200.0-255,2902,144021,70,276151
7192,0.00142,172.31.40.0-255,66,144087,70,276151
7193,0.001441,74.125.200.0-255,5738,149825,70,276151
7194,0.001457,172.31.40.0-255,66,149891,70,276151
7195,0.00147,74.125.200.0-255,4320,154211,70,276151
7196,0.001479,74.125.200.0-255,2902,157113,70,276151
7197,0.001492,172.31.40.0-255,66,157179,70,276151
7198,0.0015,74.125.200.0-255,2902,160081,70,276151
7199,0.00151,74.125.200.0-255,5738,165819,70,276151
7200,0.00152,172.31.40.0-255,66,165885,70,276151
7201,0.001554,74.125.200.0-255,3602,169487,70,276151
7202,0.001569,172.31.40.0-255,66,169553,70,276151
7203,0.001673,74.125.200.0-255,1484,171037,70,276151
7204,0.001694,74.125.200.0-255,2902,173939,70,276151
7205,0.0017,74.125.200.0-255,4320,178259,70,276151
7206,0.001714,172.31.40.0-255,66,178325,70,276151
7207,0.00173,74.125.200.0-255,1484,179809,70,276151
7208,0.001744,74.125.200.0-255,4320,184129,70,276151
7209,0.001753,74.125.200.0-255,4320,188449,70,276151
7210,0.001757,74.125.200.0-255,2902,191351,70,276151
7211,0.001774,74.125.200.0-255,2902,194253,70,276151
7212,0.00178,172.31.40.0-255,66,194319,70,276151
7213,0.001815,74.125.200.0-255,7156,201475,70,276151
7214,0.001821,172.31.40.0-255,66,201541,70,276151
7215,0.001833,74.125.200.0-255,2184,203725,70,276151
7216,0.001852,172.31.40.0-255,66,203791,70,276151
7217,0.001892,74.125.200.0-255,1484,205275,70,276151
7218,0.001909,74.125.200.0-255,1484,206759,70,276151
7219,0.001923,172.31.40.0-255,66,206825,70,276151
7220,0.001934,74.125.200.0-255,1484,208309,70,276151
7221,0.001944,74.125.200.0-255,5738,214047,70,276151
7222,0.001958,74.125.200.0-255,4320,218367,70,276151
7223,0.001969,74.125.200.0-255,2902,221269,70,276151
7224,0.001973,74.125.200.0-255,2902,224171,70,276151
7225,0.001996,74.125.200.0-255,5738,229909,70,276151
7226,0.001999,172.31.40.0-255,66,229975,70,276151
7227,0.00201,172.31.40.0-255,66,230041,70,276151
7228,0.002022,74.125.200.0-255,7856,237897,70,276151
7229,0.002083,172.31.40.0-255,66,237963,70,276151
7230,0.004388,74.125.200.0-255,5738,243701,70,276151
7231,0.004396,172.31.40.0-255,66,243767,70,276151
7232,0.006701,74.125.200.0-255,5738,249505,70,276151
7233,0.006839,172.31.40.0-255,66,249571,70,276151
7234,0.009145,74.125.200.0-255,2902,252473,70,276151
7235,0.009152,172.31.40.0-255,66,252539,70,276151
7236,0.009185,74.125.200.0-255,2902,255441,70,276151
7237,0.009556,172.31.40.0-255,66,255507,70,276151
7238,0.011459,74.125.200.0-255,2902,258409,70,276151
7239,0.011466,172.31.40.0-255,66,258475,70,276151
7240,0.011846,74.125.200.0-255,1484,259959,70,276151
7241,0.011859,74.125.200.0-255,1484,261443,70,276151
7242,0.011919,172.31.40.0-255,66,261509,70,276151
7243,0.013774,74.125.200.0-255,2902,264411,70,276151
7244,0.01378,172.31.40.0-255,66,264477,70,276151
7245,0.01422,74.125.200.0-255,2902,267379,70,276151
7246,0.016081,74.125.200.0-255,2902,270281,70,276151
7247,0.016982,172.31.40.0-255,66,270347,70,276151
7248,0.019297,74.125.200.0-255,5738,276085,70,276151
7249,0.019305,172.31.40.0-255,66,276151,70,276151
7250,0.0,172.253.118.0-255,155,155,70,204561
7251,1.3e-05,172.31.40.0-255,66,221,70,204561
7252,2e-05,172.253.118.0-255,1484,1705,70,204561
7253,2.4e-05,172.31.40.0-255,66,1771,70,204561
7254,2.9e-05,172.253.118.0-255,2902,4673,70,204561
7255,3.3e-05,172.31.40.0-255,66,4739,70,204561
7256,4.7e-05,172.253.118.0-255,7156,11895,70,204561
7257,5e-05,172.31.40.0-255,66,11961,70,204561
7258,5.4e-05,172.253.118.0-255,2099,14060,70,204561
7259,5.6e-05,172.31.40.0-255,66,14126,70,204561
7260,0.000127,172.253.118.0-255,1484,15610,70,204561
7261,0.00013,172.31.40.0-255,66,15676,70,204561
7262,0.000139,172.253.118.0-255,2902,18578,70,204561
7263,0.000141,172.31.40.0-255,66,18644,70,204561
7264,0.000147,172.253.118.0-255,1484,20128,70,204561
7265,0.000149,172.31.40.0-255,66,20194,70,204561
7266,0.00018,172.253.118.0-255,4320,24514,70,204561
7267,0.000182,172.31.40.0-255,66,24580,70,204561
7268,0.000217,172.31.40.0-255,66,24646,70,204561
7269,0.000232,172.253.118.0-255,1484,26130,70,204561
7270,0.000237,172.31.40.0-255,66,26196,70,204561
7271,0.000276,172.253.118.0-255,9992,36188,70,204561
7272,0.000279,172.31.40.0-255,66,36254,70,204561
7273,0.000282,172.253.118.0-255,1125,37379,70,204561
7274,0.000283,172.31.40.0-255,66,37445,70,204561
7275,0.000327,172.31.40.0-255,66,37511,70,204561
7276,0.00036,172.253.118.0-255,2543,40054,70,204561
7277,0.000362,172.31.40.0-255,66,40120,70,204561
7278,0.000527,172.253.118.0-255,645,40765,70,204561
7279,0.000532,172.31.40.0-255,66,40831,70,204561
7280,0.000669,172.253.118.0-255,1484,42315,70,204561
7281,0.000675,172.253.118.0-255,2902,45217,70,204561
7282,0.000679,172.31.40.0-255,66,45283,70,204561
7283,0.000684,172.253.118.0-255,5738,51021,70,204561
7284,0.000686,172.31.40.0-255,66,51087,70,204561
7285,0.000704,172.253.118.0-255,5738,56825,70,204561
7286,0.000707,172.31.40.0-255,66,56891,70,204561
7287,0.000733,172.253.118.0-255,1125,58016,70,204561
7288,0.000739,172.253.118.0-255,4320,62336,70,204561
7289,0.000741,172.31.40.0-255,66,62402,70,204561
7290,0.000775,172.253.118.0-255,9992,72394,70,204561
7291,0.000778,172.31.40.0-255,66,72460,70,204561
7292,0.000801,172.253.118.0-255,2543,75003,70,204561
7293,0.000803,172.31.40.0-255,66,75069,70,204561
7294,0.000966,172.253.118.0-255,1484,76553,70,204561
7295,0.000972,172.253.118.0-255,2902,79455,70,204561
7296,0.000975,172.31.40.0-255,66,79521,70,204561
7297,0.000981,172.253.118.0-255,5738,85259,70,204561
7298,0.000982,172.31.40.0-255,66,85325,70,204561
7299,0.001009,172.253.118.0-255,5738,91063,70,204561
7300,0.001011,172.31.40.0-255,66,91129,70,204561
7301,0.00104,172.253.118.0-255,4320,95449,70,204561
7302,0.001042,172.31.40.0-255,66,95515,70,204561
7303,0.001073,172.31.40.0-255,66,95581,70,204561
7304,0.001672,172.253.118.0-255,1484,97065,70,204561
7305,0.001684,172.253.118.0-255,2902,99967,70,204561
7306,0.001687,172.31.40.0-255,66,100033,70,204561
7307,0.001701,172.253.118.0-255,4320,104353,70,204561
7308,0.001707,172.31.40.0-255,66,104419,70,204561
7309,0.001727,172.253.118.0-255,1484,105903,70,204561
7310,0.001738,172.31.40.0-255,66,105969,70,204561
7311,0.001762,172.253.118.0-255,2902,108871,70,204561
7312,0.001764,172.31.40.0-255,66,108937,70,204561
7313,0.001793,172.253.118.0-255,9274,118211,70,204561
7314,0.001795,172.31.40.0-255,66,118277,70,204561
7315,0.001826,172.253.118.0-255,4320,122597,70,204561
7316,0.001828,172.31.40.0-255,66,122663,70,204561
7317,0.001846,172.253.118.0-255,4320,126983,70,204561
7318,0.001848,172.31.40.0-255,66,127049,70,204561
7319,0.00192,172.31.40.0-255,66,127115,70,204561
7320,0.00198,172.253.118.0-255,2184,129299,70,204561
7321,0.001983,172.31.40.0-255,66,129365,70,204561
7322,0.002076,172.253.118.0-255,1484,130849,70,204561
7323,0.002088,172.253.118.0-255,2902,133751,70,204561
7324,0.00209,172.31.40.0-255,66,133817,70,204561
7325,0.002095,172.253.118.0-255,2902,136719,70,204561
7326,0.002096,172.31.40.0-255,66,136785,70,204561
7327,0.002119,172.253.118.0-255,2902,139687,70,204561
7328,0.002121,172.31.40.0-255,66,139753,70,204561
7329,0.002128,172.253.118.0-255,7156,146909,70,204561
7330,0.00213,172.31.40.0-255,66,146975,70,204561
7331,0.002155,172.253.118.0-255,5738,152713,70,204561
7332,0.00216,172.31.40.0-255,66,152779,70,204561
7333,0.002184,172.253.118.0-255,2902,155681,70,204561
7334,0.002187,172.31.40.0-255,66,155747,70,204561
7335,0.002213,172.253.118.0-255,4320,160067,70,204561
7336,0.002215,172.31.40.0-255,66,160133,70,204561
7337,0.002218,172.253.118.0-255,1484,161617,70,204561
7338,0.00224,172.253.118.0-255,2184,163801,70,204561
7339,0.002242,172.31.40.0-255,66,163867,70,204561
7340,0.004443,172.253.118.0-255,1484,165351,70,204561
7341,0.004496,172.253.118.0-255,4320,169671,70,204561
7342,0.004515,172.31.40.0-255,66,169737,70,204561
7343,0.006771,172.253.118.0-255,5738,175475,70,204561
7344,0.006776,172.31.40.0-255,66,175541,70,204561
7345,0.009031,172.253.118.0-255,5738,181279,70,204561
7346,0.009037,172.31.40.0-255,66,181345,70,204561
7347,0.011282,172.253.118.0-255,5738,187083,70,204561
7348,0.011289,172.31.40.0-255,66,187149,70,204561
7349,0.013562,172.253.118.0-255,5738,192887,70,204561
7350,0.013572,172.31.40.0-255,66,192953,70,204561
7351,0.015837,172.253.118.0-255,5738,198691,70,204561
7352,0.015847,172.31.40.0-255,66,198757,70,204561
7353,0.018101,172.253.118.0-255,5738,204495,70,204561
7354,0.01811,172.31.40.0-255,66,204561,70,204561
7355,0.0,172.217.194.0-255,213,213,70,274321
7356,1.9e-05,172.31.40.0-255,66,279,70,274321
7357,2.6e-05,172.217.194.0-255,1484,1763,70,274321
7358,3.1e-05,172.31.40.0-255,66,1829,70,274321
7359,4.4e-05,172.217.194.0-255,4320,6149,70,274321
7360,4.9e-05,172.31.40.0-255,66,6215,70,274321
7361,5.2e-05,172.217.194.0-255,1484,7699,70,274321
7362,5.4e-05,172.31.40.0-255,66,7765,70,274321
7363,8.7e-05,172.217.194.0-255,6111,13876,70,274321
7364,9e-05,172.31.40.0-255,66,13942,70,274321
7365,0.000104,172.31.40.0-255,66,14008,70,274321
7366,0.000108,172.217.194.0-255,2543,16551,70,274321
7367,0.00011,172.31.40.0-255,66,16617,70,274321
7368,0.000153,172.217.194.0-255,5738,22355,70,274321
7369,0.000155,172.31.40.0-255,66,22421,70,274321
7370,0.000183,172.217.194.0-255,2902,25323,70,274321
7371,0.000185,172.31.40.0-255,66,25389,70,274321
7372,0.000193,172.217.194.0-255,9992,35381,70,274321
7373,0.000195,172.31.40.0-255,66,35447,70,274321
7374,0.000198,172.217.194.0-255,1484,36931,70,274321
7375,0.0002,172.31.40.0-255,66,36997,70,274321
7376,0.000249,172.31.40.0-255,66,37063,70,274321
7377,0.000252,172.217.194.0-255,397,37460,70,274321
7378,0.000254,172.31.40.0-255,66,37526,70,274321
7379,0.000448,172.217.194.0-255,1484,39010,70,274321
7380,0.000453,172.31.40.0-255,66,39076,70,274321
7381,0.000459,172.217.194.0-255,2902,41978,70,274321
7382,0.000483,172.31.40.0-255,66,42044,70,274321
7383,0.000489,172.217.194.0-255,5738,47782,70,274321
7384,0.000492,172.31.40.0-255,66,47848,70,274321
7385,0.0005,172.217.194.0-255,8574,56422,70,274321
7386,0.000512,172.31.40.0-255,66,56488,70,274321
7387,0.000546,172.217.194.0-255,7156,63644,70,274321
7388,0.000549,172.31.40.0-255,66,63710,70,274321
7389,0.000585,172.217.194.0-255,7307,71017,70,274321
7390,0.000588,172.31.40.0-255,66,71083,70,274321
7391,0.00062,172.217.194.0-255,1484,72567,70,274321
7392,0.000647,172.217.194.0-255,2902,75469,70,274321
7393,0.000651,172.31.40.0-255,66,75535,70,274321
7394,0.000657,172.217.194.0-255,5738,81273,70,274321
7395,0.00066,172.31.40.0-255,66,81339,70,274321
7396,0.000671,172.217.194.0-255,5738,87077,70,274321
7397,0.000673,172.31.40.0-255,66,87143,70,274321
7398,0.000699,172.217.194.0-255,7156,94299,70,274321
7399,0.000702,172.31.40.0-255,66,94365,70,274321
7400,0.000711,172.217.194.0-255,10692,105057,70,274321
7401,0.000714,172.31.40.0-255,66,105123,70,274321
7402,0.000935,172.217.194.0-255,1484,106607,70,274321
7403,0.000941,172.217.194.0-255,2902,109509,70,274321
7404,0.000947,172.31.40.0-255,66,109575,70,274321
7405,0.000979,172.217.194.0-255,5738,115313,70,274321
7406,0.000982,172.31.40.0-255,66,115379,70,274321
7407,0.000991,172.217.194.0-255,9992,125371,70,274321
7408,0.000994,172.31.40.0-255,66,125437,70,274321
7409,0.00103,172.217.194.0-255,2902,128339,70,274321
7410,0.001034,172.31.40.0-255,66,128405,70,274321
7411,0.001044,172.217.194.0-255,10692,139097,70,274321
7412,0.001047,172.31.40.0-255,66,139163,70,274321
7413,0.001049,172.217.194.0-255,1484,140647,70,274321
7414,0.00108,172.217.194.0-255,2902,143549,70,274321
7415,0.001083,172.31.40.0-255,66,143615,70,274321
7416,0.00109,172.217.194.0-255,5738,149353,70,274321
7417,0.001093,172.31.40.0-255,66,149419,70,274321
7418,0.001141,172.217.194.0-255,9992,159411,70,274321
7419,0.001144,172.31.40.0-255,66,159477,70,274321
7420,0.001168,172.217.194.0-255,2902,162379,70,274321
7421,0.001171,172.31.40.0-255,66,162445,70,274321
7422,0.00118,172.217.194.0-255,10692,173137,70,274321
7423,0.001183,172.31.40.0-255,66,173203,70,274321
7424,0.001186,172.217.194.0-255,1484,174687,70,274321
7425,0.001191,172.217.194.0-255,2902,177589,70,274321
7426,0.001193,172.31.40.0-255,66,177655,70,274321
7427,0.001199,172.217.194.0-255,5738,183393,70,274321
7428,0.001201,172.31.40.0-255,66,183459,70,274321
7429,0.001207,172.217.194.0-255,5738,189197,70,274321
7430,0.00121,172.31.40.0-255,66,189263,70,274321
7431,0.001261,172.31.40.0-255,66,189329,70,274321
7432,0.001293,172.217.194.0-255,1484,190813,70,274321
7433,0.001299,172.217.194.0-255,5020,195833,70,274321
7434,0.001302,172.31.40.0-255,66,195899,70,274321
7435,0.001327,172.217.194.0-255,1484,197383,70,274321
7436,0.001333,172.217.194.0-255,2902,200285,70,274321
7437,0.001335,172.31.40.0-255,66,200351,70,274321
7438,0.00137,172.217.194.0-255,5738,206089,70,274321
7439,0.001373,172.31.40.0-255,66,206155,70,274321
7440,0.001379,172.217.194.0-255,5738,211893,70,274321
7441,0.001382,172.31.40.0-255,66,211959,70,274321
7442,0.001405,172.31.40.0-255,66,212025,70,274321
7443,0.001411,172.217.194.0-255,5020,217045,70,274321
7444,0.001413,172.31.40.0-255,66,217111,70,274321
7445,0.001418,172.217.194.0-255,2902,220013,70,274321
7446,0.00142,172.31.40.0-255,66,220079,70,274321
7447,0.001445,172.217.194.0-255,2902,222981,70,274321
7448,0.001448,172.31.40.0-255,66,223047,70,274321
7449,0.001462,172.31.40.0-255,66,223113,70,274321
7450,0.001469,172.217.194.0-255,5738,228851,70,274321
7451,0.001471,172.31.40.0-255,66,228917,70,274321
7452,0.0015,172.217.194.0-255,2902,231819,70,274321
7453,0.001503,172.31.40.0-255,66,231885,70,274321
7454,0.001542,172.31.40.0-255,66,231951,70,274321
7455,0.001578,172.217.194.0-255,7856,239807,70,274321
7456,0.00158,172.31.40.0-255,66,239873,70,274321
7457,0.001588,172.217.194.0-255,5738,245611,70,274321
7458,0.00159,172.31.40.0-255,66,245677,70,274321
7459,0.001625,172.217.194.0-255,10692,256369,70,274321
7460,0.001628,172.31.40.0-255,66,256435,70,274321
7461,0.001644,172.31.40.0-255,66,256501,70,274321
7462,0.001674,172.217.194.0-255,1484,257985,70,274321
7463,0.001683,172.217.194.0-255,8574,266559,70,274321
7464,0.001685,172.31.40.0-255,66,266625,70,274321
7465,0.001724,172.217.194.0-255,7156,273781,70,274321
7466,0.001727,172.31.40.0-255,66,273847,70,274321
7467,0.001764,172.31.40.0-255,66,273913,70,274321
7468,0.00178,172.31.40.0-255,66,273979,70,274321
7469,0.001783,172.217.194.0-255,105,274084,70,274321
7470,0.004498,172.31.40.0-255,66,274150,70,274321
7471,0.004534,172.31.40.0-255,105,274255,70,274321
7472,0.007247,172.217.194.0-255,66,274321,70,274321
7473,0.0,172.217.194.0-255,153,153,70,126474
7474,1.6e-05,172.31.40.0-255,66,219,70,126474
7475,2.3e-05,172.217.194.0-255,1484,1703,70,126474
7476,2.7e-05,172.31.40.0-255,66,1769,70,126474
7477,4.1e-05,172.217.194.0-255,2902,4671,70,126474
7478,4.6e-05,172.31.40.0-255,66,4737,70,126474
7479,5.3e-05,172.217.194.0-255,7156,11893,70,126474
7480,5.6e-05,172.31.40.0-255,66,11959,70,126474
7481,0.0001,172.217.194.0-255,9153,21112,70,126474
7482,0.000103,172.31.40.0-255,66,21178,70,126474
7483,0.000112,172.217.194.0-255,9633,30811,70,126474
7484,0.000115,172.31.40.0-255,66,30877,70,126474
7485,0.000163,172.217.194.0-255,1484,32361,70,126474
7486,0.000166,172.31.40.0-255,66,32427,70,126474
7487,0.000171,172.217.194.0-255,2902,35329,70,126474
7488,0.000173,172.31.40.0-255,66,35395,70,126474
7489,0.000201,172.217.194.0-255,5738,41133,70,126474
7490,0.000204,172.31.40.0-255,66,41199,70,126474
7491,0.000207,172.217.194.0-255,1484,42683,70,126474
7492,0.000209,172.31.40.0-255,66,42749,70,126474
7493,0.000253,172.31.40.0-255,66,42815,70,126474
7494,0.000262,172.217.194.0-255,8574,51389,70,126474
7495,0.000265,172.31.40.0-255,66,51455,70,126474
7496,0.000269,172.217.194.0-255,2495,53950,70,126474
7497,0.000271,172.31.40.0-255,66,54016,70,126474
7498,0.001015,172.217.194.0-255,98,54114,70,126474
7499,0.001021,172.31.40.0-255,66,54180,70,126474
7500,0.001046,172.217.194.0-255,1484,55664,70,126474
7501,0.001048,172.31.40.0-255,66,55730,70,126474
7502,0.001055,172.217.194.0-255,2902,58632,70,126474
7503,0.001057,172.31.40.0-255,66,58698,70,126474
7504,0.001087,172.217.194.0-255,7156,65854,70,126474
7505,0.00109,172.31.40.0-255,66,65920,70,126474
7506,0.001096,172.217.194.0-255,4320,70240,70,126474
7507,0.001098,172.31.40.0-255,66,70306,70,126474
7508,0.001123,172.217.194.0-255,1484,71790,70,126474
7509,0.001149,172.31.40.0-255,66,71856,70,126474
7510,0.001156,172.217.194.0-255,5020,76876,70,126474
7511,0.001159,172.31.40.0-255,66,76942,70,126474
7512,0.003183,172.217.194.0-255,5738,82680,70,126474
7513,0.00319,172.31.40.0-255,66,82746,70,126474
7514,0.005199,172.217.194.0-255,4320,87066,70,126474
7515,0.005204,172.31.40.0-255,66,87132,70,126474
7516,0.005252,172.217.194.0-255,1484,88616,70,126474
7517,0.0072,172.217.194.0-255,4320,92936,70,126474
7518,0.007207,172.31.40.0-255,66,93002,70,126474
7519,0.00924,172.217.194.0-255,5738,98740,70,126474
7520,0.009247,172.31.40.0-255,66,98806,70,126474
7521,0.011218,172.217.194.0-255,5738,104544,70,126474
7522,0.011227,172.31.40.0-255,66,104610,70,126474
7523,0.013235,172.217.194.0-255,5738,110348,70,126474
7524,0.013242,172.31.40.0-255,66,110414,70,126474
7525,0.015276,172.217.194.0-255,5738,116152,70,126474
7526,0.015284,172.31.40.0-255,66,116218,70,126474
7527,0.017324,172.217.194.0-255,4320,120538,70,126474
7528,0.017333,172.31.40.0-255,66,120604,70,126474
7529,0.017361,172.217.194.0-255,1484,122088,70,126474
7530,0.019346,172.217.194.0-255,4320,126408,70,126474
7531,0.019354,172.31.40.0-255,66,126474,70,126474
7532,0.0,74.125.68.0-255,146,146,70,390242
7533,1.7e-05,172.31.40.0-255,66,212,70,390242
7534,4.1e-05,74.125.68.0-255,1484,1696,70,390242
7535,4.5e-05,172.31.40.0-255,66,1762,70,390242
7536,5.1e-05,74.125.68.0-255,2902,4664,70,390242
7537,5.4e-05,172.31.40.0-255,66,4730,70,390242
7538,7.6e-05,74.125.68.0-255,5738,10468,70,390242
7539,7.9e-05,172.31.40.0-255,66,10534,70,390242
7540,9.6e-05,74.125.68.0-255,1484,12018,70,390242
7541,9.8e-05,172.31.40.0-255,66,12084,70,390242
7542,0.000103,74.125.68.0-255,2064,14148,70,390242
7543,0.000105,172.31.40.0-255,66,14214,70,390242
7544,0.000136,74.125.68.0-255,1484,15698,70,390242
7545,0.000139,172.31.40.0-255,66,15764,70,390242
7546,0.000159,74.125.68.0-255,2902,18666,70,390242
7547,0.000162,172.31.40.0-255,66,18732,70,390242
7548,0.000169,74.125.68.0-255,5738,24470,70,390242
7549,0.000171,172.31.40.0-255,66,24536,70,390242
7550,0.000203,74.125.68.0-255,6797,31333,70,390242
7551,0.000205,172.31.40.0-255,66,31399,70,390242
7552,0.000209,74.125.68.0-255,1484,32883,70,390242
7553,0.000211,172.31.40.0-255,66,32949,70,390242
7554,0.000228,74.125.68.0-255,2902,35851,70,390242
7555,0.000231,172.31.40.0-255,66,35917,70,390242
7556,0.000237,74.125.68.0-255,5738,41655,70,390242
7557,0.000239,172.31.40.0-255,66,41721,70,390242
7558,0.000272,74.125.68.0-255,4320,46041,70,390242
7559,0.000275,172.31.40.0-255,66,46107,70,390242
7560,0.000291,74.125.68.0-255,2543,48650,70,390242
7561,0.000293,172.31.40.0-255,66,48716,70,390242
7562,0.000316,74.125.68.0-255,1484,50200,70,390242
7563,0.000318,172.31.40.0-255,66,50266,70,390242
7564,0.000338,74.125.68.0-255,2902,53168,70,390242
7565,0.000358,74.125.68.0-255,2902,56070,70,390242
7566,0.000378,74.125.68.0-255,2902,58972,70,390242
7567,0.000382,74.125.68.0-255,2902,61874,70,390242
7568,0.000396,74.125.68.0-255,2902,64776,70,390242
7569,0.000408,74.125.68.0-255,1125,65901,70,390242
7570,0.000447,74.125.68.0-255,441,66342,70,390242
7571,0.000512,172.31.40.0-255,66,66408,70,390242
7572,0.000563,74.125.68.0-255,1484,67892,70,390242
7573,0.000594,74.125.68.0-255,2902,70794,70,390242
7574,0.000599,74.125.68.0-255,2902,73696,70,390242
7575,0.00062,74.125.68.0-255,2902,76598,70,390242
7576,0.000628,74.125.68.0-255,6797,83395,70,390242
7577,0.000648,74.125.68.0-255,4320,87715,70,390242
7578,0.000664,74.125.68.0-255,2902,90617,70,390242
7579,0.000681,74.125.68.0-255,4320,94937,70,390242
7580,0.000705,74.125.68.0-255,5379,100316,70,390242
7581,0.000707,74.125.68.0-255,332,100648,70,390242
7582,0.000862,172.31.40.0-255,66,100714,70,390242
7583,0.000886,74.125.68.0-255,1484,102198,70,390242
7584,0.000908,74.125.68.0-255,2902,105100,70,390242
7585,0.000911,74.125.68.0-255,1484,106584,70,390242
7586,0.000917,172.31.40.0-255,66,106650,70,390242
7587,0.00093,74.125.68.0-255,4320,110970,70,390242
7588,0.000933,74.125.68.0-255,1484,112454,70,390242
7589,0.000955,74.125.68.0-255,5738,118192,70,390242
7590,0.000968,172.31.40.0-255,66,118258,70,390242
7591,0.000986,74.125.68.0-255,5738,123996,70,390242
7592,0.001004,74.125.68.0-255,4320,128316,70,390242
7593,0.001014,172.31.40.0-255,66,128382,70,390242
7594,0.001024,74.125.68.0-255,1484,129866,70,390242
7595,0.001044,74.125.68.0-255,5020,134886,70,390242
7596,0.001053,172.31.40.0-255,66,134952,70,390242
7597,0.001108,74.125.68.0-255,1484,136436,70,390242
7598,0.001119,74.125.68.0-255,2902,139338,70,390242
7599,0.001135,74.125.68.0-255,1484,140822,70,390242
7600,0.001148,74.125.68.0-255,2902,143724,70,390242
7601,0.001151,74.125.68.0-255,1484,145208,70,390242
7602,0.001159,172.31.40.0-255,66,145274,70,390242
7603,0.001175,74.125.68.0-255,7156,152430,70,390242
7604,0.001219,74.125.68.0-255,7156,159586,70,390242
7605,0.001224,172.31.40.0-255,66,159652,70,390242
7606,0.001232,74.125.68.0-255,1484,161136,70,390242
7607,0.001237,74.125.68.0-255,4320,165456,70,390242
7608,0.001261,74.125.68.0-255,3602,169058,70,390242
7609,0.001267,172.31.40.0-255,66,169124,70,390242
7610,0.001287,74.125.68.0-255,7156,176280,70,390242
7611,0.001304,74.125.68.0-255,1484,177764,70,390242
7612,0.001308,172.31.40.0-255,66,177830,70,390242
7613,0.001332,74.125.68.0-255,9992,187822,70,390242
7614,0.001335,74.125.68.0-255,1484,189306,70,390242
7615,0.001343,172.31.40.0-255,66,189372,70,390242
7616,0.001359,74.125.68.0-255,8574,197946,70,390242
7617,0.001385,74.125.68.0-255,5020,202966,70,390242
7618,0.001391,172.31.40.0-255,66,203032,70,390242
7619,0.001399,74.125.68.0-255,1484,204516,70,390242
7620,0.001415,74.125.68.0-255,4320,208836,70,390242
7621,0.001441,74.125.68.0-255,7156,215992,70,390242
7622,0.001444,172.31.40.0-255,66,216058,70,390242
7623,0.001452,172.31.40.0-255,66,216124,70,390242
7624,0.00147,74.125.68.0-255,8574,224698,70,390242
7625,0.001489,74.125.68.0-255,2902,227600,70,390242
7626,0.001492,172.31.40.0-255,66,227666,70,390242
7627,0.001505,74.125.68.0-255,8574,236240,70,390242
7628,0.001509,172.31.40.0-255,66,236306,70,390242
7629,0.001516,74.125.68.0-255,766,237072,70,390242
7630,0.001593,74.125.68.0-255,1484,238556,70,390242
7631,0.001605,74.125.68.0-255,2902,241458,70,390242
7632,0.001611,172.31.40.0-255,66,241524,70,390242
7633,0.001631,74.125.68.0-255,4320,245844,70,390242
7634,0.001652,74.125.68.0-255,5738,251582,70,390242
7635,0.001659,172.31.40.0-255,66,251648,70,390242
7636,0.001694,74.125.68.0-255,2902,254550,70,390242
7637,0.001701,74.125.68.0-255,5738,260288,70,390242
7638,0.001708,74.125.68.0-255,7156,267444,70,390242
7639,0.001713,74.125.68.0-255,3602,271046,70,390242
7640,0.001718,172.31.40.0-255,66,271112,70,390242
7641,0.001733,74.125.68.0-255,1484,272596,70,390242
7642,0.001751,74.125.68.0-255,2902,275498,70,390242
7643,0.001767,74.125.68.0-255,1484,276982,70,390242
7644,0.001782,74.125.68.0-255,4320,281302,70,390242
7645,0.001784,74.125.68.0-255,1484,282786,70,390242
7646,0.001787,172.31.40.0-255,66,282852,70,390242
7647,0.001799,74.125.68.0-255,4320,287172,70,390242
7648,0.001804,74.125.68.0-255,2902,290074,70,390242
7649,0.001808,172.31.40.0-255,66,290140,70,390242
7650,0.001819,74.125.68.0-255,4320,294460,70,390242
7651,0.001836,74.125.68.0-255,2902,297362,70,390242
7652,0.001845,172.31.40.0-255,66,297428,70,390242
7653,0.001869,74.125.68.0-255,7856,305284,70,390242
7654,0.001875,172.31.40.0-255,66,305350,70,390242
7655,0.001919,74.125.68.0-255,1484,306834,70,390242
7656,0.001934,74.125.68.0-255,1484,308318,70,390242
7657,0.001948,74.125.68.0-255,2902,311220,70,390242
7658,0.001954,172.31.40.0-255,66,311286,70,390242
7659,0.001965,74.125.68.0-255,1484,312770,70,390242
7660,0.001984,74.125.68.0-255,4320,317090,70,390242
7661,0.001989,74.125.68.0-255,2902,319992,70,390242
7662,0.001993,74.125.68.0-255,2902,322894,70,390242
7663,0.002001,172.31.40.0-255,66,322960,70,390242
7664,0.002012,74.125.68.0-255,1484,324444,70,390242
7665,0.002015,74.125.68.0-255,1484,325928,70,390242
7666,0.002019,172.31.40.0-255,66,325994,70,390242
7667,0.002043,74.125.68.0-255,7156,333150,70,390242
7668,0.00205,74.125.68.0-255,6438,339588,70,390242
7669,0.002074,172.31.40.0-255,66,339654,70,390242
7670,0.002131,74.125.68.0-255,1484,341138,70,390242
7671,0.002136,74.125.68.0-255,1484,342622,70,390242
7672,0.002185,172.31.40.0-255,66,342688,70,390242
7673,0.004192,74.125.68.0-255,2902,345590,70,390242
7674,0.004198,172.31.40.0-255,66,345656,70,390242
7675,0.004299,74.125.68.0-255,2902,348558,70,390242
7676,0.004318,172.31.40.0-255,66,348624,70,390242
7677,0.006323,74.125.68.0-255,2902,351526,70,390242
7678,0.006332,172.31.40.0-255,66,351592,70,390242
7679,0.006438,74.125.68.0-255,2902,354494,70,390242
7680,0.006441,172.31.40.0-255,66,354560,70,390242
7681,0.008447,74.125.68.0-255,2902,357462,70,390242
7682,0.008449,172.31.40.0-255,66,357528,70,390242
7683,0.008546,74.125.68.0-255,2902,360430,70,390242
7684,0.008548,172.31.40.0-255,66,360496,70,390242
7685,0.01057,74.125.68.0-255,2902,363398,70,390242
7686,0.010576,172.31.40.0-255,66,363464,70,390242
7687,0.01066,74.125.68.0-255,2902,366366,70,390242
7688,0.010663,172.31.40.0-255,66,366432,70,390242
7689,0.012703,74.125.68.0-255,2902,369334,70,390242
7690,0.01271,172.31.40.0-255,66,369400,70,390242
7691,0.012774,74.125.68.0-255,2902,372302,70,390242
7692,0.012778,172.31.40.0-255,66,372368,70,390242
7693,0.014839,74.125.68.0-255,2902,375270,70,390242
7694,0.014846,172.31.40.0-255,66,375336,70,390242
7695,0.014872,74.125.68.0-255,1484,376820,70,390242
7696,0.014883,74.125.68.0-255,1484,378304,70,390242
7697,0.014885,172.31.40.0-255,66,378370,70,390242
7698,0.016975,74.125.68.0-255,2902,381272,70,390242
7699,0.016984,172.31.40.0-255,66,381338,70,390242
7700,0.017007,74.125.68.0-255,2902,384240,70,390242
7701,0.01701,172.31.40.0-255,66,384306,70,390242
7702,0.019115,74.125.68.0-255,2902,387208,70,390242
7703,0.019123,172.31.40.0-255,66,387274,70,390242
7704,0.019153,74.125.68.0-255,2902,390176,70,390242
7705,0.019156,172.31.40.0-255,66,390242,70,390242
7706,0.0,74.125.24.0-255,153,153,70,226769
7707,2.2e-05,172.31.40.0-255,66,219,70,226769
7708,2.9e-05,74.125.24.0-255,1484,1703,70,226769
7709,3.4e-05,172.31.40.0-255,66,1769,70,226769
7710,4e-05,74.125.24.0-255,2902,4671,70,226769
7711,4.3e-05,172.31.40.0-255,66,4737,70,226769
7712,5.1e-05,74.125.24.0-255,7156,11893,70,226769
7713,5.5e-05,172.31.40.0-255,66,11959,70,226769
7714,8.7e-05,74.125.24.0-255,2039,13998,70,226769
7715,9e-05,172.31.40.0-255,66,14064,70,226769
7716,0.000359,74.125.24.0-255,1484,15548,70,226769
7717,0.000364,172.31.40.0-255,66,15614,70,226769
7718,0.000371,74.125.24.0-255,2902,18516,70,226769
7719,0.000374,172.31.40.0-255,66,18582,70,226769
7720,0.00038,74.125.24.0-255,4320,22902,70,226769
7721,0.000382,172.31.40.0-255,66,22968,70,226769
7722,0.0004,74.125.24.0-255,1484,24452,70,226769
7723,0.000403,172.31.40.0-255,66,24518,70,226769
7724,0.000417,74.125.24.0-255,4320,28838,70,226769
7725,0.000419,172.31.40.0-255,66,28904,70,226769
7726,0.000442,74.125.24.0-255,9633,38537,70,226769
7727,0.000445,172.31.40.0-255,66,38603,70,226769
7728,0.000458,172.31.40.0-255,66,38669,70,226769
7729,0.000486,74.125.24.0-255,4320,42989,70,226769
7730,0.000488,172.31.40.0-255,66,43055,70,226769
7731,0.000513,172.31.40.0-255,66,43121,70,226769
7732,0.000548,74.125.24.0-255,6002,49123,70,226769
7733,0.000552,172.31.40.0-255,66,49189,70,226769
7734,0.000559,74.125.24.0-255,7156,56345,70,226769
7735,0.000561,172.31.40.0-255,66,56411,70,226769
7736,0.000587,74.125.24.0-255,1484,57895,70,226769
7737,0.000601,74.125.24.0-255,2543,60438,70,226769
7738,0.000604,172.31.40.0-255,66,60504,70,226769
7739,0.000619,74.125.24.0-255,2902,63406,70,226769
7740,0.000622,172.31.40.0-255,66,63472,70,226769
7741,0.000649,74.125.24.0-255,1484,64956,70,226769
7742,0.000656,74.125.24.0-255,5738,70694,70,226769
7743,0.000659,172.31.40.0-255,66,70760,70,226769
7744,0.000677,74.125.24.0-255,1484,72244,70,226769
7745,0.000697,74.125.24.0-255,5379,77623,70,226769
7746,0.000725,172.31.40.0-255,66,77689,70,226769
7747,0.001172,74.125.24.0-255,1484,79173,70,226769
7748,0.001178,74.125.24.0-255,2902,82075,70,226769
7749,0.001181,172.31.40.0-255,66,82141,70,226769
7750,0.001186,74.125.24.0-255,1484,83625,70,226769
7751,0.001205,74.125.24.0-255,4320,87945,70,226769
7752,0.001207,172.31.40.0-255,66,88011,70,226769
7753,0.001222,74.125.24.0-255,2902,90913,70,226769
7754,0.001225,172.31.40.0-255,66,90979,70,226769
7755,0.001246,74.125.24.0-255,9992,100971,70,226769
7756,0.001248,172.31.40.0-255,66,101037,70,226769
7757,0.001259,74.125.24.0-255,9992,111029,70,226769
7758,0.001261,172.31.40.0-255,66,111095,70,226769
7759,0.001283,74.125.24.0-255,766,111861,70,226769
7760,0.001287,74.125.24.0-255,1484,113345,70,226769
7761,0.001289,172.31.40.0-255,66,113411,70,226769
7762,0.001293,74.125.24.0-255,2902,116313,70,226769
7763,0.001295,172.31.40.0-255,66,116379,70,226769
7764,0.001298,74.125.24.0-255,1484,117863,70,226769
7765,0.001316,74.125.24.0-255,4320,122183,70,226769
7766,0.001318,172.31.40.0-255,66,122249,70,226769
7767,0.001325,74.125.24.0-255,5738,127987,70,226769
7768,0.001327,172.31.40.0-255,66,128053,70,226769
7769,0.001347,74.125.24.0-255,7156,135209,70,226769
7770,0.00135,172.31.40.0-255,66,135275,70,226769
7771,0.001357,74.125.24.0-255,7156,142431,70,226769
7772,0.001359,172.31.40.0-255,66,142497,70,226769
7773,0.001384,74.125.24.0-255,2902,145399,70,226769
7774,0.001388,74.125.24.0-255,3602,149001,70,226769
7775,0.001392,74.125.24.0-255,2902,151903,70,226769
7776,0.001396,172.31.40.0-255,66,151969,70,226769
7777,0.001399,172.31.40.0-255,66,152035,70,226769
7778,0.001405,172.31.40.0-255,66,152101,70,226769
7779,0.001409,74.125.24.0-255,1484,153585,70,226769
7780,0.001416,74.125.24.0-255,5738,159323,70,226769
7781,0.001419,172.31.40.0-255,66,159389,70,226769
7782,0.001435,74.125.24.0-255,4320,163709,70,226769
7783,0.001438,172.31.40.0-255,66,163775,70,226769
7784,0.001468,74.125.24.0-255,8574,172349,70,226769
7785,0.001471,172.31.40.0-255,66,172415,70,226769
7786,0.001496,74.125.24.0-255,7856,180271,70,226769
7787,0.001499,172.31.40.0-255,66,180337,70,226769
7788,0.003553,74.125.24.0-255,5738,186075,70,226769
7789,0.00356,172.31.40.0-255,66,186141,70,226769
7790,0.005618,74.125.24.0-255,5738,191879,70,226769
7791,0.005622,172.31.40.0-255,66,191945,70,226769
7792,0.007685,74.125.24.0-255,5738,197683,70,226769
7793,0.007692,172.31.40.0-255,66,197749,70,226769
7794,0.009744,74.125.24.0-255,5738,203487,70,226769
7795,0.009752,172.31.40.0-255,66,203553,70,226769
7796,0.011807,74.125.24.0-255,5738,209291,70,226769
7797,0.011816,172.31.40.0-255,66,209357,70,226769
7798,0.013872,74.125.24.0-255,5738,215095,70,226769
7799,0.013881,172.31.40.0-255,66,215161,70,226769
7800,0.015948,74.125.24.0-255,5738,220899,70,226769
7801,0.015959,172.31.40.0-255,66,220965,70,226769
7802,0.018024,74.125.24.0-255,5738,226703,70,226769
7803,0.018031,172.31.40.0-255,66,226769,70,226769
7804,0.0,74.125.200.0-255,150,150,70,177784
7805,2.1e-05,172.31.40.0-255,66,216,70,177784
7806,5.5e-05,74.125.200.0-255,1484,1700,70,177784
7807,6e-05,172.31.40.0-255,66,1766,70,177784
7808,6.5e-05,74.125.200.0-255,2902,4668,70,177784
7809,6.8e-05,172.31.40.0-255,66,4734,70,177784
7810,7.9e-05,74.125.200.0-255,5738,10472,70,177784
7811,8.2e-05,172.31.40.0-255,66,10538,70,177784
7812,8.5e-05,74.125.200.0-255,1484,12022,70,177784
7813,8.8e-05,172.31.40.0-255,66,12088,70,177784
7814,0.000123,74.125.200.0-255,2103,14191,70,177784
7815,0.000125,172.31.40.0-255,66,14257,70,177784
7816,0.000195,74.125.200.0-255,1484,15741,70,177784
7817,0.0002,172.31.40.0-255,66,15807,70,177784
7818,0.000229,74.125.200.0-255,2902,18709,70,177784
7819,0.000232,172.31.40.0-255,66,18775,70,177784
7820,0.000239,74.125.200.0-255,5738,24513,70,177784
7821,0.000241,172.31.40.0-255,66,24579,70,177784
7822,0.000253,74.125.200.0-255,6797,31376,70,177784
7823,0.000255,172.31.40.0-255,66,31442,70,177784
7824,0.000476,74.125.200.0-255,1484,32926,70,177784
7825,0.000484,172.31.40.0-255,66,32992,70,177784
7826,0.000488,74.125.200.0-255,1484,34476,70,177784
7827,0.00049,172.31.40.0-255,66,34542,70,177784
7828,0.000494,74.125.200.0-255,1484,36026,70,177784
7829,0.000495,172.31.40.0-255,66,36092,70,177784
7830,0.000528,74.125.200.0-255,1484,37576,70,177784
7831,0.00053,172.31.40.0-255,66,37642,70,177784
7832,0.00054,74.125.200.0-255,5738,43380,70,177784
7833,0.000544,172.31.40.0-255,66,43446,70,177784
7834,0.00055,74.125.200.0-255,5379,48825,70,177784
7835,0.000552,172.31.40.0-255,66,48891,70,177784
7836,0.000756,74.125.200.0-255,1484,50375,70,177784
7837,0.000763,74.125.200.0-255,2902,53277,70,177784
7838,0.000768,172.31.40.0-255,66,53343,70,177784
7839,0.000796,74.125.200.0-255,5738,59081,70,177784
7840,0.000799,172.31.40.0-255,66,59147,70,177784
7841,0.000803,74.125.200.0-255,2902,62049,70,177784
7842,0.000805,172.31.40.0-255,66,62115,70,177784
7843,0.000831,74.125.200.0-255,3961,66076,70,177784
7844,0.000834,172.31.40.0-255,66,66142,70,177784
7845,0.000841,74.125.200.0-255,358,66500,70,177784
7846,0.001079,74.125.200.0-255,134,66634,70,177784
7847,0.001334,74.125.200.0-255,1484,68118,70,177784
7848,0.001338,172.31.40.0-255,66,68184,70,177784
7849,0.001342,74.125.200.0-255,1484,69668,70,177784
7850,0.001377,74.125.200.0-255,2902,72570,70,177784
7851,0.001381,172.31.40.0-255,66,72636,70,177784
7852,0.001409,74.125.200.0-255,5738,78374,70,177784
7853,0.001412,172.31.40.0-255,66,78440,70,177784
7854,0.001491,74.125.200.0-255,2902,81342,70,177784
7855,0.001494,172.31.40.0-255,66,81408,70,177784
7856,0.001498,74.125.200.0-255,1484,82892,70,177784
7857,0.001538,74.125.200.0-255,1125,84017,70,177784
7858,0.001544,172.31.40.0-255,66,84083,70,177784
7859,0.001706,74.125.200.0-255,1484,85567,70,177784
7860,0.001727,74.125.200.0-255,2902,88469,70,177784
7861,0.001731,172.31.40.0-255,66,88535,70,177784
7862,0.001734,74.125.200.0-255,1484,90019,70,177784
7863,0.001762,74.125.200.0-255,2902,92921,70,177784
7864,0.001765,172.31.40.0-255,66,92987,70,177784
7865,0.00177,74.125.200.0-255,2902,95889,70,177784
7866,0.001772,172.31.40.0-255,66,95955,70,177784
7867,0.001794,74.125.200.0-255,2902,98857,70,177784
7868,0.001796,172.31.40.0-255,66,98923,70,177784
7869,0.001804,74.125.200.0-255,2543,101466,70,177784
7870,0.001806,172.31.40.0-255,66,101532,70,177784
7871,0.002021,74.125.200.0-255,1484,103016,70,177784
7872,0.002035,74.125.200.0-255,1484,104500,70,177784
7873,0.002038,172.31.40.0-255,66,104566,70,177784
7874,0.002057,74.125.200.0-255,2902,107468,70,177784
7875,0.002059,172.31.40.0-255,66,107534,70,177784
7876,0.002091,74.125.200.0-255,5738,113272,70,177784
7877,0.002094,172.31.40.0-255,66,113338,70,177784
7878,0.002097,74.125.200.0-255,1484,114822,70,177784
7879,0.002121,74.125.200.0-255,2902,117724,70,177784
7880,0.002124,172.31.40.0-255,66,117790,70,177784
7881,0.00213,74.125.200.0-255,4320,122110,70,177784
7882,0.002132,172.31.40.0-255,66,122176,70,177784
7883,0.002155,74.125.200.0-255,1484,123660,70,177784
7884,0.002165,74.125.200.0-255,5738,129398,70,177784
7885,0.002167,172.31.40.0-255,66,129464,70,177784
7886,0.00218,74.125.200.0-255,2902,132366,70,177784
7887,0.002182,172.31.40.0-255,66,132432,70,177784
7888,0.002209,74.125.200.0-255,3602,136034,70,177784
7889,0.002212,172.31.40.0-255,66,136100,70,177784
7890,0.004485,74.125.200.0-255,1484,137584,70,177784
7891,0.004504,74.125.200.0-255,1484,139068,70,177784
7892,0.00451,172.31.40.0-255,66,139134,70,177784
7893,0.004566,74.125.200.0-255,2902,142036,70,177784
7894,0.004568,172.31.40.0-255,66,142102,70,177784
7895,0.006819,74.125.200.0-255,2902,145004,70,177784
7896,0.006825,172.31.40.0-255,66,145070,70,177784
7897,0.006852,74.125.200.0-255,1484,146554,70,177784
7898,0.006869,74.125.200.0-255,1484,148038,70,177784
7899,0.006871,172.31.40.0-255,66,148104,70,177784
7900,0.009157,74.125.200.0-255,2902,151006,70,177784
7901,0.009164,172.31.40.0-255,66,151072,70,177784
7902,0.009197,74.125.200.0-255,2902,153974,70,177784
7903,0.009199,172.31.40.0-255,66,154040,70,177784
7904,0.011462,74.125.200.0-255,2902,156942,70,177784
7905,0.011471,172.31.40.0-255,66,157008,70,177784
7906,0.011505,74.125.200.0-255,2902,159910,70,177784
7907,0.011508,172.31.40.0-255,66,159976,70,177784
7908,0.01378,74.125.200.0-255,2902,162878,70,177784
7909,0.013789,172.31.40.0-255,66,162944,70,177784
7910,0.013818,74.125.200.0-255,2902,165846,70,177784
7911,0.013822,172.31.40.0-255,66,165912,70,177784
7912,0.016102,74.125.200.0-255,2902,168814,70,177784
7913,0.016111,172.31.40.0-255,66,168880,70,177784
7914,0.016146,74.125.200.0-255,2902,171782,70,177784
7915,0.016148,172.31.40.0-255,66,171848,70,177784
7916,0.01842,74.125.200.0-255,2902,174750,70,177784
7917,0.01843,172.31.40.0-255,66,174816,70,177784
7918,0.018462,74.125.200.0-255,2902,177718,70,177784
7919,0.018465,172.31.40.0-255,66,177784,70,177784
7920,0.0,74.125.24.0-255,153,153,70,192543
7921,2.4e-05,172.31.40.0-255,66,219,70,192543
7922,3.1e-05,74.125.24.0-255,1484,1703,70,192543
7923,3.6e-05,172.31.40.0-255,66,1769,70,192543
7924,4.1e-05,74.125.24.0-255,2902,4671,70,192543
7925,5.2e-05,172.31.40.0-255,66,4737,70,192543
7926,5.5e-05,74.125.24.0-255,1484,6221,70,192543
7927,5.8e-05,172.31.40.0-255,66,6287,70,192543
7928,6.9e-05,74.125.24.0-255,9188,15475,70,192543
7929,7.1e-05,172.31.40.0-255,66,15541,70,192543
7930,0.000127,172.31.40.0-255,66,15607,70,192543
7931,0.00013,74.125.24.0-255,1125,16732,70,192543
7932,0.000132,172.31.40.0-255,66,16798,70,192543
7933,0.000174,74.125.24.0-255,1484,18282,70,192543
7934,0.000176,172.31.40.0-255,66,18348,70,192543
7935,0.00018,74.125.24.0-255,1484,19832,70,192543
7936,0.000182,172.31.40.0-255,66,19898,70,192543
7937,0.000188,74.125.24.0-255,4320,24218,70,192543
7938,0.00019,172.31.40.0-255,66,24284,70,192543
7939,0.000219,172.31.40.0-255,66,24350,70,192543
7940,0.000255,172.31.40.0-255,66,24416,70,192543
7941,0.000285,74.125.24.0-255,2820,27236,70,192543
7942,0.000288,172.31.40.0-255,66,27302,70,192543
7943,0.000437,74.125.24.0-255,127,27429,70,192543
7944,0.000442,172.31.40.0-255,66,27495,70,192543
7945,0.000446,74.125.24.0-255,348,27843,70,192543
7946,0.000449,172.31.40.0-255,66,27909,70,192543
7947,0.000859,74.125.24.0-255,1484,29393,70,192543
7948,0.000865,172.31.40.0-255,66,29459,70,192543
7949,0.00087,74.125.24.0-255,2902,32361,70,192543
7950,0.000873,172.31.40.0-255,66,32427,70,192543
7951,0.000903,74.125.24.0-255,5738,38165,70,192543
7952,0.000905,172.31.40.0-255,66,38231,70,192543
7953,0.00091,74.125.24.0-255,2902,41133,70,192543
7954,0.000913,172.31.40.0-255,66,41199,70,192543
7955,0.000924,74.125.24.0-255,9992,51191,70,192543
7956,0.000926,172.31.40.0-255,66,51257,70,192543
7957,0.000952,74.125.24.0-255,4320,55577,70,192543
7958,0.000955,172.31.40.0-255,66,55643,70,192543
7959,0.000963,74.125.24.0-255,5889,61532,70,192543
7960,0.000966,172.31.40.0-255,66,61598,70,192543
7961,0.001002,74.125.24.0-255,1484,63082,70,192543
7962,0.001019,74.125.24.0-255,1484,64566,70,192543
7963,0.001022,172.31.40.0-255,66,64632,70,192543
7964,0.001052,74.125.24.0-255,1484,66116,70,192543
7965,0.001058,74.125.24.0-255,5738,71854,70,192543
7966,0.001061,172.31.40.0-255,66,71920,70,192543
7967,0.00107,74.125.24.0-255,8574,80494,70,192543
7968,0.001077,172.31.40.0-255,66,80560,70,192543
7969,0.001111,74.125.24.0-255,2902,83462,70,192543
7970,0.001114,172.31.40.0-255,66,83528,70,192543
7971,0.001157,172.31.40.0-255,66,83594,70,192543
7972,0.001178,172.31.40.0-255,66,83660,70,192543
7973,0.001191,172.31.40.0-255,66,83726,70,192543
7974,0.001194,74.125.24.0-255,1484,85210,70,192543
7975,0.001231,74.125.24.0-255,5020,90230,70,192543
7976,0.001234,172.31.40.0-255,66,90296,70,192543
7977,0.001242,74.125.24.0-255,7156,97452,70,192543
7978,0.001244,172.31.40.0-255,66,97518,70,192543
7979,0.001249,74.125.24.0-255,2902,100420,70,192543
7980,0.001251,172.31.40.0-255,66,100486,70,192543
7981,0.001306,172.31.40.0-255,66,100552,70,192543
7982,0.001315,74.125.24.0-255,9992,110544,70,192543
7983,0.001318,172.31.40.0-255,66,110610,70,192543
7984,0.00132,74.125.24.0-255,766,111376,70,192543
7985,0.001917,74.125.24.0-255,1484,112860,70,192543
7986,0.001922,172.31.40.0-255,66,112926,70,192543
7987,0.001927,74.125.24.0-255,2902,115828,70,192543
7988,0.001929,172.31.40.0-255,66,115894,70,192543
7989,0.001935,74.125.24.0-255,4320,120214,70,192543
7990,0.001937,172.31.40.0-255,66,120280,70,192543
7991,0.001966,74.125.24.0-255,1484,121764,70,192543
7992,0.00198,172.31.40.0-255,66,121830,70,192543
7993,0.001985,74.125.24.0-255,4320,126150,70,192543
7994,0.001987,172.31.40.0-255,66,126216,70,192543
7995,0.002016,74.125.24.0-255,6438,132654,70,192543
7996,0.002018,172.31.40.0-255,66,132720,70,192543
7997,0.002255,74.125.24.0-255,1484,134204,70,192543
7998,0.002262,74.125.24.0-255,2902,137106,70,192543
7999,0.002265,172.31.40.0-255,66,137172,70,192543
8000,0.00227,74.125.24.0-255,2902,140074,70,192543
8001,0.002271,172.31.40.0-255,66,140140,70,192543
8002,0.002294,74.125.24.0-255,2902,143042,70,192543
8003,0.002296,172.31.40.0-255,66,143108,70,192543
8004,0.002314,74.125.24.0-255,8574,151682,70,192543
8005,0.002316,172.31.40.0-255,66,151748,70,192543
8006,0.004604,74.125.24.0-255,5738,157486,70,192543
8007,0.004611,172.31.40.0-255,66,157552,70,192543
8008,0.006894,74.125.24.0-255,5738,163290,70,192543
8009,0.006898,172.31.40.0-255,66,163356,70,192543
8010,0.009196,74.125.24.0-255,5738,169094,70,192543
8011,0.009202,172.31.40.0-255,66,169160,70,192543
8012,0.009815,172.31.40.0-255,101,169261,70,192543
8013,0.01148,74.125.24.0-255,5738,174999,70,192543
8014,0.011488,172.31.40.0-255,66,175065,70,192543
8015,0.01205,74.125.24.0-255,66,175131,70,192543
8016,0.013813,74.125.24.0-255,5738,180869,70,192543
8017,0.013821,172.31.40.0-255,66,180935,70,192543
8018,0.01612,74.125.24.0-255,5738,186673,70,192543
8019,0.016127,172.31.40.0-255,66,186739,70,192543
8020,0.018403,74.125.24.0-255,5738,192477,70,192543
8021,0.018414,172.31.40.0-255,66,192543,70,192543
8022,0.0,172.217.26.0-255,152,152,70,115983
8023,3.9e-05,172.31.40.0-255,66,218,70,115983
8024,4.7e-05,172.217.26.0-255,1484,1702,70,115983
8025,5.1e-05,172.31.40.0-255,66,1768,70,115983
8026,5.6e-05,172.217.26.0-255,2902,4670,70,115983
8027,5.8e-05,172.31.40.0-255,66,4736,70,115983
8028,6.3e-05,172.217.26.0-255,4320,9056,70,115983
8029,6.6e-05,172.31.40.0-255,66,9122,70,115983
8030,7.2e-05,172.217.26.0-255,4899,14021,70,115983
8031,7.5e-05,172.31.40.0-255,66,14087,70,115983
8032,0.000583,172.217.26.0-255,1484,15571,70,115983
8033,0.000589,172.31.40.0-255,66,15637,70,115983
8034,0.0006,172.217.26.0-255,2902,18539,70,115983
8035,0.000602,172.31.40.0-255,66,18605,70,115983
8036,0.000609,172.217.26.0-255,5738,24343,70,115983
8037,0.000611,172.31.40.0-255,66,24409,70,115983
8038,0.000616,172.217.26.0-255,4320,28729,70,115983
8039,0.000619,172.31.40.0-255,66,28795,70,115983
8040,0.00065,172.217.26.0-255,5379,34174,70,115983
8041,0.000653,172.31.40.0-255,66,34240,70,115983
8042,0.000667,172.217.26.0-255,4320,38560,70,115983
8043,0.000671,172.31.40.0-255,66,38626,70,115983
8044,0.000695,172.217.26.0-255,7156,45782,70,115983
8045,0.000699,172.31.40.0-255,66,45848,70,115983
8046,0.000716,172.217.26.0-255,2543,48391,70,115983
8047,0.000719,172.31.40.0-255,66,48457,70,115983
8048,0.00119,172.217.26.0-255,1484,49941,70,115983
8049,0.001197,172.31.40.0-255,66,50007,70,115983
8050,0.001203,172.217.26.0-255,2902,52909,70,115983
8051,0.001206,172.31.40.0-255,66,52975,70,115983
8052,0.001211,172.217.26.0-255,5738,58713,70,115983
8053,0.001213,172.31.40.0-255,66,58779,70,115983
8054,0.001218,172.217.26.0-255,2902,61681,70,115983
8055,0.00122,172.31.40.0-255,66,61747,70,115983
8056,0.001263,172.217.26.0-255,3961,65708,70,115983
8057,0.001265,172.31.40.0-255,66,65774,70,115983
8058,0.001268,172.217.26.0-255,396,66170,70,115983
8059,0.001887,172.217.26.0-255,347,66517,70,115983
8060,0.003152,172.217.26.0-255,2902,69419,70,115983
8061,0.00316,172.31.40.0-255,66,69485,70,115983
8062,0.005059,172.217.26.0-255,5738,75223,70,115983
8063,0.005066,172.31.40.0-255,66,75289,70,115983
8064,0.006965,172.217.26.0-255,5738,81027,70,115983
8065,0.006972,172.31.40.0-255,66,81093,70,115983
8066,0.008878,172.217.26.0-255,5738,86831,70,115983
8067,0.008885,172.31.40.0-255,66,86897,70,115983
8068,0.010783,172.217.26.0-255,5738,92635,70,115983
8069,0.01079,172.31.40.0-255,66,92701,70,115983
8070,0.012693,172.217.26.0-255,5738,98439,70,115983
8071,0.012702,172.31.40.0-255,66,98505,70,115983
8072,0.014606,172.217.26.0-255,5738,104243,70,115983
8073,0.014613,172.31.40.0-255,66,104309,70,115983
8074,0.016546,172.217.26.0-255,1484,105793,70,115983
8075,0.016583,172.217.26.0-255,4320,110113,70,115983
8076,0.016588,172.31.40.0-255,66,110179,70,115983
8077,0.018482,172.217.26.0-255,5738,115917,70,115983
8078,0.018489,172.31.40.0-255,66,115983,70,115983
8079,0.0,142.250.4.0-255,291,291,70,275908
8080,1.8e-05,172.31.40.0-255,66,357,70,275908
8081,2.5e-05,142.250.4.0-255,1484,1841,70,275908
8082,2.9e-05,172.31.40.0-255,66,1907,70,275908
8083,6.6e-05,142.250.4.0-255,2902,4809,70,275908
8084,6.9e-05,172.31.40.0-255,66,4875,70,275908
8085,7.6e-05,142.250.4.0-255,5738,10613,70,275908
8086,7.9e-05,172.31.40.0-255,66,10679,70,275908
8087,8.3e-05,142.250.4.0-255,3277,13956,70,275908
8088,8.7e-05,172.31.40.0-255,66,14022,70,275908
8089,0.000127,172.31.40.0-255,66,14088,70,275908
8090,0.000138,142.250.4.0-255,5379,19467,70,275908
8091,0.00014,172.31.40.0-255,66,19533,70,275908
8092,0.000234,142.250.4.0-255,1484,21017,70,275908
8093,0.000237,172.31.40.0-255,66,21083,70,275908
8094,0.000242,142.250.4.0-255,2902,23985,70,275908
8095,0.000245,172.31.40.0-255,66,24051,70,275908
8096,0.000248,142.250.4.0-255,1484,25535,70,275908
8097,0.00025,172.31.40.0-255,66,25601,70,275908
8098,0.00027,142.250.4.0-255,4320,29921,70,275908
8099,0.000273,172.31.40.0-255,66,29987,70,275908
8100,0.000283,142.250.4.0-255,5738,35725,70,275908
8101,0.000286,172.31.40.0-255,66,35791,70,275908
8102,0.000341,172.31.40.0-255,66,35857,70,275908
8103,0.000346,142.250.4.0-255,4274,40131,70,275908
8104,0.000348,172.31.40.0-255,66,40197,70,275908
8105,0.000351,142.250.4.0-255,107,40304,70,275908
8106,0.000354,172.31.40.0-255,66,40370,70,275908
8107,0.000374,142.250.4.0-255,332,40702,70,275908
8108,0.000376,172.31.40.0-255,66,40768,70,275908
8109,0.000666,142.250.4.0-255,1484,42252,70,275908
8110,0.000673,142.250.4.0-255,2902,45154,70,275908
8111,0.000676,172.31.40.0-255,66,45220,70,275908
8112,0.00068,142.250.4.0-255,1484,46704,70,275908
8113,0.000712,142.250.4.0-255,4320,51024,70,275908
8114,0.00072,142.250.4.0-255,7156,58180,70,275908
8115,0.000729,172.31.40.0-255,66,58246,70,275908
8116,0.000759,142.250.4.0-255,5738,63984,70,275908
8117,0.000765,142.250.4.0-255,4320,68304,70,275908
8118,0.000779,142.250.4.0-255,4320,72624,70,275908
8119,0.00079,142.250.4.0-255,2184,74808,70,275908
8120,0.000794,172.31.40.0-255,66,74874,70,275908
8121,0.000799,172.31.40.0-255,66,74940,70,275908
8122,0.001295,142.250.4.0-255,1484,76424,70,275908
8123,0.001298,142.250.4.0-255,1484,77908,70,275908
8124,0.001304,172.31.40.0-255,66,77974,70,275908
8125,0.001315,142.250.4.0-255,1484,79458,70,275908
8126,0.001321,142.250.4.0-255,4320,83778,70,275908
8127,0.001323,172.31.40.0-255,66,83844,70,275908
8128,0.001346,142.250.4.0-255,1484,85328,70,275908
8129,0.00136,142.250.4.0-255,9992,95320,70,275908
8130,0.001362,172.31.40.0-255,66,95386,70,275908
8131,0.001436,172.31.40.0-255,66,95452,70,275908
8132,0.001594,142.250.4.0-255,1484,96936,70,275908
8133,0.001599,142.250.4.0-255,1484,98420,70,275908
8134,0.001602,172.31.40.0-255,66,98486,70,275908
8135,0.001624,142.250.4.0-255,1484,99970,70,275908
8136,0.001631,142.250.4.0-255,5738,105708,70,275908
8137,0.001633,172.31.40.0-255,66,105774,70,275908
8138,0.001642,142.250.4.0-255,8574,114348,70,275908
8139,0.001644,172.31.40.0-255,66,114414,70,275908
8140,0.001669,142.250.4.0-255,1484,115898,70,275908
8141,0.001698,142.250.4.0-255,9992,125890,70,275908
8142,0.001703,172.31.40.0-255,66,125956,70,275908
8143,0.001715,142.250.4.0-255,7856,133812,70,275908
8144,0.001735,172.31.40.0-255,66,133878,70,275908
8145,0.001778,172.31.40.0-255,66,133944,70,275908
8146,0.001847,142.250.4.0-255,1484,135428,70,275908
8147,0.001853,142.250.4.0-255,2902,138330,70,275908
8148,0.001859,142.250.4.0-255,4320,142650,70,275908
8149,0.001864,172.31.40.0-255,66,142716,70,275908
8150,0.001871,142.250.4.0-255,1484,144200,70,275908
8151,0.001904,142.250.4.0-255,5738,149938,70,275908
8152,0.001919,142.250.4.0-255,5020,154958,70,275908
8153,0.001939,172.31.40.0-255,66,155024,70,275908
8154,0.002056,142.250.4.0-255,1484,156508,70,275908
8155,0.002063,142.250.4.0-255,2902,159410,70,275908
8156,0.002078,142.250.4.0-255,2902,162312,70,275908
8157,0.002081,172.31.40.0-255,66,162378,70,275908
8158,0.002086,172.31.40.0-255,66,162444,70,275908
8159,0.002102,142.250.4.0-255,2902,165346,70,275908
8160,0.002109,142.250.4.0-255,5738,171084,70,275908
8161,0.002111,142.250.4.0-255,1484,172568,70,275908
8162,0.002139,142.250.4.0-255,5738,178306,70,275908
8163,0.002167,142.250.4.0-255,10692,188998,70,275908
8164,0.00218,142.250.4.0-255,1484,190482,70,275908
8165,0.002202,142.250.4.0-255,9992,200474,70,275908
8166,0.002205,142.250.4.0-255,1484,201958,70,275908
8167,0.002221,142.250.4.0-255,7156,209114,70,275908
8168,0.002239,142.250.4.0-255,2902,212016,70,275908
8169,0.002242,142.250.4.0-255,1484,213500,70,275908
8170,0.002271,142.250.4.0-255,10692,224192,70,275908
8171,0.002309,142.250.4.0-255,5738,229930,70,275908
8172,0.002322,142.250.4.0-255,1484,231414,70,275908
8173,0.002345,142.250.4.0-255,3602,235016,70,275908
8174,0.00239,142.250.4.0-255,5738,240754,70,275908
8175,0.004019,172.31.40.0-255,66,240820,70,275908
8176,0.00637,142.250.4.0-255,5738,246558,70,275908
8177,0.006377,172.31.40.0-255,66,246624,70,275908
8178,0.008735,142.250.4.0-255,2902,249526,70,275908
8179,0.00874,172.31.40.0-255,66,249592,70,275908
8180,0.008769,142.250.4.0-255,2902,252494,70,275908
8181,0.008771,172.31.40.0-255,66,252560,70,275908
8182,0.011089,142.250.4.0-255,2902,255462,70,275908
8183,0.011096,172.31.40.0-255,66,255528,70,275908
8184,0.01111,142.250.4.0-255,2902,258430,70,275908
8185,0.011116,172.31.40.0-255,66,258496,70,275908
8186,0.013456,142.250.4.0-255,5738,264234,70,275908
8187,0.013468,172.31.40.0-255,66,264300,70,275908
8188,0.01584,142.250.4.0-255,5738,270038,70,275908
8189,0.015849,172.31.40.0-255,66,270104,70,275908
8190,0.018222,142.250.4.0-255,5738,275842,70,275908
8191,0.018233,172.31.40.0-255,66,275908,70,275908
8192,0.0,172.217.194.0-255,153,153,70,238103
8193,1.4e-05,172.31.40.0-255,66,219,70,238103
8194,2e-05,172.217.194.0-255,1484,1703,70,238103
8195,2.4e-05,172.31.40.0-255,66,1769,70,238103
8196,2.8e-05,172.217.194.0-255,2902,4671,70,238103
8197,3.1e-05,172.31.40.0-255,66,4737,70,238103
8198,3.6e-05,172.217.194.0-255,4320,9057,70,238103
8199,3.9e-05,172.31.40.0-255,66,9123,70,238103
8200,7.6e-05,172.217.194.0-255,2902,12025,70,238103
8201,7.8e-05,172.31.40.0-255,66,12091,70,238103
8202,8.6e-05,172.217.194.0-255,7698,19789,70,238103
8203,8.9e-05,172.31.40.0-255,66,19855,70,238103
8204,9.9e-05,172.217.194.0-255,5738,25593,70,238103
8205,0.000101,172.31.40.0-255,66,25659,70,238103
8206,0.000132,172.217.194.0-255,5379,31038,70,238103
8207,0.000134,172.31.40.0-255,66,31104,70,238103
8208,0.000188,172.217.194.0-255,1484,32588,70,238103
8209,0.00019,172.31.40.0-255,66,32654,70,238103
8210,0.000195,172.217.194.0-255,2902,35556,70,238103
8211,0.000197,172.31.40.0-255,66,35622,70,238103
8212,0.000221,172.217.194.0-255,5738,41360,70,238103
8213,0.000223,172.31.40.0-255,66,41426,70,238103
8214,0.000265,172.31.40.0-255,66,41492,70,238103
8215,0.000304,172.217.194.0-255,9889,51381,70,238103
8216,0.000306,172.31.40.0-255,66,51447,70,238103
8217,0.000429,172.217.194.0-255,118,51565,70,238103
8218,0.000434,172.31.40.0-255,66,51631,70,238103
8219,0.000458,172.217.194.0-255,377,52008,70,238103
8220,0.000461,172.31.40.0-255,66,52074,70,238103
8221,0.000644,172.217.194.0-255,1484,53558,70,238103
8222,0.000652,172.31.40.0-255,66,53624,70,238103
8223,0.000658,172.217.194.0-255,2902,56526,70,238103
8224,0.000661,172.31.40.0-255,66,56592,70,238103
8225,0.000667,172.217.194.0-255,5738,62330,70,238103
8226,0.000677,172.31.40.0-255,66,62396,70,238103
8227,0.000722,172.31.40.0-255,66,62462,70,238103
8228,0.000759,172.217.194.0-255,10692,73154,70,238103
8229,0.000763,172.31.40.0-255,66,73220,70,238103
8230,0.00079,172.217.194.0-255,8574,81794,70,238103
8231,0.000795,172.31.40.0-255,66,81860,70,238103
8232,0.000825,172.217.194.0-255,2902,84762,70,238103
8233,0.00083,172.31.40.0-255,66,84828,70,238103
8234,0.000838,172.217.194.0-255,8574,93402,70,238103
8235,0.000841,172.31.40.0-255,66,93468,70,238103
8236,0.000852,172.217.194.0-255,4320,97788,70,238103
8237,0.000856,172.31.40.0-255,66,97854,70,238103
8238,0.000909,172.31.40.0-255,66,97920,70,238103
8239,0.000923,172.31.40.0-255,66,97986,70,238103
8240,0.001428,172.217.194.0-255,1484,99470,70,238103
8241,0.001434,172.217.194.0-255,1484,100954,70,238103
8242,0.001438,172.31.40.0-255,66,101020,70,238103
8243,0.001457,172.217.194.0-255,1484,102504,70,238103
8244,0.001468,172.217.194.0-255,5738,108242,70,238103
8245,0.00147,172.31.40.0-255,66,108308,70,238103
8246,0.001474,172.217.194.0-255,1484,109792,70,238103
8247,0.001477,172.217.194.0-255,1484,111276,70,238103
8248,0.001478,172.31.40.0-255,66,111342,70,238103
8249,0.00152,172.31.40.0-255,66,111408,70,238103
8250,0.001528,172.217.194.0-255,9274,120682,70,238103
8251,0.00153,172.31.40.0-255,66,120748,70,238103
8252,0.001678,172.217.194.0-255,1484,122232,70,238103
8253,0.001703,172.217.194.0-255,2902,125134,70,238103
8254,0.001706,172.31.40.0-255,66,125200,70,238103
8255,0.001711,172.217.194.0-255,5738,130938,70,238103
8256,0.001713,172.31.40.0-255,66,131004,70,238103
8257,0.001744,172.31.40.0-255,66,131070,70,238103
8258,0.001769,172.217.194.0-255,1484,132554,70,238103
8259,0.001773,172.217.194.0-255,2902,135456,70,238103
8260,0.001775,172.31.40.0-255,66,135522,70,238103
8261,0.00181,172.217.194.0-255,7856,143378,70,238103
8262,0.001813,172.31.40.0-255,66,143444,70,238103
8263,0.00185,172.217.194.0-255,1484,144928,70,238103
8264,0.001855,172.217.194.0-255,2902,147830,70,238103
8265,0.001857,172.31.40.0-255,66,147896,70,238103
8266,0.001864,172.217.194.0-255,5738,153634,70,238103
8267,0.001866,172.31.40.0-255,66,153700,70,238103
8268,0.001877,172.217.194.0-255,5738,159438,70,238103
8269,0.001879,172.31.40.0-255,66,159504,70,238103
8270,0.001912,172.217.194.0-255,1484,160988,70,238103
8271,0.001947,172.31.40.0-255,66,161054,70,238103
8272,0.001953,172.217.194.0-255,5020,166074,70,238103
8273,0.001955,172.31.40.0-255,66,166140,70,238103
8274,0.001958,172.217.194.0-255,1484,167624,70,238103
8275,0.001985,172.217.194.0-255,1484,169108,70,238103
8276,0.001987,172.31.40.0-255,66,169174,70,238103
8277,0.002024,172.217.194.0-255,1484,170658,70,238103
8278,0.002031,172.217.194.0-255,5738,176396,70,238103
8279,0.002034,172.31.40.0-255,66,176462,70,238103
8280,0.002059,172.217.194.0-255,8574,185036,70,238103
8281,0.002063,172.217.194.0-255,2184,187220,70,238103
8282,0.002069,172.31.40.0-255,66,187286,70,238103
8283,0.002164,172.217.194.0-255,1484,188770,70,238103
8284,0.002171,172.217.194.0-255,2902,191672,70,238103
8285,0.002188,172.217.194.0-255,5738,197410,70,238103
8286,0.002199,172.31.40.0-255,66,197476,70,238103
8287,0.002246,172.217.194.0-255,10692,208168,70,238103
8288,0.002264,172.31.40.0-255,66,208234,70,238103
8289,0.002277,172.217.194.0-255,4320,212554,70,238103
8290,0.002332,172.217.194.0-255,7856,220410,70,238103
8291,0.002338,172.31.40.0-255,66,220476,70,238103
8292,0.002353,172.217.194.0-255,4320,224796,70,238103
8293,0.002407,172.31.40.0-255,66,224862,70,238103
8294,0.002419,172.217.194.0-255,5020,229882,70,238103
8295,0.002432,172.217.194.0-255,7782,237664,70,238103
8296,0.002434,172.217.194.0-255,97,237761,70,238103
8297,0.002447,172.217.194.0-255,105,237866,70,238103
8298,0.00246,172.31.40.0-255,66,237932,70,238103
8299,0.004581,172.31.40.0-255,105,238037,70,238103
8300,0.007093,172.217.194.0-255,66,238103,70,238103
8301,0.0,172.217.194.0-255,146,146,70,310767
8302,2.3e-05,172.31.40.0-255,66,212,70,310767
8303,3e-05,172.217.194.0-255,1484,1696,70,310767
8304,3.4e-05,172.31.40.0-255,66,1762,70,310767
8305,4.7e-05,172.217.194.0-255,2902,4664,70,310767
8306,5.1e-05,172.31.40.0-255,66,4730,70,310767
8307,6.5e-05,172.217.194.0-255,5738,10468,70,310767
8308,6.8e-05,172.31.40.0-255,66,10534,70,310767
8309,0.000101,172.217.194.0-255,1484,12018,70,310767
8310,0.000104,172.31.40.0-255,66,12084,70,310767
8311,0.000122,172.217.194.0-255,3475,15559,70,310767
8312,0.000126,172.31.40.0-255,66,15625,70,310767
8313,0.00014,172.31.40.0-255,66,15691,70,310767
8314,0.000144,172.217.194.0-255,2543,18234,70,310767
8315,0.000147,172.31.40.0-255,66,18300,70,310767
8316,0.00015,172.217.194.0-255,1484,19784,70,310767
8317,0.000153,172.31.40.0-255,66,19850,70,310767
8318,0.000157,172.217.194.0-255,2902,22752,70,310767
8319,0.000159,172.31.40.0-255,66,22818,70,310767
8320,0.000165,172.217.194.0-255,5738,28556,70,310767
8321,0.000169,172.31.40.0-255,66,28622,70,310767
8322,0.000184,172.31.40.0-255,66,28688,70,310767
8323,0.000192,172.217.194.0-255,9633,38321,70,310767
8324,0.000206,172.31.40.0-255,66,38387,70,310767
8325,0.000241,172.217.194.0-255,9992,48379,70,310767
8326,0.000244,172.31.40.0-255,66,48445,70,310767
8327,0.000272,172.217.194.0-255,376,48821,70,310767
8328,0.000274,172.31.40.0-255,66,48887,70,310767
8329,0.000288,172.31.40.0-255,66,48953,70,310767
8330,0.000298,172.217.194.0-255,7156,56109,70,310767
8331,0.000301,172.31.40.0-255,66,56175,70,310767
8332,0.000324,172.217.194.0-255,4320,60495,70,310767
8333,0.000326,172.31.40.0-255,66,60561,70,310767
8334,0.000334,172.217.194.0-255,1125,61686,70,310767
8335,0.000338,172.217.194.0-255,1484,63170,70,310767
8336,0.00034,172.31.40.0-255,66,63236,70,310767
8337,0.000345,172.217.194.0-255,4320,67556,70,310767
8338,0.000348,172.31.40.0-255,66,67622,70,310767
8339,0.000383,172.217.194.0-255,9992,77614,70,310767
8340,0.000386,172.31.40.0-255,66,77680,70,310767
8341,0.000423,172.31.40.0-255,66,77746,70,310767
8342,0.000451,172.217.194.0-255,4369,82115,70,310767
8343,0.000454,172.31.40.0-255,66,82181,70,310767
8344,0.000481,172.217.194.0-255,5738,87919,70,310767
8345,0.000485,172.31.40.0-255,66,87985,70,310767
8346,0.000492,172.217.194.0-255,7156,95141,70,310767
8347,0.000494,172.31.40.0-255,66,95207,70,310767
8348,0.000511,172.217.194.0-255,5379,100586,70,310767
8349,0.000514,172.31.40.0-255,66,100652,70,310767
8350,0.000522,172.217.194.0-255,2902,103554,70,310767
8351,0.000524,172.31.40.0-255,66,103620,70,310767
8352,0.000558,172.217.194.0-255,8574,112194,70,310767
8353,0.000561,172.31.40.0-255,66,112260,70,310767
8354,0.000567,172.217.194.0-255,3961,116221,70,310767
8355,0.000569,172.31.40.0-255,66,116287,70,310767
8356,0.000623,172.217.194.0-255,1484,117771,70,310767
8357,0.000628,172.217.194.0-255,2902,120673,70,310767
8358,0.00063,172.31.40.0-255,66,120739,70,310767
8359,0.000637,172.217.194.0-255,5738,126477,70,310767
8360,0.00064,172.31.40.0-255,66,126543,70,310767
8361,0.000647,172.217.194.0-255,1484,128027,70,310767
8362,0.000672,172.217.194.0-255,5379,133406,70,310767
8363,0.000674,172.31.40.0-255,66,133472,70,310767
8364,0.000929,172.217.194.0-255,1484,134956,70,310767
8365,0.000937,172.217.194.0-255,2902,137858,70,310767
8366,0.000941,172.31.40.0-255,66,137924,70,310767
8367,0.000945,172.217.194.0-255,1484,139408,70,310767
8368,0.000973,172.217.194.0-255,4320,143728,70,310767
8369,0.000977,172.31.40.0-255,66,143794,70,310767
8370,0.000984,172.217.194.0-255,7156,150950,70,310767
8371,0.000987,172.31.40.0-255,66,151016,70,310767
8372,0.001037,172.217.194.0-255,8574,159590,70,310767
8373,0.001039,172.31.40.0-255,66,159656,70,310767
8374,0.001068,172.217.194.0-255,5738,165394,70,310767
8375,0.001071,172.31.40.0-255,66,165460,70,310767
8376,0.001075,172.217.194.0-255,2184,167644,70,310767
8377,0.001077,172.31.40.0-255,66,167710,70,310767
8378,0.001228,172.217.194.0-255,1484,169194,70,310767
8379,0.001234,172.217.194.0-255,1484,170678,70,310767
8380,0.001238,172.31.40.0-255,66,170744,70,310767
8381,0.001269,172.217.194.0-255,1484,172228,70,310767
8382,0.001276,172.217.194.0-255,5738,177966,70,310767
8383,0.001279,172.31.40.0-255,66,178032,70,310767
8384,0.001285,172.217.194.0-255,5738,183770,70,310767
8385,0.001287,172.31.40.0-255,66,183836,70,310767
8386,0.001291,172.217.194.0-255,2902,186738,70,310767
8387,0.001294,172.31.40.0-255,66,186804,70,310767
8388,0.001325,172.217.194.0-255,4320,191124,70,310767
8389,0.001328,172.31.40.0-255,66,191190,70,310767
8390,0.001333,172.217.194.0-255,4320,195510,70,310767
8391,0.001336,172.31.40.0-255,66,195576,70,310767
8392,0.001351,172.217.194.0-255,6438,202014,70,310767
8393,0.001353,172.31.40.0-255,66,202080,70,310767
8394,0.002063,172.217.194.0-255,1484,203564,70,310767
8395,0.002072,172.217.194.0-255,2902,206466,70,310767
8396,0.002077,172.31.40.0-255,66,206532,70,310767
8397,0.002084,172.217.194.0-255,5738,212270,70,310767
8398,0.002087,172.31.40.0-255,66,212336,70,310767
8399,0.00212,172.217.194.0-255,9992,222328,70,310767
8400,0.002123,172.31.40.0-255,66,222394,70,310767
8401,0.002146,172.217.194.0-255,8574,230968,70,310767
8402,0.002149,172.31.40.0-255,66,231034,70,310767
8403,0.002167,172.217.194.0-255,5020,236054,70,310767
8404,0.002171,172.31.40.0-255,66,236120,70,310767
8405,0.002213,172.217.194.0-255,1484,237604,70,310767
8406,0.002231,172.217.194.0-255,2902,240506,70,310767
8407,0.002234,172.31.40.0-255,66,240572,70,310767
8408,0.002242,172.217.194.0-255,5738,246310,70,310767
8409,0.002244,172.31.40.0-255,66,246376,70,310767
8410,0.002252,172.217.194.0-255,1484,247860,70,310767
8411,0.002287,172.31.40.0-255,66,247926,70,310767
8412,0.002293,172.217.194.0-255,4320,252246,70,310767
8413,0.002295,172.31.40.0-255,66,252312,70,310767
8414,0.002319,172.217.194.0-255,6438,258750,70,310767
8415,0.002334,172.31.40.0-255,66,258816,70,310767
8416,0.002337,172.31.40.0-255,66,258882,70,310767
8417,0.002367,172.217.194.0-255,9992,268874,70,310767
8418,0.002376,172.217.194.0-255,8574,277448,70,310767
8419,0.002388,172.217.194.0-255,2902,280350,70,310767
8420,0.002395,172.217.194.0-255,766,281116,70,310767
8421,0.002404,172.31.40.0-255,66,281182,70,310767
8422,0.002433,172.217.194.0-255,7156,288338,70,310767
8423,0.002454,172.217.194.0-255,7156,295494,70,310767
8424,0.002475,172.31.40.0-255,66,295560,70,310767
8425,0.002481,172.31.40.0-255,66,295626,70,310767
8426,0.002503,172.217.194.0-255,5738,301364,70,310767
8427,0.002536,172.217.194.0-255,8995,310359,70,310767
8428,0.002538,172.217.194.0-255,105,310464,70,310767
8429,0.002581,172.31.40.0-255,66,310530,70,310767
8430,0.002589,172.31.40.0-255,66,310596,70,310767
8431,0.005375,172.31.40.0-255,105,310701,70,310767
8432,0.007984,172.217.194.0-255,66,310767,70,310767
8433,0.0,172.31.40.0-255,232,232,70,298
8434,0.007823,74.125.24.0-255,66,298,70,298
8435,0.0,74.125.200.0-255,296,296,70,136574
8436,2.3e-05,172.31.40.0-255,66,362,70,136574
8437,4.6e-05,74.125.200.0-255,1484,1846,70,136574
8438,5e-05,172.31.40.0-255,66,1912,70,136574
8439,5.5e-05,74.125.200.0-255,2902,4814,70,136574
8440,5.9e-05,172.31.40.0-255,66,4880,70,136574
8441,6.5e-05,74.125.200.0-255,4320,9200,70,136574
8442,6.9e-05,172.31.40.0-255,66,9266,70,136574
8443,8.5e-05,74.125.200.0-255,1484,10750,70,136574
8444,8.7e-05,172.31.40.0-255,66,10816,70,136574
8445,9.3e-05,74.125.200.0-255,3316,14132,70,136574
8446,9.6e-05,172.31.40.0-255,66,14198,70,136574
8447,0.000152,74.125.200.0-255,1484,15682,70,136574
8448,0.000154,172.31.40.0-255,66,15748,70,136574
8449,0.000158,74.125.200.0-255,1484,17232,70,136574
8450,0.00016,172.31.40.0-255,66,17298,70,136574
8451,0.000172,74.125.200.0-255,1484,18782,70,136574
8452,0.000174,172.31.40.0-255,66,18848,70,136574
8453,0.000205,74.125.200.0-255,2902,21750,70,136574
8454,0.000208,172.31.40.0-255,66,21816,70,136574
8455,0.000235,74.125.200.0-255,1484,23300,70,136574
8456,0.000237,172.31.40.0-255,66,23366,70,136574
8457,0.000272,74.125.200.0-255,2902,26268,70,136574
8458,0.000275,172.31.40.0-255,66,26334,70,136574
8459,0.000291,74.125.200.0-255,1484,27818,70,136574
8460,0.000293,172.31.40.0-255,66,27884,70,136574
8461,0.000311,74.125.200.0-255,3961,31845,70,136574
8462,0.000313,172.31.40.0-255,66,31911,70,136574
8463,0.000452,74.125.200.0-255,1484,33395,70,136574
8464,0.000456,172.31.40.0-255,66,33461,70,136574
8465,0.000477,74.125.200.0-255,2902,36363,70,136574
8466,0.00048,172.31.40.0-255,66,36429,70,136574
8467,0.000501,74.125.200.0-255,5738,42167,70,136574
8468,0.000503,172.31.40.0-255,66,42233,70,136574
8469,0.000507,74.125.200.0-255,2902,45135,70,136574
8470,0.000509,172.31.40.0-255,66,45201,70,136574
8471,0.000569,172.31.40.0-255,66,45267,70,136574
8472,0.000575,74.125.200.0-255,5738,51005,70,136574
8473,0.000577,172.31.40.0-255,66,51071,70,136574
8474,0.000615,74.125.200.0-255,4237,55308,70,136574
8475,0.000618,172.31.40.0-255,66,55374,70,136574
8476,0.000632,74.125.200.0-255,134,55508,70,136574
8477,0.000762,74.125.200.0-255,1484,56992,70,136574
8478,0.000766,172.31.40.0-255,66,57058,70,136574
8479,0.000771,74.125.200.0-255,2902,59960,70,136574
8480,0.000773,172.31.40.0-255,66,60026,70,136574
8481,0.000784,74.125.200.0-255,1484,61510,70,136574
8482,0.000799,74.125.200.0-255,4320,65830,70,136574
8483,0.000801,172.31.40.0-255,66,65896,70,136574
8484,0.000804,74.125.200.0-255,2902,68798,70,136574
8485,0.000807,172.31.40.0-255,66,68864,70,136574
8486,0.000825,74.125.200.0-255,3961,72825,70,136574
8487,0.000827,172.31.40.0-255,66,72891,70,136574
8488,0.00084,74.125.200.0-255,2902,75793,70,136574
8489,0.000842,172.31.40.0-255,66,75859,70,136574
8490,0.000866,74.125.200.0-255,5738,81597,70,136574
8491,0.000868,172.31.40.0-255,66,81663,70,136574
8492,0.000872,74.125.200.0-255,4320,85983,70,136574
8493,0.000874,172.31.40.0-255,66,86049,70,136574
8494,0.000901,74.125.200.0-255,3961,90010,70,136574
8495,0.000904,172.31.40.0-255,66,90076,70,136574
8496,0.00323,74.125.200.0-255,1484,91560,70,136574
8497,0.003271,74.125.200.0-255,4320,95880,70,136574
8498,0.003276,172.31.40.0-255,66,95946,70,136574
8499,0.005634,74.125.200.0-255,5738,101684,70,136574
8500,0.00564,172.31.40.0-255,66,101750,70,136574
8501,0.00799,74.125.200.0-255,5738,107488,70,136574
8502,0.007996,172.31.40.0-255,66,107554,70,136574
8503,0.010363,74.125.200.0-255,5738,113292,70,136574
8504,0.010372,172.31.40.0-255,66,113358,70,136574
8505,0.012729,74.125.200.0-255,5738,119096,70,136574
8506,0.012737,172.31.40.0-255,66,119162,70,136574
8507,0.015092,74.125.200.0-255,5738,124900,70,136574
8508,0.015099,172.31.40.0-255,66,124966,70,136574
8509,0.017454,74.125.200.0-255,5738,130704,70,136574
8510,0.017461,172.31.40.0-255,66,130770,70,136574
8511,0.019828,74.125.200.0-255,5738,136508,70,136574
8512,0.019836,172.31.40.0-255,66,136574,70,136574
8513,0.0,74.125.200.0-255,146,146,70,262889
8514,2e-05,172.31.40.0-255,66,212,70,262889
8515,6.1e-05,74.125.200.0-255,1484,1696,70,262889
8516,6.6e-05,172.31.40.0-255,66,1762,70,262889
8517,8.4e-05,74.125.200.0-255,2902,4664,70,262889
8518,8.7e-05,172.31.40.0-255,66,4730,70,262889
8519,0.00011,74.125.200.0-255,4320,9050,70,262889
8520,0.000113,172.31.40.0-255,66,9116,70,262889
8521,0.000123,74.125.200.0-255,1484,10600,70,262889
8522,0.000125,172.31.40.0-255,66,10666,70,262889
8523,0.000149,74.125.200.0-255,3483,14149,70,262889
8524,0.000152,172.31.40.0-255,66,14215,70,262889
8525,0.000185,74.125.200.0-255,2902,17117,70,262889
8526,0.000188,172.31.40.0-255,66,17183,70,262889
8527,0.000215,74.125.200.0-255,8574,25757,70,262889
8528,0.000218,172.31.40.0-255,66,25823,70,262889
8529,0.000282,74.125.200.0-255,1484,27307,70,262889
8530,0.000286,172.31.40.0-255,66,27373,70,262889
8531,0.000308,74.125.200.0-255,3961,31334,70,262889
8532,0.00031,172.31.40.0-255,66,31400,70,262889
8533,0.00033,74.125.200.0-255,1484,32884,70,262889
8534,0.000332,172.31.40.0-255,66,32950,70,262889
8535,0.000347,74.125.200.0-255,4320,37270,70,262889
8536,0.00035,172.31.40.0-255,66,37336,70,262889
8537,0.000407,172.31.40.0-255,66,37402,70,262889
8538,0.000514,74.125.200.0-255,4320,41722,70,262889
8539,0.000518,172.31.40.0-255,66,41788,70,262889
8540,0.000543,74.125.200.0-255,1484,43272,70,262889
8541,0.000546,172.31.40.0-255,66,43338,70,262889
8542,0.000578,74.125.200.0-255,9987,53325,70,262889
8543,0.000582,172.31.40.0-255,66,53391,70,262889
8544,0.000638,74.125.200.0-255,332,53723,70,262889
8545,0.000667,74.125.200.0-255,1484,55207,70,262889
8546,0.000693,74.125.200.0-255,2902,58109,70,262889
8547,0.000705,172.31.40.0-255,66,58175,70,262889
8548,0.000708,74.125.200.0-255,1484,59659,70,262889
8549,0.000731,74.125.200.0-255,8574,68233,70,262889
8550,0.000751,172.31.40.0-255,66,68299,70,262889
8551,0.000794,74.125.200.0-255,1484,69783,70,262889
8552,0.000814,74.125.200.0-255,2902,72685,70,262889
8553,0.000822,172.31.40.0-255,66,72751,70,262889
8554,0.000836,74.125.200.0-255,7156,79907,70,262889
8555,0.000856,74.125.200.0-255,4320,84227,70,262889
8556,0.000871,172.31.40.0-255,66,84293,70,262889
8557,0.00095,74.125.200.0-255,3602,87895,70,262889
8558,0.000975,172.31.40.0-255,66,87961,70,262889
8559,0.000979,74.125.200.0-255,1484,89445,70,262889
8560,0.000999,74.125.200.0-255,2902,92347,70,262889
8561,0.001007,172.31.40.0-255,66,92413,70,262889
8562,0.001018,74.125.200.0-255,5738,98151,70,262889
8563,0.001039,172.31.40.0-255,66,98217,70,262889
8564,0.001071,74.125.200.0-255,5738,103955,70,262889
8565,0.001083,172.31.40.0-255,66,104021,70,262889
8566,0.001121,74.125.200.0-255,2902,106923,70,262889
8567,0.001135,74.125.200.0-255,4320,111243,70,262889
8568,0.001137,172.31.40.0-255,66,111309,70,262889
8569,0.00115,74.125.200.0-255,5738,117047,70,262889
8570,0.001153,172.31.40.0-255,66,117113,70,262889
8571,0.00118,172.31.40.0-255,66,117179,70,262889
8572,0.001253,74.125.200.0-255,5020,122199,70,262889
8573,0.001277,172.31.40.0-255,66,122265,70,262889
8574,0.001296,74.125.200.0-255,5738,128003,70,262889
8575,0.001309,172.31.40.0-255,66,128069,70,262889
8576,0.001341,74.125.200.0-255,2902,130971,70,262889
8577,0.001346,172.31.40.0-255,66,131037,70,262889
8578,0.001373,74.125.200.0-255,9992,141029,70,262889
8579,0.001383,172.31.40.0-255,66,141095,70,262889
8580,0.001491,74.125.200.0-255,3602,144697,70,262889
8581,0.001499,172.31.40.0-255,66,144763,70,262889
8582,0.001606,74.125.200.0-255,1484,146247,70,262889
8583,0.001623,74.125.200.0-255,2902,149149,70,262889
8584,0.001629,172.31.40.0-255,66,149215,70,262889
8585,0.00165,74.125.200.0-255,5738,154953,70,262889
8586,0.00167,172.31.40.0-255,66,155019,70,262889
8587,0.001706,74.125.200.0-255,4320,159339,70,262889
8588,0.001715,172.31.40.0-255,66,159405,70,262889
8589,0.001742,74.125.200.0-255,8574,167979,70,262889
8590,0.001757,172.31.40.0-255,66,168045,70,262889
8591,0.001824,74.125.200.0-255,5738,173783,70,262889
8592,0.001827,172.31.40.0-255,66,173849,70,262889
8593,0.001848,74.125.200.0-255,5020,178869,70,262889
8594,0.001866,172.31.40.0-255,66,178935,70,262889
8595,0.001929,74.125.200.0-255,4320,183255,70,262889
8596,0.001942,172.31.40.0-255,66,183321,70,262889
8597,0.001966,172.31.40.0-255,66,183387,70,262889
8598,0.002097,74.125.200.0-255,1484,184871,70,262889
8599,0.002122,74.125.200.0-255,4320,189191,70,262889
8600,0.002125,172.31.40.0-255,66,189257,70,262889
8601,0.002162,74.125.200.0-255,5738,194995,70,262889
8602,0.002177,74.125.200.0-255,3602,198597,70,262889
8603,0.002185,172.31.40.0-255,66,198663,70,262889
8604,0.002241,74.125.200.0-255,7156,205819,70,262889
8605,0.00226,74.125.200.0-255,4320,210139,70,262889
8606,0.002268,172.31.40.0-255,66,210205,70,262889
8607,0.00239,74.125.200.0-255,7156,217361,70,262889
8608,0.002397,172.31.40.0-255,66,217427,70,262889
8609,0.002527,74.125.200.0-255,5738,223165,70,262889
8610,0.002826,74.125.200.0-255,5738,228903,70,262889
8611,0.002841,74.125.200.0-255,2184,231087,70,262889
8612,0.002901,74.125.200.0-255,4320,235407,70,262889
8613,0.002919,74.125.200.0-255,8574,243981,70,262889
8614,0.00294,74.125.200.0-255,9992,253973,70,262889
8615,0.003243,74.125.200.0-255,8574,262547,70,262889
8616,0.003713,74.125.200.0-255,105,262652,70,262889
8617,0.008386,172.31.40.0-255,66,262718,70,262889
8618,0.011162,172.31.40.0-255,105,262823,70,262889
8619,0.013798,74.125.200.0-255,66,262889,70,262889
8620,0.0,74.125.68.0-255,297,297,70,211235
8621,1.8e-05,172.31.40.0-255,66,363,70,211235
8622,2.4e-05,74.125.68.0-255,1484,1847,70,211235
8623,2.8e-05,172.31.40.0-255,66,1913,70,211235
8624,3.3e-05,74.125.68.0-255,2902,4815,70,211235
8625,3.7e-05,172.31.40.0-255,66,4881,70,211235
8626,4e-05,74.125.68.0-255,1484,6365,70,211235
8627,4.2e-05,172.31.40.0-255,66,6431,70,211235
8628,5.9e-05,74.125.68.0-255,4320,10751,70,211235
8629,6.2e-05,172.31.40.0-255,66,10817,70,211235
8630,6.5e-05,74.125.68.0-255,1484,12301,70,211235
8631,6.7e-05,172.31.40.0-255,66,12367,70,211235
8632,9.2e-05,74.125.68.0-255,1840,14207,70,211235
8633,9.5e-05,172.31.40.0-255,66,14273,70,211235
8634,0.0001,74.125.68.0-255,4320,18593,70,211235
8635,0.000102,172.31.40.0-255,66,18659,70,211235
8636,0.000132,74.125.68.0-255,4320,22979,70,211235
8637,0.000134,172.31.40.0-255,66,23045,70,211235
8638,0.000153,74.125.68.0-255,5738,28783,70,211235
8639,0.000155,172.31.40.0-255,66,28849,70,211235
8640,0.000178,74.125.68.0-255,2543,31392,70,211235
8641,0.00018,172.31.40.0-255,66,31458,70,211235
8642,0.000569,74.125.68.0-255,1484,32942,70,211235
8643,0.000573,172.31.40.0-255,66,33008,70,211235
8644,0.000577,74.125.68.0-255,1484,34492,70,211235
8645,0.000579,172.31.40.0-255,66,34558,70,211235
8646,0.00059,74.125.68.0-255,1484,36042,70,211235
8647,0.000592,172.31.40.0-255,66,36108,70,211235
8648,0.000597,74.125.68.0-255,4320,40428,70,211235
8649,0.000599,172.31.40.0-255,66,40494,70,211235
8650,0.000615,74.125.68.0-255,1484,41978,70,211235
8651,0.000616,172.31.40.0-255,66,42044,70,211235
8652,0.000621,74.125.68.0-255,4320,46364,70,211235
8653,0.000623,172.31.40.0-255,66,46430,70,211235
8654,0.000659,74.125.68.0-255,2543,48973,70,211235
8655,0.000662,172.31.40.0-255,66,49039,70,211235
8656,0.000718,74.125.68.0-255,2902,51941,70,211235
8657,0.000721,172.31.40.0-255,66,52007,70,211235
8658,0.000726,74.125.68.0-255,2902,54909,70,211235
8659,0.000728,172.31.40.0-255,66,54975,70,211235
8660,0.00074,74.125.68.0-255,1484,56459,70,211235
8661,0.000744,74.125.68.0-255,1484,57943,70,211235
8662,0.000746,172.31.40.0-255,66,58009,70,211235
8663,0.000776,74.125.68.0-255,7156,65165,70,211235
8664,0.000778,172.31.40.0-255,66,65231,70,211235
8665,0.000781,74.125.68.0-255,1125,66356,70,211235
8666,0.000784,74.125.68.0-255,416,66772,70,211235
8667,0.000968,172.31.40.0-255,66,66838,70,211235
8668,0.00106,74.125.68.0-255,329,67167,70,211235
8669,0.001345,74.125.68.0-255,1484,68651,70,211235
8670,0.001352,172.31.40.0-255,66,68717,70,211235
8671,0.001359,74.125.68.0-255,2902,71619,70,211235
8672,0.001361,172.31.40.0-255,66,71685,70,211235
8673,0.001379,74.125.68.0-255,4320,76005,70,211235
8674,0.001381,172.31.40.0-255,66,76071,70,211235
8675,0.001388,74.125.68.0-255,5738,81809,70,211235
8676,0.00139,172.31.40.0-255,66,81875,70,211235
8677,0.001418,74.125.68.0-255,2543,84418,70,211235
8678,0.00142,172.31.40.0-255,66,84484,70,211235
8679,0.001711,74.125.68.0-255,1484,85968,70,211235
8680,0.001734,74.125.68.0-255,2902,88870,70,211235
8681,0.001739,172.31.40.0-255,66,88936,70,211235
8682,0.001746,74.125.68.0-255,4320,93256,70,211235
8683,0.001748,172.31.40.0-255,66,93322,70,211235
8684,0.001783,74.125.68.0-255,2902,96224,70,211235
8685,0.001786,172.31.40.0-255,66,96290,70,211235
8686,0.001809,74.125.68.0-255,5379,101669,70,211235
8687,0.001812,172.31.40.0-255,66,101735,70,211235
8688,0.00189,74.125.68.0-255,1484,103219,70,211235
8689,0.001909,74.125.68.0-255,2902,106121,70,211235
8690,0.001913,172.31.40.0-255,66,106187,70,211235
8691,0.001927,74.125.68.0-255,4320,110507,70,211235
8692,0.00193,172.31.40.0-255,66,110573,70,211235
8693,0.001933,74.125.68.0-255,1484,112057,70,211235
8694,0.001957,74.125.68.0-255,4320,116377,70,211235
8695,0.001961,172.31.40.0-255,66,116443,70,211235
8696,0.001978,74.125.68.0-255,5738,122181,70,211235
8697,0.001981,172.31.40.0-255,66,122247,70,211235
8698,0.001995,74.125.68.0-255,2902,125149,70,211235
8699,0.001997,172.31.40.0-255,66,125215,70,211235
8700,0.00203,74.125.68.0-255,4320,129535,70,211235
8701,0.002033,172.31.40.0-255,66,129601,70,211235
8702,0.002052,74.125.68.0-255,5738,135339,70,211235
8703,0.002055,172.31.40.0-255,66,135405,70,211235
8704,0.002057,74.125.68.0-255,766,136171,70,211235
8705,0.002125,74.125.68.0-255,1484,137655,70,211235
8706,0.002129,172.31.40.0-255,66,137721,70,211235
8707,0.002136,74.125.68.0-255,2902,140623,70,211235
8708,0.002139,172.31.40.0-255,66,140689,70,211235
8709,0.002163,74.125.68.0-255,4320,145009,70,211235
8710,0.002165,172.31.40.0-255,66,145075,70,211235
8711,0.002183,74.125.68.0-255,1484,146559,70,211235
8712,0.002186,74.125.68.0-255,1484,148043,70,211235
8713,0.002189,172.31.40.0-255,66,148109,70,211235
8714,0.002214,74.125.68.0-255,5738,153847,70,211235
8715,0.002217,172.31.40.0-255,66,153913,70,211235
8716,0.002223,74.125.68.0-255,5738,159651,70,211235
8717,0.002225,172.31.40.0-255,66,159717,70,211235
8718,0.002239,74.125.68.0-255,2902,162619,70,211235
8719,0.002241,172.31.40.0-255,66,162685,70,211235
8720,0.00225,74.125.68.0-255,7856,170541,70,211235
8721,0.002253,172.31.40.0-255,66,170607,70,211235
8722,0.004547,74.125.68.0-255,5738,176345,70,211235
8723,0.004551,172.31.40.0-255,66,176411,70,211235
8724,0.006837,74.125.68.0-255,5738,182149,70,211235
8725,0.006846,172.31.40.0-255,66,182215,70,211235
8726,0.009143,74.125.68.0-255,5738,187953,70,211235
8727,0.009152,172.31.40.0-255,66,188019,70,211235
8728,0.011452,74.125.68.0-255,5738,193757,70,211235
8729,0.011462,172.31.40.0-255,66,193823,70,211235
8730,0.013766,74.125.68.0-255,5738,199561,70,211235
8731,0.013776,172.31.40.0-255,66,199627,70,211235
8732,0.016115,74.125.68.0-255,5738,205365,70,211235
8733,0.016124,172.31.40.0-255,66,205431,70,211235
8734,0.018423,74.125.68.0-255,5738,211169,70,211235
8735,0.018431,172.31.40.0-255,66,211235,70,211235
8736,0.0,172.217.194.0-255,150,150,70,193766
8737,2.1e-05,172.31.40.0-255,66,216,70,193766
8738,2.8e-05,172.217.194.0-255,1484,1700,70,193766
8739,3.2e-05,172.31.40.0-255,66,1766,70,193766
8740,3.8e-05,172.217.194.0-255,2902,4668,70,193766
8741,4e-05,172.31.40.0-255,66,4734,70,193766
8742,4.8e-05,172.217.194.0-255,7156,11890,70,193766
8743,5.1e-05,172.31.40.0-255,66,11956,70,193766
8744,9.8e-05,172.217.194.0-255,2902,14858,70,193766
8745,0.000101,172.31.40.0-255,66,14924,70,193766
8746,0.000135,172.31.40.0-255,66,14990,70,193766
8747,0.000177,172.217.194.0-255,2543,17533,70,193766
8748,0.00018,172.31.40.0-255,66,17599,70,193766
8749,0.000195,172.217.194.0-255,1484,19083,70,193766
8750,0.000197,172.31.40.0-255,66,19149,70,193766
8751,0.000213,172.217.194.0-255,1484,20633,70,193766
8752,0.000215,172.31.40.0-255,66,20699,70,193766
8753,0.000221,172.217.194.0-255,5738,26437,70,193766
8754,0.000223,172.31.40.0-255,66,26503,70,193766
8755,0.000228,172.217.194.0-255,4320,30823,70,193766
8756,0.000231,172.31.40.0-255,66,30889,70,193766
8757,0.00025,172.217.194.0-255,6797,37686,70,193766
8758,0.000253,172.31.40.0-255,66,37752,70,193766
8759,0.000306,172.31.40.0-255,66,37818,70,193766
8760,0.000926,172.217.194.0-255,646,38464,70,193766
8761,0.000932,172.31.40.0-255,66,38530,70,193766
8762,0.001148,172.217.194.0-255,1484,40014,70,193766
8763,0.001153,172.31.40.0-255,66,40080,70,193766
8764,0.001162,172.217.194.0-255,2902,42982,70,193766
8765,0.001164,172.31.40.0-255,66,43048,70,193766
8766,0.001182,172.217.194.0-255,5738,48786,70,193766
8767,0.001198,172.217.194.0-255,4320,53106,70,193766
8768,0.001211,172.217.194.0-255,1994,55100,70,193766
8769,0.001336,172.217.194.0-255,1484,56584,70,193766
8770,0.001353,172.217.194.0-255,2902,59486,70,193766
8771,0.001368,172.217.194.0-255,4320,63806,70,193766
8772,0.001379,172.217.194.0-255,1484,65290,70,193766
8773,0.001406,172.217.194.0-255,4320,69610,70,193766
8774,0.001422,172.217.194.0-255,2543,72153,70,193766
8775,0.001939,172.217.194.0-255,1484,73637,70,193766
8776,0.001947,172.217.194.0-255,2902,76539,70,193766
8777,0.001962,172.217.194.0-255,5738,82277,70,193766
8778,0.001979,172.217.194.0-255,4320,86597,70,193766
8779,0.001995,172.217.194.0-255,4320,90917,70,193766
8780,0.002014,172.217.194.0-255,4320,95237,70,193766
8781,0.002024,172.217.194.0-255,10692,105929,70,193766
8782,0.002109,172.217.194.0-255,1484,107413,70,193766
8783,0.002112,172.217.194.0-255,1484,108897,70,193766
8784,0.002127,172.217.194.0-255,1484,110381,70,193766
8785,0.002132,172.217.194.0-255,2902,113283,70,193766
8786,0.002159,172.217.194.0-255,2902,116185,70,193766
8787,0.002192,172.217.194.0-255,1484,117669,70,193766
8788,0.002202,172.217.194.0-255,9992,127661,70,193766
8789,0.00223,172.217.194.0-255,7156,134817,70,193766
8790,0.002256,172.217.194.0-255,9274,144091,70,193766
8791,0.002274,172.217.194.0-255,5738,149829,70,193766
8792,0.002304,172.217.194.0-255,766,150595,70,193766
8793,0.002366,172.217.194.0-255,1484,152079,70,193766
8794,0.002387,172.217.194.0-255,2902,154981,70,193766
8795,0.002395,172.217.194.0-255,5738,160719,70,193766
8796,0.002428,172.217.194.0-255,1484,162203,70,193766
8797,0.002453,172.217.194.0-255,4320,166523,70,193766
8798,0.002471,172.217.194.0-255,3961,170484,70,193766
8799,0.003438,172.31.40.0-255,66,170550,70,193766
8800,0.005893,172.217.194.0-255,5738,176288,70,193766
8801,0.005903,172.31.40.0-255,66,176354,70,193766
8802,0.008274,172.217.194.0-255,5738,182092,70,193766
8803,0.008282,172.31.40.0-255,66,182158,70,193766
8804,0.010684,172.217.194.0-255,5738,187896,70,193766
8805,0.0107,172.31.40.0-255,66,187962,70,193766
8806,0.013103,172.217.194.0-255,5738,193700,70,193766
8807,0.01912,172.31.40.0-255,66,193766,70,193766
8808,0.0,172.217.24.0-255,153,153,70,114523
8809,2.3e-05,172.31.40.0-255,66,219,70,114523
8810,3e-05,172.217.24.0-255,1484,1703,70,114523
8811,3.5e-05,172.31.40.0-255,66,1769,70,114523
8812,4.8e-05,172.217.24.0-255,2902,4671,70,114523
8813,5.1e-05,172.31.40.0-255,66,4737,70,114523
8814,5.7e-05,172.217.24.0-255,4320,9057,70,114523
8815,6e-05,172.31.40.0-255,66,9123,70,114523
8816,9.9e-05,172.217.24.0-255,4892,14015,70,114523
8817,0.000103,172.31.40.0-255,66,14081,70,114523
8818,0.000716,172.217.24.0-255,1484,15565,70,114523
8819,0.000722,172.31.40.0-255,66,15631,70,114523
8820,0.000731,172.217.24.0-255,2902,18533,70,114523
8821,0.000734,172.31.40.0-255,66,18599,70,114523
8822,0.000748,172.217.24.0-255,2902,21501,70,114523
8823,0.00075,172.31.40.0-255,66,21567,70,114523
8824,0.000756,172.217.24.0-255,4320,25887,70,114523
8825,0.000758,172.31.40.0-255,66,25953,70,114523
8826,0.000795,172.217.24.0-255,5379,31332,70,114523
8827,0.000797,172.31.40.0-255,66,31398,70,114523
8828,0.000978,172.217.24.0-255,1484,32882,70,114523
8829,0.000984,172.31.40.0-255,66,32948,70,114523
8830,0.000991,172.217.24.0-255,2902,35850,70,114523
8831,0.000993,172.31.40.0-255,66,35916,70,114523
8832,0.000998,172.217.24.0-255,2902,38818,70,114523
8833,0.001005,172.31.40.0-255,66,38884,70,114523
8834,0.00104,172.217.24.0-255,2902,41786,70,114523
8835,0.001043,172.31.40.0-255,66,41852,70,114523
8836,0.00105,172.217.24.0-255,6797,48649,70,114523
8837,0.001052,172.31.40.0-255,66,48715,70,114523
8838,0.001082,172.217.24.0-255,1484,50199,70,114523
8839,0.001084,172.31.40.0-255,66,50265,70,114523
8840,0.001105,172.217.24.0-255,2902,53167,70,114523
8841,0.001107,172.31.40.0-255,66,53233,70,114523
8842,0.001114,172.217.24.0-255,5738,58971,70,114523
8843,0.001116,172.31.40.0-255,66,59037,70,114523
8844,0.001119,172.217.24.0-255,1484,60521,70,114523
8845,0.001154,172.217.24.0-255,5379,65900,70,114523
8846,0.001157,172.31.40.0-255,66,65966,70,114523
8847,0.001159,172.217.24.0-255,393,66359,70,114523
8848,0.0019,172.217.24.0-255,116,66475,70,114523
8849,0.002113,172.217.24.0-255,1484,67959,70,114523
8850,0.002118,172.31.40.0-255,66,68025,70,114523
8851,0.00322,172.217.24.0-255,1484,69509,70,114523
8852,0.004204,172.217.24.0-255,4320,73829,70,114523
8853,0.004212,172.31.40.0-255,66,73895,70,114523
8854,0.006309,172.217.24.0-255,5738,79633,70,114523
8855,0.006316,172.31.40.0-255,66,79699,70,114523
8856,0.0084,172.217.24.0-255,5738,85437,70,114523
8857,0.008407,172.31.40.0-255,66,85503,70,114523
8858,0.010504,172.217.24.0-255,5738,91241,70,114523
8859,0.010513,172.31.40.0-255,66,91307,70,114523
8860,0.0126,172.217.24.0-255,5738,97045,70,114523
8861,0.012609,172.31.40.0-255,66,97111,70,114523
8862,0.014698,172.217.24.0-255,5738,102849,70,114523
8863,0.014707,172.31.40.0-255,66,102915,70,114523
8864,0.016808,172.217.24.0-255,5738,108653,70,114523
8865,0.016817,172.31.40.0-255,66,108719,70,114523
8866,0.018913,172.217.24.0-255,5738,114457,70,114523
8867,0.018922,172.31.40.0-255,66,114523,70,114523
8868,0.0,172.217.194.0-255,150,150,70,292356
8869,2.1e-05,172.31.40.0-255,66,216,70,292356
8870,2.9e-05,172.217.194.0-255,1484,1700,70,292356
8871,3.3e-05,172.31.40.0-255,66,1766,70,292356
8872,4.7e-05,172.217.194.0-255,2902,4668,70,292356
8873,5.1e-05,172.31.40.0-255,66,4734,70,292356
8874,5.9e-05,172.217.194.0-255,7156,11890,70,292356
8875,6.2e-05,172.31.40.0-255,66,11956,70,292356
8876,7e-05,172.217.194.0-255,7797,19753,70,292356
8877,7.3e-05,172.31.40.0-255,66,19819,70,292356
8878,9.2e-05,172.217.194.0-255,1484,21303,70,292356
8879,9.8e-05,172.31.40.0-255,66,21369,70,292356
8880,0.000136,172.217.194.0-255,9633,31002,70,292356
8881,0.000139,172.31.40.0-255,66,31068,70,292356
8882,0.000185,172.217.194.0-255,1484,32552,70,292356
8883,0.000188,172.31.40.0-255,66,32618,70,292356
8884,0.000193,172.217.194.0-255,2902,35520,70,292356
8885,0.000195,172.31.40.0-255,66,35586,70,292356
8886,0.000207,172.217.194.0-255,5738,41324,70,292356
8887,0.00021,172.31.40.0-255,66,41390,70,292356
8888,0.000216,172.217.194.0-255,5738,47128,70,292356
8889,0.000218,172.31.40.0-255,66,47194,70,292356
8890,0.000223,172.217.194.0-255,2902,50096,70,292356
8891,0.000225,172.31.40.0-255,66,50162,70,292356
8892,0.000263,172.217.194.0-255,8574,58736,70,292356
8893,0.000265,172.31.40.0-255,66,58802,70,292356
8894,0.00029,172.217.194.0-255,1484,60286,70,292356
8895,0.000292,172.31.40.0-255,66,60352,70,292356
8896,0.000299,172.217.194.0-255,5020,65372,70,292356
8897,0.000302,172.31.40.0-255,66,65438,70,292356
8898,0.000308,172.217.194.0-255,413,65851,70,292356
8899,0.00031,172.31.40.0-255,66,65917,70,292356
8900,0.0004,172.217.194.0-255,1484,67401,70,292356
8901,0.000418,172.217.194.0-255,2902,70303,70,292356
8902,0.000422,172.31.40.0-255,66,70369,70,292356
8903,0.000441,172.217.194.0-255,4320,74689,70,292356
8904,0.000443,172.31.40.0-255,66,74755,70,292356
8905,0.000473,172.217.194.0-255,1484,76239,70,292356
8906,0.00048,172.217.194.0-255,5738,81977,70,292356
8907,0.000483,172.31.40.0-255,66,82043,70,292356
8908,0.000496,172.31.40.0-255,66,82109,70,292356
8909,0.000529,172.217.194.0-255,1484,83593,70,292356
8910,0.000536,172.217.194.0-255,5020,88613,70,292356
8911,0.000538,172.31.40.0-255,66,88679,70,292356
8912,0.000567,172.217.194.0-255,363,89042,70,292356
8913,0.000587,172.217.194.0-255,1484,90526,70,292356
8914,0.00059,172.31.40.0-255,66,90592,70,292356
8915,0.000595,172.217.194.0-255,2902,93494,70,292356
8916,0.000597,172.31.40.0-255,66,93560,70,292356
8917,0.000614,172.217.194.0-255,1484,95044,70,292356
8918,0.000622,172.217.194.0-255,7156,102200,70,292356
8919,0.000629,172.31.40.0-255,66,102266,70,292356
8920,0.000632,172.217.194.0-255,1484,103750,70,292356
8921,0.000657,172.31.40.0-255,66,103816,70,292356
8922,0.000664,172.217.194.0-255,5738,109554,70,292356
8923,0.000666,172.31.40.0-255,66,109620,70,292356
8924,0.000688,172.217.194.0-255,2184,111804,70,292356
8925,0.00069,172.31.40.0-255,66,111870,70,292356
8926,0.00073,172.217.194.0-255,1484,113354,70,292356
8927,0.000749,172.217.194.0-255,2902,116256,70,292356
8928,0.000752,172.31.40.0-255,66,116322,70,292356
8929,0.00076,172.217.194.0-255,5738,122060,70,292356
8930,0.000857,172.217.194.0-255,8574,130634,70,292356
8931,0.00087,172.217.194.0-255,2184,132818,70,292356
8932,0.000898,172.217.194.0-255,9992,142810,70,292356
8933,0.000917,172.217.194.0-255,7156,149966,70,292356
8934,0.000927,172.217.194.0-255,9992,159958,70,292356
8935,0.000949,172.217.194.0-255,6438,166396,70,292356
8936,0.00096,172.31.40.0-255,66,166462,70,292356
8937,0.001066,172.217.194.0-255,1484,167946,70,292356
8938,0.001074,172.217.194.0-255,2902,170848,70,292356
8939,0.001076,172.217.194.0-255,1484,172332,70,292356
8940,0.001091,172.31.40.0-255,66,172398,70,292356
8941,0.001097,172.217.194.0-255,4320,176718,70,292356
8942,0.001103,172.31.40.0-255,66,176784,70,292356
8943,0.001153,172.31.40.0-255,66,176850,70,292356
8944,0.001164,172.217.194.0-255,5738,182588,70,292356
8945,0.001169,172.31.40.0-255,66,182654,70,292356
8946,0.001194,172.217.194.0-255,5020,187674,70,292356
8947,0.001218,172.217.194.0-255,1484,189158,70,292356
8948,0.001221,172.217.194.0-255,1484,190642,70,292356
8949,0.001231,172.217.194.0-255,1484,192126,70,292356
8950,0.001268,172.217.194.0-255,5738,197864,70,292356
8951,0.001291,172.217.194.0-255,9992,207856,70,292356
8952,0.001304,172.217.194.0-255,2184,210040,70,292356
8953,0.001307,172.31.40.0-255,66,210106,70,292356
8954,0.001313,172.31.40.0-255,66,210172,70,292356
8955,0.001398,172.217.194.0-255,1484,211656,70,292356
8956,0.00142,172.217.194.0-255,2902,214558,70,292356
8957,0.001426,172.217.194.0-255,4320,218878,70,292356
8958,0.001439,172.31.40.0-255,66,218944,70,292356
8959,0.001442,172.217.194.0-255,1484,220428,70,292356
8960,0.001467,172.31.40.0-255,66,220494,70,292356
8961,0.001474,172.217.194.0-255,1484,221978,70,292356
8962,0.001487,172.217.194.0-255,8574,230552,70,292356
8963,0.001516,172.217.194.0-255,2902,233454,70,292356
8964,0.00152,172.31.40.0-255,66,233520,70,292356
8965,0.001525,172.31.40.0-255,66,233586,70,292356
8966,0.001579,172.217.194.0-255,3602,237188,70,292356
8967,0.001641,172.217.194.0-255,9992,247180,70,292356
8968,0.001659,172.217.194.0-255,8574,255754,70,292356
8969,0.00167,172.217.194.0-255,10692,266446,70,292356
8970,0.001679,172.217.194.0-255,9992,276438,70,292356
8971,0.001691,172.31.40.0-255,66,276504,70,292356
8972,0.0017,172.217.194.0-255,9992,286496,70,292356
8973,0.001717,172.217.194.0-255,5452,291948,70,292356
8974,0.001722,172.31.40.0-255,66,292014,70,292356
8975,0.00176,172.217.194.0-255,105,292119,70,292356
8976,0.012867,172.31.40.0-255,66,292185,70,292356
8977,0.012919,172.31.40.0-255,105,292290,70,292356
8978,0.015566,172.217.194.0-255,66,292356,70,292356
8979,0.0,74.125.24.0-255,153,153,70,289589
8980,2e-05,172.31.40.0-255,66,219,70,289589
8981,2.9e-05,74.125.24.0-255,1484,1703,70,289589
8982,3.4e-05,172.31.40.0-255,66,1769,70,289589
8983,4e-05,74.125.24.0-255,2902,4671,70,289589
8984,4.2e-05,172.31.40.0-255,66,4737,70,289589
8985,5.1e-05,74.125.24.0-255,7156,11893,70,289589
8986,5.5e-05,172.31.40.0-255,66,11959,70,289589
8987,6.3e-05,74.125.24.0-255,9154,21113,70,289589
8988,6.6e-05,172.31.40.0-255,66,21179,70,289589
8989,7.5e-05,74.125.24.0-255,7156,28335,70,289589
8990,7.8e-05,172.31.40.0-255,66,28401,70,289589
8991,0.000106,74.125.24.0-255,2543,30944,70,289589
8992,0.000109,172.31.40.0-255,66,31010,70,289589
8993,0.000219,74.125.24.0-255,1484,32494,70,289589
8994,0.000223,172.31.40.0-255,66,32560,70,289589
8995,0.000228,74.125.24.0-255,2902,35462,70,289589
8996,0.00023,172.31.40.0-255,66,35528,70,289589
8997,0.000246,74.125.24.0-255,5738,41266,70,289589
8998,0.000249,172.31.40.0-255,66,41332,70,289589
8999,0.000254,74.125.24.0-255,4320,45652,70,289589
9000,0.000256,172.31.40.0-255,66,45718,70,289589
9001,0.000277,74.125.24.0-255,2543,48261,70,289589
9002,0.00028,172.31.40.0-255,66,48327,70,289589
9003,0.000306,74.125.24.0-255,7156,55483,70,289589
9004,0.000308,172.31.40.0-255,66,55549,70,289589
9005,0.00033,74.125.24.0-255,7156,62705,70,289589
9006,0.000333,172.31.40.0-255,66,62771,70,289589
9007,0.000337,74.125.24.0-255,2850,65621,70,289589
9008,0.000339,172.31.40.0-255,66,65687,70,289589
9009,0.000363,74.125.24.0-255,113,65800,70,289589
9010,0.000366,172.31.40.0-255,66,65866,70,289589
9011,0.000503,74.125.24.0-255,1484,67350,70,289589
9012,0.00051,74.125.24.0-255,1484,68834,70,289589
9013,0.000513,172.31.40.0-255,66,68900,70,289589
9014,0.000533,74.125.24.0-255,1484,70384,70,289589
9015,0.00054,74.125.24.0-255,5738,76122,70,289589
9016,0.000543,172.31.40.0-255,66,76188,70,289589
9017,0.000546,74.125.24.0-255,1484,77672,70,289589
9018,0.000576,172.31.40.0-255,66,77738,70,289589
9019,0.000585,74.125.24.0-255,9633,87371,70,289589
9020,0.000588,172.31.40.0-255,66,87437,70,289589
9021,0.001192,74.125.24.0-255,1484,88921,70,289589
9022,0.001199,74.125.24.0-255,2902,91823,70,289589
9023,0.001202,172.31.40.0-255,66,91889,70,289589
9024,0.001206,74.125.24.0-255,1484,93373,70,289589
9025,0.001229,74.125.24.0-255,4320,97693,70,289589
9026,0.001236,74.125.24.0-255,5738,103431,70,289589
9027,0.001239,74.125.24.0-255,2902,106333,70,289589
9028,0.001243,172.31.40.0-255,66,106399,70,289589
9029,0.001246,172.31.40.0-255,66,106465,70,289589
9030,0.001253,172.31.40.0-255,66,106531,70,289589
9031,0.001262,74.125.24.0-255,9992,116523,70,289589
9032,0.001264,172.31.40.0-255,66,116589,70,289589
9033,0.001267,74.125.24.0-255,1484,118073,70,289589
9034,0.001295,74.125.24.0-255,3602,121675,70,289589
9035,0.001297,172.31.40.0-255,66,121741,70,289589
9036,0.001398,74.125.24.0-255,1484,123225,70,289589
9037,0.001404,74.125.24.0-255,2902,126127,70,289589
9038,0.001407,172.31.40.0-255,66,126193,70,289589
9039,0.001431,74.125.24.0-255,5738,131931,70,289589
9040,0.001434,172.31.40.0-255,66,131997,70,289589
9041,0.00144,74.125.24.0-255,5738,137735,70,289589
9042,0.001442,172.31.40.0-255,66,137801,70,289589
9043,0.001453,74.125.24.0-255,1484,139285,70,289589
9044,0.001456,74.125.24.0-255,1484,140769,70,289589
9045,0.001459,172.31.40.0-255,66,140835,70,289589
9046,0.001493,172.31.40.0-255,66,140901,70,289589
9047,0.001499,74.125.24.0-255,5020,145921,70,289589
9048,0.001501,172.31.40.0-255,66,145987,70,289589
9049,0.001519,74.125.24.0-255,2902,148889,70,289589
9050,0.001521,172.31.40.0-255,66,148955,70,289589
9051,0.001547,172.31.40.0-255,66,149021,70,289589
9052,0.001576,74.125.24.0-255,4320,153341,70,289589
9053,0.001579,172.31.40.0-255,66,153407,70,289589
9054,0.001588,74.125.24.0-255,9274,162681,70,289589
9055,0.001591,172.31.40.0-255,66,162747,70,289589
9056,0.001718,74.125.24.0-255,1484,164231,70,289589
9057,0.001723,74.125.24.0-255,2902,167133,70,289589
9058,0.001726,172.31.40.0-255,66,167199,70,289589
9059,0.00173,74.125.24.0-255,1484,168683,70,289589
9060,0.001749,74.125.24.0-255,2902,171585,70,289589
9061,0.001751,172.31.40.0-255,66,171651,70,289589
9062,0.001757,74.125.24.0-255,5738,177389,70,289589
9063,0.001759,172.31.40.0-255,66,177455,70,289589
9064,0.001765,74.125.24.0-255,5738,183193,70,289589
9065,0.001768,172.31.40.0-255,66,183259,70,289589
9066,0.001804,74.125.24.0-255,5738,188997,70,289589
9067,0.001807,172.31.40.0-255,66,189063,70,289589
9068,0.001815,74.125.24.0-255,7856,196919,70,289589
9069,0.001817,172.31.40.0-255,66,196985,70,289589
9070,0.00191,74.125.24.0-255,1484,198469,70,289589
9071,0.001965,74.125.24.0-255,2902,201371,70,289589
9072,0.001968,172.31.40.0-255,66,201437,70,289589
9073,0.001974,74.125.24.0-255,5738,207175,70,289589
9074,0.001977,172.31.40.0-255,66,207241,70,289589
9075,0.001997,172.31.40.0-255,66,207307,70,289589
9076,0.002005,74.125.24.0-255,8574,215881,70,289589
9077,0.002008,172.31.40.0-255,66,215947,70,289589
9078,0.002026,74.125.24.0-255,2184,218131,70,289589
9079,0.002028,172.31.40.0-255,66,218197,70,289589
9080,0.00204,74.125.24.0-255,1484,219681,70,289589
9081,0.002058,74.125.24.0-255,7156,226837,70,289589
9082,0.002061,172.31.40.0-255,66,226903,70,289589
9083,0.002071,74.125.24.0-255,9992,236895,70,289589
9084,0.002073,172.31.40.0-255,66,236961,70,289589
9085,0.002104,74.125.24.0-255,7156,244117,70,289589
9086,0.002107,172.31.40.0-255,66,244183,70,289589
9087,0.002138,74.125.24.0-255,7856,252039,70,289589
9088,0.002141,172.31.40.0-255,66,252105,70,289589
9089,0.002156,172.31.40.0-255,66,252171,70,289589
9090,0.002172,172.31.40.0-255,66,252237,70,289589
9091,0.002204,74.125.24.0-255,7156,259393,70,289589
9092,0.002207,172.31.40.0-255,66,259459,70,289589
9093,0.002228,74.125.24.0-255,9992,269451,70,289589
9094,0.002231,172.31.40.0-255,66,269517,70,289589
9095,0.002264,74.125.24.0-255,9274,278791,70,289589
9096,0.002267,172.31.40.0-255,66,278857,70,289589
9097,0.002288,172.31.40.0-255,66,278923,70,289589
9098,0.002313,74.125.24.0-255,2184,281107,70,289589
9099,0.002316,172.31.40.0-255,66,281173,70,289589
9100,0.002324,74.125.24.0-255,8008,289181,70,289589
9101,0.002326,172.31.40.0-255,66,289247,70,289589
9102,0.00233,74.125.24.0-255,105,289352,70,289589
9103,0.004111,172.31.40.0-255,66,289418,70,289589
9104,0.004148,172.31.40.0-255,105,289523,70,289589
9105,0.006742,74.125.24.0-255,66,289589,70,289589
9106,0.0,74.125.24.0-255,152,152,70,242582
9107,2.1e-05,172.31.40.0-255,66,218,70,242582
9108,2.8e-05,74.125.24.0-255,1484,1702,70,242582
9109,3.3e-05,172.31.40.0-255,66,1768,70,242582
9110,4e-05,74.125.24.0-255,2902,4670,70,242582
9111,4.3e-05,172.31.40.0-255,66,4736,70,242582
9112,4.8e-05,74.125.24.0-255,2902,7638,70,242582
9113,5.1e-05,172.31.40.0-255,66,7704,70,242582
9114,7.3e-05,74.125.24.0-255,4320,12024,70,242582
9115,7.6e-05,172.31.40.0-255,66,12090,70,242582
9116,0.000129,74.125.24.0-255,2902,14992,70,242582
9117,0.000133,172.31.40.0-255,66,15058,70,242582
9118,0.000155,74.125.24.0-255,4899,19957,70,242582
9119,0.000158,172.31.40.0-255,66,20023,70,242582
9120,0.000167,74.125.24.0-255,8574,28597,70,242582
9121,0.000169,172.31.40.0-255,66,28663,70,242582
9122,0.000173,74.125.24.0-255,2543,31206,70,242582
9123,0.000176,172.31.40.0-255,66,31272,70,242582
9124,0.000308,74.125.24.0-255,1484,32756,70,242582
9125,0.000313,172.31.40.0-255,66,32822,70,242582
9126,0.000318,74.125.24.0-255,1484,34306,70,242582
9127,0.00032,172.31.40.0-255,66,34372,70,242582
9128,0.000333,74.125.24.0-255,1484,35856,70,242582
9129,0.000335,172.31.40.0-255,66,35922,70,242582
9130,0.000341,74.125.24.0-255,4320,40242,70,242582
9131,0.000344,172.31.40.0-255,66,40308,70,242582
9132,0.000359,74.125.24.0-255,1484,41792,70,242582
9133,0.000361,172.31.40.0-255,66,41858,70,242582
9134,0.00038,74.125.24.0-255,5738,47596,70,242582
9135,0.000383,172.31.40.0-255,66,47662,70,242582
9136,0.000397,74.125.24.0-255,1125,48787,70,242582
9137,0.000399,172.31.40.0-255,66,48853,70,242582
9138,0.000407,74.125.24.0-255,7156,56009,70,242582
9139,0.000409,172.31.40.0-255,66,56075,70,242582
9140,0.000434,74.125.24.0-255,9633,65708,70,242582
9141,0.000437,172.31.40.0-255,66,65774,70,242582
9142,0.000507,74.125.24.0-255,646,66420,70,242582
9143,0.000953,74.125.24.0-255,1484,67904,70,242582
9144,0.000958,172.31.40.0-255,66,67970,70,242582
9145,0.000962,74.125.24.0-255,1484,69454,70,242582
9146,0.00098,74.125.24.0-255,1484,70938,70,242582
9147,0.000982,172.31.40.0-255,66,71004,70,242582
9148,0.00099,74.125.24.0-255,5738,76742,70,242582
9149,0.000992,172.31.40.0-255,66,76808,70,242582
9150,0.001012,74.125.24.0-255,7156,83964,70,242582
9151,0.001014,172.31.40.0-255,66,84030,70,242582
9152,0.001039,74.125.24.0-255,5738,89768,70,242582
9153,0.001042,172.31.40.0-255,66,89834,70,242582
9154,0.001079,74.125.24.0-255,10692,100526,70,242582
9155,0.001082,172.31.40.0-255,66,100592,70,242582
9156,0.001283,74.125.24.0-255,1484,102076,70,242582
9157,0.001289,74.125.24.0-255,2902,104978,70,242582
9158,0.001293,172.31.40.0-255,66,105044,70,242582
9159,0.001315,74.125.24.0-255,5738,110782,70,242582
9160,0.001318,172.31.40.0-255,66,110848,70,242582
9161,0.001359,172.31.40.0-255,66,110914,70,242582
9162,0.001384,74.125.24.0-255,1484,112398,70,242582
9163,0.001411,74.125.24.0-255,9274,121672,70,242582
9164,0.001414,172.31.40.0-255,66,121738,70,242582
9165,0.001432,74.125.24.0-255,1484,123222,70,242582
9166,0.001455,74.125.24.0-255,5738,128960,70,242582
9167,0.001459,172.31.40.0-255,66,129026,70,242582
9168,0.001467,74.125.24.0-255,8574,137600,70,242582
9169,0.00147,172.31.40.0-255,66,137666,70,242582
9170,0.001529,172.31.40.0-255,66,137732,70,242582
9171,0.001534,74.125.24.0-255,3602,141334,70,242582
9172,0.001536,172.31.40.0-255,66,141400,70,242582
9173,0.001581,74.125.24.0-255,4320,145720,70,242582
9174,0.001585,172.31.40.0-255,66,145786,70,242582
9175,0.001588,74.125.24.0-255,1484,147270,70,242582
9176,0.001605,74.125.24.0-255,4320,151590,70,242582
9177,0.001609,172.31.40.0-255,66,151656,70,242582
9178,0.001616,74.125.24.0-255,7156,158812,70,242582
9179,0.001619,172.31.40.0-255,66,158878,70,242582
9180,0.001639,74.125.24.0-255,4320,163198,70,242582
9181,0.001654,172.31.40.0-255,66,163264,70,242582
9182,0.001662,172.31.40.0-255,66,163330,70,242582
9183,0.001827,74.125.24.0-255,1484,164814,70,242582
9184,0.001833,74.125.24.0-255,2902,167716,70,242582
9185,0.001836,172.31.40.0-255,66,167782,70,242582
9186,0.001859,74.125.24.0-255,5738,173520,70,242582
9187,0.001862,172.31.40.0-255,66,173586,70,242582
9188,0.001865,74.125.24.0-255,1484,175070,70,242582
9189,0.001905,172.31.40.0-255,66,175136,70,242582
9190,0.001915,74.125.24.0-255,10692,185828,70,242582
9191,0.001918,172.31.40.0-255,66,185894,70,242582
9192,0.002256,74.125.24.0-255,1484,187378,70,242582
9193,0.002271,74.125.24.0-255,2902,190280,70,242582
9194,0.002275,172.31.40.0-255,66,190346,70,242582
9195,0.002298,74.125.24.0-255,5738,196084,70,242582
9196,0.002302,172.31.40.0-255,66,196150,70,242582
9197,0.002327,74.125.24.0-255,5738,201888,70,242582
9198,0.00233,172.31.40.0-255,66,201954,70,242582
9199,0.004605,74.125.24.0-255,5738,207692,70,242582
9200,0.004612,172.31.40.0-255,66,207758,70,242582
9201,0.006893,74.125.24.0-255,5738,213496,70,242582
9202,0.0069,172.31.40.0-255,66,213562,70,242582
9203,0.009176,74.125.24.0-255,5738,219300,70,242582
9204,0.009183,172.31.40.0-255,66,219366,70,242582
9205,0.01148,74.125.24.0-255,5738,225104,70,242582
9206,0.011488,172.31.40.0-255,66,225170,70,242582
9207,0.013773,74.125.24.0-255,5738,230908,70,242582
9208,0.01378,172.31.40.0-255,66,230974,70,242582
9209,0.016088,74.125.24.0-255,5738,236712,70,242582
9210,0.016094,172.31.40.0-255,66,236778,70,242582
9211,0.018418,74.125.24.0-255,5738,242516,70,242582
9212,0.018425,172.31.40.0-255,66,242582,70,242582
9213,0.0,74.125.24.0-255,153,153,70,297663
9214,1.9e-05,172.31.40.0-255,66,219,70,297663
9215,2.5e-05,74.125.24.0-255,1484,1703,70,297663
9216,3e-05,172.31.40.0-255,66,1769,70,297663
9217,4.5e-05,74.125.24.0-255,2902,4671,70,297663
9218,4.9e-05,172.31.40.0-255,66,4737,70,297663
9219,5.7e-05,74.125.24.0-255,7156,11893,70,297663
9220,6e-05,172.31.40.0-255,66,11959,70,297663
9221,9.5e-05,74.125.24.0-255,2066,14025,70,297663
9222,9.8e-05,172.31.40.0-255,66,14091,70,297663
9223,0.000132,172.31.40.0-255,66,14157,70,297663
9224,0.000138,74.125.24.0-255,5379,19536,70,297663
9225,0.000141,172.31.40.0-255,66,19602,70,297663
9226,0.000358,74.125.24.0-255,1484,21086,70,297663
9227,0.000363,172.31.40.0-255,66,21152,70,297663
9228,0.000394,74.125.24.0-255,1484,22636,70,297663
9229,0.000396,172.31.40.0-255,66,22702,70,297663
9230,0.000401,74.125.24.0-255,2902,25604,70,297663
9231,0.000403,172.31.40.0-255,66,25670,70,297663
9232,0.000415,74.125.24.0-255,5738,31408,70,297663
9233,0.000417,172.31.40.0-255,66,31474,70,297663
9234,0.000429,74.125.24.0-255,1484,32958,70,297663
9235,0.000431,172.31.40.0-255,66,33024,70,297663
9236,0.000461,74.125.24.0-255,3961,36985,70,297663
9237,0.000469,172.31.40.0-255,66,37051,70,297663
9238,0.000475,74.125.24.0-255,5738,42789,70,297663
9239,0.000477,172.31.40.0-255,66,42855,70,297663
9240,0.00048,74.125.24.0-255,1484,44339,70,297663
9241,0.000482,172.31.40.0-255,66,44405,70,297663
9242,0.000526,74.125.24.0-255,9968,54373,70,297663
9243,0.000529,172.31.40.0-255,66,54439,70,297663
9244,0.000596,74.125.24.0-255,108,54547,70,297663
9245,0.000799,74.125.24.0-255,1484,56031,70,297663
9246,0.000804,172.31.40.0-255,66,56097,70,297663
9247,0.00081,74.125.24.0-255,2902,58999,70,297663
9248,0.000812,172.31.40.0-255,66,59065,70,297663
9249,0.000818,74.125.24.0-255,4320,63385,70,297663
9250,0.000824,172.31.40.0-255,66,63451,70,297663
9251,0.00086,74.125.24.0-255,1484,64935,70,297663
9252,0.000868,74.125.24.0-255,6797,71732,70,297663
9253,0.000875,74.125.24.0-255,8574,80306,70,297663
9254,0.00088,172.31.40.0-255,66,80372,70,297663
9255,0.000883,172.31.40.0-255,66,80438,70,297663
9256,0.00091,74.125.24.0-255,5738,86176,70,297663
9257,0.000918,172.31.40.0-255,66,86242,70,297663
9258,0.000922,74.125.24.0-255,2543,88785,70,297663
9259,0.000924,172.31.40.0-255,66,88851,70,297663
9260,0.002059,74.125.24.0-255,1484,90335,70,297663
9261,0.002072,74.125.24.0-255,2902,93237,70,297663
9262,0.002076,172.31.40.0-255,66,93303,70,297663
9263,0.002085,74.125.24.0-255,5738,99041,70,297663
9264,0.002087,172.31.40.0-255,66,99107,70,297663
9265,0.002116,172.31.40.0-255,66,99173,70,297663
9266,0.002127,74.125.24.0-255,5738,104911,70,297663
9267,0.002129,172.31.40.0-255,66,104977,70,297663
9268,0.002172,74.125.24.0-255,5020,109997,70,297663
9269,0.002175,172.31.40.0-255,66,110063,70,297663
9270,0.002209,74.125.24.0-255,2902,112965,70,297663
9271,0.002212,172.31.40.0-255,66,113031,70,297663
9272,0.002242,74.125.24.0-255,2902,115933,70,297663
9273,0.002244,172.31.40.0-255,66,115999,70,297663
9274,0.002252,74.125.24.0-255,7156,123155,70,297663
9275,0.002254,172.31.40.0-255,66,123221,70,297663
9276,0.002273,172.31.40.0-255,66,123287,70,297663
9277,0.002294,74.125.24.0-255,1484,124771,70,297663
9278,0.002306,74.125.24.0-255,6438,131209,70,297663
9279,0.002309,172.31.40.0-255,66,131275,70,297663
9280,0.002348,74.125.24.0-255,9992,141267,70,297663
9281,0.002351,172.31.40.0-255,66,141333,70,297663
9282,0.002361,74.125.24.0-255,9992,151325,70,297663
9283,0.002369,172.31.40.0-255,66,151391,70,297663
9284,0.002393,74.125.24.0-255,1484,152875,70,297663
9285,0.002401,74.125.24.0-255,7156,160031,70,297663
9286,0.002403,172.31.40.0-255,66,160097,70,297663
9287,0.002421,74.125.24.0-255,5020,165117,70,297663
9288,0.002424,172.31.40.0-255,66,165183,70,297663
9289,0.002475,74.125.24.0-255,1484,166667,70,297663
9290,0.002493,74.125.24.0-255,2902,169569,70,297663
9291,0.002496,172.31.40.0-255,66,169635,70,297663
9292,0.002523,74.125.24.0-255,5738,175373,70,297663
9293,0.002527,172.31.40.0-255,66,175439,70,297663
9294,0.002532,74.125.24.0-255,4320,179759,70,297663
9295,0.002534,172.31.40.0-255,66,179825,70,297663
9296,0.002539,74.125.24.0-255,4320,184145,70,297663
9297,0.002542,172.31.40.0-255,66,184211,70,297663
9298,0.002572,74.125.24.0-255,7156,191367,70,297663
9299,0.002575,172.31.40.0-255,66,191433,70,297663
9300,0.002588,74.125.24.0-255,7856,199289,70,297663
9301,0.00259,172.31.40.0-255,66,199355,70,297663
9302,0.002693,74.125.24.0-255,1484,200839,70,297663
9303,0.002708,74.125.24.0-255,2902,203741,70,297663
9304,0.002711,172.31.40.0-255,66,203807,70,297663
9305,0.002719,74.125.24.0-255,5738,209545,70,297663
9306,0.002721,172.31.40.0-255,66,209611,70,297663
9307,0.002756,74.125.24.0-255,9992,219603,70,297663
9308,0.002759,172.31.40.0-255,66,219669,70,297663
9309,0.002806,172.31.40.0-255,66,219735,70,297663
9310,0.002845,74.125.24.0-255,1484,221219,70,297663
9311,0.002864,74.125.24.0-255,2902,224121,70,297663
9312,0.002867,172.31.40.0-255,66,224187,70,297663
9313,0.002874,74.125.24.0-255,5738,229925,70,297663
9314,0.002876,172.31.40.0-255,66,229991,70,297663
9315,0.002883,74.125.24.0-255,1484,231475,70,297663
9316,0.002888,74.125.24.0-255,2902,234377,70,297663
9317,0.002892,172.31.40.0-255,66,234443,70,297663
9318,0.002962,172.31.40.0-255,66,234509,70,297663
9319,0.002969,74.125.24.0-255,6438,240947,70,297663
9320,0.002972,172.31.40.0-255,66,241013,70,297663
9321,0.002984,74.125.24.0-255,8574,249587,70,297663
9322,0.002987,172.31.40.0-255,66,249653,70,297663
9323,0.003025,172.31.40.0-255,66,249719,70,297663
9324,0.003033,74.125.24.0-255,8574,258293,70,297663
9325,0.003036,172.31.40.0-255,66,258359,70,297663
9326,0.003038,74.125.24.0-255,1484,259843,70,297663
9327,0.003042,74.125.24.0-255,1484,261327,70,297663
9328,0.003044,172.31.40.0-255,66,261393,70,297663
9329,0.003046,74.125.24.0-255,766,262159,70,297663
9330,0.003049,74.125.24.0-255,1484,263643,70,297663
9331,0.003051,172.31.40.0-255,66,263709,70,297663
9332,0.003055,74.125.24.0-255,2902,266611,70,297663
9333,0.003058,172.31.40.0-255,66,266677,70,297663
9334,0.003064,74.125.24.0-255,5738,272415,70,297663
9335,0.003066,172.31.40.0-255,66,272481,70,297663
9336,0.00308,172.31.40.0-255,66,272547,70,297663
9337,0.003108,74.125.24.0-255,1484,274031,70,297663
9338,0.003116,74.125.24.0-255,7156,281187,70,297663
9339,0.003119,172.31.40.0-255,66,281253,70,297663
9340,0.003147,172.31.40.0-255,66,281319,70,297663
9341,0.003178,74.125.24.0-255,9274,290593,70,297663
9342,0.003181,172.31.40.0-255,66,290659,70,297663
9343,0.003188,74.125.24.0-255,6495,297154,70,297663
9344,0.00319,172.31.40.0-255,66,297220,70,297663
9345,0.003193,74.125.24.0-255,105,297325,70,297663
9346,0.007514,172.31.40.0-255,101,297426,70,297663
9347,0.008538,172.31.40.0-255,105,297531,70,297663
9348,0.010017,74.125.24.0-255,66,297597,70,297663
9349,0.011015,74.125.24.0-255,66,297663,70,297663
9350,0.0,74.125.200.0-255,153,153,70,348336
9351,2.1e-05,172.31.40.0-255,66,219,70,348336
9352,2.8e-05,74.125.200.0-255,1484,1703,70,348336
9353,3.3e-05,172.31.40.0-255,66,1769,70,348336
9354,3.9e-05,74.125.200.0-255,2902,4671,70,348336
9355,5e-05,172.31.40.0-255,66,4737,70,348336
9356,5.5e-05,74.125.200.0-255,2902,7639,70,348336
9357,5.8e-05,172.31.40.0-255,66,7705,70,348336
9358,9.8e-05,74.125.200.0-255,4320,12025,70,348336
9359,0.000102,172.31.40.0-255,66,12091,70,348336
9360,0.000107,74.125.200.0-255,2902,14993,70,348336
9361,0.00011,172.31.40.0-255,66,15059,70,348336
9362,0.000148,74.125.200.0-255,4874,19933,70,348336
9363,0.000151,172.31.40.0-255,66,19999,70,348336
9364,0.000156,74.125.200.0-255,2902,22901,70,348336
9365,0.000157,172.31.40.0-255,66,22967,70,348336
9366,0.000168,74.125.200.0-255,4320,27287,70,348336
9367,0.000171,172.31.40.0-255,66,27353,70,348336
9368,0.0002,74.125.200.0-255,3961,31314,70,348336
9369,0.000203,172.31.40.0-255,66,31380,70,348336
9370,0.000211,74.125.200.0-255,1484,32864,70,348336
9371,0.000213,172.31.40.0-255,66,32930,70,348336
9372,0.000234,74.125.200.0-255,1484,34414,70,348336
9373,0.000236,172.31.40.0-255,66,34480,70,348336
9374,0.000246,74.125.200.0-255,4320,38800,70,348336
9375,0.000249,172.31.40.0-255,66,38866,70,348336
9376,0.000256,74.125.200.0-255,7156,46022,70,348336
9377,0.000259,172.31.40.0-255,66,46088,70,348336
9378,0.000287,74.125.200.0-255,1484,47572,70,348336
9379,0.000289,172.31.40.0-255,66,47638,70,348336
9380,0.000293,74.125.200.0-255,1125,48763,70,348336
9381,0.000295,172.31.40.0-255,66,48829,70,348336
9382,0.000353,74.125.200.0-255,1484,50313,70,348336
9383,0.000359,74.125.200.0-255,2902,53215,70,348336
9384,0.000362,172.31.40.0-255,66,53281,70,348336
9385,0.000382,74.125.200.0-255,2902,56183,70,348336
9386,0.000385,172.31.40.0-255,66,56249,70,348336
9387,0.000409,74.125.200.0-255,1484,57733,70,348336
9388,0.000438,74.125.200.0-255,7156,64889,70,348336
9389,0.000441,172.31.40.0-255,66,64955,70,348336
9390,0.000467,74.125.200.0-255,1469,66424,70,348336
9391,0.000469,74.125.200.0-255,332,66756,70,348336
9392,0.000472,172.31.40.0-255,66,66822,70,348336
9393,0.000578,74.125.200.0-255,1484,68306,70,348336
9394,0.000599,74.125.200.0-255,1484,69790,70,348336
9395,0.000602,172.31.40.0-255,66,69856,70,348336
9396,0.000629,74.125.200.0-255,1484,71340,70,348336
9397,0.000636,74.125.200.0-255,4320,75660,70,348336
9398,0.000638,172.31.40.0-255,66,75726,70,348336
9399,0.000645,74.125.200.0-255,5738,81464,70,348336
9400,0.000647,172.31.40.0-255,66,81530,70,348336
9401,0.000677,74.125.200.0-255,2543,84073,70,348336
9402,0.000679,172.31.40.0-255,66,84139,70,348336
9403,0.000706,74.125.200.0-255,2902,87041,70,348336
9404,0.000715,172.31.40.0-255,66,87107,70,348336
9405,0.00072,74.125.200.0-255,2902,90009,70,348336
9406,0.000722,172.31.40.0-255,66,90075,70,348336
9407,0.000748,74.125.200.0-255,4320,94395,70,348336
9408,0.000755,172.31.40.0-255,66,94461,70,348336
9409,0.000781,74.125.200.0-255,2902,97363,70,348336
9410,0.000784,172.31.40.0-255,66,97429,70,348336
9411,0.000814,74.125.200.0-255,3961,101390,70,348336
9412,0.000817,172.31.40.0-255,66,101456,70,348336
9413,0.001222,74.125.200.0-255,1484,102940,70,348336
9414,0.001251,74.125.200.0-255,2902,105842,70,348336
9415,0.001255,172.31.40.0-255,66,105908,70,348336
9416,0.001287,74.125.200.0-255,5738,111646,70,348336
9417,0.00129,172.31.40.0-255,66,111712,70,348336
9418,0.001295,74.125.200.0-255,2902,114614,70,348336
9419,0.001297,172.31.40.0-255,66,114680,70,348336
9420,0.001335,74.125.200.0-255,5738,120418,70,348336
9421,0.001345,172.31.40.0-255,66,120484,70,348336
9422,0.001351,74.125.200.0-255,4320,124804,70,348336
9423,0.001353,172.31.40.0-255,66,124870,70,348336
9424,0.001382,74.125.200.0-255,5738,130608,70,348336
9425,0.001385,172.31.40.0-255,66,130674,70,348336
9426,0.001413,74.125.200.0-255,5020,135694,70,348336
9427,0.001415,172.31.40.0-255,66,135760,70,348336
9428,0.001457,74.125.200.0-255,1484,137244,70,348336
9429,0.001486,74.125.200.0-255,2902,140146,70,348336
9430,0.00149,172.31.40.0-255,66,140212,70,348336
9431,0.001507,74.125.200.0-255,1484,141696,70,348336
9432,0.001529,74.125.200.0-255,5738,147434,70,348336
9433,0.001532,172.31.40.0-255,66,147500,70,348336
9434,0.001571,74.125.200.0-255,5738,153238,70,348336
9435,0.001575,172.31.40.0-255,66,153304,70,348336
9436,0.001583,74.125.200.0-255,7156,160460,70,348336
9437,0.001585,172.31.40.0-255,66,160526,70,348336
9438,0.001622,74.125.200.0-255,4320,164846,70,348336
9439,0.001625,172.31.40.0-255,66,164912,70,348336
9440,0.001632,74.125.200.0-255,5020,169932,70,348336
9441,0.001634,172.31.40.0-255,66,169998,70,348336
9442,0.001692,74.125.200.0-255,1484,171482,70,348336
9443,0.001696,74.125.200.0-255,1484,172966,70,348336
9444,0.001699,172.31.40.0-255,66,173032,70,348336
9445,0.001724,74.125.200.0-255,1484,174516,70,348336
9446,0.001741,74.125.200.0-255,1484,176000,70,348336
9447,0.001743,172.31.40.0-255,66,176066,70,348336
9448,0.00176,74.125.200.0-255,4320,180386,70,348336
9449,0.001763,172.31.40.0-255,66,180452,70,348336
9450,0.001774,74.125.200.0-255,7156,187608,70,348336
9451,0.001777,172.31.40.0-255,66,187674,70,348336
9452,0.001784,74.125.200.0-255,7156,194830,70,348336
9453,0.001787,172.31.40.0-255,66,194896,70,348336
9454,0.001822,74.125.200.0-255,1484,196380,70,348336
9455,0.00183,74.125.200.0-255,7856,204236,70,348336
9456,0.001836,172.31.40.0-255,66,204302,70,348336
9457,0.00203,74.125.200.0-255,1484,205786,70,348336
9458,0.002034,74.125.200.0-255,1484,207270,70,348336
9459,0.002037,172.31.40.0-255,66,207336,70,348336
9460,0.002069,74.125.200.0-255,2902,210238,70,348336
9461,0.002072,172.31.40.0-255,66,210304,70,348336
9462,0.002078,74.125.200.0-255,5738,216042,70,348336
9463,0.00208,172.31.40.0-255,66,216108,70,348336
9464,0.002106,74.125.200.0-255,5738,221846,70,348336
9465,0.002109,172.31.40.0-255,66,221912,70,348336
9466,0.002135,74.125.200.0-255,1484,223396,70,348336
9467,0.002144,74.125.200.0-255,8574,231970,70,348336
9468,0.002146,172.31.40.0-255,66,232036,70,348336
9469,0.002152,74.125.200.0-255,4320,236356,70,348336
9470,0.002155,172.31.40.0-255,66,236422,70,348336
9471,0.002175,74.125.200.0-255,2184,238606,70,348336
9472,0.002178,172.31.40.0-255,66,238672,70,348336
9473,0.002265,74.125.200.0-255,1484,240156,70,348336
9474,0.00228,74.125.200.0-255,2902,243058,70,348336
9475,0.002284,172.31.40.0-255,66,243124,70,348336
9476,0.002289,74.125.200.0-255,2902,246026,70,348336
9477,0.002291,172.31.40.0-255,66,246092,70,348336
9478,0.002322,74.125.200.0-255,2902,248994,70,348336
9479,0.002326,172.31.40.0-255,66,249060,70,348336
9480,0.002338,74.125.200.0-255,7156,256216,70,348336
9481,0.002345,172.31.40.0-255,66,256282,70,348336
9482,0.002417,172.31.40.0-255,66,256348,70,348336
9483,0.002433,172.31.40.0-255,66,256414,70,348336
9484,0.002439,74.125.200.0-255,5738,262152,70,348336
9485,0.002441,172.31.40.0-255,66,262218,70,348336
9486,0.002462,74.125.200.0-255,1484,263702,70,348336
9487,0.002494,172.31.40.0-255,66,263768,70,348336
9488,0.002531,172.31.40.0-255,66,263834,70,348336
9489,0.002557,74.125.200.0-255,2184,266018,70,348336
9490,0.002559,172.31.40.0-255,66,266084,70,348336
9491,0.002567,74.125.200.0-255,7156,273240,70,348336
9492,0.00257,172.31.40.0-255,66,273306,70,348336
9493,0.002605,74.125.200.0-255,7156,280462,70,348336
9494,0.002608,172.31.40.0-255,66,280528,70,348336
9495,0.002615,74.125.200.0-255,7156,287684,70,348336
9496,0.002623,172.31.40.0-255,66,287750,70,348336
9497,0.002631,74.125.200.0-255,7856,295606,70,348336
9498,0.002634,172.31.40.0-255,66,295672,70,348336
9499,0.002638,74.125.200.0-255,2902,298574,70,348336
9500,0.00264,172.31.40.0-255,66,298640,70,348336
9501,0.002646,74.125.200.0-255,4320,302960,70,348336
9502,0.002649,172.31.40.0-255,66,303026,70,348336
9503,0.002686,74.125.200.0-255,8574,311600,70,348336
9504,0.002693,172.31.40.0-255,66,311666,70,348336
9505,0.0027,74.125.200.0-255,5738,317404,70,348336
9506,0.002702,172.31.40.0-255,66,317470,70,348336
9507,0.005361,74.125.200.0-255,2902,320372,70,348336
9508,0.005369,172.31.40.0-255,66,320438,70,348336
9509,0.005388,74.125.200.0-255,2902,323340,70,348336
9510,0.005392,172.31.40.0-255,66,323406,70,348336
9511,0.008028,74.125.200.0-255,5738,329144,70,348336
9512,0.008035,172.31.40.0-255,66,329210,70,348336
9513,0.01068,74.125.200.0-255,4320,333530,70,348336
9514,0.010687,172.31.40.0-255,66,333596,70,348336
9515,0.010715,74.125.200.0-255,1484,335080,70,348336
9516,0.013329,74.125.200.0-255,4320,339400,70,348336
9517,0.013336,172.31.40.0-255,66,339466,70,348336
9518,0.015999,74.125.200.0-255,5738,345204,70,348336
9519,0.016007,172.31.40.0-255,66,345270,70,348336
9520,0.018676,74.125.200.0-255,3000,348270,70,348336
9521,0.018685,172.31.40.0-255,66,348336,70,348336
9522,0.0,74.125.24.0-255,153,153,70,334209
9523,3.1e-05,172.31.40.0-255,66,219,70,334209
9524,3.8e-05,74.125.24.0-255,1484,1703,70,334209
9525,4.3e-05,172.31.40.0-255,66,1769,70,334209
9526,4.8e-05,74.125.24.0-255,2902,4671,70,334209
9527,5.1e-05,172.31.40.0-255,66,4737,70,334209
9528,5.9e-05,74.125.24.0-255,7156,11893,70,334209
9529,6.3e-05,172.31.40.0-255,66,11959,70,334209
9530,6.7e-05,74.125.24.0-255,2102,14061,70,334209
9531,7.1e-05,172.31.40.0-255,66,14127,70,334209
9532,0.000104,172.31.40.0-255,66,14193,70,334209
9533,0.000111,74.125.24.0-255,5379,19572,70,334209
9534,0.000114,172.31.40.0-255,66,19638,70,334209
9535,0.000149,74.125.24.0-255,1484,21122,70,334209
9536,0.000151,172.31.40.0-255,66,21188,70,334209
9537,0.000156,74.125.24.0-255,2902,24090,70,334209
9538,0.000158,172.31.40.0-255,66,24156,70,334209
9539,0.000166,74.125.24.0-255,5738,29894,70,334209
9540,0.000168,172.31.40.0-255,66,29960,70,334209
9541,0.000213,74.125.24.0-255,6797,36757,70,334209
9542,0.000216,172.31.40.0-255,66,36823,70,334209
9543,0.000605,74.125.24.0-255,1484,38307,70,334209
9544,0.000611,172.31.40.0-255,66,38373,70,334209
9545,0.000617,74.125.24.0-255,2902,41275,70,334209
9546,0.000619,172.31.40.0-255,66,41341,70,334209
9547,0.000638,74.125.24.0-255,5738,47079,70,334209
9548,0.000641,172.31.40.0-255,66,47145,70,334209
9549,0.000686,74.125.24.0-255,7377,54522,70,334209
9550,0.00069,172.31.40.0-255,66,54588,70,334209
9551,0.000747,74.125.24.0-255,1484,56072,70,334209
9552,0.000752,74.125.24.0-255,2902,58974,70,334209
9553,0.000756,172.31.40.0-255,66,59040,70,334209
9554,0.000759,172.31.40.0-255,66,59106,70,334209
9555,0.000779,74.125.24.0-255,5738,64844,70,334209
9556,0.000782,172.31.40.0-255,66,64910,70,334209
9557,0.000796,74.125.24.0-255,4320,69230,70,334209
9558,0.000799,172.31.40.0-255,66,69296,70,334209
9559,0.000818,74.125.24.0-255,9633,78929,70,334209
9560,0.000821,172.31.40.0-255,66,78995,70,334209
9561,0.00083,74.125.24.0-255,9633,88628,70,334209
9562,0.000833,172.31.40.0-255,66,88694,70,334209
9563,0.000879,74.125.24.0-255,1484,90178,70,334209
9564,0.000886,74.125.24.0-255,2902,93080,70,334209
9565,0.000889,172.31.40.0-255,66,93146,70,334209
9566,0.000916,74.125.24.0-255,5738,98884,70,334209
9567,0.000919,172.31.40.0-255,66,98950,70,334209
9568,0.000925,74.125.24.0-255,5738,104688,70,334209
9569,0.000928,172.31.40.0-255,66,104754,70,334209
9570,0.000935,74.125.24.0-255,7156,111910,70,334209
9571,0.000937,172.31.40.0-255,66,111976,70,334209
9572,0.000961,74.125.24.0-255,5738,117714,70,334209
9573,0.000964,172.31.40.0-255,66,117780,70,334209
9574,0.000972,74.125.24.0-255,7156,124936,70,334209
9575,0.000974,172.31.40.0-255,66,125002,70,334209
9576,0.000988,74.125.24.0-255,3602,128604,70,334209
9577,0.00099,172.31.40.0-255,66,128670,70,334209
9578,0.001027,74.125.24.0-255,10502,139172,70,334209
9579,0.001031,172.31.40.0-255,66,139238,70,334209
9580,0.001038,74.125.24.0-255,5738,144976,70,334209
9581,0.001039,172.31.40.0-255,66,145042,70,334209
9582,0.001056,74.125.24.0-255,5738,150780,70,334209
9583,0.001059,172.31.40.0-255,66,150846,70,334209
9584,0.001077,74.125.24.0-255,5738,156584,70,334209
9585,0.00108,172.31.40.0-255,66,156650,70,334209
9586,0.001109,172.31.40.0-255,66,156716,70,334209
9587,0.001134,74.125.24.0-255,5020,161736,70,334209
9588,0.001137,172.31.40.0-255,66,161802,70,334209
9589,0.001144,74.125.24.0-255,5738,167540,70,334209
9590,0.001146,172.31.40.0-255,66,167606,70,334209
9591,0.001149,74.125.24.0-255,1484,169090,70,334209
9592,0.001178,172.31.40.0-255,66,169156,70,334209
9593,0.001183,74.125.24.0-255,4320,173476,70,334209
9594,0.001186,172.31.40.0-255,66,173542,70,334209
9595,0.00122,74.125.24.0-255,2902,176444,70,334209
9596,0.001224,172.31.40.0-255,66,176510,70,334209
9597,0.00125,74.125.24.0-255,7856,184366,70,334209
9598,0.001253,172.31.40.0-255,66,184432,70,334209
9599,0.001299,74.125.24.0-255,7156,191588,70,334209
9600,0.001301,172.31.40.0-255,66,191654,70,334209
9601,0.001322,74.125.24.0-255,4320,195974,70,334209
9602,0.001324,172.31.40.0-255,66,196040,70,334209
9603,0.001332,74.125.24.0-255,8574,204614,70,334209
9604,0.001334,172.31.40.0-255,66,204680,70,334209
9605,0.001349,172.31.40.0-255,66,204746,70,334209
9606,0.001363,74.125.24.0-255,9992,214738,70,334209
9607,0.001366,172.31.40.0-255,66,214804,70,334209
9608,0.001393,74.125.24.0-255,4320,219124,70,334209
9609,0.001396,172.31.40.0-255,66,219190,70,334209
9610,0.001411,172.31.40.0-255,66,219256,70,334209
9611,0.001432,74.125.24.0-255,3602,222858,70,334209
9612,0.001435,172.31.40.0-255,66,222924,70,334209
9613,0.001491,74.125.24.0-255,1484,224408,70,334209
9614,0.001496,74.125.24.0-255,2902,227310,70,334209
9615,0.001499,172.31.40.0-255,66,227376,70,334209
9616,0.001503,74.125.24.0-255,1484,228860,70,334209
9617,0.001521,74.125.24.0-255,4320,233180,70,334209
9618,0.001524,172.31.40.0-255,66,233246,70,334209
9619,0.00153,74.125.24.0-255,5738,238984,70,334209
9620,0.001532,172.31.40.0-255,66,239050,70,334209
9621,0.001545,74.125.24.0-255,2902,241952,70,334209
9622,0.001548,172.31.40.0-255,66,242018,70,334209
9623,0.001571,74.125.24.0-255,9992,252010,70,334209
9624,0.001575,172.31.40.0-255,66,252076,70,334209
9625,0.001581,74.125.24.0-255,5020,257096,70,334209
9626,0.001583,172.31.40.0-255,66,257162,70,334209
9627,0.001709,74.125.24.0-255,1484,258646,70,334209
9628,0.001715,74.125.24.0-255,2902,261548,70,334209
9629,0.001718,172.31.40.0-255,66,261614,70,334209
9630,0.001723,74.125.24.0-255,2902,264516,70,334209
9631,0.001725,172.31.40.0-255,66,264582,70,334209
9632,0.001738,74.125.24.0-255,2902,267484,70,334209
9633,0.00174,172.31.40.0-255,66,267550,70,334209
9634,0.001745,74.125.24.0-255,4320,271870,70,334209
9635,0.001748,172.31.40.0-255,66,271936,70,334209
9636,0.001776,74.125.24.0-255,8574,280510,70,334209
9637,0.001779,172.31.40.0-255,66,280576,70,334209
9638,0.001788,74.125.24.0-255,8574,289150,70,334209
9639,0.001791,172.31.40.0-255,66,289216,70,334209
9640,0.001813,74.125.24.0-255,7856,297072,70,334209
9641,0.001822,74.125.24.0-255,8574,305646,70,334209
9642,0.001825,172.31.40.0-255,66,305712,70,334209
9643,0.001828,172.31.40.0-255,66,305778,70,334209
9644,0.001854,74.125.24.0-255,8574,314352,70,334209
9645,0.001864,74.125.24.0-255,10692,325044,70,334209
9646,0.001875,172.31.40.0-255,66,325110,70,334209
9647,0.001883,74.125.24.0-255,7156,332266,70,334209
9648,0.001902,74.125.24.0-255,1601,333867,70,334209
9649,0.001904,74.125.24.0-255,105,333972,70,334209
9650,0.001916,172.31.40.0-255,66,334038,70,334209
9651,0.004415,172.31.40.0-255,105,334143,70,334209
9652,0.006988,74.125.24.0-255,66,334209,70,334209
9653,0.0,172.217.194.0-255,153,153,70,181404
9654,1.4e-05,172.31.40.0-255,66,219,70,181404
9655,2e-05,172.217.194.0-255,1484,1703,70,181404
9656,2.5e-05,172.31.40.0-255,66,1769,70,181404
9657,3.1e-05,172.217.194.0-255,2902,4671,70,181404
9658,3.4e-05,172.31.40.0-255,66,4737,70,181404
9659,4.2e-05,172.217.194.0-255,7156,11893,70,181404
9660,4.5e-05,172.31.40.0-255,66,11959,70,181404
9661,7.1e-05,172.217.194.0-255,2902,14861,70,181404
9662,7.5e-05,172.31.40.0-255,66,14927,70,181404
9663,9.6e-05,172.217.194.0-255,7808,22735,70,181404
9664,9.8e-05,172.31.40.0-255,66,22801,70,181404
9665,0.00011,172.217.194.0-255,1484,24285,70,181404
9666,0.000112,172.31.40.0-255,66,24351,70,181404
9667,0.000137,172.217.194.0-255,6797,31148,70,181404
9668,0.00014,172.31.40.0-255,66,31214,70,181404
9669,0.000219,172.217.194.0-255,1484,32698,70,181404
9670,0.000222,172.31.40.0-255,66,32764,70,181404
9671,0.000227,172.217.194.0-255,2902,35666,70,181404
9672,0.000229,172.31.40.0-255,66,35732,70,181404
9673,0.00025,172.217.194.0-255,5738,41470,70,181404
9674,0.000253,172.31.40.0-255,66,41536,70,181404
9675,0.000264,172.217.194.0-255,1484,43020,70,181404
9676,0.000267,172.31.40.0-255,66,43086,70,181404
9677,0.000288,172.217.194.0-255,5379,48465,70,181404
9678,0.00029,172.31.40.0-255,66,48531,70,181404
9679,0.000466,172.217.194.0-255,1484,50015,70,181404
9680,0.000471,172.31.40.0-255,66,50081,70,181404
9681,0.000477,172.217.194.0-255,2902,52983,70,181404
9682,0.000479,172.31.40.0-255,66,53049,70,181404
9683,0.000484,172.217.194.0-255,2902,55951,70,181404
9684,0.000487,172.31.40.0-255,66,56017,70,181404
9685,0.000511,172.217.194.0-255,2902,58919,70,181404
9686,0.000532,172.31.40.0-255,66,58985,70,181404
9687,0.000554,172.217.194.0-255,5738,64723,70,181404
9688,0.000562,172.31.40.0-255,66,64789,70,181404
9689,0.00057,172.217.194.0-255,1401,66190,70,181404
9690,0.000597,172.217.194.0-255,1484,67674,70,181404
9691,0.000603,172.31.40.0-255,66,67740,70,181404
9692,0.000623,172.217.194.0-255,3237,70977,70,181404
9693,0.000629,172.217.194.0-255,5738,76715,70,181404
9694,0.000632,172.217.194.0-255,1484,78199,70,181404
9695,0.000647,172.217.194.0-255,5379,83578,70,181404
9696,0.000653,172.31.40.0-255,66,83644,70,181404
9697,0.000899,172.217.194.0-255,1484,85128,70,181404
9698,0.000904,172.217.194.0-255,2902,88030,70,181404
9699,0.000907,172.217.194.0-255,1484,89514,70,181404
9700,0.000925,172.217.194.0-255,4320,93834,70,181404
9701,0.000928,172.217.194.0-255,1484,95318,70,181404
9702,0.000931,172.31.40.0-255,66,95384,70,181404
9703,0.000936,172.31.40.0-255,66,95450,70,181404
9704,0.000973,172.31.40.0-255,66,95516,70,181404
9705,0.001015,172.217.194.0-255,2902,98418,70,181404
9706,0.001034,172.217.194.0-255,7856,106274,70,181404
9707,0.001041,172.31.40.0-255,66,106340,70,181404
9708,0.001661,172.217.194.0-255,1484,107824,70,181404
9709,0.001667,172.217.194.0-255,2902,110726,70,181404
9710,0.001671,172.31.40.0-255,66,110792,70,181404
9711,0.001687,172.217.194.0-255,1484,112276,70,181404
9712,0.001704,172.217.194.0-255,4320,116596,70,181404
9713,0.001711,172.217.194.0-255,7156,123752,70,181404
9714,0.001748,172.217.194.0-255,2184,125936,70,181404
9715,0.001754,172.31.40.0-255,66,126002,70,181404
9716,0.001993,172.217.194.0-255,1484,127486,70,181404
9717,0.001997,172.217.194.0-255,1484,128970,70,181404
9718,0.002,172.31.40.0-255,66,129036,70,181404
9719,0.002022,172.217.194.0-255,1484,130520,70,181404
9720,0.002029,172.217.194.0-255,5738,136258,70,181404
9721,0.00204,172.31.40.0-255,66,136324,70,181404
9722,0.004019,172.217.194.0-255,4320,140644,70,181404
9723,0.004026,172.31.40.0-255,66,140710,70,181404
9724,0.004043,172.217.194.0-255,1484,142194,70,181404
9725,0.005991,172.217.194.0-255,4320,146514,70,181404
9726,0.007758,172.31.40.0-255,66,146580,70,181404
9727,0.009745,172.217.194.0-255,5738,152318,70,181404
9728,0.009752,172.31.40.0-255,66,152384,70,181404
9729,0.01173,172.217.194.0-255,5738,158122,70,181404
9730,0.011737,172.31.40.0-255,66,158188,70,181404
9731,0.013727,172.217.194.0-255,5738,163926,70,181404
9732,0.013735,172.31.40.0-255,66,163992,70,181404
9733,0.015715,172.217.194.0-255,5738,169730,70,181404
9734,0.015722,172.31.40.0-255,66,169796,70,181404
9735,0.0177,172.217.194.0-255,5738,175534,70,181404
9736,0.017707,172.31.40.0-255,66,175600,70,181404
9737,0.019741,172.217.194.0-255,5738,181338,70,181404
9738,0.019748,172.31.40.0-255,66,181404,70,181404
9739,0.0,74.125.68.0-255,152,152,70,249215
9740,1.4e-05,172.31.40.0-255,66,218,70,249215
9741,2.1e-05,74.125.68.0-255,1484,1702,70,249215
9742,2.5e-05,172.31.40.0-255,66,1768,70,249215
9743,3e-05,74.125.68.0-255,2902,4670,70,249215
9744,3.9e-05,172.31.40.0-255,66,4736,70,249215
9745,7.5e-05,74.125.68.0-255,5738,10474,70,249215
9746,7.8e-05,172.31.40.0-255,66,10540,70,249215
9747,8.4e-05,74.125.68.0-255,3456,13996,70,249215
9748,9e-05,172.31.40.0-255,66,14062,70,249215
9749,9.6e-05,74.125.68.0-255,4320,18382,70,249215
9750,9.8e-05,172.31.40.0-255,66,18448,70,249215
9751,0.000146,74.125.68.0-255,9992,28440,70,249215
9752,0.000149,172.31.40.0-255,66,28506,70,249215
9753,0.000153,74.125.68.0-255,2543,31049,70,249215
9754,0.000154,172.31.40.0-255,66,31115,70,249215
9755,0.000237,74.125.68.0-255,1484,32599,70,249215
9756,0.000241,172.31.40.0-255,66,32665,70,249215
9757,0.000275,74.125.68.0-255,2902,35567,70,249215
9758,0.000278,172.31.40.0-255,66,35633,70,249215
9759,0.000282,74.125.68.0-255,2902,38535,70,249215
9760,0.000284,172.31.40.0-255,66,38601,70,249215
9761,0.000288,74.125.68.0-255,2902,41503,70,249215
9762,0.00029,172.31.40.0-255,66,41569,70,249215
9763,0.000325,74.125.68.0-255,1484,43053,70,249215
9764,0.000328,172.31.40.0-255,66,43119,70,249215
9765,0.000337,74.125.68.0-255,8574,51693,70,249215
9766,0.000339,172.31.40.0-255,66,51759,70,249215
9767,0.000349,74.125.68.0-255,5738,57497,70,249215
9768,0.000352,172.31.40.0-255,66,57563,70,249215
9769,0.00041,74.125.68.0-255,1484,59047,70,249215
9770,0.000413,172.31.40.0-255,66,59113,70,249215
9771,0.000438,74.125.68.0-255,6773,65886,70,249215
9772,0.000442,74.125.68.0-255,111,65997,70,249215
9773,0.000463,74.125.68.0-255,328,66325,70,249215
9774,0.000541,172.31.40.0-255,66,66391,70,249215
9775,0.000572,74.125.68.0-255,1484,67875,70,249215
9776,0.000576,74.125.68.0-255,1484,69359,70,249215
9777,0.000591,74.125.68.0-255,2902,72261,70,249215
9778,0.000606,74.125.68.0-255,2902,75163,70,249215
9779,0.00061,172.31.40.0-255,66,75229,70,249215
9780,0.000619,74.125.68.0-255,2902,78131,70,249215
9781,0.00064,74.125.68.0-255,4320,82451,70,249215
9782,0.000644,172.31.40.0-255,66,82517,70,249215
9783,0.000666,74.125.68.0-255,1125,83642,70,249215
9784,0.00068,172.31.40.0-255,66,83708,70,249215
9785,0.000715,74.125.68.0-255,1484,85192,70,249215
9786,0.000728,74.125.68.0-255,1484,86676,70,249215
9787,0.000754,172.31.40.0-255,66,86742,70,249215
9788,0.000759,74.125.68.0-255,2902,89644,70,249215
9789,0.000786,74.125.68.0-255,1484,91128,70,249215
9790,0.000808,74.125.68.0-255,2902,94030,70,249215
9791,0.000821,74.125.68.0-255,1484,95514,70,249215
9792,0.000839,74.125.68.0-255,4320,99834,70,249215
9793,0.000841,74.125.68.0-255,1125,100959,70,249215
9794,0.000969,172.31.40.0-255,66,101025,70,249215
9795,0.001171,74.125.68.0-255,1484,102509,70,249215
9796,0.001213,74.125.68.0-255,1484,103993,70,249215
9797,0.001222,172.31.40.0-255,66,104059,70,249215
9798,0.001252,74.125.68.0-255,2902,106961,70,249215
9799,0.001277,172.31.40.0-255,66,107027,70,249215
9800,0.001301,74.125.68.0-255,4320,111347,70,249215
9801,0.001309,74.125.68.0-255,8574,119921,70,249215
9802,0.001315,74.125.68.0-255,7156,127077,70,249215
9803,0.001323,172.31.40.0-255,66,127143,70,249215
9804,0.001346,74.125.68.0-255,2902,130045,70,249215
9805,0.001358,74.125.68.0-255,5020,135065,70,249215
9806,0.001364,172.31.40.0-255,66,135131,70,249215
9807,0.001493,74.125.68.0-255,1484,136615,70,249215
9808,0.001508,74.125.68.0-255,2902,139517,70,249215
9809,0.001515,172.31.40.0-255,66,139583,70,249215
9810,0.001567,74.125.68.0-255,1484,141067,70,249215
9811,0.001597,74.125.68.0-255,1484,142551,70,249215
9812,0.0016,172.31.40.0-255,66,142617,70,249215
9813,0.001609,74.125.68.0-255,2902,145519,70,249215
9814,0.001628,74.125.68.0-255,2902,148421,70,249215
9815,0.001635,172.31.40.0-255,66,148487,70,249215
9816,0.001645,74.125.68.0-255,2902,151389,70,249215
9817,0.001652,74.125.68.0-255,2902,154291,70,249215
9818,0.001674,172.31.40.0-255,66,154357,70,249215
9819,0.001682,74.125.68.0-255,1484,155841,70,249215
9820,0.0017,74.125.68.0-255,2902,158743,70,249215
9821,0.001703,74.125.68.0-255,2902,161645,70,249215
9822,0.001709,172.31.40.0-255,66,161711,70,249215
9823,0.001725,74.125.68.0-255,4320,166031,70,249215
9824,0.00174,172.31.40.0-255,66,166097,70,249215
9825,0.001756,74.125.68.0-255,3602,169699,70,249215
9826,0.001771,172.31.40.0-255,66,169765,70,249215
9827,0.001832,74.125.68.0-255,1484,171249,70,249215
9828,0.001842,74.125.68.0-255,1484,172733,70,249215
9829,0.001856,172.31.40.0-255,66,172799,70,249215
9830,0.001859,74.125.68.0-255,1484,174283,70,249215
9831,0.001864,74.125.68.0-255,4320,178603,70,249215
9832,0.001882,172.31.40.0-255,66,178669,70,249215
9833,0.001887,74.125.68.0-255,2902,181571,70,249215
9834,0.001912,74.125.68.0-255,5738,187309,70,249215
9835,0.001915,74.125.68.0-255,1484,188793,70,249215
9836,0.001928,74.125.68.0-255,2902,191695,70,249215
9837,0.00193,172.31.40.0-255,66,191761,70,249215
9838,0.001935,172.31.40.0-255,66,191827,70,249215
9839,0.001963,74.125.68.0-255,5738,197565,70,249215
9840,0.001972,172.31.40.0-255,66,197631,70,249215
9841,0.001985,74.125.68.0-255,6438,204069,70,249215
9842,0.002001,172.31.40.0-255,66,204135,70,249215
9843,0.004008,74.125.68.0-255,4320,208455,70,249215
9844,0.004016,172.31.40.0-255,66,208521,70,249215
9845,0.004042,74.125.68.0-255,1484,210005,70,249215
9846,0.00603,74.125.68.0-255,4320,214325,70,249215
9847,0.006034,172.31.40.0-255,66,214391,70,249215
9848,0.008049,74.125.68.0-255,5738,220129,70,249215
9849,0.008126,172.31.40.0-255,66,220195,70,249215
9850,0.010156,74.125.68.0-255,5738,225933,70,249215
9851,0.010163,172.31.40.0-255,66,225999,70,249215
9852,0.012186,74.125.68.0-255,5738,231737,70,249215
9853,0.012193,172.31.40.0-255,66,231803,70,249215
9854,0.014212,74.125.68.0-255,5738,237541,70,249215
9855,0.014219,172.31.40.0-255,66,237607,70,249215
9856,0.016285,74.125.68.0-255,5738,243345,70,249215
9857,0.016291,172.31.40.0-255,66,243411,70,249215
9858,0.018328,74.125.68.0-255,5738,249149,70,249215
9859,0.018337,172.31.40.0-255,66,249215,70,249215
9860,0.0,172.217.194.0-255,152,152,70,354896
9861,2.4e-05,172.31.40.0-255,66,218,70,354896
9862,3.2e-05,172.217.194.0-255,1484,1702,70,354896
9863,3.7e-05,172.31.40.0-255,66,1768,70,354896
9864,4.3e-05,172.217.194.0-255,2902,4670,70,354896
9865,4.7e-05,172.31.40.0-255,66,4736,70,354896
9866,5.4e-05,172.217.194.0-255,7156,11892,70,354896
9867,5.8e-05,172.31.40.0-255,66,11958,70,354896
9868,0.000106,172.217.194.0-255,2030,13988,70,354896
9869,0.000108,172.31.40.0-255,66,14054,70,354896
9870,0.000306,172.217.194.0-255,1484,15538,70,354896
9871,0.00031,172.31.40.0-255,66,15604,70,354896
9872,0.000316,172.217.194.0-255,2902,18506,70,354896
9873,0.000319,172.31.40.0-255,66,18572,70,354896
9874,0.000322,172.217.194.0-255,1484,20056,70,354896
9875,0.000324,172.31.40.0-255,66,20122,70,354896
9876,0.00035,172.217.194.0-255,4320,24442,70,354896
9877,0.000352,172.31.40.0-255,66,24508,70,354896
9878,0.000383,172.217.194.0-255,6797,31305,70,354896
9879,0.000385,172.31.40.0-255,66,31371,70,354896
9880,0.000497,172.217.194.0-255,1484,32855,70,354896
9881,0.000501,172.31.40.0-255,66,32921,70,354896
9882,0.000523,172.217.194.0-255,2902,35823,70,354896
9883,0.000526,172.31.40.0-255,66,35889,70,354896
9884,0.000531,172.217.194.0-255,2902,38791,70,354896
9885,0.000533,172.31.40.0-255,66,38857,70,354896
9886,0.000538,172.217.194.0-255,4320,43177,70,354896
9887,0.000541,172.31.40.0-255,66,43243,70,354896
9888,0.00057,172.217.194.0-255,8574,51817,70,354896
9889,0.000573,172.31.40.0-255,66,51883,70,354896
9890,0.000594,172.217.194.0-255,1125,53008,70,354896
9891,0.000596,172.31.40.0-255,66,53074,70,354896
9892,0.000603,172.217.194.0-255,5738,58812,70,354896
9893,0.000605,172.31.40.0-255,66,58878,70,354896
9894,0.000625,172.217.194.0-255,1484,60362,70,354896
9895,0.000649,172.217.194.0-255,5676,66038,70,354896
9896,0.000652,172.31.40.0-255,66,66104,70,354896
9897,0.000655,172.217.194.0-255,379,66483,70,354896
9898,0.000726,172.217.194.0-255,1484,67967,70,354896
9899,0.000729,172.31.40.0-255,66,68033,70,354896
9900,0.000736,172.217.194.0-255,2902,70935,70,354896
9901,0.000738,172.31.40.0-255,66,71001,70,354896
9902,0.000764,172.217.194.0-255,5738,76739,70,354896
9903,0.000767,172.31.40.0-255,66,76805,70,354896
9904,0.000795,172.217.194.0-255,6249,83054,70,354896
9905,0.000798,172.31.40.0-255,66,83120,70,354896
9906,0.00081,172.217.194.0-255,1484,84604,70,354896
9907,0.00083,172.217.194.0-255,5738,90342,70,354896
9908,0.000835,172.217.194.0-255,4320,94662,70,354896
9909,0.00084,172.31.40.0-255,66,94728,70,354896
9910,0.000847,172.31.40.0-255,66,94794,70,354896
9911,0.000853,172.217.194.0-255,5379,100173,70,354896
9912,0.000855,172.31.40.0-255,66,100239,70,354896
9913,0.000992,172.217.194.0-255,1484,101723,70,354896
9914,0.001011,172.217.194.0-255,2902,104625,70,354896
9915,0.001041,172.217.194.0-255,4320,108945,70,354896
9916,0.001046,172.31.40.0-255,66,109011,70,354896
9917,0.001054,172.31.40.0-255,66,109077,70,354896
9918,0.001057,172.217.194.0-255,1484,110561,70,354896
9919,0.001063,172.217.194.0-255,4320,114881,70,354896
9920,0.001065,172.31.40.0-255,66,114947,70,354896
9921,0.001071,172.217.194.0-255,5738,120685,70,354896
9922,0.001074,172.31.40.0-255,66,120751,70,354896
9923,0.001106,172.217.194.0-255,8574,129325,70,354896
9924,0.001111,172.31.40.0-255,66,129391,70,354896
9925,0.00115,172.217.194.0-255,2902,132293,70,354896
9926,0.001152,172.31.40.0-255,66,132359,70,354896
9927,0.001166,172.217.194.0-255,2184,134543,70,354896
9928,0.001168,172.217.194.0-255,1484,136027,70,354896
9929,0.001172,172.31.40.0-255,66,136093,70,354896
9930,0.001198,172.217.194.0-255,4320,140413,70,354896
9931,0.001201,172.31.40.0-255,66,140479,70,354896
9932,0.001206,172.217.194.0-255,4320,144799,70,354896
9933,0.00121,172.31.40.0-255,66,144865,70,354896
9934,0.001242,172.217.194.0-255,5738,150603,70,354896
9935,0.001249,172.31.40.0-255,66,150669,70,354896
9936,0.001262,172.217.194.0-255,1125,151794,70,354896
9937,0.001281,172.217.194.0-255,2902,154696,70,354896
9938,0.001286,172.31.40.0-255,66,154762,70,354896
9939,0.001296,172.217.194.0-255,4320,159082,70,354896
9940,0.001303,172.217.194.0-255,7156,166238,70,354896
9941,0.001321,172.217.194.0-255,1484,167722,70,354896
9942,0.001332,172.31.40.0-255,66,167788,70,354896
9943,0.001369,172.217.194.0-255,766,168554,70,354896
9944,0.001374,172.31.40.0-255,66,168620,70,354896
9945,0.001498,172.217.194.0-255,1484,170104,70,354896
9946,0.001504,172.217.194.0-255,2902,173006,70,354896
9947,0.001517,172.217.194.0-255,4320,177326,70,354896
9948,0.00153,172.31.40.0-255,66,177392,70,354896
9949,0.001533,172.217.194.0-255,1484,178876,70,354896
9950,0.001554,172.217.194.0-255,4320,183196,70,354896
9951,0.001569,172.217.194.0-255,2902,186098,70,354896
9952,0.001578,172.217.194.0-255,8574,194672,70,354896
9953,0.001585,172.31.40.0-255,66,194738,70,354896
9954,0.001612,172.217.194.0-255,7856,202594,70,354896
9955,0.001622,172.31.40.0-255,66,202660,70,354896
9956,0.001641,172.217.194.0-255,2902,205562,70,354896
9957,0.001661,172.217.194.0-255,4320,209882,70,354896
9958,0.001666,172.31.40.0-255,66,209948,70,354896
9959,0.001682,172.217.194.0-255,4320,214268,70,354896
9960,0.001694,172.31.40.0-255,66,214334,70,354896
9961,0.001707,172.217.194.0-255,4320,218654,70,354896
9962,0.001712,172.217.194.0-255,4320,222974,70,354896
9963,0.001724,172.217.194.0-255,2902,225876,70,354896
9964,0.001747,172.31.40.0-255,66,225942,70,354896
9965,0.001758,172.217.194.0-255,4320,230262,70,354896
9966,0.001763,172.31.40.0-255,66,230328,70,354896
9967,0.00178,172.217.194.0-255,6438,236766,70,354896
9968,0.0018,172.31.40.0-255,66,236832,70,354896
9969,0.002281,172.217.194.0-255,1484,238316,70,354896
9970,0.002305,172.217.194.0-255,2902,241218,70,354896
9971,0.002309,172.31.40.0-255,66,241284,70,354896
9972,0.002331,172.217.194.0-255,4320,245604,70,354896
9973,0.002342,172.31.40.0-255,66,245670,70,354896
9974,0.002358,172.217.194.0-255,8574,254244,70,354896
9975,0.002364,172.217.194.0-255,5738,259982,70,354896
9976,0.002367,172.31.40.0-255,66,260048,70,354896
9977,0.002391,172.217.194.0-255,1484,261532,70,354896
9978,0.0024,172.217.194.0-255,9274,270806,70,354896
9979,0.002431,172.217.194.0-255,5738,276544,70,354896
9980,0.002437,172.31.40.0-255,66,276610,70,354896
9981,0.002474,172.217.194.0-255,7156,283766,70,354896
9982,0.002477,172.217.194.0-255,1484,285250,70,354896
9983,0.002483,172.217.194.0-255,6438,291688,70,354896
9984,0.002488,172.31.40.0-255,66,291754,70,354896
9985,0.002991,172.217.194.0-255,1484,293238,70,354896
9986,0.002997,172.217.194.0-255,2902,296140,70,354896
9987,0.003,172.31.40.0-255,66,296206,70,354896
9988,0.003018,172.217.194.0-255,1484,297690,70,354896
9989,0.003021,172.217.194.0-255,1484,299174,70,354896
9990,0.003031,172.217.194.0-255,1484,300658,70,354896
9991,0.003034,172.217.194.0-255,1484,302142,70,354896
9992,0.003038,172.31.40.0-255,66,302208,70,354896
9993,0.003058,172.217.194.0-255,4320,306528,70,354896
9994,0.003062,172.217.194.0-255,2902,309430,70,354896
9995,0.003066,172.31.40.0-255,66,309496,70,354896
9996,0.003091,172.217.194.0-255,7156,316652,70,354896
9997,0.003093,172.31.40.0-255,66,316718,70,354896
9998,0.003096,172.217.194.0-255,1484,318202,70,354896
9999,0.003126,172.217.194.0-255,5738,323940,70,354896
10000,0.003139,172.217.194.0-255,2184,326124,70,354896
10001,0.003148,172.31.40.0-255,66,326190,70,354896
10002,0.003191,172.217.194.0-255,8574,334764,70,354896
10003,0.003198,172.217.194.0-255,7156,341920,70,354896
10004,0.003201,172.217.194.0-255,1484,343404,70,354896
10005,0.003219,172.217.194.0-255,1484,344888,70,354896
10006,0.003222,172.31.40.0-255,66,344954,70,354896
10007,0.003253,172.31.40.0-255,66,345020,70,354896
10008,0.003522,172.217.194.0-255,1484,346504,70,354896
10009,0.003527,172.217.194.0-255,2902,349406,70,354896
10010,0.00353,172.31.40.0-255,66,349472,70,354896
10011,0.00356,172.217.194.0-255,4320,353792,70,354896
10012,0.00357,172.217.194.0-255,696,354488,70,354896
10013,0.003575,172.31.40.0-255,66,354554,70,354896
10014,0.00359,172.217.194.0-255,105,354659,70,354896
10015,0.004312,172.31.40.0-255,66,354725,70,354896
10016,0.004344,172.31.40.0-255,105,354830,70,354896
10017,0.006291,172.217.194.0-255,66,354896,70,354896
10018,0.0,74.125.130.0-255,297,297,70,364914
10019,2.5e-05,172.31.40.0-255,66,363,70,364914
10020,3.2e-05,74.125.130.0-255,1484,1847,70,364914
10021,3.6e-05,172.31.40.0-255,66,1913,70,364914
10022,4.2e-05,74.125.130.0-255,2902,4815,70,364914
10023,4.5e-05,172.31.40.0-255,66,4881,70,364914
10024,6.5e-05,74.125.130.0-255,1484,6365,70,364914
10025,6.8e-05,172.31.40.0-255,66,6431,70,364914
10026,7.7e-05,74.125.130.0-255,7540,13971,70,364914
10027,8e-05,172.31.40.0-255,66,14037,70,364914
10028,8.6e-05,74.125.130.0-255,4320,18357,70,364914
10029,8.8e-05,172.31.40.0-255,66,18423,70,364914
10030,0.000117,74.125.130.0-255,4320,22743,70,364914
10031,0.000119,172.31.40.0-255,66,22809,70,364914
10032,0.000125,74.125.130.0-255,4320,27129,70,364914
10033,0.000127,172.31.40.0-255,66,27195,70,364914
10034,0.000143,74.125.130.0-255,3961,31156,70,364914
10035,0.000146,172.31.40.0-255,66,31222,70,364914
10036,0.000215,74.125.130.0-255,1484,32706,70,364914
10037,0.000218,172.31.40.0-255,66,32772,70,364914
10038,0.000224,74.125.130.0-255,2902,35674,70,364914
10039,0.000226,172.31.40.0-255,66,35740,70,364914
10040,0.000238,74.125.130.0-255,1484,37224,70,364914
10041,0.00024,172.31.40.0-255,66,37290,70,364914
10042,0.000254,74.125.130.0-255,4320,41610,70,364914
10043,0.000257,172.31.40.0-255,66,41676,70,364914
10044,0.000283,74.125.130.0-255,7156,48832,70,364914
10045,0.000286,172.31.40.0-255,66,48898,70,364914
10046,0.000316,74.125.130.0-255,5738,54636,70,364914
10047,0.000318,172.31.40.0-255,66,54702,70,364914
10048,0.000322,74.125.130.0-255,1484,56186,70,364914
10049,0.000324,172.31.40.0-255,66,56252,70,364914
10050,0.000346,74.125.130.0-255,9274,65526,70,364914
10051,0.000348,172.31.40.0-255,66,65592,70,364914
10052,0.000351,74.125.130.0-255,676,66268,70,364914
10053,0.000567,74.125.130.0-255,1484,67752,70,364914
10054,0.000571,172.31.40.0-255,66,67818,70,364914
10055,0.000577,74.125.130.0-255,2902,70720,70,364914
10056,0.000579,172.31.40.0-255,66,70786,70,364914
10057,0.000596,74.125.130.0-255,5738,76524,70,364914
10058,0.000599,172.31.40.0-255,66,76590,70,364914
10059,0.000624,74.125.130.0-255,8574,85164,70,364914
10060,0.000627,172.31.40.0-255,66,85230,70,364914
10061,0.000648,74.125.130.0-255,4320,89550,70,364914
10062,0.00065,172.31.40.0-255,66,89616,70,364914
10063,0.000653,74.125.130.0-255,1484,91100,70,364914
10064,0.000675,74.125.130.0-255,1484,92584,70,364914
10065,0.000677,172.31.40.0-255,66,92650,70,364914
10066,0.000705,74.125.130.0-255,7856,100506,70,364914
10067,0.000708,172.31.40.0-255,66,100572,70,364914
10068,0.000747,74.125.130.0-255,1484,102056,70,364914
10069,0.000752,74.125.130.0-255,2902,104958,70,364914
10070,0.000755,172.31.40.0-255,66,105024,70,364914
10071,0.00076,74.125.130.0-255,2902,107926,70,364914
10072,0.000762,172.31.40.0-255,66,107992,70,364914
10073,0.000778,74.125.130.0-255,2902,110894,70,364914
10074,0.000781,172.31.40.0-255,66,110960,70,364914
10075,0.000785,74.125.130.0-255,4320,115280,70,364914
10076,0.000788,172.31.40.0-255,66,115346,70,364914
10077,0.000804,74.125.130.0-255,1484,116830,70,364914
10078,0.000808,74.125.130.0-255,2902,119732,70,364914
10079,0.000811,172.31.40.0-255,66,119798,70,364914
10080,0.000831,74.125.130.0-255,4320,124118,70,364914
10081,0.000834,172.31.40.0-255,66,124184,70,364914
10082,0.000855,74.125.130.0-255,4320,128504,70,364914
10083,0.000857,172.31.40.0-255,66,128570,70,364914
10084,0.00088,74.125.130.0-255,6438,135008,70,364914
10085,0.000883,172.31.40.0-255,66,135074,70,364914
10086,0.000969,74.125.130.0-255,1484,136558,70,364914
10087,0.000975,74.125.130.0-255,2902,139460,70,364914
10088,0.000978,172.31.40.0-255,66,139526,70,364914
10089,0.000984,74.125.130.0-255,4320,143846,70,364914
10090,0.000986,172.31.40.0-255,66,143912,70,364914
10091,0.000999,74.125.130.0-255,1484,145396,70,364914
10092,0.001006,74.125.130.0-255,7156,152552,70,364914
10093,0.001008,172.31.40.0-255,66,152618,70,364914
10094,0.001011,74.125.130.0-255,1484,154102,70,364914
10095,0.001054,172.31.40.0-255,66,154168,70,364914
10096,0.001058,74.125.130.0-255,2184,156352,70,364914
10097,0.001061,172.31.40.0-255,66,156418,70,364914
10098,0.001086,74.125.130.0-255,1484,157902,70,364914
10099,0.001106,74.125.130.0-255,2902,160804,70,364914
10100,0.001109,172.31.40.0-255,66,160870,70,364914
10101,0.001115,74.125.130.0-255,4320,165190,70,364914
10102,0.001117,172.31.40.0-255,66,165256,70,364914
10103,0.001128,74.125.130.0-255,1484,166740,70,364914
10104,0.001134,74.125.130.0-255,4320,171060,70,364914
10105,0.001136,172.31.40.0-255,66,171126,70,364914
10106,0.001152,74.125.130.0-255,5738,176864,70,364914
10107,0.001154,172.31.40.0-255,66,176930,70,364914
10108,0.00116,74.125.130.0-255,4320,181250,70,364914
10109,0.001162,172.31.40.0-255,66,181316,70,364914
10110,0.001186,74.125.130.0-255,7156,188472,70,364914
10111,0.001189,172.31.40.0-255,66,188538,70,364914
10112,0.001195,74.125.130.0-255,4320,192858,70,364914
10113,0.001197,172.31.40.0-255,66,192924,70,364914
10114,0.001217,74.125.130.0-255,5020,197944,70,364914
10115,0.00122,172.31.40.0-255,66,198010,70,364914
10116,0.001234,74.125.130.0-255,2902,200912,70,364914
10117,0.001237,172.31.40.0-255,66,200978,70,364914
10118,0.001266,74.125.130.0-255,6249,207227,70,364914
10119,0.001269,172.31.40.0-255,66,207293,70,364914
10120,0.001287,74.125.130.0-255,2902,210195,70,364914
10121,0.00129,172.31.40.0-255,66,210261,70,364914
10122,0.001312,74.125.130.0-255,4320,214581,70,364914
10123,0.001315,172.31.40.0-255,66,214647,70,364914
10124,0.001321,74.125.130.0-255,4320,218967,70,364914
10125,0.001323,172.31.40.0-255,66,219033,70,364914
10126,0.001342,74.125.130.0-255,4320,223353,70,364914
10127,0.001346,172.31.40.0-255,66,223419,70,364914
10128,0.001381,172.31.40.0-255,66,223485,70,364914
10129,0.001384,74.125.130.0-255,1484,224969,70,364914
10130,0.00141,74.125.130.0-255,3602,228571,70,364914
10131,0.001414,172.31.40.0-255,66,228637,70,364914
10132,0.001632,74.125.130.0-255,1484,230121,70,364914
10133,0.001637,74.125.130.0-255,1484,231605,70,364914
10134,0.00164,172.31.40.0-255,66,231671,70,364914
10135,0.00166,74.125.130.0-255,1484,233155,70,364914
10136,0.001665,74.125.130.0-255,2902,236057,70,364914
10137,0.001668,172.31.40.0-255,66,236123,70,364914
10138,0.001689,74.125.130.0-255,2902,239025,70,364914
10139,0.001697,74.125.130.0-255,8574,247599,70,364914
10140,0.001699,74.125.130.0-255,1484,249083,70,364914
10141,0.001703,172.31.40.0-255,66,249149,70,364914
10142,0.001705,172.31.40.0-255,66,249215,70,364914
10143,0.001729,74.125.130.0-255,8574,257789,70,364914
10144,0.001731,172.31.40.0-255,66,257855,70,364914
10145,0.001735,74.125.130.0-255,1484,259339,70,364914
10146,0.001759,74.125.130.0-255,3602,262941,70,364914
10147,0.001762,172.31.40.0-255,66,263007,70,364914
10148,0.001858,74.125.130.0-255,1484,264491,70,364914
10149,0.001873,74.125.130.0-255,2902,267393,70,364914
10150,0.001876,172.31.40.0-255,66,267459,70,364914
10151,0.001883,74.125.130.0-255,5738,273197,70,364914
10152,0.001885,172.31.40.0-255,66,273263,70,364914
10153,0.00189,74.125.130.0-255,2902,276165,70,364914
10154,0.001892,172.31.40.0-255,66,276231,70,364914
10155,0.001906,74.125.130.0-255,2902,279133,70,364914
10156,0.001909,172.31.40.0-255,66,279199,70,364914
10157,0.001916,74.125.130.0-255,7156,286355,70,364914
10158,0.001918,172.31.40.0-255,66,286421,70,364914
10159,0.00195,74.125.130.0-255,5738,292159,70,364914
10160,0.001953,172.31.40.0-255,66,292225,70,364914
10161,0.001976,74.125.130.0-255,5020,297245,70,364914
10162,0.001979,172.31.40.0-255,66,297311,70,364914
10163,0.002032,172.31.40.0-255,66,297377,70,364914
10164,0.002045,74.125.130.0-255,7156,304533,70,364914
10165,0.00205,172.31.40.0-255,66,304599,70,364914
10166,0.00206,74.125.130.0-255,4320,308919,70,364914
10167,0.00208,74.125.130.0-255,4320,313239,70,364914
10168,0.002087,74.125.130.0-255,6438,319677,70,364914
10169,0.002096,74.125.130.0-255,1484,321161,70,364914
10170,0.002111,172.31.40.0-255,66,321227,70,364914
10171,0.004217,74.125.130.0-255,5738,326965,70,364914
10172,0.004226,172.31.40.0-255,66,327031,70,364914
10173,0.006334,74.125.130.0-255,5738,332769,70,364914
10174,0.006343,172.31.40.0-255,66,332835,70,364914
10175,0.008457,74.125.130.0-255,5738,338573,70,364914
10176,0.008463,172.31.40.0-255,66,338639,70,364914
10177,0.010551,74.125.130.0-255,4320,342959,70,364914
10178,0.010558,172.31.40.0-255,66,343025,70,364914
10179,0.010575,74.125.130.0-255,1484,344509,70,364914
10180,0.012653,74.125.130.0-255,4320,348829,70,364914
10181,0.012659,172.31.40.0-255,66,348895,70,364914
10182,0.014756,74.125.130.0-255,5738,354633,70,364914
10183,0.014762,172.31.40.0-255,66,354699,70,364914
10184,0.016864,74.125.130.0-255,5738,360437,70,364914
10185,0.016872,172.31.40.0-255,66,360503,70,364914
10186,0.018974,74.125.130.0-255,4240,364743,70,364914
10187,0.018983,172.31.40.0-255,66,364809,70,364914
10188,0.019846,172.31.40.0-255,105,364914,70,364914
10189,0.0,74.125.24.0-255,152,152,70,213681
10190,2.3e-05,172.31.40.0-255,66,218,70,213681
10191,3.1e-05,74.125.24.0-255,1484,1702,70,213681
10192,3.6e-05,172.31.40.0-255,66,1768,70,213681
10193,4e-05,74.125.24.0-255,1484,3252,70,213681
10194,5e-05,172.31.40.0-255,66,3318,70,213681
10195,5.7e-05,74.125.24.0-255,4320,7638,70,213681
10196,6.1e-05,172.31.40.0-255,66,7704,70,213681
10197,0.000121,74.125.24.0-255,10595,18299,70,213681
10198,0.000125,172.31.40.0-255,66,18365,70,213681
10199,0.000136,74.125.24.0-255,9992,28357,70,213681
10200,0.000139,172.31.40.0-255,66,28423,70,213681
10201,0.000143,74.125.24.0-255,2543,30966,70,213681
10202,0.000145,172.31.40.0-255,66,31032,70,213681
10203,0.000199,74.125.24.0-255,1484,32516,70,213681
10204,0.000202,172.31.40.0-255,66,32582,70,213681
10205,0.000221,74.125.24.0-255,2902,35484,70,213681
10206,0.000223,172.31.40.0-255,66,35550,70,213681
10207,0.000228,74.125.24.0-255,2902,38452,70,213681
10208,0.00023,172.31.40.0-255,66,38518,70,213681
10209,0.000251,74.125.24.0-255,2902,41420,70,213681
10210,0.000254,172.31.40.0-255,66,41486,70,213681
10211,0.000265,74.125.24.0-255,5738,47224,70,213681
10212,0.000268,172.31.40.0-255,66,47290,70,213681
10213,0.000273,74.125.24.0-255,4320,51610,70,213681
10214,0.000278,172.31.40.0-255,66,51676,70,213681
10215,0.000318,74.125.24.0-255,9633,61309,70,213681
10216,0.000321,172.31.40.0-255,66,61375,70,213681
10217,0.000326,74.125.24.0-255,4239,65614,70,213681
10218,0.000331,172.31.40.0-255,66,65680,70,213681
10219,0.000435,74.125.24.0-255,133,65813,70,213681
10220,0.00044,172.31.40.0-255,66,65879,70,213681
10221,0.000527,74.125.24.0-255,1484,67363,70,213681
10222,0.000534,74.125.24.0-255,2902,70265,70,213681
10223,0.000537,172.31.40.0-255,66,70331,70,213681
10224,0.000564,74.125.24.0-255,5738,76069,70,213681
10225,0.000567,172.31.40.0-255,66,76135,70,213681
10226,0.000573,74.125.24.0-255,4320,80455,70,213681
10227,0.000575,172.31.40.0-255,66,80521,70,213681
10228,0.000599,74.125.24.0-255,2543,83064,70,213681
10229,0.000602,172.31.40.0-255,66,83130,70,213681
10230,0.000629,172.31.40.0-255,66,83196,70,213681
10231,0.000663,74.125.24.0-255,2902,86098,70,213681
10232,0.000665,172.31.40.0-255,66,86164,70,213681
10233,0.00067,74.125.24.0-255,2543,88707,70,213681
10234,0.000673,172.31.40.0-255,66,88773,70,213681
10235,0.002152,74.125.24.0-255,1484,90257,70,213681
10236,0.002164,74.125.24.0-255,2902,93159,70,213681
10237,0.002169,172.31.40.0-255,66,93225,70,213681
10238,0.002208,74.125.24.0-255,5738,98963,70,213681
10239,0.002211,172.31.40.0-255,66,99029,70,213681
10240,0.00222,74.125.24.0-255,7156,106185,70,213681
10241,0.002222,172.31.40.0-255,66,106251,70,213681
10242,0.002252,74.125.24.0-255,5738,111989,70,213681
10243,0.002255,172.31.40.0-255,66,112055,70,213681
10244,0.00226,74.125.24.0-255,4320,116375,70,213681
10245,0.002262,172.31.40.0-255,66,116441,70,213681
10246,0.002269,74.125.24.0-255,5738,122179,70,213681
10247,0.002272,172.31.40.0-255,66,122245,70,213681
10248,0.002275,74.125.24.0-255,766,123011,70,213681
10249,0.002309,74.125.24.0-255,1484,124495,70,213681
10250,0.002312,172.31.40.0-255,66,124561,70,213681
10251,0.002318,74.125.24.0-255,2902,127463,70,213681
10252,0.00232,172.31.40.0-255,66,127529,70,213681
10253,0.002326,74.125.24.0-255,4320,131849,70,213681
10254,0.002328,172.31.40.0-255,66,131915,70,213681
10255,0.002357,74.125.24.0-255,1484,133399,70,213681
10256,0.002371,172.31.40.0-255,66,133465,70,213681
10257,0.002402,74.125.24.0-255,1484,134949,70,213681
10258,0.002413,74.125.24.0-255,10692,145641,70,213681
10259,0.002415,172.31.40.0-255,66,145707,70,213681
10260,0.002463,74.125.24.0-255,1484,147191,70,213681
10261,0.002473,74.125.24.0-255,1484,148675,70,213681
10262,0.002475,172.31.40.0-255,66,148741,70,213681
10263,0.002486,74.125.24.0-255,1484,150225,70,213681
10264,0.002516,74.125.24.0-255,2902,153127,70,213681
10265,0.002518,172.31.40.0-255,66,153193,70,213681
10266,0.002544,74.125.24.0-255,2902,156095,70,213681
10267,0.002546,172.31.40.0-255,66,156161,70,213681
10268,0.002554,74.125.24.0-255,7156,163317,70,213681
10269,0.002556,172.31.40.0-255,66,163383,70,213681
10270,0.00262,74.125.24.0-255,8574,171957,70,213681
10271,0.002623,172.31.40.0-255,66,172023,70,213681
10272,0.002627,74.125.24.0-255,2902,174925,70,213681
10273,0.002629,172.31.40.0-255,66,174991,70,213681
10274,0.002635,74.125.24.0-255,4320,179311,70,213681
10275,0.002637,172.31.40.0-255,66,179377,70,213681
10276,0.00264,74.125.24.0-255,766,180143,70,213681
10277,0.004843,172.31.40.0-255,66,180209,70,213681
10278,0.005345,74.125.24.0-255,4320,184529,70,213681
10279,0.005351,172.31.40.0-255,66,184595,70,213681
10280,0.007531,74.125.24.0-255,1484,186079,70,213681
10281,0.008026,74.125.24.0-255,4320,190399,70,213681
10282,0.008029,172.31.40.0-255,66,190465,70,213681
10283,0.010727,74.125.24.0-255,5738,196203,70,213681
10284,0.010734,172.31.40.0-255,66,196269,70,213681
10285,0.013452,74.125.24.0-255,5738,202007,70,213681
10286,0.013463,172.31.40.0-255,66,202073,70,213681
10287,0.016143,74.125.24.0-255,5738,207811,70,213681
10288,0.016157,172.31.40.0-255,66,207877,70,213681
10289,0.018857,74.125.24.0-255,5738,213615,70,213681
10290,0.018863,172.31.40.0-255,66,213681,70,213681
10291,0.0,74.125.24.0-255,219,219,70,196316
10292,1.7e-05,172.31.40.0-255,66,285,70,196316
10293,2.4e-05,74.125.24.0-255,1484,1769,70,196316
10294,2.8e-05,172.31.40.0-255,66,1835,70,196316
10295,3.5e-05,74.125.24.0-255,4320,6155,70,196316
10296,3.8e-05,172.31.40.0-255,66,6221,70,196316
10297,6.7e-05,74.125.24.0-255,2902,9123,70,196316
10298,7e-05,172.31.40.0-255,66,9189,70,196316
10299,0.000111,74.125.24.0-255,8982,18171,70,196316
10300,0.000114,172.31.40.0-255,66,18237,70,196316
10301,0.000135,74.125.24.0-255,4320,22557,70,196316
10302,0.000138,172.31.40.0-255,66,22623,70,196316
10303,0.000149,74.125.24.0-255,2902,25525,70,196316
10304,0.000153,172.31.40.0-255,66,25591,70,196316
10305,0.000166,74.125.24.0-255,5379,30970,70,196316
10306,0.000168,172.31.40.0-255,66,31036,70,196316
10307,0.00025,74.125.24.0-255,1484,32520,70,196316
10308,0.000253,172.31.40.0-255,66,32586,70,196316
10309,0.000257,74.125.24.0-255,1484,34070,70,196316
10310,0.000259,172.31.40.0-255,66,34136,70,196316
10311,0.000274,74.125.24.0-255,1484,35620,70,196316
10312,0.000276,172.31.40.0-255,66,35686,70,196316
10313,0.000282,74.125.24.0-255,4320,40006,70,196316
10314,0.000284,172.31.40.0-255,66,40072,70,196316
10315,0.000311,74.125.24.0-255,1484,41556,70,196316
10316,0.000314,172.31.40.0-255,66,41622,70,196316
10317,0.000321,74.125.24.0-255,6797,48419,70,196316
10318,0.000323,172.31.40.0-255,66,48485,70,196316
10319,0.00047,74.125.24.0-255,1484,49969,70,196316
10320,0.000475,172.31.40.0-255,66,50035,70,196316
10321,0.000481,74.125.24.0-255,2902,52937,70,196316
10322,0.000484,172.31.40.0-255,66,53003,70,196316
10323,0.00049,74.125.24.0-255,5738,58741,70,196316
10324,0.000493,172.31.40.0-255,66,58807,70,196316
10325,0.000498,74.125.24.0-255,4320,63127,70,196316
10326,0.000501,172.31.40.0-255,66,63193,70,196316
10327,0.000525,74.125.24.0-255,2543,65736,70,196316
10328,0.000527,172.31.40.0-255,66,65802,70,196316
10329,0.000547,74.125.24.0-255,1484,67286,70,196316
10330,0.00056,74.125.24.0-255,4320,71606,70,196316
10331,0.000563,172.31.40.0-255,66,71672,70,196316
10332,0.00057,74.125.24.0-255,5738,77410,70,196316
10333,0.000572,172.31.40.0-255,66,77476,70,196316
10334,0.000582,74.125.24.0-255,1484,78960,70,196316
10335,0.000595,74.125.24.0-255,1484,80444,70,196316
10336,0.000597,172.31.40.0-255,66,80510,70,196316
10337,0.000613,74.125.24.0-255,2543,83053,70,196316
10338,0.000616,172.31.40.0-255,66,83119,70,196316
10339,0.000632,74.125.24.0-255,4320,87439,70,196316
10340,0.000635,172.31.40.0-255,66,87505,70,196316
10341,0.000639,74.125.24.0-255,2902,90407,70,196316
10342,0.000641,172.31.40.0-255,66,90473,70,196316
10343,0.000667,74.125.24.0-255,7156,97629,70,196316
10344,0.00067,172.31.40.0-255,66,97695,70,196316
10345,0.000674,74.125.24.0-255,2543,100238,70,196316
10346,0.000676,172.31.40.0-255,66,100304,70,196316
10347,0.000939,74.125.24.0-255,1484,101788,70,196316
10348,0.000969,74.125.24.0-255,2902,104690,70,196316
10349,0.000974,172.31.40.0-255,66,104756,70,196316
10350,0.000994,74.125.24.0-255,5738,110494,70,196316
10351,0.000997,172.31.40.0-255,66,110560,70,196316
10352,0.001002,74.125.24.0-255,4320,114880,70,196316
10353,0.001004,172.31.40.0-255,66,114946,70,196316
10354,0.001039,74.125.24.0-255,8574,123520,70,196316
10355,0.001042,172.31.40.0-255,66,123586,70,196316
10356,0.001048,74.125.24.0-255,4320,127906,70,196316
10357,0.00105,172.31.40.0-255,66,127972,70,196316
10358,0.001068,74.125.24.0-255,2902,130874,70,196316
10359,0.001071,172.31.40.0-255,66,130940,70,196316
10360,0.001077,74.125.24.0-255,3602,134542,70,196316
10361,0.001079,172.31.40.0-255,66,134608,70,196316
10362,0.002369,74.125.24.0-255,1484,136092,70,196316
10363,0.00238,74.125.24.0-255,2902,138994,70,196316
10364,0.002385,172.31.40.0-255,66,139060,70,196316
10365,0.002393,74.125.24.0-255,5738,144798,70,196316
10366,0.002396,172.31.40.0-255,66,144864,70,196316
10367,0.00244,172.31.40.0-255,66,144930,70,196316
10368,0.002451,74.125.24.0-255,10692,155622,70,196316
10369,0.002453,172.31.40.0-255,66,155688,70,196316
10370,0.004837,74.125.24.0-255,5738,161426,70,196316
10371,0.004844,172.31.40.0-255,66,161492,70,196316
10372,0.007228,74.125.24.0-255,5738,167230,70,196316
10373,0.007233,172.31.40.0-255,66,167296,70,196316
10374,0.009649,74.125.24.0-255,5738,173034,70,196316
10375,0.009655,172.31.40.0-255,66,173100,70,196316
10376,0.012108,74.125.24.0-255,5738,178838,70,196316
10377,0.012116,172.31.40.0-255,66,178904,70,196316
10378,0.014492,74.125.24.0-255,5738,184642,70,196316
10379,0.0145,172.31.40.0-255,66,184708,70,196316
10380,0.016887,74.125.24.0-255,5738,190446,70,196316
10381,0.016894,172.31.40.0-255,66,190512,70,196316
10382,0.019283,74.125.24.0-255,5738,196250,70,196316
10383,0.01929,172.31.40.0-255,66,196316,70,196316
10384,0.0,172.217.194.0-255,153,153,70,338827
10385,1.6e-05,172.31.40.0-255,66,219,70,338827
10386,2.2e-05,172.217.194.0-255,1484,1703,70,338827
10387,2.8e-05,172.31.40.0-255,66,1769,70,338827
10388,3.3e-05,172.217.194.0-255,2902,4671,70,338827
10389,3.7e-05,172.31.40.0-255,66,4737,70,338827
10390,4.4e-05,172.217.194.0-255,7156,11893,70,338827
10391,4.7e-05,172.31.40.0-255,66,11959,70,338827
10392,6.9e-05,172.217.194.0-255,2081,14040,70,338827
10393,7.2e-05,172.31.40.0-255,66,14106,70,338827
10394,0.000135,172.217.194.0-255,1484,15590,70,338827
10395,0.000139,172.31.40.0-255,66,15656,70,338827
10396,0.000145,172.217.194.0-255,2902,18558,70,338827
10397,0.000148,172.31.40.0-255,66,18624,70,338827
10398,0.000165,172.217.194.0-255,2902,21526,70,338827
10399,0.000168,172.31.40.0-255,66,21592,70,338827
10400,0.000192,172.217.194.0-255,2902,24494,70,338827
10401,0.000194,172.31.40.0-255,66,24560,70,338827
10402,0.000201,172.217.194.0-255,6797,31357,70,338827
10403,0.000204,172.31.40.0-255,66,31423,70,338827
10404,0.000223,172.217.194.0-255,7156,38579,70,338827
10405,0.000225,172.31.40.0-255,66,38645,70,338827
10406,0.000253,172.217.194.0-255,7156,45801,70,338827
10407,0.000255,172.31.40.0-255,66,45867,70,338827
10408,0.000275,172.217.194.0-255,2543,48410,70,338827
10409,0.000277,172.31.40.0-255,66,48476,70,338827
10410,0.00028,172.217.194.0-255,1484,49960,70,338827
10411,0.000282,172.31.40.0-255,66,50026,70,338827
10412,0.000297,172.217.194.0-255,1484,51510,70,338827
10413,0.0003,172.31.40.0-255,66,51576,70,338827
10414,0.000317,172.217.194.0-255,1484,53060,70,338827
10415,0.000319,172.31.40.0-255,66,53126,70,338827
10416,0.000338,172.217.194.0-255,4320,57446,70,338827
10417,0.000341,172.31.40.0-255,66,57512,70,338827
10418,0.000348,172.217.194.0-255,7156,64668,70,338827
10419,0.000351,172.31.40.0-255,66,64734,70,338827
10420,0.000353,172.217.194.0-255,1125,65859,70,338827
10421,0.000404,172.217.194.0-255,381,66240,70,338827
10422,0.000441,172.217.194.0-255,1484,67724,70,338827
10423,0.000445,172.31.40.0-255,66,67790,70,338827
10424,0.00045,172.217.194.0-255,1484,69274,70,338827
10425,0.000466,172.217.194.0-255,2902,72176,70,338827
10426,0.000469,172.31.40.0-255,66,72242,70,338827
10427,0.000477,172.217.194.0-255,8574,80816,70,338827
10428,0.00048,172.31.40.0-255,66,80882,70,338827
10429,0.000517,172.31.40.0-255,66,80948,70,338827
10430,0.000523,172.217.194.0-255,5316,86264,70,338827
10431,0.000526,172.31.40.0-255,66,86330,70,338827
10432,0.000619,172.217.194.0-255,1484,87814,70,338827
10433,0.000624,172.217.194.0-255,2902,90716,70,338827
10434,0.000627,172.31.40.0-255,66,90782,70,338827
10435,0.00063,172.217.194.0-255,1484,92266,70,338827
10436,0.000649,172.217.194.0-255,4320,96586,70,338827
10437,0.000652,172.31.40.0-255,66,96652,70,338827
10438,0.000656,172.217.194.0-255,2902,99554,70,338827
10439,0.000659,172.31.40.0-255,66,99620,70,338827
10440,0.000681,172.217.194.0-255,9992,109612,70,338827
10441,0.000684,172.31.40.0-255,66,109678,70,338827
10442,0.000689,172.217.194.0-255,4320,113998,70,338827
10443,0.000692,172.31.40.0-255,66,114064,70,338827
10444,0.000713,172.217.194.0-255,5889,119953,70,338827
10445,0.000716,172.31.40.0-255,66,120019,70,338827
10446,0.000778,172.217.194.0-255,1484,121503,70,338827
10447,0.000793,172.217.194.0-255,2902,124405,70,338827
10448,0.000796,172.31.40.0-255,66,124471,70,338827
10449,0.000801,172.217.194.0-255,2902,127373,70,338827
10450,0.000804,172.31.40.0-255,66,127439,70,338827
10451,0.000819,172.217.194.0-255,2902,130341,70,338827
10452,0.000821,172.31.40.0-255,66,130407,70,338827
10453,0.000826,172.217.194.0-255,4320,134727,70,338827
10454,0.000829,172.31.40.0-255,66,134793,70,338827
10455,0.000849,172.217.194.0-255,2902,137695,70,338827
10456,0.000851,172.31.40.0-255,66,137761,70,338827
10457,0.000865,172.31.40.0-255,66,137827,70,338827
10458,0.000883,172.217.194.0-255,2902,140729,70,338827
10459,0.000887,172.217.194.0-255,2184,142913,70,338827
10460,0.000891,172.31.40.0-255,66,142979,70,338827
10461,0.000899,172.31.40.0-255,66,143045,70,338827
10462,0.001178,172.217.194.0-255,1484,144529,70,338827
10463,0.001185,172.217.194.0-255,2902,147431,70,338827
10464,0.001189,172.31.40.0-255,66,147497,70,338827
10465,0.001192,172.217.194.0-255,1484,148981,70,338827
10466,0.001215,172.217.194.0-255,4320,153301,70,338827
10467,0.001218,172.31.40.0-255,66,153367,70,338827
10468,0.001224,172.217.194.0-255,5738,159105,70,338827
10469,0.001226,172.31.40.0-255,66,159171,70,338827
10470,0.001253,172.217.194.0-255,1125,160296,70,338827
10471,0.001474,172.217.194.0-255,1484,161780,70,338827
10472,0.001479,172.31.40.0-255,66,161846,70,338827
10473,0.001485,172.217.194.0-255,2902,164748,70,338827
10474,0.001487,172.31.40.0-255,66,164814,70,338827
10475,0.001491,172.217.194.0-255,2902,167716,70,338827
10476,0.001493,172.31.40.0-255,66,167782,70,338827
10477,0.001522,172.217.194.0-255,2902,170684,70,338827
10478,0.001525,172.31.40.0-255,66,170750,70,338827
10479,0.001534,172.217.194.0-255,8574,179324,70,338827
10480,0.001536,172.31.40.0-255,66,179390,70,338827
10481,0.00162,172.31.40.0-255,66,179456,70,338827
10482,0.00164,172.217.194.0-255,1484,180940,70,338827
10483,0.001655,172.217.194.0-255,2902,183842,70,338827
10484,0.001658,172.31.40.0-255,66,183908,70,338827
10485,0.001684,172.217.194.0-255,5738,189646,70,338827
10486,0.001687,172.31.40.0-255,66,189712,70,338827
10487,0.001696,172.217.194.0-255,9992,199704,70,338827
10488,0.001699,172.31.40.0-255,66,199770,70,338827
10489,0.001729,172.217.194.0-255,7156,206926,70,338827
10490,0.001733,172.31.40.0-255,66,206992,70,338827
10491,0.001763,172.217.194.0-255,6438,213430,70,338827
10492,0.001766,172.31.40.0-255,66,213496,70,338827
10493,0.001788,172.217.194.0-255,1484,214980,70,338827
10494,0.001793,172.217.194.0-255,2902,217882,70,338827
10495,0.001795,172.31.40.0-255,66,217948,70,338827
10496,0.001819,172.217.194.0-255,5738,223686,70,338827
10497,0.001822,172.31.40.0-255,66,223752,70,338827
10498,0.001824,172.217.194.0-255,1484,225236,70,338827
10499,0.001829,172.217.194.0-255,2902,228138,70,338827
10500,0.001832,172.31.40.0-255,66,228204,70,338827
10501,0.001834,172.217.194.0-255,1484,229688,70,338827
10502,0.00186,172.217.194.0-255,4320,234008,70,338827
10503,0.001863,172.31.40.0-255,66,234074,70,338827
10504,0.001888,172.217.194.0-255,8574,242648,70,338827
10505,0.001891,172.31.40.0-255,66,242714,70,338827
10506,0.001918,172.217.194.0-255,5020,247734,70,338827
10507,0.001921,172.31.40.0-255,66,247800,70,338827
10508,0.001984,172.217.194.0-255,1484,249284,70,338827
10509,0.001998,172.217.194.0-255,2902,252186,70,338827
10510,0.002001,172.31.40.0-255,66,252252,70,338827
10511,0.002009,172.217.194.0-255,5738,257990,70,338827
10512,0.002012,172.31.40.0-255,66,258056,70,338827
10513,0.002032,172.217.194.0-255,5738,263794,70,338827
10514,0.002035,172.31.40.0-255,66,263860,70,338827
10515,0.002059,172.217.194.0-255,7156,271016,70,338827
10516,0.002061,172.31.40.0-255,66,271082,70,338827
10517,0.002085,172.217.194.0-255,5738,276820,70,338827
10518,0.002088,172.31.40.0-255,66,276886,70,338827
10519,0.002094,172.217.194.0-255,5020,281906,70,338827
10520,0.002098,172.31.40.0-255,66,281972,70,338827
10521,0.002102,172.217.194.0-255,4320,286292,70,338827
10522,0.002105,172.31.40.0-255,66,286358,70,338827
10523,0.00213,172.217.194.0-255,1484,287842,70,338827
10524,0.002135,172.217.194.0-255,4320,292162,70,338827
10525,0.002138,172.31.40.0-255,66,292228,70,338827
10526,0.002473,172.31.40.0-255,101,292329,70,338827
10527,0.004243,172.217.194.0-255,5738,298067,70,338827
10528,0.004249,172.31.40.0-255,66,298133,70,338827
10529,0.004545,172.217.194.0-255,66,298199,70,338827
10530,0.006329,172.217.194.0-255,5738,303937,70,338827
10531,0.006336,172.31.40.0-255,66,304003,70,338827
10532,0.008421,172.217.194.0-255,5738,309741,70,338827
10533,0.008427,172.31.40.0-255,66,309807,70,338827
10534,0.010529,172.217.194.0-255,5738,315545,70,338827
10535,0.010536,172.31.40.0-255,66,315611,70,338827
10536,0.012646,172.217.194.0-255,5738,321349,70,338827
10537,0.012654,172.31.40.0-255,66,321415,70,338827
10538,0.014733,172.217.194.0-255,5738,327153,70,338827
10539,0.014741,172.31.40.0-255,66,327219,70,338827
10540,0.016825,172.217.194.0-255,5738,332957,70,338827
10541,0.016832,172.31.40.0-255,66,333023,70,338827
10542,0.018927,172.217.194.0-255,5738,338761,70,338827
10543,0.018935,172.31.40.0-255,66,338827,70,338827
10544,0.0,172.217.194.0-255,153,153,70,321005
10545,3.1e-05,172.31.40.0-255,66,219,70,321005
10546,3.8e-05,172.217.194.0-255,1484,1703,70,321005
10547,4.2e-05,172.31.40.0-255,66,1769,70,321005
10548,4.7e-05,172.217.194.0-255,2902,4671,70,321005
10549,5.1e-05,172.31.40.0-255,66,4737,70,321005
10550,5.8e-05,172.217.194.0-255,7156,11893,70,321005
10551,6e-05,172.31.40.0-255,66,11959,70,321005
10552,6.4e-05,172.217.194.0-255,2056,14015,70,321005
10553,6.7e-05,172.31.40.0-255,66,14081,70,321005
10554,8.9e-05,172.217.194.0-255,4320,18401,70,321005
10555,9.2e-05,172.31.40.0-255,66,18467,70,321005
10556,0.000119,172.217.194.0-255,7156,25623,70,321005
10557,0.000124,172.31.40.0-255,66,25689,70,321005
10558,0.000131,172.217.194.0-255,5738,31427,70,321005
10559,0.000133,172.31.40.0-255,66,31493,70,321005
10560,0.000148,172.217.194.0-255,1484,32977,70,321005
10561,0.00015,172.31.40.0-255,66,33043,70,321005
10562,0.000185,172.217.194.0-255,7156,40199,70,321005
10563,0.000189,172.31.40.0-255,66,40265,70,321005
10564,0.000197,172.217.194.0-255,7856,48121,70,321005
10565,0.0002,172.31.40.0-255,66,48187,70,321005
10566,0.000231,172.217.194.0-255,1484,49671,70,321005
10567,0.000234,172.31.40.0-255,66,49737,70,321005
10568,0.000238,172.217.194.0-255,2902,52639,70,321005
10569,0.00024,172.31.40.0-255,66,52705,70,321005
10570,0.000245,172.217.194.0-255,4320,57025,70,321005
10571,0.000248,172.31.40.0-255,66,57091,70,321005
10572,0.000267,172.217.194.0-255,1484,58575,70,321005
10573,0.000269,172.31.40.0-255,66,58641,70,321005
10574,0.000276,172.217.194.0-255,7086,65727,70,321005
10575,0.000279,172.31.40.0-255,66,65793,70,321005
10576,0.000282,172.217.194.0-255,99,65892,70,321005
10577,0.000383,172.217.194.0-255,1484,67376,70,321005
10578,0.000388,172.217.194.0-255,2902,70278,70,321005
10579,0.000388,172.31.40.0-255,66,70344,70,321005
10580,0.000393,172.31.40.0-255,66,70410,70,321005
10581,0.000431,172.217.194.0-255,5738,76148,70,321005
10582,0.000435,172.31.40.0-255,66,76214,70,321005
10583,0.00044,172.217.194.0-255,4320,80534,70,321005
10584,0.000443,172.31.40.0-255,66,80600,70,321005
10585,0.000463,172.217.194.0-255,3961,84561,70,321005
10586,0.000468,172.31.40.0-255,66,84627,70,321005
10587,0.000479,172.31.40.0-255,66,84693,70,321005
10588,0.000535,172.217.194.0-255,1484,86177,70,321005
10589,0.00054,172.217.194.0-255,2902,89079,70,321005
10590,0.000544,172.31.40.0-255,66,89145,70,321005
10591,0.000565,172.217.194.0-255,5738,94883,70,321005
10592,0.000569,172.31.40.0-255,66,94949,70,321005
10593,0.000571,172.217.194.0-255,1484,96433,70,321005
10594,0.000592,172.217.194.0-255,8574,105007,70,321005
10595,0.000596,172.31.40.0-255,66,105073,70,321005
10596,0.000629,172.217.194.0-255,4320,109393,70,321005
10597,0.000633,172.31.40.0-255,66,109459,70,321005
10598,0.000646,172.217.194.0-255,5738,115197,70,321005
10599,0.000649,172.31.40.0-255,66,115263,70,321005
10600,0.000665,172.217.194.0-255,3602,118865,70,321005
10601,0.000669,172.31.40.0-255,66,118931,70,321005
10602,0.00068,172.217.194.0-255,1484,120415,70,321005
10603,0.000685,172.217.194.0-255,2902,123317,70,321005
10604,0.000687,172.31.40.0-255,66,123383,70,321005
10605,0.000693,172.217.194.0-255,4320,127703,70,321005
10606,0.000695,172.31.40.0-255,66,127769,70,321005
10607,0.000714,172.217.194.0-255,1484,129253,70,321005
10608,0.000718,172.217.194.0-255,2902,132155,70,321005
10609,0.000721,172.31.40.0-255,66,132221,70,321005
10610,0.00075,172.217.194.0-255,9992,142213,70,321005
10611,0.000753,172.31.40.0-255,66,142279,70,321005
10612,0.000757,172.217.194.0-255,1484,143763,70,321005
10613,0.000771,172.217.194.0-255,1484,145247,70,321005
10614,0.000773,172.31.40.0-255,66,145313,70,321005
10615,0.000803,172.217.194.0-255,7856,153169,70,321005
10616,0.000807,172.31.40.0-255,66,153235,70,321005
10617,0.000845,172.217.194.0-255,1484,154719,70,321005
10618,0.000858,172.217.194.0-255,2902,157621,70,321005
10619,0.000861,172.31.40.0-255,66,157687,70,321005
10620,0.000884,172.217.194.0-255,1484,159171,70,321005
10621,0.000895,172.217.194.0-255,2902,162073,70,321005
10622,0.000898,172.31.40.0-255,66,162139,70,321005
10623,0.000916,172.217.194.0-255,1484,163623,70,321005
10624,0.000923,172.217.194.0-255,7156,170779,70,321005
10625,0.000925,172.31.40.0-255,66,170845,70,321005
10626,0.00093,172.217.194.0-255,5738,176583,70,321005
10627,0.000932,172.31.40.0-255,66,176649,70,321005
10628,0.00095,172.217.194.0-255,8574,185223,70,321005
10629,0.000953,172.31.40.0-255,66,185289,70,321005
10630,0.000957,172.217.194.0-255,2184,187473,70,321005
10631,0.00096,172.31.40.0-255,66,187539,70,321005
10632,0.000984,172.217.194.0-255,7156,194695,70,321005
10633,0.000987,172.31.40.0-255,66,194761,70,321005
10634,0.00101,172.217.194.0-255,7156,201917,70,321005
10635,0.001014,172.31.40.0-255,66,201983,70,321005
10636,0.001022,172.217.194.0-255,9992,211975,70,321005
10637,0.001026,172.31.40.0-255,66,212041,70,321005
10638,0.001048,172.217.194.0-255,5738,217779,70,321005
10639,0.001051,172.31.40.0-255,66,217845,70,321005
10640,0.001058,172.217.194.0-255,6438,224283,70,321005
10641,0.00106,172.31.40.0-255,66,224349,70,321005
10642,0.001139,172.31.40.0-255,66,224415,70,321005
10643,0.001157,172.217.194.0-255,8574,232989,70,321005
10644,0.001161,172.31.40.0-255,66,233055,70,321005
10645,0.001168,172.217.194.0-255,6438,239493,70,321005
10646,0.001171,172.31.40.0-255,66,239559,70,321005
10647,0.00119,172.217.194.0-255,1484,241043,70,321005
10648,0.001195,172.217.194.0-255,2902,243945,70,321005
10649,0.001198,172.31.40.0-255,66,244011,70,321005
10650,0.001215,172.217.194.0-255,5738,249749,70,321005
10651,0.001218,172.31.40.0-255,66,249815,70,321005
10652,0.001221,172.217.194.0-255,1484,251299,70,321005
10653,0.001252,172.217.194.0-255,9992,261291,70,321005
10654,0.001255,172.31.40.0-255,66,261357,70,321005
10655,0.001267,172.31.40.0-255,66,261423,70,321005
10656,0.001284,172.217.194.0-255,766,262189,70,321005
10657,0.001327,172.217.194.0-255,1484,263673,70,321005
10658,0.00133,172.31.40.0-255,66,263739,70,321005
10659,0.001335,172.217.194.0-255,2902,266641,70,321005
10660,0.001338,172.31.40.0-255,66,266707,70,321005
10661,0.001342,172.217.194.0-255,4320,271027,70,321005
10662,0.001347,172.31.40.0-255,66,271093,70,321005
10663,0.001362,172.217.194.0-255,1484,272577,70,321005
10664,0.001369,172.217.194.0-255,5738,278315,70,321005
10665,0.001372,172.31.40.0-255,66,278381,70,321005
10666,0.001403,172.217.194.0-255,7156,285537,70,321005
10667,0.001407,172.31.40.0-255,66,285603,70,321005
10668,0.001413,172.217.194.0-255,10692,296295,70,321005
10669,0.001415,172.31.40.0-255,66,296361,70,321005
10670,0.001432,172.217.194.0-255,1484,297845,70,321005
10671,0.001453,172.217.194.0-255,7156,305001,70,321005
10672,0.001457,172.31.40.0-255,66,305067,70,321005
10673,0.001466,172.217.194.0-255,9992,315059,70,321005
10674,0.001469,172.31.40.0-255,66,315125,70,321005
10675,0.001485,172.217.194.0-255,1484,316609,70,321005
10676,0.001526,172.31.40.0-255,66,316675,70,321005
10677,0.001544,172.31.40.0-255,66,316741,70,321005
10678,0.001548,172.217.194.0-255,3856,320597,70,321005
10679,0.001551,172.31.40.0-255,66,320663,70,321005
10680,0.001554,172.217.194.0-255,105,320768,70,321005
10681,0.003415,172.31.40.0-255,66,320834,70,321005
10682,0.003443,172.31.40.0-255,105,320939,70,321005
10683,0.005583,172.217.194.0-255,66,321005,70,321005
10684,0.0,74.125.68.0-255,155,155,70,215091
10685,2e-05,172.31.40.0-255,66,221,70,215091
10686,2.7e-05,74.125.68.0-255,1484,1705,70,215091
10687,3.2e-05,172.31.40.0-255,66,1771,70,215091
10688,3.8e-05,74.125.68.0-255,2902,4673,70,215091
10689,4.1e-05,172.31.40.0-255,66,4739,70,215091
10690,4.7e-05,74.125.68.0-255,5738,10477,70,215091
10691,5.1e-05,172.31.40.0-255,66,10543,70,215091
10692,5.4e-05,74.125.68.0-255,1484,12027,70,215091
10693,5.7e-05,172.31.40.0-255,66,12093,70,215091
10694,7.5e-05,74.125.68.0-255,2039,14132,70,215091
10695,7.7e-05,172.31.40.0-255,66,14198,70,215091
10696,8.3e-05,74.125.68.0-255,4320,18518,70,215091
10697,8.6e-05,172.31.40.0-255,66,18584,70,215091
10698,0.000101,74.125.68.0-255,4320,22904,70,215091
10699,0.000103,172.31.40.0-255,66,22970,70,215091
10700,0.000124,74.125.68.0-255,5738,28708,70,215091
10701,0.000127,172.31.40.0-255,66,28774,70,215091
10702,0.000131,74.125.68.0-255,2543,31317,70,215091
10703,0.000133,172.31.40.0-255,66,31383,70,215091
10704,0.000276,74.125.68.0-255,1484,32867,70,215091
10705,0.000281,172.31.40.0-255,66,32933,70,215091
10706,0.000301,74.125.68.0-255,2902,35835,70,215091
10707,0.000304,172.31.40.0-255,66,35901,70,215091
10708,0.000328,74.125.68.0-255,5738,41639,70,215091
10709,0.000331,172.31.40.0-255,66,41705,70,215091
10710,0.000352,74.125.68.0-255,6797,48502,70,215091
10711,0.000355,172.31.40.0-255,66,48568,70,215091
10712,0.000384,74.125.68.0-255,4320,52888,70,215091
10713,0.000386,172.31.40.0-255,66,52954,70,215091
10714,0.000392,74.125.68.0-255,5738,58692,70,215091
10715,0.000395,172.31.40.0-255,66,58758,70,215091
10716,0.000431,74.125.68.0-255,5738,64496,70,215091
10717,0.000434,172.31.40.0-255,66,64562,70,215091
10718,0.000452,74.125.68.0-255,1435,65997,70,215091
10719,0.000456,74.125.68.0-255,112,66109,70,215091
10720,0.000595,74.125.68.0-255,330,66439,70,215091
10721,0.0006,172.31.40.0-255,66,66505,70,215091
10722,0.000744,74.125.68.0-255,1484,67989,70,215091
10723,0.000758,74.125.68.0-255,2902,70891,70,215091
10724,0.000761,172.31.40.0-255,66,70957,70,215091
10725,0.000778,74.125.68.0-255,1484,72441,70,215091
10726,0.000799,74.125.68.0-255,2902,75343,70,215091
10727,0.000802,172.31.40.0-255,66,75409,70,215091
10728,0.000805,74.125.68.0-255,1484,76893,70,215091
10729,0.000826,74.125.68.0-255,4320,81213,70,215091
10730,0.000829,172.31.40.0-255,66,81279,70,215091
10731,0.000834,74.125.68.0-255,2543,83822,70,215091
10732,0.000835,172.31.40.0-255,66,83888,70,215091
10733,0.000873,74.125.68.0-255,1484,85372,70,215091
10734,0.000888,74.125.68.0-255,2902,88274,70,215091
10735,0.00089,172.31.40.0-255,66,88340,70,215091
10736,0.000894,74.125.68.0-255,1484,89824,70,215091
10737,0.000907,74.125.68.0-255,4320,94144,70,215091
10738,0.000912,172.31.40.0-255,66,94210,70,215091
10739,0.000933,74.125.68.0-255,6797,101007,70,215091
10740,0.000936,172.31.40.0-255,66,101073,70,215091
10741,0.001237,74.125.68.0-255,1484,102557,70,215091
10742,0.00124,74.125.68.0-255,1484,104041,70,215091
10743,0.00125,172.31.40.0-255,66,104107,70,215091
10744,0.001254,74.125.68.0-255,1484,105591,70,215091
10745,0.001259,74.125.68.0-255,2902,108493,70,215091
10746,0.001261,172.31.40.0-255,66,108559,70,215091
10747,0.00128,74.125.68.0-255,2902,111461,70,215091
10748,0.001283,172.31.40.0-255,66,111527,70,215091
10749,0.001286,74.125.68.0-255,1484,113011,70,215091
10750,0.00129,74.125.68.0-255,2902,115913,70,215091
10751,0.001292,172.31.40.0-255,66,115979,70,215091
10752,0.001322,74.125.68.0-255,5738,121717,70,215091
10753,0.001325,172.31.40.0-255,66,121783,70,215091
10754,0.001328,74.125.68.0-255,1484,123267,70,215091
10755,0.001356,74.125.68.0-255,8574,131841,70,215091
10756,0.001359,172.31.40.0-255,66,131907,70,215091
10757,0.001377,74.125.68.0-255,1484,133391,70,215091
10758,0.001392,74.125.68.0-255,2184,135575,70,215091
10759,0.001395,172.31.40.0-255,66,135641,70,215091
10760,0.001944,74.125.68.0-255,1484,137125,70,215091
10761,0.001953,74.125.68.0-255,2902,140027,70,215091
10762,0.001958,172.31.40.0-255,66,140093,70,215091
10763,0.001981,74.125.68.0-255,5738,145831,70,215091
10764,0.001983,172.31.40.0-255,66,145897,70,215091
10765,0.001988,74.125.68.0-255,2902,148799,70,215091
10766,0.00199,172.31.40.0-255,66,148865,70,215091
10767,0.002019,74.125.68.0-255,2902,151767,70,215091
10768,0.002022,172.31.40.0-255,66,151833,70,215091
10769,0.00203,74.125.68.0-255,7156,158989,70,215091
10770,0.002031,172.31.40.0-255,66,159055,70,215091
10771,0.002046,74.125.68.0-255,4320,163375,70,215091
10772,0.002049,172.31.40.0-255,66,163441,70,215091
10773,0.002074,74.125.68.0-255,6438,169879,70,215091
10774,0.002077,172.31.40.0-255,66,169945,70,215091
10775,0.002289,74.125.68.0-255,1484,171429,70,215091
10776,0.002297,74.125.68.0-255,2902,174331,70,215091
10777,0.0023,172.31.40.0-255,66,174397,70,215091
10778,0.002304,74.125.68.0-255,1484,175881,70,215091
10779,0.004607,74.125.68.0-255,4320,180201,70,215091
10780,0.004614,172.31.40.0-255,66,180267,70,215091
10781,0.006912,74.125.68.0-255,5738,186005,70,215091
10782,0.00692,172.31.40.0-255,66,186071,70,215091
10783,0.009223,74.125.68.0-255,5738,191809,70,215091
10784,0.00923,172.31.40.0-255,66,191875,70,215091
10785,0.011542,74.125.68.0-255,5738,197613,70,215091
10786,0.011552,172.31.40.0-255,66,197679,70,215091
10787,0.013858,74.125.68.0-255,5738,203417,70,215091
10788,0.013867,172.31.40.0-255,66,203483,70,215091
10789,0.016177,74.125.68.0-255,5738,209221,70,215091
10790,0.016184,172.31.40.0-255,66,209287,70,215091
10791,0.018518,74.125.68.0-255,5738,215025,70,215091
10792,0.018527,172.31.40.0-255,66,215091,70,215091
10793,0.0,74.125.200.0-255,152,152,70,216499
10794,2.3e-05,172.31.40.0-255,66,218,70,216499
10795,3.1e-05,74.125.200.0-255,1484,1702,70,216499
10796,3.6e-05,172.31.40.0-255,66,1768,70,216499
10797,4.9e-05,74.125.200.0-255,2902,4670,70,216499
10798,5.2e-05,172.31.40.0-255,66,4736,70,216499
10799,5.9e-05,74.125.200.0-255,5738,10474,70,216499
10800,6.1e-05,172.31.40.0-255,66,10540,70,216499
10801,8.4e-05,74.125.200.0-255,1484,12024,70,216499
10802,8.7e-05,172.31.40.0-255,66,12090,70,216499
10803,9.6e-05,74.125.200.0-255,2128,14218,70,216499
10804,9.8e-05,172.31.40.0-255,66,14284,70,216499
10805,0.000224,74.125.200.0-255,1484,15768,70,216499
10806,0.000229,172.31.40.0-255,66,15834,70,216499
10807,0.000234,74.125.200.0-255,2902,18736,70,216499
10808,0.000236,172.31.40.0-255,66,18802,70,216499
10809,0.000239,74.125.200.0-255,1484,20286,70,216499
10810,0.000246,172.31.40.0-255,66,20352,70,216499
10811,0.000279,74.125.200.0-255,4320,24672,70,216499
10812,0.000282,172.31.40.0-255,66,24738,70,216499
10813,0.000289,74.125.200.0-255,6797,31535,70,216499
10814,0.000291,172.31.40.0-255,66,31601,70,216499
10815,0.000461,74.125.200.0-255,1484,33085,70,216499
10816,0.000465,172.31.40.0-255,66,33151,70,216499
10817,0.00047,74.125.200.0-255,1484,34635,70,216499
10818,0.000471,172.31.40.0-255,66,34701,70,216499
10819,0.000474,74.125.200.0-255,1484,36185,70,216499
10820,0.000476,172.31.40.0-255,66,36251,70,216499
10821,0.00049,74.125.200.0-255,1484,37735,70,216499
10822,0.000493,172.31.40.0-255,66,37801,70,216499
10823,0.000496,74.125.200.0-255,1484,39285,70,216499
10824,0.000497,172.31.40.0-255,66,39351,70,216499
10825,0.000534,74.125.200.0-255,4320,43671,70,216499
10826,0.000542,74.125.200.0-255,5379,49050,70,216499
10827,0.000549,74.125.200.0-255,5738,54788,70,216499
10828,0.000578,74.125.200.0-255,7156,61944,70,216499
10829,0.000583,172.31.40.0-255,66,62010,70,216499
10830,0.000601,74.125.200.0-255,4268,66278,70,216499
10831,0.000616,172.31.40.0-255,66,66344,70,216499
10832,0.0007,74.125.200.0-255,119,66463,70,216499
10833,0.000849,74.125.200.0-255,1484,67947,70,216499
10834,0.000853,172.31.40.0-255,66,68013,70,216499
10835,0.000856,74.125.200.0-255,1484,69497,70,216499
10836,0.000879,74.125.200.0-255,1484,70981,70,216499
10837,0.000885,74.125.200.0-255,4320,75301,70,216499
10838,0.000887,74.125.200.0-255,1484,76785,70,216499
10839,0.000905,74.125.200.0-255,4320,81105,70,216499
10840,0.000913,172.31.40.0-255,66,81171,70,216499
10841,0.000925,74.125.200.0-255,4320,85491,70,216499
10842,0.000956,74.125.200.0-255,8215,93706,70,216499
10843,0.000978,172.31.40.0-255,66,93772,70,216499
10844,0.001007,74.125.200.0-255,6797,100569,70,216499
10845,0.001016,172.31.40.0-255,66,100635,70,216499
10846,0.001604,74.125.200.0-255,1484,102119,70,216499
10847,0.001626,74.125.200.0-255,2902,105021,70,216499
10848,0.001631,172.31.40.0-255,66,105087,70,216499
10849,0.001636,74.125.200.0-255,2902,107989,70,216499
10850,0.001657,74.125.200.0-255,1484,109473,70,216499
10851,0.001665,74.125.200.0-255,5738,115211,70,216499
10852,0.001677,74.125.200.0-255,2902,118113,70,216499
10853,0.001696,74.125.200.0-255,8574,126687,70,216499
10854,0.001702,74.125.200.0-255,5738,132425,70,216499
10855,0.001759,74.125.200.0-255,2184,134609,70,216499
10856,0.001808,74.125.200.0-255,1484,136093,70,216499
10857,0.001813,74.125.200.0-255,2902,138995,70,216499
10858,0.001849,74.125.200.0-255,1484,140479,70,216499
10859,0.001863,74.125.200.0-255,2902,143381,70,216499
10860,0.001884,74.125.200.0-255,5738,149119,70,216499
10861,0.001899,74.125.200.0-255,1484,150603,70,216499
10862,0.001929,74.125.200.0-255,2902,153505,70,216499
10863,0.001948,74.125.200.0-255,4320,157825,70,216499
10864,0.001964,74.125.200.0-255,1484,159309,70,216499
10865,0.001992,74.125.200.0-255,2902,162211,70,216499
10866,0.002008,74.125.200.0-255,4320,166531,70,216499
10867,0.00206,74.125.200.0-255,2184,168715,70,216499
10868,0.002277,74.125.200.0-255,1484,170199,70,216499
10869,0.002285,74.125.200.0-255,2902,173101,70,216499
10870,0.002312,74.125.200.0-255,5738,178839,70,216499
10871,0.002316,74.125.200.0-255,1484,180323,70,216499
10872,0.002336,74.125.200.0-255,5738,186061,70,216499
10873,0.002356,74.125.200.0-255,7156,193217,70,216499
10874,0.007712,172.31.40.0-255,66,193283,70,216499
10875,0.010048,74.125.200.0-255,5738,199021,70,216499
10876,0.010056,172.31.40.0-255,66,199087,70,216499
10877,0.012393,74.125.200.0-255,5738,204825,70,216499
10878,0.013327,172.31.40.0-255,66,204891,70,216499
10879,0.015661,74.125.200.0-255,5738,210629,70,216499
10880,0.01567,172.31.40.0-255,66,210695,70,216499
10881,0.017996,74.125.200.0-255,5738,216433,70,216499
10882,0.018003,172.31.40.0-255,66,216499,70,216499
10883,0.0,74.125.24.0-255,150,150,70,319776
10884,2.1e-05,172.31.40.0-255,66,216,70,319776
10885,2.8e-05,74.125.24.0-255,1484,1700,70,319776
10886,3.3e-05,172.31.40.0-255,66,1766,70,319776
10887,3.9e-05,74.125.24.0-255,2902,4668,70,319776
10888,4.2e-05,172.31.40.0-255,66,4734,70,319776
10889,5e-05,74.125.24.0-255,7156,11890,70,319776
10890,5.3e-05,172.31.40.0-255,66,11956,70,319776
10891,6.1e-05,74.125.24.0-255,5738,17694,70,319776
10892,6.3e-05,172.31.40.0-255,66,17760,70,319776
10893,8.8e-05,74.125.24.0-255,2139,19899,70,319776
10894,9.2e-05,172.31.40.0-255,66,19965,70,319776
10895,0.0001,74.125.24.0-255,8574,28539,70,319776
10896,0.000103,172.31.40.0-255,66,28605,70,319776
10897,0.000117,172.31.40.0-255,66,28671,70,319776
10898,0.000139,74.125.24.0-255,5738,34409,70,319776
10899,0.000141,172.31.40.0-255,66,34475,70,319776
10900,0.000145,74.125.24.0-255,766,35241,70,319776
10901,0.000147,172.31.40.0-255,66,35307,70,319776
10902,0.000248,74.125.24.0-255,1484,36791,70,319776
10903,0.000252,172.31.40.0-255,66,36857,70,319776
10904,0.000256,74.125.24.0-255,1484,38341,70,319776
10905,0.000259,172.31.40.0-255,66,38407,70,319776
10906,0.000277,74.125.24.0-255,1484,39891,70,319776
10907,0.000279,172.31.40.0-255,66,39957,70,319776
10908,0.000285,74.125.24.0-255,5738,45695,70,319776
10909,0.000288,172.31.40.0-255,66,45761,70,319776
10910,0.000307,74.125.24.0-255,1484,47245,70,319776
10911,0.000309,172.31.40.0-255,66,47311,70,319776
10912,0.000324,74.125.24.0-255,5716,53027,70,319776
10913,0.000327,172.31.40.0-255,66,53093,70,319776
10914,0.00054,74.125.24.0-255,1484,54577,70,319776
10915,0.000569,74.125.24.0-255,2902,57479,70,319776
10916,0.000573,172.31.40.0-255,66,57545,70,319776
10917,0.000579,74.125.24.0-255,4320,61865,70,319776
10918,0.000581,172.31.40.0-255,66,61931,70,319776
10919,0.000588,74.125.24.0-255,5738,67669,70,319776
10920,0.00059,172.31.40.0-255,66,67735,70,319776
10921,0.000596,74.125.24.0-255,5738,73473,70,319776
10922,0.000599,172.31.40.0-255,66,73539,70,319776
10923,0.000638,74.125.24.0-255,5738,79277,70,319776
10924,0.000642,172.31.40.0-255,66,79343,70,319776
10925,0.000651,74.125.24.0-255,7856,87199,70,319776
10926,0.000653,172.31.40.0-255,66,87265,70,319776
10927,0.000679,74.125.24.0-255,2902,90167,70,319776
10928,0.000682,172.31.40.0-255,66,90233,70,319776
10929,0.000687,74.125.24.0-255,4320,94553,70,319776
10930,0.000689,172.31.40.0-255,66,94619,70,319776
10931,0.000719,74.125.24.0-255,8574,103193,70,319776
10932,0.000722,172.31.40.0-255,66,103259,70,319776
10933,0.000777,172.31.40.0-255,66,103325,70,319776
10934,0.000822,172.31.40.0-255,66,103391,70,319776
10935,0.000845,74.125.24.0-255,5738,109129,70,319776
10936,0.000848,172.31.40.0-255,66,109195,70,319776
10937,0.000857,74.125.24.0-255,9992,119187,70,319776
10938,0.00086,172.31.40.0-255,66,119253,70,319776
10939,0.000866,74.125.24.0-255,5020,124273,70,319776
10940,0.000868,172.31.40.0-255,66,124339,70,319776
10941,0.001245,74.125.24.0-255,1484,125823,70,319776
10942,0.001251,74.125.24.0-255,1484,127307,70,319776
10943,0.001254,172.31.40.0-255,66,127373,70,319776
10944,0.001272,74.125.24.0-255,1484,128857,70,319776
10945,0.001279,74.125.24.0-255,5738,134595,70,319776
10946,0.001281,172.31.40.0-255,66,134661,70,319776
10947,0.001286,74.125.24.0-255,4320,138981,70,319776
10948,0.001288,172.31.40.0-255,66,139047,70,319776
10949,0.00132,172.31.40.0-255,66,139113,70,319776
10950,0.001325,74.125.24.0-255,2902,142015,70,319776
10951,0.001327,172.31.40.0-255,66,142081,70,319776
10952,0.001343,74.125.24.0-255,5020,147101,70,319776
10953,0.001345,172.31.40.0-255,66,147167,70,319776
10954,0.001376,74.125.24.0-255,2902,150069,70,319776
10955,0.001379,172.31.40.0-255,66,150135,70,319776
10956,0.00139,74.125.24.0-255,1484,151619,70,319776
10957,0.001397,74.125.24.0-255,5738,157357,70,319776
10958,0.001399,172.31.40.0-255,66,157423,70,319776
10959,0.001436,172.31.40.0-255,66,157489,70,319776
10960,0.001458,74.125.24.0-255,4320,161809,70,319776
10961,0.001462,172.31.40.0-255,66,161875,70,319776
10962,0.001471,74.125.24.0-255,4320,166195,70,319776
10963,0.001473,172.31.40.0-255,66,166261,70,319776
10964,0.001487,74.125.24.0-255,3602,169863,70,319776
10965,0.00149,172.31.40.0-255,66,169929,70,319776
10966,0.00153,74.125.24.0-255,1484,171413,70,319776
10967,0.001534,74.125.24.0-255,1484,172897,70,319776
10968,0.001537,172.31.40.0-255,66,172963,70,319776
10969,0.001549,74.125.24.0-255,1484,174447,70,319776
10970,0.001554,74.125.24.0-255,4320,178767,70,319776
10971,0.001556,172.31.40.0-255,66,178833,70,319776
10972,0.001584,74.125.24.0-255,1484,180317,70,319776
10973,0.00159,74.125.24.0-255,5738,186055,70,319776
10974,0.001593,172.31.40.0-255,66,186121,70,319776
10975,0.001603,74.125.24.0-255,7156,193277,70,319776
10976,0.001605,172.31.40.0-255,66,193343,70,319776
10977,0.001614,74.125.24.0-255,10692,204035,70,319776
10978,0.001616,172.31.40.0-255,66,204101,70,319776
10979,0.001681,74.125.24.0-255,1484,205585,70,319776
10980,0.001694,74.125.24.0-255,2902,208487,70,319776
10981,0.001696,172.31.40.0-255,66,208553,70,319776
10982,0.001716,74.125.24.0-255,2902,211455,70,319776
10983,0.001718,172.31.40.0-255,66,211521,70,319776
10984,0.001733,74.125.24.0-255,2902,214423,70,319776
10985,0.001735,172.31.40.0-255,66,214489,70,319776
10986,0.001741,74.125.24.0-255,5738,220227,70,319776
10987,0.001743,172.31.40.0-255,66,220293,70,319776
10988,0.001769,74.125.24.0-255,5738,226031,70,319776
10989,0.001772,172.31.40.0-255,66,226097,70,319776
10990,0.001792,74.125.24.0-255,8574,234671,70,319776
10991,0.001795,172.31.40.0-255,66,234737,70,319776
10992,0.001815,74.125.24.0-255,3602,238339,70,319776
10993,0.001818,172.31.40.0-255,66,238405,70,319776
10994,0.001974,74.125.24.0-255,1484,239889,70,319776
10995,0.00198,74.125.24.0-255,2902,242791,70,319776
10996,0.001983,172.31.40.0-255,66,242857,70,319776
10997,0.002006,74.125.24.0-255,5738,248595,70,319776
10998,0.002009,172.31.40.0-255,66,248661,70,319776
10999,0.002041,172.31.40.0-255,66,248727,70,319776
11000,0.002078,74.125.24.0-255,7156,255883,70,319776
11001,0.00208,172.31.40.0-255,66,255949,70,319776
11002,0.002101,74.125.24.0-255,3602,259551,70,319776
11003,0.002104,172.31.40.0-255,66,259617,70,319776
11004,0.00221,74.125.24.0-255,1484,261101,70,319776
11005,0.002223,74.125.24.0-255,2902,264003,70,319776
11006,0.002226,172.31.40.0-255,66,264069,70,319776
11007,0.002233,74.125.24.0-255,4320,268389,70,319776
11008,0.002235,172.31.40.0-255,66,268455,70,319776
11009,0.002251,74.125.24.0-255,1484,269939,70,319776
11010,0.002257,74.125.24.0-255,4320,274259,70,319776
11011,0.00226,172.31.40.0-255,66,274325,70,319776
11012,0.002266,74.125.24.0-255,4320,278645,70,319776
11013,0.002268,172.31.40.0-255,66,278711,70,319776
11014,0.002295,74.125.24.0-255,7156,285867,70,319776
11015,0.002298,172.31.40.0-255,66,285933,70,319776
11016,0.002308,74.125.24.0-255,10692,296625,70,319776
11017,0.00231,172.31.40.0-255,66,296691,70,319776
11018,0.002319,74.125.24.0-255,8574,305265,70,319776
11019,0.002321,172.31.40.0-255,66,305331,70,319776
11020,0.002341,74.125.24.0-255,2902,308233,70,319776
11021,0.002347,74.125.24.0-255,5738,313971,70,319776
11022,0.002351,172.31.40.0-255,66,314037,70,319776
11023,0.002355,172.31.40.0-255,66,314103,70,319776
11024,0.002366,74.125.24.0-255,5265,319368,70,319776
11025,0.002369,172.31.40.0-255,66,319434,70,319776
11026,0.004655,74.125.24.0-255,105,319539,70,319776
11027,0.011994,172.31.40.0-255,66,319605,70,319776
11028,0.012055,172.31.40.0-255,105,319710,70,319776
11029,0.014351,74.125.24.0-255,66,319776,70,319776
11030,0.0,74.125.68.0-255,297,297,70,343390
11031,2.8e-05,172.31.40.0-255,66,363,70,343390
11032,3.4e-05,74.125.68.0-255,1484,1847,70,343390
11033,3.8e-05,172.31.40.0-255,66,1913,70,343390
11034,4.3e-05,74.125.68.0-255,2902,4815,70,343390
11035,4.6e-05,172.31.40.0-255,66,4881,70,343390
11036,5.9e-05,74.125.68.0-255,5738,10619,70,343390
11037,6.2e-05,172.31.40.0-255,66,10685,70,343390
11038,6.7e-05,74.125.68.0-255,3213,13898,70,343390
11039,7e-05,172.31.40.0-255,66,13964,70,343390
11040,0.000106,74.125.68.0-255,4320,18284,70,343390
11041,0.000109,172.31.40.0-255,66,18350,70,343390
11042,0.000129,74.125.68.0-255,4320,22670,70,343390
11043,0.000133,172.31.40.0-255,66,22736,70,343390
11044,0.000146,74.125.68.0-255,4320,27056,70,343390
11045,0.000153,172.31.40.0-255,66,27122,70,343390
11046,0.000171,74.125.68.0-255,1484,28606,70,343390
11047,0.000176,172.31.40.0-255,66,28672,70,343390
11048,0.000182,74.125.68.0-255,2543,31215,70,343390
11049,0.000184,172.31.40.0-255,66,31281,70,343390
11050,0.000284,74.125.68.0-255,1484,32765,70,343390
11051,0.000289,172.31.40.0-255,66,32831,70,343390
11052,0.000294,74.125.68.0-255,2902,35733,70,343390
11053,0.000296,172.31.40.0-255,66,35799,70,343390
11054,0.000315,74.125.68.0-255,1484,37283,70,343390
11055,0.000318,172.31.40.0-255,66,37349,70,343390
11056,0.000341,74.125.68.0-255,4320,41669,70,343390
11057,0.000344,172.31.40.0-255,66,41735,70,343390
11058,0.000356,74.125.68.0-255,7156,48891,70,343390
11059,0.00036,172.31.40.0-255,66,48957,70,343390
11060,0.00039,74.125.68.0-255,4320,53277,70,343390
11061,0.000393,172.31.40.0-255,66,53343,70,343390
11062,0.000426,74.125.68.0-255,9992,63335,70,343390
11063,0.000431,172.31.40.0-255,66,63401,70,343390
11064,0.000461,74.125.68.0-255,2560,65961,70,343390
11065,0.000464,172.31.40.0-255,66,66027,70,343390
11066,0.000529,74.125.68.0-255,1484,67511,70,343390
11067,0.000535,74.125.68.0-255,2902,70413,70,343390
11068,0.000538,172.31.40.0-255,66,70479,70,343390
11069,0.000544,74.125.68.0-255,5738,76217,70,343390
11070,0.000546,172.31.40.0-255,66,76283,70,343390
11071,0.000577,74.125.68.0-255,5738,82021,70,343390
11072,0.00058,172.31.40.0-255,66,82087,70,343390
11073,0.000607,74.125.68.0-255,4320,86407,70,343390
11074,0.00061,172.31.40.0-255,66,86473,70,343390
11075,0.000623,172.31.40.0-255,66,86539,70,343390
11076,0.000627,74.125.68.0-255,2184,88723,70,343390
11077,0.000631,172.31.40.0-255,66,88789,70,343390
11078,0.000684,74.125.68.0-255,1484,90273,70,343390
11079,0.000689,74.125.68.0-255,2902,93175,70,343390
11080,0.000692,172.31.40.0-255,66,93241,70,343390
11081,0.00072,74.125.68.0-255,5738,98979,70,343390
11082,0.000723,172.31.40.0-255,66,99045,70,343390
11083,0.000737,74.125.68.0-255,2902,101947,70,343390
11084,0.00074,172.31.40.0-255,66,102013,70,343390
11085,0.000746,74.125.68.0-255,4320,106333,70,343390
11086,0.000749,172.31.40.0-255,66,106399,70,343390
11087,0.000752,74.125.68.0-255,1484,107883,70,343390
11088,0.000785,74.125.68.0-255,7156,115039,70,343390
11089,0.000789,172.31.40.0-255,66,115105,70,343390
11090,0.000796,74.125.68.0-255,7156,122261,70,343390
11091,0.000799,172.31.40.0-255,66,122327,70,343390
11092,0.000827,74.125.68.0-255,766,123093,70,343390
11093,0.000853,74.125.68.0-255,1484,124577,70,343390
11094,0.000857,172.31.40.0-255,66,124643,70,343390
11095,0.000886,74.125.68.0-255,1484,126127,70,343390
11096,0.000891,74.125.68.0-255,2902,129029,70,343390
11097,0.000894,172.31.40.0-255,66,129095,70,343390
11098,0.000898,74.125.68.0-255,2902,131997,70,343390
11099,0.000902,172.31.40.0-255,66,132063,70,343390
11100,0.000924,74.125.68.0-255,2902,134965,70,343390
11101,0.000927,172.31.40.0-255,66,135031,70,343390
11102,0.000937,74.125.68.0-255,2902,137933,70,343390
11103,0.000939,172.31.40.0-255,66,137999,70,343390
11104,0.000977,74.125.68.0-255,7156,145155,70,343390
11105,0.00098,172.31.40.0-255,66,145221,70,343390
11106,0.000992,172.31.40.0-255,66,145287,70,343390
11107,0.000995,74.125.68.0-255,766,146053,70,343390
11108,0.001021,74.125.68.0-255,1484,147537,70,343390
11109,0.001024,172.31.40.0-255,66,147603,70,343390
11110,0.001051,74.125.68.0-255,2902,150505,70,343390
11111,0.001054,172.31.40.0-255,66,150571,70,343390
11112,0.00106,74.125.68.0-255,5738,156309,70,343390
11113,0.001062,172.31.40.0-255,66,156375,70,343390
11114,0.001065,74.125.68.0-255,1484,157859,70,343390
11115,0.001098,74.125.68.0-255,4019,161878,70,343390
11116,0.001104,172.31.40.0-255,66,161944,70,343390
11117,0.00111,74.125.68.0-255,5738,167682,70,343390
11118,0.001112,172.31.40.0-255,66,167748,70,343390
11119,0.001174,74.125.68.0-255,9992,177740,70,343390
11120,0.001181,172.31.40.0-255,66,177806,70,343390
11121,0.001198,74.125.68.0-255,6438,184244,70,343390
11122,0.001197,172.31.40.0-255,66,184310,70,343390
11123,0.001204,172.31.40.0-255,66,184376,70,343390
11124,0.001346,74.125.68.0-255,1484,185860,70,343390
11125,0.001352,74.125.68.0-255,2902,188762,70,343390
11126,0.001354,74.125.68.0-255,1484,190246,70,343390
11127,0.001361,172.31.40.0-255,66,190312,70,343390
11128,0.001374,74.125.68.0-255,4320,194632,70,343390
11129,0.001378,172.31.40.0-255,66,194698,70,343390
11130,0.001387,74.125.68.0-255,8574,203272,70,343390
11131,0.001389,172.31.40.0-255,66,203338,70,343390
11132,0.001414,74.125.68.0-255,1484,204822,70,343390
11133,0.001438,74.125.68.0-255,2184,207006,70,343390
11134,0.00144,172.31.40.0-255,66,207072,70,343390
11135,0.001445,172.31.40.0-255,66,207138,70,343390
11136,0.001477,74.125.68.0-255,1484,208622,70,343390
11137,0.001489,74.125.68.0-255,2902,211524,70,343390
11138,0.001495,172.31.40.0-255,66,211590,70,343390
11139,0.001523,74.125.68.0-255,5738,217328,70,343390
11140,0.001527,74.125.68.0-255,2902,220230,70,343390
11141,0.001536,172.31.40.0-255,66,220296,70,343390
11142,0.001544,74.125.68.0-255,5738,226034,70,343390
11143,0.001552,172.31.40.0-255,66,226100,70,343390
11144,0.001584,74.125.68.0-255,9992,236092,70,343390
11145,0.001588,172.31.40.0-255,66,236158,70,343390
11146,0.001591,74.125.68.0-255,1484,237642,70,343390
11147,0.001613,74.125.68.0-255,3602,241244,70,343390
11148,0.00162,172.31.40.0-255,66,241310,70,343390
11149,0.001673,74.125.68.0-255,1484,242794,70,343390
11150,0.001688,74.125.68.0-255,2902,245696,70,343390
11151,0.001692,172.31.40.0-255,66,245762,70,343390
11152,0.00172,74.125.68.0-255,5738,251500,70,343390
11153,0.001733,172.31.40.0-255,66,251566,70,343390
11154,0.001736,74.125.68.0-255,1484,253050,70,343390
11155,0.001759,74.125.68.0-255,8574,261624,70,343390
11156,0.001769,172.31.40.0-255,66,261690,70,343390
11157,0.001773,74.125.68.0-255,1484,263174,70,343390
11158,0.001779,74.125.68.0-255,5738,268912,70,343390
11159,0.001783,172.31.40.0-255,66,268978,70,343390
11160,0.001803,74.125.68.0-255,6438,275416,70,343390
11161,0.001809,172.31.40.0-255,66,275482,70,343390
11162,0.001908,74.125.68.0-255,1484,276966,70,343390
11163,0.001926,74.125.68.0-255,2902,279868,70,343390
11164,0.001929,172.31.40.0-255,66,279934,70,343390
11165,0.00194,74.125.68.0-255,2902,282836,70,343390
11166,0.001943,172.31.40.0-255,66,282902,70,343390
11167,0.001961,74.125.68.0-255,2902,285804,70,343390
11168,0.001975,74.125.68.0-255,4320,290124,70,343390
11169,0.001977,172.31.40.0-255,66,290190,70,343390
11170,0.00198,172.31.40.0-255,66,290256,70,343390
11171,0.002001,74.125.68.0-255,2902,293158,70,343390
11172,0.002009,172.31.40.0-255,66,293224,70,343390
11173,0.002013,74.125.68.0-255,8574,301798,70,343390
11174,0.00202,172.31.40.0-255,66,301864,70,343390
11175,0.002051,74.125.68.0-255,7156,309020,70,343390
11176,0.002055,172.31.40.0-255,66,309086,70,343390
11177,0.002071,74.125.68.0-255,766,309852,70,343390
11178,0.002877,172.31.40.0-255,66,309918,70,343390
11179,0.004667,74.125.68.0-255,4320,314238,70,343390
11180,0.004674,172.31.40.0-255,66,314304,70,343390
11181,0.00548,74.125.68.0-255,1484,315788,70,343390
11182,0.0073,74.125.68.0-255,4320,320108,70,343390
11183,0.007305,172.31.40.0-255,66,320174,70,343390
11184,0.009934,74.125.68.0-255,5738,325912,70,343390
11185,0.00994,172.31.40.0-255,66,325978,70,343390
11186,0.012591,74.125.68.0-255,5738,331716,70,343390
11187,0.012598,172.31.40.0-255,66,331782,70,343390
11188,0.015204,74.125.68.0-255,5738,337520,70,343390
11189,0.01521,172.31.40.0-255,66,337586,70,343390
11190,0.017843,74.125.68.0-255,5738,343324,70,343390
11191,0.017852,172.31.40.0-255,66,343390,70,343390
11192,0.0,172.217.194.0-255,152,152,70,368199
11193,2.2e-05,172.31.40.0-255,66,218,70,368199
11194,2.9e-05,172.217.194.0-255,1484,1702,70,368199
11195,3.3e-05,172.31.40.0-255,66,1768,70,368199
11196,4e-05,172.217.194.0-255,2902,4670,70,368199
11197,4.3e-05,172.31.40.0-255,66,4736,70,368199
11198,5.9e-05,172.217.194.0-255,7156,11892,70,368199
11199,6.2e-05,172.31.40.0-255,66,11958,70,368199
11200,6.5e-05,172.217.194.0-255,1484,13442,70,368199
11201,6.9e-05,172.31.40.0-255,66,13508,70,368199
11202,0.000102,172.217.194.0-255,2100,15608,70,368199
11203,0.000104,172.31.40.0-255,66,15674,70,368199
11204,0.000109,172.217.194.0-255,2902,18576,70,368199
11205,0.000111,172.31.40.0-255,66,18642,70,368199
11206,0.000153,172.217.194.0-255,7156,25798,70,368199
11207,0.000155,172.31.40.0-255,66,25864,70,368199
11208,0.000162,172.217.194.0-255,5379,31243,70,368199
11209,0.000164,172.31.40.0-255,66,31309,70,368199
11210,0.000218,172.217.194.0-255,5738,37047,70,368199
11211,0.000221,172.31.40.0-255,66,37113,70,368199
11212,0.000227,172.217.194.0-255,4320,41433,70,368199
11213,0.000229,172.31.40.0-255,66,41499,70,368199
11214,0.000262,172.217.194.0-255,6797,48296,70,368199
11215,0.000265,172.31.40.0-255,66,48362,70,368199
11216,0.000344,172.217.194.0-255,1484,49846,70,368199
11217,0.000347,172.31.40.0-255,66,49912,70,368199
11218,0.000353,172.217.194.0-255,2902,52814,70,368199
11219,0.000356,172.31.40.0-255,66,52880,70,368199
11220,0.000359,172.217.194.0-255,1484,54364,70,368199
11221,0.000361,172.31.40.0-255,66,54430,70,368199
11222,0.000395,172.217.194.0-255,4320,58750,70,368199
11223,0.000397,172.31.40.0-255,66,58816,70,368199
11224,0.000427,172.217.194.0-255,6797,65613,70,368199
11225,0.000568,172.31.40.0-255,66,65679,70,368199
11226,0.000707,172.217.194.0-255,646,66325,70,368199
11227,0.000757,172.217.194.0-255,1484,67809,70,368199
11228,0.000761,172.217.194.0-255,1484,69293,70,368199
11229,0.000767,172.31.40.0-255,66,69359,70,368199
11230,0.000778,172.217.194.0-255,1484,70843,70,368199
11231,0.000789,172.217.194.0-255,5738,76581,70,368199
11232,0.00081,172.31.40.0-255,66,76647,70,368199
11233,0.000826,172.217.194.0-255,6248,82895,70,368199
11234,0.000837,172.31.40.0-255,66,82961,70,368199
11235,0.001495,172.217.194.0-255,1484,84445,70,368199
11236,0.001514,172.217.194.0-255,2902,87347,70,368199
11237,0.001518,172.31.40.0-255,66,87413,70,368199
11238,0.001527,172.217.194.0-255,5738,93151,70,368199
11239,0.001532,172.217.194.0-255,2902,96053,70,368199
11240,0.001557,172.217.194.0-255,4320,100373,70,368199
11241,0.001594,172.217.194.0-255,2184,102557,70,368199
11242,0.002243,172.217.194.0-255,1484,104041,70,368199
11243,0.00225,172.217.194.0-255,2902,106943,70,368199
11244,0.002256,172.217.194.0-255,4320,111263,70,368199
11245,0.002272,172.217.194.0-255,1484,112747,70,368199
11246,0.00229,172.217.194.0-255,7156,119903,70,368199
11247,0.002309,172.217.194.0-255,5738,125641,70,368199
11248,0.002341,172.217.194.0-255,4320,129961,70,368199
11249,0.002355,172.217.194.0-255,6438,136399,70,368199
11250,0.002672,172.217.194.0-255,1484,137883,70,368199
11251,0.002697,172.217.194.0-255,2902,140785,70,368199
11252,0.002703,172.217.194.0-255,5738,146523,70,368199
11253,0.002713,172.217.194.0-255,1484,148007,70,368199
11254,0.002753,172.217.194.0-255,5738,153745,70,368199
11255,0.002766,172.217.194.0-255,5020,158765,70,368199
11256,0.002769,172.217.194.0-255,1484,160249,70,368199
11257,0.002794,172.217.194.0-255,4320,164569,70,368199
11258,0.002801,172.217.194.0-255,7156,171725,70,368199
11259,0.002822,172.217.194.0-255,7156,178881,70,368199
11260,0.002827,172.217.194.0-255,4320,183201,70,368199
11261,0.002857,172.217.194.0-255,9274,192475,70,368199
11262,0.002899,172.217.194.0-255,2902,195377,70,368199
11263,0.002905,172.31.40.0-255,78,195455,70,368199
11264,0.002915,172.217.194.0-255,9992,205447,70,368199
11265,0.002961,172.217.194.0-255,1484,206931,70,368199
11266,0.002968,172.217.194.0-255,6438,213369,70,368199
11267,0.003006,172.217.194.0-255,1484,214853,70,368199
11268,0.003027,172.217.194.0-255,2902,217755,70,368199
11269,0.003032,172.217.194.0-255,2902,220657,70,368199
11270,0.003048,172.217.194.0-255,2902,223559,70,368199
11271,0.003054,172.217.194.0-255,4320,227879,70,368199
11272,0.003073,172.217.194.0-255,4320,232199,70,368199
11273,0.003109,172.217.194.0-255,5738,237937,70,368199
11274,0.003131,172.217.194.0-255,9274,247211,70,368199
11275,0.003198,172.217.194.0-255,1484,248695,70,368199
11276,0.003215,172.217.194.0-255,2902,251597,70,368199
11277,0.003221,172.217.194.0-255,5738,257335,70,368199
11278,0.003247,172.217.194.0-255,4320,261655,70,368199
11279,0.003268,172.217.194.0-255,8574,270229,70,368199
11280,0.003271,172.217.194.0-255,1484,271713,70,368199
11281,0.00329,172.217.194.0-255,5738,277451,70,368199
11282,0.003307,172.217.194.0-255,3602,281053,70,368199
11283,0.003329,172.217.194.0-255,1484,282537,70,368199
11284,0.003343,172.217.194.0-255,2902,285439,70,368199
11285,0.003356,172.217.194.0-255,2902,288341,70,368199
11286,0.003385,172.217.194.0-255,7156,295497,70,368199
11287,0.003392,172.217.194.0-255,7156,302653,70,368199
11288,0.003423,172.217.194.0-255,5738,308391,70,368199
11289,0.003441,172.217.194.0-255,6438,314829,70,368199
11290,0.003446,172.217.194.0-255,4320,319149,70,368199
11291,0.00347,172.217.194.0-255,8574,327723,70,368199
11292,0.003477,172.217.194.0-255,7156,334879,70,368199
11293,0.003499,172.217.194.0-255,7156,342035,70,368199
11294,0.003528,172.217.194.0-255,4320,346355,70,368199
11295,0.003552,172.217.194.0-255,6438,352793,70,368199
11296,0.003557,172.217.194.0-255,4963,357756,70,368199
11297,0.00356,172.217.194.0-255,97,357853,70,368199
11298,0.0036,172.217.194.0-255,105,357958,70,368199
11299,0.00992,172.217.194.0-255,9992,367950,70,368199
11300,0.009943,172.31.40.0-255,78,368028,70,368199
11301,0.014412,172.31.40.0-255,105,368133,70,368199
11302,0.016418,172.217.194.0-255,66,368199,70,368199
11303,0.0,74.125.24.0-255,150,150,70,401773
11304,1.3e-05,172.31.40.0-255,66,216,70,401773
11305,2e-05,74.125.24.0-255,1484,1700,70,401773
11306,2.4e-05,172.31.40.0-255,66,1766,70,401773
11307,3.1e-05,74.125.24.0-255,2902,4668,70,401773
11308,3.5e-05,172.31.40.0-255,66,4734,70,401773
11309,3.8e-05,74.125.24.0-255,2902,7636,70,401773
11310,4e-05,172.31.40.0-255,66,7702,70,401773
11311,6.1e-05,74.125.24.0-255,4320,12022,70,401773
11312,6.3e-05,172.31.40.0-255,66,12088,70,401773
11313,0.000102,74.125.24.0-255,2037,14125,70,401773
11314,0.000105,172.31.40.0-255,66,14191,70,401773
11315,0.000193,74.125.24.0-255,1484,15675,70,401773
11316,0.000196,172.31.40.0-255,66,15741,70,401773
11317,0.0002,74.125.24.0-255,1484,17225,70,401773
11318,0.000201,172.31.40.0-255,66,17291,70,401773
11319,0.000216,74.125.24.0-255,1484,18775,70,401773
11320,0.000218,172.31.40.0-255,66,18841,70,401773
11321,0.000235,74.125.24.0-255,4320,23161,70,401773
11322,0.000237,172.31.40.0-255,66,23227,70,401773
11323,0.000254,74.125.24.0-255,1484,24711,70,401773
11324,0.000256,172.31.40.0-255,66,24777,70,401773
11325,0.000261,74.125.24.0-255,2902,27679,70,401773
11326,0.000263,172.31.40.0-255,66,27745,70,401773
11327,0.000285,74.125.24.0-255,1484,29229,70,401773
11328,0.000287,172.31.40.0-255,66,29295,70,401773
11329,0.000308,74.125.24.0-255,2543,31838,70,401773
11330,0.00031,172.31.40.0-255,66,31904,70,401773
11331,0.000315,74.125.24.0-255,4320,36224,70,401773
11332,0.000317,172.31.40.0-255,66,36290,70,401773
11333,0.000328,74.125.24.0-255,1484,37774,70,401773
11334,0.00033,172.31.40.0-255,66,37840,70,401773
11335,0.000344,74.125.24.0-255,5738,43578,70,401773
11336,0.000346,172.31.40.0-255,66,43644,70,401773
11337,0.000359,74.125.24.0-255,2902,46546,70,401773
11338,0.000361,172.31.40.0-255,66,46612,70,401773
11339,0.000365,74.125.24.0-255,2543,49155,70,401773
11340,0.000367,172.31.40.0-255,66,49221,70,401773
11341,0.000401,74.125.24.0-255,1484,50705,70,401773
11342,0.000414,74.125.24.0-255,2902,53607,70,401773
11343,0.000416,172.31.40.0-255,66,53673,70,401773
11344,0.000419,74.125.24.0-255,1484,55157,70,401773
11345,0.000438,74.125.24.0-255,4320,59477,70,401773
11346,0.00044,172.31.40.0-255,66,59543,70,401773
11347,0.000476,74.125.24.0-255,5738,65281,70,401773
11348,0.000479,172.31.40.0-255,66,65347,70,401773
11349,0.000496,74.125.24.0-255,1125,66472,70,401773
11350,0.000507,74.125.24.0-255,415,66887,70,401773
11351,0.000542,74.125.24.0-255,327,67214,70,401773
11352,0.000544,172.31.40.0-255,66,67280,70,401773
11353,0.000783,74.125.24.0-255,1484,68764,70,401773
11354,0.000789,74.125.24.0-255,2902,71666,70,401773
11355,0.000793,172.31.40.0-255,66,71732,70,401773
11356,0.000796,74.125.24.0-255,1484,73216,70,401773
11357,0.00082,74.125.24.0-255,4320,77536,70,401773
11358,0.000822,172.31.40.0-255,66,77602,70,401773
11359,0.000915,74.125.24.0-255,1484,79086,70,401773
11360,0.000946,74.125.24.0-255,6797,85883,70,401773
11361,0.000949,172.31.40.0-255,66,85949,70,401773
11362,0.000952,74.125.24.0-255,1484,87433,70,401773
11363,0.000958,74.125.24.0-255,4320,91753,70,401773
11364,0.00096,172.31.40.0-255,66,91819,70,401773
11365,0.000984,74.125.24.0-255,7156,98975,70,401773
11366,0.000987,172.31.40.0-255,66,99041,70,401773
11367,0.000991,74.125.24.0-255,2543,101584,70,401773
11368,0.000993,172.31.40.0-255,66,101650,70,401773
11369,0.001542,74.125.24.0-255,1484,103134,70,401773
11370,0.001563,74.125.24.0-255,2902,106036,70,401773
11371,0.001567,172.31.40.0-255,66,106102,70,401773
11372,0.001574,74.125.24.0-255,5738,111840,70,401773
11373,0.001576,172.31.40.0-255,66,111906,70,401773
11374,0.001582,74.125.24.0-255,5738,117644,70,401773
11375,0.001584,172.31.40.0-255,66,117710,70,401773
11376,0.001611,74.125.24.0-255,5738,123448,70,401773
11377,0.001613,172.31.40.0-255,66,123514,70,401773
11378,0.001644,74.125.24.0-255,7156,130670,70,401773
11379,0.001647,172.31.40.0-255,66,130736,70,401773
11380,0.001652,74.125.24.0-255,5020,135756,70,401773
11381,0.001654,172.31.40.0-255,66,135822,70,401773
11382,0.001797,74.125.24.0-255,1484,137306,70,401773
11383,0.001803,74.125.24.0-255,2902,140208,70,401773
11384,0.001806,172.31.40.0-255,66,140274,70,401773
11385,0.001811,74.125.24.0-255,2902,143176,70,401773
11386,0.001813,172.31.40.0-255,66,143242,70,401773
11387,0.001831,74.125.24.0-255,2902,146144,70,401773
11388,0.001834,172.31.40.0-255,66,146210,70,401773
11389,0.001841,74.125.24.0-255,5738,151948,70,401773
11390,0.001843,172.31.40.0-255,66,152014,70,401773
11391,0.001861,74.125.24.0-255,2902,154916,70,401773
11392,0.001863,172.31.40.0-255,66,154982,70,401773
11393,0.001917,74.125.24.0-255,4320,159302,70,401773
11394,0.001921,172.31.40.0-255,66,159368,70,401773
11395,0.001952,74.125.24.0-255,10692,170060,70,401773
11396,0.001954,172.31.40.0-255,66,170126,70,401773
11397,0.002183,74.125.24.0-255,1484,171610,70,401773
11398,0.002189,74.125.24.0-255,1484,173094,70,401773
11399,0.002194,172.31.40.0-255,66,173160,70,401773
11400,0.002213,74.125.24.0-255,1484,174644,70,401773
11401,0.00222,74.125.24.0-255,4320,178964,70,401773
11402,0.002222,172.31.40.0-255,66,179030,70,401773
11403,0.002234,74.125.24.0-255,1484,180514,70,401773
11404,0.002249,74.125.24.0-255,5738,186252,70,401773
11405,0.002251,172.31.40.0-255,66,186318,70,401773
11406,0.002274,74.125.24.0-255,7156,193474,70,401773
11407,0.002277,172.31.40.0-255,66,193540,70,401773
11408,0.002279,74.125.24.0-255,1484,195024,70,401773
11409,0.002332,74.125.24.0-255,9274,204298,70,401773
11410,0.002335,172.31.40.0-255,66,204364,70,401773
11411,0.002349,74.125.24.0-255,1484,205848,70,401773
11412,0.002379,74.125.24.0-255,2902,208750,70,401773
11413,0.002382,172.31.40.0-255,66,208816,70,401773
11414,0.002402,74.125.24.0-255,4320,213136,70,401773
11415,0.002405,172.31.40.0-255,66,213202,70,401773
11416,0.002409,74.125.24.0-255,2902,216104,70,401773
11417,0.002411,172.31.40.0-255,66,216170,70,401773
11418,0.002439,74.125.24.0-255,5738,221908,70,401773
11419,0.002442,172.31.40.0-255,66,221974,70,401773
11420,0.002446,74.125.24.0-255,1484,223458,70,401773
11421,0.002451,74.125.24.0-255,4320,227778,70,401773
11422,0.002453,172.31.40.0-255,66,227844,70,401773
11423,0.002482,74.125.24.0-255,7156,235000,70,401773
11424,0.002485,172.31.40.0-255,66,235066,70,401773
11425,0.002491,74.125.24.0-255,3602,238668,70,401773
11426,0.002493,172.31.40.0-255,66,238734,70,401773
11427,0.002566,74.125.24.0-255,1484,240218,70,401773
11428,0.002596,74.125.24.0-255,1484,241702,70,401773
11429,0.002599,172.31.40.0-255,66,241768,70,401773
11430,0.002602,74.125.24.0-255,1484,243252,70,401773
11431,0.002624,74.125.24.0-255,1484,244736,70,401773
11432,0.002626,172.31.40.0-255,66,244802,70,401773
11433,0.002629,74.125.24.0-255,1484,246286,70,401773
11434,0.00267,74.125.24.0-255,5738,252024,70,401773
11435,0.002673,172.31.40.0-255,66,252090,70,401773
11436,0.002679,74.125.24.0-255,4320,256410,70,401773
11437,0.002681,172.31.40.0-255,66,256476,70,401773
11438,0.002688,74.125.24.0-255,7156,263632,70,401773
11439,0.00269,172.31.40.0-255,66,263698,70,401773
11440,0.002715,74.125.24.0-255,2902,266600,70,401773
11441,0.002717,172.31.40.0-255,66,266666,70,401773
11442,0.002752,74.125.24.0-255,6438,273104,70,401773
11443,0.002754,172.31.40.0-255,66,273170,70,401773
11444,0.002846,74.125.24.0-255,1484,274654,70,401773
11445,0.00285,74.125.24.0-255,2902,277556,70,401773
11446,0.002853,172.31.40.0-255,66,277622,70,401773
11447,0.002855,74.125.24.0-255,1484,279106,70,401773
11448,0.002875,74.125.24.0-255,4320,283426,70,401773
11449,0.002878,172.31.40.0-255,66,283492,70,401773
11450,0.0029,74.125.24.0-255,7156,290648,70,401773
11451,0.002903,172.31.40.0-255,66,290714,70,401773
11452,0.002933,74.125.24.0-255,5738,296452,70,401773
11453,0.002936,172.31.40.0-255,66,296518,70,401773
11454,0.002947,74.125.24.0-255,10692,307210,70,401773
11455,0.002949,172.31.40.0-255,66,307276,70,401773
11456,0.003065,74.125.24.0-255,1484,308760,70,401773
11457,0.003095,74.125.24.0-255,1484,310244,70,401773
11458,0.003098,172.31.40.0-255,66,310310,70,401773
11459,0.003115,74.125.24.0-255,1484,311794,70,401773
11460,0.003121,74.125.24.0-255,5738,317532,70,401773
11461,0.003124,172.31.40.0-255,66,317598,70,401773
11462,0.003129,74.125.24.0-255,4320,321918,70,401773
11463,0.003131,172.31.40.0-255,66,321984,70,401773
11464,0.003154,74.125.24.0-255,5738,327722,70,401773
11465,0.003156,172.31.40.0-255,66,327788,70,401773
11466,0.003174,74.125.24.0-255,2902,330690,70,401773
11467,0.003177,172.31.40.0-255,66,330756,70,401773
11468,0.003191,74.125.24.0-255,5738,336494,70,401773
11469,0.003193,172.31.40.0-255,66,336560,70,401773
11470,0.003209,74.125.24.0-255,5020,341580,70,401773
11471,0.003211,172.31.40.0-255,66,341646,70,401773
11472,0.003232,74.125.24.0-255,1484,343130,70,401773
11473,0.003237,74.125.24.0-255,2902,346032,70,401773
11474,0.003239,172.31.40.0-255,66,346098,70,401773
11475,0.003241,74.125.24.0-255,1484,347582,70,401773
11476,0.003262,74.125.24.0-255,4320,351902,70,401773
11477,0.003264,172.31.40.0-255,66,351968,70,401773
11478,0.003266,74.125.24.0-255,1484,353452,70,401773
11479,0.003289,74.125.24.0-255,8574,362026,70,401773
11480,0.003291,172.31.40.0-255,66,362092,70,401773
11481,0.003322,74.125.24.0-255,9992,372084,70,401773
11482,0.003324,172.31.40.0-255,66,372150,70,401773
11483,0.003366,74.125.24.0-255,7156,379306,70,401773
11484,0.003368,172.31.40.0-255,66,379372,70,401773
11485,0.003393,74.125.24.0-255,766,380138,70,401773
11486,0.003401,74.125.24.0-255,9992,390130,70,401773
11487,0.003404,172.31.40.0-255,66,390196,70,401773
11488,0.003412,74.125.24.0-255,10581,400777,70,401773
11489,0.003414,172.31.40.0-255,66,400843,70,401773
11490,0.00343,74.125.24.0-255,105,400948,70,401773
11491,0.003466,74.125.24.0-255,129,401077,70,401773
11492,0.007828,172.31.40.0-255,105,401182,70,401773
11493,0.007865,172.31.40.0-255,105,401287,70,401773
11494,0.008093,172.31.40.0-255,90,401377,70,401773
11495,0.008102,172.31.40.0-255,66,401443,70,401773
11496,0.010211,74.125.24.0-255,66,401509,70,401773
11497,0.010219,74.125.24.0-255,66,401575,70,401773
11498,0.010445,74.125.24.0-255,66,401641,70,401773
11499,0.010485,74.125.24.0-255,66,401707,70,401773
11500,0.010491,172.31.40.0-255,66,401773,70,401773
11501,0.0,172.217.194.0-255,153,153,70,306007
11502,4.4e-05,172.31.40.0-255,66,219,70,306007
11503,5.1e-05,172.217.194.0-255,1484,1703,70,306007
11504,5.6e-05,172.31.40.0-255,66,1769,70,306007
11505,6.1e-05,172.217.194.0-255,2902,4671,70,306007
11506,6.4e-05,172.31.40.0-255,66,4737,70,306007
11507,9.8e-05,172.217.194.0-255,7156,11893,70,306007
11508,0.000101,172.217.194.0-255,2094,13987,70,306007
11509,0.000103,172.31.40.0-255,66,14053,70,306007
11510,0.000107,172.31.40.0-255,66,14119,70,306007
11511,0.000154,172.217.194.0-255,1484,15603,70,306007
11512,0.000157,172.31.40.0-255,66,15669,70,306007
11513,0.000162,172.217.194.0-255,2902,18571,70,306007
11514,0.000165,172.31.40.0-255,66,18637,70,306007
11515,0.000209,172.217.194.0-255,5738,24375,70,306007
11516,0.000211,172.31.40.0-255,66,24441,70,306007
11517,0.000217,172.217.194.0-255,4320,28761,70,306007
11518,0.00022,172.31.40.0-255,66,28827,70,306007
11519,0.000241,172.217.194.0-255,4320,33147,70,306007
11520,0.000244,172.31.40.0-255,66,33213,70,306007
11521,0.000263,172.217.194.0-255,6797,40010,70,306007
11522,0.000266,172.31.40.0-255,66,40076,70,306007
11523,0.000298,172.217.194.0-255,5738,45814,70,306007
11524,0.000301,172.31.40.0-255,66,45880,70,306007
11525,0.000317,172.217.194.0-255,2543,48423,70,306007
11526,0.00032,172.31.40.0-255,66,48489,70,306007
11527,0.000328,172.217.194.0-255,8574,57063,70,306007
11528,0.000331,172.31.40.0-255,66,57129,70,306007
11529,0.000359,172.217.194.0-255,7156,64285,70,306007
11530,0.000363,172.31.40.0-255,66,64351,70,306007
11531,0.000375,172.217.194.0-255,1125,65476,70,306007
11532,0.000377,172.31.40.0-255,66,65542,70,306007
11533,0.000395,172.217.194.0-255,678,66220,70,306007
11534,0.00063,172.217.194.0-255,1484,67704,70,306007
11535,0.000633,172.31.40.0-255,66,67770,70,306007
11536,0.000638,172.217.194.0-255,2902,70672,70,306007
11537,0.00064,172.31.40.0-255,66,70738,70,306007
11538,0.000643,172.217.194.0-255,1484,72222,70,306007
11539,0.000662,172.217.194.0-255,4320,76542,70,306007
11540,0.000665,172.31.40.0-255,66,76608,70,306007
11541,0.000669,172.217.194.0-255,2902,79510,70,306007
11542,0.000672,172.31.40.0-255,66,79576,70,306007
11543,0.000682,172.217.194.0-255,2902,82478,70,306007
11544,0.000684,172.31.40.0-255,66,82544,70,306007
11545,0.00071,172.217.194.0-255,7156,89700,70,306007
11546,0.000712,172.31.40.0-255,66,89766,70,306007
11547,0.00072,172.217.194.0-255,9992,99758,70,306007
11548,0.000722,172.31.40.0-255,66,99824,70,306007
11549,0.000724,172.217.194.0-255,766,100590,70,306007
11550,0.000869,172.217.194.0-255,1484,102074,70,306007
11551,0.000873,172.31.40.0-255,66,102140,70,306007
11552,0.000878,172.217.194.0-255,2902,105042,70,306007
11553,0.00088,172.31.40.0-255,66,105108,70,306007
11554,0.000883,172.217.194.0-255,1484,106592,70,306007
11555,0.000903,172.217.194.0-255,4320,110912,70,306007
11556,0.000905,172.31.40.0-255,66,110978,70,306007
11557,0.000924,172.217.194.0-255,2902,113880,70,306007
11558,0.000926,172.31.40.0-255,66,113946,70,306007
11559,0.000954,172.217.194.0-255,9992,123938,70,306007
11560,0.000957,172.31.40.0-255,66,124004,70,306007
11561,0.000964,172.217.194.0-255,8574,132578,70,306007
11562,0.000966,172.31.40.0-255,66,132644,70,306007
11563,0.000989,172.217.194.0-255,2184,134828,70,306007
11564,0.000992,172.31.40.0-255,66,134894,70,306007
11565,0.001011,172.217.194.0-255,2902,137796,70,306007
11566,0.001013,172.31.40.0-255,66,137862,70,306007
11567,0.001029,172.217.194.0-255,7156,145018,70,306007
11568,0.001032,172.31.40.0-255,66,145084,70,306007
11569,0.00104,172.217.194.0-255,2902,147986,70,306007
11570,0.001042,172.31.40.0-255,66,148052,70,306007
11571,0.001058,172.217.194.0-255,8574,156626,70,306007
11572,0.00106,172.31.40.0-255,66,156692,70,306007
11573,0.00112,172.217.194.0-255,5738,162430,70,306007
11574,0.001124,172.31.40.0-255,66,162496,70,306007
11575,0.001149,172.217.194.0-255,6438,168934,70,306007
11576,0.001152,172.31.40.0-255,66,169000,70,306007
11577,0.001164,172.31.40.0-255,66,169066,70,306007
11578,0.001186,172.217.194.0-255,2902,171968,70,306007
11579,0.001188,172.31.40.0-255,66,172034,70,306007
11580,0.00122,172.31.40.0-255,66,172100,70,306007
11581,0.001224,172.217.194.0-255,2184,174284,70,306007
11582,0.001226,172.31.40.0-255,66,174350,70,306007
11583,0.001584,172.217.194.0-255,1484,175834,70,306007
11584,0.00159,172.217.194.0-255,2902,178736,70,306007
11585,0.001593,172.31.40.0-255,66,178802,70,306007
11586,0.001594,172.217.194.0-255,5738,184540,70,306007
11587,0.001596,172.31.40.0-255,66,184606,70,306007
11588,0.001598,172.217.194.0-255,4320,188926,70,306007
11589,0.0016,172.31.40.0-255,66,188992,70,306007
11590,0.001615,172.217.194.0-255,1484,190476,70,306007
11591,0.001643,172.31.40.0-255,66,190542,70,306007
11592,0.001663,172.217.194.0-255,5020,195562,70,306007
11593,0.001666,172.31.40.0-255,66,195628,70,306007
11594,0.001909,172.217.194.0-255,1484,197112,70,306007
11595,0.001916,172.217.194.0-255,2902,200014,70,306007
11596,0.00192,172.31.40.0-255,66,200080,70,306007
11597,0.001948,172.217.194.0-255,1484,201564,70,306007
11598,0.001964,172.217.194.0-255,2902,204466,70,306007
11599,0.001967,172.31.40.0-255,66,204532,70,306007
11600,0.001978,172.217.194.0-255,1484,206016,70,306007
11601,0.00201,172.31.40.0-255,66,206082,70,306007
11602,0.002019,172.217.194.0-255,10692,216774,70,306007
11603,0.002021,172.31.40.0-255,66,216840,70,306007
11604,0.002111,172.217.194.0-255,1484,218324,70,306007
11605,0.002116,172.217.194.0-255,2902,221226,70,306007
11606,0.002119,172.31.40.0-255,66,221292,70,306007
11607,0.002125,172.217.194.0-255,5738,227030,70,306007
11608,0.002126,172.31.40.0-255,66,227096,70,306007
11609,0.002132,172.217.194.0-255,5738,232834,70,306007
11610,0.002133,172.31.40.0-255,66,232900,70,306007
11611,0.002177,172.31.40.0-255,66,232966,70,306007
11612,0.002183,172.31.40.0-255,101,233067,70,306007
11613,0.002189,172.31.40.0-255,66,233133,70,306007
11614,0.002194,172.217.194.0-255,4320,237453,70,306007
11615,0.002195,172.31.40.0-255,66,237519,70,306007
11616,0.002221,172.217.194.0-255,8574,246093,70,306007
11617,0.002225,172.31.40.0-255,66,246159,70,306007
11618,0.002253,172.217.194.0-255,2902,249061,70,306007
11619,0.002256,172.31.40.0-255,66,249127,70,306007
11620,0.002263,172.217.194.0-255,7856,256983,70,306007
11621,0.002265,172.31.40.0-255,66,257049,70,306007
11622,0.002272,172.217.194.0-255,8574,265623,70,306007
11623,0.002273,172.31.40.0-255,66,265689,70,306007
11624,0.002277,172.217.194.0-255,2902,268591,70,306007
11625,0.002279,172.31.40.0-255,66,268657,70,306007
11626,0.002299,172.217.194.0-255,2902,271559,70,306007
11627,0.002303,172.31.40.0-255,66,271625,70,306007
11628,0.002333,172.217.194.0-255,9992,281617,70,306007
11629,0.002336,172.31.40.0-255,66,281683,70,306007
11630,0.00235,172.217.194.0-255,2902,284585,70,306007
11631,0.002353,172.31.40.0-255,66,284651,70,306007
11632,0.002386,172.217.194.0-255,6438,291089,70,306007
11633,0.002389,172.31.40.0-255,66,291155,70,306007
11634,0.002397,172.217.194.0-255,9992,301147,70,306007
11635,0.002399,172.31.40.0-255,66,301213,70,306007
11636,0.002404,172.217.194.0-255,4320,305533,70,306007
11637,0.002406,172.31.40.0-255,66,305599,70,306007
11638,0.002462,172.31.40.0-255,66,305665,70,306007
11639,0.002521,172.217.194.0-255,105,305770,70,306007
11640,0.003084,172.31.40.0-255,105,305875,70,306007
11641,0.004787,172.217.194.0-255,66,305941,70,306007
11642,0.005687,172.217.194.0-255,66,306007,70,306007
11643,0.0,74.125.24.0-255,150,150,70,266435
11644,1.5e-05,172.31.40.0-255,66,216,70,266435
11645,2.1e-05,74.125.24.0-255,1484,1700,70,266435
11646,2.6e-05,172.31.40.0-255,66,1766,70,266435
11647,3.2e-05,74.125.24.0-255,2902,4668,70,266435
11648,3.5e-05,172.31.40.0-255,66,4734,70,266435
11649,4.2e-05,74.125.24.0-255,5738,10472,70,266435
11650,4.4e-05,172.31.40.0-255,66,10538,70,266435
11651,6.7e-05,74.125.24.0-255,1484,12022,70,266435
11652,6.9e-05,172.31.40.0-255,66,12088,70,266435
11653,7.3e-05,74.125.24.0-255,2102,14190,70,266435
11654,7.5e-05,172.31.40.0-255,66,14256,70,266435
11655,0.0001,74.125.24.0-255,4320,18576,70,266435
11656,0.000103,172.31.40.0-255,66,18642,70,266435
11657,0.000123,74.125.24.0-255,7156,25798,70,266435
11658,0.000125,172.31.40.0-255,66,25864,70,266435
11659,0.000138,172.31.40.0-255,66,25930,70,266435
11660,0.000179,74.125.24.0-255,9274,35204,70,266435
11661,0.000182,172.31.40.0-255,66,35270,70,266435
11662,0.000613,74.125.24.0-255,1484,36754,70,266435
11663,0.000619,74.125.24.0-255,2902,39656,70,266435
11664,0.000625,172.31.40.0-255,66,39722,70,266435
11665,0.000629,172.31.40.0-255,66,39788,70,266435
11666,0.00064,74.125.24.0-255,5738,45526,70,266435
11667,0.000642,172.31.40.0-255,66,45592,70,266435
11668,0.000672,74.125.24.0-255,7105,52697,70,266435
11669,0.000675,172.31.40.0-255,66,52763,70,266435
11670,0.000797,74.125.24.0-255,114,52877,70,266435
11671,0.000801,172.31.40.0-255,66,52943,70,266435
11672,0.00083,74.125.24.0-255,1484,54427,70,266435
11673,0.000834,172.31.40.0-255,66,54493,70,266435
11674,0.000839,74.125.24.0-255,2902,57395,70,266435
11675,0.000841,172.31.40.0-255,66,57461,70,266435
11676,0.000866,74.125.24.0-255,7156,64617,70,266435
11677,0.000868,172.31.40.0-255,66,64683,70,266435
11678,0.000884,74.125.24.0-255,5738,70421,70,266435
11679,0.000886,172.31.40.0-255,66,70487,70,266435
11680,0.0009,74.125.24.0-255,2902,73389,70,266435
11681,0.000903,172.31.40.0-255,66,73455,70,266435
11682,0.000918,74.125.24.0-255,7156,80611,70,266435
11683,0.000921,172.31.40.0-255,66,80677,70,266435
11684,0.00095,74.125.24.0-255,6438,87115,70,266435
11685,0.000952,172.31.40.0-255,66,87181,70,266435
11686,0.000966,74.125.24.0-255,1484,88665,70,266435
11687,0.000983,74.125.24.0-255,2902,91567,70,266435
11688,0.000986,172.31.40.0-255,66,91633,70,266435
11689,0.000993,74.125.24.0-255,5738,97371,70,266435
11690,0.000995,172.31.40.0-255,66,97437,70,266435
11691,0.001009,74.125.24.0-255,1484,98921,70,266435
11692,0.001045,172.31.40.0-255,66,98987,70,266435
11693,0.001054,74.125.24.0-255,9992,108979,70,266435
11694,0.001057,172.31.40.0-255,66,109045,70,266435
11695,0.00108,74.125.24.0-255,4320,113365,70,266435
11696,0.001083,172.31.40.0-255,66,113431,70,266435
11697,0.00113,172.31.40.0-255,66,113497,70,266435
11698,0.00114,74.125.24.0-255,9274,122771,70,266435
11699,0.001143,172.31.40.0-255,66,122837,70,266435
11700,0.001149,74.125.24.0-255,5738,128575,70,266435
11701,0.001152,172.31.40.0-255,66,128641,70,266435
11702,0.001184,172.31.40.0-255,66,128707,70,266435
11703,0.001206,74.125.24.0-255,5020,133727,70,266435
11704,0.001209,172.31.40.0-255,66,133793,70,266435
11705,0.001212,74.125.24.0-255,331,134124,70,266435
11706,0.001279,74.125.24.0-255,1484,135608,70,266435
11707,0.001283,172.31.40.0-255,66,135674,70,266435
11708,0.001288,74.125.24.0-255,2902,138576,70,266435
11709,0.001294,74.125.24.0-255,4320,142896,70,266435
11710,0.001311,74.125.24.0-255,1484,144380,70,266435
11711,0.001314,74.125.24.0-255,1484,145864,70,266435
11712,0.001322,172.31.40.0-255,66,145930,70,266435
11713,0.001387,74.125.24.0-255,1484,147414,70,266435
11714,0.001392,172.31.40.0-255,66,147480,70,266435
11715,0.001413,74.125.24.0-255,7156,154636,70,266435
11716,0.001417,74.125.24.0-255,2184,156820,70,266435
11717,0.001432,172.31.40.0-255,66,156886,70,266435
11718,0.001622,74.125.24.0-255,1484,158370,70,266435
11719,0.001627,74.125.24.0-255,1484,159854,70,266435
11720,0.001631,172.31.40.0-255,66,159920,70,266435
11721,0.001648,74.125.24.0-255,1484,161404,70,266435
11722,0.001654,74.125.24.0-255,4320,165724,70,266435
11723,0.001662,74.125.24.0-255,8574,174298,70,266435
11724,0.001669,172.31.40.0-255,66,174364,70,266435
11725,0.001717,74.125.24.0-255,4320,178684,70,266435
11726,0.001726,172.31.40.0-255,66,178750,70,266435
11727,0.001777,74.125.24.0-255,2902,181652,70,266435
11728,0.00178,74.125.24.0-255,1484,183136,70,266435
11729,0.001784,172.31.40.0-255,66,183202,70,266435
11730,0.001809,74.125.24.0-255,7156,190358,70,266435
11731,0.001817,172.31.40.0-255,66,190424,70,266435
11732,0.00183,74.125.24.0-255,7856,198280,70,266435
11733,0.001834,172.31.40.0-255,66,198346,70,266435
11734,0.001847,74.125.24.0-255,7156,205502,70,266435
11735,0.001863,172.31.40.0-255,66,205568,70,266435
11736,0.001876,74.125.24.0-255,8574,214142,70,266435
11737,0.001883,74.125.24.0-255,7156,221298,70,266435
11738,0.001895,172.31.40.0-255,66,221364,70,266435
11739,0.001898,74.125.24.0-255,1484,222848,70,266435
11740,0.001921,74.125.24.0-255,10692,233540,70,266435
11741,0.001927,74.125.24.0-255,4320,237860,70,266435
11742,0.00194,172.31.40.0-255,66,237926,70,266435
11743,0.001954,74.125.24.0-255,8574,246500,70,266435
11744,0.001957,74.125.24.0-255,1484,247984,70,266435
11745,0.001998,74.125.24.0-255,6438,254422,70,266435
11746,0.002016,172.31.40.0-255,66,254488,70,266435
11747,0.002028,74.125.24.0-255,5738,260226,70,266435
11748,0.002035,74.125.24.0-255,5801,266027,70,266435
11749,0.00204,172.31.40.0-255,66,266093,70,266435
11750,0.002079,74.125.24.0-255,105,266198,70,266435
11751,0.012528,172.31.40.0-255,66,266264,70,266435
11752,0.012585,172.31.40.0-255,105,266369,70,266435
11753,0.014901,74.125.24.0-255,66,266435,70,266435
11754,0.0,74.125.24.0-255,150,150,70,207862
11755,2.3e-05,172.31.40.0-255,66,216,70,207862
11756,3.1e-05,74.125.24.0-255,1484,1700,70,207862
11757,3.5e-05,172.31.40.0-255,66,1766,70,207862
11758,6e-05,74.125.24.0-255,1484,3250,70,207862
11759,6.4e-05,172.31.40.0-255,66,3316,70,207862
11760,7e-05,74.125.24.0-255,2902,6218,70,207862
11761,7.3e-05,172.31.40.0-255,66,6284,70,207862
11762,8.1e-05,74.125.24.0-255,5738,12022,70,207862
11763,8.4e-05,172.31.40.0-255,66,12088,70,207862
11764,0.000118,74.125.24.0-255,6309,18397,70,207862
11765,0.000121,172.31.40.0-255,66,18463,70,207862
11766,0.000129,74.125.24.0-255,7156,25619,70,207862
11767,0.000132,172.31.40.0-255,66,25685,70,207862
11768,0.000172,74.125.24.0-255,5379,31064,70,207862
11769,0.000175,172.31.40.0-255,66,31130,70,207862
11770,0.0003,74.125.24.0-255,1484,32614,70,207862
11771,0.000306,172.31.40.0-255,66,32680,70,207862
11772,0.000312,74.125.24.0-255,2902,35582,70,207862
11773,0.000314,172.31.40.0-255,66,35648,70,207862
11774,0.000317,74.125.24.0-255,1484,37132,70,207862
11775,0.00032,172.31.40.0-255,66,37198,70,207862
11776,0.000353,74.125.24.0-255,4320,41518,70,207862
11777,0.000356,172.31.40.0-255,66,41584,70,207862
11778,0.000363,74.125.24.0-255,6797,48381,70,207862
11779,0.000366,172.31.40.0-255,66,48447,70,207862
11780,0.00037,74.125.24.0-255,2902,51349,70,207862
11781,0.000373,172.31.40.0-255,66,51415,70,207862
11782,0.000399,74.125.24.0-255,4320,55735,70,207862
11783,0.000402,172.31.40.0-255,66,55801,70,207862
11784,0.000411,74.125.24.0-255,9948,65749,70,207862
11785,0.000414,172.31.40.0-255,66,65815,70,207862
11786,0.000438,74.125.24.0-255,111,65926,70,207862
11787,0.000986,74.125.24.0-255,327,66253,70,207862
11788,0.001114,172.31.40.0-255,66,66319,70,207862
11789,0.001327,74.125.24.0-255,1484,67803,70,207862
11790,0.001338,74.125.24.0-255,2902,70705,70,207862
11791,0.001343,172.31.40.0-255,66,70771,70,207862
11792,0.001351,74.125.24.0-255,5738,76509,70,207862
11793,0.001353,172.31.40.0-255,66,76575,70,207862
11794,0.001373,74.125.24.0-255,2902,79477,70,207862
11795,0.001379,172.31.40.0-255,66,79543,70,207862
11796,0.001384,74.125.24.0-255,2902,82445,70,207862
11797,0.001386,172.31.40.0-255,66,82511,70,207862
11798,0.001421,74.125.24.0-255,7156,89667,70,207862
11799,0.001423,172.31.40.0-255,66,89733,70,207862
11800,0.001434,74.125.24.0-255,10692,100425,70,207862
11801,0.001437,172.31.40.0-255,66,100491,70,207862
11802,0.001488,74.125.24.0-255,9992,110483,70,207862
11803,0.001491,172.31.40.0-255,66,110549,70,207862
11804,0.001517,74.125.24.0-255,4320,114869,70,207862
11805,0.001519,172.31.40.0-255,66,114935,70,207862
11806,0.001545,74.125.24.0-255,1993,116928,70,207862
11807,0.001547,172.31.40.0-255,66,116994,70,207862
11808,0.001582,74.125.24.0-255,1484,118478,70,207862
11809,0.001588,74.125.24.0-255,2902,121380,70,207862
11810,0.00159,172.31.40.0-255,66,121446,70,207862
11811,0.001601,74.125.24.0-255,1484,122930,70,207862
11812,0.001622,74.125.24.0-255,4320,127250,70,207862
11813,0.001625,172.31.40.0-255,66,127316,70,207862
11814,0.001628,74.125.24.0-255,1484,128800,70,207862
11815,0.001651,74.125.24.0-255,1484,130284,70,207862
11816,0.001653,172.31.40.0-255,66,130350,70,207862
11817,0.001678,74.125.24.0-255,7156,137506,70,207862
11818,0.001696,172.31.40.0-255,66,137572,70,207862
11819,0.001706,74.125.24.0-255,9992,147564,70,207862
11820,0.001709,172.31.40.0-255,66,147630,70,207862
11821,0.001737,74.125.24.0-255,3602,151232,70,207862
11822,0.00174,172.31.40.0-255,66,151298,70,207862
11823,0.002306,74.125.24.0-255,1484,152782,70,207862
11824,0.002313,74.125.24.0-255,1484,154266,70,207862
11825,0.002318,172.31.40.0-255,66,154332,70,207862
11826,0.002339,74.125.24.0-255,1484,155816,70,207862
11827,0.002343,74.125.24.0-255,1484,157300,70,207862
11828,0.002346,172.31.40.0-255,66,157366,70,207862
11829,0.002354,74.125.24.0-255,5738,163104,70,207862
11830,0.002356,172.31.40.0-255,66,163170,70,207862
11831,0.002399,172.31.40.0-255,66,163236,70,207862
11832,0.002406,74.125.24.0-255,5738,168974,70,207862
11833,0.002408,172.31.40.0-255,66,169040,70,207862
11834,0.002427,74.125.24.0-255,1484,170524,70,207862
11835,0.00245,74.125.24.0-255,2184,172708,70,207862
11836,0.002452,172.31.40.0-255,66,172774,70,207862
11837,0.004916,74.125.24.0-255,2902,175676,70,207862
11838,0.004923,172.31.40.0-255,66,175742,70,207862
11839,0.004953,74.125.24.0-255,2902,178644,70,207862
11840,0.004956,172.31.40.0-255,66,178710,70,207862
11841,0.007448,74.125.24.0-255,2902,181612,70,207862
11842,0.007453,172.31.40.0-255,66,181678,70,207862
11843,0.007486,74.125.24.0-255,2902,184580,70,207862
11844,0.007489,172.31.40.0-255,66,184646,70,207862
11845,0.009974,74.125.24.0-255,5738,190384,70,207862
11846,0.00998,172.31.40.0-255,66,190450,70,207862
11847,0.012486,74.125.24.0-255,5738,196188,70,207862
11848,0.012493,172.31.40.0-255,66,196254,70,207862
11849,0.015007,74.125.24.0-255,5738,201992,70,207862
11850,0.015023,172.31.40.0-255,66,202058,70,207862
11851,0.017536,74.125.24.0-255,5738,207796,70,207862
11852,0.017546,172.31.40.0-255,66,207862,70,207862
11853,0.0,74.125.130.0-255,156,156,70,198306
11854,2.3e-05,172.31.40.0-255,66,222,70,198306
11855,3e-05,74.125.130.0-255,1484,1706,70,198306
11856,3.5e-05,172.31.40.0-255,66,1772,70,198306
11857,4.1e-05,74.125.130.0-255,2902,4674,70,198306
11858,4.4e-05,172.31.40.0-255,66,4740,70,198306
11859,5e-05,74.125.130.0-255,5738,10478,70,198306
11860,5.3e-05,172.31.40.0-255,66,10544,70,198306
11861,8.1e-05,74.125.130.0-255,3519,14063,70,198306
11862,8.5e-05,172.31.40.0-255,66,14129,70,198306
11863,0.000242,74.125.130.0-255,1484,15613,70,198306
11864,0.000248,172.31.40.0-255,66,15679,70,198306
11865,0.000265,74.125.130.0-255,1484,17163,70,198306
11866,0.000268,172.31.40.0-255,66,17229,70,198306
11867,0.000274,74.125.130.0-255,2902,20131,70,198306
11868,0.000276,172.31.40.0-255,66,20197,70,198306
11869,0.000304,74.125.130.0-255,5738,25935,70,198306
11870,0.000307,172.31.40.0-255,66,26001,70,198306
11871,0.000361,74.125.130.0-255,5379,31380,70,198306
11872,0.000364,172.31.40.0-255,66,31446,70,198306
11873,0.000489,74.125.130.0-255,1484,32930,70,198306
11874,0.000493,172.31.40.0-255,66,32996,70,198306
11875,0.000514,74.125.130.0-255,2902,35898,70,198306
11876,0.00053,172.31.40.0-255,66,35964,70,198306
11877,0.000534,74.125.130.0-255,1484,37448,70,198306
11878,0.000536,172.31.40.0-255,66,37514,70,198306
11879,0.000561,74.125.130.0-255,2902,40416,70,198306
11880,0.000564,172.31.40.0-255,66,40482,70,198306
11881,0.00057,74.125.130.0-255,5738,46220,70,198306
11882,0.000572,172.31.40.0-255,66,46286,70,198306
11883,0.000614,74.125.130.0-255,2543,48829,70,198306
11884,0.000617,172.31.40.0-255,66,48895,70,198306
11885,0.000779,74.125.130.0-255,1484,50379,70,198306
11886,0.000787,74.125.130.0-255,2902,53281,70,198306
11887,0.000791,172.31.40.0-255,66,53347,70,198306
11888,0.000796,74.125.130.0-255,2902,56249,70,198306
11889,0.000798,172.31.40.0-255,66,56315,70,198306
11890,0.000814,74.125.130.0-255,2902,59217,70,198306
11891,0.000817,172.31.40.0-255,66,59283,70,198306
11892,0.000835,74.125.130.0-255,7091,66374,70,198306
11893,0.000837,172.31.40.0-255,66,66440,70,198306
11894,0.000985,74.125.130.0-255,1484,67924,70,198306
11895,0.000991,74.125.130.0-255,2902,70826,70,198306
11896,0.000993,172.31.40.0-255,66,70892,70,198306
11897,0.001019,74.125.130.0-255,5738,76630,70,198306
11898,0.001023,172.31.40.0-255,66,76696,70,198306
11899,0.001043,74.125.130.0-255,6797,83493,70,198306
11900,0.001046,172.31.40.0-255,66,83559,70,198306
11901,0.0012,74.125.130.0-255,1484,85043,70,198306
11902,0.001206,74.125.130.0-255,2902,87945,70,198306
11903,0.001208,172.31.40.0-255,66,88011,70,198306
11904,0.001237,74.125.130.0-255,5738,93749,70,198306
11905,0.001239,172.31.40.0-255,66,93815,70,198306
11906,0.001245,74.125.130.0-255,5738,99553,70,198306
11907,0.001248,172.31.40.0-255,66,99619,70,198306
11908,0.001271,74.125.130.0-255,1125,100744,70,198306
11909,0.001577,172.31.40.0-255,66,100810,70,198306
11910,0.001792,74.125.130.0-255,1484,102294,70,198306
11911,0.001801,74.125.130.0-255,2902,105196,70,198306
11912,0.001805,172.31.40.0-255,66,105262,70,198306
11913,0.001811,74.125.130.0-255,4320,109582,70,198306
11914,0.001813,172.31.40.0-255,66,109648,70,198306
11915,0.001837,74.125.130.0-255,1484,111132,70,198306
11916,0.001864,74.125.130.0-255,4320,115452,70,198306
11917,0.001867,172.31.40.0-255,66,115518,70,198306
11918,0.00188,172.31.40.0-255,66,115584,70,198306
11919,0.001888,74.125.130.0-255,7856,123440,70,198306
11920,0.00189,172.31.40.0-255,66,123506,70,198306
11921,0.002266,74.125.130.0-255,1484,124990,70,198306
11922,0.002274,74.125.130.0-255,2902,127892,70,198306
11923,0.002279,172.31.40.0-255,66,127958,70,198306
11924,0.002285,74.125.130.0-255,2902,130860,70,198306
11925,0.002287,172.31.40.0-255,66,130926,70,198306
11926,0.002293,74.125.130.0-255,4320,135246,70,198306
11927,0.002295,172.31.40.0-255,66,135312,70,198306
11928,0.002327,74.125.130.0-255,8574,143886,70,198306
11929,0.002329,172.31.40.0-255,66,143952,70,198306
11930,0.002333,74.125.130.0-255,2902,146854,70,198306
11931,0.002335,172.31.40.0-255,66,146920,70,198306
11932,0.002365,74.125.130.0-255,10692,157612,70,198306
11933,0.002368,172.31.40.0-255,66,157678,70,198306
11934,0.004698,74.125.130.0-255,5738,163416,70,198306
11935,0.004705,172.31.40.0-255,66,163482,70,198306
11936,0.00705,74.125.130.0-255,5738,169220,70,198306
11937,0.007057,172.31.40.0-255,66,169286,70,198306
11938,0.009397,74.125.130.0-255,5738,175024,70,198306
11939,0.009404,172.31.40.0-255,66,175090,70,198306
11940,0.011746,74.125.130.0-255,5738,180828,70,198306
11941,0.011752,172.31.40.0-255,66,180894,70,198306
11942,0.014096,74.125.130.0-255,5738,186632,70,198306
11943,0.014103,172.31.40.0-255,66,186698,70,198306
11944,0.016442,74.125.130.0-255,5738,192436,70,198306
11945,0.016448,172.31.40.0-255,66,192502,70,198306
11946,0.018793,74.125.130.0-255,5738,198240,70,198306
11947,0.018804,172.31.40.0-255,66,198306,70,198306
11948,0.0,74.125.24.0-255,298,298,70,276120
11949,2.2e-05,172.31.40.0-255,66,364,70,276120
11950,2.8e-05,74.125.24.0-255,1484,1848,70,276120
11951,3.2e-05,172.31.40.0-255,66,1914,70,276120
11952,4.8e-05,74.125.24.0-255,4320,6234,70,276120
11953,5.1e-05,172.31.40.0-255,66,6300,70,276120
11954,5.9e-05,74.125.24.0-255,7593,13893,70,276120
11955,6.3e-05,172.31.40.0-255,66,13959,70,276120
11956,6.9e-05,74.125.24.0-255,5738,19697,70,276120
11957,7.2e-05,172.31.40.0-255,66,19763,70,276120
11958,0.000101,74.125.24.0-255,2902,22665,70,276120
11959,0.000108,172.31.40.0-255,66,22731,70,276120
11960,0.000116,74.125.24.0-255,8215,30946,70,276120
11961,0.000119,172.31.40.0-255,66,31012,70,276120
11962,0.000179,74.125.24.0-255,1484,32496,70,276120
11963,0.000182,172.31.40.0-255,66,32562,70,276120
11964,0.000187,74.125.24.0-255,2902,35464,70,276120
11965,0.000189,172.31.40.0-255,66,35530,70,276120
11966,0.000199,74.125.24.0-255,4320,39850,70,276120
11967,0.000201,172.31.40.0-255,66,39916,70,276120
11968,0.000204,74.125.24.0-255,1484,41400,70,276120
11969,0.000206,172.31.40.0-255,66,41466,70,276120
11970,0.000249,74.125.24.0-255,8215,49681,70,276120
11971,0.000252,172.31.40.0-255,66,49747,70,276120
11972,0.000256,74.125.24.0-255,2902,52649,70,276120
11973,0.000258,172.31.40.0-255,66,52715,70,276120
11974,0.000302,172.31.40.0-255,66,52781,70,276120
11975,0.000327,74.125.24.0-255,116,52897,70,276120
11976,0.000329,172.31.40.0-255,66,52963,70,276120
11977,0.000378,74.125.24.0-255,328,53291,70,276120
11978,0.000382,172.31.40.0-255,66,53357,70,276120
11979,0.000611,74.125.24.0-255,1484,54841,70,276120
11980,0.000645,74.125.24.0-255,1484,56325,70,276120
11981,0.000649,172.31.40.0-255,66,56391,70,276120
11982,0.000681,74.125.24.0-255,1484,57875,70,276120
11983,0.000688,74.125.24.0-255,5738,63613,70,276120
11984,0.000692,172.31.40.0-255,66,63679,70,276120
11985,0.000704,172.31.40.0-255,66,63745,70,276120
11986,0.000712,74.125.24.0-255,7156,70901,70,276120
11987,0.000714,172.31.40.0-255,66,70967,70,276120
11988,0.000738,74.125.24.0-255,5020,75987,70,276120
11989,0.000741,172.31.40.0-255,66,76053,70,276120
11990,0.000871,74.125.24.0-255,1484,77537,70,276120
11991,0.000877,74.125.24.0-255,2902,80439,70,276120
11992,0.000881,74.125.24.0-255,2902,83341,70,276120
11993,0.000887,172.31.40.0-255,66,83407,70,276120
11994,0.000891,172.31.40.0-255,66,83473,70,276120
11995,0.000906,74.125.24.0-255,2902,86375,70,276120
11996,0.000908,172.31.40.0-255,66,86441,70,276120
11997,0.000918,74.125.24.0-255,9992,96433,70,276120
11998,0.00092,172.31.40.0-255,66,96499,70,276120
11999,0.000974,172.31.40.0-255,66,96565,70,276120
12000,0.001034,74.125.24.0-255,1484,98049,70,276120
12001,0.00104,74.125.24.0-255,2902,100951,70,276120
12002,0.001042,172.31.40.0-255,66,101017,70,276120
12003,0.001047,74.125.24.0-255,2902,103919,70,276120
12004,0.001049,172.31.40.0-255,66,103985,70,276120
12005,0.001068,74.125.24.0-255,2902,106887,70,276120
12006,0.00107,172.31.40.0-255,66,106953,70,276120
12007,0.001082,74.125.24.0-255,5738,112691,70,276120
12008,0.001085,172.31.40.0-255,66,112757,70,276120
12009,0.001118,74.125.24.0-255,7156,119913,70,276120
12010,0.001121,172.31.40.0-255,66,119979,70,276120
12011,0.00113,74.125.24.0-255,10692,130671,70,276120
12012,0.001133,172.31.40.0-255,66,130737,70,276120
12013,0.001175,74.125.24.0-255,1484,132221,70,276120
12014,0.001179,74.125.24.0-255,1484,133705,70,276120
12015,0.001181,172.31.40.0-255,66,133771,70,276120
12016,0.00121,74.125.24.0-255,1484,135255,70,276120
12017,0.001216,74.125.24.0-255,5738,140993,70,276120
12018,0.001219,172.31.40.0-255,66,141059,70,276120
12019,0.001224,74.125.24.0-255,4320,145379,70,276120
12020,0.001227,172.31.40.0-255,66,145445,70,276120
12021,0.001236,74.125.24.0-255,2902,148347,70,276120
12022,0.001238,172.31.40.0-255,66,148413,70,276120
12023,0.001284,172.31.40.0-255,66,148479,70,276120
12024,0.001289,74.125.24.0-255,3602,152081,70,276120
12025,0.001292,172.31.40.0-255,66,152147,70,276120
12026,0.001357,74.125.24.0-255,1484,153631,70,276120
12027,0.001363,74.125.24.0-255,2902,156533,70,276120
12028,0.001366,172.31.40.0-255,66,156599,70,276120
12029,0.001371,74.125.24.0-255,4320,160919,70,276120
12030,0.001373,172.31.40.0-255,66,160985,70,276120
12031,0.001403,74.125.24.0-255,1484,162469,70,276120
12032,0.001418,172.31.40.0-255,66,162535,70,276120
12033,0.001425,74.125.24.0-255,7156,169691,70,276120
12034,0.001427,172.31.40.0-255,66,169757,70,276120
12035,0.001461,74.125.24.0-255,3602,173359,70,276120
12036,0.001464,172.31.40.0-255,66,173425,70,276120
12037,0.001492,74.125.24.0-255,4320,177745,70,276120
12038,0.001495,172.31.40.0-255,66,177811,70,276120
12039,0.0015,74.125.24.0-255,2902,180713,70,276120
12040,0.001502,172.31.40.0-255,66,180779,70,276120
12041,0.001541,74.125.24.0-255,7156,187935,70,276120
12042,0.001563,74.125.24.0-255,7856,195791,70,276120
12043,0.001604,172.31.40.0-255,66,195857,70,276120
12044,0.001613,172.31.40.0-255,66,195923,70,276120
12045,0.001626,172.31.40.0-255,66,195989,70,276120
12046,0.001721,74.125.24.0-255,1484,197473,70,276120
12047,0.001727,74.125.24.0-255,2902,200375,70,276120
12048,0.00173,172.31.40.0-255,66,200441,70,276120
12049,0.001736,74.125.24.0-255,4320,204761,70,276120
12050,0.001739,172.31.40.0-255,66,204827,70,276120
12051,0.001755,74.125.24.0-255,1484,206311,70,276120
12052,0.001762,74.125.24.0-255,5738,212049,70,276120
12053,0.001769,172.31.40.0-255,66,212115,70,276120
12054,0.001805,74.125.24.0-255,7156,219271,70,276120
12055,0.001812,74.125.24.0-255,7156,226427,70,276120
12056,0.001818,74.125.24.0-255,3602,230029,70,276120
12057,0.001835,74.125.24.0-255,1484,231513,70,276120
12058,0.001847,74.125.24.0-255,2902,234415,70,276120
12059,0.001863,74.125.24.0-255,5738,240153,70,276120
12060,0.001866,172.31.40.0-255,66,240219,70,276120
12061,0.001872,172.31.40.0-255,66,240285,70,276120
12062,0.001896,74.125.24.0-255,4320,244605,70,276120
12063,0.001905,74.125.24.0-255,8574,253179,70,276120
12064,0.001929,74.125.24.0-255,5738,258917,70,276120
12065,0.00194,172.31.40.0-255,66,258983,70,276120
12066,0.001995,74.125.24.0-255,1484,260467,70,276120
12067,0.002005,74.125.24.0-255,7856,268323,70,276120
12068,0.002014,172.31.40.0-255,66,268389,70,276120
12069,0.002035,74.125.24.0-255,7156,275545,70,276120
12070,0.002053,172.31.40.0-255,66,275611,70,276120
12071,0.002081,74.125.24.0-255,105,275716,70,276120
12072,0.002093,172.31.40.0-255,66,275782,70,276120
12073,0.003937,172.31.40.0-255,101,275883,70,276120
12074,0.004734,172.31.40.0-255,105,275988,70,276120
12075,0.006157,74.125.24.0-255,66,276054,70,276120
12076,0.006957,74.125.24.0-255,66,276120,70,276120
12077,0.0,74.125.130.0-255,150,150,70,146662
12078,2.2e-05,172.31.40.0-255,66,216,70,146662
12079,3e-05,74.125.130.0-255,1484,1700,70,146662
12080,3.6e-05,172.31.40.0-255,66,1766,70,146662
12081,6.1e-05,74.125.130.0-255,2902,4668,70,146662
12082,6.8e-05,172.31.40.0-255,66,4734,70,146662
12083,7.1e-05,74.125.130.0-255,1484,6218,70,146662
12084,7.3e-05,172.31.40.0-255,66,6284,70,146662
12085,7.8e-05,74.125.130.0-255,2902,9186,70,146662
12086,8e-05,172.31.40.0-255,66,9252,70,146662
12087,0.000125,74.125.130.0-255,6329,15581,70,146662
12088,0.000127,172.31.40.0-255,66,15647,70,146662
12089,0.000135,74.125.130.0-255,5738,21385,70,146662
12090,0.000138,172.31.40.0-255,66,21451,70,146662
12091,0.000156,74.125.130.0-255,1484,22935,70,146662
12092,0.000158,172.31.40.0-255,66,23001,70,146662
12093,0.000164,74.125.130.0-255,4320,27321,70,146662
12094,0.000166,172.31.40.0-255,66,27387,70,146662
12095,0.000198,74.125.130.0-255,2902,30289,70,146662
12096,0.000202,172.31.40.0-255,66,30355,70,146662
12097,0.000205,74.125.130.0-255,1125,31480,70,146662
12098,0.000211,172.31.40.0-255,66,31546,70,146662
12099,0.00053,74.125.130.0-255,1484,33030,70,146662
12100,0.000535,172.31.40.0-255,66,33096,70,146662
12101,0.000566,74.125.130.0-255,2902,35998,70,146662
12102,0.000569,172.31.40.0-255,66,36064,70,146662
12103,0.000572,74.125.130.0-255,1484,37548,70,146662
12104,0.000574,172.31.40.0-255,66,37614,70,146662
12105,0.000597,74.125.130.0-255,1484,39098,70,146662
12106,0.000603,172.31.40.0-255,66,39164,70,146662
12107,0.000608,74.125.130.0-255,4320,43484,70,146662
12108,0.000611,172.31.40.0-255,66,43550,70,146662
12109,0.000614,74.125.130.0-255,1484,45034,70,146662
12110,0.000649,74.125.130.0-255,3961,48995,70,146662
12111,0.000652,172.31.40.0-255,66,49061,70,146662
12112,0.000658,74.125.130.0-255,5738,54799,70,146662
12113,0.000661,172.31.40.0-255,66,54865,70,146662
12114,0.000664,74.125.130.0-255,1484,56349,70,146662
12115,0.00068,74.125.130.0-255,2902,59251,70,146662
12116,0.000687,172.31.40.0-255,66,59317,70,146662
12117,0.000717,74.125.130.0-255,5738,65055,70,146662
12118,0.000721,172.31.40.0-255,66,65121,70,146662
12119,0.000724,74.125.130.0-255,1377,66498,70,146662
12120,0.000825,74.125.130.0-255,120,66618,70,146662
12121,0.001142,74.125.130.0-255,1484,68102,70,146662
12122,0.001148,172.31.40.0-255,66,68168,70,146662
12123,0.001155,74.125.130.0-255,2902,71070,70,146662
12124,0.001158,172.31.40.0-255,66,71136,70,146662
12125,0.00119,74.125.130.0-255,1484,72620,70,146662
12126,0.001214,74.125.130.0-255,2902,75522,70,146662
12127,0.001217,172.31.40.0-255,66,75588,70,146662
12128,0.001246,74.125.130.0-255,2902,78490,70,146662
12129,0.001249,172.31.40.0-255,66,78556,70,146662
12130,0.001275,74.125.130.0-255,1484,80040,70,146662
12131,0.001296,74.125.130.0-255,2902,82942,70,146662
12132,0.001299,172.31.40.0-255,66,83008,70,146662
12133,0.001318,74.125.130.0-255,4320,87328,70,146662
12134,0.001336,172.31.40.0-255,66,87394,70,146662
12135,0.00134,74.125.130.0-255,1484,88878,70,146662
12136,0.001343,74.125.130.0-255,1484,90362,70,146662
12137,0.001345,172.31.40.0-255,66,90428,70,146662
12138,0.001388,74.125.130.0-255,1484,91912,70,146662
12139,0.001429,74.125.130.0-255,1484,93396,70,146662
12140,0.001433,172.31.40.0-255,66,93462,70,146662
12141,0.001453,74.125.130.0-255,2902,96364,70,146662
12142,0.001455,172.31.40.0-255,66,96430,70,146662
12143,0.001497,74.125.130.0-255,5020,101450,70,146662
12144,0.0015,172.31.40.0-255,66,101516,70,146662
12145,0.002105,74.125.130.0-255,1484,103000,70,146662
12146,0.003571,74.125.130.0-255,4320,107320,70,146662
12147,0.003578,172.31.40.0-255,66,107386,70,146662
12148,0.00566,74.125.130.0-255,5738,113124,70,146662
12149,0.005665,172.31.40.0-255,66,113190,70,146662
12150,0.007741,74.125.130.0-255,5738,118928,70,146662
12151,0.007747,172.31.40.0-255,66,118994,70,146662
12152,0.009866,74.125.130.0-255,5738,124732,70,146662
12153,0.009872,172.31.40.0-255,66,124798,70,146662
12154,0.011964,74.125.130.0-255,5738,130536,70,146662
12155,0.01197,172.31.40.0-255,66,130602,70,146662
12156,0.014049,74.125.130.0-255,5738,136340,70,146662
12157,0.014056,172.31.40.0-255,66,136406,70,146662
12158,0.016127,74.125.130.0-255,4320,140726,70,146662
12159,0.016135,172.31.40.0-255,66,140792,70,146662
12160,0.016161,74.125.130.0-255,1484,142276,70,146662
12161,0.018207,74.125.130.0-255,4320,146596,70,146662
12162,0.018214,172.31.40.0-255,66,146662,70,146662
12163,0.0,74.125.68.0-255,153,153,70,260246
12164,1.9e-05,172.31.40.0-255,66,219,70,260246
12165,2.6e-05,74.125.68.0-255,1484,1703,70,260246
12166,3e-05,172.31.40.0-255,66,1769,70,260246
12167,3.7e-05,74.125.68.0-255,2902,4671,70,260246
12168,4.1e-05,172.31.40.0-255,66,4737,70,260246
12169,5.2e-05,74.125.68.0-255,2902,7639,70,260246
12170,5.5e-05,172.31.40.0-255,66,7705,70,260246
12171,6.1e-05,74.125.68.0-255,4320,12025,70,260246
12172,6.3e-05,172.31.40.0-255,66,12091,70,260246
12173,9.8e-05,74.125.68.0-255,2100,14191,70,260246
12174,0.000101,172.31.40.0-255,66,14257,70,260246
12175,0.000132,74.125.68.0-255,2902,17159,70,260246
12176,0.000134,172.31.40.0-255,66,17225,70,260246
12177,0.000163,74.125.68.0-255,1484,18709,70,260246
12178,0.000166,172.31.40.0-255,66,18775,70,260246
12179,0.000171,74.125.68.0-255,2902,21677,70,260246
12180,0.000173,172.31.40.0-255,66,21743,70,260246
12181,0.00018,74.125.68.0-255,5738,27481,70,260246
12182,0.000186,172.31.40.0-255,66,27547,70,260246
12183,0.000219,74.125.68.0-255,7156,34703,70,260246
12184,0.000227,172.31.40.0-255,66,34769,70,260246
12185,0.000236,74.125.68.0-255,8574,43343,70,260246
12186,0.000239,172.31.40.0-255,66,43409,70,260246
12187,0.000264,74.125.68.0-255,5020,48429,70,260246
12188,0.000267,172.31.40.0-255,66,48495,70,260246
12189,0.000344,74.125.68.0-255,1484,49979,70,260246
12190,0.000347,172.31.40.0-255,66,50045,70,260246
12191,0.000369,74.125.68.0-255,2902,52947,70,260246
12192,0.000372,172.31.40.0-255,66,53013,70,260246
12193,0.000404,74.125.68.0-255,5738,58751,70,260246
12194,0.000407,172.31.40.0-255,66,58817,70,260246
12195,0.000411,74.125.68.0-255,1484,60301,70,260246
12196,0.000416,74.125.68.0-255,2902,63203,70,260246
12197,0.000418,172.31.40.0-255,66,63269,70,260246
12198,0.000448,74.125.68.0-255,1484,64753,70,260246
12199,0.00047,74.125.68.0-255,1705,66458,70,260246
12200,0.000473,172.31.40.0-255,66,66524,70,260246
12201,0.000516,74.125.68.0-255,1484,68008,70,260246
12202,0.000533,74.125.68.0-255,2902,70910,70,260246
12203,0.000536,172.31.40.0-255,66,70976,70,260246
12204,0.000556,74.125.68.0-255,2902,73878,70,260246
12205,0.000559,172.31.40.0-255,66,73944,70,260246
12206,0.000591,74.125.68.0-255,4320,78264,70,260246
12207,0.000594,172.31.40.0-255,66,78330,70,260246
12208,0.000624,74.125.68.0-255,4830,83160,70,260246
12209,0.000627,172.31.40.0-255,66,83226,70,260246
12210,0.000824,74.125.68.0-255,1484,84710,70,260246
12211,0.000842,74.125.68.0-255,2902,87612,70,260246
12212,0.000846,172.31.40.0-255,66,87678,70,260246
12213,0.00087,74.125.68.0-255,2902,90580,70,260246
12214,0.000874,172.31.40.0-255,66,90646,70,260246
12215,0.000879,74.125.68.0-255,4320,94966,70,260246
12216,0.000881,172.31.40.0-255,66,95032,70,260246
12217,0.000886,74.125.68.0-255,2902,97934,70,260246
12218,0.000888,172.31.40.0-255,66,98000,70,260246
12219,0.000917,74.125.68.0-255,5738,103738,70,260246
12220,0.00092,172.31.40.0-255,66,103804,70,260246
12221,0.00093,74.125.68.0-255,5738,109542,70,260246
12222,0.000933,172.31.40.0-255,66,109608,70,260246
12223,0.00094,74.125.68.0-255,7156,116764,70,260246
12224,0.000942,172.31.40.0-255,66,116830,70,260246
12225,0.000944,74.125.68.0-255,766,117596,70,260246
12226,0.001492,74.125.68.0-255,1484,119080,70,260246
12227,0.001497,172.31.40.0-255,66,119146,70,260246
12228,0.001503,74.125.68.0-255,2902,122048,70,260246
12229,0.001505,172.31.40.0-255,66,122114,70,260246
12230,0.001508,74.125.68.0-255,1484,123598,70,260246
12231,0.001524,74.125.68.0-255,2902,126500,70,260246
12232,0.001527,172.31.40.0-255,66,126566,70,260246
12233,0.001556,74.125.68.0-255,5738,132304,70,260246
12234,0.001559,172.31.40.0-255,66,132370,70,260246
12235,0.001566,74.125.68.0-255,1484,133854,70,260246
12236,0.001587,74.125.68.0-255,2902,136756,70,260246
12237,0.00159,172.31.40.0-255,66,136822,70,260246
12238,0.001597,74.125.68.0-255,5738,142560,70,260246
12239,0.001599,172.31.40.0-255,66,142626,70,260246
12240,0.001638,74.125.68.0-255,9274,151900,70,260246
12241,0.001641,172.31.40.0-255,66,151966,70,260246
12242,0.001746,74.125.68.0-255,1484,153450,70,260246
12243,0.001766,74.125.68.0-255,2902,156352,70,260246
12244,0.001769,172.31.40.0-255,66,156418,70,260246
12245,0.001775,74.125.68.0-255,4320,160738,70,260246
12246,0.001777,172.31.40.0-255,66,160804,70,260246
12247,0.001806,74.125.68.0-255,8574,169378,70,260246
12248,0.001808,172.31.40.0-255,66,169444,70,260246
12249,0.001841,74.125.68.0-255,1484,170928,70,260246
12250,0.001877,74.125.68.0-255,4320,175248,70,260246
12251,0.001884,74.125.68.0-255,7156,182404,70,260246
12252,0.001888,74.125.68.0-255,3602,186006,70,260246
12253,0.001891,172.31.40.0-255,66,186072,70,260246
12254,0.001895,172.31.40.0-255,66,186138,70,260246
12255,0.001897,172.31.40.0-255,66,186204,70,260246
12256,0.001932,74.125.68.0-255,1484,187688,70,260246
12257,0.001937,74.125.68.0-255,2902,190590,70,260246
12258,0.001939,172.31.40.0-255,66,190656,70,260246
12259,0.001972,74.125.68.0-255,2902,193558,70,260246
12260,0.001975,172.31.40.0-255,66,193624,70,260246
12261,0.002002,74.125.68.0-255,2902,196526,70,260246
12262,0.002005,172.31.40.0-255,66,196592,70,260246
12263,0.002008,74.125.68.0-255,1484,198076,70,260246
12264,0.002031,74.125.68.0-255,1484,199560,70,260246
12265,0.002033,172.31.40.0-255,66,199626,70,260246
12266,0.002053,74.125.68.0-255,4320,203946,70,260246
12267,0.002057,172.31.40.0-255,66,204012,70,260246
12268,0.002084,74.125.68.0-255,1484,205496,70,260246
12269,0.002088,74.125.68.0-255,2902,208398,70,260246
12270,0.00209,172.31.40.0-255,66,208464,70,260246
12271,0.00211,74.125.68.0-255,5738,214202,70,260246
12272,0.002112,172.31.40.0-255,66,214268,70,260246
12273,0.002139,74.125.68.0-255,1484,215752,70,260246
12274,0.002164,74.125.68.0-255,2902,218654,70,260246
12275,0.002167,172.31.40.0-255,66,218720,70,260246
12276,0.002171,74.125.68.0-255,2184,220904,70,260246
12277,0.002173,172.31.40.0-255,66,220970,70,260246
12278,0.004476,74.125.68.0-255,5738,226708,70,260246
12279,0.004483,172.31.40.0-255,66,226774,70,260246
12280,0.006774,74.125.68.0-255,4320,231094,70,260246
12281,0.006779,172.31.40.0-255,66,231160,70,260246
12282,0.006805,74.125.68.0-255,1484,232644,70,260246
12283,0.009073,74.125.68.0-255,4320,236964,70,260246
12284,0.00908,172.31.40.0-255,66,237030,70,260246
12285,0.011376,74.125.68.0-255,5738,242768,70,260246
12286,0.011384,172.31.40.0-255,66,242834,70,260246
12287,0.0137,74.125.68.0-255,5738,248572,70,260246
12288,0.013709,172.31.40.0-255,66,248638,70,260246
12289,0.016005,74.125.68.0-255,5738,254376,70,260246
12290,0.016014,172.31.40.0-255,66,254442,70,260246
12291,0.018305,74.125.68.0-255,5738,260180,70,260246
12292,0.018314,172.31.40.0-255,66,260246,70,260246
12293,0.0,74.125.68.0-255,155,155,70,311584
12294,1.4e-05,172.31.40.0-255,66,221,70,311584
12295,3.1e-05,74.125.68.0-255,1484,1705,70,311584
12296,3.5e-05,172.31.40.0-255,66,1771,70,311584
12297,4e-05,74.125.68.0-255,2902,4673,70,311584
12298,4.3e-05,172.31.40.0-255,66,4739,70,311584
12299,4.6e-05,74.125.68.0-255,1484,6223,70,311584
12300,4.8e-05,172.31.40.0-255,66,6289,70,311584
12301,7.4e-05,74.125.68.0-255,2902,9191,70,311584
12302,7.7e-05,172.31.40.0-255,66,9257,70,311584
12303,0.000103,74.125.68.0-255,4320,13577,70,311584
12304,0.000105,172.31.40.0-255,66,13643,70,311584
12305,0.000119,74.125.68.0-255,2102,15745,70,311584
12306,0.000121,172.31.40.0-255,66,15811,70,311584
12307,0.000124,74.125.68.0-255,1484,17295,70,311584
12308,0.000125,172.31.40.0-255,66,17361,70,311584
12309,0.000151,74.125.68.0-255,1484,18845,70,311584
12310,0.000154,172.31.40.0-255,66,18911,70,311584
12311,0.000165,172.31.40.0-255,66,18977,70,311584
12312,0.000172,74.125.68.0-255,5738,24715,70,311584
12313,0.000174,172.31.40.0-255,66,24781,70,311584
12314,0.000188,74.125.68.0-255,1484,26265,70,311584
12315,0.00019,172.31.40.0-255,66,26331,70,311584
12316,0.000198,74.125.68.0-255,8574,34905,70,311584
12317,0.0002,172.31.40.0-255,66,34971,70,311584
12318,0.000237,74.125.68.0-255,2184,37155,70,311584
12319,0.000239,172.31.40.0-255,66,37221,70,311584
12320,0.000243,74.125.68.0-255,2902,40123,70,311584
12321,0.000245,172.31.40.0-255,66,40189,70,311584
12322,0.00025,74.125.68.0-255,4320,44509,70,311584
12323,0.000252,172.31.40.0-255,66,44575,70,311584
12324,0.000273,74.125.68.0-255,2902,47477,70,311584
12325,0.000275,172.31.40.0-255,66,47543,70,311584
12326,0.00028,74.125.68.0-255,5738,53281,70,311584
12327,0.000282,172.31.40.0-255,66,53347,70,311584
12328,0.000304,74.125.68.0-255,1463,54810,70,311584
12329,0.000451,74.125.68.0-255,1484,56294,70,311584
12330,0.000455,172.31.40.0-255,66,56360,70,311584
12331,0.000459,74.125.68.0-255,1484,57844,70,311584
12332,0.000473,74.125.68.0-255,1484,59328,70,311584
12333,0.000475,172.31.40.0-255,66,59394,70,311584
12334,0.000478,74.125.68.0-255,1484,60878,70,311584
12335,0.000495,74.125.68.0-255,1484,62362,70,311584
12336,0.000497,172.31.40.0-255,66,62428,70,311584
12337,0.000502,74.125.68.0-255,4320,66748,70,311584
12338,0.000504,172.31.40.0-255,66,66814,70,311584
12339,0.000529,74.125.68.0-255,4320,71134,70,311584
12340,0.000532,172.31.40.0-255,66,71200,70,311584
12341,0.000551,74.125.68.0-255,4320,75520,70,311584
12342,0.000553,172.31.40.0-255,66,75586,70,311584
12343,0.000557,74.125.68.0-255,2902,78488,70,311584
12344,0.000559,172.31.40.0-255,66,78554,70,311584
12345,0.000599,74.125.68.0-255,5738,84292,70,311584
12346,0.000602,172.31.40.0-255,66,84358,70,311584
12347,0.000624,74.125.68.0-255,5020,89378,70,311584
12348,0.000627,172.31.40.0-255,66,89444,70,311584
12349,0.001444,74.125.68.0-255,1484,90928,70,311584
12350,0.001454,74.125.68.0-255,2902,93830,70,311584
12351,0.001458,172.31.40.0-255,66,93896,70,311584
12352,0.001463,74.125.68.0-255,1484,95380,70,311584
12353,0.001484,74.125.68.0-255,4320,99700,70,311584
12354,0.001487,172.31.40.0-255,66,99766,70,311584
12355,0.001492,74.125.68.0-255,2902,102668,70,311584
12356,0.001494,172.31.40.0-255,66,102734,70,311584
12357,0.001513,74.125.68.0-255,7156,109890,70,311584
12358,0.001515,172.31.40.0-255,66,109956,70,311584
12359,0.001554,172.31.40.0-255,66,110022,70,311584
12360,0.001559,74.125.68.0-255,2184,112206,70,311584
12361,0.001561,172.31.40.0-255,66,112272,70,311584
12362,0.001711,74.125.68.0-255,1484,113756,70,311584
12363,0.001717,74.125.68.0-255,2902,116658,70,311584
12364,0.001721,172.31.40.0-255,66,116724,70,311584
12365,0.001749,74.125.68.0-255,2902,119626,70,311584
12366,0.001751,172.31.40.0-255,66,119692,70,311584
12367,0.001757,74.125.68.0-255,4320,124012,70,311584
12368,0.001759,172.31.40.0-255,66,124078,70,311584
12369,0.001782,74.125.68.0-255,2902,126980,70,311584
12370,0.001784,172.31.40.0-255,66,127046,70,311584
12371,0.001801,74.125.68.0-255,5738,132784,70,311584
12372,0.001804,172.31.40.0-255,66,132850,70,311584
12373,0.00181,74.125.68.0-255,5738,138588,70,311584
12374,0.001812,172.31.40.0-255,66,138654,70,311584
12375,0.001845,74.125.68.0-255,7156,145810,70,311584
12376,0.001847,172.31.40.0-255,66,145876,70,311584
12377,0.001855,74.125.68.0-255,6438,152314,70,311584
12378,0.001856,172.31.40.0-255,66,152380,70,311584
12379,0.001886,74.125.68.0-255,7156,159536,70,311584
12380,0.001889,172.31.40.0-255,66,159602,70,311584
12381,0.001911,74.125.68.0-255,5738,165340,70,311584
12382,0.001914,172.31.40.0-255,66,165406,70,311584
12383,0.001929,74.125.68.0-255,5738,171144,70,311584
12384,0.001931,172.31.40.0-255,66,171210,70,311584
12385,0.001949,74.125.68.0-255,1484,172694,70,311584
12386,0.001979,74.125.68.0-255,7856,180550,70,311584
12387,0.001982,172.31.40.0-255,66,180616,70,311584
12388,0.001987,74.125.68.0-255,2902,183518,70,311584
12389,0.00199,172.31.40.0-255,66,183584,70,311584
12390,0.002007,74.125.68.0-255,7156,190740,70,311584
12391,0.002011,172.31.40.0-255,66,190806,70,311584
12392,0.002017,74.125.68.0-255,5738,196544,70,311584
12393,0.00202,172.31.40.0-255,66,196610,70,311584
12394,0.002026,74.125.68.0-255,5738,202348,70,311584
12395,0.002029,172.31.40.0-255,66,202414,70,311584
12396,0.002044,74.125.68.0-255,1484,203898,70,311584
12397,0.002072,74.125.68.0-255,10692,214590,70,311584
12398,0.002075,172.31.40.0-255,66,214656,70,311584
12399,0.002103,74.125.68.0-255,5738,220394,70,311584
12400,0.002106,172.31.40.0-255,66,220460,70,311584
12401,0.00213,74.125.68.0-255,5738,226198,70,311584
12402,0.002134,172.31.40.0-255,66,226264,70,311584
12403,0.002137,74.125.68.0-255,2902,229166,70,311584
12404,0.00214,172.31.40.0-255,66,229232,70,311584
12405,0.002172,74.125.68.0-255,4320,233552,70,311584
12406,0.002175,172.31.40.0-255,66,233618,70,311584
12407,0.002197,74.125.68.0-255,9992,243610,70,311584
12408,0.0022,172.31.40.0-255,66,243676,70,311584
12409,0.002236,172.31.40.0-255,66,243742,70,311584
12410,0.002269,74.125.68.0-255,2184,245926,70,311584
12411,0.002272,172.31.40.0-255,66,245992,70,311584
12412,0.002289,172.31.40.0-255,66,246058,70,311584
12413,0.002294,74.125.68.0-255,4320,250378,70,311584
12414,0.002297,172.31.40.0-255,66,250444,70,311584
12415,0.002343,172.31.40.0-255,66,250510,70,311584
12416,0.002346,74.125.68.0-255,1484,251994,70,311584
12417,0.002407,74.125.68.0-255,7156,259150,70,311584
12418,0.00241,172.31.40.0-255,66,259216,70,311584
12419,0.002445,74.125.68.0-255,5738,264954,70,311584
12420,0.002449,172.31.40.0-255,66,265020,70,311584
12421,0.002455,74.125.68.0-255,5738,270758,70,311584
12422,0.002458,172.31.40.0-255,66,270824,70,311584
12423,0.002471,172.31.40.0-255,66,270890,70,311584
12424,0.002474,74.125.68.0-255,1484,272374,70,311584
12425,0.004887,74.125.68.0-255,4320,276694,70,311584
12426,0.004895,172.31.40.0-255,66,276760,70,311584
12427,0.007322,74.125.68.0-255,5738,282498,70,311584
12428,0.007328,172.31.40.0-255,66,282564,70,311584
12429,0.009741,74.125.68.0-255,5738,288302,70,311584
12430,0.009745,172.31.40.0-255,66,288368,70,311584
12431,0.012173,74.125.68.0-255,5738,294106,70,311584
12432,0.012181,172.31.40.0-255,66,294172,70,311584
12433,0.014618,74.125.68.0-255,5738,299910,70,311584
12434,0.014626,172.31.40.0-255,66,299976,70,311584
12435,0.017067,74.125.68.0-255,5738,305714,70,311584
12436,0.017081,172.31.40.0-255,66,305780,70,311584
12437,0.019514,74.125.68.0-255,5738,311518,70,311584
12438,0.019524,172.31.40.0-255,66,311584,70,311584
12439,0.0,172.253.118.0-255,153,153,70,225456
12440,2.4e-05,172.31.40.0-255,66,219,70,225456
12441,3.1e-05,172.253.118.0-255,1484,1703,70,225456
12442,3.7e-05,172.31.40.0-255,66,1769,70,225456
12443,4.3e-05,172.253.118.0-255,2902,4671,70,225456
12444,4.6e-05,172.31.40.0-255,66,4737,70,225456
12445,5.2e-05,172.253.118.0-255,4320,9057,70,225456
12446,5.5e-05,172.31.40.0-255,66,9123,70,225456
12447,8.4e-05,172.253.118.0-255,4924,14047,70,225456
12448,8.7e-05,172.31.40.0-255,66,14113,70,225456
12449,0.000105,172.253.118.0-255,1484,15597,70,225456
12450,0.000108,172.31.40.0-255,66,15663,70,225456
12451,0.000136,172.253.118.0-255,4320,19983,70,225456
12452,0.000138,172.31.40.0-255,66,20049,70,225456
12453,0.000146,172.253.118.0-255,7156,27205,70,225456
12454,0.000149,172.31.40.0-255,66,27271,70,225456
12455,0.000185,172.253.118.0-255,3961,31232,70,225456
12456,0.000188,172.31.40.0-255,66,31298,70,225456
12457,0.000276,172.253.118.0-255,1484,32782,70,225456
12458,0.00028,172.31.40.0-255,66,32848,70,225456
12459,0.000286,172.253.118.0-255,2902,35750,70,225456
12460,0.000288,172.31.40.0-255,66,35816,70,225456
12461,0.000294,172.253.118.0-255,4320,40136,70,225456
12462,0.000296,172.31.40.0-255,66,40202,70,225456
12463,0.000329,172.253.118.0-255,1484,41686,70,225456
12464,0.000332,172.31.40.0-255,66,41752,70,225456
12465,0.000338,172.253.118.0-255,2902,44654,70,225456
12466,0.000339,172.31.40.0-255,66,44720,70,225456
12467,0.000363,172.253.118.0-255,3961,48681,70,225456
12468,0.000366,172.31.40.0-255,66,48747,70,225456
12469,0.000394,172.253.118.0-255,1484,50231,70,225456
12470,0.000396,172.31.40.0-255,66,50297,70,225456
12471,0.000401,172.253.118.0-255,2902,53199,70,225456
12472,0.000403,172.31.40.0-255,66,53265,70,225456
12473,0.000414,172.253.118.0-255,1484,54749,70,225456
12474,0.000434,172.253.118.0-255,4320,59069,70,225456
12475,0.000437,172.31.40.0-255,66,59135,70,225456
12476,0.00044,172.253.118.0-255,1484,60619,70,225456
12477,0.000456,172.253.118.0-255,2902,63521,70,225456
12478,0.000459,172.31.40.0-255,66,63587,70,225456
12479,0.000481,172.253.118.0-255,2843,66430,70,225456
12480,0.000483,172.31.40.0-255,66,66496,70,225456
12481,0.000532,172.253.118.0-255,126,66622,70,225456
12482,0.000544,172.253.118.0-255,348,66970,70,225456
12483,0.000759,172.253.118.0-255,1484,68454,70,225456
12484,0.000764,172.31.40.0-255,66,68520,70,225456
12485,0.000769,172.253.118.0-255,2902,71422,70,225456
12486,0.000772,172.31.40.0-255,66,71488,70,225456
12487,0.000778,172.253.118.0-255,5738,77226,70,225456
12488,0.000781,172.31.40.0-255,66,77292,70,225456
12489,0.000804,172.253.118.0-255,2902,80194,70,225456
12490,0.000807,172.31.40.0-255,66,80260,70,225456
12491,0.000826,172.253.118.0-255,9992,90252,70,225456
12492,0.000829,172.31.40.0-255,66,90318,70,225456
12493,0.000849,172.253.118.0-255,10692,101010,70,225456
12494,0.000852,172.31.40.0-255,66,101076,70,225456
12495,0.001552,172.253.118.0-255,1484,102560,70,225456
12496,0.001561,172.253.118.0-255,2902,105462,70,225456
12497,0.001566,172.31.40.0-255,66,105528,70,225456
12498,0.001574,172.253.118.0-255,5738,111266,70,225456
12499,0.001576,172.31.40.0-255,66,111332,70,225456
12500,0.001611,172.31.40.0-255,66,111398,70,225456
12501,0.001646,172.253.118.0-255,1484,112882,70,225456
12502,0.001665,172.253.118.0-255,9274,122156,70,225456
12503,0.001668,172.31.40.0-255,66,122222,70,225456
12504,0.00233,172.253.118.0-255,1484,123706,70,225456
12505,0.002338,172.253.118.0-255,2902,126608,70,225456
12506,0.002343,172.31.40.0-255,66,126674,70,225456
12507,0.002348,172.253.118.0-255,2902,129576,70,225456
12508,0.00235,172.31.40.0-255,66,129642,70,225456
12509,0.002383,172.253.118.0-255,7156,136798,70,225456
12510,0.002391,172.31.40.0-255,66,136864,70,225456
12511,0.002395,172.253.118.0-255,1484,138348,70,225456
12512,0.002418,172.253.118.0-255,8574,146922,70,225456
12513,0.00242,172.31.40.0-255,66,146988,70,225456
12514,0.002467,172.253.118.0-255,9274,156262,70,225456
12515,0.00247,172.31.40.0-255,66,156328,70,225456
12516,0.002561,172.253.118.0-255,1484,157812,70,225456
12517,0.002564,172.253.118.0-255,1484,159296,70,225456
12518,0.002569,172.31.40.0-255,66,159362,70,225456
12519,0.002581,172.253.118.0-255,1484,160846,70,225456
12520,0.002584,172.253.118.0-255,1484,162330,70,225456
12521,0.002586,172.31.40.0-255,66,162396,70,225456
12522,0.002615,172.253.118.0-255,4320,166716,70,225456
12523,0.002618,172.31.40.0-255,66,166782,70,225456
12524,0.002624,172.253.118.0-255,4320,171102,70,225456
12525,0.002626,172.31.40.0-255,66,171168,70,225456
12526,0.002629,172.253.118.0-255,1484,172652,70,225456
12527,0.002651,172.253.118.0-255,9992,182644,70,225456
12528,0.002653,172.31.40.0-255,66,182710,70,225456
12529,0.002681,172.253.118.0-255,7856,190566,70,225456
12530,0.002684,172.31.40.0-255,66,190632,70,225456
12531,0.005462,172.253.118.0-255,5738,196370,70,225456
12532,0.00547,172.31.40.0-255,66,196436,70,225456
12533,0.008254,172.253.118.0-255,5738,202174,70,225456
12534,0.008263,172.31.40.0-255,66,202240,70,225456
12535,0.011046,172.253.118.0-255,5738,207978,70,225456
12536,0.011058,172.31.40.0-255,66,208044,70,225456
12537,0.013856,172.253.118.0-255,5738,213782,70,225456
12538,0.013872,172.31.40.0-255,66,213848,70,225456
12539,0.016646,172.253.118.0-255,5738,219586,70,225456
12540,0.016658,172.31.40.0-255,66,219652,70,225456
12541,0.019434,172.253.118.0-255,5738,225390,70,225456
12542,0.019451,172.31.40.0-255,66,225456,70,225456
12543,0.0,74.125.130.0-255,146,146,70,249637
12544,2.5e-05,172.31.40.0-255,66,212,70,249637
12545,3.1e-05,74.125.130.0-255,1484,1696,70,249637
12546,3.6e-05,172.31.40.0-255,66,1762,70,249637
12547,6.7e-05,74.125.130.0-255,2902,4664,70,249637
12548,7e-05,172.31.40.0-255,66,4730,70,249637
12549,8.2e-05,74.125.130.0-255,2902,7632,70,249637
12550,8.5e-05,172.31.40.0-255,66,7698,70,249637
12551,0.000102,74.125.130.0-255,2902,10600,70,249637
12552,0.000105,172.31.40.0-255,66,10666,70,249637
12553,0.000136,74.125.130.0-255,3520,14186,70,249637
12554,0.000139,172.31.40.0-255,66,14252,70,249637
12555,0.000369,74.125.130.0-255,1484,15736,70,249637
12556,0.000374,172.31.40.0-255,66,15802,70,249637
12557,0.000386,74.125.130.0-255,1484,17286,70,249637
12558,0.000388,172.31.40.0-255,66,17352,70,249637
12559,0.000406,74.125.130.0-255,2902,20254,70,249637
12560,0.000409,172.31.40.0-255,66,20320,70,249637
12561,0.000427,74.125.130.0-255,5738,26058,70,249637
12562,0.000429,172.31.40.0-255,66,26124,70,249637
12563,0.000434,74.125.130.0-255,4320,30444,70,249637
12564,0.000437,172.31.40.0-255,66,30510,70,249637
12565,0.000465,74.125.130.0-255,1484,31994,70,249637
12566,0.000468,172.31.40.0-255,66,32060,70,249637
12567,0.000495,74.125.130.0-255,3961,36021,70,249637
12568,0.000498,172.31.40.0-255,66,36087,70,249637
12569,0.000502,74.125.130.0-255,2902,38989,70,249637
12570,0.000503,172.31.40.0-255,66,39055,70,249637
12571,0.000508,74.125.130.0-255,4320,43375,70,249637
12572,0.00051,172.31.40.0-255,66,43441,70,249637
12573,0.00053,74.125.130.0-255,2902,46343,70,249637
12574,0.000533,172.31.40.0-255,66,46409,70,249637
12575,0.000547,74.125.130.0-255,2902,49311,70,249637
12576,0.000549,172.31.40.0-255,66,49377,70,249637
12577,0.000562,74.125.130.0-255,2902,52279,70,249637
12578,0.000564,172.31.40.0-255,66,52345,70,249637
12579,0.000568,74.125.130.0-255,2902,55247,70,249637
12580,0.00057,172.31.40.0-255,66,55313,70,249637
12581,0.000601,74.125.130.0-255,10692,66005,70,249637
12582,0.000604,172.31.40.0-255,66,66071,70,249637
12583,0.00064,74.125.130.0-255,341,66412,70,249637
12584,0.000843,74.125.130.0-255,401,66813,70,249637
12585,0.000953,74.125.130.0-255,1484,68297,70,249637
12586,0.000958,172.31.40.0-255,66,68363,70,249637
12587,0.000964,74.125.130.0-255,2902,71265,70,249637
12588,0.000966,172.31.40.0-255,66,71331,70,249637
12589,0.000991,74.125.130.0-255,4320,75651,70,249637
12590,0.000993,172.31.40.0-255,66,75717,70,249637
12591,0.001017,74.125.130.0-255,4320,80037,70,249637
12592,0.001019,172.31.40.0-255,66,80103,70,249637
12593,0.001035,74.125.130.0-255,1484,81587,70,249637
12594,0.001041,74.125.130.0-255,4320,85907,70,249637
12595,0.001043,172.31.40.0-255,66,85973,70,249637
12596,0.001063,74.125.130.0-255,2902,88875,70,249637
12597,0.001065,172.31.40.0-255,66,88941,70,249637
12598,0.001073,74.125.130.0-255,5738,94679,70,249637
12599,0.001075,172.31.40.0-255,66,94745,70,249637
12600,0.00109,74.125.130.0-255,2902,97647,70,249637
12601,0.001093,172.31.40.0-255,66,97713,70,249637
12602,0.001098,74.125.130.0-255,3602,101315,70,249637
12603,0.0011,172.31.40.0-255,66,101381,70,249637
12604,0.001187,74.125.130.0-255,1484,102865,70,249637
12605,0.001206,74.125.130.0-255,2902,105767,70,249637
12606,0.001209,172.31.40.0-255,66,105833,70,249637
12607,0.001214,74.125.130.0-255,2902,108735,70,249637
12608,0.001216,172.31.40.0-255,66,108801,70,249637
12609,0.001234,74.125.130.0-255,2902,111703,70,249637
12610,0.001236,172.31.40.0-255,66,111769,70,249637
12611,0.001243,74.125.130.0-255,5738,117507,70,249637
12612,0.001245,172.31.40.0-255,66,117573,70,249637
12613,0.001261,74.125.130.0-255,2902,120475,70,249637
12614,0.001263,172.31.40.0-255,66,120541,70,249637
12615,0.001268,74.125.130.0-255,2902,123443,70,249637
12616,0.00127,172.31.40.0-255,66,123509,70,249637
12617,0.001301,74.125.130.0-255,7156,130665,70,249637
12618,0.001304,172.31.40.0-255,66,130731,70,249637
12619,0.00131,74.125.130.0-255,5020,135751,70,249637
12620,0.001313,172.31.40.0-255,66,135817,70,249637
12621,0.001352,74.125.130.0-255,1484,137301,70,249637
12622,0.001371,74.125.130.0-255,2902,140203,70,249637
12623,0.001374,172.31.40.0-255,66,140269,70,249637
12624,0.001396,74.125.130.0-255,5738,146007,70,249637
12625,0.0014,172.31.40.0-255,66,146073,70,249637
12626,0.001407,74.125.130.0-255,5738,151811,70,249637
12627,0.001409,172.31.40.0-255,66,151877,70,249637
12628,0.00142,74.125.130.0-255,1484,153361,70,249637
12629,0.001484,74.125.130.0-255,8574,161935,70,249637
12630,0.001488,172.31.40.0-255,66,162001,70,249637
12631,0.001509,74.125.130.0-255,4320,166321,70,249637
12632,0.001512,172.31.40.0-255,66,166387,70,249637
12633,0.001517,74.125.130.0-255,3602,169989,70,249637
12634,0.00152,172.31.40.0-255,66,170055,70,249637
12635,0.001724,74.125.130.0-255,1484,171539,70,249637
12636,0.00174,74.125.130.0-255,2902,174441,70,249637
12637,0.001743,172.31.40.0-255,66,174507,70,249637
12638,0.001748,74.125.130.0-255,2902,177409,70,249637
12639,0.00175,172.31.40.0-255,66,177475,70,249637
12640,0.001763,74.125.130.0-255,1484,178959,70,249637
12641,0.001786,74.125.130.0-255,7156,186115,70,249637
12642,0.001788,172.31.40.0-255,66,186181,70,249637
12643,0.001803,74.125.130.0-255,1484,187665,70,249637
12644,0.001807,74.125.130.0-255,2902,190567,70,249637
12645,0.001809,172.31.40.0-255,66,190633,70,249637
12646,0.001827,74.125.130.0-255,1484,192117,70,249637
12647,0.001837,74.125.130.0-255,1484,193601,70,249637
12648,0.001841,172.31.40.0-255,66,193667,70,249637
12649,0.001876,74.125.130.0-255,9992,203659,70,249637
12650,0.001879,172.31.40.0-255,66,203725,70,249637
12651,0.001882,74.125.130.0-255,766,204491,70,249637
12652,0.002571,172.31.40.0-255,66,204557,70,249637
12653,0.003934,74.125.130.0-255,4320,208877,70,249637
12654,0.00394,172.31.40.0-255,66,208943,70,249637
12655,0.00461,74.125.130.0-255,1484,210427,70,249637
12656,0.005989,74.125.130.0-255,4320,214747,70,249637
12657,0.005994,172.31.40.0-255,66,214813,70,249637
12658,0.008056,74.125.130.0-255,5738,220551,70,249637
12659,0.008063,172.31.40.0-255,66,220617,70,249637
12660,0.010129,74.125.130.0-255,5738,226355,70,249637
12661,0.010136,172.31.40.0-255,66,226421,70,249637
12662,0.012204,74.125.130.0-255,5738,232159,70,249637
12663,0.012211,172.31.40.0-255,66,232225,70,249637
12664,0.014271,74.125.130.0-255,5738,237963,70,249637
12665,0.014277,172.31.40.0-255,66,238029,70,249637
12666,0.016334,74.125.130.0-255,5738,243767,70,249637
12667,0.016341,172.31.40.0-255,66,243833,70,249637
12668,0.018398,74.125.130.0-255,5738,249571,70,249637
12669,0.018406,172.31.40.0-255,66,249637,70,249637
12670,0.0,74.125.24.0-255,296,296,70,190483
12671,2.3e-05,172.31.40.0-255,66,362,70,190483
12672,2.9e-05,74.125.24.0-255,1484,1846,70,190483
12673,3.3e-05,172.31.40.0-255,66,1912,70,190483
12674,4e-05,74.125.24.0-255,2902,4814,70,190483
12675,4.3e-05,172.31.40.0-255,66,4880,70,190483
12676,4.9e-05,74.125.24.0-255,5738,10618,70,190483
12677,5.1e-05,172.31.40.0-255,66,10684,70,190483
12678,8.9e-05,74.125.24.0-255,3285,13969,70,190483
12679,9.2e-05,172.31.40.0-255,66,14035,70,190483
12680,0.000209,74.125.24.0-255,1484,15519,70,190483
12681,0.000214,172.31.40.0-255,66,15585,70,190483
12682,0.000233,74.125.24.0-255,1484,17069,70,190483
12683,0.000235,172.31.40.0-255,66,17135,70,190483
12684,0.000251,74.125.24.0-255,1484,18619,70,190483
12685,0.000253,172.31.40.0-255,66,18685,70,190483
12686,0.000261,74.125.24.0-255,5738,24423,70,190483
12687,0.000263,172.31.40.0-255,66,24489,70,190483
12688,0.000302,74.125.24.0-255,6797,31286,70,190483
12689,0.000305,172.31.40.0-255,66,31352,70,190483
12690,0.000313,74.125.24.0-255,7156,38508,70,190483
12691,0.000315,172.31.40.0-255,66,38574,70,190483
12692,0.000343,74.125.24.0-255,8574,47148,70,190483
12693,0.000345,172.31.40.0-255,66,47214,70,190483
12694,0.000375,74.125.24.0-255,1125,48339,70,190483
12695,0.000378,172.31.40.0-255,66,48405,70,190483
12696,0.001053,74.125.24.0-255,1484,49889,70,190483
12697,0.001058,172.31.40.0-255,66,49955,70,190483
12698,0.001066,74.125.24.0-255,2902,52857,70,190483
12699,0.001067,172.31.40.0-255,66,52923,70,190483
12700,0.001072,74.125.24.0-255,4320,57243,70,190483
12701,0.001074,172.31.40.0-255,66,57309,70,190483
12702,0.001086,74.125.24.0-255,1484,58793,70,190483
12703,0.00109,74.125.24.0-255,1484,60277,70,190483
12704,0.001092,172.31.40.0-255,66,60343,70,190483
12705,0.00111,74.125.24.0-255,4320,64663,70,190483
12706,0.001112,172.31.40.0-255,66,64729,70,190483
12707,0.001137,74.125.24.0-255,9633,74362,70,190483
12708,0.001139,172.31.40.0-255,66,74428,70,190483
12709,0.001147,74.125.24.0-255,8215,82643,70,190483
12710,0.001148,172.31.40.0-255,66,82709,70,190483
12711,0.001189,74.125.24.0-255,4320,87029,70,190483
12712,0.001191,172.31.40.0-255,66,87095,70,190483
12713,0.001214,74.125.24.0-255,4320,91415,70,190483
12714,0.001216,172.31.40.0-255,66,91481,70,190483
12715,0.001222,74.125.24.0-255,5738,97219,70,190483
12716,0.001224,172.31.40.0-255,66,97285,70,190483
12717,0.001238,74.125.24.0-255,1484,98769,70,190483
12718,0.001259,74.125.24.0-255,1704,100473,70,190483
12719,0.00126,172.31.40.0-255,66,100539,70,190483
12720,0.001422,74.125.24.0-255,1484,102023,70,190483
12721,0.001427,74.125.24.0-255,1484,103507,70,190483
12722,0.00143,172.31.40.0-255,66,103573,70,190483
12723,0.00145,74.125.24.0-255,1484,105057,70,190483
12724,0.001456,74.125.24.0-255,4320,109377,70,190483
12725,0.001459,172.31.40.0-255,66,109443,70,190483
12726,0.001496,74.125.24.0-255,4320,113763,70,190483
12727,0.001499,172.31.40.0-255,66,113829,70,190483
12728,0.001518,74.125.24.0-255,3298,117127,70,190483
12729,0.00152,172.31.40.0-255,66,117193,70,190483
12730,0.001784,74.125.24.0-255,212,117405,70,190483
12731,0.002114,74.125.24.0-255,1484,118889,70,190483
12732,0.00212,172.31.40.0-255,66,118955,70,190483
12733,0.002126,74.125.24.0-255,2902,121857,70,190483
12734,0.002128,172.31.40.0-255,66,121923,70,190483
12735,0.002132,74.125.24.0-255,1484,123407,70,190483
12736,0.00215,74.125.24.0-255,4320,127727,70,190483
12737,0.002152,172.31.40.0-255,66,127793,70,190483
12738,0.002159,74.125.24.0-255,5738,133531,70,190483
12739,0.002161,172.31.40.0-255,66,133597,70,190483
12740,0.002165,74.125.24.0-255,2902,136499,70,190483
12741,0.002169,172.31.40.0-255,66,136565,70,190483
12742,0.002183,74.125.24.0-255,4320,140885,70,190483
12743,0.002186,172.31.40.0-255,66,140951,70,190483
12744,0.002192,74.125.24.0-255,4320,145271,70,190483
12745,0.002195,172.31.40.0-255,66,145337,70,190483
12746,0.004309,74.125.24.0-255,1484,146821,70,190483
12747,0.004351,74.125.24.0-255,4320,151141,70,190483
12748,0.004354,172.31.40.0-255,66,151207,70,190483
12749,0.00649,74.125.24.0-255,5738,156945,70,190483
12750,0.006499,172.31.40.0-255,66,157011,70,190483
12751,0.008642,74.125.24.0-255,5738,162749,70,190483
12752,0.008647,172.31.40.0-255,66,162815,70,190483
12753,0.010804,74.125.24.0-255,5738,168553,70,190483
12754,0.01081,172.31.40.0-255,66,168619,70,190483
12755,0.012952,74.125.24.0-255,5738,174357,70,190483
12756,0.01296,172.31.40.0-255,66,174423,70,190483
12757,0.01512,74.125.24.0-255,5738,180161,70,190483
12758,0.01513,172.31.40.0-255,66,180227,70,190483
12759,0.017244,74.125.24.0-255,4320,184547,70,190483
12760,0.017252,172.31.40.0-255,66,184613,70,190483
12761,0.01727,74.125.24.0-255,1484,186097,70,190483
12762,0.019369,74.125.24.0-255,4320,190417,70,190483
12763,0.019378,172.31.40.0-255,66,190483,70,190483
12764,0.0,172.217.194.0-255,152,152,70,276368
12765,1.7e-05,172.31.40.0-255,66,218,70,276368
12766,2.4e-05,172.217.194.0-255,1484,1702,70,276368
12767,2.8e-05,172.31.40.0-255,66,1768,70,276368
12768,3.2e-05,172.217.194.0-255,1484,3252,70,276368
12769,3.4e-05,172.31.40.0-255,66,3318,70,276368
12770,6.1e-05,172.217.194.0-255,1484,4802,70,276368
12771,6.4e-05,172.31.40.0-255,66,4868,70,276368
12772,7.3e-05,172.217.194.0-255,7156,12024,70,276368
12773,7.6e-05,172.31.40.0-255,66,12090,70,276368
12774,8e-05,172.217.194.0-255,2064,14154,70,276368
12775,8.2e-05,172.31.40.0-255,66,14220,70,276368
12776,0.000137,172.217.194.0-255,8574,22794,70,276368
12777,0.00014,172.31.40.0-255,66,22860,70,276368
12778,0.00016,172.217.194.0-255,1484,24344,70,276368
12779,0.000162,172.31.40.0-255,66,24410,70,276368
12780,0.000178,172.217.194.0-255,4320,28730,70,276368
12781,0.00018,172.31.40.0-255,66,28796,70,276368
12782,0.000197,172.217.194.0-255,2543,31339,70,276368
12783,0.0002,172.31.40.0-255,66,31405,70,276368
12784,0.000331,172.217.194.0-255,1484,32889,70,276368
12785,0.000335,172.31.40.0-255,66,32955,70,276368
12786,0.000378,172.217.194.0-255,1484,34439,70,276368
12787,0.000381,172.31.40.0-255,66,34505,70,276368
12788,0.000385,172.217.194.0-255,1484,35989,70,276368
12789,0.000387,172.31.40.0-255,66,36055,70,276368
12790,0.000402,172.217.194.0-255,1484,37539,70,276368
12791,0.000404,172.31.40.0-255,66,37605,70,276368
12792,0.000411,172.217.194.0-255,5738,43343,70,276368
12793,0.000413,172.31.40.0-255,66,43409,70,276368
12794,0.000445,172.217.194.0-255,5379,48788,70,276368
12795,0.000448,172.31.40.0-255,66,48854,70,276368
12796,0.000451,172.217.194.0-255,1484,50338,70,276368
12797,0.000473,172.217.194.0-255,4320,54658,70,276368
12798,0.000476,172.31.40.0-255,66,54724,70,276368
12799,0.000482,172.217.194.0-255,4320,59044,70,276368
12800,0.000484,172.31.40.0-255,66,59110,70,276368
12801,0.000499,172.217.194.0-255,2902,62012,70,276368
12802,0.000502,172.31.40.0-255,66,62078,70,276368
12803,0.000533,172.217.194.0-255,4251,66329,70,276368
12804,0.000536,172.31.40.0-255,66,66395,70,276368
12805,0.000987,172.217.194.0-255,365,66760,70,276368
12806,0.001052,172.31.40.0-255,66,66826,70,276368
12807,0.001399,172.217.194.0-255,1484,68310,70,276368
12808,0.00141,172.217.194.0-255,2902,71212,70,276368
12809,0.001414,172.31.40.0-255,66,71278,70,276368
12810,0.001441,172.217.194.0-255,5738,77016,70,276368
12811,0.001444,172.31.40.0-255,66,77082,70,276368
12812,0.001449,172.217.194.0-255,2902,79984,70,276368
12813,0.001451,172.31.40.0-255,66,80050,70,276368
12814,0.00147,172.217.194.0-255,5738,85788,70,276368
12815,0.001473,172.31.40.0-255,66,85854,70,276368
12816,0.001503,172.217.194.0-255,5738,91592,70,276368
12817,0.001506,172.31.40.0-255,66,91658,70,276368
12818,0.001525,172.217.194.0-255,9274,100932,70,276368
12819,0.001527,172.31.40.0-255,66,100998,70,276368
12820,0.001608,172.217.194.0-255,1484,102482,70,276368
12821,0.001622,172.217.194.0-255,2902,105384,70,276368
12822,0.001626,172.31.40.0-255,66,105450,70,276368
12823,0.001648,172.217.194.0-255,5738,111188,70,276368
12824,0.00165,172.31.40.0-255,66,111254,70,276368
12825,0.001674,172.217.194.0-255,7156,118410,70,276368
12826,0.001677,172.31.40.0-255,66,118476,70,276368
12827,0.001731,172.31.40.0-255,66,118542,70,276368
12828,0.001782,172.31.40.0-255,66,118608,70,276368
12829,0.001796,172.31.40.0-255,66,118674,70,276368
12830,0.00182,172.217.194.0-255,1484,120158,70,276368
12831,0.001839,172.217.194.0-255,2902,123060,70,276368
12832,0.001842,172.31.40.0-255,66,123126,70,276368
12833,0.001847,172.217.194.0-255,2902,126028,70,276368
12834,0.001849,172.31.40.0-255,66,126094,70,276368
12835,0.001909,172.217.194.0-255,4320,130414,70,276368
12836,0.001913,172.31.40.0-255,66,130480,70,276368
12837,0.001941,172.217.194.0-255,3602,134082,70,276368
12838,0.001944,172.31.40.0-255,66,134148,70,276368
12839,0.001952,172.217.194.0-255,8574,142722,70,276368
12840,0.001956,172.217.194.0-255,1484,144206,70,276368
12841,0.001979,172.217.194.0-255,2902,147108,70,276368
12842,0.001985,172.217.194.0-255,5738,152846,70,276368
12843,0.001998,172.217.194.0-255,2902,155748,70,276368
12844,0.002031,172.217.194.0-255,7156,162904,70,276368
12845,0.002049,172.217.194.0-255,2902,165806,70,276368
12846,0.002052,172.217.194.0-255,766,166572,70,276368
12847,0.002083,172.217.194.0-255,1484,168056,70,276368
12848,0.002086,172.217.194.0-255,1484,169540,70,276368
12849,0.002115,172.217.194.0-255,2902,172442,70,276368
12850,0.002121,172.217.194.0-255,4320,176762,70,276368
12851,0.002137,172.217.194.0-255,2902,179664,70,276368
12852,0.002171,172.217.194.0-255,7156,186820,70,276368
12853,0.002188,172.217.194.0-255,4320,191140,70,276368
12854,0.002209,172.217.194.0-255,4320,195460,70,276368
12855,0.002231,172.217.194.0-255,5020,200480,70,276368
12856,0.002237,172.217.194.0-255,4320,204800,70,276368
12857,0.002254,172.217.194.0-255,5738,210538,70,276368
12858,0.002282,172.217.194.0-255,8574,219112,70,276368
12859,0.002316,172.217.194.0-255,7156,226268,70,276368
12860,0.002342,172.217.194.0-255,7856,234124,70,276368
12861,0.002345,172.217.194.0-255,1484,235608,70,276368
12862,0.002358,172.217.194.0-255,5738,241346,70,276368
12863,0.002368,172.217.194.0-255,1484,242830,70,276368
12864,0.003912,172.31.40.0-255,66,242896,70,276368
12865,0.006277,172.217.194.0-255,5738,248634,70,276368
12866,0.006283,172.31.40.0-255,66,248700,70,276368
12867,0.008587,172.217.194.0-255,4320,253020,70,276368
12868,0.008591,172.31.40.0-255,66,253086,70,276368
12869,0.008604,172.217.194.0-255,1484,254570,70,276368
12870,0.010934,172.217.194.0-255,4320,258890,70,276368
12871,0.010942,172.31.40.0-255,66,258956,70,276368
12872,0.013307,172.217.194.0-255,5738,264694,70,276368
12873,0.013316,172.31.40.0-255,66,264760,70,276368
12874,0.015664,172.217.194.0-255,5738,270498,70,276368
12875,0.015674,172.31.40.0-255,66,270564,70,276368
12876,0.018025,172.217.194.0-255,5738,276302,70,276368
12877,0.018033,172.31.40.0-255,66,276368,70,276368
12878,0.0,172.217.194.0-255,146,146,70,139952
12879,2.4e-05,172.31.40.0-255,66,212,70,139952
12880,3.2e-05,172.217.194.0-255,1484,1696,70,139952
12881,3.6e-05,172.31.40.0-255,66,1762,70,139952
12882,4.9e-05,172.217.194.0-255,2902,4664,70,139952
12883,5.3e-05,172.31.40.0-255,66,4730,70,139952
12884,6.1e-05,172.217.194.0-255,7156,11886,70,139952
12885,6.3e-05,172.31.40.0-255,66,11952,70,139952
12886,8.7e-05,172.217.194.0-255,2092,14044,70,139952
12887,8.9e-05,172.31.40.0-255,66,14110,70,139952
12888,0.000137,172.217.194.0-255,1484,15594,70,139952
12889,0.000139,172.31.40.0-255,66,15660,70,139952
12890,0.000157,172.217.194.0-255,2902,18562,70,139952
12891,0.00016,172.31.40.0-255,66,18628,70,139952
12892,0.000166,172.217.194.0-255,5738,24366,70,139952
12893,0.000168,172.31.40.0-255,66,24432,70,139952
12894,0.0002,172.217.194.0-255,4320,28752,70,139952
12895,0.000203,172.31.40.0-255,66,28818,70,139952
12896,0.000222,172.217.194.0-255,2543,31361,70,139952
12897,0.000224,172.31.40.0-255,66,31427,70,139952
12898,0.000231,172.217.194.0-255,7156,38583,70,139952
12899,0.000233,172.31.40.0-255,66,38649,70,139952
12900,0.000274,172.217.194.0-255,9633,48282,70,139952
12901,0.000278,172.31.40.0-255,66,48348,70,139952
12902,0.0003,172.217.194.0-255,1484,49832,70,139952
12903,0.000302,172.31.40.0-255,66,49898,70,139952
12904,0.000326,172.217.194.0-255,2902,52800,70,139952
12905,0.000329,172.31.40.0-255,66,52866,70,139952
12906,0.000334,172.217.194.0-255,2902,55768,70,139952
12907,0.000336,172.31.40.0-255,66,55834,70,139952
12908,0.00036,172.217.194.0-255,2902,58736,70,139952
12909,0.000363,172.31.40.0-255,66,58802,70,139952
12910,0.00037,172.217.194.0-255,5738,64540,70,139952
12911,0.000372,172.31.40.0-255,66,64606,70,139952
12912,0.000399,172.217.194.0-255,1398,66004,70,139952
12913,0.000401,172.31.40.0-255,66,66070,70,139952
12914,0.000623,172.217.194.0-255,119,66189,70,139952
12915,0.000626,172.31.40.0-255,66,66255,70,139952
12916,0.00069,172.217.194.0-255,1484,67739,70,139952
12917,0.000693,172.31.40.0-255,66,67805,70,139952
12918,0.000697,172.217.194.0-255,2902,70707,70,139952
12919,0.000722,172.217.194.0-255,5738,76445,70,139952
12920,0.000753,172.217.194.0-255,4320,80765,70,139952
12921,0.000765,172.217.194.0-255,2543,83308,70,139952
12922,0.000786,172.217.194.0-255,5738,89046,70,139952
12923,0.000798,172.217.194.0-255,1484,90530,70,139952
12924,0.000804,172.217.194.0-255,5738,96268,70,139952
12925,0.000844,172.217.194.0-255,1484,97752,70,139952
12926,0.000859,172.217.194.0-255,2858,100610,70,139952
12927,0.000881,172.31.40.0-255,66,100676,70,139952
12928,0.003308,172.217.194.0-255,5738,106414,70,139952
12929,0.003314,172.31.40.0-255,66,106480,70,139952
12930,0.005751,172.217.194.0-255,5738,112218,70,139952
12931,0.005755,172.31.40.0-255,66,112284,70,139952
12932,0.008163,172.217.194.0-255,5738,118022,70,139952
12933,0.008173,172.31.40.0-255,66,118088,70,139952
12934,0.010608,172.217.194.0-255,4320,122408,70,139952
12935,0.010616,172.31.40.0-255,66,122474,70,139952
12936,0.010646,172.217.194.0-255,1484,123958,70,139952
12937,0.013038,172.217.194.0-255,4320,128278,70,139952
12938,0.013045,172.31.40.0-255,66,128344,70,139952
12939,0.015454,172.217.194.0-255,5738,134082,70,139952
12940,0.015514,172.31.40.0-255,66,134148,70,139952
12941,0.017925,172.217.194.0-255,5738,139886,70,139952
12942,0.017934,172.31.40.0-255,66,139952,70,139952
12943,0.0,74.125.24.0-255,152,152,70,313297
12944,1.5e-05,172.31.40.0-255,66,218,70,313297
12945,2.1e-05,74.125.24.0-255,1484,1702,70,313297
12946,2.5e-05,172.31.40.0-255,66,1768,70,313297
12947,3.9e-05,74.125.24.0-255,2902,4670,70,313297
12948,4.2e-05,172.31.40.0-255,66,4736,70,313297
12949,4.9e-05,74.125.24.0-255,5738,10474,70,313297
12950,5.1e-05,172.31.40.0-255,66,10540,70,313297
12951,8.3e-05,74.125.24.0-255,1484,12024,70,313297
12952,8.5e-05,172.31.40.0-255,66,12090,70,313297
12953,9e-05,74.125.24.0-255,2101,14191,70,313297
12954,9.2e-05,172.31.40.0-255,66,14257,70,313297
12955,0.000113,74.125.24.0-255,5738,19995,70,313297
12956,0.000116,172.31.40.0-255,66,20061,70,313297
12957,0.000148,74.125.24.0-255,1484,21545,70,313297
12958,0.00015,172.31.40.0-255,66,21611,70,313297
12959,0.000159,74.125.24.0-255,8574,30185,70,313297
12960,0.000161,172.31.40.0-255,66,30251,70,313297
12961,0.000179,172.31.40.0-255,66,30317,70,313297
12962,0.000207,74.125.24.0-255,1484,31801,70,313297
12963,0.000209,172.31.40.0-255,66,31867,70,313297
12964,0.000213,74.125.24.0-255,1484,33351,70,313297
12965,0.000215,172.31.40.0-255,66,33417,70,313297
12966,0.000242,74.125.24.0-255,3602,37019,70,313297
12967,0.000249,172.31.40.0-255,66,37085,70,313297
12968,0.000365,74.125.24.0-255,1484,38569,70,313297
12969,0.000369,172.31.40.0-255,66,38635,70,313297
12970,0.000374,74.125.24.0-255,2902,41537,70,313297
12971,0.000377,172.31.40.0-255,66,41603,70,313297
12972,0.000379,74.125.24.0-255,1484,43087,70,313297
12973,0.000381,172.31.40.0-255,66,43153,70,313297
12974,0.000416,74.125.24.0-255,4320,47473,70,313297
12975,0.000419,172.31.40.0-255,66,47539,70,313297
12976,0.000427,74.125.24.0-255,7121,54660,70,313297
12977,0.000429,172.31.40.0-255,66,54726,70,313297
12978,0.000741,74.125.24.0-255,1484,56210,70,313297
12979,0.000775,74.125.24.0-255,1484,57694,70,313297
12980,0.000779,172.31.40.0-255,66,57760,70,313297
12981,0.000819,74.125.24.0-255,1484,59244,70,313297
12982,0.000827,74.125.24.0-255,5738,64982,70,313297
12983,0.000829,172.31.40.0-255,66,65048,70,313297
12984,0.000848,172.31.40.0-255,66,65114,70,313297
12985,0.000857,74.125.24.0-255,10692,75806,70,313297
12986,0.00086,172.31.40.0-255,66,75872,70,313297
12987,0.000898,74.125.24.0-255,1484,77356,70,313297
12988,0.000915,74.125.24.0-255,2902,80258,70,313297
12989,0.000918,172.31.40.0-255,66,80324,70,313297
12990,0.000925,74.125.24.0-255,5738,86062,70,313297
12991,0.000928,172.31.40.0-255,66,86128,70,313297
12992,0.000948,74.125.24.0-255,5738,91866,70,313297
12993,0.000965,172.31.40.0-255,66,91932,70,313297
12994,0.000976,74.125.24.0-255,7156,99088,70,313297
12995,0.000989,74.125.24.0-255,9992,109080,70,313297
12996,0.001001,172.31.40.0-255,66,109146,70,313297
12997,0.001058,74.125.24.0-255,6438,115584,70,313297
12998,0.001067,74.125.24.0-255,9274,124858,70,313297
12999,0.001077,172.31.40.0-255,66,124924,70,313297
13000,0.001526,74.125.24.0-255,1484,126408,70,313297
13001,0.001539,74.125.24.0-255,1484,127892,70,313297
13002,0.001543,172.31.40.0-255,66,127958,70,313297
13003,0.001573,74.125.24.0-255,1484,129442,70,313297
13004,0.001579,74.125.24.0-255,5738,135180,70,313297
13005,0.001615,74.125.24.0-255,10692,145872,70,313297
13006,0.001638,172.31.40.0-255,66,145938,70,313297
13007,0.001709,74.125.24.0-255,1484,147422,70,313297
13008,0.00173,74.125.24.0-255,2902,150324,70,313297
13009,0.001736,74.125.24.0-255,5738,156062,70,313297
13010,0.00174,74.125.24.0-255,2902,158964,70,313297
13011,0.001749,172.31.40.0-255,66,159030,70,313297
13012,0.001757,74.125.24.0-255,1484,160514,70,313297
13013,0.001788,74.125.24.0-255,8574,169088,70,313297
13014,0.001794,74.125.24.0-255,4320,173408,70,313297
13015,0.001809,74.125.24.0-255,5738,179146,70,313297
13016,0.001812,172.31.40.0-255,66,179212,70,313297
13017,0.001817,172.31.40.0-255,66,179278,70,313297
13018,0.001836,74.125.24.0-255,766,180044,70,313297
13019,0.001918,74.125.24.0-255,1484,181528,70,313297
13020,0.001923,74.125.24.0-255,2902,184430,70,313297
13021,0.001938,74.125.24.0-255,1484,185914,70,313297
13022,0.001951,74.125.24.0-255,4320,190234,70,313297
13023,0.001955,74.125.24.0-255,4320,194554,70,313297
13024,0.001958,172.31.40.0-255,66,194620,70,313297
13025,0.002008,74.125.24.0-255,2902,197522,70,313297
13026,0.002011,172.31.40.0-255,66,197588,70,313297
13027,0.002034,74.125.24.0-255,8574,206162,70,313297
13028,0.002041,74.125.24.0-255,7856,214018,70,313297
13029,0.002055,74.125.24.0-255,1484,215502,70,313297
13030,0.002058,74.125.24.0-255,1484,216986,70,313297
13031,0.002075,74.125.24.0-255,1484,218470,70,313297
13032,0.002081,74.125.24.0-255,5738,224208,70,313297
13033,0.002089,172.31.40.0-255,66,224274,70,313297
13034,0.002104,74.125.24.0-255,7156,231430,70,313297
13035,0.002124,74.125.24.0-255,4320,235750,70,313297
13036,0.002144,74.125.24.0-255,8574,244324,70,313297
13037,0.002156,172.31.40.0-255,66,244390,70,313297
13038,0.002167,74.125.24.0-255,10692,255082,70,313297
13039,0.002178,74.125.24.0-255,8574,263656,70,313297
13040,0.00219,172.31.40.0-255,66,263722,70,313297
13041,0.002221,74.125.24.0-255,9992,273714,70,313297
13042,0.002241,74.125.24.0-255,9274,282988,70,313297
13043,0.002246,74.125.24.0-255,2902,285890,70,313297
13044,0.002274,172.31.40.0-255,66,285956,70,313297
13045,0.002302,74.125.24.0-255,1484,287440,70,313297
13046,0.002323,74.125.24.0-255,9992,297432,70,313297
13047,0.002332,74.125.24.0-255,9992,307424,70,313297
13048,0.002343,74.125.24.0-255,1484,308908,70,313297
13049,0.002347,74.125.24.0-255,2902,311810,70,313297
13050,0.002352,172.31.40.0-255,66,311876,70,313297
13051,0.00463,74.125.24.0-255,1184,313060,70,313297
13052,0.013826,172.31.40.0-255,66,313126,70,313297
13053,0.013877,172.31.40.0-255,105,313231,70,313297
13054,0.016173,74.125.24.0-255,66,313297,70,313297
13055,0.0,74.125.24.0-255,152,152,70,134057
13056,2.2e-05,172.31.40.0-255,66,218,70,134057
13057,2.9e-05,74.125.24.0-255,1484,1702,70,134057
13058,3.2e-05,172.31.40.0-255,66,1768,70,134057
13059,3.9e-05,74.125.24.0-255,2902,4670,70,134057
13060,4.3e-05,172.31.40.0-255,66,4736,70,134057
13061,4.9e-05,74.125.24.0-255,4320,9056,70,134057
13062,5.2e-05,172.31.40.0-255,66,9122,70,134057
13063,5.5e-05,74.125.24.0-255,1484,10606,70,134057
13064,5.8e-05,172.31.40.0-255,66,10672,70,134057
13065,8.9e-05,74.125.24.0-255,7735,18407,70,134057
13066,9.2e-05,172.31.40.0-255,66,18473,70,134057
13067,0.000119,74.125.24.0-255,8574,27047,70,134057
13068,0.000121,172.31.40.0-255,66,27113,70,134057
13069,0.000145,74.125.24.0-255,3961,31074,70,134057
13070,0.000147,172.31.40.0-255,66,31140,70,134057
13071,0.000292,74.125.24.0-255,1484,32624,70,134057
13072,0.000297,172.31.40.0-255,66,32690,70,134057
13073,0.000303,74.125.24.0-255,2902,35592,70,134057
13074,0.000306,172.31.40.0-255,66,35658,70,134057
13075,0.000323,74.125.24.0-255,5738,41396,70,134057
13076,0.000326,172.31.40.0-255,66,41462,70,134057
13077,0.000358,74.125.24.0-255,7156,48618,70,134057
13078,0.000361,172.31.40.0-255,66,48684,70,134057
13079,0.000386,74.125.24.0-255,3961,52645,70,134057
13080,0.000388,172.31.40.0-255,66,52711,70,134057
13081,0.000402,172.31.40.0-255,66,52777,70,134057
13082,0.001686,74.125.24.0-255,113,52890,70,134057
13083,0.001693,172.31.40.0-255,66,52956,70,134057
13084,0.001818,74.125.24.0-255,1484,54440,70,134057
13085,0.001822,172.31.40.0-255,66,54506,70,134057
13086,0.001835,74.125.24.0-255,2902,57408,70,134057
13087,0.001838,172.31.40.0-255,66,57474,70,134057
13088,0.001846,74.125.24.0-255,5738,63212,70,134057
13089,0.001848,172.31.40.0-255,66,63278,70,134057
13090,0.001874,74.125.24.0-255,1484,64762,70,134057
13091,0.001892,74.125.24.0-255,9992,74754,70,134057
13092,0.001894,172.31.40.0-255,66,74820,70,134057
13093,0.001914,74.125.24.0-255,2543,77363,70,134057
13094,0.001916,172.31.40.0-255,66,77429,70,134057
13095,0.001919,74.125.24.0-255,1484,78913,70,134057
13096,0.001939,74.125.24.0-255,5738,84651,70,134057
13097,0.001941,172.31.40.0-255,66,84717,70,134057
13098,0.001956,74.125.24.0-255,2543,87260,70,134057
13099,0.001958,172.31.40.0-255,66,87326,70,134057
13100,0.003975,74.125.24.0-255,2902,90228,70,134057
13101,0.003982,172.31.40.0-255,66,90294,70,134057
13102,0.004032,74.125.24.0-255,2902,93196,70,134057
13103,0.004034,172.31.40.0-255,66,93262,70,134057
13104,0.006069,74.125.24.0-255,5738,99000,70,134057
13105,0.006075,172.31.40.0-255,66,99066,70,134057
13106,0.008141,74.125.24.0-255,5738,104804,70,134057
13107,0.008147,172.31.40.0-255,66,104870,70,134057
13108,0.008336,172.31.40.0-255,101,104971,70,134057
13109,0.010253,74.125.24.0-255,5738,110709,70,134057
13110,0.010261,172.31.40.0-255,66,110775,70,134057
13111,0.010385,74.125.24.0-255,66,110841,70,134057
13112,0.01232,74.125.24.0-255,5738,116579,70,134057
13113,0.012328,172.31.40.0-255,66,116645,70,134057
13114,0.014433,74.125.24.0-255,5738,122383,70,134057
13115,0.014442,172.31.40.0-255,66,122449,70,134057
13116,0.016515,74.125.24.0-255,5738,128187,70,134057
13117,0.016521,172.31.40.0-255,66,128253,70,134057
13118,0.0186,74.125.24.0-255,5738,133991,70,134057
13119,0.018608,172.31.40.0-255,66,134057,70,134057
13120,0.0,74.125.200.0-255,150,150,70,144877
13121,2.2e-05,172.31.40.0-255,66,216,70,144877
13122,2.9e-05,74.125.200.0-255,1484,1700,70,144877
13123,3.3e-05,172.31.40.0-255,66,1766,70,144877
13124,3.9e-05,74.125.200.0-255,2902,4668,70,144877
13125,4.1e-05,172.31.40.0-255,66,4734,70,144877
13126,4.8e-05,74.125.200.0-255,5738,10472,70,144877
13127,5.1e-05,172.31.40.0-255,66,10538,70,144877
13128,7.4e-05,74.125.200.0-255,1484,12022,70,144877
13129,7.6e-05,172.31.40.0-255,66,12088,70,144877
13130,8.2e-05,74.125.200.0-255,2055,14143,70,144877
13131,8.4e-05,172.31.40.0-255,66,14209,70,144877
13132,9.9e-05,74.125.200.0-255,1484,15693,70,144877
13133,0.000102,172.31.40.0-255,66,15759,70,144877
13134,0.000127,74.125.200.0-255,9992,25751,70,144877
13135,0.00013,172.31.40.0-255,66,25817,70,144877
13136,0.000136,74.125.200.0-255,5379,31196,70,144877
13137,0.000138,172.31.40.0-255,66,31262,70,144877
13138,0.000229,74.125.200.0-255,1484,32746,70,144877
13139,0.000233,172.31.40.0-255,66,32812,70,144877
13140,0.000236,74.125.200.0-255,1484,34296,70,144877
13141,0.000238,172.31.40.0-255,66,34362,70,144877
13142,0.000252,74.125.200.0-255,1484,35846,70,144877
13143,0.000254,172.31.40.0-255,66,35912,70,144877
13144,0.000257,74.125.200.0-255,1484,37396,70,144877
13145,0.000268,172.31.40.0-255,66,37462,70,144877
13146,0.000287,74.125.200.0-255,2902,40364,70,144877
13147,0.000289,172.31.40.0-255,66,40430,70,144877
13148,0.000296,74.125.200.0-255,5738,46168,70,144877
13149,0.000298,172.31.40.0-255,66,46234,70,144877
13150,0.000313,74.125.200.0-255,4320,50554,70,144877
13151,0.000315,172.31.40.0-255,66,50620,70,144877
13152,0.000332,74.125.200.0-255,6797,57417,70,144877
13153,0.000334,172.31.40.0-255,66,57483,70,144877
13154,0.000364,74.125.200.0-255,1484,58967,70,144877
13155,0.000393,74.125.200.0-255,7107,66074,70,144877
13156,0.000396,172.31.40.0-255,66,66140,70,144877
13157,0.000636,74.125.200.0-255,110,66250,70,144877
13158,0.000641,74.125.200.0-255,331,66581,70,144877
13159,0.000973,74.125.200.0-255,1484,68065,70,144877
13160,0.000978,172.31.40.0-255,66,68131,70,144877
13161,0.000984,74.125.200.0-255,2902,71033,70,144877
13162,0.000986,172.31.40.0-255,66,71099,70,144877
13163,0.001006,74.125.200.0-255,5738,76837,70,144877
13164,0.00101,172.31.40.0-255,66,76903,70,144877
13165,0.001036,74.125.200.0-255,7156,84059,70,144877
13166,0.001038,172.31.40.0-255,66,84125,70,144877
13167,0.001061,74.125.200.0-255,4320,88445,70,144877
13168,0.001063,172.31.40.0-255,66,88511,70,144877
13169,0.001071,74.125.200.0-255,7156,95667,70,144877
13170,0.001073,172.31.40.0-255,66,95733,70,144877
13171,0.001094,74.125.200.0-255,5020,100753,70,144877
13172,0.001097,172.31.40.0-255,66,100819,70,144877
13173,0.002363,74.125.200.0-255,1484,102303,70,144877
13174,0.002374,74.125.200.0-255,2902,105205,70,144877
13175,0.002378,172.31.40.0-255,66,105271,70,144877
13176,0.003476,74.125.200.0-255,1484,106755,70,144877
13177,0.004725,74.125.200.0-255,1484,108239,70,144877
13178,0.004729,172.31.40.0-255,66,108305,70,144877
13179,0.00475,74.125.200.0-255,2902,111207,70,144877
13180,0.004752,172.31.40.0-255,66,111273,70,144877
13181,0.007066,74.125.200.0-255,2902,114175,70,144877
13182,0.007069,172.31.40.0-255,66,114241,70,144877
13183,0.007085,74.125.200.0-255,2902,117143,70,144877
13184,0.007087,172.31.40.0-255,66,117209,70,144877
13185,0.009422,74.125.200.0-255,5738,122947,70,144877
13186,0.009429,172.31.40.0-255,66,123013,70,144877
13187,0.011841,74.125.200.0-255,5738,128751,70,144877
13188,0.01185,172.31.40.0-255,66,128817,70,144877
13189,0.014201,74.125.200.0-255,5738,134555,70,144877
13190,0.01421,172.31.40.0-255,66,134621,70,144877
13191,0.016537,74.125.200.0-255,4320,138941,70,144877
13192,0.016542,172.31.40.0-255,66,139007,70,144877
13193,0.016562,74.125.200.0-255,1484,140491,70,144877
13194,0.018894,74.125.200.0-255,4320,144811,70,144877
13195,0.018902,172.31.40.0-255,66,144877,70,144877
13196,0.0,74.125.24.0-255,152,152,70,233784
13197,1.5e-05,172.31.40.0-255,66,218,70,233784
13198,2.2e-05,74.125.24.0-255,1484,1702,70,233784
13199,2.6e-05,172.31.40.0-255,66,1768,70,233784
13200,3.2e-05,74.125.24.0-255,2902,4670,70,233784
13201,4.3e-05,172.31.40.0-255,66,4736,70,233784
13202,5.2e-05,74.125.24.0-255,7156,11892,70,233784
13203,5.5e-05,172.31.40.0-255,66,11958,70,233784
13204,7.2e-05,172.31.40.0-255,66,12024,70,233784
13205,7.6e-05,74.125.24.0-255,2543,14567,70,233784
13206,7.9e-05,172.31.40.0-255,66,14633,70,233784
13207,0.000193,74.125.24.0-255,1484,16117,70,233784
13208,0.000196,172.31.40.0-255,66,16183,70,233784
13209,0.0002,74.125.24.0-255,1484,17667,70,233784
13210,0.000203,172.31.40.0-255,66,17733,70,233784
13211,0.000233,74.125.24.0-255,1484,19217,70,233784
13212,0.000236,172.31.40.0-255,66,19283,70,233784
13213,0.000241,74.125.24.0-255,2902,22185,70,233784
13214,0.000243,172.31.40.0-255,66,22251,70,233784
13215,0.000255,74.125.24.0-255,7156,29407,70,233784
13216,0.000258,172.31.40.0-255,66,29473,70,233784
13217,0.00028,74.125.24.0-255,2543,32016,70,233784
13218,0.000282,172.31.40.0-255,66,32082,70,233784
13219,0.000887,74.125.24.0-255,1484,33566,70,233784
13220,0.000893,172.31.40.0-255,66,33632,70,233784
13221,0.000898,74.125.24.0-255,2902,36534,70,233784
13222,0.0009,172.31.40.0-255,66,36600,70,233784
13223,0.000904,74.125.24.0-255,2902,39502,70,233784
13224,0.000906,172.31.40.0-255,66,39568,70,233784
13225,0.000935,74.125.24.0-255,2902,42470,70,233784
13226,0.000937,172.31.40.0-255,66,42536,70,233784
13227,0.000946,74.125.24.0-255,9992,52528,70,233784
13228,0.000947,172.31.40.0-255,66,52594,70,233784
13229,0.000976,74.125.24.0-255,1125,53719,70,233784
13230,0.000993,172.31.40.0-255,66,53785,70,233784
13231,0.001006,172.31.40.0-255,66,53851,70,233784
13232,0.001047,74.125.24.0-255,5020,58871,70,233784
13233,0.00105,172.31.40.0-255,66,58937,70,233784
13234,0.001143,74.125.24.0-255,1484,60421,70,233784
13235,0.001167,74.125.24.0-255,1484,61905,70,233784
13236,0.00117,172.31.40.0-255,66,61971,70,233784
13237,0.001195,74.125.24.0-255,1484,63455,70,233784
13238,0.001201,74.125.24.0-255,5738,69193,70,233784
13239,0.001204,172.31.40.0-255,66,69259,70,233784
13240,0.001231,74.125.24.0-255,6797,76056,70,233784
13241,0.001234,172.31.40.0-255,66,76122,70,233784
13242,0.001382,74.125.24.0-255,1484,77606,70,233784
13243,0.001389,74.125.24.0-255,2902,80508,70,233784
13244,0.001392,172.31.40.0-255,66,80574,70,233784
13245,0.001398,74.125.24.0-255,4320,84894,70,233784
13246,0.0014,172.31.40.0-255,66,84960,70,233784
13247,0.001418,74.125.24.0-255,1484,86444,70,233784
13248,0.00142,74.125.24.0-255,1484,87928,70,233784
13249,0.001422,172.31.40.0-255,66,87994,70,233784
13250,0.001463,172.31.40.0-255,66,88060,70,233784
13251,0.001471,74.125.24.0-255,8574,96634,70,233784
13252,0.001472,172.31.40.0-255,66,96700,70,233784
13253,0.001503,74.125.24.0-255,2184,98884,70,233784
13254,0.001505,172.31.40.0-255,66,98950,70,233784
13255,0.001627,74.125.24.0-255,1484,100434,70,233784
13256,0.00164,74.125.24.0-255,2902,103336,70,233784
13257,0.001643,172.31.40.0-255,66,103402,70,233784
13258,0.001671,74.125.24.0-255,5738,109140,70,233784
13259,0.001674,172.31.40.0-255,66,109206,70,233784
13260,0.001706,74.125.24.0-255,2902,112108,70,233784
13261,0.001708,172.31.40.0-255,66,112174,70,233784
13262,0.001724,74.125.24.0-255,2902,115076,70,233784
13263,0.001727,172.31.40.0-255,66,115142,70,233784
13264,0.001747,74.125.24.0-255,7156,122298,70,233784
13265,0.001749,172.31.40.0-255,66,122364,70,233784
13266,0.00179,74.125.24.0-255,10692,133056,70,233784
13267,0.001793,172.31.40.0-255,66,133122,70,233784
13268,0.001804,172.31.40.0-255,66,133188,70,233784
13269,0.001809,74.125.24.0-255,4320,137508,70,233784
13270,0.001811,172.31.40.0-255,66,137574,70,233784
13271,0.001842,74.125.24.0-255,1484,139058,70,233784
13272,0.001872,74.125.24.0-255,7156,146214,70,233784
13273,0.001875,172.31.40.0-255,66,146280,70,233784
13274,0.001904,74.125.24.0-255,9274,155554,70,233784
13275,0.001906,172.31.40.0-255,66,155620,70,233784
13276,0.001957,74.125.24.0-255,1484,157104,70,233784
13277,0.001961,74.125.24.0-255,2902,160006,70,233784
13278,0.001963,172.31.40.0-255,66,160072,70,233784
13279,0.001969,74.125.24.0-255,4320,164392,70,233784
13280,0.00197,172.31.40.0-255,66,164458,70,233784
13281,0.001988,74.125.24.0-255,1484,165942,70,233784
13282,0.001996,74.125.24.0-255,7156,173098,70,233784
13283,0.001998,172.31.40.0-255,66,173164,70,233784
13284,0.002035,74.125.24.0-255,5738,178902,70,233784
13285,0.002038,172.31.40.0-255,66,178968,70,233784
13286,0.002045,74.125.24.0-255,8574,187542,70,233784
13287,0.002047,172.31.40.0-255,66,187608,70,233784
13288,0.002071,74.125.24.0-255,2184,189792,70,233784
13289,0.002073,172.31.40.0-255,66,189858,70,233784
13290,0.004158,74.125.24.0-255,1484,191342,70,233784
13291,0.00417,74.125.24.0-255,1484,192826,70,233784
13292,0.004173,172.31.40.0-255,66,192892,70,233784
13293,0.0042,74.125.24.0-255,2902,195794,70,233784
13294,0.004203,172.31.40.0-255,66,195860,70,233784
13295,0.006337,74.125.24.0-255,5738,201598,70,233784
13296,0.006344,172.31.40.0-255,66,201664,70,233784
13297,0.008491,74.125.24.0-255,5738,207402,70,233784
13298,0.008495,172.31.40.0-255,66,207468,70,233784
13299,0.010627,74.125.24.0-255,4320,211788,70,233784
13300,0.010634,172.31.40.0-255,66,211854,70,233784
13301,0.01066,74.125.24.0-255,1484,213338,70,233784
13302,0.012799,74.125.24.0-255,4320,217658,70,233784
13303,0.012808,172.31.40.0-255,66,217724,70,233784
13304,0.014967,74.125.24.0-255,5738,223462,70,233784
13305,0.014975,172.31.40.0-255,66,223528,70,233784
13306,0.017135,74.125.24.0-255,4320,227848,70,233784
13307,0.017145,172.31.40.0-255,66,227914,70,233784
13308,0.017176,74.125.24.0-255,1484,229398,70,233784
13309,0.019288,74.125.24.0-255,4320,233718,70,233784
13310,0.019295,172.31.40.0-255,66,233784,70,233784
13311,0.0,74.125.24.0-255,148,148,70,268663
13312,1.6e-05,172.31.40.0-255,66,214,70,268663
13313,2.3e-05,74.125.24.0-255,1484,1698,70,268663
13314,2.8e-05,172.31.40.0-255,66,1764,70,268663
13315,3.3e-05,74.125.24.0-255,2902,4666,70,268663
13316,3.7e-05,172.31.40.0-255,66,4732,70,268663
13317,4.3e-05,74.125.24.0-255,2902,7634,70,268663
13318,4.6e-05,172.31.40.0-255,66,7700,70,268663
13319,7.5e-05,74.125.24.0-255,4320,12020,70,268663
13320,7.8e-05,172.31.40.0-255,66,12086,70,268663
13321,8.2e-05,74.125.24.0-255,2100,14186,70,268663
13322,8.4e-05,172.31.40.0-255,66,14252,70,268663
13323,0.000153,74.125.24.0-255,1484,15736,70,268663
13324,0.000156,172.31.40.0-255,66,15802,70,268663
13325,0.000161,74.125.24.0-255,2902,18704,70,268663
13326,0.000163,172.31.40.0-255,66,18770,70,268663
13327,0.00017,74.125.24.0-255,5738,24508,70,268663
13328,0.000173,172.31.40.0-255,66,24574,70,268663
13329,0.000211,172.31.40.0-255,66,24640,70,268663
13330,0.000239,74.125.24.0-255,2543,27183,70,268663
13331,0.000241,172.31.40.0-255,66,27249,70,268663
13332,0.000255,172.31.40.0-255,66,27315,70,268663
13333,0.000275,74.125.24.0-255,8574,35889,70,268663
13334,0.000278,172.31.40.0-255,66,35955,70,268663
13335,0.000303,74.125.24.0-255,6732,42687,70,268663
13336,0.000306,172.31.40.0-255,66,42753,70,268663
13337,0.000393,74.125.24.0-255,383,43136,70,268663
13338,0.000397,172.31.40.0-255,66,43202,70,268663
13339,0.000618,74.125.24.0-255,1484,44686,70,268663
13340,0.000623,172.31.40.0-255,66,44752,70,268663
13341,0.00063,74.125.24.0-255,2902,47654,70,268663
13342,0.000632,172.31.40.0-255,66,47720,70,268663
13343,0.000649,74.125.24.0-255,5738,53458,70,268663
13344,0.000652,172.31.40.0-255,66,53524,70,268663
13345,0.000671,74.125.24.0-255,1484,55008,70,268663
13346,0.000692,74.125.24.0-255,8574,63582,70,268663
13347,0.000695,172.31.40.0-255,66,63648,70,268663
13348,0.000718,74.125.24.0-255,8574,72222,70,268663
13349,0.000721,172.31.40.0-255,66,72288,70,268663
13350,0.000759,74.125.24.0-255,2902,75190,70,268663
13351,0.000762,172.31.40.0-255,66,75256,70,268663
13352,0.000782,74.125.24.0-255,2184,77440,70,268663
13353,0.000785,172.31.40.0-255,66,77506,70,268663
13354,0.000809,74.125.24.0-255,1484,78990,70,268663
13355,0.00082,74.125.24.0-255,1484,80474,70,268663
13356,0.000823,172.31.40.0-255,66,80540,70,268663
13357,0.000826,74.125.24.0-255,1484,82024,70,268663
13358,0.00085,74.125.24.0-255,5738,87762,70,268663
13359,0.000853,172.31.40.0-255,66,87828,70,268663
13360,0.000861,74.125.24.0-255,7156,94984,70,268663
13361,0.000865,172.31.40.0-255,66,95050,70,268663
13362,0.000879,74.125.24.0-255,4320,99370,70,268663
13363,0.000881,172.31.40.0-255,66,99436,70,268663
13364,0.000914,74.125.24.0-255,5738,105174,70,268663
13365,0.000922,172.31.40.0-255,66,105240,70,268663
13366,0.000941,74.125.24.0-255,6438,111678,70,268663
13367,0.000944,172.31.40.0-255,66,111744,70,268663
13368,0.000947,74.125.24.0-255,1484,113228,70,268663
13369,0.000967,74.125.24.0-255,7156,120384,70,268663
13370,0.00097,172.31.40.0-255,66,120450,70,268663
13371,0.000992,74.125.24.0-255,4320,124770,70,268663
13372,0.001,74.125.24.0-255,8574,133344,70,268663
13373,0.001004,172.31.40.0-255,66,133410,70,268663
13374,0.001012,172.31.40.0-255,66,133476,70,268663
13375,0.001034,74.125.24.0-255,2902,136378,70,268663
13376,0.001036,172.31.40.0-255,66,136444,70,268663
13377,0.001062,74.125.24.0-255,5738,142182,70,268663
13378,0.001065,172.31.40.0-255,66,142248,70,268663
13379,0.001087,74.125.24.0-255,3602,145850,70,268663
13380,0.001091,172.31.40.0-255,66,145916,70,268663
13381,0.001094,74.125.24.0-255,1484,147400,70,268663
13382,0.001098,74.125.24.0-255,2902,150302,70,268663
13383,0.001101,172.31.40.0-255,66,150368,70,268663
13384,0.001104,74.125.24.0-255,1484,151852,70,268663
13385,0.001124,74.125.24.0-255,4320,156172,70,268663
13386,0.001127,172.31.40.0-255,66,156238,70,268663
13387,0.001185,74.125.24.0-255,7156,163394,70,268663
13388,0.001188,172.31.40.0-255,66,163460,70,268663
13389,0.001217,74.125.24.0-255,5738,169198,70,268663
13390,0.00122,172.31.40.0-255,66,169264,70,268663
13391,0.00123,74.125.24.0-255,10692,179956,70,268663
13392,0.001232,172.31.40.0-255,66,180022,70,268663
13393,0.0014,74.125.24.0-255,1484,181506,70,268663
13394,0.001407,74.125.24.0-255,2902,184408,70,268663
13395,0.001411,172.31.40.0-255,66,184474,70,268663
13396,0.001437,74.125.24.0-255,5738,190212,70,268663
13397,0.00144,172.31.40.0-255,66,190278,70,268663
13398,0.001447,74.125.24.0-255,7156,197434,70,268663
13399,0.001449,172.31.40.0-255,66,197500,70,268663
13400,0.001466,74.125.24.0-255,5738,203238,70,268663
13401,0.001469,172.31.40.0-255,66,203304,70,268663
13402,0.001475,74.125.24.0-255,5738,209042,70,268663
13403,0.001478,172.31.40.0-255,66,209108,70,268663
13404,0.001501,74.125.24.0-255,2902,212010,70,268663
13405,0.001505,172.31.40.0-255,66,212076,70,268663
13406,0.001544,74.125.24.0-255,5738,217814,70,268663
13407,0.001549,172.31.40.0-255,66,217880,70,268663
13408,0.001591,172.31.40.0-255,66,217946,70,268663
13409,0.001614,74.125.24.0-255,3602,221548,70,268663
13410,0.001616,172.31.40.0-255,66,221614,70,268663
13411,0.00163,172.31.40.0-255,66,221680,70,268663
13412,0.001643,172.31.40.0-255,66,221746,70,268663
13413,0.001659,172.31.40.0-255,66,221812,70,268663
13414,0.001663,74.125.24.0-255,2902,224714,70,268663
13415,0.001666,172.31.40.0-255,66,224780,70,268663
13416,0.001703,172.31.40.0-255,66,224846,70,268663
13417,0.001752,172.31.40.0-255,66,224912,70,268663
13418,0.001757,74.125.24.0-255,4320,229232,70,268663
13419,0.00176,172.31.40.0-255,66,229298,70,268663
13420,0.001794,172.31.40.0-255,66,229364,70,268663
13421,0.001803,74.125.24.0-255,9992,239356,70,268663
13422,0.001805,172.31.40.0-255,66,239422,70,268663
13423,0.001854,74.125.24.0-255,1484,240906,70,268663
13424,0.001884,74.125.24.0-255,2184,243090,70,268663
13425,0.001887,172.31.40.0-255,66,243156,70,268663
13426,0.001893,74.125.24.0-255,4320,247476,70,268663
13427,0.001895,172.31.40.0-255,66,247542,70,268663
13428,0.001904,74.125.24.0-255,9992,257534,70,268663
13429,0.001907,172.31.40.0-255,66,257600,70,268663
13430,0.001914,74.125.24.0-255,7156,264756,70,268663
13431,0.001916,172.31.40.0-255,66,264822,70,268663
13432,0.001921,74.125.24.0-255,3433,268255,70,268663
13433,0.001923,172.31.40.0-255,66,268321,70,268663
13434,0.001948,74.125.24.0-255,105,268426,70,268663
13435,0.0084,172.31.40.0-255,66,268492,70,268663
13436,0.008437,172.31.40.0-255,105,268597,70,268663
13437,0.010591,74.125.24.0-255,66,268663,70,268663
13438,0.0,74.125.200.0-255,153,153,70,49221
13439,2.1e-05,172.31.40.0-255,66,219,70,49221
13440,2.8e-05,74.125.200.0-255,1484,1703,70,49221
13441,3.3e-05,172.31.40.0-255,66,1769,70,49221
13442,3.8e-05,74.125.200.0-255,2902,4671,70,49221
13443,4.1e-05,172.31.40.0-255,66,4737,70,49221
13444,6e-05,74.125.200.0-255,2902,7639,70,49221
13445,6.3e-05,172.31.40.0-255,66,7705,70,49221
13446,9e-05,74.125.200.0-255,4320,12025,70,49221
13447,9.4e-05,172.31.40.0-255,66,12091,70,49221
13448,0.000123,74.125.200.0-255,2090,14181,70,49221
13449,0.000126,172.31.40.0-255,66,14247,70,49221
13450,0.009323,74.125.200.0-255,1484,15731,70,49221
13451,0.009341,172.31.40.0-255,66,15797,70,49221
13452,0.009354,74.125.200.0-255,2902,18699,70,49221
13453,0.009357,172.31.40.0-255,66,18765,70,49221
13454,0.009361,74.125.200.0-255,1484,20249,70,49221
13455,0.009363,172.31.40.0-255,66,20315,70,49221
13456,0.011759,74.125.200.0-255,2902,23217,70,49221
13457,0.011768,172.31.40.0-255,66,23283,70,49221
13458,0.011789,74.125.200.0-255,2902,26185,70,49221
13459,0.011792,172.31.40.0-255,66,26251,70,49221
13460,0.014192,74.125.200.0-255,4320,30571,70,49221
13461,0.0142,172.31.40.0-255,66,30637,70,49221
13462,0.01422,74.125.200.0-255,1484,32121,70,49221
13463,0.014222,172.31.40.0-255,66,32187,70,49221
13464,0.016483,172.31.40.0-255,172,32359,70,49221
13465,0.016515,172.31.40.0-255,1114,33473,70,49221
13466,0.016579,172.31.40.0-255,1514,34987,70,49221
13467,0.016581,172.31.40.0-255,1514,36501,70,49221
13468,0.016618,74.125.200.0-255,5738,42239,70,49221
13469,0.016624,172.31.40.0-255,66,42305,70,49221
13470,0.01663,172.31.40.0-255,848,43153,70,49221
13471,0.018155,104.244.42.0-255,66,43219,70,49221
13472,0.018267,104.244.42.0-255,66,43285,70,49221
13473,0.018271,104.244.42.0-255,66,43351,70,49221
13474,0.018315,104.244.42.0-255,66,43417,70,49221
13475,0.019047,74.125.200.0-255,5738,49155,70,49221
13476,0.019059,172.31.40.0-255,66,49221,70,49221
13477,0.0,74.125.24.0-255,431,431,70,130016
13478,2e-05,74.125.24.0-255,1484,1915,70,130016
13479,3.2e-05,172.31.40.0-255,66,1981,70,130016
13480,4.2e-05,74.125.24.0-255,4320,6301,70,130016
13481,4.6e-05,172.31.40.0-255,66,6367,70,130016
13482,0.00018,74.125.24.0-255,7797,14164,70,130016
13483,0.000185,172.31.40.0-255,66,14230,70,130016
13484,0.000494,74.125.24.0-255,8574,22804,70,130016
13485,0.0005,172.31.40.0-255,66,22870,70,130016
13486,0.000838,74.125.24.0-255,7156,30026,70,130016
13487,0.000845,172.31.40.0-255,66,30092,70,130016
13488,0.002274,74.125.24.0-255,4320,34412,70,130016
13489,0.002496,74.125.24.0-255,4320,38732,70,130016
13490,0.003031,172.31.40.0-255,66,38798,70,130016
13491,0.003113,74.125.24.0-255,7156,45954,70,130016
13492,0.003145,172.31.40.0-255,66,46020,70,130016
13493,0.003482,172.31.40.0-255,66,46086,70,130016
13494,0.003695,74.125.24.0-255,7156,53242,70,130016
13495,0.0037,172.31.40.0-255,66,53308,70,130016
13496,0.005007,74.125.24.0-255,7156,60464,70,130016
13497,0.005023,74.125.24.0-255,4320,64784,70,130016
13498,0.005108,74.125.24.0-255,7156,71940,70,130016
13499,0.005479,74.125.24.0-255,7156,79096,70,130016
13500,0.005745,74.125.24.0-255,1484,80580,70,130016
13501,0.00635,172.31.40.0-255,66,80646,70,130016
13502,0.006474,74.125.24.0-255,1484,82130,70,130016
13503,0.006501,74.125.24.0-255,6652,88782,70,130016
13504,0.006505,172.31.40.0-255,66,88848,70,130016
13505,0.008336,172.31.40.0-255,66,88914,70,130016
13506,0.008388,172.31.40.0-255,66,88980,70,130016
13507,0.008428,74.125.24.0-255,4320,93300,70,130016
13508,0.008431,172.31.40.0-255,66,93366,70,130016
13509,0.00846,172.31.40.0-255,66,93432,70,130016
13510,0.008513,172.31.40.0-255,66,93498,70,130016
13511,0.008892,74.125.24.0-255,9992,103490,70,130016
13512,0.008899,172.31.40.0-255,66,103556,70,130016
13513,0.008942,172.31.40.0-255,66,103622,70,130016
13514,0.008977,74.125.24.0-255,7968,111590,70,130016
13515,0.008981,172.31.40.0-255,66,111656,70,130016
13516,0.010308,74.125.24.0-255,6344,118000,70,130016
13517,0.010317,172.31.40.0-255,66,118066,70,130016
13518,0.01037,74.125.24.0-255,7156,125222,70,130016
13519,0.010374,172.31.40.0-255,66,125288,70,130016
13520,0.010457,74.125.24.0-255,1484,126772,70,130016
13521,0.010775,74.125.24.0-255,3178,129950,70,130016
13522,0.013983,172.31.40.0-255,66,130016,70,130016
13523,0.0,172.217.194.0-255,152,152,70,234705
13524,2.8e-05,172.31.40.0-255,66,218,70,234705
13525,3.5e-05,172.217.194.0-255,1484,1702,70,234705
13526,3.9e-05,172.31.40.0-255,66,1768,70,234705
13527,4.5e-05,172.217.194.0-255,2902,4670,70,234705
13528,4.8e-05,172.31.40.0-255,66,4736,70,234705
13529,5.5e-05,172.217.194.0-255,7156,11892,70,234705
13530,5.8e-05,172.31.40.0-255,66,11958,70,234705
13531,0.000109,172.31.40.0-255,66,12024,70,234705
13532,0.000113,172.217.194.0-255,2543,14567,70,234705
13533,0.000115,172.31.40.0-255,66,14633,70,234705
13534,0.000149,172.217.194.0-255,1484,16117,70,234705
13535,0.000151,172.31.40.0-255,66,16183,70,234705
13536,0.000154,172.217.194.0-255,1484,17667,70,234705
13537,0.000156,172.31.40.0-255,66,17733,70,234705
13538,0.000171,172.217.194.0-255,1484,19217,70,234705
13539,0.000173,172.31.40.0-255,66,19283,70,234705
13540,0.00018,172.217.194.0-255,5738,25021,70,234705
13541,0.000182,172.31.40.0-255,66,25087,70,234705
13542,0.000187,172.217.194.0-255,4320,29407,70,234705
13543,0.000189,172.31.40.0-255,66,29473,70,234705
13544,0.000205,172.217.194.0-255,2902,32375,70,234705
13545,0.000207,172.31.40.0-255,66,32441,70,234705
13546,0.000215,172.217.194.0-255,8574,41015,70,234705
13547,0.000217,172.31.40.0-255,66,41081,70,234705
13548,0.000249,172.217.194.0-255,4320,45401,70,234705
13549,0.000251,172.31.40.0-255,66,45467,70,234705
13550,0.000269,172.217.194.0-255,3881,49348,70,234705
13551,0.000271,172.31.40.0-255,66,49414,70,234705
13552,0.000274,172.217.194.0-255,116,49530,70,234705
13553,0.000276,172.31.40.0-255,66,49596,70,234705
13554,0.000515,172.217.194.0-255,378,49974,70,234705
13555,0.000758,172.217.194.0-255,1484,51458,70,234705
13556,0.000762,172.31.40.0-255,66,51524,70,234705
13557,0.000768,172.217.194.0-255,2902,54426,70,234705
13558,0.000769,172.31.40.0-255,66,54492,70,234705
13559,0.000772,172.217.194.0-255,1484,55976,70,234705
13560,0.000796,172.217.194.0-255,4320,60296,70,234705
13561,0.000799,172.31.40.0-255,66,60362,70,234705
13562,0.000804,172.217.194.0-255,5738,66100,70,234705
13563,0.000806,172.31.40.0-255,66,66166,70,234705
13564,0.000819,172.217.194.0-255,2902,69068,70,234705
13565,0.000821,172.31.40.0-255,66,69134,70,234705
13566,0.000854,172.217.194.0-255,2902,72036,70,234705
13567,0.000857,172.31.40.0-255,66,72102,70,234705
13568,0.000886,172.31.40.0-255,66,72168,70,234705
13569,0.001523,172.217.194.0-255,1484,73652,70,234705
13570,0.001534,172.217.194.0-255,2902,76554,70,234705
13571,0.001539,172.31.40.0-255,66,76620,70,234705
13572,0.001547,172.217.194.0-255,5738,82358,70,234705
13573,0.001549,172.31.40.0-255,66,82424,70,234705
13574,0.001552,172.217.194.0-255,1484,83908,70,234705
13575,0.001579,172.217.194.0-255,7156,91064,70,234705
13576,0.001582,172.31.40.0-255,66,91130,70,234705
13577,0.001616,172.217.194.0-255,4320,95450,70,234705
13578,0.001619,172.31.40.0-255,66,95516,70,234705
13579,0.001647,172.217.194.0-255,10692,106208,70,234705
13580,0.00165,172.31.40.0-255,66,106274,70,234705
13581,0.001686,172.217.194.0-255,1484,107758,70,234705
13582,0.001706,172.217.194.0-255,2902,110660,70,234705
13583,0.00171,172.31.40.0-255,66,110726,70,234705
13584,0.001715,172.217.194.0-255,2902,113628,70,234705
13585,0.001717,172.31.40.0-255,66,113694,70,234705
13586,0.001734,172.217.194.0-255,2902,116596,70,234705
13587,0.001736,172.31.40.0-255,66,116662,70,234705
13588,0.001753,172.217.194.0-255,5738,122400,70,234705
13589,0.001755,172.31.40.0-255,66,122466,70,234705
13590,0.00178,172.217.194.0-255,7156,129622,70,234705
13591,0.001782,172.31.40.0-255,66,129688,70,234705
13592,0.001789,172.217.194.0-255,5738,135426,70,234705
13593,0.001791,172.31.40.0-255,66,135492,70,234705
13594,0.001821,172.217.194.0-255,5020,140512,70,234705
13595,0.001824,172.31.40.0-255,66,140578,70,234705
13596,0.001943,172.217.194.0-255,1484,142062,70,234705
13597,0.001949,172.217.194.0-255,2902,144964,70,234705
13598,0.001954,172.31.40.0-255,66,145030,70,234705
13599,0.001961,172.217.194.0-255,5738,150768,70,234705
13600,0.001964,172.31.40.0-255,66,150834,70,234705
13601,0.001969,172.217.194.0-255,4320,155154,70,234705
13602,0.001972,172.31.40.0-255,66,155220,70,234705
13603,0.002,172.217.194.0-255,2902,158122,70,234705
13604,0.002003,172.31.40.0-255,66,158188,70,234705
13605,0.002029,172.217.194.0-255,8574,166762,70,234705
13606,0.002033,172.31.40.0-255,66,166828,70,234705
13607,0.00204,172.217.194.0-255,7856,174684,70,234705
13608,0.002043,172.31.40.0-255,66,174750,70,234705
13609,0.002074,172.217.194.0-255,1484,176234,70,234705
13610,0.002117,172.31.40.0-255,66,176300,70,234705
13611,0.002155,172.217.194.0-255,2902,179202,70,234705
13612,0.002157,172.31.40.0-255,66,179268,70,234705
13613,0.002246,172.217.194.0-255,1484,180752,70,234705
13614,0.002265,172.217.194.0-255,2902,183654,70,234705
13615,0.002271,172.217.194.0-255,4320,187974,70,234705
13616,0.002289,172.217.194.0-255,1484,189458,70,234705
13617,0.002294,172.217.194.0-255,2902,192360,70,234705
13618,0.002309,172.217.194.0-255,2902,195262,70,234705
13619,0.002341,172.217.194.0-255,7156,202418,70,234705
13620,0.002345,172.217.194.0-255,2902,205320,70,234705
13621,0.00735,172.31.40.0-255,66,205386,70,234705
13622,0.007507,172.31.40.0-255,101,205487,70,234705
13623,0.009641,172.217.194.0-255,5738,211225,70,234705
13624,0.009648,172.31.40.0-255,66,211291,70,234705
13625,0.009756,172.217.194.0-255,66,211357,70,234705
13626,0.011928,172.217.194.0-255,2902,214259,70,234705
13627,0.011936,172.31.40.0-255,66,214325,70,234705
13628,0.011957,172.217.194.0-255,2902,217227,70,234705
13629,0.01196,172.31.40.0-255,66,217293,70,234705
13630,0.014218,172.217.194.0-255,5738,223031,70,234705
13631,0.014226,172.31.40.0-255,66,223097,70,234705
13632,0.016535,172.217.194.0-255,5738,228835,70,234705
13633,0.016544,172.31.40.0-255,66,228901,70,234705
13634,0.018812,172.217.194.0-255,5738,234639,70,234705
13635,0.018819,172.31.40.0-255,66,234705,70,234705
13636,0.0,74.125.68.0-255,153,153,70,333833
13637,1.7e-05,172.31.40.0-255,66,219,70,333833
13638,2.5e-05,74.125.68.0-255,1484,1703,70,333833
13639,2.8e-05,172.31.40.0-255,66,1769,70,333833
13640,4.3e-05,74.125.68.0-255,2902,4671,70,333833
13641,4.8e-05,172.31.40.0-255,66,4737,70,333833
13642,5.5e-05,74.125.68.0-255,5738,10475,70,333833
13643,5.8e-05,172.31.40.0-255,66,10541,70,333833
13644,6.3e-05,74.125.68.0-255,3473,14014,70,333833
13645,6.6e-05,172.31.40.0-255,66,14080,70,333833
13646,0.000365,74.125.68.0-255,1484,15564,70,333833
13647,0.000373,172.31.40.0-255,66,15630,70,333833
13648,0.000378,74.125.68.0-255,2902,18532,70,333833
13649,0.000381,172.31.40.0-255,66,18598,70,333833
13650,0.000418,74.125.68.0-255,5738,24336,70,333833
13651,0.000421,172.31.40.0-255,66,24402,70,333833
13652,0.000427,74.125.68.0-255,5738,30140,70,333833
13653,0.00043,172.31.40.0-255,66,30206,70,333833
13654,0.000473,74.125.68.0-255,1484,31690,70,333833
13655,0.000476,172.31.40.0-255,66,31756,70,333833
13656,0.000516,172.31.40.0-255,66,31822,70,333833
13657,0.00053,172.31.40.0-255,66,31888,70,333833
13658,0.000541,74.125.68.0-255,5738,37626,70,333833
13659,0.000543,172.31.40.0-255,66,37692,70,333833
13660,0.000547,74.125.68.0-255,766,38458,70,333833
13661,0.000548,172.31.40.0-255,66,38524,70,333833
13662,0.000601,74.125.68.0-255,399,38923,70,333833
13663,0.000609,172.31.40.0-255,66,38989,70,333833
13664,0.000675,74.125.68.0-255,111,39100,70,333833
13665,0.000678,172.31.40.0-255,66,39166,70,333833
13666,0.000953,74.125.68.0-255,1484,40650,70,333833
13667,0.000989,74.125.68.0-255,2902,43552,70,333833
13668,0.00101,74.125.68.0-255,2902,46454,70,333833
13669,0.001014,172.31.40.0-255,66,46520,70,333833
13670,0.00102,172.31.40.0-255,66,46586,70,333833
13671,0.001046,74.125.68.0-255,1484,48070,70,333833
13672,0.001058,74.125.68.0-255,5738,53808,70,333833
13673,0.001085,74.125.68.0-255,4320,58128,70,333833
13674,0.001094,172.31.40.0-255,66,58194,70,333833
13675,0.001102,74.125.68.0-255,2902,61096,70,333833
13676,0.001106,74.125.68.0-255,2902,63998,70,333833
13677,0.001111,74.125.68.0-255,4320,68318,70,333833
13678,0.001124,74.125.68.0-255,1484,69802,70,333833
13679,0.001134,172.31.40.0-255,66,69868,70,333833
13680,0.001138,74.125.68.0-255,2902,72770,70,333833
13681,0.001174,74.125.68.0-255,766,73536,70,333833
13682,0.001184,172.31.40.0-255,66,73602,70,333833
13683,0.003033,74.125.68.0-255,1484,75086,70,333833
13684,0.003044,74.125.68.0-255,1484,76570,70,333833
13685,0.003048,172.31.40.0-255,66,76636,70,333833
13686,0.003081,74.125.68.0-255,2902,79538,70,333833
13687,0.003092,74.125.68.0-255,1484,81022,70,333833
13688,0.003106,74.125.68.0-255,2902,83924,70,333833
13689,0.00312,74.125.68.0-255,1484,85408,70,333833
13690,0.003135,74.125.68.0-255,1484,86892,70,333833
13691,0.003164,74.125.68.0-255,1484,88376,70,333833
13692,0.003175,74.125.68.0-255,2902,91278,70,333833
13693,0.003193,74.125.68.0-255,2902,94180,70,333833
13694,0.003214,74.125.68.0-255,4320,98500,70,333833
13695,0.003233,74.125.68.0-255,1484,99984,70,333833
13696,0.003247,74.125.68.0-255,4320,104304,70,333833
13697,0.003266,74.125.68.0-255,1484,105788,70,333833
13698,0.003269,74.125.68.0-255,1484,107272,70,333833
13699,0.003272,74.125.68.0-255,766,108038,70,333833
13700,0.003953,74.125.68.0-255,1484,109522,70,333833
13701,0.003969,74.125.68.0-255,2902,112424,70,333833
13702,0.003983,74.125.68.0-255,1484,113908,70,333833
13703,0.003997,74.125.68.0-255,4320,118228,70,333833
13704,0.004018,74.125.68.0-255,5738,123966,70,333833
13705,0.004038,74.125.68.0-255,5738,129704,70,333833
13706,0.004053,74.125.68.0-255,1484,131188,70,333833
13707,0.004083,74.125.68.0-255,7156,138344,70,333833
13708,0.004105,74.125.68.0-255,3602,141946,70,333833
13709,0.004111,74.125.68.0-255,7156,149102,70,333833
13710,0.004129,74.125.68.0-255,4320,153422,70,333833
13711,0.004134,74.125.68.0-255,4320,157742,70,333833
13712,0.004138,74.125.68.0-255,2902,160644,70,333833
13713,0.004151,74.125.68.0-255,2902,163546,70,333833
13714,0.004154,74.125.68.0-255,1484,165030,70,333833
13715,0.004179,74.125.68.0-255,9992,175022,70,333833
13716,0.004181,74.125.68.0-255,766,175788,70,333833
13717,0.004214,74.125.68.0-255,2902,178690,70,333833
13718,0.004241,74.125.68.0-255,9992,188682,70,333833
13719,0.004244,74.125.68.0-255,1484,190166,70,333833
13720,0.004261,74.125.68.0-255,9992,200158,70,333833
13721,0.004279,74.125.68.0-255,2902,203060,70,333833
13722,0.004282,74.125.68.0-255,2902,205962,70,333833
13723,0.004298,74.125.68.0-255,2902,208864,70,333833
13724,0.004317,74.125.68.0-255,5020,213884,70,333833
13725,0.00434,74.125.68.0-255,2902,216786,70,333833
13726,0.004359,74.125.68.0-255,2902,219688,70,333833
13727,0.004372,74.125.68.0-255,2902,222590,70,333833
13728,0.004382,74.125.68.0-255,1484,224074,70,333833
13729,0.004406,74.125.68.0-255,5738,229812,70,333833
13730,0.004422,74.125.68.0-255,2184,231996,70,333833
13731,0.004426,74.125.68.0-255,2902,234898,70,333833
13732,0.00448,74.125.68.0-255,7156,242054,70,333833
13733,0.004487,74.125.68.0-255,5738,247792,70,333833
13734,0.004494,74.125.68.0-255,7156,254948,70,333833
13735,0.00451,74.125.68.0-255,1484,256432,70,333833
13736,0.004526,74.125.68.0-255,5738,262170,70,333833
13737,0.004559,74.125.68.0-255,4320,266490,70,333833
13738,0.004596,74.125.68.0-255,3602,270092,70,333833
13739,0.004602,74.125.68.0-255,2902,272994,70,333833
13740,0.004616,74.125.68.0-255,1484,274478,70,333833
13741,0.004633,74.125.68.0-255,7156,281634,70,333833
13742,0.004667,74.125.68.0-255,4320,285954,70,333833
13743,0.004684,74.125.68.0-255,5020,290974,70,333833
13744,0.004688,74.125.68.0-255,2902,293876,70,333833
13745,0.00471,74.125.68.0-255,7156,301032,70,333833
13746,0.004732,74.125.68.0-255,9992,311024,70,333833
13747,0.004747,74.125.68.0-255,1484,312508,70,333833
13748,0.004767,74.125.68.0-255,4320,316828,70,333833
13749,0.004792,74.125.68.0-255,7856,324684,70,333833
13750,0.004798,74.125.68.0-255,4320,329004,70,333833
13751,0.004837,74.125.68.0-255,4320,333324,70,333833
13752,0.004877,74.125.68.0-255,105,333429,70,333833
13753,0.005154,172.31.40.0-255,66,333495,70,333833
13754,0.006335,172.31.40.0-255,101,333596,70,333833
13755,0.009006,74.125.68.0-255,66,333662,70,333833
13756,0.009401,172.31.40.0-255,105,333767,70,333833
13757,0.012059,74.125.68.0-255,66,333833,70,333833
