,TIME,SRC,PACKET_SIZE,CUMULATIVE_PACKET_SIZE,PAGE_NUMBER,TOTAL_PACKET_SIZE
0,0.0,172.217.194.0-255,152,152,36,251197
1,3.2e-05,172.31.33.0-255,66,218,36,251197
2,3.9e-05,172.217.194.0-255,1484,1702,36,251197
3,4.2e-05,172.31.33.0-255,66,1768,36,251197
4,5.4e-05,172.217.194.0-255,2902,4670,36,251197
5,5.7e-05,172.31.33.0-255,66,4736,36,251197
6,6.4e-05,172.217.194.0-255,5738,10474,36,251197
7,6.7e-05,172.31.33.0-255,66,10540,36,251197
8,9e-05,172.217.194.0-255,1484,12024,36,251197
9,9.2e-05,172.31.33.0-255,66,12090,36,251197
10,0.0001,172.217.194.0-255,5738,17828,36,251197
11,0.000107,172.31.33.0-255,66,17894,36,251197
12,0.000137,172.217.194.0-255,3462,21356,36,251197
13,0.000145,172.31.33.0-255,66,21422,36,251197
14,0.000157,172.31.33.0-255,66,21488,36,251197
15,0.000189,172.217.194.0-255,1484,22972,36,251197
16,0.000192,172.31.33.0-255,66,23038,36,251197
17,0.000197,172.217.194.0-255,2902,25940,36,251197
18,0.000199,172.31.33.0-255,66,26006,36,251197
19,0.000203,172.217.194.0-255,2902,28908,36,251197
20,0.000206,172.31.33.0-255,66,28974,36,251197
21,0.000237,172.217.194.0-255,2902,31876,36,251197
22,0.00024,172.31.33.0-255,66,31942,36,251197
23,0.000247,172.217.194.0-255,6797,38739,36,251197
24,0.00025,172.31.33.0-255,66,38805,36,251197
25,0.00026,172.217.194.0-255,4320,43125,36,251197
26,0.000262,172.31.33.0-255,66,43191,36,251197
27,0.000304,172.31.33.0-255,66,43257,36,251197
28,0.000308,172.217.194.0-255,2800,46057,36,251197
29,0.000311,172.31.33.0-255,66,46123,36,251197
30,0.000339,172.217.194.0-255,119,46242,36,251197
31,0.000395,172.217.194.0-255,375,46617,36,251197
32,0.000653,172.217.194.0-255,1484,48101,36,251197
33,0.000659,172.31.33.0-255,66,48167,36,251197
34,0.000664,172.217.194.0-255,2902,51069,36,251197
35,0.000668,172.31.33.0-255,66,51135,36,251197
36,0.000702,172.217.194.0-255,5738,56873,36,251197
37,0.000705,172.31.33.0-255,66,56939,36,251197
38,0.000712,172.217.194.0-255,7156,64095,36,251197
39,0.000715,172.31.33.0-255,66,64161,36,251197
40,0.000763,172.31.33.0-255,66,64227,36,251197
41,0.000767,172.217.194.0-255,2184,66411,36,251197
42,0.000771,172.31.33.0-255,66,66477,36,251197
43,0.001328,172.217.194.0-255,1484,67961,36,251197
44,0.001338,172.217.194.0-255,2902,70863,36,251197
45,0.001341,172.31.33.0-255,66,70929,36,251197
46,0.00137,172.217.194.0-255,5738,76667,36,251197
47,0.001373,172.31.33.0-255,66,76733,36,251197
48,0.001395,172.217.194.0-255,2902,79635,36,251197
49,0.001398,172.31.33.0-255,66,79701,36,251197
50,0.001426,172.31.33.0-255,66,79767,36,251197
51,0.00143,172.217.194.0-255,2902,82669,36,251197
52,0.001431,172.31.33.0-255,66,82735,36,251197
53,0.001459,172.217.194.0-255,5738,88473,36,251197
54,0.001462,172.31.33.0-255,66,88539,36,251197
55,0.00147,172.217.194.0-255,2184,90723,36,251197
56,0.001472,172.31.33.0-255,66,90789,36,251197
57,0.001475,172.217.194.0-255,2902,93691,36,251197
58,0.001476,172.31.33.0-255,66,93757,36,251197
59,0.001483,172.217.194.0-255,7156,100913,36,251197
60,0.001484,172.31.33.0-255,66,100979,36,251197
61,0.001488,172.217.194.0-255,1484,102463,36,251197
62,0.001532,172.31.33.0-255,66,102529,36,251197
63,0.001563,172.31.33.0-255,66,102595,36,251197
64,0.001571,172.217.194.0-255,7156,109751,36,251197
65,0.001573,172.31.33.0-255,66,109817,36,251197
66,0.001595,172.217.194.0-255,1484,111301,36,251197
67,0.001601,172.217.194.0-255,7156,118457,36,251197
68,0.001604,172.31.33.0-255,66,118523,36,251197
69,0.00165,172.31.33.0-255,66,118589,36,251197
70,0.001657,172.217.194.0-255,6438,125027,36,251197
71,0.001659,172.31.33.0-255,66,125093,36,251197
72,0.001662,172.217.194.0-255,1484,126577,36,251197
73,0.001672,172.217.194.0-255,2902,129479,36,251197
74,0.001675,172.31.33.0-255,66,129545,36,251197
75,0.001708,172.217.194.0-255,5738,135283,36,251197
76,0.001711,172.31.33.0-255,66,135349,36,251197
77,0.001714,172.217.194.0-255,1484,136833,36,251197
78,0.001755,172.31.33.0-255,66,136899,36,251197
79,0.001774,172.31.33.0-255,66,136965,36,251197
80,0.001804,172.217.194.0-255,1484,138449,36,251197
81,0.001824,172.217.194.0-255,2902,141351,36,251197
82,0.001828,172.31.33.0-255,66,141417,36,251197
83,0.001857,172.217.194.0-255,5738,147155,36,251197
84,0.00186,172.31.33.0-255,66,147221,36,251197
85,0.001866,172.217.194.0-255,5738,152959,36,251197
86,0.001868,172.31.33.0-255,66,153025,36,251197
87,0.001888,172.217.194.0-255,5020,158045,36,251197
88,0.001921,172.217.194.0-255,1484,159529,36,251197
89,0.001926,172.31.33.0-255,66,159595,36,251197
90,0.001933,172.217.194.0-255,2902,162497,36,251197
91,0.001938,172.31.33.0-255,66,162563,36,251197
92,0.001963,172.217.194.0-255,5738,168301,36,251197
93,0.002009,172.217.194.0-255,7156,175457,36,251197
94,0.002029,172.217.194.0-255,5738,181195,36,251197
95,0.00204,172.217.194.0-255,2184,183379,36,251197
96,0.002052,172.31.33.0-255,66,183445,36,251197
97,0.002211,172.217.194.0-255,1484,184929,36,251197
98,0.002228,172.217.194.0-255,1484,186413,36,251197
99,0.002231,172.31.33.0-255,66,186479,36,251197
100,0.002258,172.217.194.0-255,1484,187963,36,251197
101,0.002264,172.217.194.0-255,5738,193701,36,251197
102,0.00227,172.31.33.0-255,66,193767,36,251197
103,0.002278,172.217.194.0-255,2902,196669,36,251197
104,0.002282,172.31.33.0-255,66,196735,36,251197
105,0.002341,172.31.33.0-255,66,196801,36,251197
106,0.002365,172.217.194.0-255,1484,198285,36,251197
107,0.00237,172.217.194.0-255,2902,201187,36,251197
108,0.002372,172.217.194.0-255,1484,202671,36,251197
109,0.002385,172.217.194.0-255,4320,206991,36,251197
110,0.00239,172.217.194.0-255,4320,211311,36,251197
111,0.002395,172.31.33.0-255,66,211377,36,251197
112,0.002405,172.217.194.0-255,2902,214279,36,251197
113,0.002422,172.217.194.0-255,1484,215763,36,251197
114,0.002435,172.31.33.0-255,66,215829,36,251197
115,0.002484,172.31.33.0-255,66,215895,36,251197
116,0.004904,172.217.194.0-255,4320,220215,36,251197
117,0.004908,172.31.33.0-255,66,220281,36,251197
118,0.004925,172.217.194.0-255,1484,221765,36,251197
119,0.0073,172.217.194.0-255,4320,226085,36,251197
120,0.007306,172.31.33.0-255,66,226151,36,251197
121,0.009759,172.217.194.0-255,4320,230471,36,251197
122,0.009766,172.31.33.0-255,66,230537,36,251197
123,0.009794,172.217.194.0-255,1484,232021,36,251197
124,0.012211,172.217.194.0-255,4320,236341,36,251197
125,0.012221,172.31.33.0-255,66,236407,36,251197
126,0.014653,172.217.194.0-255,5738,242145,36,251197
127,0.014661,172.31.33.0-255,66,242211,36,251197
128,0.01712,172.217.194.0-255,5738,247949,36,251197
129,0.017127,172.31.33.0-255,66,248015,36,251197
130,0.019348,172.31.33.0-255,105,248120,36,251197
131,0.019539,172.217.194.0-255,2906,251026,36,251197
132,0.019544,172.31.33.0-255,66,251092,36,251197
133,0.019713,172.31.33.0-255,105,251197,36,251197
134,0.0,172.31.33.0-255,105,105,36,276
135,0.002029,157.240.7.0-255,105,210,36,276
136,0.002036,172.31.33.0-255,66,276,36,276
137,0.0,172.217.194.0-255,160,160,36,225018
138,2.4e-05,172.31.33.0-255,66,226,36,225018
139,2.9e-05,172.217.194.0-255,1484,1710,36,225018
140,3.3e-05,172.31.33.0-255,66,1776,36,225018
141,3.6e-05,172.217.194.0-255,1484,3260,36,225018
142,3.8e-05,172.31.33.0-255,66,3326,36,225018
143,5.8e-05,172.217.194.0-255,1484,4810,36,225018
144,6e-05,172.31.33.0-255,66,4876,36,225018
145,6.7e-05,172.217.194.0-255,7156,12032,36,225018
146,6.9e-05,172.31.33.0-255,66,12098,36,225018
147,9.8e-05,172.217.194.0-255,1484,13582,36,225018
148,0.0001,172.31.33.0-255,66,13648,36,225018
149,0.000126,172.31.33.0-255,66,13714,36,225018
150,0.00017,172.217.194.0-255,2902,16616,36,225018
151,0.000173,172.31.33.0-255,66,16682,36,225018
152,0.000192,172.217.194.0-255,3961,20643,36,225018
153,0.000194,172.31.33.0-255,66,20709,36,225018
154,0.0002,172.217.194.0-255,7156,27865,36,225018
155,0.000202,172.31.33.0-255,66,27931,36,225018
156,0.000248,172.31.33.0-255,66,27997,36,225018
157,0.000515,172.217.194.0-255,1484,29481,36,225018
158,0.000519,172.31.33.0-255,66,29547,36,225018
159,0.000535,172.217.194.0-255,2902,32449,36,225018
160,0.000538,172.31.33.0-255,66,32515,36,225018
161,0.000558,172.217.194.0-255,4320,36835,36,225018
162,0.000566,172.31.33.0-255,66,36901,36,225018
163,0.000597,172.217.194.0-255,4320,41221,36,225018
164,0.0006,172.31.33.0-255,66,41287,36,225018
165,0.000616,172.217.194.0-255,3961,45248,36,225018
166,0.000619,172.31.33.0-255,66,45314,36,225018
167,0.000702,172.217.194.0-255,1484,46798,36,225018
168,0.00072,172.217.194.0-255,2902,49700,36,225018
169,0.000724,172.31.33.0-255,66,49766,36,225018
170,0.000745,172.217.194.0-255,5738,55504,36,225018
171,0.000748,172.31.33.0-255,66,55570,36,225018
172,0.000751,172.217.194.0-255,1484,57054,36,225018
173,0.000772,172.217.194.0-255,5379,62433,36,225018
174,0.000775,172.31.33.0-255,66,62499,36,225018
175,0.000796,172.217.194.0-255,7156,69655,36,225018
176,0.000798,172.31.33.0-255,66,69721,36,225018
177,0.000826,172.217.194.0-255,7156,76877,36,225018
178,0.00083,172.31.33.0-255,66,76943,36,225018
179,0.00087,172.217.194.0-255,1484,78427,36,225018
180,0.000905,172.31.33.0-255,66,78493,36,225018
181,0.000956,172.217.194.0-255,4905,83398,36,225018
182,0.000959,172.31.33.0-255,66,83464,36,225018
183,0.000983,172.217.194.0-255,198,83662,36,225018
184,0.001144,172.31.33.0-255,66,83728,36,225018
185,0.001307,172.217.194.0-255,1484,85212,36,225018
186,0.001318,172.217.194.0-255,2902,88114,36,225018
187,0.001322,172.31.33.0-255,66,88180,36,225018
188,0.001326,172.217.194.0-255,1484,89664,36,225018
189,0.001346,172.217.194.0-255,4320,93984,36,225018
190,0.001349,172.31.33.0-255,66,94050,36,225018
191,0.001392,172.217.194.0-255,4320,98370,36,225018
192,0.001395,172.31.33.0-255,66,98436,36,225018
193,0.001415,172.31.33.0-255,66,98502,36,225018
194,0.001418,172.217.194.0-255,1484,99986,36,225018
195,0.001421,172.217.194.0-255,1484,101470,36,225018
196,0.001423,172.31.33.0-255,66,101536,36,225018
197,0.001458,172.31.33.0-255,66,101602,36,225018
198,0.001585,172.217.194.0-255,1484,103086,36,225018
199,0.001591,172.217.194.0-255,2902,105988,36,225018
200,0.001595,172.31.33.0-255,66,106054,36,225018
201,0.001612,172.217.194.0-255,2902,108956,36,225018
202,0.001615,172.31.33.0-255,66,109022,36,225018
203,0.001635,172.217.194.0-255,2902,111924,36,225018
204,0.001638,172.31.33.0-255,66,111990,36,225018
205,0.001641,172.217.194.0-255,1484,113474,36,225018
206,0.001648,172.217.194.0-255,7156,120630,36,225018
207,0.00165,172.31.33.0-255,66,120696,36,225018
208,0.001671,172.217.194.0-255,5738,126434,36,225018
209,0.001674,172.31.33.0-255,66,126500,36,225018
210,0.001716,172.217.194.0-255,4320,130820,36,225018
211,0.00172,172.31.33.0-255,66,130886,36,225018
212,0.001734,172.217.194.0-255,5020,135906,36,225018
213,0.001738,172.31.33.0-255,66,135972,36,225018
214,0.002067,172.217.194.0-255,1484,137456,36,225018
215,0.002085,172.217.194.0-255,2902,140358,36,225018
216,0.002088,172.31.33.0-255,66,140424,36,225018
217,0.002111,172.217.194.0-255,5738,146162,36,225018
218,0.002114,172.31.33.0-255,66,146228,36,225018
219,0.002118,172.217.194.0-255,4320,150548,36,225018
220,0.002121,172.31.33.0-255,66,150614,36,225018
221,0.002136,172.217.194.0-255,7156,157770,36,225018
222,0.002197,172.217.194.0-255,2902,160672,36,225018
223,0.00222,172.217.194.0-255,7156,167828,36,225018
224,0.00223,172.217.194.0-255,2184,170012,36,225018
225,0.002253,172.217.194.0-255,5738,175750,36,225018
226,0.002271,172.217.194.0-255,5738,181488,36,225018
227,0.002297,172.217.194.0-255,1484,182972,36,225018
228,0.002308,172.217.194.0-255,5738,188710,36,225018
229,0.002323,172.217.194.0-255,5738,194448,36,225018
230,0.002379,172.217.194.0-255,1484,195932,36,225018
231,0.006826,172.31.33.0-255,66,195998,36,225018
232,0.009116,172.217.194.0-255,5738,201736,36,225018
233,0.009122,172.31.33.0-255,66,201802,36,225018
234,0.011434,172.217.194.0-255,5738,207540,36,225018
235,0.011441,172.31.33.0-255,66,207606,36,225018
236,0.013735,172.217.194.0-255,5738,213344,36,225018
237,0.013743,172.31.33.0-255,66,213410,36,225018
238,0.016052,172.217.194.0-255,5738,219148,36,225018
239,0.016059,172.31.33.0-255,66,219214,36,225018
240,0.01838,172.217.194.0-255,5738,224952,36,225018
241,0.018385,172.31.33.0-255,66,225018,36,225018
242,0.0,172.31.33.0-255,105,105,36,459
243,0.000289,172.31.33.0-255,90,195,36,459
244,0.0003,172.31.33.0-255,66,261,36,459
245,0.002526,74.125.130.0-255,66,327,36,459
246,0.002539,74.125.130.0-255,66,393,36,459
247,0.002546,172.31.33.0-255,66,459,36,459
248,0.0,74.125.200.0-255,336,336,36,245459
249,1.7e-05,172.31.33.0-255,66,402,36,245459
250,5.3e-05,74.125.200.0-255,1484,1886,36,245459
251,5.8e-05,172.31.33.0-255,66,1952,36,245459
252,6.5e-05,74.125.200.0-255,2902,4854,36,245459
253,6.8e-05,172.31.33.0-255,66,4920,36,245459
254,7.1e-05,74.125.200.0-255,1484,6404,36,245459
255,7.4e-05,172.31.33.0-255,66,6470,36,245459
256,9.1e-05,74.125.200.0-255,4320,10790,36,245459
257,9.3e-05,172.31.33.0-255,66,10856,36,245459
258,0.000102,74.125.200.0-255,2902,13758,36,245459
259,0.000104,172.31.33.0-255,66,13824,36,245459
260,0.000109,74.125.200.0-255,3439,17263,36,245459
261,0.000112,172.31.33.0-255,66,17329,36,245459
262,0.000143,172.31.33.0-255,66,17395,36,245459
263,0.000147,74.125.200.0-255,2902,20297,36,245459
264,0.000149,172.31.33.0-255,66,20363,36,245459
265,0.000187,74.125.200.0-255,2543,22906,36,245459
266,0.00019,172.31.33.0-255,66,22972,36,245459
267,0.000259,74.125.200.0-255,1484,24456,36,245459
268,0.000262,172.31.33.0-255,66,24522,36,245459
269,0.000266,74.125.200.0-255,1484,26006,36,245459
270,0.000268,172.31.33.0-255,66,26072,36,245459
271,0.000289,74.125.200.0-255,1484,27556,36,245459
272,0.000291,172.31.33.0-255,66,27622,36,245459
273,0.000294,74.125.200.0-255,1484,29106,36,245459
274,0.000297,172.31.33.0-255,66,29172,36,245459
275,0.000301,74.125.200.0-255,2902,32074,36,245459
276,0.000303,172.31.33.0-255,66,32140,36,245459
277,0.00033,74.125.200.0-255,4320,36460,36,245459
278,0.000333,172.31.33.0-255,66,36526,36,245459
279,0.000361,74.125.200.0-255,1484,38010,36,245459
280,0.000365,74.125.200.0-255,1484,39494,36,245459
281,0.000367,172.31.33.0-255,66,39560,36,245459
282,0.000385,74.125.200.0-255,2543,42103,36,245459
283,0.000388,172.31.33.0-255,66,42169,36,245459
284,0.000392,74.125.200.0-255,2902,45071,36,245459
285,0.000393,172.31.33.0-255,66,45137,36,245459
286,0.000398,74.125.200.0-255,2902,48039,36,245459
287,0.0004,172.31.33.0-255,66,48105,36,245459
288,0.00043,74.125.200.0-255,1484,49589,36,245459
289,0.000441,172.31.33.0-255,66,49655,36,245459
290,0.000444,74.125.200.0-255,110,49765,36,245459
291,0.000521,74.125.200.0-255,1484,51249,36,245459
292,0.000525,172.31.33.0-255,66,51315,36,245459
293,0.00053,74.125.200.0-255,2902,54217,36,245459
294,0.000532,172.31.33.0-255,66,54283,36,245459
295,0.000563,74.125.200.0-255,2902,57185,36,245459
296,0.000566,172.31.33.0-255,66,57251,36,245459
297,0.000571,74.125.200.0-255,4320,61571,36,245459
298,0.000574,172.31.33.0-255,66,61637,36,245459
299,0.000578,74.125.200.0-255,2902,64539,36,245459
300,0.000585,172.31.33.0-255,66,64605,36,245459
301,0.000618,74.125.200.0-255,5738,70343,36,245459
302,0.000621,172.31.33.0-255,66,70409,36,245459
303,0.000631,172.31.33.0-255,66,70475,36,245459
304,0.000654,74.125.200.0-255,4320,74795,36,245459
305,0.000657,172.31.33.0-255,66,74861,36,245459
306,0.000667,74.125.200.0-255,1030,75891,36,245459
307,0.000865,74.125.200.0-255,1484,77375,36,245459
308,0.00087,172.31.33.0-255,66,77441,36,245459
309,0.000874,74.125.200.0-255,1484,78925,36,245459
310,0.000895,74.125.200.0-255,1484,80409,36,245459
311,0.000899,172.31.33.0-255,66,80475,36,245459
312,0.000903,74.125.200.0-255,2902,83377,36,245459
313,0.000906,172.31.33.0-255,66,83443,36,245459
314,0.00095,74.125.200.0-255,2902,86345,36,245459
315,0.000953,172.31.33.0-255,66,86411,36,245459
316,0.000981,74.125.200.0-255,1484,87895,36,245459
317,0.000988,74.125.200.0-255,5738,93633,36,245459
318,0.00099,172.31.33.0-255,66,93699,36,245459
319,0.001002,172.31.33.0-255,66,93765,36,245459
320,0.001007,74.125.200.0-255,2902,96667,36,245459
321,0.001009,172.31.33.0-255,66,96733,36,245459
322,0.001038,74.125.200.0-255,1484,98217,36,245459
323,0.001041,74.125.200.0-255,766,98983,36,245459
324,0.001044,172.31.33.0-255,66,99049,36,245459
325,0.001068,74.125.200.0-255,1484,100533,36,245459
326,0.001082,74.125.200.0-255,4320,104853,36,245459
327,0.001085,172.31.33.0-255,66,104919,36,245459
328,0.00111,74.125.200.0-255,5738,110657,36,245459
329,0.001112,172.31.33.0-255,66,110723,36,245459
330,0.001136,74.125.200.0-255,2902,113625,36,245459
331,0.001139,172.31.33.0-255,66,113691,36,245459
332,0.00115,172.31.33.0-255,66,113757,36,245459
333,0.001187,74.125.200.0-255,4320,118077,36,245459
334,0.001189,172.31.33.0-255,66,118143,36,245459
335,0.001217,74.125.200.0-255,5020,123163,36,245459
336,0.00122,172.31.33.0-255,66,123229,36,245459
337,0.001508,74.125.200.0-255,1484,124713,36,245459
338,0.001512,74.125.200.0-255,1484,126197,36,245459
339,0.001514,172.31.33.0-255,66,126263,36,245459
340,0.001527,74.125.200.0-255,1484,127747,36,245459
341,0.001541,74.125.200.0-255,5738,133485,36,245459
342,0.001544,172.31.33.0-255,66,133551,36,245459
343,0.001578,172.31.33.0-255,66,133617,36,245459
344,0.001581,74.125.200.0-255,2902,136519,36,245459
345,0.001583,172.31.33.0-255,66,136585,36,245459
346,0.001605,74.125.200.0-255,7156,143741,36,245459
347,0.001611,172.31.33.0-255,66,143807,36,245459
348,0.00163,74.125.200.0-255,5020,148827,36,245459
349,0.001632,172.31.33.0-255,66,148893,36,245459
350,0.002004,74.125.200.0-255,1484,150377,36,245459
351,0.002029,74.125.200.0-255,2902,153279,36,245459
352,0.002033,172.31.33.0-255,66,153345,36,245459
353,0.00208,74.125.200.0-255,4320,157665,36,245459
354,0.002086,172.31.33.0-255,66,157731,36,245459
355,0.002092,74.125.200.0-255,5738,163469,36,245459
356,0.002094,172.31.33.0-255,66,163535,36,245459
357,0.002124,172.31.33.0-255,66,163601,36,245459
358,0.002164,74.125.200.0-255,4320,167921,36,245459
359,0.002167,172.31.33.0-255,66,167987,36,245459
360,0.002194,74.125.200.0-255,5020,173007,36,245459
361,0.002197,172.31.33.0-255,66,173073,36,245459
362,0.002225,74.125.200.0-255,1484,174557,36,245459
363,0.00226,74.125.200.0-255,2902,177459,36,245459
364,0.002263,172.31.33.0-255,66,177525,36,245459
365,0.002299,74.125.200.0-255,2902,180427,36,245459
366,0.002302,172.31.33.0-255,66,180493,36,245459
367,0.002325,74.125.200.0-255,1484,181977,36,245459
368,0.002327,74.125.200.0-255,1484,183461,36,245459
369,0.002329,172.31.33.0-255,66,183527,36,245459
370,0.00235,74.125.200.0-255,2902,186429,36,245459
371,0.002352,172.31.33.0-255,66,186495,36,245459
372,0.002378,74.125.200.0-255,2902,189397,36,245459
373,0.002379,172.31.33.0-255,66,189463,36,245459
374,0.002384,74.125.200.0-255,4320,193783,36,245459
375,0.002386,172.31.33.0-255,66,193849,36,245459
376,0.002416,74.125.200.0-255,7156,201005,36,245459
377,0.002419,172.31.33.0-255,66,201071,36,245459
378,0.002424,74.125.200.0-255,5738,206809,36,245459
379,0.002426,172.31.33.0-255,66,206875,36,245459
380,0.004802,74.125.200.0-255,2902,209777,36,245459
381,0.004808,172.31.33.0-255,66,209843,36,245459
382,0.004837,74.125.200.0-255,2902,212745,36,245459
383,0.00622,172.31.33.0-255,66,212811,36,245459
384,0.007198,74.125.200.0-255,2902,215713,36,245459
385,0.007204,172.31.33.0-255,66,215779,36,245459
386,0.008604,74.125.200.0-255,2902,218681,36,245459
387,0.00861,172.31.33.0-255,66,218747,36,245459
388,0.009592,74.125.200.0-255,2902,221649,36,245459
389,0.009598,172.31.33.0-255,66,221715,36,245459
390,0.010992,74.125.200.0-255,2902,224617,36,245459
391,0.010998,172.31.33.0-255,66,224683,36,245459
392,0.011974,74.125.200.0-255,2902,227585,36,245459
393,0.011981,172.31.33.0-255,66,227651,36,245459
394,0.013378,74.125.200.0-255,2902,230553,36,245459
395,0.013384,172.31.33.0-255,66,230619,36,245459
396,0.01436,74.125.200.0-255,2902,233521,36,245459
397,0.014366,172.31.33.0-255,66,233587,36,245459
398,0.015773,74.125.200.0-255,2902,236489,36,245459
399,0.015782,172.31.33.0-255,66,236555,36,245459
400,0.016768,74.125.200.0-255,2902,239457,36,245459
401,0.016776,172.31.33.0-255,66,239523,36,245459
402,0.018162,74.125.200.0-255,2902,242425,36,245459
403,0.018169,172.31.33.0-255,66,242491,36,245459
404,0.019156,74.125.200.0-255,2902,245393,36,245459
405,0.019162,172.31.33.0-255,66,245459,36,245459
406,0.0,74.125.24.0-255,150,150,36,202549
407,2.1e-05,172.31.33.0-255,66,216,36,202549
408,2.7e-05,74.125.24.0-255,1484,1700,36,202549
409,3.1e-05,172.31.33.0-255,66,1766,36,202549
410,4.6e-05,74.125.24.0-255,2902,4668,36,202549
411,4.9e-05,172.31.33.0-255,66,4734,36,202549
412,6.7e-05,74.125.24.0-255,1484,6218,36,202549
413,6.9e-05,172.31.33.0-255,66,6284,36,202549
414,8.8e-05,74.125.24.0-255,5738,12022,36,202549
415,9e-05,172.31.33.0-255,66,12088,36,202549
416,9.4e-05,74.125.24.0-255,1995,14083,36,202549
417,9.6e-05,172.31.33.0-255,66,14149,36,202549
418,0.000105,172.31.33.0-255,66,14215,36,202549
419,0.000126,74.125.24.0-255,2902,17117,36,202549
420,0.000128,172.31.33.0-255,66,17183,36,202549
421,0.000133,74.125.24.0-255,5379,22562,36,202549
422,0.000136,172.31.33.0-255,66,22628,36,202549
423,0.000176,74.125.24.0-255,1484,24112,36,202549
424,0.000178,172.31.33.0-255,66,24178,36,202549
425,0.000182,74.125.24.0-255,2902,27080,36,202549
426,0.000184,172.31.33.0-255,66,27146,36,202549
427,0.000198,74.125.24.0-255,5738,32884,36,202549
428,0.000201,172.31.33.0-255,66,32950,36,202549
429,0.000226,74.125.24.0-255,6797,39747,36,202549
430,0.000229,172.31.33.0-255,66,39813,36,202549
431,0.000241,74.125.24.0-255,1484,41297,36,202549
432,0.000243,172.31.33.0-255,66,41363,36,202549
433,0.000274,172.31.33.0-255,66,41429,36,202549
434,0.000277,74.125.24.0-255,2811,44240,36,202549
435,0.00028,172.31.33.0-255,66,44306,36,202549
436,0.000282,74.125.24.0-255,135,44441,36,202549
437,0.000486,74.125.24.0-255,348,44789,36,202549
438,0.000652,172.31.33.0-255,66,44855,36,202549
439,0.000826,74.125.24.0-255,1484,46339,36,202549
440,0.000836,74.125.24.0-255,2902,49241,36,202549
441,0.000859,74.125.24.0-255,5738,54979,36,202549
442,0.000886,74.125.24.0-255,4320,59299,36,202549
443,0.000909,74.125.24.0-255,5738,65037,36,202549
444,0.000923,74.125.24.0-255,2184,67221,36,202549
445,0.001468,74.125.24.0-255,1484,68705,36,202549
446,0.001475,74.125.24.0-255,2902,71607,36,202549
447,0.001491,74.125.24.0-255,5738,77345,36,202549
448,0.00156,74.125.24.0-255,7156,84501,36,202549
449,0.001574,74.125.24.0-255,1484,85985,36,202549
450,0.001587,74.125.24.0-255,2184,88169,36,202549
451,0.001734,74.125.24.0-255,1484,89653,36,202549
452,0.001745,74.125.24.0-255,2902,92555,36,202549
453,0.001767,74.125.24.0-255,5738,98293,36,202549
454,0.001788,74.125.24.0-255,2902,101195,36,202549
455,0.001816,74.125.24.0-255,1484,102679,36,202549
456,0.001822,74.125.24.0-255,5738,108417,36,202549
457,0.001847,74.125.24.0-255,1484,109901,36,202549
458,0.001865,74.125.24.0-255,3602,113503,36,202549
459,0.002061,74.125.24.0-255,1484,114987,36,202549
460,0.002074,74.125.24.0-255,2902,117889,36,202549
461,0.002087,74.125.24.0-255,5738,123627,36,202549
462,0.002117,74.125.24.0-255,2902,126529,36,202549
463,0.002136,74.125.24.0-255,7156,133685,36,202549
464,0.002142,74.125.24.0-255,7156,140841,36,202549
465,0.002163,74.125.24.0-255,4320,145161,36,202549
466,0.002168,74.125.24.0-255,2184,147345,36,202549
467,0.00226,74.125.24.0-255,1484,148829,36,202549
468,0.002283,74.125.24.0-255,2902,151731,36,202549
469,0.002297,74.125.24.0-255,5738,157469,36,202549
470,0.00232,74.125.24.0-255,5738,163207,36,202549
471,0.002563,172.31.33.0-255,66,163273,36,202549
472,0.004874,74.125.24.0-255,5738,169011,36,202549
473,0.00488,172.31.33.0-255,66,169077,36,202549
474,0.007183,74.125.24.0-255,5738,174815,36,202549
475,0.007188,172.31.33.0-255,66,174881,36,202549
476,0.009498,74.125.24.0-255,5738,180619,36,202549
477,0.009506,172.31.33.0-255,66,180685,36,202549
478,0.011785,74.125.24.0-255,5738,186423,36,202549
479,0.011792,172.31.33.0-255,66,186489,36,202549
480,0.014092,74.125.24.0-255,5738,192227,36,202549
481,0.014104,172.31.33.0-255,66,192293,36,202549
482,0.016384,74.125.24.0-255,4320,196613,36,202549
483,0.016391,172.31.33.0-255,66,196679,36,202549
484,0.016407,74.125.24.0-255,1484,198163,36,202549
485,0.018696,74.125.24.0-255,4320,202483,36,202549
486,0.018702,172.31.33.0-255,66,202549,36,202549
487,0.0,74.125.24.0-255,143,143,36,166739
488,2e-05,172.31.33.0-255,66,209,36,166739
489,2.7e-05,74.125.24.0-255,1484,1693,36,166739
490,3.2e-05,172.31.33.0-255,66,1759,36,166739
491,4.3e-05,74.125.24.0-255,2902,4661,36,166739
492,4.7e-05,172.31.33.0-255,66,4727,36,166739
493,5.4e-05,74.125.24.0-255,7156,11883,36,166739
494,5.7e-05,172.31.33.0-255,66,11949,36,166739
495,9.3e-05,74.125.24.0-255,2067,14016,36,166739
496,9.5e-05,172.31.33.0-255,66,14082,36,166739
497,0.000185,74.125.24.0-255,1484,15566,36,166739
498,0.000188,172.31.33.0-255,66,15632,36,166739
499,0.000191,74.125.24.0-255,1484,17116,36,166739
500,0.000193,172.31.33.0-255,66,17182,36,166739
501,0.000214,74.125.24.0-255,1484,18666,36,166739
502,0.00022,172.31.33.0-255,66,18732,36,166739
503,0.000226,74.125.24.0-255,5738,24470,36,166739
504,0.000228,172.31.33.0-255,66,24536,36,166739
505,0.000231,74.125.24.0-255,1484,26020,36,166739
506,0.000232,172.31.33.0-255,66,26086,36,166739
507,0.000258,74.125.24.0-255,2902,28988,36,166739
508,0.000264,172.31.33.0-255,66,29054,36,166739
509,0.000276,74.125.24.0-255,2902,31956,36,166739
510,0.000281,172.31.33.0-255,66,32022,36,166739
511,0.000313,172.31.33.0-255,66,32088,36,166739
512,0.00032,74.125.24.0-255,7156,39244,36,166739
513,0.000322,172.31.33.0-255,66,39310,36,166739
514,0.000355,172.31.33.0-255,66,39376,36,166739
515,0.000382,74.125.24.0-255,6438,45814,36,166739
516,0.000384,172.31.33.0-255,66,45880,36,166739
517,0.000387,74.125.24.0-255,421,46301,36,166739
518,0.000475,74.125.24.0-255,1484,47785,36,166739
519,0.000479,172.31.33.0-255,66,47851,36,166739
520,0.000485,74.125.24.0-255,2902,50753,36,166739
521,0.000487,172.31.33.0-255,66,50819,36,166739
522,0.000512,74.125.24.0-255,5738,56557,36,166739
523,0.000514,172.31.33.0-255,66,56623,36,166739
524,0.000539,74.125.24.0-255,5738,62361,36,166739
525,0.000541,172.31.33.0-255,66,62427,36,166739
526,0.00057,74.125.24.0-255,7156,69583,36,166739
527,0.000573,172.31.33.0-255,66,69649,36,166739
528,0.000578,74.125.24.0-255,5738,75387,36,166739
529,0.00058,172.31.33.0-255,66,75453,36,166739
530,0.0006,74.125.24.0-255,5306,80759,36,166739
531,0.000602,172.31.33.0-255,66,80825,36,166739
532,0.00076,74.125.24.0-255,1484,82309,36,166739
533,0.000776,74.125.24.0-255,2902,85211,36,166739
534,0.00078,172.31.33.0-255,66,85277,36,166739
535,0.000791,74.125.24.0-255,2902,88179,36,166739
536,0.000798,172.31.33.0-255,66,88245,36,166739
537,0.000826,74.125.24.0-255,2902,91147,36,166739
538,0.000829,172.31.33.0-255,66,91213,36,166739
539,0.000831,74.125.24.0-255,1484,92697,36,166739
540,0.000844,172.31.33.0-255,66,92763,36,166739
541,0.000867,74.125.24.0-255,2902,95665,36,166739
542,0.000869,172.31.33.0-255,66,95731,36,166739
543,0.000905,172.31.33.0-255,66,95797,36,166739
544,0.001013,74.125.24.0-255,1484,97281,36,166739
545,0.001028,74.125.24.0-255,2902,100183,36,166739
546,0.001031,172.31.33.0-255,66,100249,36,166739
547,0.001034,74.125.24.0-255,1484,101733,36,166739
548,0.00106,74.125.24.0-255,4320,106053,36,166739
549,0.001064,74.125.24.0-255,4320,110373,36,166739
550,0.001068,172.31.33.0-255,66,110439,36,166739
551,0.001074,172.31.33.0-255,66,110505,36,166739
552,0.001113,172.31.33.0-255,66,110571,36,166739
553,0.001119,74.125.24.0-255,3602,114173,36,166739
554,0.001121,172.31.33.0-255,66,114239,36,166739
555,0.003128,74.125.24.0-255,2902,117141,36,166739
556,0.003134,172.31.33.0-255,66,117207,36,166739
557,0.00316,74.125.24.0-255,2902,120109,36,166739
558,0.003161,172.31.33.0-255,66,120175,36,166739
559,0.005137,74.125.24.0-255,2902,123077,36,166739
560,0.00514,172.31.33.0-255,66,123143,36,166739
561,0.005167,74.125.24.0-255,2902,126045,36,166739
562,0.005169,172.31.33.0-255,66,126111,36,166739
563,0.007161,74.125.24.0-255,5738,131849,36,166739
564,0.007169,172.31.33.0-255,66,131915,36,166739
565,0.009158,74.125.24.0-255,5738,137653,36,166739
566,0.009164,172.31.33.0-255,66,137719,36,166739
567,0.011215,74.125.24.0-255,5738,143457,36,166739
568,0.011224,172.31.33.0-255,66,143523,36,166739
569,0.013227,74.125.24.0-255,5738,149261,36,166739
570,0.013235,172.31.33.0-255,66,149327,36,166739
571,0.015252,74.125.24.0-255,5738,155065,36,166739
572,0.01526,172.31.33.0-255,66,155131,36,166739
573,0.017272,74.125.24.0-255,5738,160869,36,166739
574,0.017279,172.31.33.0-255,66,160935,36,166739
575,0.019283,74.125.24.0-255,5738,166673,36,166739
576,0.019294,172.31.33.0-255,66,166739,36,166739
577,0.0,172.31.33.0-255,105,105,36,216687
578,0.000117,74.125.68.0-255,153,258,36,216687
579,0.000138,172.31.33.0-255,66,324,36,216687
580,0.000165,74.125.68.0-255,1484,1808,36,216687
581,0.000169,172.31.33.0-255,66,1874,36,216687
582,0.000188,74.125.68.0-255,2902,4776,36,216687
583,0.000192,172.31.33.0-255,66,4842,36,216687
584,0.000231,74.125.68.0-255,1484,6326,36,216687
585,0.000235,172.31.33.0-255,66,6392,36,216687
586,0.000239,74.125.68.0-255,1484,7876,36,216687
587,0.000243,172.31.33.0-255,66,7942,36,216687
588,0.000256,74.125.68.0-255,1484,9426,36,216687
589,0.000259,172.31.33.0-255,66,9492,36,216687
590,0.000278,74.125.68.0-255,6321,15813,36,216687
591,0.000281,172.31.33.0-255,66,15879,36,216687
592,0.000286,74.125.68.0-255,4320,20199,36,216687
593,0.000289,172.31.33.0-255,66,20265,36,216687
594,0.000317,74.125.68.0-255,5738,26003,36,216687
595,0.000319,172.31.33.0-255,66,26069,36,216687
596,0.000354,74.125.68.0-255,1484,27553,36,216687
597,0.000357,172.31.33.0-255,66,27619,36,216687
598,0.000376,74.125.68.0-255,3961,31580,36,216687
599,0.000379,172.31.33.0-255,66,31646,36,216687
600,0.000485,74.125.68.0-255,1484,33130,36,216687
601,0.000489,172.31.33.0-255,66,33196,36,216687
602,0.000493,74.125.68.0-255,1484,34680,36,216687
603,0.000498,172.31.33.0-255,66,34746,36,216687
604,0.000507,74.125.68.0-255,1484,36230,36,216687
605,0.000509,172.31.33.0-255,66,36296,36,216687
606,0.000564,74.125.68.0-255,5738,42034,36,216687
607,0.000567,172.31.33.0-255,66,42100,36,216687
608,0.000575,74.125.68.0-255,6797,48897,36,216687
609,0.000577,172.31.33.0-255,66,48963,36,216687
610,0.000587,172.31.33.0-255,66,49029,36,216687
611,0.000616,172.31.33.0-255,66,49095,36,216687
612,0.000618,74.125.68.0-255,131,49226,36,216687
613,0.000699,74.125.68.0-255,1484,50710,36,216687
614,0.000702,74.125.68.0-255,1484,52194,36,216687
615,0.000704,172.31.33.0-255,66,52260,36,216687
616,0.000712,74.125.68.0-255,1484,53744,36,216687
617,0.000715,172.31.33.0-255,66,53810,36,216687
618,0.000731,74.125.68.0-255,2902,56712,36,216687
619,0.000734,172.31.33.0-255,66,56778,36,216687
620,0.000752,74.125.68.0-255,2902,59680,36,216687
621,0.000755,172.31.33.0-255,66,59746,36,216687
622,0.000758,74.125.68.0-255,1484,61230,36,216687
623,0.000772,74.125.68.0-255,2902,64132,36,216687
624,0.000775,172.31.33.0-255,66,64198,36,216687
625,0.000802,74.125.68.0-255,2543,66741,36,216687
626,0.000806,172.31.33.0-255,66,66807,36,216687
627,0.000813,74.125.68.0-255,7156,73963,36,216687
628,0.000815,172.31.33.0-255,66,74029,36,216687
629,0.000842,172.31.33.0-255,66,74095,36,216687
630,0.000845,74.125.68.0-255,349,74444,36,216687
631,0.001055,74.125.68.0-255,1484,75928,36,216687
632,0.001059,172.31.33.0-255,66,75994,36,216687
633,0.001095,74.125.68.0-255,2902,78896,36,216687
634,0.001099,172.31.33.0-255,66,78962,36,216687
635,0.001116,74.125.68.0-255,2902,81864,36,216687
636,0.001119,172.31.33.0-255,66,81930,36,216687
637,0.001138,74.125.68.0-255,1484,83414,36,216687
638,0.001149,74.125.68.0-255,1484,84898,36,216687
639,0.001152,172.31.33.0-255,66,84964,36,216687
640,0.001167,74.125.68.0-255,1484,86448,36,216687
641,0.001178,74.125.68.0-255,1484,87932,36,216687
642,0.001182,172.31.33.0-255,66,87998,36,216687
643,0.001196,74.125.68.0-255,2902,90900,36,216687
644,0.001199,172.31.33.0-255,66,90966,36,216687
645,0.00121,172.31.33.0-255,66,91032,36,216687
646,0.001216,74.125.68.0-255,5738,96770,36,216687
647,0.001218,172.31.33.0-255,66,96836,36,216687
648,0.001254,74.125.68.0-255,3602,100438,36,216687
649,0.001258,172.31.33.0-255,66,100504,36,216687
650,0.001312,74.125.68.0-255,1484,101988,36,216687
651,0.001325,74.125.68.0-255,2902,104890,36,216687
652,0.001328,172.31.33.0-255,66,104956,36,216687
653,0.001331,74.125.68.0-255,1484,106440,36,216687
654,0.001348,74.125.68.0-255,4320,110760,36,216687
655,0.00135,172.31.33.0-255,66,110826,36,216687
656,0.001355,74.125.68.0-255,4320,115146,36,216687
657,0.001357,172.31.33.0-255,66,115212,36,216687
658,0.001374,74.125.68.0-255,4320,119532,36,216687
659,0.001376,172.31.33.0-255,66,119598,36,216687
660,0.0014,74.125.68.0-255,1484,121082,36,216687
661,0.001412,74.125.68.0-255,1484,122566,36,216687
662,0.001413,172.31.33.0-255,66,122632,36,216687
663,0.001422,74.125.68.0-255,766,123398,36,216687
664,0.001425,172.31.33.0-255,66,123464,36,216687
665,0.001465,74.125.68.0-255,1484,124948,36,216687
666,0.001481,74.125.68.0-255,4320,129268,36,216687
667,0.001483,172.31.33.0-255,66,129334,36,216687
668,0.00152,172.31.33.0-255,66,129400,36,216687
669,0.001527,74.125.68.0-255,7156,136556,36,216687
670,0.001529,172.31.33.0-255,66,136622,36,216687
671,0.00154,172.31.33.0-255,66,136688,36,216687
672,0.001566,74.125.68.0-255,3602,140290,36,216687
673,0.001569,172.31.33.0-255,66,140356,36,216687
674,0.001584,172.31.33.0-255,66,140422,36,216687
675,0.001605,74.125.68.0-255,7156,147578,36,216687
676,0.001612,172.31.33.0-255,66,147644,36,216687
677,0.001673,172.31.33.0-255,66,147710,36,216687
678,0.001676,74.125.68.0-255,766,148476,36,216687
679,0.001766,157.240.7.0-255,105,148581,36,216687
680,0.001773,172.31.33.0-255,66,148647,36,216687
681,0.001978,74.125.68.0-255,1484,150131,36,216687
682,0.001983,172.31.33.0-255,66,150197,36,216687
683,0.002,74.125.68.0-255,2902,153099,36,216687
684,0.002003,172.31.33.0-255,66,153165,36,216687
685,0.002007,74.125.68.0-255,1484,154649,36,216687
686,0.002027,74.125.68.0-255,4320,158969,36,216687
687,0.002032,172.31.33.0-255,66,159035,36,216687
688,0.002049,74.125.68.0-255,7156,166191,36,216687
689,0.002052,172.31.33.0-255,66,166257,36,216687
690,0.00208,172.31.33.0-255,66,166323,36,216687
691,0.002099,74.125.68.0-255,1484,167807,36,216687
692,0.002111,74.125.68.0-255,2184,169991,36,216687
693,0.002113,172.31.33.0-255,66,170057,36,216687
694,0.004066,74.125.68.0-255,1484,171541,36,216687
695,0.004085,74.125.68.0-255,4320,175861,36,216687
696,0.004089,172.31.33.0-255,66,175927,36,216687
697,0.006065,74.125.68.0-255,2902,178829,36,216687
698,0.006067,172.31.33.0-255,66,178895,36,216687
699,0.006084,74.125.68.0-255,2902,181797,36,216687
700,0.006085,172.31.33.0-255,66,181863,36,216687
701,0.008049,74.125.68.0-255,5738,187601,36,216687
702,0.008056,172.31.33.0-255,66,187667,36,216687
703,0.010052,74.125.68.0-255,5738,193405,36,216687
704,0.01006,172.31.33.0-255,66,193471,36,216687
705,0.012049,74.125.68.0-255,5738,199209,36,216687
706,0.012055,172.31.33.0-255,66,199275,36,216687
707,0.014035,74.125.68.0-255,5738,205013,36,216687
708,0.01404,172.31.33.0-255,66,205079,36,216687
709,0.016028,74.125.68.0-255,5738,210817,36,216687
710,0.016034,172.31.33.0-255,66,210883,36,216687
711,0.018026,74.125.68.0-255,5738,216621,36,216687
712,0.018033,172.31.33.0-255,66,216687,36,216687
713,0.0,172.31.33.0-255,105,105,36,342
714,0.001728,157.240.7.0-255,66,171,36,342
715,0.001758,157.240.7.0-255,105,276,36,342
716,0.001762,172.31.33.0-255,66,342,36,342
717,0.0,74.125.24.0-255,66,66,36,66
718,0.0,172.217.194.0-255,151,151,36,186721
719,3.4e-05,172.31.33.0-255,66,217,36,186721
720,4.2e-05,172.217.194.0-255,1484,1701,36,186721
721,4.7e-05,172.31.33.0-255,66,1767,36,186721
722,5.2e-05,172.217.194.0-255,2902,4669,36,186721
723,5.4e-05,172.31.33.0-255,66,4735,36,186721
724,7e-05,172.217.194.0-255,7156,11891,36,186721
725,7.2e-05,172.31.33.0-255,66,11957,36,186721
726,7.6e-05,172.217.194.0-255,2012,13969,36,186721
727,7.9e-05,172.31.33.0-255,66,14035,36,186721
728,0.000146,172.217.194.0-255,1484,15519,36,186721
729,0.000149,172.31.33.0-255,66,15585,36,186721
730,0.000154,172.217.194.0-255,1484,17069,36,186721
731,0.000156,172.31.33.0-255,66,17135,36,186721
732,0.000178,172.217.194.0-255,1484,18619,36,186721
733,0.00018,172.31.33.0-255,66,18685,36,186721
734,0.000189,172.217.194.0-255,5738,24423,36,186721
735,0.000192,172.31.33.0-255,66,24489,36,186721
736,0.000217,172.217.194.0-255,4320,28809,36,186721
737,0.00022,172.31.33.0-255,66,28875,36,186721
738,0.000247,172.217.194.0-255,2543,31418,36,186721
739,0.000249,172.31.33.0-255,66,31484,36,186721
740,0.000338,172.217.194.0-255,1484,32968,36,186721
741,0.000344,172.31.33.0-255,66,33034,36,186721
742,0.000348,172.217.194.0-255,2902,35936,36,186721
743,0.00035,172.31.33.0-255,66,36002,36,186721
744,0.00038,172.217.194.0-255,4320,40322,36,186721
745,0.000383,172.31.33.0-255,66,40388,36,186721
746,0.000391,172.217.194.0-255,5738,46126,36,186721
747,0.000393,172.31.33.0-255,66,46192,36,186721
748,0.000441,172.31.33.0-255,66,46258,36,186721
749,0.000449,172.217.194.0-255,6797,53055,36,186721
750,0.000451,172.31.33.0-255,66,53121,36,186721
751,0.000512,172.217.194.0-255,380,53501,36,186721
752,0.00054,172.217.194.0-255,364,53865,36,186721
753,0.000666,172.217.194.0-255,1484,55349,36,186721
754,0.00067,172.31.33.0-255,66,55415,36,186721
755,0.000675,172.217.194.0-255,2902,58317,36,186721
756,0.000677,172.31.33.0-255,66,58383,36,186721
757,0.000683,172.217.194.0-255,5738,64121,36,186721
758,0.000691,172.31.33.0-255,66,64187,36,186721
759,0.00073,172.31.33.0-255,66,64253,36,186721
760,0.000755,172.217.194.0-255,7156,71409,36,186721
761,0.000757,172.31.33.0-255,66,71475,36,186721
762,0.000785,172.217.194.0-255,1484,72959,36,186721
763,0.000789,172.217.194.0-255,2184,75143,36,186721
764,0.000791,172.31.33.0-255,66,75209,36,186721
765,0.00132,172.217.194.0-255,1484,76693,36,186721
766,0.00134,172.217.194.0-255,2902,79595,36,186721
767,0.001345,172.31.33.0-255,66,79661,36,186721
768,0.001352,172.217.194.0-255,5738,85399,36,186721
769,0.001355,172.31.33.0-255,66,85465,36,186721
770,0.001375,172.31.33.0-255,66,85531,36,186721
771,0.00138,172.217.194.0-255,2902,88433,36,186721
772,0.001381,172.31.33.0-255,66,88499,36,186721
773,0.001417,172.217.194.0-255,5738,94237,36,186721
774,0.00142,172.31.33.0-255,66,94303,36,186721
775,0.001424,172.217.194.0-255,2184,96487,36,186721
776,0.001426,172.31.33.0-255,66,96553,36,186721
777,0.00156,172.217.194.0-255,1484,98037,36,186721
778,0.001578,172.217.194.0-255,2902,100939,36,186721
779,0.001582,172.31.33.0-255,66,101005,36,186721
780,0.001587,172.217.194.0-255,1484,102489,36,186721
781,0.001606,172.217.194.0-255,4320,106809,36,186721
782,0.001608,172.31.33.0-255,66,106875,36,186721
783,0.001645,172.31.33.0-255,66,106941,36,186721
784,0.001663,172.31.33.0-255,66,107007,36,186721
785,0.001666,172.217.194.0-255,766,107773,36,186721
786,0.001859,172.217.194.0-255,1484,109257,36,186721
787,0.001862,172.31.33.0-255,66,109323,36,186721
788,0.001865,172.217.194.0-255,1484,110807,36,186721
789,0.001885,172.217.194.0-255,1484,112291,36,186721
790,0.001887,172.31.33.0-255,66,112357,36,186721
791,0.001892,172.217.194.0-255,5738,118095,36,186721
792,0.001895,172.31.33.0-255,66,118161,36,186721
793,0.001898,172.217.194.0-255,1484,119645,36,186721
794,0.00193,172.31.33.0-255,66,119711,36,186721
795,0.001955,172.217.194.0-255,4320,124031,36,186721
796,0.001957,172.31.33.0-255,66,124097,36,186721
797,0.00198,172.31.33.0-255,66,124163,36,186721
798,0.002086,172.217.194.0-255,1484,125647,36,186721
799,0.002103,172.217.194.0-255,2902,128549,36,186721
800,0.002106,172.31.33.0-255,66,128615,36,186721
801,0.002112,172.217.194.0-255,5738,134353,36,186721
802,0.002114,172.31.33.0-255,66,134419,36,186721
803,0.002116,172.217.194.0-255,1484,135903,36,186721
804,0.002141,172.217.194.0-255,4320,140223,36,186721
805,0.002144,172.31.33.0-255,66,140289,36,186721
806,0.004226,172.217.194.0-255,5738,146027,36,186721
807,0.004232,172.31.33.0-255,66,146093,36,186721
808,0.00628,172.217.194.0-255,5738,151831,36,186721
809,0.006285,172.31.33.0-255,66,151897,36,186721
810,0.008337,172.217.194.0-255,5738,157635,36,186721
811,0.008343,172.31.33.0-255,66,157701,36,186721
812,0.010406,172.217.194.0-255,5738,163439,36,186721
813,0.010414,172.31.33.0-255,66,163505,36,186721
814,0.01247,172.217.194.0-255,5738,169243,36,186721
815,0.012478,172.31.33.0-255,66,169309,36,186721
816,0.014558,172.217.194.0-255,5738,175047,36,186721
817,0.014568,172.31.33.0-255,66,175113,36,186721
818,0.016672,172.217.194.0-255,5738,180851,36,186721
819,0.016691,172.31.33.0-255,66,180917,36,186721
820,0.018794,172.217.194.0-255,5738,186655,36,186721
821,0.01881,172.31.33.0-255,66,186721,36,186721
822,0.0,172.31.33.0-255,105,105,36,525
823,0.000234,172.31.33.0-255,90,195,36,525
824,0.000244,172.31.33.0-255,66,261,36,525
825,0.002455,172.217.194.0-255,66,327,36,525
826,0.002466,172.217.194.0-255,66,393,36,525
827,0.002472,172.31.33.0-255,66,459,36,525
828,0.002512,172.217.194.0-255,66,525,36,525
829,0.0,74.125.200.0-255,153,153,36,133098
830,1.3e-05,172.31.33.0-255,66,219,36,133098
831,2.8e-05,74.125.200.0-255,1484,1703,36,133098
832,3.7e-05,172.31.33.0-255,66,1769,36,133098
833,4.3e-05,74.125.200.0-255,2902,4671,36,133098
834,4.6e-05,172.31.33.0-255,66,4737,36,133098
835,4.9e-05,74.125.200.0-255,1484,6221,36,133098
836,5.1e-05,172.31.33.0-255,66,6287,36,133098
837,5.6e-05,74.125.200.0-255,2902,9189,36,133098
838,5.8e-05,172.31.33.0-255,66,9255,36,133098
839,0.000109,74.125.200.0-255,4845,14100,36,133098
840,0.000112,172.31.33.0-255,66,14166,36,133098
841,0.000203,74.125.200.0-255,1484,15650,36,133098
842,0.000206,172.31.33.0-255,66,15716,36,133098
843,0.000237,74.125.200.0-255,2902,18618,36,133098
844,0.000239,172.31.33.0-255,66,18684,36,133098
845,0.000245,74.125.200.0-255,5738,24422,36,133098
846,0.000247,172.31.33.0-255,66,24488,36,133098
847,0.000251,74.125.200.0-255,2902,27390,36,133098
848,0.000252,172.31.33.0-255,66,27456,36,133098
849,0.000257,74.125.200.0-255,3961,31417,36,133098
850,0.000259,172.31.33.0-255,66,31483,36,133098
851,0.000319,74.125.200.0-255,1484,32967,36,133098
852,0.000323,172.31.33.0-255,66,33033,36,133098
853,0.000342,74.125.200.0-255,2902,35935,36,133098
854,0.000344,172.31.33.0-255,66,36001,36,133098
855,0.00035,74.125.200.0-255,5738,41739,36,133098
856,0.000352,172.31.33.0-255,66,41805,36,133098
857,0.000355,74.125.200.0-255,1484,43289,36,133098
858,0.000356,172.31.33.0-255,66,43355,36,133098
859,0.00041,74.125.200.0-255,5379,48734,36,133098
860,0.000413,172.31.33.0-255,66,48800,36,133098
861,0.00103,74.125.200.0-255,1484,50284,36,133098
862,0.00105,74.125.200.0-255,2902,53186,36,133098
863,0.001054,172.31.33.0-255,66,53252,36,133098
864,0.001058,74.125.200.0-255,1484,54736,36,133098
865,0.001061,74.125.200.0-255,1484,56220,36,133098
866,0.001062,172.31.33.0-255,66,56286,36,133098
867,0.001084,74.125.200.0-255,1484,57770,36,133098
868,0.001105,74.125.200.0-255,1484,59254,36,133098
869,0.001108,172.31.33.0-255,66,59320,36,133098
870,0.001137,74.125.200.0-255,2902,62222,36,133098
871,0.001142,172.31.33.0-255,66,62288,36,133098
872,0.001167,74.125.200.0-255,3961,66249,36,133098
873,0.001169,172.31.33.0-255,66,66315,36,133098
874,0.001235,74.125.200.0-255,1484,67799,36,133098
875,0.001249,74.125.200.0-255,2902,70701,36,133098
876,0.001251,172.31.33.0-255,66,70767,36,133098
877,0.001254,74.125.200.0-255,1484,72251,36,133098
878,0.001276,74.125.200.0-255,1484,73735,36,133098
879,0.001278,172.31.33.0-255,66,73801,36,133098
880,0.001283,74.125.200.0-255,4320,78121,36,133098
881,0.001284,172.31.33.0-255,66,78187,36,133098
882,0.001304,74.125.200.0-255,1484,79671,36,133098
883,0.001326,172.31.33.0-255,66,79737,36,133098
884,0.00133,74.125.200.0-255,4320,84057,36,133098
885,0.001332,172.31.33.0-255,66,84123,36,133098
886,0.001369,74.125.200.0-255,1484,85607,36,133098
887,0.001394,74.125.200.0-255,6797,92404,36,133098
888,0.001397,172.31.33.0-255,66,92470,36,133098
889,0.003699,74.125.200.0-255,5738,98208,36,133098
890,0.003703,172.31.33.0-255,66,98274,36,133098
891,0.006026,74.125.200.0-255,5738,104012,36,133098
892,0.006034,172.31.33.0-255,66,104078,36,133098
893,0.008382,74.125.200.0-255,5738,109816,36,133098
894,0.008404,172.31.33.0-255,66,109882,36,133098
895,0.010736,74.125.200.0-255,5738,115620,36,133098
896,0.010753,172.31.33.0-255,66,115686,36,133098
897,0.013104,74.125.200.0-255,5738,121424,36,133098
898,0.013124,172.31.33.0-255,66,121490,36,133098
899,0.015482,74.125.200.0-255,5738,127228,36,133098
900,0.015502,172.31.33.0-255,66,127294,36,133098
901,0.017829,74.125.200.0-255,5738,133032,36,133098
902,0.017845,172.31.33.0-255,66,133098,36,133098
903,0.0,172.217.194.0-255,152,152,36,234545
904,1.5e-05,172.31.33.0-255,66,218,36,234545
905,2.1e-05,172.217.194.0-255,1484,1702,36,234545
906,2.6e-05,172.31.33.0-255,66,1768,36,234545
907,3.2e-05,172.217.194.0-255,2902,4670,36,234545
908,3.5e-05,172.31.33.0-255,66,4736,36,234545
909,6.8e-05,172.217.194.0-255,1484,6220,36,234545
910,7.1e-05,172.31.33.0-255,66,6286,36,234545
911,9.8e-05,172.217.194.0-255,4320,10606,36,234545
912,0.000101,172.31.33.0-255,66,10672,36,234545
913,0.000106,172.217.194.0-255,3376,14048,36,234545
914,0.000109,172.31.33.0-255,66,14114,36,234545
915,0.000337,172.217.194.0-255,1484,15598,36,234545
916,0.000343,172.31.33.0-255,66,15664,36,234545
917,0.000349,172.217.194.0-255,2902,18566,36,234545
918,0.000351,172.31.33.0-255,66,18632,36,234545
919,0.000355,172.217.194.0-255,1484,20116,36,234545
920,0.000358,172.31.33.0-255,66,20182,36,234545
921,0.00038,172.217.194.0-255,4320,24502,36,234545
922,0.000389,172.31.33.0-255,66,24568,36,234545
923,0.000394,172.217.194.0-255,2902,27470,36,234545
924,0.000396,172.31.33.0-255,66,27536,36,234545
925,0.000412,172.217.194.0-255,3961,31497,36,234545
926,0.000414,172.31.33.0-255,66,31563,36,234545
927,0.000515,172.217.194.0-255,1484,33047,36,234545
928,0.000519,172.31.33.0-255,66,33113,36,234545
929,0.000524,172.217.194.0-255,2902,36015,36,234545
930,0.000527,172.31.33.0-255,66,36081,36,234545
931,0.000554,172.217.194.0-255,5738,41819,36,234545
932,0.000558,172.31.33.0-255,66,41885,36,234545
933,0.000561,172.217.194.0-255,1484,43369,36,234545
934,0.000564,172.31.33.0-255,66,43435,36,234545
935,0.000593,172.217.194.0-255,1484,44919,36,234545
936,0.000624,172.31.33.0-255,66,44985,36,234545
937,0.000635,172.31.33.0-255,66,45051,36,234545
938,0.000657,172.217.194.0-255,677,45728,36,234545
939,0.000861,172.217.194.0-255,1484,47212,36,234545
940,0.000866,172.31.33.0-255,66,47278,36,234545
941,0.000871,172.217.194.0-255,2902,50180,36,234545
942,0.000874,172.31.33.0-255,66,50246,36,234545
943,0.00088,172.217.194.0-255,5738,55984,36,234545
944,0.000883,172.31.33.0-255,66,56050,36,234545
945,0.000918,172.31.33.0-255,66,56116,36,234545
946,0.000969,172.31.33.0-255,66,56182,36,234545
947,0.00099,172.217.194.0-255,5020,61202,36,234545
948,0.000992,172.31.33.0-255,66,61268,36,234545
949,0.001329,172.217.194.0-255,1484,62752,36,234545
950,0.001343,172.217.194.0-255,2902,65654,36,234545
951,0.001347,172.31.33.0-255,66,65720,36,234545
952,0.00136,172.217.194.0-255,2902,68622,36,234545
953,0.001362,172.31.33.0-255,66,68688,36,234545
954,0.001377,172.217.194.0-255,2902,71590,36,234545
955,0.00138,172.31.33.0-255,66,71656,36,234545
956,0.00139,172.31.33.0-255,66,71722,36,234545
957,0.001414,172.217.194.0-255,4320,76042,36,234545
958,0.001417,172.31.33.0-255,66,76108,36,234545
959,0.00143,172.31.33.0-255,66,76174,36,234545
960,0.001495,172.217.194.0-255,1484,77658,36,234545
961,0.0015,172.217.194.0-255,2902,80560,36,234545
962,0.001503,172.31.33.0-255,66,80626,36,234545
963,0.001524,172.217.194.0-255,5738,86364,36,234545
964,0.001527,172.31.33.0-255,66,86430,36,234545
965,0.00153,172.217.194.0-255,1484,87914,36,234545
966,0.001559,172.31.33.0-255,66,87980,36,234545
967,0.001562,172.217.194.0-255,1484,89464,36,234545
968,0.001589,172.31.33.0-255,66,89530,36,234545
969,0.001606,172.217.194.0-255,1484,91014,36,234545
970,0.00162,172.217.194.0-255,4320,95334,36,234545
971,0.001622,172.31.33.0-255,66,95400,36,234545
972,0.001631,172.217.194.0-255,7156,102556,36,234545
973,0.001634,172.31.33.0-255,66,102622,36,234545
974,0.00166,172.217.194.0-255,5738,108360,36,234545
975,0.001663,172.31.33.0-255,66,108426,36,234545
976,0.001706,172.31.33.0-255,66,108492,36,234545
977,0.001713,172.217.194.0-255,6438,114930,36,234545
978,0.001716,172.31.33.0-255,66,114996,36,234545
979,0.001765,172.217.194.0-255,1484,116480,36,234545
980,0.001783,172.217.194.0-255,2902,119382,36,234545
981,0.001785,172.31.33.0-255,66,119448,36,234545
982,0.001788,172.217.194.0-255,1484,120932,36,234545
983,0.001804,172.217.194.0-255,4320,125252,36,234545
984,0.001807,172.31.33.0-255,66,125318,36,234545
985,0.001809,172.217.194.0-255,1484,126802,36,234545
986,0.001847,172.31.33.0-255,66,126868,36,234545
987,0.001886,172.31.33.0-255,66,126934,36,234545
988,0.001903,172.217.194.0-255,3602,130536,36,234545
989,0.001905,172.31.33.0-255,66,130602,36,234545
990,0.001908,172.217.194.0-255,1484,132086,36,234545
991,0.001942,172.31.33.0-255,66,132152,36,234545
992,0.001972,172.31.33.0-255,66,132218,36,234545
993,0.001994,172.217.194.0-255,5738,137956,36,234545
994,0.001997,172.31.33.0-255,66,138022,36,234545
995,0.002002,172.217.194.0-255,3602,141624,36,234545
996,0.002004,172.31.33.0-255,66,141690,36,234545
997,0.002069,172.217.194.0-255,1484,143174,36,234545
998,0.002082,172.217.194.0-255,2902,146076,36,234545
999,0.002085,172.31.33.0-255,66,146142,36,234545
1000,0.002095,172.217.194.0-255,1484,147626,36,234545
1001,0.002111,172.217.194.0-255,4320,151946,36,234545
1002,0.002114,172.31.33.0-255,66,152012,36,234545
1003,0.002128,172.217.194.0-255,5738,157750,36,234545
1004,0.00213,172.31.33.0-255,66,157816,36,234545
1005,0.002154,172.217.194.0-255,7156,164972,36,234545
1006,0.002158,172.31.33.0-255,66,165038,36,234545
1007,0.002174,172.217.194.0-255,1484,166522,36,234545
1008,0.002197,172.31.33.0-255,66,166588,36,234545
1009,0.002247,172.217.194.0-255,5738,172326,36,234545
1010,0.00225,172.31.33.0-255,66,172392,36,234545
1011,0.002257,172.217.194.0-255,7156,179548,36,234545
1012,0.002259,172.31.33.0-255,66,179614,36,234545
1013,0.002288,172.217.194.0-255,7156,186770,36,234545
1014,0.002292,172.31.33.0-255,66,186836,36,234545
1015,0.002315,172.217.194.0-255,7156,193992,36,234545
1016,0.002317,172.31.33.0-255,66,194058,36,234545
1017,0.002324,172.217.194.0-255,6438,200496,36,234545
1018,0.002326,172.31.33.0-255,66,200562,36,234545
1019,0.002348,172.217.194.0-255,1484,202046,36,234545
1020,0.002352,172.217.194.0-255,2902,204948,36,234545
1021,0.002354,172.31.33.0-255,66,205014,36,234545
1022,0.00237,172.217.194.0-255,5738,210752,36,234545
1023,0.002372,172.31.33.0-255,66,210818,36,234545
1024,0.002392,172.217.194.0-255,2902,213720,36,234545
1025,0.002394,172.31.33.0-255,66,213786,36,234545
1026,0.002415,172.31.33.0-255,66,213852,36,234545
1027,0.00242,172.217.194.0-255,4320,218172,36,234545
1028,0.002422,172.31.33.0-255,66,218238,36,234545
1029,0.002451,172.31.33.0-255,66,218304,36,234545
1030,0.002493,172.217.194.0-255,2902,221206,36,234545
1031,0.002496,172.31.33.0-255,66,221272,36,234545
1032,0.002499,172.217.194.0-255,1484,222756,36,234545
1033,0.002517,172.217.194.0-255,5738,228494,36,234545
1034,0.002519,172.31.33.0-255,66,228560,36,234545
1035,0.002534,172.217.194.0-255,1484,230044,36,234545
1036,0.002556,172.31.33.0-255,66,230110,36,234545
1037,0.002608,172.31.33.0-255,66,230176,36,234545
1038,0.002613,172.217.194.0-255,3602,233778,36,234545
1039,0.002615,172.31.33.0-255,66,233844,36,234545
1040,0.002636,172.217.194.0-255,359,234203,36,234545
1041,0.002656,172.217.194.0-255,105,234308,36,234545
1042,0.009211,172.31.33.0-255,66,234374,36,234545
1043,0.009246,172.31.33.0-255,105,234479,36,234545
1044,0.011579,172.217.194.0-255,66,234545,36,234545
1045,0.0,74.125.24.0-255,150,150,36,158770
1046,2.3e-05,172.31.33.0-255,66,216,36,158770
1047,3.1e-05,74.125.24.0-255,1484,1700,36,158770
1048,3.5e-05,172.31.33.0-255,66,1766,36,158770
1049,4.8e-05,74.125.24.0-255,2902,4668,36,158770
1050,5.1e-05,172.31.33.0-255,66,4734,36,158770
1051,5.7e-05,74.125.24.0-255,2902,7636,36,158770
1052,6e-05,172.31.33.0-255,66,7702,36,158770
1053,7.2e-05,172.31.33.0-255,66,7768,36,158770
1054,7.5e-05,74.125.24.0-255,1484,9252,36,158770
1055,7.8e-05,172.31.33.0-255,66,9318,36,158770
1056,0.00012,172.31.33.0-255,66,9384,36,158770
1057,0.000125,74.125.24.0-255,1484,10868,36,158770
1058,0.000127,172.31.33.0-255,66,10934,36,158770
1059,0.000145,74.125.24.0-255,2902,13836,36,158770
1060,0.000148,172.31.33.0-255,66,13902,36,158770
1061,0.000159,74.125.24.0-255,5738,19640,36,158770
1062,0.000162,172.31.33.0-255,66,19706,36,158770
1063,0.00019,74.125.24.0-255,2902,22608,36,158770
1064,0.000192,172.31.33.0-255,66,22674,36,158770
1065,0.000222,74.125.24.0-255,3961,26635,36,158770
1066,0.000224,172.31.33.0-255,66,26701,36,158770
1067,0.000416,74.125.24.0-255,1484,28185,36,158770
1068,0.000421,172.31.33.0-255,66,28251,36,158770
1069,0.000428,74.125.24.0-255,2902,31153,36,158770
1070,0.000431,172.31.33.0-255,66,31219,36,158770
1071,0.000435,74.125.24.0-255,1484,32703,36,158770
1072,0.000443,172.31.33.0-255,66,32769,36,158770
1073,0.000471,74.125.24.0-255,1484,34253,36,158770
1074,0.000475,172.31.33.0-255,66,34319,36,158770
1075,0.000488,74.125.24.0-255,7156,41475,36,158770
1076,0.000492,172.31.33.0-255,66,41541,36,158770
1077,0.000496,74.125.24.0-255,2543,44084,36,158770
1078,0.000498,172.31.33.0-255,66,44150,36,158770
1079,0.00064,74.125.24.0-255,1484,45634,36,158770
1080,0.000648,74.125.24.0-255,2902,48536,36,158770
1081,0.000653,172.31.33.0-255,66,48602,36,158770
1082,0.000659,74.125.24.0-255,5738,54340,36,158770
1083,0.000662,172.31.33.0-255,66,54406,36,158770
1084,0.000704,172.31.33.0-255,66,54472,36,158770
1085,0.00071,74.125.24.0-255,4320,58792,36,158770
1086,0.000714,172.31.33.0-255,66,58858,36,158770
1087,0.00074,74.125.24.0-255,4320,63178,36,158770
1088,0.000743,172.31.33.0-255,66,63244,36,158770
1089,0.000746,74.125.24.0-255,1484,64728,36,158770
1090,0.00078,172.31.33.0-255,66,64794,36,158770
1091,0.000792,172.31.33.0-255,66,64860,36,158770
1092,0.000822,74.125.24.0-255,198,65058,36,158770
1093,0.001218,74.125.24.0-255,1484,66542,36,158770
1094,0.001224,172.31.33.0-255,66,66608,36,158770
1095,0.001231,74.125.24.0-255,2902,69510,36,158770
1096,0.001233,172.31.33.0-255,66,69576,36,158770
1097,0.001241,74.125.24.0-255,1484,71060,36,158770
1098,0.001264,74.125.24.0-255,4320,75380,36,158770
1099,0.001266,172.31.33.0-255,66,75446,36,158770
1100,0.001278,172.31.33.0-255,66,75512,36,158770
1101,0.001306,74.125.24.0-255,1484,76996,36,158770
1102,0.001322,172.31.33.0-255,66,77062,36,158770
1103,0.001352,74.125.24.0-255,2184,79246,36,158770
1104,0.001356,172.31.33.0-255,66,79312,36,158770
1105,0.00167,74.125.24.0-255,1484,80796,36,158770
1106,0.001677,74.125.24.0-255,2902,83698,36,158770
1107,0.001681,172.31.33.0-255,66,83764,36,158770
1108,0.001714,74.125.24.0-255,5738,89502,36,158770
1109,0.001716,172.31.33.0-255,66,89568,36,158770
1110,0.001721,74.125.24.0-255,2902,92470,36,158770
1111,0.001723,172.31.33.0-255,66,92536,36,158770
1112,0.001728,74.125.24.0-255,4320,96856,36,158770
1113,0.00173,172.31.33.0-255,66,96922,36,158770
1114,0.001762,74.125.24.0-255,5738,102660,36,158770
1115,0.001765,172.31.33.0-255,66,102726,36,158770
1116,0.001781,172.31.33.0-255,66,102792,36,158770
1117,0.001858,172.31.33.0-255,66,102858,36,158770
1118,0.00187,172.31.33.0-255,66,102924,36,158770
1119,0.001887,172.31.33.0-255,66,102990,36,158770
1120,0.001917,74.125.24.0-255,766,103756,36,158770
1121,0.002105,74.125.24.0-255,1484,105240,36,158770
1122,0.002109,172.31.33.0-255,66,105306,36,158770
1123,0.002115,74.125.24.0-255,2902,108208,36,158770
1124,0.002116,172.31.33.0-255,66,108274,36,158770
1125,0.002152,74.125.24.0-255,5738,114012,36,158770
1126,0.002154,172.31.33.0-255,66,114078,36,158770
1127,0.002166,172.31.33.0-255,66,114144,36,158770
1128,0.00219,74.125.24.0-255,2902,117046,36,158770
1129,0.002193,172.31.33.0-255,66,117112,36,158770
1130,0.002202,172.31.33.0-255,66,117178,36,158770
1131,0.002209,74.125.24.0-255,1484,118662,36,158770
1132,0.002238,74.125.24.0-255,766,119428,36,158770
1133,0.002241,172.31.33.0-255,66,119494,36,158770
1134,0.004479,74.125.24.0-255,5738,125232,36,158770
1135,0.004484,172.31.33.0-255,66,125298,36,158770
1136,0.006754,74.125.24.0-255,4320,129618,36,158770
1137,0.006761,172.31.33.0-255,66,129684,36,158770
1138,0.006777,74.125.24.0-255,1484,131168,36,158770
1139,0.009006,74.125.24.0-255,4320,135488,36,158770
1140,0.009013,172.31.33.0-255,66,135554,36,158770
1141,0.01128,74.125.24.0-255,5738,141292,36,158770
1142,0.01129,172.31.33.0-255,66,141358,36,158770
1143,0.013552,74.125.24.0-255,5738,147096,36,158770
1144,0.013562,172.31.33.0-255,66,147162,36,158770
1145,0.015791,74.125.24.0-255,5738,152900,36,158770
1146,0.015798,172.31.33.0-255,66,152966,36,158770
1147,0.018039,74.125.24.0-255,5738,158704,36,158770
1148,0.018046,172.31.33.0-255,66,158770,36,158770
1149,0.0,172.253.118.0-255,153,153,36,125223
1150,1.2e-05,172.31.33.0-255,66,219,36,125223
1151,2.9e-05,172.253.118.0-255,1484,1703,36,125223
1152,3.4e-05,172.31.33.0-255,66,1769,36,125223
1153,4e-05,172.253.118.0-255,2902,4671,36,125223
1154,4.3e-05,172.31.33.0-255,66,4737,36,125223
1155,7.6e-05,172.253.118.0-255,7156,11893,36,125223
1156,8e-05,172.31.33.0-255,66,11959,36,125223
1157,8.4e-05,172.253.118.0-255,2020,13979,36,125223
1158,8.6e-05,172.31.33.0-255,66,14045,36,125223
1159,0.000139,172.253.118.0-255,1484,15529,36,125223
1160,0.000141,172.31.33.0-255,66,15595,36,125223
1161,0.000156,172.253.118.0-255,2902,18497,36,125223
1162,0.000159,172.31.33.0-255,66,18563,36,125223
1163,0.000163,172.253.118.0-255,2902,21465,36,125223
1164,0.000165,172.31.33.0-255,66,21531,36,125223
1165,0.000185,172.253.118.0-255,2902,24433,36,125223
1166,0.000187,172.31.33.0-255,66,24499,36,125223
1167,0.00019,172.253.118.0-255,1484,25983,36,125223
1168,0.000192,172.31.33.0-255,66,26049,36,125223
1169,0.000212,172.253.118.0-255,4320,30369,36,125223
1170,0.000215,172.31.33.0-255,66,30435,36,125223
1171,0.000226,172.253.118.0-255,1125,31560,36,125223
1172,0.000228,172.31.33.0-255,66,31626,36,125223
1173,0.000894,172.253.118.0-255,1484,33110,36,125223
1174,0.000899,172.31.33.0-255,66,33176,36,125223
1175,0.000908,172.253.118.0-255,2902,36078,36,125223
1176,0.000909,172.31.33.0-255,66,36144,36,125223
1177,0.000916,172.253.118.0-255,5738,41882,36,125223
1178,0.000918,172.31.33.0-255,66,41948,36,125223
1179,0.000953,172.253.118.0-255,4320,46268,36,125223
1180,0.000955,172.31.33.0-255,66,46334,36,125223
1181,0.000981,172.253.118.0-255,5379,51713,36,125223
1182,0.000983,172.31.33.0-255,66,51779,36,125223
1183,0.000993,172.31.33.0-255,66,51845,36,125223
1184,0.000998,172.253.118.0-255,4267,56112,36,125223
1185,0.001,172.31.33.0-255,66,56178,36,125223
1186,0.001541,172.253.118.0-255,115,56293,36,125223
1187,0.001547,172.31.33.0-255,66,56359,36,125223
1188,0.001586,172.253.118.0-255,1484,57843,36,125223
1189,0.00159,172.253.118.0-255,1484,59327,36,125223
1190,0.001612,172.253.118.0-255,4320,63647,36,125223
1191,0.001652,172.253.118.0-255,2902,66549,36,125223
1192,0.001669,172.253.118.0-255,5738,72287,36,125223
1193,0.001682,172.253.118.0-255,5738,78025,36,125223
1194,0.0017,172.253.118.0-255,4320,82345,36,125223
1195,0.001702,172.253.118.0-255,1484,83829,36,125223
1196,0.00172,172.253.118.0-255,5738,89567,36,125223
1197,0.001735,172.253.118.0-255,766,90333,36,125223
1198,0.003946,172.31.33.0-255,66,90399,36,125223
1199,0.006279,172.253.118.0-255,5738,96137,36,125223
1200,0.006286,172.31.33.0-255,66,96203,36,125223
1201,0.008644,172.253.118.0-255,5738,101941,36,125223
1202,0.008652,172.31.33.0-255,66,102007,36,125223
1203,0.010998,172.253.118.0-255,5738,107745,36,125223
1204,0.011006,172.31.33.0-255,66,107811,36,125223
1205,0.013366,172.253.118.0-255,5738,113549,36,125223
1206,0.013376,172.31.33.0-255,66,113615,36,125223
1207,0.015706,172.253.118.0-255,5738,119353,36,125223
1208,0.015714,172.31.33.0-255,66,119419,36,125223
1209,0.018037,172.253.118.0-255,5738,125157,36,125223
1210,0.018045,172.31.33.0-255,66,125223,36,125223
1211,0.0,74.125.200.0-255,153,153,36,175603
1212,2.9e-05,172.31.33.0-255,66,219,36,175603
1213,3.6e-05,74.125.200.0-255,1484,1703,36,175603
1214,3.9e-05,172.31.33.0-255,66,1769,36,175603
1215,4.5e-05,74.125.200.0-255,2902,4671,36,175603
1216,4.7e-05,172.31.33.0-255,66,4737,36,175603
1217,5.3e-05,74.125.200.0-255,4320,9057,36,175603
1218,5.5e-05,172.31.33.0-255,66,9123,36,175603
1219,6.1e-05,74.125.200.0-255,4888,14011,36,175603
1220,6.3e-05,172.31.33.0-255,66,14077,36,175603
1221,8.6e-05,74.125.200.0-255,1484,15561,36,175603
1222,8.9e-05,172.31.33.0-255,66,15627,36,175603
1223,0.000118,172.31.33.0-255,66,15693,36,175603
1224,0.000135,74.125.200.0-255,1484,17177,36,175603
1225,0.000137,172.31.33.0-255,66,17243,36,175603
1226,0.000155,74.125.200.0-255,3961,21204,36,175603
1227,0.000157,172.31.33.0-255,66,21270,36,175603
1228,0.000224,74.125.200.0-255,1484,22754,36,175603
1229,0.000228,172.31.33.0-255,66,22820,36,175603
1230,0.000241,74.125.200.0-255,2902,25722,36,175603
1231,0.000244,172.31.33.0-255,66,25788,36,175603
1232,0.000247,74.125.200.0-255,1484,27272,36,175603
1233,0.000249,172.31.33.0-255,66,27338,36,175603
1234,0.000253,74.125.200.0-255,2902,30240,36,175603
1235,0.000258,172.31.33.0-255,66,30306,36,175603
1236,0.000279,74.125.200.0-255,5738,36044,36,175603
1237,0.000284,172.31.33.0-255,66,36110,36,175603
1238,0.000319,172.31.33.0-255,66,36176,36,175603
1239,0.000329,172.31.33.0-255,66,36242,36,175603
1240,0.000347,74.125.200.0-255,1397,37639,36,175603
1241,0.000516,74.125.200.0-255,133,37772,36,175603
1242,0.00071,74.125.200.0-255,1484,39256,36,175603
1243,0.000714,172.31.33.0-255,66,39322,36,175603
1244,0.000719,74.125.200.0-255,2902,42224,36,175603
1245,0.000732,172.31.33.0-255,66,42290,36,175603
1246,0.000753,74.125.200.0-255,4320,46610,36,175603
1247,0.000757,74.125.200.0-255,1484,48094,36,175603
1248,0.000757,172.31.33.0-255,66,48160,36,175603
1249,0.000779,74.125.200.0-255,4320,52480,36,175603
1250,0.000787,172.31.33.0-255,66,52546,36,175603
1251,0.000825,74.125.200.0-255,2902,55448,36,175603
1252,0.000829,172.31.33.0-255,66,55514,36,175603
1253,0.000871,172.31.33.0-255,66,55580,36,175603
1254,0.000897,74.125.200.0-255,1484,57064,36,175603
1255,0.000913,74.125.200.0-255,5379,62443,36,175603
1256,0.000918,172.31.33.0-255,66,62509,36,175603
1257,0.001584,74.125.200.0-255,1484,63993,36,175603
1258,0.001595,74.125.200.0-255,2902,66895,36,175603
1259,0.0016,172.31.33.0-255,66,66961,36,175603
1260,0.001606,74.125.200.0-255,2902,69863,36,175603
1261,0.001622,74.125.200.0-255,4320,74183,36,175603
1262,0.001643,74.125.200.0-255,4320,78503,36,175603
1263,0.00166,74.125.200.0-255,1484,79987,36,175603
1264,0.001684,74.125.200.0-255,2902,82889,36,175603
1265,0.001691,74.125.200.0-255,5738,88627,36,175603
1266,0.001697,74.125.200.0-255,7156,95783,36,175603
1267,0.0017,74.125.200.0-255,766,96549,36,175603
1268,0.001895,74.125.200.0-255,1484,98033,36,175603
1269,0.001902,74.125.200.0-255,2902,100935,36,175603
1270,0.001915,74.125.200.0-255,4320,105255,36,175603
1271,0.00196,74.125.200.0-255,2902,108157,36,175603
1272,0.001974,74.125.200.0-255,2902,111059,36,175603
1273,0.00198,74.125.200.0-255,7156,118215,36,175603
1274,0.002006,74.125.200.0-255,1484,119699,36,175603
1275,0.002024,74.125.200.0-255,6438,126137,36,175603
1276,0.002051,74.125.200.0-255,4320,130457,36,175603
1277,0.002071,74.125.200.0-255,4320,134777,36,175603
1278,0.002075,74.125.200.0-255,4320,139097,36,175603
1279,0.002078,74.125.200.0-255,1484,140581,36,175603
1280,0.005814,172.31.33.0-255,66,140647,36,175603
1281,0.007851,74.125.200.0-255,5738,146385,36,175603
1282,0.007857,172.31.33.0-255,66,146451,36,175603
1283,0.009893,74.125.200.0-255,5738,152189,36,175603
1284,0.009899,172.31.33.0-255,66,152255,36,175603
1285,0.011957,74.125.200.0-255,5738,157993,36,175603
1286,0.011968,172.31.33.0-255,66,158059,36,175603
1287,0.013998,74.125.200.0-255,5738,163797,36,175603
1288,0.01401,172.31.33.0-255,66,163863,36,175603
1289,0.016039,74.125.200.0-255,5738,169601,36,175603
1290,0.016046,172.31.33.0-255,66,169667,36,175603
1291,0.018085,74.125.200.0-255,2902,172569,36,175603
1292,0.018095,172.31.33.0-255,66,172635,36,175603
1293,0.018128,74.125.200.0-255,2902,175537,36,175603
1294,0.018153,172.31.33.0-255,66,175603,36,175603
1295,0.0,172.217.194.0-255,153,153,36,197224
1296,2.8e-05,172.31.33.0-255,66,219,36,197224
1297,3.5e-05,172.217.194.0-255,1484,1703,36,197224
1298,3.9e-05,172.31.33.0-255,66,1769,36,197224
1299,5.1e-05,172.217.194.0-255,2902,4671,36,197224
1300,5.4e-05,172.31.33.0-255,66,4737,36,197224
1301,6e-05,172.217.194.0-255,4320,9057,36,197224
1302,6.3e-05,172.31.33.0-255,66,9123,36,197224
1303,8.5e-05,172.217.194.0-255,1484,10607,36,197224
1304,8.8e-05,172.31.33.0-255,66,10673,36,197224
1305,0.00011,172.217.194.0-255,3477,14150,36,197224
1306,0.000117,172.31.33.0-255,66,14216,36,197224
1307,0.000249,172.217.194.0-255,1484,15700,36,197224
1308,0.000254,172.31.33.0-255,66,15766,36,197224
1309,0.000259,172.217.194.0-255,2902,18668,36,197224
1310,0.000261,172.31.33.0-255,66,18734,36,197224
1311,0.000264,172.217.194.0-255,1484,20218,36,197224
1312,0.000272,172.31.33.0-255,66,20284,36,197224
1313,0.000302,172.217.194.0-255,4320,24604,36,197224
1314,0.000307,172.31.33.0-255,66,24670,36,197224
1315,0.000314,172.217.194.0-255,6797,31467,36,197224
1316,0.000317,172.31.33.0-255,66,31533,36,197224
1317,0.00033,172.217.194.0-255,7156,38689,36,197224
1318,0.000334,172.31.33.0-255,66,38755,36,197224
1319,0.00038,172.31.33.0-255,66,38821,36,197224
1320,0.000413,172.31.33.0-255,66,38887,36,197224
1321,0.000437,172.217.194.0-255,1407,40294,36,197224
1322,0.000441,172.31.33.0-255,66,40360,36,197224
1323,0.000521,172.217.194.0-255,1484,41844,36,197224
1324,0.000525,172.31.33.0-255,66,41910,36,197224
1325,0.000548,172.217.194.0-255,2902,44812,36,197224
1326,0.000551,172.31.33.0-255,66,44878,36,197224
1327,0.000556,172.217.194.0-255,5738,50616,36,197224
1328,0.000558,172.31.33.0-255,66,50682,36,197224
1329,0.000593,172.31.33.0-255,66,50748,36,197224
1330,0.00062,172.31.33.0-255,66,50814,36,197224
1331,0.001118,172.217.194.0-255,1484,52298,36,197224
1332,0.001127,172.217.194.0-255,2902,55200,36,197224
1333,0.00113,172.31.33.0-255,66,55266,36,197224
1334,0.001135,172.217.194.0-255,2902,58168,36,197224
1335,0.001136,172.31.33.0-255,66,58234,36,197224
1336,0.001165,172.217.194.0-255,2902,61136,36,197224
1337,0.001169,172.31.33.0-255,66,61202,36,197224
1338,0.001186,172.31.33.0-255,66,61268,36,197224
1339,0.001232,172.217.194.0-255,4320,65588,36,197224
1340,0.001236,172.31.33.0-255,66,65654,36,197224
1341,0.001269,172.31.33.0-255,66,65720,36,197224
1342,0.001566,172.217.194.0-255,1484,67204,36,197224
1343,0.001587,172.217.194.0-255,2902,70106,36,197224
1344,0.00159,172.31.33.0-255,66,70172,36,197224
1345,0.001597,172.217.194.0-255,5738,75910,36,197224
1346,0.001598,172.31.33.0-255,66,75976,36,197224
1347,0.001636,172.31.33.0-255,66,76042,36,197224
1348,0.001661,172.217.194.0-255,2902,78944,36,197224
1349,0.001662,172.31.33.0-255,66,79010,36,197224
1350,0.001712,172.31.33.0-255,66,79076,36,197224
1351,0.001715,172.217.194.0-255,1484,80560,36,197224
1352,0.001741,172.217.194.0-255,2902,83462,36,197224
1353,0.001743,172.31.33.0-255,66,83528,36,197224
1354,0.001748,172.217.194.0-255,5738,89266,36,197224
1355,0.00175,172.31.33.0-255,66,89332,36,197224
1356,0.001783,172.31.33.0-255,66,89398,36,197224
1357,0.001788,172.217.194.0-255,4320,93718,36,197224
1358,0.001789,172.31.33.0-255,66,93784,36,197224
1359,0.001808,172.217.194.0-255,4320,98104,36,197224
1360,0.00181,172.31.33.0-255,66,98170,36,197224
1361,0.001832,172.217.194.0-255,2184,100354,36,197224
1362,0.001834,172.31.33.0-255,66,100420,36,197224
1363,0.001955,172.217.194.0-255,1484,101904,36,197224
1364,0.001959,172.217.194.0-255,2902,104806,36,197224
1365,0.001962,172.31.33.0-255,66,104872,36,197224
1366,0.001989,172.217.194.0-255,5738,110610,36,197224
1367,0.001991,172.31.33.0-255,66,110676,36,197224
1368,0.001995,172.217.194.0-255,2902,113578,36,197224
1369,0.001996,172.31.33.0-255,66,113644,36,197224
1370,0.001999,172.217.194.0-255,1484,115128,36,197224
1371,0.002043,172.31.33.0-255,66,115194,36,197224
1372,0.002049,172.217.194.0-255,6438,121632,36,197224
1373,0.00205,172.31.33.0-255,66,121698,36,197224
1374,0.002115,172.217.194.0-255,1484,123182,36,197224
1375,0.002126,172.217.194.0-255,2902,126084,36,197224
1376,0.002129,172.31.33.0-255,66,126150,36,197224
1377,0.002132,172.217.194.0-255,2902,129052,36,197224
1378,0.002134,172.31.33.0-255,66,129118,36,197224
1379,0.002161,172.217.194.0-255,2902,132020,36,197224
1380,0.002164,172.31.33.0-255,66,132086,36,197224
1381,0.002174,172.217.194.0-255,7156,139242,36,197224
1382,0.002179,172.31.33.0-255,66,139308,36,197224
1383,0.002189,172.31.33.0-255,66,139374,36,197224
1384,0.002203,172.217.194.0-255,4320,143694,36,197224
1385,0.002205,172.31.33.0-255,66,143760,36,197224
1386,0.002208,172.217.194.0-255,2184,145944,36,197224
1387,0.002213,172.31.33.0-255,66,146010,36,197224
1388,0.002253,172.217.194.0-255,1484,147494,36,197224
1389,0.002264,172.217.194.0-255,4320,151814,36,197224
1390,0.002266,172.31.33.0-255,66,151880,36,197224
1391,0.002299,172.31.33.0-255,66,151946,36,197224
1392,0.002308,172.31.33.0-255,66,152012,36,197224
1393,0.002332,172.31.33.0-255,66,152078,36,197224
1394,0.002344,172.31.33.0-255,66,152144,36,197224
1395,0.002349,172.217.194.0-255,4320,156464,36,197224
1396,0.00235,172.31.33.0-255,66,156530,36,197224
1397,0.002387,172.31.33.0-255,66,156596,36,197224
1398,0.004729,172.217.194.0-255,5738,162334,36,197224
1399,0.004734,172.31.33.0-255,66,162400,36,197224
1400,0.007028,172.217.194.0-255,5738,168138,36,197224
1401,0.007035,172.31.33.0-255,66,168204,36,197224
1402,0.009343,172.217.194.0-255,5738,173942,36,197224
1403,0.00935,172.31.33.0-255,66,174008,36,197224
1404,0.01167,172.217.194.0-255,5738,179746,36,197224
1405,0.011679,172.31.33.0-255,66,179812,36,197224
1406,0.013992,172.217.194.0-255,5738,185550,36,197224
1407,0.013999,172.31.33.0-255,66,185616,36,197224
1408,0.01631,172.217.194.0-255,5738,191354,36,197224
1409,0.016317,172.31.33.0-255,66,191420,36,197224
1410,0.018606,172.217.194.0-255,5738,197158,36,197224
1411,0.018612,172.31.33.0-255,66,197224,36,197224
1412,0.0,172.31.33.0-255,105,105,36,459
1413,0.000242,172.31.33.0-255,90,195,36,459
1414,0.000251,172.31.33.0-255,66,261,36,459
1415,0.002799,74.125.130.0-255,66,327,36,459
1416,0.002813,74.125.130.0-255,66,393,36,459
1417,0.002823,172.31.33.0-255,66,459,36,459
1418,0.0,172.217.194.0-255,152,152,36,166180
1419,2.1e-05,172.31.33.0-255,66,218,36,166180
1420,2.7e-05,172.217.194.0-255,1484,1702,36,166180
1421,3.2e-05,172.31.33.0-255,66,1768,36,166180
1422,3.8e-05,172.217.194.0-255,2902,4670,36,166180
1423,4.1e-05,172.31.33.0-255,66,4736,36,166180
1424,4.9e-05,172.217.194.0-255,5738,10474,36,166180
1425,5.2e-05,172.31.33.0-255,66,10540,36,166180
1426,7.8e-05,172.217.194.0-255,3439,13979,36,166180
1427,8.1e-05,172.31.33.0-255,66,14045,36,166180
1428,9.8e-05,172.217.194.0-255,1484,15529,36,166180
1429,0.000101,172.31.33.0-255,66,15595,36,166180
1430,0.000117,172.217.194.0-255,2902,18497,36,166180
1431,0.00012,172.31.33.0-255,66,18563,36,166180
1432,0.000127,172.217.194.0-255,5738,24301,36,166180
1433,0.000129,172.31.33.0-255,66,24367,36,166180
1434,0.000149,172.217.194.0-255,4320,28687,36,166180
1435,0.000151,172.31.33.0-255,66,28753,36,166180
1436,0.000173,172.217.194.0-255,2543,31296,36,166180
1437,0.000175,172.31.33.0-255,66,31362,36,166180
1438,0.000287,172.217.194.0-255,1484,32846,36,166180
1439,0.000292,172.31.33.0-255,66,32912,36,166180
1440,0.000298,172.217.194.0-255,2902,35814,36,166180
1441,0.000301,172.31.33.0-255,66,35880,36,166180
1442,0.000305,172.217.194.0-255,2902,38782,36,166180
1443,0.000308,172.31.33.0-255,66,38848,36,166180
1444,0.000332,172.217.194.0-255,2902,41750,36,166180
1445,0.000334,172.31.33.0-255,66,41816,36,166180
1446,0.000341,172.217.194.0-255,5738,47554,36,166180
1447,0.000344,172.31.33.0-255,66,47620,36,166180
1448,0.000366,172.217.194.0-255,1125,48745,36,166180
1449,0.000369,172.31.33.0-255,66,48811,36,166180
1450,0.000728,172.217.194.0-255,1484,50295,36,166180
1451,0.000741,172.217.194.0-255,1484,51779,36,166180
1452,0.000745,172.31.33.0-255,66,51845,36,166180
1453,0.000765,172.217.194.0-255,1484,53329,36,166180
1454,0.000773,172.217.194.0-255,5738,59067,36,166180
1455,0.000775,172.31.33.0-255,66,59133,36,166180
1456,0.000793,172.217.194.0-255,1484,60617,36,166180
1457,0.000814,172.217.194.0-255,5689,66306,36,166180
1458,0.000816,172.31.33.0-255,66,66372,36,166180
1459,0.001488,172.217.194.0-255,366,66738,36,166180
1460,0.001515,172.217.194.0-255,1484,68222,36,166180
1461,0.001521,172.31.33.0-255,66,68288,36,166180
1462,0.00153,172.217.194.0-255,4320,72608,36,166180
1463,0.001533,172.31.33.0-255,66,72674,36,166180
1464,0.001551,172.217.194.0-255,1484,74158,36,166180
1465,0.00157,172.217.194.0-255,7156,81314,36,166180
1466,0.001573,172.31.33.0-255,66,81380,36,166180
1467,0.001606,172.217.194.0-255,2543,83923,36,166180
1468,0.001609,172.31.33.0-255,66,83989,36,166180
1469,0.001781,172.217.194.0-255,1484,85473,36,166180
1470,0.001787,172.217.194.0-255,1484,86957,36,166180
1471,0.001791,172.31.33.0-255,66,87023,36,166180
1472,0.00181,172.217.194.0-255,1484,88507,36,166180
1473,0.001817,172.217.194.0-255,5738,94245,36,166180
1474,0.00182,172.31.33.0-255,66,94311,36,166180
1475,0.001844,172.217.194.0-255,6797,101108,36,166180
1476,0.001847,172.31.33.0-255,66,101174,36,166180
1477,0.002112,172.217.194.0-255,1484,102658,36,166180
1478,0.002128,172.217.194.0-255,2902,105560,36,166180
1479,0.002131,172.31.33.0-255,66,105626,36,166180
1480,0.002136,172.217.194.0-255,2902,108528,36,166180
1481,0.002138,172.31.33.0-255,66,108594,36,166180
1482,0.00215,172.217.194.0-255,2902,111496,36,166180
1483,0.002153,172.31.33.0-255,66,111562,36,166180
1484,0.00217,172.217.194.0-255,7156,118718,36,166180
1485,0.002173,172.31.33.0-255,66,118784,36,166180
1486,0.002196,172.217.194.0-255,5738,124522,36,166180
1487,0.002199,172.31.33.0-255,66,124588,36,166180
1488,0.00221,172.31.33.0-255,66,124654,36,166180
1489,0.002222,172.217.194.0-255,2184,126838,36,166180
1490,0.002224,172.31.33.0-255,66,126904,36,166180
1491,0.004553,172.217.194.0-255,4320,131224,36,166180
1492,0.004556,172.31.33.0-255,66,131290,36,166180
1493,0.004572,172.217.194.0-255,1484,132774,36,166180
1494,0.006911,172.217.194.0-255,4320,137094,36,166180
1495,0.00692,172.31.33.0-255,66,137160,36,166180
1496,0.009275,172.217.194.0-255,5738,142898,36,166180
1497,0.009282,172.31.33.0-255,66,142964,36,166180
1498,0.011634,172.217.194.0-255,5738,148702,36,166180
1499,0.011641,172.31.33.0-255,66,148768,36,166180
1500,0.013935,172.217.194.0-255,5738,154506,36,166180
1501,0.013944,172.31.33.0-255,66,154572,36,166180
1502,0.016302,172.217.194.0-255,5738,160310,36,166180
1503,0.01631,172.31.33.0-255,66,160376,36,166180
1504,0.018624,172.217.194.0-255,5738,166114,36,166180
1505,0.018631,172.31.33.0-255,66,166180,36,166180
1506,0.0,74.125.68.0-255,153,153,36,170124
1507,2.9e-05,172.31.33.0-255,66,219,36,170124
1508,3.7e-05,74.125.68.0-255,1484,1703,36,170124
1509,4.1e-05,172.31.33.0-255,66,1769,36,170124
1510,5.5e-05,74.125.68.0-255,2902,4671,36,170124
1511,5.9e-05,172.31.33.0-255,66,4737,36,170124
1512,8.3e-05,74.125.68.0-255,1484,6221,36,170124
1513,8.6e-05,172.31.33.0-255,66,6287,36,170124
1514,0.000102,74.125.68.0-255,1484,7771,36,170124
1515,0.000105,172.31.33.0-255,66,7837,36,170124
1516,0.000115,74.125.68.0-255,1484,9321,36,170124
1517,0.000118,172.31.33.0-255,66,9387,36,170124
1518,0.000122,74.125.68.0-255,2902,12289,36,170124
1519,0.000125,172.31.33.0-255,66,12355,36,170124
1520,0.000178,74.125.68.0-255,2056,14411,36,170124
1521,0.000182,172.31.33.0-255,66,14477,36,170124
1522,0.000397,74.125.68.0-255,1484,15961,36,170124
1523,0.000403,172.31.33.0-255,66,16027,36,170124
1524,0.000421,74.125.68.0-255,1484,17511,36,170124
1525,0.000423,172.31.33.0-255,66,17577,36,170124
1526,0.000441,74.125.68.0-255,2902,20479,36,170124
1527,0.000444,172.31.33.0-255,66,20545,36,170124
1528,0.000476,74.125.68.0-255,5738,26283,36,170124
1529,0.000479,172.31.33.0-255,66,26349,36,170124
1530,0.000498,74.125.68.0-255,1484,27833,36,170124
1531,0.0005,172.31.33.0-255,66,27899,36,170124
1532,0.000539,74.125.68.0-255,2902,30801,36,170124
1533,0.000542,172.31.33.0-255,66,30867,36,170124
1534,0.000546,74.125.68.0-255,1125,31992,36,170124
1535,0.000548,172.31.33.0-255,66,32058,36,170124
1536,0.000551,74.125.68.0-255,1484,33542,36,170124
1537,0.000554,172.31.33.0-255,66,33608,36,170124
1538,0.000572,74.125.68.0-255,2902,36510,36,170124
1539,0.00058,172.31.33.0-255,66,36576,36,170124
1540,0.000588,74.125.68.0-255,1484,38060,36,170124
1541,0.000592,74.125.68.0-255,2902,40962,36,170124
1542,0.0006,172.31.33.0-255,66,41028,36,170124
1543,0.000604,74.125.68.0-255,1484,42512,36,170124
1544,0.00062,74.125.68.0-255,2902,45414,36,170124
1545,0.000631,172.31.33.0-255,66,45480,36,170124
1546,0.000632,74.125.68.0-255,1484,46964,36,170124
1547,0.000651,74.125.68.0-255,2543,49507,36,170124
1548,0.000658,172.31.33.0-255,66,49573,36,170124
1549,0.000765,74.125.68.0-255,1484,51057,36,170124
1550,0.000783,74.125.68.0-255,2902,53959,36,170124
1551,0.000786,172.31.33.0-255,66,54025,36,170124
1552,0.00079,74.125.68.0-255,1484,55509,36,170124
1553,0.000809,74.125.68.0-255,5738,61247,36,170124
1554,0.000816,172.31.33.0-255,66,61313,36,170124
1555,0.000851,74.125.68.0-255,2902,64215,36,170124
1556,0.000863,172.31.33.0-255,66,64281,36,170124
1557,0.000865,74.125.68.0-255,2543,66824,36,170124
1558,0.000878,172.31.33.0-255,66,66890,36,170124
1559,0.001012,74.125.68.0-255,1484,68374,36,170124
1560,0.001034,74.125.68.0-255,2902,71276,36,170124
1561,0.001039,172.31.33.0-255,66,71342,36,170124
1562,0.001064,74.125.68.0-255,4320,75662,36,170124
1563,0.001086,74.125.68.0-255,1484,77146,36,170124
1564,0.001092,74.125.68.0-255,4320,81466,36,170124
1565,0.001097,74.125.68.0-255,5379,86845,36,170124
1566,0.001102,74.125.68.0-255,5738,92583,36,170124
1567,0.001106,172.31.33.0-255,66,92649,36,170124
1568,0.001114,172.31.33.0-255,66,92715,36,170124
1569,0.001127,74.125.68.0-255,5738,98453,36,170124
1570,0.001144,74.125.68.0-255,2543,100996,36,170124
1571,0.00118,172.31.33.0-255,66,101062,36,170124
1572,0.002184,74.125.68.0-255,1484,102546,36,170124
1573,0.002195,74.125.68.0-255,2902,105448,36,170124
1574,0.0022,172.31.33.0-255,66,105514,36,170124
1575,0.002226,74.125.68.0-255,5738,111252,36,170124
1576,0.00223,74.125.68.0-255,2902,114154,36,170124
1577,0.002233,74.125.68.0-255,2902,117056,36,170124
1578,0.002243,74.125.68.0-255,1484,118540,36,170124
1579,0.002256,172.31.33.0-255,66,118606,36,170124
1580,0.002269,74.125.68.0-255,2902,121508,36,170124
1581,0.002275,74.125.68.0-255,4320,125828,36,170124
1582,0.002298,74.125.68.0-255,4320,130148,36,170124
1583,0.002314,74.125.68.0-255,4320,134468,36,170124
1584,0.002316,74.125.68.0-255,766,135234,36,170124
1585,0.002324,172.31.33.0-255,66,135300,36,170124
1586,0.004897,74.125.68.0-255,5738,141038,36,170124
1587,0.004901,172.31.33.0-255,66,141104,36,170124
1588,0.007456,74.125.68.0-255,5738,146842,36,170124
1589,0.007462,172.31.33.0-255,66,146908,36,170124
1590,0.01002,74.125.68.0-255,5738,152646,36,170124
1591,0.010028,172.31.33.0-255,66,152712,36,170124
1592,0.012593,74.125.68.0-255,5738,158450,36,170124
1593,0.012602,172.31.33.0-255,66,158516,36,170124
1594,0.01516,74.125.68.0-255,5738,164254,36,170124
1595,0.015173,172.31.33.0-255,66,164320,36,170124
1596,0.017736,74.125.68.0-255,5738,170058,36,170124
1597,0.017743,172.31.33.0-255,66,170124,36,170124
1598,0.0,172.31.33.0-255,105,105,36,735
1599,0.001903,157.240.7.0-255,105,210,36,735
1600,0.001913,172.31.33.0-255,66,276,36,735
1601,0.008164,172.31.33.0-255,105,381,36,735
1602,0.008343,172.31.33.0-255,90,471,36,735
1603,0.008351,172.31.33.0-255,66,537,36,735
1604,0.010962,74.125.24.0-255,66,603,36,735
1605,0.010978,74.125.24.0-255,66,669,36,735
1606,0.010991,172.31.33.0-255,66,735,36,735
1607,0.0,216.58.203.0-255,153,153,36,220904
1608,2.2e-05,172.31.33.0-255,66,219,36,220904
1609,2.8e-05,216.58.203.0-255,1484,1703,36,220904
1610,3.2e-05,172.31.33.0-255,66,1769,36,220904
1611,3.6e-05,216.58.203.0-255,2902,4671,36,220904
1612,3.8e-05,172.31.33.0-255,66,4737,36,220904
1613,4.2e-05,216.58.203.0-255,2902,7639,36,220904
1614,4.4e-05,172.31.33.0-255,66,7705,36,220904
1615,5.9e-05,216.58.203.0-255,1484,9189,36,220904
1616,6.1e-05,172.31.33.0-255,66,9255,36,220904
1617,8.1e-05,216.58.203.0-255,2902,12157,36,220904
1618,8.4e-05,172.31.33.0-255,66,12223,36,220904
1619,9.4e-05,172.31.33.0-255,66,12289,36,220904
1620,9.7e-05,216.58.203.0-255,1484,13773,36,220904
1621,9.8e-05,172.31.33.0-255,66,13839,36,220904
1622,0.000116,216.58.203.0-255,4320,18159,36,220904
1623,0.000118,172.31.33.0-255,66,18225,36,220904
1624,0.000141,216.58.203.0-255,3961,22186,36,220904
1625,0.000143,172.31.33.0-255,66,22252,36,220904
1626,0.00016,216.58.203.0-255,1484,23736,36,220904
1627,0.000163,172.31.33.0-255,66,23802,36,220904
1628,0.000177,216.58.203.0-255,2902,26704,36,220904
1629,0.000179,172.31.33.0-255,66,26770,36,220904
1630,0.000184,216.58.203.0-255,4320,31090,36,220904
1631,0.000186,172.31.33.0-255,66,31156,36,220904
1632,0.000209,216.58.203.0-255,1484,32640,36,220904
1633,0.000211,172.31.33.0-255,66,32706,36,220904
1634,0.000217,216.58.203.0-255,5738,38444,36,220904
1635,0.000219,172.31.33.0-255,66,38510,36,220904
1636,0.00024,216.58.203.0-255,1125,39635,36,220904
1637,0.000243,172.31.33.0-255,66,39701,36,220904
1638,0.000368,216.58.203.0-255,1484,41185,36,220904
1639,0.000372,216.58.203.0-255,1484,42669,36,220904
1640,0.000374,172.31.33.0-255,66,42735,36,220904
1641,0.000386,216.58.203.0-255,1484,44219,36,220904
1642,0.000402,216.58.203.0-255,5738,49957,36,220904
1643,0.000404,172.31.33.0-255,66,50023,36,220904
1644,0.00041,216.58.203.0-255,4320,54343,36,220904
1645,0.000412,172.31.33.0-255,66,54409,36,220904
1646,0.000447,216.58.203.0-255,2835,57244,36,220904
1647,0.00045,172.31.33.0-255,66,57310,36,220904
1648,0.000735,216.58.203.0-255,131,57441,36,220904
1649,0.000963,216.58.203.0-255,1484,58925,36,220904
1650,0.000968,172.31.33.0-255,66,58991,36,220904
1651,0.000973,216.58.203.0-255,2902,61893,36,220904
1652,0.000975,172.31.33.0-255,66,61959,36,220904
1653,0.000979,216.58.203.0-255,1484,63443,36,220904
1654,0.000999,216.58.203.0-255,4320,67763,36,220904
1655,0.001001,172.31.33.0-255,66,67829,36,220904
1656,0.001018,216.58.203.0-255,6797,74626,36,220904
1657,0.00102,172.31.33.0-255,66,74692,36,220904
1658,0.001023,216.58.203.0-255,1484,76176,36,220904
1659,0.001045,216.58.203.0-255,5738,81914,36,220904
1660,0.001047,172.31.33.0-255,66,81980,36,220904
1661,0.001083,172.31.33.0-255,66,82046,36,220904
1662,0.001136,216.58.203.0-255,1484,83530,36,220904
1663,0.001152,216.58.203.0-255,2902,86432,36,220904
1664,0.001155,172.31.33.0-255,66,86498,36,220904
1665,0.00116,216.58.203.0-255,2902,89400,36,220904
1666,0.001162,172.31.33.0-255,66,89466,36,220904
1667,0.001175,216.58.203.0-255,2902,92368,36,220904
1668,0.001178,172.31.33.0-255,66,92434,36,220904
1669,0.001183,216.58.203.0-255,5738,98172,36,220904
1670,0.001185,172.31.33.0-255,66,98238,36,220904
1671,0.001211,216.58.203.0-255,5738,103976,36,220904
1672,0.001214,172.31.33.0-255,66,104042,36,220904
1673,0.001227,216.58.203.0-255,1484,105526,36,220904
1674,0.001233,216.58.203.0-255,4320,109846,36,220904
1675,0.001236,172.31.33.0-255,66,109912,36,220904
1676,0.001259,216.58.203.0-255,6438,116350,36,220904
1677,0.001262,172.31.33.0-255,66,116416,36,220904
1678,0.001279,216.58.203.0-255,1484,117900,36,220904
1679,0.001293,216.58.203.0-255,2902,120802,36,220904
1680,0.001298,172.31.33.0-255,66,120868,36,220904
1681,0.001303,216.58.203.0-255,2902,123770,36,220904
1682,0.001305,172.31.33.0-255,66,123836,36,220904
1683,0.001321,216.58.203.0-255,2902,126738,36,220904
1684,0.001322,172.31.33.0-255,66,126804,36,220904
1685,0.001329,216.58.203.0-255,7156,133960,36,220904
1686,0.001331,172.31.33.0-255,66,134026,36,220904
1687,0.001359,172.31.33.0-255,66,134092,36,220904
1688,0.001377,216.58.203.0-255,1484,135576,36,220904
1689,0.001381,216.58.203.0-255,2184,137760,36,220904
1690,0.001383,172.31.33.0-255,66,137826,36,220904
1691,0.001458,216.58.203.0-255,1484,139310,36,220904
1692,0.001469,216.58.203.0-255,2902,142212,36,220904
1693,0.001471,172.31.33.0-255,66,142278,36,220904
1694,0.001474,216.58.203.0-255,1484,143762,36,220904
1695,0.00149,216.58.203.0-255,4320,148082,36,220904
1696,0.001492,172.31.33.0-255,66,148148,36,220904
1697,0.00151,216.58.203.0-255,4320,152468,36,220904
1698,0.001513,172.31.33.0-255,66,152534,36,220904
1699,0.001536,172.31.33.0-255,66,152600,36,220904
1700,0.001573,216.58.203.0-255,7156,159756,36,220904
1701,0.001576,172.31.33.0-255,66,159822,36,220904
1702,0.00159,216.58.203.0-255,2902,162724,36,220904
1703,0.001592,172.31.33.0-255,66,162790,36,220904
1704,0.001594,216.58.203.0-255,766,163556,36,220904
1705,0.003284,216.58.203.0-255,1484,165040,36,220904
1706,0.003287,172.31.33.0-255,66,165106,36,220904
1707,0.003298,216.58.203.0-255,1484,166590,36,220904
1708,0.003312,216.58.203.0-255,1484,168074,36,220904
1709,0.003313,172.31.33.0-255,66,168140,36,220904
1710,0.00501,216.58.203.0-255,2902,171042,36,220904
1711,0.005015,172.31.33.0-255,66,171108,36,220904
1712,0.005038,216.58.203.0-255,2902,174010,36,220904
1713,0.005042,172.31.33.0-255,66,174076,36,220904
1714,0.00674,216.58.203.0-255,2902,176978,36,220904
1715,0.006746,172.31.33.0-255,66,177044,36,220904
1716,0.006766,216.58.203.0-255,2902,179946,36,220904
1717,0.006768,172.31.33.0-255,66,180012,36,220904
1718,0.008477,216.58.203.0-255,2902,182914,36,220904
1719,0.008482,172.31.33.0-255,66,182980,36,220904
1720,0.008501,216.58.203.0-255,2902,185882,36,220904
1721,0.008503,172.31.33.0-255,66,185948,36,220904
1722,0.010216,216.58.203.0-255,2902,188850,36,220904
1723,0.010222,172.31.33.0-255,66,188916,36,220904
1724,0.010239,216.58.203.0-255,2902,191818,36,220904
1725,0.010242,172.31.33.0-255,66,191884,36,220904
1726,0.012105,216.58.203.0-255,5738,197622,36,220904
1727,0.012114,172.31.33.0-255,66,197688,36,220904
1728,0.013858,216.58.203.0-255,5738,203426,36,220904
1729,0.013871,172.31.33.0-255,66,203492,36,220904
1730,0.015612,216.58.203.0-255,5738,209230,36,220904
1731,0.015624,172.31.33.0-255,66,209296,36,220904
1732,0.017389,216.58.203.0-255,5738,215034,36,220904
1733,0.017398,172.31.33.0-255,66,215100,36,220904
1734,0.019154,216.58.203.0-255,5738,220838,36,220904
1735,0.019161,172.31.33.0-255,66,220904,36,220904
1736,0.0,74.125.24.0-255,152,152,36,199726
1737,2.7e-05,172.31.33.0-255,66,218,36,199726
1738,3.3e-05,74.125.24.0-255,1484,1702,36,199726
1739,3.7e-05,172.31.33.0-255,66,1768,36,199726
1740,4.2e-05,74.125.24.0-255,2902,4670,36,199726
1741,4.4e-05,172.31.33.0-255,66,4736,36,199726
1742,5.1e-05,74.125.24.0-255,7156,11892,36,199726
1743,5.4e-05,172.31.33.0-255,66,11958,36,199726
1744,8.4e-05,74.125.24.0-255,2902,14860,36,199726
1745,8.6e-05,172.31.33.0-255,66,14926,36,199726
1746,0.000115,172.31.33.0-255,66,14992,36,199726
1747,0.000139,74.125.24.0-255,5379,20371,36,199726
1748,0.000142,172.31.33.0-255,66,20437,36,199726
1749,0.000197,74.125.24.0-255,1484,21921,36,199726
1750,0.000201,172.31.33.0-255,66,21987,36,199726
1751,0.000206,74.125.24.0-255,2902,24889,36,199726
1752,0.000207,172.31.33.0-255,66,24955,36,199726
1753,0.000219,74.125.24.0-255,1484,26439,36,199726
1754,0.000221,172.31.33.0-255,66,26505,36,199726
1755,0.000245,74.125.24.0-255,4320,30825,36,199726
1756,0.000247,172.31.33.0-255,66,30891,36,199726
1757,0.000259,172.31.33.0-255,66,30957,36,199726
1758,0.000274,74.125.24.0-255,4320,35277,36,199726
1759,0.000276,172.31.33.0-255,66,35343,36,199726
1760,0.000297,74.125.24.0-255,7156,42499,36,199726
1761,0.0003,172.31.33.0-255,66,42565,36,199726
1762,0.000331,74.125.24.0-255,2481,45046,36,199726
1763,0.000334,172.31.33.0-255,66,45112,36,199726
1764,0.000352,74.125.24.0-255,380,45492,36,199726
1765,0.000354,172.31.33.0-255,66,45558,36,199726
1766,0.000649,74.125.24.0-255,1484,47042,36,199726
1767,0.000655,74.125.24.0-255,2902,49944,36,199726
1768,0.000658,172.31.33.0-255,66,50010,36,199726
1769,0.000662,74.125.24.0-255,2902,52912,36,199726
1770,0.000664,172.31.33.0-255,66,52978,36,199726
1771,0.000688,74.125.24.0-255,2902,55880,36,199726
1772,0.000691,172.31.33.0-255,66,55946,36,199726
1773,0.000703,172.31.33.0-255,66,56012,36,199726
1774,0.000756,172.31.33.0-255,66,56078,36,199726
1775,0.00146,74.125.24.0-255,1484,57562,36,199726
1776,0.001469,74.125.24.0-255,2902,60464,36,199726
1777,0.001473,172.31.33.0-255,66,60530,36,199726
1778,0.001477,74.125.24.0-255,1484,62014,36,199726
1779,0.001494,74.125.24.0-255,4320,66334,36,199726
1780,0.001496,172.31.33.0-255,66,66400,36,199726
1781,0.001522,172.31.33.0-255,66,66466,36,199726
1782,0.001526,74.125.24.0-255,2902,69368,36,199726
1783,0.001527,172.31.33.0-255,66,69434,36,199726
1784,0.001541,74.125.24.0-255,5738,75172,36,199726
1785,0.001542,172.31.33.0-255,66,75238,36,199726
1786,0.001554,74.125.24.0-255,1484,76722,36,199726
1787,0.001582,74.125.24.0-255,2902,79624,36,199726
1788,0.001584,172.31.33.0-255,66,79690,36,199726
1789,0.001606,172.31.33.0-255,66,79756,36,199726
1790,0.001624,74.125.24.0-255,5738,85494,36,199726
1791,0.001625,172.31.33.0-255,66,85560,36,199726
1792,0.001635,74.125.24.0-255,4320,89880,36,199726
1793,0.001637,172.31.33.0-255,66,89946,36,199726
1794,0.00165,74.125.24.0-255,766,90712,36,199726
1795,0.00168,172.31.33.0-255,66,90778,36,199726
1796,0.001701,74.125.24.0-255,1484,92262,36,199726
1797,0.001714,74.125.24.0-255,2902,95164,36,199726
1798,0.001716,172.31.33.0-255,66,95230,36,199726
1799,0.00172,74.125.24.0-255,4320,99550,36,199726
1800,0.001722,172.31.33.0-255,66,99616,36,199726
1801,0.001735,74.125.24.0-255,1484,101100,36,199726
1802,0.001746,172.31.33.0-255,66,101166,36,199726
1803,0.001751,74.125.24.0-255,5738,106904,36,199726
1804,0.001753,172.31.33.0-255,66,106970,36,199726
1805,0.001776,74.125.24.0-255,4320,111290,36,199726
1806,0.001777,172.31.33.0-255,66,111356,36,199726
1807,0.001779,74.125.24.0-255,766,112122,36,199726
1808,0.001981,74.125.24.0-255,1484,113606,36,199726
1809,0.001983,172.31.33.0-255,66,113672,36,199726
1810,0.002,74.125.24.0-255,2902,116574,36,199726
1811,0.002002,172.31.33.0-255,66,116640,36,199726
1812,0.002013,74.125.24.0-255,4320,120960,36,199726
1813,0.002015,172.31.33.0-255,66,121026,36,199726
1814,0.002034,74.125.24.0-255,1484,122510,36,199726
1815,0.002038,74.125.24.0-255,2902,125412,36,199726
1816,0.00204,172.31.33.0-255,66,125478,36,199726
1817,0.002066,172.31.33.0-255,66,125544,36,199726
1818,0.00207,74.125.24.0-255,5738,131282,36,199726
1819,0.002072,172.31.33.0-255,66,131348,36,199726
1820,0.002106,74.125.24.0-255,1484,132832,36,199726
1821,0.00214,172.31.33.0-255,66,132898,36,199726
1822,0.002161,74.125.24.0-255,4320,137218,36,199726
1823,0.002163,172.31.33.0-255,66,137284,36,199726
1824,0.002184,172.31.33.0-255,66,137350,36,199726
1825,0.002212,74.125.24.0-255,1484,138834,36,199726
1826,0.002226,74.125.24.0-255,4320,143154,36,199726
1827,0.002228,172.31.33.0-255,66,143220,36,199726
1828,0.002243,74.125.24.0-255,6438,149658,36,199726
1829,0.002245,172.31.33.0-255,66,149724,36,199726
1830,0.00228,172.31.33.0-255,66,149790,36,199726
1831,0.002303,74.125.24.0-255,4320,154110,36,199726
1832,0.002304,172.31.33.0-255,66,154176,36,199726
1833,0.002317,172.31.33.0-255,66,154242,36,199726
1834,0.002326,172.31.33.0-255,66,154308,36,199726
1835,0.002354,74.125.24.0-255,5738,160046,36,199726
1836,0.002356,172.31.33.0-255,66,160112,36,199726
1837,0.002366,172.31.33.0-255,66,160178,36,199726
1838,0.002379,74.125.24.0-255,5738,165916,36,199726
1839,0.002381,172.31.33.0-255,66,165982,36,199726
1840,0.002411,172.31.33.0-255,66,166048,36,199726
1841,0.002438,172.31.33.0-255,66,166114,36,199726
1842,0.002443,74.125.24.0-255,5738,171852,36,199726
1843,0.002444,172.31.33.0-255,66,171918,36,199726
1844,0.002467,172.31.33.0-255,66,171984,36,199726
1845,0.004846,74.125.24.0-255,5738,177722,36,199726
1846,0.004851,172.31.33.0-255,66,177788,36,199726
1847,0.007198,74.125.24.0-255,5738,183526,36,199726
1848,0.007204,172.31.33.0-255,66,183592,36,199726
1849,0.009574,74.125.24.0-255,5738,189330,36,199726
1850,0.009581,172.31.33.0-255,66,189396,36,199726
1851,0.011966,74.125.24.0-255,5738,195134,36,199726
1852,0.011972,172.31.33.0-255,66,195200,36,199726
1853,0.014343,74.125.24.0-255,4289,199489,36,199726
1854,0.01435,172.31.33.0-255,66,199555,36,199726
1855,0.016428,172.31.33.0-255,105,199660,36,199726
1856,0.018763,74.125.24.0-255,66,199726,36,199726
1857,0.0,74.125.68.0-255,153,153,36,205352
1858,1.2e-05,172.31.33.0-255,66,219,36,205352
1859,4.6e-05,74.125.68.0-255,1484,1703,36,205352
1860,5e-05,172.31.33.0-255,66,1769,36,205352
1861,5.3e-05,74.125.68.0-255,1484,3253,36,205352
1862,5.6e-05,172.31.33.0-255,66,3319,36,205352
1863,7e-05,74.125.68.0-255,2902,6221,36,205352
1864,7.3e-05,172.31.33.0-255,66,6287,36,205352
1865,8.9e-05,74.125.68.0-255,2902,9189,36,205352
1866,9.1e-05,172.31.33.0-255,66,9255,36,205352
1867,0.000107,74.125.68.0-255,2902,12157,36,205352
1868,0.000109,172.31.33.0-255,66,12223,36,205352
1869,0.000112,74.125.68.0-255,1992,14215,36,205352
1870,0.000114,172.31.33.0-255,66,14281,36,205352
1871,0.000163,74.125.68.0-255,5738,20019,36,205352
1872,0.000166,172.31.33.0-255,66,20085,36,205352
1873,0.000184,74.125.68.0-255,4320,24405,36,205352
1874,0.000187,172.31.33.0-255,66,24471,36,205352
1875,0.000203,74.125.68.0-255,1484,25955,36,205352
1876,0.000205,172.31.33.0-255,66,26021,36,205352
1877,0.000224,74.125.68.0-255,5379,31400,36,205352
1878,0.000226,172.31.33.0-255,66,31466,36,205352
1879,0.000271,74.125.68.0-255,1484,32950,36,205352
1880,0.000273,172.31.33.0-255,66,33016,36,205352
1881,0.000291,74.125.68.0-255,2902,35918,36,205352
1882,0.000293,172.31.33.0-255,66,35984,36,205352
1883,0.000305,74.125.68.0-255,2902,38886,36,205352
1884,0.000307,172.31.33.0-255,66,38952,36,205352
1885,0.000328,74.125.68.0-255,1484,40436,36,205352
1886,0.00033,172.31.33.0-255,66,40502,36,205352
1887,0.000336,74.125.68.0-255,5738,46240,36,205352
1888,0.000338,172.31.33.0-255,66,46306,36,205352
1889,0.000385,172.31.33.0-255,66,46372,36,205352
1890,0.00039,74.125.68.0-255,4320,50692,36,205352
1891,0.000392,172.31.33.0-255,66,50758,36,205352
1892,0.000417,74.125.68.0-255,3968,54726,36,205352
1893,0.000419,172.31.33.0-255,66,54792,36,205352
1894,0.000435,74.125.68.0-255,343,55135,36,205352
1895,0.000591,74.125.68.0-255,1484,56619,36,205352
1896,0.000594,172.31.33.0-255,66,56685,36,205352
1897,0.000613,74.125.68.0-255,2902,59587,36,205352
1898,0.000616,172.31.33.0-255,66,59653,36,205352
1899,0.000618,74.125.68.0-255,1484,61137,36,205352
1900,0.000638,74.125.68.0-255,4320,65457,36,205352
1901,0.00064,172.31.33.0-255,66,65523,36,205352
1902,0.000643,74.125.68.0-255,1484,67007,36,205352
1903,0.000663,74.125.68.0-255,4829,71836,36,205352
1904,0.000667,172.31.33.0-255,66,71902,36,205352
1905,0.000872,74.125.68.0-255,1484,73386,36,205352
1906,0.000885,74.125.68.0-255,2902,76288,36,205352
1907,0.000888,172.31.33.0-255,66,76354,36,205352
1908,0.000909,74.125.68.0-255,5738,82092,36,205352
1909,0.000911,172.31.33.0-255,66,82158,36,205352
1910,0.000935,74.125.68.0-255,4320,86478,36,205352
1911,0.000937,172.31.33.0-255,66,86544,36,205352
1912,0.000952,74.125.68.0-255,4320,90864,36,205352
1913,0.000954,172.31.33.0-255,66,90930,36,205352
1914,0.000987,172.31.33.0-255,66,90996,36,205352
1915,0.000992,74.125.68.0-255,5020,96016,36,205352
1916,0.000994,172.31.33.0-255,66,96082,36,205352
1917,0.001315,74.125.68.0-255,1484,97566,36,205352
1918,0.001347,74.125.68.0-255,1484,99050,36,205352
1919,0.00135,172.31.33.0-255,66,99116,36,205352
1920,0.001391,74.125.68.0-255,1484,100600,36,205352
1921,0.001406,74.125.68.0-255,1484,102084,36,205352
1922,0.001409,172.31.33.0-255,66,102150,36,205352
1923,0.001421,74.125.68.0-255,1484,103634,36,205352
1924,0.001424,74.125.68.0-255,1484,105118,36,205352
1925,0.001426,172.31.33.0-255,66,105184,36,205352
1926,0.00144,74.125.68.0-255,4320,109504,36,205352
1927,0.001442,172.31.33.0-255,66,109570,36,205352
1928,0.001477,74.125.68.0-255,2902,112472,36,205352
1929,0.00148,172.31.33.0-255,66,112538,36,205352
1930,0.001497,74.125.68.0-255,1484,114022,36,205352
1931,0.001502,74.125.68.0-255,5738,119760,36,205352
1932,0.001504,172.31.33.0-255,66,119826,36,205352
1933,0.001536,74.125.68.0-255,2902,122728,36,205352
1934,0.00154,172.31.33.0-255,66,122794,36,205352
1935,0.001562,74.125.68.0-255,4320,127114,36,205352
1936,0.001575,172.31.33.0-255,66,127180,36,205352
1937,0.00159,74.125.68.0-255,3602,130782,36,205352
1938,0.001592,172.31.33.0-255,66,130848,36,205352
1939,0.001987,74.125.68.0-255,1484,132332,36,205352
1940,0.001994,74.125.68.0-255,2902,135234,36,205352
1941,0.001998,172.31.33.0-255,66,135300,36,205352
1942,0.002021,74.125.68.0-255,5738,141038,36,205352
1943,0.002023,172.31.33.0-255,66,141104,36,205352
1944,0.002044,74.125.68.0-255,5738,146842,36,205352
1945,0.002046,172.31.33.0-255,66,146908,36,205352
1946,0.002063,74.125.68.0-255,2902,149810,36,205352
1947,0.002066,172.31.33.0-255,66,149876,36,205352
1948,0.002084,74.125.68.0-255,1484,151360,36,205352
1949,0.002102,74.125.68.0-255,2902,154262,36,205352
1950,0.002104,172.31.33.0-255,66,154328,36,205352
1951,0.002114,172.31.33.0-255,66,154394,36,205352
1952,0.002158,172.31.33.0-255,66,154460,36,205352
1953,0.002162,74.125.68.0-255,4320,158780,36,205352
1954,0.002164,172.31.33.0-255,66,158846,36,205352
1955,0.002188,74.125.68.0-255,2902,161748,36,205352
1956,0.00219,172.31.33.0-255,66,161814,36,205352
1957,0.002218,172.31.33.0-255,66,161880,36,205352
1958,0.002235,74.125.68.0-255,1484,163364,36,205352
1959,0.002237,74.125.68.0-255,766,164130,36,205352
1960,0.002239,172.31.33.0-255,66,164196,36,205352
1961,0.004479,74.125.68.0-255,2902,167098,36,205352
1962,0.004483,172.31.33.0-255,66,167164,36,205352
1963,0.004498,74.125.68.0-255,1484,168648,36,205352
1964,0.004509,74.125.68.0-255,1484,170132,36,205352
1965,0.004511,172.31.33.0-255,66,170198,36,205352
1966,0.006787,74.125.68.0-255,2902,173100,36,205352
1967,0.006792,172.31.33.0-255,66,173166,36,205352
1968,0.006817,74.125.68.0-255,2902,176068,36,205352
1969,0.006819,172.31.33.0-255,66,176134,36,205352
1970,0.009066,74.125.68.0-255,2902,179036,36,205352
1971,0.009071,172.31.33.0-255,66,179102,36,205352
1972,0.009091,74.125.68.0-255,2902,182004,36,205352
1973,0.009094,172.31.33.0-255,66,182070,36,205352
1974,0.011354,74.125.68.0-255,5738,187808,36,205352
1975,0.01136,172.31.33.0-255,66,187874,36,205352
1976,0.013648,74.125.68.0-255,5738,193612,36,205352
1977,0.013654,172.31.33.0-255,66,193678,36,205352
1978,0.015944,74.125.68.0-255,5738,199416,36,205352
1979,0.015951,172.31.33.0-255,66,199482,36,205352
1980,0.018242,74.125.68.0-255,4320,203802,36,205352
1981,0.018249,172.31.33.0-255,66,203868,36,205352
1982,0.018268,74.125.68.0-255,1484,205352,36,205352
1983,0.0,74.125.200.0-255,153,153,36,378223
1984,2.3e-05,172.31.33.0-255,66,219,36,378223
1985,5.5e-05,74.125.200.0-255,1484,1703,36,378223
1986,5.8e-05,172.31.33.0-255,66,1769,36,378223
1987,7.7e-05,74.125.200.0-255,2902,4671,36,378223
1988,7.9e-05,172.31.33.0-255,66,4737,36,378223
1989,8.1e-05,74.125.200.0-255,1484,6221,36,378223
1990,8.3e-05,172.31.33.0-255,66,6287,36,378223
1991,0.000106,74.125.200.0-255,4320,10607,36,378223
1992,0.000108,172.31.33.0-255,66,10673,36,378223
1993,0.000111,74.125.200.0-255,2902,13575,36,378223
1994,0.000113,172.31.33.0-255,66,13641,36,378223
1995,0.000136,74.125.200.0-255,3402,17043,36,378223
1996,0.000139,172.31.33.0-255,66,17109,36,378223
1997,0.000161,74.125.200.0-255,7156,24265,36,378223
1998,0.000163,172.31.33.0-255,66,24331,36,378223
1999,0.000203,74.125.200.0-255,1484,25815,36,378223
2000,0.000205,172.31.33.0-255,66,25881,36,378223
2001,0.000225,74.125.200.0-255,5379,31260,36,378223
2002,0.000227,172.31.33.0-255,66,31326,36,378223
2003,0.000363,74.125.200.0-255,1484,32810,36,378223
2004,0.000367,172.31.33.0-255,66,32876,36,378223
2005,0.000371,74.125.200.0-255,2902,35778,36,378223
2006,0.000374,172.31.33.0-255,66,35844,36,378223
2007,0.000391,74.125.200.0-255,4320,40164,36,378223
2008,0.000394,172.31.33.0-255,66,40230,36,378223
2009,0.000414,74.125.200.0-255,1484,41714,36,378223
2010,0.000417,172.31.33.0-255,66,41780,36,378223
2011,0.00042,74.125.200.0-255,1484,43264,36,378223
2012,0.000421,172.31.33.0-255,66,43330,36,378223
2013,0.000425,74.125.200.0-255,2902,46232,36,378223
2014,0.000427,172.31.33.0-255,66,46298,36,378223
2015,0.000441,74.125.200.0-255,1484,47782,36,378223
2016,0.000457,74.125.200.0-255,5379,53161,36,378223
2017,0.00046,172.31.33.0-255,66,53227,36,378223
2018,0.000463,74.125.200.0-255,2902,56129,36,378223
2019,0.000466,172.31.33.0-255,66,56195,36,378223
2020,0.00047,74.125.200.0-255,4320,60515,36,378223
2021,0.000472,172.31.33.0-255,66,60581,36,378223
2022,0.00051,74.125.200.0-255,1484,62065,36,378223
2023,0.000528,74.125.200.0-255,3961,66026,36,378223
2024,0.000531,172.31.33.0-255,66,66092,36,378223
2025,0.000885,74.125.200.0-255,646,66738,36,378223
2026,0.000921,172.31.33.0-255,66,66804,36,378223
2027,0.001008,74.125.200.0-255,1484,68288,36,378223
2028,0.001029,74.125.200.0-255,2902,71190,36,378223
2029,0.001033,172.31.33.0-255,66,71256,36,378223
2030,0.001052,74.125.200.0-255,5738,76994,36,378223
2031,0.001055,172.31.33.0-255,66,77060,36,378223
2032,0.001081,74.125.200.0-255,5738,82798,36,378223
2033,0.001084,172.31.33.0-255,66,82864,36,378223
2034,0.001088,74.125.200.0-255,2902,85766,36,378223
2035,0.00109,172.31.33.0-255,66,85832,36,378223
2036,0.001109,74.125.200.0-255,4320,90152,36,378223
2037,0.001111,172.31.33.0-255,66,90218,36,378223
2038,0.001115,74.125.200.0-255,2902,93120,36,378223
2039,0.001117,172.31.33.0-255,66,93186,36,378223
2040,0.00115,172.31.33.0-255,66,93252,36,378223
2041,0.00125,74.125.200.0-255,1484,94736,36,378223
2042,0.001265,74.125.200.0-255,2902,97638,36,378223
2043,0.001268,172.31.33.0-255,66,97704,36,378223
2044,0.001287,74.125.200.0-255,4320,102024,36,378223
2045,0.001289,172.31.33.0-255,66,102090,36,378223
2046,0.001322,74.125.200.0-255,7156,109246,36,378223
2047,0.001325,172.31.33.0-255,66,109312,36,378223
2048,0.001335,74.125.200.0-255,1484,110796,36,378223
2049,0.001338,74.125.200.0-255,2902,113698,36,378223
2050,0.00134,172.31.33.0-255,66,113764,36,378223
2051,0.00136,74.125.200.0-255,7156,120920,36,378223
2052,0.001362,172.31.33.0-255,66,120986,36,378223
2053,0.001388,74.125.200.0-255,1484,122470,36,378223
2054,0.001399,74.125.200.0-255,4320,126790,36,378223
2055,0.001401,172.31.33.0-255,66,126856,36,378223
2056,0.001403,74.125.200.0-255,766,127622,36,378223
2057,0.001584,74.125.200.0-255,1484,129106,36,378223
2058,0.001588,172.31.33.0-255,66,129172,36,378223
2059,0.001601,74.125.200.0-255,2902,132074,36,378223
2060,0.001603,172.31.33.0-255,66,132140,36,378223
2061,0.001614,74.125.200.0-255,1484,133624,36,378223
2062,0.001629,74.125.200.0-255,2902,136526,36,378223
2063,0.001631,172.31.33.0-255,66,136592,36,378223
2064,0.001636,74.125.200.0-255,4320,140912,36,378223
2065,0.001637,172.31.33.0-255,66,140978,36,378223
2066,0.001649,74.125.200.0-255,1484,142462,36,378223
2067,0.001651,74.125.200.0-255,1484,143946,36,378223
2068,0.001653,172.31.33.0-255,66,144012,36,378223
2069,0.001682,172.31.33.0-255,66,144078,36,378223
2070,0.001686,74.125.200.0-255,4320,148398,36,378223
2071,0.001688,172.31.33.0-255,66,148464,36,378223
2072,0.001719,74.125.200.0-255,3602,152066,36,378223
2073,0.001723,172.31.33.0-255,66,152132,36,378223
2074,0.001827,74.125.200.0-255,1484,153616,36,378223
2075,0.00183,74.125.200.0-255,1484,155100,36,378223
2076,0.001833,172.31.33.0-255,66,155166,36,378223
2077,0.001848,74.125.200.0-255,1484,156650,36,378223
2078,0.001851,74.125.200.0-255,2902,159552,36,378223
2079,0.001853,172.31.33.0-255,66,159618,36,378223
2080,0.001879,74.125.200.0-255,2902,162520,36,378223
2081,0.001881,172.31.33.0-255,66,162586,36,378223
2082,0.001886,74.125.200.0-255,5738,168324,36,378223
2083,0.001888,172.31.33.0-255,66,168390,36,378223
2084,0.001893,74.125.200.0-255,7156,175546,36,378223
2085,0.001895,172.31.33.0-255,66,175612,36,378223
2086,0.001954,172.31.33.0-255,66,175678,36,378223
2087,0.001957,74.125.200.0-255,766,176444,36,378223
2088,0.002038,74.125.200.0-255,1484,177928,36,378223
2089,0.002041,172.31.33.0-255,66,177994,36,378223
2090,0.002073,74.125.200.0-255,1484,179478,36,378223
2091,0.002123,74.125.200.0-255,1484,180962,36,378223
2092,0.002125,172.31.33.0-255,66,181028,36,378223
2093,0.002169,74.125.200.0-255,1484,182512,36,378223
2094,0.00218,74.125.200.0-255,2902,185414,36,378223
2095,0.002182,172.31.33.0-255,66,185480,36,378223
2096,0.002215,74.125.200.0-255,4320,189800,36,378223
2097,0.002217,172.31.33.0-255,66,189866,36,378223
2098,0.002231,74.125.200.0-255,1484,191350,36,378223
2099,0.002234,74.125.200.0-255,2902,194252,36,378223
2100,0.002236,172.31.33.0-255,66,194318,36,378223
2101,0.00224,74.125.200.0-255,4320,198638,36,378223
2102,0.002242,172.31.33.0-255,66,198704,36,378223
2103,0.002261,74.125.200.0-255,5738,204442,36,378223
2104,0.002263,172.31.33.0-255,66,204508,36,378223
2105,0.002287,74.125.200.0-255,2902,207410,36,378223
2106,0.002289,172.31.33.0-255,66,207476,36,378223
2107,0.002293,74.125.200.0-255,3602,211078,36,378223
2108,0.002294,172.31.33.0-255,66,211144,36,378223
2109,0.002414,74.125.200.0-255,1484,212628,36,378223
2110,0.002429,74.125.200.0-255,1484,214112,36,378223
2111,0.002431,172.31.33.0-255,66,214178,36,378223
2112,0.002462,74.125.200.0-255,2902,217080,36,378223
2113,0.002465,172.31.33.0-255,66,217146,36,378223
2114,0.002488,74.125.200.0-255,5738,222884,36,378223
2115,0.00249,172.31.33.0-255,66,222950,36,378223
2116,0.002513,74.125.200.0-255,7156,230106,36,378223
2117,0.002515,172.31.33.0-255,66,230172,36,378223
2118,0.002519,74.125.200.0-255,2902,233074,36,378223
2119,0.00252,172.31.33.0-255,66,233140,36,378223
2120,0.002534,74.125.200.0-255,1484,234624,36,378223
2121,0.002537,74.125.200.0-255,1484,236108,36,378223
2122,0.002538,172.31.33.0-255,66,236174,36,378223
2123,0.002541,74.125.200.0-255,1484,237658,36,378223
2124,0.002573,74.125.200.0-255,5738,243396,36,378223
2125,0.002576,172.31.33.0-255,66,243462,36,378223
2126,0.002593,74.125.200.0-255,2184,245646,36,378223
2127,0.002595,172.31.33.0-255,66,245712,36,378223
2128,0.002806,74.125.200.0-255,1484,247196,36,378223
2129,0.00281,74.125.200.0-255,2902,250098,36,378223
2130,0.002813,172.31.33.0-255,66,250164,36,378223
2131,0.002835,74.125.200.0-255,1484,251648,36,378223
2132,0.00285,74.125.200.0-255,1484,253132,36,378223
2133,0.002852,172.31.33.0-255,66,253198,36,378223
2134,0.002856,74.125.200.0-255,4320,257518,36,378223
2135,0.002858,172.31.33.0-255,66,257584,36,378223
2136,0.002862,74.125.200.0-255,4320,261904,36,378223
2137,0.002864,172.31.33.0-255,66,261970,36,378223
2138,0.002884,74.125.200.0-255,2902,264872,36,378223
2139,0.002886,172.31.33.0-255,66,264938,36,378223
2140,0.002889,74.125.200.0-255,1484,266422,36,378223
2141,0.002891,74.125.200.0-255,1484,267906,36,378223
2142,0.002892,172.31.33.0-255,66,267972,36,378223
2143,0.002906,74.125.200.0-255,2902,270874,36,378223
2144,0.002908,172.31.33.0-255,66,270940,36,378223
2145,0.00293,74.125.200.0-255,5738,276678,36,378223
2146,0.002933,172.31.33.0-255,66,276744,36,378223
2147,0.002935,74.125.200.0-255,1484,278228,36,378223
2148,0.002937,74.125.200.0-255,1484,279712,36,378223
2149,0.002939,172.31.33.0-255,66,279778,36,378223
2150,0.002941,74.125.200.0-255,766,280544,36,378223
2151,0.00304,74.125.200.0-255,1484,282028,36,378223
2152,0.003043,172.31.33.0-255,66,282094,36,378223
2153,0.003057,74.125.200.0-255,2902,284996,36,378223
2154,0.003059,172.31.33.0-255,66,285062,36,378223
2155,0.003062,74.125.200.0-255,1484,286546,36,378223
2156,0.003075,74.125.200.0-255,4320,290866,36,378223
2157,0.003077,172.31.33.0-255,66,290932,36,378223
2158,0.003126,74.125.200.0-255,7156,298088,36,378223
2159,0.003129,172.31.33.0-255,66,298154,36,378223
2160,0.003139,172.31.33.0-255,66,298220,36,378223
2161,0.003144,74.125.200.0-255,5738,303958,36,378223
2162,0.003146,172.31.33.0-255,66,304024,36,378223
2163,0.003164,74.125.200.0-255,2184,306208,36,378223
2164,0.003166,172.31.33.0-255,66,306274,36,378223
2165,0.00317,74.125.200.0-255,2902,309176,36,378223
2166,0.003172,172.31.33.0-255,66,309242,36,378223
2167,0.003194,74.125.200.0-255,5738,314980,36,378223
2168,0.003198,172.31.33.0-255,66,315046,36,378223
2169,0.003204,74.125.200.0-255,5738,320784,36,378223
2170,0.003206,172.31.33.0-255,66,320850,36,378223
2171,0.003212,74.125.200.0-255,7156,328006,36,378223
2172,0.003214,172.31.33.0-255,66,328072,36,378223
2173,0.003245,74.125.200.0-255,5738,333810,36,378223
2174,0.003248,172.31.33.0-255,66,333876,36,378223
2175,0.00327,74.125.200.0-255,6438,340314,36,378223
2176,0.003273,172.31.33.0-255,66,340380,36,378223
2177,0.003301,74.125.200.0-255,4320,344700,36,378223
2178,0.003304,172.31.33.0-255,66,344766,36,378223
2179,0.003324,74.125.200.0-255,5738,350504,36,378223
2180,0.003327,172.31.33.0-255,66,350570,36,378223
2181,0.003331,74.125.200.0-255,4320,354890,36,378223
2182,0.003333,172.31.33.0-255,66,354956,36,378223
2183,0.003356,74.125.200.0-255,7156,362112,36,378223
2184,0.003359,172.31.33.0-255,66,362178,36,378223
2185,0.003361,74.125.200.0-255,1484,363662,36,378223
2186,0.003365,74.125.200.0-255,2902,366564,36,378223
2187,0.003367,172.31.33.0-255,66,366630,36,378223
2188,0.003373,74.125.200.0-255,5738,372368,36,378223
2189,0.003375,172.31.33.0-255,66,372434,36,378223
2190,0.003378,74.125.200.0-255,2184,374618,36,378223
2191,0.00338,172.31.33.0-255,66,374684,36,378223
2192,0.003416,74.125.200.0-255,2902,377586,36,378223
2193,0.003419,172.31.33.0-255,66,377652,36,378223
2194,0.003422,74.125.200.0-255,229,377881,36,378223
2195,0.003471,74.125.200.0-255,105,377986,36,378223
2196,0.004337,172.31.33.0-255,66,378052,36,378223
2197,0.004373,172.31.33.0-255,105,378157,36,378223
2198,0.006794,74.125.200.0-255,66,378223,36,378223
2199,0.0,172.31.33.0-255,105,105,36,459
2200,0.000183,172.31.33.0-255,90,195,36,459
2201,0.000193,172.31.33.0-255,66,261,36,459
2202,0.002428,74.125.130.0-255,66,327,36,459
2203,0.002439,74.125.130.0-255,66,393,36,459
2204,0.002444,172.31.33.0-255,66,459,36,459
2205,0.0,172.31.33.0-255,105,105,36,276
2206,0.001828,157.240.7.0-255,105,210,36,276
2207,0.001838,172.31.33.0-255,66,276,36,276
2208,0.0,74.125.200.0-255,154,154,36,238989
2209,3e-05,172.31.33.0-255,66,220,36,238989
2210,3.8e-05,74.125.200.0-255,1484,1704,36,238989
2211,4.4e-05,172.31.33.0-255,66,1770,36,238989
2212,6.1e-05,74.125.200.0-255,2902,4672,36,238989
2213,6.6e-05,172.31.33.0-255,66,4738,36,238989
2214,7e-05,74.125.200.0-255,1484,6222,36,238989
2215,7.3e-05,172.31.33.0-255,66,6288,36,238989
2216,7.8e-05,74.125.200.0-255,2902,9190,36,238989
2217,8.2e-05,172.31.33.0-255,66,9256,36,238989
2218,0.00011,74.125.200.0-255,6209,15465,36,238989
2219,0.000122,172.31.33.0-255,66,15531,36,238989
2220,0.000133,74.125.200.0-255,7156,22687,36,238989
2221,0.000138,172.31.33.0-255,66,22753,36,238989
2222,0.000185,172.31.33.0-255,66,22819,36,238989
2223,0.000199,172.31.33.0-255,66,22885,36,238989
2224,0.000206,74.125.200.0-255,3602,26487,36,238989
2225,0.00021,172.31.33.0-255,66,26553,36,238989
2226,0.000275,74.125.200.0-255,1484,28037,36,238989
2227,0.000279,172.31.33.0-255,66,28103,36,238989
2228,0.000302,74.125.200.0-255,2902,31005,36,238989
2229,0.000305,172.31.33.0-255,66,31071,36,238989
2230,0.000309,74.125.200.0-255,1484,32555,36,238989
2231,0.000312,172.31.33.0-255,66,32621,36,238989
2232,0.000317,74.125.200.0-255,2902,35523,36,238989
2233,0.000319,172.31.33.0-255,66,35589,36,238989
2234,0.000355,74.125.200.0-255,5738,41327,36,238989
2235,0.000359,172.31.33.0-255,66,41393,36,238989
2236,0.000364,74.125.200.0-255,2890,44283,36,238989
2237,0.000368,172.31.33.0-255,66,44349,36,238989
2238,0.000486,74.125.200.0-255,1484,45833,36,238989
2239,0.000495,74.125.200.0-255,2902,48735,36,238989
2240,0.000499,172.31.33.0-255,66,48801,36,238989
2241,0.000533,74.125.200.0-255,4320,53121,36,238989
2242,0.000536,172.31.33.0-255,66,53187,36,238989
2243,0.000549,172.31.33.0-255,66,53253,36,238989
2244,0.000555,74.125.200.0-255,4320,57573,36,238989
2245,0.00056,172.31.33.0-255,66,57639,36,238989
2246,0.00061,74.125.200.0-255,2902,60541,36,238989
2247,0.000614,172.31.33.0-255,66,60607,36,238989
2248,0.000656,172.31.33.0-255,66,60673,36,238989
2249,0.000659,74.125.200.0-255,1484,62157,36,238989
2250,0.000691,74.125.200.0-255,2902,65059,36,238989
2251,0.000694,172.31.33.0-255,66,65125,36,238989
2252,0.000702,74.125.200.0-255,5738,70863,36,238989
2253,0.000706,172.31.33.0-255,66,70929,36,238989
2254,0.000715,74.125.200.0-255,5738,76667,36,238989
2255,0.000718,172.31.33.0-255,66,76733,36,238989
2256,0.000724,74.125.200.0-255,4320,81053,36,238989
2257,0.000727,172.31.33.0-255,66,81119,36,238989
2258,0.000759,74.125.200.0-255,2902,84021,36,238989
2259,0.000762,172.31.33.0-255,66,84087,36,238989
2260,0.000781,172.31.33.0-255,66,84153,36,238989
2261,0.000822,172.31.33.0-255,66,84219,36,238989
2262,0.000915,172.31.33.0-255,66,84285,36,238989
2263,0.000932,172.31.33.0-255,66,84351,36,238989
2264,0.000937,74.125.200.0-255,3602,87953,36,238989
2265,0.00094,172.31.33.0-255,66,88019,36,238989
2266,0.000942,74.125.200.0-255,1484,89503,36,238989
2267,0.000984,74.125.200.0-255,3166,92669,36,238989
2268,0.000988,172.31.33.0-255,66,92735,36,238989
2269,0.000993,74.125.200.0-255,2902,95637,36,238989
2270,0.000996,172.31.33.0-255,66,95703,36,238989
2271,0.001001,74.125.200.0-255,4320,100023,36,238989
2272,0.001004,172.31.33.0-255,66,100089,36,238989
2273,0.001014,74.125.200.0-255,7156,107245,36,238989
2274,0.001018,172.31.33.0-255,66,107311,36,238989
2275,0.001056,74.125.200.0-255,1484,108795,36,238989
2276,0.001065,74.125.200.0-255,7156,115951,36,238989
2277,0.001069,172.31.33.0-255,66,116017,36,238989
2278,0.00108,74.125.200.0-255,6438,122455,36,238989
2279,0.001084,172.31.33.0-255,66,122521,36,238989
2280,0.001341,74.125.200.0-255,1484,124005,36,238989
2281,0.00136,74.125.200.0-255,2902,126907,36,238989
2282,0.001363,172.31.33.0-255,66,126973,36,238989
2283,0.001367,74.125.200.0-255,1484,128457,36,238989
2284,0.001399,74.125.200.0-255,2902,131359,36,238989
2285,0.001415,74.125.200.0-255,7156,138515,36,238989
2286,0.001422,172.31.33.0-255,66,138581,36,238989
2287,0.001432,172.31.33.0-255,66,138647,36,238989
2288,0.001435,172.31.33.0-255,66,138713,36,238989
2289,0.001454,172.31.33.0-255,66,138779,36,238989
2290,0.001456,74.125.200.0-255,766,139545,36,238989
2291,0.001578,74.125.200.0-255,1484,141029,36,238989
2292,0.001582,172.31.33.0-255,66,141095,36,238989
2293,0.001586,74.125.200.0-255,1484,142579,36,238989
2294,0.001618,74.125.200.0-255,1484,144063,36,238989
2295,0.001621,172.31.33.0-255,66,144129,36,238989
2296,0.00163,74.125.200.0-255,5738,149867,36,238989
2297,0.001633,172.31.33.0-255,66,149933,36,238989
2298,0.001637,74.125.200.0-255,2902,152835,36,238989
2299,0.00164,172.31.33.0-255,66,152901,36,238989
2300,0.001669,74.125.200.0-255,5738,158639,36,238989
2301,0.001673,172.31.33.0-255,66,158705,36,238989
2302,0.001696,74.125.200.0-255,4320,163025,36,238989
2303,0.001699,172.31.33.0-255,66,163091,36,238989
2304,0.00171,172.31.33.0-255,66,163157,36,238989
2305,0.001784,74.125.200.0-255,1484,164641,36,238989
2306,0.001799,74.125.200.0-255,2902,167543,36,238989
2307,0.001802,172.31.33.0-255,66,167609,36,238989
2308,0.001821,74.125.200.0-255,1484,169093,36,238989
2309,0.001825,74.125.200.0-255,2902,171995,36,238989
2310,0.001828,172.31.33.0-255,66,172061,36,238989
2311,0.001858,74.125.200.0-255,5738,177799,36,238989
2312,0.001861,172.31.33.0-255,66,177865,36,238989
2313,0.001894,74.125.200.0-255,7156,185021,36,238989
2314,0.001898,172.31.33.0-255,66,185087,36,238989
2315,0.001907,172.31.33.0-255,66,185153,36,238989
2316,0.00191,74.125.200.0-255,1484,186637,36,238989
2317,0.001931,74.125.200.0-255,2184,188821,36,238989
2318,0.001934,172.31.33.0-255,66,188887,36,238989
2319,0.002007,74.125.200.0-255,1484,190371,36,238989
2320,0.002023,74.125.200.0-255,2902,193273,36,238989
2321,0.002027,172.31.33.0-255,66,193339,36,238989
2322,0.002075,74.125.200.0-255,5738,199077,36,238989
2323,0.00214,172.31.33.0-255,66,199143,36,238989
2324,0.002182,74.125.200.0-255,1484,200627,36,238989
2325,0.002186,74.125.200.0-255,2902,203529,36,238989
2326,0.002193,74.125.200.0-255,5738,209267,36,238989
2327,0.002217,74.125.200.0-255,2184,211451,36,238989
2328,0.002247,74.125.200.0-255,2902,214353,36,238989
2329,0.002266,74.125.200.0-255,7156,221509,36,238989
2330,0.00227,74.125.200.0-255,2902,224411,36,238989
2331,0.002311,74.125.200.0-255,2902,227313,36,238989
2332,0.002342,74.125.200.0-255,5738,233051,36,238989
2333,0.002386,74.125.200.0-255,4909,237960,36,238989
2334,0.009112,172.31.33.0-255,66,238026,36,238989
2335,0.00912,172.31.33.0-255,66,238092,36,238989
2336,0.009125,172.31.33.0-255,66,238158,36,238989
2337,0.009145,172.31.33.0-255,66,238224,36,238989
2338,0.009148,172.31.33.0-255,66,238290,36,238989
2339,0.009151,172.31.33.0-255,66,238356,36,238989
2340,0.009154,172.31.33.0-255,66,238422,36,238989
2341,0.009157,172.31.33.0-255,66,238488,36,238989
2342,0.00916,172.31.33.0-255,66,238554,36,238989
2343,0.009163,172.31.33.0-255,66,238620,36,238989
2344,0.009166,172.31.33.0-255,66,238686,36,238989
2345,0.009169,172.31.33.0-255,66,238752,36,238989
2346,0.009172,172.31.33.0-255,66,238818,36,238989
2347,0.009175,172.31.33.0-255,66,238884,36,238989
2348,0.011556,74.125.200.0-255,105,238989,36,238989
2349,0.0,172.31.33.0-255,105,105,36,276
2350,0.001782,157.240.7.0-255,105,210,36,276
2351,0.001794,172.31.33.0-255,66,276,36,276
2352,0.0,172.31.33.0-255,105,105,36,276
2353,0.001833,157.240.13.0-255,105,210,36,276
2354,0.001847,172.31.33.0-255,66,276,36,276
2355,0.0,172.217.194.0-255,155,155,36,99549
2356,3.1e-05,172.31.33.0-255,66,221,36,99549
2357,6.4e-05,172.217.194.0-255,1484,1705,36,99549
2358,6.9e-05,172.31.33.0-255,66,1771,36,99549
2359,7.6e-05,172.217.194.0-255,2902,4673,36,99549
2360,7.8e-05,172.31.33.0-255,66,4739,36,99549
2361,8.4e-05,172.217.194.0-255,5738,10477,36,99549
2362,8.7e-05,172.31.33.0-255,66,10543,36,99549
2363,0.000111,172.217.194.0-255,3476,14019,36,99549
2364,0.000114,172.31.33.0-255,66,14085,36,99549
2365,0.000158,172.217.194.0-255,4320,18405,36,99549
2366,0.000162,172.31.33.0-255,66,18471,36,99549
2367,0.000172,172.217.194.0-255,5738,24209,36,99549
2368,0.000175,172.31.33.0-255,66,24275,36,99549
2369,0.000233,172.31.33.0-255,66,24341,36,99549
2370,0.000261,172.217.194.0-255,4320,28661,36,99549
2371,0.000264,172.31.33.0-255,66,28727,36,99549
2372,0.000284,172.217.194.0-255,5738,34465,36,99549
2373,0.000287,172.31.33.0-255,66,34531,36,99549
2374,0.000299,172.217.194.0-255,2184,36715,36,99549
2375,0.000306,172.31.33.0-255,66,36781,36,99549
2376,0.000617,172.217.194.0-255,1484,38265,36,99549
2377,0.000622,172.31.33.0-255,66,38331,36,99549
2378,0.000628,172.217.194.0-255,2902,41233,36,99549
2379,0.00063,172.31.33.0-255,66,41299,36,99549
2380,0.000691,172.217.194.0-255,5738,47037,36,99549
2381,0.000694,172.31.33.0-255,66,47103,36,99549
2382,0.000697,172.217.194.0-255,1484,48587,36,99549
2383,0.000699,172.31.33.0-255,66,48653,36,99549
2384,0.000729,172.217.194.0-255,5684,54337,36,99549
2385,0.000732,172.31.33.0-255,66,54403,36,99549
2386,0.003695,172.217.194.0-255,1484,55887,36,99549
2387,0.003743,172.217.194.0-255,2902,58789,36,99549
2388,0.003746,172.31.33.0-255,66,58855,36,99549
2389,0.003751,172.217.194.0-255,1484,60339,36,99549
2390,0.006053,172.217.194.0-255,4320,64659,36,99549
2391,0.00606,172.31.33.0-255,66,64725,36,99549
2392,0.008377,172.217.194.0-255,5738,70463,36,99549
2393,0.008383,172.31.33.0-255,66,70529,36,99549
2394,0.010693,172.217.194.0-255,5738,76267,36,99549
2395,0.0107,172.31.33.0-255,66,76333,36,99549
2396,0.012993,172.217.194.0-255,5738,82071,36,99549
2397,0.013002,172.31.33.0-255,66,82137,36,99549
2398,0.015317,172.217.194.0-255,5738,87875,36,99549
2399,0.015325,172.31.33.0-255,66,87941,36,99549
2400,0.01762,172.217.194.0-255,5738,93679,36,99549
2401,0.017627,172.31.33.0-255,66,93745,36,99549
2402,0.019974,172.217.194.0-255,5738,99483,36,99549
2403,0.019982,172.31.33.0-255,66,99549,36,99549
2404,0.0,172.217.194.0-255,153,153,36,143882
2405,1.9e-05,172.31.33.0-255,66,219,36,143882
2406,2.6e-05,172.217.194.0-255,1484,1703,36,143882
2407,3.1e-05,172.31.33.0-255,66,1769,36,143882
2408,3.8e-05,172.217.194.0-255,2902,4671,36,143882
2409,4.1e-05,172.31.33.0-255,66,4737,36,143882
2410,4.6e-05,172.217.194.0-255,4320,9057,36,143882
2411,5e-05,172.31.33.0-255,66,9123,36,143882
2412,7.8e-05,172.217.194.0-255,1484,10607,36,143882
2413,8.1e-05,172.31.33.0-255,66,10673,36,143882
2414,9.5e-05,172.31.33.0-255,66,10739,36,143882
2415,0.000107,172.31.33.0-255,66,10805,36,143882
2416,0.000137,172.217.194.0-255,1484,12289,36,143882
2417,0.00014,172.31.33.0-255,66,12355,36,143882
2418,0.000144,172.217.194.0-255,1484,13839,36,143882
2419,0.000146,172.31.33.0-255,66,13905,36,143882
2420,0.000159,172.217.194.0-255,1484,15389,36,143882
2421,0.000162,172.31.33.0-255,66,15455,36,143882
2422,0.000167,172.217.194.0-255,4320,19775,36,143882
2423,0.00017,172.31.33.0-255,66,19841,36,143882
2424,0.000181,172.217.194.0-255,1484,21325,36,143882
2425,0.000183,172.31.33.0-255,66,21391,36,143882
2426,0.000199,172.217.194.0-255,6797,28188,36,143882
2427,0.000201,172.31.33.0-255,66,28254,36,143882
2428,0.000539,172.217.194.0-255,1484,29738,36,143882
2429,0.000545,172.31.33.0-255,66,29804,36,143882
2430,0.000552,172.217.194.0-255,2902,32706,36,143882
2431,0.000555,172.31.33.0-255,66,32772,36,143882
2432,0.000561,172.217.194.0-255,5738,38510,36,143882
2433,0.000564,172.31.33.0-255,66,38576,36,143882
2434,0.000669,172.31.33.0-255,66,38642,36,143882
2435,0.00085,172.217.194.0-255,1484,40126,36,143882
2436,0.000858,172.217.194.0-255,2902,43028,36,143882
2437,0.000861,172.31.33.0-255,66,43094,36,143882
2438,0.000868,172.217.194.0-255,5738,48832,36,143882
2439,0.00087,172.31.33.0-255,66,48898,36,143882
2440,0.000904,172.31.33.0-255,66,48964,36,143882
2441,0.000946,172.217.194.0-255,4320,53284,36,143882
2442,0.000949,172.31.33.0-255,66,53350,36,143882
2443,0.000974,172.31.33.0-255,66,53416,36,143882
2444,0.001239,172.217.194.0-255,1484,54900,36,143882
2445,0.001244,172.217.194.0-255,1484,56384,36,143882
2446,0.001247,172.31.33.0-255,66,56450,36,143882
2447,0.001267,172.217.194.0-255,1484,57934,36,143882
2448,0.001273,172.217.194.0-255,5738,63672,36,143882
2449,0.001275,172.31.33.0-255,66,63738,36,143882
2450,0.001304,172.217.194.0-255,4320,68058,36,143882
2451,0.001306,172.31.33.0-255,66,68124,36,143882
2452,0.001328,172.217.194.0-255,1980,70104,36,143882
2453,0.00133,172.31.33.0-255,66,70170,36,143882
2454,0.001359,172.217.194.0-255,1484,71654,36,143882
2455,0.001373,172.217.194.0-255,2902,74556,36,143882
2456,0.001376,172.31.33.0-255,66,74622,36,143882
2457,0.001397,172.217.194.0-255,5738,80360,36,143882
2458,0.001403,172.31.33.0-255,66,80426,36,143882
2459,0.001422,172.31.33.0-255,66,80492,36,143882
2460,0.001472,172.217.194.0-255,5738,86230,36,143882
2461,0.001476,172.31.33.0-255,66,86296,36,143882
2462,0.001497,172.217.194.0-255,5020,91316,36,143882
2463,0.0015,172.31.33.0-255,66,91382,36,143882
2464,0.003464,172.217.194.0-255,5738,97120,36,143882
2465,0.003471,172.31.33.0-255,66,97186,36,143882
2466,0.005438,172.217.194.0-255,2902,100088,36,143882
2467,0.005441,172.31.33.0-255,66,100154,36,143882
2468,0.005459,172.217.194.0-255,2902,103056,36,143882
2469,0.005461,172.31.33.0-255,66,103122,36,143882
2470,0.007394,172.217.194.0-255,2902,106024,36,143882
2471,0.007399,172.31.33.0-255,66,106090,36,143882
2472,0.007415,172.217.194.0-255,2902,108992,36,143882
2473,0.007417,172.31.33.0-255,66,109058,36,143882
2474,0.009363,172.217.194.0-255,5738,114796,36,143882
2475,0.00937,172.31.33.0-255,66,114862,36,143882
2476,0.011313,172.217.194.0-255,5738,120600,36,143882
2477,0.011319,172.31.33.0-255,66,120666,36,143882
2478,0.013257,172.217.194.0-255,5738,126404,36,143882
2479,0.013263,172.31.33.0-255,66,126470,36,143882
2480,0.015271,172.217.194.0-255,5738,132208,36,143882
2481,0.015281,172.31.33.0-255,66,132274,36,143882
2482,0.017249,172.217.194.0-255,5738,138012,36,143882
2483,0.017256,172.31.33.0-255,66,138078,36,143882
2484,0.019217,172.217.194.0-255,5738,143816,36,143882
2485,0.019224,172.31.33.0-255,66,143882,36,143882
2486,0.0,172.31.33.0-255,105,105,36,459
2487,0.000263,172.31.33.0-255,90,195,36,459
2488,0.000273,172.31.33.0-255,66,261,36,459
2489,0.002883,172.217.194.0-255,66,327,36,459
2490,0.002915,172.217.194.0-255,66,393,36,459
2491,0.002938,172.31.33.0-255,66,459,36,459
2492,0.0,172.31.33.0-255,105,105,36,276
2493,0.001887,157.240.7.0-255,105,210,36,276
2494,0.001898,172.31.33.0-255,66,276,36,276
2495,0.0,172.31.33.0-255,105,105,36,735
2496,0.001759,157.240.7.0-255,105,210,36,735
2497,0.001768,172.31.33.0-255,66,276,36,735
2498,0.006055,172.31.33.0-255,105,381,36,735
2499,0.006224,172.31.33.0-255,90,471,36,735
2500,0.006231,172.31.33.0-255,66,537,36,735
2501,0.008468,172.217.194.0-255,66,603,36,735
2502,0.008487,172.217.194.0-255,66,669,36,735
2503,0.008495,172.31.33.0-255,66,735,36,735
2504,0.0,172.217.194.0-255,66,66,36,66
2505,0.0,172.217.194.0-255,146,146,36,203816
2506,2.2e-05,172.31.33.0-255,66,212,36,203816
2507,2.8e-05,172.217.194.0-255,1484,1696,36,203816
2508,3.2e-05,172.31.33.0-255,66,1762,36,203816
2509,3.7e-05,172.217.194.0-255,2902,4664,36,203816
2510,4.7e-05,172.31.33.0-255,66,4730,36,203816
2511,5.4e-05,172.217.194.0-255,7156,11886,36,203816
2512,5.7e-05,172.31.33.0-255,66,11952,36,203816
2513,7.3e-05,172.217.194.0-255,1484,13436,36,203816
2514,7.6e-05,172.31.33.0-255,66,13502,36,203816
2515,0.000116,172.31.33.0-255,66,13568,36,203816
2516,0.000137,172.217.194.0-255,2543,16111,36,203816
2517,0.000139,172.31.33.0-255,66,16177,36,203816
2518,0.000183,172.217.194.0-255,1484,17661,36,203816
2519,0.000185,172.31.33.0-255,66,17727,36,203816
2520,0.000189,172.217.194.0-255,2902,20629,36,203816
2521,0.000191,172.31.33.0-255,66,20695,36,203816
2522,0.000194,172.217.194.0-255,1484,22179,36,203816
2523,0.000196,172.31.33.0-255,66,22245,36,203816
2524,0.000221,172.217.194.0-255,4320,26565,36,203816
2525,0.000223,172.31.33.0-255,66,26631,36,203816
2526,0.000228,172.217.194.0-255,4320,30951,36,203816
2527,0.000231,172.31.33.0-255,66,31017,36,203816
2528,0.00027,172.31.33.0-255,66,31083,36,203816
2529,0.000302,172.31.33.0-255,66,31149,36,203816
2530,0.000305,172.217.194.0-255,365,31514,36,203816
2531,0.000306,172.31.33.0-255,66,31580,36,203816
2532,0.00034,172.217.194.0-255,1484,33064,36,203816
2533,0.000343,172.31.33.0-255,66,33130,36,203816
2534,0.000348,172.217.194.0-255,4320,37450,36,203816
2535,0.00035,172.31.33.0-255,66,37516,36,203816
2536,0.000392,172.31.33.0-255,66,37582,36,203816
2537,0.000395,172.217.194.0-255,577,38159,36,203816
2538,0.000425,172.31.33.0-255,66,38225,36,203816
2539,0.000442,172.217.194.0-255,4320,42545,36,203816
2540,0.000444,172.31.33.0-255,66,42611,36,203816
2541,0.000449,172.217.194.0-255,3961,46572,36,203816
2542,0.00045,172.31.33.0-255,66,46638,36,203816
2543,0.000746,172.217.194.0-255,1484,48122,36,203816
2544,0.000753,172.217.194.0-255,2902,51024,36,203816
2545,0.000756,172.31.33.0-255,66,51090,36,203816
2546,0.00076,172.217.194.0-255,1484,52574,36,203816
2547,0.000784,172.217.194.0-255,4320,56894,36,203816
2548,0.000786,172.31.33.0-255,66,56960,36,203816
2549,0.000811,172.217.194.0-255,6797,63757,36,203816
2550,0.000814,172.31.33.0-255,66,63823,36,203816
2551,0.001117,172.217.194.0-255,1484,65307,36,203816
2552,0.001134,172.217.194.0-255,2902,68209,36,203816
2553,0.001143,172.31.33.0-255,66,68275,36,203816
2554,0.001149,172.217.194.0-255,4320,72595,36,203816
2555,0.00115,172.31.33.0-255,66,72661,36,203816
2556,0.001165,172.217.194.0-255,1484,74145,36,203816
2557,0.001169,172.217.194.0-255,2902,77047,36,203816
2558,0.00117,172.31.33.0-255,66,77113,36,203816
2559,0.0012,172.31.33.0-255,66,77179,36,203816
2560,0.001206,172.217.194.0-255,7156,84335,36,203816
2561,0.001208,172.31.33.0-255,66,84401,36,203816
2562,0.001241,172.217.194.0-255,3602,88003,36,203816
2563,0.001243,172.31.33.0-255,66,88069,36,203816
2564,0.001501,172.217.194.0-255,1484,89553,36,203816
2565,0.001516,172.217.194.0-255,2902,92455,36,203816
2566,0.001524,172.31.33.0-255,66,92521,36,203816
2567,0.001527,172.217.194.0-255,1484,94005,36,203816
2568,0.001547,172.217.194.0-255,4320,98325,36,203816
2569,0.001549,172.31.33.0-255,66,98391,36,203816
2570,0.001575,172.217.194.0-255,5738,104129,36,203816
2571,0.001577,172.31.33.0-255,66,104195,36,203816
2572,0.001603,172.217.194.0-255,2902,107097,36,203816
2573,0.001605,172.31.33.0-255,66,107163,36,203816
2574,0.001649,172.217.194.0-255,7156,114319,36,203816
2575,0.001653,172.31.33.0-255,66,114385,36,203816
2576,0.001674,172.31.33.0-255,66,114451,36,203816
2577,0.001677,172.217.194.0-255,1484,115935,36,203816
2578,0.001681,172.217.194.0-255,2902,118837,36,203816
2579,0.001682,172.31.33.0-255,66,118903,36,203816
2580,0.001685,172.217.194.0-255,1484,120387,36,203816
2581,0.001718,172.217.194.0-255,4320,124707,36,203816
2582,0.001722,172.217.194.0-255,4320,129027,36,203816
2583,0.001727,172.217.194.0-255,5738,134765,36,203816
2584,0.001731,172.31.33.0-255,66,134831,36,203816
2585,0.001734,172.31.33.0-255,66,134897,36,203816
2586,0.001736,172.31.33.0-255,66,134963,36,203816
2587,0.001756,172.217.194.0-255,5738,140701,36,203816
2588,0.001757,172.31.33.0-255,66,140767,36,203816
2589,0.00176,172.217.194.0-255,1484,142251,36,203816
2590,0.001801,172.31.33.0-255,66,142317,36,203816
2591,0.001804,172.217.194.0-255,1484,143801,36,203816
2592,0.001832,172.31.33.0-255,66,143867,36,203816
2593,0.00186,172.217.194.0-255,4320,148187,36,203816
2594,0.001863,172.31.33.0-255,66,148253,36,203816
2595,0.001867,172.217.194.0-255,4320,152573,36,203816
2596,0.001869,172.31.33.0-255,66,152639,36,203816
2597,0.001911,172.217.194.0-255,6438,159077,36,203816
2598,0.001927,172.31.33.0-255,66,159143,36,203816
2599,0.00193,172.31.33.0-255,66,159209,36,203816
2600,0.001959,172.31.33.0-255,66,159275,36,203816
2601,0.001983,172.217.194.0-255,1484,160759,36,203816
2602,0.001987,172.31.33.0-255,66,160825,36,203816
2603,0.002034,172.217.194.0-255,2902,163727,36,203816
2604,0.002038,172.31.33.0-255,66,163793,36,203816
2605,0.002046,172.217.194.0-255,4320,168113,36,203816
2606,0.002054,172.31.33.0-255,66,168179,36,203816
2607,0.002091,172.31.33.0-255,66,168245,36,203816
2608,0.002133,172.217.194.0-255,4320,172565,36,203816
2609,0.002136,172.217.194.0-255,2902,175467,36,203816
2610,0.002146,172.31.33.0-255,66,175533,36,203816
2611,0.002166,172.31.33.0-255,66,175599,36,203816
2612,0.00224,172.31.33.0-255,66,175665,36,203816
2613,0.00229,172.217.194.0-255,5738,181403,36,203816
2614,0.002305,172.217.194.0-255,5738,187141,36,203816
2615,0.002309,172.31.33.0-255,66,187207,36,203816
2616,0.002319,172.217.194.0-255,5020,192227,36,203816
2617,0.002341,172.217.194.0-255,4320,196547,36,203816
2618,0.002363,172.217.194.0-255,6927,203474,36,203816
2619,0.002365,172.217.194.0-255,105,203579,36,203816
2620,0.002369,172.31.33.0-255,66,203645,36,203816
2621,0.004048,172.31.33.0-255,105,203750,36,203816
2622,0.006601,172.217.194.0-255,66,203816,36,203816
2623,0.0,172.217.194.0-255,153,153,36,220542
2624,2.2e-05,172.31.33.0-255,66,219,36,220542
2625,2.7e-05,172.217.194.0-255,1484,1703,36,220542
2626,3.2e-05,172.31.33.0-255,66,1769,36,220542
2627,3.7e-05,172.217.194.0-255,2902,4671,36,220542
2628,3.9e-05,172.31.33.0-255,66,4737,36,220542
2629,6.9e-05,172.217.194.0-255,7156,11893,36,220542
2630,7.2e-05,172.31.33.0-255,66,11959,36,220542
2631,0.000115,172.31.33.0-255,66,12025,36,220542
2632,0.000132,172.217.194.0-255,3448,15473,36,220542
2633,0.000138,172.31.33.0-255,66,15539,36,220542
2634,0.000141,172.217.194.0-255,1484,17023,36,220542
2635,0.000142,172.31.33.0-255,66,17089,36,220542
2636,0.000145,172.217.194.0-255,1125,18214,36,220542
2637,0.000147,172.31.33.0-255,66,18280,36,220542
2638,0.000202,172.217.194.0-255,1484,19764,36,220542
2639,0.000206,172.31.33.0-255,66,19830,36,220542
2640,0.000209,172.217.194.0-255,1484,21314,36,220542
2641,0.000211,172.31.33.0-255,66,21380,36,220542
2642,0.000225,172.217.194.0-255,1484,22864,36,220542
2643,0.000226,172.31.33.0-255,66,22930,36,220542
2644,0.000231,172.217.194.0-255,5738,28668,36,220542
2645,0.000233,172.31.33.0-255,66,28734,36,220542
2646,0.000262,172.217.194.0-255,6797,35531,36,220542
2647,0.000267,172.31.33.0-255,66,35597,36,220542
2648,0.000273,172.217.194.0-255,5738,41335,36,220542
2649,0.000275,172.31.33.0-255,66,41401,36,220542
2650,0.000296,172.31.33.0-255,66,41467,36,220542
2651,0.000299,172.217.194.0-255,1484,42951,36,220542
2652,0.000302,172.31.33.0-255,66,43017,36,220542
2653,0.000326,172.217.194.0-255,1414,44431,36,220542
2654,0.00033,172.217.194.0-255,365,44796,36,220542
2655,0.000332,172.31.33.0-255,66,44862,36,220542
2656,0.000373,172.217.194.0-255,1484,46346,36,220542
2657,0.00039,172.217.194.0-255,2902,49248,36,220542
2658,0.000394,172.31.33.0-255,66,49314,36,220542
2659,0.000411,172.217.194.0-255,5738,55052,36,220542
2660,0.000414,172.31.33.0-255,66,55118,36,220542
2661,0.000458,172.217.194.0-255,6249,61367,36,220542
2662,0.000462,172.31.33.0-255,66,61433,36,220542
2663,0.000671,172.217.194.0-255,1484,62917,36,220542
2664,0.000686,172.217.194.0-255,2902,65819,36,220542
2665,0.00069,172.31.33.0-255,66,65885,36,220542
2666,0.000715,172.217.194.0-255,5738,71623,36,220542
2667,0.000719,172.31.33.0-255,66,71689,36,220542
2668,0.000751,172.31.33.0-255,66,71755,36,220542
2669,0.000761,172.31.33.0-255,66,71821,36,220542
2670,0.000775,172.217.194.0-255,766,72587,36,220542
2671,0.001081,172.217.194.0-255,1484,74071,36,220542
2672,0.001086,172.31.33.0-255,66,74137,36,220542
2673,0.001092,172.217.194.0-255,2902,77039,36,220542
2674,0.001094,172.31.33.0-255,66,77105,36,220542
2675,0.0011,172.217.194.0-255,5738,82843,36,220542
2676,0.001101,172.31.33.0-255,66,82909,36,220542
2677,0.001126,172.217.194.0-255,5738,88647,36,220542
2678,0.001129,172.31.33.0-255,66,88713,36,220542
2679,0.001152,172.217.194.0-255,7156,95869,36,220542
2680,0.001155,172.31.33.0-255,66,95935,36,220542
2681,0.001165,172.31.33.0-255,66,96001,36,220542
2682,0.001183,172.217.194.0-255,766,96767,36,220542
2683,0.001415,172.31.33.0-255,66,96833,36,220542
2684,0.001478,172.217.194.0-255,1484,98317,36,220542
2685,0.001496,172.217.194.0-255,2902,101219,36,220542
2686,0.001499,172.31.33.0-255,66,101285,36,220542
2687,0.001505,172.217.194.0-255,5738,107023,36,220542
2688,0.001507,172.31.33.0-255,66,107089,36,220542
2689,0.001535,172.217.194.0-255,7156,114245,36,220542
2690,0.001538,172.31.33.0-255,66,114311,36,220542
2691,0.00156,172.217.194.0-255,5738,120049,36,220542
2692,0.001563,172.31.33.0-255,66,120115,36,220542
2693,0.001569,172.217.194.0-255,5738,125853,36,220542
2694,0.001571,172.31.33.0-255,66,125919,36,220542
2695,0.001585,172.217.194.0-255,5020,130939,36,220542
2696,0.001587,172.31.33.0-255,66,131005,36,220542
2697,0.00161,172.217.194.0-255,1484,132489,36,220542
2698,0.001629,172.217.194.0-255,2902,135391,36,220542
2699,0.001631,172.31.33.0-255,66,135457,36,220542
2700,0.001634,172.217.194.0-255,1484,136941,36,220542
2701,0.001651,172.217.194.0-255,4320,141261,36,220542
2702,0.001653,172.31.33.0-255,66,141327,36,220542
2703,0.00166,172.217.194.0-255,5738,147065,36,220542
2704,0.001663,172.31.33.0-255,66,147131,36,220542
2705,0.001687,172.217.194.0-255,5738,152869,36,220542
2706,0.001689,172.31.33.0-255,66,152935,36,220542
2707,0.001705,172.217.194.0-255,2902,155837,36,220542
2708,0.001707,172.31.33.0-255,66,155903,36,220542
2709,0.001741,172.31.33.0-255,66,155969,36,220542
2710,0.001753,172.31.33.0-255,66,156035,36,220542
2711,0.001756,172.217.194.0-255,1484,157519,36,220542
2712,0.001798,172.31.33.0-255,66,157585,36,220542
2713,0.001802,172.217.194.0-255,2184,159769,36,220542
2714,0.001804,172.31.33.0-255,66,159835,36,220542
2715,0.001853,172.217.194.0-255,1484,161319,36,220542
2716,0.001873,172.217.194.0-255,2902,164221,36,220542
2717,0.001876,172.31.33.0-255,66,164287,36,220542
2718,0.001882,172.217.194.0-255,5738,170025,36,220542
2719,0.001884,172.31.33.0-255,66,170091,36,220542
2720,0.001945,172.31.33.0-255,66,170157,36,220542
2721,0.001954,172.31.33.0-255,66,170223,36,220542
2722,0.001971,172.217.194.0-255,2184,172407,36,220542
2723,0.001974,172.31.33.0-255,66,172473,36,220542
2724,0.002004,172.217.194.0-255,2902,175375,36,220542
2725,0.002007,172.31.33.0-255,66,175441,36,220542
2726,0.00201,172.217.194.0-255,1484,176925,36,220542
2727,0.002028,172.217.194.0-255,5738,182663,36,220542
2728,0.002031,172.31.33.0-255,66,182729,36,220542
2729,0.002059,172.31.33.0-255,66,182795,36,220542
2730,0.002072,172.217.194.0-255,1484,184279,36,220542
2731,0.002084,172.31.33.0-255,66,184345,36,220542
2732,0.002128,172.217.194.0-255,7156,191501,36,220542
2733,0.002132,172.31.33.0-255,66,191567,36,220542
2734,0.002153,172.217.194.0-255,7156,198723,36,220542
2735,0.002156,172.31.33.0-255,66,198789,36,220542
2736,0.002165,172.31.33.0-255,66,198855,36,220542
2737,0.002188,172.217.194.0-255,7156,206011,36,220542
2738,0.00219,172.31.33.0-255,66,206077,36,220542
2739,0.002202,172.31.33.0-255,66,206143,36,220542
2740,0.002213,172.217.194.0-255,766,206909,36,220542
2741,0.002224,172.217.194.0-255,2902,209811,36,220542
2742,0.002227,172.31.33.0-255,66,209877,36,220542
2743,0.002268,172.31.33.0-255,66,209943,36,220542
2744,0.002273,172.217.194.0-255,5738,215681,36,220542
2745,0.002275,172.31.33.0-255,66,215747,36,220542
2746,0.002297,172.31.33.0-255,66,215813,36,220542
2747,0.002322,172.217.194.0-255,4321,220134,36,220542
2748,0.002325,172.31.33.0-255,66,220200,36,220542
2749,0.002328,172.217.194.0-255,105,220305,36,220542
2750,0.003132,172.31.33.0-255,66,220371,36,220542
2751,0.003154,172.31.33.0-255,105,220476,36,220542
2752,0.00547,172.217.194.0-255,66,220542,36,220542
2753,0.0,172.217.194.0-255,144,144,36,174577
2754,2.3e-05,172.31.33.0-255,66,210,36,174577
2755,2.9e-05,172.217.194.0-255,1484,1694,36,174577
2756,3.5e-05,172.31.33.0-255,66,1760,36,174577
2757,4.1e-05,172.217.194.0-255,2902,4662,36,174577
2758,4.4e-05,172.31.33.0-255,66,4728,36,174577
2759,5e-05,172.217.194.0-255,5738,10466,36,174577
2760,5.4e-05,172.31.33.0-255,66,10532,36,174577
2761,0.000114,172.31.33.0-255,66,10598,36,174577
2762,0.000135,172.217.194.0-255,4885,15483,36,174577
2763,0.000138,172.31.33.0-255,66,15549,36,174577
2764,0.000145,172.217.194.0-255,6797,22346,36,174577
2765,0.000148,172.31.33.0-255,66,22412,36,174577
2766,0.000168,172.217.194.0-255,1484,23896,36,174577
2767,0.000171,172.31.33.0-255,66,23962,36,174577
2768,0.000194,172.217.194.0-255,5738,29700,36,174577
2769,0.000197,172.31.33.0-255,66,29766,36,174577
2770,0.000201,172.217.194.0-255,2902,32668,36,174577
2771,0.000203,172.31.33.0-255,66,32734,36,174577
2772,0.000235,172.31.33.0-255,66,32800,36,174577
2773,0.000257,172.217.194.0-255,2543,35343,36,174577
2774,0.000259,172.31.33.0-255,66,35409,36,174577
2775,0.000269,172.31.33.0-255,66,35475,36,174577
2776,0.000303,172.217.194.0-255,2832,38307,36,174577
2777,0.000306,172.31.33.0-255,66,38373,36,174577
2778,0.000308,172.217.194.0-255,102,38475,36,174577
2779,0.00031,172.31.33.0-255,66,38541,36,174577
2780,0.000333,172.217.194.0-255,363,38904,36,174577
2781,0.000335,172.31.33.0-255,66,38970,36,174577
2782,0.000487,172.217.194.0-255,1484,40454,36,174577
2783,0.000508,172.217.194.0-255,2902,43356,36,174577
2784,0.000512,172.31.33.0-255,66,43422,36,174577
2785,0.000518,172.217.194.0-255,5738,49160,36,174577
2786,0.000521,172.31.33.0-255,66,49226,36,174577
2787,0.000542,172.217.194.0-255,4320,53546,36,174577
2788,0.000545,172.31.33.0-255,66,53612,36,174577
2789,0.000557,172.217.194.0-255,1484,55096,36,174577
2790,0.00056,172.217.194.0-255,1484,56580,36,174577
2791,0.000562,172.31.33.0-255,66,56646,36,174577
2792,0.000583,172.217.194.0-255,5738,62384,36,174577
2793,0.000586,172.31.33.0-255,66,62450,36,174577
2794,0.000592,172.217.194.0-255,5738,68188,36,174577
2795,0.000594,172.31.33.0-255,66,68254,36,174577
2796,0.000607,172.217.194.0-255,2902,71156,36,174577
2797,0.000609,172.31.33.0-255,66,71222,36,174577
2798,0.000648,172.217.194.0-255,2184,73406,36,174577
2799,0.00065,172.31.33.0-255,66,73472,36,174577
2800,0.001641,172.217.194.0-255,1484,74956,36,174577
2801,0.001651,172.217.194.0-255,2902,77858,36,174577
2802,0.001656,172.31.33.0-255,66,77924,36,174577
2803,0.001679,172.217.194.0-255,5738,83662,36,174577
2804,0.001682,172.31.33.0-255,66,83728,36,174577
2805,0.001713,172.217.194.0-255,5738,89466,36,174577
2806,0.001716,172.31.33.0-255,66,89532,36,174577
2807,0.001742,172.217.194.0-255,7156,96688,36,174577
2808,0.001744,172.31.33.0-255,66,96754,36,174577
2809,0.001763,172.217.194.0-255,1484,98238,36,174577
2810,0.001785,172.31.33.0-255,66,98304,36,174577
2811,0.00196,172.217.194.0-255,1484,99788,36,174577
2812,0.001976,172.217.194.0-255,2902,102690,36,174577
2813,0.00198,172.31.33.0-255,66,102756,36,174577
2814,0.001996,172.217.194.0-255,1484,104240,36,174577
2815,0.002012,172.217.194.0-255,4320,108560,36,174577
2816,0.002015,172.31.33.0-255,66,108626,36,174577
2817,0.002021,172.217.194.0-255,5738,114364,36,174577
2818,0.002024,172.31.33.0-255,66,114430,36,174577
2819,0.002045,172.217.194.0-255,7156,121586,36,174577
2820,0.002047,172.31.33.0-255,66,121652,36,174577
2821,0.002066,172.217.194.0-255,4320,125972,36,174577
2822,0.002068,172.31.33.0-255,66,126038,36,174577
2823,0.002103,172.31.33.0-255,66,126104,36,174577
2824,0.002118,172.31.33.0-255,66,126170,36,174577
2825,0.002124,172.217.194.0-255,5738,131908,36,174577
2826,0.002126,172.31.33.0-255,66,131974,36,174577
2827,0.002151,172.217.194.0-255,5738,137712,36,174577
2828,0.002154,172.31.33.0-255,66,137778,36,174577
2829,0.002197,172.217.194.0-255,2902,140680,36,174577
2830,0.0022,172.31.33.0-255,66,140746,36,174577
2831,0.002233,172.31.33.0-255,66,140812,36,174577
2832,0.002246,172.31.33.0-255,66,140878,36,174577
2833,0.00226,172.31.33.0-255,66,140944,36,174577
2834,0.002304,172.31.33.0-255,66,141010,36,174577
2835,0.00232,172.31.33.0-255,66,141076,36,174577
2836,0.002356,172.31.33.0-255,66,141142,36,174577
2837,0.002382,172.31.33.0-255,66,141208,36,174577
2838,0.002389,172.217.194.0-255,5738,146946,36,174577
2839,0.002392,172.31.33.0-255,66,147012,36,174577
2840,0.002419,172.31.33.0-255,66,147078,36,174577
2841,0.002424,172.217.194.0-255,3602,150680,36,174577
2842,0.002427,172.31.33.0-255,66,150746,36,174577
2843,0.00245,172.217.194.0-255,4320,155066,36,174577
2844,0.002453,172.31.33.0-255,66,155132,36,174577
2845,0.002491,172.31.33.0-255,66,155198,36,174577
2846,0.002495,172.217.194.0-255,1484,156682,36,174577
2847,0.002526,172.31.33.0-255,66,156748,36,174577
2848,0.002533,172.217.194.0-255,5738,162486,36,174577
2849,0.002535,172.31.33.0-255,66,162552,36,174577
2850,0.002564,172.31.33.0-255,66,162618,36,174577
2851,0.002567,172.217.194.0-255,1484,164102,36,174577
2852,0.002618,172.217.194.0-255,4320,168422,36,174577
2853,0.002622,172.31.33.0-255,66,168488,36,174577
2854,0.002685,172.217.194.0-255,1484,169972,36,174577
2855,0.002721,172.217.194.0-255,4263,174235,36,174577
2856,0.00274,172.217.194.0-255,105,174340,36,174577
2857,0.0082,172.31.33.0-255,66,174406,36,174577
2858,0.010827,172.31.33.0-255,105,174511,36,174577
2859,0.013351,172.217.194.0-255,66,174577,36,174577
2860,0.0,172.31.33.0-255,234,234,36,300
2861,0.007208,74.125.24.0-255,66,300,36,300
2862,0.0,172.31.33.0-255,105,105,36,459
2863,0.0002,172.31.33.0-255,90,195,36,459
2864,0.000207,172.31.33.0-255,66,261,36,459
2865,0.002464,74.125.24.0-255,66,327,36,459
2866,0.002486,74.125.24.0-255,66,393,36,459
2867,0.002503,172.31.33.0-255,66,459,36,459
2868,0.0,172.217.194.0-255,153,153,36,264090
2869,1.9e-05,172.31.33.0-255,66,219,36,264090
2870,2.6e-05,172.217.194.0-255,1484,1703,36,264090
2871,2.9e-05,172.31.33.0-255,66,1769,36,264090
2872,3.4e-05,172.217.194.0-255,2902,4671,36,264090
2873,3.7e-05,172.31.33.0-255,66,4737,36,264090
2874,4.2e-05,172.217.194.0-255,2902,7639,36,264090
2875,4.4e-05,172.31.33.0-255,66,7705,36,264090
2876,6.8e-05,172.217.194.0-255,4320,12025,36,264090
2877,7e-05,172.31.33.0-255,66,12091,36,264090
2878,7.4e-05,172.217.194.0-255,2094,14185,36,264090
2879,7.6e-05,172.31.33.0-255,66,14251,36,264090
2880,0.00014,172.217.194.0-255,1484,15735,36,264090
2881,0.000142,172.31.33.0-255,66,15801,36,264090
2882,0.000147,172.217.194.0-255,2902,18703,36,264090
2883,0.000149,172.31.33.0-255,66,18769,36,264090
2884,0.000152,172.217.194.0-255,1484,20253,36,264090
2885,0.000153,172.31.33.0-255,66,20319,36,264090
2886,0.000179,172.217.194.0-255,4320,24639,36,264090
2887,0.000181,172.31.33.0-255,66,24705,36,264090
2888,0.000187,172.217.194.0-255,6797,31502,36,264090
2889,0.000189,172.31.33.0-255,66,31568,36,264090
2890,0.000489,172.217.194.0-255,1484,33052,36,264090
2891,0.000495,172.31.33.0-255,66,33118,36,264090
2892,0.0005,172.217.194.0-255,2902,36020,36,264090
2893,0.000502,172.31.33.0-255,66,36086,36,264090
2894,0.000507,172.217.194.0-255,2902,38988,36,264090
2895,0.000509,172.31.33.0-255,66,39054,36,264090
2896,0.000529,172.217.194.0-255,2902,41956,36,264090
2897,0.000532,172.31.33.0-255,66,42022,36,264090
2898,0.000573,172.31.33.0-255,66,42088,36,264090
2899,0.000592,172.217.194.0-255,5379,47467,36,264090
2900,0.000596,172.31.33.0-255,66,47533,36,264090
2901,0.000635,172.31.33.0-255,66,47599,36,264090
2902,0.000638,172.217.194.0-255,385,47984,36,264090
2903,0.000861,172.217.194.0-255,1484,49468,36,264090
2904,0.000867,172.31.33.0-255,66,49534,36,264090
2905,0.000873,172.217.194.0-255,2902,52436,36,264090
2906,0.000875,172.31.33.0-255,66,52502,36,264090
2907,0.000906,172.217.194.0-255,5738,58240,36,264090
2908,0.000909,172.31.33.0-255,66,58306,36,264090
2909,0.00093,172.217.194.0-255,4320,62626,36,264090
2910,0.000932,172.31.33.0-255,66,62692,36,264090
2911,0.000939,172.217.194.0-255,5738,68430,36,264090
2912,0.000941,172.31.33.0-255,66,68496,36,264090
2913,0.000968,172.217.194.0-255,4320,72816,36,264090
2914,0.00097,172.31.33.0-255,66,72882,36,264090
2915,0.000993,172.217.194.0-255,5738,78620,36,264090
2916,0.000995,172.31.33.0-255,66,78686,36,264090
2917,0.001037,172.217.194.0-255,3602,82288,36,264090
2918,0.001039,172.31.33.0-255,66,82354,36,264090
2919,0.001082,172.217.194.0-255,1484,83838,36,264090
2920,0.001088,172.217.194.0-255,2902,86740,36,264090
2921,0.00109,172.31.33.0-255,66,86806,36,264090
2922,0.001128,172.217.194.0-255,1484,88290,36,264090
2923,0.001146,172.217.194.0-255,4320,92610,36,264090
2924,0.001149,172.31.33.0-255,66,92676,36,264090
2925,0.001156,172.217.194.0-255,7156,99832,36,264090
2926,0.001159,172.31.33.0-255,66,99898,36,264090
2927,0.001161,172.217.194.0-255,1484,101382,36,264090
2928,0.001199,172.217.194.0-255,7156,108538,36,264090
2929,0.001203,172.31.33.0-255,66,108604,36,264090
2930,0.001222,172.217.194.0-255,5738,114342,36,264090
2931,0.001226,172.31.33.0-255,66,114408,36,264090
2932,0.001242,172.217.194.0-255,2184,116592,36,264090
2933,0.001244,172.31.33.0-255,66,116658,36,264090
2934,0.001275,172.217.194.0-255,1484,118142,36,264090
2935,0.001295,172.217.194.0-255,2902,121044,36,264090
2936,0.001298,172.31.33.0-255,66,121110,36,264090
2937,0.001301,172.217.194.0-255,1484,122594,36,264090
2938,0.001319,172.217.194.0-255,4320,126914,36,264090
2939,0.001322,172.217.194.0-255,2902,129816,36,264090
2940,0.001326,172.31.33.0-255,66,129882,36,264090
2941,0.001329,172.31.33.0-255,66,129948,36,264090
2942,0.001338,172.217.194.0-255,1484,131432,36,264090
2943,0.001351,172.217.194.0-255,2902,134334,36,264090
2944,0.001354,172.31.33.0-255,66,134400,36,264090
2945,0.001379,172.31.33.0-255,66,134466,36,264090
2946,0.001389,172.31.33.0-255,66,134532,36,264090
2947,0.00148,172.217.194.0-255,1484,136016,36,264090
2948,0.001493,172.217.194.0-255,2902,138918,36,264090
2949,0.001496,172.31.33.0-255,66,138984,36,264090
2950,0.001517,172.217.194.0-255,5738,144722,36,264090
2951,0.00152,172.31.33.0-255,66,144788,36,264090
2952,0.001525,172.217.194.0-255,2902,147690,36,264090
2953,0.001527,172.31.33.0-255,66,147756,36,264090
2954,0.001541,172.217.194.0-255,2902,150658,36,264090
2955,0.001543,172.31.33.0-255,66,150724,36,264090
2956,0.001585,172.31.33.0-255,66,150790,36,264090
2957,0.001609,172.217.194.0-255,4320,155110,36,264090
2958,0.001612,172.31.33.0-255,66,155176,36,264090
2959,0.001618,172.217.194.0-255,5020,160196,36,264090
2960,0.00162,172.31.33.0-255,66,160262,36,264090
2961,0.001655,172.217.194.0-255,4320,164582,36,264090
2962,0.001658,172.31.33.0-255,66,164648,36,264090
2963,0.00169,172.31.33.0-255,66,164714,36,264090
2964,0.001701,172.31.33.0-255,66,164780,36,264090
2965,0.00172,172.217.194.0-255,7156,171936,36,264090
2966,0.001723,172.31.33.0-255,66,172002,36,264090
2967,0.001725,172.217.194.0-255,766,172768,36,264090
2968,0.00183,172.217.194.0-255,1484,174252,36,264090
2969,0.001834,172.31.33.0-255,66,174318,36,264090
2970,0.001838,172.217.194.0-255,2902,177220,36,264090
2971,0.00184,172.31.33.0-255,66,177286,36,264090
2972,0.001852,172.217.194.0-255,2902,180188,36,264090
2973,0.001854,172.31.33.0-255,66,180254,36,264090
2974,0.001876,172.217.194.0-255,2902,183156,36,264090
2975,0.001878,172.31.33.0-255,66,183222,36,264090
2976,0.001905,172.217.194.0-255,5738,188960,36,264090
2977,0.001907,172.31.33.0-255,66,189026,36,264090
2978,0.001926,172.217.194.0-255,5738,194764,36,264090
2979,0.001928,172.31.33.0-255,66,194830,36,264090
2980,0.001949,172.217.194.0-255,1484,196314,36,264090
2981,0.001954,172.217.194.0-255,4320,200634,36,264090
2982,0.001956,172.31.33.0-255,66,200700,36,264090
2983,0.001961,172.217.194.0-255,5738,206438,36,264090
2984,0.001964,172.31.33.0-255,66,206504,36,264090
2985,0.001984,172.217.194.0-255,766,207270,36,264090
2986,0.002072,172.217.194.0-255,1484,208754,36,264090
2987,0.002076,172.31.33.0-255,66,208820,36,264090
2988,0.00208,172.217.194.0-255,2902,211722,36,264090
2989,0.002082,172.31.33.0-255,66,211788,36,264090
2990,0.002106,172.217.194.0-255,5738,217526,36,264090
2991,0.002108,172.31.33.0-255,66,217592,36,264090
2992,0.002165,172.31.33.0-255,66,217658,36,264090
2993,0.004248,172.217.194.0-255,5738,223396,36,264090
2994,0.004252,172.31.33.0-255,66,223462,36,264090
2995,0.006356,172.217.194.0-255,5738,229200,36,264090
2996,0.006374,172.31.33.0-255,66,229266,36,264090
2997,0.008463,172.217.194.0-255,5738,235004,36,264090
2998,0.00848,172.31.33.0-255,66,235070,36,264090
2999,0.010609,172.217.194.0-255,5738,240808,36,264090
3000,0.010623,172.31.33.0-255,66,240874,36,264090
3001,0.012696,172.217.194.0-255,5738,246612,36,264090
3002,0.01271,172.31.33.0-255,66,246678,36,264090
3003,0.014771,172.217.194.0-255,5738,252416,36,264090
3004,0.014774,172.31.33.0-255,66,252482,36,264090
3005,0.016858,172.217.194.0-255,5738,258220,36,264090
3006,0.016863,172.31.33.0-255,66,258286,36,264090
3007,0.018953,172.217.194.0-255,5738,264024,36,264090
3008,0.01896,172.31.33.0-255,66,264090,36,264090
3009,0.0,74.125.130.0-255,296,296,36,180166
3010,1.9e-05,172.31.33.0-255,66,362,36,180166
3011,2.5e-05,74.125.130.0-255,1484,1846,36,180166
3012,2.9e-05,172.31.33.0-255,66,1912,36,180166
3013,5.3e-05,74.125.130.0-255,4320,6232,36,180166
3014,5.5e-05,172.31.33.0-255,66,6298,36,180166
3015,5.9e-05,74.125.130.0-255,1484,7782,36,180166
3016,6.2e-05,172.31.33.0-255,66,7848,36,180166
3017,8.9e-05,74.125.130.0-255,4320,12168,36,180166
3018,9.1e-05,172.31.33.0-255,66,12234,36,180166
3019,9.5e-05,74.125.130.0-255,1484,13718,36,180166
3020,9.6e-05,172.31.33.0-255,66,13784,36,180166
3021,0.000121,74.125.130.0-255,1798,15582,36,180166
3022,0.000123,172.31.33.0-255,66,15648,36,180166
3023,0.000148,74.125.130.0-255,5738,21386,36,180166
3024,0.00015,172.31.33.0-255,66,21452,36,180166
3025,0.000155,74.125.130.0-255,4320,25772,36,180166
3026,0.000157,172.31.33.0-255,66,25838,36,180166
3027,0.000163,74.125.130.0-255,4320,30158,36,180166
3028,0.000166,172.31.33.0-255,66,30224,36,180166
3029,0.000188,74.125.130.0-255,1125,31349,36,180166
3030,0.000191,172.31.33.0-255,66,31415,36,180166
3031,0.000295,74.125.130.0-255,1484,32899,36,180166
3032,0.000299,172.31.33.0-255,66,32965,36,180166
3033,0.000305,74.125.130.0-255,2902,35867,36,180166
3034,0.000307,172.31.33.0-255,66,35933,36,180166
3035,0.00032,74.125.130.0-255,2902,38835,36,180166
3036,0.000323,172.31.33.0-255,66,38901,36,180166
3037,0.000329,74.125.130.0-255,4320,43221,36,180166
3038,0.000331,172.31.33.0-255,66,43287,36,180166
3039,0.00038,172.31.33.0-255,66,43353,36,180166
3040,0.000385,74.125.130.0-255,4320,47673,36,180166
3041,0.000387,172.31.33.0-255,66,47739,36,180166
3042,0.00039,74.125.130.0-255,1484,49223,36,180166
3043,0.000412,74.125.130.0-255,4320,53543,36,180166
3044,0.000415,172.31.33.0-255,66,53609,36,180166
3045,0.00042,74.125.130.0-255,3602,57211,36,180166
3046,0.000448,74.125.130.0-255,343,57554,36,180166
3047,0.000477,74.125.130.0-255,116,57670,36,180166
3048,0.000532,172.31.33.0-255,66,57736,36,180166
3049,0.000552,74.125.130.0-255,1484,59220,36,180166
3050,0.00057,74.125.130.0-255,2902,62122,36,180166
3051,0.000583,74.125.130.0-255,1484,63606,36,180166
3052,0.000593,172.31.33.0-255,66,63672,36,180166
3053,0.000607,74.125.130.0-255,4320,67992,36,180166
3054,0.000611,74.125.130.0-255,1484,69476,36,180166
3055,0.000615,74.125.130.0-255,2902,72378,36,180166
3056,0.000636,172.31.33.0-255,66,72444,36,180166
3057,0.000668,74.125.130.0-255,2278,74722,36,180166
3058,0.000674,172.31.33.0-255,66,74788,36,180166
3059,0.00134,74.125.130.0-255,1484,76272,36,180166
3060,0.001348,74.125.130.0-255,2902,79174,36,180166
3061,0.001352,172.31.33.0-255,66,79240,36,180166
3062,0.001374,74.125.130.0-255,4320,83560,36,180166
3063,0.001377,172.31.33.0-255,66,83626,36,180166
3064,0.001382,74.125.130.0-255,2902,86528,36,180166
3065,0.001384,172.31.33.0-255,66,86594,36,180166
3066,0.001398,74.125.130.0-255,2902,89496,36,180166
3067,0.0014,172.31.33.0-255,66,89562,36,180166
3068,0.001408,74.125.130.0-255,7156,96718,36,180166
3069,0.00141,172.31.33.0-255,66,96784,36,180166
3070,0.001425,74.125.130.0-255,4320,101104,36,180166
3071,0.001427,172.31.33.0-255,66,101170,36,180166
3072,0.001432,74.125.130.0-255,4320,105490,36,180166
3073,0.001434,172.31.33.0-255,66,105556,36,180166
3074,0.001468,74.125.130.0-255,3602,109158,36,180166
3075,0.00147,172.31.33.0-255,66,109224,36,180166
3076,0.002275,74.125.130.0-255,1484,110708,36,180166
3077,0.00229,74.125.130.0-255,2902,113610,36,180166
3078,0.002295,172.31.33.0-255,66,113676,36,180166
3079,0.002325,74.125.130.0-255,4320,117996,36,180166
3080,0.002328,172.31.33.0-255,66,118062,36,180166
3081,0.002354,74.125.130.0-255,4320,122382,36,180166
3082,0.002356,172.31.33.0-255,66,122448,36,180166
3083,0.002371,74.125.130.0-255,1484,123932,36,180166
3084,0.002376,74.125.130.0-255,2902,126834,36,180166
3085,0.002378,172.31.33.0-255,66,126900,36,180166
3086,0.0024,74.125.130.0-255,4320,131220,36,180166
3087,0.002402,172.31.33.0-255,66,131286,36,180166
3088,0.002407,74.125.130.0-255,4320,135606,36,180166
3089,0.002409,172.31.33.0-255,66,135672,36,180166
3090,0.002415,74.125.130.0-255,5738,141410,36,180166
3091,0.00245,74.125.130.0-255,2184,143594,36,180166
3092,0.002546,74.125.130.0-255,1484,145078,36,180166
3093,0.00256,74.125.130.0-255,1484,146562,36,180166
3094,0.002573,74.125.130.0-255,1484,148046,36,180166
3095,0.002575,74.125.130.0-255,1484,149530,36,180166
3096,0.002596,74.125.130.0-255,4320,153850,36,180166
3097,0.002615,74.125.130.0-255,1484,155334,36,180166
3098,0.002627,74.125.130.0-255,4320,159654,36,180166
3099,0.002641,74.125.130.0-255,1484,161138,36,180166
3100,0.002652,74.125.130.0-255,1484,162622,36,180166
3101,0.010948,172.31.33.0-255,66,162688,36,180166
3102,0.013434,74.125.130.0-255,1484,164172,36,180166
3103,0.013567,74.125.130.0-255,4320,168492,36,180166
3104,0.013572,172.31.33.0-255,66,168558,36,180166
3105,0.016222,74.125.130.0-255,5738,174296,36,180166
3106,0.01623,172.31.33.0-255,66,174362,36,180166
3107,0.018874,74.125.130.0-255,5738,180100,36,180166
3108,0.01888,172.31.33.0-255,66,180166,36,180166
3109,0.0,172.217.194.0-255,153,153,36,170157
3110,3.3e-05,172.31.33.0-255,66,219,36,170157
3111,4e-05,172.217.194.0-255,1484,1703,36,170157
3112,4.4e-05,172.31.33.0-255,66,1769,36,170157
3113,4.9e-05,172.217.194.0-255,2902,4671,36,170157
3114,5.1e-05,172.31.33.0-255,66,4737,36,170157
3115,5.6e-05,172.217.194.0-255,2902,7639,36,170157
3116,5.9e-05,172.31.33.0-255,66,7705,36,170157
3117,8.4e-05,172.217.194.0-255,4320,12025,36,170157
3118,8.7e-05,172.31.33.0-255,66,12091,36,170157
3119,9.2e-05,172.217.194.0-255,3477,15568,36,170157
3120,9.4e-05,172.31.33.0-255,66,15634,36,170157
3121,0.000142,172.31.33.0-255,66,15700,36,170157
3122,0.000155,172.217.194.0-255,1484,17184,36,170157
3123,0.000158,172.31.33.0-255,66,17250,36,170157
3124,0.000163,172.217.194.0-255,2543,19793,36,170157
3125,0.000165,172.31.33.0-255,66,19859,36,170157
3126,0.000168,172.217.194.0-255,1484,21343,36,170157
3127,0.000171,172.31.33.0-255,66,21409,36,170157
3128,0.000176,172.217.194.0-255,2902,24311,36,170157
3129,0.000178,172.31.33.0-255,66,24377,36,170157
3130,0.000184,172.217.194.0-255,5738,30115,36,170157
3131,0.000186,172.31.33.0-255,66,30181,36,170157
3132,0.000219,172.31.33.0-255,66,30247,36,170157
3133,0.000225,172.217.194.0-255,4320,34567,36,170157
3134,0.000228,172.31.33.0-255,66,34633,36,170157
3135,0.000246,172.217.194.0-255,5629,40262,36,170157
3136,0.000249,172.31.33.0-255,66,40328,36,170157
3137,0.000251,172.217.194.0-255,116,40444,36,170157
3138,0.000254,172.31.33.0-255,66,40510,36,170157
3139,0.000257,172.217.194.0-255,385,40895,36,170157
3140,0.000637,172.217.194.0-255,1484,42379,36,170157
3141,0.000642,172.31.33.0-255,66,42445,36,170157
3142,0.000648,172.217.194.0-255,2902,45347,36,170157
3143,0.00065,172.31.33.0-255,66,45413,36,170157
3144,0.000665,172.217.194.0-255,2902,48315,36,170157
3145,0.000669,172.31.33.0-255,66,48381,36,170157
3146,0.000694,172.217.194.0-255,2902,51283,36,170157
3147,0.000697,172.31.33.0-255,66,51349,36,170157
3148,0.000708,172.31.33.0-255,66,51415,36,170157
3149,0.000742,172.31.33.0-255,66,51481,36,170157
3150,0.000759,172.217.194.0-255,2184,53665,36,170157
3151,0.000762,172.31.33.0-255,66,53731,36,170157
3152,0.000974,172.217.194.0-255,1484,55215,36,170157
3153,0.000981,172.217.194.0-255,2902,58117,36,170157
3154,0.000983,172.217.194.0-255,1484,59601,36,170157
3155,0.000985,172.31.33.0-255,66,59667,36,170157
3156,0.001007,172.217.194.0-255,4320,63987,36,170157
3157,0.00101,172.31.33.0-255,66,64053,36,170157
3158,0.001032,172.217.194.0-255,4320,68373,36,170157
3159,0.001036,172.31.33.0-255,66,68439,36,170157
3160,0.001053,172.31.33.0-255,66,68505,36,170157
3161,0.001062,172.31.33.0-255,66,68571,36,170157
3162,0.001108,172.217.194.0-255,1484,70055,36,170157
3163,0.001113,172.217.194.0-255,2902,72957,36,170157
3164,0.001117,172.31.33.0-255,66,73023,36,170157
3165,0.00113,172.217.194.0-255,2902,75925,36,170157
3166,0.001133,172.31.33.0-255,66,75991,36,170157
3167,0.001146,172.217.194.0-255,2902,78893,36,170157
3168,0.001149,172.217.194.0-255,1484,80377,36,170157
3169,0.00115,172.31.33.0-255,66,80443,36,170157
3170,0.001153,172.217.194.0-255,4320,84763,36,170157
3171,0.001155,172.31.33.0-255,66,84829,36,170157
3172,0.00119,172.31.33.0-255,66,84895,36,170157
3173,0.001201,172.31.33.0-255,66,84961,36,170157
3174,0.001484,172.217.194.0-255,1484,86445,36,170157
3175,0.001489,172.217.194.0-255,2902,89347,36,170157
3176,0.001492,172.31.33.0-255,66,89413,36,170157
3177,0.001496,172.217.194.0-255,2902,92315,36,170157
3178,0.001499,172.31.33.0-255,66,92381,36,170157
3179,0.001512,172.217.194.0-255,2902,95283,36,170157
3180,0.001515,172.31.33.0-255,66,95349,36,170157
3181,0.00153,172.217.194.0-255,5738,101087,36,170157
3182,0.001534,172.31.33.0-255,66,101153,36,170157
3183,0.001563,172.217.194.0-255,7156,108309,36,170157
3184,0.001566,172.31.33.0-255,66,108375,36,170157
3185,0.001575,172.31.33.0-255,66,108441,36,170157
3186,0.001596,172.217.194.0-255,4320,112761,36,170157
3187,0.001599,172.31.33.0-255,66,112827,36,170157
3188,0.001653,172.31.33.0-255,66,112893,36,170157
3189,0.001678,172.217.194.0-255,3602,116495,36,170157
3190,0.001681,172.31.33.0-255,66,116561,36,170157
3191,0.001697,172.31.33.0-255,66,116627,36,170157
3192,0.001701,172.217.194.0-255,2184,118811,36,170157
3193,0.001703,172.31.33.0-255,66,118877,36,170157
3194,0.001718,172.31.33.0-255,66,118943,36,170157
3195,0.001747,172.31.33.0-255,66,119009,36,170157
3196,0.00176,172.31.33.0-255,66,119075,36,170157
3197,0.001939,172.217.194.0-255,1484,120559,36,170157
3198,0.001944,172.217.194.0-255,1484,122043,36,170157
3199,0.001947,172.31.33.0-255,66,122109,36,170157
3200,0.001968,172.217.194.0-255,1484,123593,36,170157
3201,0.001974,172.217.194.0-255,5738,129331,36,170157
3202,0.001977,172.31.33.0-255,66,129397,36,170157
3203,0.002007,172.31.33.0-255,66,129463,36,170157
3204,0.002018,172.31.33.0-255,66,129529,36,170157
3205,0.00436,172.217.194.0-255,5738,135267,36,170157
3206,0.004366,172.31.33.0-255,66,135333,36,170157
3207,0.006694,172.217.194.0-255,5738,141071,36,170157
3208,0.0067,172.31.33.0-255,66,141137,36,170157
3209,0.009031,172.217.194.0-255,5738,146875,36,170157
3210,0.009038,172.31.33.0-255,66,146941,36,170157
3211,0.011405,172.217.194.0-255,5738,152679,36,170157
3212,0.011412,172.31.33.0-255,66,152745,36,170157
3213,0.013761,172.217.194.0-255,5738,158483,36,170157
3214,0.013769,172.31.33.0-255,66,158549,36,170157
3215,0.016104,172.217.194.0-255,5738,164287,36,170157
3216,0.016112,172.31.33.0-255,66,164353,36,170157
3217,0.018461,172.217.194.0-255,5738,170091,36,170157
3218,0.018467,172.31.33.0-255,66,170157,36,170157
3219,0.0,74.125.130.0-255,152,152,36,287179
3220,2.4e-05,172.31.33.0-255,66,218,36,287179
3221,4.5e-05,74.125.130.0-255,1484,1702,36,287179
3222,4.8e-05,172.31.33.0-255,66,1768,36,287179
3223,5.1e-05,74.125.130.0-255,1484,3252,36,287179
3224,5.3e-05,172.31.33.0-255,66,3318,36,287179
3225,7.1e-05,74.125.130.0-255,2902,6220,36,287179
3226,7.4e-05,172.31.33.0-255,66,6286,36,287179
3227,0.000103,74.125.130.0-255,5738,12024,36,287179
3228,0.000105,172.31.33.0-255,66,12090,36,287179
3229,0.000109,74.125.130.0-255,1958,14048,36,287179
3230,0.000111,172.31.33.0-255,66,14114,36,287179
3231,0.000151,74.125.130.0-255,1484,15598,36,287179
3232,0.000156,172.31.33.0-255,66,15664,36,287179
3233,0.000159,74.125.130.0-255,1484,17148,36,287179
3234,0.000161,172.31.33.0-255,66,17214,36,287179
3235,0.000174,74.125.130.0-255,1484,18698,36,287179
3236,0.000177,172.31.33.0-255,66,18764,36,287179
3237,0.000182,74.125.130.0-255,5738,24502,36,287179
3238,0.000184,172.31.33.0-255,66,24568,36,287179
3239,0.00022,172.31.33.0-255,66,24634,36,287179
3240,0.000224,74.125.130.0-255,2902,27536,36,287179
3241,0.000226,172.31.33.0-255,66,27602,36,287179
3242,0.000242,74.125.130.0-255,7156,34758,36,287179
3243,0.000245,172.31.33.0-255,66,34824,36,287179
3244,0.000264,74.125.130.0-255,5020,39844,36,287179
3245,0.000267,172.31.33.0-255,66,39910,36,287179
3246,0.000348,74.125.130.0-255,1484,41394,36,287179
3247,0.000351,172.31.33.0-255,66,41460,36,287179
3248,0.000364,74.125.130.0-255,2902,44362,36,287179
3249,0.000367,172.31.33.0-255,66,44428,36,287179
3250,0.00037,74.125.130.0-255,1484,45912,36,287179
3251,0.0004,74.125.130.0-255,4320,50232,36,287179
3252,0.000403,172.31.33.0-255,66,50298,36,287179
3253,0.000408,74.125.130.0-255,4320,54618,36,287179
3254,0.00041,172.31.33.0-255,66,54684,36,287179
3255,0.000423,74.125.130.0-255,3125,57809,36,287179
3256,0.000427,172.31.33.0-255,66,57875,36,287179
3257,0.000504,74.125.130.0-255,1484,59359,36,287179
3258,0.000516,74.125.130.0-255,2902,62261,36,287179
3259,0.000519,172.31.33.0-255,66,62327,36,287179
3260,0.000538,74.125.130.0-255,5738,68065,36,287179
3261,0.00054,172.31.33.0-255,66,68131,36,287179
3262,0.000564,74.125.130.0-255,6797,74928,36,287179
3263,0.000567,172.31.33.0-255,66,74994,36,287179
3264,0.000585,74.125.130.0-255,5738,80732,36,287179
3265,0.000588,172.31.33.0-255,66,80798,36,287179
3266,0.000606,74.125.130.0-255,1484,82282,36,287179
3267,0.000611,74.125.130.0-255,4320,86602,36,287179
3268,0.000613,172.31.33.0-255,66,86668,36,287179
3269,0.000634,74.125.130.0-255,5379,92047,36,287179
3270,0.000636,172.31.33.0-255,66,92113,36,287179
3271,0.001087,74.125.130.0-255,1484,93597,36,287179
3272,0.001095,74.125.130.0-255,2902,96499,36,287179
3273,0.001099,172.31.33.0-255,66,96565,36,287179
3274,0.00111,74.125.130.0-255,1484,98049,36,287179
3275,0.001125,74.125.130.0-255,1484,99533,36,287179
3276,0.001127,172.31.33.0-255,66,99599,36,287179
3277,0.00113,74.125.130.0-255,1484,101083,36,287179
3278,0.001143,74.125.130.0-255,2902,103985,36,287179
3279,0.001145,172.31.33.0-255,66,104051,36,287179
3280,0.001171,74.125.130.0-255,7156,111207,36,287179
3281,0.001173,172.31.33.0-255,66,111273,36,287179
3282,0.001197,172.31.33.0-255,66,111339,36,287179
3283,0.001219,74.125.130.0-255,6438,117777,36,287179
3284,0.001221,172.31.33.0-255,66,117843,36,287179
3285,0.001353,74.125.130.0-255,1484,119327,36,287179
3286,0.00136,74.125.130.0-255,2902,122229,36,287179
3287,0.001363,172.31.33.0-255,66,122295,36,287179
3288,0.001368,74.125.130.0-255,2902,125197,36,287179
3289,0.00137,172.31.33.0-255,66,125263,36,287179
3290,0.001381,74.125.130.0-255,1484,126747,36,287179
3291,0.001406,172.31.33.0-255,66,126813,36,287179
3292,0.00141,74.125.130.0-255,1484,128297,36,287179
3293,0.001424,74.125.130.0-255,2902,131199,36,287179
3294,0.001426,172.31.33.0-255,66,131265,36,287179
3295,0.001431,74.125.130.0-255,5738,137003,36,287179
3296,0.001433,172.31.33.0-255,66,137069,36,287179
3297,0.001468,74.125.130.0-255,6438,143507,36,287179
3298,0.00147,172.31.33.0-255,66,143573,36,287179
3299,0.00169,74.125.130.0-255,1484,145057,36,287179
3300,0.001699,74.125.130.0-255,2902,147959,36,287179
3301,0.001701,172.31.33.0-255,66,148025,36,287179
3302,0.001717,74.125.130.0-255,2902,150927,36,287179
3303,0.001718,172.31.33.0-255,66,150993,36,287179
3304,0.001722,74.125.130.0-255,2902,153895,36,287179
3305,0.001725,172.31.33.0-255,66,153961,36,287179
3306,0.001733,74.125.130.0-255,1484,155445,36,287179
3307,0.00179,172.31.33.0-255,66,155511,36,287179
3308,0.001795,74.125.130.0-255,7156,162667,36,287179
3309,0.001797,172.31.33.0-255,66,162733,36,287179
3310,0.00182,74.125.130.0-255,2902,165635,36,287179
3311,0.001822,172.31.33.0-255,66,165701,36,287179
3312,0.001839,74.125.130.0-255,3602,169303,36,287179
3313,0.001841,172.31.33.0-255,66,169369,36,287179
3314,0.001929,74.125.130.0-255,1484,170853,36,287179
3315,0.001942,74.125.130.0-255,2902,173755,36,287179
3316,0.001945,172.31.33.0-255,66,173821,36,287179
3317,0.001961,74.125.130.0-255,2902,176723,36,287179
3318,0.001963,172.31.33.0-255,66,176789,36,287179
3319,0.001978,74.125.130.0-255,2902,179691,36,287179
3320,0.00198,172.31.33.0-255,66,179757,36,287179
3321,0.001983,74.125.130.0-255,1484,181241,36,287179
3322,0.001987,74.125.130.0-255,2902,184143,36,287179
3323,0.00199,172.31.33.0-255,66,184209,36,287179
3324,0.001995,74.125.130.0-255,4320,188529,36,287179
3325,0.001998,172.31.33.0-255,66,188595,36,287179
3326,0.002017,74.125.130.0-255,1484,190079,36,287179
3327,0.002023,74.125.130.0-255,4320,194399,36,287179
3328,0.002025,172.31.33.0-255,66,194465,36,287179
3329,0.002047,74.125.130.0-255,7156,201621,36,287179
3330,0.002049,172.31.33.0-255,66,201687,36,287179
3331,0.002066,74.125.130.0-255,5738,207425,36,287179
3332,0.002068,172.31.33.0-255,66,207491,36,287179
3333,0.002085,74.125.130.0-255,6438,213929,36,287179
3334,0.002094,74.125.130.0-255,4320,218249,36,287179
3335,0.002141,74.125.130.0-255,4320,222569,36,287179
3336,0.00218,74.125.130.0-255,2902,225471,36,287179
3337,0.002224,74.125.130.0-255,5738,231209,36,287179
3338,0.002247,74.125.130.0-255,7156,238365,36,287179
3339,0.002251,74.125.130.0-255,2902,241267,36,287179
3340,0.002277,74.125.130.0-255,4320,245587,36,287179
3341,0.00228,74.125.130.0-255,1484,247071,36,287179
3342,0.002293,74.125.130.0-255,766,247837,36,287179
3343,0.003557,172.31.33.0-255,66,247903,36,287179
3344,0.005812,74.125.130.0-255,4320,252223,36,287179
3345,0.005817,172.31.33.0-255,66,252289,36,287179
3346,0.005834,74.125.130.0-255,1484,253773,36,287179
3347,0.008073,74.125.130.0-255,4320,258093,36,287179
3348,0.008079,172.31.33.0-255,66,258159,36,287179
3349,0.010429,74.125.130.0-255,5738,263897,36,287179
3350,0.010436,172.31.33.0-255,66,263963,36,287179
3351,0.012696,74.125.130.0-255,5738,269701,36,287179
3352,0.012704,172.31.33.0-255,66,269767,36,287179
3353,0.014971,74.125.130.0-255,5738,275505,36,287179
3354,0.01498,172.31.33.0-255,66,275571,36,287179
3355,0.017242,74.125.130.0-255,5738,281309,36,287179
3356,0.017249,172.31.33.0-255,66,281375,36,287179
3357,0.019505,74.125.130.0-255,5738,287113,36,287179
3358,0.019511,172.31.33.0-255,66,287179,36,287179
3359,0.0,172.217.194.0-255,153,153,36,149029
3360,2e-05,172.31.33.0-255,66,219,36,149029
3361,2.7e-05,172.217.194.0-255,1484,1703,36,149029
3362,3.1e-05,172.31.33.0-255,66,1769,36,149029
3363,3.7e-05,172.217.194.0-255,2902,4671,36,149029
3364,4.1e-05,172.31.33.0-255,66,4737,36,149029
3365,5.9e-05,172.217.194.0-255,1484,6221,36,149029
3366,6.1e-05,172.31.33.0-255,66,6287,36,149029
3367,8.3e-05,172.217.194.0-255,4320,10607,36,149029
3368,8.6e-05,172.31.33.0-255,66,10673,36,149029
3369,9e-05,172.217.194.0-255,4320,14993,36,149029
3370,9.3e-05,172.31.33.0-255,66,15059,36,149029
3371,0.000117,172.31.33.0-255,66,15125,36,149029
3372,0.000124,172.217.194.0-255,6797,21922,36,149029
3373,0.000126,172.31.33.0-255,66,21988,36,149029
3374,0.000471,172.217.194.0-255,1484,23472,36,149029
3375,0.000476,172.31.33.0-255,66,23538,36,149029
3376,0.000482,172.217.194.0-255,2902,26440,36,149029
3377,0.000484,172.31.33.0-255,66,26506,36,149029
3378,0.00049,172.217.194.0-255,4320,30826,36,149029
3379,0.000492,172.31.33.0-255,66,30892,36,149029
3380,0.000514,172.217.194.0-255,1484,32376,36,149029
3381,0.000516,172.31.33.0-255,66,32442,36,149029
3382,0.000523,172.217.194.0-255,6797,39239,36,149029
3383,0.000525,172.31.33.0-255,66,39305,36,149029
3384,0.000694,172.217.194.0-255,1484,40789,36,149029
3385,0.000697,172.31.33.0-255,66,40855,36,149029
3386,0.000702,172.217.194.0-255,2902,43757,36,149029
3387,0.000704,172.31.33.0-255,66,43823,36,149029
3388,0.000724,172.217.194.0-255,4320,48143,36,149029
3389,0.000726,172.31.33.0-255,66,48209,36,149029
3390,0.000775,172.31.33.0-255,66,48275,36,149029
3391,0.000815,172.31.33.0-255,66,48341,36,149029
3392,0.000838,172.31.33.0-255,66,48407,36,149029
3393,0.000885,172.217.194.0-255,5738,54145,36,149029
3394,0.000888,172.31.33.0-255,66,54211,36,149029
3395,0.000917,172.31.33.0-255,66,54277,36,149029
3396,0.001476,172.217.194.0-255,1484,55761,36,149029
3397,0.001485,172.217.194.0-255,2902,58663,36,149029
3398,0.001488,172.31.33.0-255,66,58729,36,149029
3399,0.001494,172.217.194.0-255,4320,63049,36,149029
3400,0.001496,172.31.33.0-255,66,63115,36,149029
3401,0.001506,172.217.194.0-255,1484,64599,36,149029
3402,0.001509,172.217.194.0-255,1484,66083,36,149029
3403,0.001511,172.31.33.0-255,66,66149,36,149029
3404,0.001543,172.31.33.0-255,66,66215,36,149029
3405,0.001554,172.31.33.0-255,66,66281,36,149029
3406,0.002065,172.217.194.0-255,1484,67765,36,149029
3407,0.002069,172.217.194.0-255,2902,70667,36,149029
3408,0.002071,172.31.33.0-255,66,70733,36,149029
3409,0.002095,172.217.194.0-255,5738,76471,36,149029
3410,0.002097,172.31.33.0-255,66,76537,36,149029
3411,0.00211,172.217.194.0-255,4320,80857,36,149029
3412,0.002112,172.31.33.0-255,66,80923,36,149029
3413,0.002132,172.217.194.0-255,2902,83825,36,149029
3414,0.002134,172.31.33.0-255,66,83891,36,149029
3415,0.002139,172.217.194.0-255,4320,88211,36,149029
3416,0.00214,172.31.33.0-255,66,88277,36,149029
3417,0.002162,172.31.33.0-255,66,88343,36,149029
3418,0.002166,172.217.194.0-255,2184,90527,36,149029
3419,0.002167,172.31.33.0-255,66,90593,36,149029
3420,0.00228,172.217.194.0-255,1484,92077,36,149029
3421,0.002292,172.217.194.0-255,2902,94979,36,149029
3422,0.002294,172.31.33.0-255,66,95045,36,149029
3423,0.002327,172.217.194.0-255,4320,99365,36,149029
3424,0.002329,172.31.33.0-255,66,99431,36,149029
3425,0.002351,172.217.194.0-255,1484,100915,36,149029
3426,0.002353,172.217.194.0-255,1484,102399,36,149029
3427,0.002355,172.31.33.0-255,66,102465,36,149029
3428,0.002368,172.31.33.0-255,66,102531,36,149029
3429,0.002431,172.217.194.0-255,1484,104015,36,149029
3430,0.002434,172.217.194.0-255,2902,106917,36,149029
3431,0.002449,172.217.194.0-255,4320,111237,36,149029
3432,0.002457,172.217.194.0-255,1484,112721,36,149029
3433,0.00246,172.217.194.0-255,1484,114205,36,149029
3434,0.002516,172.217.194.0-255,5738,119943,36,149029
3435,0.006848,172.31.33.0-255,66,120009,36,149029
3436,0.009429,172.217.194.0-255,5738,125747,36,149029
3437,0.009435,172.31.33.0-255,66,125813,36,149029
3438,0.012058,172.217.194.0-255,5738,131551,36,149029
3439,0.012065,172.31.33.0-255,66,131617,36,149029
3440,0.014675,172.217.194.0-255,5738,137355,36,149029
3441,0.014682,172.31.33.0-255,66,137421,36,149029
3442,0.017269,172.217.194.0-255,5738,143159,36,149029
3443,0.017281,172.31.33.0-255,66,143225,36,149029
3444,0.019879,172.217.194.0-255,5738,148963,36,149029
3445,0.019887,172.31.33.0-255,66,149029,36,149029
3446,0.0,74.125.24.0-255,153,153,36,226736
3447,1.9e-05,172.31.33.0-255,66,219,36,226736
3448,2.4e-05,74.125.24.0-255,1484,1703,36,226736
3449,2.7e-05,172.31.33.0-255,66,1769,36,226736
3450,4.8e-05,74.125.24.0-255,2902,4671,36,226736
3451,5.1e-05,172.31.33.0-255,66,4737,36,226736
3452,5.9e-05,74.125.24.0-255,4320,9057,36,226736
3453,6.1e-05,172.31.33.0-255,66,9123,36,226736
3454,8.7e-05,74.125.24.0-255,2902,12025,36,226736
3455,9e-05,172.31.33.0-255,66,12091,36,226736
3456,9.3e-05,74.125.24.0-255,2030,14121,36,226736
3457,9.5e-05,172.31.33.0-255,66,14187,36,226736
3458,0.000141,74.125.24.0-255,1484,15671,36,226736
3459,0.000144,172.31.33.0-255,66,15737,36,226736
3460,0.000147,74.125.24.0-255,1484,17221,36,226736
3461,0.000149,172.31.33.0-255,66,17287,36,226736
3462,0.000184,74.125.24.0-255,1484,18771,36,226736
3463,0.000186,172.31.33.0-255,66,18837,36,226736
3464,0.000192,74.125.24.0-255,5738,24575,36,226736
3465,0.000194,172.31.33.0-255,66,24641,36,226736
3466,0.000198,74.125.24.0-255,4320,28961,36,226736
3467,0.0002,172.31.33.0-255,66,29027,36,226736
3468,0.000225,74.125.24.0-255,2543,31570,36,226736
3469,0.000228,172.31.33.0-255,66,31636,36,226736
3470,0.000286,74.125.24.0-255,1484,33120,36,226736
3471,0.00029,172.31.33.0-255,66,33186,36,226736
3472,0.000295,74.125.24.0-255,2902,36088,36,226736
3473,0.000297,172.31.33.0-255,66,36154,36,226736
3474,0.000322,74.125.24.0-255,5738,41892,36,226736
3475,0.000325,172.31.33.0-255,66,41958,36,226736
3476,0.00033,74.125.24.0-255,4320,46278,36,226736
3477,0.000331,172.31.33.0-255,66,46344,36,226736
3478,0.000355,74.125.24.0-255,2543,48887,36,226736
3479,0.000357,172.31.33.0-255,66,48953,36,226736
3480,0.000364,74.125.24.0-255,7156,56109,36,226736
3481,0.000366,172.31.33.0-255,66,56175,36,226736
3482,0.000399,74.125.24.0-255,7156,63331,36,226736
3483,0.000402,172.31.33.0-255,66,63397,36,226736
3484,0.000406,74.125.24.0-255,2850,66247,36,226736
3485,0.000408,172.31.33.0-255,66,66313,36,226736
3486,0.000444,74.125.24.0-255,379,66692,36,226736
3487,0.000615,74.125.24.0-255,1484,68176,36,226736
3488,0.000618,172.31.33.0-255,66,68242,36,226736
3489,0.000623,74.125.24.0-255,2902,71144,36,226736
3490,0.000624,172.31.33.0-255,66,71210,36,226736
3491,0.00065,74.125.24.0-255,5738,76948,36,226736
3492,0.000653,172.31.33.0-255,66,77014,36,226736
3493,0.000656,74.125.24.0-255,1484,78498,36,226736
3494,0.000686,172.31.33.0-255,66,78564,36,226736
3495,0.000696,172.31.33.0-255,66,78630,36,226736
3496,0.000949,74.125.24.0-255,1484,80114,36,226736
3497,0.000956,74.125.24.0-255,2902,83016,36,226736
3498,0.000959,172.31.33.0-255,66,83082,36,226736
3499,0.000964,74.125.24.0-255,4320,87402,36,226736
3500,0.000966,172.31.33.0-255,66,87468,36,226736
3501,0.000982,74.125.24.0-255,1484,88952,36,226736
3502,0.000989,74.125.24.0-255,5738,94690,36,226736
3503,0.000991,172.31.33.0-255,66,94756,36,226736
3504,0.001017,74.125.24.0-255,2902,97658,36,226736
3505,0.00102,172.31.33.0-255,66,97724,36,226736
3506,0.001044,74.125.24.0-255,5738,103462,36,226736
3507,0.001046,172.31.33.0-255,66,103528,36,226736
3508,0.001077,172.31.33.0-255,66,103594,36,226736
3509,0.001378,74.125.24.0-255,1484,105078,36,226736
3510,0.001385,74.125.24.0-255,2902,107980,36,226736
3511,0.001389,172.31.33.0-255,66,108046,36,226736
3512,0.001393,74.125.24.0-255,1484,109530,36,226736
3513,0.001418,74.125.24.0-255,4320,113850,36,226736
3514,0.00142,172.31.33.0-255,66,113916,36,226736
3515,0.001426,74.125.24.0-255,5738,119654,36,226736
3516,0.001427,172.31.33.0-255,66,119720,36,226736
3517,0.001457,74.125.24.0-255,7156,126876,36,226736
3518,0.001458,172.31.33.0-255,66,126942,36,226736
3519,0.001469,172.31.33.0-255,66,127008,36,226736
3520,0.001533,74.125.24.0-255,1484,128492,36,226736
3521,0.001537,74.125.24.0-255,2902,131394,36,226736
3522,0.001539,172.31.33.0-255,66,131460,36,226736
3523,0.001543,74.125.24.0-255,4320,135780,36,226736
3524,0.001545,172.31.33.0-255,66,135846,36,226736
3525,0.001563,74.125.24.0-255,1484,137330,36,226736
3526,0.001574,74.125.24.0-255,4320,141650,36,226736
3527,0.001576,172.31.33.0-255,66,141716,36,226736
3528,0.001597,172.31.33.0-255,66,141782,36,226736
3529,0.001603,74.125.24.0-255,7156,148938,36,226736
3530,0.001605,172.31.33.0-255,66,149004,36,226736
3531,0.001627,74.125.24.0-255,3602,152606,36,226736
3532,0.001629,172.31.33.0-255,66,152672,36,226736
3533,0.001647,74.125.24.0-255,1484,154156,36,226736
3534,0.001651,74.125.24.0-255,2902,157058,36,226736
3535,0.001653,172.31.33.0-255,66,157124,36,226736
3536,0.001677,74.125.24.0-255,5738,162862,36,226736
3537,0.001679,172.31.33.0-255,66,162928,36,226736
3538,0.00169,74.125.24.0-255,2902,165830,36,226736
3539,0.001694,172.31.33.0-255,66,165896,36,226736
3540,0.001726,172.31.33.0-255,66,165962,36,226736
3541,0.001729,74.125.24.0-255,1484,167446,36,226736
3542,0.001749,74.125.24.0-255,4320,171766,36,226736
3543,0.001751,172.31.33.0-255,66,171832,36,226736
3544,0.001773,74.125.24.0-255,5020,176852,36,226736
3545,0.001775,172.31.33.0-255,66,176918,36,226736
3546,0.00184,74.125.24.0-255,1484,178402,36,226736
3547,0.001851,74.125.24.0-255,2902,181304,36,226736
3548,0.001853,172.31.33.0-255,66,181370,36,226736
3549,0.001877,74.125.24.0-255,5738,187108,36,226736
3550,0.001879,172.31.33.0-255,66,187174,36,226736
3551,0.001914,74.125.24.0-255,1484,188658,36,226736
3552,0.001939,172.31.33.0-255,66,188724,36,226736
3553,0.001948,172.31.33.0-255,66,188790,36,226736
3554,0.001955,74.125.24.0-255,2184,190974,36,226736
3555,0.001957,172.31.33.0-255,66,191040,36,226736
3556,0.002028,74.125.24.0-255,1484,192524,36,226736
3557,0.002046,74.125.24.0-255,2902,195426,36,226736
3558,0.00205,172.31.33.0-255,66,195492,36,226736
3559,0.002055,74.125.24.0-255,5738,201230,36,226736
3560,0.002057,172.31.33.0-255,66,201296,36,226736
3561,0.002078,74.125.24.0-255,5738,207034,36,226736
3562,0.002081,172.31.33.0-255,66,207100,36,226736
3563,0.002105,74.125.24.0-255,7156,214256,36,226736
3564,0.002108,172.31.33.0-255,66,214322,36,226736
3565,0.002118,172.31.33.0-255,66,214388,36,226736
3566,0.002155,74.125.24.0-255,5738,220126,36,226736
3567,0.002158,172.31.33.0-255,66,220192,36,226736
3568,0.002202,172.31.33.0-255,66,220258,36,226736
3569,0.00221,172.31.33.0-255,66,220324,36,226736
3570,0.002253,172.31.33.0-255,66,220390,36,226736
3571,0.002288,172.31.33.0-255,66,220456,36,226736
3572,0.002313,172.31.33.0-255,66,220522,36,226736
3573,0.002319,74.125.24.0-255,5806,226328,36,226736
3574,0.002321,172.31.33.0-255,66,226394,36,226736
3575,0.004563,74.125.24.0-255,105,226499,36,226736
3576,0.004625,172.31.33.0-255,66,226565,36,226736
3577,0.004649,172.31.33.0-255,105,226670,36,226736
3578,0.006884,74.125.24.0-255,66,226736,36,226736
3579,0.0,74.125.130.0-255,152,152,36,140967
3580,2.5e-05,172.31.33.0-255,66,218,36,140967
3581,3.2e-05,74.125.130.0-255,1484,1702,36,140967
3582,3.5e-05,172.31.33.0-255,66,1768,36,140967
3583,3.9e-05,74.125.130.0-255,1484,3252,36,140967
3584,4.1e-05,172.31.33.0-255,66,3318,36,140967
3585,7.6e-05,74.125.130.0-255,1484,4802,36,140967
3586,7.9e-05,172.31.33.0-255,66,4868,36,140967
3587,8.6e-05,74.125.130.0-255,5738,10606,36,140967
3588,8.8e-05,172.31.33.0-255,66,10672,36,140967
3589,9.4e-05,74.125.130.0-255,3393,14065,36,140967
3590,9.7e-05,172.31.33.0-255,66,14131,36,140967
3591,0.000141,74.125.130.0-255,1484,15615,36,140967
3592,0.000144,172.31.33.0-255,66,15681,36,140967
3593,0.000149,74.125.130.0-255,1484,17165,36,140967
3594,0.00015,172.31.33.0-255,66,17231,36,140967
3595,0.000173,74.125.130.0-255,1484,18715,36,140967
3596,0.000175,172.31.33.0-255,66,18781,36,140967
3597,0.000201,74.125.130.0-255,1484,20265,36,140967
3598,0.000204,172.31.33.0-255,66,20331,36,140967
3599,0.000214,74.125.130.0-255,2902,23233,36,140967
3600,0.000216,172.31.33.0-255,66,23299,36,140967
3601,0.000263,74.125.130.0-255,4320,27619,36,140967
3602,0.000268,172.31.33.0-255,66,27685,36,140967
3603,0.000297,74.125.130.0-255,3961,31646,36,140967
3604,0.0003,172.31.33.0-255,66,31712,36,140967
3605,0.000469,74.125.130.0-255,1484,33196,36,140967
3606,0.000473,172.31.33.0-255,66,33262,36,140967
3607,0.000504,74.125.130.0-255,1484,34746,36,140967
3608,0.000508,172.31.33.0-255,66,34812,36,140967
3609,0.000534,74.125.130.0-255,2902,37714,36,140967
3610,0.000537,172.31.33.0-255,66,37780,36,140967
3611,0.000541,74.125.130.0-255,1484,39264,36,140967
3612,0.000545,74.125.130.0-255,1484,40748,36,140967
3613,0.000547,172.31.33.0-255,66,40814,36,140967
3614,0.000575,74.125.130.0-255,1484,42298,36,140967
3615,0.000582,74.125.130.0-255,5738,48036,36,140967
3616,0.000584,172.31.33.0-255,66,48102,36,140967
3617,0.000587,74.125.130.0-255,1125,49227,36,140967
3618,0.000642,74.125.130.0-255,4320,53547,36,140967
3619,0.000645,172.31.33.0-255,66,53613,36,140967
3620,0.000673,74.125.130.0-255,4320,57933,36,140967
3621,0.000676,172.31.33.0-255,66,57999,36,140967
3622,0.000705,74.125.130.0-255,5738,63737,36,140967
3623,0.000708,172.31.33.0-255,66,63803,36,140967
3624,0.000735,74.125.130.0-255,2543,66346,36,140967
3625,0.000738,172.31.33.0-255,66,66412,36,140967
3626,0.001667,74.125.130.0-255,645,67057,36,140967
3627,0.002232,74.125.130.0-255,1484,68541,36,140967
3628,0.002236,172.31.33.0-255,66,68607,36,140967
3629,0.00224,74.125.130.0-255,1484,70091,36,140967
3630,0.002261,74.125.130.0-255,1484,71575,36,140967
3631,0.002262,172.31.33.0-255,66,71641,36,140967
3632,0.002265,74.125.130.0-255,1484,73125,36,140967
3633,0.002268,74.125.130.0-255,2902,76027,36,140967
3634,0.00227,172.31.33.0-255,66,76093,36,140967
3635,0.002298,74.125.130.0-255,5738,81831,36,140967
3636,0.0023,172.31.33.0-255,66,81897,36,140967
3637,0.002302,74.125.130.0-255,1484,83381,36,140967
3638,0.002326,74.125.130.0-255,7156,90537,36,140967
3639,0.002328,172.31.33.0-255,66,90603,36,140967
3640,0.00235,74.125.130.0-255,5738,96341,36,140967
3641,0.002352,172.31.33.0-255,66,96407,36,140967
3642,0.002375,74.125.130.0-255,4320,100727,36,140967
3643,0.002378,172.31.33.0-255,66,100793,36,140967
3644,0.00238,74.125.130.0-255,766,101559,36,140967
3645,0.002839,172.31.33.0-255,66,101625,36,140967
3646,0.004723,74.125.130.0-255,4320,105945,36,140967
3647,0.004727,172.31.33.0-255,66,106011,36,140967
3648,0.00518,74.125.130.0-255,1484,107495,36,140967
3649,0.00707,74.125.130.0-255,4320,111815,36,140967
3650,0.007077,172.31.33.0-255,66,111881,36,140967
3651,0.009433,74.125.130.0-255,5738,117619,36,140967
3652,0.00944,172.31.33.0-255,66,117685,36,140967
3653,0.011775,74.125.130.0-255,1484,119169,36,140967
3654,0.011796,74.125.130.0-255,4320,123489,36,140967
3655,0.0118,172.31.33.0-255,66,123555,36,140967
3656,0.014149,74.125.130.0-255,5738,129293,36,140967
3657,0.01416,172.31.33.0-255,66,129359,36,140967
3658,0.016514,74.125.130.0-255,5738,135097,36,140967
3659,0.016523,172.31.33.0-255,66,135163,36,140967
3660,0.018854,74.125.130.0-255,5738,140901,36,140967
3661,0.01886,172.31.33.0-255,66,140967,36,140967
3662,0.0,172.217.194.0-255,298,298,36,172714
3663,2.3e-05,172.31.33.0-255,66,364,36,172714
3664,2.8e-05,172.217.194.0-255,1484,1848,36,172714
3665,3.2e-05,172.31.33.0-255,66,1914,36,172714
3666,3.7e-05,172.217.194.0-255,4320,6234,36,172714
3667,3.9e-05,172.31.33.0-255,66,6300,36,172714
3668,7e-05,172.217.194.0-255,2902,9202,36,172714
3669,7.2e-05,172.31.33.0-255,66,9268,36,172714
3670,9.5e-05,172.217.194.0-255,4619,13887,36,172714
3671,9.7e-05,172.31.33.0-255,66,13953,36,172714
3672,0.000113,172.217.194.0-255,1484,15437,36,172714
3673,0.000115,172.31.33.0-255,66,15503,36,172714
3674,0.000139,172.217.194.0-255,7156,22659,36,172714
3675,0.000141,172.31.33.0-255,66,22725,36,172714
3676,0.000145,172.217.194.0-255,2902,25627,36,172714
3677,0.000147,172.31.33.0-255,66,25693,36,172714
3678,0.000186,172.217.194.0-255,2902,28595,36,172714
3679,0.000188,172.31.33.0-255,66,28661,36,172714
3680,0.000205,172.217.194.0-255,2543,31204,36,172714
3681,0.000207,172.31.33.0-255,66,31270,36,172714
3682,0.000266,172.217.194.0-255,1484,32754,36,172714
3683,0.000271,172.31.33.0-255,66,32820,36,172714
3684,0.000275,172.217.194.0-255,2902,35722,36,172714
3685,0.000277,172.31.33.0-255,66,35788,36,172714
3686,0.000292,172.217.194.0-255,5738,41526,36,172714
3687,0.000295,172.31.33.0-255,66,41592,36,172714
3688,0.000314,172.217.194.0-255,1484,43076,36,172714
3689,0.000316,172.31.33.0-255,66,43142,36,172714
3690,0.000335,172.31.33.0-255,66,43208,36,172714
3691,0.000352,172.217.194.0-255,2543,45751,36,172714
3692,0.000355,172.31.33.0-255,66,45817,36,172714
3693,0.000365,172.31.33.0-255,66,45883,36,172714
3694,0.000367,172.217.194.0-255,379,46262,36,172714
3695,0.000408,172.217.194.0-255,364,46626,36,172714
3696,0.000673,172.31.33.0-255,66,46692,36,172714
3697,0.000972,172.217.194.0-255,1484,48176,36,172714
3698,0.000989,172.217.194.0-255,2902,51078,36,172714
3699,0.000993,172.31.33.0-255,66,51144,36,172714
3700,0.000999,172.217.194.0-255,5738,56882,36,172714
3701,0.001001,172.31.33.0-255,66,56948,36,172714
3702,0.001021,172.217.194.0-255,4320,61268,36,172714
3703,0.001024,172.31.33.0-255,66,61334,36,172714
3704,0.001051,172.31.33.0-255,66,61400,36,172714
3705,0.001082,172.217.194.0-255,7156,68556,36,172714
3706,0.001085,172.31.33.0-255,66,68622,36,172714
3707,0.001106,172.217.194.0-255,3602,72224,36,172714
3708,0.001108,172.31.33.0-255,66,72290,36,172714
3709,0.001687,172.217.194.0-255,1484,73774,36,172714
3710,0.001694,172.217.194.0-255,2902,76676,36,172714
3711,0.001698,172.31.33.0-255,66,76742,36,172714
3712,0.001721,172.217.194.0-255,5738,82480,36,172714
3713,0.001722,172.31.33.0-255,66,82546,36,172714
3714,0.001728,172.217.194.0-255,7156,89702,36,172714
3715,0.00173,172.31.33.0-255,66,89768,36,172714
3716,0.001753,172.217.194.0-255,5738,95506,36,172714
3717,0.001755,172.31.33.0-255,66,95572,36,172714
3718,0.001758,172.217.194.0-255,1484,97056,36,172714
3719,0.001781,172.31.33.0-255,66,97122,36,172714
3720,0.002191,172.217.194.0-255,1484,98606,36,172714
3721,0.002194,172.217.194.0-255,1484,100090,36,172714
3722,0.002196,172.31.33.0-255,66,100156,36,172714
3723,0.002211,172.217.194.0-255,1484,101640,36,172714
3724,0.002213,172.217.194.0-255,1484,103124,36,172714
3725,0.002215,172.31.33.0-255,66,103190,36,172714
3726,0.00223,172.217.194.0-255,4320,107510,36,172714
3727,0.002233,172.31.33.0-255,66,107576,36,172714
3728,0.002237,172.217.194.0-255,4320,111896,36,172714
3729,0.002239,172.31.33.0-255,66,111962,36,172714
3730,0.002268,172.31.33.0-255,66,112028,36,172714
3731,0.002272,172.217.194.0-255,2902,114930,36,172714
3732,0.002274,172.31.33.0-255,66,114996,36,172714
3733,0.002289,172.217.194.0-255,5738,120734,36,172714
3734,0.002291,172.31.33.0-255,66,120800,36,172714
3735,0.002305,172.217.194.0-255,2184,122984,36,172714
3736,0.002307,172.31.33.0-255,66,123050,36,172714
3737,0.002528,172.217.194.0-255,1484,124534,36,172714
3738,0.002532,172.217.194.0-255,2902,127436,36,172714
3739,0.002535,172.31.33.0-255,66,127502,36,172714
3740,0.00255,172.217.194.0-255,5738,133240,36,172714
3741,0.002552,172.31.33.0-255,66,133306,36,172714
3742,0.002583,172.31.33.0-255,66,133372,36,172714
3743,0.0026,172.217.194.0-255,2902,136274,36,172714
3744,0.002602,172.31.33.0-255,66,136340,36,172714
3745,0.002604,172.217.194.0-255,1484,137824,36,172714
3746,0.00263,172.31.33.0-255,66,137890,36,172714
3747,0.00524,172.217.194.0-255,5738,143628,36,172714
3748,0.005244,172.31.33.0-255,66,143694,36,172714
3749,0.007837,172.217.194.0-255,5738,149432,36,172714
3750,0.007846,172.31.33.0-255,66,149498,36,172714
3751,0.01044,172.217.194.0-255,5738,155236,36,172714
3752,0.010448,172.31.33.0-255,66,155302,36,172714
3753,0.013033,172.217.194.0-255,5738,161040,36,172714
3754,0.013039,172.31.33.0-255,66,161106,36,172714
3755,0.015629,172.217.194.0-255,5738,166844,36,172714
3756,0.015636,172.31.33.0-255,66,166910,36,172714
3757,0.018232,172.217.194.0-255,5738,172648,36,172714
3758,0.018242,172.31.33.0-255,66,172714,36,172714
3759,0.0,74.125.68.0-255,143,143,36,213968
3760,1.4e-05,172.31.33.0-255,66,209,36,213968
3761,2.1e-05,74.125.68.0-255,1484,1693,36,213968
3762,2.5e-05,172.31.33.0-255,66,1759,36,213968
3763,5.8e-05,74.125.68.0-255,2902,4661,36,213968
3764,6.2e-05,172.31.33.0-255,66,4727,36,213968
3765,6.6e-05,74.125.68.0-255,1484,6211,36,213968
3766,6.8e-05,172.31.33.0-255,66,6277,36,213968
3767,7.4e-05,74.125.68.0-255,2902,9179,36,213968
3768,7.6e-05,172.31.33.0-255,66,9245,36,213968
3769,0.000103,74.125.68.0-255,6316,15561,36,213968
3770,0.000106,172.31.33.0-255,66,15627,36,213968
3771,0.000113,74.125.68.0-255,5738,21365,36,213968
3772,0.000116,172.31.33.0-255,66,21431,36,213968
3773,0.000142,74.125.68.0-255,1484,22915,36,213968
3774,0.000145,172.31.33.0-255,66,22981,36,213968
3775,0.000149,74.125.68.0-255,1484,24465,36,213968
3776,0.00015,172.31.33.0-255,66,24531,36,213968
3777,0.00018,74.125.68.0-255,6797,31328,36,213968
3778,0.000183,172.31.33.0-255,66,31394,36,213968
3779,0.000909,74.125.68.0-255,1484,32878,36,213968
3780,0.000915,172.31.33.0-255,66,32944,36,213968
3781,0.000926,74.125.68.0-255,2902,35846,36,213968
3782,0.000928,172.31.33.0-255,66,35912,36,213968
3783,0.000968,74.125.68.0-255,4320,40232,36,213968
3784,0.000971,172.31.33.0-255,66,40298,36,213968
3785,0.000976,74.125.68.0-255,2902,43200,36,213968
3786,0.000978,172.31.33.0-255,66,43266,36,213968
3787,0.001001,74.125.68.0-255,2902,46168,36,213968
3788,0.001012,172.31.33.0-255,66,46234,36,213968
3789,0.001019,74.125.68.0-255,5738,51972,36,213968
3790,0.001022,172.31.33.0-255,66,52038,36,213968
3791,0.00106,74.125.68.0-255,7156,59194,36,213968
3792,0.001062,172.31.33.0-255,66,59260,36,213968
3793,0.001068,74.125.68.0-255,4320,63580,36,213968
3794,0.001071,172.31.33.0-255,66,63646,36,213968
3795,0.00111,74.125.68.0-255,2184,65830,36,213968
3796,0.001113,172.31.33.0-255,66,65896,36,213968
3797,0.00137,74.125.68.0-255,402,66298,36,213968
3798,0.001418,74.125.68.0-255,1484,67782,36,213968
3799,0.001425,172.31.33.0-255,66,67848,36,213968
3800,0.001454,74.125.68.0-255,2902,70750,36,213968
3801,0.001457,172.31.33.0-255,66,70816,36,213968
3802,0.001464,74.125.68.0-255,4320,75136,36,213968
3803,0.001467,172.31.33.0-255,66,75202,36,213968
3804,0.001498,74.125.68.0-255,5738,80940,36,213968
3805,0.001501,172.31.33.0-255,66,81006,36,213968
3806,0.001505,74.125.68.0-255,2902,83908,36,213968
3807,0.001508,172.31.33.0-255,66,83974,36,213968
3808,0.001537,74.125.68.0-255,1484,85458,36,213968
3809,0.001544,74.125.68.0-255,5738,91196,36,213968
3810,0.001546,172.31.33.0-255,66,91262,36,213968
3811,0.001576,74.125.68.0-255,4320,95582,36,213968
3812,0.001579,172.31.33.0-255,66,95648,36,213968
3813,0.001586,74.125.68.0-255,5020,100668,36,213968
3814,0.001588,172.31.33.0-255,66,100734,36,213968
3815,0.001911,74.125.68.0-255,1484,102218,36,213968
3816,0.001919,74.125.68.0-255,2902,105120,36,213968
3817,0.001924,172.31.33.0-255,66,105186,36,213968
3818,0.001928,74.125.68.0-255,1484,106670,36,213968
3819,0.00195,74.125.68.0-255,4320,110990,36,213968
3820,0.001953,172.31.33.0-255,66,111056,36,213968
3821,0.00198,172.31.33.0-255,66,111122,36,213968
3822,0.001983,74.125.68.0-255,1484,112606,36,213968
3823,0.002015,172.31.33.0-255,66,112672,36,213968
3824,0.002019,74.125.68.0-255,2184,114856,36,213968
3825,0.002022,172.31.33.0-255,66,114922,36,213968
3826,0.002026,74.125.68.0-255,2902,117824,36,213968
3827,0.002029,172.31.33.0-255,66,117890,36,213968
3828,0.002056,74.125.68.0-255,7156,125046,36,213968
3829,0.002059,172.31.33.0-255,66,125112,36,213968
3830,0.002065,74.125.68.0-255,4320,129432,36,213968
3831,0.002067,172.31.33.0-255,66,129498,36,213968
3832,0.002072,74.125.68.0-255,2902,132400,36,213968
3833,0.002074,172.31.33.0-255,66,132466,36,213968
3834,0.002103,74.125.68.0-255,2902,135368,36,213968
3835,0.002106,172.31.33.0-255,66,135434,36,213968
3836,0.002113,74.125.68.0-255,5738,141172,36,213968
3837,0.002115,172.31.33.0-255,66,141238,36,213968
3838,0.002142,74.125.68.0-255,5738,146976,36,213968
3839,0.002145,172.31.33.0-255,66,147042,36,213968
3840,0.002149,74.125.68.0-255,2184,149226,36,213968
3841,0.002152,172.31.33.0-255,66,149292,36,213968
3842,0.002187,172.31.33.0-255,66,149358,36,213968
3843,0.002205,74.125.68.0-255,4320,153678,36,213968
3844,0.002208,172.31.33.0-255,66,153744,36,213968
3845,0.002215,74.125.68.0-255,7156,160900,36,213968
3846,0.002217,172.31.33.0-255,66,160966,36,213968
3847,0.002244,74.125.68.0-255,7156,168122,36,213968
3848,0.002247,172.31.33.0-255,66,168188,36,213968
3849,0.002253,74.125.68.0-255,5738,173926,36,213968
3850,0.002255,172.31.33.0-255,66,173992,36,213968
3851,0.002258,74.125.68.0-255,766,174758,36,213968
3852,0.00446,74.125.68.0-255,4320,179078,36,213968
3853,0.004464,172.31.33.0-255,66,179144,36,213968
3854,0.006675,74.125.68.0-255,5738,184882,36,213968
3855,0.00668,172.31.33.0-255,66,184948,36,213968
3856,0.008901,74.125.68.0-255,5738,190686,36,213968
3857,0.008907,172.31.33.0-255,66,190752,36,213968
3858,0.011124,74.125.68.0-255,5738,196490,36,213968
3859,0.011131,172.31.33.0-255,66,196556,36,213968
3860,0.01335,74.125.68.0-255,5738,202294,36,213968
3861,0.013359,172.31.33.0-255,66,202360,36,213968
3862,0.015583,74.125.68.0-255,5738,208098,36,213968
3863,0.015593,172.31.33.0-255,66,208164,36,213968
3864,0.017813,74.125.68.0-255,5738,213902,36,213968
3865,0.01782,172.31.33.0-255,66,213968,36,213968
3866,0.0,74.125.24.0-255,299,299,36,201224
3867,2.2e-05,172.31.33.0-255,66,365,36,201224
3868,2.9e-05,74.125.24.0-255,1484,1849,36,201224
3869,3.3e-05,172.31.33.0-255,66,1915,36,201224
3870,4.6e-05,74.125.24.0-255,4320,6235,36,201224
3871,4.9e-05,172.31.33.0-255,66,6301,36,201224
3872,6e-05,172.31.33.0-255,66,6367,36,201224
3873,0.000103,74.125.24.0-255,1484,7851,36,201224
3874,0.000106,172.31.33.0-255,66,7917,36,201224
3875,0.000131,74.125.24.0-255,2902,10819,36,201224
3876,0.000133,172.31.33.0-255,66,10885,36,201224
3877,0.00014,74.125.24.0-255,5738,16623,36,201224
3878,0.000142,172.31.33.0-255,66,16689,36,201224
3879,0.00018,74.125.24.0-255,1484,18173,36,201224
3880,0.000182,172.31.33.0-255,66,18239,36,201224
3881,0.000209,74.125.24.0-255,2902,21141,36,201224
3882,0.000211,172.31.33.0-255,66,21207,36,201224
3883,0.000237,74.125.24.0-255,6797,28004,36,201224
3884,0.000239,172.31.33.0-255,66,28070,36,201224
3885,0.000264,74.125.24.0-255,4320,32390,36,201224
3886,0.000267,172.31.33.0-255,66,32456,36,201224
3887,0.000292,74.125.24.0-255,5738,38194,36,201224
3888,0.000294,172.31.33.0-255,66,38260,36,201224
3889,0.000298,74.125.24.0-255,2543,40803,36,201224
3890,0.0003,172.31.33.0-255,66,40869,36,201224
3891,0.000726,74.125.24.0-255,1484,42353,36,201224
3892,0.000731,172.31.33.0-255,66,42419,36,201224
3893,0.000737,74.125.24.0-255,2902,45321,36,201224
3894,0.000739,172.31.33.0-255,66,45387,36,201224
3895,0.000773,74.125.24.0-255,5738,51125,36,201224
3896,0.000777,172.31.33.0-255,66,51191,36,201224
3897,0.00078,74.125.24.0-255,1484,52675,36,201224
3898,0.000806,74.125.24.0-255,7156,59831,36,201224
3899,0.000808,172.31.33.0-255,66,59897,36,201224
3900,0.000843,74.125.24.0-255,6797,66694,36,201224
3901,0.000847,172.31.33.0-255,66,66760,36,201224
3902,0.000857,172.31.33.0-255,66,66826,36,201224
3903,0.000859,74.125.24.0-255,1484,68310,36,201224
3904,0.000891,74.125.24.0-255,2902,71212,36,201224
3905,0.000894,172.31.33.0-255,66,71278,36,201224
3906,0.0009,74.125.24.0-255,5738,77016,36,201224
3907,0.000903,172.31.33.0-255,66,77082,36,201224
3908,0.000952,172.31.33.0-255,66,77148,36,201224
3909,0.001121,74.125.24.0-255,1484,78632,36,201224
3910,0.001127,74.125.24.0-255,1484,80116,36,201224
3911,0.00113,172.31.33.0-255,66,80182,36,201224
3912,0.001155,74.125.24.0-255,1484,81666,36,201224
3913,0.001162,74.125.24.0-255,5738,87404,36,201224
3914,0.001165,172.31.33.0-255,66,87470,36,201224
3915,0.00117,74.125.24.0-255,4320,91790,36,201224
3916,0.001171,172.31.33.0-255,66,91856,36,201224
3917,0.00121,74.125.24.0-255,5738,97594,36,201224
3918,0.001214,172.31.33.0-255,66,97660,36,201224
3919,0.001244,74.125.24.0-255,2902,100562,36,201224
3920,0.001246,172.31.33.0-255,66,100628,36,201224
3921,0.001287,172.31.33.0-255,66,100694,36,201224
3922,0.001313,74.125.24.0-255,1484,102178,36,201224
3923,0.001325,74.125.24.0-255,2902,105080,36,201224
3924,0.001328,172.31.33.0-255,66,105146,36,201224
3925,0.001354,74.125.24.0-255,5738,110884,36,201224
3926,0.001358,172.31.33.0-255,66,110950,36,201224
3927,0.001404,172.31.33.0-255,66,111016,36,201224
3928,0.00141,74.125.24.0-255,7156,118172,36,201224
3929,0.001411,172.31.33.0-255,66,118238,36,201224
3930,0.001442,74.125.24.0-255,3602,121840,36,201224
3931,0.001444,172.31.33.0-255,66,121906,36,201224
3932,0.001555,74.125.24.0-255,1484,123390,36,201224
3933,0.00156,74.125.24.0-255,2902,126292,36,201224
3934,0.001563,172.31.33.0-255,66,126358,36,201224
3935,0.001587,74.125.24.0-255,5738,132096,36,201224
3936,0.001589,172.31.33.0-255,66,132162,36,201224
3937,0.001616,74.125.24.0-255,7156,139318,36,201224
3938,0.001618,172.31.33.0-255,66,139384,36,201224
3939,0.001636,74.125.24.0-255,5738,145122,36,201224
3940,0.001638,172.31.33.0-255,66,145188,36,201224
3941,0.001644,74.125.24.0-255,7156,152344,36,201224
3942,0.001646,172.31.33.0-255,66,152410,36,201224
3943,0.001691,74.125.24.0-255,3602,156012,36,201224
3944,0.001694,172.31.33.0-255,66,156078,36,201224
3945,0.003853,74.125.24.0-255,1484,157562,36,201224
3946,0.003932,74.125.24.0-255,4320,161882,36,201224
3947,0.003937,172.31.33.0-255,66,161948,36,201224
3948,0.006177,74.125.24.0-255,5738,167686,36,201224
3949,0.006185,172.31.33.0-255,66,167752,36,201224
3950,0.008406,74.125.24.0-255,5738,173490,36,201224
3951,0.008415,172.31.33.0-255,66,173556,36,201224
3952,0.010672,74.125.24.0-255,4320,177876,36,201224
3953,0.010678,172.31.33.0-255,66,177942,36,201224
3954,0.010702,74.125.24.0-255,1484,179426,36,201224
3955,0.012895,74.125.24.0-255,4320,183746,36,201224
3956,0.012904,172.31.33.0-255,66,183812,36,201224
3957,0.015141,74.125.24.0-255,5738,189550,36,201224
3958,0.015151,172.31.33.0-255,66,189616,36,201224
3959,0.017361,74.125.24.0-255,5738,195354,36,201224
3960,0.01737,172.31.33.0-255,66,195420,36,201224
3961,0.019596,74.125.24.0-255,5738,201158,36,201224
3962,0.019604,172.31.33.0-255,66,201224,36,201224
3963,0.0,172.253.118.0-255,298,298,36,233737
3964,2.4e-05,172.31.33.0-255,66,364,36,233737
3965,2.8e-05,172.253.118.0-255,1484,1848,36,233737
3966,3.3e-05,172.31.33.0-255,66,1914,36,233737
3967,3.7e-05,172.253.118.0-255,2902,4816,36,233737
3968,4e-05,172.31.33.0-255,66,4882,36,233737
3969,5.5e-05,172.253.118.0-255,1484,6366,36,233737
3970,5.6e-05,172.31.33.0-255,66,6432,36,233737
3971,7.3e-05,172.253.118.0-255,7156,13588,36,233737
3972,7.6e-05,172.31.33.0-255,66,13654,36,233737
3973,0.000101,172.253.118.0-255,1825,15479,36,233737
3974,0.000103,172.31.33.0-255,66,15545,36,233737
3975,0.000113,172.31.33.0-255,66,15611,36,233737
3976,0.000131,172.253.118.0-255,6797,22408,36,233737
3977,0.000134,172.31.33.0-255,66,22474,36,233737
3978,0.000301,172.253.118.0-255,1484,23958,36,233737
3979,0.000306,172.31.33.0-255,66,24024,36,233737
3980,0.000312,172.253.118.0-255,2902,26926,36,233737
3981,0.000315,172.31.33.0-255,66,26992,36,233737
3982,0.00032,172.253.118.0-255,4320,31312,36,233737
3983,0.000323,172.31.33.0-255,66,31378,36,233737
3984,0.000346,172.253.118.0-255,1484,32862,36,233737
3985,0.000349,172.31.33.0-255,66,32928,36,233737
3986,0.000358,172.253.118.0-255,6797,39725,36,233737
3987,0.00036,172.31.33.0-255,66,39791,36,233737
3988,0.000368,172.253.118.0-255,7156,46947,36,233737
3989,0.000372,172.31.33.0-255,66,47013,36,233737
3990,0.00041,172.31.33.0-255,66,47079,36,233737
3991,0.000422,172.253.118.0-255,381,47460,36,233737
3992,0.000425,172.31.33.0-255,66,47526,36,233737
3993,0.000703,172.253.118.0-255,1484,49010,36,233737
3994,0.000709,172.253.118.0-255,2902,51912,36,233737
3995,0.000712,172.31.33.0-255,66,51978,36,233737
3996,0.000716,172.253.118.0-255,1484,53462,36,233737
3997,0.000732,172.253.118.0-255,4320,57782,36,233737
3998,0.000734,172.31.33.0-255,66,57848,36,233737
3999,0.000739,172.253.118.0-255,4320,62168,36,233737
4000,0.00074,172.31.33.0-255,66,62234,36,233737
4001,0.000776,172.253.118.0-255,2902,65136,36,233737
4002,0.000779,172.31.33.0-255,66,65202,36,233737
4003,0.000805,172.31.33.0-255,66,65268,36,233737
4004,0.00081,172.253.118.0-255,5738,71006,36,233737
4005,0.000812,172.31.33.0-255,66,71072,36,233737
4006,0.000855,172.253.118.0-255,5738,76810,36,233737
4007,0.000859,172.31.33.0-255,66,76876,36,233737
4008,0.000887,172.31.33.0-255,66,76942,36,233737
4009,0.000948,172.253.118.0-255,1484,78426,36,233737
4010,0.000967,172.253.118.0-255,2902,81328,36,233737
4011,0.00097,172.31.33.0-255,66,81394,36,233737
4012,0.000991,172.253.118.0-255,5738,87132,36,233737
4013,0.000993,172.31.33.0-255,66,87198,36,233737
4014,0.000996,172.253.118.0-255,1484,88682,36,233737
4015,0.001,172.253.118.0-255,2902,91584,36,233737
4016,0.001001,172.31.33.0-255,66,91650,36,233737
4017,0.001029,172.253.118.0-255,6797,98447,36,233737
4018,0.001032,172.31.33.0-255,66,98513,36,233737
4019,0.001036,172.253.118.0-255,2902,101415,36,233737
4020,0.001037,172.31.33.0-255,66,101481,36,233737
4021,0.001049,172.253.118.0-255,4320,105801,36,233737
4022,0.001051,172.31.33.0-255,66,105867,36,233737
4023,0.001064,172.253.118.0-255,1484,107351,36,233737
4024,0.001076,172.253.118.0-255,4320,111671,36,233737
4025,0.00108,172.31.33.0-255,66,111737,36,233737
4026,0.001101,172.31.33.0-255,66,111803,36,233737
4027,0.001105,172.253.118.0-255,3602,115405,36,233737
4028,0.001108,172.31.33.0-255,66,115471,36,233737
4029,0.001182,172.253.118.0-255,1484,116955,36,233737
4030,0.001195,172.253.118.0-255,2902,119857,36,233737
4031,0.001199,172.31.33.0-255,66,119923,36,233737
4032,0.001204,172.253.118.0-255,4320,124243,36,233737
4033,0.001206,172.31.33.0-255,66,124309,36,233737
4034,0.00122,172.253.118.0-255,1484,125793,36,233737
4035,0.00123,172.253.118.0-255,1484,127277,36,233737
4036,0.001232,172.31.33.0-255,66,127343,36,233737
4037,0.001252,172.31.33.0-255,66,127409,36,233737
4038,0.001256,172.253.118.0-255,4320,131729,36,233737
4039,0.001258,172.31.33.0-255,66,131795,36,233737
4040,0.001277,172.253.118.0-255,2902,134697,36,233737
4041,0.001279,172.31.33.0-255,66,134763,36,233737
4042,0.001293,172.253.118.0-255,1484,136247,36,233737
4043,0.001306,172.253.118.0-255,2184,138431,36,233737
4044,0.001308,172.31.33.0-255,66,138497,36,233737
4045,0.001352,172.253.118.0-255,1484,139981,36,233737
4046,0.001365,172.253.118.0-255,2902,142883,36,233737
4047,0.001367,172.31.33.0-255,66,142949,36,233737
4048,0.001392,172.253.118.0-255,4320,147269,36,233737
4049,0.001394,172.31.33.0-255,66,147335,36,233737
4050,0.00141,172.253.118.0-255,1484,148819,36,233737
4051,0.001418,172.31.33.0-255,66,148885,36,233737
4052,0.001451,172.253.118.0-255,2902,151787,36,233737
4053,0.001453,172.31.33.0-255,66,151853,36,233737
4054,0.001479,172.31.33.0-255,66,151919,36,233737
4055,0.001821,172.253.118.0-255,1484,153403,36,233737
4056,0.001833,172.253.118.0-255,2902,156305,36,233737
4057,0.001835,172.31.33.0-255,66,156371,36,233737
4058,0.001851,172.253.118.0-255,2902,159273,36,233737
4059,0.001853,172.31.33.0-255,66,159339,36,233737
4060,0.001879,172.253.118.0-255,7156,166495,36,233737
4061,0.001881,172.31.33.0-255,66,166561,36,233737
4062,0.00193,172.31.33.0-255,66,166627,36,233737
4063,0.001934,172.253.118.0-255,3602,170229,36,233737
4064,0.001936,172.31.33.0-255,66,170295,36,233737
4065,0.002046,172.253.118.0-255,1484,171779,36,233737
4066,0.00206,172.253.118.0-255,2902,174681,36,233737
4067,0.002062,172.31.33.0-255,66,174747,36,233737
4068,0.002078,172.253.118.0-255,2902,177649,36,233737
4069,0.00208,172.31.33.0-255,66,177715,36,233737
4070,0.002096,172.253.118.0-255,2902,180617,36,233737
4071,0.002098,172.31.33.0-255,66,180683,36,233737
4072,0.002139,172.253.118.0-255,4320,185003,36,233737
4073,0.002141,172.31.33.0-255,66,185069,36,233737
4074,0.002162,172.31.33.0-255,66,185135,36,233737
4075,0.002166,172.253.118.0-255,2902,188037,36,233737
4076,0.002168,172.31.33.0-255,66,188103,36,233737
4077,0.002191,172.31.33.0-255,66,188169,36,233737
4078,0.002222,172.31.33.0-255,66,188235,36,233737
4079,0.002239,172.253.118.0-255,5738,193973,36,233737
4080,0.002241,172.31.33.0-255,66,194039,36,233737
4081,0.002265,172.31.33.0-255,66,194105,36,233737
4082,0.002283,172.253.118.0-255,5738,199843,36,233737
4083,0.002285,172.31.33.0-255,66,199909,36,233737
4084,0.002312,172.31.33.0-255,66,199975,36,233737
4085,0.002321,172.31.33.0-255,78,200053,36,233737
4086,0.002323,172.253.118.0-255,1484,201537,36,233737
4087,0.002325,172.31.33.0-255,78,201615,36,233737
4088,0.002329,172.253.118.0-255,4320,205935,36,233737
4089,0.002332,172.31.33.0-255,66,206001,36,233737
4090,0.002334,172.253.118.0-255,766,206767,36,233737
4091,0.002336,172.253.118.0-255,1484,208251,36,233737
4092,0.002339,172.31.33.0-255,66,208317,36,233737
4093,0.002342,172.253.118.0-255,2902,211219,36,233737
4094,0.002344,172.31.33.0-255,66,211285,36,233737
4095,0.002347,172.253.118.0-255,1484,212769,36,233737
4096,0.00237,172.253.118.0-255,4320,217089,36,233737
4097,0.002372,172.31.33.0-255,66,217155,36,233737
4098,0.002374,172.253.118.0-255,1484,218639,36,233737
4099,0.002393,172.253.118.0-255,1484,220123,36,233737
4100,0.002395,172.31.33.0-255,66,220189,36,233737
4101,0.002405,172.253.118.0-255,4320,224509,36,233737
4102,0.002407,172.31.33.0-255,66,224575,36,233737
4103,0.002435,172.31.33.0-255,66,224641,36,233737
4104,0.00244,172.253.118.0-255,6438,231079,36,233737
4105,0.002442,172.31.33.0-255,66,231145,36,233737
4106,0.002458,172.253.118.0-255,2083,233228,36,233737
4107,0.00246,172.31.33.0-255,66,233294,36,233737
4108,0.002488,172.253.118.0-255,105,233399,36,233737
4109,0.005918,172.31.33.0-255,101,233500,36,233737
4110,0.008128,172.253.118.0-255,66,233566,36,233737
4111,0.008239,172.31.33.0-255,105,233671,36,233737
4112,0.010453,172.253.118.0-255,66,233737,36,233737
4113,0.0,74.125.24.0-255,155,155,36,209219
4114,3.2e-05,172.31.33.0-255,66,221,36,209219
4115,3.8e-05,74.125.24.0-255,1484,1705,36,209219
4116,4.1e-05,172.31.33.0-255,66,1771,36,209219
4117,4.5e-05,74.125.24.0-255,2902,4673,36,209219
4118,4.8e-05,172.31.33.0-255,66,4739,36,209219
4119,5.7e-05,74.125.24.0-255,2902,7641,36,209219
4120,6.1e-05,172.31.33.0-255,66,7707,36,209219
4121,6.6e-05,74.125.24.0-255,4320,12027,36,209219
4122,6.8e-05,172.31.33.0-255,66,12093,36,209219
4123,0.000113,74.125.24.0-255,2020,14113,36,209219
4124,0.000117,172.31.33.0-255,66,14179,36,209219
4125,0.000179,74.125.24.0-255,2902,17081,36,209219
4126,0.000183,172.31.33.0-255,66,17147,36,209219
4127,0.000188,74.125.24.0-255,4320,21467,36,209219
4128,0.00019,172.31.33.0-255,66,21533,36,209219
4129,0.000205,172.31.33.0-255,66,21599,36,209219
4130,0.000211,74.125.24.0-255,4320,25919,36,209219
4131,0.000213,172.31.33.0-255,66,25985,36,209219
4132,0.000244,74.125.24.0-255,1125,27110,36,209219
4133,0.000247,172.31.33.0-255,66,27176,36,209219
4134,0.000253,74.125.24.0-255,5738,32914,36,209219
4135,0.000255,172.31.33.0-255,66,32980,36,209219
4136,0.000259,74.125.24.0-255,2902,35882,36,209219
4137,0.000267,172.31.33.0-255,66,35948,36,209219
4138,0.00029,74.125.24.0-255,3961,39909,36,209219
4139,0.000297,172.31.33.0-255,66,39975,36,209219
4140,0.000398,74.125.24.0-255,1484,41459,36,209219
4141,0.000403,172.31.33.0-255,66,41525,36,209219
4142,0.00041,74.125.24.0-255,2902,44427,36,209219
4143,0.000412,172.31.33.0-255,66,44493,36,209219
4144,0.000424,74.125.24.0-255,5738,50231,36,209219
4145,0.000432,172.31.33.0-255,66,50297,36,209219
4146,0.000459,74.125.24.0-255,7143,57440,36,209219
4147,0.000463,172.31.33.0-255,66,57506,36,209219
4148,0.000768,74.125.24.0-255,331,57837,36,209219
4149,0.000815,172.31.33.0-255,66,57903,36,209219
4150,0.00113,74.125.24.0-255,1484,59387,36,209219
4151,0.001148,74.125.24.0-255,2902,62289,36,209219
4152,0.001152,172.31.33.0-255,66,62355,36,209219
4153,0.001158,74.125.24.0-255,5738,68093,36,209219
4154,0.00116,172.31.33.0-255,66,68159,36,209219
4155,0.001163,74.125.24.0-255,1484,69643,36,209219
4156,0.001199,172.31.33.0-255,66,69709,36,209219
4157,0.001223,74.125.24.0-255,4320,74029,36,209219
4158,0.001228,172.31.33.0-255,66,74095,36,209219
4159,0.001249,172.31.33.0-255,66,74161,36,209219
4160,0.001302,74.125.24.0-255,1484,75645,36,209219
4161,0.001321,74.125.24.0-255,2902,78547,36,209219
4162,0.001327,172.31.33.0-255,66,78613,36,209219
4163,0.001357,74.125.24.0-255,5738,84351,36,209219
4164,0.00136,172.31.33.0-255,66,84417,36,209219
4165,0.001365,74.125.24.0-255,4320,88737,36,209219
4166,0.001367,172.31.33.0-255,66,88803,36,209219
4167,0.001401,172.31.33.0-255,66,88869,36,209219
4168,0.001442,74.125.24.0-255,2902,91771,36,209219
4169,0.00145,172.31.33.0-255,66,91837,36,209219
4170,0.001481,172.31.33.0-255,66,91903,36,209219
4171,0.001484,74.125.24.0-255,1484,93387,36,209219
4172,0.001487,74.125.24.0-255,1484,94871,36,209219
4173,0.001488,172.31.33.0-255,66,94937,36,209219
4174,0.001506,74.125.24.0-255,1484,96421,36,209219
4175,0.001517,74.125.24.0-255,5738,102159,36,209219
4176,0.001519,172.31.33.0-255,66,102225,36,209219
4177,0.001526,74.125.24.0-255,7156,109381,36,209219
4178,0.001536,172.31.33.0-255,66,109447,36,209219
4179,0.001585,74.125.24.0-255,2184,111631,36,209219
4180,0.001587,172.31.33.0-255,66,111697,36,209219
4181,0.001591,172.31.33.0-255,66,111763,36,209219
4182,0.00201,74.125.24.0-255,1484,113247,36,209219
4183,0.002026,74.125.24.0-255,2902,116149,36,209219
4184,0.002029,172.31.33.0-255,66,116215,36,209219
4185,0.002055,74.125.24.0-255,5738,121953,36,209219
4186,0.002058,172.31.33.0-255,66,122019,36,209219
4187,0.002062,74.125.24.0-255,2902,124921,36,209219
4188,0.002064,172.31.33.0-255,66,124987,36,209219
4189,0.002111,172.31.33.0-255,66,125053,36,209219
4190,0.002121,172.31.33.0-255,66,125119,36,209219
4191,0.00216,74.125.24.0-255,1484,126603,36,209219
4192,0.002184,74.125.24.0-255,6438,133041,36,209219
4193,0.002194,172.31.33.0-255,66,133107,36,209219
4194,0.002196,74.125.24.0-255,5738,138845,36,209219
4195,0.002199,172.31.33.0-255,66,138911,36,209219
4196,0.002244,172.31.33.0-255,66,138977,36,209219
4197,0.002511,74.125.24.0-255,1484,140461,36,209219
4198,0.002528,74.125.24.0-255,2902,143363,36,209219
4199,0.002531,172.31.33.0-255,66,143429,36,209219
4200,0.002536,74.125.24.0-255,5738,149167,36,209219
4201,0.002538,172.31.33.0-255,66,149233,36,209219
4202,0.002564,74.125.24.0-255,7156,156389,36,209219
4203,0.002567,172.31.33.0-255,66,156455,36,209219
4204,0.002574,74.125.24.0-255,5738,162193,36,209219
4205,0.002576,172.31.33.0-255,66,162259,36,209219
4206,0.002606,74.125.24.0-255,2902,165161,36,209219
4207,0.002609,172.31.33.0-255,66,165227,36,209219
4208,0.002619,172.31.33.0-255,66,165293,36,209219
4209,0.002697,74.125.24.0-255,1484,166777,36,209219
4210,0.002712,74.125.24.0-255,2902,169679,36,209219
4211,0.002716,172.31.33.0-255,66,169745,36,209219
4212,0.00272,74.125.24.0-255,2902,172647,36,209219
4213,0.002722,172.31.33.0-255,66,172713,36,209219
4214,0.00275,74.125.24.0-255,2902,175615,36,209219
4215,0.002754,172.31.33.0-255,66,175681,36,209219
4216,0.002759,172.31.33.0-255,66,175747,36,209219
4217,0.005457,74.125.24.0-255,4320,180067,36,209219
4218,0.005463,172.31.33.0-255,66,180133,36,209219
4219,0.005498,74.125.24.0-255,1484,181617,36,209219
4220,0.008196,74.125.24.0-255,4320,185937,36,209219
4221,0.008205,172.31.33.0-255,66,186003,36,209219
4222,0.010885,74.125.24.0-255,5738,191741,36,209219
4223,0.010894,172.31.33.0-255,66,191807,36,209219
4224,0.013603,74.125.24.0-255,5738,197545,36,209219
4225,0.013614,172.31.33.0-255,66,197611,36,209219
4226,0.016314,74.125.24.0-255,5738,203349,36,209219
4227,0.016325,172.31.33.0-255,66,203415,36,209219
4228,0.019008,74.125.24.0-255,5738,209153,36,209219
4229,0.019015,172.31.33.0-255,66,209219,36,209219
4230,0.0,74.125.24.0-255,297,297,36,204655
4231,2.5e-05,172.31.33.0-255,66,363,36,204655
4232,3.1e-05,74.125.24.0-255,1484,1847,36,204655
4233,3.6e-05,172.31.33.0-255,66,1913,36,204655
4234,4.9e-05,74.125.24.0-255,4320,6233,36,204655
4235,5.2e-05,172.31.33.0-255,66,6299,36,204655
4236,5.8e-05,74.125.24.0-255,5738,12037,36,204655
4237,6.1e-05,172.31.33.0-255,66,12103,36,204655
4238,7.3e-05,74.125.24.0-255,1859,13962,36,204655
4239,7.6e-05,172.31.33.0-255,66,14028,36,204655
4240,8e-05,74.125.24.0-255,2902,16930,36,204655
4241,8.2e-05,172.31.33.0-255,66,16996,36,204655
4242,0.000132,172.31.33.0-255,66,17062,36,204655
4243,0.000136,74.125.24.0-255,2543,19605,36,204655
4244,0.000138,172.31.33.0-255,66,19671,36,204655
4245,0.000224,74.125.24.0-255,1484,21155,36,204655
4246,0.000228,172.31.33.0-255,66,21221,36,204655
4247,0.000233,74.125.24.0-255,2902,24123,36,204655
4248,0.000235,172.31.33.0-255,66,24189,36,204655
4249,0.000238,74.125.24.0-255,1484,25673,36,204655
4250,0.00024,172.31.33.0-255,66,25739,36,204655
4251,0.000281,74.125.24.0-255,4320,30059,36,204655
4252,0.000285,172.31.33.0-255,66,30125,36,204655
4253,0.000291,74.125.24.0-255,5738,35863,36,204655
4254,0.000294,172.31.33.0-255,66,35929,36,204655
4255,0.000315,172.31.33.0-255,66,35995,36,204655
4256,0.00032,74.125.24.0-255,4235,40230,36,204655
4257,0.000322,172.31.33.0-255,66,40296,36,204655
4258,0.00044,74.125.24.0-255,132,40428,36,204655
4259,0.000445,172.31.33.0-255,66,40494,36,204655
4260,0.000567,74.125.24.0-255,1484,41978,36,204655
4261,0.000572,74.125.24.0-255,1484,43462,36,204655
4262,0.000577,172.31.33.0-255,66,43528,36,204655
4263,0.000583,74.125.24.0-255,1484,45012,36,204655
4264,0.000597,74.125.24.0-255,5738,50750,36,204655
4265,0.000607,172.31.33.0-255,66,50816,36,204655
4266,0.00063,74.125.24.0-255,6797,57613,36,204655
4267,0.000633,172.31.33.0-255,66,57679,36,204655
4268,0.000669,74.125.24.0-255,1484,59163,36,204655
4269,0.000685,74.125.24.0-255,2902,62065,36,204655
4270,0.000694,172.31.33.0-255,66,62131,36,204655
4271,0.000697,74.125.24.0-255,2902,65033,36,204655
4272,0.00071,172.31.33.0-255,66,65099,36,204655
4273,0.00072,74.125.24.0-255,2902,68001,36,204655
4274,0.000732,74.125.24.0-255,5738,73739,36,204655
4275,0.000737,172.31.33.0-255,66,73805,36,204655
4276,0.000766,74.125.24.0-255,4320,78125,36,204655
4277,0.000769,172.31.33.0-255,66,78191,36,204655
4278,0.000811,172.31.33.0-255,66,78257,36,204655
4279,0.000824,74.125.24.0-255,3602,81859,36,204655
4280,0.000825,172.31.33.0-255,66,81925,36,204655
4281,0.000832,172.31.33.0-255,66,81991,36,204655
4282,0.00086,74.125.24.0-255,4320,86311,36,204655
4283,0.00087,172.31.33.0-255,66,86377,36,204655
4284,0.000877,74.125.24.0-255,1484,87861,36,204655
4285,0.000886,172.31.33.0-255,66,87927,36,204655
4286,0.000935,172.31.33.0-255,66,87993,36,204655
4287,0.000944,74.125.24.0-255,5020,93013,36,204655
4288,0.000953,172.31.33.0-255,66,93079,36,204655
4289,0.000962,74.125.24.0-255,1484,94563,36,204655
4290,0.000972,74.125.24.0-255,2902,97465,36,204655
4291,0.000976,74.125.24.0-255,2902,100367,36,204655
4292,0.000977,172.31.33.0-255,66,100433,36,204655
4293,0.000981,172.31.33.0-255,66,100499,36,204655
4294,0.001004,74.125.24.0-255,2902,103401,36,204655
4295,0.001013,172.31.33.0-255,66,103467,36,204655
4296,0.001023,74.125.24.0-255,4320,107787,36,204655
4297,0.001027,172.31.33.0-255,66,107853,36,204655
4298,0.001064,74.125.24.0-255,4320,112173,36,204655
4299,0.001076,172.31.33.0-255,66,112239,36,204655
4300,0.001078,74.125.24.0-255,2184,114423,36,204655
4301,0.00109,172.31.33.0-255,66,114489,36,204655
4302,0.001144,74.125.24.0-255,1484,115973,36,204655
4303,0.001147,74.125.24.0-255,1484,117457,36,204655
4304,0.001153,172.31.33.0-255,66,117523,36,204655
4305,0.00116,74.125.24.0-255,1484,119007,36,204655
4306,0.001175,74.125.24.0-255,4320,123327,36,204655
4307,0.00118,172.31.33.0-255,66,123393,36,204655
4308,0.001185,74.125.24.0-255,1484,124877,36,204655
4309,0.001189,74.125.24.0-255,4320,129197,36,204655
4310,0.001192,172.31.33.0-255,66,129263,36,204655
4311,0.001211,74.125.24.0-255,4320,133583,36,204655
4312,0.001215,172.31.33.0-255,66,133649,36,204655
4313,0.001239,74.125.24.0-255,4320,137969,36,204655
4314,0.001242,172.31.33.0-255,66,138035,36,204655
4315,0.001254,172.31.33.0-255,66,138101,36,204655
4316,0.00128,172.31.33.0-255,66,138167,36,204655
4317,0.001301,172.31.33.0-255,66,138233,36,204655
4318,0.001316,172.31.33.0-255,66,138299,36,204655
4319,0.001323,74.125.24.0-255,1484,139783,36,204655
4320,0.001362,172.31.33.0-255,66,139849,36,204655
4321,0.001397,74.125.24.0-255,5738,145587,36,204655
4322,0.001407,172.31.33.0-255,66,145653,36,204655
4323,0.001412,74.125.24.0-255,5738,151391,36,204655
4324,0.001419,172.31.33.0-255,66,151457,36,204655
4325,0.001432,74.125.24.0-255,7156,158613,36,204655
4326,0.001437,172.31.33.0-255,66,158679,36,204655
4327,0.001465,74.125.24.0-255,5738,164417,36,204655
4328,0.001471,74.125.24.0-255,7156,171573,36,204655
4329,0.001477,172.31.33.0-255,66,171639,36,204655
4330,0.001485,74.125.24.0-255,1484,173123,36,204655
4331,0.001494,74.125.24.0-255,4320,177443,36,204655
4332,0.001498,172.31.33.0-255,66,177509,36,204655
4333,0.001541,172.31.33.0-255,66,177575,36,204655
4334,0.001544,172.31.33.0-255,66,177641,36,204655
4335,0.001555,74.125.24.0-255,5738,183379,36,204655
4336,0.001564,172.31.33.0-255,66,183445,36,204655
4337,0.001571,74.125.24.0-255,5738,189183,36,204655
4338,0.001576,172.31.33.0-255,66,189249,36,204655
4339,0.001581,74.125.24.0-255,5738,194987,36,204655
4340,0.001589,172.31.33.0-255,66,195053,36,204655
4341,0.001602,74.125.24.0-255,5020,200073,36,204655
4342,0.001607,172.31.33.0-255,66,200139,36,204655
4343,0.001628,172.31.33.0-255,66,200205,36,204655
4344,0.001655,74.125.24.0-255,4042,204247,36,204655
4345,0.001657,74.125.24.0-255,105,204352,36,204655
4346,0.001657,172.31.33.0-255,66,204418,36,204655
4347,0.001662,172.31.33.0-255,66,204484,36,204655
4348,0.003206,172.31.33.0-255,105,204589,36,204655
4349,0.005552,74.125.24.0-255,66,204655,36,204655
4350,0.0,74.125.24.0-255,146,146,36,165624
4351,3.1e-05,172.31.33.0-255,66,212,36,165624
4352,3.8e-05,74.125.24.0-255,1484,1696,36,165624
4353,4.2e-05,172.31.33.0-255,66,1762,36,165624
4354,4.6e-05,74.125.24.0-255,2902,4664,36,165624
4355,4.9e-05,172.31.33.0-255,66,4730,36,165624
4356,5.1e-05,74.125.24.0-255,1484,6214,36,165624
4357,5.3e-05,172.31.33.0-255,66,6280,36,165624
4358,7.4e-05,74.125.24.0-255,2902,9182,36,165624
4359,7.6e-05,172.31.33.0-255,66,9248,36,165624
4360,0.000102,74.125.24.0-255,4895,14143,36,165624
4361,0.000105,172.31.33.0-255,66,14209,36,165624
4362,0.000376,74.125.24.0-255,1484,15693,36,165624
4363,0.000381,172.31.33.0-255,66,15759,36,165624
4364,0.000387,74.125.24.0-255,2902,18661,36,165624
4365,0.000389,172.31.33.0-255,66,18727,36,165624
4366,0.000396,74.125.24.0-255,5738,24465,36,165624
4367,0.000397,172.31.33.0-255,66,24531,36,165624
4368,0.0004,74.125.24.0-255,1484,26015,36,165624
4369,0.000402,172.31.33.0-255,66,26081,36,165624
4370,0.000416,74.125.24.0-255,4320,30401,36,165624
4371,0.000418,172.31.33.0-255,66,30467,36,165624
4372,0.000438,74.125.24.0-255,2902,33369,36,165624
4373,0.00044,172.31.33.0-255,66,33435,36,165624
4374,0.000464,172.31.33.0-255,66,33501,36,165624
4375,0.000485,74.125.24.0-255,4320,37821,36,165624
4376,0.000489,172.31.33.0-255,66,37887,36,165624
4377,0.000507,74.125.24.0-255,4320,42207,36,165624
4378,0.00051,172.31.33.0-255,66,42273,36,165624
4379,0.000527,74.125.24.0-255,2902,45175,36,165624
4380,0.000529,172.31.33.0-255,66,45241,36,165624
4381,0.000548,74.125.24.0-255,1484,46725,36,165624
4382,0.00055,172.31.33.0-255,66,46791,36,165624
4383,0.000578,74.125.24.0-255,2902,49693,36,165624
4384,0.000581,172.31.33.0-255,66,49759,36,165624
4385,0.000601,74.125.24.0-255,5314,55073,36,165624
4386,0.000604,172.31.33.0-255,66,55139,36,165624
4387,0.001055,74.125.24.0-255,382,55521,36,165624
4388,0.00106,172.31.33.0-255,66,55587,36,165624
4389,0.001147,74.125.24.0-255,1484,57071,36,165624
4390,0.001148,172.31.33.0-255,66,57137,36,165624
4391,0.001153,74.125.24.0-255,2902,60039,36,165624
4392,0.001155,172.31.33.0-255,66,60105,36,165624
4393,0.001166,74.125.24.0-255,2902,63007,36,165624
4394,0.001168,172.31.33.0-255,66,63073,36,165624
4395,0.001185,74.125.24.0-255,2902,65975,36,165624
4396,0.001186,172.31.33.0-255,66,66041,36,165624
4397,0.001216,74.125.24.0-255,1484,67525,36,165624
4398,0.001217,172.31.33.0-255,66,67591,36,165624
4399,0.001234,74.125.24.0-255,4831,72422,36,165624
4400,0.001236,172.31.33.0-255,66,72488,36,165624
4401,0.001456,74.125.24.0-255,1484,73972,36,165624
4402,0.001459,172.31.33.0-255,66,74038,36,165624
4403,0.001472,74.125.24.0-255,1484,75522,36,165624
4404,0.001474,172.31.33.0-255,66,75588,36,165624
4405,0.001486,74.125.24.0-255,1484,77072,36,165624
4406,0.001487,172.31.33.0-255,66,77138,36,165624
4407,0.00151,74.125.24.0-255,2902,80040,36,165624
4408,0.001512,172.31.33.0-255,66,80106,36,165624
4409,0.001528,74.125.24.0-255,2902,83008,36,165624
4410,0.00153,172.31.33.0-255,66,83074,36,165624
4411,0.001534,74.125.24.0-255,2902,85976,36,165624
4412,0.001535,172.31.33.0-255,66,86042,36,165624
4413,0.001548,74.125.24.0-255,1484,87526,36,165624
4414,0.00155,172.31.33.0-255,66,87592,36,165624
4415,0.001558,172.31.33.0-255,66,87658,36,165624
4416,0.001572,74.125.24.0-255,2902,90560,36,165624
4417,0.001573,172.31.33.0-255,66,90626,36,165624
4418,0.001628,74.125.24.0-255,4320,94946,36,165624
4419,0.00163,172.31.33.0-255,66,95012,36,165624
4420,0.001643,74.125.24.0-255,3602,98614,36,165624
4421,0.001645,172.31.33.0-255,66,98680,36,165624
4422,0.001999,74.125.24.0-255,1484,100164,36,165624
4423,0.002004,74.125.24.0-255,2902,103066,36,165624
4424,0.002014,74.125.24.0-255,1484,104550,36,165624
4425,0.002027,74.125.24.0-255,4320,108870,36,165624
4426,0.002036,74.125.24.0-255,2902,111772,36,165624
4427,0.00205,74.125.24.0-255,5738,117510,36,165624
4428,0.002064,74.125.24.0-255,1484,118994,36,165624
4429,0.002398,172.31.33.0-255,66,119060,36,165624
4430,0.004389,74.125.24.0-255,5738,124798,36,165624
4431,0.004395,172.31.33.0-255,66,124864,36,165624
4432,0.006406,74.125.24.0-255,5738,130602,36,165624
4433,0.006412,172.31.33.0-255,66,130668,36,165624
4434,0.008404,74.125.24.0-255,5738,136406,36,165624
4435,0.00841,172.31.33.0-255,66,136472,36,165624
4436,0.010418,74.125.24.0-255,5738,142210,36,165624
4437,0.010424,172.31.33.0-255,66,142276,36,165624
4438,0.012421,74.125.24.0-255,5738,148014,36,165624
4439,0.012437,172.31.33.0-255,66,148080,36,165624
4440,0.014469,74.125.24.0-255,5738,153818,36,165624
4441,0.014478,172.31.33.0-255,66,153884,36,165624
4442,0.016469,74.125.24.0-255,5738,159622,36,165624
4443,0.016476,172.31.33.0-255,66,159688,36,165624
4444,0.018461,74.125.24.0-255,2902,162590,36,165624
4445,0.018467,172.31.33.0-255,66,162656,36,165624
4446,0.018488,74.125.24.0-255,2902,165558,36,165624
4447,0.018492,172.31.33.0-255,66,165624,36,165624
4448,0.0,172.217.194.0-255,143,143,36,143511
4449,2.1e-05,172.31.33.0-255,66,209,36,143511
4450,2.6e-05,172.217.194.0-255,1484,1693,36,143511
4451,3e-05,172.31.33.0-255,66,1759,36,143511
4452,3.6e-05,172.217.194.0-255,2902,4661,36,143511
4453,3.8e-05,172.31.33.0-255,66,4727,36,143511
4454,5.5e-05,172.217.194.0-255,1484,6211,36,143511
4455,5.7e-05,172.31.33.0-255,66,6277,36,143511
4456,9.1e-05,172.217.194.0-255,5738,12015,36,143511
4457,9.3e-05,172.31.33.0-255,66,12081,36,143511
4458,0.000104,172.31.33.0-255,66,12147,36,143511
4459,0.000144,172.217.194.0-255,7156,19303,36,143511
4460,0.000148,172.31.33.0-255,66,19369,36,143511
4461,0.000169,172.217.194.0-255,2543,21912,36,143511
4462,0.000171,172.31.33.0-255,66,21978,36,143511
4463,0.000183,172.31.33.0-255,66,22044,36,143511
4464,0.000187,172.217.194.0-255,1484,23528,36,143511
4465,0.000189,172.31.33.0-255,66,23594,36,143511
4466,0.000205,172.217.194.0-255,5379,28973,36,143511
4467,0.000207,172.31.33.0-255,66,29039,36,143511
4468,0.000259,172.31.33.0-255,66,29105,36,143511
4469,0.000279,172.217.194.0-255,1781,30886,36,143511
4470,0.000282,172.31.33.0-255,66,30952,36,143511
4471,0.000286,172.217.194.0-255,2902,33854,36,143511
4472,0.000288,172.31.33.0-255,66,33920,36,143511
4473,0.000312,172.217.194.0-255,7156,41076,36,143511
4474,0.000315,172.31.33.0-255,66,41142,36,143511
4475,0.000353,172.217.194.0-255,4829,45971,36,143511
4476,0.000357,172.31.33.0-255,66,46037,36,143511
4477,0.000363,172.217.194.0-255,5738,51775,36,143511
4478,0.000366,172.31.33.0-255,66,51841,36,143511
4479,0.000393,172.217.194.0-255,2902,54743,36,143511
4480,0.000396,172.31.33.0-255,66,54809,36,143511
4481,0.000426,172.31.33.0-255,66,54875,36,143511
4482,0.000445,172.217.194.0-255,1484,56359,36,143511
4483,0.00045,172.217.194.0-255,1484,57843,36,143511
4484,0.000453,172.31.33.0-255,66,57909,36,143511
4485,0.000466,172.217.194.0-255,1484,59393,36,143511
4486,0.000471,172.217.194.0-255,4320,63713,36,143511
4487,0.000474,172.31.33.0-255,66,63779,36,143511
4488,0.000492,172.217.194.0-255,1484,65263,36,143511
4489,0.000506,172.31.33.0-255,66,65329,36,143511
4490,0.000517,172.217.194.0-255,1484,66813,36,143511
4491,0.000579,172.217.194.0-255,5738,72551,36,143511
4492,0.000585,172.31.33.0-255,66,72617,36,143511
4493,0.000599,172.217.194.0-255,5020,77637,36,143511
4494,0.000602,172.31.33.0-255,66,77703,36,143511
4495,0.000618,172.217.194.0-255,1484,79187,36,143511
4496,0.000637,172.217.194.0-255,2902,82089,36,143511
4497,0.000641,172.31.33.0-255,66,82155,36,143511
4498,0.000647,172.217.194.0-255,5738,87893,36,143511
4499,0.00065,172.31.33.0-255,66,87959,36,143511
4500,0.000664,172.217.194.0-255,4320,92279,36,143511
4501,0.000667,172.31.33.0-255,66,92345,36,143511
4502,0.000688,172.31.33.0-255,66,92411,36,143511
4503,0.000705,172.217.194.0-255,5738,98149,36,143511
4504,0.000708,172.31.33.0-255,66,98215,36,143511
4505,0.000734,172.31.33.0-255,66,98281,36,143511
4506,0.000751,172.31.33.0-255,66,98347,36,143511
4507,0.000762,172.31.33.0-255,66,98413,36,143511
4508,0.000818,172.31.33.0-255,66,98479,36,143511
4509,0.000841,172.31.33.0-255,66,98545,36,143511
4510,0.000885,172.31.33.0-255,66,98611,36,143511
4511,0.0009,172.217.194.0-255,1484,100095,36,143511
4512,0.000901,172.31.33.0-255,66,100161,36,143511
4513,0.00094,172.31.33.0-255,66,100227,36,143511
4514,0.000964,172.217.194.0-255,766,100993,36,143511
4515,0.000968,172.217.194.0-255,1484,102477,36,143511
4516,0.00097,172.31.33.0-255,66,102543,36,143511
4517,0.000975,172.217.194.0-255,2902,105445,36,143511
4518,0.000978,172.31.33.0-255,66,105511,36,143511
4519,0.000984,172.217.194.0-255,5738,111249,36,143511
4520,0.000988,172.31.33.0-255,66,111315,36,143511
4521,0.000995,172.31.33.0-255,66,111381,36,143511
4522,0.001019,172.217.194.0-255,4320,115701,36,143511
4523,0.001023,172.31.33.0-255,66,115767,36,143511
4524,0.001029,172.31.33.0-255,66,115833,36,143511
4525,0.001077,172.31.33.0-255,66,115899,36,143511
4526,0.001089,172.31.33.0-255,66,115965,36,143511
4527,0.001155,172.31.33.0-255,66,116031,36,143511
4528,0.001253,172.217.194.0-255,1484,117515,36,143511
4529,0.001259,172.217.194.0-255,2902,120417,36,143511
4530,0.001262,172.31.33.0-255,66,120483,36,143511
4531,0.001285,172.217.194.0-255,5738,126221,36,143511
4532,0.001288,172.31.33.0-255,66,126287,36,143511
4533,0.001321,172.31.33.0-255,66,126353,36,143511
4534,0.001333,172.31.33.0-255,66,126419,36,143511
4535,0.001376,172.217.194.0-255,7156,133575,36,143511
4536,0.001379,172.31.33.0-255,66,133641,36,143511
4537,0.001391,172.31.33.0-255,66,133707,36,143511
4538,0.001416,172.217.194.0-255,7156,140863,36,143511
4539,0.001419,172.31.33.0-255,66,140929,36,143511
4540,0.00145,172.31.33.0-255,66,140995,36,143511
4541,0.001453,172.217.194.0-255,766,141761,36,143511
4542,0.001467,172.217.194.0-255,1342,143103,36,143511
4543,0.00147,172.31.33.0-255,66,143169,36,143511
4544,0.001504,172.217.194.0-255,105,143274,36,143511
4545,0.007522,172.31.33.0-255,66,143340,36,143511
4546,0.007545,172.31.33.0-255,105,143445,36,143511
4547,0.00949,172.217.194.0-255,66,143511,36,143511
4548,0.0,74.125.68.0-255,145,145,36,301968
4549,2.4e-05,172.31.33.0-255,66,211,36,301968
4550,3e-05,74.125.68.0-255,1484,1695,36,301968
4551,3.4e-05,172.31.33.0-255,66,1761,36,301968
4552,3.8e-05,74.125.68.0-255,2902,4663,36,301968
4553,4e-05,172.31.33.0-255,66,4729,36,301968
4554,4.5e-05,74.125.68.0-255,4320,9049,36,301968
4555,4.8e-05,172.31.33.0-255,66,9115,36,301968
4556,6.4e-05,74.125.68.0-255,1484,10599,36,301968
4557,6.7e-05,172.31.33.0-255,66,10665,36,301968
4558,7.1e-05,74.125.68.0-255,2902,13567,36,301968
4559,7.4e-05,172.31.33.0-255,66,13633,36,301968
4560,0.0001,74.125.68.0-255,3412,17045,36,301968
4561,0.000102,172.31.33.0-255,66,17111,36,301968
4562,0.000105,74.125.68.0-255,1484,18595,36,301968
4563,0.000107,172.31.33.0-255,66,18661,36,301968
4564,0.000111,74.125.68.0-255,2902,21563,36,301968
4565,0.000113,172.31.33.0-255,66,21629,36,301968
4566,0.000117,74.125.68.0-255,5738,27367,36,301968
4567,0.00012,172.31.33.0-255,66,27433,36,301968
4568,0.000185,172.31.33.0-255,66,27499,36,301968
4569,0.000188,74.125.68.0-255,1484,28983,36,301968
4570,0.000189,172.31.33.0-255,66,29049,36,301968
4571,0.00021,74.125.68.0-255,5738,34787,36,301968
4572,0.000215,172.31.33.0-255,66,34853,36,301968
4573,0.000246,74.125.68.0-255,2184,37037,36,301968
4574,0.000249,172.31.33.0-255,66,37103,36,301968
4575,0.000382,74.125.68.0-255,1484,38587,36,301968
4576,0.000386,172.31.33.0-255,66,38653,36,301968
4577,0.000389,74.125.68.0-255,1484,40137,36,301968
4578,0.00039,172.31.33.0-255,66,40203,36,301968
4579,0.000395,74.125.68.0-255,2902,43105,36,301968
4580,0.000397,172.31.33.0-255,66,43171,36,301968
4581,0.00043,74.125.68.0-255,5738,48909,36,301968
4582,0.000433,172.31.33.0-255,66,48975,36,301968
4583,0.000445,74.125.68.0-255,1484,50459,36,301968
4584,0.000461,74.125.68.0-255,4294,54753,36,301968
4585,0.000464,172.31.33.0-255,66,54819,36,301968
4586,0.000979,74.125.68.0-255,1484,56303,36,301968
4587,0.000989,74.125.68.0-255,2902,59205,36,301968
4588,0.000993,172.31.33.0-255,66,59271,36,301968
4589,0.000996,74.125.68.0-255,1484,60755,36,301968
4590,0.00102,74.125.68.0-255,2902,63657,36,301968
4591,0.001023,172.31.33.0-255,66,63723,36,301968
4592,0.001027,74.125.68.0-255,2902,66625,36,301968
4593,0.001029,172.31.33.0-255,66,66691,36,301968
4594,0.001051,74.125.68.0-255,2902,69593,36,301968
4595,0.001053,172.31.33.0-255,66,69659,36,301968
4596,0.001059,74.125.68.0-255,4320,73979,36,301968
4597,0.00106,172.31.33.0-255,66,74045,36,301968
4598,0.001063,74.125.68.0-255,1484,75529,36,301968
4599,0.001095,74.125.68.0-255,4320,79849,36,301968
4600,0.001098,172.31.33.0-255,66,79915,36,301968
4601,0.001104,74.125.68.0-255,2902,82817,36,301968
4602,0.001105,172.31.33.0-255,66,82883,36,301968
4603,0.001137,74.125.68.0-255,6438,89321,36,301968
4604,0.001141,172.31.33.0-255,66,89387,36,301968
4605,0.001225,74.125.68.0-255,1484,90871,36,301968
4606,0.001229,74.125.68.0-255,1484,92355,36,301968
4607,0.001232,172.31.33.0-255,66,92421,36,301968
4608,0.001258,74.125.68.0-255,1484,93905,36,301968
4609,0.001264,74.125.68.0-255,4320,98225,36,301968
4610,0.001266,172.31.33.0-255,66,98291,36,301968
4611,0.001272,74.125.68.0-255,5738,104029,36,301968
4612,0.001273,172.31.33.0-255,66,104095,36,301968
4613,0.001303,74.125.68.0-255,7156,111251,36,301968
4614,0.001305,172.31.33.0-255,66,111317,36,301968
4615,0.001324,74.125.68.0-255,4320,115637,36,301968
4616,0.001327,172.31.33.0-255,66,115703,36,301968
4617,0.001331,74.125.68.0-255,4320,120023,36,301968
4618,0.001332,172.31.33.0-255,66,120089,36,301968
4619,0.001356,74.125.68.0-255,2902,122991,36,301968
4620,0.001359,172.31.33.0-255,66,123057,36,301968
4621,0.001372,74.125.68.0-255,2184,125241,36,301968
4622,0.001376,172.31.33.0-255,66,125307,36,301968
4623,0.001403,74.125.68.0-255,5738,131045,36,301968
4624,0.001406,172.31.33.0-255,66,131111,36,301968
4625,0.001411,74.125.68.0-255,5738,136849,36,301968
4626,0.001413,172.31.33.0-255,66,136915,36,301968
4627,0.001444,74.125.68.0-255,7156,144071,36,301968
4628,0.001447,172.31.33.0-255,66,144137,36,301968
4629,0.00146,172.31.33.0-255,66,144203,36,301968
4630,0.001502,74.125.68.0-255,1484,145687,36,301968
4631,0.001518,74.125.68.0-255,2902,148589,36,301968
4632,0.001522,172.31.33.0-255,66,148655,36,301968
4633,0.001547,74.125.68.0-255,5738,154393,36,301968
4634,0.001549,172.31.33.0-255,66,154459,36,301968
4635,0.00158,172.31.33.0-255,66,154525,36,301968
4636,0.001616,172.31.33.0-255,66,154591,36,301968
4637,0.001795,74.125.68.0-255,1484,156075,36,301968
4638,0.001799,74.125.68.0-255,1484,157559,36,301968
4639,0.001801,172.31.33.0-255,66,157625,36,301968
4640,0.001824,74.125.68.0-255,1484,159109,36,301968
4641,0.001828,74.125.68.0-255,4320,163429,36,301968
4642,0.00183,172.31.33.0-255,66,163495,36,301968
4643,0.001893,74.125.68.0-255,4320,167815,36,301968
4644,0.001897,172.31.33.0-255,66,167881,36,301968
4645,0.001899,172.31.33.0-255,66,167947,36,301968
4646,0.001939,172.31.33.0-255,66,168013,36,301968
4647,0.001964,74.125.68.0-255,6438,174451,36,301968
4648,0.001966,172.31.33.0-255,66,174517,36,301968
4649,0.001982,172.31.33.0-255,66,174583,36,301968
4650,0.002009,74.125.68.0-255,1484,176067,36,301968
4651,0.002013,74.125.68.0-255,4320,180387,36,301968
4652,0.002015,172.31.33.0-255,66,180453,36,301968
4653,0.002042,74.125.68.0-255,5738,186191,36,301968
4654,0.002044,172.31.33.0-255,66,186257,36,301968
4655,0.002069,74.125.68.0-255,5020,191277,36,301968
4656,0.002071,172.31.33.0-255,66,191343,36,301968
4657,0.002148,74.125.68.0-255,1484,192827,36,301968
4658,0.002161,74.125.68.0-255,2902,195729,36,301968
4659,0.002164,172.31.33.0-255,66,195795,36,301968
4660,0.002167,74.125.68.0-255,1484,197279,36,301968
4661,0.00219,74.125.68.0-255,2902,200181,36,301968
4662,0.002192,172.31.33.0-255,66,200247,36,301968
4663,0.002198,74.125.68.0-255,5738,205985,36,301968
4664,0.002199,172.31.33.0-255,66,206051,36,301968
4665,0.00223,74.125.68.0-255,5738,211789,36,301968
4666,0.002232,172.31.33.0-255,66,211855,36,301968
4667,0.002247,74.125.68.0-255,5738,217593,36,301968
4668,0.002252,172.31.33.0-255,66,217659,36,301968
4669,0.002256,74.125.68.0-255,4320,221979,36,301968
4670,0.002258,172.31.33.0-255,66,222045,36,301968
4671,0.002277,74.125.68.0-255,3602,225647,36,301968
4672,0.002279,172.31.33.0-255,66,225713,36,301968
4673,0.002397,74.125.68.0-255,1484,227197,36,301968
4674,0.002413,74.125.68.0-255,2902,230099,36,301968
4675,0.002416,172.31.33.0-255,66,230165,36,301968
4676,0.002442,74.125.68.0-255,4320,234485,36,301968
4677,0.002444,172.31.33.0-255,66,234551,36,301968
4678,0.002449,74.125.68.0-255,5738,240289,36,301968
4679,0.00245,172.31.33.0-255,66,240355,36,301968
4680,0.002477,74.125.68.0-255,5738,246093,36,301968
4681,0.002479,172.31.33.0-255,66,246159,36,301968
4682,0.002508,74.125.68.0-255,5738,251897,36,301968
4683,0.002511,172.31.33.0-255,66,251963,36,301968
4684,0.002515,74.125.68.0-255,4320,256283,36,301968
4685,0.002517,172.31.33.0-255,66,256349,36,301968
4686,0.002536,74.125.68.0-255,1484,257833,36,301968
4687,0.002574,172.31.33.0-255,66,257899,36,301968
4688,0.002578,74.125.68.0-255,2902,260801,36,301968
4689,0.00258,172.31.33.0-255,66,260867,36,301968
4690,0.002614,172.31.33.0-255,66,260933,36,301968
4691,0.002619,74.125.68.0-255,3602,264535,36,301968
4692,0.002621,172.31.33.0-255,66,264601,36,301968
4693,0.002647,74.125.68.0-255,5738,270339,36,301968
4694,0.00265,172.31.33.0-255,66,270405,36,301968
4695,0.002669,74.125.68.0-255,2902,273307,36,301968
4696,0.002671,172.31.33.0-255,66,273373,36,301968
4697,0.005241,74.125.68.0-255,2902,276275,36,301968
4698,0.005247,172.31.33.0-255,66,276341,36,301968
4699,0.005271,74.125.68.0-255,2902,279243,36,301968
4700,0.005273,172.31.33.0-255,66,279309,36,301968
4701,0.00785,74.125.68.0-255,2902,282211,36,301968
4702,0.007856,172.31.33.0-255,66,282277,36,301968
4703,0.007885,74.125.68.0-255,2902,285179,36,301968
4704,0.007888,172.31.33.0-255,66,285245,36,301968
4705,0.010487,74.125.68.0-255,2902,288147,36,301968
4706,0.010494,172.31.33.0-255,66,288213,36,301968
4707,0.010525,74.125.68.0-255,2902,291115,36,301968
4708,0.010527,172.31.33.0-255,66,291181,36,301968
4709,0.0131,74.125.68.0-255,2902,294083,36,301968
4710,0.013106,172.31.33.0-255,66,294149,36,301968
4711,0.013133,74.125.68.0-255,2902,297051,36,301968
4712,0.013137,172.31.33.0-255,66,297117,36,301968
4713,0.015693,74.125.68.0-255,1484,298601,36,301968
4714,0.015709,74.125.68.0-255,1484,300085,36,301968
4715,0.015713,172.31.33.0-255,66,300151,36,301968
4716,0.015731,74.125.68.0-255,1580,301731,36,301968
4717,0.015733,172.31.33.0-255,66,301797,36,301968
4718,0.015908,172.31.33.0-255,105,301902,36,301968
4719,0.018469,74.125.68.0-255,66,301968,36,301968
4720,0.0,172.217.194.0-255,153,153,36,182797
4721,1.1e-05,172.31.33.0-255,66,219,36,182797
4722,4e-05,172.217.194.0-255,1484,1703,36,182797
4723,4.4e-05,172.31.33.0-255,66,1769,36,182797
4724,5.1e-05,172.217.194.0-255,2902,4671,36,182797
4725,5.3e-05,172.31.33.0-255,66,4737,36,182797
4726,7.8e-05,172.217.194.0-255,1484,6221,36,182797
4727,8.1e-05,172.31.33.0-255,66,6287,36,182797
4728,0.000104,172.217.194.0-255,1484,7771,36,182797
4729,0.000106,172.31.33.0-255,66,7837,36,182797
4730,0.000111,172.217.194.0-255,4320,12157,36,182797
4731,0.000113,172.31.33.0-255,66,12223,36,182797
4732,0.000141,172.217.194.0-255,3436,15659,36,182797
4733,0.000143,172.31.33.0-255,66,15725,36,182797
4734,0.000148,172.217.194.0-255,4320,20045,36,182797
4735,0.00015,172.31.33.0-255,66,20111,36,182797
4736,0.000171,172.217.194.0-255,4320,24431,36,182797
4737,0.000173,172.31.33.0-255,66,24497,36,182797
4738,0.000204,172.217.194.0-255,5738,30235,36,182797
4739,0.000206,172.31.33.0-255,66,30301,36,182797
4740,0.000211,172.217.194.0-255,4320,34621,36,182797
4741,0.000213,172.31.33.0-255,66,34687,36,182797
4742,0.000249,172.217.194.0-255,4320,39007,36,182797
4743,0.000251,172.31.33.0-255,66,39073,36,182797
4744,0.000282,172.31.33.0-255,66,39139,36,182797
4745,0.000953,172.217.194.0-255,1484,40623,36,182797
4746,0.000959,172.31.33.0-255,66,40689,36,182797
4747,0.000985,172.217.194.0-255,2902,43591,36,182797
4748,0.000988,172.31.33.0-255,66,43657,36,182797
4749,0.000994,172.217.194.0-255,5738,49395,36,182797
4750,0.000996,172.31.33.0-255,66,49461,36,182797
4751,0.000998,172.217.194.0-255,1484,50945,36,182797
4752,0.001024,172.217.194.0-255,2902,53847,36,182797
4753,0.001026,172.31.33.0-255,66,53913,36,182797
4754,0.00105,172.217.194.0-255,2868,56781,36,182797
4755,0.001052,172.31.33.0-255,66,56847,36,182797
4756,0.001514,172.217.194.0-255,1484,58331,36,182797
4757,0.001522,172.217.194.0-255,2902,61233,36,182797
4758,0.001526,172.31.33.0-255,66,61299,36,182797
4759,0.001531,172.217.194.0-255,2902,64201,36,182797
4760,0.001533,172.31.33.0-255,66,64267,36,182797
4761,0.001558,172.217.194.0-255,2902,67169,36,182797
4762,0.00156,172.31.33.0-255,66,67235,36,182797
4763,0.001567,172.217.194.0-255,7156,74391,36,182797
4764,0.001569,172.31.33.0-255,66,74457,36,182797
4765,0.001579,172.31.33.0-255,66,74523,36,182797
4766,0.001623,172.31.33.0-255,66,74589,36,182797
4767,0.001688,172.217.194.0-255,1484,76073,36,182797
4768,0.001705,172.217.194.0-255,2902,78975,36,182797
4769,0.001708,172.31.33.0-255,66,79041,36,182797
4770,0.001711,172.217.194.0-255,1484,80525,36,182797
4771,0.001727,172.217.194.0-255,4320,84845,36,182797
4772,0.001729,172.31.33.0-255,66,84911,36,182797
4773,0.001763,172.31.33.0-255,66,84977,36,182797
4774,0.001774,172.31.33.0-255,66,85043,36,182797
4775,0.001823,172.217.194.0-255,2902,87945,36,182797
4776,0.001825,172.31.33.0-255,66,88011,36,182797
4777,0.001856,172.31.33.0-255,66,88077,36,182797
4778,0.001885,172.31.33.0-255,66,88143,36,182797
4779,0.001914,172.217.194.0-255,5020,93163,36,182797
4780,0.001916,172.31.33.0-255,66,93229,36,182797
4781,0.001927,172.31.33.0-255,66,93295,36,182797
4782,0.001946,172.217.194.0-255,5738,99033,36,182797
4783,0.001948,172.31.33.0-255,66,99099,36,182797
4784,0.001972,172.217.194.0-255,2902,102001,36,182797
4785,0.001974,172.31.33.0-255,66,102067,36,182797
4786,0.002011,172.31.33.0-255,66,102133,36,182797
4787,0.002017,172.217.194.0-255,5738,107871,36,182797
4788,0.002019,172.31.33.0-255,66,107937,36,182797
4789,0.002042,172.217.194.0-255,1484,109421,36,182797
4790,0.002049,172.217.194.0-255,7156,116577,36,182797
4791,0.002051,172.31.33.0-255,66,116643,36,182797
4792,0.002061,172.217.194.0-255,1484,118127,36,182797
4793,0.002078,172.217.194.0-255,5738,123865,36,182797
4794,0.002081,172.31.33.0-255,66,123931,36,182797
4795,0.002111,172.31.33.0-255,66,123997,36,182797
4796,0.00215,172.217.194.0-255,1484,125481,36,182797
4797,0.002185,172.31.33.0-255,66,125547,36,182797
4798,0.002213,172.217.194.0-255,5020,130567,36,182797
4799,0.002257,172.217.194.0-255,7156,137723,36,182797
4800,0.00231,172.217.194.0-255,4320,142043,36,182797
4801,0.002361,172.217.194.0-255,2902,144945,36,182797
4802,0.002399,172.217.194.0-255,4320,149265,36,182797
4803,0.002402,172.217.194.0-255,2184,151449,36,182797
4804,0.002452,172.217.194.0-255,4320,155769,36,182797
4805,0.002467,172.217.194.0-255,1484,157253,36,182797
4806,0.002472,172.217.194.0-255,4320,161573,36,182797
4807,0.002484,172.217.194.0-255,4320,165893,36,182797
4808,0.002495,172.217.194.0-255,2184,168077,36,182797
4809,0.002501,172.217.194.0-255,7156,175233,36,182797
4810,0.002531,172.217.194.0-255,1484,176717,36,182797
4811,0.002544,172.217.194.0-255,5738,182455,36,182797
4812,0.002582,172.217.194.0-255,105,182560,36,182797
4813,0.003642,172.31.33.0-255,66,182626,36,182797
4814,0.009535,172.31.33.0-255,105,182731,36,182797
4815,0.012173,172.217.194.0-255,66,182797,36,182797
4816,0.0,172.217.27.0-255,226,226,36,106934
4817,2e-05,172.31.33.0-255,66,292,36,106934
4818,2.7e-05,172.217.27.0-255,1484,1776,36,106934
4819,3e-05,172.31.33.0-255,66,1842,36,106934
4820,4.9e-05,172.217.27.0-255,2902,4744,36,106934
4821,5.2e-05,172.31.33.0-255,66,4810,36,106934
4822,0.000128,172.217.27.0-255,2902,7712,36,106934
4823,0.000131,172.31.33.0-255,66,7778,36,106934
4824,0.000149,172.217.27.0-255,2902,10680,36,106934
4825,0.000151,172.31.33.0-255,66,10746,36,106934
4826,0.000294,172.217.27.0-255,3377,14123,36,106934
4827,0.000299,172.31.33.0-255,66,14189,36,106934
4828,0.000387,172.217.27.0-255,2902,17091,36,106934
4829,0.000391,172.31.33.0-255,66,17157,36,106934
4830,0.000419,172.217.27.0-255,1484,18641,36,106934
4831,0.000422,172.31.33.0-255,66,18707,36,106934
4832,0.000512,172.217.27.0-255,4320,23027,36,106934
4833,0.000516,172.31.33.0-255,66,23093,36,106934
4834,0.000534,172.217.27.0-255,5738,28831,36,106934
4835,0.000537,172.31.33.0-255,66,28897,36,106934
4836,0.000819,172.31.33.0-255,66,28963,36,106934
4837,0.000846,172.217.27.0-255,1484,30447,36,106934
4838,0.000849,172.31.33.0-255,66,30513,36,106934
4839,0.001658,172.217.27.0-255,2902,33415,36,106934
4840,0.001661,172.31.33.0-255,66,33481,36,106934
4841,0.002492,172.217.27.0-255,2902,36383,36,106934
4842,0.002498,172.31.33.0-255,66,36449,36,106934
4843,0.0033,172.217.27.0-255,2902,39351,36,106934
4844,0.003306,172.31.33.0-255,66,39417,36,106934
4845,0.004141,172.217.27.0-255,2902,42319,36,106934
4846,0.004147,172.31.33.0-255,66,42385,36,106934
4847,0.004951,172.217.27.0-255,2902,45287,36,106934
4848,0.004956,172.31.33.0-255,66,45353,36,106934
4849,0.005795,172.217.27.0-255,2902,48255,36,106934
4850,0.005804,172.31.33.0-255,66,48321,36,106934
4851,0.006615,172.217.27.0-255,2902,51223,36,106934
4852,0.006618,172.31.33.0-255,66,51289,36,106934
4853,0.007476,172.217.27.0-255,2902,54191,36,106934
4854,0.007482,172.31.33.0-255,66,54257,36,106934
4855,0.008263,172.217.27.0-255,2902,57159,36,106934
4856,0.008268,172.31.33.0-255,66,57225,36,106934
4857,0.009127,172.217.27.0-255,2902,60127,36,106934
4858,0.009133,172.31.33.0-255,66,60193,36,106934
4859,0.009913,172.217.27.0-255,2902,63095,36,106934
4860,0.009918,172.31.33.0-255,66,63161,36,106934
4861,0.010788,172.217.27.0-255,2902,66063,36,106934
4862,0.010796,172.31.33.0-255,66,66129,36,106934
4863,0.011563,172.217.27.0-255,2902,69031,36,106934
4864,0.01157,172.31.33.0-255,66,69097,36,106934
4865,0.012448,172.217.27.0-255,2902,71999,36,106934
4866,0.012456,172.31.33.0-255,66,72065,36,106934
4867,0.013216,172.217.27.0-255,2902,74967,36,106934
4868,0.013224,172.31.33.0-255,66,75033,36,106934
4869,0.01411,172.217.27.0-255,2902,77935,36,106934
4870,0.014116,172.31.33.0-255,66,78001,36,106934
4871,0.014863,172.217.27.0-255,2902,80903,36,106934
4872,0.014869,172.31.33.0-255,66,80969,36,106934
4873,0.015755,172.217.27.0-255,2902,83871,36,106934
4874,0.01576,172.31.33.0-255,66,83937,36,106934
4875,0.01651,172.217.27.0-255,2902,86839,36,106934
4876,0.016516,172.31.33.0-255,66,86905,36,106934
4877,0.0174,172.217.27.0-255,2902,89807,36,106934
4878,0.017405,172.31.33.0-255,66,89873,36,106934
4879,0.017899,172.31.33.0-255,167,90040,36,106934
4880,0.017929,172.31.33.0-255,1109,91149,36,106934
4881,0.017972,172.31.33.0-255,1514,92663,36,106934
4882,0.017974,172.31.33.0-255,1514,94177,36,106934
4883,0.017975,172.31.33.0-255,1514,95691,36,106934
4884,0.017976,172.31.33.0-255,1514,97205,36,106934
4885,0.017977,172.31.33.0-255,561,97766,36,106934
4886,0.018153,172.217.27.0-255,2902,100668,36,106934
4887,0.01816,172.31.33.0-255,66,100734,36,106934
4888,0.019053,172.217.27.0-255,2902,103636,36,106934
4889,0.019059,172.31.33.0-255,66,103702,36,106934
4890,0.019411,104.244.42.0-255,66,103768,36,106934
4891,0.019546,104.244.42.0-255,66,103834,36,106934
4892,0.019551,104.244.42.0-255,66,103900,36,106934
4893,0.019554,104.244.42.0-255,66,103966,36,106934
4894,0.019796,172.217.27.0-255,2902,106868,36,106934
4895,0.019802,172.31.33.0-255,66,106934,36,106934
4896,0.0,74.125.200.0-255,152,152,36,226676
4897,1.9e-05,172.31.33.0-255,66,218,36,226676
4898,2.5e-05,74.125.200.0-255,1484,1702,36,226676
4899,2.9e-05,172.31.33.0-255,66,1768,36,226676
4900,3.5e-05,74.125.200.0-255,2902,4670,36,226676
4901,3.8e-05,172.31.33.0-255,66,4736,36,226676
4902,6.9e-05,74.125.200.0-255,7156,11892,36,226676
4903,7.2e-05,172.31.33.0-255,66,11958,36,226676
4904,0.000104,74.125.200.0-255,2029,13987,36,226676
4905,0.000106,172.31.33.0-255,66,14053,36,226676
4906,0.00022,74.125.200.0-255,1484,15537,36,226676
4907,0.000224,172.31.33.0-255,66,15603,36,226676
4908,0.000229,74.125.200.0-255,2902,18505,36,226676
4909,0.000231,172.31.33.0-255,66,18571,36,226676
4910,0.000243,74.125.200.0-255,1484,20055,36,226676
4911,0.000245,172.31.33.0-255,66,20121,36,226676
4912,0.000267,74.125.200.0-255,4320,24441,36,226676
4913,0.00027,172.31.33.0-255,66,24507,36,226676
4914,0.000274,74.125.200.0-255,2902,27409,36,226676
4915,0.000276,172.31.33.0-255,66,27475,36,226676
4916,0.000281,74.125.200.0-255,3961,31436,36,226676
4917,0.000284,172.31.33.0-255,66,31502,36,226676
4918,0.000302,74.125.200.0-255,1484,32986,36,226676
4919,0.000305,172.31.33.0-255,66,33052,36,226676
4920,0.000326,74.125.200.0-255,2902,35954,36,226676
4921,0.000329,172.31.33.0-255,66,36020,36,226676
4922,0.000335,74.125.200.0-255,5738,41758,36,226676
4923,0.000338,172.31.33.0-255,66,41824,36,226676
4924,0.00037,172.31.33.0-255,66,41890,36,226676
4925,0.000384,74.125.200.0-255,1484,43374,36,226676
4926,0.000386,172.31.33.0-255,66,43440,36,226676
4927,0.000406,74.125.200.0-255,2902,46342,36,226676
4928,0.000408,172.31.33.0-255,66,46408,36,226676
4929,0.000433,172.31.33.0-255,66,46474,36,226676
4930,0.000461,74.125.200.0-255,2512,48986,36,226676
4931,0.000464,172.31.33.0-255,66,49052,36,226676
4932,0.000586,74.125.200.0-255,113,49165,36,226676
4933,0.000691,74.125.200.0-255,1484,50649,36,226676
4934,0.000697,172.31.33.0-255,66,50715,36,226676
4935,0.000701,74.125.200.0-255,1484,52199,36,226676
4936,0.000716,74.125.200.0-255,1484,53683,36,226676
4937,0.000718,172.31.33.0-255,66,53749,36,226676
4938,0.000721,74.125.200.0-255,1484,55233,36,226676
4939,0.000725,74.125.200.0-255,2902,58135,36,226676
4940,0.000727,172.31.33.0-255,66,58201,36,226676
4941,0.000751,74.125.200.0-255,4320,62521,36,226676
4942,0.000754,172.31.33.0-255,66,62587,36,226676
4943,0.000772,74.125.200.0-255,1484,64071,36,226676
4944,0.000775,74.125.200.0-255,2230,66301,36,226676
4945,0.000778,172.31.33.0-255,66,66367,36,226676
4946,0.000916,74.125.200.0-255,1484,67851,36,226676
4947,0.00092,74.125.200.0-255,1484,69335,36,226676
4948,0.000923,172.31.33.0-255,66,69401,36,226676
4949,0.00094,74.125.200.0-255,1484,70885,36,226676
4950,0.000964,74.125.200.0-255,2902,73787,36,226676
4951,0.000966,172.31.33.0-255,66,73853,36,226676
4952,0.000986,74.125.200.0-255,2902,76755,36,226676
4953,0.000988,172.31.33.0-255,66,76821,36,226676
4954,0.000994,74.125.200.0-255,5738,82559,36,226676
4955,0.000995,172.31.33.0-255,66,82625,36,226676
4956,0.001002,74.125.200.0-255,7156,89781,36,226676
4957,0.001004,172.31.33.0-255,66,89847,36,226676
4958,0.001036,172.31.33.0-255,66,89913,36,226676
4959,0.001053,74.125.200.0-255,2184,92097,36,226676
4960,0.001057,172.31.33.0-255,66,92163,36,226676
4961,0.001073,74.125.200.0-255,1484,93647,36,226676
4962,0.001091,74.125.200.0-255,2902,96549,36,226676
4963,0.001093,172.31.33.0-255,66,96615,36,226676
4964,0.001112,74.125.200.0-255,4320,100935,36,226676
4965,0.001114,172.31.33.0-255,66,101001,36,226676
4966,0.00113,74.125.200.0-255,1484,102485,36,226676
4967,0.00115,74.125.200.0-255,1484,103969,36,226676
4968,0.001153,172.31.33.0-255,66,104035,36,226676
4969,0.001159,74.125.200.0-255,2902,106937,36,226676
4970,0.001161,172.31.33.0-255,66,107003,36,226676
4971,0.001179,74.125.200.0-255,5379,112382,36,226676
4972,0.001183,172.31.33.0-255,66,112448,36,226676
4973,0.001187,74.125.200.0-255,2902,115350,36,226676
4974,0.00119,172.31.33.0-255,66,115416,36,226676
4975,0.001217,74.125.200.0-255,2902,118318,36,226676
4976,0.001221,172.31.33.0-255,66,118384,36,226676
4977,0.001228,74.125.200.0-255,5738,124122,36,226676
4978,0.001231,172.31.33.0-255,66,124188,36,226676
4979,0.001254,74.125.200.0-255,5738,129926,36,226676
4980,0.001258,172.31.33.0-255,66,129992,36,226676
4981,0.001263,74.125.200.0-255,4320,134312,36,226676
4982,0.001266,172.31.33.0-255,66,134378,36,226676
4983,0.001299,172.31.33.0-255,66,134444,36,226676
4984,0.001302,74.125.200.0-255,766,135210,36,226676
4985,0.001855,74.125.200.0-255,1484,136694,36,226676
4986,0.00186,172.31.33.0-255,66,136760,36,226676
4987,0.001865,74.125.200.0-255,2902,139662,36,226676
4988,0.001867,172.31.33.0-255,66,139728,36,226676
4989,0.001896,74.125.200.0-255,5738,145466,36,226676
4990,0.001898,172.31.33.0-255,66,145532,36,226676
4991,0.001901,74.125.200.0-255,1484,147016,36,226676
4992,0.001921,74.125.200.0-255,5738,152754,36,226676
4993,0.001925,172.31.33.0-255,66,152820,36,226676
4994,0.001934,74.125.200.0-255,2902,155722,36,226676
4995,0.001935,172.31.33.0-255,66,155788,36,226676
4996,0.001955,74.125.200.0-255,7156,162944,36,226676
4997,0.001957,172.31.33.0-255,66,163010,36,226676
4998,0.001979,74.125.200.0-255,1484,164494,36,226676
4999,0.002003,74.125.200.0-255,5020,169514,36,226676
5000,0.002006,172.31.33.0-255,66,169580,36,226676
5001,0.002078,74.125.200.0-255,1484,171064,36,226676
5002,0.002091,74.125.200.0-255,2902,173966,36,226676
5003,0.002094,172.31.33.0-255,66,174032,36,226676
5004,0.002111,74.125.200.0-255,2902,176934,36,226676
5005,0.002113,172.31.33.0-255,66,177000,36,226676
5006,0.002127,74.125.200.0-255,2902,179902,36,226676
5007,0.002129,172.31.33.0-255,66,179968,36,226676
5008,0.004216,74.125.200.0-255,5738,185706,36,226676
5009,0.004221,172.31.33.0-255,66,185772,36,226676
5010,0.006332,74.125.200.0-255,5738,191510,36,226676
5011,0.006338,172.31.33.0-255,66,191576,36,226676
5012,0.008448,74.125.200.0-255,5738,197314,36,226676
5013,0.008454,172.31.33.0-255,66,197380,36,226676
5014,0.010567,74.125.200.0-255,5738,203118,36,226676
5015,0.010574,172.31.33.0-255,66,203184,36,226676
5016,0.012677,74.125.200.0-255,5738,208922,36,226676
5017,0.012683,172.31.33.0-255,66,208988,36,226676
5018,0.014788,74.125.200.0-255,5738,214726,36,226676
5019,0.0148,172.31.33.0-255,66,214792,36,226676
5020,0.016919,74.125.200.0-255,5738,220530,36,226676
5021,0.016925,172.31.33.0-255,66,220596,36,226676
5022,0.017681,172.31.33.0-255,105,220701,36,226676
5023,0.019022,74.125.200.0-255,5738,226439,36,226676
5024,0.019028,172.31.33.0-255,66,226505,36,226676
5025,0.019185,157.240.7.0-255,105,226610,36,226676
5026,0.019192,172.31.33.0-255,66,226676,36,226676
5027,0.0,74.125.130.0-255,431,431,36,102153
5028,2.2e-05,74.125.130.0-255,1484,1915,36,102153
5029,3e-05,172.31.33.0-255,66,1981,36,102153
5030,3.7e-05,74.125.130.0-255,2902,4883,36,102153
5031,3.9e-05,172.31.33.0-255,66,4949,36,102153
5032,5.3e-05,74.125.130.0-255,1484,6433,36,102153
5033,6.4e-05,74.125.130.0-255,4320,10753,36,102153
5034,6.6e-05,172.31.33.0-255,66,10819,36,102153
5035,0.000239,74.125.130.0-255,3438,14257,36,102153
5036,0.000244,172.31.33.0-255,66,14323,36,102153
5037,0.00036,74.125.130.0-255,4320,18643,36,102153
5038,0.000364,172.31.33.0-255,66,18709,36,102153
5039,0.000537,172.31.33.0-255,66,18775,36,102153
5040,0.002076,74.125.130.0-255,7156,25931,36,102153
5041,0.002183,74.125.130.0-255,2902,28833,36,102153
5042,0.002198,74.125.130.0-255,4320,33153,36,102153
5043,0.002449,74.125.130.0-255,5738,38891,36,102153
5044,0.002976,74.125.130.0-255,2902,41793,36,102153
5045,0.002989,74.125.130.0-255,5738,47531,36,102153
5046,0.003005,74.125.130.0-255,5738,53269,36,102153
5047,0.003431,74.125.130.0-255,4320,57589,36,102153
5048,0.003837,74.125.130.0-255,4320,61909,36,102153
5049,0.010274,74.125.130.0-255,1484,63393,36,102153
5050,0.015141,172.31.33.0-255,66,63459,36,102153
5051,0.016496,172.31.33.0-255,66,63525,36,102153
5052,0.017192,74.125.130.0-255,7156,70681,36,102153
5053,0.017201,172.31.33.0-255,66,70747,36,102153
5054,0.017218,74.125.130.0-255,1484,72231,36,102153
5055,0.017304,74.125.130.0-255,3206,75437,36,102153
5056,0.017308,172.31.33.0-255,66,75503,36,102153
5057,0.018549,74.125.130.0-255,7156,82659,36,102153
5058,0.018554,172.31.33.0-255,66,82725,36,102153
5059,0.018573,74.125.130.0-255,4016,86741,36,102153
5060,0.018575,172.31.33.0-255,66,86807,36,102153
5061,0.018691,74.125.130.0-255,4320,91127,36,102153
5062,0.018694,172.31.33.0-255,66,91193,36,102153
5063,0.018722,172.31.33.0-255,66,91259,36,102153
5064,0.019143,172.31.33.0-255,66,91325,36,102153
5065,0.019163,74.125.130.0-255,5738,97063,36,102153
5066,0.019166,172.31.33.0-255,66,97129,36,102153
5067,0.019541,74.125.130.0-255,4826,101955,36,102153
5068,0.019545,172.31.33.0-255,66,102021,36,102153
5069,0.019704,172.31.33.0-255,66,102087,36,102153
5070,0.019726,172.31.33.0-255,66,102153,36,102153
5071,0.0,74.125.24.0-255,298,298,36,230821
5072,1.3e-05,172.31.33.0-255,66,364,36,230821
5073,1.9e-05,74.125.24.0-255,1484,1848,36,230821
5074,2.4e-05,172.31.33.0-255,66,1914,36,230821
5075,3.1e-05,74.125.24.0-255,4320,6234,36,230821
5076,3.4e-05,172.31.33.0-255,66,6300,36,230821
5077,3.7e-05,74.125.24.0-255,1484,7784,36,230821
5078,4e-05,172.31.33.0-255,66,7850,36,230821
5079,5.7e-05,74.125.24.0-255,1484,9334,36,230821
5080,5.9e-05,172.31.33.0-255,66,9400,36,230821
5081,9.5e-05,172.31.33.0-255,66,9466,36,230821
5082,0.000101,74.125.24.0-255,4320,13786,36,230821
5083,0.000103,172.31.33.0-255,66,13852,36,230821
5084,0.000175,74.125.24.0-255,5738,19590,36,230821
5085,0.000178,172.31.33.0-255,66,19656,36,230821
5086,0.000193,74.125.24.0-255,2543,22199,36,230821
5087,0.000195,172.31.33.0-255,66,22265,36,230821
5088,0.000327,74.125.24.0-255,1484,23749,36,230821
5089,0.000332,172.31.33.0-255,66,23815,36,230821
5090,0.000338,74.125.24.0-255,2902,26717,36,230821
5091,0.00034,172.31.33.0-255,66,26783,36,230821
5092,0.000343,74.125.24.0-255,1484,28267,36,230821
5093,0.000345,172.31.33.0-255,66,28333,36,230821
5094,0.00037,74.125.24.0-255,1484,29817,36,230821
5095,0.000372,172.31.33.0-255,66,29883,36,230821
5096,0.000377,74.125.24.0-255,4320,34203,36,230821
5097,0.000379,172.31.33.0-255,66,34269,36,230821
5098,0.000388,172.31.33.0-255,66,34335,36,230821
5099,0.000423,172.31.33.0-255,66,34401,36,230821
5100,0.000482,74.125.24.0-255,3895,38296,36,230821
5101,0.000485,172.31.33.0-255,66,38362,36,230821
5102,0.000549,74.125.24.0-255,134,38496,36,230821
5103,0.000598,74.125.24.0-255,1484,39980,36,230821
5104,0.000603,172.31.33.0-255,66,40046,36,230821
5105,0.000609,74.125.24.0-255,2902,42948,36,230821
5106,0.000611,172.31.33.0-255,66,43014,36,230821
5107,0.000646,74.125.24.0-255,5738,48752,36,230821
5108,0.00065,172.31.33.0-255,66,48818,36,230821
5109,0.00066,172.31.33.0-255,66,48884,36,230821
5110,0.000733,172.31.33.0-255,66,48950,36,230821
5111,0.000753,74.125.24.0-255,3602,52552,36,230821
5112,0.000756,172.31.33.0-255,66,52618,36,230821
5113,0.000799,74.125.24.0-255,1484,54102,36,230821
5114,0.000815,74.125.24.0-255,2902,57004,36,230821
5115,0.000819,172.31.33.0-255,66,57070,36,230821
5116,0.000825,74.125.24.0-255,5738,62808,36,230821
5117,0.000827,172.31.33.0-255,66,62874,36,230821
5118,0.000859,74.125.24.0-255,5738,68612,36,230821
5119,0.000863,172.31.33.0-255,66,68678,36,230821
5120,0.000884,74.125.24.0-255,7156,75834,36,230821
5121,0.000887,172.31.33.0-255,66,75900,36,230821
5122,0.000926,172.31.33.0-255,66,75966,36,230821
5123,0.00095,74.125.24.0-255,2184,78150,36,230821
5124,0.000953,172.31.33.0-255,66,78216,36,230821
5125,0.000975,74.125.24.0-255,1484,79700,36,230821
5126,0.00098,74.125.24.0-255,2902,82602,36,230821
5127,0.000982,172.31.33.0-255,66,82668,36,230821
5128,0.001004,74.125.24.0-255,5738,88406,36,230821
5129,0.001008,172.31.33.0-255,66,88472,36,230821
5130,0.001019,172.31.33.0-255,66,88538,36,230821
5131,0.001039,74.125.24.0-255,2902,91440,36,230821
5132,0.001041,172.31.33.0-255,66,91506,36,230821
5133,0.001064,74.125.24.0-255,2902,94408,36,230821
5134,0.001068,172.31.33.0-255,66,94474,36,230821
5135,0.001095,172.31.33.0-255,66,94540,36,230821
5136,0.001139,74.125.24.0-255,1484,96024,36,230821
5137,0.001144,74.125.24.0-255,2902,98926,36,230821
5138,0.001147,172.31.33.0-255,66,98992,36,230821
5139,0.001169,74.125.24.0-255,5738,104730,36,230821
5140,0.001172,172.31.33.0-255,66,104796,36,230821
5141,0.001175,74.125.24.0-255,1484,106280,36,230821
5142,0.001202,172.31.33.0-255,66,106346,36,230821
5143,0.001242,172.31.33.0-255,66,106412,36,230821
5144,0.001247,74.125.24.0-255,4320,110732,36,230821
5145,0.001249,172.31.33.0-255,66,110798,36,230821
5146,0.001265,74.125.24.0-255,7156,117954,36,230821
5147,0.001267,172.31.33.0-255,66,118020,36,230821
5148,0.001309,172.31.33.0-255,66,118086,36,230821
5149,0.001331,74.125.24.0-255,2902,120988,36,230821
5150,0.001334,172.31.33.0-255,66,121054,36,230821
5151,0.00134,74.125.24.0-255,6438,127492,36,230821
5152,0.001342,172.31.33.0-255,66,127558,36,230821
5153,0.001417,74.125.24.0-255,1484,129042,36,230821
5154,0.00142,74.125.24.0-255,1484,130526,36,230821
5155,0.001423,172.31.33.0-255,66,130592,36,230821
5156,0.001436,74.125.24.0-255,1484,132076,36,230821
5157,0.001439,74.125.24.0-255,1484,133560,36,230821
5158,0.001441,172.31.33.0-255,66,133626,36,230821
5159,0.001466,74.125.24.0-255,4320,137946,36,230821
5160,0.001468,172.31.33.0-255,66,138012,36,230821
5161,0.001482,172.31.33.0-255,66,138078,36,230821
5162,0.001518,172.31.33.0-255,66,138144,36,230821
5163,0.001524,74.125.24.0-255,5020,143164,36,230821
5164,0.001526,172.31.33.0-255,66,143230,36,230821
5165,0.00163,74.125.24.0-255,1484,144714,36,230821
5166,0.001633,74.125.24.0-255,1484,146198,36,230821
5167,0.001636,172.31.33.0-255,66,146264,36,230821
5168,0.001653,74.125.24.0-255,1484,147748,36,230821
5169,0.00166,74.125.24.0-255,5738,153486,36,230821
5170,0.001662,172.31.33.0-255,66,153552,36,230821
5171,0.001666,74.125.24.0-255,2902,156454,36,230821
5172,0.001667,172.31.33.0-255,66,156520,36,230821
5173,0.00169,74.125.24.0-255,1484,158004,36,230821
5174,0.001704,74.125.24.0-255,4320,162324,36,230821
5175,0.001707,172.31.33.0-255,66,162390,36,230821
5176,0.001727,74.125.24.0-255,4320,166710,36,230821
5177,0.00173,172.31.33.0-255,66,166776,36,230821
5178,0.001735,74.125.24.0-255,5738,172514,36,230821
5179,0.001737,172.31.33.0-255,66,172580,36,230821
5180,0.00175,74.125.24.0-255,4320,176900,36,230821
5181,0.001752,172.31.33.0-255,66,176966,36,230821
5182,0.00179,172.31.33.0-255,66,177032,36,230821
5183,0.001795,74.125.24.0-255,4320,181352,36,230821
5184,0.001797,172.31.33.0-255,66,181418,36,230821
5185,0.001844,172.31.33.0-255,66,181484,36,230821
5186,0.001862,74.125.24.0-255,5738,187222,36,230821
5187,0.001865,172.31.33.0-255,66,187288,36,230821
5188,0.001881,74.125.24.0-255,2184,189472,36,230821
5189,0.001883,172.31.33.0-255,66,189538,36,230821
5190,0.001888,74.125.24.0-255,2902,192440,36,230821
5191,0.001889,172.31.33.0-255,66,192506,36,230821
5192,0.001906,74.125.24.0-255,2902,195408,36,230821
5193,0.001909,172.31.33.0-255,66,195474,36,230821
5194,0.001924,74.125.24.0-255,4320,199794,36,230821
5195,0.001926,172.31.33.0-255,66,199860,36,230821
5196,0.001929,74.125.24.0-255,1484,201344,36,230821
5197,0.001961,172.31.33.0-255,66,201410,36,230821
5198,0.001979,74.125.24.0-255,2902,204312,36,230821
5199,0.001981,172.31.33.0-255,66,204378,36,230821
5200,0.002,172.31.33.0-255,66,204444,36,230821
5201,0.002122,74.125.24.0-255,1484,205928,36,230821
5202,0.002126,74.125.24.0-255,1484,207412,36,230821
5203,0.002129,172.31.33.0-255,66,207478,36,230821
5204,0.002141,74.125.24.0-255,1484,208962,36,230821
5205,0.002146,74.125.24.0-255,4320,213282,36,230821
5206,0.002148,172.31.33.0-255,66,213348,36,230821
5207,0.002167,74.125.24.0-255,1484,214832,36,230821
5208,0.002191,74.125.24.0-255,2902,217734,36,230821
5209,0.002193,172.31.33.0-255,66,217800,36,230821
5210,0.002218,172.31.33.0-255,66,217866,36,230821
5211,0.002224,74.125.24.0-255,5738,223604,36,230821
5212,0.002226,172.31.33.0-255,66,223670,36,230821
5213,0.002253,74.125.24.0-255,6743,230413,36,230821
5214,0.002255,172.31.33.0-255,66,230479,36,230821
5215,0.002265,74.125.24.0-255,105,230584,36,230821
5216,0.004563,172.31.33.0-255,66,230650,36,230821
5217,0.004595,172.31.33.0-255,105,230755,36,230821
5218,0.007061,74.125.24.0-255,66,230821,36,230821
5219,0.0,172.217.194.0-255,296,296,36,264636
5220,1.9e-05,172.31.33.0-255,66,362,36,264636
5221,2.4e-05,172.217.194.0-255,1484,1846,36,264636
5222,2.8e-05,172.31.33.0-255,66,1912,36,264636
5223,3.2e-05,172.217.194.0-255,2902,4814,36,264636
5224,3.4e-05,172.31.33.0-255,66,4880,36,264636
5225,5.2e-05,172.217.194.0-255,1484,6364,36,264636
5226,5.4e-05,172.31.33.0-255,66,6430,36,264636
5227,5.8e-05,172.217.194.0-255,2902,9332,36,264636
5228,5.9e-05,172.31.33.0-255,66,9398,36,264636
5229,7.6e-05,172.217.194.0-255,4649,14047,36,264636
5230,7.8e-05,172.31.33.0-255,66,14113,36,264636
5231,9e-05,172.217.194.0-255,1484,15597,36,264636
5232,9.1e-05,172.31.33.0-255,66,15663,36,264636
5233,0.00012,172.217.194.0-255,2902,18565,36,264636
5234,0.000122,172.31.33.0-255,66,18631,36,264636
5235,0.000127,172.217.194.0-255,5738,24369,36,264636
5236,0.000129,172.31.33.0-255,66,24435,36,264636
5237,0.00014,172.217.194.0-255,1484,25919,36,264636
5238,0.000143,172.31.33.0-255,66,25985,36,264636
5239,0.000161,172.217.194.0-255,5379,31364,36,264636
5240,0.000163,172.31.33.0-255,66,31430,36,264636
5241,0.000199,172.217.194.0-255,1484,32914,36,264636
5242,0.000201,172.31.33.0-255,66,32980,36,264636
5243,0.000221,172.217.194.0-255,2902,35882,36,264636
5244,0.000223,172.31.33.0-255,66,35948,36,264636
5245,0.000228,172.217.194.0-255,5738,41686,36,264636
5246,0.00023,172.31.33.0-255,66,41752,36,264636
5247,0.000258,172.217.194.0-255,7156,48908,36,264636
5248,0.00026,172.31.33.0-255,66,48974,36,264636
5249,0.000279,172.217.194.0-255,3961,52935,36,264636
5250,0.000281,172.31.33.0-255,66,53001,36,264636
5251,0.000293,172.31.33.0-255,66,53067,36,264636
5252,0.000308,172.217.194.0-255,1415,54482,36,264636
5253,0.000332,172.217.194.0-255,364,54846,36,264636
5254,0.000335,172.31.33.0-255,66,54912,36,264636
5255,0.000453,172.217.194.0-255,1484,56396,36,264636
5256,0.000467,172.217.194.0-255,1484,57880,36,264636
5257,0.000469,172.31.33.0-255,66,57946,36,264636
5258,0.000491,172.217.194.0-255,1484,59430,36,264636
5259,0.000498,172.217.194.0-255,5738,65168,36,264636
5260,0.000501,172.31.33.0-255,66,65234,36,264636
5261,0.000506,172.217.194.0-255,4320,69554,36,264636
5262,0.000508,172.31.33.0-255,66,69620,36,264636
5263,0.000546,172.31.33.0-255,66,69686,36,264636
5264,0.000557,172.31.33.0-255,66,69752,36,264636
5265,0.00056,172.217.194.0-255,2184,71936,36,264636
5266,0.000563,172.31.33.0-255,66,72002,36,264636
5267,0.001064,172.217.194.0-255,1484,73486,36,264636
5268,0.001072,172.217.194.0-255,2902,76388,36,264636
5269,0.001075,172.31.33.0-255,66,76454,36,264636
5270,0.001083,172.217.194.0-255,5738,82192,36,264636
5271,0.001085,172.31.33.0-255,66,82258,36,264636
5272,0.001115,172.217.194.0-255,7156,89414,36,264636
5273,0.001119,172.31.33.0-255,66,89480,36,264636
5274,0.001144,172.217.194.0-255,5738,95218,36,264636
5275,0.001147,172.31.33.0-255,66,95284,36,264636
5276,0.001158,172.31.33.0-255,66,95350,36,264636
5277,0.001161,172.217.194.0-255,766,96116,36,264636
5278,0.00118,172.217.194.0-255,1484,97600,36,264636
5279,0.001183,172.31.33.0-255,66,97666,36,264636
5280,0.001189,172.217.194.0-255,4320,101986,36,264636
5281,0.001191,172.31.33.0-255,66,102052,36,264636
5282,0.001205,172.217.194.0-255,4320,106372,36,264636
5283,0.001208,172.31.33.0-255,66,106438,36,264636
5284,0.001225,172.217.194.0-255,5738,112176,36,264636
5285,0.001228,172.31.33.0-255,66,112242,36,264636
5286,0.001238,172.31.33.0-255,66,112308,36,264636
5287,0.001267,172.217.194.0-255,1484,113792,36,264636
5288,0.00129,172.31.33.0-255,66,113858,36,264636
5289,0.001396,172.217.194.0-255,1484,115342,36,264636
5290,0.001416,172.217.194.0-255,2902,118244,36,264636
5291,0.001421,172.31.33.0-255,66,118310,36,264636
5292,0.001425,172.217.194.0-255,1484,119794,36,264636
5293,0.001439,172.217.194.0-255,1484,121278,36,264636
5294,0.00144,172.31.33.0-255,66,121344,36,264636
5295,0.001452,172.217.194.0-255,2902,124246,36,264636
5296,0.001455,172.31.33.0-255,66,124312,36,264636
5297,0.001458,172.217.194.0-255,1484,125796,36,264636
5298,0.001498,172.31.33.0-255,66,125862,36,264636
5299,0.001505,172.217.194.0-255,7156,133018,36,264636
5300,0.001507,172.31.33.0-255,66,133084,36,264636
5301,0.001552,172.217.194.0-255,3602,136686,36,264636
5302,0.001558,172.31.33.0-255,66,136752,36,264636
5303,0.001747,172.217.194.0-255,1484,138236,36,264636
5304,0.001767,172.217.194.0-255,2902,141138,36,264636
5305,0.001771,172.31.33.0-255,66,141204,36,264636
5306,0.001777,172.217.194.0-255,4320,145524,36,264636
5307,0.00178,172.31.33.0-255,66,145590,36,264636
5308,0.001793,172.217.194.0-255,1484,147074,36,264636
5309,0.0018,172.217.194.0-255,5738,152812,36,264636
5310,0.001803,172.31.33.0-255,66,152878,36,264636
5311,0.001824,172.217.194.0-255,4320,157198,36,264636
5312,0.001827,172.31.33.0-255,66,157264,36,264636
5313,0.001833,172.217.194.0-255,4320,161584,36,264636
5314,0.001836,172.31.33.0-255,66,161650,36,264636
5315,0.001854,172.217.194.0-255,4320,165970,36,264636
5316,0.001856,172.31.33.0-255,66,166036,36,264636
5317,0.001875,172.217.194.0-255,1484,167520,36,264636
5318,0.00189,172.217.194.0-255,3602,171122,36,264636
5319,0.001893,172.31.33.0-255,66,171188,36,264636
5320,0.001986,172.217.194.0-255,1484,172672,36,264636
5321,0.001989,172.217.194.0-255,1484,174156,36,264636
5322,0.001991,172.31.33.0-255,66,174222,36,264636
5323,0.00201,172.217.194.0-255,1484,175706,36,264636
5324,0.002016,172.217.194.0-255,5738,181444,36,264636
5325,0.002018,172.31.33.0-255,66,181510,36,264636
5326,0.002034,172.31.33.0-255,66,181576,36,264636
5327,0.00206,172.217.194.0-255,4320,185896,36,264636
5328,0.002062,172.31.33.0-255,66,185962,36,264636
5329,0.002067,172.217.194.0-255,4320,190282,36,264636
5330,0.002069,172.31.33.0-255,66,190348,36,264636
5331,0.002074,172.217.194.0-255,5738,196086,36,264636
5332,0.002077,172.31.33.0-255,66,196152,36,264636
5333,0.0021,172.217.194.0-255,2184,198336,36,264636
5334,0.002102,172.31.33.0-255,66,198402,36,264636
5335,0.002105,172.217.194.0-255,1484,199886,36,264636
5336,0.002123,172.217.194.0-255,5738,205624,36,264636
5337,0.002126,172.31.33.0-255,66,205690,36,264636
5338,0.002141,172.217.194.0-255,2902,208592,36,264636
5339,0.002143,172.31.33.0-255,66,208658,36,264636
5340,0.002153,172.31.33.0-255,66,208724,36,264636
5341,0.002186,172.31.33.0-255,66,208790,36,264636
5342,0.002205,172.217.194.0-255,4320,213110,36,264636
5343,0.002207,172.31.33.0-255,66,213176,36,264636
5344,0.002212,172.217.194.0-255,3602,216778,36,264636
5345,0.002214,172.31.33.0-255,66,216844,36,264636
5346,0.002224,172.31.33.0-255,66,216910,36,264636
5347,0.002261,172.31.33.0-255,66,216976,36,264636
5348,0.002263,172.217.194.0-255,1484,218460,36,264636
5349,0.002279,172.217.194.0-255,2902,221362,36,264636
5350,0.002282,172.31.33.0-255,66,221428,36,264636
5351,0.002302,172.217.194.0-255,3602,225030,36,264636
5352,0.002304,172.31.33.0-255,66,225096,36,264636
5353,0.002321,172.217.194.0-255,1484,226580,36,264636
5354,0.002346,172.31.33.0-255,66,226646,36,264636
5355,0.002377,172.31.33.0-255,66,226712,36,264636
5356,0.00461,172.217.194.0-255,5738,232450,36,264636
5357,0.004617,172.31.33.0-255,66,232516,36,264636
5358,0.006879,172.217.194.0-255,4320,236836,36,264636
5359,0.006883,172.31.33.0-255,66,236902,36,264636
5360,0.006901,172.217.194.0-255,1484,238386,36,264636
5361,0.009131,172.217.194.0-255,4320,242706,36,264636
5362,0.00914,172.31.33.0-255,66,242772,36,264636
5363,0.011407,172.217.194.0-255,5738,248510,36,264636
5364,0.011418,172.31.33.0-255,66,248576,36,264636
5365,0.013677,172.217.194.0-255,4320,252896,36,264636
5366,0.013684,172.31.33.0-255,66,252962,36,264636
5367,0.013712,172.217.194.0-255,1484,254446,36,264636
5368,0.015934,172.217.194.0-255,4320,258766,36,264636
5369,0.01594,172.31.33.0-255,66,258832,36,264636
5370,0.018195,172.217.194.0-255,5738,264570,36,264636
5371,0.018202,172.31.33.0-255,66,264636,36,264636
5372,0.0,74.125.130.0-255,431,431,36,106472
5373,3.2e-05,74.125.130.0-255,1484,1915,36,106472
5374,4e-05,172.31.33.0-255,66,1981,36,106472
5375,4.8e-05,74.125.130.0-255,4320,6301,36,106472
5376,5.1e-05,172.31.33.0-255,66,6367,36,106472
5377,0.000177,74.125.130.0-255,1484,7851,36,106472
5378,0.000227,74.125.130.0-255,2902,10753,36,106472
5379,0.000232,172.31.33.0-255,66,10819,36,106472
5380,0.000318,74.125.130.0-255,3376,14195,36,106472
5381,0.000323,172.31.33.0-255,66,14261,36,106472
5382,0.000436,74.125.130.0-255,4320,18581,36,106472
5383,0.000442,172.31.33.0-255,66,18647,36,106472
5384,0.000598,74.125.130.0-255,5738,24385,36,106472
5385,0.000603,172.31.33.0-255,66,24451,36,106472
5386,0.000625,74.125.130.0-255,4320,28771,36,106472
5387,0.000629,172.31.33.0-255,66,28837,36,106472
5388,0.000934,74.125.130.0-255,1484,30321,36,106472
5389,0.002272,74.125.130.0-255,5738,36059,36,106472
5390,0.002489,74.125.130.0-255,4320,40379,36,106472
5391,0.002798,74.125.130.0-255,2902,43281,36,106472
5392,0.003445,74.125.130.0-255,4320,47601,36,106472
5393,0.003462,74.125.130.0-255,7156,54757,36,106472
5394,0.003485,74.125.130.0-255,7156,61913,36,106472
5395,0.003663,172.31.33.0-255,66,61979,36,106472
5396,0.004026,172.31.33.0-255,66,62045,36,106472
5397,0.00592,172.31.33.0-255,66,62111,36,106472
5398,0.005941,74.125.130.0-255,4320,66431,36,106472
5399,0.006056,74.125.130.0-255,7156,73587,36,106472
5400,0.006482,74.125.130.0-255,1484,75071,36,106472
5401,0.008244,172.31.33.0-255,66,75137,36,106472
5402,0.010499,74.125.130.0-255,7156,82293,36,106472
5403,0.010506,172.31.33.0-255,66,82359,36,106472
5404,0.010554,172.31.33.0-255,66,82425,36,106472
5405,0.010742,74.125.130.0-255,5738,88163,36,106472
5406,0.010747,172.31.33.0-255,66,88229,36,106472
5407,0.010768,172.31.33.0-255,66,88295,36,106472
5408,0.01082,172.31.33.0-255,66,88361,36,106472
5409,0.010846,172.31.33.0-255,66,88427,36,106472
5410,0.01151,74.125.130.0-255,5738,94165,36,106472
5411,0.011515,172.31.33.0-255,66,94231,36,106472
5412,0.011548,172.31.33.0-255,66,94297,36,106472
5413,0.012805,172.31.33.0-255,66,94363,36,106472
5414,0.012842,172.31.33.0-255,66,94429,36,106472
5415,0.013012,74.125.130.0-255,5738,100167,36,106472
5416,0.013018,172.31.33.0-255,66,100233,36,106472
5417,0.013047,172.31.33.0-255,66,100299,36,106472
5418,0.013092,172.31.33.0-255,66,100365,36,106472
5419,0.01377,74.125.130.0-255,5738,106103,36,106472
5420,0.013776,172.31.33.0-255,66,106169,36,106472
5421,0.01381,172.31.33.0-255,66,106235,36,106472
5422,0.013844,172.31.33.0-255,66,106301,36,106472
5423,0.014244,172.31.33.0-255,105,106406,36,106472
5424,0.016437,74.125.130.0-255,66,106472,36,106472
5425,0.0,172.217.26.0-255,153,153,36,183957
5426,2.2e-05,172.31.33.0-255,66,219,36,183957
5427,5.2e-05,172.217.26.0-255,1484,1703,36,183957
5428,5.5e-05,172.31.33.0-255,66,1769,36,183957
5429,6.1e-05,172.217.26.0-255,2902,4671,36,183957
5430,6.3e-05,172.31.33.0-255,66,4737,36,183957
5431,6.6e-05,172.217.26.0-255,1484,6221,36,183957
5432,6.8e-05,172.31.33.0-255,66,6287,36,183957
5433,9.5e-05,172.217.26.0-255,4320,10607,36,183957
5434,9.8e-05,172.31.33.0-255,66,10673,36,183957
5435,0.000102,172.217.26.0-255,3480,14153,36,183957
5436,0.000104,172.31.33.0-255,66,14219,36,183957
5437,0.000222,172.217.26.0-255,1484,15703,36,183957
5438,0.000226,172.31.33.0-255,66,15769,36,183957
5439,0.000231,172.217.26.0-255,2902,18671,36,183957
5440,0.000234,172.31.33.0-255,66,18737,36,183957
5441,0.000265,172.217.26.0-255,5738,24475,36,183957
5442,0.000268,172.31.33.0-255,66,24541,36,183957
5443,0.000274,172.217.26.0-255,6797,31338,36,183957
5444,0.000276,172.31.33.0-255,66,31404,36,183957
5445,0.000279,172.217.26.0-255,2902,34306,36,183957
5446,0.000281,172.31.33.0-255,66,34372,36,183957
5447,0.000291,172.217.26.0-255,4320,38692,36,183957
5448,0.000293,172.31.33.0-255,66,38758,36,183957
5449,0.000331,172.31.33.0-255,66,38824,36,183957
5450,0.000366,172.31.33.0-255,66,38890,36,183957
5451,0.000399,172.217.26.0-255,6438,45328,36,183957
5452,0.000402,172.31.33.0-255,66,45394,36,183957
5453,0.000405,172.217.26.0-255,356,45750,36,183957
5454,0.000406,172.31.33.0-255,66,45816,36,183957
5455,0.000898,172.217.26.0-255,141,45957,36,183957
5456,0.00093,172.31.33.0-255,66,46023,36,183957
5457,0.001109,172.217.26.0-255,1484,47507,36,183957
5458,0.001118,172.217.26.0-255,2902,50409,36,183957
5459,0.001121,172.31.33.0-255,66,50475,36,183957
5460,0.001128,172.217.26.0-255,5738,56213,36,183957
5461,0.00113,172.31.33.0-255,66,56279,36,183957
5462,0.001155,172.217.26.0-255,4320,60599,36,183957
5463,0.001157,172.31.33.0-255,66,60665,36,183957
5464,0.001188,172.31.33.0-255,66,60731,36,183957
5465,0.001208,172.217.26.0-255,7156,67887,36,183957
5466,0.00121,172.31.33.0-255,66,67953,36,183957
5467,0.001236,172.217.26.0-255,3602,71555,36,183957
5468,0.001238,172.31.33.0-255,66,71621,36,183957
5469,0.001629,172.217.26.0-255,1484,73105,36,183957
5470,0.001636,172.217.26.0-255,2902,76007,36,183957
5471,0.001639,172.31.33.0-255,66,76073,36,183957
5472,0.001659,172.217.26.0-255,5738,81811,36,183957
5473,0.001661,172.31.33.0-255,66,81877,36,183957
5474,0.001667,172.217.26.0-255,7156,89033,36,183957
5475,0.001669,172.31.33.0-255,66,89099,36,183957
5476,0.001701,172.31.33.0-255,66,89165,36,183957
5477,0.001733,172.217.26.0-255,5738,94903,36,183957
5478,0.001735,172.31.33.0-255,66,94969,36,183957
5479,0.001739,172.217.26.0-255,3602,98571,36,183957
5480,0.001741,172.31.33.0-255,66,98637,36,183957
5481,0.001745,172.217.26.0-255,4320,102957,36,183957
5482,0.00175,172.31.33.0-255,66,103023,36,183957
5483,0.001754,172.217.26.0-255,2902,105925,36,183957
5484,0.001755,172.31.33.0-255,66,105991,36,183957
5485,0.001759,172.217.26.0-255,2902,108893,36,183957
5486,0.00176,172.31.33.0-255,66,108959,36,183957
5487,0.001763,172.217.26.0-255,1484,110443,36,183957
5488,0.001783,172.217.26.0-255,2902,113345,36,183957
5489,0.001785,172.31.33.0-255,66,113411,36,183957
5490,0.001814,172.217.26.0-255,4320,117731,36,183957
5491,0.001816,172.31.33.0-255,66,117797,36,183957
5492,0.001838,172.217.26.0-255,4320,122117,36,183957
5493,0.00184,172.31.33.0-255,66,122183,36,183957
5494,0.001846,172.217.26.0-255,7156,129339,36,183957
5495,0.001848,172.31.33.0-255,66,129405,36,183957
5496,0.00187,172.217.26.0-255,2184,131589,36,183957
5497,0.001872,172.31.33.0-255,66,131655,36,183957
5498,0.00381,172.217.26.0-255,1484,133139,36,183957
5499,0.003828,172.217.26.0-255,4320,137459,36,183957
5500,0.003831,172.31.33.0-255,66,137525,36,183957
5501,0.00581,172.217.26.0-255,5738,143263,36,183957
5502,0.005816,172.31.33.0-255,66,143329,36,183957
5503,0.007785,172.217.26.0-255,5738,149067,36,183957
5504,0.007791,172.31.33.0-255,66,149133,36,183957
5505,0.009769,172.217.26.0-255,5738,154871,36,183957
5506,0.009777,172.31.33.0-255,66,154937,36,183957
5507,0.011748,172.217.26.0-255,5738,160675,36,183957
5508,0.011755,172.31.33.0-255,66,160741,36,183957
5509,0.013738,172.217.26.0-255,5738,166479,36,183957
5510,0.013746,172.31.33.0-255,66,166545,36,183957
5511,0.015712,172.217.26.0-255,5738,172283,36,183957
5512,0.015718,172.31.33.0-255,66,172349,36,183957
5513,0.017695,172.217.26.0-255,5738,178087,36,183957
5514,0.017701,172.31.33.0-255,66,178153,36,183957
5515,0.019672,172.217.26.0-255,5738,183891,36,183957
5516,0.019678,172.31.33.0-255,66,183957,36,183957
5517,0.0,74.125.68.0-255,150,150,36,212147
5518,2.4e-05,172.31.33.0-255,66,216,36,212147
5519,3.2e-05,74.125.68.0-255,1484,1700,36,212147
5520,3.6e-05,172.31.33.0-255,66,1766,36,212147
5521,4.2e-05,74.125.68.0-255,2902,4668,36,212147
5522,5.5e-05,172.31.33.0-255,66,4734,36,212147
5523,6e-05,74.125.68.0-255,2902,7636,36,212147
5524,6.2e-05,172.31.33.0-255,66,7702,36,212147
5525,6.8e-05,74.125.68.0-255,4320,12022,36,212147
5526,7.1e-05,172.31.33.0-255,66,12088,36,212147
5527,0.000112,172.31.33.0-255,66,12154,36,212147
5528,0.000167,74.125.68.0-255,2902,15056,36,212147
5529,0.00017,172.31.33.0-255,66,15122,36,212147
5530,0.000196,74.125.68.0-255,5738,20860,36,212147
5531,0.000198,172.31.33.0-255,66,20926,36,212147
5532,0.000201,74.125.68.0-255,1125,22051,36,212147
5533,0.000203,172.31.33.0-255,66,22117,36,212147
5534,0.000327,74.125.68.0-255,1484,23601,36,212147
5535,0.000333,172.31.33.0-255,66,23667,36,212147
5536,0.000338,74.125.68.0-255,2902,26569,36,212147
5537,0.000341,172.31.33.0-255,66,26635,36,212147
5538,0.000344,74.125.68.0-255,1484,28119,36,212147
5539,0.00035,172.31.33.0-255,66,28185,36,212147
5540,0.00038,74.125.68.0-255,2902,31087,36,212147
5541,0.000383,172.31.33.0-255,66,31153,36,212147
5542,0.000389,74.125.68.0-255,5738,36891,36,212147
5543,0.000392,172.31.33.0-255,66,36957,36,212147
5544,0.000419,74.125.68.0-255,2902,39859,36,212147
5545,0.000422,172.31.33.0-255,66,39925,36,212147
5546,0.000446,74.125.68.0-255,3961,43886,36,212147
5547,0.000449,172.31.33.0-255,66,43952,36,212147
5548,0.000455,74.125.68.0-255,5738,49690,36,212147
5549,0.000457,172.31.33.0-255,66,49756,36,212147
5550,0.000472,74.125.68.0-255,1484,51240,36,212147
5551,0.000498,74.125.68.0-255,4320,55560,36,212147
5552,0.000501,172.31.33.0-255,66,55626,36,212147
5553,0.000525,74.125.68.0-255,1125,56751,36,212147
5554,0.000527,74.125.68.0-255,676,57427,36,212147
5555,0.000529,172.31.33.0-255,66,57493,36,212147
5556,0.00079,74.125.68.0-255,1484,58977,36,212147
5557,0.00081,74.125.68.0-255,2902,61879,36,212147
5558,0.000812,74.125.68.0-255,1484,63363,36,212147
5559,0.000817,172.31.33.0-255,66,63429,36,212147
5560,0.000836,74.125.68.0-255,4320,67749,36,212147
5561,0.000838,172.31.33.0-255,66,67815,36,212147
5562,0.00087,172.31.33.0-255,66,67881,36,212147
5563,0.000904,172.31.33.0-255,66,67947,36,212147
5564,0.00125,74.125.68.0-255,1484,69431,36,212147
5565,0.001294,74.125.68.0-255,2902,72333,36,212147
5566,0.001298,172.31.33.0-255,66,72399,36,212147
5567,0.001302,74.125.68.0-255,1484,73883,36,212147
5568,0.001323,74.125.68.0-255,2902,76785,36,212147
5569,0.001325,172.31.33.0-255,66,76851,36,212147
5570,0.001328,74.125.68.0-255,1484,78335,36,212147
5571,0.001354,74.125.68.0-255,4320,82655,36,212147
5572,0.001357,172.31.33.0-255,66,82721,36,212147
5573,0.001364,74.125.68.0-255,7156,89877,36,212147
5574,0.001366,172.31.33.0-255,66,89943,36,212147
5575,0.001389,74.125.68.0-255,1484,91427,36,212147
5576,0.001409,74.125.68.0-255,5738,97165,36,212147
5577,0.001412,172.31.33.0-255,66,97231,36,212147
5578,0.001457,74.125.68.0-255,5020,102251,36,212147
5579,0.00146,172.31.33.0-255,66,102317,36,212147
5580,0.001535,74.125.68.0-255,1484,103801,36,212147
5581,0.001548,74.125.68.0-255,2902,106703,36,212147
5582,0.001551,172.31.33.0-255,66,106769,36,212147
5583,0.001576,74.125.68.0-255,4320,111089,36,212147
5584,0.001578,172.31.33.0-255,66,111155,36,212147
5585,0.001581,74.125.68.0-255,1484,112639,36,212147
5586,0.001609,74.125.68.0-255,7156,119795,36,212147
5587,0.001612,172.31.33.0-255,66,119861,36,212147
5588,0.001614,74.125.68.0-255,1484,121345,36,212147
5589,0.001618,74.125.68.0-255,2902,124247,36,212147
5590,0.00162,172.31.33.0-255,66,124313,36,212147
5591,0.001653,74.125.68.0-255,5738,130051,36,212147
5592,0.001656,172.31.33.0-255,66,130117,36,212147
5593,0.00166,74.125.68.0-255,2902,133019,36,212147
5594,0.001662,172.31.33.0-255,66,133085,36,212147
5595,0.001683,74.125.68.0-255,3602,136687,36,212147
5596,0.001688,172.31.33.0-255,66,136753,36,212147
5597,0.001807,74.125.68.0-255,1484,138237,36,212147
5598,0.001811,74.125.68.0-255,1484,139721,36,212147
5599,0.001814,172.31.33.0-255,66,139787,36,212147
5600,0.001838,74.125.68.0-255,1484,141271,36,212147
5601,0.001844,74.125.68.0-255,5738,147009,36,212147
5602,0.001846,172.31.33.0-255,66,147075,36,212147
5603,0.001882,74.125.68.0-255,1484,148559,36,212147
5604,0.0019,74.125.68.0-255,4320,152879,36,212147
5605,0.001902,172.31.33.0-255,66,152945,36,212147
5606,0.001905,74.125.68.0-255,1484,154429,36,212147
5607,0.001929,74.125.68.0-255,5738,160167,36,212147
5608,0.001931,172.31.33.0-255,66,160233,36,212147
5609,0.001936,74.125.68.0-255,4320,164553,36,212147
5610,0.001938,172.31.33.0-255,66,164619,36,212147
5611,0.001959,74.125.68.0-255,4320,168939,36,212147
5612,0.001972,74.125.68.0-255,2184,171123,36,212147
5613,0.001977,172.31.33.0-255,66,171189,36,212147
5614,0.001982,172.31.33.0-255,66,171255,36,212147
5615,0.004251,74.125.68.0-255,2902,174157,36,212147
5616,0.004258,172.31.33.0-255,66,174223,36,212147
5617,0.00429,74.125.68.0-255,2902,177125,36,212147
5618,0.004293,172.31.33.0-255,66,177191,36,212147
5619,0.006522,74.125.68.0-255,2902,180093,36,212147
5620,0.006528,172.31.33.0-255,66,180159,36,212147
5621,0.006566,74.125.68.0-255,2902,183061,36,212147
5622,0.006569,172.31.33.0-255,66,183127,36,212147
5623,0.008844,74.125.68.0-255,5738,188865,36,212147
5624,0.008851,172.31.33.0-255,66,188931,36,212147
5625,0.011128,74.125.68.0-255,5738,194669,36,212147
5626,0.011135,172.31.33.0-255,66,194735,36,212147
5627,0.013425,74.125.68.0-255,5738,200473,36,212147
5628,0.013432,172.31.33.0-255,66,200539,36,212147
5629,0.015714,74.125.68.0-255,5738,206277,36,212147
5630,0.015722,172.31.33.0-255,66,206343,36,212147
5631,0.018006,74.125.68.0-255,5738,212081,36,212147
5632,0.018012,172.31.33.0-255,66,212147,36,212147
5633,0.0,74.125.24.0-255,153,153,36,148127
5634,1.5e-05,172.31.33.0-255,66,219,36,148127
5635,2.2e-05,74.125.24.0-255,1484,1703,36,148127
5636,2.6e-05,172.31.33.0-255,66,1769,36,148127
5637,3.2e-05,74.125.24.0-255,2902,4671,36,148127
5638,3.5e-05,172.31.33.0-255,66,4737,36,148127
5639,4.1e-05,74.125.24.0-255,2902,7639,36,148127
5640,4.4e-05,172.31.33.0-255,66,7705,36,148127
5641,6.8e-05,74.125.24.0-255,4320,12025,36,148127
5642,7.1e-05,172.31.33.0-255,66,12091,36,148127
5643,8.7e-05,74.125.24.0-255,1484,13575,36,148127
5644,8.9e-05,172.31.33.0-255,66,13641,36,148127
5645,0.000127,172.31.33.0-255,66,13707,36,148127
5646,0.000137,172.31.33.0-255,66,13773,36,148127
5647,0.000157,74.125.24.0-255,1125,14898,36,148127
5648,0.000159,172.31.33.0-255,66,14964,36,148127
5649,0.000298,74.125.24.0-255,1484,16448,36,148127
5650,0.000301,172.31.33.0-255,66,16514,36,148127
5651,0.000306,74.125.24.0-255,2902,19416,36,148127
5652,0.000308,172.31.33.0-255,66,19482,36,148127
5653,0.000337,74.125.24.0-255,5738,25220,36,148127
5654,0.000341,172.31.33.0-255,66,25286,36,148127
5655,0.000344,74.125.24.0-255,1484,26770,36,148127
5656,0.000346,172.31.33.0-255,66,26836,36,148127
5657,0.000389,172.31.33.0-255,66,26902,36,148127
5658,0.000401,172.31.33.0-255,66,26968,36,148127
5659,0.000438,74.125.24.0-255,363,27331,36,148127
5660,0.00044,172.31.33.0-255,66,27397,36,148127
5661,0.001232,74.125.24.0-255,380,27777,36,148127
5662,0.001421,74.125.24.0-255,1484,29261,36,148127
5663,0.001427,172.31.33.0-255,66,29327,36,148127
5664,0.001433,74.125.24.0-255,2902,32229,36,148127
5665,0.001435,172.31.33.0-255,66,32295,36,148127
5666,0.001442,74.125.24.0-255,5738,38033,36,148127
5667,0.001444,172.31.33.0-255,66,38099,36,148127
5668,0.001467,74.125.24.0-255,1484,39583,36,148127
5669,0.001503,172.31.33.0-255,66,39649,36,148127
5670,0.001553,172.31.33.0-255,66,39715,36,148127
5671,0.001773,74.125.24.0-255,1484,41199,36,148127
5672,0.00178,74.125.24.0-255,2902,44101,36,148127
5673,0.001784,172.31.33.0-255,66,44167,36,148127
5674,0.001806,74.125.24.0-255,5738,49905,36,148127
5675,0.001809,172.31.33.0-255,66,49971,36,148127
5676,0.001825,74.125.24.0-255,2902,52873,36,148127
5677,0.001827,172.31.33.0-255,66,52939,36,148127
5678,0.001862,172.31.33.0-255,66,53005,36,148127
5679,0.001874,172.31.33.0-255,66,53071,36,148127
5680,0.001877,74.125.24.0-255,766,53837,36,148127
5681,0.001952,74.125.24.0-255,1484,55321,36,148127
5682,0.001956,172.31.33.0-255,66,55387,36,148127
5683,0.001973,74.125.24.0-255,1484,56871,36,148127
5684,0.001989,74.125.24.0-255,1484,58355,36,148127
5685,0.001992,172.31.33.0-255,66,58421,36,148127
5686,0.001998,74.125.24.0-255,4320,62741,36,148127
5687,0.002,172.31.33.0-255,66,62807,36,148127
5688,0.002003,74.125.24.0-255,1484,64291,36,148127
5689,0.002027,74.125.24.0-255,7156,71447,36,148127
5690,0.00203,172.31.33.0-255,66,71513,36,148127
5691,0.002045,74.125.24.0-255,1484,72997,36,148127
5692,0.002073,172.31.33.0-255,66,73063,36,148127
5693,0.00217,74.125.24.0-255,1484,74547,36,148127
5694,0.0022,74.125.24.0-255,1484,76031,36,148127
5695,0.002204,172.31.33.0-255,66,76097,36,148127
5696,0.00221,74.125.24.0-255,2902,78999,36,148127
5697,0.002212,172.31.33.0-255,66,79065,36,148127
5698,0.002215,74.125.24.0-255,1484,80549,36,148127
5699,0.002236,74.125.24.0-255,4320,84869,36,148127
5700,0.002238,74.125.24.0-255,1484,86353,36,148127
5701,0.002242,172.31.33.0-255,66,86419,36,148127
5702,0.00226,74.125.24.0-255,7156,93575,36,148127
5703,0.002263,172.31.33.0-255,66,93641,36,148127
5704,0.00227,74.125.24.0-255,7156,100797,36,148127
5705,0.002273,172.31.33.0-255,66,100863,36,148127
5706,0.002286,74.125.24.0-255,2902,103765,36,148127
5707,0.002289,172.31.33.0-255,66,103831,36,148127
5708,0.002294,74.125.24.0-255,3602,107433,36,148127
5709,0.002296,172.31.33.0-255,66,107499,36,148127
5710,0.004612,74.125.24.0-255,5738,113237,36,148127
5711,0.00462,172.31.33.0-255,66,113303,36,148127
5712,0.00691,74.125.24.0-255,5738,119041,36,148127
5713,0.006914,172.31.33.0-255,66,119107,36,148127
5714,0.009234,74.125.24.0-255,5738,124845,36,148127
5715,0.00924,172.31.33.0-255,66,124911,36,148127
5716,0.011519,74.125.24.0-255,5738,130649,36,148127
5717,0.011525,172.31.33.0-255,66,130715,36,148127
5718,0.013838,74.125.24.0-255,5738,136453,36,148127
5719,0.013844,172.31.33.0-255,66,136519,36,148127
5720,0.01615,74.125.24.0-255,5738,142257,36,148127
5721,0.016157,172.31.33.0-255,66,142323,36,148127
5722,0.018449,74.125.24.0-255,5738,148061,36,148127
5723,0.018458,172.31.33.0-255,66,148127,36,148127
5724,0.0,74.125.24.0-255,490,490,36,235017
5725,2.5e-05,172.31.33.0-255,66,556,36,235017
5726,3.1e-05,74.125.24.0-255,1484,2040,36,235017
5727,3.5e-05,172.31.33.0-255,66,2106,36,235017
5728,4.8e-05,74.125.24.0-255,4320,6426,36,235017
5729,5.2e-05,172.31.33.0-255,66,6492,36,235017
5730,8.3e-05,74.125.24.0-255,7139,13631,36,235017
5731,8.6e-05,172.31.33.0-255,66,13697,36,235017
5732,0.000114,74.125.24.0-255,7156,20853,36,235017
5733,0.000117,172.31.33.0-255,66,20919,36,235017
5734,0.000122,74.125.24.0-255,4320,25239,36,235017
5735,0.000125,172.31.33.0-255,66,25305,36,235017
5736,0.000153,74.125.24.0-255,2902,28207,36,235017
5737,0.000156,172.31.33.0-255,66,28273,36,235017
5738,0.000168,74.125.24.0-255,2543,30816,36,235017
5739,0.000175,172.31.33.0-255,66,30882,36,235017
5740,0.000178,74.125.24.0-255,1484,32366,36,235017
5741,0.00018,172.31.33.0-255,66,32432,36,235017
5742,0.000197,74.125.24.0-255,1484,33916,36,235017
5743,0.000199,172.31.33.0-255,66,33982,36,235017
5744,0.000214,74.125.24.0-255,7156,41138,36,235017
5745,0.000217,172.31.33.0-255,66,41204,36,235017
5746,0.000251,74.125.24.0-255,6797,48001,36,235017
5747,0.000254,172.31.33.0-255,66,48067,36,235017
5748,0.000277,74.125.24.0-255,5738,53805,36,235017
5749,0.00028,172.31.33.0-255,66,53871,36,235017
5750,0.000285,74.125.24.0-255,4320,58191,36,235017
5751,0.000287,172.31.33.0-255,66,58257,36,235017
5752,0.000313,74.125.24.0-255,2902,61159,36,235017
5753,0.000316,172.31.33.0-255,66,61225,36,235017
5754,0.000342,74.125.24.0-255,4293,65518,36,235017
5755,0.000345,172.31.33.0-255,66,65584,36,235017
5756,0.000382,74.125.24.0-255,111,65695,36,235017
5757,0.000418,74.125.24.0-255,330,66025,36,235017
5758,0.000643,74.125.24.0-255,1484,67509,36,235017
5759,0.000648,172.31.33.0-255,66,67575,36,235017
5760,0.000652,74.125.24.0-255,1484,69059,36,235017
5761,0.000678,74.125.24.0-255,1484,70543,36,235017
5762,0.00068,172.31.33.0-255,66,70609,36,235017
5763,0.000688,74.125.24.0-255,5738,76347,36,235017
5764,0.00069,172.31.33.0-255,66,76413,36,235017
5765,0.000704,74.125.24.0-255,6797,83210,36,235017
5766,0.000707,172.31.33.0-255,66,83276,36,235017
5767,0.000748,172.31.33.0-255,66,83342,36,235017
5768,0.000772,74.125.24.0-255,1484,84826,36,235017
5769,0.000777,74.125.24.0-255,2543,87369,36,235017
5770,0.00078,172.31.33.0-255,66,87435,36,235017
5771,0.001398,74.125.24.0-255,1484,88919,36,235017
5772,0.001407,74.125.24.0-255,1484,90403,36,235017
5773,0.001411,172.31.33.0-255,66,90469,36,235017
5774,0.001439,74.125.24.0-255,1484,91953,36,235017
5775,0.001448,74.125.24.0-255,5738,97691,36,235017
5776,0.001451,172.31.33.0-255,66,97757,36,235017
5777,0.001456,74.125.24.0-255,4320,102077,36,235017
5778,0.001458,172.31.33.0-255,66,102143,36,235017
5779,0.001475,172.31.33.0-255,66,102209,36,235017
5780,0.001486,172.31.33.0-255,66,102275,36,235017
5781,0.001523,74.125.24.0-255,1484,103759,36,235017
5782,0.001527,74.125.24.0-255,1484,105243,36,235017
5783,0.00153,172.31.33.0-255,66,105309,36,235017
5784,0.001543,74.125.24.0-255,1484,106793,36,235017
5785,0.001554,74.125.24.0-255,5738,112531,36,235017
5786,0.001557,172.31.33.0-255,66,112597,36,235017
5787,0.001561,74.125.24.0-255,1484,114081,36,235017
5788,0.001598,172.31.33.0-255,66,114147,36,235017
5789,0.001625,74.125.24.0-255,1484,115631,36,235017
5790,0.001634,74.125.24.0-255,7156,122787,36,235017
5791,0.001636,172.31.33.0-255,66,122853,36,235017
5792,0.001682,74.125.24.0-255,4320,127173,36,235017
5793,0.001687,172.31.33.0-255,66,127239,36,235017
5794,0.001727,172.31.33.0-255,66,127305,36,235017
5795,0.001753,172.31.33.0-255,66,127371,36,235017
5796,0.001765,172.31.33.0-255,66,127437,36,235017
5797,0.001775,172.31.33.0-255,66,127503,36,235017
5798,0.001805,74.125.24.0-255,4320,131823,36,235017
5799,0.001808,172.31.33.0-255,66,131889,36,235017
5800,0.00182,172.31.33.0-255,66,131955,36,235017
5801,0.001844,74.125.24.0-255,1484,133439,36,235017
5802,0.00187,74.125.24.0-255,2902,136341,36,235017
5803,0.001874,172.31.33.0-255,66,136407,36,235017
5804,0.001897,74.125.24.0-255,5738,142145,36,235017
5805,0.0019,172.31.33.0-255,66,142211,36,235017
5806,0.001905,74.125.24.0-255,4320,146531,36,235017
5807,0.001908,172.31.33.0-255,66,146597,36,235017
5808,0.001946,74.125.24.0-255,5738,152335,36,235017
5809,0.001949,172.31.33.0-255,66,152401,36,235017
5810,0.001954,74.125.24.0-255,4320,156721,36,235017
5811,0.001956,172.31.33.0-255,66,156787,36,235017
5812,0.001996,172.31.33.0-255,66,156853,36,235017
5813,0.002003,74.125.24.0-255,5738,162591,36,235017
5814,0.002005,172.31.33.0-255,66,162657,36,235017
5815,0.00204,172.31.33.0-255,66,162723,36,235017
5816,0.002061,74.125.24.0-255,1484,164207,36,235017
5817,0.002066,74.125.24.0-255,2184,166391,36,235017
5818,0.002068,172.31.33.0-255,66,166457,36,235017
5819,0.002079,74.125.24.0-255,1484,167941,36,235017
5820,0.002094,74.125.24.0-255,2902,170843,36,235017
5821,0.002097,172.31.33.0-255,66,170909,36,235017
5822,0.0021,74.125.24.0-255,2902,173811,36,235017
5823,0.002102,172.31.33.0-255,66,173877,36,235017
5824,0.002121,74.125.24.0-255,2902,176779,36,235017
5825,0.002128,172.31.33.0-255,66,176845,36,235017
5826,0.002134,74.125.24.0-255,5738,182583,36,235017
5827,0.002137,172.31.33.0-255,66,182649,36,235017
5828,0.002163,74.125.24.0-255,7156,189805,36,235017
5829,0.00217,172.31.33.0-255,66,189871,36,235017
5830,0.002181,172.31.33.0-255,66,189937,36,235017
5831,0.004317,74.125.24.0-255,5738,195675,36,235017
5832,0.00432,172.31.33.0-255,66,195741,36,235017
5833,0.006501,74.125.24.0-255,5738,201479,36,235017
5834,0.006509,172.31.33.0-255,66,201545,36,235017
5835,0.008703,74.125.24.0-255,5738,207283,36,235017
5836,0.008708,172.31.33.0-255,66,207349,36,235017
5837,0.010862,74.125.24.0-255,4320,211669,36,235017
5838,0.010869,172.31.33.0-255,66,211735,36,235017
5839,0.010895,74.125.24.0-255,1484,213219,36,235017
5840,0.013037,74.125.24.0-255,4320,217539,36,235017
5841,0.013044,172.31.33.0-255,66,217605,36,235017
5842,0.015266,74.125.24.0-255,5738,223343,36,235017
5843,0.015276,172.31.33.0-255,66,223409,36,235017
5844,0.017453,74.125.24.0-255,5738,229147,36,235017
5845,0.01746,172.31.33.0-255,66,229213,36,235017
5846,0.019597,74.125.24.0-255,5738,234951,36,235017
5847,0.019604,172.31.33.0-255,66,235017,36,235017
5848,0.0,172.217.194.0-255,153,153,36,228070
5849,2.8e-05,172.31.33.0-255,66,219,36,228070
5850,3.4e-05,172.217.194.0-255,1484,1703,36,228070
5851,3.8e-05,172.31.33.0-255,66,1769,36,228070
5852,4.2e-05,172.217.194.0-255,2902,4671,36,228070
5853,5.2e-05,172.31.33.0-255,66,4737,36,228070
5854,5.9e-05,172.217.194.0-255,7156,11893,36,228070
5855,6.2e-05,172.31.33.0-255,66,11959,36,228070
5856,9.4e-05,172.217.194.0-255,2020,13979,36,228070
5857,9.7e-05,172.31.33.0-255,66,14045,36,228070
5858,0.000154,172.217.194.0-255,1484,15529,36,228070
5859,0.000157,172.31.33.0-255,66,15595,36,228070
5860,0.000162,172.217.194.0-255,2902,18497,36,228070
5861,0.000164,172.31.33.0-255,66,18563,36,228070
5862,0.000193,172.217.194.0-255,5738,24301,36,228070
5863,0.000198,172.31.33.0-255,66,24367,36,228070
5864,0.000238,172.217.194.0-255,6797,31164,36,228070
5865,0.000243,172.31.33.0-255,66,31230,36,228070
5866,0.000278,172.217.194.0-255,1484,32714,36,228070
5867,0.00028,172.31.33.0-255,66,32780,36,228070
5868,0.000291,172.217.194.0-255,1484,34264,36,228070
5869,0.000297,172.31.33.0-255,66,34330,36,228070
5870,0.000324,172.217.194.0-255,1484,35814,36,228070
5871,0.000328,172.31.33.0-255,66,35880,36,228070
5872,0.000334,172.217.194.0-255,5738,41618,36,228070
5873,0.000337,172.31.33.0-255,66,41684,36,228070
5874,0.000347,172.31.33.0-255,66,41750,36,228070
5875,0.000377,172.217.194.0-255,1125,42875,36,228070
5876,0.00038,172.31.33.0-255,66,42941,36,228070
5877,0.000412,172.31.33.0-255,66,43007,36,228070
5878,0.000422,172.217.194.0-255,4258,47265,36,228070
5879,0.000431,172.31.33.0-255,66,47331,36,228070
5880,0.000709,172.217.194.0-255,379,47710,36,228070
5881,0.000917,172.31.33.0-255,66,47776,36,228070
5882,0.000998,172.217.194.0-255,1484,49260,36,228070
5883,0.001006,172.217.194.0-255,2902,52162,36,228070
5884,0.001023,172.217.194.0-255,5738,57900,36,228070
5885,0.001039,172.217.194.0-255,4320,62220,36,228070
5886,0.001079,172.217.194.0-255,2184,64404,36,228070
5887,0.001981,172.217.194.0-255,1484,65888,36,228070
5888,0.001988,172.217.194.0-255,2902,68790,36,228070
5889,0.002008,172.217.194.0-255,5738,74528,36,228070
5890,0.002025,172.217.194.0-255,5738,80266,36,228070
5891,0.002038,172.217.194.0-255,7156,87422,36,228070
5892,0.002081,172.217.194.0-255,2902,90324,36,228070
5893,0.002132,172.217.194.0-255,1484,91808,36,228070
5894,0.002143,172.217.194.0-255,2902,94710,36,228070
5895,0.002156,172.217.194.0-255,5738,100448,36,228070
5896,0.002177,172.217.194.0-255,5738,106186,36,228070
5897,0.002187,172.217.194.0-255,2902,109088,36,228070
5898,0.002207,172.217.194.0-255,4320,113408,36,228070
5899,0.002219,172.217.194.0-255,5738,119146,36,228070
5900,0.002232,172.217.194.0-255,6438,125584,36,228070
5901,0.002272,172.217.194.0-255,1484,127068,36,228070
5902,0.002288,172.217.194.0-255,7156,134224,36,228070
5903,0.002333,172.217.194.0-255,1484,135708,36,228070
5904,0.002376,172.217.194.0-255,1484,137192,36,228070
5905,0.002726,172.217.194.0-255,1484,138676,36,228070
5906,0.002737,172.217.194.0-255,1484,140160,36,228070
5907,0.002747,172.217.194.0-255,1484,141644,36,228070
5908,0.002749,172.217.194.0-255,1484,143128,36,228070
5909,0.002761,172.217.194.0-255,4320,147448,36,228070
5910,0.002796,172.217.194.0-255,4320,151768,36,228070
5911,0.002812,172.217.194.0-255,2902,154670,36,228070
5912,0.002814,172.217.194.0-255,1484,156154,36,228070
5913,0.00283,172.217.194.0-255,6438,162592,36,228070
5914,0.002858,172.217.194.0-255,4320,166912,36,228070
5915,0.00288,172.217.194.0-255,2902,169814,36,228070
5916,0.002886,172.217.194.0-255,7156,176970,36,228070
5917,0.002888,172.217.194.0-255,1484,178454,36,228070
5918,0.002892,172.31.33.0-255,78,178532,36,228070
5919,0.002904,172.31.33.0-255,78,178610,36,228070
5920,0.002933,172.217.194.0-255,2902,181512,36,228070
5921,0.002936,172.217.194.0-255,1484,182996,36,228070
5922,0.00294,172.217.194.0-255,3602,186598,36,228070
5923,0.002979,172.217.194.0-255,1484,188082,36,228070
5924,0.002982,172.217.194.0-255,1484,189566,36,228070
5925,0.002994,172.217.194.0-255,1484,191050,36,228070
5926,0.002998,172.217.194.0-255,2902,193952,36,228070
5927,0.003014,172.217.194.0-255,2902,196854,36,228070
5928,0.003018,172.217.194.0-255,2902,199756,36,228070
5929,0.003046,172.217.194.0-255,4320,204076,36,228070
5930,0.003051,172.217.194.0-255,6438,210514,36,228070
5931,0.003134,172.217.194.0-255,7156,217670,36,228070
5932,0.003203,172.217.194.0-255,2902,220572,36,228070
5933,0.003278,172.217.194.0-255,7156,227728,36,228070
5934,0.003303,172.217.194.0-255,105,227833,36,228070
5935,0.004843,172.31.33.0-255,66,227899,36,228070
5936,0.007168,172.31.33.0-255,105,228004,36,228070
5937,0.009687,172.217.194.0-255,66,228070,36,228070
5938,0.0,74.125.68.0-255,153,153,36,211510
5939,1.9e-05,172.31.33.0-255,66,219,36,211510
5940,4.8e-05,74.125.68.0-255,1484,1703,36,211510
5941,5.3e-05,172.31.33.0-255,66,1769,36,211510
5942,5.7e-05,74.125.68.0-255,2902,4671,36,211510
5943,5.9e-05,172.31.33.0-255,66,4737,36,211510
5944,8.6e-05,74.125.68.0-255,5738,10475,36,211510
5945,8.8e-05,172.31.33.0-255,66,10541,36,211510
5946,0.000114,74.125.68.0-255,6273,16814,36,211510
5947,0.000117,172.31.33.0-255,66,16880,36,211510
5948,0.000123,74.125.68.0-255,5738,22618,36,211510
5949,0.000125,172.31.33.0-255,66,22684,36,211510
5950,0.000155,74.125.68.0-255,1484,24168,36,211510
5951,0.000158,172.31.33.0-255,66,24234,36,211510
5952,0.000163,74.125.68.0-255,4320,28554,36,211510
5953,0.000165,172.31.33.0-255,66,28620,36,211510
5954,0.000217,74.125.68.0-255,2543,31163,36,211510
5955,0.00022,172.31.33.0-255,66,31229,36,211510
5956,0.000593,74.125.68.0-255,1484,32713,36,211510
5957,0.000598,172.31.33.0-255,66,32779,36,211510
5958,0.000605,74.125.68.0-255,1484,34263,36,211510
5959,0.000607,172.31.33.0-255,66,34329,36,211510
5960,0.000616,74.125.68.0-255,1484,35813,36,211510
5961,0.000619,172.31.33.0-255,66,35879,36,211510
5962,0.000654,74.125.68.0-255,1484,37363,36,211510
5963,0.000658,172.31.33.0-255,66,37429,36,211510
5964,0.000665,74.125.68.0-255,5738,43167,36,211510
5965,0.000667,172.31.33.0-255,66,43233,36,211510
5966,0.000671,74.125.68.0-255,5379,48612,36,211510
5967,0.000678,172.31.33.0-255,66,48678,36,211510
5968,0.000685,74.125.68.0-255,5738,54416,36,211510
5969,0.000687,172.31.33.0-255,66,54482,36,211510
5970,0.000714,74.125.68.0-255,4320,58802,36,211510
5971,0.000716,172.31.33.0-255,66,58868,36,211510
5972,0.000738,74.125.68.0-255,7072,65940,36,211510
5973,0.000742,172.31.33.0-255,66,66006,36,211510
5974,0.000769,74.125.68.0-255,380,66386,36,211510
5975,0.000907,74.125.68.0-255,1484,67870,36,211510
5976,0.000912,172.31.33.0-255,66,67936,36,211510
5977,0.000916,74.125.68.0-255,1484,69420,36,211510
5978,0.000935,74.125.68.0-255,1484,70904,36,211510
5979,0.000937,172.31.33.0-255,66,70970,36,211510
5980,0.000944,74.125.68.0-255,5738,76708,36,211510
5981,0.000947,172.31.33.0-255,66,76774,36,211510
5982,0.000976,74.125.68.0-255,6797,83571,36,211510
5983,0.000979,172.31.33.0-255,66,83637,36,211510
5984,0.001001,74.125.68.0-255,4320,87957,36,211510
5985,0.001004,172.31.33.0-255,66,88023,36,211510
5986,0.001022,74.125.68.0-255,2902,90925,36,211510
5987,0.001025,172.31.33.0-255,66,90991,36,211510
5988,0.001029,74.125.68.0-255,2902,93893,36,211510
5989,0.001031,172.31.33.0-255,66,93959,36,211510
5990,0.001035,74.125.68.0-255,4320,98279,36,211510
5991,0.001037,172.31.33.0-255,66,98345,36,211510
5992,0.001078,74.125.68.0-255,2543,100888,36,211510
5993,0.001081,172.31.33.0-255,66,100954,36,211510
5994,0.001298,74.125.68.0-255,1484,102438,36,211510
5995,0.001314,74.125.68.0-255,2902,105340,36,211510
5996,0.001317,172.31.33.0-255,66,105406,36,211510
5997,0.001336,74.125.68.0-255,5738,111144,36,211510
5998,0.001339,172.31.33.0-255,66,111210,36,211510
5999,0.001387,74.125.68.0-255,7156,118366,36,211510
6000,0.00139,172.31.33.0-255,66,118432,36,211510
6001,0.001392,74.125.68.0-255,1484,119916,36,211510
6002,0.001418,74.125.68.0-255,4320,124236,36,211510
6003,0.00142,172.31.33.0-255,66,124302,36,211510
6004,0.001426,74.125.68.0-255,7156,131458,36,211510
6005,0.001428,172.31.33.0-255,66,131524,36,211510
6006,0.001453,74.125.68.0-255,3602,135126,36,211510
6007,0.001454,172.31.33.0-255,66,135192,36,211510
6008,0.001928,74.125.68.0-255,1484,136676,36,211510
6009,0.001969,74.125.68.0-255,1484,138160,36,211510
6010,0.001971,172.31.33.0-255,66,138226,36,211510
6011,0.001981,74.125.68.0-255,1484,139710,36,211510
6012,0.001996,74.125.68.0-255,1484,141194,36,211510
6013,0.001998,172.31.33.0-255,66,141260,36,211510
6014,0.002011,74.125.68.0-255,2902,144162,36,211510
6015,0.002016,172.31.33.0-255,66,144228,36,211510
6016,0.002038,74.125.68.0-255,2902,147130,36,211510
6017,0.00204,172.31.33.0-255,66,147196,36,211510
6018,0.002044,74.125.68.0-255,2902,150098,36,211510
6019,0.002045,172.31.33.0-255,66,150164,36,211510
6020,0.002049,74.125.68.0-255,4320,154484,36,211510
6021,0.002051,172.31.33.0-255,66,154550,36,211510
6022,0.002058,74.125.68.0-255,2902,157452,36,211510
6023,0.00206,172.31.33.0-255,66,157518,36,211510
6024,0.002093,74.125.68.0-255,5738,163256,36,211510
6025,0.002095,172.31.33.0-255,66,163322,36,211510
6026,0.002099,74.125.68.0-255,4320,167642,36,211510
6027,0.0021,172.31.33.0-255,66,167708,36,211510
6028,0.002125,74.125.68.0-255,2184,169892,36,211510
6029,0.002127,172.31.33.0-255,66,169958,36,211510
6030,0.004356,74.125.68.0-255,2902,172860,36,211510
6031,0.004361,172.31.33.0-255,66,172926,36,211510
6032,0.00439,74.125.68.0-255,2902,175828,36,211510
6033,0.004393,172.31.33.0-255,66,175894,36,211510
6034,0.006621,74.125.68.0-255,2902,178796,36,211510
6035,0.006628,172.31.33.0-255,66,178862,36,211510
6036,0.006658,74.125.68.0-255,2902,181764,36,211510
6037,0.006662,172.31.33.0-255,66,181830,36,211510
6038,0.008911,74.125.68.0-255,2902,184732,36,211510
6039,0.008918,172.31.33.0-255,66,184798,36,211510
6040,0.008944,74.125.68.0-255,2902,187700,36,211510
6041,0.008948,172.31.33.0-255,66,187766,36,211510
6042,0.011178,74.125.68.0-255,2902,190668,36,211510
6043,0.011184,172.31.33.0-255,66,190734,36,211510
6044,0.011212,74.125.68.0-255,2902,193636,36,211510
6045,0.011216,172.31.33.0-255,66,193702,36,211510
6046,0.013446,74.125.68.0-255,2902,196604,36,211510
6047,0.013453,172.31.33.0-255,66,196670,36,211510
6048,0.013482,74.125.68.0-255,2902,199572,36,211510
6049,0.013485,172.31.33.0-255,66,199638,36,211510
6050,0.015725,74.125.68.0-255,2902,202540,36,211510
6051,0.015732,172.31.33.0-255,66,202606,36,211510
6052,0.015771,74.125.68.0-255,2902,205508,36,211510
6053,0.015775,172.31.33.0-255,66,205574,36,211510
6054,0.018,74.125.68.0-255,2902,208476,36,211510
6055,0.018007,172.31.33.0-255,66,208542,36,211510
6056,0.018043,74.125.68.0-255,2902,211444,36,211510
6057,0.018047,172.31.33.0-255,66,211510,36,211510
6058,0.0,74.125.24.0-255,153,153,36,147081
6059,2.2e-05,172.31.33.0-255,66,219,36,147081
6060,2.7e-05,74.125.24.0-255,1484,1703,36,147081
6061,3.2e-05,172.31.33.0-255,66,1769,36,147081
6062,4.1e-05,74.125.24.0-255,2902,4671,36,147081
6063,4.4e-05,172.31.33.0-255,66,4737,36,147081
6064,5.7e-05,74.125.24.0-255,2902,7639,36,147081
6065,5.9e-05,172.31.33.0-255,66,7705,36,147081
6066,8.4e-05,74.125.24.0-255,4320,12025,36,147081
6067,9.1e-05,172.31.33.0-255,66,12091,36,147081
6068,0.000117,74.125.24.0-255,1983,14074,36,147081
6069,0.00012,172.31.33.0-255,66,14140,36,147081
6070,0.000151,74.125.24.0-255,1484,15624,36,147081
6071,0.000154,172.31.33.0-255,66,15690,36,147081
6072,0.000159,74.125.24.0-255,2902,18592,36,147081
6073,0.000162,172.31.33.0-255,66,18658,36,147081
6074,0.000174,74.125.24.0-255,2902,21560,36,147081
6075,0.000176,172.31.33.0-255,66,21626,36,147081
6076,0.000201,74.125.24.0-255,2902,24528,36,147081
6077,0.000209,172.31.33.0-255,66,24594,36,147081
6078,0.00024,74.125.24.0-255,6797,31391,36,147081
6079,0.000243,172.31.33.0-255,66,31457,36,147081
6080,0.000272,74.125.24.0-255,1484,32941,36,147081
6081,0.000275,172.31.33.0-255,66,33007,36,147081
6082,0.00028,74.125.24.0-255,2902,35909,36,147081
6083,0.000282,172.31.33.0-255,66,35975,36,147081
6084,0.000309,74.125.24.0-255,5738,41713,36,147081
6085,0.000313,172.31.33.0-255,66,41779,36,147081
6086,0.000317,74.125.24.0-255,2902,44681,36,147081
6087,0.00032,172.31.33.0-255,66,44747,36,147081
6088,0.000331,74.125.24.0-255,2902,47649,36,147081
6089,0.000334,172.31.33.0-255,66,47715,36,147081
6090,0.000342,74.125.24.0-255,7156,54871,36,147081
6091,0.000345,172.31.33.0-255,66,54937,36,147081
6092,0.000383,74.125.24.0-255,6797,61734,36,147081
6093,0.000387,172.31.33.0-255,66,61800,36,147081
6094,0.000392,74.125.24.0-255,4295,66095,36,147081
6095,0.000394,172.31.33.0-255,66,66161,36,147081
6096,0.000411,74.125.24.0-255,110,66271,36,147081
6097,0.000662,74.125.24.0-255,330,66601,36,147081
6098,0.000789,172.31.33.0-255,66,66667,36,147081
6099,0.001113,74.125.24.0-255,1484,68151,36,147081
6100,0.001122,74.125.24.0-255,2902,71053,36,147081
6101,0.001125,172.31.33.0-255,66,71119,36,147081
6102,0.001158,74.125.24.0-255,5738,76857,36,147081
6103,0.001161,172.31.33.0-255,66,76923,36,147081
6104,0.001164,74.125.24.0-255,1484,78407,36,147081
6105,0.001195,172.31.33.0-255,66,78473,36,147081
6106,0.001205,172.31.33.0-255,66,78539,36,147081
6107,0.001245,74.125.24.0-255,766,79305,36,147081
6108,0.001407,74.125.24.0-255,1484,80789,36,147081
6109,0.001411,172.31.33.0-255,66,80855,36,147081
6110,0.001416,74.125.24.0-255,2902,83757,36,147081
6111,0.001418,172.31.33.0-255,66,83823,36,147081
6112,0.001448,74.125.24.0-255,5738,89561,36,147081
6113,0.001449,172.31.33.0-255,66,89627,36,147081
6114,0.001454,74.125.24.0-255,4320,93947,36,147081
6115,0.001456,172.31.33.0-255,66,94013,36,147081
6116,0.001491,172.31.33.0-255,66,94079,36,147081
6117,0.001523,74.125.24.0-255,7156,101235,36,147081
6118,0.001525,172.31.33.0-255,66,101301,36,147081
6119,0.001551,74.125.24.0-255,766,102067,36,147081
6120,0.003776,74.125.24.0-255,4320,106387,36,147081
6121,0.003779,172.31.33.0-255,66,106453,36,147081
6122,0.006009,74.125.24.0-255,5738,112191,36,147081
6123,0.006016,172.31.33.0-255,66,112257,36,147081
6124,0.008266,74.125.24.0-255,5738,117995,36,147081
6125,0.008273,172.31.33.0-255,66,118061,36,147081
6126,0.010532,74.125.24.0-255,5738,123799,36,147081
6127,0.010539,172.31.33.0-255,66,123865,36,147081
6128,0.012769,74.125.24.0-255,5738,129603,36,147081
6129,0.012775,172.31.33.0-255,66,129669,36,147081
6130,0.015008,74.125.24.0-255,5738,135407,36,147081
6131,0.015016,172.31.33.0-255,66,135473,36,147081
6132,0.017259,74.125.24.0-255,5738,141211,36,147081
6133,0.017266,172.31.33.0-255,66,141277,36,147081
6134,0.019519,74.125.24.0-255,5738,147015,36,147081
6135,0.019527,172.31.33.0-255,66,147081,36,147081
6136,0.0,172.217.27.0-255,150,150,36,145522
6137,1.7e-05,172.31.33.0-255,66,216,36,145522
6138,2.3e-05,172.217.27.0-255,1484,1700,36,145522
6139,2.7e-05,172.31.33.0-255,66,1766,36,145522
6140,3.3e-05,172.217.27.0-255,2902,4668,36,145522
6141,3.7e-05,172.31.33.0-255,66,4734,36,145522
6142,4.9e-05,172.217.27.0-255,7156,11890,36,145522
6143,5.3e-05,172.31.33.0-255,66,11956,36,145522
6144,5.7e-05,172.217.27.0-255,2020,13976,36,145522
6145,5.9e-05,172.31.33.0-255,66,14042,36,145522
6146,0.000152,172.217.27.0-255,1484,15526,36,145522
6147,0.000156,172.31.33.0-255,66,15592,36,145522
6148,0.000159,172.217.27.0-255,1484,17076,36,145522
6149,0.000161,172.31.33.0-255,66,17142,36,145522
6150,0.000183,172.217.27.0-255,1484,18626,36,145522
6151,0.000185,172.31.33.0-255,66,18692,36,145522
6152,0.000191,172.217.27.0-255,5738,24430,36,145522
6153,0.000193,172.31.33.0-255,66,24496,36,145522
6154,0.000199,172.217.27.0-255,6797,31293,36,145522
6155,0.000202,172.31.33.0-255,66,31359,36,145522
6156,0.000354,172.217.27.0-255,1484,32843,36,145522
6157,0.000358,172.31.33.0-255,66,32909,36,145522
6158,0.000384,172.217.27.0-255,2902,35811,36,145522
6159,0.000387,172.31.33.0-255,66,35877,36,145522
6160,0.000389,172.217.27.0-255,1484,37361,36,145522
6161,0.000391,172.31.33.0-255,66,37427,36,145522
6162,0.000412,172.217.27.0-255,2902,40329,36,145522
6163,0.000415,172.31.33.0-255,66,40395,36,145522
6164,0.000421,172.217.27.0-255,5738,46133,36,145522
6165,0.000426,172.31.33.0-255,66,46199,36,145522
6166,0.000447,172.217.27.0-255,2543,48742,36,145522
6167,0.000449,172.31.33.0-255,66,48808,36,145522
6168,0.000495,172.217.27.0-255,1484,50292,36,145522
6169,0.000512,172.217.27.0-255,2902,53194,36,145522
6170,0.000515,172.31.33.0-255,66,53260,36,145522
6171,0.000521,172.217.27.0-255,5738,58998,36,145522
6172,0.000523,172.31.33.0-255,66,59064,36,145522
6173,0.000549,172.217.27.0-255,2902,61966,36,145522
6174,0.000556,172.31.33.0-255,66,62032,36,145522
6175,0.000576,172.217.27.0-255,3961,65993,36,145522
6176,0.000579,172.31.33.0-255,66,66059,36,145522
6177,0.000648,172.217.27.0-255,392,66451,36,145522
6178,0.000986,172.31.33.0-255,66,66517,36,145522
6179,0.001013,172.217.27.0-255,350,66867,36,145522
6180,0.001063,172.31.33.0-255,66,66933,36,145522
6181,0.001194,172.217.27.0-255,1484,68417,36,145522
6182,0.001202,172.217.27.0-255,2902,71319,36,145522
6183,0.001205,172.31.33.0-255,66,71385,36,145522
6184,0.00121,172.217.27.0-255,2902,74287,36,145522
6185,0.001211,172.31.33.0-255,66,74353,36,145522
6186,0.001229,172.217.27.0-255,1484,75837,36,145522
6187,0.001232,172.217.27.0-255,1484,77321,36,145522
6188,0.001234,172.31.33.0-255,66,77387,36,145522
6189,0.001262,172.31.33.0-255,66,77453,36,145522
6190,0.001274,172.31.33.0-255,66,77519,36,145522
6191,0.001311,172.217.27.0-255,3961,81480,36,145522
6192,0.001313,172.31.33.0-255,66,81546,36,145522
6193,0.002903,172.217.27.0-255,1484,83030,36,145522
6194,0.002952,172.217.27.0-255,4320,87350,36,145522
6195,0.002957,172.31.33.0-255,66,87416,36,145522
6196,0.004597,172.217.27.0-255,5738,93154,36,145522
6197,0.004603,172.31.33.0-255,66,93220,36,145522
6198,0.006248,172.217.27.0-255,5738,98958,36,145522
6199,0.006255,172.31.33.0-255,66,99024,36,145522
6200,0.007907,172.217.27.0-255,1484,100508,36,145522
6201,0.007933,172.217.27.0-255,4320,104828,36,145522
6202,0.007938,172.31.33.0-255,66,104894,36,145522
6203,0.009575,172.217.27.0-255,5738,110632,36,145522
6204,0.009581,172.31.33.0-255,66,110698,36,145522
6205,0.011238,172.217.27.0-255,5738,116436,36,145522
6206,0.011245,172.31.33.0-255,66,116502,36,145522
6207,0.012909,172.217.27.0-255,5738,122240,36,145522
6208,0.012913,172.31.33.0-255,66,122306,36,145522
6209,0.014561,172.217.27.0-255,5738,128044,36,145522
6210,0.014567,172.31.33.0-255,66,128110,36,145522
6211,0.016218,172.217.27.0-255,5738,133848,36,145522
6212,0.016224,172.31.33.0-255,66,133914,36,145522
6213,0.01787,172.217.27.0-255,5738,139652,36,145522
6214,0.017878,172.31.33.0-255,66,139718,36,145522
6215,0.019532,172.217.27.0-255,5738,145456,36,145522
6216,0.01954,172.31.33.0-255,66,145522,36,145522
6217,0.0,74.125.68.0-255,153,153,36,275994
6218,1.4e-05,172.31.33.0-255,66,219,36,275994
6219,2e-05,74.125.68.0-255,1484,1703,36,275994
6220,2.4e-05,172.31.33.0-255,66,1769,36,275994
6221,2.9e-05,74.125.68.0-255,2902,4671,36,275994
6222,3.8e-05,172.31.33.0-255,66,4737,36,275994
6223,4.1e-05,74.125.68.0-255,1484,6221,36,275994
6224,4.3e-05,172.31.33.0-255,66,6287,36,275994
6225,7.9e-05,74.125.68.0-255,4320,10607,36,275994
6226,8.2e-05,172.31.33.0-255,66,10673,36,275994
6227,8.7e-05,74.125.68.0-255,3401,14074,36,275994
6228,8.9e-05,172.31.33.0-255,66,14140,36,275994
6229,0.00095,74.125.68.0-255,1484,15624,36,275994
6230,0.000956,172.31.33.0-255,66,15690,36,275994
6231,0.000964,74.125.68.0-255,2902,18592,36,275994
6232,0.000966,172.31.33.0-255,66,18658,36,275994
6233,0.000974,74.125.68.0-255,1484,20142,36,275994
6234,0.000976,172.31.33.0-255,66,20208,36,275994
6235,0.001004,74.125.68.0-255,1484,21692,36,275994
6236,0.001006,172.31.33.0-255,66,21758,36,275994
6237,0.001011,74.125.68.0-255,4320,26078,36,275994
6238,0.001013,172.31.33.0-255,66,26144,36,275994
6239,0.001037,74.125.68.0-255,5379,31523,36,275994
6240,0.001039,172.31.33.0-255,66,31589,36,275994
6241,0.001042,74.125.68.0-255,2902,34491,36,275994
6242,0.001045,172.31.33.0-255,66,34557,36,275994
6243,0.001073,74.125.68.0-255,2902,37459,36,275994
6244,0.001075,172.31.33.0-255,66,37525,36,275994
6245,0.001082,74.125.68.0-255,7156,44681,36,275994
6246,0.001084,172.31.33.0-255,66,44747,36,275994
6247,0.00109,74.125.68.0-255,1484,46231,36,275994
6248,0.001092,172.31.33.0-255,66,46297,36,275994
6249,0.001122,74.125.68.0-255,7156,53453,36,275994
6250,0.001125,172.31.33.0-255,66,53519,36,275994
6251,0.001129,74.125.68.0-255,2902,56421,36,275994
6252,0.001131,172.31.33.0-255,66,56487,36,275994
6253,0.001158,74.125.68.0-255,7156,63643,36,275994
6254,0.00116,172.31.33.0-255,66,63709,36,275994
6255,0.001182,74.125.68.0-255,2184,65893,36,275994
6256,0.001184,172.31.33.0-255,66,65959,36,275994
6257,0.001295,74.125.68.0-255,396,66355,36,275994
6258,0.001334,74.125.68.0-255,1484,67839,36,275994
6259,0.001339,172.31.33.0-255,66,67905,36,275994
6260,0.001365,74.125.68.0-255,4320,72225,36,275994
6261,0.001368,172.31.33.0-255,66,72291,36,275994
6262,0.00137,74.125.68.0-255,1484,73775,36,275994
6263,0.001399,172.31.33.0-255,66,73841,36,275994
6264,0.001446,172.31.33.0-255,66,73907,36,275994
6265,0.001453,74.125.68.0-255,6438,80345,36,275994
6266,0.001455,172.31.33.0-255,66,80411,36,275994
6267,0.001578,74.125.68.0-255,1484,81895,36,275994
6268,0.001596,74.125.68.0-255,2902,84797,36,275994
6269,0.001598,172.31.33.0-255,66,84863,36,275994
6270,0.001614,74.125.68.0-255,4320,89183,36,275994
6271,0.001616,172.31.33.0-255,66,89249,36,275994
6272,0.001637,74.125.68.0-255,1484,90733,36,275994
6273,0.001642,74.125.68.0-255,5738,96471,36,275994
6274,0.001644,172.31.33.0-255,66,96537,36,275994
6275,0.00167,74.125.68.0-255,1484,98021,36,275994
6276,0.00168,172.31.33.0-255,66,98087,36,275994
6277,0.001685,74.125.68.0-255,5738,103825,36,275994
6278,0.001687,172.31.33.0-255,66,103891,36,275994
6279,0.00171,74.125.68.0-255,2184,106075,36,275994
6280,0.001712,172.31.33.0-255,66,106141,36,275994
6281,0.001719,74.125.68.0-255,7156,113297,36,275994
6282,0.001721,172.31.33.0-255,66,113363,36,275994
6283,0.001744,74.125.68.0-255,1484,114847,36,275994
6284,0.00175,74.125.68.0-255,7156,122003,36,275994
6285,0.001753,172.31.33.0-255,66,122069,36,275994
6286,0.001758,74.125.68.0-255,4320,126389,36,275994
6287,0.00176,172.31.33.0-255,66,126455,36,275994
6288,0.00178,74.125.68.0-255,4320,130775,36,275994
6289,0.001782,172.31.33.0-255,66,130841,36,275994
6290,0.00179,74.125.68.0-255,4320,135161,36,275994
6291,0.001791,172.31.33.0-255,66,135227,36,275994
6292,0.001816,74.125.68.0-255,5020,140247,36,275994
6293,0.001822,172.31.33.0-255,66,140313,36,275994
6294,0.001865,74.125.68.0-255,113,140426,36,275994
6295,0.001917,74.125.68.0-255,1484,141910,36,275994
6296,0.001919,172.31.33.0-255,66,141976,36,275994
6297,0.001924,74.125.68.0-255,2902,144878,36,275994
6298,0.001926,172.31.33.0-255,66,144944,36,275994
6299,0.001928,74.125.68.0-255,1484,146428,36,275994
6300,0.001951,74.125.68.0-255,2902,149330,36,275994
6301,0.001954,172.31.33.0-255,66,149396,36,275994
6302,0.00198,74.125.68.0-255,5738,155134,36,275994
6303,0.001982,172.31.33.0-255,66,155200,36,275994
6304,0.002006,74.125.68.0-255,4320,159520,36,275994
6305,0.002008,172.31.33.0-255,66,159586,36,275994
6306,0.002012,74.125.68.0-255,2902,162488,36,275994
6307,0.002014,172.31.33.0-255,66,162554,36,275994
6308,0.002033,74.125.68.0-255,2902,165456,36,275994
6309,0.002035,172.31.33.0-255,66,165522,36,275994
6310,0.002072,74.125.68.0-255,2902,168424,36,275994
6311,0.002074,172.31.33.0-255,66,168490,36,275994
6312,0.002098,74.125.68.0-255,6438,174928,36,275994
6313,0.002101,172.31.33.0-255,66,174994,36,275994
6314,0.002172,74.125.68.0-255,1484,176478,36,275994
6315,0.002188,74.125.68.0-255,2902,179380,36,275994
6316,0.00219,172.31.33.0-255,66,179446,36,275994
6317,0.002215,74.125.68.0-255,4320,183766,36,275994
6318,0.002218,172.31.33.0-255,66,183832,36,275994
6319,0.00222,74.125.68.0-255,1484,185316,36,275994
6320,0.002241,74.125.68.0-255,7156,192472,36,275994
6321,0.002244,172.31.33.0-255,66,192538,36,275994
6322,0.002249,74.125.68.0-255,4320,196858,36,275994
6323,0.002251,172.31.33.0-255,66,196924,36,275994
6324,0.002274,74.125.68.0-255,1484,198408,36,275994
6325,0.002281,74.125.68.0-255,7156,205564,36,275994
6326,0.002283,172.31.33.0-255,66,205630,36,275994
6327,0.002286,74.125.68.0-255,1484,207114,36,275994
6328,0.002306,74.125.68.0-255,2184,209298,36,275994
6329,0.002308,172.31.33.0-255,66,209364,36,275994
6330,0.00234,74.125.68.0-255,1484,210848,36,275994
6331,0.002349,74.125.68.0-255,1484,212332,36,275994
6332,0.002351,172.31.33.0-255,66,212398,36,275994
6333,0.002361,74.125.68.0-255,1484,213882,36,275994
6334,0.00237,74.125.68.0-255,4320,218202,36,275994
6335,0.002372,172.31.33.0-255,66,218268,36,275994
6336,0.002395,74.125.68.0-255,1484,219752,36,275994
6337,0.002406,74.125.68.0-255,7156,226908,36,275994
6338,0.002409,172.31.33.0-255,66,226974,36,275994
6339,0.002436,74.125.68.0-255,1484,228458,36,275994
6340,0.002456,172.31.33.0-255,66,228524,36,275994
6341,0.002461,74.125.68.0-255,5020,233544,36,275994
6342,0.002464,172.31.33.0-255,66,233610,36,275994
6343,0.002473,74.125.68.0-255,5738,239348,36,275994
6344,0.002475,172.31.33.0-255,66,239414,36,275994
6345,0.002553,172.31.33.0-255,66,239480,36,275994
6346,0.002573,172.31.33.0-255,66,239546,36,275994
6347,0.002575,74.125.68.0-255,766,240312,36,275994
6348,0.002606,172.31.33.0-255,66,240378,36,275994
6349,0.005184,74.125.68.0-255,2902,243280,36,275994
6350,0.005191,172.31.33.0-255,66,243346,36,275994
6351,0.005215,74.125.68.0-255,2902,246248,36,275994
6352,0.005217,172.31.33.0-255,66,246314,36,275994
6353,0.007768,74.125.68.0-255,2902,249216,36,275994
6354,0.007774,172.31.33.0-255,66,249282,36,275994
6355,0.007802,74.125.68.0-255,2902,252184,36,275994
6356,0.007804,172.31.33.0-255,66,252250,36,275994
6357,0.010344,74.125.68.0-255,2902,255152,36,275994
6358,0.010351,172.31.33.0-255,66,255218,36,275994
6359,0.010371,74.125.68.0-255,2902,258120,36,275994
6360,0.010373,172.31.33.0-255,66,258186,36,275994
6361,0.012915,74.125.68.0-255,2902,261088,36,275994
6362,0.012924,172.31.33.0-255,66,261154,36,275994
6363,0.012954,74.125.68.0-255,2902,264056,36,275994
6364,0.012957,172.31.33.0-255,66,264122,36,275994
6365,0.015499,74.125.68.0-255,2902,267024,36,275994
6366,0.015505,172.31.33.0-255,66,267090,36,275994
6367,0.015531,74.125.68.0-255,2902,269992,36,275994
6368,0.015534,172.31.33.0-255,66,270058,36,275994
6369,0.018069,74.125.68.0-255,2902,272960,36,275994
6370,0.018076,172.31.33.0-255,66,273026,36,275994
6371,0.018104,74.125.68.0-255,2902,275928,36,275994
6372,0.018106,172.31.33.0-255,66,275994,36,275994
6373,0.0,74.125.24.0-255,153,153,36,168746
6374,1.7e-05,172.31.33.0-255,66,219,36,168746
6375,2.4e-05,74.125.24.0-255,1484,1703,36,168746
6376,2.9e-05,172.31.33.0-255,66,1769,36,168746
6377,3.6e-05,74.125.24.0-255,2902,4671,36,168746
6378,4.6e-05,172.31.33.0-255,66,4737,36,168746
6379,5.4e-05,74.125.24.0-255,7156,11893,36,168746
6380,5.8e-05,172.31.33.0-255,66,11959,36,168746
6381,6.1e-05,74.125.24.0-255,2063,14022,36,168746
6382,6.4e-05,172.31.33.0-255,66,14088,36,168746
6383,0.000215,74.125.24.0-255,1484,15572,36,168746
6384,0.00022,172.31.33.0-255,66,15638,36,168746
6385,0.000225,74.125.24.0-255,2902,18540,36,168746
6386,0.000228,172.31.33.0-255,66,18606,36,168746
6387,0.000264,74.125.24.0-255,5738,24344,36,168746
6388,0.000267,172.31.33.0-255,66,24410,36,168746
6389,0.0003,74.125.24.0-255,4320,28730,36,168746
6390,0.000302,172.31.33.0-255,66,28796,36,168746
6391,0.000326,74.125.24.0-255,5379,34175,36,168746
6392,0.00033,172.31.33.0-255,66,34241,36,168746
6393,0.000341,172.31.33.0-255,66,34307,36,168746
6394,0.000346,74.125.24.0-255,3961,38268,36,168746
6395,0.000348,172.31.33.0-255,66,38334,36,168746
6396,0.000724,74.125.24.0-255,1484,39818,36,168746
6397,0.00073,172.31.33.0-255,66,39884,36,168746
6398,0.000735,74.125.24.0-255,2902,42786,36,168746
6399,0.000738,172.31.33.0-255,66,42852,36,168746
6400,0.000742,74.125.24.0-255,1484,44336,36,168746
6401,0.000748,172.31.33.0-255,66,44402,36,168746
6402,0.00078,74.125.24.0-255,4320,48722,36,168746
6403,0.000783,172.31.33.0-255,66,48788,36,168746
6404,0.000818,74.125.24.0-255,7073,55861,36,168746
6405,0.000821,172.31.33.0-255,66,55927,36,168746
6406,0.000869,74.125.24.0-255,128,56055,36,168746
6407,0.000873,74.125.24.0-255,1484,57539,36,168746
6408,0.000875,172.31.33.0-255,66,57605,36,168746
6409,0.000896,74.125.24.0-255,2902,60507,36,168746
6410,0.000898,172.31.33.0-255,66,60573,36,168746
6411,0.000902,74.125.24.0-255,1484,62057,36,168746
6412,0.000948,74.125.24.0-255,7156,69213,36,168746
6413,0.000963,172.31.33.0-255,66,69279,36,168746
6414,0.001,74.125.24.0-255,766,70045,36,168746
6415,0.001014,172.31.33.0-255,66,70111,36,168746
6416,0.001021,74.125.24.0-255,347,70458,36,168746
6417,0.001479,172.31.33.0-255,66,70524,36,168746
6418,0.00153,74.125.24.0-255,1484,72008,36,168746
6419,0.001534,74.125.24.0-255,1484,73492,36,168746
6420,0.001536,172.31.33.0-255,66,73558,36,168746
6421,0.001564,74.125.24.0-255,1484,75042,36,168746
6422,0.001569,74.125.24.0-255,4320,79362,36,168746
6423,0.001571,172.31.33.0-255,66,79428,36,168746
6424,0.001598,74.125.24.0-255,5738,85166,36,168746
6425,0.0016,172.31.33.0-255,66,85232,36,168746
6426,0.001625,74.125.24.0-255,2902,88134,36,168746
6427,0.001627,172.31.33.0-255,66,88200,36,168746
6428,0.001639,172.31.33.0-255,66,88266,36,168746
6429,0.001657,74.125.24.0-255,2902,91168,36,168746
6430,0.001663,172.31.33.0-255,66,91234,36,168746
6431,0.001667,74.125.24.0-255,2184,93418,36,168746
6432,0.001668,172.31.33.0-255,66,93484,36,168746
6433,0.001709,74.125.24.0-255,1484,94968,36,168746
6434,0.001721,74.125.24.0-255,2902,97870,36,168746
6435,0.001724,172.31.33.0-255,66,97936,36,168746
6436,0.001727,74.125.24.0-255,1484,99420,36,168746
6437,0.001753,74.125.24.0-255,4320,103740,36,168746
6438,0.001756,172.31.33.0-255,66,103806,36,168746
6439,0.001762,74.125.24.0-255,5738,109544,36,168746
6440,0.001764,172.31.33.0-255,66,109610,36,168746
6441,0.00179,74.125.24.0-255,7156,116766,36,168746
6442,0.001817,74.125.24.0-255,2902,119668,36,168746
6443,0.001823,172.31.33.0-255,66,119734,36,168746
6444,0.001839,172.31.33.0-255,66,119800,36,168746
6445,0.001894,172.31.33.0-255,66,119866,36,168746
6446,0.001906,74.125.24.0-255,2902,122768,36,168746
6447,0.001941,172.31.33.0-255,66,122834,36,168746
6448,0.001946,172.31.33.0-255,66,122900,36,168746
6449,0.001957,74.125.24.0-255,7156,130056,36,168746
6450,0.001995,172.31.33.0-255,66,130122,36,168746
6451,0.002241,74.125.24.0-255,1484,131606,36,168746
6452,0.002248,74.125.24.0-255,2902,134508,36,168746
6453,0.002251,172.31.33.0-255,66,134574,36,168746
6454,0.002255,74.125.24.0-255,1484,136058,36,168746
6455,0.00226,74.125.24.0-255,2902,138960,36,168746
6456,0.002283,74.125.24.0-255,5738,144698,36,168746
6457,0.002378,74.125.24.0-255,3602,148300,36,168746
6458,0.002403,74.125.24.0-255,2902,151202,36,168746
6459,0.012749,172.31.33.0-255,66,151268,36,168746
6460,0.013136,74.125.24.0-255,1484,152752,36,168746
6461,0.015096,74.125.24.0-255,4320,157072,36,168746
6462,0.015108,172.31.33.0-255,66,157138,36,168746
6463,0.017467,74.125.24.0-255,5738,162876,36,168746
6464,0.017476,172.31.33.0-255,66,162942,36,168746
6465,0.019823,74.125.24.0-255,5738,168680,36,168746
6466,0.019831,172.31.33.0-255,66,168746,36,168746
6467,0.0,172.217.194.0-255,153,153,36,177739
6468,2.2e-05,172.31.33.0-255,66,219,36,177739
6469,2.7e-05,172.217.194.0-255,1484,1703,36,177739
6470,3.1e-05,172.31.33.0-255,66,1769,36,177739
6471,3.6e-05,172.217.194.0-255,2902,4671,36,177739
6472,3.8e-05,172.31.33.0-255,66,4737,36,177739
6473,4.8e-05,172.217.194.0-255,4320,9057,36,177739
6474,5.1e-05,172.31.33.0-255,66,9123,36,177739
6475,8.1e-05,172.217.194.0-255,5738,14861,36,177739
6476,8.4e-05,172.31.33.0-255,66,14927,36,177739
6477,0.000115,172.217.194.0-255,6265,21192,36,177739
6478,0.000117,172.31.33.0-255,66,21258,36,177739
6479,0.000127,172.31.33.0-255,66,21324,36,177739
6480,0.000196,172.217.194.0-255,1484,22808,36,177739
6481,0.000199,172.31.33.0-255,66,22874,36,177739
6482,0.000218,172.217.194.0-255,2902,25776,36,177739
6483,0.00022,172.31.33.0-255,66,25842,36,177739
6484,0.000225,172.217.194.0-255,5738,31580,36,177739
6485,0.000228,172.31.33.0-255,66,31646,36,177739
6486,0.000271,172.31.33.0-255,66,31712,36,177739
6487,0.000282,172.31.33.0-255,66,31778,36,177739
6488,0.00031,172.217.194.0-255,645,32423,36,177739
6489,0.000314,172.31.33.0-255,66,32489,36,177739
6490,0.000692,172.217.194.0-255,1484,33973,36,177739
6491,0.000696,172.31.33.0-255,66,34039,36,177739
6492,0.0007,172.217.194.0-255,2902,36941,36,177739
6493,0.000702,172.31.33.0-255,66,37007,36,177739
6494,0.000705,172.217.194.0-255,1484,38491,36,177739
6495,0.000706,172.31.33.0-255,66,38557,36,177739
6496,0.000733,172.217.194.0-255,4320,42877,36,177739
6497,0.000736,172.31.33.0-255,66,42943,36,177739
6498,0.00074,172.217.194.0-255,1484,44427,36,177739
6499,0.000771,172.31.33.0-255,66,44493,36,177739
6500,0.000784,172.31.33.0-255,66,44559,36,177739
6501,0.000798,172.217.194.0-255,766,45325,36,177739
6502,0.000837,172.217.194.0-255,1484,46809,36,177739
6503,0.000841,172.31.33.0-255,66,46875,36,177739
6504,0.000846,172.217.194.0-255,2902,49777,36,177739
6505,0.000849,172.31.33.0-255,66,49843,36,177739
6506,0.00088,172.217.194.0-255,5738,55581,36,177739
6507,0.000884,172.31.33.0-255,66,55647,36,177739
6508,0.000904,172.31.33.0-255,66,55713,36,177739
6509,0.00094,172.31.33.0-255,66,55779,36,177739
6510,0.000978,172.217.194.0-255,7156,62935,36,177739
6511,0.000981,172.31.33.0-255,66,63001,36,177739
6512,0.000986,172.217.194.0-255,2902,65903,36,177739
6513,0.000988,172.31.33.0-255,66,65969,36,177739
6514,0.001012,172.217.194.0-255,5738,71707,36,177739
6515,0.001022,172.31.33.0-255,66,71773,36,177739
6516,0.001041,172.31.33.0-255,66,71839,36,177739
6517,0.001044,172.217.194.0-255,766,72605,36,177739
6518,0.00126,172.217.194.0-255,1484,74089,36,177739
6519,0.001265,172.31.33.0-255,66,74155,36,177739
6520,0.00127,172.217.194.0-255,2902,77057,36,177739
6521,0.001273,172.31.33.0-255,66,77123,36,177739
6522,0.001282,172.217.194.0-255,1484,78607,36,177739
6523,0.001311,172.217.194.0-255,4320,82927,36,177739
6524,0.001314,172.31.33.0-255,66,82993,36,177739
6525,0.001334,172.31.33.0-255,66,83059,36,177739
6526,0.001337,172.217.194.0-255,1484,84543,36,177739
6527,0.001367,172.31.33.0-255,66,84609,36,177739
6528,0.001389,172.217.194.0-255,1484,86093,36,177739
6529,0.001401,172.217.194.0-255,2902,88995,36,177739
6530,0.001406,172.31.33.0-255,66,89061,36,177739
6531,0.001409,172.217.194.0-255,1484,90545,36,177739
6532,0.001435,172.217.194.0-255,4320,94865,36,177739
6533,0.00144,172.31.33.0-255,66,94931,36,177739
6534,0.00148,172.217.194.0-255,5738,100669,36,177739
6535,0.001484,172.31.33.0-255,66,100735,36,177739
6536,0.001513,172.217.194.0-255,7156,107891,36,177739
6537,0.001516,172.31.33.0-255,66,107957,36,177739
6538,0.00152,172.217.194.0-255,1484,109441,36,177739
6539,0.001537,172.31.33.0-255,66,109507,36,177739
6540,0.001774,172.217.194.0-255,1484,110991,36,177739
6541,0.001804,172.217.194.0-255,1484,112475,36,177739
6542,0.001809,172.31.33.0-255,66,112541,36,177739
6543,0.001814,172.217.194.0-255,2902,115443,36,177739
6544,0.001817,172.31.33.0-255,66,115509,36,177739
6545,0.001827,172.217.194.0-255,2902,118411,36,177739
6546,0.001829,172.31.33.0-255,66,118477,36,177739
6547,0.001871,172.217.194.0-255,2902,121379,36,177739
6548,0.001875,172.31.33.0-255,66,121445,36,177739
6549,0.001901,172.31.33.0-255,66,121511,36,177739
6550,0.001912,172.31.33.0-255,66,121577,36,177739
6551,0.002054,172.217.194.0-255,1484,123061,36,177739
6552,0.002061,172.217.194.0-255,2902,125963,36,177739
6553,0.002064,172.31.33.0-255,66,126029,36,177739
6554,0.002095,172.217.194.0-255,5738,131767,36,177739
6555,0.002103,172.31.33.0-255,66,131833,36,177739
6556,0.002106,172.31.33.0-255,66,131899,36,177739
6557,0.002108,172.217.194.0-255,5738,137637,36,177739
6558,0.00211,172.31.33.0-255,66,137703,36,177739
6559,0.002129,172.217.194.0-255,2902,140605,36,177739
6560,0.002132,172.31.33.0-255,66,140671,36,177739
6561,0.002169,172.217.194.0-255,2902,143573,36,177739
6562,0.002172,172.31.33.0-255,66,143639,36,177739
6563,0.002207,172.31.33.0-255,66,143705,36,177739
6564,0.002219,172.31.33.0-255,66,143771,36,177739
6565,0.002235,172.217.194.0-255,4320,148091,36,177739
6566,0.002242,172.31.33.0-255,66,148157,36,177739
6567,0.002245,172.217.194.0-255,2184,150341,36,177739
6568,0.002248,172.31.33.0-255,66,150407,36,177739
6569,0.002294,172.217.194.0-255,1484,151891,36,177739
6570,0.002309,172.217.194.0-255,2902,154793,36,177739
6571,0.002312,172.31.33.0-255,66,154859,36,177739
6572,0.002336,172.217.194.0-255,5738,160597,36,177739
6573,0.002339,172.31.33.0-255,66,160663,36,177739
6574,0.002371,172.31.33.0-255,66,160729,36,177739
6575,0.002377,172.217.194.0-255,5738,166467,36,177739
6576,0.002379,172.31.33.0-255,66,166533,36,177739
6577,0.002416,172.217.194.0-255,2902,169435,36,177739
6578,0.00242,172.31.33.0-255,66,169501,36,177739
6579,0.002449,172.217.194.0-255,6438,175939,36,177739
6580,0.002452,172.31.33.0-255,66,176005,36,177739
6581,0.002467,172.31.33.0-255,66,176071,36,177739
6582,0.002506,172.31.33.0-255,66,176137,36,177739
6583,0.002556,172.217.194.0-255,1194,177331,36,177739
6584,0.003225,172.31.33.0-255,66,177397,36,177739
6585,0.005009,172.217.194.0-255,105,177502,36,177739
6586,0.009301,172.31.33.0-255,66,177568,36,177739
6587,0.009334,172.31.33.0-255,105,177673,36,177739
6588,0.01189,172.217.194.0-255,66,177739,36,177739
6589,0.0,172.217.194.0-255,153,153,36,179821
6590,1.9e-05,172.31.33.0-255,66,219,36,179821
6591,2.5e-05,172.217.194.0-255,1484,1703,36,179821
6592,3e-05,172.31.33.0-255,66,1769,36,179821
6593,3.5e-05,172.217.194.0-255,2902,4671,36,179821
6594,3.8e-05,172.31.33.0-255,66,4737,36,179821
6595,4.5e-05,172.217.194.0-255,5738,10475,36,179821
6596,4.8e-05,172.31.33.0-255,66,10541,36,179821
6597,7.2e-05,172.217.194.0-255,1484,12025,36,179821
6598,7.5e-05,172.31.33.0-255,66,12091,36,179821
6599,7.9e-05,172.217.194.0-255,1993,14084,36,179821
6600,8.1e-05,172.31.33.0-255,66,14150,36,179821
6601,0.000116,172.31.33.0-255,66,14216,36,179821
6602,0.00014,172.217.194.0-255,2902,17118,36,179821
6603,0.000143,172.31.33.0-255,66,17184,36,179821
6604,0.000149,172.217.194.0-255,5379,22563,36,179821
6605,0.000152,172.31.33.0-255,66,22629,36,179821
6606,0.000171,172.217.194.0-255,5738,28367,36,179821
6607,0.000174,172.31.33.0-255,66,28433,36,179821
6608,0.000198,172.217.194.0-255,2902,31335,36,179821
6609,0.0002,172.31.33.0-255,66,31401,36,179821
6610,0.000203,172.217.194.0-255,1484,32885,36,179821
6611,0.000206,172.31.33.0-255,66,32951,36,179821
6612,0.000237,172.31.33.0-255,66,33017,36,179821
6613,0.000248,172.31.33.0-255,66,33083,36,179821
6614,0.000285,172.217.194.0-255,4320,37403,36,179821
6615,0.000289,172.31.33.0-255,66,37469,36,179821
6616,0.000312,172.217.194.0-255,2543,40012,36,179821
6617,0.000316,172.31.33.0-255,66,40078,36,179821
6618,0.000318,172.217.194.0-255,677,40755,36,179821
6619,0.00036,172.217.194.0-255,1484,42239,36,179821
6620,0.000364,172.31.33.0-255,66,42305,36,179821
6621,0.000367,172.217.194.0-255,1484,43789,36,179821
6622,0.000382,172.217.194.0-255,1484,45273,36,179821
6623,0.000384,172.31.33.0-255,66,45339,36,179821
6624,0.000391,172.217.194.0-255,5738,51077,36,179821
6625,0.000393,172.31.33.0-255,66,51143,36,179821
6626,0.000425,172.217.194.0-255,4320,55463,36,179821
6627,0.000428,172.31.33.0-255,66,55529,36,179821
6628,0.000445,172.217.194.0-255,1994,57523,36,179821
6629,0.000448,172.31.33.0-255,66,57589,36,179821
6630,0.000538,172.217.194.0-255,1484,59073,36,179821
6631,0.000557,172.217.194.0-255,2902,61975,36,179821
6632,0.000562,172.31.33.0-255,66,62041,36,179821
6633,0.000568,172.217.194.0-255,5738,67779,36,179821
6634,0.00057,172.31.33.0-255,66,67845,36,179821
6635,0.000603,172.217.194.0-255,7156,75001,36,179821
6636,0.000607,172.31.33.0-255,66,75067,36,179821
6637,0.000618,172.31.33.0-255,66,75133,36,179821
6638,0.000636,172.217.194.0-255,5738,80871,36,179821
6639,0.000639,172.31.33.0-255,66,80937,36,179821
6640,0.000644,172.217.194.0-255,2184,83121,36,179821
6641,0.000646,172.31.33.0-255,66,83187,36,179821
6642,0.001,172.217.194.0-255,1484,84671,36,179821
6643,0.001005,172.217.194.0-255,2902,87573,36,179821
6644,0.001008,172.31.33.0-255,66,87639,36,179821
6645,0.001014,172.217.194.0-255,5738,93377,36,179821
6646,0.001015,172.31.33.0-255,66,93443,36,179821
6647,0.001039,172.31.33.0-255,66,93509,36,179821
6648,0.001067,172.217.194.0-255,2902,96411,36,179821
6649,0.00107,172.31.33.0-255,66,96477,36,179821
6650,0.001079,172.31.33.0-255,66,96543,36,179821
6651,0.001081,172.217.194.0-255,766,97309,36,179821
6652,0.001561,172.217.194.0-255,1484,98793,36,179821
6653,0.001565,172.31.33.0-255,66,98859,36,179821
6654,0.00157,172.217.194.0-255,2902,101761,36,179821
6655,0.001572,172.31.33.0-255,66,101827,36,179821
6656,0.001594,172.217.194.0-255,5738,107565,36,179821
6657,0.001596,172.31.33.0-255,66,107631,36,179821
6658,0.001602,172.217.194.0-255,4320,111951,36,179821
6659,0.001604,172.31.33.0-255,66,112017,36,179821
6660,0.001619,172.217.194.0-255,1484,113501,36,179821
6661,0.001642,172.31.33.0-255,66,113567,36,179821
6662,0.001658,172.217.194.0-255,5738,119305,36,179821
6663,0.00166,172.31.33.0-255,66,119371,36,179821
6664,0.001674,172.217.194.0-255,2184,121555,36,179821
6665,0.001677,172.31.33.0-255,66,121621,36,179821
6666,0.001774,172.217.194.0-255,1484,123105,36,179821
6667,0.001779,172.217.194.0-255,2902,126007,36,179821
6668,0.001782,172.31.33.0-255,66,126073,36,179821
6669,0.001785,172.217.194.0-255,2902,128975,36,179821
6670,0.001787,172.31.33.0-255,66,129041,36,179821
6671,0.001802,172.217.194.0-255,2902,131943,36,179821
6672,0.001804,172.31.33.0-255,66,132009,36,179821
6673,0.001807,172.217.194.0-255,1484,133493,36,179821
6674,0.001823,172.217.194.0-255,5738,139231,36,179821
6675,0.001825,172.31.33.0-255,66,139297,36,179821
6676,0.00183,172.217.194.0-255,4320,143617,36,179821
6677,0.001831,172.31.33.0-255,66,143683,36,179821
6678,0.001864,172.31.33.0-255,66,143749,36,179821
6679,0.001868,172.217.194.0-255,2184,145933,36,179821
6680,0.001869,172.31.33.0-255,66,145999,36,179821
6681,0.002035,172.217.194.0-255,1484,147483,36,179821
6682,0.002054,172.217.194.0-255,2902,150385,36,179821
6683,0.002057,172.31.33.0-255,66,150451,36,179821
6684,0.002063,172.217.194.0-255,5738,156189,36,179821
6685,0.002065,172.31.33.0-255,66,156255,36,179821
6686,0.002077,172.217.194.0-255,1484,157739,36,179821
6687,0.002107,172.31.33.0-255,66,157805,36,179821
6688,0.002145,172.31.33.0-255,66,157871,36,179821
6689,0.002182,172.31.33.0-255,66,157937,36,179821
6690,0.002191,172.31.33.0-255,66,158003,36,179821
6691,0.002223,172.217.194.0-255,7156,165159,36,179821
6692,0.002226,172.31.33.0-255,66,165225,36,179821
6693,0.002278,172.31.33.0-255,66,165291,36,179821
6694,0.002296,172.217.194.0-255,2902,168193,36,179821
6695,0.002298,172.31.33.0-255,66,168259,36,179821
6696,0.002308,172.31.33.0-255,66,168325,36,179821
6697,0.002312,172.217.194.0-255,4320,172645,36,179821
6698,0.002314,172.31.33.0-255,66,172711,36,179821
6699,0.002365,172.31.33.0-255,66,172777,36,179821
6700,0.002382,172.31.33.0-255,66,172843,36,179821
6701,0.002405,172.217.194.0-255,6438,179281,36,179821
6702,0.002408,172.31.33.0-255,66,179347,36,179821
6703,0.002419,172.31.33.0-255,66,179413,36,179821
6704,0.002439,172.31.33.0-255,66,179479,36,179821
6705,0.002442,172.217.194.0-255,105,179584,36,179821
6706,0.004139,172.31.33.0-255,66,179650,36,179821
6707,0.004172,172.31.33.0-255,105,179755,36,179821
6708,0.006739,172.217.194.0-255,66,179821,36,179821
6709,0.0,74.125.24.0-255,153,153,36,177795
6710,2.5e-05,172.31.33.0-255,66,219,36,177795
6711,4.8e-05,74.125.24.0-255,1484,1703,36,177795
6712,5.3e-05,172.31.33.0-255,66,1769,36,177795
6713,5.8e-05,74.125.24.0-255,2902,4671,36,177795
6714,6.1e-05,172.31.33.0-255,66,4737,36,177795
6715,7.4e-05,74.125.24.0-255,2902,7639,36,177795
6716,7.7e-05,172.31.33.0-255,66,7705,36,177795
6717,9.8e-05,74.125.24.0-255,2902,10607,36,177795
6718,0.000101,172.31.33.0-255,66,10673,36,177795
6719,0.000107,74.125.24.0-255,4796,15469,36,177795
6720,0.000109,172.31.33.0-255,66,15535,36,177795
6721,0.000157,172.31.33.0-255,66,15601,36,177795
6722,0.000161,74.125.24.0-255,2543,18144,36,177795
6723,0.000165,172.31.33.0-255,66,18210,36,177795
6724,0.000215,74.125.24.0-255,1484,19694,36,177795
6725,0.000218,172.31.33.0-255,66,19760,36,177795
6726,0.000223,74.125.24.0-255,2902,22662,36,177795
6727,0.000226,172.31.33.0-255,66,22728,36,177795
6728,0.000252,74.125.24.0-255,5738,28466,36,177795
6729,0.000255,172.31.33.0-255,66,28532,36,177795
6730,0.000261,74.125.24.0-255,6797,35329,36,177795
6731,0.000264,172.31.33.0-255,66,35395,36,177795
6732,0.0003,172.31.33.0-255,66,35461,36,177795
6733,0.000321,74.125.24.0-255,4320,39781,36,177795
6734,0.000324,172.31.33.0-255,66,39847,36,177795
6735,0.000328,74.125.24.0-255,2543,42390,36,177795
6736,0.000331,172.31.33.0-255,66,42456,36,177795
6737,0.000334,74.125.24.0-255,399,42855,36,177795
6738,0.000336,172.31.33.0-255,66,42921,36,177795
6739,0.000407,74.125.24.0-255,344,43265,36,177795
6740,0.000488,74.125.24.0-255,1484,44749,36,177795
6741,0.000492,172.31.33.0-255,66,44815,36,177795
6742,0.000521,74.125.24.0-255,4320,49135,36,177795
6743,0.000525,172.31.33.0-255,66,49201,36,177795
6744,0.000531,74.125.24.0-255,7156,56357,36,177795
6745,0.000533,172.31.33.0-255,66,56423,36,177795
6746,0.000578,172.31.33.0-255,66,56489,36,177795
6747,0.000602,74.125.24.0-255,2543,59032,36,177795
6748,0.000606,172.31.33.0-255,66,59098,36,177795
6749,0.000609,74.125.24.0-255,1484,60582,36,177795
6750,0.000633,74.125.24.0-255,2543,63125,36,177795
6751,0.000635,172.31.33.0-255,66,63191,36,177795
6752,0.001028,74.125.24.0-255,1484,64675,36,177795
6753,0.001034,74.125.24.0-255,1484,66159,36,177795
6754,0.001039,172.31.33.0-255,66,66225,36,177795
6755,0.001046,74.125.24.0-255,1484,67709,36,177795
6756,0.001065,74.125.24.0-255,5738,73447,36,177795
6757,0.00107,74.125.24.0-255,4320,77767,36,177795
6758,0.00107,172.31.33.0-255,66,77833,36,177795
6759,0.001073,172.31.33.0-255,66,77899,36,177795
6760,0.00113,172.31.33.0-255,66,77965,36,177795
6761,0.001156,74.125.24.0-255,3412,81377,36,177795
6762,0.001159,172.31.33.0-255,66,81443,36,177795
6763,0.001172,172.31.33.0-255,66,81509,36,177795
6764,0.001178,74.125.24.0-255,5738,87247,36,177795
6765,0.00118,172.31.33.0-255,66,87313,36,177795
6766,0.001215,74.125.24.0-255,4320,91633,36,177795
6767,0.001218,172.31.33.0-255,66,91699,36,177795
6768,0.001222,74.125.24.0-255,766,92465,36,177795
6769,0.00125,74.125.24.0-255,1484,93949,36,177795
6770,0.001254,172.31.33.0-255,66,94015,36,177795
6771,0.001277,74.125.24.0-255,1484,95499,36,177795
6772,0.001293,74.125.24.0-255,2902,98401,36,177795
6773,0.001298,74.125.24.0-255,5738,104139,36,177795
6774,0.001298,172.31.33.0-255,66,104205,36,177795
6775,0.001302,172.31.33.0-255,66,104271,36,177795
6776,0.001345,172.31.33.0-255,66,104337,36,177795
6777,0.00135,74.125.24.0-255,4320,108657,36,177795
6778,0.001352,172.31.33.0-255,66,108723,36,177795
6779,0.00138,74.125.24.0-255,6438,115161,36,177795
6780,0.001385,172.31.33.0-255,66,115227,36,177795
6781,0.001456,172.31.33.0-255,66,115293,36,177795
6782,0.001489,74.125.24.0-255,4320,119613,36,177795
6783,0.001493,172.31.33.0-255,66,119679,36,177795
6784,0.001507,172.31.33.0-255,66,119745,36,177795
6785,0.00151,74.125.24.0-255,766,120511,36,177795
6786,0.001794,74.125.24.0-255,1484,121995,36,177795
6787,0.001799,172.31.33.0-255,66,122061,36,177795
6788,0.001827,74.125.24.0-255,2902,124963,36,177795
6789,0.001831,172.31.33.0-255,66,125029,36,177795
6790,0.001836,74.125.24.0-255,4320,129349,36,177795
6791,0.001838,172.31.33.0-255,66,129415,36,177795
6792,0.001859,74.125.24.0-255,5738,135153,36,177795
6793,0.001867,172.31.33.0-255,66,135219,36,177795
6794,0.001879,172.31.33.0-255,66,135285,36,177795
6795,0.001885,74.125.24.0-255,4320,139605,36,177795
6796,0.001889,172.31.33.0-255,66,139671,36,177795
6797,0.001918,74.125.24.0-255,3602,143273,36,177795
6798,0.001922,172.31.33.0-255,66,143339,36,177795
6799,0.002032,74.125.24.0-255,1484,144823,36,177795
6800,0.002039,74.125.24.0-255,2902,147725,36,177795
6801,0.002042,172.31.33.0-255,66,147791,36,177795
6802,0.002048,74.125.24.0-255,5738,153529,36,177795
6803,0.00205,172.31.33.0-255,66,153595,36,177795
6804,0.002102,172.31.33.0-255,66,153661,36,177795
6805,0.002114,172.31.33.0-255,66,153727,36,177795
6806,0.002142,74.125.24.0-255,4320,158047,36,177795
6807,0.002146,172.31.33.0-255,66,158113,36,177795
6808,0.002174,172.31.33.0-255,66,158179,36,177795
6809,0.002199,74.125.24.0-255,1484,159663,36,177795
6810,0.002215,172.31.33.0-255,66,159729,36,177795
6811,0.002234,74.125.24.0-255,766,160495,36,177795
6812,0.002256,172.31.33.0-255,66,160561,36,177795
6813,0.002263,74.125.24.0-255,5738,166299,36,177795
6814,0.002265,172.31.33.0-255,66,166365,36,177795
6815,0.002311,74.125.24.0-255,5738,172103,36,177795
6816,0.002315,172.31.33.0-255,66,172169,36,177795
6817,0.002345,74.125.24.0-255,5020,177189,36,177795
6818,0.002348,172.31.33.0-255,66,177255,36,177795
6819,0.002361,172.31.33.0-255,66,177321,36,177795
6820,0.002375,172.31.33.0-255,66,177387,36,177795
6821,0.002452,172.31.33.0-255,66,177453,36,177795
6822,0.004772,74.125.24.0-255,105,177558,36,177795
6823,0.008642,172.31.33.0-255,66,177624,36,177795
6824,0.00867,172.31.33.0-255,105,177729,36,177795
6825,0.011014,74.125.24.0-255,66,177795,36,177795
6826,0.0,172.31.33.0-255,105,105,36,276
6827,0.002186,157.240.7.0-255,105,210,36,276
6828,0.002197,172.31.33.0-255,66,276,36,276
6829,0.0,172.31.33.0-255,105,105,36,459
6830,0.000235,172.31.33.0-255,90,195,36,459
6831,0.000254,172.31.33.0-255,66,261,36,459
6832,0.002481,74.125.24.0-255,66,327,36,459
6833,0.002513,74.125.24.0-255,66,393,36,459
6834,0.002537,172.31.33.0-255,66,459,36,459
6835,0.0,172.31.33.0-255,299,299,36,299
6836,0.0,172.217.194.0-255,153,153,36,161409
6837,1.9e-05,172.31.33.0-255,66,219,36,161409
6838,2.5e-05,172.217.194.0-255,1484,1703,36,161409
6839,2.9e-05,172.31.33.0-255,66,1769,36,161409
6840,3.4e-05,172.217.194.0-255,2902,4671,36,161409
6841,3.6e-05,172.31.33.0-255,66,4737,36,161409
6842,4.1e-05,172.217.194.0-255,4320,9057,36,161409
6843,4.4e-05,172.31.33.0-255,66,9123,36,161409
6844,6.8e-05,172.217.194.0-255,2902,12025,36,161409
6845,7e-05,172.31.33.0-255,66,12091,36,161409
6846,7.7e-05,172.217.194.0-255,6310,18401,36,161409
6847,7.9e-05,172.31.33.0-255,66,18467,36,161409
6848,8.5e-05,172.217.194.0-255,7156,25623,36,161409
6849,8.7e-05,172.31.33.0-255,66,25689,36,161409
6850,0.000108,172.217.194.0-255,4320,30009,36,161409
6851,0.00011,172.31.33.0-255,66,30075,36,161409
6852,0.000137,172.31.33.0-255,66,30141,36,161409
6853,0.000166,172.217.194.0-255,4320,34461,36,161409
6854,0.000167,172.31.33.0-255,66,34527,36,161409
6855,0.000185,172.217.194.0-255,2184,36711,36,161409
6856,0.000187,172.31.33.0-255,66,36777,36,161409
6857,0.000194,172.217.194.0-255,7156,43933,36,161409
6858,0.000196,172.31.33.0-255,66,43999,36,161409
6859,0.0002,172.217.194.0-255,2902,46901,36,161409
6860,0.000201,172.31.33.0-255,66,46967,36,161409
6861,0.000223,172.217.194.0-255,5738,52705,36,161409
6862,0.000225,172.31.33.0-255,66,52771,36,161409
6863,0.00024,172.217.194.0-255,1448,54219,36,161409
6864,0.000241,172.31.33.0-255,66,54285,36,161409
6865,0.000689,172.217.194.0-255,365,54650,36,161409
6866,0.000694,172.31.33.0-255,66,54716,36,161409
6867,0.00085,172.217.194.0-255,1484,56200,36,161409
6868,0.000856,172.217.194.0-255,2902,59102,36,161409
6869,0.000858,172.31.33.0-255,66,59168,36,161409
6870,0.000865,172.217.194.0-255,5738,64906,36,161409
6871,0.000867,172.31.33.0-255,66,64972,36,161409
6872,0.000879,172.217.194.0-255,1484,66456,36,161409
6873,0.000893,172.217.194.0-255,2902,69358,36,161409
6874,0.000895,172.31.33.0-255,66,69424,36,161409
6875,0.000932,172.217.194.0-255,4320,73744,36,161409
6876,0.000935,172.31.33.0-255,66,73810,36,161409
6877,0.00096,172.31.33.0-255,66,73876,36,161409
6878,0.000978,172.217.194.0-255,6797,80673,36,161409
6879,0.00098,172.31.33.0-255,66,80739,36,161409
6880,0.001987,172.217.194.0-255,1484,82223,36,161409
6881,0.002013,172.217.194.0-255,2902,85125,36,161409
6882,0.002017,172.31.33.0-255,66,85191,36,161409
6883,0.002025,172.217.194.0-255,5738,90929,36,161409
6884,0.002028,172.31.33.0-255,66,90995,36,161409
6885,0.002051,172.217.194.0-255,5738,96733,36,161409
6886,0.002053,172.31.33.0-255,66,96799,36,161409
6887,0.002076,172.217.194.0-255,7156,103955,36,161409
6888,0.002078,172.31.33.0-255,66,104021,36,161409
6889,0.002085,172.217.194.0-255,5738,109759,36,161409
6890,0.002087,172.31.33.0-255,66,109825,36,161409
6891,0.002115,172.217.194.0-255,5020,114845,36,161409
6892,0.002117,172.31.33.0-255,66,114911,36,161409
6893,0.004181,172.217.194.0-255,5738,120649,36,161409
6894,0.004189,172.31.33.0-255,66,120715,36,161409
6895,0.006226,172.217.194.0-255,5738,126453,36,161409
6896,0.006232,172.31.33.0-255,66,126519,36,161409
6897,0.008308,172.217.194.0-255,5738,132257,36,161409
6898,0.008315,172.31.33.0-255,66,132323,36,161409
6899,0.010376,172.217.194.0-255,5738,138061,36,161409
6900,0.010383,172.31.33.0-255,66,138127,36,161409
6901,0.012432,172.217.194.0-255,5738,143865,36,161409
6902,0.01244,172.31.33.0-255,66,143931,36,161409
6903,0.014495,172.217.194.0-255,5738,149669,36,161409
6904,0.014503,172.31.33.0-255,66,149735,36,161409
6905,0.016561,172.217.194.0-255,5738,155473,36,161409
6906,0.016567,172.31.33.0-255,66,155539,36,161409
6907,0.018619,172.217.194.0-255,4320,159859,36,161409
6908,0.018626,172.31.33.0-255,66,159925,36,161409
6909,0.018642,172.217.194.0-255,1484,161409,36,161409
6910,0.0,172.217.194.0-255,152,152,36,188782
6911,2.2e-05,172.31.33.0-255,66,218,36,188782
6912,2.8e-05,172.217.194.0-255,1484,1702,36,188782
6913,3.3e-05,172.31.33.0-255,66,1768,36,188782
6914,3.8e-05,172.217.194.0-255,2902,4670,36,188782
6915,4.1e-05,172.31.33.0-255,66,4736,36,188782
6916,4.6e-05,172.217.194.0-255,4320,9056,36,188782
6917,5e-05,172.31.33.0-255,66,9122,36,188782
6918,6.6e-05,172.217.194.0-255,2902,12024,36,188782
6919,6.9e-05,172.31.33.0-255,66,12090,36,188782
6920,8.7e-05,172.217.194.0-255,2024,14114,36,188782
6921,9.1e-05,172.31.33.0-255,66,14180,36,188782
6922,0.000132,172.217.194.0-255,2902,17082,36,188782
6923,0.000136,172.31.33.0-255,66,17148,36,188782
6924,0.000143,172.217.194.0-255,7156,24304,36,188782
6925,0.000146,172.31.33.0-255,66,24370,36,188782
6926,0.000174,172.217.194.0-255,6797,31167,36,188782
6927,0.000177,172.31.33.0-255,66,31233,36,188782
6928,0.000244,172.217.194.0-255,1484,32717,36,188782
6929,0.000248,172.31.33.0-255,66,32783,36,188782
6930,0.000253,172.217.194.0-255,2902,35685,36,188782
6931,0.000256,172.31.33.0-255,66,35751,36,188782
6932,0.000272,172.217.194.0-255,5738,41489,36,188782
6933,0.000275,172.31.33.0-255,66,41555,36,188782
6934,0.000301,172.31.33.0-255,66,41621,36,188782
6935,0.000326,172.217.194.0-255,3961,45582,36,188782
6936,0.000328,172.31.33.0-255,66,45648,36,188782
6937,0.000341,172.31.33.0-255,66,45714,36,188782
6938,0.000344,172.217.194.0-255,339,46053,36,188782
6939,0.000347,172.31.33.0-255,66,46119,36,188782
6940,0.000387,172.217.194.0-255,436,46555,36,188782
6941,0.000689,172.217.194.0-255,1484,48039,36,188782
6942,0.000693,172.31.33.0-255,66,48105,36,188782
6943,0.000698,172.217.194.0-255,2902,51007,36,188782
6944,0.0007,172.31.33.0-255,66,51073,36,188782
6945,0.000705,172.217.194.0-255,5738,56811,36,188782
6946,0.000707,172.31.33.0-255,66,56877,36,188782
6947,0.00074,172.31.33.0-255,66,56943,36,188782
6948,0.000785,172.31.33.0-255,66,57009,36,188782
6949,0.000803,172.217.194.0-255,2184,59193,36,188782
6950,0.000806,172.31.33.0-255,66,59259,36,188782
6951,0.001004,172.217.194.0-255,1484,60743,36,188782
6952,0.001023,172.217.194.0-255,2902,63645,36,188782
6953,0.001026,172.31.33.0-255,66,63711,36,188782
6954,0.001032,172.217.194.0-255,5738,69449,36,188782
6955,0.001034,172.31.33.0-255,66,69515,36,188782
6956,0.001038,172.217.194.0-255,2902,72417,36,188782
6957,0.00104,172.31.33.0-255,66,72483,36,188782
6958,0.001074,172.31.33.0-255,66,72549,36,188782
6959,0.001079,172.217.194.0-255,5738,78287,36,188782
6960,0.001081,172.31.33.0-255,66,78353,36,188782
6961,0.001096,172.217.194.0-255,5020,83373,36,188782
6962,0.001098,172.31.33.0-255,66,83439,36,188782
6963,0.001309,172.217.194.0-255,1484,84923,36,188782
6964,0.001328,172.217.194.0-255,2902,87825,36,188782
6965,0.001332,172.31.33.0-255,66,87891,36,188782
6966,0.001338,172.217.194.0-255,5738,93629,36,188782
6967,0.00134,172.31.33.0-255,66,93695,36,188782
6968,0.001344,172.217.194.0-255,4320,98015,36,188782
6969,0.001346,172.31.33.0-255,66,98081,36,188782
6970,0.001374,172.31.33.0-255,66,98147,36,188782
6971,0.001378,172.217.194.0-255,2902,101049,36,188782
6972,0.00138,172.31.33.0-255,66,101115,36,188782
6973,0.001408,172.31.33.0-255,66,101181,36,188782
6974,0.001432,172.217.194.0-255,1484,102665,36,188782
6975,0.001435,172.217.194.0-255,1484,104149,36,188782
6976,0.001437,172.31.33.0-255,66,104215,36,188782
6977,0.00147,172.217.194.0-255,1484,105699,36,188782
6978,0.001476,172.217.194.0-255,5738,111437,36,188782
6979,0.001478,172.31.33.0-255,66,111503,36,188782
6980,0.001496,172.31.33.0-255,66,111569,36,188782
6981,0.001505,172.31.33.0-255,66,111635,36,188782
6982,0.001528,172.217.194.0-255,2184,113819,36,188782
6983,0.001532,172.31.33.0-255,66,113885,36,188782
6984,0.001751,172.217.194.0-255,1484,115369,36,188782
6985,0.001755,172.217.194.0-255,1484,116853,36,188782
6986,0.001758,172.31.33.0-255,66,116919,36,188782
6987,0.00177,172.217.194.0-255,1484,118403,36,188782
6988,0.001776,172.217.194.0-255,5738,124141,36,188782
6989,0.001778,172.31.33.0-255,66,124207,36,188782
6990,0.001781,172.217.194.0-255,1484,125691,36,188782
6991,0.001805,172.217.194.0-255,7156,132847,36,188782
6992,0.001807,172.31.33.0-255,66,132913,36,188782
6993,0.001817,172.31.33.0-255,66,132979,36,188782
6994,0.001827,172.217.194.0-255,1484,134463,36,188782
6995,0.001851,172.217.194.0-255,4320,138783,36,188782
6996,0.001853,172.31.33.0-255,66,138849,36,188782
6997,0.001868,172.217.194.0-255,766,139615,36,188782
6998,0.00189,172.217.194.0-255,4320,143935,36,188782
6999,0.001893,172.31.33.0-255,66,144001,36,188782
7000,0.001911,172.217.194.0-255,1484,145485,36,188782
7001,0.001918,172.217.194.0-255,7156,152641,36,188782
7002,0.00192,172.31.33.0-255,66,152707,36,188782
7003,0.001923,172.217.194.0-255,1484,154191,36,188782
7004,0.001955,172.31.33.0-255,66,154257,36,188782
7005,0.001961,172.217.194.0-255,6438,160695,36,188782
7006,0.001962,172.31.33.0-255,66,160761,36,188782
7007,0.002001,172.217.194.0-255,7156,167917,36,188782
7008,0.002004,172.31.33.0-255,66,167983,36,188782
7009,0.002028,172.31.33.0-255,66,168049,36,188782
7010,0.0021,172.31.33.0-255,66,168115,36,188782
7011,0.002116,172.31.33.0-255,66,168181,36,188782
7012,0.002125,172.31.33.0-255,66,168247,36,188782
7013,0.00215,172.217.194.0-255,2902,171149,36,188782
7014,0.002152,172.31.33.0-255,66,171215,36,188782
7015,0.002157,172.217.194.0-255,4320,175535,36,188782
7016,0.00216,172.31.33.0-255,66,175601,36,188782
7017,0.002176,172.31.33.0-255,66,175667,36,188782
7018,0.002199,172.217.194.0-255,1484,177151,36,188782
7019,0.002237,172.31.33.0-255,66,177217,36,188782
7020,0.00224,172.217.194.0-255,1484,178701,36,188782
7021,0.002266,172.31.33.0-255,66,178767,36,188782
7022,0.002291,172.217.194.0-255,4320,183087,36,188782
7023,0.002294,172.31.33.0-255,66,183153,36,188782
7024,0.002305,172.31.33.0-255,66,183219,36,188782
7025,0.002307,172.217.194.0-255,1484,184703,36,188782
7026,0.002323,172.217.194.0-255,3671,188374,36,188782
7027,0.002327,172.31.33.0-255,66,188440,36,188782
7028,0.002347,172.217.194.0-255,105,188545,36,188782
7029,0.003121,172.31.33.0-255,66,188611,36,188782
7030,0.003143,172.31.33.0-255,105,188716,36,188782
7031,0.005612,172.217.194.0-255,66,188782,36,188782
7032,0.0,216.58.221.0-255,154,154,36,312063
7033,2.6e-05,172.31.33.0-255,66,220,36,312063
7034,3.2e-05,216.58.221.0-255,1484,1704,36,312063
7035,3.5e-05,172.31.33.0-255,66,1770,36,312063
7036,3.8e-05,216.58.221.0-255,1484,3254,36,312063
7037,4.1e-05,172.31.33.0-255,66,3320,36,312063
7038,7e-05,216.58.221.0-255,1484,4804,36,312063
7039,7.3e-05,172.31.33.0-255,66,4870,36,312063
7040,7.9e-05,216.58.221.0-255,4320,9190,36,312063
7041,8.2e-05,172.31.33.0-255,66,9256,36,312063
7042,0.000113,216.58.221.0-255,4857,14113,36,312063
7043,0.000116,172.31.33.0-255,66,14179,36,312063
7044,0.000546,216.58.221.0-255,1484,15663,36,312063
7045,0.000551,172.31.33.0-255,66,15729,36,312063
7046,0.00056,216.58.221.0-255,2902,18631,36,312063
7047,0.000563,172.31.33.0-255,66,18697,36,312063
7048,0.000574,216.58.221.0-255,5738,24435,36,312063
7049,0.000577,172.31.33.0-255,66,24501,36,312063
7050,0.000603,216.58.221.0-255,6797,31298,36,312063
7051,0.000605,172.31.33.0-255,66,31364,36,312063
7052,0.000713,216.58.221.0-255,1484,32848,36,312063
7053,0.000718,172.31.33.0-255,66,32914,36,312063
7054,0.000724,216.58.221.0-255,2902,35816,36,312063
7055,0.000727,172.31.33.0-255,66,35882,36,312063
7056,0.00073,216.58.221.0-255,1484,37366,36,312063
7057,0.000738,172.31.33.0-255,66,37432,36,312063
7058,0.000774,216.58.221.0-255,4320,41752,36,312063
7059,0.000778,172.31.33.0-255,66,41818,36,312063
7060,0.000786,216.58.221.0-255,6797,48615,36,312063
7061,0.000789,172.31.33.0-255,66,48681,36,312063
7062,0.001229,216.58.221.0-255,1484,50165,36,312063
7063,0.001233,172.31.33.0-255,66,50231,36,312063
7064,0.001237,216.58.221.0-255,1484,51715,36,312063
7065,0.001256,216.58.221.0-255,1484,53199,36,312063
7066,0.001261,216.58.221.0-255,2902,56101,36,312063
7067,0.001282,216.58.221.0-255,2902,59003,36,312063
7068,0.001287,216.58.221.0-255,4320,63323,36,312063
7069,0.001304,216.58.221.0-255,2830,66153,36,312063
7070,0.001387,216.58.221.0-255,140,66293,36,312063
7071,0.001486,216.58.221.0-255,1484,67777,36,312063
7072,0.001503,216.58.221.0-255,2902,70679,36,312063
7073,0.001513,216.58.221.0-255,1484,72163,36,312063
7074,0.001532,216.58.221.0-255,2902,75065,36,312063
7075,0.00155,216.58.221.0-255,5738,80803,36,312063
7076,0.001596,216.58.221.0-255,2543,83346,36,312063
7077,0.0016,216.58.221.0-255,2902,86248,36,312063
7078,0.001607,216.58.221.0-255,7156,93404,36,312063
7079,0.001624,216.58.221.0-255,6797,100201,36,312063
7080,0.001897,216.58.221.0-255,1484,101685,36,312063
7081,0.00191,216.58.221.0-255,2902,104587,36,312063
7082,0.001925,216.58.221.0-255,1484,106071,36,312063
7083,0.001929,216.58.221.0-255,2902,108973,36,312063
7084,0.001947,216.58.221.0-255,4320,113293,36,312063
7085,0.001956,216.58.221.0-255,1484,114777,36,312063
7086,0.001958,216.58.221.0-255,1484,116261,36,312063
7087,0.001961,216.58.221.0-255,709,116970,36,312063
7088,0.002027,216.58.221.0-255,1484,118454,36,312063
7089,0.00204,216.58.221.0-255,2902,121356,36,312063
7090,0.002044,216.58.221.0-255,2902,124258,36,312063
7091,0.00206,216.58.221.0-255,2902,127160,36,312063
7092,0.002079,216.58.221.0-255,5738,132898,36,312063
7093,0.002089,216.58.221.0-255,1572,134470,36,312063
7094,0.002221,216.58.221.0-255,1484,135954,36,312063
7095,0.002225,216.58.221.0-255,2902,138856,36,312063
7096,0.002238,216.58.221.0-255,4320,143176,36,312063
7097,0.002247,216.58.221.0-255,1484,144660,36,312063
7098,0.002258,216.58.221.0-255,4320,148980,36,312063
7099,0.00228,216.58.221.0-255,2902,151882,36,312063
7100,0.002426,216.58.221.0-255,1484,153366,36,312063
7101,0.002439,216.58.221.0-255,2902,156268,36,312063
7102,0.002451,216.58.221.0-255,5738,162006,36,312063
7103,0.002472,216.58.221.0-255,2902,164908,36,312063
7104,0.002489,216.58.221.0-255,5738,170646,36,312063
7105,0.002507,216.58.221.0-255,1484,172130,36,312063
7106,0.00251,216.58.221.0-255,1484,173614,36,312063
7107,0.002513,216.58.221.0-255,1484,175098,36,312063
7108,0.002516,216.58.221.0-255,2902,178000,36,312063
7109,0.002532,216.58.221.0-255,5738,183738,36,312063
7110,0.002536,216.58.221.0-255,2184,185922,36,312063
7111,0.002759,216.58.221.0-255,1484,187406,36,312063
7112,0.002764,216.58.221.0-255,2902,190308,36,312063
7113,0.002767,216.58.221.0-255,2902,193210,36,312063
7114,0.002788,216.58.221.0-255,2902,196112,36,312063
7115,0.002793,216.58.221.0-255,4320,200432,36,312063
7116,0.002799,216.58.221.0-255,5738,206170,36,312063
7117,0.002817,216.58.221.0-255,4320,210490,36,312063
7118,0.002836,216.58.221.0-255,7156,217646,36,312063
7119,0.002841,216.58.221.0-255,5020,222666,36,312063
7120,0.002843,216.58.221.0-255,1484,224150,36,312063
7121,0.002858,216.58.221.0-255,4320,228470,36,312063
7122,0.00288,216.58.221.0-255,4320,232790,36,312063
7123,0.002967,216.58.221.0-255,3602,236392,36,312063
7124,0.003004,216.58.221.0-255,1484,237876,36,312063
7125,0.003016,216.58.221.0-255,2902,240778,36,312063
7126,0.003019,216.58.221.0-255,1484,242262,36,312063
7127,0.003038,216.58.221.0-255,4320,246582,36,312063
7128,0.003096,216.58.221.0-255,2902,249484,36,312063
7129,0.003109,216.58.221.0-255,2184,251668,36,312063
7130,0.003205,216.58.221.0-255,1484,253152,36,312063
7131,0.003222,216.58.221.0-255,2902,256054,36,312063
7132,0.003226,216.58.221.0-255,1484,257538,36,312063
7133,0.003244,216.58.221.0-255,4320,261858,36,312063
7134,0.003249,216.58.221.0-255,4320,266178,36,312063
7135,0.003266,216.58.221.0-255,1484,267662,36,312063
7136,0.003276,216.58.221.0-255,7156,274818,36,312063
7137,0.003304,216.58.221.0-255,1484,276302,36,312063
7138,0.003317,216.58.221.0-255,4320,280622,36,312063
7139,0.003358,216.58.221.0-255,4320,284942,36,312063
7140,0.003363,216.58.221.0-255,4320,289262,36,312063
7141,0.003407,216.58.221.0-255,5738,295000,36,312063
7142,0.003422,216.58.221.0-255,7156,302156,36,312063
7143,0.003451,216.58.221.0-255,4320,306476,36,312063
7144,0.003467,216.58.221.0-255,5245,311721,36,312063
7145,0.00348,216.58.221.0-255,105,311826,36,312063
7146,0.003887,172.31.33.0-255,66,311892,36,312063
7147,0.006539,172.31.33.0-255,105,311997,36,312063
7148,0.008431,216.58.221.0-255,66,312063,36,312063
7149,0.0,172.217.194.0-255,153,153,36,236297
7150,1.3e-05,172.31.33.0-255,66,219,36,236297
7151,1.9e-05,172.217.194.0-255,1484,1703,36,236297
7152,2.4e-05,172.31.33.0-255,66,1769,36,236297
7153,2.9e-05,172.217.194.0-255,2902,4671,36,236297
7154,3.1e-05,172.31.33.0-255,66,4737,36,236297
7155,3.9e-05,172.217.194.0-255,7156,11893,36,236297
7156,4.2e-05,172.31.33.0-255,66,11959,36,236297
7157,4.6e-05,172.217.194.0-255,2024,13983,36,236297
7158,4.8e-05,172.31.33.0-255,66,14049,36,236297
7159,0.0001,172.217.194.0-255,4320,18369,36,236297
7160,0.000103,172.31.33.0-255,66,18435,36,236297
7161,0.000122,172.217.194.0-255,4320,22755,36,236297
7162,0.000124,172.31.33.0-255,66,22821,36,236297
7163,0.000167,172.217.194.0-255,4320,27141,36,236297
7164,0.000169,172.31.33.0-255,66,27207,36,236297
7165,0.000187,172.217.194.0-255,3961,31168,36,236297
7166,0.000189,172.31.33.0-255,66,31234,36,236297
7167,0.000199,172.31.33.0-255,66,31300,36,236297
7168,0.000205,172.217.194.0-255,4320,35620,36,236297
7169,0.000207,172.31.33.0-255,66,35686,36,236297
7170,0.000232,172.217.194.0-255,3961,39647,36,236297
7171,0.000234,172.31.33.0-255,66,39713,36,236297
7172,0.000247,172.217.194.0-255,1484,41197,36,236297
7173,0.00025,172.31.33.0-255,66,41263,36,236297
7174,0.000253,172.217.194.0-255,1484,42747,36,236297
7175,0.000255,172.31.33.0-255,66,42813,36,236297
7176,0.000274,172.217.194.0-255,1484,44297,36,236297
7177,0.000276,172.31.33.0-255,66,44363,36,236297
7178,0.000282,172.217.194.0-255,5738,50101,36,236297
7179,0.000285,172.31.33.0-255,66,50167,36,236297
7180,0.000304,172.217.194.0-255,4320,54487,36,236297
7181,0.000307,172.31.33.0-255,66,54553,36,236297
7182,0.000326,172.217.194.0-255,2839,57392,36,236297
7183,0.000328,172.31.33.0-255,66,57458,36,236297
7184,0.00033,172.217.194.0-255,382,57840,36,236297
7185,0.000574,172.217.194.0-255,1484,59324,36,236297
7186,0.000579,172.31.33.0-255,66,59390,36,236297
7187,0.000584,172.217.194.0-255,2902,62292,36,236297
7188,0.000586,172.31.33.0-255,66,62358,36,236297
7189,0.000607,172.217.194.0-255,1484,63842,36,236297
7190,0.00062,172.217.194.0-255,4320,68162,36,236297
7191,0.000622,172.31.33.0-255,66,68228,36,236297
7192,0.000629,172.217.194.0-255,7156,75384,36,236297
7193,0.000631,172.31.33.0-255,66,75450,36,236297
7194,0.00066,172.31.33.0-255,66,75516,36,236297
7195,0.000678,172.217.194.0-255,1484,77000,36,236297
7196,0.000682,172.217.194.0-255,2184,79184,36,236297
7197,0.000686,172.31.33.0-255,66,79250,36,236297
7198,0.000861,172.217.194.0-255,1484,80734,36,236297
7199,0.000866,172.217.194.0-255,1484,82218,36,236297
7200,0.000869,172.31.33.0-255,66,82284,36,236297
7201,0.000889,172.217.194.0-255,1484,83768,36,236297
7202,0.000895,172.217.194.0-255,5738,89506,36,236297
7203,0.000898,172.31.33.0-255,66,89572,36,236297
7204,0.000926,172.31.33.0-255,66,89638,36,236297
7205,0.000974,172.217.194.0-255,4320,93958,36,236297
7206,0.000977,172.31.33.0-255,66,94024,36,236297
7207,0.001006,172.31.33.0-255,66,94090,36,236297
7208,0.001026,172.217.194.0-255,1484,95574,36,236297
7209,0.00103,172.217.194.0-255,2902,98476,36,236297
7210,0.001032,172.31.33.0-255,66,98542,36,236297
7211,0.001038,172.217.194.0-255,5738,104280,36,236297
7212,0.001041,172.31.33.0-255,66,104346,36,236297
7213,0.001055,172.217.194.0-255,2902,107248,36,236297
7214,0.001058,172.31.33.0-255,66,107314,36,236297
7215,0.001076,172.217.194.0-255,4320,111634,36,236297
7216,0.001079,172.31.33.0-255,66,111700,36,236297
7217,0.001088,172.31.33.0-255,66,111766,36,236297
7218,0.001109,172.217.194.0-255,1484,113250,36,236297
7219,0.001129,172.217.194.0-255,6438,119688,36,236297
7220,0.001132,172.31.33.0-255,66,119754,36,236297
7221,0.001135,172.217.194.0-255,1484,121238,36,236297
7222,0.001151,172.217.194.0-255,7156,128394,36,236297
7223,0.001154,172.31.33.0-255,66,128460,36,236297
7224,0.001179,172.31.33.0-255,66,128526,36,236297
7225,0.001199,172.31.33.0-255,66,128592,36,236297
7226,0.001216,172.217.194.0-255,2902,131494,36,236297
7227,0.001219,172.31.33.0-255,66,131560,36,236297
7228,0.001232,172.217.194.0-255,3602,135162,36,236297
7229,0.001234,172.31.33.0-255,66,135228,36,236297
7230,0.001237,172.217.194.0-255,1484,136712,36,236297
7231,0.00126,172.217.194.0-255,5738,142450,36,236297
7232,0.001263,172.31.33.0-255,66,142516,36,236297
7233,0.001299,172.217.194.0-255,4320,146836,36,236297
7234,0.001301,172.31.33.0-255,66,146902,36,236297
7235,0.001322,172.31.33.0-255,66,146968,36,236297
7236,0.001334,172.31.33.0-255,66,147034,36,236297
7237,0.001374,172.31.33.0-255,66,147100,36,236297
7238,0.001396,172.217.194.0-255,1484,148584,36,236297
7239,0.001412,172.31.33.0-255,66,148650,36,236297
7240,0.00145,172.31.33.0-255,66,148716,36,236297
7241,0.001473,172.217.194.0-255,6438,155154,36,236297
7242,0.001475,172.31.33.0-255,66,155220,36,236297
7243,0.001511,172.31.33.0-255,66,155286,36,236297
7244,0.001531,172.217.194.0-255,6438,161724,36,236297
7245,0.001533,172.31.33.0-255,66,161790,36,236297
7246,0.00158,172.217.194.0-255,1484,163274,36,236297
7247,0.001584,172.217.194.0-255,1484,164758,36,236297
7248,0.001586,172.31.33.0-255,66,164824,36,236297
7249,0.001602,172.217.194.0-255,1484,166308,36,236297
7250,0.001608,172.217.194.0-255,5738,172046,36,236297
7251,0.001617,172.31.33.0-255,66,172112,36,236297
7252,0.001637,172.217.194.0-255,5738,177850,36,236297
7253,0.001643,172.31.33.0-255,66,177916,36,236297
7254,0.001655,172.217.194.0-255,5738,183654,36,236297
7255,0.00166,172.217.194.0-255,7156,190810,36,236297
7256,0.001663,172.31.33.0-255,66,190876,36,236297
7257,0.001673,172.217.194.0-255,5020,195896,36,236297
7258,0.001695,172.31.33.0-255,66,195962,36,236297
7259,0.001739,172.217.194.0-255,1484,197446,36,236297
7260,0.00176,172.217.194.0-255,2902,200348,36,236297
7261,0.001766,172.217.194.0-255,5738,206086,36,236297
7262,0.001773,172.31.33.0-255,66,206152,36,236297
7263,0.001817,172.31.33.0-255,66,206218,36,236297
7264,0.001833,172.217.194.0-255,1484,207702,36,236297
7265,0.001862,172.31.33.0-255,66,207768,36,236297
7266,0.001871,172.217.194.0-255,5738,213506,36,236297
7267,0.001886,172.217.194.0-255,5738,219244,36,236297
7268,0.00189,172.217.194.0-255,2902,222146,36,236297
7269,0.001902,172.217.194.0-255,4320,226466,36,236297
7270,0.001906,172.31.33.0-255,66,226532,36,236297
7271,0.001926,172.217.194.0-255,5738,232270,36,236297
7272,0.00196,172.31.33.0-255,66,232336,36,236297
7273,0.00199,172.31.33.0-255,66,232402,36,236297
7274,0.001996,172.217.194.0-255,3487,235889,36,236297
7275,0.002,172.31.33.0-255,66,235955,36,236297
7276,0.002015,172.217.194.0-255,105,236060,36,236297
7277,0.008268,172.31.33.0-255,66,236126,36,236297
7278,0.0083,172.31.33.0-255,105,236231,36,236297
7279,0.010305,172.217.194.0-255,66,236297,36,236297
7280,0.0,172.217.194.0-255,150,150,36,219463
7281,2e-05,172.31.33.0-255,66,216,36,219463
7282,2.7e-05,172.217.194.0-255,1484,1700,36,219463
7283,3.1e-05,172.31.33.0-255,66,1766,36,219463
7284,3.6e-05,172.217.194.0-255,2902,4668,36,219463
7285,3.9e-05,172.31.33.0-255,66,4734,36,219463
7286,6.8e-05,172.217.194.0-255,4320,9054,36,219463
7287,7.1e-05,172.31.33.0-255,66,9120,36,219463
7288,9.2e-05,172.217.194.0-255,2902,12022,36,219463
7289,9.4e-05,172.31.33.0-255,66,12088,36,219463
7290,9.9e-05,172.217.194.0-255,2018,14106,36,219463
7291,0.000102,172.31.33.0-255,66,14172,36,219463
7292,0.000108,172.217.194.0-255,7156,21328,36,219463
7293,0.00011,172.31.33.0-255,66,21394,36,219463
7294,0.000128,172.217.194.0-255,4320,25714,36,219463
7295,0.00013,172.31.33.0-255,66,25780,36,219463
7296,0.000135,172.217.194.0-255,5379,31159,36,219463
7297,0.000137,172.31.33.0-255,66,31225,36,219463
7298,0.000492,172.217.194.0-255,1484,32709,36,219463
7299,0.000497,172.31.33.0-255,66,32775,36,219463
7300,0.000502,172.217.194.0-255,1484,34259,36,219463
7301,0.000504,172.31.33.0-255,66,34325,36,219463
7302,0.000516,172.217.194.0-255,1484,35809,36,219463
7303,0.000518,172.31.33.0-255,66,35875,36,219463
7304,0.000524,172.217.194.0-255,5738,41613,36,219463
7305,0.000526,172.31.33.0-255,66,41679,36,219463
7306,0.00055,172.217.194.0-255,4320,45999,36,219463
7307,0.000553,172.31.33.0-255,66,46065,36,219463
7308,0.000579,172.31.33.0-255,66,46131,36,219463
7309,0.000583,172.217.194.0-255,2902,49033,36,219463
7310,0.000585,172.31.33.0-255,66,49099,36,219463
7311,0.000604,172.217.194.0-255,7088,56187,36,219463
7312,0.000606,172.31.33.0-255,66,56253,36,219463
7313,0.000609,172.217.194.0-255,100,56353,36,219463
7314,0.000708,172.217.194.0-255,1484,57837,36,219463
7315,0.000711,172.31.33.0-255,66,57903,36,219463
7316,0.000728,172.217.194.0-255,2902,60805,36,219463
7317,0.00073,172.31.33.0-255,66,60871,36,219463
7318,0.000734,172.217.194.0-255,2902,63773,36,219463
7319,0.000736,172.31.33.0-255,66,63839,36,219463
7320,0.00075,172.217.194.0-255,2902,66741,36,219463
7321,0.000752,172.31.33.0-255,66,66807,36,219463
7322,0.000768,172.217.194.0-255,1484,68291,36,219463
7323,0.00079,172.31.33.0-255,66,68357,36,219463
7324,0.00081,172.217.194.0-255,2902,71259,36,219463
7325,0.000812,172.31.33.0-255,66,71325,36,219463
7326,0.000816,172.217.194.0-255,2902,74227,36,219463
7327,0.000818,172.31.33.0-255,66,74293,36,219463
7328,0.000836,172.217.194.0-255,4320,78613,36,219463
7329,0.000839,172.31.33.0-255,66,78679,36,219463
7330,0.000861,172.217.194.0-255,2902,81581,36,219463
7331,0.000864,172.31.33.0-255,66,81647,36,219463
7332,0.000866,172.217.194.0-255,766,82413,36,219463
7333,0.000899,172.217.194.0-255,1484,83897,36,219463
7334,0.000901,172.31.33.0-255,66,83963,36,219463
7335,0.000905,172.217.194.0-255,1484,85447,36,219463
7336,0.000919,172.217.194.0-255,1484,86931,36,219463
7337,0.000921,172.31.33.0-255,66,86997,36,219463
7338,0.000928,172.217.194.0-255,5738,92735,36,219463
7339,0.00093,172.31.33.0-255,66,92801,36,219463
7340,0.000942,172.31.33.0-255,66,92867,36,219463
7341,0.000949,172.217.194.0-255,7156,100023,36,219463
7342,0.000951,172.31.33.0-255,66,100089,36,219463
7343,0.000969,172.217.194.0-255,3602,103691,36,219463
7344,0.000971,172.31.33.0-255,66,103757,36,219463
7345,0.000978,172.217.194.0-255,7156,110913,36,219463
7346,0.00098,172.31.33.0-255,66,110979,36,219463
7347,0.001019,172.31.33.0-255,66,111045,36,219463
7348,0.001028,172.31.33.0-255,66,111111,36,219463
7349,0.001052,172.217.194.0-255,1484,112595,36,219463
7350,0.001062,172.217.194.0-255,2902,115497,36,219463
7351,0.001064,172.31.33.0-255,66,115563,36,219463
7352,0.001081,172.217.194.0-255,1484,117047,36,219463
7353,0.001096,172.217.194.0-255,4320,121367,36,219463
7354,0.001099,172.31.33.0-255,66,121433,36,219463
7355,0.001109,172.217.194.0-255,1484,122917,36,219463
7356,0.001124,172.217.194.0-255,2902,125819,36,219463
7357,0.001126,172.31.33.0-255,66,125885,36,219463
7358,0.001146,172.217.194.0-255,5738,131623,36,219463
7359,0.001152,172.217.194.0-255,7156,138779,36,219463
7360,0.001156,172.31.33.0-255,66,138845,36,219463
7361,0.001159,172.31.33.0-255,66,138911,36,219463
7362,0.001168,172.217.194.0-255,6438,145349,36,219463
7363,0.001171,172.31.33.0-255,66,145415,36,219463
7364,0.001271,172.217.194.0-255,1484,146899,36,219463
7365,0.001276,172.217.194.0-255,2902,149801,36,219463
7366,0.001279,172.31.33.0-255,66,149867,36,219463
7367,0.001284,172.217.194.0-255,4320,154187,36,219463
7368,0.001286,172.31.33.0-255,66,154253,36,219463
7369,0.001298,172.217.194.0-255,1484,155737,36,219463
7370,0.0013,172.217.194.0-255,1484,157221,36,219463
7371,0.001302,172.31.33.0-255,66,157287,36,219463
7372,0.001313,172.31.33.0-255,66,157353,36,219463
7373,0.001382,172.31.33.0-255,66,157419,36,219463
7374,0.001401,172.31.33.0-255,66,157485,36,219463
7375,0.001413,172.31.33.0-255,66,157551,36,219463
7376,0.00143,172.217.194.0-255,3602,161153,36,219463
7377,0.001432,172.31.33.0-255,66,161219,36,219463
7378,0.001443,172.31.33.0-255,66,161285,36,219463
7379,0.001467,172.217.194.0-255,7156,168441,36,219463
7380,0.001469,172.31.33.0-255,66,168507,36,219463
7381,0.001479,172.31.33.0-255,66,168573,36,219463
7382,0.001501,172.217.194.0-255,1484,170057,36,219463
7383,0.001522,172.217.194.0-255,5020,175077,36,219463
7384,0.001525,172.31.33.0-255,66,175143,36,219463
7385,0.00155,172.217.194.0-255,2902,178045,36,219463
7386,0.001553,172.31.33.0-255,66,178111,36,219463
7387,0.001571,172.217.194.0-255,4320,182431,36,219463
7388,0.001573,172.31.33.0-255,66,182497,36,219463
7389,0.001578,172.217.194.0-255,4320,186817,36,219463
7390,0.001579,172.31.33.0-255,66,186883,36,219463
7391,0.001593,172.217.194.0-255,1484,188367,36,219463
7392,0.001608,172.217.194.0-255,5738,194105,36,219463
7393,0.001611,172.31.33.0-255,66,194171,36,219463
7394,0.001631,172.217.194.0-255,5738,199909,36,219463
7395,0.001634,172.31.33.0-255,66,199975,36,219463
7396,0.00164,172.217.194.0-255,7156,207131,36,219463
7397,0.001642,172.31.33.0-255,66,207197,36,219463
7398,0.001672,172.217.194.0-255,2184,209381,36,219463
7399,0.001674,172.31.33.0-255,66,209447,36,219463
7400,0.001684,172.31.33.0-255,66,209513,36,219463
7401,0.001701,172.31.33.0-255,66,209579,36,219463
7402,0.001706,172.217.194.0-255,4320,213899,36,219463
7403,0.001707,172.31.33.0-255,66,213965,36,219463
7404,0.001743,172.31.33.0-255,66,214031,36,219463
7405,0.001753,172.31.33.0-255,66,214097,36,219463
7406,0.001778,172.217.194.0-255,3602,217699,36,219463
7407,0.001781,172.31.33.0-255,66,217765,36,219463
7408,0.001783,172.217.194.0-255,1356,219121,36,219463
7409,0.001825,172.217.194.0-255,105,219226,36,219463
7410,0.003936,172.31.33.0-255,66,219292,36,219463
7411,0.003968,172.31.33.0-255,105,219397,36,219463
7412,0.006318,172.217.194.0-255,66,219463,36,219463
7413,0.0,74.125.68.0-255,153,153,36,244468
7414,3.3e-05,172.31.33.0-255,66,219,36,244468
7415,4e-05,74.125.68.0-255,1484,1703,36,244468
7416,4.4e-05,172.31.33.0-255,66,1769,36,244468
7417,5e-05,74.125.68.0-255,2902,4671,36,244468
7418,5.2e-05,172.31.33.0-255,66,4737,36,244468
7419,6.7e-05,74.125.68.0-255,5738,10475,36,244468
7420,6.9e-05,172.31.33.0-255,66,10541,36,244468
7421,7.5e-05,74.125.68.0-255,3438,13979,36,244468
7422,7.7e-05,172.31.33.0-255,66,14045,36,244468
7423,0.000109,74.125.68.0-255,4320,18365,36,244468
7424,0.000112,172.31.33.0-255,66,18431,36,244468
7425,0.000123,172.31.33.0-255,66,18497,36,244468
7426,0.000153,74.125.68.0-255,1484,19981,36,244468
7427,0.000156,172.31.33.0-255,66,20047,36,244468
7428,0.000161,74.125.68.0-255,2543,22590,36,244468
7429,0.000164,172.31.33.0-255,66,22656,36,244468
7430,0.000246,74.125.68.0-255,1484,24140,36,244468
7431,0.00025,172.31.33.0-255,66,24206,36,244468
7432,0.000278,74.125.68.0-255,2902,27108,36,244468
7433,0.000283,172.31.33.0-255,66,27174,36,244468
7434,0.000288,74.125.68.0-255,4320,31494,36,244468
7435,0.000291,172.31.33.0-255,66,31560,36,244468
7436,0.000336,74.125.68.0-255,4320,35880,36,244468
7437,0.00034,172.31.33.0-255,66,35946,36,244468
7438,0.000371,74.125.68.0-255,5379,41325,36,244468
7439,0.000376,172.31.33.0-255,66,41391,36,244468
7440,0.000387,172.31.33.0-255,66,41457,36,244468
7441,0.000399,74.125.68.0-255,5652,47109,36,244468
7442,0.000402,172.31.33.0-255,66,47175,36,244468
7443,0.000405,74.125.68.0-255,131,47306,36,244468
7444,0.000409,74.125.68.0-255,348,47654,36,244468
7445,0.00064,74.125.68.0-255,1484,49138,36,244468
7446,0.000645,172.31.33.0-255,66,49204,36,244468
7447,0.000675,74.125.68.0-255,2902,52106,36,244468
7448,0.00068,172.31.33.0-255,66,52172,36,244468
7449,0.000686,74.125.68.0-255,5738,57910,36,244468
7450,0.000688,172.31.33.0-255,66,57976,36,244468
7451,0.000692,74.125.68.0-255,2902,60878,36,244468
7452,0.000694,172.31.33.0-255,66,60944,36,244468
7453,0.000699,74.125.68.0-255,4320,65264,36,244468
7454,0.000701,172.31.33.0-255,66,65330,36,244468
7455,0.000732,172.31.33.0-255,66,65396,36,244468
7456,0.000738,74.125.68.0-255,5738,71134,36,244468
7457,0.00074,172.31.33.0-255,66,71200,36,244468
7458,0.000779,74.125.68.0-255,2184,73384,36,244468
7459,0.000782,172.31.33.0-255,66,73450,36,244468
7460,0.000832,74.125.68.0-255,1484,74934,36,244468
7461,0.000837,74.125.68.0-255,2902,77836,36,244468
7462,0.000841,172.31.33.0-255,66,77902,36,244468
7463,0.000871,74.125.68.0-255,5738,83640,36,244468
7464,0.000874,172.31.33.0-255,66,83706,36,244468
7465,0.000879,74.125.68.0-255,2902,86608,36,244468
7466,0.000881,172.31.33.0-255,66,86674,36,244468
7467,0.000913,74.125.68.0-255,1484,88158,36,244468
7468,0.000921,74.125.68.0-255,5738,93896,36,244468
7469,0.000924,172.31.33.0-255,66,93962,36,244468
7470,0.00093,74.125.68.0-255,5738,99700,36,244468
7471,0.000933,172.31.33.0-255,66,99766,36,244468
7472,0.000962,74.125.68.0-255,5738,105504,36,244468
7473,0.000965,172.31.33.0-255,66,105570,36,244468
7474,0.000969,74.125.68.0-255,2184,107754,36,244468
7475,0.000972,172.31.33.0-255,66,107820,36,244468
7476,0.001305,74.125.68.0-255,1484,109304,36,244468
7477,0.001311,74.125.68.0-255,2902,112206,36,244468
7478,0.001314,172.31.33.0-255,66,112272,36,244468
7479,0.001344,74.125.68.0-255,5738,118010,36,244468
7480,0.001347,172.31.33.0-255,66,118076,36,244468
7481,0.001351,74.125.68.0-255,2902,120978,36,244468
7482,0.001353,172.31.33.0-255,66,121044,36,244468
7483,0.001358,74.125.68.0-255,4320,125364,36,244468
7484,0.001362,172.31.33.0-255,66,125430,36,244468
7485,0.001383,74.125.68.0-255,5738,131168,36,244468
7486,0.001387,172.31.33.0-255,66,131234,36,244468
7487,0.001417,74.125.68.0-255,2902,134136,36,244468
7488,0.001421,172.31.33.0-255,66,134202,36,244468
7489,0.001426,74.125.68.0-255,4320,138522,36,244468
7490,0.001428,172.31.33.0-255,66,138588,36,244468
7491,0.001455,74.125.68.0-255,3602,142190,36,244468
7492,0.001461,172.31.33.0-255,66,142256,36,244468
7493,0.001529,74.125.68.0-255,1484,143740,36,244468
7494,0.001534,74.125.68.0-255,1484,145224,36,244468
7495,0.001537,172.31.33.0-255,66,145290,36,244468
7496,0.001542,74.125.68.0-255,2902,148192,36,244468
7497,0.001545,172.31.33.0-255,66,148258,36,244468
7498,0.001583,74.125.68.0-255,5738,153996,36,244468
7499,0.001587,172.31.33.0-255,66,154062,36,244468
7500,0.001618,74.125.68.0-255,7156,161218,36,244468
7501,0.001621,172.31.33.0-255,66,161284,36,244468
7502,0.001632,172.31.33.0-255,66,161350,36,244468
7503,0.00167,74.125.68.0-255,6438,167788,36,244468
7504,0.001675,172.31.33.0-255,66,167854,36,244468
7505,0.001799,74.125.68.0-255,1484,169338,36,244468
7506,0.001818,74.125.68.0-255,2902,172240,36,244468
7507,0.001822,172.31.33.0-255,66,172306,36,244468
7508,0.001829,74.125.68.0-255,5738,178044,36,244468
7509,0.001831,172.31.33.0-255,66,178110,36,244468
7510,0.001859,74.125.68.0-255,4320,182430,36,244468
7511,0.001862,172.31.33.0-255,66,182496,36,244468
7512,0.001892,74.125.68.0-255,2902,185398,36,244468
7513,0.001895,172.31.33.0-255,66,185464,36,244468
7514,0.001905,172.31.33.0-255,66,185530,36,244468
7515,0.001918,74.125.68.0-255,7156,192686,36,244468
7516,0.001921,172.31.33.0-255,66,192752,36,244468
7517,0.001946,74.125.68.0-255,766,193518,36,244468
7518,0.002164,172.31.33.0-255,66,193584,36,244468
7519,0.003873,74.125.68.0-255,4320,197904,36,244468
7520,0.003881,172.31.33.0-255,66,197970,36,244468
7521,0.004099,74.125.68.0-255,1484,199454,36,244468
7522,0.005822,74.125.68.0-255,4320,203774,36,244468
7523,0.005826,172.31.33.0-255,66,203840,36,244468
7524,0.007805,74.125.68.0-255,5738,209578,36,244468
7525,0.007814,172.31.33.0-255,66,209644,36,244468
7526,0.009777,74.125.68.0-255,5738,215382,36,244468
7527,0.009785,172.31.33.0-255,66,215448,36,244468
7528,0.01175,74.125.68.0-255,5738,221186,36,244468
7529,0.011757,172.31.33.0-255,66,221252,36,244468
7530,0.013712,74.125.68.0-255,5738,226990,36,244468
7531,0.013721,172.31.33.0-255,66,227056,36,244468
7532,0.015682,74.125.68.0-255,5738,232794,36,244468
7533,0.01569,172.31.33.0-255,66,232860,36,244468
7534,0.017682,74.125.68.0-255,5738,238598,36,244468
7535,0.017691,172.31.33.0-255,66,238664,36,244468
7536,0.019685,74.125.68.0-255,5738,244402,36,244468
7537,0.019696,172.31.33.0-255,66,244468,36,244468
7538,0.0,172.31.33.0-255,105,105,36,735
7539,0.001491,157.240.13.0-255,105,210,36,735
7540,0.001504,172.31.33.0-255,66,276,36,735
7541,0.004267,172.31.33.0-255,105,381,36,735
7542,0.004463,172.31.33.0-255,90,471,36,735
7543,0.004473,172.31.33.0-255,66,537,36,735
7544,0.006959,74.125.200.0-255,66,603,36,735
7545,0.006981,74.125.200.0-255,66,669,36,735
7546,0.006987,172.31.33.0-255,66,735,36,735
7547,0.0,74.125.130.0-255,145,145,36,207336
7548,2.2e-05,172.31.33.0-255,66,211,36,207336
7549,4.1e-05,74.125.130.0-255,1484,1695,36,207336
7550,4.5e-05,172.31.33.0-255,66,1761,36,207336
7551,5.7e-05,74.125.130.0-255,2902,4663,36,207336
7552,6.3e-05,172.31.33.0-255,66,4729,36,207336
7553,6.6e-05,74.125.130.0-255,1484,6213,36,207336
7554,6.9e-05,172.31.33.0-255,66,6279,36,207336
7555,0.000101,74.125.130.0-255,2902,9181,36,207336
7556,0.000104,172.31.33.0-255,66,9247,36,207336
7557,0.000109,74.125.130.0-255,4564,13811,36,207336
7558,0.000111,172.31.33.0-255,66,13877,36,207336
7559,0.000808,74.125.130.0-255,1484,15361,36,207336
7560,0.000813,172.31.33.0-255,66,15427,36,207336
7561,0.000822,74.125.130.0-255,2902,18329,36,207336
7562,0.000824,172.31.33.0-255,66,18395,36,207336
7563,0.000834,74.125.130.0-255,4320,22715,36,207336
7564,0.000837,172.31.33.0-255,66,22781,36,207336
7565,0.000866,74.125.130.0-255,5738,28519,36,207336
7566,0.00087,172.31.33.0-255,66,28585,36,207336
7567,0.000922,74.125.130.0-255,6797,35382,36,207336
7568,0.000927,172.31.33.0-255,66,35448,36,207336
7569,0.000933,74.125.130.0-255,7156,42604,36,207336
7570,0.000935,172.31.33.0-255,66,42670,36,207336
7571,0.00094,74.125.130.0-255,5738,48408,36,207336
7572,0.000942,172.31.33.0-255,66,48474,36,207336
7573,0.000968,74.125.130.0-255,5738,54212,36,207336
7574,0.00097,172.31.33.0-255,66,54278,36,207336
7575,0.000999,74.125.130.0-255,5738,60016,36,207336
7576,0.001001,172.31.33.0-255,66,60082,36,207336
7577,0.00102,74.125.130.0-255,5020,65102,36,207336
7578,0.001022,172.31.33.0-255,66,65168,36,207336
7579,0.001191,74.125.130.0-255,338,65506,36,207336
7580,0.001203,74.125.130.0-255,115,65621,36,207336
7581,0.001355,172.31.33.0-255,66,65687,36,207336
7582,0.001563,74.125.130.0-255,1484,67171,36,207336
7583,0.00157,74.125.130.0-255,2902,70073,36,207336
7584,0.001572,172.31.33.0-255,66,70139,36,207336
7585,0.001575,74.125.130.0-255,1484,71623,36,207336
7586,0.001597,74.125.130.0-255,4320,75943,36,207336
7587,0.001598,172.31.33.0-255,66,76009,36,207336
7588,0.001601,74.125.130.0-255,1484,77493,36,207336
7589,0.001627,74.125.130.0-255,7156,84649,36,207336
7590,0.001629,172.31.33.0-255,66,84715,36,207336
7591,0.001633,74.125.130.0-255,4320,89035,36,207336
7592,0.001635,172.31.33.0-255,66,89101,36,207336
7593,0.001661,74.125.130.0-255,5738,94839,36,207336
7594,0.001663,172.31.33.0-255,66,94905,36,207336
7595,0.001668,74.125.130.0-255,5020,99925,36,207336
7596,0.00167,172.31.33.0-255,66,99991,36,207336
7597,0.001716,74.125.130.0-255,386,100377,36,207336
7598,0.001762,74.125.130.0-255,1484,101861,36,207336
7599,0.001766,172.31.33.0-255,66,101927,36,207336
7600,0.001786,74.125.130.0-255,1484,103411,36,207336
7601,0.001805,74.125.130.0-255,2902,106313,36,207336
7602,0.001808,74.125.130.0-255,2902,109215,36,207336
7603,0.001812,74.125.130.0-255,4320,113535,36,207336
7604,0.001815,172.31.33.0-255,66,113601,36,207336
7605,0.001821,172.31.33.0-255,66,113667,36,207336
7606,0.001823,172.31.33.0-255,66,113733,36,207336
7607,0.001826,74.125.130.0-255,2902,116635,36,207336
7608,0.001832,172.31.33.0-255,66,116701,36,207336
7609,0.001861,74.125.130.0-255,5738,122439,36,207336
7610,0.001863,172.31.33.0-255,66,122505,36,207336
7611,0.001867,74.125.130.0-255,4320,126825,36,207336
7612,0.001869,172.31.33.0-255,66,126891,36,207336
7613,0.001874,74.125.130.0-255,5738,132629,36,207336
7614,0.001875,172.31.33.0-255,66,132695,36,207336
7615,0.001916,74.125.130.0-255,2184,134879,36,207336
7616,0.001919,172.31.33.0-255,66,134945,36,207336
7617,0.002035,74.125.130.0-255,1484,136429,36,207336
7618,0.002059,74.125.130.0-255,2902,139331,36,207336
7619,0.002061,74.125.130.0-255,1484,140815,36,207336
7620,0.002065,172.31.33.0-255,66,140881,36,207336
7621,0.002074,74.125.130.0-255,4320,145201,36,207336
7622,0.002075,172.31.33.0-255,66,145267,36,207336
7623,0.002118,172.31.33.0-255,66,145333,36,207336
7624,0.002137,74.125.130.0-255,1484,146817,36,207336
7625,0.002154,74.125.130.0-255,4320,151137,36,207336
7626,0.002156,172.31.33.0-255,66,151203,36,207336
7627,0.00218,74.125.130.0-255,6438,157641,36,207336
7628,0.002182,172.31.33.0-255,66,157707,36,207336
7629,0.004348,74.125.130.0-255,5738,163445,36,207336
7630,0.004355,172.31.33.0-255,66,163511,36,207336
7631,0.006593,74.125.130.0-255,5738,169249,36,207336
7632,0.0066,172.31.33.0-255,66,169315,36,207336
7633,0.008775,74.125.130.0-255,5738,175053,36,207336
7634,0.008783,172.31.33.0-255,66,175119,36,207336
7635,0.010949,74.125.130.0-255,4320,179439,36,207336
7636,0.010954,172.31.33.0-255,66,179505,36,207336
7637,0.010978,74.125.130.0-255,1484,180989,36,207336
7638,0.013113,74.125.130.0-255,4320,185309,36,207336
7639,0.013121,172.31.33.0-255,66,185375,36,207336
7640,0.015282,74.125.130.0-255,5738,191113,36,207336
7641,0.015289,172.31.33.0-255,66,191179,36,207336
7642,0.017439,74.125.130.0-255,2902,194081,36,207336
7643,0.017444,172.31.33.0-255,66,194147,36,207336
7644,0.017509,74.125.130.0-255,2902,197049,36,207336
7645,0.017512,172.31.33.0-255,66,197115,36,207336
7646,0.018265,172.31.33.0-255,167,197282,36,207336
7647,0.018288,172.31.33.0-255,1114,198396,36,207336
7648,0.018325,172.31.33.0-255,1514,199910,36,207336
7649,0.018343,172.31.33.0-255,1292,201202,36,207336
7650,0.019594,74.125.130.0-255,2902,204104,36,207336
7651,0.019598,172.31.33.0-255,66,204170,36,207336
7652,0.019653,74.125.130.0-255,2902,207072,36,207336
7653,0.019656,172.31.33.0-255,66,207138,36,207336
7654,0.019927,104.244.42.0-255,66,207204,36,207336
7655,0.019933,104.244.42.0-255,66,207270,36,207336
7656,0.019971,104.244.42.0-255,66,207336,36,207336
7657,0.0,74.125.200.0-255,153,153,36,313001
7658,2.2e-05,172.31.33.0-255,66,219,36,313001
7659,2.7e-05,74.125.200.0-255,1484,1703,36,313001
7660,3.1e-05,172.31.33.0-255,66,1769,36,313001
7661,4.2e-05,74.125.200.0-255,1484,3253,36,313001
7662,4.4e-05,172.31.33.0-255,66,3319,36,313001
7663,5.9e-05,74.125.200.0-255,1484,4803,36,313001
7664,6.1e-05,172.31.33.0-255,66,4869,36,313001
7665,6.4e-05,74.125.200.0-255,1484,6353,36,313001
7666,6.6e-05,172.31.33.0-255,66,6419,36,313001
7667,9.3e-05,74.125.200.0-255,5738,12157,36,313001
7668,9.5e-05,172.31.33.0-255,66,12223,36,313001
7669,9.9e-05,74.125.200.0-255,2022,14245,36,313001
7670,0.0001,172.31.33.0-255,66,14311,36,313001
7671,0.000228,74.125.200.0-255,1484,15795,36,313001
7672,0.000233,172.31.33.0-255,66,15861,36,313001
7673,0.000237,74.125.200.0-255,2902,18763,36,313001
7674,0.00024,172.31.33.0-255,66,18829,36,313001
7675,0.000245,74.125.200.0-255,5738,24567,36,313001
7676,0.000247,172.31.33.0-255,66,24633,36,313001
7677,0.000252,74.125.200.0-255,2902,27535,36,313001
7678,0.000253,172.31.33.0-255,66,27601,36,313001
7679,0.000256,74.125.200.0-255,1484,29085,36,313001
7680,0.000258,172.31.33.0-255,66,29151,36,313001
7681,0.000281,74.125.200.0-255,2543,31694,36,313001
7682,0.000283,172.31.33.0-255,66,31760,36,313001
7683,0.000286,74.125.200.0-255,1484,33244,36,313001
7684,0.000289,172.31.33.0-255,66,33310,36,313001
7685,0.000304,74.125.200.0-255,2902,36212,36,313001
7686,0.000307,172.31.33.0-255,66,36278,36,313001
7687,0.00032,74.125.200.0-255,2902,39180,36,313001
7688,0.000323,172.31.33.0-255,66,39246,36,313001
7689,0.000336,74.125.200.0-255,2902,42148,36,313001
7690,0.000338,172.31.33.0-255,66,42214,36,313001
7691,0.000341,74.125.200.0-255,1484,43698,36,313001
7692,0.000388,74.125.200.0-255,4320,48018,36,313001
7693,0.000391,172.31.33.0-255,66,48084,36,313001
7694,0.000406,74.125.200.0-255,1125,49209,36,313001
7695,0.000539,172.31.33.0-255,66,49275,36,313001
7696,0.000621,74.125.200.0-255,1484,50759,36,313001
7697,0.000639,74.125.200.0-255,2902,53661,36,313001
7698,0.000642,172.31.33.0-255,66,53727,36,313001
7699,0.000647,74.125.200.0-255,2902,56629,36,313001
7700,0.000648,172.31.33.0-255,66,56695,36,313001
7701,0.000651,74.125.200.0-255,1484,58179,36,313001
7702,0.000667,74.125.200.0-255,2902,61081,36,313001
7703,0.00067,172.31.33.0-255,66,61147,36,313001
7704,0.000707,74.125.200.0-255,5712,66859,36,313001
7705,0.00071,172.31.33.0-255,66,66925,36,313001
7706,0.000762,74.125.200.0-255,1484,68409,36,313001
7707,0.000766,74.125.200.0-255,1484,69893,36,313001
7708,0.000768,172.31.33.0-255,66,69959,36,313001
7709,0.000784,74.125.200.0-255,1484,71443,36,313001
7710,0.000787,74.125.200.0-255,1484,72927,36,313001
7711,0.000789,172.31.33.0-255,66,72993,36,313001
7712,0.000809,74.125.200.0-255,4320,77313,36,313001
7713,0.000811,172.31.33.0-255,66,77379,36,313001
7714,0.000816,74.125.200.0-255,4320,81699,36,313001
7715,0.000817,172.31.33.0-255,66,81765,36,313001
7716,0.00083,74.125.200.0-255,2801,84566,36,313001
7717,0.000832,172.31.33.0-255,66,84632,36,313001
7718,0.000854,74.125.200.0-255,7156,91788,36,313001
7719,0.000857,172.31.33.0-255,66,91854,36,313001
7720,0.000873,74.125.200.0-255,1484,93338,36,313001
7721,0.000916,74.125.200.0-255,4320,97658,36,313001
7722,0.000921,172.31.33.0-255,66,97724,36,313001
7723,0.000942,74.125.200.0-255,3961,101685,36,313001
7724,0.000945,172.31.33.0-255,66,101751,36,313001
7725,0.001395,74.125.200.0-255,1484,103235,36,313001
7726,0.001401,74.125.200.0-255,2902,106137,36,313001
7727,0.001405,172.31.33.0-255,66,106203,36,313001
7728,0.001408,74.125.200.0-255,1484,107687,36,313001
7729,0.001425,74.125.200.0-255,4320,112007,36,313001
7730,0.001427,172.31.33.0-255,66,112073,36,313001
7731,0.001454,74.125.200.0-255,4320,116393,36,313001
7732,0.001456,172.31.33.0-255,66,116459,36,313001
7733,0.001469,74.125.200.0-255,7156,123615,36,313001
7734,0.00147,172.31.33.0-255,66,123681,36,313001
7735,0.001482,74.125.200.0-255,1484,125165,36,313001
7736,0.001498,74.125.200.0-255,2902,128067,36,313001
7737,0.0015,172.31.33.0-255,66,128133,36,313001
7738,0.001521,172.31.33.0-255,66,128199,36,313001
7739,0.00228,74.125.200.0-255,1484,129683,36,313001
7740,0.002296,74.125.200.0-255,1484,131167,36,313001
7741,0.002299,172.31.33.0-255,66,131233,36,313001
7742,0.002315,74.125.200.0-255,1484,132717,36,313001
7743,0.002318,74.125.200.0-255,2902,135619,36,313001
7744,0.00232,172.31.33.0-255,66,135685,36,313001
7745,0.002323,74.125.200.0-255,2902,138587,36,313001
7746,0.002325,172.31.33.0-255,66,138653,36,313001
7747,0.002345,74.125.200.0-255,4320,142973,36,313001
7748,0.002347,172.31.33.0-255,66,143039,36,313001
7749,0.002364,74.125.200.0-255,2902,145941,36,313001
7750,0.002366,172.31.33.0-255,66,146007,36,313001
7751,0.00237,74.125.200.0-255,4320,150327,36,313001
7752,0.002372,172.31.33.0-255,66,150393,36,313001
7753,0.002374,74.125.200.0-255,1484,151877,36,313001
7754,0.002376,74.125.200.0-255,1484,153361,36,313001
7755,0.002378,172.31.33.0-255,66,153427,36,313001
7756,0.002387,74.125.200.0-255,1484,154911,36,313001
7757,0.002405,74.125.200.0-255,5738,160649,36,313001
7758,0.002407,172.31.33.0-255,66,160715,36,313001
7759,0.002422,74.125.200.0-255,2184,162899,36,313001
7760,0.002424,172.31.33.0-255,66,162965,36,313001
7761,0.002743,74.125.200.0-255,1484,164449,36,313001
7762,0.00276,74.125.200.0-255,2902,167351,36,313001
7763,0.002762,172.31.33.0-255,66,167417,36,313001
7764,0.002767,74.125.200.0-255,5738,173155,36,313001
7765,0.002769,172.31.33.0-255,66,173221,36,313001
7766,0.002773,74.125.200.0-255,4320,177541,36,313001
7767,0.002774,172.31.33.0-255,66,177607,36,313001
7768,0.002798,74.125.200.0-255,5738,183345,36,313001
7769,0.0028,172.31.33.0-255,66,183411,36,313001
7770,0.002808,172.31.33.0-255,66,183477,36,313001
7771,0.002824,74.125.200.0-255,1484,184961,36,313001
7772,0.002835,74.125.200.0-255,2902,187863,36,313001
7773,0.002837,172.31.33.0-255,66,187929,36,313001
7774,0.002855,74.125.200.0-255,2184,190113,36,313001
7775,0.002857,172.31.33.0-255,66,190179,36,313001
7776,0.002861,74.125.200.0-255,4320,194499,36,313001
7777,0.002863,172.31.33.0-255,66,194565,36,313001
7778,0.002875,74.125.200.0-255,4320,198885,36,313001
7779,0.002877,172.31.33.0-255,66,198951,36,313001
7780,0.002913,172.31.33.0-255,66,199017,36,313001
7781,0.002917,74.125.200.0-255,4320,203337,36,313001
7782,0.002919,172.31.33.0-255,66,203403,36,313001
7783,0.002923,74.125.200.0-255,4320,207723,36,313001
7784,0.002925,172.31.33.0-255,66,207789,36,313001
7785,0.002928,74.125.200.0-255,2902,210691,36,313001
7786,0.00293,172.31.33.0-255,66,210757,36,313001
7787,0.002932,74.125.200.0-255,1484,212241,36,313001
7788,0.002952,74.125.200.0-255,2184,214425,36,313001
7789,0.002954,172.31.33.0-255,66,214491,36,313001
7790,0.002969,74.125.200.0-255,1484,215975,36,313001
7791,0.00298,74.125.200.0-255,2902,218877,36,313001
7792,0.002982,172.31.33.0-255,66,218943,36,313001
7793,0.003011,74.125.200.0-255,5738,224681,36,313001
7794,0.003026,172.31.33.0-255,66,224747,36,313001
7795,0.003029,74.125.200.0-255,1484,226231,36,313001
7796,0.003033,74.125.200.0-255,4320,230551,36,313001
7797,0.003035,172.31.33.0-255,66,230617,36,313001
7798,0.003038,74.125.200.0-255,2902,233519,36,313001
7799,0.00304,172.31.33.0-255,66,233585,36,313001
7800,0.003042,74.125.200.0-255,1484,235069,36,313001
7801,0.003057,74.125.200.0-255,1484,236553,36,313001
7802,0.003059,172.31.33.0-255,66,236619,36,313001
7803,0.003073,74.125.200.0-255,5738,242357,36,313001
7804,0.003075,172.31.33.0-255,66,242423,36,313001
7805,0.003088,74.125.200.0-255,1484,243907,36,313001
7806,0.003093,74.125.200.0-255,4320,248227,36,313001
7807,0.003095,172.31.33.0-255,66,248293,36,313001
7808,0.003097,74.125.200.0-255,766,249059,36,313001
7809,0.003128,74.125.200.0-255,2902,251961,36,313001
7810,0.003131,172.31.33.0-255,66,252027,36,313001
7811,0.003157,172.31.33.0-255,66,252093,36,313001
7812,0.003161,74.125.200.0-255,4320,256413,36,313001
7813,0.003163,172.31.33.0-255,66,256479,36,313001
7814,0.003204,172.31.33.0-255,66,256545,36,313001
7815,0.003209,74.125.200.0-255,3602,260147,36,313001
7816,0.003211,172.31.33.0-255,66,260213,36,313001
7817,0.003242,74.125.200.0-255,2902,263115,36,313001
7818,0.003245,172.31.33.0-255,66,263181,36,313001
7819,0.003261,74.125.200.0-255,7156,270337,36,313001
7820,0.003264,172.31.33.0-255,66,270403,36,313001
7821,0.003285,172.31.33.0-255,66,270469,36,313001
7822,0.003308,74.125.200.0-255,2902,273371,36,313001
7823,0.00331,172.31.33.0-255,66,273437,36,313001
7824,0.003335,172.31.33.0-255,66,273503,36,313001
7825,0.003344,172.31.33.0-255,66,273569,36,313001
7826,0.00337,74.125.200.0-255,7156,280725,36,313001
7827,0.003373,172.31.33.0-255,66,280791,36,313001
7828,0.003377,74.125.200.0-255,4320,285111,36,313001
7829,0.003379,172.31.33.0-255,66,285177,36,313001
7830,0.003431,74.125.200.0-255,5738,290915,36,313001
7831,0.003436,172.31.33.0-255,66,290981,36,313001
7832,0.003459,172.31.33.0-255,66,291047,36,313001
7833,0.003473,172.31.33.0-255,66,291113,36,313001
7834,0.003473,74.125.200.0-255,5738,296851,36,313001
7835,0.003475,172.31.33.0-255,66,296917,36,313001
7836,0.003489,74.125.200.0-255,1484,298401,36,313001
7837,0.003506,74.125.200.0-255,7156,305557,36,313001
7838,0.003509,172.31.33.0-255,66,305623,36,313001
7839,0.003531,74.125.200.0-255,6873,312496,36,313001
7840,0.003535,172.31.33.0-255,66,312562,36,313001
7841,0.003538,74.125.200.0-255,97,312659,36,313001
7842,0.003552,74.125.200.0-255,105,312764,36,313001
7843,0.005611,172.31.33.0-255,66,312830,36,313001
7844,0.005634,172.31.33.0-255,105,312935,36,313001
7845,0.007866,74.125.200.0-255,66,313001,36,313001
7846,0.0,74.125.68.0-255,147,147,36,277879
7847,1e-05,172.31.33.0-255,66,213,36,277879
7848,3.7e-05,74.125.68.0-255,1484,1697,36,277879
7849,4.1e-05,172.31.33.0-255,66,1763,36,277879
7850,4.6e-05,74.125.68.0-255,2902,4665,36,277879
7851,4.9e-05,172.31.33.0-255,66,4731,36,277879
7852,7.9e-05,74.125.68.0-255,5738,10469,36,277879
7853,8.1e-05,172.31.33.0-255,66,10535,36,277879
7854,8.6e-05,74.125.68.0-255,3414,13949,36,277879
7855,9e-05,172.31.33.0-255,66,14015,36,277879
7856,0.000146,74.125.68.0-255,1484,15499,36,277879
7857,0.000149,172.31.33.0-255,66,15565,36,277879
7858,0.000152,74.125.68.0-255,1484,17049,36,277879
7859,0.000154,172.31.33.0-255,66,17115,36,277879
7860,0.000183,74.125.68.0-255,1484,18599,36,277879
7861,0.000185,172.31.33.0-255,66,18665,36,277879
7862,0.000192,74.125.68.0-255,5738,24403,36,277879
7863,0.000194,172.31.33.0-255,66,24469,36,277879
7864,0.0002,74.125.68.0-255,4320,28789,36,277879
7865,0.000202,172.31.33.0-255,66,28855,36,277879
7866,0.000228,74.125.68.0-255,2543,31398,36,277879
7867,0.000231,172.31.33.0-255,66,31464,36,277879
7868,0.00032,74.125.68.0-255,1484,32948,36,277879
7869,0.000324,172.31.33.0-255,66,33014,36,277879
7870,0.000328,74.125.68.0-255,1484,34498,36,277879
7871,0.00033,172.31.33.0-255,66,34564,36,277879
7872,0.00036,74.125.68.0-255,2902,37466,36,277879
7873,0.000362,172.31.33.0-255,66,37532,36,277879
7874,0.000369,74.125.68.0-255,5738,43270,36,277879
7875,0.00037,172.31.33.0-255,66,43336,36,277879
7876,0.000398,74.125.68.0-255,5379,48715,36,277879
7877,0.0004,172.31.33.0-255,66,48781,36,277879
7878,0.000405,74.125.68.0-255,4320,53101,36,277879
7879,0.000408,172.31.33.0-255,66,53167,36,277879
7880,0.000435,74.125.68.0-255,1484,54651,36,277879
7881,0.00044,74.125.68.0-255,2902,57553,36,277879
7882,0.000442,172.31.33.0-255,66,57619,36,277879
7883,0.00047,172.31.33.0-255,66,57685,36,277879
7884,0.000472,74.125.68.0-255,126,57811,36,277879
7885,0.0005,74.125.68.0-255,352,58163,36,277879
7886,0.000762,74.125.68.0-255,1484,59647,36,277879
7887,0.000766,172.31.33.0-255,66,59713,36,277879
7888,0.000771,74.125.68.0-255,2902,62615,36,277879
7889,0.000773,172.31.33.0-255,66,62681,36,277879
7890,0.000802,74.125.68.0-255,5738,68419,36,277879
7891,0.000804,172.31.33.0-255,66,68485,36,277879
7892,0.000832,74.125.68.0-255,7156,75641,36,277879
7893,0.000835,172.31.33.0-255,66,75707,36,277879
7894,0.000882,172.31.33.0-255,66,75773,36,277879
7895,0.0009,74.125.68.0-255,3602,79375,36,277879
7896,0.000903,172.31.33.0-255,66,79441,36,277879
7897,0.001005,74.125.68.0-255,1484,80925,36,277879
7898,0.001017,74.125.68.0-255,2902,83827,36,277879
7899,0.001019,172.31.33.0-255,66,83893,36,277879
7900,0.001041,74.125.68.0-255,5738,89631,36,277879
7901,0.001043,172.31.33.0-255,66,89697,36,277879
7902,0.001047,74.125.68.0-255,2902,92599,36,277879
7903,0.001049,172.31.33.0-255,66,92665,36,277879
7904,0.001054,74.125.68.0-255,2902,95567,36,277879
7905,0.001055,172.31.33.0-255,66,95633,36,277879
7906,0.001076,74.125.68.0-255,1484,97117,36,277879
7907,0.001081,74.125.68.0-255,4320,101437,36,277879
7908,0.001083,172.31.33.0-255,66,101503,36,277879
7909,0.001103,74.125.68.0-255,4320,105823,36,277879
7910,0.001105,172.31.33.0-255,66,105889,36,277879
7911,0.00111,74.125.68.0-255,4320,110209,36,277879
7912,0.001112,172.31.33.0-255,66,110275,36,277879
7913,0.001151,74.125.68.0-255,3602,113877,36,277879
7914,0.001155,172.31.33.0-255,66,113943,36,277879
7915,0.001579,74.125.68.0-255,1484,115427,36,277879
7916,0.001585,74.125.68.0-255,2902,118329,36,277879
7917,0.001587,172.31.33.0-255,66,118395,36,277879
7918,0.001613,74.125.68.0-255,2902,121297,36,277879
7919,0.001615,172.31.33.0-255,66,121363,36,277879
7920,0.00162,74.125.68.0-255,4320,125683,36,277879
7921,0.001621,172.31.33.0-255,66,125749,36,277879
7922,0.001624,74.125.68.0-255,1484,127233,36,277879
7923,0.001667,74.125.68.0-255,7156,134389,36,277879
7924,0.00167,172.31.33.0-255,66,134455,36,277879
7925,0.001677,74.125.68.0-255,7156,141611,36,277879
7926,0.001679,172.31.33.0-255,66,141677,36,277879
7927,0.001704,74.125.68.0-255,2902,144579,36,277879
7928,0.001707,172.31.33.0-255,66,144645,36,277879
7929,0.001726,74.125.68.0-255,3602,148247,36,277879
7930,0.001728,172.31.33.0-255,66,148313,36,277879
7931,0.00176,74.125.68.0-255,5738,154051,36,277879
7932,0.001762,172.31.33.0-255,66,154117,36,277879
7933,0.001787,74.125.68.0-255,7156,161273,36,277879
7934,0.001789,172.31.33.0-255,66,161339,36,277879
7935,0.0018,74.125.68.0-255,1484,162823,36,277879
7936,0.001825,172.31.33.0-255,66,162889,36,277879
7937,0.001866,172.31.33.0-255,66,162955,36,277879
7938,0.001891,74.125.68.0-255,2184,165139,36,277879
7939,0.001893,172.31.33.0-255,66,165205,36,277879
7940,0.001905,172.31.33.0-255,66,165271,36,277879
7941,0.001915,74.125.68.0-255,7156,172427,36,277879
7942,0.001918,172.31.33.0-255,66,172493,36,277879
7943,0.00192,74.125.68.0-255,1484,173977,36,277879
7944,0.001952,74.125.68.0-255,7156,181133,36,277879
7945,0.001955,172.31.33.0-255,66,181199,36,277879
7946,0.001959,74.125.68.0-255,2184,183383,36,277879
7947,0.001961,172.31.33.0-255,66,183449,36,277879
7948,0.002,74.125.68.0-255,1484,184933,36,277879
7949,0.002017,74.125.68.0-255,1484,186417,36,277879
7950,0.00202,172.31.33.0-255,66,186483,36,277879
7951,0.002026,74.125.68.0-255,4320,190803,36,277879
7952,0.002028,172.31.33.0-255,66,190869,36,277879
7953,0.002079,172.31.33.0-255,66,190935,36,277879
7954,0.002085,74.125.68.0-255,7156,198091,36,277879
7955,0.002087,172.31.33.0-255,66,198157,36,277879
7956,0.002092,74.125.68.0-255,4320,202477,36,277879
7957,0.002099,172.31.33.0-255,66,202543,36,277879
7958,0.002129,74.125.68.0-255,4320,206863,36,277879
7959,0.002133,172.31.33.0-255,66,206929,36,277879
7960,0.002137,74.125.68.0-255,2184,209113,36,277879
7961,0.002169,172.31.33.0-255,66,209179,36,277879
7962,0.002244,74.125.68.0-255,1484,210663,36,277879
7963,0.002249,74.125.68.0-255,2902,213565,36,277879
7964,0.002253,172.31.33.0-255,66,213631,36,277879
7965,0.002257,74.125.68.0-255,2902,216533,36,277879
7966,0.002259,172.31.33.0-255,66,216599,36,277879
7967,0.002283,74.125.68.0-255,7156,223755,36,277879
7968,0.00229,172.31.33.0-255,66,223821,36,277879
7969,0.002329,74.125.68.0-255,4320,228141,36,277879
7970,0.002333,172.31.33.0-255,66,228207,36,277879
7971,0.002377,172.31.33.0-255,66,228273,36,277879
7972,0.002384,74.125.68.0-255,5020,233293,36,277879
7973,0.002386,172.31.33.0-255,66,233359,36,277879
7974,0.00239,74.125.68.0-255,2902,236261,36,277879
7975,0.002397,172.31.33.0-255,66,236327,36,277879
7976,0.004707,74.125.68.0-255,2902,239229,36,277879
7977,0.004714,172.31.33.0-255,66,239295,36,277879
7978,0.004742,74.125.68.0-255,2902,242197,36,277879
7979,0.004745,172.31.33.0-255,66,242263,36,277879
7980,0.007042,74.125.68.0-255,2902,245165,36,277879
7981,0.007047,172.31.33.0-255,66,245231,36,277879
7982,0.007076,74.125.68.0-255,2902,248133,36,277879
7983,0.007079,172.31.33.0-255,66,248199,36,277879
7984,0.009382,74.125.68.0-255,2902,251101,36,277879
7985,0.009388,172.31.33.0-255,66,251167,36,277879
7986,0.009415,74.125.68.0-255,2902,254069,36,277879
7987,0.009418,172.31.33.0-255,66,254135,36,277879
7988,0.011726,74.125.68.0-255,2902,257037,36,277879
7989,0.011734,172.31.33.0-255,66,257103,36,277879
7990,0.011761,74.125.68.0-255,2902,260005,36,277879
7991,0.011764,172.31.33.0-255,66,260071,36,277879
7992,0.01407,74.125.68.0-255,2902,262973,36,277879
7993,0.014078,172.31.33.0-255,66,263039,36,277879
7994,0.014113,74.125.68.0-255,2902,265941,36,277879
7995,0.014116,172.31.33.0-255,66,266007,36,277879
7996,0.016411,74.125.68.0-255,2902,268909,36,277879
7997,0.016418,172.31.33.0-255,66,268975,36,277879
7998,0.016445,74.125.68.0-255,2902,271877,36,277879
7999,0.016447,172.31.33.0-255,66,271943,36,277879
8000,0.018755,74.125.68.0-255,2902,274845,36,277879
8001,0.018761,172.31.33.0-255,66,274911,36,277879
8002,0.018788,74.125.68.0-255,2902,277813,36,277879
8003,0.01879,172.31.33.0-255,66,277879,36,277879
8004,0.0,172.31.33.0-255,105,105,36,459
8005,0.000189,172.31.33.0-255,90,195,36,459
8006,0.000197,172.31.33.0-255,66,261,36,459
8007,0.002434,74.125.24.0-255,66,327,36,459
8008,0.002446,74.125.24.0-255,66,393,36,459
8009,0.002454,172.31.33.0-255,66,459,36,459
8010,0.0,74.125.24.0-255,148,148,36,192471
8011,3.1e-05,172.31.33.0-255,66,214,36,192471
8012,3.8e-05,74.125.24.0-255,1484,1698,36,192471
8013,4.3e-05,172.31.33.0-255,66,1764,36,192471
8014,4.8e-05,74.125.24.0-255,2902,4666,36,192471
8015,5.6e-05,172.31.33.0-255,66,4732,36,192471
8016,6.2e-05,74.125.24.0-255,4320,9052,36,192471
8017,6.4e-05,172.31.33.0-255,66,9118,36,192471
8018,0.000105,74.125.24.0-255,4793,13911,36,192471
8019,0.000109,172.31.33.0-255,66,13977,36,192471
8020,0.000133,74.125.24.0-255,1484,15461,36,192471
8021,0.000137,172.31.33.0-255,66,15527,36,192471
8022,0.000165,74.125.24.0-255,4320,19847,36,192471
8023,0.000168,172.31.33.0-255,66,19913,36,192471
8024,0.000174,74.125.24.0-255,4320,24233,36,192471
8025,0.000177,172.31.33.0-255,66,24299,36,192471
8026,0.000209,74.125.24.0-255,2902,27201,36,192471
8027,0.000212,172.31.33.0-255,66,27267,36,192471
8028,0.000239,74.125.24.0-255,3961,31228,36,192471
8029,0.000243,172.31.33.0-255,66,31294,36,192471
8030,0.000267,74.125.24.0-255,1484,32778,36,192471
8031,0.000271,172.31.33.0-255,66,32844,36,192471
8032,0.000275,74.125.24.0-255,1484,34328,36,192471
8033,0.000277,172.31.33.0-255,66,34394,36,192471
8034,0.000291,74.125.24.0-255,1484,35878,36,192471
8035,0.000294,172.31.33.0-255,66,35944,36,192471
8036,0.000301,74.125.24.0-255,5738,41682,36,192471
8037,0.00032,172.31.33.0-255,66,41748,36,192471
8038,0.000327,74.125.24.0-255,5738,47486,36,192471
8039,0.000331,172.31.33.0-255,66,47552,36,192471
8040,0.000349,74.125.24.0-255,1125,48677,36,192471
8041,0.000352,172.31.33.0-255,66,48743,36,192471
8042,0.000389,74.125.24.0-255,1484,50227,36,192471
8043,0.000396,74.125.24.0-255,4320,54547,36,192471
8044,0.0004,172.31.33.0-255,66,54613,36,192471
8045,0.000405,74.125.24.0-255,2902,57515,36,192471
8046,0.000407,172.31.33.0-255,66,57581,36,192471
8047,0.000419,74.125.24.0-255,4320,61901,36,192471
8048,0.000423,172.31.33.0-255,66,61967,36,192471
8049,0.000461,74.125.24.0-255,3961,65928,36,192471
8050,0.000464,172.31.33.0-255,66,65994,36,192471
8051,0.000558,74.125.24.0-255,645,66639,36,192471
8052,0.000673,74.125.24.0-255,1484,68123,36,192471
8053,0.000678,172.31.33.0-255,66,68189,36,192471
8054,0.000684,74.125.24.0-255,2902,71091,36,192471
8055,0.000686,172.31.33.0-255,66,71157,36,192471
8056,0.000705,74.125.24.0-255,5738,76895,36,192471
8057,0.000708,74.125.24.0-255,1484,78379,36,192471
8058,0.000711,172.31.33.0-255,66,78445,36,192471
8059,0.000728,74.125.24.0-255,2902,81347,36,192471
8060,0.000731,172.31.33.0-255,66,81413,36,192471
8061,0.000775,74.125.24.0-255,2543,83956,36,192471
8062,0.000778,172.31.33.0-255,66,84022,36,192471
8063,0.000825,74.125.24.0-255,2902,86924,36,192471
8064,0.000829,172.31.33.0-255,66,86990,36,192471
8065,0.000837,74.125.24.0-255,7156,94146,36,192471
8066,0.000839,172.31.33.0-255,66,94212,36,192471
8067,0.000851,74.125.24.0-255,5738,99950,36,192471
8068,0.000853,172.31.33.0-255,66,100016,36,192471
8069,0.000881,74.125.24.0-255,1125,101141,36,192471
8070,0.00101,74.125.24.0-255,1484,102625,36,192471
8071,0.001014,172.31.33.0-255,66,102691,36,192471
8072,0.001019,74.125.24.0-255,2902,105593,36,192471
8073,0.001022,172.31.33.0-255,66,105659,36,192471
8074,0.001046,74.125.24.0-255,5738,111397,36,192471
8075,0.00105,172.31.33.0-255,66,111463,36,192471
8076,0.001058,74.125.24.0-255,1484,112947,36,192471
8077,0.001084,172.31.33.0-255,66,113013,36,192471
8078,0.001113,74.125.24.0-255,2902,115915,36,192471
8079,0.001116,172.31.33.0-255,66,115981,36,192471
8080,0.001136,172.31.33.0-255,66,116047,36,192471
8081,0.001218,74.125.24.0-255,1484,117531,36,192471
8082,0.001235,74.125.24.0-255,2902,120433,36,192471
8083,0.001238,172.31.33.0-255,66,120499,36,192471
8084,0.001266,74.125.24.0-255,5738,126237,36,192471
8085,0.001269,172.31.33.0-255,66,126303,36,192471
8086,0.001293,172.31.33.0-255,66,126369,36,192471
8087,0.001316,74.125.24.0-255,1484,127853,36,192471
8088,0.001322,74.125.24.0-255,7156,135009,36,192471
8089,0.001324,172.31.33.0-255,66,135075,36,192471
8090,0.001345,74.125.24.0-255,3602,138677,36,192471
8091,0.001347,172.31.33.0-255,66,138743,36,192471
8092,0.001829,74.125.24.0-255,1484,140227,36,192471
8093,0.001837,74.125.24.0-255,1484,141711,36,192471
8094,0.001841,172.31.33.0-255,66,141777,36,192471
8095,0.001865,74.125.24.0-255,1484,143261,36,192471
8096,0.001871,74.125.24.0-255,4320,147581,36,192471
8097,0.001873,172.31.33.0-255,66,147647,36,192471
8098,0.001898,74.125.24.0-255,1484,149131,36,192471
8099,0.001912,172.31.33.0-255,66,149197,36,192471
8100,0.001921,172.31.33.0-255,66,149263,36,192471
8101,0.001929,74.125.24.0-255,766,150029,36,192471
8102,0.002191,172.31.33.0-255,66,150095,36,192471
8103,0.003965,74.125.24.0-255,4320,154415,36,192471
8104,0.003972,172.31.33.0-255,66,154481,36,192471
8105,0.004265,74.125.24.0-255,1484,155965,36,192471
8106,0.006025,74.125.24.0-255,2902,158867,36,192471
8107,0.006029,172.31.33.0-255,66,158933,36,192471
8108,0.006054,74.125.24.0-255,1484,160417,36,192471
8109,0.008075,74.125.24.0-255,4320,164737,36,192471
8110,0.008081,172.31.33.0-255,66,164803,36,192471
8111,0.010215,74.125.24.0-255,5738,170541,36,192471
8112,0.010222,172.31.33.0-255,66,170607,36,192471
8113,0.01228,74.125.24.0-255,5738,176345,36,192471
8114,0.012286,172.31.33.0-255,66,176411,36,192471
8115,0.014322,74.125.24.0-255,5738,182149,36,192471
8116,0.014329,172.31.33.0-255,66,182215,36,192471
8117,0.016372,74.125.24.0-255,4320,186535,36,192471
8118,0.016378,172.31.33.0-255,66,186601,36,192471
8119,0.016403,74.125.24.0-255,1484,188085,36,192471
8120,0.018422,74.125.24.0-255,4320,192405,36,192471
8121,0.018429,172.31.33.0-255,66,192471,36,192471
8122,0.0,74.125.68.0-255,292,292,36,193086
8123,2.4e-05,172.31.33.0-255,66,358,36,193086
8124,4.7e-05,74.125.68.0-255,1484,1842,36,193086
8125,5.1e-05,172.31.33.0-255,66,1908,36,193086
8126,5.6e-05,74.125.68.0-255,2902,4810,36,193086
8127,5.9e-05,172.31.33.0-255,66,4876,36,193086
8128,9.3e-05,74.125.68.0-255,5738,10614,36,193086
8129,9.7e-05,172.31.33.0-255,66,10680,36,193086
8130,0.000102,74.125.68.0-255,2902,13582,36,193086
8131,0.000104,172.31.33.0-255,66,13648,36,193086
8132,0.000149,74.125.68.0-255,5738,19386,36,193086
8133,0.000153,172.31.33.0-255,66,19452,36,193086
8134,0.000182,74.125.68.0-255,4695,24147,36,193086
8135,0.000186,172.31.33.0-255,66,24213,36,193086
8136,0.000194,74.125.68.0-255,6797,31010,36,193086
8137,0.000203,172.31.33.0-255,66,31076,36,193086
8138,0.000245,74.125.68.0-255,1484,32560,36,193086
8139,0.000248,172.31.33.0-255,66,32626,36,193086
8140,0.000274,74.125.68.0-255,2902,35528,36,193086
8141,0.000276,172.31.33.0-255,66,35594,36,193086
8142,0.000283,74.125.68.0-255,5738,41332,36,193086
8143,0.000286,172.31.33.0-255,66,41398,36,193086
8144,0.000294,74.125.68.0-255,1484,42882,36,193086
8145,0.000296,172.31.33.0-255,66,42948,36,193086
8146,0.000323,74.125.68.0-255,7156,50104,36,193086
8147,0.000332,172.31.33.0-255,66,50170,36,193086
8148,0.000338,74.125.68.0-255,4320,54490,36,193086
8149,0.00034,172.31.33.0-255,66,54556,36,193086
8150,0.000374,74.125.68.0-255,5738,60294,36,193086
8151,0.000377,172.31.33.0-255,66,60360,36,193086
8152,0.000383,74.125.68.0-255,5020,65380,36,193086
8153,0.000385,172.31.33.0-255,66,65446,36,193086
8154,0.000388,74.125.68.0-255,363,65809,36,193086
8155,0.000418,74.125.68.0-255,1484,67293,36,193086
8156,0.000421,172.31.33.0-255,66,67359,36,193086
8157,0.000427,74.125.68.0-255,4320,71679,36,193086
8158,0.00043,172.31.33.0-255,66,71745,36,193086
8159,0.000454,74.125.68.0-255,5738,77483,36,193086
8160,0.000457,172.31.33.0-255,66,77549,36,193086
8161,0.000496,74.125.68.0-255,2902,80451,36,193086
8162,0.0005,172.31.33.0-255,66,80517,36,193086
8163,0.000528,74.125.68.0-255,2277,82794,36,193086
8164,0.00053,172.31.33.0-255,66,82860,36,193086
8165,0.001325,74.125.68.0-255,1484,84344,36,193086
8166,0.001333,74.125.68.0-255,2902,87246,36,193086
8167,0.001337,172.31.33.0-255,66,87312,36,193086
8168,0.001341,74.125.68.0-255,1484,88796,36,193086
8169,0.001368,74.125.68.0-255,4320,93116,36,193086
8170,0.00137,172.31.33.0-255,66,93182,36,193086
8171,0.001389,74.125.68.0-255,6797,99979,36,193086
8172,0.001392,172.31.33.0-255,66,100045,36,193086
8173,0.001957,74.125.68.0-255,1484,101529,36,193086
8174,0.00198,74.125.68.0-255,2902,104431,36,193086
8175,0.001983,172.31.33.0-255,66,104497,36,193086
8176,0.002005,74.125.68.0-255,4320,108817,36,193086
8177,0.002007,172.31.33.0-255,66,108883,36,193086
8178,0.002027,74.125.68.0-255,1484,110367,36,193086
8179,0.00203,74.125.68.0-255,1484,111851,36,193086
8180,0.002032,172.31.33.0-255,66,111917,36,193086
8181,0.002053,74.125.68.0-255,2902,114819,36,193086
8182,0.002055,172.31.33.0-255,66,114885,36,193086
8183,0.002059,74.125.68.0-255,2543,117428,36,193086
8184,0.002061,172.31.33.0-255,66,117494,36,193086
8185,0.0021,74.125.68.0-255,2902,120396,36,193086
8186,0.002101,172.31.33.0-255,66,120462,36,193086
8187,0.002117,74.125.68.0-255,2902,123364,36,193086
8188,0.002119,172.31.33.0-255,66,123430,36,193086
8189,0.002129,74.125.68.0-255,2902,126332,36,193086
8190,0.002131,172.31.33.0-255,66,126398,36,193086
8191,0.002155,74.125.68.0-255,1484,127882,36,193086
8192,0.002158,74.125.68.0-255,1484,129366,36,193086
8193,0.00216,172.31.33.0-255,66,129432,36,193086
8194,0.002186,74.125.68.0-255,5738,135170,36,193086
8195,0.002187,172.31.33.0-255,66,135236,36,193086
8196,0.002209,74.125.68.0-255,7156,142392,36,193086
8197,0.002211,172.31.33.0-255,66,142458,36,193086
8198,0.002222,74.125.68.0-255,1484,143942,36,193086
8199,0.002229,74.125.68.0-255,2902,146844,36,193086
8200,0.002231,172.31.33.0-255,66,146910,36,193086
8201,0.002265,74.125.68.0-255,1484,148394,36,193086
8202,0.002277,74.125.68.0-255,3602,151996,36,193086
8203,0.002279,172.31.33.0-255,66,152062,36,193086
8204,0.004535,74.125.68.0-255,2902,154964,36,193086
8205,0.004539,172.31.33.0-255,66,155030,36,193086
8206,0.004569,74.125.68.0-255,2902,157932,36,193086
8207,0.004571,172.31.33.0-255,66,157998,36,193086
8208,0.006805,74.125.68.0-255,2902,160900,36,193086
8209,0.006812,172.31.33.0-255,66,160966,36,193086
8210,0.006831,74.125.68.0-255,2902,163868,36,193086
8211,0.006834,172.31.33.0-255,66,163934,36,193086
8212,0.009085,74.125.68.0-255,2902,166836,36,193086
8213,0.009092,172.31.33.0-255,66,166902,36,193086
8214,0.009116,74.125.68.0-255,2902,169804,36,193086
8215,0.009119,172.31.33.0-255,66,169870,36,193086
8216,0.011374,74.125.68.0-255,5738,175608,36,193086
8217,0.01138,172.31.33.0-255,66,175674,36,193086
8218,0.013646,74.125.68.0-255,5738,181412,36,193086
8219,0.013653,172.31.33.0-255,66,181478,36,193086
8220,0.015914,74.125.68.0-255,5738,187216,36,193086
8221,0.015922,172.31.33.0-255,66,187282,36,193086
8222,0.018188,74.125.68.0-255,5738,193020,36,193086
8223,0.018196,172.31.33.0-255,66,193086,36,193086
8224,0.0,172.31.33.0-255,299,299,36,365
8225,0.001532,104.244.42.0-255,66,365,36,365
8226,0.0,172.217.194.0-255,153,153,36,211999
8227,2.8e-05,172.31.33.0-255,66,219,36,211999
8228,3.5e-05,172.217.194.0-255,1484,1703,36,211999
8229,3.9e-05,172.31.33.0-255,66,1769,36,211999
8230,4.4e-05,172.217.194.0-255,2902,4671,36,211999
8231,5.5e-05,172.31.33.0-255,66,4737,36,211999
8232,6e-05,172.217.194.0-255,2902,7639,36,211999
8233,6.2e-05,172.31.33.0-255,66,7705,36,211999
8234,8e-05,172.217.194.0-255,4320,12025,36,211999
8235,8.5e-05,172.31.33.0-255,66,12091,36,211999
8236,0.000126,172.31.33.0-255,66,12157,36,211999
8237,0.000133,172.217.194.0-255,5379,17536,36,211999
8238,0.000136,172.31.33.0-255,66,17602,36,211999
8239,0.000232,172.217.194.0-255,1484,19086,36,211999
8240,0.000236,172.31.33.0-255,66,19152,36,211999
8241,0.000266,172.217.194.0-255,2902,22054,36,211999
8242,0.000268,172.31.33.0-255,66,22120,36,211999
8243,0.000274,172.217.194.0-255,5738,27858,36,211999
8244,0.000277,172.31.33.0-255,66,27924,36,211999
8245,0.000318,172.31.33.0-255,66,27990,36,211999
8246,0.00033,172.31.33.0-255,66,28056,36,211999
8247,0.000341,172.217.194.0-255,4251,32307,36,211999
8248,0.000344,172.31.33.0-255,66,32373,36,211999
8249,0.000347,172.217.194.0-255,98,32471,36,211999
8250,0.00035,172.31.33.0-255,66,32537,36,211999
8251,0.000398,172.217.194.0-255,1484,34021,36,211999
8252,0.000402,172.31.33.0-255,66,34087,36,211999
8253,0.000408,172.217.194.0-255,2902,36989,36,211999
8254,0.00041,172.31.33.0-255,66,37055,36,211999
8255,0.000435,172.217.194.0-255,7156,44211,36,211999
8256,0.000438,172.31.33.0-255,66,44277,36,211999
8257,0.000445,172.217.194.0-255,5738,50015,36,211999
8258,0.000448,172.31.33.0-255,66,50081,36,211999
8259,0.000473,172.217.194.0-255,1484,51565,36,211999
8260,0.000499,172.217.194.0-255,5738,57303,36,211999
8261,0.000502,172.31.33.0-255,66,57369,36,211999
8262,0.00054,172.31.33.0-255,66,57435,36,211999
8263,0.000552,172.31.33.0-255,66,57501,36,211999
8264,0.000575,172.217.194.0-255,6036,63537,36,211999
8265,0.000578,172.31.33.0-255,66,63603,36,211999
8266,0.000594,172.31.33.0-255,66,63669,36,211999
8267,0.000624,172.217.194.0-255,4320,67989,36,211999
8268,0.000628,172.31.33.0-255,66,68055,36,211999
8269,0.000654,172.217.194.0-255,1484,69539,36,211999
8270,0.000678,172.217.194.0-255,3602,73141,36,211999
8271,0.000682,172.31.33.0-255,66,73207,36,211999
8272,0.000705,172.217.194.0-255,1484,74691,36,211999
8273,0.000723,172.217.194.0-255,2902,77593,36,211999
8274,0.000727,172.31.33.0-255,66,77659,36,211999
8275,0.000733,172.217.194.0-255,5738,83397,36,211999
8276,0.000735,172.31.33.0-255,66,83463,36,211999
8277,0.000805,172.31.33.0-255,66,83529,36,211999
8278,0.000821,172.31.33.0-255,66,83595,36,211999
8279,0.001202,172.217.194.0-255,1484,85079,36,211999
8280,0.001208,172.217.194.0-255,2902,87981,36,211999
8281,0.00121,172.31.33.0-255,66,88047,36,211999
8282,0.001241,172.217.194.0-255,5738,93785,36,211999
8283,0.001244,172.31.33.0-255,66,93851,36,211999
8284,0.001249,172.217.194.0-255,4320,98171,36,211999
8285,0.001251,172.31.33.0-255,66,98237,36,211999
8286,0.001282,172.31.33.0-255,66,98303,36,211999
8287,0.001289,172.217.194.0-255,5738,104041,36,211999
8288,0.001291,172.31.33.0-255,66,104107,36,211999
8289,0.00132,172.217.194.0-255,5020,109127,36,211999
8290,0.001325,172.31.33.0-255,66,109193,36,211999
8291,0.001331,172.217.194.0-255,1484,110677,36,211999
8292,0.001349,172.217.194.0-255,2902,113579,36,211999
8293,0.001352,172.31.33.0-255,66,113645,36,211999
8294,0.001373,172.217.194.0-255,1484,115129,36,211999
8295,0.00139,172.217.194.0-255,4320,119449,36,211999
8296,0.001392,172.31.33.0-255,66,119515,36,211999
8297,0.001404,172.31.33.0-255,66,119581,36,211999
8298,0.001415,172.217.194.0-255,5738,125319,36,211999
8299,0.001417,172.31.33.0-255,66,125385,36,211999
8300,0.001441,172.217.194.0-255,5020,130405,36,211999
8301,0.001443,172.31.33.0-255,66,130471,36,211999
8302,0.001702,172.217.194.0-255,1484,131955,36,211999
8303,0.001716,172.217.194.0-255,2902,134857,36,211999
8304,0.001719,172.31.33.0-255,66,134923,36,211999
8305,0.001751,172.217.194.0-255,5738,140661,36,211999
8306,0.001754,172.31.33.0-255,66,140727,36,211999
8307,0.001771,172.31.33.0-255,66,140793,36,211999
8308,0.001813,172.217.194.0-255,2902,143695,36,211999
8309,0.001817,172.31.33.0-255,66,143761,36,211999
8310,0.001837,172.217.194.0-255,7156,150917,36,211999
8311,0.00184,172.31.33.0-255,66,150983,36,211999
8312,0.001867,172.217.194.0-255,5020,156003,36,211999
8313,0.00187,172.31.33.0-255,66,156069,36,211999
8314,0.002149,172.217.194.0-255,1484,157553,36,211999
8315,0.002152,172.217.194.0-255,1484,159037,36,211999
8316,0.002158,172.31.33.0-255,66,159103,36,211999
8317,0.002161,172.217.194.0-255,1484,160587,36,211999
8318,0.002182,172.217.194.0-255,5738,166325,36,211999
8319,0.002185,172.31.33.0-255,66,166391,36,211999
8320,0.002222,172.31.33.0-255,66,166457,36,211999
8321,0.002256,172.31.33.0-255,66,166523,36,211999
8322,0.004458,172.217.194.0-255,2902,169425,36,211999
8323,0.004466,172.31.33.0-255,66,169491,36,211999
8324,0.004488,172.217.194.0-255,2902,172393,36,211999
8325,0.00449,172.31.33.0-255,66,172459,36,211999
8326,0.006638,172.217.194.0-255,2902,175361,36,211999
8327,0.006643,172.31.33.0-255,66,175427,36,211999
8328,0.00668,172.217.194.0-255,2902,178329,36,211999
8329,0.006683,172.31.33.0-255,66,178395,36,211999
8330,0.008837,172.217.194.0-255,2902,181297,36,211999
8331,0.008842,172.31.33.0-255,66,181363,36,211999
8332,0.008874,172.217.194.0-255,2902,184265,36,211999
8333,0.008877,172.31.33.0-255,66,184331,36,211999
8334,0.011099,172.217.194.0-255,5738,190069,36,211999
8335,0.011109,172.31.33.0-255,66,190135,36,211999
8336,0.01333,172.217.194.0-255,5738,195873,36,211999
8337,0.013342,172.31.33.0-255,66,195939,36,211999
8338,0.015519,172.217.194.0-255,5738,201677,36,211999
8339,0.015527,172.31.33.0-255,66,201743,36,211999
8340,0.017718,172.217.194.0-255,4320,206063,36,211999
8341,0.017726,172.31.33.0-255,66,206129,36,211999
8342,0.017757,172.217.194.0-255,1484,207613,36,211999
8343,0.019977,172.217.194.0-255,4320,211933,36,211999
8344,0.019985,172.31.33.0-255,66,211999,36,211999
8345,0.0,74.125.68.0-255,152,152,36,232433
8346,2.5e-05,172.31.33.0-255,66,218,36,232433
8347,3.1e-05,74.125.68.0-255,1484,1702,36,232433
8348,3.5e-05,172.31.33.0-255,66,1768,36,232433
8349,3.8e-05,74.125.68.0-255,1484,3252,36,232433
8350,4e-05,172.31.33.0-255,66,3318,36,232433
8351,7.1e-05,74.125.68.0-255,1484,4802,36,232433
8352,7.4e-05,172.31.33.0-255,66,4868,36,232433
8353,7.6e-05,74.125.68.0-255,1484,6352,36,232433
8354,7.9e-05,172.31.33.0-255,66,6418,36,232433
8355,8.1e-05,74.125.68.0-255,2902,9320,36,232433
8356,8.3e-05,172.31.33.0-255,66,9386,36,232433
8357,0.000114,74.125.68.0-255,2902,12288,36,232433
8358,0.000117,172.31.33.0-255,66,12354,36,232433
8359,0.000133,74.125.68.0-255,2094,14448,36,232433
8360,0.000135,172.31.33.0-255,66,14514,36,232433
8361,0.000184,74.125.68.0-255,1484,15998,36,232433
8362,0.000187,172.31.33.0-255,66,16064,36,232433
8363,0.000198,74.125.68.0-255,2902,18966,36,232433
8364,0.000205,172.31.33.0-255,66,19032,36,232433
8365,0.000208,74.125.68.0-255,1484,20516,36,232433
8366,0.00021,172.31.33.0-255,66,20582,36,232433
8367,0.00024,74.125.68.0-255,2902,23484,36,232433
8368,0.000244,172.31.33.0-255,66,23550,36,232433
8369,0.000273,74.125.68.0-255,7156,30706,36,232433
8370,0.000276,172.31.33.0-255,66,30772,36,232433
8371,0.000287,74.125.68.0-255,1125,31897,36,232433
8372,0.000293,172.31.33.0-255,66,31963,36,232433
8373,0.000374,74.125.68.0-255,1484,33447,36,232433
8374,0.000379,172.31.33.0-255,66,33513,36,232433
8375,0.000389,74.125.68.0-255,2902,36415,36,232433
8376,0.000392,172.31.33.0-255,66,36481,36,232433
8377,0.000421,74.125.68.0-255,5738,42219,36,232433
8378,0.000428,74.125.68.0-255,6797,49016,36,232433
8379,0.00043,172.31.33.0-255,66,49082,36,232433
8380,0.000434,172.31.33.0-255,66,49148,36,232433
8381,0.000471,74.125.68.0-255,4320,53468,36,232433
8382,0.000486,172.31.33.0-255,66,53534,36,232433
8383,0.000498,172.31.33.0-255,66,53600,36,232433
8384,0.000509,74.125.68.0-255,4233,57833,36,232433
8385,0.00052,172.31.33.0-255,66,57899,36,232433
8386,0.000544,74.125.68.0-255,416,58315,36,232433
8387,0.000676,172.31.33.0-255,66,58381,36,232433
8388,0.000724,74.125.68.0-255,1484,59865,36,232433
8389,0.000736,74.125.68.0-255,2902,62767,36,232433
8390,0.000752,172.31.33.0-255,66,62833,36,232433
8391,0.000759,74.125.68.0-255,5738,68571,36,232433
8392,0.000762,74.125.68.0-255,1484,70055,36,232433
8393,0.000768,172.31.33.0-255,66,70121,36,232433
8394,0.000815,74.125.68.0-255,2902,73023,36,232433
8395,0.000819,172.31.33.0-255,66,73089,36,232433
8396,0.000845,74.125.68.0-255,4320,77409,36,232433
8397,0.000848,172.31.33.0-255,66,77475,36,232433
8398,0.000874,74.125.68.0-255,7156,84631,36,232433
8399,0.000882,172.31.33.0-255,66,84697,36,232433
8400,0.000912,172.31.33.0-255,66,84763,36,232433
8401,0.000947,74.125.68.0-255,1484,86247,36,232433
8402,0.000958,74.125.68.0-255,2902,89149,36,232433
8403,0.000961,74.125.68.0-255,1484,90633,36,232433
8404,0.000962,172.31.33.0-255,66,90699,36,232433
8405,0.00097,74.125.68.0-255,1484,92183,36,232433
8406,0.000973,74.125.68.0-255,1484,93667,36,232433
8407,0.000978,172.31.33.0-255,66,93733,36,232433
8408,0.000988,74.125.68.0-255,2902,96635,36,232433
8409,0.00099,172.31.33.0-255,66,96701,36,232433
8410,0.001002,74.125.68.0-255,4320,101021,36,232433
8411,0.001017,172.31.33.0-255,66,101087,36,232433
8412,0.00102,74.125.68.0-255,4320,105407,36,232433
8413,0.001028,172.31.33.0-255,66,105473,36,232433
8414,0.001047,172.31.33.0-255,66,105539,36,232433
8415,0.001074,74.125.68.0-255,5020,110559,36,232433
8416,0.001077,172.31.33.0-255,66,110625,36,232433
8417,0.00113,74.125.68.0-255,1484,112109,36,232433
8418,0.001133,74.125.68.0-255,1484,113593,36,232433
8419,0.001141,172.31.33.0-255,66,113659,36,232433
8420,0.001142,74.125.68.0-255,1484,115143,36,232433
8421,0.001176,74.125.68.0-255,1484,116627,36,232433
8422,0.001179,172.31.33.0-255,66,116693,36,232433
8423,0.001209,74.125.68.0-255,2902,119595,36,232433
8424,0.001215,172.31.33.0-255,66,119661,36,232433
8425,0.001242,74.125.68.0-255,1484,121145,36,232433
8426,0.001247,74.125.68.0-255,2902,124047,36,232433
8427,0.001251,74.125.68.0-255,5738,129785,36,232433
8428,0.001258,172.31.33.0-255,66,129851,36,232433
8429,0.00128,74.125.68.0-255,2902,132753,36,232433
8430,0.001286,172.31.33.0-255,66,132819,36,232433
8431,0.001299,74.125.68.0-255,4320,137139,36,232433
8432,0.001315,172.31.33.0-255,66,137205,36,232433
8433,0.001336,74.125.68.0-255,1484,138689,36,232433
8434,0.00137,74.125.68.0-255,1484,140173,36,232433
8435,0.001374,172.31.33.0-255,66,140239,36,232433
8436,0.001425,74.125.68.0-255,2902,143141,36,232433
8437,0.001429,172.31.33.0-255,66,143207,36,232433
8438,0.001479,74.125.68.0-255,2184,145391,36,232433
8439,0.001483,172.31.33.0-255,66,145457,36,232433
8440,0.001658,74.125.68.0-255,1484,146941,36,232433
8441,0.001667,74.125.68.0-255,2902,149843,36,232433
8442,0.001679,74.125.68.0-255,1484,151327,36,232433
8443,0.001691,74.125.68.0-255,2902,154229,36,232433
8444,0.001712,74.125.68.0-255,7156,161385,36,232433
8445,0.001727,74.125.68.0-255,1484,162869,36,232433
8446,0.001733,74.125.68.0-255,5738,168607,36,232433
8447,0.001743,74.125.68.0-255,2902,171509,36,232433
8448,0.001789,74.125.68.0-255,4320,175829,36,232433
8449,0.0018,74.125.68.0-255,3602,179431,36,232433
8450,0.001876,74.125.68.0-255,1484,180915,36,232433
8451,0.001889,74.125.68.0-255,2902,183817,36,232433
8452,0.001898,74.125.68.0-255,1484,185301,36,232433
8453,0.001914,74.125.68.0-255,4320,189621,36,232433
8454,0.001931,74.125.68.0-255,5738,195359,36,232433
8455,0.001943,74.125.68.0-255,4320,199679,36,232433
8456,0.001965,74.125.68.0-255,1484,201163,36,232433
8457,0.001987,74.125.68.0-255,2184,203347,36,232433
8458,0.005192,172.31.33.0-255,66,203413,36,232433
8459,0.007182,74.125.68.0-255,5738,209151,36,232433
8460,0.007187,172.31.33.0-255,66,209217,36,232433
8461,0.00918,74.125.68.0-255,5738,214955,36,232433
8462,0.009187,172.31.33.0-255,66,215021,36,232433
8463,0.011185,74.125.68.0-255,5738,220759,36,232433
8464,0.011192,172.31.33.0-255,66,220825,36,232433
8465,0.013196,74.125.68.0-255,5738,226563,36,232433
8466,0.017568,172.31.33.0-255,66,226629,36,232433
8467,0.019563,74.125.68.0-255,5738,232367,36,232433
8468,0.019575,172.31.33.0-255,66,232433,36,232433
8469,0.0,74.125.24.0-255,153,153,36,231542
8470,3.4e-05,172.31.33.0-255,66,219,36,231542
8471,4.1e-05,74.125.24.0-255,1484,1703,36,231542
8472,4.4e-05,172.31.33.0-255,66,1769,36,231542
8473,4.8e-05,74.125.24.0-255,2902,4671,36,231542
8474,5.1e-05,172.31.33.0-255,66,4737,36,231542
8475,6.6e-05,74.125.24.0-255,7156,11893,36,231542
8476,6.9e-05,172.31.33.0-255,66,11959,36,231542
8477,7.2e-05,74.125.24.0-255,1484,13443,36,231542
8478,7.4e-05,172.31.33.0-255,66,13509,36,231542
8479,0.000124,172.31.33.0-255,66,13575,36,231542
8480,0.00013,74.125.24.0-255,5738,19313,36,231542
8481,0.000132,172.31.33.0-255,66,19379,36,231542
8482,0.000164,74.125.24.0-255,1125,20504,36,231542
8483,0.000168,172.31.33.0-255,66,20570,36,231542
8484,0.000252,74.125.24.0-255,1484,22054,36,231542
8485,0.000257,172.31.33.0-255,66,22120,36,231542
8486,0.000262,74.125.24.0-255,2902,25022,36,231542
8487,0.000265,172.31.33.0-255,66,25088,36,231542
8488,0.000276,74.125.24.0-255,5738,30826,36,231542
8489,0.00028,172.31.33.0-255,66,30892,36,231542
8490,0.000309,74.125.24.0-255,7156,38048,36,231542
8491,0.000314,172.31.33.0-255,66,38114,36,231542
8492,0.000355,74.125.24.0-255,6797,44911,36,231542
8493,0.000359,172.31.33.0-255,66,44977,36,231542
8494,0.000362,74.125.24.0-255,1484,46461,36,231542
8495,0.000365,172.31.33.0-255,66,46527,36,231542
8496,0.000378,172.31.33.0-255,66,46593,36,231542
8497,0.000503,74.125.24.0-255,1484,48077,36,231542
8498,0.000509,172.31.33.0-255,66,48143,36,231542
8499,0.000514,74.125.24.0-255,2902,51045,36,231542
8500,0.000517,172.31.33.0-255,66,51111,36,231542
8501,0.00052,74.125.24.0-255,1484,52595,36,231542
8502,0.000554,74.125.24.0-255,4320,56915,36,231542
8503,0.000558,172.31.33.0-255,66,56981,36,231542
8504,0.000572,172.31.33.0-255,66,57047,36,231542
8505,0.00058,74.125.24.0-255,7156,64203,36,231542
8506,0.000582,172.31.33.0-255,66,64269,36,231542
8507,0.000614,74.125.24.0-255,2543,66812,36,231542
8508,0.000619,172.31.33.0-255,66,66878,36,231542
8509,0.001164,74.125.24.0-255,1484,68362,36,231542
8510,0.001171,74.125.24.0-255,2902,71264,36,231542
8511,0.001176,172.31.33.0-255,66,71330,36,231542
8512,0.001183,74.125.24.0-255,5738,77068,36,231542
8513,0.001186,172.31.33.0-255,66,77134,36,231542
8514,0.001189,74.125.24.0-255,1484,78618,36,231542
8515,0.00123,172.31.33.0-255,66,78684,36,231542
8516,0.001257,74.125.24.0-255,4320,83004,36,231542
8517,0.001261,172.31.33.0-255,66,83070,36,231542
8518,0.001294,74.125.24.0-255,6438,89508,36,231542
8519,0.0013,172.31.33.0-255,66,89574,36,231542
8520,0.001804,74.125.24.0-255,1484,91058,36,231542
8521,0.001825,74.125.24.0-255,2902,93960,36,231542
8522,0.001829,172.31.33.0-255,66,94026,36,231542
8523,0.001836,74.125.24.0-255,5738,99764,36,231542
8524,0.001838,172.31.33.0-255,66,99830,36,231542
8525,0.001844,74.125.24.0-255,4320,104150,36,231542
8526,0.001852,172.31.33.0-255,66,104216,36,231542
8527,0.001865,172.31.33.0-255,66,104282,36,231542
8528,0.001901,74.125.24.0-255,5738,110020,36,231542
8529,0.001906,74.125.24.0-255,3602,113622,36,231542
8530,0.001905,172.31.33.0-255,66,113688,36,231542
8531,0.001909,172.31.33.0-255,66,113754,36,231542
8532,0.001909,74.125.24.0-255,4320,118074,36,231542
8533,0.001913,172.31.33.0-255,66,118140,36,231542
8534,0.001954,172.31.33.0-255,66,118206,36,231542
8535,0.001964,172.31.33.0-255,66,118272,36,231542
8536,0.002,172.31.33.0-255,66,118338,36,231542
8537,0.002059,74.125.24.0-255,1484,119822,36,231542
8538,0.002065,74.125.24.0-255,2902,122724,36,231542
8539,0.002067,172.31.33.0-255,66,122790,36,231542
8540,0.002074,74.125.24.0-255,5738,128528,36,231542
8541,0.002076,172.31.33.0-255,66,128594,36,231542
8542,0.002082,74.125.24.0-255,5738,134332,36,231542
8543,0.002085,172.31.33.0-255,66,134398,36,231542
8544,0.002121,74.125.24.0-255,7156,141554,36,231542
8545,0.002125,172.31.33.0-255,66,141620,36,231542
8546,0.002132,74.125.24.0-255,7156,148776,36,231542
8547,0.002136,172.31.33.0-255,66,148842,36,231542
8548,0.002137,74.125.24.0-255,3602,152444,36,231542
8549,0.00214,172.31.33.0-255,66,152510,36,231542
8550,0.002281,74.125.24.0-255,1484,153994,36,231542
8551,0.002303,74.125.24.0-255,2902,156896,36,231542
8552,0.002307,172.31.33.0-255,66,156962,36,231542
8553,0.002314,74.125.24.0-255,5738,162700,36,231542
8554,0.002316,172.31.33.0-255,66,162766,36,231542
8555,0.002354,74.125.24.0-255,7156,169922,36,231542
8556,0.002357,172.31.33.0-255,66,169988,36,231542
8557,0.002364,74.125.24.0-255,7156,177144,36,231542
8558,0.002367,172.31.33.0-255,66,177210,36,231542
8559,0.002371,74.125.24.0-255,2902,180112,36,231542
8560,0.002374,172.31.33.0-255,66,180178,36,231542
8561,0.002409,74.125.24.0-255,6438,186616,36,231542
8562,0.002415,172.31.33.0-255,66,186682,36,231542
8563,0.002492,74.125.24.0-255,1484,188166,36,231542
8564,0.00251,74.125.24.0-255,2902,191068,36,231542
8565,0.002513,172.31.33.0-255,66,191134,36,231542
8566,0.00252,74.125.24.0-255,4320,195454,36,231542
8567,0.002522,172.31.33.0-255,66,195520,36,231542
8568,0.002525,74.125.24.0-255,1484,197004,36,231542
8569,0.002543,74.125.24.0-255,2902,199906,36,231542
8570,0.002546,172.31.33.0-255,66,199972,36,231542
8571,0.00259,74.125.24.0-255,1484,201456,36,231542
8572,0.002592,172.31.33.0-255,66,201522,36,231542
8573,0.00263,172.31.33.0-255,66,201588,36,231542
8574,0.002664,74.125.24.0-255,5020,206608,36,231542
8575,0.002668,172.31.33.0-255,66,206674,36,231542
8576,0.002672,74.125.24.0-255,2902,209576,36,231542
8577,0.002674,74.125.24.0-255,1484,211060,36,231542
8578,0.002676,172.31.33.0-255,66,211126,36,231542
8579,0.002676,74.125.24.0-255,1484,212610,36,231542
8580,0.002679,172.31.33.0-255,66,212676,36,231542
8581,0.002681,74.125.24.0-255,4320,216996,36,231542
8582,0.002683,172.31.33.0-255,66,217062,36,231542
8583,0.002722,74.125.24.0-255,7156,224218,36,231542
8584,0.002727,172.31.33.0-255,66,224284,36,231542
8585,0.00273,74.125.24.0-255,1484,225768,36,231542
8586,0.002743,172.31.33.0-255,66,225834,36,231542
8587,0.002754,172.31.33.0-255,66,225900,36,231542
8588,0.002796,74.125.24.0-255,4320,230220,36,231542
8589,0.0028,172.31.33.0-255,66,230286,36,231542
8590,0.002831,172.31.33.0-255,66,230352,36,231542
8591,0.002847,172.31.33.0-255,66,230418,36,231542
8592,0.002863,172.31.33.0-255,66,230484,36,231542
8593,0.002866,74.125.24.0-255,533,231017,36,231542
8594,0.002925,74.125.24.0-255,105,231122,36,231542
8595,0.012069,172.31.33.0-255,66,231188,36,231542
8596,0.0121,172.31.33.0-255,105,231293,36,231542
8597,0.01242,74.125.24.0-255,105,231398,36,231542
8598,0.012428,172.31.33.0-255,78,231476,36,231542
8599,0.014323,74.125.24.0-255,66,231542,36,231542
8600,0.0,172.217.194.0-255,151,151,36,146525
8601,2.2e-05,172.31.33.0-255,66,217,36,146525
8602,2.7e-05,172.217.194.0-255,1484,1701,36,146525
8603,3.1e-05,172.31.33.0-255,66,1767,36,146525
8604,3.4e-05,172.217.194.0-255,1484,3251,36,146525
8605,3.6e-05,172.31.33.0-255,66,3317,36,146525
8606,4.9e-05,172.217.194.0-255,4320,7637,36,146525
8607,5.2e-05,172.31.33.0-255,66,7703,36,146525
8608,6.4e-05,172.31.33.0-255,66,7769,36,146525
8609,7.4e-05,172.31.33.0-255,66,7835,36,146525
8610,7.7e-05,172.217.194.0-255,2543,10378,36,146525
8611,7.8e-05,172.31.33.0-255,66,10444,36,146525
8612,0.000108,172.217.194.0-255,2902,13346,36,146525
8613,0.000111,172.31.33.0-255,66,13412,36,146525
8614,0.000144,172.217.194.0-255,7156,20568,36,146525
8615,0.000148,172.31.33.0-255,66,20634,36,146525
8616,0.000155,172.217.194.0-255,7156,27790,36,146525
8617,0.000157,172.31.33.0-255,66,27856,36,146525
8618,0.000184,172.217.194.0-255,5379,33235,36,146525
8619,0.000186,172.31.33.0-255,66,33301,36,146525
8620,0.000196,172.31.33.0-255,66,33367,36,146525
8621,0.000218,172.217.194.0-255,1379,34746,36,146525
8622,0.00022,172.31.33.0-255,66,34812,36,146525
8623,0.000223,172.217.194.0-255,116,34928,36,146525
8624,0.000224,172.31.33.0-255,66,34994,36,146525
8625,0.000437,172.217.194.0-255,381,35375,36,146525
8626,0.000441,172.31.33.0-255,66,35441,36,146525
8627,0.000723,172.217.194.0-255,1484,36925,36,146525
8628,0.000727,172.31.33.0-255,66,36991,36,146525
8629,0.000736,172.217.194.0-255,2902,39893,36,146525
8630,0.000738,172.31.33.0-255,66,39959,36,146525
8631,0.000748,172.217.194.0-255,5738,45697,36,146525
8632,0.00075,172.31.33.0-255,66,45763,36,146525
8633,0.000792,172.31.33.0-255,66,45829,36,146525
8634,0.000819,172.217.194.0-255,1484,47313,36,146525
8635,0.000828,172.217.194.0-255,7156,54469,36,146525
8636,0.000831,172.31.33.0-255,66,54535,36,146525
8637,0.000856,172.217.194.0-255,3602,58137,36,146525
8638,0.00086,172.31.33.0-255,66,58203,36,146525
8639,0.001546,172.217.194.0-255,1484,59687,36,146525
8640,0.001552,172.217.194.0-255,1484,61171,36,146525
8641,0.001556,172.31.33.0-255,66,61237,36,146525
8642,0.001581,172.217.194.0-255,1484,62721,36,146525
8643,0.001587,172.217.194.0-255,5738,68459,36,146525
8644,0.001589,172.31.33.0-255,66,68525,36,146525
8645,0.001615,172.31.33.0-255,66,68591,36,146525
8646,0.001628,172.217.194.0-255,4320,72911,36,146525
8647,0.001633,172.31.33.0-255,66,72977,36,146525
8648,0.001664,172.31.33.0-255,66,73043,36,146525
8649,0.001693,172.217.194.0-255,1484,74527,36,146525
8650,0.001704,172.217.194.0-255,2902,77429,36,146525
8651,0.001706,172.31.33.0-255,66,77495,36,146525
8652,0.001735,172.217.194.0-255,5738,83233,36,146525
8653,0.001738,172.31.33.0-255,66,83299,36,146525
8654,0.001748,172.217.194.0-255,5738,89037,36,146525
8655,0.001749,172.31.33.0-255,66,89103,36,146525
8656,0.001778,172.217.194.0-255,7156,96259,36,146525
8657,0.00178,172.31.33.0-255,66,96325,36,146525
8658,0.00179,172.31.33.0-255,66,96391,36,146525
8659,0.001849,172.31.33.0-255,66,96457,36,146525
8660,0.001858,172.31.33.0-255,66,96523,36,146525
8661,0.001862,172.217.194.0-255,4320,100843,36,146525
8662,0.001868,172.31.33.0-255,66,100909,36,146525
8663,0.00191,172.31.33.0-255,66,100975,36,146525
8664,0.001912,172.217.194.0-255,1484,102459,36,146525
8665,0.001952,172.31.33.0-255,66,102525,36,146525
8666,0.001963,172.31.33.0-255,66,102591,36,146525
8667,0.001969,172.217.194.0-255,766,103357,36,146525
8668,0.002319,172.217.194.0-255,1484,104841,36,146525
8669,0.002322,172.31.33.0-255,66,104907,36,146525
8670,0.004287,172.217.194.0-255,1484,106391,36,146525
8671,0.0043,172.217.194.0-255,1484,107875,36,146525
8672,0.004304,172.31.33.0-255,66,107941,36,146525
8673,0.004608,172.217.194.0-255,2902,110843,36,146525
8674,0.004612,172.31.33.0-255,66,110909,36,146525
8675,0.006623,172.217.194.0-255,2902,113811,36,146525
8676,0.006629,172.31.33.0-255,66,113877,36,146525
8677,0.006894,172.217.194.0-255,2902,116779,36,146525
8678,0.0069,172.31.33.0-255,66,116845,36,146525
8679,0.009085,172.217.194.0-255,2902,119747,36,146525
8680,0.009142,172.31.33.0-255,66,119813,36,146525
8681,0.009196,172.217.194.0-255,2902,122715,36,146525
8682,0.009204,172.31.33.0-255,66,122781,36,146525
8683,0.011443,172.217.194.0-255,2902,125683,36,146525
8684,0.011451,172.31.33.0-255,66,125749,36,146525
8685,0.0115,172.217.194.0-255,2902,128651,36,146525
8686,0.011505,172.31.33.0-255,66,128717,36,146525
8687,0.013754,172.217.194.0-255,2902,131619,36,146525
8688,0.01376,172.31.33.0-255,66,131685,36,146525
8689,0.0138,172.217.194.0-255,2902,134587,36,146525
8690,0.013803,172.31.33.0-255,66,134653,36,146525
8691,0.016061,172.217.194.0-255,2902,137555,36,146525
8692,0.016068,172.31.33.0-255,66,137621,36,146525
8693,0.016101,172.217.194.0-255,2902,140523,36,146525
8694,0.016106,172.31.33.0-255,66,140589,36,146525
8695,0.018392,172.217.194.0-255,2902,143491,36,146525
8696,0.018403,172.31.33.0-255,66,143557,36,146525
8697,0.018441,172.217.194.0-255,2902,146459,36,146525
8698,0.018446,172.31.33.0-255,66,146525,36,146525
8699,0.0,74.125.24.0-255,150,150,36,176766
8700,3.2e-05,172.31.33.0-255,66,216,36,176766
8701,4e-05,74.125.24.0-255,1484,1700,36,176766
8702,4.5e-05,172.31.33.0-255,66,1766,36,176766
8703,5.1e-05,74.125.24.0-255,2902,4668,36,176766
8704,5.5e-05,172.31.33.0-255,66,4734,36,176766
8705,6.3e-05,74.125.24.0-255,7156,11890,36,176766
8706,6.6e-05,172.31.33.0-255,66,11956,36,176766
8707,7e-05,74.125.24.0-255,2013,13969,36,176766
8708,7.2e-05,172.31.33.0-255,66,14035,36,176766
8709,0.000312,74.125.24.0-255,1484,15519,36,176766
8710,0.000317,172.31.33.0-255,66,15585,36,176766
8711,0.000323,74.125.24.0-255,2902,18487,36,176766
8712,0.000326,172.31.33.0-255,66,18553,36,176766
8713,0.000348,74.125.24.0-255,2902,21455,36,176766
8714,0.00035,172.31.33.0-255,66,21521,36,176766
8715,0.000371,74.125.24.0-255,2902,24423,36,176766
8716,0.000374,172.31.33.0-255,66,24489,36,176766
8717,0.000382,74.125.24.0-255,6797,31286,36,176766
8718,0.000384,172.31.33.0-255,66,31352,36,176766
8719,0.000503,74.125.24.0-255,1484,32836,36,176766
8720,0.000507,172.31.33.0-255,66,32902,36,176766
8721,0.000513,74.125.24.0-255,2902,35804,36,176766
8722,0.000516,172.31.33.0-255,66,35870,36,176766
8723,0.000533,74.125.24.0-255,4320,40190,36,176766
8724,0.000535,172.31.33.0-255,66,40256,36,176766
8725,0.000539,74.125.24.0-255,2902,43158,36,176766
8726,0.000541,172.31.33.0-255,66,43224,36,176766
8727,0.000574,74.125.24.0-255,6797,50021,36,176766
8728,0.000577,172.31.33.0-255,66,50087,36,176766
8729,0.000592,172.31.33.0-255,66,50153,36,176766
8730,0.000609,74.125.24.0-255,1125,51278,36,176766
8731,0.000994,74.125.24.0-255,646,51924,36,176766
8732,0.001,172.31.33.0-255,66,51990,36,176766
8733,0.001019,74.125.24.0-255,1484,53474,36,176766
8734,0.001034,74.125.24.0-255,4320,57794,36,176766
8735,0.001039,74.125.24.0-255,2902,60696,36,176766
8736,0.001047,172.31.33.0-255,66,60762,36,176766
8737,0.001058,74.125.24.0-255,4320,65082,36,176766
8738,0.0011,172.31.33.0-255,66,65148,36,176766
8739,0.001115,74.125.24.0-255,2902,68050,36,176766
8740,0.001122,74.125.24.0-255,5020,73070,36,176766
8741,0.001132,172.31.33.0-255,66,73136,36,176766
8742,0.001207,74.125.24.0-255,1484,74620,36,176766
8743,0.001223,74.125.24.0-255,2902,77522,36,176766
8744,0.001235,172.31.33.0-255,66,77588,36,176766
8745,0.001241,74.125.24.0-255,5738,83326,36,176766
8746,0.001247,172.31.33.0-255,66,83392,36,176766
8747,0.001277,172.31.33.0-255,66,83458,36,176766
8748,0.001285,74.125.24.0-255,1484,84942,36,176766
8749,0.001296,74.125.24.0-255,2184,87126,36,176766
8750,0.001332,172.31.33.0-255,66,87192,36,176766
8751,0.001445,74.125.24.0-255,1484,88676,36,176766
8752,0.001467,74.125.24.0-255,2902,91578,36,176766
8753,0.001474,74.125.24.0-255,5738,97316,36,176766
8754,0.001479,74.125.24.0-255,5738,103054,36,176766
8755,0.001494,172.31.33.0-255,66,103120,36,176766
8756,0.001502,74.125.24.0-255,7156,110276,36,176766
8757,0.001506,74.125.24.0-255,2902,113178,36,176766
8758,0.00153,74.125.24.0-255,5738,118916,36,176766
8759,0.001532,172.31.33.0-255,66,118982,36,176766
8760,0.001559,172.31.33.0-255,66,119048,36,176766
8761,0.001578,74.125.24.0-255,2184,121232,36,176766
8762,0.001581,172.31.33.0-255,66,121298,36,176766
8763,0.001867,74.125.24.0-255,1484,122782,36,176766
8764,0.001873,74.125.24.0-255,2902,125684,36,176766
8765,0.001876,172.31.33.0-255,66,125750,36,176766
8766,0.001906,74.125.24.0-255,5738,131488,36,176766
8767,0.00191,74.125.24.0-255,2902,134390,36,176766
8768,0.001915,172.31.33.0-255,66,134456,36,176766
8769,0.001926,74.125.24.0-255,1484,135940,36,176766
8770,0.001943,74.125.24.0-255,4320,140260,36,176766
8771,0.001948,172.31.33.0-255,66,140326,36,176766
8772,0.001965,74.125.24.0-255,4320,144646,36,176766
8773,0.001983,172.31.33.0-255,66,144712,36,176766
8774,0.001993,74.125.24.0-255,2902,147614,36,176766
8775,0.002007,172.31.33.0-255,66,147680,36,176766
8776,0.00204,172.31.33.0-255,66,147746,36,176766
8777,0.004085,74.125.24.0-255,5738,153484,36,176766
8778,0.004092,172.31.33.0-255,66,153550,36,176766
8779,0.006176,74.125.24.0-255,5738,159288,36,176766
8780,0.008482,172.31.33.0-255,66,159354,36,176766
8781,0.010566,74.125.24.0-255,5738,165092,36,176766
8782,0.010582,172.31.33.0-255,66,165158,36,176766
8783,0.012672,74.125.24.0-255,5738,170896,36,176766
8784,0.016599,172.31.33.0-255,66,170962,36,176766
8785,0.01868,74.125.24.0-255,5738,176700,36,176766
8786,0.018695,172.31.33.0-255,66,176766,36,176766
8787,0.0,74.125.68.0-255,147,147,36,265301
8788,2.9e-05,172.31.33.0-255,66,213,36,265301
8789,3.4e-05,74.125.68.0-255,1484,1697,36,265301
8790,3.7e-05,172.31.33.0-255,66,1763,36,265301
8791,4.2e-05,74.125.68.0-255,2902,4665,36,265301
8792,4.4e-05,172.31.33.0-255,66,4731,36,265301
8793,6.6e-05,74.125.68.0-255,1484,6215,36,265301
8794,6.8e-05,172.31.33.0-255,66,6281,36,265301
8795,8.7e-05,74.125.68.0-255,5738,12019,36,265301
8796,8.9e-05,172.31.33.0-255,66,12085,36,265301
8797,0.000113,74.125.68.0-255,2055,14140,36,265301
8798,0.000116,172.31.33.0-255,66,14206,36,265301
8799,0.00014,74.125.68.0-255,1484,15690,36,265301
8800,0.000145,172.31.33.0-255,66,15756,36,265301
8801,0.000162,74.125.68.0-255,1484,17240,36,265301
8802,0.000164,172.31.33.0-255,66,17306,36,265301
8803,0.000181,74.125.68.0-255,1484,18790,36,265301
8804,0.000184,172.31.33.0-255,66,18856,36,265301
8805,0.000188,74.125.68.0-255,2902,21758,36,265301
8806,0.00019,172.31.33.0-255,66,21824,36,265301
8807,0.000193,74.125.68.0-255,2902,24726,36,265301
8808,0.000195,172.31.33.0-255,66,24792,36,265301
8809,0.000212,74.125.68.0-255,1484,26276,36,265301
8810,0.000214,172.31.33.0-255,66,26342,36,265301
8811,0.000241,74.125.68.0-255,5379,31721,36,265301
8812,0.000244,172.31.33.0-255,66,31787,36,265301
8813,0.000321,74.125.68.0-255,1484,33271,36,265301
8814,0.000326,172.31.33.0-255,66,33337,36,265301
8815,0.000349,74.125.68.0-255,2902,36239,36,265301
8816,0.000352,172.31.33.0-255,66,36305,36,265301
8817,0.000358,74.125.68.0-255,4320,40625,36,265301
8818,0.00036,172.31.33.0-255,66,40691,36,265301
8819,0.000388,74.125.68.0-255,7156,47847,36,265301
8820,0.000394,172.31.33.0-255,66,47913,36,265301
8821,0.000407,74.125.68.0-255,2543,50456,36,265301
8822,0.000413,172.31.33.0-255,66,50522,36,265301
8823,0.000476,172.31.33.0-255,66,50588,36,265301
8824,0.000479,74.125.68.0-255,1484,52072,36,265301
8825,0.000533,74.125.68.0-255,5655,57727,36,265301
8826,0.000542,172.31.33.0-255,66,57793,36,265301
8827,0.000548,74.125.68.0-255,133,57926,36,265301
8828,0.00057,74.125.68.0-255,343,58269,36,265301
8829,0.00068,74.125.68.0-255,1484,59753,36,265301
8830,0.000685,172.31.33.0-255,66,59819,36,265301
8831,0.00069,74.125.68.0-255,2902,62721,36,265301
8832,0.000694,172.31.33.0-255,66,62787,36,265301
8833,0.000704,74.125.68.0-255,1484,64271,36,265301
8834,0.000717,74.125.68.0-255,2902,67173,36,265301
8835,0.000721,172.31.33.0-255,66,67239,36,265301
8836,0.000729,74.125.68.0-255,1484,68723,36,265301
8837,0.000742,74.125.68.0-255,1484,70207,36,265301
8838,0.000745,172.31.33.0-255,66,70273,36,265301
8839,0.000784,172.31.33.0-255,66,70339,36,265301
8840,0.000786,74.125.68.0-255,1484,71823,36,265301
8841,0.000856,74.125.68.0-255,5738,77561,36,265301
8842,0.000869,172.31.33.0-255,66,77627,36,265301
8843,0.000869,74.125.68.0-255,5020,82647,36,265301
8844,0.000876,172.31.33.0-255,66,82713,36,265301
8845,0.000969,74.125.68.0-255,1484,84197,36,265301
8846,0.000976,74.125.68.0-255,2902,87099,36,265301
8847,0.000984,172.31.33.0-255,66,87165,36,265301
8848,0.000988,74.125.68.0-255,1484,88649,36,265301
8849,0.001004,74.125.68.0-255,2902,91551,36,265301
8850,0.001025,74.125.68.0-255,2902,94453,36,265301
8851,0.001038,74.125.68.0-255,2902,97355,36,265301
8852,0.001062,74.125.68.0-255,4320,101675,36,265301
8853,0.001078,74.125.68.0-255,5738,107413,36,265301
8854,0.001139,74.125.68.0-255,1484,108897,36,265301
8855,0.001153,74.125.68.0-255,5738,114635,36,265301
8856,0.001168,74.125.68.0-255,1484,116119,36,265301
8857,0.001198,74.125.68.0-255,766,116885,36,265301
8858,0.001333,74.125.68.0-255,1484,118369,36,265301
8859,0.001358,74.125.68.0-255,2902,121271,36,265301
8860,0.001389,74.125.68.0-255,4320,125591,36,265301
8861,0.001459,74.125.68.0-255,1484,127075,36,265301
8862,0.001549,74.125.68.0-255,4320,131395,36,265301
8863,0.001564,74.125.68.0-255,2184,133579,36,265301
8864,0.0016,74.125.68.0-255,2902,136481,36,265301
8865,0.00162,74.125.68.0-255,4320,140801,36,265301
8866,0.001658,74.125.68.0-255,4320,145121,36,265301
8867,0.001774,74.125.68.0-255,1484,146605,36,265301
8868,0.00179,74.125.68.0-255,2902,149507,36,265301
8869,0.001828,74.125.68.0-255,5738,155245,36,265301
8870,0.001836,74.125.68.0-255,766,156011,36,265301
8871,0.001865,74.125.68.0-255,1484,157495,36,265301
8872,0.001889,74.125.68.0-255,2902,160397,36,265301
8873,0.001913,74.125.68.0-255,5738,166135,36,265301
8874,0.001944,74.125.68.0-255,2902,169037,36,265301
8875,0.00196,74.125.68.0-255,4320,173357,36,265301
8876,0.002006,74.125.68.0-255,2902,176259,36,265301
8877,0.002025,74.125.68.0-255,5738,181997,36,265301
8878,0.002069,74.125.68.0-255,1484,183481,36,265301
8879,0.002089,74.125.68.0-255,6438,189919,36,265301
8880,0.002144,74.125.68.0-255,1484,191403,36,265301
8881,0.002148,74.125.68.0-255,2902,194305,36,265301
8882,0.002167,74.125.68.0-255,2902,197207,36,265301
8883,0.00218,74.125.68.0-255,2902,200109,36,265301
8884,0.002214,74.125.68.0-255,1484,201593,36,265301
8885,0.002225,74.125.68.0-255,2902,204495,36,265301
8886,0.002242,74.125.68.0-255,5738,210233,36,265301
8887,0.002301,74.125.68.0-255,2902,213135,36,265301
8888,0.002356,74.125.68.0-255,5020,218155,36,265301
8889,0.002442,74.125.68.0-255,2902,221057,36,265301
8890,0.002606,74.125.68.0-255,5738,226795,36,265301
8891,0.002622,74.125.68.0-255,3602,230397,36,265301
8892,0.002677,74.125.68.0-255,1484,231881,36,265301
8893,0.002695,172.31.33.0-255,66,231947,36,265301
8894,0.00275,172.31.33.0-255,66,232013,36,265301
8895,0.002784,172.31.33.0-255,66,232079,36,265301
8896,0.002912,74.125.68.0-255,4320,236399,36,265301
8897,0.002922,172.31.33.0-255,66,236465,36,265301
8898,0.002944,172.31.33.0-255,66,236531,36,265301
8899,0.002989,172.31.33.0-255,66,236597,36,265301
8900,0.003179,74.125.68.0-255,4320,240917,36,265301
8901,0.003195,172.31.33.0-255,66,240983,36,265301
8902,0.003216,172.31.33.0-255,66,241049,36,265301
8903,0.005877,74.125.68.0-255,5738,246787,36,265301
8904,0.005882,172.31.33.0-255,66,246853,36,265301
8905,0.008555,74.125.68.0-255,5738,252591,36,265301
8906,0.008962,172.31.33.0-255,66,252657,36,265301
8907,0.011627,74.125.68.0-255,5738,258395,36,265301
8908,0.011631,172.31.33.0-255,66,258461,36,265301
8909,0.014317,74.125.68.0-255,5738,264199,36,265301
8910,0.014326,172.31.33.0-255,66,264265,36,265301
8911,0.01698,74.125.68.0-255,1036,265301,36,265301
8912,0.0,74.125.24.0-255,298,298,36,236615
8913,1.9e-05,172.31.33.0-255,66,364,36,236615
8914,2.3e-05,74.125.24.0-255,1484,1848,36,236615
8915,2.8e-05,172.31.33.0-255,66,1914,36,236615
8916,5.5e-05,74.125.24.0-255,4320,6234,36,236615
8917,5.8e-05,172.31.33.0-255,66,6300,36,236615
8918,6.3e-05,74.125.24.0-255,4320,10620,36,236615
8919,6.5e-05,172.31.33.0-255,66,10686,36,236615
8920,6.9e-05,74.125.24.0-255,4320,15006,36,236615
8921,7.1e-05,172.31.33.0-255,66,15072,36,236615
8922,9e-05,74.125.24.0-255,6085,21157,36,236615
8923,9.2e-05,172.31.33.0-255,66,21223,36,236615
8924,9.5e-05,74.125.24.0-255,2902,24125,36,236615
8925,9.7e-05,172.31.33.0-255,66,24191,36,236615
8926,0.000123,74.125.24.0-255,6797,30988,36,236615
8927,0.000127,172.31.33.0-255,66,31054,36,236615
8928,0.00015,74.125.24.0-255,1484,32538,36,236615
8929,0.000152,172.31.33.0-255,66,32604,36,236615
8930,0.000156,74.125.24.0-255,2902,35506,36,236615
8931,0.000157,172.31.33.0-255,66,35572,36,236615
8932,0.000173,74.125.24.0-255,2902,38474,36,236615
8933,0.000175,172.31.33.0-255,66,38540,36,236615
8934,0.000193,74.125.24.0-255,2902,41442,36,236615
8935,0.000195,172.31.33.0-255,66,41508,36,236615
8936,0.000198,74.125.24.0-255,1484,42992,36,236615
8937,0.0002,172.31.33.0-255,66,43058,36,236615
8938,0.000215,74.125.24.0-255,5379,48437,36,236615
8939,0.000217,172.31.33.0-255,66,48503,36,236615
8940,0.000221,74.125.24.0-255,4320,52823,36,236615
8941,0.000223,172.31.33.0-255,66,52889,36,236615
8942,0.000239,74.125.24.0-255,2902,55791,36,236615
8943,0.000241,172.31.33.0-255,66,55857,36,236615
8944,0.000275,74.125.24.0-255,4320,60177,36,236615
8945,0.000279,172.31.33.0-255,66,60243,36,236615
8946,0.000302,74.125.24.0-255,5688,65931,36,236615
8947,0.000305,172.31.33.0-255,66,65997,36,236615
8948,0.000307,74.125.24.0-255,111,66108,36,236615
8949,0.0004,74.125.24.0-255,1484,67592,36,236615
8950,0.000403,172.31.33.0-255,66,67658,36,236615
8951,0.000407,74.125.24.0-255,1484,69142,36,236615
8952,0.000421,74.125.24.0-255,1484,70626,36,236615
8953,0.000424,172.31.33.0-255,66,70692,36,236615
8954,0.000439,74.125.24.0-255,2902,73594,36,236615
8955,0.000442,172.31.33.0-255,66,73660,36,236615
8956,0.000459,74.125.24.0-255,2902,76562,36,236615
8957,0.000462,172.31.33.0-255,66,76628,36,236615
8958,0.000467,74.125.24.0-255,4320,80948,36,236615
8959,0.000469,172.31.33.0-255,66,81014,36,236615
8960,0.000488,74.125.24.0-255,2543,83557,36,236615
8961,0.00049,172.31.33.0-255,66,83623,36,236615
8962,0.000543,74.125.24.0-255,4320,87943,36,236615
8963,0.000546,172.31.33.0-255,66,88009,36,236615
8964,0.000571,172.31.33.0-255,66,88075,36,236615
8965,0.000579,74.125.24.0-255,2543,90618,36,236615
8966,0.000582,172.31.33.0-255,66,90684,36,236615
8967,0.000645,74.125.24.0-255,1484,92168,36,236615
8968,0.000649,74.125.24.0-255,2902,95070,36,236615
8969,0.000652,172.31.33.0-255,66,95136,36,236615
8970,0.000656,74.125.24.0-255,2902,98038,36,236615
8971,0.000658,172.31.33.0-255,66,98104,36,236615
8972,0.000681,74.125.24.0-255,2902,101006,36,236615
8973,0.000684,172.31.33.0-255,66,101072,36,236615
8974,0.000694,172.31.33.0-255,66,101138,36,236615
8975,0.000704,172.31.33.0-255,66,101204,36,236615
8976,0.000727,74.125.24.0-255,5020,106224,36,236615
8977,0.00073,172.31.33.0-255,66,106290,36,236615
8978,0.000755,74.125.24.0-255,5738,112028,36,236615
8979,0.000757,172.31.33.0-255,66,112094,36,236615
8980,0.000785,74.125.24.0-255,2902,114996,36,236615
8981,0.000788,172.31.33.0-255,66,115062,36,236615
8982,0.000808,172.31.33.0-255,66,115128,36,236615
8983,0.000843,74.125.24.0-255,1484,116612,36,236615
8984,0.000871,172.31.33.0-255,66,116678,36,236615
8985,0.000874,74.125.24.0-255,766,117444,36,236615
8986,0.000884,172.31.33.0-255,66,117510,36,236615
8987,0.000906,74.125.24.0-255,7156,124666,36,236615
8988,0.000909,172.31.33.0-255,66,124732,36,236615
8989,0.000914,74.125.24.0-255,5738,130470,36,236615
8990,0.000916,172.31.33.0-255,66,130536,36,236615
8991,0.000943,172.31.33.0-255,66,130602,36,236615
8992,0.000947,74.125.24.0-255,2184,132786,36,236615
8993,0.000949,172.31.33.0-255,66,132852,36,236615
8994,0.000952,74.125.24.0-255,1484,134336,36,236615
8995,0.000972,74.125.24.0-255,1749,136085,36,236615
8996,0.000975,172.31.33.0-255,66,136151,36,236615
8997,0.000982,74.125.24.0-255,7156,143307,36,236615
8998,0.000984,172.31.33.0-255,66,143373,36,236615
8999,0.000995,74.125.24.0-255,1484,144857,36,236615
9000,0.001013,74.125.24.0-255,4320,149177,36,236615
9001,0.001016,172.31.33.0-255,66,149243,36,236615
9002,0.001019,74.125.24.0-255,1484,150727,36,236615
9003,0.001043,172.31.33.0-255,66,150793,36,236615
9004,0.001058,74.125.24.0-255,3602,154395,36,236615
9005,0.001061,172.31.33.0-255,66,154461,36,236615
9006,0.001096,74.125.24.0-255,1484,155945,36,236615
9007,0.0011,74.125.24.0-255,2902,158847,36,236615
9008,0.001102,172.31.33.0-255,66,158913,36,236615
9009,0.001115,74.125.24.0-255,4320,163233,36,236615
9010,0.001117,172.31.33.0-255,66,163299,36,236615
9011,0.001132,74.125.24.0-255,1484,164783,36,236615
9012,0.001166,172.31.33.0-255,66,164849,36,236615
9013,0.001186,74.125.24.0-255,1484,166333,36,236615
9014,0.001197,172.31.33.0-255,66,166399,36,236615
9015,0.0012,74.125.24.0-255,218,166617,36,236615
9016,0.00132,74.125.24.0-255,1484,168101,36,236615
9017,0.001324,172.31.33.0-255,66,168167,36,236615
9018,0.001329,74.125.24.0-255,2902,171069,36,236615
9019,0.001331,172.31.33.0-255,66,171135,36,236615
9020,0.001336,74.125.24.0-255,5738,176873,36,236615
9021,0.001338,172.31.33.0-255,66,176939,36,236615
9022,0.001368,74.125.24.0-255,7156,184095,36,236615
9023,0.001372,172.31.33.0-255,66,184161,36,236615
9024,0.001393,74.125.24.0-255,5738,189899,36,236615
9025,0.001396,172.31.33.0-255,66,189965,36,236615
9026,0.001417,74.125.24.0-255,1484,191449,36,236615
9027,0.001448,172.31.33.0-255,66,191515,36,236615
9028,0.001971,74.125.24.0-255,1484,192999,36,236615
9029,0.001976,74.125.24.0-255,2902,195901,36,236615
9030,0.001979,172.31.33.0-255,66,195967,36,236615
9031,0.001993,74.125.24.0-255,1484,197451,36,236615
9032,0.00201,74.125.24.0-255,4320,201771,36,236615
9033,0.002013,172.31.33.0-255,66,201837,36,236615
9034,0.002019,74.125.24.0-255,7156,208993,36,236615
9035,0.002021,172.31.33.0-255,66,209059,36,236615
9036,0.002037,74.125.24.0-255,5738,214797,36,236615
9037,0.002039,172.31.33.0-255,66,214863,36,236615
9038,0.002042,74.125.24.0-255,1484,216347,36,236615
9039,0.002058,74.125.24.0-255,2902,219249,36,236615
9040,0.00206,172.31.33.0-255,66,219315,36,236615
9041,0.002075,74.125.24.0-255,6438,225753,36,236615
9042,0.002077,172.31.33.0-255,66,225819,36,236615
9043,0.002129,172.31.33.0-255,66,225885,36,236615
9044,0.002139,172.31.33.0-255,66,225951,36,236615
9045,0.002152,74.125.24.0-255,5738,231689,36,236615
9046,0.002155,172.31.33.0-255,66,231755,36,236615
9047,0.002176,74.125.24.0-255,4320,236075,36,236615
9048,0.002178,172.31.33.0-255,66,236141,36,236615
9049,0.002218,172.31.33.0-255,66,236207,36,236615
9050,0.002252,172.31.33.0-255,66,236273,36,236615
9051,0.004468,74.125.24.0-255,105,236378,36,236615
9052,0.013379,172.31.33.0-255,66,236444,36,236615
9053,0.013407,172.31.33.0-255,105,236549,36,236615
9054,0.015653,74.125.24.0-255,66,236615,36,236615
9055,0.0,172.217.194.0-255,296,296,36,127582
9056,3.2e-05,172.31.33.0-255,66,362,36,127582
9057,3.9e-05,172.217.194.0-255,1484,1846,36,127582
9058,4.6e-05,172.31.33.0-255,66,1912,36,127582
9059,6e-05,172.217.194.0-255,4320,6232,36,127582
9060,6.3e-05,172.31.33.0-255,66,6298,36,127582
9061,0.000106,172.31.33.0-255,66,6364,36,127582
9062,0.000109,172.217.194.0-255,1484,7848,36,127582
9063,0.000111,172.31.33.0-255,66,7914,36,127582
9064,0.000143,172.31.33.0-255,66,7980,36,127582
9065,0.000146,172.217.194.0-255,1125,9105,36,127582
9066,0.000149,172.31.33.0-255,66,9171,36,127582
9067,0.000202,172.217.194.0-255,1484,10655,36,127582
9068,0.000205,172.31.33.0-255,66,10721,36,127582
9069,0.000233,172.217.194.0-255,2902,13623,36,127582
9070,0.000237,172.31.33.0-255,66,13689,36,127582
9071,0.000243,172.217.194.0-255,5738,19427,36,127582
9072,0.000246,172.31.33.0-255,66,19493,36,127582
9073,0.000252,172.217.194.0-255,5738,25231,36,127582
9074,0.000255,172.31.33.0-255,66,25297,36,127582
9075,0.000258,172.217.194.0-255,1484,26781,36,127582
9076,0.000261,172.31.33.0-255,66,26847,36,127582
9077,0.00031,172.31.33.0-255,66,26913,36,127582
9078,0.000314,172.217.194.0-255,3961,30874,36,127582
9079,0.000317,172.31.33.0-255,66,30940,36,127582
9080,0.000319,172.217.194.0-255,647,31587,36,127582
9081,0.000321,172.31.33.0-255,66,31653,36,127582
9082,0.000446,172.217.194.0-255,1484,33137,36,127582
9083,0.00045,172.31.33.0-255,66,33203,36,127582
9084,0.000454,172.217.194.0-255,1484,34687,36,127582
9085,0.000477,172.217.194.0-255,1484,36171,36,127582
9086,0.000482,172.31.33.0-255,66,36237,36,127582
9087,0.000483,172.217.194.0-255,5738,41975,36,127582
9088,0.000485,172.31.33.0-255,66,42041,36,127582
9089,0.000502,172.217.194.0-255,4320,46361,36,127582
9090,0.000505,172.31.33.0-255,66,46427,36,127582
9091,0.000537,172.217.194.0-255,4320,50747,36,127582
9092,0.00054,172.31.33.0-255,66,50813,36,127582
9093,0.000544,172.217.194.0-255,1484,52297,36,127582
9094,0.000589,172.31.33.0-255,66,52363,36,127582
9095,0.000592,172.217.194.0-255,1484,53847,36,127582
9096,0.000596,172.217.194.0-255,2902,56749,36,127582
9097,0.000598,172.31.33.0-255,66,56815,36,127582
9098,0.000637,172.217.194.0-255,1484,58299,36,127582
9099,0.000661,172.217.194.0-255,4320,62619,36,127582
9100,0.000664,172.31.33.0-255,66,62685,36,127582
9101,0.000682,172.31.33.0-255,66,62751,36,127582
9102,0.000695,172.31.33.0-255,66,62817,36,127582
9103,0.000698,172.217.194.0-255,1484,64301,36,127582
9104,0.00072,172.217.194.0-255,2902,67203,36,127582
9105,0.000724,172.31.33.0-255,66,67269,36,127582
9106,0.000735,172.217.194.0-255,5738,73007,36,127582
9107,0.000738,172.31.33.0-255,66,73073,36,127582
9108,0.000749,172.31.33.0-255,66,73139,36,127582
9109,0.000788,172.217.194.0-255,4320,77459,36,127582
9110,0.000791,172.31.33.0-255,66,77525,36,127582
9111,0.000804,172.31.33.0-255,66,77591,36,127582
9112,0.000824,172.31.33.0-255,66,77657,36,127582
9113,0.000827,172.217.194.0-255,1484,79141,36,127582
9114,0.000873,172.31.33.0-255,66,79207,36,127582
9115,0.000881,172.217.194.0-255,6438,85645,36,127582
9116,0.000884,172.31.33.0-255,66,85711,36,127582
9117,0.000905,172.217.194.0-255,2902,88613,36,127582
9118,0.000909,172.31.33.0-255,66,88679,36,127582
9119,0.000959,172.31.33.0-255,66,88745,36,127582
9120,0.000963,172.217.194.0-255,1484,90229,36,127582
9121,0.000994,172.31.33.0-255,66,90295,36,127582
9122,0.001035,172.31.33.0-255,66,90361,36,127582
9123,0.001038,172.217.194.0-255,1484,91845,36,127582
9124,0.001065,172.31.33.0-255,66,91911,36,127582
9125,0.001077,172.31.33.0-255,66,91977,36,127582
9126,0.001088,172.31.33.0-255,66,92043,36,127582
9127,0.001119,172.217.194.0-255,1484,93527,36,127582
9128,0.001172,172.31.33.0-255,66,93593,36,127582
9129,0.0012,172.217.194.0-255,1484,95077,36,127582
9130,0.001206,172.217.194.0-255,2184,97261,36,127582
9131,0.001209,172.31.33.0-255,66,97327,36,127582
9132,0.001214,172.217.194.0-255,2902,100229,36,127582
9133,0.001216,172.31.33.0-255,66,100295,36,127582
9134,0.001223,172.217.194.0-255,7156,107451,36,127582
9135,0.001226,172.31.33.0-255,66,107517,36,127582
9136,0.001247,172.31.33.0-255,66,107583,36,127582
9137,0.001249,172.217.194.0-255,1484,109067,36,127582
9138,0.001265,172.217.194.0-255,7156,116223,36,127582
9139,0.001268,172.31.33.0-255,66,116289,36,127582
9140,0.001302,172.31.33.0-255,66,116355,36,127582
9141,0.001319,172.31.33.0-255,66,116421,36,127582
9142,0.001325,172.217.194.0-255,6438,122859,36,127582
9143,0.001328,172.31.33.0-255,66,122925,36,127582
9144,0.001375,172.31.33.0-255,66,122991,36,127582
9145,0.001404,172.217.194.0-255,2902,125893,36,127582
9146,0.001408,172.31.33.0-255,66,125959,36,127582
9147,0.001422,172.31.33.0-255,66,126025,36,127582
9148,0.001432,172.31.33.0-255,66,126091,36,127582
9149,0.001457,172.217.194.0-255,1149,127240,36,127582
9150,0.001481,172.217.194.0-255,105,127345,36,127582
9151,0.003362,172.31.33.0-255,66,127411,36,127582
9152,0.003389,172.31.33.0-255,105,127516,36,127582
9153,0.005641,172.217.194.0-255,66,127582,36,127582
9154,0.0,74.125.68.0-255,147,147,36,232506
9155,2.2e-05,172.31.33.0-255,66,213,36,232506
9156,2.9e-05,74.125.68.0-255,1484,1697,36,232506
9157,3.4e-05,172.31.33.0-255,66,1763,36,232506
9158,5.1e-05,74.125.68.0-255,2902,4665,36,232506
9159,5.3e-05,172.31.33.0-255,66,4731,36,232506
9160,7.3e-05,74.125.68.0-255,2902,7633,36,232506
9161,7.5e-05,172.31.33.0-255,66,7699,36,232506
9162,9.4e-05,74.125.68.0-255,1484,9183,36,232506
9163,9.7e-05,172.31.33.0-255,66,9249,36,232506
9164,0.000103,74.125.68.0-255,4866,14115,36,232506
9165,0.000105,172.31.33.0-255,66,14181,36,232506
9166,0.000124,74.125.68.0-255,1484,15665,36,232506
9167,0.000126,172.31.33.0-255,66,15731,36,232506
9168,0.000147,74.125.68.0-255,2902,18633,36,232506
9169,0.00015,172.31.33.0-255,66,18699,36,232506
9170,0.000164,74.125.68.0-255,1484,20183,36,232506
9171,0.000166,172.31.33.0-255,66,20249,36,232506
9172,0.000188,74.125.68.0-255,2902,23151,36,232506
9173,0.000191,172.31.33.0-255,66,23217,36,232506
9174,0.000193,74.125.68.0-255,1484,24701,36,232506
9175,0.000195,172.31.33.0-255,66,24767,36,232506
9176,0.000213,74.125.68.0-255,4320,29087,36,232506
9177,0.000215,172.31.33.0-255,66,29153,36,232506
9178,0.000218,74.125.68.0-255,1484,30637,36,232506
9179,0.00022,172.31.33.0-255,66,30703,36,232506
9180,0.000238,74.125.68.0-255,1484,32187,36,232506
9181,0.00024,172.31.33.0-255,66,32253,36,232506
9182,0.000246,74.125.68.0-255,4320,36573,36,232506
9183,0.000249,172.31.33.0-255,66,36639,36,232506
9184,0.000291,172.31.33.0-255,66,36705,36,232506
9185,0.000335,74.125.68.0-255,2902,39607,36,232506
9186,0.000338,172.31.33.0-255,66,39673,36,232506
9187,0.000341,74.125.68.0-255,766,40439,36,232506
9188,0.000371,74.125.68.0-255,5738,46177,36,232506
9189,0.000374,172.31.33.0-255,66,46243,36,232506
9190,0.000409,74.125.68.0-255,2902,49145,36,232506
9191,0.000412,172.31.33.0-255,66,49211,36,232506
9192,0.000439,172.31.33.0-255,66,49277,36,232506
9193,0.000456,74.125.68.0-255,331,49608,36,232506
9194,0.000574,74.125.68.0-255,1484,51092,36,232506
9195,0.000579,172.31.33.0-255,66,51158,36,232506
9196,0.000592,74.125.68.0-255,2902,54060,36,232506
9197,0.000596,172.31.33.0-255,66,54126,36,232506
9198,0.000619,74.125.68.0-255,2902,57028,36,232506
9199,0.000621,172.31.33.0-255,66,57094,36,232506
9200,0.000626,74.125.68.0-255,4320,61414,36,232506
9201,0.000628,172.31.33.0-255,66,61480,36,232506
9202,0.000646,74.125.68.0-255,1484,62964,36,232506
9203,0.000663,74.125.68.0-255,1484,64448,36,232506
9204,0.000666,172.31.33.0-255,66,64514,36,232506
9205,0.000671,74.125.68.0-255,4320,68834,36,232506
9206,0.000673,172.31.33.0-255,66,68900,36,232506
9207,0.000691,74.125.68.0-255,4320,73220,36,232506
9208,0.000693,172.31.33.0-255,66,73286,36,232506
9209,0.000717,74.125.68.0-255,4320,77606,36,232506
9210,0.00072,172.31.33.0-255,66,77672,36,232506
9211,0.000756,74.125.68.0-255,2902,80574,36,232506
9212,0.000759,172.31.33.0-255,66,80640,36,232506
9213,0.000786,74.125.68.0-255,3602,84242,36,232506
9214,0.000791,172.31.33.0-255,66,84308,36,232506
9215,0.000818,74.125.68.0-255,1484,85792,36,232506
9216,0.000831,74.125.68.0-255,2902,88694,36,232506
9217,0.000833,172.31.33.0-255,66,88760,36,232506
9218,0.000862,74.125.68.0-255,5738,94498,36,232506
9219,0.000865,172.31.33.0-255,66,94564,36,232506
9220,0.00088,74.125.68.0-255,4320,98884,36,232506
9221,0.000883,172.31.33.0-255,66,98950,36,232506
9222,0.000904,74.125.68.0-255,2902,101852,36,232506
9223,0.000907,172.31.33.0-255,66,101918,36,232506
9224,0.000952,172.31.33.0-255,66,101984,36,232506
9225,0.000996,74.125.68.0-255,4320,106304,36,232506
9226,0.000999,172.31.33.0-255,66,106370,36,232506
9227,0.001012,74.125.68.0-255,2184,108554,36,232506
9228,0.001014,172.31.33.0-255,66,108620,36,232506
9229,0.001041,74.125.68.0-255,1484,110104,36,232506
9230,0.00106,74.125.68.0-255,2902,113006,36,232506
9231,0.001063,172.31.33.0-255,66,113072,36,232506
9232,0.001074,74.125.68.0-255,1484,114556,36,232506
9233,0.001092,74.125.68.0-255,4320,118876,36,232506
9234,0.001094,172.31.33.0-255,66,118942,36,232506
9235,0.001119,74.125.68.0-255,2902,121844,36,232506
9236,0.001123,172.31.33.0-255,66,121910,36,232506
9237,0.001145,74.125.68.0-255,7156,129066,36,232506
9238,0.001147,172.31.33.0-255,66,129132,36,232506
9239,0.001181,74.125.68.0-255,1484,130616,36,232506
9240,0.001202,172.31.33.0-255,66,130682,36,232506
9241,0.001217,74.125.68.0-255,3602,134284,36,232506
9242,0.001224,172.31.33.0-255,66,134350,36,232506
9243,0.001332,74.125.68.0-255,1484,135834,36,232506
9244,0.001345,74.125.68.0-255,2902,138736,36,232506
9245,0.001347,172.31.33.0-255,66,138802,36,232506
9246,0.001351,74.125.68.0-255,1484,140286,36,232506
9247,0.00137,74.125.68.0-255,4320,144606,36,232506
9248,0.001372,172.31.33.0-255,66,144672,36,232506
9249,0.001395,74.125.68.0-255,7156,151828,36,232506
9250,0.001433,172.31.33.0-255,66,151894,36,232506
9251,0.001473,172.31.33.0-255,66,151960,36,232506
9252,0.001513,74.125.68.0-255,4320,156280,36,232506
9253,0.001519,172.31.33.0-255,66,156346,36,232506
9254,0.001527,74.125.68.0-255,2184,158530,36,232506
9255,0.001543,172.31.33.0-255,66,158596,36,232506
9256,0.002205,74.125.68.0-255,1484,160080,36,232506
9257,0.002211,74.125.68.0-255,2902,162982,36,232506
9258,0.002214,172.31.33.0-255,66,163048,36,232506
9259,0.002231,74.125.68.0-255,1484,164532,36,232506
9260,0.002245,74.125.68.0-255,2902,167434,36,232506
9261,0.002247,172.31.33.0-255,66,167500,36,232506
9262,0.00225,74.125.68.0-255,1484,168984,36,232506
9263,0.002268,74.125.68.0-255,7156,176140,36,232506
9264,0.002271,172.31.33.0-255,66,176206,36,232506
9265,0.002311,74.125.68.0-255,5738,181944,36,232506
9266,0.002314,172.31.33.0-255,66,182010,36,232506
9267,0.002345,74.125.68.0-255,1484,183494,36,232506
9268,0.002364,74.125.68.0-255,5738,189232,36,232506
9269,0.002367,172.31.33.0-255,66,189298,36,232506
9270,0.0024,74.125.68.0-255,5020,194318,36,232506
9271,0.002402,172.31.33.0-255,66,194384,36,232506
9272,0.002436,74.125.68.0-255,2902,197286,36,232506
9273,0.002438,172.31.33.0-255,66,197352,36,232506
9274,0.002475,172.31.33.0-255,66,197418,36,232506
9275,0.002537,74.125.68.0-255,2902,200320,36,232506
9276,0.004805,74.125.68.0-255,2902,203222,36,232506
9277,0.007853,172.31.33.0-255,66,203288,36,232506
9278,0.007859,172.31.33.0-255,66,203354,36,232506
9279,0.010209,74.125.68.0-255,2902,206256,36,232506
9280,0.010217,172.31.33.0-255,66,206322,36,232506
9281,0.010226,74.125.68.0-255,2902,209224,36,232506
9282,0.010228,172.31.33.0-255,66,209290,36,232506
9283,0.012561,74.125.68.0-255,5738,215028,36,232506
9284,0.01257,172.31.33.0-255,66,215094,36,232506
9285,0.014914,74.125.68.0-255,5738,220832,36,232506
9286,0.014923,172.31.33.0-255,66,220898,36,232506
9287,0.017268,74.125.68.0-255,5738,226636,36,232506
9288,0.017278,172.31.33.0-255,66,226702,36,232506
9289,0.019618,74.125.68.0-255,5738,232440,36,232506
9290,0.019627,172.31.33.0-255,66,232506,36,232506
9291,0.0,74.125.68.0-255,153,153,36,181716
9292,1.3e-05,172.31.33.0-255,66,219,36,181716
9293,1.9e-05,74.125.68.0-255,1484,1703,36,181716
9294,2.3e-05,172.31.33.0-255,66,1769,36,181716
9295,2.8e-05,74.125.68.0-255,2902,4671,36,181716
9296,3.1e-05,172.31.33.0-255,66,4737,36,181716
9297,5.5e-05,74.125.68.0-255,4320,9057,36,181716
9298,5.8e-05,172.31.33.0-255,66,9123,36,181716
9299,7.9e-05,74.125.68.0-255,4857,13980,36,181716
9300,8.2e-05,172.31.33.0-255,66,14046,36,181716
9301,0.000106,74.125.68.0-255,4320,18366,36,181716
9302,0.000108,172.31.33.0-255,66,18432,36,181716
9303,0.000128,74.125.68.0-255,7156,25588,36,181716
9304,0.00013,172.31.33.0-255,66,25654,36,181716
9305,0.000155,74.125.68.0-255,5379,31033,36,181716
9306,0.000157,172.31.33.0-255,66,31099,36,181716
9307,0.000243,74.125.68.0-255,1484,32583,36,181716
9308,0.000247,172.31.33.0-255,66,32649,36,181716
9309,0.000251,74.125.68.0-255,2902,35551,36,181716
9310,0.000253,172.31.33.0-255,66,35617,36,181716
9311,0.000278,74.125.68.0-255,5738,41355,36,181716
9312,0.00028,172.31.33.0-255,66,41421,36,181716
9313,0.000301,74.125.68.0-255,6797,48218,36,181716
9314,0.000303,172.31.33.0-255,66,48284,36,181716
9315,0.000346,74.125.68.0-255,4320,52604,36,181716
9316,0.000349,172.31.33.0-255,66,52670,36,181716
9317,0.000365,74.125.68.0-255,2902,55572,36,181716
9318,0.000366,172.31.33.0-255,66,55638,36,181716
9319,0.000377,172.31.33.0-255,66,55704,36,181716
9320,0.000379,74.125.68.0-255,129,55833,36,181716
9321,0.000381,172.31.33.0-255,66,55899,36,181716
9322,0.000491,74.125.68.0-255,1484,57383,36,181716
9323,0.000504,74.125.68.0-255,2902,60285,36,181716
9324,0.00051,74.125.68.0-255,4320,64605,36,181716
9325,0.000524,74.125.68.0-255,4320,68925,36,181716
9326,0.000546,74.125.68.0-255,1484,70409,36,181716
9327,0.000551,74.125.68.0-255,2902,73311,36,181716
9328,0.000575,74.125.68.0-255,7156,80467,36,181716
9329,0.000587,172.31.33.0-255,66,80533,36,181716
9330,0.000623,74.125.68.0-255,1049,81582,36,181716
9331,0.001239,74.125.68.0-255,1484,83066,36,181716
9332,0.001245,172.31.33.0-255,66,83132,36,181716
9333,0.001251,74.125.68.0-255,2902,86034,36,181716
9334,0.001277,74.125.68.0-255,5738,91772,36,181716
9335,0.001301,74.125.68.0-255,7156,98928,36,181716
9336,0.00132,74.125.68.0-255,4320,103248,36,181716
9337,0.001377,74.125.68.0-255,3602,106850,36,181716
9338,0.001559,74.125.68.0-255,1484,108334,36,181716
9339,0.001564,74.125.68.0-255,2902,111236,36,181716
9340,0.001576,74.125.68.0-255,1484,112720,36,181716
9341,0.001597,74.125.68.0-255,4320,117040,36,181716
9342,0.001632,74.125.68.0-255,5738,122778,36,181716
9343,0.001648,74.125.68.0-255,2902,125680,36,181716
9344,0.001651,74.125.68.0-255,2902,128582,36,181716
9345,0.001675,74.125.68.0-255,7156,135738,36,181716
9346,0.00168,74.125.68.0-255,5020,140758,36,181716
9347,0.002256,74.125.68.0-255,1484,142242,36,181716
9348,0.002266,74.125.68.0-255,1484,143726,36,181716
9349,0.002276,74.125.68.0-255,1484,145210,36,181716
9350,0.002278,74.125.68.0-255,1484,146694,36,181716
9351,0.002286,74.125.68.0-255,1484,148178,36,181716
9352,0.0023,74.125.68.0-255,4320,152498,36,181716
9353,0.002302,74.125.68.0-255,1484,153982,36,181716
9354,0.005659,172.31.33.0-255,66,154048,36,181716
9355,0.007972,74.125.68.0-255,5738,159786,36,181716
9356,0.00798,172.31.33.0-255,66,159852,36,181716
9357,0.010305,74.125.68.0-255,4320,164172,36,181716
9358,0.010312,172.31.33.0-255,66,164238,36,181716
9359,0.010327,74.125.68.0-255,1484,165722,36,181716
9360,0.012634,74.125.68.0-255,4320,170042,36,181716
9361,0.013118,172.31.33.0-255,66,170108,36,181716
9362,0.015452,74.125.68.0-255,5738,175846,36,181716
9363,0.015461,172.31.33.0-255,66,175912,36,181716
9364,0.017768,74.125.68.0-255,5738,181650,36,181716
9365,0.017774,172.31.33.0-255,66,181716,36,181716
9366,0.0,172.253.118.0-255,143,143,36,202638
9367,2.5e-05,172.31.33.0-255,66,209,36,202638
9368,3.2e-05,172.253.118.0-255,1484,1693,36,202638
9369,3.5e-05,172.31.33.0-255,66,1759,36,202638
9370,4e-05,172.253.118.0-255,2902,4661,36,202638
9371,4.2e-05,172.31.33.0-255,66,4727,36,202638
9372,4.6e-05,172.253.118.0-255,2902,7629,36,202638
9373,4.8e-05,172.31.33.0-255,66,7695,36,202638
9374,7.6e-05,172.253.118.0-255,4320,12015,36,202638
9375,7.9e-05,172.31.33.0-255,66,12081,36,202638
9376,8.3e-05,172.253.118.0-255,2095,14176,36,202638
9377,8.4e-05,172.31.33.0-255,66,14242,36,202638
9378,0.000106,172.253.118.0-255,1484,15726,36,202638
9379,0.000108,172.31.33.0-255,66,15792,36,202638
9380,0.000123,172.253.118.0-255,2902,18694,36,202638
9381,0.000126,172.31.33.0-255,66,18760,36,202638
9382,0.000149,172.253.118.0-255,5738,24498,36,202638
9383,0.000151,172.31.33.0-255,66,24564,36,202638
9384,0.000174,172.253.118.0-255,6797,31361,36,202638
9385,0.000176,172.31.33.0-255,66,31427,36,202638
9386,0.000257,172.253.118.0-255,1484,32911,36,202638
9387,0.00026,172.31.33.0-255,66,32977,36,202638
9388,0.000282,172.253.118.0-255,2902,35879,36,202638
9389,0.000285,172.31.33.0-255,66,35945,36,202638
9390,0.00029,172.253.118.0-255,5738,41683,36,202638
9391,0.000294,172.31.33.0-255,66,41749,36,202638
9392,0.000303,172.253.118.0-255,1484,43233,36,202638
9393,0.000305,172.31.33.0-255,66,43299,36,202638
9394,0.000335,172.31.33.0-255,66,43365,36,202638
9395,0.000346,172.31.33.0-255,66,43431,36,202638
9396,0.000349,172.253.118.0-255,1484,44915,36,202638
9397,0.00037,172.253.118.0-255,2841,47756,36,202638
9398,0.000373,172.31.33.0-255,66,47822,36,202638
9399,0.000495,172.253.118.0-255,381,48203,36,202638
9400,0.000669,172.253.118.0-255,1484,49687,36,202638
9401,0.000673,172.31.33.0-255,66,49753,36,202638
9402,0.000679,172.253.118.0-255,2902,52655,36,202638
9403,0.000682,172.31.33.0-255,66,52721,36,202638
9404,0.0007,172.253.118.0-255,5738,58459,36,202638
9405,0.000702,172.31.33.0-255,66,58525,36,202638
9406,0.000706,172.253.118.0-255,2902,61427,36,202638
9407,0.000708,172.31.33.0-255,66,61493,36,202638
9408,0.00074,172.31.33.0-255,66,61559,36,202638
9409,0.000751,172.31.33.0-255,66,61625,36,202638
9410,0.000753,172.253.118.0-255,1125,62750,36,202638
9411,0.001001,172.31.33.0-255,66,62816,36,202638
9412,0.001372,172.253.118.0-255,1484,64300,36,202638
9413,0.001392,172.253.118.0-255,2902,67202,36,202638
9414,0.001396,172.31.33.0-255,66,67268,36,202638
9415,0.001402,172.253.118.0-255,5738,73006,36,202638
9416,0.001404,172.31.33.0-255,66,73072,36,202638
9417,0.001465,172.31.33.0-255,66,73138,36,202638
9418,0.001478,172.253.118.0-255,1484,74622,36,202638
9419,0.001487,172.31.33.0-255,66,74688,36,202638
9420,0.001491,172.253.118.0-255,2184,76872,36,202638
9421,0.001493,172.31.33.0-255,66,76938,36,202638
9422,0.001561,172.253.118.0-255,1484,78422,36,202638
9423,0.001565,172.253.118.0-255,1484,79906,36,202638
9424,0.001568,172.31.33.0-255,66,79972,36,202638
9425,0.001578,172.253.118.0-255,1484,81456,36,202638
9426,0.001581,172.253.118.0-255,1484,82940,36,202638
9427,0.001584,172.31.33.0-255,66,83006,36,202638
9428,0.001596,172.253.118.0-255,4320,87326,36,202638
9429,0.001598,172.31.33.0-255,66,87392,36,202638
9430,0.001604,172.253.118.0-255,7156,94548,36,202638
9431,0.001607,172.31.33.0-255,66,94614,36,202638
9432,0.00164,172.253.118.0-255,2902,97516,36,202638
9433,0.001643,172.31.33.0-255,66,97582,36,202638
9434,0.001668,172.31.33.0-255,66,97648,36,202638
9435,0.001701,172.253.118.0-255,2184,99832,36,202638
9436,0.001704,172.31.33.0-255,66,99898,36,202638
9437,0.001768,172.253.118.0-255,1484,101382,36,202638
9438,0.001783,172.253.118.0-255,2902,104284,36,202638
9439,0.001786,172.31.33.0-255,66,104350,36,202638
9440,0.001806,172.253.118.0-255,4320,108670,36,202638
9441,0.001809,172.31.33.0-255,66,108736,36,202638
9442,0.001818,172.253.118.0-255,4320,113056,36,202638
9443,0.00182,172.31.33.0-255,66,113122,36,202638
9444,0.001831,172.253.118.0-255,4320,117442,36,202638
9445,0.001833,172.31.33.0-255,66,117508,36,202638
9446,0.001836,172.253.118.0-255,1484,118992,36,202638
9447,0.00186,172.31.33.0-255,66,119058,36,202638
9448,0.001893,172.253.118.0-255,2184,121242,36,202638
9449,0.001895,172.31.33.0-255,66,121308,36,202638
9450,0.002051,172.253.118.0-255,1484,122792,36,202638
9451,0.002062,172.253.118.0-255,2902,125694,36,202638
9452,0.002065,172.31.33.0-255,66,125760,36,202638
9453,0.002068,172.253.118.0-255,1484,127244,36,202638
9454,0.002086,172.253.118.0-255,4320,131564,36,202638
9455,0.002089,172.31.33.0-255,66,131630,36,202638
9456,0.002094,172.253.118.0-255,5738,137368,36,202638
9457,0.002096,172.31.33.0-255,66,137434,36,202638
9458,0.002107,172.253.118.0-255,2902,140336,36,202638
9459,0.002109,172.31.33.0-255,66,140402,36,202638
9460,0.002146,172.253.118.0-255,2902,143304,36,202638
9461,0.002148,172.31.33.0-255,66,143370,36,202638
9462,0.002174,172.31.33.0-255,66,143436,36,202638
9463,0.00219,172.253.118.0-255,2184,145620,36,202638
9464,0.002192,172.31.33.0-255,66,145686,36,202638
9465,0.002237,172.253.118.0-255,1484,147170,36,202638
9466,0.00224,172.253.118.0-255,1484,148654,36,202638
9467,0.002242,172.31.33.0-255,66,148720,36,202638
9468,0.002263,172.253.118.0-255,1484,150204,36,202638
9469,0.002269,172.253.118.0-255,5738,155942,36,202638
9470,0.002271,172.31.33.0-255,66,156008,36,202638
9471,0.002292,172.253.118.0-255,4320,160328,36,202638
9472,0.002294,172.31.33.0-255,66,160394,36,202638
9473,0.002325,172.253.118.0-255,1484,161878,36,202638
9474,0.002326,172.31.33.0-255,66,161944,36,202638
9475,0.002351,172.31.33.0-255,66,162010,36,202638
9476,0.004691,172.253.118.0-255,5738,167748,36,202638
9477,0.004708,172.31.33.0-255,66,167814,36,202638
9478,0.007031,172.253.118.0-255,5738,173552,36,202638
9479,0.007051,172.31.33.0-255,66,173618,36,202638
9480,0.009359,172.253.118.0-255,5738,179356,36,202638
9481,0.009378,172.31.33.0-255,66,179422,36,202638
9482,0.011687,172.253.118.0-255,5738,185160,36,202638
9483,0.011704,172.31.33.0-255,66,185226,36,202638
9484,0.014006,172.253.118.0-255,5738,190964,36,202638
9485,0.014012,172.31.33.0-255,66,191030,36,202638
9486,0.016363,172.253.118.0-255,5738,196768,36,202638
9487,0.016368,172.31.33.0-255,66,196834,36,202638
9488,0.018662,172.253.118.0-255,5738,202572,36,202638
9489,0.018669,172.31.33.0-255,66,202638,36,202638
9490,0.0,74.125.130.0-255,160,160,36,219350
9491,2.4e-05,172.31.33.0-255,66,226,36,219350
9492,3e-05,74.125.130.0-255,1484,1710,36,219350
9493,3.3e-05,172.31.33.0-255,66,1776,36,219350
9494,5.6e-05,74.125.130.0-255,2902,4678,36,219350
9495,5.9e-05,172.31.33.0-255,66,4744,36,219350
9496,6.1e-05,74.125.130.0-255,1484,6228,36,219350
9497,6.4e-05,172.31.33.0-255,66,6294,36,219350
9498,7.2e-05,74.125.130.0-255,2902,9196,36,219350
9499,7.5e-05,172.31.33.0-255,66,9262,36,219350
9500,0.000108,74.125.130.0-255,4893,14155,36,219350
9501,0.000112,172.31.33.0-255,66,14221,36,219350
9502,0.000285,74.125.130.0-255,1484,15705,36,219350
9503,0.000289,172.31.33.0-255,66,15771,36,219350
9504,0.000311,74.125.130.0-255,1484,17255,36,219350
9505,0.000314,172.31.33.0-255,66,17321,36,219350
9506,0.00034,74.125.130.0-255,2902,20223,36,219350
9507,0.000344,172.31.33.0-255,66,20289,36,219350
9508,0.00035,74.125.130.0-255,4320,24609,36,219350
9509,0.000352,172.31.33.0-255,66,24675,36,219350
9510,0.000371,74.125.130.0-255,1484,26159,36,219350
9511,0.000374,74.125.130.0-255,1484,27643,36,219350
9512,0.000375,172.31.33.0-255,66,27709,36,219350
9513,0.000378,172.31.33.0-255,66,27775,36,219350
9514,0.000393,74.125.130.0-255,2902,30677,36,219350
9515,0.0004,172.31.33.0-255,66,30743,36,219350
9516,0.000403,74.125.130.0-255,1125,31868,36,219350
9517,0.000406,172.31.33.0-255,66,31934,36,219350
9518,0.000494,74.125.130.0-255,1484,33418,36,219350
9519,0.000497,172.31.33.0-255,66,33484,36,219350
9520,0.000525,74.125.130.0-255,1484,34968,36,219350
9521,0.000528,172.31.33.0-255,66,35034,36,219350
9522,0.000532,74.125.130.0-255,2902,37936,36,219350
9523,0.000535,172.31.33.0-255,66,38002,36,219350
9524,0.00056,74.125.130.0-255,5738,43740,36,219350
9525,0.000563,172.31.33.0-255,66,43806,36,219350
9526,0.000566,74.125.130.0-255,1484,45290,36,219350
9527,0.000594,74.125.130.0-255,1484,46774,36,219350
9528,0.000596,172.31.33.0-255,66,46840,36,219350
9529,0.00062,74.125.130.0-255,1484,48324,36,219350
9530,0.000623,74.125.130.0-255,1125,49449,36,219350
9531,0.000626,172.31.33.0-255,66,49515,36,219350
9532,0.00096,74.125.130.0-255,1484,50999,36,219350
9533,0.001027,74.125.130.0-255,1484,52483,36,219350
9534,0.001031,172.31.33.0-255,66,52549,36,219350
9535,0.001038,74.125.130.0-255,2902,55451,36,219350
9536,0.00104,172.31.33.0-255,66,55517,36,219350
9537,0.00107,74.125.130.0-255,5738,61255,36,219350
9538,0.001072,172.31.33.0-255,66,61321,36,219350
9539,0.001076,74.125.130.0-255,1484,62805,36,219350
9540,0.00108,74.125.130.0-255,2902,65707,36,219350
9541,0.001082,172.31.33.0-255,66,65773,36,219350
9542,0.00112,74.125.130.0-255,2902,68675,36,219350
9543,0.001122,172.31.33.0-255,66,68741,36,219350
9544,0.001139,74.125.130.0-255,2543,71284,36,219350
9545,0.001142,172.31.33.0-255,66,71350,36,219350
9546,0.001148,74.125.130.0-255,5738,77088,36,219350
9547,0.00115,172.31.33.0-255,66,77154,36,219350
9548,0.001172,74.125.130.0-255,1484,78638,36,219350
9549,0.001195,74.125.130.0-255,4320,82958,36,219350
9550,0.001199,172.31.33.0-255,66,83024,36,219350
9551,0.001204,74.125.130.0-255,1125,84149,36,219350
9552,0.00128,74.125.130.0-255,1484,85633,36,219350
9553,0.001284,172.31.33.0-255,66,85699,36,219350
9554,0.001297,74.125.130.0-255,2902,88601,36,219350
9555,0.001302,172.31.33.0-255,66,88667,36,219350
9556,0.001336,74.125.130.0-255,2902,91569,36,219350
9557,0.001339,172.31.33.0-255,66,91635,36,219350
9558,0.001342,74.125.130.0-255,1484,93119,36,219350
9559,0.00136,74.125.130.0-255,2902,96021,36,219350
9560,0.001362,172.31.33.0-255,66,96087,36,219350
9561,0.001374,74.125.130.0-255,2902,98989,36,219350
9562,0.001379,172.31.33.0-255,66,99055,36,219350
9563,0.001408,74.125.130.0-255,3123,102178,36,219350
9564,0.00141,172.31.33.0-255,66,102244,36,219350
9565,0.001481,74.125.130.0-255,1484,103728,36,219350
9566,0.001523,74.125.130.0-255,1484,105212,36,219350
9567,0.001525,172.31.33.0-255,66,105278,36,219350
9568,0.001587,74.125.130.0-255,1484,106762,36,219350
9569,0.001603,74.125.130.0-255,2902,109664,36,219350
9570,0.001605,172.31.33.0-255,66,109730,36,219350
9571,0.001627,74.125.130.0-255,1484,111214,36,219350
9572,0.001641,74.125.130.0-255,2902,114116,36,219350
9573,0.001643,172.31.33.0-255,66,114182,36,219350
9574,0.001682,74.125.130.0-255,4715,118897,36,219350
9575,0.001685,172.31.33.0-255,66,118963,36,219350
9576,0.001935,74.125.130.0-255,1484,120447,36,219350
9577,0.001947,74.125.130.0-255,2902,123349,36,219350
9578,0.001949,172.31.33.0-255,66,123415,36,219350
9579,0.001974,74.125.130.0-255,5738,129153,36,219350
9580,0.001977,172.31.33.0-255,66,129219,36,219350
9581,0.001979,74.125.130.0-255,1484,130703,36,219350
9582,0.002,74.125.130.0-255,2902,133605,36,219350
9583,0.002002,172.31.33.0-255,66,133671,36,219350
9584,0.002028,74.125.130.0-255,5503,139174,36,219350
9585,0.00203,172.31.33.0-255,66,139240,36,219350
9586,0.002049,74.125.130.0-255,1484,140724,36,219350
9587,0.002052,74.125.130.0-255,2902,143626,36,219350
9588,0.002054,172.31.33.0-255,66,143692,36,219350
9589,0.002075,74.125.130.0-255,5738,149430,36,219350
9590,0.002077,172.31.33.0-255,66,149496,36,219350
9591,0.00208,74.125.130.0-255,1484,150980,36,219350
9592,0.002107,74.125.130.0-255,1484,152464,36,219350
9593,0.002109,172.31.33.0-255,66,152530,36,219350
9594,0.002127,74.125.130.0-255,1484,154014,36,219350
9595,0.00214,74.125.130.0-255,1484,155498,36,219350
9596,0.002141,172.31.33.0-255,66,155564,36,219350
9597,0.002145,74.125.130.0-255,2902,158466,36,219350
9598,0.002147,172.31.33.0-255,66,158532,36,219350
9599,0.002172,74.125.130.0-255,5738,164270,36,219350
9600,0.002174,172.31.33.0-255,66,164336,36,219350
9601,0.002177,74.125.130.0-255,1484,165820,36,219350
9602,0.002198,74.125.130.0-255,4320,170140,36,219350
9603,0.0022,172.31.33.0-255,66,170206,36,219350
9604,0.002211,74.125.130.0-255,766,170972,36,219350
9605,0.002359,74.125.130.0-255,1484,172456,36,219350
9606,0.002361,172.31.33.0-255,66,172522,36,219350
9607,0.002364,74.125.130.0-255,1484,174006,36,219350
9608,0.002382,74.125.130.0-255,1484,175490,36,219350
9609,0.002384,172.31.33.0-255,66,175556,36,219350
9610,0.002386,74.125.130.0-255,1484,177040,36,219350
9611,0.002406,74.125.130.0-255,2902,179942,36,219350
9612,0.002408,172.31.33.0-255,66,180008,36,219350
9613,0.00475,74.125.130.0-255,1484,181492,36,219350
9614,0.004766,74.125.130.0-255,2902,184394,36,219350
9615,0.004769,172.31.33.0-255,66,184460,36,219350
9616,0.004786,74.125.130.0-255,1484,185944,36,219350
9617,0.007149,74.125.130.0-255,4320,190264,36,219350
9618,0.007156,172.31.33.0-255,66,190330,36,219350
9619,0.009543,74.125.130.0-255,5738,196068,36,219350
9620,0.00955,172.31.33.0-255,66,196134,36,219350
9621,0.01195,74.125.130.0-255,5738,201872,36,219350
9622,0.011956,172.31.33.0-255,66,201938,36,219350
9623,0.014348,74.125.130.0-255,5738,207676,36,219350
9624,0.014357,172.31.33.0-255,66,207742,36,219350
9625,0.016744,74.125.130.0-255,5738,213480,36,219350
9626,0.016752,172.31.33.0-255,66,213546,36,219350
9627,0.019126,74.125.130.0-255,5738,219284,36,219350
9628,0.019131,172.31.33.0-255,66,219350,36,219350
9629,0.0,74.125.130.0-255,150,150,36,129962
9630,2.4e-05,172.31.33.0-255,66,216,36,129962
9631,3e-05,74.125.130.0-255,1484,1700,36,129962
9632,3.4e-05,172.31.33.0-255,66,1766,36,129962
9633,3.8e-05,74.125.130.0-255,2902,4668,36,129962
9634,4e-05,172.31.33.0-255,66,4734,36,129962
9635,4.3e-05,74.125.130.0-255,1484,6218,36,129962
9636,4.5e-05,172.31.33.0-255,66,6284,36,129962
9637,6.2e-05,74.125.130.0-255,2902,9186,36,129962
9638,6.4e-05,172.31.33.0-255,66,9252,36,129962
9639,8e-05,74.125.130.0-255,5738,14990,36,129962
9640,8.2e-05,172.31.33.0-255,66,15056,36,129962
9641,9.7e-05,74.125.130.0-255,565,15621,36,129962
9642,9.9e-05,172.31.33.0-255,66,15687,36,129962
9643,0.000132,74.125.130.0-255,5738,21425,36,129962
9644,0.000135,172.31.33.0-255,66,21491,36,129962
9645,0.000161,172.31.33.0-255,66,21557,36,129962
9646,0.000241,74.125.130.0-255,1125,22682,36,129962
9647,0.000245,172.31.33.0-255,66,22748,36,129962
9648,0.000257,74.125.130.0-255,1484,24232,36,129962
9649,0.000259,172.31.33.0-255,66,24298,36,129962
9650,0.000264,74.125.130.0-255,2902,27200,36,129962
9651,0.000266,172.31.33.0-255,66,27266,36,129962
9652,0.000286,74.125.130.0-255,1484,28750,36,129962
9653,0.000289,172.31.33.0-255,66,28816,36,129962
9654,0.00032,74.125.130.0-255,2902,31718,36,129962
9655,0.000323,172.31.33.0-255,66,31784,36,129962
9656,0.000342,74.125.130.0-255,7156,38940,36,129962
9657,0.000344,172.31.33.0-255,66,39006,36,129962
9658,0.000391,74.125.130.0-255,4320,43326,36,129962
9659,0.000394,172.31.33.0-255,66,43392,36,129962
9660,0.000413,74.125.130.0-255,5738,49130,36,129962
9661,0.000416,172.31.33.0-255,66,49196,36,129962
9662,0.00044,172.31.33.0-255,66,49262,36,129962
9663,0.000518,74.125.130.0-255,646,49908,36,129962
9664,0.000553,74.125.130.0-255,4320,54228,36,129962
9665,0.000556,172.31.33.0-255,66,54294,36,129962
9666,0.000581,172.31.33.0-255,66,54360,36,129962
9667,0.00067,74.125.130.0-255,7156,61516,36,129962
9668,0.000673,172.31.33.0-255,66,61582,36,129962
9669,0.000697,172.31.33.0-255,66,61648,36,129962
9670,0.000799,74.125.130.0-255,2543,64191,36,129962
9671,0.000802,172.31.33.0-255,66,64257,36,129962
9672,0.000824,74.125.130.0-255,4320,68577,36,129962
9673,0.000827,172.31.33.0-255,66,68643,36,129962
9674,0.00085,172.31.33.0-255,66,68709,36,129962
9675,0.000879,74.125.130.0-255,7156,75865,36,129962
9676,0.000881,172.31.33.0-255,66,75931,36,129962
9677,0.001021,172.31.33.0-255,66,75997,36,129962
9678,0.001099,74.125.130.0-255,5738,81735,36,129962
9679,0.001102,172.31.33.0-255,66,81801,36,129962
9680,0.001122,74.125.130.0-255,7156,88957,36,129962
9681,0.001124,172.31.33.0-255,66,89023,36,129962
9682,0.001206,74.125.130.0-255,4320,93343,36,129962
9683,0.00121,172.31.33.0-255,66,93409,36,129962
9684,0.001239,172.31.33.0-255,66,93475,36,129962
9685,0.001381,74.125.130.0-255,5738,99213,36,129962
9686,0.001384,172.31.33.0-255,66,99279,36,129962
9687,0.001411,172.31.33.0-255,66,99345,36,129962
9688,0.001526,74.125.130.0-255,5738,105083,36,129962
9689,0.001529,172.31.33.0-255,66,105149,36,129962
9690,0.001553,172.31.33.0-255,66,105215,36,129962
9691,0.001677,74.125.130.0-255,5738,110953,36,129962
9692,0.001681,172.31.33.0-255,66,111019,36,129962
9693,0.001717,172.31.33.0-255,66,111085,36,129962
9694,0.001952,172.31.33.0-255,66,111151,36,129962
9695,0.002006,172.31.33.0-255,66,111217,36,129962
9696,0.002366,74.125.130.0-255,4320,115537,36,129962
9697,0.002369,172.31.33.0-255,66,115603,36,129962
9698,0.002399,172.31.33.0-255,66,115669,36,129962
9699,0.002555,74.125.130.0-255,4320,119989,36,129962
9700,0.002557,172.31.33.0-255,66,120055,36,129962
9701,0.002584,172.31.33.0-255,66,120121,36,129962
9702,0.002624,172.31.33.0-255,66,120187,36,129962
9703,0.002636,74.125.130.0-255,3602,123789,36,129962
9704,0.002638,172.31.33.0-255,66,123855,36,129962
9705,0.003035,74.125.130.0-255,5738,129593,36,129962
9706,0.003038,172.31.33.0-255,66,129659,36,129962
9707,0.003071,172.31.33.0-255,66,129725,36,129962
9708,0.003095,172.31.33.0-255,66,129791,36,129962
9709,0.00691,172.31.33.0-255,105,129896,36,129962
9710,0.009408,74.125.130.0-255,66,129962,36,129962
9711,0.0,74.125.24.0-255,154,154,36,172672
9712,2.4e-05,172.31.33.0-255,66,220,36,172672
9713,3e-05,74.125.24.0-255,1484,1704,36,172672
9714,3.4e-05,172.31.33.0-255,66,1770,36,172672
9715,3.8e-05,74.125.24.0-255,2902,4672,36,172672
9716,4e-05,172.31.33.0-255,66,4738,36,172672
9717,7.7e-05,74.125.24.0-255,7156,11894,36,172672
9718,7.9e-05,172.31.33.0-255,66,11960,36,172672
9719,9e-05,74.125.24.0-255,2902,14862,36,172672
9720,9.8e-05,172.31.33.0-255,66,14928,36,172672
9721,0.000127,74.125.24.0-255,1990,16918,36,172672
9722,0.00013,172.31.33.0-255,66,16984,36,172672
9723,0.000136,74.125.24.0-255,5738,22722,36,172672
9724,0.000137,172.31.33.0-255,66,22788,36,172672
9725,0.000154,172.31.33.0-255,66,22854,36,172672
9726,0.000168,172.31.33.0-255,66,22920,36,172672
9727,0.000192,74.125.24.0-255,2902,25822,36,172672
9728,0.000194,172.31.33.0-255,66,25888,36,172672
9729,0.00022,74.125.24.0-255,7156,33044,36,172672
9730,0.000226,172.31.33.0-255,66,33110,36,172672
9731,0.00024,74.125.24.0-255,2902,36012,36,172672
9732,0.000246,172.31.33.0-255,66,36078,36,172672
9733,0.000271,74.125.24.0-255,3961,40039,36,172672
9734,0.000274,172.31.33.0-255,66,40105,36,172672
9735,0.000822,74.125.24.0-255,647,40752,36,172672
9736,0.000827,172.31.33.0-255,66,40818,36,172672
9737,0.000852,74.125.24.0-255,1484,42302,36,172672
9738,0.000856,172.31.33.0-255,66,42368,36,172672
9739,0.000862,74.125.24.0-255,4320,46688,36,172672
9740,0.000864,172.31.33.0-255,66,46754,36,172672
9741,0.00089,74.125.24.0-255,5738,52492,36,172672
9742,0.000893,172.31.33.0-255,66,52558,36,172672
9743,0.000927,74.125.24.0-255,4320,56878,36,172672
9744,0.00093,172.31.33.0-255,66,56944,36,172672
9745,0.00094,172.31.33.0-255,66,57010,36,172672
9746,0.000942,74.125.24.0-255,1484,58494,36,172672
9747,0.000975,74.125.24.0-255,6438,64932,36,172672
9748,0.000978,172.31.33.0-255,66,64998,36,172672
9749,0.001143,74.125.24.0-255,1484,66482,36,172672
9750,0.001149,74.125.24.0-255,2902,69384,36,172672
9751,0.001153,172.31.33.0-255,66,69450,36,172672
9752,0.001187,74.125.24.0-255,5738,75188,36,172672
9753,0.00119,172.31.33.0-255,66,75254,36,172672
9754,0.0012,172.31.33.0-255,66,75320,36,172672
9755,0.001228,74.125.24.0-255,2902,78222,36,172672
9756,0.001232,172.31.33.0-255,66,78288,36,172672
9757,0.001237,74.125.24.0-255,5738,84026,36,172672
9758,0.001239,172.31.33.0-255,66,84092,36,172672
9759,0.001258,74.125.24.0-255,1484,85576,36,172672
9760,0.001272,74.125.24.0-255,3602,89178,36,172672
9761,0.001275,172.31.33.0-255,66,89244,36,172672
9762,0.001457,74.125.24.0-255,1484,90728,36,172672
9763,0.001461,74.125.24.0-255,1484,92212,36,172672
9764,0.001464,172.31.33.0-255,66,92278,36,172672
9765,0.00149,74.125.24.0-255,1484,93762,36,172672
9766,0.001495,74.125.24.0-255,4320,98082,36,172672
9767,0.001497,172.31.33.0-255,66,98148,36,172672
9768,0.001503,74.125.24.0-255,7156,105304,36,172672
9769,0.001505,172.31.33.0-255,66,105370,36,172672
9770,0.00152,74.125.24.0-255,1484,106854,36,172672
9771,0.001535,74.125.24.0-255,1484,108338,36,172672
9772,0.001537,172.31.33.0-255,66,108404,36,172672
9773,0.001571,172.31.33.0-255,66,108470,36,172672
9774,0.001589,74.125.24.0-255,5020,113490,36,172672
9775,0.00159,172.31.33.0-255,66,113556,36,172672
9776,0.001636,74.125.24.0-255,1484,115040,36,172672
9777,0.001639,74.125.24.0-255,1484,116524,36,172672
9778,0.001641,172.31.33.0-255,66,116590,36,172672
9779,0.001666,74.125.24.0-255,1484,118074,36,172672
9780,0.001671,74.125.24.0-255,5738,123812,36,172672
9781,0.001673,172.31.33.0-255,66,123878,36,172672
9782,0.00171,74.125.24.0-255,4320,128198,36,172672
9783,0.001713,172.31.33.0-255,66,128264,36,172672
9784,0.001747,172.31.33.0-255,66,128330,36,172672
9785,0.001762,172.31.33.0-255,66,128396,36,172672
9786,0.001766,74.125.24.0-255,4320,132716,36,172672
9787,0.001768,172.31.33.0-255,66,132782,36,172672
9788,0.001809,172.31.33.0-255,66,132848,36,172672
9789,0.001836,74.125.24.0-255,1484,134332,36,172672
9790,0.001842,74.125.24.0-255,6438,140770,36,172672
9791,0.001844,172.31.33.0-255,66,140836,36,172672
9792,0.001899,74.125.24.0-255,1484,142320,36,172672
9793,0.001917,74.125.24.0-255,2902,145222,36,172672
9794,0.001919,172.31.33.0-255,66,145288,36,172672
9795,0.001937,74.125.24.0-255,2902,148190,36,172672
9796,0.001939,172.31.33.0-255,66,148256,36,172672
9797,0.001971,74.125.24.0-255,2902,151158,36,172672
9798,0.001973,172.31.33.0-255,66,151224,36,172672
9799,0.001994,172.31.33.0-255,66,151290,36,172672
9800,0.002031,172.31.33.0-255,66,151356,36,172672
9801,0.002052,74.125.24.0-255,2902,154258,36,172672
9802,0.002055,172.31.33.0-255,66,154324,36,172672
9803,0.002082,74.125.24.0-255,7156,161480,36,172672
9804,0.002084,172.31.33.0-255,66,161546,36,172672
9805,0.002094,172.31.33.0-255,66,161612,36,172672
9806,0.002119,74.125.24.0-255,2902,164514,36,172672
9807,0.002121,172.31.33.0-255,66,164580,36,172672
9808,0.002176,172.31.33.0-255,66,164646,36,172672
9809,0.002179,172.31.33.0-255,66,164712,36,172672
9810,0.002182,172.31.33.0-255,66,164778,36,172672
9811,0.002206,74.125.24.0-255,5738,170516,36,172672
9812,0.002208,172.31.33.0-255,66,170582,36,172672
9813,0.002234,172.31.33.0-255,66,170648,36,172672
9814,0.002271,172.31.33.0-255,66,170714,36,172672
9815,0.002307,74.125.24.0-255,1484,172198,36,172672
9816,0.00234,172.31.33.0-255,66,172264,36,172672
9817,0.00235,172.31.33.0-255,66,172330,36,172672
9818,0.004614,74.125.24.0-255,105,172435,36,172672
9819,0.004643,172.31.33.0-255,66,172501,36,172672
9820,0.004673,172.31.33.0-255,105,172606,36,172672
9821,0.006945,74.125.24.0-255,66,172672,36,172672
9822,0.0,172.217.194.0-255,153,153,36,174673
9823,2.5e-05,172.31.33.0-255,66,219,36,174673
9824,3.2e-05,172.217.194.0-255,1484,1703,36,174673
9825,3.6e-05,172.31.33.0-255,66,1769,36,174673
9826,4.6e-05,172.217.194.0-255,2902,4671,36,174673
9827,4.8e-05,172.31.33.0-255,66,4737,36,174673
9828,5.2e-05,172.217.194.0-255,2902,7639,36,174673
9829,5.5e-05,172.31.33.0-255,66,7705,36,174673
9830,5.9e-05,172.217.194.0-255,4320,12025,36,174673
9831,6.1e-05,172.31.33.0-255,66,12091,36,174673
9832,9e-05,172.217.194.0-255,2054,14145,36,174673
9833,9.3e-05,172.31.33.0-255,66,14211,36,174673
9834,0.00013,172.217.194.0-255,2902,17113,36,174673
9835,0.000133,172.31.33.0-255,66,17179,36,174673
9836,0.000138,172.217.194.0-255,2902,20081,36,174673
9837,0.000139,172.31.33.0-255,66,20147,36,174673
9838,0.000168,172.217.194.0-255,1484,21631,36,174673
9839,0.00017,172.31.33.0-255,66,21697,36,174673
9840,0.000178,172.31.33.0-255,66,21763,36,174673
9841,0.000239,172.217.194.0-255,1125,22888,36,174673
9842,0.000243,172.31.33.0-255,66,22954,36,174673
9843,0.00049,172.217.194.0-255,1484,24438,36,174673
9844,0.000494,172.31.33.0-255,66,24504,36,174673
9845,0.000505,172.217.194.0-255,2902,27406,36,174673
9846,0.00051,172.31.33.0-255,66,27472,36,174673
9847,0.000514,172.217.194.0-255,1484,28956,36,174673
9848,0.000516,172.31.33.0-255,66,29022,36,174673
9849,0.000538,172.217.194.0-255,4320,33342,36,174673
9850,0.00054,172.31.33.0-255,66,33408,36,174673
9851,0.000552,172.217.194.0-255,5738,39146,36,174673
9852,0.000556,172.31.33.0-255,66,39212,36,174673
9853,0.00057,172.217.194.0-255,2543,41755,36,174673
9854,0.000579,172.31.33.0-255,66,41821,36,174673
9855,0.000595,172.31.33.0-255,66,41887,36,174673
9856,0.000621,172.217.194.0-255,6797,48684,36,174673
9857,0.000626,172.31.33.0-255,66,48750,36,174673
9858,0.000946,172.217.194.0-255,645,49395,36,174673
9859,0.001082,172.217.194.0-255,1484,50879,36,174673
9860,0.001087,172.31.33.0-255,66,50945,36,174673
9861,0.001092,172.217.194.0-255,2902,53847,36,174673
9862,0.001111,172.217.194.0-255,5738,59585,36,174673
9863,0.001155,172.217.194.0-255,2902,62487,36,174673
9864,0.001415,172.217.194.0-255,1484,63971,36,174673
9865,0.00142,172.217.194.0-255,1484,65455,36,174673
9866,0.001428,172.217.194.0-255,1484,66939,36,174673
9867,0.001441,172.217.194.0-255,2902,69841,36,174673
9868,0.001459,172.217.194.0-255,2902,72743,36,174673
9869,0.001464,172.217.194.0-255,5738,78481,36,174673
9870,0.001476,172.217.194.0-255,1484,79965,36,174673
9871,0.001491,172.217.194.0-255,2902,82867,36,174673
9872,0.001516,172.217.194.0-255,2184,85051,36,174673
9873,0.001567,172.217.194.0-255,1484,86535,36,174673
9874,0.00158,172.217.194.0-255,2902,89437,36,174673
9875,0.001601,172.217.194.0-255,2902,92339,36,174673
9876,0.001614,172.217.194.0-255,2902,95241,36,174673
9877,0.001634,172.217.194.0-255,4320,99561,36,174673
9878,0.001654,172.217.194.0-255,5738,105299,36,174673
9879,0.001657,172.217.194.0-255,1484,106783,36,174673
9880,0.001693,172.217.194.0-255,766,107549,36,174673
9881,0.00173,172.217.194.0-255,1484,109033,36,174673
9882,0.001733,172.217.194.0-255,1484,110517,36,174673
9883,0.001748,172.217.194.0-255,2902,113419,36,174673
9884,0.001764,172.217.194.0-255,1484,114903,36,174673
9885,0.001775,172.217.194.0-255,4320,119223,36,174673
9886,0.001779,172.217.194.0-255,4320,123543,36,174673
9887,0.001795,172.217.194.0-255,2902,126445,36,174673
9888,0.001806,172.217.194.0-255,1484,127929,36,174673
9889,0.001835,172.217.194.0-255,766,128695,36,174673
9890,0.002156,172.217.194.0-255,1484,130179,36,174673
9891,0.002159,172.217.194.0-255,1484,131663,36,174673
9892,0.002168,172.217.194.0-255,1484,133147,36,174673
9893,0.002171,172.217.194.0-255,1484,134631,36,174673
9894,0.002184,172.217.194.0-255,4320,138951,36,174673
9895,0.002262,172.217.194.0-255,2184,141135,36,174673
9896,0.005788,172.31.33.0-255,66,141201,36,174673
9897,0.008119,172.217.194.0-255,5738,146939,36,174673
9898,0.008125,172.31.33.0-255,66,147005,36,174673
9899,0.010462,172.217.194.0-255,5738,152743,36,174673
9900,0.010469,172.31.33.0-255,66,152809,36,174673
9901,0.012775,172.217.194.0-255,4320,157129,36,174673
9902,0.012782,172.31.33.0-255,66,157195,36,174673
9903,0.012814,172.217.194.0-255,1484,158679,36,174673
9904,0.01509,172.217.194.0-255,4320,162999,36,174673
9905,0.015098,172.31.33.0-255,66,163065,36,174673
9906,0.017409,172.217.194.0-255,5738,168803,36,174673
9907,0.017458,172.31.33.0-255,66,168869,36,174673
9908,0.019772,172.217.194.0-255,5738,174607,36,174673
9909,0.01978,172.31.33.0-255,66,174673,36,174673
9910,0.0,172.217.160.0-255,153,153,36,127377
9911,1.4e-05,172.31.33.0-255,66,219,36,127377
9912,2.1e-05,172.217.160.0-255,1484,1703,36,127377
9913,2.4e-05,172.31.33.0-255,66,1769,36,127377
9914,3e-05,172.217.160.0-255,2902,4671,36,127377
9915,3.2e-05,172.31.33.0-255,66,4737,36,127377
9916,4.7e-05,172.217.160.0-255,7156,11893,36,127377
9917,5e-05,172.31.33.0-255,66,11959,36,127377
9918,5.3e-05,172.217.160.0-255,1484,13443,36,127377
9919,5.6e-05,172.31.33.0-255,66,13509,36,127377
9920,7.9e-05,172.217.160.0-255,6237,19746,36,127377
9921,8.2e-05,172.31.33.0-255,66,19812,36,127377
9922,0.000109,172.217.160.0-255,4320,24132,36,127377
9923,0.000111,172.31.33.0-255,66,24198,36,127377
9924,0.000138,172.217.160.0-255,6797,30995,36,127377
9925,0.00014,172.31.33.0-255,66,31061,36,127377
9926,0.000156,172.31.33.0-255,66,31127,36,127377
9927,0.000167,172.217.160.0-255,1484,32611,36,127377
9928,0.000168,172.31.33.0-255,66,32677,36,127377
9929,0.000187,172.217.160.0-255,3961,36638,36,127377
9930,0.000192,172.31.33.0-255,66,36704,36,127377
9931,0.000219,172.217.160.0-255,5738,42442,36,127377
9932,0.000221,172.31.33.0-255,66,42508,36,127377
9933,0.000224,172.217.160.0-255,1484,43992,36,127377
9934,0.000226,172.31.33.0-255,66,44058,36,127377
9935,0.000236,172.31.33.0-255,66,44124,36,127377
9936,0.000267,172.217.160.0-255,1431,45555,36,127377
9937,0.000269,172.31.33.0-255,66,45621,36,127377
9938,0.000539,172.217.160.0-255,104,45725,36,127377
9939,0.000543,172.31.33.0-255,66,45791,36,127377
9940,0.000653,172.217.160.0-255,1484,47275,36,127377
9941,0.000658,172.217.160.0-255,2902,50177,36,127377
9942,0.000661,172.31.33.0-255,66,50243,36,127377
9943,0.000665,172.217.160.0-255,1484,51727,36,127377
9944,0.000681,172.217.160.0-255,4320,56047,36,127377
9945,0.000684,172.31.33.0-255,66,56113,36,127377
9946,0.000735,172.31.33.0-255,66,56179,36,127377
9947,0.000738,172.31.33.0-255,66,56245,36,127377
9948,0.00077,172.217.160.0-255,7156,63401,36,127377
9949,0.000774,172.31.33.0-255,66,63467,36,127377
9950,0.000811,172.31.33.0-255,66,63533,36,127377
9951,0.002474,172.217.160.0-255,5738,69271,36,127377
9952,0.002481,172.31.33.0-255,66,69337,36,127377
9953,0.004144,172.217.160.0-255,5738,75075,36,127377
9954,0.004147,172.31.33.0-255,66,75141,36,127377
9955,0.005805,172.217.160.0-255,5738,80879,36,127377
9956,0.00581,172.31.33.0-255,66,80945,36,127377
9957,0.007474,172.217.160.0-255,5738,86683,36,127377
9958,0.00748,172.31.33.0-255,66,86749,36,127377
9959,0.009142,172.217.160.0-255,5738,92487,36,127377
9960,0.009147,172.31.33.0-255,66,92553,36,127377
9961,0.010837,172.217.160.0-255,5738,98291,36,127377
9962,0.010845,172.31.33.0-255,66,98357,36,127377
9963,0.012526,172.217.160.0-255,5738,104095,36,127377
9964,0.012533,172.31.33.0-255,66,104161,36,127377
9965,0.014209,172.217.160.0-255,5738,109899,36,127377
9966,0.014215,172.31.33.0-255,66,109965,36,127377
9967,0.015886,172.217.160.0-255,5738,115703,36,127377
9968,0.015892,172.31.33.0-255,66,115769,36,127377
9969,0.017558,172.217.160.0-255,5738,121507,36,127377
9970,0.017564,172.31.33.0-255,66,121573,36,127377
9971,0.019238,172.217.160.0-255,5738,127311,36,127377
9972,0.019244,172.31.33.0-255,66,127377,36,127377
9973,0.0,74.125.130.0-255,154,154,36,136399
9974,1.5e-05,172.31.33.0-255,66,220,36,136399
9975,2.1e-05,74.125.130.0-255,1484,1704,36,136399
9976,2.6e-05,172.31.33.0-255,66,1770,36,136399
9977,2.9e-05,74.125.130.0-255,1484,3254,36,136399
9978,3.2e-05,172.31.33.0-255,66,3320,36,136399
9979,3.7e-05,74.125.130.0-255,2902,6222,36,136399
9980,4e-05,172.31.33.0-255,66,6288,36,136399
9981,4.6e-05,74.125.130.0-255,5738,12026,36,136399
9982,5e-05,172.31.33.0-255,66,12092,36,136399
9983,5.2e-05,74.125.130.0-255,1484,13576,36,136399
9984,5.4e-05,172.31.33.0-255,66,13642,36,136399
9985,8.7e-05,74.125.130.0-255,540,14182,36,136399
9986,8.9e-05,172.31.33.0-255,66,14248,36,136399
9987,0.00016,74.125.130.0-255,1484,15732,36,136399
9988,0.000164,172.31.33.0-255,66,15798,36,136399
9989,0.000168,74.125.130.0-255,2902,18700,36,136399
9990,0.000171,172.31.33.0-255,66,18766,36,136399
9991,0.000204,74.125.130.0-255,5738,24504,36,136399
9992,0.000207,172.31.33.0-255,66,24570,36,136399
9993,0.000212,74.125.130.0-255,4320,28890,36,136399
9994,0.000214,172.31.33.0-255,66,28956,36,136399
9995,0.000246,74.125.130.0-255,5379,34335,36,136399
9996,0.000249,172.31.33.0-255,66,34401,36,136399
9997,0.000253,74.125.130.0-255,2902,37303,36,136399
9998,0.000255,172.31.33.0-255,66,37369,36,136399
9999,0.000286,74.125.130.0-255,5738,43107,36,136399
10000,0.000289,172.31.33.0-255,66,43173,36,136399
10001,0.000309,74.125.130.0-255,4320,47493,36,136399
10002,0.000311,172.31.33.0-255,66,47559,36,136399
10003,0.000315,74.125.130.0-255,1125,48684,36,136399
10004,0.000317,172.31.33.0-255,66,48750,36,136399
10005,0.000368,74.125.130.0-255,1484,50234,36,136399
10006,0.000374,74.125.130.0-255,2902,53136,36,136399
10007,0.000376,172.31.33.0-255,66,53202,36,136399
10008,0.000398,74.125.130.0-255,5738,58940,36,136399
10009,0.000401,172.31.33.0-255,66,59006,36,136399
10010,0.000406,74.125.130.0-255,4320,63326,36,136399
10011,0.000408,172.31.33.0-255,66,63392,36,136399
10012,0.00042,74.125.130.0-255,2543,65935,36,136399
10013,0.000423,172.31.33.0-255,66,66001,36,136399
10014,0.000434,74.125.130.0-255,376,66377,36,136399
10015,0.001047,172.31.33.0-255,66,66443,36,136399
10016,0.001269,74.125.130.0-255,366,66809,36,136399
10017,0.001312,74.125.130.0-255,1484,68293,36,136399
10018,0.001316,172.31.33.0-255,66,68359,36,136399
10019,0.001323,74.125.130.0-255,2902,71261,36,136399
10020,0.001325,172.31.33.0-255,66,71327,36,136399
10021,0.001354,74.125.130.0-255,5738,77065,36,136399
10022,0.001357,172.31.33.0-255,66,77131,36,136399
10023,0.001362,74.125.130.0-255,2902,80033,36,136399
10024,0.001364,172.31.33.0-255,66,80099,36,136399
10025,0.001377,74.125.130.0-255,2902,83001,36,136399
10026,0.001379,172.31.33.0-255,66,83067,36,136399
10027,0.001385,74.125.130.0-255,4320,87387,36,136399
10028,0.001387,172.31.33.0-255,66,87453,36,136399
10029,0.001405,74.125.130.0-255,2902,90355,36,136399
10030,0.001407,172.31.33.0-255,66,90421,36,136399
10031,0.00141,74.125.130.0-255,1484,91905,36,136399
10032,0.001433,172.31.33.0-255,66,91971,36,136399
10033,0.001448,74.125.130.0-255,766,92737,36,136399
10034,0.003643,74.125.130.0-255,4320,97057,36,136399
10035,0.003649,172.31.33.0-255,66,97123,36,136399
10036,0.005883,74.125.130.0-255,5738,102861,36,136399
10037,0.005888,172.31.33.0-255,66,102927,36,136399
10038,0.008109,74.125.130.0-255,5738,108665,36,136399
10039,0.008115,172.31.33.0-255,66,108731,36,136399
10040,0.010332,74.125.130.0-255,5738,114469,36,136399
10041,0.01034,172.31.33.0-255,66,114535,36,136399
10042,0.012553,74.125.130.0-255,4320,118855,36,136399
10043,0.01256,172.31.33.0-255,66,118921,36,136399
10044,0.012578,74.125.130.0-255,1484,120405,36,136399
10045,0.014777,74.125.130.0-255,4320,124725,36,136399
10046,0.014784,172.31.33.0-255,66,124791,36,136399
10047,0.017008,74.125.130.0-255,5738,130529,36,136399
10048,0.017015,172.31.33.0-255,66,130595,36,136399
10049,0.019236,74.125.130.0-255,5738,136333,36,136399
10050,0.019243,172.31.33.0-255,66,136399,36,136399
10051,0.0,74.125.200.0-255,153,153,36,325774
10052,1.1e-05,172.31.33.0-255,66,219,36,325774
10053,3.8e-05,74.125.200.0-255,1484,1703,36,325774
10054,4.1e-05,172.31.33.0-255,66,1769,36,325774
10055,5.9e-05,74.125.200.0-255,2902,4671,36,325774
10056,6.2e-05,172.31.33.0-255,66,4737,36,325774
10057,8.6e-05,74.125.200.0-255,2902,7639,36,325774
10058,8.8e-05,172.31.33.0-255,66,7705,36,325774
10059,0.00011,74.125.200.0-255,2902,10607,36,325774
10060,0.000113,172.31.33.0-255,66,10673,36,325774
10061,0.000115,74.125.200.0-255,1484,12157,36,325774
10062,0.000117,172.31.33.0-255,66,12223,36,325774
10063,0.000121,74.125.200.0-255,1982,14205,36,325774
10064,0.000123,172.31.33.0-255,66,14271,36,325774
10065,0.000154,74.125.200.0-255,4320,18591,36,325774
10066,0.000156,172.31.33.0-255,66,18657,36,325774
10067,0.000183,74.125.200.0-255,5738,24395,36,325774
10068,0.000185,172.31.33.0-255,66,24461,36,325774
10069,0.000212,74.125.200.0-255,6797,31258,36,325774
10070,0.000214,172.31.33.0-255,66,31324,36,325774
10071,0.000285,74.125.200.0-255,1484,32808,36,325774
10072,0.000288,172.31.33.0-255,66,32874,36,325774
10073,0.000295,74.125.200.0-255,2902,35776,36,325774
10074,0.000297,172.31.33.0-255,66,35842,36,325774
10075,0.000299,74.125.200.0-255,1484,37326,36,325774
10076,0.000305,172.31.33.0-255,66,37392,36,325774
10077,0.000338,74.125.200.0-255,5738,43130,36,325774
10078,0.000341,172.31.33.0-255,66,43196,36,325774
10079,0.000368,74.125.200.0-255,2902,46098,36,325774
10080,0.000371,172.31.33.0-255,66,46164,36,325774
10081,0.000394,74.125.200.0-255,3961,50125,36,325774
10082,0.000397,172.31.33.0-255,66,50191,36,325774
10083,0.000401,74.125.200.0-255,2902,53093,36,325774
10084,0.000403,172.31.33.0-255,66,53159,36,325774
10085,0.000427,74.125.200.0-255,4320,57479,36,325774
10086,0.000429,172.31.33.0-255,66,57545,36,325774
10087,0.000453,74.125.200.0-255,1484,59029,36,325774
10088,0.000468,74.125.200.0-255,1484,60513,36,325774
10089,0.00047,172.31.33.0-255,66,60579,36,325774
10090,0.000491,74.125.200.0-255,1484,62063,36,325774
10091,0.000505,74.125.200.0-255,2902,64965,36,325774
10092,0.000507,172.31.33.0-255,66,65031,36,325774
10093,0.000528,74.125.200.0-255,1438,66469,36,325774
10094,0.00053,74.125.200.0-255,109,66578,36,325774
10095,0.000613,74.125.200.0-255,1484,68062,36,325774
10096,0.000618,172.31.33.0-255,66,68128,36,325774
10097,0.000641,74.125.200.0-255,2902,71030,36,325774
10098,0.000644,172.31.33.0-255,66,71096,36,325774
10099,0.000649,74.125.200.0-255,5738,76834,36,325774
10100,0.000652,172.31.33.0-255,66,76900,36,325774
10101,0.000655,74.125.200.0-255,1484,78384,36,325774
10102,0.000681,74.125.200.0-255,4320,82704,36,325774
10103,0.000683,172.31.33.0-255,66,82770,36,325774
10104,0.000688,74.125.200.0-255,5738,88508,36,325774
10105,0.000691,172.31.33.0-255,66,88574,36,325774
10106,0.000716,74.125.200.0-255,1484,90058,36,325774
10107,0.00072,74.125.200.0-255,1484,91542,36,325774
10108,0.000722,172.31.33.0-255,66,91608,36,325774
10109,0.00075,74.125.200.0-255,7156,98764,36,325774
10110,0.000753,172.31.33.0-255,66,98830,36,325774
10111,0.000757,74.125.200.0-255,2184,101014,36,325774
10112,0.000759,172.31.33.0-255,66,101080,36,325774
10113,0.000795,74.125.200.0-255,330,101410,36,325774
10114,0.00139,172.31.33.0-255,66,101476,36,325774
10115,0.001935,74.125.200.0-255,1484,102960,36,325774
10116,0.001963,74.125.200.0-255,1484,104444,36,325774
10117,0.001967,172.31.33.0-255,66,104510,36,325774
10118,0.002001,74.125.200.0-255,2902,107412,36,325774
10119,0.002004,172.31.33.0-255,66,107478,36,325774
10120,0.002024,74.125.200.0-255,1484,108962,36,325774
10121,0.002061,74.125.200.0-255,2902,111864,36,325774
10122,0.002063,172.31.33.0-255,66,111930,36,325774
10123,0.002097,74.125.200.0-255,1484,113414,36,325774
10124,0.002116,74.125.200.0-255,1484,114898,36,325774
10125,0.002118,172.31.33.0-255,66,114964,36,325774
10126,0.002128,74.125.200.0-255,1484,116448,36,325774
10127,0.002131,74.125.200.0-255,1484,117932,36,325774
10128,0.002135,172.31.33.0-255,66,117998,36,325774
10129,0.002138,74.125.200.0-255,1484,119482,36,325774
10130,0.002175,74.125.200.0-255,5738,125220,36,325774
10131,0.002177,172.31.33.0-255,66,125286,36,325774
10132,0.002202,74.125.200.0-255,4320,129606,36,325774
10133,0.002204,172.31.33.0-255,66,129672,36,325774
10134,0.002209,74.125.200.0-255,4320,133992,36,325774
10135,0.00221,172.31.33.0-255,66,134058,36,325774
10136,0.002213,74.125.200.0-255,1484,135542,36,325774
10137,0.002226,74.125.200.0-255,766,136308,36,325774
10138,0.002228,172.31.33.0-255,66,136374,36,325774
10139,0.002376,74.125.200.0-255,1484,137858,36,325774
10140,0.002393,74.125.200.0-255,2902,140760,36,325774
10141,0.002394,172.31.33.0-255,66,140826,36,325774
10142,0.002418,74.125.200.0-255,5738,146564,36,325774
10143,0.00242,172.31.33.0-255,66,146630,36,325774
10144,0.002422,74.125.200.0-255,1484,148114,36,325774
10145,0.002447,74.125.200.0-255,5738,153852,36,325774
10146,0.002448,172.31.33.0-255,66,153918,36,325774
10147,0.002451,74.125.200.0-255,1484,155402,36,325774
10148,0.002456,74.125.200.0-255,5738,161140,36,325774
10149,0.002458,172.31.33.0-255,66,161206,36,325774
10150,0.002484,74.125.200.0-255,2902,164108,36,325774
10151,0.002486,172.31.33.0-255,66,164174,36,325774
10152,0.002493,74.125.200.0-255,6438,170612,36,325774
10153,0.002494,172.31.33.0-255,66,170678,36,325774
10154,0.002676,74.125.200.0-255,1484,172162,36,325774
10155,0.002679,74.125.200.0-255,2902,175064,36,325774
10156,0.002681,172.31.33.0-255,66,175130,36,325774
10157,0.002705,74.125.200.0-255,2902,178032,36,325774
10158,0.002707,172.31.33.0-255,66,178098,36,325774
10159,0.002754,172.31.33.0-255,66,178164,36,325774
10160,0.002758,74.125.200.0-255,4320,182484,36,325774
10161,0.002759,172.31.33.0-255,66,182550,36,325774
10162,0.002763,74.125.200.0-255,2902,185452,36,325774
10163,0.002765,172.31.33.0-255,66,185518,36,325774
10164,0.002774,74.125.200.0-255,4320,189838,36,325774
10165,0.002776,172.31.33.0-255,66,189904,36,325774
10166,0.002807,74.125.200.0-255,5020,194924,36,325774
10167,0.00281,172.31.33.0-255,66,194990,36,325774
10168,0.002874,74.125.200.0-255,1484,196474,36,325774
10169,0.002887,74.125.200.0-255,1484,197958,36,325774
10170,0.002888,172.31.33.0-255,66,198024,36,325774
10171,0.002909,74.125.200.0-255,2902,200926,36,325774
10172,0.002911,172.31.33.0-255,66,200992,36,325774
10173,0.002927,74.125.200.0-255,2902,203894,36,325774
10174,0.002929,172.31.33.0-255,66,203960,36,325774
10175,0.002942,74.125.200.0-255,2902,206862,36,325774
10176,0.002947,172.31.33.0-255,66,206928,36,325774
10177,0.002953,74.125.200.0-255,5738,212666,36,325774
10178,0.002955,172.31.33.0-255,66,212732,36,325774
10179,0.002976,74.125.200.0-255,7156,219888,36,325774
10180,0.002978,172.31.33.0-255,66,219954,36,325774
10181,0.003011,172.31.33.0-255,66,220020,36,325774
10182,0.003038,74.125.200.0-255,5738,225758,36,325774
10183,0.00304,172.31.33.0-255,66,225824,36,325774
10184,0.003064,74.125.200.0-255,3602,229426,36,325774
10185,0.003066,172.31.33.0-255,66,229492,36,325774
10186,0.003081,74.125.200.0-255,2902,232394,36,325774
10187,0.003084,172.31.33.0-255,66,232460,36,325774
10188,0.003089,74.125.200.0-255,4320,236780,36,325774
10189,0.003091,172.31.33.0-255,66,236846,36,325774
10190,0.0031,172.31.33.0-255,66,236912,36,325774
10191,0.003104,74.125.200.0-255,2902,239814,36,325774
10192,0.003108,74.125.200.0-255,1484,241298,36,325774
10193,0.003112,172.31.33.0-255,66,241364,36,325774
10194,0.003139,74.125.200.0-255,2902,244266,36,325774
10195,0.003143,172.31.33.0-255,66,244332,36,325774
10196,0.003148,74.125.200.0-255,4320,248652,36,325774
10197,0.00315,172.31.33.0-255,66,248718,36,325774
10198,0.003173,74.125.200.0-255,2184,250902,36,325774
10199,0.003176,172.31.33.0-255,66,250968,36,325774
10200,0.003182,74.125.200.0-255,7156,258124,36,325774
10201,0.003184,172.31.33.0-255,66,258190,36,325774
10202,0.003216,74.125.200.0-255,4320,262510,36,325774
10203,0.003219,172.31.33.0-255,66,262576,36,325774
10204,0.003244,74.125.200.0-255,5738,268314,36,325774
10205,0.003247,172.31.33.0-255,66,268380,36,325774
10206,0.003251,74.125.200.0-255,2902,271282,36,325774
10207,0.003253,172.31.33.0-255,66,271348,36,325774
10208,0.003257,74.125.200.0-255,4320,275668,36,325774
10209,0.003259,172.31.33.0-255,66,275734,36,325774
10210,0.003309,74.125.200.0-255,6438,282172,36,325774
10211,0.003313,172.31.33.0-255,66,282238,36,325774
10212,0.003318,74.125.200.0-255,5738,287976,36,325774
10213,0.00332,172.31.33.0-255,66,288042,36,325774
10214,0.003345,74.125.200.0-255,1484,289526,36,325774
10215,0.003349,74.125.200.0-255,1484,291010,36,325774
10216,0.003351,172.31.33.0-255,66,291076,36,325774
10217,0.003383,172.31.33.0-255,66,291142,36,325774
10218,0.003415,172.31.33.0-255,66,291208,36,325774
10219,0.003419,74.125.200.0-255,4320,295528,36,325774
10220,0.003421,172.31.33.0-255,66,295594,36,325774
10221,0.003461,74.125.200.0-255,2902,298496,36,325774
10222,0.003463,172.31.33.0-255,66,298562,36,325774
10223,0.003519,172.31.33.0-255,66,298628,36,325774
10224,0.003542,74.125.200.0-255,5738,304366,36,325774
10225,0.003544,172.31.33.0-255,66,304432,36,325774
10226,0.003547,74.125.200.0-255,3602,308034,36,325774
10227,0.003549,172.31.33.0-255,66,308100,36,325774
10228,0.003554,74.125.200.0-255,7156,315256,36,325774
10229,0.003556,172.31.33.0-255,66,315322,36,325774
10230,0.003582,172.31.33.0-255,66,315388,36,325774
10231,0.00361,172.31.33.0-255,66,315454,36,325774
10232,0.003629,74.125.200.0-255,7156,322610,36,325774
10233,0.003631,172.31.33.0-255,66,322676,36,325774
10234,0.003653,74.125.200.0-255,766,323442,36,325774
10235,0.003675,74.125.200.0-255,1924,325366,36,325774
10236,0.003677,172.31.33.0-255,66,325432,36,325774
10237,0.003703,74.125.200.0-255,105,325537,36,325774
10238,0.01035,172.31.33.0-255,66,325603,36,325774
10239,0.010388,172.31.33.0-255,105,325708,36,325774
10240,0.012365,74.125.200.0-255,66,325774,36,325774
10241,0.0,172.217.194.0-255,152,152,36,211389
10242,3e-05,172.31.33.0-255,66,218,36,211389
10243,3.7e-05,172.217.194.0-255,1484,1702,36,211389
10244,4.2e-05,172.31.33.0-255,66,1768,36,211389
10245,4.6e-05,172.217.194.0-255,2902,4670,36,211389
10246,4.9e-05,172.31.33.0-255,66,4736,36,211389
10247,5.6e-05,172.217.194.0-255,7156,11892,36,211389
10248,6e-05,172.31.33.0-255,66,11958,36,211389
10249,6.4e-05,172.217.194.0-255,1973,13931,36,211389
10250,6.6e-05,172.31.33.0-255,66,13997,36,211389
10251,0.000173,172.217.194.0-255,1484,15481,36,211389
10252,0.000179,172.31.33.0-255,66,15547,36,211389
10253,0.000184,172.217.194.0-255,2902,18449,36,211389
10254,0.000187,172.31.33.0-255,66,18515,36,211389
10255,0.000203,172.217.194.0-255,5738,24253,36,211389
10256,0.000206,172.31.33.0-255,66,24319,36,211389
10257,0.000209,172.217.194.0-255,1484,25803,36,211389
10258,0.000211,172.31.33.0-255,66,25869,36,211389
10259,0.00023,172.217.194.0-255,4320,30189,36,211389
10260,0.000233,172.31.33.0-255,66,30255,36,211389
10261,0.000239,172.217.194.0-255,4320,34575,36,211389
10262,0.000241,172.31.33.0-255,66,34641,36,211389
10263,0.00027,172.31.33.0-255,66,34707,36,211389
10264,0.000282,172.31.33.0-255,66,34773,36,211389
10265,0.000304,172.217.194.0-255,1484,36257,36,211389
10266,0.000307,172.31.33.0-255,66,36323,36,211389
10267,0.000323,172.217.194.0-255,5738,42061,36,211389
10268,0.000326,172.31.33.0-255,66,42127,36,211389
10269,0.00035,172.217.194.0-255,2184,44311,36,211389
10270,0.000354,172.31.33.0-255,66,44377,36,211389
10271,0.000357,172.217.194.0-255,676,45053,36,211389
10272,0.000434,172.217.194.0-255,1484,46537,36,211389
10273,0.000439,172.31.33.0-255,66,46603,36,211389
10274,0.00046,172.217.194.0-255,2902,49505,36,211389
10275,0.000462,172.31.33.0-255,66,49571,36,211389
10276,0.000486,172.217.194.0-255,5738,55309,36,211389
10277,0.00049,172.31.33.0-255,66,55375,36,211389
10278,0.00052,172.31.33.0-255,66,55441,36,211389
10279,0.000542,172.217.194.0-255,2902,58343,36,211389
10280,0.000544,172.31.33.0-255,66,58409,36,211389
10281,0.000551,172.217.194.0-255,5738,64147,36,211389
10282,0.000556,172.31.33.0-255,66,64213,36,211389
10283,0.000579,172.217.194.0-255,5020,69233,36,211389
10284,0.000583,172.31.33.0-255,66,69299,36,211389
10285,0.000697,172.217.194.0-255,1484,70783,36,211389
10286,0.000701,172.217.194.0-255,1484,72267,36,211389
10287,0.000703,172.31.33.0-255,66,72333,36,211389
10288,0.000718,172.217.194.0-255,1484,73817,36,211389
10289,0.000723,172.217.194.0-255,5738,79555,36,211389
10290,0.000725,172.31.33.0-255,66,79621,36,211389
10291,0.00073,172.217.194.0-255,4320,83941,36,211389
10292,0.000734,172.31.33.0-255,66,84007,36,211389
10293,0.000749,172.217.194.0-255,1484,85491,36,211389
10294,0.000752,172.217.194.0-255,1484,86975,36,211389
10295,0.000754,172.31.33.0-255,66,87041,36,211389
10296,0.000782,172.31.33.0-255,66,87107,36,211389
10297,0.000797,172.217.194.0-255,1484,88591,36,211389
10298,0.000803,172.217.194.0-255,5020,93611,36,211389
10299,0.000805,172.31.33.0-255,66,93677,36,211389
10300,0.000832,172.217.194.0-255,5738,99415,36,211389
10301,0.000835,172.31.33.0-255,66,99481,36,211389
10302,0.000879,172.217.194.0-255,7156,106637,36,211389
10303,0.000882,172.31.33.0-255,66,106703,36,211389
10304,0.000896,172.31.33.0-255,66,106769,36,211389
10305,0.000901,172.217.194.0-255,4320,111089,36,211389
10306,0.000905,172.31.33.0-255,66,111155,36,211389
10307,0.000925,172.217.194.0-255,2184,113339,36,211389
10308,0.000929,172.31.33.0-255,66,113405,36,211389
10309,0.001074,172.217.194.0-255,1484,114889,36,211389
10310,0.001088,172.217.194.0-255,2902,117791,36,211389
10311,0.001092,172.31.33.0-255,66,117857,36,211389
10312,0.001098,172.217.194.0-255,5738,123595,36,211389
10313,0.001101,172.31.33.0-255,66,123661,36,211389
10314,0.001117,172.217.194.0-255,2902,126563,36,211389
10315,0.001121,172.31.33.0-255,66,126629,36,211389
10316,0.001152,172.31.33.0-255,66,126695,36,211389
10317,0.001164,172.31.33.0-255,66,126761,36,211389
10318,0.001872,172.217.194.0-255,1484,128245,36,211389
10319,0.001882,172.217.194.0-255,2902,131147,36,211389
10320,0.001886,172.31.33.0-255,66,131213,36,211389
10321,0.001892,172.217.194.0-255,4320,135533,36,211389
10322,0.001894,172.31.33.0-255,66,135599,36,211389
10323,0.001918,172.217.194.0-255,2902,138501,36,211389
10324,0.001921,172.31.33.0-255,66,138567,36,211389
10325,0.001937,172.217.194.0-255,5738,144305,36,211389
10326,0.001939,172.31.33.0-255,66,144371,36,211389
10327,0.001945,172.217.194.0-255,4320,148691,36,211389
10328,0.001947,172.31.33.0-255,66,148757,36,211389
10329,0.00198,172.31.33.0-255,66,148823,36,211389
10330,0.002125,172.217.194.0-255,1484,150307,36,211389
10331,0.002133,172.217.194.0-255,2902,153209,36,211389
10332,0.002136,172.31.33.0-255,66,153275,36,211389
10333,0.002157,172.217.194.0-255,5738,159013,36,211389
10334,0.002159,172.31.33.0-255,66,159079,36,211389
10335,0.002198,172.31.33.0-255,66,159145,36,211389
10336,0.002209,172.31.33.0-255,66,159211,36,211389
10337,0.002214,172.217.194.0-255,2902,162113,36,211389
10338,0.002216,172.31.33.0-255,66,162179,36,211389
10339,0.002243,172.31.33.0-255,66,162245,36,211389
10340,0.002249,172.217.194.0-255,5738,167983,36,211389
10341,0.002251,172.31.33.0-255,66,168049,36,211389
10342,0.002291,172.31.33.0-255,66,168115,36,211389
10343,0.002296,172.217.194.0-255,3602,171717,36,211389
10344,0.002298,172.31.33.0-255,66,171783,36,211389
10345,0.002571,172.217.194.0-255,1484,173267,36,211389
10346,0.002578,172.217.194.0-255,2902,176169,36,211389
10347,0.002583,172.31.33.0-255,66,176235,36,211389
10348,0.004817,172.217.194.0-255,1484,177719,36,211389
10349,0.005119,172.217.194.0-255,4320,182039,36,211389
10350,0.005122,172.31.33.0-255,66,182105,36,211389
10351,0.007648,172.217.194.0-255,2902,185007,36,211389
10352,0.007655,172.31.33.0-255,66,185073,36,211389
10353,0.007675,172.217.194.0-255,2902,187975,36,211389
10354,0.007678,172.31.33.0-255,66,188041,36,211389
10355,0.010216,172.217.194.0-255,2902,190943,36,211389
10356,0.010223,172.31.33.0-255,66,191009,36,211389
10357,0.01024,172.217.194.0-255,2902,193911,36,211389
10358,0.010243,172.31.33.0-255,66,193977,36,211389
10359,0.012758,172.217.194.0-255,5738,199715,36,211389
10360,0.012764,172.31.33.0-255,66,199781,36,211389
10361,0.015303,172.217.194.0-255,5738,205519,36,211389
10362,0.015313,172.31.33.0-255,66,205585,36,211389
10363,0.017902,172.217.194.0-255,5738,211323,36,211389
10364,0.017912,172.31.33.0-255,66,211389,36,211389
10365,0.0,172.31.33.0-255,105,105,36,459
10366,0.0002,172.31.33.0-255,90,195,36,459
10367,0.000209,172.31.33.0-255,66,261,36,459
10368,0.002531,74.125.24.0-255,66,327,36,459
10369,0.002549,74.125.24.0-255,66,393,36,459
10370,0.002563,172.31.33.0-255,66,459,36,459
10371,0.0,172.31.33.0-255,105,105,36,248516
10372,0.000131,172.31.33.0-255,90,195,36,248516
10373,0.000141,172.31.33.0-255,66,261,36,248516
10374,0.002012,74.125.200.0-255,152,413,36,248516
10375,0.002036,172.31.33.0-255,66,479,36,248516
10376,0.002042,74.125.200.0-255,1484,1963,36,248516
10377,0.002046,172.31.33.0-255,66,2029,36,248516
10378,0.002054,74.125.200.0-255,2902,4931,36,248516
10379,0.002058,172.31.33.0-255,66,4997,36,248516
10380,0.002061,74.125.200.0-255,1484,6481,36,248516
10381,0.002063,172.31.33.0-255,66,6547,36,248516
10382,0.002067,74.125.200.0-255,2902,9449,36,248516
10383,0.002069,172.31.33.0-255,66,9515,36,248516
10384,0.002099,74.125.200.0-255,4320,13835,36,248516
10385,0.002102,172.31.33.0-255,66,13901,36,248516
10386,0.002128,74.125.200.0-255,1959,15860,36,248516
10387,0.002131,172.31.33.0-255,66,15926,36,248516
10388,0.002136,74.125.200.0-255,4320,20246,36,248516
10389,0.002139,172.31.33.0-255,66,20312,36,248516
10390,0.002149,74.125.200.0-255,5738,26050,36,248516
10391,0.002151,172.31.33.0-255,66,26116,36,248516
10392,0.002157,74.125.200.0-255,7156,33272,36,248516
10393,0.00216,172.31.33.0-255,66,33338,36,248516
10394,0.002187,74.125.200.0-255,4320,37658,36,248516
10395,0.002194,172.31.33.0-255,66,37724,36,248516
10396,0.002198,74.125.200.0-255,4320,42044,36,248516
10397,0.0022,172.31.33.0-255,66,42110,36,248516
10398,0.002235,74.125.200.0-255,6438,48548,36,248516
10399,0.002238,172.31.33.0-255,66,48614,36,248516
10400,0.002363,74.125.200.0-255,1484,50098,36,248516
10401,0.002367,172.31.33.0-255,66,50164,36,248516
10402,0.002371,74.125.200.0-255,2902,53066,36,248516
10403,0.002373,172.31.33.0-255,66,53132,36,248516
10404,0.002397,74.125.200.0-255,1484,54616,36,248516
10405,0.0024,172.31.33.0-255,66,54682,36,248516
10406,0.002423,74.125.130.0-255,66,54748,36,248516
10407,0.002439,74.125.200.0-255,4320,59068,36,248516
10408,0.002442,172.31.33.0-255,66,59134,36,248516
10409,0.002444,74.125.130.0-255,66,59200,36,248516
10410,0.002464,172.31.33.0-255,66,59266,36,248516
10411,0.00247,74.125.200.0-255,5738,65004,36,248516
10412,0.002473,172.31.33.0-255,66,65070,36,248516
10413,0.002475,74.125.200.0-255,1471,66541,36,248516
10414,0.002647,74.125.200.0-255,1484,68025,36,248516
10415,0.002652,172.31.33.0-255,66,68091,36,248516
10416,0.002655,74.125.200.0-255,1484,69575,36,248516
10417,0.002672,74.125.200.0-255,1484,71059,36,248516
10418,0.002674,172.31.33.0-255,66,71125,36,248516
10419,0.002679,74.125.200.0-255,4320,75445,36,248516
10420,0.00268,172.31.33.0-255,66,75511,36,248516
10421,0.002712,74.125.200.0-255,5738,81249,36,248516
10422,0.002715,172.31.33.0-255,66,81315,36,248516
10423,0.002721,74.125.200.0-255,2902,84217,36,248516
10424,0.002723,172.31.33.0-255,66,84283,36,248516
10425,0.002754,172.31.33.0-255,66,84349,36,248516
10426,0.002759,74.125.200.0-255,4320,88669,36,248516
10427,0.002762,172.31.33.0-255,66,88735,36,248516
10428,0.002807,74.125.200.0-255,3602,92337,36,248516
10429,0.00281,172.31.33.0-255,66,92403,36,248516
10430,0.002813,74.125.200.0-255,331,92734,36,248516
10431,0.003173,74.125.200.0-255,1484,94218,36,248516
10432,0.003179,172.31.33.0-255,66,94284,36,248516
10433,0.003184,74.125.200.0-255,2902,97186,36,248516
10434,0.003186,172.31.33.0-255,66,97252,36,248516
10435,0.003205,74.125.200.0-255,2902,100154,36,248516
10436,0.003207,172.31.33.0-255,66,100220,36,248516
10437,0.003212,74.125.200.0-255,4320,104540,36,248516
10438,0.003213,172.31.33.0-255,66,104606,36,248516
10439,0.003244,172.31.33.0-255,66,104672,36,248516
10440,0.003265,74.125.200.0-255,7156,111828,36,248516
10441,0.003267,172.31.33.0-255,66,111894,36,248516
10442,0.003307,74.125.200.0-255,2902,114796,36,248516
10443,0.003309,172.31.33.0-255,66,114862,36,248516
10444,0.003332,74.125.200.0-255,3602,118464,36,248516
10445,0.003334,172.31.33.0-255,66,118530,36,248516
10446,0.00334,74.125.200.0-255,7156,125686,36,248516
10447,0.003342,172.31.33.0-255,66,125752,36,248516
10448,0.003375,74.125.200.0-255,5738,131490,36,248516
10449,0.003376,172.31.33.0-255,66,131556,36,248516
10450,0.003382,74.125.200.0-255,7156,138712,36,248516
10451,0.003384,172.31.33.0-255,66,138778,36,248516
10452,0.003406,74.125.200.0-255,7156,145934,36,248516
10453,0.003408,172.31.33.0-255,66,146000,36,248516
10454,0.003419,74.125.200.0-255,2902,148902,36,248516
10455,0.003424,172.31.33.0-255,66,148968,36,248516
10456,0.003453,74.125.200.0-255,3602,152570,36,248516
10457,0.003455,172.31.33.0-255,66,152636,36,248516
10458,0.003508,74.125.200.0-255,1484,154120,36,248516
10459,0.00352,74.125.200.0-255,2902,157022,36,248516
10460,0.003522,172.31.33.0-255,66,157088,36,248516
10461,0.003547,74.125.200.0-255,5738,162826,36,248516
10462,0.003549,172.31.33.0-255,66,162892,36,248516
10463,0.003554,74.125.200.0-255,5738,168630,36,248516
10464,0.00357,74.125.200.0-255,1484,170114,36,248516
10465,0.003585,74.125.200.0-255,5738,175852,36,248516
10466,0.003602,74.125.200.0-255,4320,180172,36,248516
10467,0.003624,74.125.200.0-255,6438,186610,36,248516
10468,0.004041,74.125.200.0-255,1484,188094,36,248516
10469,0.004052,74.125.200.0-255,1484,189578,36,248516
10470,0.004062,74.125.200.0-255,1484,191062,36,248516
10471,0.004071,74.125.200.0-255,1484,192546,36,248516
10472,0.004091,74.125.200.0-255,5738,198284,36,248516
10473,0.004107,74.125.200.0-255,2902,201186,36,248516
10474,0.004131,74.125.200.0-255,1484,202670,36,248516
10475,0.004148,74.125.200.0-255,2902,205572,36,248516
10476,0.004159,74.125.200.0-255,4320,209892,36,248516
10477,0.004185,74.125.200.0-255,4320,214212,36,248516
10478,0.004199,74.125.200.0-255,1484,215696,36,248516
10479,0.004212,74.125.200.0-255,2902,218598,36,248516
10480,0.004227,74.125.200.0-255,2184,220782,36,248516
10481,0.006647,172.31.33.0-255,66,220848,36,248516
10482,0.008895,74.125.200.0-255,5738,226586,36,248516
10483,0.008901,172.31.33.0-255,66,226652,36,248516
10484,0.011246,74.125.200.0-255,5738,232390,36,248516
10485,0.011253,172.31.33.0-255,66,232456,36,248516
10486,0.013525,74.125.200.0-255,4320,236776,36,248516
10487,0.013532,172.31.33.0-255,66,236842,36,248516
10488,0.013558,74.125.200.0-255,1484,238326,36,248516
10489,0.015776,74.125.200.0-255,4320,242646,36,248516
10490,0.015786,172.31.33.0-255,66,242712,36,248516
10491,0.018032,74.125.200.0-255,5738,248450,36,248516
10492,0.018039,172.31.33.0-255,66,248516,36,248516
10493,0.0,74.125.68.0-255,152,152,36,213721
10494,2.7e-05,172.31.33.0-255,66,218,36,213721
10495,3.4e-05,74.125.68.0-255,1484,1702,36,213721
10496,3.9e-05,172.31.33.0-255,66,1768,36,213721
10497,6.2e-05,74.125.68.0-255,2902,4670,36,213721
10498,6.5e-05,172.31.33.0-255,66,4736,36,213721
10499,6.9e-05,74.125.68.0-255,2902,7638,36,213721
10500,7.1e-05,172.31.33.0-255,66,7704,36,213721
10501,0.000114,74.125.68.0-255,4320,12024,36,213721
10502,0.000117,172.31.33.0-255,66,12090,36,213721
10503,0.000151,74.125.68.0-255,3394,15484,36,213721
10504,0.000155,172.31.33.0-255,66,15550,36,213721
10505,0.000159,74.125.68.0-255,2902,18452,36,213721
10506,0.000161,172.31.33.0-255,66,18518,36,213721
10507,0.000192,74.125.68.0-255,5738,24256,36,213721
10508,0.000195,172.31.33.0-255,66,24322,36,213721
10509,0.000238,74.125.68.0-255,7156,31478,36,213721
10510,0.000241,172.31.33.0-255,66,31544,36,213721
10511,0.000265,74.125.68.0-255,2902,34446,36,213721
10512,0.000269,172.31.33.0-255,66,34512,36,213721
10513,0.000297,74.125.68.0-255,2902,37414,36,213721
10514,0.000301,172.31.33.0-255,66,37480,36,213721
10515,0.000342,172.31.33.0-255,66,37546,36,213721
10516,0.000457,74.125.68.0-255,2184,39730,36,213721
10517,0.000461,172.31.33.0-255,66,39796,36,213721
10518,0.000472,172.31.33.0-255,66,39862,36,213721
10519,0.000501,74.125.68.0-255,7156,47018,36,213721
10520,0.000504,172.31.33.0-255,66,47084,36,213721
10521,0.000538,74.125.68.0-255,1125,48209,36,213721
10522,0.000543,172.31.33.0-255,66,48275,36,213721
10523,0.000561,74.125.68.0-255,646,48921,36,213721
10524,0.000758,172.31.33.0-255,66,48987,36,213721
10525,0.000795,74.125.68.0-255,1484,50471,36,213721
10526,0.000824,74.125.68.0-255,1484,51955,36,213721
10527,0.000827,172.31.33.0-255,66,52021,36,213721
10528,0.000831,74.125.68.0-255,2902,54923,36,213721
10529,0.000833,172.31.33.0-255,66,54989,36,213721
10530,0.000941,74.125.68.0-255,5738,60727,36,213721
10531,0.000947,172.31.33.0-255,66,60793,36,213721
10532,0.000966,172.31.33.0-255,66,60859,36,213721
10533,0.000981,172.31.33.0-255,66,60925,36,213721
10534,0.001112,74.125.68.0-255,5738,66663,36,213721
10535,0.001117,172.31.33.0-255,66,66729,36,213721
10536,0.001152,172.31.33.0-255,66,66795,36,213721
10537,0.001204,74.125.68.0-255,5738,72533,36,213721
10538,0.001208,172.31.33.0-255,66,72599,36,213721
10539,0.001236,74.125.68.0-255,2902,75501,36,213721
10540,0.001239,172.31.33.0-255,66,75567,36,213721
10541,0.001269,74.125.68.0-255,1484,77051,36,213721
10542,0.001299,172.31.33.0-255,66,77117,36,213721
10543,0.001379,172.31.33.0-255,66,77183,36,213721
10544,0.001407,74.125.68.0-255,2902,80085,36,213721
10545,0.00141,172.31.33.0-255,66,80151,36,213721
10546,0.001459,74.125.68.0-255,1484,81635,36,213721
10547,0.001486,172.31.33.0-255,66,81701,36,213721
10548,0.001512,172.31.33.0-255,66,81767,36,213721
10549,0.001531,74.125.68.0-255,3602,85369,36,213721
10550,0.001534,172.31.33.0-255,66,85435,36,213721
10551,0.001646,74.125.68.0-255,1484,86919,36,213721
10552,0.001666,74.125.68.0-255,2902,89821,36,213721
10553,0.001669,172.31.33.0-255,66,89887,36,213721
10554,0.001687,74.125.68.0-255,1484,91371,36,213721
10555,0.001702,74.125.68.0-255,1484,92855,36,213721
10556,0.001704,172.31.33.0-255,66,92921,36,213721
10557,0.001733,74.125.68.0-255,4320,97241,36,213721
10558,0.001736,172.31.33.0-255,66,97307,36,213721
10559,0.001769,172.31.33.0-255,66,97373,36,213721
10560,0.001831,74.125.68.0-255,5738,103111,36,213721
10561,0.001843,74.125.68.0-255,4320,107431,36,213721
10562,0.001906,74.125.68.0-255,3602,111033,36,213721
10563,0.001934,74.125.68.0-255,4320,115353,36,213721
10564,0.001993,74.125.68.0-255,4320,119673,36,213721
10565,0.002016,74.125.68.0-255,5738,125411,36,213721
10566,0.002057,74.125.68.0-255,1484,126895,36,213721
10567,0.002151,74.125.68.0-255,1484,128379,36,213721
10568,0.00217,74.125.68.0-255,6438,134817,36,213721
10569,0.002215,74.125.68.0-255,1484,136301,36,213721
10570,0.002244,74.125.68.0-255,7156,143457,36,213721
10571,0.002294,74.125.68.0-255,4320,147777,36,213721
10572,0.002339,74.125.68.0-255,1484,149261,36,213721
10573,0.002467,74.125.68.0-255,2902,152163,36,213721
10574,0.002482,74.125.68.0-255,3602,155765,36,213721
10575,0.002513,74.125.68.0-255,2902,158667,36,213721
10576,0.002532,74.125.68.0-255,4320,162987,36,213721
10577,0.002571,74.125.68.0-255,2902,165889,36,213721
10578,0.002708,74.125.68.0-255,2902,168791,36,213721
10579,0.002739,74.125.68.0-255,7156,175947,36,213721
10580,0.002761,74.125.68.0-255,5020,180967,36,213721
10581,0.00292,74.125.68.0-255,2902,183869,36,213721
10582,0.00309,74.125.68.0-255,766,184635,36,213721
10583,0.005251,172.31.33.0-255,66,184701,36,213721
10584,0.007856,74.125.68.0-255,5738,190439,36,213721
10585,0.007862,172.31.33.0-255,66,190505,36,213721
10586,0.010455,74.125.68.0-255,5738,196243,36,213721
10587,0.010461,172.31.33.0-255,66,196309,36,213721
10588,0.013028,74.125.68.0-255,5738,202047,36,213721
10589,0.013035,172.31.33.0-255,66,202113,36,213721
10590,0.015619,74.125.68.0-255,5738,207851,36,213721
10591,0.015629,172.31.33.0-255,66,207917,36,213721
10592,0.018201,74.125.68.0-255,5738,213655,36,213721
10593,0.018208,172.31.33.0-255,66,213721,36,213721
10594,0.0,74.125.130.0-255,143,143,36,209325
10595,2.9e-05,172.31.33.0-255,66,209,36,209325
10596,3.7e-05,74.125.130.0-255,1484,1693,36,209325
10597,4.1e-05,172.31.33.0-255,66,1759,36,209325
10598,4.7e-05,74.125.130.0-255,2902,4661,36,209325
10599,5e-05,172.31.33.0-255,66,4727,36,209325
10600,5.7e-05,74.125.130.0-255,7156,11883,36,209325
10601,6e-05,172.31.33.0-255,66,11949,36,209325
10602,6.4e-05,74.125.130.0-255,1958,13907,36,209325
10603,6.6e-05,172.31.33.0-255,66,13973,36,209325
10604,7e-05,74.125.130.0-255,2902,16875,36,209325
10605,7.2e-05,172.31.33.0-255,66,16941,36,209325
10606,0.000104,74.125.130.0-255,7156,24097,36,209325
10607,0.000107,172.31.33.0-255,66,24163,36,209325
10608,0.00011,74.125.130.0-255,1484,25647,36,209325
10609,0.000111,172.31.33.0-255,66,25713,36,209325
10610,0.000129,74.125.130.0-255,5379,31092,36,209325
10611,0.000132,172.31.33.0-255,66,31158,36,209325
10612,0.000362,74.125.130.0-255,1484,32642,36,209325
10613,0.000367,172.31.33.0-255,66,32708,36,209325
10614,0.000373,74.125.130.0-255,2902,35610,36,209325
10615,0.000374,172.31.33.0-255,66,35676,36,209325
10616,0.000378,74.125.130.0-255,2902,38578,36,209325
10617,0.00038,172.31.33.0-255,66,38644,36,209325
10618,0.000399,74.125.130.0-255,2902,41546,36,209325
10619,0.000401,172.31.33.0-255,66,41612,36,209325
10620,0.000412,74.125.130.0-255,1484,43096,36,209325
10621,0.000414,172.31.33.0-255,66,43162,36,209325
10622,0.000444,172.31.33.0-255,66,43228,36,209325
10623,0.000495,172.31.33.0-255,66,43294,36,209325
10624,0.000498,74.125.130.0-255,677,43971,36,209325
10625,0.000631,74.125.130.0-255,1484,45455,36,209325
10626,0.000634,74.125.130.0-255,1484,46939,36,209325
10627,0.000638,172.31.33.0-255,66,47005,36,209325
10628,0.000646,74.125.130.0-255,1484,48489,36,209325
10629,0.000648,172.31.33.0-255,66,48555,36,209325
10630,0.000654,74.125.130.0-255,5738,54293,36,209325
10631,0.000656,172.31.33.0-255,66,54359,36,209325
10632,0.000665,74.125.130.0-255,1484,55843,36,209325
10633,0.00069,74.125.130.0-255,1484,57327,36,209325
10634,0.000693,172.31.33.0-255,66,57393,36,209325
10635,0.000708,74.125.130.0-255,1484,58877,36,209325
10636,0.000713,74.125.130.0-255,5738,64615,36,209325
10637,0.000716,172.31.33.0-255,66,64681,36,209325
10638,0.000733,74.125.130.0-255,4320,69001,36,209325
10639,0.000735,172.31.33.0-255,66,69067,36,209325
10640,0.000737,74.125.130.0-255,1484,70551,36,209325
10641,0.000761,74.125.130.0-255,4320,74871,36,209325
10642,0.000763,172.31.33.0-255,66,74937,36,209325
10643,0.000783,74.125.130.0-255,3602,78539,36,209325
10644,0.000786,172.31.33.0-255,66,78605,36,209325
10645,0.000817,74.125.130.0-255,1484,80089,36,209325
10646,0.000837,74.125.130.0-255,2902,82991,36,209325
10647,0.00084,172.31.33.0-255,66,83057,36,209325
10648,0.000845,74.125.130.0-255,5738,88795,36,209325
10649,0.000847,172.31.33.0-255,66,88861,36,209325
10650,0.000869,74.125.130.0-255,5738,94599,36,209325
10651,0.000871,172.31.33.0-255,66,94665,36,209325
10652,0.000895,74.125.130.0-255,5738,100403,36,209325
10653,0.000897,172.31.33.0-255,66,100469,36,209325
10654,0.000907,172.31.33.0-255,66,100535,36,209325
10655,0.000931,74.125.130.0-255,3602,104137,36,209325
10656,0.000934,172.31.33.0-255,66,104203,36,209325
10657,0.001029,74.125.130.0-255,1484,105687,36,209325
10658,0.001032,74.125.130.0-255,1484,107171,36,209325
10659,0.001039,172.31.33.0-255,66,107237,36,209325
10660,0.001043,74.125.130.0-255,1484,108721,36,209325
10661,0.001062,74.125.130.0-255,5738,114459,36,209325
10662,0.001064,172.31.33.0-255,66,114525,36,209325
10663,0.001103,74.125.130.0-255,5738,120263,36,209325
10664,0.001107,172.31.33.0-255,66,120329,36,209325
10665,0.001134,74.125.130.0-255,1484,121813,36,209325
10666,0.001138,74.125.130.0-255,2902,124715,36,209325
10667,0.00114,172.31.33.0-255,66,124781,36,209325
10668,0.001161,74.125.130.0-255,4320,129101,36,209325
10669,0.001164,172.31.33.0-255,66,129167,36,209325
10670,0.001175,74.125.130.0-255,1484,130651,36,209325
10671,0.001187,74.125.130.0-255,2902,133553,36,209325
10672,0.00119,172.31.33.0-255,66,133619,36,209325
10673,0.001205,74.125.130.0-255,5020,138639,36,209325
10674,0.001207,172.31.33.0-255,66,138705,36,209325
10675,0.001324,74.125.130.0-255,1484,140189,36,209325
10676,0.001329,74.125.130.0-255,2902,143091,36,209325
10677,0.001332,172.31.33.0-255,66,143157,36,209325
10678,0.001347,74.125.130.0-255,4320,147477,36,209325
10679,0.00135,172.31.33.0-255,66,147543,36,209325
10680,0.001379,172.31.33.0-255,66,147609,36,209325
10681,0.001415,172.31.33.0-255,66,147675,36,209325
10682,0.001437,74.125.130.0-255,5738,153413,36,209325
10683,0.001439,172.31.33.0-255,66,153479,36,209325
10684,0.001442,74.125.130.0-255,766,154245,36,209325
10685,0.002089,74.125.130.0-255,1484,155729,36,209325
10686,0.002093,172.31.33.0-255,66,155795,36,209325
10687,0.002098,74.125.130.0-255,2902,158697,36,209325
10688,0.002099,172.31.33.0-255,66,158763,36,209325
10689,0.002102,74.125.130.0-255,1484,160247,36,209325
10690,0.002123,74.125.130.0-255,4320,164567,36,209325
10691,0.002125,172.31.33.0-255,66,164633,36,209325
10692,0.002128,74.125.130.0-255,1484,166117,36,209325
10693,0.002162,172.31.33.0-255,66,166183,36,209325
10694,0.002165,172.31.33.0-255,66,166249,36,209325
10695,0.002191,74.125.130.0-255,2184,168433,36,209325
10696,0.002193,172.31.33.0-255,66,168499,36,209325
10697,0.004454,74.125.130.0-255,2902,171401,36,209325
10698,0.004461,172.31.33.0-255,66,171467,36,209325
10699,0.004483,74.125.130.0-255,2902,174369,36,209325
10700,0.004486,172.31.33.0-255,66,174435,36,209325
10701,0.006752,74.125.130.0-255,1484,175919,36,209325
10702,0.006774,74.125.130.0-255,4320,180239,36,209325
10703,0.006776,172.31.33.0-255,66,180305,36,209325
10704,0.009081,74.125.130.0-255,5738,186043,36,209325
10705,0.009087,172.31.33.0-255,66,186109,36,209325
10706,0.011394,74.125.130.0-255,5738,191847,36,209325
10707,0.011401,172.31.33.0-255,66,191913,36,209325
10708,0.013699,74.125.130.0-255,5738,197651,36,209325
10709,0.013706,172.31.33.0-255,66,197717,36,209325
10710,0.016,74.125.130.0-255,5738,203455,36,209325
10711,0.016008,172.31.33.0-255,66,203521,36,209325
10712,0.018303,74.125.130.0-255,5738,209259,36,209325
10713,0.01831,172.31.33.0-255,66,209325,36,209325
10714,0.0,74.125.68.0-255,153,153,36,263118
10715,1.9e-05,172.31.33.0-255,66,219,36,263118
10716,2.6e-05,74.125.68.0-255,1484,1703,36,263118
10717,3e-05,172.31.33.0-255,66,1769,36,263118
10718,4.9e-05,74.125.68.0-255,1484,3253,36,263118
10719,5.3e-05,172.31.33.0-255,66,3319,36,263118
10720,5.8e-05,74.125.68.0-255,2902,6221,36,263118
10721,6.1e-05,172.31.33.0-255,66,6287,36,263118
10722,6.6e-05,74.125.68.0-255,2902,9189,36,263118
10723,6.8e-05,172.31.33.0-255,66,9255,36,263118
10724,9.2e-05,74.125.68.0-255,2902,12157,36,263118
10725,9.4e-05,172.31.33.0-255,66,12223,36,263118
10726,0.000111,74.125.68.0-255,1956,14179,36,263118
10727,0.000116,172.31.33.0-255,66,14245,36,263118
10728,0.000209,74.125.68.0-255,1484,15729,36,263118
10729,0.000212,172.31.33.0-255,66,15795,36,263118
10730,0.000217,74.125.68.0-255,2902,18697,36,263118
10731,0.000219,172.31.33.0-255,66,18763,36,263118
10732,0.000239,74.125.68.0-255,1484,20247,36,263118
10733,0.000241,172.31.33.0-255,66,20313,36,263118
10734,0.000261,74.125.68.0-255,4320,24633,36,263118
10735,0.000264,172.31.33.0-255,66,24699,36,263118
10736,0.00029,74.125.68.0-255,1484,26183,36,263118
10737,0.000292,172.31.33.0-255,66,26249,36,263118
10738,0.000312,74.125.68.0-255,5379,31628,36,263118
10739,0.000315,172.31.33.0-255,66,31694,36,263118
10740,0.000344,74.125.68.0-255,7156,38850,36,263118
10741,0.000347,172.31.33.0-255,66,38916,36,263118
10742,0.000349,74.125.68.0-255,1484,40400,36,263118
10743,0.000351,172.31.33.0-255,66,40466,36,263118
10744,0.000384,74.125.68.0-255,2902,43368,36,263118
10745,0.000386,172.31.33.0-255,66,43434,36,263118
10746,0.000392,74.125.68.0-255,5738,49172,36,263118
10747,0.000394,172.31.33.0-255,66,49238,36,263118
10748,0.000398,74.125.68.0-255,2902,52140,36,263118
10749,0.000403,172.31.33.0-255,66,52206,36,263118
10750,0.000423,74.125.68.0-255,4320,56526,36,263118
10751,0.000425,172.31.33.0-255,66,56592,36,263118
10752,0.000463,74.125.68.0-255,1484,58076,36,263118
10753,0.000482,74.125.68.0-255,7156,65232,36,263118
10754,0.000485,172.31.33.0-255,66,65298,36,263118
10755,0.000496,74.125.68.0-255,1111,66409,36,263118
10756,0.000584,74.125.68.0-255,1484,67893,36,263118
10757,0.000587,172.31.33.0-255,66,67959,36,263118
10758,0.000612,74.125.68.0-255,2902,70861,36,263118
10759,0.000615,172.31.33.0-255,66,70927,36,263118
10760,0.000619,74.125.68.0-255,2902,73829,36,263118
10761,0.000621,172.31.33.0-255,66,73895,36,263118
10762,0.000624,74.125.68.0-255,1484,75379,36,263118
10763,0.000653,74.125.68.0-255,2902,78281,36,263118
10764,0.000656,172.31.33.0-255,66,78347,36,263118
10765,0.000665,172.31.33.0-255,66,78413,36,263118
10766,0.000672,74.125.68.0-255,7156,85569,36,263118
10767,0.000674,172.31.33.0-255,66,85635,36,263118
10768,0.000713,74.125.68.0-255,5738,91373,36,263118
10769,0.000716,172.31.33.0-255,66,91439,36,263118
10770,0.000727,74.125.68.0-255,1031,92470,36,263118
10771,0.000949,74.125.68.0-255,1484,93954,36,263118
10772,0.000953,172.31.33.0-255,66,94020,36,263118
10773,0.000956,74.125.68.0-255,1484,95504,36,263118
10774,0.000976,74.125.68.0-255,1484,96988,36,263118
10775,0.000979,172.31.33.0-255,66,97054,36,263118
10776,0.000981,74.125.68.0-255,1484,98538,36,263118
10777,0.000985,74.125.68.0-255,2902,101440,36,263118
10778,0.000987,172.31.33.0-255,66,101506,36,263118
10779,0.000992,74.125.68.0-255,4320,105826,36,263118
10780,0.000993,172.31.33.0-255,66,105892,36,263118
10781,0.001016,74.125.68.0-255,1484,107376,36,263118
10782,0.001022,74.125.68.0-255,5738,113114,36,263118
10783,0.001024,172.31.33.0-255,66,113180,36,263118
10784,0.001055,74.125.68.0-255,7156,120336,36,263118
10785,0.001058,172.31.33.0-255,66,120402,36,263118
10786,0.001063,74.125.68.0-255,4320,124722,36,263118
10787,0.001065,172.31.33.0-255,66,124788,36,263118
10788,0.001092,74.125.68.0-255,2184,126972,36,263118
10789,0.001094,172.31.33.0-255,66,127038,36,263118
10790,0.001621,74.125.68.0-255,1484,128522,36,263118
10791,0.00164,74.125.68.0-255,2902,131424,36,263118
10792,0.001643,172.31.33.0-255,66,131490,36,263118
10793,0.001672,74.125.68.0-255,4320,135810,36,263118
10794,0.001674,172.31.33.0-255,66,135876,36,263118
10795,0.001685,74.125.68.0-255,1484,137360,36,263118
10796,0.001695,74.125.68.0-255,4320,141680,36,263118
10797,0.001697,172.31.33.0-255,66,141746,36,263118
10798,0.00172,74.125.68.0-255,2902,144648,36,263118
10799,0.001722,172.31.33.0-255,66,144714,36,263118
10800,0.001728,74.125.68.0-255,5738,150452,36,263118
10801,0.00173,172.31.33.0-255,66,150518,36,263118
10802,0.001757,74.125.68.0-255,4320,154838,36,263118
10803,0.001759,172.31.33.0-255,66,154904,36,263118
10804,0.001775,74.125.68.0-255,2902,157806,36,263118
10805,0.001777,172.31.33.0-255,66,157872,36,263118
10806,0.001782,74.125.68.0-255,3602,161474,36,263118
10807,0.001784,172.31.33.0-255,66,161540,36,263118
10808,0.001925,74.125.68.0-255,1484,163024,36,263118
10809,0.001941,74.125.68.0-255,2902,165926,36,263118
10810,0.001944,172.31.33.0-255,66,165992,36,263118
10811,0.001985,74.125.68.0-255,1484,167476,36,263118
10812,0.002,74.125.68.0-255,4320,171796,36,263118
10813,0.002003,172.31.33.0-255,66,171862,36,263118
10814,0.00201,74.125.68.0-255,7156,179018,36,263118
10815,0.002012,172.31.33.0-255,66,179084,36,263118
10816,0.002069,74.125.68.0-255,4320,183404,36,263118
10817,0.002071,172.31.33.0-255,66,183470,36,263118
10818,0.002076,74.125.68.0-255,5738,189208,36,263118
10819,0.002078,172.31.33.0-255,66,189274,36,263118
10820,0.002081,74.125.68.0-255,1484,190758,36,263118
10821,0.002092,74.125.68.0-255,2902,193660,36,263118
10822,0.002094,172.31.33.0-255,66,193726,36,263118
10823,0.002111,74.125.68.0-255,1484,195210,36,263118
10824,0.002114,74.125.68.0-255,766,195976,36,263118
10825,0.002115,172.31.33.0-255,66,196042,36,263118
10826,0.002247,74.125.68.0-255,1484,197526,36,263118
10827,0.002261,74.125.68.0-255,2902,200428,36,263118
10828,0.002264,172.31.33.0-255,66,200494,36,263118
10829,0.002267,74.125.68.0-255,1484,201978,36,263118
10830,0.00227,74.125.68.0-255,1484,203462,36,263118
10831,0.002271,172.31.33.0-255,66,203528,36,263118
10832,0.002296,74.125.68.0-255,1484,205012,36,263118
10833,0.002302,74.125.68.0-255,5738,210750,36,263118
10834,0.002304,172.31.33.0-255,66,210816,36,263118
10835,0.002327,74.125.68.0-255,5738,216554,36,263118
10836,0.00233,172.31.33.0-255,66,216620,36,263118
10837,0.002357,74.125.68.0-255,5738,222358,36,263118
10838,0.002359,172.31.33.0-255,66,222424,36,263118
10839,0.002369,172.31.33.0-255,66,222490,36,263118
10840,0.004708,74.125.68.0-255,5738,228228,36,263118
10841,0.004716,172.31.33.0-255,66,228294,36,263118
10842,0.007052,74.125.68.0-255,5738,234032,36,263118
10843,0.007062,172.31.33.0-255,66,234098,36,263118
10844,0.009395,74.125.68.0-255,5738,239836,36,263118
10845,0.009402,172.31.33.0-255,66,239902,36,263118
10846,0.011741,74.125.68.0-255,5738,245640,36,263118
10847,0.011748,172.31.33.0-255,66,245706,36,263118
10848,0.014083,74.125.68.0-255,5738,251444,36,263118
10849,0.01409,172.31.33.0-255,66,251510,36,263118
10850,0.01642,74.125.68.0-255,5738,257248,36,263118
10851,0.016429,172.31.33.0-255,66,257314,36,263118
10852,0.018761,74.125.68.0-255,5738,263052,36,263118
10853,0.018768,172.31.33.0-255,66,263118,36,263118
10854,0.0,172.217.194.0-255,147,147,36,204700
10855,1e-05,172.31.33.0-255,66,213,36,204700
10856,3e-05,172.217.194.0-255,1484,1697,36,204700
10857,3.5e-05,172.31.33.0-255,66,1763,36,204700
10858,4e-05,172.217.194.0-255,2902,4665,36,204700
10859,4.3e-05,172.31.33.0-255,66,4731,36,204700
10860,4.8e-05,172.217.194.0-255,2902,7633,36,204700
10861,5.1e-05,172.31.33.0-255,66,7699,36,204700
10862,6.3e-05,172.217.194.0-255,2902,10601,36,204700
10863,6.5e-05,172.31.33.0-255,66,10667,36,204700
10864,9.2e-05,172.217.194.0-255,1484,12151,36,204700
10865,9.4e-05,172.31.33.0-255,66,12217,36,204700
10866,0.0001,172.217.194.0-255,3481,15698,36,204700
10867,0.000103,172.31.33.0-255,66,15764,36,204700
10868,0.000106,172.217.194.0-255,1484,17248,36,204700
10869,0.000108,172.31.33.0-255,66,17314,36,204700
10870,0.000141,172.217.194.0-255,2902,20216,36,204700
10871,0.000144,172.31.33.0-255,66,20282,36,204700
10872,0.000156,172.31.33.0-255,66,20348,36,204700
10873,0.000164,172.217.194.0-255,1125,21473,36,204700
10874,0.000166,172.31.33.0-255,66,21539,36,204700
10875,0.000241,172.217.194.0-255,1484,23023,36,204700
10876,0.000244,172.31.33.0-255,66,23089,36,204700
10877,0.000248,172.217.194.0-255,1484,24573,36,204700
10878,0.00025,172.31.33.0-255,66,24639,36,204700
10879,0.000273,172.217.194.0-255,1484,26123,36,204700
10880,0.000279,172.31.33.0-255,66,26189,36,204700
10881,0.000286,172.217.194.0-255,5738,31927,36,204700
10882,0.000289,172.31.33.0-255,66,31993,36,204700
10883,0.000338,172.31.33.0-255,66,32059,36,204700
10884,0.000378,172.31.33.0-255,66,32125,36,204700
10885,0.000381,172.217.194.0-255,120,32245,36,204700
10886,0.000414,172.217.194.0-255,1484,33729,36,204700
10887,0.000417,172.31.33.0-255,66,33795,36,204700
10888,0.000422,172.217.194.0-255,2902,36697,36,204700
10889,0.000425,172.31.33.0-255,66,36763,36,204700
10890,0.000455,172.217.194.0-255,7156,43919,36,204700
10891,0.000458,172.31.33.0-255,66,43985,36,204700
10892,0.000465,172.217.194.0-255,5379,49364,36,204700
10893,0.000467,172.31.33.0-255,66,49430,36,204700
10894,0.000506,172.217.194.0-255,4320,53750,36,204700
10895,0.000508,172.31.33.0-255,66,53816,36,204700
10896,0.000535,172.217.194.0-255,1484,55300,36,204700
10897,0.000543,172.217.194.0-255,7156,62456,36,204700
10898,0.000546,172.31.33.0-255,66,62522,36,204700
10899,0.000568,172.217.194.0-255,4270,66792,36,204700
10900,0.000571,172.31.33.0-255,66,66858,36,204700
10901,0.000681,172.217.194.0-255,1484,68342,36,204700
10902,0.000713,172.217.194.0-255,1484,69826,36,204700
10903,0.000716,172.31.33.0-255,66,69892,36,204700
10904,0.000735,172.217.194.0-255,2902,72794,36,204700
10905,0.000738,172.31.33.0-255,66,72860,36,204700
10906,0.000744,172.217.194.0-255,4320,77180,36,204700
10907,0.000746,172.31.33.0-255,66,77246,36,204700
10908,0.000776,172.217.194.0-255,1484,78730,36,204700
10909,0.000783,172.217.194.0-255,5738,84468,36,204700
10910,0.000785,172.31.33.0-255,66,84534,36,204700
10911,0.00079,172.217.194.0-255,2902,87436,36,204700
10912,0.000792,172.31.33.0-255,66,87502,36,204700
10913,0.000832,172.31.33.0-255,66,87568,36,204700
10914,0.000838,172.217.194.0-255,3054,90622,36,204700
10915,0.00084,172.31.33.0-255,66,90688,36,204700
10916,0.00103,172.217.194.0-255,1484,92172,36,204700
10917,0.001036,172.217.194.0-255,2902,95074,36,204700
10918,0.001039,172.31.33.0-255,66,95140,36,204700
10919,0.001045,172.217.194.0-255,2902,98042,36,204700
10920,0.001047,172.31.33.0-255,66,98108,36,204700
10921,0.001068,172.217.194.0-255,2902,101010,36,204700
10922,0.001071,172.31.33.0-255,66,101076,36,204700
10923,0.001078,172.217.194.0-255,7156,108232,36,204700
10924,0.001085,172.31.33.0-255,66,108298,36,204700
10925,0.001122,172.31.33.0-255,66,108364,36,204700
10926,0.001127,172.217.194.0-255,2184,110548,36,204700
10927,0.001129,172.31.33.0-255,66,110614,36,204700
10928,0.00117,172.217.194.0-255,4320,114934,36,204700
10929,0.001173,172.31.33.0-255,66,115000,36,204700
10930,0.001209,172.31.33.0-255,66,115066,36,204700
10931,0.001322,172.217.194.0-255,1484,116550,36,204700
10932,0.001359,172.31.33.0-255,66,116616,36,204700
10933,0.001365,172.31.33.0-255,66,116682,36,204700
10934,0.001385,172.217.194.0-255,2902,119584,36,204700
10935,0.001397,172.31.33.0-255,66,119650,36,204700
10936,0.001719,172.217.194.0-255,1484,121134,36,204700
10937,0.001725,172.217.194.0-255,2902,124036,36,204700
10938,0.001727,172.217.194.0-255,1484,125520,36,204700
10939,0.001739,172.217.194.0-255,4320,129840,36,204700
10940,0.001758,172.217.194.0-255,4320,134160,36,204700
10941,0.001787,172.217.194.0-255,1484,135644,36,204700
10942,0.001809,172.217.194.0-255,7156,142800,36,204700
10943,0.001834,172.217.194.0-255,2184,144984,36,204700
10944,0.001924,172.217.194.0-255,1484,146468,36,204700
10945,0.001942,172.217.194.0-255,2902,149370,36,204700
10946,0.001945,172.217.194.0-255,1484,150854,36,204700
10947,0.001965,172.217.194.0-255,4320,155174,36,204700
10948,0.001968,172.217.194.0-255,1484,156658,36,204700
10949,0.001999,172.217.194.0-255,5738,162396,36,204700
10950,0.002019,172.217.194.0-255,5020,167416,36,204700
10951,0.002062,172.217.194.0-255,1484,168900,36,204700
10952,0.002067,172.217.194.0-255,2902,171802,36,204700
10953,0.002088,172.217.194.0-255,5738,177540,36,204700
10954,0.002093,172.217.194.0-255,5738,183278,36,204700
10955,0.002108,172.217.194.0-255,2902,186180,36,204700
10956,0.00212,172.217.194.0-255,4320,190500,36,204700
10957,0.002161,172.217.194.0-255,1484,191984,36,204700
10958,0.002179,172.217.194.0-255,5738,197722,36,204700
10959,0.002197,172.217.194.0-255,3602,201324,36,204700
10960,0.0022,172.217.194.0-255,1484,202808,36,204700
10961,0.002244,172.217.194.0-255,1484,204292,36,204700
10962,0.004531,172.31.33.0-255,66,204358,36,204700
10963,0.006798,172.217.194.0-255,105,204463,36,204700
10964,0.00749,172.31.33.0-255,66,204529,36,204700
10965,0.007523,172.31.33.0-255,105,204634,36,204700
10966,0.009769,172.217.194.0-255,66,204700,36,204700
10967,0.0,172.31.33.0-255,105,105,36,459
10968,0.000228,172.31.33.0-255,90,195,36,459
10969,0.000237,172.31.33.0-255,66,261,36,459
10970,0.002471,74.125.68.0-255,66,327,36,459
10971,0.002487,74.125.68.0-255,66,393,36,459
10972,0.002499,172.31.33.0-255,66,459,36,459
10973,0.0,172.217.194.0-255,152,152,36,192423
10974,2.3e-05,172.31.33.0-255,66,218,36,192423
10975,4.4e-05,172.217.194.0-255,1484,1702,36,192423
10976,4.9e-05,172.31.33.0-255,66,1768,36,192423
10977,5.3e-05,172.217.194.0-255,2902,4670,36,192423
10978,5.5e-05,172.31.33.0-255,66,4736,36,192423
10979,7.3e-05,172.217.194.0-255,1484,6220,36,192423
10980,7.7e-05,172.31.33.0-255,66,6286,36,192423
10981,0.000105,172.217.194.0-255,5738,12024,36,192423
10982,0.000108,172.31.33.0-255,66,12090,36,192423
10983,0.000111,172.217.194.0-255,2008,14098,36,192423
10984,0.000112,172.31.33.0-255,66,14164,36,192423
10985,0.000184,172.217.194.0-255,1484,15648,36,192423
10986,0.000188,172.31.33.0-255,66,15714,36,192423
10987,0.000212,172.217.194.0-255,2902,18616,36,192423
10988,0.000214,172.31.33.0-255,66,18682,36,192423
10989,0.000219,172.217.194.0-255,4320,23002,36,192423
10990,0.000221,172.31.33.0-255,66,23068,36,192423
10991,0.000256,172.217.194.0-255,2902,25970,36,192423
10992,0.000259,172.31.33.0-255,66,26036,36,192423
10993,0.000291,172.217.194.0-255,6797,32833,36,192423
10994,0.000294,172.31.33.0-255,66,32899,36,192423
10995,0.000304,172.31.33.0-255,66,32965,36,192423
10996,0.000315,172.217.194.0-255,5379,38344,36,192423
10997,0.000317,172.31.33.0-255,66,38410,36,192423
10998,0.000536,172.217.194.0-255,1484,39894,36,192423
10999,0.00054,172.31.33.0-255,66,39960,36,192423
11000,0.000543,172.217.194.0-255,1484,41444,36,192423
11001,0.000545,172.31.33.0-255,66,41510,36,192423
11002,0.000563,172.217.194.0-255,1484,42994,36,192423
11003,0.000565,172.31.33.0-255,66,43060,36,192423
11004,0.000572,172.217.194.0-255,5738,48798,36,192423
11005,0.000574,172.31.33.0-255,66,48864,36,192423
11006,0.000604,172.217.194.0-255,7109,55973,36,192423
11007,0.000607,172.31.33.0-255,66,56039,36,192423
11008,0.001096,172.217.194.0-255,1484,57523,36,192423
11009,0.001106,172.217.194.0-255,2902,60425,36,192423
11010,0.00111,172.31.33.0-255,66,60491,36,192423
11011,0.001113,172.217.194.0-255,1484,61975,36,192423
11012,0.001137,172.217.194.0-255,4320,66295,36,192423
11013,0.001139,172.31.33.0-255,66,66361,36,192423
11014,0.001144,172.217.194.0-255,4320,70681,36,192423
11015,0.001145,172.31.33.0-255,66,70747,36,192423
11016,0.001163,172.217.194.0-255,2819,73566,36,192423
11017,0.001165,172.31.33.0-255,66,73632,36,192423
11018,0.001455,172.217.194.0-255,1484,75116,36,192423
11019,0.00146,172.217.194.0-255,1484,76600,36,192423
11020,0.001463,172.31.33.0-255,66,76666,36,192423
11021,0.001489,172.217.194.0-255,1484,78150,36,192423
11022,0.001495,172.217.194.0-255,5738,83888,36,192423
11023,0.001496,172.31.33.0-255,66,83954,36,192423
11024,0.001509,172.217.194.0-255,4320,88274,36,192423
11025,0.001511,172.31.33.0-255,66,88340,36,192423
11026,0.00154,172.31.33.0-255,66,88406,36,192423
11027,0.001573,172.31.33.0-255,66,88472,36,192423
11028,0.001589,172.217.194.0-255,1484,89956,36,192423
11029,0.001594,172.217.194.0-255,5738,95694,36,192423
11030,0.001596,172.31.33.0-255,66,95760,36,192423
11031,0.001637,172.31.33.0-255,66,95826,36,192423
11032,0.001642,172.217.194.0-255,7156,102982,36,192423
11033,0.001644,172.31.33.0-255,66,103048,36,192423
11034,0.001673,172.31.33.0-255,66,103114,36,192423
11035,0.002584,172.217.194.0-255,1484,104598,36,192423
11036,0.002595,172.217.194.0-255,2902,107500,36,192423
11037,0.002599,172.31.33.0-255,66,107566,36,192423
11038,0.002605,172.217.194.0-255,2902,110468,36,192423
11039,0.002607,172.31.33.0-255,66,110534,36,192423
11040,0.00261,172.217.194.0-255,1484,112018,36,192423
11041,0.002645,172.217.194.0-255,4320,116338,36,192423
11042,0.002648,172.31.33.0-255,66,116404,36,192423
11043,0.002679,172.31.33.0-255,66,116470,36,192423
11044,0.002686,172.217.194.0-255,7156,123626,36,192423
11045,0.002688,172.31.33.0-255,66,123692,36,192423
11046,0.002714,172.217.194.0-255,5020,128712,36,192423
11047,0.002716,172.31.33.0-255,66,128778,36,192423
11048,0.002719,172.217.194.0-255,1484,130262,36,192423
11049,0.002724,172.217.194.0-255,4320,134582,36,192423
11050,0.002726,172.31.33.0-255,66,134648,36,192423
11051,0.00276,172.217.194.0-255,4320,138968,36,192423
11052,0.002762,172.31.33.0-255,66,139034,36,192423
11053,0.002767,172.217.194.0-255,4320,143354,36,192423
11054,0.002769,172.31.33.0-255,66,143420,36,192423
11055,0.002809,172.31.33.0-255,66,143486,36,192423
11056,0.002814,172.217.194.0-255,4320,147806,36,192423
11057,0.002815,172.31.33.0-255,66,147872,36,192423
11058,0.002842,172.217.194.0-255,5738,153610,36,192423
11059,0.002844,172.31.33.0-255,66,153676,36,192423
11060,0.002883,172.31.33.0-255,66,153742,36,192423
11061,0.00289,172.217.194.0-255,7156,160898,36,192423
11062,0.002892,172.31.33.0-255,66,160964,36,192423
11063,0.002928,172.217.194.0-255,7156,168120,36,192423
11064,0.002931,172.31.33.0-255,66,168186,36,192423
11065,0.002941,172.31.33.0-255,66,168252,36,192423
11066,0.00295,172.31.33.0-255,66,168318,36,192423
11067,0.002964,172.31.33.0-255,66,168384,36,192423
11068,0.002987,172.217.194.0-255,6438,174822,36,192423
11069,0.00299,172.31.33.0-255,66,174888,36,192423
11070,0.003038,172.31.33.0-255,66,174954,36,192423
11071,0.003065,172.31.33.0-255,66,175020,36,192423
11072,0.003077,172.31.33.0-255,66,175086,36,192423
11073,0.003097,172.31.33.0-255,66,175152,36,192423
11074,0.003137,172.217.194.0-255,6438,181590,36,192423
11075,0.003139,172.31.33.0-255,66,181656,36,192423
11076,0.003154,172.31.33.0-255,66,181722,36,192423
11077,0.00316,172.217.194.0-255,7156,188878,36,192423
11078,0.003163,172.31.33.0-255,66,188944,36,192423
11079,0.003204,172.31.33.0-255,66,189010,36,192423
11080,0.003214,172.31.33.0-255,66,189076,36,192423
11081,0.003246,172.217.194.0-255,2184,191260,36,192423
11082,0.003249,172.31.33.0-255,66,191326,36,192423
11083,0.003252,172.217.194.0-255,755,192081,36,192423
11084,0.003255,172.217.194.0-255,105,192186,36,192423
11085,0.008378,172.31.33.0-255,66,192252,36,192423
11086,0.008403,172.31.33.0-255,105,192357,36,192423
11087,0.010443,172.217.194.0-255,66,192423,36,192423
11088,0.0,172.31.33.0-255,105,105,36,342
11089,0.001731,157.240.7.0-255,66,171,36,342
11090,0.001757,157.240.7.0-255,105,276,36,342
11091,0.001761,172.31.33.0-255,66,342,36,342
